ID,insum,outsum,diff
100000001,540,895,-355
100000002,3581,849,2732
100000003,5619,2951,2668
100000004,1519,800,719
100000005,1699,3701,-2002
100000006,483,108,375
100000007,1689,531,1158
100000008,166,727,-561
100000009,318,205,113
100000010,24,46,-22
100000011,532,46,486
100000012,80,846,-766
100000013,20,233,-213
100000014,266,385,-119
100000015,1563,1371,192
100000016,1054,1826,-772
100000017,814,1185,-371
100000018,1289,525,764
100000019,4871,1887,2984
100000020,2073,4295,-2222
100000021,7542,2805,4737
100000022,1764,949,815
100000023,6964,1414,5550
100000025,3214,623,2591
100000028,1821,941,880
100000029,176,242,-66
100000030,520,63,457
100000031,5749,5461,288
100000032,2356,2983,-627
100000033,850,2298,-1448
100000034,934,337,597
100000035,1737,853,884
100000036,2872,1039,1833
100000037,437,523,-86
100000038,1273,876,397
100000039,826,155,671
100000040,143,120,23
100000041,744,381,363
100000042,1024,322,702
100000043,735,293,442
100000044,362,788,-426
100000045,462,1747,-1285
100000046,937,1697,-760
100000047,373,935,-562
100000048,579,767,-188
100000049,2014,3008,-994
100000051,484,1304,-820
100000053,42,3,39
100000054,178,30,148
100000055,635,197,438
100000056,251,620,-369
100000057,1681,858,823
100000058,811,1633,-822
100000059,5,125,-120
100000060,254,352,-98
100000061,1723,558,1165
100000062,1310,557,753
100000063,403,283,120
100000064,1017,394,623
100000065,395,1149,-754
100000066,240,1162,-922
100000067,417,1226,-809
100000068,553,2167,-1614
100000069,337,2068,-1731
100000072,441,1396,-955
100000073,1309,1497,-188
100000075,501,313,188
100000076,2189,2196,-7
100000077,644,145,499
100000078,95,46,49
100000079,46,55,-9
100000080,20,13,7
100000081,69,67,2
100000102,4594,1302,3292
100000103,3864,892,2972
100000104,5112,1561,3551
100000105,3634,874,2760
100000106,3228,1829,1399
100000107,739,464,275
100000108,1018,965,53
100000109,4607,1152,3455
100000116,1761,853,908
100000117,77,40,37
100000118,1425,1021,404
100000119,724,502,222
100000121,241,573,-332
100000122,1926,845,1081
100000123,3337,5214,-1877
100000124,6273,7822,-1549
100000125,3400,1056,2344
100000126,738,271,467
100000127,1856,340,1516
100000128,1350,1776,-426
100000129,677,357,320
100000130,291,640,-349
100000131,3346,3387,-41
100000132,1479,2682,-1203
100000133,7556,3439,4117
100000135,519,768,-249
100000139,347,285,62
100000140,304,260,44
100000142,385,509,-124
100000143,797,589,208
100000144,5237,914,4323
100000147,927,2261,-1334
100000150,25,452,-427
100000151,875,670,205
100000153,581,356,225
100000154,168,126,42
100000155,11,30,-19
100000156,84,87,-3
100000157,20,257,-237
100000158,97,132,-35
100000159,536,435,101
100000165,1291,751,540
100000169,829,409,420
100000174,2011,459,1552
100000179,95,533,-438
100000180,1535,1532,3
100000181,95,346,-251
100000188,69,525,-456
100000189,885,321,564
100000190,551,380,171
100000191,714,417,297
100000192,69,121,-52
100000193,137,125,12
100000330,2021,737,1284
100000355,142,639,-497
100000362,5391,3779,1612
100000363,2398,3640,-1242
100000364,581,155,426
100000365,3856,7866,-4010
100000366,5027,2328,2699
100000367,3594,4409,-815
100000368,2024,1774,250
100000369,1140,1490,-350
100000370,163,372,-209
100000376,54,75,-21
100000379,3293,1427,1866
100000380,4420,2183,2237
100000384,6494,3295,3199
100000385,6391,3827,2564
100000386,9421,4274,5147
100000387,7954,4593,3361
100000388,9456,6662,2794
100000389,9934,5992,3942
100000390,10602,4270,6332
100000391,8193,6229,1964
100000392,4967,2009,2958
100000393,2489,2343,146
100000394,9303,4634,4669
100000395,5469,1578,3891
100000396,5908,2114,3794
100000397,3326,2076,1250
100000398,11669,8138,3531
100900002,20,78,-58
100900003,257,114,143
100900004,25,937,-912
100900005,71,9,62
100900006,16,315,-299
100900007,776,9,767
100900008,3,480,-477
100900009,40,41,-1
100900010,49,199,-150
100900011,94,459,-365
100900012,4,254,-250
100900013,468,2,466
100900014,1,27,-26
100900015,109,186,-77
100900016,0,51,-51
100900017,829,74,755
100900018,0,10,-10
100900019,35,73,-38
100900020,320,3,317
100900021,325,3,322
100900022,6,14,-8
100900023,3,18,-15
100900024,944,4,940
100900025,9,26,-17
100900026,81,195,-114
100900027,597,2614,-2017
100900028,113,210,-97
100900029,89,16,73
100900030,4,46,-42
100900031,321,128,193
100900032,245,0,245
100900033,218,158,60
100900034,298,0,298
100900035,589,1,588
100900036,15,3,12
100900037,79,351,-272
100900038,92,12,80
100900039,336,626,-290
100900040,281,877,-596
100900041,384,1202,-818
100900042,657,347,310
100900043,1,17,-16
100900044,3590,507,3083
100900045,39,0,39
100900046,941,10,931
100900047,862,131,731
100900048,147,23,124
100900049,59,290,-231
100900050,2,31,-29
100900051,89,66,23
100900052,381,27,354
100900053,295,31,264
100900054,1,123,-122
100900055,252,449,-197
100900056,72,256,-184
100900057,920,943,-23
100900058,258,30,228
100900059,73,5,68
100900060,86,12,74
100900061,322,382,-60
100900062,3,78,-75
100900063,153,417,-264
100900064,636,13,623
100900065,100,71,29
100900066,45,85,-40
100900067,0,10,-10
100900068,72,188,-116
100900069,582,10,572
100900070,250,6,244
100900071,766,442,324
100900072,0,57,-57
100900073,63,763,-700
100900074,1,13,-12
100900075,2787,438,2349
100900076,24,97,-73
100900077,6,193,-187
100900078,67,342,-275
100900079,13,24,-11
100900080,18,237,-219
100900081,23,125,-102
100900082,60,803,-743
100900083,3,37,-34
100900085,3,102,-99
100900086,159,756,-597
100900088,74,873,-799
100900089,2,26,-24
100900090,96,487,-391
100900091,1,36,-35
100900092,267,158,109
100900093,243,179,64
100900094,115,900,-785
100900095,3,39,-36
100900096,44,129,-85
100900097,1,14,-13
100900098,8,22,-14
100900099,34,790,-756
100900100,7,357,-350
100900101,479,36,443
100900102,89,43,46
100900103,4,19,-15
100900104,16,222,-206
100900105,14,131,-117
100900106,51,0,51
100900107,2311,690,1621
100900108,1,11,-10
100900109,6,22,-16
100900110,12,66,-54
100900111,48,246,-198
100900112,2,6,-4
100900113,7,18,-11
100900114,4,17,-13
100900115,0,46,-46
100900116,693,712,-19
100900117,263,733,-470
100900118,169,117,52
100900119,2,23,-21
100900120,0,23,-23
100900121,265,539,-274
100900122,129,211,-82
100900123,73,143,-70
100900124,6,5,1
100900125,14,131,-117
100900126,96,231,-135
100900127,0,3,-3
100900128,96,185,-89
100900129,0,134,-134
100900131,67,230,-163
100900133,37,46,-9
100900134,0,2,-2
100900135,1,149,-148
100900137,409,197,212
100900138,480,405,75
100900139,8,5,3
100900140,5,1106,-1101
100900141,4,427,-423
100900142,4,10,-6
100900143,845,381,464
100900144,10,5,5
100900145,29,179,-150
100900146,1,27,-26
100900147,11,294,-283
100900148,50,1342,-1292
100900149,17,108,-91
100900150,3,25,-22
100900151,103,727,-624
100900152,112,5,107
100900153,1,152,-151
100900154,6,29,-23
100900155,8,12,-4
100900156,51,2,49
100900157,3,133,-130
100900158,1109,355,754
100900159,1,26,-25
100900160,18,26,-8
100900161,155,11,144
100900162,19,197,-178
100900163,144,292,-148
100900164,45,36,9
100900165,44,37,7
100900166,38,8,30
100900167,15,160,-145
100900168,23,134,-111
100900169,194,1204,-1010
100900170,22,20,2
100900171,22,850,-828
100900172,2,12,-10
100900173,12,786,-774
100900174,247,55,192
100900176,1479,211,1268
100900177,1177,419,758
100900178,420,207,213
100900179,118,72,46
100900180,0,2,-2
100900181,53,38,15
100900182,30,23,7
100900184,6,161,-155
100900186,1157,606,551
100900187,8,221,-213
100900188,38,18,20
100900189,1061,194,867
100900191,1627,907,720
100900192,317,216,101
100900195,87,162,-75
100900197,22,155,-133
100900198,30,429,-399
100900199,25,20,5
100900200,613,410,203
100900201,72,1227,-1155
100900202,4,0,4
100900203,0,70,-70
100900204,254,306,-52
100900205,128,432,-304
100900206,123,47,76
100900207,176,87,89
100900210,56,947,-891
100900211,394,119,275
100900213,28,31,-3
100900214,1009,81,928
100900215,6,51,-45
101000001,4772,1882,2890
101000002,4135,4557,-422
101000003,966,2019,-1053
101000004,10808,8207,2601
101000005,5762,5500,262
101000006,9513,7507,2006
101000007,2890,3227,-337
101000008,4693,2871,1822
101000009,1686,2326,-640
101000010,876,1975,-1099
101000011,2733,925,1808
101000012,2625,667,1958
101000013,535,978,-443
101000014,730,942,-212
101000015,768,863,-95
101000016,707,449,258
101000017,676,625,51
101000018,4466,2977,1489
101000020,4470,1360,3110
101000021,1782,391,1391
101000022,594,100,494
101000023,1979,717,1262
101000025,208,467,-259
101000026,413,29,384
101000027,2307,1413,894
101000028,41,64,-23
101000029,140,904,-764
101000030,1402,61,1341
101000031,609,488,121
101000032,7307,2477,4830
101000033,2828,2243,585
101000034,2868,1132,1736
101000035,1294,294,1000
101000036,1834,393,1441
101000037,4750,1279,3471
101000039,3499,1731,1768
101000040,4882,3157,1725
101000041,17115,5353,11762
101000042,1214,775,439
101000043,11810,4660,7150
101000045,1906,620,1286
101000046,2559,639,1920
101000047,1486,1540,-54
101000048,1178,1046,132
101000049,993,1088,-95
101000050,3316,2929,387
101000051,3207,1551,1656
101000052,1718,651,1067
101000053,1167,1596,-429
101000054,2303,1902,401
101000055,1695,1441,254
101000056,68,90,-22
101000057,2758,698,2060
101000058,2260,1045,1215
101000059,4212,1499,2713
101000060,1996,342,1654
101000061,1222,848,374
101000062,1091,514,577
101000063,605,581,24
101000064,1457,434,1023
101000065,214,315,-101
101000066,554,211,343
101000067,1116,463,653
101000068,436,296,140
101000069,551,61,490
101000070,1805,1043,762
101000071,2163,897,1266
101000072,1333,4164,-2831
101000073,752,633,119
101000074,5643,4304,1339
101000075,7111,4224,2887
101000077,1050,1927,-877
101000078,1197,2099,-902
101000079,387,943,-556
101000080,424,539,-115
101000081,1164,1627,-463
101000082,4031,3162,869
101000083,1953,1925,28
101000084,1497,1165,332
101000085,1556,1288,268
101000086,1252,1330,-78
101000087,1037,1481,-444
101000088,1028,1205,-177
101000089,918,1531,-613
101000090,2705,1717,988
101000091,389,2007,-1618
101000092,681,1157,-476
101000093,1777,968,809
101000094,719,1535,-816
101000095,261,1013,-752
101000096,312,728,-416
101000097,740,369,371
101000098,635,525,110
101000099,1025,1471,-446
101000100,991,725,266
101000101,499,417,82
101000102,1580,287,1293
101000103,898,477,421
101000104,452,481,-29
101000105,1351,232,1119
101000106,1123,487,636
101000107,154,404,-250
101000108,1934,443,1491
101000109,247,89,158
101000110,38,951,-913
101000111,145,214,-69
101000113,183,1000,-817
101000114,4379,1989,2390
101000115,127,175,-48
101000116,191,326,-135
101000117,1108,298,810
101000119,179,57,122
101000120,200,29,171
101000121,89,27,62
101000122,163,60,103
101000123,58,51,7
101000124,174,168,6
101000125,162,498,-336
101000128,1267,449,818
101000130,279,391,-112
101000131,558,738,-180
101000132,475,2101,-1626
101000135,80,16,64
101000136,355,100,255
101000137,35,251,-216
101000141,2158,2199,-41
101000147,677,497,180
101000148,2484,31,2453
101000149,90,95,-5
101000150,83,1401,-1318
101000151,111,81,30
101000152,324,282,42
101000153,562,625,-63
101000154,216,2601,-2385
101000155,199,184,15
101000156,14,251,-237
101000157,66,50,16
101000160,80,88,-8
101000163,197,86,111
101000164,452,410,42
101000165,188,450,-262
101000166,343,456,-113
101000168,797,391,406
101000252,1487,1029,458
101000254,467,65,402
101000258,37,8,29
101000261,52,252,-200
101000262,945,1058,-113
101000263,374,1448,-1074
101000265,55,613,-558
101000266,351,353,-2
101000269,171,7,164
101000290,1708,2191,-483
101000293,31,96,-65
101000294,668,615,53
101000295,115,651,-536
101000301,761,285,476
101000304,2122,2243,-121
101000305,2425,1876,549
101900001,10,83,-73
101900002,0,8,-8
101900003,107,119,-12
101900004,11,30,-19
101900005,7743,1713,6030
101900006,1049,51,998
101900007,544,79,465
101900008,168,232,-64
101900009,94,464,-370
101900010,1128,703,425
101900011,487,1537,-1050
101900012,151,444,-293
101900013,1626,154,1472
101900017,20,115,-95
101900018,1885,264,1621
101900019,380,198,182
101900020,691,216,475
101900021,2,78,-76
101900022,96,1962,-1866
101900023,105,362,-257
102000001,3031,4328,-1297
102000002,3070,1391,1679
102000003,4143,5719,-1576
102000004,9711,3399,6312
102000005,1583,2280,-697
102000006,1886,2011,-125
102000007,1483,4570,-3087
102000008,5899,2288,3611
102000009,5347,7916,-2569
102000010,5445,4480,965
102000011,2623,2357,266
102000012,3638,3766,-128
102000018,4465,3213,1252
102000019,3390,2132,1258
102000026,280,1022,-742
102000029,413,263,150
102000030,104,344,-240
102000031,41,264,-223
102000032,268,449,-181
102000033,183,523,-340
102000034,541,688,-147
102000035,991,815,176
102000036,14,483,-469
102000037,156,114,42
102000038,469,158,311
102000039,419,67,352
102000040,819,126,693
102000041,309,287,22
102000042,306,205,101
102000043,581,245,336
102000044,694,713,-19
102000045,770,1450,-680
102000046,1036,650,386
102000047,709,1521,-812
102000048,269,953,-684
102000049,1331,790,541
102000050,1332,1358,-26
102000051,489,664,-175
102000052,1681,1160,521
102000053,1070,1060,10
102000054,402,968,-566
102000055,815,1354,-539
102000056,675,1995,-1320
102000057,1335,803,532
102000058,1235,2761,-1526
102000059,1019,1935,-916
102000060,1076,1150,-74
102000061,1125,3034,-1909
102000062,971,1415,-444
102000063,1327,1625,-298
102000064,456,635,-179
102000065,38,147,-109
102000066,806,1717,-911
102000067,2664,3569,-905
102000068,11144,3313,7831
102000069,59,2354,-2295
102000070,2059,92,1967
102000071,7902,10534,-2632
102000072,3396,7097,-3701
102000073,1231,1220,11
102000074,728,1068,-340
102000075,199,345,-146
102000076,165,659,-494
102000077,376,1584,-1208
102000078,684,1144,-460
102000079,225,420,-195
102000080,265,304,-39
102000081,275,941,-666
102000082,703,379,324
102000083,383,561,-178
102000084,107,499,-392
102000085,1713,1452,261
102000086,919,1202,-283
102000087,861,1967,-1106
102000088,171,323,-152
102000089,968,631,337
102000090,398,1244,-846
102000091,1439,477,962
102000092,361,918,-557
102000093,582,686,-104
102000094,1151,754,397
102000095,1114,1704,-590
102000096,1240,1233,7
102000097,1457,1589,-132
102000098,630,1437,-807
102000099,1394,789,605
102000100,1003,1427,-424
102000101,1498,599,899
102000102,413,2805,-2392
102000103,1600,488,1112
102000104,1236,373,863
102000105,225,959,-734
102000106,702,1176,-474
102000107,875,809,66
102000108,459,449,10
102000109,365,875,-510
102000110,638,2246,-1608
102000111,12,463,-451
102000112,81,124,-43
102000113,8,42,-34
102000114,1419,493,926
102000115,167,258,-91
102000116,711,340,371
102000117,304,738,-434
102000118,2311,979,1332
102000119,2664,821,1843
102000120,245,645,-400
102000121,810,719,91
102000122,481,939,-458
102000123,1578,1258,320
102000124,1702,1143,559
102000125,869,1084,-215
102000126,712,781,-69
102000127,985,807,178
102000128,557,1524,-967
102000129,1034,1038,-4
102000130,444,1047,-603
102000131,1598,1186,412
102000132,496,1552,-1056
102000133,1330,2702,-1372
102000134,508,875,-367
102000135,1112,1152,-40
102000136,1324,824,500
102000137,1107,1004,103
102000138,274,554,-280
102000139,60,376,-316
102000140,228,198,30
102000141,236,532,-296
102000142,189,384,-195
102000143,105,546,-441
102000144,167,498,-331
102000145,230,547,-317
102000146,344,438,-94
102000147,382,349,33
102000148,220,280,-60
102000149,211,905,-694
102000150,214,379,-165
102000151,159,462,-303
102000152,162,221,-59
102000153,926,409,517
102000154,533,838,-305
102000155,158,367,-209
102000156,510,66,444
102000157,203,226,-23
102000158,451,280,171
102000159,2289,432,1857
102000161,5912,2237,3675
102000162,235,131,104
102000163,79,548,-469
102000164,1267,1145,122
102000165,243,143,100
102000166,34,138,-104
102000167,132,163,-31
102000168,210,105,105
102000169,118,603,-485
102000170,781,131,650
102000171,185,92,93
102000172,143,275,-132
102000173,373,190,183
102000174,33,79,-46
102000175,130,184,-54
102000176,51,54,-3
102000178,232,781,-549
102000179,330,260,70
102000180,563,844,-281
102000181,488,855,-367
102000182,464,854,-390
102000183,1471,2714,-1243
102000184,1356,1096,260
102000185,1967,2078,-111
102000186,889,2643,-1754
102000187,547,2321,-1774
102000188,620,1825,-1205
102000189,3951,1292,2659
102000190,836,3142,-2306
102000191,1452,705,747
102000192,839,1141,-302
102000193,81,186,-105
102000194,116,172,-56
102000195,532,761,-229
102000196,187,833,-646
102000197,504,706,-202
102000198,173,1335,-1162
102000199,597,536,61
102000200,284,1902,-1618
102000201,527,688,-161
102000202,2,220,-218
102000203,291,424,-133
102000204,290,1253,-963
102000205,992,768,224
102000206,735,979,-244
102000207,981,509,472
102000208,362,762,-400
102000209,50,54,-4
102000210,319,718,-399
102000211,507,758,-251
102000212,194,15,179
102000213,4,590,-586
102000214,172,22,150
102000215,6,829,-823
102000216,37,56,-19
102000217,12,290,-278
102000218,153,97,56
102000219,519,518,1
102000225,654,896,-242
102000226,7772,1334,6438
102000227,177,2,175
102000228,1,161,-160
102000229,7,33,-26
102000230,282,883,-601
102000231,317,565,-248
102000232,10,320,-310
102000233,451,833,-382
102000234,105,1396,-1291
102000236,277,117,160
102000237,739,245,494
102000238,148,500,-352
102000240,570,499,71
102000241,209,159,50
102000243,11,75,-64
102000245,19,55,-36
102000246,8,30,-22
102000247,192,990,-798
102000248,135,402,-267
102000249,114,236,-122
102000250,37,580,-543
102000254,69,562,-493
102000266,47,201,-154
102000271,18,0,18
102000286,572,445,127
102000297,2031,1268,763
102000299,0,0,0
102000302,0,0,0
102000305,0,0,0
102000306,0,0,0
102000307,0,10,-10
102000308,0,1,-1
102900001,1461,1385,76
102900002,297,40,257
102900003,46,329,-283
102900005,233,484,-251
102900006,553,324,229
102900007,310,35,275
102900008,206,159,47
102900009,489,227,262
102900010,699,505,194
102900011,2491,487,2004
102900012,396,75,321
102900013,28,74,-46
102900015,1047,439,608
102900016,63,195,-132
102900017,117,773,-656
102900018,13,142,-129
102900019,499,832,-333
102900020,136,46,90
102900021,15,144,-129
102900022,610,117,493
102900023,15,65,-50
102900024,29,62,-33
102900025,350,142,208
102900026,950,1627,-677
102900027,60,107,-47
102900028,100,621,-521
102900029,180,154,26
102900030,385,271,114
102900031,142,243,-101
102900032,55,152,-97
102900033,94,219,-125
102900034,229,178,51
102900035,113,577,-464
102900036,206,757,-551
102900037,160,923,-763
102900038,288,939,-651
102900039,31,378,-347
102900040,183,271,-88
102900041,79,253,-174
102900042,217,442,-225
102900043,138,323,-185
102900044,671,2618,-1947
102900045,116,784,-668
102900046,109,389,-280
102900047,63,977,-914
102900048,572,963,-391
102900049,118,527,-409
102900050,228,461,-233
102900051,207,272,-65
102900052,89,16,73
102900053,390,1019,-629
102900054,1314,1241,73
102900055,122,154,-32
102900056,164,659,-495
102900057,8,54,-46
102900058,356,98,258
102900059,11,58,-47
102900060,106,543,-437
102900061,133,615,-482
102900062,187,1612,-1425
102900063,792,548,244
102900064,151,464,-313
102900065,2137,759,1378
102900066,395,87,308
102900068,92,96,-4
102900070,150,770,-620
102900072,10,41,-31
102900073,163,13,150
102900074,418,249,169
102900075,13,25,-12
102900076,415,92,323
102900077,29,31,-2
102900078,79,107,-28
102900079,191,14,177
102900080,465,39,426
102900081,81,479,-398
102900082,12,318,-306
102900083,333,18,315
102900084,5,33,-28
102900085,186,110,76
102900086,8,75,-67
102900087,97,231,-134
102900088,58,36,22
102900089,285,183,102
102900090,6,622,-616
102900091,152,4,148
102900092,266,1361,-1095
102900093,274,343,-69
102900094,2,96,-94
102900095,89,2,87
102900096,31,18,13
102900097,13,173,-160
103000001,2610,3033,-423
103000002,2862,2633,229
103000003,7256,3371,3885
103000004,1170,883,287
103000005,2566,2600,-34
103000006,608,1489,-881
103000007,368,1014,-646
103000008,1038,1288,-250
103000009,925,1086,-161
103000010,118,176,-58
103000011,1783,1434,349
103000012,1268,1613,-345
103000013,7327,2386,4941
103000014,1451,2561,-1110
103000015,3186,876,2310
103000016,619,1156,-537
103000017,213,430,-217
103000018,1495,436,1059
103000019,203,217,-14
103000020,2310,1898,412
103000021,1659,1696,-37
103000022,1268,1531,-263
103000023,542,1700,-1158
103000024,146,190,-44
103000025,102,439,-337
103000026,2025,152,1873
103000027,251,550,-299
103000028,640,460,180
103000029,377,222,155
103000030,2194,751,1443
103000031,1570,1995,-425
103000032,2089,2026,63
103000033,2661,2908,-247
103000034,1783,1219,564
103000035,553,1412,-859
103000036,505,558,-53
103000037,610,578,32
103000038,550,1210,-660
103000039,294,612,-318
103000040,320,1815,-1495
103000041,1673,3539,-1866
103000042,931,920,11
103000043,412,1580,-1168
103000044,164,312,-148
103000046,292,567,-275
103000047,655,828,-173
103000048,148,200,-52
103000049,95,221,-126
103000050,703,921,-218
103000051,448,713,-265
103000052,873,678,195
103000053,182,575,-393
103000054,2342,1470,872
103000055,1612,2366,-754
103000056,681,2755,-2074
103000057,321,374,-53
103000058,470,1240,-770
103000059,269,904,-635
103000060,751,1057,-306
103000061,301,1139,-838
103000062,1097,949,148
103000063,670,912,-242
103000064,138,382,-244
103000065,4,383,-379
103000066,155,8,147
103000069,196,387,-191
103000070,864,1497,-633
103000071,843,459,384
103000072,214,1367,-1153
103000073,679,192,487
103000074,816,150,666
103000075,167,1413,-1246
103000076,245,369,-124
103000077,29,625,-596
103000078,1457,580,877
103000079,2194,490,1704
103000080,1169,375,794
103000081,580,911,-331
103000082,587,328,259
103000083,146,443,-297
103000084,129,9,120
103000085,4,81,-77
103000086,679,459,220
103000087,177,620,-443
103000088,377,394,-17
103000089,319,448,-129
103000090,1521,1106,415
103000091,545,517,28
103000092,312,341,-29
103000093,381,731,-350
103000094,207,158,49
103000095,55,563,-508
103000096,745,181,564
103000097,63,849,-786
103000098,1041,243,798
103000099,374,804,-430
103000100,150,1361,-1211
103000101,795,219,576
103000102,119,1028,-909
103000103,591,460,131
103000104,33,184,-151
103000105,144,151,-7
103000106,12,108,-96
103000107,301,78,223
103000108,649,675,-26
103000109,437,352,85
103000110,404,463,-59
103000111,674,419,255
103000112,360,176,184
103000113,936,740,196
103000114,1486,561,925
103000115,460,717,-257
103000116,485,704,-219
103000117,296,779,-483
103000118,1919,1243,676
103000119,2527,642,1885
103000120,88,102,-14
103000121,193,783,-590
103000122,305,189,116
103000125,9,622,-613
103000126,409,2,407
103000127,0,315,-315
103000128,112,1,111
103000129,2,211,-209
103000130,32,36,-4
103000131,204,123,81
103000132,89,164,-75
103000133,5,107,-102
103000134,544,924,-380
103000135,1178,293,885
103000136,966,445,521
103000137,864,716,148
103000138,933,901,32
103000139,0,71,-71
103000140,192,23,169
103000141,27,122,-95
103000142,133,94,39
103000143,138,287,-149
103000144,192,113,79
103000145,30,33,-3
103000150,58,66,-8
103000152,363,287,76
103000153,259,146,113
103000156,6,593,-587
103000157,251,1,250
103000159,127,127,0
103000162,85,8,77
103000163,6,15,-9
103000164,5,16,-11
103000165,252,547,-295
103000166,193,217,-24
103000167,366,144,222
103000168,94,184,-90
103000169,158,385,-227
103000170,473,597,-124
103000171,36,69,-33
103000172,485,1310,-825
103000173,354,940,-586
103000174,186,452,-266
103000175,134,548,-414
103000176,1104,373,731
103000177,990,521,469
103000178,383,410,-27
103000179,132,46,86
103000183,99,69,30
103000185,89,120,-31
103000186,85,222,-137
103000187,303,913,-610
103000188,18,102,-84
103000189,1112,1316,-204
103000191,695,974,-279
103000292,3316,1244,2072
103000293,1658,1778,-120
103000295,99,87,12
103000296,208,3,205
103000297,86,18,68
103000504,116,48,68
103000505,6,5,1
103000506,2,243,-241
103000507,146,1,145
103000508,42,39,3
103000509,255,610,-355
103900001,8,625,-617
103900002,2456,255,2201
103900003,2526,141,2385
103900004,50,0,50
103900005,4,336,-332
103900006,1,0,1
103900007,15,0,15
103900008,31,5,26
103900009,238,411,-173
103900010,138,392,-254
103900011,159,308,-149
103900012,11,34,-23
103900013,44,97,-53
103900014,39,24,15
103900015,26,27,-1
103900016,289,351,-62
103900017,16,106,-90
103900018,571,213,358
103900019,39,254,-215
103900020,215,523,-308
103900021,1053,57,996
103900022,991,683,308
103900023,106,2,104
103900024,85,1213,-1128
103900025,4,69,-65
103900026,4,0,4
103900027,577,451,126
103900028,14,248,-234
103900029,889,68,821
103900030,244,31,213
103900031,22,1,21
103900032,48,30,18
103900033,104,9,95
103900034,31,434,-403
103900035,58,123,-65
103900036,56,37,19
103900037,53,63,-10
103900038,80,140,-60
103900039,45,598,-553
103900040,3,235,-232
103900041,25,47,-22
103900042,45,560,-515
103900043,149,187,-38
103900044,396,221,175
103900045,210,212,-2
103900047,26,44,-18
103900048,28,23,5
103900049,230,1947,-1717
103900050,10,115,-105
103900051,0,39,-39
103900052,200,836,-636
103900053,93,1716,-1623
103900054,89,820,-731
103900055,455,331,124
103900056,27,44,-17
103900057,26,386,-360
103900058,176,1083,-907
103900059,0,1,-1
103900060,36,348,-312
103900061,113,87,26
103900062,300,87,213
103900063,2,0,2
103900064,68,4,64
103900065,916,590,326
103900066,148,9,139
103900067,124,12,112
103900068,2,0,2
103900069,108,7,101
103900070,178,381,-203
103900071,46,255,-209
103900072,6,421,-415
103900073,32,28,4
103900074,69,125,-56
103900075,76,118,-42
103900076,355,1034,-679
103900077,87,78,9
103900078,165,169,-4
103900079,110,355,-245
103900080,9,36,-27
103900081,142,23,119
103900082,10,184,-174
103900083,2484,758,1726
103900084,69,224,-155
103900085,51,135,-84
103900086,494,405,89
103900087,34,115,-81
103900088,377,353,24
103900089,45,238,-193
103900090,33,365,-332
103900091,1102,332,770
103900092,554,648,-94
103900093,108,544,-436
103900094,5,184,-179
103900095,250,214,36
103900096,52,473,-421
103900097,5,727,-722
103900098,221,92,129
103900099,61,438,-377
103900100,182,469,-287
103900101,56,1346,-1290
103900102,1,34,-33
103900104,0,63,-63
103900105,82,236,-154
103900106,0,15,-15
103900107,118,375,-257
103900108,39,475,-436
103900109,80,170,-90
103900110,266,60,206
103900111,54,1250,-1196
103900112,27,60,-33
103900113,134,291,-157
103900114,583,447,136
103900115,298,158,140
103900116,8366,2461,5905
103900117,237,170,67
103900119,25,66,-41
103900120,22,137,-115
103900122,58,409,-351
103900123,1936,593,1343
103900124,47,31,16
103900125,48,90,-42
103900126,436,762,-326
103900127,139,1399,-1260
103900128,60,310,-250
103900131,8,114,-106
103900133,1210,27,1183
103900134,0,3,-3
103900135,11,6,5
103900137,2,82,-80
103900138,37,446,-409
103900139,225,1368,-1143
103900140,7,82,-75
103900141,312,134,178
103900142,85,240,-155
103900143,23,3,20
103900144,1,65,-64
103900145,168,478,-310
103900146,280,486,-206
103900147,338,160,178
103900148,165,268,-103
103900149,162,892,-730
103900150,10626,3123,7503
103900151,63,288,-225
103900152,340,879,-539
103900153,11,3,8
103900154,1660,1301,359
103900155,19,279,-260
103900156,11,239,-228
103900157,21,403,-382
103900158,79,370,-291
103900159,87,112,-25
103900160,40,30,10
103900161,129,291,-162
103900162,52,402,-350
103900163,16,609,-593
103900164,231,64,167
103900167,32,131,-99
103900168,82,198,-116
103900169,24,66,-42
103900170,0,156,-156
103900171,2,105,-103
103900172,10,56,-46
103900173,12,24,-12
103900174,136,79,57
103900175,55,62,-7
103900176,19,21,-2
103900177,13,58,-45
103900178,57,132,-75
103900179,68,408,-340
103900180,12,197,-185
103900181,47,60,-13
103900182,24,19,5
103900184,922,91,831
103900185,556,234,322
103900187,76,67,9
103900188,37,34,3
103900189,93,5,88
103900190,79,54,25
103900191,40,117,-77
103900192,55,171,-116
103900193,221,243,-22
103900194,100,549,-449
103900195,3,48,-45
103900196,47,32,15
103900197,20,38,-18
103900198,7,72,-65
103900199,101,107,-6
103900200,141,179,-38
103900201,153,235,-82
103900202,13,73,-60
103900203,59,17,42
103900204,0,180,-180
103900207,2,262,-260
103900208,76,1,75
103900209,42,165,-123
103900210,24,28,-4
103900211,447,915,-468
103900212,91,708,-617
103900213,130,240,-110
103900214,371,153,218
103900215,502,222,280
103900216,25,1028,-1003
103900217,491,23,468
103900218,0,398,-398
103900219,141,625,-484
103900233,176,3,173
103900235,62,29,33
103900236,22,4,18
103900242,2,11,-9
103900243,4,14,-10
103900244,67,454,-387
103900245,132,342,-210
103900246,75,44,31
103900247,55,114,-59
103900248,6,22,-16
103900249,20,49,-29
103900250,68,26,42
103900251,0,36,-36
103900253,22,64,-42
103900254,3,36,-33
103900255,39,26,13
103900256,29,29,0
103900257,37,161,-124
103900258,42,2,40
103900259,47,15,32
103900261,23,7,16
103900262,12,0,12
103900263,87,66,21
103900264,98,28,70
103900265,34,8,26
103900266,0,63,-63
103900267,0,33,-33
104000001,2297,2649,-352
104000002,2051,4289,-2238
104000003,2601,2725,-124
104000004,3661,3579,82
104000005,1308,2399,-1091
104000006,2821,3649,-828
104000007,4616,5192,-576
104000008,390,545,-155
104000009,151,161,-10
104000010,171,242,-71
104000011,1183,462,721
104000012,170,652,-482
104000013,222,184,38
104000014,281,974,-693
104000015,263,224,39
104000016,751,610,141
104000018,588,204,384
104000019,521,120,401
104000020,236,1034,-798
104000021,325,940,-615
104000022,167,340,-173
104000023,484,469,15
104000024,259,528,-269
104000026,71,416,-345
104000027,424,599,-175
104000028,336,349,-13
104000029,509,708,-199
104000030,310,352,-42
104000031,969,463,506
104000032,286,473,-187
104000033,563,692,-129
104000034,437,569,-132
104000035,674,659,15
104000036,661,1020,-359
104000037,292,402,-110
104000038,321,381,-60
104000039,181,507,-326
104000040,729,494,235
104000041,414,410,4
104000042,260,556,-296
104000043,298,537,-239
104000044,281,932,-651
104000045,1096,1557,-461
104000046,1731,2010,-279
104000047,506,1706,-1200
104000048,1250,2499,-1249
104000049,450,372,78
104000050,155,824,-669
104000051,120,906,-786
104000052,1141,1996,-855
104000053,827,755,72
104000054,540,858,-318
104000055,4451,3733,718
104000056,1822,396,1426
104000057,137,621,-484
104000058,598,1037,-439
104000059,521,1655,-1134
104000060,768,1490,-722
104000061,1368,1856,-488
104000062,245,185,60
104000064,579,419,160
104000065,98,574,-476
104000069,1909,882,1027
104000070,85,426,-341
104000071,134,500,-366
104000072,473,280,193
104000075,81,414,-333
104000076,576,120,456
104000082,2158,3190,-1032
104000083,794,251,543
104000084,132,698,-566
104000085,254,248,6
104000086,141,565,-424
104000087,401,1658,-1257
104000090,767,2158,-1391
104000092,980,3876,-2896
104000094,1160,2996,-1836
104000095,1746,1743,3
104000096,1229,685,544
104000097,1483,1720,-237
104000098,1470,1998,-528
104000100,1347,901,446
104000101,910,3499,-2589
104000106,115,608,-493
104000107,597,588,9
104000108,437,857,-420
104000109,302,71,231
104000110,864,1319,-455
104000111,7859,2855,5004
104000112,3359,818,2541
104000116,5,1820,-1815
104000117,112,1620,-1508
104000118,374,334,40
104000119,477,294,183
104000120,189,1664,-1475
104000121,167,777,-610
104000122,551,863,-312
104000123,1112,1604,-492
104000124,1591,3941,-2350
104000125,7499,4222,3277
104000126,429,672,-243
104000127,1638,3962,-2324
104000128,886,575,311
104000129,83,2,81
104000130,0,348,-348
104000131,1269,724,545
104000132,726,900,-174
104000133,1007,1243,-236
104000134,899,1802,-903
104000135,383,1840,-1457
104000136,984,4065,-3081
104000137,1690,395,1295
104000138,1451,545,906
104000139,11154,3820,7334
104000141,1266,2174,-908
104000142,670,1372,-702
104000143,618,1039,-421
104000144,75,227,-152
104000145,472,210,262
104000146,406,703,-297
104000147,156,461,-305
104000148,303,219,84
104000149,165,527,-362
104000150,851,661,190
104000151,367,849,-482
104000152,527,1057,-530
104000153,535,608,-73
104000154,1114,971,143
104000155,363,519,-156
104000157,1171,2208,-1037
104000158,236,374,-138
104000159,657,504,153
104000160,1725,2020,-295
104000161,345,222,123
104000162,73,141,-68
104000165,1699,1421,278
104000167,500,847,-347
104000168,563,11,552
104000169,68,104,-36
104000170,978,675,303
104000248,356,1655,-1299
104000251,61,472,-411
104000272,0,0,0
104000273,0,0,0
104000274,0,0,0
104000275,0,0,0
104000279,834,555,279
104000290,71,530,-459
104000291,615,1493,-878
104000293,639,1030,-391
104000294,14,0,14
104000295,527,1055,-528
104000296,336,989,-653
104000297,915,1974,-1059
104000298,1956,1033,923
104000299,752,2135,-1383
104900001,147,622,-475
104900002,41,108,-67
104900003,66,541,-475
104900004,133,440,-307
104900005,198,267,-69
104900006,156,100,56
104900007,269,389,-120
104900009,162,641,-479
104900010,33,35,-2
104900011,8,4,4
104900012,159,16,143
104900013,71,13,58
104900014,5145,514,4631
104900015,112,5,107
104900016,182,465,-283
104900017,98,212,-114
104900018,10,309,-299
104900019,401,1824,-1423
104900020,37,359,-322
104900021,4,389,-385
104900022,20,170,-150
104900023,2,210,-208
104900024,19,132,-113
104900025,80,642,-562
104900026,7,184,-177
104900027,352,352,0
104900028,31,146,-115
104900029,43,172,-129
104900030,453,284,169
104900031,169,297,-128
104900032,20,224,-204
104900033,117,366,-249
104900034,243,120,123
104900035,213,176,37
104900036,158,98,60
104900037,119,566,-447
104900038,862,600,262
104900039,1424,275,1149
104900040,210,105,105
104900041,253,234,19
104900042,147,609,-462
104900043,11,111,-100
104900044,396,264,132
104900045,357,85,272
104900046,126,151,-25
104900047,297,151,146
104900048,199,130,69
104900049,21,23,-2
104900050,131,133,-2
104900051,240,84,156
104900052,53,1,52
104900053,370,101,269
104900054,184,59,125
104900055,95,0,95
104900056,164,14,150
104900057,37,3,34
104900058,969,285,684
104900059,32,59,-27
104900060,1,701,-700
104900061,369,911,-542
104900063,5,222,-217
104900064,0,176,-176
104900065,0,211,-211
104900066,4,442,-438
104900067,7,339,-332
104900068,33,341,-308
104900070,190,386,-196
104900071,4,1127,-1123
104900072,75,340,-265
104900073,55,519,-464
104900074,99,335,-236
104900075,54,179,-125
104900076,121,562,-441
104900077,2102,196,1906
104900078,202,949,-747
104900079,176,241,-65
104900080,70,707,-637
104900082,14,533,-519
104900085,13,283,-270
104900087,364,7,357
104900089,149,1,148
104900090,576,670,-94
104900091,504,1491,-987
104900093,261,794,-533
104900097,4871,1809,3062
104900098,113,40,73
104900099,116,547,-431
104900100,1022,341,681
104900102,35,435,-400
104900103,636,195,441
104900104,4987,1818,3169
104900106,84,167,-83
104900107,94,544,-450
104900108,31,468,-437
104900109,84,362,-278
104900110,13,57,-44
104900111,186,216,-30
104900112,245,1512,-1267
104900113,652,736,-84
104900114,252,1164,-912
104900115,585,838,-253
104900116,138,345,-207
104900118,23,91,-68
104900119,0,43,-43
104900120,46,94,-48
104900121,2,177,-175
104900122,5,167,-162
104900123,50,9,41
104900124,27,0,27
104900125,614,24,590
104900126,80,65,15
104900127,26,34,-8
104900128,57,175,-118
104900129,4179,1663,2516
105000001,2662,2164,498
105000002,2704,2424,280
105000003,4280,4381,-101
105000004,585,1629,-1044
105000005,799,1541,-742
105000006,1205,2030,-825
105000007,1327,1734,-407
105000008,1383,2472,-1089
105000009,1438,3316,-1878
105000010,3682,3659,23
105000011,2221,2802,-581
105000012,4186,3835,351
105000013,692,1055,-363
105000014,1315,2119,-804
105000015,10624,8274,2350
105000016,5360,2587,2773
105000017,1809,1431,378
105000018,1604,1071,533
105000019,1837,1120,717
105000020,221,353,-132
105000021,283,139,144
105000022,203,44,159
105000023,502,224,278
105000028,53,213,-160
105000029,446,1345,-899
105000030,4286,4747,-461
105000033,892,2729,-1837
105000034,217,775,-558
105000037,719,952,-233
105000038,1462,1581,-119
105000039,3211,2403,808
105000040,657,990,-333
105000041,555,1759,-1204
105000042,2096,1303,793
105000043,1898,3145,-1247
105000044,637,637,0
105000045,493,1578,-1085
105000046,815,674,141
105000047,564,1499,-935
105000048,568,280,288
105000049,252,977,-725
105000050,502,513,-11
105000051,306,713,-407
105000052,421,1369,-948
105000053,129,234,-105
105000054,253,1329,-1076
105000055,435,670,-235
105000056,1106,3695,-2589
105000057,992,1466,-474
105000058,1728,2064,-336
105000059,735,705,30
105000060,719,1030,-311
105000061,475,626,-151
105000062,1112,1672,-560
105000063,426,983,-557
105000064,1132,921,211
105000065,485,1508,-1023
105000066,1537,3254,-1717
105000067,1145,711,434
105000068,826,1438,-612
105000069,5271,1142,4129
105000070,1255,1035,220
105000071,510,731,-221
105000072,562,1379,-817
105000073,819,762,57
105000074,999,1137,-138
105000075,630,1060,-430
105000076,1678,1310,368
105000077,2284,864,1420
105000078,1808,1336,472
105000079,2048,1897,151
105000080,2318,1217,1101
105000081,1732,887,845
105000082,844,595,249
105000083,1875,1105,770
105000084,622,1478,-856
105000085,1447,1263,184
105000086,637,1061,-424
105000087,4182,2355,1827
105000088,1330,1677,-347
105000089,3136,2689,447
105000090,839,898,-59
105000091,1602,2040,-438
105000092,802,1344,-542
105000093,299,196,103
105000094,323,299,24
105000095,91,406,-315
105000096,1330,782,548
105000097,1382,777,605
105000098,991,725,266
105000099,1178,1182,-4
105000100,968,1492,-524
105000101,1717,3131,-1414
105000102,1303,1817,-514
105000103,1375,3288,-1913
105000104,1812,1457,355
105000105,1038,3258,-2220
105000106,1445,2852,-1407
105000107,1019,2041,-1022
105000108,1364,3704,-2340
105000109,1635,2809,-1174
105000110,722,1482,-760
105000111,782,749,33
105000112,1148,1310,-162
105000113,341,737,-396
105000114,6639,1415,5224
105000115,430,980,-550
105000116,559,629,-70
105000117,839,1814,-975
105000118,366,565,-199
105000119,564,2173,-1609
105000120,779,901,-122
105000121,1041,2242,-1201
105000122,276,631,-355
105000123,1212,2255,-1043
105000124,1396,1344,52
105000125,755,2849,-2094
105000126,2181,3476,-1295
105000127,2792,2840,-48
105000128,383,2077,-1694
105000129,857,362,495
105000130,248,1621,-1373
105000131,1033,605,428
105000132,677,594,83
105000133,380,1577,-1197
105000134,626,689,-63
105000135,333,816,-483
105000136,42,190,-148
105000137,285,317,-32
105000138,73,196,-123
105000139,1255,1401,-146
105000140,183,548,-365
105000141,258,921,-663
105000142,136,580,-444
105000143,261,920,-659
105000144,333,1038,-705
105000145,559,731,-172
105000146,714,1054,-340
105000147,581,554,27
105000148,1058,776,282
105000149,2179,2862,-683
105000150,2643,2147,496
105000151,447,413,34
105000152,193,1081,-888
105000153,714,604,110
105000154,792,1697,-905
105000155,332,988,-656
105000156,1024,1578,-554
105000157,1229,3996,-2767
105000158,2150,995,1155
105000159,270,2412,-2142
105000160,1746,800,946
105000161,893,2849,-1956
105000162,824,1754,-930
105000163,2665,1696,969
105000164,194,477,-283
105000165,3236,5239,-2003
105000166,11884,553,11331
105000167,5129,1706,3423
105000168,279,1399,-1120
105000169,355,524,-169
105000170,152,1756,-1604
105000171,1257,630,627
105000172,75,85,-10
105000173,84,40,44
105000174,37,45,-8
105000175,100,167,-67
105000176,237,106,131
105000177,184,152,32
105000178,111,1346,-1235
105000179,205,145,60
105000180,143,155,-12
105000181,76,845,-769
105000182,39,62,-23
105000183,4030,2209,1821
105000184,1032,886,146
105000185,950,882,68
105000186,301,979,-678
105000187,612,289,323
105000188,337,139,198
105000189,194,634,-440
105000190,252,379,-127
105000191,374,451,-77
105000192,125,76,49
105000193,107,192,-85
105000194,210,65,145
105000195,361,1595,-1234
105000196,28,91,-63
105000197,331,1088,-757
105000198,646,409,237
105000199,325,312,13
105000200,108,318,-210
105000201,116,36,80
105000203,4,413,-409
105000204,60,95,-35
105000205,75,273,-198
105000207,651,291,360
105000208,341,623,-282
105000209,237,265,-28
105000212,1071,2481,-1410
105000213,169,182,-13
105000214,88,361,-273
105000215,315,398,-83
105000216,125,390,-265
105000217,165,373,-208
105000218,795,1366,-571
105000221,305,527,-222
105000222,122,92,30
105000223,148,238,-90
105000226,53,629,-576
105000227,40,340,-300
105000228,300,1120,-820
105000229,121,276,-155
105000231,228,425,-197
105000233,528,634,-106
105000234,521,1776,-1255
105000235,349,673,-324
105000237,821,87,734
105000243,15,412,-397
105000248,75,89,-14
105000262,327,2962,-2635
105000269,144,307,-163
105000270,420,140,280
105000271,2,447,-445
105000282,205,61,144
105000287,305,267,38
105000288,349,685,-336
105000289,1798,1137,661
105000290,14,2,12
105000402,7256,2805,4451
105000426,473,620,-147
105000438,1794,822,972
105000446,21316,6685,14631
105000447,11583,3809,7774
105000454,282,648,-366
105000455,285,237,48
105000474,17,0,17
105000477,318,527,-209
105000478,1507,2893,-1386
105000479,140,166,-26
105000480,2815,2266,549
105000481,2880,2353,527
105000482,5865,3442,2423
105000483,1469,1374,95
105000484,2672,2731,-59
105000485,1331,1695,-364
105000486,3747,2588,1159
105000488,4759,4037,722
105000489,734,1109,-375
105000549,30,176,-146
105000550,510,1775,-1265
105000551,29,101,-72
105000552,4131,2283,1848
105900001,21,1462,-1441
105900002,2275,499,1776
105900003,3,91,-88
105900004,283,126,157
105900005,8,272,-264
105900006,7,70,-63
105900007,43,22,21
105900008,48,1130,-1082
105900009,14,9,5
105900011,166,44,122
105900012,322,121,201
105900013,2,28,-26
105900014,7,142,-135
105900015,120,480,-360
105900016,313,1098,-785
105900017,852,72,780
105900018,242,428,-186
105900019,36,577,-541
105900020,42,98,-56
105900021,26,330,-304
105900022,313,586,-273
105900023,3,137,-134
105900024,9,185,-176
105900025,126,83,43
105900026,368,83,285
105900027,7161,4057,3104
105900028,179,304,-125
105900029,2770,447,2323
105900030,170,304,-134
105900031,640,178,462
105900032,97,177,-80
105900033,62,151,-89
105900034,145,305,-160
105900035,220,290,-70
105900036,64,193,-129
105900037,73,92,-19
105900038,170,504,-334
105900039,104,214,-110
105900040,58,127,-69
105900041,283,884,-601
105900042,46,131,-85
105900043,3036,138,2898
105900044,5,226,-221
105900045,10,796,-786
105900046,8,231,-223
105900047,11,33,-22
105900048,79,661,-582
105900050,2741,1341,1400
105900051,7,2087,-2080
105900052,315,118,197
105900053,5316,1961,3355
105900054,323,470,-147
105900056,1081,229,852
105900057,16,222,-206
105900058,23,62,-39
105900059,0,38,-38
106000001,5247,2426,2821
106000002,3971,7021,-3050
106000003,3267,3605,-338
106000004,3206,3397,-191
106000005,2707,6809,-4102
106000006,7085,6693,392
106000007,422,600,-178
106000008,412,440,-28
106000009,556,408,148
106000010,539,609,-70
106000011,831,1207,-376
106000012,968,2326,-1358
106000013,1877,2178,-301
106000014,2480,2629,-149
106000015,1221,1397,-176
106000016,1298,3269,-1971
106000017,729,768,-39
106000018,789,851,-62
106000019,360,564,-204
106000020,314,675,-361
106000021,367,654,-287
106000022,424,418,6
106000023,723,438,285
106000024,968,1094,-126
106000025,97,293,-196
106000026,132,338,-206
106000027,1083,1612,-529
106000028,565,831,-266
106000029,905,1609,-704
106000030,1200,532,668
106000034,308,668,-360
106000035,940,1534,-594
106000036,475,615,-140
106000037,2486,2388,98
106000038,741,111,630
106000039,245,94,151
106000040,232,1014,-782
106000041,962,508,454
106000043,598,154,444
106000046,397,77,320
106000047,69,434,-365
106000049,644,192,452
106000050,275,1165,-890
106000051,569,526,43
106000052,100,1000,-900
106000053,239,160,79
106000054,485,794,-309
106000055,1098,1709,-611
106000056,368,671,-303
106000057,239,349,-110
106000058,177,319,-142
106000059,246,322,-76
106000060,730,756,-26
106000061,245,554,-309
106000062,179,862,-683
106000063,750,669,81
106000064,50,583,-533
106000065,440,341,99
106000066,189,601,-412
106000067,381,138,243
106000068,93,957,-864
106000069,241,154,87
106000070,443,1279,-836
106000071,1002,493,509
106000072,7264,2197,5067
106000073,2309,2911,-602
106000074,439,1126,-687
106000075,436,1586,-1150
106000076,1888,2593,-705
106000077,4988,1863,3125
106000078,1013,1415,-402
106000079,787,1344,-557
106000080,1455,1226,229
106000081,709,1436,-727
106000082,3115,1369,1746
106000083,462,1934,-1472
106000084,1208,957,251
106000085,2067,1778,289
106000086,770,1113,-343
106000087,981,876,105
106000088,530,1024,-494
106000089,1137,593,544
106000090,303,776,-473
106000091,337,1111,-774
106000092,696,359,337
106000093,311,104,207
106000094,105,552,-447
106000095,567,1872,-1305
106000096,1005,917,88
106000097,839,1863,-1024
106000098,630,1313,-683
106000099,219,1209,-990
106000100,915,355,560
106000101,825,387,438
106000102,134,799,-665
106000103,280,855,-575
106000104,683,601,82
106000105,512,1309,-797
106000106,578,613,-35
106000107,121,588,-467
106000108,163,364,-201
106000109,124,593,-469
106000110,133,371,-238
106000111,167,864,-697
106000112,112,584,-472
106000113,1539,751,788
106000114,503,549,-46
106000115,285,706,-421
106000116,204,371,-167
106000117,1017,1154,-137
106000118,1284,1243,41
106000119,3639,1792,1847
106000120,792,1036,-244
106000121,154,285,-131
106000122,136,494,-358
106000123,220,429,-209
106000124,50,509,-459
106000125,18,480,-462
106000126,177,258,-81
106000127,842,1307,-465
106000128,645,424,221
106000129,519,1013,-494
106000130,662,589,73
106000131,154,1142,-988
106000132,997,250,747
106000133,5594,1571,4023
106000134,1224,1219,5
106000135,264,1369,-1105
106000136,824,765,59
106000137,80,2415,-2335
106000138,920,113,807
106000139,54,202,-148
106000140,36,109,-73
106000141,59,143,-84
106000142,103,114,-11
106000143,35,134,-99
106000144,27,107,-80
106000145,193,439,-246
106000146,339,314,25
106000147,526,870,-344
106000148,685,1170,-485
106000149,532,681,-149
106000150,615,2341,-1726
106000151,6949,1062,5887
106000152,1921,2035,-114
106000153,87,1969,-1882
106000154,1752,354,1398
106000155,57,308,-251
106000156,755,600,155
106000157,731,2809,-2078
106000158,4441,1151,3290
106000159,6694,1772,4922
106000160,381,2340,-1959
106000161,2204,785,1419
106000162,209,873,-664
106000163,332,829,-497
106000164,311,443,-132
106000165,297,1192,-895
106000166,972,379,593
106000167,443,2088,-1645
106000168,287,362,-75
106000169,138,1140,-1002
106000170,436,377,59
106000171,124,1638,-1514
106000172,2495,1269,1226
106000173,790,4275,-3485
106000174,958,285,673
106000175,350,1605,-1255
106000176,1330,1112,218
106000177,825,3817,-2992
106000178,3031,2471,560
106000179,1321,3484,-2163
106000180,863,2542,-1679
106000181,558,2875,-2317
106000182,831,1275,-444
106000183,826,1771,-945
106000184,1274,1766,-492
106000185,852,1495,-643
106000186,1132,170,962
106000187,284,1167,-883
106000188,0,2,-2
106000189,10,87,-77
106000190,10,1,9
106000191,674,270,404
106000192,1,34,-33
106000193,386,189,197
106000194,180,387,-207
106000195,606,186,420
106000196,204,641,-437
106000197,435,509,-74
106000198,146,395,-249
106000199,1107,567,540
106000200,781,200,581
106000201,570,1918,-1348
106000202,11342,923,10419
106000203,256,249,7
106000204,36,10,26
106000205,15,177,-162
106000206,57,7,50
106000207,76,1140,-1064
106000208,864,153,711
106000209,1144,443,701
106000210,330,1968,-1638
106000211,366,1993,-1627
106000212,653,365,288
106000213,1230,1856,-626
106000214,3823,644,3179
106000215,288,701,-413
106000216,449,414,35
106000217,375,660,-285
106000218,606,453,153
106000219,131,413,-282
106000220,434,328,106
106000221,91,362,-271
106000222,57,168,-111
106000223,168,183,-15
106000224,241,425,-184
106000225,46,68,-22
106000226,149,481,-332
106000228,26,184,-158
106000229,87,1057,-970
106000231,796,231,565
106000232,62,574,-512
106000233,332,213,119
106000234,46,248,-202
106000235,257,109,148
106000236,127,70,57
106000237,0,20,-20
106000238,1,8,-7
106000239,2,163,-161
106000240,31,1,30
106000241,27,939,-912
106000242,190,27,163
106000249,50,83,-33
106000250,63,537,-474
106000251,35,33,2
106000252,15,171,-156
106000253,28,39,-11
106000254,33,110,-77
106000255,15,134,-119
106000256,71,155,-84
106000257,124,402,-278
106000258,126,14,112
106000259,2,50,-48
106000260,26,5,21
106000261,4,63,-59
106000262,43,10,33
106000263,13,124,-111
106000264,159,16,143
106000265,23,194,-171
106000266,148,30,118
106000267,3,143,-140
106000268,534,27,507
106000269,83,72,11
106000270,221,517,-296
106000271,43,244,-201
106000272,125,82,43
106000273,13,234,-221
106000274,173,48,125
106000275,181,258,-77
106000276,238,103,135
106000277,168,197,-29
106000278,138,65,73
106000279,15,143,-128
106000280,33,287,-254
106000281,71,173,-102
106000282,56,61,-5
106000283,132,162,-30
106000284,54,113,-59
106000285,173,221,-48
106000286,87,242,-155
106000287,113,144,-31
106000288,129,208,-79
106000289,122,122,0
106000290,90,168,-78
106000291,75,180,-105
106000292,72,161,-89
106000293,125,128,-3
106000294,155,170,-15
106000295,56,86,-30
106000296,66,161,-95
106000297,100,328,-228
106000298,177,82,95
106000299,92,239,-147
106000300,50,128,-78
106000301,66,175,-109
106000303,38,100,-62
106000304,16,84,-68
106000305,21,61,-40
106000306,32,122,-90
106000307,30,17,13
106000308,31,317,-286
106000309,26,96,-70
106000310,221,772,-551
106000311,262,205,57
106000312,83,301,-218
106000313,155,294,-139
106000318,290,350,-60
106000319,703,123,580
106000320,0,43,-43
106000321,557,81,476
106000322,119,305,-186
106000324,8,227,-219
106000325,1320,956,364
106000326,1106,2641,-1535
106000327,78,236,-158
106000328,18,97,-79
106000329,39,399,-360
106000330,41,59,-18
106000428,66,212,-146
106000429,137,589,-452
106000430,435,1840,-1405
106000431,1545,388,1157
106000432,2001,3788,-1787
106000433,2022,1045,977
106000434,3411,1342,2069
106000435,3091,4040,-949
106000436,21,538,-517
106000437,179,49,130
106000438,256,175,81
106000439,86,755,-669
106000440,207,635,-428
106000441,5,0,5
106000442,110,9,101
106000443,132,781,-649
106000450,4,398,-394
106000451,23,35,-12
106000454,7,73,-66
106000455,10,244,-234
106000456,84,26,58
106000457,8,1624,-1616
106000458,379,250,129
106000459,80,576,-496
106000460,789,60,729
106000461,57,3014,-2957
106000462,0,15,-15
106000463,2,40,-38
106000464,3,840,-837
106000465,358,1,357
106000466,4,1149,-1145
106000467,644,773,-129
106000468,28,292,-264
106000469,350,4,346
106000470,301,1899,-1598
106000471,37,1049,-1012
106000472,145,20,125
106000473,27,34,-7
106000474,287,1029,-742
106000475,199,157,42
106000476,210,174,36
106000477,9,55,-46
106900001,1,35,-34
106900002,4,984,-980
106900003,351,1373,-1022
106900004,2,128,-126
106900006,0,37,-37
106900007,1,39,-38
106900008,179,465,-286
106900009,287,751,-464
106900010,284,562,-278
106900012,3629,2218,1411
106900013,552,106,446
106900014,23,2,21
106900015,15,3,12
106900016,227,2,225
106900017,5,0,5
106900018,4,0,4
106900019,36,3,33
106900020,4293,1444,2849
106900021,19,96,-77
106900022,399,1,398
106900023,13,397,-384
106900024,435,40,395
106900025,70,1114,-1044
106900026,6,1368,-1362
106900027,418,5,413
107000001,3948,2413,1535
107000002,6069,4914,1155
107000003,4622,5987,-1365
107000004,6519,7242,-723
107000005,2593,4801,-2208
107000006,4048,8488,-4440
107000007,4387,9003,-4616
107000008,18392,14876,3516
107000009,4713,5624,-911
107000010,10355,14182,-3827
107000011,1202,1775,-573
107000012,5387,5346,41
107000013,37,135,-98
107000014,20,344,-324
107000015,345,1064,-719
107000016,438,1610,-1172
107000017,2426,1083,1343
107000018,8,294,-286
107000020,1206,466,740
107000021,982,927,55
107000022,683,1313,-630
107000023,1449,370,1079
107000024,404,2276,-1872
107000025,127,443,-316
107000026,139,903,-764
107000027,1052,1063,-11
107000028,1312,2392,-1080
107000029,1936,1981,-45
107000030,3314,4429,-1115
107000031,2977,2174,803
107000032,496,1243,-747
107000033,4701,4798,-97
107000034,6687,2836,3851
107000035,407,190,217
107000036,411,1298,-887
107000037,42,779,-737
107000038,245,360,-115
107000039,593,757,-164
107000040,136,460,-324
107000041,1998,868,1130
107000042,896,2182,-1286
107000043,3920,1251,2669
107000044,737,343,394
107000045,116,343,-227
107000046,651,484,167
107000047,510,1004,-494
107000048,722,371,351
107000049,653,1035,-382
107000050,1029,575,454
107000051,642,405,237
107000052,1382,1011,371
107000053,459,253,206
107000054,57,352,-295
107000055,107,78,29
107000056,476,1031,-555
107000057,1872,245,1627
107000058,2407,2649,-242
107000059,3066,4320,-1254
107000060,3049,5751,-2702
107000061,6603,5462,1141
107000062,3269,3530,-261
107000063,5123,8754,-3631
107000064,3373,2223,1150
107000065,4379,7767,-3388
107000066,1416,2216,-800
107000067,851,1133,-282
107000068,1498,744,754
107000069,823,517,306
107000070,461,3,458
107000071,2058,72,1986
107000072,54,5060,-5006
107000073,339,192,147
107000074,159,1242,-1083
107000075,1384,571,813
107000076,1109,2106,-997
107000077,2631,946,1685
107000078,2492,4410,-1918
107000079,1874,710,1164
107000080,1434,4190,-2756
107000081,1053,566,487
107000082,606,3502,-2896
107000083,1047,442,605
107000084,584,3379,-2795
107000085,2610,3422,-812
107000086,3731,3882,-151
107000087,2476,2051,425
107000088,2680,4300,-1620
107000089,1481,1910,-429
107000090,1169,1396,-227
107000091,1065,1075,-10
107000092,858,1511,-653
107000093,918,879,39
107000094,1066,1767,-701
107000095,624,591,33
107000096,775,1515,-740
107000097,467,250,217
107000098,347,624,-277
107000099,452,380,72
107000100,544,338,206
107000101,108,207,-99
107000102,482,396,86
107000103,309,230,79
107000104,327,538,-211
107000105,419,169,250
107000106,162,549,-387
107000107,453,238,215
107000108,164,1087,-923
107000109,394,161,233
107000110,121,934,-813
107000111,192,34,158
107000112,28,554,-526
107000113,477,134,343
107000114,121,1128,-1007
107000115,532,111,421
107000116,161,1447,-1286
107000117,146,339,-193
107000118,211,407,-196
107000119,2261,1417,844
107000120,3456,518,2938
107000121,674,989,-315
107000122,1250,1270,-20
107000123,386,862,-476
107000124,603,1298,-695
107000125,499,808,-309
107000126,578,944,-366
107000127,17,389,-372
107000129,155,207,-52
107000130,188,252,-64
107000131,524,407,117
107000132,614,460,154
107000133,411,142,269
107000134,268,4,264
107000135,5,402,-397
107000136,424,9,415
107000137,22,589,-567
107000138,277,26,251
107000139,8,503,-495
107000140,930,44,886
107000141,124,1098,-974
107000142,277,61,216
107000143,67,1239,-1172
107000144,314,341,-27
107000145,177,811,-634
107000146,162,190,-28
107000147,3648,786,2862
107000150,1007,2180,-1173
107000151,67,80,-13
107000152,716,753,-37
107000153,772,633,139
107000154,257,197,60
107000155,599,16,583
107000156,963,14,949
107000157,38,2872,-2834
107000158,267,13,254
107000159,42,1441,-1399
107000160,733,83,650
107000161,121,2854,-2733
107000162,221,320,-99
107000163,60,2,58
107000164,246,2,244
107000165,641,3,638
107000166,56,2023,-1967
107000167,463,321,142
107000168,676,407,269
107000169,1106,1161,-55
107000170,1459,640,819
107000171,605,3592,-2987
107000172,644,938,-294
107000173,680,1783,-1103
107000174,840,3548,-2708
107000175,13161,2256,10905
107000176,1,1,0
107000177,8,2,6
107000178,8,82,-74
107000179,270,4226,-3956
107000180,1213,439,774
107000181,474,1953,-1479
107000182,1415,1436,-21
107000183,161,1397,-1236
107000184,819,1144,-325
107000185,679,2075,-1396
107000186,1325,467,858
107000187,1169,1847,-678
107000188,510,633,-123
107000189,452,1261,-809
107000190,530,1092,-562
107000191,565,1175,-610
107000192,1540,1678,-138
107000193,373,497,-124
107000194,1063,1251,-188
107000197,728,275,453
107000198,483,862,-379
107000199,687,722,-35
107000200,1394,675,719
107000201,299,215,84
107000202,242,454,-212
107000203,865,590,275
107000204,1235,594,641
107000205,2325,1153,1172
107000206,791,1110,-319
107000207,839,1514,-675
107000208,1389,487,902
107000209,3226,1450,1776
107000210,1503,520,983
107000211,6,26,-20
107000212,8,359,-351
107000213,17,25,-8
107000214,25,246,-221
107000215,377,635,-258
107000216,308,541,-233
107000217,121,206,-85
107000219,85,174,-89
107000220,147,423,-276
107000222,264,906,-642
107000224,321,58,263
107000225,186,815,-629
107000226,229,87,142
107000227,93,542,-449
107000228,101,172,-71
107000229,392,121,271
107000230,1382,645,737
107000231,1873,873,1000
107000232,98,91,7
107000233,1522,702,820
107000234,3,39,-36
107000235,66,7,59
107000236,11,528,-517
107000237,9,0,9
107000238,21,1,20
107000239,6935,737,6198
107000240,64,1446,-1382
107000241,150,24,126
107000242,928,68,860
107000243,0,96,-96
107000244,6,72,-66
107000246,6,1611,-1605
107000249,5,1456,-1451
107000251,2,303,-301
107000252,6,1955,-1949
107000255,1160,159,1001
107000257,4,835,-831
107000258,0,248,-248
107000259,6,350,-344
107000260,367,8,359
107000262,9,1106,-1097
107000263,211,2,209
107000266,5,11,-6
107000267,62,302,-240
107000268,163,231,-68
107000269,499,33,466
107000270,0,16,-16
107000271,22,1304,-1282
107000272,17,253,-236
107000273,0,256,-256
107000274,800,240,560
107000275,9,896,-887
107000280,383,31,352
107000281,36,1444,-1408
107000282,33,1626,-1593
107000290,0,34,-34
107000291,8,19,-11
107000292,1,18,-17
107000293,50,3,47
107000294,0,21,-21
107000295,34,0,34
107000296,0,18,-18
107000444,89,2,87
107000496,0,37,-37
107000497,1699,4115,-2416
107000500,334,400,-66
107000501,70,238,-168
107000502,252,455,-203
107000505,998,998,0
107000506,1,24,-23
107000508,4,924,-920
107000509,207,558,-351
107000510,22,12,10
107000514,21,351,-330
107000515,28,436,-408
107000516,227,296,-69
107000518,772,874,-102
107000519,5181,1291,3890
107000520,47,16,31
107900001,89,337,-248
107900002,44,1,43
107900003,309,18,291
107900004,96,1,95
107900005,707,3,704
107900006,120,1,119
107900007,234,27,207
107900008,38,55,-17
107900009,127,2,125
107900010,20,2,18
107900012,432,25,407
107900013,396,117,279
107900014,15,10,5
107900015,638,12,626
107900016,532,107,425
107900017,16,3,13
107900018,114,81,33
107900019,27,137,-110
107900020,49,5,44
107900021,44,238,-194
107900023,0,8,-8
107900024,0,39,-39
107900025,163,443,-280
107900026,39,184,-145
107900027,31,24,7
107900028,45,126,-81
107900030,218,36,182
107900031,73,395,-322
107900032,2,11,-9
107900033,19,5,14
107900034,410,12,398
107900035,622,24,598
107900036,22,22,0
107900037,0,59,-59
107900038,175,213,-38
107900039,8,114,-106
107900040,27,81,-54
107900041,2,0,2
107900043,75,280,-205
107900044,7,9,-2
107900045,77,16,61
107900046,135,154,-19
107900047,20,101,-81
107900048,224,12,212
107900049,375,592,-217
107900050,95,479,-384
107900051,89,150,-61
107900052,16,34,-18
107900053,20,117,-97
107900055,1223,409,814
107900056,102,44,58
107900057,1,0,1
107900058,47,1131,-1084
107900060,6,50,-44
107900061,21,5,16
107900063,188,184,4
107900064,561,121,440
107900065,165,14,151
107900066,12,6,6
107900067,0,1,-1
107900068,151,263,-112
107900069,33,1207,-1174
107900070,164,30,134
107900071,31,1404,-1373
107900072,51,336,-285
107900073,67,182,-115
107900074,1094,170,924
107900076,237,140,97
107900077,30,1,29
107900078,257,36,221
107900079,5,12,-7
107900080,127,291,-164
107900081,12,93,-81
107900082,27,23,4
107900083,498,182,316
107900084,184,217,-33
107900086,17,129,-112
107900087,709,106,603
107900088,28,15,13
107900089,354,1127,-773
107900090,591,1568,-977
107900091,197,800,-603
107900092,2548,651,1897
107900093,47,86,-39
107900095,3549,1764,1785
107900097,79,104,-25
107900098,81,255,-174
107900100,1225,1190,35
107900101,1470,203,1267
107900102,12,10,2
107900103,25,166,-141
107900104,142,11,131
107900105,2,661,-659
107900106,4,1807,-1803
107900107,1903,379,1524
107900108,457,160,297
107900109,794,7,787
107900110,30,171,-141
107900111,21,1730,-1709
107900112,141,583,-442
107900113,161,150,11
107900114,126,264,-138
107900115,3,55,-52
107900116,73,326,-253
107900117,290,723,-433
107900118,87,172,-85
107900119,50,151,-101
107900120,25,10,15
107900121,1,147,-146
107900122,1,54,-53
107900123,8,29,-21
107900124,14,22,-8
107900125,27,244,-217
107900126,8,35,-27
107900127,648,153,495
107900128,128,112,16
107900129,45,52,-7
107900130,54,38,16
107900131,684,148,536
107900132,104,658,-554
107900133,3,105,-102
107900134,24,24,0
107900135,11,270,-259
107900136,62,32,30
107900137,99,144,-45
107900138,42,34,8
107900139,17,31,-14
107900140,131,98,33
107900141,64,79,-15
107900142,65,1792,-1727
107900143,34,58,-24
107900144,1,202,-201
107900145,9,137,-128
107900146,32,196,-164
107900147,98,38,60
107900148,286,281,5
107900149,2600,308,2292
107900150,108,1455,-1347
107900151,11,114,-103
107900152,8,440,-432
107900153,102,300,-198
107900154,32,10,22
107900155,23,29,-6
107900156,8,522,-514
107900157,67,119,-52
107900158,552,15,537
107900159,44,1850,-1806
107900160,69,153,-84
107900161,46,335,-289
107900162,1,290,-289
107900163,53,25,28
107900164,2,29,-27
107900165,10,80,-70
107900166,20,376,-356
107900167,17,50,-33
107900168,16,51,-35
107900169,8,163,-155
107900171,14,2978,-2964
107900172,1,440,-439
107900173,16,310,-294
107900174,78,5,73
107900175,3,26,-23
107900176,15,43,-28
107900177,6,309,-303
107900178,6,310,-304
107900179,8,219,-211
107900180,1390,427,963
107900181,393,622,-229
107900182,13,2205,-2192
107900183,34,468,-434
107900184,57,384,-327
107900185,65,10,55
107900186,16,56,-40
107900187,0,165,-165
107900188,1013,158,855
107900189,21,159,-138
107900190,138,79,59
107900191,84,279,-195
107900193,20,42,-22
107900194,147,8,139
107900195,5738,758,4980
107900196,30,73,-43
107900197,1223,264,959
107900199,2,1283,-1281
107900201,127,180,-53
107900203,20,79,-59
107900204,261,369,-108
107900205,234,583,-349
107900206,595,232,363
107900207,11,957,-946
107900208,5,1057,-1052
107900209,454,134,320
107900210,83,214,-131
107900213,993,819,174
107900214,7,204,-197
107900215,219,367,-148
107900216,132,128,4
107900217,40,54,-14
107900218,15,2149,-2134
107900219,29,255,-226
107900220,207,163,44
107900221,262,231,31
107900223,56,849,-793
107900224,229,456,-227
107900225,4,1290,-1286
107900226,72,161,-89
107900227,130,569,-439
107900228,14,118,-104
107900229,3,530,-527
107900230,6,202,-196
107900231,11,301,-290
107900232,46,290,-244
107900233,4,156,-152
107900234,87,211,-124
107900235,58,117,-59
107900236,47,93,-46
107900237,120,673,-553
107900238,17,153,-136
107900239,1663,523,1140
107900240,9,183,-174
107900241,17,124,-107
107900242,28,448,-420
107900243,5,48,-43
107900244,186,2,184
107900245,354,55,299
107900246,125,6,119
107900248,217,694,-477
107900249,467,14,453
107900250,2,755,-753
107900251,47,1979,-1932
107900252,781,11,770
107900253,125,1,124
107900254,69,179,-110
107900255,357,80,277
107900256,515,564,-49
107900257,120,71,49
107900258,93,300,-207
107900259,102,1198,-1096
107900261,1,583,-582
107900262,37,195,-158
107900264,189,6,183
107900265,79,280,-201
107900267,159,21,138
107900268,53,10,43
107900269,0,2,-2
107900270,0,0,0
107900271,2,13,-11
107900272,158,6,152
107900273,18,153,-135
107900274,46,0,46
107900275,16,0,16
107900276,0,93,-93
107900277,0,346,-346
107900278,196,466,-270
107900279,195,146,49
107900280,2127,1966,161
107900281,5262,1626,3636
107900282,145,408,-263
107900283,1986,565,1421
107900284,298,1138,-840
107900285,61,221,-160
107900286,131,136,-5
107900287,109,231,-122
107900290,0,82,-82
107900291,500,7,493
107900292,128,409,-281
107900293,81,868,-787
107900295,105,204,-99
107900297,2,344,-342
107900298,1114,1323,-209
107900299,5205,3162,2043
107900300,74,259,-185
107900301,637,442,195
107900302,204,22,182
107900303,111,484,-373
107900304,267,827,-560
107900305,271,17,254
107900306,12,16,-4
107900307,56,328,-272
107900308,237,111,126
107900309,47,0,47
107900310,25,0,25
107900311,292,77,215
107900312,15,0,15
107900313,1,85,-84
107900314,0,48,-48
107900315,0,80,-80
107900316,59,2,57
107900317,74,5,69
107900318,0,160,-160
107900319,9,447,-438
107900320,6,248,-242
107900321,101,5,96
107900322,2,279,-277
107900323,29,204,-175
107900324,144,0,144
107900325,84,0,84
107900326,186,521,-335
107900327,10,2,8
107900328,0,0,0
107900329,1,1,0
107900330,12,1027,-1015
107900331,167,46,121
107900332,148,37,111
107900333,26,16,10
107900334,16,413,-397
107900335,59,104,-45
107900336,38,50,-12
107900337,2025,707,1318
107900338,4,162,-158
107900339,1,46,-45
107900340,1,88,-87
107900341,24,0,24
107900342,102,107,-5
107900343,29,0,29
107900344,2,121,-119
107900345,123,21,102
107900346,40,2,38
107900347,38,1,37
107900348,1,3,-2
107900349,28,14,14
107900350,31,297,-266
108000001,2558,4054,-1496
108000002,2442,4276,-1834
108000003,3126,2642,484
108000004,19518,21386,-1868
108000005,6289,4260,2029
108000006,8513,8851,-338
108000007,4505,3930,575
108000008,6242,7573,-1331
108000009,3144,3978,-834
108000010,3768,6908,-3140
108000011,11061,10732,329
108000012,23229,21064,2165
108000014,742,660,82
108000015,539,336,203
108000016,207,668,-461
108000017,753,465,288
108000018,1390,608,782
108000019,1460,698,762
108000020,1291,552,739
108000021,522,2139,-1617
108000022,667,2245,-1578
108000023,1073,221,852
108000024,134,948,-814
108000025,185,281,-96
108000026,396,694,-298
108000027,468,599,-131
108000028,258,299,-41
108000029,408,692,-284
108000030,500,245,255
108000031,251,630,-379
108000032,989,630,359
108000033,707,1728,-1021
108000034,1405,481,924
108000035,1066,3393,-2327
108000036,351,1981,-1630
108000037,1602,403,1199
108000038,2160,530,1630
108000039,574,3834,-3260
108000040,1678,775,903
108000041,791,3870,-3079
108000042,157,294,-137
108000043,176,356,-180
108000044,343,192,151
108000045,238,920,-682
108000046,1120,387,733
108000047,457,1613,-1156
108000048,144,617,-473
108000049,565,240,325
108000050,113,591,-478
108000051,184,94,90
108000052,345,955,-610
108000053,315,136,179
108000054,786,1419,-633
108000055,1295,433,862
108000056,849,1381,-532
108000057,543,930,-387
108000058,2174,3348,-1174
108000059,4617,2716,1901
108000060,187,459,-272
108000061,175,422,-247
108000062,643,603,40
108000063,406,966,-560
108000064,146,257,-111
108000065,525,1021,-496
108000066,2130,993,1137
108000067,1578,535,1043
108000068,612,318,294
108000069,296,1416,-1120
108000070,1448,621,827
108000071,824,2432,-1608
108000072,1470,1110,360
108000073,1979,2721,-742
108000074,418,371,47
108000075,406,1087,-681
108000076,879,577,302
108000077,837,963,-126
108000078,1838,1871,-33
108000079,962,2298,-1336
108000080,722,719,3
108000081,436,3366,-2930
108000082,1287,2880,-1593
108000083,1872,941,931
108000084,496,1934,-1438
108000085,535,449,86
108000086,1122,1310,-188
108000087,142,1692,-1550
108000088,124,41,83
108000089,312,388,-76
108000090,335,157,178
108000091,79,804,-725
108000092,109,149,-40
108000093,143,1319,-1176
108000094,656,136,520
108000095,164,819,-655
108000096,238,192,46
108000097,121,957,-836
108000098,1002,1800,-798
108000099,140,95,45
108000100,36,244,-208
108000101,762,1336,-574
108000102,1299,2498,-1199
108000106,879,2,877
108000107,1,1096,-1095
108000108,389,60,329
108000109,13,1180,-1167
108000110,160,335,-175
108000111,208,1286,-1078
108000112,87,153,-66
108000113,661,459,202
108000115,609,639,-30
108000117,912,485,427
108000118,141,169,-28
108000119,792,580,212
108000120,82,807,-725
108000121,160,812,-652
108000122,337,450,-113
108000123,405,364,41
108000124,247,737,-490
108000125,203,421,-218
108000126,115,756,-641
108000127,353,384,-31
108000128,480,895,-415
108000129,237,1702,-1465
108000130,264,311,-47
108000131,795,391,404
108000132,2093,1978,115
108000133,676,588,88
108000134,705,854,-149
108000135,945,400,545
108000136,1189,1278,-89
108000137,319,457,-138
108000138,204,673,-469
108000139,241,441,-200
108000140,51,36,15
108000141,33,295,-262
108000142,67,264,-197
108000143,31,78,-47
108000144,28,26,2
108000145,44,60,-16
108000146,49,19,30
108000147,49,128,-79
108000148,37,9,28
108000149,52,46,6
108000150,30,3,27
108000151,8,13,-5
108000152,110,929,-819
108000153,315,111,204
108000154,86,43,43
108000155,23,15,8
108000156,464,85,379
108000157,138,782,-644
108000158,91,711,-620
108000159,800,208,592
108000160,7180,1073,6107
108000161,7260,2026,5234
108000165,6,147,-141
108000172,3,306,-303
108000173,3631,1890,1741
108000175,155,98,57
108000178,455,432,23
108000179,288,705,-417
108000181,69,39,30
108000182,217,32,185
108000183,26,18,8
108000184,1595,2104,-509
108000185,179,749,-570
108000186,80,79,1
108000187,76,1079,-1003
108000188,459,323,136
108000189,841,1026,-185
108000190,43,143,-100
108000192,131,928,-797
108000193,1016,90,926
108000194,31,25,6
108000195,4,1769,-1765
108000196,131,130,1
108000197,101,676,-575
108000198,432,402,30
108000199,2,132,-130
108000200,259,1138,-879
108000202,0,166,-166
108000203,92,1203,-1111
108000204,68,20,48
108000205,430,812,-382
108000339,1839,389,1450
108000364,194,319,-125
108000365,52,538,-486
108000367,237,612,-375
108000368,13,50,-37
108000369,1796,143,1653
108000371,2,821,-819
108000372,406,4,402
108000373,89,183,-94
108000376,61,24,37
108000377,264,464,-200
108000378,9395,10357,-962
108000379,36,227,-191
108000381,33,18,15
108000382,55,2,53
108000383,0,40,-40
108900001,146,1432,-1286
108900002,207,108,99
108900003,431,1478,-1047
108900004,123,235,-112
108900005,78,208,-130
108900006,639,244,395
108900007,130,249,-119
108900008,67,188,-121
108900009,36,118,-82
108900010,143,207,-64
108900011,367,467,-100
108900012,260,614,-354
108900013,94,381,-287
108900014,2,128,-126
108900015,0,9,-9
108900016,2,243,-241
108900017,147,276,-129
108900018,105,774,-669
108900019,76,1744,-1668
108900020,51,434,-383
108900021,81,502,-421
108900022,65,6,59
108900023,4,22,-18
108900024,25,188,-163
108900025,89,178,-89
108900026,32,130,-98
108900027,1,82,-81
108900028,66,773,-707
108900029,57,223,-166
108900030,0,88,-88
108900031,106,887,-781
108900032,13,387,-374
108900033,0,196,-196
108900034,1,334,-333
108900035,267,2289,-2022
108900036,184,564,-380
108900037,52,682,-630
108900038,3,644,-641
108900039,1,778,-777
108900040,7,246,-239
108900041,7516,3143,4373
108900042,2,318,-316
108900043,51,687,-636
108900044,4,1050,-1046
108900045,34,941,-907
108900046,54,1678,-1624
108900047,0,59,-59
108900048,115,1605,-1490
108900049,8199,1329,6870
108900050,2,338,-336
108900051,0,394,-394
108900052,41,480,-439
108900053,133,193,-60
108900054,98,354,-256
108900055,87,725,-638
108900056,1,265,-264
108900057,0,269,-269
108900058,30,727,-697
108900059,375,34,341
108900060,77,228,-151
108900061,61,54,7
108900062,3,467,-464
108900063,16,666,-650
108900064,129,85,44
108900065,14,486,-472
108900066,275,171,104
108900067,47,274,-227
108900068,1,170,-169
108900069,52,187,-135
108900070,33,222,-189
108900071,73,82,-9
108900072,3550,440,3110
108900073,15,120,-105
108900074,116,741,-625
108900075,47,77,-30
108900076,246,110,136
108900077,125,196,-71
108900078,15,282,-267
108900079,1143,365,778
108900080,33,710,-677
108900081,52,384,-332
108900082,33,115,-82
108900083,20,217,-197
108900084,381,191,190
108900085,3046,215,2831
108900086,66,500,-434
108900087,178,372,-194
108900088,965,401,564
108900089,18,163,-145
108900090,25,579,-554
108900091,163,194,-31
108900092,488,348,140
108900093,77,111,-34
108900094,297,147,150
108900095,70,902,-832
108900096,512,51,461
108900097,471,305,166
108900098,4482,689,3793
108900099,350,486,-136
108900100,64,189,-125
108900101,290,112,178
108900102,159,943,-784
108900103,68,84,-16
108900104,211,667,-456
108900105,5,819,-814
108900106,324,760,-436
108900108,281,43,238
108900109,28,23,5
108900110,161,841,-680
108900111,357,1153,-796
108900112,181,26,155
108900113,68,30,38
108900114,3,3,0
108900115,146,108,38
108900116,43,17,26
108900117,106,13,93
108900118,499,7,492
108900119,190,38,152
108900120,150,151,-1
108900121,290,69,221
108900122,102,43,59
108900123,131,77,54
108900124,290,158,132
108900125,278,2,276
108900126,160,27,133
108900127,149,40,109
108900128,112,32,80
108900129,749,133,616
108900130,262,1,261
108900131,286,1,285
108900132,311,56,255
108900133,224,44,180
108900134,252,306,-54
108900135,88,3,85
108900136,17,1,16
108900137,110,3,107
108900138,412,26,386
108900139,454,92,362
108900140,236,304,-68
108900141,286,9,277
108900142,69,4,65
108900143,12,0,12
108900144,41,0,41
108900145,89,9,80
108900146,65,0,65
108900147,146,0,146
108900148,60,44,16
108900149,688,498,190
108900150,228,3,225
108900151,30,3,27
108900152,41,39,2
108900153,121,659,-538
108900154,3750,487,3263
108900155,219,69,150
108900156,54,5,49
108900157,12,989,-977
108900158,277,73,204
108900159,2,515,-513
108900160,12,348,-336
108900161,10,652,-642
108900162,65,0,65
108900163,2,250,-248
108900164,70,90,-20
108900165,297,142,155
108900167,2674,4068,-1394
108900168,12822,2741,10081
108900169,34,215,-181
108900171,13273,2520,10753
108900172,186,77,109
108900173,231,529,-298
108900174,650,581,69
108900176,175,829,-654
108900177,11883,3832,8051
108900178,7800,3440,4360
108900179,476,1188,-712
108900180,111,240,-129
108900182,38,301,-263
108900183,303,322,-19
108900184,410,284,126
108900185,60,419,-359
108900186,79,438,-359
108900187,240,93,147
108900188,411,76,335
108900189,222,208,14
108900190,65,5628,-5563
108900191,206,41,165
108900192,70,410,-340
108900193,233,26,207
108900194,15,443,-428
108900195,72,564,-492
108900196,51,970,-919
108900198,7,1009,-1002
108900199,220,371,-151
108900200,347,353,-6
108900201,462,1650,-1188
108900203,586,19,567
108900204,476,8,468
108900205,259,27,232
108900206,360,39,321
108900207,190,61,129
108900208,36,549,-513
108900209,234,964,-730
108900210,187,338,-151
108900211,147,458,-311
108900212,827,960,-133
108900215,148,981,-833
108900216,403,113,290
108900217,80,0,80
108900218,115,4,111
108900219,89,4,85
108900220,30,7,23
108900221,61,137,-76
108900222,238,27,211
108900223,9,76,-67
108900224,36,129,-93
108900225,0,219,-219
108900226,215,5,210
108900227,149,257,-108
108900230,728,471,257
108900231,62,391,-329
108900232,1,597,-596
108900233,427,66,361
108900234,325,107,218
108900235,287,909,-622
108900236,61,554,-493
108900237,83,459,-376
108900240,105,101,4
108900241,34,56,-22
108900245,8,1186,-1178
108900249,93,30,63
108900250,190,153,37
108900257,138,1013,-875
108900258,14,344,-330
108900259,20,103,-83
108900260,8,116,-108
108900261,169,189,-20
108900262,276,167,109
108900263,51,371,-320
108900264,506,333,173
108900265,1834,366,1468
108900266,1679,489,1190
108900267,2,126,-124
108900268,12,2,10
108900269,52,9,43
108900270,48,7,41
108900271,30,11,19
108900272,155,6,149
108900273,1224,587,637
108900274,23,124,-101
109000001,3520,1134,2386
109000002,4068,1334,2734
109000003,2391,663,1728
109000004,664,3374,-2710
109000005,1982,1043,939
109000006,747,2692,-1945
109000007,1420,811,609
109000008,528,2521,-1993
109000009,3339,1394,1945
109000010,1480,5611,-4131
109000011,2558,1842,716
109000012,1824,5497,-3673
109000013,2908,2405,503
109000014,1528,5434,-3906
109000015,3436,5260,-1824
109000016,14643,6002,8641
109000017,1998,1397,601
109000018,898,4346,-3448
109000019,2240,1267,973
109000020,1057,2864,-1807
109000023,248,27,221
109000024,3,199,-196
109000025,380,484,-104
109000026,1041,421,620
109000027,138,370,-232
109000028,144,129,15
109000029,211,218,-7
109000030,104,686,-582
109000031,146,112,34
109000032,118,671,-553
109000033,388,124,264
109000034,40,52,-12
109000035,21,46,-25
109000036,69,440,-371
109000037,230,992,-762
109000038,569,516,53
109000039,824,592,232
109000040,8807,5190,3617
109000041,7669,1335,6334
109000042,1223,1331,-108
109000044,274,74,200
109000045,73,587,-514
109000046,313,79,234
109000047,69,550,-481
109000048,764,188,576
109000049,280,700,-420
109000050,375,263,112
109000051,385,426,-41
109000052,524,2816,-2292
109000053,146,59,87
109000054,198,1226,-1028
109000055,167,192,-25
109000056,274,943,-669
109000057,430,314,116
109000058,1133,352,781
109000059,789,1018,-229
109000060,569,221,348
109000061,1851,750,1101
109000062,143,255,-112
109000063,209,304,-95
109000064,156,261,-105
109000065,107,452,-345
109000066,312,239,73
109000067,61,520,-459
109000068,835,43,792
109000069,631,30,601
109000070,9,1040,-1031
109000071,418,94,324
109000072,95,454,-359
109000073,33,127,-94
109000074,30,290,-260
109000075,65,444,-379
109000076,86,213,-127
109000077,407,366,41
109000078,60,149,-89
109000079,108,341,-233
109000080,84,135,-51
109000081,94,804,-710
109000082,472,334,138
109000083,274,1038,-764
109000088,110,930,-820
109000089,240,46,194
109000090,179,795,-616
109000091,187,139,48
109000092,431,975,-544
109000093,200,260,-60
109000094,313,6,307
109000095,126,967,-841
109000096,629,211,418
109000097,75,181,-106
109000098,42,108,-66
109000099,706,553,153
109000100,174,646,-472
109000101,1126,1316,-190
109000102,278,1152,-874
109000103,389,847,-458
109000104,1143,928,215
109000105,468,2058,-1590
109000106,1719,976,743
109000107,567,2993,-2426
109000108,1566,695,871
109000109,509,2869,-2360
109000110,1324,552,772
109000111,1130,3221,-2091
109000112,262,226,36
109000113,166,198,-32
109000114,187,361,-174
109000115,1279,45,1234
109000116,2,217,-215
109000117,127,111,16
109000118,11,420,-409
109000119,693,556,137
109000120,125,1797,-1672
109000121,253,96,157
109000122,109,1675,-1566
109000123,24,108,-84
109000124,493,404,89
109000125,563,417,146
109000126,362,1223,-861
109000127,637,254,383
109000128,445,3376,-2931
109000129,1606,811,795
109000130,679,3843,-3164
109000131,634,384,250
109000132,717,2956,-2239
109000133,367,1320,-953
109000134,860,1873,-1013
109000135,1034,1599,-565
109000136,329,630,-301
109000137,214,448,-234
109000138,381,639,-258
109000139,444,540,-96
109000140,96,762,-666
109000141,344,596,-252
109000142,101,869,-768
109000143,85,63,22
109000145,48,181,-133
109000146,50,127,-77
109000148,5731,1403,4328
109000149,21,39,-18
109000150,77,220,-143
109000155,670,726,-56
109000156,1775,1278,497
109000158,115,285,-170
109000159,140,951,-811
109000160,815,319,496
109000161,261,2140,-1879
109000162,1714,1190,524
109000163,881,2668,-1787
109000164,1041,3671,-2630
109000165,1239,836,403
109000166,608,149,459
109000167,112,1406,-1294
109000170,52,63,-11
109000171,49,43,6
109000172,58,79,-21
109000173,17,55,-38
109000174,73,84,-11
109000175,49,172,-123
109000176,172,315,-143
109000177,32,212,-180
109000178,224,106,118
109000179,10777,3578,7199
109000180,7201,3537,3664
109000181,7,59,-52
109000182,33,57,-24
109000183,34,47,-13
109000184,30,26,4
109000185,16,87,-71
109000188,358,4053,-3695
109000189,1653,1210,443
109000190,546,609,-63
109000191,234,851,-617
109000192,318,271,47
109000193,163,677,-514
109000194,131,187,-56
109000195,75,722,-647
109000196,214,160,54
109000197,164,833,-669
109000198,273,75,198
109000199,120,897,-777
109000206,351,38,313
109000207,126,46,80
109000208,103,80,23
109000209,142,98,44
109000210,172,815,-643
109000211,92,189,-97
109000214,259,848,-589
109000215,80,78,2
109000216,292,189,103
109000217,111,105,6
109000218,187,182,5
109000221,469,1643,-1174
109000222,980,232,748
109000223,220,300,-80
109000224,66,357,-291
109000225,61,59,2
109000226,68,515,-447
109000227,901,2442,-1541
109000228,2,458,-456
109000231,4,624,-620
109000232,237,593,-356
109000236,365,990,-625
109000241,1801,2556,-755
109000242,1510,1990,-480
109000293,12,43,-31
109000361,96,403,-307
109000364,180,854,-674
109000396,3,1223,-1220
109000397,338,8,330
109000399,109,843,-734
109000400,43,305,-262
109000403,149,380,-231
109000406,155,5,150
109000407,273,326,-53
109000408,2,454,-452
109000410,718,177,541
109000411,48,13,35
109900001,61,1,60
109900002,591,19,572
109900003,195,1,194
109900004,780,384,396
109900005,10,6,4
109900006,256,478,-222
109900007,495,1347,-852
109900008,0,40,-40
109900009,128,1161,-1033
109900010,474,21,453
109900011,49,71,-22
109900012,166,163,3
109900013,351,177,174
109900014,342,86,256
109900015,416,182,234
109900016,102,76,26
109900017,154,157,-3
109900018,196,203,-7
109900019,146,150,-4
109900020,28,20,8
109900021,18,8,10
109900022,36,521,-485
109900023,13,7,6
109900024,30,3,27
109900025,7,143,-136
109900026,4,339,-335
109900027,58,17,41
109900028,4321,681,3640
109900029,13,958,-945
109900030,30,3,27
109900031,0,157,-157
109900032,11,415,-404
109900033,6,924,-918
109900034,5,0,5
109900035,6,22,-16
109900036,12,122,-110
109900037,42,848,-806
109900038,35,327,-292
109900039,3,0,3
109900040,42,1032,-990
109900041,41,667,-626
109900042,17,655,-638
109900044,58,400,-342
109900045,41,33,8
109900046,9,77,-68
109900047,395,415,-20
109900048,0,109,-109
109900049,10,31,-21
109900050,0,446,-446
109900051,0,54,-54
109900052,95,385,-290
109900053,7,817,-810
109900054,397,185,212
109900055,66,393,-327
109900056,19,111,-92
109900057,9,384,-375
109900058,0,180,-180
109900059,397,90,307
109900060,419,202,217
109900061,158,354,-196
109900062,1,413,-412
109900063,8,462,-454
109900064,445,479,-34
109900065,167,135,32
109900066,347,1452,-1105
109900067,2,601,-599
109900068,29,1,28
109900069,3,57,-54
109900070,51,350,-299
109900071,0,37,-37
109900072,36,162,-126
109900073,264,1166,-902
109900074,11,47,-36
109900075,13,38,-25
109900076,8,448,-440
109900077,19,61,-42
109900078,116,470,-354
109900080,155,561,-406
109900081,22,144,-122
109900082,37,796,-759
109900083,19,54,-35
109900084,55,256,-201
109900085,235,1827,-1592
109900086,110,248,-138
109900087,310,618,-308
109900089,566,137,429
109900090,638,2106,-1468
109900091,197,120,77
109900092,281,16,265
109900093,604,175,429
109900094,61,151,-90
109900095,112,430,-318
109900096,34,6,28
109900097,75,3,72
109900098,260,22,238
109900099,115,4,111
109900100,24,0,24
109900101,277,9,268
109900102,360,16,344
109900103,25,52,-27
109900104,465,1657,-1192
109900105,554,34,520
109900106,254,87,167
109900107,289,128,161
109900108,123,552,-429
109900109,40,174,-134
109900110,46,852,-806
109900111,400,2361,-1961
109900112,552,1523,-971
109900113,553,386,167
109900114,1108,744,364
109900115,103,119,-16
109900117,809,157,652
109900118,286,657,-371
109900119,579,391,188
109900120,38,17,21
109900121,321,375,-54
109900122,294,6,288
109900123,13,277,-264
109900124,45,1217,-1172
109900125,5,344,-339
109900126,188,269,-81
109900128,209,85,124
109900130,18985,2123,16862
109900131,59,179,-120
109900132,44,222,-178
109900133,66,540,-474
109900134,43,57,-14
109900135,483,68,415
109900136,38,200,-162
109900137,67,561,-494
109900138,309,673,-364
109900140,147,590,-443
109900141,247,264,-17
109900142,871,287,584
109900145,5,280,-275
109900146,369,46,323
109900148,38,99,-61
109900149,52,49,3
109900150,2,68,-66
109900151,5,66,-61
109900152,1,36,-35
109900153,0,57,-57
109900154,29,0,29
109900155,26,9,17
109900157,49,409,-360
109900158,87,151,-64
109900159,134,33,101
109900160,88,70,18
109900161,240,81,159
109900162,160,87,73
109900163,815,556,259
109900164,50,237,-187
109900165,251,14,237
109900166,0,221,-221
109900167,107,882,-775
109900168,118,671,-553
109900169,122,132,-10
109900170,373,630,-257
109900171,166,116,50
109900172,177,246,-69
109900173,6097,1996,4101
109900174,46,228,-182
109900175,63,98,-35
109900176,99,288,-189
109900177,33,443,-410
109900178,1,157,-156
109900179,7,39,-32
109900180,5,10,-5
110000001,948,744,204
110000002,661,661,0
110000003,1011,758,253
110000004,627,621,6
110000005,699,1384,-685
110000006,788,377,411
110000007,175,230,-55
110000008,47,32,15
110000009,35,65,-30
110000010,30,52,-22
110000011,33,195,-162
110000012,839,706,133
110000013,32,381,-349
110000014,684,473,211
110000015,298,484,-186
110000016,305,954,-649
110000017,5037,307,4730
110000018,5792,632,5160
110000019,10,257,-247
110000020,867,307,560
110000021,435,495,-60
110000022,778,258,520
110000023,11,335,-324
110000024,613,506,107
110000025,181,3,178
110000026,10,1040,-1030
110000027,738,533,205
110000028,745,824,-79
110000029,475,1541,-1066
110000030,233,361,-128
110000031,253,995,-742
110000032,693,479,214
110000033,171,127,44
110000034,234,716,-482
110000035,492,1382,-890
110000036,605,708,-103
110000037,184,972,-788
110000038,214,595,-381
110000039,575,1832,-1257
110000040,271,650,-379
110000041,273,998,-725
110000042,78,466,-388
110000043,388,208,180
110000044,48,384,-336
110000045,624,76,548
110000046,6,12,-6
110000047,13,19,-6
110000048,4,16,-12
110000049,7,5,2
110000050,4,31,-27
110000051,15,6,9
110000052,18,31,-13
110000053,224,10,214
110000054,119,337,-218
110000055,247,22,225
110000056,146,35,111
110000057,315,1133,-818
110000058,778,812,-34
110000059,873,646,227
110000060,562,1048,-486
110000061,921,966,-45
110000062,769,924,-155
110000063,33,92,-59
110000064,96,224,-128
110000065,53,97,-44
110000066,60,40,20
110000067,75,701,-626
110000068,189,948,-759
110000069,146,136,10
110000071,85,193,-108
110000073,3,25,-22
110000075,4,90,-86
110000076,229,304,-75
110000077,590,746,-156
110000078,21,53,-32
110000080,273,875,-602
110000081,12,302,-290
110000082,19,335,-316
110000083,238,731,-493
110000084,673,710,-37
110000085,2589,1737,852
110000086,1323,1541,-218
110000087,8,69,-61
110000088,43,303,-260
110000089,212,206,6
110000090,61,461,-400
110000091,2929,395,2534
110000092,16,152,-136
110000093,30,12,18
110000094,531,279,252
110000095,105,720,-615
110000096,5203,2059,3144
110000097,1030,1240,-210
110000098,1710,660,1050
110000099,954,2053,-1099
110000100,555,1229,-674
110000101,12,827,-815
110000102,39,21,18
110000104,156,77,79
110000105,34,323,-289
110000106,430,246,184
110000107,447,500,-53
110000108,177,76,101
110000109,266,359,-93
110000110,5698,5363,335
110000111,10806,2704,8102
110000112,1635,679,956
110000113,704,1621,-917
110000114,79,487,-408
110000115,221,307,-86
110000116,29,53,-24
110000117,118,907,-789
110000118,368,456,-88
110000119,239,673,-434
110000120,297,286,11
110000121,76,428,-352
110000122,406,723,-317
110000123,410,651,-241
110000124,3,988,-985
110000125,867,5,862
110000126,292,22,270
110000127,964,52,912
110000128,22,1987,-1965
110000129,3,595,-592
110000130,136,169,-33
110000131,129,349,-220
110000132,1,800,-799
110000133,65,401,-336
110000134,24,388,-364
110000135,165,44,121
110000136,65,404,-339
110000137,415,1000,-585
110000138,719,1258,-539
110000139,670,2350,-1680
110000140,1078,686,392
110000143,797,476,321
110000144,4983,1494,3489
110000145,1387,1220,167
110000146,2171,1609,562
110000147,279,852,-573
110000148,228,526,-298
110000151,712,607,105
110000152,597,328,269
110000153,54,73,-19
110000154,68,39,29
110000155,3110,3561,-451
110000156,851,1934,-1083
110000157,1529,2159,-630
110000160,256,520,-264
110000161,153,772,-619
110000166,400,213,187
110000167,615,557,58
110000168,876,305,571
110000169,766,375,391
110000170,83,106,-23
110000171,564,186,378
110000172,187,1023,-836
110000173,1591,1631,-40
110000174,130,2143,-2013
110000175,417,67,350
110000176,51,236,-185
110000177,179,822,-643
110000178,705,954,-249
110000179,2037,534,1503
110000180,146,472,-326
110000181,200,584,-384
110000182,385,451,-66
110000183,17068,5994,11074
110000184,1313,2012,-699
110000185,884,774,110
110000186,789,730,59
110000191,484,461,23
110000192,318,5,313
110000193,592,3,589
110000194,18,1996,-1978
110000195,286,637,-351
110000196,224,763,-539
110000197,55,357,-302
110000198,72,134,-62
110000199,57,150,-93
110000200,1618,749,869
110000201,593,774,-181
110000202,1200,593,607
110000203,935,1084,-149
110000204,3,491,-488
110000205,134,75,59
110000206,896,2512,-1616
110000207,628,364,264
110000208,134,113,21
110000209,146,1237,-1091
110000210,604,884,-280
110000211,468,1047,-579
110000212,362,939,-577
110000213,125,63,62
110000214,161,123,38
110000215,94,908,-814
110000216,59,953,-894
110000217,260,345,-85
110000218,139,774,-635
110000219,224,93,131
110000220,41,643,-602
110000221,204,99,105
110000222,25,481,-456
110000223,1,84,-83
110000224,50,11,39
110000225,202,627,-425
110000226,214,63,151
110000227,814,469,345
110000228,407,242,165
110000229,0,334,-334
110000230,531,629,-98
110000231,142,197,-55
110000232,141,213,-72
110000233,124,475,-351
110000234,549,477,72
110000235,1206,1067,139
110000236,311,1183,-872
110000237,1357,1199,158
110000238,964,1556,-592
110000239,1302,1529,-227
110000240,0,131,-131
110000242,0,14,-14
110000243,76,270,-194
110000244,117,575,-458
110000245,23,604,-581
110000246,607,889,-282
110000247,1504,6165,-4661
110000248,2527,2214,313
110000249,58,7,51
110000250,13,328,-315
110000251,190,804,-614
110000252,178,363,-185
110000253,1066,709,357
110000254,596,2074,-1478
110000255,210,1712,-1502
110000256,420,263,157
110000257,690,509,181
110000258,6,879,-873
110000259,82,27,55
110000260,16,628,-612
110000263,498,161,337
110000264,202,956,-754
110000265,953,1597,-644
110000266,2303,2467,-164
110000267,13,297,-284
110000268,329,1009,-680
110000269,3,145,-142
110000270,59,3,56
110000271,2896,365,2531
110000272,969,1134,-165
110000273,3620,1641,1979
110000274,239,1121,-882
110000275,4872,555,4317
110000276,128,258,-130
110000277,181,662,-481
110000278,227,1276,-1049
110000279,686,875,-189
110000280,220,585,-365
110000281,23,314,-291
110000282,251,66,185
110000283,53,112,-59
110000284,62,53,9
110000285,2,442,-440
110000286,34,0,34
110000287,53,3,50
110000288,3,165,-162
110000289,595,1845,-1250
110000290,1629,718,911
110000291,9161,1664,7497
110000292,1395,3876,-2481
110000293,400,1425,-1025
110000294,845,1029,-184
110000295,270,1556,-1286
110000296,509,445,64
110000297,2774,368,2406
110000298,209,692,-483
110000299,428,60,368
110000301,210,16,194
110000302,148,1926,-1778
110000303,332,7,325
110000304,82,412,-330
110000305,826,35,791
110000306,125,2760,-2635
110000307,1091,10,1081
110000308,376,8,368
110000309,12,1993,-1981
110000310,497,93,404
110000311,29,1183,-1154
110000312,349,75,274
110000313,3103,2665,438
110000314,1,329,-328
110000315,4417,2293,2124
110000316,698,1274,-576
110000317,510,370,140
110000318,2,136,-134
110000319,7,41,-34
110000320,26,52,-26
110000321,11,52,-41
110000322,186,730,-544
110000323,281,284,-3
110000324,6456,1273,5183
110000325,2709,2269,440
110000327,532,367,165
110000328,163,629,-466
110000333,504,481,23
110000334,632,1809,-1177
110000335,813,675,138
110000336,493,1589,-1096
110000337,960,647,313
110000338,315,303,12
110000339,153,338,-185
110000340,15,237,-222
110000341,342,716,-374
110000342,625,9,616
110000343,0,14,-14
110000344,30,271,-241
110000345,55,70,-15
110000346,2831,1392,1439
110000347,1057,768,289
110000348,14,47,-33
110000349,2,11,-9
110000350,56,8,48
110000351,651,1066,-415
110000352,458,1639,-1181
110000353,4048,861,3187
110000354,1141,2102,-961
110000355,126,113,13
110000356,893,4,889
110000357,324,28,296
110000361,17,99,-82
110000362,56,269,-213
110000363,346,129,217
110000364,178,367,-189
110000365,136,1,135
110000366,2,113,-111
110000367,364,555,-191
110000368,1,103,-102
110000369,39,1,38
110000373,7,424,-417
110000374,63,9,54
110000375,188,1161,-973
110000376,37,91,-54
110000377,71,399,-328
110000378,32,336,-304
110000379,5295,1373,3922
110000380,26,8,18
110000383,3,963,-960
110000384,1598,708,890
110000385,0,359,-359
110000387,58,4,54
110000388,51,254,-203
110000389,584,6,578
110000391,298,568,-270
110000396,117,215,-98
110000397,93,356,-263
110000398,7,55,-48
110000399,120,0,120
110000587,96,64,32
110000589,111,179,-68
110000640,110,172,-62
110000652,33,165,-132
110000653,174,605,-431
110000654,6,31,-25
110000656,1,901,-900
110000674,23,30,-7
110000675,7,26,-19
110000676,3,82,-79
110000679,440,1068,-628
110000682,115,149,-34
110000683,324,611,-287
110000684,2,81,-79
110000685,4,20,-16
110000686,5,45,-40
110000687,24,2,22
110000688,59,714,-655
110000689,25,78,-53
110000692,81,395,-314
110000693,97,246,-149
110000694,0,195,-195
110000695,143,932,-789
110000696,214,270,-56
110900001,175,28,147
110900002,167,328,-161
110900003,478,1361,-883
110900004,294,297,-3
110900005,7142,1911,5231
110900006,32,8,24
110900007,113,29,84
110900008,18,53,-35
110900009,380,49,331
110900010,2,121,-119
110900011,26,174,-148
110900012,6,155,-149
110900013,867,247,620
110900014,126,16,110
110900015,1446,542,904
110900016,28,241,-213
110900017,319,56,263
110900018,403,60,343
110900019,103,23,80
110900020,76,756,-680
110900021,67,895,-828
110900022,116,518,-402
110900023,77,1038,-961
110900024,25,664,-639
110900025,3,66,-63
110900027,53,463,-410
110900028,42,292,-250
110900029,42,710,-668
110900030,32,685,-653
110900031,0,265,-265
110900032,0,180,-180
110900033,40,501,-461
110900035,42,669,-627
110900036,120,36,84
110900037,48,47,1
110900038,2231,311,1920
110900039,20,348,-328
110900040,246,45,201
110900041,18,266,-248
110900042,64,86,-22
110900043,4,227,-223
110900044,291,54,237
110900045,78,939,-861
110900046,175,392,-217
110900047,1319,189,1130
110900049,71,64,7
110900050,10,3,7
110900051,23,280,-257
110900052,3,296,-293
110900053,75,77,-2
110900054,33,445,-412
110900055,15,3,12
110900056,39,153,-114
110900057,6,320,-314
110900058,169,397,-228
110900059,770,1348,-578
110900060,488,119,369
110900061,20,59,-39
110900062,103,429,-326
110900063,58,131,-73
110900064,4,0,4
110900065,324,122,202
110900066,23,121,-98
110900067,776,671,105
110900068,231,380,-149
110900069,2,37,-35
110900070,137,67,70
110900071,336,467,-131
110900073,0,38,-38
110900074,347,186,161
110900075,341,107,234
110900077,504,528,-24
110900078,12,194,-182
110900079,2334,802,1532
110900080,86,84,2
110900081,2,175,-173
110900082,70,381,-311
110900083,99,40,59
110900084,49,335,-286
110900085,68,682,-614
110900086,70,267,-197
110900087,235,67,168
110900088,7,1,6
110900090,51,30,21
110900091,6,77,-71
110900093,298,72,226
110900095,53,51,2
110900097,14,18,-4
110900098,21,180,-159
110900099,59,1059,-1000
110900100,0,28,-28
110900102,59,21,38
110900105,1195,673,522
110900108,6,240,-234
110900111,422,134,288
110900112,563,7,556
110900113,639,39,600
110900115,4,116,-112
110900116,381,4018,-3637
110900118,132,2271,-2139
110900119,7408,437,6971
110900120,23,145,-122
110900121,87,2,85
110900122,318,161,157
110900125,267,339,-72
110900127,419,958,-539
110900128,130,174,-44
110900129,446,577,-131
110900130,1495,335,1160
110900131,162,50,112
110900132,305,73,232
110900133,66,391,-325
110900135,94,895,-801
110900136,257,12,245
110900137,31,1,30
110900138,444,298,146
110900139,5,26,-21
110900140,32,7,25
110900141,0,110,-110
110900142,76,429,-353
110900143,125,82,43
110900144,3,969,-966
110900145,107,25,82
110900146,312,102,210
110900147,337,305,32
110900148,2,454,-452
110900149,1,136,-135
110900150,15,28,-13
110900151,1,138,-137
110900152,27,545,-518
110900153,84,34,50
111000001,259,178,81
111000002,401,530,-129
111000003,797,746,51
111000004,587,1254,-667
111000005,1367,1177,190
111000006,1066,2134,-1068
111000007,6668,2886,3782
111000008,4868,3896,972
111000009,321,1201,-880
111000010,769,260,509
111000011,324,829,-505
111000012,429,422,7
111000013,284,979,-695
111000014,590,619,-29
111000017,139,707,-568
111000018,233,448,-215
111000020,3261,2830,431
111000021,132,170,-38
111000023,112,130,-18
111000025,10120,2913,7207
111000029,62,117,-55
111000030,20,93,-73
111000031,2264,1027,1237
111000032,597,276,321
111000033,339,227,112
111000034,663,185,478
111000037,4879,1426,3453
111000038,3312,3411,-99
111000039,1590,3510,-1920
111000040,1648,3729,-2081
111000041,1941,2491,-550
111000042,9286,3370,5916
111000043,2523,2190,333
111000044,1298,1105,193
111000045,1629,2271,-642
111000046,1103,1578,-475
111000047,1649,2503,-854
111000049,369,724,-355
111000050,2581,2093,488
111000051,475,1557,-1082
111000052,598,1886,-1288
111000053,386,1588,-1202
111000054,228,1603,-1375
111000055,1447,2698,-1251
111000056,75,954,-879
111000057,65,1252,-1187
111000058,235,152,83
111000059,277,323,-46
111000060,2651,608,2043
111000061,474,363,111
111000062,595,257,338
111000063,1433,1057,376
111000064,379,707,-328
111000065,936,855,81
111000066,229,321,-92
111000067,525,798,-273
111000068,407,879,-472
111000069,1690,2112,-422
111000070,2079,1174,905
111000071,195,896,-701
111000072,636,317,319
111000073,245,520,-275
111000074,1271,1721,-450
111000075,738,1205,-467
111000076,447,1077,-630
111000077,1154,1636,-482
111000078,2218,1504,714
111000079,1484,906,578
111000080,415,783,-368
111000081,2611,3369,-758
111000082,493,782,-289
111000084,617,661,-44
111000085,879,1721,-842
111000086,4150,1342,2808
111000087,739,1020,-281
111000088,9642,2298,7344
111000089,738,973,-235
111000090,1400,1707,-307
111000091,754,897,-143
111000092,1128,1457,-329
111000093,528,899,-371
111000094,1674,1011,663
111000095,704,2420,-1716
111000096,3160,7654,-4494
111000097,8017,1093,6924
111000098,676,1741,-1065
111000099,605,3263,-2658
111000100,396,3319,-2923
111000101,418,1165,-747
111000102,136,1245,-1109
111000104,292,288,4
111000107,55,1401,-1346
111000109,339,276,63
111000110,699,562,137
111000111,1377,512,865
111000112,1265,381,884
111000113,679,894,-215
111000114,1291,2049,-758
111000115,10223,1288,8935
111000116,851,1245,-394
111000117,458,1116,-658
111000118,1351,1300,51
111000119,917,2267,-1350
111000120,356,709,-353
111000121,201,675,-474
111000122,603,1206,-603
111000123,1127,4918,-3791
111000124,559,4998,-4439
111000125,180,2804,-2624
111000126,116,1316,-1200
111000127,571,160,411
111000128,1143,322,821
111000129,1836,402,1434
111000130,1398,687,711
111000131,1167,584,583
111000132,933,565,368
111000133,104,192,-88
111000134,118,167,-49
111000135,35,116,-81
111000136,331,314,17
111000138,6,12,-6
111000140,1,8,-7
111000141,177,493,-316
111000142,14,168,-154
111000143,3,98,-95
111000144,8,117,-109
111000145,305,3,302
111000146,41,7,34
111000147,159,15,144
111000148,158,163,-5
111000149,6,49,-43
111000150,6,3,3
111000151,1,29,-28
111000153,661,738,-77
111000154,811,229,582
111000155,106,193,-87
111000156,461,485,-24
111000157,187,791,-604
111000158,953,686,267
111000159,3249,773,2476
111000160,191,450,-259
111000161,7,312,-305
111000162,1,223,-222
111000163,365,858,-493
111000164,851,2614,-1763
111000165,1659,540,1119
111000166,2142,436,1706
111000167,199,683,-484
111000168,217,634,-417
111000169,289,714,-425
111000170,521,490,31
111000171,366,1167,-801
111000172,98,634,-536
111000173,183,1342,-1159
111000174,159,1023,-864
111000175,46,378,-332
111000176,220,196,24
111000177,141,335,-194
111000178,626,330,296
111000179,123,218,-95
111000180,166,346,-180
111000181,772,385,387
111000182,137,238,-101
111000183,240,286,-46
111000184,324,279,45
111000185,340,577,-237
111000186,211,348,-137
111000187,130,385,-255
111000188,139,568,-429
111000189,1936,621,1315
111000190,204,622,-418
111000191,164,582,-418
111000192,271,726,-455
111000193,489,515,-26
111000194,24,492,-468
111000195,81,588,-507
111000196,52,364,-312
111000197,177,169,8
111000198,308,123,185
111000199,120,177,-57
111000200,203,316,-113
111000201,393,234,159
111000202,121,236,-115
111000203,208,236,-28
111000204,259,512,-253
111000213,180,398,-218
111000214,1464,2187,-723
111000215,865,1647,-782
111000217,1014,1233,-219
111000218,958,1254,-296
111000219,401,228,173
111000220,4340,723,3617
111000221,806,341,465
111000224,0,243,-243
111000225,178,32,146
111000226,240,4,236
111000227,65,4,61
111000228,10,252,-242
111000229,36,474,-438
111000230,332,871,-539
111000231,825,2107,-1282
111000232,345,968,-623
111000233,385,865,-480
111000234,110,363,-253
111000239,123,268,-145
111000240,58,214,-156
111000241,33,544,-511
111000242,95,121,-26
111000243,73,1018,-945
111000244,304,159,145
111000245,646,894,-248
111000246,309,807,-498
111000247,175,1362,-1187
111000248,537,640,-103
111000249,507,1103,-596
111000250,42,261,-219
111000251,52,221,-169
111000253,5,25,-20
111000255,5,28,-23
111000257,22,19,3
111000260,89,1682,-1593
111000261,689,61,628
111000271,39,312,-273
111000273,10005,1728,8277
111000274,1218,1886,-668
111000275,96,75,21
111000276,338,3312,-2974
111000277,220,617,-397
111000278,574,321,253
111000291,496,3446,-2950
111000298,519,321,198
111000299,552,135,417
111000300,83,866,-783
111000302,242,113,129
111000303,69,408,-339
111000312,44,87,-43
111000315,0,18,-18
111000320,453,971,-518
111000321,249,97,152
111000322,222,750,-528
111000323,133,20,113
111000324,350,433,-83
111000325,13,55,-42
111000326,133,401,-268
111000327,343,665,-322
111000328,145,465,-320
111000329,0,19,-19
111000330,20,16,4
111000331,4,10,-6
111000332,405,1810,-1405
111000334,448,2066,-1618
111000335,477,202,275
111000337,677,583,94
111000338,30,168,-138
111000339,214,971,-757
111000340,91,1352,-1261
111000341,769,380,389
111000342,143,254,-111
111000344,811,1025,-214
111000345,164,47,117
111000346,7,134,-127
111000347,69,3,66
111000350,130,158,-28
111000351,79,198,-119
111000352,144,323,-179
111000353,131,293,-162
111000354,337,328,9
111000355,249,1020,-771
111000358,137,2859,-2722
111000360,139,1444,-1305
111000361,93,712,-619
111000546,415,983,-568
111000547,242,1252,-1010
111000548,69,227,-158
111000549,270,849,-579
111000550,60,494,-434
111000551,689,299,390
111000552,600,71,529
111000907,296,17,279
111000908,8,1,7
111000916,906,356,550
111000917,42,473,-431
111000918,143,1667,-1524
111000920,226,6,220
111000921,6,332,-326
111000922,277,409,-132
111000924,43,1611,-1568
111000925,1467,2171,-704
111000926,849,2718,-1869
111000927,2725,4762,-2037
111000928,6814,4894,1920
111000929,888,1151,-263
111000930,723,3232,-2509
111000931,1635,2163,-528
111000932,4980,2870,2110
111000933,3128,1973,1155
111000934,2398,3559,-1161
111000935,798,901,-103
111000936,990,2734,-1744
111000937,525,1192,-667
111000938,1903,2437,-534
111000939,247,54,193
111000940,243,247,-4
111000941,192,973,-781
111000943,202,260,-58
111000944,86,799,-713
111000945,42,3312,-3270
111001109,448,212,236
111001110,223,653,-430
111001111,33,8,25
111001112,119,31,88
111001113,6,154,-148
111001114,1251,83,1168
111001115,28,440,-412
111001116,7340,2364,4976
111001117,835,1100,-265
111001120,92,516,-424
111001121,127,409,-282
111001122,42,440,-398
111900001,14,254,-240
111900002,13,1304,-1291
111900003,2,749,-747
111900004,52,291,-239
111900006,11,18,-7
111900007,66,3,63
111900008,81,1,80
111900009,95,248,-153
111900010,308,858,-550
111900012,92,196,-104
111900013,3,103,-100
111900014,10776,2794,7982
111900015,2,120,-118
111900016,0,246,-246
111900017,0,273,-273
111900018,109,3,106
111900019,1,151,-150
111900020,6,82,-76
111900021,33,148,-115
111900022,9,90,-81
111900023,179,83,96
111900024,1,93,-92
111900025,0,80,-80
111900026,1,119,-118
111900027,7,246,-239
111900028,5,621,-616
111900029,7,165,-158
111900030,116,598,-482
111900031,14,82,-68
111900032,3,577,-574
111900033,0,161,-161
111900034,212,493,-281
111900035,12,337,-325
111900036,4,566,-562
111900038,443,780,-337
111900039,58,684,-626
111900040,4,982,-978
111900042,85,177,-92
111900043,6,710,-704
111900044,328,464,-136
111900046,44,402,-358
111900048,169,1324,-1155
111900049,39,427,-388
111900050,97,22,75
111900051,6,376,-370
111900052,487,763,-276
111900053,1791,737,1054
111900054,109,4,105
111900055,38,925,-887
111900056,255,160,95
111900057,63,52,11
111900058,296,1217,-921
111900059,3433,293,3140
111900060,275,3,272
111900061,17,447,-430
111900062,19,20,-1
111900063,140,416,-276
111900064,106,455,-349
111900065,62,21,41
111900066,119,149,-30
111900067,4,548,-544
111900068,34,20,14
111900069,35,23,12
111900070,99,164,-65
111900071,0,477,-477
111900072,40,19,21
111900073,388,113,275
111900074,14,374,-360
111900075,45,10,35
111900076,116,45,71
111900077,39,3,36
111900078,213,12,201
111900079,44,16,28
111900080,246,216,30
111900081,1418,151,1267
111900082,110,15,95
111900083,52,12,40
111900084,53,2,51
111900085,32,111,-79
111900086,18,4,14
111900087,29,1,28
111900088,351,2,349
111900089,84,4,80
111900090,63,35,28
111900091,133,5,128
111900092,41,0,41
111900093,288,3,285
111900094,71,0,71
111900095,147,16,131
111900096,114,1,113
111900097,27,1,26
111900098,115,1,114
111900099,40,0,40
111900100,45,7,38
111900101,64,15,49
111900102,260,1272,-1012
111900103,87,43,44
111900104,88,72,16
111900105,369,264,105
111900106,2772,99,2673
111900107,107,183,-76
111900108,159,79,80
111900109,792,248,544
111900110,4101,376,3725
111900111,66,319,-253
111900112,1331,1645,-314
111900113,342,55,287
111900114,285,208,77
111900115,20,73,-53
111900118,147,74,73
111900119,233,124,109
111900122,80,38,42
111900123,6,23,-17
111900124,47,197,-150
111900125,357,20,337
111900126,215,4,211
111900127,3,956,-953
111900128,7,1034,-1027
111900129,165,4,161
111900130,219,14,205
111900131,283,3,280
111900132,39,2361,-2322
111900133,1,651,-650
111900134,22,463,-441
111900135,7,29,-22
111900136,59,162,-103
111900137,72,96,-24
111900138,23,155,-132
111900139,25,336,-311
111900140,53,26,27
111900141,65,15,50
111900142,91,30,61
111900143,24,401,-377
111900144,3,225,-222
111900145,4,989,-985
111900146,5,579,-574
111900147,185,759,-574
111900148,52,1351,-1299
111900149,10,533,-523
111900150,9,288,-279
111900151,6,35,-29
111900152,71,83,-12
111900153,2626,321,2305
111900154,18,204,-186
111900155,79,59,20
111900156,41,65,-24
111900157,67,18,49
111900158,361,13,348
111900159,230,11,219
111900160,181,0,181
111900161,62,0,62
111900162,66,145,-79
111900163,56,374,-318
111900164,48,55,-7
111901113,292,277,15
111901114,122,582,-460
111901115,51,0,51
111901116,57,2,55
111901117,23,30,-7
111901118,185,158,27
111901119,2588,186,2402
111901120,131,526,-395
111901121,280,758,-478
111901122,6,1025,-1019
111901123,101,577,-476
111901124,104,4,100
111901125,198,101,97
111901126,88,35,53
111901127,1693,476,1217
111901128,9,254,-245
111901129,8,335,-327
111901130,10,536,-526
111901131,0,326,-326
111901132,76,5,71
111901133,43,2,41
111901134,70,4,66
111901135,14,8,6
111901136,29,33,-4
111901137,1,28,-27
111901138,119,49,70
111901139,28,61,-33
111901140,5,223,-218
111901141,13,561,-548
111901142,5,300,-295
111901143,2,153,-151
111901144,17,31,-14
112000001,1614,1123,491
112000002,775,3046,-2271
112000003,710,1187,-477
112000004,766,2343,-1577
112000005,2171,2155,16
112000006,2101,2889,-788
112000007,1849,1563,286
112000008,1940,3598,-1658
112000009,4324,4469,-145
112000010,2067,2785,-718
112000011,1842,2935,-1093
112000012,4346,2943,1403
112000013,5560,3731,1829
112000014,2769,918,1851
112000015,3045,3215,-170
112000016,3989,846,3143
112000017,1720,1832,-112
112000024,2850,1085,1765
112000026,5292,6549,-1257
112000027,1063,540,523
112000028,1978,2325,-347
112000029,437,580,-143
112000030,194,133,61
112000031,1517,3774,-2257
112000032,514,107,407
112000033,1818,1278,540
112000034,194,69,125
112000035,57,316,-259
112000036,693,832,-139
112000037,807,828,-21
112000038,1002,1004,-2
112000039,43,96,-53
112000040,146,290,-144
112000041,448,613,-165
112000042,1444,354,1090
112000050,868,1635,-767
112000051,714,968,-254
112000054,1825,3176,-1351
112000057,611,408,203
112000058,382,766,-384
112000059,698,688,10
112000061,5408,2423,2985
112000062,2438,826,1612
112000063,1995,1233,762
112000064,5197,7786,-2589
112000065,2391,3584,-1193
112000066,3344,1115,2229
112000067,873,811,62
112000068,2352,1509,843
112000069,642,2817,-2175
112000070,1706,808,898
112000071,840,3829,-2989
112000072,1375,1072,303
112000073,1177,2205,-1028
112000074,805,1099,-294
112000075,1131,1324,-193
112000076,3455,3498,-43
112000077,369,903,-534
112000078,1172,813,359
112000079,1313,1465,-152
112000080,584,1138,-554
112000081,1385,2492,-1107
112000082,1405,784,621
112000083,523,1906,-1383
112000084,1132,795,337
112000085,792,1603,-811
112000086,1217,1801,-584
112000087,230,575,-345
112000088,377,913,-536
112000089,202,341,-139
112000090,127,427,-300
112000091,557,1689,-1132
112000092,1329,999,330
112000093,1620,1338,282
112000094,474,964,-490
112000095,475,1062,-587
112000096,363,889,-526
112000097,749,569,180
112000098,1144,2316,-1172
112000099,669,890,-221
112000100,1224,1366,-142
112000101,445,1377,-932
112000102,748,818,-70
112000103,357,1788,-1431
112000105,471,2640,-2169
112000106,1081,573,508
112000107,20,233,-213
112000108,147,2092,-1945
112000109,66,68,-2
112000110,1010,441,569
112000111,1189,5379,-4190
112000112,2689,708,1981
112000113,960,2574,-1614
112000114,1929,1436,493
112000115,244,725,-481
112000116,664,1423,-759
112000117,993,1101,-108
112000118,1021,1059,-38
112000119,435,1361,-926
112000120,68,563,-495
112000121,93,1064,-971
112000122,169,195,-26
112000123,380,191,189
112000124,230,97,133
112000125,84,158,-74
112000126,136,1088,-952
112000127,2404,1547,857
112000128,1177,794,383
112000129,110,156,-46
112000130,116,77,39
112000131,28,584,-556
112000132,85,407,-322
112000133,323,574,-251
112000134,407,527,-120
112000135,625,901,-276
112000136,935,1309,-374
112000137,920,1727,-807
112000138,1144,1254,-110
112000139,871,314,557
112000140,924,1301,-377
112000141,560,228,332
112000142,158,1160,-1002
112000143,876,217,659
112000144,315,2300,-1985
112000145,1667,752,915
112000146,662,3061,-2399
112000147,1291,1763,-472
112000148,1595,2791,-1196
112000149,262,1066,-804
112000150,110,805,-695
112000151,296,1003,-707
112000152,240,489,-249
112000153,213,472,-259
112000154,115,153,-38
112000155,129,117,12
112000157,757,539,218
112000158,247,1368,-1121
112000159,313,405,-92
112000167,221,53,168
112000169,389,336,53
112000173,467,298,169
112000175,297,527,-230
112000176,4969,2482,2487
112000177,474,130,344
112000178,80,752,-672
112000179,145,206,-61
112000180,273,363,-90
112000181,1422,2811,-1389
112000182,743,3098,-2355
112000183,57,59,-2
112000184,225,1000,-775
112000185,383,702,-319
112000187,5018,3194,1824
112000195,129,17,112
112000196,246,3,243
112000197,210,170,40
112000198,24,444,-420
112000199,224,1105,-881
112000202,237,0,237
112000216,64,219,-155
112000230,65,10,55
112000231,0,486,-486
112000256,36,211,-175
112000313,231,189,42
112000314,45,25,20
112000337,206,660,-454
112000352,300,249,51
112000392,2354,1805,549
112000398,816,799,17
112000399,3424,1674,1750
112000400,2283,4549,-2266
112000401,2400,3163,-763
112000402,1681,2203,-522
112000403,2253,1800,453
112000404,427,709,-282
112000405,1377,2487,-1110
112000406,3843,3690,153
112000407,4352,6888,-2536
112000408,10470,8469,2001
112000409,1810,6148,-4338
112000410,380,178,202
112000411,7560,1030,6530
112000412,1698,508,1190
112000413,13652,3748,9904
112000414,87,108,-21
112000415,62,100,-38
112000416,1572,1297,275
112000417,191,71,120
112000421,36,240,-204
112000422,314,939,-625
112000424,3564,1844,1720
112000425,436,1490,-1054
112000426,99,273,-174
112000427,0,22,-22
112000428,122,704,-582
112000429,2142,3129,-987
112000430,2296,3087,-791
112000431,54,137,-83
112000432,703,2910,-2207
112000433,539,998,-459
112000437,40,349,-309
112900001,41,0,41
112900002,216,1654,-1438
112900003,29,415,-386
112900004,36,412,-376
112900005,141,271,-130
112900006,5,683,-678
112900007,24,280,-256
112900008,0,33,-33
112900009,407,78,329
112900010,224,1007,-783
112900011,387,365,22
112900012,1,66,-65
112900013,1,428,-427
112900014,3,381,-378
112900015,442,1370,-928
112900016,1,358,-357
112900017,29,331,-302
112900018,1,476,-475
112900019,84,187,-103
112900020,582,2152,-1570
112900021,1,460,-459
112900022,14,93,-79
112900023,0,406,-406
112900024,28,399,-371
112900025,158,436,-278
112900026,9,492,-483
112900027,7,1700,-1693
112900028,21,191,-170
112900029,4,865,-861
112900030,249,298,-49
112900031,4,750,-746
112900032,117,275,-158
112900034,2,101,-99
112900035,4,631,-627
112900036,17,155,-138
112900037,110,109,1
112900038,433,190,243
112900039,12,419,-407
112900040,5,480,-475
112900041,1848,1173,675
112900042,26,819,-793
112900043,9,57,-48
112900044,1034,598,436
112900045,517,465,52
112900046,284,133,151
112900047,26,16,10
112900049,100,139,-39
112900050,114,875,-761
112900051,346,1292,-946
112900052,11,1691,-1680
112900053,327,187,140
112900054,344,47,297
112900055,168,34,134
112900056,357,137,220
112900057,5,1058,-1053
112900058,286,263,23
112900059,161,163,-2
112900060,26,480,-454
112900061,64,205,-141
112900062,50,217,-167
112900063,104,10,94
112900064,248,292,-44
112900065,52,30,22
112900066,245,132,113
112900067,656,236,420
112900068,33,32,1
112900069,3293,635,2658
112900071,22,6,16
112900072,422,1078,-656
112900073,208,61,147
112900074,100,134,-34
112900075,2669,615,2054
112900076,111,17,94
112900078,249,263,-14
112900079,210,20,190
112900080,20,3,17
112900081,33,124,-91
112900082,312,17,295
112900083,113,32,81
112900084,107,95,12
112900085,0,11,-11
112900086,21,0,21
112900087,419,121,298
112900088,117,2,115
112900089,813,29,784
112900090,49,27,22
112900091,139,2,137
112900092,115,145,-30
112900093,887,10,877
112900094,38,10,28
112900095,15,2,13
112900096,311,117,194
112900097,62,765,-703
112900098,44,3,41
112900099,562,25,537
112900100,27,2,25
112900101,198,1,197
112900102,72,3,69
112900103,137,1,136
112900104,22,1,21
112900105,9,0,9
112900106,339,89,250
112900107,8,1,7
112900108,2,0,2
112900109,61,0,61
112900110,641,6,635
112900111,395,2,393
112900112,206,0,206
112900113,0,9,-9
112900114,68,39,29
112900115,606,5,601
112900116,50,30,20
112900117,117,177,-60
112900118,38,131,-93
112900119,82,5,77
112900120,988,282,706
112900121,414,256,158
112900122,7,198,-191
112900123,135,21,114
112900124,12,248,-236
112900125,90,605,-515
112900126,167,291,-124
112900127,252,39,213
112900128,514,1137,-623
112900129,3,1413,-1410
112900130,231,72,159
112900131,38,266,-228
112900132,58,468,-410
112900133,26,1591,-1565
112900134,1,449,-448
112900135,78,50,28
112900136,0,57,-57
112900137,4,1080,-1076
112900138,9,701,-692
112900139,266,2250,-1984
112900140,0,93,-93
112900141,485,52,433
112900142,75,115,-40
112900143,63,903,-840
112900144,5,423,-418
112900145,36,775,-739
112900146,11,2004,-1993
112900147,9,3279,-3270
112900148,32,0,32
112900149,218,519,-301
112900151,11,44,-33
112900152,5806,1182,4624
112900153,2284,1562,722
112900154,2,90,-88
112900155,190,10,180
112900156,230,2340,-2110
112900157,119,36,83
112900158,23,15,8
112900159,217,51,166
112900160,39,382,-343
112900161,68,22,46
112900162,37,15,22
112900163,160,27,133
112900164,17,112,-95
112900165,69,51,18
112900166,16,35,-19
112900167,4,27,-23
112900168,0,0,0
112900169,14,9,5
112900170,30,128,-98
112900172,85,11,74
112900173,254,149,105
112900174,264,30,234
112900175,188,167,21
112900176,3,11,-8
112900177,175,29,146
112900178,630,1590,-960
112900179,47,643,-596
112900180,1231,2377,-1146
112900181,359,1,358
112900182,40,1956,-1916
112900183,147,299,-152
112900184,559,414,145
112900185,349,540,-191
112900186,1859,847,1012
112900187,80,354,-274
112900188,786,437,349
112900189,35,35,0
112900190,3,79,-76
112900192,527,503,24
112900193,1411,326,1085
112900194,24,111,-87
112900195,549,30,519
112900196,281,810,-529
112900197,167,504,-337
112900199,384,1017,-633
112900200,399,542,-143
112900201,87,112,-25
112900202,256,1263,-1007
112900203,174,581,-407
112900204,1205,547,658
112900205,1,12,-11
112900206,7,66,-59
112900207,6,0,6
112900208,47,193,-146
112900209,527,582,-55
112900210,0,21,-21
112900211,59,38,21
112900212,0,68,-68
112900213,17,8,9
112900214,28,6,22
112900215,3,336,-333
112900216,34,90,-56
112900217,0,96,-96
112900218,26,34,-8
112900219,27,0,27
112900220,11,1,10
112900221,6,252,-246
112900222,1,28,-27
112900223,806,11,795
112900224,194,1396,-1202
112900225,305,869,-564
112900226,303,416,-113
112900227,315,1902,-1587
112900228,30,32,-2
112900229,111,89,22
112900230,10515,4269,6246
112900232,183,224,-41
112900233,55,379,-324
112900234,9,165,-156
112900235,55,35,20
112900236,239,27,212
112900237,100,546,-446
112900238,3,55,-52
113000001,4875,6830,-1955
113000002,3375,4544,-1169
113000003,2030,2761,-731
113000004,1913,3010,-1097
113000005,1301,1624,-323
113000006,1194,1647,-453
113000007,1400,1741,-341
113000008,1613,2332,-719
113000009,819,1096,-277
113000010,1018,1987,-969
113000011,884,1686,-802
113000012,1035,1036,-1
113000013,1088,687,401
113000014,1819,1534,285
113000015,677,228,449
113000016,333,493,-160
113000017,66,314,-248
113000018,283,77,206
113000019,99,306,-207
113000020,92,22,70
113000021,1650,597,1053
113000022,613,1663,-1050
113000025,38,301,-263
113000026,327,586,-259
113000027,1394,463,931
113000028,2180,604,1576
113000029,1101,749,352
113000030,582,674,-92
113000031,247,335,-88
113000032,305,356,-51
113000033,413,535,-122
113000034,468,451,17
113000035,27,59,-32
113000036,12,63,-51
113000037,101,45,56
113000038,12,67,-55
113000039,77,693,-616
113000040,33,71,-38
113000042,982,700,282
113000051,824,2697,-1873
113000052,2741,1517,1224
113000053,273,850,-577
113000054,262,1050,-788
113000055,841,1230,-389
113000056,731,1707,-976
113000058,923,971,-48
113000059,1363,943,420
113000060,140,644,-504
113000061,803,1107,-304
113000062,1586,343,1243
113000063,85,346,-261
113000064,45,661,-616
113000065,146,1693,-1547
113000066,500,136,364
113000067,1565,1808,-243
113000068,365,2646,-2281
113000069,587,1877,-1290
113000070,1606,1256,350
113000071,334,913,-579
113000072,610,626,-16
113000073,855,2252,-1397
113000074,962,467,495
113000075,2010,766,1244
113000076,1391,2262,-871
113000077,1658,566,1092
113000078,969,2747,-1778
113000079,712,854,-142
113000080,458,544,-86
113000081,821,1015,-194
113000082,1373,866,507
113000083,556,942,-386
113000084,1769,1337,432
113000085,962,801,161
113000086,1062,1531,-469
113000087,814,890,-76
113000088,2603,1537,1066
113000089,832,1454,-622
113000090,237,618,-381
113000091,808,365,443
113000094,1167,239,928
113000095,225,1496,-1271
113000096,155,1186,-1031
113000097,1161,344,817
113000098,147,46,101
113000099,1145,372,773
113000100,140,599,-459
113000101,445,831,-386
113000102,484,327,157
113000103,2790,640,2150
113000104,393,3173,-2780
113000105,674,578,96
113000106,495,653,-158
113000107,684,1061,-377
113000108,945,1612,-667
113000109,548,4739,-4191
113000110,1420,482,938
113000111,203,860,-657
113000112,212,335,-123
113000113,1736,320,1416
113000114,334,2028,-1694
113000116,747,256,491
113000117,1226,153,1073
113000118,235,501,-266
113000119,233,521,-288
113000120,51,261,-210
113000121,521,1135,-614
113000124,193,137,56
113000125,74,676,-602
113000127,4742,722,4020
113000128,703,785,-82
113000129,594,1999,-1405
113000133,5649,1893,3756
113000134,5,1228,-1223
113000135,3410,3847,-437
113000137,2413,3219,-806
113000139,411,194,217
113000140,162,351,-189
113000141,340,198,142
113000142,556,1290,-734
113000143,234,263,-29
113000144,363,1000,-637
113000145,60,200,-140
113000146,152,120,32
113000147,204,328,-124
113000148,115,272,-157
113000149,81,267,-186
113000150,693,670,23
113000151,98,119,-21
113000152,30,157,-127
113000153,2128,760,1368
113000154,764,2099,-1335
113000155,308,543,-235
113000156,146,513,-367
113000157,249,1217,-968
113000158,636,299,337
113000159,904,703,201
113000160,528,1545,-1017
113000161,243,821,-578
113000162,550,490,60
113000163,100,32,68
113000164,10,107,-97
113000166,100,64,36
113000167,27,205,-178
113000168,66,191,-125
113000169,160,90,70
113000170,84,144,-60
113000171,41,104,-63
113000172,257,83,174
113000173,47,19,28
113000174,128,687,-559
113000175,388,130,258
113000176,516,196,320
113000177,171,543,-372
113000178,180,512,-332
113000179,291,151,140
113000180,734,1935,-1201
113000181,808,1292,-484
113000182,215,456,-241
113000183,212,665,-453
113000184,30,132,-102
113000189,491,856,-365
113000190,1552,666,886
113000192,3064,1528,1536
113000193,7459,1010,6449
113000194,2467,1164,1303
113000195,3198,763,2435
113000196,152,125,27
113000197,1851,1284,567
113000198,65,381,-316
113000199,1332,565,767
113000201,704,203,501
113000202,5342,3564,1778
113000203,471,265,206
113000204,2312,1816,496
113000205,23,32,-9
113000206,12,52,-40
113000207,58,26,32
113000208,49,74,-25
113000209,27,28,-1
113000210,6,35,-29
113000211,260,206,54
113000212,313,32,281
113000213,33,149,-116
113000214,197,291,-94
113000234,176,1984,-1808
113000410,97,219,-122
113000411,3001,4909,-1908
113000412,9717,2640,7077
113000413,4175,3233,942
113000414,10587,13238,-2651
113000415,2881,3895,-1014
113000416,11684,5176,6508
113000417,3951,4180,-229
113000418,3342,2939,403
113000419,1931,2418,-487
113000420,4239,5863,-1624
113000421,3932,6244,-2312
113000422,18130,12209,5921
113000423,2880,5672,-2792
113000424,4662,10191,-5529
113000425,6,100,-94
113000428,37,24,13
113000430,13,31,-18
113000432,1618,172,1446
113000433,123,1495,-1372
113000434,6,384,-378
113000435,19,1279,-1260
113000436,44,2121,-2077
113000437,649,13,636
113000438,177,12,165
113000439,8,237,-229
113000440,61,20,41
113000441,171,242,-71
113000442,168,370,-202
113000443,141,553,-412
113000444,195,426,-231
113000445,72,245,-173
113000446,15,113,-98
113000448,244,318,-74
113000449,404,786,-382
113000450,1096,4101,-3005
113000451,1950,202,1748
113000452,608,582,26
113000453,48,412,-364
113000454,1751,30,1721
113000455,6,210,-204
113000456,5049,2785,2264
113000468,4010,342,3668
113000469,392,233,159
113000470,803,103,700
113000471,13,644,-631
113000472,104,396,-292
113000474,249,624,-375
113000475,1649,2433,-784
113000476,942,2199,-1257
113000477,1890,2027,-137
113000478,4068,7213,-3145
113000479,57,252,-195
113000480,147,99,48
113000482,0,0,0
113000484,0,0,0
113000485,0,0,0
113000486,2,0,2
113000487,0,0,0
113000489,0,0,0
113000490,0,0,0
113000491,3,2,1
113000492,0,0,0
113000493,0,0,0
113000495,154,217,-63
113000496,66,94,-28
113000498,0,0,0
113000499,0,0,0
113000500,0,6,-6
113900001,4,412,-408
113900002,3,325,-322
113900003,2,273,-271
113900004,1,91,-90
113900005,0,58,-58
113900006,46,40,6
113900007,89,18,71
113900008,121,0,121
113900009,497,3,494
113900010,299,1,298
113900011,17,3,14
113900012,26,2,24
113900013,1313,7,1306
113900014,510,15,495
113900015,1,97,-96
113900016,7,0,7
113900017,0,66,-66
113900018,576,163,413
113900019,99,67,32
113900020,90,1,89
113900022,36,0,36
113900023,18,0,18
113900024,67,158,-91
113900025,367,47,320
113900026,32,2,30
113900027,1,136,-135
113900028,18,637,-619
113900029,46,362,-316
113900030,171,2,169
113900031,6,3,3
113900032,12,0,12
113900033,26,131,-105
113900035,54,1,53
113900036,7,199,-192
113900037,104,736,-632
113900038,43,105,-62
113900039,174,19,155
113900040,4,7,-3
113900041,5,4,1
113900042,74,71,3
113900043,234,162,72
113900044,212,107,105
113900045,33,2,31
113900046,246,995,-749
113900047,62,218,-156
113900048,363,79,284
113900049,1083,335,748
113900050,215,623,-408
113900051,273,626,-353
113900052,206,205,1
113900053,537,369,168
113900054,19,10,9
113900055,91,885,-794
113900056,64,226,-162
113900057,21,195,-174
113900058,54,344,-290
113900059,189,514,-325
113900060,92,411,-319
113900061,1332,226,1106
113900062,118,10,108
113900063,89,235,-146
113900064,30,220,-190
113900065,335,30,305
113900066,352,504,-152
113900067,101,585,-484
113900068,495,423,72
113900069,81,26,55
113900070,211,566,-355
113900071,84,135,-51
113900072,43,232,-189
113900073,154,328,-174
113900074,40,531,-491
113900075,1301,985,316
113900076,174,9,165
113900077,51,296,-245
113900078,59,97,-38
113900079,0,106,-106
113900080,442,205,237
113900081,38,293,-255
113900082,77,351,-274
113900083,253,853,-600
113900084,288,121,167
113900085,50,417,-367
113900086,19,30,-11
113900087,59,286,-227
113900088,41,77,-36
113900089,412,66,346
113900090,538,431,107
113900091,23,53,-30
113900092,22,93,-71
113900093,145,773,-628
113900094,333,584,-251
113900095,168,139,29
113900096,210,93,117
113900097,11,147,-136
113900098,630,87,543
113900099,1,145,-144
113900100,0,4,-4
113900101,6,77,-71
113900102,150,120,30
113900103,271,262,9
113900104,116,183,-67
113900105,73,490,-417
113900106,1,157,-156
113900107,5,57,-52
113900108,304,191,113
113900109,482,197,285
113900110,55,33,22
113900111,67,167,-100
113900112,120,90,30
113900113,728,490,238
113900114,3,197,-194
113900115,2,184,-182
113900116,96,141,-45
113900117,72,37,35
113900118,256,328,-72
113900119,326,545,-219
113900120,72,43,29
113900121,53,118,-65
113900122,398,1581,-1183
113900123,540,168,372
113900124,1,133,-132
113900125,1931,216,1715
113900126,109,72,37
113900127,238,561,-323
113900128,94,75,19
113900129,6,162,-156
113900130,1,25,-24
113900131,177,103,74
113900132,52,52,0
113900133,24,46,-22
113900135,224,592,-368
113900136,121,94,27
113900137,463,245,218
113900138,72,189,-117
113900139,679,126,553
113900140,505,308,197
113900141,390,742,-352
113900142,111,109,2
113900143,7,37,-30
113900144,303,190,113
113900145,251,281,-30
113900146,105,90,15
113900148,178,279,-101
113900149,124,59,65
113900150,1214,983,231
113900151,295,271,24
113900152,32,49,-17
113900153,529,827,-298
113900154,0,108,-108
113900155,275,157,118
113900156,252,888,-636
113900157,19,210,-191
113900158,430,327,103
113900159,24,226,-202
113900160,463,805,-342
113900161,50,199,-149
113900162,569,888,-319
113900163,323,309,14
113900164,326,67,259
113900165,614,609,5
113900166,316,186,130
113900167,167,40,127
113900168,170,139,31
113900169,273,452,-179
113900171,131,97,34
113900172,10,322,-312
113900173,71,1100,-1029
113900174,453,763,-310
113900175,349,177,172
113900176,275,877,-602
113900177,286,313,-27
113900178,204,150,54
113900179,36,970,-934
113900180,230,160,70
113900181,640,103,537
113900182,616,1147,-531
113900183,92,111,-19
113900184,34,814,-780
113900185,158,118,40
113900186,28,74,-46
113900187,43,179,-136
113900188,29,201,-172
113900189,340,64,276
113900190,335,169,166
113900191,192,331,-139
113900192,12,493,-481
113900193,36,480,-444
113900194,2869,1223,1646
113900195,258,592,-334
113900196,5,132,-127
113900197,10,432,-422
113900198,29,143,-114
113900199,215,1062,-847
113900200,10,362,-352
113900201,6,371,-365
113900202,49,345,-296
113900203,2,254,-252
113900204,57,777,-720
113900205,17,197,-180
113900206,4,206,-202
113900207,0,84,-84
113900208,3,76,-73
113900209,2,157,-155
113900210,846,862,-16
113900211,169,82,87
113900212,184,843,-659
113900214,531,555,-24
113900215,50,188,-138
113900216,112,1662,-1550
113900217,77,388,-311
113900218,103,31,72
113900219,134,700,-566
113900220,129,57,72
113900221,419,207,212
113900222,356,472,-116
113900223,131,1399,-1268
113900224,99,118,-19
113900225,1055,277,778
113900226,295,158,137
113900227,279,230,49
113900228,303,345,-42
113900229,73,583,-510
113900230,6582,2949,3633
113900231,177,355,-178
113900232,60,131,-71
113900233,75,78,-3
113900234,356,454,-98
113900235,66,26,40
113900236,88,566,-478
113900237,115,13,102
113900238,228,543,-315
113900239,63,80,-17
113900240,5,118,-113
113900241,111,101,10
113900242,32,236,-204
113900243,167,480,-313
113900244,587,287,300
113900245,1595,320,1275
113900246,34,22,12
113900247,147,375,-228
113900248,4900,1932,2968
113900249,1870,434,1436
113900250,74,160,-86
113900251,507,313,194
113900252,413,16,397
113900253,753,36,717
113900254,816,127,689
113900255,395,38,357
113900256,256,48,208
113900257,65,967,-902
113900258,13,877,-864
113900259,375,313,62
113900260,175,22,153
113900261,60,147,-87
113900262,131,988,-857
113900263,208,843,-635
113900264,9,807,-798
113900265,168,413,-245
113900266,36,373,-337
113900267,134,651,-517
113900268,264,357,-93
113900269,75,185,-110
113900270,430,435,-5
113900271,563,1653,-1090
113900273,154,5,149
113900274,17,3,14
113900275,26,66,-40
113900276,3,408,-405
113900277,98,6,92
113900278,302,216,86
113900279,121,126,-5
113900280,1159,706,453
113900281,401,1270,-869
113900282,1132,593,539
113900283,353,523,-170
113900284,608,127,481
113900285,82,23,59
113900286,93,193,-100
113900287,33,180,-147
113900288,2,97,-95
113900289,1819,73,1746
113900290,643,162,481
113900291,176,191,-15
113900292,12,12,0
113900293,1,384,-383
113900294,339,45,294
113900295,449,418,31
113900296,3116,447,2669
113900297,1131,54,1077
113900298,4,2257,-2253
113900299,54,263,-209
113900300,8487,3508,4979
113900301,1342,448,894
113900302,3131,850,2281
113900303,800,377,423
113900304,0,199,-199
113900305,71,2,69
113900306,40,0,40
113900307,59,0,59
113900308,122,170,-48
113900309,3,1121,-1118
113900310,1,20,-19
113900311,2,0,2
113900312,134,154,-20
113900313,30,23,7
114000001,1255,5893,-4638
114000002,136,688,-552
114000003,24,456,-432
114000004,53,195,-142
114000005,185,331,-146
114000006,3396,2724,672
114000007,678,2012,-1334
114000008,1457,1580,-123
114000009,504,251,253
114000011,2717,5387,-2670
114000012,1762,4125,-2363
114000013,1456,3226,-1770
114000014,435,641,-206
114000015,1242,840,402
114000016,197,577,-380
114000017,121,214,-93
114000018,855,60,795
114000026,1131,2393,-1262
114000027,2169,2744,-575
114000028,2351,2725,-374
114000038,169,166,3
114000039,92,205,-113
114000040,67,189,-122
114000042,118,204,-86
114000043,65,234,-169
114000044,118,69,49
114000045,56,168,-112
114000046,2891,6260,-3369
114000047,9,92,-83
114000048,101,53,48
114000049,1376,1677,-301
114000050,1515,1784,-269
114000051,3201,2158,1043
114000052,3382,1531,1851
114000053,98,760,-662
114000054,151,2251,-2100
114000055,191,18,173
114000056,1388,904,484
114000057,14767,3245,11522
114000058,736,1452,-716
114000059,415,352,63
114000060,550,899,-349
114000061,4335,2434,1901
114000062,3035,1453,1582
114000063,3375,1902,1473
114000064,9331,3845,5486
114000065,2229,3104,-875
114000066,306,825,-519
114000067,16,511,-495
114000068,397,636,-239
114000069,783,709,74
114000070,2218,1809,409
114000071,638,848,-210
114000072,274,834,-560
114000073,10,234,-224
114000074,26,20,6
114000075,51,349,-298
114000076,19,348,-329
114000077,11,98,-87
114000078,176,1405,-1229
114000079,57,34,23
114000080,78,97,-19
114000081,65,123,-58
114000082,43,824,-781
114000083,63,495,-432
114000084,208,93,115
114000085,97,1223,-1126
114000086,211,853,-642
114000087,42,374,-332
114000088,56,97,-41
114000089,2363,589,1774
114000090,541,630,-89
114000091,1438,622,816
114000092,883,417,466
114000093,911,827,84
114000094,295,355,-60
114000095,89,126,-37
114000096,109,585,-476
114000097,125,1241,-1116
114000098,214,66,148
114000099,402,1377,-975
114000100,931,1338,-407
114000101,374,1462,-1088
114000102,226,349,-123
114000103,92,724,-632
114000104,8,536,-528
114000105,60,49,11
114000106,2045,658,1387
114000107,185,163,22
114000108,3486,1742,1744
114000109,350,684,-334
114000110,597,2559,-1962
114000111,1043,605,438
114000112,224,2239,-2015
114000113,586,448,138
114000114,1558,2245,-687
114000115,1562,1004,558
114000116,480,1181,-701
114000117,1908,494,1414
114000118,1771,495,1276
114000119,1243,415,828
114000120,630,1398,-768
114000121,489,835,-346
114000122,315,333,-18
114000123,1335,348,987
114000124,678,389,289
114000125,941,2558,-1617
114000126,1102,215,887
114000127,143,231,-88
114000128,880,856,24
114000130,356,669,-313
114000131,183,80,103
114000132,656,1025,-369
114000133,1073,2123,-1050
114000134,73,265,-192
114000138,33,261,-228
114000139,242,146,96
114000144,718,514,204
114000145,72,219,-147
114000146,129,481,-352
114000147,1281,1493,-212
114000148,2828,1682,1146
114000149,331,269,62
114000150,952,773,179
114000151,1157,1047,110
114000152,95,31,64
114000153,852,1620,-768
114000154,671,670,1
114000155,1300,2107,-807
114000156,776,494,282
114000157,303,1041,-738
114000158,3144,952,2192
114000159,199,486,-287
114000160,101,263,-162
114000161,1558,2417,-859
114000162,765,1671,-906
114000163,10,208,-198
114000165,277,151,126
114000166,615,287,328
114000167,5874,1389,4485
114000168,929,866,63
114000169,2095,915,1180
114000170,1056,924,132
114000171,842,2129,-1287
114000174,154,686,-532
114000176,721,503,218
114000177,3944,1038,2906
114000178,40,113,-73
114000179,1397,858,539
114000180,800,756,44
114000181,1742,3027,-1285
114000182,7794,3042,4752
114000183,1072,1343,-271
114000184,10184,1895,8289
114000185,893,1038,-145
114000189,577,125,452
114000190,1801,318,1483
114000191,12,80,-68
114000192,355,2925,-2570
114000193,1282,5499,-4217
114000194,1363,1724,-361
114000195,103,34,69
114000196,5,617,-612
114000197,893,78,815
114000198,1740,547,1193
114000199,2506,1428,1078
114000200,571,3499,-2928
114000201,175,1540,-1365
114000202,969,1134,-165
114000203,476,1271,-795
114000204,112,736,-624
114000205,201,2487,-2286
114000206,592,1565,-973
114000207,811,3394,-2583
114000208,542,5238,-4696
114000209,778,5036,-4258
114000210,383,2589,-2206
114000211,1001,2108,-1107
114000212,611,962,-351
114000213,982,782,200
114000214,78,320,-242
114000215,169,106,63
114000216,1116,355,761
114000217,173,481,-308
114000218,138,388,-250
114000219,921,338,583
114000220,18,1742,-1724
114000221,527,204,323
114000222,301,1643,-1342
114000223,353,130,223
114000224,130,1247,-1117
114000225,173,850,-677
114000226,97,265,-168
114000227,637,609,28
114000228,773,1364,-591
114000229,1015,1774,-759
114000230,1550,2112,-562
114000231,933,1548,-615
114000232,572,162,410
114000233,1655,138,1517
114000234,999,1356,-357
114000235,1000,2111,-1111
114000236,1,671,-670
114000237,111,1732,-1621
114000238,59,250,-191
114000239,188,2063,-1875
114000240,821,823,-2
114000241,236,1385,-1149
114000242,1190,1339,-149
114000243,1340,1024,316
114000244,548,464,84
114000245,355,630,-275
114000246,173,62,111
114000247,639,937,-298
114000248,734,806,-72
114000249,501,659,-158
114000250,322,962,-640
114000251,252,522,-270
114000252,97,166,-69
114000253,43,468,-425
114000254,23,165,-142
114000255,1044,249,795
114000256,2308,1644,664
114000257,623,2135,-1512
114000258,229,591,-362
114000259,61,496,-435
114000260,0,31,-31
114000261,35,34,1
114000262,88,219,-131
114000263,16,1,15
114000264,733,1082,-349
114000265,0,7,-7
114000267,4,1610,-1606
114000268,15,2782,-2767
114000270,73,2,71
114000271,457,137,320
114000283,645,571,74
114000285,73,457,-384
114000288,50,648,-598
114000289,832,153,679
114000293,154,530,-376
114000294,129,230,-101
114000395,1081,82,999
114000396,374,531,-157
114000402,341,526,-185
114000403,247,1005,-758
114000405,111,778,-667
114000423,150,731,-581
114000424,297,327,-30
114000425,435,819,-384
114000426,308,845,-537
114000427,49,115,-66
114000428,248,138,110
114000429,21,278,-257
114000432,56,229,-173
114000434,15,175,-160
114000435,0,19,-19
114900001,514,2097,-1583
114900002,386,98,288
114900003,485,3439,-2954
114900004,182,336,-154
114900005,354,1332,-978
114900006,37,61,-24
114900007,118,13,105
114900008,120,47,73
114900010,2989,1966,1023
114900011,145,132,13
114900013,150,88,62
114900015,53,259,-206
114900018,977,46,931
114900020,187,71,116
114900021,167,122,45
114900022,2,1094,-1092
114900024,231,144,87
114900025,331,378,-47
114900026,39,124,-85
114900027,159,276,-117
114900029,16,45,-29
114900030,258,295,-37
114900031,185,41,144
114900032,252,33,219
114900033,2295,463,1832
114900034,92,270,-178
114900035,122,428,-306
114900036,229,1382,-1153
114900037,111,305,-194
114900038,142,1189,-1047
114900039,538,923,-385
114900040,62,407,-345
114900041,492,779,-287
114900042,528,1102,-574
114900043,1028,435,593
114900044,70,33,37
114900045,148,475,-327
114900046,68,174,-106
114900047,248,1378,-1130
114900048,85,367,-282
114900049,20,311,-291
114900050,37,979,-942
114900051,13,857,-844
114900052,64,348,-284
114900053,66,341,-275
114900054,63,224,-161
114900057,173,10,163
114900058,1,171,-170
114900059,50,31,19
114900060,1525,682,843
114900061,170,261,-91
114900062,228,384,-156
114900063,56,394,-338
114900064,929,934,-5
114900065,268,783,-515
114900067,36,385,-349
114900068,99,271,-172
114900069,230,293,-63
114900070,381,887,-506
114900072,10,308,-298
114900073,2,179,-177
114900074,396,1535,-1139
114900075,201,7,194
114900076,9,422,-413
114900080,4947,582,4365
114900082,4451,1664,2787
114900083,1289,1219,70
114900084,237,346,-109
114900090,253,139,114
114900091,132,242,-110
114900095,450,179,271
114900096,449,820,-371
114900097,87,89,-2
114900098,6,299,-293
114900099,90,9,81
115000001,12016,7160,4856
115000002,3258,3422,-164
115000003,4810,5521,-711
115000004,3051,4640,-1589
115000005,1695,3513,-1818
115000006,706,1512,-806
115000007,41,223,-182
115000008,465,519,-54
115000009,149,535,-386
115000010,363,161,202
115000013,66,180,-114
115000015,66,294,-228
115000016,279,299,-20
115000019,25,469,-444
115000020,279,538,-259
115000021,381,500,-119
115000022,637,486,151
115000023,302,557,-255
115000024,1615,608,1007
115000025,1020,731,289
115000026,173,570,-397
115000027,225,351,-126
115000028,210,1076,-866
115000029,434,245,189
115000030,647,1126,-479
115000031,1039,467,572
115000032,9,266,-257
115000033,127,26,101
115000034,198,1228,-1030
115000035,1143,48,1095
115000036,2,456,-454
115000037,371,2,369
115000038,53,235,-182
115000039,3871,3003,868
115000040,8719,4174,4545
115000041,824,2878,-2054
115000042,688,1118,-430
115000043,2918,3723,-805
115000044,3400,5820,-2420
115000045,1967,3200,-1233
115000046,1574,3668,-2094
115000047,1565,2482,-917
115000048,1559,3621,-2062
115000049,1644,3995,-2351
115000050,3668,2544,1124
115000051,2523,2381,142
115000052,4118,2458,1660
115000053,1588,1860,-272
115000054,782,1687,-905
115000055,113,455,-342
115000056,142,284,-142
115000057,286,502,-216
115000058,115,145,-30
115000059,200,163,37
115000061,208,115,93
115000062,190,374,-184
115000063,236,407,-171
115000064,144,204,-60
115000065,25,363,-338
115000067,265,34,231
115000069,44,304,-260
115000070,28,1049,-1021
115000071,106,9,97
115000072,15,88,-73
115000073,1676,53,1623
115000075,91,75,16
115000076,4980,4945,35
115000077,1440,5224,-3784
115000078,873,2760,-1887
115000079,1203,3153,-1950
115000080,1946,3773,-1827
115000081,458,1141,-683
115000082,3232,4096,-864
115000083,2222,4427,-2205
115000084,1468,1769,-301
115000085,610,1332,-722
115000086,927,1583,-656
115000087,601,1928,-1327
115000088,2065,964,1101
115000089,1806,1837,-31
115000090,976,940,36
115000091,456,1503,-1047
115000092,301,412,-111
115000093,453,2,451
115000094,13030,6015,7015
115000095,9348,5476,3872
115000096,526,3156,-2630
115000097,666,962,-296
115000098,746,1125,-379
115000099,2134,5540,-3406
115000100,780,805,-25
115000101,404,1899,-1495
115000102,418,235,183
115000103,392,1256,-864
115000105,50,294,-244
115000106,313,306,7
115000107,177,790,-613
115000108,5669,3097,2572
115000109,8269,3675,4594
115000110,1385,1176,209
115000111,877,1983,-1106
115000112,710,863,-153
115000113,720,1184,-464
115000114,1906,1073,833
115000116,4925,1964,2961
115000117,6204,2779,3425
115000118,2040,1899,141
115000119,1953,2351,-398
115000120,533,1197,-664
115000121,1589,1058,531
115000122,4287,2134,2153
115000123,2475,1968,507
115000124,676,996,-320
115000125,464,736,-272
115000126,189,302,-113
115000127,399,203,196
115000128,1781,987,794
115000129,263,221,42
115000130,323,1748,-1425
115000131,568,283,285
115000132,154,915,-761
115000133,308,417,-109
115000134,185,331,-146
115000135,278,337,-59
115000136,124,253,-129
115000137,86,243,-157
115000138,226,284,-58
115000139,205,319,-114
115000140,223,206,17
115000141,194,530,-336
115000142,130,493,-363
115000143,406,650,-244
115000144,341,107,234
115000145,152,629,-477
115000146,327,239,88
115000147,421,762,-341
115000148,377,2117,-1740
115000149,503,254,249
115000150,734,1776,-1042
115000151,811,606,205
115000152,669,2454,-1785
115000153,648,645,3
115000154,582,414,168
115000155,606,1624,-1018
115000156,1374,781,593
115000157,1416,1298,118
115000158,1014,463,551
115000159,1019,682,337
115000160,828,933,-105
115000161,569,745,-176
115000162,724,608,116
115000163,1005,729,276
115000164,847,623,224
115000165,390,397,-7
115000167,124,89,35
115000168,528,300,228
115000169,933,410,523
115000170,106,179,-73
115000171,226,186,40
115000172,2877,504,2373
115000173,365,419,-54
115000174,47,216,-169
115000175,152,158,-6
115000176,138,191,-53
115000177,181,182,-1
115000178,13,365,-352
115000179,21,66,-45
115000180,72,1156,-1084
115000181,447,175,272
115000182,527,634,-107
115000183,226,1555,-1329
115000186,572,370,202
115000187,201,881,-680
115000188,407,703,-296
115000189,266,451,-185
115000190,1238,656,582
115000191,521,570,-49
115000194,259,154,105
115000195,328,338,-10
115000196,85,145,-60
115000197,184,702,-518
115000198,154,387,-233
115000199,215,527,-312
115000200,246,128,118
115000201,123,554,-431
115000206,302,215,87
115000207,83,511,-428
115000208,880,1037,-157
115000209,498,220,278
115000210,120,140,-20
115000211,218,391,-173
115000212,1967,349,1618
115000218,104,68,36
115000219,21,89,-68
115000224,265,84,181
115000225,83,62,21
115000229,399,169,230
115000230,105,1021,-916
115000231,309,3835,-3526
115000232,1081,427,654
115000233,109,254,-145
115000234,29,378,-349
115000241,45,359,-314
115000242,82,446,-364
115000243,25,363,-338
115000244,2,115,-113
115000246,59,15,44
115000247,23,17,6
115000248,26,21,5
115000249,50,26,24
115000250,210,74,136
115000251,193,208,-15
115000252,45,226,-181
115000253,19,408,-389
115000258,210,270,-60
115000259,407,213,194
115000261,10,33,-23
115000262,24,45,-21
115000263,8,46,-38
115000264,11,43,-32
115000267,48,118,-70
115000268,29,203,-174
115000269,105,90,15
115000270,6,54,-48
115000272,51,283,-232
115000273,307,44,263
115000274,269,446,-177
115000280,2819,188,2631
115000281,859,409,450
115000282,2181,517,1664
115000284,283,116,167
115000296,716,6,710
115000297,276,101,175
115000298,121,298,-177
115000300,135,292,-157
115000302,278,310,-32
115000303,571,243,328
115000304,511,145,366
115000305,99,1525,-1426
115000306,138,793,-655
115000307,68,357,-289
115000308,35,17,18
115000310,844,1476,-632
115000311,570,2279,-1709
115000313,153,1193,-1040
115000314,359,131,228
115000315,1367,399,968
115000316,37,87,-50
115000317,131,1036,-905
115000318,599,354,245
115000319,83,388,-305
115000320,10,315,-305
115000321,437,12,425
115000322,35,319,-284
115000449,662,160,502
115000557,164,756,-592
115000558,216,110,106
115000587,346,507,-161
115000588,2430,4983,-2553
115000589,2695,3282,-587
115000590,823,2062,-1239
115000591,1216,1075,141
115000592,642,2147,-1505
115000593,1255,896,359
115000594,957,1931,-974
115000609,66,123,-57
115000617,3013,2452,561
115000624,141,54,87
115000633,544,2175,-1631
115000634,3221,1083,2138
115000635,365,206,159
115000638,1927,753,1174
115000641,50,152,-102
115000642,429,300,129
115000643,85,668,-583
115000644,163,502,-339
115000646,881,1447,-566
115000647,233,681,-448
115000648,1352,2492,-1140
115000893,3286,1687,1599
115000894,88,1344,-1256
115000895,301,887,-586
115000896,1001,340,661
115000897,518,105,413
115000898,1124,246,878
115000899,832,1202,-370
115000900,152,505,-353
115000901,106,142,-36
115000912,284,119,165
115000913,0,32,-32
115000915,35,0,35
115000916,13,15,-2
115000917,0,3,-3
115000918,87,461,-374
115000919,2,20,-18
115000920,22,67,-45
115000921,1863,151,1712
115000922,1055,662,393
115000923,379,744,-365
115000925,56,100,-44
115000927,20,30,-10
115000933,154,143,11
115900001,42,140,-98
115900002,84,372,-288
115900003,167,181,-14
115900004,0,65,-65
115900005,132,6,126
115900006,106,736,-630
115900008,35,16,19
115900009,51,508,-457
115900010,192,354,-162
115900011,261,335,-74
115900012,93,107,-14
115900013,452,287,165
115900014,98,265,-167
115900015,72,146,-74
115900016,66,63,3
115900017,5,3,2
115900018,123,122,1
115900019,2111,66,2045
115900020,15,0,15
115900021,2226,388,1838
115900022,2333,28,2305
115900023,5,1,4
115900025,27,213,-186
115900026,1041,482,559
115900027,0,545,-545
115900028,848,128,720
115900029,19,721,-702
115900030,33,47,-14
115900031,372,281,91
115900032,472,1288,-816
115900033,0,54,-54
115900034,23,796,-773
115900035,20,68,-48
115900036,209,421,-212
115900037,46,711,-665
115900038,35,20,15
115900039,133,472,-339
115900041,412,417,-5
115900042,23,9,14
115900043,84,150,-66
115900044,316,261,55
115900046,233,313,-80
115900047,84,83,1
115900049,140,365,-225
115900051,2,61,-59
115900052,23,320,-297
115900053,199,460,-261
115900054,152,86,66
115900055,14,182,-168
115900056,179,589,-410
115900057,23,8,15
115900058,19,49,-30
115900060,34,214,-180
115900061,104,1,103
115900062,68,357,-289
115900063,22,17,5
115900064,174,350,-176
115900065,103,167,-64
115900066,217,267,-50
115900067,8,1009,-1001
115900068,4397,354,4043
115900069,46,247,-201
115900070,120,305,-185
115900071,3,997,-994
115900072,102,354,-252
115900073,39,67,-28
115900074,3,472,-469
115900075,40,461,-421
115900076,3,129,-126
115900077,7,409,-402
115900078,26,176,-150
115900079,134,26,108
115900080,760,396,364
115900081,14,92,-78
115900082,197,181,16
115900084,244,25,219
115900085,48,62,-14
115900086,2548,635,1913
115900088,8,39,-31
115900089,188,890,-702
115900090,183,28,155
115900091,5,20,-15
115900092,22,323,-301
115900093,1,28,-27
115900094,8,540,-532
115900096,3,19,-16
115900097,13,690,-677
115900098,129,835,-706
115900099,11,124,-113
115900100,9,1022,-1013
115900101,159,749,-590
115900102,50,119,-69
115900103,236,434,-198
115900104,31,246,-215
115900105,118,990,-872
115900106,54,47,7
115900107,54,279,-225
115900108,66,47,19
115900109,65,685,-620
115900110,2,18,-16
115900111,7,103,-96
115900112,58,1908,-1850
115900113,25,48,-23
115900114,2,163,-161
115900115,48,154,-106
115900116,92,1744,-1652
115900117,54,33,21
115900118,2,418,-416
115900119,117,110,7
115900120,36,745,-709
115900121,104,395,-291
115900124,204,464,-260
115900125,264,49,215
115900126,582,113,469
115900127,496,63,433
115900128,6,56,-50
115900129,624,37,587
115900130,48,199,-151
115900131,280,42,238
115900132,397,13,384
115900134,212,10,202
115900135,606,877,-271
115900137,12,3,9
115900139,201,246,-45
115900140,136,53,83
115900141,18,230,-212
115900142,24,68,-44
115900143,110,428,-318
115900144,61,384,-323
115900146,14,252,-238
115900147,290,310,-20
115900148,8,15,-7
115900149,56,52,4
115900150,68,124,-56
115900151,9,120,-111
115900152,96,631,-535
115900153,120,363,-243
115900154,1048,393,655
115900155,0,159,-159
115900156,657,1075,-418
115900157,101,567,-466
115900158,43,13,30
115900159,93,402,-309
115900160,14,9,5
115900161,26,292,-266
115900163,184,191,-7
115900164,376,32,344
115900165,1,89,-88
115900166,157,446,-289
115900168,40,198,-158
115900171,129,671,-542
115900172,65,176,-111
115900173,174,207,-33
115900174,527,203,324
115900175,94,249,-155
115900178,2,1127,-1125
115900179,136,11,125
115900180,51,638,-587
115900181,142,290,-148
115900182,257,374,-117
115900183,217,118,99
115900184,2160,16,2144
115900187,6,121,-115
115900189,1,235,-234
115900190,619,1184,-565
115900191,78,827,-749
115900192,6,105,-99
115900193,83,100,-17
115900194,529,45,484
115900195,755,1472,-717
115900198,272,400,-128
115900199,168,397,-229
115900200,287,568,-281
115900201,303,305,-2
115900202,1,12,-11
115900203,6,5,1
115900204,0,1,-1
115900205,26,5,21
115900206,92,226,-134
115900207,21,23,-2
115900208,97,563,-466
115900209,6,197,-191
115900210,1,227,-226
115900211,4,438,-434
115900212,103,301,-198
115900213,79,58,21
115900214,208,379,-171
115900215,33,45,-12
115900216,6,120,-114
115900217,2,82,-80
115900218,0,55,-55
115900219,50,31,19
115900220,61,18,43
115900221,40,20,20
115900222,26,27,-1
115900223,5,139,-134
115900224,2269,536,1733
115900225,57,55,2
115900226,14,84,-70
115900227,8,61,-53
115900228,10,73,-63
115900229,5,83,-78
115900230,65,153,-88
115900231,80,6,74
115900232,53,1,52
115900233,32,10,22
115900234,51,21,30
115900235,10,36,-26
115900236,13,17,-4
115900237,14,36,-22
115900238,18,30,-12
115900239,9,33,-24
115900240,8,62,-54
115900241,136,116,20
115900242,275,299,-24
115900243,36,9,27
115900244,11,5,6
115900245,2,41,-39
115900246,9,5,4
115900247,11,13,-2
115900248,22,6,16
115900249,8,14,-6
115900250,15,28,-13
115900251,1,5,-4
115900252,2,6,-4
115900253,2,21,-19
115900254,25,23,2
115900255,16,18,-2
115900256,11,10,1
115900257,0,4,-4
115900258,0,0,0
115900259,0,1,-1
115900260,10,0,10
115900261,8,0,8
115900262,1,4,-3
115900263,1,3,-2
115900264,12,9,3
115900265,2,26,-24
115900266,4,5,-1
115900267,12,10,2
115900268,2,12,-10
115900269,269,549,-280
115900270,341,1237,-896
116000001,19136,6082,13054
116000002,4517,7914,-3397
116000003,1500,2235,-735
116000004,2252,2499,-247
116000005,3617,4245,-628
116000006,2576,1456,1120
116000007,3953,5777,-1824
116000008,2533,2083,450
116000009,2111,3095,-984
116000010,1672,1292,380
116000011,1007,2359,-1352
116000012,838,735,103
116000013,22533,6185,16348
116000014,25008,10971,14037
116000015,768,1134,-366
116000016,11867,3488,8379
116000017,32,697,-665
116000018,927,746,181
116000019,742,403,339
116000020,497,2083,-1586
116000021,366,352,14
116000022,283,786,-503
116000023,1137,758,379
116000024,648,2025,-1377
116000025,760,655,105
116000026,1416,2945,-1529
116000027,785,761,24
116000028,410,720,-310
116000029,1089,655,434
116000030,638,371,267
116000031,157,245,-88
116000032,171,273,-102
116000033,224,349,-125
116000034,607,607,0
116000035,236,564,-328
116000036,3151,1163,1988
116000037,1408,1086,322
116000038,768,518,250
116000039,651,316,335
116000040,1563,325,1238
116000041,323,714,-391
116000042,599,326,273
116000043,102,752,-650
116000044,0,20,-20
116000045,1950,1545,405
116000046,1678,1401,277
116000047,2298,2098,200
116000048,2717,2029,688
116000049,1122,2436,-1314
116000050,1470,1644,-174
116000051,4203,2432,1771
116000052,3966,4504,-538
116000053,1855,1200,655
116000054,895,2820,-1925
116000055,497,1499,-1002
116000056,583,1190,-607
116000057,4018,2287,1731
116000058,4057,2415,1642
116000059,3819,5165,-1346
116000060,2954,1037,1917
116000061,364,814,-450
116000062,876,274,602
116000063,675,1155,-480
116000066,207,583,-376
116000067,237,704,-467
116000068,176,289,-113
116000069,235,538,-303
116000078,336,1368,-1032
116000080,1526,1201,325
116000082,14,184,-170
116000083,1057,419,638
116000084,2907,4773,-1866
116000085,1736,1355,381
116000086,2952,1539,1413
116000087,1058,1357,-299
116000088,998,1988,-990
116000089,126,183,-57
116000090,86,211,-125
116000091,128,92,36
116000093,591,2102,-1511
116000094,405,830,-425
116000095,528,1658,-1130
116000096,668,1445,-777
116000097,482,1507,-1025
116000098,46,4271,-4225
116000099,16476,674,15802
116000100,110,21,89
116000101,544,2503,-1959
116000102,191,2046,-1855
116000103,371,343,28
116000104,172,2847,-2675
116000105,827,279,548
116000106,217,1659,-1442
116000107,1161,596,565
116000108,54,234,-180
116000111,84,19,65
116000113,81,74,7
116000114,26,200,-174
116000115,177,91,86
116000116,205,672,-467
116000117,1311,2724,-1413
116000118,1150,2145,-995
116000119,2351,2197,154
116000120,3181,6131,-2950
116000121,582,606,-24
116000122,1535,3397,-1862
116000123,641,598,43
116000124,431,1522,-1091
116000125,2009,771,1238
116000126,363,1858,-1495
116000127,1350,2418,-1068
116000128,1390,1013,377
116000129,891,232,659
116000130,337,386,-49
116000133,517,1442,-925
116000134,1608,4261,-2653
116000135,1529,1790,-261
116000136,1123,3607,-2484
116000137,670,765,-95
116000138,1229,547,682
116000139,1880,2689,-809
116000140,164,290,-126
116000141,389,1512,-1123
116000142,5012,4751,261
116000143,2041,1831,210
116000144,1306,3815,-2509
116000145,1625,1912,-287
116000146,277,623,-346
116000147,331,208,123
116000148,545,574,-29
116000149,376,666,-290
116000151,549,1222,-673
116000153,120,827,-707
116000155,252,324,-72
116000156,596,2469,-1873
116000157,53,49,4
116000158,238,373,-135
116000159,3,13,-10
116000160,17,207,-190
116000161,20,199,-179
116000162,102,101,1
116000163,27,13,14
116000164,16,26,-10
116000177,30,147,-117
116000194,104,556,-452
116000195,1937,839,1098
116000196,11,14,-3
116000197,4,13,-9
116000198,2323,1289,1034
116000200,928,267,661
116000201,772,678,94
116000202,5,472,-467
116000203,4,119,-115
116000204,5,69,-64
116000205,0,191,-191
116000206,1,97,-96
116000207,1,29,-28
116000233,197,1221,-1024
116000287,125,794,-669
116000288,152,413,-261
116000292,74,297,-223
116000296,8,163,-155
116000297,30,7,23
116000304,111,13,98
116000305,13,424,-411
116000346,255,314,-59
116000352,103,70,33
116000354,75,28,47
116000357,13,23,-10
116000358,236,64,172
116000361,178,2,176
116000372,12488,3296,9192
116000381,106,2,104
116000388,0,40,-40
116000389,584,796,-212
116000445,265,917,-652
116000446,406,1943,-1537
116000447,15,532,-517
116000448,645,411,234
116000563,1366,950,416
116000565,178,604,-426
116000568,72,285,-213
116000579,36,177,-141
116000584,21,18,3
116000585,23,23,0
116000586,314,208,106
116000587,358,654,-296
116000589,26,140,-114
116000590,55,107,-52
116000591,123,392,-269
116000592,9,258,-249
116000593,0,36,-36
116000594,440,806,-366
116000595,632,239,393
116000596,95,12,83
116000597,205,59,146
116000598,7,264,-257
116000602,75,477,-402
116000605,352,326,26
116000606,41,123,-82
116000607,9,157,-148
116000609,336,897,-561
116000611,112,653,-541
116000612,563,2134,-1571
116000613,411,485,-74
116000614,573,1149,-576
116000615,49,202,-153
116000616,71,214,-143
116000617,75,178,-103
116000618,2,264,-262
116000619,18,59,-41
116000620,82,72,10
116000621,40,132,-92
116000622,34,172,-138
116000624,64,46,18
116900001,241,158,83
116900002,380,10,370
116900003,17,109,-92
116900004,30,64,-34
116900005,223,85,138
116900006,190,157,33
116900007,124,247,-123
116900008,312,662,-350
116900009,29,3,26
116900010,9,3121,-3112
116900011,11,74,-63
116900012,123,261,-138
116900013,21,401,-380
116900014,58,478,-420
116900015,296,127,169
116900016,122,0,122
116900017,6,1283,-1277
116900018,80,56,24
116900019,6,717,-711
116900020,1318,298,1020
116900023,33,12,21
116900024,341,112,229
116900025,682,1542,-860
116900026,270,1383,-1113
116900027,22,88,-66
116900028,5,299,-294
116900029,0,17,-17
116900031,1,15,-14
116900032,10,722,-712
116900033,16,5,11
116900034,17,116,-99
116900035,94,367,-273
116900036,4,161,-157
116900038,6,0,6
116900041,57,30,27
116900042,1337,346,991
116900043,11,114,-103
116900045,222,46,176
116900047,149,70,79
116900049,71,527,-456
116900050,126,833,-707
116900051,72,491,-419
116900052,150,71,79
116900055,1,4,-3
116900057,25,511,-486
116900058,13,745,-732
116900059,1,424,-423
116900060,287,420,-133
116900062,2,11,-9
116900064,84,1567,-1483
116900065,13,240,-227
116900067,61,200,-139
116900068,137,492,-355
116900070,0,7,-7
116900072,13,738,-725
116900073,3,401,-398
116900074,7,68,-61
116900076,15,23,-8
116900077,12,394,-382
116900078,235,241,-6
116900079,16,732,-716
116900080,8,27,-19
116900081,367,2684,-2317
116900082,258,1024,-766
116900083,57,99,-42
116900084,233,74,159
116900085,23,169,-146
116900086,23,365,-342
116900088,632,116,516
116900090,127,112,15
116900091,143,112,31
116900092,73,1344,-1271
116900093,1951,2775,-824
116900094,8796,3312,5484
116900095,361,287,74
116900096,130,208,-78
116900097,7339,2729,4610
116900098,908,357,551
116900099,779,772,7
116900100,655,48,607
116900101,259,901,-642
116900103,2,2,0
116900104,31,94,-63
116900105,323,64,259
116900106,1161,389,772
116900107,6667,1815,4852
116900110,7,1,6
116900111,241,1958,-1717
116900112,150,1935,-1785
116900113,5465,831,4634
116900116,87,384,-297
116900117,34,95,-61
116900118,1212,819,393
116900120,190,276,-86
116900121,26,73,-47
116900122,539,1353,-814
116900123,123,1661,-1538
116900124,165,1867,-1702
116900125,262,459,-197
116900126,513,750,-237
116900128,2,54,-52
116900129,2,500,-498
116900130,1685,2400,-715
116900131,95,243,-148
116900132,39,108,-69
116900133,87,146,-59
116900134,220,334,-114
116900136,130,206,-76
116900137,304,258,46
116900138,104,357,-253
116900139,91,538,-447
116900140,166,195,-29
116900141,576,426,150
116900142,1,52,-51
116900143,386,949,-563
116900144,35,44,-9
116900145,164,540,-376
116900147,813,322,491
116900148,4,32,-28
116900149,37,231,-194
116900150,14,7,7
116900151,41,20,21
116900153,103,73,30
116900154,562,435,127
116900155,105,75,30
116900157,377,428,-51
116900158,109,169,-60
116900159,40,268,-228
116900160,874,355,519
116900161,14086,5451,8635
116900162,15,228,-213
116900163,123,229,-106
116900164,52,50,2
116900165,217,159,58
116900166,24,147,-123
116900167,386,103,283
116900168,202,120,82
116900169,1135,369,766
116900170,265,487,-222
116900171,49,409,-360
116900172,271,133,138
116900173,153,101,52
116900174,20,16,4
116900175,270,114,156
116900178,16,270,-254
116900179,87,167,-80
116900180,105,51,54
116900182,621,289,332
116900183,122,111,11
116900185,12,27,-15
116900186,77,537,-460
116900187,27,31,-4
116900188,113,36,77
116900189,36,0,36
116900191,342,664,-322
116900192,195,417,-222
116900194,87,802,-715
116900195,24,14,10
116900196,16,142,-126
116900197,71,5,66
116900198,364,190,174
116900200,10,39,-29
116900201,89,13,76
116900202,122,74,48
116900203,121,5,116
116900204,62,110,-48
116900206,9,46,-37
116900207,17,38,-21
116900208,12,202,-190
116900209,17,248,-231
116900210,366,285,81
116900211,350,19,331
116900212,28,128,-100
116900213,191,278,-87
116900214,150,180,-30
116900215,50,138,-88
116900216,336,502,-166
116900218,14,478,-464
116900219,1185,420,765
116900220,66,254,-188
116900221,50,332,-282
116900222,358,370,-12
116900223,117,271,-154
116900226,67,109,-42
116900227,161,104,57
116900228,242,341,-99
116900230,58,651,-593
116900231,49,657,-608
116900232,13,947,-934
116900233,251,103,148
116900234,28,8,20
116900235,159,541,-382
116900238,1852,542,1310
116900239,197,1127,-930
116900240,10377,3328,7049
116900241,76,423,-347
116900242,694,406,288
116900243,1,217,-216
116900245,28,14,14
116900246,57,12,45
116900247,340,9,331
116900248,60,46,14
116900249,232,253,-21
116900250,221,57,164
116900251,681,375,306
116900252,52,1543,-1491
116900253,93,152,-59
116900254,12,170,-158
116900255,89,37,52
116900256,192,234,-42
116900257,8,926,-918
116900258,3,442,-439
116900259,86,7,79
116900260,5,194,-189
116900261,41,9,32
116900262,107,134,-27
116900263,0,16,-16
116900264,0,1,-1
116900265,14,5,9
116900266,18,105,-87
116900267,0,2,-2
116900268,31,7,24
116900269,296,643,-347
116900271,2357,134,2223
116900272,488,925,-437
116900273,478,88,390
116900274,77,138,-61
116900275,102,257,-155
116900276,282,66,216
116900277,1068,12,1056
116900278,3,28,-25
116900279,1,35,-34
116900280,16,48,-32
116900281,13085,3450,9635
116900282,6,388,-382
116900283,21,281,-260
116900284,14,324,-310
116900285,428,368,60
116900286,261,13,248
116900287,7,125,-118
116900288,18,195,-177
116900289,3,47,-44
116900290,0,72,-72
116900291,5,9,-4
116900292,0,10,-10
116900293,28,107,-79
116900294,33,194,-161
116900295,173,27,146
116900296,72,89,-17
116900297,6,114,-108
116900298,67,40,27
116900299,41,33,8
116900300,7,176,-169
116900301,90,92,-2
116900302,1601,653,948
116900303,624,76,548
116900304,0,147,-147
116900305,26,69,-43
116900306,89,261,-172
117000001,1977,1731,246
117000002,2503,6425,-3922
117000003,9311,3327,5984
117000004,6539,7964,-1425
117000005,1727,1771,-44
117000006,1471,5404,-3933
117000007,2940,1231,1709
117000008,1660,7291,-5631
117000009,4241,1975,2266
117000010,3586,7425,-3839
117000011,1779,2423,-644
117000012,1358,2660,-1302
117000013,1442,1548,-106
117000014,1138,3493,-2355
117000015,4368,1462,2906
117000016,1052,52,1000
117000017,706,320,386
117000018,239,562,-323
117000019,343,0,343
117000020,832,1453,-621
117000021,4351,573,3778
117000022,960,68,892
117000023,1182,160,1022
117000024,858,151,707
117000025,1951,833,1118
117000026,5629,1067,4562
117000027,2830,1125,1705
117000028,4322,816,3506
117000030,356,367,-11
117000032,2396,1897,499
117000033,2151,1728,423
117000034,164,226,-62
117000036,237,271,-34
117000038,342,563,-221
117000039,41,179,-138
117000040,200,2142,-1942
117000041,684,154,530
117000044,43,2060,-2017
117000045,339,60,279
117000046,603,992,-389
117000047,770,615,155
117000048,3246,2633,613
117000049,202,944,-742
117000050,150,3850,-3700
117000051,1698,168,1530
117000052,23,870,-847
117000053,253,126,127
117000054,1535,4,1531
117000055,25,6105,-6080
117000056,523,23,500
117000057,793,3606,-2813
117000060,454,2458,-2004
117000061,1709,1095,614
117000062,221,728,-507
117000063,1893,863,1030
117000064,1266,1425,-159
117000066,1922,1224,698
117000067,188,552,-364
117000074,170,222,-52
117000076,126,60,66
117000077,136,140,-4
117000078,147,1010,-863
117000079,278,196,82
117000080,1,500,-499
117000081,1052,148,904
117000082,14,74,-60
117000083,98,24,74
117000084,401,5,396
117000085,208,686,-478
117000086,1405,845,560
117000087,132,814,-682
117000088,300,269,31
117000089,1435,418,1017
117000090,320,2335,-2015
117000091,624,435,189
117000092,455,2559,-2104
117000093,1129,938,191
117000094,1202,4239,-3037
117000095,2520,1000,1520
117000096,691,4296,-3605
117000097,1130,1453,-323
117000098,3547,8659,-5112
117000099,2880,1215,1665
117000100,268,255,13
117000101,388,1963,-1575
117000102,1500,818,682
117000103,1131,3160,-2029
117000104,1235,738,497
117000105,1242,2742,-1500
117000106,1241,1176,65
117000107,714,3087,-2373
117000108,1614,1213,401
117000109,2978,3935,-957
117000110,1378,1186,192
117000111,5060,7331,-2271
117000112,3573,3106,467
117000113,99,537,-438
117000114,204,264,-60
117000115,94,345,-251
117000116,143,387,-244
117000117,2596,832,1764
117000118,679,125,554
117000119,412,94,318
117000120,797,288,509
117000121,353,1055,-702
117000122,882,1553,-671
117000123,2823,54,2769
117000124,1233,110,1123
117000125,767,142,625
117000126,84,98,-14
117000127,332,767,-435
117000128,736,1399,-663
117000129,592,57,535
117000130,112,0,112
117000131,2,83,-81
117000132,1791,82,1709
117000133,963,147,816
117000134,1,73,-72
117000135,4,35,-31
117000136,0,73,-73
117000137,70,72,-2
117000138,3,850,-847
117000140,756,2443,-1687
117000141,1839,780,1059
117000181,2184,974,1210
117000182,342,345,-3
117000195,263,1907,-1644
117000196,211,109,102
117000225,382,12,370
117000226,39,234,-195
117000276,176,10,166
117000277,2,937,-935
117000310,2977,3857,-880
117000315,41,1761,-1720
117000320,106,0,106
117000906,176,16,160
117000907,20,726,-706
117000908,195,24,171
117000909,103,53,50
117000910,163,172,-9
117000911,113,230,-117
117000915,6,1198,-1192
117000916,20,10,10
117000917,841,24,817
117000918,35,82,-47
117000919,4,270,-266
117000920,13,2796,-2783
117000921,17,2946,-2929
117000922,71,198,-127
117000924,648,846,-198
117000926,1712,117,1595
117000927,2940,852,2088
117000928,1,566,-565
117000929,128,893,-765
117000930,142,36,106
117000931,1132,117,1015
117900002,309,558,-249
117900003,1138,652,486
117900005,1,26,-25
117900006,1,79,-78
117900007,194,254,-60
117900008,1,53,-52
117900010,396,176,220
117900011,91,23,68
117900012,98,283,-185
117900013,4,654,-650
117900014,295,304,-9
117900015,30,266,-236
117900016,2544,810,1734
117900017,560,624,-64
117900018,390,63,327
117900019,410,864,-454
117900020,71,345,-274
117900021,46,177,-131
117900022,26,10,16
117900023,970,388,582
117900024,99,240,-141
117900025,37,10,27
117900026,295,856,-561
117900028,133,8,125
117900029,315,1827,-1512
117900030,349,257,92
117900031,336,210,126
117900032,492,551,-59
117900033,228,1359,-1131
117900034,13,53,-40
117900035,143,68,75
117900036,230,986,-756
117900037,86,147,-61
117900038,44,618,-574
117900039,12,177,-165
117900040,140,934,-794
117900041,7,82,-75
117900042,7036,741,6295
117900043,42,94,-52
117900044,41,3845,-3804
117900045,174,191,-17
117900048,215,461,-246
117900049,143,1131,-988
117900050,46,58,-12
117900051,144,20,124
117900052,69,403,-334
117900053,1139,942,197
117900054,1,21,-20
117900055,198,299,-101
117900056,648,30,618
117900057,1146,1600,-454
117900058,1162,580,582
117900059,650,89,561
117900060,1326,7811,-6485
117900061,32,331,-299
117900063,404,351,53
117900065,738,1703,-965
117900066,11,68,-57
117900067,403,483,-80
117900069,755,890,-135
117900070,416,7,409
117900071,111,200,-89
117900073,304,861,-557
117900074,367,12,355
117900075,80,133,-53
117900076,8,40,-32
117900077,175,193,-18
117900078,235,582,-347
117900080,280,93,187
117900081,623,636,-13
117900082,329,353,-24
117900083,303,1290,-987
117900086,220,78,142
117900087,108,64,44
117900088,3453,3498,-45
117900089,1530,580,950
117900090,435,1706,-1271
117900091,271,215,56
117900092,63,60,3
117900093,43,111,-68
117900094,35,14,21
117900095,232,878,-646
117900096,81,362,-281
117900097,236,133,103
117900098,17,9,8
117900099,163,737,-574
117900100,137,4,133
117900101,534,1290,-756
117900102,31,65,-34
117900103,45,2,43
117900104,22,263,-241
117900105,153,409,-256
117900106,58,91,-33
117900107,17,3,14
117900109,463,400,63
117900110,35,0,35
117900111,184,16,168
117900112,71,30,41
117900113,7883,2572,5311
117900114,12,0,12
117900115,497,63,434
117900116,1160,1511,-351
117900117,424,701,-277
117900118,23,0,23
117900119,115,420,-305
117900120,112,415,-303
117900121,47,35,12
117900122,1574,2348,-774
117900123,1106,1246,-140
117900124,674,969,-295
117900125,1628,1386,242
117900126,263,1009,-746
117900127,508,956,-448
117900128,336,1691,-1355
117900129,48,0,48
117900130,1105,601,504
117900131,0,135,-135
117900132,9,126,-117
117900133,5,157,-152
117900134,90,360,-270
117900135,26,334,-308
117900136,0,49,-49
117900137,42,429,-387
117900138,3,71,-68
117900139,53,272,-219
117900140,8171,376,7795
117900141,490,444,46
117900142,205,24,181
117900144,148,140,8
117900145,73,17,56
117900146,372,161,211
117900147,107,101,6
117900148,4732,1255,3477
117900149,69,290,-221
117900150,24,188,-164
117900151,95,256,-161
117900152,119,140,-21
117900153,22,159,-137
117900154,517,1119,-602
117900156,1171,1306,-135
117900157,85,597,-512
117900158,135,130,5
117900160,544,544,0
117900161,3506,4011,-505
117900162,355,619,-264
117900163,300,33,267
117900165,0,9,-9
117900166,138,394,-256
117900168,40,202,-162
117900169,1,175,-174
117900170,2,47,-45
117900171,7,25,-18
117900172,21,63,-42
117900173,213,71,142
117900174,33,53,-20
117900175,5,60,-55
117900176,9,85,-76
117900177,17,82,-65
117900178,98,35,63
117900180,328,19,309
117900181,271,266,5
117900182,3,38,-35
117900183,30,169,-139
117900184,4,55,-51
117900185,20,49,-29
117900186,33,22,11
117900187,13,21,-8
117900188,158,34,124
117900189,81,17,64
117900190,22,2,20
117900191,53,0,53
117900192,156,0,156
117900193,17,78,-61
117900194,19,6,13
117900195,14,47,-33
117900196,25,35,-10
117900207,148,78,70
117900208,39,46,-7
117900209,147,226,-79
117900210,165,294,-129
117900211,9,369,-360
117900212,84,207,-123
117900213,26,8,18
117900214,9,87,-78
117900216,28,46,-18
117900217,117,240,-123
117900218,211,255,-44
117900219,17,89,-72
117900220,299,127,172
117900221,87,11,76
118000001,968,613,355
118000002,1235,2168,-933
118000003,2654,1817,837
118000004,2921,1777,1144
118000005,6969,4844,2125
118000006,8742,9922,-1180
118000007,7990,2670,5320
118000008,5538,3419,2119
118000009,2676,3803,-1127
118000010,4367,4955,-588
118000011,1181,4123,-2942
118000012,1270,4199,-2929
118000013,4742,4076,666
118000014,2126,4144,-2018
118000016,262,523,-261
118000017,219,431,-212
118000018,296,583,-287
118000019,2440,1510,930
118000020,1752,2039,-287
118000021,883,2599,-1716
118000022,2518,887,1631
118000023,1269,343,926
118000024,2203,958,1245
118000025,1544,1503,41
118000027,19373,9136,10237
118000029,1298,772,526
118000032,1977,3629,-1652
118000033,3230,3663,-433
118000034,6817,2450,4367
118000035,1585,2344,-759
118000036,1360,1106,254
118000037,744,1164,-420
118000038,89,165,-76
118000039,110,538,-428
118000040,1503,2877,-1374
118000041,2273,1795,478
118000045,719,99,620
118000046,2614,490,2124
118000047,2476,720,1756
118000048,4603,1216,3387
118000051,2600,1216,1384
118000052,1663,779,884
118000053,1154,820,334
118000054,2286,1927,359
118000055,1637,2425,-788
118000056,200,446,-246
118000057,248,557,-309
118000058,5194,2043,3151
118000059,3657,975,2682
118000060,975,993,-18
118000061,898,1771,-873
118000062,572,437,135
118000063,303,625,-322
118000064,1065,1748,-683
118000065,5308,2443,2865
118000066,1143,1583,-440
118000067,1098,703,395
118000068,2161,4418,-2257
118000069,3966,1424,2542
118000070,9080,2078,7002
118000071,3932,7342,-3410
118000072,2731,927,1804
118000073,2844,475,2369
118000074,527,473,54
118000075,664,322,342
118000076,1436,1327,109
118000077,1541,1347,194
118000078,2394,1901,493
118000079,392,402,-10
118000080,1285,1049,236
118000081,1977,966,1011
118000082,447,986,-539
118000083,3162,1547,1615
118000084,3011,1763,1248
118000086,263,529,-266
118000087,8457,2973,5484
118000088,1972,2014,-42
118000089,5766,2714,3052
118000090,2550,3304,-754
118000091,2583,2250,333
118000092,1555,526,1029
118000093,130,824,-694
118000096,668,706,-38
118000097,785,706,79
118000098,240,266,-26
118000099,458,1153,-695
118000101,907,345,562
118000102,318,1586,-1268
118000107,6018,705,5313
118000108,923,1997,-1074
118000110,0,32,-32
118000111,9,981,-972
118000112,230,4,226
118000113,16,1679,-1663
118000114,255,15,240
118000115,23,10,13
118000116,72,1,71
118000117,1356,1432,-76
118000118,1118,649,469
118000119,937,1417,-480
118000120,1877,2142,-265
118000121,105,588,-483
118000122,1478,324,1154
118000123,69,285,-216
118000125,2349,1627,722
118000126,874,1466,-592
118000127,2418,678,1740
118000128,809,1601,-792
118000129,940,286,654
118000130,3362,5487,-2125
118000131,551,1054,-503
118000132,1991,1436,555
118000133,715,481,234
118000135,564,454,110
118000136,118,613,-495
118000137,954,94,860
118000138,299,1309,-1010
118000139,269,156,113
118000140,2536,4064,-1528
118000141,1800,2354,-554
118000142,1413,2431,-1018
118000143,1520,1236,284
118000144,2051,1305,746
118000145,1498,3109,-1611
118000146,1060,1367,-307
118000147,766,2092,-1326
118000148,391,1761,-1370
118000149,693,1313,-620
118000150,350,220,130
118000151,288,581,-293
118000153,831,1542,-711
118000154,837,2295,-1458
118000155,895,1679,-784
118000156,3284,2986,298
118000157,527,397,130
118000158,127,489,-362
118000159,19,73,-54
118000160,468,516,-48
118000161,399,1011,-612
118000162,1076,1131,-55
118000163,607,943,-336
118000164,2927,1813,1114
118000168,2290,432,1858
118000169,1050,2121,-1071
118000170,4305,7785,-3480
118000171,227,871,-644
118000172,142,384,-242
118000173,920,1749,-829
118000175,259,386,-127
118000176,258,463,-205
118000177,155,633,-478
118000178,193,77,116
118000179,1930,999,931
118000180,913,1006,-93
118000181,858,384,474
118000182,235,363,-128
118000183,244,343,-99
118000184,553,1308,-755
118000185,1060,1121,-61
118000186,607,902,-295
118000187,1238,921,317
118000188,652,300,352
118000189,393,1342,-949
118000190,9,22,-13
118000191,25,108,-83
118000192,46,109,-63
118000193,44,408,-364
118000194,2475,1296,1179
118000195,1049,594,455
118000196,834,141,693
118000197,263,93,170
118000198,623,494,129
118000199,1096,351,745
118000200,89,428,-339
118000201,621,599,22
118000202,66,66,0
118000203,1358,399,959
118000204,201,313,-112
118000205,290,400,-110
118000206,230,242,-12
118000207,0,253,-253
118000208,1027,1954,-927
118000209,1937,2466,-529
118000210,50,62,-12
118000211,9,40,-31
118000213,1245,1275,-30
118000214,737,549,188
118000215,229,341,-112
118000216,2129,5298,-3169
118000217,28,124,-96
118000218,62,139,-77
118000219,444,491,-47
118000220,1,37,-36
118000221,108,314,-206
118000222,75,22,53
118000223,22,45,-23
118000224,326,111,215
118000225,112,1523,-1411
118000226,1148,185,963
118000227,972,434,538
118000228,193,199,-6
118000229,384,61,323
118000230,136,434,-298
118000231,97,331,-234
118000232,709,1443,-734
118000233,803,1244,-441
118000234,317,481,-164
118000236,496,710,-214
118000237,53,851,-798
118000238,200,665,-465
118000239,249,420,-171
118000240,910,159,751
118000241,94,490,-396
118000242,349,912,-563
118000243,183,328,-145
118000244,37,189,-152
118000246,1,11,-10
118000255,38,247,-209
118000256,118,253,-135
118000259,4,76,-72
118000260,103,159,-56
118000261,33,230,-197
118000263,91,346,-255
118000266,97,755,-658
118000267,0,118,-118
118000268,623,71,552
118000270,60,42,18
118000271,153,397,-244
118000272,77,22,55
118000273,113,79,34
118000274,108,495,-387
118000276,355,637,-282
118000295,5,127,-122
118000298,176,467,-291
118000299,63,210,-147
118000301,0,108,-108
118000302,55,126,-71
118000311,318,146,172
118000312,207,237,-30
118000313,56,329,-273
118000314,63,123,-60
118000315,47,116,-69
118000316,489,845,-356
118000325,49,166,-117
118000326,51,44,7
118000331,25,113,-88
118000332,9,96,-87
118000333,23,101,-78
118000335,172,0,172
118000336,2,555,-553
118000407,120,104,16
118000457,20,18,2
118000465,4330,4111,219
118000480,24,271,-247
118000489,13,185,-172
118000490,23,447,-424
118000492,126,265,-139
118000510,92,18,74
118000514,195,543,-348
118000515,747,547,200
118000517,594,216,378
118000524,985,323,662
118000525,926,1051,-125
118000530,23,177,-154
118000531,208,366,-158
118000532,223,434,-211
118000533,421,204,217
118000534,654,521,133
118000535,195,161,34
118000536,1327,1665,-338
118000537,16,118,-102
118000538,17,198,-181
118000539,24,137,-113
118000540,305,471,-166
118000541,278,179,99
118000542,125,252,-127
118000543,294,290,4
118000546,34,33,1
118000560,4270,1455,2815
118000562,35,715,-680
118000563,2364,1714,650
118000576,145,250,-105
118000577,144,125,19
118000578,146,116,30
118000579,950,1219,-269
118000595,164,116,48
118000596,1,94,-93
118000597,57,140,-83
118000598,7,0,7
118000599,21,58,-37
118000600,1,46,-45
118000601,10,0,10
118000602,0,52,-52
118000603,0,37,-37
118900001,1954,1460,494
118900002,1662,962,700
118900003,228,81,147
118900004,39,110,-71
118900005,66,5,61
118900006,57,2,55
118900007,7,7,0
118900008,1649,60,1589
118900009,26,24,2
118900010,47,5,42
118900011,149,36,113
118900012,410,371,39
118900013,762,95,667
118900015,189,54,135
118900016,9,28,-19
118900017,188,295,-107
118900018,1656,32,1624
118900019,49,14,35
118900020,161,153,8
118900021,147,556,-409
118900022,148,129,19
118900023,138,152,-14
118900024,86,317,-231
118900025,76,20,56
118900026,54,138,-84
118900027,682,351,331
118900028,92,261,-169
118900029,176,728,-552
118900030,259,77,182
118900031,133,221,-88
118900032,148,279,-131
118900033,460,906,-446
118900034,117,15,102
118900035,140,387,-247
118900036,793,1135,-342
118900037,586,364,222
118900038,309,454,-145
118900039,409,327,82
118900040,150,237,-87
118900041,357,252,105
118900042,187,142,45
118900045,253,191,62
118900046,820,179,641
118900047,1078,226,852
118900048,304,254,50
118900049,115,50,65
118900050,13,148,-135
118900051,84,98,-14
118900052,347,377,-30
118900053,43,131,-88
118900054,90,78,12
118900055,37,136,-99
118900056,19,326,-307
118900057,629,368,261
118900058,378,539,-161
118900059,10,100,-90
118900060,52,129,-77
118900062,234,245,-11
118900064,952,571,381
118900065,42,248,-206
118900066,96,188,-92
118900067,7040,2670,4370
118900068,1,350,-349
118900069,407,396,11
118900071,9,78,-69
118900072,420,537,-117
118900073,69,153,-84
118900074,63,266,-203
118900075,51,131,-80
118900076,355,88,267
118900077,162,255,-93
118900078,36,10,26
118900079,75,255,-180
118900080,11,151,-140
118900081,54,25,29
118900082,730,261,469
118900083,11,19,-8
118900084,17,25,-8
118900085,605,1282,-677
118900086,22,106,-84
118900087,13,222,-209
118900088,0,16,-16
118900089,24,10,14
118900090,476,676,-200
118900091,291,241,50
118900092,52,95,-43
118900093,159,11,148
118900096,70,25,45
118900097,182,1220,-1038
118900099,56,581,-525
118900100,150,398,-248
118900101,81,937,-856
118900102,23,89,-66
118900103,69,75,-6
118900104,159,331,-172
118900105,283,147,136
118900107,240,132,108
118900108,74,141,-67
118900109,1288,184,1104
118900110,2466,765,1701
118900111,383,1044,-661
118900112,77,169,-92
118900113,79,1146,-1067
118900114,16,174,-158
118900115,113,696,-583
118900116,128,201,-73
118900117,71,189,-118
118900118,231,695,-464
118900119,109,362,-253
118900120,101,361,-260
118900121,10,536,-526
118900122,14,827,-813
118900123,124,293,-169
118900124,93,225,-132
118900126,20,352,-332
118900129,349,196,153
118900130,35,150,-115
118900131,79,337,-258
118900132,538,253,285
118900133,32,102,-70
118900135,157,309,-152
118900136,156,1179,-1023
118900137,5,30,-25
118900139,132,1125,-993
118900140,375,1081,-706
118900141,50,453,-403
118900144,123,858,-735
118900145,40,301,-261
118900146,258,1136,-878
118900147,267,94,173
118900148,31,109,-78
118900150,139,602,-463
118900152,496,1256,-760
118900157,131,221,-90
118900158,68,130,-62
118900159,3,425,-422
118900161,110,8,102
118900163,474,97,377
118900164,14,191,-177
118900165,47,400,-353
118900166,52,4,48
118900167,25,240,-215
118900168,3,125,-122
118900169,95,686,-591
118900170,79,170,-91
118900171,16,43,-27
118900174,56,117,-61
118900175,331,522,-191
118900176,129,288,-159
118900177,36,64,-28
118900178,50,186,-136
118900179,9,72,-63
118900181,40,99,-59
118900182,115,62,53
118900183,20,130,-110
118900184,174,84,90
118900185,56,188,-132
118900186,78,105,-27
118900187,200,489,-289
118900188,329,422,-93
118900189,41,703,-662
118900190,13,961,-948
118900191,136,90,46
118900192,177,64,113
118900193,290,7,283
118900195,480,1708,-1228
118900196,27,230,-203
118900197,139,175,-36
118900198,19,51,-32
118900199,32,59,-27
118900200,8,7,1
118900201,10,12,-2
118900202,4,61,-57
118900203,4,60,-56
118900204,8,53,-45
118900205,12,26,-14
118900206,2,39,-37
119000001,1402,2092,-690
119000002,3058,5096,-2038
119000003,1836,2363,-527
119000004,1919,2138,-219
119000005,2286,2526,-240
119000006,1961,1933,28
119000007,3184,3747,-563
119000008,2053,2896,-843
119000009,3685,3554,131
119000010,9320,4431,4889
119000011,7202,3068,4134
119000012,5455,3848,1607
119000013,2215,1452,763
119000014,2676,4236,-1560
119000019,258,257,1
119000020,1176,1685,-509
119000021,3088,2554,534
119000022,5101,2386,2715
119000023,314,348,-34
119000024,2437,8636,-6199
119000025,17291,1714,15577
119000026,255,349,-94
119000027,591,516,75
119000028,2771,1780,991
119000029,132,335,-203
119000030,446,1502,-1056
119000031,542,698,-156
119000032,2380,2908,-528
119000033,2139,2579,-440
119000034,926,1057,-131
119000035,34,497,-463
119000036,1092,1715,-623
119000037,950,3004,-2054
119000038,140,1720,-1580
119000039,221,408,-187
119000040,1386,536,850
119000041,1269,1297,-28
119000048,4346,5092,-746
119000049,1333,4581,-3248
119000050,1877,3435,-1558
119000051,1947,1373,574
119000052,2662,4508,-1846
119000053,1899,1642,257
119000054,2801,5859,-3058
119000055,2947,5069,-2122
119000056,1875,2872,-997
119000057,1491,3871,-2380
119000058,2161,3308,-1147
119000059,1069,2658,-1589
119000060,1136,1034,102
119000061,906,1283,-377
119000062,870,1553,-683
119000063,397,284,113
119000064,1644,2019,-375
119000065,1940,3734,-1794
119000066,1485,1141,344
119000067,1980,3837,-1857
119000068,1159,1220,-61
119000069,1386,4248,-2862
119000070,1716,1331,385
119000071,531,1450,-919
119000072,9507,5351,4156
119000073,5473,6577,-1104
119000074,966,5406,-4440
119000075,1051,3043,-1992
119000076,351,1152,-801
119000077,606,621,-15
119000078,281,280,1
119000079,69,854,-785
119000080,204,433,-229
119000081,194,406,-212
119000082,564,362,202
119000083,381,444,-63
119000084,247,852,-605
119000085,678,372,306
119000086,249,458,-209
119000087,2053,1463,590
119000088,265,254,11
119000089,34,178,-144
119000090,121,234,-113
119000091,126,373,-247
119000092,653,251,402
119000093,6037,5110,927
119000094,2045,7470,-5425
119000095,1467,4572,-3105
119000097,2951,2474,477
119000098,639,1984,-1345
119000099,2956,3166,-210
119000100,2964,2697,267
119000101,2675,2741,-66
119000102,741,723,18
119000103,1465,562,903
119000104,4680,2237,2443
119000105,809,1576,-767
119000106,273,3086,-2813
119000107,599,718,-119
119000108,270,1789,-1519
119000109,96,368,-272
119000110,402,430,-28
119000111,29,529,-500
119000112,149,110,39
119000113,2413,399,2014
119000114,1118,783,335
119000115,161,248,-87
119000116,117,131,-14
119000117,131,487,-356
119000118,5,8,-3
119000123,4581,945,3636
119000124,542,334,208
119000125,2345,1607,738
119000126,331,1321,-990
119000127,338,1421,-1083
119000128,29,9,20
119000131,776,1518,-742
119000132,9,5,4
119000133,2,6,-4
119000134,3784,718,3066
119000135,113,274,-161
119000136,150,398,-248
119000137,145,892,-747
119000138,277,662,-385
119000139,209,419,-210
119000140,155,315,-160
119000284,1478,3764,-2286
119000285,2524,2865,-341
119000286,8103,6942,1161
119000287,1495,3023,-1528
119000288,2106,2386,-280
119000289,2528,5263,-2735
119000290,190,845,-655
119000291,6,535,-529
119000293,69,236,-167
119000294,28,25,3
119000295,3281,723,2558
119000296,125,114,11
119000302,4519,1694,2825
119000303,42,358,-316
119000314,1727,8151,-6424
119000315,0,931,-931
119000316,32,139,-107
119000317,20,616,-596
119900001,268,979,-711
119900002,78,394,-316
119900003,53,1742,-1689
119900004,440,668,-228
119900005,120,248,-128
119900006,220,445,-225
119900007,859,149,710
119900008,20,36,-16
119900009,397,638,-241
119900010,913,1203,-290
119900011,20,65,-45
119900012,28,72,-44
119900013,1752,812,940
119900014,513,354,159
119900015,91,34,57
119900016,55,150,-95
119900017,17,52,-35
119900018,2072,566,1506
119900019,29,7,22
119900020,112,205,-93
119900021,83,75,8
119900022,201,401,-200
119900023,1210,842,368
119900025,118,31,87
119900026,1505,147,1358
119900027,5,33,-28
119900028,152,59,93
119900029,2,8,-6
119900030,585,616,-31
119900031,31,284,-253
119900033,2338,228,2110
119900034,217,255,-38
119900037,125,82,43
119900038,40,281,-241
119900039,18,4,14
119900040,136,7,129
119900041,60,95,-35
119900042,73,203,-130
119900043,76,291,-215
119900044,295,540,-245
119900046,78,106,-28
119900047,188,44,144
119900048,14,49,-35
119900049,59,14,45
119900050,88,119,-31
119900051,710,15,695
119900052,35,79,-44
119900053,114,327,-213
119900054,88,11,77
119900055,969,440,529
119900057,135,156,-21
119900058,175,2,173
119900059,142,44,98
119900060,155,13,142
119900061,224,5,219
119900062,58,55,3
119900063,16,59,-43
119900064,299,56,243
119900065,188,1,187
119900066,0,0,0
119900067,44,42,2
119900068,293,3,290
119900069,38,14,24
119900070,765,33,732
119900071,426,19,407
119900072,165,659,-494
119900073,2449,661,1788
119900074,32,14,18
119900075,8690,2781,5909
119900076,377,838,-461
119900077,549,1837,-1288
119900078,264,1006,-742
119900079,152,467,-315
119900080,280,428,-148
119900081,12,58,-46
119900082,808,278,530
119900083,441,87,354
119900084,1196,385,811
119900085,237,105,132
119900086,114,1102,-988
119900087,677,398,279
119900088,46,83,-37
119900089,22,965,-943
119900090,276,92,184
119900091,52,2057,-2005
119900092,39,732,-693
119900093,1255,223,1032
119900094,46,278,-232
119900095,248,146,102
119900096,49,129,-80
119900097,826,274,552
119900098,46,92,-46
119900099,50,387,-337
119900100,4253,2282,1971
119900101,188,1343,-1155
119900102,27,508,-481
119900103,32,878,-846
119900104,24,430,-406
119900105,770,1526,-756
119900106,21,395,-374
119900107,540,5808,-5268
119900108,2749,1116,1633
119900109,28,478,-450
119900110,474,1080,-606
119900111,71,597,-526
119900112,4766,756,4010
119900113,82,569,-487
119900114,209,2498,-2289
119900115,229,2059,-1830
119900116,136,449,-313
119900117,185,1555,-1370
119900118,41,2013,-1972
119900119,185,389,-204
119900120,765,1110,-345
119900121,226,2130,-1904
119900122,403,522,-119
119900123,276,509,-233
119900124,147,1725,-1578
119900125,54,532,-478
119900126,7904,460,7444
119900127,4332,1371,2961
119900128,364,1224,-860
119900129,180,1524,-1344
119900130,46,393,-347
119900131,26,510,-484
119900132,1,699,-698
119900133,32,45,-13
119900134,3326,393,2933
119900135,0,941,-941
119900136,192,808,-616
119900138,537,998,-461
119900139,17,128,-111
119900140,3,182,-179
119900141,198,578,-380
119900142,17,33,-16
119900143,12,188,-176
119900144,2992,367,2625
119900145,98,426,-328
119900146,214,217,-3
119900147,5,212,-207
119900148,113,80,33
119900149,2668,2825,-157
119900150,163,311,-148
119900151,2258,1130,1128
119900152,86,751,-665
119900153,84,103,-19
119900154,7,538,-531
119900155,34,68,-34
119900156,9,2,7
119900157,83,450,-367
119900158,182,106,76
119900159,8,2649,-2641
119900160,49,404,-355
119900161,133,501,-368
119900162,765,1096,-331
119900163,130,201,-71
119900164,0,2,-2
119900165,79,437,-358
119900166,88,36,52
119900167,143,216,-73
119900168,615,588,27
119900169,178,344,-166
119900170,207,229,-22
119900171,767,793,-26
119900172,162,25,137
119900173,4,808,-804
119900174,10,411,-401
119900175,884,878,6
119900177,20,274,-254
119900178,16,348,-332
119900179,88,235,-147
119900180,768,792,-24
119900181,52,54,-2
119900182,20,1226,-1206
119900183,132,1318,-1186
119900184,5382,852,4530
119900185,50,119,-69
119900186,92,560,-468
119900187,9,988,-979
119900188,52,392,-340
119900189,487,346,141
119900190,54,141,-87
119900191,292,181,111
119900192,43,311,-268
119900193,210,255,-45
119900194,15,42,-27
119900195,29,453,-424
119900196,2801,633,2168
119900197,149,158,-9
119900198,105,614,-509
119900199,142,21,121
119900200,457,720,-263
119900201,541,326,215
119900202,249,123,126
119900203,218,485,-267
119900204,178,525,-347
119900205,426,1035,-609
119900206,106,207,-101
119900208,167,166,1
119900209,411,1070,-659
119900210,22,58,-36
119900211,110,27,83
119900212,119,368,-249
119900213,14,74,-60
119900214,21,122,-101
119900215,56,124,-68
119900216,12,139,-127
119900217,10,130,-120
119900218,15,127,-112
119900219,20,232,-212
119900220,7,201,-194
119900221,34,739,-705
119900222,17,459,-442
119900223,20,170,-150
119900224,18,49,-31
119900225,1949,55,1894
119900226,1304,1886,-582
119900227,1851,640,1211
119900228,41,441,-400
119900229,396,770,-374
119900230,2073,1016,1057
119900231,172,273,-101
119900232,251,94,157
119900233,39,4,35
119900234,14,99,-85
119900235,33,34,-1
119900236,10,379,-369
119900237,51,1202,-1151
119900238,2,149,-147
119900240,64,187,-123
119900241,196,369,-173
119900242,3137,2320,817
119900244,1206,1390,-184
119900245,90,206,-116
119900246,319,444,-125
119900247,40,73,-33
119900248,56,118,-62
119900249,183,77,106
119900253,7011,601,6410
119900254,86,398,-312
119900255,54,652,-598
119900256,316,2025,-1709
119900257,41,2,39
119900258,50,7,43
119900259,9,359,-350
119900260,97,1,96
119900261,259,255,4
119900262,2,469,-467
119900263,1155,572,583
119900264,51,493,-442
119900265,198,469,-271
119900266,181,524,-343
119900267,257,633,-376
119900268,113,334,-221
119900269,655,1901,-1246
119900271,41,154,-113
119900272,137,103,34
119900275,61,3,58
119900276,33,1,32
119900277,8,3,5
119900278,372,61,311
119900279,142,301,-159
119900280,1421,373,1048
119900281,1,119,-118
119900282,55,45,10
119900283,10,594,-584
119900284,40,175,-135
119900285,17,68,-51
119900286,18,12,6
119900288,4,39,-35
119900289,0,56,-56
119900290,5,100,-95
119900291,17,91,-74
119900292,16,25,-9
119900293,13,98,-85
119900294,24,96,-72
119900295,5,49,-44
119900296,27,351,-324
119900297,0,27,-27
119900298,8,5,3
119900299,55,463,-408
119900300,156,385,-229
119900301,171,94,77
119900302,110,132,-22
119900303,160,332,-172
119900304,128,41,87
119900305,43,163,-120
119900306,19,0,19
119900307,33,254,-221
119900308,9,20,-11
119900309,22,75,-53
119900310,293,503,-210
119900311,44,277,-233
119900312,74,118,-44
119900313,237,641,-404
119900314,103,382,-279
119900315,1015,4625,-3610
119900318,23,28,-5
119900319,25,512,-487
119900320,103,991,-888
119900321,36,3,33
120000001,12050,14093,-2043
120000002,2313,3813,-1500
120000003,3834,2491,1343
120000004,2937,3143,-206
120000005,5094,2545,2549
120000006,1146,1567,-421
120000007,4291,2905,1386
120000008,1206,1854,-648
120000009,6913,1208,5705
120000010,1958,4138,-2180
120000011,1530,3318,-1788
120000012,1778,4720,-2942
120000013,2769,4084,-1315
120000014,763,2428,-1665
120000015,3115,2149,966
120000016,3560,3926,-366
120000017,2974,3123,-149
120000018,7689,11745,-4056
120000019,878,1685,-807
120000020,3943,3429,514
120000021,2071,2420,-349
120000022,3125,4296,-1171
120000023,874,2224,-1350
120000024,1270,2942,-1672
120000025,2042,2784,-742
120000026,1054,2294,-1240
120000027,1368,2069,-701
120000028,903,735,168
120000029,3279,758,2521
120000030,111,875,-764
120000031,1856,8085,-6229
120000032,14654,4347,10307
120000033,4125,2803,1322
120000034,1611,3425,-1814
120000035,2218,3743,-1525
120000036,3143,6233,-3090
120000037,681,1817,-1136
120000038,15870,4485,11385
120000039,453,1377,-924
120000040,63,248,-185
120000041,663,2778,-2115
120000042,1717,6003,-4286
120000043,4971,4825,146
120000044,3865,1667,2198
120000045,4019,1177,2842
120000046,2143,2412,-269
120000047,3486,4609,-1123
120000048,12958,5047,7911
120000049,3844,4029,-185
120000050,4007,7339,-3332
120000051,4677,7005,-2328
120000052,22885,3962,18923
120000053,1122,6439,-5317
120000054,1631,10434,-8803
120000055,1629,8823,-7194
120000056,3595,8567,-4972
120000057,1792,1157,635
120000058,658,364,294
120000059,76,1177,-1101
120000061,100,902,-802
120000062,190,409,-219
120000063,2148,4624,-2476
120000064,245,2498,-2253
120000065,602,3071,-2469
120000066,170,728,-558
120000067,44,1017,-973
120000068,176,1677,-1501
120000069,769,2485,-1716
120000070,58,1415,-1357
120000071,189,276,-87
120000072,398,639,-241
120000073,473,168,305
120000074,81,106,-25
120000075,558,320,238
120000076,1206,514,692
120000077,1221,654,567
120000078,3443,1057,2386
120000079,187,109,78
120000080,55,139,-84
120000081,175,156,19
120000082,132,160,-28
120000083,53,371,-318
120000084,538,764,-226
120000085,343,434,-91
120000086,264,866,-602
120000087,154,1888,-1734
120000088,707,2191,-1484
120000089,1166,1029,137
120000090,464,824,-360
120000091,748,1485,-737
120000092,1207,794,413
120000093,317,714,-397
120000094,144,681,-537
120000095,935,952,-17
120000096,238,1646,-1408
120000098,895,1547,-652
120000099,307,1059,-752
120000100,800,1221,-421
120000101,521,731,-210
120000102,416,708,-292
120000103,980,667,313
120000104,1504,421,1083
120000105,2116,568,1548
120000106,1687,529,1158
120000107,2486,580,1906
120000108,713,160,553
120000109,905,97,808
120000110,98,1598,-1500
120000111,165,2214,-2049
120000112,953,6487,-5534
120000113,639,5057,-4418
120000114,926,5232,-4306
120000115,448,4182,-3734
120000116,772,3350,-2578
120000117,2203,2655,-452
120000118,44,36,8
120000119,41,96,-55
120000120,104,80,24
120000121,36,97,-61
120000122,408,415,-7
120000123,10158,4616,5542
120000124,362,817,-455
120000125,486,1012,-526
120000126,287,1109,-822
120000127,2666,1196,1470
120000128,4999,3486,1513
120000129,344,441,-97
120000130,888,1195,-307
120000131,248,607,-359
120000134,407,2186,-1779
120000135,267,464,-197
120000137,152,3616,-3464
120000138,454,751,-297
120000139,208,1906,-1698
120000140,495,996,-501
120000141,179,891,-712
120000142,309,956,-647
120000143,5,165,-160
120000144,79,1,78
120000145,222,0,222
120000146,3190,1127,2063
120000149,578,1408,-830
120000150,6977,9903,-2926
120000151,367,759,-392
120000152,322,506,-184
120000153,213,1498,-1285
120000154,399,583,-184
120000155,91,356,-265
120000156,2518,804,1714
120000157,1010,1053,-43
120000158,812,1568,-756
120000159,1875,3114,-1239
120000160,2316,1783,533
120000161,1408,3838,-2430
120000162,95,406,-311
120000163,490,2395,-1905
120000164,348,783,-435
120000165,313,1600,-1287
120000166,840,1030,-190
120000167,29,86,-57
120000168,15,197,-182
120000169,86,565,-479
120000170,154,331,-177
120000171,50,99,-49
120000172,44,55,-11
120000173,2845,258,2587
120000174,522,6,516
120000175,857,22,835
120000176,514,38,476
120000177,1583,308,1275
120000178,85,10,75
120000179,450,20,430
120000180,525,94,431
120000181,105,285,-180
120000182,73,120,-47
120000183,6,151,-145
120000184,132,828,-696
120000186,93,107,-14
120000187,104,60,44
120000188,339,74,265
120000190,1526,18,1508
120000191,2582,38,2544
120000192,2568,19,2549
120000193,781,7,774
120000195,140,4,136
120000196,270,55,215
120000197,116,208,-92
120000198,226,255,-29
120000199,75,1,74
120000200,76,0,76
120000201,4,25,-21
120000202,2,118,-116
120000203,41,574,-533
120000207,2,155,-153
120000208,11,531,-520
120000209,9,152,-143
120000210,230,171,59
120000211,73,1,72
120000212,87,0,87
120000213,62,480,-418
120000214,1,644,-643
120000215,1,264,-263
120000216,59,6,53
120000217,1354,2016,-662
120000218,319,1619,-1300
120000219,6,1189,-1183
120000220,27,4166,-4139
120000225,755,0,755
120000226,194,1,193
120000227,675,28,647
120000228,8806,2889,5917
120000230,261,14,247
120000231,1014,3974,-2960
120000233,233,124,109
120000235,125,1250,-1125
120000236,651,2,649
120000237,4,3739,-3735
120000238,2,145,-143
120000241,1572,5044,-3472
120000412,2765,30,2735
120000413,198,714,-516
120000414,53,6,47
120000415,2,314,-312
120000416,49,18,31
120000417,4,163,-159
120000418,98,26,72
120000419,12,968,-956
120000420,66,47,19
120000421,22402,8011,14391
120000422,374,641,-267
120000423,1,85,-84
120000424,67,236,-169
120000436,155,499,-344
120000437,224,267,-43
120000438,7100,547,6553
120000439,138,384,-246
120000443,118,1,117
120000444,908,1214,-306
120000445,1900,1783,117
120000446,1489,456,1033
120000447,132,10,122
120000449,52,18,34
120000450,8,603,-595
120000451,165,446,-281
120000452,75,0,75
120000453,0,539,-539
120000454,91,43,48
120000455,128,108,20
120000456,4286,3938,348
120000457,3026,1478,1548
120000458,733,1188,-455
120000459,51,141,-90
120000665,1201,143,1058
120000668,91,295,-204
120000669,80,678,-598
120000670,261,502,-241
120000671,976,310,666
120000672,79,663,-584
120900001,53,64,-11
120900002,468,439,29
120900003,262,40,222
120900004,2,94,-92
120900005,3,1523,-1520
120900006,221,247,-26
120900007,148,323,-175
120900008,190,2012,-1822
120900009,257,36,221
120900010,335,98,237
120900011,585,233,352
120900012,1871,1116,755
120900013,287,75,212
120900014,18,1494,-1476
120900015,356,110,246
120900016,572,86,486
120900017,4551,121,4430
120900018,92,857,-765
120900019,667,174,493
120900020,1169,1058,111
120900021,517,134,383
120900022,31,750,-719
120900023,198,52,146
120900024,1924,568,1356
120900025,2542,1300,1242
120900026,151,372,-221
120900027,657,126,531
120900028,306,62,244
120900029,156,326,-170
120900030,908,686,222
120900031,204,85,119
120900032,593,242,351
120900033,928,55,873
120900034,32,2381,-2349
120900035,64,455,-391
120900037,212,10,202
120900038,54,163,-109
120900039,85,47,38
120900040,178,5,173
120900041,219,58,161
120900042,307,113,194
120900043,44,26,18
120900044,5,725,-720
120900045,154,333,-179
120900046,322,1,321
120900047,107,59,48
120900048,68,35,33
120900049,222,1,221
120900050,6199,1727,4472
120900051,226,150,76
120900052,410,6,404
120900053,146,133,13
120900054,1713,1393,320
120900055,243,2,241
120900056,377,10,367
120900057,109,24,85
120900058,352,1,351
120900059,63,0,63
120900060,33,47,-14
120900061,266,886,-620
120900062,118,0,118
120900063,351,4,347
120900064,327,1,326
120900065,318,8,310
120900066,202,459,-257
120900067,172,53,119
120900068,205,0,205
120900069,119,114,5
120900071,29,0,29
120900072,492,2,490
120900073,251,449,-198
120900074,621,8,613
120900076,201,2,199
120900077,7009,424,6585
120900078,580,1439,-859
120900079,518,195,323
120900080,455,3286,-2831
120900081,712,2781,-2069
120900082,875,425,450
120900083,224,188,36
120900084,201,377,-176
120900085,158,210,-52
120900086,290,301,-11
120900087,408,162,246
120900088,274,323,-49
120900089,7496,2239,5257
120900090,133,317,-184
120900091,444,461,-17
120900092,1514,1147,367
120900093,6031,448,5583
120900094,608,422,186
120900095,345,42,303
120900096,49,199,-150
120900097,772,1548,-776
120900098,303,251,52
120900099,85,162,-77
120900100,61,514,-453
120900101,691,461,230
120900102,22,154,-132
120900103,39,187,-148
120900104,46,81,-35
120900105,45,1122,-1077
120900106,1530,959,571
120900107,455,256,199
120900108,7,1411,-1404
120900109,29,1173,-1144
120900110,2,808,-806
120900111,157,624,-467
120900112,22,2351,-2329
120900113,10,1370,-1360
120900114,50,306,-256
120900115,183,252,-69
120900116,201,1247,-1046
120900117,5,914,-909
120900118,9,1469,-1460
120900119,3912,4485,-573
120900120,54,1129,-1075
120900121,148,737,-589
120900122,361,1326,-965
120900123,6,946,-940
120900124,1,1160,-1159
120900125,11,2268,-2257
120900126,1867,1516,351
120900127,7,968,-961
120900128,1173,1817,-644
120900129,66,562,-496
120900130,0,400,-400
120900131,21,146,-125
120900132,612,785,-173
120900133,226,1875,-1649
120900134,613,775,-162
120900135,14,988,-974
120900136,9,66,-57
120900137,188,228,-40
120900138,24,323,-299
120900139,7,1425,-1418
120900140,1,81,-80
120900141,156,223,-67
120900142,38,1557,-1519
120900143,2,1611,-1609
120900144,28,404,-376
120900145,43,1362,-1319
120900146,9,1916,-1907
120900147,1,555,-554
120900148,129,178,-49
120900149,2,709,-707
120900150,52,1203,-1151
120900151,1,1180,-1179
120900152,1,69,-68
120900153,13,114,-101
120900154,6,595,-589
120900155,132,1979,-1847
120900156,42,613,-571
120900157,14,337,-323
120900158,35,792,-757
120900159,48,352,-304
120900160,39,557,-518
120900161,17,750,-733
120900162,17,772,-755
120900163,22,209,-187
120900164,0,0,0
120900165,0,2,-2
120900166,48,272,-224
120900167,431,178,253
120900169,45,1111,-1066
120900170,4328,2129,2199
120900171,1951,526,1425
120900172,1330,254,1076
120900173,3,108,-105
120900174,9,213,-204
120900175,330,435,-105
120900176,14,324,-310
120900177,7,782,-775
120900178,5,459,-454
120900179,1143,801,342
120900180,123,96,27
120900181,31,55,-24
120900182,14,789,-775
120900183,395,311,84
120900184,129,196,-67
120900185,7,553,-546
120900186,1,823,-822
120900187,417,1192,-775
120900188,132,13,119
120900189,270,689,-419
120900190,30,34,-4
120900191,5,25,-20
120900192,20097,4225,15872
120900194,25,130,-105
120900195,138,454,-316
120900196,524,57,467
120900197,456,122,334
120900198,330,1072,-742
120900199,397,2731,-2334
120900200,126,195,-69
120900201,922,276,646
120900202,2,370,-368
120900203,35,90,-55
120900204,217,625,-408
120900205,64,157,-93
120900206,5,38,-33
121000001,1150,1462,-312
121000002,3176,2116,1060
121000003,5457,2642,2815
121000004,3291,6211,-2920
121000005,2520,3384,-864
121000006,3986,1782,2204
121000007,3601,3614,-13
121000008,7658,3976,3682
121000009,8203,8139,64
121000010,11906,7800,4106
121000011,12917,20115,-7198
121000012,19355,15082,4273
121000013,6859,11335,-4476
121000014,8079,9571,-1492
121000015,7259,8629,-1370
121000016,5754,5359,395
121000017,2074,4453,-2379
121000018,2491,2184,307
121000019,25850,11483,14367
121000020,16378,12751,3627
121000021,3400,4295,-895
121000022,1803,2174,-371
121000023,5368,4259,1109
121000024,3954,4357,-403
121000025,747,1448,-701
121000026,345,165,180
121000027,1712,1256,456
121000028,925,611,314
121000029,912,998,-86
121000030,270,250,20
121000031,763,846,-83
121000032,155,82,73
121000034,502,194,308
121000035,290,95,195
121000036,1351,1089,262
121000037,685,843,-158
121000038,762,942,-180
121000039,510,500,10
121000041,474,670,-196
121000042,257,485,-228
121000043,995,883,112
121000044,2028,779,1249
121000045,584,588,-4
121000046,568,1316,-748
121000047,62,100,-38
121000049,1979,702,1277
121000050,344,1251,-907
121000051,714,409,305
121000052,332,783,-451
121000053,515,98,417
121000054,50,288,-238
121000055,1649,1525,124
121000056,841,1185,-344
121000057,163,388,-225
121000058,349,118,231
121000059,2319,1565,754
121000060,370,897,-527
121000061,170,219,-49
121000062,138,324,-186
121000063,655,625,30
121000064,471,547,-76
121000065,547,511,36
121000066,362,339,23
121000067,1093,625,468
121000068,618,424,194
121000069,1305,880,425
121000070,1902,1774,128
121000071,1141,1215,-74
121000072,1409,1049,360
121000073,1128,1081,47
121000074,125,148,-23
121000075,75,429,-354
121000076,1882,616,1266
121000077,162,212,-50
121000078,108,115,-7
121000080,3514,942,2572
121000081,5872,2959,2913
121000082,109,223,-114
121000083,262,193,69
121000084,201,123,78
121000085,264,592,-328
121000086,206,990,-784
121000087,87,349,-262
121000088,372,1161,-789
121000089,672,408,264
121000090,469,442,27
121000091,1808,1075,733
121000092,186,135,51
121000093,118,312,-194
121000094,460,817,-357
121000095,277,582,-305
121000096,2600,4217,-1617
121000097,1571,2800,-1229
121000098,418,1841,-1423
121000099,341,1174,-833
121000100,714,728,-14
121000101,225,409,-184
121000102,222,508,-286
121000103,166,483,-317
121000104,234,200,34
121000105,384,353,31
121000106,232,619,-387
121000107,2694,4874,-2180
121000109,1992,1531,461
121000110,396,780,-384
121000114,3355,2908,447
121000115,1251,1059,192
121000116,496,1380,-884
121000117,1073,369,704
121000118,1307,394,913
121000119,215,428,-213
121000120,222,593,-371
121000121,487,1454,-967
121000123,1764,761,1003
121000126,108,468,-360
121000127,188,116,72
121000128,745,573,172
121000129,663,655,8
121000130,495,1678,-1183
121000131,2679,1805,874
121000132,1749,1849,-100
121000135,661,763,-102
121000136,1395,567,828
121000137,548,332,216
121000138,951,718,233
121000139,626,163,463
121000141,230,128,102
121000142,979,689,290
121000143,194,28,166
121000144,1514,1628,-114
121000145,621,1749,-1128
121000146,1338,1319,19
121000147,921,738,183
121000148,1066,1325,-259
121000149,1944,1532,412
121000152,570,832,-262
121000153,2259,940,1319
121000154,1003,1028,-25
121000155,1935,1605,330
121000156,423,1558,-1135
121000157,1745,3030,-1285
121000158,333,905,-572
121000159,167,869,-702
121000160,297,976,-679
121000161,126,461,-335
121000162,58,388,-330
121000165,2467,1966,501
121000166,37,491,-454
121000168,291,357,-66
121000169,51,213,-162
121000170,272,184,88
121000171,116,248,-132
121000172,594,546,48
121000173,1313,1065,248
121000174,213,477,-264
121000175,749,588,161
121000176,333,246,87
121000177,1140,827,313
121000178,167,80,87
121000179,178,90,88
121000181,320,521,-201
121000182,172,178,-6
121000183,50,117,-67
121000184,48,117,-69
121000185,24,156,-132
121000186,110,533,-423
121000187,137,399,-262
121000188,125,363,-238
121000192,620,589,31
121000193,663,570,93
121000194,3041,2632,409
121000195,357,1230,-873
121000196,667,255,412
121000197,350,1136,-786
121000198,381,104,277
121000199,118,645,-527
121000200,349,115,234
121000201,1,350,-349
121000202,222,7,215
121000203,741,3405,-2664
121000204,2111,906,1205
121000205,145,506,-361
121000206,188,28,160
121000207,1357,629,728
121000208,12,593,-581
121000209,149,641,-492
121000210,282,974,-692
121000211,234,191,43
121000212,236,1324,-1088
121000213,13564,3581,9983
121000214,1143,2364,-1221
121000215,1636,1451,185
121000216,500,645,-145
121000217,4996,3372,1624
121000218,626,2311,-1685
121000219,1848,579,1269
121000220,299,72,227
121000221,176,294,-118
121000222,3144,3111,33
121000223,506,322,184
121000224,403,142,261
121000225,2363,1219,1144
121000226,5884,847,5037
121000227,4,357,-353
121000228,14,1156,-1142
121000229,173,701,-528
121000230,70,2520,-2450
121000231,812,66,746
121000232,451,251,200
121000233,505,439,66
121000234,16,61,-45
121000235,45,30,15
121000236,6,65,-59
121000237,9,16,-7
121000238,4,113,-109
121000239,26,2,24
121000240,8,342,-334
121000241,70,11,59
121000242,18,191,-173
121000243,227,58,169
121000244,3,95,-92
121000245,24,4,20
121000246,0,63,-63
121000247,62,3,59
121000248,526,520,6
121000249,106,295,-189
121000250,519,82,437
121000251,20,871,-851
121000252,68,50,18
121000253,168,747,-579
121000254,389,335,54
121000255,193,219,-26
121000256,349,186,163
121000257,73,83,-10
121000258,93,52,41
121000259,43,61,-18
121000260,91,220,-129
121000261,81,49,32
121000262,1290,1120,170
121000263,396,529,-133
121000271,257,2302,-2045
121000273,188,9,179
121000274,12,44,-32
121000275,2,29,-27
121000276,2,17,-15
121000278,23,75,-52
121000279,73,25,48
121000280,37,64,-27
121000289,220,41,179
121000290,1768,828,940
121000294,52,248,-196
121000297,1300,1226,74
121000299,346,355,-9
121000300,979,783,196
121000302,172,1195,-1023
121000303,606,489,117
121000304,462,77,385
121000305,140,78,62
121000306,128,172,-44
121000308,166,591,-425
121000309,478,929,-451
121000310,161,578,-417
121000311,73,1168,-1095
121000312,503,401,102
121000313,747,684,63
121000314,102,101,1
121000315,41,118,-77
121000530,1073,2130,-1057
121000531,1063,1919,-856
121000532,7054,6089,965
121000533,2542,3311,-769
121000918,60,234,-174
121000919,44,77,-33
121000938,324,255,69
121000939,419,249,170
121000956,782,2355,-1573
121000957,5,11,-6
121000958,262,58,204
121000959,571,1317,-746
121000960,1391,3354,-1963
121000961,154,67,87
121000962,321,1085,-764
121000973,5,359,-354
121000976,13,185,-172
121000979,429,146,283
121000981,232,136,96
121000982,205,347,-142
121000983,462,588,-126
121000984,34,63,-29
121000985,462,1366,-904
121000986,142,622,-480
121000987,254,2783,-2529
121000988,552,131,421
121001302,380,177,203
121001308,5,10,-5
121001309,142,172,-30
121001313,120,384,-264
121001314,3890,4848,-958
121001315,4528,2109,2419
121900001,113,206,-93
121900002,54,29,25
121900003,392,10,382
121900004,135,534,-399
121900005,16,12,4
121900006,105,7,98
121900007,3526,2473,1053
121900008,1891,1189,702
121900009,711,23,688
121900010,201,5,196
121900011,256,556,-300
121900012,10,2,8
121900013,1171,64,1107
121900014,1544,432,1112
121900015,176,266,-90
121900016,2,25,-23
121900017,418,737,-319
121900018,276,3,273
121900019,361,347,14
121900020,26,0,26
121900021,554,9,545
121900022,129,213,-84
121900023,95,652,-557
121900024,418,89,329
121900025,456,572,-116
121900026,494,72,422
121900027,367,179,188
121900028,218,12,206
121900029,159,364,-205
121900030,625,655,-30
121900031,1805,6640,-4835
121900032,110,118,-8
121900033,148,205,-57
121900034,325,101,224
121900035,3666,2238,1428
121900036,91,720,-629
121900037,165,797,-632
121900038,27,184,-157
121900039,365,67,298
121900040,38,124,-86
121900041,86,227,-141
121900042,326,185,141
121900043,0,2,-2
121900044,297,54,243
121900045,311,368,-57
121900046,232,288,-56
121900047,167,76,91
121900048,42,203,-161
121900050,18,61,-43
121900051,164,221,-57
121900052,116,49,67
121900053,271,310,-39
121900054,519,1119,-600
121900055,1,20,-19
121900058,291,290,1
121900059,289,147,142
121900060,195,366,-171
121900061,202,207,-5
121900062,110,99,11
121900063,824,340,484
121900064,188,1044,-856
121900066,35,36,-1
121900067,22,47,-25
121900069,162,204,-42
121900070,240,126,114
121900071,206,287,-81
121900072,31,226,-195
121900073,260,213,47
121900074,986,842,144
121900075,1042,369,673
121900076,448,772,-324
121900077,12,88,-76
121900078,54,59,-5
121900079,0,0,0
121900080,935,613,322
121900082,24,175,-151
121900084,8,254,-246
121900085,4,28,-24
121900086,14,79,-65
121900087,182,94,88
121900088,2992,4397,-1405
121900089,110,460,-350
121900090,6,111,-105
121900091,29,153,-124
121900092,120,146,-26
121900093,48,59,-11
121900094,14,12,2
121900095,176,109,67
121900096,1695,823,872
121900097,380,157,223
121900098,6,6,0
121900099,203,106,97
121900100,234,328,-94
121900101,114,129,-15
121900102,11,126,-115
121900103,624,248,376
121900104,1377,391,986
121900105,174,128,46
121900106,4,8,-4
121900107,28,32,-4
121900108,1,24,-23
121900109,374,134,240
121900110,330,1785,-1455
121900111,966,151,815
121900112,94,122,-28
121900113,95,364,-269
121900114,59,123,-64
121900115,103,438,-335
121900117,274,34,240
121900118,2701,517,2184
121900119,133,119,14
121900120,35,1732,-1697
121900121,709,88,621
121900122,29,52,-23
121900123,203,560,-357
121900124,101,297,-196
121900125,1896,1430,466
121900127,9,150,-141
121900128,73,210,-137
121900129,1019,239,780
121900130,137,280,-143
121900131,235,108,127
121900132,65,172,-107
121900133,102,618,-516
121900134,29,95,-66
121900135,2943,333,2610
121900136,300,558,-258
121900137,63,395,-332
121900138,120,388,-268
121900139,386,630,-244
121900140,104,231,-127
121900141,22,42,-20
121900142,81,154,-73
121900143,7,155,-148
121900144,178,394,-216
121900145,256,229,27
121900146,723,975,-252
121900147,46,249,-203
121900148,152,315,-163
121900149,509,885,-376
121900150,71,228,-157
121900151,51,195,-144
121900152,71,180,-109
121900153,114,694,-580
121900154,15,205,-190
121900155,2,258,-256
121900156,110,112,-2
121900157,2,514,-512
121900158,70,111,-41
121900159,1,254,-253
121900160,20,189,-169
121900161,434,487,-53
121900162,128,162,-34
121900163,121,920,-799
121900164,371,259,112
121900165,195,311,-116
121900166,154,235,-81
121900167,158,126,32
121900168,275,169,106
121900169,8,468,-460
121900170,4,243,-239
121900171,589,931,-342
121900172,410,357,53
121900173,994,248,746
121900174,14,48,-34
121900175,199,165,34
121900176,668,2469,-1801
121900177,176,77,99
121900179,244,165,79
121900180,6921,3317,3604
121900182,977,376,601
121900183,445,656,-211
121900184,51,740,-689
121900185,78,91,-13
121900186,6,436,-430
121900187,37,163,-126
121900188,671,464,207
121900189,59,150,-91
121900190,197,611,-414
121900191,42,203,-161
121900192,411,754,-343
121900194,2,205,-203
121900195,138,95,43
121900196,967,1194,-227
121900197,346,2781,-2435
121900198,1324,1591,-267
121900199,1,45,-44
121900200,88,237,-149
121900201,1408,536,872
121900202,118,442,-324
121900203,279,1428,-1149
121900204,1297,1092,205
121900205,132,328,-196
121900206,17,14,3
121900207,197,79,118
121900208,199,413,-214
121900209,54,25,29
121900210,1602,1809,-207
121900211,0,177,-177
121900212,96,182,-86
121900213,99,117,-18
121900214,8,804,-796
121900215,38,74,-36
121900216,28,128,-100
121900217,228,121,107
121900218,389,717,-328
121900219,385,93,292
121900220,152,14,138
121900221,315,708,-393
121900222,175,243,-68
121900223,225,99,126
121900224,110,96,14
121900225,164,48,116
121900226,443,1230,-787
121900227,138,502,-364
121900228,197,299,-102
121900229,237,278,-41
121900230,133,512,-379
121900231,599,3111,-2512
121900232,337,418,-81
121900233,392,332,60
121900234,315,429,-114
121900235,433,321,112
121900236,269,165,104
121900237,201,251,-50
121900238,119,253,-134
121900239,141,67,74
121900240,156,190,-34
121900241,32,86,-54
121900242,10,1,9
121900243,4,0,4
121900244,13,7,6
121900245,192,183,9
121900246,2244,584,1660
121900247,262,307,-45
121900248,1896,1289,607
121900250,324,323,1
121900251,361,46,315
121900252,687,166,521
121900253,115,1053,-938
121900254,535,332,203
121900255,180,160,20
121900258,3672,2278,1394
121900259,351,708,-357
121900260,118,260,-142
121900261,112,521,-409
121900262,426,1160,-734
121900263,122,505,-383
121900264,2784,2025,759
121900265,182,422,-240
121900266,200,223,-23
121900267,60,32,28
121900269,188,470,-282
121900270,21,253,-232
121900271,49,232,-183
121900273,637,1791,-1154
121900274,171,298,-127
121900276,1062,161,901
121900277,334,1902,-1568
121900278,176,1175,-999
121900279,120,263,-143
121900280,199,492,-293
121900281,650,655,-5
121900284,61,7,54
121900286,105,215,-110
121900287,4,16,-12
121900290,217,428,-211
121900291,463,830,-367
121900292,285,135,150
121900293,1014,4412,-3398
121900294,282,4,278
121900295,74,375,-301
121900296,97,284,-187
121900298,513,499,14
121900299,0,0,0
121900300,2,1,1
121900301,21,1,20
121900302,1,22,-21
121900303,480,532,-52
121900304,1,1,0
121900305,0,2,-2
121900306,71,1,70
121900307,48,36,12
121900308,15,326,-311
121900309,14,298,-284
121900310,24,629,-605
121900311,232,20,212
121900312,127,6,121
121900313,164,19,145
121900314,3,111,-108
121900315,10,0,10
121900316,0,18,-18
121900317,5,1,4
121900318,2,19,-17
121900319,11,38,-27
121900320,77,83,-6
121900321,3,1,2
121900322,1,25,-24
121900323,34,24,10
121900324,3,44,-41
121900325,5,3,2
121900326,6,28,-22
121900327,0,63,-63
121900328,0,33,-33
121900329,1,232,-231
121900330,0,5,-5
121900331,432,79,353
121900332,51,24,27
122000001,2576,4403,-1827
122000002,5462,2233,3229
122000003,2388,2015,373
122000004,3753,1968,1785
122000005,3620,1336,2284
122000006,3606,687,2919
122000007,1884,2128,-244
122000008,8074,7061,1013
122000009,633,453,180
122000010,2613,3625,-1012
122000011,4132,1893,2239
122000012,1789,1405,384
122000013,3379,1494,1885
122000014,2041,3063,-1022
122000015,2177,1228,949
122000016,598,1298,-700
122000017,1234,1251,-17
122000018,1909,1190,719
122000019,1061,1918,-857
122000020,238,249,-11
122000021,588,836,-248
122000022,1813,2000,-187
122000023,650,3872,-3222
122000024,1217,1187,30
122000025,2389,1715,674
122000026,2165,1084,1081
122000027,793,6293,-5500
122000028,936,608,328
122000029,667,407,260
122000030,347,136,211
122000031,172,271,-99
122000032,2181,4636,-2455
122000033,1265,1169,96
122000034,850,790,60
122000035,336,1062,-726
122000036,593,717,-124
122000037,417,338,79
122000038,337,434,-97
122000039,684,572,112
122000040,381,513,-132
122000041,499,653,-154
122000042,703,506,197
122000043,202,162,40
122000044,170,226,-56
122000045,1773,665,1108
122000046,1262,1473,-211
122000047,292,211,81
122000048,3505,6295,-2790
122000049,6820,2926,3894
122000050,2603,836,1767
122000051,503,426,77
122000052,764,284,480
122000053,155,480,-325
122000054,2648,2447,201
122000055,2956,3164,-208
122000056,6231,4623,1608
122000057,4563,3765,798
122000058,4910,1338,3572
122000059,4867,1614,3253
122000060,1038,614,424
122000061,564,455,109
122000062,1347,353,994
122000063,2134,631,1503
122000064,4868,2927,1941
122000065,6521,3366,3155
122000066,1283,1105,178
122000067,2182,1518,664
122000068,1550,1756,-206
122000069,653,825,-172
122000070,727,5821,-5094
122000071,1184,2579,-1395
122000072,460,396,64
122000073,723,574,149
122000074,2317,1725,592
122000075,625,1836,-1211
122000076,2033,1307,726
122000077,1770,620,1150
122000078,3284,2394,890
122000079,2561,989,1572
122000080,1541,462,1079
122000081,252,428,-176
122000082,1287,929,358
122000083,1677,5323,-3646
122000084,1276,992,284
122000085,312,2721,-2409
122000086,2722,5669,-2947
122000087,482,168,314
122000088,415,416,-1
122000089,8487,4028,4459
122000090,312,517,-205
122000091,483,77,406
122000092,235,22,213
122000093,2897,1137,1760
122000094,9829,2004,7825
122000095,4335,3217,1118
122000096,3604,2229,1375
122000098,4338,1783,2555
122000099,4441,676,3765
122000100,1499,806,693
122000101,317,1452,-1135
122000102,2014,1322,692
122000103,1599,1632,-33
122000104,379,288,91
122000105,279,348,-69
122000106,532,645,-113
122000107,1166,709,457
122000108,406,912,-506
122000109,390,414,-24
122000110,392,553,-161
122000111,2781,1267,1514
122000112,964,1354,-390
122000113,719,822,-103
122000114,6058,1772,4286
122000115,1704,2853,-1149
122000116,521,643,-122
122000117,1288,402,886
122000118,388,698,-310
122000119,3660,1987,1673
122000120,2723,3523,-800
122000121,3366,2809,557
122000122,819,1623,-804
122000123,2634,1884,750
122000124,1738,630,1108
122000125,530,711,-181
122000126,1116,1191,-75
122000127,1836,977,859
122000128,639,1053,-414
122000129,371,825,-454
122000130,3189,718,2471
122000131,1649,894,755
122000132,863,533,330
122000133,1376,2663,-1287
122000134,591,634,-43
122000135,810,882,-72
122000136,463,364,99
122000137,1402,887,515
122000139,2441,4056,-1615
122000140,1935,663,1272
122000141,6897,1351,5546
122000142,608,823,-215
122000143,633,314,319
122000144,2021,1110,911
122000145,2314,903,1411
122000146,819,1341,-522
122000147,1540,453,1087
122000148,3106,1814,1292
122000149,2017,1387,630
122000150,1146,1079,67
122000151,227,312,-85
122000152,569,337,232
122000153,511,360,151
122000154,303,227,76
122000155,1290,2377,-1087
122000156,1913,2092,-179
122000157,2487,1672,815
122000158,572,682,-110
122000159,1372,1885,-513
122000160,5226,1423,3803
122000161,1149,808,341
122000162,2597,1906,691
122000163,371,78,293
122000164,23,85,-62
122000165,973,931,42
122000166,1265,1417,-152
122000167,180,250,-70
122000168,250,575,-325
122000169,651,189,462
122000170,320,329,-9
122000171,34,81,-47
122000172,1804,1931,-127
122000173,1585,3115,-1530
122000174,2826,1012,1814
122000175,1285,315,970
122000176,344,864,-520
122000177,1962,1574,388
122000178,3219,4058,-839
122000179,2402,3563,-1161
122000180,2060,1521,539
122000181,1752,4281,-2529
122000182,2396,2199,197
122000183,2121,1534,587
122000184,2946,2475,471
122000185,1259,1336,-77
122000186,712,1197,-485
122000187,2471,1352,1119
122000188,395,232,163
122000189,274,495,-221
122000190,1232,1136,96
122000191,1349,856,493
122000192,900,419,481
122000193,288,781,-493
122000194,727,210,517
122000195,170,644,-474
122000196,1226,763,463
122000197,563,930,-367
122000198,689,1327,-638
122000199,502,447,55
122000200,1688,772,916
122000201,1180,1416,-236
122000202,1387,1252,135
122000203,2673,1747,926
122000204,1326,2378,-1052
122000205,1530,1510,20
122000206,2690,1137,1553
122000207,1218,1709,-491
122000208,2753,2023,730
122000209,3571,432,3139
122000210,2109,2478,-369
122000211,1863,1490,373
122000212,795,595,200
122000213,1203,1515,-312
122000214,2104,1953,151
122000215,2314,1541,773
122000217,2348,1690,658
122000218,922,90,832
122000219,1817,1123,694
122000220,358,836,-478
122000221,163,510,-347
122000222,505,129,376
122000223,1241,458,783
122000225,903,319,584
122000226,1420,2349,-929
122000227,359,3012,-2653
122000228,368,452,-84
122000229,25,467,-442
122000230,63,937,-874
122000231,199,1062,-863
122000232,850,613,237
122000233,2,83,-81
122000234,207,283,-76
122000235,662,301,361
122000236,676,221,455
122000237,153,76,77
122000238,188,246,-58
122000239,533,120,413
122000240,1030,643,387
122000241,159,309,-150
122000242,556,116,440
122000243,34,38,-4
122000244,11,355,-344
122000245,18,102,-84
122000246,6,86,-80
122000247,552,330,222
122000248,1105,2297,-1192
122000249,429,861,-432
122000250,1685,853,832
122000251,196,506,-310
122000252,646,146,500
122000253,45,354,-309
122000254,176,100,76
122000255,769,2203,-1434
122000256,387,1883,-1496
122000257,115,525,-410
122000258,138,285,-147
122000259,20,1011,-991
122000260,19,166,-147
122000261,11,263,-252
122000262,0,88,-88
122000263,135,173,-38
122000264,1045,618,427
122000265,2839,1048,1791
122000266,5978,775,5203
122000267,132,200,-68
122000268,167,604,-437
122000269,1192,367,825
122000270,1330,152,1178
122000271,355,1749,-1394
122000272,404,1809,-1405
122000273,342,711,-369
122000274,149,256,-107
122000275,62,245,-183
122000276,554,841,-287
122000277,763,1664,-901
122000278,819,1349,-530
122000279,240,622,-382
122000280,937,1031,-94
122000281,745,1004,-259
122000282,143,168,-25
122000283,400,88,312
122000284,127,91,36
122000285,459,192,267
122000286,97,266,-169
122000287,965,1724,-759
122000288,346,249,97
122000291,1003,532,471
122000293,445,317,128
122000294,115,200,-85
122000295,1259,232,1027
122000296,65,630,-565
122000297,4453,2696,1757
122000299,392,670,-278
122000300,486,691,-205
122000301,20575,2864,17711
122000302,981,1178,-197
122000303,5473,1581,3892
122000304,68,277,-209
122000305,838,403,435
122000306,18,1117,-1099
122000307,189,161,28
122000309,83,56,27
122000310,15,27,-12
122000311,207,153,54
122000312,125,60,65
122000313,74,55,19
122000314,107,218,-111
122000315,240,28,212
122000316,594,300,294
122000317,949,301,648
122000318,239,633,-394
122000319,199,897,-698
122000320,372,3890,-3518
122000321,139,351,-212
122000322,2747,3985,-1238
122000323,1979,2727,-748
122000324,1824,1723,101
122000325,1129,1618,-489
122000326,41,217,-176
122000327,431,534,-103
122000328,1547,1177,370
122000330,2770,851,1919
122000332,282,426,-144
122000333,6,245,-239
122000337,942,2315,-1373
122000338,466,621,-155
122000340,600,376,224
122000342,2649,1364,1285
122000343,361,400,-39
122000344,58,40,18
122000345,39,90,-51
122000346,254,232,22
122000348,562,1157,-595
122000349,161,529,-368
122000351,79,324,-245
122000352,211,99,112
122000353,51,150,-99
122000355,112,173,-61
122000356,3217,1145,2072
122000357,33,24,9
122000358,0,94,-94
122000359,0,51,-51
122000360,0,92,-92
122000362,7,134,-127
122000364,137,585,-448
122000365,2,25,-23
122000366,3,5,-2
122000368,544,963,-419
122000370,25,115,-90
122000371,25,0,25
122000372,7,1,6
122000381,68,508,-440
122000382,67,275,-208
122000384,5930,2588,3342
122000385,24,2,22
122000386,928,1208,-280
122000387,697,731,-34
122000388,2616,567,2049
122000389,299,951,-652
122000390,522,302,220
122000391,385,146,239
122000392,211,313,-102
122000393,23,268,-245
122000394,477,380,97
122000395,107,227,-120
122000396,217,141,76
122000397,49,104,-55
122000398,14,43,-29
122000399,114,90,24
122000400,167,367,-200
122000401,129,123,6
122000402,227,138,89
122000403,606,1653,-1047
122000404,139,502,-363
122000408,750,1443,-693
122000503,15,114,-99
122000524,193,182,11
122000544,88,3365,-3277
122000616,648,5,643
122000640,36,220,-184
122000641,34,597,-563
122000642,936,1913,-977
122000643,31,136,-105
122000644,222,19,203
122000645,92,345,-253
122000651,3004,766,2238
122000664,156,39,117
122000665,1040,627,413
122000666,606,1225,-619
122000673,27,457,-430
122000674,78,62,16
122000675,1709,1672,37
122000686,291,2037,-1746
122000687,1005,439,566
122000688,146,1128,-982
122000689,517,884,-367
122000690,837,981,-144
122000691,364,3728,-3364
122000692,1025,453,572
122000693,417,2654,-2237
122000695,183,831,-648
122000696,191,524,-333
122000698,259,1403,-1144
122000699,217,234,-17
122000701,1039,397,642
122000702,551,2937,-2386
122000703,232,94,138
122000717,191,64,127
122000718,283,568,-285
122000719,56,91,-35
122000720,171,463,-292
122900001,63,12,51
122900002,1478,3315,-1837
122900003,293,43,250
122900004,1200,40,1160
122900005,39,77,-38
122900006,1011,533,478
122900007,98,46,52
122900008,892,126,766
122900009,1199,529,670
122900010,298,225,73
122900012,196,485,-289
122900014,121,417,-296
122900015,3080,858,2222
122900016,131,556,-425
122900017,446,1143,-697
122900018,195,17,178
122900019,12,146,-134
122900020,466,574,-108
122900021,56,997,-941
122900022,583,1132,-549
122900023,388,462,-74
122900024,159,158,1
122900025,14,196,-182
122900026,227,405,-178
122900027,152,884,-732
122900028,244,772,-528
122900029,6867,2922,3945
122900030,2095,524,1571
122900031,158,172,-14
122900032,150,305,-155
122900033,166,187,-21
122900034,4946,6200,-1254
122900035,101,14,87
122900036,47,409,-362
122900037,422,167,255
122900038,200,3067,-2867
122900039,72,492,-420
122900040,314,568,-254
122900041,177,265,-88
122900042,147,350,-203
122900043,477,265,212
122900044,113,408,-295
122900045,43,135,-92
122900046,149,126,23
122900047,414,204,210
122900048,46,290,-244
122900049,2314,219,2095
122900051,96,187,-91
122900052,39,152,-113
122900053,18,24,-6
122900055,239,173,66
122900057,292,45,247
122900061,403,254,149
122900062,376,636,-260
122900063,178,622,-444
122900064,1110,951,159
122900065,396,162,234
122900066,582,253,329
122900067,2358,1031,1327
122900068,181,560,-379
122900069,274,1671,-1397
122900070,343,53,290
122900071,94,623,-529
122900072,11,863,-852
122900073,40,475,-435
122900074,287,1078,-791
122900075,1,106,-105
122900076,4,322,-318
122900077,2,257,-255
122900078,124,204,-80
122900080,83,32,51
122900081,167,250,-83
122900082,567,286,281
122900083,177,163,14
122900084,16,331,-315
122900086,2,52,-50
122900087,146,757,-611
122900088,77,136,-59
122900089,96,201,-105
122900090,10,1151,-1141
122900091,140,1,139
122900092,0,254,-254
122900093,0,601,-601
122900094,4,393,-389
122900095,96,12,84
122900096,144,565,-421
122900097,14,16,-2
122900098,78,151,-73
122900099,7,6,1
122900100,655,466,189
122900101,712,312,400
123000001,2665,461,2204
123000002,7557,3759,3798
123000003,4179,3415,764
123000004,3328,6349,-3021
123000005,2880,2803,77
123000006,3347,4284,-937
123000007,2880,2474,406
123000008,2787,3872,-1085
123000009,4858,3112,1746
123000010,4244,4928,-684
123000011,4355,956,3399
123000012,1240,3127,-1887
123000013,3753,924,2829
123000014,1336,5040,-3704
123000015,6508,882,5626
123000016,9546,4416,5130
123000017,3956,1356,2600
123000018,23,118,-95
123000019,180,392,-212
123000020,119,146,-27
123000021,58,185,-127
123000022,652,1456,-804
123000023,1327,1533,-206
123000024,1239,571,668
123000025,29,127,-98
123000026,1,73,-72
123000027,239,605,-366
123000028,1297,203,1094
123000029,924,693,231
123000030,239,948,-709
123000031,124,714,-590
123000032,240,460,-220
123000033,204,61,143
123000034,783,736,47
123000035,345,340,5
123000036,294,807,-513
123000037,336,541,-205
123000038,112,268,-156
123000039,479,1101,-622
123000040,1172,520,652
123000041,1544,835,709
123000042,1090,525,565
123000043,5327,7347,-2020
123000044,7993,2757,5236
123000045,15590,3164,12426
123000046,960,1181,-221
123000047,2370,1698,672
123000048,96,489,-393
123000049,11216,7418,3798
123000050,1165,1683,-518
123000051,77,159,-82
123000052,684,4169,-3485
123000053,2444,4769,-2325
123000054,1033,1656,-623
123000055,1032,1805,-773
123000056,1321,2414,-1093
123000057,25468,8037,17431
123000058,964,874,90
123000059,514,603,-89
123000060,865,414,451
123000061,194,1083,-889
123000063,836,987,-151
123000064,904,246,658
123000065,10178,4582,5596
123000066,1107,1347,-240
123000067,574,698,-124
123000068,3619,5133,-1514
123000069,10323,5336,4987
123000070,339,1307,-968
123000071,890,1532,-642
123000072,943,2282,-1339
123000073,914,1129,-215
123000074,929,3005,-2076
123000075,376,1178,-802
123000076,649,1625,-976
123000077,2342,5361,-3019
123000078,1433,2151,-718
123000079,1350,2756,-1406
123000080,2309,4000,-1691
123000081,177,1036,-859
123000082,456,2040,-1584
123000083,1084,205,879
123000084,514,992,-478
123000085,220,167,53
123000086,355,609,-254
123000087,232,781,-549
123000088,1024,1793,-769
123000089,459,1760,-1301
123000090,1173,1638,-465
123000091,1967,1790,177
123000092,983,1390,-407
123000094,505,381,124
123000095,498,852,-354
123000096,411,625,-214
123000097,388,1253,-865
123000098,560,713,-153
123000099,498,795,-297
123000100,590,721,-131
123000101,844,530,314
123000102,611,709,-98
123000104,381,426,-45
123000105,565,705,-140
123000106,499,443,56
123000107,428,689,-261
123000108,831,2249,-1418
123000111,618,326,292
123000112,814,820,-6
123000113,576,2839,-2263
123000114,498,467,31
123000115,194,307,-113
123000116,15,130,-115
123000117,1549,3310,-1761
123000118,464,1349,-885
123000119,264,1608,-1344
123000120,394,1334,-940
123000121,395,823,-428
123000122,360,277,83
123000123,392,728,-336
123000124,519,637,-118
123000125,1367,1097,270
123000126,1567,3447,-1880
123000127,1020,1077,-57
123000128,287,616,-329
123000129,571,325,246
123000130,447,109,338
123000131,820,713,107
123000132,393,831,-438
123000133,327,536,-209
123000134,446,206,240
123000135,1593,2080,-487
123000136,255,1954,-1699
123000137,147,636,-489
123000138,106,671,-565
123000139,447,200,247
123000140,157,1134,-977
123000141,897,167,730
123000142,888,1267,-379
123000143,1414,3212,-1798
123000144,23,26,-3
123000145,303,380,-77
123000146,80,169,-89
123000147,83,245,-162
123000149,334,394,-60
123000150,179,245,-66
123000151,243,382,-139
123000152,45,530,-485
123000153,128,530,-402
123000154,2065,1542,523
123000155,2958,929,2029
123000156,37,104,-67
123000157,616,967,-351
123000158,771,768,3
123000159,4965,2542,2423
123000160,758,557,201
123000161,1410,1078,332
123000162,659,1668,-1009
123000163,405,113,292
123000164,1242,323,919
123000165,380,2689,-2309
123000166,35,226,-191
123000167,117,391,-274
123000168,169,489,-320
123000169,696,142,554
123000170,73,554,-481
123000171,315,184,131
123000172,178,1041,-863
123000173,578,263,315
123000174,996,399,597
123000175,1231,1817,-586
123000176,991,187,804
123000177,527,1565,-1038
123000178,653,164,489
123000179,48,1132,-1084
123000180,1221,315,906
123000181,365,2142,-1777
123000182,134,799,-665
123000183,128,301,-173
123000184,105,1149,-1044
123000185,510,518,-8
123000186,4,835,-831
123000187,345,4,341
123000188,129,4,125
123000189,205,222,-17
123000190,45,72,-27
123000192,20,495,-475
123000193,48,883,-835
123000194,554,355,199
123000195,277,23,254
123000196,223,10,213
123000197,75,135,-60
123000198,16,262,-246
123000199,12,679,-667
123000200,324,17,307
123000201,790,29,761
123000202,38,1717,-1679
123000203,898,65,833
123000204,95,1513,-1418
123000205,647,2833,-2186
123000206,1655,221,1434
123000207,93,1301,-1208
123000208,363,143,220
123000209,1608,392,1216
123000210,476,2269,-1793
123000211,767,4333,-3566
123000212,2154,518,1636
123000213,473,56,417
123000215,185,147,38
123000216,236,513,-277
123000217,189,56,133
123000218,123,592,-469
123000219,1433,68,1365
123000220,454,95,359
123000221,161,359,-198
123000222,338,1179,-841
123000223,197,997,-800
123000224,376,820,-444
123000225,141,159,-18
123000226,61,618,-557
123000227,89,511,-422
123000228,221,62,159
123000229,1413,2815,-1402
123000232,102,852,-750
123000233,582,226,356
123000234,159,857,-698
123000235,564,445,119
123000236,253,1260,-1007
123000237,221,111,110
123000238,89,992,-903
123000239,543,3112,-2569
123000240,81,514,-433
123000241,1458,199,1259
123000242,210,334,-124
123000243,675,1211,-536
123000244,990,656,334
123000245,98,207,-109
123000249,475,930,-455
123000252,694,221,473
123000253,796,516,280
123000254,591,1589,-998
123000255,905,888,17
123000256,25,333,-308
123000257,5168,3440,1728
123000258,1080,1679,-599
123000259,252,586,-334
123000260,455,986,-531
123000261,167,476,-309
123000262,120,381,-261
123000263,355,125,230
123000264,156,65,91
123000265,69,246,-177
123000266,504,996,-492
123000267,481,424,57
123000268,35,73,-38
123000269,50,33,17
123000270,41,60,-19
123000271,60,101,-41
123000272,797,211,586
123000273,196,539,-343
123000274,992,497,495
123000275,321,1396,-1075
123000278,4379,3072,1307
123000279,61,102,-41
123000280,286,459,-173
123000281,251,134,117
123000282,103,355,-252
123000283,79,79,0
123000284,57,166,-109
123000286,331,345,-14
123000287,579,393,186
123000288,957,723,234
123000289,533,849,-316
123000291,462,1018,-556
123000294,204,271,-67
123000295,849,927,-78
123000296,320,315,5
123000297,153,474,-321
123000298,170,357,-187
123000299,27,170,-143
123000300,746,837,-91
123000301,88,240,-152
123000302,98,344,-246
123000303,119,109,10
123000305,1152,1052,100
123000306,91,377,-286
123000309,39,78,-39
123000310,70,48,22
123000311,1,190,-189
123000312,811,1403,-592
123000313,258,339,-81
123000315,77,610,-533
123000316,1972,39,1933
123000317,193,64,129
123000318,36,357,-321
123000329,7,30,-23
123000337,264,297,-33
123000338,665,35,630
123000339,145,420,-275
123000340,179,648,-469
123000342,3,9,-6
123000343,89,0,89
123000344,1787,732,1055
123000345,381,1015,-634
123000346,205,74,131
123000352,3162,1010,2152
123000353,13,114,-101
123000354,240,60,180
123000355,0,816,-816
123000356,220,9,211
123000357,4,371,-367
123000359,5,347,-342
123000360,266,40,226
123000361,905,349,556
123000362,307,259,48
123000363,97,335,-238
123000364,633,315,318
123000365,24,328,-304
123000366,348,2176,-1828
123000367,244,1543,-1299
123000370,26,546,-520
123000371,173,39,134
123000372,260,9,251
123000373,7,618,-611
123000374,23,305,-282
123000375,275,24,251
123000376,752,702,50
123000377,340,21,319
123000378,20,741,-721
123000379,1,277,-276
123000380,72,371,-299
123000381,227,55,172
123000382,1675,91,1584
123000383,412,974,-562
123000384,526,123,403
123000385,279,965,-686
123000436,92,1098,-1006
123000507,101,496,-395
123000508,69,511,-442
123000517,326,34,292
123000518,32,402,-370
123000519,151,93,58
123000520,82,398,-316
123000521,338,136,202
123000522,187,1006,-819
123000541,2,0,2
123000542,0,64,-64
123000565,318,28,290
123000566,110,1058,-948
123000567,153,365,-212
123000573,29,1247,-1218
123000574,514,72,442
123000575,954,1825,-871
123000576,808,3677,-2869
123000577,142,868,-726
123000578,889,91,798
123000579,6032,4553,1479
123000580,85,22,63
123000582,362,38,324
123000583,24,891,-867
123000584,98,255,-157
123000585,0,179,-179
123000586,95,1,94
123000596,102,185,-83
123000597,59,133,-74
123000602,39,3,36
123000603,402,856,-454
123000604,332,1554,-1222
123000605,828,165,663
123000606,1,197,-196
123000609,24,302,-278
123000610,140,125,15
123000613,18,207,-189
123000614,180,83,97
123000615,36,237,-201
123000616,380,95,285
123000617,112,711,-599
123000618,85,1127,-1042
123000619,710,39,671
123000620,19,937,-918
123000622,283,14,269
123000624,92,91,1
123000630,510,400,110
123000631,304,2758,-2454
123000632,1362,1901,-539
123000633,0,314,-314
123000634,148,41,107
123000635,285,83,202
123000636,22,866,-844
123000637,76,215,-139
123000638,365,146,219
123000639,1358,2767,-1409
123000640,60,1598,-1538
123900001,1610,41,1569
123900002,11,1253,-1242
123900003,521,1052,-531
123900005,258,144,114
123900006,224,30,194
124000001,1797,150,1647
124000002,147,3072,-2925
124000003,621,207,414
124000004,69,1223,-1154
124000005,818,328,490
124000006,311,1899,-1588
124000007,1078,190,888
124000008,24,640,-616
124000009,373,576,-203
124000010,121,594,-473
124000011,1047,564,483
124000012,372,1060,-688
124000017,118,103,15
124000018,111,91,20
124000019,73,139,-66
124000020,76,184,-108
124000021,109,54,55
124000022,90,268,-178
124000023,1262,1372,-110
124000024,1060,854,206
124000025,986,1508,-522
124000026,1416,1206,210
124000027,5516,5298,218
124000028,3508,5241,-1733
124000030,4091,1356,2735
124000031,858,1534,-676
124000032,9048,1395,7653
124000033,173,297,-124
124000034,4671,805,3866
124000035,68,123,-55
124000036,85,207,-122
124000037,318,740,-422
124000038,74,64,10
124000039,1313,416,897
124000040,733,957,-224
124000041,328,74,254
124000042,63,556,-493
124000043,62,90,-28
124000044,42,363,-321
124000045,450,733,-283
124000046,235,973,-738
124000047,1174,1237,-63
124000048,796,2837,-2041
124000049,1225,837,388
124000050,642,3663,-3021
124000051,564,567,-3
124000052,666,2132,-1466
124000053,403,1156,-753
124000054,914,978,-64
124000055,1138,1767,-629
124000056,5963,1883,4080
124000057,662,507,155
124000058,364,1917,-1553
124000059,486,815,-329
124000060,1297,1216,81
124000061,1429,3829,-2400
124000062,7228,2276,4952
124000063,1483,2037,-554
124000064,3106,2208,898
124000065,61,205,-144
124000066,296,74,222
124000067,71,493,-422
124000068,5,17,-12
124000069,109,28,81
124000070,23,175,-152
124000071,84,106,-22
124000072,158,628,-470
124000073,818,111,707
124000074,155,1241,-1086
124000075,189,22,167
124000076,8,290,-282
124000077,2135,849,1286
124000078,2478,759,1719
124000079,585,1259,-674
124000080,215,146,69
124000081,175,904,-729
124000082,9,93,-84
124000083,28,221,-193
124000084,21,131,-110
124000085,61,52,9
124000086,72,156,-84
124000087,117,93,24
124000088,177,681,-504
124000089,839,829,10
124000090,58,457,-399
124000091,494,89,405
124000092,56,650,-594
124000093,56,93,-37
124000094,140,752,-612
124000095,73,69,4
124000096,109,424,-315
124000097,80,119,-39
124000098,49,150,-101
124000099,76,93,-17
124000100,31,106,-75
124000101,66,97,-31
124000102,57,124,-67
124000103,81,98,-17
124000104,72,118,-46
124000105,72,73,-1
124000106,104,143,-39
124000107,15,141,-126
124000108,53,53,0
124000109,99,90,9
124000110,248,126,122
124000111,204,186,18
124000112,572,973,-401
124000113,65,81,-16
124000114,224,809,-585
124000115,385,1065,-680
124000116,110,73,37
124000117,67,102,-35
124000118,47,58,-11
124000119,1126,942,184
124000120,737,694,43
124000121,2048,637,1411
124000122,599,1306,-707
124000123,1062,470,592
124000124,483,1213,-730
124000125,345,422,-77
124000126,357,681,-324
124000127,709,418,291
124000128,609,1182,-573
124000129,2033,1629,404
124000130,769,675,94
124000131,832,522,310
124000132,833,822,11
124000133,811,944,-133
124000134,942,917,25
124000135,1920,1831,89
124000136,1223,1347,-124
124000137,1353,845,508
124000138,1645,1650,-5
124000139,460,38,422
124000140,29,573,-544
124000141,118,11,107
124000142,7,154,-147
124000143,46,13,33
124000144,3,86,-83
124000145,74,52,22
124000146,30,140,-110
124000148,13,48,-35
124000149,863,331,532
124000150,410,709,-299
124000151,438,230,208
124000152,616,1341,-725
124000153,396,617,-221
124000154,288,1086,-798
124000155,964,619,345
124000156,1533,1063,470
124000169,200,487,-287
124000170,1047,541,506
124000171,218,341,-123
124000172,352,805,-453
124000173,365,384,-19
124000174,257,1224,-967
124000175,7,155,-148
124000176,34,5,29
124000177,11,33,-22
124000178,19,50,-31
124000190,73,25,48
124000191,265,56,209
124000192,2180,355,1825
124000193,644,1416,-772
124000194,366,595,-229
124000195,244,513,-269
124000196,987,1318,-331
124000197,32,67,-35
124000198,20,52,-32
124000201,378,1606,-1228
124000202,576,264,312
124000203,191,1680,-1489
124000204,399,1004,-605
124000205,59,1121,-1062
124000206,363,615,-252
124000207,0,80,-80
124000209,333,1196,-863
124000210,286,284,2
124000211,338,4,334
124000212,3,984,-981
124000213,219,570,-351
124000214,211,1474,-1263
124000215,159,22,137
124000216,5,851,-846
124000329,157,3574,-3417
124000338,71,2093,-2022
124000339,597,150,447
124000341,688,106,582
124000344,47,1,46
124000357,893,2021,-1128
124000358,673,1291,-618
124000359,1188,697,491
124000360,583,489,94
124000361,1537,631,906
124000362,1945,2594,-649
124000363,288,632,-344
124000364,650,1594,-944
124000365,603,1358,-755
124000366,2216,1027,1189
124000367,149,1103,-954
124000368,249,211,38
124000369,87,108,-21
124000370,89,912,-823
124000402,35,16,19
124000403,59,10,49
124000404,8,168,-160
124000405,1212,844,368
124000406,1123,1099,24
124000407,8,47,-39
124000411,7,599,-592
124000412,236,26,210
124000413,344,75,269
124000414,21,130,-109
124000415,48,313,-265
124000416,143,485,-342
124000417,128,112,16
124000418,105,150,-45
124000419,65,283,-218
124000420,28,56,-28
124000421,40,359,-319
124000422,36,22,14
124000423,118,75,43
124000424,3,194,-191
124000425,20,19,1
124000426,4,69,-65
124000427,28,21,7
124000428,41,25,16
124000429,53,88,-35
124000430,607,1409,-802
124000431,293,1384,-1091
124000432,158,1231,-1073
124000439,3,27,-24
124000442,2,271,-269
124000443,0,10,-10
124000445,121,156,-35
124000446,1648,49,1599
124900001,325,306,19
124900002,199,694,-495
124900003,732,520,212
124900004,410,356,54
124900005,316,364,-48
124900006,412,379,33
124900008,1262,520,742
124900009,145,341,-196
124900010,134,71,63
124900011,508,225,283
124900012,594,185,409
124900013,355,183,172
124900014,151,150,1
124900015,169,397,-228
124900016,51,135,-84
124900017,1426,721,705
124900018,23,7,16
124900019,362,31,331
124900020,127,70,57
124900021,231,57,174
124900022,10,15,-5
124900024,213,23,190
124900026,56,3,53
124900027,84,310,-226
124900028,992,256,736
124900029,11,326,-315
124900030,6,396,-390
124900031,108,734,-626
124900032,243,182,61
124900033,95,633,-538
124900034,6,113,-107
124900035,225,791,-566
124900036,0,33,-33
124900037,170,575,-405
124900038,374,458,-84
124900039,21,23,-2
124900040,149,97,52
124900041,230,1589,-1359
124900042,39,0,39
124900043,371,1555,-1184
124900044,41,0,41
124900045,728,964,-236
124900046,3565,353,3212
124900047,146,413,-267
124900048,125,260,-135
124900050,129,490,-361
124900052,137,968,-831
124900053,54,401,-347
124900054,5371,424,4947
124900055,2,189,-187
124900057,11,126,-115
124900060,94,360,-266
124900061,27,9,18
124900062,105,29,76
124900066,0,17,-17
124900067,7,357,-350
124900068,393,757,-364
124900069,110,126,-16
124900070,50,24,26
124900072,57,16,41
124900074,331,672,-341
124900075,124,213,-89
124900076,31,615,-584
124900077,28,139,-111
124900078,59,19,40
124900079,1301,155,1146
124900080,275,1083,-808
124900081,608,203,405
124900082,396,1244,-848
124900083,188,748,-560
124900084,3290,119,3171
124900085,1148,284,864
124900086,101,990,-889
124900087,494,92,402
124900088,632,150,482
124900089,2120,57,2063
124900090,264,264,0
124900091,310,982,-672
124900092,268,642,-374
124900093,249,255,-6
124900094,270,338,-68
124900095,98,468,-370
124900096,735,350,385
124900097,236,72,164
124900098,127,633,-506
124900099,1643,563,1080
124900100,277,57,220
124900101,33,229,-196
124900102,119,37,82
124900103,133,352,-219
124900104,48,267,-219
124900105,95,221,-126
124900106,521,45,476
124900107,73,33,40
124900108,269,49,220
124900109,40,114,-74
124900110,188,458,-270
124900111,2,63,-61
124900112,68,1885,-1817
129000186,176,43,133
204000001,26,3,23
204000002,22,3,19
204000003,17,1,16
204000004,5,6,-1
204000005,426,608,-182
204000006,1079,1851,-772
204000008,1040,772,268
204000011,10,75,-65
204000012,26,77,-51
204000013,0,25,-25
204000019,509,624,-115
204000020,540,1006,-466
204000021,2180,936,1244
204000022,447,482,-35
204000023,539,1279,-740
204000031,35,13,22
204000032,422,34,388
204000034,18,391,-373
204000035,2,5,-3
204000036,6,26,-20
204000037,0,12,-12
204000038,1,15,-14
204000039,5,59,-54
204000040,7,36,-29
204000041,12,117,-105
204000042,104,15,89
204000043,26,9,17
204000044,26,9,17
204000045,76,1,75
204000046,20,4,16
204000057,2,46,-44
204000062,4,34,-30
204000068,17,162,-145
204000069,3,149,-146
204000070,33,88,-55
204000080,19,34,-15
204000085,1640,2739,-1099
204000086,2797,2599,198
204000087,24,17,7
204000088,8,156,-148
204000090,6,434,-428
204000093,183,54,129
204000096,663,1034,-371
204000097,274,22,252
204000099,819,1443,-624
204000100,972,1496,-524
204000105,2178,2539,-361
204000110,738,1363,-625
204000111,341,819,-478
204000112,520,1098,-578
204000113,340,1197,-857
204000114,491,592,-101
204000115,309,451,-142
204000116,531,754,-223
204000119,1688,2479,-791
204000132,393,187,206
204000133,531,221,310
204000134,197,172,25
204000135,285,97,188
204000136,223,206,17
204000138,245,202,43
204000140,141,115,26
204000141,101,51,50
204000144,2,23,-21
204000145,393,65,328
204000146,34,485,-451
204000147,15,87,-72
204000148,230,62,168
204000154,2,1,1
204000155,6,22,-16
204000177,48,33,15
204000179,11,5,6
204000180,0,26,-26
204000222,3,23,-20
204000235,13,24,-11
204000236,67,361,-294
204000238,20,26,-6
204000240,192,117,75
204000308,229,23,206
204000317,12,81,-69
204000322,0,46,-46
204000323,14,5,9
204000328,206,67,139
204000329,37,173,-136
204000330,172,58,114
204000331,10,143,-133
204010341,12,363,-351
205000001,940,1854,-914
205000013,7,92,-85
205000014,14,116,-102
205000015,27,193,-166
205000016,18,178,-160
205000017,16,89,-73
205000022,270,711,-441
205000025,1780,1094,686
205000029,165,1,164
205000045,83,289,-206
205000047,47,467,-420
205000048,187,1024,-837
205000049,145,752,-607
205000050,1003,274,729
205000059,0,247,-247
205000060,0,68,-68
205000061,2,79,-77
205000062,8,36,-28
205000063,21,73,-52
205000064,19,153,-134
205000065,61,751,-690
205000066,80,1065,-985
205000067,34,1176,-1142
205000069,114,20,94
205000082,143,438,-295
205000110,52,204,-152
205000111,127,259,-132
205000112,126,254,-128
205000113,188,329,-141
205000121,193,128,65
205000123,50,184,-134
205000126,520,232,288
205000127,703,333,370
205000128,655,138,517
205000129,813,226,587
205000130,889,59,830
205000131,636,11,625
205000132,615,3,612
205000133,375,3,372
205000134,222,2,220
205000137,81,121,-40
205000138,145,313,-168
205000139,18,125,-107
205000144,62,97,-35
205000145,313,333,-20
205000151,239,87,152
205000152,198,44,154
205000153,142,89,53
205000154,75,100,-25
205000155,87,29,58
205000207,5,191,-186
205000233,5,4,1
205000234,0,1,-1
205000243,0,0,0
205000244,0,2,-2
205000245,12,399,-387
205000249,1,66,-65
205000250,1,0,1
205000251,44,462,-418
205000264,7,100,-93
206000027,5,2,3
206000028,6,2,4
206000043,12,148,-136
206000053,1,17,-16
206000054,3,46,-43
206000055,4,44,-40
206000075,6,9,-3
206000076,5,8,-3
206000077,20,1,19
206000078,5,9,-4
206000079,26,3,23
206000082,542,28,514
206000100,76,972,-896
206000103,4,24,-20
206000104,14,42,-28
206000105,8,20,-12
206000106,5,40,-35
206000108,625,37,588
206000125,44,0,44
206000157,71,1101,-1030
206000170,0,287,-287
206000171,4,359,-355
206000172,8,1219,-1211
206000173,0,396,-396
206000174,15,159,-144
206000175,1,266,-265
206000176,18,467,-449
206000177,3,276,-273
206000178,2,252,-250
206000179,5,167,-162
206000180,21,304,-283
206000181,12,458,-446
206000182,6,448,-442
206000183,23,1676,-1653
206000184,5,618,-613
206000185,9,464,-455
206000186,114,2365,-2251
206000223,3,334,-331
206000226,9,1,8
206000227,19,0,19
206000237,41,732,-691
206000238,56,1034,-978
206000239,810,4112,-3302
206000240,0,89,-89
206000241,0,201,-201
206000242,10,544,-534
206000243,10,502,-492
206000244,72,1357,-1285
206000245,352,62,290
206000246,29,8,21
206000247,78,3,75
206000248,236,9,227
206000252,104,25,79
206000258,15,67,-52
206000315,37,4,33
206000317,232,103,129
206000318,151,37,114
206000319,459,37,422
206000320,42,34,8
206000321,47,15,32
206000322,187,11,176
206000323,67,6,61
206000324,72,3,69
206000325,157,6,151
206000326,136,5,131
206000327,106,5,101
206000328,59,3,56
206000329,91,5,86
206000330,30,2,28
206000331,54,2,52
206000332,20,6,14
206000333,265,6,259
206000334,118,1,117
206000335,0,23,-23
206000361,3,371,-368
206000392,1,74,-73
206000405,89,0,89
206000441,12,22,-10
206000498,18,3,15
206000515,99,34,65
206000530,60,35,25
206000531,91,119,-28
206000532,3074,122,2952
206000535,665,3298,-2633
206000536,38,376,-338
206000537,12,380,-368
206000613,1314,176,1138
207000001,135,538,-403
207000002,129,344,-215
207000003,165,250,-85
207000007,458,326,132
207000008,42,10,32
207000009,27,22,5
207000010,437,782,-345
207000012,238,298,-60
207000015,395,2291,-1896
207000019,218,136,82
207000021,531,149,382
207000022,103,85,18
207000023,144,27,117
207000024,2,27,-25
207000025,21,54,-33
207000026,90,51,39
207000027,20,109,-89
207000028,102,258,-156
207000029,291,512,-221
207000033,246,331,-85
207000034,246,68,178
207000039,366,102,264
207000040,183,134,49
207000041,71,67,4
207000042,230,58,172
207000043,198,181,17
207000051,108,499,-391
207000052,14,242,-228
207000053,538,864,-326
207000054,41,165,-124
207000055,167,220,-53
207000056,309,490,-181
207000057,158,433,-275
207000058,130,630,-500
207000059,84,1084,-1000
207000060,51,331,-280
207000061,101,243,-142
207000062,153,64,89
207000063,198,118,80
207000064,294,244,50
207000065,286,262,24
207000066,116,165,-49
207000067,27,123,-96
207000068,98,82,16
207000069,561,415,146
207000082,36,518,-482
207000083,85,572,-487
207000084,162,262,-100
207000085,103,15,88
207000086,87,7,80
207000106,18,34,-16
207000107,39,19,20
207000108,56,12,44
207000109,44,11,33
207000110,21,53,-32
207000111,72,58,14
207000112,211,293,-82
207000114,13,47,-34
207000115,21,80,-59
207000116,18,388,-370
207000117,10,150,-140
207000118,0,125,-125
207000119,25,142,-117
207000123,199,49,150
207000124,58,34,24
207000125,40,43,-3
207000126,53,37,16
207000134,36,297,-261
207000135,13,390,-377
207000148,36,210,-174
207000149,77,33,44
207000152,156,490,-334
207000153,1130,1497,-367
207000154,407,163,244
207000159,68,681,-613
207000160,120,771,-651
207000238,1,121,-120
207000242,2,253,-251
207000248,23,47,-24
207000249,142,52,90
207000250,973,75,898
207000251,60,62,-2
207000252,20,97,-77
207000278,60,116,-56
207000279,10,311,-301
207000280,245,74,171
207000281,90,1731,-1641
207000282,145,58,87
207000283,121,370,-249
207000284,39,57,-18
207000285,179,41,138
207000291,4,128,-124
207000304,110,69,41
207000306,60,603,-543
207000310,41,81,-40
207000353,261,0,261
207000356,14,37,-23
207000357,41,12,29
207000415,4,232,-228
207000417,33,4,29
207000437,0,2,-2
207000439,1094,485,609
207000446,86,3,83
207000460,10,8,2
207000466,227,234,-7
207000467,0,5,-5
207000468,0,5,-5
207000476,6,110,-104
207000477,518,170,348
207000523,1,7,-6
207000524,17,1,16
207000527,70,168,-98
207000530,242,5,237
207000531,233,9,224
207000532,86,22,64
207000534,524,52,472
207000535,32,307,-275
207000537,23,162,-139
207000540,9,238,-229
207000541,3,340,-337
207000548,5,334,-329
207000549,205,14,191
207000561,97,195,-98
207000562,38,237,-199
207000567,172,319,-147
207000568,84,192,-108
207000569,368,1777,-1409
207000584,405,268,137
207000585,33,315,-282
207000616,0,222,-222
207000617,96,11,85
207000628,0,2,-2
207900008,111,316,-205
208000001,405,823,-418
208000002,437,578,-141
208000003,770,633,137
208000004,1020,841,179
208000005,8,16,-8
208000019,475,1100,-625
208000020,168,557,-389
208000021,150,888,-738
208000022,872,960,-88
208000028,1407,955,452
208000033,420,953,-533
208000034,1590,2402,-812
208000040,173,147,26
208000041,708,624,84
208000042,729,639,90
208000047,128,669,-541
208000064,2708,1642,1066
208000066,1600,1553,47
208000070,238,441,-203
208000071,286,981,-695
208000072,268,1541,-1273
208000080,207,397,-190
208000081,213,187,26
208000082,252,418,-166
208000083,142,471,-329
208000084,36,21,15
208000085,840,598,242
208000086,410,936,-526
208000087,260,839,-579
208000089,761,960,-199
208000090,630,1448,-818
208000093,82,176,-94
208000094,428,774,-346
208000095,580,517,63
208000104,773,1154,-381
208000105,642,1247,-605
208000114,65,228,-163
208000115,484,444,40
208000116,338,1019,-681
208000117,69,159,-90
208000118,79,99,-20
208000155,518,1128,-610
208000158,1588,4111,-2523
208000186,3548,3479,69
208000204,461,1416,-955
208000205,1009,1939,-930
208000282,4496,2706,1790
209000004,155,250,-95
209000005,31,45,-14
209000006,475,101,374
209000007,376,339,37
209000010,536,128,408
209000011,205,220,-15
209000012,97,255,-158
209000013,205,719,-514
209000014,650,2115,-1465
209000025,174,26,148
209000026,554,92,462
209000027,357,1404,-1047
209000028,269,1342,-1073
209000029,731,1260,-529
209000030,529,2323,-1794
209000031,5010,3367,1643
209000034,142,162,-20
209000035,89,132,-43
209000036,133,105,28
209000037,166,223,-57
209000038,74,134,-60
209000039,46,153,-107
209000040,322,606,-284
209000041,162,396,-234
209000042,240,377,-137
209000043,917,728,189
209000044,178,772,-594
209000045,1078,498,580
209000046,350,571,-221
209000047,249,262,-13
209000048,365,308,57
209000049,98,193,-95
209000050,128,236,-108
209000051,233,477,-244
209000052,143,393,-250
209000062,32,226,-194
209000063,30,194,-164
209000064,27,207,-180
209000065,40,52,-12
209000066,49,35,14
209000067,42,84,-42
209000080,59,216,-157
209000082,54,55,-1
209000091,27,162,-135
209000093,71,46,25
209000094,245,268,-23
209000110,27,85,-58
209000111,329,1363,-1034
209000112,701,641,60
209000113,1559,467,1092
209000114,342,398,-56
209000115,64,183,-119
209000116,788,788,0
209000118,20,31,-11
209000119,47,17,30
209000121,115,845,-730
209000135,57,123,-66
209000142,710,1259,-549
209000143,113,113,0
209000144,104,111,-7
209000229,143,222,-79
209000240,35,600,-565
209000259,59,132,-73
209000260,64,1396,-1332
209000261,5,931,-926
209000262,4,787,-783
209000263,0,152,-152
209000264,0,139,-139
209000265,286,3,283
209000266,75,1,74
209000267,903,7,896
209000268,1020,66,954
210000037,61,44,17
210000047,46,44,2
210000048,93,72,21
210000049,46,53,-7
210000052,40,161,-121
210000053,13,136,-123
210000054,72,112,-40
210000070,136,4,132
210000071,76,1,75
210000072,15,0,15
210000073,1,45,-44
210000074,0,156,-156
210000075,4,85,-81
210000076,15,161,-146
210000077,28,40,-12
210000078,43,21,22
210000079,66,22,44
210000080,220,69,151
210000081,180,19,161
210000082,57,5,52
210000083,59,2,57
210000084,37,0,37
210000085,0,113,-113
210000086,4,130,-126
210000099,38,299,-261
210000100,58,306,-248
210000101,79,309,-230
210000105,38,302,-264
210000159,0,185,-185
210000163,214,334,-120
210000164,218,110,108
210000168,211,19,192
210000187,0,35,-35
210000188,0,35,-35
210000214,27,0,27
210000219,33,85,-52
210000220,42,132,-90
210000232,7,25,-18
210000233,32,85,-53
210000234,23,182,-159
210000235,33,152,-119
210000245,0,110,-110
210000246,41,27,14
210000258,16,111,-95
210000259,293,32,261
210000282,79,276,-197
210000285,0,123,-123
210000286,18,170,-152
210000295,31,195,-164
210000296,48,78,-30
210000320,164,161,3
210000321,84,117,-33
210000338,75,133,-58
210000339,665,1371,-706
210000340,122,476,-354
210000341,154,354,-200
210000342,205,241,-36
210000343,121,246,-125
210000344,357,182,175
210000345,199,192,7
210000346,87,140,-53
210000347,180,60,120
210000348,192,22,170
210000349,130,23,107
210000350,58,90,-32
210000351,81,142,-61
210000352,70,122,-52
210000353,38,141,-103
210000354,51,141,-90
210000355,118,129,-11
210000356,134,95,39
210000357,62,76,-14
210000358,573,142,431
210000359,181,83,98
210000360,144,134,10
210000361,132,170,-38
210000362,211,184,27
210000363,1018,197,821
210000364,115,227,-112
210000365,172,75,97
210000366,118,52,66
210000367,95,52,43
210000368,156,35,121
210000369,34,17,17
210000370,63,61,2
210000372,60,58,2
210000373,106,24,82
210000374,76,10,66
210000375,36,85,-49
210000376,95,192,-97
210000404,61,150,-89
210000439,8,83,-75
210000472,131,11,120
210000482,63,115,-52
210000564,704,355,349
210000568,687,3,684
211000092,7,87,-80
211000094,31,3,28
211000169,106,22,84
211000172,16,274,-258
211000209,0,40,-40
211000275,13,43,-30
211000276,54,65,-11
211000279,8,97,-89
211000281,31,95,-64
211507980,0,55,-55
211977296,33,4,29
212000003,157,89,68
212000004,67,41,26
212000005,30,41,-11
212000006,44,127,-83
212000008,115,275,-160
212000009,18,239,-221
212000012,53,77,-24
212000013,18,85,-67
212000014,235,221,14
212000015,225,309,-84
212000016,489,719,-230
212000027,477,927,-450
212000028,276,647,-371
212000029,149,433,-284
212000030,26,52,-26
212000031,52,109,-57
212000048,37,138,-101
212000049,17,92,-75
212000050,6,6,0
212000051,143,322,-179
212000052,142,577,-435
212000053,344,826,-482
212000054,141,213,-72
212000055,178,407,-229
212000056,15,71,-56
212000057,17,52,-35
212000058,729,57,672
212000070,116,447,-331
212000077,126,958,-832
212000099,230,365,-135
212000108,221,277,-56
212000111,156,128,28
212000120,208,155,53
212000138,105,27,78
212000156,4,177,-173
212000158,7,16,-9
212000159,284,70,214
212000160,445,360,85
212000161,23,17,6
212000310,31,26,5
212000311,8,143,-135
212000374,23,25,-2
213000001,37,1314,-1277
213000005,418,132,286
213000006,1109,203,906
213000007,122,11,111
213000009,726,336,390
213000010,200,235,-35
213000011,226,164,62
213000012,174,497,-323
213000014,62,10,52
213000015,194,10,184
213000016,275,7,268
213000017,56,0,56
213000018,0,279,-279
213000019,5,207,-202
213000020,138,515,-377
213000021,12,154,-142
213000023,287,192,95
213000033,228,1223,-995
213000034,643,524,119
213000035,101,259,-158
213000045,110,332,-222
213000046,236,259,-23
213000047,658,1036,-378
213000056,47,40,7
213000069,81,1,80
213000073,1,21,-20
213000074,196,808,-612
213000075,465,10,455
213000085,8,38,-30
213000086,11,345,-334
213000091,102,11,91
213000092,31,10,21
213000099,192,995,-803
213000100,1191,242,949
213000101,190,204,-14
213000102,267,539,-272
213000103,689,1292,-603
213000104,57,797,-740
213000105,2,107,-105
213000106,18,257,-239
213000107,115,981,-866
213000108,23,785,-762
213000109,4,339,-335
213000110,11,90,-79
213000111,7,73,-66
213000112,194,165,29
213000115,44,11,33
213000116,90,1379,-1289
213000117,7,1950,-1943
213000118,282,457,-175
213000119,105,1350,-1245
213000120,164,1140,-976
213000122,329,1175,-846
213000123,861,1914,-1053
213000124,102,1779,-1677
213000125,139,15,124
213000126,124,117,7
213000127,200,193,7
213000128,1007,1035,-28
213000129,625,498,127
213000130,273,253,20
213000132,198,81,117
213000133,280,114,166
213000134,650,17,633
213000136,324,16,308
213000137,511,87,424
213000139,274,11,263
213000147,56,2,54
213000148,15,7,8
213000149,56,8,48
213000150,0,125,-125
213000151,0,139,-139
213000152,0,75,-75
213000153,2,39,-37
213000154,10,252,-242
213000155,41,512,-471
213000156,105,886,-781
213000157,970,609,361
213000158,312,1054,-742
213000159,480,823,-343
213000163,429,84,345
213000165,695,298,397
213000171,0,186,-186
213000172,4,546,-542
213000173,3,379,-376
213000174,1,418,-417
213000175,13,366,-353
213000176,78,31,47
213000177,81,16,65
213000178,116,7,109
213000179,169,0,169
213000180,108,0,108
213000184,70,828,-758
213000188,303,92,211
213000189,191,48,143
213000190,866,1167,-301
213000191,245,691,-446
213000192,152,777,-625
213000193,2522,401,2121
213000194,1,40,-39
213000195,21,537,-516
213000196,176,1306,-1130
213000197,277,738,-461
213000198,53,0,53
213000200,125,1464,-1339
213000201,70,70,0
213000202,26,1319,-1293
213000203,4004,591,3413
213000204,464,65,399
213000205,241,98,143
213000206,1163,73,1090
213000207,124,8,116
213000208,70,2,68
213000209,93,1,92
213000210,335,5,330
213000211,11,12,-1
213000212,5,12,-7
213000213,3,34,-31
213000218,193,1240,-1047
213000219,417,13,404
213000220,359,6,353
213000223,208,154,54
213000224,38,21,17
213000225,33,7,26
213000226,55,9,46
213000227,570,229,341
213000228,183,76,107
213000229,493,15,478
213000230,262,22,240
213000232,91,556,-465
213000233,15,32,-17
213000234,2,59,-57
213000293,43,65,-22
213000294,108,7,101
213000295,6,75,-69
213000296,76,30,46
213000297,12,136,-124
213000298,13,141,-128
213000299,57,61,-4
213000300,3,7,-4
213000303,4,41,-37
213000304,1,9,-8
213000305,0,16,-16
213000306,95,56,39
213000307,463,106,357
213000308,110,460,-350
213000309,129,72,57
213000310,247,123,124
213000311,291,1007,-716
213000315,77,272,-195
213000316,87,76,11
213000322,83,223,-140
213000323,48,127,-79
213000324,158,316,-158
213000325,69,346,-277
213000326,82,150,-68
213000327,75,370,-295
213000328,51,147,-96
213000329,101,163,-62
213000340,158,1299,-1141
213000341,252,90,162
213000347,825,273,552
213000348,18,192,-174
213000349,20,7,13
213000350,211,2265,-2054
213000366,62,572,-510
213000367,144,48,96
213000379,39,172,-133
213000386,29,289,-260
213000406,65,420,-355
213000417,1139,533,606
213000425,92,77,15
213000426,83,111,-28
213000427,48,664,-616
213000428,45,436,-391
213000429,19,3,16
213000430,77,2102,-2025
213000431,20,0,20
213000432,0,22,-22
213000433,26,225,-199
213000434,51,166,-115
213000435,106,132,-26
213000436,16,150,-134
213000437,2,138,-136
213000438,131,243,-112
213000439,39,23,16
213000440,10,278,-268
213000441,1,2,-1
213000442,8,72,-64
213000443,472,640,-168
213000444,25,168,-143
213000445,0,139,-139
213000446,0,14,-14
213000447,16,27,-11
213000448,5,117,-112
213000449,176,1,175
213000450,28,75,-47
213000451,233,105,128
213000452,12,26,-14
213000453,48,560,-512
213000455,307,41,266
213000456,1,160,-159
213000481,7,5,2
213000484,47,7,40
213000489,747,40,707
213900002,1,86,-85
213900003,292,44,248
213900013,2,205,-203
213900015,0,8,-8
213900016,4,15,-11
213900020,9,250,-241
213900030,4,80,-76
213900032,238,114,124
213900033,85,27,58
213900034,278,116,162
213900035,166,962,-796
213900036,104,366,-262
213900037,39,517,-478
213900038,260,311,-51
213900039,0,153,-153
213900041,0,113,-113
213900042,218,165,53
213900043,209,254,-45
213900244,16,1,15
213900245,0,34,-34
218000003,24,10,14
218000004,22,21,1
218000005,16,41,-25
218000006,49,18,31
218000007,5,14,-9
218000012,341,192,149
218000013,89,150,-61
218000014,517,589,-72
218000019,1130,955,175
218000020,395,707,-312
218000021,48,140,-92
218000022,12,58,-46
218000023,10,57,-47
218000024,0,26,-26
218000025,13,42,-29
218000026,12,78,-66
218000027,1,21,-20
218000028,0,8,-8
218000029,1,3,-2
218000030,18,50,-32
218000031,1,46,-45
218000032,2,49,-47
218000039,13,30,-17
218000040,5,1,4
218000046,32,207,-175
218000047,18,268,-250
218000048,71,298,-227
218000049,154,264,-110
218000050,398,416,-18
218000051,80,484,-404
218000052,1,173,-172
218000053,2,8,-6
218000054,18,42,-24
218000055,5,17,-12
218000056,11,36,-25
218000057,0,38,-38
218000064,1,14,-13
218000065,62,94,-32
218000066,6,114,-108
218000067,59,125,-66
218000068,112,202,-90
218000069,157,313,-156
218000070,141,443,-302
218000071,245,359,-114
218000072,398,476,-78
218000078,578,1539,-961
218000079,64,130,-66
218000080,106,94,12
218000081,331,443,-112
218000082,39,268,-229
218000083,33,87,-54
218000084,95,326,-231
218000085,115,850,-735
218000086,54,412,-358
218000087,227,478,-251
218000090,16,91,-75
218000091,578,377,201
218000092,60,208,-148
218000093,65,123,-58
218000094,263,717,-454
218000099,280,895,-615
218000100,248,397,-149
218000101,246,257,-11
218000102,282,459,-177
218000103,84,236,-152
218000104,75,103,-28
218000105,53,8,45
218000106,7,10,-3
218000107,60,135,-75
218000108,10,86,-76
218000112,160,89,71
218000117,113,186,-73
218000134,832,1259,-427
218000135,23,189,-166
218000136,258,80,178
218000137,130,149,-19
218000138,27,140,-113
218000139,141,393,-252
218000140,299,157,142
218000141,81,80,1
218000142,103,158,-55
218000143,62,211,-149
218000144,40,101,-61
218000145,272,484,-212
218000146,100,303,-203
218000151,12,19,-7
218000152,50,46,4
218000153,3,5,-2
218000154,4,1,3
218000155,18,5,13
218000156,45,29,16
218000157,13,22,-9
218000158,3,15,-12
218000159,10,9,1
218000160,1,6,-5
218000161,21,10,11
218000162,26,16,10
218000163,5,5,0
218000164,39,11,28
218000165,59,66,-7
218000170,4,29,-25
218000171,60,10,50
218000172,18,11,7
218000173,47,12,35
218000174,25,3,22
218000176,102,40,62
218000177,284,193,91
218000178,77,237,-160
218000179,86,61,25
218000180,66,22,44
218000181,163,94,69
218000187,3,19,-16
218000188,45,59,-14
218000189,5,84,-79
218000190,10,38,-28
218000191,94,108,-14
218000192,201,703,-502
218000193,547,840,-293
218000194,129,888,-759
218000195,131,168,-37
218000196,255,489,-234
218000197,245,664,-419
218000198,8,222,-214
218000199,36,39,-3
218000200,71,55,16
218000201,31,21,10
218000202,245,218,27
218000207,5,131,-126
218000208,56,95,-39
218000211,33,3,30
218000212,1,8,-7
218000213,101,86,15
218000214,6,39,-33
218000215,46,121,-75
218000217,0,192,-192
218000218,316,138,178
218000219,81,40,41
218000220,210,469,-259
218000221,1431,219,1212
218000222,82,22,60
218000223,50,286,-236
218000224,4,125,-121
218000225,146,24,122
218000226,91,80,11
218000230,0,2,-2
218000232,97,140,-43
218000234,12,15,-3
218000239,43,2,41
218000240,6,1,5
218000241,7,0,7
218000242,17,0,17
218000243,9,2,7
218000244,12,0,12
218000245,13,1,12
218000246,0,2,-2
218000247,0,0,0
218000248,0,37,-37
218000249,0,2,-2
218000250,4,49,-45
218000251,4,25,-21
218000252,1,11,-10
218000253,3,7,-4
218000254,0,10,-10
218000255,0,5,-5
218000256,1,33,-32
218000267,639,1137,-498
218000268,16,73,-57
218000269,2,15,-13
218000270,16,38,-22
218000271,15,39,-24
218000273,5,11,-6
218000274,9,3,6
218000275,15,46,-31
218000276,8,66,-58
218000278,27,49,-22
218000279,11,38,-27
218000280,2,14,-12
218000281,19,20,-1
218000282,334,138,196
218000284,96,10,86
218000301,93,126,-33
218000302,104,59,45
218000303,26,63,-37
218000316,525,1271,-746
218000317,611,1382,-771
218000318,290,967,-677
218000319,761,2213,-1452
218000320,576,955,-379
218000338,73,16,57
218000339,9,10,-1
218000342,22,61,-39
218000343,64,74,-10
218000345,30,29,1
218000346,19,144,-125
218000353,25,37,-12
218000354,13,32,-19
218000459,54,426,-372
218000490,27,73,-46
218000501,64,73,-9
218000502,38,137,-99
218000503,69,41,28
218000504,169,34,135
218000505,69,280,-211
218000506,71,377,-306
218000508,0,6,-6
218000510,257,29,228
218000520,201,200,1
218000521,0,55,-55
218000522,0,163,-163
218000523,115,1,114
218000524,37,238,-201
218000525,72,16,56
218000526,27,86,-59
218000529,5,181,-176
218000530,12,16,-4
218000531,12,50,-38
218000532,17,48,-31
218000534,15,2,13
218000537,16,55,-39
218000538,109,190,-81
218000539,33,72,-39
218000540,248,56,192
218000543,72,61,11
218000544,42,191,-149
218000545,32,68,-36
218000546,41,175,-134
218000547,85,116,-31
218000548,94,303,-209
218000549,365,198,167
218000550,211,654,-443
218000551,157,600,-443
218000552,710,52,658
218000553,11,82,-71
218000554,16,18,-2
218000555,15,24,-9
218000556,33,524,-491
218000557,163,100,63
218000558,49,0,49
218000559,0,32,-32
218000560,1,7,-6
218000561,9,0,9
218000562,33,277,-244
218000563,178,28,150
218000564,8,181,-173
218000565,109,35,74
218000566,234,36,198
218000567,6,49,-43
218000568,7,3,4
218000569,7,101,-94
218000570,35,7,28
218000571,1,110,-109
218000572,80,2,78
218000573,6,71,-65
218000574,62,53,9
218000575,76,1,75
218000576,0,54,-54
218000577,82,1,81
218000578,2,83,-81
218000579,47,1,46
218000581,6,163,-157
218000582,33,6,27
218000583,1,0,1
218000584,0,26,-26
218000585,22,4,18
218000586,5,51,-46
218000587,0,8,-8
218000588,0,0,0
218000589,1,3,-2
218000590,1,0,1
218000591,0,4,-4
218000592,3,0,3
218000593,0,0,0
218000594,1,0,1
218000595,0,0,0
218000596,1,0,1
218000597,0,0,0
218000598,0,0,0
218000599,0,0,0
218000600,0,1,-1
218000601,0,0,0
218000602,0,4,-4
218000603,0,4,-4
218000604,4,0,4
218000605,0,24,-24
218000606,48,2,46
218000607,15,66,-51
218000608,73,16,57
218000609,4,52,-48
218000610,94,3,91
218000611,16,2,14
218000612,0,35,-35
218000613,71,7,64
218000614,0,32,-32
218000615,84,0,84
218000616,17,165,-148
218000617,13,4,9
218000618,0,39,-39
218000619,58,17,41
218000620,8,53,-45
218000621,0,1,-1
218000622,0,2,-2
218000623,20,3,17
218000624,6,10,-4
218000625,1,1,0
218000626,0,8,-8
218000628,70,55,15
218000631,4,4,0
218000632,2,134,-132
218000633,30,2,28
218000634,1,17,-16
218000635,4,11,-7
218000636,888,2174,-1286
218000637,605,649,-44
218000638,82,73,9
218000639,21,294,-273
218000640,189,43,146
218000641,30,586,-556
218000652,89,168,-79
218000653,202,113,89
218000663,0,80,-80
218000675,16,24,-8
218000676,3,48,-45
218000677,8,7,1
218000680,25,327,-302
218000681,88,41,47
218000691,14,236,-222
218000693,51,44,7
218000703,9,100,-91
218000718,1222,784,438
218000719,2017,270,1747
218000720,2,66,-64
218000721,109,7,102
218000725,11,3,8
218001214,18,29,-11
218001329,24,33,-9
218001330,22,16,6
219000001,33,106,-73
219000002,31,112,-81
219000003,33,22,11
219000004,61,58,3
219000017,268,41,227
219000020,92,54,38
219000022,103,3,100
219000023,71,0,71
219000029,0,72,-72
219000034,23,15,8
219000039,54,101,-47
219000040,50,14,36
219000041,97,45,52
219000051,0,95,-95
219000052,0,23,-23
219000053,2,207,-205
219000054,294,417,-123
219000055,72,7,65
219000056,36,3,33
219000057,71,0,71
219000062,10,302,-292
219000063,61,9,52
219000064,1,9,-8
219000110,255,61,194
219000111,61,24,37
219000112,126,40,86
219000113,90,44,46
219000114,244,41,203
219000116,67,36,31
219000117,178,96,82
219000118,110,125,-15
219000123,461,70,391
219000124,159,117,42
219000125,14,19,-5
219000126,70,108,-38
219000127,1,3,-2
219000128,11,124,-113
219000129,29,163,-134
219000130,785,1023,-238
219000131,629,1142,-513
219000133,59,37,22
219000134,6,19,-13
219000135,44,82,-38
219000136,110,182,-72
219000138,44,27,17
219000139,23,59,-36
219000140,50,2,48
219000141,20,138,-118
219000142,16,113,-97
219000143,21,134,-113
219000145,10,68,-58
219000146,3,95,-92
219000147,3,87,-84
219000148,2,62,-60
219000149,21,301,-280
219000150,8,214,-206
219000151,6,134,-128
219000157,126,130,-4
219000158,159,272,-113
219000161,151,8,143
219000163,1693,386,1307
219000166,81,184,-103
219000167,71,253,-182
219000168,185,59,126
219000174,266,125,141
219000175,53,5,48
219000176,60,9,51
219000177,30,15,15
219000178,21,6,15
219000179,18,6,12
219000180,30,39,-9
219000182,86,15,71
219000183,30,55,-25
219000184,69,8,61
219000185,1,107,-106
219000186,61,70,-9
219000187,25,152,-127
219000189,201,214,-13
219000190,169,310,-141
219000191,1382,1490,-108
219000192,165,142,23
219000193,562,200,362
219000195,2,85,-83
219000196,8,157,-149
219000198,19,182,-163
219000199,116,241,-125
219000200,25,211,-186
219000201,57,293,-236
219000203,24,162,-138
219000204,81,246,-165
219000205,40,193,-153
219000207,128,350,-222
219000209,21,120,-99
219000210,68,138,-70
219000213,12,501,-489
219000239,222,220,2
219000240,190,407,-217
219000241,84,280,-196
219000242,40,224,-184
219000243,87,383,-296
219000244,32,118,-86
219000245,33,36,-3
219000246,23,29,-6
219000247,90,44,46
219000248,447,289,158
219000249,77,56,21
219000250,107,101,6
219000251,544,208,336
219000252,210,140,70
219000253,238,62,176
219000255,67,111,-44
219000256,109,83,26
219000257,93,5,88
219000262,63,275,-212
219000263,19,273,-254
219000267,9,224,-215
219000268,1,8,-7
219000269,12,2,10
219000270,17,0,17
219000271,93,2,91
219000278,0,17,-17
219000279,0,7,-7
219000283,0,21,-21
219000295,22,92,-70
219000296,96,666,-570
219000297,9,227,-218
219000298,9,312,-303
219000299,469,115,354
219000300,37,362,-325
219000301,231,330,-99
219000302,25,222,-197
219000307,35,54,-19
219000308,42,41,1
219000311,110,30,80
219000312,350,51,299
219000313,204,48,156
219000314,81,717,-636
219000315,175,56,119
219000316,385,70,315
219000317,66,61,5
219000320,0,57,-57
219000321,1,22,-21
219000323,2,143,-141
219000325,0,59,-59
219000326,67,141,-74
219000327,68,43,25
219000328,20,61,-41
219000329,293,114,179
219000330,33,24,9
219000331,54,36,18
219000332,60,76,-16
219000333,3,2,1
219000335,51,10,41
219000337,12,0,12
219000338,51,1,50
219000344,21,71,-50
219000345,59,167,-108
219000346,47,208,-161
219000348,138,230,-92
219000349,37,380,-343
219000350,41,148,-107
219000351,18,2,16
219000352,301,73,228
219000353,81,36,45
219000354,130,153,-23
219000355,107,43,64
219000356,1563,818,745
219000363,274,41,233
219000364,100,50,50
219000365,71,16,55
219000366,205,208,-3
219000368,422,377,45
219000370,1226,299,927
219000371,7,27,-20
219000382,6,16,-10
219000383,710,1019,-309
219000385,675,600,75
219000386,1219,1642,-423
219000387,0,3,-3
219000390,15,2,13
219000391,1,0,1
219000397,76,84,-8
219000398,79,44,35
219000401,21,122,-101
219000402,19,120,-101
219000403,117,167,-50
219000404,12,53,-41
219000407,0,8,-8
219000409,53,45,8
219000410,70,33,37
219000411,46,25,21
219000446,249,592,-343
219000447,0,21,-21
219000448,16,8,8
219000452,79,64,15
219000453,78,153,-75
219000454,332,212,120
219000556,144,92,52
219000558,67,323,-256
219000590,17,228,-211
219000591,38,89,-51
219000592,132,467,-335
219000595,3,60,-57
219000635,95,32,63
219000636,40,135,-95
219000657,24,14,10
219000658,29,66,-37
219000673,0,7,-7
219000676,38,1,37
219000679,46,11,35
219000684,65,0,65
219000685,3,124,-121
219000686,0,1,-1
219000688,0,101,-101
219000689,66,421,-355
219000690,235,78,157
219000691,8,36,-28
219000692,54,5,49
219000693,0,52,-52
219000694,31,0,31
219000695,7,4,3
219000698,42,0,42
219000699,0,8,-8
219000727,2,218,-216
219000728,57,6,51
219000770,14,0,14
219000771,0,33,-33
219001150,1,20,-19
219001151,0,2,-2
219001166,49,5,44
219001167,7,45,-38
220000001,43,42,1
220000002,5,176,-171
220000003,393,288,105
220000004,565,660,-95
220000005,1446,2144,-698
220000006,182,1092,-910
220000007,318,690,-372
220000008,350,1170,-820
220000009,179,723,-544
220000010,129,181,-52
220000011,841,3773,-2932
220000012,160,435,-275
220000014,65,57,8
220000015,28,162,-134
220000017,50,590,-540
220000018,8269,1570,6699
220000019,58,243,-185
220000020,323,212,111
220000021,342,231,111
220000022,371,567,-196
220000023,154,185,-31
220000024,1553,339,1214
220000025,741,971,-230
220000026,150,224,-74
220000027,12,111,-99
220000028,26,31,-5
220000029,53,304,-251
220000030,76,87,-11
220000031,218,298,-80
220000064,50,1556,-1506
221000046,5,0,5
221000047,0,3,-3
221000048,0,1,-1
221000049,0,11,-11
221000050,15,0,15
221000055,41,59,-18
221000057,32,6,26
221000068,283,136,147
221000069,295,86,209
221000070,215,37,178
221000071,73,16,57
221000072,203,16,187
221000073,166,41,125
221000074,3,12,-9
221000075,13,18,-5
221000076,12,37,-25
221000077,30,95,-65
221000081,27,21,6
221000082,30,6,24
221000083,34,3,31
221000084,2,5,-3
221000085,10,97,-87
221000086,11,133,-122
221000087,7,205,-198
221000088,14,215,-201
221000089,41,376,-335
221000090,100,701,-601
221000098,79,14,65
221000099,104,10,94
221000100,57,3,54
221000101,185,13,172
221000102,88,14,74
221000109,8,79,-71
221000110,12,104,-92
221000111,17,195,-178
221000112,12,201,-189
221000113,19,246,-227
221000114,6,206,-200
221000120,44,53,-9
221000121,5,9,-4
221000122,51,30,21
221000123,8,6,2
221000124,23,488,-465
221000155,99,10,89
221000156,25,28,-3
221000175,0,1,-1
221000176,0,1,-1
221000182,22,0,22
221000241,483,274,209
221000242,212,526,-314
221000243,350,81,269
221000244,292,579,-287
221000245,41,114,-73
221000246,46,305,-259
221000247,64,129,-65
221000248,110,183,-73
221000267,36,995,-959
221000325,58,74,-16
221000331,6,152,-146
221000338,26,27,-1
221000378,77,24,53
221000381,61,46,15
222000282,1,0,1
222000296,2,34,-32
222000568,292,19,273
222000569,141,36,105
222000570,85,10,75
222000571,252,16,236
222000577,10,365,-355
222000578,48,316,-268
222000579,30,167,-137
222000580,169,1103,-934
222000599,0,124,-124
222000600,5,245,-240
222000601,7,869,-862
222000603,19,9,10
222000604,8,14,-6
222000605,10,11,-1
222000606,4,9,-5
222000607,3,5,-2
222000608,10,16,-6
222000609,21,384,-363
222000616,188,39,149
222000617,3,8,-5
222000618,3,3,0
222000620,37,11,26
222000621,65,15,50
222000623,365,3,362
222000624,243,7,236
222000625,337,50,287
222000636,54,1,53
222000686,12,13,-1
222000687,20,29,-9
222001066,438,2,436
222001067,9,21,-12
222001068,13,132,-119
222001069,8,78,-70
222001082,14,58,-44
222001083,9,99,-90
222001084,0,12,-12
222001085,0,205,-205
222001111,17,318,-301
222001112,40,49,-9
222001313,28,3,25
222001314,2,111,-109
222001464,39,56,-17
222001465,9,151,-142
222001484,71,49,22
222001485,14,76,-62
222001494,251,168,83
222001495,101,707,-606
222001496,167,59,108
222001497,53,807,-754
222001502,28,181,-153
222001503,97,42,55
222001504,21,349,-328
222001505,213,21,192
222001506,29,265,-236
222001507,198,10,188
222001510,278,32,246
222001511,39,589,-550
222001514,452,173,279
222001515,282,1099,-817
222001518,151,59,92
222001519,46,527,-481
222001527,133,78,55
222001528,50,213,-163
222001529,172,41,131
222001530,57,343,-286
222001533,139,579,-440
222001534,190,34,156
222001535,135,172,-37
222001536,61,578,-517
222001537,132,27,105
222001538,74,736,-662
222001563,304,82,222
222001564,47,1097,-1050
222001568,198,110,88
222001576,1,0,1
222001579,2,2,0
222001583,19,379,-360
222001584,44,13,31
222001596,660,2223,-1563
222001597,972,236,736
222001626,1,172,-171
222001650,43,76,-33
222001651,62,268,-206
222001914,142,92,50
222001915,39,296,-257
222900004,360,208,152
222900009,393,1318,-925
222900019,128,412,-284
222900024,16,89,-73
222900025,6,24,-18
225000001,335,115,220
225000002,302,102,200
225000003,303,57,246
225000004,185,218,-33
225000005,15,38,-23
225000006,0,128,-128
225000007,3653,1416,2237
225000010,177,3,174
225000011,477,986,-509
225000012,163,589,-426
225000013,101,238,-137
225000014,830,82,748
225000015,103,325,-222
225000021,554,203,351
225000027,291,590,-299
225000032,549,168,381
225000042,79,830,-751
225000049,35,53,-18
225000050,41,10,31
225000053,3,334,-331
225000058,544,150,394
225000067,107,224,-117
225000068,45,607,-562
225000069,106,603,-497
225000070,35,652,-617
225000071,21,360,-339
225000075,15,1151,-1136
225000076,36,143,-107
225000078,85,37,48
225000085,26,93,-67
225000086,245,57,188
225000087,126,24,102
225000088,15,164,-149
225000089,273,888,-615
225000090,17,440,-423
225000091,132,239,-107
225000092,24,58,-34
225000093,174,477,-303
225000094,11,526,-515
225000095,336,756,-420
225000096,251,635,-384
225000098,537,138,399
225000099,228,127,101
225000100,152,123,29
225000104,63,517,-454
225000110,15,536,-521
225000111,288,1483,-1195
225000112,570,1162,-592
225000113,123,751,-628
225000114,52,480,-428
225000115,3297,629,2668
225000116,813,159,654
225000117,835,302,533
225000118,780,392,388
225000119,188,84,104
225000120,462,46,416
225000121,190,21,169
225000123,1068,23,1045
225000125,254,356,-102
225000126,939,174,765
225000127,849,717,132
225000128,321,570,-249
225000132,258,15,243
225000133,234,31,203
225000134,549,109,440
225000135,33,8,25
225000136,146,8,138
225000137,92,66,26
225000138,309,57,252
225000143,88,139,-51
225000144,1,333,-332
225000145,9,28,-19
225000146,48,123,-75
225000147,15,395,-380
225000148,14,312,-298
225000149,63,533,-470
225000151,29,341,-312
225000155,273,466,-193
225000156,216,912,-696
225000157,238,395,-157
225000158,76,484,-408
225000171,4,192,-188
225000180,31,3,28
225000181,0,83,-83
225000182,107,11,96
225000185,4,404,-400
225000187,49,520,-471
225000191,36,4,32
225000194,0,0,0
225000208,11,44,-33
225000209,55,15,40
225000210,2,345,-343
225000217,0,13,-13
225000218,11,1,10
225000223,2,212,-210
225000224,498,2,496
225000225,0,47,-47
225000226,125,2,123
225000227,39,76,-37
225000228,5,8,-3
225000229,0,75,-75
225000230,7,0,7
225000231,0,76,-76
225000232,84,1,83
225000241,71,0,71
225000242,0,33,-33
225000249,7,0,7
225000250,58,985,-927
225000251,359,49,310
225000254,3,75,-72
225000256,6,48,-42
225000257,0,79,-79
226000042,424,627,-203
226000043,59,323,-264
226000044,96,859,-763
226000045,57,597,-540
226000046,382,51,331
226000047,268,53,215
226000048,319,36,283
226000049,230,73,157
226000070,1,79,-78
226000071,0,86,-86
226000072,0,10,-10
226000073,0,8,-8
226000074,0,9,-9
226000084,1,83,-82
226000085,2,7,-5
226000086,0,7,-7
226000087,0,19,-19
226000088,39,33,6
226000090,96,15,81
226000091,22,6,16
226000092,2,1,1
226000093,13,0,13
226000094,25,2,23
226000095,34,0,34
226000105,9,1,8
226000106,15,1,14
226000107,7,0,7
226000108,10,0,10
226000109,54,0,54
226000124,105,64,41
226000134,266,419,-153
226000135,639,598,41
226000136,192,375,-183
226000137,9,494,-485
226000138,5,281,-276
226000139,0,20,-20
226000156,91,1,90
226000157,105,14,91
226000163,63,67,-4
226000202,6,577,-571
226000231,88,22,66
226000232,40,4,36
227000033,210,59,151
227000036,198,25,173
227000037,111,28,83
227000038,115,28,87
227000084,1,51,-50
227000085,2,42,-40
227000088,89,0,89
227000089,61,0,61
227000090,24,0,24
227000091,7,0,7
227000092,11,1,10
227000093,79,0,79
227000094,5,0,5
227000130,23,79,-56
227000131,12,256,-244
227000132,19,231,-212
227000133,6,258,-252
227000134,10,426,-416
227000152,0,1,-1
227000153,0,21,-21
227000154,0,10,-10
227000155,1,12,-11
227000156,1,18,-17
227000165,4,18,-14
227000196,174,661,-487
227000199,157,1138,-981
227000230,27,867,-840
227000232,230,17,213
227000242,37,463,-426
227000243,242,66,176
227000245,20,393,-373
227000246,80,570,-490
227000247,202,76,126
227000248,47,15,32
227000249,19,199,-180
227000250,273,104,169
227000251,97,188,-91
227000252,8,356,-348
227000253,60,13,47
227000262,234,29,205
227000266,614,13,601
227000267,37,3408,-3371
227000282,8,329,-321
227000284,173,29,144
227000286,4,121,-117
227000291,23,1051,-1028
227000296,267,368,-101
227000484,221,12,209
227000485,24,1213,-1189
227000655,90,53,37
227000656,580,39,541
227000657,30,36,-6
227000704,12,6,6
229000265,6,4,2
229000266,3,0,3
229000267,23,0,23
229000268,13,0,13
229000269,26,0,26
229000274,0,27,-27
229000275,1,24,-23
229000276,0,8,-8
229000277,2,1,1
229000278,0,9,-9
229000295,7,33,-26
229000296,4,7,-3
229000297,5,43,-38
229000298,5,273,-268
229000320,14,9,5
229000321,8,7,1
229000412,7,85,-78
229000414,8,43,-35
229000415,8,0,8
229000416,8,6,2
229000417,5,17,-12
229000419,107,342,-235
229000440,249,75,174
229000442,25,19,6
229000443,1,4,-3
229000444,3,24,-21
229000445,33,12,21
229000446,44,14,30
229000491,1,29,-28
229000492,22,201,-179
229000493,4,181,-177
229000494,32,3,29
229000495,108,10,98
229000496,34,12,22
229000507,1,59,-58
229000508,1,40,-39
229000509,0,60,-60
229000510,0,44,-44
229000511,3,61,-58
229000512,0,44,-44
229000513,0,9,-9
229000514,0,5,-5
229000517,2,15,-13
229000518,5,70,-65
229000519,4,23,-19
229000520,17,44,-27
229000521,28,42,-14
229000522,6,23,-17
229000523,14,20,-6
229000524,1,3,-2
229000527,3,1,2
229000528,0,0,0
229000529,3,1,2
229000530,95,2,93
229000531,17,7,10
229000532,30,3,27
229000533,72,1,71
229000534,73,1,72
229000564,48,1,47
229000565,8,0,8
229000566,0,20,-20
229000567,2,85,-83
229000582,101,2,99
229000583,6,7,-1
229000584,0,37,-37
229000585,2,64,-62
229000718,0,2,-2
229000719,0,0,0
229000720,0,23,-23
229000721,0,26,-26
229000722,0,37,-37
229000723,0,9,-9
229000724,0,2,-2
229000725,0,5,-5
229000738,0,0,0
229000739,0,0,0
229000740,2,0,2
229000741,10,0,10
229000742,2,0,2
229000743,12,0,12
229000744,0,0,0
229000745,0,0,0
229000746,17,0,17
229000847,27,0,27
229000848,16,0,16
229000849,77,0,77
229000851,23,0,23
229000854,0,86,-86
229000856,3,228,-225
229000857,0,56,-56
229000858,2,135,-133
229000919,15,95,-80
229000930,5,400,-395
229000937,54,22,32
229000966,25,31,-6
229000981,17,82,-65
229000985,10,59,-49
229000986,2,13,-11
229000987,0,2,-2
229000988,1,3,-2
229000989,10,12,-2
229000990,0,5,-5
229000991,2,1,1
229000992,5,10,-5
229000993,219,31,188
229000998,16,91,-75
229000999,61,33,28
229001034,3,27,-24
229001035,28,6,22
229001036,3,45,-42
229001037,36,0,36
229001038,0,2,-2
229001039,6,0,6
229001040,0,64,-64
229001041,82,0,82
229001042,9,42,-33
229001047,10,119,-109
229001050,27,20,7
229001168,0,8,-8
229001200,15,6,9
229001338,7,28,-21
229001394,216,2,214
229001422,68,29,39
229001423,63,194,-131
229001431,37,41,-4
229001432,88,108,-20
229001444,134,76,58
229001445,34,242,-208
229001479,10,7,3
229001503,122,58,64
229001504,116,354,-238
229001505,64,30,34
229001506,53,286,-233
229001509,41,6,35
229001510,5,36,-31
229001545,61,5,56
229001546,8,125,-117
229001553,49,15,34
229001554,23,129,-106
229001630,68,12,56
229001631,20,35,-15
229001635,0,4,-4
229001636,0,5,-5
229001658,1,174,-173
229001659,35,2,33
229001660,5,0,5
229001661,2,28,-26
229001662,54,3,51
229001663,0,10,-10
229002584,192,261,-69
229002831,297,184,113
229002841,6,26,-20
229002842,7,10,-3
229002843,53,19,34
229002844,32,77,-45
229002845,24,69,-45
229002846,10,13,-3
229002847,2,16,-14
229002848,5,12,-7
229002849,4,84,-80
229002850,2,1,1
229002851,22,127,-105
229002852,83,20,63
229002853,92,9,83
229002854,75,58,17
229002855,17,25,-8
229002856,18,10,8
229002857,4,74,-70
229002858,10,10,0
229002859,69,48,21
229002860,72,16,56
229002861,36,43,-7
229002862,12,35,-23
229002863,16,21,-5
229002864,5,34,-29
229002865,11,22,-11
229002866,28,25,3
229002867,5,25,-20
229002868,4,9,-5
229002869,7,171,-164
229002870,29,3,26
235000066,70,20,50
235000067,173,123,50
235000072,48,219,-171
235000073,17,80,-63
235000074,5,27,-22
235000080,12,113,-101
235000081,73,235,-162
235000082,80,36,44
235000083,143,83,60
235000084,17,48,-31
235000085,59,20,39
235000089,2,9,-7
235000092,0,26,-26
235000093,11,3,8
235000097,0,15,-15
235000098,18,15,3
235000099,4,2,2
235000115,61,123,-62
235000116,15,37,-22
235000117,785,7,778
235000133,28,277,-249
235000134,15,57,-42
235000206,10,2,8
235000207,3,3,0
235000208,0,0,0
235000209,0,0,0
235000210,1,3,-2
235000212,0,8,-8
235000213,0,3,-3
235000220,3,3,0
235000221,24,1,23
235000238,10,18,-8
235000239,0,2,-2
235000242,243,321,-78
235000245,1279,196,1083
235000246,8,64,-56
235000284,4,98,-94
235000295,125,3,122
235000305,75,25,50
235000306,79,6,73
235000307,11,7,4
235000308,15,0,15
235000309,35,1,34
235000310,69,0,69
235000311,29,4,25
235000322,0,50,-50
235000323,0,72,-72
235000324,1,20,-19
235000325,0,25,-25
235000326,13,429,-416
235000351,5,61,-56
235000352,45,71,-26
235000353,2,37,-35
235000354,5,58,-53
235000355,8,125,-117
235000356,62,6,56
235000357,27,8,19
235000358,29,25,4
235000359,4,5,-1
235000360,74,6,68
235000361,25,3,22
235000381,24,351,-327
235000382,84,35,49
235000390,5,1,4
235000391,43,9,34
235000392,45,183,-138
235000393,44,80,-36
235000395,59,19,40
235000396,212,39,173
235000399,76,18,58
235000400,144,37,107
235000401,78,294,-216
235000402,29,177,-148
235000405,106,410,-304
235000406,35,421,-386
235000407,56,133,-77
235000409,163,169,-6
235000410,14,70,-56
235000411,1,91,-90
235000485,0,14,-14
235000486,5,0,5
235000549,48,127,-79
235000550,32,256,-224
235000599,43,55,-12
235000600,4,9,-5
235000601,18,38,-20
235000602,45,101,-56
235000614,0,2,-2
235000648,0,17,-17
235000649,21,8,13
235000685,0,0,0
235000815,10,29,-19
235000834,0,7,-7
235000855,27,46,-19
235000862,27,310,-283
235000891,0,20,-20
235000892,19,12,7
235000901,38,102,-64
235000907,1,14,-13
235001010,48,85,-37
235001029,157,136,21
235001030,258,210,48
235001078,35,50,-15
235001079,53,161,-108
235001147,15,48,-33
235001166,9,54,-45
235001167,16,66,-50
235001169,26,403,-377
235001188,0,3,-3
235001189,0,0,0
235001197,35,20,15
235001200,30,25,5
235001208,6,6,0
235001209,7,34,-27
235001210,9,52,-43
235001239,1,32,-31
235001244,0,2,-2
235016267,0,27,-27
235900013,1,1,0
235900014,0,1,-1
241900007,27,2,25
277101746,0,5,-5
277102712,0,0,0
277103813,0,0,0
277103814,0,0,0
277103898,0,3,-3
990010990,21,220,-199
990011530,0,326,-326
990014944,0,498,-498
990015176,10,3,7
990015618,1,121,-120
990015888,18,31,-13
990016032,0,696,-696
990032570,3,265,-262
990070001,96,27,69
990070103,0,4,-4
990070601,2,128,-126
990070751,323,0,323
990070766,3,910,-907
990071180,743,214,529
990071343,13,1,12
990071387,0,11,-11
990071823,306,3,303
990072600,2,767,-765
990072964,2,660,-658
990073285,0,1,-1
990074393,3,1826,-1823
990074714,4,36,-32
990074870,625,6,619
990075106,625,5,620
990075746,277,4,273
990076437,665,1,664
990076458,4,1606,-1602
997000007,127,2,125
997000041,2,135,-133
997000058,40,0,40
997000062,84,2,82
997000069,0,1,-1
997000070,0,189,-189
997000100,11,3,8
997000141,13,2741,-2728
997000198,3,1037,-1034
998000475,3,19,-16
998000736,1,410,-409
998000965,0,9,-9
998001031,0,82,-82
998001072,379,353,26
998001091,1,5,-4
998001093,1,0,1
998001103,0,3,-3
998001105,4,20,-16
998001700,0,34,-34
998001899,0,1,-1
998001900,5,0,5
998003073,742,2,740
998003124,15,29,-14
998003125,5,81,-76
998101900,0,0,0
998102850,1,112,-111
998501819,2,0,2
998501820,0,2,-2
998501832,25,76,-51
998501927,568,339,229
998501929,54,2,52
998501930,77,1,76
998501931,107,22,85
998501932,0,1,-1
998501933,36,0,36
998501937,5,0,5
998501944,2,0,2
998501950,0,0,0
998501970,49,6,43
998501971,0,102,-102
998501972,492,1,491
998501973,0,138,-138
998501974,2,283,-281
998501975,334,4,330
998501976,84,45,39
998501977,0,20,-20
998501978,37,0,37
998501979,1,12,-11
998501980,148,2,146
998501981,10,23,-13
998501982,0,174,-174
998502006,0,1,-1
998502024,0,3,-3
998502032,0,4,-4
998502062,16,1,15
998502063,0,0,0
998502173,2,0,2
998502269,0,3,-3
998601159,5,392,-387
998601292,4,31,-27
999033574,1,70,-69
999800001,17,2,15
999800002,0,1,-1
999800003,1,2,-1
999800004,0,5,-5
999800005,0,10,-10
