ID,insum,outsum,diff
100000001,725,439,286
100000002,2140,617,1523
100000003,9905,1946,7959
100000004,2125,713,1412
100000005,2187,2128,59
100000006,347,96,251
100000007,946,410,536
100000008,257,688,-431
100000009,414,204,210
100000010,19,48,-29
100000011,440,72,368
100000012,44,826,-782
100000013,18,200,-182
100000014,495,326,169
100000015,1338,1052,286
100000016,1208,1383,-175
100000017,762,1053,-291
100000018,1454,542,912
100000019,6326,1582,4744
100000020,2087,3982,-1895
100000021,8519,2118,6401
100000022,2034,869,1165
100000023,8274,925,7349
100000025,3947,463,3484
100000028,2462,878,1584
100000029,332,195,137
100000030,935,70,865
100000031,7336,5698,1638
100000032,3217,3344,-127
100000033,614,1896,-1282
100000034,1116,270,846
100000035,1868,626,1242
100000036,3476,954,2522
100000037,416,394,22
100000038,1120,842,278
100000039,870,227,643
100000040,193,202,-9
100000041,477,424,53
100000042,448,303,145
100000043,487,332,155
100000044,447,812,-365
100000045,385,1671,-1286
100000046,655,1530,-875
100000047,393,1026,-633
100000048,1305,811,494
100000049,1823,2876,-1053
100000051,444,1292,-848
100000053,41,6,35
100000054,141,29,112
100000055,405,258,147
100000056,204,477,-273
100000057,1435,721,714
100000058,1033,1519,-486
100000059,2,146,-144
100000060,258,344,-86
100000061,1244,554,690
100000062,1267,470,797
100000063,375,267,108
100000064,752,339,413
100000065,326,1594,-1268
100000066,136,1156,-1020
100000067,577,953,-376
100000068,566,1931,-1365
100000069,254,1897,-1643
100000072,412,1568,-1156
100000073,1133,1561,-428
100000075,424,336,88
100000076,1874,1592,282
100000077,869,154,715
100000078,143,24,119
100000079,39,28,11
100000080,12,6,6
100000081,49,47,2
100000102,2619,1039,1580
100000103,3980,678,3302
100000104,6341,1225,5116
100000105,5133,627,4506
100000106,3220,1272,1948
100000107,698,311,387
100000108,1173,1097,76
100000109,4112,1154,2958
100000116,1579,473,1106
100000117,33,60,-27
100000118,1191,761,430
100000119,581,698,-117
100000121,215,718,-503
100000122,951,825,126
100000123,4622,4375,247
100000124,9776,5262,4514
100000125,3670,758,2912
100000126,676,202,474
100000127,1787,328,1459
100000128,1407,1139,268
100000129,754,396,358
100000130,413,607,-194
100000131,5761,2916,2845
100000132,2542,1633,909
100000133,12703,3027,9676
100000135,413,719,-306
100000139,183,206,-23
100000140,268,324,-56
100000142,342,453,-111
100000143,911,795,116
100000144,4496,981,3515
100000147,912,1736,-824
100000150,12,524,-512
100000151,542,366,176
100000153,345,265,80
100000154,115,74,41
100000155,4,22,-18
100000156,51,96,-45
100000157,92,177,-85
100000158,75,106,-31
100000159,311,403,-92
100000165,1290,716,574
100000169,1010,273,737
100000174,2712,367,2345
100000179,60,575,-515
100000180,5348,1518,3830
100000181,181,394,-213
100000188,75,402,-327
100000189,1076,307,769
100000190,434,343,91
100000191,416,399,17
100000192,108,43,65
100000193,124,176,-52
100000330,2777,530,2247
100000355,78,583,-505
100000362,5372,3713,1659
100000363,2033,3205,-1172
100000364,366,135,231
100000365,3169,4809,-1640
100000366,4861,2612,2249
100000367,2542,3355,-813
100000368,2236,2068,168
100000369,1045,1200,-155
100000370,208,254,-46
100000376,73,89,-16
100000379,2865,1169,1696
100000380,3959,1341,2618
100000384,7101,2039,5062
100000385,7337,3120,4217
100000386,11498,2563,8935
100000387,9294,3113,6181
100000388,16005,3265,12740
100000389,14547,3169,11378
100000390,15230,2423,12807
100000391,9074,3250,5824
100000392,3687,1267,2420
100000393,1463,1168,295
100000394,6915,2687,4228
100000395,3642,848,2794
100000396,5012,1661,3351
100000397,2516,1599,917
100000398,11972,8123,3849
100900002,0,51,-51
100900003,197,113,84
100900004,42,1112,-1070
100900005,86,3,83
100900006,4,286,-282
100900007,593,22,571
100900008,6,615,-609
100900009,26,40,-14
100900010,46,176,-130
100900011,43,409,-366
100900012,2,314,-312
100900013,916,9,907
100900014,0,14,-14
100900015,130,108,22
100900016,3,50,-47
100900017,684,71,613
100900018,0,16,-16
100900019,22,118,-96
100900020,174,2,172
100900021,821,0,821
100900022,5,17,-12
100900023,0,35,-35
100900024,857,3,854
100900025,15,12,3
100900026,38,212,-174
100900027,656,2470,-1814
100900028,85,142,-57
100900029,93,17,76
100900030,2,11,-9
100900031,243,90,153
100900032,149,0,149
100900033,236,70,166
100900034,282,0,282
100900035,969,2,967
100900036,47,2,45
100900037,39,366,-327
100900038,43,26,17
100900039,438,736,-298
100900040,171,1243,-1072
100900041,193,1061,-868
100900042,421,178,243
100900043,0,12,-12
100900044,3410,427,2983
100900045,49,0,49
100900046,1259,8,1251
100900047,900,140,760
100900048,56,9,47
100900049,50,326,-276
100900050,6,22,-16
100900051,40,48,-8
100900052,103,17,86
100900053,139,45,94
100900054,8,143,-135
100900055,173,262,-89
100900056,74,228,-154
100900057,598,594,4
100900058,139,31,108
100900059,44,4,40
100900060,61,11,50
100900061,298,308,-10
100900062,0,76,-76
100900063,126,378,-252
100900064,511,17,494
100900065,68,51,17
100900066,27,49,-22
100900067,2,10,-8
100900068,82,160,-78
100900069,388,6,382
100900070,107,1,106
100900071,674,257,417
100900072,3,62,-59
100900073,75,650,-575
100900074,7,7,0
100900075,3037,283,2754
100900076,61,41,20
100900077,8,176,-168
100900078,63,200,-137
100900079,2,28,-26
100900080,18,207,-189
100900081,11,85,-74
100900082,41,806,-765
100900083,2,52,-50
100900085,2,69,-67
100900086,78,1345,-1267
100900088,39,905,-866
100900089,0,32,-32
100900090,148,507,-359
100900091,1,24,-23
100900092,164,194,-30
100900093,73,381,-308
100900094,43,831,-788
100900095,0,27,-27
100900096,36,105,-69
100900097,0,6,-6
100900098,3,27,-24
100900099,20,590,-570
100900100,11,267,-256
100900101,434,32,402
100900102,212,34,178
100900103,3,14,-11
100900104,9,161,-152
100900105,5,69,-64
100900106,36,3,33
100900107,1863,511,1352
100900108,3,13,-10
100900109,17,37,-20
100900110,11,31,-20
100900111,78,178,-100
100900112,1,7,-6
100900113,7,17,-10
100900114,1,17,-16
100900115,1,22,-21
100900116,705,652,53
100900117,189,593,-404
100900118,125,71,54
100900119,2,27,-25
100900120,0,28,-28
100900121,294,428,-134
100900122,133,172,-39
100900123,78,83,-5
100900124,3,8,-5
100900125,10,99,-89
100900126,72,280,-208
100900127,0,8,-8
100900128,101,146,-45
100900129,1,90,-89
100900131,54,130,-76
100900133,6,70,-64
100900134,2,5,-3
100900135,0,165,-165
100900137,279,207,72
100900138,420,273,147
100900139,1,7,-6
100900140,8,993,-985
100900141,3,328,-325
100900142,0,9,-9
100900143,1022,247,775
100900144,15,10,5
100900145,60,118,-58
100900146,14,20,-6
100900147,9,227,-218
100900148,24,1035,-1011
100900149,23,103,-80
100900150,7,18,-11
100900151,97,541,-444
100900152,132,3,129
100900153,4,156,-152
100900154,15,24,-9
100900155,2,4,-2
100900156,30,2,28
100900157,4,106,-102
100900158,1160,378,782
100900159,0,19,-19
100900160,9,19,-10
100900161,161,4,157
100900162,8,172,-164
100900163,155,208,-53
100900164,7,35,-28
100900165,24,56,-32
100900166,43,6,37
100900167,25,120,-95
100900168,28,138,-110
100900169,203,1419,-1216
100900170,19,5,14
100900171,21,860,-839
100900172,1,11,-10
100900173,11,600,-589
100900174,287,80,207
100900176,1395,67,1328
100900177,1122,224,898
100900178,216,184,32
100900179,87,28,59
100900180,1,0,1
100900181,96,29,67
100900182,9,25,-16
100900184,3,133,-130
100900186,1000,562,438
100900187,11,227,-216
100900188,44,17,27
100900189,824,164,660
100900191,1298,830,468
100900192,222,126,96
100900195,74,185,-111
100900197,3,134,-131
100900198,17,204,-187
100900199,11,12,-1
100900200,615,331,284
100900201,76,970,-894
100900202,4,0,4
100900203,0,38,-38
100900204,1628,207,1421
100900205,88,414,-326
100900206,54,48,6
100900207,136,68,68
100900210,84,1388,-1304
100900211,283,97,186
100900213,21,17,4
100900214,1549,62,1487
100900215,3,34,-31
101000001,5495,2290,3205
101000002,3962,2866,1096
101000003,919,2156,-1237
101000004,11683,7345,4338
101000005,7022,5117,1905
101000006,10357,6918,3439
101000007,2897,3013,-116
101000008,3708,2850,858
101000009,1463,2424,-961
101000010,738,1714,-976
101000011,2302,857,1445
101000012,2104,555,1549
101000013,531,864,-333
101000014,515,629,-114
101000015,836,824,12
101000016,403,343,60
101000017,471,496,-25
101000018,4568,2682,1886
101000020,4625,1275,3350
101000021,1226,260,966
101000022,742,58,684
101000023,2131,942,1189
101000025,119,345,-226
101000026,463,51,412
101000027,1976,1682,294
101000028,265,69,196
101000029,38,866,-828
101000030,943,72,871
101000031,518,482,36
101000032,5607,2219,3388
101000033,2533,1793,740
101000034,2989,1172,1817
101000035,1476,544,932
101000036,1580,291,1289
101000037,5785,919,4866
101000039,4463,1014,3449
101000040,5440,2133,3307
101000041,15059,2964,12095
101000042,1123,484,639
101000043,11994,2484,9510
101000045,1561,323,1238
101000046,2235,830,1405
101000047,1208,1279,-71
101000048,1063,970,93
101000049,1060,810,250
101000050,3708,2678,1030
101000051,5298,1203,4095
101000052,1803,560,1243
101000053,1234,1920,-686
101000054,2332,2391,-59
101000055,1941,799,1142
101000056,59,61,-2
101000057,3790,533,3257
101000058,2635,622,2013
101000059,4661,1442,3219
101000060,2238,244,1994
101000061,1636,628,1008
101000062,1350,280,1070
101000063,351,284,67
101000064,1101,307,794
101000065,149,294,-145
101000066,342,167,175
101000067,712,351,361
101000068,230,170,60
101000069,302,94,208
101000070,1812,881,931
101000071,2261,690,1571
101000072,1229,3164,-1935
101000073,833,445,388
101000074,5051,2779,2272
101000075,7658,3535,4123
101000077,1335,977,358
101000078,1439,1859,-420
101000079,436,529,-93
101000080,726,625,101
101000081,1032,981,51
101000082,3922,2648,1274
101000083,1614,1480,134
101000084,1440,1277,163
101000085,1688,896,792
101000086,1309,995,314
101000087,930,1400,-470
101000088,745,969,-224
101000089,893,1296,-403
101000090,2757,1675,1082
101000091,355,1817,-1462
101000092,942,1314,-372
101000093,1605,934,671
101000094,558,1195,-637
101000095,265,934,-669
101000096,242,775,-533
101000097,592,227,365
101000098,726,537,189
101000099,1651,1264,387
101000100,1352,607,745
101000101,408,448,-40
101000102,960,289,671
101000103,991,488,503
101000104,295,335,-40
101000105,1201,165,1036
101000106,839,575,264
101000107,131,246,-115
101000108,1752,432,1320
101000109,112,36,76
101000110,40,914,-874
101000111,150,197,-47
101000113,126,795,-669
101000114,2808,1343,1465
101000115,98,109,-11
101000116,141,217,-76
101000117,420,312,108
101000119,207,39,168
101000120,217,15,202
101000121,51,16,35
101000122,126,39,87
101000123,36,66,-30
101000124,279,294,-15
101000125,111,467,-356
101000128,1244,412,832
101000130,350,241,109
101000131,529,762,-233
101000132,343,1765,-1422
101000135,52,17,35
101000136,249,147,102
101000137,21,142,-121
101000141,3153,1454,1699
101000147,527,543,-16
101000148,3187,39,3148
101000149,167,57,110
101000150,23,1198,-1175
101000151,91,71,20
101000152,312,310,2
101000153,584,585,-1
101000154,105,2156,-2051
101000155,159,153,6
101000156,12,213,-201
101000157,57,33,24
101000160,68,67,1
101000163,188,77,111
101000164,572,384,188
101000165,245,270,-25
101000166,343,605,-262
101000168,573,324,249
101000252,1186,628,558
101000254,569,26,543
101000258,39,19,20
101000261,88,122,-34
101000262,760,930,-170
101000263,240,1452,-1212
101000265,26,656,-630
101000266,290,238,52
101000269,125,7,118
101000290,2390,2764,-374
101000293,17,111,-94
101000294,480,532,-52
101000295,100,520,-420
101000301,847,185,662
101000304,1961,2291,-330
101000305,2505,1808,697
101900001,14,106,-92
101900002,0,17,-17
101900003,78,81,-3
101900004,3,30,-27
101900005,6642,886,5756
101900006,974,20,954
101900007,339,42,297
101900008,115,239,-124
101900009,55,395,-340
101900010,1286,368,918
101900011,315,1218,-903
101900012,146,382,-236
101900013,1562,138,1424
101900017,19,84,-65
101900018,2237,197,2040
101900019,173,87,86
101900020,337,115,222
101900021,1,24,-23
101900022,94,1674,-1580
101900023,81,272,-191
102000001,1996,3967,-1971
102000002,3094,1325,1769
102000003,4062,4664,-602
102000004,11291,2611,8680
102000005,1417,1997,-580
102000006,1893,1596,297
102000007,1545,4278,-2733
102000008,8501,1941,6560
102000009,6370,6943,-573
102000010,7636,3683,3953
102000011,2527,2288,239
102000012,3825,4025,-200
102000018,4130,2827,1303
102000019,3132,1358,1774
102000026,248,459,-211
102000029,521,178,343
102000030,62,281,-219
102000031,20,291,-271
102000032,252,412,-160
102000033,142,506,-364
102000034,709,473,236
102000035,1196,537,659
102000036,4,208,-204
102000037,162,73,89
102000038,91,69,22
102000039,107,50,57
102000040,460,117,343
102000041,160,173,-13
102000042,196,121,75
102000043,227,194,33
102000044,228,472,-244
102000045,695,1163,-468
102000046,859,441,418
102000047,666,1280,-614
102000048,196,670,-474
102000049,756,523,233
102000050,1032,1221,-189
102000051,310,572,-262
102000052,1199,935,264
102000053,593,970,-377
102000054,162,807,-645
102000055,646,1098,-452
102000056,606,1864,-1258
102000057,1436,684,752
102000058,1155,2274,-1119
102000059,1188,1480,-292
102000060,987,1145,-158
102000061,1144,2949,-1805
102000062,856,1655,-799
102000063,1096,1575,-479
102000064,413,578,-165
102000065,34,140,-106
102000066,1933,1171,762
102000067,3122,3001,121
102000068,9434,2458,6976
102000069,26,1830,-1804
102000070,2308,68,2240
102000071,7230,9765,-2535
102000072,3254,4892,-1638
102000073,1749,1335,414
102000074,1244,1112,132
102000075,157,277,-120
102000076,270,604,-334
102000077,306,1396,-1090
102000078,782,1165,-383
102000079,105,322,-217
102000080,245,243,2
102000081,321,946,-625
102000082,686,414,272
102000083,199,722,-523
102000084,134,471,-337
102000085,1628,1356,272
102000086,1127,2124,-997
102000087,603,2126,-1523
102000088,212,324,-112
102000089,856,610,246
102000090,446,1328,-882
102000091,1537,494,1043
102000092,665,1033,-368
102000093,641,541,100
102000094,1335,410,925
102000095,1008,1380,-372
102000096,1481,723,758
102000097,1518,1377,141
102000098,630,1001,-371
102000099,1020,530,490
102000100,1051,644,407
102000101,1475,264,1211
102000102,507,1585,-1078
102000103,1406,296,1110
102000104,1111,338,773
102000105,132,892,-760
102000106,652,1005,-353
102000107,548,610,-62
102000108,490,331,159
102000109,298,699,-401
102000110,395,1977,-1582
102000111,11,340,-329
102000112,175,67,108
102000113,6,38,-32
102000114,1171,385,786
102000115,213,161,52
102000116,435,249,186
102000117,261,497,-236
102000118,1843,1061,782
102000119,2800,436,2364
102000120,125,514,-389
102000121,1232,561,671
102000122,492,704,-212
102000123,1630,1134,496
102000124,1194,828,366
102000125,1182,867,315
102000126,544,628,-84
102000127,1035,706,329
102000128,496,1220,-724
102000129,1191,978,213
102000130,363,868,-505
102000131,2546,790,1756
102000132,918,704,214
102000133,997,2830,-1833
102000134,385,791,-406
102000135,1075,732,343
102000136,1174,434,740
102000137,1762,827,935
102000138,399,453,-54
102000139,177,377,-200
102000140,544,229,315
102000141,645,587,58
102000142,167,444,-277
102000143,58,545,-487
102000144,87,606,-519
102000145,276,562,-286
102000146,300,353,-53
102000147,383,414,-31
102000148,163,208,-45
102000149,86,759,-673
102000150,182,269,-87
102000151,76,447,-371
102000152,76,161,-85
102000153,796,266,530
102000154,394,625,-231
102000155,75,287,-212
102000156,406,45,361
102000157,58,149,-91
102000158,246,177,69
102000159,1964,258,1706
102000161,5445,1493,3952
102000162,217,114,103
102000163,202,492,-290
102000164,1113,766,347
102000165,272,130,142
102000166,19,84,-65
102000167,273,171,102
102000168,186,98,88
102000169,73,422,-349
102000170,799,124,675
102000171,120,83,37
102000172,67,205,-138
102000173,261,180,81
102000174,27,81,-54
102000175,93,173,-80
102000176,38,35,3
102000178,184,650,-466
102000179,206,214,-8
102000180,397,628,-231
102000181,337,829,-492
102000182,360,722,-362
102000183,1077,2117,-1040
102000184,785,970,-185
102000185,1466,1907,-441
102000186,671,2350,-1679
102000187,693,2282,-1589
102000188,947,1676,-729
102000189,3524,1052,2472
102000190,819,2620,-1801
102000191,1407,647,760
102000192,639,1130,-491
102000193,41,247,-206
102000194,50,193,-143
102000195,284,684,-400
102000196,101,773,-672
102000197,322,645,-323
102000198,168,1154,-986
102000199,378,511,-133
102000200,246,1521,-1275
102000201,403,595,-192
102000202,4,160,-156
102000203,169,400,-231
102000204,200,1180,-980
102000205,603,846,-243
102000206,470,923,-453
102000207,552,550,2
102000208,223,617,-394
102000209,31,65,-34
102000210,169,682,-513
102000211,201,552,-351
102000212,98,20,78
102000213,3,432,-429
102000214,84,13,71
102000215,9,797,-788
102000216,13,36,-23
102000217,3,259,-256
102000218,89,50,39
102000219,335,428,-93
102000225,753,840,-87
102000226,9418,659,8759
102000227,80,8,72
102000228,0,113,-113
102000229,29,33,-4
102000230,247,723,-476
102000231,180,413,-233
102000232,13,141,-128
102000233,389,818,-429
102000234,105,1695,-1590
102000236,469,67,402
102000237,403,197,206
102000238,152,363,-211
102000240,734,478,256
102000241,240,136,104
102000243,14,51,-37
102000245,21,89,-68
102000246,11,24,-13
102000247,294,1000,-706
102000248,131,398,-267
102000249,84,183,-99
102000250,34,463,-429
102000254,32,568,-536
102000266,75,251,-176
102000271,14,1,13
102000286,540,359,181
102000297,1561,872,689
102000301,0,0,0
102000303,0,0,0
102000305,0,0,0
102000306,0,0,0
102000307,0,5,-5
102000308,0,0,0
102900001,1270,1001,269
102900002,415,39,376
102900003,23,343,-320
102900005,264,411,-147
102900006,418,253,165
102900007,643,43,600
102900008,196,77,119
102900009,579,143,436
102900010,698,535,163
102900011,2694,272,2422
102900012,337,52,285
102900013,9,83,-74
102900015,871,282,589
102900016,51,132,-81
102900017,88,626,-538
102900018,16,147,-131
102900019,351,559,-208
102900020,82,49,33
102900021,11,96,-85
102900022,266,45,221
102900023,15,41,-26
102900024,40,50,-10
102900025,275,111,164
102900026,630,1218,-588
102900027,36,61,-25
102900028,114,406,-292
102900029,117,141,-24
102900030,408,213,195
102900031,68,174,-106
102900032,22,144,-122
102900033,111,231,-120
102900034,184,149,35
102900035,42,467,-425
102900036,177,614,-437
102900037,185,868,-683
102900038,339,668,-329
102900039,18,394,-376
102900040,126,207,-81
102900041,57,204,-147
102900042,133,372,-239
102900043,78,316,-238
102900044,670,2198,-1528
102900045,84,615,-531
102900046,72,432,-360
102900047,50,796,-746
102900048,432,869,-437
102900049,57,392,-335
102900050,270,426,-156
102900051,150,241,-91
102900052,40,29,11
102900053,342,979,-637
102900054,1076,823,253
102900055,71,122,-51
102900056,170,645,-475
102900057,3,38,-35
102900058,367,49,318
102900059,8,55,-47
102900060,75,452,-377
102900061,74,543,-469
102900062,84,1659,-1575
102900063,502,459,43
102900064,184,483,-299
102900065,1892,907,985
102900066,286,35,251
102900068,94,85,9
102900070,201,840,-639
102900072,11,21,-10
102900073,94,10,84
102900074,178,136,42
102900075,30,43,-13
102900076,293,61,232
102900077,48,25,23
102900078,37,79,-42
102900079,232,23,209
102900080,269,27,242
102900081,79,245,-166
102900082,6,275,-269
102900083,311,10,301
102900084,6,21,-15
102900085,137,60,77
102900086,5,18,-13
102900087,53,154,-101
102900088,19,43,-24
102900089,319,131,188
102900090,2,500,-498
102900091,97,3,94
102900092,122,643,-521
102900093,168,182,-14
102900094,0,57,-57
102900095,54,10,44
102900096,10,4,6
102900097,211,728,-517
103000001,2080,2669,-589
103000002,1896,2031,-135
103000003,3545,2706,839
103000004,1048,749,299
103000005,2059,2166,-107
103000006,474,1247,-773
103000007,378,896,-518
103000008,993,1123,-130
103000009,658,1040,-382
103000010,76,135,-59
103000011,2030,1130,900
103000012,1064,1234,-170
103000013,7922,1984,5938
103000014,1411,1567,-156
103000015,2916,848,2068
103000016,575,821,-246
103000017,152,364,-212
103000018,1218,414,804
103000019,175,252,-77
103000020,1761,1455,306
103000021,1154,1404,-250
103000022,1085,1322,-237
103000023,410,1143,-733
103000024,98,177,-79
103000025,62,331,-269
103000026,2015,159,1856
103000027,303,396,-93
103000028,950,302,648
103000029,573,226,347
103000030,2791,660,2131
103000031,2066,1153,913
103000032,2121,1680,441
103000033,2553,2482,71
103000034,2104,1077,1027
103000035,465,1026,-561
103000036,487,434,53
103000037,756,527,229
103000038,660,819,-159
103000039,309,485,-176
103000040,241,1468,-1227
103000041,1324,3116,-1792
103000042,605,836,-231
103000043,254,1466,-1212
103000044,110,349,-239
103000046,167,329,-162
103000047,371,911,-540
103000048,128,157,-29
103000049,103,270,-167
103000050,549,853,-304
103000051,246,629,-383
103000052,642,531,111
103000053,143,434,-291
103000054,1799,1150,649
103000055,1421,1805,-384
103000056,430,2645,-2215
103000057,434,379,55
103000058,311,1167,-856
103000059,244,871,-627
103000060,595,847,-252
103000061,294,836,-542
103000062,1032,898,134
103000063,607,751,-144
103000064,90,340,-250
103000065,5,384,-379
103000066,80,10,70
103000069,144,406,-262
103000070,603,1396,-793
103000071,700,368,332
103000072,105,1212,-1107
103000073,360,142,218
103000074,439,79,360
103000075,101,1211,-1110
103000076,186,205,-19
103000077,16,484,-468
103000078,1171,376,795
103000079,1641,486,1155
103000080,1260,210,1050
103000081,597,772,-175
103000082,342,173,169
103000083,77,420,-343
103000084,73,8,65
103000085,3,84,-81
103000086,582,321,261
103000087,136,541,-405
103000088,318,394,-76
103000089,163,281,-118
103000090,1386,1117,269
103000091,504,419,85
103000092,214,323,-109
103000093,276,625,-349
103000094,137,152,-15
103000095,22,509,-487
103000096,749,141,608
103000097,30,838,-808
103000098,1099,172,927
103000099,377,757,-380
103000100,61,1066,-1005
103000101,510,204,306
103000102,126,847,-721
103000103,432,227,205
103000104,32,218,-186
103000105,70,120,-50
103000106,15,118,-103
103000107,255,72,183
103000108,493,567,-74
103000109,410,314,96
103000110,387,394,-7
103000111,725,461,264
103000112,321,297,24
103000113,727,730,-3
103000114,806,385,421
103000115,388,573,-185
103000116,462,590,-128
103000117,145,584,-439
103000118,1465,1187,278
103000119,2319,803,1516
103000120,52,135,-83
103000121,266,590,-324
103000122,262,257,5
103000125,10,578,-568
103000126,287,2,285
103000127,4,276,-272
103000128,104,3,101
103000129,0,156,-156
103000130,24,26,-2
103000131,211,89,122
103000132,74,174,-100
103000133,4,211,-207
103000134,812,578,234
103000135,1079,199,880
103000136,877,292,585
103000137,661,604,57
103000138,947,693,254
103000139,1,42,-41
103000140,131,25,106
103000141,21,85,-64
103000142,149,63,86
103000143,48,252,-204
103000144,98,93,5
103000145,41,35,6
103000150,84,73,11
103000152,198,280,-82
103000153,117,165,-48
103000156,0,595,-595
103000157,201,5,196
103000159,122,88,34
103000162,64,33,31
103000163,9,17,-8
103000164,8,8,0
103000165,161,536,-375
103000166,137,165,-28
103000167,158,147,11
103000168,39,163,-124
103000169,198,536,-338
103000170,472,512,-40
103000171,38,79,-41
103000172,251,1202,-951
103000173,178,789,-611
103000174,91,350,-259
103000175,132,546,-414
103000176,823,224,599
103000177,861,442,419
103000178,453,319,134
103000179,79,26,53
103000183,30,44,-14
103000185,47,79,-32
103000186,54,170,-116
103000187,175,776,-601
103000188,7,102,-95
103000189,663,1063,-400
103000191,734,877,-143
103000292,3129,880,2249
103000293,1765,1010,755
103000295,101,51,50
103000296,248,3,245
103000297,208,16,192
103000504,140,14,126
103000505,6,2,4
103000506,1,203,-202
103000507,73,4,69
103000508,85,35,50
103000509,237,629,-392
103900001,5,536,-531
103900002,2053,229,1824
103900003,2320,67,2253
103900004,34,41,-7
103900005,5,347,-342
103900006,1,0,1
103900007,19,7,12
103900008,13,0,13
103900009,138,316,-178
103900010,86,287,-201
103900011,44,273,-229
103900012,13,11,2
103900013,23,83,-60
103900014,22,42,-20
103900015,24,22,2
103900016,214,324,-110
103900017,9,94,-85
103900018,559,139,420
103900019,32,116,-84
103900020,111,306,-195
103900021,1063,56,1007
103900022,748,559,189
103900023,73,2,71
103900024,116,827,-711
103900025,5,50,-45
103900026,22,0,22
103900027,378,374,4
103900028,7,212,-205
103900029,611,71,540
103900030,147,29,118
103900031,7,0,7
103900032,44,15,29
103900033,63,11,52
103900034,18,280,-262
103900035,36,62,-26
103900036,36,26,10
103900037,56,22,34
103900038,51,69,-18
103900039,25,542,-517
103900040,4,327,-323
103900041,23,36,-13
103900042,21,500,-479
103900043,32,107,-75
103900044,275,141,134
103900045,145,119,26
103900047,13,34,-21
103900048,67,16,51
103900049,229,1417,-1188
103900050,2,80,-78
103900051,0,27,-27
103900052,104,683,-579
103900053,41,1297,-1256
103900054,29,705,-676
103900055,246,228,18
103900056,15,44,-29
103900057,15,358,-343
103900058,64,972,-908
103900059,0,6,-6
103900060,11,239,-228
103900061,61,44,17
103900062,90,48,42
103900063,13,6,7
103900064,42,2,40
103900065,992,329,663
103900066,55,29,26
103900067,44,9,35
103900068,0,0,0
103900069,63,4,59
103900070,99,316,-217
103900071,21,206,-185
103900072,3,376,-373
103900073,33,24,9
103900074,17,112,-95
103900075,52,87,-35
103900076,148,1025,-877
103900077,68,38,30
103900078,46,152,-106
103900079,119,338,-219
103900080,7,24,-17
103900081,55,1,54
103900082,1,107,-106
103900083,2669,384,2285
103900084,78,166,-88
103900085,104,106,-2
103900086,241,321,-80
103900087,20,91,-71
103900088,394,190,204
103900089,30,170,-140
103900090,4,295,-291
103900091,775,262,513
103900092,290,491,-201
103900093,93,532,-439
103900094,4,213,-209
103900095,107,184,-77
103900096,14,434,-420
103900097,7,532,-525
103900098,130,64,66
103900099,20,435,-415
103900100,100,432,-332
103900101,65,938,-873
103900102,0,41,-41
103900104,3,32,-29
103900105,43,174,-131
103900106,0,11,-11
103900107,59,260,-201
103900108,27,470,-443
103900109,44,98,-54
103900110,166,58,108
103900111,26,958,-932
103900112,5,57,-52
103900113,128,194,-66
103900114,485,349,136
103900115,269,68,201
103900116,7147,1171,5976
103900117,233,181,52
103900119,24,45,-21
103900120,8,103,-95
103900122,38,378,-340
103900123,1631,447,1184
103900124,15,20,-5
103900125,43,87,-44
103900126,223,677,-454
103900127,108,984,-876
103900128,28,237,-209
103900131,1,116,-115
103900133,764,28,736
103900134,0,0,0
103900135,3,9,-6
103900137,0,44,-44
103900138,38,507,-469
103900139,146,928,-782
103900140,9,50,-41
103900141,201,112,89
103900142,60,222,-162
103900143,36,2,34
103900144,1,58,-57
103900145,159,370,-211
103900146,186,415,-229
103900147,258,119,139
103900148,81,194,-113
103900149,61,827,-766
103900150,9000,1890,7110
103900151,47,177,-130
103900152,209,990,-781
103900153,5,0,5
103900154,1351,575,776
103900155,5,244,-239
103900156,10,241,-231
103900157,11,389,-378
103900158,15,230,-215
103900159,20,74,-54
103900160,13,24,-11
103900161,52,204,-152
103900162,45,324,-279
103900163,5,385,-380
103900164,123,40,83
103900167,8,59,-51
103900168,82,170,-88
103900169,24,44,-20
103900170,2,112,-110
103900171,0,88,-88
103900172,9,28,-19
103900173,4,15,-11
103900174,60,66,-6
103900175,33,26,7
103900176,3,22,-19
103900177,5,44,-39
103900178,31,93,-62
103900179,30,205,-175
103900180,1,151,-150
103900181,42,43,-1
103900182,39,28,11
103900184,688,28,660
103900185,243,81,162
103900187,68,48,20
103900188,22,10,12
103900189,70,9,61
103900190,51,60,-9
103900191,18,57,-39
103900192,56,119,-63
103900193,185,157,28
103900194,39,491,-452
103900195,4,22,-18
103900196,8,11,-3
103900197,8,31,-23
103900198,17,77,-60
103900199,59,80,-21
103900200,113,185,-72
103900201,103,254,-151
103900202,4,64,-60
103900203,7,17,-10
103900204,1,161,-160
103900207,0,156,-156
103900208,28,1,27
103900209,7,131,-124
103900210,21,50,-29
103900211,294,753,-459
103900212,34,555,-521
103900213,125,301,-176
103900214,211,79,132
103900215,711,222,489
103900216,8,1068,-1060
103900217,379,36,343
103900218,0,196,-196
103900219,47,372,-325
103900233,135,6,129
103900235,30,40,-10
103900236,11,2,9
103900242,0,9,-9
103900243,3,3,0
103900244,49,418,-369
103900245,39,307,-268
103900246,28,37,-9
103900247,27,117,-90
103900248,0,7,-7
103900249,4,36,-32
103900250,15,13,2
103900251,2,17,-15
103900253,13,29,-16
103900254,0,5,-5
103900255,13,7,6
103900256,14,12,2
103900257,30,59,-29
103900258,14,4,10
103900259,64,8,56
103900261,5,4,1
103900262,6,4,2
103900263,42,25,17
103900264,58,3,55
103900265,49,14,35
103900266,1,34,-33
103900267,1,33,-32
104000001,2008,2364,-356
104000002,1434,2801,-1367
104000003,2623,2411,212
104000004,3587,2646,941
104000005,945,1988,-1043
104000006,2834,3151,-317
104000007,4159,3934,225
104000008,296,568,-272
104000009,83,198,-115
104000010,130,222,-92
104000011,932,545,387
104000012,138,583,-445
104000013,100,130,-30
104000014,212,914,-702
104000015,199,168,31
104000016,512,576,-64
104000018,461,170,291
104000019,318,90,228
104000020,193,1035,-842
104000021,224,924,-700
104000022,103,382,-279
104000023,368,347,21
104000024,207,475,-268
104000026,24,307,-283
104000027,235,561,-326
104000028,219,274,-55
104000029,391,688,-297
104000030,204,322,-118
104000031,678,283,395
104000032,183,441,-258
104000033,356,433,-77
104000034,309,595,-286
104000035,487,496,-9
104000036,438,788,-350
104000037,254,438,-184
104000038,238,267,-29
104000039,197,492,-295
104000040,518,686,-168
104000041,489,315,174
104000042,209,506,-297
104000043,255,448,-193
104000044,183,911,-728
104000045,854,1462,-608
104000046,1639,1828,-189
104000047,832,1715,-883
104000048,1251,2432,-1181
104000049,312,339,-27
104000050,247,605,-358
104000051,53,886,-833
104000052,1074,1611,-537
104000053,702,747,-45
104000054,477,756,-279
104000055,4268,3701,567
104000056,1716,211,1505
104000057,91,622,-531
104000058,511,742,-231
104000059,378,1273,-895
104000060,581,1158,-577
104000061,880,1558,-678
104000062,191,157,34
104000064,658,310,348
104000065,77,390,-313
104000069,1635,587,1048
104000070,70,407,-337
104000071,132,409,-277
104000072,545,216,329
104000075,31,281,-250
104000076,394,162,232
104000082,2164,2542,-378
104000083,688,185,503
104000084,99,509,-410
104000085,194,235,-41
104000086,148,419,-271
104000087,488,940,-452
104000090,554,1990,-1436
104000092,589,3588,-2999
104000094,670,2891,-2221
104000095,1401,1545,-144
104000096,825,443,382
104000097,1138,1416,-278
104000098,1056,1686,-630
104000100,948,786,162
104000101,858,2823,-1965
104000106,96,576,-480
104000107,593,637,-44
104000108,380,704,-324
104000109,232,48,184
104000110,871,1057,-186
104000111,6705,1607,5098
104000112,3070,544,2526
104000116,2,1578,-1576
104000117,74,1114,-1040
104000118,302,284,18
104000119,397,311,86
104000120,167,1303,-1136
104000121,227,670,-443
104000122,436,784,-348
104000123,1131,1633,-502
104000124,2271,3391,-1120
104000125,6257,2822,3435
104000126,333,579,-246
104000127,1853,5117,-3264
104000128,951,587,364
104000129,228,10,218
104000130,2,225,-223
104000131,1127,822,305
104000132,784,1055,-271
104000133,1009,924,85
104000134,1072,1436,-364
104000135,444,1011,-567
104000136,1082,2133,-1051
104000137,2146,246,1900
104000138,1789,450,1339
104000139,11736,3322,8414
104000141,1655,2066,-411
104000142,623,1265,-642
104000143,528,914,-386
104000144,54,246,-192
104000145,338,216,122
104000146,473,677,-204
104000147,108,469,-361
104000148,176,185,-9
104000149,173,543,-370
104000150,662,454,208
104000151,443,873,-430
104000152,555,1071,-516
104000153,240,392,-152
104000154,1217,899,318
104000155,292,432,-140
104000157,1304,1988,-684
104000158,370,295,75
104000159,456,328,128
104000160,1668,1387,281
104000161,209,160,49
104000162,53,121,-68
104000165,1302,1159,143
104000167,422,579,-157
104000168,445,7,438
104000169,39,53,-14
104000170,952,302,650
104000248,164,841,-677
104000251,71,494,-423
104000272,0,0,0
104000273,0,0,0
104000274,0,0,0
104000275,0,0,0
104000279,841,641,200
104000290,79,475,-396
104000291,545,1170,-625
104000293,579,823,-244
104000294,9,0,9
104000295,405,891,-486
104000296,217,912,-695
104000297,898,1670,-772
104000298,2287,1000,1287
104000299,557,1430,-873
104900001,69,501,-432
104900002,33,65,-32
104900003,19,506,-487
104900004,66,442,-376
104900005,104,165,-61
104900006,100,88,12
104900007,186,288,-102
104900009,94,625,-531
104900010,18,12,6
104900011,8,2,6
104900012,87,1,86
104900013,75,1,74
104900014,5023,436,4587
104900015,67,4,63
104900016,100,472,-372
104900017,31,174,-143
104900018,4,369,-365
104900019,331,1025,-694
104900020,33,317,-284
104900021,1,468,-467
104900022,8,151,-143
104900023,1,205,-204
104900024,16,135,-119
104900025,56,405,-349
104900026,3,203,-200
104900027,194,225,-31
104900028,86,155,-69
104900029,68,139,-71
104900030,311,180,131
104900031,174,217,-43
104900032,33,210,-177
104900033,77,238,-161
104900034,167,84,83
104900035,131,98,33
104900036,126,55,71
104900037,71,327,-256
104900038,706,449,257
104900039,1382,190,1192
104900040,149,60,89
104900041,126,156,-30
104900042,105,504,-399
104900043,5,34,-29
104900044,268,198,70
104900045,292,50,242
104900046,43,153,-110
104900047,193,149,44
104900048,112,109,3
104900049,13,11,2
104900050,87,120,-33
104900051,133,48,85
104900052,57,1,56
104900053,238,67,171
104900054,166,44,122
104900055,32,1,31
104900056,100,13,87
104900057,40,1,39
104900058,1440,154,1286
104900059,15,39,-24
104900060,6,329,-323
104900061,244,780,-536
104900063,3,93,-90
104900064,0,122,-122
104900065,0,88,-88
104900066,2,252,-250
104900067,3,286,-283
104900068,8,324,-316
104900070,99,395,-296
104900071,2,962,-960
104900072,35,251,-216
104900073,14,341,-327
104900074,33,203,-170
104900075,24,100,-76
104900076,59,449,-390
104900077,1427,106,1321
104900078,108,1008,-900
104900079,117,146,-29
104900080,38,731,-693
104900082,5,334,-329
104900085,2,253,-251
104900087,324,8,316
104900089,111,2,109
104900090,397,476,-79
104900091,586,1310,-724
104900093,180,689,-509
104900097,3772,1178,2594
104900098,62,49,13
104900099,703,559,144
104900100,802,269,533
104900102,35,299,-264
104900103,423,146,277
104900104,4795,1272,3523
104900106,30,167,-137
104900107,42,444,-402
104900108,14,399,-385
104900109,95,298,-203
104900110,10,51,-41
104900111,107,105,2
104900112,175,1136,-961
104900113,417,629,-212
104900114,176,941,-765
104900115,270,635,-365
104900116,146,380,-234
104900118,7,65,-58
104900119,0,32,-32
104900120,39,76,-37
104900121,1,166,-165
104900122,2,147,-145
104900123,14,3,11
104900124,10,0,10
104900125,419,8,411
104900126,68,42,26
104900127,17,25,-8
104900128,72,213,-141
104900129,3772,923,2849
105000001,2199,1914,285
105000002,1693,2046,-353
105000003,2610,4433,-1823
105000004,436,1316,-880
105000005,656,1409,-753
105000006,934,1671,-737
105000007,818,1179,-361
105000008,841,1591,-750
105000009,1092,2565,-1473
105000010,3422,3080,342
105000011,1924,2040,-116
105000012,4983,3857,1126
105000013,545,922,-377
105000014,1349,2075,-726
105000015,8422,7084,1338
105000016,3940,2185,1755
105000017,1781,1287,494
105000018,1375,946,429
105000019,1712,1127,585
105000020,218,340,-122
105000021,269,143,126
105000022,137,34,103
105000023,429,267,162
105000028,40,150,-110
105000029,259,964,-705
105000030,4296,4348,-52
105000033,1079,2363,-1284
105000034,141,589,-448
105000037,708,594,114
105000038,2014,1250,764
105000039,4230,2413,1817
105000040,829,732,97
105000041,914,1682,-768
105000042,3708,1101,2607
105000043,2787,2844,-57
105000044,314,411,-97
105000045,418,1230,-812
105000046,474,415,59
105000047,411,1815,-1404
105000048,378,203,175
105000049,215,878,-663
105000050,301,380,-79
105000051,180,549,-369
105000052,415,1034,-619
105000053,146,176,-30
105000054,157,1191,-1034
105000055,435,539,-104
105000056,774,3049,-2275
105000057,1025,1243,-218
105000058,1325,1746,-421
105000059,528,559,-31
105000060,401,728,-327
105000061,299,434,-135
105000062,811,1330,-519
105000063,324,785,-461
105000064,635,803,-168
105000065,274,1131,-857
105000066,949,2646,-1697
105000067,718,596,122
105000068,493,1170,-677
105000069,3238,748,2490
105000070,922,832,90
105000071,169,440,-271
105000072,465,830,-365
105000073,646,556,90
105000074,917,1172,-255
105000075,454,934,-480
105000076,1299,1175,124
105000077,2028,854,1174
105000078,1548,1225,323
105000079,2012,1841,171
105000080,2096,1289,807
105000081,1180,802,378
105000082,466,574,-108
105000083,1304,956,348
105000084,480,1285,-805
105000085,1170,1113,57
105000086,547,926,-379
105000087,2595,1986,609
105000088,2022,1499,523
105000089,4343,2905,1438
105000090,1336,1031,305
105000091,2284,2129,155
105000092,795,1325,-530
105000093,361,215,146
105000094,309,251,58
105000095,66,505,-439
105000096,1004,745,259
105000097,1203,727,476
105000098,492,513,-21
105000099,846,1067,-221
105000100,989,1220,-231
105000101,1736,2366,-630
105000102,3864,1740,2124
105000103,2481,2492,-11
105000104,1538,1123,415
105000105,1019,2064,-1045
105000106,1175,2004,-829
105000107,799,1254,-455
105000108,944,2280,-1336
105000109,1182,2040,-858
105000110,527,992,-465
105000111,419,574,-155
105000112,880,1077,-197
105000113,381,517,-136
105000114,4280,1063,3217
105000115,225,622,-397
105000116,421,614,-193
105000117,755,1678,-923
105000118,206,463,-257
105000119,493,1730,-1237
105000120,584,795,-211
105000121,783,1469,-686
105000122,196,450,-254
105000123,1045,1918,-873
105000124,1067,1162,-95
105000125,554,2134,-1580
105000126,1493,2385,-892
105000127,1934,2156,-222
105000128,356,1649,-1293
105000129,557,343,214
105000130,95,888,-793
105000131,553,404,149
105000132,650,422,228
105000133,343,1331,-988
105000134,346,543,-197
105000135,344,855,-511
105000136,19,162,-143
105000137,205,359,-154
105000138,38,152,-114
105000139,968,1175,-207
105000140,154,492,-338
105000141,170,772,-602
105000142,77,515,-438
105000143,359,675,-316
105000144,173,677,-504
105000145,361,559,-198
105000146,530,698,-168
105000147,339,399,-60
105000148,1078,637,441
105000149,1827,1672,155
105000150,2535,1296,1239
105000151,258,350,-92
105000152,124,806,-682
105000153,432,452,-20
105000154,930,952,-22
105000155,295,571,-276
105000156,1028,985,43
105000157,1291,2328,-1037
105000158,1943,911,1032
105000159,358,1498,-1140
105000160,1208,582,626
105000161,645,2361,-1716
105000162,453,1255,-802
105000163,1343,1586,-243
105000164,232,447,-215
105000165,1922,3391,-1469
105000166,9510,377,9133
105000167,3640,1098,2542
105000168,180,1101,-921
105000169,227,536,-309
105000170,100,1411,-1311
105000171,998,400,598
105000172,45,76,-31
105000173,38,25,13
105000174,29,36,-7
105000175,113,138,-25
105000176,170,100,70
105000177,91,138,-47
105000178,123,926,-803
105000179,137,136,1
105000180,76,110,-34
105000181,70,562,-492
105000182,9,35,-26
105000183,3194,1396,1798
105000184,1656,926,730
105000185,2046,694,1352
105000186,441,1070,-629
105000187,610,314,296
105000188,335,108,227
105000189,195,723,-528
105000190,163,407,-244
105000191,286,505,-219
105000192,75,76,-1
105000193,69,183,-114
105000194,132,144,-12
105000195,270,1460,-1190
105000196,9,68,-59
105000197,215,937,-722
105000198,492,362,130
105000199,200,184,16
105000200,103,271,-168
105000201,84,29,55
105000203,5,342,-337
105000204,46,131,-85
105000205,75,300,-225
105000207,1073,314,759
105000208,310,369,-59
105000209,205,411,-206
105000212,848,1873,-1025
105000213,265,178,87
105000214,83,252,-169
105000215,144,342,-198
105000216,60,512,-452
105000217,202,462,-260
105000218,690,1112,-422
105000221,121,327,-206
105000222,96,63,33
105000223,159,243,-84
105000226,26,469,-443
105000227,29,273,-244
105000228,228,871,-643
105000229,31,243,-212
105000231,92,232,-140
105000233,586,649,-63
105000234,540,1368,-828
105000235,244,475,-231
105000237,488,43,445
105000243,29,323,-294
105000248,52,64,-12
105000262,214,2367,-2153
105000269,115,168,-53
105000270,183,124,59
105000271,1,358,-357
105000282,145,65,80
105000287,350,157,193
105000288,327,481,-154
105000289,899,826,73
105000290,5,4,1
105000402,6212,2073,4139
105000426,314,526,-212
105000438,754,521,233
105000446,15332,5571,9761
105000447,8814,3122,5692
105000454,120,550,-430
105000455,226,251,-25
105000474,24,3,21
105000477,201,447,-246
105000478,1190,2134,-944
105000479,95,163,-68
105000480,1668,1978,-310
105000481,2101,2134,-33
105000482,5006,3023,1983
105000483,1022,1233,-211
105000484,2816,2943,-127
105000485,1106,1306,-200
105000486,3920,2535,1385
105000488,3025,3302,-277
105000489,550,855,-305
105000549,22,159,-137
105000550,397,1285,-888
105000551,32,124,-92
105000552,3687,2189,1498
105900001,5,843,-838
105900002,1917,373,1544
105900003,5,130,-125
105900004,604,143,461
105900005,3,269,-266
105900006,4,52,-48
105900007,140,16,124
105900008,43,910,-867
105900009,12,16,-4
105900011,269,35,234
105900012,553,157,396
105900013,5,24,-19
105900014,15,107,-92
105900015,240,377,-137
105900016,242,1001,-759
105900017,548,63,485
105900018,229,324,-95
105900019,167,616,-449
105900020,31,58,-27
105900021,26,373,-347
105900022,202,405,-203
105900023,4,170,-166
105900024,18,226,-208
105900025,72,54,18
105900026,222,51,171
105900027,5304,7508,-2204
105900028,46,174,-128
105900029,2126,386,1740
105900030,173,314,-141
105900031,481,203,278
105900032,40,128,-88
105900033,128,132,-4
105900034,137,334,-197
105900035,209,265,-56
105900036,23,133,-110
105900037,40,72,-32
105900038,105,307,-202
105900039,50,161,-111
105900040,57,134,-77
105900041,154,438,-284
105900042,25,123,-98
105900043,2178,104,2074
105900044,4,223,-219
105900045,1,803,-802
105900046,6,175,-169
105900047,29,24,5
105900048,36,495,-459
105900050,5955,890,5065
105900051,16,1291,-1275
105900052,292,207,85
105900053,4631,1173,3458
105900054,271,316,-45
105900056,947,285,662
105900057,25,202,-177
105900058,8,39,-31
105900059,0,29,-29
106000001,4028,1262,2766
106000002,3288,4181,-893
106000003,2472,2239,233
106000004,2262,2577,-315
106000005,2154,5112,-2958
106000006,6041,5318,723
106000007,342,626,-284
106000008,508,312,196
106000009,364,370,-6
106000010,491,646,-155
106000011,622,1064,-442
106000012,675,1924,-1249
106000013,1447,2013,-566
106000014,2180,2179,1
106000015,1013,1204,-191
106000016,1117,2822,-1705
106000017,649,802,-153
106000018,539,687,-148
106000019,269,500,-231
106000020,256,622,-366
106000021,214,531,-317
106000022,280,393,-113
106000023,434,380,54
106000024,571,1034,-463
106000025,77,196,-119
106000026,218,394,-176
106000027,763,1266,-503
106000028,472,927,-455
106000029,915,1867,-952
106000030,1012,274,738
106000034,169,535,-366
106000035,699,1050,-351
106000036,391,390,1
106000037,1673,1754,-81
106000038,583,88,495
106000039,197,33,164
106000040,159,843,-684
106000041,877,272,605
106000043,488,77,411
106000046,330,23,307
106000047,37,347,-310
106000049,399,170,229
106000050,263,1030,-767
106000051,349,330,19
106000052,61,765,-704
106000053,157,128,29
106000054,351,565,-214
106000055,514,871,-357
106000056,239,576,-337
106000057,213,201,12
106000058,91,221,-130
106000059,152,268,-116
106000060,530,659,-129
106000061,199,436,-237
106000062,135,669,-534
106000063,407,463,-56
106000064,33,464,-431
106000065,209,219,-10
106000066,69,438,-369
106000067,188,110,78
106000068,41,712,-671
106000069,112,112,0
106000070,344,1003,-659
106000071,597,305,292
106000072,5240,1435,3805
106000073,1858,2090,-232
106000074,258,618,-360
106000075,220,1115,-895
106000076,1233,1721,-488
106000077,3399,1330,2069
106000078,642,1095,-453
106000079,530,1254,-724
106000080,915,925,-10
106000081,488,1093,-605
106000082,2221,1088,1133
106000083,359,1311,-952
106000084,983,697,286
106000085,1614,1124,490
106000086,565,733,-168
106000087,753,615,138
106000088,398,773,-375
106000089,683,577,106
106000090,203,662,-459
106000091,249,753,-504
106000092,405,244,161
106000093,162,84,78
106000094,117,361,-244
106000095,405,1348,-943
106000096,492,837,-345
106000097,581,1726,-1145
106000098,402,1067,-665
106000099,175,1111,-936
106000100,1617,391,1226
106000101,3272,347,2925
106000102,473,665,-192
106000103,223,683,-460
106000104,816,403,413
106000105,342,1073,-731
106000106,347,512,-165
106000107,54,529,-475
106000108,142,349,-207
106000109,44,425,-381
106000110,88,397,-309
106000111,103,731,-628
106000112,123,425,-302
106000113,1117,817,300
106000114,385,461,-76
106000115,153,627,-474
106000116,106,261,-155
106000117,946,883,63
106000118,967,1159,-192
106000119,2865,1280,1585
106000120,734,857,-123
106000121,69,195,-126
106000122,45,352,-307
106000123,118,331,-213
106000124,45,506,-461
106000125,16,543,-527
106000126,84,227,-143
106000127,383,1047,-664
106000128,369,378,-9
106000129,334,957,-623
106000130,408,452,-44
106000131,111,747,-636
106000132,883,166,717
106000133,4482,1006,3476
106000134,888,1987,-1099
106000135,231,1057,-826
106000136,430,520,-90
106000137,85,1851,-1766
106000138,478,66,412
106000139,33,127,-94
106000140,15,174,-159
106000141,46,166,-120
106000142,58,91,-33
106000143,14,150,-136
106000144,32,84,-52
106000145,97,430,-333
106000146,136,210,-74
106000147,353,647,-294
106000148,623,995,-372
106000149,362,501,-139
106000150,412,1830,-1418
106000151,5455,974,4481
106000152,1890,1232,658
106000153,71,1483,-1412
106000154,1862,268,1594
106000155,72,195,-123
106000156,531,460,71
106000157,596,2198,-1602
106000158,3495,854,2641
106000159,5455,1625,3830
106000160,196,1744,-1548
106000161,1543,655,888
106000162,155,749,-594
106000163,142,763,-621
106000164,190,411,-221
106000165,173,889,-716
106000166,333,343,-10
106000167,200,1911,-1711
106000168,159,283,-124
106000169,123,1089,-966
106000170,291,261,30
106000171,105,1058,-953
106000172,2257,976,1281
106000173,849,2851,-2002
106000174,1073,280,793
106000175,297,1218,-921
106000176,886,664,222
106000177,614,2813,-2199
106000178,2914,1383,1531
106000179,1122,2427,-1305
106000180,725,2207,-1482
106000181,335,2409,-2074
106000182,510,793,-283
106000183,563,1137,-574
106000184,790,1217,-427
106000185,389,1112,-723
106000186,856,283,573
106000187,297,786,-489
106000188,0,1,-1
106000189,9,66,-57
106000190,5,2,3
106000191,539,213,326
106000192,0,28,-28
106000193,249,162,87
106000194,172,378,-206
106000195,1186,133,1053
106000196,306,442,-136
106000197,213,319,-106
106000198,145,325,-180
106000199,863,442,421
106000200,499,161,338
106000201,455,1000,-545
106000202,8002,693,7309
106000203,257,175,82
106000204,13,7,6
106000205,14,159,-145
106000206,22,13,9
106000207,55,1064,-1009
106000208,526,72,454
106000209,931,225,706
106000210,304,1630,-1326
106000211,359,1742,-1383
106000212,465,169,296
106000213,750,1409,-659
106000214,2796,474,2322
106000215,174,528,-354
106000216,299,371,-72
106000217,234,466,-232
106000218,387,299,88
106000219,101,254,-153
106000220,359,287,72
106000221,63,361,-298
106000222,25,142,-117
106000223,45,166,-121
106000224,129,503,-374
106000225,28,64,-36
106000226,132,443,-311
106000228,41,134,-93
106000229,68,979,-911
106000231,327,115,212
106000232,81,527,-446
106000233,323,115,208
106000234,45,268,-223
106000235,518,70,448
106000236,304,53,251
106000237,0,6,-6
106000238,12,12,0
106000239,7,162,-155
106000240,43,2,41
106000241,35,788,-753
106000242,136,16,120
106000249,32,84,-52
106000250,42,510,-468
106000251,23,26,-3
106000252,43,131,-88
106000253,9,55,-46
106000254,35,97,-62
106000255,7,71,-64
106000256,59,171,-112
106000257,91,360,-269
106000258,254,8,246
106000259,5,25,-20
106000260,6,5,1
106000261,0,48,-48
106000262,53,16,37
106000263,10,89,-79
106000264,261,21,240
106000265,11,109,-98
106000266,105,31,74
106000267,4,109,-105
106000268,423,14,409
106000269,55,61,-6
106000270,138,434,-296
106000271,22,185,-163
106000272,75,56,19
106000273,10,224,-214
106000274,165,40,125
106000275,96,181,-85
106000276,137,83,54
106000277,96,181,-85
106000278,172,47,125
106000279,13,84,-71
106000280,32,203,-171
106000281,60,70,-10
106000282,41,50,-9
106000283,65,96,-31
106000284,30,128,-98
106000285,94,154,-60
106000286,78,162,-84
106000287,83,127,-44
106000288,60,161,-101
106000289,53,108,-55
106000290,51,93,-42
106000291,80,102,-22
106000292,71,150,-79
106000293,65,88,-23
106000294,96,167,-71
106000295,55,61,-6
106000296,54,155,-101
106000297,47,214,-167
106000298,168,73,95
106000299,56,183,-127
106000300,47,124,-77
106000301,40,139,-99
106000303,12,67,-55
106000304,53,41,12
106000305,29,41,-12
106000306,43,82,-39
106000307,31,12,19
106000308,41,245,-204
106000309,11,122,-111
106000310,146,773,-627
106000311,203,135,68
106000312,53,216,-163
106000313,78,230,-152
106000318,170,239,-69
106000319,392,57,335
106000320,2,48,-46
106000321,334,62,272
106000322,83,270,-187
106000324,7,171,-164
106000325,960,1056,-96
106000326,783,2132,-1349
106000327,71,184,-113
106000328,6,91,-85
106000329,79,305,-226
106000330,36,41,-5
106000428,40,167,-127
106000429,75,446,-371
106000430,360,1515,-1155
106000431,1053,300,753
106000432,1513,2815,-1302
106000433,1211,708,503
106000434,2595,862,1733
106000435,2207,2800,-593
106000436,25,330,-305
106000437,171,46,125
106000438,250,113,137
106000439,49,704,-655
106000440,249,483,-234
106000441,2,0,2
106000442,81,7,74
106000443,59,644,-585
106000450,0,260,-260
106000451,37,21,16
106000454,6,152,-146
106000455,18,190,-172
106000456,101,32,69
106000457,9,1453,-1444
106000458,184,157,27
106000459,43,479,-436
106000460,396,29,367
106000461,23,2476,-2453
106000462,0,17,-17
106000463,4,27,-23
106000464,1,662,-661
106000465,167,3,164
106000466,1,989,-988
106000467,503,620,-117
106000468,69,257,-188
106000469,224,1,223
106000470,273,1256,-983
106000471,21,783,-762
106000472,57,7,50
106000473,25,33,-8
106000474,219,830,-611
106000475,155,160,-5
106000476,129,119,10
106000477,9,44,-35
106900001,0,12,-12
106900002,6,654,-648
106900003,246,886,-640
106900004,2,104,-102
106900006,0,33,-33
106900007,2,17,-15
106900008,101,342,-241
106900009,169,451,-282
106900010,111,385,-274
106900012,2234,1915,319
106900013,670,69,601
106900014,23,2,21
106900015,32,0,32
106900016,95,0,95
106900017,7,0,7
106900018,4,0,4
106900019,27,3,24
106900020,3143,620,2523
106900021,20,24,-4
106900022,220,0,220
106900023,7,303,-296
106900024,620,17,603
106900025,44,684,-640
106900026,5,1043,-1038
106900027,236,5,231
107000001,1895,1610,285
107000002,3059,4229,-1170
107000003,3563,4674,-1111
107000004,5778,6877,-1099
107000005,1631,3666,-2035
107000006,3798,7974,-4176
107000007,4863,5913,-1050
107000008,20978,13325,7653
107000009,4804,4484,320
107000010,13138,15083,-1945
107000011,1205,1475,-270
107000012,4823,4507,316
107000013,43,215,-172
107000014,15,291,-276
107000015,401,1051,-650
107000016,349,1431,-1082
107000017,8339,1109,7230
107000018,54,443,-389
107000020,5655,520,5135
107000021,1697,1043,654
107000022,1632,1883,-251
107000023,1714,378,1336
107000024,594,2387,-1793
107000025,93,428,-335
107000026,120,934,-814
107000027,871,1089,-218
107000028,1318,2108,-790
107000029,1657,2012,-355
107000030,3603,3943,-340
107000031,2305,2423,-118
107000032,358,1040,-682
107000033,4378,6959,-2581
107000034,5744,2391,3353
107000035,300,185,115
107000036,348,1053,-705
107000037,49,660,-611
107000038,203,293,-90
107000039,557,547,10
107000040,171,375,-204
107000041,1342,613,729
107000042,670,1770,-1100
107000043,3320,899,2421
107000044,729,424,305
107000045,69,398,-329
107000046,514,367,147
107000047,367,882,-515
107000048,463,366,97
107000049,527,766,-239
107000050,765,487,278
107000051,499,321,178
107000052,987,613,374
107000053,329,125,204
107000054,55,256,-201
107000055,79,83,-4
107000056,481,1084,-603
107000057,1884,270,1614
107000058,1626,2064,-438
107000059,2558,3405,-847
107000060,3374,5262,-1888
107000061,5912,4544,1368
107000062,2212,2957,-745
107000063,3953,7370,-3417
107000064,2399,2100,299
107000065,3627,6786,-3159
107000066,2104,2281,-177
107000067,685,1004,-319
107000068,1796,745,1051
107000069,487,383,104
107000070,284,3,281
107000071,1343,11,1332
107000072,46,4475,-4429
107000073,289,143,146
107000074,130,1130,-1000
107000075,863,265,598
107000076,870,2017,-1147
107000077,1900,530,1370
107000078,1697,3851,-2154
107000079,1490,461,1029
107000080,1263,3859,-2596
107000081,718,488,230
107000082,504,3332,-2828
107000083,895,251,644
107000084,513,3185,-2672
107000085,2716,3182,-466
107000086,4212,3063,1149
107000087,2241,2121,120
107000088,3033,3768,-735
107000089,1207,1816,-609
107000090,951,1287,-336
107000091,762,1060,-298
107000092,631,1340,-709
107000093,770,786,-16
107000094,858,1618,-760
107000095,386,519,-133
107000096,619,1209,-590
107000097,330,167,163
107000098,418,510,-92
107000099,430,315,115
107000100,388,232,156
107000101,77,170,-93
107000102,340,248,92
107000103,290,150,140
107000104,274,291,-17
107000105,246,154,92
107000106,191,364,-173
107000107,409,170,239
107000108,130,924,-794
107000109,351,177,174
107000110,82,667,-585
107000111,74,31,43
107000112,18,504,-486
107000113,279,112,167
107000114,81,738,-657
107000115,250,95,155
107000116,83,1131,-1048
107000117,92,234,-142
107000118,166,333,-167
107000119,1932,975,957
107000120,2267,447,1820
107000121,412,737,-325
107000122,920,996,-76
107000123,214,882,-668
107000124,401,960,-559
107000125,387,843,-456
107000126,459,1261,-802
107000127,7,449,-442
107000129,103,170,-67
107000130,122,229,-107
107000131,399,377,22
107000132,415,365,50
107000133,989,159,830
107000134,279,0,279
107000135,5,237,-232
107000136,606,7,599
107000137,4,403,-399
107000138,373,11,362
107000139,15,345,-330
107000140,947,66,881
107000141,95,922,-827
107000142,188,57,131
107000143,38,1162,-1124
107000144,264,343,-79
107000145,110,724,-614
107000146,141,292,-151
107000147,3155,705,2450
107000150,1082,2891,-1809
107000151,60,52,8
107000152,535,530,5
107000153,338,334,4
107000154,145,85,60
107000155,530,48,482
107000156,919,43,876
107000157,48,3031,-2983
107000158,232,21,211
107000159,23,1572,-1549
107000160,364,119,245
107000161,62,2540,-2478
107000162,143,284,-141
107000163,6,1,5
107000164,100,0,100
107000165,353,3,350
107000166,59,1745,-1686
107000167,269,276,-7
107000168,472,266,206
107000169,1010,1202,-192
107000170,945,479,466
107000171,654,3637,-2983
107000172,449,612,-163
107000173,707,1617,-910
107000174,1054,2889,-1835
107000175,12758,2040,10718
107000176,0,0,0
107000177,0,0,0
107000178,5,82,-77
107000179,207,3637,-3430
107000180,596,426,170
107000181,297,1626,-1329
107000182,963,1138,-175
107000183,92,1243,-1151
107000184,429,942,-513
107000185,479,1733,-1254
107000186,679,407,272
107000187,1079,1401,-322
107000188,483,471,12
107000189,276,970,-694
107000190,377,833,-456
107000191,471,869,-398
107000192,1259,1025,234
107000193,369,403,-34
107000194,977,963,14
107000197,398,301,97
107000198,241,869,-628
107000199,692,1022,-330
107000200,1117,578,539
107000201,294,310,-16
107000202,158,560,-402
107000203,876,643,233
107000204,969,777,192
107000205,3202,1478,1724
107000206,990,1136,-146
107000207,815,1054,-239
107000208,1718,381,1337
107000209,2779,545,2234
107000210,1679,288,1391
107000211,5,13,-8
107000212,52,277,-225
107000213,21,21,0
107000214,16,151,-135
107000215,336,566,-230
107000216,160,570,-410
107000217,75,167,-92
107000219,50,165,-115
107000220,76,374,-298
107000222,284,929,-645
107000224,343,56,287
107000225,194,1076,-882
107000226,193,52,141
107000227,109,691,-582
107000228,90,125,-35
107000229,219,159,60
107000230,949,598,351
107000231,948,443,505
107000232,40,61,-21
107000233,660,334,326
107000234,1,19,-18
107000235,52,7,45
107000236,26,998,-972
107000237,4,0,4
107000238,55,0,55
107000239,6482,505,5977
107000240,45,1415,-1370
107000241,126,26,100
107000242,750,70,680
107000243,0,45,-45
107000244,3,90,-87
107000246,3,1420,-1417
107000249,2,1053,-1051
107000251,3,350,-347
107000252,7,1684,-1677
107000255,761,89,672
107000257,1,702,-701
107000258,2,177,-175
107000259,4,314,-310
107000260,156,2,154
107000262,22,1137,-1115
107000263,117,1,116
107000266,2,1,1
107000267,77,193,-116
107000268,157,237,-80
107000269,177,31,146
107000270,1,10,-9
107000271,10,1323,-1313
107000272,6,294,-288
107000273,6,264,-258
107000274,3059,293,2766
107000275,147,909,-762
107000280,289,16,273
107000281,13,1345,-1332
107000282,17,1867,-1850
107000290,2,49,-47
107000291,7,17,-10
107000292,2,48,-46
107000293,136,3,133
107000294,1,57,-56
107000295,49,0,49
107000296,1,22,-21
107000444,217,8,209
107000496,1,22,-21
107000497,1436,3844,-2408
107000500,326,416,-90
107000501,108,166,-58
107000502,169,454,-285
107000505,566,868,-302
107000506,0,25,-25
107000508,3,849,-846
107000509,209,847,-638
107000510,17,30,-13
107000514,16,290,-274
107000515,27,461,-434
107000516,131,192,-61
107000518,477,440,37
107000519,4349,1247,3102
107000520,43,10,33
107900001,86,339,-253
107900002,24,2,22
107900003,93,9,84
107900004,40,1,39
107900005,295,6,289
107900006,89,1,88
107900007,117,16,101
107900008,23,62,-39
107900009,132,3,129
107900010,8,0,8
107900012,213,4,209
107900013,192,111,81
107900014,7,5,2
107900015,312,4,308
107900016,646,117,529
107900017,11,3,8
107900018,30,41,-11
107900019,7,108,-101
107900020,91,8,83
107900021,19,189,-170
107900023,0,3,-3
107900024,0,32,-32
107900025,203,412,-209
107900026,11,116,-105
107900027,43,119,-76
107900028,21,115,-94
107900030,122,9,113
107900031,44,279,-235
107900032,3,5,-2
107900033,9,7,2
107900034,189,6,183
107900035,442,12,430
107900036,26,12,14
107900037,0,56,-56
107900038,212,112,100
107900039,8,73,-65
107900040,76,57,19
107900041,0,0,0
107900043,52,142,-90
107900044,13,4,9
107900045,17,19,-2
107900046,41,25,16
107900047,9,116,-107
107900048,69,4,65
107900049,324,1840,-1516
107900050,101,430,-329
107900051,42,111,-69
107900052,21,15,6
107900053,14,95,-81
107900055,478,211,267
107900056,88,17,71
107900057,0,0,0
107900058,24,976,-952
107900060,9,56,-47
107900061,17,4,13
107900063,116,118,-2
107900064,246,23,223
107900065,113,68,45
107900066,2,8,-6
107900067,1,0,1
107900068,107,318,-211
107900069,27,599,-572
107900070,50,23,27
107900071,15,1484,-1469
107900072,43,279,-236
107900073,53,158,-105
107900074,1141,123,1018
107900076,65,87,-22
107900077,35,4,31
107900078,245,14,231
107900079,4,12,-8
107900080,138,202,-64
107900081,12,118,-106
107900082,27,12,15
107900083,197,105,92
107900084,67,129,-62
107900086,28,48,-20
107900087,443,50,393
107900088,14,6,8
107900089,349,1134,-785
107900090,451,1002,-551
107900091,130,618,-488
107900092,2458,532,1926
107900093,49,56,-7
107900095,3416,1260,2156
107900097,20,70,-50
107900098,53,86,-33
107900100,1108,510,598
107900101,1206,128,1078
107900102,15,0,15
107900103,39,179,-140
107900104,151,0,151
107900105,0,667,-667
107900106,4,1948,-1944
107900107,2046,198,1848
107900108,321,84,237
107900109,427,4,423
107900110,9,103,-94
107900111,10,1474,-1464
107900112,114,245,-131
107900113,44,136,-92
107900114,48,318,-270
107900115,2,96,-94
107900116,52,278,-226
107900117,261,436,-175
107900118,58,180,-122
107900119,33,166,-133
107900120,46,11,35
107900121,0,124,-124
107900122,3,80,-77
107900123,0,21,-21
107900124,18,73,-55
107900125,32,211,-179
107900126,3,20,-17
107900127,698,86,612
107900128,146,44,102
107900129,18,35,-17
107900130,25,29,-4
107900131,295,29,266
107900132,108,535,-427
107900133,3,92,-89
107900134,11,13,-2
107900135,6,238,-232
107900136,50,27,23
107900137,73,91,-18
107900138,15,27,-12
107900139,10,41,-31
107900140,98,90,8
107900141,54,17,37
107900142,65,1253,-1188
107900143,46,73,-27
107900144,0,176,-176
107900145,14,126,-112
107900146,56,122,-66
107900147,37,27,10
107900148,111,230,-119
107900149,2014,116,1898
107900150,55,799,-744
107900151,5,142,-137
107900152,21,433,-412
107900153,120,171,-51
107900154,50,21,29
107900155,20,36,-16
107900156,5,497,-492
107900157,32,97,-65
107900158,206,12,194
107900159,31,1255,-1224
107900160,29,200,-171
107900161,9,329,-320
107900162,0,324,-324
107900163,125,28,97
107900164,1,10,-9
107900165,12,33,-21
107900166,6,359,-353
107900167,18,12,6
107900168,8,38,-30
107900169,0,171,-171
107900171,11,2023,-2012
107900172,1,419,-418
107900173,7,250,-243
107900174,19,6,13
107900175,11,18,-7
107900176,9,23,-14
107900177,2,308,-306
107900178,0,303,-303
107900179,3,156,-153
107900180,1161,192,969
107900181,439,423,16
107900182,5,1898,-1893
107900183,19,538,-519
107900184,48,311,-263
107900185,21,2,19
107900186,15,30,-15
107900187,1,158,-157
107900188,855,104,751
107900189,9,140,-131
107900190,98,62,36
107900191,41,201,-160
107900193,11,45,-34
107900194,200,10,190
107900195,4999,539,4460
107900196,28,80,-52
107900197,449,82,367
107900199,3,1243,-1240
107900201,50,155,-105
107900203,32,97,-65
107900204,289,268,21
107900205,179,505,-326
107900206,379,169,210
107900207,2,567,-565
107900208,6,1092,-1086
107900209,418,121,297
107900210,85,173,-88
107900213,595,489,106
107900214,14,161,-147
107900215,215,309,-94
107900216,90,55,35
107900217,17,57,-40
107900218,8,1528,-1520
107900219,17,196,-179
107900220,190,112,78
107900221,225,252,-27
107900223,45,667,-622
107900224,155,319,-164
107900225,6,949,-943
107900226,37,142,-105
107900227,84,534,-450
107900228,12,152,-140
107900229,4,419,-415
107900230,3,183,-180
107900231,4,242,-238
107900232,30,283,-253
107900233,5,208,-203
107900234,29,199,-170
107900235,32,126,-94
107900236,37,114,-77
107900237,134,598,-464
107900238,8,116,-108
107900239,1312,368,944
107900240,2,221,-219
107900241,9,146,-137
107900242,7,454,-447
107900243,0,59,-59
107900244,93,1,92
107900245,171,34,137
107900246,83,3,80
107900248,188,805,-617
107900249,231,2,229
107900250,1,635,-634
107900251,47,1336,-1289
107900252,407,10,397
107900253,43,3,40
107900254,81,470,-389
107900255,431,107,324
107900256,2142,743,1399
107900257,85,70,15
107900258,76,257,-181
107900259,98,665,-567
107900261,8,728,-720
107900262,20,97,-77
107900264,76,1,75
107900265,103,255,-152
107900267,40,15,25
107900268,69,4,65
107900269,0,5,-5
107900270,0,0,0
107900271,3,6,-3
107900272,152,2,150
107900273,22,91,-69
107900274,27,1,26
107900275,3,0,3
107900276,0,82,-82
107900277,2,230,-228
107900278,134,431,-297
107900279,177,95,82
107900280,2308,1314,994
107900281,3952,871,3081
107900282,23,190,-167
107900283,1587,393,1194
107900284,131,1028,-897
107900285,66,159,-93
107900286,123,54,69
107900287,83,168,-85
107900290,1,46,-45
107900291,270,20,250
107900292,91,342,-251
107900293,20,645,-625
107900295,40,184,-144
107900297,0,407,-407
107900298,764,1021,-257
107900299,4696,1394,3302
107900300,27,173,-146
107900301,428,213,215
107900302,50,17,33
107900303,31,301,-270
107900304,110,777,-667
107900305,169,7,162
107900306,50,14,36
107900307,54,355,-301
107900308,141,33,108
107900309,12,1,11
107900310,0,0,0
107900311,174,75,99
107900312,0,0,0
107900313,2,55,-53
107900314,0,49,-49
107900315,2,61,-59
107900316,32,2,30
107900317,35,2,33
107900318,2,161,-159
107900319,4,356,-352
107900320,1,161,-160
107900321,30,4,26
107900322,7,312,-305
107900323,10,163,-153
107900324,88,2,86
107900325,27,0,27
107900326,161,447,-286
107900327,0,1,-1
107900328,0,0,0
107900329,0,0,0
107900330,9,630,-621
107900331,79,33,46
107900332,75,19,56
107900333,32,9,23
107900334,16,312,-296
107900335,55,63,-8
107900336,15,33,-18
107900337,1779,485,1294
107900338,0,162,-162
107900339,1,28,-27
107900340,0,72,-72
107900341,25,0,25
107900342,50,177,-127
107900343,37,1,36
107900344,0,100,-100
107900345,54,25,29
107900346,32,3,29
107900347,14,2,12
107900348,12,4,8
107900349,10,4,6
107900350,45,342,-297
108000001,2148,2797,-649
108000002,2658,3984,-1326
108000003,2818,1520,1298
108000004,18721,18351,370
108000005,4224,2811,1413
108000006,6129,7075,-946
108000007,3774,3191,583
108000008,5572,6847,-1275
108000009,2318,2748,-430
108000010,2997,6030,-3033
108000011,9513,7166,2347
108000012,19938,18296,1642
108000014,614,552,62
108000015,392,346,46
108000016,164,691,-527
108000017,508,415,93
108000018,1007,444,563
108000019,1958,527,1431
108000020,1066,436,630
108000021,504,1831,-1327
108000022,544,1819,-1275
108000023,832,156,676
108000024,118,848,-730
108000025,180,234,-54
108000026,225,803,-578
108000027,278,562,-284
108000028,146,291,-145
108000029,158,700,-542
108000030,393,252,141
108000031,264,662,-398
108000032,644,504,140
108000033,372,1512,-1140
108000034,978,443,535
108000035,975,3003,-2028
108000036,307,1646,-1339
108000037,1067,385,682
108000038,1302,419,883
108000039,442,3011,-2569
108000040,905,643,262
108000041,860,3484,-2624
108000042,78,275,-197
108000043,89,343,-254
108000044,180,194,-14
108000045,168,826,-658
108000046,733,282,451
108000047,387,1471,-1084
108000048,126,581,-455
108000049,347,232,115
108000050,114,556,-442
108000051,185,76,109
108000052,305,874,-569
108000053,188,115,73
108000054,522,1191,-669
108000055,753,276,477
108000056,899,1126,-227
108000057,501,722,-221
108000058,2064,2177,-113
108000059,3953,2117,1836
108000060,116,312,-196
108000061,200,368,-168
108000062,339,381,-42
108000063,307,871,-564
108000064,109,250,-141
108000065,424,913,-489
108000066,1604,653,951
108000067,1254,476,778
108000068,437,289,148
108000069,178,1408,-1230
108000070,1004,590,414
108000071,570,2370,-1800
108000072,931,839,92
108000073,1488,2543,-1055
108000074,254,324,-70
108000075,316,1007,-691
108000076,451,364,87
108000077,690,948,-258
108000078,1427,1078,349
108000079,1018,2198,-1180
108000080,531,461,70
108000081,543,3268,-2725
108000082,1106,1907,-801
108000083,1331,547,784
108000084,419,1589,-1170
108000085,318,310,8
108000086,1016,1133,-117
108000087,160,1083,-923
108000088,88,7,81
108000089,262,352,-90
108000090,217,136,81
108000091,89,632,-543
108000092,68,104,-36
108000093,93,1082,-989
108000094,376,94,282
108000095,152,570,-418
108000096,134,170,-36
108000097,62,734,-672
108000098,634,1724,-1090
108000099,148,109,39
108000100,18,179,-161
108000101,770,852,-82
108000102,1072,1732,-660
108000106,733,0,733
108000107,3,741,-738
108000108,467,33,434
108000109,11,997,-986
108000110,92,205,-113
108000111,108,775,-667
108000112,34,81,-47
108000113,683,495,188
108000115,581,392,189
108000117,1145,395,750
108000118,89,96,-7
108000119,761,597,164
108000120,120,582,-462
108000121,152,639,-487
108000122,252,319,-67
108000123,415,338,77
108000124,218,662,-444
108000125,99,466,-367
108000126,68,743,-675
108000127,191,496,-305
108000128,190,1022,-832
108000129,155,1678,-1523
108000130,124,431,-307
108000131,488,178,310
108000132,1692,1443,249
108000133,388,311,77
108000134,777,868,-91
108000135,448,256,192
108000136,851,1294,-443
108000137,164,428,-264
108000138,229,1186,-957
108000139,121,425,-304
108000140,17,24,-7
108000141,9,210,-201
108000142,27,130,-103
108000143,14,23,-9
108000144,19,18,1
108000145,26,39,-13
108000146,32,9,23
108000147,50,52,-2
108000148,21,5,16
108000149,31,27,4
108000150,17,2,15
108000151,43,6,37
108000152,53,645,-592
108000153,144,106,38
108000154,19,6,13
108000155,11,13,-2
108000156,387,102,285
108000157,177,356,-179
108000158,66,404,-338
108000159,684,116,568
108000160,6080,763,5317
108000161,5610,1371,4239
108000165,1,98,-97
108000172,3,134,-131
108000173,3524,1283,2241
108000175,79,78,1
108000178,436,418,18
108000179,219,597,-378
108000181,24,36,-12
108000182,155,9,146
108000183,32,26,6
108000184,1300,1238,62
108000185,59,740,-681
108000186,35,49,-14
108000187,69,939,-870
108000188,173,322,-149
108000189,450,586,-136
108000190,33,106,-73
108000192,79,810,-731
108000193,699,47,652
108000194,27,15,12
108000195,1,1479,-1478
108000196,147,144,3
108000198,301,385,-84
108000199,0,148,-148
108000200,177,908,-731
108000202,3,182,-179
108000203,44,1116,-1072
108000204,40,17,23
108000205,528,662,-134
108000339,1815,248,1567
108000364,188,172,16
108000365,27,462,-435
108000367,87,488,-401
108000368,20,42,-22
108000369,1370,69,1301
108000371,3,747,-744
108000372,303,1,302
108000373,95,174,-79
108000376,55,29,26
108000377,226,378,-152
108000378,8932,7034,1898
108000379,34,156,-122
108000381,27,9,18
108000382,42,0,42
108000383,0,76,-76
108900001,175,1317,-1142
108900002,234,59,175
108900003,450,1152,-702
108900004,56,139,-83
108900005,34,74,-40
108900006,349,197,152
108900007,65,204,-139
108900008,40,164,-124
108900009,16,105,-89
108900010,79,195,-116
108900011,195,409,-214
108900012,149,514,-365
108900013,62,318,-256
108900014,3,81,-78
108900015,0,24,-24
108900016,0,245,-245
108900017,133,181,-48
108900018,82,746,-664
108900019,49,1548,-1499
108900020,22,358,-336
108900021,78,351,-273
108900022,62,5,57
108900023,0,27,-27
108900024,6,209,-203
108900025,25,140,-115
108900026,21,89,-68
108900027,0,158,-158
108900028,43,617,-574
108900029,45,235,-190
108900030,0,94,-94
108900031,52,757,-705
108900032,4,326,-322
108900033,0,147,-147
108900034,0,415,-415
108900035,184,2102,-1918
108900036,211,506,-295
108900037,17,619,-602
108900038,1,475,-474
108900039,1,690,-689
108900040,3,161,-158
108900041,6912,1867,5045
108900042,4,290,-286
108900043,47,580,-533
108900044,5,842,-837
108900045,10,747,-737
108900046,47,1437,-1390
108900047,0,71,-71
108900048,65,1299,-1234
108900049,6398,699,5699
108900050,3,348,-345
108900051,3,353,-350
108900052,10,428,-418
108900053,87,119,-32
108900054,36,275,-239
108900055,76,600,-524
108900056,0,244,-244
108900057,1,293,-292
108900058,12,700,-688
108900059,160,18,142
108900060,37,106,-69
108900061,26,18,8
108900062,2,404,-402
108900063,4,587,-583
108900064,46,88,-42
108900065,6,377,-371
108900066,107,103,4
108900067,72,255,-183
108900068,0,180,-180
108900069,21,183,-162
108900070,29,243,-214
108900071,63,62,1
108900072,3097,324,2773
108900073,2,104,-102
108900074,45,633,-588
108900075,52,101,-49
108900076,99,55,44
108900077,136,142,-6
108900078,7,297,-290
108900079,934,314,620
108900080,23,356,-333
108900081,46,299,-253
108900082,33,126,-93
108900083,17,182,-165
108900084,402,141,261
108900085,2177,155,2022
108900086,30,467,-437
108900087,127,279,-152
108900088,588,231,357
108900089,9,80,-71
108900090,16,653,-637
108900091,159,155,4
108900092,288,232,56
108900093,58,35,23
108900094,180,78,102
108900095,56,765,-709
108900096,562,51,511
108900097,257,261,-4
108900098,4210,401,3809
108900099,243,463,-220
108900100,38,192,-154
108900101,103,41,62
108900102,190,369,-179
108900103,23,74,-51
108900104,212,312,-100
108900105,2,501,-499
108900106,128,671,-543
108900108,129,74,55
108900109,4,18,-14
108900110,70,686,-616
108900111,164,918,-754
108900112,83,27,56
108900113,41,16,25
108900114,3,5,-2
108900115,57,45,12
108900116,19,16,3
108900117,35,33,2
108900118,258,5,253
108900119,108,38,70
108900120,63,121,-58
108900121,249,36,213
108900122,45,36,9
108900123,51,37,14
108900124,178,76,102
108900125,105,2,103
108900126,40,10,30
108900127,56,40,16
108900128,49,8,41
108900129,345,76,269
108900130,99,0,99
108900131,178,2,176
108900132,232,75,157
108900133,140,49,91
108900134,68,235,-167
108900135,74,1,73
108900136,0,0,0
108900137,46,0,46
108900138,223,34,189
108900139,281,79,202
108900140,56,308,-252
108900141,94,13,81
108900142,34,3,31
108900143,12,0,12
108900144,17,0,17
108900145,60,2,58
108900146,43,1,42
108900147,64,0,64
108900148,106,31,75
108900149,564,360,204
108900150,119,4,115
108900151,35,1,34
108900152,48,41,7
108900153,63,684,-621
108900154,2960,355,2605
108900155,127,106,21
108900156,30,3,27
108900157,10,792,-782
108900158,97,33,64
108900159,5,434,-429
108900160,12,324,-312
108900161,6,644,-638
108900162,28,1,27
108900163,12,169,-157
108900164,44,83,-39
108900165,315,73,242
108900167,1859,2144,-285
108900168,11908,1810,10098
108900169,26,162,-136
108900171,10884,1473,9411
108900172,151,40,111
108900173,202,482,-280
108900174,275,538,-263
108900176,115,681,-566
108900177,10667,2599,8068
108900178,6408,1600,4808
108900179,441,724,-283
108900180,58,147,-89
108900182,19,150,-131
108900183,323,332,-9
108900184,220,212,8
108900185,45,338,-293
108900186,49,413,-364
108900187,119,54,65
108900188,214,50,164
108900189,266,155,111
108900190,28,3783,-3755
108900191,134,16,118
108900192,106,304,-198
108900193,350,40,310
108900194,33,419,-386
108900195,52,332,-280
108900196,20,712,-692
108900198,6,777,-771
108900199,142,360,-218
108900200,187,363,-176
108900201,265,1308,-1043
108900203,251,9,242
108900204,171,1,170
108900205,121,4,117
108900206,138,9,129
108900207,95,36,59
108900208,22,402,-380
108900209,213,662,-449
108900210,170,256,-86
108900211,131,284,-153
108900212,810,699,111
108900215,116,707,-591
108900216,456,79,377
108900217,24,1,23
108900218,98,2,96
108900219,89,2,87
108900220,27,10,17
108900221,31,51,-20
108900222,78,5,73
108900223,15,48,-33
108900224,30,107,-77
108900225,1,149,-148
108900226,86,5,81
108900227,79,86,-7
108900230,564,390,174
108900231,81,292,-211
108900232,0,575,-575
108900233,281,38,243
108900234,220,45,175
108900235,172,787,-615
108900236,37,456,-419
108900237,45,363,-318
108900240,71,111,-40
108900241,22,18,4
108900245,4,612,-608
108900249,50,14,36
108900250,405,429,-24
108900257,59,890,-831
108900258,9,341,-332
108900259,28,79,-51
108900260,6,121,-115
108900261,94,153,-59
108900262,352,118,234
108900263,35,401,-366
108900264,353,306,47
108900265,1995,246,1749
108900266,1432,211,1221
108900267,0,52,-52
108900268,2,1,1
108900269,15,7,8
108900270,12,8,4
108900271,8,8,0
108900272,82,4,78
108900273,999,399,600
108900274,12,53,-41
109000001,2966,864,2102
109000002,3358,1567,1791
109000003,1775,479,1296
109000004,489,3208,-2719
109000005,1379,766,613
109000006,728,2473,-1745
109000007,795,670,125
109000008,394,2276,-1882
109000009,2782,1072,1710
109000010,1346,4439,-3093
109000011,1833,1448,385
109000012,1713,4542,-2829
109000013,2232,1689,543
109000014,1460,4452,-2992
109000015,2780,3353,-573
109000016,11675,4854,6821
109000017,1530,1130,400
109000018,776,3896,-3120
109000019,1751,881,870
109000020,1133,2583,-1450
109000023,179,15,164
109000024,4,144,-140
109000025,359,294,65
109000026,787,365,422
109000027,66,223,-157
109000028,61,118,-57
109000029,152,99,53
109000030,108,757,-649
109000031,99,71,28
109000032,82,612,-530
109000033,205,75,130
109000034,27,38,-11
109000035,14,38,-24
109000036,112,407,-295
109000037,225,655,-430
109000038,538,315,223
109000039,656,335,321
109000040,6369,3272,3097
109000041,6333,1083,5250
109000042,1043,1097,-54
109000044,207,74,133
109000045,74,498,-424
109000046,168,92,76
109000047,52,574,-522
109000048,817,113,704
109000049,225,710,-485
109000050,279,187,92
109000051,310,350,-40
109000052,353,2154,-1801
109000053,94,64,30
109000054,445,872,-427
109000055,154,181,-27
109000056,279,735,-456
109000057,301,229,72
109000058,814,242,572
109000059,524,861,-337
109000060,512,187,325
109000061,1905,537,1368
109000062,156,217,-61
109000063,190,306,-116
109000064,125,196,-71
109000065,92,547,-455
109000066,189,198,-9
109000067,22,423,-401
109000068,258,9,249
109000069,455,20,435
109000070,5,917,-912
109000071,297,113,184
109000072,46,401,-355
109000073,43,91,-48
109000074,19,305,-286
109000075,65,510,-445
109000076,27,133,-106
109000077,393,351,42
109000078,20,92,-72
109000079,64,262,-198
109000080,43,147,-104
109000081,56,682,-626
109000082,175,413,-238
109000083,158,937,-779
109000088,133,522,-389
109000089,221,13,208
109000090,169,558,-389
109000091,180,76,104
109000092,419,758,-339
109000093,131,112,19
109000094,136,1,135
109000095,66,897,-831
109000096,315,118,197
109000097,90,95,-5
109000098,33,59,-26
109000099,511,354,157
109000100,130,583,-453
109000101,805,929,-124
109000102,228,973,-745
109000103,287,727,-440
109000104,835,666,169
109000105,320,1846,-1526
109000106,1186,653,533
109000107,453,2484,-2031
109000108,1006,523,483
109000109,368,2457,-2089
109000110,1094,390,704
109000111,974,2997,-2023
109000112,247,185,62
109000113,135,220,-85
109000114,151,335,-184
109000115,1061,39,1022
109000116,7,228,-221
109000117,104,154,-50
109000118,9,383,-374
109000119,462,421,41
109000120,140,1448,-1308
109000121,176,72,104
109000122,64,1432,-1368
109000123,15,119,-104
109000124,260,400,-140
109000125,436,397,39
109000126,219,1235,-1016
109000127,356,177,179
109000128,352,3161,-2809
109000129,1124,418,706
109000130,516,3310,-2794
109000131,591,220,371
109000132,636,2121,-1485
109000133,271,1136,-865
109000134,609,1699,-1090
109000135,1229,1283,-54
109000136,199,583,-384
109000137,161,310,-149
109000138,300,698,-398
109000139,281,511,-230
109000140,88,634,-546
109000141,173,509,-336
109000142,91,588,-497
109000143,47,49,-2
109000145,44,103,-59
109000146,22,120,-98
109000148,5148,1251,3897
109000149,25,36,-11
109000150,50,147,-97
109000155,298,521,-223
109000156,1218,1087,131
109000158,214,282,-68
109000159,162,780,-618
109000160,444,384,60
109000161,202,1817,-1615
109000162,1291,1193,98
109000163,584,2231,-1647
109000164,813,2989,-2176
109000165,822,790,32
109000166,332,155,177
109000167,66,1082,-1016
109000170,51,54,-3
109000171,44,42,2
109000172,38,51,-13
109000173,13,48,-35
109000174,50,62,-12
109000175,27,136,-109
109000176,129,325,-196
109000177,9,168,-159
109000178,140,103,37
109000179,9150,2372,6778
109000180,6393,2984,3409
109000181,4,44,-40
109000182,22,51,-29
109000183,12,66,-54
109000184,13,16,-3
109000185,14,87,-73
109000188,520,3319,-2799
109000189,2169,991,1178
109000190,367,586,-219
109000191,213,711,-498
109000192,115,335,-220
109000193,84,520,-436
109000194,48,169,-121
109000195,61,531,-470
109000196,123,123,0
109000197,129,646,-517
109000198,134,57,77
109000199,63,651,-588
109000206,181,38,143
109000207,72,50,22
109000208,94,48,46
109000209,137,101,36
109000210,158,515,-357
109000211,59,186,-127
109000214,178,751,-573
109000215,62,62,0
109000216,136,132,4
109000217,197,82,115
109000218,71,115,-44
109000221,226,1269,-1043
109000222,449,64,385
109000223,182,204,-22
109000224,51,445,-394
109000225,40,113,-73
109000226,30,370,-340
109000227,605,1889,-1284
109000228,3,351,-348
109000231,5,580,-575
109000232,105,577,-472
109000236,174,1004,-830
109000241,1209,1990,-781
109000242,1056,1434,-378
109000293,12,37,-25
109000361,47,285,-238
109000364,185,754,-569
109000396,4,1146,-1142
109000397,222,7,215
109000399,111,666,-555
109000400,36,244,-208
109000403,88,285,-197
109000406,131,1,130
109000407,145,322,-177
109000408,2,740,-738
109000410,534,202,332
109000411,37,15,22
109900001,54,2,52
109900002,418,16,402
109900003,55,0,55
109900004,622,258,364
109900005,10,4,6
109900006,206,304,-98
109900007,306,1077,-771
109900008,0,37,-37
109900009,71,1246,-1175
109900010,201,17,184
109900011,29,20,9
109900012,173,149,24
109900013,239,87,152
109900014,137,39,98
109900015,300,115,185
109900016,51,48,3
109900017,65,81,-16
109900018,136,148,-12
109900019,89,66,23
109900020,15,6,9
109900021,5,6,-1
109900022,49,399,-350
109900023,2,5,-3
109900024,8,0,8
109900025,3,80,-77
109900026,1,209,-208
109900027,45,13,32
109900028,3005,340,2665
109900029,8,634,-626
109900030,10,0,10
109900031,0,125,-125
109900032,6,295,-289
109900033,2,632,-630
109900034,1,0,1
109900035,10,17,-7
109900036,12,129,-117
109900037,15,681,-666
109900038,46,338,-292
109900039,0,0,0
109900040,13,798,-785
109900041,34,569,-535
109900042,28,565,-537
109900044,51,347,-296
109900045,33,35,-2
109900046,4,57,-53
109900047,349,368,-19
109900048,0,81,-81
109900049,3,23,-20
109900050,1,401,-400
109900051,0,36,-36
109900052,50,264,-214
109900053,2,658,-656
109900054,275,138,137
109900055,47,319,-272
109900056,16,75,-59
109900057,9,318,-309
109900058,0,108,-108
109900059,229,75,154
109900060,279,212,67
109900061,80,328,-248
109900062,0,339,-339
109900063,5,419,-414
109900064,225,255,-30
109900065,94,124,-30
109900066,257,1130,-873
109900067,1,607,-606
109900068,12,1,11
109900069,4,43,-39
109900070,44,364,-320
109900071,0,46,-46
109900072,10,184,-174
109900073,117,919,-802
109900074,6,52,-46
109900075,12,14,-2
109900076,17,354,-337
109900077,25,55,-30
109900078,69,327,-258
109900080,113,406,-293
109900081,26,86,-60
109900082,22,605,-583
109900083,23,67,-44
109900084,29,158,-129
109900085,141,1431,-1290
109900086,75,171,-96
109900087,271,385,-114
109900089,273,107,166
109900090,498,1470,-972
109900091,133,61,72
109900092,917,22,895
109900093,294,85,209
109900094,19,80,-61
109900095,170,272,-102
109900096,7,4,3
109900097,83,0,83
109900098,104,16,88
109900099,46,1,45
109900100,28,0,28
109900101,129,4,125
109900102,229,26,203
109900103,5,39,-34
109900104,197,1470,-1273
109900105,264,26,238
109900106,252,93,159
109900107,246,79,167
109900108,59,1086,-1027
109900109,10,240,-230
109900110,38,629,-591
109900111,274,1522,-1248
109900112,429,1132,-703
109900113,459,231,228
109900114,800,366,434
109900115,94,69,25
109900117,319,137,182
109900118,191,488,-297
109900119,610,348,262
109900120,27,6,21
109900121,280,148,132
109900122,222,5,217
109900123,1,228,-227
109900124,36,839,-803
109900125,2,287,-285
109900126,66,185,-119
109900128,86,37,49
109900130,13687,1106,12581
109900131,58,143,-85
109900132,42,238,-196
109900133,32,497,-465
109900134,56,32,24
109900135,375,57,318
109900136,60,154,-94
109900137,47,433,-386
109900138,139,454,-315
109900140,94,411,-317
109900141,114,203,-89
109900142,400,224,176
109900145,3,110,-107
109900146,294,29,265
109900148,40,55,-15
109900149,28,55,-27
109900150,4,116,-112
109900151,5,66,-61
109900152,0,17,-17
109900153,0,54,-54
109900154,4,0,4
109900155,7,7,0
109900157,47,293,-246
109900158,52,113,-61
109900159,69,17,52
109900160,74,27,47
109900161,95,56,39
109900162,57,87,-30
109900163,740,283,457
109900164,43,183,-140
109900165,125,2,123
109900166,0,232,-232
109900167,81,733,-652
109900168,71,628,-557
109900169,70,133,-63
109900170,237,510,-273
109900171,75,85,-10
109900172,82,182,-100
109900173,4986,1001,3985
109900174,29,199,-170
109900175,26,63,-37
109900176,41,224,-183
109900177,27,369,-342
109900178,3,129,-126
109900179,6,15,-9
109900180,0,3,-3
110000001,660,611,49
110000002,488,455,33
110000003,905,631,274
110000004,535,555,-20
110000005,676,1419,-743
110000006,712,404,308
110000007,91,186,-95
110000008,12,38,-26
110000009,8,55,-47
110000010,24,71,-47
110000011,20,103,-83
110000012,684,508,176
110000013,31,346,-315
110000014,633,366,267
110000015,497,519,-22
110000016,307,1180,-873
110000017,5059,277,4782
110000018,4660,604,4056
110000019,15,197,-182
110000020,605,285,320
110000021,924,404,520
110000022,882,206,676
110000023,4,152,-148
110000024,577,396,181
110000025,87,4,83
110000026,5,677,-672
110000027,646,389,257
110000028,613,702,-89
110000029,458,1109,-651
110000030,141,404,-263
110000031,143,724,-581
110000032,445,464,-19
110000033,75,126,-51
110000034,161,935,-774
110000035,305,1157,-852
110000036,474,953,-479
110000037,91,1033,-942
110000038,174,658,-484
110000039,613,1649,-1036
110000040,270,609,-339
110000041,151,898,-747
110000042,80,430,-350
110000043,515,184,331
110000044,143,128,15
110000045,1283,73,1210
110000046,3,10,-7
110000047,12,10,2
110000048,3,13,-10
110000049,8,4,4
110000050,5,22,-17
110000051,17,1,16
110000052,33,38,-5
110000053,31,6,25
110000054,135,420,-285
110000055,395,22,373
110000056,286,60,226
110000057,287,882,-595
110000058,613,789,-176
110000059,597,680,-83
110000060,463,899,-436
110000061,1087,918,169
110000062,916,845,71
110000063,23,95,-72
110000064,62,155,-93
110000065,35,88,-53
110000066,55,48,7
110000067,69,399,-330
110000068,68,590,-522
110000069,78,119,-41
110000071,54,180,-126
110000073,1,23,-22
110000075,9,104,-95
110000076,289,268,21
110000077,579,1082,-503
110000078,25,72,-47
110000080,197,829,-632
110000081,15,307,-292
110000082,2,242,-240
110000083,165,695,-530
110000084,525,446,79
110000085,3316,1592,1724
110000086,1568,822,746
110000087,7,68,-61
110000088,20,263,-243
110000089,168,187,-19
110000090,101,399,-298
110000091,2115,341,1774
110000092,38,88,-50
110000093,21,7,14
110000094,403,259,144
110000095,119,444,-325
110000096,4756,1931,2825
110000097,858,1151,-293
110000098,1510,524,986
110000099,1024,1680,-656
110000100,267,1010,-743
110000101,10,739,-729
110000102,19,38,-19
110000104,68,68,0
110000105,46,354,-308
110000106,342,165,177
110000107,431,449,-18
110000108,165,37,128
110000109,357,334,23
110000110,5906,2907,2999
110000111,9699,1908,7791
110000112,1206,291,915
110000113,882,820,62
110000114,62,262,-200
110000115,167,304,-137
110000116,17,35,-18
110000117,123,748,-625
110000118,237,318,-81
110000119,140,397,-257
110000120,220,217,3
110000121,77,293,-216
110000122,242,567,-325
110000123,314,412,-98
110000124,5,1088,-1083
110000125,639,2,637
110000126,181,13,168
110000127,352,30,322
110000128,26,2022,-1996
110000129,3,569,-566
110000130,122,112,10
110000131,161,391,-230
110000132,3,1021,-1018
110000133,46,279,-233
110000134,40,345,-305
110000135,182,49,133
110000136,34,364,-330
110000137,275,900,-625
110000138,356,1098,-742
110000139,549,1836,-1287
110000140,631,346,285
110000143,762,331,431
110000144,4819,1088,3731
110000145,1277,855,422
110000146,3700,1230,2470
110000147,260,879,-619
110000148,552,458,94
110000151,1205,572,633
110000152,918,295,623
110000153,40,65,-25
110000154,77,21,56
110000155,2640,2030,610
110000156,841,1102,-261
110000157,2468,1786,682
110000160,274,458,-184
110000161,103,588,-485
110000166,168,206,-38
110000167,480,529,-49
110000168,656,333,323
110000169,303,289,14
110000170,113,76,37
110000171,382,150,232
110000172,137,957,-820
110000173,1240,1807,-567
110000174,82,1606,-1524
110000175,270,91,179
110000176,115,255,-140
110000177,150,752,-602
110000178,661,917,-256
110000179,1719,385,1334
110000180,85,416,-331
110000181,183,461,-278
110000182,516,294,222
110000183,15369,5099,10270
110000184,681,1959,-1278
110000185,2017,787,1230
110000186,868,669,199
110000191,243,475,-232
110000192,205,1,204
110000193,414,5,409
110000194,17,1516,-1499
110000195,125,477,-352
110000196,191,594,-403
110000197,23,304,-281
110000198,111,134,-23
110000199,52,137,-85
110000200,1681,782,899
110000201,748,518,230
110000202,840,414,426
110000203,598,803,-205
110000204,5,384,-379
110000205,22,59,-37
110000206,649,2023,-1374
110000207,443,315,128
110000208,322,125,197
110000209,90,970,-880
110000210,496,676,-180
110000211,1169,797,372
110000212,241,903,-662
110000213,39,54,-15
110000214,67,97,-30
110000215,76,758,-682
110000216,37,795,-758
110000217,115,280,-165
110000218,97,624,-527
110000219,131,109,22
110000220,29,600,-571
110000221,141,99,42
110000222,20,380,-360
110000223,7,113,-106
110000224,59,15,44
110000225,158,572,-414
110000226,153,60,93
110000227,606,496,110
110000228,353,604,-251
110000229,3,296,-293
110000230,661,512,149
110000231,97,156,-59
110000232,161,242,-81
110000233,182,355,-173
110000234,945,440,505
110000235,988,1087,-99
110000236,250,1164,-914
110000237,2373,1196,1177
110000238,791,1443,-652
110000239,1089,1626,-537
110000240,3,156,-153
110000242,0,16,-16
110000243,43,194,-151
110000244,119,352,-233
110000245,39,484,-445
110000246,581,842,-261
110000247,2031,4234,-2203
110000248,3464,1533,1931
110000249,76,5,71
110000250,26,299,-273
110000251,124,496,-372
110000252,160,357,-197
110000253,945,401,544
110000254,803,1514,-711
110000255,194,1421,-1227
110000256,287,208,79
110000257,817,474,343
110000258,3,609,-606
110000259,50,28,22
110000260,7,544,-537
110000263,690,74,616
110000264,176,762,-586
110000265,1122,1831,-709
110000266,2157,1823,334
110000267,19,237,-218
110000268,215,651,-436
110000269,9,138,-129
110000270,51,2,49
110000271,2752,330,2422
110000272,832,1018,-186
110000273,3509,1442,2067
110000274,265,864,-599
110000275,3608,548,3060
110000276,171,243,-72
110000277,129,502,-373
110000278,290,976,-686
110000279,531,768,-237
110000280,196,529,-333
110000281,14,167,-153
110000282,259,83,176
110000283,49,51,-2
110000284,32,27,5
110000285,3,187,-184
110000286,30,0,30
110000287,37,4,33
110000288,3,120,-117
110000289,397,1447,-1050
110000290,1566,651,915
110000291,7425,1463,5962
110000292,1097,3455,-2358
110000293,372,1325,-953
110000294,526,943,-417
110000295,151,1071,-920
110000296,227,423,-196
110000297,3055,283,2772
110000298,271,422,-151
110000299,880,36,844
110000301,271,10,261
110000302,187,1629,-1442
110000303,353,8,345
110000304,72,320,-248
110000305,541,20,521
110000306,101,2393,-2292
110000307,612,3,609
110000308,292,6,286
110000309,12,1729,-1717
110000310,322,67,255
110000311,30,1030,-1000
110000312,550,41,509
110000313,4429,1760,2669
110000314,0,236,-236
110000315,3766,1907,1859
110000316,622,1196,-574
110000317,777,355,422
110000318,0,85,-85
110000319,1,19,-18
110000320,38,55,-17
110000321,9,45,-36
110000322,118,683,-565
110000323,296,286,10
110000324,5128,1324,3804
110000325,2379,2016,363
110000327,630,255,375
110000328,237,547,-310
110000333,685,465,220
110000334,657,1569,-912
110000335,1113,570,543
110000336,336,1487,-1151
110000337,819,562,257
110000338,124,303,-179
110000339,69,263,-194
110000340,113,199,-86
110000341,234,747,-513
110000342,600,7,593
110000343,0,21,-21
110000344,121,259,-138
110000345,181,104,77
110000346,2322,1345,977
110000347,917,726,191
110000348,3,24,-21
110000349,5,26,-21
110000350,29,4,25
110000351,446,974,-528
110000352,328,1971,-1643
110000353,3386,919,2467
110000354,789,2408,-1619
110000355,74,93,-19
110000356,505,4,501
110000357,277,33,244
110000361,11,95,-84
110000362,32,245,-213
110000363,184,148,36
110000364,163,414,-251
110000365,110,2,108
110000366,1,92,-91
110000367,347,434,-87
110000368,19,177,-158
110000369,40,0,40
110000373,4,418,-414
110000374,66,4,62
110000375,192,974,-782
110000376,35,79,-44
110000377,45,374,-329
110000378,36,321,-285
110000379,3989,1346,2643
110000380,23,10,13
110000383,4,804,-800
110000384,2719,557,2162
110000385,5,234,-229
110000387,60,6,54
110000388,26,200,-174
110000389,382,2,380
110000391,313,507,-194
110000396,77,192,-115
110000397,51,257,-206
110000398,1,33,-32
110000399,122,2,120
110000587,35,46,-11
110000589,110,174,-64
110000640,90,112,-22
110000652,7,172,-165
110000653,70,360,-290
110000654,2,28,-26
110000656,3,822,-819
110000674,16,17,-1
110000675,21,10,11
110000676,17,37,-20
110000679,500,383,117
110000682,113,138,-25
110000683,547,570,-23
110000684,2,89,-87
110000685,14,10,4
110000686,6,32,-26
110000687,86,0,86
110000688,78,467,-389
110000689,27,109,-82
110000692,91,356,-265
110000693,166,268,-102
110000694,2,144,-142
110000695,129,761,-632
110000696,125,195,-70
110900001,161,9,152
110900002,919,262,657
110900003,179,1327,-1148
110900004,124,282,-158
110900005,5658,1089,4569
110900006,23,7,16
110900007,37,11,26
110900008,15,36,-21
110900009,213,28,185
110900010,1,130,-129
110900011,11,74,-63
110900012,7,192,-185
110900013,564,181,383
110900014,121,10,111
110900015,875,220,655
110900016,8,303,-295
110900017,155,54,101
110900018,341,42,299
110900019,37,29,8
110900020,85,682,-597
110900021,59,800,-741
110900022,52,505,-453
110900023,88,616,-528
110900024,13,598,-585
110900025,2,42,-40
110900027,13,347,-334
110900028,38,207,-169
110900029,50,609,-559
110900030,23,493,-470
110900031,1,172,-171
110900032,0,116,-116
110900033,40,375,-335
110900035,33,355,-322
110900036,41,26,15
110900037,37,21,16
110900038,1731,204,1527
110900039,11,286,-275
110900040,156,31,125
110900041,15,210,-195
110900042,56,28,28
110900043,3,260,-257
110900044,235,17,218
110900045,17,960,-943
110900046,144,392,-248
110900047,848,122,726
110900049,63,35,28
110900050,4,2,2
110900051,25,188,-163
110900052,7,254,-247
110900053,39,57,-18
110900054,30,450,-420
110900055,7,0,7
110900056,89,123,-34
110900057,4,245,-241
110900058,99,292,-193
110900059,555,1025,-470
110900060,247,82,165
110900061,17,44,-27
110900062,40,338,-298
110900063,29,156,-127
110900064,3,0,3
110900065,275,79,196
110900066,10,102,-92
110900067,585,516,69
110900068,177,324,-147
110900069,3,28,-25
110900070,103,50,53
110900071,264,415,-151
110900073,0,15,-15
110900074,154,73,81
110900075,143,69,74
110900077,213,447,-234
110900078,3,158,-155
110900079,2203,492,1711
110900080,34,59,-25
110900081,1,138,-137
110900082,66,259,-193
110900083,70,61,9
110900084,8,243,-235
110900085,43,417,-374
110900086,55,143,-88
110900087,143,78,65
110900088,7,1,6
110900090,17,15,2
110900091,1,87,-86
110900093,383,50,333
110900095,11,79,-68
110900097,1,18,-17
110900098,22,85,-63
110900099,61,631,-570
110900100,0,27,-27
110900102,4,23,-19
110900105,728,472,256
110900108,4,161,-157
110900111,259,97,162
110900112,390,11,379
110900113,635,32,603
110900115,9,121,-112
110900116,322,3061,-2739
110900118,130,899,-769
110900119,6910,308,6602
110900120,5,146,-141
110900121,75,0,75
110900122,207,185,22
110900125,182,264,-82
110900127,531,611,-80
110900128,177,116,61
110900129,239,202,37
110900130,951,193,758
110900131,99,60,39
110900132,165,40,125
110900133,93,407,-314
110900135,102,662,-560
110900136,131,4,127
110900137,268,1,267
110900138,1163,402,761
110900139,20,30,-10
110900140,77,11,66
110900141,3,57,-54
110900142,42,300,-258
110900143,78,67,11
110900144,5,760,-755
110900145,79,16,63
110900146,731,46,685
110900147,203,224,-21
110900148,0,347,-347
110900149,2,110,-108
110900150,24,20,4
110900151,6,110,-104
110900152,10,432,-422
110900153,45,18,27
111000001,171,143,28
111000002,382,577,-195
111000003,540,483,57
111000004,416,1182,-766
111000005,846,710,136
111000006,858,1598,-740
111000007,4218,1549,2669
111000008,3616,3682,-66
111000009,292,914,-622
111000010,469,198,271
111000011,399,759,-360
111000012,591,226,365
111000013,349,1156,-807
111000014,896,527,369
111000017,128,607,-479
111000018,208,468,-260
111000020,2508,2490,18
111000021,84,165,-81
111000023,81,176,-95
111000025,8810,1897,6913
111000029,48,138,-90
111000030,29,141,-112
111000031,2333,785,1548
111000032,589,210,379
111000033,313,163,150
111000034,367,156,211
111000037,3745,1497,2248
111000038,3708,2923,785
111000039,1351,2763,-1412
111000040,1664,2930,-1266
111000041,1821,1953,-132
111000042,7792,3356,4436
111000043,1929,1433,496
111000044,1176,526,650
111000045,1261,1631,-370
111000046,871,1253,-382
111000047,1441,1919,-478
111000049,325,686,-361
111000050,1897,1884,13
111000051,504,1273,-769
111000052,576,1514,-938
111000053,334,1225,-891
111000054,271,1179,-908
111000055,1054,2335,-1281
111000056,122,960,-838
111000057,41,953,-912
111000058,105,184,-79
111000059,249,315,-66
111000060,2452,952,1500
111000061,361,344,17
111000062,513,265,248
111000063,1563,705,858
111000064,388,549,-161
111000065,791,759,32
111000066,206,237,-31
111000067,425,793,-368
111000068,278,755,-477
111000069,1888,2534,-646
111000070,2486,1357,1129
111000071,258,970,-712
111000072,410,231,179
111000073,137,392,-255
111000074,1364,1292,72
111000075,478,782,-304
111000076,252,869,-617
111000077,1032,1153,-121
111000078,1802,1287,515
111000079,1362,864,498
111000080,391,719,-328
111000081,2940,5593,-2653
111000082,628,800,-172
111000084,576,593,-17
111000085,665,1818,-1153
111000086,3732,1364,2368
111000087,748,1107,-359
111000088,7596,1907,5689
111000089,621,1022,-401
111000090,1489,1633,-144
111000091,614,944,-330
111000092,894,1504,-610
111000093,500,836,-336
111000094,1428,896,532
111000095,862,1630,-768
111000096,3318,5904,-2586
111000097,6773,1133,5640
111000098,450,1625,-1175
111000099,363,2987,-2624
111000100,224,2809,-2585
111000101,360,1010,-650
111000102,91,1042,-951
111000104,173,231,-58
111000107,47,1016,-969
111000109,231,199,32
111000110,1274,566,708
111000111,828,473,355
111000112,983,277,706
111000113,701,514,187
111000114,1099,1228,-129
111000115,8879,977,7902
111000116,983,815,168
111000117,482,893,-411
111000118,1798,1144,654
111000119,875,2028,-1153
111000120,304,625,-321
111000121,166,633,-467
111000122,409,1303,-894
111000123,765,4443,-3678
111000124,501,4752,-4251
111000125,174,2668,-2494
111000126,54,1219,-1165
111000127,360,199,161
111000128,734,311,423
111000129,1362,432,930
111000130,945,734,211
111000131,694,647,47
111000132,458,394,64
111000133,52,165,-113
111000134,122,142,-20
111000135,16,155,-139
111000136,185,326,-141
111000138,9,20,-11
111000140,0,2,-2
111000141,150,333,-183
111000142,27,156,-129
111000143,3,96,-93
111000144,17,97,-80
111000145,144,2,142
111000146,11,7,4
111000147,252,7,245
111000148,158,148,10
111000149,6,49,-43
111000150,5,4,1
111000151,1,18,-17
111000153,512,573,-61
111000154,712,210,502
111000155,54,183,-129
111000156,355,308,47
111000157,134,487,-353
111000158,914,505,409
111000159,3076,662,2414
111000160,178,455,-277
111000161,14,277,-263
111000162,7,221,-214
111000163,311,1008,-697
111000164,998,3014,-2016
111000165,1673,491,1182
111000166,1761,424,1337
111000167,230,629,-399
111000168,299,567,-268
111000169,259,593,-334
111000170,555,521,34
111000171,348,1287,-939
111000172,61,627,-566
111000173,137,1306,-1169
111000174,88,727,-639
111000175,26,326,-300
111000176,186,181,5
111000177,85,288,-203
111000178,479,299,180
111000179,36,188,-152
111000180,138,288,-150
111000181,419,337,82
111000182,97,210,-113
111000183,248,359,-111
111000184,259,283,-24
111000185,323,547,-224
111000186,282,343,-61
111000187,94,395,-301
111000188,127,472,-345
111000189,1836,622,1214
111000190,141,791,-650
111000191,150,628,-478
111000192,199,752,-553
111000193,331,532,-201
111000194,20,512,-492
111000195,66,559,-493
111000196,28,314,-286
111000197,112,251,-139
111000198,161,106,55
111000199,80,181,-101
111000200,109,321,-212
111000201,227,241,-14
111000202,119,185,-66
111000203,127,139,-12
111000204,154,277,-123
111000213,150,392,-242
111000214,1213,1636,-423
111000215,601,1350,-749
111000217,710,886,-176
111000218,717,917,-200
111000219,372,179,193
111000220,3692,1281,2411
111000221,669,254,415
111000224,1,251,-250
111000225,131,47,84
111000226,133,0,133
111000227,44,1,43
111000228,17,164,-147
111000229,32,312,-280
111000230,209,670,-461
111000231,445,1789,-1344
111000232,234,1300,-1066
111000233,199,746,-547
111000234,46,219,-173
111000239,195,333,-138
111000240,26,109,-83
111000241,28,542,-514
111000242,54,37,17
111000243,68,1184,-1116
111000244,132,92,40
111000245,383,721,-338
111000246,136,692,-556
111000247,89,1412,-1323
111000248,295,452,-157
111000249,374,994,-620
111000250,43,229,-186
111000251,36,179,-143
111000253,2,7,-5
111000255,3,6,-3
111000257,14,21,-7
111000260,66,1448,-1382
111000261,420,57,363
111000271,21,319,-298
111000273,7708,1598,6110
111000274,1240,2201,-961
111000275,62,88,-26
111000276,271,3161,-2890
111000277,168,581,-413
111000278,514,307,207
111000291,401,2650,-2249
111000298,265,251,14
111000299,504,107,397
111000300,86,622,-536
111000302,186,59,127
111000303,67,365,-298
111000312,95,77,18
111000315,0,70,-70
111000320,334,815,-481
111000321,234,45,189
111000322,108,665,-557
111000323,49,20,29
111000324,315,313,2
111000325,13,97,-84
111000326,39,385,-346
111000327,443,737,-294
111000328,152,422,-270
111000329,0,12,-12
111000330,12,5,7
111000331,2,12,-10
111000332,503,1166,-663
111000334,333,1812,-1479
111000335,223,131,92
111000337,239,498,-259
111000338,18,147,-129
111000339,141,882,-741
111000340,56,1094,-1038
111000341,482,192,290
111000342,51,298,-247
111000344,722,672,50
111000345,288,27,261
111000346,21,117,-96
111000347,35,4,31
111000350,117,113,4
111000351,104,271,-167
111000352,114,109,5
111000353,106,292,-186
111000354,334,123,211
111000355,473,791,-318
111000358,54,2246,-2192
111000360,108,1330,-1222
111000361,75,558,-483
111000546,209,852,-643
111000547,176,871,-695
111000548,68,202,-134
111000549,134,526,-392
111000550,68,306,-238
111000551,631,163,468
111000552,376,49,327
111000907,99,10,89
111000908,6,0,6
111000916,411,280,131
111000917,40,481,-441
111000918,97,1396,-1299
111000920,150,6,144
111000921,0,312,-312
111000922,125,415,-290
111000924,23,1468,-1445
111000925,1110,1544,-434
111000926,853,2731,-1878
111000927,2975,2743,232
111000928,6577,3753,2824
111000929,693,768,-75
111000930,549,2703,-2154
111000931,1376,1425,-49
111000932,4260,2708,1552
111000933,2847,1612,1235
111000934,2701,3081,-380
111000935,666,886,-220
111000936,615,2481,-1866
111000937,484,1040,-556
111000938,1601,2590,-989
111000939,162,37,125
111000940,221,175,46
111000941,126,701,-575
111000943,137,306,-169
111000944,67,738,-671
111000945,40,3059,-3019
111001109,214,122,92
111001110,107,795,-688
111001111,14,4,10
111001112,119,50,69
111001113,2,81,-79
111001114,1140,32,1108
111001115,38,329,-291
111001116,6281,1246,5035
111001117,748,608,140
111001120,73,424,-351
111001121,80,508,-428
111001122,65,446,-381
111001123,29,66,-37
111900001,9,202,-193
111900002,12,1111,-1099
111900003,4,554,-550
111900004,27,254,-227
111900006,4,11,-7
111900007,62,2,60
111900008,48,2,46
111900009,82,250,-168
111900010,281,719,-438
111900012,109,140,-31
111900013,3,81,-78
111900014,9846,1720,8126
111900015,3,99,-96
111900016,1,258,-257
111900017,0,200,-200
111900018,90,2,88
111900019,1,94,-93
111900020,0,44,-44
111900021,19,88,-69
111900022,6,59,-53
111900023,160,61,99
111900024,1,89,-88
111900025,0,70,-70
111900026,0,107,-107
111900027,4,247,-243
111900028,3,575,-572
111900029,5,134,-129
111900030,73,502,-429
111900031,4,118,-114
111900032,4,522,-518
111900033,7,125,-118
111900034,188,512,-324
111900035,19,289,-270
111900036,1,510,-509
111900038,368,704,-336
111900039,41,486,-445
111900040,5,916,-911
111900042,45,71,-26
111900043,5,594,-589
111900044,295,308,-13
111900046,49,363,-314
111900048,68,1202,-1134
111900049,42,407,-365
111900050,75,20,55
111900051,3,383,-380
111900052,503,821,-318
111900053,1696,389,1307
111900054,56,2,54
111900055,34,831,-797
111900056,181,114,67
111900057,33,58,-25
111900058,120,1033,-913
111900059,2487,202,2285
111900060,156,1,155
111900061,15,451,-436
111900062,11,16,-5
111900063,77,288,-211
111900064,133,379,-246
111900065,43,38,5
111900066,79,104,-25
111900067,3,384,-381
111900068,25,29,-4
111900069,36,32,4
111900070,67,211,-144
111900071,3,384,-381
111900072,36,16,20
111900073,229,76,153
111900074,8,243,-235
111900075,35,3,32
111900076,31,25,6
111900077,16,3,13
111900078,119,12,107
111900079,7,4,3
111900080,254,81,173
111900081,907,83,824
111900082,43,3,40
111900083,35,7,28
111900084,39,1,38
111900085,22,40,-18
111900086,20,0,20
111900087,19,0,19
111900088,162,5,157
111900089,29,2,27
111900090,74,23,51
111900091,82,2,80
111900092,21,0,21
111900093,142,1,141
111900094,21,0,21
111900095,107,8,99
111900096,80,0,80
111900097,11,0,11
111900098,88,0,88
111900099,8,0,8
111900100,52,2,50
111900101,41,4,37
111900102,127,964,-837
111900103,84,43,41
111900104,69,60,9
111900105,306,232,74
111900106,2284,85,2199
111900107,54,126,-72
111900108,72,55,17
111900109,439,113,326
111900110,4306,221,4085
111900111,20,245,-225
111900112,870,818,52
111900113,309,67,242
111900114,187,144,43
111900115,22,30,-8
111900118,110,24,86
111900119,139,44,95
111900122,42,21,21
111900123,8,11,-3
111900124,47,130,-83
111900125,146,8,138
111900126,80,2,78
111900127,5,908,-903
111900128,3,722,-719
111900129,54,7,47
111900130,152,5,147
111900131,110,0,110
111900132,22,1623,-1601
111900133,4,447,-443
111900134,19,446,-427
111900135,2,10,-8
111900136,51,101,-50
111900137,39,40,-1
111900138,6,108,-102
111900139,7,200,-193
111900140,27,15,12
111900141,24,5,19
111900142,42,11,31
111900143,15,221,-206
111900144,8,281,-273
111900145,5,916,-911
111900146,6,450,-444
111900147,220,710,-490
111900148,28,1241,-1213
111900149,6,662,-656
111900150,18,291,-273
111900151,7,53,-46
111900152,120,49,71
111900153,2238,230,2008
111900154,5,102,-97
111900155,83,24,59
111900156,11,19,-8
111900157,26,11,15
111900158,272,20,252
111900159,56,3,53
111900160,64,0,64
111900161,50,43,7
111900162,149,90,59
111900163,43,194,-151
111900164,54,33,21
111901113,69,268,-199
111901114,119,570,-451
111901115,19,1,18
111901116,15,2,13
111901117,6,18,-12
111901118,145,76,69
111901119,1719,110,1609
111901120,127,284,-157
111901121,198,479,-281
111901122,3,829,-826
111901123,64,630,-566
111901124,60,0,60
111901125,119,127,-8
111901126,59,12,47
111901127,1107,240,867
111901128,10,125,-115
111901129,5,154,-149
111901130,20,342,-322
111901131,0,229,-229
111901132,74,6,68
111901133,14,10,4
111901134,38,1,37
111901135,10,2,8
111901136,12,16,-4
111901137,1,18,-17
111901138,33,43,-10
111901139,23,95,-72
111901140,4,223,-219
111901141,4,329,-325
111901142,4,196,-192
111901143,1,193,-192
111901144,12,19,-7
112000001,1251,828,423
112000002,730,2844,-2114
112000003,476,783,-307
112000004,602,1967,-1365
112000005,1423,1533,-110
112000006,1448,2489,-1041
112000007,1318,1217,101
112000008,1767,2963,-1196
112000009,4549,4295,254
112000010,1762,2272,-510
112000011,2115,2847,-732
112000012,8205,1933,6272
112000013,8086,3861,4225
112000014,2977,861,2116
112000015,3271,2752,519
112000016,6906,1109,5797
112000017,2887,1613,1274
112000024,2245,844,1401
112000026,5465,6313,-848
112000027,631,431,200
112000028,1700,2110,-410
112000029,319,499,-180
112000030,207,154,53
112000031,1742,2327,-585
112000032,707,98,609
112000033,2942,1018,1924
112000034,269,73,196
112000035,153,297,-144
112000036,1200,786,414
112000037,1955,1072,883
112000038,980,1075,-95
112000039,19,80,-61
112000040,170,388,-218
112000041,466,604,-138
112000042,1108,303,805
112000050,462,1547,-1085
112000051,620,757,-137
112000054,1644,2809,-1165
112000057,742,360,382
112000058,342,434,-92
112000059,1168,594,574
112000061,6845,1739,5106
112000062,3677,691,2986
112000063,2469,787,1682
112000064,6266,6473,-207
112000065,2907,3026,-119
112000066,2755,901,1854
112000067,805,765,40
112000068,1719,1092,627
112000069,847,3197,-2350
112000070,1503,481,1022
112000071,658,3752,-3094
112000072,874,852,22
112000073,1432,1973,-541
112000074,906,746,160
112000075,785,907,-122
112000076,3323,2999,324
112000077,333,905,-572
112000078,800,845,-45
112000079,1187,1664,-477
112000080,452,1257,-805
112000081,1069,2125,-1056
112000082,800,801,-1
112000083,457,1786,-1329
112000084,763,736,27
112000085,956,1596,-640
112000086,1258,1980,-722
112000087,204,579,-375
112000088,248,915,-667
112000089,264,389,-125
112000090,192,578,-386
112000091,639,1625,-986
112000092,959,1006,-47
112000093,1351,1346,5
112000094,328,841,-513
112000095,413,867,-454
112000096,282,670,-388
112000097,449,484,-35
112000098,711,2075,-1364
112000099,424,610,-186
112000100,876,878,-2
112000101,453,1234,-781
112000102,476,501,-25
112000103,240,1757,-1517
112000105,306,2353,-2047
112000106,524,354,170
112000107,5,202,-197
112000108,143,1883,-1740
112000109,43,66,-23
112000110,867,392,475
112000111,1865,5480,-3615
112000112,6923,579,6344
112000113,1217,2743,-1526
112000114,3393,969,2424
112000115,135,646,-511
112000116,737,1210,-473
112000117,583,730,-147
112000118,936,1075,-139
112000119,376,1236,-860
112000120,147,494,-347
112000121,72,870,-798
112000122,165,211,-46
112000123,273,153,120
112000124,145,99,46
112000125,59,135,-76
112000126,91,928,-837
112000127,3742,1203,2539
112000128,1827,714,1113
112000129,60,110,-50
112000130,62,53,9
112000131,26,447,-421
112000132,63,407,-344
112000133,161,379,-218
112000134,423,440,-17
112000135,1023,607,416
112000136,1232,1415,-183
112000137,3004,1455,1549
112000138,5298,1618,3680
112000139,695,218,477
112000140,1033,1130,-97
112000141,328,180,148
112000142,157,1183,-1026
112000143,460,206,254
112000144,185,2064,-1879
112000145,1391,760,631
112000146,577,2586,-2009
112000147,1179,1675,-496
112000148,1410,2392,-982
112000149,144,855,-711
112000150,62,777,-715
112000151,217,835,-618
112000152,151,447,-296
112000153,190,338,-148
112000154,72,163,-91
112000155,75,67,8
112000157,692,509,183
112000158,174,788,-614
112000159,218,400,-182
112000167,155,28,127
112000169,331,299,32
112000173,384,304,80
112000175,237,440,-203
112000176,6280,2169,4111
112000177,254,112,142
112000178,56,726,-670
112000179,103,174,-71
112000180,173,267,-94
112000181,1129,2408,-1279
112000182,437,2703,-2266
112000183,48,46,2
112000184,141,840,-699
112000185,165,707,-542
112000187,3743,3239,504
112000195,96,15,81
112000196,108,1,107
112000197,85,98,-13
112000198,26,583,-557
112000199,97,1000,-903
112000202,152,4,148
112000216,47,160,-113
112000230,34,1,33
112000231,1,456,-455
112000256,12,121,-109
112000313,171,255,-84
112000314,10,9,1
112000337,187,625,-438
112000352,241,183,58
112000392,2555,1283,1272
112000398,634,738,-104
112000399,2534,1658,876
112000400,1943,5002,-3059
112000401,2991,3586,-595
112000402,1136,1849,-713
112000403,2445,1793,652
112000404,198,603,-405
112000405,1208,2343,-1135
112000406,3709,3768,-59
112000407,3692,6126,-2434
112000408,9814,8201,1613
112000409,1706,5841,-4135
112000410,257,142,115
112000411,6226,1264,4962
112000412,1095,394,701
112000413,12059,2165,9894
112000414,47,84,-37
112000415,79,59,20
112000416,1368,1235,133
112000417,136,82,54
112000421,36,158,-122
112000422,200,649,-449
112000424,2619,1381,1238
112000425,261,1185,-924
112000426,68,278,-210
112000427,0,13,-13
112000428,76,512,-436
112000429,1841,3141,-1300
112000430,1901,3267,-1366
112000431,36,89,-53
112000432,530,2469,-1939
112000433,806,677,129
112000437,33,395,-362
112900001,47,1,46
112900002,147,1614,-1467
112900003,5,351,-346
112900004,33,605,-572
112900005,75,282,-207
112900006,7,584,-577
112900007,21,325,-304
112900008,0,8,-8
112900009,489,97,392
112900010,149,967,-818
112900011,362,309,53
112900012,0,49,-49
112900013,0,181,-181
112900014,4,367,-363
112900015,409,1201,-792
112900016,1,388,-387
112900017,23,259,-236
112900018,0,435,-435
112900019,86,198,-112
112900020,590,1890,-1300
112900021,0,295,-295
112900022,6,102,-96
112900023,2,352,-350
112900024,31,262,-231
112900025,94,257,-163
112900026,6,374,-368
112900027,8,1688,-1680
112900028,19,139,-120
112900029,19,907,-888
112900030,301,247,54
112900031,2,692,-690
112900032,114,218,-104
112900034,3,61,-58
112900035,6,647,-641
112900036,32,162,-130
112900037,182,89,93
112900038,271,144,127
112900039,10,411,-401
112900040,3,451,-448
112900041,1706,901,805
112900042,53,432,-379
112900043,9,52,-43
112900044,559,421,138
112900045,657,410,247
112900046,285,77,208
112900047,23,19,4
112900049,53,90,-37
112900050,71,741,-670
112900051,317,922,-605
112900052,4,1210,-1206
112900053,334,123,211
112900054,339,26,313
112900055,186,17,169
112900056,220,113,107
112900057,5,905,-900
112900058,348,145,203
112900059,77,154,-77
112900060,14,357,-343
112900061,69,169,-100
112900062,67,183,-116
112900063,67,2,65
112900064,174,139,35
112900065,44,12,32
112900066,172,73,99
112900067,708,132,576
112900068,26,10,16
112900069,3062,424,2638
112900071,8,2,6
112900072,199,741,-542
112900073,358,32,326
112900074,24,77,-53
112900075,2716,412,2304
112900076,52,19,33
112900078,129,207,-78
112900079,129,6,123
112900080,29,0,29
112900081,20,105,-85
112900082,276,5,271
112900083,47,36,11
112900084,71,47,24
112900085,0,8,-8
112900086,12,0,12
112900087,311,89,222
112900088,33,6,27
112900089,416,10,406
112900090,9,23,-14
112900091,63,3,60
112900092,146,96,50
112900093,1062,3,1059
112900094,13,0,13
112900095,6,0,6
112900096,217,81,136
112900097,26,478,-452
112900098,123,0,123
112900099,314,8,306
112900100,8,2,6
112900101,121,1,120
112900102,133,4,129
112900103,66,5,61
112900104,1,0,1
112900105,2,0,2
112900106,224,107,117
112900107,2,0,2
112900108,80,0,80
112900109,28,0,28
112900110,319,10,309
112900111,211,0,211
112900112,88,1,87
112900113,0,13,-13
112900114,24,43,-19
112900115,272,3,269
112900116,31,60,-29
112900117,101,120,-19
112900118,25,96,-71
112900119,76,0,76
112900120,768,228,540
112900121,296,227,69
112900122,16,212,-196
112900123,165,10,155
112900124,7,191,-184
112900125,72,376,-304
112900126,185,321,-136
112900127,137,44,93
112900128,605,840,-235
112900129,4,1211,-1207
112900130,127,79,48
112900131,45,260,-215
112900132,67,429,-362
112900133,14,1587,-1573
112900134,0,388,-388
112900135,49,10,39
112900136,0,42,-42
112900137,5,879,-874
112900138,13,595,-582
112900139,209,1768,-1559
112900140,0,109,-109
112900141,304,64,240
112900142,87,43,44
112900143,57,844,-787
112900144,3,346,-343
112900145,53,597,-544
112900146,6,1956,-1950
112900147,6,3201,-3195
112900148,21,0,21
112900149,136,372,-236
112900151,32,36,-4
112900152,6097,1383,4714
112900153,1654,945,709
112900154,0,82,-82
112900155,117,8,109
112900156,112,2370,-2258
112900157,41,11,30
112900158,13,30,-17
112900159,139,30,109
112900160,25,252,-227
112900161,32,56,-24
112900162,51,11,40
112900163,117,20,97
112900164,21,100,-79
112900165,112,42,70
112900166,7,38,-31
112900167,13,11,2
112900168,3,0,3
112900169,3,4,-1
112900170,49,110,-61
112900172,79,8,71
112900173,392,89,303
112900174,195,25,170
112900175,168,86,82
112900176,2,11,-9
112900177,91,15,76
112900178,453,1058,-605
112900179,14,685,-671
112900180,987,3181,-2194
112900181,232,0,232
112900182,27,1901,-1874
112900183,113,188,-75
112900184,443,360,83
112900185,474,367,107
112900186,2228,597,1631
112900187,60,228,-168
112900188,881,309,572
112900189,25,27,-2
112900190,4,53,-49
112900192,429,202,227
112900193,1088,213,875
112900194,50,108,-58
112900195,427,11,416
112900196,246,660,-414
112900197,147,500,-353
112900199,231,836,-605
112900200,216,332,-116
112900201,41,101,-60
112900202,124,1256,-1132
112900203,69,439,-370
112900204,830,398,432
112900205,0,7,-7
112900206,3,67,-64
112900207,5,0,5
112900208,68,82,-14
112900209,368,475,-107
112900210,1,17,-16
112900211,48,145,-97
112900212,0,77,-77
112900213,3,7,-4
112900214,21,1,20
112900215,4,269,-265
112900216,28,48,-20
112900217,0,50,-50
112900218,26,8,18
112900219,16,20,-4
112900220,14,0,14
112900221,25,135,-110
112900222,0,11,-11
112900223,427,6,421
112900224,126,866,-740
112900225,244,627,-383
112900226,329,280,49
112900227,187,1819,-1632
112900228,24,25,-1
112900229,69,58,11
112900230,9993,3039,6954
112900232,164,159,5
112900233,43,276,-233
112900234,11,130,-119
112900235,46,25,21
112900236,58,18,40
112900237,44,388,-344
112900238,1,51,-50
113000001,4929,5454,-525
113000002,4000,3926,74
113000003,1980,2248,-268
113000004,2167,2577,-410
113000005,1232,1276,-44
113000006,1047,1529,-482
113000007,1204,1653,-449
113000008,1393,2144,-751
113000009,711,961,-250
113000010,945,1908,-963
113000011,793,2315,-1522
113000012,1004,738,266
113000013,1031,447,584
113000014,2139,1741,398
113000015,808,241,567
113000016,275,365,-90
113000017,99,296,-197
113000018,177,35,142
113000019,67,315,-248
113000020,80,31,49
113000021,760,634,126
113000022,428,1463,-1035
113000025,45,326,-281
113000026,154,465,-311
113000027,730,415,315
113000028,1197,510,687
113000029,853,534,319
113000030,549,701,-152
113000031,314,223,91
113000032,309,180,129
113000033,447,302,145
113000034,614,350,264
113000035,34,52,-18
113000036,25,75,-50
113000037,92,44,48
113000038,11,65,-54
113000039,122,658,-536
113000040,58,108,-50
113000042,892,816,76
113000051,687,1775,-1088
113000052,2508,1502,1006
113000053,230,715,-485
113000054,159,1006,-847
113000055,664,1190,-526
113000056,478,1721,-1243
113000058,717,1151,-434
113000059,1249,831,418
113000060,75,599,-524
113000061,565,905,-340
113000062,1541,152,1389
113000063,78,293,-215
113000064,26,480,-454
113000065,151,1636,-1485
113000066,422,98,324
113000067,1049,1283,-234
113000068,260,2638,-2378
113000069,374,1893,-1519
113000070,1011,814,197
113000071,240,1022,-782
113000072,339,454,-115
113000073,637,1922,-1285
113000074,1131,355,776
113000075,2140,494,1646
113000076,1379,1797,-418
113000077,1855,363,1492
113000078,1549,1819,-270
113000079,1284,635,649
113000080,982,493,489
113000081,1136,914,222
113000082,1556,743,813
113000083,673,781,-108
113000084,1581,1161,420
113000085,957,583,374
113000086,1048,1133,-85
113000087,1268,796,472
113000088,2418,1233,1185
113000089,937,1462,-525
113000090,257,336,-79
113000091,939,306,633
113000094,759,182,577
113000095,244,1326,-1082
113000096,135,1243,-1108
113000097,717,365,352
113000098,62,57,5
113000099,1022,247,775
113000100,130,500,-370
113000101,382,612,-230
113000102,407,207,200
113000103,2877,777,2100
113000104,318,2297,-1979
113000105,751,485,266
113000106,412,762,-350
113000107,542,805,-263
113000108,818,1760,-942
113000109,458,3345,-2887
113000110,1643,306,1337
113000111,104,516,-412
113000112,220,293,-73
113000113,2652,288,2364
113000114,457,1592,-1135
113000116,937,227,710
113000117,1036,224,812
113000118,167,402,-235
113000119,189,523,-334
113000120,55,241,-186
113000121,768,1079,-311
113000124,168,146,22
113000125,31,501,-470
113000127,4124,628,3496
113000128,530,503,27
113000129,636,1402,-766
113000133,5183,1072,4111
113000134,10,532,-522
113000135,2931,2485,446
113000137,3250,1550,1700
113000139,506,122,384
113000140,247,259,-12
113000141,647,114,533
113000142,1167,963,204
113000143,261,129,132
113000144,363,746,-383
113000145,67,164,-97
113000146,105,121,-16
113000147,139,183,-44
113000148,85,179,-94
113000149,64,149,-85
113000150,456,452,4
113000151,187,65,122
113000152,37,216,-179
113000153,2067,556,1511
113000154,835,1304,-469
113000155,217,424,-207
113000156,156,472,-316
113000157,225,929,-704
113000158,525,191,334
113000159,753,387,366
113000160,559,1312,-753
113000161,218,867,-649
113000162,566,364,202
113000163,86,31,55
113000164,25,114,-89
113000166,56,58,-2
113000167,23,266,-243
113000168,48,269,-221
113000169,90,44,46
113000170,105,74,31
113000171,90,116,-26
113000172,183,95,88
113000173,36,9,27
113000174,115,656,-541
113000175,309,147,162
113000176,291,122,169
113000177,137,532,-395
113000178,185,521,-336
113000179,233,109,124
113000180,467,1454,-987
113000181,645,1151,-506
113000182,184,351,-167
113000183,220,655,-435
113000184,29,126,-97
113000189,512,602,-90
113000190,1856,421,1435
113000192,3070,1316,1754
113000193,5610,847,4763
113000194,2189,1181,1008
113000195,2601,498,2103
113000196,62,118,-56
113000197,1491,848,643
113000198,25,350,-325
113000199,1358,489,869
113000201,296,228,68
113000202,3982,2048,1934
113000203,535,131,404
113000204,2001,1317,684
113000205,20,37,-17
113000206,4,22,-18
113000207,45,28,17
113000208,42,64,-22
113000209,15,36,-21
113000210,5,46,-41
113000211,323,129,194
113000212,244,11,233
113000213,29,92,-63
113000214,59,210,-151
113000234,122,1669,-1547
113000410,141,147,-6
113000411,3997,4404,-407
113000412,12374,1788,10586
113000413,4748,2021,2727
113000414,13506,11671,1835
113000415,3317,2537,780
113000416,12180,3645,8535
113000417,4928,3112,1816
113000418,4836,2581,2255
113000419,2825,2016,809
113000420,4432,3456,976
113000421,4223,4877,-654
113000422,19611,7248,12363
113000423,2862,3206,-344
113000424,5081,5925,-844
113000425,9,77,-68
113000428,811,59,752
113000430,368,64,304
113000432,863,94,769
113000433,148,1154,-1006
113000434,15,475,-460
113000435,13,1129,-1116
113000436,37,1817,-1780
113000437,260,17,243
113000438,76,5,71
113000439,16,181,-165
113000440,31,24,7
113000441,91,262,-171
113000442,86,362,-276
113000443,54,379,-325
113000444,41,367,-326
113000445,34,178,-144
113000446,9,84,-75
113000448,116,167,-51
113000449,361,571,-210
113000450,817,2048,-1231
113000451,1389,104,1285
113000452,428,281,147
113000453,47,263,-216
113000454,962,15,947
113000455,8,146,-138
113000456,4440,2020,2420
113000468,3301,460,2841
113000469,367,178,189
113000470,578,89,489
113000471,9,341,-332
113000472,68,340,-272
113000474,188,722,-534
113000475,1272,2230,-958
113000476,880,2054,-1174
113000477,1803,2263,-460
113000478,3579,7215,-3636
113000479,64,315,-251
113000480,120,97,23
113000481,0,0,0
113000483,0,0,0
113000485,0,0,0
113000486,0,0,0
113000487,0,0,0
113000488,0,0,0
113000489,0,0,0
113000490,0,0,0
113000491,0,0,0
113000492,0,0,0
113000493,0,0,0
113000495,114,198,-84
113000496,54,60,-6
113000497,0,0,0
113000500,0,5,-5
113900001,1,111,-110
113900002,0,150,-150
113900003,0,114,-114
113900004,3,42,-39
113900005,0,25,-25
113900006,1,26,-25
113900007,28,8,20
113900008,43,0,43
113900009,289,0,289
113900010,96,1,95
113900011,3,2,1
113900012,14,4,10
113900013,546,5,541
113900014,504,4,500
113900015,0,47,-47
113900016,24,0,24
113900017,1,59,-58
113900018,576,82,494
113900019,48,77,-29
113900020,53,1,52
113900022,3,0,3
113900023,7,0,7
113900024,45,110,-65
113900025,488,40,448
113900026,35,0,35
113900027,7,104,-97
113900028,8,555,-547
113900029,21,307,-286
113900030,77,1,76
113900031,3,0,3
113900032,4,0,4
113900033,48,94,-46
113900035,32,0,32
113900036,9,130,-121
113900037,41,634,-593
113900038,43,51,-8
113900039,77,3,74
113900040,2,3,-1
113900041,2,2,0
113900042,21,37,-16
113900043,159,125,34
113900044,129,40,89
113900045,26,0,26
113900046,268,897,-629
113900047,9,165,-156
113900048,308,33,275
113900049,875,163,712
113900050,140,399,-259
113900051,137,555,-418
113900052,248,144,104
113900053,499,166,333
113900054,8,0,8
113900055,108,687,-579
113900056,43,198,-155
113900057,5,124,-119
113900058,28,249,-221
113900059,117,378,-261
113900060,130,348,-218
113900061,1088,76,1012
113900062,55,13,42
113900063,90,161,-71
113900064,20,181,-161
113900065,451,8,443
113900066,141,526,-385
113900067,45,481,-436
113900068,256,358,-102
113900069,98,8,90
113900070,236,529,-293
113900071,32,75,-43
113900072,48,218,-170
113900073,93,403,-310
113900074,29,587,-558
113900075,687,842,-155
113900076,162,10,152
113900077,25,288,-263
113900078,46,63,-17
113900079,1,86,-85
113900080,344,141,203
113900081,19,315,-296
113900082,93,187,-94
113900083,85,932,-847
113900084,171,74,97
113900085,28,399,-371
113900086,16,5,11
113900087,40,260,-220
113900088,15,59,-44
113900089,358,40,318
113900090,273,362,-89
113900091,25,47,-22
113900092,31,65,-34
113900093,58,387,-329
113900094,184,609,-425
113900095,105,57,48
113900096,163,46,117
113900097,3,129,-126
113900098,389,48,341
113900099,0,81,-81
113900100,0,3,-3
113900101,11,37,-26
113900102,49,73,-24
113900103,174,248,-74
113900104,89,114,-25
113900105,22,400,-378
113900106,0,114,-114
113900107,1,27,-26
113900108,178,158,20
113900109,401,139,262
113900110,23,7,16
113900111,65,109,-44
113900112,46,110,-64
113900113,460,374,86
113900114,1,120,-119
113900115,0,93,-93
113900116,69,108,-39
113900117,105,8,97
113900118,148,197,-49
113900119,289,250,39
113900120,38,51,-13
113900121,35,90,-55
113900122,246,1197,-951
113900123,239,135,104
113900124,1,49,-48
113900125,1697,219,1478
113900126,94,30,64
113900127,163,357,-194
113900128,118,30,88
113900129,5,139,-134
113900130,3,12,-9
113900131,71,43,28
113900132,46,57,-11
113900133,7,10,-3
113900135,134,587,-453
113900136,58,60,-2
113900137,208,128,80
113900138,66,161,-95
113900139,570,62,508
113900140,545,167,378
113900141,162,596,-434
113900142,57,99,-42
113900143,4,15,-11
113900144,551,151,400
113900145,142,231,-89
113900146,61,67,-6
113900148,104,146,-42
113900149,124,39,85
113900150,1336,486,850
113900151,177,193,-16
113900152,19,61,-42
113900153,459,415,44
113900154,0,112,-112
113900155,237,67,170
113900156,261,818,-557
113900157,28,275,-247
113900158,655,138,517
113900159,12,279,-267
113900160,413,869,-456
113900161,30,127,-97
113900162,1081,484,597
113900163,265,171,94
113900164,129,52,77
113900165,494,1130,-636
113900166,339,115,224
113900167,273,33,240
113900168,152,106,46
113900169,225,518,-293
113900171,91,36,55
113900172,2,248,-246
113900173,75,767,-692
113900174,357,915,-558
113900175,205,94,111
113900176,237,863,-626
113900177,198,263,-65
113900178,478,149,329
113900179,17,831,-814
113900180,115,126,-11
113900181,397,216,181
113900182,469,1045,-576
113900183,42,79,-37
113900184,17,662,-645
113900185,121,137,-16
113900186,25,54,-29
113900187,37,154,-117
113900188,32,241,-209
113900189,222,56,166
113900190,348,96,252
113900191,114,275,-161
113900192,5,334,-329
113900193,30,330,-300
113900194,2296,974,1322
113900195,248,561,-313
113900196,1,147,-146
113900197,5,446,-441
113900198,17,92,-75
113900199,183,833,-650
113900200,9,319,-310
113900201,4,311,-307
113900202,43,235,-192
113900203,1,230,-229
113900204,32,721,-689
113900205,12,104,-92
113900206,7,138,-131
113900207,1,69,-68
113900208,1,87,-86
113900209,2,97,-95
113900210,566,522,44
113900211,144,32,112
113900212,99,664,-565
113900214,520,318,202
113900215,36,136,-100
113900216,73,1574,-1501
113900217,28,348,-320
113900218,111,30,81
113900219,126,652,-526
113900220,128,64,64
113900221,266,142,124
113900222,321,357,-36
113900223,22,1120,-1098
113900224,146,56,90
113900225,1040,309,731
113900226,215,138,77
113900227,302,167,135
113900228,491,343,148
113900229,41,607,-566
113900230,5646,1205,4441
113900231,135,297,-162
113900232,53,115,-62
113900233,43,55,-12
113900234,136,310,-174
113900235,47,26,21
113900236,58,493,-435
113900237,82,8,74
113900238,153,266,-113
113900239,82,64,18
113900240,1,75,-74
113900241,150,94,56
113900242,47,167,-120
113900243,168,394,-226
113900244,525,132,393
113900245,1516,246,1270
113900246,9,7,2
113900247,123,146,-23
113900248,5198,955,4243
113900249,1610,218,1392
113900250,61,77,-16
113900251,281,198,83
113900252,323,16,307
113900253,388,20,368
113900254,385,81,304
113900255,204,21,183
113900256,224,30,194
113900257,37,754,-717
113900258,9,708,-699
113900259,262,285,-23
113900260,106,14,92
113900261,18,116,-98
113900262,95,892,-797
113900263,68,532,-464
113900264,9,694,-685
113900265,174,349,-175
113900266,22,331,-309
113900267,87,486,-399
113900268,173,253,-80
113900269,42,152,-110
113900270,295,382,-87
113900271,428,1601,-1173
113900273,33,5,28
113900274,44,8,36
113900275,20,52,-32
113900276,1,356,-355
113900277,57,3,54
113900278,414,219,195
113900279,104,112,-8
113900280,1315,875,440
113900281,275,919,-644
113900282,1157,577,580
113900283,310,439,-129
113900284,654,108,546
113900285,88,36,52
113900286,62,173,-111
113900287,16,128,-112
113900288,0,75,-75
113900289,1762,75,1687
113900290,430,54,376
113900291,191,214,-23
113900292,6,5,1
113900293,4,222,-218
113900294,250,15,235
113900295,427,254,173
113900296,3025,335,2690
113900297,644,21,623
113900298,5,1804,-1799
113900299,12,110,-98
113900300,7934,2548,5386
113900301,1077,301,776
113900302,2902,646,2256
113900303,784,153,631
113900304,0,173,-173
113900305,39,2,37
113900306,11,3,8
113900307,33,0,33
113900308,71,93,-22
113900309,4,955,-951
113900310,0,21,-21
113900311,7,3,4
113900312,66,99,-33
113900313,8,12,-4
114000001,1285,4248,-2963
114000002,133,567,-434
114000003,49,387,-338
114000004,249,503,-254
114000005,168,278,-110
114000006,3700,2325,1375
114000007,658,1665,-1007
114000008,1465,1022,443
114000009,268,168,100
114000011,2145,3918,-1773
114000012,1418,3362,-1944
114000013,1069,2449,-1380
114000014,346,473,-127
114000015,913,600,313
114000016,196,509,-313
114000017,104,243,-139
114000018,515,121,394
114000026,784,1888,-1104
114000027,1301,2303,-1002
114000028,1698,1976,-278
114000038,107,184,-77
114000039,44,123,-79
114000040,69,209,-140
114000042,66,221,-155
114000043,27,241,-214
114000044,74,81,-7
114000045,31,112,-81
114000046,2761,5307,-2546
114000047,10,94,-84
114000048,44,74,-30
114000049,1451,1098,353
114000050,1659,1121,538
114000051,3608,1457,2151
114000052,2979,1143,1836
114000053,36,572,-536
114000054,58,1872,-1814
114000055,264,28,236
114000056,1449,620,829
114000057,10103,2641,7462
114000058,531,520,11
114000059,237,123,114
114000060,389,844,-455
114000061,3338,1124,2214
114000062,2534,645,1889
114000063,3662,1886,1776
114000064,9904,2602,7302
114000065,2342,2149,193
114000066,258,761,-503
114000067,45,317,-272
114000068,452,454,-2
114000069,907,497,410
114000070,2503,1268,1235
114000071,457,853,-396
114000072,196,506,-310
114000073,17,206,-189
114000074,6,21,-15
114000075,29,214,-185
114000076,5,260,-255
114000077,4,73,-69
114000078,155,1907,-1752
114000079,50,34,16
114000080,119,106,13
114000081,33,112,-79
114000082,37,760,-723
114000083,31,359,-328
114000084,82,59,23
114000085,153,912,-759
114000086,155,801,-646
114000087,34,341,-307
114000088,59,91,-32
114000089,1895,594,1301
114000090,563,579,-16
114000091,1842,458,1384
114000092,1101,306,795
114000093,685,629,56
114000094,278,374,-96
114000095,82,96,-14
114000096,75,687,-612
114000097,105,1293,-1188
114000098,200,78,122
114000099,210,1163,-953
114000100,524,974,-450
114000101,214,1571,-1357
114000102,131,377,-246
114000103,127,622,-495
114000104,19,350,-331
114000105,47,69,-22
114000106,977,459,518
114000107,74,171,-97
114000108,2398,1447,951
114000109,271,422,-151
114000110,585,2024,-1439
114000111,775,564,211
114000112,226,2102,-1876
114000113,478,507,-29
114000114,1140,1681,-541
114000115,1005,635,370
114000116,285,494,-209
114000117,1235,390,845
114000118,977,302,675
114000119,728,257,471
114000120,524,1274,-750
114000121,369,671,-302
114000122,202,275,-73
114000123,821,311,510
114000124,362,386,-24
114000125,834,2247,-1413
114000126,1489,214,1275
114000127,90,272,-182
114000128,648,680,-32
114000130,259,564,-305
114000131,91,72,19
114000132,539,897,-358
114000133,1429,1545,-116
114000134,66,246,-180
114000138,56,224,-168
114000139,263,109,154
114000144,578,280,298
114000145,90,251,-161
114000146,114,420,-306
114000147,862,778,84
114000148,2476,1296,1180
114000149,274,152,122
114000150,759,470,289
114000151,759,690,69
114000152,83,25,58
114000153,1065,1221,-156
114000154,618,569,49
114000155,1475,1392,83
114000156,654,431,223
114000157,181,765,-584
114000158,2408,717,1691
114000159,231,347,-116
114000160,138,170,-32
114000161,1487,997,490
114000162,808,878,-70
114000163,7,192,-185
114000165,167,153,14
114000166,677,219,458
114000167,5271,1192,4079
114000168,1033,720,313
114000169,1962,558,1404
114000170,1356,431,925
114000171,592,896,-304
114000174,171,466,-295
114000176,556,382,174
114000177,2600,896,1704
114000178,58,71,-13
114000179,1382,759,623
114000180,406,615,-209
114000181,1882,2000,-118
114000182,8015,2118,5897
114000183,1183,761,422
114000184,874,1951,-1077
114000185,840,1060,-220
114000189,397,55,342
114000190,1317,152,1165
114000191,26,37,-11
114000192,336,1771,-1435
114000193,1168,4038,-2870
114000194,1196,1562,-366
114000195,36,4,32
114000196,3,382,-379
114000197,503,78,425
114000198,1324,435,889
114000199,2098,1102,996
114000200,572,2957,-2385
114000201,105,1414,-1309
114000202,931,1034,-103
114000203,401,1098,-697
114000204,108,496,-388
114000205,214,2171,-1957
114000206,416,1528,-1112
114000207,637,2987,-2350
114000208,462,4108,-3646
114000209,695,3856,-3161
114000210,339,1920,-1581
114000211,868,1844,-976
114000212,607,871,-264
114000213,959,696,263
114000214,58,261,-203
114000215,99,64,35
114000216,860,590,270
114000217,101,505,-404
114000218,73,409,-336
114000219,571,434,137
114000220,7,1587,-1580
114000221,275,132,143
114000222,196,1391,-1195
114000223,289,63,226
114000224,111,836,-725
114000225,93,618,-525
114000226,61,235,-174
114000227,518,584,-66
114000228,549,1037,-488
114000229,556,1434,-878
114000230,1448,1725,-277
114000231,777,1351,-574
114000232,350,104,246
114000233,1286,94,1192
114000234,742,1176,-434
114000235,615,1864,-1249
114000236,0,589,-589
114000237,74,1512,-1438
114000238,64,199,-135
114000239,180,1763,-1583
114000240,552,757,-205
114000241,261,1164,-903
114000242,963,1069,-106
114000243,1182,768,414
114000244,864,339,525
114000245,315,697,-382
114000246,134,30,104
114000247,1101,886,215
114000248,607,566,41
114000249,411,544,-133
114000250,342,611,-269
114000251,192,324,-132
114000252,45,163,-118
114000253,20,285,-265
114000254,16,139,-123
114000255,536,165,371
114000256,2151,448,1703
114000257,630,2303,-1673
114000258,220,621,-401
114000259,134,377,-243
114000260,0,27,-27
114000261,29,27,2
114000262,54,204,-150
114000263,11,4,7
114000264,367,995,-628
114000265,0,16,-16
114000267,1,1416,-1415
114000268,5,2534,-2529
114000270,71,0,71
114000271,314,159,155
114000283,643,649,-6
114000285,61,373,-312
114000288,23,373,-350
114000289,863,96,767
114000293,91,467,-376
114000294,180,297,-117
114000395,971,61,910
114000396,260,295,-35
114000402,192,377,-185
114000403,186,701,-515
114000405,97,746,-649
114000423,111,641,-530
114000424,252,319,-67
114000425,239,878,-639
114000426,279,645,-366
114000427,41,129,-88
114000428,239,71,168
114000429,11,250,-239
114000432,23,122,-99
114000434,18,137,-119
114000435,3,193,-190
114000436,5795,1519,4276
114000437,206,654,-448
114900001,247,1720,-1473
114900002,564,100,464
114900003,267,2727,-2460
114900004,139,272,-133
114900005,223,1198,-975
114900006,28,28,0
114900007,126,7,119
114900008,87,29,58
114900010,3070,1507,1563
114900011,67,137,-70
114900013,111,95,16
114900015,47,151,-104
114900018,723,49,674
114900020,71,38,33
114900022,2,802,-800
114900024,115,173,-58
114900025,163,262,-99
114900026,16,81,-65
114900027,139,260,-121
114900029,11,18,-7
114900030,126,229,-103
114900031,86,33,53
114900032,107,29,78
114900033,1748,286,1462
114900034,49,325,-276
114900035,173,300,-127
114900036,209,1390,-1181
114900037,57,287,-230
114900038,139,1322,-1183
114900039,339,888,-549
114900040,31,304,-273
114900041,241,810,-569
114900042,423,1031,-608
114900043,891,383,508
114900044,53,12,41
114900046,76,161,-85
114900047,239,1014,-775
114900048,53,235,-182
114900049,8,331,-323
114900050,20,721,-701
114900051,26,687,-661
114900052,144,218,-74
114900053,202,230,-28
114900054,92,154,-62
114900057,201,0,201
114900058,0,98,-98
114900059,25,48,-23
114900060,1413,372,1041
114900061,91,202,-111
114900062,236,325,-89
114900063,37,301,-264
114900064,610,860,-250
114900065,193,753,-560
114900067,15,350,-335
114900068,51,222,-171
114900069,222,204,18
114900070,172,778,-606
114900072,5,309,-304
114900073,0,276,-276
114900074,130,1172,-1042
114900075,95,3,92
114900076,1,484,-483
114900080,3709,541,3168
114900082,4558,1358,3200
114900083,613,701,-88
114900090,139,122,17
114900091,83,258,-175
114900095,505,121,384
114900096,519,699,-180
114900097,33,1,32
114900098,0,259,-259
114900099,48,4,44
115000001,10506,7606,2900
115000002,2655,2900,-245
115000003,4112,5342,-1230
115000004,2222,4306,-2084
115000005,1472,3547,-2075
115000006,459,1365,-906
115000007,38,138,-100
115000008,391,384,7
115000009,99,312,-213
115000010,241,146,95
115000013,107,116,-9
115000015,55,127,-72
115000016,199,173,26
115000019,17,393,-376
115000020,165,368,-203
115000021,254,431,-177
115000022,486,413,73
115000023,279,364,-85
115000024,1310,564,746
115000025,733,403,330
115000026,161,444,-283
115000027,141,290,-149
115000028,175,757,-582
115000029,322,152,170
115000030,331,951,-620
115000031,694,348,346
115000032,2,265,-263
115000033,92,12,80
115000034,127,1205,-1078
115000035,896,35,861
115000036,1,418,-417
115000037,301,1,300
115000038,30,195,-165
115000039,3089,1741,1348
115000040,8299,3378,4921
115000041,1095,2401,-1306
115000042,1207,730,477
115000043,2937,2723,214
115000044,3707,5162,-1455
115000045,1911,2935,-1024
115000046,1197,2518,-1321
115000047,1254,2114,-860
115000048,1122,3591,-2469
115000049,1533,3493,-1960
115000050,2548,2015,533
115000051,2267,1663,604
115000052,3757,2202,1555
115000053,1342,1299,43
115000054,947,1526,-579
115000055,70,413,-343
115000056,128,276,-148
115000057,352,616,-264
115000058,185,133,52
115000059,150,229,-79
115000061,168,84,84
115000062,129,341,-212
115000063,206,325,-119
115000064,267,205,62
115000065,15,247,-232
115000067,227,30,197
115000069,24,370,-346
115000070,44,827,-783
115000071,60,16,44
115000072,30,76,-46
115000073,1492,42,1450
115000075,29,66,-37
115000076,3803,4065,-262
115000077,1172,4639,-3467
115000078,542,2411,-1869
115000079,807,2800,-1993
115000080,1704,3359,-1655
115000081,361,1130,-769
115000082,2609,2881,-272
115000083,1674,4207,-2533
115000084,1082,1226,-144
115000085,495,1310,-815
115000086,592,1174,-582
115000087,556,1662,-1106
115000088,1496,702,794
115000089,1656,1744,-88
115000090,979,841,138
115000091,288,1527,-1239
115000092,292,304,-12
115000093,380,3,377
115000094,9881,4968,4913
115000095,7911,4819,3092
115000096,515,2743,-2228
115000097,341,856,-515
115000098,582,1011,-429
115000099,1470,4232,-2762
115000100,587,640,-53
115000101,305,1842,-1537
115000102,292,211,81
115000103,394,1009,-615
115000105,64,182,-118
115000106,258,250,8
115000107,154,782,-628
115000108,4797,3334,1463
115000109,6772,2634,4138
115000110,1255,828,427
115000111,897,1685,-788
115000112,816,522,294
115000113,1210,976,234
115000114,2069,933,1136
115000116,3399,1378,2021
115000117,4458,1701,2757
115000118,1882,1384,498
115000119,1901,1975,-74
115000120,528,640,-112
115000121,1976,1045,931
115000122,5352,1021,4331
115000123,2558,1204,1354
115000124,798,565,233
115000125,438,638,-200
115000126,147,348,-201
115000127,309,190,119
115000128,1302,899,403
115000129,228,182,46
115000130,249,1276,-1027
115000131,387,266,121
115000132,183,671,-488
115000133,397,463,-66
115000134,342,262,80
115000135,126,270,-144
115000136,75,244,-169
115000137,54,211,-157
115000138,93,236,-143
115000139,182,259,-77
115000140,98,263,-165
115000141,71,427,-356
115000142,50,402,-352
115000143,238,525,-287
115000144,249,87,162
115000145,173,633,-460
115000146,219,229,-10
115000147,336,680,-344
115000148,320,1942,-1622
115000149,297,186,111
115000150,663,1644,-981
115000151,488,523,-35
115000152,492,2189,-1697
115000153,438,536,-98
115000154,383,360,23
115000155,358,1503,-1145
115000156,958,665,293
115000157,1217,1043,174
115000158,824,372,452
115000159,810,435,375
115000160,641,571,70
115000161,554,705,-151
115000162,613,502,111
115000163,679,606,73
115000164,610,488,122
115000165,390,382,8
115000167,54,39,15
115000168,705,252,453
115000169,762,390,372
115000170,85,149,-64
115000171,196,168,28
115000172,2216,626,1590
115000173,263,281,-18
115000174,36,241,-205
115000175,64,86,-22
115000176,224,56,168
115000177,278,68,210
115000178,14,369,-355
115000179,13,18,-5
115000180,46,933,-887
115000181,214,130,84
115000182,355,485,-130
115000183,157,1421,-1264
115000186,439,300,139
115000187,142,694,-552
115000188,449,504,-55
115000189,321,434,-113
115000190,707,529,178
115000191,279,459,-180
115000194,165,127,38
115000195,306,203,103
115000196,44,139,-95
115000197,104,523,-419
115000198,146,250,-104
115000199,180,449,-269
115000200,181,97,84
115000201,88,463,-375
115000206,177,105,72
115000207,39,407,-368
115000208,669,932,-263
115000209,374,222,152
115000210,125,109,16
115000211,217,268,-51
115000212,1689,332,1357
115000218,90,47,43
115000219,4,66,-62
115000224,97,58,39
115000225,65,45,20
115000229,340,157,183
115000230,75,518,-443
115000231,256,3344,-3088
115000232,655,377,278
115000233,65,218,-153
115000234,14,279,-265
115000241,29,337,-308
115000242,48,349,-301
115000243,20,343,-323
115000244,4,83,-79
115000246,23,12,11
115000247,49,8,41
115000248,17,4,13
115000249,33,17,16
115000250,159,59,100
115000251,66,166,-100
115000252,32,217,-185
115000253,9,141,-132
115000258,104,237,-133
115000259,311,171,140
115000261,5,26,-21
115000262,20,24,-4
115000263,12,50,-38
115000264,10,57,-47
115000267,27,103,-76
115000268,40,131,-91
115000269,107,71,36
115000270,20,27,-7
115000272,53,183,-130
115000273,304,38,266
115000274,131,326,-195
115000280,3424,77,3347
115000281,986,155,831
115000282,1364,472,892
115000284,350,77,273
115000296,417,12,405
115000297,114,55,59
115000298,39,154,-115
115000300,42,287,-245
115000302,192,301,-109
115000303,314,145,169
115000304,370,83,287
115000305,50,1472,-1422
115000306,85,643,-558
115000307,65,282,-217
115000308,46,16,30
115000309,4,1,3
115000310,558,1548,-990
115000311,324,1586,-1262
115000313,85,957,-872
115000314,186,78,108
115000315,1380,243,1137
115000316,13,61,-48
115000317,145,786,-641
115000318,706,246,460
115000319,49,350,-301
115000320,12,167,-155
115000321,405,11,394
115000322,41,307,-266
115000449,456,97,359
115000557,18,433,-415
115000558,203,72,131
115000587,266,463,-197
115000588,2407,4630,-2223
115000589,2444,2718,-274
115000590,1043,1848,-805
115000591,1240,729,511
115000592,907,1697,-790
115000593,1370,491,879
115000594,1146,1366,-220
115000609,39,96,-57
115000617,2106,1334,772
115000624,89,62,27
115000633,436,2059,-1623
115000634,2789,877,1912
115000635,261,142,119
115000638,1496,869,627
115000641,74,121,-47
115000642,390,259,131
115000643,120,424,-304
115000644,107,472,-365
115000646,708,1091,-383
115000647,140,582,-442
115000648,840,2050,-1210
115000893,3900,935,2965
115000894,67,1355,-1288
115000895,203,955,-752
115000896,813,317,496
115000897,467,63,404
115000898,1119,231,888
115000899,839,866,-27
115000900,138,324,-186
115000901,38,94,-56
115000912,152,66,86
115000913,4,43,-39
115000915,13,0,13
115000916,2,1,1
115000917,0,1,-1
115000918,85,305,-220
115000919,9,6,3
115000920,11,58,-47
115000921,1732,142,1590
115000922,884,415,469
115000923,473,737,-264
115000925,15,65,-50
115000927,6,27,-21
115000933,205,87,118
115000934,6,45,-39
115000935,9,36,-27
115900001,21,79,-58
115900002,68,222,-154
115900003,69,187,-118
115900004,0,76,-76
115900005,61,0,61
115900006,76,450,-374
115900008,12,14,-2
115900009,50,292,-242
115900010,168,336,-168
115900011,293,315,-22
115900012,37,92,-55
115900013,416,243,173
115900014,86,222,-136
115900015,39,140,-101
115900016,69,36,33
115900017,2,1,1
115900018,145,107,38
115900019,1698,49,1649
115900020,11,0,11
115900021,2505,199,2306
115900022,1520,13,1507
115900023,6,0,6
115900025,61,143,-82
115900026,1042,481,561
115900027,2,549,-547
115900028,676,105,571
115900029,22,606,-584
115900030,41,4,37
115900031,421,120,301
115900032,386,916,-530
115900033,0,51,-51
115900034,7,830,-823
115900035,33,193,-160
115900036,141,268,-127
115900037,34,637,-603
115900038,7,2,5
115900039,92,348,-256
115900041,242,257,-15
115900042,7,5,2
115900043,34,149,-115
115900044,154,234,-80
115900046,105,276,-171
115900047,45,42,3
115900049,137,264,-127
115900051,1,88,-87
115900052,5,359,-354
115900053,58,314,-256
115900054,45,53,-8
115900055,25,187,-162
115900056,112,537,-425
115900057,14,2,12
115900058,24,104,-80
115900060,31,163,-132
115900061,98,1,97
115900062,19,304,-285
115900063,20,8,12
115900064,153,235,-82
115900065,24,141,-117
115900066,161,239,-78
115900067,6,965,-959
115900068,4777,127,4650
115900069,45,192,-147
115900070,86,322,-236
115900071,3,815,-812
115900072,97,407,-310
115900073,27,28,-1
115900074,7,458,-451
115900075,29,471,-442
115900076,2,89,-87
115900077,9,427,-418
115900078,32,193,-161
115900079,78,12,66
115900080,462,214,248
115900081,7,108,-101
115900082,163,121,42
115900084,127,77,50
115900085,52,37,15
115900086,1830,451,1379
115900088,30,33,-3
115900089,106,960,-854
115900090,101,24,77
115900091,2,19,-17
115900092,16,329,-313
115900093,2,52,-50
115900094,11,581,-570
115900096,0,36,-36
115900097,7,732,-725
115900098,84,617,-533
115900099,52,79,-27
115900100,7,802,-795
115900101,60,559,-499
115900102,19,128,-109
115900103,139,279,-140
115900104,29,209,-180
115900105,50,961,-911
115900106,23,41,-18
115900107,15,295,-280
115900108,28,61,-33
115900109,46,571,-525
115900110,2,13,-11
115900111,4,108,-104
115900112,41,1244,-1203
115900113,13,13,0
115900114,3,174,-171
115900115,29,128,-99
115900116,106,1277,-1171
115900117,36,20,16
115900118,6,468,-462
115900119,51,76,-25
115900120,14,538,-524
115900121,63,279,-216
115900124,162,380,-218
115900125,143,31,112
115900126,310,97,213
115900127,466,39,427
115900128,10,43,-33
115900129,647,29,618
115900130,34,179,-145
115900131,296,27,269
115900132,190,5,185
115900134,118,20,98
115900135,594,437,157
115900137,24,0,24
115900139,173,145,28
115900140,154,18,136
115900141,35,102,-67
115900142,12,37,-25
115900143,105,304,-199
115900144,17,275,-258
115900146,10,210,-200
115900147,148,272,-124
115900148,1,12,-11
115900149,17,39,-22
115900150,11,82,-71
115900151,9,68,-59
115900152,45,456,-411
115900153,36,313,-277
115900154,671,373,298
115900155,0,75,-75
115900156,516,715,-199
115900157,53,434,-381
115900158,36,14,22
115900159,39,279,-240
115900160,6,4,2
115900161,25,247,-222
115900163,74,165,-91
115900164,152,22,130
115900165,2,100,-98
115900166,191,240,-49
115900168,25,190,-165
115900171,62,440,-378
115900172,21,166,-145
115900173,106,169,-63
115900174,210,267,-57
115900175,55,192,-137
115900178,7,883,-876
115900179,103,28,75
115900180,29,342,-313
115900181,35,337,-302
115900182,178,447,-269
115900183,264,67,197
115900184,2147,32,2115
115900187,5,85,-80
115900189,0,104,-104
115900190,465,456,9
115900191,40,627,-587
115900192,9,86,-77
115900193,75,53,22
115900194,303,52,251
115900195,589,1013,-424
115900198,188,251,-63
115900199,141,315,-174
115900200,324,370,-46
115900201,318,249,69
115900202,0,5,-5
115900203,7,3,4
115900204,2,1,1
115900205,30,3,27
115900206,47,168,-121
115900207,12,38,-26
115900208,29,446,-417
115900209,4,169,-165
115900210,2,171,-169
115900211,0,271,-271
115900212,54,281,-227
115900213,20,36,-16
115900214,147,341,-194
115900215,19,38,-19
115900216,4,62,-58
115900217,0,85,-85
115900218,0,56,-56
115900219,26,18,8
115900220,41,8,33
115900221,34,8,26
115900222,21,7,14
115900223,27,55,-28
115900224,1880,325,1555
115900225,116,19,97
115900226,20,41,-21
115900227,18,41,-23
115900228,1,42,-41
115900229,7,57,-50
115900230,54,113,-59
115900231,56,1,55
115900232,21,2,19
115900233,59,9,50
115900234,23,23,0
115900235,4,41,-37
115900236,61,18,43
115900237,5,31,-26
115900238,24,19,5
115900239,8,33,-25
115900240,14,51,-37
115900241,76,87,-11
115900242,169,201,-32
115900243,11,11,0
115900244,9,13,-4
115900245,4,18,-14
115900246,13,1,12
115900247,6,5,1
115900248,15,4,11
115900249,0,17,-17
115900250,3,17,-14
115900251,0,8,-8
115900252,0,0,0
115900253,6,13,-7
115900254,29,26,3
115900255,9,13,-4
115900256,17,17,0
115900257,0,3,-3
115900258,1,1,0
115900259,5,9,-4
115900260,13,0,13
115900261,11,0,11
115900262,0,0,0
115900263,6,3,3
115900264,22,3,19
115900265,1,5,-4
115900266,1,0,1
115900267,1,5,-4
115900268,2,17,-15
115900269,154,469,-315
115900270,134,928,-794
115900271,7,0,7
115900272,0,0,0
115900273,2,4,-2
115900274,1,19,-18
115900275,0,23,-23
115900276,0,38,-38
115900277,0,45,-45
115900278,3,40,-37
115900279,0,44,-44
115900280,4,49,-45
115900281,84,18,66
116000001,21713,5393,16320
116000002,4528,5696,-1168
116000003,1548,1851,-303
116000004,1429,1948,-519
116000005,3096,3200,-104
116000006,1612,1363,249
116000007,6200,4588,1612
116000008,6752,1394,5358
116000009,1983,3136,-1153
116000010,1308,928,380
116000011,795,2083,-1288
116000012,765,611,154
116000013,19549,5031,14518
116000014,24263,6054,18209
116000015,619,790,-171
116000016,10472,2038,8434
116000017,39,427,-388
116000018,908,470,438
116000019,742,297,445
116000020,425,1515,-1090
116000021,236,237,-1
116000022,339,591,-252
116000023,520,501,19
116000024,789,2046,-1257
116000025,584,497,87
116000026,1818,2877,-1059
116000027,486,568,-82
116000028,330,526,-196
116000029,1193,682,511
116000030,404,298,106
116000031,189,234,-45
116000032,239,309,-70
116000033,186,527,-341
116000034,428,856,-428
116000035,203,754,-551
116000036,2560,641,1919
116000037,707,656,51
116000038,567,406,161
116000039,783,415,368
116000040,938,416,522
116000041,501,663,-162
116000042,373,331,42
116000043,90,423,-333
116000044,9,43,-34
116000045,1328,1279,49
116000046,1423,853,570
116000047,1951,1814,137
116000048,2117,1588,529
116000049,722,2127,-1405
116000050,1123,1441,-318
116000051,2536,1798,738
116000052,2894,3638,-744
116000053,1232,1083,149
116000054,543,2865,-2322
116000055,290,1758,-1468
116000056,412,937,-525
116000057,3304,2584,720
116000058,3253,2121,1132
116000059,2804,3483,-679
116000060,3849,1069,2780
116000061,248,864,-616
116000062,560,300,260
116000063,456,1111,-655
116000066,108,328,-220
116000067,216,617,-401
116000068,144,191,-47
116000069,251,514,-263
116000078,175,948,-773
116000080,1025,1247,-222
116000082,21,165,-144
116000083,894,405,489
116000084,2625,4310,-1685
116000085,1644,1041,603
116000086,2245,1446,799
116000087,881,943,-62
116000088,821,1557,-736
116000089,101,121,-20
116000090,110,143,-33
116000091,269,78,191
116000093,1754,870,884
116000094,345,816,-471
116000095,461,750,-289
116000096,495,1597,-1102
116000097,474,929,-455
116000098,53,5811,-5758
116000099,11508,375,11133
116000100,80,18,62
116000101,312,2064,-1752
116000102,257,1688,-1431
116000103,362,263,99
116000104,176,2099,-1923
116000105,557,250,307
116000106,630,1314,-684
116000107,2415,536,1879
116000108,496,226,270
116000111,29,22,7
116000113,134,41,93
116000114,22,174,-152
116000115,94,53,41
116000116,210,779,-569
116000117,922,1957,-1035
116000118,868,1803,-935
116000119,1691,1680,11
116000120,2766,6102,-3336
116000121,525,407,118
116000122,1440,2966,-1526
116000123,456,352,104
116000124,324,1544,-1220
116000125,1291,499,792
116000126,310,1799,-1489
116000127,1040,1938,-898
116000128,940,713,227
116000129,552,196,356
116000130,242,269,-27
116000133,406,997,-591
116000134,1208,3549,-2341
116000135,1068,1198,-130
116000136,1003,2859,-1856
116000137,603,518,85
116000138,1880,474,1406
116000139,1972,2718,-746
116000140,77,272,-195
116000141,418,1381,-963
116000142,4459,4687,-228
116000143,2027,1428,599
116000144,1139,3758,-2619
116000145,1366,1593,-227
116000146,276,503,-227
116000147,195,181,14
116000148,272,371,-99
116000149,307,547,-240
116000151,411,1193,-782
116000153,44,443,-399
116000155,163,250,-87
116000156,2253,1529,724
116000157,21,18,3
116000158,253,432,-179
116000159,5,7,-2
116000160,5,181,-176
116000161,9,121,-112
116000162,85,35,50
116000163,13,13,0
116000164,6,14,-8
116000177,649,115,534
116000194,72,548,-476
116000195,1328,704,624
116000196,13,11,2
116000197,2,8,-6
116000198,2475,1128,1347
116000200,805,198,607
116000201,553,689,-136
116000202,1,378,-377
116000203,1,108,-107
116000204,12,31,-19
116000205,0,163,-163
116000206,2,99,-97
116000207,39,25,14
116000233,133,1014,-881
116000287,58,718,-660
116000288,82,352,-270
116000292,46,242,-196
116000296,4,185,-181
116000297,31,9,22
116000304,50,19,31
116000305,2,226,-224
116000346,132,256,-124
116000352,95,87,8
116000354,48,11,37
116000357,4,16,-12
116000358,138,27,111
116000361,103,3,100
116000372,10898,2045,8853
116000381,39,5,34
116000388,0,57,-57
116000389,517,571,-54
116000445,161,1004,-843
116000446,158,1336,-1178
116000447,11,512,-501
116000448,591,315,276
116000563,1127,667,460
116000565,85,589,-504
116000568,49,156,-107
116000579,26,170,-144
116000584,4,11,-7
116000585,7,18,-11
116000586,285,110,175
116000587,235,644,-409
116000589,20,122,-102
116000590,45,75,-30
116000591,76,340,-264
116000592,24,219,-195
116000593,0,46,-46
116000594,229,952,-723
116000595,369,266,103
116000596,31,6,25
116000597,86,50,36
116000598,13,342,-329
116000602,136,315,-179
116000605,257,194,63
116000606,17,106,-89
116000607,8,73,-65
116000609,253,625,-372
116000611,46,722,-676
116000612,481,1793,-1312
116000613,202,369,-167
116000614,408,1032,-624
116000615,17,133,-116
116000616,23,171,-148
116000617,26,139,-113
116000618,1,240,-239
116000619,11,54,-43
116000620,52,63,-11
116000621,23,80,-57
116000622,17,115,-98
116000624,49,74,-25
116000627,0,13,-13
116000628,7,448,-441
116000629,5,552,-547
116000630,84,6,78
116000631,24,2,22
116000632,107,463,-356
116000633,11,932,-921
116000634,121,10,111
116000635,986,599,387
116900001,165,129,36
116900002,340,5,335
116900003,31,98,-67
116900004,28,22,6
116900005,136,58,78
116900006,162,159,3
116900007,119,261,-142
116900008,202,548,-346
116900009,17,2,15
116900010,2,2466,-2464
116900011,13,83,-70
116900012,123,240,-117
116900013,12,367,-355
116900014,45,492,-447
116900015,128,94,34
116900016,75,0,75
116900017,7,849,-842
116900018,35,42,-7
116900019,4,550,-546
116900020,1686,256,1430
116900023,52,4,48
116900024,232,82,150
116900025,312,1307,-995
116900026,255,940,-685
116900027,26,41,-15
116900028,4,191,-187
116900029,10,7,3
116900031,0,8,-8
116900032,7,537,-530
116900033,3,6,-3
116900034,7,85,-78
116900035,85,223,-138
116900036,6,115,-109
116900038,14,1,13
116900041,63,17,46
116900042,1132,227,905
116900043,1,89,-88
116900045,173,55,118
116900047,64,41,23
116900049,49,286,-237
116900050,45,455,-410
116900051,10,405,-395
116900052,105,67,38
116900055,1,6,-5
116900057,14,382,-368
116900058,7,502,-495
116900059,1,294,-293
116900060,129,285,-156
116900062,0,5,-5
116900064,45,1323,-1278
116900065,9,100,-91
116900067,57,140,-83
116900068,89,580,-491
116900070,0,2,-2
116900072,11,620,-609
116900073,4,266,-262
116900074,6,78,-72
116900076,7,35,-28
116900077,12,303,-291
116900078,239,188,51
116900079,14,470,-456
116900080,14,33,-19
116900081,376,1829,-1453
116900082,272,1210,-938
116900083,59,127,-68
116900084,157,93,64
116900085,23,180,-157
116900086,33,255,-222
116900088,461,77,384
116900090,172,50,122
116900091,90,71,19
116900092,56,981,-925
116900093,2178,1776,402
116900094,9147,2146,7001
116900095,139,203,-64
116900096,97,95,2
116900097,4750,1588,3162
116900098,1188,204,984
116900099,650,386,264
116900100,364,11,353
116900101,336,1019,-683
116900103,3,1,2
116900104,28,78,-50
116900105,259,46,213
116900106,674,506,168
116900107,5728,1217,4511
116900110,18,0,18
116900111,121,1738,-1617
116900112,116,1277,-1161
116900113,4070,748,3322
116900116,140,298,-158
116900117,31,96,-65
116900118,1378,459,919
116900120,104,147,-43
116900121,49,70,-21
116900122,353,1287,-934
116900123,75,1284,-1209
116900124,167,947,-780
116900125,108,356,-248
116900126,369,550,-181
116900128,0,44,-44
116900129,4,457,-453
116900130,1419,1801,-382
116900131,64,213,-149
116900132,12,83,-71
116900133,43,118,-75
116900134,126,251,-125
116900136,191,175,16
116900137,224,203,21
116900138,137,285,-148
116900139,85,488,-403
116900140,133,193,-60
116900141,362,466,-104
116900142,5,16,-11
116900143,185,744,-559
116900144,18,58,-40
116900145,85,490,-405
116900147,608,297,311
116900148,7,40,-33
116900149,20,157,-137
116900150,7,9,-2
116900151,76,6,70
116900153,38,72,-34
116900154,744,189,555
116900155,53,33,20
116900157,165,314,-149
116900158,70,85,-15
116900159,25,234,-209
116900160,512,230,282
116900161,12047,3740,8307
116900162,8,222,-214
116900163,49,174,-125
116900164,47,42,5
116900165,86,100,-14
116900166,9,133,-124
116900167,211,67,144
116900168,85,127,-42
116900169,674,190,484
116900170,108,242,-134
116900171,32,313,-281
116900172,215,87,128
116900173,80,61,19
116900174,14,22,-8
116900175,139,102,37
116900178,15,227,-212
116900179,69,81,-12
116900180,45,34,11
116900182,335,201,134
116900183,90,87,3
116900185,13,21,-8
116900186,39,529,-490
116900187,22,16,6
116900188,128,21,107
116900189,19,2,17
116900191,237,411,-174
116900192,157,233,-76
116900194,35,405,-370
116900195,19,17,2
116900196,32,143,-111
116900197,25,2,23
116900198,398,158,240
116900200,8,48,-40
116900201,40,6,34
116900202,174,84,90
116900203,87,5,82
116900204,39,41,-2
116900206,1,32,-31
116900207,23,23,0
116900208,17,204,-187
116900209,16,219,-203
116900210,320,236,84
116900211,186,17,169
116900212,14,84,-70
116900213,191,234,-43
116900214,58,155,-97
116900215,33,109,-76
116900216,106,441,-335
116900218,21,461,-440
116900219,878,392,486
116900220,63,239,-176
116900221,45,312,-267
116900222,358,362,-4
116900223,91,209,-118
116900226,27,103,-76
116900227,110,63,47
116900228,145,355,-210
116900230,32,513,-481
116900231,12,647,-635
116900232,6,625,-619
116900233,108,88,20
116900234,11,3,8
116900235,136,559,-423
116900238,1496,423,1073
116900239,78,737,-659
116900240,7862,2490,5372
116900241,57,251,-194
116900242,560,174,386
116900243,40,200,-160
116900245,37,22,15
116900246,31,9,22
116900247,225,13,212
116900248,58,35,23
116900249,125,216,-91
116900250,108,60,48
116900251,606,177,429
116900252,30,1328,-1298
116900253,34,99,-65
116900254,5,117,-112
116900255,99,25,74
116900256,187,132,55
116900257,7,891,-884
116900258,2,491,-489
116900259,45,3,42
116900260,0,176,-176
116900261,13,2,11
116900262,67,173,-106
116900263,0,6,-6
116900264,0,5,-5
116900265,6,1,5
116900266,6,74,-68
116900267,2,2,0
116900268,20,12,8
116900269,284,608,-324
116900271,3488,67,3421
116900272,631,773,-142
116900273,309,26,283
116900274,20,116,-96
116900275,79,229,-150
116900276,823,38,785
116900277,913,9,904
116900278,4,16,-12
116900279,1,35,-34
116900280,11,41,-30
116900281,10688,1950,8738
116900282,4,190,-186
116900283,21,159,-138
116900284,32,286,-254
116900285,347,109,238
116900286,230,9,221
116900287,18,93,-75
116900288,33,151,-118
116900289,2,40,-38
116900290,2,46,-44
116900291,2,21,-19
116900292,0,4,-4
116900293,8,113,-105
116900294,20,132,-112
116900295,59,49,10
116900296,33,30,3
116900297,0,29,-29
116900298,41,16,25
116900299,24,46,-22
116900300,15,236,-221
116900301,44,38,6
116900302,651,109,542
116900303,590,34,556
116900304,0,144,-144
116900305,8,37,-29
116900306,34,79,-45
117000001,1193,1236,-43
117000002,1378,4970,-3592
117000003,6315,2787,3528
117000004,4572,5886,-1314
117000005,952,1426,-474
117000006,1057,5085,-4028
117000007,2032,1264,768
117000008,1362,4906,-3544
117000009,4229,1684,2545
117000010,2910,4915,-2005
117000011,1205,2395,-1190
117000012,1221,2133,-912
117000013,792,1620,-828
117000014,757,2901,-2144
117000015,3829,1390,2439
117000016,463,45,418
117000017,428,277,151
117000018,202,416,-214
117000019,254,2,252
117000020,835,1044,-209
117000021,4843,441,4402
117000022,646,63,583
117000023,531,108,423
117000024,552,84,468
117000025,955,866,89
117000026,2910,685,2225
117000027,5245,928,4317
117000028,5558,560,4998
117000030,777,442,335
117000031,203,87,116
117000032,2065,1656,409
117000033,1543,1589,-46
117000034,253,305,-52
117000035,116,85,31
117000036,300,272,28
117000037,153,102,51
117000038,243,404,-161
117000039,192,311,-119
117000040,102,1754,-1652
117000041,375,123,252
117000044,22,1546,-1524
117000045,193,55,138
117000046,424,900,-476
117000047,563,529,34
117000048,2473,1816,657
117000049,154,634,-480
117000050,116,3401,-3285
117000051,1418,205,1213
117000052,12,781,-769
117000053,91,99,-8
117000054,1303,3,1300
117000055,10,4649,-4639
117000056,452,16,436
117000057,657,2419,-1762
117000060,436,2525,-2089
117000061,1076,775,301
117000062,177,598,-421
117000063,1146,676,470
117000064,966,902,64
117000066,1610,1058,552
117000067,132,297,-165
117000074,181,143,38
117000076,90,55,35
117000077,102,89,13
117000078,138,701,-563
117000079,239,176,63
117000080,1,436,-435
117000081,673,126,547
117000082,13,59,-46
117000083,78,8,70
117000084,356,0,356
117000085,153,572,-419
117000086,1594,778,816
117000087,86,562,-476
117000088,197,206,-9
117000089,1108,358,750
117000090,242,1931,-1689
117000091,413,390,23
117000092,365,2310,-1945
117000093,648,797,-149
117000094,662,3339,-2677
117000095,1826,876,950
117000096,628,3343,-2715
117000097,1056,1301,-245
117000098,3223,7547,-4324
117000099,1795,913,882
117000100,110,159,-49
117000101,200,1754,-1554
117000102,1038,581,457
117000103,953,2456,-1503
117000104,944,578,366
117000105,772,2598,-1826
117000106,915,960,-45
117000107,543,3095,-2552
117000108,1037,859,178
117000109,2151,3965,-1814
117000110,1257,715,542
117000111,3936,5905,-1969
117000112,2246,2382,-136
117000113,106,530,-424
117000114,110,210,-100
117000115,50,243,-193
117000116,54,392,-338
117000117,1714,477,1237
117000118,252,162,90
117000119,193,42,151
117000120,599,65,534
117000121,432,360,72
117000122,696,854,-158
117000123,2355,41,2314
117000124,1553,21,1532
117000125,630,88,542
117000126,40,46,-6
117000127,247,521,-274
117000128,558,779,-221
117000129,593,48,545
117000130,116,0,116
117000131,0,24,-24
117000132,1374,32,1342
117000133,524,198,326
117000134,0,66,-66
117000135,14,32,-18
117000136,1,79,-78
117000137,52,57,-5
117000138,4,896,-892
117000140,532,2244,-1712
117000141,1132,623,509
117000181,1491,432,1059
117000182,161,200,-39
117000195,250,1795,-1545
117000196,140,56,84
117000225,130,4,126
117000226,5,116,-111
117000276,82,3,79
117000277,3,684,-681
117000310,2695,2989,-294
117000315,35,523,-488
117000320,60,0,60
117000906,70,18,52
117000907,15,519,-504
117000908,130,22,108
117000909,58,24,34
117000910,154,138,16
117000911,110,244,-134
117000915,9,872,-863
117000916,13,4,9
117000917,584,23,561
117000918,36,36,0
117000919,26,191,-165
117000920,4,2140,-2136
117000921,12,2622,-2610
117000922,46,187,-141
117000924,473,706,-233
117000926,1903,133,1770
117000927,3604,427,3177
117000928,1,325,-324
117000929,74,649,-575
117000930,50,17,33
117000931,1645,56,1589
117900002,178,424,-246
117900003,1029,337,692
117900005,17,4,13
117900006,0,64,-64
117900007,58,197,-139
117900008,0,47,-47
117900010,188,216,-28
117900011,22,30,-8
117900012,44,247,-203
117900013,1,451,-450
117900014,232,299,-67
117900015,8,212,-204
117900016,1756,413,1343
117900017,271,610,-339
117900018,312,18,294
117900019,350,731,-381
117900020,70,277,-207
117900021,24,181,-157
117900022,17,16,1
117900023,994,73,921
117900024,50,161,-111
117900025,12,15,-3
117900026,252,579,-327
117900028,36,1,35
117900029,159,1349,-1190
117900030,208,176,32
117900031,86,69,17
117900032,556,357,199
117900033,147,1273,-1126
117900034,33,36,-3
117900035,128,58,70
117900036,117,992,-875
117900037,33,209,-176
117900038,41,636,-595
117900039,0,134,-134
117900040,121,819,-698
117900041,4,68,-64
117900042,6400,615,5785
117900043,32,62,-30
117900044,302,2149,-1847
117900045,133,67,66
117900048,105,377,-272
117900049,74,818,-744
117900050,5,21,-16
117900051,23,1,22
117900052,105,253,-148
117900053,679,857,-178
117900054,0,15,-15
117900055,138,111,27
117900056,771,14,757
117900057,962,1526,-564
117900058,444,58,386
117900059,286,68,218
117900060,681,7330,-6649
117900061,13,217,-204
117900063,119,306,-187
117900065,975,1535,-560
117900066,6,27,-21
117900067,300,544,-244
117900069,429,752,-323
117900070,176,3,173
117900071,59,182,-123
117900073,177,683,-506
117900074,116,17,99
117900075,34,104,-70
117900076,8,39,-31
117900077,151,179,-28
117900078,252,346,-94
117900080,158,70,88
117900081,710,644,66
117900082,247,193,54
117900083,256,982,-726
117900086,94,53,41
117900087,98,87,11
117900088,3256,2138,1118
117900089,1096,382,714
117900090,217,1209,-992
117900091,252,216,36
117900092,22,45,-23
117900093,36,92,-56
117900094,17,7,10
117900095,110,810,-700
117900096,56,317,-261
117900097,289,85,204
117900098,4,1,3
117900099,129,681,-552
117900100,73,2,71
117900101,393,1017,-624
117900102,29,52,-23
117900103,22,0,22
117900104,7,180,-173
117900105,186,274,-88
117900106,72,52,20
117900107,6,0,6
117900109,269,369,-100
117900110,32,2,30
117900111,132,4,128
117900112,32,20,12
117900113,5345,1774,3571
117900114,0,0,0
117900115,497,43,454
117900116,1113,905,208
117900117,359,613,-254
117900118,9,0,9
117900119,50,355,-305
117900120,114,184,-70
117900121,81,38,43
117900122,1308,1547,-239
117900123,628,934,-306
117900124,1101,777,324
117900125,1353,760,593
117900126,296,728,-432
117900127,304,788,-484
117900128,167,1260,-1093
117900129,19,0,19
117900130,1086,466,620
117900131,0,224,-224
117900132,10,125,-115
117900133,1,198,-197
117900134,60,235,-175
117900135,23,278,-255
117900136,0,91,-91
117900137,168,533,-365
117900138,0,71,-71
117900139,28,195,-167
117900140,7129,275,6854
117900141,311,254,57
117900142,68,8,60
117900144,61,78,-17
117900145,47,6,41
117900146,144,103,41
117900147,26,53,-27
117900148,3951,1133,2818
117900149,21,222,-201
117900150,31,207,-176
117900151,26,195,-169
117900152,88,134,-46
117900153,6,124,-118
117900154,258,977,-719
117900156,973,747,226
117900157,43,557,-514
117900158,197,100,97
117900160,418,343,75
117900161,3057,3023,34
117900162,152,470,-318
117900163,80,12,68
117900165,1,7,-6
117900166,94,250,-156
117900168,42,192,-150
117900169,1,169,-168
117900170,0,54,-54
117900171,1,28,-27
117900172,25,59,-34
117900173,180,71,109
117900174,25,107,-82
117900175,2,41,-39
117900176,8,69,-61
117900177,9,83,-74
117900178,158,57,101
117900180,438,35,403
117900181,253,228,25
117900182,0,24,-24
117900183,35,215,-180
117900184,6,68,-62
117900185,25,27,-2
117900186,19,39,-20
117900187,24,7,17
117900188,273,32,241
117900189,42,11,31
117900190,12,2,10
117900191,51,1,50
117900192,119,0,119
117900193,41,81,-40
117900194,1,14,-13
117900195,28,38,-10
117900196,4,16,-12
117900207,120,90,30
117900208,39,54,-15
117900209,118,137,-19
117900210,226,200,26
117900211,45,298,-253
117900212,97,163,-66
117900213,5,27,-22
117900214,4,59,-55
117900215,9,7,2
117900216,29,4,25
117900217,105,57,48
117900218,130,120,10
117900219,8,55,-47
117900220,67,51,16
117900221,7,0,7
118000001,845,409,436
118000002,1501,2258,-757
118000003,1481,1058,423
118000004,2848,2354,494
118000005,6443,1789,4654
118000006,9901,8755,1146
118000007,9266,2383,6883
118000008,7375,3294,4081
118000009,2306,3503,-1197
118000010,4809,4533,276
118000011,740,3501,-2761
118000012,991,3633,-2642
118000013,4054,3631,423
118000014,2216,3870,-1654
118000016,252,703,-451
118000017,193,428,-235
118000018,335,1059,-724
118000019,1984,1271,713
118000020,1124,1415,-291
118000021,655,1894,-1239
118000022,2071,535,1536
118000023,1125,228,897
118000024,2049,664,1385
118000025,1230,647,583
118000027,18602,4852,13750
118000029,1365,593,772
118000032,1628,1594,34
118000033,3125,2254,871
118000034,6098,2022,4076
118000035,1725,1637,88
118000036,1252,1007,245
118000037,616,984,-368
118000038,122,149,-27
118000039,95,448,-353
118000040,2105,2530,-425
118000041,2025,1641,384
118000045,1112,153,959
118000046,2802,698,2104
118000047,2447,608,1839
118000048,5679,1419,4260
118000051,4540,1096,3444
118000052,3519,755,2764
118000053,1218,823,395
118000054,4365,1885,2480
118000055,3470,2193,1277
118000056,487,351,136
118000057,788,460,328
118000058,5074,1547,3527
118000059,2550,824,1726
118000060,717,905,-188
118000061,837,1498,-661
118000062,443,327,116
118000063,380,523,-143
118000064,1059,1256,-197
118000065,6963,1768,5195
118000066,789,971,-182
118000067,1931,967,964
118000068,2482,3273,-791
118000069,4357,1640,2717
118000070,10960,2012,8948
118000071,5310,5162,148
118000072,2807,994,1813
118000073,3940,619,3321
118000074,437,403,34
118000075,1329,356,973
118000076,1299,1169,130
118000077,1403,1167,236
118000078,1922,1871,51
118000079,319,357,-38
118000080,1057,776,281
118000081,1341,1010,331
118000082,343,716,-373
118000083,3047,1179,1868
118000084,3137,1558,1579
118000086,186,595,-409
118000087,7903,2592,5311
118000088,1952,1894,58
118000089,4600,2820,1780
118000090,2821,2414,407
118000091,2193,1658,535
118000092,1423,334,1089
118000093,102,714,-612
118000096,457,508,-51
118000097,586,456,130
118000098,186,234,-48
118000099,331,1180,-849
118000101,614,409,205
118000102,341,1937,-1596
118000107,4466,503,3963
118000108,524,1078,-554
118000110,1,30,-29
118000111,2,786,-784
118000112,163,1,162
118000113,8,1427,-1419
118000114,161,4,157
118000115,36,9,27
118000116,31,0,31
118000117,1265,1020,245
118000118,710,590,120
118000119,941,1049,-108
118000120,1588,1905,-317
118000121,63,478,-415
118000122,924,196,728
118000123,64,270,-206
118000125,2030,1449,581
118000126,668,1415,-747
118000127,1810,636,1174
118000128,952,1273,-321
118000129,585,255,330
118000130,3457,5163,-1706
118000131,512,1109,-597
118000132,1890,1446,444
118000133,377,465,-88
118000135,396,351,45
118000136,97,659,-562
118000137,592,68,524
118000138,254,1054,-800
118000139,107,101,6
118000140,2336,3252,-916
118000141,1608,2204,-596
118000142,1129,2592,-1463
118000143,1206,936,270
118000144,2048,1178,870
118000145,1821,3789,-1968
118000146,1094,1853,-759
118000147,598,2293,-1695
118000148,266,1471,-1205
118000149,632,1509,-877
118000150,283,196,87
118000151,249,490,-241
118000153,554,1270,-716
118000154,646,1768,-1122
118000155,671,1396,-725
118000156,2854,2328,526
118000157,364,372,-8
118000158,167,606,-439
118000159,37,62,-25
118000160,277,525,-248
118000161,336,1373,-1037
118000162,1018,877,141
118000163,428,788,-360
118000164,2516,1449,1067
118000168,2136,233,1903
118000169,1165,2201,-1036
118000170,4404,8609,-4205
118000171,173,698,-525
118000172,114,338,-224
118000173,876,1194,-318
118000175,250,391,-141
118000176,181,478,-297
118000177,164,541,-377
118000178,50,43,7
118000179,1929,693,1236
118000180,843,871,-28
118000181,792,410,382
118000182,189,307,-118
118000183,193,245,-52
118000184,348,1312,-964
118000185,1199,870,329
118000186,713,1039,-326
118000187,688,1199,-511
118000188,469,245,224
118000189,271,1133,-862
118000190,8,7,1
118000191,28,49,-21
118000192,177,178,-1
118000193,113,277,-164
118000194,2053,1276,777
118000195,2417,668,1749
118000196,701,105,596
118000197,241,117,124
118000198,660,415,245
118000199,749,342,407
118000200,90,257,-167
118000201,581,352,229
118000202,30,61,-31
118000203,2078,371,1707
118000204,146,179,-33
118000205,345,306,39
118000206,135,274,-139
118000207,1,163,-162
118000208,1055,1655,-600
118000209,1421,2401,-980
118000210,33,46,-13
118000211,10,24,-14
118000213,1170,970,200
118000214,556,301,255
118000215,232,375,-143
118000216,1370,4897,-3527
118000217,42,194,-152
118000218,60,197,-137
118000219,533,415,118
118000220,3,18,-15
118000221,64,241,-177
118000222,74,18,56
118000223,20,44,-24
118000224,334,187,147
118000225,105,1083,-978
118000226,561,112,449
118000227,1115,281,834
118000228,204,147,57
118000229,371,48,323
118000230,56,363,-307
118000231,66,218,-152
118000232,641,1166,-525
118000233,518,1060,-542
118000234,154,383,-229
118000236,373,579,-206
118000237,34,855,-821
118000238,110,327,-217
118000239,258,368,-110
118000240,628,75,553
118000241,89,384,-295
118000242,237,800,-563
118000243,86,263,-177
118000244,31,225,-194
118000246,0,7,-7
118000255,27,197,-170
118000256,50,161,-111
118000259,0,62,-62
118000260,126,109,17
118000261,7,173,-166
118000263,80,282,-202
118000266,97,535,-438
118000267,2,102,-100
118000268,229,7,222
118000270,36,45,-9
118000271,81,303,-222
118000272,78,60,18
118000273,103,85,18
118000274,92,437,-345
118000276,227,439,-212
118000295,3,45,-42
118000298,155,482,-327
118000299,52,258,-206
118000301,0,57,-57
118000302,79,106,-27
118000311,124,161,-37
118000312,94,252,-158
118000313,36,235,-199
118000314,52,82,-30
118000315,31,59,-28
118000316,320,650,-330
118000325,14,111,-97
118000326,27,69,-42
118000331,10,107,-97
118000332,20,61,-41
118000333,15,92,-77
118000335,83,0,83
118000336,2,507,-505
118000407,58,100,-42
118000457,2,22,-20
118000465,4208,2559,1649
118000480,4,194,-190
118000489,48,121,-73
118000490,73,507,-434
118000492,142,213,-71
118000510,73,22,51
118000514,152,400,-248
118000515,614,419,195
118000517,447,232,215
118000524,859,202,657
118000525,988,1123,-135
118000530,15,144,-129
118000531,108,314,-206
118000532,156,372,-216
118000533,356,194,162
118000534,504,508,-4
118000535,104,126,-22
118000536,1072,432,640
118000537,28,59,-31
118000538,37,132,-95
118000539,16,75,-59
118000540,245,345,-100
118000541,92,128,-36
118000542,73,201,-128
118000543,169,228,-59
118000546,13,36,-23
118000560,4292,772,3520
118000562,16,466,-450
118000563,2231,1730,501
118000576,78,288,-210
118000577,121,80,41
118000578,112,105,7
118000579,813,1015,-202
118000595,102,86,16
118000596,1,66,-65
118000597,67,149,-82
118000598,3,0,3
118000599,34,35,-1
118000600,0,50,-50
118000601,12,0,12
118000602,0,36,-36
118000603,0,31,-31
118900001,1510,639,871
118900002,1399,732,667
118900003,110,16,94
118900004,36,87,-51
118900005,38,1,37
118900006,57,1,56
118900007,4,3,1
118900008,1344,48,1296
118900009,10,25,-15
118900010,41,8,33
118900011,87,18,69
118900012,403,266,137
118900013,680,25,655
118900015,89,18,71
118900016,3,22,-19
118900017,123,161,-38
118900018,1445,12,1433
118900019,66,8,58
118900020,128,110,18
118900021,109,477,-368
118900022,70,142,-72
118900023,42,142,-100
118900024,31,225,-194
118900025,30,33,-3
118900026,34,129,-95
118900027,396,264,132
118900028,72,197,-125
118900029,109,608,-499
118900030,110,64,46
118900031,60,163,-103
118900032,75,271,-196
118900033,216,882,-666
118900034,68,14,54
118900035,81,351,-270
118900036,574,815,-241
118900037,240,394,-154
118900038,226,431,-205
118900039,180,347,-167
118900040,163,234,-71
118900041,196,200,-4
118900042,183,97,86
118900045,180,172,8
118900046,733,110,623
118900047,981,193,788
118900048,82,208,-126
118900049,52,42,10
118900050,10,179,-169
118900051,32,58,-26
118900052,117,300,-183
118900053,43,86,-43
118900054,41,58,-17
118900055,32,196,-164
118900056,16,96,-80
118900057,330,287,43
118900058,236,524,-288
118900059,12,73,-61
118900060,23,123,-100
118900062,74,264,-190
118900064,707,359,348
118900065,37,137,-100
118900066,42,126,-84
118900067,8395,2168,6227
118900068,2,102,-100
118900069,203,313,-110
118900071,8,59,-51
118900072,304,397,-93
118900073,33,101,-68
118900074,32,150,-118
118900075,24,96,-72
118900076,170,67,103
118900077,212,220,-8
118900078,47,5,42
118900079,35,186,-151
118900080,9,70,-61
118900081,21,10,11
118900082,375,207,168
118900083,6,20,-14
118900084,8,27,-19
118900085,596,1145,-549
118900086,14,50,-36
118900087,8,103,-95
118900088,6,22,-16
118900089,26,6,20
118900090,420,564,-144
118900091,226,103,123
118900092,64,107,-43
118900093,81,9,72
118900096,23,11,12
118900097,127,930,-803
118900099,51,342,-291
118900100,111,239,-128
118900101,24,958,-934
118900102,20,74,-54
118900103,41,50,-9
118900104,45,224,-179
118900105,139,123,16
118900107,221,115,106
118900108,70,97,-27
118900109,1027,130,897
118900110,2094,392,1702
118900111,222,854,-632
118900112,27,118,-91
118900113,71,926,-855
118900114,20,125,-105
118900115,74,348,-274
118900116,51,220,-169
118900117,60,205,-145
118900118,109,591,-482
118900119,68,339,-271
118900120,64,324,-260
118900121,9,387,-378
118900122,17,526,-509
118900123,100,271,-171
118900124,47,185,-138
118900126,6,314,-308
118900129,152,202,-50
118900130,24,79,-55
118900131,68,314,-246
118900132,311,195,116
118900133,26,65,-39
118900135,102,291,-189
118900136,155,981,-826
118900137,4,18,-14
118900139,70,653,-583
118900140,369,1119,-750
118900141,41,396,-355
118900144,85,874,-789
118900145,58,227,-169
118900146,195,1056,-861
118900147,79,88,-9
118900148,17,70,-53
118900150,127,306,-179
118900152,423,1183,-760
118900157,82,120,-38
118900158,51,163,-112
118900159,1,268,-267
118900161,88,6,82
118900163,267,121,146
118900164,9,200,-191
118900165,28,444,-416
118900166,31,2,29
118900167,27,233,-206
118900168,4,44,-40
118900169,83,632,-549
118900170,69,145,-76
118900171,5,30,-25
118900174,29,49,-20
118900175,171,533,-362
118900176,74,169,-95
118900177,20,75,-55
118900178,34,154,-120
118900179,1,57,-56
118900181,45,81,-36
118900182,131,34,97
118900183,7,74,-67
118900184,161,54,107
118900185,44,123,-79
118900186,53,93,-40
118900187,155,350,-195
118900188,224,280,-56
118900189,38,394,-356
118900190,15,971,-956
118900191,54,44,10
118900192,61,39,22
118900193,110,9,101
118900195,423,1333,-910
118900196,19,279,-260
118900197,82,124,-42
118900198,3,110,-107
118900199,17,89,-72
118900200,5,14,-9
118900201,8,10,-2
118900202,9,58,-49
118900203,2,70,-68
118900204,3,63,-60
118900205,5,26,-21
118900206,5,42,-37
119000001,1005,1422,-417
119000002,3065,3478,-413
119000003,1303,1868,-565
119000004,1659,1493,166
119000005,1474,1582,-108
119000006,1430,1545,-115
119000007,2550,3279,-729
119000008,1670,2593,-923
119000009,4125,2642,1483
119000010,10332,4487,5845
119000011,7419,2256,5163
119000012,7135,3470,3665
119000013,2734,1323,1411
119000014,2961,4355,-1394
119000019,260,260,0
119000020,1066,1568,-502
119000021,2428,2337,91
119000022,5270,1554,3716
119000023,249,223,26
119000024,2691,6097,-3406
119000025,15805,1563,14242
119000026,321,210,111
119000027,985,486,499
119000028,2348,1619,729
119000029,169,254,-85
119000030,358,1404,-1046
119000031,687,880,-193
119000032,2902,2809,93
119000033,2198,2066,132
119000034,982,1152,-170
119000035,16,513,-497
119000036,787,1416,-629
119000037,927,2971,-2044
119000038,82,1471,-1389
119000039,142,442,-300
119000040,1209,470,739
119000041,1031,1097,-66
119000048,4593,4938,-345
119000049,1057,4552,-3495
119000050,1878,2968,-1090
119000051,2153,1063,1090
119000052,2229,3608,-1379
119000053,1785,1246,539
119000054,2537,4871,-2334
119000055,2321,4711,-2390
119000056,1616,2353,-737
119000057,1413,3311,-1898
119000058,1759,2792,-1033
119000059,898,1930,-1032
119000060,912,964,-52
119000061,714,1023,-309
119000062,1031,1528,-497
119000063,240,281,-41
119000064,1254,1738,-484
119000065,2423,4553,-2130
119000066,2124,1170,954
119000067,1908,3162,-1254
119000068,1069,1258,-189
119000069,1136,3343,-2207
119000070,1374,1319,55
119000071,562,1153,-591
119000072,8886,4624,4262
119000073,7897,5947,1950
119000074,650,4717,-4067
119000075,639,2788,-2149
119000076,884,1049,-165
119000077,1319,604,715
119000078,378,345,33
119000079,58,858,-800
119000080,134,324,-190
119000081,395,548,-153
119000082,946,347,599
119000083,281,380,-99
119000084,314,693,-379
119000085,767,432,335
119000086,295,523,-228
119000087,1844,1200,644
119000088,216,309,-93
119000089,63,156,-93
119000090,148,191,-43
119000091,129,432,-303
119000092,801,259,542
119000093,4673,4630,43
119000094,1869,5635,-3766
119000095,1041,3714,-2673
119000097,3133,2167,966
119000098,627,1586,-959
119000099,2032,2225,-193
119000100,2152,2499,-347
119000101,4171,2774,1397
119000102,827,740,87
119000103,1952,672,1280
119000104,3833,1933,1900
119000105,515,905,-390
119000106,224,2689,-2465
119000107,289,548,-259
119000108,219,1887,-1668
119000109,261,425,-164
119000110,1236,579,657
119000111,119,600,-481
119000112,246,159,87
119000113,4818,388,4430
119000114,675,564,111
119000115,193,159,34
119000116,119,79,40
119000117,87,359,-272
119000118,0,5,-5
119000123,2908,689,2219
119000124,288,289,-1
119000125,1557,1461,96
119000126,210,1180,-970
119000127,202,1360,-1158
119000128,95,9,86
119000131,495,1400,-905
119000132,6,3,3
119000133,2,8,-6
119000134,3474,567,2907
119000135,55,237,-182
119000136,80,450,-370
119000137,88,797,-709
119000138,169,661,-492
119000139,140,475,-335
119000140,111,344,-233
119000284,1841,3327,-1486
119000285,3181,2646,535
119000286,7954,5660,2294
119000287,1495,2752,-1257
119000288,1882,2249,-367
119000289,2658,5331,-2673
119000290,130,703,-573
119000291,1,421,-420
119000293,41,189,-148
119000294,16,26,-10
119000295,2682,787,1895
119000296,123,148,-25
119000302,5226,1688,3538
119000303,36,197,-161
119000314,1670,5704,-4034
119000315,3,894,-891
119000316,25,168,-143
119000317,33,676,-643
119900001,144,701,-557
119900002,40,356,-316
119900003,51,1822,-1771
119900004,425,373,52
119900005,75,227,-152
119900006,155,368,-213
119900007,598,73,525
119900008,34,47,-13
119900009,468,678,-210
119900010,4132,1465,2667
119900011,11,46,-35
119900012,12,37,-25
119900013,1521,666,855
119900014,1072,295,777
119900015,52,13,39
119900016,19,162,-143
119900017,12,35,-23
119900018,1529,276,1253
119900019,24,8,16
119900020,64,181,-117
119900021,77,67,10
119900022,124,250,-126
119900023,1015,472,543
119900025,60,27,33
119900026,1300,64,1236
119900027,9,26,-17
119900028,172,34,138
119900029,0,10,-10
119900030,522,439,83
119900031,16,238,-222
119900033,3053,218,2835
119900034,104,236,-132
119900037,65,32,33
119900038,34,155,-121
119900039,33,10,23
119900040,75,17,58
119900041,47,76,-29
119900042,69,134,-65
119900043,42,177,-135
119900044,160,305,-145
119900046,34,116,-82
119900047,106,72,34
119900048,6,61,-55
119900049,24,8,16
119900050,68,59,9
119900051,364,13,351
119900052,17,97,-80
119900053,51,259,-208
119900054,22,2,20
119900055,527,270,257
119900057,74,108,-34
119900058,53,2,51
119900059,196,84,112
119900060,91,14,77
119900061,72,12,60
119900062,29,46,-17
119900063,13,49,-36
119900064,180,53,127
119900065,120,6,114
119900066,0,1,-1
119900067,43,39,4
119900068,107,4,103
119900069,49,9,40
119900070,455,65,390
119900071,194,10,184
119900072,181,594,-413
119900073,2350,498,1852
119900074,36,14,22
119900075,7834,2235,5599
119900076,230,795,-565
119900077,261,1864,-1603
119900078,166,957,-791
119900079,68,488,-420
119900080,215,277,-62
119900081,20,82,-62
119900082,440,255,185
119900083,392,116,276
119900084,609,168,441
119900085,189,71,118
119900086,70,913,-843
119900087,290,171,119
119900088,47,64,-17
119900089,15,753,-738
119900090,232,82,150
119900091,34,1526,-1492
119900092,29,599,-570
119900093,717,103,614
119900094,24,272,-248
119900095,231,96,135
119900096,50,133,-83
119900097,472,197,275
119900098,18,53,-35
119900099,45,404,-359
119900100,3570,2695,875
119900101,253,1260,-1007
119900102,29,450,-421
119900103,21,749,-728
119900104,44,364,-320
119900105,1773,1912,-139
119900106,11,326,-315
119900107,398,5137,-4739
119900108,2585,802,1783
119900109,19,365,-346
119900110,412,920,-508
119900111,65,588,-523
119900112,4068,573,3495
119900113,68,658,-590
119900114,158,2457,-2299
119900115,66,1791,-1725
119900116,182,286,-104
119900117,125,1345,-1220
119900118,19,1675,-1656
119900119,74,320,-246
119900120,716,975,-259
119900121,135,2104,-1969
119900122,188,452,-264
119900123,215,296,-81
119900124,63,1420,-1357
119900125,55,596,-541
119900126,7989,248,7741
119900127,3923,1148,2775
119900128,268,993,-725
119900129,66,1260,-1194
119900130,35,372,-337
119900131,20,549,-529
119900132,3,491,-488
119900133,30,57,-27
119900134,3014,380,2634
119900135,0,684,-684
119900136,248,729,-481
119900138,518,889,-371
119900139,17,134,-117
119900140,4,204,-200
119900141,172,428,-256
119900142,11,24,-13
119900143,15,235,-220
119900144,2956,327,2629
119900145,86,361,-275
119900146,214,165,49
119900147,3,147,-144
119900148,48,71,-23
119900149,2389,3846,-1457
119900150,202,322,-120
119900151,1772,878,894
119900152,46,640,-594
119900153,74,67,7
119900154,10,346,-336
119900155,16,34,-18
119900156,6,9,-3
119900157,31,410,-379
119900158,75,66,9
119900159,8,2454,-2446
119900160,38,402,-364
119900161,136,499,-363
119900162,630,689,-59
119900163,188,100,88
119900164,0,3,-3
119900165,124,437,-313
119900166,61,28,33
119900167,55,201,-146
119900168,320,499,-179
119900169,139,171,-32
119900170,130,199,-69
119900171,676,706,-30
119900172,113,11,102
119900173,6,816,-810
119900174,0,442,-442
119900175,535,819,-284
119900177,13,337,-324
119900178,9,320,-311
119900179,27,215,-188
119900180,672,776,-104
119900181,39,64,-25
119900182,4,824,-820
119900183,132,1289,-1157
119900184,4517,727,3790
119900185,16,79,-63
119900186,60,239,-179
119900187,8,865,-857
119900188,20,535,-515
119900189,405,212,193
119900190,69,116,-47
119900191,248,91,157
119900192,39,285,-246
119900193,152,276,-124
119900194,8,50,-42
119900195,24,384,-360
119900196,2823,680,2143
119900197,177,135,42
119900198,127,609,-482
119900199,162,21,141
119900200,367,671,-304
119900201,577,315,262
119900202,271,98,173
119900203,95,262,-167
119900204,106,590,-484
119900205,199,896,-697
119900206,49,127,-78
119900208,120,130,-10
119900209,269,632,-363
119900210,14,39,-25
119900211,83,18,65
119900212,78,313,-235
119900213,2,75,-73
119900214,10,163,-153
119900215,25,159,-134
119900216,12,143,-131
119900217,3,128,-125
119900218,40,75,-35
119900219,7,191,-184
119900220,1,202,-201
119900221,28,661,-633
119900222,16,493,-477
119900223,12,180,-168
119900224,17,51,-34
119900225,1936,67,1869
119900226,1462,1397,65
119900227,1820,495,1325
119900228,60,490,-430
119900229,295,618,-323
119900230,1441,774,667
119900231,76,290,-214
119900232,175,40,135
119900233,6,1,5
119900234,22,118,-96
119900235,6,20,-14
119900236,18,347,-329
119900237,59,708,-649
119900238,1,153,-152
119900240,38,201,-163
119900241,108,342,-234
119900242,2285,1090,1195
119900244,876,2485,-1609
119900245,34,157,-123
119900246,361,246,115
119900247,29,40,-11
119900248,54,48,6
119900249,136,47,89
119900253,6161,444,5717
119900254,32,223,-191
119900255,116,705,-589
119900256,129,1965,-1836
119900257,4,0,4
119900258,36,16,20
119900259,3,300,-297
119900260,35,6,29
119900261,137,307,-170
119900262,2,398,-396
119900263,1036,514,522
119900264,39,450,-411
119900265,160,697,-537
119900266,86,429,-343
119900267,137,477,-340
119900268,196,364,-168
119900269,289,2484,-2195
119900271,29,112,-83
119900272,94,36,58
119900275,26,0,26
119900276,19,3,16
119900277,9,0,9
119900278,185,26,159
119900279,140,207,-67
119900280,1345,321,1024
119900281,1,69,-68
119900282,80,17,63
119900283,7,464,-457
119900284,28,321,-293
119900285,18,73,-55
119900286,9,67,-58
119900288,6,41,-35
119900289,0,56,-56
119900290,2,51,-49
119900291,0,49,-49
119900292,9,8,1
119900293,4,38,-34
119900294,17,86,-69
119900295,1,44,-43
119900296,5,295,-290
119900297,0,25,-25
119900298,8,7,1
119900299,26,387,-361
119900300,174,294,-120
119900301,115,18,97
119900302,61,48,13
119900303,263,384,-121
119900304,54,9,45
119900305,17,111,-94
119900306,11,4,7
119900307,23,213,-190
119900308,3,15,-12
119900309,16,36,-20
119900310,259,422,-163
119900311,19,273,-254
119900312,53,118,-65
119900313,133,501,-368
119900314,57,293,-236
119900315,649,4039,-3390
119900318,2,16,-14
119900319,14,493,-479
119900320,136,1005,-869
119900321,24,0,24
120000001,9997,9210,787
120000002,2446,4037,-1591
120000003,4659,2357,2302
120000004,3535,3041,494
120000005,5837,2564,3273
120000006,1129,1509,-380
120000007,4350,2683,1667
120000008,1226,1641,-415
120000009,6270,1246,5024
120000010,1763,4272,-2509
120000011,1360,2791,-1431
120000012,1886,4110,-2224
120000013,2331,3529,-1198
120000014,561,2201,-1640
120000015,2956,1980,976
120000016,3512,2703,809
120000017,3017,2064,953
120000018,6148,7331,-1183
120000019,790,1092,-302
120000020,3342,2676,666
120000021,1884,2015,-131
120000022,3340,3740,-400
120000023,874,2099,-1225
120000024,1651,2643,-992
120000025,1857,2802,-945
120000026,730,2269,-1539
120000027,1336,1955,-619
120000028,891,449,442
120000029,7168,716,6452
120000030,615,1025,-410
120000031,2512,9702,-7190
120000032,13143,4475,8668
120000033,2735,2270,465
120000034,1209,3100,-1891
120000035,1343,3283,-1940
120000036,2269,4702,-2433
120000037,515,974,-459
120000038,14097,3714,10383
120000039,582,1319,-737
120000040,160,213,-53
120000041,759,2733,-1974
120000042,1718,6758,-5040
120000043,4887,3939,948
120000044,2958,1434,1524
120000045,2903,1180,1723
120000046,1577,2140,-563
120000047,2791,3026,-235
120000048,10940,4049,6891
120000049,2634,3204,-570
120000050,3147,5754,-2607
120000051,5059,5134,-75
120000052,19314,3001,16313
120000053,901,5742,-4841
120000054,1731,8680,-6949
120000055,1090,6141,-5051
120000056,3358,6807,-3449
120000057,1601,1264,337
120000058,430,229,201
120000059,192,1296,-1104
120000061,87,1091,-1004
120000062,323,330,-7
120000063,2131,4082,-1951
120000064,251,2187,-1936
120000065,614,2400,-1786
120000066,144,878,-734
120000067,45,1076,-1031
120000068,167,1616,-1449
120000069,439,2136,-1697
120000070,28,1358,-1330
120000071,143,235,-92
120000072,207,558,-351
120000073,231,197,34
120000074,56,174,-118
120000075,261,302,-41
120000076,898,406,492
120000077,996,440,556
120000078,3302,716,2586
120000079,81,125,-44
120000080,62,103,-41
120000081,169,113,56
120000082,126,133,-7
120000083,31,238,-207
120000084,487,773,-286
120000085,417,496,-79
120000086,226,869,-643
120000087,156,1547,-1391
120000088,691,1923,-1232
120000089,863,739,124
120000090,314,603,-289
120000091,701,1070,-369
120000092,796,649,147
120000093,189,592,-403
120000094,154,518,-364
120000095,827,949,-122
120000096,187,1622,-1435
120000098,792,1452,-660
120000099,284,1018,-734
120000100,573,1326,-753
120000101,357,692,-335
120000102,348,546,-198
120000103,947,427,520
120000104,1220,263,957
120000105,1388,301,1087
120000106,1136,314,822
120000107,1381,470,911
120000108,452,114,338
120000109,644,58,586
120000110,83,1240,-1157
120000111,77,1839,-1762
120000112,629,5895,-5266
120000113,499,4025,-3526
120000114,564,3643,-3079
120000115,327,3119,-2792
120000116,679,2666,-1987
120000117,1583,2102,-519
120000118,19,27,-8
120000119,44,44,0
120000120,76,65,11
120000121,44,31,13
120000122,316,265,51
120000123,8800,2995,5805
120000124,282,564,-282
120000125,303,797,-494
120000126,254,704,-450
120000127,1504,681,823
120000128,3226,1945,1281
120000129,355,339,16
120000130,800,877,-77
120000131,235,502,-267
120000134,341,2141,-1800
120000135,147,327,-180
120000137,94,3254,-3160
120000138,226,646,-420
120000139,125,1432,-1307
120000140,251,794,-543
120000141,140,760,-620
120000142,174,850,-676
120000143,2,188,-186
120000144,34,0,34
120000145,133,4,129
120000146,2863,868,1995
120000149,462,1408,-946
120000150,7068,12604,-5536
120000151,378,574,-196
120000152,305,417,-112
120000153,168,1056,-888
120000154,441,450,-9
120000155,98,214,-116
120000156,2073,489,1584
120000157,990,1067,-77
120000158,680,1206,-526
120000159,1981,3006,-1025
120000160,2124,1552,572
120000161,1089,3335,-2246
120000162,72,269,-197
120000163,227,1958,-1731
120000164,181,597,-416
120000165,207,1272,-1065
120000166,480,756,-276
120000167,26,37,-11
120000168,43,115,-72
120000169,162,425,-263
120000170,233,213,20
120000171,34,89,-55
120000172,16,31,-15
120000173,5122,196,4926
120000174,439,4,435
120000175,750,13,737
120000176,303,65,238
120000177,2668,599,2069
120000178,295,10,285
120000179,1281,39,1242
120000180,1742,117,1625
120000181,236,193,43
120000182,177,133,44
120000183,32,235,-203
120000184,164,2192,-2028
120000186,61,83,-22
120000187,98,44,54
120000188,319,49,270
120000190,2169,13,2156
120000191,3150,24,3126
120000192,3450,19,3431
120000193,1215,4,1211
120000195,237,3,234
120000196,670,61,609
120000197,142,232,-90
120000198,110,221,-111
120000199,49,1,48
120000200,45,0,45
120000201,5,17,-12
120000202,2,112,-110
120000203,23,614,-591
120000207,3,206,-203
120000208,3,455,-452
120000209,1,123,-122
120000210,211,145,66
120000211,54,2,52
120000212,50,1,49
120000213,54,640,-586
120000214,5,698,-693
120000215,4,254,-250
120000216,57,7,50
120000217,1239,2039,-800
120000218,298,1808,-1510
120000219,9,1247,-1238
120000220,24,4183,-4159
120000225,646,0,646
120000226,184,5,179
120000227,682,43,639
120000228,11366,2402,8964
120000230,120,14,106
120000231,499,3497,-2998
120000233,148,25,123
120000235,97,980,-883
120000236,624,3,621
120000237,4,3326,-3322
120000238,2,175,-173
120000241,1206,3439,-2233
120000412,2442,21,2421
120000413,84,712,-628
120000414,41,2,39
120000415,0,317,-317
120000416,39,6,33
120000417,0,124,-124
120000418,63,16,47
120000419,11,686,-675
120000420,77,35,42
120000421,20487,7640,12847
120000422,277,358,-81
120000423,6,47,-41
120000424,23,231,-208
120000436,111,368,-257
120000437,194,285,-91
120000438,6120,462,5658
120000439,155,267,-112
120000443,71,2,69
120000444,568,722,-154
120000445,1490,1434,56
120000446,1194,387,807
120000447,119,3,116
120000449,36,17,19
120000450,3,503,-500
120000451,164,282,-118
120000452,56,1,55
120000453,3,720,-717
120000454,63,24,39
120000455,70,75,-5
120000456,4135,2788,1347
120000457,2192,1382,810
120000458,610,916,-306
120000459,61,85,-24
120000665,2198,183,2015
120000668,85,202,-117
120000669,66,541,-475
120000670,374,493,-119
120000671,543,252,291
120000672,79,645,-566
120900001,28,25,3
120900002,225,285,-60
120900003,153,35,118
120900004,23,24,-1
120900005,3,2061,-2058
120900006,107,226,-119
120900007,72,225,-153
120900008,71,1612,-1541
120900009,82,35,47
120900010,191,64,127
120900011,369,114,255
120900012,1519,650,869
120900013,254,28,226
120900014,4,1130,-1126
120900015,349,91,258
120900016,327,80,247
120900017,4175,140,4035
120900018,49,706,-657
120900019,369,108,261
120900020,700,561,139
120900021,350,47,303
120900022,23,512,-489
120900023,52,44,8
120900024,1717,574,1143
120900025,2856,889,1967
120900026,72,274,-202
120900027,706,192,514
120900028,113,37,76
120900029,128,194,-66
120900030,644,486,158
120900031,96,38,58
120900032,301,219,82
120900033,472,44,428
120900034,35,1939,-1904
120900035,48,380,-332
120900037,67,5,62
120900038,27,121,-94
120900039,82,23,59
120900040,90,2,88
120900041,126,36,90
120900042,79,86,-7
120900043,17,16,1
120900044,2,633,-631
120900045,141,265,-124
120900046,360,1,359
120900047,89,22,67
120900048,63,12,51
120900049,135,0,135
120900050,5251,940,4311
120900051,131,124,7
120900052,214,1,213
120900053,140,94,46
120900054,1411,1006,405
120900055,118,1,117
120900056,207,4,203
120900057,50,29,21
120900058,148,2,146
120900059,39,2,37
120900060,47,38,9
120900061,203,476,-273
120900062,95,0,95
120900063,186,3,183
120900064,142,0,142
120900065,139,12,127
120900066,111,593,-482
120900067,116,24,92
120900068,85,1,84
120900069,89,118,-29
120900071,10,2,8
120900072,219,0,219
120900073,182,400,-218
120900074,167,3,164
120900076,107,0,107
120900077,5861,448,5413
120900078,406,1002,-596
120900079,239,172,67
120900080,196,3498,-3302
120900081,369,1498,-1129
120900082,629,239,390
120900083,17,3,14
120900084,129,162,-33
120900085,139,105,34
120900086,217,180,37
120900087,217,55,162
120900088,168,175,-7
120900089,6839,1430,5409
120900090,54,289,-235
120900091,318,238,80
120900092,909,968,-59
120900093,6047,369,5678
120900094,611,350,261
120900095,292,25,267
120900096,27,139,-112
120900097,628,1546,-918
120900098,291,268,23
120900099,68,133,-65
120900100,48,547,-499
120900101,529,449,80
120900102,12,175,-163
120900103,41,138,-97
120900104,100,63,37
120900105,45,1193,-1148
120900106,1614,887,727
120900107,500,281,219
120900108,5,1439,-1434
120900109,37,1168,-1131
120900110,11,1082,-1071
120900111,125,495,-370
120900112,9,2121,-2112
120900113,12,1590,-1578
120900114,15,338,-323
120900115,142,174,-32
120900116,65,936,-871
120900117,6,904,-898
120900118,2,1396,-1394
120900119,4683,5773,-1090
120900120,70,1094,-1024
120900121,70,618,-548
120900122,122,955,-833
120900123,4,889,-885
120900124,6,993,-987
120900125,7,1620,-1613
120900126,1568,1000,568
120900127,9,718,-709
120900128,1028,1178,-150
120900129,67,558,-491
120900130,3,575,-572
120900131,24,51,-27
120900132,357,644,-287
120900133,251,1540,-1289
120900134,326,740,-414
120900135,9,1011,-1002
120900136,23,29,-6
120900137,102,184,-82
120900138,20,393,-373
120900139,2,1170,-1168
120900140,1,73,-72
120900141,85,123,-38
120900142,26,1305,-1279
120900143,5,1525,-1520
120900144,1,390,-389
120900145,110,1235,-1125
120900146,3,1676,-1673
120900147,1,463,-462
120900148,110,174,-64
120900149,3,522,-519
120900150,13,884,-871
120900151,0,1065,-1065
120900152,0,82,-82
120900153,20,118,-98
120900154,0,441,-441
120900155,91,1626,-1535
120900156,12,451,-439
120900157,21,280,-259
120900158,15,797,-782
120900159,13,381,-368
120900160,21,438,-417
120900161,19,1535,-1516
120900162,24,1291,-1267
120900163,12,178,-166
120900164,0,1,-1
120900165,0,3,-3
120900166,26,121,-95
120900167,188,101,87
120900169,26,878,-852
120900170,3645,1315,2330
120900171,1581,581,1000
120900172,2571,174,2397
120900173,0,83,-83
120900174,11,153,-142
120900175,237,278,-41
120900176,8,295,-287
120900177,0,490,-490
120900178,1,286,-285
120900179,958,586,372
120900180,136,122,14
120900181,60,81,-21
120900182,22,655,-633
120900183,433,77,356
120900184,211,89,122
120900185,3,539,-536
120900186,3,675,-672
120900187,286,714,-428
120900188,63,14,49
120900189,143,323,-180
120900190,9,33,-24
120900191,0,31,-31
120900192,19387,2335,17052
120900194,13,77,-64
120900195,130,454,-324
120900196,485,82,403
120900197,385,47,338
120900198,237,818,-581
120900199,256,1833,-1577
120900200,214,120,94
120900201,916,264,652
120900202,5,345,-340
120900203,9,47,-38
120900204,469,538,-69
120900205,80,145,-65
120900206,16,14,2
121000001,1231,1301,-70
121000002,2309,1079,1230
121000003,5493,2440,3053
121000004,3238,3246,-8
121000005,2645,2941,-296
121000006,3555,1396,2159
121000007,3899,3152,747
121000008,5756,2862,2894
121000009,10450,6163,4287
121000010,11920,4101,7819
121000011,16005,11362,4643
121000012,22167,7580,14587
121000013,6232,6872,-640
121000014,8091,6279,1812
121000015,5040,6152,-1112
121000016,5239,3612,1627
121000017,2168,3907,-1739
121000018,2419,2131,288
121000019,23687,8475,15212
121000020,14984,8488,6496
121000021,3386,3386,0
121000022,1996,1621,375
121000023,5409,3397,2012
121000024,3183,3091,92
121000025,673,854,-181
121000026,252,108,144
121000027,1619,1072,547
121000028,821,404,417
121000029,1068,906,162
121000030,538,458,80
121000031,524,658,-134
121000032,228,48,180
121000034,313,147,166
121000035,95,91,4
121000036,1119,914,205
121000037,524,651,-127
121000038,663,548,115
121000039,392,303,89
121000041,392,487,-95
121000042,210,358,-148
121000043,969,606,363
121000044,2494,706,1788
121000045,401,411,-10
121000046,357,981,-624
121000047,14,110,-96
121000049,2119,720,1399
121000050,367,1201,-834
121000051,603,420,183
121000052,256,623,-367
121000053,421,79,342
121000054,42,224,-182
121000055,1948,999,949
121000056,1103,1062,41
121000057,154,425,-271
121000058,458,102,356
121000059,2381,919,1462
121000060,444,977,-533
121000061,78,182,-104
121000062,136,244,-108
121000063,743,472,271
121000064,384,289,95
121000065,390,380,10
121000066,481,385,96
121000067,1195,294,901
121000068,520,331,189
121000069,678,217,461
121000070,2282,1352,930
121000071,958,973,-15
121000072,1594,838,756
121000073,961,810,151
121000074,138,132,6
121000075,118,24,94
121000076,1391,306,1085
121000077,233,68,165
121000078,88,134,-46
121000080,3493,672,2821
121000081,2932,2021,911
121000082,183,260,-77
121000083,299,101,198
121000084,278,105,173
121000085,426,639,-213
121000086,194,1110,-916
121000087,64,277,-213
121000088,366,814,-448
121000089,606,313,293
121000090,430,397,33
121000091,2272,699,1573
121000092,111,112,-1
121000093,143,258,-115
121000094,494,427,67
121000095,322,563,-241
121000096,2555,2485,70
121000097,1896,1729,167
121000098,273,1571,-1298
121000099,314,1003,-689
121000100,388,809,-421
121000101,120,350,-230
121000102,95,532,-437
121000103,62,421,-359
121000104,74,217,-143
121000105,257,403,-146
121000106,167,438,-271
121000107,2412,4406,-1994
121000109,1772,1316,456
121000110,404,551,-147
121000114,2770,2817,-47
121000115,833,787,46
121000116,515,814,-299
121000117,1440,284,1156
121000118,1256,337,919
121000119,282,300,-18
121000120,199,597,-398
121000121,506,1040,-534
121000123,1437,675,762
121000126,112,301,-189
121000127,267,107,160
121000128,357,671,-314
121000129,441,499,-58
121000130,390,1298,-908
121000131,2930,1106,1824
121000132,1639,1252,387
121000135,720,544,176
121000136,1409,707,702
121000137,528,140,388
121000138,817,850,-33
121000139,563,162,401
121000141,272,119,153
121000142,1138,544,594
121000143,180,8,172
121000144,1363,774,589
121000145,349,1432,-1083
121000146,852,849,3
121000147,578,503,75
121000148,714,1135,-421
121000149,1650,1115,535
121000152,449,718,-269
121000153,1799,677,1122
121000154,843,615,228
121000155,1117,1177,-60
121000156,429,999,-570
121000157,1788,2460,-672
121000158,449,601,-152
121000159,161,697,-536
121000160,257,798,-541
121000161,70,477,-407
121000162,21,444,-423
121000165,2504,1655,849
121000166,35,458,-423
121000168,193,347,-154
121000169,43,235,-192
121000170,198,106,92
121000171,38,217,-179
121000172,462,474,-12
121000173,1430,778,652
121000174,225,397,-172
121000175,482,602,-120
121000176,296,241,55
121000177,988,701,287
121000178,80,69,11
121000179,67,84,-17
121000181,337,404,-67
121000182,51,148,-97
121000183,38,51,-13
121000184,20,99,-79
121000185,23,185,-162
121000186,223,308,-85
121000187,164,364,-200
121000188,92,365,-273
121000192,528,374,154
121000193,690,447,243
121000194,3276,2503,773
121000195,546,1215,-669
121000196,749,176,573
121000197,295,1034,-739
121000198,224,51,173
121000199,149,520,-371
121000200,415,72,343
121000201,5,241,-236
121000202,104,6,98
121000203,629,3058,-2429
121000204,1343,669,674
121000205,188,343,-155
121000206,138,41,97
121000207,1122,590,532
121000208,7,459,-452
121000209,115,497,-382
121000210,178,763,-585
121000211,123,125,-2
121000212,389,1020,-631
121000213,11512,2849,8663
121000214,932,1790,-858
121000215,1459,936,523
121000216,509,530,-21
121000217,4915,2319,2596
121000218,647,2122,-1475
121000219,1568,362,1206
121000220,425,80,345
121000221,198,221,-23
121000222,3055,2511,544
121000223,542,310,232
121000224,343,191,152
121000225,1271,1072,199
121000226,2139,752,1387
121000227,3,245,-242
121000228,27,1092,-1065
121000229,89,601,-512
121000230,81,2316,-2235
121000231,377,32,345
121000232,336,202,134
121000233,440,350,90
121000234,9,65,-56
121000235,40,72,-32
121000236,2,60,-58
121000237,27,21,6
121000238,0,98,-98
121000239,36,16,20
121000240,3,238,-235
121000241,95,12,83
121000242,27,146,-119
121000243,386,40,346
121000244,3,112,-109
121000245,9,7,2
121000246,0,92,-92
121000247,23,1,22
121000248,687,623,64
121000249,47,293,-246
121000250,207,97,110
121000251,15,732,-717
121000252,43,37,6
121000253,116,634,-518
121000254,248,290,-42
121000255,183,161,22
121000256,314,173,141
121000257,71,75,-4
121000258,109,80,29
121000259,22,41,-19
121000260,26,157,-131
121000261,30,65,-35
121000262,1355,567,788
121000263,336,500,-164
121000271,268,1679,-1411
121000273,57,8,49
121000274,5,65,-60
121000275,4,33,-29
121000276,1,24,-23
121000278,18,66,-48
121000279,26,10,16
121000280,39,44,-5
121000289,214,33,181
121000290,1280,754,526
121000294,58,256,-198
121000297,1066,685,381
121000299,83,228,-145
121000300,902,834,68
121000302,282,743,-461
121000303,805,487,318
121000304,394,58,336
121000305,88,57,31
121000306,62,157,-95
121000308,183,444,-261
121000309,509,862,-353
121000310,69,542,-473
121000311,73,926,-853
121000312,380,223,157
121000313,762,745,17
121000314,140,105,35
121000315,78,77,1
121000530,799,1622,-823
121000531,1048,1728,-680
121000532,5631,4849,782
121000533,2684,2627,57
121000918,22,282,-260
121000919,6,44,-38
121000938,1177,374,803
121000939,1795,248,1547
121000956,371,1874,-1503
121000957,4,11,-7
121000958,106,57,49
121000959,295,1250,-955
121000960,1202,2904,-1702
121000961,131,60,71
121000962,377,755,-378
121000973,0,320,-320
121000976,11,194,-183
121000979,233,61,172
121000981,385,86,299
121000982,167,283,-116
121000983,280,519,-239
121000984,25,46,-21
121000985,283,984,-701
121000986,59,468,-409
121000987,251,2179,-1928
121000988,322,122,200
121001302,480,129,351
121001308,0,12,-12
121001309,124,83,41
121001313,70,411,-341
121001314,4902,4909,-7
121001315,4793,1737,3056
121900001,67,181,-114
121900002,28,18,10
121900003,342,5,337
121900004,123,407,-284
121900005,13,7,6
121900006,46,7,39
121900007,2463,2681,-218
121900008,2452,120,2332
121900009,597,20,577
121900010,212,4,208
121900011,401,366,35
121900012,1,0,1
121900013,895,21,874
121900014,1171,460,711
121900015,107,167,-60
121900016,1,19,-18
121900017,277,529,-252
121900018,223,5,218
121900019,204,294,-90
121900020,25,1,24
121900021,607,9,598
121900022,121,176,-55
121900023,69,487,-418
121900024,485,69,416
121900025,488,333,155
121900026,226,55,171
121900027,268,114,154
121900028,231,13,218
121900029,125,169,-44
121900030,517,511,6
121900031,1165,3892,-2727
121900032,102,85,17
121900033,155,126,29
121900034,163,96,67
121900035,2733,1838,895
121900036,43,380,-337
121900037,118,735,-617
121900038,32,161,-129
121900039,573,33,540
121900040,12,109,-97
121900041,97,166,-69
121900042,264,132,132
121900043,1,1,0
121900044,311,29,282
121900046,242,203,39
121900047,124,48,76
121900048,14,168,-154
121900050,10,34,-24
121900051,106,177,-71
121900052,92,32,60
121900053,261,199,62
121900054,508,822,-314
121900055,1,13,-12
121900058,103,320,-217
121900059,222,98,124
121900060,130,316,-186
121900061,106,161,-55
121900062,83,53,30
121900063,869,259,610
121900064,194,897,-703
121900066,21,30,-9
121900067,9,21,-12
121900069,245,156,89
121900070,202,113,89
121900071,109,335,-226
121900072,20,220,-200
121900073,224,188,36
121900074,703,471,232
121900075,437,243,194
121900076,203,657,-454
121900077,2,39,-37
121900078,44,73,-29
121900079,0,0,0
121900080,597,534,63
121900082,9,116,-107
121900084,5,185,-180
121900085,1,16,-15
121900086,3,46,-43
121900087,258,80,178
121900088,3244,1929,1315
121900089,67,449,-382
121900090,8,168,-160
121900091,13,118,-105
121900092,29,109,-80
121900093,59,71,-12
121900094,14,5,9
121900095,180,99,81
121900096,1835,505,1330
121900097,247,122,125
121900098,2,7,-5
121900099,64,102,-38
121900100,174,179,-5
121900101,89,140,-51
121900102,5,115,-110
121900103,516,191,325
121900104,867,226,641
121900105,89,71,18
121900106,1,1,0
121900107,23,30,-7
121900108,0,14,-14
121900109,468,147,321
121900110,161,1666,-1505
121900111,920,97,823
121900112,206,80,126
121900113,49,197,-148
121900114,14,43,-29
121900115,128,350,-222
121900117,321,37,284
121900118,2463,361,2102
121900119,74,142,-68
121900120,18,1649,-1631
121900121,558,86,472
121900122,6,31,-25
121900123,273,544,-271
121900124,86,179,-93
121900125,1103,1367,-264
121900127,12,101,-89
121900128,38,170,-132
121900129,1300,75,1225
121900130,91,203,-112
121900131,128,108,20
121900132,36,192,-156
121900133,64,137,-73
121900134,9,107,-98
121900135,2694,276,2418
121900136,106,484,-378
121900137,39,254,-215
121900138,243,276,-33
121900139,405,359,46
121900140,44,187,-143
121900141,38,22,16
121900142,55,143,-88
121900143,14,139,-125
121900144,224,366,-142
121900145,150,218,-68
121900146,708,876,-168
121900147,45,188,-143
121900148,119,219,-100
121900149,376,781,-405
121900150,88,202,-114
121900151,38,197,-159
121900152,80,149,-69
121900153,92,474,-382
121900154,30,133,-103
121900155,0,67,-67
121900156,225,122,103
121900157,2,451,-449
121900158,67,114,-47
121900159,3,184,-181
121900160,83,188,-105
121900161,695,333,362
121900162,134,102,32
121900163,57,804,-747
121900164,418,239,179
121900165,181,247,-66
121900166,64,185,-121
121900167,142,79,63
121900168,285,112,173
121900169,1,327,-326
121900170,14,260,-246
121900171,565,654,-89
121900172,229,323,-94
121900173,988,188,800
121900174,19,36,-17
121900175,119,141,-22
121900176,517,2004,-1487
121900177,125,35,90
121900178,11,12,-1
121900179,229,151,78
121900180,7403,2416,4987
121900182,490,315,175
121900183,440,607,-167
121900184,26,661,-635
121900186,3,416,-413
121900187,14,127,-113
121900188,568,353,215
121900189,25,122,-97
121900190,135,518,-383
121900191,114,104,10
121900192,569,497,72
121900193,11,59,-48
121900194,1,185,-184
121900195,91,111,-20
121900196,705,928,-223
121900197,385,2166,-1781
121900198,1051,964,87
121900199,0,29,-29
121900200,60,217,-157
121900201,1113,421,692
121900202,157,426,-269
121900203,311,723,-412
121900204,1399,879,520
121900205,10,56,-46
121900206,5,10,-5
121900207,167,59,108
121900208,132,318,-186
121900209,42,32,10
121900210,914,1119,-205
121900211,175,296,-121
121900212,137,143,-6
121900213,74,129,-55
121900214,3,358,-355
121900215,20,55,-35
121900216,17,78,-61
121900217,260,106,154
121900218,291,441,-150
121900219,336,42,294
121900220,125,16,109
121900221,244,816,-572
121900222,56,239,-183
121900223,102,74,28
121900224,48,69,-21
121900225,87,56,31
121900226,296,1382,-1086
121900227,113,384,-271
121900228,242,308,-66
121900229,203,259,-56
121900230,89,62,27
121900231,446,277,169
121900232,326,366,-40
121900233,312,259,53
121900234,229,411,-182
121900235,288,265,23
121900236,267,121,146
121900237,159,224,-65
121900238,126,243,-117
121900239,84,48,36
121900240,169,135,34
121900241,39,107,-68
121900242,1,0,1
121900243,4,0,4
121900244,6,1,5
121900245,209,209,0
121900246,1227,517,710
121900247,290,236,54
121900248,1416,834,582
121900250,438,254,184
121900251,297,16,281
121900252,996,129,867
121900253,121,874,-753
121900254,706,230,476
121900255,132,85,47
121900258,2733,2010,723
121900259,310,447,-137
121900260,47,245,-198
121900261,70,424,-354
121900262,312,703,-391
121900263,104,293,-189
121900264,2804,1404,1400
121900265,88,408,-320
121900266,169,230,-61
121900267,27,25,2
121900269,140,314,-174
121900270,11,187,-176
121900271,36,181,-145
121900273,486,1250,-764
121900274,163,238,-75
121900276,481,121,360
121900277,302,1748,-1446
121900278,84,971,-887
121900279,143,304,-161
121900280,181,312,-131
121900281,534,76,458
121900284,89,9,80
121900286,71,211,-140
121900287,15,7,8
121900290,195,299,-104
121900291,404,563,-159
121900292,209,91,118
121900293,967,3345,-2378
121900294,317,1,316
121900295,31,304,-273
121900296,232,35,197
121900298,343,435,-92
121900299,0,0,0
121900300,14,0,14
121900301,16,0,16
121900302,1,88,-87
121900303,208,590,-382
121900304,0,4,-4
121900305,2,0,2
121900306,32,1,31
121900307,12,81,-69
121900308,17,405,-388
121900309,10,340,-330
121900310,25,552,-527
121900311,170,14,156
121900312,88,7,81
121900313,105,30,75
121900314,1,60,-59
121900315,1,0,1
121900316,0,11,-11
121900317,1,0,1
121900318,1,14,-13
121900319,8,12,-4
121900320,78,67,11
121900321,3,1,2
121900322,3,21,-18
121900323,14,14,0
121900324,0,32,-32
121900325,4,1,3
121900326,2,16,-14
121900327,2,63,-61
121900328,0,17,-17
121900329,0,190,-190
121900330,1,49,-48
121900331,182,19,163
121900332,45,20,25
121900333,2,2,0
122000001,3012,3154,-142
122000002,6154,1342,4812
122000003,2520,1433,1087
122000004,3312,1082,2230
122000005,3171,923,2248
122000006,2458,450,2008
122000007,1124,1026,98
122000008,7441,3686,3755
122000009,729,177,552
122000010,2273,2300,-27
122000011,3992,818,3174
122000012,1255,824,431
122000013,2047,1231,816
122000014,1677,1974,-297
122000015,1403,1041,362
122000016,390,835,-445
122000017,1149,1083,66
122000018,1374,1163,211
122000019,878,1592,-714
122000020,250,195,55
122000021,617,416,201
122000022,1342,1675,-333
122000023,458,3046,-2588
122000024,1285,772,513
122000025,2302,1012,1290
122000026,2100,702,1398
122000027,620,4326,-3706
122000028,809,338,471
122000029,398,264,134
122000030,482,74,408
122000031,135,175,-40
122000032,1550,2990,-1440
122000033,765,678,87
122000034,587,602,-15
122000035,447,678,-231
122000036,361,627,-266
122000037,306,272,34
122000038,329,388,-59
122000039,697,446,251
122000040,428,217,211
122000041,457,548,-91
122000042,216,343,-127
122000043,156,117,39
122000044,233,132,101
122000045,1204,580,624
122000046,583,1146,-563
122000047,251,138,113
122000048,3280,3560,-280
122000049,5424,2413,3011
122000050,1661,626,1035
122000051,356,367,-11
122000052,500,200,300
122000053,100,481,-381
122000054,2281,1817,464
122000055,2106,2218,-112
122000056,5012,2883,2129
122000057,3821,2246,1575
122000058,4173,1042,3131
122000059,3757,1215,2542
122000060,1122,509,613
122000061,751,221,530
122000062,1170,260,910
122000063,1178,421,757
122000064,3499,3142,357
122000065,5524,3112,2412
122000066,1238,1200,38
122000067,1309,1440,-131
122000068,1047,1274,-227
122000069,560,767,-207
122000070,548,3472,-2924
122000071,1026,2025,-999
122000072,344,343,1
122000073,431,418,13
122000074,2160,1364,796
122000075,469,1276,-807
122000076,1572,1112,460
122000077,1256,566,690
122000078,3136,1497,1639
122000079,1474,738,736
122000080,859,331,528
122000081,172,300,-128
122000082,1450,771,679
122000083,1470,4369,-2899
122000084,1025,837,188
122000085,244,2060,-1816
122000086,2121,3909,-1788
122000087,561,147,414
122000088,472,234,238
122000089,7429,3289,4140
122000090,349,424,-75
122000091,362,90,272
122000092,230,17,213
122000093,1683,1180,503
122000094,8424,1496,6928
122000095,4741,1754,2987
122000096,3333,1053,2280
122000098,3734,1471,2263
122000099,2636,633,2003
122000100,1856,700,1156
122000101,299,998,-699
122000102,1756,1303,453
122000103,1780,1563,217
122000104,306,192,114
122000105,304,272,32
122000106,705,497,208
122000107,844,573,271
122000108,324,930,-606
122000109,245,300,-55
122000110,343,590,-247
122000111,2785,1204,1581
122000112,623,1266,-643
122000113,438,703,-265
122000114,3621,1644,1977
122000115,1925,1270,655
122000116,443,507,-64
122000117,1092,347,745
122000118,401,582,-181
122000119,3260,1515,1745
122000120,4020,2498,1522
122000121,4759,2265,2494
122000122,781,1280,-499
122000123,2810,1361,1449
122000124,1533,360,1173
122000125,549,704,-155
122000126,848,728,120
122000127,2175,815,1360
122000128,633,960,-327
122000129,381,586,-205
122000130,2637,518,2119
122000131,2455,571,1884
122000132,1131,479,652
122000133,1252,2522,-1270
122000134,402,500,-98
122000135,605,1031,-426
122000136,426,255,171
122000137,1001,763,238
122000139,1818,2920,-1102
122000140,1245,479,766
122000141,6927,1007,5920
122000142,641,671,-30
122000143,669,218,451
122000144,2340,930,1410
122000145,2898,779,2119
122000146,1497,1063,434
122000147,1151,342,809
122000148,3133,1318,1815
122000149,2244,1041,1203
122000150,1532,812,720
122000151,286,372,-86
122000152,616,307,309
122000153,454,256,198
122000154,403,195,208
122000155,1745,1875,-130
122000156,2955,1826,1129
122000157,2528,1250,1278
122000158,356,570,-214
122000159,1585,1618,-33
122000160,6811,825,5986
122000161,1574,612,962
122000162,2318,1241,1077
122000163,347,64,283
122000164,54,77,-23
122000165,772,744,28
122000166,907,1066,-159
122000167,228,260,-32
122000168,253,478,-225
122000169,632,191,441
122000170,281,268,13
122000171,29,98,-69
122000172,1520,1428,92
122000173,1711,2149,-438
122000174,1903,759,1144
122000175,1321,350,971
122000176,325,661,-336
122000177,1684,1253,431
122000178,3645,2350,1295
122000179,2406,2529,-123
122000180,2133,1010,1123
122000181,2291,2528,-237
122000182,3107,887,2220
122000183,1893,860,1033
122000184,3895,1792,2103
122000185,1734,1038,696
122000186,703,793,-90
122000187,1580,1313,267
122000188,530,250,280
122000189,327,310,17
122000190,1108,1010,98
122000191,1199,525,674
122000192,1046,415,631
122000193,410,773,-363
122000194,489,144,345
122000195,90,454,-364
122000196,937,656,281
122000197,500,765,-265
122000198,688,1012,-324
122000199,339,325,14
122000200,1249,519,730
122000201,1334,1410,-76
122000202,1361,1175,186
122000203,3004,1545,1459
122000204,1567,2010,-443
122000205,1491,1105,386
122000206,2148,1065,1083
122000207,1284,1478,-194
122000208,2027,1760,267
122000209,2568,315,2253
122000210,1489,2280,-791
122000211,1269,1500,-231
122000212,572,476,96
122000213,1173,1114,59
122000214,1941,1571,370
122000215,2145,1289,856
122000217,2153,1578,575
122000218,654,55,599
122000219,1774,1112,662
122000220,500,842,-342
122000221,133,450,-317
122000222,700,75,625
122000223,1130,493,637
122000225,614,345,269
122000226,1264,2132,-868
122000227,277,1754,-1477
122000228,282,425,-143
122000229,18,410,-392
122000230,63,929,-866
122000231,235,851,-616
122000232,698,926,-228
122000233,0,137,-137
122000234,117,206,-89
122000235,350,229,121
122000236,345,185,160
122000237,89,64,25
122000238,99,182,-83
122000239,520,153,367
122000240,961,382,579
122000241,383,375,8
122000242,652,82,570
122000243,86,30,56
122000244,6,325,-319
122000245,11,94,-83
122000246,8,75,-67
122000247,667,418,249
122000248,1212,2316,-1104
122000249,307,575,-268
122000250,1395,510,885
122000251,370,332,38
122000252,838,100,738
122000253,29,330,-301
122000254,121,99,22
122000255,596,2608,-2012
122000256,424,1668,-1244
122000257,90,543,-453
122000258,111,299,-188
122000259,23,842,-819
122000260,5,136,-131
122000261,10,175,-165
122000262,1,75,-74
122000263,101,120,-19
122000264,530,490,40
122000265,1941,832,1109
122000266,4841,533,4308
122000267,82,117,-35
122000268,143,467,-324
122000269,618,332,286
122000270,696,186,510
122000271,255,1285,-1030
122000272,227,1195,-968
122000273,242,493,-251
122000274,89,209,-120
122000275,27,172,-145
122000276,338,755,-417
122000277,603,1544,-941
122000278,543,1108,-565
122000279,174,697,-523
122000280,727,927,-200
122000281,710,774,-64
122000282,158,281,-123
122000283,228,75,153
122000284,163,78,85
122000285,470,118,352
122000286,101,237,-136
122000287,588,1470,-882
122000288,263,241,22
122000291,823,482,341
122000293,380,445,-65
122000294,79,156,-77
122000295,1300,194,1106
122000296,76,548,-472
122000297,3846,1955,1891
122000299,461,500,-39
122000300,816,544,272
122000301,17418,2674,14744
122000302,1026,692,334
122000303,5242,1498,3744
122000304,37,183,-146
122000305,638,338,300
122000306,21,908,-887
122000307,242,142,100
122000309,63,84,-21
122000310,2,18,-16
122000311,48,62,-14
122000312,45,37,8
122000313,4,43,-39
122000314,89,239,-150
122000315,189,15,174
122000316,302,254,48
122000317,660,213,447
122000318,368,448,-80
122000319,450,788,-338
122000320,394,3068,-2674
122000321,149,266,-117
122000322,2718,1911,807
122000323,1854,1342,512
122000324,1521,1108,413
122000325,1018,910,108
122000326,16,176,-160
122000327,244,391,-147
122000328,1429,1184,245
122000330,2204,707,1497
122000332,236,435,-199
122000333,9,198,-189
122000337,686,2551,-1865
122000338,343,534,-191
122000340,414,239,175
122000342,2740,1264,1476
122000343,372,1085,-713
122000344,27,47,-20
122000345,36,63,-27
122000346,378,640,-262
122000348,634,949,-315
122000349,230,679,-449
122000351,51,226,-175
122000352,291,67,224
122000353,55,132,-77
122000355,84,183,-99
122000356,1873,954,919
122000357,40,27,13
122000358,0,79,-79
122000359,0,53,-53
122000360,1,69,-68
122000362,13,118,-105
122000364,98,559,-461
122000365,2,19,-17
122000366,11,7,4
122000368,505,1010,-505
122000370,46,92,-46
122000371,9,0,9
122000372,6,0,6
122000381,47,431,-384
122000382,62,304,-242
122000384,4613,2159,2454
122000385,22,0,22
122000386,678,918,-240
122000387,382,637,-255
122000388,1543,381,1162
122000389,212,997,-785
122000390,350,242,108
122000391,284,98,186
122000392,222,259,-37
122000393,12,227,-215
122000394,300,407,-107
122000395,133,208,-75
122000396,254,124,130
122000397,41,105,-64
122000398,7,39,-32
122000399,83,109,-26
122000400,204,294,-90
122000401,90,109,-19
122000402,225,70,155
122000403,346,1687,-1341
122000404,87,379,-292
122000408,884,1252,-368
122000503,23,84,-61
122000524,276,144,132
122000544,58,1869,-1811
122000616,910,1,909
122000640,41,231,-190
122000641,32,621,-589
122000642,833,1696,-863
122000643,14,96,-82
122000644,198,28,170
122000645,86,208,-122
122000651,2286,680,1606
122000664,106,49,57
122000665,1144,560,584
122000666,547,1126,-579
122000673,14,433,-419
122000674,56,48,8
122000675,935,1250,-315
122000686,250,1726,-1476
122000687,493,396,97
122000688,116,1010,-894
122000689,314,843,-529
122000690,542,884,-342
122000691,236,3229,-2993
122000692,865,406,459
122000693,455,2517,-2062
122000695,129,692,-563
122000696,128,512,-384
122000698,135,1394,-1259
122000699,174,139,35
122000701,1028,410,618
122000702,420,2511,-2091
122000703,219,45,174
122000717,142,69,73
122000718,349,318,31
122000719,47,58,-11
122000720,86,353,-267
122900001,16,2,14
122900002,1174,1868,-694
122900003,259,27,232
122900004,957,18,939
122900005,44,61,-17
122900006,455,440,15
122900007,150,15,135
122900008,630,74,556
122900009,1088,277,811
122900010,265,171,94
122900012,369,435,-66
122900013,0,0,0
122900014,184,322,-138
122900015,2890,365,2525
122900016,21,394,-373
122900017,558,885,-327
122900018,197,19,178
122900019,9,228,-219
122900020,378,493,-115
122900021,43,694,-651
122900022,389,1256,-867
122900023,219,451,-232
122900024,158,102,56
122900025,21,218,-197
122900026,199,390,-191
122900027,92,781,-689
122900028,153,164,-11
122900029,5461,2086,3375
122900030,1509,526,983
122900031,119,109,10
122900032,119,262,-143
122900033,183,251,-68
122900034,4409,4104,305
122900035,10,5,5
122900036,17,111,-94
122900037,317,140,177
122900038,167,1663,-1496
122900039,124,370,-246
122900040,156,440,-284
122900041,172,335,-163
122900042,123,350,-227
122900043,349,233,116
122900044,126,346,-220
122900045,49,103,-54
122900046,75,107,-32
122900047,219,128,91
122900048,61,140,-79
122900049,1825,133,1692
122900051,81,92,-11
122900052,19,159,-140
122900053,19,24,-5
122900055,302,129,173
122900057,322,20,302
122900061,482,121,361
122900062,312,421,-109
122900063,130,522,-392
122900064,946,734,212
122900065,240,160,80
122900066,358,263,95
122900067,1936,1026,910
122900068,181,468,-287
122900069,155,1059,-904
122900070,275,24,251
122900071,95,464,-369
122900072,13,696,-683
122900073,60,374,-314
122900074,126,925,-799
122900075,2,63,-61
122900076,4,226,-222
122900077,0,221,-221
122900078,35,181,-146
122900080,71,9,62
122900081,167,130,37
122900082,613,205,408
122900083,150,85,65
122900084,5,273,-268
122900086,1,18,-17
122900087,82,729,-647
122900088,81,46,35
122900089,9,266,-257
122900090,16,712,-696
122900091,55,0,55
122900092,1,374,-373
122900093,6,491,-485
122900094,6,337,-331
122900095,120,2,118
122900096,72,251,-179
122900097,65,14,51
122900098,56,150,-94
122900099,7,1,6
122900100,389,212,177
122900101,816,140,676
122900102,14,11,3
122900103,13,1,12
122900104,24,7,17
122900105,5,6,-1
122900106,3,133,-130
122900107,10,251,-241
122900108,6,202,-196
123000001,2504,473,2031
123000002,7954,2631,5323
123000003,4747,2980,1767
123000004,5280,5412,-132
123000005,2338,2500,-162
123000006,3640,3826,-186
123000007,3141,2456,685
123000008,3187,4638,-1451
123000009,4850,3530,1320
123000010,4259,4848,-589
123000011,3375,999,2376
123000012,1223,3138,-1915
123000013,3556,1031,2525
123000014,1358,4543,-3185
123000015,6011,938,5073
123000016,8413,3083,5330
123000017,3704,1544,2160
123000018,51,84,-33
123000019,110,606,-496
123000020,79,182,-103
123000021,45,171,-126
123000022,465,817,-352
123000023,1231,1302,-71
123000024,968,491,477
123000025,23,90,-67
123000026,2,93,-91
123000027,283,639,-356
123000028,635,609,26
123000029,565,623,-58
123000030,142,976,-834
123000031,165,582,-417
123000032,244,413,-169
123000033,189,56,133
123000034,564,535,29
123000035,247,311,-64
123000036,266,554,-288
123000037,207,523,-316
123000038,93,261,-168
123000039,573,910,-337
123000040,1416,445,971
123000041,1245,597,648
123000042,854,496,358
123000043,4812,4038,774
123000044,8327,2447,5880
123000045,14584,1820,12764
123000046,1185,855,330
123000047,3552,1267,2285
123000048,99,301,-202
123000049,9835,4596,5239
123000050,806,1076,-270
123000051,69,139,-70
123000052,603,2346,-1743
123000053,2691,2792,-101
123000054,1268,1193,75
123000055,3862,1431,2431
123000056,1323,2070,-747
123000057,22143,5699,16444
123000058,630,692,-62
123000059,366,531,-165
123000060,792,474,318
123000061,148,756,-608
123000063,920,691,229
123000064,925,224,701
123000065,12312,4113,8199
123000066,1345,946,399
123000067,370,715,-345
123000068,3646,3711,-65
123000069,11960,4422,7538
123000070,433,932,-499
123000071,649,1395,-746
123000072,1069,2022,-953
123000073,704,889,-185
123000074,889,2512,-1623
123000075,369,810,-441
123000076,376,1382,-1006
123000077,2113,4657,-2544
123000078,912,1919,-1007
123000079,927,2535,-1608
123000080,1993,3507,-1514
123000081,334,844,-510
123000082,412,1382,-970
123000083,888,102,786
123000084,282,849,-567
123000085,85,175,-90
123000086,159,558,-399
123000087,90,687,-597
123000088,897,1694,-797
123000089,380,1421,-1041
123000090,1216,1508,-292
123000091,1766,1532,234
123000092,1287,1343,-56
123000094,389,322,67
123000095,345,722,-377
123000096,305,521,-216
123000097,322,1413,-1091
123000098,452,608,-156
123000099,532,863,-331
123000100,582,652,-70
123000101,720,424,296
123000102,646,662,-16
123000104,413,273,140
123000105,758,647,111
123000106,728,313,415
123000107,599,625,-26
123000108,1319,1454,-135
123000111,507,267,240
123000112,541,657,-116
123000113,578,2411,-1833
123000114,523,414,109
123000115,190,314,-124
123000116,25,150,-125
123000117,1564,2900,-1336
123000118,441,1195,-754
123000119,300,1437,-1137
123000120,499,1201,-702
123000121,370,676,-306
123000122,310,301,9
123000123,468,547,-79
123000124,756,694,62
123000125,1428,674,754
123000126,2555,1952,603
123000127,1826,949,877
123000128,326,519,-193
123000129,316,204,112
123000130,318,73,245
123000131,558,478,80
123000132,379,687,-308
123000133,587,397,190
123000134,623,235,388
123000135,1185,1304,-119
123000136,234,1892,-1658
123000137,97,535,-438
123000138,75,577,-502
123000139,298,81,217
123000140,165,932,-767
123000141,832,95,737
123000142,984,1278,-294
123000143,1243,3027,-1784
123000144,19,10,9
123000145,266,177,89
123000146,133,115,18
123000147,91,164,-73
123000149,358,332,26
123000150,215,199,16
123000151,304,508,-204
123000152,39,379,-340
123000153,177,546,-369
123000154,3002,1436,1566
123000155,3121,856,2265
123000156,52,99,-47
123000157,546,898,-352
123000158,969,519,450
123000159,3148,1754,1394
123000160,777,511,266
123000161,1201,818,383
123000162,520,1357,-837
123000163,263,56,207
123000164,850,241,609
123000165,356,2363,-2007
123000166,38,176,-138
123000167,91,341,-250
123000168,252,441,-189
123000169,392,117,275
123000170,27,488,-461
123000171,225,93,132
123000172,276,863,-587
123000173,556,181,375
123000174,681,154,527
123000175,1189,1634,-445
123000176,950,116,834
123000177,459,1504,-1045
123000178,561,74,487
123000179,36,951,-915
123000180,1213,267,946
123000181,373,1771,-1398
123000182,190,703,-513
123000183,128,155,-27
123000184,95,1097,-1002
123000185,294,426,-132
123000186,7,861,-854
123000187,373,8,365
123000188,124,0,124
123000189,119,253,-134
123000190,16,87,-71
123000192,17,492,-475
123000193,31,823,-792
123000194,562,310,252
123000195,234,12,222
123000196,198,10,188
123000197,24,124,-100
123000198,7,247,-240
123000199,3,614,-611
123000200,206,6,200
123000201,502,6,496
123000202,35,1841,-1806
123000203,481,31,450
123000204,55,1530,-1475
123000205,418,2526,-2108
123000206,1166,113,1053
123000207,93,1155,-1062
123000208,171,79,92
123000209,1058,274,784
123000210,440,1987,-1547
123000211,666,3882,-3216
123000212,1566,341,1225
123000213,318,37,281
123000215,178,103,75
123000216,254,1042,-788
123000217,149,33,116
123000218,140,408,-268
123000219,1318,21,1297
123000220,472,99,373
123000221,182,218,-36
123000222,223,1018,-795
123000223,126,846,-720
123000224,325,799,-474
123000225,364,107,257
123000226,170,540,-370
123000227,58,539,-481
123000228,208,59,149
123000229,1379,2254,-875
123000232,87,731,-644
123000233,504,156,348
123000234,141,876,-735
123000235,375,386,-11
123000236,150,1201,-1051
123000237,154,84,70
123000238,51,904,-853
123000239,464,2774,-2310
123000240,28,269,-241
123000241,1240,165,1075
123000242,62,271,-209
123000243,421,1225,-804
123000244,777,514,263
123000245,87,160,-73
123000249,486,687,-201
123000252,757,164,593
123000253,574,430,144
123000254,480,1336,-856
123000255,788,788,0
123000256,23,288,-265
123000257,4435,2904,1531
123000258,975,1543,-568
123000259,139,447,-308
123000260,314,841,-527
123000261,83,392,-309
123000262,110,279,-169
123000263,279,136,143
123000264,201,52,149
123000265,70,134,-64
123000266,391,796,-405
123000267,275,300,-25
123000268,20,83,-63
123000269,24,63,-39
123000270,25,42,-17
123000271,32,118,-86
123000272,811,184,627
123000273,162,541,-379
123000274,887,385,502
123000275,299,1395,-1096
123000278,4188,2747,1441
123000279,45,83,-38
123000280,258,370,-112
123000281,171,104,67
123000282,92,315,-223
123000283,78,40,38
123000284,41,131,-90
123000286,363,295,68
123000287,580,269,311
123000288,873,603,270
123000289,420,690,-270
123000291,445,1058,-613
123000294,164,272,-108
123000295,779,1429,-650
123000296,171,662,-491
123000297,118,756,-638
123000298,174,781,-607
123000299,29,362,-333
123000300,454,723,-269
123000301,54,178,-124
123000302,128,265,-137
123000303,36,162,-126
123000305,1086,958,128
123000306,49,349,-300
123000309,67,78,-11
123000310,61,35,26
123000311,1,135,-134
123000312,788,1260,-472
123000313,177,230,-53
123000315,207,451,-244
123000316,1891,34,1857
123000317,275,69,206
123000318,31,314,-283
123000329,12,16,-4
123000337,127,270,-143
123000338,513,110,403
123000339,84,290,-206
123000340,224,582,-358
123000342,5,4,1
123000343,59,4,55
123000344,1333,462,871
123000345,461,735,-274
123000346,153,67,86
123000352,2740,921,1819
123000353,28,146,-118
123000354,100,4,96
123000355,1,473,-472
123000356,95,9,86
123000357,1,437,-436
123000359,2,302,-300
123000360,142,3,139
123000361,649,324,325
123000362,197,177,20
123000363,79,356,-277
123000364,464,285,179
123000365,19,259,-240
123000366,302,1492,-1190
123000367,244,1466,-1222
123000370,16,378,-362
123000371,426,13,413
123000372,156,8,148
123000373,15,563,-548
123000374,12,217,-205
123000375,278,15,263
123000376,570,533,37
123000377,335,10,325
123000378,7,650,-643
123000379,6,278,-272
123000380,72,249,-177
123000381,160,46,114
123000382,1662,41,1621
123000383,340,699,-359
123000384,469,104,365
123000385,459,785,-326
123000436,53,856,-803
123000507,138,401,-263
123000508,152,311,-159
123000517,347,36,311
123000518,64,258,-194
123000519,215,61,154
123000520,88,288,-200
123000521,404,91,313
123000522,248,889,-641
123000541,1,1,0
123000542,0,50,-50
123000565,202,22,180
123000566,41,1147,-1106
123000567,116,348,-232
123000573,44,1225,-1181
123000574,358,91,267
123000575,1033,1592,-559
123000576,665,2500,-1835
123000577,87,609,-522
123000578,762,103,659
123000579,7259,2908,4351
123000580,58,15,43
123000582,277,31,246
123000583,15,748,-733
123000584,109,263,-154
123000585,0,182,-182
123000586,30,1,29
123000596,100,167,-67
123000597,59,67,-8
123000602,16,1,15
123000603,232,924,-692
123000604,340,1396,-1056
123000605,550,84,466
123000606,1,202,-201
123000609,16,481,-465
123000610,111,95,16
123000613,32,140,-108
123000614,223,55,168
123000615,39,196,-157
123000616,348,76,272
123000617,36,831,-795
123000618,59,951,-892
123000619,512,28,484
123000620,13,769,-756
123000622,274,22,252
123000624,109,55,54
123000630,447,354,93
123000631,151,2258,-2107
123000632,1213,1488,-275
123000633,1,186,-185
123000634,43,47,-4
123000635,310,119,191
123000636,17,797,-780
123000637,115,180,-65
123000638,305,104,201
123000639,1314,1779,-465
123000640,39,1363,-1324
123900001,1959,79,1880
123900002,15,1022,-1007
123900003,472,862,-390
123900005,132,123,9
123900006,166,24,142
124000001,1547,103,1444
124000002,127,2209,-2082
124000003,340,148,192
124000004,68,913,-845
124000005,561,223,338
124000006,261,1978,-1717
124000007,672,147,525
124000008,15,537,-522
124000009,152,420,-268
124000010,100,591,-491
124000011,555,385,170
124000012,312,1064,-752
124000017,49,98,-49
124000018,84,144,-60
124000019,46,96,-50
124000020,46,307,-261
124000021,86,71,15
124000022,131,344,-213
124000023,925,1279,-354
124000024,1127,722,405
124000025,851,1186,-335
124000026,1261,1060,201
124000027,5781,3210,2571
124000028,3566,4218,-652
124000030,4089,1177,2912
124000031,624,783,-159
124000032,6320,1406,4914
124000033,127,150,-23
124000034,2579,737,1842
124000035,15,47,-32
124000036,81,220,-139
124000037,552,349,203
124000038,93,36,57
124000039,1321,244,1077
124000040,858,569,289
124000041,228,49,179
124000042,97,322,-225
124000043,418,80,338
124000044,98,374,-276
124000045,466,562,-96
124000046,155,851,-696
124000047,725,964,-239
124000048,525,2489,-1964
124000049,752,740,12
124000050,532,3227,-2695
124000051,367,575,-208
124000052,441,2021,-1580
124000053,457,802,-345
124000054,733,930,-197
124000055,1032,1292,-260
124000056,4840,1730,3110
124000057,594,423,171
124000058,352,1680,-1328
124000059,379,478,-99
124000060,1184,1008,176
124000061,1391,2524,-1133
124000062,6246,2025,4221
124000063,1555,1806,-251
124000064,2979,2273,706
124000065,21,181,-160
124000066,166,53,113
124000067,35,444,-409
124000068,0,24,-24
124000069,43,19,24
124000070,7,146,-139
124000071,116,84,32
124000072,146,818,-672
124000073,484,98,386
124000074,217,1268,-1051
124000075,103,27,76
124000076,10,393,-383
124000077,1986,601,1385
124000078,3201,395,2806
124000079,771,1068,-297
124000080,279,198,81
124000081,146,1023,-877
124000082,14,118,-104
124000083,36,218,-182
124000084,60,140,-80
124000085,122,42,80
124000086,82,107,-25
124000087,137,72,65
124000088,271,349,-78
124000089,337,391,-54
124000090,30,524,-494
124000091,261,87,174
124000092,44,652,-608
124000093,116,71,45
124000094,288,405,-117
124000095,52,94,-42
124000096,84,396,-312
124000097,50,88,-38
124000098,42,126,-84
124000099,155,128,27
124000100,73,155,-82
124000101,31,111,-80
124000102,103,116,-13
124000103,33,99,-66
124000104,76,77,-1
124000105,38,48,-10
124000106,115,108,7
124000107,13,100,-87
124000108,57,40,17
124000109,82,64,18
124000110,115,136,-21
124000111,203,170,33
124000112,423,837,-414
124000113,38,76,-38
124000114,221,825,-604
124000115,254,944,-690
124000116,86,80,6
124000117,85,106,-21
124000118,28,75,-47
124000119,988,763,225
124000120,490,555,-65
124000121,1726,446,1280
124000122,699,1200,-501
124000123,942,437,505
124000124,637,899,-262
124000125,404,399,5
124000126,384,601,-217
124000127,657,411,246
124000128,483,1236,-753
124000129,1712,1304,408
124000130,898,784,114
124000131,940,558,382
124000132,879,815,64
124000133,578,904,-326
124000134,844,983,-139
124000135,1571,1508,63
124000136,1109,1248,-139
124000137,1293,537,756
124000138,2130,1330,800
124000139,489,17,472
124000140,38,455,-417
124000141,38,11,27
124000142,21,119,-98
124000143,16,8,8
124000144,10,46,-36
124000145,44,34,10
124000146,18,171,-153
124000148,51,57,-6
124000149,935,288,647
124000150,408,630,-222
124000151,440,177,263
124000152,657,1116,-459
124000153,933,433,500
124000154,916,852,64
124000155,1201,582,619
124000156,1414,962,452
124000169,273,371,-98
124000170,739,516,223
124000171,176,259,-83
124000172,444,675,-231
124000173,225,354,-129
124000174,193,974,-781
124000175,9,195,-186
124000176,17,8,9
124000177,36,41,-5
124000178,22,27,-5
124000190,106,26,80
124000191,217,46,171
124000192,2437,284,2153
124000193,557,1377,-820
124000194,381,682,-301
124000195,250,450,-200
124000196,1061,1503,-442
124000197,74,68,6
124000198,27,36,-9
124000201,307,1250,-943
124000202,433,146,287
124000203,73,1284,-1211
124000204,221,618,-397
124000205,52,806,-754
124000206,185,514,-329
124000207,0,52,-52
124000209,193,840,-647
124000210,129,243,-114
124000211,176,4,172
124000212,4,856,-852
124000213,122,500,-378
124000214,137,1124,-987
124000215,88,9,79
124000216,3,795,-792
124000329,69,3122,-3053
124000338,33,1639,-1606
124000339,290,106,184
124000341,399,61,338
124000344,12,0,12
124000357,724,1538,-814
124000358,806,1037,-231
124000359,986,475,511
124000360,571,449,122
124000361,1489,760,729
124000362,1926,2308,-382
124000363,461,597,-136
124000364,675,1558,-883
124000365,723,1505,-782
124000366,2142,1227,915
124000367,117,800,-683
124000368,147,146,1
124000369,92,90,2
124000370,88,684,-596
124000402,26,6,20
124000403,35,10,25
124000404,6,119,-113
124000405,1192,670,522
124000406,1119,1020,99
124000407,3,43,-40
124000411,17,504,-487
124000412,143,14,129
124000413,259,41,218
124000414,21,161,-140
124000415,36,261,-225
124000416,103,364,-261
124000417,104,135,-31
124000418,49,178,-129
124000419,47,209,-162
124000420,36,51,-15
124000421,14,346,-332
124000422,37,15,22
124000423,120,41,79
124000424,2,167,-165
124000425,8,7,1
124000426,5,62,-57
124000427,7,13,-6
124000428,15,26,-11
124000429,25,72,-47
124000430,444,993,-549
124000431,442,987,-545
124000432,125,1011,-886
124000439,3,15,-12
124000442,3,276,-273
124000443,0,9,-9
124000445,87,160,-73
124000446,1812,87,1725
124900001,249,257,-8
124900002,146,624,-478
124900003,423,523,-100
124900004,229,354,-125
124900005,230,276,-46
124900006,286,394,-108
124900008,1032,465,567
124900009,201,175,26
124900010,107,48,59
124900011,207,127,80
124900012,328,73,255
124900013,246,109,137
124900014,96,104,-8
124900015,168,187,-19
124900016,37,49,-12
124900017,1124,254,870
124900018,8,7,1
124900020,60,76,-16
124900021,135,48,87
124900022,18,1,17
124900024,128,6,122
124900026,66,11,55
124900027,62,182,-120
124900028,1148,218,930
124900029,10,350,-340
124900030,5,236,-231
124900031,54,540,-486
124900032,281,140,141
124900033,58,632,-574
124900034,17,156,-139
124900035,143,540,-397
124900036,0,54,-54
124900037,115,383,-268
124900038,354,421,-67
124900039,0,24,-24
124900040,28,84,-56
124900041,189,1528,-1339
124900042,24,1,23
124900043,347,1294,-947
124900044,71,1,70
124900045,820,778,42
124900046,2200,200,2000
124900047,101,223,-122
124900048,82,192,-110
124900050,146,340,-194
124900052,77,532,-455
124900053,70,478,-408
124900054,3757,386,3371
124900055,4,135,-131
124900057,6,116,-110
124900060,53,274,-221
124900061,18,9,9
124900062,55,10,45
124900066,0,18,-18
124900067,6,188,-182
124900068,214,215,-1
124900070,53,18,35
124900072,64,15,49
124900074,158,451,-293
124900075,88,213,-125
124900076,17,381,-364
124900077,24,110,-86
124900078,59,10,49
124900079,785,46,739
124900080,207,844,-637
124900081,375,183,192
124900082,259,1099,-840
124900083,135,620,-485
124900084,3086,118,2968
124900085,1449,235,1214
124900086,82,589,-507
124900087,572,56,516
124900088,660,120,540
124900089,1622,25,1597
124900090,182,193,-11
124900091,251,862,-611
124900092,164,668,-504
124900093,160,260,-100
124900094,171,293,-122
124900095,62,408,-346
124900096,689,199,490
124900097,193,53,140
124900098,149,472,-323
124900099,952,392,560
124900100,286,31,255
124900101,21,620,-599
124900102,114,13,101
124900103,78,305,-227
124900104,29,316,-287
124900105,52,206,-154
124900106,315,39,276
124900107,63,13,50
124900108,134,31,103
124900109,29,94,-65
124900110,75,509,-434
124900111,0,61,-61
124900112,58,1094,-1036
124900113,139,111,28
124900114,214,53,161
124900115,104,44,60
124900116,79,128,-49
124900117,424,180,244
124900118,63,60,3
124900119,210,36,174
124900120,27,466,-439
124900121,91,109,-18
124900122,369,238,131
124900123,316,47,269
124900124,189,178,11
129000186,152,36,116
204000001,18,4,14
204000002,4,6,-2
204000003,94,1,93
204000004,12,3,9
204000005,342,271,71
204000006,852,795,57
204000008,968,324,644
204000011,8,42,-34
204000012,55,72,-17
204000013,1,30,-29
204000019,442,535,-93
204000020,448,745,-297
204000021,2405,828,1577
204000022,309,533,-224
204000023,382,1570,-1188
204000031,80,25,55
204000032,576,37,539
204000034,26,377,-351
204000035,1,6,-5
204000036,7,32,-25
204000037,2,11,-9
204000038,2,8,-6
204000039,2,77,-75
204000040,6,58,-52
204000041,6,75,-69
204000042,26,13,13
204000043,20,11,9
204000044,10,5,5
204000045,19,12,7
204000046,10,8,2
204000057,5,90,-85
204000062,2,32,-30
204000068,17,149,-132
204000069,1,164,-163
204000070,29,175,-146
204000080,10,39,-29
204000085,1222,1968,-746
204000086,2626,2507,119
204000087,29,13,16
204000088,6,81,-75
204000090,15,506,-491
204000093,176,49,127
204000096,488,666,-178
204000097,205,12,193
204000099,844,1092,-248
204000100,680,1012,-332
204000105,2031,1683,348
204000110,934,1677,-743
204000111,304,940,-636
204000112,1401,1146,255
204000113,730,994,-264
204000114,920,593,327
204000115,412,330,82
204000116,2250,535,1715
204000119,1603,1489,114
204000132,285,197,88
204000133,322,254,68
204000134,347,173,174
204000135,222,102,120
204000136,157,209,-52
204000138,148,302,-154
204000140,83,65,18
204000141,66,39,27
204000144,3,33,-30
204000145,530,43,487
204000146,25,508,-483
204000147,20,185,-165
204000148,413,22,391
204000154,6,1,5
204000155,2,22,-20
204000177,111,41,70
204000179,12,7,5
204000180,3,37,-34
204000222,7,32,-25
204000235,16,17,-1
204000236,81,327,-246
204000238,37,15,22
204000240,360,91,269
204000263,248,1077,-829
204000308,189,15,174
204000317,13,74,-61
204000322,2,49,-47
204000323,22,7,15
204000328,188,49,139
204000329,45,104,-59
204000330,178,22,156
204000331,18,125,-107
204010341,10,236,-226
205000001,1311,1470,-159
205000013,11,120,-109
205000014,12,166,-154
205000015,32,338,-306
205000016,17,200,-183
205000017,26,123,-97
205000022,308,668,-360
205000025,1398,1012,386
205000029,173,5,168
205000045,49,188,-139
205000047,71,560,-489
205000048,144,962,-818
205000049,108,777,-669
205000050,993,330,663
205000059,0,304,-304
205000060,0,48,-48
205000061,1,25,-24
205000062,0,29,-29
205000063,9,88,-79
205000064,15,121,-106
205000065,42,836,-794
205000066,90,829,-739
205000067,53,1193,-1140
205000069,234,20,214
205000082,141,178,-37
205000110,63,213,-150
205000111,172,270,-98
205000112,103,182,-79
205000113,233,278,-45
205000121,182,37,145
205000123,78,253,-175
205000126,387,113,274
205000127,478,148,330
205000128,482,76,406
205000129,348,98,250
205000130,200,20,180
205000131,232,6,226
205000132,311,1,310
205000133,147,1,146
205000134,113,1,112
205000137,163,140,23
205000138,337,311,26
205000139,32,109,-77
205000144,94,44,50
205000145,457,133,324
205000151,167,33,134
205000152,88,19,69
205000153,146,20,126
205000154,69,54,15
205000155,56,7,49
205000207,18,155,-137
205000233,2,0,2
205000234,0,6,-6
205000243,0,0,0
205000244,1,12,-11
205000245,9,360,-351
205000249,0,52,-52
205000250,1,1,0
205000251,71,488,-417
205000264,11,131,-120
206000027,10,1,9
206000028,5,3,2
206000043,15,149,-134
206000053,5,18,-13
206000054,5,43,-38
206000055,2,53,-51
206000075,1,6,-5
206000076,9,8,1
206000077,20,7,13
206000078,6,2,4
206000079,18,3,15
206000082,431,22,409
206000100,78,792,-714
206000103,5,37,-32
206000104,20,34,-14
206000105,21,34,-13
206000106,5,49,-44
206000108,667,26,641
206000125,47,0,47
206000157,96,1011,-915
206000170,1,358,-357
206000171,2,300,-298
206000172,13,1384,-1371
206000173,2,459,-457
206000174,9,202,-193
206000175,1,322,-321
206000176,14,544,-530
206000177,3,355,-352
206000178,1,251,-250
206000179,9,179,-170
206000180,20,302,-282
206000181,23,470,-447
206000182,17,380,-363
206000183,24,1487,-1463
206000184,9,623,-614
206000185,9,471,-462
206000186,114,1945,-1831
206000223,0,373,-373
206000226,14,3,11
206000227,27,0,27
206000237,45,582,-537
206000238,63,808,-745
206000239,576,2824,-2248
206000240,2,69,-67
206000241,1,177,-176
206000242,6,752,-746
206000243,15,583,-568
206000244,78,1343,-1265
206000245,315,44,271
206000246,48,3,45
206000247,83,7,76
206000248,199,8,191
206000252,64,8,56
206000258,28,64,-36
206000315,27,7,20
206000317,271,65,206
206000318,135,44,91
206000319,494,68,426
206000320,39,23,16
206000321,65,7,58
206000322,152,14,138
206000323,89,5,84
206000324,80,3,77
206000325,130,13,117
206000326,91,7,84
206000327,100,9,91
206000328,48,2,46
206000329,96,4,92
206000330,21,6,15
206000331,59,4,55
206000332,12,4,8
206000333,204,5,199
206000334,127,0,127
206000335,0,17,-17
206000361,15,282,-267
206000392,5,77,-72
206000405,103,0,103
206000441,13,6,7
206000498,24,4,20
206000515,143,15,128
206000530,64,49,15
206000531,151,88,63
206000532,2503,89,2414
206000535,418,2425,-2007
206000536,18,292,-274
206000537,14,170,-156
206000613,1296,142,1154
207000001,113,354,-241
207000002,50,326,-276
207000003,114,254,-140
207000007,541,230,311
207000008,41,12,29
207000009,68,46,22
207000010,386,667,-281
207000012,236,229,7
207000015,311,2108,-1797
207000019,175,93,82
207000021,563,191,372
207000022,72,129,-57
207000023,103,86,17
207000024,4,16,-12
207000025,13,50,-37
207000026,133,50,83
207000027,22,104,-82
207000028,41,300,-259
207000029,295,417,-122
207000033,272,236,36
207000034,234,43,191
207000039,198,125,73
207000040,148,147,1
207000041,62,48,14
207000042,176,83,93
207000043,175,165,10
207000051,97,526,-429
207000052,35,258,-223
207000053,371,673,-302
207000054,24,134,-110
207000055,54,204,-150
207000056,235,502,-267
207000057,131,383,-252
207000058,70,495,-425
207000059,52,824,-772
207000060,35,279,-244
207000061,105,153,-48
207000062,118,29,89
207000063,123,165,-42
207000064,436,249,187
207000065,300,296,4
207000066,60,224,-164
207000067,44,155,-111
207000068,112,93,19
207000069,628,429,199
207000082,28,457,-429
207000083,64,503,-439
207000084,125,211,-86
207000085,126,15,111
207000086,109,3,106
207000106,10,28,-18
207000107,33,16,17
207000108,37,6,31
207000109,32,16,16
207000110,46,44,2
207000111,45,56,-11
207000112,148,197,-49
207000114,14,55,-41
207000115,12,133,-121
207000116,11,305,-294
207000117,8,141,-133
207000118,5,179,-174
207000119,20,224,-204
207000123,153,33,120
207000124,84,23,61
207000125,39,35,4
207000126,95,37,58
207000134,25,299,-274
207000135,18,310,-292
207000148,58,161,-103
207000149,75,65,10
207000152,118,404,-286
207000153,1270,896,374
207000154,374,136,238
207000159,64,400,-336
207000160,84,753,-669
207000238,0,76,-76
207000242,8,162,-154
207000248,40,21,19
207000249,138,64,74
207000250,850,65,785
207000251,79,71,8
207000252,41,83,-42
207000278,49,72,-23
207000279,3,314,-311
207000280,241,54,187
207000281,71,1669,-1598
207000282,128,49,79
207000283,108,259,-151
207000284,92,58,34
207000285,196,47,149
207000291,9,160,-151
207000304,100,66,34
207000306,73,497,-424
207000310,56,69,-13
207000353,148,2,146
207000356,2,24,-22
207000357,3,6,-3
207000358,9,9,0
207000415,2,258,-256
207000417,25,4,21
207000418,1,38,-37
207000437,0,1,-1
207000439,1356,243,1113
207000446,124,3,121
207000460,4,7,-3
207000466,164,272,-108
207000467,75,94,-19
207000468,15,520,-505
207000476,0,71,-71
207000477,200,125,75
207000523,0,11,-11
207000524,19,1,18
207000527,61,172,-111
207000530,147,7,140
207000531,145,16,129
207000532,60,10,50
207000534,672,44,628
207000535,37,197,-160
207000537,33,178,-145
207000540,10,220,-210
207000541,1,345,-344
207000548,7,435,-428
207000549,158,10,148
207000561,75,87,-12
207000562,50,246,-196
207000567,157,337,-180
207000568,39,111,-72
207000569,110,1605,-1495
207000584,480,151,329
207000585,90,173,-83
207000616,4,255,-251
207000617,85,0,85
207900008,87,334,-247
208000001,365,680,-315
208000002,381,444,-63
208000003,662,439,223
208000004,1128,651,477
208000005,11,29,-18
208000019,482,1039,-557
208000020,146,471,-325
208000021,108,630,-522
208000022,595,819,-224
208000028,1638,1038,600
208000033,355,733,-378
208000034,1210,1856,-646
208000040,125,166,-41
208000041,1614,550,1064
208000042,911,594,317
208000047,94,492,-398
208000064,3076,1504,1572
208000066,1533,996,537
208000070,195,467,-272
208000071,321,859,-538
208000072,423,1323,-900
208000080,107,330,-223
208000081,118,167,-49
208000082,162,401,-239
208000083,85,484,-399
208000084,14,25,-11
208000085,851,567,284
208000086,416,924,-508
208000087,406,730,-324
208000089,660,744,-84
208000090,423,1194,-771
208000093,120,128,-8
208000094,265,614,-349
208000095,570,427,143
208000104,829,930,-101
208000105,619,1081,-462
208000114,45,233,-188
208000115,435,437,-2
208000116,198,1085,-887
208000117,94,134,-40
208000118,58,90,-32
208000155,550,960,-410
208000158,1699,2415,-716
208000186,3330,1877,1453
208000204,362,994,-632
208000205,743,1491,-748
208000282,3540,1229,2311
209000004,130,277,-147
209000005,18,28,-10
209000006,427,101,326
209000007,263,221,42
209000010,620,152,468
209000011,154,242,-88
209000012,205,254,-49
209000013,191,806,-615
209000014,822,2217,-1395
209000025,140,38,102
209000026,419,91,328
209000027,280,1239,-959
209000028,340,1275,-935
209000029,742,1100,-358
209000030,547,2114,-1567
209000031,4874,3249,1625
209000034,135,148,-13
209000035,70,122,-52
209000036,70,93,-23
209000037,123,194,-71
209000038,65,175,-110
209000039,39,144,-105
209000040,289,446,-157
209000041,160,405,-245
209000042,168,338,-170
209000043,791,618,173
209000044,158,512,-354
209000045,865,466,399
209000046,226,468,-242
209000047,246,213,33
209000048,382,255,127
209000049,91,168,-77
209000050,181,237,-56
209000051,253,411,-158
209000052,139,414,-275
209000062,32,246,-214
209000063,19,157,-138
209000064,25,178,-153
209000065,19,26,-7
209000066,14,24,-10
209000067,38,56,-18
209000080,35,216,-181
209000082,59,30,29
209000091,66,98,-32
209000093,109,36,73
209000094,278,131,147
209000110,38,38,0
209000111,554,1057,-503
209000112,593,445,148
209000113,1222,417,805
209000114,271,275,-4
209000115,66,204,-138
209000116,829,616,213
209000118,15,43,-28
209000119,32,10,22
209000121,143,860,-717
209000135,57,59,-2
209000142,751,807,-56
209000143,84,102,-18
209000144,29,81,-52
209000229,167,208,-41
209000240,36,502,-466
209000259,121,104,17
209000260,60,1144,-1084
209000261,10,826,-816
209000262,1,687,-686
209000263,1,136,-135
209000264,6,64,-58
209000265,735,2,733
209000266,73,3,70
209000267,628,14,614
209000268,640,58,582
210000037,51,9,42
210000047,39,31,8
210000048,47,41,6
210000049,53,25,28
210000052,27,196,-169
210000053,14,118,-104
210000054,73,100,-27
210000070,72,3,69
210000071,35,0,35
210000072,15,0,15
210000073,1,39,-38
210000074,1,144,-143
210000075,0,72,-72
210000076,8,170,-162
210000077,53,41,12
210000078,49,19,30
210000079,58,9,49
210000080,110,64,46
210000081,130,16,114
210000082,35,1,34
210000083,63,1,62
210000084,39,0,39
210000085,0,95,-95
210000086,7,168,-161
210000099,37,344,-307
210000100,28,284,-256
210000101,82,264,-182
210000105,56,226,-170
210000159,0,107,-107
210000163,210,229,-19
210000164,352,107,245
210000168,98,18,80
210000187,0,9,-9
210000188,0,26,-26
210000214,56,0,56
210000219,25,60,-35
210000220,56,117,-61
210000232,1,34,-33
210000233,25,51,-26
210000234,23,196,-173
210000235,40,184,-144
210000245,0,33,-33
210000246,46,4,42
210000258,22,140,-118
210000259,365,21,344
210000282,82,292,-210
210000285,0,98,-98
210000286,10,238,-228
210000290,0,1,-1
210000295,42,197,-155
210000296,49,60,-11
210000320,164,227,-63
210000321,50,131,-81
210000338,92,103,-11
210000339,746,820,-74
210000340,183,266,-83
210000341,153,264,-111
210000342,135,222,-87
210000343,134,235,-101
210000344,216,127,89
210000345,213,224,-11
210000346,102,137,-35
210000347,256,25,231
210000348,142,20,122
210000349,180,28,152
210000350,84,58,26
210000351,89,129,-40
210000352,53,95,-42
210000353,26,116,-90
210000354,44,116,-72
210000355,58,115,-57
210000356,84,92,-8
210000357,71,58,13
210000358,476,158,318
210000359,111,55,56
210000360,179,111,68
210000361,124,211,-87
210000362,191,179,12
210000363,1016,146,870
210000364,118,141,-23
210000365,87,56,31
210000366,92,59,33
210000367,61,43,18
210000368,152,37,115
210000369,17,40,-23
210000370,83,60,23
210000372,31,23,8
210000373,79,6,73
210000374,24,12,12
210000375,13,117,-104
210000376,49,169,-120
210000404,153,163,-10
210000439,39,66,-27
210000472,90,5,85
210000482,82,48,34
210000564,758,173,585
210000567,0,2,-2
210000568,648,0,648
211000092,5,92,-87
211000094,89,7,82
211000169,105,5,100
211000172,9,181,-172
211000209,0,43,-43
211000226,0,0,0
211000270,0,0,0
211000275,8,31,-23
211000276,40,54,-14
211000279,1,73,-72
211000281,46,79,-33
211507980,0,17,-17
211977296,16,6,10
212000003,79,50,29
212000004,84,27,57
212000005,9,36,-27
212000006,29,103,-74
212000008,123,290,-167
212000009,19,158,-139
212000012,57,97,-40
212000013,17,54,-37
212000014,227,206,21
212000015,199,316,-117
212000016,415,609,-194
212000027,449,557,-108
212000028,205,445,-240
212000029,133,263,-130
212000030,20,31,-11
212000031,35,66,-31
212000048,35,115,-80
212000049,8,58,-50
212000050,19,7,12
212000051,111,276,-165
212000052,85,495,-410
212000053,292,694,-402
212000054,125,159,-34
212000055,144,312,-168
212000056,9,46,-37
212000057,10,44,-34
212000058,274,53,221
212000070,79,381,-302
212000077,82,744,-662
212000099,220,280,-60
212000108,134,173,-39
212000111,95,161,-66
212000120,150,123,27
212000138,89,28,61
212000156,3,160,-157
212000158,3,13,-10
212000159,197,71,126
212000160,336,231,105
212000161,42,8,34
212000310,24,22,2
212000311,2,79,-77
212000374,16,14,2
213000001,23,860,-837
213000005,344,96,248
213000006,1282,145,1137
213000007,78,4,74
213000009,523,163,360
213000010,170,163,7
213000011,185,111,74
213000012,118,502,-384
213000014,28,6,22
213000015,118,2,116
213000016,167,0,167
213000017,10,0,10
213000018,2,274,-272
213000019,0,171,-171
213000020,92,337,-245
213000021,5,105,-100
213000023,256,224,32
213000033,184,807,-623
213000034,438,353,85
213000035,105,155,-50
213000045,78,269,-191
213000046,124,232,-108
213000047,440,715,-275
213000056,39,17,22
213000069,53,2,51
213000073,0,27,-27
213000074,204,628,-424
213000075,546,12,534
213000085,6,45,-39
213000086,11,329,-318
213000091,76,8,68
213000092,64,18,46
213000099,106,824,-718
213000100,1391,202,1189
213000101,113,149,-36
213000102,172,529,-357
213000103,682,898,-216
213000104,48,584,-536
213000105,1,61,-60
213000106,23,219,-196
213000107,81,791,-710
213000108,8,690,-682
213000109,5,259,-254
213000110,39,88,-49
213000111,27,53,-26
213000112,129,153,-24
213000115,21,6,15
213000116,132,830,-698
213000117,5,1009,-1004
213000118,273,293,-20
213000119,35,885,-850
213000120,81,927,-846
213000122,215,1350,-1135
213000123,813,2529,-1716
213000124,81,2341,-2260
213000125,143,18,125
213000126,122,94,28
213000127,226,128,98
213000128,857,635,222
213000129,715,313,402
213000130,375,170,205
213000132,183,118,65
213000133,173,99,74
213000134,476,38,438
213000136,324,9,315
213000137,437,66,371
213000139,289,10,279
213000147,26,3,23
213000148,35,8,27
213000149,12,4,8
213000150,0,92,-92
213000151,1,66,-65
213000152,0,62,-62
213000153,2,47,-45
213000154,13,198,-185
213000155,33,423,-390
213000156,65,657,-592
213000157,562,692,-130
213000158,312,976,-664
213000159,379,676,-297
213000163,355,127,228
213000165,726,164,562
213000171,1,180,-179
213000172,2,489,-487
213000173,3,423,-420
213000174,4,479,-475
213000175,13,344,-331
213000176,46,27,19
213000177,54,6,48
213000178,47,6,41
213000179,123,2,121
213000180,71,0,71
213000184,99,490,-391
213000188,500,73,427
213000189,226,54,172
213000190,766,975,-209
213000191,132,689,-557
213000192,113,831,-718
213000193,1269,203,1066
213000194,0,41,-41
213000195,9,533,-524
213000196,96,1001,-905
213000197,280,261,19
213000198,60,3,57
213000200,119,1149,-1030
213000201,87,51,36
213000202,13,854,-841
213000203,3153,362,2791
213000204,414,27,387
213000205,224,39,185
213000206,176,46,130
213000207,49,2,47
213000208,73,2,71
213000209,96,1,95
213000210,261,2,259
213000211,3,9,-6
213000212,15,25,-10
213000213,9,37,-28
213000218,173,1133,-960
213000219,471,26,445
213000220,397,22,375
213000223,198,89,109
213000224,73,26,47
213000225,75,6,69
213000226,21,4,17
213000227,478,151,327
213000228,105,55,50
213000229,887,12,875
213000230,158,24,134
213000232,47,269,-222
213000233,4,27,-23
213000234,2,28,-26
213000293,9,44,-35
213000294,85,8,77
213000295,4,97,-93
213000296,84,32,52
213000297,6,77,-71
213000298,12,121,-109
213000299,61,31,30
213000300,15,7,8
213000303,2,37,-35
213000304,0,3,-3
213000305,0,14,-14
213000306,55,32,23
213000307,287,130,157
213000308,87,337,-250
213000309,138,31,107
213000310,260,147,113
213000311,289,601,-312
213000315,70,177,-107
213000316,73,49,24
213000322,56,186,-130
213000323,67,71,-4
213000324,49,233,-184
213000325,27,203,-176
213000326,44,135,-91
213000327,37,178,-141
213000328,25,147,-122
213000329,47,163,-116
213000340,108,1128,-1020
213000341,237,67,170
213000347,1121,126,995
213000348,29,214,-185
213000349,111,26,85
213000350,219,1604,-1385
213000366,19,402,-383
213000367,65,27,38
213000379,240,268,-28
213000386,11,214,-203
213000406,89,406,-317
213000417,849,432,417
213000425,107,70,37
213000426,57,122,-65
213000427,40,461,-421
213000428,21,336,-315
213000429,75,8,67
213000430,70,1429,-1359
213000431,79,10,69
213000432,0,6,-6
213000433,13,170,-157
213000434,45,128,-83
213000435,70,118,-48
213000436,8,111,-103
213000437,6,73,-67
213000438,90,220,-130
213000439,43,7,36
213000440,4,275,-271
213000441,0,1,-1
213000442,1,104,-103
213000443,493,372,121
213000444,15,153,-138
213000445,0,162,-162
213000446,0,12,-12
213000447,3,92,-89
213000448,4,67,-63
213000449,155,5,150
213000450,39,37,2
213000451,99,92,7
213000452,8,18,-10
213000453,26,390,-364
213000455,661,19,642
213000456,0,377,-377
213000481,27,25,2
213000484,72,4,68
213000489,698,24,674
213900002,1,46,-45
213900003,167,36,131
213900013,2,220,-218
213900015,0,14,-14
213900016,8,19,-11
213900020,12,293,-281
213900030,2,84,-82
213900032,201,75,126
213900033,40,43,-3
213900034,209,142,67
213900035,123,920,-797
213900036,73,421,-348
213900037,26,536,-510
213900038,183,262,-79
213900039,0,158,-158
213900041,0,68,-68
213900042,204,77,127
213900043,103,198,-95
213900244,18,0,18
213900245,0,36,-36
218000003,28,17,11
218000004,28,16,12
218000005,30,52,-22
218000006,45,32,13
218000007,3,7,-4
218000012,274,110,164
218000013,42,127,-85
218000014,440,329,111
218000019,964,454,510
218000020,299,333,-34
218000021,36,191,-155
218000022,18,61,-43
218000023,1,78,-77
218000024,7,29,-22
218000025,15,43,-28
218000026,13,78,-65
218000027,4,36,-32
218000028,7,12,-5
218000029,3,5,-2
218000030,10,49,-39
218000031,2,63,-61
218000032,2,41,-39
218000040,4,1,3
218000046,28,225,-197
218000047,5,350,-345
218000048,64,336,-272
218000049,147,235,-88
218000050,428,499,-71
218000051,102,526,-424
218000052,3,160,-157
218000053,25,19,6
218000054,62,64,-2
218000055,10,16,-6
218000056,5,59,-54
218000057,1,66,-65
218000064,8,31,-23
218000065,21,60,-39
218000066,15,47,-32
218000067,23,88,-65
218000068,114,122,-8
218000069,96,186,-90
218000070,79,363,-284
218000071,165,279,-114
218000072,339,322,17
218000078,463,1472,-1009
218000079,35,87,-52
218000080,64,96,-32
218000081,296,399,-103
218000082,12,182,-170
218000083,13,90,-77
218000084,61,281,-220
218000085,127,609,-482
218000086,52,264,-212
218000087,213,334,-121
218000090,5,108,-103
218000091,638,398,240
218000092,39,149,-110
218000093,46,107,-61
218000094,458,820,-362
218000099,341,468,-127
218000100,188,286,-98
218000101,119,205,-86
218000102,170,322,-152
218000103,62,178,-116
218000104,42,49,-7
218000105,27,12,15
218000106,8,12,-4
218000107,38,108,-70
218000108,21,80,-59
218000112,71,15,56
218000117,47,71,-24
218000134,527,1042,-515
218000135,18,141,-123
218000136,222,67,155
218000137,108,144,-36
218000138,28,122,-94
218000139,104,408,-304
218000140,175,193,-18
218000141,23,115,-92
218000142,115,304,-189
218000143,67,234,-167
218000144,16,59,-43
218000145,203,493,-290
218000146,51,164,-113
218000151,29,39,-10
218000152,65,77,-12
218000153,3,7,-4
218000154,5,1,4
218000155,7,2,5
218000156,23,23,0
218000157,19,20,-1
218000158,2,12,-10
218000159,2,9,-7
218000160,3,3,0
218000161,14,6,8
218000162,12,8,4
218000163,5,2,3
218000164,12,21,-9
218000165,38,43,-5
218000170,0,49,-49
218000171,38,12,26
218000172,19,13,6
218000173,110,23,87
218000174,8,9,-1
218000176,95,19,76
218000177,340,128,212
218000178,85,138,-53
218000179,53,67,-14
218000180,45,19,26
218000181,98,52,46
218000187,4,32,-28
218000188,33,51,-18
218000189,16,104,-88
218000190,2,23,-21
218000191,75,120,-45
218000192,109,676,-567
218000193,382,680,-298
218000194,39,628,-589
218000195,101,106,-5
218000196,252,342,-90
218000197,181,588,-407
218000198,11,158,-147
218000199,62,27,35
218000200,78,37,41
218000201,5,9,-4
218000202,95,155,-60
218000207,6,102,-96
218000208,24,82,-58
218000211,30,5,25
218000212,6,8,-2
218000213,166,92,74
218000214,5,33,-28
218000215,70,177,-107
218000217,6,136,-130
218000218,338,118,220
218000219,46,26,20
218000220,142,352,-210
218000221,609,135,474
218000222,15,19,-4
218000223,29,159,-130
218000224,3,83,-80
218000225,144,18,126
218000226,65,64,1
218000230,1,6,-5
218000232,47,71,-24
218000239,59,5,54
218000240,15,6,9
218000241,14,1,13
218000242,40,0,40
218000243,39,0,39
218000244,5,1,4
218000245,12,0,12
218000246,0,0,0
218000247,1,0,1
218000248,1,43,-42
218000249,0,1,-1
218000250,4,20,-16
218000251,0,14,-14
218000252,14,10,4
218000253,10,21,-11
218000254,2,6,-4
218000255,0,16,-16
218000256,4,51,-47
218000267,771,1290,-519
218000268,33,70,-37
218000269,10,16,-6
218000270,14,73,-59
218000271,26,80,-54
218000273,6,7,-1
218000274,26,3,23
218000275,9,32,-23
218000276,14,67,-53
218000278,4,28,-24
218000279,11,49,-38
218000280,29,21,8
218000281,40,14,26
218000282,312,175,137
218000284,98,10,88
218000301,45,95,-50
218000302,131,65,66
218000303,36,79,-43
218000316,577,1249,-672
218000317,570,1326,-756
218000318,241,1065,-824
218000319,497,1727,-1230
218000320,429,785,-356
218000338,68,19,49
218000345,111,68,43
218000346,27,138,-111
218000459,89,462,-373
218000490,32,82,-50
218000501,28,44,-16
218000502,48,112,-64
218000503,49,10,39
218000504,77,13,64
218000505,28,177,-149
218000506,23,179,-156
218000508,70,5,65
218000510,122,16,106
218000520,162,136,26
218000521,3,59,-56
218000522,1,168,-167
218000523,55,1,54
218000524,56,146,-90
218000525,120,10,110
218000526,62,65,-3
218000529,27,268,-241
218000530,7,8,-1
218000531,2,26,-24
218000532,8,39,-31
218000534,34,6,28
218000537,10,49,-39
218000538,136,212,-76
218000540,445,76,369
218000543,74,55,19
218000544,34,141,-107
218000545,11,79,-68
218000546,32,124,-92
218000547,47,93,-46
218000548,105,234,-129
218000549,245,108,137
218000550,203,631,-428
218000551,206,294,-88
218000552,563,20,543
218000553,58,89,-31
218000554,5,40,-35
218000555,6,52,-46
218000556,83,562,-479
218000557,140,121,19
218000558,82,3,79
218000559,1,38,-37
218000560,0,15,-15
218000561,4,0,4
218000562,15,212,-197
218000563,87,35,52
218000564,3,123,-120
218000565,312,20,292
218000566,1203,19,1184
218000567,2,85,-83
218000568,6,2,4
218000569,2,76,-74
218000570,184,8,176
218000571,1,78,-77
218000572,36,2,34
218000573,12,55,-43
218000574,110,84,26
218000575,104,0,104
218000576,3,57,-54
218000577,49,2,47
218000578,1,96,-95
218000579,102,9,93
218000581,1,105,-104
218000582,22,5,17
218000583,1,0,1
218000584,0,33,-33
218000585,13,2,11
218000586,6,43,-37
218000587,0,2,-2
218000588,0,9,-9
218000589,0,3,-3
218000590,1,0,1
218000591,9,6,3
218000592,2,0,2
218000593,0,0,0
218000594,1,1,0
218000595,0,0,0
218000596,0,0,0
218000597,0,0,0
218000598,0,0,0
218000599,0,0,0
218000600,0,0,0
218000601,0,0,0
218000602,0,1,-1
218000603,0,6,-6
218000604,0,0,0
218000605,0,22,-22
218000606,19,0,19
218000607,8,41,-33
218000608,33,11,22
218000609,2,47,-45
218000610,34,5,29
218000611,5,2,3
218000612,0,26,-26
218000613,9,5,4
218000614,3,38,-35
218000615,49,3,46
218000616,0,148,-148
218000617,4,1,3
218000618,0,19,-19
218000619,20,35,-15
218000620,1,56,-55
218000621,0,10,-10
218000622,0,2,-2
218000623,4,2,2
218000624,5,16,-11
218000625,5,1,4
218000626,0,6,-6
218000628,51,38,13
218000631,9,16,-7
218000632,1,95,-94
218000633,61,0,61
218000634,1,19,-18
218000635,0,4,-4
218000636,637,1855,-1218
218000637,751,679,72
218000638,65,41,24
218000639,39,327,-288
218000640,100,43,57
218000641,56,562,-506
218000652,207,198,9
218000653,153,55,98
218000663,0,106,-106
218000675,51,45,6
218000676,1,43,-42
218000677,4,26,-22
218000680,116,641,-525
218000681,181,69,112
218000691,70,522,-452
218000693,68,94,-26
218000703,13,74,-61
218000718,1088,315,773
218000719,1347,67,1280
218000720,6,29,-23
218000721,30,17,13
218000725,3,14,-11
218001214,21,29,-8
218001329,54,88,-34
218001330,119,71,48
218001351,9,4,5
218001352,10,12,-2
218001353,4,10,-6
218001354,1,11,-10
219000001,37,55,-18
219000002,38,96,-58
219000003,32,25,7
219000004,42,33,9
219000017,106,13,93
219000020,64,28,36
219000022,88,6,82
219000023,81,7,74
219000029,2,107,-105
219000034,17,18,-1
219000039,23,63,-40
219000040,17,34,-17
219000041,61,33,28
219000051,1,86,-85
219000052,0,44,-44
219000053,1,249,-248
219000054,483,417,66
219000055,42,1,41
219000056,5,0,5
219000057,27,0,27
219000062,7,273,-266
219000063,40,5,35
219000064,3,25,-22
219000110,299,46,253
219000111,98,23,75
219000112,130,39,91
219000113,93,27,66
219000114,350,37,313
219000116,62,35,27
219000117,150,66,84
219000118,83,50,33
219000123,222,71,151
219000124,62,52,10
219000125,12,27,-15
219000126,54,103,-49
219000127,2,2,0
219000128,6,86,-80
219000129,33,158,-125
219000130,1164,645,519
219000131,852,698,154
219000133,47,25,22
219000134,6,22,-16
219000135,23,58,-35
219000136,93,156,-63
219000138,55,22,33
219000139,21,81,-60
219000140,17,0,17
219000141,16,122,-106
219000142,11,107,-96
219000143,10,137,-127
219000145,12,56,-44
219000146,3,74,-71
219000147,1,68,-67
219000148,0,82,-82
219000149,38,253,-215
219000150,3,171,-168
219000151,6,115,-109
219000157,87,148,-61
219000158,116,251,-135
219000161,105,21,84
219000163,1672,350,1322
219000166,53,194,-141
219000167,80,279,-199
219000168,273,46,227
219000174,214,64,150
219000175,39,4,35
219000176,52,1,51
219000177,6,1,5
219000178,8,1,7
219000179,9,2,7
219000180,37,27,10
219000182,46,13,33
219000183,6,54,-48
219000184,31,3,28
219000185,1,151,-150
219000186,19,104,-85
219000187,8,189,-181
219000189,157,141,16
219000190,173,187,-14
219000191,1843,768,1075
219000192,138,105,33
219000193,649,176,473
219000195,0,47,-47
219000196,3,104,-101
219000198,30,160,-130
219000199,97,222,-125
219000200,39,211,-172
219000201,57,255,-198
219000203,28,119,-91
219000204,97,218,-121
219000205,41,232,-191
219000207,171,285,-114
219000209,12,123,-111
219000210,26,126,-100
219000213,7,302,-295
219000239,145,260,-115
219000240,186,408,-222
219000241,127,288,-161
219000242,66,213,-147
219000243,46,309,-263
219000244,8,108,-100
219000245,27,38,-11
219000246,12,17,-5
219000247,46,27,19
219000248,467,201,266
219000249,98,40,58
219000250,178,89,89
219000251,421,122,299
219000252,129,123,6
219000253,171,30,141
219000255,37,79,-42
219000256,70,52,18
219000257,40,0,40
219000262,79,291,-212
219000263,39,252,-213
219000267,6,154,-148
219000268,2,6,-4
219000269,15,0,15
219000270,2,1,1
219000271,48,2,46
219000278,1,11,-10
219000279,2,2,0
219000283,0,9,-9
219000295,20,99,-79
219000296,74,606,-532
219000297,20,196,-176
219000298,11,300,-289
219000299,301,38,263
219000300,28,363,-335
219000301,186,328,-142
219000302,26,198,-172
219000307,16,58,-42
219000308,36,39,-3
219000311,113,47,66
219000312,321,23,298
219000313,151,21,130
219000314,94,611,-517
219000315,64,21,43
219000316,244,31,213
219000317,40,11,29
219000320,0,43,-43
219000321,0,16,-16
219000323,4,136,-132
219000325,0,43,-43
219000326,73,119,-46
219000327,57,37,20
219000328,17,56,-39
219000329,316,72,244
219000330,53,32,21
219000331,24,32,-8
219000332,36,76,-40
219000333,4,1,3
219000335,48,0,48
219000337,25,0,25
219000338,39,0,39
219000344,23,76,-53
219000345,65,150,-85
219000346,28,240,-212
219000348,68,196,-128
219000349,31,331,-300
219000350,28,98,-70
219000351,9,6,3
219000352,214,36,178
219000353,93,54,39
219000354,133,157,-24
219000355,73,30,43
219000356,1901,381,1520
219000363,315,25,290
219000364,89,19,70
219000365,93,11,82
219000366,296,99,197
219000368,390,323,67
219000370,1127,162,965
219000371,10,18,-8
219000382,2,11,-9
219000383,753,623,130
219000385,756,444,312
219000386,1107,1199,-92
219000387,0,3,-3
219000390,0,0,0
219000391,0,0,0
219000397,69,108,-39
219000398,90,34,56
219000401,5,118,-113
219000402,17,104,-87
219000403,66,171,-105
219000404,9,97,-88
219000407,1,28,-27
219000409,22,43,-21
219000410,45,24,21
219000411,40,19,21
219000446,266,430,-164
219000447,0,14,-14
219000448,8,20,-12
219000452,57,46,11
219000453,41,87,-46
219000454,252,132,120
219000556,52,73,-21
219000558,121,339,-218
219000590,19,248,-229
219000591,32,47,-15
219000592,111,416,-305
219000595,0,42,-42
219000635,42,9,33
219000636,10,125,-115
219000657,39,14,25
219000658,22,56,-34
219000673,0,5,-5
219000676,9,3,6
219000679,25,8,17
219000684,44,0,44
219000685,0,133,-133
219000686,2,1,1
219000688,0,128,-128
219000689,64,175,-111
219000690,222,27,195
219000691,48,94,-46
219000692,171,15,156
219000693,0,37,-37
219000694,20,0,20
219000695,12,7,5
219000698,7,0,7
219000699,0,19,-19
219000727,7,234,-227
219000728,144,1,143
219000770,11,0,11
219000771,1,40,-39
219001150,0,9,-9
219001151,0,4,-4
219001166,3,6,-3
219001167,1,66,-65
220000001,9,43,-34
220000002,9,211,-202
220000003,325,324,1
220000004,725,744,-19
220000005,1921,1612,309
220000006,154,879,-725
220000007,205,822,-617
220000008,265,1226,-961
220000009,176,769,-593
220000010,155,111,44
220000011,702,2371,-1669
220000012,222,301,-79
220000014,40,74,-34
220000015,31,134,-103
220000017,54,446,-392
220000018,6252,1112,5140
220000019,62,249,-187
220000020,278,225,53
220000021,351,142,209
220000022,263,500,-237
220000023,238,172,66
220000024,1665,291,1374
220000025,1175,447,728
220000026,138,196,-58
220000027,14,103,-89
220000028,15,35,-20
220000029,62,180,-118
220000030,151,83,68
220000031,194,258,-64
220000064,18,1167,-1149
221000046,2,0,2
221000047,0,4,-4
221000048,0,0,0
221000049,0,24,-24
221000050,21,0,21
221000055,47,53,-6
221000057,39,11,28
221000068,329,110,219
221000069,305,52,253
221000070,147,23,124
221000071,27,13,14
221000072,121,16,105
221000073,161,97,64
221000074,3,31,-28
221000075,63,32,31
221000076,10,40,-30
221000077,56,71,-15
221000081,28,10,18
221000082,35,7,28
221000083,65,7,58
221000084,1,9,-8
221000085,16,68,-52
221000086,15,136,-121
221000087,10,221,-211
221000088,33,200,-167
221000089,31,253,-222
221000090,129,485,-356
221000098,128,14,114
221000099,114,5,109
221000100,31,7,24
221000101,202,17,185
221000102,140,15,125
221000109,3,75,-72
221000110,6,150,-144
221000111,23,140,-117
221000112,22,138,-116
221000113,14,177,-163
221000114,14,189,-175
221000120,20,32,-12
221000121,3,17,-14
221000122,14,23,-9
221000123,4,7,-3
221000124,16,352,-336
221000155,53,6,47
221000156,32,23,9
221000175,1,3,-2
221000176,5,3,2
221000182,17,3,14
221000241,467,172,295
221000242,233,234,-1
221000243,352,130,222
221000244,221,303,-82
221000245,25,144,-119
221000246,15,218,-203
221000247,24,124,-100
221000248,47,125,-78
221000267,65,1017,-952
221000325,105,42,63
221000331,3,95,-92
221000338,5,10,-5
221000378,72,29,43
221000381,49,56,-7
222000282,1,0,1
222000296,3,21,-18
222000568,197,9,188
222000569,94,12,82
222000570,135,3,132
222000571,94,20,74
222000577,12,269,-257
222000578,17,273,-256
222000579,31,141,-110
222000580,121,1130,-1009
222000599,0,199,-199
222000600,5,309,-304
222000601,9,978,-969
222000603,20,7,13
222000604,27,35,-8
222000605,10,12,-2
222000606,0,17,-17
222000607,2,1,1
222000608,5,8,-3
222000609,24,295,-271
222000616,67,32,35
222000617,15,6,9
222000618,0,7,-7
222000620,117,6,111
222000621,62,1,61
222000623,414,10,404
222000624,251,3,248
222000625,284,42,242
222000636,53,4,49
222000686,21,5,16
222000687,31,23,8
222001066,291,1,290
222001067,4,4,0
222001068,13,59,-46
222001069,9,64,-55
222001082,6,74,-68
222001083,10,101,-91
222001084,0,24,-24
222001085,0,250,-250
222001111,11,247,-236
222001112,13,49,-36
222001313,11,2,9
222001314,1,192,-191
222001464,25,57,-32
222001465,9,141,-132
222001484,51,56,-5
222001485,6,63,-57
222001494,170,168,2
222001495,129,515,-386
222001496,93,65,28
222001497,48,784,-736
222001502,29,148,-119
222001503,72,42,30
222001504,23,293,-270
222001505,191,19,172
222001506,55,249,-194
222001507,256,27,229
222001510,137,23,114
222001511,40,616,-576
222001514,602,104,498
222001515,247,769,-522
222001518,114,30,84
222001519,39,510,-471
222001527,146,43,103
222001528,95,217,-122
222001529,121,49,72
222001530,29,329,-300
222001533,133,538,-405
222001534,159,46,113
222001535,53,166,-113
222001536,77,494,-417
222001537,122,24,98
222001538,72,567,-495
222001563,213,112,101
222001564,30,1092,-1062
222001568,405,109,296
222001576,0,4,-4
222001579,0,3,-3
222001583,11,330,-319
222001584,49,16,33
222001596,732,2094,-1362
222001597,2099,345,1754
222001626,0,260,-260
222001650,92,94,-2
222001651,90,137,-47
222001914,221,69,152
222001915,66,291,-225
222900004,560,192,368
222900009,518,983,-465
222900019,180,254,-74
222900024,7,37,-30
222900025,0,46,-46
225000001,304,90,214
225000002,275,114,161
225000003,202,67,135
225000004,182,229,-47
225000005,117,44,73
225000006,0,136,-136
225000007,3312,1098,2214
225000010,140,7,133
225000011,420,686,-266
225000012,104,451,-347
225000013,68,177,-109
225000014,598,75,523
225000015,88,246,-158
225000021,652,109,543
225000027,255,490,-235
225000032,545,144,401
225000042,54,708,-654
225000049,41,69,-28
225000050,61,20,41
225000053,2,206,-204
225000058,329,93,236
225000067,160,234,-74
225000068,66,599,-533
225000069,170,602,-432
225000070,49,540,-491
225000071,18,338,-320
225000075,14,747,-733
225000076,66,135,-69
225000078,44,16,28
225000085,18,58,-40
225000086,83,24,59
225000087,128,22,106
225000088,21,156,-135
225000089,415,599,-184
225000090,28,335,-307
225000091,84,283,-199
225000092,83,94,-11
225000093,129,471,-342
225000094,10,558,-548
225000095,244,643,-399
225000096,93,425,-332
225000098,256,98,158
225000099,171,82,89
225000100,92,119,-27
225000104,41,372,-331
225000110,3,483,-480
225000111,195,1223,-1028
225000112,278,1078,-800
225000113,111,608,-497
225000114,40,321,-281
225000115,2655,607,2048
225000116,893,62,831
225000117,852,315,537
225000118,665,231,434
225000119,107,87,20
225000120,626,41,585
225000121,177,25,152
225000123,919,10,909
225000125,200,296,-96
225000126,749,158,591
225000127,989,427,562
225000128,256,317,-61
225000132,180,38,142
225000133,240,26,214
225000134,463,72,391
225000135,38,8,30
225000136,99,12,87
225000137,74,44,30
225000138,200,19,181
225000143,88,154,-66
225000144,1,389,-388
225000145,20,56,-36
225000146,43,130,-87
225000147,14,435,-421
225000148,4,340,-336
225000149,86,493,-407
225000151,27,297,-270
225000155,223,316,-93
225000156,155,701,-546
225000157,113,393,-280
225000158,40,427,-387
225000171,2,196,-194
225000180,10,4,6
225000181,0,40,-40
225000182,31,6,25
225000185,4,275,-271
225000187,48,414,-366
225000191,100,2,98
225000194,0,2,-2
225000208,0,40,-40
225000209,19,19,0
225000210,3,188,-185
225000217,0,11,-11
225000218,5,2,3
225000223,0,52,-52
225000224,47,0,47
225000225,0,5,-5
225000226,55,0,55
225000227,38,50,-12
225000228,5,2,3
225000229,0,76,-76
225000230,18,0,18
225000231,0,73,-73
225000232,42,0,42
225000241,23,0,23
225000242,0,31,-31
225000249,3,1,2
225000250,29,1133,-1104
225000251,229,19,210
225000254,1,0,1
225000256,0,1,-1
225000257,0,9,-9
226000042,448,371,77
226000043,77,295,-218
226000044,204,842,-638
226000045,52,516,-464
226000046,404,58,346
226000047,179,60,119
226000048,273,40,233
226000049,181,75,106
226000070,0,61,-61
226000071,1,60,-59
226000072,0,11,-11
226000073,0,11,-11
226000074,0,6,-6
226000084,0,65,-65
226000085,6,8,-2
226000086,8,4,4
226000087,1,25,-24
226000088,92,11,81
226000090,156,40,116
226000091,11,4,7
226000092,1,2,-1
226000093,70,0,70
226000094,6,0,6
226000095,13,2,11
226000105,8,0,8
226000106,2,0,2
226000107,1,0,1
226000108,7,0,7
226000109,39,0,39
226000124,90,48,42
226000134,314,407,-93
226000135,742,453,289
226000136,158,279,-121
226000137,9,452,-443
226000138,3,294,-291
226000139,0,14,-14
226000156,28,9,19
226000157,86,21,65
226000163,60,40,20
226000202,5,571,-566
226000231,91,7,84
226000232,46,5,41
227000033,327,42,285
227000036,116,24,92
227000037,75,9,66
227000038,112,35,77
227000084,3,61,-58
227000085,0,46,-46
227000088,30,1,29
227000089,105,2,103
227000090,35,0,35
227000091,13,0,13
227000092,6,2,4
227000093,33,0,33
227000094,2,0,2
227000130,16,72,-56
227000131,17,336,-319
227000132,21,329,-308
227000133,21,320,-299
227000134,16,477,-461
227000152,0,2,-2
227000153,0,49,-49
227000154,0,39,-39
227000155,0,25,-25
227000156,0,18,-18
227000165,9,26,-17
227000196,114,418,-304
227000199,62,833,-771
227000230,36,598,-562
227000232,128,13,115
227000242,73,495,-422
227000243,379,67,312
227000245,26,391,-365
227000246,80,517,-437
227000247,173,75,98
227000248,40,21,19
227000249,17,252,-235
227000250,208,76,132
227000251,133,206,-73
227000252,20,433,-413
227000253,37,20,17
227000262,298,14,284
227000266,298,18,280
227000267,30,2480,-2450
227000282,10,339,-329
227000284,156,15,141
227000286,3,113,-110
227000291,13,778,-765
227000296,401,248,153
227000484,190,14,176
227000485,25,825,-800
227000655,54,12,42
227000656,521,20,501
227000657,33,12,21
227000704,102,8,94
229000265,1,10,-9
229000266,1,2,-1
229000267,11,0,11
229000268,9,0,9
229000269,37,0,37
229000274,1,28,-27
229000275,0,14,-14
229000276,4,21,-17
229000277,0,21,-21
229000278,0,4,-4
229000295,11,20,-9
229000296,81,7,74
229000297,14,54,-40
229000298,19,168,-149
229000320,11,5,6
229000321,83,13,70
229000412,8,86,-78
229000414,13,57,-44
229000415,65,0,65
229000416,0,0,0
229000417,1,15,-14
229000419,177,284,-107
229000440,211,87,124
229000442,10,14,-4
229000443,0,4,-4
229000444,2,41,-39
229000445,8,9,-1
229000446,51,14,37
229000491,4,39,-35
229000492,19,214,-195
229000493,6,157,-151
229000494,20,5,15
229000495,72,14,58
229000496,26,12,14
229000507,0,47,-47
229000508,2,27,-25
229000509,1,60,-59
229000510,5,15,-10
229000511,4,84,-80
229000512,0,50,-50
229000513,0,8,-8
229000514,0,4,-4
229000517,5,23,-18
229000518,6,51,-45
229000519,0,21,-21
229000520,7,53,-46
229000521,9,19,-10
229000522,3,11,-8
229000523,7,9,-2
229000524,5,9,-4
229000527,4,1,3
229000528,0,1,-1
229000529,3,1,2
229000530,66,7,59
229000531,28,3,25
229000532,39,3,36
229000533,107,2,105
229000534,102,0,102
229000564,28,1,27
229000565,7,1,6
229000566,0,41,-41
229000567,0,109,-109
229000582,131,1,130
229000583,2,1,1
229000584,1,44,-43
229000585,7,86,-79
229000718,0,2,-2
229000719,0,3,-3
229000720,0,19,-19
229000721,0,17,-17
229000722,1,48,-47
229000723,0,27,-27
229000724,0,4,-4
229000725,0,11,-11
229000738,0,0,0
229000739,1,0,1
229000740,1,0,1
229000741,4,0,4
229000742,1,0,1
229000743,15,0,15
229000744,0,1,-1
229000745,0,0,0
229000746,27,0,27
229000847,11,1,10
229000848,7,1,6
229000849,49,1,48
229000851,9,0,9
229000854,0,85,-85
229000856,5,219,-214
229000857,0,60,-60
229000858,0,197,-197
229000919,0,75,-75
229000930,3,155,-152
229000937,34,15,19
229000966,48,23,25
229000981,6,36,-30
229000985,5,32,-27
229000986,1,3,-2
229000987,0,3,-3
229000988,1,45,-44
229000989,0,6,-6
229000990,0,3,-3
229000991,0,4,-4
229000992,4,10,-6
229000993,155,27,128
229000998,24,52,-28
229000999,58,19,39
229001034,0,36,-36
229001035,2,0,2
229001036,0,95,-95
229001037,50,2,48
229001038,1,10,-9
229001039,1,0,1
229001040,0,117,-117
229001041,77,3,74
229001042,9,27,-18
229001047,2,56,-54
229001050,32,13,19
229001168,0,12,-12
229001200,3,0,3
229001338,22,30,-8
229001394,218,1,217
229001422,64,37,27
229001423,25,98,-73
229001431,28,37,-9
229001432,22,71,-49
229001444,103,76,27
229001445,59,191,-132
229001479,3,6,-3
229001503,103,71,32
229001504,74,200,-126
229001505,44,41,3
229001506,28,169,-141
229001509,40,9,31
229001510,2,76,-74
229001545,55,12,43
229001546,4,90,-86
229001553,28,6,22
229001554,9,90,-81
229001630,82,21,61
229001631,39,35,4
229001635,0,7,-7
229001636,0,0,0
229001658,0,57,-57
229001659,52,0,52
229001660,0,0,0
229001661,0,10,-10
229001662,25,1,24
229001663,0,21,-21
229002584,164,198,-34
229002831,218,159,59
229002841,5,37,-32
229002842,67,25,42
229002843,9,16,-7
229002844,11,72,-61
229002845,1,97,-96
229002846,13,13,0
229002847,11,11,0
229002848,6,11,-5
229002849,1,71,-70
229002850,0,0,0
229002851,11,105,-94
229002852,43,20,23
229002853,46,22,24
229002854,21,49,-28
229002855,4,52,-48
229002856,15,24,-9
229002857,2,80,-78
229002858,2,1,1
229002859,21,50,-29
229002860,21,57,-36
229002861,17,28,-11
229002862,12,44,-32
229002863,7,12,-5
229002864,11,29,-18
229002865,11,7,4
229002866,12,24,-12
229002867,5,30,-25
229002868,6,12,-6
229002869,4,164,-160
229002870,12,2,10
235000066,384,108,276
235000067,131,116,15
235000072,26,58,-32
235000073,87,258,-171
235000074,25,96,-71
235000080,27,98,-71
235000081,64,232,-168
235000082,61,85,-24
235000083,106,125,-19
235000084,11,67,-56
235000085,77,140,-63
235000089,30,40,-10
235000092,9,143,-134
235000093,3,0,3
235000097,3,3,0
235000098,17,9,8
235000099,22,43,-21
235000116,32,27,5
235000117,980,17,963
235000133,26,211,-185
235000134,10,77,-67
235000206,4,1,3
235000207,2,0,2
235000208,5,1,4
235000209,4,0,4
235000210,3,1,2
235000212,4,11,-7
235000213,1,10,-9
235000220,0,3,-3
235000221,17,5,12
235000238,9,25,-16
235000239,2,0,2
235000242,151,208,-57
235000245,1069,164,905
235000246,12,40,-28
235000284,4,137,-133
235000295,94,3,91
235000305,81,4,77
235000306,48,2,46
235000307,4,4,0
235000308,29,0,29
235000309,8,0,8
235000310,64,0,64
235000311,19,2,17
235000322,0,17,-17
235000323,0,56,-56
235000324,0,16,-16
235000325,0,18,-18
235000326,6,330,-324
235000351,5,60,-55
235000352,16,42,-26
235000353,0,37,-37
235000354,0,44,-44
235000355,5,59,-54
235000356,48,24,24
235000357,6,17,-11
235000358,34,16,18
235000359,3,2,1
235000360,68,8,60
235000361,17,4,13
235000381,27,309,-282
235000382,86,67,19
235000390,12,4,8
235000391,67,22,45
235000392,52,116,-64
235000393,69,95,-26
235000395,32,31,1
235000396,181,45,136
235000400,171,33,138
235000401,22,229,-207
235000405,87,366,-279
235000406,49,299,-250
235000407,68,121,-53
235000409,173,184,-11
235000410,38,222,-184
235000411,12,92,-80
235000485,0,13,-13
235000486,3,0,3
235000549,25,92,-67
235000550,33,219,-186
235000599,41,90,-49
235000600,6,8,-2
235000601,18,64,-46
235000602,38,166,-128
235000614,0,2,-2
235000648,0,17,-17
235000649,12,0,12
235000685,0,4,-4
235000815,4,32,-28
235000834,0,2,-2
235000855,33,71,-38
235000862,26,323,-297
235000891,1,16,-15
235000892,24,26,-2
235000901,73,116,-43
235000907,0,16,-16
235001010,26,88,-62
235001029,731,372,359
235001030,320,141,179
235001078,77,99,-22
235001079,60,151,-91
235001147,62,39,23
235001166,18,82,-64
235001167,14,105,-91
235001169,13,338,-325
235001188,1,9,-8
235001189,0,0,0
235001197,33,14,19
235001200,23,20,3
235001208,47,8,39
235001209,21,33,-12
235001210,36,229,-193
235001239,0,53,-53
235001244,1,6,-5
235016267,0,11,-11
241900007,37,1,36
277101746,0,4,-4
277102712,33,29,4
277103813,0,0,0
277103814,0,0,0
277103898,0,3,-3
277104249,0,1,-1
277104250,0,9,-9
277104251,0,1,-1
277104252,0,1,-1
990011530,1,255,-254
990014944,2,613,-611
990015176,12,1,11
990015618,0,85,-85
990016032,0,432,-432
990032570,1,122,-121
990070001,27,1,26
990070103,0,7,-7
990070601,0,66,-66
990070751,214,31,183
990070766,2,1039,-1037
990071180,341,223,118
990071343,4,0,4
990071387,0,12,-12
990071823,232,2,230
990072600,2,673,-671
990072964,1,752,-751
990073285,0,4,-4
990074393,4,1350,-1346
990074870,376,3,373
990075106,242,4,238
990075746,171,3,168
990076437,282,5,277
990076458,4,1534,-1530
997000007,82,5,77
997000041,0,169,-169
997000058,18,0,18
997000062,14,2,12
997000069,0,6,-6
997000070,0,72,-72
997000100,9,1,8
997000141,5,1342,-1337
997000198,0,338,-338
998000475,0,20,-20
998000736,1,371,-370
998000965,0,9,-9
998001031,0,56,-56
998001700,1,28,-27
998001899,0,0,0
998001900,3,1,2
998003073,1038,70,968
998101900,0,0,0
998102850,1,94,-93
998501927,447,387,60
998501929,79,0,79
998501930,78,0,78
998501931,77,6,71
998501932,0,0,0
998501933,34,3,31
998501937,8,2,6
998501944,0,0,0
998501950,0,0,0
998501970,75,3,72
998501971,1,77,-76
998501972,271,8,263
998501973,0,85,-85
998501974,1,327,-326
998501975,85,1,84
998501976,33,1,32
998501977,2,25,-23
998501978,32,0,32
998501979,0,9,-9
998501980,60,2,58
998501981,22,4,18
998501982,0,159,-159
998502006,0,2,-2
998502024,0,1,-1
998502032,0,3,-3
998502062,21,4,17
998502063,0,0,0
998502173,13,0,13
998502269,0,1,-1
998601159,1,323,-322
998601292,0,15,-15
999033574,1,170,-169
999800001,25,3,22
999800002,0,7,-7
999800003,2,4,-2
999800004,0,6,-6
999800005,0,8,-8
