ID,insum,outsum,diff
100000001,679,1470,-791
100000002,6439,1120,5319
100000003,7945,4504,3441
100000004,1942,1417,525
100000005,3039,6048,-3009
100000006,921,144,777
100000007,5358,865,4493
100000008,278,964,-686
100000009,837,476,361
100000010,25,70,-45
100000011,1020,76,944
100000012,127,942,-815
100000013,22,342,-320
100000014,542,324,218
100000015,3096,3045,51
100000016,1568,2234,-666
100000017,1553,1455,98
100000018,2300,908,1392
100000019,8943,3085,5858
100000020,3149,9691,-6542
100000021,9130,4458,4672
100000022,5376,2139,3237
100000023,11934,2719,9215
100000025,5745,1458,4287
100000028,4388,1568,2820
100000029,490,370,120
100000030,1016,166,850
100000031,15009,11735,3274
100000032,4953,6106,-1153
100000033,1945,4026,-2081
100000034,1730,708,1022
100000035,2950,1284,1666
100000036,4471,1718,2753
100000037,703,645,58
100000038,2067,1288,779
100000039,1359,202,1157
100000040,359,208,151
100000041,1640,505,1135
100000042,1920,639,1281
100000043,1334,414,920
100000044,487,922,-435
100000045,903,2095,-1192
100000046,1238,2064,-826
100000047,686,1225,-539
100000048,1082,955,127
100000049,2589,3250,-661
100000051,863,1487,-624
100000053,134,9,125
100000054,491,46,445
100000055,1434,237,1197
100000056,691,718,-27
100000057,2555,979,1576
100000058,1351,1823,-472
100000059,10,154,-144
100000060,559,611,-52
100000061,3161,784,2377
100000062,2609,695,1914
100000063,788,407,381
100000064,2141,503,1638
100000065,729,1291,-562
100000066,338,1201,-863
100000067,867,1199,-332
100000068,916,2298,-1382
100000069,406,2251,-1845
100000072,481,1748,-1267
100000073,2469,2230,239
100000075,894,510,384
100000076,6077,4279,1798
100000077,1404,261,1143
100000078,249,83,166
100000079,71,128,-57
100000080,38,50,-12
100000081,226,119,107
100000102,11380,2426,8954
100000103,8016,1464,6552
100000104,8213,3284,4929
100000105,6480,1911,4569
100000106,5874,3129,2745
100000107,1646,1017,629
100000108,2550,1594,956
100000109,9635,2012,7623
100000116,2694,1303,1391
100000117,78,76,2
100000118,3008,1473,1535
100000119,1412,847,565
100000121,396,812,-416
100000122,4965,1591,3374
100000123,6001,9645,-3644
100000124,8749,15136,-6387
100000125,5192,1951,3241
100000126,2736,489,2247
100000127,5413,453,4960
100000128,2408,2614,-206
100000129,1345,643,702
100000130,382,787,-405
100000131,3920,5784,-1864
100000132,2161,4721,-2560
100000133,9208,5038,4170
100000135,747,1020,-273
100000139,605,218,387
100000140,597,355,242
100000142,632,838,-206
100000143,1287,728,559
100000144,6195,1193,5002
100000147,1667,3570,-1903
100000150,76,533,-457
100000151,1413,1541,-128
100000153,1503,652,851
100000154,576,200,376
100000155,76,85,-9
100000156,405,193,212
100000157,55,102,-47
100000158,199,116,83
100000159,1540,769,771
100000165,1977,1168,809
100000169,1665,548,1117
100000174,3965,746,3219
100000179,144,776,-632
100000180,2898,1493,1405
100000181,380,325,55
100000188,120,660,-540
100000189,1693,453,1240
100000190,1286,683,603
100000191,1453,606,847
100000192,168,202,-34
100000193,214,194,20
100000330,3366,1449,1917
100000355,397,895,-498
100000362,7919,5180,2739
100000363,4481,6447,-1966
100000364,874,242,632
100000365,5795,6341,-546
100000366,8437,3497,4940
100000367,6637,5603,1034
100000368,3330,2630,700
100000369,2055,2716,-661
100000370,431,719,-288
100000376,193,227,-34
100000379,9665,2492,7173
100000380,15407,4320,11087
100000384,13318,7579,5739
100000385,11662,6682,4980
100000386,16912,10470,6442
100000387,14692,8220,6472
100000388,13460,13213,247
100000389,13939,10902,3037
100000390,14750,7984,6766
100000391,10351,12522,-2171
100000392,7579,4295,3284
100000393,4119,4864,-745
100000394,15541,8272,7269
100000395,9850,3042,6808
100000396,10152,3449,6703
100000397,6755,4053,2702
100000398,16706,11262,5444
100900002,69,66,3
100900003,475,175,300
100900004,27,1033,-1006
100900005,196,27,169
100900006,22,204,-182
100900007,934,11,923
100900008,9,501,-492
100900009,105,93,12
100900010,52,126,-74
100900011,183,478,-295
100900012,1,328,-327
100900013,759,15,744
100900014,3,15,-12
100900015,174,261,-87
100900016,11,63,-52
100900017,1726,140,1586
100900018,0,21,-21
100900019,52,140,-88
100900020,688,9,679
100900021,481,1,480
100900022,7,17,-10
100900023,0,18,-18
100900024,1873,7,1866
100900025,6,31,-25
100900026,176,225,-49
100900027,798,4427,-3629
100900028,212,277,-65
100900029,104,19,85
100900030,8,79,-71
100900031,840,106,734
100900032,250,4,246
100900033,403,341,62
100900034,576,1,575
100900035,1188,3,1185
100900036,29,2,27
100900037,73,375,-302
100900038,302,20,282
100900039,421,711,-290
100900040,434,1009,-575
100900041,884,1204,-320
100900042,1456,390,1066
100900043,0,44,-44
100900044,5507,872,4635
100900045,282,1,281
100900046,1221,19,1202
100900047,1033,248,785
100900048,205,70,135
100900049,72,321,-249
100900050,3,22,-19
100900051,203,159,44
100900052,704,44,660
100900053,464,35,429
100900054,29,152,-123
100900055,553,869,-316
100900056,306,330,-24
100900057,1312,2140,-828
100900058,706,66,640
100900059,172,7,165
100900060,108,14,94
100900061,446,510,-64
100900062,13,78,-65
100900063,230,766,-536
100900064,1174,23,1151
100900065,297,161,136
100900066,58,184,-126
100900067,2,13,-11
100900068,139,212,-73
100900069,3392,22,3370
100900070,298,8,290
100900071,986,766,220
100900072,5,62,-57
100900073,196,821,-625
100900074,0,10,-10
100900075,2939,694,2245
100900076,66,116,-50
100900077,24,213,-189
100900078,126,937,-811
100900079,1,44,-43
100900080,20,201,-181
100900081,68,327,-259
100900082,128,894,-766
100900083,13,71,-58
100900085,15,172,-157
100900086,511,2411,-1900
100900088,130,1035,-905
100900089,2,19,-17
100900090,236,767,-531
100900091,0,29,-29
100900092,512,376,136
100900093,232,400,-168
100900094,165,1139,-974
100900095,9,28,-19
100900096,63,130,-67
100900097,0,5,-5
100900098,8,14,-6
100900099,68,988,-920
100900100,21,473,-452
100900101,650,68,582
100900102,137,103,34
100900103,9,15,-6
100900104,11,293,-282
100900105,21,270,-249
100900106,58,7,51
100900107,3343,1138,2205
100900108,21,39,-18
100900109,18,27,-9
100900110,6,71,-65
100900111,76,291,-215
100900112,5,4,1
100900113,15,22,-7
100900114,26,27,-1
100900115,33,35,-2
100900116,999,2058,-1059
100900117,431,1152,-721
100900118,386,152,234
100900119,31,21,10
100900120,4,20,-16
100900121,362,1355,-993
100900122,188,241,-53
100900123,124,238,-114
100900124,6,13,-7
100900125,35,141,-106
100900126,142,300,-158
100900127,1,7,-6
100900128,254,243,11
100900129,0,148,-148
100900131,118,296,-178
100900133,122,91,31
100900134,2,8,-6
100900135,0,211,-211
100900137,634,258,376
100900138,778,763,15
100900139,11,9,2
100900140,11,1206,-1195
100900141,14,515,-501
100900142,1,29,-28
100900143,1399,604,795
100900144,21,12,9
100900145,68,241,-173
100900146,6,93,-87
100900147,19,321,-302
100900148,51,1526,-1475
100900149,18,182,-164
100900150,4,54,-50
100900151,128,843,-715
100900152,93,10,83
100900153,1,231,-230
100900154,8,42,-34
100900155,20,27,-7
100900156,34,3,31
100900157,29,249,-220
100900158,1208,449,759
100900159,1,44,-43
100900160,29,29,0
100900161,123,4,119
100900162,26,276,-250
100900163,314,302,12
100900164,90,80,10
100900165,37,75,-38
100900166,39,2,37
100900167,36,136,-100
100900168,49,219,-170
100900169,217,1391,-1174
100900170,34,10,24
100900171,31,977,-946
100900172,0,26,-26
100900173,13,825,-812
100900174,551,74,477
100900176,2461,436,2025
100900177,1391,879,512
100900178,1056,193,863
100900179,171,178,-7
100900180,3,4,-1
100900181,86,32,54
100900182,33,41,-8
100900184,11,182,-171
100900186,1243,1135,108
100900187,12,208,-196
100900188,44,29,15
100900189,1275,265,1010
100900191,2536,1800,736
100900192,454,340,114
100900195,295,172,123
100900197,48,192,-144
100900198,20,505,-485
100900199,24,38,-14
100900200,772,543,229
100900201,133,1376,-1243
100900202,31,0,31
100900203,0,77,-77
100900204,650,453,197
100900205,276,490,-214
100900206,186,100,86
100900207,271,119,152
100900210,90,1241,-1151
100900211,544,299,245
100900213,67,53,14
100900214,1497,98,1399
100900215,27,102,-75
101000001,7122,2526,4596
101000002,5967,6692,-725
101000003,1490,3681,-2191
101000004,15294,15704,-410
101000005,7546,9556,-2010
101000006,13112,16630,-3518
101000007,5066,5054,12
101000008,9914,5337,4577
101000009,2662,2976,-314
101000010,1402,2347,-945
101000011,3597,1140,2457
101000012,3219,938,2281
101000013,847,1713,-866
101000014,1194,1266,-72
101000015,2053,1168,885
101000016,2462,830,1632
101000017,1886,1049,837
101000018,12184,4108,8076
101000020,8886,1706,7180
101000021,4548,595,3953
101000022,927,139,788
101000023,3883,1168,2715
101000025,342,658,-316
101000026,674,60,614
101000027,5831,2441,3390
101000028,63,56,7
101000029,332,1324,-992
101000030,2803,153,2650
101000031,1193,720,473
101000032,12679,4069,8610
101000033,6435,4098,2337
101000034,9151,2255,6896
101000035,2994,681,2313
101000036,4747,944,3803
101000037,9699,1952,7747
101000039,7233,3797,3436
101000040,8271,4925,3346
101000041,23120,9364,13756
101000042,2584,1568,1016
101000043,15787,9062,6725
101000045,2569,1108,1461
101000046,4723,1149,3574
101000047,3139,2361,778
101000048,1695,1409,286
101000049,2093,1737,356
101000050,4347,3362,985
101000051,3964,2971,993
101000052,3091,1210,1881
101000053,1894,2136,-242
101000054,3086,2166,920
101000055,2521,2907,-386
101000056,131,127,4
101000057,4608,1278,3330
101000058,4283,1701,2582
101000059,9079,2135,6944
101000060,3298,802,2496
101000061,2000,1600,400
101000062,1630,937,693
101000063,1089,1081,8
101000064,2337,803,1534
101000065,537,537,0
101000066,929,545,384
101000067,1894,847,1047
101000068,806,616,190
101000069,1020,97,923
101000070,2347,1407,940
101000071,3758,1396,2362
101000072,1792,6544,-4752
101000073,925,1018,-93
101000074,8625,5600,3025
101000075,8897,3999,4898
101000077,1939,1508,431
101000078,1402,3080,-1678
101000079,545,470,75
101000080,748,405,343
101000081,1720,2305,-585
101000082,5635,4129,1506
101000083,3060,3420,-360
101000084,2065,1265,800
101000085,2535,1598,937
101000086,1670,1528,142
101000087,1388,1942,-554
101000088,1427,1827,-400
101000089,1246,2490,-1244
101000090,3557,2091,1466
101000091,457,2131,-1674
101000092,903,1750,-847
101000093,2645,1273,1372
101000094,1036,2112,-1076
101000095,368,1328,-960
101000096,423,960,-537
101000097,1845,510,1335
101000098,1576,976,600
101000099,2231,2483,-252
101000100,1754,1303,451
101000101,1062,508,554
101000102,3990,461,3529
101000103,1581,715,866
101000104,744,947,-203
101000105,2425,352,2073
101000106,1631,704,927
101000107,225,588,-363
101000108,2408,607,1801
101000109,345,125,220
101000110,53,1100,-1047
101000111,203,297,-94
101000113,468,1483,-1015
101000114,9562,3960,5602
101000115,115,181,-66
101000116,286,307,-21
101000117,1593,402,1191
101000119,407,109,298
101000120,440,64,376
101000121,218,96,122
101000122,227,88,139
101000123,120,90,30
101000124,371,253,118
101000125,272,770,-498
101000128,2898,515,2383
101000130,329,384,-55
101000131,1029,908,121
101000132,651,2752,-2101
101000135,144,47,97
101000136,646,128,518
101000137,55,422,-367
101000141,4669,5304,-635
101000147,1073,570,503
101000148,2992,85,2907
101000149,66,83,-17
101000150,101,1606,-1505
101000151,195,97,98
101000152,491,578,-87
101000153,804,745,59
101000154,249,2800,-2551
101000155,322,210,112
101000156,38,343,-305
101000157,174,55,119
101000160,121,49,72
101000163,418,203,215
101000164,701,621,80
101000165,281,510,-229
101000166,365,601,-236
101000168,1044,523,521
101000252,2312,1286,1026
101000254,980,83,897
101000258,25,5,20
101000261,94,51,43
101000262,3809,1842,1967
101000263,698,1663,-965
101000265,138,954,-816
101000266,782,596,186
101000269,393,14,379
101000290,4127,5146,-1019
101000293,49,80,-31
101000294,896,706,190
101000295,255,956,-701
101000301,1679,543,1136
101000304,6741,3834,2907
101000305,4822,3177,1645
101900001,64,119,-55
101900002,0,32,-32
101900003,217,166,51
101900004,26,81,-55
101900005,9647,2618,7029
101900006,1738,174,1564
101900007,1185,144,1041
101900008,282,449,-167
101900009,193,967,-774
101900010,1470,1040,430
101900011,731,3088,-2357
101900012,276,867,-591
101900013,1958,208,1750
101900017,33,247,-214
101900018,1555,180,1375
101900019,494,237,257
101900020,1513,304,1209
101900021,5,105,-100
101900022,154,2004,-1850
101900023,122,305,-183
102000001,12251,6819,5432
102000002,7215,1704,5511
102000003,5775,12568,-6793
102000004,12750,5685,7065
102000005,3332,4155,-823
102000006,4116,4032,84
102000007,2858,9386,-6528
102000008,9717,3824,5893
102000009,8918,11597,-2679
102000010,8514,8498,16
102000011,6049,3900,2149
102000012,7331,6893,438
102000018,6714,4726,1988
102000019,4991,4141,850
102000026,598,2221,-1623
102000029,540,299,241
102000030,140,617,-477
102000031,63,285,-222
102000032,512,693,-181
102000033,313,772,-459
102000034,706,1029,-323
102000035,1530,1125,405
102000036,14,916,-902
102000037,331,173,158
102000038,869,307,562
102000039,1052,192,860
102000040,1125,228,897
102000041,402,483,-81
102000042,759,337,422
102000043,853,294,559
102000044,2192,1118,1074
102000045,1490,2144,-654
102000046,2572,1166,1406
102000047,1046,2245,-1199
102000048,569,1472,-903
102000049,2560,1379,1181
102000050,2407,1962,445
102000051,1008,1264,-256
102000052,2629,1348,1281
102000053,2474,1531,943
102000054,586,1112,-526
102000055,1069,1485,-416
102000056,750,2791,-2041
102000057,1898,1145,753
102000058,1605,3265,-1660
102000059,2241,2533,-292
102000060,1975,1812,163
102000061,1987,3743,-1756
102000062,1917,1922,-5
102000063,1827,2477,-650
102000064,676,1176,-500
102000065,62,209,-147
102000066,1399,3485,-2086
102000067,4982,5864,-882
102000068,18935,5653,13282
102000069,97,2300,-2203
102000070,2583,115,2468
102000071,13631,14185,-554
102000072,5133,8884,-3751
102000073,2306,1470,836
102000074,1248,1761,-513
102000075,367,505,-138
102000076,270,926,-656
102000077,532,1707,-1175
102000078,889,1553,-664
102000079,408,447,-39
102000080,430,376,54
102000081,515,1068,-553
102000082,1234,479,755
102000083,689,635,54
102000084,230,630,-400
102000085,2434,2159,275
102000086,1454,2116,-662
102000087,1614,2374,-760
102000088,292,414,-122
102000089,1542,709,833
102000090,603,1599,-996
102000091,2688,680,2008
102000092,533,1640,-1107
102000093,611,912,-301
102000094,1707,876,831
102000095,1637,2179,-542
102000096,1037,1381,-344
102000097,1784,1724,60
102000098,799,1623,-824
102000099,1991,959,1032
102000100,1208,1560,-352
102000101,2237,1047,1190
102000102,663,5455,-4792
102000103,2424,933,1491
102000104,1818,611,1207
102000105,379,1222,-843
102000106,1236,1441,-205
102000107,1528,837,691
102000108,873,645,228
102000109,1053,895,158
102000110,886,2499,-1613
102000111,13,588,-575
102000112,192,212,-20
102000113,18,51,-33
102000114,1767,577,1190
102000115,281,408,-127
102000116,882,434,448
102000117,515,751,-236
102000118,3788,1472,2316
102000119,4018,1050,2968
102000120,485,893,-408
102000121,1346,900,446
102000122,772,1269,-497
102000123,2213,2114,99
102000124,2316,1773,543
102000125,1069,1973,-904
102000126,955,978,-23
102000127,1602,1220,382
102000128,858,1575,-717
102000129,2030,1242,788
102000130,740,1189,-449
102000131,3458,1286,2172
102000132,1230,1355,-125
102000133,1987,3556,-1569
102000134,989,1362,-373
102000135,1251,2216,-965
102000136,2001,1479,522
102000137,1621,1210,411
102000138,323,672,-349
102000139,144,464,-320
102000140,511,370,141
102000141,622,755,-133
102000142,469,551,-82
102000143,208,660,-452
102000144,381,627,-246
102000145,464,660,-196
102000146,576,503,73
102000147,644,682,-38
102000148,276,713,-437
102000149,299,990,-691
102000150,289,507,-218
102000151,209,587,-378
102000152,205,300,-95
102000153,1459,582,877
102000154,875,1036,-161
102000155,273,510,-237
102000156,1065,145,920
102000157,312,363,-51
102000158,655,648,7
102000159,2527,844,1683
102000161,6667,3525,3142
102000162,310,190,120
102000163,137,827,-690
102000164,1609,1581,28
102000165,441,180,261
102000166,47,205,-158
102000167,493,320,173
102000168,417,147,270
102000169,142,1321,-1179
102000170,1123,285,838
102000171,504,119,385
102000172,433,656,-223
102000173,1254,338,916
102000174,44,88,-44
102000175,170,257,-87
102000176,53,56,-3
102000178,542,856,-314
102000179,759,310,449
102000180,907,905,2
102000181,772,963,-191
102000182,602,946,-344
102000183,1856,2873,-1017
102000184,2256,1460,796
102000185,3041,2198,843
102000186,1496,3215,-1719
102000187,799,2666,-1867
102000188,840,2176,-1336
102000189,4778,1610,3168
102000190,926,4450,-3524
102000191,1749,947,802
102000192,1446,1879,-433
102000193,97,213,-116
102000194,199,186,13
102000195,1018,822,196
102000196,347,773,-426
102000197,794,730,64
102000198,304,1402,-1098
102000199,1151,592,559
102000200,515,1717,-1202
102000201,1029,862,167
102000202,1,218,-217
102000203,509,543,-34
102000204,590,1642,-1052
102000205,1757,967,790
102000206,1533,1176,357
102000207,2278,743,1535
102000208,977,959,18
102000209,83,73,10
102000210,500,810,-310
102000211,789,774,15
102000212,322,22,300
102000213,1,664,-663
102000214,242,25,217
102000215,6,722,-716
102000216,57,131,-74
102000217,15,278,-263
102000218,332,279,53
102000219,711,544,167
102000225,795,1111,-316
102000226,7158,1413,5745
102000227,487,5,482
102000228,0,221,-221
102000229,45,46,-1
102000230,311,826,-515
102000231,433,828,-395
102000232,29,569,-540
102000233,718,1719,-1001
102000234,134,1738,-1604
102000236,349,148,201
102000237,1508,273,1235
102000238,247,642,-395
102000240,975,786,189
102000241,273,203,70
102000243,22,118,-96
102000245,39,94,-55
102000246,4,46,-42
102000247,339,1733,-1394
102000248,162,538,-376
102000249,143,277,-134
102000250,60,609,-549
102000254,91,785,-694
102000266,57,349,-292
102000271,49,2,47
102000286,662,582,80
102000297,3200,1876,1324
102000300,0,0,0
102000301,0,0,0
102000305,0,0,0
102000306,0,0,0
102000307,0,7,-7
102000308,0,2,-2
102900001,1913,1662,251
102900002,308,38,270
102900003,67,378,-311
102900005,365,642,-277
102900006,690,409,281
102900007,485,31,454
102900008,235,211,24
102900009,740,372,368
102900010,1269,539,730
102900011,3411,972,2439
102900012,515,114,401
102900013,41,93,-52
102900015,1262,678,584
102900016,91,155,-64
102900017,212,841,-629
102900018,37,222,-185
102900019,1047,1270,-223
102900020,138,68,70
102900021,29,174,-145
102900022,747,133,614
102900023,34,73,-39
102900024,34,115,-81
102900025,426,215,211
102900026,1185,2336,-1151
102900027,80,142,-62
102900028,239,1053,-814
102900029,249,398,-149
102900030,976,452,524
102900031,218,258,-40
102900032,142,185,-43
102900033,126,298,-172
102900034,535,198,337
102900035,217,610,-393
102900036,382,843,-461
102900037,267,1166,-899
102900038,545,1250,-705
102900039,27,685,-658
102900040,227,391,-164
102900041,86,352,-266
102900042,209,542,-333
102900043,217,458,-241
102900044,991,3171,-2180
102900045,163,817,-654
102900046,142,474,-332
102900047,91,979,-888
102900048,689,1126,-437
102900049,145,656,-511
102900050,399,588,-189
102900051,238,373,-135
102900052,47,39,8
102900053,569,1336,-767
102900054,1756,1531,225
102900055,239,293,-54
102900056,291,818,-527
102900057,9,82,-73
102900058,408,197,211
102900059,13,50,-37
102900060,188,734,-546
102900061,178,740,-562
102900062,239,1821,-1582
102900063,1196,711,485
102900064,261,958,-697
102900065,2807,802,2005
102900066,435,91,344
102900068,175,132,43
102900070,469,979,-510
102900072,18,57,-39
102900073,223,11,212
102900074,546,289,257
102900075,37,79,-42
102900076,399,116,283
102900077,41,56,-15
102900078,55,136,-81
102900079,357,24,333
102900080,464,53,411
102900081,140,471,-331
102900082,13,390,-377
102900083,496,18,478
102900084,15,30,-15
102900085,333,143,190
102900086,27,85,-58
102900087,281,212,69
102900088,138,55,83
102900089,428,274,154
102900090,4,773,-769
102900091,239,2,237
102900092,591,1528,-937
102900093,373,397,-24
102900094,0,132,-132
102900095,287,3,284
102900096,68,17,51
102900097,10,198,-188
103000001,3673,4687,-1014
103000002,5103,4089,1014
103000003,9571,4802,4769
103000004,1270,1164,106
103000005,3367,5477,-2110
103000006,864,2182,-1318
103000007,627,1235,-608
103000008,2273,1498,775
103000009,2216,1793,423
103000010,210,229,-19
103000011,2535,1922,613
103000012,1771,2353,-582
103000013,10143,3401,6742
103000014,2196,4796,-2600
103000015,4313,1159,3154
103000016,695,2194,-1499
103000017,348,731,-383
103000018,2040,683,1357
103000019,378,355,23
103000020,4738,2316,2422
103000021,3953,2159,1794
103000022,1476,2075,-599
103000023,869,2882,-2013
103000024,162,300,-138
103000025,91,851,-760
103000026,2130,309,1821
103000027,363,880,-517
103000028,734,578,156
103000029,404,350,54
103000030,2912,1154,1758
103000031,2565,4288,-1723
103000032,2878,3014,-136
103000033,3947,4446,-499
103000034,2669,1891,778
103000035,680,2621,-1941
103000036,755,784,-29
103000037,744,690,54
103000038,813,2065,-1252
103000039,475,794,-319
103000040,682,2477,-1795
103000041,2163,4260,-2097
103000042,1431,1138,293
103000043,666,2123,-1457
103000044,185,369,-184
103000046,329,923,-594
103000047,954,1103,-149
103000048,238,304,-66
103000049,124,348,-224
103000050,1363,1126,237
103000051,752,992,-240
103000052,1177,800,377
103000053,240,815,-575
103000054,3715,1918,1797
103000055,2386,3358,-972
103000056,777,3019,-2242
103000057,462,515,-53
103000058,830,1467,-637
103000059,443,1446,-1003
103000060,1070,1281,-211
103000061,534,1599,-1065
103000062,1632,1062,570
103000063,941,1262,-321
103000064,141,446,-305
103000065,10,612,-602
103000066,248,13,235
103000069,348,624,-276
103000070,1572,1698,-126
103000071,1509,564,945
103000072,232,1513,-1281
103000073,1045,258,787
103000074,1319,147,1172
103000075,183,1501,-1318
103000076,477,629,-152
103000077,63,739,-676
103000078,2683,1038,1645
103000079,2469,917,1552
103000080,1592,599,993
103000081,824,1223,-399
103000082,894,346,548
103000083,201,583,-382
103000084,210,8,202
103000085,3,137,-134
103000086,1571,829,742
103000087,459,975,-516
103000088,670,526,144
103000089,704,1038,-334
103000090,2597,1080,1517
103000091,817,682,135
103000092,647,399,248
103000093,448,787,-339
103000094,230,174,56
103000095,81,728,-647
103000096,1102,271,831
103000097,159,1121,-962
103000098,1553,343,1210
103000099,618,923,-305
103000100,203,1408,-1205
103000101,1301,293,1008
103000102,204,1113,-909
103000103,910,465,445
103000104,98,207,-109
103000105,171,223,-52
103000106,52,144,-92
103000107,564,117,447
103000108,1097,782,315
103000109,926,478,448
103000110,585,575,10
103000111,1430,616,814
103000112,1145,304,841
103000113,2567,1141,1426
103000114,4580,591,3989
103000115,647,772,-125
103000116,732,867,-135
103000117,446,766,-320
103000118,3166,1575,1591
103000119,3020,975,2045
103000120,252,166,86
103000121,335,882,-547
103000122,517,379,138
103000125,9,643,-634
103000126,534,18,516
103000127,1,245,-244
103000128,144,4,140
103000129,1,205,-204
103000130,58,20,38
103000131,202,196,6
103000132,110,191,-81
103000133,33,149,-116
103000134,872,1382,-510
103000135,1318,409,909
103000136,1655,605,1050
103000137,1552,914,638
103000138,1534,1189,345
103000139,7,101,-94
103000140,301,48,253
103000141,57,190,-133
103000142,210,143,67
103000143,175,328,-153
103000144,242,142,100
103000145,115,58,57
103000150,109,121,-12
103000152,889,446,443
103000153,773,278,495
103000156,12,639,-627
103000157,384,9,375
103000159,237,101,136
103000162,130,17,113
103000163,1,23,-22
103000164,39,20,19
103000165,322,603,-281
103000166,277,408,-131
103000167,543,127,416
103000168,121,244,-123
103000169,341,831,-490
103000170,743,877,-134
103000171,44,97,-53
103000172,756,1553,-797
103000173,578,1084,-506
103000174,235,601,-366
103000175,240,668,-428
103000176,1715,648,1067
103000177,1403,688,715
103000178,482,510,-28
103000179,261,45,216
103000183,163,50,113
103000185,131,150,-19
103000186,115,294,-179
103000187,667,1052,-385
103000188,16,86,-70
103000189,2789,1557,1232
103000191,945,1163,-218
103000292,4012,2031,1981
103000293,1971,2664,-693
103000295,186,118,68
103000296,566,2,564
103000297,175,18,157
103000504,378,57,321
103000505,20,15,5
103000506,0,303,-303
103000507,229,2,227
103000508,67,62,5
103000509,295,811,-516
103900001,2,665,-663
103900002,3594,309,3285
103900003,3651,166,3485
103900004,137,4,133
103900005,2,471,-469
103900006,0,1,-1
103900007,26,48,-22
103900008,8,1,7
103900009,385,480,-95
103900010,199,445,-246
103900011,311,353,-42
103900012,9,48,-39
103900013,44,95,-51
103900014,66,59,7
103900015,46,20,26
103900016,344,352,-8
103900017,31,170,-139
103900018,755,253,502
103900019,55,304,-249
103900020,341,751,-410
103900021,1291,61,1230
103900022,1257,814,443
103900023,132,1,131
103900024,223,1370,-1147
103900025,11,90,-79
103900026,17,0,17
103900027,882,563,319
103900028,33,351,-318
103900029,1366,115,1251
103900030,737,67,670
103900031,20,0,20
103900032,78,41,37
103900033,678,11,667
103900034,28,424,-396
103900035,73,90,-17
103900036,119,34,85
103900037,219,81,138
103900038,133,169,-36
103900039,98,598,-500
103900040,21,317,-296
103900041,69,74,-5
103900042,73,605,-532
103900043,261,260,1
103900044,494,429,65
103900045,343,258,85
103900047,97,35,62
103900048,46,28,18
103900049,266,2226,-1960
103900050,17,188,-171
103900051,0,59,-59
103900052,297,847,-550
103900053,155,1930,-1775
103900054,120,922,-802
103900055,807,362,445
103900056,33,44,-11
103900057,48,390,-342
103900058,269,1364,-1095
103900059,0,1,-1
103900060,91,360,-269
103900061,182,90,92
103900062,526,168,358
103900063,3,0,3
103900064,92,12,80
103900065,1123,681,442
103900066,175,33,142
103900067,257,5,252
103900068,11,1,10
103900069,144,30,114
103900070,213,451,-238
103900071,19,250,-231
103900072,10,441,-431
103900073,48,51,-3
103900074,68,155,-87
103900075,88,174,-86
103900076,535,1213,-678
103900077,114,159,-45
103900078,250,246,4
103900079,131,421,-290
103900080,12,52,-40
103900081,250,40,210
103900082,14,199,-185
103900083,3014,1991,1023
103900084,135,319,-184
103900085,98,182,-84
103900086,809,562,247
103900087,21,191,-170
103900088,535,495,40
103900089,57,285,-228
103900090,33,354,-321
103900091,1226,387,839
103900092,1817,770,1047
103900093,151,557,-406
103900094,9,236,-227
103900095,1432,223,1209
103900096,61,439,-378
103900097,22,877,-855
103900098,272,200,72
103900099,110,376,-266
103900100,310,607,-297
103900101,97,1752,-1655
103900102,0,35,-35
103900104,3,69,-66
103900105,129,248,-119
103900106,0,24,-24
103900107,361,442,-81
103900108,26,510,-484
103900109,128,168,-40
103900110,441,92,349
103900111,132,1390,-1258
103900112,38,70,-32
103900113,197,393,-196
103900114,826,560,266
103900115,362,484,-122
103900116,8797,3771,5026
103900117,243,200,43
103900119,55,80,-25
103900120,30,142,-112
103900122,86,444,-358
103900123,2727,747,1980
103900124,62,36,26
103900125,114,117,-3
103900126,687,846,-159
103900127,201,1330,-1129
103900128,88,231,-143
103900131,23,146,-123
103900133,1844,48,1796
103900134,1,4,-3
103900135,26,13,13
103900137,0,85,-85
103900138,143,670,-527
103900139,360,2464,-2104
103900140,21,130,-109
103900141,362,128,234
103900142,191,331,-140
103900143,49,3,46
103900144,0,146,-146
103900145,215,530,-315
103900146,434,732,-298
103900147,519,203,316
103900148,213,382,-169
103900149,317,1047,-730
103900150,13458,5843,7615
103900151,95,330,-235
103900152,556,869,-313
103900153,11,8,3
103900154,2058,3433,-1375
103900155,45,422,-377
103900156,26,349,-323
103900157,58,510,-452
103900158,110,415,-305
103900159,139,129,10
103900160,88,36,52
103900161,147,336,-189
103900162,70,475,-405
103900163,15,819,-804
103900164,247,62,185
103900167,36,159,-123
103900168,148,278,-130
103900169,47,76,-29
103900170,0,186,-186
103900171,4,128,-124
103900172,12,47,-35
103900173,19,16,3
103900174,199,122,77
103900175,71,89,-18
103900176,17,40,-23
103900177,17,69,-52
103900178,77,175,-98
103900179,67,400,-333
103900180,29,329,-300
103900181,88,94,-6
103900182,39,50,-11
103900184,1104,117,987
103900185,591,379,212
103900187,101,101,0
103900188,60,31,29
103900189,170,12,158
103900190,114,76,38
103900191,62,106,-44
103900192,48,210,-162
103900193,305,276,29
103900194,152,525,-373
103900195,7,64,-57
103900196,47,25,22
103900197,25,48,-23
103900198,15,86,-71
103900199,230,110,120
103900200,181,242,-61
103900201,209,326,-117
103900202,6,67,-61
103900203,55,56,-1
103900204,4,182,-178
103900207,0,250,-250
103900208,124,2,122
103900209,13,153,-140
103900210,74,30,44
103900211,871,1042,-171
103900212,151,656,-505
103900213,536,408,128
103900214,959,217,742
103900215,884,367,517
103900216,13,1110,-1097
103900217,764,120,644
103900218,0,697,-697
103900219,193,862,-669
103900233,351,7,344
103900235,181,40,141
103900236,100,6,94
103900242,2,20,-18
103900243,11,28,-17
103900244,89,613,-524
103900245,153,384,-231
103900246,71,102,-31
103900247,82,174,-92
103900248,0,27,-27
103900249,20,74,-54
103900250,74,51,23
103900251,2,22,-20
103900253,41,79,-38
103900254,27,37,-10
103900255,117,23,94
103900256,125,46,79
103900257,115,413,-298
103900258,201,11,190
103900259,99,28,71
103900261,23,6,17
103900262,53,17,36
103900263,164,178,-14
103900264,118,41,77
103900265,77,17,60
103900266,1,113,-112
103900267,2,56,-54
104000001,3655,3430,225
104000002,2942,5794,-2852
104000003,3523,4155,-632
104000004,4452,4877,-425
104000005,1982,3302,-1320
104000006,3919,5341,-1422
104000007,6265,6643,-378
104000008,654,636,18
104000009,369,222,147
104000010,216,351,-135
104000011,1469,589,880
104000012,282,798,-516
104000013,246,262,-16
104000014,398,1264,-866
104000015,312,223,89
104000016,811,845,-34
104000018,987,292,695
104000019,830,241,589
104000020,303,1062,-759
104000021,379,879,-500
104000022,181,381,-200
104000023,661,549,112
104000024,314,665,-351
104000026,91,561,-470
104000027,620,752,-132
104000028,557,435,122
104000029,555,819,-264
104000030,358,374,-16
104000031,1516,585,931
104000032,304,579,-275
104000033,799,681,118
104000034,442,574,-132
104000035,1044,613,431
104000036,914,962,-48
104000037,377,446,-69
104000038,439,447,-8
104000039,280,475,-195
104000040,686,570,116
104000041,557,553,4
104000042,340,563,-223
104000043,317,674,-357
104000044,316,1103,-787
104000045,1625,1924,-299
104000046,2336,2664,-328
104000047,971,2013,-1042
104000048,1510,2812,-1302
104000049,800,623,177
104000050,241,1138,-897
104000051,206,1035,-829
104000052,1877,2785,-908
104000053,1203,1064,139
104000054,753,898,-145
104000055,7828,4328,3500
104000056,2425,447,1978
104000057,219,664,-445
104000058,911,1351,-440
104000059,1021,2279,-1258
104000060,1577,1977,-400
104000061,2334,2273,61
104000062,484,352,132
104000064,867,601,266
104000065,277,656,-379
104000069,2658,1396,1262
104000070,94,706,-612
104000071,226,667,-441
104000072,938,525,413
104000075,119,475,-356
104000076,801,204,597
104000082,4153,4599,-446
104000083,1118,349,769
104000084,172,798,-626
104000085,406,455,-49
104000086,226,737,-511
104000087,577,2762,-2185
104000090,1044,2541,-1497
104000092,1550,4484,-2934
104000094,1626,3360,-1734
104000095,2529,2367,162
104000096,1945,837,1108
104000097,2372,1846,526
104000098,2324,2195,129
104000100,2361,1097,1264
104000101,1717,5013,-3296
104000106,264,1023,-759
104000107,957,750,207
104000108,497,1136,-639
104000109,446,108,338
104000110,1427,2002,-575
104000111,8888,4277,4611
104000112,3622,1058,2564
104000116,6,2034,-2028
104000117,163,1890,-1727
104000118,780,513,267
104000119,760,479,281
104000120,335,2004,-1669
104000121,238,1058,-820
104000122,641,1189,-548
104000123,2312,2192,120
104000124,1884,5025,-3141
104000125,9462,6177,3285
104000126,569,793,-224
104000127,2535,5789,-3254
104000128,1313,703,610
104000129,145,10,135
104000130,1,459,-458
104000131,2412,764,1648
104000132,1598,951,647
104000133,1748,1955,-207
104000134,1248,3047,-1799
104000135,513,2520,-2007
104000136,1026,5930,-4904
104000137,2023,593,1430
104000138,1701,810,891
104000139,12210,5502,6708
104000141,1538,2660,-1122
104000142,1050,1405,-355
104000143,815,1134,-319
104000144,143,323,-180
104000145,723,340,383
104000146,669,1030,-361
104000147,208,550,-342
104000148,429,220,209
104000149,249,600,-351
104000150,1407,729,678
104000151,636,862,-226
104000152,803,1063,-260
104000153,829,692,137
104000154,1675,1140,535
104000155,492,616,-124
104000157,1432,2374,-942
104000158,424,661,-237
104000159,1228,545,683
104000160,2432,2914,-482
104000161,395,319,76
104000162,53,228,-175
104000165,2127,1798,329
104000167,807,1178,-371
104000168,1191,11,1180
104000169,133,90,43
104000170,913,988,-75
104000248,590,1574,-984
104000251,108,452,-344
104000272,0,0,0
104000273,0,0,0
104000274,0,0,0
104000275,0,0,0
104000279,1115,750,365
104000290,124,553,-429
104000291,1213,2024,-811
104000293,1357,949,408
104000294,16,1,15
104000295,866,1478,-612
104000296,549,1486,-937
104000297,1200,2788,-1588
104000298,2942,1523,1419
104000299,1152,3017,-1865
104900001,221,843,-622
104900002,77,248,-171
104900003,72,521,-449
104900004,115,461,-346
104900005,396,337,59
104900006,453,162,291
104900007,396,402,-6
104900009,208,767,-559
104900010,78,58,20
104900011,15,13,2
104900012,297,40,257
104900013,132,17,115
104900014,5913,637,5276
104900015,249,19,230
104900016,295,531,-236
104900017,181,277,-96
104900018,26,367,-341
104900019,652,3554,-2902
104900020,59,507,-448
104900021,4,430,-426
104900022,17,197,-180
104900023,2,242,-240
104900024,27,190,-163
104900025,145,801,-656
104900026,6,217,-211
104900027,710,454,256
104900028,23,157,-134
104900029,80,221,-141
104900030,715,319,396
104900031,224,353,-129
104900032,32,299,-267
104900033,151,393,-242
104900034,489,174,315
104900035,378,219,159
104900036,193,102,91
104900037,182,619,-437
104900038,1210,1114,96
104900039,1897,459,1438
104900040,408,191,217
104900041,326,314,12
104900042,192,619,-427
104900043,14,124,-110
104900044,572,340,232
104900045,500,100,400
104900046,227,218,9
104900047,364,223,141
104900048,322,158,164
104900049,37,30,7
104900050,232,215,17
104900051,400,71,329
104900052,90,7,83
104900053,566,143,423
104900054,202,161,41
104900055,122,0,122
104900056,143,41,102
104900057,63,5,58
104900058,2225,369,1856
104900059,46,53,-7
104900060,2,688,-686
104900061,372,1017,-645
104900063,2,179,-177
104900064,0,156,-156
104900065,1,235,-234
104900066,4,458,-454
104900067,3,458,-455
104900068,17,363,-346
104900070,265,447,-182
104900071,6,1356,-1350
104900072,63,421,-358
104900073,73,538,-465
104900074,74,330,-256
104900075,84,194,-110
104900076,122,500,-378
104900077,2423,286,2137
104900078,231,927,-696
104900079,216,660,-444
104900080,78,672,-594
104900082,14,574,-560
104900085,23,312,-289
104900087,454,11,443
104900089,179,0,179
104900090,1237,827,410
104900091,621,1530,-909
104900093,322,985,-663
104900097,5817,2768,3049
104900098,106,98,8
104900099,297,902,-605
104900100,1371,502,869
104900102,30,537,-507
104900103,766,263,503
104900104,6669,2835,3834
104900106,117,212,-95
104900107,166,520,-354
104900108,34,574,-540
104900109,151,844,-693
104900110,20,80,-60
104900111,208,225,-17
104900112,317,1611,-1294
104900113,855,758,97
104900114,385,1188,-803
104900115,890,867,23
104900116,417,407,10
104900118,30,96,-66
104900119,0,48,-48
104900120,87,183,-96
104900121,1,151,-150
104900122,3,147,-144
104900123,94,6,88
104900124,39,0,39
104900125,838,4,834
104900126,86,104,-18
104900127,51,92,-41
104900128,94,191,-97
104900129,5322,3284,2038
105000001,3901,2628,1273
105000002,4656,3027,1629
105000003,6933,5641,1292
105000004,740,2375,-1635
105000005,1073,2143,-1070
105000006,2249,2829,-580
105000007,2602,2627,-25
105000008,3698,4343,-645
105000009,2622,4394,-1772
105000010,5161,4791,370
105000011,3273,3824,-551
105000012,6006,5140,866
105000013,1172,1472,-300
105000014,2066,3057,-991
105000015,12390,14242,-1852
105000016,6471,3951,2520
105000017,4338,1551,2787
105000018,2586,1961,625
105000019,3039,1684,1355
105000020,641,570,71
105000021,819,174,645
105000022,417,85,332
105000023,761,352,409
105000028,62,271,-209
105000029,612,1957,-1345
105000030,6715,6115,600
105000033,1554,3610,-2056
105000034,391,1315,-924
105000037,1063,812,251
105000038,2531,2296,235
105000039,3945,3197,748
105000040,1047,1555,-508
105000041,816,2320,-1504
105000042,3838,1907,1931
105000043,2581,4071,-1490
105000044,891,787,104
105000045,686,2068,-1382
105000046,1140,793,347
105000047,670,1922,-1252
105000048,932,405,527
105000049,477,1327,-850
105000050,714,667,47
105000051,361,996,-635
105000052,641,1556,-915
105000053,164,359,-195
105000054,523,1613,-1090
105000055,1421,770,651
105000056,1626,4527,-2901
105000057,1628,1633,-5
105000058,2767,2597,170
105000059,1071,946,125
105000060,1058,1332,-274
105000061,924,831,93
105000062,1573,1969,-396
105000063,565,1172,-607
105000064,2041,1319,722
105000065,707,1536,-829
105000066,2388,3495,-1107
105000067,2235,974,1261
105000068,1631,1615,16
105000069,6712,2224,4488
105000070,1734,1471,263
105000071,1088,1256,-168
105000072,948,2951,-2003
105000073,1659,1127,532
105000074,2254,1519,735
105000075,1586,1222,364
105000076,3028,1705,1323
105000077,4316,1301,3015
105000078,3118,1864,1254
105000079,3869,2860,1009
105000080,4015,1939,2076
105000081,4118,1238,2880
105000082,2393,955,1438
105000083,4026,1890,2136
105000084,1510,1681,-171
105000085,2417,1844,573
105000086,815,1787,-972
105000087,4589,3154,1435
105000088,2152,2590,-438
105000089,4236,3465,771
105000090,1557,1213,344
105000091,2517,2662,-145
105000092,1717,1828,-111
105000093,697,350,347
105000094,447,498,-51
105000095,142,604,-462
105000096,2085,1139,946
105000097,2452,1295,1157
105000098,2956,1010,1946
105000099,3421,1409,2012
105000100,1427,2046,-619
105000101,2428,3815,-1387
105000102,3457,2473,984
105000103,2750,4138,-1388
105000104,3019,1650,1369
105000105,1535,4051,-2516
105000106,2446,3487,-1041
105000107,1926,2355,-429
105000108,1838,3761,-1923
105000109,2401,3536,-1135
105000110,831,1692,-861
105000111,887,944,-57
105000112,1733,1553,180
105000113,458,985,-527
105000114,7820,1881,5939
105000115,616,1238,-622
105000116,1059,832,227
105000117,1392,2067,-675
105000118,728,714,14
105000119,1117,2559,-1442
105000120,1449,1168,281
105000121,1696,2668,-972
105000122,446,827,-381
105000123,1856,2595,-739
105000124,2462,1495,967
105000125,1458,3681,-2223
105000126,3228,3704,-476
105000127,3779,3687,92
105000128,917,2266,-1349
105000129,1709,593,1116
105000130,444,2885,-2441
105000131,1244,927,317
105000132,1162,840,322
105000133,639,2258,-1619
105000134,1175,857,318
105000135,640,1240,-600
105000136,88,331,-243
105000137,320,501,-181
105000138,87,262,-175
105000139,1635,1830,-195
105000140,259,717,-458
105000141,343,1149,-806
105000142,150,703,-553
105000143,347,1258,-911
105000144,623,1346,-723
105000145,951,722,229
105000146,831,1371,-540
105000147,763,717,46
105000148,1609,958,651
105000149,3268,3227,41
105000150,3674,2629,1045
105000151,729,591,138
105000152,314,1183,-869
105000153,1169,854,315
105000154,1652,1673,-21
105000155,573,1143,-570
105000156,1527,1473,54
105000157,1633,3841,-2208
105000158,3468,1254,2214
105000159,410,2355,-1945
105000160,3341,998,2343
105000161,1502,2846,-1344
105000162,1496,2882,-1386
105000163,3595,2012,1583
105000164,260,570,-310
105000165,4108,9443,-5335
105000166,13202,859,12343
105000167,6122,2763,3359
105000168,501,1494,-993
105000169,737,689,48
105000170,320,2461,-2141
105000171,1707,677,1030
105000172,198,95,103
105000173,173,60,113
105000174,72,67,5
105000175,157,242,-85
105000176,445,210,235
105000177,391,306,85
105000178,228,1411,-1183
105000179,426,255,171
105000180,227,203,24
105000181,165,765,-600
105000182,56,89,-33
105000183,4976,3562,1414
105000184,1418,1502,-84
105000185,1629,1181,448
105000186,503,1260,-757
105000187,923,284,639
105000188,934,204,730
105000189,515,725,-210
105000190,707,500,207
105000191,620,487,133
105000192,609,92,517
105000193,337,231,106
105000194,271,123,148
105000195,443,1926,-1483
105000196,27,212,-185
105000197,406,1232,-826
105000198,880,576,304
105000199,617,781,-164
105000200,279,286,-7
105000201,189,40,149
105000203,13,452,-439
105000204,80,164,-84
105000205,88,255,-167
105000207,839,329,510
105000208,476,789,-313
105000209,344,334,10
105000212,1760,2876,-1116
105000213,304,269,35
105000214,146,369,-223
105000215,367,422,-55
105000216,152,511,-359
105000217,278,490,-212
105000218,1355,1664,-309
105000221,297,457,-160
105000222,570,79,491
105000223,320,289,31
105000226,107,691,-584
105000227,69,354,-285
105000228,451,1764,-1313
105000229,226,481,-255
105000231,287,495,-208
105000233,840,778,62
105000234,781,2330,-1549
105000235,599,913,-314
105000237,1174,141,1033
105000243,28,477,-449
105000248,333,101,232
105000262,480,3114,-2634
105000269,166,308,-142
105000270,657,158,499
105000271,3,465,-462
105000282,388,93,295
105000287,415,301,114
105000288,561,1051,-490
105000289,4324,1870,2454
105000290,22,5,17
105000402,8363,4197,4166
105000426,1205,930,275
105000438,3911,1160,2751
105000446,25410,9534,15876
105000447,13322,5950,7372
105000454,497,793,-296
105000455,494,334,160
105000474,33,2,31
105000477,630,881,-251
105000478,2680,4566,-1886
105000479,364,245,119
105000480,5902,4003,1899
105000481,4893,3752,1141
105000482,9731,5952,3779
105000483,2519,2327,192
105000484,5077,4219,858
105000485,2686,2700,-14
105000486,8634,4157,4477
105000488,9288,7821,1467
105000489,1223,1324,-101
105000549,108,247,-139
105000550,1252,2270,-1018
105000551,30,145,-115
105000552,5624,3231,2393
105900001,12,1957,-1945
105900002,2852,820,2032
105900003,10,160,-150
105900004,460,194,266
105900005,8,336,-328
105900006,28,116,-88
105900007,130,26,104
105900008,73,1190,-1117
105900009,19,18,1
105900011,380,78,302
105900012,676,185,491
105900013,4,53,-49
105900014,18,145,-127
105900015,214,600,-386
105900016,494,1273,-779
105900017,1468,81,1387
105900018,306,633,-327
105900019,68,767,-699
105900020,78,105,-27
105900021,35,430,-395
105900022,326,593,-267
105900023,6,194,-188
105900024,18,204,-186
105900025,247,84,163
105900026,673,108,565
105900027,10180,8990,1190
105900028,491,228,263
105900029,3679,691,2988
105900030,435,435,0
105900031,668,270,398
105900032,150,220,-70
105900033,147,229,-82
105900034,295,365,-70
105900035,301,297,4
105900036,62,307,-245
105900037,124,106,18
105900038,169,737,-568
105900039,164,323,-159
105900040,55,171,-116
105900041,328,921,-593
105900042,106,199,-93
105900043,4102,93,4009
105900044,4,371,-367
105900045,7,1262,-1255
105900046,4,326,-322
105900047,32,59,-27
105900048,161,901,-740
105900050,5925,2431,3494
105900051,31,2322,-2291
105900052,615,244,371
105900053,6829,4035,2794
105900054,428,561,-133
105900056,1460,401,1059
105900057,53,208,-155
105900058,10,89,-79
105900059,1,73,-72
106000001,5970,3578,2392
106000002,4164,8214,-4050
106000003,4429,5307,-878
106000004,3304,4555,-1251
106000005,3593,8791,-5198
106000006,9206,8327,879
106000007,582,765,-183
106000008,486,475,11
106000009,693,584,109
106000010,887,829,58
106000011,1136,1744,-608
106000012,1360,2454,-1094
106000013,2419,3035,-616
106000014,3137,3195,-58
106000015,1834,1841,-7
106000016,1902,4262,-2360
106000017,1006,992,14
106000018,1073,1011,62
106000019,573,661,-88
106000020,471,757,-286
106000021,355,749,-394
106000022,579,460,119
106000023,754,570,184
106000024,952,1251,-299
106000025,142,359,-217
106000026,133,413,-280
106000027,1301,2025,-724
106000028,913,988,-75
106000029,1222,1863,-641
106000030,1331,537,794
106000034,332,1000,-668
106000035,1296,2463,-1167
106000036,500,652,-152
106000037,3347,2573,774
106000038,714,145,569
106000039,333,139,194
106000040,285,1080,-795
106000041,1371,728,643
106000043,963,224,739
106000046,536,92,444
106000047,85,603,-518
106000049,948,288,660
106000050,599,1453,-854
106000051,1289,642,647
106000052,138,1194,-1056
106000053,305,188,117
106000054,563,797,-234
106000055,1503,1977,-474
106000056,421,823,-402
106000057,307,450,-143
106000058,176,344,-168
106000059,380,416,-36
106000060,708,935,-227
106000061,240,753,-513
106000062,140,885,-745
106000063,680,722,-42
106000064,43,618,-575
106000065,472,355,117
106000066,176,652,-476
106000067,398,148,250
106000068,48,1085,-1037
106000069,287,175,112
106000070,545,1333,-788
106000071,1408,409,999
106000072,7873,2652,5221
106000073,2675,4519,-1844
106000074,758,1217,-459
106000075,484,2141,-1657
106000076,2166,3132,-966
106000077,5832,2273,3559
106000078,1223,1557,-334
106000079,912,1553,-641
106000080,1668,1229,439
106000081,839,1848,-1009
106000082,3431,1568,1863
106000083,413,2383,-1970
106000084,1561,1045,516
106000085,2323,2211,112
106000086,861,1239,-378
106000087,1288,1036,252
106000088,527,1182,-655
106000089,1296,714,582
106000090,330,905,-575
106000091,352,1306,-954
106000092,844,363,481
106000093,328,152,176
106000094,119,497,-378
106000095,757,1647,-890
106000096,1397,1097,300
106000097,1165,1820,-655
106000098,751,1620,-869
106000099,262,1296,-1034
106000100,1085,458,627
106000101,1159,356,803
106000102,201,803,-602
106000103,288,833,-545
106000104,899,662,237
106000105,515,1282,-767
106000106,627,693,-66
106000107,116,641,-525
106000108,232,434,-202
106000109,118,536,-418
106000110,198,382,-184
106000111,202,773,-571
106000112,157,601,-444
106000113,1466,968,498
106000114,724,659,65
106000115,272,867,-595
106000116,245,394,-149
106000117,1263,1308,-45
106000118,1697,1948,-251
106000119,3544,2239,1305
106000120,1241,1505,-264
106000121,212,282,-70
106000122,161,476,-315
106000123,421,354,67
106000124,49,529,-480
106000125,25,491,-466
106000126,292,221,71
106000127,1303,1458,-155
106000128,863,417,446
106000129,750,1161,-411
106000130,964,578,386
106000131,200,1348,-1148
106000132,1092,273,819
106000133,5340,1849,3491
106000134,1111,2143,-1032
106000135,282,1304,-1022
106000136,753,1093,-340
106000137,166,2060,-1894
106000138,1574,122,1452
106000139,50,159,-109
106000140,63,151,-88
106000141,109,170,-61
106000142,101,120,-19
106000143,67,148,-81
106000144,29,123,-94
106000145,324,537,-213
106000146,391,318,73
106000147,724,891,-167
106000148,975,1469,-494
106000149,668,692,-24
106000150,738,3119,-2381
106000151,7864,1296,6568
106000152,2153,3339,-1186
106000153,125,2539,-2414
106000154,1962,385,1577
106000155,79,313,-234
106000156,1174,695,479
106000157,993,3510,-2517
106000158,4836,1345,3491
106000159,7422,2547,4875
106000160,490,4637,-4147
106000161,2423,800,1623
106000162,270,1463,-1193
106000163,477,999,-522
106000164,429,504,-75
106000165,297,1280,-983
106000166,1805,489,1316
106000167,670,2119,-1449
106000168,571,442,129
106000169,257,1155,-898
106000170,1086,407,679
106000171,253,1830,-1577
106000172,4855,1740,3115
106000173,1842,4642,-2800
106000174,1557,507,1050
106000175,429,1686,-1257
106000176,2280,1327,953
106000177,1200,4293,-3093
106000178,4766,2810,1956
106000179,1789,4143,-2354
106000180,1365,2671,-1306
106000181,785,3097,-2312
106000182,1350,1342,8
106000183,1272,1612,-340
106000184,2448,1747,701
106000185,1414,1820,-406
106000186,1625,269,1356
106000187,418,1492,-1074
106000188,0,0,0
106000189,6,103,-97
106000190,18,1,17
106000191,895,308,587
106000192,0,53,-53
106000193,613,244,369
106000194,235,623,-388
106000195,1127,244,883
106000196,333,873,-540
106000197,555,587,-32
106000198,185,443,-258
106000199,1358,1125,233
106000200,854,371,483
106000201,912,3581,-2669
106000202,11763,1164,10599
106000203,138,275,-137
106000204,77,7,70
106000205,33,247,-214
106000206,78,37,41
106000207,70,1262,-1192
106000208,1438,197,1241
106000209,1649,514,1135
106000210,362,2196,-1834
106000211,528,2084,-1556
106000212,1041,484,557
106000213,1305,2063,-758
106000214,4393,946,3447
106000215,376,758,-382
106000216,462,554,-92
106000217,376,772,-396
106000218,531,596,-65
106000219,128,370,-242
106000220,434,357,77
106000221,157,396,-239
106000222,32,192,-160
106000223,168,193,-25
106000224,231,515,-284
106000225,120,131,-11
106000226,257,619,-362
106000228,51,215,-164
106000229,115,1070,-955
106000231,1112,202,910
106000232,85,601,-516
106000233,712,207,505
106000234,99,310,-211
106000235,552,169,383
106000236,201,83,118
106000237,0,29,-29
106000238,13,11,2
106000239,2,121,-119
106000240,169,7,162
106000241,25,1118,-1093
106000242,357,53,304
106000249,74,134,-60
106000250,110,892,-782
106000251,82,69,13
106000252,40,148,-108
106000253,55,93,-38
106000254,51,97,-46
106000255,28,216,-188
106000256,74,147,-73
106000257,313,512,-199
106000258,298,41,257
106000259,6,34,-28
106000260,18,33,-15
106000261,12,76,-64
106000262,88,34,54
106000263,7,100,-93
106000264,276,9,267
106000265,17,222,-205
106000266,206,33,173
106000267,3,162,-159
106000268,847,62,785
106000269,101,137,-36
106000270,270,709,-439
106000271,58,354,-296
106000272,216,77,139
106000273,6,310,-304
106000274,317,91,226
106000275,262,444,-182
106000276,289,88,201
106000277,196,284,-88
106000278,267,48,219
106000279,8,103,-95
106000280,76,268,-192
106000281,110,168,-58
106000282,88,88,0
106000283,144,189,-45
106000284,67,155,-88
106000285,176,230,-54
106000286,104,250,-146
106000287,109,156,-47
106000288,138,230,-92
106000289,130,163,-33
106000290,91,188,-97
106000291,98,168,-70
106000292,94,208,-114
106000293,128,148,-20
106000294,202,270,-68
106000295,62,62,0
106000296,108,212,-104
106000297,85,362,-277
106000298,244,114,130
106000299,74,231,-157
106000300,77,162,-85
106000301,101,164,-63
106000303,50,128,-78
106000304,72,55,17
106000305,72,127,-55
106000306,58,132,-74
106000307,72,40,32
106000308,41,330,-289
106000309,39,142,-103
106000310,435,924,-489
106000311,457,318,139
106000312,93,351,-258
106000313,214,350,-136
106000318,313,530,-217
106000319,1499,238,1261
106000320,1,57,-56
106000321,520,92,428
106000322,121,309,-188
106000324,3,204,-201
106000325,2043,1440,603
106000326,1541,3179,-1638
106000327,131,245,-114
106000328,19,146,-127
106000329,182,598,-416
106000330,48,112,-64
106000428,72,294,-222
106000429,190,642,-452
106000430,479,2178,-1699
106000431,2276,598,1678
106000432,2730,4477,-1747
106000433,2767,1462,1305
106000434,5342,2070,3272
106000435,3358,4505,-1147
106000436,36,600,-564
106000437,472,50,422
106000438,625,265,360
106000439,94,841,-747
106000440,310,650,-340
106000441,1,0,1
106000442,249,12,237
106000443,120,749,-629
106000450,3,378,-375
106000451,53,61,-8
106000454,5,131,-126
106000455,6,260,-254
106000456,230,88,142
106000457,14,1597,-1583
106000458,666,267,399
106000459,182,522,-340
106000460,1320,80,1240
106000461,125,2505,-2380
106000462,0,26,-26
106000463,0,57,-57
106000464,0,753,-753
106000465,617,8,609
106000466,6,1195,-1189
106000467,726,1071,-345
106000468,74,392,-318
106000469,396,8,388
106000470,405,3224,-2819
106000471,57,1070,-1013
106000472,228,27,201
106000473,39,40,-1
106000474,406,1014,-608
106000475,216,256,-40
106000476,187,224,-37
106000477,13,77,-64
106900001,1,36,-35
106900002,4,983,-979
106900003,368,1418,-1050
106900004,0,98,-98
106900006,2,40,-38
106900007,0,26,-26
106900008,314,441,-127
106900009,471,745,-274
106900010,323,629,-306
106900012,4107,2847,1260
106900013,805,114,691
106900014,50,6,44
106900015,57,2,55
106900016,252,3,249
106900017,14,0,14
106900018,3,0,3
106900019,32,2,30
106900020,5101,2268,2833
106900021,41,80,-39
106900022,691,2,689
106900023,38,390,-352
106900024,624,48,576
106900025,106,1161,-1055
106900026,8,1361,-1353
106900027,794,3,791
107000001,5470,4006,1464
107000002,6990,7683,-693
107000003,7073,8460,-1387
107000004,9287,9609,-322
107000005,4510,7325,-2815
107000006,6258,11116,-4858
107000007,6693,13599,-6906
107000008,21665,18340,3325
107000009,7958,9331,-1373
107000010,16208,19539,-3331
107000011,1520,2233,-713
107000012,6764,6375,389
107000013,35,185,-150
107000014,66,350,-284
107000015,413,1276,-863
107000016,849,1791,-942
107000017,5144,1379,3765
107000018,29,511,-482
107000020,2807,727,2080
107000021,1672,955,717
107000022,1365,1676,-311
107000023,2178,446,1732
107000024,729,2646,-1917
107000025,225,617,-392
107000026,188,1050,-862
107000027,1843,1633,210
107000028,1587,2608,-1021
107000029,3267,2775,492
107000030,4089,5419,-1330
107000031,4726,3286,1440
107000032,649,1471,-822
107000033,6454,8003,-1549
107000034,8450,3816,4634
107000035,574,428,146
107000036,610,2557,-1947
107000037,106,1209,-1103
107000038,339,354,-15
107000039,1205,1053,152
107000040,233,472,-239
107000041,2722,1116,1606
107000042,1170,2811,-1641
107000043,4541,1380,3161
107000044,897,406,491
107000045,158,437,-279
107000046,1003,556,447
107000047,779,1263,-484
107000048,1067,410,657
107000049,700,1278,-578
107000050,1475,678,797
107000051,792,584,208
107000052,1720,1351,369
107000053,518,364,154
107000054,90,488,-398
107000055,103,122,-19
107000056,469,1223,-754
107000057,2216,298,1918
107000058,3134,3388,-254
107000059,3886,5807,-1921
107000060,5401,8111,-2710
107000061,9296,6410,2886
107000062,4982,4743,239
107000063,6650,9845,-3195
107000064,5469,3414,2055
107000065,6015,8845,-2830
107000066,2611,3620,-1009
107000067,1303,1523,-220
107000068,2351,945,1406
107000069,1282,745,537
107000070,770,7,763
107000071,3114,60,3054
107000072,76,5602,-5526
107000073,678,369,309
107000074,192,1546,-1354
107000075,1774,749,1025
107000076,1284,2444,-1160
107000077,4019,1334,2685
107000078,3133,5232,-2099
107000079,3353,1083,2270
107000080,1722,5011,-3289
107000081,1826,852,974
107000082,815,3736,-2921
107000083,1680,588,1092
107000084,627,3603,-2976
107000085,4153,5081,-928
107000086,5131,5864,-733
107000087,4656,3472,1184
107000088,5265,6703,-1438
107000089,2070,3446,-1376
107000090,1785,2079,-294
107000091,1636,1395,241
107000092,1319,1999,-680
107000093,1834,1387,447
107000094,2288,2221,67
107000095,1047,942,105
107000096,986,1617,-631
107000097,799,376,423
107000098,423,762,-339
107000099,628,569,59
107000100,535,447,88
107000101,182,328,-146
107000102,590,546,44
107000103,395,324,71
107000104,343,615,-272
107000105,521,235,286
107000106,324,638,-314
107000107,557,325,232
107000108,388,1185,-797
107000109,551,236,315
107000110,127,931,-804
107000111,295,63,232
107000112,28,542,-514
107000113,575,205,370
107000114,129,1015,-886
107000115,612,139,473
107000116,119,1574,-1455
107000117,153,486,-333
107000118,191,512,-321
107000119,2848,1722,1126
107000120,3511,682,2829
107000121,897,1208,-311
107000122,1490,1675,-185
107000123,520,1169,-649
107000124,656,1521,-865
107000125,657,966,-309
107000126,659,1025,-366
107000127,22,520,-498
107000129,318,246,72
107000130,451,371,80
107000131,697,540,157
107000132,745,507,238
107000133,1052,159,893
107000134,491,3,488
107000135,12,475,-463
107000136,984,8,976
107000137,29,607,-578
107000138,606,28,578
107000139,35,679,-644
107000140,2323,158,2165
107000141,150,1279,-1129
107000142,609,134,475
107000143,87,1422,-1335
107000144,659,825,-166
107000145,205,1051,-846
107000146,234,611,-377
107000147,4681,1043,3638
107000150,1593,3817,-2224
107000151,81,156,-75
107000152,1014,1271,-257
107000153,815,731,84
107000154,294,305,-11
107000155,957,30,927
107000156,1416,46,1370
107000157,51,3102,-3051
107000158,631,24,607
107000159,38,1560,-1522
107000160,1077,141,936
107000161,148,2711,-2563
107000162,296,489,-193
107000163,112,0,112
107000164,488,2,486
107000165,986,2,984
107000166,93,2107,-2014
107000167,674,400,274
107000168,1031,585,446
107000169,1393,1251,142
107000170,2987,1093,1894
107000171,912,3755,-2843
107000172,1284,1811,-527
107000173,866,2040,-1174
107000174,1201,6085,-4884
107000175,13755,2893,10862
107000176,5,0,5
107000177,11,4,7
107000178,10,104,-94
107000179,335,4290,-3955
107000180,1616,542,1074
107000181,540,2122,-1582
107000182,2124,1493,631
107000183,149,1586,-1437
107000184,1039,1109,-70
107000185,674,2273,-1599
107000186,1728,565,1163
107000187,1659,2180,-521
107000188,789,827,-38
107000189,550,1723,-1173
107000190,823,1365,-542
107000191,1100,1630,-530
107000192,2416,1691,725
107000193,611,688,-77
107000194,1584,1339,245
107000197,1054,373,681
107000198,424,1056,-632
107000199,1025,1420,-395
107000200,2188,1138,1050
107000201,484,392,92
107000202,411,803,-392
107000203,1341,887,454
107000204,2375,905,1470
107000205,3185,1517,1668
107000206,1450,1938,-488
107000207,1274,2095,-821
107000208,2232,699,1533
107000209,3792,1839,1953
107000210,1498,810,688
107000211,5,43,-38
107000212,24,687,-663
107000213,21,47,-26
107000214,18,349,-331
107000215,527,764,-237
107000216,489,691,-202
107000217,135,291,-156
107000219,82,177,-95
107000220,249,491,-242
107000222,439,1259,-820
107000224,384,105,279
107000225,278,986,-708
107000226,410,121,289
107000227,128,679,-551
107000228,87,257,-170
107000229,665,253,412
107000230,2024,878,1146
107000231,2463,1315,1148
107000232,176,94,82
107000233,1848,1021,827
107000234,2,70,-68
107000235,96,7,89
107000236,20,895,-875
107000237,25,2,23
107000238,23,2,21
107000239,7514,1139,6375
107000240,109,1677,-1568
107000241,151,41,110
107000242,1221,76,1145
107000243,2,196,-194
107000244,6,97,-91
107000246,2,1621,-1619
107000249,2,1566,-1564
107000251,4,385,-381
107000252,6,1790,-1784
107000255,1239,204,1035
107000257,6,738,-732
107000258,1,206,-205
107000259,4,297,-293
107000260,624,4,620
107000262,17,941,-924
107000263,343,2,341
107000266,18,6,12
107000267,101,313,-212
107000268,222,292,-70
107000269,806,48,758
107000270,3,21,-18
107000271,26,1155,-1129
107000272,20,270,-250
107000273,5,284,-279
107000274,2083,292,1791
107000275,61,1080,-1019
107000280,712,39,673
107000281,58,1431,-1373
107000282,20,1493,-1473
107000290,3,23,-20
107000291,12,12,0
107000292,3,30,-27
107000293,113,5,108
107000294,0,22,-22
107000295,30,2,28
107000296,2,41,-39
107000444,335,11,324
107000496,3,63,-60
107000497,2139,4508,-2369
107000500,664,556,108
107000501,90,264,-174
107000502,708,538,170
107000505,911,1279,-368
107000506,5,41,-36
107000508,2,1091,-1089
107000509,324,1280,-956
107000510,21,23,-2
107000514,83,428,-345
107000515,28,426,-398
107000516,263,388,-125
107000518,1249,1381,-132
107000519,5802,1752,4050
107000520,110,36,74
107900001,45,295,-250
107900002,53,12,41
107900003,399,20,379
107900004,90,2,88
107900005,1236,2,1234
107900006,253,3,250
107900007,508,42,466
107900008,77,70,7
107900009,206,5,201
107900010,26,2,24
107900012,403,44,359
107900013,448,96,352
107900014,28,17,11
107900015,1074,10,1064
107900016,629,185,444
107900017,30,2,28
107900018,80,163,-83
107900019,25,109,-84
107900020,101,10,91
107900021,74,288,-214
107900023,5,1,4
107900024,1,28,-27
107900025,191,531,-340
107900026,74,223,-149
107900027,101,78,23
107900028,63,170,-107
107900030,212,31,181
107900031,76,285,-209
107900032,9,15,-6
107900033,24,8,16
107900034,582,14,568
107900035,1092,66,1026
107900036,60,12,48
107900037,1,62,-61
107900038,195,346,-151
107900039,44,133,-89
107900040,119,120,-1
107900041,1,0,1
107900043,62,335,-273
107900044,10,8,2
107900045,108,35,73
107900046,162,219,-57
107900047,29,126,-97
107900048,284,14,270
107900049,470,1389,-919
107900050,129,612,-483
107900051,95,134,-39
107900052,18,22,-4
107900053,50,176,-126
107900055,1262,437,825
107900056,182,47,135
107900057,3,0,3
107900058,62,1276,-1214
107900060,22,75,-53
107900061,40,6,34
107900063,169,222,-53
107900064,606,105,501
107900065,267,7,260
107900066,9,5,4
107900067,0,0,0
107900068,335,408,-73
107900069,75,2612,-2537
107900070,153,98,55
107900071,63,1381,-1318
107900072,132,357,-225
107900073,61,234,-173
107900074,1279,256,1023
107900076,135,149,-14
107900077,107,38,69
107900078,541,56,485
107900079,5,18,-13
107900080,250,454,-204
107900081,17,99,-82
107900082,39,39,0
107900083,483,194,289
107900084,249,227,22
107900086,24,207,-183
107900087,942,111,831
107900088,35,24,11
107900089,456,1487,-1031
107900090,736,3345,-2609
107900091,264,827,-563
107900092,2845,779,2066
107900093,161,166,-5
107900095,4706,2635,2071
107900097,225,130,95
107900098,136,233,-97
107900100,1545,1664,-119
107900101,1723,310,1413
107900102,25,11,14
107900103,62,217,-155
107900104,197,5,192
107900105,12,793,-781
107900106,2,1816,-1814
107900107,1935,574,1361
107900108,512,202,310
107900109,1407,11,1396
107900110,44,129,-85
107900111,7,1693,-1686
107900112,124,555,-431
107900113,247,229,18
107900114,182,295,-113
107900115,4,84,-80
107900116,175,392,-217
107900117,481,778,-297
107900118,103,261,-158
107900119,151,238,-87
107900120,40,23,17
107900121,1,233,-232
107900122,4,89,-85
107900123,4,47,-43
107900124,46,42,4
107900125,39,324,-285
107900126,14,36,-22
107900127,733,289,444
107900128,134,107,27
107900129,64,52,12
107900130,83,52,31
107900131,772,264,508
107900132,157,750,-593
107900133,2,101,-99
107900134,56,44,12
107900135,7,292,-285
107900136,61,45,16
107900137,154,200,-46
107900138,52,43,9
107900139,48,61,-13
107900140,112,118,-6
107900141,60,92,-32
107900142,76,1993,-1917
107900143,60,76,-16
107900144,1,223,-222
107900145,9,155,-146
107900146,49,248,-199
107900147,103,40,63
107900148,238,313,-75
107900149,2821,353,2468
107900150,93,1523,-1430
107900151,15,141,-126
107900152,17,472,-455
107900153,213,465,-252
107900154,44,24,20
107900155,94,65,29
107900156,9,470,-461
107900157,76,85,-9
107900158,1033,30,1003
107900159,50,1893,-1843
107900160,73,229,-156
107900161,50,377,-327
107900162,0,262,-262
107900163,180,26,154
107900164,10,56,-46
107900165,25,134,-109
107900166,31,399,-368
107900167,29,27,2
107900168,20,61,-41
107900169,1,148,-147
107900171,16,2975,-2959
107900172,1,504,-503
107900173,15,363,-348
107900174,106,4,102
107900175,13,28,-15
107900176,29,68,-39
107900177,3,349,-346
107900178,0,335,-335
107900179,20,201,-181
107900180,1743,695,1048
107900181,427,527,-100
107900182,16,2077,-2061
107900183,57,439,-382
107900184,142,329,-187
107900185,108,4,104
107900186,43,58,-15
107900187,0,238,-238
107900188,1174,196,978
107900189,26,177,-151
107900190,117,128,-11
107900191,89,201,-112
107900193,15,25,-10
107900194,414,8,406
107900195,6802,972,5830
107900196,72,85,-13
107900197,1569,408,1161
107900199,4,1295,-1291
107900201,111,196,-85
107900203,70,150,-80
107900204,315,459,-144
107900205,335,873,-538
107900206,847,289,558
107900207,2,1011,-1009
107900208,13,1118,-1105
107900209,605,219,386
107900210,107,196,-89
107900213,1175,948,227
107900214,9,174,-165
107900215,258,473,-215
107900216,167,174,-7
107900217,45,84,-39
107900218,16,2249,-2233
107900219,33,228,-195
107900220,324,318,6
107900221,257,275,-18
107900223,107,839,-732
107900224,247,633,-386
107900225,3,1341,-1338
107900226,112,202,-90
107900227,253,787,-534
107900228,17,141,-124
107900229,4,465,-461
107900230,12,220,-208
107900231,9,281,-272
107900232,44,289,-245
107900233,10,206,-196
107900234,126,196,-70
107900235,40,148,-108
107900236,81,120,-39
107900237,165,740,-575
107900238,37,210,-173
107900239,1875,738,1137
107900240,17,186,-169
107900241,29,138,-109
107900242,18,453,-435
107900243,4,68,-64
107900244,446,4,442
107900245,775,83,692
107900246,168,12,156
107900248,435,863,-428
107900249,872,37,835
107900250,1,1029,-1028
107900251,58,2412,-2354
107900252,1506,29,1477
107900253,214,6,208
107900254,99,355,-256
107900255,499,125,374
107900256,1078,598,480
107900257,240,147,93
107900258,119,413,-294
107900259,124,2319,-2195
107900261,9,790,-781
107900262,65,256,-191
107900264,395,6,389
107900265,125,316,-191
107900267,258,37,221
107900268,94,4,90
107900269,0,4,-4
107900270,0,0,0
107900271,5,14,-9
107900272,142,24,118
107900273,27,97,-70
107900274,43,1,42
107900275,19,0,19
107900276,3,136,-133
107900277,2,420,-418
107900278,312,568,-256
107900279,248,221,27
107900280,2968,3115,-147
107900281,5847,2841,3006
107900282,121,586,-465
107900283,2567,795,1772
107900284,456,1192,-736
107900285,107,202,-95
107900286,200,163,37
107900287,194,347,-153
107900290,0,121,-121
107900291,661,20,641
107900292,158,411,-253
107900293,80,826,-746
107900295,60,158,-98
107900297,3,399,-396
107900298,1182,1317,-135
107900299,5668,3186,2482
107900300,51,423,-372
107900301,836,675,161
107900302,178,49,129
107900303,158,471,-313
107900304,314,995,-681
107900305,355,24,331
107900306,21,18,3
107900307,55,314,-259
107900308,242,151,91
107900309,289,4,285
107900310,240,3,237
107900311,2,78,-76
107900312,211,0,211
107900313,1,109,-108
107900314,0,64,-64
107900315,0,104,-104
107900316,123,6,117
107900317,147,32,115
107900318,3,226,-223
107900319,14,470,-456
107900320,3,322,-319
107900321,167,5,162
107900322,3,237,-234
107900323,20,303,-283
107900324,242,2,240
107900325,143,0,143
107900326,302,598,-296
107900327,1,70,-69
107900328,166,3,163
107900329,220,52,168
107900330,19,1107,-1088
107900331,263,45,218
107900332,200,53,147
107900333,54,28,26
107900334,17,460,-443
107900335,74,153,-79
107900336,28,66,-38
107900337,2221,1027,1194
107900338,8,222,-214
107900339,7,47,-40
107900340,0,72,-72
107900341,64,0,64
107900342,55,80,-25
107900343,83,0,83
107900344,5,114,-109
107900345,126,33,93
107900346,51,5,46
107900347,36,3,33
107900348,10,4,6
107900349,13,9,4
107900350,38,422,-384
108000001,3519,5680,-2161
108000002,3317,4641,-1324
108000003,6494,3850,2644
108000004,24531,26057,-1526
108000005,9204,6156,3048
108000006,11633,11467,166
108000007,6812,5402,1410
108000008,8269,9782,-1513
108000009,5103,5878,-775
108000010,5349,8281,-2932
108000011,14563,16828,-2265
108000012,26821,27098,-277
108000014,860,834,26
108000015,850,431,419
108000016,289,711,-422
108000017,1252,553,699
108000018,2004,777,1227
108000019,2376,1039,1337
108000020,1667,768,899
108000021,621,2643,-2022
108000022,708,2437,-1729
108000023,1794,363,1431
108000024,324,1089,-765
108000025,312,394,-82
108000026,621,835,-214
108000027,773,683,90
108000028,496,395,101
108000029,578,781,-203
108000030,938,291,647
108000031,388,802,-414
108000032,1613,804,809
108000033,1039,1872,-833
108000034,2282,634,1648
108000035,1395,3766,-2371
108000036,423,2276,-1853
108000037,2121,543,1578
108000038,3029,716,2313
108000039,732,4249,-3517
108000040,2320,1140,1180
108000041,1023,4397,-3374
108000042,309,338,-29
108000043,264,399,-135
108000044,459,260,199
108000045,272,907,-635
108000046,1543,481,1062
108000047,615,1709,-1094
108000048,197,576,-379
108000049,686,371,315
108000050,112,690,-578
108000051,259,187,72
108000052,336,1141,-805
108000053,379,238,141
108000054,683,1672,-989
108000055,1617,675,942
108000056,1626,1701,-75
108000057,961,1352,-391
108000058,2704,4616,-1912
108000059,5374,3107,2267
108000060,238,538,-300
108000061,194,480,-286
108000062,887,766,121
108000063,526,1039,-513
108000064,173,332,-159
108000065,809,1028,-219
108000066,3386,1233,2153
108000067,2561,843,1718
108000068,876,528,348
108000069,314,1671,-1357
108000070,1946,1028,918
108000071,1053,2645,-1592
108000072,1891,1586,305
108000073,2283,3213,-930
108000074,498,524,-26
108000075,448,1378,-930
108000076,1001,657,344
108000077,1105,1084,21
108000078,2569,2098,471
108000079,1267,2615,-1348
108000080,1238,832,406
108000081,808,3709,-2901
108000082,1696,3192,-1496
108000083,2742,1315,1427
108000084,583,2232,-1649
108000085,695,588,107
108000086,1301,1463,-162
108000087,221,2517,-2296
108000088,318,17,301
108000089,780,520,260
108000090,675,216,459
108000091,244,922,-678
108000092,165,147,18
108000093,198,1526,-1328
108000094,879,205,674
108000095,295,780,-485
108000096,365,309,56
108000097,216,889,-673
108000098,1646,2295,-649
108000099,236,118,118
108000100,87,265,-178
108000101,1458,1623,-165
108000102,2010,3500,-1490
108000106,1334,0,1334
108000107,4,1150,-1146
108000108,774,121,653
108000109,5,1239,-1234
108000110,228,436,-208
108000111,247,1405,-1158
108000112,156,162,-6
108000113,972,511,461
108000115,654,734,-80
108000117,1598,601,997
108000118,330,278,52
108000119,1047,725,322
108000120,131,1083,-952
108000121,307,1010,-703
108000122,497,610,-113
108000123,723,428,295
108000124,340,918,-578
108000125,398,534,-136
108000126,194,757,-563
108000127,542,559,-17
108000128,802,953,-151
108000129,360,1751,-1391
108000130,337,387,-50
108000131,1172,544,628
108000132,2756,2297,459
108000133,1044,755,289
108000134,728,1004,-276
108000135,1361,517,844
108000136,1402,1581,-179
108000137,531,552,-21
108000138,326,914,-588
108000139,389,553,-164
108000140,87,48,39
108000141,68,251,-183
108000142,95,219,-124
108000143,38,91,-53
108000144,52,29,23
108000145,58,61,-3
108000146,47,31,16
108000147,98,86,12
108000148,84,18,66
108000149,34,87,-53
108000150,29,2,27
108000151,52,24,28
108000152,128,819,-691
108000153,493,126,367
108000154,118,43,75
108000155,38,45,-7
108000156,461,174,287
108000157,273,1162,-889
108000158,136,896,-760
108000159,921,293,628
108000160,7902,1428,6474
108000161,7642,3186,4456
108000165,7,237,-230
108000172,7,377,-370
108000173,4025,2764,1261
108000175,200,148,52
108000178,799,464,335
108000179,420,975,-555
108000181,115,34,81
108000182,181,23,158
108000183,27,25,2
108000184,1910,2701,-791
108000185,362,1032,-670
108000186,113,82,31
108000187,100,1151,-1051
108000188,618,347,271
108000189,1071,1771,-700
108000190,64,174,-110
108000192,254,934,-680
108000193,1314,77,1237
108000194,20,22,-2
108000195,5,2223,-2218
108000196,239,287,-48
108000197,131,749,-618
108000198,747,437,310
108000199,0,161,-161
108000200,368,1028,-660
108000202,2,235,-233
108000203,144,1223,-1079
108000204,87,55,32
108000205,426,806,-380
108000339,2205,587,1618
108000364,223,420,-197
108000365,55,536,-481
108000367,287,657,-370
108000368,12,69,-57
108000369,1521,181,1340
108000371,3,909,-906
108000372,629,5,624
108000373,243,242,1
108000376,73,30,43
108000377,415,471,-56
108000378,13290,15254,-1964
108000379,41,323,-282
108000381,57,14,43
108000382,47,0,47
108000383,0,89,-89
108900001,178,1652,-1474
108900002,370,91,279
108900003,495,1555,-1060
108900004,131,334,-203
108900005,119,298,-179
108900006,766,275,491
108900007,307,318,-11
108900008,119,212,-93
108900009,147,157,-10
108900010,225,244,-19
108900011,447,541,-94
108900012,455,641,-186
108900013,122,383,-261
108900014,12,150,-138
108900015,0,9,-9
108900016,2,343,-341
108900017,234,322,-88
108900018,120,825,-705
108900019,82,1751,-1669
108900020,66,374,-308
108900021,173,460,-287
108900022,141,7,134
108900023,6,31,-25
108900024,23,179,-156
108900025,81,172,-91
108900026,23,133,-110
108900027,1,111,-110
108900028,78,681,-603
108900029,70,323,-253
108900030,0,94,-94
108900031,91,716,-625
108900032,11,469,-458
108900033,2,159,-157
108900034,0,349,-349
108900035,370,2092,-1722
108900036,268,570,-302
108900037,97,700,-603
108900038,1,704,-703
108900039,3,754,-751
108900040,10,185,-175
108900041,8700,4226,4474
108900042,13,395,-382
108900043,88,734,-646
108900044,3,1161,-1158
108900045,41,886,-845
108900046,87,1636,-1549
108900047,1,85,-84
108900048,138,1669,-1531
108900049,8604,1668,6936
108900050,1,401,-400
108900051,2,420,-418
108900052,50,408,-358
108900053,154,274,-120
108900054,115,440,-325
108900055,135,643,-508
108900056,1,262,-261
108900057,5,363,-358
108900058,43,664,-621
108900059,524,46,478
108900060,261,310,-49
108900061,75,63,12
108900062,6,501,-495
108900063,18,638,-620
108900064,216,133,83
108900065,13,429,-416
108900066,358,187,171
108900067,81,329,-248
108900068,0,191,-191
108900069,54,142,-88
108900070,42,257,-215
108900071,112,80,32
108900072,4180,680,3500
108900073,14,112,-98
108900074,212,807,-595
108900075,63,89,-26
108900076,319,119,200
108900077,179,206,-27
108900078,31,270,-239
108900079,1331,404,927
108900080,45,1248,-1203
108900081,70,449,-379
108900082,81,136,-55
108900083,33,374,-341
108900084,645,256,389
108900085,3338,286,3052
108900086,140,416,-276
108900087,155,401,-246
108900088,1482,464,1018
108900089,27,217,-190
108900090,32,628,-596
108900091,143,179,-36
108900092,590,463,127
108900093,165,119,46
108900094,343,172,171
108900095,112,922,-810
108900096,594,43,551
108900097,702,343,359
108900098,4905,1155,3750
108900099,412,429,-17
108900100,80,269,-189
108900101,279,177,102
108900102,232,1245,-1013
108900103,118,98,20
108900104,224,701,-477
108900105,10,1083,-1073
108900106,435,653,-218
108900108,676,72,604
108900109,26,27,-1
108900110,267,735,-468
108900111,438,959,-521
108900112,228,24,204
108900113,48,65,-17
108900114,3,8,-5
108900115,124,123,1
108900116,74,17,57
108900117,370,22,348
108900118,640,14,626
108900119,237,68,169
108900120,177,252,-75
108900121,548,94,454
108900122,145,60,85
108900123,160,111,49
108900124,481,228,253
108900125,453,4,449
108900126,151,22,129
108900127,208,47,161
108900128,123,31,92
108900129,808,205,603
108900130,336,2,334
108900131,393,3,390
108900132,502,111,391
108900133,232,52,180
108900134,314,384,-70
108900135,159,7,152
108900136,18,1,17
108900137,162,1,161
108900138,681,55,626
108900139,745,148,597
108900140,259,364,-105
108900141,377,8,369
108900142,65,1,64
108900143,66,1,65
108900144,111,0,111
108900145,124,10,114
108900146,82,0,82
108900147,206,1,205
108900148,106,65,41
108900149,639,564,75
108900150,314,19,295
108900151,129,3,126
108900152,88,64,24
108900153,184,736,-552
108900154,6126,672,5454
108900155,381,106,275
108900156,65,10,55
108900157,20,853,-833
108900158,380,76,304
108900159,8,532,-524
108900160,15,354,-339
108900161,7,678,-671
108900162,59,0,59
108900163,5,292,-287
108900164,54,122,-68
108900165,296,127,169
108900167,3489,7183,-3694
108900168,14315,3407,10908
108900169,28,192,-164
108900171,15773,3695,12078
108900172,228,89,139
108900173,242,699,-457
108900174,894,800,94
108900176,213,817,-604
108900177,12881,5356,7525
108900178,8730,4296,4434
108900179,1161,2139,-978
108900180,228,334,-106
108900182,28,452,-424
108900183,308,399,-91
108900184,600,297,303
108900185,80,551,-471
108900186,101,566,-465
108900187,389,110,279
108900188,572,117,455
108900189,483,201,282
108900190,70,5641,-5571
108900191,311,63,248
108900192,132,395,-263
108900193,326,33,293
108900194,15,428,-413
108900195,161,543,-382
108900196,31,962,-931
108900198,7,989,-982
108900199,342,514,-172
108900200,639,520,119
108900201,634,2129,-1495
108900203,712,43,669
108900204,630,13,617
108900205,308,34,274
108900206,479,48,431
108900207,186,83,103
108900208,35,678,-643
108900209,281,1088,-807
108900210,206,423,-217
108900211,312,644,-332
108900212,1076,1406,-330
108900215,159,1008,-849
108900216,567,187,380
108900217,141,1,140
108900218,149,37,112
108900219,94,16,78
108900220,73,39,34
108900221,72,234,-162
108900222,287,22,265
108900223,10,165,-155
108900224,41,199,-158
108900225,5,275,-270
108900226,309,15,294
108900227,239,378,-139
108900230,654,557,97
108900231,62,430,-368
108900232,2,602,-600
108900233,658,114,544
108900234,406,182,224
108900235,351,1036,-685
108900236,92,741,-649
108900237,112,466,-354
108900240,229,121,108
108900241,41,62,-21
108900245,18,2018,-2000
108900249,182,31,151
108900250,365,182,183
108900257,281,1002,-721
108900258,8,382,-374
108900259,63,133,-70
108900260,5,153,-148
108900261,231,231,0
108900262,411,195,216
108900263,60,352,-292
108900264,626,395,231
108900265,1942,469,1473
108900266,1982,563,1419
108900267,7,122,-115
108900268,7,7,0
108900269,76,18,58
108900270,59,11,48
108900271,43,15,28
108900272,217,14,203
108900273,1390,820,570
108900274,40,136,-96
109000001,4646,1567,3079
109000002,3420,2027,1393
109000003,3581,789,2792
109000004,914,4007,-3093
109000005,3687,1169,2518
109000006,1211,3319,-2108
109000007,2049,1039,1010
109000008,670,2873,-2203
109000009,5059,1929,3130
109000010,1797,6340,-4543
109000011,4688,2773,1915
109000012,2639,6075,-3436
109000013,4709,4352,357
109000014,2417,5925,-3508
109000015,4722,8872,-4150
109000016,15542,7112,8430
109000017,3183,2297,886
109000018,1546,5937,-4391
109000019,4044,1659,2385
109000020,1421,3249,-1828
109000023,476,54,422
109000024,1,291,-290
109000025,608,628,-20
109000026,1498,493,1005
109000027,137,394,-257
109000028,140,158,-18
109000029,267,245,22
109000030,86,771,-685
109000031,292,145,147
109000032,238,729,-491
109000033,699,229,470
109000034,69,39,30
109000035,19,94,-75
109000036,116,571,-455
109000037,301,1547,-1246
109000038,940,648,292
109000039,1266,945,321
109000040,9985,8737,1248
109000041,7740,2099,5641
109000042,1758,2063,-305
109000044,918,124,794
109000045,203,656,-453
109000046,400,127,273
109000047,170,578,-408
109000048,1727,238,1489
109000049,769,794,-25
109000050,594,312,282
109000051,618,466,152
109000052,686,2460,-1774
109000053,290,135,155
109000054,348,1472,-1124
109000055,430,381,49
109000056,383,1217,-834
109000057,880,497,383
109000058,1694,486,1208
109000059,1281,1579,-298
109000060,864,320,544
109000061,2519,1569,950
109000062,222,340,-118
109000063,364,391,-27
109000064,266,320,-54
109000065,176,551,-375
109000066,486,270,216
109000067,63,584,-521
109000068,1310,5,1305
109000069,952,50,902
109000070,19,1343,-1324
109000071,623,162,461
109000072,151,578,-427
109000073,107,193,-86
109000074,31,331,-300
109000075,85,583,-498
109000076,64,219,-155
109000077,510,348,162
109000078,25,193,-168
109000079,127,308,-181
109000080,102,172,-70
109000081,176,838,-662
109000082,540,362,178
109000083,382,1162,-780
109000088,197,847,-650
109000089,270,58,212
109000090,346,700,-354
109000091,424,203,221
109000092,526,954,-428
109000093,215,238,-23
109000094,406,7,399
109000095,135,861,-726
109000096,845,327,518
109000097,89,202,-113
109000098,92,167,-75
109000099,845,568,277
109000100,227,773,-546
109000101,1822,1546,276
109000102,345,1374,-1029
109000103,427,1130,-703
109000104,1813,1128,685
109000105,612,2126,-1514
109000106,2819,1177,1642
109000107,819,3412,-2593
109000108,2503,904,1599
109000109,603,3229,-2626
109000110,2158,812,1346
109000111,1752,3690,-1938
109000112,580,239,341
109000113,400,339,61
109000114,213,519,-306
109000115,2033,81,1952
109000116,4,329,-325
109000117,183,203,-20
109000118,6,462,-456
109000119,1214,678,536
109000120,165,1696,-1531
109000121,426,83,343
109000122,122,1641,-1519
109000123,31,91,-60
109000124,753,688,65
109000125,906,498,408
109000126,444,1475,-1031
109000127,959,327,632
109000128,651,3401,-2750
109000129,2646,1030,1616
109000130,833,4159,-3326
109000131,981,574,407
109000132,1003,3092,-2089
109000133,515,1693,-1178
109000134,1025,2352,-1327
109000135,1522,2074,-552
109000136,442,619,-177
109000137,379,580,-201
109000138,652,634,18
109000139,562,655,-93
109000140,221,798,-577
109000141,652,702,-50
109000142,115,859,-744
109000143,132,94,38
109000145,98,275,-177
109000146,57,159,-102
109000148,7048,2128,4920
109000149,59,72,-13
109000150,137,322,-185
109000155,898,972,-74
109000156,2214,1232,982
109000158,216,443,-227
109000159,236,1062,-826
109000160,1368,387,981
109000161,411,2130,-1719
109000162,2596,1213,1383
109000163,1415,3184,-1769
109000164,1585,4124,-2539
109000165,1446,1003,443
109000166,833,217,616
109000167,120,1464,-1344
109000170,60,90,-30
109000171,46,76,-30
109000172,52,105,-53
109000173,12,89,-77
109000174,76,99,-23
109000175,116,166,-50
109000176,323,328,-5
109000177,36,210,-174
109000178,500,131,369
109000179,12821,6200,6621
109000180,10118,5833,4285
109000181,11,80,-69
109000182,59,99,-40
109000183,45,50,-5
109000184,50,48,2
109000185,32,113,-81
109000188,558,3986,-3428
109000189,2412,1502,910
109000190,872,762,110
109000191,401,848,-447
109000192,461,349,112
109000193,209,697,-488
109000194,308,146,162
109000195,125,770,-645
109000196,378,171,207
109000197,294,873,-579
109000198,391,77,314
109000199,186,963,-777
109000206,311,47,264
109000207,154,69,85
109000208,158,141,17
109000209,162,157,5
109000210,266,856,-590
109000211,170,325,-155
109000214,395,871,-476
109000215,397,132,265
109000216,420,277,143
109000217,207,105,102
109000218,335,225,110
109000221,594,1791,-1197
109000222,1118,212,906
109000223,286,440,-154
109000224,63,324,-261
109000225,69,47,22
109000226,53,501,-448
109000227,1309,2154,-845
109000228,0,461,-461
109000231,5,577,-572
109000232,255,647,-392
109000236,416,1178,-762
109000241,2780,3182,-402
109000242,2214,2580,-366
109000293,40,86,-46
109000361,126,475,-349
109000364,280,1032,-752
109000396,4,1126,-1122
109000397,548,15,533
109000399,184,1003,-819
109000400,84,323,-239
109000403,173,669,-496
109000406,437,4,433
109000407,442,327,115
109000408,0,665,-665
109000410,1568,279,1289
109000411,87,13,74
109900001,134,0,134
109900002,896,20,876
109900003,230,1,229
109900004,1132,447,685
109900005,13,7,6
109900006,386,440,-54
109900007,773,1286,-513
109900008,0,42,-42
109900009,151,1116,-965
109900010,569,15,554
109900011,182,67,115
109900012,251,299,-48
109900013,528,231,297
109900014,490,95,395
109900015,747,208,539
109900016,156,71,85
109900017,181,214,-33
109900018,300,165,135
109900019,169,135,34
109900020,25,19,6
109900021,33,8,25
109900022,57,482,-425
109900023,21,11,10
109900024,24,4,20
109900025,10,143,-133
109900026,7,276,-269
109900027,52,16,36
109900028,4068,930,3138
109900029,5,778,-773
109900030,53,2,51
109900031,3,253,-250
109900032,11,473,-462
109900033,5,1019,-1014
109900034,33,0,33
109900035,19,43,-24
109900036,27,147,-120
109900037,30,946,-916
109900038,84,383,-299
109900039,7,0,7
109900040,20,1099,-1079
109900041,109,721,-612
109900042,17,715,-698
109900044,148,491,-343
109900045,56,59,-3
109900046,7,112,-105
109900047,519,609,-90
109900048,1,133,-132
109900049,10,29,-19
109900050,2,341,-339
109900051,0,44,-44
109900052,213,523,-310
109900053,5,673,-668
109900054,730,357,373
109900055,83,589,-506
109900056,17,176,-159
109900057,25,378,-353
109900058,1,189,-188
109900059,711,174,537
109900060,466,221,245
109900061,148,531,-383
109900062,0,433,-433
109900063,4,577,-573
109900064,678,541,137
109900065,266,207,59
109900066,425,1624,-1199
109900067,4,575,-571
109900068,87,7,80
109900069,5,75,-70
109900070,122,492,-370
109900071,1,57,-56
109900072,55,226,-171
109900073,375,1119,-744
109900074,12,71,-59
109900075,18,33,-15
109900076,25,350,-325
109900077,24,89,-65
109900078,151,499,-348
109900080,190,658,-468
109900081,97,188,-91
109900082,75,773,-698
109900083,41,116,-75
109900084,85,295,-210
109900085,353,1650,-1297
109900086,171,437,-266
109900087,391,745,-354
109900089,872,203,669
109900090,705,2133,-1428
109900091,358,116,242
109900092,568,8,560
109900093,952,152,800
109900094,112,158,-46
109900095,165,453,-288
109900096,37,3,34
109900097,91,2,89
109900098,452,30,422
109900099,177,2,175
109900100,54,0,54
109900101,457,14,443
109900102,403,25,378
109900103,25,46,-21
109900104,554,1533,-979
109900105,779,25,754
109900106,409,100,309
109900107,604,108,496
109900108,111,829,-718
109900109,31,255,-224
109900110,96,875,-779
109900111,506,2130,-1624
109900112,691,1402,-711
109900113,1095,542,553
109900114,1587,912,675
109900115,172,148,24
109900117,968,196,772
109900118,369,723,-354
109900119,895,417,478
109900120,52,14,38
109900121,879,500,379
109900122,416,5,411
109900123,25,300,-275
109900124,46,997,-951
109900125,1,331,-330
109900126,223,262,-39
109900128,331,102,229
109900130,18848,3070,15778
109900131,77,248,-171
109900132,32,272,-240
109900133,79,625,-546
109900134,70,98,-28
109900135,613,112,501
109900136,90,285,-195
109900137,100,663,-563
109900138,432,675,-243
109900140,227,487,-260
109900141,452,447,5
109900142,1491,553,938
109900145,37,408,-371
109900146,819,57,762
109900148,40,196,-156
109900149,56,82,-26
109900150,7,82,-75
109900151,6,64,-58
109900152,0,20,-20
109900153,3,42,-39
109900154,12,0,12
109900155,74,21,53
109900157,87,423,-336
109900158,121,220,-99
109900159,238,61,177
109900160,225,104,121
109900161,393,104,289
109900162,289,152,137
109900163,1194,670,524
109900164,65,316,-251
109900165,262,10,252
109900166,3,253,-250
109900167,252,937,-685
109900168,290,870,-580
109900169,264,254,10
109900170,448,1161,-713
109900171,210,148,62
109900172,232,379,-147
109900173,6712,3373,3339
109900174,71,321,-250
109900175,68,94,-26
109900176,130,319,-189
109900177,43,442,-399
109900178,3,153,-150
109900179,13,34,-21
109900180,3,19,-16
110000001,1150,939,211
110000002,981,964,17
110000003,1588,1065,523
110000004,870,778,92
110000005,886,2235,-1349
110000006,795,447,348
110000007,253,351,-98
110000008,18,82,-64
110000009,70,70,0
110000010,90,98,-8
110000011,54,196,-142
110000012,1055,766,289
110000013,60,776,-716
110000014,735,510,225
110000015,494,850,-356
110000016,402,1931,-1529
110000017,4774,420,4354
110000018,5408,748,4660
110000019,7,237,-230
110000020,836,310,526
110000021,1482,715,767
110000022,1661,373,1288
110000023,15,283,-268
110000024,903,583,320
110000025,272,2,270
110000026,10,871,-861
110000027,1497,793,704
110000028,1173,1078,95
110000029,747,1522,-775
110000030,352,559,-207
110000031,336,1089,-753
110000032,1006,612,394
110000033,406,98,308
110000034,701,1120,-419
110000035,1039,1241,-202
110000036,1253,1045,208
110000037,280,983,-703
110000038,244,976,-732
110000039,1009,3785,-2776
110000040,526,713,-187
110000041,412,1757,-1345
110000042,74,371,-297
110000043,679,393,286
110000044,79,108,-29
110000045,963,116,847
110000046,3,19,-16
110000047,34,28,6
110000048,13,22,-9
110000049,123,5,118
110000050,24,37,-13
110000051,74,5,69
110000052,21,25,-4
110000053,641,10,631
110000054,159,405,-246
110000055,528,23,505
110000056,358,74,284
110000057,436,1191,-755
110000058,1400,910,490
110000059,1277,718,559
110000060,921,1558,-637
110000061,1421,1283,138
110000062,978,1191,-213
110000063,46,162,-116
110000064,99,224,-125
110000065,118,138,-20
110000066,149,48,101
110000067,157,698,-541
110000068,398,828,-430
110000069,271,148,123
110000071,117,210,-93
110000073,7,32,-25
110000075,7,143,-136
110000076,410,575,-165
110000077,634,2210,-1576
110000078,26,91,-65
110000080,381,1059,-678
110000081,61,587,-526
110000082,35,590,-555
110000083,303,952,-649
110000084,1231,1072,159
110000085,3150,2227,923
110000086,1628,2677,-1049
110000087,19,129,-110
110000088,124,398,-274
110000089,287,277,10
110000090,120,541,-421
110000091,2672,493,2179
110000092,56,199,-143
110000093,58,13,45
110000094,772,329,443
110000095,213,1131,-918
110000096,5163,2604,2559
110000097,1448,1808,-360
110000098,2599,1081,1518
110000099,1354,2621,-1267
110000100,1007,1297,-290
110000101,20,739,-719
110000102,44,36,8
110000104,297,110,187
110000105,128,384,-256
110000106,737,355,382
110000107,620,589,31
110000108,309,82,227
110000109,449,485,-36
110000110,6064,7619,-1555
110000111,11667,3858,7809
110000112,2074,1248,826
110000113,1012,2966,-1954
110000114,133,817,-684
110000115,313,449,-136
110000116,76,60,16
110000117,175,795,-620
110000118,548,447,101
110000119,221,585,-364
110000120,459,341,118
110000121,176,458,-282
110000122,477,993,-516
110000123,751,1051,-300
110000124,2,1254,-1252
110000125,1302,6,1296
110000126,330,44,286
110000127,1453,103,1350
110000128,64,2221,-2157
110000129,4,738,-734
110000130,243,279,-36
110000131,86,465,-379
110000132,1,935,-934
110000133,72,579,-507
110000134,42,486,-444
110000135,261,55,206
110000136,84,442,-358
110000137,882,1245,-363
110000138,900,1101,-201
110000139,1145,2621,-1476
110000140,1283,926,357
110000143,1006,638,368
110000144,7158,2363,4795
110000145,1947,1640,307
110000146,2873,1898,975
110000147,487,1211,-724
110000148,454,527,-73
110000151,2289,833,1456
110000152,1616,574,1042
110000153,89,105,-16
110000154,74,30,44
110000155,3374,5104,-1730
110000156,1339,3031,-1692
110000157,2358,2804,-446
110000160,389,584,-195
110000161,170,722,-552
110000166,601,211,390
110000167,1083,901,182
110000168,1174,603,571
110000169,928,425,503
110000170,167,122,45
110000171,699,216,483
110000172,223,1425,-1202
110000173,1669,1926,-257
110000174,255,2066,-1811
110000175,667,143,524
110000176,57,424,-367
110000177,250,1329,-1079
110000178,744,1393,-649
110000179,2097,564,1533
110000180,164,516,-352
110000181,486,703,-217
110000182,473,393,80
110000183,21778,9183,12595
110000184,1798,3094,-1296
110000185,1672,980,692
110000186,1223,1054,169
110000191,705,482,223
110000192,575,11,564
110000193,1216,11,1205
110000194,36,1962,-1926
110000195,505,648,-143
110000196,477,711,-234
110000197,130,389,-259
110000198,144,168,-24
110000199,91,194,-103
110000200,2052,796,1256
110000201,1010,1234,-224
110000202,1907,767,1140
110000203,1101,1237,-136
110000204,2,502,-500
110000205,132,68,64
110000206,919,2541,-1622
110000207,852,486,366
110000208,147,173,-26
110000209,197,1210,-1013
110000210,932,1045,-113
110000211,814,1485,-671
110000212,601,1495,-894
110000213,174,96,78
110000214,228,135,93
110000215,159,941,-782
110000216,119,1162,-1043
110000217,324,281,43
110000218,181,712,-531
110000219,362,96,266
110000220,36,627,-591
110000221,305,101,204
110000222,56,404,-348
110000223,2,117,-115
110000224,57,26,31
110000225,262,1031,-769
110000226,293,69,224
110000227,1206,1017,189
110000228,670,480,190
110000229,0,348,-348
110000230,702,726,-24
110000231,184,306,-122
110000232,230,295,-65
110000233,163,458,-295
110000234,905,693,212
110000235,1506,1518,-12
110000236,774,1179,-405
110000237,2169,1563,606
110000238,1420,1825,-405
110000239,2608,1845,763
110000240,1,137,-136
110000242,0,16,-16
110000243,127,274,-147
110000244,185,640,-455
110000245,27,712,-685
110000246,921,915,6
110000247,2373,8556,-6183
110000248,4212,2823,1389
110000249,86,9,77
110000250,74,336,-262
110000251,382,939,-557
110000252,309,468,-159
110000253,1589,759,830
110000254,945,2439,-1494
110000255,331,1836,-1505
110000256,653,394,259
110000257,1160,606,554
110000258,5,879,-874
110000259,121,28,93
110000260,35,658,-623
110000263,820,153,667
110000264,330,939,-609
110000265,1227,3107,-1880
110000266,3142,3878,-736
110000267,18,425,-407
110000268,458,1025,-567
110000269,2,198,-196
110000270,65,2,63
110000271,3404,426,2978
110000272,1508,1608,-100
110000273,5394,2051,3343
110000274,305,1931,-1626
110000275,4618,724,3894
110000276,213,471,-258
110000277,254,740,-486
110000278,348,1282,-934
110000279,1051,979,72
110000280,520,560,-40
110000281,50,290,-240
110000282,515,52,463
110000283,67,148,-81
110000284,71,86,-15
110000285,3,489,-486
110000286,21,2,19
110000287,79,4,75
110000288,1,158,-157
110000289,687,2613,-1926
110000290,1617,931,686
110000291,10205,1990,8215
110000292,1934,6769,-4835
110000293,720,1399,-679
110000294,1115,1591,-476
110000295,161,1605,-1444
110000296,530,570,-40
110000297,4182,529,3653
110000298,266,870,-604
110000299,803,107,696
110000301,253,33,220
110000302,292,2139,-1847
110000303,623,10,613
110000304,100,446,-346
110000305,1510,26,1484
110000306,190,2665,-2475
110000307,1765,6,1759
110000308,955,16,939
110000309,8,1737,-1729
110000310,872,101,771
110000311,22,1258,-1236
110000312,699,118,581
110000313,5582,4255,1327
110000314,8,396,-388
110000315,5302,3262,2040
110000316,845,1710,-865
110000317,975,414,561
110000318,19,119,-100
110000319,7,31,-24
110000320,57,74,-17
110000321,11,100,-89
110000322,397,820,-423
110000323,405,325,80
110000324,6388,1898,4490
110000325,4099,4337,-238
110000327,784,453,331
110000328,295,735,-440
110000333,1279,1118,161
110000334,1167,2006,-839
110000335,1225,831,394
110000336,927,1602,-675
110000337,2116,898,1218
110000338,588,282,306
110000339,450,402,48
110000340,41,301,-260
110000341,688,663,25
110000342,701,3,698
110000343,0,25,-25
110000344,69,299,-230
110000345,152,153,-1
110000346,3522,2438,1084
110000347,1447,1133,314
110000348,28,30,-2
110000349,13,29,-16
110000350,85,11,74
110000351,1188,1404,-216
110000352,817,2530,-1713
110000353,4706,1166,3540
110000354,1788,3784,-1996
110000355,148,141,7
110000356,1048,18,1030
110000357,553,17,536
110000361,32,107,-75
110000362,88,239,-151
110000363,450,127,323
110000364,221,479,-258
110000365,210,0,210
110000366,0,116,-116
110000367,486,431,55
110000368,2,106,-104
110000369,40,0,40
110000373,3,480,-477
110000374,272,14,258
110000375,188,1297,-1109
110000376,42,83,-41
110000377,82,680,-598
110000378,34,491,-457
110000379,5500,2107,3393
110000380,63,23,40
110000383,2,1070,-1068
110000384,2374,728,1646
110000385,3,429,-426
110000387,95,13,82
110000388,81,344,-263
110000389,1011,7,1004
110000391,555,540,15
110000396,174,215,-41
110000397,135,334,-199
110000398,3,62,-59
110000399,252,2,250
110000587,135,110,25
110000589,195,268,-73
110000640,231,151,80
110000652,73,180,-107
110000653,227,671,-444
110000654,30,79,-49
110000656,5,1043,-1038
110000674,44,46,-2
110000675,64,19,45
110000676,9,73,-64
110000679,549,1645,-1096
110000682,150,212,-62
110000683,514,839,-325
110000684,2,153,-151
110000685,11,27,-16
110000686,7,72,-65
110000687,29,9,20
110000688,60,1051,-991
110000689,44,116,-72
110000692,292,445,-153
110000693,524,353,171
110000694,1,292,-291
110000695,243,1033,-790
110000696,229,267,-38
110900001,375,36,339
110900002,951,618,333
110900003,865,1461,-596
110900004,487,380,107
110900005,7156,2492,4664
110900006,20,26,-6
110900007,146,54,92
110900008,6,40,-34
110900009,587,135,452
110900010,12,122,-110
110900011,16,198,-182
110900012,20,229,-209
110900013,1307,223,1084
110900014,149,16,133
110900015,1420,775,645
110900016,39,229,-190
110900017,451,43,408
110900018,606,93,513
110900019,156,27,129
110900020,98,709,-611
110900021,128,1191,-1063
110900022,127,591,-464
110900023,187,1162,-975
110900024,33,881,-848
110900025,4,78,-74
110900027,57,460,-403
110900028,68,353,-285
110900029,56,815,-759
110900030,25,661,-636
110900031,1,263,-262
110900032,2,163,-161
110900033,48,559,-511
110900035,58,936,-878
110900036,132,41,91
110900037,87,42,45
110900038,2613,324,2289
110900039,31,450,-419
110900040,322,70,252
110900041,16,245,-229
110900042,172,101,71
110900043,5,281,-276
110900044,400,50,350
110900045,69,1025,-956
110900046,144,568,-424
110900047,1292,281,1011
110900049,173,90,83
110900050,29,1,28
110900051,51,329,-278
110900052,5,378,-373
110900053,113,84,29
110900054,33,424,-391
110900055,24,3,21
110900056,56,192,-136
110900057,11,354,-343
110900058,263,426,-163
110900059,986,1186,-200
110900060,668,216,452
110900061,19,76,-57
110900062,155,461,-306
110900063,54,257,-203
110900064,10,0,10
110900065,416,145,271
110900066,13,172,-159
110900067,837,968,-131
110900068,313,483,-170
110900069,7,46,-39
110900070,201,87,114
110900071,406,828,-422
110900073,0,39,-39
110900074,392,134,258
110900075,479,144,335
110900077,965,856,109
110900078,24,139,-115
110900079,3039,1223,1816
110900080,151,110,41
110900081,10,130,-120
110900082,166,396,-230
110900083,145,78,67
110900084,47,248,-201
110900085,59,686,-627
110900086,65,493,-428
110900087,389,111,278
110900088,27,0,27
110900090,81,46,35
110900091,5,77,-72
110900093,477,165,312
110900095,92,89,3
110900097,36,30,6
110900098,36,226,-190
110900099,54,1066,-1012
110900100,0,35,-35
110900102,69,27,42
110900105,1189,731,458
110900108,9,210,-201
110900111,538,182,356
110900112,878,11,867
110900113,802,108,694
110900115,8,127,-119
110900116,631,4189,-3558
110900118,123,3431,-3308
110900119,9021,708,8313
110900120,22,145,-123
110900121,117,4,113
110900122,544,229,315
110900125,372,410,-38
110900127,1073,1522,-449
110900128,318,364,-46
110900129,613,909,-296
110900130,1582,570,1012
110900131,294,78,216
110900132,409,76,333
110900133,107,402,-295
110900135,205,914,-709
110900136,307,28,279
110900137,164,1,163
110900138,1508,383,1125
110900139,53,50,3
110900140,144,13,131
110900141,12,107,-95
110900142,93,384,-291
110900143,218,164,54
110900144,0,1192,-1192
110900145,155,53,102
110900146,437,151,286
110900147,298,394,-96
110900148,24,540,-516
110900149,2,124,-122
110900150,69,40,29
110900151,10,108,-98
110900152,18,458,-440
110900153,140,53,87
111000001,595,314,281
111000002,775,915,-140
111000003,1780,1803,-23
111000004,1227,1619,-392
111000005,2870,2371,499
111000006,1820,2614,-794
111000007,9057,6405,2652
111000008,6117,5627,490
111000009,369,1370,-1001
111000010,1123,430,693
111000011,351,1064,-713
111000012,544,529,15
111000013,368,1183,-815
111000014,985,858,127
111000017,184,971,-787
111000018,339,523,-184
111000020,3281,3577,-296
111000021,131,248,-117
111000023,150,169,-19
111000025,11601,4146,7455
111000029,74,163,-89
111000030,49,192,-143
111000031,2789,1373,1416
111000032,699,370,329
111000033,466,274,192
111000034,681,212,469
111000037,4785,2011,2774
111000038,5680,4203,1477
111000039,3172,4327,-1155
111000040,2421,4573,-2152
111000041,2311,3149,-838
111000042,9660,3940,5720
111000043,3382,4211,-829
111000044,1908,1441,467
111000045,3068,3081,-13
111000046,2782,1963,819
111000047,3601,4808,-1207
111000049,674,1033,-359
111000050,2836,2495,341
111000051,709,1879,-1170
111000052,803,2547,-1744
111000053,601,1866,-1265
111000054,454,1809,-1355
111000055,1607,3109,-1502
111000056,125,924,-799
111000057,65,1139,-1074
111000058,344,178,166
111000059,390,426,-36
111000060,4138,1230,2908
111000061,716,445,271
111000062,932,330,602
111000063,1996,1211,785
111000064,686,843,-157
111000065,1349,1123,226
111000066,613,469,144
111000067,798,1056,-258
111000068,632,1312,-680
111000069,2547,3037,-490
111000070,2360,1427,933
111000071,148,981,-833
111000072,875,449,426
111000073,346,795,-449
111000074,1878,2369,-491
111000075,1076,1396,-320
111000076,678,1134,-456
111000077,1882,2099,-217
111000078,3301,1877,1424
111000079,1881,1287,594
111000080,564,1108,-544
111000081,3203,5154,-1951
111000082,796,1050,-254
111000084,926,881,45
111000085,1352,2172,-820
111000086,4952,1984,2968
111000087,824,1242,-418
111000088,11458,3229,8229
111000089,1087,1204,-117
111000090,1532,1970,-438
111000091,1018,1020,-2
111000092,1770,1479,291
111000093,906,1180,-274
111000094,2969,1338,1631
111000095,1052,3487,-2435
111000096,3413,10744,-7331
111000097,8593,1507,7086
111000098,775,1903,-1128
111000099,679,3505,-2826
111000100,495,3214,-2719
111000101,578,1350,-772
111000102,205,1160,-955
111000104,595,317,278
111000107,93,1342,-1249
111000109,669,353,316
111000110,2086,986,1100
111000111,2417,848,1569
111000112,2173,658,1515
111000113,842,1516,-674
111000114,1738,3836,-2098
111000115,11098,1831,9267
111000116,1125,1455,-330
111000117,675,1391,-716
111000118,2044,1604,440
111000119,1363,2567,-1204
111000120,511,833,-322
111000121,312,815,-503
111000122,953,1622,-669
111000123,1451,4831,-3380
111000124,696,4980,-4284
111000125,244,2860,-2616
111000126,115,1468,-1353
111000127,1001,233,768
111000128,1978,577,1401
111000129,3991,789,3202
111000130,2441,955,1486
111000131,1863,836,1027
111000132,1554,1015,539
111000133,159,179,-20
111000134,197,161,36
111000135,47,180,-133
111000136,452,457,-5
111000138,5,28,-23
111000140,0,9,-9
111000141,285,489,-204
111000142,9,146,-137
111000143,2,95,-93
111000144,24,133,-109
111000145,617,2,615
111000146,102,9,93
111000147,229,62,167
111000148,336,150,186
111000149,2,57,-55
111000150,12,13,-1
111000151,2,23,-21
111000153,746,984,-238
111000154,1055,328,727
111000155,112,291,-179
111000156,613,802,-189
111000157,170,1114,-944
111000158,1221,971,250
111000159,4371,1185,3186
111000160,345,590,-245
111000161,13,389,-376
111000162,11,239,-228
111000163,721,1329,-608
111000164,1346,4796,-3450
111000165,1764,670,1094
111000166,2433,683,1750
111000167,195,725,-530
111000168,322,694,-372
111000169,406,795,-389
111000170,665,617,48
111000171,649,1224,-575
111000172,175,656,-481
111000173,361,1486,-1125
111000174,206,1077,-871
111000175,49,468,-419
111000176,303,198,105
111000177,262,303,-41
111000178,1276,365,911
111000179,248,342,-94
111000180,298,498,-200
111000181,1073,517,556
111000182,158,381,-223
111000183,274,502,-228
111000184,429,377,52
111000185,408,669,-261
111000186,347,473,-126
111000187,151,427,-276
111000188,161,667,-506
111000189,2140,818,1322
111000190,303,743,-440
111000191,183,661,-478
111000192,365,789,-424
111000193,616,490,126
111000194,57,580,-523
111000195,125,680,-555
111000196,70,445,-375
111000197,364,249,115
111000198,369,156,213
111000199,194,222,-28
111000200,307,452,-145
111000201,546,333,213
111000202,218,278,-60
111000203,316,257,59
111000204,365,743,-378
111000213,268,508,-240
111000214,2096,2568,-472
111000215,1123,2042,-919
111000217,1673,1439,234
111000218,1358,1603,-245
111000219,729,347,382
111000220,4611,1047,3564
111000221,1759,290,1469
111000224,2,679,-677
111000225,327,47,280
111000226,390,3,387
111000227,84,7,77
111000228,20,375,-355
111000229,85,869,-784
111000230,590,1040,-450
111000231,1101,2002,-901
111000232,631,1359,-728
111000233,694,1031,-337
111000234,200,485,-285
111000239,169,394,-225
111000240,39,335,-296
111000241,69,704,-635
111000242,174,133,41
111000243,116,1126,-1010
111000244,457,234,223
111000245,991,1013,-22
111000246,469,1026,-557
111000247,243,1415,-1172
111000248,749,869,-120
111000249,535,1258,-723
111000250,66,247,-181
111000251,77,183,-106
111000253,40,27,13
111000255,24,29,-5
111000257,55,25,30
111000260,129,1687,-1558
111000261,1241,111,1130
111000271,51,382,-331
111000273,10890,2255,8635
111000274,1753,2797,-1044
111000275,184,97,87
111000276,401,3402,-3001
111000277,274,653,-379
111000278,887,420,467
111000291,744,7828,-7084
111000298,879,407,472
111000299,963,168,795
111000300,127,899,-772
111000302,365,186,179
111000303,130,467,-337
111000312,45,74,-29
111000315,0,24,-24
111000320,534,1028,-494
111000321,432,95,337
111000322,399,683,-284
111000323,175,33,142
111000324,464,493,-29
111000325,50,99,-49
111000326,228,499,-271
111000327,349,808,-459
111000328,275,705,-430
111000329,0,30,-30
111000330,36,45,-9
111000331,8,16,-8
111000332,558,2109,-1551
111000334,533,2416,-1883
111000335,667,256,411
111000337,1152,601,551
111000338,53,215,-162
111000339,571,840,-269
111000340,122,1513,-1391
111000341,1055,592,463
111000342,115,369,-254
111000344,1257,1141,116
111000345,272,63,209
111000346,29,148,-119
111000347,173,6,167
111000350,173,163,10
111000351,175,278,-103
111000352,168,263,-95
111000353,145,397,-252
111000354,631,346,285
111000355,458,1088,-630
111000358,205,2771,-2566
111000360,189,1492,-1303
111000361,149,707,-558
111000546,564,984,-420
111000547,455,1246,-791
111000548,108,352,-244
111000549,362,825,-463
111000550,93,772,-679
111000551,826,309,517
111000552,1242,75,1167
111000907,598,56,542
111000908,30,0,30
111000916,1688,471,1217
111000917,48,712,-664
111000918,219,1812,-1593
111000920,499,28,471
111000921,4,390,-386
111000922,502,427,75
111000924,38,1540,-1502
111000925,2086,3082,-996
111000926,1041,3079,-2038
111000927,3323,6292,-2969
111000928,7378,5811,1567
111000929,1135,1424,-289
111000930,1022,4191,-3169
111000931,2261,2953,-692
111000932,5779,3914,1865
111000933,4283,2559,1724
111000934,3483,5077,-1594
111000935,1572,1323,249
111000936,1510,3354,-1844
111000937,919,1622,-703
111000938,2666,3034,-368
111000939,479,56,423
111000940,459,256,203
111000941,376,998,-622
111000943,482,412,70
111000944,191,757,-566
111000945,122,3294,-3172
111001109,741,407,334
111001110,295,845,-550
111001111,48,14,34
111001112,262,3,259
111001113,0,148,-148
111001114,2556,221,2335
111001115,69,513,-444
111001116,8547,4635,3912
111001117,954,2095,-1141
111001120,114,615,-501
111001121,206,513,-307
111001122,40,569,-529
111900001,17,227,-210
111900002,16,1225,-1209
111900003,3,669,-666
111900004,38,250,-212
111900006,9,26,-17
111900007,83,6,77
111900008,139,1,138
111900009,157,278,-121
111900010,434,920,-486
111900012,196,243,-47
111900013,1,117,-116
111900014,11656,4228,7428
111900015,1,120,-119
111900016,0,237,-237
111900017,0,175,-175
111900018,117,4,113
111900019,3,139,-136
111900020,3,80,-77
111900021,25,166,-141
111900022,12,60,-48
111900023,133,62,71
111900024,1,80,-79
111900025,0,82,-82
111900026,1,110,-109
111900027,2,178,-176
111900028,0,649,-649
111900029,2,146,-144
111900030,123,585,-462
111900031,16,65,-49
111900032,5,579,-574
111900033,6,129,-123
111900034,367,610,-243
111900035,34,347,-313
111900036,0,555,-555
111900038,542,996,-454
111900039,81,792,-711
111900040,5,938,-933
111900042,87,235,-148
111900043,8,644,-636
111900044,363,498,-135
111900046,74,343,-269
111900048,198,1498,-1300
111900049,47,502,-455
111900050,133,28,105
111900051,2,418,-416
111900052,544,877,-333
111900053,2275,1341,934
111900054,175,2,173
111900055,37,1034,-997
111900056,412,260,152
111900057,88,42,46
111900058,356,1219,-863
111900059,4341,687,3654
111900060,370,15,355
111900061,24,547,-523
111900062,26,58,-32
111900063,213,367,-154
111900064,178,497,-319
111900065,118,40,78
111900066,188,212,-24
111900067,1,503,-502
111900068,68,77,-9
111900069,47,38,9
111900070,181,222,-41
111900071,1,456,-455
111900072,74,21,53
111900073,872,137,735
111900074,33,327,-294
111900075,81,9,72
111900076,184,62,122
111900077,28,5,23
111900078,293,18,275
111900079,33,23,10
111900080,336,285,51
111900081,1299,222,1077
111900082,164,16,148
111900083,114,20,94
111900084,51,1,50
111900085,75,163,-88
111900086,80,2,78
111900087,28,0,28
111900088,476,10,466
111900089,75,6,69
111900090,111,63,48
111900091,202,8,194
111900092,82,0,82
111900093,370,5,365
111900094,148,0,148
111900095,211,29,182
111900096,145,2,143
111900097,44,0,44
111900098,163,1,162
111900099,52,0,52
111900100,70,5,65
111900101,95,19,76
111900102,464,1098,-634
111900103,152,106,46
111900104,158,64,94
111900105,594,459,135
111900106,2921,171,2750
111900107,129,222,-93
111900108,236,159,77
111900109,933,365,568
111900110,4298,508,3790
111900111,91,227,-136
111900112,1427,2544,-1117
111900113,374,56,318
111900114,173,122,51
111900115,17,67,-50
111900118,310,127,183
111900119,377,141,236
111900122,52,27,25
111900123,11,30,-19
111900124,27,116,-89
111900125,565,34,531
111900126,343,8,335
111900127,3,1216,-1213
111900128,6,911,-905
111900129,297,7,290
111900130,367,17,350
111900131,456,7,449
111900132,42,2311,-2269
111900133,8,814,-806
111900134,42,428,-386
111900135,15,49,-34
111900136,91,210,-119
111900137,56,65,-9
111900138,37,96,-59
111900139,7,131,-124
111900140,109,29,80
111900141,69,9,60
111900142,122,52,70
111900143,44,227,-183
111900144,0,224,-224
111900145,2,877,-875
111900146,3,467,-464
111900147,259,821,-562
111900148,33,1316,-1283
111900149,6,587,-581
111900150,23,272,-249
111900151,2,41,-39
111900152,129,106,23
111900153,2511,481,2030
111900154,13,329,-316
111900155,50,94,-44
111900156,55,80,-25
111900157,91,15,76
111900158,557,44,513
111900159,263,23,240
111900160,344,2,342
111900161,122,10,112
111900162,93,248,-155
111900163,42,467,-425
111900164,101,104,-3
111901113,434,364,70
111901114,135,516,-381
111901115,110,2,108
111901116,52,8,44
111901117,29,53,-24
111901118,191,184,7
111901119,1791,158,1633
111901120,124,413,-289
111901121,299,589,-290
111901122,4,745,-741
111901123,196,615,-419
111901124,148,0,148
111901125,195,38,157
111901126,151,64,87
111901127,1471,612,859
111901128,23,194,-171
111901129,5,279,-274
111901130,18,439,-421
111901131,1,313,-312
111901132,152,23,129
111901133,21,14,7
111901134,90,5,85
111901135,30,20,10
111901136,82,50,32
111901137,1,29,-28
111901138,139,109,30
111901139,21,97,-76
111901140,9,282,-273
111901141,10,570,-560
111901142,14,265,-251
111901143,8,144,-136
111901144,24,50,-26
112000001,2614,1662,952
112000002,1043,4206,-3163
112000003,1590,1874,-284
112000004,1152,2837,-1685
112000005,3576,3471,105
112000006,3156,3803,-647
112000007,2994,2368,626
112000008,3520,5741,-2221
112000009,6066,6395,-329
112000010,3920,4469,-549
112000011,2942,4082,-1140
112000012,8054,4405,3649
112000013,7629,5556,2073
112000014,4706,1428,3278
112000015,4737,5110,-373
112000016,9083,1461,7622
112000017,4342,3216,1126
112000024,3340,1249,2091
112000026,7344,8493,-1149
112000027,1480,779,701
112000028,2930,2904,26
112000029,599,1239,-640
112000030,221,156,65
112000031,2700,6363,-3663
112000032,626,128,498
112000033,3152,2104,1048
112000034,362,88,274
112000035,119,453,-334
112000036,1388,1338,50
112000037,1868,1094,774
112000038,1917,1472,445
112000039,92,113,-21
112000040,201,350,-149
112000041,709,698,11
112000042,2338,533,1805
112000050,1444,2544,-1100
112000051,1218,1693,-475
112000054,3525,4628,-1103
112000057,739,592,147
112000058,481,967,-486
112000059,832,1159,-327
112000061,6179,3060,3119
112000062,2654,1274,1380
112000063,2792,2848,-56
112000064,6648,9296,-2648
112000065,3124,4135,-1011
112000066,4686,1734,2952
112000067,1115,1025,90
112000068,4117,2584,1533
112000069,1048,3217,-2169
112000070,2967,1364,1603
112000071,1370,4092,-2722
112000072,2611,1457,1154
112000073,3228,2633,595
112000074,2360,1366,994
112000075,1739,1765,-26
112000076,4722,3940,782
112000077,497,960,-463
112000078,1951,1006,945
112000079,1990,1963,27
112000080,812,1208,-396
112000081,1795,3105,-1310
112000082,1915,1043,872
112000083,797,2285,-1488
112000084,1608,1168,440
112000085,1513,1989,-476
112000086,2345,2518,-173
112000087,355,625,-270
112000088,499,1038,-539
112000089,368,406,-38
112000090,388,543,-155
112000091,712,1802,-1090
112000092,1971,1492,479
112000093,2451,1630,821
112000094,691,1375,-684
112000095,902,1281,-379
112000096,556,1102,-546
112000097,1278,726,552
112000098,1596,2543,-947
112000099,1136,1405,-269
112000100,1984,1496,488
112000101,684,1535,-851
112000102,1123,912,211
112000103,478,1873,-1395
112000105,648,2696,-2048
112000106,1680,674,1006
112000107,14,296,-282
112000108,342,2366,-2024
112000109,72,99,-27
112000110,1564,631,933
112000111,1724,5519,-3795
112000112,5120,890,4230
112000113,1398,2817,-1419
112000114,3376,1738,1638
112000115,384,766,-382
112000116,978,1762,-784
112000117,1796,1321,475
112000118,1504,1244,260
112000119,760,1344,-584
112000120,120,620,-500
112000121,130,996,-866
112000122,205,220,-15
112000123,688,192,496
112000124,343,83,260
112000125,208,213,-5
112000126,217,1123,-906
112000127,3505,2638,867
112000128,1394,1201,193
112000129,128,183,-55
112000130,183,82,101
112000131,35,680,-645
112000132,128,442,-314
112000133,448,521,-73
112000134,581,549,32
112000135,1030,1066,-36
112000136,1577,1680,-103
112000137,1533,2206,-673
112000138,1949,1590,359
112000139,1397,452,945
112000140,1380,1501,-121
112000141,1191,400,791
112000142,215,1175,-960
112000143,1167,396,771
112000144,359,2111,-1752
112000145,2484,1032,1452
112000146,954,3201,-2247
112000147,2296,2424,-128
112000148,2225,3249,-1024
112000149,413,1129,-716
112000150,155,1102,-947
112000151,423,1097,-674
112000152,339,724,-385
112000153,253,497,-244
112000154,184,247,-63
112000155,430,169,261
112000157,1939,873,1066
112000158,321,1470,-1149
112000159,575,548,27
112000167,534,66,468
112000169,1859,675,1184
112000173,823,295,528
112000175,542,675,-133
112000176,5797,3539,2258
112000177,842,219,623
112000178,107,837,-730
112000179,228,194,34
112000180,447,486,-39
112000181,1988,3013,-1025
112000182,1235,3240,-2005
112000183,80,86,-6
112000184,369,1122,-753
112000185,589,865,-276
112000187,7899,5011,2888
112000195,258,31,227
112000196,393,2,391
112000197,258,140,118
112000198,28,461,-433
112000199,248,1278,-1030
112000202,367,0,367
112000216,74,368,-294
112000230,82,8,74
112000231,5,406,-401
112000256,104,244,-140
112000313,257,223,34
112000314,43,46,-3
112000337,422,948,-526
112000352,522,442,80
112000392,2819,2670,149
112000398,1599,1108,491
112000399,14061,3843,10218
112000400,2831,5914,-3083
112000401,3690,4677,-987
112000402,3211,3299,-88
112000403,6785,3840,2945
112000404,705,952,-247
112000405,2160,3709,-1549
112000406,5372,4772,600
112000407,6934,10110,-3176
112000408,12829,11578,1251
112000409,2576,7906,-5330
112000410,587,252,335
112000411,8592,1726,6866
112000412,2092,851,1241
112000413,16097,6566,9531
112000414,110,181,-71
112000415,101,113,-12
112000416,2669,1801,868
112000417,245,87,158
112000421,42,292,-250
112000422,473,1132,-659
112000424,4869,3661,1208
112000425,656,1534,-878
112000426,204,484,-280
112000427,0,15,-15
112000428,196,820,-624
112000429,4239,5563,-1324
112000430,5804,4741,1063
112000431,64,189,-125
112000432,916,2775,-1859
112000433,782,1688,-906
112000437,69,385,-316
112900001,61,0,61
112900002,437,1810,-1373
112900003,35,475,-440
112900004,84,434,-350
112900005,223,281,-58
112900006,11,776,-765
112900007,42,357,-315
112900008,0,63,-63
112900009,587,173,414
112900010,383,1244,-861
112900011,368,425,-57
112900012,1,86,-85
112900013,7,390,-383
112900014,8,430,-422
112900015,495,1492,-997
112900016,4,402,-398
112900017,65,468,-403
112900018,1,529,-528
112900019,116,331,-215
112900020,668,2471,-1803
112900021,4,368,-364
112900022,11,176,-165
112900023,2,338,-336
112900024,35,397,-362
112900025,215,573,-358
112900026,11,448,-437
112900027,6,1800,-1794
112900028,28,242,-214
112900029,13,1000,-987
112900030,302,345,-43
112900031,8,903,-895
112900032,188,543,-355
112900034,3,133,-130
112900035,5,664,-659
112900036,46,293,-247
112900037,340,178,162
112900038,876,297,579
112900039,31,539,-508
112900040,10,533,-523
112900041,2463,2114,349
112900042,46,902,-856
112900043,48,85,-37
112900044,1013,795,218
112900045,605,584,21
112900046,342,126,216
112900047,24,32,-8
112900049,188,112,76
112900050,127,1031,-904
112900051,442,1417,-975
112900052,13,1846,-1833
112900053,498,214,284
112900054,342,50,292
112900055,232,47,185
112900056,594,241,353
112900057,10,1126,-1116
112900058,462,393,69
112900059,210,201,9
112900060,25,434,-409
112900061,138,253,-115
112900062,81,280,-199
112900063,132,17,115
112900064,317,311,6
112900065,68,25,43
112900066,330,217,113
112900067,853,304,549
112900068,48,44,4
112900069,4183,914,3269
112900071,25,1,24
112900072,585,2121,-1536
112900073,568,148,420
112900074,125,264,-139
112900075,3421,1135,2286
112900076,133,16,117
112900078,394,562,-168
112900079,326,30,296
112900080,36,5,31
112900081,44,236,-192
112900082,597,32,565
112900083,159,76,83
112900084,353,152,201
112900085,0,18,-18
112900086,44,0,44
112900087,933,184,749
112900088,126,19,107
112900089,1375,20,1355
112900090,59,23,36
112900091,275,8,267
112900092,267,373,-106
112900093,1599,22,1577
112900094,108,3,105
112900095,26,0,26
112900096,433,190,243
112900097,102,770,-668
112900098,199,1,198
112900099,946,16,930
112900100,67,0,67
112900101,209,2,207
112900102,204,10,194
112900103,203,3,200
112900104,64,1,63
112900105,14,0,14
112900106,556,181,375
112900107,5,1,4
112900108,25,1,24
112900109,100,0,100
112900110,1012,9,1003
112900111,747,3,744
112900112,467,2,465
112900113,0,17,-17
112900114,111,43,68
112900115,1049,7,1042
112900116,55,41,14
112900117,168,153,15
112900118,44,148,-104
112900119,153,6,147
112900120,1243,451,792
112900121,466,329,137
112900122,11,264,-253
112900123,149,33,116
112900124,15,284,-269
112900125,98,854,-756
112900126,219,341,-122
112900127,460,88,372
112900128,644,1169,-525
112900129,4,1616,-1612
112900130,381,86,295
112900131,60,310,-250
112900132,123,587,-464
112900133,45,1937,-1892
112900134,0,460,-460
112900135,85,53,32
112900136,1,82,-81
112900137,5,1050,-1045
112900138,12,737,-725
112900139,358,2285,-1927
112900140,0,126,-126
112900141,1293,68,1225
112900142,105,169,-64
112900143,107,884,-777
112900144,4,493,-489
112900145,48,887,-839
112900146,13,2171,-2158
112900147,8,3283,-3275
112900148,65,2,63
112900149,331,641,-310
112900151,18,64,-46
112900152,6596,1446,5150
112900153,2903,2746,157
112900154,1,114,-113
112900155,387,25,362
112900156,477,2462,-1985
112900157,227,5,222
112900158,48,20,28
112900159,356,110,246
112900160,88,428,-340
112900161,136,41,95
112900162,42,33,9
112900163,234,31,203
112900164,45,179,-134
112900165,189,78,111
112900166,77,65,12
112900167,5,60,-55
112900168,5,6,-1
112900169,9,16,-7
112900170,42,159,-117
112900172,100,16,84
112900173,369,218,151
112900174,383,80,303
112900175,208,242,-34
112900176,5,19,-14
112900177,222,65,157
112900178,975,3826,-2851
112900179,49,815,-766
112900180,3091,2616,475
112900181,588,2,586
112900182,47,1991,-1944
112900183,209,391,-182
112900184,755,672,83
112900185,560,863,-303
112900186,2415,1528,887
112900187,186,556,-370
112900188,1414,628,786
112900189,35,49,-14
112900190,9,87,-78
112900192,965,929,36
112900193,1931,616,1315
112900194,53,188,-135
112900195,1901,83,1818
112900196,485,872,-387
112900197,260,661,-401
112900199,608,1073,-465
112900200,747,509,238
112900201,90,191,-101
112900202,513,1413,-900
112900203,181,571,-390
112900204,1470,786,684
112900205,5,22,-17
112900206,2,70,-68
112900207,7,1,6
112900208,75,334,-259
112900209,679,672,7
112900210,1,37,-36
112900211,171,79,92
112900212,2,87,-85
112900213,23,13,10
112900214,46,10,36
112900215,15,326,-311
112900216,45,185,-140
112900217,19,78,-59
112900218,33,13,20
112900219,58,12,46
112900220,0,0,0
112900221,14,265,-251
112900222,0,72,-72
112900223,1727,26,1701
112900224,330,1301,-971
112900225,461,889,-428
112900226,359,491,-132
112900227,547,1901,-1354
112900228,51,51,0
112900229,169,63,106
112900230,12692,6694,5998
112900232,294,359,-65
112900233,71,332,-261
112900234,16,218,-202
112900235,118,48,70
112900236,293,24,269
112900237,144,519,-375
112900238,2,59,-57
113000001,8850,13947,-5097
113000002,5706,6791,-1085
113000003,3279,5805,-2526
113000004,3372,5412,-2040
113000005,3429,2669,760
113000006,2819,3260,-441
113000007,3443,2605,838
113000008,3710,3440,270
113000009,1452,1774,-322
113000010,1571,3054,-1483
113000011,1357,2232,-875
113000012,1965,2233,-268
113000013,1978,1211,767
113000014,2138,1677,461
113000015,806,275,531
113000016,973,873,100
113000017,86,340,-254
113000018,609,149,460
113000019,239,369,-130
113000020,238,22,216
113000021,5683,1161,4522
113000022,1074,1994,-920
113000025,72,425,-353
113000026,953,741,212
113000027,4508,634,3874
113000028,4068,819,3249
113000029,1473,1112,361
113000030,757,1162,-405
113000031,356,517,-161
113000032,454,493,-39
113000033,466,702,-236
113000034,668,737,-69
113000035,34,114,-80
113000036,42,91,-49
113000037,154,81,73
113000038,23,101,-78
113000039,138,1688,-1550
113000040,62,108,-46
113000042,1624,1050,574
113000051,1254,4169,-2915
113000052,3729,2452,1277
113000053,602,1079,-477
113000054,467,1757,-1290
113000055,1847,1464,383
113000056,1369,1926,-557
113000058,1369,1217,152
113000059,1851,1107,744
113000060,240,755,-515
113000061,1081,1472,-391
113000062,2300,443,1857
113000063,146,514,-368
113000064,47,828,-781
113000065,256,1911,-1655
113000066,991,259,732
113000067,2667,2378,289
113000068,538,3088,-2550
113000069,891,2145,-1254
113000070,3081,1815,1266
113000071,513,1144,-631
113000072,910,928,-18
113000073,1256,2862,-1606
113000074,1631,1062,569
113000075,3631,1298,2333
113000076,2467,2722,-255
113000077,2160,789,1371
113000078,1534,4342,-2808
113000079,954,1389,-435
113000080,943,925,18
113000081,1277,1596,-319
113000082,2451,1201,1250
113000083,734,1361,-627
113000084,3048,1950,1098
113000085,1357,1085,272
113000086,1681,2033,-352
113000087,1253,1414,-161
113000088,5487,2266,3221
113000089,1246,2654,-1408
113000090,578,1275,-697
113000091,1001,566,435
113000094,2604,308,2296
113000095,684,1671,-987
113000096,296,1458,-1162
113000097,2167,636,1531
113000098,270,59,211
113000099,2920,589,2331
113000100,284,737,-453
113000101,820,1026,-206
113000102,1247,555,692
113000103,4988,955,4033
113000104,718,5611,-4893
113000105,1448,908,540
113000106,896,1047,-151
113000107,1535,1747,-212
113000108,1908,2424,-516
113000109,1117,9807,-8690
113000110,2501,703,1798
113000111,416,1827,-1411
113000112,387,472,-85
113000113,2247,385,1862
113000114,442,3585,-3143
113000116,1108,397,711
113000117,1801,168,1633
113000118,410,861,-451
113000119,430,694,-264
113000120,105,413,-308
113000121,930,1697,-767
113000124,318,165,153
113000125,103,1025,-922
113000127,6080,896,5184
113000128,821,1145,-324
113000129,947,2650,-1703
113000133,6591,3033,3558
113000134,13,2453,-2440
113000135,4841,6255,-1414
113000137,2972,4608,-1636
113000139,621,257,364
113000140,181,502,-321
113000141,482,294,188
113000142,833,1897,-1064
113000143,471,335,136
113000144,526,1112,-586
113000145,88,264,-176
113000146,171,171,0
113000147,310,400,-90
113000148,251,322,-71
113000149,130,377,-247
113000150,1009,870,139
113000151,190,204,-14
113000152,48,238,-190
113000153,2899,938,1961
113000154,1045,3076,-2031
113000155,432,942,-510
113000156,177,707,-530
113000157,385,1495,-1110
113000158,1009,342,667
113000159,1241,1041,200
113000160,694,2044,-1350
113000161,327,935,-608
113000162,921,784,137
113000163,133,79,54
113000164,32,167,-135
113000166,142,130,12
113000167,46,262,-216
113000168,100,271,-171
113000169,191,134,57
113000170,154,179,-25
113000171,68,111,-43
113000172,291,102,189
113000173,44,29,15
113000174,140,853,-713
113000175,584,248,336
113000176,676,254,422
113000177,250,764,-514
113000178,218,679,-461
113000179,497,275,222
113000180,1362,2617,-1255
113000181,1325,1489,-164
113000182,353,1206,-853
113000183,273,981,-708
113000184,48,214,-166
113000189,782,1234,-452
113000190,1738,952,786
113000192,4403,2268,2135
113000193,12882,1483,11399
113000194,5341,1555,3786
113000195,8182,1050,7132
113000196,327,201,126
113000197,4840,1924,2916
113000198,92,483,-391
113000199,2316,793,1523
113000201,2557,309,2248
113000202,7429,9509,-2080
113000203,1082,329,753
113000204,3983,2659,1324
113000205,61,61,0
113000206,19,49,-30
113000207,196,31,165
113000208,98,81,17
113000209,118,47,71
113000210,8,63,-55
113000211,558,263,295
113000212,539,64,475
113000213,39,475,-436
113000214,381,627,-246
113000234,166,2245,-2079
113000410,313,420,-107
113000411,4402,7879,-3477
113000412,13806,3993,9813
113000413,6363,4565,1798
113000414,12955,20572,-7617
113000415,4101,5849,-1748
113000416,14629,8150,6479
113000417,5256,7202,-1946
113000418,5551,4167,1384
113000419,2668,3512,-844
113000420,5695,8468,-2773
113000421,5705,9643,-3938
113000422,21527,19421,2106
113000423,4576,8033,-3457
113000424,6083,17570,-11487
113000425,24,240,-216
113000428,93,9,84
113000430,53,17,36
113000432,3708,210,3498
113000433,150,1486,-1336
113000434,28,353,-325
113000435,30,1197,-1167
113000436,66,2174,-2108
113000437,1038,21,1017
113000438,354,20,334
113000439,15,213,-198
113000440,113,44,69
113000441,219,364,-145
113000442,219,293,-74
113000443,204,563,-359
113000444,172,351,-179
113000445,96,328,-232
113000446,14,126,-112
113000448,273,808,-535
113000449,608,1761,-1153
113000450,1920,12092,-10172
113000451,2718,450,2268
113000452,763,1242,-479
113000453,75,471,-396
113000454,5480,52,5428
113000455,22,265,-243
113000456,6779,4366,2413
113000468,4650,516,4134
113000469,1376,631,745
113000470,1072,180,892
113000471,26,1112,-1086
113000472,197,474,-277
113000474,395,1161,-766
113000475,2311,3573,-1262
113000476,1362,2835,-1473
113000477,3370,3029,341
113000478,5912,10206,-4294
113000479,103,402,-299
113000480,575,141,434
113000482,0,0,0
113000483,0,0,0
113000485,0,0,0
113000486,0,0,0
113000487,0,0,0
113000488,0,0,0
113000489,0,0,0
113000490,0,0,0
113000491,0,2,-2
113000492,0,0,0
113000493,0,0,0
113000495,205,249,-44
113000496,84,132,-48
113000497,0,0,0
113000500,0,5,-5
113900001,11,494,-483
113900002,2,328,-326
113900003,1,295,-294
113900004,1,152,-151
113900005,8,92,-84
113900006,3,55,-52
113900007,849,63,786
113900008,908,0,908
113900009,1972,5,1967
113900010,1005,6,999
113900011,107,14,93
113900012,68,4,64
113900013,2159,41,2118
113900014,709,3,706
113900015,0,73,-73
113900016,39,0,39
113900017,1,102,-101
113900018,774,261,513
113900019,205,73,132
113900020,181,2,179
113900022,51,0,51
113900023,24,0,24
113900024,76,172,-96
113900025,490,63,427
113900026,115,0,115
113900027,9,173,-164
113900028,40,789,-749
113900029,65,413,-348
113900030,305,6,299
113900031,19,6,13
113900032,20,0,20
113900033,93,185,-92
113900035,60,2,58
113900036,20,232,-212
113900037,108,739,-631
113900038,120,202,-82
113900039,208,19,189
113900040,12,15,-3
113900041,5,3,2
113900042,122,70,52
113900043,394,216,178
113900044,261,221,40
113900045,81,5,76
113900046,404,1026,-622
113900047,84,227,-143
113900048,384,154,230
113900049,1224,535,689
113900050,321,759,-438
113900051,468,805,-337
113900052,252,193,59
113900053,963,895,68
113900054,43,1,42
113900055,170,803,-633
113900056,158,331,-173
113900057,25,420,-395
113900058,142,369,-227
113900059,531,651,-120
113900060,103,397,-294
113900061,1570,312,1258
113900062,151,36,115
113900063,124,253,-129
113900064,82,348,-266
113900065,713,45,668
113900066,518,683,-165
113900067,187,530,-343
113900068,769,669,100
113900069,140,40,100
113900070,312,706,-394
113900071,95,119,-24
113900072,124,301,-177
113900073,412,421,-9
113900074,101,511,-410
113900075,1708,1651,57
113900076,249,15,234
113900077,58,279,-221
113900078,58,108,-50
113900079,0,117,-117
113900080,748,343,405
113900081,98,439,-341
113900082,236,480,-244
113900083,328,972,-644
113900084,443,219,224
113900085,69,422,-353
113900086,59,44,15
113900087,77,273,-196
113900088,45,95,-50
113900089,600,98,502
113900090,1088,600,488
113900091,52,81,-29
113900092,40,159,-119
113900093,234,1616,-1382
113900094,634,747,-113
113900095,288,170,118
113900096,312,85,227
113900097,20,192,-172
113900098,1183,210,973
113900099,2,178,-176
113900100,0,3,-3
113900101,20,109,-89
113900102,347,218,129
113900103,673,367,306
113900104,205,198,7
113900105,95,460,-365
113900106,2,210,-208
113900107,4,49,-45
113900108,441,412,29
113900109,769,244,525
113900110,135,24,111
113900111,148,169,-21
113900112,194,127,67
113900113,1325,763,562
113900114,3,242,-239
113900115,3,166,-163
113900116,202,244,-42
113900117,211,47,164
113900118,422,598,-176
113900119,399,683,-284
113900120,119,65,54
113900121,66,175,-109
113900122,671,2870,-2199
113900123,905,306,599
113900124,7,105,-98
113900125,2943,329,2614
113900126,229,80,149
113900127,378,1102,-724
113900128,252,117,135
113900129,16,220,-204
113900130,2,36,-34
113900131,312,157,155
113900132,143,106,37
113900133,37,58,-21
113900135,448,734,-286
113900136,162,127,35
113900137,721,436,285
113900138,94,296,-202
113900139,862,190,672
113900140,611,470,141
113900141,657,895,-238
113900142,210,197,13
113900143,18,51,-33
113900144,486,360,126
113900145,658,386,272
113900146,167,117,50
113900148,282,550,-268
113900149,271,157,114
113900150,1435,1119,316
113900151,597,480,117
113900152,34,91,-57
113900153,590,1133,-543
113900154,8,166,-158
113900155,309,199,110
113900156,372,936,-564
113900157,35,440,-405
113900158,755,553,202
113900159,28,334,-306
113900160,737,911,-174
113900161,121,392,-271
113900162,709,1215,-506
113900163,638,430,208
113900164,355,81,274
113900165,1325,746,579
113900166,381,273,108
113900167,284,52,232
113900168,270,172,98
113900169,425,630,-205
113900171,250,117,133
113900172,28,295,-267
113900173,90,1107,-1017
113900174,730,1015,-285
113900175,495,271,224
113900176,444,1101,-657
113900177,783,404,379
113900178,557,190,367
113900179,20,1111,-1091
113900180,315,156,159
113900181,1727,216,1511
113900182,1012,1534,-522
113900183,238,156,82
113900184,32,901,-869
113900185,344,142,202
113900186,61,74,-13
113900187,43,241,-198
113900188,54,290,-236
113900189,504,132,372
113900190,513,200,313
113900191,251,453,-202
113900192,10,1043,-1033
113900193,29,347,-318
113900194,3928,1954,1974
113900195,419,788,-369
113900196,0,174,-174
113900197,3,428,-425
113900198,41,198,-157
113900199,262,1243,-981
113900200,18,391,-373
113900201,3,388,-385
113900202,59,568,-509
113900203,1,236,-235
113900204,84,1014,-930
113900205,6,282,-276
113900206,17,177,-160
113900207,1,81,-80
113900208,0,74,-74
113900209,1,88,-87
113900210,1002,1263,-261
113900211,254,93,161
113900212,281,1021,-740
113900214,886,655,231
113900215,96,274,-178
113900216,177,1683,-1506
113900217,69,442,-373
113900218,166,53,113
113900219,198,801,-603
113900220,334,204,130
113900221,849,273,576
113900222,406,880,-474
113900223,178,1539,-1361
113900224,135,113,22
113900225,1108,477,631
113900226,439,313,126
113900227,564,397,167
113900228,450,612,-162
113900229,92,1176,-1084
113900230,8082,5267,2815
113900231,300,441,-141
113900232,126,135,-9
113900233,184,113,71
113900234,603,817,-214
113900235,102,34,68
113900236,179,644,-465
113900237,185,21,164
113900238,588,914,-326
113900239,327,143,184
113900240,14,245,-231
113900241,252,117,135
113900242,62,255,-193
113900243,190,833,-643
113900244,907,314,593
113900245,2109,452,1657
113900246,38,33,5
113900247,196,551,-355
113900248,5348,3200,2148
113900249,2073,618,1455
113900250,121,276,-155
113900251,746,329,417
113900252,635,21,614
113900253,1120,90,1030
113900254,1231,238,993
113900255,572,37,535
113900256,487,58,429
113900257,64,1068,-1004
113900258,31,967,-936
113900259,580,481,99
113900260,261,46,215
113900261,35,170,-135
113900262,254,1130,-876
113900263,346,1064,-718
113900264,12,898,-886
113900265,263,452,-189
113900266,33,397,-364
113900267,194,707,-513
113900268,507,574,-67
113900269,72,256,-184
113900270,631,631,0
113900271,885,2040,-1155
113900273,124,17,107
113900274,80,19,61
113900275,42,90,-48
113900276,4,379,-375
113900277,172,9,163
113900278,389,271,118
113900279,161,181,-20
113900280,1644,754,890
113900281,626,1854,-1228
113900282,1336,903,433
113900283,623,674,-51
113900284,1135,293,842
113900285,144,25,119
113900286,192,213,-21
113900287,63,280,-217
113900288,0,99,-99
113900289,2057,176,1881
113900290,691,269,422
113900291,185,252,-67
113900292,29,33,-4
113900293,5,499,-494
113900294,622,24,598
113900295,672,613,59
113900296,4039,655,3384
113900297,2550,118,2432
113900298,14,2418,-2404
113900299,86,268,-182
113900300,10231,6091,4140
113900301,1815,642,1173
113900302,3732,1359,2373
113900303,1053,526,527
113900304,1,243,-242
113900305,113,1,112
113900306,35,1,34
113900307,108,0,108
113900308,147,220,-73
113900309,4,1277,-1273
113900310,0,12,-12
113900311,3,0,3
113900312,194,236,-42
113900313,35,25,10
114000001,1764,7087,-5323
114000002,272,793,-521
114000003,45,495,-450
114000004,108,228,-120
114000005,268,427,-159
114000006,4807,3750,1057
114000007,1269,2510,-1241
114000008,2581,2332,249
114000009,928,347,581
114000011,3676,6089,-2413
114000012,3239,4738,-1499
114000013,2251,3643,-1392
114000014,636,655,-19
114000015,2119,872,1247
114000016,294,544,-250
114000017,253,233,20
114000018,933,90,843
114000026,2100,2772,-672
114000027,3921,3624,297
114000028,3747,4152,-405
114000038,386,247,139
114000039,127,147,-20
114000040,120,380,-260
114000042,191,319,-128
114000043,71,272,-201
114000044,174,83,91
114000045,102,146,-44
114000046,4754,7671,-2917
114000047,46,122,-76
114000048,360,109,251
114000049,2678,2367,311
114000050,2859,2801,58
114000051,4825,2909,1916
114000052,5973,2423,3550
114000053,209,880,-671
114000054,277,2249,-1972
114000055,407,49,358
114000056,1954,1110,844
114000057,17403,4301,13102
114000058,1105,2257,-1152
114000059,507,612,-105
114000060,1433,1198,235
114000061,6676,3587,3089
114000062,4602,2112,2490
114000063,4478,2819,1659
114000064,10958,5767,5191
114000065,2691,4463,-1772
114000066,576,980,-404
114000067,76,1270,-1194
114000068,564,1116,-552
114000069,2202,907,1295
114000070,3641,2804,837
114000071,1281,963,318
114000072,494,759,-265
114000073,8,165,-157
114000074,75,20,55
114000075,86,297,-211
114000076,22,238,-216
114000077,17,118,-101
114000078,317,1339,-1022
114000079,98,29,69
114000080,115,193,-78
114000081,93,108,-15
114000082,94,950,-856
114000083,76,431,-355
114000084,435,161,274
114000085,150,1346,-1196
114000086,378,984,-606
114000087,114,383,-269
114000088,76,111,-35
114000089,2821,874,1947
114000090,1246,1021,225
114000091,3449,1015,2434
114000092,1914,676,1238
114000093,1761,1057,704
114000094,562,604,-42
114000095,395,182,213
114000096,230,533,-303
114000097,199,1170,-971
114000098,612,133,479
114000099,767,1393,-626
114000100,1697,1491,206
114000101,545,1454,-909
114000102,451,534,-83
114000103,190,823,-633
114000104,13,635,-622
114000105,158,145,13
114000106,2211,1305,906
114000107,381,209,172
114000108,3868,2038,1830
114000109,517,1214,-697
114000110,815,2848,-2033
114000111,1849,984,865
114000112,375,2386,-2011
114000113,1044,497,547
114000114,1592,2369,-777
114000115,2760,1213,1547
114000116,782,2143,-1361
114000117,3836,744,3092
114000118,2968,666,2302
114000119,2322,742,1580
114000120,1046,1394,-348
114000121,673,1114,-441
114000122,564,374,190
114000123,2248,402,1846
114000124,1728,488,1240
114000125,969,2589,-1620
114000126,1798,267,1531
114000127,162,350,-188
114000128,1282,796,486
114000130,569,759,-190
114000131,304,138,166
114000132,853,1079,-226
114000133,1572,2467,-895
114000134,126,344,-218
114000138,85,385,-300
114000139,772,272,500
114000144,1250,652,598
114000145,173,353,-180
114000146,154,478,-324
114000147,1757,2426,-669
114000148,3487,2625,862
114000149,486,407,79
114000150,1344,960,384
114000151,1624,1686,-62
114000152,249,59,190
114000153,1417,2567,-1150
114000154,1643,1035,608
114000155,1968,3735,-1767
114000156,1931,800,1131
114000157,516,1566,-1050
114000158,3623,1205,2418
114000159,242,674,-432
114000160,164,366,-202
114000161,2989,3812,-823
114000162,1461,2828,-1367
114000163,16,217,-201
114000165,799,238,561
114000166,1454,481,973
114000167,7307,1904,5403
114000168,1308,1128,180
114000169,3292,1275,2017
114000170,1953,1588,365
114000171,1407,4216,-2809
114000174,372,891,-519
114000176,1401,636,765
114000177,4103,1296,2807
114000178,56,117,-61
114000179,2072,1252,820
114000180,892,1138,-246
114000181,2387,4760,-2373
114000182,9629,3954,5675
114000183,1599,1637,-38
114000184,10606,2185,8421
114000185,1423,1427,-4
114000189,1025,202,823
114000190,2999,404,2595
114000191,77,87,-10
114000192,470,3105,-2635
114000193,1349,5325,-3976
114000194,1990,1767,223
114000195,204,38,166
114000196,4,515,-511
114000197,1609,14,1595
114000198,1849,591,1258
114000199,3524,1861,1663
114000200,816,3651,-2835
114000201,489,1501,-1012
114000202,1760,1191,569
114000203,814,1282,-468
114000204,147,788,-641
114000205,321,2886,-2565
114000206,803,1960,-1157
114000207,1033,3474,-2441
114000208,872,5615,-4743
114000209,1046,4852,-3806
114000210,454,2680,-2226
114000211,1380,2655,-1275
114000212,1306,1174,132
114000213,1848,1067,781
114000214,128,318,-190
114000215,309,140,169
114000216,1929,572,1357
114000217,273,574,-301
114000218,206,409,-203
114000219,1536,378,1158
114000220,34,1646,-1612
114000221,795,281,514
114000222,326,1782,-1456
114000223,692,189,503
114000224,148,1375,-1227
114000225,387,837,-450
114000226,174,377,-203
114000227,1178,609,569
114000228,1068,1403,-335
114000229,1541,2005,-464
114000230,2275,2273,2
114000231,1267,2041,-774
114000232,727,185,542
114000233,2762,193,2569
114000234,1501,1627,-126
114000235,1331,2178,-847
114000236,0,905,-905
114000237,116,1733,-1617
114000238,158,462,-304
114000239,316,2265,-1949
114000240,1134,1087,47
114000241,485,1654,-1169
114000242,1409,1715,-306
114000243,2655,1378,1277
114000244,1299,552,747
114000245,486,910,-424
114000246,292,57,235
114000247,1115,1205,-90
114000248,1485,1018,467
114000249,748,697,51
114000250,621,1007,-386
114000251,425,549,-124
114000252,105,217,-112
114000253,56,543,-487
114000254,30,145,-115
114000255,1598,475,1123
114000256,4163,2526,1637
114000257,721,2611,-1890
114000258,438,634,-196
114000259,110,450,-340
114000260,0,45,-45
114000261,96,43,53
114000262,171,227,-56
114000263,33,5,28
114000264,1506,1115,391
114000265,0,29,-29
114000267,8,2370,-2362
114000268,7,2725,-2718
114000270,153,8,145
114000271,862,150,712
114000283,1186,619,567
114000285,58,433,-375
114000288,49,660,-611
114000289,1614,206,1408
114000293,185,735,-550
114000294,210,469,-259
114000395,2478,170,2308
114000396,586,732,-146
114000402,464,448,16
114000403,339,972,-633
114000405,148,790,-642
114000423,434,712,-278
114000424,435,307,128
114000425,610,817,-207
114000426,510,1297,-787
114000427,75,216,-141
114000428,342,140,202
114000429,46,306,-260
114000432,121,142,-21
114000434,37,137,-100
114900001,841,2348,-1507
114900002,715,129,586
114900003,782,3251,-2469
114900004,244,479,-235
114900005,542,1420,-878
114900006,88,98,-10
114900007,223,17,206
114900008,214,144,70
114900010,3997,3149,848
114900011,250,202,48
114900013,269,140,129
114900015,103,505,-402
114900018,1432,65,1367
114900020,399,125,274
114900021,290,206,84
114900022,1,1104,-1103
114900024,581,252,329
114900025,532,399,133
114900026,99,177,-78
114900027,285,385,-100
114900029,41,40,1
114900030,459,375,84
114900031,350,41,309
114900032,353,42,311
114900033,2749,852,1897
114900034,86,351,-265
114900035,239,420,-181
114900036,410,1399,-989
114900037,107,319,-212
114900038,306,1152,-846
114900039,587,997,-410
114900040,96,435,-339
114900041,618,934,-316
114900042,1008,1216,-208
114900043,1140,530,610
114900044,144,63,81
114900045,199,496,-297
114900046,137,215,-78
114900047,382,2169,-1787
114900048,99,394,-295
114900049,42,316,-274
114900050,48,982,-934
114900051,26,745,-719
114900052,107,328,-221
114900053,128,478,-350
114900054,131,224,-93
114900057,291,9,282
114900058,4,251,-247
114900059,120,74,46
114900060,2044,968,1076
114900061,212,231,-19
114900062,424,530,-106
114900063,85,385,-300
114900064,1426,1020,406
114900065,481,1135,-654
114900067,73,586,-513
114900068,117,335,-218
114900069,391,270,121
114900070,670,957,-287
114900072,8,396,-388
114900073,1,331,-330
114900074,608,1378,-770
114900075,286,15,271
114900076,12,550,-538
114900080,5010,731,4279
114900082,6046,2567,3479
114900083,1794,1739,55
114900084,358,282,76
114900090,426,294,132
114900091,166,373,-207
114900095,622,167,455
114900096,749,1068,-319
114900097,125,93,32
114900098,6,435,-429
114900099,290,10,280
115000001,13029,8595,4434
115000002,5855,5578,277
115000003,7960,6293,1667
115000004,5973,7963,-1990
115000005,3354,4383,-1029
115000006,1874,2459,-585
115000007,111,364,-253
115000008,939,696,243
115000009,450,577,-127
115000010,747,237,510
115000013,157,375,-218
115000015,67,591,-524
115000016,215,355,-140
115000019,68,844,-776
115000020,311,1047,-736
115000021,349,766,-417
115000022,770,717,53
115000023,504,814,-310
115000024,1980,867,1113
115000025,1265,996,269
115000026,201,684,-483
115000027,329,448,-119
115000028,311,1305,-994
115000029,835,231,604
115000030,1041,1477,-436
115000031,1670,596,1074
115000032,7,338,-331
115000033,199,37,162
115000034,196,1647,-1451
115000035,1487,73,1414
115000036,1,503,-502
115000037,782,20,762
115000038,78,282,-204
115000039,4914,3956,958
115000040,10333,5445,4888
115000041,1779,4120,-2341
115000042,1378,1446,-68
115000043,5271,3866,1405
115000044,5750,7172,-1422
115000045,4705,3775,930
115000046,2701,4105,-1404
115000047,2341,2968,-627
115000048,2105,4988,-2883
115000049,2241,6266,-4025
115000050,4702,3064,1638
115000051,3212,4126,-914
115000052,4904,3127,1777
115000053,2103,2686,-583
115000054,1021,2222,-1201
115000055,189,646,-457
115000056,278,513,-235
115000057,646,783,-137
115000058,269,201,68
115000059,326,202,124
115000061,393,133,260
115000062,383,480,-97
115000063,330,598,-268
115000064,339,213,126
115000065,200,507,-307
115000067,389,30,359
115000069,65,545,-480
115000070,63,1926,-1863
115000071,180,21,159
115000072,13,128,-115
115000073,2689,91,2598
115000075,119,125,-6
115000076,7933,5076,2857
115000077,2740,4922,-2182
115000078,1441,2744,-1303
115000079,1889,3716,-1827
115000080,3182,4650,-1468
115000081,635,1431,-796
115000082,5195,5657,-462
115000083,3119,4442,-1323
115000084,2478,2079,399
115000085,975,1632,-657
115000086,1478,1821,-343
115000087,616,2567,-1951
115000088,2969,1192,1777
115000089,2498,2123,375
115000090,1099,1385,-286
115000091,475,1720,-1245
115000092,573,414,159
115000093,831,4,827
115000094,14647,7395,7252
115000095,10752,7659,3093
115000096,1007,3487,-2480
115000097,864,1276,-412
115000098,1353,1496,-143
115000099,3050,6045,-2995
115000100,1379,822,557
115000101,669,2566,-1897
115000102,684,358,326
115000103,551,1322,-771
115000105,90,336,-246
115000106,568,489,79
115000107,237,1035,-798
115000108,6524,3825,2699
115000109,9398,5479,3919
115000110,1924,1841,83
115000111,938,2721,-1783
115000112,1068,1023,45
115000113,925,1534,-609
115000114,2549,1432,1117
115000116,6356,3041,3315
115000117,6835,4190,2645
115000118,3194,2506,688
115000119,2946,3334,-388
115000120,742,1651,-909
115000121,2134,1640,494
115000122,5421,3559,1862
115000123,2891,3107,-216
115000124,1292,1563,-271
115000125,883,953,-70
115000126,496,488,8
115000127,807,269,538
115000128,1654,1313,341
115000129,622,444,178
115000130,581,1692,-1111
115000131,913,476,437
115000132,223,780,-557
115000133,609,653,-44
115000134,341,410,-69
115000135,444,388,56
115000136,395,401,-6
115000137,274,298,-24
115000138,230,395,-165
115000139,397,424,-27
115000140,267,378,-111
115000141,267,521,-254
115000142,208,465,-257
115000143,780,821,-41
115000144,752,172,580
115000145,384,634,-250
115000146,877,362,515
115000147,1508,773,735
115000148,606,2351,-1745
115000149,1220,405,815
115000150,1213,2054,-841
115000151,1349,791,558
115000152,1238,2421,-1183
115000153,2097,925,1172
115000154,1053,606,447
115000155,1489,2094,-605
115000156,2998,1113,1885
115000157,2809,1540,1269
115000158,1876,649,1227
115000159,1882,1074,808
115000160,1155,1344,-189
115000161,831,1010,-179
115000162,1096,1085,11
115000163,1070,837,233
115000164,1163,743,420
115000165,801,646,155
115000167,295,120,175
115000168,1827,502,1325
115000169,2481,499,1982
115000170,423,192,231
115000171,812,361,451
115000172,3376,957,2419
115000173,620,866,-246
115000174,167,452,-285
115000175,313,159,154
115000176,405,174,231
115000177,299,162,137
115000178,68,555,-487
115000179,110,70,40
115000180,188,1552,-1364
115000181,928,199,729
115000182,935,746,189
115000183,366,1951,-1585
115000186,941,458,483
115000187,289,1197,-908
115000188,601,957,-356
115000189,566,688,-122
115000190,1566,1089,477
115000191,890,863,27
115000194,425,228,197
115000195,534,478,56
115000196,188,184,4
115000197,202,593,-391
115000198,400,380,20
115000199,412,550,-138
115000200,437,188,249
115000201,253,676,-423
115000206,493,181,312
115000207,160,710,-550
115000208,1021,1230,-209
115000209,876,474,402
115000210,226,189,37
115000211,346,451,-105
115000212,4102,439,3663
115000218,239,130,109
115000219,83,88,-5
115000224,466,131,335
115000225,97,103,-6
115000229,460,295,165
115000230,130,916,-786
115000231,341,3938,-3597
115000232,1799,387,1412
115000233,336,321,15
115000234,72,478,-406
115000241,98,388,-290
115000242,106,482,-376
115000243,48,387,-339
115000244,3,128,-125
115000246,61,31,30
115000247,42,24,18
115000248,16,26,-10
115000249,61,28,33
115000250,1035,79,956
115000251,269,277,-8
115000252,97,377,-280
115000253,18,684,-666
115000258,403,405,-2
115000259,512,274,238
115000261,14,31,-17
115000262,56,37,19
115000263,15,87,-72
115000264,19,84,-65
115000267,98,119,-21
115000268,49,202,-153
115000269,273,102,171
115000270,14,45,-31
115000272,80,313,-233
115000273,481,60,421
115000274,454,428,26
115000280,3346,256,3090
115000281,1097,607,490
115000282,2862,771,2091
115000284,436,259,177
115000296,1478,14,1464
115000297,1070,170,900
115000298,459,394,65
115000300,196,405,-209
115000302,494,405,89
115000303,889,346,543
115000304,904,194,710
115000305,141,1730,-1589
115000306,265,850,-585
115000307,177,298,-121
115000308,131,11,120
115000310,1437,1427,10
115000311,1062,2440,-1378
115000313,184,1249,-1065
115000314,493,194,299
115000315,1643,435,1208
115000316,104,153,-49
115000317,224,1191,-967
115000318,1344,595,749
115000319,110,466,-356
115000320,23,386,-363
115000321,643,20,623
115000322,47,391,-344
115000449,623,339,284
115000557,206,1242,-1036
115000558,690,112,578
115000587,725,706,19
115000588,4863,5418,-555
115000589,5759,4245,1514
115000590,1835,2303,-468
115000591,2089,1386,703
115000592,1562,2985,-1423
115000593,2615,1070,1545
115000594,1314,3171,-1857
115000609,126,249,-123
115000617,3161,4839,-1678
115000624,176,51,125
115000633,679,3486,-2807
115000634,5479,1611,3868
115000635,867,293,574
115000638,2185,1271,914
115000641,122,204,-82
115000642,661,519,142
115000643,180,848,-668
115000644,310,658,-348
115000646,1179,1911,-732
115000647,227,952,-725
115000648,2041,3093,-1052
115000893,5010,2903,2107
115000894,272,1973,-1701
115000895,662,1461,-799
115000896,2158,504,1654
115000897,887,235,652
115000898,2233,375,1858
115000899,1182,1699,-517
115000900,294,910,-616
115000901,113,162,-49
115000912,477,169,308
115000913,2,54,-52
115000915,64,0,64
115000916,15,0,15
115000917,0,6,-6
115000918,152,706,-554
115000919,21,27,-6
115000920,234,136,98
115000921,2045,384,1661
115000922,2576,1151,1425
115000923,941,1179,-238
115000925,79,147,-68
115000927,37,54,-17
115000933,412,138,274
115900001,91,83,8
115900002,93,432,-339
115900003,259,238,21
115900004,3,121,-118
115900005,176,12,164
115900006,213,773,-560
115900008,52,23,29
115900009,100,567,-467
115900010,408,332,76
115900011,401,410,-9
115900012,154,151,3
115900013,734,380,354
115900014,120,294,-174
115900015,105,157,-52
115900016,120,97,23
115900017,26,5,21
115900018,219,166,53
115900019,2147,103,2044
115900020,34,0,34
115900021,3028,547,2481
115900022,2591,36,2555
115900023,16,1,15
115900025,45,308,-263
115900026,1433,493,940
115900027,2,541,-539
115900028,900,125,775
115900029,7,697,-690
115900030,122,27,95
115900031,770,416,354
115900032,702,1395,-693
115900033,0,65,-65
115900034,54,818,-764
115900035,58,35,23
115900036,209,755,-546
115900037,76,796,-720
115900038,243,21,222
115900039,224,457,-233
115900041,581,617,-36
115900042,60,4,56
115900043,157,164,-7
115900044,435,428,7
115900046,294,464,-170
115900047,182,134,48
115900049,154,372,-218
115900051,3,89,-86
115900052,7,353,-346
115900053,272,458,-186
115900054,264,96,168
115900055,21,208,-187
115900056,253,564,-311
115900057,72,14,58
115900058,30,82,-52
115900060,167,265,-98
115900061,327,0,327
115900062,78,485,-407
115900063,58,45,13
115900064,197,691,-494
115900065,127,230,-103
115900066,270,314,-44
115900067,9,1077,-1068
115900068,4819,901,3918
115900069,48,421,-373
115900070,255,401,-146
115900071,2,817,-815
115900072,80,364,-284
115900073,59,81,-22
115900074,8,463,-455
115900075,27,476,-449
115900076,3,108,-105
115900077,11,376,-365
115900078,44,202,-158
115900079,262,30,232
115900080,753,454,299
115900081,31,88,-57
115900082,231,221,10
115900084,379,36,343
115900085,123,69,54
115900086,2935,705,2230
115900088,40,74,-34
115900089,269,951,-682
115900090,301,56,245
115900091,34,46,-12
115900092,43,295,-252
115900093,4,63,-59
115900094,5,623,-618
115900096,5,51,-46
115900097,10,690,-680
115900098,166,868,-702
115900099,35,66,-31
115900100,24,1070,-1046
115900101,169,872,-703
115900102,48,123,-75
115900103,371,419,-48
115900104,48,221,-173
115900105,224,1239,-1015
115900106,68,41,27
115900107,61,290,-229
115900108,101,58,43
115900109,107,726,-619
115900110,1,28,-27
115900111,1,123,-122
115900112,81,2040,-1959
115900113,21,45,-24
115900114,1,205,-204
115900115,61,219,-158
115900116,116,1817,-1701
115900117,72,34,38
115900118,4,512,-508
115900119,317,156,161
115900120,38,805,-767
115900121,201,537,-336
115900124,287,727,-440
115900125,332,51,281
115900126,850,124,726
115900127,756,95,661
115900128,29,58,-29
115900129,926,75,851
115900130,37,283,-246
115900131,519,54,465
115900132,651,12,639
115900134,369,19,350
115900135,696,1166,-470
115900137,26,5,21
115900139,321,277,44
115900140,214,31,183
115900141,34,254,-220
115900142,88,115,-27
115900143,181,542,-361
115900144,130,474,-344
115900146,15,265,-250
115900147,463,385,78
115900148,54,14,40
115900149,97,48,49
115900150,50,85,-35
115900151,13,122,-109
115900152,191,677,-486
115900153,188,407,-219
115900154,1089,469,620
115900155,2,103,-101
115900156,1043,1303,-260
115900157,181,790,-609
115900158,38,26,12
115900159,92,385,-293
115900160,15,10,5
115900161,141,330,-189
115900163,249,266,-17
115900164,624,75,549
115900165,3,184,-181
115900166,307,524,-217
115900168,110,235,-125
115900171,197,872,-675
115900172,100,190,-90
115900173,304,259,45
115900174,719,292,427
115900175,119,346,-227
115900178,3,1024,-1021
115900179,193,21,172
115900180,47,410,-363
115900181,143,362,-219
115900182,420,519,-99
115900183,410,134,276
115900184,2716,63,2653
115900187,11,169,-158
115900189,3,243,-240
115900190,915,1951,-1036
115900191,105,820,-715
115900192,21,163,-142
115900193,96,110,-14
115900194,978,92,886
115900195,945,2401,-1456
115900198,339,533,-194
115900199,186,439,-253
115900200,366,590,-224
115900201,496,372,124
115900202,3,49,-46
115900203,13,8,5
115900204,1,4,-3
115900205,149,31,118
115900206,215,209,6
115900207,30,24,6
115900208,190,483,-293
115900209,7,278,-271
115900210,2,215,-213
115900211,4,386,-382
115900212,129,324,-195
115900213,172,99,73
115900214,289,344,-55
115900215,37,72,-35
115900216,6,151,-145
115900217,1,77,-76
115900218,2,90,-88
115900219,88,11,77
115900220,130,30,100
115900221,123,35,88
115900222,56,35,21
115900223,8,269,-261
115900224,2710,959,1751
115900225,63,51,12
115900226,26,76,-50
115900227,23,66,-43
115900228,15,76,-61
115900229,10,81,-71
115900230,41,192,-151
115900231,179,2,177
115900232,107,2,105
115900233,78,13,65
115900234,96,58,38
115900235,8,43,-35
115900236,13,46,-33
115900237,28,39,-11
115900238,15,29,-14
115900239,7,42,-35
115900240,9,82,-73
115900241,182,93,89
115900242,466,560,-94
115900243,41,41,0
115900244,25,34,-9
115900245,0,42,-42
115900246,11,6,5
115900247,24,11,13
115900248,26,3,23
115900249,13,32,-19
115900250,38,59,-21
115900251,0,15,-15
115900252,1,2,-1
115900253,3,22,-19
115900254,126,38,88
115900255,33,63,-30
115900256,55,103,-48
115900257,19,7,12
115900258,0,1,-1
115900259,12,3,9
115900260,25,5,20
115900261,6,6,0
115900262,0,6,-6
115900263,10,10,0
115900264,26,12,14
115900265,1,15,-14
115900266,10,10,0
115900267,5,11,-6
115900268,4,18,-14
115900269,408,619,-211
115900270,559,1242,-683
116000001,19332,10234,9098
116000002,6638,16364,-9726
116000003,2542,2837,-295
116000004,5373,5104,269
116000005,9021,5214,3807
116000006,8677,2497,6180
116000007,4958,6385,-1427
116000008,4651,2752,1899
116000009,2699,3979,-1280
116000010,2574,1761,813
116000011,1242,3130,-1888
116000012,1268,1196,72
116000013,31358,8905,22453
116000014,29797,19618,10179
116000015,1199,2873,-1674
116000016,15054,7407,7647
116000017,70,1296,-1226
116000018,969,1023,-54
116000019,2186,669,1517
116000020,838,2509,-1671
116000021,973,545,428
116000022,624,938,-314
116000023,2629,1514,1115
116000024,1172,2175,-1003
116000025,2066,1003,1063
116000026,2956,3683,-727
116000027,1673,923,750
116000028,677,1251,-574
116000029,1695,1103,592
116000030,1112,631,481
116000031,236,441,-205
116000032,291,438,-147
116000033,446,444,2
116000034,1254,1049,205
116000035,535,1100,-565
116000036,3900,1686,2214
116000037,2571,1375,1196
116000038,1259,826,433
116000039,839,476,363
116000040,2785,430,2355
116000041,358,992,-634
116000042,884,413,471
116000043,175,895,-720
116000045,3508,2498,1010
116000046,2717,2315,402
116000047,3770,4172,-402
116000048,4335,2645,1690
116000049,1606,3558,-1952
116000050,2128,2817,-689
116000051,7126,3403,3723
116000052,6718,6724,-6
116000053,3784,1911,1873
116000054,1775,4079,-2304
116000055,822,2235,-1413
116000056,763,1867,-1104
116000057,6082,3221,2861
116000058,5634,3972,1662
116000059,4886,10859,-5973
116000060,4090,1338,2752
116000061,1099,2158,-1059
116000062,1756,336,1420
116000063,1630,2055,-425
116000066,385,1048,-663
116000067,313,857,-544
116000068,719,557,162
116000069,612,703,-91
116000078,478,1734,-1256
116000080,2353,1604,749
116000082,18,125,-107
116000083,1578,617,961
116000084,3528,5617,-2089
116000085,2743,2144,599
116000086,2977,1724,1253
116000087,1718,1911,-193
116000088,1270,2146,-876
116000089,268,142,126
116000090,160,251,-91
116000091,236,213,23
116000093,1045,1508,-463
116000094,979,924,55
116000095,1037,1687,-650
116000096,1154,2318,-1164
116000097,1193,3550,-2357
116000098,139,7891,-7752
116000099,18280,936,17344
116000100,167,20,147
116000101,907,2288,-1381
116000102,63,466,-403
116000103,579,452,127
116000104,322,3552,-3230
116000105,1534,359,1175
116000106,474,1654,-1180
116000107,2341,717,1624
116000108,495,279,216
116000111,210,18,192
116000113,144,145,-1
116000114,41,208,-167
116000115,220,148,72
116000116,361,753,-392
116000117,1804,3415,-1611
116000118,1631,2579,-948
116000119,3539,2952,587
116000120,4173,7931,-3758
116000121,918,826,92
116000122,1841,3101,-1260
116000123,1041,805,236
116000124,468,1509,-1041
116000125,3200,1070,2130
116000126,391,2138,-1747
116000127,1618,2441,-823
116000128,2014,1517,497
116000129,1420,264,1156
116000130,575,524,51
116000133,926,1881,-955
116000134,2573,3961,-1388
116000135,2852,2214,638
116000136,1688,3194,-1506
116000137,1408,1231,177
116000138,1205,866,339
116000139,3405,3192,213
116000140,332,357,-25
116000141,679,1601,-922
116000142,6002,5459,543
116000143,2732,2869,-137
116000144,1838,4199,-2361
116000145,2208,2577,-369
116000146,463,522,-59
116000147,995,258,737
116000148,1018,632,386
116000149,868,805,63
116000151,1216,1289,-73
116000153,187,1044,-857
116000155,505,603,-98
116000156,987,2180,-1193
116000157,0,1,-1
116000158,400,593,-193
116000159,0,1,-1
116000160,38,246,-208
116000161,8,279,-271
116000162,184,170,14
116000163,44,20,24
116000164,31,49,-18
116000177,198,196,2
116000194,187,635,-448
116000195,3184,936,2248
116000196,20,24,-4
116000197,16,38,-22
116000198,6731,2344,4387
116000200,1250,628,622
116000201,1146,1184,-38
116000202,4,512,-508
116000203,4,146,-142
116000204,12,59,-47
116000205,0,247,-247
116000206,0,160,-160
116000207,6,49,-43
116000233,309,1367,-1058
116000287,217,776,-559
116000288,293,560,-267
116000292,283,283,0
116000296,31,102,-71
116000297,121,23,98
116000304,287,5,282
116000305,5,326,-321
116000346,365,268,97
116000352,352,118,234
116000354,418,38,380
116000357,66,36,30
116000358,300,76,224
116000361,165,7,158
116000372,16237,5834,10403
116000381,187,2,185
116000388,1,58,-57
116000389,1526,884,642
116000445,350,901,-551
116000446,639,1665,-1026
116000447,18,667,-649
116000448,1032,538,494
116000563,1693,1641,52
116000565,159,612,-453
116000568,83,607,-524
116000579,48,192,-144
116000584,41,9,32
116000585,33,28,5
116000586,384,257,127
116000587,618,846,-228
116000589,45,144,-99
116000590,81,131,-50
116000591,209,408,-199
116000592,7,207,-200
116000593,0,37,-37
116000594,904,855,49
116000595,1081,285,796
116000596,155,10,145
116000597,338,101,237
116000598,20,297,-277
116000602,90,1348,-1258
116000605,491,328,163
116000606,87,332,-245
116000607,10,134,-124
116000609,453,1288,-835
116000611,162,704,-542
116000612,871,2881,-2010
116000613,620,445,175
116000614,724,1191,-467
116000615,105,373,-268
116000616,80,213,-133
116000617,123,132,-9
116000618,10,338,-328
116000619,33,72,-39
116000620,95,133,-38
116000621,47,205,-158
116000622,46,265,-219
116000624,168,117,51
116900001,311,241,70
116900002,437,6,431
116900003,29,118,-89
116900004,46,116,-70
116900005,296,115,181
116900006,167,217,-50
116900007,322,417,-95
116900008,437,739,-302
116900009,43,14,29
116900010,10,3459,-3449
116900011,9,90,-81
116900012,179,363,-184
116900013,22,490,-468
116900014,124,493,-369
116900015,427,159,268
116900016,208,2,206
116900017,4,1430,-1426
116900018,90,74,16
116900019,32,702,-670
116900020,1536,705,831
116900023,168,14,154
116900024,655,118,537
116900025,1468,1492,-24
116900026,350,1629,-1279
116900027,37,99,-62
116900028,2,271,-269
116900029,4,55,-51
116900031,1,24,-23
116900032,4,654,-650
116900033,24,20,4
116900034,16,145,-129
116900035,191,497,-306
116900036,4,176,-172
116900038,31,2,29
116900041,122,44,78
116900042,1385,403,982
116900043,11,168,-157
116900045,686,89,597
116900047,208,110,98
116900049,79,546,-467
116900050,175,1006,-831
116900051,136,482,-346
116900052,442,105,337
116900055,0,21,-21
116900057,67,545,-478
116900058,60,864,-804
116900059,4,378,-374
116900060,654,389,265
116900062,0,16,-16
116900064,126,1698,-1572
116900065,17,287,-270
116900067,113,187,-74
116900068,228,539,-311
116900070,0,8,-8
116900072,53,786,-733
116900073,19,431,-412
116900074,15,89,-74
116900076,16,26,-10
116900077,13,377,-364
116900078,340,271,69
116900079,46,805,-759
116900080,4,28,-24
116900081,505,2757,-2252
116900082,623,1395,-772
116900083,68,122,-54
116900084,588,91,497
116900085,43,236,-193
116900086,55,438,-383
116900088,781,133,648
116900090,179,94,85
116900091,290,164,126
116900092,88,1580,-1492
116900093,2242,4663,-2421
116900094,10423,7381,3042
116900095,979,248,731
116900096,203,564,-361
116900097,9462,4055,5407
116900098,746,263,483
116900099,1198,966,232
116900100,1268,68,1200
116900101,448,1100,-652
116900103,7,0,7
116900104,57,148,-91
116900105,542,145,397
116900106,1845,435,1410
116900107,7389,3425,3964
116900110,12,3,9
116900111,560,1909,-1349
116900112,285,2435,-2150
116900113,6282,1508,4774
116900116,194,581,-387
116900117,75,175,-100
116900118,1455,1171,284
116900120,283,255,28
116900121,80,89,-9
116900122,730,1396,-666
116900123,298,1674,-1376
116900124,190,2266,-2076
116900125,466,536,-70
116900126,549,1039,-490
116900128,1,76,-75
116900129,6,574,-568
116900130,1855,5250,-3395
116900131,127,261,-134
116900132,45,94,-49
116900133,122,150,-28
116900134,413,353,60
116900136,330,306,24
116900137,863,301,562
116900138,219,353,-134
116900139,116,675,-559
116900140,233,265,-32
116900141,781,437,344
116900142,6,103,-97
116900143,513,1107,-594
116900144,41,113,-72
116900145,305,454,-149
116900147,1847,405,1442
116900148,8,73,-65
116900149,44,301,-257
116900150,9,22,-13
116900151,636,182,454
116900153,124,139,-15
116900154,876,648,228
116900155,213,90,123
116900157,715,543,172
116900158,722,300,422
116900159,95,599,-504
116900160,2087,653,1434
116900161,16483,9417,7066
116900162,63,218,-155
116900163,184,297,-113
116900164,112,58,54
116900165,294,230,64
116900166,22,171,-149
116900167,631,113,518
116900168,542,183,359
116900169,2219,614,1605
116900170,381,563,-182
116900171,68,432,-364
116900172,500,261,239
116900173,172,98,74
116900174,36,41,-5
116900175,1022,267,755
116900178,33,317,-284
116900179,185,248,-63
116900180,220,52,168
116900182,1106,471,635
116900183,195,134,61
116900185,36,61,-25
116900186,168,561,-393
116900187,52,64,-12
116900188,241,38,203
116900189,90,2,88
116900191,545,784,-239
116900192,301,360,-59
116900194,142,1245,-1103
116900195,70,24,46
116900196,16,149,-133
116900197,108,5,103
116900198,424,251,173
116900200,29,50,-21
116900201,111,10,101
116900202,228,82,146
116900203,191,4,187
116900204,60,149,-89
116900206,8,35,-27
116900207,30,59,-29
116900208,15,192,-177
116900209,26,287,-261
116900210,675,464,211
116900211,362,15,347
116900212,44,124,-80
116900213,282,349,-67
116900214,202,163,39
116900215,65,152,-87
116900216,671,451,220
116900218,15,606,-591
116900219,1541,603,938
116900220,108,395,-287
116900221,109,539,-430
116900222,462,650,-188
116900223,129,408,-279
116900226,51,132,-81
116900227,296,135,161
116900228,472,414,58
116900230,44,751,-707
116900231,38,943,-905
116900232,16,969,-953
116900233,357,222,135
116900234,20,16,4
116900235,193,588,-395
116900238,2301,713,1588
116900239,166,2213,-2047
116900240,13282,4942,8340
116900241,145,391,-246
116900242,835,829,6
116900243,3,226,-223
116900245,53,50,3
116900246,145,15,130
116900247,560,17,543
116900248,145,66,79
116900249,432,284,148
116900250,471,112,359
116900251,1052,831,221
116900252,96,2022,-1926
116900253,175,208,-33
116900254,36,195,-159
116900255,154,71,83
116900256,419,306,113
116900257,28,972,-944
116900258,0,552,-552
116900259,136,11,125
116900260,6,226,-220
116900261,37,1,36
116900262,153,217,-64
116900263,0,20,-20
116900264,0,6,-6
116900265,44,4,40
116900266,12,129,-117
116900267,2,3,-1
116900268,362,19,343
116900269,601,978,-377
116900271,2535,322,2213
116900272,535,989,-454
116900273,989,76,913
116900274,123,191,-68
116900275,209,269,-60
116900276,395,118,277
116900277,1206,95,1111
116900278,9,28,-19
116900279,6,68,-62
116900280,50,72,-22
116900281,16324,6097,10227
116900282,4,269,-265
116900283,20,233,-213
116900284,14,438,-424
116900285,539,946,-407
116900286,355,21,334
116900287,2,165,-163
116900288,54,237,-183
116900289,2,55,-53
116900290,3,40,-37
116900291,11,10,1
116900292,0,14,-14
116900293,46,86,-40
116900294,57,230,-173
116900295,516,43,473
116900296,58,67,-9
116900297,11,123,-112
116900298,96,22,74
116900299,74,37,37
116900300,6,135,-129
116900301,77,83,-6
116900302,2832,1183,1649
116900303,1189,188,1001
116900304,1,223,-222
116900305,35,198,-163
116900306,129,238,-109
117000001,3707,3606,101
117000002,3930,9649,-5719
117000003,15791,5100,10691
117000004,9162,10055,-893
117000005,3150,2858,292
117000006,2193,7414,-5221
117000007,5560,2090,3470
117000008,2373,9624,-7251
117000009,7183,3078,4105
117000010,4520,8888,-4368
117000011,3097,3397,-300
117000012,2252,3250,-998
117000013,3608,2009,1599
117000014,2943,4558,-1615
117000015,7056,2178,4878
117000016,3045,92,2953
117000017,1618,389,1229
117000018,654,941,-287
117000019,941,10,931
117000020,1131,3350,-2219
117000021,5221,1459,3762
117000022,1702,99,1603
117000023,2199,280,1919
117000024,2008,162,1846
117000025,5523,863,4660
117000026,12800,1614,11186
117000027,3209,1116,2093
117000028,6088,1278,4810
117000030,572,429,143
117000032,3883,2345,1538
117000033,3604,2961,643
117000034,213,301,-88
117000036,252,352,-100
117000038,435,816,-381
117000039,112,148,-36
117000040,215,1916,-1701
117000041,1178,271,907
117000044,42,2027,-1985
117000045,727,108,619
117000046,1013,1169,-156
117000047,1441,1113,328
117000048,3819,2903,916
117000049,254,1797,-1543
117000050,223,3676,-3453
117000051,2713,254,2459
117000052,39,790,-751
117000053,392,151,241
117000054,2346,4,2342
117000055,40,6453,-6413
117000056,888,28,860
117000057,1056,4300,-3244
117000060,604,3188,-2584
117000061,3384,2064,1320
117000062,430,891,-461
117000063,3157,1420,1737
117000064,1631,1805,-174
117000066,2736,1580,1156
117000067,343,623,-280
117000074,243,452,-209
117000076,83,118,-35
117000077,219,198,21
117000078,227,1267,-1040
117000079,557,358,199
117000080,0,727,-727
117000081,2081,202,1879
117000082,35,77,-42
117000083,215,5,210
117000084,747,4,743
117000085,252,1098,-846
117000086,1736,1069,667
117000087,153,995,-842
117000088,376,557,-181
117000089,1940,487,1453
117000090,389,2693,-2304
117000091,930,606,324
117000092,600,2721,-2121
117000093,1389,1138,251
117000094,1697,4661,-2964
117000095,4335,1432,2903
117000096,952,4317,-3365
117000097,1723,1896,-173
117000098,4243,9205,-4962
117000099,4062,1754,2308
117000100,190,316,-126
117000101,295,2011,-1716
117000102,2009,1056,953
117000103,1239,3168,-1929
117000104,1638,1027,611
117000105,1536,2816,-1280
117000106,1636,1390,246
117000107,898,3097,-2199
117000108,1858,1495,363
117000109,3390,4697,-1307
117000110,1857,1492,365
117000111,6514,9201,-2687
117000112,4842,4007,835
117000113,144,517,-373
117000114,238,300,-62
117000115,87,269,-182
117000116,136,507,-371
117000117,4531,1435,3096
117000118,1342,221,1121
117000119,1176,167,1009
117000120,2015,516,1499
117000121,531,2089,-1558
117000122,1710,3435,-1725
117000123,4925,67,4858
117000124,1871,183,1688
117000125,1766,193,1573
117000126,218,138,80
117000127,653,1063,-410
117000128,977,1887,-910
117000129,1046,106,940
117000130,282,1,281
117000131,1,98,-97
117000132,2992,82,2910
117000133,1561,190,1371
117000134,1,70,-69
117000135,11,42,-31
117000136,4,65,-61
117000137,110,104,6
117000138,3,948,-945
117000140,644,2725,-2081
117000141,1925,1066,859
117000181,2194,739,1455
117000182,423,709,-286
117000195,278,2245,-1967
117000196,254,148,106
117000225,529,17,512
117000226,54,517,-463
117000276,223,23,200
117000277,5,863,-858
117000310,4300,5487,-1187
117000315,87,3694,-3607
117000320,260,0,260
117000906,352,18,334
117000907,21,768,-747
117000908,366,32,334
117000909,327,74,253
117000910,225,223,2
117000911,126,369,-243
117000915,15,1311,-1296
117000916,26,34,-8
117000917,1241,50,1191
117000918,86,174,-88
117000919,10,363,-353
117000920,8,2756,-2748
117000921,4,2870,-2866
117000922,99,292,-193
117000924,1896,1462,434
117000926,1735,128,1607
117000927,3370,1138,2232
117000928,0,262,-262
117000929,296,967,-671
117000930,238,28,210
117000931,908,206,702
117900002,761,900,-139
117900003,1172,813,359
117900005,30,329,-299
117900006,3,41,-38
117900007,483,261,222
117900008,1,64,-63
117900010,1008,179,829
117900011,117,32,85
117900012,122,307,-185
117900013,1,681,-680
117900014,386,237,149
117900015,53,245,-192
117900016,3468,1169,2299
117900017,1001,624,377
117900018,747,62,685
117900019,743,682,61
117900020,80,614,-534
117900021,80,156,-76
117900022,36,14,22
117900023,1205,1600,-395
117900024,150,149,1
117900025,52,12,40
117900026,500,664,-164
117900028,652,23,629
117900029,423,1745,-1322
117900030,548,545,3
117900031,1271,213,1058
117900032,1097,678,419
117900033,352,1577,-1225
117900034,56,99,-43
117900035,266,100,166
117900036,360,1078,-718
117900037,142,171,-29
117900038,44,593,-549
117900039,8,129,-121
117900040,190,989,-799
117900041,9,60,-51
117900042,9192,1260,7932
117900043,67,85,-18
117900044,181,6690,-6509
117900045,309,280,29
117900048,303,451,-148
117900049,328,1089,-761
117900050,46,50,-4
117900051,274,17,257
117900052,115,582,-467
117900053,1765,1065,700
117900054,2,50,-48
117900055,212,741,-529
117900056,796,13,783
117900057,1396,2316,-920
117900058,1669,738,931
117900059,1392,158,1234
117900060,1903,8665,-6762
117900061,38,680,-642
117900063,732,537,195
117900065,907,2003,-1096
117900066,21,80,-59
117900067,583,574,9
117900069,1366,867,499
117900070,1003,15,988
117900071,259,354,-95
117900073,620,983,-363
117900074,1081,23,1058
117900075,242,226,16
117900076,17,56,-39
117900077,432,223,209
117900078,330,891,-561
117900080,787,134,653
117900081,790,811,-21
117900082,460,517,-57
117900083,581,1340,-759
117900086,273,86,187
117900087,238,76,162
117900088,4419,4423,-4
117900089,2300,868,1432
117900090,808,1867,-1059
117900091,513,248,265
117900092,105,73,32
117900093,105,112,-7
117900094,33,29,4
117900095,351,887,-536
117900096,113,515,-402
117900097,189,155,34
117900098,16,10,6
117900099,289,586,-297
117900100,238,1,237
117900101,940,2036,-1096
117900102,53,67,-14
117900103,40,1,39
117900104,64,293,-229
117900105,191,484,-293
117900106,80,74,6
117900107,36,2,34
117900109,692,589,103
117900110,64,1,63
117900111,378,21,357
117900112,64,30,34
117900113,11866,3941,7925
117900114,22,0,22
117900115,539,105,434
117900116,1406,2195,-789
117900117,674,854,-180
117900118,43,2,41
117900119,132,521,-389
117900120,244,497,-253
117900121,199,45,154
117900122,2621,4238,-1617
117900123,1646,1027,619
117900124,982,1128,-146
117900125,2354,1856,498
117900126,311,1055,-744
117900127,910,1167,-257
117900128,583,1711,-1128
117900129,99,0,99
117900130,1223,832,391
117900131,0,186,-186
117900132,8,168,-160
117900133,8,209,-201
117900134,102,343,-241
117900135,26,284,-258
117900136,0,77,-77
117900137,86,487,-401
117900138,0,69,-69
117900139,76,272,-196
117900140,11205,622,10583
117900141,1071,401,670
117900142,307,59,248
117900144,345,146,199
117900145,83,78,5
117900146,1125,160,965
117900147,90,148,-58
117900148,6857,1671,5186
117900149,84,285,-201
117900150,41,151,-110
117900151,192,238,-46
117900152,220,183,37
117900153,60,229,-169
117900154,956,1534,-578
117900156,1295,2152,-857
117900157,175,762,-587
117900158,276,171,105
117900160,898,703,195
117900161,4324,4593,-269
117900162,643,870,-227
117900163,582,53,529
117900165,0,13,-13
117900166,173,650,-477
117900168,19,218,-199
117900169,1,181,-180
117900170,2,52,-50
117900171,2,32,-30
117900172,14,47,-33
117900173,217,90,127
117900174,52,80,-28
117900175,4,73,-69
117900176,16,125,-109
117900177,12,114,-102
117900178,165,47,118
117900180,452,48,404
117900181,388,437,-49
117900182,1,57,-56
117900183,108,362,-254
117900184,11,102,-91
117900185,43,87,-44
117900186,51,25,26
117900187,20,25,-5
117900188,411,79,332
117900189,119,24,95
117900190,13,0,13
117900191,124,6,118
117900192,290,1,289
117900193,18,119,-101
117900194,8,20,-12
117900195,12,84,-72
117900196,13,41,-28
117900207,265,161,104
117900208,44,76,-32
117900209,181,305,-124
117900210,186,353,-167
117900211,15,381,-366
117900212,142,279,-137
117900213,28,20,8
117900214,18,105,-87
117900216,29,49,-20
117900217,232,452,-220
117900218,316,324,-8
117900219,55,151,-96
117900220,613,230,383
117900221,162,12,150
118000001,1856,1084,772
118000002,2799,4310,-1511
118000003,8566,3421,5145
118000004,8262,2783,5479
118000005,8927,8357,570
118000006,11933,17147,-5214
118000007,17169,4395,12774
118000008,11813,6057,5756
118000009,4268,6695,-2427
118000010,7424,7328,96
118000011,1965,5092,-3127
118000012,2983,4987,-2004
118000013,6983,5807,1176
118000014,3382,5845,-2463
118000016,322,590,-268
118000017,378,714,-336
118000018,544,642,-98
118000019,4355,2244,2111
118000020,3202,3350,-148
118000021,2472,4113,-1641
118000022,4911,1312,3599
118000023,2900,535,2365
118000024,3696,1608,2088
118000025,2777,2255,522
118000027,26536,17022,9514
118000029,1504,1337,167
118000032,2441,7622,-5181
118000033,5154,6751,-1597
118000034,9772,3635,6137
118000035,2371,3689,-1318
118000036,4073,1598,2475
118000037,1914,1619,295
118000038,188,172,16
118000039,219,862,-643
118000040,3103,3344,-241
118000041,4738,2711,2027
118000045,2043,207,1836
118000046,4305,911,3394
118000047,8587,1290,7297
118000048,14083,2535,11548
118000051,6802,1370,5432
118000052,5386,1048,4338
118000053,4108,1652,2456
118000054,4154,5674,-1520
118000055,2504,6268,-3764
118000056,254,707,-453
118000057,245,1394,-1149
118000058,13706,2899,10807
118000059,11024,1697,9327
118000060,2014,1174,840
118000061,1309,2576,-1267
118000062,992,970,22
118000063,791,926,-135
118000064,2283,2210,73
118000065,10248,5293,4955
118000066,2027,2474,-447
118000067,2505,1245,1260
118000068,5179,7628,-2449
118000069,8197,2785,5412
118000070,14807,4545,10262
118000071,7091,14558,-7467
118000072,7124,1550,5574
118000073,6354,812,5542
118000074,1023,636,387
118000075,907,454,453
118000076,4746,2495,2251
118000077,3286,2144,1142
118000078,4993,3304,1689
118000079,743,851,-108
118000080,3033,1615,1418
118000081,4435,1526,2909
118000082,735,1972,-1237
118000083,4167,2569,1598
118000084,5065,3224,1841
118000086,670,953,-283
118000087,10208,4219,5989
118000088,3773,3770,3
118000089,6925,3726,3199
118000090,3467,6189,-2722
118000091,3171,4788,-1617
118000092,2152,973,1179
118000093,207,1296,-1089
118000096,1388,1086,302
118000097,1927,1154,773
118000098,494,341,153
118000099,749,1548,-799
118000101,1256,465,791
118000102,471,2297,-1826
118000107,5919,996,4923
118000108,1488,5331,-3843
118000110,0,26,-26
118000111,5,901,-896
118000112,588,3,585
118000113,11,1740,-1729
118000114,625,9,616
118000115,46,40,6
118000116,126,2,124
118000117,3451,1648,1803
118000118,3406,1061,2345
118000119,2082,1916,166
118000120,3655,2427,1228
118000121,160,756,-596
118000122,2767,418,2349
118000123,138,309,-171
118000125,4105,1845,2260
118000126,3005,2730,275
118000127,5490,1340,4150
118000128,1690,1961,-271
118000129,2955,674,2281
118000130,4931,7530,-2599
118000131,1380,1468,-88
118000132,3472,2683,789
118000133,2529,660,1869
118000135,1557,749,808
118000136,234,763,-529
118000137,3231,161,3070
118000138,688,1414,-726
118000139,905,234,671
118000140,4098,7808,-3710
118000141,3044,3686,-642
118000142,2575,3770,-1195
118000143,2588,1984,604
118000144,2886,2211,675
118000145,2457,4211,-1754
118000146,1789,1829,-40
118000147,1288,2875,-1587
118000148,594,2594,-2000
118000149,1218,1550,-332
118000150,475,373,102
118000151,554,760,-206
118000153,1660,2303,-643
118000154,1820,3136,-1316
118000155,1439,2451,-1012
118000156,5672,4478,1194
118000157,831,675,156
118000158,251,765,-514
118000159,80,163,-83
118000160,661,684,-23
118000161,804,1448,-644
118000162,1848,1548,300
118000163,1159,1474,-315
118000164,4998,2764,2234
118000168,3197,859,2338
118000169,1993,2778,-785
118000170,7310,11244,-3934
118000171,550,1184,-634
118000172,201,693,-492
118000173,1472,2367,-895
118000175,397,584,-187
118000176,359,623,-264
118000177,339,843,-504
118000178,286,114,172
118000179,2709,1566,1143
118000180,1327,1499,-172
118000181,1422,568,854
118000182,379,532,-153
118000183,336,571,-235
118000184,892,1816,-924
118000185,1469,1374,95
118000186,1094,1512,-418
118000187,1898,1183,715
118000188,1508,463,1045
118000189,1060,1706,-646
118000190,12,13,-1
118000191,32,112,-80
118000192,88,158,-70
118000193,97,843,-746
118000194,5563,2637,2926
118000195,2972,1011,1961
118000196,2783,277,2506
118000197,733,146,587
118000198,1371,864,507
118000199,3310,742,2568
118000200,156,491,-335
118000201,1741,833,908
118000202,146,123,23
118000203,3711,702,3009
118000204,514,474,40
118000205,632,500,132
118000206,506,316,190
118000207,0,228,-228
118000208,2029,3298,-1269
118000209,3107,3079,28
118000210,77,77,0
118000211,14,41,-27
118000213,4023,1564,2459
118000214,1472,1430,42
118000215,424,1107,-683
118000216,3494,11458,-7964
118000217,58,198,-140
118000218,110,219,-109
118000219,1192,869,323
118000220,3,46,-43
118000221,198,706,-508
118000222,151,8,143
118000223,52,92,-40
118000224,605,174,431
118000225,277,1682,-1405
118000226,4186,295,3891
118000227,1579,649,930
118000228,294,413,-119
118000229,1315,135,1180
118000230,182,490,-308
118000231,182,397,-215
118000232,1182,1921,-739
118000233,1167,1592,-425
118000234,562,563,-1
118000236,1113,610,503
118000237,94,1246,-1152
118000238,378,438,-60
118000239,468,572,-104
118000240,821,208,613
118000241,254,558,-304
118000242,714,1208,-494
118000243,303,323,-20
118000244,61,278,-217
118000246,1,23,-22
118000255,94,462,-368
118000256,190,359,-169
118000259,11,133,-122
118000260,481,199,282
118000261,38,234,-196
118000263,156,372,-216
118000266,199,891,-692
118000267,0,126,-126
118000268,1926,4,1922
118000270,116,99,17
118000271,186,582,-396
118000272,147,60,87
118000273,174,172,2
118000274,161,641,-480
118000276,583,659,-76
118000295,3,132,-129
118000298,269,530,-261
118000299,85,234,-149
118000301,0,136,-136
118000302,182,203,-21
118000311,522,197,325
118000312,313,379,-66
118000313,79,297,-218
118000314,101,166,-65
118000315,54,111,-57
118000316,1157,1033,124
118000325,50,170,-120
118000326,44,85,-41
118000331,45,153,-108
118000332,29,108,-79
118000333,86,198,-112
118000335,275,1,274
118000336,3,585,-582
118000407,221,165,56
118000457,19,27,-8
118000465,5077,8030,-2953
118000480,30,294,-264
118000489,33,605,-572
118000490,34,811,-777
118000492,194,403,-209
118000510,208,26,182
118000514,324,638,-314
118000515,1352,1409,-57
118000517,790,474,316
118000524,1470,393,1077
118000525,1510,1349,161
118000530,28,240,-212
118000531,313,359,-46
118000532,289,561,-272
118000533,816,329,487
118000534,1248,826,422
118000535,264,217,47
118000536,1431,2967,-1536
118000537,182,233,-51
118000538,61,299,-238
118000539,17,303,-286
118000540,724,432,292
118000541,785,143,642
118000542,352,354,-2
118000543,917,359,558
118000546,39,70,-31
118000560,5576,2424,3152
118000562,63,725,-662
118000563,4256,2886,1370
118000576,200,323,-123
118000577,269,230,39
118000578,163,198,-35
118000579,1215,1955,-740
118000595,199,132,67
118000596,0,137,-137
118000597,78,205,-127
118000598,18,0,18
118000599,44,90,-46
118000600,1,74,-73
118000601,18,0,18
118000602,0,51,-51
118000603,2,45,-43
118900001,2148,2248,-100
118900002,1962,1722,240
118900003,364,85,279
118900004,151,108,43
118900005,95,8,87
118900006,141,5,136
118900007,19,11,8
118900008,2475,104,2371
118900009,61,53,8
118900010,58,9,49
118900011,329,47,282
118900012,471,373,98
118900013,1029,158,871
118900015,276,107,169
118900016,8,34,-26
118900017,314,330,-16
118900018,1860,33,1827
118900019,42,26,16
118900020,230,198,32
118900021,411,843,-432
118900022,199,161,38
118900023,430,276,154
118900024,214,353,-139
118900025,289,50,239
118900026,98,168,-70
118900027,903,595,308
118900028,345,365,-20
118900029,463,729,-266
118900030,502,166,336
118900031,171,208,-37
118900032,344,329,15
118900033,1673,877,796
118900034,303,33,270
118900035,251,434,-183
118900036,1254,1504,-250
118900037,1218,409,809
118900038,480,427,53
118900039,749,345,404
118900040,320,358,-38
118900041,849,308,541
118900042,368,226,142
118900045,380,399,-19
118900046,1449,332,1117
118900047,1423,532,891
118900048,1448,273,1175
118900049,144,74,70
118900050,16,199,-183
118900051,118,93,25
118900052,968,378,590
118900053,55,190,-135
118900054,189,136,53
118900055,59,109,-50
118900056,26,440,-414
118900057,1075,669,406
118900058,1182,572,610
118900059,20,194,-174
118900060,30,203,-173
118900062,323,371,-48
118900064,1020,1066,-46
118900065,70,502,-432
118900066,226,190,36
118900067,8831,5300,3531
118900068,6,1816,-1810
118900069,531,483,48
118900071,4,114,-110
118900072,719,829,-110
118900073,101,205,-104
118900074,143,337,-194
118900075,105,176,-71
118900076,850,123,727
118900077,365,409,-44
118900078,25,3,22
118900079,97,370,-273
118900080,15,187,-172
118900081,106,39,67
118900082,1059,312,747
118900083,25,20,5
118900084,19,38,-19
118900085,884,2151,-1267
118900086,32,177,-145
118900087,33,416,-383
118900088,0,32,-32
118900089,70,20,50
118900090,705,962,-257
118900091,338,409,-71
118900092,113,124,-11
118900093,221,16,205
118900096,83,14,69
118900097,311,1442,-1131
118900099,53,618,-565
118900100,247,394,-147
118900101,145,1124,-979
118900102,73,154,-81
118900103,82,155,-73
118900104,271,361,-90
118900105,396,169,227
118900107,309,197,112
118900108,150,202,-52
118900109,1714,370,1344
118900110,2735,1382,1353
118900111,633,1020,-387
118900112,223,207,16
118900113,270,1209,-939
118900114,62,157,-95
118900115,127,776,-649
118900116,155,300,-145
118900117,150,286,-136
118900118,305,798,-493
118900119,197,497,-300
118900120,153,611,-458
118900121,21,460,-439
118900122,25,1674,-1649
118900123,215,419,-204
118900124,243,340,-97
118900126,39,568,-529
118900129,594,346,248
118900130,56,243,-187
118900131,175,386,-211
118900132,1672,372,1300
118900133,18,124,-106
118900135,386,445,-59
118900136,338,1291,-953
118900137,18,53,-35
118900139,299,1068,-769
118900140,659,1262,-603
118900141,63,367,-304
118900144,308,980,-672
118900145,59,405,-346
118900146,461,1273,-812
118900147,931,256,675
118900148,98,116,-18
118900150,240,986,-746
118900152,752,1589,-837
118900157,290,268,22
118900158,130,168,-38
118900159,2,386,-384
118900161,302,12,290
118900163,438,116,322
118900164,19,213,-194
118900165,72,451,-379
118900166,45,6,39
118900167,140,291,-151
118900168,12,169,-157
118900169,157,939,-782
118900170,248,248,0
118900171,19,32,-13
118900174,85,126,-41
118900175,503,735,-232
118900176,173,457,-284
118900177,36,70,-34
118900178,81,254,-173
118900179,1,88,-87
118900181,101,156,-55
118900182,288,88,200
118900183,40,200,-160
118900184,377,120,257
118900185,137,221,-84
118900186,102,162,-60
118900187,345,647,-302
118900188,501,578,-77
118900189,54,1472,-1418
118900190,20,904,-884
118900191,238,137,101
118900192,286,44,242
118900193,695,28,667
118900195,730,1799,-1069
118900196,28,293,-265
118900197,179,184,-5
118900198,14,52,-38
118900199,59,75,-16
118900200,14,24,-10
118900201,20,22,-2
118900202,11,88,-77
118900203,15,76,-61
118900204,17,65,-48
118900205,10,34,-24
118900206,0,69,-69
119000001,1978,3239,-1261
119000002,5197,6649,-1452
119000003,3230,2800,430
119000004,5105,3243,1862
119000005,5403,4529,874
119000006,3422,2772,650
119000007,6332,6129,203
119000008,5020,3694,1326
119000009,5928,6178,-250
119000010,12642,5995,6647
119000011,9821,4758,5063
119000012,7375,5712,1663
119000013,3136,2117,1019
119000014,4837,6312,-1475
119000019,463,377,86
119000020,2833,2651,182
119000021,5204,4265,939
119000022,7226,5441,1785
119000023,896,561,335
119000024,3947,14873,-10926
119000025,23990,2604,21386
119000026,261,422,-161
119000027,1021,910,111
119000028,3980,3090,890
119000029,182,497,-315
119000030,707,2040,-1333
119000031,769,870,-101
119000032,3235,3909,-674
119000033,3517,3635,-118
119000034,1606,1692,-86
119000035,42,592,-550
119000036,2048,1846,202
119000037,1511,3604,-2093
119000038,235,1982,-1747
119000039,352,591,-239
119000040,2035,992,1043
119000041,1647,2246,-599
119000048,5594,5916,-322
119000049,2682,5272,-2590
119000050,3186,5082,-1896
119000051,3837,1716,2121
119000052,3450,5833,-2383
119000053,2546,2020,526
119000054,4262,6803,-2541
119000055,4289,6100,-1811
119000056,2859,3204,-345
119000057,1968,4470,-2502
119000058,3038,4173,-1135
119000059,1842,3301,-1459
119000060,2153,1576,577
119000061,1344,1527,-183
119000062,1435,2048,-613
119000063,563,486,77
119000064,2584,2702,-118
119000065,2921,5302,-2381
119000066,2562,1621,941
119000067,2719,4479,-1760
119000068,2025,1644,381
119000069,2082,4923,-2841
119000070,2622,1658,964
119000071,639,1407,-768
119000072,12998,5918,7080
119000073,8395,10297,-1902
119000074,1797,6026,-4229
119000075,1869,4087,-2218
119000076,579,1322,-743
119000077,1089,720,369
119000078,471,318,153
119000079,181,937,-756
119000080,346,370,-24
119000081,361,576,-215
119000082,1160,460,700
119000083,568,580,-12
119000084,361,901,-540
119000085,823,525,298
119000086,297,590,-293
119000087,2685,1624,1061
119000088,328,282,46
119000089,77,269,-192
119000090,182,281,-99
119000091,186,473,-287
119000092,871,357,514
119000093,7246,5872,1374
119000094,3422,14159,-10737
119000095,2160,5273,-3113
119000097,5016,3308,1708
119000098,1076,3847,-2771
119000099,3913,4392,-479
119000100,4975,3442,1533
119000101,4808,3188,1620
119000102,1283,1204,79
119000103,2137,818,1319
119000104,5453,2413,3040
119000105,1466,2283,-817
119000106,491,3291,-2800
119000107,996,803,193
119000108,522,1923,-1401
119000109,164,470,-306
119000110,793,490,303
119000111,98,895,-797
119000112,231,173,58
119000113,3484,450,3034
119000114,1289,1524,-235
119000115,195,633,-438
119000116,286,225,61
119000117,193,612,-419
119000118,5,4,1
119000123,12257,1129,11128
119000124,950,434,516
119000125,3629,1757,1872
119000126,581,1495,-914
119000127,822,1542,-720
119000128,51,13,38
119000131,1221,1581,-360
119000132,11,13,-2
119000133,1,7,-6
119000134,5786,1104,4682
119000135,220,273,-53
119000136,248,400,-152
119000137,199,847,-648
119000138,462,658,-196
119000139,279,493,-214
119000140,240,485,-245
119000284,1872,5390,-3518
119000285,3746,3947,-201
119000286,10572,9782,790
119000287,2115,4064,-1949
119000288,4029,2626,1403
119000289,5229,6747,-1518
119000290,248,1170,-922
119000291,14,672,-658
119000293,96,274,-178
119000294,31,52,-21
119000295,4593,1149,3444
119000296,133,177,-44
119000302,5287,2336,2951
119000303,78,408,-330
119000314,2467,14109,-11642
119000315,0,815,-815
119000316,71,153,-82
119000317,39,615,-576
119900001,417,1648,-1231
119900002,235,504,-269
119900003,128,2056,-1928
119900004,616,1173,-557
119900005,273,284,-11
119900006,361,703,-342
119900007,1245,210,1035
119900008,77,55,22
119900009,842,929,-87
119900010,2064,1786,278
119900011,30,112,-82
119900012,53,144,-91
119900013,2452,1229,1223
119900014,777,398,379
119900015,126,51,75
119900016,52,202,-150
119900017,19,49,-30
119900018,2905,1071,1834
119900019,57,8,49
119900020,194,246,-52
119900021,234,120,114
119900022,271,793,-522
119900023,1709,1463,246
119900025,205,46,159
119900026,1931,205,1726
119900027,23,37,-14
119900028,357,191,166
119900029,7,19,-12
119900030,682,871,-189
119900031,46,497,-451
119900033,2861,374,2487
119900034,439,245,194
119900037,228,118,110
119900038,79,479,-400
119900039,44,3,41
119900040,195,28,167
119900041,160,72,88
119900042,83,313,-230
119900043,70,323,-253
119900044,404,905,-501
119900046,157,124,33
119900047,355,81,274
119900048,55,59,-4
119900049,89,26,63
119900050,119,188,-69
119900051,1318,20,1298
119900052,58,106,-48
119900053,186,352,-166
119900054,95,8,87
119900055,1737,626,1111
119900057,241,191,50
119900058,205,0,205
119900059,367,41,326
119900060,276,21,255
119900061,307,10,297
119900062,80,62,18
119900063,20,116,-96
119900064,453,119,334
119900065,365,15,350
119900066,0,1,-1
119900067,88,77,11
119900068,466,5,461
119900069,68,16,52
119900070,1260,47,1213
119900071,650,27,623
119900072,426,902,-476
119900073,3205,926,2279
119900074,83,39,44
119900075,10825,4044,6781
119900076,849,844,5
119900077,989,2283,-1294
119900078,418,1353,-935
119900079,200,485,-285
119900080,382,446,-64
119900081,50,125,-75
119900082,1690,436,1254
119900083,550,139,411
119900084,2130,453,1677
119900085,293,144,149
119900086,141,1113,-972
119900087,2903,612,2291
119900088,68,131,-63
119900089,56,1032,-976
119900090,301,150,151
119900091,112,2209,-2097
119900092,62,911,-849
119900093,1621,355,1266
119900094,8,218,-210
119900095,412,184,228
119900096,52,176,-124
119900097,1070,282,788
119900098,123,114,9
119900099,31,484,-453
119900100,4906,3672,1234
119900101,336,1979,-1643
119900102,61,601,-540
119900103,58,884,-826
119900104,70,479,-409
119900105,1544,2230,-686
119900106,24,402,-378
119900107,728,6387,-5659
119900108,3991,1290,2701
119900109,54,616,-562
119900110,759,1363,-604
119900111,131,656,-525
119900112,5403,1148,4255
119900113,170,608,-438
119900114,347,3051,-2704
119900115,355,2077,-1722
119900116,179,758,-579
119900117,402,1760,-1358
119900118,107,2019,-1912
119900119,295,494,-199
119900120,899,1470,-571
119900121,373,2361,-1988
119900122,583,580,3
119900123,404,505,-101
119900124,275,1994,-1719
119900125,88,672,-584
119900126,10801,704,10097
119900127,5085,1742,3343
119900128,615,1547,-932
119900129,294,1788,-1494
119900130,48,606,-558
119900131,37,572,-535
119900132,2,628,-626
119900133,55,90,-35
119900134,4370,522,3848
119900135,6,971,-965
119900136,244,877,-633
119900138,614,1373,-759
119900139,48,199,-151
119900140,3,243,-240
119900141,252,1057,-805
119900142,18,51,-33
119900143,17,346,-329
119900144,4137,534,3603
119900145,220,419,-199
119900146,240,479,-239
119900147,3,320,-317
119900148,235,104,131
119900149,3717,4975,-1258
119900150,300,363,-63
119900151,3660,2040,1620
119900152,86,1035,-949
119900153,180,145,35
119900154,55,534,-479
119900155,48,68,-20
119900156,12,5,7
119900157,148,564,-416
119900158,167,135,32
119900159,15,3246,-3231
119900160,40,366,-326
119900161,229,722,-493
119900162,1232,1577,-345
119900163,266,257,9
119900164,0,3,-3
119900165,140,510,-370
119900166,144,53,91
119900167,165,245,-80
119900168,1062,761,301
119900169,211,780,-569
119900170,353,291,62
119900171,1106,970,136
119900172,270,32,238
119900173,5,1089,-1084
119900174,9,401,-392
119900175,1299,1213,86
119900177,70,354,-284
119900178,18,317,-299
119900179,152,436,-284
119900180,1258,1124,134
119900181,106,127,-21
119900182,13,1078,-1065
119900183,216,1690,-1474
119900184,6151,1086,5065
119900185,66,232,-166
119900186,206,1026,-820
119900187,27,1072,-1045
119900188,103,529,-426
119900189,688,428,260
119900190,95,286,-191
119900191,462,165,297
119900192,55,416,-361
119900193,379,377,2
119900194,47,87,-40
119900195,43,527,-484
119900196,3102,771,2331
119900197,383,215,168
119900198,140,658,-518
119900199,168,54,114
119900200,643,961,-318
119900201,595,400,195
119900202,262,220,42
119900203,308,628,-320
119900204,317,586,-269
119900205,705,1202,-497
119900206,145,295,-150
119900208,331,284,47
119900209,680,1686,-1006
119900210,45,44,1
119900211,131,37,94
119900212,177,473,-296
119900213,12,98,-86
119900214,34,157,-123
119900215,68,187,-119
119900216,22,175,-153
119900217,22,129,-107
119900218,30,124,-94
119900219,6,209,-203
119900220,3,228,-225
119900221,67,797,-730
119900222,40,519,-479
119900223,49,203,-154
119900224,14,60,-46
119900225,2234,88,2146
119900226,1416,2818,-1402
119900227,2121,899,1222
119900228,75,535,-460
119900229,448,1052,-604
119900230,3071,1268,1803
119900231,272,412,-140
119900232,266,154,112
119900233,60,5,55
119900234,20,121,-101
119900235,84,70,14
119900236,43,405,-362
119900237,151,1107,-956
119900238,17,140,-123
119900240,107,181,-74
119900241,280,456,-176
119900242,3687,5652,-1965
119900244,1680,2270,-590
119900245,197,276,-79
119900246,474,608,-134
119900247,65,114,-49
119900248,73,215,-142
119900249,276,124,152
119900253,7650,826,6824
119900254,143,699,-556
119900255,146,983,-837
119900256,681,1927,-1246
119900257,61,1,60
119900258,128,50,78
119900259,7,276,-269
119900260,191,7,184
119900261,307,380,-73
119900262,0,533,-533
119900263,1857,744,1113
119900264,101,420,-319
119900265,489,619,-130
119900266,300,606,-306
119900267,457,845,-388
119900268,137,422,-285
119900269,1240,2395,-1155
119900271,42,217,-175
119900272,651,153,498
119900275,183,0,183
119900276,69,3,66
119900277,53,47,6
119900278,582,116,466
119900279,296,691,-395
119900280,1698,394,1304
119900281,1,223,-222
119900282,102,80,22
119900283,11,613,-602
119900284,73,341,-268
119900285,38,93,-55
119900286,4,42,-38
119900288,4,58,-54
119900289,0,45,-45
119900290,8,70,-62
119900291,48,148,-100
119900292,31,33,-2
119900293,32,90,-58
119900294,18,109,-91
119900295,4,58,-54
119900296,27,299,-272
119900297,3,25,-22
119900298,12,5,7
119900299,65,551,-486
119900300,291,386,-95
119900301,700,140,560
119900302,270,207,63
119900303,293,325,-32
119900304,230,62,168
119900305,33,206,-173
119900306,18,0,18
119900307,49,334,-285
119900308,5,31,-26
119900309,69,135,-66
119900310,466,582,-116
119900311,75,268,-193
119900312,133,133,0
119900313,309,703,-394
119900314,227,517,-290
119900315,1710,4866,-3156
119900318,24,48,-24
119900319,3,580,-577
119900320,266,1063,-797
119900321,71,2,69
120000001,19310,23454,-4144
120000002,3178,5002,-1824
120000003,4927,2934,1993
120000004,4023,3616,407
120000005,7568,2986,4582
120000006,2154,2001,153
120000007,6303,4400,1903
120000008,1561,2389,-828
120000009,7703,1491,6212
120000010,2262,4817,-2555
120000011,1735,3863,-2128
120000012,2306,5444,-3138
120000013,3530,4717,-1187
120000014,932,2999,-2067
120000015,3788,2841,947
120000016,5462,4907,555
120000017,3637,4408,-771
120000018,8374,16805,-8431
120000019,1270,2287,-1017
120000020,5039,4395,644
120000021,2868,3343,-475
120000022,4018,5488,-1470
120000023,1162,2821,-1659
120000024,1936,3599,-1663
120000025,3088,3575,-487
120000026,1883,3107,-1224
120000027,1943,2852,-909
120000028,1696,982,714
120000029,9928,1061,8867
120000030,204,2310,-2106
120000031,3385,21188,-17803
120000032,17156,5725,11431
120000033,6145,3455,2690
120000034,2729,4091,-1362
120000035,2963,4572,-1609
120000036,4156,8451,-4295
120000037,993,2439,-1446
120000038,18209,5596,12613
120000039,625,1432,-807
120000040,139,267,-128
120000041,1467,2954,-1487
120000042,3162,6272,-3110
120000043,7905,5194,2711
120000044,6233,2153,4080
120000045,6149,1684,4465
120000046,3185,4412,-1227
120000047,4002,7077,-3075
120000048,15750,6847,8903
120000049,8890,5093,3797
120000050,9207,8671,536
120000051,5545,10447,-4902
120000052,23263,4173,19090
120000053,1338,6423,-5085
120000054,1985,10431,-8446
120000055,2183,9673,-7490
120000056,5141,8230,-3089
120000057,4138,1179,2959
120000058,1539,445,1094
120000059,115,1739,-1624
120000061,225,894,-669
120000062,281,533,-252
120000063,2900,4919,-2019
120000064,279,2594,-2315
120000065,867,3190,-2323
120000066,215,823,-608
120000067,111,990,-879
120000068,289,1791,-1502
120000069,938,2592,-1654
120000070,76,1568,-1492
120000071,434,346,88
120000072,663,885,-222
120000073,823,160,663
120000074,227,148,79
120000075,821,369,452
120000076,2107,708,1399
120000077,2029,956,1073
120000078,5940,1483,4457
120000079,242,153,89
120000080,107,257,-150
120000081,334,210,124
120000082,250,243,7
120000083,140,692,-552
120000084,715,788,-73
120000085,502,476,26
120000086,445,890,-445
120000087,271,1863,-1592
120000088,877,2609,-1732
120000089,1651,1346,305
120000090,985,1042,-57
120000091,1101,1863,-762
120000092,1893,1094,799
120000093,507,1003,-496
120000094,205,1022,-817
120000095,1268,1036,232
120000096,355,1724,-1369
120000098,1289,1749,-460
120000099,619,1200,-581
120000100,967,1432,-465
120000101,654,809,-155
120000102,679,1103,-424
120000103,1691,996,695
120000104,2173,616,1557
120000105,3658,730,2928
120000106,2659,796,1863
120000107,3743,917,2826
120000108,1164,212,952
120000109,1514,146,1368
120000110,123,1574,-1451
120000111,191,2277,-2086
120000112,1067,6791,-5724
120000113,894,5187,-4293
120000114,1254,5736,-4482
120000115,479,4767,-4288
120000116,916,3734,-2818
120000117,2647,3002,-355
120000118,50,48,2
120000119,48,119,-71
120000120,89,91,-2
120000121,46,95,-49
120000122,588,538,50
120000123,11425,8972,2453
120000124,416,897,-481
120000125,611,1807,-1196
120000126,554,1483,-929
120000127,4794,1653,3141
120000128,11843,4790,7053
120000129,545,557,-12
120000130,1167,1320,-153
120000131,424,804,-380
120000134,633,2411,-1778
120000135,503,605,-102
120000137,385,3720,-3335
120000138,901,885,16
120000139,344,1830,-1486
120000140,820,1147,-327
120000141,248,926,-678
120000142,510,1088,-578
120000143,2,192,-190
120000144,91,1,90
120000145,293,3,290
120000146,5371,2095,3276
120000149,827,1665,-838
120000150,7846,12819,-4973
120000151,560,853,-293
120000152,600,503,97
120000153,506,1606,-1100
120000154,799,866,-67
120000155,131,439,-308
120000156,3191,1330,1861
120000157,1393,1124,269
120000158,1327,1930,-603
120000159,2639,4037,-1398
120000160,2951,2198,753
120000161,3280,5823,-2543
120000162,275,669,-394
120000163,838,2385,-1547
120000164,541,647,-106
120000165,601,1643,-1042
120000166,1746,1008,738
120000167,84,105,-21
120000168,42,383,-341
120000169,228,971,-743
120000170,366,469,-103
120000171,96,135,-39
120000172,87,78,9
120000173,6748,510,6238
120000174,1012,32,980
120000175,2510,38,2472
120000176,1343,74,1269
120000177,3450,466,2984
120000178,226,21,205
120000179,1002,71,931
120000180,1088,178,910
120000181,288,529,-241
120000182,215,221,-6
120000183,18,262,-244
120000184,237,1353,-1116
120000186,250,188,62
120000187,266,88,178
120000188,1423,148,1275
120000190,3242,34,3208
120000191,4213,81,4132
120000192,2324,44,2280
120000193,998,18,980
120000195,81,13,68
120000196,400,158,242
120000197,150,582,-432
120000198,236,247,-11
120000199,108,0,108
120000200,131,5,126
120000201,16,32,-16
120000202,0,144,-144
120000203,42,527,-485
120000207,3,176,-173
120000208,18,502,-484
120000209,7,147,-140
120000210,203,152,51
120000211,119,0,119
120000212,106,1,105
120000213,95,505,-410
120000214,6,647,-641
120000215,1,277,-276
120000216,82,10,72
120000217,1309,2206,-897
120000218,311,1538,-1227
120000219,10,989,-979
120000220,11,3480,-3469
120000225,1398,4,1394
120000226,379,3,376
120000227,1016,58,958
120000228,9805,4416,5389
120000230,407,16,391
120000231,1611,4148,-2537
120000233,360,31,329
120000235,226,1298,-1072
120000236,1395,0,1395
120000237,8,4112,-4104
120000238,0,502,-502
120000241,1786,6900,-5114
120000412,3254,25,3229
120000413,330,860,-530
120000414,122,10,112
120000415,4,313,-309
120000416,80,16,64
120000417,0,239,-239
120000418,169,39,130
120000419,13,805,-792
120000420,81,78,3
120000421,23783,9389,14394
120000422,351,1125,-774
120000423,4,94,-90
120000424,116,252,-136
120000436,190,755,-565
120000437,202,277,-75
120000438,8157,1017,7140
120000439,279,626,-347
120000443,166,2,164
120000444,1550,1412,138
120000445,2670,2158,512
120000446,1915,560,1355
120000447,219,7,212
120000449,124,31,93
120000450,5,518,-513
120000451,184,552,-368
120000452,112,4,108
120000453,1,997,-996
120000454,165,58,107
120000455,91,141,-50
120000456,5131,5907,-776
120000457,3363,1557,1806
120000458,845,1212,-367
120000459,70,178,-108
120000665,4197,280,3917
120000668,197,399,-202
120000669,126,747,-621
120000670,276,615,-339
120000671,2200,644,1556
120000672,146,705,-559
120900001,66,100,-34
120900002,1596,771,825
120900003,709,93,616
120900004,11,165,-154
120900005,134,2005,-1871
120900006,320,345,-25
120900007,184,349,-165
120900008,333,2097,-1764
120900009,443,77,366
120900010,464,118,346
120900011,723,220,503
120900012,1966,1692,274
120900013,330,96,234
120900014,4,1577,-1573
120900015,528,145,383
120900016,868,82,786
120900017,5942,193,5749
120900018,155,968,-813
120900019,909,276,633
120900020,1339,1517,-178
120900021,811,197,614
120900022,29,768,-739
120900023,245,79,166
120900024,2787,760,2027
120900025,3194,1868,1326
120900026,329,380,-51
120900027,1295,166,1129
120900028,541,107,434
120900029,278,554,-276
120900030,1453,1011,442
120900031,292,107,185
120900032,1162,243,919
120900033,1211,94,1117
120900034,103,3589,-3486
120900035,61,464,-403
120900037,312,11,301
120900038,70,278,-208
120900039,89,77,12
120900040,251,5,246
120900041,212,76,136
120900042,435,100,335
120900043,66,26,40
120900044,14,930,-916
120900045,172,339,-167
120900046,351,7,344
120900047,138,95,43
120900048,88,26,62
120900049,372,1,371
120900050,6848,2195,4653
120900051,315,221,94
120900052,642,7,635
120900053,240,224,16
120900054,2171,1639,532
120900055,362,4,358
120900056,533,16,517
120900057,149,19,130
120900058,486,1,485
120900059,91,3,88
120900060,122,81,41
120900061,305,1009,-704
120900062,260,1,259
120900063,640,10,630
120900064,508,1,507
120900065,456,7,449
120900066,331,496,-165
120900067,229,82,147
120900068,240,1,239
120900069,182,109,73
120900071,30,1,29
120900072,733,5,728
120900073,443,439,4
120900074,751,11,740
120900076,315,1,314
120900077,8526,631,7895
120900078,826,1383,-557
120900079,772,195,577
120900080,634,3477,-2843
120900081,1156,2187,-1031
120900082,1134,500,634
120900083,110,18,92
120900084,406,525,-119
120900085,232,236,-4
120900086,246,355,-109
120900087,541,278,263
120900088,386,508,-122
120900089,8265,3165,5100
120900090,186,511,-325
120900091,656,730,-74
120900092,1725,1249,476
120900093,6548,554,5994
120900094,779,497,282
120900095,1093,80,1013
120900096,74,440,-366
120900097,1123,1691,-568
120900098,413,346,67
120900099,79,166,-87
120900100,100,606,-506
120900101,867,459,408
120900102,39,453,-414
120900103,53,322,-269
120900104,54,103,-49
120900105,42,1187,-1145
120900106,1884,1096,788
120900107,429,284,145
120900108,5,1426,-1421
120900109,58,1284,-1226
120900110,25,2199,-2174
120900111,268,643,-375
120900112,28,2440,-2412
120900113,34,1475,-1441
120900114,37,276,-239
120900115,225,318,-93
120900116,489,1053,-564
120900117,5,1085,-1080
120900118,30,1546,-1516
120900119,4768,12499,-7731
120900120,161,1258,-1097
120900121,244,927,-683
120900122,507,1353,-846
120900123,4,871,-867
120900124,5,1293,-1288
120900125,8,2443,-2435
120900126,2286,1831,455
120900127,19,937,-918
120900128,1268,2015,-747
120900129,58,584,-526
120900130,16,488,-472
120900131,49,218,-169
120900132,889,732,157
120900133,336,1983,-1647
120900134,817,771,46
120900135,12,1189,-1177
120900136,45,74,-29
120900137,309,211,98
120900138,26,328,-302
120900139,2,1317,-1315
120900140,0,107,-107
120900141,399,248,151
120900142,40,1525,-1485
120900143,5,1638,-1633
120900144,1,373,-372
120900145,79,1361,-1282
120900146,8,1793,-1785
120900147,4,702,-698
120900148,191,226,-35
120900149,1,652,-651
120900150,42,1154,-1112
120900151,1,1250,-1249
120900152,0,73,-73
120900153,18,153,-135
120900154,3,672,-669
120900155,175,1911,-1736
120900156,78,491,-413
120900157,85,291,-206
120900158,49,843,-794
120900159,109,301,-192
120900160,53,703,-650
120900161,31,971,-940
120900162,36,873,-837
120900163,27,497,-470
120900164,1,1,0
120900165,2,12,-10
120900166,637,391,246
120900167,735,226,509
120900169,66,1043,-977
120900170,4505,3052,1453
120900171,1925,696,1229
120900172,4165,540,3625
120900173,1,88,-87
120900174,11,273,-262
120900175,375,528,-153
120900176,17,517,-500
120900177,1,1556,-1555
120900178,0,688,-688
120900179,1324,918,406
120900180,360,160,200
120900181,90,132,-42
120900182,29,1945,-1916
120900183,449,300,149
120900184,156,162,-6
120900185,15,834,-819
120900186,3,886,-883
120900187,692,1312,-620
120900188,164,60,104
120900189,292,1243,-951
120900190,55,65,-10
120900191,9,63,-54
120900192,23203,6626,16577
120900194,29,152,-123
120900195,201,482,-281
120900196,942,66,876
120900197,842,182,660
120900198,398,1136,-738
120900199,598,3252,-2654
120900200,117,229,-112
120900201,1081,232,849
120900202,2,415,-413
120900203,34,150,-116
120900204,184,553,-369
120900205,101,171,-70
120900206,19,38,-19
121000001,2677,2021,656
121000002,9069,4882,4187
121000003,6985,3851,3134
121000004,6857,17980,-11123
121000005,4257,5448,-1191
121000006,7701,3236,4465
121000007,7570,4705,2865
121000008,18669,7439,11230
121000009,12894,11145,1749
121000010,21461,16386,5075
121000011,16975,26710,-9735
121000012,28747,24197,4550
121000013,9447,15021,-5574
121000014,12504,15654,-3150
121000015,12976,12253,723
121000016,9011,9726,-715
121000017,3239,6050,-2811
121000018,4064,3223,841
121000019,30626,16377,14249
121000020,19631,19728,-97
121000021,5268,5545,-277
121000022,3527,3421,106
121000023,6913,5815,1098
121000024,6100,6775,-675
121000025,1548,2896,-1348
121000026,641,318,323
121000027,2746,1711,1035
121000028,1679,798,881
121000029,1737,1131,606
121000030,177,143,34
121000031,1623,1128,495
121000032,404,151,253
121000034,2130,320,1810
121000035,959,154,805
121000036,3609,1912,1697
121000037,1701,1020,681
121000038,1602,1461,141
121000039,1472,981,491
121000041,892,943,-51
121000042,485,551,-66
121000043,1809,1248,561
121000044,4740,1384,3356
121000045,859,648,211
121000046,1085,1622,-537
121000047,164,166,-2
121000049,3990,1116,2874
121000050,576,2041,-1465
121000051,1664,599,1065
121000052,780,1080,-300
121000053,1057,220,837
121000054,83,677,-594
121000055,2905,1841,1064
121000056,1568,1953,-385
121000057,476,798,-322
121000058,433,171,262
121000059,4232,2259,1973
121000060,720,1390,-670
121000061,1087,425,662
121000062,353,486,-133
121000063,1077,783,294
121000064,997,924,73
121000065,1109,683,426
121000066,770,409,361
121000067,2456,665,1791
121000068,1256,585,671
121000069,1842,994,848
121000070,4162,1935,2227
121000071,2842,2341,501
121000072,3093,1245,1848
121000073,4512,1230,3282
121000074,405,186,219
121000075,211,351,-140
121000076,2585,771,1814
121000077,332,333,-1
121000078,209,177,32
121000080,4408,1246,3162
121000081,6693,8441,-1748
121000082,236,388,-152
121000083,610,225,385
121000084,476,187,289
121000085,415,988,-573
121000086,263,1213,-950
121000087,112,402,-290
121000088,653,1367,-714
121000089,922,588,334
121000090,1179,680,499
121000091,2799,1515,1284
121000092,283,183,100
121000093,245,396,-151
121000094,605,1391,-786
121000095,499,787,-288
121000096,3269,4899,-1630
121000097,1896,3650,-1754
121000098,646,1900,-1254
121000099,683,1386,-703
121000100,1178,780,398
121000101,389,423,-34
121000102,369,537,-168
121000103,229,414,-185
121000104,387,273,114
121000105,622,366,256
121000106,341,624,-283
121000107,4732,6212,-1480
121000109,2921,2113,808
121000110,530,1350,-820
121000114,6309,3327,2982
121000115,2192,1327,865
121000116,546,1724,-1178
121000117,1323,449,874
121000118,2244,437,1807
121000119,389,664,-275
121000120,363,579,-216
121000121,920,1806,-886
121000123,2978,896,2082
121000126,191,542,-351
121000127,672,153,519
121000128,1219,658,561
121000129,1163,781,382
121000130,683,1670,-987
121000131,3365,2491,874
121000132,2080,2028,52
121000135,750,1117,-367
121000136,2775,691,2084
121000137,646,399,247
121000138,1964,1554,410
121000139,1247,223,1024
121000141,787,249,538
121000142,1663,946,717
121000143,137,41,96
121000144,1558,2579,-1021
121000145,1177,1802,-625
121000146,3589,1711,1878
121000147,1659,989,670
121000148,2197,1652,545
121000149,4780,2139,2641
121000152,1242,1456,-214
121000153,3529,1781,1748
121000154,1578,2538,-960
121000155,2667,2244,423
121000156,629,2399,-1770
121000157,2068,5089,-3021
121000158,528,1542,-1014
121000159,355,1236,-881
121000160,445,1201,-756
121000161,295,593,-298
121000162,141,407,-266
121000165,3349,2562,787
121000166,36,1014,-978
121000168,866,557,309
121000169,171,250,-79
121000170,571,645,-74
121000171,123,290,-167
121000172,1227,890,337
121000173,2189,1734,455
121000174,484,587,-103
121000175,1952,607,1345
121000176,648,313,335
121000177,2053,657,1396
121000178,196,65,131
121000179,152,96,56
121000181,418,997,-579
121000182,226,208,18
121000183,56,135,-79
121000184,428,119,309
121000185,68,208,-140
121000186,313,593,-280
121000187,324,438,-114
121000188,350,370,-20
121000192,1346,887,459
121000193,1306,847,459
121000194,4882,4349,533
121000195,978,1735,-757
121000196,2129,377,1752
121000197,936,1477,-541
121000198,1302,196,1106
121000199,367,769,-402
121000200,1528,134,1394
121000201,25,400,-375
121000202,808,9,799
121000203,1590,3627,-2037
121000204,4587,1139,3448
121000205,661,532,129
121000206,553,46,507
121000207,2730,631,2099
121000208,24,595,-571
121000209,391,598,-207
121000210,525,1118,-593
121000211,530,263,267
121000212,440,1499,-1059
121000213,15802,5982,9820
121000214,1363,6594,-5231
121000215,2606,1699,907
121000216,1378,1687,-309
121000217,12632,5753,6879
121000218,1210,3137,-1927
121000219,5575,933,4642
121000220,673,91,582
121000221,400,484,-84
121000222,4999,3825,1174
121000223,1436,453,983
121000224,874,288,586
121000225,5456,1943,3513
121000226,19114,1726,17388
121000227,17,478,-461
121000228,25,1109,-1084
121000229,548,712,-164
121000230,115,3104,-2989
121000231,1421,88,1333
121000232,602,563,39
121000233,1270,551,719
121000234,38,62,-24
121000235,112,44,68
121000236,11,105,-94
121000237,39,10,29
121000238,6,144,-138
121000239,23,7,16
121000240,14,500,-486
121000241,89,20,69
121000242,43,222,-179
121000243,310,88,222
121000244,5,96,-91
121000245,34,12,22
121000246,0,116,-116
121000247,55,1,54
121000248,847,655,192
121000249,260,465,-205
121000250,1065,175,890
121000251,33,961,-928
121000252,145,125,20
121000253,440,748,-308
121000254,917,476,441
121000255,659,279,380
121000256,1158,352,806
121000257,140,125,15
121000258,422,69,353
121000259,90,64,26
121000260,402,271,131
121000261,383,68,315
121000262,2015,2182,-167
121000263,446,645,-199
121000271,432,2724,-2292
121000273,571,17,554
121000274,100,59,41
121000275,13,18,-5
121000276,5,22,-17
121000278,119,96,23
121000279,172,28,144
121000280,556,78,478
121000289,280,31,249
121000290,2821,1103,1718
121000294,117,216,-99
121000297,2457,2736,-279
121000299,1336,402,934
121000300,1317,1139,178
121000302,144,1467,-1323
121000303,810,636,174
121000304,659,90,569
121000305,287,101,186
121000306,312,227,85
121000308,385,1053,-668
121000309,1004,1249,-245
121000310,357,712,-355
121000311,174,1671,-1497
121000312,655,714,-59
121000313,1046,1405,-359
121000314,133,142,-9
121000315,84,115,-31
121000530,2082,2707,-625
121000531,1849,2475,-626
121000532,9999,8465,1534
121000533,3655,4733,-1078
121000918,135,273,-138
121000919,105,87,18
121000938,199,223,-24
121000939,208,147,61
121000956,1314,2539,-1225
121000957,23,22,1
121000958,1116,80,1036
121000959,999,1479,-480
121000960,2925,3076,-151
121000961,291,111,180
121000962,371,1925,-1554
121000973,0,197,-197
121000976,29,285,-256
121000979,550,160,390
121000981,383,167,216
121000982,309,357,-48
121000983,895,659,236
121000984,349,85,264
121000985,713,1462,-749
121000986,348,692,-344
121000987,382,2803,-2421
121000988,1272,241,1031
121001302,656,266,390
121001308,184,17,167
121001309,370,211,159
121001313,263,489,-226
121001314,4899,6606,-1707
121001315,6129,3996,2133
121900001,116,199,-83
121900002,359,23,336
121900003,663,34,629
121900004,658,715,-57
121900005,39,13,26
121900006,235,27,208
121900007,4270,4965,-695
121900008,3194,932,2262
121900009,890,20,870
121900010,256,4,252
121900011,611,741,-130
121900012,101,1,100
121900013,2923,111,2812
121900014,2510,548,1962
121900015,308,327,-19
121900016,11,55,-44
121900017,771,866,-95
121900018,448,4,444
121900019,642,413,229
121900020,48,8,40
121900021,1317,21,1296
121900022,274,397,-123
121900023,195,750,-555
121900024,625,153,472
121900025,819,703,116
121900026,773,74,699
121900027,754,174,580
121900028,569,46,523
121900029,292,415,-123
121900030,1362,1659,-297
121900031,2643,16106,-13463
121900032,190,197,-7
121900033,265,246,19
121900034,1554,137,1417
121900035,4531,4272,259
121900036,182,645,-463
121900037,272,855,-583
121900038,73,280,-207
121900039,867,89,778
121900040,58,116,-58
121900041,115,234,-119
121900042,613,297,316
121900043,0,16,-16
121900044,347,134,213
121900045,1037,611,426
121900046,550,330,220
121900047,321,121,200
121900048,92,253,-161
121900050,27,38,-11
121900051,228,222,6
121900052,282,69,213
121900053,559,892,-333
121900054,1273,1300,-27
121900055,14,9,5
121900058,892,403,489
121900059,711,335,376
121900060,188,456,-268
121900061,282,286,-4
121900062,207,272,-65
121900063,2180,450,1730
121900064,550,1191,-641
121900066,60,20,40
121900067,56,63,-7
121900069,220,277,-57
121900070,928,192,736
121900071,306,491,-185
121900072,57,260,-203
121900073,436,301,135
121900074,1087,2027,-940
121900075,2062,600,1462
121900076,1912,978,934
121900077,35,97,-62
121900078,85,54,31
121900079,2,0,2
121900080,1516,834,682
121900082,45,178,-133
121900083,1436,368,1068
121900084,16,291,-275
121900085,7,44,-37
121900086,13,59,-46
121900087,277,108,169
121900088,3873,6885,-3012
121900089,353,578,-225
121900090,29,184,-155
121900091,109,204,-95
121900092,173,118,55
121900093,97,137,-40
121900094,15,14,1
121900095,354,243,111
121900096,3480,1047,2433
121900097,692,264,428
121900098,9,7,2
121900099,303,108,195
121900100,283,517,-234
121900101,190,222,-32
121900102,10,225,-215
121900103,1560,294,1266
121900104,2465,573,1892
121900105,298,366,-68
121900106,9,8,1
121900107,43,52,-9
121900108,3,60,-57
121900109,812,249,563
121900110,524,1908,-1384
121900111,1800,173,1627
121900112,276,147,129
121900113,171,1397,-1226
121900114,83,143,-60
121900115,211,593,-382
121900117,907,79,828
121900118,4436,907,3529
121900119,180,141,39
121900120,63,3147,-3084
121900121,1219,134,1085
121900122,25,81,-56
121900123,336,854,-518
121900124,171,198,-27
121900125,2168,2764,-596
121900127,18,154,-136
121900128,192,229,-37
121900129,1229,340,889
121900130,315,364,-49
121900131,513,95,418
121900132,106,231,-125
121900133,151,682,-531
121900134,53,180,-127
121900135,3573,470,3103
121900136,297,717,-420
121900137,115,685,-570
121900138,352,445,-93
121900139,727,743,-16
121900140,150,261,-111
121900141,93,37,56
121900142,214,240,-26
121900143,18,281,-263
121900144,236,479,-243
121900145,329,466,-137
121900146,1446,1289,157
121900147,91,253,-162
121900148,267,453,-186
121900149,940,1129,-189
121900150,154,213,-59
121900151,110,304,-194
121900152,150,256,-106
121900153,115,973,-858
121900154,13,315,-302
121900155,4,218,-214
121900156,246,131,115
121900157,6,562,-556
121900158,155,146,9
121900159,2,323,-321
121900160,45,408,-363
121900161,760,569,191
121900162,196,229,-33
121900163,287,988,-701
121900164,652,242,410
121900165,326,256,70
121900166,265,234,31
121900167,160,190,-30
121900168,319,239,80
121900169,11,433,-422
121900170,8,438,-430
121900171,979,1267,-288
121900172,733,401,332
121900173,1886,501,1385
121900174,33,80,-47
121900175,738,280,458
121900176,1280,2714,-1434
121900177,240,110,130
121900178,13,5,8
121900179,534,224,310
121900180,9078,5561,3517
121900182,2338,436,1902
121900183,905,1292,-387
121900184,112,954,-842
121900185,166,204,-38
121900186,13,526,-513
121900187,57,236,-179
121900188,799,981,-182
121900189,69,186,-117
121900190,760,968,-208
121900191,88,722,-634
121900192,662,1004,-342
121900193,54,76,-22
121900194,5,264,-259
121900195,164,140,24
121900196,1808,2708,-900
121900197,662,3405,-2743
121900198,1778,2318,-540
121900199,5,48,-43
121900200,494,348,146
121900201,1905,990,915
121900202,343,1170,-827
121900203,408,2279,-1871
121900204,1703,2974,-1271
121900205,213,373,-160
121900206,16,37,-21
121900207,416,86,330
121900208,276,430,-154
121900209,71,39,32
121900210,2410,2459,-49
121900211,7,228,-221
121900212,163,211,-48
121900213,153,158,-5
121900214,29,1441,-1412
121900215,148,156,-8
121900216,353,302,51
121900217,361,190,171
121900218,471,1002,-531
121900219,883,121,762
121900220,178,32,146
121900221,372,1214,-842
121900222,393,272,121
121900223,583,110,473
121900224,259,111,148
121900225,821,131,690
121900226,698,1655,-957
121900227,262,750,-488
121900228,356,554,-198
121900229,384,395,-11
121900230,410,569,-159
121900231,786,2723,-1937
121900232,749,653,96
121900233,430,349,81
121900234,1180,559,621
121900235,717,364,353
121900236,497,274,223
121900237,459,372,87
121900238,265,638,-373
121900239,325,99,226
121900240,316,342,-26
121900241,74,114,-40
121900242,7,1,6
121900243,11,3,8
121900244,23,4,19
121900245,338,164,174
121900246,4321,881,3440
121900247,450,362,88
121900248,2155,1883,272
121900250,386,332,54
121900251,435,63,372
121900252,1091,248,843
121900253,217,1278,-1061
121900254,692,419,273
121900255,305,209,96
121900258,4916,4061,855
121900259,482,1253,-771
121900260,334,366,-32
121900261,181,1147,-966
121900262,639,2920,-2281
121900263,207,1007,-800
121900264,3666,3546,120
121900265,423,598,-175
121900266,350,271,79
121900267,97,117,-20
121900269,259,1030,-771
121900270,43,346,-303
121900271,69,309,-240
121900273,1513,3884,-2371
121900274,537,462,75
121900276,5001,229,4772
121900277,657,2007,-1350
121900278,624,1222,-598
121900279,229,239,-10
121900280,681,489,192
121900281,1452,621,831
121900284,160,27,133
121900286,293,239,54
121900287,23,51,-28
121900290,371,516,-145
121900291,836,1134,-298
121900292,684,264,420
121900293,1857,5190,-3333
121900294,427,3,424
121900295,165,485,-320
121900296,239,223,16
121900298,844,993,-149
121900299,1,0,1
121900300,45,0,45
121900301,119,1,118
121900302,5,81,-76
121900303,1648,565,1083
121900304,3,13,-10
121900305,0,1,-1
121900306,99,0,99
121900307,42,27,15
121900308,12,395,-383
121900309,22,433,-411
121900310,42,688,-646
121900311,372,43,329
121900312,236,16,220
121900313,370,29,341
121900314,5,104,-99
121900315,3,1,2
121900316,0,11,-11
121900317,18,2,16
121900318,0,27,-27
121900319,18,114,-96
121900320,86,156,-70
121900321,2,1,1
121900322,0,43,-43
121900323,29,28,1
121900324,22,149,-127
121900325,3,2,1
121900326,1,26,-25
121900327,4,40,-36
121900328,1,7,-6
121900329,1,138,-137
121900330,9,29,-20
121900331,431,51,380
121900332,112,66,46
122000001,4013,5702,-1689
122000002,6928,2830,4098
122000003,3099,2911,188
122000004,4663,2478,2185
122000005,4768,1886,2882
122000006,4845,1017,3828
122000007,2512,2784,-272
122000008,10701,9432,1269
122000009,788,574,214
122000010,3377,6254,-2877
122000011,5746,2495,3251
122000012,2854,2019,835
122000013,6501,2340,4161
122000014,3143,4690,-1547
122000015,3326,1813,1513
122000016,1017,1383,-366
122000017,1830,1603,227
122000018,2690,1492,1198
122000019,1992,2164,-172
122000020,386,335,51
122000021,1006,986,20
122000022,3029,3055,-26
122000023,1017,6681,-5664
122000024,2124,1717,407
122000025,4999,2429,2570
122000026,2333,1341,992
122000027,985,9648,-8663
122000028,1250,829,421
122000029,1147,608,539
122000030,736,304,432
122000031,461,483,-22
122000032,3960,6793,-2833
122000033,2317,1547,770
122000034,2315,1229,1086
122000035,533,2258,-1725
122000036,1306,950,356
122000037,626,419,207
122000038,458,518,-60
122000039,1221,1027,194
122000040,664,2051,-1387
122000041,991,851,140
122000042,1032,686,346
122000043,273,204,69
122000044,378,327,51
122000045,3147,795,2352
122000046,1585,2247,-662
122000047,560,298,262
122000048,6095,9155,-3060
122000049,10884,3580,7304
122000050,3713,1062,2651
122000051,1046,494,552
122000052,1127,402,725
122000053,430,753,-323
122000054,4250,3643,607
122000055,6094,4160,1934
122000056,8054,7471,583
122000057,5400,5513,-113
122000058,6828,1469,5359
122000059,5813,2180,3633
122000060,1615,994,621
122000061,756,598,158
122000062,2440,417,2023
122000063,3386,1240,2146
122000064,10123,3607,6516
122000065,13913,4263,9650
122000066,2536,1699,837
122000067,5629,2297,3332
122000068,2795,3604,-809
122000069,1164,1206,-42
122000070,1412,12064,-10652
122000071,2109,4703,-2594
122000072,559,538,21
122000073,773,789,-16
122000074,5247,2625,2622
122000075,1034,3878,-2844
122000076,3080,1950,1130
122000077,2842,977,1865
122000078,4340,3031,1309
122000079,3716,1456,2260
122000080,2293,642,1651
122000081,346,661,-315
122000082,1407,1088,319
122000083,2938,7531,-4593
122000084,2086,1619,467
122000085,484,6126,-5642
122000086,4345,9584,-5239
122000087,703,287,416
122000088,629,597,32
122000089,17017,7598,9419
122000090,559,964,-405
122000091,1236,116,1120
122000092,675,35,640
122000093,5569,1619,3950
122000094,17018,3403,13615
122000095,6133,5442,691
122000096,4774,4059,715
122000098,5295,2558,2737
122000099,10665,1093,9572
122000100,2255,1611,644
122000101,582,3378,-2796
122000102,3079,1701,1378
122000103,3722,2268,1454
122000104,572,331,241
122000105,635,448,187
122000106,877,965,-88
122000107,1714,1051,663
122000108,689,1101,-412
122000109,534,851,-317
122000110,719,635,84
122000111,4770,1868,2902
122000112,1610,2264,-654
122000113,1334,1221,113
122000114,12478,3027,9451
122000115,2421,5447,-3026
122000116,780,881,-101
122000117,2066,636,1430
122000118,676,1091,-415
122000119,4990,3532,1458
122000120,3924,6485,-2561
122000121,5056,4517,539
122000122,1080,2666,-1586
122000123,3333,3293,40
122000124,1893,1148,745
122000125,902,1213,-311
122000126,933,1872,-939
122000127,2181,1570,611
122000128,905,1618,-713
122000129,556,2192,-1636
122000130,4931,1567,3364
122000131,2785,1864,921
122000132,1230,886,344
122000133,2187,3718,-1531
122000134,1165,966,199
122000135,1050,1137,-87
122000136,1119,728,391
122000137,2509,1326,1183
122000139,4619,8937,-4318
122000140,3307,1100,2207
122000141,9742,2176,7566
122000142,1334,1162,172
122000143,1032,743,289
122000144,4388,2003,2385
122000145,5278,1557,3721
122000146,1609,1712,-103
122000147,2768,778,1990
122000148,4792,2312,2480
122000149,3174,2244,930
122000150,2501,1623,878
122000151,364,529,-165
122000152,1040,677,363
122000153,1103,531,572
122000154,469,279,190
122000155,2032,4384,-2352
122000156,2897,3089,-192
122000157,3934,1878,2056
122000158,914,973,-59
122000159,2517,2876,-359
122000160,8008,3406,4602
122000161,1901,1765,136
122000162,3460,3172,288
122000163,400,92,308
122000164,37,97,-60
122000165,1871,1601,270
122000166,2599,2403,196
122000167,272,374,-102
122000168,452,853,-401
122000169,1473,455,1018
122000170,553,428,125
122000171,71,136,-65
122000172,2332,2842,-510
122000173,2251,3865,-1614
122000174,5762,1214,4548
122000175,2659,569,2090
122000176,594,1004,-410
122000177,3390,2009,1381
122000178,6282,8369,-2087
122000179,3515,5655,-2140
122000180,3024,2362,662
122000181,3192,5980,-2788
122000182,3830,3532,298
122000183,3171,2359,812
122000184,3728,3510,218
122000185,1852,1870,-18
122000186,1465,1226,239
122000187,5461,1843,3618
122000188,598,322,276
122000189,532,671,-139
122000190,2781,1797,984
122000191,3239,1693,1546
122000192,2211,606,1605
122000193,822,841,-19
122000194,2627,375,2252
122000195,592,627,-35
122000196,1594,859,735
122000197,782,1037,-255
122000198,1449,1253,196
122000199,1113,607,506
122000200,2749,1586,1163
122000201,2205,1862,343
122000202,2381,1822,559
122000203,4538,1989,2549
122000204,2408,3337,-929
122000205,2221,3187,-966
122000206,4103,1674,2429
122000207,2793,2204,589
122000208,7291,2532,4759
122000209,6862,728,6134
122000210,5112,3077,2035
122000211,4511,1742,2769
122000212,1876,876,1000
122000213,2424,2132,292
122000214,4010,3658,352
122000215,3643,2375,1268
122000217,4575,2328,2247
122000218,2029,267,1762
122000219,2649,1643,1006
122000220,603,1084,-481
122000221,227,946,-719
122000222,898,320,578
122000223,2503,772,1731
122000225,2206,454,1752
122000226,2784,3766,-982
122000227,623,6636,-6013
122000228,643,604,39
122000229,15,761,-746
122000230,64,1135,-1071
122000231,479,1307,-828
122000232,1311,780,531
122000233,0,87,-87
122000234,438,296,142
122000235,1121,392,729
122000236,1450,313,1137
122000237,190,181,9
122000238,391,466,-75
122000239,841,220,621
122000240,1963,986,977
122000241,288,488,-200
122000242,954,123,831
122000243,306,73,233
122000244,24,412,-388
122000245,18,117,-99
122000246,22,132,-110
122000247,873,392,481
122000248,1690,3499,-1809
122000249,898,1536,-638
122000250,2982,2048,934
122000251,272,785,-513
122000252,948,287,661
122000253,64,510,-446
122000254,328,185,143
122000255,1268,2988,-1720
122000256,605,2756,-2151
122000257,230,756,-526
122000258,250,384,-134
122000259,25,1199,-1174
122000260,10,162,-152
122000261,19,376,-357
122000262,0,115,-115
122000263,368,184,184
122000264,2852,855,1997
122000265,8005,1455,6550
122000266,17846,1182,16664
122000267,201,155,46
122000268,376,634,-258
122000269,2716,477,2239
122000270,5604,222,5382
122000271,1245,1901,-656
122000272,771,1941,-1170
122000273,930,754,176
122000274,333,386,-53
122000275,147,388,-241
122000276,1012,1089,-77
122000277,1424,2284,-860
122000278,1923,1578,345
122000279,355,796,-441
122000280,1281,1220,61
122000281,1372,1337,35
122000282,230,256,-26
122000283,609,134,475
122000284,171,110,61
122000285,655,180,475
122000286,180,274,-94
122000287,1927,2460,-533
122000288,681,370,311
122000291,2005,1016,989
122000293,589,475,114
122000294,222,430,-208
122000295,2078,279,1799
122000296,69,851,-782
122000297,5733,4226,1507
122000299,452,920,-468
122000300,724,1030,-306
122000301,24129,4300,19829
122000302,1360,2301,-941
122000303,7163,2329,4834
122000304,155,371,-216
122000305,1393,560,833
122000306,75,1173,-1098
122000307,339,183,156
122000309,176,45,131
122000310,35,72,-37
122000311,462,294,168
122000312,283,111,172
122000313,126,97,29
122000314,162,313,-151
122000315,350,48,302
122000316,1108,363,745
122000317,1843,612,1231
122000318,425,1505,-1080
122000319,329,1057,-728
122000320,461,4132,-3671
122000321,179,408,-229
122000322,3814,5599,-1785
122000323,2670,4477,-1807
122000324,3271,2223,1048
122000325,1712,2253,-541
122000326,69,209,-140
122000327,906,1061,-155
122000328,3098,1329,1769
122000330,4028,1327,2701
122000332,353,559,-206
122000333,7,196,-189
122000337,1316,2874,-1558
122000338,659,813,-154
122000340,1285,562,723
122000342,2998,1915,1083
122000343,470,525,-55
122000344,56,58,-2
122000345,78,110,-32
122000346,387,91,296
122000348,957,1318,-361
122000349,164,731,-567
122000351,157,369,-212
122000352,500,316,184
122000353,100,179,-79
122000355,211,257,-46
122000356,5137,1346,3791
122000357,77,23,54
122000358,0,100,-100
122000359,1,67,-66
122000360,1,77,-76
122000362,11,131,-120
122000364,163,681,-518
122000365,2,32,-30
122000366,6,9,-3
122000368,957,1174,-217
122000370,26,97,-71
122000371,21,0,21
122000372,16,0,16
122000381,107,700,-593
122000382,106,361,-255
122000384,10400,3941,6459
122000385,73,0,73
122000386,2382,2571,-189
122000387,2775,791,1984
122000388,8270,939,7331
122000389,580,1076,-496
122000390,1323,437,886
122000391,903,262,641
122000392,327,392,-65
122000393,63,287,-224
122000394,899,516,383
122000395,285,304,-19
122000396,864,185,679
122000397,103,131,-28
122000398,127,178,-51
122000399,206,114,92
122000400,456,684,-228
122000401,274,120,154
122000402,420,321,99
122000403,941,1948,-1007
122000404,202,695,-493
122000408,971,2254,-1283
122000503,25,325,-300
122000524,285,206,79
122000544,173,10948,-10775
122000616,657,4,653
122000640,91,266,-175
122000641,108,600,-492
122000642,1723,2067,-344
122000643,39,319,-280
122000644,247,31,216
122000645,185,1012,-827
122000651,5370,1113,4257
122000664,454,93,361
122000665,1812,814,998
122000666,968,1973,-1005
122000673,76,594,-518
122000674,199,87,112
122000675,3140,2164,976
122000686,439,2118,-1679
122000687,3683,536,3147
122000688,341,1283,-942
122000689,1326,1103,223
122000690,1624,1100,524
122000691,535,4172,-3637
122000692,1812,681,1131
122000693,616,2944,-2328
122000695,463,1043,-580
122000696,443,690,-247
122000698,369,1551,-1182
122000699,375,343,32
122000701,1742,529,1213
122000702,691,3115,-2424
122000703,299,126,173
122000717,302,81,221
122000718,496,1348,-852
122000719,339,143,196
122000720,414,626,-212
122900001,58,19,39
122900002,2069,8115,-6046
122900003,766,73,693
122900004,2234,86,2148
122900005,103,121,-18
122900006,1528,938,590
122900007,257,87,170
122900008,1405,210,1195
122900009,1997,965,1032
122900010,384,354,30
122900012,282,470,-188
122900014,285,595,-310
122900015,4389,1266,3123
122900016,287,630,-343
122900017,1282,1696,-414
122900018,640,26,614
122900019,12,234,-222
122900020,682,797,-115
122900021,103,1453,-1350
122900022,987,1392,-405
122900023,788,508,280
122900024,223,150,73
122900025,24,325,-301
122900026,262,524,-262
122900027,118,1057,-939
122900028,390,1031,-641
122900029,8828,5598,3230
122900030,2545,851,1694
122900031,440,320,120
122900032,181,554,-373
122900033,290,241,49
122900034,6874,16132,-9258
122900035,87,11,76
122900036,154,822,-668
122900037,1205,178,1027
122900038,428,6141,-5713
122900039,117,776,-659
122900040,757,498,259
122900041,387,315,72
122900042,271,462,-191
122900043,1203,309,894
122900044,216,628,-412
122900045,135,138,-3
122900046,274,153,121
122900047,1062,447,615
122900048,83,680,-597
122900049,2662,228,2434
122900051,190,227,-37
122900052,78,196,-118
122900053,15,24,-9
122900055,956,223,733
122900057,1053,71,982
122900061,748,364,384
122900062,679,1066,-387
122900063,283,648,-365
122900064,1851,994,857
122900065,925,238,687
122900066,923,471,452
122900067,2385,1386,999
122900068,203,499,-296
122900069,486,2850,-2364
122900070,554,79,475
122900071,124,681,-557
122900072,26,1081,-1055
122900073,21,522,-501
122900074,646,1218,-572
122900075,2,129,-127
122900076,9,315,-306
122900077,0,322,-322
122900078,209,296,-87
122900080,96,28,68
122900081,1057,284,773
122900082,1310,361,949
122900083,209,211,-2
122900084,19,401,-382
122900086,20,87,-67
122900087,287,734,-447
122900088,102,159,-57
122900089,421,226,195
122900090,26,1145,-1119
122900091,266,1,265
122900092,1,300,-299
122900093,2,596,-594
122900094,2,415,-413
122900095,239,15,224
122900096,415,559,-144
122900097,29,37,-8
122900098,127,269,-142
122900099,10,7,3
122900100,1214,714,500
122900101,1267,618,649
123000001,4073,632,3441
123000002,10043,5621,4422
123000003,6874,6396,478
123000004,4512,7807,-3295
123000005,4903,5517,-614
123000006,4405,4675,-270
123000007,4705,4173,532
123000008,4139,4877,-738
123000009,9216,5297,3919
123000010,6453,6332,121
123000011,12833,1576,11257
123000012,2334,3892,-1558
123000013,6863,1248,5615
123000014,2333,6506,-4173
123000015,9555,1389,8166
123000016,11189,6436,4753
123000017,4988,2000,2988
123000018,72,163,-91
123000019,351,426,-75
123000020,248,233,15
123000021,117,375,-258
123000022,706,3078,-2372
123000023,2568,2323,245
123000024,2626,809,1817
123000025,145,215,-70
123000026,8,77,-69
123000027,494,720,-226
123000028,1993,303,1690
123000029,1754,906,848
123000030,769,991,-222
123000031,238,670,-432
123000032,437,492,-55
123000033,532,114,418
123000034,1403,1171,232
123000035,492,639,-147
123000036,451,1561,-1110
123000037,357,639,-282
123000038,217,396,-179
123000039,782,1800,-1018
123000040,1714,619,1095
123000041,2846,1297,1549
123000042,2051,716,1335
123000043,7909,14171,-6262
123000044,10126,4126,6000
123000045,17367,4193,13174
123000046,1618,2365,-747
123000047,3673,1964,1709
123000048,135,861,-726
123000049,14170,13663,507
123000050,1870,2668,-798
123000051,143,310,-167
123000052,992,6331,-5339
123000053,3427,6328,-2901
123000054,2126,2288,-162
123000055,1527,3193,-1666
123000056,2090,3353,-1263
123000057,31537,12890,18647
123000058,1323,1615,-292
123000059,575,829,-254
123000060,1500,585,915
123000061,235,1439,-1204
123000063,1435,1734,-299
123000064,1711,380,1331
123000065,13133,6851,6282
123000066,1486,1812,-326
123000067,1146,866,280
123000068,5632,6520,-888
123000069,11796,7439,4357
123000070,336,1549,-1213
123000071,1536,2162,-626
123000072,1593,2744,-1151
123000073,1929,1539,390
123000074,1465,3249,-1784
123000075,668,1949,-1281
123000076,1125,1949,-824
123000077,3310,5887,-2577
123000078,2238,3013,-775
123000079,2418,3881,-1463
123000080,4047,4556,-509
123000081,261,1104,-843
123000082,693,2214,-1521
123000083,2165,349,1816
123000084,884,1123,-239
123000085,399,157,242
123000086,732,548,184
123000087,725,772,-47
123000088,1970,1894,76
123000089,686,2739,-2053
123000090,2346,1988,358
123000091,2611,2867,-256
123000092,1347,2380,-1033
123000094,1181,476,705
123000095,968,1290,-322
123000096,995,751,244
123000097,1152,1272,-120
123000098,894,942,-48
123000099,822,864,-42
123000100,838,1200,-362
123000101,1100,819,281
123000102,770,1155,-385
123000104,640,731,-91
123000105,883,904,-21
123000106,658,727,-69
123000107,760,857,-97
123000108,1113,2377,-1264
123000111,1174,584,590
123000112,1640,1181,459
123000113,1085,3009,-1924
123000114,999,932,67
123000115,472,521,-49
123000116,35,244,-209
123000117,2923,4396,-1473
123000118,825,1582,-757
123000119,419,1688,-1269
123000120,727,1588,-861
123000121,794,1111,-317
123000122,747,357,390
123000123,862,1081,-219
123000124,1085,878,207
123000125,2822,1863,959
123000126,2990,5699,-2709
123000127,1647,1183,464
123000128,577,724,-147
123000129,1176,528,648
123000130,857,157,700
123000131,2161,1314,847
123000132,757,985,-228
123000133,691,639,52
123000134,738,307,431
123000135,3019,2554,465
123000136,367,1799,-1432
123000137,295,786,-491
123000138,211,795,-584
123000139,942,273,669
123000140,188,1438,-1250
123000141,1682,188,1494
123000142,1413,1786,-373
123000143,2884,4044,-1160
123000144,56,43,13
123000145,370,624,-254
123000146,236,155,81
123000147,175,208,-33
123000149,741,612,129
123000150,545,403,142
123000151,473,754,-281
123000152,110,765,-655
123000153,236,1005,-769
123000154,2754,3294,-540
123000155,3663,1246,2417
123000156,73,228,-155
123000157,954,1432,-478
123000158,1054,1404,-350
123000159,8468,4357,4111
123000160,1551,1137,414
123000161,2347,2161,186
123000162,1290,2578,-1288
123000163,827,173,654
123000164,2225,462,1763
123000165,558,2962,-2404
123000166,46,221,-175
123000167,244,538,-294
123000168,340,466,-126
123000169,1269,207,1062
123000170,91,1134,-1043
123000171,818,170,648
123000172,321,1074,-753
123000173,1387,452,935
123000174,1828,656,1172
123000175,1337,2213,-876
123000176,1622,401,1221
123000177,601,1797,-1196
123000178,1578,335,1243
123000179,42,1222,-1180
123000180,2331,409,1922
123000181,570,2741,-2171
123000182,269,902,-633
123000183,247,644,-397
123000184,154,1418,-1264
123000185,825,636,189
123000186,3,1156,-1153
123000187,776,5,771
123000188,426,2,424
123000189,265,325,-60
123000190,66,123,-57
123000192,26,671,-645
123000193,65,1281,-1216
123000194,744,466,278
123000195,467,23,444
123000196,423,16,407
123000197,66,131,-65
123000198,22,303,-281
123000199,11,826,-815
123000200,725,20,705
123000201,1203,43,1160
123000202,34,1920,-1886
123000203,1116,98,1018
123000204,81,1601,-1520
123000205,718,3291,-2573
123000206,2228,312,1916
123000207,160,1496,-1336
123000208,834,212,622
123000209,3217,631,2586
123000210,699,2803,-2104
123000211,966,4979,-4013
123000212,4336,709,3627
123000213,973,99,874
123000215,237,183,54
123000216,402,1010,-608
123000217,407,79,328
123000218,141,1042,-901
123000219,2069,208,1861
123000220,1041,220,821
123000221,279,272,7
123000222,858,1248,-390
123000223,408,976,-568
123000224,564,1049,-485
123000225,401,149,252
123000226,100,682,-582
123000227,113,550,-437
123000228,377,120,257
123000229,2640,3269,-629
123000232,156,1139,-983
123000233,1306,299,1007
123000234,333,1312,-979
123000235,1187,721,466
123000236,468,1436,-968
123000237,488,121,367
123000238,174,1080,-906
123000239,827,3123,-2296
123000240,98,874,-776
123000241,1962,223,1739
123000242,313,400,-87
123000243,1191,1530,-339
123000244,1435,949,486
123000245,125,270,-145
123000249,667,1365,-698
123000252,1553,416,1137
123000253,1504,799,705
123000254,1029,1911,-882
123000255,1810,1441,369
123000256,47,418,-371
123000257,6475,4683,1792
123000258,1485,2145,-660
123000259,428,700,-272
123000260,798,1056,-258
123000261,302,468,-166
123000262,129,338,-209
123000263,583,174,409
123000264,303,86,217
123000265,95,268,-173
123000266,940,1452,-512
123000267,759,623,136
123000268,71,102,-31
123000269,69,84,-15
123000270,39,69,-30
123000271,186,87,99
123000272,1279,404,875
123000273,543,1026,-483
123000274,2276,898,1378
123000275,627,1854,-1227
123000278,5935,4601,1334
123000279,152,231,-79
123000280,760,590,170
123000281,610,200,410
123000282,260,422,-162
123000283,149,118,31
123000284,136,142,-6
123000286,619,439,180
123000287,997,429,568
123000288,2686,1472,1214
123000289,972,1802,-830
123000291,677,1398,-721
123000294,244,353,-109
123000295,1418,1439,-21
123000296,560,480,80
123000297,287,277,10
123000298,288,203,85
123000299,12,140,-128
123000300,1425,1497,-72
123000301,332,467,-135
123000302,141,406,-265
123000303,319,144,175
123000305,2106,1409,697
123000306,169,469,-300
123000309,89,86,3
123000310,148,58,90
123000311,0,215,-215
123000312,876,1555,-679
123000313,601,484,117
123000315,120,664,-544
123000316,2765,123,2642
123000317,297,113,184
123000318,70,424,-354
123000329,24,45,-21
123000337,431,347,84
123000338,1095,41,1054
123000339,284,444,-160
123000340,214,964,-750
123000342,29,17,12
123000343,262,2,260
123000344,1948,902,1046
123000345,498,1073,-575
123000346,479,114,365
123000352,3949,1249,2700
123000353,17,151,-134
123000354,678,3,675
123000355,2,1115,-1113
123000356,527,21,506
123000357,1,435,-434
123000359,10,366,-356
123000360,388,190,198
123000361,1195,486,709
123000362,629,262,367
123000363,158,430,-272
123000364,1582,701,881
123000365,28,657,-629
123000366,505,3665,-3160
123000367,463,2063,-1600
123000370,63,546,-483
123000371,463,35,428
123000372,453,25,428
123000373,22,777,-755
123000374,7,355,-348
123000375,422,84,338
123000376,1533,916,617
123000377,763,35,728
123000378,23,812,-789
123000379,6,369,-363
123000380,127,536,-409
123000381,414,64,350
123000382,2158,177,1981
123000383,462,1846,-1384
123000384,1112,146,966
123000385,727,926,-199
123000436,132,1638,-1506
123000507,111,921,-810
123000508,110,1055,-945
123000517,450,69,381
123000518,33,391,-358
123000519,222,111,111
123000520,112,398,-286
123000521,425,168,257
123000522,301,906,-605
123000541,5,7,-2
123000542,0,34,-34
123000565,518,42,476
123000566,261,1137,-876
123000567,162,427,-265
123000573,73,1542,-1469
123000574,860,119,741
123000575,1750,2043,-293
123000576,1262,3636,-2374
123000577,251,1336,-1085
123000578,1644,98,1546
123000579,7093,8025,-932
123000580,96,29,67
123000582,754,56,698
123000583,36,825,-789
123000584,353,483,-130
123000585,1,310,-309
123000586,216,60,156
123000596,217,213,4
123000597,127,241,-114
123000602,37,13,24
123000603,755,1117,-362
123000604,582,1695,-1113
123000605,1460,262,1198
123000606,2,337,-335
123000609,30,590,-560
123000610,285,196,89
123000613,39,243,-204
123000614,283,112,171
123000615,65,231,-166
123000616,856,135,721
123000617,168,799,-631
123000618,139,1161,-1022
123000619,1160,57,1103
123000620,55,1065,-1010
123000622,478,25,453
123000624,138,118,20
123000630,830,579,251
123000631,353,3130,-2777
123000632,1892,1882,10
123000633,0,472,-472
123000634,131,198,-67
123000635,431,157,274
123000636,40,1009,-969
123000637,157,201,-44
123000638,644,125,519
123000639,1855,5289,-3434
123000640,17,994,-977
123900001,2180,51,2129
123900002,32,2234,-2202
123900003,1005,1162,-157
123900005,445,297,148
123900006,927,65,862
124000001,3227,230,2997
124000002,173,3227,-3054
124000003,1001,256,745
124000004,103,1347,-1244
124000005,1257,720,537
124000006,415,2026,-1611
124000007,1256,333,923
124000008,41,1281,-1240
124000009,866,653,213
124000010,159,932,-773
124000011,3133,653,2480
124000012,1008,1169,-161
124000017,185,195,-10
124000018,201,115,86
124000019,159,192,-33
124000020,125,268,-143
124000021,224,90,134
124000022,128,343,-215
124000023,2487,2259,228
124000024,1542,1003,539
124000025,1582,2362,-780
124000026,1759,1530,229
124000027,7600,7670,-70
124000028,4445,6317,-1872
124000030,4856,1763,3093
124000031,1791,3564,-1773
124000032,8505,1611,6894
124000033,336,1046,-710
124000034,4207,956,3251
124000035,16,192,-176
124000036,83,226,-143
124000037,655,1075,-420
124000038,66,61,5
124000039,1884,615,1269
124000040,933,1435,-502
124000041,610,159,451
124000042,105,686,-581
124000043,104,175,-71
124000044,58,482,-424
124000045,797,997,-200
124000046,345,1162,-817
124000047,1937,1479,458
124000048,1246,3098,-1852
124000049,2033,1052,981
124000050,977,3856,-2879
124000051,1031,866,165
124000052,912,2101,-1189
124000053,670,1862,-1192
124000054,1133,1034,99
124000055,1805,3287,-1482
124000056,6796,2277,4519
124000057,1001,822,179
124000058,652,2183,-1531
124000059,834,1333,-499
124000060,1972,1464,508
124000061,2413,5633,-3220
124000062,8009,3200,4809
124000063,1958,3277,-1319
124000064,4590,2912,1678
124000065,50,437,-387
124000066,274,124,150
124000067,177,494,-317
124000068,14,29,-15
124000069,130,15,115
124000070,86,258,-172
124000071,113,123,-10
124000072,241,721,-480
124000073,1251,187,1064
124000074,313,1235,-922
124000075,378,40,338
124000076,4,370,-366
124000077,2722,1045,1677
124000078,4035,1247,2788
124000079,788,2039,-1251
124000080,415,250,165
124000081,244,1145,-901
124000082,31,187,-156
124000083,35,239,-204
124000084,47,279,-232
124000085,119,70,49
124000086,188,208,-20
124000087,211,148,63
124000088,452,592,-140
124000089,1290,947,343
124000090,172,534,-362
124000091,751,134,617
124000092,134,810,-676
124000093,151,203,-52
124000094,226,945,-719
124000095,103,147,-44
124000096,202,566,-364
124000097,146,206,-60
124000098,68,136,-68
124000099,121,133,-12
124000100,66,153,-87
124000101,81,137,-56
124000102,167,147,20
124000103,132,127,5
124000104,228,117,111
124000105,95,116,-21
124000106,228,118,110
124000107,31,219,-188
124000108,92,65,27
124000109,135,106,29
124000110,294,194,100
124000111,278,203,75
124000112,991,1230,-239
124000113,81,85,-4
124000114,375,850,-475
124000115,631,1213,-582
124000116,122,126,-4
124000117,98,174,-76
124000118,74,101,-27
124000119,3062,1172,1890
124000120,2266,846,1420
124000121,2611,1013,1598
124000122,922,1865,-943
124000123,1532,718,814
124000124,659,1616,-957
124000125,568,644,-76
124000126,443,932,-489
124000127,1283,574,709
124000128,884,1575,-691
124000129,3181,2236,945
124000130,1301,1221,80
124000131,1588,788,800
124000132,1474,1345,129
124000133,1113,1353,-240
124000134,1204,1344,-140
124000135,2540,2731,-191
124000136,1591,1783,-192
124000137,2411,987,1424
124000138,3282,2175,1107
124000139,883,35,848
124000140,32,640,-608
124000141,177,12,165
124000142,16,248,-232
124000143,62,21,41
124000144,8,81,-73
124000145,112,63,49
124000146,43,133,-90
124000148,22,120,-98
124000149,1465,571,894
124000150,488,874,-386
124000151,707,387,320
124000152,942,1798,-856
124000153,712,917,-205
124000154,427,1225,-798
124000155,1438,972,466
124000156,1875,1320,555
124000169,499,1420,-921
124000170,1517,714,803
124000171,681,605,76
124000172,853,1017,-164
124000173,878,473,405
124000174,595,1298,-703
124000175,26,223,-197
124000176,76,25,51
124000177,14,58,-44
124000178,52,77,-25
124000190,85,32,53
124000191,438,87,351
124000192,5060,700,4360
124000193,1454,1718,-264
124000194,518,812,-294
124000195,408,778,-370
124000196,1702,1943,-241
124000197,89,145,-56
124000198,45,69,-24
124000201,554,1961,-1407
124000202,1127,298,829
124000203,382,1559,-1177
124000204,795,897,-102
124000205,79,1068,-989
124000206,643,725,-82
124000207,0,92,-92
124000209,482,1038,-556
124000210,464,379,85
124000211,566,0,566
124000212,1,918,-917
124000213,324,580,-256
124000214,374,1188,-814
124000215,511,20,491
124000216,11,994,-983
124000329,161,3726,-3565
124000338,96,1917,-1821
124000339,937,248,689
124000341,1366,179,1187
124000344,38,5,33
124000357,1288,4464,-3176
124000358,975,1978,-1003
124000359,1914,1208,706
124000360,1047,932,115
124000361,3527,1111,2416
124000362,2791,2917,-126
124000363,510,625,-115
124000364,1029,1763,-734
124000365,1002,1560,-558
124000366,2706,1150,1556
124000367,263,1154,-891
124000368,493,343,150
124000369,178,238,-60
124000370,86,1033,-947
124000402,30,13,17
124000403,143,18,125
124000404,15,162,-147
124000405,1405,1117,288
124000406,1292,1183,109
124000407,4,54,-50
124000411,14,605,-591
124000412,576,12,564
124000413,1110,85,1025
124000414,50,200,-150
124000415,57,347,-290
124000416,119,565,-446
124000417,183,128,55
124000418,135,197,-62
124000419,89,255,-166
124000420,69,116,-47
124000421,63,446,-383
124000422,69,53,16
124000423,285,55,230
124000424,2,140,-138
124000425,28,84,-56
124000426,4,60,-56
124000427,32,21,11
124000428,95,45,50
124000429,58,73,-15
124000430,876,1404,-528
124000431,463,1498,-1035
124000432,264,1425,-1161
124000439,4,25,-21
124000442,6,195,-189
124000443,0,10,-10
124000445,160,421,-261
124000446,2171,81,2090
124900001,428,414,14
124900002,384,866,-482
124900003,1122,700,422
124900004,604,477,127
124900005,501,461,40
124900006,654,518,136
124900008,1659,645,1014
124900009,256,658,-402
124900010,268,134,134
124900011,1015,351,664
124900012,1167,213,954
124900013,535,205,330
124900014,323,180,143
124900015,304,632,-328
124900016,36,205,-169
124900017,1675,1482,193
124900018,34,13,21
124900019,572,81,491
124900020,194,151,43
124900021,334,95,239
124900022,48,16,32
124900024,300,63,237
124900026,153,9,144
124900027,137,478,-341
124900028,1313,285,1028
124900029,10,607,-597
124900030,10,426,-416
124900031,95,834,-739
124900032,317,267,50
124900033,121,863,-742
124900034,2,132,-130
124900035,316,1011,-695
124900036,0,56,-56
124900037,235,701,-466
124900038,450,475,-25
124900039,1,34,-33
124900040,187,121,66
124900041,292,1545,-1253
124900042,54,0,54
124900043,577,1708,-1131
124900044,196,2,194
124900045,1120,1208,-88
124900046,3695,424,3271
124900047,144,432,-288
124900048,198,262,-64
124900050,173,486,-313
124900052,213,1133,-920
124900053,168,483,-315
124900054,4707,679,4028
124900055,1,164,-163
124900057,26,109,-83
124900060,149,362,-213
124900061,59,13,46
124900062,107,27,80
124900066,1,13,-12
124900067,5,243,-238
124900068,470,1293,-823
124900069,192,174,18
124900070,106,35,71
124900072,160,45,115
124900074,557,618,-61
124900075,284,308,-24
124900076,34,1070,-1036
124900077,48,160,-112
124900078,166,37,129
124900079,1917,335,1582
124900080,327,1033,-706
124900081,998,340,658
124900082,446,1212,-766
124900083,172,896,-724
124900084,3342,158,3184
124900085,1403,470,933
124900086,203,1459,-1256
124900087,688,123,565
124900088,884,156,728
124900089,2416,42,2374
124900090,437,442,-5
124900091,669,913,-244
124900092,491,709,-218
124900093,596,398,198
124900094,563,488,75
124900095,139,717,-578
124900096,1205,444,761
124900097,373,118,255
124900098,243,820,-577
124900099,1846,945,901
124900100,379,92,287
124900101,59,282,-223
124900102,324,50,274
124900103,197,479,-282
124900104,76,306,-230
124900105,143,257,-114
124900106,695,88,607
124900107,110,63,47
124900108,272,94,178
124900109,75,184,-109
124900110,424,509,-85
124900111,0,74,-74
124900112,107,1568,-1461
129000186,486,110,376
204000001,30,0,30
204000002,47,14,33
204000003,123,2,121
204000004,6,2,4
204000005,747,871,-124
204000006,1756,3461,-1705
204000008,1395,1217,178
204000011,14,107,-93
204000012,42,95,-53
204000013,5,46,-41
204000019,730,761,-31
204000020,903,1144,-241
204000021,2485,1173,1312
204000022,513,725,-212
204000023,779,1592,-813
204000031,101,21,80
204000032,770,28,742
204000034,38,474,-436
204000035,3,6,-3
204000036,31,37,-6
204000037,2,17,-15
204000038,2,14,-12
204000039,3,74,-71
204000040,7,61,-54
204000041,17,55,-38
204000042,124,22,102
204000043,43,10,33
204000044,73,8,65
204000045,278,4,274
204000046,40,4,36
204000057,26,69,-43
204000062,15,27,-12
204000068,44,253,-209
204000069,27,353,-326
204000070,60,152,-92
204000080,13,69,-56
204000085,2410,3608,-1198
204000086,4090,3806,284
204000087,64,32,32
204000088,6,178,-172
204000090,34,484,-450
204000093,288,122,166
204000096,1386,1522,-136
204000097,611,30,581
204000099,1178,2260,-1082
204000100,1389,2488,-1099
204000105,2978,3073,-95
204000110,943,1878,-935
204000111,699,1063,-364
204000112,1295,1163,132
204000113,717,1182,-465
204000114,1148,798,350
204000115,910,594,316
204000116,751,868,-117
204000119,2312,4116,-1804
204000132,654,291,363
204000133,653,398,255
204000134,372,278,94
204000135,500,167,333
204000136,404,368,36
204000138,477,394,83
204000140,259,164,95
204000141,156,105,51
204000144,12,43,-31
204000145,619,42,577
204000146,27,491,-464
204000147,45,229,-184
204000148,420,44,376
204000154,5,2,3
204000155,10,9,1
204000177,52,62,-10
204000179,42,8,34
204000180,0,47,-47
204000222,4,29,-25
204000235,25,21,4
204000236,99,392,-293
204000238,37,40,-3
204000240,507,141,366
204000308,404,22,382
204000317,8,151,-143
204000322,4,116,-112
204000323,39,16,23
204000328,329,129,200
204000329,54,284,-230
204000330,327,78,249
204000331,25,147,-122
204010341,5,403,-398
205000001,1225,2381,-1156
205000013,17,81,-64
205000014,18,121,-103
205000015,30,248,-218
205000016,41,216,-175
205000017,36,131,-95
205000022,371,1108,-737
205000025,2068,1462,606
205000029,280,14,266
205000045,318,256,62
205000047,56,651,-595
205000048,311,1381,-1070
205000049,150,1069,-919
205000050,1318,384,934
205000059,0,299,-299
205000060,1,127,-126
205000061,3,98,-95
205000062,3,53,-50
205000063,19,250,-231
205000064,18,181,-163
205000065,71,870,-799
205000066,132,1153,-1021
205000067,87,1321,-1234
205000069,184,34,150
205000082,241,716,-475
205000110,84,298,-214
205000111,168,417,-249
205000112,219,360,-141
205000113,273,422,-149
205000121,450,283,167
205000123,75,318,-243
205000126,587,592,-5
205000127,879,740,139
205000128,973,635,338
205000129,1086,649,437
205000130,1924,222,1702
205000131,2249,43,2206
205000132,2424,19,2405
205000133,2250,16,2234
205000134,1153,4,1149
205000137,97,161,-64
205000138,273,500,-227
205000139,18,161,-143
205000144,72,148,-76
205000145,388,591,-203
205000151,299,217,82
205000152,289,169,120
205000153,267,205,62
205000154,135,299,-164
205000155,278,88,190
205000207,7,225,-218
205000233,66,2,64
205000234,0,1,-1
205000243,0,0,0
205000244,0,6,-6
205000245,16,443,-427
205000249,1,70,-69
205000250,6,1,5
205000251,105,601,-496
205000264,6,134,-128
206000027,5,5,0
206000028,5,1,4
206000043,8,182,-174
206000053,9,23,-14
206000054,8,52,-44
206000055,3,55,-52
206000075,9,11,-2
206000076,36,23,13
206000077,23,4,19
206000078,50,10,40
206000079,25,10,15
206000082,1066,53,1013
206000100,107,1158,-1051
206000103,4,24,-20
206000104,20,38,-18
206000105,8,20,-12
206000106,13,56,-43
206000108,876,48,828
206000125,31,0,31
206000157,125,1195,-1070
206000170,1,282,-281
206000171,3,271,-268
206000172,23,1035,-1012
206000173,0,386,-386
206000174,19,172,-153
206000175,3,229,-226
206000176,34,378,-344
206000177,2,266,-264
206000178,9,238,-229
206000179,29,197,-168
206000180,19,274,-255
206000181,9,426,-417
206000182,17,378,-361
206000183,36,1416,-1380
206000184,6,551,-545
206000185,10,354,-344
206000186,155,2089,-1934
206000223,11,300,-289
206000226,25,6,19
206000227,30,3,27
206000237,47,673,-626
206000238,49,886,-837
206000239,705,3538,-2833
206000240,2,84,-82
206000241,0,145,-145
206000242,9,458,-449
206000243,4,375,-371
206000244,110,1029,-919
206000245,590,94,496
206000246,114,10,104
206000247,115,34,81
206000248,607,31,576
206000252,162,47,115
206000258,30,62,-32
206000315,47,15,32
206000317,581,150,431
206000318,363,87,276
206000319,989,131,858
206000320,108,71,37
206000321,97,19,78
206000322,529,31,498
206000323,115,7,108
206000324,155,7,148
206000325,364,19,345
206000326,440,17,423
206000327,603,24,579
206000328,101,5,96
206000329,207,11,196
206000330,35,11,24
206000331,93,3,90
206000332,29,9,20
206000333,540,2,538
206000334,253,0,253
206000335,0,18,-18
206000361,7,369,-362
206000392,0,63,-63
206000405,156,4,152
206000441,22,21,1
206000498,59,4,55
206000515,170,45,125
206000530,180,82,98
206000531,224,272,-48
206000532,4076,310,3766
206000535,675,3759,-3084
206000536,41,319,-278
206000537,16,297,-281
206000613,2012,329,1683
207000001,249,764,-515
207000002,159,443,-284
207000003,248,268,-20
207000007,688,415,273
207000008,79,5,74
207000009,70,33,37
207000010,546,752,-206
207000012,433,423,10
207000015,421,2240,-1819
207000019,338,157,181
207000021,946,238,708
207000022,211,205,6
207000023,221,92,129
207000024,8,6,2
207000025,34,110,-76
207000026,149,57,92
207000027,43,125,-82
207000028,82,325,-243
207000029,398,696,-298
207000033,404,495,-91
207000034,466,118,348
207000039,465,227,238
207000040,284,216,68
207000041,139,69,70
207000042,409,81,328
207000043,316,260,56
207000051,240,505,-265
207000052,15,275,-260
207000053,625,954,-329
207000054,102,194,-92
207000055,269,259,10
207000056,538,621,-83
207000057,223,483,-260
207000058,214,600,-386
207000059,126,1005,-879
207000060,126,311,-185
207000061,260,410,-150
207000062,250,62,188
207000063,356,196,160
207000064,520,370,150
207000065,460,422,38
207000066,211,285,-74
207000067,88,169,-81
207000068,113,129,-16
207000069,903,545,358
207000082,14,333,-319
207000083,117,451,-334
207000084,244,347,-103
207000085,136,13,123
207000086,101,6,95
207000106,30,41,-11
207000107,82,31,51
207000108,76,16,60
207000109,88,8,80
207000110,64,92,-28
207000111,103,67,36
207000112,349,552,-203
207000114,33,45,-12
207000115,28,92,-64
207000116,24,463,-439
207000117,11,164,-153
207000118,11,132,-121
207000119,57,127,-70
207000123,255,57,198
207000124,72,63,9
207000125,84,41,43
207000126,46,62,-16
207000134,45,233,-188
207000135,13,312,-299
207000148,55,230,-175
207000149,116,51,65
207000152,237,629,-392
207000153,1331,1944,-613
207000154,592,204,388
207000159,110,615,-505
207000160,203,812,-609
207000238,1,200,-199
207000242,10,333,-323
207000248,49,59,-10
207000249,251,79,172
207000250,1767,123,1644
207000251,148,109,39
207000252,80,96,-16
207000278,170,192,-22
207000279,14,286,-272
207000280,374,83,291
207000281,126,1754,-1628
207000282,182,84,98
207000283,203,343,-140
207000284,47,116,-69
207000285,231,30,201
207000291,17,188,-171
207000304,224,68,156
207000306,125,742,-617
207000310,73,98,-25
207000353,266,4,262
207000356,17,43,-26
207000357,185,21,164
207000415,6,311,-305
207000417,28,0,28
207000437,0,4,-4
207000439,1406,689,717
207000446,144,4,140
207000460,20,4,16
207000466,255,240,15
207000476,3,137,-134
207000477,787,217,570
207000523,0,18,-18
207000524,25,0,25
207000527,124,325,-201
207000530,421,8,413
207000531,221,6,215
207000532,127,27,100
207000534,833,69,764
207000535,72,360,-288
207000537,22,200,-178
207000540,7,324,-317
207000541,10,493,-483
207000548,14,431,-417
207000549,177,4,173
207000561,154,197,-43
207000562,34,330,-296
207000567,245,360,-115
207000568,170,174,-4
207000569,480,1836,-1356
207000584,507,422,85
207000585,205,318,-113
207000616,1,239,-238
207000617,92,0,92
207900008,127,223,-96
208000001,893,1633,-740
208000002,893,979,-86
208000003,1853,974,879
208000004,2400,1423,977
208000005,17,34,-17
208000019,759,1485,-726
208000020,243,800,-557
208000021,305,974,-669
208000022,1339,1075,264
208000028,2146,1518,628
208000033,649,1152,-503
208000034,2035,3397,-1362
208000040,110,296,-186
208000041,1358,879,479
208000042,1284,1010,274
208000047,228,748,-520
208000064,3939,2983,956
208000066,2882,3432,-550
208000070,472,588,-116
208000071,579,1303,-724
208000072,589,2186,-1597
208000080,283,713,-430
208000081,382,291,91
208000082,401,475,-74
208000083,174,568,-394
208000084,167,28,139
208000085,2119,752,1367
208000086,981,1272,-291
208000087,528,1118,-590
208000089,1310,1225,85
208000090,1038,1654,-616
208000093,175,248,-73
208000094,777,1002,-225
208000095,1123,699,424
208000104,1384,1865,-481
208000105,875,1907,-1032
208000114,110,387,-277
208000115,775,584,191
208000116,762,1536,-774
208000117,109,224,-115
208000118,156,130,26
208000155,1178,1468,-290
208000158,2255,5195,-2940
208000186,4850,5875,-1025
208000204,793,2027,-1234
208000205,1723,2437,-714
208000282,6316,3746,2570
209000004,255,467,-212
209000005,51,79,-28
209000006,1012,217,795
209000007,890,492,398
209000010,1316,293,1023
209000011,342,386,-44
209000012,191,402,-211
209000013,323,917,-594
209000014,921,2324,-1403
209000025,453,81,372
209000026,1071,200,871
209000027,542,1781,-1239
209000028,704,1526,-822
209000029,2350,1645,705
209000030,1393,2996,-1603
209000031,6950,4672,2278
209000034,299,335,-36
209000035,185,256,-71
209000036,305,244,61
209000037,281,373,-92
209000038,137,239,-102
209000039,72,230,-158
209000040,416,724,-308
209000041,268,562,-294
209000042,358,569,-211
209000043,1173,1043,130
209000044,306,965,-659
209000045,1759,679,1080
209000046,752,648,104
209000047,624,350,274
209000048,933,462,471
209000049,121,195,-74
209000050,244,334,-90
209000051,409,623,-214
209000052,296,571,-275
209000062,36,235,-199
209000063,69,251,-182
209000064,37,241,-204
209000065,81,82,-1
209000066,63,61,2
209000067,94,129,-35
209000080,67,389,-322
209000082,105,115,-10
209000091,78,205,-127
209000093,167,42,125
209000094,297,303,-6
209000110,91,179,-88
209000111,591,2758,-2167
209000112,1441,1101,340
209000113,5136,982,4154
209000114,700,836,-136
209000115,144,314,-170
209000116,1359,1056,303
209000118,175,86,89
209000119,178,24,154
209000121,325,1121,-796
209000135,119,259,-140
209000142,1164,3890,-2726
209000143,496,213,283
209000144,396,185,211
209000229,323,303,20
209000240,84,717,-633
209000259,151,205,-54
209000260,94,1788,-1694
209000261,10,1044,-1034
209000262,9,837,-828
209000263,0,199,-199
209000264,1,124,-123
209000265,447,12,435
209000266,151,3,148
209000267,1182,11,1171
209000268,1113,64,1049
210000037,118,49,69
210000047,114,55,59
210000048,189,73,116
210000049,117,73,44
210000052,46,246,-200
210000053,32,153,-121
210000054,87,119,-32
210000070,225,5,220
210000071,93,1,92
210000072,37,0,37
210000073,0,41,-41
210000074,1,210,-209
210000075,1,97,-96
210000076,20,215,-195
210000077,134,76,58
210000078,88,36,52
210000079,212,30,182
210000080,678,73,605
210000081,459,23,436
210000082,339,1,338
210000083,158,0,158
210000084,28,0,28
210000085,0,108,-108
210000086,4,194,-190
210000099,60,516,-456
210000100,94,473,-379
210000101,120,528,-408
210000105,87,636,-549
210000159,0,262,-262
210000163,324,506,-182
210000164,375,249,126
210000168,297,60,237
210000187,0,30,-30
210000188,1,37,-36
210000214,67,0,67
210000219,21,83,-62
210000220,82,128,-46
210000232,2,35,-33
210000233,49,185,-136
210000234,45,295,-250
210000235,80,297,-217
210000245,1,136,-135
210000246,79,16,63
210000258,22,164,-142
210000259,453,51,402
210000282,116,395,-279
210000285,1,171,-170
210000286,21,255,-234
210000295,110,364,-254
210000296,207,102,105
210000320,200,170,30
210000321,94,163,-69
210000338,347,135,212
210000339,657,2386,-1729
210000340,246,948,-702
210000341,314,544,-230
210000342,304,475,-171
210000343,420,363,57
210000344,1235,288,947
210000345,422,655,-233
210000346,139,263,-124
210000347,706,76,630
210000348,442,23,419
210000349,499,29,470
210000350,135,75,60
210000351,189,149,40
210000352,82,158,-76
210000353,55,220,-165
210000354,78,202,-124
210000355,225,222,3
210000356,268,132,136
210000357,186,109,77
210000358,668,201,467
210000359,434,130,304
210000360,317,197,120
210000361,293,241,52
210000362,452,388,64
210000363,1296,315,981
210000364,192,324,-132
210000365,232,152,80
210000366,234,114,120
210000367,185,55,130
210000368,231,62,169
210000369,103,13,90
210000370,134,57,77
210000372,160,75,85
210000373,348,49,299
210000374,191,12,179
210000375,43,149,-106
210000376,205,260,-55
210000404,81,337,-256
210000439,51,105,-54
210000472,458,22,436
210000482,124,178,-54
210000564,804,534,270
210000568,962,4,958
211000092,19,144,-125
211000094,29,7,22
211000169,224,13,211
211000172,12,392,-380
211000209,0,22,-22
211000275,26,44,-18
211000276,81,62,19
211000279,34,59,-25
211000281,44,66,-22
211507980,1,55,-54
211977296,139,5,134
212000003,358,118,240
212000004,396,61,335
212000005,114,48,66
212000006,138,125,13
212000008,182,283,-101
212000009,32,229,-197
212000012,138,146,-8
212000013,32,89,-57
212000014,430,223,207
212000015,386,408,-22
212000016,870,811,59
212000027,710,1031,-321
212000028,338,873,-535
212000029,271,693,-422
212000030,45,86,-41
212000031,66,130,-64
212000048,52,229,-177
212000049,26,169,-143
212000050,37,17,20
212000051,233,339,-106
212000052,244,541,-297
212000053,377,784,-407
212000054,241,298,-57
212000055,278,497,-219
212000056,37,101,-64
212000057,34,47,-13
212000058,762,73,689
212000070,151,470,-319
212000077,124,979,-855
212000099,320,536,-216
212000108,554,448,106
212000111,292,225,67
212000120,286,162,124
212000138,408,32,376
212000156,7,225,-218
212000158,16,30,-14
212000159,297,94,203
212000160,589,475,114
212000161,91,17,74
212000310,33,15,18
212000311,18,177,-159
212000374,56,14,42
213000001,76,979,-903
213000005,687,229,458
213000006,2055,332,1723
213000007,325,20,305
213000009,942,602,340
213000010,282,360,-78
213000011,583,224,359
213000012,244,600,-356
213000014,138,13,125
213000015,274,12,262
213000016,417,9,408
213000017,119,0,119
213000018,8,288,-280
213000019,4,246,-242
213000020,163,594,-431
213000021,18,153,-135
213000023,414,318,96
213000033,344,1902,-1558
213000034,900,625,275
213000035,130,597,-467
213000045,184,416,-232
213000046,247,355,-108
213000047,891,1445,-554
213000056,104,161,-57
213000069,250,6,244
213000073,1,27,-26
213000074,143,678,-535
213000075,1042,12,1030
213000085,8,62,-54
213000086,40,408,-368
213000091,143,25,118
213000092,14,17,-3
213000099,258,1583,-1325
213000100,1588,398,1190
213000101,337,233,104
213000102,416,507,-91
213000103,1375,1357,18
213000104,54,764,-710
213000105,3,147,-144
213000106,27,281,-254
213000107,185,1137,-952
213000108,40,982,-942
213000109,11,436,-425
213000110,6,165,-159
213000111,22,135,-113
213000112,266,176,90
213000115,42,8,34
213000116,60,1428,-1368
213000117,17,1966,-1949
213000118,664,525,139
213000119,109,1273,-1164
213000120,191,1192,-1001
213000122,381,1268,-887
213000123,982,2430,-1448
213000124,156,2041,-1885
213000125,269,20,249
213000126,164,156,8
213000127,274,234,40
213000128,1095,1425,-330
213000129,710,1006,-296
213000130,415,535,-120
213000132,373,210,163
213000133,495,223,272
213000134,1204,23,1181
213000136,472,58,414
213000137,748,164,584
213000139,627,29,598
213000147,125,23,102
213000148,94,4,90
213000149,325,9,316
213000150,1,137,-136
213000151,5,104,-99
213000152,10,109,-99
213000153,11,46,-35
213000154,19,322,-303
213000155,35,545,-510
213000156,108,1244,-1136
213000157,1094,693,401
213000158,491,1318,-827
213000159,705,1203,-498
213000163,706,169,537
213000165,1072,481,591
213000171,2,142,-140
213000172,6,551,-545
213000173,7,392,-385
213000174,5,380,-375
213000175,12,346,-334
213000176,190,60,130
213000177,150,20,130
213000178,154,15,139
213000179,262,3,259
213000180,182,3,179
213000184,192,940,-748
213000188,673,130,543
213000189,487,51,436
213000190,1273,1521,-248
213000191,375,794,-419
213000192,253,836,-583
213000193,2425,431,1994
213000194,0,58,-58
213000195,28,648,-620
213000196,260,1596,-1336
213000197,428,1636,-1208
213000198,163,5,158
213000200,191,1731,-1540
213000201,84,75,9
213000202,19,1230,-1211
213000203,5317,1249,4068
213000204,646,217,429
213000205,402,318,84
213000206,1058,203,855
213000207,246,28,218
213000208,387,5,382
213000209,310,4,306
213000210,1433,11,1422
213000211,66,16,50
213000212,47,21,26
213000213,45,37,8
213000218,476,1263,-787
213000219,760,22,738
213000220,724,6,718
213000223,545,311,234
213000224,143,52,91
213000225,104,17,87
213000226,170,22,148
213000227,1241,461,780
213000228,303,149,154
213000229,583,52,531
213000230,386,76,310
213000232,134,750,-616
213000233,28,66,-38
213000234,0,19,-19
213000293,50,60,-10
213000294,319,13,306
213000295,45,73,-28
213000296,63,41,22
213000297,11,227,-216
213000298,21,172,-151
213000299,114,91,23
213000300,18,4,14
213000303,2,58,-56
213000304,3,11,-8
213000305,5,14,-9
213000306,470,55,415
213000307,1799,134,1665
213000308,244,385,-141
213000309,292,75,217
213000310,1328,189,1139
213000311,311,1235,-924
213000315,115,220,-105
213000316,194,86,108
213000322,124,233,-109
213000323,73,150,-77
213000324,108,280,-172
213000325,103,374,-271
213000326,123,145,-22
213000327,140,380,-240
213000328,132,253,-121
213000329,130,221,-91
213000340,199,1177,-978
213000341,475,223,252
213000347,1464,465,999
213000348,15,158,-143
213000349,11,14,-3
213000350,356,2157,-1801
213000366,74,675,-601
213000367,239,46,193
213000379,115,140,-25
213000386,20,308,-288
213000406,62,588,-526
213000417,2117,872,1245
213000425,122,66,56
213000426,104,109,-5
213000427,69,655,-586
213000428,84,369,-285
213000429,18,3,15
213000430,120,1792,-1672
213000431,45,4,41
213000432,2,30,-28
213000433,33,288,-255
213000434,75,208,-133
213000435,108,170,-62
213000436,26,144,-118
213000437,4,170,-166
213000438,149,248,-99
213000439,101,30,71
213000440,16,485,-469
213000441,1,3,-2
213000442,7,118,-111
213000443,934,829,105
213000444,24,158,-134
213000445,0,174,-174
213000446,2,15,-13
213000447,9,59,-50
213000448,12,139,-127
213000449,362,0,362
213000450,20,91,-71
213000451,323,185,138
213000452,25,37,-12
213000453,53,525,-472
213000455,415,15,400
213000456,1,204,-203
213000481,9,12,-3
213000484,37,9,28
213000489,644,229,415
213900002,0,215,-215
213900003,1318,51,1267
213900013,4,216,-212
213900015,0,5,-5
213900016,11,34,-23
213900020,26,268,-242
213900030,2,99,-97
213900032,648,159,489
213900033,114,38,76
213900034,394,137,257
213900035,235,1057,-822
213900036,171,415,-244
213900037,75,650,-575
213900038,299,391,-92
213900039,0,231,-231
213900041,11,212,-201
213900042,392,259,133
213900043,237,240,-3
213900244,25,0,25
213900245,0,45,-45
218000003,41,11,30
218000004,23,32,-9
218000005,54,29,25
218000006,154,19,135
218000007,14,8,6
218000012,630,374,256
218000013,204,329,-125
218000014,869,988,-119
218000019,1765,1519,246
218000020,722,1128,-406
218000021,57,123,-66
218000022,22,61,-39
218000023,5,64,-59
218000024,2,31,-29
218000025,4,54,-50
218000026,17,67,-50
218000027,1,33,-32
218000028,5,8,-3
218000029,2,11,-9
218000030,42,55,-13
218000031,3,41,-38
218000032,2,39,-37
218000039,25,112,-87
218000040,4,5,-1
218000046,91,192,-101
218000047,27,252,-225
218000048,116,214,-98
218000049,205,214,-9
218000050,565,466,99
218000051,128,477,-349
218000052,2,217,-215
218000053,3,8,-5
218000054,17,34,-17
218000055,8,25,-17
218000056,25,29,-4
218000057,3,32,-29
218000064,3,30,-27
218000065,180,190,-10
218000066,38,327,-289
218000067,134,259,-125
218000068,194,301,-107
218000069,291,454,-163
218000070,323,635,-312
218000071,409,532,-123
218000072,788,575,213
218000078,1035,1745,-710
218000079,119,245,-126
218000080,162,215,-53
218000081,633,664,-31
218000082,104,364,-260
218000083,93,159,-66
218000084,262,420,-158
218000085,262,1098,-836
218000086,74,531,-457
218000087,352,717,-365
218000090,5,173,-168
218000091,706,293,413
218000092,140,357,-217
218000093,149,115,34
218000094,335,641,-306
218000099,583,1509,-926
218000100,470,754,-284
218000101,457,323,134
218000102,587,609,-22
218000103,174,356,-182
218000104,149,107,42
218000105,235,29,206
218000107,95,273,-178
218000108,23,182,-159
218000112,558,212,346
218000117,409,441,-32
218000134,1325,1620,-295
218000135,131,212,-81
218000136,356,92,264
218000137,285,141,144
218000138,84,173,-89
218000139,320,445,-125
218000140,699,296,403
218000141,262,140,122
218000142,141,240,-99
218000143,131,322,-191
218000144,145,142,3
218000145,504,679,-175
218000146,105,406,-301
218000151,60,43,17
218000152,139,81,58
218000153,10,9,1
218000154,8,2,6
218000155,19,6,13
218000156,58,53,5
218000157,21,27,-6
218000158,7,14,-7
218000159,2,5,-3
218000160,9,6,3
218000161,28,8,20
218000162,46,16,30
218000163,9,1,8
218000164,48,16,32
218000165,80,62,18
218000170,3,72,-69
218000171,80,10,70
218000172,55,22,33
218000173,71,23,48
218000174,55,9,46
218000176,164,47,117
218000177,321,314,7
218000178,88,378,-290
218000179,90,183,-93
218000180,68,64,4
218000181,219,119,100
218000187,12,37,-25
218000188,95,46,49
218000189,17,112,-95
218000190,19,33,-14
218000191,154,71,83
218000192,421,741,-320
218000193,1156,805,351
218000194,204,847,-643
218000195,209,197,12
218000196,429,814,-385
218000197,498,831,-333
218000198,9,267,-258
218000199,68,54,14
218000200,71,48,23
218000201,13,11,2
218000202,248,359,-111
218000207,9,97,-88
218000208,144,63,81
218000211,64,8,56
218000212,2,10,-8
218000213,141,98,43
218000214,6,39,-33
218000215,60,98,-38
218000217,5,202,-197
218000218,378,242,136
218000219,375,70,305
218000220,737,460,277
218000221,5194,350,4844
218000222,135,47,88
218000223,52,385,-333
218000224,11,150,-139
218000225,188,29,159
218000226,136,101,35
218000230,0,3,-3
218000232,166,150,16
218000234,53,39,14
218000239,118,7,111
218000240,7,1,6
218000241,15,0,15
218000242,60,6,54
218000243,19,4,15
218000244,32,2,30
218000245,34,6,28
218000246,0,3,-3
218000247,0,1,-1
218000248,2,40,-38
218000249,0,0,0
218000250,12,8,4
218000251,2,13,-11
218000252,0,14,-14
218000253,5,7,-2
218000254,1,22,-21
218000255,0,10,-10
218000256,2,44,-42
218000267,516,1176,-660
218000268,28,100,-72
218000269,7,11,-4
218000270,31,33,-2
218000271,42,66,-24
218000273,16,11,5
218000274,17,5,12
218000275,22,46,-24
218000276,17,76,-59
218000278,20,59,-39
218000279,22,39,-17
218000280,1,18,-17
218000281,20,6,14
218000282,333,141,192
218000284,190,38,152
218000301,249,201,48
218000302,214,101,113
218000303,64,75,-11
218000316,1011,2079,-1068
218000317,1133,2326,-1193
218000318,494,1587,-1093
218000319,1434,2429,-995
218000320,1001,1363,-362
218000338,168,33,135
218000339,29,29,0
218000342,104,163,-59
218000343,232,153,79
218000345,32,14,18
218000346,43,61,-18
218000353,80,51,29
218000354,76,160,-84
218000459,58,472,-414
218000490,191,79,112
218000501,168,117,51
218000502,82,221,-139
218000503,229,91,138
218000504,429,105,324
218000505,204,374,-170
218000506,171,713,-542
218000508,3,9,-6
218000510,658,45,613
218000520,268,292,-24
218000522,1,199,-198
218000523,346,7,339
218000524,66,208,-142
218000525,182,44,138
218000526,57,141,-84
218000530,7,7,0
218000531,25,104,-79
218000532,101,59,42
218000537,16,16,0
218000538,177,264,-87
218000539,94,137,-43
218000540,395,76,319
218000543,173,108,65
218000544,70,212,-142
218000545,71,136,-65
218000546,78,210,-132
218000547,138,156,-18
218000548,134,306,-172
218000549,544,300,244
218000550,255,628,-373
218000551,350,785,-435
218000552,956,45,911
218000553,12,62,-50
218000554,20,10,10
218000555,7,33,-26
218000556,56,551,-495
218000557,320,75,245
218000558,86,0,86
218000559,0,42,-42
218000560,0,23,-23
218000561,21,0,21
218000562,71,278,-207
218000563,274,22,252
218000564,39,157,-118
218000565,237,38,199
218000566,424,23,401
218000567,1,74,-73
218000568,15,2,13
218000569,6,156,-150
218000570,78,20,58
218000571,0,120,-120
218000572,179,1,178
218000573,8,60,-52
218000574,45,65,-20
218000575,123,1,122
218000576,1,87,-86
218000577,532,1,531
218000578,22,92,-70
218000579,69,39,30
218000581,4,52,-48
218000582,84,1,83
218000583,2,0,2
218000584,1,32,-31
218000585,54,7,47
218000586,44,49,-5
218000587,1,0,1
218000588,1,1,0
218000589,0,1,-1
218000590,7,0,7
218000591,1,6,-5
218000592,4,0,4
218000593,2,1,1
218000594,4,0,4
218000595,0,0,0
218000596,0,0,0
218000597,0,0,0
218000598,1,0,1
218000599,5,0,5
218000600,2,0,2
218000601,0,0,0
218000602,0,5,-5
218000603,0,9,-9
218000604,30,0,30
218000605,0,33,-33
218000606,105,0,105
218000607,15,62,-47
218000608,87,29,58
218000609,5,52,-47
218000610,285,7,278
218000611,28,3,25
218000612,1,39,-38
218000613,61,1,60
218000614,20,59,-39
218000615,342,2,340
218000616,29,194,-165
218000617,17,2,15
218000618,0,24,-24
218000619,58,113,-55
218000620,12,44,-32
218000621,2,7,-5
218000622,12,20,-8
218000623,96,6,90
218000624,42,23,19
218000625,2,1,1
218000626,0,7,-7
218000628,114,56,58
218000632,0,132,-132
218000633,109,3,106
218000634,10,23,-13
218000635,15,26,-11
218000636,1364,2692,-1328
218000637,870,1166,-296
218000638,175,87,88
218000639,24,310,-286
218000640,342,49,293
218000641,94,610,-516
218000652,81,153,-72
218000653,190,90,100
218000675,46,18,28
218000676,2,44,-42
218000677,16,13,3
218000703,8,51,-43
218000718,1184,969,215
218000719,1946,349,1597
218000720,3,79,-76
218000721,43,20,23
218000725,17,8,9
218001214,19,92,-73
219000001,37,95,-58
219000002,135,110,25
219000003,57,30,27
219000004,102,97,5
219000017,793,30,763
219000020,141,65,76
219000022,160,13,147
219000023,145,5,140
219000029,0,110,-110
219000034,79,11,68
219000039,91,92,-1
219000040,124,45,79
219000041,172,40,132
219000051,0,81,-81
219000052,0,35,-35
219000053,0,224,-224
219000054,655,444,211
219000055,165,9,156
219000056,64,0,64
219000057,355,1,354
219000062,29,308,-279
219000063,100,8,92
219000110,498,70,428
219000111,109,50,59
219000112,288,65,223
219000113,186,93,93
219000114,399,104,295
219000116,96,35,61
219000117,214,115,99
219000118,166,140,26
219000123,440,143,297
219000124,254,128,126
219000125,22,27,-5
219000126,102,123,-21
219000127,0,12,-12
219000128,10,139,-129
219000129,42,187,-145
219000130,1187,1112,75
219000131,1199,1470,-271
219000133,91,53,38
219000134,10,36,-26
219000135,58,105,-47
219000136,175,294,-119
219000138,91,26,65
219000139,45,72,-27
219000140,51,2,49
219000141,27,161,-134
219000142,13,162,-149
219000143,20,143,-123
219000145,26,133,-107
219000146,6,89,-83
219000147,3,101,-98
219000148,11,108,-97
219000149,23,188,-165
219000150,5,151,-146
219000151,2,104,-102
219000157,236,209,27
219000158,339,400,-61
219000161,250,32,218
219000163,2616,729,1887
219000166,163,244,-81
219000167,116,283,-167
219000168,474,187,287
219000174,571,161,410
219000175,156,3,153
219000176,80,9,71
219000177,36,4,32
219000178,24,4,20
219000179,14,9,5
219000180,42,52,-10
219000182,190,31,159
219000183,80,70,10
219000184,137,10,127
219000185,1,117,-116
219000186,52,99,-47
219000187,35,173,-138
219000189,233,198,35
219000190,211,376,-165
219000191,2327,1978,349
219000192,260,171,89
219000193,581,230,351
219000195,3,104,-101
219000196,6,187,-181
219000198,42,223,-181
219000199,131,348,-217
219000200,61,297,-236
219000201,84,353,-269
219000203,41,178,-137
219000204,176,273,-97
219000205,78,225,-147
219000207,299,382,-83
219000209,35,128,-93
219000210,380,179,201
219000213,23,380,-357
219000239,298,463,-165
219000240,284,547,-263
219000241,176,377,-201
219000242,92,271,-179
219000243,149,391,-242
219000244,114,138,-24
219000245,50,67,-17
219000246,53,15,38
219000247,167,30,137
219000248,1006,445,561
219000249,177,97,80
219000250,214,110,104
219000251,949,246,703
219000252,467,218,249
219000253,406,68,338
219000255,193,195,-2
219000256,211,135,76
219000257,302,13,289
219000262,119,288,-169
219000263,49,296,-247
219000267,5,194,-189
219000268,4,13,-9
219000269,30,6,24
219000270,30,0,30
219000271,191,37,154
219000278,1,8,-7
219000279,0,1,-1
219000283,0,15,-15
219000295,31,171,-140
219000296,79,791,-712
219000297,24,253,-229
219000298,17,313,-296
219000299,709,144,565
219000300,23,368,-345
219000301,306,532,-226
219000302,54,290,-236
219000307,55,77,-22
219000308,38,29,9
219000311,167,75,92
219000312,758,149,609
219000313,347,115,232
219000314,128,941,-813
219000315,317,100,217
219000316,698,128,570
219000317,115,62,53
219000320,0,53,-53
219000321,0,23,-23
219000323,5,137,-132
219000325,2,49,-47
219000326,49,157,-108
219000327,123,50,73
219000328,80,70,10
219000329,371,267,104
219000330,62,25,37
219000331,145,72,73
219000332,116,167,-51
219000333,15,5,10
219000335,119,6,113
219000337,30,2,28
219000338,198,4,194
219000344,33,108,-75
219000345,98,200,-102
219000346,71,272,-201
219000348,160,232,-72
219000349,84,331,-247
219000350,89,210,-121
219000351,16,5,11
219000352,492,109,383
219000353,175,85,90
219000354,186,239,-53
219000355,140,72,68
219000356,2979,1421,1558
219000363,499,84,415
219000364,124,44,80
219000365,134,40,94
219000366,392,615,-223
219000368,761,653,108
219000370,2115,494,1621
219000371,15,30,-15
219000382,2,31,-29
219000383,1087,1340,-253
219000385,795,825,-30
219000386,1278,2195,-917
219000387,10,9,1
219000390,7,6,1
219000391,20,11,9
219000397,141,141,0
219000398,92,31,61
219000401,9,175,-166
219000402,36,158,-122
219000403,160,328,-168
219000404,23,164,-141
219000409,103,52,51
219000410,114,44,70
219000411,123,16,107
219000446,275,657,-382
219000447,1,28,-27
219000448,8,20,-12
219000452,200,73,127
219000453,109,178,-69
219000454,533,296,237
219000556,295,154,141
219000558,148,293,-145
219000590,25,272,-247
219000591,67,105,-38
219000592,242,570,-328
219000595,4,53,-49
219000635,192,82,110
219000636,28,141,-113
219000657,44,26,18
219000658,112,123,-11
219000673,0,9,-9
219000676,118,5,113
219000679,130,11,119
219000684,217,7,210
219000685,2,121,-119
219000686,1,2,-1
219000688,0,176,-176
219000689,65,638,-573
219000690,509,116,393
219000693,0,23,-23
219000694,27,6,21
219000695,16,11,5
219000698,153,0,153
219000699,0,18,-18
219000727,5,258,-253
219000728,152,21,131
219000770,43,3,40
219000771,1,35,-34
219001150,0,39,-39
219001151,2,3,-1
220000001,135,89,46
220000002,27,196,-169
220000003,942,364,578
220000004,1779,812,967
220000005,2608,2553,55
220000006,306,1394,-1088
220000007,559,840,-281
220000008,535,1457,-922
220000009,357,627,-270
220000010,344,239,105
220000011,1645,7819,-6174
220000012,147,1019,-872
220000014,145,44,101
220000015,61,213,-152
220000017,66,706,-640
220000018,11267,3566,7701
220000019,198,466,-268
220000020,583,321,262
220000021,530,251,279
220000022,618,787,-169
220000023,291,290,1
220000024,2522,485,2037
220000025,1893,1428,465
220000026,285,338,-53
220000027,34,215,-181
220000028,38,41,-3
220000029,81,425,-344
220000030,218,123,95
220000031,563,541,22
220000064,25,1625,-1600
221000046,2,0,2
221000047,0,4,-4
221000048,1,5,-4
221000049,1,11,-10
221000050,27,0,27
221000055,66,91,-25
221000057,86,12,74
221000068,482,180,302
221000069,498,78,420
221000070,298,47,251
221000071,142,8,134
221000072,430,27,403
221000073,237,69,168
221000074,1,28,-27
221000075,31,18,13
221000076,12,56,-44
221000077,67,148,-81
221000081,52,9,43
221000082,48,10,38
221000083,39,8,31
221000084,2,5,-3
221000085,21,146,-125
221000086,19,264,-245
221000087,11,291,-280
221000088,12,249,-237
221000089,48,414,-366
221000090,221,672,-451
221000098,141,22,119
221000099,207,30,177
221000100,126,11,115
221000101,217,16,201
221000102,163,23,140
221000109,8,116,-108
221000110,13,162,-149
221000111,27,259,-232
221000112,7,205,-198
221000113,27,257,-230
221000114,19,304,-285
221000120,68,63,5
221000121,6,40,-34
221000122,158,40,118
221000123,55,9,46
221000124,103,389,-286
221000155,132,15,117
221000156,82,49,33
221000175,1,5,-4
221000176,0,4,-4
221000182,51,4,47
221000241,770,382,388
221000242,289,641,-352
221000243,822,166,656
221000244,451,642,-191
221000245,107,156,-49
221000246,46,339,-293
221000247,126,152,-26
221000248,305,181,124
221000267,74,1128,-1054
221000325,85,80,5
221000331,69,186,-117
221000338,137,48,89
221000378,219,61,158
221000381,106,40,66
222000282,5,3,2
222000296,0,86,-86
222000568,368,19,349
222000569,169,32,137
222000570,169,17,152
222000571,463,21,442
222000577,25,317,-292
222000578,44,298,-254
222000579,57,247,-190
222000580,182,1404,-1222
222000599,1,159,-158
222000600,2,383,-381
222000601,13,1407,-1394
222000603,24,41,-17
222000604,12,28,-16
222000605,81,52,29
222000606,4,12,-8
222000607,20,2,18
222000608,45,11,34
222000609,45,324,-279
222000616,276,41,235
222000617,20,13,7
222000618,5,1,4
222000620,50,16,34
222000621,137,26,111
222000623,618,6,612
222000624,407,12,395
222000625,453,65,388
222000636,103,2,101
222000686,23,17,6
222000687,63,48,15
222001066,540,1,539
222001067,13,23,-10
222001068,36,73,-37
222001069,31,125,-94
222001082,8,66,-58
222001083,35,97,-62
222001084,0,22,-22
222001085,0,256,-256
222001111,42,254,-212
222001112,58,72,-14
222001313,95,13,82
222001314,5,178,-173
222001464,121,103,18
222001465,56,162,-106
222001484,155,95,60
222001485,30,56,-26
222001494,334,212,122
222001495,116,547,-431
222001496,301,97,204
222001497,85,775,-690
222001502,31,150,-119
222001503,120,89,31
222001504,22,380,-358
222001505,276,26,250
222001506,48,341,-293
222001507,416,29,387
222001510,438,43,395
222001511,46,558,-512
222001514,832,249,583
222001515,403,932,-529
222001518,255,116,139
222001519,69,406,-337
222001527,337,98,239
222001528,77,263,-186
222001529,213,95,118
222001530,86,292,-206
222001533,187,559,-372
222001534,417,97,320
222001535,182,246,-64
222001536,85,447,-362
222001537,254,41,213
222001538,87,729,-642
222001563,511,124,387
222001564,39,1026,-987
222001568,512,143,369
222001576,1,0,1
222001579,0,6,-6
222001583,44,377,-333
222001584,165,18,147
222001596,790,2228,-1438
222001597,1895,334,1561
222001626,3,216,-213
222001650,64,107,-43
222001651,58,277,-219
222001914,277,135,142
222001915,71,316,-245
222900004,457,251,206
222900009,572,1011,-439
222900019,365,404,-39
222900024,26,67,-41
222900025,1,23,-22
225000001,761,370,391
225000002,675,287,388
225000003,594,183,411
225000004,340,550,-210
225000005,43,109,-66
225000006,1,204,-203
225000007,4939,1944,2995
225000010,432,13,419
225000011,871,2621,-1750
225000012,267,1130,-863
225000013,265,332,-67
225000014,2760,181,2579
225000015,141,381,-240
225000021,1228,582,646
225000027,503,951,-448
225000032,1032,302,730
225000042,153,1280,-1127
225000049,66,66,0
225000050,104,22,82
225000053,11,688,-677
225000058,1171,227,944
225000067,230,326,-96
225000068,198,784,-586
225000069,214,872,-658
225000070,100,785,-685
225000071,42,432,-390
225000075,80,1642,-1562
225000076,120,219,-99
225000078,266,74,192
225000085,57,156,-99
225000086,974,110,864
225000087,408,127,281
225000088,22,289,-267
225000089,380,1341,-961
225000090,34,595,-561
225000091,230,369,-139
225000092,37,93,-56
225000093,221,678,-457
225000094,10,701,-691
225000095,501,923,-422
225000096,501,967,-466
225000098,1043,387,656
225000099,481,261,220
225000100,251,251,0
225000104,137,670,-533
225000110,18,707,-689
225000111,608,2054,-1446
225000112,845,1664,-819
225000113,343,903,-560
225000114,184,585,-401
225000115,3747,947,2800
225000116,1504,324,1180
225000117,1277,734,543
225000118,1323,605,718
225000119,340,215,125
225000120,995,99,896
225000121,380,55,325
225000123,4128,27,4101
225000125,594,480,114
225000126,1930,416,1514
225000127,1377,1821,-444
225000128,526,1104,-578
225000132,379,44,335
225000133,492,50,442
225000134,787,198,589
225000135,76,18,58
225000136,277,24,253
225000137,186,117,69
225000138,543,117,426
225000143,144,239,-95
225000144,6,603,-597
225000145,76,140,-64
225000146,47,170,-123
225000147,26,596,-570
225000148,26,412,-386
225000149,112,777,-665
225000151,27,544,-517
225000155,370,790,-420
225000156,558,1449,-891
225000157,546,623,-77
225000158,191,604,-413
225000171,3,302,-299
225000180,43,0,43
225000181,0,153,-153
225000182,150,23,127
225000185,9,615,-606
225000187,100,622,-522
225000191,184,0,184
225000194,0,12,-12
225000208,2,93,-91
225000209,120,30,90
225000210,9,571,-562
225000217,0,18,-18
225000218,20,4,16
225000223,2,180,-178
225000224,252,0,252
225000225,12,77,-65
225000226,353,7,346
225000227,118,138,-20
225000228,24,17,7
225000229,0,122,-122
225000230,10,0,10
225000231,0,145,-145
225000232,121,0,121
225000241,94,1,93
225000242,1,75,-74
225000249,36,13,23
225000250,82,1571,-1489
225000251,461,34,427
225000254,38,1,37
225000256,34,124,-90
225000257,0,316,-316
226000042,830,669,161
226000043,137,437,-300
226000044,390,971,-581
226000045,154,698,-544
226000046,807,159,648
226000047,677,124,553
226000048,663,112,551
226000049,614,173,441
226000070,0,130,-130
226000071,0,133,-133
226000072,0,39,-39
226000073,0,33,-33
226000074,0,27,-27
226000084,5,114,-109
226000085,8,13,-5
226000086,11,26,-15
226000087,1,22,-21
226000088,60,48,12
226000090,652,71,581
226000091,41,17,24
226000092,4,7,-3
226000093,22,1,21
226000094,63,4,59
226000095,69,8,61
226000105,78,4,74
226000106,29,1,28
226000107,6,0,6
226000108,54,0,54
226000109,80,0,80
226000124,414,124,290
226000134,574,795,-221
226000135,1118,1225,-107
226000136,441,724,-283
226000137,16,801,-785
226000138,12,291,-279
226000139,1,31,-30
226000156,148,3,145
226000157,155,9,146
226000163,131,114,17
226000202,11,1099,-1088
226000231,177,23,154
226000232,128,11,117
227000033,370,90,280
227000036,277,66,211
227000037,195,38,157
227000038,283,45,238
227000084,0,77,-77
227000085,1,47,-46
227000088,198,4,194
227000089,171,3,168
227000090,156,2,154
227000091,18,0,18
227000092,42,2,40
227000093,214,1,213
227000094,17,0,17
227000130,37,89,-52
227000131,24,297,-273
227000132,13,286,-273
227000133,11,276,-265
227000134,19,479,-460
227000152,0,3,-3
227000153,0,46,-46
227000154,0,27,-27
227000155,0,19,-19
227000156,1,19,-18
227000165,8,38,-30
227000196,369,545,-176
227000199,339,991,-652
227000230,16,776,-760
227000232,470,29,441
227000242,66,587,-521
227000243,503,87,416
227000245,22,505,-483
227000246,98,643,-545
227000247,356,113,243
227000248,98,27,71
227000249,30,267,-237
227000250,664,176,488
227000251,225,250,-25
227000252,31,471,-440
227000253,92,27,65
227000262,257,68,189
227000266,1079,37,1042
227000267,31,2740,-2709
227000282,7,334,-327
227000284,401,57,344
227000286,7,115,-108
227000291,36,865,-829
227000296,488,428,60
227000484,305,24,281
227000485,18,1160,-1142
227000655,130,28,102
227000656,816,55,761
227000657,57,28,29
229000265,5,15,-10
229000266,0,0,0
229000267,46,0,46
229000268,81,0,81
229000269,65,0,65
229000274,1,121,-120
229000275,1,40,-39
229000276,1,51,-50
229000277,0,3,-3
229000278,1,14,-13
229000295,19,54,-35
229000296,3,21,-18
229000297,12,107,-95
229000298,13,408,-395
229000320,26,34,-8
229000321,20,20,0
229000412,75,92,-17
229000414,15,97,-82
229000415,26,1,25
229000416,3,14,-11
229000417,18,48,-30
229000419,187,605,-418
229000440,449,157,292
229000442,37,21,16
229000443,4,2,2
229000444,32,44,-12
229000445,88,9,79
229000446,192,17,175
229000491,0,30,-30
229000492,10,172,-162
229000493,9,180,-171
229000494,43,11,32
229000495,124,16,108
229000496,108,18,90
229000507,0,89,-89
229000508,1,37,-36
229000509,1,71,-70
229000510,7,40,-33
229000511,5,61,-56
229000512,0,59,-59
229000513,0,15,-15
229000514,1,4,-3
229000517,0,18,-18
229000518,18,41,-23
229000519,2,19,-17
229000520,15,30,-15
229000521,42,39,3
229000522,5,28,-23
229000523,14,13,1
229000524,2,9,-7
229000527,7,0,7
229000528,0,1,-1
229000529,7,0,7
229000530,117,6,111
229000531,63,3,60
229000532,105,5,100
229000533,148,0,148
229000534,106,2,104
229000564,69,0,69
229000565,3,0,3
229000566,0,20,-20
229000567,1,62,-61
229000582,177,2,175
229000583,15,10,5
229000584,1,47,-46
229000585,6,94,-88
229000718,0,1,-1
229000719,0,0,0
229000720,0,14,-14
229000721,0,19,-19
229000722,0,14,-14
229000723,0,21,-21
229000724,0,2,-2
229000725,0,5,-5
229000738,4,0,4
229000739,1,0,1
229000740,1,0,1
229000741,7,0,7
229000742,6,0,6
229000743,25,0,25
229000744,26,0,26
229000745,4,0,4
229000746,23,0,23
229000847,58,0,58
229000848,31,0,31
229000849,129,0,129
229000851,48,0,48
229000854,1,82,-81
229000856,4,250,-246
229000857,1,109,-108
229000858,0,204,-204
229000919,38,134,-96
229000930,4,348,-344
229000937,87,31,56
229000966,75,25,50
229000981,29,53,-24
229000985,17,123,-106
229000986,1,12,-11
229000987,0,1,-1
229000988,11,5,6
229000989,30,20,10
229000990,12,3,9
229000991,1,3,-2
229000992,8,25,-17
229000993,350,24,326
229000998,25,113,-88
229000999,78,51,27
229001034,3,29,-26
229001035,10,4,6
229001036,4,87,-83
229001037,65,5,60
229001038,0,4,-4
229001039,5,0,5
229001040,1,230,-229
229001041,96,1,95
229001042,7,31,-24
229001047,7,152,-145
229001050,92,30,62
229001168,0,20,-20
229001200,11,2,9
229001338,6,36,-30
229001394,278,13,265
229001422,122,38,84
229001423,76,250,-174
229001431,67,58,9
229001432,87,105,-18
229001444,192,69,123
229001445,72,468,-396
229001479,14,17,-3
229001503,220,95,125
229001504,148,266,-118
229001505,124,47,77
229001506,98,235,-137
229001509,114,8,106
229001510,24,85,-61
229001545,64,4,60
229001546,11,167,-156
229001553,86,27,59
229001554,41,151,-110
229001630,60,22,38
229001631,18,86,-68
229001635,0,26,-26
229001636,0,2,-2
229001658,2,208,-206
229001659,77,4,73
229001660,3,5,-2
229001661,8,65,-57
229001662,42,0,42
229001663,0,14,-14
229002584,376,392,-16
229002831,496,320,176
229002841,33,50,-17
229002842,55,21,34
229002843,184,43,141
229002844,249,108,141
229002845,54,85,-31
229002846,25,30,-5
229002847,85,17,68
229002848,28,29,-1
229002849,18,98,-80
229002850,7,4,3
229002851,241,106,135
229002852,235,38,197
229002853,233,37,196
229002854,288,94,194
229002855,15,35,-20
229002856,52,21,31
229002857,24,76,-52
229002858,36,22,14
229002859,170,33,137
229002860,169,25,144
229002861,143,57,86
229002862,35,113,-78
229002863,32,46,-14
229002864,38,52,-14
229002865,28,31,-3
229002866,34,28,6
229002867,14,25,-11
229002868,6,11,-5
229002869,33,272,-239
229002870,46,4,42
235000067,396,142,254
235000072,62,485,-423
235000080,41,148,-107
235000081,120,238,-118
235000082,167,70,97
235000083,218,101,117
235000084,85,72,13
235000085,92,51,41
235000093,16,2,14
235000097,3,13,-10
235000098,56,13,43
235000115,130,179,-49
235000116,62,34,28
235000117,1045,76,969
235000133,20,380,-360
235000134,13,84,-71
235000206,7,9,-2
235000207,13,2,11
235000210,6,0,6
235000212,1,13,-12
235000220,3,8,-5
235000221,163,8,155
235000238,22,50,-28
235000239,0,4,-4
235000242,409,442,-33
235000245,1129,252,877
235000246,11,92,-81
235000284,9,141,-132
235000295,100,21,79
235000305,116,29,87
235000306,140,4,136
235000307,29,4,25
235000308,47,0,47
235000309,67,0,67
235000310,88,1,87
235000311,161,47,114
235000322,0,43,-43
235000323,0,88,-88
235000324,0,32,-32
235000325,1,25,-24
235000326,10,322,-312
235000351,1,72,-71
235000352,41,88,-47
235000353,1,32,-31
235000354,8,58,-50
235000355,11,117,-106
235000356,135,1,134
235000357,17,0,17
235000358,32,7,25
235000359,16,3,13
235000360,110,26,84
235000361,71,20,51
235000381,23,274,-251
235000382,90,31,59
235000390,9,3,6
235000391,80,22,58
235000392,106,267,-161
235000393,70,128,-58
235000395,108,42,66
235000396,444,90,354
235000399,120,20,100
235000400,166,25,141
235000401,160,266,-106
235000402,107,180,-73
235000405,210,451,-241
235000406,52,438,-386
235000407,71,163,-92
235000409,190,206,-16
235000411,2,100,-98
235000485,0,0,0
235000486,12,0,12
235000549,65,202,-137
235000550,54,324,-270
235000599,50,76,-26
235000600,17,13,4
235000601,11,58,-47
235000602,52,86,-34
235000614,0,9,-9
235000648,0,14,-14
235000649,20,22,-2
235000815,4,26,-22
235000834,0,5,-5
235000855,36,63,-27
235000862,84,345,-261
235000891,0,27,-27
235000892,108,2,106
235000901,48,118,-70
235000907,3,8,-5
235001010,31,113,-82
235001030,405,362,43
235001078,87,101,-14
235001079,112,170,-58
235001147,28,85,-57
235001166,14,92,-78
235001167,27,55,-28
235001169,36,434,-398
235001200,32,40,-8
235001239,1,43,-42
235016266,25,4,21
235016267,1,40,-39
235900013,1,3,-2
235900014,0,7,-7
241900007,61,0,61
277101746,0,2,-2
277102712,3,1,2
277103813,0,0,0
277103814,0,0,0
277103898,0,10,-10
990010990,41,337,-296
990011530,0,322,-322
990014944,1,807,-806
990015176,132,10,122
990015618,0,120,-120
990015888,32,89,-57
990016032,0,668,-668
990032570,23,439,-416
990070001,98,6,92
990070103,0,11,-11
990070601,0,146,-146
990070751,480,1,479
990070766,4,805,-801
990071180,1022,349,673
990071343,69,1,68
990071387,0,11,-11
990071823,779,1,778
990072600,2,844,-842
990072964,3,813,-810
990073285,1,3,-2
990074393,4,1817,-1813
990074714,22,51,-29
990074870,1007,44,963
990075106,734,13,721
990075746,482,1,481
990076437,1236,5,1231
990076458,1,1563,-1562
997000007,286,2,284
997000041,1,224,-223
997000058,44,2,42
997000062,216,5,211
997000069,1,7,-6
997000070,0,162,-162
997000100,33,0,33
997000141,10,2989,-2979
997000198,3,1204,-1201
998000475,9,46,-37
998000736,0,351,-351
998000965,0,31,-31
998001031,0,61,-61
998001072,773,485,288
998001091,2,1,1
998001093,1,1,0
998001103,3,5,-2
998001105,9,51,-42
998001700,0,54,-54
998001899,0,1,-1
998001900,4,2,2
998003073,1525,2,1523
998003124,21,39,-18
998003125,5,175,-170
998101900,0,0,0
998102850,3,110,-107
998501819,8,0,8
998501820,0,5,-5
998501832,95,130,-35
998501927,876,515,361
998501929,91,4,87
998501930,62,0,62
998501931,227,47,180
998501932,17,0,17
998501933,117,1,116
998501937,11,1,10
998501944,2,0,2
998501950,0,1,-1
998501970,57,8,49
998501971,1,119,-118
998501972,822,15,807
998501973,0,86,-86
998501974,0,378,-378
998501975,940,2,938
998501976,234,4,230
998501977,0,16,-16
998501978,100,0,100
998501979,0,10,-10
998501980,325,54,271
998501981,21,30,-9
998501982,0,261,-261
998501983,0,0,0
998502006,0,0,0
998502024,0,4,-4
998502032,0,2,-2
998502062,27,2,25
998502063,0,0,0
998502173,9,0,9
998502269,0,5,-5
998601159,3,272,-269
998601292,0,23,-23
999033574,2,67,-65
999800001,50,1,49
999800002,0,3,-3
999800003,0,1,-1
999800004,0,2,-2
999800005,0,15,-15
