dong,insum,outsum,diff
강남구 개포1동,2013,3266,-1253
강남구 개포2동,27990,19255,8735
강남구 개포4동,24104,19867,4237
강남구 논현1동,58096,57505,591
강남구 논현2동,37927,53101,-15174
강남구 대치1동,19594,22395,-2801
강남구 대치2동,54910,81822,-26912
강남구 대치4동,51975,40320,11655
강남구 도곡1동,35271,40945,-5674
강남구 도곡2동,16421,17746,-1325
강남구 삼성1동,85331,96231,-10900
강남구 삼성2동,25385,59827,-34442
강남구 세곡동,67751,35599,32152
강남구 수서동,26998,48953,-21955
강남구 신사동,25473,26585,-1112
강남구 압구정동,43388,59998,-16610
강남구 역삼1동,97176,118141,-20965
강남구 역삼2동,42988,56114,-13126
강남구 일원1동,18064,13530,4534
강남구 일원2동,5176,4116,1060
강남구 일원본동,22813,14879,7934
강남구 청담동,59565,67629,-8064
강동구 강일동,38695,16963,21732
강동구 고덕제1동,13927,7811,6116
강동구 고덕제2동,13347,36050,-22703
강동구 길동,22657,15685,6972
강동구 둔촌제1동,158,1154,-996
강동구 둔촌제2동,12007,13785,-1778
강동구 명일제1동,16634,19600,-2966
강동구 명일제2동,11228,10213,1015
강동구 상일동,19698,29161,-9463
강동구 성내제1동,15298,14058,1240
강동구 성내제2동,16708,13934,2774
강동구 성내제3동,17720,19762,-2042
강동구 암사제1동,22420,7568,14852
강동구 암사제2동,3587,17845,-14258
강동구 암사제3동,4688,1405,3283
강동구 천호제1동,8785,4874,3911
강동구 천호제2동,23357,32581,-9224
강동구 천호제3동,9945,13030,-3085
강북구 미아동,27016,36088,-9072
강북구 번1동,45390,48900,-3510
강북구 번2동,22099,15454,6645
강북구 번3동,43250,19261,23989
강북구 삼각산동,13261,6096,7165
강북구 삼양동,30439,16419,14020
강북구 송중동,64491,67165,-2674
강북구 송천동,58626,49976,8650
강북구 수유1동,37978,29558,8420
강북구 수유2동,31632,12507,19125
강북구 수유3동,51327,92543,-41216
강북구 우이동,31014,19879,11135
강북구 월곡제1동,3968,3873,95
강북구 인수동,29506,16806,12700
강서구 가양제1동,22487,27786,-5299
강서구 가양제2동,5154,6153,-999
강서구 가양제3동,6812,6233,579
강서구 공항동,21141,19376,1765
강서구 등촌제1동,26704,43449,-16745
강서구 등촌제2동,17389,8407,8982
강서구 등촌제3동,30075,42169,-12094
강서구 발산제1동,39084,36153,2931
강서구 방화제1동,20709,21507,-798
강서구 방화제2동,16300,15940,360
강서구 방화제3동,3822,3284,538
강서구 염창동,22304,13854,8450
강서구 우장산동,32538,27895,4643
강서구 화곡본동,21590,16118,5472
강서구 화곡제1동,60596,57985,2611
강서구 화곡제2동,20427,8903,11524
강서구 화곡제3동,12032,18260,-6228
강서구 화곡제4동,21182,12463,8719
강서구 화곡제6동,35118,33216,1902
강서구 화곡제8동,17271,25292,-8021
관악구 낙성대동,45269,63755,-18486
관악구 난곡동,46013,8434,37579
관악구 난향동,22172,7158,15014
관악구 남현동,24872,19151,5721
관악구 대학동,49678,58548,-8870
관악구 미성동,46506,32204,14302
관악구 보라매동,33454,39155,-5701
관악구 삼성동,36268,20843,15425
관악구 서림동,51359,10999,40360
관악구 서원동,52207,111758,-59551
관악구 성현동,46255,15730,30525
관악구 신림동,58763,89474,-30711
관악구 신사동,31341,19705,11636
관악구 신원동,9479,5496,3983
관악구 은천동,38094,37202,892
관악구 인헌동,20487,16079,4408
관악구 조원동,41756,107919,-66163
관악구 중앙동,11196,7287,3909
관악구 청룡동,39473,44622,-5149
관악구 청림동,16145,3536,12609
관악구 행운동,49886,52540,-2654
광진구 광장동,13721,12267,1454
광진구 구의제1동,20133,21984,-1851
광진구 구의제2동,25622,18505,7117
광진구 구의제3동,13361,30856,-17495
광진구 군자동,26718,22122,4596
광진구 능동,16725,11924,4801
광진구 자양제1동,11580,5403,6177
광진구 자양제2동,46107,26280,19827
광진구 자양제3동,11501,7572,3929
광진구 자양제4동,29784,30533,-749
광진구 중곡제1동,14484,11387,3097
광진구 중곡제2동,21499,17366,4133
광진구 중곡제3동,15861,8500,7361
광진구 중곡제4동,13505,6665,6840
광진구 화양동,19635,24203,-4568
구로구 가리봉동,13359,24095,-10736
구로구 개봉제1동,49717,45586,4131
구로구 개봉제2동,28457,29666,-1209
구로구 개봉제3동,18259,7096,11163
구로구 고척제1동,35759,31770,3989
구로구 고척제2동,37183,16220,20963
구로구 구로제1동,25342,24245,1097
구로구 구로제2동,57966,60377,-2411
구로구 구로제3동,55269,107700,-52431
구로구 구로제4동,32645,29851,2794
구로구 구로제5동,41917,63132,-21215
구로구 수궁동,45519,56003,-10484
구로구 신도림동,45196,63587,-18391
구로구 오류제1동,21489,12812,8677
구로구 오류제2동,25187,24736,451
구로구 항동,5179,1657,3522
금천구 가산동,95596,128180,-32584
금천구 독산제1동,68321,88137,-19816
금천구 독산제2동,38703,17975,20728
금천구 독산제3동,42918,36507,6411
금천구 독산제4동,25742,15639,10103
금천구 미성동,254,176,78
금천구 시흥제1동,47958,57566,-9608
금천구 시흥제2동,24214,14225,9989
금천구 시흥제3동,21565,18886,2679
금천구 시흥제4동,25862,5101,20761
금천구 시흥제5동,45353,16685,28668
노원구 공릉1동,33473,28677,4796
노원구 공릉2동,33044,59893,-26849
노원구 상계10동,10114,9733,381
노원구 상계1동,24753,19686,5067
노원구 상계2동,18019,33588,-15569
노원구 상계3.4동,7349,3765,3584
노원구 상계5동,20795,20220,575
노원구 상계6.7동,18576,32134,-13558
노원구 상계8동,15378,6039,9339
노원구 상계9동,13502,9472,4030
노원구 월계1동,58276,65782,-7506
노원구 월계2동,24777,17683,7094
노원구 월계3동,21316,18959,2357
노원구 중계1동,18175,10228,7947
노원구 중계2.3동,20966,29506,-8540
노원구 중계4동,11400,19673,-8273
노원구 중계본동,21961,10490,11471
노원구 하계1동,29237,32894,-3657
노원구 하계2동,17379,19750,-2371
도봉구 도봉제1동,27683,14553,13130
도봉구 도봉제2동,19851,27439,-7588
도봉구 방학제1동,28224,26868,1356
도봉구 방학제2동,17135,7637,9498
도봉구 방학제3동,33558,8174,25384
도봉구 쌍문제1동,26487,20516,5971
도봉구 쌍문제2동,31898,26800,5098
도봉구 쌍문제3동,19356,38950,-19594
도봉구 쌍문제4동,22829,9017,13812
도봉구 창제1동,24640,47675,-23035
도봉구 창제2동,23282,12162,11120
도봉구 창제3동,27464,9571,17893
도봉구 창제4동,26514,36634,-10120
도봉구 창제5동,16402,23322,-6920
동대문구 답십리제1동,37152,39573,-2421
동대문구 답십리제2동,39511,26396,13115
동대문구 면목제5동,719,545,174
동대문구 용신동,69090,99331,-30241
동대문구 이문제1동,19324,27784,-8460
동대문구 이문제2동,12467,9815,2652
동대문구 장안제1동,50155,65474,-15319
동대문구 장안제2동,43581,28945,14636
동대문구 전농제1동,47282,45556,1726
동대문구 전농제2동,37348,21114,16234
동대문구 제기동,52064,71672,-19608
동대문구 청량리동,50901,63650,-12749
동대문구 회기동,12635,38873,-26238
동대문구 휘경제1동,59023,43014,16009
동대문구 휘경제2동,27729,25020,2709
동작구 노량진제1동,65209,118365,-53156
동작구 노량진제2동,31343,34329,-2986
동작구 대방동,94930,74718,20212
동작구 사당제1동,20822,18886,1936
동작구 사당제2동,26194,25597,597
동작구 사당제3동,18756,8601,10155
동작구 사당제4동,2967,4638,-1671
동작구 사당제5동,19239,8940,10299
동작구 상도제1동,85621,100656,-15035
동작구 상도제2동,38349,30354,7995
동작구 상도제3동,33814,16082,17732
동작구 상도제4동,38094,10212,27882
동작구 신대방제1동,17366,18450,-1084
동작구 신대방제2동,50676,59306,-8630
동작구 흑석동,52835,41200,11635
마포구 공덕동,40456,24005,16451
마포구 대흥동,40957,38888,2069
마포구 도화동,12683,13954,-1271
마포구 망원제1동,24695,12138,12557
마포구 망원제2동,19466,9094,10372
마포구 상암동,87258,122983,-35725
마포구 서강동,26346,12385,13961
마포구 서교동,92872,124376,-31504
마포구 성산제1동,26907,19203,7704
마포구 성산제2동,47718,23763,23955
마포구 신수동,11832,6336,5496
마포구 아현동,52523,35224,17299
마포구 연남동,23443,17117,6326
마포구 염리동,6578,11881,-5303
마포구 용강동,28783,22007,6776
마포구 합정동,17183,32720,-15537
서대문구 남가좌제1동,22105,13477,8628
서대문구 남가좌제2동,35455,23284,12171
서대문구 북가좌제1동,13498,10209,3289
서대문구 북가좌제2동,37727,11416,26311
서대문구 북아현동,16494,16581,-87
서대문구 신촌동,87132,121612,-34480
서대문구 연희동,71706,65944,5762
서대문구 천연동,46814,44125,2689
서대문구 충현동,49063,95583,-46520
서대문구 홍은제1동,35261,15660,19601
서대문구 홍은제2동,60229,48037,12192
서대문구 홍제제1동,45792,50300,-4508
서대문구 홍제제2동,19856,7412,12444
서대문구 홍제제3동,28158,28057,101
서초구 내곡동,20916,39209,-18293
서초구 반포1동,57761,27865,29896
서초구 반포2동,11124,10577,547
서초구 반포3동,20689,17576,3113
서초구 반포4동,34603,58600,-23997
서초구 반포본동,16899,18435,-1536
서초구 방배1동,37631,33531,4100
서초구 방배2동,37691,34449,3242
서초구 방배3동,42568,34232,8336
서초구 방배4동,34961,25437,9524
서초구 방배본동,25536,21447,4089
서초구 서초1동,29877,39483,-9606
서초구 서초2동,50651,88388,-37737
서초구 서초3동,64054,85818,-21764
서초구 서초4동,55262,43183,12079
서초구 양재1동,140387,119013,21374
서초구 양재2동,56689,66562,-9873
서초구 잠원동,33353,25817,7536
성동구 금호1가동,16121,9158,6963
성동구 금호2.3가동,22657,18842,3815
성동구 금호4가동,20210,6506,13704
성동구 마장동,17620,30863,-13243
성동구 사근동,8793,12812,-4019
성동구 성수1가제1동,13606,15190,-1584
성동구 성수1가제2동,7167,12446,-5279
성동구 성수2가제1동,14603,9941,4662
성동구 성수2가제3동,11189,21170,-9981
성동구 송정동,14884,9757,5127
성동구 옥수동,23920,28215,-4295
성동구 왕십리도선동,26116,26322,-206
성동구 왕십리제2동,18772,15722,3050
성동구 용답동,15097,19847,-4750
성동구 응봉동,19517,6876,12641
성동구 행당제1동,14708,30287,-15579
성동구 행당제2동,21932,13642,8290
성북구 길음제1동,50909,48389,2520
성북구 길음제2동,17062,29234,-12172
성북구 돈암제1동,45348,29620,15728
성북구 돈암제2동,20474,6649,13825
성북구 동선동,34827,47468,-12641
성북구 보문동,23811,18193,5618
성북구 삼선동,51045,42636,8409
성북구 석관동,21308,16689,4619
성북구 성북동,44707,48794,-4087
성북구 안암동,19175,29594,-10419
성북구 월곡제1동,31027,28460,2567
성북구 월곡제2동,14084,21195,-7111
성북구 장위제1동,31150,15122,16028
성북구 장위제2동,22035,24808,-2773
성북구 장위제3동,9921,12837,-2916
성북구 정릉제1동,30333,17883,12450
성북구 정릉제2동,44681,18305,26376
성북구 정릉제3동,13051,46124,-33073
성북구 정릉제4동,46232,29993,16239
성북구 종암동,62269,47581,14688
송파구 가락1동,7074,6720,354
송파구 가락2동,32189,22168,10021
송파구 가락본동,27106,37149,-10043
송파구 거여1동,8278,6232,2046
송파구 거여2동,2914,1038,1876
송파구 마천1동,16009,3577,12432
송파구 마천2동,24070,10523,13547
송파구 문정1동,12259,10556,1703
송파구 문정2동,29603,56706,-27103
송파구 방이1동,18062,9631,8431
송파구 방이2동,25461,28625,-3164
송파구 삼전동,43261,14866,28395
송파구 석촌동,44445,33711,10734
송파구 송파1동,29628,21297,8331
송파구 송파2동,11235,6740,4495
송파구 오금동,33187,38466,-5279
송파구 오륜동,10925,13901,-2976
송파구 위례동,28056,13374,14682
송파구 잠실2동,7856,13584,-5728
송파구 잠실3동,39927,72673,-32746
송파구 잠실4동,3004,2156,848
송파구 잠실6동,14372,44995,-30623
송파구 잠실7동,11042,18940,-7898
송파구 잠실본동,42648,33675,8973
송파구 장지동,34923,22274,12649
송파구 풍납1동,11833,5435,6398
송파구 풍납2동,17983,23464,-5481
양천구 목1동,28106,47676,-19570
양천구 목2동,39167,34785,4382
양천구 목3동,31589,34841,-3252
양천구 목4동,39432,11092,28340
양천구 목5동,34181,28959,5222
양천구 신월1동,16499,5270,11229
양천구 신월2동,17489,17688,-199
양천구 신월3동,12554,9986,2568
양천구 신월4동,17051,7343,9708
양천구 신월5동,15090,12862,2228
양천구 신월6동,10051,4494,5557
양천구 신월7동,29498,12967,16531
양천구 신정1동,14631,18100,-3469
양천구 신정2동,13315,6928,6387
양천구 신정3동,54369,39785,14584
양천구 신정4동,28139,66718,-38579
양천구 신정6동,8424,8161,263
양천구 신정7동,16465,13468,2997
영등포구 당산제1동,16438,30504,-14066
영등포구 당산제2동,49503,63537,-14034
영등포구 대림제1동,18663,15103,3560
영등포구 대림제2동,6670,10542,-3872
영등포구 대림제3동,32190,28229,3961
영등포구 도림동,29675,11463,18212
영등포구 문래동,33773,61445,-27672
영등포구 신길제1동,26839,14026,12813
영등포구 신길제3동,29581,11751,17830
영등포구 신길제4동,12954,4111,8843
영등포구 신길제5동,20089,20978,-889
영등포구 신길제6동,27783,20099,7684
영등포구 신길제7동,32374,19864,12510
영등포구 양평제1동,16610,19118,-2508
영등포구 양평제2동,27907,42654,-14747
영등포구 여의동,93805,240734,-146929
영등포구 영등포동,75876,91023,-15147
영등포구 영등포본동,32387,35861,-3474
용산구 남영동,63296,61979,1317
용산구 보광동,18459,6481,11978
용산구 서빙고동,21012,16616,4396
용산구 용문동,7874,4488,3386
용산구 용산2가동,24405,16378,8027
용산구 원효로제1동,26079,23341,2738
용산구 원효로제2동,21232,13723,7509
용산구 이촌제1동,16689,16898,-209
용산구 이촌제2동,10171,3856,6315
용산구 이태원제1동,19674,24346,-4672
용산구 이태원제2동,15009,7738,7271
용산구 청파동,32487,29062,3425
용산구 필동,197,399,-202
용산구 한강로동,72440,89119,-16679
용산구 한남동,67004,64985,2019
용산구 효창동,19227,10258,8969
용산구 후암동,23808,13886,9922
은평구 갈현제1동,30482,12630,17852
은평구 갈현제2동,24596,18339,6257
은평구 구산동,38102,12047,26055
은평구 녹번동,36542,24048,12494
은평구 대조동,36842,74431,-37589
은평구 불광제1동,32708,22468,10240
은평구 불광제2동,32768,36808,-4040
은평구 수색동,20544,18187,2357
은평구 신사제1동,27080,26125,955
은평구 신사제2동,35006,30747,4259
은평구 역촌동,42646,21967,20679
은평구 응암제1동,39056,56372,-17316
은평구 응암제2동,21146,6906,14240
은평구 응암제3동,23812,17930,5882
은평구 증산동,30306,33951,-3645
은평구 진관동,60296,58243,2053
종로구 가회동,7074,7732,-658
종로구 교남동,10482,6621,3861
종로구 무악동,3734,2911,823
종로구 부암동,24449,32487,-8038
종로구 사직동,52690,119213,-66523
종로구 삼청동,4839,12756,-7917
종로구 숭인제1동,3026,1587,1439
종로구 숭인제2동,17372,25073,-7701
종로구 이화동,27362,41015,-13653
종로구 종로1.2.3.4가동,98720,221678,-122958
종로구 종로5.6가동,15153,35861,-20708
종로구 창신제1동,15784,10706,5078
종로구 창신제2동,9604,16559,-6955
종로구 창신제3동,6494,8945,-2451
종로구 청운효자동,16111,25783,-9672
종로구 충현동,4538,3514,1024
종로구 평창동,23524,23421,103
종로구 혜화동,37639,51507,-13868
중구 광희동,18773,34501,-15728
중구 다산동,14797,9453,5344
중구 동화동,2844,2638,206
중구 명동,36498,76679,-40181
중구 소공동,28681,90462,-61781
중구 신당동,8639,11735,-3096
중구 신당제5동,10993,17116,-6123
중구 약수동,10867,6340,4527
중구 을지로동,2738,15307,-12569
중구 장충동,6259,15594,-9335
중구 중림동,11994,12633,-639
중구 청구동,6834,6840,-6
중구 필동,7346,11003,-3657
중구 황학동,12943,9147,3796
중구 회현동,63192,87236,-24044
중랑구 망우본동,43890,33342,10548
중랑구 망우제3동,20002,9598,10404
중랑구 면목본동,42700,53745,-11045
중랑구 면목제2동,20236,11143,9093
중랑구 면목제3.8동,34871,36421,-1550
중랑구 면목제4동,19396,12744,6652
중랑구 면목제5동,18401,8375,10026
중랑구 면목제7동,11090,9104,1986
중랑구 묵제1동,21422,21409,13
중랑구 묵제2동,11053,5066,5987
중랑구 상봉제1동,21665,21530,135
중랑구 상봉제2동,27133,31874,-4741
중랑구 신내1동,50846,25091,25755
중랑구 신내2동,31164,34635,-3471
중랑구 중화제1동,13378,18079,-4701
중랑구 중화제2동,35420,23439,11981
NA,841681,722138,119543
