ID,insum,outsum,diff
100000001,841,1197,-356
100000002,4453,3206,1247
100000003,5218,7037,-1819
100000004,735,1415,-680
100000005,2680,5928,-3248
100000006,629,259,370
100000007,2372,951,1421
100000008,211,598,-387
100000009,703,348,355
100000010,45,109,-64
100000011,1120,184,936
100000012,93,1355,-1262
100000013,23,357,-334
100000014,410,398,12
100000015,1613,2743,-1130
100000016,739,1392,-653
100000017,749,860,-111
100000018,1337,813,524
100000019,4463,2622,1841
100000020,1882,7436,-5554
100000021,6249,3225,3024
100000022,1377,3744,-2367
100000023,7118,2360,4758
100000025,798,1942,-1144
100000028,938,1303,-365
100000029,171,532,-361
100000030,111,54,57
100000031,3643,6807,-3164
100000032,1976,4574,-2598
100000033,1234,3677,-2443
100000034,239,977,-738
100000035,1197,1957,-760
100000036,1293,1854,-561
100000037,731,509,222
100000038,2477,1320,1157
100000039,467,1528,-1061
100000040,262,210,52
100000041,1724,638,1086
100000042,1165,506,659
100000043,916,554,362
100000044,245,899,-654
100000045,432,1209,-777
100000046,554,992,-438
100000047,287,856,-569
100000048,519,726,-207
100000049,1541,1326,215
100000051,414,705,-291
100000053,166,9,157
100000054,376,58,318
100000055,792,389,403
100000056,639,757,-118
100000057,2652,805,1847
100000058,991,923,68
100000059,28,316,-288
100000060,480,310,170
100000061,3007,798,2209
100000062,2128,640,1488
100000063,1058,278,780
100000064,1848,339,1509
100000065,381,770,-389
100000066,217,593,-376
100000067,471,563,-92
100000068,499,1153,-654
100000069,363,1019,-656
100000072,201,764,-563
100000073,1329,1164,165
100000075,858,248,610
100000076,2386,4296,-1910
100000077,218,335,-117
100000078,30,59,-29
100000079,63,47,16
100000080,25,62,-37
100000081,180,253,-73
100000102,3087,3995,-908
100000103,2111,2088,23
100000104,4126,3951,175
100000105,1829,2656,-827
100000106,2433,3581,-1148
100000107,468,1911,-1443
100000108,755,1031,-276
100000109,1754,1463,291
100000116,946,1140,-194
100000117,79,166,-87
100000118,1081,1813,-732
100000119,641,1173,-532
100000121,992,411,581
100000122,2014,1354,660
100000123,1743,3739,-1996
100000124,3900,6275,-2375
100000125,3832,2030,1802
100000126,670,612,58
100000127,1542,484,1058
100000128,2407,3004,-597
100000129,373,633,-260
100000130,549,451,98
100000131,1679,3065,-1386
100000132,988,3308,-2320
100000133,3049,2392,657
100000135,635,1398,-763
100000139,320,623,-303
100000140,282,493,-211
100000142,615,567,48
100000143,825,357,468
100000144,3736,693,3043
100000147,1341,3769,-2428
100000150,69,518,-449
100000151,1035,1922,-887
100000153,442,544,-102
100000154,42,447,-405
100000155,22,67,-45
100000156,400,539,-139
100000157,423,265,158
100000158,345,171,174
100000159,247,674,-427
100000165,1223,904,319
100000169,96,1553,-1457
100000174,326,1238,-912
100000179,70,632,-562
100000180,2634,11906,-9272
100000181,881,661,220
100000188,104,842,-738
100000189,1168,815,353
100000190,688,1722,-1034
100000191,817,829,-12
100000192,54,99,-45
100000193,275,194,81
100000330,900,1055,-155
100000355,221,1544,-1323
100000362,3435,2149,1286
100000363,5955,5293,662
100000364,142,279,-137
100000365,6345,10661,-4316
100000366,3752,2916,836
100000367,5476,8439,-2963
100000368,3168,1293,1875
100000369,895,2971,-2076
100000370,232,1387,-1155
100000376,58,140,-82
100000379,1966,1999,-33
100000380,5259,6602,-1343
100000384,6009,7460,-1451
100000385,2788,4665,-1877
100000386,5473,7423,-1950
100000387,3772,6712,-2940
100000388,4321,8591,-4270
100000389,5507,7974,-2467
100000390,6625,8325,-1700
100000391,4970,10103,-5133
100000392,2707,5736,-3029
100000393,2463,6475,-4012
100000394,5699,10891,-5192
100000395,4210,6022,-1812
100000396,5993,4739,1254
100000397,4490,9433,-4943
100000398,9483,7691,1792
100900002,10,21,-11
100900003,401,261,140
100900004,44,2326,-2282
100900005,136,17,119
100900006,35,70,-35
100900007,271,12,259
100900008,10,359,-349
100900009,82,280,-198
100900010,99,51,48
100900011,176,155,21
100900012,2,103,-101
100900013,1228,17,1211
100900014,4,16,-12
100900015,62,80,-18
100900016,4,22,-18
100900017,1318,87,1231
100900018,0,11,-11
100900019,31,161,-130
100900020,376,15,361
100900021,611,2,609
100900022,14,38,-24
100900023,0,31,-31
100900024,531,6,525
100900025,18,9,9
100900026,161,102,59
100900027,566,3049,-2483
100900028,150,256,-106
100900029,31,10,21
100900030,6,88,-82
100900031,830,40,790
100900032,337,2,335
100900033,309,287,22
100900034,870,2,868
100900035,339,2,337
100900036,18,1,17
100900037,152,157,-5
100900038,138,53,85
100900039,225,369,-144
100900040,561,437,124
100900041,1036,500,536
100900042,2037,1573,464
100900043,0,14,-14
100900044,1500,636,864
100900045,97,0,97
100900046,1365,23,1342
100900047,1039,233,806
100900048,195,150,45
100900049,71,98,-27
100900050,4,12,-8
100900051,69,228,-159
100900052,411,75,336
100900053,649,19,630
100900054,19,29,-10
100900055,323,974,-651
100900056,69,150,-81
100900057,1496,1505,-9
100900058,286,110,176
100900059,132,7,125
100900060,300,9,291
100900061,311,212,99
100900062,15,20,-5
100900063,252,901,-649
100900064,776,20,756
100900065,97,170,-73
100900066,156,274,-118
100900067,33,15,18
100900068,165,107,58
100900069,1199,16,1183
100900070,449,9,440
100900071,586,258,328
100900072,10,18,-8
100900073,166,236,-70
100900074,16,7,9
100900075,2568,399,2169
100900076,6,45,-39
100900077,44,66,-22
100900078,128,395,-267
100900079,23,12,11
100900080,95,270,-175
100900081,28,225,-197
100900082,214,363,-149
100900083,13,15,-2
100900085,24,288,-264
100900086,206,889,-683
100900088,152,246,-94
100900089,3,11,-8
100900090,103,616,-513
100900091,8,36,-28
100900092,189,308,-119
100900093,332,365,-33
100900094,151,222,-71
100900095,7,23,-16
100900096,172,122,50
100900097,0,6,-6
100900098,43,18,25
100900099,26,471,-445
100900100,7,808,-801
100900101,237,49,188
100900102,87,137,-50
100900103,20,21,-1
100900104,5,174,-169
100900105,39,652,-613
100900106,47,5,42
100900107,1816,850,966
100900108,25,79,-54
100900109,18,33,-15
100900110,3,23,-20
100900111,28,238,-210
100900112,3,43,-40
100900113,22,31,-9
100900114,4,19,-15
100900115,15,24,-9
100900116,1523,747,776
100900117,336,1316,-980
100900118,19,19,0
100900119,22,8,14
100900120,5,20,-15
100900121,852,637,215
100900122,110,138,-28
100900123,127,145,-18
100900124,2,18,-16
100900125,11,64,-53
100900126,214,206,8
100900127,4,9,-5
100900128,223,173,50
100900129,1,219,-218
100900131,98,216,-118
100900133,56,43,13
100900134,9,6,3
100900135,2,309,-307
100900137,307,265,42
100900138,442,525,-83
100900139,3,7,-4
100900140,6,375,-369
100900141,6,775,-769
100900142,3,16,-13
100900143,523,497,26
100900144,9,4,5
100900145,107,191,-84
100900146,5,84,-79
100900147,23,719,-696
100900148,53,321,-268
100900149,32,281,-249
100900150,2,63,-61
100900151,188,382,-194
100900152,958,19,939
100900153,1,242,-241
100900154,28,74,-46
100900155,22,14,8
100900156,67,6,61
100900157,21,479,-458
100900158,1400,132,1268
100900159,2,58,-56
100900160,25,10,15
100900161,108,14,94
100900162,170,585,-415
100900163,217,149,68
100900164,44,38,6
100900165,19,17,2
100900166,178,3,175
100900167,36,93,-57
100900168,66,195,-129
100900169,93,1265,-1172
100900170,40,4,36
100900171,16,355,-339
100900172,2,35,-33
100900173,5,216,-211
100900174,210,58,152
100900176,1963,246,1717
100900177,595,527,68
100900178,302,236,66
100900179,309,501,-192
100900180,6,2,4
100900181,222,103,119
100900182,265,60,205
100900184,31,311,-280
100900186,547,514,33
100900187,30,65,-35
100900188,33,16,17
100900189,3207,202,3005
100900191,876,1470,-594
100900192,247,550,-303
100900195,144,136,8
100900197,25,31,-6
100900198,43,241,-198
100900199,6,7,-1
100900200,970,377,593
100900201,152,630,-478
100900202,38,2,36
100900203,1,355,-354
100900204,694,4322,-3628
100900205,183,629,-446
100900206,310,135,175
100900207,308,184,124
100900210,129,317,-188
100900211,919,236,683
100900213,543,80,463
100900214,582,94,488
100900215,35,67,-32
101000001,2689,2578,111
101000002,8373,9859,-1486
101000003,427,1380,-953
101000004,7489,6732,757
101000005,4652,5557,-905
101000006,6478,7960,-1482
101000007,4446,5066,-620
101000008,2479,2208,271
101000009,2385,822,1563
101000010,959,668,291
101000011,1112,391,721
101000012,722,717,5
101000013,768,1179,-411
101000014,438,580,-142
101000015,1720,969,751
101000016,381,519,-138
101000017,562,469,93
101000018,2108,2454,-346
101000020,2368,1004,1364
101000021,823,389,434
101000022,195,171,24
101000023,1566,758,808
101000025,345,460,-115
101000026,246,48,198
101000027,3028,4129,-1101
101000028,383,91,292
101000029,400,2690,-2290
101000030,1718,229,1489
101000031,823,1725,-902
101000032,6001,6693,-692
101000033,2751,4981,-2230
101000034,1529,2412,-883
101000035,933,528,405
101000036,1874,1268,606
101000037,2122,2388,-266
101000039,2837,4177,-1340
101000040,2917,5818,-2901
101000041,5348,11430,-6082
101000042,285,1611,-1326
101000043,5416,12106,-6690
101000045,1060,1414,-354
101000046,2531,3196,-665
101000047,2080,7990,-5910
101000048,708,547,161
101000049,748,3110,-2362
101000050,1967,3054,-1087
101000051,1406,4102,-2696
101000052,1487,1641,-154
101000053,1162,1495,-333
101000054,2523,1194,1329
101000055,1181,1644,-463
101000056,35,132,-97
101000057,1486,1730,-244
101000058,1171,1804,-633
101000059,2511,2619,-108
101000060,2001,824,1177
101000061,864,1605,-741
101000062,575,906,-331
101000063,478,1351,-873
101000064,831,1272,-441
101000065,313,637,-324
101000066,931,1262,-331
101000067,902,1266,-364
101000068,307,662,-355
101000069,214,119,95
101000070,822,1441,-619
101000071,2397,1171,1226
101000072,726,4433,-3707
101000073,827,1413,-586
101000074,4862,5023,-161
101000075,3591,7751,-4160
101000077,1956,1575,381
101000078,991,1509,-518
101000079,1739,1011,728
101000080,1230,1068,162
101000081,1862,1712,150
101000082,2499,2573,-74
101000083,2940,2554,386
101000084,1176,708,468
101000085,1510,1154,356
101000086,1143,1254,-111
101000087,811,979,-168
101000088,1612,1296,316
101000089,1186,1622,-436
101000090,1822,1094,728
101000091,547,639,-92
101000092,1321,760,561
101000093,1488,715,773
101000094,1243,1008,235
101000095,573,614,-41
101000096,403,419,-16
101000097,659,802,-143
101000098,435,1104,-669
101000099,844,1772,-928
101000100,893,1497,-604
101000101,255,409,-154
101000102,921,757,164
101000103,833,697,136
101000104,444,775,-331
101000105,363,783,-420
101000106,969,1328,-359
101000107,374,447,-73
101000108,542,239,303
101000109,591,85,506
101000110,21,298,-277
101000111,134,264,-130
101000113,349,726,-377
101000114,7688,14649,-6961
101000115,128,120,8
101000116,86,78,8
101000117,1920,400,1520
101000119,89,116,-27
101000120,144,61,83
101000121,60,103,-43
101000122,143,213,-70
101000123,64,167,-103
101000124,1570,489,1081
101000125,145,349,-204
101000128,387,1189,-802
101000130,143,272,-129
101000131,1084,398,686
101000132,957,1088,-131
101000135,38,48,-10
101000136,310,304,6
101000137,52,389,-337
101000141,1176,4585,-3409
101000147,649,366,283
101000148,546,41,505
101000149,244,651,-407
101000150,106,372,-266
101000151,323,49,274
101000152,270,311,-41
101000153,308,208,100
101000154,309,679,-370
101000155,487,156,331
101000156,13,319,-306
101000157,66,58,8
101000160,73,17,56
101000163,217,464,-247
101000164,348,251,97
101000165,333,342,-9
101000166,253,275,-22
101000168,902,397,505
101000252,2498,992,1506
101000254,132,232,-100
101000258,46,4,42
101000261,172,74,98
101000262,1965,3340,-1375
101000263,601,1886,-1285
101000265,135,1090,-955
101000266,342,336,6
101000269,38,20,18
101000290,1009,2978,-1969
101000293,61,56,5
101000294,789,558,231
101000295,174,399,-225
101000301,617,615,2
101000304,2674,2889,-215
101000305,3049,1365,1684
101900001,15,34,-19
101900002,0,8,-8
101900003,59,95,-36
101900004,9,75,-66
101900005,2155,3380,-1225
101900006,1866,129,1737
101900007,1022,340,682
101900008,116,262,-146
101900009,75,480,-405
101900010,646,727,-81
101900011,175,1052,-877
101900012,369,129,240
101900013,577,210,367
101900017,10,160,-150
101900018,633,261,372
101900019,166,149,17
101900020,207,137,70
101900021,2,48,-46
101900022,163,613,-450
101900023,147,92,55
102000001,3705,5510,-1805
102000002,2548,884,1664
102000003,3111,8118,-5007
102000004,5036,2672,2364
102000005,1613,2950,-1337
102000006,950,1629,-679
102000007,2023,5748,-3725
102000008,4337,1674,2663
102000009,8222,9875,-1653
102000010,4117,3776,341
102000011,4341,3364,977
102000012,3045,3082,-37
102000018,2419,2961,-542
102000019,3371,1941,1430
102000026,218,544,-326
102000029,227,197,30
102000030,178,386,-208
102000031,114,110,4
102000032,675,261,414
102000033,260,390,-130
102000034,526,440,86
102000035,2823,830,1993
102000036,36,261,-225
102000037,132,46,86
102000038,145,376,-231
102000039,176,86,90
102000040,287,352,-65
102000041,166,471,-305
102000042,250,473,-223
102000043,184,255,-71
102000044,310,485,-175
102000045,588,722,-134
102000046,1508,656,852
102000047,752,803,-51
102000048,537,754,-217
102000049,1116,836,280
102000050,980,1093,-113
102000051,486,676,-190
102000052,1026,734,292
102000053,981,981,0
102000054,892,1414,-522
102000055,1710,386,1324
102000056,1245,657,588
102000057,1553,585,968
102000058,1101,1055,46
102000059,1572,1422,150
102000060,1177,939,238
102000061,2025,1572,453
102000062,2309,1168,1141
102000063,1145,1210,-65
102000064,545,738,-193
102000065,81,232,-151
102000066,978,772,206
102000067,2277,2833,-556
102000068,12320,2894,9426
102000069,150,3673,-3523
102000070,1239,44,1195
102000071,6240,8232,-1992
102000072,3400,3842,-442
102000073,1213,1102,111
102000074,699,1295,-596
102000075,157,339,-182
102000076,192,388,-196
102000077,728,545,183
102000078,1011,520,491
102000079,240,186,54
102000080,267,237,30
102000081,471,914,-443
102000082,622,459,163
102000083,730,235,495
102000084,399,222,177
102000085,4825,843,3982
102000086,1217,887,330
102000087,1334,1790,-456
102000088,303,253,50
102000089,1475,458,1017
102000090,612,1168,-556
102000091,1387,653,734
102000092,350,676,-326
102000093,500,704,-204
102000094,803,689,114
102000095,802,1318,-516
102000096,558,866,-308
102000097,742,736,6
102000098,488,692,-204
102000099,906,853,53
102000100,410,1253,-843
102000101,648,859,-211
102000102,285,1385,-1100
102000103,1763,387,1376
102000104,610,292,318
102000105,345,445,-100
102000106,806,487,319
102000107,1661,325,1336
102000108,644,157,487
102000109,647,386,261
102000110,1291,749,542
102000111,19,216,-197
102000112,121,121,0
102000113,24,21,3
102000114,530,323,207
102000115,243,286,-43
102000116,426,654,-228
102000117,199,854,-655
102000118,1014,1490,-476
102000119,1278,1274,4
102000120,245,431,-186
102000121,1371,536,835
102000122,909,978,-69
102000123,1328,1302,26
102000124,1643,1248,395
102000125,755,1038,-283
102000126,717,651,66
102000127,1469,636,833
102000128,833,863,-30
102000129,1911,663,1248
102000130,901,976,-75
102000131,1860,1172,688
102000132,762,1832,-1070
102000133,2621,1234,1387
102000134,1216,780,436
102000135,1630,1078,552
102000136,2514,673,1841
102000137,605,1887,-1282
102000138,271,705,-434
102000139,188,1589,-1401
102000140,234,2015,-1781
102000141,482,4691,-4209
102000142,416,352,64
102000143,228,234,-6
102000144,471,220,251
102000145,425,360,65
102000146,519,491,28
102000147,554,346,208
102000148,194,511,-317
102000149,228,224,4
102000150,611,81,530
102000151,136,195,-59
102000152,211,117,94
102000153,1076,670,406
102000154,201,492,-291
102000155,70,326,-256
102000156,301,148,153
102000157,90,520,-430
102000158,226,327,-101
102000159,751,739,12
102000161,2152,2390,-238
102000162,170,165,5
102000163,87,620,-533
102000164,891,1186,-295
102000165,248,205,43
102000166,92,223,-131
102000167,380,294,86
102000168,534,233,301
102000169,139,559,-420
102000170,493,257,236
102000171,332,362,-30
102000172,361,585,-224
102000173,492,344,148
102000174,121,57,64
102000175,130,100,30
102000176,95,35,60
102000178,430,262,168
102000179,783,205,578
102000180,1103,385,718
102000181,950,470,480
102000182,654,427,227
102000183,1988,1241,747
102000184,2098,589,1509
102000185,3013,1054,1959
102000186,1520,1125,395
102000187,1038,1006,32
102000188,1379,1390,-11
102000189,1703,545,1158
102000190,663,2524,-1861
102000191,1159,496,663
102000192,1459,1562,-103
102000193,72,90,-18
102000194,60,103,-43
102000195,467,368,99
102000196,249,227,22
102000197,875,228,647
102000198,253,431,-178
102000199,1201,213,988
102000200,284,757,-473
102000201,1253,334,919
102000202,9,68,-59
102000203,464,140,324
102000204,653,414,239
102000205,1454,333,1121
102000206,910,317,593
102000207,762,444,318
102000208,460,311,149
102000209,82,70,12
102000210,500,198,302
102000211,616,224,392
102000212,463,7,456
102000213,2,211,-209
102000214,400,9,391
102000215,9,190,-181
102000216,102,86,16
102000217,8,86,-78
102000218,354,194,160
102000219,316,183,133
102000225,463,558,-95
102000226,2328,1788,540
102000227,181,5,176
102000228,0,54,-54
102000229,73,71,2
102000230,393,299,94
102000231,336,396,-60
102000232,29,140,-111
102000233,394,733,-339
102000234,113,1235,-1122
102000236,245,124,121
102000237,434,108,326
102000238,140,194,-54
102000240,539,678,-139
102000241,734,204,530
102000243,31,58,-27
102000245,16,91,-75
102000246,21,38,-17
102000247,288,434,-146
102000248,321,694,-373
102000249,100,137,-37
102000250,111,259,-148
102000254,208,149,59
102000266,22,1015,-993
102000271,22,0,22
102000286,419,413,6
102000297,2064,955,1109
102000299,0,0,0
102000301,0,0,0
102000303,0,0,0
102000305,0,0,0
102000307,0,6,-6
102000308,0,1,-1
102900001,1222,632,590
102900002,469,63,406
102900003,59,121,-62
102900005,444,175,269
102900006,560,99,461
102900007,672,19,653
102900008,229,48,181
102900009,582,366,216
102900010,377,972,-595
102900011,1298,457,841
102900012,395,91,304
102900013,40,42,-2
102900015,586,554,32
102900016,58,62,-4
102900017,197,343,-146
102900018,55,54,1
102900019,474,435,39
102900020,181,24,157
102900021,46,65,-19
102900022,481,200,281
102900023,18,49,-31
102900024,34,58,-24
102900025,186,103,83
102900026,366,2045,-1679
102900027,68,70,-2
102900028,251,845,-594
102900029,159,250,-91
102900030,396,359,37
102900031,325,88,237
102900032,120,85,35
102900033,127,191,-64
102900034,606,56,550
102900035,128,230,-102
102900036,343,283,60
102900037,325,258,67
102900038,527,268,259
102900039,25,558,-533
102900040,186,226,-40
102900041,113,129,-16
102900042,258,247,11
102900043,178,132,46
102900044,606,1365,-759
102900045,203,372,-169
102900046,213,161,52
102900047,124,522,-398
102900048,546,366,180
102900049,138,325,-187
102900050,219,251,-32
102900051,135,208,-73
102900052,56,78,-22
102900053,314,515,-201
102900054,499,1256,-757
102900055,127,241,-114
102900056,113,296,-183
102900057,8,64,-56
102900058,481,80,401
102900059,29,54,-25
102900060,116,320,-204
102900061,256,261,-5
102900062,368,452,-84
102900063,1433,361,1072
102900064,108,554,-446
102900065,977,465,512
102900066,335,27,308
102900068,103,89,14
102900070,270,1021,-751
102900072,10,70,-60
102900073,102,7,95
102900074,228,254,-26
102900075,37,72,-35
102900076,116,196,-80
102900077,48,48,0
102900078,44,59,-15
102900079,245,15,230
102900080,537,63,474
102900081,88,258,-170
102900082,15,168,-153
102900083,164,21,143
102900084,16,58,-42
102900085,367,148,219
102900086,28,56,-28
102900087,192,133,59
102900088,49,29,20
102900089,190,91,99
102900090,1,170,-169
102900091,260,3,257
102900092,503,452,51
102900093,362,182,180
102900094,1,166,-165
102900095,176,3,173
102900096,108,8,100
102900097,6,74,-68
103000001,2443,2174,269
103000002,2160,2433,-273
103000003,3335,3177,158
103000004,852,713,139
103000005,1738,2892,-1154
103000006,725,1390,-665
103000007,447,559,-112
103000008,1207,571,636
103000009,1711,1013,698
103000010,139,77,62
103000011,1444,1117,327
103000012,1732,1478,254
103000013,2798,1595,1203
103000014,1509,2660,-1151
103000015,1311,559,752
103000016,488,1481,-993
103000017,215,380,-165
103000018,714,289,425
103000019,391,300,91
103000020,1730,1206,524
103000021,1777,1741,36
103000022,624,764,-140
103000023,647,1804,-1157
103000024,58,120,-62
103000025,118,729,-611
103000026,672,116,556
103000027,274,659,-385
103000028,272,319,-47
103000029,141,340,-199
103000030,1457,1192,265
103000031,1148,2185,-1037
103000032,2093,1506,587
103000033,2739,2537,202
103000034,1414,1113,301
103000035,464,1404,-940
103000036,342,497,-155
103000037,560,518,42
103000038,542,1065,-523
103000039,570,280,290
103000040,509,538,-29
103000041,1858,1512,346
103000042,1530,412,1118
103000043,681,592,89
103000044,369,155,214
103000046,457,405,52
103000047,618,417,201
103000048,281,146,135
103000049,110,100,10
103000050,838,332,506
103000051,775,375,400
103000052,809,234,575
103000053,241,392,-151
103000054,2764,1141,1623
103000055,1835,1766,69
103000056,960,1087,-127
103000057,911,194,717
103000058,768,658,110
103000059,650,640,10
103000060,717,326,391
103000061,469,684,-215
103000062,1168,427,741
103000063,1019,855,164
103000064,139,149,-10
103000065,1,267,-266
103000066,208,10,198
103000069,364,179,185
103000070,1077,615,462
103000071,1465,574,891
103000072,175,505,-330
103000073,806,152,654
103000074,822,105,717
103000075,125,435,-310
103000076,411,456,-45
103000077,39,277,-238
103000078,976,827,149
103000079,486,660,-174
103000080,767,438,329
103000081,439,1241,-802
103000082,506,210,296
103000083,185,234,-49
103000084,96,14,82
103000085,2,113,-111
103000086,574,420,154
103000087,202,615,-413
103000088,223,354,-131
103000089,334,489,-155
103000090,2613,993,1620
103000091,578,506,72
103000092,312,227,85
103000093,357,379,-22
103000094,249,89,160
103000095,67,283,-216
103000096,585,59,526
103000097,74,694,-620
103000098,620,169,451
103000099,261,677,-416
103000100,209,499,-290
103000101,1115,127,988
103000102,128,388,-260
103000103,711,135,576
103000104,61,76,-15
103000105,218,78,140
103000106,21,136,-115
103000107,205,44,161
103000108,814,582,232
103000109,408,372,36
103000110,499,514,-15
103000111,416,566,-150
103000112,304,224,80
103000113,942,802,140
103000114,1553,717,836
103000115,691,436,255
103000116,758,306,452
103000117,516,415,101
103000118,452,483,-31
103000119,805,419,386
103000120,49,86,-37
103000121,287,453,-166
103000122,419,675,-256
103000125,24,164,-140
103000126,748,4,744
103000127,4,113,-109
103000128,179,4,175
103000129,7,80,-73
103000130,81,35,46
103000131,187,95,92
103000132,95,201,-106
103000133,25,118,-93
103000134,392,1107,-715
103000135,509,238,271
103000136,568,461,107
103000137,416,555,-139
103000138,630,666,-36
103000139,2,80,-78
103000140,119,33,86
103000141,31,117,-86
103000142,110,81,29
103000143,57,136,-79
103000144,199,58,141
103000145,32,246,-214
103000150,135,39,96
103000152,154,187,-33
103000153,194,175,19
103000156,31,223,-192
103000157,493,5,488
103000159,142,79,63
103000162,71,52,19
103000163,23,48,-25
103000164,31,18,13
103000165,71,207,-136
103000166,219,287,-68
103000167,161,80,81
103000168,139,151,-12
103000169,221,445,-224
103000170,1089,257,832
103000171,50,75,-25
103000172,910,569,341
103000173,826,254,572
103000174,292,250,42
103000175,427,180,247
103000176,848,569,279
103000177,485,343,142
103000178,194,365,-171
103000179,192,28,164
103000183,263,23,240
103000185,139,45,94
103000186,212,118,94
103000187,896,260,636
103000188,23,92,-69
103000189,848,627,221
103000191,564,631,-67
103000292,724,1614,-890
103000293,875,3128,-2253
103000295,68,122,-54
103000296,245,8,237
103000297,69,151,-82
103000504,34,8,26
103000505,11,45,-34
103000506,1,115,-114
103000507,184,1,183
103000508,82,70,12
103000509,214,490,-276
103900001,13,135,-122
103900002,878,144,734
103900003,1133,147,986
103900004,153,0,153
103900005,3,100,-97
103900006,10,1,9
103900007,119,8,111
103900008,15,0,15
103900009,382,489,-107
103900010,154,321,-167
103900011,538,137,401
103900012,21,30,-9
103900013,66,43,23
103900014,107,17,90
103900015,79,11,68
103900016,225,147,78
103900017,39,63,-24
103900018,344,148,196
103900019,86,371,-285
103900020,238,487,-249
103900021,300,59,241
103900022,1002,506,496
103900023,143,1,142
103900024,77,227,-150
103900025,19,35,-16
103900026,40,0,40
103900027,879,186,693
103900028,32,255,-223
103900029,1149,124,1025
103900030,375,107,268
103900031,63,0,63
103900032,91,83,8
103900033,150,24,126
103900034,58,97,-39
103900035,43,28,15
103900036,40,35,5
103900037,86,74,12
103900038,121,233,-112
103900039,97,180,-83
103900040,11,91,-80
103900041,85,60,25
103900042,133,159,-26
103900043,226,29,197
103900044,65,299,-234
103900045,563,171,392
103900047,126,15,111
103900048,31,33,-2
103900049,160,902,-742
103900050,24,166,-142
103900051,1,34,-33
103900052,216,255,-39
103900053,216,332,-116
103900054,156,196,-40
103900055,499,187,312
103900056,43,42,1
103900057,76,105,-29
103900058,415,316,99
103900059,0,35,-35
103900060,58,130,-72
103900061,205,29,176
103900062,577,168,409
103900063,11,1,10
103900064,127,2,125
103900065,675,360,315
103900066,187,30,157
103900067,207,8,199
103900068,0,0,0
103900069,75,17,58
103900070,184,124,60
103900071,12,80,-68
103900072,35,138,-103
103900073,40,75,-35
103900074,106,67,39
103900075,122,38,84
103900076,684,308,376
103900077,56,103,-47
103900078,328,92,236
103900079,147,151,-4
103900080,15,56,-41
103900081,22,14,8
103900082,12,102,-90
103900083,838,1376,-538
103900084,51,160,-109
103900085,76,130,-54
103900086,1136,339,797
103900087,20,80,-60
103900088,341,694,-353
103900089,55,88,-33
103900090,138,122,16
103900091,989,189,800
103900092,789,364,425
103900093,58,241,-183
103900094,11,72,-61
103900095,372,180,192
103900096,57,98,-41
103900097,16,349,-333
103900098,272,119,153
103900099,131,85,46
103900100,311,165,146
103900101,82,888,-806
103900102,2,29,-27
103900104,2,20,-18
103900105,61,139,-78
103900106,0,64,-64
103900107,196,110,86
103900108,60,195,-135
103900109,154,58,96
103900110,332,37,295
103900111,155,354,-199
103900112,118,148,-30
103900113,130,276,-146
103900114,300,239,61
103900115,312,250,62
103900116,2401,2844,-443
103900117,102,29,73
103900119,25,105,-80
103900120,48,52,-4
103900122,141,109,32
103900123,770,611,159
103900124,47,21,26
103900125,108,45,63
103900126,736,352,384
103900127,209,270,-61
103900128,178,77,101
103900131,30,55,-25
103900133,877,45,832
103900134,0,12,-12
103900135,4,8,-4
103900137,0,41,-41
103900138,141,72,69
103900139,203,2721,-2518
103900140,5,213,-208
103900141,237,55,182
103900142,264,88,176
103900143,86,1,85
103900144,0,23,-23
103900145,202,237,-35
103900146,364,184,180
103900147,466,80,386
103900148,332,195,137
103900149,365,268,97
103900150,3623,5383,-1760
103900151,37,128,-91
103900152,754,222,532
103900153,5,7,-2
103900154,584,1814,-1230
103900155,42,151,-109
103900156,70,111,-41
103900157,146,105,41
103900158,123,63,60
103900159,236,34,202
103900160,86,43,43
103900161,127,160,-33
103900162,59,98,-39
103900163,12,348,-336
103900164,233,26,207
103900167,30,121,-91
103900168,183,37,146
103900169,44,59,-15
103900170,2,55,-53
103900171,2,35,-33
103900172,1,12,-11
103900173,16,14,2
103900174,288,33,255
103900175,44,83,-39
103900176,7,52,-45
103900177,12,79,-67
103900178,112,38,74
103900179,81,62,19
103900180,8,43,-35
103900181,31,48,-17
103900182,46,19,27
103900184,355,121,234
103900185,130,571,-441
103900187,12,73,-61
103900188,58,44,14
103900189,91,10,81
103900190,115,46,69
103900191,48,48,0
103900192,27,153,-126
103900193,108,141,-33
103900194,106,109,-3
103900195,18,103,-85
103900196,29,40,-11
103900197,19,24,-5
103900198,18,26,-8
103900199,158,55,103
103900200,140,46,94
103900201,131,173,-42
103900202,18,51,-33
103900203,35,27,8
103900204,0,48,-48
103900207,0,38,-38
103900208,131,2,129
103900209,16,70,-54
103900210,60,25,35
103900211,646,180,466
103900212,163,193,-30
103900213,54,204,-150
103900214,188,152,36
103900215,221,258,-37
103900216,10,473,-463
103900217,455,28,427
103900218,0,266,-266
103900219,173,112,61
103900233,80,5,75
103900235,15,27,-12
103900236,14,7,7
103900242,10,0,10
103900243,9,6,3
103900244,123,101,22
103900245,124,95,29
103900246,38,36,2
103900247,11,52,-41
103900248,18,115,-97
103900249,8,68,-60
103900250,18,23,-5
103900251,0,26,-26
103900253,9,75,-66
103900254,4,18,-14
103900255,2,6,-4
103900256,15,23,-8
103900257,8,83,-75
103900258,16,7,9
103900259,54,2,52
103900261,8,4,4
103900262,11,6,5
103900263,14,32,-18
103900264,40,28,12
103900265,38,7,31
103900266,6,79,-73
103900267,3,45,-42
104000001,2527,2275,252
104000002,1631,1966,-335
104000003,2324,1834,490
104000004,2363,2252,111
104000005,1855,1757,98
104000006,3151,2601,550
104000007,3701,4628,-927
104000008,187,145,42
104000009,256,132,124
104000010,181,319,-138
104000011,324,176,148
104000012,116,186,-70
104000013,251,200,51
104000014,184,408,-224
104000015,334,117,217
104000016,515,266,249
104000018,904,171,733
104000019,636,197,439
104000020,104,249,-145
104000021,219,319,-100
104000022,125,212,-87
104000023,902,337,565
104000024,215,262,-47
104000026,60,227,-167
104000027,283,172,111
104000028,382,211,171
104000029,313,196,117
104000030,280,258,22
104000031,1423,320,1103
104000032,237,177,60
104000033,794,376,418
104000034,419,214,205
104000035,1097,293,804
104000036,853,406,447
104000037,352,174,178
104000038,600,218,382
104000039,172,112,60
104000040,160,289,-129
104000041,643,223,420
104000042,156,238,-82
104000043,176,200,-24
104000044,221,326,-105
104000045,968,603,365
104000046,704,1075,-371
104000047,797,877,-80
104000048,969,830,139
104000049,543,424,119
104000050,195,904,-709
104000051,154,471,-317
104000052,1800,1655,145
104000053,1041,408,633
104000054,596,280,316
104000055,3238,2007,1231
104000056,865,206,659
104000057,123,249,-126
104000058,727,611,116
104000059,569,960,-391
104000060,1158,1104,54
104000061,1285,1003,282
104000062,424,93,331
104000064,459,279,180
104000065,213,667,-454
104000069,606,1186,-580
104000070,63,492,-429
104000071,109,203,-94
104000072,510,132,378
104000075,109,213,-104
104000076,467,105,362
104000082,2232,3113,-881
104000083,730,164,566
104000084,91,403,-312
104000085,290,309,-19
104000086,218,337,-119
104000087,350,2010,-1660
104000090,837,890,-53
104000092,1432,1270,162
104000094,809,994,-185
104000095,2059,1167,892
104000096,1735,107,1628
104000097,1855,565,1290
104000098,2617,569,2048
104000100,2008,518,1490
104000101,1178,1137,41
104000106,36,518,-482
104000107,597,284,313
104000108,223,391,-168
104000109,341,99,242
104000110,699,1076,-377
104000111,2401,2792,-391
104000112,1059,505,554
104000116,2,654,-652
104000117,223,378,-155
104000118,883,139,744
104000119,834,202,632
104000120,292,393,-101
104000121,202,602,-400
104000122,737,749,-12
104000123,824,591,233
104000124,559,1390,-831
104000125,2288,4709,-2421
104000126,488,483,5
104000127,1064,1549,-485
104000128,728,290,438
104000129,387,38,349
104000130,14,376,-362
104000131,255,313,-58
104000132,315,325,-10
104000133,1259,870,389
104000134,946,1792,-846
104000135,351,1873,-1522
104000136,731,3690,-2959
104000137,1381,365,1016
104000138,856,506,350
104000139,3659,2603,1056
104000141,736,1255,-519
104000142,577,326,251
104000143,636,290,346
104000144,106,205,-99
104000145,357,219,138
104000146,214,480,-266
104000147,134,221,-87
104000148,375,194,181
104000149,125,161,-36
104000150,1162,556,606
104000151,352,250,102
104000152,525,537,-12
104000153,788,539,249
104000154,718,412,306
104000155,559,472,87
104000157,1086,1242,-156
104000158,541,1087,-546
104000159,824,800,24
104000160,1786,1911,-125
104000161,214,156,58
104000162,105,159,-54
104000165,572,874,-302
104000167,702,1211,-509
104000168,618,7,611
104000169,123,22,101
104000170,263,533,-270
104000248,305,377,-72
104000251,60,169,-109
104000272,0,0,0
104000273,0,0,0
104000274,0,0,0
104000275,0,0,0
104000279,679,454,225
104000290,77,268,-191
104000291,439,971,-532
104000293,859,806,53
104000294,59,0,59
104000295,603,761,-158
104000296,573,716,-143
104000297,579,1683,-1104
104000298,1982,848,1134
104000299,584,1244,-660
104900001,140,266,-126
104900002,82,193,-111
104900003,56,229,-173
104900004,96,173,-77
104900005,332,358,-26
104900006,410,54,356
104900007,362,186,176
104900009,164,193,-29
104900010,80,48,32
104900011,15,20,-5
104900012,228,46,182
104900013,99,19,80
104900014,1802,307,1495
104900015,64,6,58
104900016,278,181,97
104900017,238,124,114
104900018,10,190,-180
104900019,246,3490,-3244
104900020,34,222,-188
104900021,0,126,-126
104900022,9,68,-59
104900023,0,52,-52
104900024,28,55,-27
104900025,70,153,-83
104900026,6,49,-43
104900027,673,298,375
104900028,22,45,-23
104900029,54,54,0
104900030,509,171,338
104900031,65,161,-96
104900032,63,93,-30
104900033,253,269,-16
104900034,411,146,265
104900035,405,186,219
104900036,202,54,148
104900037,150,145,5
104900038,322,1026,-704
104900039,474,562,-88
104900040,521,115,406
104900041,310,138,172
104900042,171,171,0
104900043,29,182,-153
104900044,753,176,577
104900045,481,77,404
104900046,288,87,201
104900047,491,110,381
104900048,340,62,278
104900049,62,57,5
104900050,354,69,285
104900051,345,41,304
104900052,74,2,72
104900053,461,99,362
104900054,210,28,182
104900055,181,3,178
104900056,163,19,144
104900057,65,4,61
104900058,698,603,95
104900059,167,123,44
104900060,1,374,-373
104900061,214,372,-158
104900063,0,79,-79
104900064,1,71,-70
104900065,0,196,-196
104900066,2,108,-106
104900067,9,222,-213
104900068,14,119,-105
104900070,176,189,-13
104900071,2,339,-337
104900072,46,216,-170
104900073,88,113,-25
104900074,46,172,-126
104900075,49,52,-3
104900076,106,169,-63
104900077,680,291,389
104900078,185,251,-66
104900079,100,519,-419
104900080,115,532,-417
104900082,25,285,-260
104900085,5,110,-105
104900087,277,5,272
104900089,357,2,355
104900090,1023,773,250
104900091,715,510,205
104900093,167,419,-252
104900097,1838,2404,-566
104900098,163,36,127
104900099,53,557,-504
104900100,286,214,72
104900102,52,122,-70
104900103,492,42,450
104900104,2140,2221,-81
104900106,147,88,59
104900107,101,143,-42
104900108,39,163,-124
104900109,134,167,-33
104900110,8,58,-50
104900111,254,133,121
104900112,258,342,-84
104900113,845,283,562
104900114,440,253,187
104900115,870,304,566
104900116,368,104,264
104900118,29,51,-22
104900119,3,40,-37
104900120,13,261,-248
104900121,0,48,-48
104900122,5,28,-23
104900123,83,22,61
104900124,54,3,51
104900125,432,9,423
104900126,54,30,24
104900127,32,47,-15
104900128,127,154,-27
104900129,1097,2328,-1231
105000001,2902,1334,1568
105000002,2421,1366,1055
105000003,2847,4126,-1279
105000004,831,794,37
105000005,1204,1217,-13
105000006,1510,1561,-51
105000007,1483,1982,-499
105000008,1524,4366,-2842
105000009,3199,3185,14
105000010,2478,1305,1173
105000011,4391,3219,1172
105000012,3536,2264,1272
105000013,1122,1115,7
105000014,2286,2944,-658
105000015,10691,17069,-6378
105000016,1764,1951,-187
105000017,1582,893,689
105000018,1023,1553,-530
105000019,1094,1039,55
105000020,197,526,-329
105000021,219,101,118
105000022,265,120,145
105000023,469,315,154
105000028,64,73,-9
105000029,689,1612,-923
105000030,3644,2068,1576
105000033,743,1496,-753
105000034,144,1106,-962
105000037,620,185,435
105000038,1869,1785,84
105000039,2312,1510,802
105000040,1105,1500,-395
105000041,649,1463,-814
105000042,3701,2430,1271
105000043,1409,3241,-1832
105000044,832,677,155
105000045,374,541,-167
105000046,1424,393,1031
105000047,585,892,-307
105000048,543,152,391
105000049,222,353,-131
105000050,758,335,423
105000051,148,294,-146
105000052,550,670,-120
105000053,94,107,-13
105000054,424,736,-312
105000055,974,228,746
105000056,1644,1376,268
105000057,1264,561,703
105000058,1231,893,338
105000059,844,505,339
105000060,425,534,-109
105000061,845,403,442
105000062,607,618,-11
105000063,300,338,-38
105000064,1830,618,1212
105000065,359,401,-42
105000066,1001,1010,-9
105000067,1721,658,1063
105000068,427,667,-240
105000069,1311,2382,-1071
105000070,404,1021,-617
105000071,189,1117,-928
105000072,722,2377,-1655
105000073,943,649,294
105000074,941,605,336
105000075,525,677,-152
105000076,1091,804,287
105000077,2207,1071,1136
105000078,1185,1235,-50
105000079,1193,3240,-2047
105000080,2096,1697,399
105000081,2956,1398,1558
105000082,1061,2157,-1096
105000083,4204,4525,-321
105000084,627,707,-80
105000085,1911,2515,-604
105000086,623,888,-265
105000087,1267,2038,-771
105000088,1449,1789,-340
105000089,3140,2086,1054
105000090,968,847,121
105000091,1170,1260,-90
105000092,588,712,-124
105000093,270,288,-18
105000094,348,220,128
105000095,104,415,-311
105000096,1193,1102,91
105000097,916,706,210
105000098,1148,668,480
105000099,752,677,75
105000100,1410,993,417
105000101,1813,2081,-268
105000102,2121,1677,444
105000103,1347,2611,-1264
105000104,2604,975,1629
105000105,1100,1479,-379
105000106,1905,1376,529
105000107,1980,912,1068
105000108,2397,1335,1062
105000109,2141,1384,757
105000110,989,492,497
105000111,846,539,307
105000112,1449,539,910
105000113,570,745,-175
105000114,1903,1223,680
105000115,279,1243,-964
105000116,956,471,485
105000117,784,513,271
105000118,775,482,293
105000119,683,629,54
105000120,1398,560,838
105000121,933,653,280
105000122,423,649,-226
105000123,850,808,42
105000124,2089,599,1490
105000125,887,1272,-385
105000126,2242,1135,1107
105000127,2453,1422,1031
105000128,732,780,-48
105000129,845,239,606
105000130,310,3236,-2926
105000131,678,272,406
105000132,1083,632,451
105000133,476,709,-233
105000134,1093,452,641
105000135,319,364,-45
105000136,47,73,-26
105000137,375,184,191
105000138,60,71,-11
105000139,883,624,259
105000140,315,391,-76
105000141,349,375,-26
105000142,294,375,-81
105000143,235,454,-219
105000144,292,534,-242
105000145,756,281,475
105000146,411,635,-224
105000147,741,334,407
105000148,1083,515,568
105000149,2886,1893,993
105000150,1692,1013,679
105000151,586,295,291
105000152,201,449,-248
105000153,636,546,90
105000154,593,435,158
105000155,334,827,-493
105000156,706,518,188
105000157,793,1311,-518
105000158,2012,663,1349
105000159,298,865,-567
105000160,2215,607,1608
105000161,788,690,98
105000162,557,1778,-1221
105000163,859,552,307
105000164,226,236,-10
105000165,641,5745,-5104
105000166,3801,1401,2400
105000167,1226,2256,-1030
105000168,510,465,45
105000169,604,189,415
105000170,383,1125,-742
105000171,933,187,746
105000172,177,29,148
105000173,345,47,298
105000174,112,56,56
105000175,103,82,21
105000176,698,119,579
105000177,364,236,128
105000178,293,333,-40
105000179,893,143,750
105000180,229,89,140
105000181,212,170,42
105000182,89,51,38
105000183,1677,2284,-607
105000184,1094,1613,-519
105000185,1542,1333,209
105000186,495,875,-380
105000187,905,221,684
105000188,272,152,120
105000189,163,503,-340
105000190,395,349,46
105000191,554,217,337
105000192,354,74,280
105000193,100,146,-46
105000194,417,116,301
105000195,380,550,-170
105000196,51,252,-201
105000197,296,460,-164
105000198,418,255,163
105000199,179,494,-315
105000200,120,330,-210
105000201,85,55,30
105000203,9,128,-119
105000204,104,99,5
105000205,73,196,-123
105000207,477,147,330
105000208,269,1132,-863
105000209,152,237,-85
105000212,1118,712,406
105000213,143,170,-27
105000214,186,183,3
105000215,397,110,287
105000216,194,211,-17
105000217,186,193,-7
105000218,1719,874,845
105000221,146,128,18
105000222,543,180,363
105000223,384,197,187
105000226,122,151,-29
105000227,100,101,-1
105000228,199,2202,-2003
105000229,141,543,-402
105000231,301,379,-78
105000233,963,588,375
105000234,579,982,-403
105000235,405,487,-82
105000237,768,70,698
105000243,36,85,-49
105000248,94,87,7
105000262,367,707,-340
105000269,262,203,59
105000270,630,28,602
105000271,2,157,-155
105000282,38,28,10
105000287,317,110,207
105000288,592,344,248
105000289,2066,2112,-46
105000290,36,8,28
105000402,2316,4217,-1901
105000426,474,715,-241
105000438,3365,1623,1742
105000446,8574,5343,3231
105000447,4269,2356,1913
105000454,737,162,575
105000455,185,126,59
105000474,97,3,94
105000477,547,599,-52
105000478,2348,5854,-3506
105000479,119,114,5
105000480,7874,7619,255
105000481,4690,3712,978
105000482,4093,6461,-2368
105000483,1874,2407,-533
105000484,1764,2536,-772
105000485,1708,3639,-1931
105000486,2453,2296,157
105000488,7339,3937,3402
105000489,955,601,354
105000549,122,101,21
105000550,510,1211,-701
105000551,35,97,-62
105000552,1864,1124,740
105900001,7,2444,-2437
105900002,816,824,-8
105900003,20,67,-47
105900004,264,133,131
105900005,5,208,-203
105900006,17,121,-104
105900007,115,47,68
105900008,62,359,-297
105900009,26,26,0
105900011,314,99,215
105900012,590,163,427
105900013,6,54,-48
105900014,18,66,-48
105900015,138,430,-292
105900016,719,522,197
105900017,1739,28,1711
105900018,173,139,34
105900019,83,614,-531
105900020,44,55,-11
105900021,52,1621,-1569
105900022,269,193,76
105900023,17,332,-315
105900024,10,449,-439
105900025,379,25,354
105900026,258,15,243
105900027,16920,8483,8437
105900028,678,707,-29
105900029,1904,409,1495
105900030,234,245,-11
105900031,341,192,149
105900032,78,98,-20
105900033,84,144,-60
105900034,215,139,76
105900035,181,217,-36
105900036,143,130,13
105900037,104,80,24
105900038,191,202,-11
105900039,150,78,72
105900040,65,123,-58
105900041,189,255,-66
105900042,66,125,-59
105900043,1199,66,1133
105900044,0,224,-224
105900045,2,716,-714
105900046,4,205,-201
105900047,27,37,-10
105900048,70,384,-314
105900050,7224,9228,-2004
105900051,45,1214,-1169
105900052,565,327,238
105900053,2450,3591,-1141
105900054,355,217,138
105900056,785,486,299
105900057,15,171,-156
105900058,32,19,13
105900059,0,71,-71
106000001,3366,2628,738
106000002,1281,4456,-3175
106000003,3065,3584,-519
106000004,1316,2177,-861
106000005,4000,4869,-869
106000006,4976,2395,2581
106000007,496,542,-46
106000008,414,311,103
106000009,660,350,310
106000010,635,487,148
106000011,1164,1045,119
106000012,822,901,-79
106000013,2143,1822,321
106000014,1589,1274,315
106000015,1897,1242,655
106000016,1219,1437,-218
106000017,573,644,-71
106000018,511,359,152
106000019,371,332,39
106000020,361,259,102
106000021,272,373,-101
106000022,354,159,195
106000023,617,250,367
106000024,611,314,297
106000025,116,161,-45
106000026,72,135,-63
106000027,1640,1122,518
106000028,515,253,262
106000029,685,736,-51
106000030,400,496,-96
106000034,212,445,-233
106000035,876,2007,-1131
106000036,147,438,-291
106000037,1577,1023,554
106000038,171,138,33
106000039,108,112,-4
106000040,111,879,-768
106000041,585,680,-95
106000043,480,227,253
106000046,256,100,156
106000047,30,466,-436
106000049,1166,225,941
106000050,385,515,-130
106000051,856,661,195
106000052,103,402,-299
106000053,486,174,312
106000054,297,265,32
106000055,1164,811,353
106000056,200,237,-37
106000057,459,227,232
106000058,110,124,-14
106000059,449,198,251
106000060,270,392,-122
106000061,199,479,-280
106000062,126,439,-313
106000063,688,561,127
106000064,25,261,-236
106000065,368,279,89
106000066,85,234,-149
106000067,425,101,324
106000068,50,487,-437
106000069,269,53,216
106000070,486,571,-85
106000071,1044,318,726
106000072,1997,1363,634
106000073,1215,3064,-1849
106000074,585,565,20
106000075,311,1314,-1003
106000076,1582,1779,-197
106000077,2938,1124,1814
106000078,1268,721,547
106000079,747,708,39
106000080,1292,496,796
106000081,761,963,-202
106000082,2175,657,1518
106000083,392,1456,-1064
106000084,1182,563,619
106000085,1260,1519,-259
106000086,590,824,-234
106000087,800,465,335
106000088,360,659,-299
106000089,1027,304,723
106000090,278,468,-190
106000091,281,391,-110
106000092,679,206,473
106000093,275,138,137
106000094,99,235,-136
106000095,960,592,368
106000096,951,480,471
106000097,1316,576,740
106000098,829,693,136
106000099,241,698,-457
106000100,1383,215,1168
106000101,1566,306,1260
106000102,240,681,-441
106000103,322,420,-98
106000104,938,353,585
106000105,520,400,120
106000106,720,299,421
106000107,134,161,-27
106000108,284,183,101
106000109,185,135,50
106000110,279,220,59
106000111,155,197,-42
106000112,280,669,-389
106000113,549,397,152
106000114,406,562,-156
106000115,186,310,-124
106000116,309,165,144
106000117,916,483,433
106000118,1126,1343,-217
106000119,1051,696,355
106000120,921,1423,-502
106000121,212,160,52
106000122,201,112,89
106000123,585,97,488
106000124,62,126,-64
106000125,19,166,-147
106000126,273,62,211
106000127,897,491,406
106000128,778,108,670
106000129,473,395,78
106000130,950,224,726
106000131,105,585,-480
106000132,557,166,391
106000133,1244,1046,198
106000134,413,1961,-1548
106000135,151,367,-216
106000136,619,1052,-433
106000137,75,484,-409
106000138,1110,83,1027
106000139,38,73,-35
106000140,51,33,18
106000141,130,20,110
106000142,59,58,1
106000143,32,28,4
106000144,16,53,-37
106000145,328,156,172
106000146,444,108,336
106000147,342,299,43
106000148,473,571,-98
106000149,581,239,342
106000150,496,1678,-1182
106000151,2784,740,2044
106000152,998,2060,-1062
106000153,57,1857,-1800
106000154,943,149,794
106000155,167,262,-95
106000156,1321,311,1010
106000157,715,1397,-682
106000158,2190,958,1232
106000159,1995,1863,132
106000160,493,3065,-2572
106000161,1273,219,1054
106000162,319,880,-561
106000163,352,221,131
106000164,506,223,283
106000165,295,310,-15
106000166,907,241,666
106000167,392,617,-225
106000168,681,218,463
106000169,320,403,-83
106000170,924,202,722
106000171,230,847,-617
106000172,3165,1272,1893
106000173,1082,1901,-819
106000174,1299,287,1012
106000175,281,552,-271
106000176,1792,810,982
106000177,883,1624,-741
106000178,3592,1239,2353
106000179,887,1279,-392
106000180,790,817,-27
106000181,1105,1325,-220
106000182,1643,512,1131
106000183,1714,466,1248
106000184,2562,541,2021
106000185,1343,1317,26
106000186,713,134,579
106000187,248,1043,-795
106000188,1,4,-3
106000189,6,43,-37
106000190,36,4,32
106000191,626,150,476
106000192,5,16,-11
106000193,383,204,179
106000194,163,414,-251
106000195,657,286,371
106000196,236,651,-415
106000197,539,320,219
106000198,188,167,21
106000199,616,984,-368
106000200,259,238,21
106000201,408,3613,-3205
106000202,2368,538,1830
106000203,24,92,-68
106000204,110,14,96
106000205,11,109,-98
106000206,72,19,53
106000207,30,353,-323
106000208,1613,138,1475
106000209,1830,355,1475
106000210,274,586,-312
106000211,259,887,-628
106000212,958,511,447
106000213,423,1788,-1365
106000214,1725,816,909
106000215,265,383,-118
106000216,378,288,90
106000217,224,238,-14
106000218,384,296,88
106000219,117,212,-95
106000220,467,188,279
106000221,192,165,27
106000222,124,78,46
106000223,313,127,186
106000224,224,114,110
106000225,77,171,-94
106000226,136,170,-34
106000228,97,71,26
106000229,85,428,-343
106000231,1007,80,927
106000232,49,221,-172
106000233,588,56,532
106000234,82,229,-147
106000235,770,119,651
106000236,253,86,167
106000237,5,13,-8
106000238,91,26,65
106000239,1,99,-98
106000240,34,5,29
106000241,11,386,-375
106000242,263,46,217
106000249,59,48,11
106000250,64,549,-485
106000251,107,24,83
106000252,15,55,-40
106000253,63,70,-7
106000254,50,26,24
106000255,24,137,-113
106000256,37,38,-1
106000257,150,187,-37
106000258,253,11,242
106000259,8,53,-45
106000260,20,4,16
106000261,11,51,-40
106000262,77,7,70
106000263,12,41,-29
106000264,270,13,257
106000265,10,145,-135
106000266,99,21,78
106000267,8,107,-99
106000268,386,36,350
106000269,50,41,9
106000270,165,358,-193
106000271,95,118,-23
106000272,199,52,147
106000273,10,214,-204
106000274,151,29,122
106000275,210,274,-64
106000276,125,45,80
106000277,97,267,-170
106000278,152,32,120
106000279,12,19,-7
106000280,60,45,15
106000281,63,44,19
106000282,68,61,7
106000283,129,46,83
106000284,86,84,2
106000285,129,52,77
106000286,123,112,11
106000287,144,43,101
106000288,84,92,-8
106000289,74,33,41
106000290,75,67,8
106000291,93,76,17
106000292,55,73,-18
106000293,133,84,49
106000294,126,91,35
106000295,49,60,-11
106000296,26,77,-51
106000297,66,243,-177
106000298,86,68,18
106000299,41,106,-65
106000300,47,89,-42
106000301,84,93,-9
106000303,19,66,-47
106000304,20,20,0
106000305,41,42,-1
106000306,28,26,2
106000307,80,30,50
106000308,26,76,-50
106000309,32,42,-10
106000310,325,338,-13
106000311,429,161,268
106000312,126,120,6
106000313,233,166,67
106000318,77,484,-407
106000319,985,275,710
106000320,3,108,-105
106000321,257,177,80
106000322,143,135,8
106000324,26,110,-84
106000325,1868,915,953
106000326,845,1290,-445
106000327,233,85,148
106000328,24,65,-41
106000329,71,210,-139
106000330,52,92,-40
106000428,106,142,-36
106000429,131,266,-135
106000430,315,903,-588
106000431,2436,365,2071
106000432,1245,2031,-786
106000433,2752,1286,1466
106000434,3183,1738,1445
106000435,953,1811,-858
106000436,8,122,-114
106000437,320,68,252
106000438,486,269,217
106000439,71,397,-326
106000440,280,415,-135
106000441,0,0,0
106000442,146,3,143
106000443,171,180,-9
106000450,1,92,-91
106000451,18,78,-60
106000454,1,138,-137
106000455,12,113,-101
106000456,88,30,58
106000457,19,515,-496
106000458,1099,66,1033
106000459,158,203,-45
106000460,1844,18,1826
106000461,135,507,-372
106000462,2,30,-28
106000463,2,14,-12
106000464,2,223,-221
106000465,826,2,824
106000466,3,281,-278
106000467,179,293,-114
106000468,119,117,2
106000469,96,1,95
106000470,254,1930,-1676
106000471,9,295,-286
106000472,153,21,132
106000473,32,9,23
106000474,260,248,12
106000475,334,135,199
106000476,119,232,-113
106000477,8,10,-2
106900001,0,9,-9
106900002,1,231,-230
106900003,191,1267,-1076
106900004,2,17,-15
106900006,0,7,-7
106900007,0,11,-11
106900008,434,123,311
106900009,443,214,229
106900010,223,260,-37
106900012,1097,2569,-1472
106900013,760,196,564
106900014,55,3,52
106900015,28,1,27
106900016,395,16,379
106900017,24,1,23
106900018,9,0,9
106900019,101,1,100
106900020,2156,1676,480
106900021,211,137,74
106900022,995,2,993
106900023,61,203,-142
106900024,856,71,785
106900025,36,773,-737
106900026,0,261,-261
106900027,971,8,963
107000001,4253,5962,-1709
107000002,2385,4272,-1887
107000003,7436,6792,644
107000004,4333,3200,1133
107000005,6539,6243,296
107000006,3709,2350,1359
107000007,6677,11337,-4660
107000008,7881,6496,1385
107000009,9905,9381,524
107000010,8118,6857,1261
107000011,887,1094,-207
107000012,3191,2072,1119
107000013,79,69,10
107000014,61,172,-111
107000015,538,603,-65
107000016,897,455,442
107000017,3805,7665,-3860
107000018,81,5721,-5640
107000020,2722,6285,-3563
107000021,1547,630,917
107000022,1120,3474,-2354
107000023,2233,256,1977
107000024,884,1443,-559
107000025,319,388,-69
107000026,501,408,93
107000027,1658,1079,579
107000028,1683,842,841
107000029,3987,3360,627
107000030,3170,2238,932
107000031,5267,2800,2467
107000032,494,728,-234
107000033,2229,3925,-1696
107000034,7529,1334,6195
107000035,401,215,186
107000036,1634,1219,415
107000037,102,698,-596
107000038,227,223,4
107000039,1024,810,214
107000040,216,222,-6
107000041,1732,848,884
107000042,708,2021,-1313
107000043,2149,1038,1111
107000044,462,671,-209
107000045,77,296,-219
107000046,839,468,371
107000047,462,632,-170
107000048,629,331,298
107000049,643,722,-79
107000050,1058,456,602
107000051,243,297,-54
107000052,1128,1018,110
107000053,429,260,169
107000054,69,207,-138
107000055,159,119,40
107000056,453,698,-245
107000057,1372,207,1165
107000058,2086,2568,-482
107000059,1681,2824,-1143
107000060,5450,5345,105
107000061,5273,3090,2183
107000062,5965,2799,3166
107000063,4331,3578,753
107000064,5072,2864,2208
107000065,3733,3704,29
107000066,2027,4090,-2063
107000067,1332,1376,-44
107000068,1452,872,580
107000069,1169,660,509
107000070,1255,124,1131
107000071,4263,62,4201
107000072,38,1644,-1606
107000073,1125,508,617
107000074,116,725,-609
107000075,2195,562,1633
107000076,468,992,-524
107000077,4525,1497,3028
107000078,2005,2341,-336
107000079,3291,1246,2045
107000080,906,2251,-1345
107000081,2687,577,2110
107000082,628,931,-303
107000083,1823,510,1313
107000084,296,1027,-731
107000085,3138,3100,38
107000086,3364,3071,293
107000087,3491,2136,1355
107000088,3666,3241,425
107000089,1900,1803,97
107000090,1339,934,405
107000091,1878,862,1016
107000092,910,758,152
107000093,1346,807,539
107000094,957,797,160
107000095,1141,665,476
107000096,515,515,0
107000097,466,394,72
107000098,270,277,-7
107000099,432,336,96
107000100,257,402,-145
107000101,96,215,-119
107000102,156,333,-177
107000103,217,166,51
107000104,145,236,-91
107000105,388,129,259
107000106,175,193,-18
107000107,591,148,443
107000108,146,354,-208
107000109,915,169,746
107000110,139,418,-279
107000111,480,51,429
107000112,34,225,-191
107000113,701,114,587
107000114,92,316,-224
107000115,632,180,452
107000116,136,462,-326
107000117,150,781,-631
107000118,135,127,8
107000119,1438,1580,-142
107000120,785,588,197
107000121,1101,578,523
107000122,1154,609,545
107000123,556,442,114
107000124,603,564,39
107000125,1221,519,702
107000126,1056,428,628
107000127,31,359,-328
107000129,192,165,27
107000130,302,276,26
107000131,581,449,132
107000132,692,382,310
107000133,564,240,324
107000134,311,2,309
107000135,1,417,-416
107000136,709,19,690
107000137,13,509,-496
107000138,222,44,178
107000139,36,678,-642
107000140,1540,212,1328
107000141,161,710,-549
107000142,525,116,409
107000143,97,518,-421
107000144,539,529,10
107000145,161,474,-313
107000146,232,329,-97
107000147,4437,1017,3420
107000150,615,3291,-2676
107000151,36,101,-65
107000152,441,1778,-1337
107000153,104,362,-258
107000154,137,266,-129
107000155,1024,27,997
107000156,1363,18,1345
107000157,132,835,-703
107000158,710,16,694
107000159,42,462,-420
107000160,1647,215,1432
107000161,88,636,-548
107000162,307,697,-390
107000163,268,5,263
107000164,1012,4,1008
107000165,1594,9,1585
107000166,38,572,-534
107000167,898,205,693
107000168,1205,555,650
107000169,800,624,176
107000170,3340,831,2509
107000171,752,1172,-420
107000172,1378,1732,-354
107000173,657,529,128
107000174,1399,6670,-5271
107000175,5086,1191,3895
107000176,0,1,-1
107000177,21,1,20
107000178,29,21,8
107000179,299,1287,-988
107000180,1794,230,1564
107000181,429,640,-211
107000182,2259,659,1600
107000183,180,649,-469
107000184,1223,522,701
107000185,516,1102,-586
107000186,1567,407,1160
107000187,1447,1090,357
107000188,717,494,223
107000189,620,919,-299
107000190,797,521,276
107000191,755,751,4
107000192,1876,519,1357
107000193,487,478,9
107000194,734,558,176
107000197,913,362,551
107000198,333,557,-224
107000199,1087,579,508
107000200,713,701,12
107000201,501,374,127
107000202,354,484,-130
107000203,1198,1160,38
107000204,1448,1425,23
107000205,2135,1149,986
107000206,1040,2011,-971
107000207,790,1310,-520
107000208,1340,777,563
107000209,1455,1422,33
107000210,403,219,184
107000211,2,56,-54
107000212,40,308,-268
107000213,1,29,-28
107000214,39,141,-102
107000215,653,264,389
107000216,541,1071,-530
107000217,191,93,98
107000219,178,224,-46
107000220,191,130,61
107000222,329,544,-215
107000224,977,99,878
107000225,142,254,-112
107000226,929,85,844
107000227,96,157,-61
107000228,298,461,-163
107000229,70,134,-64
107000230,1032,432,600
107000231,1134,2105,-971
107000232,111,17,94
107000233,777,1132,-355
107000234,3,93,-90
107000235,226,13,213
107000236,10,514,-504
107000237,71,0,71
107000238,31,3,28
107000239,3819,527,3292
107000240,37,757,-720
107000241,79,13,66
107000242,340,37,303
107000243,0,53,-53
107000244,6,64,-58
107000246,6,1158,-1152
107000249,3,1175,-1172
107000251,3,458,-455
107000252,2,550,-548
107000255,191,171,20
107000257,60,472,-412
107000258,7,172,-165
107000259,1,125,-124
107000260,1749,45,1704
107000262,6,312,-306
107000263,449,7,442
107000266,10,12,-2
107000267,89,68,21
107000268,110,78,32
107000269,312,12,300
107000270,78,20,58
107000271,6,67,-61
107000272,43,11,32
107000273,22,480,-458
107000274,3111,1897,1214
107000275,44,4741,-4697
107000280,1180,34,1146
107000281,38,366,-328
107000282,134,532,-398
107000290,25,45,-20
107000291,13,13,0
107000292,1,366,-365
107000293,109,25,84
107000294,0,48,-48
107000295,66,8,58
107000296,0,13,-13
107000444,363,5,358
107000496,3,6,-3
107000497,1517,1424,93
107000500,397,276,121
107000501,92,116,-24
107000502,186,209,-23
107000505,277,665,-388
107000506,1,11,-10
107000508,8,316,-308
107000509,165,666,-501
107000510,33,35,-2
107000514,87,578,-491
107000515,12,83,-71
107000516,534,321,213
107000518,1434,2120,-686
107000519,1210,767,443
107000520,129,65,64
107900001,123,95,28
107900002,75,15,60
107900003,665,26,639
107900004,176,4,172
107900005,1700,7,1693
107900006,310,4,306
107900007,558,52,506
107900008,64,7,57
107900009,262,10,252
107900010,62,10,52
107900012,330,58,272
107900013,174,13,161
107900014,91,23,68
107900015,1390,18,1372
107900016,424,111,313
107900017,40,2,38
107900018,116,227,-111
107900019,17,21,-4
107900020,195,18,177
107900021,134,68,66
107900023,1,6,-5
107900024,0,4,-4
107900025,241,171,70
107900026,65,28,37
107900027,49,59,-10
107900028,145,46,99
107900030,197,32,165
107900031,48,46,2
107900032,34,6,28
107900033,31,9,22
107900034,438,23,415
107900035,1223,65,1158
107900036,103,20,83
107900037,0,1,-1
107900038,107,345,-238
107900039,51,27,24
107900040,36,285,-249
107900041,6,4,2
107900043,43,56,-13
107900044,13,10,3
107900045,157,78,79
107900046,222,223,-1
107900047,15,10,5
107900048,257,21,236
107900049,430,1606,-1176
107900050,80,207,-127
107900051,120,47,73
107900052,36,62,-26
107900053,44,56,-12
107900055,850,355,495
107900056,160,76,84
107900057,4,0,4
107900058,35,529,-494
107900060,40,194,-154
107900061,10,16,-6
107900063,83,127,-44
107900064,307,288,19
107900065,334,14,320
107900066,37,7,30
107900067,0,0,0
107900068,132,646,-514
107900069,30,2792,-2762
107900070,206,104,102
107900071,20,572,-552
107900072,132,97,35
107900073,152,78,74
107900074,412,378,34
107900076,166,50,116
107900077,106,24,82
107900078,256,78,178
107900079,15,30,-15
107900080,266,740,-474
107900081,67,85,-18
107900082,18,18,0
107900083,338,204,134
107900084,120,95,25
107900086,54,187,-133
107900087,388,185,203
107900088,62,8,54
107900089,246,1212,-966
107900090,2529,3173,-644
107900091,141,222,-81
107900092,1278,369,909
107900093,86,38,48
107900095,2301,2244,57
107900097,50,78,-28
107900098,71,177,-106
107900100,762,1599,-837
107900101,696,144,552
107900102,41,10,31
107900103,51,139,-88
107900104,183,6,177
107900105,2,164,-162
107900106,2,551,-549
107900107,2265,610,1655
107900108,160,109,51
107900109,1793,32,1761
107900110,117,40,77
107900111,4,395,-391
107900112,90,365,-275
107900113,272,31,241
107900114,237,94,143
107900115,2,21,-19
107900116,315,81,234
107900117,369,261,108
107900118,43,99,-56
107900119,172,328,-156
107900120,47,29,18
107900121,0,156,-156
107900122,8,238,-230
107900123,4,84,-80
107900124,11,54,-43
107900125,23,236,-213
107900126,18,43,-25
107900127,597,371,226
107900128,74,97,-23
107900129,103,8,95
107900130,95,21,74
107900131,459,519,-60
107900132,86,220,-134
107900133,3,63,-60
107900134,63,134,-71
107900135,5,123,-118
107900136,31,67,-36
107900137,151,163,-12
107900138,97,34,63
107900139,58,45,13
107900140,65,52,13
107900141,82,55,27
107900142,23,400,-377
107900143,65,15,50
107900144,0,110,-110
107900145,10,74,-64
107900146,68,153,-85
107900147,52,61,-9
107900148,94,121,-27
107900149,484,204,280
107900150,75,320,-245
107900151,58,84,-26
107900152,8,100,-92
107900153,105,365,-260
107900154,81,14,67
107900155,123,32,91
107900156,7,131,-124
107900157,34,33,1
107900158,1141,34,1107
107900159,9,596,-587
107900160,161,145,16
107900161,41,105,-64
107900162,0,141,-141
107900163,101,89,12
107900164,29,40,-11
107900165,37,136,-99
107900166,22,103,-81
107900167,11,39,-28
107900168,50,27,23
107900169,0,185,-185
107900171,11,573,-562
107900172,2,191,-189
107900173,43,48,-5
107900174,176,6,170
107900175,64,80,-16
107900176,51,18,33
107900177,3,390,-387
107900178,11,96,-85
107900179,17,87,-70
107900180,353,844,-491
107900181,324,253,71
107900182,161,560,-399
107900183,74,166,-92
107900184,145,122,23
107900185,185,6,179
107900186,54,53,1
107900187,2,153,-151
107900188,412,130,282
107900189,40,58,-18
107900190,41,173,-132
107900191,77,80,-3
107900193,1,50,-49
107900194,308,36,272
107900195,1147,298,849
107900196,139,67,72
107900197,522,570,-48
107900199,1,429,-428
107900201,98,67,31
107900203,41,84,-43
107900204,123,256,-133
107900205,258,312,-54
107900206,1162,385,777
107900207,28,285,-257
107900208,7,294,-287
107900209,258,123,135
107900210,55,62,-7
107900213,758,613,145
107900214,19,87,-68
107900215,165,375,-210
107900216,197,66,131
107900217,55,111,-56
107900218,18,3577,-3559
107900219,52,37,15
107900220,169,228,-59
107900221,184,226,-42
107900223,126,311,-185
107900224,105,425,-320
107900225,6,584,-578
107900226,117,78,39
107900227,144,281,-137
107900228,40,84,-44
107900229,4,153,-149
107900230,16,44,-28
107900231,30,139,-109
107900232,110,73,37
107900233,10,74,-64
107900234,147,57,90
107900235,25,174,-149
107900236,183,51,132
107900237,43,309,-266
107900238,37,56,-19
107900239,426,705,-279
107900240,32,60,-28
107900241,21,43,-22
107900242,34,133,-99
107900243,2,56,-54
107900244,340,10,330
107900245,883,45,838
107900246,264,22,242
107900248,321,254,67
107900249,1191,83,1108
107900250,0,287,-287
107900251,30,631,-601
107900252,1328,37,1291
107900253,325,12,313
107900254,93,399,-306
107900255,178,80,98
107900256,1748,3365,-1617
107900257,300,130,170
107900258,110,233,-123
107900259,82,2947,-2865
107900261,1,164,-163
107900262,48,79,-31
107900264,581,16,565
107900265,167,263,-96
107900267,300,6,294
107900268,4,2,2
107900269,1,2,-1
107900270,0,0,0
107900271,0,6,-6
107900272,24,14,10
107900273,70,103,-33
107900274,118,0,118
107900275,45,0,45
107900276,0,88,-88
107900277,0,154,-154
107900278,370,233,137
107900279,79,183,-104
107900280,2220,1962,258
107900281,657,3928,-3271
107900282,19,611,-592
107900283,750,774,-24
107900284,649,402,247
107900285,160,47,113
107900286,55,106,-51
107900287,341,195,146
107900290,0,219,-219
107900291,649,23,626
107900292,122,112,10
107900293,98,282,-184
107900295,48,21,27
107900297,2,306,-304
107900298,886,599,287
107900299,2111,2740,-629
107900300,118,303,-185
107900301,768,857,-89
107900302,102,37,65
107900303,261,173,88
107900304,422,297,125
107900305,463,5,458
107900306,17,28,-11
107900307,47,195,-148
107900308,195,143,52
107900309,87,3,84
107900310,724,11,713
107900311,98,1599,-1501
107900312,98,5,93
107900313,1,235,-234
107900314,1,57,-56
107900315,5,63,-58
107900316,69,2,67
107900317,94,78,16
107900318,14,165,-151
107900319,11,110,-99
107900320,20,94,-74
107900321,127,1,126
107900322,2,56,-54
107900323,120,93,27
107900324,92,0,92
107900325,72,2,70
107900326,520,167,353
107900327,1,82,-81
107900328,127,3,124
107900329,86,158,-72
107900330,8,252,-244
107900331,282,17,265
107900332,340,21,319
107900333,79,25,54
107900334,9,102,-93
107900335,51,55,-4
107900336,37,91,-54
107900337,663,1042,-379
107900338,5,156,-151
107900339,5,21,-16
107900340,0,46,-46
107900341,70,1,69
107900342,96,56,40
107900343,42,2,40
107900344,7,84,-77
107900345,96,29,67
107900346,37,3,34
107900347,40,2,38
107900348,5,2,3
107900349,30,10,20
107900350,33,216,-183
108000001,3459,3690,-231
108000002,1643,1733,-90
108000003,3854,3865,-11
108000004,10384,11706,-1322
108000005,9342,6844,2498
108000006,6358,6988,-630
108000007,5880,4475,1405
108000008,3920,5042,-1122
108000009,5123,5648,-525
108000010,3730,3628,102
108000011,13503,13227,276
108000012,11832,11849,-17
108000014,828,1316,-488
108000015,825,235,590
108000016,325,833,-508
108000017,1175,372,803
108000018,2223,748,1475
108000019,1984,1185,799
108000020,1427,568,859
108000021,316,1636,-1320
108000022,424,1109,-685
108000023,1256,269,987
108000024,338,410,-72
108000025,364,275,89
108000026,801,242,559
108000027,873,339,534
108000028,739,181,558
108000029,587,331,256
108000030,707,194,513
108000031,234,546,-312
108000032,1936,653,1283
108000033,819,754,65
108000034,2161,462,1699
108000035,722,1377,-655
108000036,354,709,-355
108000037,2086,433,1653
108000038,3201,589,2612
108000039,512,1371,-859
108000040,2355,1090,1265
108000041,684,1620,-936
108000042,563,149,414
108000043,229,300,-71
108000044,1876,138,1738
108000045,321,669,-348
108000046,1612,287,1325
108000047,490,665,-175
108000048,171,329,-158
108000049,1149,307,842
108000050,95,381,-286
108000051,362,161,201
108000052,203,511,-308
108000053,511,261,250
108000054,442,1026,-584
108000055,1206,620,586
108000056,750,1137,-387
108000057,788,1444,-656
108000058,2022,3969,-1947
108000059,2586,1490,1096
108000060,245,443,-198
108000061,175,201,-26
108000062,1262,661,601
108000063,580,331,249
108000064,344,246,98
108000065,507,413,94
108000066,1489,746,743
108000067,2013,738,1275
108000068,825,371,454
108000069,222,661,-439
108000070,2188,645,1543
108000071,630,1044,-414
108000072,2026,1059,967
108000073,1189,1248,-59
108000074,680,366,314
108000075,312,542,-230
108000076,944,538,406
108000077,588,462,126
108000078,2829,1082,1747
108000079,694,988,-294
108000080,1742,429,1313
108000081,529,779,-250
108000082,729,1410,-681
108000083,2210,879,1331
108000084,416,805,-389
108000085,1086,557,529
108000086,734,506,228
108000087,235,2573,-2338
108000088,224,15,209
108000089,420,366,54
108000090,589,179,410
108000091,384,330,54
108000092,240,91,149
108000093,223,332,-109
108000094,649,82,567
108000095,204,196,8
108000096,443,161,282
108000097,129,252,-123
108000098,2243,1050,1193
108000099,389,96,293
108000100,111,195,-84
108000101,1866,1512,354
108000102,1696,3684,-1988
108000106,1102,5,1097
108000107,6,954,-948
108000108,802,57,745
108000109,6,947,-941
108000110,185,255,-70
108000111,177,482,-305
108000112,46,153,-107
108000113,368,195,173
108000115,305,348,-43
108000117,697,493,204
108000118,90,261,-171
108000119,442,225,217
108000120,164,825,-661
108000121,213,266,-53
108000122,696,291,405
108000123,826,129,697
108000124,387,494,-107
108000125,559,222,337
108000126,188,245,-57
108000127,583,208,375
108000128,716,256,460
108000129,343,578,-235
108000130,523,193,330
108000131,1029,542,487
108000132,1535,910,625
108000133,1202,473,729
108000134,470,327,143
108000135,1275,476,799
108000136,273,574,-301
108000137,622,166,456
108000138,574,558,16
108000139,623,252,371
108000140,141,19,122
108000141,46,41,5
108000142,62,51,11
108000143,46,16,30
108000144,50,2,48
108000145,40,3,37
108000146,115,10,105
108000147,48,13,35
108000148,124,29,95
108000149,27,7,20
108000150,54,12,42
108000151,47,24,23
108000152,106,332,-226
108000153,765,120,645
108000154,45,4,41
108000155,45,27,18
108000156,415,95,320
108000157,187,1441,-1254
108000158,65,802,-737
108000159,253,164,89
108000160,1727,1223,504
108000161,1909,3492,-1583
108000165,8,270,-262
108000172,3,349,-346
108000173,1166,2091,-925
108000175,384,170,214
108000178,300,308,-8
108000179,179,1060,-881
108000181,89,17,72
108000182,103,8,95
108000183,66,27,39
108000184,564,2580,-2016
108000185,279,214,65
108000186,232,45,187
108000187,139,248,-109
108000188,761,175,586
108000189,425,1637,-1212
108000190,31,98,-67
108000192,210,309,-99
108000193,729,66,663
108000194,27,6,21
108000195,2,674,-672
108000196,262,216,46
108000198,499,136,363
108000199,0,321,-321
108000200,654,259,395
108000202,1,550,-549
108000203,115,231,-116
108000204,227,68,159
108000205,114,221,-107
108000339,1004,355,649
108000364,75,250,-175
108000365,84,295,-211
108000367,125,250,-125
108000368,16,45,-29
108000369,549,201,348
108000371,0,558,-558
108000372,605,4,601
108000373,325,166,159
108000376,127,57,70
108000377,667,138,529
108000378,9698,11225,-1527
108000379,28,203,-175
108000381,83,8,75
108000382,46,0,46
108000383,3,184,-181
108900001,60,569,-509
108900002,165,55,110
108900003,249,484,-235
108900004,160,627,-467
108900005,86,580,-494
108900006,1012,199,813
108900007,391,194,197
108900008,208,158,50
108900009,186,120,66
108900010,354,128,226
108900011,780,312,468
108900012,620,340,280
108900013,245,237,8
108900014,35,92,-57
108900015,0,184,-184
108900016,2,216,-214
108900017,308,432,-124
108900018,152,265,-113
108900019,54,407,-353
108900020,53,128,-75
108900021,161,206,-45
108900022,55,216,-161
108900023,327,56,271
108900024,42,54,-12
108900025,192,64,128
108900026,33,103,-70
108900028,123,180,-57
108900029,60,142,-82
108900031,170,213,-43
108900032,15,152,-137
108900034,0,101,-101
108900035,265,674,-409
108900036,207,207,0
108900037,59,182,-123
108900039,0,181,-181
108900040,2,65,-63
108900041,3838,3961,-123
108900042,8,449,-441
108900043,90,382,-292
108900045,91,282,-191
108900046,9,61,-52
108900047,1,73,-72
108900048,78,473,-395
108900049,1694,1681,13
108900050,3,114,-111
108900051,1,116,-115
108900052,24,109,-85
108900053,55,222,-167
108900054,69,155,-86
108900055,42,532,-490
108900056,0,101,-101
108900057,0,95,-95
108900058,36,194,-158
108900059,600,61,539
108900060,106,136,-30
108900061,94,31,63
108900062,1,179,-178
108900063,26,156,-130
108900064,321,50,271
108900065,20,99,-79
108900066,521,177,344
108900067,30,129,-99
108900068,0,44,-44
108900069,72,40,32
108900070,41,50,-9
108900071,151,54,97
108900072,1722,584,1138
108900073,6,35,-29
108900074,297,179,118
108900075,30,29,1
108900076,515,50,465
108900077,58,84,-26
108900078,61,100,-39
108900079,505,167,338
108900080,39,1086,-1047
108900081,42,231,-189
108900082,124,59,65
108900083,16,358,-342
108900084,327,200,127
108900085,1361,167,1194
108900086,179,132,47
108900087,67,158,-91
108900088,1083,436,647
108900089,40,147,-107
108900090,93,156,-63
108900091,87,49,38
108900092,543,267,276
108900093,173,95,78
108900094,294,100,194
108900095,56,194,-138
108900096,221,5,216
108900097,346,154,192
108900098,1305,965,340
108900099,500,161,339
108900100,78,102,-24
108900101,240,236,4
108900102,59,1146,-1087
108900103,89,132,-43
108900104,93,327,-234
108900105,4,1634,-1630
108900106,575,149,426
108900108,407,81,326
108900109,62,46,16
108900110,272,255,17
108900111,486,315,171
108900112,352,40,312
108900113,31,80,-49
108900114,1,5,-4
108900115,169,74,95
108900116,86,29,57
108900117,230,10,220
108900119,389,40,349
108900120,207,233,-26
108900121,448,148,300
108900122,185,27,158
108900123,219,155,64
108900124,548,208,340
108900126,121,57,64
108900127,234,28,206
108900128,178,74,104
108900129,800,146,654
108900131,389,31,358
108900132,542,59,483
108900133,366,86,280
108900134,505,161,344
108900135,219,9,210
108900137,216,2,214
108900138,897,68,829
108900139,810,101,709
108900140,465,154,311
108900141,496,8,488
108900142,105,17,88
108900143,0,0,0
108900144,120,0,120
108900145,242,9,233
108900146,131,4,127
108900147,200,2,198
108900148,64,18,46
108900149,433,216,217
108900150,263,22,241
108900151,185,13,172
108900152,424,204,220
108900153,297,165,132
108900154,5324,481,4843
108900155,271,53,218
108900156,129,2,127
108900157,42,256,-214
108900158,420,27,393
108900159,5,114,-109
108900160,9,166,-157
108900161,4,296,-292
108900162,167,3,164
108900163,4,335,-331
108900164,40,74,-34
108900165,112,66,46
108900167,1209,8986,-7777
108900168,4413,2870,1543
108900169,51,85,-34
108900171,3959,3892,67
108900172,258,51,207
108900173,152,318,-166
108900174,1063,491,572
108900176,155,248,-93
108900177,5902,7099,-1197
108900178,3045,3876,-831
108900179,542,2358,-1816
108900180,167,282,-115
108900182,67,442,-375
108900183,238,174,64
108900184,548,205,343
108900185,110,318,-208
108900186,68,318,-250
108900187,559,46,513
108900188,958,83,875
108900189,606,125,481
108900190,86,1629,-1543
108900191,260,54,206
108900192,117,186,-69
108900193,435,62,373
108900194,43,463,-420
108900195,79,185,-106
108900196,20,239,-219
108900198,2,266,-264
108900199,240,274,-34
108900200,869,409,460
108900201,547,1173,-626
108900203,548,141,407
108900204,489,20,469
108900205,193,50,143
108900206,532,75,457
108900207,203,102,101
108900208,20,228,-208
108900209,156,350,-194
108900210,220,205,15
108900211,180,637,-457
108900212,462,1528,-1066
108900215,85,291,-206
108900216,413,461,-48
108900217,186,1,185
108900218,86,30,56
108900219,91,22,69
108900220,78,35,43
108900221,55,264,-209
108900222,348,25,323
108900223,7,139,-132
108900224,41,199,-158
108900225,1,155,-154
108900226,547,26,521
108900227,147,451,-304
108900230,123,252,-129
108900231,25,207,-182
108900232,5,309,-304
108900233,561,99,462
108900234,401,143,258
108900235,167,439,-272
108900236,69,258,-189
108900237,67,227,-160
108900240,196,89,107
108900241,71,49,22
108900245,8,1910,-1902
108900249,228,37,191
108900250,284,82,202
108900257,373,281,92
108900258,17,124,-107
108900259,33,42,-9
108900260,6,52,-46
108900261,34,85,-51
108900262,113,108,5
108900263,33,120,-87
108900264,344,260,84
108900265,2661,768,1893
108900266,470,776,-306
108900267,4,136,-132
108900268,8,26,-18
108900269,103,23,80
108900270,93,7,86
108900271,70,29,41
108900272,253,17,236
108900273,481,2589,-2108
108900274,56,44,12
108900275,58,5,53
108900276,6,66,-60
109000001,2593,1995,598
109000002,966,2126,-1160
109000003,2916,440,2476
109000004,549,1796,-1247
109000005,2706,599,2107
109000006,762,1788,-1026
109000007,1805,731,1074
109000008,691,1482,-791
109000009,3552,1320,2232
109000010,1080,3063,-1983
109000011,3825,2186,1639
109000012,2040,2467,-427
109000013,4886,3679,1207
109000014,2503,2228,275
109000015,4286,8961,-4675
109000016,4834,2518,2316
109000017,2955,1172,1783
109000018,1009,2112,-1103
109000019,2587,1303,1284
109000020,910,1467,-557
109000023,274,27,247
109000024,18,178,-160
109000025,310,622,-312
109000026,470,361,109
109000027,130,412,-282
109000028,102,112,-10
109000029,126,289,-163
109000030,59,471,-412
109000031,288,172,116
109000032,137,443,-306
109000033,331,167,164
109000034,50,44,6
109000035,25,52,-27
109000036,147,299,-152
109000037,302,2175,-1873
109000038,510,367,143
109000039,1360,1061,299
109000040,3232,12667,-9435
109000041,1705,1964,-259
109000042,464,1341,-877
109000044,556,55,501
109000045,144,262,-118
109000046,443,84,359
109000047,38,343,-305
109000048,895,184,711
109000049,215,487,-272
109000050,453,201,252
109000051,251,204,47
109000052,632,537,95
109000053,258,91,167
109000054,318,303,15
109000055,334,314,20
109000056,429,280,149
109000057,925,487,438
109000058,698,235,463
109000059,559,1481,-922
109000060,333,329,4
109000061,489,1342,-853
109000062,142,410,-268
109000063,280,123,157
109000064,322,179,143
109000065,275,187,88
109000066,454,70,384
109000067,105,210,-105
109000068,1494,17,1477
109000069,679,34,645
109000070,13,1923,-1910
109000071,426,62,364
109000072,102,321,-219
109000073,52,88,-36
109000074,33,150,-117
109000075,49,310,-261
109000076,89,227,-138
109000077,259,194,65
109000078,48,158,-110
109000079,99,103,-4
109000080,214,84,130
109000081,155,236,-81
109000082,762,138,624
109000083,337,314,23
109000088,145,398,-253
109000089,359,77,282
109000090,169,310,-141
109000091,467,246,221
109000092,330,311,19
109000093,362,226,136
109000094,768,7,761
109000095,135,312,-177
109000096,966,231,735
109000097,107,100,7
109000098,71,135,-64
109000099,929,368,561
109000100,304,560,-256
109000101,1977,554,1423
109000102,524,671,-147
109000103,546,506,40
109000104,2298,386,1912
109000105,465,761,-296
109000106,2143,684,1459
109000107,624,1191,-567
109000108,2294,670,1624
109000109,521,1039,-518
109000110,1359,698,661
109000111,800,1625,-825
109000112,366,104,262
109000113,316,161,155
109000114,211,217,-6
109000115,1002,41,961
109000116,11,272,-261
109000117,296,48,248
109000118,5,266,-261
109000119,1702,123,1579
109000120,276,464,-188
109000121,608,34,574
109000122,191,453,-262
109000123,20,32,-12
109000124,869,286,583
109000125,997,223,774
109000126,434,466,-32
109000127,1270,153,1117
109000128,580,760,-180
109000129,3269,747,2522
109000130,535,989,-454
109000131,1072,721,351
109000132,671,1098,-427
109000133,344,659,-315
109000134,703,970,-267
109000135,890,1929,-1039
109000136,283,219,64
109000137,374,359,15
109000138,482,192,290
109000139,684,346,338
109000140,300,251,49
109000141,666,366,300
109000142,131,417,-286
109000143,96,83,13
109000145,94,200,-106
109000146,29,77,-48
109000148,2132,2367,-235
109000149,24,82,-58
109000150,89,362,-273
109000155,999,686,313
109000156,802,480,322
109000158,179,286,-107
109000159,164,389,-225
109000160,1185,208,977
109000161,453,691,-238
109000162,2316,543,1773
109000163,1228,1196,32
109000164,1398,1734,-336
109000165,1481,422,1059
109000166,1047,82,965
109000167,142,346,-204
109000170,27,33,-6
109000171,69,42,27
109000172,51,47,4
109000173,24,92,-68
109000174,143,34,109
109000175,46,62,-16
109000176,264,139,125
109000177,51,67,-16
109000178,429,67,362
109000179,2926,5679,-2753
109000180,4014,3883,131
109000181,35,29,6
109000182,39,10,29
109000183,57,14,43
109000184,46,8,38
109000185,27,14,13
109000188,448,1070,-622
109000189,2976,662,2314
109000190,621,337,284
109000191,393,344,49
109000192,522,156,366
109000193,209,153,56
109000194,329,84,245
109000195,174,206,-32
109000196,312,82,230
109000197,235,217,18
109000198,417,58,359
109000199,120,334,-214
109000206,292,27,265
109000207,173,50,123
109000208,140,101,39
109000209,191,81,110
109000210,148,408,-260
109000211,198,228,-30
109000214,551,223,328
109000215,163,53,110
109000216,298,292,6
109000217,228,156,72
109000218,559,217,342
109000221,525,823,-298
109000222,996,232,764
109000223,477,347,130
109000224,40,64,-24
109000225,130,43,87
109000226,45,139,-94
109000227,1324,581,743
109000228,5,2653,-2648
109000231,0,213,-213
109000232,472,204,268
109000236,341,600,-259
109000241,2085,1417,668
109000242,1963,971,992
109000293,27,56,-29
109000361,109,174,-65
109000364,158,382,-224
109000396,3,356,-353
109000397,783,16,767
109000399,137,284,-147
109000400,104,130,-26
109000403,141,1199,-1058
109000406,339,8,331
109000407,252,112,140
109000408,0,288,-288
109000410,1024,175,849
109000411,123,11,112
109900001,144,5,139
109900002,1197,39,1158
109900003,332,2,330
109900004,714,87,627
109900005,25,2,23
109900006,577,135,442
109900007,972,259,713
109900008,0,34,-34
109900009,157,389,-232
109900010,655,47,608
109900011,136,49,87
109900012,392,207,185
109900013,403,193,210
109900014,460,67,393
109900015,440,227,213
109900016,133,11,122
109900017,194,263,-69
109900018,259,32,227
109900019,331,38,293
109900020,20,32,-12
109900021,35,21,14
109900022,73,211,-138
109900023,14,8,6
109900024,37,5,32
109900025,14,32,-18
109900026,2,132,-130
109900027,30,26,4
109900028,620,1322,-702
109900029,7,216,-209
109900030,49,12,37
109900031,1,336,-335
109900032,14,262,-248
109900033,5,405,-400
109900034,36,2,34
109900035,28,24,4
109900036,27,40,-13
109900037,19,321,-302
109900038,126,247,-121
109900039,17,1,16
109900040,26,321,-295
109900041,60,219,-159
109900042,56,3212,-3156
109900044,218,139,79
109900045,167,220,-53
109900046,31,58,-27
109900047,255,232,23
109900048,0,59,-59
109900049,25,32,-7
109900050,0,65,-65
109900051,0,34,-34
109900052,92,237,-145
109900053,0,118,-118
109900054,1079,217,862
109900055,72,207,-135
109900056,15,296,-281
109900057,4,92,-88
109900058,2,55,-53
109900059,1222,113,1109
109900060,673,98,575
109900061,53,242,-189
109900062,0,75,-75
109900063,3,575,-572
109900064,634,155,479
109900065,41,132,-91
109900066,329,541,-212
109900067,0,135,-135
109900068,108,15,93
109900069,7,20,-13
109900070,38,234,-196
109900071,5,25,-20
109900072,22,104,-82
109900073,561,388,173
109900074,6,30,-24
109900075,37,30,7
109900076,8,110,-102
109900077,41,52,-11
109900078,80,156,-76
109900080,147,235,-88
109900081,46,295,-249
109900082,65,206,-141
109900083,34,62,-28
109900084,62,97,-35
109900085,268,447,-179
109900086,120,613,-493
109900087,246,487,-241
109900089,816,226,590
109900090,491,875,-384
109900091,442,71,371
109900092,1087,69,1018
109900093,1224,184,1040
109900094,122,80,42
109900095,129,251,-122
109900096,38,14,24
109900097,108,2,106
109900098,566,51,515
109900099,215,1,214
109900100,52,0,52
109900101,750,10,740
109900102,559,22,537
109900103,18,41,-23
109900104,779,353,426
109900105,600,32,568
109900106,540,55,485
109900107,1382,72,1310
109900108,247,353,-106
109900109,39,378,-339
109900110,48,237,-189
109900111,281,526,-245
109900112,259,347,-88
109900113,1076,637,439
109900114,1485,1342,143
109900115,200,105,95
109900117,1257,113,1144
109900118,165,306,-141
109900119,541,232,309
109900120,95,22,73
109900121,436,437,-1
109900122,597,10,587
109900123,20,154,-134
109900124,55,330,-275
109900125,1,209,-208
109900126,378,68,310
109900128,455,34,421
109900130,4357,3220,1137
109900131,34,137,-103
109900132,30,99,-69
109900133,52,219,-167
109900134,89,79,10
109900135,326,63,263
109900136,83,94,-11
109900137,143,182,-39
109900138,528,188,340
109900140,185,110,75
109900141,580,215,365
109900142,1704,283,1421
109900145,8,572,-564
109900146,457,51,406
109900148,44,60,-16
109900149,54,54,0
109900150,31,59,-28
109900151,23,54,-31
109900152,2,39,-37
109900153,1,77,-76
109900154,60,0,60
109900155,68,40,28
109900157,67,133,-66
109900158,59,112,-53
109900159,176,42,134
109900160,176,57,119
109900161,294,89,205
109900162,192,153,39
109900163,605,310,295
109900164,114,176,-62
109900165,291,7,284
109900166,1,84,-83
109900167,209,291,-82
109900168,219,424,-205
109900169,234,101,133
109900170,197,1188,-991
109900171,260,75,185
109900172,272,273,-1
109900173,1438,2530,-1092
109900174,48,73,-25
109900175,96,81,15
109900176,124,137,-13
109900177,69,143,-74
109900178,26,404,-378
109900179,77,19,58
109900180,10,17,-7
110000001,789,446,343
110000002,619,726,-107
110000003,782,681,101
110000004,480,712,-232
110000005,460,2108,-1648
110000006,209,426,-217
110000007,101,76,25
110000008,23,81,-58
110000009,38,18,20
110000010,35,55,-20
110000011,36,58,-22
110000012,540,248,292
110000013,36,563,-527
110000014,469,303,166
110000015,222,605,-383
110000016,225,1811,-1586
110000017,5269,317,4952
110000018,3256,362,2894
110000019,13,52,-39
110000020,496,155,341
110000021,433,471,-38
110000022,1310,229,1081
110000023,8,103,-95
110000024,473,448,25
110000025,608,6,602
110000026,7,191,-184
110000027,1146,945,201
110000028,1045,539,506
110000029,402,479,-77
110000030,252,339,-87
110000031,254,340,-86
110000032,909,363,546
110000033,337,276,61
110000034,771,671,100
110000035,783,495,288
110000036,1248,919,329
110000037,247,919,-672
110000038,241,641,-400
110000039,865,4299,-3434
110000040,340,332,8
110000041,314,1809,-1495
110000042,87,1129,-1042
110000043,885,387,498
110000044,163,3759,-3596
110000045,1066,595,471
110000046,8,44,-36
110000047,23,316,-293
110000048,15,83,-68
110000049,243,28,215
110000050,32,53,-21
110000051,33,15,18
110000052,13,23,-10
110000053,76,16,60
110000054,163,661,-498
110000055,730,93,637
110000056,99,120,-21
110000057,387,483,-96
110000058,1098,590,508
110000059,1009,414,595
110000060,1065,976,89
110000061,797,606,191
110000062,621,814,-193
110000063,40,179,-139
110000064,55,44,11
110000065,110,127,-17
110000066,91,32,59
110000067,82,110,-28
110000068,239,84,155
110000069,501,58,443
110000071,299,51,248
110000073,21,16,5
110000075,15,70,-55
110000076,312,464,-152
110000077,329,1321,-992
110000078,46,28,18
110000080,207,457,-250
110000081,32,195,-163
110000082,23,338,-315
110000083,207,491,-284
110000084,1351,1041,310
110000085,1043,1199,-156
110000086,1062,2470,-1408
110000087,24,51,-27
110000088,116,175,-59
110000089,287,66,221
110000090,114,147,-33
110000091,668,165,503
110000092,16,38,-22
110000093,37,26,11
110000094,451,162,289
110000095,147,723,-576
110000096,1249,1826,-577
110000097,1102,1727,-625
110000098,1842,599,1243
110000099,676,1446,-770
110000100,1283,285,998
110000101,32,162,-130
110000102,80,17,63
110000104,425,134,291
110000105,53,194,-141
110000106,576,432,144
110000107,197,191,6
110000108,103,145,-42
110000109,271,283,-12
110000110,1978,5029,-3051
110000111,4029,3277,752
110000112,618,1166,-548
110000113,144,2370,-2226
110000114,264,774,-510
110000115,423,316,107
110000116,79,51,28
110000117,312,183,129
110000118,574,94,480
110000119,367,217,150
110000120,457,117,340
110000121,59,343,-284
110000122,426,505,-79
110000123,735,708,27
110000124,5,751,-746
110000125,1120,6,1114
110000126,244,20,224
110000127,1135,54,1081
110000128,41,925,-884
110000129,6,365,-359
110000130,251,198,53
110000131,141,203,-62
110000132,5,493,-488
110000133,28,347,-319
110000134,18,283,-265
110000135,155,32,123
110000136,45,192,-147
110000137,676,469,207
110000138,908,421,487
110000139,1186,618,568
110000140,753,669,84
110000143,618,357,261
110000144,4662,1962,2700
110000145,2207,1381,826
110000146,2699,1240,1459
110000147,541,765,-224
110000148,804,229,575
110000151,1043,1134,-91
110000152,774,387,387
110000153,213,16,197
110000154,77,28,49
110000155,1395,3862,-2467
110000156,1112,2443,-1331
110000157,2259,2522,-263
110000160,412,190,222
110000161,173,165,8
110000166,724,42,682
110000167,1050,490,560
110000168,1219,516,703
110000169,1027,342,685
110000170,148,43,105
110000171,657,94,563
110000172,189,563,-374
110000173,811,731,80
110000174,124,515,-391
110000175,960,63,897
110000176,113,441,-328
110000177,290,989,-699
110000178,381,1585,-1204
110000179,974,287,687
110000180,204,433,-229
110000181,670,318,352
110000182,273,177,96
110000183,7040,8489,-1449
110000184,288,2791,-2503
110000185,1152,1242,-90
110000186,710,653,57
110000191,1369,218,1151
110000192,746,11,735
110000193,1262,11,1251
110000194,5,488,-483
110000195,508,183,325
110000196,537,156,381
110000197,103,113,-10
110000198,172,66,106
110000199,74,112,-38
110000200,1006,409,597
110000201,1123,1153,-30
110000202,1386,591,795
110000203,522,458,64
110000204,3,133,-130
110000205,228,41,187
110000206,482,747,-265
110000207,1562,341,1221
110000208,271,231,40
110000209,84,961,-877
110000210,1665,353,1312
110000211,897,727,170
110000212,470,1185,-715
110000213,316,42,274
110000214,364,66,298
110000215,169,290,-121
110000216,125,169,-44
110000217,527,128,399
110000218,179,151,28
110000219,459,42,417
110000220,78,129,-51
110000221,474,49,425
110000222,50,155,-105
110000223,4,179,-175
110000224,48,7,41
110000225,255,653,-398
110000226,257,61,196
110000227,1014,1115,-101
110000228,224,160,64
110000229,2,149,-147
110000230,662,579,83
110000231,200,245,-45
110000232,268,332,-64
110000233,289,330,-41
110000234,807,4231,-3424
110000235,1466,1553,-87
110000236,718,491,227
110000237,2218,1474,744
110000238,1192,1143,49
110000239,2134,984,1150
110000240,1,37,-36
110000242,0,23,-23
110000243,154,79,75
110000244,134,437,-303
110000245,32,305,-273
110000246,883,433,450
110000247,1022,2587,-1565
110000248,1641,1067,574
110000249,98,14,84
110000250,50,127,-77
110000251,456,282,174
110000252,435,141,294
110000253,1608,499,1109
110000254,665,657,8
110000255,272,667,-395
110000256,540,302,238
110000257,666,338,328
110000258,3,277,-274
110000259,173,12,161
110000260,25,141,-116
110000263,545,62,483
110000264,436,238,198
110000265,1191,1902,-711
110000266,1768,3031,-1263
110000267,43,149,-106
110000268,365,420,-55
110000269,6,88,-82
110000270,111,10,101
110000271,1069,275,794
110000272,1019,975,44
110000273,2275,1555,720
110000274,165,1916,-1751
110000275,1328,584,744
110000276,259,409,-150
110000277,373,271,102
110000278,376,533,-157
110000279,843,669,174
110000280,653,375,278
110000281,60,401,-341
110000282,213,11,202
110000283,36,139,-103
110000284,17,44,-27
110000285,8,856,-848
110000286,15,2,13
110000287,112,1,111
110000288,12,123,-111
110000289,442,2257,-1815
110000290,575,632,-57
110000291,3131,1115,2016
110000292,1293,5853,-4560
110000293,679,459,220
110000294,1373,1216,157
110000295,176,545,-369
110000296,655,277,378
110000297,2647,263,2384
110000298,81,254,-173
110000299,95,51,44
110000301,351,21,330
110000302,264,517,-253
110000303,492,7,485
110000304,114,156,-42
110000305,1612,24,1588
110000306,229,803,-574
110000307,2024,12,2012
110000308,727,50,677
110000309,4,639,-635
110000310,913,45,868
110000311,15,495,-480
110000312,496,99,397
110000313,2234,1634,600
110000314,3,142,-139
110000315,2569,2862,-293
110000316,522,1221,-699
110000317,289,948,-659
110000318,12,56,-44
110000319,11,23,-12
110000320,46,50,-4
110000321,42,39,3
110000322,304,257,47
110000323,699,156,543
110000324,2149,1465,684
110000325,2465,3781,-1316
110000327,530,300,230
110000328,154,363,-209
110000333,1286,869,417
110000334,687,1023,-336
110000335,999,389,610
110000336,736,803,-67
110000337,1784,491,1293
110000338,481,188,293
110000339,467,174,293
110000340,82,153,-71
110000341,455,346,109
110000342,263,3,260
110000343,0,19,-19
110000344,307,192,115
110000345,580,237,343
110000346,2505,1881,624
110000347,1143,702,441
110000348,16,22,-6
110000349,8,21,-13
110000350,53,12,41
110000351,1388,654,734
110000352,634,1467,-833
110000353,3058,510,2548
110000354,766,3210,-2444
110000355,186,56,130
110000356,3024,18,3006
110000357,601,13,588
110000361,56,33,23
110000362,93,43,50
110000363,558,102,456
110000364,324,569,-245
110000365,235,1,234
110000366,2,89,-87
110000367,544,294,250
110000368,5,55,-50
110000369,87,5,82
110000373,1,199,-198
110000374,167,19,148
110000375,123,811,-688
110000376,28,61,-33
110000377,89,502,-413
110000378,27,412,-385
110000379,2136,1975,161
110000380,72,1,71
110000383,3,1401,-1398
110000384,1460,1159,301
110000385,2,237,-235
110000387,139,3,136
110000388,41,142,-101
110000389,740,2,738
110000391,1026,187,839
110000396,211,79,132
110000397,169,93,76
110000398,2,21,-19
110000399,145,0,145
110000587,169,105,64
110000589,186,103,83
110000640,163,24,139
110000652,9,321,-312
110000653,330,298,32
110000654,49,862,-813
110000656,1,287,-286
110000674,27,18,9
110000675,27,15,12
110000676,3,64,-61
110000679,124,1363,-1239
110000682,76,212,-136
110000683,298,462,-164
110000684,8,36,-28
110000685,12,14,-2
110000686,4,48,-44
110000687,26,3,23
110000688,46,1156,-1110
110000689,36,35,1
110000692,79,241,-162
110000693,119,306,-187
110000694,0,114,-114
110000695,271,534,-263
110000696,51,60,-9
110900001,233,48,185
110900002,439,211,228
110900003,984,292,692
110900004,535,78,457
110900005,1621,2893,-1272
110900006,35,27,8
110900007,230,53,177
110900008,8,26,-18
110900009,451,217,234
110900010,12,45,-33
110900011,20,76,-56
110900012,40,59,-19
110900013,1232,100,1132
110900014,257,10,247
110900015,339,755,-416
110900016,66,75,-9
110900017,495,35,460
110900018,488,49,439
110900019,324,18,306
110900020,135,151,-16
110900021,99,368,-269
110900022,66,197,-131
110900023,145,458,-313
110900024,15,177,-162
110900025,12,30,-18
110900027,38,201,-163
110900028,63,101,-38
110900029,16,163,-147
110900030,43,143,-100
110900031,0,157,-157
110900032,0,43,-43
110900033,44,157,-113
110900035,27,503,-476
110900036,126,19,107
110900037,116,17,99
110900038,721,152,569
110900039,18,268,-250
110900040,318,32,286
110900041,29,62,-33
110900042,134,32,102
110900043,5,51,-46
110900044,219,11,208
110900045,51,268,-217
110900046,5,132,-127
110900047,342,356,-14
110900049,111,86,25
110900050,28,4,24
110900051,37,153,-116
110900052,4,99,-95
110900053,110,35,75
110900054,42,92,-50
110900055,31,5,26
110900056,22,114,-92
110900057,2,92,-90
110900058,328,361,-33
110900059,455,311,144
110900060,505,131,374
110900061,12,46,-34
110900062,172,173,-1
110900063,37,126,-89
110900064,15,0,15
110900065,171,123,48
110900066,17,69,-52
110900067,463,659,-196
110900068,208,168,40
110900069,11,34,-23
110900070,103,44,59
110900071,219,942,-723
110900073,1,28,-27
110900074,487,83,404
110900075,466,53,413
110900077,1188,467,721
110900078,83,31,52
110900079,1496,1393,103
110900080,167,63,104
110900081,26,28,-2
110900082,168,59,109
110900083,159,48,111
110900084,89,59,30
110900085,77,195,-118
110900086,55,405,-350
110900087,369,63,306
110900088,10,4,6
110900090,54,57,-3
110900091,2,43,-41
110900093,285,110,175
110900095,85,46,39
110900097,23,18,5
110900098,24,55,-31
110900099,71,359,-288
110900100,0,14,-14
110900102,77,21,56
110900105,1460,187,1273
110900108,34,27,7
110900111,495,217,278
110900112,847,11,836
110900113,294,42,252
110900115,6,38,-32
110900116,1081,885,196
110900118,66,3627,-3561
110900119,1845,233,1612
110900120,45,52,-7
110900121,199,2,197
110900122,571,122,449
110900125,431,405,26
110900127,629,1393,-764
110900128,247,323,-76
110900129,328,981,-653
110900130,574,528,46
110900131,307,32,275
110900132,459,96,363
110900133,93,101,-8
110900135,83,201,-118
110900136,384,19,365
110900137,53,4,49
110900138,845,1194,-349
110900139,18,310,-292
110900140,53,4,49
110900141,9,319,-310
110900142,77,141,-64
110900143,245,70,175
110900144,6,422,-416
110900145,158,75,83
110900146,217,279,-62
110900147,76,340,-264
110900148,6,185,-179
110900149,1,46,-45
110900150,123,24,99
110900151,7,42,-35
110900152,31,97,-66
110900153,179,91,88
111000001,461,289,172
111000002,288,418,-130
111000003,1259,662,597
111000004,371,662,-291
111000005,1391,1310,81
111000006,776,1539,-763
111000007,4923,3242,1681
111000008,1639,3149,-1510
111000009,402,656,-254
111000010,1055,323,732
111000011,288,900,-612
111000012,387,416,-29
111000013,421,917,-496
111000014,1341,493,848
111000017,118,971,-853
111000018,200,298,-98
111000020,675,1683,-1008
111000021,65,97,-32
111000023,92,94,-2
111000025,4239,3968,271
111000029,68,105,-37
111000030,47,105,-58
111000031,2426,1128,1298
111000032,658,293,365
111000033,381,269,112
111000034,109,278,-169
111000037,1161,599,562
111000038,3088,1875,1213
111000039,2045,1819,226
111000040,1949,1686,263
111000041,1149,1255,-106
111000042,1982,1924,58
111000043,2071,3861,-1790
111000044,2018,1133,885
111000045,3137,2680,457
111000046,2220,1752,468
111000047,3190,4770,-1580
111000049,504,453,51
111000050,1042,933,109
111000051,549,773,-224
111000052,621,1211,-590
111000053,347,731,-384
111000054,365,661,-296
111000055,1176,1340,-164
111000056,209,405,-196
111000057,131,274,-143
111000058,536,81,455
111000059,766,295,471
111000060,4368,959,3409
111000061,765,325,440
111000062,1041,337,704
111000063,2152,1166,986
111000064,899,608,291
111000065,1414,1032,382
111000066,600,497,103
111000067,630,425,205
111000068,729,775,-46
111000069,1529,1784,-255
111000070,739,586,153
111000071,134,381,-247
111000072,1211,417,794
111000073,295,925,-630
111000074,1673,1531,142
111000075,972,488,484
111000076,610,639,-29
111000077,1747,1451,296
111000078,2854,1201,1653
111000079,1094,611,483
111000080,515,538,-23
111000081,1406,4350,-2944
111000082,729,440,289
111000084,871,473,398
111000085,898,988,-90
111000086,2880,783,2097
111000087,755,426,329
111000088,6222,2683,3539
111000089,735,668,67
111000090,795,1203,-408
111000091,836,322,514
111000092,1631,628,1003
111000093,1002,1015,-13
111000094,1863,929,934
111000095,594,2118,-1524
111000096,1175,8119,-6944
111000097,3444,1278,2166
111000098,611,806,-195
111000099,551,1193,-642
111000100,414,847,-433
111000101,375,619,-244
111000102,343,464,-121
111000104,865,158,707
111000107,143,689,-546
111000109,1080,248,832
111000110,1795,622,1173
111000111,3132,410,2722
111000112,2275,562,1713
111000113,912,1713,-801
111000114,1638,3636,-1998
111000115,4079,1129,2950
111000116,985,807,178
111000117,345,778,-433
111000118,1301,614,687
111000119,1298,740,558
111000120,544,561,-17
111000121,325,633,-308
111000122,560,888,-328
111000123,1082,1703,-621
111000124,532,1511,-979
111000125,271,811,-540
111000126,132,589,-457
111000127,1162,130,1032
111000128,2342,255,2087
111000129,3367,404,2963
111000130,2578,481,2097
111000131,2431,509,1922
111000132,2134,1036,1098
111000133,178,77,101
111000134,147,66,81
111000135,82,185,-103
111000136,420,277,143
111000138,28,2,26
111000140,1,4,-3
111000141,201,412,-211
111000142,30,331,-301
111000143,7,381,-374
111000144,66,2071,-2005
111000145,405,33,372
111000146,106,17,89
111000147,183,27,156
111000148,130,134,-4
111000149,6,19,-13
111000150,34,9,25
111000151,3,12,-9
111000153,580,750,-170
111000154,538,232,306
111000155,143,207,-64
111000156,680,662,18
111000157,255,1132,-877
111000158,1133,896,237
111000159,4465,846,3619
111000160,642,388,254
111000161,19,508,-489
111000162,43,141,-98
111000163,849,707,142
111000164,489,2716,-2227
111000165,770,435,335
111000166,1217,303,914
111000167,128,321,-193
111000168,256,338,-82
111000169,317,518,-201
111000170,366,259,107
111000171,407,342,65
111000172,194,249,-55
111000173,331,461,-130
111000174,219,165,54
111000175,40,489,-449
111000176,466,79,387
111000177,556,123,433
111000178,1890,160,1730
111000179,257,106,151
111000180,341,463,-122
111000181,1604,162,1442
111000182,267,146,121
111000183,390,241,149
111000184,374,237,137
111000185,367,222,145
111000186,374,154,220
111000187,157,98,59
111000188,335,282,53
111000189,629,470,159
111000190,173,224,-51
111000191,161,165,-4
111000192,284,277,7
111000193,241,167,74
111000194,66,218,-152
111000195,152,271,-119
111000196,89,98,-9
111000197,462,74,388
111000198,699,73,626
111000199,315,128,187
111000200,506,218,288
111000201,782,145,637
111000202,292,140,152
111000203,417,260,157
111000204,381,1012,-631
111000213,220,424,-204
111000214,1390,1010,380
111000215,1071,951,120
111000217,1739,876,863
111000218,1349,1021,328
111000219,339,176,163
111000220,917,716,201
111000221,414,114,300
111000224,0,157,-157
111000225,214,72,142
111000226,81,3,78
111000227,28,5,23
111000228,30,524,-494
111000229,94,1184,-1090
111000230,251,228,23
111000231,1095,371,724
111000232,680,588,92
111000233,1497,495,1002
111000234,166,459,-293
111000239,75,117,-42
111000240,80,205,-125
111000241,37,183,-146
111000242,264,67,197
111000243,152,295,-143
111000244,641,55,586
111000245,1077,215,862
111000246,712,194,518
111000247,453,435,18
111000248,793,298,495
111000249,452,348,104
111000250,100,79,21
111000251,76,74,2
111000253,24,20,4
111000255,44,15,29
111000257,36,18,18
111000260,74,1027,-953
111000261,1541,64,1477
111000271,51,184,-133
111000273,2498,1001,1497
111000274,1336,2200,-864
111000275,154,31,123
111000276,310,1024,-714
111000277,207,271,-64
111000278,619,219,400
111000291,939,8270,-7331
111000298,670,167,503
111000299,807,193,614
111000300,125,436,-311
111000302,383,65,318
111000303,41,133,-92
111000312,65,58,7
111000315,0,45,-45
111000320,222,505,-283
111000321,457,125,332
111000322,328,274,54
111000323,343,24,319
111000324,406,143,263
111000325,56,63,-7
111000326,227,201,26
111000327,419,214,205
111000328,289,436,-147
111000329,0,16,-16
111000330,80,3,77
111000331,21,3,18
111000332,551,1121,-570
111000334,298,784,-486
111000335,1156,192,964
111000337,1613,251,1362
111000338,55,52,3
111000339,847,148,699
111000340,113,304,-191
111000341,1134,592,542
111000342,171,1526,-1355
111000344,1314,603,711
111000345,180,158,22
111000346,28,312,-284
111000347,175,9,166
111000350,161,87,74
111000351,107,286,-179
111000352,213,104,109
111000353,172,213,-41
111000354,653,115,538
111000355,328,462,-134
111000358,173,499,-326
111000360,216,298,-82
111000361,185,130,55
111000546,935,381,554
111000547,510,211,299
111000548,178,291,-113
111000549,403,158,245
111000550,51,842,-791
111000551,583,143,440
111000552,736,237,499
111000907,340,10,330
111000908,26,1,25
111000916,2230,169,2061
111000917,44,376,-332
111000918,271,323,-52
111000920,553,18,535
111000921,17,94,-77
111000922,625,187,438
111000924,47,358,-311
111000925,2942,1918,1024
111000926,1013,979,34
111000927,2819,4357,-1538
111000928,3878,2211,1667
111000929,1927,1283,644
111000930,825,1460,-635
111000931,2426,2780,-354
111000932,3466,1687,1779
111000933,3407,2797,610
111000934,1476,2642,-1166
111000935,1939,967,972
111000936,1061,1550,-489
111000937,1483,1312,171
111000938,1266,960,306
111000939,879,61,818
111000940,652,62,590
111000941,501,256,245
111000943,670,266,404
111000944,151,159,-8
111000945,104,914,-810
111001109,592,592,0
111001110,163,311,-148
111001111,86,2,84
111001112,106,5,101
111001113,2,149,-147
111001114,616,114,502
111001115,16,603,-587
111001116,2888,4699,-1811
111001117,453,2601,-2148
111001120,94,186,-92
111001121,128,122,6
111001122,215,213,2
111001123,226,45,181
111900001,44,93,-49
111900002,43,338,-295
111900003,7,220,-213
111900004,20,79,-59
111900006,24,45,-21
111900007,170,4,166
111900008,367,6,361
111900009,245,89,156
111900010,275,317,-42
111900012,74,82,-8
111900013,23,38,-15
111900014,2624,5065,-2441
111900015,0,42,-42
111900016,0,57,-57
111900017,0,65,-65
111900018,176,2,174
111900019,7,129,-122
111900020,2,42,-40
111900021,21,77,-56
111900022,12,42,-30
111900023,54,52,2
111900024,0,69,-69
111900025,0,37,-37
111900026,0,22,-22
111900027,1,60,-59
111900028,41,188,-147
111900029,3,42,-39
111900030,29,264,-235
111900031,71,33,38
111900032,0,167,-167
111900033,5,54,-49
111900034,191,308,-117
111900035,79,106,-27
111900036,0,126,-126
111900038,215,491,-276
111900039,34,233,-199
111900040,1,218,-217
111900042,10,82,-72
111900043,4,197,-193
111900044,241,148,93
111900046,14,83,-69
111900048,314,317,-3
111900049,23,143,-120
111900050,105,48,57
111900051,3,176,-173
111900052,212,299,-87
111900053,577,2410,-1833
111900054,202,2,200
111900055,19,197,-178
111900056,120,421,-301
111900057,175,24,151
111900058,632,323,309
111900059,1273,793,480
111900060,448,2,446
111900061,15,130,-115
111900062,58,80,-22
111900063,326,276,50
111900064,81,103,-22
111900065,161,28,133
111900066,183,138,45
111900067,56,281,-225
111900068,61,48,13
111900069,85,29,56
111900070,151,85,66
111900071,4,207,-203
111900072,52,20,32
111900073,1324,192,1132
111900074,33,125,-92
111900075,83,1,82
111900076,289,64,225
111900077,47,4,43
111900078,417,29,388
111900079,67,25,42
111900080,202,271,-69
111900081,535,227,308
111900082,228,35,193
111900083,214,22,192
111900084,154,1,153
111900085,51,168,-117
111900086,90,9,81
111900087,98,2,96
111900088,771,19,752
111900089,115,7,108
111900090,48,61,-13
111900091,306,4,302
111900092,176,0,176
111900093,467,6,461
111900094,182,1,181
111900095,377,60,317
111900096,242,4,238
111900097,67,0,67
111900098,358,2,356
111900099,96,1,95
111900100,189,2,187
111900101,152,24,128
111900102,812,232,580
111900103,74,111,-37
111900104,143,65,78
111900105,296,217,79
111900106,806,53,753
111900107,103,103,0
111900108,127,278,-151
111900109,312,513,-201
111900110,1109,383,726
111900111,178,59,119
111900112,382,3802,-3420
111900113,170,94,76
111900114,106,113,-7
111900115,3,24,-21
111900118,345,95,250
111900119,365,208,157
111900122,147,123,24
111900123,17,32,-15
111900124,30,47,-17
111900125,675,57,618
111900126,331,5,326
111900127,1,341,-340
111900128,5,301,-296
111900129,414,32,382
111900130,299,65,234
111900131,637,2,635
111900132,15,563,-548
111900133,6,232,-226
111900134,12,139,-127
111900135,22,48,-26
111900136,63,142,-79
111900137,80,29,51
111900138,12,30,-18
111900139,27,71,-44
111900140,95,43,52
111900141,69,9,60
111900142,106,17,89
111900143,89,163,-74
111900144,0,39,-39
111900145,2,211,-209
111900146,1,134,-133
111900147,77,271,-194
111900148,19,405,-386
111900149,5,184,-179
111900150,15,101,-86
111900151,5,26,-21
111900152,78,107,-29
111900153,845,899,-54
111900154,16,459,-443
111900155,57,113,-56
111900156,80,83,-3
111900157,242,32,210
111900158,666,94,572
111900159,360,35,325
111900160,470,3,467
111900161,356,0,356
111900162,107,179,-72
111900163,40,184,-144
111900164,86,116,-30
111901113,661,82,579
111901114,321,242,79
111901115,122,7,115
111901116,68,2,66
111901117,43,48,-5
111901118,42,391,-349
111901119,415,64,351
111901120,92,96,-4
111901121,115,122,-7
111901122,2,310,-308
111901123,342,173,169
111901124,346,3,343
111901125,510,165,345
111901126,216,86,130
111901127,319,919,-600
111901128,16,54,-38
111901129,3,82,-79
111901130,3,101,-98
111901131,10,179,-169
111901132,93,25,68
111901133,58,3,55
111901134,113,5,108
111901135,45,6,39
111901136,64,59,5
111901137,1,32,-31
111901138,160,30,130
111901139,21,20,1
111901140,2,66,-64
111901141,6,99,-93
111901142,3,64,-61
111901143,1,78,-77
111901144,55,60,-5
111901145,43,240,-197
112000001,2193,733,1460
112000002,634,1763,-1129
112000003,2381,1020,1361
112000004,802,516,286
112000005,4530,4006,524
112000006,1730,1179,551
112000007,4715,2851,1864
112000008,2775,4077,-1302
112000009,2447,1883,564
112000010,3748,4632,-884
112000011,1357,1289,68
112000012,5052,6312,-1260
112000013,3106,3964,-858
112000014,2330,3367,-1037
112000015,3225,4185,-960
112000016,4587,3198,1389
112000017,1661,5376,-3715
112000024,2234,743,1491
112000026,2136,2466,-330
112000027,857,764,93
112000028,831,1015,-184
112000029,833,954,-121
112000030,157,66,91
112000031,1608,5740,-4132
112000032,254,41,213
112000033,1834,3459,-1625
112000034,223,64,159
112000035,108,613,-505
112000036,566,1689,-1123
112000037,1135,1211,-76
112000038,1379,1933,-554
112000039,93,83,10
112000040,54,175,-121
112000041,389,422,-33
112000042,943,383,560
112000050,1349,1315,34
112000051,1363,1786,-423
112000054,1478,1381,97
112000057,684,428,256
112000058,369,622,-253
112000059,534,718,-184
112000061,2925,1422,1503
112000062,1101,1477,-376
112000063,607,2435,-1828
112000064,3083,4157,-1074
112000065,1246,1720,-474
112000066,3673,1768,1905
112000067,650,567,83
112000068,3458,2844,614
112000069,560,1581,-1021
112000070,2746,1050,1696
112000071,1029,2020,-991
112000072,3111,916,2195
112000073,1717,1919,-202
112000074,1597,1174,423
112000075,1594,1260,334
112000076,3300,2058,1242
112000077,926,390,536
112000078,2115,622,1493
112000079,1911,1152,759
112000080,1013,740,273
112000081,1466,2276,-810
112000082,1448,739,709
112000083,659,997,-338
112000084,1413,631,782
112000085,1425,1038,387
112000086,1887,1061,826
112000087,700,343,357
112000088,935,369,566
112000089,584,485,99
112000090,315,277,38
112000091,511,652,-141
112000092,2307,928,1379
112000093,1362,623,739
112000094,747,692,55
112000095,641,682,-41
112000096,670,490,180
112000097,1825,693,1132
112000098,810,551,259
112000099,967,1857,-890
112000100,2625,757,1868
112000101,593,541,52
112000102,2087,378,1709
112000103,428,594,-166
112000105,501,810,-309
112000106,2138,350,1788
112000107,33,205,-172
112000108,318,1625,-1307
112000109,84,64,20
112000110,2125,476,1649
112000111,883,8241,-7358
112000112,4803,1004,3799
112000113,933,1829,-896
112000114,2825,1102,1723
112000115,397,323,74
112000116,727,724,3
112000117,1029,733,296
112000118,949,636,313
112000119,470,513,-43
112000120,76,281,-205
112000121,161,264,-103
112000122,396,125,271
112000123,907,155,752
112000124,465,85,380
112000125,278,242,36
112000126,418,264,154
112000127,2072,2822,-750
112000128,760,902,-142
112000129,139,93,46
112000130,219,75,144
112000131,53,175,-122
112000132,214,178,36
112000133,553,141,412
112000134,468,227,241
112000135,1403,880,523
112000136,897,1867,-970
112000137,2300,4848,-2548
112000138,2058,2314,-256
112000139,829,792,37
112000140,572,857,-285
112000141,1190,372,818
112000142,153,357,-204
112000143,1257,163,1094
112000144,233,683,-450
112000145,3013,534,2479
112000146,531,1090,-559
112000147,2875,1580,1295
112000148,1224,1915,-691
112000149,583,390,193
112000150,237,373,-136
112000151,289,226,63
112000152,526,266,260
112000153,143,167,-24
112000154,110,240,-130
112000155,165,132,33
112000157,759,589,170
112000158,311,291,20
112000159,775,290,485
112000167,546,125,421
112000169,404,383,21
112000173,1046,203,843
112000175,417,366,51
112000176,1574,1819,-245
112000177,1073,301,772
112000178,111,228,-117
112000179,319,98,221
112000180,318,256,62
112000181,1361,1290,71
112000182,1718,846,872
112000183,23,36,-13
112000184,422,225,197
112000185,655,306,349
112000187,5121,3100,2021
112000195,221,21,200
112000196,363,6,357
112000197,217,287,-70
112000198,147,495,-348
112000199,482,794,-312
112000202,511,3,508
112000216,81,231,-150
112000230,147,6,141
112000231,3,153,-150
112000256,76,270,-194
112000313,65,102,-37
112000314,96,33,63
112000337,204,497,-293
112000352,216,414,-198
112000392,1351,1210,141
112000398,1865,793,1072
112000399,1759,2822,-1063
112000400,1834,1552,282
112000401,2454,1495,959
112000402,4286,4128,158
112000403,2088,3688,-1600
112000404,1373,1021,352
112000405,2900,3151,-251
112000406,2657,1510,1147
112000407,9603,8846,757
112000408,6858,3847,3011
112000409,1610,2721,-1111
112000410,601,400,201
112000411,3627,2122,1505
112000412,1282,507,775
112000413,5362,7863,-2501
112000414,79,39,40
112000415,128,27,101
112000416,3312,1224,2088
112000417,300,88,212
112000421,66,60,6
112000422,338,171,167
112000424,1570,3377,-1807
112000425,422,396,26
112000426,210,272,-62
112000427,0,16,-16
112000428,296,295,1
112000429,2182,1808,374
112000430,2790,2880,-90
112000431,84,150,-66
112000432,614,597,17
112000433,328,683,-355
112000437,66,104,-38
112900001,114,2,112
112900002,646,569,77
112900003,79,246,-167
112900004,75,141,-66
112900005,274,125,149
112900006,22,223,-201
112900007,81,197,-116
112900008,4,127,-123
112900009,397,171,226
112900010,439,580,-141
112900011,84,188,-104
112900012,0,24,-24
112900013,5,214,-209
112900014,3,169,-166
112900015,285,557,-272
112900016,4,158,-154
112900017,97,148,-51
112900018,2,140,-138
112900019,30,133,-103
112900020,364,900,-536
112900021,5,145,-140
112900022,24,57,-33
112900023,1,76,-75
112900024,19,127,-108
112900025,104,275,-171
112900026,11,114,-103
112900027,7,475,-468
112900028,34,111,-77
112900029,30,345,-315
112900030,58,86,-28
112900031,4,266,-262
112900032,246,207,39
112900034,0,33,-33
112900035,6,253,-247
112900036,47,138,-91
112900037,168,225,-57
112900038,990,123,867
112900039,9,190,-181
112900040,11,2862,-2851
112900041,542,1140,-598
112900042,176,176,0
112900043,102,78,24
112900044,412,400,12
112900045,195,234,-39
112900046,151,69,82
112900047,7,68,-61
112900049,384,61,323
112900050,28,413,-385
112900051,283,364,-81
112900052,21,469,-448
112900053,240,300,-60
112900054,567,96,471
112900055,116,54,62
112900056,446,243,203
112900057,21,302,-281
112900058,319,388,-69
112900059,139,240,-101
112900060,46,86,-40
112900061,161,79,82
112900062,72,124,-52
112900063,61,24,37
112900064,112,203,-91
112900065,46,38,8
112900066,327,228,99
112900067,231,107,124
112900068,71,62,9
112900069,2677,1021,1656
112900071,52,9,43
112900072,461,2804,-2343
112900073,490,159,331
112900074,138,306,-168
112900075,1571,1104,467
112900076,94,33,61
112900078,401,494,-93
112900079,291,20,271
112900080,89,5,84
112900081,56,263,-207
112900082,710,46,664
112900083,176,156,20
112900084,254,142,112
112900085,1,2,-1
112900086,96,0,96
112900087,994,172,822
112900088,216,28,188
112900089,1183,54,1129
112900090,109,59,50
112900091,292,9,283
112900092,110,425,-315
112900093,1531,31,1500
112900094,90,1,89
112900095,69,1,68
112900096,692,219,473
112900097,99,224,-125
112900098,472,19,453
112900099,1093,43,1050
112900100,119,3,116
112900101,552,3,549
112900102,299,19,280
112900103,195,4,191
112900104,35,2,33
112900105,24,1,23
112900106,384,128,256
112900107,6,0,6
112900108,16,2,14
112900109,176,0,176
112900110,1681,29,1652
112900111,784,5,779
112900112,368,5,363
112900113,0,15,-15
112900114,164,25,139
112900115,1940,6,1934
112900116,172,22,150
112900117,56,53,3
112900118,17,72,-55
112900119,185,2,183
112900120,726,361,365
112900121,52,151,-99
112900122,15,50,-35
112900123,226,25,201
112900124,13,55,-42
112900125,67,484,-417
112900126,152,135,17
112900127,390,75,315
112900128,167,633,-466
112900129,3,481,-478
112900130,242,100,142
112900131,37,682,-645
112900132,108,504,-396
112900133,28,1309,-1281
112900134,1,217,-216
112900135,91,47,44
112900136,0,16,-16
112900137,3,310,-307
112900138,10,129,-119
112900139,148,931,-783
112900140,1,33,-32
112900141,1054,57,997
112900142,94,248,-154
112900143,17,323,-306
112900144,0,124,-124
112900145,24,355,-331
112900146,8,614,-606
112900147,1,800,-799
112900148,71,2,69
112900149,311,403,-92
112900151,14,71,-57
112900152,3321,603,2718
112900153,1314,2833,-1519
112900154,1,80,-79
112900155,254,80,174
112900156,472,746,-274
112900157,359,6,353
112900158,120,20,100
112900159,292,151,141
112900160,65,192,-127
112900161,189,60,129
112900162,27,20,7
112900163,118,66,52
112900164,30,145,-115
112900165,86,27,59
112900166,36,123,-87
112900167,3,148,-145
112900168,17,4,13
112900169,12,30,-18
112900170,387,209,178
112900172,68,29,39
112900173,193,92,101
112900174,324,34,290
112900175,99,209,-110
112900176,18,66,-48
112900177,193,67,126
112900178,758,2942,-2184
112900179,22,444,-422
112900180,2381,1465,916
112900181,793,10,783
112900182,63,578,-515
112900183,122,326,-204
112900184,412,470,-58
112900185,233,851,-618
112900186,1029,1392,-363
112900187,120,691,-571
112900188,688,2824,-2136
112900189,12,9,3
112900190,17,14,3
112900192,793,915,-122
112900193,1429,542,887
112900194,65,39,26
112900195,1352,69,1283
112900196,231,387,-156
112900197,187,294,-107
112900199,727,363,364
112900200,829,149,680
112900201,227,92,135
112900202,427,487,-60
112900203,322,196,126
112900204,742,543,199
112900205,25,38,-13
112900206,46,166,-120
112900207,38,0,38
112900208,94,340,-246
112900209,334,276,58
112900210,2,14,-12
112900211,111,42,69
112900212,1,72,-71
112900213,55,27,28
112900214,16,18,-2
112900215,35,91,-56
112900216,23,39,-16
112900217,8,55,-47
112900218,116,10,106
112900219,87,17,70
112900220,4,0,4
112900221,144,233,-89
112900222,0,36,-36
112900223,1270,40,1230
112900224,515,243,272
112900225,531,258,273
112900226,193,392,-199
112900227,857,576,281
112900228,101,30,71
112900229,332,19,313
112900230,7955,4306,3649
112900232,382,338,44
112900233,56,101,-45
112900234,36,44,-8
112900235,77,14,63
112900236,434,17,417
112900237,231,100,131
112900238,15,17,-2
112900239,204,348,-144
113000001,6952,5216,1736
113000002,3820,3264,556
113000003,2015,1644,371
113000004,1422,2392,-970
113000005,2068,1028,1040
113000006,1058,1374,-316
113000007,2552,987,1565
113000008,1866,1374,492
113000009,1457,618,839
113000010,1404,1025,379
113000011,757,1089,-332
113000012,2255,687,1568
113000013,2268,806,1462
113000014,1352,1510,-158
113000015,850,419,431
113000016,381,1193,-812
113000017,88,354,-266
113000018,973,55,918
113000019,343,261,82
113000020,449,64,385
113000021,1333,433,900
113000022,750,930,-180
113000025,196,417,-221
113000026,589,491,98
113000027,585,782,-197
113000028,875,912,-37
113000029,990,583,407
113000030,272,539,-267
113000031,136,347,-211
113000032,255,262,-7
113000033,272,408,-136
113000034,243,316,-73
113000035,48,52,-4
113000036,41,74,-33
113000037,79,41,38
113000038,24,79,-55
113000039,67,230,-163
113000040,65,101,-36
113000042,832,604,228
113000051,980,2166,-1186
113000052,1982,726,1256
113000053,498,313,185
113000054,521,665,-144
113000055,1390,445,945
113000056,1294,690,604
113000058,702,824,-122
113000059,1152,502,650
113000060,328,507,-179
113000061,550,743,-193
113000062,570,350,220
113000063,355,61,294
113000064,91,220,-129
113000065,161,448,-287
113000066,942,95,847
113000067,2941,816,2125
113000068,315,680,-365
113000069,539,635,-96
113000070,3141,895,2246
113000071,632,441,191
113000072,1058,437,621
113000073,383,1242,-859
113000074,1052,421,631
113000075,1701,838,863
113000076,560,2040,-1480
113000077,1004,941,63
113000078,622,2163,-1541
113000079,574,1088,-514
113000080,539,1092,-553
113000081,867,1080,-213
113000082,1335,1381,-46
113000083,557,855,-298
113000084,1703,1444,259
113000085,916,666,250
113000086,1028,1103,-75
113000087,1006,839,167
113000088,2440,1415,1025
113000089,896,1493,-597
113000090,312,746,-434
113000091,313,419,-106
113000094,1407,179,1228
113000095,229,486,-257
113000096,140,563,-423
113000097,1147,342,805
113000098,129,43,86
113000099,1316,408,908
113000100,93,325,-232
113000101,306,539,-233
113000102,689,505,184
113000103,1578,316,1262
113000104,614,2068,-1454
113000105,1053,427,626
113000106,387,406,-19
113000107,976,713,263
113000108,572,678,-106
113000109,605,1497,-892
113000110,2093,489,1604
113000111,143,611,-468
113000112,265,231,34
113000113,1084,284,800
113000114,313,1637,-1324
113000116,804,343,461
113000117,1743,113,1630
113000118,62,620,-558
113000119,364,523,-159
113000120,49,323,-274
113000121,753,2023,-1270
113000124,257,110,147
113000125,53,899,-846
113000127,1490,228,1262
113000128,639,435,204
113000129,517,806,-289
113000133,1485,1501,-16
113000134,2,1368,-1366
113000135,4358,5457,-1099
113000137,1391,3751,-2360
113000139,325,327,-2
113000140,100,225,-125
113000141,251,222,29
113000142,441,1346,-905
113000143,285,112,173
113000144,222,442,-220
113000145,130,136,-6
113000146,167,49,118
113000147,234,87,147
113000148,274,95,179
113000149,148,155,-7
113000150,594,265,329
113000151,55,53,2
113000152,47,147,-100
113000153,1089,537,552
113000154,777,1576,-799
113000155,384,770,-386
113000156,133,326,-193
113000157,249,631,-382
113000158,818,258,560
113000159,1086,605,481
113000160,582,754,-172
113000161,239,289,-50
113000162,957,308,649
113000163,140,43,97
113000164,13,65,-52
113000166,220,103,117
113000167,64,49,15
113000168,85,84,1
113000169,239,63,176
113000170,83,102,-19
113000171,32,83,-51
113000172,287,56,231
113000173,56,21,35
113000174,98,294,-196
113000175,417,88,329
113000176,528,139,389
113000177,195,335,-140
113000178,193,209,-16
113000179,352,193,159
113000180,749,1050,-301
113000181,1051,646,405
113000182,153,400,-247
113000183,88,562,-474
113000184,15,74,-59
113000189,291,800,-509
113000190,510,457,53
113000192,752,3139,-2387
113000193,2643,2146,497
113000194,999,995,4
113000195,1702,1593,109
113000196,231,61,170
113000197,1640,1546,94
113000198,75,226,-151
113000199,1694,532,1162
113000201,280,262,18
113000202,4069,1150,2919
113000203,107,161,-54
113000204,768,2538,-1770
113000205,29,30,-1
113000206,13,17,-4
113000207,98,11,87
113000208,46,44,2
113000209,16,25,-9
113000210,9,21,-12
113000211,96,203,-107
113000212,34,36,-2
113000213,26,163,-137
113000214,141,240,-99
113000234,167,518,-351
113000410,305,301,4
113000411,2235,4423,-2188
113000412,4179,2040,2139
113000413,1483,3062,-1579
113000414,3436,13264,-9828
113000415,2042,2373,-331
113000416,5207,3411,1796
113000417,2083,2469,-386
113000418,4889,4145,744
113000419,1871,2197,-326
113000420,4230,6619,-2389
113000421,4727,7663,-2936
113000422,11925,11174,751
113000423,1933,6104,-4171
113000424,3180,10249,-7069
113000425,10,93,-83
113000428,82,225,-143
113000430,7,1021,-1014
113000432,2332,158,2174
113000433,108,423,-315
113000434,18,87,-69
113000435,20,287,-267
113000436,32,679,-647
113000437,1365,11,1354
113000438,384,6,378
113000439,31,51,-20
113000440,170,27,143
113000441,208,113,95
113000442,118,73,45
113000443,286,70,216
113000444,243,74,169
113000445,85,51,34
113000446,27,67,-40
113000448,204,230,-26
113000449,101,590,-489
113000450,497,1830,-1333
113000451,1024,243,781
113000452,277,392,-115
113000453,36,385,-349
113000454,363,36,327
113000455,7,332,-325
113000456,3020,2521,499
113000468,1024,124,900
113000469,84,273,-189
113000470,322,9,313
113000471,11,321,-310
113000472,164,278,-114
113000474,813,597,216
113000475,1323,1550,-227
113000476,1775,1713,62
113000477,4154,1755,2399
113000478,3386,3607,-221
113000479,86,117,-31
113000480,129,328,-199
113000482,0,0,0
113000485,0,1,-1
113000486,11,0,11
113000487,1,0,1
113000488,1,0,1
113000489,0,1,-1
113000490,0,16,-16
113000491,26,11,15
113000492,17,2,15
113000493,0,0,0
113000495,85,84,1
113000496,72,47,25
113000497,0,0,0
113000499,0,1,-1
113000500,0,1,-1
113900001,2,335,-333
113900002,0,46,-46
113900003,3,49,-46
113900004,0,50,-50
113900005,0,74,-74
113900006,8,16,-8
113900007,41,16,25
113900008,5,0,5
113900009,47,0,47
113900010,73,0,73
113900011,85,0,85
113900012,32,0,32
113900013,110,3,107
113900014,558,8,550
113900015,0,42,-42
113900016,29,0,29
113900017,2,21,-19
113900018,334,329,5
113900019,243,70,173
113900020,139,1,138
113900022,82,0,82
113900023,28,0,28
113900024,30,33,-3
113900025,206,17,189
113900026,111,0,111
113900027,10,31,-21
113900028,24,285,-261
113900029,93,86,7
113900030,166,3,163
113900031,18,1,17
113900032,40,0,40
113900033,61,57,4
113900035,63,0,63
113900036,23,31,-8
113900037,144,287,-143
113900038,41,127,-86
113900039,157,29,128
113900040,14,27,-13
113900041,10,3,7
113900042,55,29,26
113900043,138,65,73
113900044,498,409,89
113900045,78,2,76
113900046,236,489,-253
113900047,58,104,-46
113900048,123,154,-31
113900049,304,421,-117
113900050,314,242,72
113900051,281,197,84
113900052,99,103,-4
113900053,686,699,-13
113900054,42,2,40
113900055,95,279,-184
113900056,57,150,-93
113900057,12,58,-46
113900058,102,67,35
113900059,282,205,77
113900060,110,140,-30
113900061,584,239,345
113900062,103,21,82
113900063,97,110,-13
113900064,32,82,-50
113900065,523,14,509
113900066,506,180,326
113900067,242,126,116
113900068,586,567,19
113900069,32,43,-11
113900070,147,288,-141
113900071,135,47,88
113900072,92,127,-35
113900073,323,287,36
113900074,172,329,-157
113900075,1075,1481,-406
113900076,197,24,173
113900077,55,101,-46
113900078,42,33,9
113900079,3,50,-47
113900080,639,188,451
113900081,76,105,-29
113900082,131,194,-63
113900083,477,178,299
113900084,259,123,136
113900085,57,180,-123
113900086,43,11,32
113900087,130,131,-1
113900088,54,83,-29
113900089,421,45,376
113900090,756,344,412
113900091,24,14,10
113900092,27,53,-26
113900093,77,889,-812
113900094,627,250,377
113900095,160,143,17
113900096,378,80,298
113900097,50,62,-12
113900098,715,126,589
113900099,3,30,-27
113900100,0,3,-3
113900101,18,86,-68
113900102,112,188,-76
113900103,384,283,101
113900104,155,183,-28
113900105,143,110,33
113900106,0,44,-44
113900107,0,15,-15
113900108,146,274,-128
113900109,374,196,178
113900110,106,31,75
113900111,232,77,155
113900112,219,58,161
113900113,1245,408,837
113900114,0,40,-40
113900115,0,40,-40
113900116,76,134,-58
113900117,61,26,35
113900118,218,567,-349
113900119,153,347,-194
113900120,97,43,54
113900121,71,59,12
113900122,473,2350,-1877
113900123,519,202,317
113900124,0,41,-41
113900125,575,98,477
113900126,138,36,102
113900127,336,764,-428
113900128,120,52,68
113900129,4,164,-160
113900130,11,297,-286
113900131,283,68,215
113900132,43,66,-23
113900133,22,64,-42
113900135,317,238,79
113900136,101,84,17
113900137,363,306,57
113900138,34,277,-243
113900139,173,213,-40
113900140,110,342,-232
113900141,620,153,467
113900142,179,74,105
113900143,16,73,-57
113900144,119,391,-272
113900145,349,106,243
113900146,221,54,167
113900148,112,363,-251
113900149,171,90,81
113900150,257,345,-88
113900151,515,127,388
113900152,73,70,3
113900153,148,738,-590
113900154,7,102,-95
113900155,159,256,-97
113900156,166,228,-62
113900157,58,318,-260
113900158,290,736,-446
113900159,17,249,-232
113900160,347,324,23
113900161,70,208,-138
113900162,318,1364,-1046
113900163,271,184,87
113900164,296,53,243
113900165,576,262,314
113900166,97,175,-78
113900167,335,36,299
113900168,49,78,-29
113900169,221,236,-15
113900171,264,67,197
113900172,12,92,-80
113900173,22,280,-258
113900174,485,420,65
113900175,392,152,240
113900176,316,327,-11
113900177,272,141,131
113900178,283,107,176
113900179,14,198,-184
113900180,149,72,77
113900181,931,154,777
113900182,681,635,46
113900183,74,45,29
113900184,1,331,-330
113900185,171,44,127
113900186,50,41,9
113900187,44,111,-67
113900188,45,188,-143
113900189,228,124,104
113900190,186,105,81
113900191,95,165,-70
113900192,9,727,-718
113900193,10,108,-98
113900194,1051,702,349
113900195,233,277,-44
113900196,3,183,-180
113900197,134,96,38
113900198,28,219,-191
113900199,92,470,-378
113900200,24,177,-153
113900201,0,63,-63
113900202,32,202,-170
113900203,0,37,-37
113900204,36,280,-244
113900205,7,125,-118
113900206,9,88,-79
113900207,0,60,-60
113900208,1,26,-25
113900209,1,36,-35
113900210,470,735,-265
113900211,290,67,223
113900212,175,289,-114
113900214,262,281,-19
113900215,44,90,-46
113900216,237,452,-215
113900217,112,147,-35
113900218,197,76,121
113900219,135,338,-203
113900220,128,148,-20
113900221,399,283,116
113900222,169,503,-334
113900223,284,449,-165
113900224,58,58,0
113900225,451,198,253
113900226,455,143,312
113900227,487,200,287
113900228,272,644,-372
113900229,47,1001,-954
113900230,2459,3695,-1236
113900231,144,105,39
113900232,141,78,63
113900233,119,60,59
113900234,386,409,-23
113900235,165,36,129
113900236,261,187,74
113900237,236,7,229
113900238,214,593,-379
113900239,57,127,-70
113900240,4,272,-268
113900241,112,59,53
113900242,25,175,-150
113900243,63,335,-272
113900244,171,181,-10
113900245,755,228,527
113900246,17,42,-25
113900247,115,581,-466
113900248,1681,2168,-487
113900249,761,538,223
113900250,35,201,-166
113900251,841,100,741
113900252,581,29,552
113900253,668,66,602
113900254,724,157,567
113900255,612,15,597
113900256,377,20,357
113900257,13,257,-244
113900258,16,242,-226
113900259,672,110,562
113900260,239,17,222
113900261,41,37,4
113900262,105,283,-178
113900263,90,402,-312
113900264,1,204,-203
113900265,117,244,-127
113900266,53,127,-74
113900267,73,505,-432
113900268,322,379,-57
113900269,47,159,-112
113900270,285,582,-297
113900271,572,564,8
113900273,75,14,61
113900274,205,25,180
113900275,20,77,-57
113900276,0,66,-66
113900277,165,2,163
113900278,229,149,80
113900279,69,62,7
113900280,1441,490,951
113900281,468,1410,-942
113900282,558,602,-44
113900283,425,527,-102
113900284,943,217,726
113900285,142,42,100
113900286,81,90,-9
113900287,105,46,59
113900288,2,178,-176
113900289,372,129,243
113900290,146,297,-151
113900291,109,125,-16
113900292,13,2,11
113900293,0,122,-122
113900294,514,10,504
113900295,337,287,50
113900296,1933,366,1567
113900297,2459,66,2393
113900298,21,1168,-1147
113900299,138,51,87
113900300,3116,3909,-793
113900301,583,471,112
113900302,1607,959,648
113900303,350,623,-273
113900304,1,77,-76
113900305,136,1,135
113900306,86,1,85
113900307,15,0,15
113900308,73,90,-17
113900309,0,362,-362
113900310,0,11,-11
113900311,9,1,8
113900312,171,195,-24
113900313,8,5,3
114000001,1151,1851,-700
114000002,313,194,119
114000003,59,195,-136
114000004,378,231,147
114000005,389,181,208
114000006,1834,1319,515
114000007,670,1072,-402
114000008,1303,1881,-578
114000009,1121,251,870
114000011,3070,1828,1242
114000012,2987,1269,1718
114000013,2056,1175,881
114000014,354,147,207
114000015,1914,243,1671
114000016,278,141,137
114000017,159,480,-321
114000018,137,26,111
114000026,2518,861,1657
114000027,4338,1776,2562
114000028,2423,2868,-445
114000038,315,106,209
114000039,83,32,51
114000040,155,228,-73
114000042,163,161,2
114000043,62,46,16
114000044,491,18,473
114000045,36,47,-11
114000046,2506,3335,-829
114000047,12,64,-52
114000048,100,31,69
114000049,1790,1216,574
114000050,2138,1451,687
114000051,3254,1753,1501
114000052,4380,1904,2476
114000053,139,638,-499
114000054,178,586,-408
114000055,282,52,230
114000056,425,1130,-705
114000057,3887,1916,1971
114000058,254,1573,-1319
114000059,113,402,-289
114000060,530,654,-124
114000061,2094,3200,-1106
114000062,1129,1942,-813
114000063,1380,1157,223
114000064,2738,3498,-760
114000065,1273,1698,-425
114000066,375,480,-105
114000067,30,1059,-1029
114000068,488,820,-332
114000069,1212,531,681
114000070,2317,1758,559
114000071,956,309,647
114000072,555,144,411
114000073,11,29,-18
114000074,67,17,50
114000075,58,36,22
114000076,23,50,-27
114000077,4,18,-14
114000078,319,327,-8
114000079,185,18,167
114000080,72,102,-30
114000081,110,73,37
114000082,50,296,-246
114000083,69,134,-65
114000084,359,92,267
114000085,104,297,-193
114000086,292,160,132
114000087,202,77,125
114000088,23,18,5
114000089,516,332,184
114000090,1074,962,112
114000091,1677,795,882
114000092,1067,414,653
114000093,1387,588,799
114000094,388,255,133
114000095,280,148,132
114000096,125,220,-95
114000097,114,232,-118
114000098,636,60,576
114000099,859,247,612
114000100,1884,503,1381
114000101,446,315,131
114000102,679,248,431
114000103,143,208,-65
114000104,50,162,-112
114000105,279,113,166
114000106,705,1602,-897
114000107,501,97,404
114000108,771,726,45
114000109,702,1277,-575
114000110,540,788,-248
114000111,2038,904,1134
114000112,464,1174,-710
114000113,1383,532,851
114000114,1023,871,152
114000115,2221,1243,978
114000116,1068,887,181
114000117,4018,497,3521
114000118,3143,497,2646
114000119,2286,458,1828
114000120,499,545,-46
114000121,353,614,-261
114000122,364,321,43
114000123,2308,294,2014
114000124,1254,242,1012
114000125,817,921,-104
114000126,2004,197,1807
114000127,381,171,210
114000128,898,268,630
114000130,440,409,31
114000131,326,112,214
114000132,670,299,371
114000133,1216,935,281
114000134,83,49,34
114000138,26,82,-56
114000139,458,323,135
114000144,851,533,318
114000145,78,93,-15
114000146,72,115,-43
114000147,1574,2322,-748
114000148,1350,1900,-550
114000149,371,326,45
114000150,343,518,-175
114000151,584,1638,-1054
114000152,147,39,108
114000153,662,1945,-1283
114000154,733,454,279
114000155,1494,2447,-953
114000156,921,601,320
114000157,264,909,-645
114000158,890,574,316
114000159,93,264,-171
114000160,85,317,-232
114000161,1203,3214,-2011
114000162,1184,3012,-1828
114000163,22,42,-20
114000165,806,323,483
114000166,914,530,384
114000167,2273,1300,973
114000168,542,510,32
114000169,1411,1789,-378
114000170,916,1052,-136
114000171,1591,2919,-1328
114000174,162,328,-166
114000176,411,407,4
114000177,1103,635,468
114000178,67,38,29
114000179,1080,656,424
114000180,301,533,-232
114000181,1921,4499,-2578
114000182,1758,1892,-134
114000183,605,583,22
114000184,422,621,-199
114000185,1249,735,514
114000189,1388,137,1251
114000190,3639,521,3118
114000191,61,190,-129
114000192,131,851,-720
114000193,455,1317,-862
114000194,1290,653,637
114000195,237,47,190
114000196,4,104,-100
114000197,1685,22,1663
114000198,674,327,347
114000199,1540,1712,-172
114000200,553,990,-437
114000201,163,552,-389
114000202,1112,402,710
114000203,563,399,164
114000204,174,305,-131
114000205,197,1020,-823
114000206,629,1033,-404
114000207,448,1118,-670
114000208,441,1464,-1023
114000209,393,1239,-846
114000210,174,743,-569
114000211,1260,1300,-40
114000212,1157,872,285
114000213,1604,466,1138
114000214,69,142,-73
114000215,183,44,139
114000216,1414,301,1113
114000217,452,198,254
114000218,194,175,19
114000219,1377,161,1216
114000220,28,451,-423
114000221,922,167,755
114000222,126,567,-441
114000223,608,149,459
114000224,66,465,-399
114000225,250,398,-148
114000226,255,226,29
114000227,1022,446,576
114000228,917,503,414
114000229,1284,898,386
114000230,1570,846,724
114000231,1107,1131,-24
114000232,830,176,654
114000233,2414,151,2263
114000234,1224,667,557
114000235,1091,1001,90
114000236,2,342,-340
114000237,114,573,-459
114000238,165,191,-26
114000239,181,742,-561
114000240,869,752,117
114000241,277,626,-349
114000242,668,585,83
114000243,1873,855,1018
114000244,696,275,421
114000245,446,560,-114
114000246,107,47,60
114000247,948,549,399
114000248,1418,495,923
114000249,714,453,261
114000250,633,501,132
114000251,466,157,309
114000252,35,30,5
114000253,57,121,-64
114000254,79,43,36
114000255,427,192,235
114000256,623,2455,-1832
114000257,343,801,-458
114000258,390,203,187
114000259,121,163,-42
114000260,0,27,-27
114000261,69,45,24
114000262,380,62,318
114000263,3,1,2
114000264,1526,313,1213
114000265,0,0,0
114000267,4,1335,-1331
114000268,0,783,-783
114000270,224,1,223
114000271,339,38,301
114000283,1388,318,1070
114000285,22,112,-90
114000288,97,224,-127
114000289,1818,117,1701
114000293,233,466,-233
114000294,190,290,-100
114000395,1223,17,1206
114000396,743,621,122
114000402,834,232,602
114000403,372,208,164
114000405,190,195,-5
114000423,385,264,121
114000424,655,142,513
114000425,1013,215,798
114000426,268,803,-535
114000427,72,70,2
114000428,158,221,-63
114000429,15,119,-104
114000432,74,52,22
114000434,25,52,-27
114000435,19,93,-74
114000436,1346,486,860
114000437,425,4454,-4029
114900001,706,459,247
114900002,667,191,476
114900003,878,702,176
114900004,234,381,-147
114900005,571,411,160
114900006,130,80,50
114900007,310,28,282
114900008,243,69,174
114900010,1110,1694,-584
114900011,309,129,180
114900013,315,162,153
114900015,72,544,-472
114900018,1109,10,1099
114900020,194,83,111
114900022,0,447,-447
114900024,311,130,181
114900025,631,121,510
114900026,64,145,-81
114900027,250,121,129
114900029,30,20,10
114900030,445,182,263
114900031,484,32,452
114900032,562,26,536
114900033,576,1271,-695
114900034,45,95,-50
114900035,127,275,-148
114900036,193,340,-147
114900037,144,99,45
114900038,175,305,-130
114900039,562,226,336
114900040,89,62,27
114900041,987,242,745
114900042,1110,333,777
114900043,441,194,247
114900044,200,51,149
114900046,45,94,-49
114900047,232,2486,-2254
114900048,106,204,-98
114900049,13,138,-125
114900050,54,161,-107
114900051,25,252,-227
114900052,127,285,-158
114900053,115,218,-103
114900054,30,83,-53
114900057,222,16,206
114900058,1,60,-59
114900059,124,69,55
114900060,512,804,-292
114900061,146,71,75
114900062,225,255,-30
114900063,95,101,-6
114900064,2076,277,1799
114900065,467,628,-161
114900067,44,308,-264
114900068,62,122,-60
114900069,171,79,92
114900070,650,199,451
114900072,5,254,-249
114900073,1,122,-121
114900074,955,304,651
114900075,473,5,468
114900076,7,284,-277
114900080,1079,241,838
114900082,2219,2620,-401
114900083,784,1102,-318
114900090,444,220,224
114900091,76,186,-110
114900095,204,91,113
114900096,456,515,-59
114900097,165,0,165
114900098,3,147,-144
114900099,300,8,292
115000001,4007,2328,1679
115000002,4333,4956,-623
115000003,4149,1884,2265
115000004,5429,6231,-802
115000005,1472,1677,-205
115000006,1237,1473,-236
115000007,147,210,-63
115000008,363,432,-69
115000009,242,184,58
115000010,275,189,86
115000013,67,192,-125
115000015,33,341,-308
115000016,196,366,-170
115000019,50,468,-418
115000020,110,953,-843
115000021,230,395,-165
115000022,511,412,99
115000023,355,737,-382
115000024,872,407,465
115000025,793,813,-20
115000026,166,271,-105
115000027,323,356,-33
115000028,271,628,-357
115000029,717,94,623
115000030,1027,989,38
115000031,1518,420,1098
115000032,14,221,-207
115000033,208,37,171
115000034,54,1018,-964
115000035,1254,96,1158
115000036,1,412,-411
115000037,821,18,803
115000038,44,163,-119
115000039,2691,3770,-1079
115000040,3247,2279,968
115000041,1342,3544,-2202
115000042,712,519,193
115000043,4187,2470,1717
115000044,3742,2749,993
115000045,2537,1103,1434
115000046,2717,2133,584
115000047,2618,1116,1502
115000048,1690,1465,225
115000049,1696,2513,-817
115000050,3515,1542,1973
115000051,1471,3189,-1718
115000052,1340,1462,-122
115000053,1897,1965,-68
115000054,512,835,-323
115000055,170,637,-467
115000056,183,547,-364
115000057,650,1030,-380
115000058,521,403,118
115000059,247,149,98
115000061,114,174,-60
115000062,219,193,26
115000063,446,250,196
115000064,271,84,187
115000065,87,580,-493
115000067,192,21,171
115000069,92,278,-186
115000070,44,883,-839
115000071,89,21,68
115000072,13,75,-62
115000073,1566,98,1468
115000075,136,83,53
115000076,2534,1975,559
115000077,2080,1273,807
115000078,1364,883,481
115000079,1535,1087,448
115000080,2673,1390,1283
115000081,459,656,-197
115000082,4484,3367,1117
115000083,2126,1244,882
115000084,2839,893,1946
115000085,852,639,213
115000086,1180,552,628
115000087,407,1173,-766
115000088,1931,536,1395
115000089,1267,1025,242
115000090,445,812,-367
115000091,236,565,-329
115000092,735,374,361
115000093,554,2,552
115000094,4951,6008,-1057
115000095,3358,6447,-3089
115000096,788,892,-104
115000097,1256,947,309
115000098,1493,543,950
115000099,2923,1671,1252
115000100,1358,323,1035
115000101,446,1058,-612
115000102,536,223,313
115000103,240,468,-228
115000105,70,107,-37
115000106,663,278,385
115000107,177,277,-100
115000108,2374,1942,432
115000109,3390,5238,-1848
115000110,1435,2188,-753
115000111,699,1364,-665
115000112,1029,985,44
115000113,767,900,-133
115000114,1686,622,1064
115000116,3480,2341,1139
115000117,2911,2797,114
115000118,2789,1734,1055
115000119,1970,2016,-46
115000120,633,1561,-928
115000121,883,908,-25
115000122,1592,1961,-369
115000123,1010,2953,-1943
115000124,694,1059,-365
115000125,398,656,-258
115000126,144,342,-198
115000127,275,118,157
115000128,265,721,-456
115000129,298,436,-138
115000130,460,444,16
115000131,959,237,722
115000132,343,239,104
115000133,689,196,493
115000134,423,163,260
115000135,310,155,155
115000136,349,218,131
115000137,119,135,-16
115000138,414,269,145
115000139,260,163,97
115000140,378,137,241
115000141,215,159,56
115000142,173,173,0
115000143,1035,554,481
115000144,504,54,450
115000145,291,191,100
115000146,547,308,239
115000147,307,246,61
115000148,279,581,-302
115000149,723,252,471
115000150,648,433,215
115000151,1446,425,1021
115000152,689,572,117
115000153,1419,476,943
115000154,1069,234,835
115000155,669,640,29
115000156,1104,736,368
115000157,594,667,-73
115000158,523,417,106
115000159,528,771,-243
115000160,488,674,-186
115000161,564,358,206
115000162,564,845,-281
115000163,473,601,-128
115000164,725,583,142
115000165,326,508,-182
115000167,110,46,64
115000168,426,339,87
115000169,405,396,9
115000170,94,112,-18
115000171,225,244,-19
115000172,723,639,84
115000173,406,862,-456
115000174,189,418,-229
115000175,271,238,33
115000176,168,222,-54
115000177,225,242,-17
115000178,32,193,-161
115000179,67,49,18
115000180,143,335,-192
115000181,815,116,699
115000182,1055,225,830
115000183,464,443,21
115000186,709,194,515
115000187,257,580,-323
115000188,422,514,-92
115000189,258,494,-236
115000190,632,508,124
115000191,141,607,-466
115000194,165,165,0
115000195,221,253,-32
115000196,234,83,151
115000197,216,164,52
115000198,443,161,282
115000199,549,116,433
115000200,437,83,354
115000201,161,229,-68
115000206,507,50,457
115000207,216,218,-2
115000208,244,455,-211
115000209,639,390,249
115000210,241,138,103
115000211,220,204,16
115000212,1152,324,828
115000224,347,78,269
115000225,57,73,-16
115000229,153,121,32
115000230,122,288,-166
115000231,258,786,-528
115000232,1966,286,1680
115000233,137,140,-3
115000234,48,279,-231
115000241,135,142,-7
115000242,112,140,-28
115000243,41,131,-90
115000244,13,99,-86
115000246,23,19,4
115000247,15,25,-10
115000248,30,19,11
115000249,18,17,1
115000250,294,41,253
115000251,250,65,185
115000252,113,169,-56
115000253,20,384,-364
115000258,338,92,246
115000259,310,106,204
115000261,25,14,11
115000262,14,28,-14
115000263,16,30,-14
115000264,37,22,15
115000267,87,73,14
115000268,42,87,-45
115000269,112,66,46
115000270,19,22,-3
115000272,60,97,-37
115000273,525,35,490
115000280,1858,395,1463
115000281,288,1020,-732
115000282,889,1231,-342
115000284,176,155,21
115000296,845,8,837
115000297,191,247,-56
115000298,54,612,-558
115000300,320,158,162
115000302,593,100,493
115000303,875,61,814
115000304,1112,48,1064
115000305,150,380,-230
115000306,278,172,106
115000307,122,111,11
115000308,18,25,-7
115000309,22,47,-25
115000310,1272,498,774
115000311,1148,906,242
115000313,89,290,-201
115000314,666,162,504
115000315,461,539,-78
115000316,66,158,-92
115000317,179,304,-125
115000318,772,344,428
115000319,88,220,-132
115000320,19,425,-406
115000321,384,23,361
115000322,42,170,-128
115000449,195,148,47
115000557,23,1552,-1529
115000558,323,104,219
115000587,676,272,404
115000588,1857,2002,-145
115000589,3657,1992,1665
115000590,1213,1237,-24
115000591,1668,700,968
115000592,569,1734,-1165
115000593,1393,600,793
115000594,574,2483,-1909
115000609,144,114,30
115000617,886,3808,-2922
115000624,369,36,333
115000633,533,1826,-1293
115000634,2810,944,1866
115000635,696,98,598
115000638,383,473,-90
115000641,67,135,-68
115000642,362,289,73
115000643,155,296,-141
115000644,140,248,-108
115000646,1002,1687,-685
115000647,185,399,-214
115000648,2237,1244,993
115000893,1708,1406,302
115000894,180,766,-586
115000895,260,598,-338
115000896,1072,282,790
115000897,444,128,316
115000898,658,292,366
115000899,241,915,-674
115000900,68,268,-200
115000901,44,166,-122
115000912,433,121,312
115000913,4,7,-3
115000915,11,0,11
115000916,4,0,4
115000917,0,10,-10
115000918,125,1246,-1121
115000919,3,26,-23
115000920,23,52,-29
115000921,378,156,222
115000922,421,756,-335
115000923,153,883,-730
115000925,146,111,35
115000927,43,53,-10
115000933,87,162,-75
115000934,216,187,29
115000935,139,61,78
115900001,179,35,144
115900002,96,93,3
115900003,182,46,136
115900004,4,30,-26
115900005,299,17,282
115900006,149,125,24
115900008,84,5,79
115900009,90,103,-13
115900010,453,106,347
115900011,519,222,297
115900012,224,40,184
115900013,384,146,238
115900014,132,116,16
115900015,222,35,187
115900016,122,43,79
115900017,26,13,13
115900018,123,38,85
115900019,345,22,323
115900020,163,1,162
115900021,729,302,427
115900022,492,11,481
115900023,57,11,46
115900025,29,214,-185
115900026,690,120,570
115900027,1,163,-162
115900028,484,54,430
115900029,18,250,-232
115900030,61,28,33
115900031,216,341,-125
115900032,449,474,-25
115900033,1,56,-55
115900034,17,182,-165
115900035,52,23,29
115900036,35,1151,-1116
115900037,29,176,-147
115900038,52,17,35
115900039,168,127,41
115900041,262,659,-397
115900042,21,11,10
115900043,115,46,69
115900044,150,293,-143
115900046,396,149,247
115900047,161,215,-54
115900049,187,126,61
115900051,1,19,-18
115900052,12,98,-86
115900053,320,110,210
115900054,291,30,261
115900055,16,83,-67
115900056,209,131,78
115900057,42,11,31
115900058,39,65,-26
115900060,131,124,7
115900061,313,2,311
115900062,38,167,-129
115900063,101,12,89
115900064,200,212,-12
115900065,148,59,89
115900066,118,84,34
115900067,10,272,-262
115900068,1814,1158,656
115900069,32,198,-166
115900070,179,64,115
115900071,0,155,-155
115900072,38,119,-81
115900073,107,118,-11
115900074,7,168,-161
115900075,25,160,-135
115900076,6,47,-41
115900077,7,159,-152
115900078,42,75,-33
115900079,378,10,368
115900080,275,116,159
115900081,23,38,-15
115900082,101,131,-30
115900084,689,16,673
115900085,33,55,-22
115900086,966,447,519
115900088,17,52,-35
115900089,439,483,-44
115900090,422,15,407
115900091,9,14,-5
115900092,49,60,-11
115900093,4,11,-7
115900094,7,134,-127
115900096,2,5,-3
115900097,15,195,-180
115900098,180,176,4
115900099,85,41,44
115900100,12,231,-219
115900101,191,124,67
115900102,98,66,32
115900103,309,127,182
115900104,57,77,-20
115900105,425,270,155
115900106,81,38,43
115900107,109,63,46
115900108,191,25,166
115900109,39,225,-186
115900110,7,16,-9
115900111,8,84,-76
115900112,31,508,-477
115900113,96,40,56
115900114,10,124,-114
115900115,101,147,-46
115900116,88,531,-443
115900117,98,19,79
115900118,3,180,-177
115900119,177,110,67
115900120,30,162,-132
115900121,226,156,70
115900124,275,679,-404
115900125,408,47,361
115900126,812,77,735
115900127,779,39,740
115900128,10,149,-139
115900129,838,46,792
115900130,19,227,-208
115900131,308,22,286
115900132,635,5,630
115900134,325,8,317
115900135,303,1451,-1148
115900137,35,8,27
115900139,31,100,-69
115900140,347,22,325
115900141,9,43,-34
115900142,13,37,-24
115900143,333,441,-108
115900144,125,203,-78
115900146,30,47,-17
115900147,242,338,-96
115900148,73,21,52
115900149,145,11,134
115900150,127,26,101
115900151,28,101,-73
115900152,149,215,-66
115900153,183,141,42
115900154,324,278,46
115900155,1,24,-23
115900156,777,1014,-237
115900157,244,485,-241
115900158,11,4,7
115900159,234,154,80
115900160,2,8,-6
115900161,143,187,-44
115900163,263,130,133
115900164,681,14,667
115900165,2,140,-138
115900166,197,112,85
115900168,181,83,98
115900171,95,349,-254
115900172,65,96,-31
115900173,214,79,135
115900174,274,195,79
115900175,161,171,-10
115900178,4,263,-259
115900179,308,7,301
115900180,56,103,-47
115900181,221,61,160
115900182,589,88,501
115900183,56,63,-7
115900184,631,4,627
115900187,16,170,-154
115900189,0,251,-251
115900190,358,1438,-1080
115900191,8,147,-139
115900192,5,91,-86
115900193,183,81,102
115900194,724,67,657
115900195,475,2309,-1834
115900198,213,244,-31
115900199,224,137,87
115900200,185,200,-15
115900201,400,337,63
115900202,1,109,-108
115900203,6,20,-14
115900204,0,6,-6
115900205,44,11,33
115900206,271,119,152
115900207,43,6,37
115900208,99,59,40
115900209,10,88,-78
115900210,2,137,-135
115900211,2,99,-97
115900212,181,140,41
115900213,122,124,-2
115900214,643,137,506
115900215,29,199,-170
115900216,1,98,-97
115900217,1,29,-28
115900218,2,31,-29
115900219,123,5,118
115900220,211,8,203
115900221,116,7,109
115900222,73,39,34
115900223,10,535,-525
115900224,605,1338,-733
115900225,70,43,27
115900226,15,41,-26
115900227,13,46,-33
115900228,7,57,-50
115900229,9,21,-12
115900230,52,76,-24
115900231,119,4,115
115900232,72,1,71
115900233,105,27,78
115900234,54,51,3
115900235,38,37,1
115900236,84,29,55
115900237,44,29,15
115900238,21,17,4
115900239,36,27,9
115900240,15,43,-28
115900241,255,59,196
115900242,170,352,-182
115900243,7,9,-2
115900244,24,24,0
115900245,40,6,34
115900246,22,16,6
115900247,24,13,11
115900248,17,6,11
115900249,1,20,-19
115900250,9,16,-7
115900251,3,14,-11
115900252,0,4,-4
115900253,19,19,0
115900254,10,23,-13
115900255,2,18,-16
115900256,27,15,12
115900257,16,21,-5
115900258,0,0,0
115900259,2,8,-6
115900260,12,4,8
115900261,9,2,7
115900262,9,0,9
115900263,17,4,13
115900264,27,5,22
115900265,8,11,-3
115900266,1,33,-32
115900267,2,21,-19
115900268,7,7,0
115900269,622,235,387
115900270,379,165,214
115900271,112,0,112
115900272,44,1,43
115900273,13,28,-15
115900274,2,8,-6
115900275,3,9,-6
115900276,0,10,-10
115900277,0,23,-23
115900278,46,102,-56
115900279,44,207,-163
115900280,22,591,-569
115900281,152,204,-52
116000001,5933,3249,2684
116000002,4614,13724,-9110
116000003,1153,1150,3
116000004,2944,4643,-1699
116000005,1405,2669,-1264
116000006,2375,2999,-624
116000007,2248,2849,-601
116000008,4762,2877,1885
116000009,1194,1450,-256
116000010,2690,1715,975
116000011,778,1537,-759
116000012,1783,1217,566
116000013,5127,3343,1784
116000014,7283,13699,-6416
116000015,192,1543,-1351
116000016,4434,4366,68
116000017,22,803,-781
116000018,675,294,381
116000019,947,331,616
116000020,576,838,-262
116000021,644,326,318
116000022,366,322,44
116000023,1531,837,694
116000024,772,604,168
116000025,937,866,71
116000026,1689,2512,-823
116000027,806,668,138
116000028,571,1202,-631
116000029,604,785,-181
116000030,827,605,222
116000031,191,279,-88
116000032,382,136,246
116000033,439,443,-4
116000034,871,756,115
116000035,387,680,-293
116000036,1255,1537,-282
116000037,477,517,-40
116000038,288,619,-331
116000039,502,683,-181
116000040,678,557,121
116000041,185,494,-309
116000042,629,419,210
116000043,78,650,-572
116000044,5,32,-27
116000045,1908,1560,348
116000046,1111,1911,-800
116000047,1678,2405,-727
116000048,2023,1846,177
116000049,1560,3141,-1581
116000050,1605,1342,263
116000051,6786,2772,4014
116000052,6277,5059,1218
116000053,2367,714,1653
116000054,929,2498,-1569
116000055,876,776,100
116000056,1147,1160,-13
116000057,2853,1527,1326
116000058,3237,3081,156
116000059,2833,5581,-2748
116000060,1698,978,720
116000061,322,1099,-777
116000062,467,211,256
116000063,558,1274,-716
116000066,290,740,-450
116000067,157,332,-175
116000068,248,313,-65
116000069,214,310,-96
116000078,601,1090,-489
116000080,1779,793,986
116000082,6,37,-31
116000083,1814,437,1377
116000084,1660,2465,-805
116000085,2116,1968,148
116000086,1123,653,470
116000087,2437,1823,614
116000088,789,842,-53
116000089,128,68,60
116000090,96,127,-31
116000091,297,332,-35
116000093,803,666,137
116000094,771,419,352
116000095,962,565,397
116000096,1017,1474,-457
116000097,1122,474,648
116000098,44,6948,-6904
116000099,4460,170,4290
116000100,299,19,280
116000101,1069,472,597
116000102,222,718,-496
116000103,525,300,225
116000104,215,822,-607
116000105,1398,162,1236
116000106,432,681,-249
116000107,2787,239,2548
116000108,346,201,145
116000111,127,26,101
116000113,130,107,23
116000114,46,122,-76
116000115,437,125,312
116000116,241,305,-64
116000117,1608,1544,64
116000118,1596,1061,535
116000119,3975,1788,2187
116000120,2817,2841,-24
116000121,1137,588,549
116000122,988,1030,-42
116000123,1629,397,1232
116000124,353,772,-419
116000125,3644,852,2792
116000126,363,964,-601
116000127,915,836,79
116000128,2193,905,1288
116000129,1491,230,1261
116000130,713,573,140
116000133,1584,717,867
116000134,1606,1228,378
116000135,3244,1269,1975
116000136,863,1368,-505
116000137,1380,738,642
116000138,1022,620,402
116000139,1654,2347,-693
116000140,192,157,35
116000141,293,415,-122
116000142,2701,1892,809
116000143,1870,2007,-137
116000144,1446,1421,25
116000145,2054,1053,1001
116000146,774,93,681
116000147,218,150,68
116000148,677,526,151
116000149,797,811,-14
116000151,480,358,122
116000153,123,288,-165
116000155,204,211,-7
116000156,536,868,-332
116000157,82,10,72
116000158,400,326,74
116000159,19,20,-1
116000160,11,58,-47
116000161,5,73,-68
116000162,75,110,-35
116000163,34,18,16
116000164,9,17,-8
116000177,408,121,287
116000194,86,312,-226
116000195,1170,564,606
116000196,31,8,23
116000197,10,13,-3
116000198,2771,1231,1540
116000200,646,623,23
116000201,728,730,-2
116000202,3,166,-163
116000203,1,65,-64
116000204,11,44,-33
116000205,0,125,-125
116000206,3,188,-185
116000207,9,73,-64
116000233,216,303,-87
116000287,158,233,-75
116000288,418,139,279
116000292,107,83,24
116000296,12,201,-189
116000297,106,12,94
116000304,204,14,190
116000305,8,44,-36
116000346,246,83,163
116000352,129,31,98
116000354,44,14,30
116000357,17,35,-18
116000358,347,92,255
116000361,61,21,40
116000372,3078,5275,-2197
116000381,135,0,135
116000388,0,39,-39
116000389,990,518,472
116000445,547,277,270
116000446,712,297,415
116000447,18,509,-491
116000448,479,127,352
116000563,800,1075,-275
116000565,53,270,-217
116000568,44,460,-416
116000579,21,101,-80
116000584,21,8,13
116000585,48,15,33
116000586,54,105,-51
116000587,455,685,-230
116000589,56,44,12
116000590,91,56,35
116000591,352,143,209
116000592,9,76,-67
116000593,0,21,-21
116000594,814,240,574
116000595,757,54,703
116000596,134,3,131
116000597,496,136,360
116000598,17,89,-72
116000602,33,541,-508
116000605,199,84,115
116000606,71,236,-165
116000607,7,66,-59
116000609,129,1108,-979
116000611,164,286,-122
116000612,917,1974,-1057
116000613,706,247,459
116000614,433,305,128
116000615,2,433,-431
116000616,72,64,8
116000617,127,15,112
116000618,1,29,-28
116000619,51,75,-24
116000620,221,130,91
116000621,98,141,-43
116000622,61,114,-53
116000624,257,130,127
116000627,12,13,-1
116000628,30,85,-55
116000629,15,117,-102
116000630,310,17,293
116000631,119,29,90
116000632,665,159,506
116000633,31,249,-218
116000634,595,16,579
116000635,1535,1997,-462
116900001,255,143,112
116900002,199,2,197
116900003,47,40,7
116900004,64,76,-12
116900005,338,49,289
116900006,80,529,-449
116900007,116,159,-43
116900008,499,138,361
116900009,24,16,8
116900010,0,707,-707
116900011,21,34,-13
116900012,197,223,-26
116900013,1,96,-95
116900014,202,121,81
116900015,519,53,466
116900016,265,2,263
116900017,2,292,-290
116900018,87,40,47
116900019,9,159,-150
116900020,669,1358,-689
116900023,126,10,116
116900024,743,40,703
116900025,1271,578,693
116900026,90,435,-345
116900027,42,33,9
116900028,3,72,-69
116900029,0,55,-55
116900031,1,0,1
116900032,12,154,-142
116900033,32,14,18
116900034,11,39,-28
116900035,154,117,37
116900036,6,106,-100
116900038,35,2,33
116900041,86,18,68
116900042,349,213,136
116900043,21,36,-15
116900045,222,99,123
116900047,18,189,-171
116900049,34,191,-157
116900050,147,335,-188
116900051,202,101,101
116900052,176,48,128
116900055,0,10,-10
116900057,17,118,-101
116900058,24,274,-250
116900059,0,94,-94
116900060,124,163,-39
116900062,1,5,-4
116900064,59,253,-194
116900065,28,75,-47
116900067,168,30,138
116900068,128,172,-44
116900070,2,4,-2
116900072,46,214,-168
116900073,17,72,-55
116900074,14,42,-28
116900076,20,44,-24
116900077,30,81,-51
116900078,175,84,91
116900079,52,127,-75
116900080,14,35,-21
116900081,267,878,-611
116900082,411,971,-560
116900083,30,20,10
116900084,118,51,67
116900085,26,106,-80
116900086,45,103,-58
116900088,273,67,206
116900090,67,30,37
116900091,469,24,445
116900092,75,530,-455
116900093,1768,1651,117
116900094,3004,4850,-1846
116900095,192,83,109
116900096,131,440,-309
116900097,1969,3563,-1594
116900098,753,342,411
116900099,489,821,-332
116900100,1080,77,1003
116900101,322,337,-15
116900103,3,0,3
116900104,66,66,0
116900105,348,175,173
116900106,2729,78,2651
116900107,2187,2822,-635
116900110,7,2,5
116900111,772,399,373
116900112,279,506,-227
116900113,1142,1490,-348
116900116,74,729,-655
116900117,121,85,36
116900118,593,779,-186
116900120,497,50,447
116900121,115,17,98
116900122,1194,406,788
116900123,280,423,-143
116900124,158,830,-672
116900125,508,127,381
116900126,85,580,-495
116900128,5,30,-25
116900129,1,195,-194
116900130,412,4772,-4360
116900131,82,282,-200
116900132,84,125,-41
116900133,169,124,45
116900134,280,189,91
116900136,282,188,94
116900137,300,148,152
116900138,246,135,111
116900139,169,348,-179
116900140,203,136,67
116900141,721,386,335
116900142,7,51,-44
116900143,352,244,108
116900144,30,86,-56
116900145,106,151,-45
116900147,276,803,-527
116900148,10,46,-36
116900149,46,284,-238
116900150,16,18,-2
116900151,22,6,16
116900153,150,118,32
116900154,300,696,-396
116900155,92,78,14
116900157,810,141,669
116900158,102,342,-240
116900159,78,298,-220
116900160,1019,984,35
116900161,4009,7955,-3946
116900162,19,59,-40
116900163,262,76,186
116900164,67,53,14
116900165,372,342,30
116900166,51,30,21
116900167,585,40,545
116900168,428,66,362
116900169,380,768,-388
116900170,383,661,-278
116900171,57,115,-58
116900172,170,404,-234
116900173,340,43,297
116900174,66,63,3
116900175,236,272,-36
116900178,41,85,-44
116900179,88,344,-256
116900180,108,26,82
116900182,569,227,342
116900183,197,87,110
116900185,31,59,-28
116900186,84,138,-54
116900187,63,54,9
116900188,167,37,130
116900189,72,3,69
116900191,370,571,-201
116900192,342,98,244
116900194,183,1714,-1531
116900195,36,28,8
116900196,33,62,-29
116900197,103,9,94
116900198,118,322,-204
116900200,108,25,83
116900201,151,7,144
116900202,104,23,81
116900203,222,10,212
116900204,47,112,-65
116900206,12,1,11
116900207,28,29,-1
116900208,5,64,-59
116900209,49,59,-10
116900210,577,310,267
116900211,252,6,246
116900212,98,27,71
116900213,264,72,192
116900214,211,150,61
116900215,65,40,25
116900216,350,123,227
116900218,4,143,-139
116900219,1177,323,854
116900220,102,218,-116
116900221,94,368,-274
116900222,435,410,25
116900223,159,297,-138
116900226,169,42,127
116900227,218,66,152
116900228,393,140,253
116900230,64,140,-76
116900231,33,236,-203
116900232,20,231,-211
116900233,431,87,344
116900234,80,39,41
116900235,144,188,-44
116900238,1163,294,869
116900239,25,1597,-1572
116900240,3622,3168,454
116900241,128,72,56
116900242,223,806,-583
116900243,2,45,-43
116900245,34,43,-9
116900246,103,11,92
116900247,1017,38,979
116900248,106,32,74
116900249,525,115,410
116900250,411,41,370
116900251,368,732,-364
116900252,198,449,-251
116900253,108,39,69
116900254,36,53,-17
116900255,132,109,23
116900256,519,122,397
116900257,11,255,-244
116900258,3,105,-102
116900259,340,11,329
116900260,3,51,-48
116900261,92,3,89
116900262,177,92,85
116900263,0,19,-19
116900264,3,12,-9
116900265,53,0,53
116900266,20,30,-10
116900267,2,2,0
116900268,336,223,113
116900269,327,636,-309
116900271,668,360,308
116900272,295,263,32
116900273,116,102,14
116900274,158,43,115
116900275,191,73,118
116900276,476,176,300
116900277,309,26,283
116900278,6,3,3
116900279,1,16,-15
116900280,34,8,26
116900281,3673,5890,-2217
116900282,7,50,-43
116900283,48,80,-32
116900284,32,149,-117
116900285,108,214,-106
116900286,196,23,173
116900287,6,17,-11
116900288,121,79,42
116900289,28,7,21
116900290,6,17,-11
116900291,31,2,29
116900292,1,19,-18
116900293,82,24,58
116900294,27,117,-90
116900295,73,54,19
116900296,30,27,3
116900297,4,43,-39
116900298,40,31,9
116900299,17,33,-16
116900300,1,82,-81
116900301,33,42,-9
116900302,13,60,-47
116900303,79,106,-27
116900304,1,195,-194
116900305,16,50,-34
116900306,205,32,173
117000001,2551,1828,723
117000002,2007,3576,-1569
117000003,6487,3654,2833
117000004,2875,4083,-1208
117000005,2583,1888,695
117000006,1170,2247,-1077
117000007,4973,1176,3797
117000008,858,2821,-1963
117000009,4877,2005,2872
117000010,2240,2831,-591
117000011,2480,1404,1076
117000012,1479,929,550
117000013,1969,740,1229
117000014,1269,1923,-654
117000015,2669,1468,1201
117000016,246,167,79
117000017,118,127,-9
117000018,167,956,-789
117000019,52,3,49
117000020,374,2160,-1786
117000021,1010,281,729
117000022,275,188,87
117000023,128,154,-26
117000024,127,344,-217
117000025,349,984,-635
117000026,1818,1679,139
117000027,1190,5404,-4214
117000028,1513,2516,-1003
117000030,262,437,-175
117000031,252,296,-44
117000032,1316,1093,223
117000033,1675,1487,188
117000034,493,236,257
117000035,441,312,129
117000036,358,262,96
117000037,339,179,160
117000038,157,425,-268
117000039,347,200,147
117000040,246,743,-497
117000041,1431,136,1295
117000044,12,409,-397
117000045,540,109,431
117000046,306,630,-324
117000047,788,618,170
117000048,1658,660,998
117000049,106,713,-607
117000050,220,1339,-1119
117000051,3087,100,2987
117000052,63,221,-158
117000053,675,31,644
117000054,1825,9,1816
117000055,9,1853,-1844
117000056,737,34,703
117000057,429,1931,-1502
117000060,494,938,-444
117000061,2300,1065,1235
117000062,274,521,-247
117000063,2232,1082,1150
117000064,482,494,-12
117000066,825,835,-10
117000067,94,697,-603
117000074,77,148,-71
117000076,47,18,29
117000077,152,192,-40
117000078,121,571,-450
117000079,438,238,200
117000080,1,277,-276
117000081,962,131,831
117000082,15,128,-113
117000083,130,4,126
117000084,161,1,160
117000085,354,897,-543
117000086,763,314,449
117000087,75,441,-366
117000088,289,132,157
117000089,1929,186,1743
117000090,287,911,-624
117000091,1058,273,785
117000092,367,908,-541
117000093,1500,632,868
117000094,1214,1940,-726
117000095,4161,788,3373
117000096,780,1638,-858
117000097,1956,901,1055
117000098,2037,3026,-989
117000099,4675,1219,3456
117000100,282,387,-105
117000101,144,778,-634
117000102,2245,662,1583
117000103,575,1162,-587
117000104,1864,611,1253
117000105,806,1062,-256
117000106,1578,756,822
117000107,436,1329,-893
117000108,2404,946,1458
117000109,1135,1943,-808
117000110,2139,1410,729
117000111,3783,3783,0
117000112,3773,1641,2132
117000113,124,180,-56
117000114,245,115,130
117000115,93,70,23
117000116,206,212,-6
117000117,1376,1247,129
117000118,247,104,143
117000119,146,255,-109
117000120,129,641,-512
117000121,57,1183,-1126
117000122,227,765,-538
117000123,1450,53,1397
117000124,169,117,52
117000125,143,165,-22
117000126,19,19,0
117000127,116,294,-178
117000128,230,750,-520
117000129,128,168,-40
117000130,55,0,55
117000131,1,72,-71
117000132,3981,56,3925
117000133,2490,102,2388
117000134,1,72,-71
117000135,1,56,-55
117000136,1,20,-19
117000137,176,164,12
117000138,4,807,-803
117000140,373,1120,-747
117000141,2317,525,1792
117000181,354,160,194
117000182,542,973,-431
117000195,179,646,-467
117000196,326,198,128
117000225,86,41,45
117000226,1,100,-99
117000276,386,22,364
117000277,0,200,-200
117000310,1417,2305,-888
117000315,61,564,-503
117000320,44,0,44
117000906,428,13,415
117000907,5,178,-173
117000908,6,81,-75
117000909,25,30,-5
117000910,224,230,-6
117000911,114,173,-59
117000915,8,307,-299
117000916,67,7,60
117000917,1517,54,1463
117000918,96,62,34
117000919,8,52,-44
117000920,3,762,-759
117000921,1,692,-691
117000922,19,58,-39
117000924,763,686,77
117000926,451,103,348
117000927,734,1535,-801
117000928,0,74,-74
117000929,283,170,113
117000930,246,19,227
117000931,143,177,-34
117900002,94,467,-373
117900003,518,481,37
117900005,4,76,-72
117900006,1,110,-109
117900007,139,64,75
117900008,0,17,-17
117900010,310,50,260
117900011,25,157,-132
117900012,62,58,4
117900013,5,124,-119
117900014,447,87,360
117900015,6,51,-45
117900016,1137,1059,78
117900017,614,190,424
117900018,132,184,-52
117900019,585,160,425
117900020,77,467,-390
117900021,27,46,-19
117900022,24,11,13
117900023,781,104,677
117900024,59,37,22
117900025,55,10,45
117900026,437,155,282
117900028,37,8,29
117900029,328,307,21
117900030,494,235,259
117900031,124,90,34
117900032,1125,623,502
117900033,323,327,-4
117900034,24,7,17
117900035,263,79,184
117900036,267,290,-23
117900037,279,69,210
117900038,28,180,-152
117900039,1,51,-50
117900040,172,223,-51
117900041,2,54,-52
117900042,3463,344,3119
117900043,13,39,-26
117900044,40,3225,-3185
117900045,210,155,55
117900048,421,170,251
117900049,225,324,-99
117900050,4,100,-96
117900051,19,0,19
117900052,75,487,-412
117900053,1891,367,1524
117900054,1,19,-18
117900055,333,176,157
117900056,76,32,44
117900057,932,1238,-306
117900058,34,20,14
117900059,219,88,131
117900060,3271,3454,-183
117900061,11,268,-257
117900063,393,137,256
117900065,635,815,-180
117900066,2,91,-89
117900067,665,117,548
117900069,849,180,669
117900070,150,57,93
117900071,108,106,2
117900073,709,182,527
117900074,87,93,-6
117900075,70,109,-39
117900076,5,34,-29
117900077,659,118,541
117900078,385,880,-495
117900080,118,46,72
117900081,383,400,-17
117900082,530,328,202
117900083,445,256,189
117900086,137,27,110
117900087,226,44,182
117900088,2350,1743,607
117900089,2756,703,2053
117900090,506,317,189
117900091,91,122,-31
117900092,86,26,60
117900093,136,48,88
117900094,66,36,30
117900095,296,139,157
117900096,145,145,0
117900097,366,62,304
117900098,72,20,52
117900099,166,151,15
117900100,422,5,417
117900101,458,2122,-1664
117900102,93,34,59
117900103,121,2,119
117900104,7,167,-160
117900105,91,180,-89
117900106,134,26,108
117900107,75,1,74
117900109,772,368,404
117900110,183,2,181
117900111,546,35,511
117900112,73,18,55
117900113,1395,1973,-578
117900114,47,0,47
117900115,141,141,0
117900116,773,688,85
117900117,907,291,616
117900118,164,4,160
117900119,302,84,218
117900120,312,39,273
117900121,251,111,140
117900122,1334,5421,-4087
117900123,659,298,361
117900124,918,465,453
117900125,1765,1975,-210
117900126,173,439,-266
117900127,492,335,157
117900128,413,355,58
117900129,107,0,107
117900130,714,337,377
117900131,5,107,-102
117900132,31,73,-42
117900133,10,62,-52
117900134,77,238,-161
117900135,20,85,-65
117900136,0,24,-24
117900137,37,275,-238
117900138,0,22,-22
117900139,134,78,56
117900140,2273,299,1974
117900141,147,174,-27
117900142,57,79,-22
117900144,57,324,-267
117900145,18,41,-23
117900146,120,239,-119
117900147,54,41,13
117900148,1940,1877,63
117900149,131,135,-4
117900150,61,44,17
117900151,61,58,3
117900152,50,70,-20
117900153,20,87,-67
117900154,483,446,37
117900156,836,706,130
117900157,74,508,-434
117900158,369,152,217
117900160,942,861,81
117900161,1927,1465,462
117900162,505,366,139
117900163,32,239,-207
117900165,0,12,-12
117900166,149,514,-365
117900168,19,215,-196
117900169,0,95,-95
117900170,1,20,-19
117900171,2,17,-15
117900172,12,11,1
117900173,143,65,78
117900174,22,33,-11
117900175,7,23,-16
117900176,11,29,-18
117900177,18,26,-8
117900178,89,39,50
117900180,220,38,182
117900181,63,527,-464
117900182,0,37,-37
117900183,90,145,-55
117900184,24,36,-12
117900185,45,61,-16
117900186,63,25,38
117900187,38,8,30
117900188,207,58,149
117900189,77,31,46
117900190,46,6,40
117900191,110,0,110
117900192,244,0,244
117900193,48,61,-13
117900194,21,2,19
117900195,12,47,-35
117900196,13,36,-23
117900207,141,150,-9
117900208,20,25,-5
117900209,135,124,11
117900210,131,169,-38
117900211,6,144,-138
117900212,123,121,2
117900213,28,13,15
117900214,22,15,7
117900215,14,18,-4
117900216,12,18,-6
117900217,30,322,-292
117900218,41,68,-27
117900219,19,157,-138
117900220,43,126,-83
118000001,731,1328,-597
118000002,474,1571,-1097
118000003,2060,4041,-1981
118000004,2640,1892,748
118000005,3390,5821,-2431
118000006,3020,9206,-6186
118000007,5937,5063,874
118000008,3302,3746,-444
118000009,1489,2931,-1442
118000010,6356,3692,2664
118000011,1701,1792,-91
118000012,1248,1420,-172
118000013,2210,1992,218
118000014,1888,1830,58
118000016,235,221,14
118000017,545,526,19
118000018,399,360,39
118000019,1802,1695,107
118000020,890,3481,-2591
118000021,585,3389,-2804
118000022,1364,908,456
118000023,694,267,427
118000024,875,1409,-534
118000025,31,125,-94
118000027,8867,13720,-4853
118000029,649,963,-314
118000032,486,3902,-3416
118000033,2836,7146,-4310
118000034,4075,2726,1349
118000035,2044,3148,-1104
118000036,917,1221,-304
118000037,789,924,-135
118000038,267,81,186
118000039,108,260,-152
118000040,1733,1194,539
118000041,2890,1254,1636
118000045,511,131,380
118000046,1161,854,307
118000047,819,1108,-289
118000048,2181,2038,143
118000051,1735,2282,-547
118000052,1113,1279,-166
118000053,441,844,-403
118000054,1724,1316,408
118000055,1531,1986,-455
118000056,233,480,-247
118000057,285,489,-204
118000058,3520,2482,1038
118000059,2044,1677,367
118000060,1564,415,1149
118000061,1350,1109,241
118000062,568,405,163
118000063,422,891,-469
118000064,886,1121,-235
118000065,2302,2244,58
118000066,927,1910,-983
118000067,666,694,-28
118000068,1482,5354,-3872
118000069,2225,1114,1111
118000070,4154,2059,2095
118000071,2790,7647,-4857
118000072,1372,1582,-210
118000073,913,889,24
118000074,587,463,124
118000075,663,299,364
118000076,1602,2965,-1363
118000077,1097,1341,-244
118000078,1970,2608,-638
118000079,202,527,-325
118000080,778,746,32
118000081,1917,1373,544
118000082,293,1103,-810
118000083,1455,1658,-203
118000084,2765,2090,675
118000086,238,519,-281
118000087,3312,2540,772
118000088,1650,1919,-269
118000089,3572,2438,1134
118000090,2019,2881,-862
118000091,948,3244,-2296
118000092,889,586,303
118000093,78,775,-697
118000096,491,612,-121
118000097,823,679,144
118000098,257,174,83
118000099,652,500,152
118000101,1287,328,959
118000102,440,838,-398
118000107,1170,413,757
118000108,618,2633,-2015
118000110,1,22,-21
118000111,0,144,-144
118000112,710,4,706
118000113,2,264,-262
118000114,516,8,508
118000115,5,11,-6
118000116,22,1,21
118000117,702,610,92
118000118,943,1097,-154
118000119,882,1148,-266
118000120,1204,945,259
118000121,75,544,-469
118000122,1159,314,845
118000123,57,247,-190
118000125,1142,708,434
118000126,784,1895,-1111
118000127,1502,728,774
118000128,417,1058,-641
118000129,1545,478,1067
118000130,1600,2169,-569
118000131,1238,452,786
118000132,3086,2421,665
118000133,1128,442,686
118000135,633,436,197
118000136,104,417,-313
118000137,650,111,539
118000138,465,400,65
118000139,605,72,533
118000140,2472,5884,-3412
118000141,2377,1490,887
118000142,1934,1316,618
118000143,2421,1160,1261
118000144,887,599,288
118000145,1597,1135,462
118000146,1335,598,737
118000147,898,1023,-125
118000148,635,1029,-394
118000149,933,759,174
118000150,602,210,392
118000151,628,338,290
118000153,1592,1131,461
118000154,1498,1486,12
118000155,1814,1292,522
118000156,1882,2870,-988
118000157,675,354,321
118000158,282,390,-108
118000159,45,134,-89
118000160,719,393,326
118000161,601,585,16
118000162,1924,835,1089
118000163,992,884,108
118000164,1952,1468,484
118000168,715,1068,-353
118000169,836,738,98
118000170,3141,3263,-122
118000171,506,469,37
118000172,88,235,-147
118000173,901,1154,-253
118000175,344,435,-91
118000176,404,633,-229
118000177,349,637,-288
118000178,48,49,-1
118000179,1057,1832,-775
118000180,924,783,141
118000181,769,318,451
118000182,330,299,31
118000183,223,339,-116
118000184,1175,577,598
118000185,1201,1649,-448
118000186,1068,1546,-478
118000187,1801,514,1287
118000188,772,109,663
118000189,725,391,334
118000190,7,11,-4
118000191,31,25,6
118000192,767,396,371
118000193,436,436,0
118000194,1207,847,360
118000195,374,1281,-907
118000196,285,248,37
118000197,111,168,-57
118000198,404,790,-386
118000199,549,488,61
118000200,70,174,-104
118000201,435,590,-155
118000202,67,52,15
118000203,645,764,-119
118000204,76,431,-355
118000205,102,279,-177
118000206,313,203,110
118000207,0,50,-50
118000208,1398,1268,130
118000209,2537,1207,1330
118000210,82,31,51
118000211,50,52,-2
118000213,698,2398,-1700
118000214,378,556,-178
118000215,437,128,309
118000216,2783,1594,1189
118000217,27,54,-27
118000218,90,55,35
118000219,418,214,204
118000220,6,68,-62
118000221,314,359,-45
118000222,85,11,74
118000223,136,44,92
118000224,117,81,36
118000225,118,458,-340
118000226,1027,175,852
118000227,445,421,24
118000228,102,264,-162
118000229,118,129,-11
118000230,184,170,14
118000231,106,195,-89
118000232,853,531,322
118000233,1242,634,608
118000234,543,146,397
118000236,352,302,50
118000237,120,183,-63
118000238,350,98,252
118000239,289,247,42
118000240,204,167,37
118000241,180,133,47
118000242,551,340,211
118000243,382,164,218
118000244,45,62,-17
118000246,0,28,-28
118000255,68,234,-166
118000256,139,168,-29
118000259,10,70,-60
118000260,221,67,154
118000261,55,34,21
118000263,96,153,-57
118000266,111,200,-89
118000267,0,67,-67
118000268,219,4,215
118000270,103,10,93
118000271,198,164,34
118000272,102,39,63
118000273,188,71,117
118000274,82,210,-128
118000276,493,348,145
118000295,17,142,-125
118000298,169,197,-28
118000299,74,97,-23
118000301,0,46,-46
118000302,131,27,104
118000311,796,73,723
118000312,323,123,200
118000313,68,71,-3
118000314,120,26,94
118000315,66,34,32
118000316,750,356,394
118000325,68,28,40
118000326,61,33,28
118000331,48,36,12
118000332,21,17,4
118000333,41,44,-3
118000335,405,1,404
118000336,0,98,-98
118000407,249,57,192
118000457,6,34,-28
118000465,1600,3896,-2296
118000480,40,52,-12
118000489,31,497,-466
118000490,24,144,-120
118000492,269,153,116
118000510,37,23,14
118000514,82,289,-207
118000515,869,720,149
118000517,344,174,170
118000524,256,429,-173
118000525,629,630,-1
118000530,37,96,-59
118000531,401,228,173
118000532,271,217,54
118000533,337,118,219
118000534,543,344,199
118000535,334,124,210
118000536,254,1771,-1517
118000537,16,196,-180
118000538,37,104,-67
118000539,27,133,-106
118000540,324,157,167
118000541,268,67,201
118000542,109,191,-82
118000543,192,295,-103
118000546,47,25,22
118000560,1400,2552,-1152
118000562,36,72,-36
118000563,1320,995,325
118000576,160,65,95
118000577,123,130,-7
118000578,103,64,39
118000579,320,1236,-916
118000595,311,105,206
118000596,0,69,-69
118000597,131,70,61
118000598,26,0,26
118000599,81,38,43
118000600,2,16,-14
118000601,21,0,21
118000602,0,13,-13
118000603,0,6,-6
118900001,406,1487,-1081
118900002,778,927,-149
118900003,518,25,493
118900004,47,50,-3
118900005,68,4,64
118900006,147,5,142
118900007,6,1,5
118900008,1622,72,1550
118900009,86,74,12
118900010,91,5,86
118900011,190,40,150
118900012,455,198,257
118900013,507,217,290
118900015,324,75,249
118900016,18,10,8
118900017,184,305,-121
118900018,1196,69,1127
118900019,38,32,6
118900020,166,163,3
118900021,160,397,-237
118900022,94,104,-10
118900023,171,75,96
118900024,141,174,-33
118900025,48,38,10
118900026,75,53,22
118900027,371,153,218
118900028,246,137,109
118900029,398,587,-189
118900030,600,56,544
118900031,153,76,77
118900032,223,120,103
118900033,438,405,33
118900034,242,21,221
118900035,118,92,26
118900036,1287,656,631
118900037,399,393,6
118900038,405,103,302
118900039,634,137,497
118900040,275,169,106
118900041,720,126,594
118900042,222,95,127
118900045,294,123,171
118900046,826,551,275
118900047,344,223,121
118900048,118,243,-125
118900049,49,57,-8
118900050,52,26,26
118900051,101,68,33
118900052,343,298,45
118900053,25,97,-72
118900054,141,33,108
118900055,155,52,103
118900056,26,401,-375
118900057,853,419,434
118900058,457,337,120
118900059,13,70,-57
118900060,53,55,-2
118900062,669,193,476
118900064,338,724,-386
118900065,40,103,-63
118900066,81,71,10
118900067,2842,4872,-2030
118900068,7,185,-178
118900069,579,182,397
118900071,15,55,-40
118900072,443,276,167
118900073,212,109,103
118900074,150,91,59
118900075,84,36,48
118900076,270,123,147
118900077,303,164,139
118900078,37,4,33
118900079,46,107,-61
118900080,37,132,-95
118900081,65,38,27
118900082,1098,118,980
118900083,57,7,50
118900084,15,12,3
118900085,690,557,133
118900086,32,87,-55
118900087,30,308,-278
118900088,0,4,-4
118900089,30,20,10
118900090,617,304,313
118900091,188,220,-32
118900092,297,53,244
118900093,142,20,122
118900096,50,25,25
118900097,257,353,-96
118900099,101,220,-119
118900100,102,160,-58
118900101,237,316,-79
118900102,90,85,5
118900103,69,129,-60
118900104,328,129,199
118900105,250,111,139
118900107,122,74,48
118900108,143,102,41
118900109,46,89,-43
118900110,1115,1061,54
118900111,545,344,201
118900112,95,152,-57
118900113,95,255,-160
118900114,26,90,-64
118900115,115,359,-244
118900116,119,209,-90
118900117,84,179,-95
118900118,337,216,121
118900119,132,131,1
118900120,115,198,-83
118900121,26,107,-81
118900122,12,1174,-1162
118900123,133,180,-47
118900124,100,115,-15
118900126,32,456,-424
118900129,242,185,57
118900130,53,224,-171
118900131,127,197,-70
118900132,348,192,156
118900133,11,116,-105
118900135,258,154,104
118900136,261,315,-54
118900137,7,43,-36
118900139,209,204,5
118900140,510,481,29
118900141,88,82,6
118900144,124,246,-122
118900145,20,93,-73
118900146,357,518,-161
118900147,251,167,84
118900148,86,26,60
118900150,131,550,-419
118900152,688,513,175
118900157,70,147,-77
118900158,117,51,66
118900159,2,83,-81
118900161,70,8,62
118900163,68,77,-9
118900164,1,66,-65
118900165,103,103,0
118900166,77,2,75
118900167,98,117,-19
118900168,24,243,-219
118900169,173,172,1
118900170,333,70,263
118900171,37,37,0
118900174,59,59,0
118900175,517,513,4
118900176,171,224,-53
118900177,60,38,22
118900178,83,170,-87
118900179,3,22,-19
118900181,107,77,30
118900182,119,67,52
118900183,50,141,-91
118900184,321,160,161
118900185,136,73,63
118900186,121,91,30
118900187,300,273,27
118900188,344,295,49
118900189,55,946,-891
118900190,23,204,-181
118900191,218,24,194
118900192,213,13,200
118900193,758,6,752
118900195,208,466,-258
118900196,20,104,-84
118900197,224,42,182
118900198,49,4,45
118900199,114,28,86
118900200,24,16,8
118900201,20,38,-18
118900202,15,36,-21
118900203,16,8,8
118900204,24,18,6
118900205,2,14,-12
118900206,6,16,-10
119000001,1525,2156,-631
119000002,4642,4286,356
119000003,3349,807,2542
119000004,3007,1508,1499
119000005,2097,1996,101
119000006,3403,1449,1954
119000007,3712,3116,596
119000008,1836,1407,429
119000009,3739,5474,-1735
119000010,4722,4025,697
119000011,2943,3338,-395
119000012,1720,3504,-1784
119000013,3087,1818,1269
119000014,1566,2421,-855
119000019,314,130,184
119000020,2964,1299,1665
119000021,5548,2904,2644
119000022,1661,3707,-2046
119000023,266,235,31
119000024,2251,13807,-11556
119000025,4184,1126,3058
119000026,112,423,-311
119000027,182,362,-180
119000028,1427,585,842
119000029,102,306,-204
119000030,530,753,-223
119000031,995,584,411
119000032,4308,2540,1768
119000033,2421,1114,1307
119000034,1107,749,358
119000035,34,233,-199
119000036,2369,605,1764
119000037,1410,1027,383
119000038,196,414,-218
119000039,493,352,141
119000040,1457,785,672
119000041,859,1240,-381
119000048,2422,1745,677
119000049,2034,1367,667
119000050,1654,1437,217
119000051,2041,879,1162
119000052,1589,2620,-1031
119000053,1867,912,955
119000054,3803,1803,2000
119000055,5490,2525,2965
119000056,3251,1844,1407
119000057,1562,1216,346
119000058,1960,1175,785
119000059,1414,1216,198
119000060,1826,1070,756
119000061,1400,600,800
119000062,1184,1051,133
119000063,769,435,334
119000064,997,1307,-310
119000065,1791,3916,-2125
119000066,2798,1293,1505
119000067,1986,1665,321
119000068,1892,816,1076
119000069,1647,2185,-538
119000070,3276,767,2509
119000071,539,700,-161
119000072,4422,4419,3
119000073,5040,8602,-3562
119000074,1587,1421,166
119000075,3554,2243,1311
119000076,398,2233,-1835
119000077,775,1301,-526
119000078,463,366,97
119000079,185,1374,-1189
119000080,554,256,298
119000081,524,2485,-1961
119000082,1191,316,875
119000083,677,350,327
119000084,359,869,-510
119000085,2071,211,1860
119000086,323,394,-71
119000087,1225,600,625
119000088,393,191,202
119000089,62,212,-150
119000090,209,105,104
119000091,113,415,-302
119000092,819,155,664
119000093,3224,1917,1307
119000094,3709,4580,-871
119000095,2081,2372,-291
119000097,1729,998,731
119000098,999,3346,-2347
119000099,2338,1157,1181
119000100,4492,3051,1441
119000101,5103,2352,2751
119000102,728,1200,-472
119000103,1590,766,824
119000104,1692,1073,619
119000105,1149,2337,-1188
119000106,337,671,-334
119000107,1298,518,780
119000108,357,512,-155
119000109,186,1617,-1431
119000110,716,1828,-1112
119000111,80,807,-727
119000112,245,366,-121
119000113,2092,494,1598
119000114,1164,1181,-17
119000115,163,212,-49
119000116,119,117,2
119000117,177,378,-201
119000118,7,0,7
119000123,4310,1872,2438
119000124,908,168,740
119000125,4460,529,3931
119000126,794,406,388
119000127,680,385,295
119000128,27,3,24
119000131,964,333,631
119000132,1,2,-1
119000133,3,12,-9
119000134,1382,489,893
119000135,191,262,-71
119000136,306,87,219
119000137,338,178,160
119000138,687,201,486
119000139,375,118,257
119000140,423,371,52
119000284,1112,2372,-1260
119000285,1716,1566,150
119000286,5885,4212,1673
119000287,1201,1532,-331
119000288,2042,891,1151
119000289,1353,1808,-455
119000290,257,268,-11
119000291,20,234,-214
119000293,125,163,-38
119000294,71,27,44
119000295,1114,234,880
119000296,246,160,86
119000302,1234,1176,58
119000303,56,147,-91
119000314,1347,11302,-9955
119000315,0,165,-165
119000316,186,81,105
119000317,121,144,-23
119900001,247,1380,-1133
119900002,174,212,-38
119900003,36,481,-445
119900004,219,1563,-1344
119900005,277,97,180
119900006,234,426,-192
119900007,1068,293,775
119900008,273,44,229
119900009,653,494,159
119900010,1738,2363,-625
119900011,17,159,-142
119900012,23,107,-84
119900013,2719,2046,673
119900014,665,466,199
119900015,138,39,99
119900016,88,69,19
119900017,90,35,55
119900018,1542,1157,385
119900019,72,8,64
119900020,166,201,-35
119900021,214,107,107
119900022,100,1210,-1110
119900023,404,1928,-1524
119900025,274,20,254
119900026,571,160,411
119900027,54,13,41
119900028,224,146,78
119900029,7,4,3
119900030,638,321,317
119900031,81,473,-392
119900033,2634,378,2256
119900034,567,60,507
119900037,203,23,180
119900038,59,395,-336
119900039,49,10,39
119900040,85,17,68
119900041,188,14,174
119900042,163,167,-4
119900043,105,120,-15
119900044,221,1108,-887
119900046,196,36,160
119900047,358,111,247
119900048,43,14,29
119900049,157,5,152
119900050,220,172,48
119900051,737,11,726
119900052,99,25,74
119900053,241,97,144
119900054,180,10,170
119900055,1627,504,1123
119900057,334,66,268
119900058,341,14,327
119900059,122,48,74
119900060,430,61,369
119900061,16,0,16
119900062,122,18,104
119900063,23,88,-65
119900064,750,103,647
119900065,326,18,308
119900066,3,2,1
119900067,94,28,66
119900068,651,8,643
119900069,147,28,119
119900070,1429,52,1377
119900071,1030,37,993
119900072,18,11,7
119900073,1282,473,809
119900074,107,61,46
119900075,2524,2468,56
119900076,729,212,517
119900077,1215,527,688
119900078,656,669,-13
119900079,322,100,222
119900080,1702,845,857
119900081,150,30,120
119900082,2214,281,1933
119900083,328,110,218
119900084,610,336,274
119900085,52,33,19
119900086,190,131,59
119900087,770,603,167
119900088,33,32,1
119900089,48,329,-281
119900090,116,46,70
119900091,81,416,-335
119900092,55,308,-253
119900093,1381,265,1116
119900094,21,98,-77
119900095,179,122,57
119900096,32,97,-65
119900097,482,160,322
119900098,50,55,-5
119900099,23,146,-123
119900100,1262,2948,-1686
119900101,133,1895,-1762
119900102,46,140,-94
119900103,54,179,-125
119900104,56,171,-115
119900105,1340,9989,-8649
119900106,21,109,-88
119900107,209,1416,-1207
119900108,7392,847,6545
119900109,24,113,-89
119900110,923,386,537
119900111,167,206,-39
119900112,804,536,268
119900113,64,216,-152
119900114,354,596,-242
119900115,450,541,-91
119900116,128,428,-300
119900117,392,422,-30
119900118,154,497,-343
119900119,340,147,193
119900120,618,476,142
119900121,460,504,-44
119900122,311,254,57
119900123,263,277,-14
119900124,219,499,-280
119900125,46,236,-190
119900126,4681,308,4373
119900127,1492,860,632
119900128,559,359,200
119900129,291,276,15
119900130,13,226,-213
119900131,37,152,-115
119900132,0,120,-120
119900133,87,88,-1
119900134,931,169,762
119900135,2,202,-200
119900136,120,224,-104
119900138,327,474,-147
119900139,72,105,-33
119900140,4,124,-120
119900141,80,867,-787
119900142,22,55,-33
119900143,21,350,-329
119900144,1060,242,818
119900145,131,105,26
119900146,208,227,-19
119900147,3,136,-133
119900148,310,53,257
119900149,722,5953,-5231
119900150,137,104,33
119900151,2092,812,1280
119900152,167,162,5
119900153,216,44,172
119900154,39,124,-85
119900155,36,40,-4
119900156,31,23,8
119900157,225,155,70
119900158,290,64,226
119900159,4,800,-796
119900160,17,87,-70
119900161,176,107,69
119900162,1133,1192,-59
119900163,79,132,-53
119900164,1,3,-2
119900165,176,90,86
119900166,126,50,76
119900167,42,50,-8
119900168,1217,479,738
119900169,46,295,-249
119900170,215,281,-66
119900171,1047,243,804
119900172,139,48,91
119900173,10,206,-196
119900174,1,107,-106
119900175,1896,549,1347
119900177,16,137,-121
119900178,5,88,-83
119900179,154,751,-597
119900180,1173,869,304
119900181,69,120,-51
119900182,8,191,-183
119900183,165,511,-346
119900184,1190,438,752
119900185,69,250,-181
119900186,43,1367,-1324
119900187,14,227,-213
119900188,119,293,-174
119900189,397,390,7
119900190,64,360,-296
119900191,264,301,-37
119900192,77,135,-58
119900193,548,123,425
119900194,54,103,-49
119900195,19,122,-103
119900196,743,362,381
119900197,334,212,122
119900198,223,187,36
119900199,144,24,120
119900200,712,582,130
119900201,273,197,76
119900202,77,303,-226
119900203,247,599,-352
119900204,421,246,175
119900205,894,355,539
119900206,298,109,189
119900208,177,194,-17
119900209,658,1626,-968
119900210,53,25,28
119900211,103,6,97
119900212,305,229,76
119900213,10,89,-79
119900214,41,51,-10
119900215,54,48,6
119900216,5,33,-28
119900217,13,48,-35
119900218,9,73,-64
119900219,12,51,-39
119900220,5,57,-52
119900221,22,106,-84
119900222,25,81,-56
119900223,14,30,-16
119900224,15,14,1
119900225,525,39,486
119900226,366,2273,-1907
119900227,639,332,307
119900228,206,226,-20
119900229,298,299,-1
119900230,947,395,552
119900231,330,149,181
119900232,271,122,149
119900233,92,4,88
119900234,62,80,-18
119900235,27,72,-45
119900236,20,121,-101
119900237,76,579,-503
119900238,11,49,-38
119900240,119,99,20
119900241,140,162,-22
119900242,1258,1601,-343
119900244,597,1384,-787
119900245,114,170,-56
119900246,288,683,-395
119900247,35,143,-108
119900248,85,356,-271
119900249,311,129,182
119900253,1438,495,943
119900254,99,860,-761
119900255,178,936,-758
119900256,1047,515,532
119900257,158,13,145
119900258,345,22,323
119900259,15,74,-59
119900260,192,10,182
119900261,311,116,195
119900262,1,119,-118
119900263,1173,314,859
119900264,162,72,90
119900265,1053,267,786
119900266,455,186,269
119900267,290,322,-32
119900268,178,99,79
119900269,1695,819,876
119900271,43,97,-54
119900272,536,322,214
119900275,208,44,164
119900276,82,5,77
119900277,23,29,-6
119900278,143,130,13
119900279,118,328,-210
119900280,523,118,405
119900281,2,290,-288
119900282,53,138,-85
119900283,18,158,-140
119900284,72,192,-120
119900285,19,44,-25
119900286,1,13,-12
119900288,1,18,-17
119900289,1,21,-20
119900290,8,11,-3
119900291,3,89,-86
119900292,37,70,-33
119900293,30,61,-31
119900294,32,79,-47
119900295,22,17,5
119900296,97,129,-32
119900297,6,44,-38
119900298,10,42,-32
119900299,52,109,-57
119900300,365,124,241
119900301,128,137,-9
119900302,197,77,120
119900303,333,95,238
119900304,174,14,160
119900305,7,95,-88
119900306,32,5,27
119900307,91,45,46
119900308,1,13,-12
119900309,72,161,-89
119900310,198,182,16
119900311,147,61,86
119900312,127,65,62
119900313,239,210,29
119900314,226,338,-112
119900315,2480,1273,1207
119900318,14,60,-46
119900319,4,150,-146
119900320,361,445,-84
119900321,136,6,130
120000001,6863,18480,-11617
120000002,2551,2083,468
120000003,2350,1318,1032
120000004,2302,1245,1057
120000005,2839,1642,1197
120000006,1223,955,268
120000007,2762,3289,-527
120000008,916,1176,-260
120000009,1762,1056,706
120000010,1777,1964,-187
120000011,1006,1252,-246
120000012,1633,1963,-330
120000013,3466,2622,844
120000014,869,1304,-435
120000015,2617,1431,1186
120000016,4341,2153,2188
120000017,3514,2896,618
120000018,3362,13973,-10611
120000019,1061,1595,-534
120000020,2787,3576,-789
120000021,1963,2399,-436
120000022,2554,3850,-1296
120000023,1086,1636,-550
120000024,1324,2229,-905
120000025,2619,1755,864
120000026,2566,1497,1069
120000027,2427,2050,377
120000028,909,2701,-1792
120000029,2301,2658,-357
120000030,381,925,-544
120000031,2347,6238,-3891
120000032,6602,3507,3095
120000033,5083,1537,3546
120000034,2793,1381,1412
120000035,2666,1608,1058
120000036,3381,4976,-1595
120000037,590,1531,-941
120000038,4469,3499,970
120000039,770,756,14
120000040,111,735,-624
120000041,1271,1221,50
120000042,2247,1569,678
120000043,5005,1146,3859
120000044,6069,1466,4603
120000045,7783,1019,6764
120000046,4409,3202,1207
120000047,828,7452,-6624
120000048,6231,4025,2206
120000049,3652,2665,987
120000050,3811,3447,364
120000051,2756,4154,-1398
120000052,6749,2084,4665
120000053,1433,1629,-196
120000054,1440,2671,-1231
120000055,1888,3685,-1797
120000056,4882,3631,1251
120000057,4054,1497,2557
120000058,2422,2556,-134
120000059,14,1746,-1732
120000061,84,424,-340
120000062,166,322,-156
120000063,1120,1917,-797
120000064,254,762,-508
120000065,675,1123,-448
120000066,272,594,-322
120000067,79,515,-436
120000068,175,467,-292
120000069,576,575,1
120000070,111,425,-314
120000071,791,80,711
120000072,993,342,651
120000073,1005,107,898
120000074,172,175,-3
120000075,1249,254,995
120000076,2805,347,2458
120000077,2618,664,1954
120000078,3841,1260,2581
120000079,311,170,141
120000080,180,223,-43
120000081,451,139,312
120000082,295,256,39
120000083,61,669,-608
120000084,457,271,186
120000085,369,267,102
120000086,250,301,-51
120000087,214,321,-107
120000088,692,829,-137
120000089,1175,462,713
120000090,792,496,296
120000091,1293,800,493
120000092,1486,561,925
120000093,584,447,137
120000094,232,710,-478
120000095,1170,299,871
120000096,320,523,-203
120000098,1114,578,536
120000099,428,606,-178
120000100,909,618,291
120000101,713,377,336
120000102,669,989,-320
120000103,1600,933,667
120000104,2236,455,1781
120000105,3876,645,3231
120000106,3082,574,2508
120000107,5310,467,4843
120000108,1608,129,1479
120000109,1478,86,1392
120000110,58,685,-627
120000111,95,698,-603
120000112,626,1769,-1143
120000113,488,1185,-697
120000114,875,1611,-736
120000115,260,1505,-1245
120000116,617,1382,-765
120000117,774,1052,-278
120000118,54,59,-5
120000119,23,44,-21
120000120,103,102,1
120000121,20,37,-17
120000122,214,503,-289
120000123,3032,7720,-4688
120000124,570,303,267
120000125,695,534,161
120000126,391,1051,-660
120000127,1887,1334,553
120000128,2494,5045,-2551
120000129,247,280,-33
120000130,723,429,294
120000131,351,693,-342
120000134,292,549,-257
120000135,963,543,420
120000137,276,612,-336
120000138,1601,266,1335
120000139,393,290,103
120000140,1233,318,915
120000141,555,300,255
120000142,1135,414,721
120000143,0,75,-75
120000144,217,3,214
120000145,514,1,513
120000146,782,913,-131
120000149,710,895,-185
120000150,2493,11849,-9356
120000151,469,450,19
120000152,918,143,775
120000153,517,389,128
120000154,504,460,44
120000155,165,252,-87
120000156,490,1264,-774
120000157,1266,555,711
120000158,909,644,265
120000159,1810,1982,-172
120000160,2546,1734,812
120000161,2797,1884,913
120000162,79,239,-160
120000163,884,660,224
120000164,777,222,555
120000165,665,409,256
120000166,1528,456,1072
120000167,436,327,109
120000168,20,1029,-1009
120000169,82,2915,-2833
120000170,58,2234,-2176
120000171,21,800,-779
120000172,17,521,-504
120000173,1190,2560,-1370
120000174,250,73,177
120000175,281,44,237
120000176,176,63,113
120000177,1006,147,859
120000178,90,18,72
120000179,198,71,127
120000180,481,121,360
120000181,188,2265,-2077
120000182,87,961,-874
120000183,17,783,-766
120000184,224,2040,-1816
120000186,40,1006,-966
120000187,35,420,-385
120000188,98,796,-698
120000190,421,117,304
120000191,643,121,522
120000192,612,52,560
120000193,198,6,192
120000195,46,6,40
120000196,218,27,191
120000197,126,100,26
120000198,285,73,212
120000199,176,2,174
120000200,232,5,227
120000201,8,60,-52
120000202,8,50,-42
120000203,100,134,-34
120000207,1,74,-73
120000208,11,155,-144
120000209,8,60,-52
120000210,80,113,-33
120000211,263,8,255
120000212,279,0,279
120000213,284,156,128
120000214,2,143,-141
120000215,4,141,-137
120000216,176,37,139
120000217,463,1029,-566
120000218,84,513,-429
120000219,3,343,-340
120000220,6,835,-829
120000225,2522,7,2515
120000226,536,5,531
120000227,1059,90,969
120000228,12373,4261,8112
120000230,551,21,530
120000231,1863,1564,299
120000233,471,4,467
120000235,286,461,-175
120000236,1478,2,1476
120000237,0,787,-787
120000238,5,1556,-1551
120000241,1213,4006,-2793
120000412,434,17,417
120000413,406,131,275
120000414,213,4,209
120000415,4,44,-40
120000416,87,3,84
120000417,12,60,-48
120000418,264,14,250
120000419,27,137,-110
120000420,31,11,20
120000421,7194,4908,2286
120000422,80,1489,-1409
120000423,2,97,-95
120000424,160,121,39
120000436,100,763,-663
120000437,108,93,15
120000438,1769,228,1541
120000439,297,622,-325
120000443,206,1,205
120000444,1473,357,1116
120000445,1902,821,1081
120000446,675,187,488
120000447,269,2,267
120000449,233,6,227
120000450,4,121,-117
120000451,162,204,-42
120000452,283,0,283
120000453,2,208,-206
120000454,69,52,17
120000455,62,36,26
120000456,2621,4312,-1691
120000457,846,402,444
120000458,444,520,-76
120000459,166,69,97
120000665,1094,299,795
120000668,154,1825,-1671
120000669,162,152,10
120000670,161,1632,-1471
120000671,1721,553,1168
120000672,59,390,-331
120900001,81,109,-28
120900002,321,691,-370
120900003,224,24,200
120900004,16,120,-104
120900005,46,559,-513
120900006,816,336,480
120900007,257,71,186
120900008,580,845,-265
120900009,286,37,249
120900010,612,166,446
120900011,131,207,-76
120900012,147,1562,-1415
120900013,459,108,351
120900014,2,283,-281
120900015,1121,95,1026
120900016,1120,108,1012
120900017,2153,83,2070
120900018,230,320,-90
120900019,719,429,290
120900020,677,1643,-966
120900021,1050,262,788
120900022,33,217,-184
120900023,411,37,374
120900024,2278,512,1766
120900025,1376,1120,256
120900026,191,176,15
120900027,942,14,928
120900028,551,139,412
120900029,110,711,-601
120900030,1705,871,834
120900031,364,117,247
120900032,1585,83,1502
120900033,1376,84,1292
120900034,29,2776,-2747
120900035,53,130,-77
120900037,294,20,274
120900038,100,397,-297
120900039,195,63,132
120900040,466,3,463
120900041,113,30,83
120900042,767,31,736
120900043,95,44,51
120900044,15,368,-353
120900045,131,87,44
120900046,652,7,645
120900047,221,159,62
120900048,175,38,137
120900049,603,3,600
120900050,1215,1965,-750
120900051,347,77,270
120900052,789,10,779
120900053,574,38,536
120900054,1391,491,900
120900055,523,6,517
120900056,798,41,757
120900057,239,14,225
120900058,751,1,750
120900059,179,2,177
120900060,110,19,91
120900061,224,220,4
120900062,301,2,299
120900063,818,8,810
120900064,800,0,800
120900065,778,17,761
120900066,574,349,225
120900067,190,52,138
120900068,348,0,348
120900069,336,42,294
120900071,45,7,38
120900072,1171,11,1160
120900073,764,85,679
120900074,1096,26,1070
120900076,436,0,436
120900077,1928,196,1732
120900078,1087,372,715
120900079,1142,104,1038
120900080,1022,815,207
120900081,1103,548,555
120900082,377,364,13
120900083,118,4,114
120900084,562,587,-25
120900085,71,113,-42
120900086,113,413,-300
120900087,511,386,125
120900088,247,639,-392
120900089,1926,3586,-1660
120900090,415,83,332
120900091,708,971,-263
120900092,837,401,436
120900093,1135,118,1017
120900094,350,162,188
120900095,465,36,429
120900096,52,204,-152
120900097,613,497,116
120900098,217,176,41
120900099,71,74,-3
120900100,143,182,-39
120900101,424,154,270
120900102,104,105,-1
120900103,52,252,-200
120900104,20,50,-30
120900105,33,280,-247
120900106,829,328,501
120900107,222,134,88
120900108,12,296,-284
120900109,30,394,-364
120900110,12,524,-512
120900111,182,216,-34
120900112,18,412,-394
120900113,23,432,-409
120900114,52,183,-131
120900115,151,251,-100
120900116,580,211,369
120900117,7,232,-225
120900118,17,424,-407
120900119,8823,3781,5042
120900120,179,611,-432
120900121,46,451,-405
120900122,795,238,557
120900123,2,186,-184
120900124,2,311,-309
120900125,4,562,-558
120900126,1339,743,596
120900127,13,269,-256
120900128,924,1101,-177
120900129,51,197,-146
120900130,15,437,-422
120900131,133,186,-53
120900132,1359,164,1195
120900133,65,441,-376
120900134,626,311,315
120900135,8,354,-346
120900136,89,262,-173
120900137,306,82,224
120900138,21,189,-168
120900139,2,403,-401
120900140,4,125,-121
120900141,306,136,170
120900142,10,187,-177
120900143,1,497,-496
120900144,0,84,-84
120900145,137,521,-384
120900146,1,564,-563
120900147,4,456,-452
120900148,183,126,57
120900149,0,157,-157
120900150,57,313,-256
120900151,0,330,-330
120900152,1,32,-31
120900153,92,72,20
120900154,1,110,-109
120900155,191,645,-454
120900156,70,199,-129
120900157,138,214,-76
120900158,71,335,-264
120900159,84,216,-132
120900160,31,553,-522
120900161,84,470,-386
120900162,76,780,-704
120900163,185,1607,-1422
120900164,0,83,-83
120900165,17,497,-480
120900166,185,570,-385
120900167,406,139,267
120900169,102,198,-96
120900170,576,3655,-3079
120900171,774,191,583
120900172,943,2435,-1492
120900173,0,53,-53
120900174,16,90,-74
120900175,203,128,75
120900176,11,428,-417
120900177,4,1578,-1574
120900178,0,777,-777
120900179,554,321,233
120900180,98,167,-69
120900181,311,53,258
120900182,39,246,-207
120900183,682,53,629
120900184,286,83,203
120900185,36,539,-503
120900186,0,206,-206
120900187,718,922,-204
120900188,260,17,243
120900189,77,1937,-1860
120900190,121,8,113
120900191,23,23,0
120900192,6100,10555,-4455
120900194,75,110,-35
120900195,91,281,-190
120900196,699,33,666
120900197,907,126,781
120900198,258,410,-152
120900199,549,1540,-991
120900200,47,125,-78
120900201,317,127,190
120900202,0,87,-87
120900203,48,70,-22
120900204,86,182,-96
120900205,54,21,33
120900206,23,34,-11
121000001,649,1074,-425
121000002,2465,1660,805
121000003,2549,1880,669
121000004,2666,3873,-1207
121000005,1511,2615,-1104
121000006,3389,2205,1184
121000007,2021,3172,-1151
121000008,5231,4371,860
121000009,4152,5885,-1733
121000010,7565,6510,1055
121000011,6200,10406,-4206
121000012,13588,9842,3746
121000013,4555,5663,-1108
121000014,5749,4925,824
121000015,3813,6946,-3133
121000016,3846,3544,302
121000017,2486,3538,-1052
121000018,2916,1796,1120
121000019,11804,11883,-79
121000020,11347,20111,-8764
121000021,2358,2015,343
121000022,2921,4007,-1086
121000023,2666,1865,801
121000024,4740,4480,260
121000025,505,1516,-1011
121000026,301,166,135
121000027,1341,1225,116
121000028,875,411,464
121000029,1004,620,384
121000030,725,504,221
121000031,608,547,61
121000032,190,105,85
121000034,356,254,102
121000035,170,181,-11
121000036,913,865,48
121000037,570,467,103
121000038,413,941,-528
121000039,253,311,-58
121000041,477,395,82
121000042,349,349,0
121000043,571,612,-41
121000044,1242,959,283
121000045,491,283,208
121000046,906,885,21
121000047,49,92,-43
121000049,1104,554,550
121000050,295,1449,-1154
121000051,645,246,399
121000052,391,721,-330
121000053,418,148,270
121000054,57,472,-415
121000055,892,1083,-191
121000056,799,1019,-220
121000057,493,438,55
121000058,327,236,91
121000059,2649,1346,1303
121000060,675,1169,-494
121000061,260,436,-176
121000062,217,454,-237
121000063,866,757,109
121000064,623,650,-27
121000065,238,462,-224
121000066,255,332,-77
121000067,467,568,-101
121000068,711,399,312
121000069,269,719,-450
121000070,1680,1029,651
121000071,1523,1485,38
121000072,1183,574,609
121000073,1160,1087,73
121000074,123,132,-9
121000075,59,266,-207
121000076,392,363,29
121000077,132,186,-54
121000078,103,168,-65
121000080,1735,590,1145
121000081,3338,3802,-464
121000082,80,256,-176
121000083,119,132,-13
121000084,203,183,20
121000085,246,441,-195
121000086,396,582,-186
121000087,78,240,-162
121000088,569,444,125
121000089,251,426,-175
121000090,331,318,13
121000091,1047,864,183
121000092,250,60,190
121000093,243,207,36
121000094,524,927,-403
121000095,462,650,-188
121000096,2435,2083,352
121000097,610,2258,-1648
121000098,694,512,182
121000099,700,534,166
121000100,977,275,702
121000101,485,222,263
121000102,407,130,277
121000103,307,132,175
121000104,437,111,326
121000105,631,149,482
121000106,378,186,192
121000107,2019,2739,-720
121000109,992,993,-1
121000110,280,661,-381
121000114,3160,1958,1202
121000115,1192,587,605
121000116,300,759,-459
121000117,449,194,255
121000118,1881,199,1682
121000119,284,338,-54
121000120,265,309,-44
121000121,731,1202,-471
121000123,1518,656,862
121000126,96,325,-229
121000127,172,87,85
121000128,1141,275,866
121000129,1105,611,494
121000130,709,575,134
121000131,1659,2018,-359
121000132,984,2189,-1205
121000135,362,1053,-691
121000136,1469,1200,269
121000137,509,439,70
121000138,1111,1568,-457
121000139,568,572,-4
121000141,283,170,113
121000142,600,696,-96
121000143,121,35,86
121000144,774,2114,-1340
121000145,546,659,-113
121000146,1552,969,583
121000147,1228,370,858
121000148,931,749,182
121000149,2245,1236,1009
121000152,449,331,118
121000153,1629,528,1101
121000154,1069,638,431
121000155,1450,1035,415
121000156,405,993,-588
121000157,728,1541,-813
121000158,297,416,-119
121000159,281,298,-17
121000160,301,267,34
121000161,299,254,45
121000162,172,99,73
121000165,1327,2297,-970
121000166,16,381,-365
121000168,554,268,286
121000169,95,117,-22
121000170,433,91,342
121000171,45,186,-141
121000172,800,551,249
121000173,1386,1382,4
121000174,431,458,-27
121000175,1105,291,814
121000176,382,263,119
121000177,915,473,442
121000178,98,46,52
121000179,47,58,-11
121000181,454,393,61
121000182,166,249,-83
121000183,96,118,-22
121000184,373,182,191
121000185,45,241,-196
121000186,293,583,-290
121000187,191,113,78
121000188,194,103,91
121000192,1060,395,665
121000193,739,513,226
121000194,1831,2097,-266
121000195,203,914,-711
121000196,589,228,361
121000197,191,621,-430
121000198,231,241,-10
121000199,143,203,-60
121000200,763,163,600
121000201,9,153,-144
121000202,1156,109,1047
121000203,895,1533,-638
121000204,3370,696,2674
121000205,172,282,-110
121000206,249,71,178
121000207,2298,643,1655
121000208,9,288,-279
121000209,541,115,426
121000210,747,214,533
121000211,536,156,380
121000212,675,488,187
121000213,9944,2822,7122
121000214,755,2034,-1279
121000215,840,1172,-332
121000216,550,564,-14
121000217,4037,3194,843
121000218,407,1576,-1169
121000219,1524,679,845
121000220,160,76,84
121000221,150,370,-220
121000222,2384,2507,-123
121000223,279,508,-229
121000224,153,324,-171
121000225,933,2054,-1121
121000226,3266,1395,1871
121000227,18,125,-107
121000228,19,478,-459
121000229,344,457,-113
121000230,57,1363,-1306
121000231,1518,44,1474
121000232,364,319,45
121000233,532,310,222
121000234,52,101,-49
121000235,77,81,-4
121000236,10,100,-90
121000237,32,23,9
121000238,19,102,-83
121000239,64,14,50
121000240,10,152,-142
121000241,103,25,78
121000242,113,697,-584
121000243,377,54,323
121000244,22,164,-142
121000245,71,25,46
121000246,0,104,-104
121000247,140,7,133
121000248,521,1142,-621
121000249,115,257,-142
121000250,736,311,425
121000251,26,205,-179
121000252,151,113,38
121000253,303,302,1
121000254,652,174,478
121000255,163,287,-124
121000256,355,198,157
121000257,96,244,-148
121000258,188,207,-19
121000259,48,87,-39
121000260,53,104,-51
121000261,73,90,-17
121000262,784,606,178
121000263,489,348,141
121000271,384,1204,-820
121000273,44,7,37
121000274,10,74,-64
121000275,4,15,-11
121000276,7,21,-14
121000278,54,29,25
121000279,21,42,-21
121000280,49,40,9
121000289,287,23,264
121000290,945,902,43
121000294,197,89,108
121000297,624,1194,-570
121000299,79,460,-381
121000300,790,689,101
121000302,40,977,-937
121000303,631,306,325
121000304,475,94,381
121000305,168,55,113
121000306,171,123,48
121000308,178,301,-123
121000309,376,467,-91
121000310,123,288,-165
121000311,90,628,-538
121000312,381,342,39
121000313,280,427,-147
121000314,72,122,-50
121000315,51,98,-47
121000530,1895,1078,817
121000531,1692,1176,516
121000532,6384,8248,-1864
121000533,3376,3550,-174
121000918,58,78,-20
121000919,41,91,-50
121000938,104,361,-257
121000939,138,302,-164
121000956,1662,833,829
121000957,11,14,-3
121000958,74,46,28
121000959,959,408,551
121000960,1608,1427,181
121000961,353,96,257
121000962,617,463,154
121000973,1,198,-197
121000976,17,239,-222
121000979,411,147,264
121000981,350,120,230
121000982,340,112,228
121000983,456,248,208
121000984,50,46,4
121000985,735,300,435
121000986,598,93,505
121000987,316,506,-190
121000988,1037,112,925
121001302,229,131,98
121001308,5,20,-15
121001309,22,316,-294
121001313,252,60,192
121001314,1410,2011,-601
121001315,5428,2964,2464
121900001,116,156,-40
121900002,36,27,9
121900003,368,33,335
121900004,119,333,-214
121900005,18,13,5
121900006,138,23,115
121900007,1761,2040,-279
121900008,434,440,-6
121900009,524,19,505
121900010,240,2,238
121900011,358,253,105
121900012,10,0,10
121900013,904,113,791
121900014,1518,343,1175
121900015,193,162,31
121900016,4,32,-28
121900017,653,331,322
121900018,356,16,340
121900019,592,207,385
121900020,21,4,17
121900021,1047,25,1022
121900022,222,248,-26
121900023,166,304,-138
121900024,324,64,260
121900025,683,330,353
121900026,254,52,202
121900027,566,180,386
121900028,257,10,247
121900029,109,184,-75
121900030,467,505,-38
121900031,850,6893,-6043
121900032,116,53,63
121900033,209,240,-31
121900034,298,103,195
121900035,2383,2572,-189
121900036,133,391,-258
121900037,205,897,-692
121900038,39,99,-60
121900039,297,49,248
121900040,64,89,-25
121900041,150,173,-23
121900042,437,168,269
121900043,55,12,43
121900044,95,96,-1
121900046,298,339,-41
121900047,218,59,159
121900048,81,92,-11
121900050,33,49,-16
121900051,195,121,74
121900052,188,36,152
121900053,466,363,103
121900054,520,785,-265
121900055,5,14,-9
121900058,403,148,255
121900059,476,185,291
121900060,247,276,-29
121900061,197,208,-11
121900062,157,175,-18
121900063,1724,443,1281
121900064,389,418,-29
121900066,64,33,31
121900067,93,44,49
121900069,169,104,65
121900070,272,156,116
121900071,537,257,280
121900072,55,93,-38
121900073,256,211,45
121900074,606,1240,-634
121900075,458,789,-331
121900076,600,503,97
121900077,27,18,9
121900078,129,48,81
121900079,1,2,-1
121900080,976,314,662
121900082,60,60,0
121900084,18,65,-47
121900085,5,8,-3
121900086,26,74,-48
121900087,143,133,10
121900088,1552,3072,-1520
121900089,267,296,-29
121900090,25,51,-26
121900091,90,71,19
121900092,131,99,32
121900093,93,63,30
121900094,23,13,10
121900095,416,190,226
121900096,1342,692,650
121900097,761,230,531
121900098,11,6,5
121900099,314,33,281
121900100,102,624,-522
121900101,135,136,-1
121900102,4,85,-81
121900103,507,230,277
121900104,1756,333,1423
121900105,431,265,166
121900106,5,29,-24
121900107,73,28,45
121900108,0,26,-26
121900109,265,131,134
121900110,726,497,229
121900111,786,288,498
121900112,235,163,72
121900113,78,545,-467
121900114,120,87,33
121900115,187,282,-95
121900117,244,241,3
121900118,1695,720,975
121900119,209,66,143
121900120,52,1218,-1166
121900121,444,39,405
121900122,58,78,-20
121900123,247,409,-162
121900124,172,134,38
121900125,1512,1135,377
121900127,14,100,-86
121900128,95,69,26
121900129,284,142,142
121900130,119,210,-91
121900131,205,94,111
121900132,66,62,4
121900133,90,1235,-1145
121900134,26,175,-149
121900135,3036,464,2572
121900136,487,185,302
121900137,52,275,-223
121900138,133,176,-43
121900139,336,739,-403
121900140,119,166,-47
121900141,61,31,30
121900142,165,103,62
121900143,20,182,-162
121900144,129,266,-137
121900145,256,390,-134
121900146,608,656,-48
121900147,54,201,-147
121900148,215,350,-135
121900149,343,478,-135
121900150,50,154,-104
121900151,83,230,-147
121900152,132,100,32
121900153,80,985,-905
121900154,14,259,-245
121900155,6,160,-154
121900156,146,115,31
121900157,2,241,-239
121900158,97,100,-3
121900159,1,187,-186
121900160,82,241,-159
121900161,238,396,-158
121900162,81,198,-117
121900163,427,389,38
121900164,358,166,192
121900165,381,107,274
121900166,166,131,35
121900167,82,129,-47
121900168,132,235,-103
121900169,5,151,-146
121900170,8,208,-200
121900171,824,503,321
121900172,508,217,291
121900173,722,314,408
121900174,44,62,-18
121900175,169,286,-117
121900176,545,1188,-643
121900177,175,81,94
121900178,40,29,11
121900179,517,187,330
121900180,1981,5817,-3836
121900182,751,338,413
121900183,863,1492,-629
121900184,117,669,-552
121900186,15,476,-461
121900187,32,192,-160
121900188,532,308,224
121900189,27,93,-66
121900190,220,397,-177
121900191,149,231,-82
121900192,275,820,-545
121900193,57,75,-18
121900194,7,360,-353
121900195,57,102,-45
121900196,888,979,-91
121900197,330,927,-597
121900198,1157,1045,112
121900199,6,35,-29
121900200,52,170,-118
121900201,660,979,-319
121900202,117,747,-630
121900203,146,1071,-925
121900204,615,1260,-645
121900205,14,82,-68
121900206,19,49,-30
121900207,90,47,43
121900208,126,333,-207
121900209,98,76,22
121900210,1265,938,327
121900211,11,94,-83
121900212,89,126,-37
121900213,237,61,176
121900214,8,502,-494
121900215,49,130,-81
121900216,55,346,-291
121900217,222,220,2
121900218,185,377,-192
121900220,113,9,104
121900221,294,593,-299
121900222,191,92,99
121900223,191,40,151
121900224,107,42,65
121900225,115,99,16
121900226,309,164,145
121900227,361,489,-128
121900228,148,234,-86
121900229,379,329,50
121900230,65,348,-283
121900231,157,1335,-1178
121900232,177,322,-145
121900233,186,166,20
121900234,524,174,350
121900235,668,103,565
121900236,363,138,225
121900237,202,256,-54
121900238,201,339,-138
121900239,242,43,199
121900240,316,137,179
121900241,92,45,47
121900242,12,0,12
121900243,14,1,13
121900244,28,9,19
121900245,198,52,146
121900246,2585,175,2410
121900247,321,216,105
121900248,1042,1210,-168
121900250,261,395,-134
121900251,435,64,371
121900252,595,167,428
121900253,93,620,-527
121900254,484,225,259
121900255,321,85,236
121900258,3315,2071,1244
121900259,251,673,-422
121900260,244,88,156
121900261,191,576,-385
121900262,345,1144,-799
121900263,309,231,78
121900264,1251,1313,-62
121900265,369,202,167
121900266,647,118,529
121900267,77,42,35
121900269,223,900,-677
121900270,58,233,-175
121900271,30,156,-126
121900273,452,1857,-1405
121900274,355,176,179
121900276,68,9,59
121900277,337,933,-596
121900278,96,702,-606
121900279,129,188,-59
121900280,161,413,-252
121900281,296,442,-146
121900284,116,15,101
121900286,182,650,-468
121900287,23,38,-15
121900290,250,532,-282
121900291,332,684,-352
121900292,137,132,5
121900293,790,2666,-1876
121900294,238,2,236
121900295,183,139,44
121900296,103,288,-185
121900298,232,903,-671
121900299,2,23,-21
121900300,115,13,102
121900301,64,6,58
121900302,8,55,-47
121900303,500,435,65
121900304,12,9,3
121900305,2,11,-9
121900306,219,3,216
121900307,120,17,103
121900308,10,173,-163
121900309,10,138,-128
121900310,9,208,-199
121900311,491,13,478
121900312,460,8,452
121900313,353,23,330
121900314,3,38,-35
121900315,17,3,14
121900316,0,5,-5
121900317,16,0,16
121900318,2,9,-7
121900319,38,181,-143
121900320,43,56,-13
121900321,20,1,19
121900322,6,15,-9
121900323,22,33,-11
121900324,29,47,-18
121900325,17,1,16
121900326,3,27,-24
121900327,7,34,-27
121900328,1,19,-18
121900329,2,59,-57
121900330,1,57,-56
121900331,47,27,20
121900332,114,35,79
121900333,8,0,8
122000001,1650,5010,-3360
122000002,2941,1275,1666
122000003,1409,2698,-1289
122000004,2207,1534,673
122000005,2485,2193,292
122000006,1283,1012,271
122000007,715,1539,-824
122000008,1837,3784,-1947
122000009,377,428,-51
122000010,1997,2678,-681
122000011,3581,1697,1884
122000012,874,2079,-1205
122000013,821,1132,-311
122000014,1866,1055,811
122000015,1237,1046,191
122000016,538,837,-299
122000017,1142,1104,38
122000018,1527,1633,-106
122000019,908,1005,-97
122000020,230,288,-58
122000021,241,465,-224
122000022,981,1006,-25
122000023,798,1644,-846
122000024,641,1782,-1141
122000025,731,2085,-1354
122000026,591,1254,-663
122000027,605,1333,-728
122000028,948,607,341
122000029,502,540,-38
122000030,210,162,48
122000031,185,366,-181
122000032,2078,2161,-83
122000033,527,1588,-1061
122000034,555,715,-160
122000035,315,681,-366
122000036,524,376,148
122000037,416,265,151
122000038,260,340,-80
122000039,534,464,70
122000040,268,282,-14
122000041,440,611,-171
122000042,294,379,-85
122000043,106,109,-3
122000044,130,119,11
122000045,1196,531,665
122000046,817,707,110
122000047,246,217,29
122000048,3077,4694,-1617
122000049,5645,3516,2129
122000050,1196,734,462
122000051,198,362,-164
122000052,466,465,1
122000053,182,1002,-820
122000054,2288,2000,288
122000055,2045,3582,-1537
122000056,3619,3162,457
122000057,2291,3854,-1563
122000058,1362,1760,-398
122000059,1506,2333,-827
122000060,443,901,-458
122000061,328,690,-362
122000062,643,283,360
122000063,850,924,-74
122000064,3088,3827,-739
122000065,2754,2314,440
122000066,975,1003,-28
122000067,1376,1109,267
122000068,1747,1198,549
122000069,853,674,179
122000070,959,1441,-482
122000071,1973,1107,866
122000072,530,471,59
122000073,251,864,-613
122000074,3504,1602,1902
122000075,974,1208,-234
122000076,3536,1360,2176
122000077,807,1333,-526
122000078,1231,2907,-1676
122000079,656,1553,-897
122000080,579,413,166
122000081,177,241,-64
122000082,422,1193,-771
122000083,2555,1266,1289
122000084,2029,1172,857
122000085,340,765,-425
122000086,2216,5879,-3663
122000087,360,572,-212
122000088,527,657,-130
122000089,4218,2592,1626
122000090,196,642,-446
122000091,182,95,87
122000092,64,45,19
122000093,1689,2750,-1061
122000094,4368,3552,816
122000095,1512,4771,-3259
122000096,988,1908,-920
122000098,2543,3684,-1141
122000099,1217,872,345
122000100,779,605,174
122000101,359,485,-126
122000102,1868,978,890
122000103,2038,1533,505
122000104,498,183,315
122000105,377,301,76
122000106,482,903,-421
122000107,1120,445,675
122000108,511,772,-261
122000109,426,286,140
122000110,545,550,-5
122000111,2657,1482,1175
122000112,1147,1353,-206
122000113,682,653,29
122000114,2367,1826,541
122000115,1725,1339,386
122000116,459,603,-144
122000117,1002,374,628
122000118,634,701,-67
122000119,2166,1736,430
122000120,1067,2667,-1600
122000121,930,2146,-1216
122000122,452,1300,-848
122000123,1279,1514,-235
122000124,902,611,291
122000125,492,717,-225
122000126,486,857,-371
122000127,688,826,-138
122000128,306,487,-181
122000129,478,1718,-1240
122000130,2615,1260,1355
122000131,1127,761,366
122000132,224,374,-150
122000133,963,919,44
122000134,1045,788,257
122000135,623,503,120
122000136,863,578,285
122000137,2270,794,1476
122000139,894,3960,-3066
122000140,611,605,6
122000141,2927,1141,1786
122000142,239,815,-576
122000143,372,377,-5
122000144,1474,820,654
122000145,810,778,32
122000146,459,1569,-1110
122000147,540,414,126
122000148,1047,2322,-1275
122000149,1914,1286,628
122000150,1178,845,333
122000151,150,322,-172
122000152,262,325,-63
122000153,340,228,112
122000154,213,203,10
122000155,1490,2626,-1136
122000156,2445,2771,-326
122000157,1079,2834,-1755
122000158,283,459,-176
122000159,531,918,-387
122000160,2326,1566,760
122000161,1028,971,57
122000162,1416,1833,-417
122000163,221,112,109
122000164,58,148,-90
122000165,872,727,145
122000166,792,1058,-266
122000167,340,330,10
122000168,224,613,-389
122000169,281,210,71
122000170,378,239,139
122000171,61,97,-36
122000172,1470,1292,178
122000173,1313,2535,-1222
122000174,2250,1145,1105
122000175,759,295,464
122000176,275,757,-482
122000177,1243,1569,-326
122000178,2586,2550,36
122000179,1555,2484,-929
122000180,1324,1403,-79
122000181,1188,2941,-1753
122000182,1401,1802,-401
122000183,2127,1070,1057
122000184,2881,2674,207
122000185,1185,1948,-763
122000186,434,880,-446
122000187,2123,861,1262
122000188,354,264,90
122000189,154,313,-159
122000190,850,1234,-384
122000191,886,940,-54
122000192,1425,341,1084
122000193,508,734,-226
122000194,519,186,333
122000195,125,425,-300
122000196,1316,544,772
122000197,515,565,-50
122000198,372,923,-551
122000199,285,342,-57
122000200,862,649,213
122000201,1171,1510,-339
122000202,1399,1766,-367
122000203,2293,1207,1086
122000204,1048,1583,-535
122000205,859,1119,-260
122000206,2334,705,1629
122000207,2184,1162,1022
122000208,2650,1339,1311
122000209,1822,387,1435
122000210,1953,1430,523
122000211,1498,1077,421
122000212,866,627,239
122000213,957,1467,-510
122000214,2120,1976,144
122000215,1980,1865,115
122000217,1487,1414,73
122000218,740,103,637
122000219,976,822,154
122000220,323,632,-309
122000221,66,411,-345
122000222,586,173,413
122000223,1212,561,651
122000225,930,315,615
122000226,1589,1417,172
122000227,229,1992,-1763
122000228,324,278,46
122000229,10,508,-498
122000230,56,354,-298
122000231,332,692,-360
122000232,603,701,-98
122000233,0,66,-66
122000234,492,52,440
122000235,488,77,411
122000236,1718,73,1645
122000237,117,86,31
122000238,396,389,7
122000239,808,188,620
122000240,1387,605,782
122000241,1621,423,1198
122000242,788,96,692
122000243,64,31,33
122000244,15,237,-222
122000245,7,63,-56
122000246,42,121,-79
122000247,479,151,328
122000248,754,956,-202
122000249,926,850,76
122000250,1902,889,1013
122000251,257,405,-148
122000252,362,140,222
122000253,56,228,-172
122000254,296,96,200
122000255,755,920,-165
122000256,404,566,-162
122000257,220,166,54
122000258,370,272,98
122000259,22,312,-290
122000260,5,46,-41
122000261,18,277,-259
122000262,0,37,-37
122000263,402,557,-155
122000264,1692,265,1427
122000265,2464,869,1595
122000266,4257,658,3599
122000267,165,155,10
122000268,219,243,-24
122000269,924,283,641
122000270,517,145,372
122000271,217,839,-622
122000272,334,634,-300
122000273,309,334,-25
122000274,198,157,41
122000275,66,146,-80
122000276,866,463,403
122000277,1212,1455,-243
122000278,1694,460,1234
122000279,301,279,22
122000280,856,485,371
122000281,1051,771,280
122000282,263,359,-96
122000283,289,167,122
122000284,233,64,169
122000285,309,83,226
122000286,57,174,-117
122000287,1375,1252,123
122000288,505,265,240
122000291,2357,694,1663
122000293,214,180,34
122000294,139,291,-152
122000295,1290,151,1139
122000296,35,477,-442
122000297,1971,3697,-1726
122000299,508,498,10
122000300,490,674,-184
122000301,6353,3234,3119
122000302,510,2310,-1800
122000303,2407,1166,1241
122000304,100,194,-94
122000305,1307,180,1127
122000306,32,359,-327
122000307,152,108,44
122000309,99,39,60
122000310,25,94,-69
122000311,132,125,7
122000312,170,159,11
122000313,95,69,26
122000314,109,238,-129
122000315,326,61,265
122000316,1048,301,747
122000317,1950,290,1660
122000318,309,934,-625
122000319,179,340,-161
122000320,320,960,-640
122000321,84,110,-26
122000322,1380,2030,-650
122000323,1050,2140,-1090
122000324,1150,1174,-24
122000325,867,2167,-1300
122000326,92,86,6
122000327,418,612,-194
122000328,528,383,145
122000330,1418,1049,369
122000332,223,297,-74
122000333,14,72,-58
122000337,1132,595,537
122000338,588,292,296
122000340,242,688,-446
122000342,1207,767,440
122000343,430,473,-43
122000344,83,21,62
122000345,37,17,20
122000346,414,282,132
122000348,934,698,236
122000349,124,567,-443
122000351,194,195,-1
122000352,390,155,235
122000353,162,76,86
122000355,173,300,-127
122000356,971,1223,-252
122000357,127,31,96
122000358,0,24,-24
122000359,0,15,-15
122000360,0,15,-15
122000362,12,44,-32
122000364,243,291,-48
122000365,1,62,-61
122000366,11,5,6
122000368,451,595,-144
122000370,45,35,10
122000371,37,0,37
122000372,13,2,11
122000381,158,313,-155
122000382,103,195,-92
122000384,1667,1159,508
122000385,87,1,86
122000386,273,1697,-1424
122000387,550,608,-58
122000388,1507,723,784
122000389,209,756,-547
122000390,318,293,25
122000391,289,467,-178
122000392,172,133,39
122000393,41,95,-54
122000394,657,233,424
122000395,97,66,31
122000396,244,99,145
122000397,41,28,13
122000398,42,42,0
122000399,142,58,84
122000400,101,731,-630
122000401,127,61,66
122000402,444,101,343
122000403,616,452,164
122000404,215,169,46
122000408,713,975,-262
122000503,14,95,-81
122000524,138,179,-41
122000544,70,2096,-2026
122000616,335,6,329
122000640,94,90,4
122000641,104,188,-84
122000642,1095,646,449
122000643,75,194,-119
122000644,113,55,58
122000645,99,213,-114
122000651,892,1111,-219
122000664,127,33,94
122000665,1222,480,742
122000666,786,1078,-292
122000673,32,143,-111
122000674,196,74,122
122000675,1948,577,1371
122000686,398,665,-267
122000687,1497,252,1245
122000688,268,354,-86
122000689,1041,308,733
122000690,2641,269,2372
122000691,714,790,-76
122000692,2026,277,1749
122000693,444,941,-497
122000695,462,244,218
122000696,633,128,505
122000698,522,291,231
122000699,209,95,114
122000701,1670,289,1381
122000702,468,838,-370
122000703,192,54,138
122000717,57,52,5
122000718,309,868,-559
122000719,137,108,29
122000720,552,98,454
122000724,29,11,18
122900001,43,7,36
122900002,1050,6234,-5184
122900003,431,48,383
122900004,1825,104,1721
122900005,138,139,-1
122900006,736,1066,-330
122900007,130,133,-3
122900008,452,163,289
122900009,617,543,74
122900010,220,103,117
122900012,202,352,-150
122900014,150,183,-33
122900015,987,1480,-493
122900016,117,232,-115
122900017,336,656,-320
122900018,210,30,180
122900019,18,107,-89
122900020,193,447,-254
122900021,46,445,-399
122900022,1123,707,416
122900023,627,159,468
122900024,178,106,72
122900025,10,359,-349
122900026,33,182,-149
122900027,52,474,-422
122900028,123,146,-23
122900029,3776,2880,896
122900030,1272,649,623
122900031,92,348,-256
122900032,135,462,-327
122900033,224,159,65
122900034,3614,4933,-1319
122900035,54,29,25
122900036,113,58,55
122900037,400,136,264
122900038,101,3363,-3262
122900039,109,546,-437
122900040,252,477,-225
122900041,374,355,19
122900042,189,338,-149
122900043,404,230,174
122900044,94,337,-243
122900045,143,124,19
122900046,223,273,-50
122900047,145,178,-33
122900048,44,204,-160
122900049,1037,154,883
122900051,75,145,-70
122900052,121,139,-18
122900053,22,23,-1
122900055,303,106,197
122900057,225,39,186
122900061,525,199,326
122900062,667,690,-23
122900063,142,157,-15
122900064,826,459,367
122900065,591,208,383
122900066,801,376,425
122900067,860,492,368
122900068,104,284,-180
122900069,423,1476,-1053
122900070,369,48,321
122900071,111,238,-127
122900072,13,338,-325
122900073,20,133,-113
122900074,970,408,562
122900075,0,71,-71
122900076,1,123,-122
122900077,1,88,-87
122900078,214,35,179
122900080,43,69,-26
122900081,176,115,61
122900082,1066,135,931
122900083,151,88,63
122900084,6,158,-152
122900086,23,142,-119
122900087,312,346,-34
122900088,38,324,-286
122900089,33,308,-275
122900090,9,240,-231
122900091,302,1,301
122900092,0,85,-85
122900093,0,98,-98
122900094,3,103,-100
122900095,282,7,275
122900096,453,42,411
122900097,61,35,26
122900098,28,127,-99
122900099,81,17,64
122900100,257,503,-246
122900101,393,281,112
122900102,12,30,-18
122900103,110,5,105
122900104,286,7,279
122900105,20,8,12
122900106,9,39,-30
122900107,3,95,-92
122900108,2,73,-71
123000001,972,523,449
123000002,2777,6083,-3306
123000003,4248,4809,-561
123000004,2399,3898,-1499
123000005,2955,2839,116
123000006,1779,1856,-77
123000007,4478,2485,1993
123000008,2397,2406,-9
123000009,4949,2684,2265
123000010,3109,2990,119
123000011,1940,809,1131
123000012,579,2035,-1456
123000013,3603,878,2725
123000014,691,3079,-2388
123000015,2419,1139,1280
123000016,2804,4769,-1965
123000017,3036,1703,1333
123000018,61,99,-38
123000019,513,76,437
123000020,317,50,267
123000021,172,192,-20
123000022,279,1814,-1535
123000023,1830,1911,-81
123000024,1898,703,1195
123000025,171,122,49
123000026,44,155,-111
123000027,130,654,-524
123000028,1453,664,789
123000029,673,1324,-651
123000030,302,156,146
123000031,369,145,224
123000032,565,94,471
123000033,274,80,194
123000034,1101,744,357
123000035,538,455,83
123000036,289,986,-697
123000037,311,249,62
123000038,303,233,70
123000039,514,1852,-1338
123000040,570,273,297
123000041,878,1338,-460
123000042,536,636,-100
123000043,2231,12319,-10088
123000044,3241,2659,582
123000045,4185,3057,1128
123000046,514,1749,-1235
123000047,1358,966,392
123000048,121,995,-874
123000049,5161,11533,-6372
123000050,1915,1732,183
123000051,48,193,-145
123000052,931,3375,-2444
123000053,2513,2848,-335
123000054,1849,1803,46
123000055,1721,3508,-1787
123000056,1068,1572,-504
123000057,5739,7480,-1741
123000058,598,1283,-685
123000059,290,465,-175
123000060,1013,357,656
123000061,257,535,-278
123000063,848,987,-139
123000064,1168,233,935
123000065,3805,2428,1377
123000066,538,519,19
123000067,979,405,574
123000068,2247,2372,-125
123000069,5390,2353,3037
123000070,148,497,-349
123000071,1501,731,770
123000072,1220,635,585
123000073,1573,785,788
123000074,988,715,273
123000075,367,1340,-973
123000076,753,425,328
123000077,1711,1591,120
123000078,1905,1311,594
123000079,1912,1490,422
123000080,2575,1080,1495
123000081,140,283,-143
123000082,274,755,-481
123000083,1147,253,894
123000084,797,353,444
123000085,591,50,541
123000086,732,94,638
123000087,571,236,335
123000088,1236,530,706
123000089,581,902,-321
123000090,1328,738,590
123000091,1288,1246,42
123000092,795,1114,-319
123000094,635,231,404
123000095,778,559,219
123000096,849,326,523
123000097,664,407,257
123000098,848,456,392
123000099,715,464,251
123000100,459,717,-258
123000101,538,598,-60
123000102,445,748,-303
123000104,416,456,-40
123000105,472,409,63
123000106,339,464,-125
123000107,255,418,-163
123000108,436,928,-492
123000111,1122,302,820
123000112,1681,441,1240
123000113,485,745,-260
123000114,347,605,-258
123000115,324,226,98
123000116,39,70,-31
123000117,1815,1183,632
123000118,439,674,-235
123000119,222,574,-352
123000120,316,486,-170
123000121,441,473,-32
123000122,254,262,-8
123000123,501,567,-66
123000124,410,350,60
123000125,1292,1342,-50
123000126,1137,4920,-3783
123000127,555,533,22
123000128,333,216,117
123000129,936,163,773
123000130,862,85,777
123000131,1192,826,366
123000132,230,474,-244
123000133,214,256,-42
123000134,205,118,87
123000135,3191,970,2221
123000136,221,505,-284
123000137,103,180,-77
123000138,93,250,-157
123000139,660,85,575
123000140,93,456,-363
123000141,851,144,707
123000142,844,737,107
123000143,981,1386,-405
123000144,40,35,5
123000145,184,269,-85
123000146,35,84,-49
123000147,78,64,14
123000149,459,362,97
123000150,172,178,-6
123000151,343,564,-221
123000152,83,449,-366
123000153,230,777,-547
123000154,1540,1967,-427
123000155,1908,1373,535
123000156,44,84,-40
123000157,656,840,-184
123000158,508,723,-215
123000159,2999,2796,203
123000160,1154,829,325
123000161,1882,1174,708
123000162,1383,1632,-249
123000163,717,132,585
123000164,1954,287,1667
123000165,417,1020,-603
123000166,25,123,-98
123000167,121,212,-91
123000168,274,200,74
123000169,1034,118,916
123000170,65,105,-40
123000171,948,18,930
123000172,126,389,-263
123000173,539,298,241
123000174,1200,483,717
123000175,464,915,-451
123000176,1396,242,1154
123000177,345,711,-366
123000178,801,142,659
123000179,55,387,-332
123000180,1733,295,1438
123000181,265,791,-526
123000182,312,241,71
123000183,196,487,-291
123000184,96,394,-298
123000185,1015,264,751
123000186,4,405,-401
123000187,691,8,683
123000188,145,1,144
123000189,226,132,94
123000190,80,90,-10
123000192,25,288,-263
123000193,71,603,-532
123000194,350,249,101
123000195,348,52,296
123000196,387,29,358
123000197,72,81,-9
123000198,42,1082,-1040
123000199,18,629,-611
123000200,595,7,588
123000201,1241,23,1218
123000202,14,571,-557
123000203,1133,62,1071
123000204,78,658,-580
123000205,311,1017,-706
123000206,2408,232,2176
123000207,67,586,-519
123000208,524,222,302
123000209,2362,683,1679
123000210,435,1411,-976
123000211,465,1570,-1105
123000212,3518,521,2997
123000213,626,67,559
123000215,53,220,-167
123000216,197,732,-535
123000217,193,28,165
123000218,37,676,-639
123000219,548,95,453
123000220,514,118,396
123000221,171,60,111
123000222,550,252,298
123000223,644,151,493
123000224,444,241,203
123000225,264,43,221
123000226,83,283,-200
123000227,80,233,-153
123000228,307,58,249
123000229,713,1042,-329
123000232,87,446,-359
123000233,865,137,728
123000234,198,479,-281
123000235,1671,262,1409
123000236,313,461,-148
123000237,342,82,260
123000238,58,291,-233
123000239,401,855,-454
123000240,72,601,-529
123000241,276,72,204
123000242,329,147,182
123000243,799,756,43
123000244,880,714,166
123000245,45,136,-91
123000249,903,486,417
123000252,1011,328,683
123000253,1715,453,1262
123000254,758,684,74
123000255,1451,727,724
123000256,21,193,-172
123000257,2056,1307,749
123000258,872,555,317
123000259,451,341,110
123000260,535,254,281
123000261,379,108,271
123000262,82,102,-20
123000263,514,73,441
123000264,227,74,153
123000265,29,111,-82
123000266,697,532,165
123000267,840,342,498
123000268,38,66,-28
123000269,55,45,10
123000270,36,48,-12
123000271,59,66,-7
123000272,740,295,445
123000273,293,834,-541
123000274,1226,578,648
123000275,249,589,-340
123000278,1780,2217,-437
123000279,123,87,36
123000280,398,221,177
123000281,306,112,194
123000282,100,232,-132
123000283,165,54,111
123000284,55,54,1
123000286,210,312,-102
123000287,482,274,208
123000288,1605,1162,443
123000289,401,1496,-1095
123000291,260,739,-479
123000294,182,193,-11
123000295,923,1055,-132
123000296,788,514,274
123000297,721,297,424
123000298,755,210,545
123000299,69,95,-26
123000300,1287,940,347
123000301,119,273,-154
123000302,81,116,-35
123000303,101,162,-61
123000305,923,884,39
123000306,180,77,103
123000309,52,46,6
123000310,51,28,23
123000311,0,81,-81
123000312,327,431,-104
123000313,653,342,311
123000315,138,198,-60
123000316,690,76,614
123000317,224,93,131
123000318,51,166,-115
123000329,29,14,15
123000337,778,661,117
123000338,336,147,189
123000339,379,93,286
123000340,104,237,-133
123000342,14,40,-26
123000343,40,6,34
123000344,757,291,466
123000345,388,487,-99
123000346,448,29,419
123000352,835,804,31
123000353,31,162,-131
123000354,223,7,216
123000355,0,190,-190
123000356,404,10,394
123000357,1,81,-80
123000359,7,92,-85
123000360,197,54,143
123000361,150,231,-81
123000362,569,69,500
123000363,141,106,35
123000364,549,494,55
123000365,15,478,-463
123000366,345,2212,-1867
123000367,258,716,-458
123000370,32,181,-149
123000371,647,33,614
123000372,339,17,322
123000373,2,211,-209
123000374,13,169,-156
123000375,350,40,310
123000376,941,580,361
123000377,707,11,696
123000378,14,171,-157
123000379,2,130,-128
123000380,28,514,-486
123000381,74,123,-49
123000382,649,148,501
123000383,85,1445,-1360
123000384,423,113,310
123000385,133,487,-354
123000436,26,1248,-1222
123000507,113,209,-96
123000508,144,1179,-1035
123000517,254,31,223
123000518,37,249,-212
123000519,194,72,122
123000520,63,210,-147
123000521,412,81,331
123000522,133,331,-198
123000541,9,0,9
123000542,0,8,-8
123000565,904,25,879
123000566,308,208,100
123000567,82,116,-34
123000573,40,456,-416
123000574,1082,87,995
123000575,1600,698,902
123000576,1358,821,537
123000577,69,639,-570
123000578,342,74,268
123000579,1190,7118,-5928
123000580,128,42,86
123000582,590,36,554
123000583,20,254,-234
123000584,221,322,-101
123000585,0,84,-84
123000586,133,38,95
123000596,97,82,15
123000597,61,85,-24
123000602,47,8,39
123000603,1108,414,694
123000604,521,322,199
123000605,705,136,569
123000606,0,376,-376
123000609,14,296,-282
123000610,184,121,63
123000613,44,143,-99
123000614,284,32,252
123000615,34,63,-29
123000616,1087,54,1033
123000617,125,162,-37
123000618,69,383,-314
123000619,535,57,478
123000620,21,276,-255
123000622,633,16,617
123000624,263,24,239
123000630,1212,459,753
123000631,190,534,-344
123000632,478,528,-50
123000633,0,100,-100
123000634,41,187,-146
123000635,71,73,-2
123000636,63,306,-243
123000637,325,43,282
123000638,580,30,550
123000639,850,5610,-4760
123000640,21,409,-388
123900001,904,43,861
123900002,24,1273,-1249
123900003,213,305,-92
123900005,294,163,131
123900006,332,59,273
124000001,1935,152,1783
124000002,77,1074,-997
124000003,1134,138,996
124000004,62,327,-265
124000005,1235,760,475
124000006,177,612,-435
124000007,442,124,318
124000008,22,370,-348
124000009,692,209,483
124000010,167,264,-97
124000011,1133,284,849
124000012,247,255,-8
124000017,213,148,65
124000018,128,62,66
124000019,155,146,9
124000020,34,114,-80
124000021,129,120,9
124000022,110,162,-52
124000023,1430,1514,-84
124000024,1131,396,735
124000025,1189,1750,-561
124000026,860,789,71
124000027,4551,5136,-585
124000028,1202,3491,-2289
124000030,1853,1179,674
124000031,1287,4846,-3559
124000032,1479,680,799
124000033,211,279,-68
124000034,602,471,131
124000035,37,229,-192
124000036,35,129,-94
124000037,638,1112,-474
124000038,53,60,-7
124000039,861,425,436
124000040,475,1057,-582
124000041,595,117,478
124000042,122,348,-226
124000043,146,146,0
124000044,49,119,-70
124000045,1051,418,633
124000046,291,469,-178
124000047,2330,656,1674
124000048,1013,643,370
124000049,2160,580,1580
124000050,784,1040,-256
124000051,1268,460,808
124000052,504,571,-67
124000053,544,1803,-1259
124000054,700,315,385
124000055,1468,3407,-1939
124000056,1313,923,390
124000057,1167,620,547
124000058,413,833,-420
124000059,719,1446,-727
124000060,698,518,180
124000061,1318,5964,-4646
124000062,2088,1565,523
124000063,1020,1358,-338
124000064,1648,980,668
124000065,5,493,-488
124000066,79,45,34
124000067,234,134,100
124000068,10,8,2
124000069,192,10,182
124000070,54,55,-1
124000071,527,120,407
124000072,260,328,-68
124000073,1304,151,1153
124000074,177,426,-249
124000075,456,41,415
124000076,17,77,-60
124000077,1174,766,408
124000078,2720,1160,1560
124000079,245,1242,-997
124000080,700,223,477
124000081,190,419,-229
124000082,86,225,-139
124000083,270,73,197
124000084,61,407,-346
124000085,111,42,69
124000086,34,158,-124
124000087,111,125,-14
124000088,211,559,-348
124000089,891,254,637
124000090,91,209,-118
124000091,430,86,344
124000092,81,275,-194
124000093,95,186,-91
124000094,136,582,-446
124000095,107,70,37
124000096,130,183,-53
124000097,98,114,-16
124000098,63,52,11
124000099,281,87,194
124000100,102,90,12
124000101,103,119,-16
124000102,62,45,17
124000103,151,113,38
124000104,65,36,29
124000105,113,80,33
124000106,119,31,88
124000107,19,165,-146
124000108,48,13,35
124000109,123,94,29
124000110,124,75,49
124000111,174,124,50
124000112,838,506,332
124000113,95,79,16
124000114,299,276,23
124000115,356,419,-63
124000116,101,174,-73
124000117,52,73,-21
124000118,54,78,-24
124000119,837,486,351
124000120,553,417,136
124000121,1112,667,445
124000122,463,1191,-728
124000123,1056,479,577
124000124,396,877,-481
124000125,438,481,-43
124000126,275,530,-255
124000127,940,270,670
124000128,528,722,-194
124000129,2157,1576,581
124000130,689,490,199
124000131,920,594,326
124000132,794,743,51
124000133,918,801,117
124000134,974,428,546
124000135,1682,2023,-341
124000136,700,727,-27
124000137,1039,1017,22
124000138,1400,1077,323
124000139,462,35,427
124000140,21,266,-245
124000141,149,4,145
124000142,21,132,-111
124000143,55,18,37
124000144,13,49,-36
124000145,193,48,145
124000146,35,37,-2
124000148,25,105,-80
124000149,1197,379,818
124000150,229,466,-237
124000151,956,503,453
124000152,652,880,-228
124000153,963,1254,-291
124000154,376,811,-435
124000155,1278,960,318
124000156,1029,1077,-48
124000169,216,400,-184
124000170,424,376,48
124000171,385,222,163
124000172,316,342,-26
124000173,551,176,375
124000174,353,417,-64
124000175,5,84,-79
124000176,89,36,53
124000177,7,34,-27
124000178,40,77,-37
124000190,22,42,-20
124000191,29,79,-50
124000192,1248,407,841
124000193,244,732,-488
124000194,287,336,-49
124000195,294,540,-246
124000196,784,682,102
124000197,50,36,14
124000198,42,56,-14
124000201,305,630,-325
124000202,738,279,459
124000203,593,280,313
124000204,1134,243,891
124000205,131,304,-173
124000206,885,209,676
124000207,0,44,-44
124000209,184,279,-95
124000210,691,182,509
124000211,791,1,790
124000212,2,257,-255
124000213,730,193,537
124000214,575,305,270
124000215,513,32,481
124000216,1,196,-195
124000329,152,911,-759
124000338,77,417,-340
124000339,1388,89,1299
124000341,1768,70,1698
124000344,53,0,53
124000357,1375,2462,-1087
124000358,986,1541,-555
124000359,1739,728,1011
124000360,1177,442,735
124000361,1973,854,1119
124000362,900,1124,-224
124000363,245,329,-84
124000364,500,787,-287
124000365,503,807,-304
124000366,966,732,234
124000367,66,254,-188
124000368,413,543,-130
124000369,126,85,41
124000370,50,363,-313
124000402,24,20,4
124000403,131,25,106
124000404,13,69,-56
124000405,1022,772,250
124000406,654,857,-203
124000407,0,29,-29
124000411,5,182,-177
124000412,444,11,433
124000413,89,30,59
124000414,72,126,-54
124000415,60,48,12
124000416,152,112,40
124000417,204,94,110
124000418,196,109,87
124000419,88,93,-5
124000420,109,47,62
124000421,59,62,-3
124000422,28,14,14
124000423,159,45,114
124000424,6,43,-37
124000425,50,27,23
124000426,11,23,-12
124000427,51,8,43
124000428,8,60,-52
124000429,67,49,18
124000430,886,492,394
124000431,369,408,-39
124000432,375,476,-101
124000439,6,3,3
124000442,12,56,-44
124000443,0,5,-5
124000445,81,586,-505
124000446,379,83,296
124900001,649,421,228
124900002,172,172,0
124900003,1154,458,696
124900004,771,298,473
124900005,230,93,137
124900006,878,273,605
124900008,1017,662,355
124900009,192,470,-278
124900010,341,195,146
124900011,855,413,442
124900012,541,86,455
124900013,731,171,560
124900014,480,68,412
124900015,190,488,-298
124900016,88,122,-34
124900017,493,2597,-2104
124900018,111,9,102
124900020,109,81,28
124900021,378,35,343
124900022,71,23,48
124900024,290,16,274
124900026,265,35,230
124900027,130,580,-450
124900028,386,96,290
124900029,17,560,-543
124900030,5,102,-97
124900031,63,248,-185
124900032,183,254,-71
124900033,113,208,-95
124900034,3,106,-103
124900035,192,385,-193
124900036,2,42,-40
124900037,184,169,15
124900038,241,171,70
124900039,0,110,-110
124900040,151,98,53
124900041,211,490,-279
124900042,103,7,96
124900043,404,578,-174
124900044,139,2,137
124900045,633,1026,-393
124900046,648,232,416
124900047,70,153,-83
124900048,164,80,84
124900050,124,143,-19
124900052,107,260,-153
124900053,242,195,47
124900054,1007,505,502
124900055,1,161,-160
124900057,9,44,-35
124900060,58,162,-104
124900061,116,27,89
124900062,193,25,168
124900066,0,13,-13
124900067,8,98,-90
124900068,195,776,-581
124900070,63,21,42
124900072,171,47,124
124900074,659,139,520
124900075,299,147,152
124900076,26,1286,-1260
124900077,21,98,-77
124900078,60,13,47
124900079,327,189,138
124900080,295,303,-8
124900081,1197,306,891
124900082,263,422,-159
124900083,290,297,-7
124900084,994,147,847
124900085,611,653,-42
124900086,85,1650,-1565
124900087,368,135,233
124900088,378,120,258
124900089,904,39,865
124900090,515,224,291
124900091,367,198,169
124900092,249,132,117
124900093,380,172,208
124900094,523,214,309
124900095,119,575,-456
124900096,499,295,204
124900097,435,69,366
124900098,115,293,-178
124900099,434,539,-105
124900100,319,84,235
124900101,62,338,-276
124900102,327,25,302
124900103,158,152,6
124900104,68,113,-45
124900105,80,100,-20
124900106,442,63,379
124900107,226,44,182
124900108,109,102,7
124900109,113,137,-24
124900110,382,248,134
124900111,3,169,-166
124900112,54,331,-277
124900113,89,253,-164
124900114,114,126,-12
124900115,67,48,19
124900116,275,266,9
124900117,223,179,44
124900118,159,235,-76
124900119,513,193,320
124900120,38,191,-153
124900121,99,408,-309
124900122,139,144,-5
124900123,186,112,74
124900124,117,216,-99
129000186,156,85,71
204000001,22,3,19
204000002,5,6,-1
204000003,31,3,28
204000004,8,3,5
204000005,586,333,253
204000006,1292,997,295
204000011,7,24,-17
204000012,51,66,-15
204000013,4,38,-34
204000019,738,403,335
204000020,672,577,95
204000021,1551,870,681
204000022,595,395,200
204000023,593,559,34
204000031,27,7,20
204000032,326,18,308
204000034,23,131,-108
204000035,0,0,0
204000036,5,21,-16
204000037,1,18,-17
204000038,1,16,-15
204000039,17,23,-6
204000040,5,16,-11
204000041,4,29,-25
204000042,58,7,51
204000043,69,6,63
204000044,74,3,71
204000045,64,3,61
204000046,10,4,6
204000057,12,24,-12
204000062,4,10,-6
204000068,31,200,-169
204000069,19,216,-197
204000070,78,61,17
204000080,63,34,29
204000085,1811,1204,607
204000086,1803,1421,382
204000087,52,9,43
204000088,7,56,-49
204000090,20,193,-173
204000093,620,25,595
204000096,1147,824,323
204000097,659,5,654
204000099,1187,1341,-154
204000100,1716,1716,0
204000105,1793,923,870
204000110,657,1138,-481
204000111,408,569,-161
204000112,686,1333,-647
204000113,339,944,-605
204000114,780,693,87
204000115,599,262,337
204000116,1003,830,173
204000119,1896,2194,-298
204000132,684,341,343
204000133,837,171,666
204000134,292,75,217
204000135,641,93,548
204000136,593,187,406
204000138,411,543,-132
204000140,231,134,97
204000141,168,72,96
204000144,8,24,-16
204000145,578,46,532
204000146,20,260,-240
204000147,15,143,-128
204000148,197,14,183
204000154,7,7,0
204000155,5,2,3
204000177,51,35,16
204000179,34,4,30
204000180,0,18,-18
204000222,9,20,-11
204000235,34,22,12
204000236,49,148,-99
204000238,37,9,28
204000240,387,67,320
204000263,353,688,-335
204000268,785,468,317
204000308,119,5,114
204000317,15,91,-76
204000322,13,75,-62
204000323,8,3,5
204000328,185,36,149
204000329,47,130,-83
204000330,152,11,141
204000331,29,86,-57
204010341,9,197,-188
205000001,707,1200,-493
205000013,3,79,-76
205000014,22,71,-49
205000015,30,151,-121
205000016,20,142,-122
205000017,28,64,-36
205000022,238,624,-386
205000025,928,848,80
205000029,286,7,279
205000045,125,803,-678
205000046,91,495,-404
205000047,72,384,-312
205000048,325,584,-259
205000049,164,575,-411
205000050,492,281,211
205000059,1,174,-173
205000060,1,58,-57
205000061,2,87,-85
205000062,2,87,-85
205000063,22,171,-149
205000064,23,82,-59
205000065,49,401,-352
205000066,80,354,-274
205000067,20,584,-564
205000069,217,11,206
205000082,132,155,-23
205000110,70,187,-117
205000111,180,139,41
205000112,184,162,22
205000113,176,322,-146
205000121,271,44,227
205000123,37,174,-137
205000126,416,70,346
205000127,759,124,635
205000128,386,55,331
205000129,670,62,608
205000130,129,25,104
205000131,73,13,60
205000132,78,2,76
205000133,91,3,88
205000134,321,0,321
205000137,66,161,-95
205000138,150,361,-211
205000139,37,143,-106
205000144,60,42,18
205000145,307,125,182
205000151,162,26,136
205000152,208,23,185
205000153,218,16,202
205000154,100,35,65
205000155,109,16,93
205000207,9,135,-126
205000233,11,6,5
205000234,0,0,0
205000243,0,1,-1
205000244,1,6,-5
205000245,9,126,-117
205000249,0,17,-17
205000250,10,1,9
205000264,11,108,-97
206000027,15,4,11
206000028,2,2,0
206000043,8,32,-24
206000053,2,8,-6
206000054,4,31,-27
206000055,0,12,-12
206000075,7,21,-14
206000076,21,6,15
206000077,32,5,27
206000078,21,4,17
206000079,17,5,12
206000082,381,74,307
206000100,15,318,-303
206000103,3,14,-11
206000104,7,17,-10
206000105,8,9,-1
206000106,2,8,-6
206000108,710,47,663
206000125,81,0,81
206000157,39,401,-362
206000170,1,116,-115
206000171,9,153,-144
206000172,12,186,-174
206000173,0,111,-111
206000174,20,29,-9
206000175,2,43,-41
206000176,17,84,-67
206000177,0,81,-81
206000178,4,140,-136
206000179,7,52,-45
206000180,11,68,-57
206000181,10,44,-34
206000182,5,64,-59
206000183,13,171,-158
206000184,17,133,-116
206000185,8,60,-52
206000186,90,294,-204
206000223,5,136,-131
206000226,16,6,10
206000227,20,7,13
206000237,45,151,-106
206000238,17,313,-296
206000239,126,1120,-994
206000240,1,45,-44
206000241,0,47,-47
206000242,6,91,-85
206000243,3,100,-97
206000244,25,206,-181
206000245,1417,42,1375
206000246,366,15,351
206000247,514,4,510
206000248,629,16,613
206000252,50,36,14
206000258,29,38,-9
206000315,27,6,21
206000317,824,125,699
206000318,886,93,793
206000319,2646,93,2553
206000320,428,37,391
206000321,478,10,468
206000322,790,16,774
206000323,269,12,257
206000324,292,6,286
206000325,232,15,217
206000326,230,16,214
206000327,106,15,91
206000328,326,6,320
206000329,441,5,436
206000330,60,3,57
206000331,294,2,292
206000332,83,3,80
206000333,1014,4,1010
206000334,451,2,449
206000335,0,12,-12
206000361,2,153,-151
206000392,0,10,-10
206000405,180,0,180
206000441,56,26,30
206000498,39,2,37
206000515,74,57,17
206000530,562,71,491
206000531,327,402,-75
206000532,1940,496,1444
206000535,122,1527,-1405
206000536,13,69,-56
206000537,18,88,-70
206000613,2254,274,1980
207000001,99,543,-444
207000002,70,317,-247
207000003,123,114,9
207000007,1432,185,1247
207000008,185,12,173
207000009,55,55,0
207000010,278,235,43
207000012,467,148,319
207000015,203,580,-377
207000019,236,74,162
207000021,550,189,361
207000022,207,139,68
207000023,250,53,197
207000024,3,13,-10
207000025,51,70,-19
207000026,68,35,33
207000027,16,57,-41
207000028,47,138,-91
207000029,162,331,-169
207000033,220,470,-250
207000034,259,110,149
207000039,626,81,545
207000040,556,52,504
207000041,123,16,107
207000042,327,39,288
207000043,243,143,100
207000051,113,222,-109
207000052,7,110,-103
207000053,345,373,-28
207000054,41,39,2
207000055,137,73,64
207000056,288,215,73
207000057,113,207,-94
207000058,124,200,-76
207000059,77,256,-179
207000060,60,168,-108
207000061,245,689,-444
207000062,330,29,301
207000063,441,56,385
207000064,452,79,373
207000065,434,177,257
207000066,244,130,114
207000067,65,39,26
207000068,120,32,88
207000069,762,241,521
207000082,8,119,-111
207000083,91,174,-83
207000084,348,206,142
207000085,316,23,293
207000086,312,4,308
207000106,38,23,15
207000107,135,15,120
207000108,77,14,63
207000109,71,7,64
207000110,56,63,-7
207000111,121,87,34
207000112,127,820,-693
207000114,18,22,-4
207000115,30,42,-12
207000116,22,322,-300
207000117,13,68,-55
207000118,7,44,-37
207000119,30,59,-29
207000123,166,18,148
207000124,117,32,85
207000125,62,34,28
207000126,106,45,61
207000134,119,92,27
207000135,19,144,-125
207000148,106,326,-220
207000149,51,31,20
207000152,85,305,-220
207000153,505,1031,-526
207000154,316,183,133
207000159,103,95,8
207000160,116,236,-120
207000238,1,153,-152
207000242,6,100,-94
207000248,39,44,-5
207000249,102,21,81
207000250,482,72,410
207000251,85,88,-3
207000252,51,50,1
207000278,101,68,33
207000279,14,91,-77
207000280,831,65,766
207000281,92,376,-284
207000282,110,132,-22
207000283,48,182,-134
207000284,49,379,-330
207000285,66,80,-14
207000291,16,99,-83
207000304,113,34,79
207000306,47,281,-234
207000310,145,78,67
207000353,216,0,216
207000356,8,70,-62
207000357,25,29,-4
207000358,1,11,-10
207000415,5,75,-70
207000417,54,2,52
207000418,27,124,-97
207000438,0,1,-1
207000439,628,743,-115
207000446,212,3,209
207000460,56,8,48
207000466,106,118,-12
207000467,289,62,227
207000468,29,177,-148
207000476,13,34,-21
207000477,724,46,678
207000478,1,29,-28
207000523,0,20,-20
207000524,24,0,24
207000527,136,148,-12
207000530,600,6,594
207000531,357,5,352
207000532,103,35,68
207000534,222,43,179
207000535,26,237,-211
207000537,16,61,-45
207000540,2,78,-76
207000541,0,213,-213
207000548,15,137,-122
207000549,343,15,328
207000561,193,202,-9
207000562,26,119,-93
207000567,103,151,-48
207000568,294,33,261
207000569,573,303,270
207000584,169,183,-14
207000585,53,316,-263
207000616,0,62,-62
207000617,253,0,253
207900008,347,80,267
208000001,577,1216,-639
208000002,619,527,92
208000003,1241,385,856
208000004,974,819,155
208000005,5,13,-8
208000019,703,836,-133
208000020,178,441,-263
208000021,243,272,-29
208000022,1021,402,619
208000028,1072,1606,-534
208000033,556,570,-14
208000034,962,1458,-496
208000040,197,118,79
208000041,748,463,285
208000042,808,590,218
208000047,144,150,-6
208000064,2252,1396,856
208000066,1687,2679,-992
208000070,433,299,134
208000071,540,561,-21
208000072,468,851,-383
208000080,308,365,-57
208000081,347,92,255
208000082,289,177,112
208000083,154,302,-148
208000084,7,14,-7
208000085,727,646,81
208000086,466,965,-499
208000087,477,575,-98
208000089,1104,258,846
208000090,989,358,631
208000093,138,106,32
208000094,435,371,64
208000095,738,396,342
208000104,1165,649,516
208000105,744,744,0
208000114,105,443,-338
208000115,592,288,304
208000116,650,954,-304
208000117,127,105,22
208000118,111,164,-53
208000155,723,1183,-460
208000158,1370,3390,-2020
208000186,2361,3709,-1348
208000204,680,948,-268
208000205,1186,765,421
208000282,3518,2853,665
209000004,468,179,289
209000005,47,34,13
209000006,454,199,255
209000007,259,323,-64
209000010,334,119,215
209000011,113,188,-75
209000012,120,107,13
209000013,178,145,33
209000014,366,509,-143
209000025,407,43,364
209000026,796,85,711
209000027,315,446,-131
209000028,303,379,-76
209000029,400,504,-104
209000030,373,784,-411
209000031,1566,1233,333
209000034,174,198,-24
209000035,128,150,-22
209000036,220,73,147
209000037,300,121,179
209000038,133,94,39
209000039,51,86,-35
209000040,289,418,-129
209000041,156,335,-179
209000042,276,277,-1
209000043,696,660,36
209000044,267,740,-473
209000045,1077,385,692
209000046,563,394,169
209000047,343,214,129
209000048,603,339,264
209000049,72,42,30
209000050,167,66,101
209000051,207,122,85
209000052,107,109,-2
209000062,51,40,11
209000063,42,27,15
209000064,38,31,7
209000065,111,26,85
209000066,96,10,86
209000067,99,23,76
209000080,48,180,-132
209000082,81,21,60
209000091,14,65,-51
209000093,39,13,26
209000094,91,181,-90
209000110,35,131,-96
209000111,592,1615,-1023
209000112,1339,417,922
209000113,1945,465,1480
209000114,943,452,491
209000115,35,42,-7
209000116,252,209,43
209000118,22,31,-9
209000119,7,8,-1
209000121,92,300,-208
209000135,63,127,-64
209000142,598,2154,-1556
209000143,38,32,6
209000144,44,116,-72
209000229,246,134,112
209000240,22,127,-105
209000259,47,49,-2
209000260,33,975,-942
209000261,4,604,-600
209000262,2,429,-427
209000263,1,140,-139
209000264,0,256,-256
209000265,449,0,449
209000266,122,0,122
209000267,1868,6,1862
209000268,601,61,540
210000037,105,28,77
210000047,95,23,72
210000048,143,20,123
210000049,85,5,80
210000052,76,39,37
210000053,25,33,-8
210000054,32,68,-36
210000070,152,7,145
210000071,95,0,95
210000072,26,1,25
210000073,0,15,-15
210000074,0,74,-74
210000075,3,82,-79
210000076,8,139,-131
210000077,10,56,-46
210000078,36,54,-18
210000079,19,11,8
210000080,58,70,-12
210000081,191,22,169
210000082,150,1,149
210000083,112,4,108
210000084,52,0,52
210000085,0,49,-49
210000086,0,82,-82
210000099,32,173,-141
210000100,47,111,-64
210000101,60,159,-99
210000105,30,151,-121
210000159,1,222,-221
210000163,85,166,-81
210000164,234,259,-25
210000168,114,60,54
210000187,0,16,-16
210000188,1,30,-29
210000214,27,1,26
210000219,42,46,-4
210000220,112,28,84
210000232,4,26,-22
210000233,50,49,1
210000234,30,82,-52
210000235,77,38,39
210000245,0,44,-44
210000246,20,2,18
210000258,13,60,-47
210000259,313,77,236
210000282,86,209,-123
210000285,1,108,-107
210000286,29,154,-125
210000290,1,1,0
210000295,61,121,-60
210000296,30,35,-5
210000320,267,52,215
210000321,177,58,119
210000338,51,50,1
210000339,242,985,-743
210000340,127,396,-269
210000341,212,255,-43
210000342,232,189,43
210000343,176,182,-6
210000344,134,107,27
210000345,98,188,-90
210000346,66,121,-55
210000347,27,35,-8
210000348,121,23,98
210000349,39,25,14
210000350,143,79,64
210000351,144,119,25
210000352,69,47,22
210000353,76,50,26
210000354,95,113,-18
210000355,46,58,-12
210000356,14,44,-30
210000357,22,42,-20
210000358,232,132,100
210000359,61,65,-4
210000360,128,81,47
210000361,180,102,78
210000362,263,173,90
210000363,473,214,259
210000364,101,119,-18
210000365,118,51,67
210000366,85,62,23
210000367,69,37,32
210000368,142,35,107
210000369,18,22,-4
210000370,41,22,19
210000372,5,16,-11
210000373,21,26,-5
210000374,32,37,-5
210000375,39,49,-10
210000376,73,56,17
210000404,42,142,-100
210000439,22,38,-16
210000472,79,1,78
210000482,55,128,-73
210000564,180,238,-58
210000567,0,24,-24
210000568,256,1,255
211000092,38,25,13
211000094,43,2,41
211000169,177,33,144
211000172,18,96,-78
211000209,0,30,-30
211000226,3,1,2
211000270,13,7,6
211000275,26,10,16
211000276,80,17,63
211000279,22,17,5
211000281,107,19,88
211507980,0,47,-47
211977296,54,7,47
212000003,104,25,79
212000004,13,37,-24
212000005,3,24,-21
212000006,30,45,-15
212000008,176,98,78
212000009,28,68,-40
212000012,83,70,13
212000013,44,45,-1
212000014,242,114,128
212000015,270,157,113
212000016,479,436,43
212000027,571,285,286
212000028,387,290,97
212000029,263,153,110
212000030,62,28,34
212000031,74,31,43
212000048,39,201,-162
212000049,14,180,-166
212000050,17,12,5
212000051,197,131,66
212000052,218,157,61
212000053,368,331,37
212000054,406,67,339
212000055,391,110,281
212000056,19,30,-11
212000057,19,30,-11
212000058,118,29,89
212000070,106,174,-68
212000077,101,414,-313
212000099,355,223,132
212000108,184,106,78
212000111,248,46,202
212000120,86,30,56
212000138,169,23,146
212000156,1,81,-80
212000158,20,14,6
212000159,653,45,608
212000160,936,198,738
212000161,74,3,71
212000310,45,25,20
212000311,24,36,-12
212000374,38,15,23
213000001,35,330,-295
213000005,569,152,417
213000006,971,249,722
213000007,84,15,69
213000009,469,384,85
213000010,198,255,-57
213000011,191,93,98
213000012,166,197,-31
213000014,122,15,107
213000015,267,7,260
213000016,456,3,453
213000017,147,41,106
213000018,0,81,-81
213000019,0,65,-65
213000020,123,290,-167
213000021,1,97,-96
213000023,462,236,226
213000033,334,1548,-1214
213000034,598,199,399
213000035,106,180,-74
213000045,177,216,-39
213000046,186,158,28
213000047,467,1231,-764
213000056,114,20,94
213000069,84,3,81
213000073,1,77,-76
213000074,81,291,-210
213000075,512,6,506
213000076,3,6,-3
213000085,8,48,-40
213000086,28,136,-108
213000091,275,19,256
213000092,84,15,69
213000099,150,978,-828
213000100,1000,203,797
213000101,533,97,436
213000102,549,203,346
213000103,963,647,316
213000104,52,305,-253
213000105,1,153,-152
213000106,19,60,-41
213000107,140,320,-180
213000108,34,336,-302
213000109,13,211,-198
213000110,24,77,-53
213000111,11,95,-84
213000112,128,130,-2
213000115,47,3,44
213000116,67,271,-204
213000117,8,356,-348
213000118,596,232,364
213000119,55,504,-449
213000120,101,288,-187
213000122,108,345,-237
213000123,286,829,-543
213000124,168,1214,-1046
213000125,195,22,173
213000126,46,100,-54
213000127,84,230,-146
213000128,250,994,-744
213000129,341,834,-493
213000130,927,347,580
213000132,611,87,524
213000133,839,91,748
213000134,952,20,932
213000136,517,26,491
213000137,716,60,656
213000139,120,19,101
213000147,83,8,75
213000148,20,4,16
213000149,36,3,33
213000150,1,181,-180
213000151,4,164,-160
213000152,0,124,-124
213000153,6,122,-116
213000154,55,412,-357
213000155,63,210,-147
213000156,130,305,-175
213000157,979,332,647
213000158,397,743,-346
213000159,762,313,449
213000163,1298,101,1197
213000165,1040,313,727
213000171,0,44,-44
213000172,1,129,-128
213000173,3,144,-141
213000174,1,101,-100
213000175,18,54,-36
213000176,160,51,109
213000177,154,5,149
213000178,253,11,242
213000179,301,7,294
213000180,274,0,274
213000184,82,400,-318
213000188,445,95,350
213000189,457,35,422
213000190,895,572,323
213000191,399,271,128
213000192,266,186,80
213000193,513,257,256
213000194,0,91,-91
213000195,32,319,-287
213000196,286,1230,-944
213000197,558,507,51
213000198,48,3,45
213000200,156,574,-418
213000201,42,62,-20
213000202,23,434,-411
213000203,2338,521,1817
213000204,774,45,729
213000205,423,59,364
213000206,366,41,325
213000207,95,9,86
213000208,79,7,72
213000209,158,5,153
213000210,329,28,301
213000211,9,20,-11
213000212,9,61,-52
213000213,20,66,-46
213000218,300,359,-59
213000219,649,17,632
213000220,508,3,505
213000223,180,184,-4
213000224,40,50,-10
213000225,93,7,86
213000226,76,21,55
213000227,931,146,785
213000228,492,69,423
213000229,138,21,117
213000230,369,9,360
213000232,50,835,-785
213000233,15,808,-793
213000234,1,95,-94
213000293,13,112,-99
213000294,108,16,92
213000295,8,89,-81
213000296,37,21,16
213000297,4,57,-53
213000298,14,54,-40
213000299,54,18,36
213000300,12,14,-2
213000303,3,16,-13
213000304,6,26,-20
213000305,2,29,-27
213000306,38,27,11
213000307,117,59,58
213000308,93,146,-53
213000309,169,45,124
213000310,542,210,332
213000311,259,694,-435
213000315,74,60,14
213000316,130,39,91
213000322,122,91,31
213000323,116,66,50
213000324,107,46,61
213000325,119,59,60
213000326,115,43,72
213000327,126,45,81
213000328,67,127,-60
213000329,124,40,84
213000340,141,304,-163
213000341,664,73,591
213000347,550,515,35
213000348,5,170,-165
213000349,31,13,18
213000350,319,666,-347
213000366,69,174,-105
213000367,278,12,266
213000379,50,57,-7
213000386,9,271,-262
213000406,110,329,-219
213000417,1455,506,949
213000425,284,41,243
213000426,198,33,165
213000427,84,163,-79
213000428,57,114,-57
213000429,10,3,7
213000430,152,391,-239
213000431,31,3,28
213000432,6,33,-27
213000433,24,124,-100
213000434,120,74,46
213000435,171,75,96
213000436,70,59,11
213000437,5,9,-4
213000438,162,62,100
213000439,54,8,46
213000440,24,283,-259
213000441,5,3,2
213000442,8,40,-32
213000443,378,224,154
213000444,47,35,12
213000445,0,68,-68
213000446,0,23,-23
213000447,1,49,-48
213000448,10,123,-113
213000449,661,4,657
213000450,32,28,4
213000451,312,88,224
213000452,17,20,-3
213000453,23,223,-200
213000455,240,17,223
213000456,1,353,-352
213000481,2,10,-8
213000484,43,1,42
213000489,314,58,256
213900002,0,152,-152
213900003,137,1,136
213900013,2,93,-91
213900015,0,4,-4
213900016,12,16,-4
213900020,15,65,-50
213900030,0,28,-28
213900032,173,153,20
213900033,154,28,126
213900034,708,52,656
213900035,211,265,-54
213900036,165,108,57
213900037,39,194,-155
213900038,539,152,387
213900039,0,34,-34
213900041,2,176,-174
213900042,202,351,-149
213900043,280,117,163
213900244,61,0,61
213900245,0,19,-19
218000003,44,30,14
218000004,18,28,-10
218000005,18,39,-21
218000006,68,36,32
218000007,36,24,12
218000012,108,102,6
218000013,111,129,-18
218000014,303,330,-27
218000019,624,456,168
218000020,243,315,-72
218000021,32,40,-8
218000022,12,13,-1
218000023,1,5,-4
218000024,0,4,-4
218000025,6,16,-10
218000026,5,24,-19
218000027,2,8,-6
218000028,0,2,-2
218000029,1,1,0
218000030,16,16,0
218000031,9,7,2
218000032,1,31,-30
218000040,9,6,3
218000046,63,82,-19
218000047,12,138,-126
218000048,96,62,34
218000049,107,81,26
218000050,389,229,160
218000051,108,199,-91
218000052,6,109,-103
218000053,3,20,-17
218000054,6,166,-160
218000055,10,40,-30
218000056,12,36,-24
218000057,6,30,-24
218000064,1,21,-20
218000065,97,19,78
218000066,13,31,-18
218000067,60,44,16
218000068,95,57,38
218000069,230,66,164
218000070,216,134,82
218000071,162,120,42
218000072,171,176,-5
218000078,874,409,465
218000079,174,61,113
218000080,186,47,139
218000081,778,177,601
218000082,62,78,-16
218000083,90,34,56
218000084,164,91,73
218000085,202,206,-4
218000086,72,91,-19
218000087,193,88,105
218000090,12,105,-93
218000091,986,411,575
218000092,141,125,16
218000093,73,62,11
218000094,374,323,51
218000099,301,661,-360
218000100,305,281,24
218000101,353,113,240
218000102,399,129,270
218000103,128,65,63
218000104,95,37,58
218000105,30,27,3
218000106,15,11,4
218000107,69,32,37
218000108,6,40,-34
218000112,41,40,1
218000117,56,42,14
218000134,557,376,181
218000135,26,56,-30
218000136,153,110,43
218000137,167,89,78
218000138,57,76,-19
218000139,172,251,-79
218000140,514,213,301
218000141,85,62,23
218000142,219,175,44
218000143,84,346,-262
218000144,34,117,-83
218000145,515,293,222
218000146,106,188,-82
218000151,6,23,-17
218000152,164,49,115
218000153,9,6,3
218000154,14,3,11
218000155,35,7,28
218000156,122,10,112
218000157,59,24,35
218000158,7,12,-5
218000159,0,16,-16
218000160,5,5,0
218000161,57,14,43
218000162,39,8,31
218000163,12,3,9
218000164,73,3,70
218000165,109,37,72
218000170,7,22,-15
218000171,50,6,44
218000172,18,15,3
218000173,12,26,-14
218000174,21,14,7
218000176,313,30,283
218000177,486,235,251
218000178,100,217,-117
218000179,142,63,79
218000180,105,48,57
218000181,290,30,260
218000187,24,48,-24
218000188,27,44,-17
218000189,39,58,-19
218000190,17,27,-10
218000191,197,39,158
218000192,329,151,178
218000193,482,252,230
218000194,104,245,-141
218000195,177,50,127
218000196,402,186,216
218000197,556,212,344
218000198,42,76,-34
218000199,41,18,23
218000200,74,42,32
218000201,39,8,31
218000202,63,289,-226
218000207,10,18,-8
218000208,26,27,-1
218000211,35,45,-10
218000212,1,16,-15
218000213,92,155,-63
218000214,4,50,-46
218000215,48,44,4
218000217,6,61,-55
218000218,360,61,299
218000219,25,40,-15
218000220,53,415,-362
218000221,501,183,318
218000222,3,44,-41
218000223,59,589,-530
218000224,19,212,-193
218000225,220,25,195
218000226,210,42,168
218000230,0,6,-6
218000232,36,60,-24
218000239,107,20,87
218000240,14,2,12
218000241,25,3,22
218000242,19,10,9
218000243,21,4,17
218000244,28,3,25
218000245,23,0,23
218000246,0,1,-1
218000247,2,2,0
218000248,1,35,-34
218000249,0,5,-5
218000250,1,20,-19
218000251,5,48,-43
218000252,2,244,-242
218000253,6,211,-205
218000254,2,92,-90
218000255,7,96,-89
218000256,11,157,-146
218000267,343,656,-313
218000268,4,44,-40
218000269,5,16,-11
218000270,34,11,23
218000271,6,23,-17
218000273,31,1,30
218000274,17,1,16
218000275,29,39,-10
218000276,8,19,-11
218000278,16,39,-23
218000279,32,21,11
218000280,7,10,-3
218000281,12,11,1
218000282,474,563,-89
218000284,50,4,46
218000301,90,84,6
218000302,187,38,149
218000303,25,53,-28
218000316,797,614,183
218000317,1542,603,939
218000318,1070,430,640
218000319,1152,533,619
218000320,764,427,337
218000338,33,17,16
218000345,55,44,11
218000346,23,177,-154
218000459,38,185,-147
218000490,26,41,-15
218000501,98,25,73
218000502,50,24,26
218000503,92,18,74
218000504,126,30,96
218000505,52,71,-19
218000506,21,131,-110
218000508,2,6,-4
218000510,120,13,107
218000520,89,89,0
218000521,6,32,-26
218000522,0,104,-104
218000523,149,1,148
218000524,22,388,-366
218000525,132,30,102
218000526,27,222,-195
218000529,30,66,-36
218000530,22,3,19
218000531,21,20,1
218000532,22,21,1
218000534,214,14,200
218000537,17,63,-46
218000538,90,404,-314
218000540,188,64,124
218000543,129,32,97
218000544,27,57,-30
218000545,96,64,32
218000546,45,66,-21
218000547,95,116,-21
218000548,94,70,24
218000549,575,423,152
218000550,187,178,9
218000551,67,737,-670
218000552,254,42,212
218000553,30,88,-58
218000554,26,45,-19
218000555,33,29,4
218000556,147,159,-12
218000557,357,74,283
218000558,71,5,66
218000559,1,54,-53
218000560,0,32,-32
218000561,8,0,8
218000562,22,162,-140
218000563,207,21,186
218000564,5,139,-134
218000565,123,61,62
218000566,107,51,56
218000567,6,133,-127
218000568,78,4,74
218000569,12,263,-251
218000570,117,14,103
218000571,1,90,-89
218000572,123,1,122
218000573,15,310,-295
218000574,71,31,40
218000575,75,2,73
218000576,1,97,-96
218000577,87,2,85
218000578,0,89,-89
218000579,42,19,23
218000581,6,54,-48
218000582,65,2,63
218000583,17,1,16
218000584,2,23,-21
218000585,27,4,23
218000586,8,42,-34
218000587,2,6,-4
218000588,2,8,-6
218000589,1,13,-12
218000590,3,1,2
218000591,0,25,-25
218000592,9,1,8
218000593,0,1,-1
218000594,1,0,1
218000595,0,0,0
218000596,0,0,0
218000597,0,0,0
218000598,0,0,0
218000599,3,1,2
218000600,0,1,-1
218000601,0,1,-1
218000602,0,7,-7
218000603,0,2,-2
218000604,3,0,3
218000605,0,22,-22
218000606,57,0,57
218000607,12,22,-10
218000608,39,6,33
218000609,16,29,-13
218000610,48,3,45
218000611,20,3,17
218000612,3,27,-24
218000613,52,3,49
218000614,0,62,-62
218000615,119,4,115
218000616,6,125,-119
218000617,18,0,18
218000618,3,24,-21
218000619,105,20,85
218000620,16,94,-78
218000621,1,1,0
218000622,0,30,-30
218000623,14,1,13
218000624,2,34,-32
218000625,3,5,-2
218000626,0,15,-15
218000628,137,45,92
218000631,41,9,32
218000632,2,130,-128
218000633,53,1,52
218000634,6,18,-12
218000635,20,10,10
218000636,780,614,166
218000637,1103,274,829
218000638,313,14,299
218000639,23,65,-42
218000640,433,23,410
218000641,90,155,-65
218000652,42,35,7
218000653,235,71,164
218000663,3,71,-68
218000675,30,44,-14
218000676,2,15,-13
218000677,18,2,16
218000680,143,196,-53
218000681,369,109,260
218000691,123,82,41
218000693,293,80,213
218000703,10,18,-8
218000718,119,893,-774
218000719,227,531,-304
218000720,21,534,-513
218000721,451,29,422
218000725,13,3,10
218001214,10,124,-114
218001329,60,53,7
218001330,42,44,-2
218001351,18,23,-5
218001352,12,9,3
218001353,10,2,8
218001354,0,15,-15
219000001,51,31,20
219000002,20,50,-30
219000003,98,44,54
219000004,27,53,-26
219000017,63,25,38
219000020,167,48,119
219000022,110,4,106
219000023,138,2,136
219000029,1,67,-66
219000034,27,32,-5
219000039,68,117,-49
219000040,45,64,-19
219000041,112,24,88
219000051,0,41,-41
219000052,1,21,-20
219000053,0,81,-81
219000054,408,355,53
219000055,224,1,223
219000056,5,1,4
219000057,80,1,79
219000062,11,49,-38
219000063,75,8,67
219000064,0,32,-32
219000110,369,47,322
219000111,77,29,48
219000112,210,56,154
219000113,156,60,96
219000114,131,72,59
219000116,95,36,59
219000117,159,46,113
219000118,147,40,107
219000123,152,64,88
219000124,72,52,20
219000125,20,7,13
219000126,50,87,-37
219000127,0,1,-1
219000128,20,108,-88
219000129,25,142,-117
219000130,228,380,-152
219000131,548,975,-427
219000133,41,40,1
219000134,10,17,-7
219000135,20,66,-46
219000136,74,177,-103
219000138,94,10,84
219000139,65,15,50
219000140,107,1,106
219000141,47,63,-16
219000142,15,35,-20
219000143,10,25,-15
219000145,16,30,-14
219000146,11,30,-19
219000147,2,23,-21
219000148,4,11,-7
219000149,8,28,-20
219000150,3,31,-28
219000151,0,20,-20
219000157,246,87,159
219000158,124,128,-4
219000161,128,6,122
219000163,1035,417,618
219000166,110,199,-89
219000167,103,94,9
219000168,301,61,240
219000174,470,144,326
219000175,119,5,114
219000176,120,6,114
219000177,104,1,103
219000178,74,1,73
219000179,23,11,12
219000180,52,24,28
219000182,157,18,139
219000183,86,25,61
219000184,136,5,131
219000185,4,37,-33
219000186,85,11,74
219000187,41,70,-29
219000189,63,187,-124
219000190,51,195,-144
219000191,256,1487,-1231
219000192,148,137,11
219000193,131,174,-43
219000195,1,28,-27
219000196,4,65,-61
219000198,11,51,-40
219000199,25,105,-80
219000200,24,89,-65
219000201,54,115,-61
219000203,31,75,-44
219000204,76,222,-146
219000205,36,225,-189
219000207,53,177,-124
219000209,35,31,4
219000210,22,36,-14
219000213,5,140,-135
219000239,147,156,-9
219000240,188,338,-150
219000241,144,96,48
219000242,37,103,-66
219000243,53,143,-90
219000244,12,48,-36
219000245,13,30,-17
219000246,34,34,0
219000247,200,31,169
219000248,483,353,130
219000249,181,94,87
219000250,185,77,108
219000251,542,239,303
219000252,240,142,98
219000253,449,105,344
219000255,144,110,34
219000256,239,56,183
219000257,114,0,114
219000262,96,56,40
219000263,62,64,-2
219000267,1,56,-55
219000268,3,5,-2
219000269,8,4,4
219000270,11,0,11
219000271,140,5,135
219000278,1,10,-9
219000279,0,1,-1
219000283,0,2,-2
219000295,21,80,-59
219000296,61,238,-177
219000297,15,42,-27
219000298,10,73,-63
219000299,521,54,467
219000300,26,94,-68
219000301,138,280,-142
219000302,24,250,-226
219000307,38,28,10
219000308,51,55,-4
219000311,253,63,190
219000312,640,122,518
219000313,383,50,333
219000314,34,172,-138
219000315,404,31,373
219000316,556,46,510
219000317,123,8,115
219000320,1,57,-56
219000321,0,31,-31
219000323,3,42,-39
219000325,6,5,1
219000326,84,36,48
219000327,48,30,18
219000328,15,23,-8
219000329,299,103,196
219000330,58,36,22
219000331,41,26,15
219000332,195,115,80
219000333,13,3,10
219000335,116,0,116
219000337,29,1,28
219000338,39,0,39
219000344,18,66,-48
219000345,36,36,0
219000346,43,53,-10
219000348,181,61,120
219000349,47,117,-70
219000350,88,277,-189
219000351,5,14,-9
219000352,397,87,310
219000353,105,27,78
219000354,263,50,213
219000355,157,35,122
219000356,667,1547,-880
219000363,225,64,161
219000364,112,43,69
219000365,101,24,77
219000366,222,378,-156
219000368,292,565,-273
219000370,748,703,45
219000371,5,24,-19
219000382,9,12,-3
219000383,285,1318,-1033
219000385,336,472,-136
219000386,492,1365,-873
219000387,5,12,-7
219000390,3,0,3
219000391,1,0,1
219000397,40,35,5
219000398,64,29,35
219000401,7,72,-65
219000402,25,71,-46
219000403,143,290,-147
219000404,15,119,-104
219000407,4,28,-24
219000409,67,53,14
219000410,127,51,76
219000411,57,19,38
219000446,85,292,-207
219000447,1,24,-23
219000448,9,4,5
219000452,91,77,14
219000453,58,178,-120
219000454,131,352,-221
219000556,343,75,268
219000558,63,108,-45
219000590,19,144,-125
219000591,132,75,57
219000592,84,251,-167
219000595,5,11,-6
219000635,210,21,189
219000636,34,38,-4
219000657,25,27,-2
219000658,26,170,-144
219000673,1,123,-122
219000676,45,12,33
219000679,51,12,39
219000684,95,2,93
219000685,0,42,-42
219000686,0,3,-3
219000688,0,53,-53
219000689,34,174,-140
219000690,138,10,128
219000691,40,110,-70
219000692,169,24,145
219000693,2,9,-7
219000694,13,0,13
219000695,42,3,39
219000698,6,0,6
219000699,0,9,-9
219000727,1,52,-51
219000728,49,0,49
219000770,30,2,28
219000771,0,21,-21
219001150,1,45,-44
219001151,0,0,0
219001166,10,38,-28
219001167,0,40,-40
220000001,33,70,-37
220000002,13,77,-64
220000003,219,142,77
220000004,351,240,111
220000005,774,1862,-1088
220000006,183,691,-508
220000007,334,251,83
220000008,288,404,-116
220000009,167,267,-100
220000010,105,69,36
220000011,372,2988,-2616
220000012,69,318,-249
220000014,116,55,61
220000015,32,222,-190
220000017,44,240,-196
220000018,3654,2076,1578
220000019,77,277,-200
220000020,314,169,145
220000021,661,141,520
220000022,868,308,560
220000023,362,127,235
220000024,1319,331,988
220000025,841,1563,-722
220000026,219,601,-382
220000027,26,97,-71
220000028,61,39,22
220000029,31,93,-62
220000030,61,82,-21
220000031,558,288,270
220000064,17,715,-698
221000046,5,1,4
221000047,0,0,0
221000048,0,2,-2
221000049,0,7,-7
221000050,14,0,14
221000055,22,54,-32
221000057,61,5,56
221000068,314,115,199
221000069,358,48,310
221000070,235,19,216
221000071,99,8,91
221000072,211,12,199
221000073,182,38,144
221000074,0,9,-9
221000075,13,15,-2
221000076,8,15,-7
221000077,17,65,-48
221000081,13,12,1
221000082,64,6,58
221000083,19,1,18
221000084,5,2,3
221000085,21,50,-29
221000086,11,85,-74
221000087,9,105,-96
221000088,10,126,-116
221000089,28,198,-170
221000090,65,432,-367
221000098,100,9,91
221000099,181,12,169
221000100,97,9,88
221000101,158,9,149
221000102,175,14,161
221000109,4,82,-78
221000110,7,51,-44
221000111,13,67,-54
221000112,8,83,-75
221000113,14,100,-86
221000114,11,127,-116
221000120,36,35,1
221000121,4,68,-64
221000122,39,76,-37
221000123,4,9,-5
221000124,14,78,-64
221000155,162,14,148
221000156,22,15,7
221000175,0,3,-3
221000176,0,14,-14
221000182,56,3,53
221000241,552,272,280
221000242,116,250,-134
221000243,475,132,343
221000244,301,231,70
221000245,111,94,17
221000246,52,135,-83
221000247,80,84,-4
221000248,103,58,45
221000267,57,591,-534
221000325,48,85,-37
221000331,4,42,-38
221000338,14,33,-19
221000378,301,38,263
221000381,23,27,-4
222000282,8,12,-4
222000296,7,14,-7
222000568,484,21,463
222000569,342,68,274
222000570,189,27,162
222000571,569,22,547
222000577,20,83,-63
222000578,28,123,-95
222000579,27,121,-94
222000580,68,502,-434
222000599,2,108,-106
222000600,0,145,-145
222000601,9,576,-567
222000603,10,58,-48
222000604,2,23,-21
222000605,13,23,-10
222000606,2,8,-6
222000607,8,6,2
222000608,19,23,-4
222000609,49,72,-23
222000616,588,38,550
222000617,12,16,-4
222000618,11,4,7
222000620,20,13,7
222000621,43,14,29
222000623,641,5,636
222000624,383,3,380
222000625,754,17,737
222000636,93,2,91
222000686,18,24,-6
222000687,45,20,25
222001066,420,3,417
222001067,28,2,26
222001068,94,15,79
222001069,90,24,66
222001082,36,36,0
222001083,29,28,1
222001084,0,8,-8
222001085,0,203,-203
222001111,89,59,30
222001112,214,22,192
222001313,23,11,12
222001314,18,108,-90
222001464,54,26,28
222001465,7,51,-44
222001484,151,23,128
222001485,17,49,-32
222001494,774,109,665
222001495,144,132,12
222001496,453,59,394
222001497,85,198,-113
222001502,20,57,-37
222001503,160,44,116
222001504,42,207,-165
222001505,469,11,458
222001506,43,296,-253
222001507,311,34,277
222001510,840,60,780
222001511,53,188,-135
222001514,1081,185,896
222001515,171,335,-164
222001518,538,59,479
222001519,49,104,-55
222001527,234,53,181
222001528,58,85,-27
222001529,503,59,444
222001530,103,112,-9
222001533,115,179,-64
222001534,533,35,498
222001535,346,205,141
222001536,108,101,7
222001537,357,60,297
222001538,67,269,-202
222001563,1053,120,933
222001564,74,249,-175
222001568,214,214,0
222001576,0,3,-3
222001579,3,11,-8
222001583,16,92,-76
222001584,143,9,134
222001596,686,1354,-668
222001597,2040,548,1492
222001626,1,109,-108
222001650,65,283,-218
222001651,89,741,-652
222001914,292,70,222
222001915,38,120,-82
222900004,483,243,240
222900009,307,368,-61
222900019,158,283,-125
222900024,58,7,51
222900025,8,24,-16
225000001,372,133,239
225000002,571,121,450
225000003,728,72,656
225000004,409,172,237
225000005,141,39,102
225000006,0,114,-114
225000007,850,957,-107
225000010,319,20,299
225000011,324,1143,-819
225000012,213,623,-410
225000013,92,102,-10
225000014,779,84,695
225000015,70,119,-49
225000021,693,147,546
225000027,165,290,-125
225000032,565,100,465
225000042,67,387,-320
225000049,35,31,4
225000050,62,11,51
225000053,4,259,-255
225000058,608,159,449
225000067,178,203,-25
225000068,114,190,-76
225000069,99,321,-222
225000070,104,200,-96
225000071,49,61,-12
225000075,19,418,-399
225000076,59,104,-45
225000078,55,38,17
225000085,108,100,8
225000086,236,51,185
225000087,130,22,108
225000088,10,123,-113
225000089,166,833,-667
225000090,46,414,-368
225000091,126,94,32
225000092,38,116,-78
225000093,157,144,13
225000094,22,116,-94
225000095,266,253,13
225000096,228,313,-85
225000098,804,220,584
225000099,401,121,280
225000100,480,100,380
225000104,96,237,-141
225000110,5,250,-245
225000111,155,615,-460
225000112,224,770,-546
225000113,210,441,-231
225000114,78,173,-95
225000115,713,486,227
225000116,626,114,512
225000117,670,209,461
225000118,1091,210,881
225000119,305,63,242
225000120,700,26,674
225000121,195,20,175
225000123,434,16,418
225000125,430,101,329
225000126,622,104,518
225000127,460,1355,-895
225000128,382,772,-390
225000132,343,32,311
225000133,227,24,203
225000134,519,138,381
225000135,63,15,48
225000136,308,14,294
225000137,234,54,180
225000138,296,104,192
225000143,51,149,-98
225000144,5,209,-204
225000145,34,23,11
225000146,37,41,-4
225000147,23,115,-92
225000148,4,122,-118
225000149,49,273,-224
225000151,29,119,-90
225000155,316,255,61
225000156,139,739,-600
225000157,255,273,-18
225000158,54,145,-91
225000171,2,151,-149
225000180,20,1,19
225000181,0,53,-53
225000182,87,6,81
225000185,17,322,-305
225000187,39,299,-260
225000191,97,6,91
225000194,0,6,-6
225000208,0,41,-41
225000209,100,12,88
225000210,13,195,-182
225000217,0,6,-6
225000218,10,1,9
225000223,1,40,-39
225000224,33,1,32
225000225,0,20,-20
225000226,14,6,8
225000227,41,54,-13
225000228,16,12,4
225000229,0,55,-55
225000230,67,0,67
225000231,0,38,-38
225000232,173,0,173
225000241,44,0,44
225000242,0,19,-19
225000249,7,0,7
225000250,44,338,-294
225000251,448,22,426
225000254,4,2,2
225000256,4,20,-16
225000257,0,13,-13
226000042,151,220,-69
226000043,41,181,-140
226000044,75,257,-182
226000045,62,178,-116
226000046,447,61,386
226000047,332,82,250
226000048,314,73,241
226000049,268,142,126
226000070,0,14,-14
226000071,0,26,-26
226000072,0,16,-16
226000073,0,9,-9
226000074,0,7,-7
226000084,0,26,-26
226000085,1,2,-1
226000086,3,11,-8
226000087,10,18,-8
226000088,24,27,-3
226000090,220,73,147
226000091,11,67,-56
226000092,8,20,-12
226000093,17,0,17
226000094,4,4,0
226000095,11,2,9
226000105,11,4,7
226000106,8,2,6
226000107,6,0,6
226000108,17,0,17
226000109,107,21,86
226000124,131,40,91
226000134,872,354,518
226000135,1810,506,1304
226000136,591,366,225
226000137,4,154,-150
226000138,3,64,-61
226000139,0,29,-29
226000156,159,3,156
226000157,186,3,183
226000163,64,150,-86
226000202,16,128,-112
226000231,341,10,331
226000232,46,10,36
227000033,410,46,364
227000036,460,32,428
227000037,392,28,364
227000038,166,36,130
227000084,3,51,-48
227000085,0,45,-45
227000088,48,2,46
227000089,86,1,85
227000090,29,0,29
227000091,24,0,24
227000092,21,0,21
227000093,144,0,144
227000094,23,0,23
227000130,13,86,-73
227000131,14,97,-83
227000132,11,113,-102
227000133,8,85,-77
227000134,17,142,-125
227000152,0,6,-6
227000153,0,46,-46
227000154,0,27,-27
227000155,1,8,-7
227000156,1,7,-6
227000165,3,67,-64
227000196,496,133,363
227000199,470,244,226
227000230,4,203,-199
227000232,592,10,582
227000242,26,347,-321
227000243,521,72,449
227000245,8,173,-165
227000246,109,187,-78
227000247,466,67,399
227000248,94,42,52
227000249,16,57,-41
227000250,258,133,125
227000251,80,106,-26
227000252,32,145,-113
227000253,174,26,148
227000262,483,50,433
227000266,1555,14,1541
227000267,18,679,-661
227000282,4,100,-96
227000284,698,22,676
227000286,1,37,-36
227000291,8,254,-246
227000296,168,276,-108
227000484,194,10,184
227000485,21,499,-478
227000655,229,5,224
227000656,665,40,625
227000657,105,15,90
227000704,190,12,178
229000265,20,6,14
229000266,0,3,-3
229000267,13,0,13
229000268,28,0,28
229000269,81,0,81
229000274,1,17,-16
229000275,0,23,-23
229000276,0,25,-25
229000277,0,2,-2
229000278,1,6,-5
229000295,9,32,-23
229000296,45,6,39
229000297,13,20,-7
229000298,9,120,-111
229000320,11,15,-4
229000321,33,20,13
229000412,17,86,-69
229000414,3,53,-50
229000415,16,3,13
229000416,0,2,-2
229000417,0,6,-6
229000419,109,312,-203
229000440,392,66,326
229000442,31,24,7
229000443,1,2,-1
229000444,0,34,-34
229000445,69,5,64
229000446,95,33,62
229000491,5,8,-3
229000492,11,35,-24
229000493,11,58,-47
229000494,71,4,67
229000495,160,7,153
229000496,95,9,86
229000507,0,67,-67
229000508,1,34,-33
229000509,0,59,-59
229000510,2,19,-17
229000511,5,47,-42
229000512,2,25,-23
229000513,0,4,-4
229000514,0,5,-5
229000517,0,5,-5
229000518,33,17,16
229000519,1,5,-4
229000520,13,27,-14
229000521,62,13,49
229000522,12,11,1
229000523,16,1,15
229000524,4,4,0
229000527,2,1,1
229000528,0,0,0
229000529,19,0,19
229000530,78,4,74
229000531,41,0,41
229000532,21,0,21
229000533,74,1,73
229000534,54,0,54
229000564,85,0,85
229000565,23,0,23
229000566,0,3,-3
229000567,0,15,-15
229000582,68,3,65
229000583,8,1,7
229000584,0,32,-32
229000585,0,36,-36
229000718,0,4,-4
229000719,0,1,-1
229000720,0,1,-1
229000721,0,4,-4
229000722,0,1,-1
229000723,0,3,-3
229000724,0,1,-1
229000725,0,4,-4
229000738,2,0,2
229000739,1,0,1
229000740,1,0,1
229000741,36,0,36
229000742,13,0,13
229000743,17,0,17
229000744,7,0,7
229000745,2,0,2
229000746,6,0,6
229000847,59,1,58
229000848,16,1,15
229000849,121,2,119
229000851,71,0,71
229000854,0,9,-9
229000856,0,29,-29
229000857,0,9,-9
229000858,0,13,-13
229000919,10,46,-36
229000930,3,188,-185
229000937,75,12,63
229000966,40,33,7
229000981,34,14,20
229000985,21,30,-9
229000986,3,5,-2
229000987,4,0,4
229000988,6,1,5
229000989,5,6,-1
229000990,1,2,-1
229000991,2,6,-4
229000992,11,11,0
229000993,183,24,159
229000998,19,40,-21
229000999,120,17,103
229001034,1,16,-15
229001035,5,7,-2
229001036,4,53,-49
229001037,38,2,36
229001038,0,5,-5
229001039,5,0,5
229001040,0,108,-108
229001041,68,0,68
229001042,31,14,17
229001047,29,36,-7
229001050,57,25,32
229001168,0,26,-26
229001200,29,2,27
229001338,4,25,-21
229001394,130,4,126
229001422,88,27,61
229001423,41,59,-18
229001431,31,27,4
229001432,24,69,-45
229001444,329,113,216
229001445,53,126,-73
229001479,38,4,34
229001503,188,46,142
229001504,90,67,23
229001505,94,11,83
229001506,69,57,12
229001509,50,10,40
229001510,4,34,-30
229001545,111,6,105
229001546,10,63,-53
229001553,87,10,77
229001554,35,48,-13
229001630,70,21,49
229001631,26,16,10
229001635,1,21,-20
229001636,9,0,9
229001658,0,76,-76
229001659,48,6,42
229001660,27,12,15
229001661,10,26,-16
229001662,22,0,22
229001663,0,22,-22
229002584,207,239,-32
229002831,156,162,-6
229002841,11,12,-1
229002842,18,20,-2
229002843,72,25,47
229002844,31,57,-26
229002845,8,107,-99
229002846,30,9,21
229002847,1,23,-22
229002848,7,17,-10
229002849,1,122,-121
229002850,10,2,8
229002851,38,188,-150
229002852,168,15,153
229002853,108,13,95
229002854,40,80,-40
229002855,7,49,-42
229002856,41,22,19
229002857,12,246,-234
229002858,14,6,8
229002859,32,223,-191
229002860,207,26,181
229002861,74,45,29
229002862,15,39,-24
229002863,38,19,19
229002864,29,37,-8
229002865,11,13,-2
229002866,20,19,1
229002867,2,20,-18
229002868,7,9,-2
229002869,23,116,-93
229002870,56,16,40
235000066,229,56,173
235000067,94,52,42
235000072,23,73,-50
235000073,105,287,-182
235000074,49,31,18
235000080,21,63,-42
235000081,173,69,104
235000082,204,44,160
235000083,274,48,226
235000084,36,37,-1
235000085,228,35,193
235000089,39,12,27
235000092,57,98,-41
235000093,13,2,11
235000097,6,9,-3
235000098,51,5,46
235000099,29,5,24
235000116,34,12,22
235000117,397,6,391
235000133,14,604,-590
235000134,8,200,-192
235000206,4,3,1
235000207,5,3,2
235000208,2,2,0
235000209,5,2,3
235000210,11,4,7
235000212,3,7,-4
235000213,1,9,-8
235000220,0,8,-8
235000221,60,13,47
235000238,14,67,-53
235000239,2,15,-13
235000242,376,755,-379
235000245,306,134,172
235000246,11,47,-36
235000284,3,203,-200
235000295,73,11,62
235000305,277,24,253
235000306,308,13,295
235000307,20,4,16
235000308,22,1,21
235000309,67,0,67
235000310,59,4,55
235000311,119,44,75
235000322,1,20,-19
235000323,0,39,-39
235000324,2,20,-18
235000325,4,329,-325
235000326,2,112,-110
235000351,5,70,-65
235000352,19,159,-140
235000353,2,61,-59
235000354,16,90,-74
235000355,14,92,-78
235000356,104,3,101
235000357,33,8,25
235000358,59,12,47
235000359,23,7,16
235000360,49,3,46
235000361,47,10,37
235000381,83,62,21
235000382,182,29,153
235000390,24,5,19
235000391,147,14,133
235000392,187,275,-88
235000393,118,129,-11
235000395,127,26,101
235000396,556,46,510
235000400,242,67,175
235000401,14,104,-90
235000405,93,131,-38
235000406,51,140,-89
235000407,25,55,-30
235000409,93,69,24
235000410,34,145,-111
235000411,0,32,-32
235000485,0,8,-8
235000486,11,2,9
235000549,154,53,101
235000550,115,88,27
235000599,196,21,175
235000600,7,9,-2
235000601,10,25,-15
235000602,76,34,42
235000614,1,12,-11
235000648,0,11,-11
235000649,23,8,15
235000685,1,2,-1
235000815,25,238,-213
235000834,1,15,-14
235000855,49,41,8
235000862,37,96,-59
235000891,0,18,-18
235000892,20,1,19
235000901,51,44,7
235000907,7,12,-5
235001010,106,46,60
235001029,294,214,80
235001030,331,220,111
235001078,78,84,-6
235001079,62,71,-9
235001147,6,31,-25
235001166,13,52,-39
235001167,56,10,46
235001169,20,324,-304
235001188,3,11,-8
235001189,1,1,0
235001197,0,8,-8
235001200,77,46,31
235001208,20,22,-2
235001209,18,59,-41
235001210,16,87,-71
235001239,2,24,-22
235001244,1,7,-6
235016267,1,88,-87
241900007,100,11,89
277101746,0,0,0
277102712,5,0,5
277103813,0,0,0
277103814,0,0,0
277103898,0,2,-2
277104249,0,2,-2
277104250,0,2,-2
277104251,0,3,-3
277104252,0,0,0
990011530,1,156,-155
990014944,0,259,-259
990015176,24,4,20
990015618,1,98,-97
990016032,0,229,-229
990032570,13,322,-309
990070001,84,22,62
990070103,0,6,-6
990070601,0,45,-45
990070751,1409,4,1405
990070766,1,217,-216
990071180,402,124,278
990071343,28,1,27
990071387,0,14,-14
990071823,690,2,688
990072600,17,1680,-1663
990072964,1,445,-444
990073285,0,2,-2
990074393,2,486,-484
990074870,1551,127,1424
990075106,1257,70,1187
990075746,635,31,604
990076437,1877,8,1869
990076458,1,324,-323
997000007,470,8,462
997000041,0,193,-193
997000058,47,0,47
997000062,76,6,70
997000069,0,7,-7
997000070,0,11,-11
997000100,56,2,54
997000141,12,2266,-2254
997000198,1,1145,-1144
998000475,13,12,1
998000736,0,120,-120
998000965,0,12,-12
998001031,0,82,-82
998001700,0,3,-3
998001899,0,1,-1
998001900,4,0,4
998003073,1227,4,1223
998101900,0,0,0
998102850,10,363,-353
998501927,852,1396,-544
998501929,93,2,91
998501930,49,0,49
998501931,202,40,162
998501932,9,0,9
998501933,102,36,66
998501937,24,4,20
998501944,101,76,25
998501950,0,0,0
998501970,87,23,64
998501971,0,95,-95
998501973,0,25,-25
998501974,1,189,-188
998501975,124,1,123
998501976,86,0,86
998501977,2,35,-33
998501978,22,0,22
998501979,0,9,-9
998501980,42,0,42
998501981,50,2,48
998501982,0,127,-127
998502006,0,0,0
998502024,0,4,-4
998502032,0,1,-1
998502062,20,0,20
998502063,0,0,0
998502173,13,0,13
998502269,0,2,-2
998601159,14,82,-68
998601292,1,14,-13
999033574,0,126,-126
999800001,35,4,31
999800002,0,10,-10
999800003,0,0,0
999800004,0,4,-4
999800005,0,9,-9
