ID,insum,outsum,diff
100000001,749,965,-216
100000002,3890,3337,553
100000003,6950,5571,1379
100000004,1345,1245,100
100000005,2728,5081,-2353
100000006,607,186,421
100000007,2285,899,1386
100000008,216,783,-567
100000009,838,493,345
100000010,119,119,0
100000011,1253,134,1119
100000012,122,1172,-1050
100000013,107,350,-243
100000014,618,325,293
100000015,2009,2849,-840
100000016,1123,1711,-588
100000017,732,1052,-320
100000018,1767,750,1017
100000019,4448,2194,2254
100000020,2494,7862,-5368
100000021,6476,2886,3590
100000022,1908,3169,-1261
100000023,6421,2394,4027
100000025,1848,1536,312
100000028,2150,1451,699
100000029,336,421,-85
100000030,261,104,157
100000031,5070,7564,-2494
100000032,2673,4319,-1646
100000033,952,2724,-1772
100000034,420,614,-194
100000035,1921,2018,-97
100000036,2398,1648,750
100000037,946,481,465
100000038,2451,1169,1282
100000039,958,684,274
100000040,212,216,-4
100000041,1603,621,982
100000042,1431,598,833
100000043,1265,559,706
100000044,421,894,-473
100000045,583,1571,-988
100000046,1330,1068,262
100000047,493,700,-207
100000048,986,644,342
100000049,1770,1836,-66
100000051,570,1050,-480
100000053,279,9,270
100000054,530,48,482
100000055,1419,291,1128
100000056,614,528,86
100000057,2175,835,1340
100000058,1174,1304,-130
100000059,25,140,-115
100000060,376,398,-22
100000061,2373,675,1698
100000062,2305,707,1598
100000063,838,285,553
100000064,1578,313,1265
100000065,443,958,-515
100000066,170,658,-488
100000067,436,710,-274
100000068,528,1799,-1271
100000069,314,1330,-1016
100000072,294,982,-688
100000073,1182,1204,-22
100000075,776,300,476
100000076,2456,3118,-662
100000077,307,270,37
100000078,36,38,-2
100000079,55,48,7
100000080,39,64,-25
100000081,191,226,-35
100000102,2855,2360,495
100000103,3065,2217,848
100000104,5149,3268,1881
100000105,2944,1957,987
100000106,2952,2532,420
100000107,771,1106,-335
100000108,783,1572,-789
100000109,2397,1493,904
100000116,1666,1239,427
100000117,90,121,-31
100000118,1490,1513,-23
100000119,674,942,-268
100000121,505,439,66
100000122,952,1209,-257
100000123,4038,4675,-637
100000124,5534,6830,-1296
100000125,4377,2152,2225
100000126,896,536,360
100000127,1890,458,1432
100000128,1729,3170,-1441
100000129,717,575,142
100000130,484,545,-61
100000131,2604,3094,-490
100000132,1471,3740,-2269
100000133,5039,2588,2451
100000135,674,1366,-692
100000139,549,369,180
100000140,515,398,117
100000142,527,665,-138
100000143,1586,594,992
100000144,3658,997,2661
100000147,1272,3186,-1914
100000150,50,426,-376
100000151,1481,1259,222
100000153,282,476,-194
100000154,61,328,-267
100000155,39,57,-18
100000156,567,512,55
100000157,157,168,-11
100000158,353,112,241
100000159,268,661,-393
100000165,1696,1005,691
100000169,354,792,-438
100000174,935,765,170
100000179,122,758,-636
100000180,6603,6447,156
100000181,778,294,484
100000188,137,366,-229
100000189,1583,480,1103
100000190,902,1104,-202
100000191,858,718,140
100000192,68,123,-55
100000193,385,255,130
100000330,1479,1092,387
100000355,285,909,-624
100000362,4540,3400,1140
100000363,4649,4583,66
100000364,321,362,-41
100000365,6209,7592,-1383
100000366,6855,3515,3340
100000367,6314,7004,-690
100000368,2738,1869,869
100000369,1487,2148,-661
100000370,327,921,-594
100000376,113,243,-130
100000379,2391,1978,413
100000380,4843,4819,24
100000384,6109,5836,273
100000385,4790,5438,-648
100000386,8669,5706,2963
100000387,5861,7085,-1224
100000388,7277,7096,181
100000389,8482,7431,1051
100000390,9272,7526,1746
100000391,7386,9322,-1936
100000392,4180,4771,-591
100000393,3583,5718,-2135
100000394,9342,10027,-685
100000395,7094,4727,2367
100000396,8435,4383,4052
100000397,6114,7627,-1513
100000398,11791,9318,2473
100900002,11,33,-22
100900003,479,223,256
100900004,43,1333,-1290
100900005,102,13,89
100900006,31,79,-48
100900007,605,30,575
100900008,4,407,-403
100900009,130,165,-35
100900010,125,102,23
100900011,120,207,-87
100900012,4,224,-220
100900013,1711,13,1698
100900014,1,18,-17
100900015,105,72,33
100900016,5,40,-35
100900017,801,112,689
100900018,0,20,-20
100900019,44,227,-183
100900020,341,8,333
100900021,491,1,490
100900022,58,44,14
100900023,4,47,-43
100900024,1027,10,1017
100900025,67,14,53
100900026,100,98,2
100900027,674,3133,-2459
100900028,135,251,-116
100900029,54,10,44
100900030,5,117,-112
100900031,801,77,724
100900032,270,1,269
100900033,332,276,56
100900034,521,4,517
100900035,688,4,684
100900036,21,2,19
100900037,111,194,-83
100900038,119,60,59
100900039,315,604,-289
100900040,497,713,-216
100900041,903,697,206
100900042,1727,1665,62
100900043,0,50,-50
100900044,1995,599,1396
100900045,17,1,16
100900046,1541,18,1523
100900047,1042,282,760
100900048,264,46,218
100900049,212,190,22
100900050,1,19,-18
100900051,69,181,-112
100900052,568,58,510
100900053,386,17,369
100900054,13,55,-42
100900055,436,781,-345
100900056,176,248,-72
100900057,1559,1348,211
100900058,316,81,235
100900059,131,17,114
100900060,226,9,217
100900061,407,250,157
100900062,11,50,-39
100900063,253,682,-429
100900064,842,38,804
100900065,112,129,-17
100900066,196,226,-30
100900067,8,7,1
100900068,72,114,-42
100900069,435,16,419
100900070,445,5,440
100900071,849,319,530
100900072,13,25,-12
100900073,165,292,-127
100900074,6,11,-5
100900075,2123,471,1652
100900076,18,38,-20
100900077,22,97,-75
100900078,135,316,-181
100900079,7,32,-25
100900080,37,233,-196
100900081,43,153,-110
100900082,167,558,-391
100900083,14,34,-20
100900085,22,411,-389
100900086,193,833,-640
100900088,194,563,-369
100900089,10,18,-8
100900090,186,528,-342
100900091,8,28,-20
100900092,292,230,62
100900093,259,540,-281
100900094,132,411,-279
100900095,3,27,-24
100900096,86,126,-40
100900097,1,7,-6
100900098,29,30,-1
100900099,52,566,-514
100900100,19,655,-636
100900101,329,50,279
100900102,60,171,-111
100900103,12,26,-14
100900104,5,201,-196
100900105,60,814,-754
100900106,42,3,39
100900107,2042,844,1198
100900108,8,66,-58
100900109,29,32,-3
100900110,9,40,-31
100900111,68,194,-126
100900112,25,26,-1
100900113,15,52,-37
100900114,8,14,-6
100900115,5,43,-38
100900116,1009,733,276
100900117,375,1015,-640
100900118,18,34,-16
100900119,23,15,8
100900120,6,10,-4
100900121,499,653,-154
100900122,259,193,66
100900123,110,186,-76
100900124,14,20,-6
100900125,32,64,-32
100900126,197,205,-8
100900127,3,10,-7
100900128,110,212,-102
100900129,0,209,-209
100900131,86,298,-212
100900133,48,47,1
100900134,2,3,-1
100900135,2,221,-219
100900137,344,232,112
100900138,475,575,-100
100900139,22,4,18
100900140,12,541,-529
100900141,5,670,-665
100900142,0,15,-15
100900143,1111,553,558
100900144,29,23,6
100900145,291,190,101
100900146,5,86,-81
100900147,22,641,-619
100900148,19,473,-454
100900149,29,275,-246
100900150,9,57,-48
100900151,174,559,-385
100900152,676,22,654
100900153,11,266,-255
100900154,39,118,-79
100900155,27,36,-9
100900156,89,9,80
100900157,9,264,-255
100900158,233,54,179
100900159,8,58,-50
100900160,33,6,27
100900161,142,13,129
100900162,24,620,-596
100900163,220,162,58
100900164,53,59,-6
100900165,15,28,-13
100900166,52,14,38
100900167,13,86,-73
100900168,76,216,-140
100900169,173,1147,-974
100900170,92,11,81
100900171,25,468,-443
100900172,1,21,-20
100900173,13,339,-326
100900174,482,60,422
100900176,1986,239,1747
100900177,743,353,390
100900178,346,200,146
100900179,234,521,-287
100900180,5,9,-4
100900181,167,103,64
100900182,109,36,73
100900184,21,248,-227
100900186,667,505,162
100900187,8,41,-33
100900188,37,14,23
100900189,2019,306,1713
100900191,1200,1152,48
100900192,307,450,-143
100900195,122,179,-57
100900197,74,95,-21
100900198,58,239,-181
100900199,13,17,-4
100900200,756,558,198
100900201,133,756,-623
100900202,88,1,87
100900203,1,202,-201
100900204,1062,1950,-888
100900205,190,644,-454
100900206,202,178,24
100900207,313,197,116
100900210,137,944,-807
100900211,790,208,582
100900213,269,50,219
100900214,754,149,605
100900215,38,50,-12
100900217,184,130,54
101000001,4394,2685,1709
101000002,6286,6498,-212
101000003,561,1785,-1224
101000004,7921,6827,1094
101000005,4228,5319,-1091
101000006,6463,7201,-738
101000007,2979,4216,-1237
101000008,3066,2783,283
101000009,1936,1430,506
101000010,1022,1165,-143
101000011,1560,687,873
101000012,1428,898,530
101000013,772,1300,-528
101000014,614,735,-121
101000015,1338,978,360
101000016,405,578,-173
101000017,745,713,32
101000018,3151,2693,458
101000020,2916,1260,1656
101000021,924,486,438
101000022,303,114,189
101000023,1532,732,800
101000025,306,481,-175
101000026,367,40,327
101000027,2199,2770,-571
101000028,951,268,683
101000029,432,2013,-1581
101000030,2297,161,2136
101000031,1421,1107,314
101000032,10186,5604,4582
101000033,2942,3899,-957
101000034,2585,1775,810
101000035,1122,703,419
101000036,1986,1163,823
101000037,3076,2015,1061
101000039,3384,3434,-50
101000040,3620,3849,-229
101000041,11948,9681,2267
101000042,757,1641,-884
101000043,9015,9665,-650
101000045,2038,1231,807
101000046,4761,2092,2669
101000047,2996,4862,-1866
101000048,879,742,137
101000049,824,2155,-1331
101000050,3027,3261,-234
101000051,2491,3603,-1112
101000052,1878,1429,449
101000053,1627,1960,-333
101000054,2820,1469,1351
101000055,1615,1580,35
101000056,71,143,-72
101000057,2354,1296,1058
101000058,1352,1504,-152
101000059,2488,2399,89
101000060,2002,696,1306
101000061,1020,1417,-397
101000062,944,814,130
101000063,626,989,-363
101000064,1285,1049,236
101000065,462,483,-21
101000066,1109,990,119
101000067,1446,1175,271
101000068,370,603,-233
101000069,405,128,277
101000070,1412,1386,26
101000071,2178,1158,1020
101000072,1119,3471,-2352
101000073,1155,1410,-255
101000074,7074,4747,2327
101000075,5634,6178,-544
101000077,1823,1312,511
101000078,1236,2143,-907
101000079,878,526,352
101000080,660,543,117
101000081,1964,1580,384
101000082,3534,3096,438
101000083,3062,2346,716
101000084,1514,985,529
101000085,1872,1487,385
101000086,1274,1180,94
101000087,1074,1006,68
101000088,1520,1346,174
101000089,1296,1602,-306
101000090,2115,1257,858
101000091,415,753,-338
101000092,1059,1011,48
101000093,1354,948,406
101000094,1074,984,90
101000095,547,664,-117
101000096,404,577,-173
101000097,547,498,49
101000098,464,648,-184
101000099,1419,1232,187
101000100,1213,1280,-67
101000101,473,469,4
101000102,1023,576,447
101000103,979,629,350
101000104,385,672,-287
101000105,605,752,-147
101000106,947,1404,-457
101000107,343,327,16
101000108,983,328,655
101000109,415,82,333
101000110,60,586,-526
101000111,160,281,-121
101000113,265,820,-555
101000114,10492,8221,2271
101000115,297,214,83
101000116,218,173,45
101000117,1997,526,1471
101000119,80,82,-2
101000120,156,68,88
101000121,89,75,14
101000122,179,143,36
101000123,74,142,-68
101000124,668,284,384
101000125,258,517,-259
101000128,663,571,92
101000130,318,425,-107
101000131,777,552,225
101000132,723,1004,-281
101000135,60,43,17
101000136,577,232,345
101000137,33,472,-439
101000141,1528,3841,-2313
101000147,871,508,363
101000148,1272,43,1229
101000149,243,447,-204
101000150,99,831,-732
101000151,269,65,204
101000152,390,352,38
101000153,561,344,217
101000154,279,979,-700
101000155,362,161,201
101000156,25,302,-277
101000157,59,41,18
101000160,85,56,29
101000163,316,377,-61
101000164,390,358,32
101000165,285,415,-130
101000166,264,431,-167
101000168,952,467,485
101000252,2140,950,1190
101000254,544,154,390
101000258,57,6,51
101000261,169,56,113
101000262,1427,2374,-947
101000263,420,1744,-1324
101000265,112,864,-752
101000266,405,521,-116
101000269,36,14,22
101000290,1585,3217,-1632
101000293,66,101,-35
101000294,722,448,274
101000295,152,479,-327
101000301,818,634,184
101000304,2094,2864,-770
101000305,2972,1608,1364
101900001,43,95,-52
101900002,0,22,-22
101900003,71,79,-8
101900004,10,62,-52
101900005,3372,2555,817
101900006,1329,115,1214
101900007,980,293,687
101900008,110,360,-250
101900009,72,532,-460
101900010,924,661,263
101900011,376,1394,-1018
101900012,299,346,-47
101900013,920,198,722
101900017,22,155,-133
101900018,1407,337,1070
101900019,273,138,135
101900020,48,62,-14
101900021,1,40,-39
101900022,153,997,-844
101900023,236,171,65
101900026,94,38,56
101900027,10,99,-89
102000001,2802,4898,-2096
102000002,3016,1206,1810
102000003,3537,7797,-4260
102000004,6884,3307,3577
102000005,1442,2160,-718
102000006,1349,1900,-551
102000007,1941,4733,-2792
102000008,4533,1618,2915
102000009,7164,8223,-1059
102000010,5673,3660,2013
102000011,3251,2947,304
102000012,3409,3226,183
102000018,3025,2901,124
102000019,2550,1589,961
102000026,292,574,-282
102000029,472,308,164
102000030,189,416,-227
102000031,91,133,-42
102000032,581,389,192
102000033,305,418,-113
102000034,654,467,187
102000035,1685,844,841
102000036,16,304,-288
102000037,210,88,122
102000038,266,401,-135
102000039,240,99,141
102000040,450,318,132
102000041,212,366,-154
102000042,303,322,-19
102000043,306,255,51
102000044,357,423,-66
102000045,737,899,-162
102000046,1100,554,546
102000047,911,1147,-236
102000048,407,759,-352
102000049,1103,821,282
102000050,1386,1350,36
102000051,506,730,-224
102000052,1195,893,302
102000053,1008,960,48
102000054,746,1234,-488
102000055,1297,590,707
102000056,955,1079,-124
102000057,1502,642,860
102000058,1378,1276,102
102000059,1519,1365,154
102000060,1418,1118,300
102000061,1677,1835,-158
102000062,1730,1156,574
102000063,1154,1326,-172
102000064,629,769,-140
102000065,68,167,-99
102000066,862,883,-21
102000067,2063,2942,-879
102000068,8544,2550,5994
102000069,80,1783,-1703
102000070,1613,68,1545
102000071,6714,9012,-2298
102000072,3017,3694,-677
102000073,1749,1355,394
102000074,854,1414,-560
102000075,183,363,-180
102000076,227,476,-249
102000077,678,630,48
102000078,902,733,169
102000079,214,252,-38
102000080,300,262,38
102000081,432,802,-370
102000082,709,451,258
102000083,594,316,278
102000084,308,324,-16
102000085,2328,1110,1218
102000086,1361,1513,-152
102000087,895,1557,-662
102000088,391,352,39
102000089,1187,420,767
102000090,625,1192,-567
102000091,1633,755,878
102000092,369,765,-396
102000093,605,655,-50
102000094,1093,744,349
102000095,1271,1438,-167
102000096,845,897,-52
102000097,1134,961,173
102000098,749,901,-152
102000099,1093,963,130
102000100,684,1307,-623
102000101,1132,779,353
102000102,341,1247,-906
102000103,1491,531,960
102000104,742,341,401
102000105,311,559,-248
102000106,925,635,290
102000107,1393,518,875
102000108,685,263,422
102000109,504,574,-70
102000110,1074,1162,-88
102000111,28,279,-251
102000112,173,131,42
102000113,17,30,-13
102000114,779,378,401
102000115,332,340,-8
102000116,572,529,43
102000117,254,854,-600
102000118,1297,1181,116
102000119,1565,909,656
102000120,197,571,-374
102000121,1102,621,481
102000122,798,1088,-290
102000123,1351,1288,63
102000124,1515,1288,227
102000125,1142,996,146
102000126,1069,936,133
102000127,1209,729,480
102000128,722,1138,-416
102000129,1453,889,564
102000130,691,997,-306
102000131,2207,1007,1200
102000132,720,1367,-647
102000133,1915,1741,174
102000134,786,873,-87
102000135,997,980,17
102000136,1315,606,709
102000137,1237,1382,-145
102000138,434,490,-56
102000139,393,714,-321
102000140,644,935,-291
102000141,1130,1230,-100
102000142,493,448,45
102000143,206,476,-270
102000144,343,441,-98
102000145,460,530,-70
102000146,520,457,63
102000147,586,540,46
102000148,255,500,-245
102000149,178,381,-203
102000150,413,130,283
102000151,101,298,-197
102000152,194,139,55
102000153,1223,536,687
102000154,329,634,-305
102000155,105,355,-250
102000156,393,194,199
102000157,148,401,-253
102000158,604,664,-60
102000159,1024,540,484
102000161,3811,2260,1551
102000162,239,252,-13
102000163,199,725,-526
102000164,1114,1135,-21
102000165,276,173,103
102000166,104,175,-71
102000167,267,253,14
102000168,361,152,209
102000169,127,469,-342
102000170,589,334,255
102000171,353,404,-51
102000172,258,604,-346
102000173,439,341,98
102000174,94,72,22
102000175,174,93,81
102000176,105,40,65
102000178,265,473,-208
102000179,392,267,125
102000180,836,464,372
102000181,765,509,256
102000182,656,547,109
102000183,1727,1645,82
102000184,2004,796,1208
102000185,2955,1274,1681
102000186,1227,1717,-490
102000187,1014,1625,-611
102000188,1286,1367,-81
102000189,2452,803,1649
102000190,744,2760,-2016
102000191,1401,525,876
102000192,1247,1466,-219
102000193,58,179,-121
102000194,82,121,-39
102000195,452,521,-69
102000196,242,355,-113
102000197,698,457,241
102000198,195,985,-790
102000199,1077,450,627
102000200,267,1233,-966
102000201,1053,448,605
102000202,6,112,-106
102000203,358,245,113
102000204,429,634,-205
102000205,1090,433,657
102000206,589,560,29
102000207,945,655,290
102000208,436,625,-189
102000209,113,102,11
102000210,433,324,109
102000211,519,273,246
102000212,351,7,344
102000213,9,266,-257
102000214,319,7,312
102000215,12,436,-424
102000216,71,82,-11
102000217,8,153,-145
102000218,287,196,91
102000219,412,271,141
102000225,589,619,-30
102000226,4931,1871,3060
102000227,188,1,187
102000228,1,92,-91
102000229,60,65,-5
102000230,302,435,-133
102000231,338,438,-100
102000232,28,177,-149
102000233,434,739,-305
102000234,134,1008,-874
102000236,420,113,307
102000237,420,222,198
102000238,171,254,-83
102000240,550,631,-81
102000241,375,147,228
102000243,50,82,-32
102000245,50,137,-87
102000246,27,46,-19
102000247,611,922,-311
102000248,465,840,-375
102000249,142,130,12
102000250,133,326,-193
102000254,116,245,-129
102000266,81,517,-436
102000271,16,0,16
102000286,419,490,-71
102000297,1906,920,986
102000299,0,0,0
102000301,0,0,0
102000305,0,0,0
102000307,0,4,-4
102000308,0,3,-3
102900001,1346,797,549
102900002,423,61,362
102900003,64,226,-162
102900005,378,292,86
102900006,546,183,363
102900007,554,34,520
102900008,234,82,152
102900009,677,499,178
102900010,434,941,-507
102900011,1680,365,1315
102900012,399,89,310
102900013,54,69,-15
102900015,682,600,82
102900016,96,145,-49
102900017,217,542,-325
102900018,69,88,-19
102900019,413,481,-68
102900020,173,28,145
102900021,42,94,-52
102900022,560,162,398
102900023,57,56,1
102900024,56,36,20
102900025,268,119,149
102900026,511,2026,-1515
102900027,91,61,30
102900028,188,792,-604
102900029,246,237,9
102900030,433,305,128
102900031,187,132,55
102900032,110,116,-6
102900033,118,210,-92
102900034,657,122,535
102900035,166,276,-110
102900036,400,455,-55
102900037,342,559,-217
102900038,494,526,-32
102900039,28,539,-511
102900040,154,295,-141
102900041,73,151,-78
102900042,194,277,-83
102900043,148,232,-84
102900044,585,1718,-1133
102900045,203,561,-358
102900046,137,238,-101
102900047,135,628,-493
102900048,639,528,111
102900049,138,398,-260
102900050,258,310,-52
102900051,260,161,99
102900052,77,88,-11
102900053,465,592,-127
102900054,781,1144,-363
102900055,126,256,-130
102900056,129,390,-261
102900057,19,82,-63
102900058,386,93,293
102900059,35,62,-27
102900060,159,443,-284
102900061,202,389,-187
102900062,282,920,-638
102900063,1297,367,930
102900064,169,404,-235
102900065,1265,549,716
102900066,367,43,324
102900068,139,69,70
102900070,377,648,-271
102900072,20,40,-20
102900073,162,11,151
102900075,24,49,-25
102900076,200,162,38
102900077,74,47,27
102900078,48,87,-39
102900079,182,8,174
102900080,376,32,344
102900081,126,338,-212
102900082,22,253,-231
102900083,228,39,189
102900084,19,43,-24
102900085,460,154,306
102900086,24,56,-32
102900087,205,168,37
102900088,36,39,-3
102900089,206,114,92
102900090,3,307,-304
102900091,153,5,148
102900092,491,699,-208
102900093,344,256,88
102900094,1,140,-139
102900095,194,5,189
102900096,66,18,48
102900097,44,150,-106
103000001,2630,2319,311
103000002,2074,2647,-573
103000003,3574,2896,678
103000004,926,749,177
103000005,1743,2758,-1015
103000006,803,1515,-712
103000007,419,721,-302
103000008,1033,708,325
103000009,1215,1104,111
103000010,165,96,69
103000011,1681,1362,319
103000012,1599,1543,56
103000013,4064,2086,1978
103000014,1593,2609,-1016
103000015,1734,754,980
103000016,509,1367,-858
103000017,231,361,-130
103000018,837,403,434
103000019,347,372,-25
103000020,2466,1531,935
103000021,2010,1846,164
103000022,749,1038,-289
103000023,644,1625,-981
103000024,78,140,-62
103000025,119,638,-519
103000026,965,120,845
103000027,350,625,-275
103000028,492,400,92
103000029,319,354,-35
103000030,1718,1238,480
103000031,1706,2057,-351
103000032,2365,1743,622
103000033,2967,2723,244
103000034,1625,1265,360
103000035,479,1390,-911
103000036,465,572,-107
103000037,677,619,58
103000038,667,1095,-428
103000039,426,358,68
103000040,415,907,-492
103000041,1635,2109,-474
103000042,1217,462,755
103000043,590,918,-328
103000044,312,200,112
103000046,427,464,-37
103000047,709,796,-87
103000048,220,187,33
103000049,116,181,-65
103000050,690,461,229
103000051,533,518,15
103000052,749,378,371
103000053,205,604,-399
103000054,2674,1342,1332
103000055,1956,2173,-217
103000056,696,1279,-583
103000057,646,261,385
103000058,720,904,-184
103000059,594,805,-211
103000060,855,640,215
103000061,459,1001,-542
103000062,1285,505,780
103000063,752,948,-196
103000064,165,173,-8
103000065,3,392,-389
103000066,222,17,205
103000069,553,323,230
103000070,1013,793,220
103000071,1232,532,700
103000072,130,623,-493
103000073,598,108,490
103000074,720,112,608
103000075,191,638,-447
103000076,350,403,-53
103000077,51,403,-352
103000078,969,673,296
103000079,754,691,63
103000080,1130,375,755
103000081,562,1193,-631
103000082,541,258,283
103000083,127,286,-159
103000084,137,12,125
103000085,7,112,-105
103000086,622,397,225
103000087,187,580,-393
103000088,275,262,13
103000089,300,472,-172
103000090,1797,815,982
103000091,614,472,142
103000092,280,276,4
103000093,302,352,-50
103000094,211,110,101
103000095,100,313,-213
103000096,682,142,540
103000097,107,748,-641
103000098,889,231,658
103000099,371,739,-368
103000100,151,658,-507
103000101,891,132,759
103000102,109,490,-381
103000103,713,171,542
103000104,77,96,-19
103000105,115,86,29
103000106,15,138,-123
103000107,181,45,136
103000108,646,548,98
103000109,454,451,3
103000110,475,524,-49
103000111,576,420,156
103000112,322,189,133
103000113,851,676,175
103000114,1252,432,820
103000115,581,448,133
103000116,583,397,186
103000117,413,514,-101
103000118,686,675,11
103000119,1195,501,694
103000120,70,142,-72
103000121,304,777,-473
103000122,522,742,-220
103000125,31,291,-260
103000126,804,8,796
103000127,7,197,-190
103000128,189,2,187
103000129,7,125,-118
103000130,83,60,23
103000131,257,125,132
103000132,87,195,-108
103000133,23,186,-163
103000134,552,890,-338
103000135,684,339,345
103000136,780,424,356
103000137,494,629,-135
103000138,786,793,-7
103000139,7,95,-88
103000140,145,50,95
103000141,117,161,-44
103000142,198,99,99
103000143,76,196,-120
103000144,218,86,132
103000145,68,164,-96
103000150,95,34,61
103000152,171,272,-101
103000153,244,142,102
103000156,19,347,-328
103000157,536,3,533
103000159,132,57,75
103000162,99,51,48
103000163,13,92,-79
103000164,28,18,10
103000165,100,290,-190
103000166,190,268,-78
103000167,170,116,54
103000168,82,137,-55
103000169,229,477,-248
103000170,742,437,305
103000171,57,107,-50
103000172,663,329,334
103000173,734,476,258
103000174,169,352,-183
103000175,331,269,62
103000176,871,721,150
103000177,539,389,150
103000178,240,270,-30
103000179,180,44,136
103000183,130,26,104
103000185,110,56,54
103000186,137,169,-32
103000187,666,359,307
103000188,18,68,-50
103000189,848,774,74
103000191,636,624,12
103000292,1461,1920,-459
103000293,1127,2217,-1090
103000295,98,110,-12
103000296,477,6,471
103000297,161,156,5
103000504,55,18,37
103000505,8,36,-28
103000506,4,228,-224
103000507,248,4,244
103000508,79,102,-23
103000509,204,565,-361
103900001,11,249,-238
103900002,1312,207,1105
103900003,1460,162,1298
103900004,144,9,135
103900005,2,238,-236
103900006,6,3,3
103900007,65,1,64
103900008,25,3,22
103900009,315,532,-217
103900010,169,444,-275
103900011,360,203,157
103900012,23,21,2
103900013,107,84,23
103900014,82,17,65
103900015,74,26,48
103900016,274,196,78
103900017,29,84,-55
103900018,724,234,490
103900019,97,345,-248
103900020,209,561,-352
103900021,515,93,422
103900022,1278,763,515
103900023,181,2,179
103900024,108,544,-436
103900025,8,48,-40
103900026,305,1,304
103900027,758,279,479
103900028,23,306,-283
103900029,1058,147,911
103900030,277,105,172
103900031,40,15,25
103900032,104,69,35
103900033,129,17,112
103900034,44,145,-101
103900035,62,57,5
103900036,38,50,-12
103900037,125,94,31
103900038,109,214,-105
103900039,90,244,-154
103900040,11,178,-167
103900041,79,58,21
103900042,62,326,-264
103900043,152,97,55
103900044,115,200,-85
103900045,334,186,148
103900047,85,24,61
103900048,102,29,73
103900049,204,1437,-1233
103900050,15,136,-121
103900051,0,35,-35
103900052,242,384,-142
103900053,276,568,-292
103900054,139,358,-219
103900055,437,222,215
103900056,54,63,-9
103900057,37,140,-103
103900058,343,601,-258
103900059,0,67,-67
103900060,62,166,-104
103900061,188,59,129
103900062,357,113,244
103900063,24,0,24
103900064,125,6,119
103900065,840,496,344
103900066,191,44,147
103900067,214,18,196
103900068,78,4,74
103900069,82,26,56
103900070,142,227,-85
103900071,19,147,-128
103900072,17,154,-137
103900073,34,38,-4
103900074,89,81,8
103900075,364,86,278
103900076,542,443,99
103900077,56,92,-36
103900078,661,146,515
103900079,160,231,-71
103900080,17,44,-27
103900081,65,17,48
103900082,28,142,-114
103900083,1318,1025,293
103900084,61,213,-152
103900085,151,107,44
103900086,727,530,197
103900087,22,87,-65
103900088,338,596,-258
103900089,72,161,-89
103900090,10,131,-121
103900091,1118,294,824
103900092,662,529,133
103900093,84,309,-225
103900094,12,120,-108
103900095,375,233,142
103900096,35,152,-117
103900097,11,463,-452
103900098,285,122,163
103900099,85,157,-72
103900100,237,295,-58
103900101,170,1022,-852
103900102,3,59,-56
103900104,5,38,-33
103900105,103,222,-119
103900106,0,149,-149
103900107,152,176,-24
103900108,69,299,-230
103900109,138,76,62
103900110,261,93,168
103900111,102,520,-418
103900112,114,194,-80
103900113,157,235,-78
103900114,429,327,102
103900115,331,244,87
103900116,5082,2727,2355
103900117,129,104,25
103900119,57,79,-22
103900120,89,118,-29
103900122,102,221,-119
103900123,1318,703,615
103900124,68,481,-413
103900125,140,82,58
103900126,488,380,108
103900127,210,521,-311
103900128,196,157,39
103900131,43,91,-48
103900133,1014,173,841
103900134,1,7,-6
103900135,5,8,-3
103900137,2,37,-35
103900138,110,213,-103
103900139,264,2142,-1878
103900140,8,138,-130
103900141,307,69,238
103900142,249,212,37
103900143,72,2,70
103900144,0,73,-73
103900145,211,208,3
103900146,285,240,45
103900147,342,120,222
103900148,216,307,-91
103900149,369,705,-336
103900150,6625,4154,2471
103900151,43,191,-148
103900152,506,422,84
103900153,14,3,11
103900154,1030,1926,-896
103900155,77,210,-133
103900156,73,160,-87
103900157,42,156,-114
103900158,123,143,-20
103900159,178,62,116
103900160,54,37,17
103900161,110,186,-76
103900162,75,250,-175
103900163,15,392,-377
103900167,27,107,-80
103900168,122,111,11
103900169,104,48,56
103900170,4,59,-55
103900171,1,62,-61
103900172,5,32,-27
103900173,11,22,-11
103900174,233,92,141
103900175,63,89,-26
103900176,11,30,-19
103900177,9,76,-67
103900178,44,49,-5
103900179,32,141,-109
103900180,32,129,-97
103900181,49,48,1
103900182,33,22,11
103900184,403,129,274
103900185,144,391,-247
103900187,14,78,-64
103900188,41,28,13
103900189,166,12,154
103900190,75,47,28
103900191,26,80,-54
103900192,16,114,-98
103900193,135,256,-121
103900194,53,276,-223
103900195,16,74,-58
103900196,178,63,115
103900197,23,36,-13
103900198,20,43,-23
103900199,151,70,81
103900200,154,117,37
103900201,113,189,-76
103900202,48,80,-32
103900203,48,34,14
103900204,4,84,-80
103900207,2,80,-78
103900208,116,1,115
103900209,12,108,-96
103900210,31,46,-15
103900211,666,413,253
103900212,123,359,-236
103900213,100,210,-110
103900214,287,187,100
103900215,433,353,80
103900216,8,363,-355
103900217,449,80,369
103900218,1,243,-242
103900219,150,266,-116
103900233,90,4,86
103900235,32,31,1
103900236,37,3,34
103900242,0,9,-9
103900243,10,9,1
103900244,131,209,-78
103900245,87,175,-88
103900246,47,58,-11
103900247,29,93,-64
103900248,7,62,-55
103900249,29,63,-34
103900250,45,25,20
103900251,12,33,-21
103900253,22,99,-77
103900254,9,13,-4
103900255,5,24,-19
103900256,16,34,-18
103900257,100,134,-34
103900258,44,6,38
103900259,107,12,95
103900261,11,10,1
103900262,31,5,26
103900263,36,75,-39
103900264,86,65,21
103900265,76,24,52
103900266,0,110,-110
103900267,8,99,-91
103900268,8,63,-55
103900269,124,40,84
103900270,81,133,-52
103900271,83,106,-23
104000001,2220,2013,207
104000002,1729,2409,-680
104000003,2344,2025,319
104000004,2543,2640,-97
104000005,1449,1805,-356
104000006,3212,2555,657
104000007,4060,4044,16
104000008,190,251,-61
104000009,167,127,40
104000010,163,291,-128
104000011,415,289,126
104000012,162,302,-140
104000013,204,194,10
104000014,216,549,-333
104000015,373,125,248
104000016,600,319,281
104000018,883,153,730
104000019,681,173,508
104000020,165,532,-367
104000021,280,500,-220
104000022,119,295,-176
104000023,804,352,452
104000024,250,362,-112
104000026,48,354,-306
104000027,232,233,-1
104000028,311,262,49
104000029,336,279,57
104000030,221,199,22
104000031,1447,383,1064
104000032,211,233,-22
104000033,665,469,196
104000034,347,271,76
104000035,989,422,567
104000036,762,535,227
104000037,317,203,114
104000038,442,270,172
104000039,263,221,42
104000040,307,448,-141
104000041,735,318,417
104000042,234,330,-96
104000043,210,324,-114
104000044,232,468,-236
104000045,886,888,-2
104000046,1101,1420,-319
104000047,1066,1300,-234
104000048,1024,1340,-316
104000049,472,322,150
104000050,240,662,-422
104000051,126,574,-448
104000052,1589,1499,90
104000053,875,469,406
104000054,652,344,308
104000055,3718,2488,1230
104000056,1166,227,939
104000057,119,435,-316
104000058,776,689,87
104000059,543,899,-356
104000060,1044,1059,-15
104000061,1306,1011,295
104000062,392,99,293
104000064,437,324,113
104000065,292,715,-423
104000069,1020,1114,-94
104000070,71,544,-473
104000071,122,356,-234
104000072,556,166,390
104000075,118,238,-120
104000076,503,143,360
104000082,2361,3181,-820
104000083,879,221,658
104000084,133,539,-406
104000085,322,435,-113
104000086,255,449,-194
104000087,448,2249,-1801
104000090,839,1019,-180
104000092,1251,1778,-527
104000094,852,1397,-545
104000095,1648,1340,308
104000096,1755,217,1538
104000097,1837,810,1027
104000098,2183,890,1293
104000100,1658,608,1050
104000101,1081,1505,-424
104000106,63,606,-543
104000107,664,421,243
104000108,289,496,-207
104000109,325,88,237
104000110,786,1162,-376
104000111,3779,2541,1238
104000112,2068,571,1497
104000116,1,901,-900
104000117,148,525,-377
104000118,640,232,408
104000119,676,275,401
104000120,215,732,-517
104000121,212,699,-487
104000122,674,804,-130
104000123,844,804,40
104000124,869,1817,-948
104000125,3275,4271,-996
104000126,499,414,85
104000127,1214,2301,-1087
104000128,729,461,268
104000129,445,31,414
104000130,16,317,-301
104000131,482,360,122
104000132,364,430,-66
104000133,1334,919,415
104000134,1060,1748,-688
104000135,503,2125,-1622
104000136,867,4318,-3451
104000137,1652,484,1168
104000138,1082,384,698
104000139,5746,3105,2641
104000141,1147,1296,-149
104000142,620,643,-23
104000143,553,524,29
104000144,112,238,-126
104000145,373,223,150
104000146,279,478,-199
104000147,170,250,-80
104000148,409,189,220
104000149,180,218,-38
104000150,1221,512,709
104000151,376,439,-63
104000152,649,581,68
104000153,748,522,226
104000154,942,537,405
104000155,535,551,-16
104000157,1101,1296,-195
104000158,737,790,-53
104000159,942,675,267
104000160,1841,1864,-23
104000161,207,208,-1
104000162,85,177,-92
104000165,1054,992,62
104000167,673,1008,-335
104000168,568,9,559
104000169,156,24,132
104000170,422,582,-160
104000248,228,604,-376
104000251,62,235,-173
104000272,0,0,0
104000273,0,0,0
104000274,0,0,0
104000275,0,0,0
104000279,748,481,267
104000290,128,290,-162
104000291,431,984,-553
104000293,850,659,191
104000294,43,0,43
104000295,586,823,-237
104000296,339,619,-280
104000297,726,1765,-1039
104000298,1742,811,931
104000299,691,1437,-746
104900001,207,327,-120
104900002,75,176,-101
104900003,44,260,-216
104900004,97,256,-159
104900005,293,286,7
104900006,343,104,239
104900007,288,172,116
104900009,140,303,-163
104900010,147,98,49
104900011,61,53,8
104900012,354,39,315
104900013,151,9,142
104900014,2494,364,2130
104900015,105,7,98
104900016,241,238,3
104900017,201,225,-24
104900018,8,165,-157
104900019,330,2694,-2364
104900020,62,288,-226
104900021,2,156,-154
104900022,9,108,-99
104900023,0,74,-74
104900024,35,104,-69
104900025,95,257,-162
104900026,3,71,-68
104900027,593,356,237
104900028,27,94,-67
104900029,43,61,-18
104900030,511,262,249
104900031,101,205,-104
104900032,73,140,-67
104900033,287,282,5
104900034,415,190,225
104900035,362,206,156
104900036,224,91,133
104900037,183,185,-2
104900038,502,755,-253
104900039,689,461,228
104900040,448,103,345
104900041,300,197,103
104900042,146,315,-169
104900043,25,187,-162
104900044,626,231,395
104900045,432,61,371
104900046,229,180,49
104900047,346,118,228
104900048,280,69,211
104900049,54,55,-1
104900050,288,109,179
104900051,321,49,272
104900052,82,4,78
104900053,442,144,298
104900054,167,40,127
104900055,167,0,167
104900056,175,29,146
104900057,55,0,55
104900058,845,697,148
104900059,303,96,207
104900060,1,473,-472
104900061,213,421,-208
104900063,0,98,-98
104900064,0,78,-78
104900065,1,208,-207
104900066,3,145,-142
104900067,12,323,-311
104900068,16,135,-119
104900070,195,231,-36
104900071,3,450,-447
104900072,55,273,-218
104900073,93,227,-134
104900074,74,230,-156
104900075,108,82,26
104900076,120,288,-168
104900077,964,297,667
104900078,221,473,-252
104900079,128,511,-383
104900080,112,434,-322
104900082,22,359,-337
104900085,1,153,-152
104900087,484,6,478
104900089,228,1,227
104900090,959,724,235
104900091,674,651,23
104900093,327,472,-145
104900097,2136,2077,59
104900098,135,59,76
104900099,459,817,-358
104900100,471,253,218
104900102,25,173,-148
104900103,528,90,438
104900104,3012,2221,791
104900106,84,128,-44
104900107,167,154,13
104900108,99,210,-111
104900109,99,224,-125
104900110,13,62,-49
104900111,222,147,75
104900112,302,625,-323
104900113,716,335,381
104900114,377,425,-48
104900115,749,432,317
104900116,240,194,46
104900118,32,89,-57
104900119,20,86,-66
104900120,33,248,-215
104900121,0,75,-75
104900122,4,61,-57
104900123,52,11,41
104900124,45,2,43
104900125,461,9,452
104900126,51,62,-11
104900127,31,81,-50
104900128,117,186,-69
104900129,1613,1914,-301
105000001,2493,1419,1074
105000002,2235,1495,740
105000003,3392,3641,-249
105000004,600,858,-258
105000005,844,1091,-247
105000006,1470,1801,-331
105000007,1340,1531,-191
105000008,1839,3161,-1322
105000009,2326,3257,-931
105000010,2731,2149,582
105000011,3387,2802,585
105000012,3660,2974,686
105000013,1032,973,59
105000014,2083,2762,-679
105000015,10830,15965,-5135
105000016,2992,2638,354
105000017,1776,991,785
105000018,1218,1494,-276
105000019,1234,827,407
105000020,169,489,-320
105000021,325,114,211
105000022,294,79,215
105000023,679,447,232
105000028,108,116,-8
105000029,633,1429,-796
105000030,3869,2546,1323
105000033,1055,2003,-948
105000034,155,876,-721
105000037,645,352,293
105000038,2205,1811,394
105000039,3017,1851,1166
105000040,1090,1404,-314
105000041,776,1676,-900
105000042,4481,2010,2471
105000043,2032,3005,-973
105000044,650,569,81
105000045,374,762,-388
105000046,1304,404,900
105000047,547,1280,-733
105000048,592,173,419
105000049,218,483,-265
105000050,651,318,333
105000051,157,364,-207
105000052,562,940,-378
105000053,108,127,-19
105000054,325,762,-437
105000055,965,374,591
105000056,1240,1794,-554
105000057,1110,800,310
105000058,1227,1172,55
105000059,753,583,170
105000060,430,587,-157
105000061,643,491,152
105000062,623,795,-172
105000063,343,528,-185
105000064,1511,795,716
105000065,337,580,-243
105000066,1159,1312,-153
105000067,1502,734,768
105000068,516,882,-366
105000069,1647,1797,-150
105000070,557,833,-276
105000071,284,813,-529
105000072,1008,2036,-1028
105000073,957,722,235
105000074,1264,787,477
105000075,517,900,-383
105000076,1076,1019,57
105000077,2613,1175,1438
105000078,1433,1564,-131
105000079,1373,3697,-2324
105000080,2175,1716,459
105000081,4098,1532,2566
105000082,1272,2302,-1030
105000083,5510,4488,1022
105000084,651,776,-125
105000085,1866,2406,-540
105000086,666,837,-171
105000087,1479,1800,-321
105000088,1495,1459,36
105000089,3362,2185,1177
105000090,1113,807,306
105000091,1359,1552,-193
105000092,712,975,-263
105000093,312,260,52
105000094,287,288,-1
105000095,137,438,-301
105000096,1210,1093,117
105000097,1022,800,222
105000098,947,757,190
105000099,937,699,238
105000100,1484,1002,482
105000101,1910,2134,-224
105000102,3147,1451,1696
105000103,1922,2872,-950
105000104,2214,1057,1157
105000105,1124,1874,-750
105000106,1338,1646,-308
105000107,1388,897,491
105000108,1766,1323,443
105000109,1547,1575,-28
105000110,955,600,355
105000111,807,709,98
105000112,1316,698,618
105000113,531,779,-248
105000114,2590,1087,1503
105000115,343,1093,-750
105000116,804,514,290
105000117,894,944,-50
105000118,570,467,103
105000119,562,810,-248
105000120,940,536,404
105000121,778,863,-85
105000122,470,631,-161
105000123,1047,1167,-120
105000124,1955,737,1218
105000125,817,1558,-741
105000126,1966,1664,302
105000127,2238,1701,537
105000128,649,900,-251
105000129,849,321,528
105000130,501,3291,-2790
105000131,808,392,416
105000132,987,738,249
105000133,520,891,-371
105000134,775,706,69
105000135,471,634,-163
105000136,170,358,-188
105000137,512,190,322
105000138,224,339,-115
105000139,1046,986,60
105000140,418,500,-82
105000141,331,601,-270
105000142,202,453,-251
105000143,251,745,-494
105000144,287,927,-640
105000145,663,389,274
105000146,398,955,-557
105000147,641,367,274
105000148,1268,621,647
105000149,2417,2323,94
105000150,2018,1604,414
105000151,387,370,17
105000152,179,458,-279
105000153,544,642,-98
105000154,607,487,120
105000155,342,1014,-672
105000156,822,659,163
105000157,806,1453,-647
105000158,1739,619,1120
105000159,221,847,-626
105000160,1529,477,1052
105000161,636,919,-283
105000162,617,1463,-846
105000163,948,772,176
105000164,249,214,35
105000165,934,4519,-3585
105000166,4465,806,3659
105000167,1726,1492,234
105000168,357,588,-231
105000169,537,322,215
105000170,240,1307,-1067
105000171,957,269,688
105000172,215,47,168
105000173,161,53,108
105000174,86,78,8
105000175,72,135,-63
105000176,375,111,264
105000177,328,178,150
105000178,104,448,-344
105000179,553,169,384
105000180,161,128,33
105000181,128,230,-102
105000182,72,59,13
105000183,2218,1885,333
105000184,1363,1335,28
105000185,1771,1126,645
105000186,717,968,-251
105000187,931,253,678
105000188,445,184,261
105000189,219,558,-339
105000190,366,404,-38
105000191,466,333,133
105000192,446,72,374
105000193,76,210,-134
105000194,395,147,248
105000195,390,818,-428
105000196,97,272,-175
105000197,325,637,-312
105000198,606,371,235
105000199,266,590,-324
105000200,161,368,-207
105000201,103,50,53
105000203,7,186,-179
105000204,97,96,1
105000205,104,190,-86
105000207,619,323,296
105000208,291,725,-434
105000209,247,465,-218
105000212,1177,1209,-32
105000213,239,224,15
105000214,156,288,-132
105000215,307,178,129
105000216,112,343,-231
105000217,155,286,-131
105000218,1365,1051,314
105000221,223,182,41
105000222,586,122,464
105000223,453,166,287
105000226,95,244,-149
105000227,86,193,-107
105000228,297,2199,-1902
105000229,144,575,-431
105000231,419,352,67
105000233,854,682,172
105000234,581,1206,-625
105000235,422,575,-153
105000237,789,128,661
105000243,36,146,-110
105000248,63,90,-27
105000262,353,1184,-831
105000269,189,200,-11
105000270,390,71,319
105000271,1,222,-221
105000282,62,41,21
105000287,409,97,312
105000288,518,447,71
105000289,3134,2215,919
105000290,27,4,23
105000402,3731,4702,-971
105000426,557,660,-103
105000438,4160,1826,2334
105000446,12218,6002,6216
105000447,6956,3021,3935
105000454,564,667,-103
105000455,297,195,102
105000474,45,5,40
105000477,396,578,-182
105000478,1924,4720,-2796
105000479,149,140,9
105000480,10439,7425,3014
105000481,5071,3675,1396
105000482,5410,8586,-3176
105000483,1704,1973,-269
105000484,2331,3262,-931
105000485,1688,3350,-1662
105000486,3418,2459,959
105000488,10444,5827,4617
105000489,911,863,48
105000549,150,126,24
105000550,527,1650,-1123
105000551,38,123,-85
105000552,2381,1680,701
105900001,12,2141,-2129
105900002,1223,707,516
105900003,18,103,-85
105900004,311,158,153
105900005,21,216,-195
105900006,40,146,-106
105900007,196,43,153
105900008,87,558,-471
105900009,34,14,20
105900011,537,116,421
105900012,734,197,537
105900013,3,43,-40
105900014,8,68,-60
105900015,221,315,-94
105900016,467,679,-212
105900017,1139,49,1090
105900018,234,200,34
105900019,112,661,-549
105900020,49,69,-20
105900021,62,972,-910
105900022,269,199,70
105900023,9,226,-217
105900024,15,323,-308
105900025,208,27,181
105900026,210,18,192
105900027,12699,9554,3145
105900028,675,351,324
105900029,1655,349,1306
105900030,195,272,-77
105900031,392,200,192
105900032,80,174,-94
105900033,113,133,-20
105900034,218,228,-10
105900035,182,199,-17
105900036,91,147,-56
105900037,95,72,23
105900038,207,220,-13
105900039,150,101,49
105900040,54,153,-99
105900041,144,205,-61
105900042,58,171,-113
105900043,1335,103,1232
105900044,7,214,-207
105900045,5,682,-677
105900046,22,254,-232
105900047,18,60,-42
105900048,87,470,-383
105900050,8640,6319,2321
105900051,80,1145,-1065
105900052,667,400,267
105900053,2763,2522,241
105900054,365,208,157
105900056,943,426,517
105900057,77,158,-81
105900058,14,13,1
105900059,3,45,-42
106000001,4302,2538,1764
106000002,2359,5287,-2928
106000003,2800,3443,-643
106000004,1609,2705,-1096
106000005,3367,5380,-2013
106000006,5385,3580,1805
106000007,495,586,-91
106000008,478,298,180
106000009,588,414,174
106000010,697,601,96
106000011,1114,1092,22
106000012,909,1233,-324
106000013,1835,2014,-179
106000014,1942,1398,544
106000015,1864,1420,444
106000016,1212,1964,-752
106000017,474,690,-216
106000018,581,419,162
106000019,433,369,64
106000020,365,306,59
106000021,337,433,-96
106000022,293,218,75
106000023,658,351,307
106000024,618,435,183
106000025,124,189,-65
106000026,109,187,-78
106000027,1350,1292,58
106000028,549,448,101
106000029,659,1019,-360
106000030,664,612,52
106000034,220,527,-307
106000035,941,2024,-1083
106000036,265,448,-183
106000037,2012,1411,601
106000038,450,131,319
106000039,152,113,39
106000040,132,855,-723
106000041,678,562,116
106000043,596,247,349
106000046,369,72,297
106000047,48,477,-429
106000049,974,217,757
106000050,348,733,-385
106000051,709,556,153
106000052,124,593,-469
106000053,486,148,338
106000054,377,469,-92
106000055,1103,960,143
106000056,302,405,-103
106000057,362,268,94
106000058,140,203,-63
106000059,366,260,106
106000060,347,479,-132
106000061,221,508,-287
106000062,171,519,-348
106000063,655,525,130
106000064,39,382,-343
106000065,400,354,46
106000066,102,284,-182
106000067,421,136,285
106000068,41,602,-561
106000069,227,80,147
106000070,463,777,-314
106000071,1041,414,627
106000072,2672,1521,1151
106000073,1573,2742,-1169
106000074,722,683,39
106000075,346,1461,-1115
106000076,1899,2099,-200
106000077,3468,1325,2143
106000078,1079,960,119
106000079,672,845,-173
106000080,1223,581,642
106000081,756,1144,-388
106000082,2390,816,1574
106000083,400,1448,-1048
106000084,1243,634,609
106000085,1349,1483,-134
106000086,683,869,-186
106000087,1091,528,563
106000088,413,765,-352
106000089,1017,330,687
106000090,298,555,-257
106000091,260,430,-170
106000092,677,260,417
106000093,271,135,136
106000094,104,231,-127
106000095,822,608,214
106000096,786,626,160
106000097,1316,767,549
106000098,707,848,-141
106000099,217,837,-620
106000100,1641,210,1431
106000101,1747,403,1344
106000102,297,761,-464
106000103,297,475,-178
106000104,851,409,442
106000105,472,567,-95
106000106,655,420,235
106000107,143,292,-149
106000108,225,268,-43
106000109,179,211,-32
106000110,236,258,-22
106000111,209,319,-110
106000112,227,460,-233
106000113,671,512,159
106000114,437,549,-112
106000115,215,377,-162
106000116,226,231,-5
106000117,1140,658,482
106000118,1124,1343,-219
106000119,1326,920,406
106000120,944,1113,-169
106000121,204,156,48
106000122,105,209,-104
106000123,506,131,375
106000124,62,170,-108
106000125,24,265,-241
106000126,292,97,195
106000127,871,729,142
106000128,664,162,502
106000129,507,532,-25
106000130,764,295,469
106000131,110,703,-593
106000132,556,152,404
106000133,1682,1119,563
106000134,522,1954,-1432
106000135,234,558,-324
106000136,653,987,-334
106000137,70,653,-583
106000138,946,113,833
106000139,69,119,-50
106000140,29,29,0
106000141,99,44,55
106000142,107,76,31
106000143,46,37,9
106000144,28,82,-54
106000145,264,244,20
106000146,305,182,123
106000147,430,453,-23
106000148,474,743,-269
106000149,504,329,175
106000150,474,1618,-1144
106000151,3436,714,2722
106000152,1265,1779,-514
106000153,69,1453,-1384
106000154,1206,182,1024
106000155,129,221,-92
106000156,790,264,526
106000157,725,1425,-700
106000158,2170,938,1232
106000159,2833,1735,1098
106000160,474,2449,-1975
106000161,1410,358,1052
106000162,249,948,-699
106000163,398,370,28
106000164,370,307,63
106000165,273,480,-207
106000166,640,364,276
106000167,353,840,-487
106000168,482,278,204
106000169,259,560,-301
106000170,811,227,584
106000171,290,1143,-853
106000172,2784,1347,1437
106000173,1208,2458,-1250
106000174,1081,425,656
106000175,294,797,-503
106000176,1496,825,671
106000177,778,2340,-1562
106000178,3248,1707,1541
106000179,1045,2089,-1044
106000180,905,1207,-302
106000181,768,1932,-1164
106000182,1325,721,604
106000183,1381,616,765
106000184,2083,752,1331
106000185,1139,1418,-279
106000186,928,117,811
106000187,260,926,-666
106000188,1,3,-2
106000189,31,32,-1
106000190,31,0,31
106000191,683,178,505
106000192,9,29,-20
106000193,475,197,278
106000194,189,464,-275
106000195,947,283,664
106000196,250,767,-517
106000197,667,400,267
106000198,168,251,-83
106000199,737,727,10
106000200,256,256,0
106000201,414,2534,-2120
106000202,3565,611,2954
106000203,48,163,-115
106000204,86,8,78
106000205,11,145,-134
106000206,91,23,68
106000207,33,965,-932
106000208,1293,143,1150
106000209,1566,395,1171
106000210,841,921,-80
106000211,349,987,-638
106000212,814,434,380
106000213,740,2107,-1367
106000214,2612,947,1665
106000215,276,436,-160
106000216,261,301,-40
106000217,289,360,-71
106000218,459,413,46
106000219,161,272,-111
106000220,378,215,163
106000221,142,226,-84
106000222,79,102,-23
106000223,211,136,75
106000224,196,165,31
106000225,83,102,-19
106000226,132,239,-107
106000228,66,69,-3
106000229,71,712,-641
106000231,904,126,778
106000232,97,336,-239
106000233,736,82,654
106000234,288,218,70
106000235,626,94,532
106000236,176,82,94
106000237,4,5,-1
106000238,65,21,44
106000239,9,81,-72
106000240,48,2,46
106000241,18,552,-534
106000242,231,29,202
106000249,60,69,-9
106000250,103,508,-405
106000251,106,56,50
106000252,31,103,-72
106000253,54,80,-26
106000254,68,76,-8
106000255,20,157,-137
106000256,54,64,-10
106000257,140,225,-85
106000258,261,15,246
106000259,6,55,-49
106000260,28,2,26
106000261,0,52,-52
106000262,107,7,100
106000263,10,57,-47
106000264,249,9,240
106000265,23,109,-86
106000266,150,36,114
106000267,4,92,-88
106000268,502,57,445
106000269,73,65,8
106000270,161,445,-284
106000271,87,193,-106
106000272,184,59,125
106000273,10,249,-239
106000274,158,28,130
106000275,133,304,-171
106000276,173,41,132
106000277,107,267,-160
106000278,186,41,145
106000279,17,22,-5
106000280,93,77,16
106000281,82,61,21
106000282,106,69,37
106000283,153,57,96
106000284,85,121,-36
106000285,110,89,21
106000286,74,118,-44
106000287,143,56,87
106000288,68,143,-75
106000289,121,65,56
106000290,34,115,-81
106000291,107,92,15
106000292,76,84,-8
106000293,144,79,65
106000294,171,108,63
106000295,68,44,24
106000296,52,95,-43
106000297,84,230,-146
106000298,118,59,59
106000299,93,139,-46
106000300,64,113,-49
106000301,76,124,-48
106000303,46,94,-48
106000304,40,39,1
106000305,58,52,6
106000306,36,60,-24
106000307,90,37,53
106000308,33,111,-78
106000309,37,80,-43
106000310,306,477,-171
106000311,397,221,176
106000312,93,153,-60
106000313,177,220,-43
106000318,116,486,-370
106000319,917,215,702
106000320,8,86,-78
106000321,353,122,231
106000322,154,145,9
106000324,20,142,-122
106000325,1476,961,515
106000326,974,1646,-672
106000327,196,118,78
106000328,102,126,-24
106000329,210,279,-69
106000330,69,89,-20
106000428,129,164,-35
106000429,151,413,-262
106000430,347,1100,-753
106000431,1961,419,1542
106000432,1683,2628,-945
106000433,2270,1452,818
106000434,2946,1611,1335
106000435,1375,2451,-1076
106000436,14,194,-180
106000437,282,45,237
106000438,527,184,343
106000439,105,502,-397
106000440,279,411,-132
106000441,0,0,0
106000442,105,12,93
106000443,143,300,-157
106000450,2,156,-154
106000451,31,64,-33
106000454,4,139,-135
106000455,8,215,-207
106000456,100,44,56
106000457,13,833,-820
106000458,785,108,677
106000459,117,318,-201
106000460,1626,31,1595
106000461,95,987,-892
106000462,0,26,-26
106000463,5,17,-12
106000464,5,342,-337
106000465,792,2,790
106000466,6,559,-553
106000467,361,481,-120
106000468,76,151,-75
106000469,172,2,170
106000470,300,1559,-1259
106000471,32,528,-496
106000472,136,19,117
106000473,38,16,22
106000474,254,422,-168
106000475,221,158,63
106000476,130,211,-81
106000477,20,40,-20
106900001,1,16,-15
106900002,3,354,-351
106900003,236,1229,-993
106900004,0,28,-28
106900006,0,11,-11
106900007,0,9,-9
106900008,331,165,166
106900009,354,260,94
106900010,282,243,39
106900012,1431,2384,-953
106900013,822,204,618
106900014,28,5,23
106900015,21,5,16
106900016,254,19,235
106900017,5,2,3
106900018,3,0,3
106900019,63,2,61
106900020,2431,1529,902
106900021,170,67,103
106900022,800,2,798
106900023,101,313,-212
106900024,914,70,844
106900025,80,700,-620
106900026,2,436,-434
106900027,679,4,675
107000001,4441,4726,-285
107000002,3459,4728,-1269
107000003,5935,6972,-1037
107000004,4758,4660,98
107000005,4422,5364,-942
107000006,4004,4110,-106
107000007,6321,10525,-4204
107000008,11326,8096,3230
107000009,8144,8160,-16
107000010,9502,9220,282
107000011,1137,1227,-90
107000012,3770,2927,843
107000013,116,112,4
107000014,52,239,-187
107000015,503,761,-258
107000016,811,770,41
107000017,7131,3170,3961
107000018,66,2640,-2574
107000020,5006,3731,1275
107000021,1848,533,1315
107000022,1674,2437,-763
107000023,1927,253,1674
107000024,898,1487,-589
107000025,267,418,-151
107000026,378,493,-115
107000027,1318,1120,198
107000028,1652,1305,347
107000029,3594,3020,574
107000030,3673,3002,671
107000031,4242,3279,963
107000032,570,1057,-487
107000033,2858,5742,-2884
107000034,4685,1637,3048
107000035,371,304,67
107000036,800,1223,-423
107000037,88,826,-738
107000038,241,304,-63
107000039,857,933,-76
107000040,220,347,-127
107000041,1945,1019,926
107000042,897,2007,-1110
107000043,3026,1253,1773
107000044,642,436,206
107000045,131,341,-210
107000046,950,447,503
107000047,545,877,-332
107000048,769,320,449
107000049,692,760,-68
107000050,1158,543,615
107000051,425,369,56
107000052,1195,1011,184
107000053,395,234,161
107000054,89,294,-205
107000055,185,89,96
107000056,463,878,-415
107000057,1292,232,1060
107000058,2242,2776,-534
107000059,2167,3334,-1167
107000060,4726,5518,-792
107000061,5158,3743,1415
107000062,4761,3091,1670
107000063,4030,4863,-833
107000064,4653,2518,2135
107000065,3997,4397,-400
107000066,2236,3245,-1009
107000067,1339,1375,-36
107000068,1619,831,788
107000069,883,473,410
107000070,1383,30,1353
107000071,3395,45,3350
107000072,80,2611,-2531
107000073,866,354,512
107000074,174,845,-671
107000075,1781,619,1162
107000076,768,1365,-597
107000077,4218,1698,2520
107000078,2486,3058,-572
107000079,2955,1210,1745
107000080,1172,3169,-1997
107000081,2125,621,1504
107000082,657,1878,-1221
107000083,1546,463,1083
107000084,349,1805,-1456
107000085,3149,3186,-37
107000086,3806,3569,237
107000087,3133,2162,971
107000088,3548,3883,-335
107000089,1657,1699,-42
107000090,1224,1154,70
107000091,1601,843,758
107000092,850,1016,-166
107000093,1265,897,368
107000094,1092,1166,-74
107000095,854,654,200
107000096,662,788,-126
107000097,568,334,234
107000098,473,632,-159
107000099,498,289,209
107000100,276,436,-160
107000101,114,133,-19
107000102,225,341,-116
107000103,262,208,54
107000104,150,290,-140
107000105,361,112,249
107000106,176,211,-35
107000107,556,186,370
107000108,133,505,-372
107000109,661,184,477
107000110,77,432,-355
107000111,356,96,260
107000112,58,275,-217
107000113,625,125,500
107000114,114,432,-318
107000115,617,133,484
107000116,143,707,-564
107000117,175,602,-427
107000118,146,151,-5
107000119,1513,1496,17
107000120,1088,536,552
107000121,988,736,252
107000122,1108,975,133
107000123,523,732,-209
107000124,479,787,-308
107000125,1060,701,359
107000126,908,673,235
107000129,420,433,-13
107000130,763,400,363
107000131,466,498,-32
107000132,592,353,239
107000133,657,132,525
107000134,311,4,307
107000135,7,283,-276
107000136,980,11,969
107000137,16,447,-431
107000138,484,35,449
107000139,24,468,-444
107000140,1553,147,1406
107000141,192,730,-538
107000142,521,144,377
107000143,67,655,-588
107000144,569,552,17
107000145,162,564,-402
107000146,270,384,-114
107000147,3397,985,2412
107000150,748,4341,-3593
107000151,45,188,-143
107000152,405,1496,-1091
107000153,141,483,-342
107000154,243,279,-36
107000155,889,29,860
107000156,1479,38,1441
107000157,192,1254,-1062
107000158,612,34,578
107000159,61,834,-773
107000160,1146,252,894
107000161,86,1315,-1229
107000162,385,727,-342
107000163,243,4,239
107000164,895,5,890
107000165,916,30,886
107000166,50,974,-924
107000167,713,295,418
107000168,997,531,466
107000169,757,885,-128
107000170,2278,940,1338
107000171,759,1943,-1184
107000172,1238,1457,-219
107000173,815,961,-146
107000174,1166,5941,-4775
107000175,7030,1858,5172
107000176,1,4,-3
107000177,6,1,5
107000178,10,26,-16
107000179,326,1873,-1547
107000180,1410,358,1052
107000181,470,975,-505
107000182,1938,1090,848
107000183,154,862,-708
107000184,1015,744,271
107000185,532,1527,-995
107000186,1382,523,859
107000187,1321,1270,51
107000188,653,656,-3
107000189,595,996,-401
107000190,714,744,-30
107000191,757,930,-173
107000192,1825,716,1109
107000193,470,522,-52
107000194,869,667,202
107000197,1286,352,934
107000198,336,677,-341
107000199,863,733,130
107000200,688,763,-75
107000201,450,379,71
107000202,457,547,-90
107000203,1195,1111,84
107000204,1405,1453,-48
107000205,2382,1020,1362
107000206,1251,1713,-462
107000207,674,1033,-359
107000208,1317,649,668
107000209,2311,1403,908
107000210,877,419,458
107000211,7,59,-52
107000212,24,344,-320
107000213,5,20,-15
107000214,36,166,-130
107000215,581,390,191
107000216,474,604,-130
107000217,245,157,88
107000219,127,237,-110
107000220,309,225,84
107000222,300,708,-408
107000224,959,105,854
107000225,266,534,-268
107000226,656,134,522
107000227,98,316,-218
107000228,235,283,-48
107000229,143,230,-87
107000230,1072,471,601
107000231,1800,1971,-171
107000232,131,49,82
107000233,1646,1052,594
107000234,2,39,-37
107000235,124,13,111
107000236,11,772,-761
107000237,37,1,36
107000238,46,2,44
107000239,3965,581,3384
107000240,84,895,-811
107000241,148,35,113
107000242,408,50,358
107000243,0,28,-28
107000244,3,78,-75
107000246,4,954,-950
107000249,0,1065,-1065
107000251,3,330,-327
107000252,0,877,-877
107000255,435,147,288
107000257,2,346,-344
107000258,0,98,-98
107000259,3,140,-137
107000260,621,4,617
107000262,7,515,-508
107000263,300,5,295
107000266,13,14,-1
107000267,157,161,-4
107000268,156,175,-19
107000269,700,70,630
107000270,4,59,-55
107000271,17,556,-539
107000272,20,140,-120
107000273,20,383,-363
107000274,5496,920,4576
107000275,301,3305,-3004
107000280,841,53,788
107000281,47,751,-704
107000282,123,776,-653
107000290,27,52,-25
107000291,25,26,-1
107000292,2,229,-227
107000293,258,7,251
107000294,2,39,-37
107000295,62,2,60
107000296,0,14,-14
107000444,385,4,381
107000496,1,11,-10
107000497,1499,2188,-689
107000500,364,386,-22
107000501,274,145,129
107000502,178,306,-128
107000505,364,757,-393
107000506,4,126,-122
107000508,5,541,-536
107000509,267,841,-574
107000510,57,57,0
107000514,53,318,-265
107000515,8,223,-215
107000516,324,282,42
107000518,1096,1432,-336
107000519,1756,877,879
107000520,97,38,59
107900001,95,158,-63
107900002,74,5,69
107900003,381,23,358
107900004,172,4,168
107900005,1530,7,1523
107900006,207,4,203
107900007,291,33,258
107900008,235,42,193
107900009,194,8,186
107900010,43,2,41
107900012,306,41,265
107900013,235,47,188
107900014,35,4,31
107900015,1002,11,991
107900016,562,117,445
107900017,52,5,47
107900018,62,156,-94
107900019,51,59,-8
107900020,75,35,40
107900021,88,106,-18
107900023,1,4,-3
107900024,0,19,-19
107900025,236,256,-20
107900026,84,50,34
107900027,51,85,-34
107900028,101,94,7
107900030,197,38,159
107900031,68,96,-28
107900032,18,3,15
107900033,29,13,16
107900034,441,28,413
107900035,792,65,727
107900036,85,26,59
107900037,1,24,-23
107900038,103,311,-208
107900039,38,62,-24
107900040,31,269,-238
107900041,8,6,2
107900043,36,106,-70
107900044,6,7,-1
107900045,113,78,35
107900046,166,227,-61
107900047,32,51,-19
107900048,189,11,178
107900049,436,2086,-1650
107900050,162,331,-169
107900051,80,88,-8
107900052,21,38,-17
107900053,55,105,-50
107900055,974,380,594
107900056,229,68,161
107900057,1,1,0
107900058,37,608,-571
107900060,64,54,10
107900061,21,17,4
107900063,114,142,-28
107900064,297,139,158
107900065,248,23,225
107900066,30,8,22
107900067,2,0,2
107900068,172,652,-480
107900069,38,1805,-1767
107900070,126,42,84
107900071,33,784,-751
107900072,108,180,-72
107900073,143,67,76
107900074,742,379,363
107900076,139,73,66
107900077,104,1,103
107900078,209,60,149
107900079,16,11,5
107900080,257,790,-533
107900081,71,84,-13
107900082,22,26,-4
107900083,369,201,168
107900084,109,156,-47
107900086,64,169,-105
107900087,629,221,408
107900088,43,19,24
107900089,260,1015,-755
107900090,1418,2841,-1423
107900091,201,320,-119
107900092,2027,501,1526
107900093,129,97,32
107900095,3193,2217,976
107900097,21,86,-65
107900098,63,198,-135
107900100,993,1355,-362
107900101,926,247,679
107900102,67,5,62
107900103,32,235,-203
107900104,272,17,255
107900105,1,307,-306
107900106,5,862,-857
107900107,2439,611,1828
107900108,268,138,130
107900109,1395,15,1380
107900110,51,106,-55
107900111,8,716,-708
107900112,135,324,-189
107900113,244,109,135
107900114,196,133,63
107900115,7,44,-37
107900116,197,176,21
107900117,299,314,-15
107900118,81,171,-90
107900119,92,358,-266
107900120,18,36,-18
107900121,2,118,-116
107900122,1,90,-89
107900123,4,41,-37
107900124,12,36,-24
107900125,49,198,-149
107900126,15,65,-50
107900127,672,385,287
107900128,94,78,16
107900129,58,22,36
107900130,82,31,51
107900131,840,388,452
107900132,118,362,-244
107900133,3,104,-101
107900134,36,118,-82
107900135,9,177,-168
107900136,43,46,-3
107900137,137,106,31
107900138,59,53,6
107900139,43,51,-8
107900140,148,62,86
107900141,50,47,3
107900142,48,808,-760
107900143,53,28,25
107900144,2,136,-134
107900145,22,127,-105
107900146,79,129,-50
107900147,63,68,-5
107900148,188,159,29
107900149,932,252,680
107900150,80,624,-544
107900151,46,77,-31
107900152,20,192,-172
107900153,179,294,-115
107900154,83,27,56
107900155,98,68,30
107900156,10,280,-270
107900157,67,61,6
107900158,885,22,863
107900159,20,923,-903
107900160,101,185,-84
107900161,37,167,-130
107900162,4,180,-176
107900163,69,107,-38
107900164,19,51,-32
107900165,34,116,-82
107900166,14,198,-184
107900167,57,37,20
107900168,39,35,4
107900169,4,194,-190
107900171,10,1183,-1173
107900172,19,317,-298
107900173,26,141,-115
107900174,159,4,155
107900175,27,41,-14
107900176,23,49,-26
107900177,2,347,-345
107900178,13,143,-130
107900179,22,152,-130
107900180,572,622,-50
107900181,355,274,81
107900182,7,914,-907
107900183,63,208,-145
107900184,123,324,-201
107900185,155,4,151
107900186,41,54,-13
107900187,0,169,-169
107900188,586,175,411
107900189,33,111,-78
107900190,64,152,-88
107900191,81,104,-23
107900193,16,54,-38
107900194,272,7,265
107900195,2165,414,1751
107900196,78,149,-71
107900197,932,463,469
107900199,3,889,-886
107900201,106,114,-8
107900203,34,82,-48
107900204,183,262,-79
107900205,224,374,-150
107900206,930,398,532
107900207,2,532,-530
107900208,7,550,-543
107900209,358,132,226
107900210,76,136,-60
107900213,1059,758,301
107900214,57,138,-81
107900215,136,339,-203
107900216,169,86,83
107900217,48,150,-102
107900218,33,2002,-1969
107900219,34,91,-57
107900220,246,216,30
107900221,212,222,-10
107900223,84,685,-601
107900224,131,408,-277
107900225,8,637,-629
107900226,90,118,-28
107900227,94,387,-293
107900228,11,106,-95
107900229,7,233,-226
107900230,6,92,-86
107900231,8,239,-231
107900232,89,92,-3
107900233,7,120,-113
107900234,82,63,19
107900235,32,119,-87
107900236,96,61,35
107900237,66,438,-372
107900238,23,122,-99
107900239,739,536,203
107900240,66,91,-25
107900241,19,111,-92
107900242,62,185,-123
107900243,7,67,-60
107900244,345,12,333
107900245,659,57,602
107900246,279,15,264
107900248,484,414,70
107900249,646,22,624
107900250,2,456,-454
107900251,94,1405,-1311
107900252,905,25,880
107900253,189,5,184
107900254,58,525,-467
107900255,359,112,247
107900256,2628,2671,-43
107900257,238,153,85
107900258,123,228,-105
107900259,102,2123,-2021
107900261,3,316,-313
107900262,257,114,143
107900264,330,8,322
107900265,148,198,-50
107900267,251,21,230
107900268,35,10,25
107900269,0,10,-10
107900270,0,0,0
107900271,2,21,-19
107900272,114,24,90
107900273,51,71,-20
107900274,109,4,105
107900275,41,1,40
107900276,0,82,-82
107900277,2,174,-172
107900278,364,425,-61
107900279,90,183,-93
107900280,2132,2148,-16
107900281,1559,2617,-1058
107900282,44,535,-491
107900283,1103,702,401
107900284,620,475,145
107900285,91,68,23
107900286,164,136,28
107900287,228,220,8
107900290,0,131,-131
107900291,495,28,467
107900292,133,180,-47
107900293,70,372,-302
107900295,43,58,-15
107900297,2,323,-321
107900298,754,748,6
107900299,2925,2487,438
107900300,70,297,-227
107900301,519,748,-229
107900302,128,80,48
107900303,266,302,-36
107900304,289,449,-160
107900305,385,9,376
107900306,20,41,-21
107900307,46,251,-205
107900308,145,150,-5
107900309,75,0,75
107900310,843,10,833
107900311,15,925,-910
107900312,66,3,63
107900313,3,233,-230
107900314,1,66,-65
107900315,4,62,-58
107900316,62,3,59
107900317,119,25,94
107900318,14,173,-159
107900319,4,137,-133
107900320,2,145,-143
107900321,151,2,149
107900322,1,100,-99
107900323,5,143,-138
107900324,180,4,176
107900325,134,2,132
107900326,330,220,110
107900327,0,80,-80
107900328,87,2,85
107900329,120,180,-60
107900330,6,227,-221
107900331,220,46,174
107900332,324,38,286
107900333,45,36,9
107900334,10,176,-166
107900335,154,70,84
107900336,64,114,-50
107900337,993,949,44
107900338,7,145,-138
107900339,4,16,-12
107900340,1,70,-69
107900341,64,1,63
107900342,142,148,-6
107900343,72,3,69
107900344,11,126,-115
107900345,105,33,72
107900346,22,0,22
107900347,36,5,31
107900348,22,2,20
107900349,25,9,16
107900350,50,268,-218
108000001,3078,3748,-670
108000002,2000,2395,-395
108000003,3865,3865,0
108000004,11980,13953,-1973
108000005,9657,7293,2364
108000006,8834,8257,577
108000007,5390,4126,1264
108000008,4288,6022,-1734
108000009,3955,4757,-802
108000010,2938,4299,-1361
108000011,12710,12560,150
108000012,16222,14579,1643
108000014,1040,836,204
108000015,784,295,489
108000016,339,545,-206
108000017,1064,471,593
108000018,2113,755,1358
108000019,3081,943,2138
108000020,1407,546,861
108000021,334,1719,-1385
108000022,438,1190,-752
108000023,1402,241,1161
108000024,364,548,-184
108000025,334,238,96
108000026,725,446,279
108000027,673,394,279
108000028,665,240,425
108000029,570,460,110
108000030,640,263,377
108000031,257,603,-346
108000032,1668,714,954
108000033,755,994,-239
108000034,1657,566,1091
108000035,747,2004,-1257
108000036,394,940,-546
108000037,1770,536,1234
108000038,2672,763,1909
108000039,479,1681,-1202
108000040,1962,1077,885
108000041,623,2200,-1577
108000042,334,253,81
108000043,275,275,0
108000044,520,212,308
108000045,313,461,-148
108000046,1603,399,1204
108000047,551,960,-409
108000048,200,334,-134
108000049,970,292,678
108000050,112,364,-252
108000051,330,136,194
108000052,263,602,-339
108000053,457,253,204
108000054,600,1034,-434
108000055,1133,684,449
108000056,953,1306,-353
108000057,708,1328,-620
108000058,2123,3929,-1806
108000059,3054,1929,1125
108000060,234,374,-140
108000061,121,314,-193
108000062,909,667,242
108000063,620,520,100
108000064,265,247,18
108000065,564,486,78
108000066,1452,809,643
108000067,1727,629,1098
108000068,715,425,290
108000069,185,865,-680
108000070,2079,802,1277
108000071,772,1370,-598
108000072,1757,1290,467
108000073,1260,1813,-553
108000074,749,434,315
108000075,433,869,-436
108000076,924,665,259
108000077,591,723,-132
108000078,2347,1473,874
108000079,818,1409,-591
108000080,1172,526,646
108000081,512,1493,-981
108000082,1007,1842,-835
108000083,1828,1014,814
108000084,418,1104,-686
108000085,873,529,344
108000086,905,696,209
108000087,240,2105,-1865
108000088,157,9,148
108000089,309,376,-67
108000090,375,229,146
108000091,335,441,-106
108000092,143,78,65
108000093,220,511,-291
108000094,551,89,462
108000095,156,289,-133
108000096,272,154,118
108000097,168,362,-194
108000098,1720,1340,380
108000099,328,128,200
108000100,53,200,-147
108000101,1339,1494,-155
108000102,1856,3343,-1487
108000106,1071,3,1068
108000107,3,774,-771
108000108,1031,61,970
108000109,5,725,-720
108000110,210,246,-36
108000111,192,462,-270
108000112,55,159,-104
108000113,358,237,121
108000115,328,298,30
108000117,713,397,316
108000118,80,243,-163
108000119,566,360,206
108000120,140,759,-619
108000121,186,374,-188
108000122,640,307,333
108000123,1010,307,703
108000124,485,533,-48
108000125,507,332,175
108000126,202,415,-213
108000127,533,310,223
108000128,616,429,187
108000129,309,894,-585
108000130,453,259,194
108000131,870,563,307
108000132,1960,1334,626
108000133,836,570,266
108000134,520,482,38
108000135,1026,417,609
108000136,368,816,-448
108000137,439,329,110
108000138,493,877,-384
108000139,549,310,239
108000140,117,21,96
108000141,58,93,-35
108000142,59,80,-21
108000143,37,23,14
108000144,46,15,31
108000145,53,15,38
108000146,87,13,74
108000147,61,33,28
108000148,73,15,58
108000149,35,21,14
108000150,40,9,31
108000151,61,16,45
108000152,103,469,-366
108000153,483,119,364
108000154,38,19,19
108000155,19,19,0
108000156,334,123,211
108000157,567,1082,-515
108000158,74,855,-781
108000159,504,251,253
108000160,2682,1161,1521
108000161,2524,2795,-271
108000165,6,234,-228
108000172,9,288,-279
108000173,1690,1882,-192
108000175,288,132,156
108000178,366,316,50
108000179,205,965,-760
108000181,66,36,30
108000182,105,25,80
108000183,95,41,54
108000184,887,2123,-1236
108000185,271,468,-197
108000186,208,60,148
108000187,120,616,-496
108000188,603,231,372
108000189,646,1475,-829
108000190,53,115,-62
108000192,162,479,-317
108000193,893,39,854
108000194,41,22,19
108000195,3,858,-855
108000196,393,212,181
108000198,444,314,130
108000199,0,185,-185
108000200,400,433,-33
108000202,0,264,-264
108000203,113,679,-566
108000204,166,55,111
108000205,291,443,-152
108000339,1325,376,949
108000364,88,277,-189
108000365,85,308,-223
108000367,186,332,-146
108000368,10,47,-37
108000369,885,266,619
108000371,0,490,-490
108000372,718,4,714
108000373,236,172,64
108000376,94,48,46
108000377,500,283,217
108000378,9338,10787,-1449
108000379,36,218,-182
108000381,64,13,51
108000382,158,3,155
108000383,0,180,-180
108900001,110,1040,-930
108900002,207,70,137
108900003,347,589,-242
108900004,472,477,-5
108900005,89,384,-295
108900006,707,239,468
108900007,332,249,83
108900008,132,145,-13
108900009,73,124,-51
108900010,256,156,100
108900011,584,396,188
108900012,410,413,-3
108900013,216,272,-56
108900014,8,127,-119
108900015,0,102,-102
108900016,2,289,-287
108900017,230,340,-110
108900018,153,421,-268
108900019,39,763,-724
108900020,45,212,-167
108900021,122,255,-133
108900022,120,8,112
108900023,8,44,-36
108900024,31,119,-88
108900025,123,145,-22
108900026,15,91,-76
108900027,0,80,-80
108900028,92,218,-126
108900029,102,205,-103
108900030,0,105,-105
108900031,134,362,-228
108900032,40,214,-174
108900033,0,106,-106
108900034,0,200,-200
108900035,358,1163,-805
108900036,172,306,-134
108900037,82,396,-314
108900038,0,247,-247
108900039,1,442,-441
108900040,5,98,-93
108900041,5114,3410,1704
108900042,7,346,-339
108900043,103,507,-404
108900044,1,414,-413
108900045,87,455,-368
108900046,69,693,-624
108900047,0,110,-110
108900048,134,844,-710
108900049,2567,1198,1369
108900050,1,170,-169
108900051,1,170,-169
108900052,31,200,-169
108900053,94,195,-101
108900054,95,224,-129
108900055,53,365,-312
108900056,0,134,-134
108900057,0,144,-144
108900058,46,350,-304
108900059,396,57,339
108900060,108,128,-20
108900061,112,37,75
108900062,13,259,-246
108900063,20,279,-259
108900064,226,90,136
108900065,25,221,-196
108900066,415,114,301
108900067,15,193,-178
108900068,1,96,-95
108900069,122,103,19
108900070,51,107,-56
108900071,103,60,43
108900072,2161,801,1360
108900073,19,87,-68
108900074,219,401,-182
108900075,42,44,-2
108900076,406,87,319
108900077,100,132,-32
108900078,45,135,-90
108900079,869,189,680
108900080,46,876,-830
108900081,73,209,-136
108900082,102,81,21
108900083,44,270,-226
108900084,436,182,254
108900085,1922,178,1744
108900086,136,218,-82
108900087,125,210,-85
108900088,1037,434,603
108900089,35,152,-117
108900090,67,278,-211
108900091,138,106,32
108900092,532,390,142
108900093,123,108,15
108900094,265,97,168
108900095,71,309,-238
108900096,282,20,262
108900097,292,199,93
108900098,2132,832,1300
108900099,399,237,162
108900100,123,150,-27
108900101,202,200,2
108900102,135,1225,-1090
108900103,127,149,-22
108900104,142,388,-246
108900105,8,1142,-1134
108900106,447,311,136
108900108,391,76,315
108900109,53,39,14
108900110,250,408,-158
108900111,506,502,4
108900112,285,52,233
108900113,43,57,-14
108900114,2,1,1
108900115,109,104,5
108900116,129,23,106
108900117,183,39,144
108900118,675,18,657
108900119,297,19,278
108900120,187,215,-28
108900121,393,199,194
108900122,135,25,110
108900123,164,146,18
108900124,493,230,263
108900125,503,11,492
108900126,126,33,93
108900127,199,29,170
108900128,137,35,102
108900129,750,161,589
108900130,405,1,404
108900131,430,7,423
108900132,557,111,446
108900133,244,106,138
108900134,373,260,113
108900135,179,8,171
108900136,103,0,103
108900137,200,8,192
108900138,762,54,708
108900139,620,171,449
108900140,392,261,131
108900141,406,22,384
108900142,116,8,108
108900143,82,1,81
108900144,130,1,129
108900145,178,23,155
108900146,87,0,87
108900147,204,1,203
108900148,76,29,47
108900149,772,354,418
108900150,272,11,261
108900151,232,13,219
108900152,243,3,240
108900153,235,334,-99
108900154,5163,538,4625
108900155,220,119,101
108900156,69,12,57
108900157,65,461,-396
108900158,379,40,339
108900159,13,239,-226
108900160,19,237,-218
108900161,11,392,-381
108900162,111,2,109
108900163,4,290,-286
108900164,41,104,-63
108900165,166,142,24
108900167,1560,6307,-4747
108900168,6482,2811,3671
108900169,72,118,-46
108900171,6494,2954,3540
108900172,192,56,136
108900173,238,369,-131
108900174,913,723,190
108900176,118,505,-387
108900177,5788,6177,-389
108900178,3629,3501,128
108900179,587,1911,-1324
108900180,119,255,-136
108900182,81,293,-212
108900183,161,226,-65
108900184,472,268,204
108900185,109,406,-297
108900186,98,364,-266
108900187,368,80,288
108900188,595,104,491
108900189,401,200,201
108900190,46,2268,-2222
108900191,244,31,213
108900192,116,227,-111
108900193,336,92,244
108900194,84,446,-362
108900195,250,271,-21
108900196,42,372,-330
108900198,3,360,-357
108900199,300,344,-44
108900200,589,398,191
108900201,540,1346,-806
108900203,567,119,448
108900204,445,24,421
108900205,220,25,195
108900206,414,99,315
108900207,211,111,100
108900208,21,348,-327
108900209,280,588,-308
108900210,176,217,-41
108900211,212,591,-379
108900212,688,1494,-806
108900215,82,385,-303
108900216,675,190,485
108900217,178,1,177
108900218,181,20,161
108900219,137,4,133
108900220,93,38,55
108900221,43,154,-111
108900222,296,33,263
108900223,14,145,-131
108900224,40,254,-214
108900225,0,254,-254
108900226,287,26,261
108900227,142,370,-228
108900230,235,251,-16
108900231,41,199,-158
108900232,3,186,-183
108900233,468,128,340
108900234,433,216,217
108900235,213,615,-402
108900236,84,340,-256
108900237,125,236,-111
108900240,146,117,29
108900241,52,54,-2
108900245,20,1302,-1282
108900249,145,66,79
108900250,242,165,77
108900257,184,409,-225
108900258,11,224,-213
108900259,384,90,294
108900260,11,113,-102
108900261,81,171,-90
108900262,162,156,6
108900263,33,137,-104
108900264,603,283,320
108900265,1371,528,843
108900266,707,631,76
108900267,3,139,-136
108900268,14,9,5
108900269,100,14,86
108900270,78,11,67
108900271,73,13,60
108900272,261,12,249
108900273,893,1226,-333
108900274,61,53,8
109000001,2976,1442,1534
109000002,1354,1589,-235
109000003,2625,465,2160
109000004,541,1900,-1359
109000005,2317,610,1707
109000006,683,1952,-1269
109000007,1596,650,946
109000008,470,1548,-1078
109000009,3824,1343,2481
109000010,1360,3407,-2047
109000011,3166,2211,955
109000012,1810,3041,-1231
109000013,3754,3209,545
109000014,1865,2849,-984
109000015,3862,7289,-3427
109000016,5578,3294,2284
109000017,2508,1304,1204
109000018,986,2601,-1615
109000019,2502,1356,1146
109000020,903,1703,-800
109000023,299,36,263
109000024,9,158,-149
109000025,335,467,-132
109000026,720,333,387
109000027,97,357,-260
109000028,133,104,29
109000029,114,189,-75
109000030,62,499,-437
109000031,222,170,52
109000032,148,433,-285
109000033,365,192,173
109000034,68,50,18
109000035,18,69,-51
109000036,95,334,-239
109000037,279,1310,-1031
109000038,565,385,180
109000039,998,718,280
109000040,4526,8290,-3764
109000041,2852,1753,1099
109000042,590,1328,-738
109000044,457,73,384
109000045,138,366,-228
109000046,370,100,270
109000047,75,489,-414
109000048,845,253,592
109000049,312,675,-363
109000050,398,288,110
109000051,284,267,17
109000052,494,827,-333
109000053,210,88,122
109000054,317,556,-239
109000055,272,384,-112
109000056,351,520,-169
109000057,769,569,200
109000058,962,361,601
109000059,1033,1469,-436
109000060,389,241,148
109000061,772,1178,-406
109000062,191,373,-182
109000063,261,187,74
109000064,374,197,177
109000065,178,188,-10
109000066,440,116,324
109000067,87,280,-193
109000068,2954,25,2929
109000069,1037,34,1003
109000070,13,1400,-1387
109000071,378,94,284
109000072,116,305,-189
109000073,50,86,-36
109000074,27,164,-137
109000075,76,338,-262
109000076,150,239,-89
109000077,382,239,143
109000078,71,159,-88
109000079,173,179,-6
109000080,217,114,103
109000081,93,515,-422
109000082,672,213,459
109000083,270,562,-292
109000088,124,503,-379
109000089,338,90,248
109000090,137,418,-281
109000091,328,239,89
109000092,376,453,-77
109000093,271,255,16
109000094,565,7,558
109000095,99,380,-281
109000096,721,337,384
109000097,94,169,-75
109000098,37,162,-125
109000099,1174,343,831
109000100,295,498,-203
109000101,1794,652,1142
109000102,405,695,-290
109000103,463,592,-129
109000104,1782,557,1225
109000105,480,1068,-588
109000106,2173,834,1339
109000107,632,1662,-1030
109000108,1822,631,1191
109000109,483,1492,-1009
109000110,1568,599,969
109000111,961,1823,-862
109000112,447,150,297
109000113,352,196,156
109000114,245,338,-93
109000115,1330,39,1291
109000116,6,300,-294
109000117,253,93,160
109000118,24,336,-312
109000119,1577,253,1324
109000120,248,735,-487
109000121,508,48,460
109000122,132,689,-557
109000123,51,53,-2
109000124,670,367,303
109000125,828,465,363
109000126,442,753,-311
109000127,1001,237,764
109000128,493,1307,-814
109000129,2375,1002,1373
109000130,579,1484,-905
109000131,973,639,334
109000132,802,1693,-891
109000133,337,996,-659
109000134,778,1218,-440
109000135,1554,1981,-427
109000136,371,306,65
109000137,265,338,-73
109000138,589,345,244
109000139,532,514,18
109000140,190,373,-183
109000141,577,466,111
109000142,149,557,-408
109000143,150,91,59
109000145,148,254,-106
109000146,61,128,-67
109000148,3434,1966,1468
109000149,12,49,-37
109000150,89,327,-238
109000155,857,585,272
109000156,1001,726,275
109000158,215,334,-119
109000159,168,554,-386
109000160,965,217,748
109000161,344,971,-627
109000162,1964,640,1324
109000163,1121,1716,-595
109000164,1128,2170,-1042
109000165,1269,511,758
109000166,701,110,591
109000167,125,444,-319
109000170,46,55,-9
109000171,71,48,23
109000172,40,86,-46
109000173,41,80,-39
109000174,116,65,51
109000175,52,96,-44
109000176,312,274,38
109000177,23,130,-107
109000178,764,359,405
109000179,4601,5194,-593
109000180,5128,3800,1328
109000181,16,39,-23
109000182,44,30,14
109000183,48,22,26
109000184,33,13,20
109000185,34,41,-7
109000188,473,1641,-1168
109000189,2044,909,1135
109000190,630,551,79
109000191,366,490,-124
109000192,445,223,222
109000193,185,281,-96
109000194,282,116,166
109000195,161,325,-164
109000196,463,137,326
109000197,271,378,-107
109000198,391,86,305
109000199,155,440,-285
109000206,250,49,201
109000207,103,44,59
109000208,88,77,11
109000209,220,120,100
109000210,194,549,-355
109000211,658,451,207
109000214,388,306,82
109000215,140,72,68
109000216,260,274,-14
109000217,243,119,124
109000218,359,218,141
109000221,472,1065,-593
109000222,912,315,597
109000223,329,386,-57
109000224,41,110,-69
109000225,78,34,44
109000226,66,199,-133
109000227,1137,938,199
109000228,1,1137,-1136
109000231,4,236,-232
109000232,418,308,110
109000236,304,638,-334
109000241,2260,1958,302
109000242,2007,1451,556
109000293,20,95,-75
109000361,103,363,-260
109000364,486,587,-101
109000396,4,474,-470
109000397,635,5,630
109000399,117,440,-323
109000400,45,202,-157
109000403,109,1022,-913
109000406,351,10,341
109000407,309,163,146
109000408,1,375,-374
109000410,1122,369,753
109000411,179,21,158
109900001,126,0,126
109900002,846,28,818
109900003,251,0,251
109900004,978,178,800
109900005,35,10,25
109900006,550,210,340
109900007,861,521,340
109900008,1,42,-41
109900009,139,579,-440
109900010,536,29,507
109900011,98,66,32
109900012,418,254,164
109900013,355,194,161
109900014,415,77,338
109900015,503,225,278
109900016,172,37,135
109900017,181,255,-74
109900018,240,73,167
109900019,501,76,425
109900020,23,46,-23
109900021,44,24,20
109900022,113,226,-113
109900023,30,9,21
109900024,32,12,20
109900025,39,56,-17
109900026,3,165,-162
109900027,35,68,-33
109900028,1484,917,567
109900029,7,252,-245
109900030,80,8,72
109900031,2,222,-220
109900032,6,305,-299
109900033,3,403,-400
109900034,45,0,45
109900035,20,26,-6
109900036,17,76,-59
109900037,23,443,-420
109900038,107,216,-109
109900039,21,1,20
109900040,33,418,-385
109900041,65,363,-298
109900042,70,1476,-1406
109900044,119,243,-124
109900045,237,138,99
109900046,26,113,-87
109900047,345,349,-4
109900048,8,108,-100
109900049,12,51,-39
109900050,0,124,-124
109900051,8,46,-38
109900052,116,301,-185
109900053,6,284,-278
109900054,616,209,407
109900055,62,264,-202
109900056,20,252,-232
109900057,8,123,-115
109900058,0,95,-95
109900059,655,120,535
109900060,430,132,298
109900061,81,250,-169
109900062,0,192,-192
109900063,15,511,-496
109900064,491,252,239
109900065,71,122,-51
109900066,412,770,-358
109900067,1,223,-222
109900068,74,10,64
109900069,4,41,-37
109900070,64,336,-272
109900071,2,51,-49
109900072,20,169,-149
109900073,426,403,23
109900074,14,34,-20
109900075,30,53,-23
109900076,14,184,-170
109900077,54,81,-27
109900078,85,211,-126
109900080,127,318,-191
109900081,32,260,-228
109900082,47,301,-254
109900083,32,78,-46
109900084,64,125,-61
109900085,196,596,-400
109900086,213,477,-264
109900087,297,524,-227
109900089,781,197,584
109900090,543,981,-438
109900091,366,80,286
109900092,1524,32,1492
109900093,1038,167,871
109900094,76,114,-38
109900095,121,249,-128
109900096,32,1,31
109900097,90,2,88
109900098,462,63,399
109900099,205,1,204
109900100,57,0,57
109900101,445,10,435
109900102,513,32,481
109900103,33,60,-27
109900104,568,642,-74
109900105,523,30,493
109900106,614,86,528
109900107,933,100,833
109900108,147,392,-245
109900109,44,196,-152
109900110,102,366,-264
109900111,371,764,-393
109900112,267,504,-237
109900113,812,682,130
109900114,1287,1208,79
109900115,181,115,66
109900117,991,225,766
109900118,344,415,-71
109900119,605,426,179
109900120,96,32,64
109900121,452,554,-102
109900122,361,7,354
109900123,24,166,-142
109900124,43,388,-345
109900125,0,150,-150
109900126,290,99,191
109900128,308,68,240
109900130,6237,2497,3740
109900131,56,172,-116
109900132,25,143,-118
109900133,140,303,-163
109900134,112,121,-9
109900135,320,80,240
109900136,62,174,-112
109900137,205,311,-106
109900138,79,89,-10
109900140,194,148,46
109900142,1237,289,948
109900145,11,560,-549
109900146,594,52,542
109900148,39,103,-64
109900149,50,78,-28
109900150,10,102,-92
109900151,14,59,-45
109900152,2,33,-31
109900153,5,81,-76
109900154,135,1,134
109900155,93,31,62
109900157,93,279,-186
109900158,48,119,-71
109900159,193,41,152
109900160,149,74,75
109900161,244,119,125
109900162,251,149,102
109900163,702,322,380
109900164,83,177,-94
109900165,243,4,239
109900166,1,141,-140
109900167,136,517,-381
109900168,212,556,-344
109900169,229,170,59
109900170,202,823,-621
109900171,160,114,46
109900172,207,327,-120
109900173,2423,2304,119
109900174,66,129,-63
109900175,71,87,-16
109900176,166,173,-7
109900177,48,170,-122
109900178,5,255,-250
109900179,35,18,17
109900180,8,27,-19
110000001,892,488,404
110000002,610,801,-191
110000003,835,644,191
110000004,526,769,-243
110000005,500,1877,-1377
110000006,334,373,-39
110000007,126,144,-18
110000008,19,60,-41
110000009,32,44,-12
110000010,40,52,-12
110000011,52,74,-22
110000012,511,379,132
110000013,40,559,-519
110000014,543,426,117
110000015,265,665,-400
110000016,273,1490,-1217
110000017,3187,284,2903
110000018,2563,415,2148
110000019,11,124,-113
110000020,624,289,335
110000021,707,463,244
110000022,1160,258,902
110000023,16,171,-155
110000024,609,331,278
110000025,431,12,419
110000026,24,382,-358
110000027,1295,1181,114
110000028,912,646,266
110000029,493,622,-129
110000030,225,433,-208
110000031,270,442,-172
110000032,738,376,362
110000033,288,179,109
110000034,493,651,-158
110000035,955,585,370
110000036,973,635,338
110000037,253,563,-310
110000038,258,601,-343
110000039,636,3040,-2404
110000040,321,410,-89
110000041,305,1487,-1182
110000042,121,667,-546
110000043,976,310,666
110000044,390,1054,-664
110000045,2005,168,1837
110000046,7,35,-28
110000047,40,105,-65
110000048,15,50,-35
110000049,49,17,32
110000050,1,34,-33
110000051,25,12,13
110000052,12,28,-16
110000053,74,8,66
110000054,219,388,-169
110000055,621,84,537
110000056,244,111,133
110000057,426,552,-126
110000058,1103,601,502
110000059,968,561,407
110000060,864,934,-70
110000061,954,842,112
110000062,624,834,-210
110000063,36,116,-80
110000064,77,85,-8
110000065,72,56,16
110000066,77,35,42
110000067,105,183,-78
110000068,309,210,99
110000069,264,70,194
110000071,146,108,38
110000073,4,24,-20
110000075,34,65,-31
110000076,328,470,-142
110000077,464,1625,-1161
110000078,37,54,-17
110000080,259,717,-458
110000081,81,272,-191
110000082,45,375,-330
110000083,263,629,-366
110000084,1329,877,452
110000085,1639,1679,-40
110000086,1315,2231,-916
110000087,24,67,-43
110000088,91,226,-135
110000089,295,122,173
110000090,531,247,284
110000091,956,266,690
110000092,35,75,-40
110000093,76,16,60
110000094,622,236,386
110000095,240,623,-383
110000096,1976,1934,42
110000097,1100,1247,-147
110000098,2082,618,1464
110000099,804,1581,-777
110000100,993,456,537
110000101,25,339,-314
110000102,91,25,66
110000104,504,142,362
110000105,59,304,-245
110000106,621,409,212
110000107,305,434,-129
110000108,152,79,73
110000109,321,341,-20
110000110,3074,4272,-1198
110000111,5523,2862,2661
110000112,1123,1255,-132
110000113,400,2126,-1726
110000114,199,531,-332
110000115,337,398,-61
110000116,46,54,-8
110000117,216,296,-80
110000118,498,188,310
110000119,287,329,-42
110000120,412,184,228
110000121,93,414,-321
110000122,440,629,-189
110000123,591,791,-200
110000124,6,876,-870
110000125,1024,22,1002
110000126,323,47,276
110000127,1363,107,1256
110000128,62,1214,-1152
110000129,0,540,-540
110000130,231,232,-1
110000131,115,312,-197
110000132,5,599,-594
110000133,39,566,-527
110000134,20,318,-298
110000135,214,38,176
110000136,100,239,-139
110000137,524,643,-119
110000138,824,571,253
110000139,816,1126,-310
110000140,951,730,221
110000143,605,468,137
110000144,5380,2126,3254
110000145,2156,1402,754
110000146,2775,1035,1740
110000147,590,829,-239
110000148,608,290,318
110000151,1099,1233,-134
110000152,805,366,439
110000153,121,40,81
110000154,54,42,12
110000155,1764,4170,-2406
110000156,950,2596,-1646
110000157,2431,2508,-77
110000160,461,268,193
110000161,193,285,-92
110000166,596,128,468
110000167,905,478,427
110000168,1033,475,558
110000169,1017,417,600
110000170,148,78,70
110000171,652,181,471
110000172,180,679,-499
110000173,941,1102,-161
110000174,170,807,-637
110000175,796,84,712
110000176,465,335,130
110000177,230,865,-635
110000178,519,1470,-951
110000179,1197,338,859
110000180,207,269,-62
110000181,595,405,190
110000182,319,168,151
110000183,8595,7231,1364
110000184,422,2553,-2131
110000185,2161,1033,1128
110000186,716,839,-123
110000191,1114,306,808
110000192,690,11,679
110000193,1177,8,1169
110000194,20,1021,-1001
110000195,454,276,178
110000196,415,314,101
110000197,107,159,-52
110000198,117,87,30
110000199,115,132,-17
110000200,1164,470,694
110000201,895,1045,-150
110000202,1262,637,625
110000203,722,622,100
110000204,10,204,-194
110000205,142,56,86
110000206,594,1245,-651
110000207,1146,411,735
110000208,419,257,162
110000209,145,1047,-902
110000210,1211,499,712
110000211,1081,799,282
110000212,454,1101,-647
110000213,201,98,103
110000214,230,88,142
110000215,200,358,-158
110000216,102,313,-211
110000217,287,191,96
110000218,181,353,-172
110000219,326,102,224
110000220,50,299,-249
110000221,300,97,203
110000222,68,214,-146
110000223,5,229,-224
110000224,83,5,78
110000225,345,704,-359
110000226,218,69,149
110000227,1071,833,238
110000228,312,169,143
110000229,2,267,-265
110000230,735,598,137
110000231,186,221,-35
110000232,247,341,-94
110000233,281,326,-45
110000234,1298,1820,-522
110000235,1167,1286,-119
110000236,670,632,38
110000237,2711,1441,1270
110000238,1151,1476,-325
110000239,2019,1273,746
110000240,0,127,-127
110000242,0,17,-17
110000243,94,155,-61
110000244,172,461,-289
110000245,29,385,-356
110000246,787,473,314
110000247,1130,4361,-3231
110000248,1738,1482,256
110000249,56,10,46
110000250,33,199,-166
110000251,368,436,-68
110000252,235,218,17
110000253,1200,561,639
110000254,580,1207,-627
110000255,251,990,-739
110000256,559,334,225
110000257,680,446,234
110000258,11,388,-377
110000259,129,11,118
110000260,31,242,-211
110000263,472,106,366
110000264,340,446,-106
110000265,1128,2072,-944
110000266,2290,3059,-769
110000267,25,230,-205
110000268,362,478,-116
110000269,10,71,-61
110000270,79,8,71
110000271,1268,304,964
110000272,1220,1065,155
110000273,3578,1854,1724
110000274,175,1454,-1279
110000275,1898,612,1286
110000276,298,293,5
110000277,284,346,-62
110000278,289,673,-384
110000279,773,719,54
110000280,449,402,47
110000281,65,402,-337
110000282,414,28,386
110000283,79,134,-55
110000284,40,36,4
110000285,3,742,-739
110000286,34,1,33
110000287,71,3,68
110000288,2,87,-85
110000289,489,1897,-1408
110000290,860,561,299
110000291,4471,1303,3168
110000292,1333,3974,-2641
110000293,631,703,-72
110000294,967,1146,-179
110000295,182,846,-664
110000296,453,366,87
110000297,2136,315,1821
110000298,176,504,-328
110000299,256,129,127
110000301,369,43,326
110000302,360,833,-473
110000303,468,14,454
110000304,136,215,-79
110000305,1209,29,1180
110000306,168,1019,-851
110000307,1497,16,1481
110000308,631,6,625
110000309,7,697,-690
110000310,635,61,574
110000311,16,577,-561
110000312,475,98,377
110000313,2246,2655,-409
110000314,1,242,-241
110000315,3253,3045,208
110000316,577,1393,-816
110000317,568,607,-39
110000318,6,88,-82
110000319,11,25,-14
110000320,49,61,-12
110000321,13,39,-26
110000322,293,398,-105
110000323,483,209,274
110000324,3237,1755,1482
110000325,2865,3020,-155
110000327,629,327,302
110000328,220,444,-224
110000333,1201,727,474
110000334,948,1451,-503
110000335,1062,528,534
110000336,733,1062,-329
110000337,1449,628,821
110000338,490,269,221
110000339,340,236,104
110000340,81,231,-150
110000341,447,509,-62
110000342,690,7,683
110000343,0,27,-27
110000344,502,215,287
110000345,521,174,347
110000346,2627,1935,692
110000347,1128,749,379
110000348,22,21,1
110000349,21,13,8
110000350,67,11,56
110000351,1098,849,249
110000352,717,1579,-862
110000353,2645,725,1920
110000354,1049,3065,-2016
110000355,105,103,2
110000356,1338,16,1322
110000357,384,19,365
110000361,36,44,-8
110000362,59,80,-21
110000363,392,116,276
110000364,285,446,-161
110000365,205,6,199
110000366,0,100,-100
110000367,609,243,366
110000368,13,70,-57
110000369,97,7,90
110000373,11,294,-283
110000374,140,6,134
110000375,112,930,-818
110000376,19,110,-91
110000377,94,396,-302
110000378,29,406,-377
110000379,2623,1865,758
110000380,71,16,55
110000383,2,1312,-1310
110000384,2117,1289,828
110000385,0,216,-216
110000387,83,14,69
110000388,66,195,-129
110000389,761,4,757
110000391,713,380,333
110000396,199,145,54
110000397,157,161,-4
110000398,5,39,-34
110000399,133,1,132
110000587,139,85,54
110000589,238,192,46
110000640,166,82,84
110000652,8,254,-246
110000653,301,408,-107
110000654,157,292,-135
110000656,1,552,-551
110000674,32,33,-1
110000675,27,22,5
110000676,2,33,-31
110000679,304,1209,-905
110000682,123,197,-74
110000683,432,452,-20
110000684,4,37,-33
110000685,11,26,-15
110000686,2,34,-32
110000687,37,8,29
110000688,90,998,-908
110000689,26,34,-8
110000692,105,194,-89
110000693,127,313,-186
110000694,1,175,-174
110000695,225,684,-459
110000696,62,84,-22
110900001,327,49,278
110900002,437,192,245
110900003,768,559,209
110900004,534,211,323
110900005,2286,2494,-208
110900006,51,24,27
110900007,140,44,96
110900008,21,40,-19
110900009,489,142,347
110900010,15,96,-81
110900011,11,66,-55
110900012,29,105,-76
110900013,1032,137,895
110900014,380,13,367
110900015,586,724,-138
110900016,75,131,-56
110900017,476,50,426
110900018,501,59,442
110900019,189,25,164
110900020,111,250,-139
110900021,120,542,-422
110900022,135,260,-125
110900023,130,496,-366
110900024,16,378,-362
110900025,35,92,-57
110900027,45,263,-218
110900028,52,161,-109
110900029,36,323,-287
110900030,39,250,-211
110900031,5,135,-130
110900032,0,73,-73
110900033,35,233,-198
110900035,26,487,-461
110900036,117,15,102
110900037,79,27,52
110900038,971,227,744
110900039,12,264,-252
110900040,205,47,158
110900041,24,108,-84
110900042,123,47,76
110900043,6,133,-127
110900044,216,14,202
110900045,54,389,-335
110900046,40,207,-167
110900047,540,294,246
110900049,130,98,32
110900050,34,4,30
110900051,73,222,-149
110900052,4,167,-163
110900053,121,52,69
110900054,121,207,-86
110900055,39,5,34
110900056,70,128,-58
110900057,5,153,-148
110900058,304,238,66
110900059,589,538,51
110900060,544,174,370
110900061,33,46,-13
110900062,142,202,-60
110900063,69,268,-199
110900064,16,0,16
110900065,335,162,173
110900066,17,106,-89
110900067,355,617,-262
110900068,298,238,60
110900069,9,22,-13
110900070,110,82,28
110900071,247,630,-383
110900073,1,16,-15
110900074,354,94,260
110900075,470,89,381
110900077,885,570,315
110900078,57,72,-15
110900079,1835,1375,460
110900080,132,77,55
110900081,9,71,-62
110900082,117,125,-8
110900083,118,80,38
110900084,62,88,-26
110900085,64,238,-174
110900086,113,408,-295
110900087,428,103,325
110900088,8,3,5
110900090,60,57,3
110900091,2,67,-65
110900093,322,126,196
110900095,48,52,-4
110900097,15,22,-7
110900098,40,92,-52
110900099,97,380,-283
110900100,0,19,-19
110900102,48,24,24
110900105,1164,255,909
110900108,23,57,-34
110900111,474,281,193
110900112,859,10,849
110900113,487,69,418
110900115,9,98,-89
110900116,679,1583,-904
110900118,194,2997,-2803
110900119,3513,390,3123
110900120,18,54,-36
110900121,178,0,178
110900122,598,189,409
110900125,465,435,30
110900127,643,1506,-863
110900128,250,282,-32
110900129,479,919,-440
110900130,1057,685,372
110900131,590,58,532
110900132,365,110,255
110900133,434,187,247
110900135,105,322,-217
110900136,303,11,292
110900137,142,3,139
110900138,1529,698,831
110900139,38,170,-132
110900140,96,2,94
110900141,5,221,-216
110900142,74,155,-81
110900143,219,114,105
110900144,1,587,-586
110900145,171,38,133
110900146,477,167,310
110900147,108,423,-315
110900148,4,276,-272
110900149,6,85,-79
110900150,130,27,103
110900151,20,108,-88
110900152,29,260,-231
110900153,159,56,103
111000001,493,315,178
111000002,509,549,-40
111000003,1100,673,427
111000004,479,892,-413
111000005,1317,1047,270
111000006,864,1563,-699
111000007,4430,2629,1801
111000008,1977,3042,-1065
111000009,451,787,-336
111000010,823,282,541
111000011,371,1130,-759
111000012,615,409,206
111000013,463,1150,-687
111000014,1399,492,907
111000017,143,1115,-972
111000018,275,505,-230
111000020,992,2363,-1371
111000021,97,107,-10
111000023,62,96,-34
111000025,4248,3780,468
111000029,95,115,-20
111000030,23,147,-124
111000031,2430,1432,998
111000032,492,396,96
111000033,249,362,-113
111000034,231,210,21
111000037,1476,861,615
111000038,3743,2376,1367
111000039,1973,2069,-96
111000040,1895,2273,-378
111000041,1797,1657,140
111000042,3000,2291,709
111000043,2104,3179,-1075
111000044,2037,1161,876
111000045,2388,2319,69
111000046,1802,1799,3
111000047,2688,3973,-1285
111000049,511,487,24
111000050,1402,1238,164
111000051,551,880,-329
111000052,546,1511,-965
111000053,431,848,-417
111000054,438,747,-309
111000055,888,1391,-503
111000056,137,414,-277
111000057,77,411,-334
111000058,392,62,330
111000059,556,288,268
111000060,3797,962,2835
111000061,627,359,268
111000062,829,416,413
111000063,1700,984,716
111000064,752,675,77
111000065,1198,928,270
111000066,534,410,124
111000067,489,671,-182
111000068,623,1015,-392
111000069,1660,1859,-199
111000070,1122,941,181
111000071,197,560,-363
111000072,1148,424,724
111000073,345,745,-400
111000074,1648,1676,-28
111000075,1040,668,372
111000076,577,583,-6
111000077,1835,1818,17
111000078,2774,1473,1301
111000079,1260,783,477
111000080,571,634,-63
111000081,1701,4243,-2542
111000082,620,570,50
111000084,888,538,350
111000085,842,1208,-366
111000086,2640,938,1702
111000087,676,531,145
111000088,5097,2358,2739
111000089,769,693,76
111000090,852,1295,-443
111000091,813,440,373
111000092,1148,820,328
111000093,753,1087,-334
111000094,1666,900,766
111000095,606,2000,-1394
111000096,1797,6844,-5047
111000097,4155,1634,2521
111000098,926,1155,-229
111000099,687,1616,-929
111000100,428,1290,-862
111000101,438,714,-276
111000102,255,641,-386
111000104,620,230,390
111000107,168,726,-558
111000109,938,264,674
111000110,1366,591,775
111000111,2502,487,2015
111000112,1874,658,1216
111000113,959,1526,-567
111000114,1962,3242,-1280
111000115,5203,1211,3992
111000116,996,801,195
111000117,468,792,-324
111000118,1213,845,368
111000119,1049,1012,37
111000120,501,624,-123
111000121,294,597,-303
111000122,543,1035,-492
111000123,1042,2440,-1398
111000124,405,2456,-2051
111000125,281,1176,-895
111000126,79,724,-645
111000127,1093,194,899
111000128,1808,327,1481
111000129,2519,462,2057
111000130,2331,679,1652
111000131,1566,581,985
111000132,1529,850,679
111000133,217,134,83
111000134,225,99,126
111000135,61,180,-119
111000136,324,291,33
111000138,10,4,6
111000140,0,1,-1
111000141,186,316,-130
111000142,7,94,-87
111000143,0,119,-119
111000144,18,391,-373
111000145,1212,28,1184
111000146,97,15,82
111000147,301,56,245
111000148,154,94,60
111000149,5,31,-26
111000150,26,3,23
111000151,5,18,-13
111000153,695,871,-176
111000154,844,235,609
111000155,94,172,-78
111000156,520,718,-198
111000157,215,1170,-955
111000158,1030,754,276
111000159,2734,748,1986
111000160,411,332,79
111000161,17,295,-278
111000162,104,148,-44
111000163,680,879,-199
111000164,654,3595,-2941
111000165,1032,536,496
111000166,2176,432,1744
111000167,167,419,-252
111000168,211,489,-278
111000169,371,695,-324
111000170,557,429,128
111000171,521,610,-89
111000172,195,397,-202
111000173,378,711,-333
111000174,186,300,-114
111000175,46,295,-249
111000176,371,118,253
111000177,283,220,63
111000178,1104,261,843
111000179,220,142,78
111000180,218,387,-169
111000181,1145,220,925
111000182,215,192,23
111000183,386,316,70
111000184,340,263,77
111000185,391,338,53
111000186,386,239,147
111000187,129,189,-60
111000188,262,401,-139
111000189,1004,542,462
111000190,186,331,-145
111000191,219,303,-84
111000192,207,424,-217
111000193,352,252,100
111000194,44,294,-250
111000195,124,277,-153
111000196,90,141,-51
111000197,431,141,290
111000198,531,151,380
111000199,247,146,101
111000200,422,270,152
111000201,630,228,402
111000202,329,179,150
111000203,309,310,-1
111000204,420,1168,-748
111000213,213,382,-169
111000214,1533,1222,311
111000215,1074,1183,-109
111000217,1303,906,397
111000218,1275,1105,170
111000219,369,163,206
111000220,1510,758,752
111000221,706,107,599
111000224,2,249,-247
111000225,346,285,61
111000226,99,1,98
111000227,43,2,41
111000228,39,372,-333
111000229,76,858,-782
111000230,240,345,-105
111000231,891,750,141
111000232,569,799,-230
111000233,841,627,214
111000234,150,404,-254
111000239,102,185,-83
111000240,51,199,-148
111000241,44,335,-291
111000242,219,60,159
111000243,126,506,-380
111000244,567,90,477
111000245,1191,382,809
111000246,569,373,196
111000247,392,653,-261
111000248,686,475,211
111000249,460,559,-99
111000250,37,90,-53
111000251,51,124,-73
111000253,26,25,1
111000255,32,7,25
111000257,78,24,54
111000260,87,1062,-975
111000261,1194,115,1079
111000271,55,242,-187
111000273,3391,1323,2068
111000274,1149,2284,-1135
111000275,196,58,138
111000276,270,1651,-1381
111000277,163,404,-241
111000278,663,259,404
111000291,713,5852,-5139
111000298,589,246,343
111000299,736,138,598
111000300,131,477,-346
111000302,307,72,235
111000303,71,185,-114
111000312,58,63,-5
111000315,0,109,-109
111000320,301,749,-448
111000321,399,159,240
111000322,379,480,-101
111000323,190,37,153
111000324,412,279,133
111000325,50,65,-15
111000326,185,272,-87
111000327,433,353,80
111000328,228,428,-200
111000329,2,35,-33
111000330,60,11,49
111000331,16,3,13
111000332,603,1374,-771
111000334,306,1246,-940
111000335,800,303,497
111000337,1189,376,813
111000338,125,110,15
111000339,615,334,281
111000340,94,558,-464
111000341,1176,691,485
111000342,240,951,-711
111000344,1097,743,354
111000345,245,67,178
111000346,15,65,-50
111000347,121,18,103
111000350,216,138,78
111000351,99,348,-249
111000352,226,99,127
111000353,192,270,-78
111000354,487,109,378
111000355,297,628,-331
111000358,145,1031,-886
111000360,248,605,-357
111000361,129,268,-139
111000546,946,590,356
111000547,379,500,-121
111000548,116,396,-280
111000549,288,316,-28
111000550,87,986,-899
111000551,764,198,566
111000552,1763,168,1595
111000907,483,107,376
111000908,23,0,23
111000916,1386,316,1070
111000917,49,409,-360
111000918,200,628,-428
111000920,439,12,427
111000921,7,180,-173
111000922,519,338,181
111000924,36,664,-628
111000925,2165,1753,412
111000926,937,1340,-403
111000927,2761,3826,-1065
111000928,3973,2758,1215
111000929,1304,1218,86
111000930,810,2055,-1245
111000931,2106,2642,-536
111000932,4010,2220,1790
111000933,3508,2393,1115
111000934,1779,3259,-1480
111000935,1467,913,554
111000936,1019,1905,-886
111000937,1020,1258,-238
111000938,1287,1386,-99
111000939,505,73,432
111000940,495,196,299
111000941,409,444,-35
111000943,438,245,193
111000944,171,305,-134
111000945,110,1233,-1123
111001109,507,381,126
111001110,147,443,-296
111001111,65,8,57
111001112,114,1,113
111001113,2,150,-148
111001114,875,128,747
111001115,32,492,-460
111001116,4484,3878,606
111001117,645,1900,-1255
111001120,128,264,-136
111001121,170,215,-45
111001122,172,437,-265
111001123,266,90,176
111001124,59,124,-65
111900001,32,165,-133
111900002,18,666,-648
111900003,2,321,-319
111900004,69,130,-61
111900006,31,68,-37
111900007,128,7,121
111900008,260,5,255
111900009,242,157,85
111900010,315,485,-170
111900012,76,105,-29
111900013,26,99,-73
111900014,4648,4125,523
111900015,3,71,-68
111900016,0,125,-125
111900017,1,128,-127
111900018,337,18,319
111900019,6,180,-174
111900020,3,54,-51
111900021,37,77,-40
111900022,11,76,-65
111900023,109,77,32
111900024,0,69,-69
111900025,0,44,-44
111900026,0,72,-72
111900027,5,145,-140
111900028,1,341,-340
111900029,12,81,-69
111900030,44,407,-363
111900031,5,33,-28
111900032,3,268,-265
111900033,5,110,-105
111900034,209,495,-286
111900035,58,237,-179
111900036,4,207,-203
111900038,329,578,-249
111900039,38,379,-341
111900040,5,390,-385
111900042,90,179,-89
111900043,1,261,-260
111900044,357,213,144
111900046,39,140,-101
111900048,275,480,-205
111900049,23,235,-212
111900050,198,59,139
111900051,3,219,-216
111900052,319,381,-62
111900053,1068,1602,-534
111900054,205,5,200
111900055,19,343,-324
111900056,239,327,-88
111900057,160,38,122
111900058,450,536,-86
111900059,1506,651,855
111900060,448,6,442
111900061,13,189,-176
111900062,28,73,-45
111900063,521,230,291
111900064,102,231,-129
111900065,81,39,42
111900066,146,165,-19
111900067,1,333,-332
111900068,103,85,18
111900069,87,35,52
111900070,167,112,55
111900071,0,229,-229
111900072,69,49,20
111900073,887,170,717
111900074,18,182,-164
111900075,118,22,96
111900076,190,54,136
111900077,83,8,75
111900078,324,26,298
111900079,67,60,7
111900080,225,275,-50
111900081,318,91,227
111900082,148,55,93
111900083,129,11,118
111900084,171,24,147
111900085,42,141,-99
111900086,47,2,45
111900087,79,3,76
111900088,522,8,514
111900089,131,2,129
111900090,85,46,39
111900091,270,3,267
111900092,99,4,95
111900093,420,8,412
111900094,166,2,164
111900095,267,46,221
111900096,206,1,205
111900097,68,0,68
111900098,245,2,243
111900099,112,1,111
111900100,104,4,100
111900101,133,54,79
111900102,659,530,129
111900103,99,120,-21
111900104,291,88,203
111900105,353,241,112
111900106,1022,58,964
111900107,50,59,-9
111900108,83,123,-40
111900109,251,291,-40
111900110,1836,463,1373
111900111,283,139,144
111900112,660,2820,-2160
111900113,342,124,218
111900114,83,64,19
111900115,2,19,-17
111900118,324,125,199
111900119,350,221,129
111900122,125,83,42
111900123,17,41,-24
111900124,51,116,-65
111900125,480,41,439
111900126,361,5,356
111900127,3,542,-539
111900128,4,470,-466
111900129,321,7,314
111900130,255,52,203
111900131,580,5,575
111900132,41,898,-857
111900133,9,276,-267
111900134,9,169,-160
111900135,9,48,-39
111900136,101,147,-46
111900137,67,61,6
111900138,10,72,-62
111900139,25,108,-83
111900140,95,42,53
111900141,60,16,44
111900142,101,38,63
111900143,99,189,-90
111900144,7,109,-102
111900145,6,362,-356
111900146,2,235,-233
111900147,162,400,-238
111900148,22,501,-479
111900149,4,274,-270
111900150,17,145,-128
111900151,4,26,-22
111900152,74,113,-39
111900153,1167,522,645
111900154,26,278,-252
111900155,68,111,-43
111900156,106,64,42
111900157,133,13,120
111900158,553,46,507
111900159,276,21,255
111900160,227,1,226
111900161,169,3,166
111900162,104,157,-53
111900163,30,216,-186
111900164,151,43,108
111901113,424,143,281
111901114,228,260,-32
111901115,62,5,57
111901116,40,2,38
111901117,23,14,9
111901118,52,163,-111
111901119,624,67,557
111901120,50,59,-9
111901121,159,181,-22
111901122,2,364,-362
111901123,235,262,-27
111901124,229,2,227
111901125,433,190,243
111901126,59,48,11
111901127,525,581,-56
111901128,10,115,-105
111901129,9,121,-112
111901130,7,124,-117
111901131,5,230,-225
111901132,81,13,68
111901133,46,7,39
111901134,92,3,89
111901135,30,16,14
111901136,59,97,-38
111901137,1,45,-44
111901138,224,40,184
111901139,33,49,-16
111901140,8,83,-75
111901141,29,173,-144
111901142,15,98,-83
111901143,5,125,-120
111901144,48,50,-2
111901145,168,321,-153
111901146,407,43,364
112000001,1765,689,1076
112000002,658,2039,-1381
112000003,1337,1081,256
112000004,579,938,-359
112000005,3159,3543,-384
112000006,2112,1811,301
112000007,3329,2368,961
112000008,2662,3642,-980
112000009,3046,2661,385
112000010,2991,3690,-699
112000011,1686,1577,109
112000012,4889,5117,-228
112000013,4294,3490,804
112000014,2835,2597,238
112000015,3689,3746,-57
112000016,5725,1905,3820
112000017,2726,3494,-768
112000024,2368,1054,1314
112000026,3289,3953,-664
112000027,876,647,229
112000028,1155,1551,-396
112000029,644,745,-101
112000030,205,98,107
112000031,1574,5111,-3537
112000032,492,81,411
112000033,2088,2340,-252
112000034,292,102,190
112000035,142,576,-434
112000036,918,1329,-411
112000037,1198,961,237
112000038,1312,1286,26
112000039,105,77,28
112000040,106,251,-145
112000041,443,490,-47
112000042,1096,500,596
112000050,1202,1536,-334
112000051,1188,1484,-296
112000054,1788,1970,-182
112000057,685,462,223
112000058,484,679,-195
112000059,557,935,-378
112000061,2805,1888,917
112000062,1385,1056,329
112000063,1020,1430,-410
112000064,4288,4774,-486
112000065,1670,2224,-554
112000066,3642,1530,2112
112000067,820,749,71
112000068,3382,2365,1017
112000069,737,1861,-1124
112000070,2211,889,1322
112000071,1066,2801,-1735
112000072,2393,864,1529
112000073,1953,2561,-608
112000074,1691,1240,451
112000075,1413,1397,16
112000076,3871,2581,1290
112000077,1085,595,490
112000078,1849,726,1123
112000079,1501,1311,190
112000080,800,871,-71
112000081,1363,2433,-1070
112000082,1442,810,632
112000083,560,1179,-619
112000084,1282,821,461
112000085,1257,904,353
112000086,1987,1145,842
112000087,561,389,172
112000088,917,526,391
112000089,504,395,109
112000090,319,361,-42
112000091,617,855,-238
112000092,1982,1067,915
112000093,1525,864,661
112000094,744,827,-83
112000095,658,817,-159
112000096,635,556,79
112000097,1309,898,411
112000098,1163,1230,-67
112000099,697,1864,-1167
112000100,1902,812,1090
112000101,519,938,-419
112000102,1287,484,803
112000103,323,979,-656
112000105,462,1336,-874
112000106,1532,395,1137
112000107,23,297,-274
112000108,229,1617,-1388
112000109,92,62,30
112000110,1917,627,1290
112000111,1450,5125,-3675
112000112,7148,821,6327
112000113,1034,1649,-615
112000114,3614,1109,2505
112000115,469,520,-51
112000116,776,1095,-319
112000117,1035,836,199
112000118,1247,866,381
112000119,506,683,-177
112000120,107,363,-256
112000121,174,391,-217
112000122,327,135,192
112000123,760,186,574
112000124,426,85,341
112000125,264,245,19
112000126,295,369,-74
112000127,2721,2388,333
112000128,983,807,176
112000129,149,126,23
112000130,192,97,95
112000131,55,279,-224
112000132,126,259,-133
112000133,399,213,186
112000134,569,367,202
112000135,1889,767,1122
112000136,1407,1416,-9
112000137,2853,2467,386
112000138,2807,1499,1308
112000139,1004,550,454
112000140,1225,1085,140
112000141,873,344,529
112000142,212,655,-443
112000143,1127,265,862
112000144,344,1158,-814
112000145,2466,598,1868
112000146,563,1745,-1182
112000147,2481,1877,604
112000148,1689,2315,-626
112000149,612,615,-3
112000150,209,657,-448
112000151,296,376,-80
112000152,457,408,49
112000153,202,237,-35
112000154,142,302,-160
112000155,134,134,0
112000157,1168,692,476
112000158,355,442,-87
112000159,583,388,195
112000167,453,91,362
112000169,288,511,-223
112000173,858,275,583
112000175,433,390,43
112000176,2804,2065,739
112000177,699,233,466
112000178,108,378,-270
112000179,281,108,173
112000180,310,351,-41
112000181,1430,1661,-231
112000182,1390,1494,-104
112000183,53,53,0
112000184,386,366,20
112000185,571,441,130
112000187,4301,2962,1339
112000195,163,25,138
112000196,302,7,295
112000197,243,306,-63
112000198,72,316,-244
112000199,1047,856,191
112000202,394,0,394
112000216,88,218,-130
112000230,111,12,99
112000231,6,264,-258
112000256,67,323,-256
112000313,70,166,-96
112000314,60,35,25
112000337,922,677,245
112000352,491,394,97
112000392,1375,1153,222
112000398,1387,956,431
112000399,1764,2422,-658
112000400,1871,2812,-941
112000401,2750,2380,370
112000402,3306,3383,-77
112000403,1887,3238,-1351
112000404,896,969,-73
112000405,2021,2821,-800
112000406,3280,2139,1141
112000407,7399,8538,-1139
112000408,7226,5807,1419
112000409,1535,3984,-2449
112000410,452,447,5
112000411,4171,2162,2009
112000412,1618,744,874
112000413,7518,5967,1551
112000414,72,78,-6
112000415,103,66,37
112000416,2528,1451,1077
112000417,254,77,177
112000421,60,168,-108
112000422,345,385,-40
112000424,2124,2791,-667
112000425,479,712,-233
112000426,116,327,-211
112000427,1,21,-20
112000428,214,318,-104
112000429,2384,2773,-389
112000430,2705,3069,-364
112000431,77,167,-90
112000432,694,1150,-456
112000433,496,903,-407
112000437,64,162,-98
112900001,95,1,94
112900002,541,806,-265
112900003,101,424,-323
112900004,74,316,-242
112900005,291,183,108
112900006,15,319,-304
112900007,67,206,-139
112900008,2,29,-27
112900009,425,134,291
112900010,365,952,-587
112900011,215,247,-32
112900012,0,61,-61
112900013,22,256,-234
112900014,8,356,-348
112900015,442,709,-267
112900016,8,295,-287
112900017,51,248,-197
112900018,4,216,-212
112900019,51,178,-127
112900020,391,1082,-691
112900021,3,264,-261
112900022,20,81,-61
112900023,4,163,-159
112900024,21,270,-249
112900025,115,265,-150
112900026,5,256,-251
112900027,5,890,-885
112900028,24,139,-115
112900029,21,484,-463
112900030,101,155,-54
112900031,4,425,-421
112900032,591,247,344
112900034,1,68,-67
112900035,0,388,-388
112900036,109,156,-47
112900037,160,190,-30
112900038,765,198,567
112900039,13,285,-272
112900040,10,2297,-2287
112900041,827,1225,-398
112900042,150,288,-138
112900043,59,62,-3
112900044,579,594,-15
112900045,282,308,-26
112900046,210,98,112
112900047,7,62,-55
112900049,250,88,162
112900050,49,513,-464
112900051,358,590,-232
112900052,14,758,-744
112900053,542,338,204
112900054,540,62,478
112900055,216,59,157
112900056,380,222,158
112900057,47,506,-459
112900058,471,406,65
112900059,187,167,20
112900060,44,211,-167
112900061,101,125,-24
112900062,95,133,-38
112900063,195,30,165
112900064,239,155,84
112900065,56,32,24
112900066,367,195,172
112900067,414,182,232
112900068,63,49,14
112900069,3074,955,2119
112900071,38,11,27
112900072,275,2059,-1784
112900073,659,96,563
112900074,107,284,-177
112900075,1945,1075,870
112900076,98,41,57
112900078,350,430,-80
112900079,306,48,258
112900080,85,3,82
112900081,75,193,-118
112900082,579,28,551
112900083,125,131,-6
112900084,266,117,149
112900085,0,3,-3
112900086,73,1,72
112900087,780,203,577
112900088,257,23,234
112900089,1085,57,1028
112900090,69,41,28
112900091,267,7,260
112900092,378,318,60
112900093,1696,37,1659
112900094,56,5,51
112900095,58,0,58
112900096,471,195,276
112900097,107,307,-200
112900098,416,2,414
112900099,883,27,856
112900100,131,0,131
112900101,324,4,320
112900102,367,26,341
112900103,236,10,226
112900104,112,5,107
112900105,16,0,16
112900106,458,182,276
112900107,9,2,7
112900108,37,2,35
112900109,125,1,124
112900110,1124,35,1089
112900111,702,11,691
112900112,368,0,368
112900113,0,18,-18
112900114,143,54,89
112900115,1131,0,1131
112900116,191,31,160
112900117,85,116,-31
112900118,23,84,-61
112900119,167,7,160
112900120,937,329,608
112900121,81,192,-111
112900122,37,156,-119
112900123,185,34,151
112900124,27,137,-110
112900125,72,561,-489
112900126,240,254,-14
112900127,447,130,317
112900128,315,754,-439
112900129,5,750,-745
112900130,322,105,217
112900131,49,247,-198
112900132,207,584,-377
112900133,44,1508,-1464
112900134,1,278,-277
112900135,121,68,53
112900136,0,16,-16
112900137,0,537,-537
112900138,8,232,-224
112900139,261,1053,-792
112900140,0,90,-90
112900141,932,65,867
112900142,67,171,-104
112900143,30,435,-405
112900144,0,214,-214
112900145,35,435,-400
112900146,6,961,-955
112900147,4,1401,-1397
112900148,78,2,76
112900149,265,552,-287
112900151,14,59,-45
112900152,4146,938,3208
112900153,2067,2721,-654
112900154,0,154,-154
112900155,222,39,183
112900156,442,1311,-869
112900157,319,6,313
112900158,110,26,84
112900159,252,163,89
112900160,97,317,-220
112900161,129,37,92
112900162,63,28,35
112900163,131,68,63
112900164,36,246,-210
112900165,223,47,176
112900166,34,60,-26
112900167,5,103,-98
112900168,1,3,-2
112900169,9,14,-5
112900170,197,148,49
112900172,79,12,67
112900173,183,124,59
112900174,272,46,226
112900175,147,163,-16
112900176,13,66,-53
112900177,269,52,217
112900178,928,2763,-1835
112900179,42,574,-532
112900180,2378,1833,545
112900181,705,4,701
112900182,44,1018,-974
112900183,203,368,-165
112900184,488,504,-16
112900185,385,796,-411
112900186,1482,1189,293
112900187,120,660,-540
112900188,623,965,-342
112900189,9,42,-33
112900190,12,25,-13
112900192,727,742,-15
112900193,1384,403,981
112900194,92,74,18
112900195,1127,103,1024
112900196,212,314,-102
112900197,226,425,-199
112900199,664,503,161
112900200,549,208,341
112900201,133,102,31
112900202,424,763,-339
112900203,307,277,30
112900204,951,781,170
112900205,16,22,-6
112900206,28,84,-56
112900207,19,0,19
112900208,99,372,-273
112900209,446,383,63
112900210,0,20,-20
112900211,122,112,10
112900212,4,107,-103
112900213,56,23,33
112900214,34,9,25
112900215,15,167,-152
112900216,44,79,-35
112900217,12,71,-59
112900218,58,16,42
112900219,227,19,208
112900220,7,0,7
112900221,63,138,-75
112900222,0,29,-29
112900223,1169,43,1126
112900224,357,490,-133
112900225,513,353,160
112900226,334,426,-92
112900227,806,996,-190
112900228,52,56,-4
112900229,303,76,227
112900230,7581,4685,2896
112900232,398,306,92
112900233,51,163,-112
112900234,23,72,-49
112900235,154,32,122
112900236,289,14,275
112900237,170,130,40
112900238,6,26,-20
112900239,529,363,166
113000001,5980,4605,1375
113000002,3849,3689,160
113000003,2069,1470,599
113000004,1602,2380,-778
113000005,1971,1028,943
113000006,1210,1493,-283
113000007,2351,1317,1034
113000008,1773,1802,-29
113000009,1285,813,472
113000010,1093,1507,-414
113000011,788,1890,-1102
113000012,2056,774,1282
113000013,1539,742,797
113000014,1649,2000,-351
113000015,528,334,194
113000016,471,1200,-729
113000017,117,405,-288
113000018,476,76,400
113000019,333,307,26
113000020,517,79,438
113000021,1278,543,735
113000022,648,1124,-476
113000025,241,814,-573
113000026,424,540,-116
113000027,621,687,-66
113000028,977,673,304
113000029,986,746,240
113000030,448,862,-414
113000031,284,397,-113
113000032,307,321,-14
113000033,394,495,-101
113000034,432,396,36
113000035,45,64,-19
113000036,40,89,-49
113000037,58,44,14
113000038,29,64,-35
113000039,123,445,-322
113000040,57,105,-48
113000042,915,662,253
113000051,952,2197,-1245
113000052,2051,780,1271
113000053,553,461,92
113000054,344,765,-421
113000055,1024,639,385
113000056,1125,912,213
113000058,673,808,-135
113000059,1095,643,452
113000060,212,583,-371
113000061,692,867,-175
113000062,830,251,579
113000063,169,64,105
113000064,45,241,-196
113000065,128,702,-574
113000066,724,112,612
113000067,2046,1250,796
113000068,339,1130,-791
113000069,584,1102,-518
113000070,2666,1103,1563
113000071,444,650,-206
113000072,823,496,327
113000073,376,1365,-989
113000074,1000,411,589
113000075,2067,649,1418
113000076,626,1899,-1273
113000077,1231,779,452
113000078,903,2314,-1411
113000079,1010,979,31
113000080,827,891,-64
113000081,902,1053,-151
113000082,1419,1001,418
113000083,632,901,-269
113000084,1611,1295,316
113000085,963,759,204
113000086,1191,1115,76
113000087,1041,946,95
113000088,2382,1362,1020
113000089,944,1586,-642
113000090,284,617,-333
113000091,539,406,133
113000094,1241,207,1034
113000095,227,878,-651
113000096,110,790,-680
113000097,1218,378,840
113000098,160,36,124
113000099,1108,401,707
113000100,136,401,-265
113000101,442,666,-224
113000102,695,422,273
113000103,1696,410,1286
113000104,523,1901,-1378
113000105,810,557,253
113000106,324,532,-208
113000107,842,666,176
113000108,593,1088,-495
113000109,548,1726,-1178
113000110,1916,450,1466
113000111,120,579,-459
113000112,285,254,31
113000113,1578,416,1162
113000114,287,1533,-1246
113000116,921,362,559
113000117,1030,127,903
113000118,101,672,-571
113000119,363,408,-45
113000120,79,250,-171
113000121,851,1211,-360
113000124,217,125,92
113000125,81,810,-729
113000127,2171,420,1751
113000128,611,649,-38
113000129,726,912,-186
113000133,2222,1682,540
113000134,6,1017,-1011
113000135,4637,4392,245
113000137,2050,3543,-1493
113000139,526,323,203
113000140,186,258,-72
113000141,468,361,107
113000142,868,1559,-691
113000143,349,242,107
113000144,340,708,-368
113000145,102,147,-45
113000146,150,73,77
113000147,208,142,66
113000148,198,155,43
113000149,114,128,-14
113000150,622,366,256
113000151,106,83,23
113000152,58,103,-45
113000153,1615,716,899
113000154,1064,1688,-624
113000155,454,705,-251
113000156,243,476,-233
113000157,432,982,-550
113000158,847,283,564
113000159,1148,711,437
113000160,736,1143,-407
113000161,339,540,-201
113000162,1048,459,589
113000163,125,81,44
113000164,43,99,-56
113000166,180,104,76
113000167,49,104,-55
113000168,97,106,-9
113000169,231,60,171
113000170,107,85,22
113000171,65,103,-38
113000172,308,61,247
113000173,85,32,53
113000174,159,369,-210
113000175,445,115,330
113000176,583,161,422
113000177,216,358,-142
113000178,281,265,16
113000179,295,214,81
113000180,717,1109,-392
113000181,1005,872,133
113000182,195,476,-281
113000183,153,576,-423
113000184,16,138,-122
113000189,647,1058,-411
113000190,1071,657,414
113000192,1197,2484,-1287
113000193,3789,1460,2329
113000194,1404,1193,211
113000195,2304,1259,1045
113000196,194,99,95
113000197,1445,1189,256
113000198,105,342,-237
113000199,2042,556,1486
113000201,265,286,-21
113000202,3868,1278,2590
113000203,211,138,73
113000204,1199,2461,-1262
113000205,17,32,-15
113000206,14,52,-38
113000207,138,27,111
113000208,68,49,19
113000209,17,35,-18
113000210,6,24,-18
113000211,164,186,-22
113000212,114,38,76
113000213,35,191,-156
113000214,159,243,-84
113000234,198,862,-664
113000410,493,272,221
113000411,2835,4590,-1755
113000412,6295,2325,3970
113000413,2589,3062,-473
113000414,6268,15006,-8738
113000415,2369,3206,-837
113000416,8542,4459,4083
113000417,2563,3335,-772
113000418,5229,3822,1407
113000419,1994,2382,-388
113000420,4827,6547,-1720
113000421,4461,6833,-2372
113000422,12844,11301,1543
113000423,2457,5619,-3162
113000424,3408,8483,-5075
113000425,9,68,-59
113000428,174,163,11
113000430,57,709,-652
113000432,1968,167,1801
113000433,130,712,-582
113000434,39,154,-115
113000435,46,471,-425
113000436,52,971,-919
113000437,1109,35,1074
113000438,342,13,329
113000439,17,95,-78
113000440,134,69,65
113000441,217,209,8
113000442,129,188,-59
113000443,252,203,49
113000444,190,196,-6
113000445,147,122,25
113000446,13,99,-86
113000448,196,155,41
113000449,218,923,-705
113000450,670,2015,-1345
113000451,1085,174,911
113000452,443,380,63
113000453,57,295,-238
113000454,622,90,532
113000455,8,323,-315
113000456,3805,2932,873
113000468,1620,263,1357
113000469,214,204,10
113000470,298,19,279
113000471,12,310,-298
113000472,87,326,-239
113000474,766,597,169
113000475,1465,1759,-294
113000476,1484,2011,-527
113000477,3362,2057,1305
113000478,3899,5605,-1706
113000479,96,142,-46
113000480,90,210,-120
113000483,0,0,0
113000485,0,0,0
113000486,2,2,0
113000487,1,1,0
113000488,2,0,2
113000489,7,2,5
113000490,0,12,-12
113000491,14,4,10
113000492,2,6,-4
113000493,0,0,0
113000495,153,169,-16
113000496,126,134,-8
113000499,0,0,0
113000500,0,4,-4
113900001,2,211,-209
113900002,0,64,-64
113900003,1,38,-37
113900004,0,55,-55
113900005,0,70,-70
113900006,1,22,-21
113900007,70,28,42
113900008,31,0,31
113900009,153,1,152
113900010,89,1,88
113900011,25,1,24
113900012,26,2,24
113900013,274,1,273
113900014,568,0,568
113900015,0,107,-107
113900016,63,1,62
113900017,7,51,-44
113900018,410,215,195
113900019,140,54,86
113900020,161,1,160
113900022,35,2,33
113900023,22,0,22
113900024,54,71,-17
113900025,353,33,320
113900026,98,2,96
113900027,14,68,-54
113900028,26,412,-386
113900029,60,187,-127
113900030,234,1,233
113900031,14,1,13
113900032,18,0,18
113900033,66,87,-21
113900035,51,4,47
113900036,19,105,-86
113900037,210,422,-212
113900038,33,102,-69
113900039,154,36,118
113900040,9,18,-9
113900041,7,4,3
113900042,61,42,19
113900043,161,130,31
113900044,355,352,3
113900045,81,2,79
113900046,319,690,-371
113900047,45,130,-85
113900048,175,94,81
113900049,543,257,286
113900050,261,343,-82
113900051,244,314,-70
113900052,170,157,13
113900053,759,548,211
113900054,41,1,40
113900055,117,429,-312
113900056,50,199,-149
113900057,34,240,-206
113900058,54,129,-75
113900059,229,347,-118
113900060,94,318,-224
113900061,960,283,677
113900062,102,14,88
113900063,105,172,-67
113900064,27,133,-106
113900065,429,24,405
113900066,344,329,15
113900067,164,267,-103
113900068,540,532,8
113900069,85,64,21
113900070,236,627,-391
113900071,74,71,3
113900072,101,171,-70
113900073,223,390,-167
113900074,256,460,-204
113900075,1340,1166,174
113900076,236,19,217
113900077,65,178,-113
113900078,40,57,-17
113900079,2,54,-52
113900080,528,237,291
113900081,49,177,-128
113900082,119,236,-117
113900083,416,409,7
113900084,287,107,180
113900085,54,276,-222
113900086,49,15,34
113900087,106,164,-58
113900088,79,110,-31
113900089,381,59,322
113900090,691,431,260
113900091,24,29,-5
113900092,41,70,-29
113900093,87,701,-614
113900094,475,410,65
113900095,148,136,12
113900096,374,92,282
113900097,58,92,-34
113900098,645,85,560
113900099,0,48,-48
113900100,0,3,-3
113900101,22,86,-64
113900102,156,182,-26
113900103,346,334,12
113900104,127,237,-110
113900105,138,195,-57
113900106,0,75,-75
113900107,5,36,-31
113900108,284,240,44
113900109,371,198,173
113900110,61,18,43
113900111,168,118,50
113900112,105,84,21
113900113,1025,450,575
113900114,4,90,-86
113900115,2,87,-85
113900116,177,124,53
113900117,116,24,92
113900118,238,442,-204
113900119,169,465,-296
113900120,60,94,-34
113900121,81,109,-28
113900122,528,2008,-1480
113900123,461,207,254
113900124,3,79,-76
113900125,898,143,755
113900126,123,56,67
113900127,365,852,-487
113900128,152,76,76
113900129,13,185,-172
113900130,42,105,-63
113900131,270,84,186
113900132,77,88,-11
113900133,36,94,-58
113900135,264,429,-165
113900136,135,99,36
113900137,362,251,111
113900138,76,255,-179
113900139,321,175,146
113900140,354,427,-73
113900141,639,315,324
113900142,147,63,84
113900143,26,50,-24
113900144,311,382,-71
113900145,457,183,274
113900146,168,57,111
113900148,158,281,-123
113900149,172,62,110
113900150,644,483,161
113900151,451,219,232
113900152,68,43,25
113900153,300,626,-326
113900154,3,163,-160
113900155,204,173,31
113900156,245,409,-164
113900157,54,306,-252
113900158,484,646,-162
113900159,22,315,-293
113900160,669,549,120
113900161,76,256,-180
113900162,776,1088,-312
113900163,328,313,15
113900164,296,56,240
113900165,795,528,267
113900166,362,186,176
113900167,288,71,217
113900168,111,115,-4
113900169,202,402,-200
113900171,179,87,92
113900172,17,202,-185
113900173,45,500,-455
113900174,525,581,-56
113900175,370,160,210
113900176,435,570,-135
113900177,355,222,133
113900178,503,108,395
113900179,13,407,-394
113900180,158,121,37
113900181,590,154,436
113900182,728,920,-192
113900183,66,90,-24
113900184,12,444,-432
113900185,217,112,105
113900186,58,59,-1
113900187,55,120,-65
113900188,49,198,-149
113900189,308,138,170
113900190,308,143,165
113900191,114,279,-165
113900192,8,522,-514
113900193,31,157,-126
113900194,1631,924,707
113900195,229,393,-164
113900196,67,233,-166
113900197,0,137,-137
113900198,57,205,-148
113900199,185,743,-558
113900200,30,332,-302
113900201,0,151,-151
113900202,53,322,-269
113900203,0,113,-113
113900204,71,495,-424
113900205,33,220,-187
113900206,8,155,-147
113900207,1,51,-50
113900208,1,67,-66
113900209,1,85,-84
113900210,642,829,-187
113900211,215,77,138
113900212,157,443,-286
113900214,443,462,-19
113900215,108,126,-18
113900216,94,859,-765
113900217,83,206,-123
113900218,182,74,108
113900219,127,439,-312
113900220,172,134,38
113900221,452,281,171
113900222,323,619,-296
113900223,165,710,-545
113900224,63,73,-10
113900225,618,213,405
113900226,356,171,185
113900227,443,243,200
113900228,358,558,-200
113900229,72,917,-845
113900230,3940,3745,195
113900231,135,184,-49
113900232,128,128,0
113900233,78,58,20
113900234,379,391,-12
113900235,151,43,108
113900236,194,281,-87
113900237,263,20,243
113900238,273,563,-290
113900239,51,113,-62
113900240,9,198,-189
113900241,107,56,51
113900242,49,134,-85
113900243,132,437,-305
113900244,394,238,156
113900245,1273,306,967
113900246,12,36,-24
113900247,174,470,-296
113900248,2382,1738,644
113900249,785,384,401
113900250,92,152,-60
113900251,608,133,475
113900252,564,35,529
113900253,680,106,574
113900254,1068,192,876
113900255,491,25,466
113900256,360,30,330
113900257,40,502,-462
113900258,21,343,-322
113900259,582,144,438
113900260,172,23,149
113900261,46,93,-47
113900262,165,512,-347
113900263,186,672,-486
113900264,3,417,-414
113900265,232,325,-93
113900266,57,179,-122
113900267,129,568,-439
113900268,368,512,-144
113900269,65,150,-85
113900270,262,750,-488
113900271,740,1013,-273
113900273,63,15,48
113900274,64,32,32
113900275,34,73,-39
113900276,3,126,-123
113900277,129,4,125
113900278,367,213,154
113900279,184,159,25
113900280,1512,658,854
113900281,713,1507,-794
113900282,995,698,297
113900283,401,473,-72
113900284,848,330,518
113900285,229,124,105
113900286,63,95,-32
113900287,36,58,-22
113900288,2,161,-159
113900289,916,107,809
113900290,231,212,19
113900291,142,169,-27
113900292,17,1,16
113900293,4,219,-215
113900294,478,27,451
113900295,519,425,94
113900296,1938,418,1520
113900297,2134,45,2089
113900298,18,1569,-1551
113900299,117,126,-9
113900300,4981,3516,1465
113900301,954,402,552
113900302,2299,1103,1196
113900303,517,493,24
113900304,5,104,-99
113900305,130,1,129
113900306,79,1,78
113900307,51,0,51
113900308,94,125,-31
113900309,2,728,-726
113900310,0,10,-10
113900311,16,0,16
113900312,231,280,-49
113900313,14,7,7
114000001,958,2558,-1600
114000002,352,343,9
114000003,49,259,-210
114000004,368,358,10
114000005,256,264,-8
114000006,2096,2001,95
114000007,749,1337,-588
114000008,1377,1797,-420
114000009,676,240,436
114000011,2671,2285,386
114000012,2388,1588,800
114000013,1622,1385,237
114000014,441,235,206
114000015,1791,325,1466
114000016,231,283,-52
114000017,139,382,-243
114000018,257,55,202
114000026,1868,1257,611
114000027,3074,1949,1125
114000028,2506,2585,-79
114000038,306,158,148
114000039,81,57,24
114000040,111,241,-130
114000042,168,183,-15
114000043,46,89,-43
114000044,272,54,218
114000045,41,65,-24
114000046,2960,4943,-1983
114000047,17,96,-79
114000048,90,62,28
114000049,1551,1602,-51
114000050,1473,1945,-472
114000051,2696,2083,613
114000052,3742,1988,1754
114000053,96,611,-515
114000054,178,900,-722
114000055,208,26,182
114000056,953,893,60
114000057,4734,2222,2512
114000058,561,1440,-879
114000059,319,262,57
114000060,542,787,-245
114000061,2682,2757,-75
114000062,2196,1508,688
114000063,2456,1656,800
114000064,5537,3781,1756
114000065,1669,2410,-741
114000066,426,561,-135
114000067,25,725,-700
114000068,482,807,-325
114000069,1053,571,482
114000070,2284,1714,570
114000071,843,607,236
114000072,519,245,274
114000073,12,69,-57
114000074,29,12,17
114000075,31,117,-86
114000076,21,141,-120
114000077,13,39,-26
114000078,520,728,-208
114000079,99,18,81
114000080,92,98,-6
114000081,67,94,-27
114000082,60,443,-383
114000083,83,281,-198
114000084,330,100,230
114000085,118,606,-488
114000086,251,363,-112
114000087,134,179,-45
114000088,39,51,-12
114000089,948,368,580
114000090,1006,831,175
114000091,1603,736,867
114000092,962,487,475
114000093,1366,650,716
114000094,306,311,-5
114000095,309,180,129
114000096,110,411,-301
114000097,125,578,-453
114000098,526,107,419
114000099,697,467,230
114000100,1391,705,686
114000101,418,707,-289
114000102,528,340,188
114000103,146,319,-173
114000104,63,220,-157
114000105,214,75,139
114000106,853,1099,-246
114000107,364,182,182
114000108,1337,1034,303
114000109,559,945,-386
114000110,667,1275,-608
114000111,1721,754,967
114000112,484,1590,-1106
114000113,1173,518,655
114000114,1267,1100,167
114000115,1961,1241,720
114000116,957,618,339
114000117,2900,396,2504
114000118,2579,440,2139
114000119,1679,527,1152
114000120,561,729,-168
114000121,440,790,-350
114000122,405,250,155
114000123,2070,289,1781
114000124,883,267,616
114000125,718,1174,-456
114000126,1392,223,1169
114000127,337,166,171
114000128,792,312,480
114000130,505,527,-22
114000131,288,114,174
114000132,608,477,131
114000133,957,1264,-307
114000134,96,119,-23
114000138,52,243,-191
114000139,522,308,214
114000144,1029,557,472
114000145,91,200,-109
114000146,102,214,-112
114000147,1642,1848,-206
114000148,1820,1739,81
114000149,335,248,87
114000150,555,651,-96
114000151,781,1323,-542
114000152,144,55,89
114000153,709,2225,-1516
114000154,783,864,-81
114000155,1297,2117,-820
114000156,836,635,201
114000157,244,1035,-791
114000158,1756,772,984
114000159,171,465,-294
114000160,143,665,-522
114000161,1417,3005,-1588
114000162,1130,2816,-1686
114000163,18,112,-94
114000165,691,347,344
114000166,913,439,474
114000167,2808,1412,1396
114000168,643,681,-38
114000169,1489,1466,23
114000170,1017,1010,7
114000171,1400,1835,-435
114000174,269,462,-193
114000176,465,552,-87
114000177,1682,801,881
114000178,38,56,-18
114000179,1183,666,517
114000180,523,721,-198
114000181,1810,3928,-2118
114000182,3205,2439,766
114000183,696,690,6
114000184,470,1046,-576
114000185,1191,837,354
114000189,994,171,823
114000190,2698,364,2334
114000191,24,83,-59
114000192,228,1212,-984
114000193,614,2262,-1648
114000194,1180,843,337
114000195,145,29,116
114000196,5,194,-189
114000197,1225,20,1205
114000198,867,386,481
114000199,1994,1639,355
114000200,615,1741,-1126
114000201,119,790,-671
114000202,885,514,371
114000203,481,513,-32
114000204,222,504,-282
114000205,191,1184,-993
114000206,698,1317,-619
114000207,554,1617,-1063
114000208,507,2255,-1748
114000209,698,1923,-1225
114000210,247,1022,-775
114000211,949,1516,-567
114000212,692,796,-104
114000213,1237,551,686
114000214,82,196,-114
114000215,184,105,79
114000216,1112,278,834
114000217,313,227,86
114000218,157,211,-54
114000219,1157,232,925
114000220,23,762,-739
114000221,876,148,728
114000222,192,860,-668
114000223,452,131,321
114000224,101,493,-392
114000225,218,575,-357
114000226,187,227,-40
114000227,719,501,218
114000228,838,770,68
114000229,1112,1241,-129
114000230,1534,1101,433
114000231,934,1213,-279
114000232,744,128,616
114000233,2124,158,1966
114000234,1064,881,183
114000235,1101,1321,-220
114000236,1,373,-372
114000237,135,804,-669
114000238,164,149,15
114000239,183,1011,-828
114000240,793,776,17
114000241,276,815,-539
114000242,831,726,105
114000243,1478,768,710
114000244,720,347,373
114000245,336,673,-337
114000246,103,49,54
114000247,710,639,71
114000248,1191,455,736
114000249,466,490,-24
114000250,488,666,-178
114000251,447,256,191
114000252,62,65,-3
114000253,69,160,-91
114000254,45,89,-44
114000255,521,246,275
114000256,1530,2228,-698
114000257,373,1085,-712
114000258,200,419,-219
114000259,84,194,-110
114000260,1,25,-24
114000261,48,42,6
114000262,277,112,165
114000263,9,1,8
114000264,1081,573,508
114000265,0,0,0
114000267,4,1295,-1291
114000268,9,1212,-1203
114000270,139,7,132
114000271,306,73,233
114000283,1152,384,768
114000285,34,177,-143
114000288,88,323,-235
114000289,1208,139,1069
114000293,219,373,-154
114000294,240,385,-145
114000395,1153,83,1070
114000396,590,530,60
114000402,538,272,266
114000403,325,346,-21
114000405,175,401,-226
114000423,342,357,-15
114000424,416,220,196
114000425,674,374,300
114000426,345,851,-506
114000427,57,63,-6
114000428,160,178,-18
114000429,11,187,-176
114000432,99,75,24
114000434,23,81,-58
114000435,2,115,-113
114000436,2685,924,1761
114000437,543,2721,-2178
114900001,750,813,-63
114900002,531,140,391
114900003,698,1243,-545
114900004,225,431,-206
114900005,531,808,-277
114900006,68,105,-37
114900007,498,20,478
114900008,172,77,95
114900010,1630,1543,87
114900011,199,138,61
114900013,262,150,112
114900015,87,413,-326
114900018,783,29,754
114900020,193,73,120
114900022,120,614,-494
114900024,288,151,137
114900025,483,243,240
114900026,61,127,-66
114900027,211,236,-25
114900029,33,30,3
114900030,295,241,54
114900031,376,27,349
114900032,372,32,340
114900033,889,808,81
114900034,67,195,-128
114900035,151,293,-142
114900036,217,586,-369
114900037,150,143,7
114900038,180,571,-391
114900039,476,531,-55
114900040,89,146,-57
114900041,750,429,321
114900042,897,672,225
114900043,558,240,318
114900044,159,48,111
114900046,53,116,-63
114900047,290,1910,-1620
114900048,127,251,-124
114900049,9,154,-145
114900050,48,343,-295
114900051,25,385,-360
114900052,73,264,-191
114900053,96,248,-152
114900054,43,108,-65
114900057,227,19,208
114900058,0,48,-48
114900059,122,42,80
114900060,947,886,61
114900061,144,161,-17
114900062,263,354,-91
114900063,100,158,-58
114900064,1587,473,1114
114900065,454,650,-196
114900067,84,445,-361
114900068,62,117,-55
114900069,188,107,81
114900070,446,432,14
114900072,20,276,-256
114900073,2,147,-145
114900074,720,594,126
114900075,318,11,307
114900076,32,332,-300
114900080,1811,386,1425
114900082,3078,2244,834
114900083,1281,1275,6
114900090,375,153,222
114900091,144,189,-45
114900095,259,103,156
114900096,489,703,-214
114900097,143,2,141
114900098,9,205,-196
114900099,289,11,278
115000001,5301,3467,1834
115000002,3660,3824,-164
115000003,4403,2849,1554
115000004,4178,5378,-1200
115000005,1411,2034,-623
115000006,878,1436,-558
115000007,135,182,-47
115000008,451,556,-105
115000009,182,216,-34
115000010,292,210,82
115000013,111,192,-81
115000015,72,266,-194
115000016,244,321,-77
115000019,42,402,-360
115000020,105,830,-725
115000021,257,406,-149
115000022,599,431,168
115000023,376,711,-335
115000024,1238,534,704
115000025,966,896,70
115000026,200,484,-284
115000027,272,348,-76
115000028,295,847,-552
115000029,733,152,581
115000030,1070,1318,-248
115000031,1312,494,818
115000032,7,228,-221
115000033,203,66,137
115000034,106,1254,-1148
115000035,1229,80,1149
115000036,1,420,-419
115000037,731,13,718
115000038,68,177,-109
115000039,3088,3183,-95
115000040,5679,2933,2746
115000041,1292,3527,-2235
115000042,843,689,154
115000043,3607,2242,1365
115000044,3319,3428,-109
115000045,2670,1472,1198
115000046,2365,2309,56
115000047,2257,1387,870
115000048,1590,1983,-393
115000049,1439,2841,-1402
115000050,3105,1748,1357
115000051,1677,2544,-867
115000052,1791,1668,123
115000053,1726,1578,148
115000054,663,1105,-442
115000055,164,747,-583
115000056,204,653,-449
115000057,651,1165,-514
115000058,526,326,200
115000059,308,173,135
115000061,213,164,49
115000062,210,283,-73
115000063,399,240,159
115000064,202,122,80
115000065,71,388,-317
115000067,195,17,178
115000069,103,326,-223
115000070,45,953,-908
115000071,140,15,125
115000072,15,93,-78
115000073,1289,69,1220
115000075,93,63,30
115000076,3081,2661,420
115000077,2227,2220,7
115000078,1340,1276,64
115000079,1339,1495,-156
115000080,2327,1922,405
115000081,476,1014,-538
115000082,4177,3716,461
115000083,2047,2021,26
115000084,2463,1091,1372
115000085,797,852,-55
115000086,1233,869,364
115000087,469,1420,-951
115000088,1887,687,1200
115000089,1415,1274,141
115000090,509,728,-219
115000091,219,838,-619
115000092,674,376,298
115000093,478,4,474
115000094,6216,5547,669
115000095,4387,5627,-1240
115000096,827,1389,-562
115000097,1041,949,92
115000098,1177,691,486
115000099,2674,2305,369
115000100,984,374,610
115000101,374,1285,-911
115000102,484,258,226
115000103,272,622,-350
115000105,84,143,-59
115000106,633,303,330
115000107,227,406,-179
115000108,2822,2104,718
115000109,4178,4586,-408
115000110,1580,1613,-33
115000111,755,1530,-775
115000112,960,768,192
115000113,977,954,23
115000114,1692,812,880
115000116,4057,2476,1581
115000117,4016,3340,676
115000118,1995,1924,71
115000119,1733,2633,-900
115000120,644,1484,-840
115000121,1396,1055,341
115000122,4349,1985,2364
115000123,1856,2628,-772
115000124,818,965,-147
115000125,479,689,-210
115000126,170,335,-165
115000127,496,137,359
115000128,495,847,-352
115000129,281,281,0
115000130,508,694,-186
115000131,769,254,515
115000132,249,398,-149
115000133,439,285,154
115000134,324,273,51
115000135,229,174,55
115000136,284,244,40
115000137,164,182,-18
115000138,374,291,83
115000139,232,202,30
115000140,401,237,164
115000141,175,220,-45
115000142,229,241,-12
115000143,753,551,202
115000144,531,80,451
115000145,284,280,4
115000146,498,367,131
115000147,400,422,-22
115000148,307,923,-616
115000149,609,187,422
115000150,726,863,-137
115000151,976,564,412
115000152,697,996,-299
115000153,1015,630,385
115000154,758,351,407
115000155,684,802,-118
115000156,1123,754,369
115000157,752,812,-60
115000158,662,517,145
115000159,770,760,10
115000160,664,723,-59
115000161,588,525,63
115000162,725,798,-73
115000163,600,649,-49
115000164,556,537,19
115000165,340,572,-232
115000167,115,92,23
115000168,559,306,253
115000169,543,326,217
115000170,118,116,2
115000171,313,279,34
115000172,1295,627,668
115000173,364,629,-265
115000174,212,289,-77
115000175,132,136,-4
115000176,198,184,14
115000177,148,284,-136
115000178,20,236,-216
115000179,20,56,-36
115000180,139,498,-359
115000181,682,147,535
115000182,960,295,665
115000183,455,745,-290
115000186,721,307,414
115000187,305,746,-441
115000188,401,517,-116
115000189,234,448,-214
115000190,808,412,396
115000191,205,524,-319
115000194,150,237,-87
115000195,344,319,25
115000196,186,114,72
115000197,225,259,-34
115000198,437,225,212
115000199,344,158,186
115000200,360,116,244
115000201,159,370,-211
115000206,458,88,370
115000207,192,331,-139
115000208,466,604,-138
115000209,769,340,429
115000210,158,127,31
115000211,210,259,-49
115000212,1332,343,989
115000224,516,66,450
115000225,79,85,-6
115000229,180,158,22
115000230,103,516,-413
115000231,247,1453,-1206
115000232,1592,252,1340
115000233,117,175,-58
115000234,29,303,-274
115000241,97,267,-170
115000242,126,247,-121
115000243,35,236,-201
115000244,16,125,-109
115000246,29,46,-17
115000247,28,42,-14
115000248,36,35,1
115000249,31,21,10
115000250,287,20,267
115000251,305,111,194
115000252,103,223,-120
115000253,28,481,-453
115000258,398,155,243
115000259,380,136,244
115000261,27,26,1
115000262,27,38,-11
115000263,20,52,-32
115000264,35,42,-7
115000267,89,87,2
115000268,50,135,-85
115000269,141,74,67
115000270,4,30,-26
115000272,99,174,-75
115000273,431,73,358
115000280,3024,297,2727
115000281,935,780,155
115000282,1606,901,705
115000284,296,179,117
115000296,1145,15,1130
115000297,214,174,40
115000298,90,499,-409
115000300,238,187,51
115000302,530,165,365
115000303,745,148,597
115000304,868,77,791
115000305,88,659,-571
115000306,221,288,-67
115000307,108,208,-100
115000308,32,16,16
115000309,23,71,-48
115000310,1039,758,281
115000311,970,1127,-157
115000313,114,548,-434
115000314,427,119,308
115000315,787,462,325
115000316,74,146,-72
115000317,186,490,-304
115000318,781,306,475
115000319,60,326,-266
115000320,22,376,-354
115000321,433,23,410
115000322,55,267,-212
115000449,327,201,126
115000557,4,1165,-1161
115000558,486,118,368
115000587,454,360,94
115000588,1775,2519,-744
115000589,3051,2201,850
115000590,1107,1342,-235
115000591,1811,785,1026
115000592,628,1638,-1010
115000593,1348,633,715
115000594,819,2097,-1278
115000609,152,100,52
115000617,1917,3335,-1418
115000624,340,72,268
115000633,504,1912,-1408
115000634,2639,971,1668
115000635,474,154,320
115000638,802,621,181
115000641,86,125,-39
115000642,320,251,69
115000643,128,476,-348
115000644,181,421,-240
115000646,861,1635,-774
115000647,223,514,-291
115000648,2020,1747,273
115000893,2622,1355,1267
115000894,134,992,-858
115000895,266,652,-386
115000896,889,312,577
115000897,542,143,399
115000898,712,208,504
115000899,495,966,-471
115000900,90,312,-222
115000901,43,119,-76
115000912,401,109,292
115000913,1,20,-19
115000915,25,0,25
115000916,4,0,4
115000917,0,6,-6
115000918,86,357,-271
115000919,19,25,-6
115000920,18,41,-23
115000921,706,80,626
115000922,694,697,-3
115000923,328,784,-456
115000925,81,103,-22
115000927,42,62,-20
115000933,212,213,-1
115000934,187,229,-42
115000935,181,110,71
115000936,69,489,-420
115000937,525,129,396
115000938,80,169,-89
115000939,61,136,-75
115900001,98,41,57
115900002,91,149,-58
115900003,241,97,144
115900004,2,55,-53
115900005,194,12,182
115900006,176,280,-104
115900008,70,9,61
115900009,85,256,-171
115900010,377,142,235
115900011,619,335,284
115900012,181,60,121
115900013,430,154,276
115900014,213,170,43
115900015,170,93,77
115900016,126,39,87
115900017,26,3,23
115900018,207,65,142
115900019,532,39,493
115900020,75,1,74
115900021,1262,183,1079
115900022,1268,13,1255
115900023,35,9,26
115900025,55,247,-192
115900026,784,244,540
115900027,1,302,-301
115900028,608,70,538
115900029,18,288,-270
115900030,40,44,-4
115900031,346,340,6
115900032,547,645,-98
115900033,0,50,-50
115900034,46,294,-248
115900035,62,29,33
115900036,68,622,-554
115900037,59,344,-285
115900038,52,11,41
115900039,183,191,-8
115900041,466,694,-228
115900042,37,13,24
115900043,114,101,13
115900044,225,243,-18
115900046,267,235,32
115900047,199,171,28
115900049,145,192,-47
115900051,1,35,-34
115900052,11,238,-227
115900053,215,182,33
115900054,237,22,215
115900055,21,131,-110
115900056,209,251,-42
115900057,17,6,11
115900058,46,105,-59
115900060,102,209,-107
115900061,171,8,163
115900062,27,235,-208
115900063,92,23,69
115900064,171,232,-61
115900065,145,130,15
115900066,217,130,87
115900067,4,463,-459
115900068,2895,848,2047
115900069,75,187,-112
115900070,161,172,-11
115900071,0,390,-390
115900072,46,157,-111
115900073,78,106,-28
115900074,6,230,-224
115900075,60,283,-223
115900076,5,61,-56
115900077,3,224,-221
115900078,54,146,-92
115900079,204,19,185
115900080,481,206,275
115900081,17,71,-54
115900082,139,139,0
115900084,488,38,450
115900085,43,72,-29
115900086,1336,530,806
115900088,19,85,-66
115900089,376,633,-257
115900090,330,12,318
115900091,23,46,-23
115900092,16,140,-124
115900093,11,23,-12
115900094,8,276,-268
115900096,4,3,1
115900097,12,323,-311
115900098,207,341,-134
115900099,109,66,43
115900100,13,450,-437
115900101,155,260,-105
115900102,109,67,42
115900103,355,197,158
115900104,53,107,-54
115900105,334,639,-305
115900106,100,27,73
115900107,119,102,17
115900108,125,40,85
115900109,67,325,-258
115900110,4,28,-24
115900111,4,79,-75
115900112,35,826,-791
115900113,66,44,22
115900114,7,126,-119
115900115,67,211,-144
115900116,76,819,-743
115900117,84,32,52
115900118,7,248,-241
115900119,140,143,-3
115900120,29,312,-283
115900121,169,233,-64
115900124,249,597,-348
115900125,309,61,248
115900126,706,95,611
115900127,645,55,590
115900128,8,106,-98
115900129,721,66,655
115900130,24,184,-160
115900131,298,24,274
115900132,548,14,534
115900134,279,18,261
115900135,449,1173,-724
115900137,68,7,61
115900139,45,95,-50
115900140,248,37,211
115900141,6,50,-44
115900142,15,55,-40
115900143,348,480,-132
115900144,86,269,-183
115900146,20,87,-67
115900147,254,274,-20
115900148,84,8,76
115900149,140,20,120
115900150,66,30,36
115900151,11,116,-105
115900152,126,307,-181
115900153,123,239,-116
115900154,497,372,125
115900155,0,46,-46
115900156,756,841,-85
115900157,176,467,-291
115900158,14,8,6
115900159,136,211,-75
115900160,12,11,1
115900161,89,271,-182
115900163,246,209,37
115900164,527,22,505
115900165,5,150,-145
115900166,196,197,-1
115900168,92,134,-42
115900171,131,410,-279
115900172,73,141,-68
115900173,246,131,115
115900174,231,238,-7
115900175,158,215,-57
115900178,12,439,-427
115900179,258,19,239
115900180,48,151,-103
115900181,167,148,19
115900182,420,184,236
115900183,79,70,9
115900184,1707,17,1690
115900187,9,98,-89
115900189,1,423,-422
115900190,342,1281,-939
115900191,37,333,-296
115900192,16,110,-94
115900193,239,90,149
115900194,690,87,603
115900195,667,1839,-1172
115900198,218,315,-97
115900199,193,246,-53
115900200,234,322,-88
115900201,653,383,270
115900202,16,53,-37
115900203,11,21,-10
115900204,0,10,-10
115900205,79,44,35
115900206,258,146,112
115900207,43,31,12
115900208,148,138,10
115900209,6,156,-150
115900210,4,156,-152
115900211,4,155,-151
115900212,154,228,-74
115900213,77,95,-18
115900214,468,179,289
115900215,18,154,-136
115900216,7,139,-132
115900217,14,54,-40
115900218,23,28,-5
115900219,116,4,112
115900220,156,9,147
115900221,107,9,98
115900222,59,22,37
115900223,9,370,-361
115900224,958,1084,-126
115900225,65,59,6
115900226,20,52,-32
115900227,8,50,-42
115900228,8,46,-38
115900229,19,54,-35
115900230,50,99,-49
115900231,115,1,114
115900232,33,5,28
115900233,82,23,59
115900234,51,45,6
115900235,23,40,-17
115900236,42,51,-9
115900237,23,44,-21
115900238,46,12,34
115900239,25,37,-12
115900240,12,48,-36
115900241,209,123,86
115900242,246,309,-63
115900243,8,21,-13
115900244,9,13,-4
115900245,46,5,41
115900246,36,19,17
115900247,43,7,36
115900248,14,6,8
115900249,5,28,-23
115900250,9,47,-38
115900251,3,15,-12
115900252,9,4,5
115900253,3,18,-15
115900254,10,17,-7
115900255,7,17,-10
115900256,18,31,-13
115900257,3,10,-7
115900258,0,4,-4
115900259,6,5,1
115900260,12,2,10
115900261,8,3,5
115900262,9,1,8
115900263,18,2,16
115900264,31,4,27
115900265,5,10,-5
115900266,5,29,-24
115900267,17,19,-2
115900268,6,16,-10
115900269,454,353,101
115900270,328,367,-39
115900271,149,0,149
115900272,44,5,39
115900273,13,18,-5
115900274,0,16,-16
115900275,1,27,-26
115900276,0,17,-17
115900277,0,60,-60
115900278,42,104,-62
115900279,10,219,-209
115900280,18,403,-385
115900281,285,235,50
115900282,15,11,4
115900283,0,4,-4
115900284,1,0,1
116000001,10941,4461,6480
116000002,5145,10156,-5011
116000003,1582,1573,9
116000004,2258,3678,-1420
116000005,2508,3296,-788
116000006,2865,2575,290
116000007,3353,3611,-258
116000008,5165,2443,2722
116000009,1609,2039,-430
116000010,2276,1765,511
116000011,854,1832,-978
116000012,1436,1038,398
116000013,7773,4091,3682
116000014,10382,10668,-286
116000015,368,1542,-1174
116000016,6197,3655,2542
116000017,37,871,-834
116000018,900,419,481
116000019,1026,333,693
116000020,811,1046,-235
116000021,418,317,101
116000022,362,386,-24
116000023,1114,744,370
116000024,737,897,-160
116000025,936,746,190
116000026,1760,2764,-1004
116000027,810,730,80
116000028,475,978,-503
116000029,774,807,-33
116000030,947,482,465
116000031,237,345,-108
116000032,459,214,245
116000033,351,438,-87
116000034,718,767,-49
116000035,381,753,-372
116000036,1878,1360,518
116000037,664,554,110
116000038,602,568,34
116000039,699,450,249
116000040,886,347,539
116000041,213,556,-343
116000042,665,294,371
116000043,100,753,-653
116000044,14,68,-54
116000045,1979,1356,623
116000046,1219,1737,-518
116000047,1768,2097,-329
116000048,2078,1839,239
116000049,1252,3395,-2143
116000050,1565,1344,221
116000051,6211,2938,3273
116000052,5831,5320,511
116000053,1924,876,1048
116000054,864,2847,-1983
116000055,694,1017,-323
116000056,1148,1244,-96
116000057,2868,1538,1330
116000058,3146,2525,621
116000059,2979,4408,-1429
116000060,2135,900,1235
116000061,688,927,-239
116000062,514,247,267
116000063,693,965,-272
116000066,300,641,-341
116000067,248,432,-184
116000068,228,311,-83
116000069,406,397,9
116000078,601,1136,-535
116000080,1759,912,847
116000082,10,54,-44
116000083,1569,399,1170
116000084,2174,3836,-1662
116000085,2270,2110,160
116000086,1767,955,812
116000087,1815,1543,272
116000088,756,1000,-244
116000089,217,119,98
116000090,94,175,-81
116000091,740,245,495
116000093,1090,600,490
116000094,683,638,45
116000095,819,767,52
116000096,651,1385,-734
116000097,861,756,105
116000098,132,5753,-5621
116000099,6815,252,6563
116000100,278,28,250
116000101,924,941,-17
116000102,278,1460,-1182
116000103,498,287,211
116000104,230,1424,-1194
116000105,1038,186,852
116000106,387,863,-476
116000107,2143,337,1806
116000108,208,186,22
116000111,154,50,104
116000113,167,148,19
116000114,70,194,-124
116000115,461,133,328
116000116,293,530,-237
116000117,1596,1837,-241
116000118,1590,1199,391
116000119,3362,1838,1524
116000120,2792,3931,-1139
116000121,985,608,377
116000122,1284,1749,-465
116000123,1134,472,662
116000124,490,1086,-596
116000125,3064,861,2203
116000126,332,1421,-1089
116000127,1016,1131,-115
116000128,1761,902,859
116000129,1397,262,1135
116000130,585,529,56
116000133,1028,840,188
116000134,1824,1919,-95
116000135,2475,1454,1021
116000136,1150,1985,-835
116000137,1128,684,444
116000138,1053,778,275
116000139,1526,2375,-849
116000140,98,156,-58
116000141,319,614,-295
116000142,2770,2265,505
116000143,1618,1509,109
116000144,1294,1819,-525
116000145,1595,1115,480
116000146,448,214,234
116000147,153,103,50
116000148,477,515,-38
116000149,901,763,138
116000151,410,537,-127
116000153,129,397,-268
116000155,282,261,21
116000156,1108,1154,-46
116000157,95,18,77
116000158,424,400,24
116000159,22,10,12
116000160,29,67,-38
116000161,9,93,-84
116000162,80,118,-38
116000163,35,9,26
116000164,26,18,8
116000177,142,103,39
116000194,122,445,-323
116000195,1355,556,799
116000196,19,9,10
116000197,14,23,-9
116000198,2285,1022,1263
116000200,743,482,261
116000201,673,683,-10
116000202,5,289,-284
116000203,3,90,-87
116000204,15,61,-46
116000205,1,143,-142
116000206,0,89,-89
116000207,7,46,-39
116000233,241,497,-256
116000287,170,481,-311
116000288,273,200,73
116000292,78,202,-124
116000296,9,256,-247
116000297,96,16,80
116000304,148,53,95
116000305,34,62,-28
116000346,219,138,81
116000352,107,66,41
116000354,38,16,22
116000357,12,37,-25
116000358,428,66,362
116000361,107,2,105
116000372,4589,4103,486
116000381,89,0,89
116000388,3,48,-45
116000389,976,607,369
116000445,461,500,-39
116000446,603,604,-1
116000447,19,621,-602
116000448,480,189,291
116000563,843,886,-43
116000565,60,368,-308
116000566,41,32,9
116000568,52,349,-297
116000579,38,149,-111
116000584,14,16,-2
116000585,21,16,5
116000586,107,131,-24
116000587,671,909,-238
116000589,57,51,6
116000590,94,57,37
116000591,238,237,1
116000592,22,112,-90
116000593,2,26,-24
116000594,523,438,85
116000595,543,130,413
116000596,86,15,71
116000597,441,97,344
116000598,32,169,-137
116000602,52,443,-391
116000605,303,201,102
116000606,143,255,-112
116000607,16,74,-58
116000609,224,856,-632
116000611,149,456,-307
116000612,665,1580,-915
116000613,784,307,477
116000614,440,547,-107
116000615,0,378,-378
116000616,84,72,12
116000617,85,35,50
116000618,0,74,-74
116000619,83,108,-25
116000620,141,103,38
116000621,42,98,-56
116000622,87,164,-77
116000624,194,138,56
116000627,26,27,-1
116000628,55,326,-271
116000629,33,251,-218
116000630,445,48,397
116000631,175,70,105
116000632,416,219,197
116000633,109,236,-127
116000634,481,46,435
116000635,2519,2208,311
116000636,642,1109,-467
116000637,334,11,323
116000638,21,345,-324
116900001,267,163,104
116900002,249,4,245
116900003,35,51,-16
116900004,56,53,3
116900005,291,92,199
116900006,245,335,-90
116900007,128,179,-51
116900008,477,260,217
116900009,15,2,13
116900010,5,1210,-1205
116900011,35,54,-19
116900012,254,168,86
116900013,6,190,-184
116900014,113,213,-100
116900015,405,61,344
116900016,216,2,214
116900017,2,562,-560
116900018,93,43,50
116900019,4,334,-330
116900020,1066,1065,1
116900023,44,16,28
116900024,589,64,525
116900025,1078,942,136
116900026,164,564,-400
116900027,48,59,-11
116900028,5,120,-115
116900029,1,60,-59
116900031,3,8,-5
116900032,5,327,-322
116900033,14,11,3
116900034,41,71,-30
116900035,211,165,46
116900036,10,97,-87
116900038,28,0,28
116900041,58,14,44
116900042,563,223,340
116900043,27,69,-42
116900047,29,120,-91
116900049,29,296,-267
116900050,162,470,-308
116900051,170,219,-49
116900052,201,95,106
116900055,0,13,-13
116900057,19,217,-198
116900058,100,410,-310
116900059,2,148,-146
116900060,178,193,-15
116900062,1,5,-4
116900064,120,620,-500
116900065,30,123,-93
116900067,118,100,18
116900068,114,209,-95
116900070,1,3,-2
116900072,33,338,-305
116900073,13,124,-111
116900074,10,43,-33
116900076,9,27,-18
116900077,8,147,-139
116900078,172,115,57
116900079,79,248,-169
116900080,17,30,-13
116900081,457,1016,-559
116900082,440,961,-521
116900083,64,58,6
116900084,136,69,67
116900085,74,173,-99
116900086,91,200,-109
116900088,387,155,232
116900090,143,58,85
116900091,370,38,332
116900092,88,661,-573
116900093,1638,2081,-443
116900094,4045,3376,669
116900095,211,122,89
116900096,167,363,-196
116900097,2575,2834,-259
116900098,829,451,378
116900099,844,741,103
116900100,898,47,851
116900101,375,507,-132
116900103,6,1,5
116900104,72,67,5
116900105,256,136,120
116900106,1844,219,1625
116900107,3635,2731,904
116900110,16,1,15
116900111,492,600,-108
116900112,293,938,-645
116900113,2018,1196,822
116900116,204,647,-443
116900117,135,112,23
116900118,680,915,-235
116900120,331,84,247
116900121,168,32,136
116900122,823,623,200
116900123,218,614,-396
116900124,194,775,-581
116900125,373,346,27
116900126,293,519,-226
116900128,3,47,-44
116900129,2,336,-334
116900130,722,3378,-2656
116900131,112,376,-264
116900132,66,99,-33
116900133,185,138,47
116900134,222,267,-45
116900136,256,236,20
116900137,301,151,150
116900138,194,172,22
116900139,155,447,-292
116900140,168,136,32
116900141,861,452,409
116900142,8,80,-72
116900143,331,354,-23
116900144,25,137,-112
116900145,101,239,-138
116900147,553,469,84
116900148,14,51,-37
116900149,69,248,-179
116900150,24,19,5
116900151,48,11,37
116900153,112,88,24
116900154,622,642,-20
116900155,105,110,-5
116900157,547,274,273
116900158,131,278,-147
116900159,88,324,-236
116900160,846,874,-28
116900161,5921,6419,-498
116900162,8,81,-73
116900163,204,162,42
116900164,130,113,17
116900165,243,354,-111
116900166,26,48,-22
116900167,417,70,347
116900168,382,70,312
116900169,584,514,70
116900170,324,628,-304
116900171,35,188,-153
116900172,260,379,-119
116900173,197,41,156
116900174,76,56,20
116900175,234,199,35
116900178,48,171,-123
116900179,106,334,-228
116900180,95,52,43
116900182,500,209,291
116900183,167,111,56
116900185,26,73,-47
116900186,62,221,-159
116900187,98,60,38
116900188,169,32,137
116900189,166,2,164
116900191,519,643,-124
116900192,322,148,174
116900194,206,1281,-1075
116900195,73,30,43
116900196,27,77,-50
116900197,120,13,107
116900198,231,291,-60
116900200,62,38,24
116900201,135,6,129
116900202,135,38,97
116900203,137,19,118
116900204,46,104,-58
116900206,15,35,-20
116900207,37,34,3
116900208,5,139,-134
116900209,41,110,-69
116900210,542,327,215
116900211,224,6,218
116900212,74,61,13
116900213,282,131,151
116900214,223,137,86
116900215,86,103,-17
116900216,232,227,5
116900218,10,251,-241
116900219,1286,446,840
116900220,121,244,-123
116900221,98,371,-273
116900222,401,340,61
116900223,143,290,-147
116900226,84,82,2
116900227,204,119,85
116900228,326,237,89
116900230,75,257,-182
116900231,40,321,-281
116900232,19,396,-377
116900233,284,109,175
116900234,33,24,9
116900235,168,287,-119
116900238,1532,456,1076
116900239,9,1384,-1375
116900240,5282,3166,2116
116900241,93,189,-96
116900242,348,546,-198
116900243,4,94,-90
116900245,42,23,19
116900246,107,12,95
116900247,752,41,711
116900248,115,53,62
116900249,327,137,190
116900250,464,38,426
116900251,467,481,-14
116900252,134,793,-659
116900253,111,97,14
116900254,27,81,-54
116900255,117,76,41
116900256,389,98,291
116900257,26,412,-386
116900258,6,245,-239
116900259,328,23,305
116900260,3,146,-143
116900261,67,4,63
116900262,236,165,71
116900263,0,21,-21
116900264,2,4,-2
116900265,43,3,40
116900266,20,62,-42
116900267,3,7,-4
116900268,288,237,51
116900269,265,558,-293
116900271,1711,247,1464
116900272,345,295,50
116900273,191,77,114
116900274,101,82,19
116900275,130,89,41
116900276,715,149,566
116900277,552,33,519
116900278,3,15,-12
116900279,2,22,-20
116900280,42,23,19
116900281,5388,4155,1233
116900282,7,113,-106
116900283,19,98,-79
116900284,21,198,-177
116900285,227,185,42
116900286,233,34,199
116900287,6,45,-39
116900288,78,122,-44
116900289,13,16,-3
116900290,1,20,-19
116900291,14,19,-5
116900292,0,18,-18
116900293,30,80,-50
116900294,34,153,-119
116900295,129,60,69
116900296,59,73,-14
116900297,3,81,-78
116900298,91,36,55
116900299,51,71,-20
116900300,13,71,-58
116900301,51,97,-46
116900302,39,58,-19
116900303,219,61,158
116900304,0,137,-137
116900305,19,60,-41
116900306,135,62,73
117000001,1856,1475,381
117000002,1794,3823,-2029
117000003,6518,3215,3303
117000004,3510,4612,-1102
117000005,1989,1891,98
117000006,1159,2902,-1743
117000007,3502,1242,2260
117000008,1024,3042,-2018
117000009,4937,2134,2803
117000010,2616,3517,-901
117000011,2199,1619,580
117000012,1155,1170,-15
117000013,1724,872,852
117000014,1160,1885,-725
117000015,2470,1274,1196
117000016,363,95,268
117000017,245,126,119
117000018,155,538,-383
117000019,70,9,61
117000020,501,1291,-790
117000021,1582,359,1223
117000022,398,108,290
117000023,235,178,57
117000024,289,190,99
117000025,486,1044,-558
117000026,2096,1151,945
117000027,2365,5247,-2882
117000028,3868,1978,1890
117000030,587,538,49
117000031,362,294,68
117000032,1599,1138,461
117000033,1230,714,516
117000034,370,349,21
117000035,416,251,165
117000036,385,279,106
117000037,288,197,91
117000038,287,589,-302
117000039,415,242,173
117000040,204,892,-688
117000041,905,159,746
117000044,14,684,-670
117000045,352,99,253
117000046,421,804,-383
117000047,927,665,262
117000048,1890,930,960
117000049,138,577,-439
117000050,147,1578,-1431
117000051,1941,146,1795
117000052,57,249,-192
117000053,531,56,475
117000054,1799,15,1784
117000055,16,2600,-2584
117000056,758,31,727
117000057,517,2348,-1831
117000060,512,1377,-865
117000061,1578,933,645
117000062,372,628,-256
117000063,1786,1066,720
117000064,789,754,35
117000066,1091,969,122
117000067,166,673,-507
117000074,189,210,-21
117000076,85,31,54
117000077,162,168,-6
117000078,159,802,-643
117000079,444,258,186
117000080,3,309,-306
117000081,1108,172,936
117000082,14,103,-89
117000083,143,17,126
117000084,252,2,250
117000085,385,704,-319
117000086,828,475,353
117000087,119,399,-280
117000088,235,173,62
117000089,1536,274,1262
117000090,391,1034,-643
117000091,923,314,609
117000092,453,1228,-775
117000093,1128,788,340
117000094,1445,2689,-1244
117000095,3665,987,2678
117000096,734,2189,-1455
117000097,1610,1151,459
117000098,2644,4261,-1617
117000099,3695,1280,2415
117000100,242,419,-177
117000101,256,1161,-905
117000102,1691,661,1030
117000103,693,1518,-825
117000104,1384,663,721
117000105,861,1362,-501
117000106,1334,829,505
117000107,483,1699,-1216
117000108,1761,897,864
117000109,1495,2381,-886
117000110,1618,1127,491
117000111,3547,4042,-495
117000112,3351,1750,1601
117000113,216,279,-63
117000114,340,149,191
117000115,101,146,-45
117000116,155,279,-124
117000117,1680,1154,526
117000118,258,150,108
117000119,245,190,55
117000120,228,566,-338
117000121,145,1250,-1105
117000122,316,571,-255
117000123,1794,55,1739
117000124,677,105,572
117000125,308,132,176
117000126,33,12,21
117000127,183,356,-173
117000128,553,845,-292
117000129,323,414,-91
117000130,83,0,83
117000131,0,79,-79
117000132,2804,63,2741
117000133,1504,122,1382
117000134,1,76,-75
117000135,8,45,-37
117000136,0,35,-35
117000137,171,170,1
117000138,4,732,-728
117000140,458,1426,-968
117000141,1736,571,1165
117000181,700,338,362
117000182,403,638,-235
117000195,201,1024,-823
117000196,275,158,117
117000225,128,22,106
117000226,16,114,-98
117000276,329,19,310
117000277,1,331,-330
117000310,1432,1954,-522
117000315,74,691,-617
117000320,59,0,59
117000906,348,20,328
117000907,21,303,-282
117000908,27,29,-2
117000909,48,46,2
117000910,207,226,-19
117000911,125,159,-34
117000915,4,421,-417
117000916,39,7,32
117000917,1272,59,1213
117000918,50,66,-16
117000919,17,71,-54
117000920,5,1209,-1204
117000921,4,1020,-1016
117000922,32,107,-75
117000924,310,737,-427
117000926,909,110,799
117000927,1685,1105,580
117000928,0,154,-154
117000929,222,289,-67
117000930,160,21,139
117000931,449,182,267
117900002,119,407,-288
117900003,804,500,304
117900005,7,52,-45
117900006,0,71,-71
117900007,160,122,38
117900008,0,44,-44
117900010,280,92,188
117900011,37,117,-80
117900012,53,101,-48
117900013,3,180,-177
117900014,388,126,262
117900015,24,105,-81
117900016,1307,1004,303
117900017,526,238,288
117900018,193,134,59
117900019,435,245,190
117900020,86,495,-409
117900021,31,98,-67
117900022,52,11,41
117900023,791,175,616
117900024,65,58,7
117900025,61,16,45
117900026,428,251,177
117900028,61,10,51
117900029,312,590,-278
117900030,626,286,340
117900031,169,80,89
117900032,866,552,314
117900033,261,532,-271
117900034,39,32,7
117900035,176,86,90
117900036,290,399,-109
117900037,154,132,22
117900038,34,317,-283
117900039,8,78,-70
117900040,145,406,-261
117900041,6,61,-55
117900042,4182,399,3783
117900043,38,61,-23
117900044,18,2961,-2943
117900045,186,188,-2
117900048,362,277,85
117900049,234,421,-187
117900050,11,66,-55
117900051,28,1,27
117900052,57,377,-320
117900053,1463,685,778
117900054,6,33,-27
117900055,255,133,122
117900056,292,39,253
117900057,1056,1082,-26
117900058,66,18,48
117900059,351,106,245
117900060,2735,4448,-1713
117900061,24,207,-183
117900063,370,192,178
117900065,627,1290,-663
117900066,12,90,-78
117900067,454,205,249
117900069,693,324,369
117900070,224,50,174
117900071,95,116,-21
117900073,474,291,183
117900074,130,76,54
117900075,68,73,-5
117900076,10,56,-46
117900077,425,160,265
117900078,361,824,-463
117900080,134,50,84
117900081,588,455,133
117900082,429,367,62
117900083,354,426,-72
117900086,150,34,116
117900087,234,77,157
117900088,3338,2126,1212
117900089,2497,736,1761
117900090,413,426,-13
117900091,248,212,36
117900092,61,35,26
117900093,84,45,39
117900094,41,23,18
117900095,276,377,-101
117900096,104,234,-130
117900097,310,96,214
117900098,65,17,48
117900099,149,196,-47
117900100,207,1,206
117900101,413,1818,-1405
117900102,95,49,46
117900103,111,1,110
117900104,16,142,-126
117900105,190,223,-33
117900106,108,49,59
117900107,54,0,54
117900109,599,425,174
117900110,135,1,134
117900111,383,34,349
117900112,70,17,53
117900113,3104,1708,1396
117900114,10,0,10
117900115,297,79,218
117900116,1024,911,113
117900117,544,298,246
117900118,61,0,61
117900119,224,186,38
117900120,219,48,171
117900121,282,70,212
117900122,1579,3752,-2173
117900123,578,380,198
117900124,783,708,75
117900125,1998,1977,21
117900126,273,604,-331
117900127,491,396,95
117900128,403,723,-320
117900129,96,1,95
117900130,1290,594,696
117900131,7,109,-102
117900132,22,102,-80
117900133,14,101,-87
117900134,103,296,-193
117900135,35,225,-190
117900136,0,23,-23
117900137,52,345,-293
117900138,2,35,-33
117900139,131,141,-10
117900140,3314,177,3137
117900141,206,193,13
117900142,85,71,14
117900144,105,240,-135
117900145,55,42,13
117900146,212,173,39
117900147,103,62,41
117900148,2756,1479,1277
117900149,135,234,-99
117900150,48,51,-3
117900151,41,77,-36
117900152,106,90,16
117900153,16,95,-79
117900154,361,563,-202
117900156,1065,859,206
117900157,188,565,-377
117900158,340,165,175
117900160,671,787,-116
117900161,2575,2230,345
117900162,453,412,41
117900163,69,132,-63
117900165,0,18,-18
117900166,171,519,-348
117900168,45,128,-83
117900169,0,87,-87
117900170,3,31,-28
117900171,0,30,-30
117900172,13,30,-17
117900173,145,96,49
117900174,45,63,-18
117900175,7,33,-26
117900176,16,41,-25
117900177,30,58,-28
117900178,98,35,63
117900180,224,49,175
117900181,147,374,-227
117900182,2,40,-38
117900183,78,189,-111
117900184,34,66,-32
117900185,57,60,-3
117900186,54,29,25
117900187,19,9,10
117900188,163,44,119
117900189,84,38,46
117900190,42,3,39
117900191,93,0,93
117900192,206,2,204
117900193,38,39,-1
117900194,11,13,-2
117900195,50,50,0
117900196,10,43,-33
117900207,201,132,69
117900208,31,26,5
117900209,213,147,66
117900210,201,253,-52
117900211,6,196,-190
117900212,181,173,8
117900213,20,19,1
117900214,8,25,-17
117900215,17,33,-16
117900216,15,20,-5
117900217,95,310,-215
117900218,90,132,-42
117900219,8,127,-119
117900220,108,112,-4
117900222,158,227,-69
117900223,128,289,-161
118000001,735,903,-168
118000002,877,1903,-1026
118000003,2193,3224,-1031
118000004,2488,2412,76
118000005,4918,5868,-950
118000006,5903,9650,-3747
118000007,5797,3908,1889
118000008,4772,3918,854
118000009,1780,3622,-1842
118000010,6999,4310,2689
118000011,1435,2169,-734
118000012,1142,2028,-886
118000013,2754,2400,354
118000014,1711,2017,-306
118000016,240,348,-108
118000017,445,468,-23
118000018,398,466,-68
118000019,2089,1483,606
118000020,1503,4283,-2780
118000021,689,3890,-3201
118000022,1794,944,850
118000023,874,280,594
118000024,1673,1740,-67
118000027,14542,14211,331
118000029,1110,771,339
118000032,1179,3890,-2711
118000033,3000,6773,-3773
118000034,5410,2861,2549
118000035,1837,3383,-1546
118000036,938,1363,-425
118000037,625,840,-215
118000038,200,76,124
118000039,88,228,-140
118000040,1773,1313,460
118000041,2123,1292,831
118000045,628,201,427
118000046,1366,728,638
118000047,825,891,-66
118000048,2888,2044,844
118000051,4022,2337,1685
118000052,2571,1343,1228
118000053,526,1111,-585
118000054,1848,2032,-184
118000055,1715,2259,-544
118000056,474,512,-38
118000057,298,447,-149
118000058,3033,2204,829
118000059,1858,1481,377
118000060,1125,617,508
118000061,1323,1431,-108
118000062,725,368,357
118000063,380,828,-448
118000064,878,1202,-324
118000065,3858,1626,2232
118000066,924,1454,-530
118000067,969,939,30
118000068,1824,4265,-2441
118000069,2672,1121,1551
118000070,5239,2149,3090
118000071,3684,6012,-2328
118000072,1713,1294,419
118000073,2049,656,1393
118000074,434,502,-68
118000075,667,333,334
118000076,1567,2396,-829
118000077,1307,1338,-31
118000078,1814,2399,-585
118000079,276,524,-248
118000080,1030,872,158
118000081,1731,1178,553
118000082,336,1233,-897
118000083,1810,1672,138
118000084,3484,1601,1883
118000086,269,490,-221
118000087,4381,2571,1810
118000088,1850,1591,259
118000089,3611,2168,1443
118000090,1771,2734,-963
118000091,1197,2041,-844
118000092,952,490,462
118000093,105,682,-577
118000096,567,644,-77
118000097,779,553,226
118000098,245,182,63
118000099,688,728,-40
118000101,1123,397,726
118000102,433,1147,-714
118000107,1837,514,1323
118000108,761,1952,-1191
118000110,1,38,-37
118000111,0,299,-299
118000112,452,1,451
118000113,2,482,-480
118000114,433,6,427
118000115,27,7,20
118000116,56,1,55
118000117,1096,747,349
118000118,876,877,-1
118000119,874,1016,-142
118000120,1518,1221,297
118000121,120,679,-559
118000122,1435,433,1002
118000123,50,267,-217
118000125,1558,892,666
118000126,700,1309,-609
118000127,1728,602,1126
118000128,543,1090,-547
118000129,907,416,491
118000130,2290,3184,-894
118000131,601,794,-193
118000132,2393,1755,638
118000133,870,430,440
118000135,627,366,261
118000136,120,384,-264
118000137,566,111,455
118000138,377,596,-219
118000139,376,83,293
118000140,2583,4560,-1977
118000141,2061,1744,317
118000142,1791,1530,261
118000143,2198,1191,1007
118000144,1057,761,296
118000145,1462,1765,-303
118000146,1276,803,473
118000147,845,1362,-517
118000148,501,1049,-548
118000149,1013,916,97
118000150,554,240,314
118000151,528,444,84
118000153,1430,1293,137
118000154,1364,1577,-213
118000155,1349,1312,37
118000156,2036,2155,-119
118000157,649,402,247
118000158,245,450,-205
118000159,20,103,-83
118000160,528,436,92
118000161,474,682,-208
118000162,1753,829,924
118000163,889,808,81
118000164,2129,1441,688
118000168,972,670,302
118000169,994,1121,-127
118000170,3645,5069,-1424
118000171,357,682,-325
118000172,126,245,-119
118000173,885,1150,-265
118000175,374,374,0
118000176,294,441,-147
118000177,251,558,-307
118000178,56,53,3
118000179,1417,1508,-91
118000180,976,751,225
118000181,878,312,566
118000182,348,252,96
118000183,221,305,-84
118000184,955,699,256
118000185,1701,1276,425
118000186,1032,1268,-236
118000187,1376,667,709
118000188,575,229,346
118000189,650,662,-12
118000190,22,14,8
118000191,21,38,-17
118000192,334,426,-92
118000193,181,383,-202
118000194,1230,1024,206
118000195,972,1134,-162
118000196,415,213,202
118000197,224,184,40
118000198,475,681,-206
118000199,458,347,111
118000200,199,293,-94
118000201,429,417,12
118000202,86,75,11
118000203,932,659,273
118000204,147,354,-207
118000205,203,344,-141
118000206,262,213,49
118000207,2,56,-54
118000208,1207,1481,-274
118000209,1875,1516,359
118000210,86,36,50
118000211,41,47,-6
118000213,1746,2082,-336
118000214,686,539,147
118000215,328,132,196
118000216,2140,2594,-454
118000217,41,102,-61
118000218,59,108,-49
118000219,419,241,178
118000220,1,46,-45
118000221,257,354,-97
118000222,67,19,48
118000223,43,49,-6
118000224,201,93,108
118000225,138,659,-521
118000226,894,188,706
118000227,936,433,503
118000228,174,323,-149
118000229,260,76,184
118000230,169,248,-79
118000231,101,218,-117
118000232,839,749,90
118000233,1260,796,464
118000234,504,221,283
118000236,399,315,84
118000237,125,372,-247
118000238,305,224,81
118000239,318,301,17
118000240,447,201,246
118000241,145,197,-52
118000242,311,483,-172
118000243,314,210,104
118000244,58,143,-85
118000246,1,44,-43
118000255,52,238,-186
118000256,102,213,-111
118000259,11,50,-39
118000260,167,83,84
118000261,37,44,-7
118000263,75,198,-123
118000266,117,262,-145
118000267,0,123,-123
118000268,342,6,336
118000270,80,37,43
118000271,199,297,-98
118000272,110,29,81
118000273,179,87,92
118000274,106,281,-175
118000276,559,447,112
118000295,9,161,-152
118000298,192,321,-129
118000299,46,149,-103
118000301,0,47,-47
118000302,91,66,25
118000311,461,108,353
118000312,333,242,91
118000313,71,175,-104
118000314,102,61,41
118000315,89,65,24
118000316,705,466,239
118000325,74,51,23
118000326,47,42,5
118000331,56,52,4
118000332,25,53,-28
118000333,57,56,1
118000335,323,1,322
118000336,1,201,-200
118000407,143,77,66
118000457,8,35,-27
118000465,3375,4133,-758
118000480,28,115,-87
118000489,62,350,-288
118000490,69,237,-168
118000492,293,211,82
118000510,73,21,52
118000514,214,299,-85
118000515,718,622,96
118000517,347,192,155
118000524,419,260,159
118000525,836,781,55
118000530,22,115,-93
118000531,328,277,51
118000532,226,275,-49
118000533,320,130,190
118000534,591,416,175
118000535,290,170,120
118000536,851,1986,-1135
118000537,34,251,-217
118000538,33,88,-55
118000539,37,99,-62
118000540,326,208,118
118000541,233,72,161
118000542,109,220,-111
118000543,219,227,-8
118000546,64,48,16
118000560,2582,2376,206
118000562,25,165,-140
118000563,1389,1243,146
118000576,154,135,19
118000577,152,157,-5
118000578,116,77,39
118000579,531,1250,-719
118000595,203,108,95
118000596,0,85,-85
118000597,113,109,4
118000598,25,1,24
118000599,42,30,12
118000600,3,39,-36
118000601,21,0,21
118000602,0,18,-18
118000603,0,14,-14
118900001,675,1248,-573
118900002,974,892,82
118900003,438,24,414
118900004,44,62,-18
118900005,94,6,88
118900006,155,12,143
118900007,12,5,7
118900008,1809,62,1747
118900009,82,68,14
118900010,72,11,61
118900011,182,28,154
118900012,427,243,184
118900013,532,167,365
118900015,220,63,157
118900016,15,21,-6
118900017,205,296,-91
118900018,894,46,848
118900019,81,43,38
118900020,248,105,143
118900021,228,466,-238
118900022,145,136,9
118900023,227,103,124
118900024,110,172,-62
118900025,66,25,41
118900026,99,100,-1
118900027,511,206,305
118900028,179,174,5
118900029,352,466,-114
118900030,368,64,304
118900031,182,116,66
118900032,151,80,71
118900033,442,442,0
118900034,171,17,154
118900035,199,176,23
118900036,1257,757,500
118900037,477,229,248
118900038,451,202,249
118900039,586,209,377
118900040,224,217,7
118900041,489,152,337
118900042,205,102,103
118900045,245,173,72
118900046,868,490,378
118900047,565,275,290
118900048,182,223,-41
118900049,60,35,25
118900050,36,113,-77
118900051,51,83,-32
118900052,331,261,70
118900053,35,100,-65
118900054,124,65,59
118900055,136,87,49
118900056,37,383,-346
118900057,779,561,218
118900058,399,344,55
118900059,25,72,-47
118900060,122,141,-19
118900062,405,199,206
118900064,650,519,131
118900065,50,164,-114
118900066,72,98,-26
118900067,4442,3097,1345
118900068,9,216,-207
118900069,431,213,218
118900071,8,70,-62
118900072,406,372,34
118900073,135,102,33
118900074,128,134,-6
118900075,44,96,-52
118900076,200,119,81
118900077,216,190,26
118900078,48,9,39
118900079,73,218,-145
118900080,23,158,-135
118900081,66,55,11
118900082,871,185,686
118900083,83,12,71
118900084,16,18,-2
118900085,544,763,-219
118900086,39,81,-42
118900087,32,259,-227
118900088,0,14,-14
118900089,27,24,3
118900090,500,373,127
118900091,191,214,-23
118900092,156,80,76
118900093,148,29,119
118900096,52,18,34
118900097,284,429,-145
118900099,126,263,-137
118900100,154,238,-84
118900101,137,371,-234
118900102,46,96,-50
118900103,60,115,-55
118900104,190,151,39
118900105,249,136,113
118900107,152,91,61
118900108,108,83,25
118900110,1351,917,434
118900111,485,498,-13
118900112,95,167,-72
118900113,80,427,-347
118900114,23,107,-84
118900115,175,520,-345
118900116,182,227,-45
118900117,133,205,-72
118900118,278,364,-86
118900119,147,240,-93
118900120,111,278,-167
118900121,18,163,-145
118900122,19,946,-927
118900123,132,285,-153
118900124,86,178,-92
118900126,22,407,-385
118900129,276,247,29
118900130,47,253,-206
118900131,256,212,44
118900132,383,244,139
118900133,24,103,-79
118900135,219,253,-34
118900136,176,540,-364
118900137,8,38,-30
118900139,210,384,-174
118900140,472,616,-144
118900141,68,163,-95
118900144,134,400,-266
118900145,78,118,-40
118900146,360,663,-303
118900147,282,158,124
118900148,106,98,8
118900150,122,553,-431
118900152,496,724,-228
118900157,80,162,-82
118900158,55,49,6
118900159,1,162,-161
118900161,71,6,65
118900163,110,112,-2
118900164,7,97,-90
118900165,50,186,-136
118900166,40,3,37
118900167,114,114,0
118900168,18,160,-142
118900169,114,260,-146
118900170,157,131,26
118900171,60,58,2
118900174,81,61,20
118900175,419,431,-12
118900176,157,255,-98
118900177,57,44,13
118900178,46,188,-142
118900179,1,25,-24
118900181,89,103,-14
118900182,109,44,65
118900183,45,152,-107
118900184,353,98,255
118900185,107,105,2
118900186,137,80,57
118900187,227,357,-130
118900188,322,308,14
118900189,70,745,-675
118900190,24,264,-240
118900191,198,70,128
118900192,162,13,149
118900193,527,12,515
118900195,284,546,-262
118900196,31,168,-137
118900197,146,46,100
118900198,22,17,5
118900199,119,47,72
118900200,24,24,0
118900201,37,54,-17
118900202,13,96,-83
118900203,13,30,-17
118900204,26,35,-9
118900205,5,10,-5
118900206,2,25,-23
119000001,1336,2014,-678
119000002,4752,3717,1035
119000003,2569,1135,1434
119000004,2219,1342,877
119000005,1801,2039,-238
119000006,2355,1365,990
119000007,3416,3197,219
119000008,1959,1954,5
119000009,3823,4525,-702
119000010,6704,4642,2062
119000011,4395,2894,1501
119000012,3322,3718,-396
119000013,2692,1804,888
119000014,1993,2867,-874
119000019,306,168,138
119000020,1953,1551,402
119000021,4226,2241,1985
119000022,2768,2724,44
119000023,314,281,33
119000024,2063,10563,-8500
119000025,6622,1329,5293
119000026,176,475,-299
119000027,367,416,-49
119000028,1779,1046,733
119000029,106,380,-274
119000030,562,1001,-439
119000031,971,694,277
119000032,3087,2775,312
119000033,2275,1337,938
119000034,1077,943,134
119000035,35,317,-282
119000036,1625,789,836
119000037,1298,1601,-303
119000038,166,777,-611
119000039,288,314,-26
119000040,914,587,327
119000041,1017,1184,-167
119000048,2996,2920,76
119000049,1684,2187,-503
119000050,1801,1765,36
119000051,2218,1017,1201
119000052,2111,2886,-775
119000053,1918,1253,665
119000054,3381,2852,529
119000055,4353,3399,954
119000056,2663,2185,478
119000057,1805,1785,20
119000058,2111,1744,367
119000059,1261,1608,-347
119000060,1669,1178,491
119000061,1097,808,289
119000062,1327,1353,-26
119000063,550,360,190
119000064,1013,1566,-553
119000065,2107,3858,-1751
119000066,2504,1094,1410
119000067,1976,2195,-219
119000068,1800,1150,650
119000069,1487,2505,-1018
119000070,2414,860,1554
119000071,632,779,-147
119000072,5242,3722,1520
119000073,6405,6874,-469
119000074,1184,2334,-1150
119000075,2234,2299,-65
119000076,570,1460,-890
119000077,1269,716,553
119000078,430,266,164
119000079,172,885,-713
119000080,337,261,76
119000081,350,452,-102
119000082,988,244,744
119000083,656,378,278
119000084,353,476,-123
119000085,703,191,512
119000086,354,447,-93
119000087,1610,871,739
119000088,419,235,184
119000089,87,204,-117
119000090,146,158,-12
119000091,142,428,-286
119000092,521,184,337
119000093,3400,2849,551
119000094,2992,5017,-2025
119000095,1780,3054,-1274
119000097,1957,1400,557
119000098,913,2647,-1734
119000099,2429,1631,798
119000100,3777,3050,727
119000101,5369,2345,3024
119000102,901,1122,-221
119000103,1871,711,1160
119000104,2553,1422,1131
119000105,1209,2069,-860
119000106,339,1392,-1053
119000107,910,524,386
119000108,365,920,-555
119000109,266,1164,-898
119000110,1024,1014,10
119000111,90,788,-698
119000112,293,230,63
119000113,3445,443,3002
119000114,1261,1018,243
119000115,153,121,32
119000116,138,96,42
119000117,145,437,-292
119000118,3,3,0
119000123,4581,2417,2164
119000124,780,261,519
119000125,3628,811,2817
119000126,631,618,13
119000127,551,517,34
119000128,31,2,29
119000131,867,672,195
119000132,2,3,-1
119000133,2,6,-4
119000134,1934,505,1429
119000135,131,241,-110
119000136,242,233,9
119000137,252,330,-78
119000138,560,306,254
119000139,369,258,111
119000140,216,431,-215
119000284,1248,2407,-1159
119000285,1999,1943,56
119000286,6847,5167,1680
119000287,1104,1953,-849
119000288,1857,1431,426
119000289,1577,2848,-1271
119000290,205,468,-263
119000291,9,226,-217
119000293,119,163,-44
119000294,37,34,3
119000295,1487,433,1054
119000296,251,161,90
119000302,2426,1341,1085
119000303,51,163,-112
119000314,1612,9558,-7946
119000315,0,362,-362
119000316,161,149,12
119000317,113,329,-216
119900001,279,1063,-784
119900002,186,314,-128
119900003,68,1044,-976
119900004,339,1240,-901
119900005,234,117,117
119900006,234,397,-163
119900007,1349,273,1076
119900008,67,52,15
119900009,690,627,63
119900010,2433,2121,312
119900011,42,103,-61
119900012,21,117,-96
119900013,2370,1525,845
119900014,683,437,246
119900015,138,38,100
119900016,62,87,-25
119900017,56,47,9
119900018,2051,877,1174
119900019,40,18,22
119900020,185,267,-82
119900021,222,117,105
119900022,156,752,-596
119900023,532,1393,-861
119900025,220,26,194
119900026,784,217,567
119900027,28,29,-1
119900028,266,162,104
119900029,6,4,2
119900030,546,557,-11
119900031,61,399,-338
119900033,2859,385,2474
119900034,411,146,265
119900037,126,49,77
119900038,51,323,-272
119900039,71,20,51
119900040,233,16,217
119900041,116,46,70
119900042,105,172,-67
119900043,105,188,-83
119900044,196,1007,-811
119900046,135,61,74
119900047,335,109,226
119900048,34,34,0
119900049,180,12,168
119900050,264,160,104
119900051,566,12,554
119900052,120,49,71
119900053,210,183,27
119900054,114,14,100
119900055,1460,430,1030
119900057,233,102,131
119900058,232,10,222
119900059,176,65,111
119900060,282,19,263
119900062,102,39,63
119900063,18,76,-58
119900064,553,120,433
119900065,281,12,269
119900066,1,4,-3
119900067,160,36,124
119900068,449,5,444
119900069,145,77,68
119900070,882,14,868
119900071,722,70,652
119900073,1936,637,1299
119900074,103,63,40
119900075,4776,2752,2024
119900076,828,394,434
119900077,773,976,-203
119900078,636,975,-339
119900079,516,225,291
119900080,1731,1558,173
119900081,215,35,180
119900082,1267,222,1045
119900083,499,181,318
119900084,936,397,539
119900085,83,83,0
119900087,753,454,299
119900088,61,69,-8
119900089,80,539,-459
119900090,149,97,52
119900091,59,848,-789
119900092,436,454,-18
119900093,1460,293,1167
119900094,81,218,-137
119900095,212,128,84
119900096,53,161,-108
119900097,602,281,321
119900098,54,45,9
119900099,40,259,-219
119900100,1949,3060,-1111
119900101,253,1580,-1327
119900102,66,278,-212
119900103,60,382,-322
119900104,82,271,-189
119900105,1654,5493,-3839
119900106,16,163,-147
119900107,334,2391,-2057
119900108,4666,823,3843
119900109,26,183,-157
119900110,912,549,363
119900111,165,301,-136
119900112,1365,589,776
119900113,89,354,-265
119900114,292,1075,-783
119900115,388,995,-607
119900116,211,475,-264
119900117,373,761,-388
119900118,126,746,-620
119900119,253,225,28
119900120,880,670,210
119900121,429,1090,-661
119900122,548,410,138
119900123,228,311,-83
119900124,248,853,-605
119900125,78,321,-243
119900126,5019,370,4649
119900127,2352,1204,1148
119900128,453,821,-368
119900129,189,536,-347
119900130,31,299,-268
119900131,54,262,-208
119900132,3,175,-172
119900133,65,134,-69
119900134,1663,276,1387
119900135,0,384,-384
119900136,223,313,-90
119900138,406,586,-180
119900139,25,153,-128
119900140,6,121,-115
119900141,107,685,-578
119900142,24,31,-7
119900143,18,272,-254
119900144,1581,255,1326
119900145,107,187,-80
119900146,159,270,-111
119900147,2,189,-187
119900148,280,67,213
119900149,1229,4569,-3340
119900150,171,216,-45
119900151,2072,825,1247
119900152,129,412,-283
119900153,174,71,103
119900154,20,205,-185
119900155,65,83,-18
119900156,31,12,19
119900157,144,277,-133
119900158,228,80,148
119900159,15,1161,-1146
119900160,56,196,-140
119900161,185,194,-9
119900162,1142,1082,60
119900163,133,201,-68
119900164,4,3,1
119900165,200,224,-24
119900166,114,52,62
119900167,113,177,-64
119900168,976,596,380
119900169,246,285,-39
119900170,259,304,-45
119900171,1630,499,1131
119900172,133,38,95
119900173,13,426,-413
119900174,23,278,-255
119900175,1292,719,573
119900177,16,224,-208
119900178,11,194,-183
119900179,128,512,-384
119900180,933,941,-8
119900181,61,139,-78
119900182,7,441,-434
119900183,155,605,-450
119900184,2417,599,1818
119900185,67,239,-172
119900186,125,960,-835
119900187,61,488,-427
119900188,134,330,-196
119900189,547,512,35
119900190,111,355,-244
119900191,477,359,118
119900192,74,171,-97
119900193,378,206,172
119900194,39,92,-53
119900195,629,378,251
119900196,1588,581,1007
119900197,253,220,33
119900198,210,310,-100
119900199,218,47,171
119900200,853,658,195
119900201,378,264,114
119900202,117,317,-200
119900203,203,506,-303
119900204,361,342,19
119900205,756,474,282
119900206,196,182,14
119900208,151,174,-23
119900209,471,1219,-748
119900210,47,27,20
119900211,78,10,68
119900212,105,188,-83
119900213,10,67,-57
119900214,37,59,-22
119900215,57,60,-3
119900216,17,43,-26
119900217,14,52,-38
119900218,13,47,-34
119900219,19,124,-105
119900220,4,113,-109
119900221,34,304,-270
119900222,16,272,-256
119900223,15,87,-72
119900224,23,38,-15
119900225,869,63,806
119900226,641,2066,-1425
119900227,1232,360,872
119900228,43,324,-281
119900229,392,451,-59
119900230,1345,677,668
119900231,299,156,143
119900232,388,146,242
119900233,117,10,107
119900234,20,122,-102
119900235,19,56,-37
119900236,30,288,-258
119900237,134,649,-515
119900238,0,87,-87
119900240,78,157,-79
119900241,162,257,-95
119900242,1825,1815,10
119900244,766,1953,-1187
119900245,167,198,-31
119900246,370,691,-321
119900247,51,130,-79
119900248,111,264,-153
119900249,279,128,151
119900253,2553,447,2106
119900254,101,696,-595
119900255,183,720,-537
119900256,676,1027,-351
119900257,84,8,76
119900258,216,27,189
119900259,12,151,-139
119900260,163,9,154
119900261,273,177,96
119900262,2,213,-211
119900263,1008,464,544
119900264,121,203,-82
119900265,705,406,299
119900266,400,264,136
119900267,288,553,-265
119900268,122,178,-56
119900269,1386,1295,91
119900271,43,144,-101
119900272,452,355,97
119900275,170,22,148
119900276,89,2,87
119900277,10,5,5
119900278,318,79,239
119900279,153,361,-208
119900280,733,175,558
119900281,1,204,-203
119900282,73,134,-61
119900283,29,241,-212
119900284,65,251,-186
119900285,30,76,-46
119900286,4,29,-25
119900288,12,24,-12
119900289,1,28,-27
119900290,10,34,-24
119900291,1,92,-91
119900292,39,19,20
119900293,45,4,41
119900294,18,2,16
119900295,1,0,1
119900296,16,3,13
119900299,69,195,-126
119900300,267,249,18
119900301,146,153,-7
119900302,206,98,108
119900303,330,217,113
119900304,157,44,113
119900305,12,125,-113
119900306,24,3,21
119900307,97,119,-22
119900308,5,35,-30
119900309,64,108,-44
119900310,306,312,-6
119900311,96,147,-51
119900312,124,118,6
119900313,292,349,-57
119900314,208,439,-231
119900315,1723,2393,-670
119900318,20,46,-26
119900319,75,354,-279
119900320,292,591,-299
119900321,73,6,67
119900322,17,60,-43
119900323,10,138,-128
119900324,0,47,-47
119900325,126,207,-81
119900326,46,65,-19
120000001,6436,14101,-7665
120000002,2461,2718,-257
120000003,3376,1647,1729
120000004,2621,1919,702
120000005,3886,2004,1882
120000006,1186,1295,-109
120000007,3640,3087,553
120000008,1066,1384,-318
120000009,2729,915,1814
120000010,1881,2467,-586
120000011,1007,1700,-693
120000012,1655,2535,-880
120000013,3133,2660,473
120000014,713,1512,-799
120000015,2563,1588,975
120000016,3612,2180,1432
120000017,2788,2379,409
120000018,3765,10876,-7111
120000019,1179,1415,-236
120000020,3165,3155,10
120000021,2009,2253,-244
120000022,3013,3926,-913
120000023,1110,1543,-433
120000024,1538,2350,-812
120000025,2440,1994,446
120000026,1835,1676,159
120000027,2221,2010,211
120000028,840,1158,-318
120000029,4404,1373,3031
120000030,413,1127,-714
120000031,2517,7245,-4728
120000032,7909,3983,3926
120000033,5006,1900,3106
120000034,1851,1794,57
120000035,2064,1995,69
120000036,2902,5062,-2160
120000037,813,1703,-890
120000038,6445,4177,2268
120000039,730,982,-252
120000040,136,415,-279
120000041,1745,2121,-376
120000042,1959,2324,-365
120000043,5133,1744,3389
120000044,5314,1712,3602
120000045,5748,1181,4567
120000046,3427,3023,404
120000047,1106,5261,-4155
120000048,7246,4463,2783
120000049,3439,3096,343
120000050,4116,3686,430
120000051,3268,4461,-1193
120000052,8193,2401,5792
120000053,1260,2446,-1186
120000054,1513,3700,-2187
120000055,1940,4455,-2515
120000056,4254,3973,281
120000057,2960,1220,1740
120000058,3639,1153,2486
120000059,37,1690,-1653
120000061,140,493,-353
120000062,291,347,-56
120000063,1553,2542,-989
120000064,227,1175,-948
120000065,621,1544,-923
120000066,1078,677,401
120000067,114,712,-598
120000068,202,944,-742
120000069,556,1228,-672
120000070,79,611,-532
120000071,487,110,377
120000072,721,425,296
120000073,881,169,712
120000074,413,181,232
120000075,1195,382,813
120000076,1985,495,1490
120000077,1862,783,1079
120000078,3507,1295,2212
120000079,322,133,189
120000080,175,195,-20
120000081,352,155,197
120000082,191,224,-33
120000083,84,663,-579
120000084,371,394,-23
120000085,274,377,-103
120000086,240,470,-230
120000087,137,512,-375
120000088,839,1258,-419
120000089,1190,766,424
120000090,834,652,182
120000091,859,1039,-180
120000092,1428,634,794
120000093,472,534,-62
120000094,218,779,-561
120000095,973,524,449
120000096,310,809,-499
120000098,958,866,92
120000099,586,811,-225
120000100,967,922,45
120000101,559,449,110
120000102,600,901,-301
120000103,1481,864,617
120000104,1983,558,1425
120000105,3077,825,2252
120000106,2417,695,1722
120000107,3873,694,3179
120000108,1241,130,1111
120000109,1229,131,1098
120000110,100,983,-883
120000111,134,1011,-877
120000112,761,2488,-1727
120000113,640,1899,-1259
120000114,1030,2375,-1345
120000115,369,1988,-1619
120000116,736,1898,-1162
120000117,914,1572,-658
120000118,62,39,23
120000119,26,79,-53
120000120,97,68,29
120000121,39,98,-59
120000122,257,379,-122
120000123,4612,5399,-787
120000124,496,393,103
120000125,515,759,-244
120000126,409,1083,-674
120000127,3012,1068,1944
120000128,3494,4479,-985
120000129,354,309,45
120000130,843,592,251
120000131,362,703,-341
120000134,369,1078,-709
120000135,618,501,117
120000137,265,1317,-1052
120000138,899,546,353
120000139,338,651,-313
120000140,837,634,203
120000141,658,512,146
120000142,788,767,21
120000143,1,125,-124
120000144,174,8,166
120000145,371,7,364
120000146,1220,1031,189
120000149,686,1159,-473
120000150,3600,10813,-7213
120000151,424,457,-33
120000152,558,199,359
120000153,374,627,-253
120000154,584,468,116
120000155,157,200,-43
120000156,843,1126,-283
120000157,912,690,222
120000158,832,829,3
120000159,2047,2458,-411
120000160,2623,1565,1058
120000161,2159,2259,-100
120000162,86,322,-236
120000163,676,1175,-499
120000164,555,372,183
120000165,606,841,-235
120000166,1348,752,596
120000167,150,226,-76
120000168,22,685,-663
120000169,79,1720,-1641
120000170,79,1012,-933
120000171,32,375,-343
120000172,48,221,-173
120000173,2379,1186,1193
120000174,420,34,386
120000175,245,31,214
120000176,480,57,423
120000177,1534,210,1324
120000178,187,31,156
120000179,313,75,238
120000180,1211,115,1096
120000181,278,1265,-987
120000182,108,647,-539
120000183,24,582,-558
120000184,201,1392,-1191
120000186,67,377,-310
120000187,45,226,-181
120000188,130,372,-242
120000190,976,68,908
120000191,1114,101,1013
120000192,1318,38,1280
120000193,595,21,574
120000195,163,11,152
120000196,516,75,441
120000197,174,151,23
120000198,190,107,83
120000199,118,0,118
120000200,136,0,136
120000201,16,37,-21
120000202,2,45,-43
120000203,55,162,-107
120000207,3,78,-75
120000208,11,217,-206
120000209,6,84,-78
120000210,72,92,-20
120000211,164,1,163
120000212,200,1,199
120000213,175,319,-144
120000214,0,264,-264
120000215,5,139,-134
120000216,85,29,56
120000217,741,1125,-384
120000218,214,725,-511
120000219,11,405,-394
120000220,15,1462,-1447
120000225,1681,2,1679
120000226,314,3,311
120000227,842,59,783
120000228,9436,3337,6099
120000230,380,36,344
120000231,1334,2082,-748
120000233,391,10,381
120000235,217,501,-284
120000236,1137,3,1134
120000237,1,1162,-1161
120000238,7,870,-863
120000241,1354,3460,-2106
120000412,918,11,907
120000413,209,251,-42
120000414,119,7,112
120000415,0,105,-105
120000416,100,6,94
120000417,50,81,-31
120000418,186,14,172
120000419,19,269,-250
120000420,62,24,38
120000421,9704,5806,3898
120000422,147,1341,-1194
120000423,6,55,-49
120000424,80,137,-57
120000436,160,638,-478
120000437,156,134,22
120000438,2564,315,2249
120000439,258,576,-318
120000443,265,3,262
120000444,1433,550,883
120000445,1463,1034,429
120000446,712,217,495
120000447,230,12,218
120000449,131,12,119
120000450,5,230,-225
120000451,130,197,-67
120000452,191,2,189
120000453,1,305,-304
120000454,70,46,24
120000455,85,52,33
120000456,2482,3509,-1027
120000457,1306,569,737
120000458,880,667,213
120000459,152,57,95
120000665,1277,291,986
120000668,135,967,-832
120000669,66,164,-98
120000670,212,827,-615
120000671,1438,488,950
120000672,104,567,-463
120900001,73,111,-38
120900002,508,687,-179
120900003,257,28,229
120900004,18,67,-49
120900005,19,1034,-1015
120900006,419,256,163
120900007,173,98,75
120900008,448,1441,-993
120900009,800,77,723
120900010,606,115,491
120900011,564,177,387
120900012,370,1275,-905
120900013,359,116,243
120900014,6,545,-539
120900015,827,118,709
120900016,822,56,766
120900017,2390,122,2268
120900018,178,498,-320
120900019,765,358,407
120900020,793,1506,-713
120900021,732,243,489
120900022,55,337,-282
120900023,272,36,236
120900024,2139,521,1618
120900025,1621,1019,602
120900026,536,223,313
120900027,906,34,872
120900028,460,122,338
120900029,177,485,-308
120900030,1389,868,521
120900031,306,156,150
120900032,1061,122,939
120900033,1034,101,933
120900034,23,2259,-2236
120900035,99,230,-131
120900037,304,14,290
120900038,68,265,-197
120900039,132,77,55
120900040,327,2,325
120900041,165,36,129
120900042,541,60,481
120900043,65,32,33
120900044,18,363,-345
120900045,157,151,6
120900046,466,6,460
120900047,172,127,45
120900048,172,28,144
120900049,549,1,548
120900050,2195,1590,605
120900051,383,136,247
120900052,549,7,542
120900053,335,61,274
120900054,1897,737,1160
120900055,391,3,388
120900056,553,22,531
120900057,170,23,147
120900058,557,1,556
120900059,138,17,121
120900060,101,32,69
120900061,306,269,37
120900062,238,3,235
120900063,601,10,591
120900064,610,1,609
120900065,481,0,481
120900066,592,566,26
120900067,210,60,150
120900068,258,0,258
120900069,298,47,251
120900071,67,1,66
120900072,715,8,707
120900073,534,158,376
120900074,635,14,621
120900076,409,11,398
120900077,3154,330,2824
120900078,755,613,142
120900079,706,126,580
120900080,782,1643,-861
120900081,1149,685,464
120900082,454,443,11
120900083,124,10,114
120900084,325,529,-204
120900085,95,100,-5
120900086,134,350,-216
120900087,505,363,142
120900088,219,385,-166
120900089,2971,3007,-36
120900090,299,140,159
120900091,767,864,-97
120900092,1272,549,723
120900093,2328,204,2124
120900094,561,237,324
120900095,528,33,495
120900096,55,281,-226
120900097,874,797,77
120900098,321,203,118
120900099,132,75,57
120900100,127,332,-205
120900101,665,318,347
120900102,38,105,-67
120900103,85,237,-152
120900104,24,58,-34
120900105,36,581,-545
120900106,1264,550,714
120900107,286,174,112
120900108,13,576,-563
120900109,71,642,-571
120900110,5,739,-734
120900111,261,381,-120
120900112,11,864,-853
120900113,13,825,-812
120900114,76,178,-102
120900115,201,243,-42
120900116,421,427,-6
120900117,2,508,-506
120900118,18,605,-587
120900119,5626,5572,54
120900120,111,524,-413
120900121,565,522,43
120900122,472,521,-49
120900123,2,389,-387
120900124,4,531,-527
120900125,3,588,-585
120900126,1661,1087,574
120900127,15,534,-519
120900128,1146,1509,-363
120900129,56,331,-275
120900130,24,465,-441
120900131,86,176,-90
120900132,1028,258,770
120900133,327,848,-521
120900134,807,468,339
120900135,15,609,-594
120900136,75,185,-110
120900137,214,100,114
120900138,34,236,-202
120900139,8,715,-707
120900140,0,87,-87
120900141,236,219,17
120900142,35,509,-474
120900143,2,835,-833
120900144,1,181,-180
120900145,161,742,-581
120900146,6,945,-939
120900147,1,505,-504
120900148,143,135,8
120900149,0,283,-283
120900150,56,494,-438
120900151,5,696,-691
120900152,0,40,-40
120900153,44,113,-69
120900154,1,215,-214
120900155,170,925,-755
120900156,54,245,-191
120900157,90,278,-188
120900158,73,540,-467
120900159,255,541,-286
120900160,18,597,-579
120900161,51,560,-509
120900162,60,734,-674
120900163,61,915,-854
120900164,7,25,-18
120900165,16,72,-56
120900166,250,772,-522
120900167,529,221,308
120900169,93,323,-230
120900170,1139,2810,-1671
120900171,1165,319,846
120900172,1291,1333,-42
120900173,7,65,-58
120900174,12,157,-145
120900175,347,185,162
120900176,17,353,-336
120900177,1,1248,-1247
120900178,2,573,-571
120900179,962,485,477
120900180,98,140,-42
120900181,317,93,224
120900182,39,292,-253
120900183,474,129,345
120900184,396,101,295
120900185,43,552,-509
120900186,2,329,-327
120900187,562,1067,-505
120900188,228,13,215
120900189,92,1216,-1124
120900190,79,15,64
120900191,10,26,-16
120900192,9492,7139,2353
120900194,61,109,-48
120900195,157,314,-157
120900196,812,53,759
120900197,711,176,535
120900198,303,550,-247
120900199,357,529,-172
120900200,86,133,-47
120900201,497,203,294
120900202,3,151,-148
120900203,37,98,-61
120900204,165,251,-86
120900205,58,58,0
120900206,39,54,-15
120900207,88,1372,-1284
121000001,742,1061,-319
121000002,2272,1229,1043
121000003,2937,2034,903
121000004,2735,3462,-727
121000005,1876,2828,-952
121000006,3485,1737,1748
121000007,2606,3043,-437
121000008,5507,3726,1781
121000009,5296,6008,-712
121000010,8465,5768,2697
121000011,8825,11880,-3055
121000012,15667,9974,5693
121000013,4849,7070,-2221
121000014,6107,5471,636
121000015,4046,6947,-2901
121000016,4333,3378,955
121000017,2189,3817,-1628
121000018,2833,1708,1125
121000019,17847,12566,5281
121000020,14538,17208,-2670
121000021,3299,3188,111
121000022,2428,3372,-944
121000023,4538,2930,1608
121000024,4452,4656,-204
121000025,907,1450,-543
121000026,363,172,191
121000027,1733,1258,475
121000028,869,577,292
121000029,1017,722,295
121000030,686,520,166
121000031,849,733,116
121000032,373,108,265
121000034,480,291,189
121000035,167,206,-39
121000036,1053,874,179
121000037,629,582,47
121000038,540,925,-385
121000039,313,457,-144
121000041,652,506,146
121000042,355,440,-85
121000043,704,599,105
121000044,1299,927,372
121000045,481,317,164
121000046,764,1174,-410
121000047,81,99,-18
121000049,1517,619,898
121000050,394,1164,-770
121000051,626,342,284
121000052,425,661,-236
121000053,458,147,311
121000054,57,382,-325
121000055,1143,1214,-71
121000056,930,1150,-220
121000057,489,569,-80
121000058,488,271,217
121000059,2699,1482,1217
121000060,715,1012,-297
121000061,130,408,-278
121000062,258,427,-169
121000063,792,792,0
121000064,739,921,-182
121000065,450,525,-75
121000066,706,623,83
121000067,679,697,-18
121000068,775,550,225
121000069,867,1047,-180
121000070,1982,1365,617
121000071,1433,1557,-124
121000072,1593,857,736
121000073,1185,1216,-31
121000074,168,162,6
121000075,81,424,-343
121000076,1095,565,530
121000077,169,289,-120
121000078,115,189,-74
121000080,2372,720,1652
121000081,4657,3229,1428
121000082,106,305,-199
121000083,203,198,5
121000084,162,112,50
121000085,344,496,-152
121000086,242,783,-541
121000087,64,329,-265
121000088,507,590,-83
121000089,433,429,4
121000090,567,438,129
121000091,1404,882,522
121000092,178,72,106
121000093,156,211,-55
121000094,565,833,-268
121000095,415,728,-313
121000096,2463,2497,-34
121000097,984,2269,-1285
121000098,647,1187,-540
121000099,616,856,-240
121000100,899,474,425
121000101,309,309,0
121000102,299,378,-79
121000103,209,317,-108
121000104,321,176,145
121000105,484,272,212
121000106,369,413,-44
121000107,2060,3266,-1206
121000109,1348,1183,165
121000110,395,743,-348
121000114,2917,2099,818
121000115,999,713,286
121000116,243,913,-670
121000117,734,229,505
121000118,1519,243,1276
121000119,272,441,-169
121000120,299,528,-229
121000121,605,1532,-927
121000123,1541,854,687
121000126,95,339,-244
121000127,137,112,25
121000128,926,477,449
121000129,809,604,205
121000130,582,847,-265
121000131,2717,2096,621
121000132,1965,1973,-8
121000135,622,950,-328
121000136,1417,1221,196
121000137,552,361,191
121000138,1037,1604,-567
121000139,719,669,50
121000141,193,144,49
121000142,742,877,-135
121000143,164,45,119
121000144,1191,1860,-669
121000145,711,1252,-541
121000146,1292,1009,283
121000147,1012,484,528
121000148,893,1119,-226
121000149,2031,1301,730
121000152,497,489,8
121000153,1735,669,1066
121000154,1052,647,405
121000155,1764,1117,647
121000156,517,940,-423
121000157,1159,1682,-523
121000158,436,483,-47
121000159,222,395,-173
121000160,363,403,-40
121000161,216,337,-121
121000162,102,218,-116
121000165,1840,1878,-38
121000166,23,377,-354
121000168,385,258,127
121000169,72,190,-118
121000170,345,114,231
121000171,119,215,-96
121000172,742,578,164
121000173,1568,1295,273
121000174,364,463,-99
121000175,991,363,628
121000176,397,284,113
121000177,1028,767,261
121000178,119,50,69
121000179,105,84,21
121000181,491,428,63
121000182,156,238,-82
121000183,109,177,-68
121000184,161,199,-38
121000185,37,228,-191
121000186,254,695,-441
121000187,172,200,-28
121000188,276,223,53
121000192,941,440,501
121000193,623,572,51
121000194,2255,2179,76
121000195,382,863,-481
121000196,623,280,343
121000197,262,788,-526
121000198,202,156,46
121000199,165,346,-181
121000200,612,91,521
121000201,4,254,-250
121000202,944,106,838
121000203,874,1929,-1055
121000204,2761,878,1883
121000205,223,386,-163
121000206,266,70,196
121000207,2189,403,1786
121000208,9,359,-350
121000209,362,266,96
121000210,623,427,196
121000211,315,147,168
121000212,376,588,-212
121000213,9689,2998,6691
121000214,943,2183,-1240
121000215,1003,1043,-40
121000216,624,684,-60
121000217,4516,2398,2118
121000218,356,1542,-1186
121000219,1480,481,999
121000220,186,68,118
121000221,114,225,-111
121000222,2334,2470,-136
121000223,521,363,158
121000224,311,194,117
121000225,1078,1805,-727
121000226,2568,1151,1417
121000227,11,164,-153
121000228,24,475,-451
121000229,284,347,-63
121000230,78,1437,-1359
121000231,855,30,825
121000232,401,324,77
121000233,584,435,149
121000234,25,33,-8
121000235,82,99,-17
121000236,10,39,-29
121000237,67,28,39
121000238,23,68,-45
121000239,89,11,78
121000240,18,172,-154
121000241,73,12,61
121000242,71,310,-239
121000243,698,243,455
121000244,32,113,-81
121000245,104,30,74
121000246,1,105,-104
121000247,111,10,101
121000248,1804,610,1194
121000249,116,282,-166
121000250,556,232,324
121000251,9,369,-360
121000252,108,71,37
121000253,324,448,-124
121000254,552,207,345
121000255,187,214,-27
121000256,337,170,167
121000257,40,105,-65
121000258,132,89,43
121000259,73,58,15
121000260,94,107,-13
121000261,116,60,56
121000262,993,715,278
121000263,510,409,101
121000271,300,1377,-1077
121000273,34,11,23
121000274,18,38,-20
121000275,1,7,-6
121000276,5,18,-13
121000278,46,28,18
121000279,23,17,6
121000280,48,45,3
121000289,202,21,181
121000290,1135,846,289
121000294,144,166,-22
121000297,842,1082,-240
121000299,231,479,-248
121000300,1035,574,461
121000302,107,1512,-1405
121000303,494,590,-96
121000304,471,65,406
121000305,195,56,139
121000306,135,159,-24
121000308,199,400,-201
121000309,347,454,-107
121000310,109,332,-223
121000311,73,739,-666
121000312,458,292,166
121000313,357,440,-83
121000314,135,147,-12
121000315,40,138,-98
121000530,1427,1302,125
121000531,1399,1370,29
121000532,6732,7983,-1251
121000533,3366,3625,-259
121000918,54,113,-59
121000919,37,77,-40
121000938,220,368,-148
121000939,304,343,-39
121000956,1510,1241,269
121000957,8,27,-19
121000958,69,92,-23
121000959,742,722,20
121000960,1605,1704,-99
121000961,235,229,6
121000962,369,460,-91
121000973,1,130,-129
121000976,35,216,-181
121000979,631,209,422
121000981,454,333,121
121000982,288,183,105
121000983,436,436,0
121000984,39,85,-46
121000985,712,499,213
121000986,297,225,72
121000987,234,748,-514
121000988,795,114,681
121001302,270,111,159
121001308,12,16,-4
121001309,113,106,7
121001313,210,175,35
121001314,1874,2630,-756
121001315,4962,2783,2179
121900001,121,213,-92
121900002,34,35,-1
121900003,413,21,392
121900004,105,435,-330
121900005,29,6,23
121900006,140,37,103
121900007,2235,2195,40
121900008,1717,739,978
121900009,720,20,700
121900010,246,14,232
121900011,435,482,-47
121900012,16,0,16
121900013,1400,132,1268
121900014,1471,370,1101
121900015,265,279,-14
121900016,3,37,-34
121900017,558,512,46
121900018,342,11,331
121900019,572,249,323
121900020,25,5,20
121900021,1015,39,976
121900022,481,261,220
121900023,179,410,-231
121900024,385,86,299
121900025,680,436,244
121900026,378,62,316
121900027,409,220,189
121900028,248,23,225
121900029,127,224,-97
121900030,607,600,7
121900031,1060,6225,-5165
121900032,192,115,77
121900033,203,216,-13
121900034,304,94,210
121900035,3493,2255,1238
121900036,96,367,-271
121900037,154,1060,-906
121900038,82,150,-68
121900039,373,73,300
121900040,150,138,12
121900041,139,245,-106
121900042,410,208,202
121900043,3,5,-2
121900044,205,53,152
121900046,301,377,-76
121900047,183,77,106
121900048,60,119,-59
121900050,32,66,-34
121900051,152,225,-73
121900052,173,52,121
121900053,505,332,173
121900054,463,1065,-602
121900055,7,28,-21
121900058,255,186,69
121900059,534,172,362
121900060,154,397,-243
121900061,251,258,-7
121900062,189,126,63
121900063,1308,422,886
121900064,259,660,-401
121900066,101,50,51
121900067,54,67,-13
121900069,190,170,20
121900070,243,166,77
121900071,373,270,103
121900072,56,196,-140
121900073,325,220,105
121900074,958,1137,-179
121900075,538,522,16
121900076,415,637,-222
121900077,20,30,-10
121900078,90,55,35
121900079,1,0,1
121900080,1279,421,858
121900082,83,113,-30
121900084,31,140,-109
121900085,4,10,-6
121900086,14,64,-50
121900087,210,138,72
121900088,2125,3262,-1137
121900089,229,408,-179
121900090,43,97,-54
121900091,78,97,-19
121900092,125,120,5
121900093,92,86,6
121900094,25,7,18
121900095,316,221,95
121900096,1179,1058,121
121900097,517,257,260
121900098,10,9,1
121900099,227,66,161
121900100,311,531,-220
121900101,285,204,81
121900102,10,222,-212
121900103,510,309,201
121900104,1396,336,1060
121900105,290,203,87
121900106,15,12,3
121900107,50,44,6
121900108,6,29,-23
121900109,327,163,164
121900110,518,807,-289
121900111,707,275,432
121900112,234,195,39
121900113,95,409,-314
121900114,118,80,38
121900117,373,150,223
121900118,1925,628,1297
121900119,164,127,37
121900120,87,1187,-1100
121900121,550,54,496
121900122,24,81,-57
121900123,288,499,-211
121900124,142,182,-40
121900125,2065,1086,979
121900127,14,100,-86
121900128,96,94,2
121900129,634,175,459
121900130,118,269,-151
121900131,235,126,109
121900132,107,89,18
121900133,97,895,-798
121900134,51,202,-151
121900135,3344,431,2913
121900136,531,341,190
121900137,62,388,-326
121900138,126,254,-128
121900139,450,690,-240
121900140,93,190,-97
121900141,77,50,27
121900142,181,190,-9
121900143,45,191,-146
121900144,152,340,-188
121900145,259,394,-135
121900146,654,836,-182
121900147,65,192,-127
121900148,206,350,-144
121900149,414,587,-173
121900150,82,174,-92
121900151,104,259,-155
121900152,112,133,-21
121900153,140,784,-644
121900154,14,237,-223
121900155,3,238,-235
121900156,364,212,152
121900157,2,368,-366
121900158,89,134,-45
121900159,0,230,-230
121900160,84,207,-123
121900161,427,399,28
121900162,104,206,-102
121900163,213,595,-382
121900164,407,281,126
121900165,341,224,117
121900166,193,163,30
121900167,133,125,8
121900168,149,248,-99
121900169,8,224,-216
121900170,26,210,-184
121900171,809,641,168
121900172,567,322,245
121900173,912,312,600
121900174,51,55,-4
121900175,183,238,-55
121900176,558,1316,-758
121900177,244,66,178
121900178,54,52,2
121900179,443,243,200
121900180,3863,4251,-388
121900182,695,317,378
121900183,653,1478,-825
121900184,113,666,-553
121900186,8,357,-349
121900187,44,216,-172
121900188,590,410,180
121900189,45,160,-115
121900190,425,435,-10
121900191,158,165,-7
121900192,352,806,-454
121900193,55,165,-110
121900194,8,243,-235
121900195,108,95,13
121900196,974,1089,-115
121900197,349,1371,-1022
121900198,1328,995,333
121900199,2,33,-31
121900200,95,307,-212
121900201,1124,846,278
121900202,156,760,-604
121900203,229,1000,-771
121900204,962,1092,-130
121900205,24,90,-66
121900206,38,56,-18
121900207,153,63,90
121900208,187,349,-162
121900209,153,44,109
121900210,1325,1036,289
121900211,26,126,-100
121900212,242,147,95
121900213,227,75,152
121900214,12,427,-415
121900215,61,163,-102
121900216,68,310,-242
121900217,240,172,68
121900218,237,429,-192
121900220,154,13,141
121900221,324,686,-362
121900222,196,226,-30
121900223,262,71,191
121900224,107,51,56
121900225,148,186,-38
121900226,271,857,-586
121900227,310,616,-306
121900228,180,278,-98
121900230,157,344,-187
121900231,504,2247,-1743
121900232,355,476,-121
121900233,273,282,-9
121900234,307,325,-18
121900235,476,147,329
121900236,322,198,124
121900237,166,320,-154
121900238,171,308,-137
121900239,256,52,204
121900240,350,171,179
121900241,66,79,-13
121900242,9,2,7
121900243,20,0,20
121900244,21,3,18
121900245,224,95,129
121900246,2248,282,1966
121900247,363,297,66
121900248,1568,1262,306
121900250,268,274,-6
121900251,487,56,431
121900252,629,184,445
121900253,79,684,-605
121900254,439,314,125
121900255,405,119,286
121900258,3683,2042,1641
121900259,371,619,-248
121900260,171,210,-39
121900261,217,576,-359
121900262,420,871,-451
121900263,363,240,123
121900264,1711,1423,288
121900265,339,262,77
121900266,468,150,318
121900267,85,46,39
121900269,289,688,-399
121900270,31,200,-169
121900271,31,173,-142
121900273,481,1968,-1487
121900274,307,297,10
121900277,664,1139,-475
121900278,120,920,-800
121900279,133,191,-58
121900280,227,531,-304
121900281,580,689,-109
121900284,121,15,106
121900286,138,141,-3
121900287,21,27,-6
121900288,4,0,4
121900290,248,450,-202
121900291,430,693,-263
121900292,193,148,45
121900293,1051,2666,-1615
121900294,330,7,323
121900295,168,206,-38
121900296,96,337,-241
121900298,338,726,-388
121900299,8,19,-11
121900300,108,9,99
121900301,87,16,71
121900302,6,34,-28
121900303,353,544,-191
121900304,7,13,-6
121900305,12,6,6
121900306,165,5,160
121900307,77,7,70
121900308,63,280,-217
121900309,23,188,-165
121900310,22,314,-292
121900311,411,19,392
121900312,375,12,363
121900313,356,20,336
121900314,4,53,-49
121900315,7,0,7
121900316,1,24,-23
121900317,17,13,4
121900318,3,16,-13
121900319,40,58,-18
121900320,66,80,-14
121900321,12,4,8
121900322,2,18,-16
121900323,20,25,-5
121900324,6,51,-45
121900325,13,6,7
121900326,11,24,-13
121900327,5,42,-37
121900328,0,26,-26
121900329,2,161,-159
121900330,0,32,-32
121900331,64,27,37
121900332,106,30,76
121900333,42,1,41
122000001,2215,4956,-2741
122000002,3994,1713,2281
122000003,1987,2737,-750
122000004,2968,1549,1419
122000005,2654,1928,726
122000006,1871,1015,856
122000007,1206,1784,-578
122000008,3605,4904,-1299
122000009,389,451,-62
122000010,2082,2818,-736
122000011,3448,1481,1967
122000012,1214,1721,-507
122000013,1486,1023,463
122000014,1633,1228,405
122000015,1464,1146,318
122000016,543,921,-378
122000017,1177,1061,116
122000018,1485,1324,161
122000019,818,1234,-416
122000020,245,307,-62
122000021,278,468,-190
122000022,1311,1036,275
122000023,679,1639,-960
122000024,961,1390,-429
122000025,1116,1813,-697
122000026,1090,1094,-4
122000027,601,1915,-1314
122000028,941,533,408
122000029,570,524,46
122000030,320,156,164
122000031,201,325,-124
122000032,1799,1844,-45
122000033,723,1336,-613
122000034,726,694,32
122000035,339,783,-444
122000036,565,532,33
122000037,516,279,237
122000038,242,358,-116
122000039,691,486,205
122000040,274,309,-35
122000041,544,577,-33
122000042,376,403,-27
122000043,110,109,1
122000044,164,180,-16
122000045,1176,510,666
122000046,889,752,137
122000047,315,238,77
122000048,3691,4381,-690
122000049,5943,3382,2561
122000050,1484,791,693
122000051,418,345,73
122000052,616,415,201
122000053,200,852,-652
122000054,2561,2083,478
122000055,2209,3358,-1149
122000056,4783,3415,1368
122000057,3294,3688,-394
122000058,2395,1435,960
122000059,2777,1902,875
122000060,739,659,80
122000061,500,513,-13
122000062,875,362,513
122000063,1399,758,641
122000064,3070,2723,347
122000065,3773,2417,1356
122000066,1198,1021,177
122000067,1455,1204,251
122000068,1246,945,301
122000069,747,675,72
122000070,818,1495,-677
122000071,1630,1226,404
122000072,437,506,-69
122000073,437,822,-385
122000074,2614,1607,1007
122000075,962,1176,-214
122000076,2391,1191,1200
122000077,1182,873,309
122000078,2119,2770,-651
122000079,934,1315,-381
122000080,792,409,383
122000081,204,330,-126
122000082,702,977,-275
122000083,1630,1702,-72
122000084,1346,851,495
122000085,300,1091,-791
122000086,2199,4940,-2741
122000087,449,211,238
122000088,401,481,-80
122000089,4975,2200,2775
122000090,290,509,-219
122000091,218,83,135
122000092,180,19,161
122000093,1767,1871,-104
122000094,5582,2588,2994
122000095,2544,3799,-1255
122000096,2366,1843,523
122000098,3497,2324,1173
122000099,1628,688,940
122000100,1032,534,498
122000101,429,605,-176
122000102,1981,1294,687
122000103,1907,1758,149
122000104,361,181,180
122000105,474,260,214
122000106,498,696,-198
122000107,1023,483,540
122000108,532,676,-144
122000109,592,307,285
122000110,615,591,24
122000111,2728,1385,1343
122000112,1000,1396,-396
122000113,715,723,-8
122000114,2940,1415,1525
122000115,1788,1251,537
122000116,594,597,-3
122000117,1528,537,991
122000118,615,940,-325
122000119,3414,2437,977
122000120,1789,4124,-2335
122000121,1946,2992,-1046
122000122,851,1829,-978
122000123,1672,1774,-102
122000124,1083,622,461
122000125,674,850,-176
122000126,670,1193,-523
122000127,1103,1407,-304
122000128,503,800,-297
122000129,508,1384,-876
122000130,3298,1369,1929
122000131,1496,1227,269
122000132,604,603,1
122000133,947,1428,-481
122000134,895,777,118
122000135,810,848,-38
122000136,766,602,164
122000137,1680,1051,629
122000139,1228,3363,-2135
122000140,893,689,204
122000141,4127,1158,2969
122000142,382,906,-524
122000143,506,433,73
122000144,1305,1471,-166
122000145,1354,873,481
122000146,1028,1552,-524
122000147,603,523,80
122000148,1765,2225,-460
122000149,2261,1730,531
122000150,1225,1102,123
122000151,209,382,-173
122000152,327,427,-100
122000153,357,359,-2
122000154,267,288,-21
122000155,1561,2284,-723
122000156,2580,2586,-6
122000157,1441,2425,-984
122000158,399,642,-243
122000159,802,1877,-1075
122000160,3355,2236,1119
122000161,1055,1064,-9
122000162,2256,1776,480
122000163,259,91,168
122000164,33,99,-66
122000165,780,681,99
122000166,878,991,-113
122000167,249,238,11
122000168,278,544,-266
122000169,421,153,268
122000170,397,286,111
122000171,39,99,-60
122000172,1766,1352,414
122000173,1640,2454,-814
122000174,2083,938,1145
122000175,1136,260,876
122000176,358,751,-393
122000177,1563,1531,32
122000178,2808,2325,483
122000179,1762,2297,-535
122000180,1707,1368,339
122000181,1673,2889,-1216
122000182,1774,1485,289
122000183,2006,1019,987
122000184,3029,2352,677
122000185,1489,1770,-281
122000186,551,826,-275
122000187,1817,883,934
122000188,468,223,245
122000189,311,292,19
122000190,1062,1092,-30
122000191,974,784,190
122000192,1082,418,664
122000193,468,845,-377
122000194,467,176,291
122000195,191,554,-363
122000196,1207,734,473
122000197,577,859,-282
122000198,520,953,-433
122000199,458,323,135
122000200,1046,680,366
122000201,1295,1587,-292
122000202,1352,1499,-147
122000203,2727,1370,1357
122000204,1696,1998,-302
122000205,1416,1536,-120
122000206,2127,1010,1117
122000207,1744,1534,210
122000208,2184,1381,803
122000209,2011,394,1617
122000210,2035,1806,229
122000211,1408,1555,-147
122000212,797,484,313
122000213,1127,1177,-50
122000214,2217,1742,475
122000215,2099,1602,497
122000217,1948,1558,390
122000218,723,95,628
122000219,1319,1006,313
122000220,424,733,-309
122000221,93,393,-300
122000222,586,138,448
122000223,1463,593,870
122000225,725,275,450
122000226,1750,1962,-212
122000227,408,2054,-1646
122000228,404,410,-6
122000229,71,499,-428
122000230,602,527,75
122000231,504,866,-362
122000232,705,1146,-441
122000233,2,99,-97
122000234,365,91,274
122000235,545,138,407
122000236,1176,135,1041
122000237,179,100,79
122000238,869,366,503
122000239,660,208,452
122000240,1272,738,534
122000241,1569,506,1063
122000242,919,198,721
122000243,122,49,73
122000244,58,400,-342
122000245,53,125,-72
122000246,63,117,-54
122000247,553,396,157
122000248,1037,1501,-464
122000249,879,858,21
122000250,2114,996,1118
122000251,305,481,-176
122000252,536,175,361
122000253,100,309,-209
122000254,352,108,244
122000255,813,1647,-834
122000256,411,830,-419
122000257,205,285,-80
122000258,318,243,75
122000259,17,461,-444
122000260,7,69,-62
122000261,34,224,-190
122000262,1,58,-57
122000263,529,151,378
122000264,1509,326,1183
122000265,2367,876,1491
122000266,4461,706,3755
122000267,349,159,190
122000268,180,375,-195
122000269,803,333,470
122000270,604,167,437
122000271,297,956,-659
122000272,360,911,-551
122000273,400,491,-91
122000274,273,245,28
122000275,262,194,68
122000276,698,580,118
122000277,1232,1691,-459
122000278,1523,743,780
122000279,293,492,-199
122000280,914,651,263
122000281,1069,832,237
122000282,236,602,-366
122000283,310,194,116
122000284,330,103,227
122000285,367,131,236
122000286,72,164,-92
122000287,1224,1559,-335
122000288,462,248,214
122000291,1831,730,1101
122000293,364,230,134
122000294,146,243,-97
122000295,1332,226,1106
122000296,64,455,-391
122000297,2505,2933,-428
122000299,598,434,164
122000300,624,594,30
122000301,9227,3218,6009
122000302,596,1430,-834
122000303,2865,1294,1571
122000304,119,209,-90
122000305,1072,274,798
122000306,57,530,-473
122000307,114,127,-13
122000309,40,40,0
122000310,24,114,-90
122000311,190,132,58
122000312,117,178,-61
122000313,111,81,30
122000314,105,249,-144
122000315,282,61,221
122000316,831,245,586
122000317,1589,281,1308
122000318,329,789,-460
122000319,187,353,-166
122000320,299,1091,-792
122000321,95,178,-83
122000322,2423,2107,316
122000323,1438,2349,-911
122000324,1160,1136,24
122000325,1061,1666,-605
122000326,89,91,-2
122000327,382,676,-294
122000328,803,708,95
122000330,2139,911,1228
122000332,241,355,-114
122000333,17,107,-90
122000337,1145,1299,-154
122000338,480,456,24
122000340,359,506,-147
122000342,1802,924,878
122000343,451,1177,-726
122000344,60,17,43
122000345,56,30,26
122000346,396,474,-78
122000348,800,752,48
122000349,149,897,-748
122000351,114,193,-79
122000352,332,186,146
122000353,88,82,6
122000355,156,352,-196
122000356,1287,1314,-27
122000357,90,33,57
122000358,0,68,-68
122000359,1,32,-31
122000360,0,34,-34
122000362,12,79,-67
122000364,160,331,-171
122000365,4,44,-40
122000366,10,12,-2
122000368,524,742,-218
122000370,40,61,-21
122000371,33,1,32
122000372,10,1,9
122000381,106,367,-261
122000382,96,222,-126
122000384,2733,1190,1543
122000385,72,1,71
122000386,367,1328,-961
122000387,592,697,-105
122000388,1348,730,618
122000389,177,675,-498
122000390,363,251,112
122000391,381,386,-5
122000392,327,245,82
122000393,38,159,-121
122000394,618,331,287
122000395,159,155,4
122000396,372,129,243
122000397,30,67,-37
122000398,41,51,-10
122000399,149,81,68
122000400,200,606,-406
122000401,129,62,67
122000402,289,147,142
122000403,411,756,-345
122000404,202,228,-26
122000408,865,1181,-316
122000503,14,130,-116
122000524,192,198,-6
122000544,86,2149,-2063
122000616,286,3,283
122000640,98,95,3
122000641,132,304,-172
122000642,1098,921,177
122000643,48,164,-116
122000644,169,49,120
122000645,120,171,-51
122000651,1501,933,568
122000664,99,41,58
122000665,1371,584,787
122000666,761,1081,-320
122000673,21,223,-202
122000674,154,66,88
122000675,1561,700,861
122000686,455,1220,-765
122000687,1432,326,1106
122000688,461,508,-47
122000689,813,407,406
122000690,2070,490,1580
122000691,928,1423,-495
122000692,1434,470,964
122000693,398,1861,-1463
122000695,299,369,-70
122000696,355,279,76
122000698,378,518,-140
122000699,237,118,119
122000701,1324,260,1064
122000702,495,1138,-643
122000703,146,60,86
122000717,79,70,9
122000718,185,663,-478
122000719,102,106,-4
122000720,423,211,212
122000724,114,26,88
122900001,51,14,37
122900002,1188,4891,-3703
122900003,370,45,325
122900004,1674,77,1597
122900005,121,101,20
122900006,804,869,-65
122900007,112,113,-1
122900008,514,182,332
122900009,753,470,283
122900010,330,172,158
122900012,249,549,-300
122900014,194,278,-84
122900015,1839,1157,682
122900016,130,261,-131
122900017,365,992,-627
122900018,216,31,185
122900019,5,137,-132
122900020,202,462,-260
122900021,56,405,-349
122900022,974,975,-1
122900023,466,270,196
122900024,133,157,-24
122900025,14,423,-409
122900026,106,333,-227
122900027,91,517,-426
122900028,139,190,-51
122900029,4338,2870,1468
122900030,1085,651,434
122900031,90,206,-116
122900032,133,349,-216
122900033,230,161,69
122900034,4296,4968,-672
122900035,24,11,13
122900036,82,152,-70
122900037,445,165,280
122900038,144,2615,-2471
122900039,106,516,-410
122900040,282,499,-217
122900041,303,392,-89
122900042,224,344,-120
122900043,363,268,95
122900044,138,378,-240
122900045,134,155,-21
122900046,189,322,-133
122900047,147,240,-93
122900048,78,238,-160
122900049,1375,158,1217
122900051,116,171,-55
122900052,101,153,-52
122900053,20,29,-9
122900055,404,121,283
122900057,227,81,146
122900061,508,281,227
122900062,584,608,-24
122900063,194,289,-95
122900064,861,496,365
122900065,623,276,347
122900066,716,421,295
122900067,1350,748,602
122900068,168,380,-212
122900069,376,1294,-918
122900070,382,56,326
122900071,123,319,-196
122900072,19,444,-425
122900073,39,187,-148
122900074,833,577,256
122900075,2,80,-78
122900076,13,142,-129
122900077,1,142,-141
122900078,232,104,128
122900080,55,32,23
122900081,214,256,-42
122900082,815,350,465
122900083,152,182,-30
122900084,25,248,-223
122900086,25,113,-88
122900087,270,491,-221
122900088,50,209,-159
122900089,98,312,-214
122900090,8,405,-397
122900091,238,2,236
122900092,0,169,-169
122900093,1,213,-212
122900094,2,185,-183
122900095,191,14,177
122900096,310,155,155
122900097,33,36,-3
122900098,91,128,-37
122900099,94,22,72
122900100,241,404,-163
122900101,571,312,259
122900102,25,35,-10
122900103,131,14,117
122900104,179,12,167
122900105,19,27,-8
122900106,8,95,-87
122900107,7,149,-142
122900108,6,144,-138
123000001,1319,469,850
123000002,3658,4996,-1338
123000003,3602,3878,-276
123000004,2900,3810,-910
123000005,2605,2637,-32
123000006,2071,2427,-356
123000007,3603,2628,975
123000008,2490,2903,-413
123000009,4600,2870,1730
123000010,3330,3105,225
123000011,2331,834,1497
123000012,677,1929,-1252
123000013,3264,889,2375
123000014,820,3068,-2248
123000015,3749,1293,2456
123000016,4096,4253,-157
123000017,3278,1789,1489
123000018,69,88,-19
123000019,325,132,193
123000020,159,68,91
123000021,130,212,-82
123000022,375,1624,-1249
123000023,1495,1655,-160
123000024,1487,648,839
123000025,117,116,1
123000026,9,78,-69
123000027,201,665,-464
123000028,1571,773,798
123000029,912,1414,-502
123000030,273,289,-16
123000031,285,265,20
123000032,437,146,291
123000033,231,76,155
123000034,1054,850,204
123000035,382,346,36
123000036,264,841,-577
123000037,217,318,-101
123000038,107,213,-106
123000039,373,1462,-1089
123000040,649,306,343
123000041,1199,1212,-13
123000042,922,680,242
123000043,3081,9161,-6080
123000044,4612,2616,1996
123000045,7370,3018,4352
123000046,765,1500,-735
123000047,1858,1026,832
123000048,83,921,-838
123000049,6482,9553,-3071
123000050,1458,1638,-180
123000051,106,201,-95
123000052,778,3383,-2605
123000053,2447,3106,-659
123000054,1382,1800,-418
123000055,1377,2622,-1245
123000056,1127,1782,-655
123000057,11862,7221,4641
123000058,655,1129,-474
123000059,445,589,-144
123000060,846,465,381
123000061,220,639,-419
123000063,748,901,-153
123000064,979,260,719
123000065,5157,2874,2283
123000066,722,575,147
123000067,631,556,75
123000068,2491,2653,-162
123000069,6161,3060,3101
123000070,234,700,-466
123000071,1071,979,92
123000072,1237,974,263
123000073,1234,696,538
123000074,1153,1160,-7
123000075,357,1076,-719
123000076,891,658,233
123000077,2010,2597,-587
123000078,1511,1536,-25
123000079,1438,1751,-313
123000080,2287,1610,677
123000081,162,356,-194
123000082,346,977,-631
123000083,1039,248,791
123000084,597,500,97
123000085,290,123,167
123000086,542,198,344
123000087,449,305,144
123000088,1259,713,546
123000089,536,1045,-509
123000090,1106,877,229
123000091,1470,1333,137
123000092,1013,1045,-32
123000094,518,262,256
123000095,583,591,-8
123000096,660,392,268
123000097,513,616,-103
123000098,834,642,192
123000099,698,783,-85
123000100,499,777,-278
123000101,545,695,-150
123000102,534,617,-83
123000104,497,430,67
123000105,693,521,172
123000106,488,412,76
123000107,442,524,-82
123000108,650,1004,-354
123000111,840,336,504
123000112,1274,524,750
123000113,575,1281,-706
123000114,427,553,-126
123000115,388,261,127
123000116,40,116,-76
123000117,1650,1761,-111
123000118,464,848,-384
123000119,226,877,-651
123000120,314,836,-522
123000121,558,564,-6
123000122,345,307,38
123000123,419,512,-93
123000124,517,506,11
123000125,1119,1258,-139
123000126,1291,4316,-3025
123000127,735,647,88
123000128,322,254,68
123000129,693,251,442
123000130,687,88,599
123000131,926,655,271
123000132,413,715,-302
123000133,233,346,-113
123000134,343,143,200
123000135,2241,1103,1138
123000136,257,718,-461
123000137,118,239,-121
123000138,91,441,-350
123000139,528,131,397
123000140,169,788,-619
123000141,833,170,663
123000142,888,1019,-131
123000143,932,1753,-821
123000144,59,38,21
123000145,194,321,-127
123000146,95,70,25
123000147,73,96,-23
123000149,352,380,-28
123000150,163,226,-63
123000151,383,593,-210
123000152,153,429,-276
123000153,247,751,-504
123000154,1754,1964,-210
123000155,2121,1224,897
123000156,50,144,-94
123000157,540,907,-367
123000158,677,749,-72
123000159,3156,2491,665
123000160,889,725,164
123000161,1735,1130,605
123000162,957,1511,-554
123000163,629,156,473
123000164,1518,373,1145
123000165,586,1401,-815
123000166,51,149,-98
123000167,127,285,-158
123000168,293,254,39
123000169,797,139,658
123000170,62,162,-100
123000171,759,11,748
123000172,264,567,-303
123000173,725,292,433
123000174,1093,460,633
123000175,654,1211,-557
123000176,1107,295,812
123000177,343,1073,-730
123000178,818,183,635
123000179,47,515,-468
123000180,1532,355,1177
123000181,290,1180,-890
123000182,246,412,-166
123000183,178,546,-368
123000184,140,625,-485
123000185,712,337,375
123000186,8,573,-565
123000187,573,8,565
123000188,186,1,185
123000189,286,191,95
123000190,64,90,-26
123000192,37,407,-370
123000193,83,796,-713
123000194,436,298,138
123000195,338,45,293
123000196,368,27,341
123000197,70,106,-36
123000198,53,559,-506
123000199,11,653,-642
123000200,638,7,631
123000201,1036,26,1010
123000202,18,942,-924
123000203,1188,79,1109
123000204,115,1045,-930
123000205,777,1552,-775
123000206,2406,294,2112
123000207,100,710,-610
123000208,508,237,271
123000209,2306,736,1570
123000210,474,1896,-1422
123000211,554,2374,-1820
123000212,2966,628,2338
123000213,722,125,597
123000215,89,261,-172
123000216,203,1030,-827
123000217,211,32,179
123000218,64,762,-698
123000219,849,109,740
123000220,513,97,416
123000221,161,132,29
123000222,536,430,106
123000223,406,304,102
123000224,474,465,9
123000225,311,65,246
123000226,65,389,-324
123000227,93,359,-266
123000228,331,59,272
123000229,1015,1397,-382
123000232,103,574,-471
123000233,759,178,581
123000234,206,542,-336
123000235,1064,371,693
123000236,296,654,-358
123000237,285,107,178
123000238,71,465,-394
123000239,506,1291,-785
123000240,64,476,-412
123000241,451,110,341
123000242,224,179,45
123000243,579,854,-275
123000244,962,718,244
123000245,69,155,-86
123000249,488,555,-67
123000252,791,292,499
123000253,1184,568,616
123000254,718,880,-162
123000255,1141,1055,86
123000256,21,287,-266
123000257,2661,1829,832
123000258,928,720,208
123000259,378,417,-39
123000260,498,438,60
123000261,295,181,114
123000262,116,150,-34
123000263,447,129,318
123000264,185,126,59
123000265,52,145,-93
123000266,589,735,-146
123000267,640,399,241
123000268,58,59,-1
123000269,76,73,3
123000270,39,43,-4
123000271,49,82,-33
123000272,818,274,544
123000273,238,622,-384
123000274,1188,572,616
123000275,387,824,-437
123000278,2461,2378,83
123000279,98,104,-6
123000280,318,359,-41
123000281,314,88,226
123000282,163,309,-146
123000283,145,64,81
123000284,71,105,-34
123000286,270,377,-107
123000287,621,299,322
123000288,1507,918,589
123000289,378,974,-596
123000291,292,807,-515
123000294,183,205,-22
123000295,1017,849,168
123000296,634,366,268
123000297,634,547,87
123000298,718,485,233
123000299,75,194,-119
123000300,978,846,132
123000301,149,275,-126
123000302,87,177,-90
123000303,115,154,-39
123000305,886,940,-54
123000306,190,123,67
123000309,64,51,13
123000310,48,28,20
123000311,0,81,-81
123000312,463,696,-233
123000313,553,293,260
123000315,158,304,-146
123000316,1046,84,962
123000317,215,131,84
123000318,74,160,-86
123000329,10,14,-4
123000337,960,380,580
123000338,448,66,382
123000339,325,170,155
123000340,195,377,-182
123000342,29,29,0
123000343,44,26,18
123000344,1189,407,782
123000345,334,673,-339
123000346,292,46,246
123000352,1479,828,651
123000353,36,104,-68
123000354,306,20,286
123000355,0,241,-241
123000356,385,18,367
123000357,2,146,-144
123000359,8,162,-154
123000360,246,49,197
123000361,251,275,-24
123000362,437,105,332
123000363,92,195,-103
123000364,484,467,17
123000365,20,416,-396
123000366,435,1798,-1363
123000367,354,1031,-677
123000370,48,336,-288
123000371,517,49,468
123000372,374,34,340
123000373,11,390,-379
123000374,22,173,-151
123000375,381,56,325
123000376,908,647,261
123000377,374,18,356
123000378,21,251,-230
123000379,12,210,-198
123000380,65,419,-354
123000381,176,85,91
123000382,1210,120,1090
123000383,203,1100,-897
123000384,529,132,397
123000385,171,617,-446
123000436,43,928,-885
123000507,129,261,-132
123000508,219,979,-760
123000517,289,31,258
123000518,31,230,-199
123000519,210,56,154
123000520,70,195,-125
123000521,376,83,293
123000522,142,384,-242
123000541,6,2,4
123000542,0,18,-18
123000565,0,0,0
123000566,913,542,371
123000567,109,173,-64
123000573,45,691,-646
123000574,627,79,548
123000575,1305,1019,286
123000576,857,1247,-390
123000577,64,627,-563
123000578,460,82,378
123000579,2288,5618,-3330
123000580,133,24,109
123000582,477,62,415
123000583,19,376,-357
123000584,217,295,-78
123000585,0,99,-99
123000586,123,2,121
123000596,74,95,-21
123000597,67,151,-84
123000602,45,6,39
123000603,794,547,247
123000604,463,662,-199
123000605,786,147,639
123000606,1,314,-313
123000609,16,296,-280
123000610,218,99,119
123000613,20,162,-142
123000614,191,64,127
123000615,27,98,-71
123000616,764,63,701
123000617,168,344,-176
123000618,78,624,-546
123000619,542,68,474
123000620,17,412,-395
123000622,401,31,370
123000624,152,43,109
123000630,907,439,468
123000631,255,959,-704
123000632,817,813,4
123000633,0,160,-160
123000634,69,124,-55
123000635,116,108,8
123000636,25,473,-448
123000637,194,90,104
123000638,421,61,360
123000639,1014,3853,-2839
123000640,22,682,-660
123900001,1334,69,1265
123900002,31,1264,-1233
123900003,262,371,-109
123900005,228,140,88
123900006,233,41,192
124000001,1962,185,1777
124000002,126,1604,-1478
124000003,897,150,747
124000004,84,553,-469
124000005,1035,382,653
124000006,221,997,-776
124000007,396,103,293
124000008,25,483,-458
124000009,583,269,314
124000010,223,389,-166
124000011,1000,330,670
124000012,279,458,-179
124000017,142,149,-7
124000018,131,75,56
124000019,128,115,13
124000020,56,179,-123
124000021,134,104,30
124000022,91,204,-113
124000023,1377,1650,-273
124000024,971,494,477
124000025,1169,1913,-744
124000026,1141,975,166
124000027,4804,4792,12
124000028,2013,4260,-2247
124000030,2520,1327,1193
124000031,1110,2485,-1375
124000032,2145,862,1283
124000033,6,151,-145
124000034,970,565,405
124000035,42,238,-196
124000036,75,155,-80
124000037,642,1105,-463
124000038,57,107,-50
124000039,924,484,440
124000040,574,1224,-650
124000041,385,82,303
124000042,106,468,-362
124000043,123,87,36
124000044,86,213,-127
124000045,808,572,236
124000046,394,686,-292
124000047,1650,774,876
124000048,945,1387,-442
124000049,1727,606,1121
124000050,940,1763,-823
124000051,978,546,432
124000052,630,880,-250
124000053,567,1379,-812
124000054,953,500,453
124000055,1335,2419,-1084
124000056,2279,1282,997
124000057,886,516,370
124000058,458,1094,-636
124000059,628,1117,-489
124000060,1019,604,415
124000061,1312,4961,-3649
124000062,3632,1781,1851
124000063,1259,1633,-374
124000064,2014,1261,753
124000065,40,343,-303
124000066,186,415,-229
124000067,248,158,90
124000068,14,18,-4
124000069,129,16,113
124000070,48,82,-34
124000071,240,108,132
124000072,222,413,-191
124000073,889,159,730
124000074,257,706,-449
124000075,290,19,271
124000076,4,192,-188
124000077,1445,1041,404
124000078,2834,1157,1677
124000079,302,1471,-1169
124000080,509,168,341
124000081,290,513,-223
124000082,49,128,-79
124000083,66,104,-38
124000084,109,408,-299
124000085,130,54,76
124000086,90,88,2
124000087,190,83,107
124000088,232,511,-279
124000089,924,338,586
124000090,138,369,-231
124000091,510,154,356
124000092,102,638,-536
124000093,112,69,43
124000094,198,468,-270
124000095,101,56,45
124000096,177,260,-83
124000097,119,104,15
124000098,39,96,-57
124000099,342,129,213
124000100,75,138,-63
124000101,103,98,5
124000102,105,74,31
124000103,134,97,37
124000104,99,50,49
124000105,79,83,-4
124000106,125,50,75
124000107,37,170,-133
124000108,38,23,15
124000109,126,136,-10
124000110,207,105,102
124000111,209,155,54
124000112,720,626,94
124000113,110,83,27
124000114,319,419,-100
124000115,389,724,-335
124000116,102,170,-68
124000117,49,89,-40
124000118,36,120,-84
124000119,905,539,366
124000120,532,437,95
124000121,1345,695,650
124000122,569,1155,-586
124000123,1024,506,518
124000124,406,1099,-693
124000125,437,550,-113
124000126,267,547,-280
124000127,932,399,533
124000128,592,904,-312
124000129,2176,1749,427
124000130,752,679,73
124000131,912,645,267
124000132,961,889,72
124000133,793,844,-51
124000134,939,631,308
124000135,1827,1703,124
124000136,1010,962,48
124000137,1280,863,417
124000138,2154,1223,931
124000139,701,30,671
124000140,40,435,-395
124000141,129,22,107
124000142,8,150,-142
124000143,54,35,19
124000144,20,61,-41
124000145,124,68,56
124000146,25,73,-48
124000148,36,83,-47
124000149,1201,471,730
124000150,365,661,-296
124000151,880,392,488
124000152,843,1184,-341
124000153,1032,737,295
124000154,593,703,-110
124000155,1604,961,643
124000156,1572,1082,490
124000169,250,418,-168
124000170,619,450,169
124000171,321,231,90
124000172,397,536,-139
124000173,519,251,268
124000174,420,536,-116
124000175,5,99,-94
124000176,48,12,36
124000177,7,39,-32
124000178,30,56,-26
124000190,111,63,48
124000191,127,219,-92
124000192,1707,392,1315
124000193,565,1011,-446
124000194,403,434,-31
124000195,276,603,-327
124000196,1016,930,86
124000197,51,64,-13
124000198,41,62,-21
124000201,322,961,-639
124000202,655,539,116
124000203,424,512,-88
124000204,791,279,512
124000205,89,335,-246
124000206,638,350,288
124000207,0,37,-37
124000209,204,359,-155
124000210,527,214,313
124000211,753,2,751
124000212,1,368,-367
124000213,428,299,129
124000214,387,542,-155
124000215,300,36,264
124000216,1,375,-374
124000329,144,1385,-1241
124000338,366,693,-327
124000339,975,143,832
124000341,1422,109,1313
124000344,84,57,27
124000357,1018,1688,-670
124000358,816,1267,-451
124000359,1044,551,493
124000360,672,459,213
124000361,1707,838,869
124000362,1204,1551,-347
124000363,272,327,-55
124000364,456,685,-229
124000365,485,958,-473
124000366,1253,934,319
124000367,112,486,-374
124000368,462,311,151
124000369,196,118,78
124000370,62,543,-481
124000402,40,27,13
124000403,143,13,130
124000404,19,77,-58
124000405,1126,823,303
124000406,847,812,35
124000407,2,38,-36
124000411,5,299,-294
124000412,456,7,449
124000413,207,31,176
124000414,58,99,-41
124000415,61,111,-50
124000416,140,185,-45
124000417,183,82,101
124000418,176,96,80
124000419,123,134,-11
124000420,86,54,32
124000421,38,163,-125
124000422,28,17,11
124000423,124,28,96
124000424,4,106,-102
124000425,46,20,26
124000426,6,42,-36
124000427,47,13,34
124000428,16,78,-62
124000429,64,60,4
124000430,656,434,222
124000431,247,588,-341
124000432,323,710,-387
124000439,3,8,-5
124000443,2,5,-3
124000445,233,752,-519
124000446,1105,156,949
124900001,520,369,151
124900002,211,333,-122
124900003,1053,569,484
124900004,621,358,263
124900005,233,183,50
124900006,675,332,343
124900008,1047,626,421
124900009,244,364,-120
124900010,230,155,75
124900011,665,171,494
124900012,479,85,394
124900013,473,118,355
124900014,366,68,298
124900015,199,385,-186
124900016,77,118,-41
124900017,585,1214,-629
124900018,48,12,36
124900020,88,62,26
124900021,365,46,319
124900022,69,6,63
124900024,261,14,247
124900026,172,41,131
124900027,96,443,-347
124900028,445,112,333
124900029,20,491,-471
124900030,4,153,-149
124900031,59,291,-232
124900032,323,242,81
124900033,102,293,-191
124900034,9,124,-115
124900035,157,486,-329
124900036,5,65,-60
124900037,247,276,-29
124900038,297,273,24
124900039,1,165,-164
124900040,223,129,94
124900041,271,874,-603
124900042,162,10,152
124900043,460,843,-383
124900044,101,5,96
124900045,696,1066,-370
124900046,1029,281,748
124900047,165,251,-86
124900048,217,143,74
124900050,189,202,-13
124900052,67,429,-362
124900053,158,336,-178
124900054,1539,497,1042
124900055,1,206,-205
124900057,11,72,-61
124900060,93,206,-113
124900061,106,16,90
124900062,251,20,231
124900066,0,13,-13
124900067,16,99,-83
124900068,250,536,-286
124900070,97,37,60
124900072,130,34,96
124900074,575,158,417
124900075,244,192,52
124900076,29,1103,-1074
124900077,29,111,-82
124900078,145,21,124
124900079,539,241,298
124900080,278,556,-278
124900081,901,281,620
124900082,331,718,-387
124900083,217,480,-263
124900084,1847,136,1711
124900085,1017,567,450
124900086,103,1300,-1197
124900087,638,142,496
124900088,646,130,516
124900089,1197,41,1156
124900090,293,254,39
124900091,378,323,55
124900092,247,265,-18
124900093,319,196,123
124900094,416,283,133
124900095,126,456,-330
124900096,608,288,320
124900097,361,84,277
124900098,172,336,-164
124900099,704,560,144
124900100,399,45,354
124900101,72,533,-461
124900102,219,32,187
124900103,145,183,-38
124900104,54,156,-102
124900105,96,75,21
124900106,422,68,354
124900107,135,28,107
124900108,152,105,47
124900109,106,111,-5
124900110,277,276,1
124900111,2,190,-188
124900112,36,547,-511
124900113,139,269,-130
124900114,190,151,39
124900115,85,36,49
124900116,259,246,13
124900117,335,207,128
124900118,215,251,-36
124900119,389,207,182
124900120,45,307,-262
124900121,130,400,-270
124900122,302,288,14
124900123,342,99,243
124900124,152,247,-95
129000186,146,54,92
204000001,56,4,52
204000002,28,1,27
204000003,25,3,22
204000004,8,4,4
204000005,529,382,147
204000006,1209,1015,194
204000011,17,39,-22
204000012,65,106,-41
204000013,0,3,-3
204000019,618,480,138
204000020,770,529,241
204000021,2012,970,1042
204000022,486,489,-3
204000023,509,643,-134
204000031,76,10,66
204000032,339,28,311
204000034,22,185,-163
204000035,1,6,-5
204000036,3,26,-23
204000037,0,16,-16
204000038,0,16,-16
204000039,0,27,-27
204000040,6,22,-16
204000041,6,28,-22
204000042,76,16,60
204000043,40,8,32
204000044,33,8,25
204000045,54,1,53
204000046,13,4,9
204000057,4,29,-25
204000062,15,29,-14
204000068,19,182,-163
204000069,43,317,-274
204000070,77,65,12
204000080,65,44,21
204000085,2019,1581,438
204000086,2001,1746,255
204000087,40,10,30
204000088,4,86,-82
204000090,23,277,-254
204000093,359,73,286
204000096,831,999,-168
204000097,437,7,430
204000099,1114,1220,-106
204000100,1543,1772,-229
204000105,2013,1265,748
204000110,1033,1136,-103
204000111,490,612,-122
204000112,1102,818,284
204000113,690,808,-118
204000114,1226,783,443
204000115,530,341,189
204000116,1936,751,1185
204000119,1971,2542,-571
204000132,658,362,296
204000133,831,198,633
204000134,399,79,320
204000135,736,56,680
204000136,690,193,497
204000138,350,563,-213
204000140,200,138,62
204000141,170,57,113
204000144,23,30,-7
204000145,550,49,501
204000146,25,340,-315
204000147,16,141,-125
204000148,160,13,147
204000154,7,2,5
204000155,2,7,-5
204000177,80,44,36
204000179,30,7,23
204000180,0,18,-18
204000222,7,17,-10
204000235,20,22,-2
204000236,80,235,-155
204000238,27,32,-5
204000240,351,100,251
204000263,557,823,-266
204000268,1061,619,442
204000308,213,12,201
204000317,7,70,-63
204000322,6,38,-32
204000323,43,9,34
204000328,235,76,159
204000329,52,185,-133
204000330,183,7,176
204000331,17,77,-60
204010341,7,164,-157
205000001,753,1723,-970
205000013,7,48,-41
205000014,15,81,-66
205000015,28,175,-147
205000016,20,152,-132
205000017,20,89,-69
205000022,260,766,-506
205000025,962,980,-18
205000029,230,12,218
205000045,143,505,-362
205000046,121,472,-351
205000047,76,437,-361
205000048,267,836,-569
205000049,197,683,-486
205000050,700,261,439
205000059,1,184,-183
205000060,2,89,-87
205000061,7,70,-63
205000062,5,66,-61
205000063,16,100,-84
205000064,13,60,-47
205000065,54,414,-360
205000066,75,477,-402
205000067,32,605,-573
205000069,192,17,175
205000082,215,180,35
205000110,81,235,-154
205000111,183,254,-71
205000112,179,216,-37
205000113,176,399,-223
205000121,341,45,296
205000123,37,195,-158
205000126,521,73,448
205000127,730,108,622
205000128,410,53,357
205000129,556,56,500
205000130,181,19,162
205000131,123,7,116
205000132,173,2,171
205000133,88,2,86
205000134,213,0,213
205000137,72,139,-67
205000138,149,340,-191
205000139,37,125,-88
205000144,88,105,-17
205000145,474,180,294
205000151,192,30,162
205000152,246,25,221
205000153,302,22,280
205000154,106,39,67
205000155,105,15,90
205000207,16,173,-157
205000233,8,0,8
205000234,1,0,1
205000243,0,0,0
205000244,0,4,-4
205000245,13,178,-165
205000249,1,30,-29
205000250,7,0,7
205000264,4,103,-99
206000027,8,2,6
206000028,4,2,2
206000043,15,50,-35
206000053,2,5,-3
206000054,1,19,-18
206000055,1,28,-27
206000075,13,19,-6
206000076,15,10,5
206000077,20,13,7
206000078,38,10,28
206000079,21,6,15
206000082,352,46,306
206000100,30,440,-410
206000103,2,16,-14
206000104,14,18,-4
206000105,3,17,-14
206000106,6,22,-16
206000108,638,54,584
206000125,54,0,54
206000157,54,489,-435
206000170,0,128,-128
206000171,8,153,-145
206000172,4,396,-392
206000173,4,183,-179
206000174,8,61,-53
206000175,3,73,-70
206000176,24,141,-117
206000177,1,125,-124
206000178,1,150,-149
206000179,5,95,-90
206000180,14,109,-95
206000181,2,85,-83
206000182,8,113,-105
206000183,18,473,-455
206000184,6,350,-344
206000185,6,162,-156
206000186,91,742,-651
206000223,17,201,-184
206000226,15,0,15
206000227,21,5,16
206000237,64,261,-197
206000238,29,397,-368
206000239,229,1529,-1300
206000240,4,54,-50
206000241,0,93,-93
206000242,4,187,-183
206000243,7,168,-161
206000244,39,560,-521
206000245,673,69,604
206000246,206,25,181
206000247,201,8,193
206000248,398,11,387
206000252,62,46,16
206000258,29,49,-20
206000315,32,5,27
206000317,503,89,414
206000318,421,54,367
206000319,1317,70,1247
206000320,194,46,148
206000321,164,15,149
206000322,394,12,382
206000323,159,10,149
206000324,171,7,164
206000325,197,16,181
206000326,194,6,188
206000327,181,8,173
206000328,167,2,165
206000329,242,13,229
206000330,80,8,72
206000331,160,1,159
206000332,45,0,45
206000333,524,3,521
206000334,252,3,249
206000335,0,23,-23
206000361,3,156,-153
206000392,1,27,-26
206000405,132,2,130
206000441,32,18,14
206000498,37,2,35
206000515,77,46,31
206000530,271,52,219
206000531,195,234,-39
206000532,1588,293,1295
206000535,199,1458,-1259
206000536,20,163,-143
206000537,24,152,-128
206000613,1487,181,1306
207000001,141,548,-407
207000002,108,312,-204
207000003,133,153,-20
207000007,761,236,525
207000008,92,11,81
207000009,51,38,13
207000010,332,366,-34
207000012,351,218,133
207000015,218,1061,-843
207000019,238,86,152
207000021,556,161,395
207000022,171,98,73
207000023,218,36,182
207000024,7,13,-6
207000025,36,51,-15
207000026,71,30,41
207000027,15,86,-71
207000028,57,175,-118
207000029,191,353,-162
207000033,184,473,-289
207000034,307,98,209
207000039,399,102,297
207000040,348,76,272
207000041,145,40,105
207000042,225,35,190
207000043,214,145,69
207000051,123,202,-79
207000052,23,106,-83
207000053,378,413,-35
207000054,38,100,-62
207000055,186,96,90
207000056,317,275,42
207000057,114,236,-122
207000058,157,256,-99
207000059,88,351,-263
207000060,51,139,-88
207000061,239,474,-235
207000062,243,46,197
207000063,299,95,204
207000064,407,115,292
207000065,327,204,123
207000066,190,148,42
207000067,46,70,-24
207000068,157,71,86
207000069,605,359,246
207000082,9,181,-172
207000083,80,229,-149
207000084,251,232,19
207000085,186,24,162
207000086,180,3,177
207000106,44,22,22
207000107,70,26,44
207000108,58,13,45
207000109,42,7,35
207000110,71,70,1
207000111,68,52,16
207000112,166,554,-388
207000114,33,25,8
207000115,38,67,-29
207000116,18,329,-311
207000117,3,84,-81
207000118,2,73,-71
207000119,26,80,-54
207000123,135,33,102
207000124,67,20,47
207000125,60,39,21
207000126,82,67,15
207000134,62,132,-70
207000135,20,217,-197
207000148,57,312,-255
207000149,65,41,24
207000152,109,390,-281
207000153,875,1124,-249
207000154,354,149,205
207000159,80,132,-52
207000160,121,370,-249
207000238,0,143,-143
207000242,3,172,-169
207000248,38,38,0
207000249,142,41,101
207000250,570,77,493
207000251,120,49,71
207000252,72,61,11
207000278,95,70,25
207000279,16,137,-121
207000280,538,61,477
207000281,143,678,-535
207000282,181,109,72
207000283,116,205,-89
207000284,65,210,-145
207000285,93,39,54
207000291,19,120,-101
207000304,94,43,51
207000306,51,367,-316
207000310,99,67,32
207000353,287,3,284
207000356,22,42,-20
207000357,17,13,4
207000358,18,14,4
207000415,2,146,-144
207000417,34,3,31
207000418,110,118,-8
207000438,0,3,-3
207000439,917,743,174
207000446,174,7,167
207000460,40,6,34
207000466,147,127,20
207000467,241,84,157
207000468,27,277,-250
207000476,7,55,-48
207000477,649,78,571
207000478,4,76,-72
207000523,0,8,-8
207000524,58,19,39
207000527,113,137,-24
207000530,479,3,476
207000531,278,18,260
207000532,142,44,98
207000534,433,42,391
207000535,30,272,-242
207000537,98,100,-2
207000540,9,157,-148
207000541,3,274,-271
207000548,6,258,-252
207000549,313,15,298
207000561,201,214,-13
207000562,57,181,-124
207000567,150,199,-49
207000568,198,77,121
207000569,420,665,-245
207000584,275,200,75
207000585,62,384,-322
207000616,0,118,-118
207000617,167,0,167
207900008,215,114,101
208000001,543,975,-432
208000002,629,466,163
208000003,1262,374,888
208000004,1233,573,660
208000005,0,24,-24
208000019,585,807,-222
208000020,142,416,-274
208000021,206,301,-95
208000022,1027,469,558
208000028,1439,964,475
208000033,619,479,140
208000034,1155,1200,-45
208000037,205,21,184
208000040,228,170,58
208000041,965,471,494
208000042,1272,583,689
208000047,138,167,-29
208000064,2171,1375,796
208000066,1653,2389,-736
208000070,336,276,60
208000071,371,677,-306
208000072,341,1071,-730
208000080,361,327,34
208000081,340,151,189
208000082,238,243,-5
208000083,116,311,-195
208000084,14,21,-7
208000085,755,515,240
208000086,440,852,-412
208000087,322,698,-376
208000089,919,351,568
208000090,840,505,335
208000093,130,131,-1
208000094,391,301,90
208000095,498,411,87
208000104,913,771,142
208000105,615,793,-178
208000114,142,346,-204
208000115,437,324,113
208000116,507,1004,-497
208000117,90,135,-45
208000118,109,111,-2
208000155,636,1035,-399
208000158,1316,3642,-2326
208000186,3367,4001,-634
208000204,589,970,-381
208000205,1028,882,146
208000282,5202,3150,2052
209000004,372,147,225
209000005,39,44,-5
209000006,389,151,238
209000007,228,310,-82
209000010,353,101,252
209000011,134,193,-59
209000012,329,121,208
209000013,230,276,-46
209000014,421,837,-416
209000025,270,39,231
209000026,620,103,517
209000027,339,644,-305
209000028,374,619,-245
209000029,493,650,-157
209000030,339,1114,-775
209000031,2015,1839,176
209000034,204,198,6
209000035,150,159,-9
209000036,167,93,74
209000037,286,172,114
209000038,111,100,11
209000039,83,124,-41
209000040,251,438,-187
209000041,156,359,-203
209000042,186,325,-139
209000043,599,783,-184
209000044,189,721,-532
209000045,1198,416,782
209000046,469,464,5
209000047,378,166,212
209000048,591,299,292
209000049,77,86,-9
209000050,173,109,64
209000051,218,207,11
209000052,146,212,-66
209000062,36,81,-45
209000063,54,59,-5
209000064,44,93,-49
209000065,80,21,59
209000066,59,23,36
209000067,92,23,69
209000080,26,180,-154
209000082,91,39,52
209000091,23,113,-90
209000093,38,20,18
209000094,162,155,7
209000110,36,125,-89
209000111,528,1251,-723
209000112,887,380,507
209000113,1440,409,1031
209000114,632,382,250
209000115,63,119,-56
209000116,414,336,78
209000118,15,57,-42
209000119,18,18,0
209000121,105,347,-242
209000135,59,194,-135
209000142,564,1308,-744
209000143,57,66,-9
209000144,48,128,-80
209000229,251,158,93
209000240,23,223,-200
209000259,67,98,-31
209000260,40,750,-710
209000261,6,507,-501
209000262,2,332,-330
209000263,1,137,-136
209000264,0,112,-112
209000265,506,4,502
209000266,120,2,118
209000267,944,9,935
209000268,831,63,768
210000037,50,11,39
210000047,63,21,42
210000048,100,13,87
210000049,50,13,37
210000052,50,74,-24
210000053,29,40,-11
210000054,48,72,-24
210000070,161,7,154
210000071,82,0,82
210000072,44,0,44
210000073,0,25,-25
210000074,0,97,-97
210000075,3,99,-96
210000076,7,159,-152
210000077,7,33,-26
210000078,22,25,-3
210000079,18,16,2
210000080,72,37,35
210000081,142,14,128
210000082,140,2,138
210000083,94,0,94
210000084,31,1,30
210000085,0,50,-50
210000086,5,88,-83
210000099,50,206,-156
210000100,56,113,-57
210000101,65,112,-47
210000105,25,161,-136
210000159,0,139,-139
210000163,157,192,-35
210000164,361,188,173
210000168,71,31,40
210000187,0,22,-22
210000188,1,13,-12
210000214,39,0,39
210000219,44,81,-37
210000220,69,71,-2
210000232,7,16,-9
210000233,40,54,-14
210000234,28,96,-68
210000235,78,74,4
210000245,1,64,-63
210000246,41,3,38
210000258,13,104,-91
210000259,269,81,188
210000282,91,194,-103
210000285,0,124,-124
210000286,25,164,-139
210000290,3,4,-1
210000295,48,107,-59
210000296,33,34,-1
210000320,157,94,63
210000321,110,55,55
210000338,66,42,24
210000339,314,936,-622
210000340,87,321,-234
210000341,189,192,-3
210000342,183,153,30
210000343,136,174,-38
210000344,161,93,68
210000345,155,147,8
210000346,60,104,-44
210000347,73,37,36
210000348,103,13,90
210000349,29,22,7
210000350,102,41,61
210000351,118,91,27
210000352,60,42,18
210000353,39,74,-35
210000354,55,57,-2
210000355,38,55,-17
210000356,55,48,7
210000357,33,33,0
210000358,169,108,61
210000359,88,73,15
210000360,142,109,33
210000361,160,102,58
210000362,255,192,63
210000363,494,255,239
210000364,81,149,-68
210000365,108,68,40
210000366,137,52,85
210000367,71,25,46
210000368,124,41,83
210000369,5,15,-10
210000370,45,40,5
210000372,21,31,-10
210000373,23,19,4
210000374,50,12,38
210000375,30,65,-35
210000376,53,93,-40
210000404,56,89,-33
210000439,16,48,-32
210000472,99,2,97
210000482,49,86,-37
210000564,311,286,25
210000567,0,15,-15
210000568,341,3,338
211000092,74,69,5
211000094,18,8,10
211000169,185,29,156
211000172,9,202,-193
211000209,2,37,-35
211000226,11,23,-12
211000270,20,8,12
211000275,17,15,2
211000276,86,20,66
211000279,23,27,-4
211000281,56,77,-21
211507980,6,57,-51
211977296,44,6,38
212000003,78,48,30
212000004,10,18,-8
212000005,15,14,1
212000006,20,59,-39
212000008,143,102,41
212000009,36,91,-55
212000012,68,72,-4
212000013,25,58,-33
212000014,174,147,27
212000015,208,239,-31
212000016,425,424,1
212000027,484,372,112
212000028,276,307,-31
212000029,201,189,12
212000030,41,14,27
212000031,68,39,29
212000048,43,106,-63
212000049,16,72,-56
212000050,13,6,7
212000051,143,198,-55
212000052,198,232,-34
212000053,346,418,-72
212000054,258,85,173
212000055,223,194,29
212000056,17,24,-7
212000057,14,19,-5
212000058,211,28,183
212000070,121,180,-59
212000077,107,408,-301
212000099,288,195,93
212000108,112,117,-5
212000111,195,84,111
212000120,122,54,68
212000138,118,22,96
212000156,13,71,-58
212000158,18,10,8
212000159,359,37,322
212000160,552,176,376
212000161,60,12,48
212000310,24,15,9
212000311,31,59,-28
212000374,33,10,23
213000001,34,493,-459
213000005,384,114,270
213000006,1098,260,838
213000007,121,7,114
213000009,824,490,334
213000010,170,265,-95
213000011,230,127,103
213000012,148,332,-184
213000014,85,10,75
213000015,257,9,248
213000016,525,0,525
213000017,104,2,102
213000018,1,145,-144
213000019,5,158,-153
213000020,115,348,-233
213000021,5,113,-108
213000023,392,199,193
213000033,361,1638,-1277
213000034,935,246,689
213000035,111,174,-63
213000045,213,184,29
213000046,228,163,65
213000047,632,1158,-526
213000056,101,37,64
213000069,68,2,66
213000073,1,45,-44
213000074,63,315,-252
213000075,507,13,494
213000076,32,2,30
213000085,11,28,-17
213000086,14,145,-131
213000091,199,24,175
213000092,89,10,79
213000099,147,1052,-905
213000100,1030,250,780
213000101,374,141,233
213000102,454,225,229
213000103,857,788,69
213000104,46,380,-334
213000105,5,174,-169
213000106,30,87,-57
213000107,121,470,-349
213000108,47,437,-390
213000109,10,189,-179
213000110,22,95,-73
213000111,28,75,-47
213000112,132,116,16
213000115,58,14,44
213000116,36,307,-271
213000117,11,537,-526
213000118,416,234,182
213000119,42,506,-464
213000120,137,442,-305
213000122,137,478,-341
213000123,412,1195,-783
213000124,123,1303,-1180
213000125,132,24,108
213000126,119,141,-22
213000127,159,273,-114
213000128,457,1047,-590
213000129,378,562,-184
213000130,573,260,313
213000132,363,110,253
213000133,511,129,382
213000134,724,53,671
213000136,404,25,379
213000137,663,82,581
213000139,207,18,189
213000147,80,10,70
213000148,33,12,21
213000149,21,5,16
213000150,1,113,-112
213000151,2,105,-103
213000152,4,67,-63
213000153,5,96,-91
213000154,35,281,-246
213000155,35,174,-139
213000156,124,343,-219
213000157,495,345,150
213000158,378,908,-530
213000159,715,466,249
213000163,948,86,862
213000165,930,305,625
213000171,1,91,-90
213000172,3,275,-272
213000173,8,229,-221
213000174,5,141,-136
213000175,11,80,-69
213000176,34,60,-26
213000177,82,10,72
213000178,215,4,211
213000179,221,1,220
213000180,214,0,214
213000184,94,351,-257
213000188,501,121,380
213000189,433,40,393
213000190,925,760,165
213000191,323,370,-47
213000192,257,357,-100
213000193,717,280,437
213000194,1,76,-75
213000195,28,309,-281
213000196,215,1123,-908
213000197,443,434,9
213000198,53,5,48
213000200,122,796,-674
213000201,49,47,2
213000202,15,444,-429
213000203,3144,592,2552
213000204,555,56,499
213000205,354,93,261
213000206,389,53,336
213000207,149,13,136
213000208,94,2,92
213000209,169,2,167
213000210,418,1,417
213000211,6,19,-13
213000212,6,38,-32
213000213,22,59,-37
213000218,201,448,-247
213000219,514,19,495
213000220,418,15,403
213000223,175,202,-27
213000224,73,62,11
213000225,137,16,121
213000226,63,13,50
213000227,880,200,680
213000228,423,90,333
213000229,212,16,196
213000230,370,15,355
213000232,74,789,-715
213000233,13,343,-330
213000234,8,57,-49
213000293,16,61,-45
213000294,153,22,131
213000295,6,83,-77
213000296,70,30,40
213000297,5,101,-96
213000298,33,80,-47
213000299,66,37,29
213000300,32,2,30
213000303,4,17,-13
213000304,1,19,-18
213000305,3,18,-15
213000306,45,27,18
213000307,185,57,128
213000308,96,167,-71
213000309,133,49,84
213000310,443,192,251
213000311,254,734,-480
213000315,72,101,-29
213000316,157,64,93
213000322,94,122,-28
213000323,110,64,46
213000324,69,54,15
213000325,40,89,-49
213000326,21,36,-15
213000327,37,47,-10
213000328,25,112,-87
213000329,163,30,133
213000340,145,465,-320
213000341,464,82,382
213000346,253,312,-59
213000347,701,476,225
213000348,14,92,-78
213000349,39,5,34
213000350,306,899,-593
213000366,100,334,-234
213000367,286,17,269
213000379,134,44,90
213000386,21,270,-249
213000406,82,421,-339
213000417,1156,461,695
213000425,185,38,147
213000426,180,59,121
213000427,42,232,-190
213000428,59,196,-137
213000429,22,4,18
213000430,174,708,-534
213000431,91,4,87
213000432,2,129,-127
213000433,22,136,-114
213000434,84,122,-38
213000435,183,82,101
213000436,34,71,-37
213000437,4,15,-11
213000438,166,80,86
213000439,46,23,23
213000440,14,290,-276
213000441,3,2,1
213000442,0,43,-43
213000443,431,345,86
213000444,26,49,-23
213000445,2,101,-99
213000446,0,185,-185
213000447,3,74,-71
213000448,16,112,-96
213000449,355,5,350
213000450,39,37,2
213000451,253,107,146
213000452,14,17,-3
213000453,46,264,-218
213000455,632,16,616
213000456,2,312,-310
213000481,3,6,-3
213000482,37,2,35
213000489,303,59,244
213000491,2,98,-96
213000492,193,3,190
213000493,0,102,-102
213000494,233,154,79
213000495,0,56,-56
213000496,400,116,284
213000497,34,282,-248
213000498,151,194,-43
213000499,190,489,-299
213000500,531,84,447
213000501,137,33,104
213000502,220,163,57
213000503,0,57,-57
213000504,12,77,-65
213000505,10,4,6
213000506,0,10,-10
213000507,2,118,-116
213900016,0,9,-9
213900244,35,0,35
213900245,0,26,-26
218000003,19,30,-11
218000004,51,27,24
218000005,27,32,-5
218000006,45,27,18
218000007,23,7,16
218000012,221,112,109
218000013,105,121,-16
218000014,430,385,45
218000019,677,557,120
218000020,244,357,-113
218000021,30,44,-14
218000022,9,37,-28
218000023,9,35,-26
218000024,3,4,-1
218000025,9,13,-4
218000026,9,26,-17
218000027,2,8,-6
218000028,3,4,-1
218000029,2,7,-5
218000030,20,28,-8
218000031,4,19,-15
218000032,6,29,-23
218000040,3,3,0
218000046,47,77,-30
218000047,16,108,-92
218000048,36,80,-44
218000049,91,100,-9
218000050,376,207,169
218000051,44,190,-146
218000052,3,92,-89
218000053,9,8,1
218000054,17,53,-36
218000055,3,26,-23
218000056,11,33,-22
218000057,0,28,-28
218000064,2,6,-4
218000065,109,37,72
218000066,14,48,-34
218000067,47,47,0
218000068,125,81,44
218000069,185,83,102
218000070,219,198,21
218000071,182,155,27
218000072,277,152,125
218000078,754,650,104
218000079,93,72,21
218000080,153,61,92
218000081,422,193,229
218000082,73,90,-17
218000083,50,55,-5
218000084,141,138,3
218000085,160,349,-189
218000086,73,143,-70
218000087,191,161,30
218000090,15,77,-62
218000091,873,447,426
218000092,95,131,-36
218000093,80,58,22
218000094,426,494,-68
218000099,310,607,-297
218000100,240,287,-47
218000101,284,153,131
218000102,363,228,135
218000103,97,142,-45
218000104,99,36,63
218000105,29,24,5
218000106,10,9,1
218000107,74,48,26
218000108,1,47,-46
218000112,45,29,16
218000117,77,53,24
218000134,438,492,-54
218000135,32,85,-53
218000136,273,94,179
218000137,242,145,97
218000138,44,86,-42
218000139,159,261,-102
218000140,451,221,230
218000141,88,62,26
218000142,245,134,111
218000143,135,243,-108
218000144,51,87,-36
218000145,277,330,-53
218000146,109,176,-67
218000151,6,12,-6
218000152,131,30,101
218000153,18,3,15
218000154,25,1,24
218000155,14,3,11
218000156,57,13,44
218000157,11,8,3
218000158,4,9,-5
218000159,5,2,3
218000160,0,3,-3
218000161,41,11,30
218000162,18,6,12
218000163,15,1,14
218000164,37,4,33
218000165,53,8,45
218000170,1,49,-48
218000171,31,15,16
218000172,11,14,-3
218000173,48,10,38
218000174,15,10,5
218000176,66,21,45
218000177,144,177,-33
218000178,37,213,-176
218000179,51,85,-34
218000180,34,31,3
218000181,83,89,-6
218000187,7,18,-11
218000188,17,41,-24
218000189,28,56,-28
218000190,11,18,-7
218000191,110,50,60
218000192,130,197,-67
218000193,376,303,73
218000194,77,272,-195
218000195,108,59,49
218000196,343,218,125
218000197,340,253,87
218000198,6,90,-84
218000199,52,24,28
218000200,76,24,52
218000201,17,16,1
218000202,57,205,-148
218000207,5,18,-13
218000208,41,29,12
218000211,48,9,39
218000212,13,21,-8
218000213,81,187,-106
218000214,3,45,-42
218000215,30,50,-20
218000217,6,59,-53
218000218,216,55,161
218000219,33,16,17
218000220,67,333,-266
218000221,488,137,351
218000222,4,31,-27
218000223,36,321,-285
218000224,9,177,-168
218000225,64,29,35
218000226,63,42,21
218000230,0,11,-11
218000232,22,49,-27
218000239,133,13,120
218000240,30,6,24
218000241,40,3,37
218000242,75,3,72
218000243,142,7,135
218000244,44,1,43
218000245,44,2,42
218000246,0,0,0
218000247,0,0,0
218000248,0,12,-12
218000249,0,3,-3
218000250,0,8,-8
218000251,5,9,-4
218000252,4,35,-31
218000253,3,31,-28
218000254,0,29,-29
218000255,6,20,-14
218000256,5,64,-59
218000267,453,788,-335
218000268,14,50,-36
218000269,6,13,-7
218000270,67,40,27
218000271,15,44,-29
218000273,24,11,13
218000274,14,3,11
218000275,21,33,-12
218000276,9,37,-28
218000278,20,30,-10
218000279,84,52,32
218000280,8,31,-23
218000281,31,10,21
218000282,388,394,-6
218000284,91,5,86
218000301,91,121,-30
218000302,145,48,97
218000303,51,34,17
218000316,644,710,-66
218000317,912,780,132
218000318,660,574,86
218000319,900,809,91
218000320,665,487,178
218000338,44,30,14
218000345,74,62,12
218000346,30,149,-119
218000459,28,143,-115
218000490,22,34,-12
218000501,91,44,47
218000502,28,85,-57
218000503,102,45,57
218000504,121,35,86
218000505,49,112,-63
218000506,49,230,-181
218000508,2,5,-3
218000510,137,28,109
218000520,93,75,18
218000521,3,32,-29
218000522,1,116,-115
218000523,98,5,93
218000524,38,193,-155
218000525,167,9,158
218000526,32,112,-80
218000529,14,106,-92
218000530,24,4,20
218000531,11,17,-6
218000532,21,10,11
218000534,89,9,80
218000537,10,41,-31
218000538,140,304,-164
218000540,444,93,351
218000543,106,38,68
218000544,17,56,-39
218000545,52,66,-14
218000546,35,58,-23
218000547,89,130,-41
218000548,127,100,27
218000549,393,481,-88
218000550,236,257,-21
218000551,98,921,-823
218000552,357,61,296
218000553,37,101,-64
218000554,43,26,17
218000555,23,27,-4
218000556,84,165,-81
218000557,195,75,120
218000558,75,0,75
218000559,0,49,-49
218000560,0,32,-32
218000561,12,0,12
218000562,34,181,-147
218000563,199,9,190
218000564,6,116,-110
218000565,178,24,154
218000566,608,24,584
218000567,5,91,-86
218000568,40,4,36
218000569,6,78,-72
218000570,179,16,163
218000571,23,114,-91
218000572,140,0,140
218000573,20,145,-125
218000574,203,41,162
218000575,92,0,92
218000576,2,70,-68
218000577,100,0,100
218000578,2,76,-74
218000579,81,26,55
218000581,2,70,-68
218000582,34,2,32
218000583,16,0,16
218000584,0,30,-30
218000585,32,10,22
218000586,9,29,-20
218000587,4,0,4
218000588,6,5,1
218000589,2,7,-5
218000590,15,1,14
218000591,11,8,3
218000592,30,0,30
218000593,0,1,-1
218000594,0,0,0
218000595,2,0,2
218000596,0,0,0
218000597,0,0,0
218000598,3,0,3
218000599,1,0,1
218000600,1,0,1
218000601,0,1,-1
218000602,0,3,-3
218000603,0,4,-4
218000604,18,1,17
218000605,0,43,-43
218000606,102,0,102
218000607,9,39,-30
218000608,74,24,50
218000609,12,48,-36
218000610,82,17,65
218000611,45,5,40
218000612,0,34,-34
218000613,35,0,35
218000614,1,31,-30
218000615,142,2,140
218000616,7,85,-78
218000617,16,3,13
218000618,1,17,-16
218000619,52,45,7
218000620,24,26,-2
218000621,0,10,-10
218000622,2,14,-12
218000623,269,6,263
218000624,7,12,-5
218000625,7,6,1
218000626,1,13,-12
218000628,119,43,76
218000631,29,8,21
218000632,4,92,-88
218000633,131,2,129
218000634,13,12,1
218000635,16,21,-5
218000636,619,967,-348
218000637,901,398,503
218000638,196,51,145
218000639,12,148,-136
218000640,258,21,237
218000641,45,263,-218
218000652,31,60,-29
218000653,74,57,17
218000663,7,119,-112
218000675,47,31,16
218000676,7,17,-10
218000677,20,2,18
218000680,151,382,-231
218000681,277,94,183
218000691,97,147,-50
218000693,200,88,112
218000703,15,31,-16
218000718,477,1280,-803
218000719,877,767,110
218000720,40,201,-161
218000721,202,10,192
218000725,6,4,2
218001214,22,66,-44
218001258,77,7,70
218001329,86,71,15
218001330,67,76,-9
218001351,17,7,10
218001352,15,18,-3
218001353,28,9,19
218001354,3,21,-18
218001356,310,17,293
218001358,217,0,217
218001361,220,15,205
219000001,34,60,-26
219000002,20,54,-34
219000003,75,30,45
219000004,45,45,0
219000017,93,40,53
219000020,101,49,52
219000022,115,8,107
219000023,125,3,122
219000029,1,39,-38
219000034,45,15,30
219000039,86,149,-63
219000040,68,78,-10
219000041,130,26,104
219000051,0,40,-40
219000052,1,13,-12
219000053,0,73,-73
219000054,35,86,-51
219000055,207,0,207
219000056,28,0,28
219000057,58,0,58
219000062,18,62,-44
219000063,62,11,51
219000064,4,47,-43
219000110,353,45,308
219000111,90,34,56
219000112,152,70,82
219000113,99,38,61
219000114,159,117,42
219000116,105,64,41
219000117,135,54,81
219000118,224,53,171
219000123,191,74,117
219000124,74,42,32
219000125,28,5,23
219000126,61,108,-47
219000127,0,4,-4
219000128,8,89,-81
219000129,21,81,-60
219000130,339,401,-62
219000131,501,773,-272
219000133,45,36,9
219000134,12,20,-8
219000135,28,57,-29
219000136,69,150,-81
219000138,74,8,66
219000139,18,40,-22
219000140,61,3,58
219000141,11,85,-74
219000142,16,87,-71
219000143,21,76,-55
219000145,18,47,-29
219000146,6,17,-11
219000147,0,27,-27
219000148,3,19,-16
219000149,15,61,-46
219000150,2,64,-62
219000151,4,31,-27
219000157,181,98,83
219000158,212,218,-6
219000161,141,12,129
219000163,1057,485,572
219000166,96,154,-58
219000167,79,139,-60
219000168,186,93,93
219000174,313,149,164
219000175,72,4,68
219000176,100,2,98
219000177,74,2,72
219000178,45,1,44
219000179,12,3,9
219000180,44,32,12
219000182,119,14,105
219000183,89,33,56
219000184,93,7,86
219000185,0,41,-41
219000186,44,34,10
219000187,27,69,-42
219000189,53,156,-103
219000190,67,181,-114
219000191,615,1142,-527
219000192,176,136,40
219000193,185,108,77
219000195,1,42,-41
219000196,6,85,-79
219000198,14,61,-47
219000199,28,203,-175
219000200,32,164,-132
219000201,64,174,-110
219000203,20,91,-71
219000204,102,185,-83
219000205,36,182,-146
219000207,105,199,-94
219000209,20,64,-44
219000210,31,87,-56
219000213,8,108,-100
219000239,192,214,-22
219000240,201,312,-111
219000241,135,143,-8
219000242,79,129,-50
219000243,88,202,-114
219000244,10,92,-82
219000245,19,19,0
219000246,42,27,15
219000247,122,21,101
219000248,462,371,91
219000249,135,82,53
219000250,143,88,55
219000251,484,215,269
219000252,197,182,15
219000253,425,112,313
219000255,90,109,-19
219000256,171,94,77
219000257,69,0,69
219000262,82,96,-14
219000263,55,98,-43
219000267,3,55,-52
219000268,1,2,-1
219000269,1,0,1
219000270,12,0,12
219000271,97,2,95
219000278,4,4,0
219000279,11,3,8
219000283,0,8,-8
219000295,13,77,-64
219000296,59,319,-260
219000297,13,102,-89
219000298,11,104,-93
219000299,356,53,303
219000300,25,187,-162
219000301,258,307,-49
219000302,46,210,-164
219000307,31,26,5
219000308,46,31,15
219000311,216,55,161
219000312,650,113,537
219000313,347,33,314
219000314,45,341,-296
219000315,302,42,260
219000316,476,69,407
219000317,99,21,78
219000320,1,40,-39
219000321,0,24,-24
219000323,4,60,-56
219000325,2,10,-8
219000326,65,56,9
219000327,74,26,48
219000328,23,67,-44
219000329,293,108,185
219000330,41,39,2
219000331,42,51,-9
219000332,93,85,8
219000333,15,3,12
219000335,88,4,84
219000337,15,0,15
219000338,51,1,50
219000344,10,60,-50
219000345,44,67,-23
219000346,24,105,-81
219000348,124,72,52
219000349,37,129,-92
219000350,123,278,-155
219000351,14,4,10
219000352,371,114,257
219000353,95,68,27
219000354,157,98,59
219000355,128,32,96
219000356,1023,1260,-237
219000363,210,65,145
219000364,95,40,55
219000365,105,9,96
219000366,219,300,-81
219000368,285,524,-239
219000370,1006,457,549
219000371,8,43,-35
219000382,22,32,-10
219000383,489,1002,-513
219000385,441,443,-2
219000386,616,1262,-646
219000387,4,22,-18
219000390,2,0,2
219000391,2,1,1
219000397,54,55,-1
219000398,63,42,21
219000401,9,80,-71
219000402,39,82,-43
219000403,163,326,-163
219000404,19,146,-127
219000407,6,25,-19
219000409,44,55,-11
219000410,94,37,57
219000411,76,11,65
219000446,137,319,-182
219000447,1,17,-16
219000448,7,4,3
219000452,92,58,34
219000453,42,145,-103
219000454,178,238,-60
219000556,213,60,153
219000558,143,141,2
219000590,25,141,-116
219000591,91,90,1
219000592,97,313,-216
219000595,11,18,-7
219000635,176,39,137
219000636,18,55,-37
219000657,45,34,11
219000658,52,119,-67
219000673,0,29,-29
219000676,46,20,26
219000679,32,7,25
219000684,77,2,75
219000685,1,33,-32
219000686,1,4,-3
219000688,0,56,-56
219000689,26,183,-157
219000690,143,19,124
219000691,57,121,-64
219000692,180,35,145
219000693,0,22,-22
219000694,5,0,5
219000695,32,3,29
219000698,24,0,24
219000699,0,19,-19
219000727,3,63,-60
219000728,123,0,123
219000770,54,0,54
219000771,0,29,-29
219000788,260,196,64
219001150,3,34,-31
219001151,0,4,-4
219001166,35,21,14
219001167,6,63,-57
219001178,40,1,39
220000001,38,74,-36
220000002,11,81,-70
220000003,336,182,154
220000004,579,403,176
220000005,1335,1818,-483
220000006,165,763,-598
220000007,335,424,-89
220000008,251,668,-417
220000009,243,339,-96
220000010,192,93,99
220000011,486,2339,-1853
220000012,154,250,-96
220000014,110,46,64
220000015,46,243,-197
220000017,57,256,-199
220000018,4000,1677,2323
220000019,71,255,-184
220000020,292,229,63
220000021,690,173,517
220000022,678,371,307
220000023,288,165,123
220000024,1936,359,1577
220000025,1586,1190,396
220000026,255,348,-93
220000027,37,99,-62
220000028,45,25,20
220000029,50,111,-61
220000030,82,80,2
220000031,407,288,119
220000064,21,970,-949
221000046,8,0,8
221000047,0,5,-5
221000048,0,5,-5
221000049,0,8,-8
221000050,12,1,11
221000055,41,61,-20
221000057,67,14,53
221000068,322,147,175
221000069,440,61,379
221000070,215,19,196
221000071,107,13,94
221000072,224,7,217
221000073,150,53,97
221000074,1,13,-12
221000075,15,17,-2
221000076,6,21,-15
221000077,31,93,-62
221000081,28,6,22
221000082,55,10,45
221000083,25,7,18
221000084,4,3,1
221000085,11,54,-43
221000086,9,89,-80
221000087,3,132,-129
221000088,17,127,-110
221000089,25,250,-225
221000090,107,494,-387
221000098,133,15,118
221000099,147,11,136
221000100,82,11,71
221000101,176,30,146
221000102,122,14,108
221000109,6,72,-66
221000110,10,76,-66
221000111,24,138,-114
221000112,11,107,-96
221000113,10,139,-129
221000114,15,138,-123
221000120,24,22,2
221000121,6,24,-18
221000122,48,30,18
221000123,6,16,-10
221000124,33,138,-105
221000155,87,23,64
221000156,68,36,32
221000175,0,3,-3
221000176,0,4,-4
221000182,62,9,53
221000241,623,359,264
221000242,159,403,-244
221000243,544,179,365
221000244,230,405,-175
221000245,87,100,-13
221000246,48,204,-156
221000247,77,113,-36
221000248,104,98,6
221000267,45,537,-492
221000325,58,59,-1
221000331,10,46,-36
221000338,19,29,-10
221000378,137,27,110
221000381,48,50,-2
222000282,7,4,3
222000296,3,11,-8
222000568,317,25,292
222000569,164,62,102
222000570,161,28,133
222000571,348,39,309
222000577,14,127,-113
222000578,41,132,-91
222000579,28,121,-93
222000580,85,751,-666
222000599,1,124,-123
222000600,2,218,-216
222000601,7,797,-790
222000603,33,37,-4
222000604,6,45,-39
222000605,37,17,20
222000606,1,20,-19
222000607,9,9,0
222000608,18,8,10
222000609,48,137,-89
222000616,265,28,237
222000617,28,33,-5
222000618,14,5,9
222000620,34,11,23
222000621,79,17,62
222000623,456,5,451
222000624,367,6,361
222000625,528,12,516
222000636,60,4,56
222000686,151,8,143
222000687,48,22,26
222001066,352,1,351
222001067,15,3,12
222001068,57,32,25
222001069,31,42,-11
222001082,12,44,-32
222001083,28,46,-18
222001084,0,12,-12
222001085,1,227,-226
222001111,55,118,-63
222001112,106,40,66
222001313,49,12,37
222001314,10,111,-101
222001464,49,40,9
222001465,8,64,-56
222001484,130,52,78
222001485,22,36,-14
222001494,411,111,300
222001495,109,199,-90
222001496,261,91,170
222001497,91,360,-269
222001502,15,102,-87
222001503,96,32,64
222001504,27,302,-275
222001505,293,15,278
222001506,52,358,-306
222001507,261,21,240
222001510,379,56,323
222001511,70,329,-259
222001514,620,185,435
222001515,222,464,-242
222001518,287,88,199
222001519,66,208,-142
222001527,241,48,193
222001528,79,140,-61
222001529,272,48,224
222001530,57,189,-132
222001533,149,250,-101
222001534,284,58,226
222001535,223,223,0
222001536,66,169,-103
222001537,360,50,310
222001538,59,467,-408
222001563,630,96,534
222001564,117,438,-321
222001568,320,125,195
222001576,1,2,-1
222001579,0,10,-10
222001583,11,105,-94
222001584,111,8,103
222001596,758,934,-176
222001597,1771,412,1359
222001626,1,112,-111
222001650,59,96,-37
222001651,83,104,-21
222001914,214,50,164
222001915,89,210,-121
222001968,451,239,212
222001969,347,579,-232
222001970,179,175,4
222001971,32,38,-6
222001972,3,27,-24
225000001,384,122,262
225000002,354,158,196
225000003,386,58,328
225000004,232,171,61
225000005,38,29,9
225000006,0,164,-164
225000007,1120,1013,107
225000010,207,6,201
225000011,349,757,-408
225000012,188,425,-237
225000013,73,72,1
225000014,763,89,674
225000015,111,169,-58
225000021,616,120,496
225000027,163,322,-159
225000032,585,103,482
225000042,51,468,-417
225000049,36,53,-17
225000050,76,16,60
225000053,9,224,-215
225000058,521,159,362
225000067,194,95,99
225000068,65,245,-180
225000069,100,363,-263
225000070,48,317,-269
225000071,29,114,-85
225000075,25,431,-406
225000076,45,99,-54
225000078,77,81,-4
225000085,48,133,-85
225000086,231,84,147
225000087,118,17,101
225000088,13,156,-143
225000089,155,753,-598
225000090,60,405,-345
225000091,158,158,0
225000092,51,73,-22
225000093,152,205,-53
225000094,12,184,-172
225000095,210,293,-83
225000096,250,373,-123
225000098,574,238,336
225000099,330,97,233
225000100,252,88,164
225000104,90,331,-241
225000110,9,289,-280
225000111,158,789,-631
225000112,245,843,-598
225000113,184,479,-295
225000114,47,152,-105
225000115,1116,488,628
225000116,862,150,712
225000117,670,206,464
225000118,842,194,648
225000119,207,63,144
225000120,585,31,554
225000121,186,13,173
225000123,403,20,383
225000125,327,160,167
225000126,604,129,475
225000127,538,781,-243
225000128,375,529,-154
225000132,254,19,235
225000133,238,16,222
225000134,533,136,397
225000135,49,10,39
225000136,284,8,276
225000137,257,43,214
225000138,329,49,280
225000143,64,136,-72
225000144,6,217,-211
225000145,50,21,29
225000146,41,96,-55
225000147,18,199,-181
225000148,5,156,-151
225000149,53,350,-297
225000151,26,136,-110
225000155,254,321,-67
225000156,142,614,-472
225000157,152,291,-139
225000158,58,205,-147
225000171,10,115,-105
225000180,23,0,23
225000181,0,55,-55
225000182,68,3,65
225000185,5,270,-265
225000187,23,294,-271
225000191,124,8,116
225000194,0,1,-1
225000208,3,23,-20
225000209,51,24,27
225000210,6,212,-206
225000217,0,13,-13
225000218,21,1,20
225000223,0,41,-41
225000224,41,2,39
225000225,0,12,-12
225000226,13,0,13
225000227,21,64,-43
225000228,6,9,-3
225000229,0,58,-58
225000230,3,1,2
225000231,0,33,-33
225000232,115,0,115
225000241,85,0,85
225000242,2,36,-34
225000249,5,0,5
225000250,35,562,-527
225000251,292,24,268
225000254,3,11,-8
225000256,2,24,-22
225000257,0,57,-57
226000042,253,376,-123
226000043,38,239,-201
226000044,89,372,-283
226000045,60,247,-187
226000046,318,53,265
226000047,334,73,261
226000048,246,84,162
226000049,224,146,78
226000070,0,28,-28
226000071,0,51,-51
226000072,0,15,-15
226000073,0,12,-12
226000074,0,7,-7
226000084,0,52,-52
226000085,2,9,-7
226000086,4,9,-5
226000087,2,9,-7
226000088,39,48,-9
226000090,220,68,152
226000091,39,43,-4
226000092,3,12,-9
226000093,19,0,19
226000094,10,3,7
226000095,20,5,15
226000105,17,0,17
226000106,9,1,8
226000107,9,0,9
226000108,45,0,45
226000109,67,1,66
226000124,117,66,51
226000134,584,449,135
226000135,1121,412,709
226000136,374,260,114
226000137,6,235,-229
226000138,9,140,-131
226000139,0,22,-22
226000156,140,5,135
226000157,152,7,145
226000163,56,121,-65
226000202,21,214,-193
226000231,305,16,289
226000232,43,4,39
227000033,219,70,149
227000036,241,37,204
227000037,170,17,153
227000038,181,34,147
227000084,1,56,-55
227000085,0,38,-38
227000088,43,3,40
227000089,115,1,114
227000090,28,1,27
227000091,21,1,20
227000092,31,0,31
227000093,98,1,97
227000094,23,1,22
227000130,25,47,-22
227000131,19,167,-148
227000132,5,142,-137
227000133,3,101,-98
227000134,9,202,-193
227000152,0,9,-9
227000153,0,40,-40
227000154,0,25,-25
227000155,0,9,-9
227000156,0,16,-16
227000165,8,18,-10
227000196,340,239,101
227000199,377,342,35
227000230,23,301,-278
227000232,365,24,341
227000242,66,302,-236
227000243,355,59,296
227000245,11,217,-206
227000246,90,290,-200
227000247,296,73,223
227000248,75,33,42
227000249,18,89,-71
227000250,214,124,90
227000251,57,138,-81
227000252,28,198,-170
227000253,120,12,108
227000262,238,30,208
227000266,851,10,841
227000267,24,1113,-1089
227000282,3,103,-100
227000284,279,13,266
227000286,4,46,-42
227000287,14,69,-55
227000291,13,369,-356
227000296,148,177,-29
227000484,209,11,198
227000485,14,602,-588
227000655,153,9,144
227000656,494,31,463
227000657,67,13,54
227000661,203,12,191
229000265,15,32,-17
229000296,6,31,-25
229000297,3,25,-22
229000298,3,127,-124
229000320,19,4,15
229000321,44,3,41
229000412,10,30,-20
229000414,6,34,-28
229000415,38,2,36
229000416,1,3,-2
229000417,1,24,-23
229000419,101,270,-169
229000440,365,74,291
229000442,29,6,23
229000443,3,3,0
229000444,7,26,-19
229000445,63,5,58
229000446,69,16,53
229000491,3,13,-10
229000492,6,73,-67
229000493,4,78,-74
229000494,29,3,26
229000495,104,4,100
229000496,36,1,35
229000507,0,68,-68
229000508,0,54,-54
229000509,0,67,-67
229000510,1,30,-29
229000511,2,46,-44
229000512,0,34,-34
229000513,0,9,-9
229000514,0,3,-3
229000517,1,2,-1
229000518,8,25,-17
229000519,1,5,-4
229000520,17,34,-17
229000521,65,12,53
229000522,35,4,31
229000523,8,3,5
229000524,2,5,-3
229000527,2,0,2
229000528,0,0,0
229000529,13,0,13
229000530,69,3,66
229000531,38,1,37
229000532,21,0,21
229000533,45,0,45
229000534,58,1,57
229000564,37,1,36
229000565,16,0,16
229000566,0,8,-8
229000567,0,33,-33
229000582,90,4,86
229000583,8,2,6
229000584,0,36,-36
229000585,2,48,-46
229000718,0,3,-3
229000719,0,2,-2
229000720,0,3,-3
229000721,0,3,-3
229000722,0,2,-2
229000723,0,3,-3
229000724,0,1,-1
229000725,0,3,-3
229000738,1,0,1
229000739,3,0,3
229000740,0,0,0
229000741,17,0,17
229000742,3,0,3
229000743,10,0,10
229000744,3,0,3
229000745,0,0,0
229000746,19,2,17
229000847,49,1,48
229000848,18,0,18
229000849,92,1,91
229000851,42,0,42
229000854,0,7,-7
229000856,1,54,-53
229000857,0,18,-18
229000858,0,27,-27
229000919,17,82,-65
229000930,3,219,-216
229000937,56,16,40
229000966,61,15,46
229000981,19,16,3
229000985,10,37,-27
229000986,4,6,-2
229000987,0,0,0
229000988,1,2,-1
229000989,5,6,-1
229000990,0,3,-3
229000991,1,3,-2
229000992,16,12,4
229000993,119,17,102
229000998,17,56,-39
229000999,73,21,52
229001034,1,12,-11
229001035,11,1,10
229001037,42,15,27
229001042,13,11,2
229001047,7,43,-36
229001050,36,25,11
229001168,0,17,-17
229001200,26,2,24
229001338,6,26,-20
229001394,166,4,162
229001422,103,21,82
229001423,21,111,-90
229001431,39,40,-1
229001432,27,58,-31
229001444,183,33,150
229001445,60,116,-56
229001479,17,3,14
229001503,171,86,85
229001504,87,104,-17
229001505,104,30,74
229001506,39,69,-30
229001509,36,11,25
229001545,50,3,47
229001546,14,88,-74
229001553,58,17,41
229001554,39,83,-44
229001630,79,7,72
229001631,6,21,-15
229001635,2,17,-15
229001636,33,0,33
229001658,1,105,-104
229001659,48,2,46
229001660,29,5,24
229001661,8,20,-12
229001662,19,0,19
229001663,1,16,-15
229002584,169,164,5
229002831,100,115,-15
229002841,15,15,0
229002842,35,27,8
229002843,87,13,74
229002844,38,81,-43
229002845,8,108,-100
229002846,56,15,41
229002847,6,3,3
229002848,45,11,34
229002849,7,114,-107
229002850,14,5,9
229002851,58,255,-197
229002852,367,18,349
229002853,193,20,173
229002854,28,62,-34
229002855,9,47,-38
229002856,46,16,30
229002857,7,202,-195
229002858,16,10,6
229002859,63,148,-85
229002860,590,23,567
229002861,45,26,19
229002862,49,24,25
229002863,12,17,-5
229002864,17,25,-8
229002865,15,22,-7
229002866,26,21,5
229002867,1,17,-16
229002868,17,16,1
229002869,21,102,-81
229002870,47,10,37
235000066,305,39,266
235000067,127,62,65
235000072,19,71,-52
235000073,78,265,-187
235000074,26,65,-39
235000080,28,78,-50
235000081,112,108,4
235000082,98,37,61
235000083,152,62,90
235000084,27,48,-21
235000085,104,58,46
235000089,28,34,-6
235000092,15,109,-94
235000093,20,6,14
235000097,6,7,-1
235000098,64,6,58
235000099,26,16,10
235000116,56,17,39
235000117,549,13,536
235000133,10,381,-371
235000134,7,140,-133
235000206,4,0,4
235000207,7,4,3
235000208,7,6,1
235000209,15,1,14
235000210,11,1,10
235000212,8,20,-12
235000213,3,8,-5
235000220,0,4,-4
235000221,47,21,26
235000238,14,90,-76
235000239,2,25,-23
235000242,336,511,-175
235000245,558,166,392
235000246,6,65,-59
235000284,26,82,-56
235000295,183,14,169
235000305,251,19,232
235000306,219,4,215
235000307,19,1,18
235000308,28,1,27
235000309,47,1,46
235000310,30,0,30
235000311,88,23,65
235000322,0,21,-21
235000323,0,41,-41
235000324,2,23,-21
235000325,0,8,-8
235000326,6,163,-157
235000351,0,22,-22
235000352,24,46,-22
235000353,0,22,-22
235000354,4,33,-29
235000355,8,33,-25
235000356,106,11,95
235000357,35,18,17
235000358,148,13,135
235000359,12,6,6
235000360,68,34,34
235000361,48,35,13
235000381,85,137,-52
235000382,127,20,107
235000390,22,5,17
235000391,119,20,99
235000392,151,222,-71
235000393,75,110,-35
235000395,122,49,73
235000396,411,69,342
235000400,87,25,62
235000401,33,91,-58
235000405,69,273,-204
235000406,23,256,-233
235000407,124,97,27
235000409,173,134,39
235000410,48,198,-150
235000411,2,85,-83
235000485,0,4,-4
235000486,8,0,8
235000549,86,102,-16
235000550,74,156,-82
235000599,138,44,94
235000600,4,14,-10
235000601,46,33,13
235000602,117,74,43
235000614,4,6,-2
235000648,1,20,-19
235000649,34,7,27
235000685,2,9,-7
235000815,18,26,-8
235000834,0,12,-12
235000855,55,59,-4
235000862,28,116,-88
235000891,0,20,-20
235000892,14,2,12
235000901,74,81,-7
235000907,11,11,0
235001010,71,65,6
235001029,478,336,142
235001030,339,239,100
235001078,58,76,-18
235001079,47,100,-53
235001147,14,31,-17
235001166,4,57,-53
235001167,35,38,-3
235001169,25,214,-189
235001188,5,10,-5
235001189,18,0,18
235001197,7,13,-6
235001200,43,34,9
235001207,120,24,96
235001210,19,76,-57
235001215,43,73,-30
235001239,1,38,-37
235001244,2,9,-7
235016267,0,55,-55
277101746,0,3,-3
277102712,0,0,0
277103813,0,0,0
277103814,0,0,0
277103898,0,2,-2
277104249,0,4,-4
277104250,0,2,-2
277104251,0,7,-7
277104252,0,0,0
990011530,0,160,-160
990014944,3,383,-380
990015176,9,2,7
990015618,1,124,-123
990016032,2,264,-262
990032570,6,245,-239
990070001,46,1,45
990070103,0,7,-7
990070601,0,35,-35
990070751,744,3,741
990070766,1,473,-472
990071180,477,159,318
990071343,23,1,22
990071387,0,10,-10
990071823,506,9,497
990072600,4,889,-885
990072964,0,350,-350
990073285,0,3,-3
990074393,0,542,-542
990074870,1415,12,1403
990075106,1598,13,1585
990075746,603,44,559
990076437,1128,5,1123
990076458,1,572,-571
997000007,570,16,554
997000041,0,262,-262
997000058,72,0,72
997000062,42,4,38
997000069,0,3,-3
997000070,0,18,-18
997000100,28,1,27
997000141,18,2798,-2780
997000198,1,1402,-1401
998000475,0,51,-51
998000736,0,135,-135
998000965,0,16,-16
998001031,0,66,-66
998001700,0,3,-3
998001899,0,2,-2
998001900,18,6,12
998003073,1359,5,1354
998101900,0,0,0
998102850,7,246,-239
998501927,1215,669,546
998501929,122,13,109
998501930,54,2,52
998501931,142,6,136
998501932,7,0,7
998501933,58,2,56
998501937,81,38,43
998501944,4,6,-2
998501970,103,6,97
998501971,0,61,-61
998501973,1,56,-55
998501974,0,233,-233
998501975,124,0,124
998501976,95,16,79
998501977,0,12,-12
998501978,26,2,24
998501979,0,12,-12
998501980,123,7,116
998501981,59,4,55
998501982,1,89,-88
998502006,0,0,0
998502024,0,7,-7
998502032,0,4,-4
998502062,8,1,7
998502063,0,0,0
998502173,13,0,13
998502269,0,1,-1
998601159,9,146,-137
998601292,0,19,-19
999033574,2,323,-321
999800001,95,47,48
999800002,1,5,-4
999800003,3,1,2
999800004,0,3,-3
999800005,0,5,-5
