ID,insum,outsum,diff
100000001,504,163,341
100000002,1550,3658,-2108
100000003,2530,3379,-849
100000004,174,908,-734
100000005,1708,2547,-839
100000006,323,299,24
100000007,974,1206,-232
100000008,45,221,-176
100000009,102,668,-566
100000010,21,116,-95
100000011,134,43,91
100000012,33,134,-101
100000013,6,51,-45
100000014,58,209,-151
100000015,570,899,-329
100000016,122,845,-723
100000017,107,1108,-1001
100000018,308,206,102
100000019,1239,1367,-128
100000020,656,2575,-1919
100000021,2192,574,1618
100000022,267,1490,-1223
100000023,1659,809,850
100000025,242,961,-719
100000028,324,1054,-730
100000029,7,503,-496
100000030,55,27,28
100000031,1090,4227,-3137
100000032,921,2540,-1619
100000033,545,1791,-1246
100000034,44,972,-928
100000035,200,614,-414
100000036,244,870,-626
100000037,425,276,149
100000038,1810,762,1048
100000039,200,154,46
100000040,191,190,1
100000041,982,438,544
100000042,706,213,493
100000043,314,158,156
100000044,53,112,-59
100000045,112,255,-143
100000046,109,214,-105
100000047,62,188,-126
100000048,113,238,-125
100000049,719,586,133
100000051,238,237,1
100000053,48,0,48
100000054,133,6,127
100000055,250,177,73
100000056,207,268,-61
100000057,1460,299,1161
100000058,457,310,147
100000059,24,116,-92
100000060,433,248,185
100000061,1623,404,1219
100000062,880,476,404
100000063,674,299,375
100000064,988,252,736
100000065,257,318,-61
100000066,64,251,-187
100000067,178,200,-22
100000068,192,529,-337
100000069,94,486,-392
100000072,79,221,-142
100000073,557,483,74
100000075,431,80,351
100000076,551,3378,-2827
100000077,47,361,-314
100000078,12,22,-10
100000079,8,56,-48
100000080,2,59,-57
100000081,1,36,-35
100000102,1339,2728,-1389
100000103,863,1749,-886
100000104,1706,1213,493
100000105,573,604,-31
100000106,447,1842,-1395
100000107,29,680,-651
100000108,142,328,-186
100000109,257,731,-474
100000116,197,281,-84
100000117,9,110,-101
100000118,494,480,14
100000119,459,501,-42
100000121,104,349,-245
100000122,237,1100,-863
100000123,683,1174,-491
100000124,944,1404,-460
100000125,2639,1726,913
100000126,198,320,-122
100000127,487,392,95
100000128,125,1949,-1824
100000129,96,387,-291
100000130,431,157,274
100000131,430,661,-231
100000132,428,865,-437
100000133,815,445,370
100000135,466,785,-319
100000139,99,411,-312
100000140,115,51,64
100000142,350,304,46
100000143,518,145,373
100000144,842,210,632
100000147,937,2996,-2059
100000150,29,212,-183
100000151,46,840,-794
100000153,30,237,-207
100000154,3,481,-478
100000155,0,8,-8
100000156,23,198,-175
100000157,249,195,54
100000158,88,123,-35
100000159,44,734,-690
100000165,509,205,304
100000169,28,762,-734
100000174,198,528,-330
100000179,19,310,-291
100000180,340,822,-482
100000181,150,135,15
100000188,21,53,-32
100000189,409,222,187
100000190,182,673,-491
100000191,454,206,248
100000192,3,49,-46
100000193,150,52,98
100000330,259,471,-212
100000355,98,241,-143
100000362,1225,487,738
100000363,4707,4578,129
100000364,80,135,-55
100000365,4364,4704,-340
100000366,1145,623,522
100000367,3493,3706,-213
100000368,584,663,-79
100000369,209,1331,-1122
100000370,49,697,-648
100000376,19,361,-342
100000379,357,2251,-1894
100000380,1389,5067,-3678
100000384,2756,3633,-877
100000385,604,2891,-2287
100000386,755,2828,-2073
100000387,1435,3489,-2054
100000388,1191,2187,-996
100000389,2229,3183,-954
100000390,1390,1322,68
100000391,1755,3905,-2150
100000392,254,982,-728
100000393,238,2106,-1868
100000394,894,2472,-1578
100000395,437,1978,-1541
100000396,635,1074,-439
100000397,724,3340,-2616
100000398,5219,2178,3041
100900002,17,3,14
100900003,374,242,132
100900004,3,202,-199
100900005,140,2,138
100900006,35,13,22
100900007,45,0,45
100900008,0,71,-71
100900009,5,5,0
100900010,42,19,23
100900011,136,110,26
100900012,1,22,-21
100900013,762,19,743
100900014,0,0,0
100900015,39,25,14
100900016,0,21,-21
100900017,555,31,524
100900018,0,11,-11
100900019,3,26,-23
100900020,256,0,256
100900021,268,0,268
100900022,0,6,-6
100900023,0,3,-3
100900024,190,2,188
100900025,0,1,-1
100900026,120,15,105
100900027,113,1375,-1262
100900028,29,124,-95
100900029,45,2,43
100900030,0,40,-40
100900031,611,19,592
100900032,247,1,246
100900033,43,257,-214
100900034,688,0,688
100900035,122,0,122
100900036,9,0,9
100900037,92,43,49
100900038,9,5,4
100900039,181,37,144
100900040,558,240,318
100900041,1108,73,1035
100900042,30,1154,-1124
100900043,0,4,-4
100900044,389,254,135
100900045,1,0,1
100900046,710,2,708
100900047,467,81,386
100900048,47,2,45
100900049,12,19,-7
100900050,0,4,-4
100900051,25,77,-52
100900052,94,0,94
100900053,675,6,669
100900054,7,2,5
100900055,87,713,-626
100900056,28,35,-7
100900057,770,87,683
100900058,165,55,110
100900059,121,0,121
100900060,191,0,191
100900061,32,58,-26
100900062,5,0,5
100900063,145,433,-288
100900064,285,6,279
100900065,30,153,-123
100900066,62,17,45
100900067,0,0,0
100900068,45,46,-1
100900069,20,1,19
100900070,415,2,413
100900071,107,27,80
100900072,4,2,2
100900073,86,103,-17
100900074,0,30,-30
100900075,687,55,632
100900076,3,3,0
100900077,29,7,22
100900078,42,83,-41
100900079,1,0,1
100900080,58,107,-49
100900081,9,55,-46
100900082,154,59,95
100900083,3,0,3
100900085,0,185,-185
100900086,21,246,-225
100900088,126,88,38
100900089,2,46,-44
100900090,23,293,-270
100900091,0,1,-1
100900092,47,134,-87
100900093,254,173,81
100900094,77,60,17
100900095,1,4,-3
100900096,9,42,-33
100900097,4,0,4
100900098,13,11,2
100900099,0,68,-68
100900100,0,31,-31
100900101,113,2,111
100900102,2,38,-36
100900103,0,3,-3
100900104,1,54,-53
100900105,0,63,-63
100900106,1,1,0
100900107,717,341,376
100900108,1,5,-4
100900109,18,1,17
100900110,0,12,-12
100900111,3,30,-27
100900112,2,2,0
100900113,2,28,-26
100900114,6,16,-10
100900115,1,0,1
100900116,277,185,92
100900117,96,809,-713
100900118,2,21,-19
100900119,8,15,-7
100900120,0,2,-2
100900121,198,160,38
100900122,5,23,-18
100900123,108,2,106
100900124,0,1,-1
100900125,0,7,-7
100900126,184,29,155
100900127,0,0,0
100900128,12,111,-99
100900129,1,72,-71
100900131,1,35,-34
100900133,29,7,22
100900134,1,0,1
100900135,0,142,-142
100900137,43,71,-28
100900138,84,107,-23
100900139,0,0,0
100900140,0,29,-29
100900141,0,148,-148
100900142,0,4,-4
100900143,138,133,5
100900144,2,2,0
100900145,9,86,-77
100900146,0,36,-36
100900147,3,592,-589
100900148,9,75,-66
100900149,0,249,-249
100900150,0,24,-24
100900151,12,165,-153
100900152,38,6,32
100900153,1,170,-169
100900154,10,39,-29
100900155,23,12,11
100900156,2,0,2
100900157,2,139,-137
100900159,1,2,-1
100900160,22,0,22
100900161,26,0,26
100900162,0,86,-86
100900163,6,9,-3
100900164,72,1,71
100900165,68,23,45
100900166,1,2,-1
100900167,4,10,-6
100900168,2,18,-16
100900169,17,305,-288
100900170,6,2,4
100900171,1,236,-235
100900172,1,112,-111
100900173,0,22,-22
100900174,22,2,20
100900176,350,39,311
100900177,106,14,92
100900178,126,187,-61
100900179,60,63,-3
100900180,0,2,-2
100900181,6,3,3
100900182,3,5,-2
100900184,17,44,-27
100900186,189,77,112
100900187,16,42,-26
100900188,43,5,38
100900189,894,182,712
100900191,98,606,-508
100900192,46,221,-175
100900195,51,63,-12
100900197,96,152,-56
100900198,1,7,-6
100900199,0,7,-7
100900200,517,65,452
100900201,7,464,-457
100900202,8,0,8
100900203,0,15,-15
100900204,57,103,-46
100900205,36,459,-423
100900206,131,128,3
100900207,144,93,51
100900210,8,63,-55
100900211,67,23,44
100900213,63,7,56
100900214,72,42,30
100900215,18,3,15
100900217,34,18,16
101000001,949,1685,-736
101000002,2727,3225,-498
101000003,106,855,-749
101000004,2945,5799,-2854
101000005,2712,4720,-2008
101000006,2475,7676,-5201
101000007,966,3625,-2659
101000008,1136,1862,-726
101000009,1299,328,971
101000010,548,404,144
101000011,289,147,142
101000012,166,279,-113
101000013,274,844,-570
101000014,222,324,-102
101000015,2315,715,1600
101000016,90,472,-382
101000017,197,212,-15
101000018,850,2049,-1199
101000020,540,646,-106
101000021,173,220,-47
101000022,76,425,-349
101000023,402,537,-135
101000025,211,367,-156
101000026,188,15,173
101000027,1076,2378,-1302
101000028,488,253,235
101000029,8,662,-654
101000030,377,180,197
101000031,37,469,-432
101000032,1140,2598,-1458
101000033,423,2097,-1674
101000034,297,1748,-1451
101000035,185,218,-33
101000036,130,993,-863
101000037,281,1618,-1337
101000039,610,1347,-737
101000040,1173,2573,-1400
101000041,1026,3529,-2503
101000042,30,503,-473
101000043,1641,3041,-1400
101000045,111,574,-463
101000046,561,1969,-1408
101000047,680,3527,-2847
101000048,157,286,-129
101000049,222,654,-432
101000050,205,794,-589
101000051,397,1607,-1210
101000052,522,1311,-789
101000053,124,497,-373
101000054,324,186,138
101000055,574,781,-207
101000056,3,131,-128
101000057,283,1221,-938
101000058,217,1089,-872
101000059,807,2020,-1213
101000060,676,531,145
101000061,126,1466,-1340
101000062,109,313,-204
101000063,62,937,-875
101000064,87,626,-539
101000065,44,441,-397
101000066,164,761,-597
101000067,156,286,-130
101000068,76,289,-213
101000069,100,34,66
101000070,343,322,21
101000071,1694,838,856
101000072,251,1136,-885
101000073,256,980,-724
101000074,1213,1741,-528
101000075,1937,1278,659
101000077,1422,1255,167
101000078,620,588,32
101000079,869,690,179
101000080,690,332,358
101000081,861,1098,-237
101000082,1167,782,385
101000083,1825,1024,801
101000084,522,339,183
101000085,1165,837,328
101000086,424,369,55
101000087,410,481,-71
101000088,935,657,278
101000089,374,818,-444
101000090,702,345,357
101000091,282,232,50
101000092,1222,398,824
101000093,818,248,570
101000094,263,263,0
101000095,440,339,101
101000096,399,208,191
101000097,171,170,1
101000098,209,287,-78
101000099,316,430,-114
101000100,786,1073,-287
101000101,91,317,-226
101000102,284,490,-206
101000103,220,264,-44
101000104,141,489,-348
101000105,382,448,-66
101000106,74,1555,-1481
101000107,123,182,-59
101000108,181,69,112
101000109,304,40,264
101000110,4,115,-111
101000111,13,88,-75
101000113,82,485,-403
101000114,1089,3527,-2438
101000115,0,0,0
101000116,0,0,0
101000117,0,0,0
101000119,7,61,-54
101000120,12,39,-27
101000121,20,33,-13
101000122,37,136,-99
101000123,22,108,-86
101000124,796,378,418
101000125,61,43,18
101000128,79,1008,-929
101000130,139,124,15
101000131,909,247,662
101000132,426,289,137
101000135,1,18,-17
101000136,22,96,-74
101000137,18,267,-249
101000141,300,2478,-2178
101000147,660,199,461
101000148,390,6,384
101000149,0,0,0
101000150,73,139,-66
101000151,311,22,289
101000152,232,155,77
101000153,193,53,140
101000154,382,248,134
101000155,437,77,360
101000156,15,119,-104
101000157,31,60,-29
101000160,0,0,0
101000163,66,509,-443
101000164,180,52,128
101000165,186,235,-49
101000166,58,165,-107
101000168,577,115,462
101000252,1775,454,1321
101000254,10,12,-2
101000258,109,3,106
101000261,149,49,100
101000262,707,3353,-2646
101000263,122,954,-832
101000265,51,421,-370
101000266,136,160,-24
101000269,2,12,-10
101000290,85,1777,-1692
101000293,0,0,0
101000294,156,158,-2
101000295,93,91,2
101000301,146,497,-351
101000304,1114,1875,-761
101000305,1258,848,410
101000328,2,51,-49
101900001,3,55,-52
101900002,0,17,-17
101900003,32,36,-4
101900004,0,27,-27
101900005,642,1995,-1353
101900006,455,33,422
101900007,102,126,-24
101900008,18,131,-113
101900009,3,216,-213
101900010,323,413,-90
101900011,45,579,-534
101900012,87,45,42
101900013,294,45,249
101900017,6,57,-51
101900018,358,96,262
101900019,24,14,10
101900020,38,6,32
101900021,1,7,-6
101900022,59,250,-191
101900023,34,27,7
101900026,40,21,19
101900027,7,49,-42
102000001,1740,4525,-2785
102000002,1449,633,816
102000003,1039,5268,-4229
102000004,1524,1966,-442
102000005,575,2522,-1947
102000006,328,904,-576
102000007,703,3322,-2619
102000008,2772,1068,1704
102000009,4105,5000,-895
102000010,1944,1353,591
102000011,2640,3198,-558
102000012,2191,1549,642
102000018,1100,1833,-733
102000019,1055,928,127
102000026,156,270,-114
102000029,159,111,48
102000030,69,267,-198
102000031,44,71,-27
102000032,398,215,183
102000033,190,208,-18
102000034,160,181,-21
102000035,340,177,163
102000036,26,183,-157
102000037,75,11,64
102000038,48,77,-29
102000039,30,70,-40
102000040,73,108,-35
102000041,15,236,-221
102000042,38,139,-101
102000043,12,133,-121
102000044,171,392,-221
102000045,190,319,-129
102000046,880,183,697
102000047,293,229,64
102000048,378,280,98
102000049,635,359,276
102000050,358,639,-281
102000051,110,266,-156
102000052,503,422,81
102000053,566,815,-249
102000054,564,261,303
102000055,607,110,497
102000056,816,165,651
102000057,828,301,527
102000058,338,288,50
102000059,331,1337,-1006
102000060,607,1290,-683
102000061,1041,917,124
102000062,1459,608,851
102000063,723,796,-73
102000064,465,557,-92
102000065,9,119,-110
102000066,264,352,-88
102000067,2123,2877,-754
102000068,3478,2124,1354
102000069,37,1103,-1066
102000070,1085,22,1063
102000071,3533,8891,-5358
102000072,1332,2091,-759
102000073,192,157,35
102000074,344,229,115
102000075,71,44,27
102000076,197,88,109
102000077,430,216,214
102000078,1046,216,830
102000079,106,31,75
102000080,248,56,192
102000081,146,360,-214
102000082,400,476,-76
102000083,300,55,245
102000084,658,56,602
102000085,627,285,342
102000086,1137,375,762
102000087,257,509,-252
102000088,282,104,178
102000089,965,157,808
102000090,198,701,-503
102000091,956,460,496
102000092,120,326,-206
102000093,410,594,-184
102000094,300,147,153
102000095,266,480,-214
102000096,772,165,607
102000097,539,217,322
102000098,224,211,13
102000099,609,328,281
102000100,73,329,-256
102000101,130,246,-116
102000102,67,535,-468
102000103,1183,414,769
102000104,281,149,132
102000105,176,173,3
102000106,391,120,271
102000107,1266,70,1196
102000108,341,203,138
102000109,265,191,74
102000110,955,296,659
102000111,0,188,-188
102000112,65,129,-64
102000113,1,17,-16
102000114,370,248,122
102000115,142,133,9
102000116,170,657,-487
102000117,61,305,-244
102000118,449,1421,-972
102000119,360,838,-478
102000120,210,432,-222
102000121,573,265,308
102000122,352,596,-244
102000123,460,404,56
102000124,795,649,146
102000125,300,271,29
102000126,294,266,28
102000127,662,201,461
102000128,466,369,97
102000129,617,236,381
102000130,358,574,-216
102000131,625,636,-11
102000132,266,1225,-959
102000133,2550,625,1925
102000134,832,414,418
102000135,193,489,-296
102000136,328,252,76
102000137,193,145,48
102000138,111,52,59
102000139,24,107,-83
102000140,61,135,-74
102000141,38,189,-151
102000142,135,79,56
102000143,179,123,56
102000144,215,60,155
102000145,199,108,91
102000146,312,116,196
102000147,219,216,3
102000148,73,200,-127
102000149,186,51,135
102000150,533,29,504
102000151,30,30,0
102000152,127,59,68
102000153,374,258,116
102000154,96,261,-165
102000155,15,289,-274
102000156,106,83,23
102000157,19,155,-136
102000158,131,425,-294
102000159,502,637,-135
102000161,807,1091,-284
102000162,27,108,-81
102000163,20,310,-290
102000164,168,451,-283
102000165,96,65,31
102000166,5,78,-73
102000167,47,56,-9
102000168,69,105,-36
102000169,31,387,-356
102000170,146,15,131
102000171,1,51,-50
102000172,0,174,-174
102000173,268,237,31
102000174,85,41,44
102000175,76,10,66
102000176,5,30,-25
102000178,94,164,-70
102000179,214,138,76
102000180,507,139,368
102000181,897,193,704
102000182,409,204,205
102000183,1317,406,911
102000184,860,345,515
102000185,1764,300,1464
102000186,717,449,268
102000187,498,298,200
102000188,795,563,232
102000189,1147,196,951
102000190,428,1277,-849
102000191,547,175,372
102000192,598,767,-169
102000193,57,74,-17
102000194,42,92,-50
102000195,378,178,200
102000196,217,182,35
102000197,743,113,630
102000198,137,166,-29
102000199,1053,74,979
102000200,100,250,-150
102000201,1203,198,1005
102000202,17,17,0
102000203,203,81,122
102000204,524,170,354
102000205,880,179,701
102000206,216,88,128
102000207,399,299,100
102000208,184,186,-2
102000209,34,27,7
102000210,314,69,245
102000211,337,49,288
102000212,444,4,440
102000213,11,50,-39
102000214,362,4,358
102000215,3,95,-92
102000216,123,68,55
102000217,1,78,-77
102000218,140,78,62
102000219,51,18,33
102000225,193,552,-359
102000226,18,0,18
102000227,57,1,56
102000228,0,24,-24
102000229,36,68,-32
102000230,134,177,-43
102000231,207,243,-36
102000232,9,178,-169
102000233,277,132,145
102000234,71,1014,-943
102000236,63,15,48
102000237,261,74,187
102000238,67,119,-52
102000240,37,246,-209
102000241,90,11,79
102000243,0,18,-18
102000245,0,28,-28
102000246,16,89,-73
102000247,57,189,-132
102000248,145,471,-326
102000249,101,18,83
102000250,32,102,-70
102000254,345,35,310
102000266,2,83,-81
102000271,27,1,26
102000286,179,228,-49
102000297,993,251,742
102000299,0,0,0
102000301,0,0,0
102000305,0,0,0
102000307,0,6,-6
102000308,0,0,0
102900001,624,211,413
102900002,163,19,144
102900003,54,56,-2
102900005,362,141,221
102900006,241,36,205
102900007,366,2,364
102900008,128,6,122
102900009,113,89,24
102900010,217,430,-213
102900011,328,145,183
102900012,213,25,188
102900013,25,12,13
102900015,550,147,403
102900016,57,10,47
102900017,209,50,159
102900018,25,30,-5
102900019,83,159,-76
102900020,89,9,80
102900021,30,13,17
102900022,21,5,16
102900023,2,5,-3
102900024,10,24,-14
102900025,20,6,14
102900026,74,1296,-1222
102900027,17,12,5
102900028,51,628,-577
102900029,22,93,-71
102900030,169,206,-37
102900031,240,17,223
102900032,40,13,27
102900033,26,17,9
102900034,459,21,438
102900035,107,72,35
102900036,212,76,136
102900037,56,96,-40
102900038,154,51,103
102900039,113,222,-109
102900040,53,96,-43
102900041,49,27,22
102900042,137,56,81
102900043,84,28,56
102900044,208,412,-204
102900045,92,113,-21
102900046,163,45,118
102900047,20,95,-75
102900048,172,66,106
102900049,46,83,-37
102900050,46,92,-46
102900051,58,33,25
102900052,10,33,-23
102900053,125,72,53
102900054,54,388,-334
102900055,15,158,-143
102900056,37,53,-16
102900057,0,35,-35
102900058,184,72,112
102900059,5,7,-2
102900060,20,42,-22
102900061,117,92,25
102900062,165,185,-20
102900063,1260,81,1179
102900064,12,175,-163
102900065,383,89,294
102900066,130,2,128
102900068,17,49,-32
102900070,90,78,12
102900072,0,5,-5
102900073,3,1,2
102900075,2,10,-8
102900076,7,14,-7
102900077,2,1,1
102900078,10,5,5
102900079,100,6,94
102900080,230,4,226
102900081,5,79,-74
102900082,5,17,-12
102900083,21,2,19
102900084,0,1,-1
102900085,25,8,17
102900086,0,5,-5
102900087,151,41,110
102900088,26,18,8
102900089,74,27,47
102900090,1,13,-12
102900091,165,0,165
102900092,168,41,127
102900093,92,113,-21
102900094,1,27,-26
102900095,34,0,34
102900096,14,0,14
102900097,142,52,90
103000001,1675,1050,625
103000002,2015,1621,394
103000003,2053,1582,471
103000004,373,259,114
103000005,941,1676,-735
103000006,842,835,7
103000007,319,231,88
103000008,550,390,160
103000009,963,868,95
103000010,89,31,58
103000011,623,336,287
103000012,662,904,-242
103000013,1314,977,337
103000014,845,1697,-852
103000015,749,274,475
103000016,404,870,-466
103000017,161,461,-300
103000018,234,126,108
103000019,173,417,-244
103000020,870,740,130
103000021,1664,2310,-646
103000022,357,678,-321
103000023,713,1569,-856
103000024,36,102,-66
103000025,57,798,-741
103000026,125,68,57
103000027,21,460,-439
103000028,195,168,27
103000029,102,134,-32
103000030,953,794,159
103000031,561,1616,-1055
103000032,1245,568,677
103000033,2810,2439,371
103000034,752,387,365
103000035,77,765,-688
103000036,73,196,-123
103000037,386,250,136
103000038,272,615,-343
103000039,315,145,170
103000040,658,296,362
103000041,996,822,174
103000042,793,121,672
103000043,555,320,235
103000044,199,56,143
103000046,147,271,-124
103000047,439,115,324
103000048,250,51,199
103000049,109,58,51
103000050,371,80,291
103000051,440,180,260
103000052,445,76,369
103000053,155,127,28
103000054,942,226,716
103000055,1164,645,519
103000056,409,504,-95
103000057,939,65,874
103000058,438,144,294
103000059,499,233,266
103000060,466,125,341
103000061,558,365,193
103000062,368,57,311
103000063,702,406,296
103000064,35,38,-3
103000065,0,82,-82
103000066,76,6,70
103000069,175,114,61
103000070,371,123,248
103000071,888,358,530
103000072,138,222,-84
103000073,694,23,671
103000074,609,43,566
103000075,57,209,-152
103000076,158,638,-480
103000077,4,151,-147
103000078,379,587,-208
103000079,258,503,-245
103000080,203,263,-60
103000081,137,1097,-960
103000082,307,63,244
103000083,50,191,-141
103000084,36,1,35
103000085,1,81,-80
103000086,379,295,84
103000087,109,561,-452
103000088,191,265,-74
103000089,151,632,-481
103000090,2936,1158,1778
103000091,663,500,163
103000092,174,99,75
103000093,183,235,-52
103000094,156,57,99
103000095,38,196,-158
103000096,356,13,343
103000097,5,272,-267
103000098,253,13,240
103000099,64,169,-105
103000100,151,195,-44
103000101,980,26,954
103000102,131,98,33
103000103,581,49,532
103000104,96,27,69
103000105,167,56,111
103000106,2,91,-89
103000107,161,19,142
103000108,831,906,-75
103000109,219,473,-254
103000110,342,745,-403
103000111,211,395,-184
103000112,146,259,-113
103000113,102,698,-596
103000114,701,293,408
103000115,682,674,8
103000116,712,265,447
103000117,485,293,192
103000118,209,266,-57
103000119,429,162,267
103000120,56,161,-105
103000121,14,127,-113
103000122,336,743,-407
103000125,1,58,-57
103000126,372,0,372
103000127,0,121,-121
103000128,109,3,106
103000129,0,141,-141
103000130,48,10,38
103000131,83,76,7
103000132,16,51,-35
103000133,27,172,-145
103000134,167,396,-229
103000135,283,198,85
103000136,180,111,69
103000137,156,340,-184
103000138,292,474,-182
103000139,0,16,-16
103000140,20,2,18
103000141,3,28,-25
103000142,34,35,-1
103000143,15,61,-46
103000144,162,12,150
103000145,9,162,-153
103000150,28,31,-3
103000152,62,244,-182
103000153,138,227,-89
103000156,0,119,-119
103000157,358,2,356
103000159,104,37,67
103000162,16,5,11
103000163,3,32,-29
103000164,11,11,0
103000165,21,100,-79
103000166,194,344,-150
103000167,107,90,17
103000168,114,46,68
103000169,244,412,-168
103000170,1334,259,1075
103000171,4,38,-34
103000172,580,76,504
103000173,525,77,448
103000174,350,134,216
103000175,220,69,151
103000176,500,548,-48
103000177,88,247,-159
103000178,93,169,-76
103000179,25,5,20
103000183,254,30,224
103000185,113,55,58
103000186,168,69,99
103000187,650,65,585
103000188,12,101,-89
103000189,362,686,-324
103000191,257,216,41
103000292,285,1014,-729
103000293,410,1785,-1375
103000295,34,20,14
103000296,60,2,58
103000297,10,24,-14
103000504,67,3,64
103000505,3,2,1
103000506,1,30,-29
103000507,108,2,106
103000508,41,20,21
103000509,141,266,-125
103900001,3,9,-6
103900002,197,49,148
103900003,381,113,268
103900004,57,1,56
103900005,1,10,-9
103900006,1,1,0
103900007,151,0,151
103900008,4,0,4
103900009,241,51,190
103900010,146,23,123
103900011,338,31,307
103900012,7,33,-26
103900013,16,1,15
103900014,37,6,31
103900015,51,2,49
103900016,35,38,-3
103900017,57,26,31
103900018,103,24,79
103900019,3,279,-276
103900020,150,340,-190
103900021,81,14,67
103900022,286,115,171
103900023,208,0,208
103900024,9,64,-55
103900025,0,6,-6
103900026,0,0,0
103900027,203,44,159
103900028,15,185,-170
103900029,761,56,705
103900030,152,59,93
103900031,41,1,40
103900032,82,85,-3
103900033,36,7,29
103900034,9,17,-8
103900035,51,20,31
103900036,17,32,-15
103900037,30,8,22
103900038,23,177,-154
103900039,102,58,44
103900040,16,124,-108
103900041,80,12,68
103900042,136,47,89
103900043,254,6,248
103900044,30,209,-179
103900045,161,112,49
103900047,103,3,100
103900048,4,8,-4
103900049,39,426,-387
103900050,15,93,-78
103900051,0,52,-52
103900052,75,117,-42
103900053,307,75,232
103900054,99,44,55
103900055,203,64,139
103900056,3,9,-6
103900057,110,45,65
103900058,306,78,228
103900059,0,42,-42
103900060,41,24,17
103900061,210,2,208
103900062,316,97,219
103900063,0,0,0
103900064,141,0,141
103900065,122,108,14
103900066,247,49,198
103900067,190,4,186
103900068,0,0,0
103900069,11,5,6
103900070,88,74,14
103900071,7,10,-3
103900072,15,76,-61
103900073,13,19,-6
103900074,71,3,68
103900075,186,17,169
103900076,411,169,242
103900077,4,106,-102
103900078,183,15,168
103900079,33,19,14
103900080,1,6,-5
103900081,4,1,3
103900082,20,31,-11
103900083,1146,1006,140
103900084,12,24,-12
103900085,18,33,-15
103900086,674,91,583
103900087,5,7,-2
103900088,130,223,-93
103900089,9,41,-32
103900090,1,15,-14
103900091,367,30,337
103900092,463,213,250
103900093,31,113,-82
103900094,7,35,-28
103900095,33,187,-154
103900096,82,32,50
103900097,2,83,-81
103900098,130,31,99
103900099,227,19,208
103900100,231,15,216
103900101,197,214,-17
103900102,0,14,-14
103900104,0,1,-1
103900105,20,7,13
103900106,0,146,-146
103900107,142,26,116
103900108,14,46,-32
103900109,103,20,83
103900110,112,15,97
103900111,190,134,56
103900112,17,8,9
103900113,37,104,-67
103900114,270,141,129
103900115,96,110,-14
103900116,359,872,-513
103900117,21,1,20
103900119,26,223,-197
103900120,45,30,15
103900122,166,33,133
103900123,101,385,-284
103900124,19,61,-42
103900125,89,12,77
103900126,385,18,367
103900127,59,27,32
103900128,87,37,50
103900131,3,15,-12
103900133,413,2,411
103900134,0,8,-8
103900135,0,0,0
103900137,0,1,-1
103900138,183,56,127
103900139,68,1648,-1580
103900140,5,302,-297
103900141,91,61,30
103900142,356,34,322
103900143,168,0,168
103900144,2,9,-7
103900145,73,31,42
103900146,206,56,150
103900147,259,19,240
103900148,177,19,158
103900149,184,85,99
103900150,1395,2723,-1328
103900151,0,20,-20
103900152,537,101,436
103900153,4,0,4
103900154,120,1103,-983
103900155,15,28,-13
103900156,23,15,8
103900157,73,15,58
103900158,188,5,183
103900159,213,2,211
103900160,8,4,4
103900161,6,61,-55
103900162,35,7,28
103900163,3,122,-119
103900167,3,37,-34
103900168,28,5,23
103900169,19,41,-22
103900170,0,17,-17
103900171,0,0,0
103900172,3,0,3
103900173,17,4,13
103900174,165,6,159
103900175,4,106,-102
103900176,0,17,-17
103900177,2,3,-1
103900178,27,0,27
103900179,51,1,50
103900180,11,8,3
103900181,10,6,4
103900182,2,1,1
103900184,33,19,14
103900185,7,327,-320
103900187,26,77,-51
103900188,80,56,24
103900189,88,4,84
103900190,78,2,76
103900191,3,39,-36
103900192,13,23,-10
103900193,22,6,16
103900194,8,17,-9
103900195,1,59,-58
103900196,4,8,-4
103900197,5,14,-9
103900198,1,7,-6
103900199,118,12,106
103900200,185,27,158
103900201,21,23,-2
103900202,1,12,-11
103900203,48,29,19
103900204,0,10,-10
103900207,0,10,-10
103900208,39,0,39
103900209,0,19,-19
103900210,44,31,13
103900211,529,47,482
103900212,69,13,56
103900213,1,74,-73
103900214,103,136,-33
103900215,37,106,-69
103900216,3,31,-28
103900217,81,4,77
103900218,0,101,-101
103900219,120,7,113
103900233,26,3,23
103900235,18,11,7
103900236,7,11,-4
103900242,0,0,0
103900243,0,4,-4
103900244,83,38,45
103900245,55,15,40
103900246,6,23,-17
103900247,1,26,-25
103900248,0,6,-6
103900249,0,52,-52
103900250,0,1,-1
103900251,1,11,-10
103900253,2,2,0
103900254,0,9,-9
103900255,4,3,1
103900256,6,21,-15
103900257,19,35,-16
103900258,3,0,3
103900259,7,2,5
103900261,20,0,20
103900262,8,0,8
103900263,3,11,-8
103900264,2,2,0
103900265,0,0,0
103900266,0,30,-30
103900267,1,23,-22
103900268,1,13,-12
103900269,63,1,62
103900270,31,14,17
103900271,43,15,28
103900272,23,9,14
103900273,26,1,25
103900274,55,5,50
103900275,36,10,26
103900276,1,6,-5
103900277,10,7,3
103900278,0,1,-1
103900279,0,0,0
104000001,1650,1013,637
104000002,1540,1396,144
104000003,1374,945,429
104000004,1823,1307,516
104000005,1210,971,239
104000006,1441,1189,252
104000007,3624,2551,1073
104000008,228,158,70
104000009,324,168,156
104000010,145,305,-160
104000011,155,104,51
104000012,89,136,-47
104000013,151,351,-200
104000014,146,138,8
104000015,315,79,236
104000016,117,131,-14
104000018,676,73,603
104000019,680,152,528
104000020,48,197,-149
104000021,216,130,86
104000022,117,202,-85
104000023,1109,217,892
104000024,105,102,3
104000026,31,40,-9
104000027,244,116,128
104000028,550,176,374
104000029,170,185,-15
104000030,385,305,80
104000031,930,122,808
104000032,115,104,11
104000033,694,154,540
104000034,172,119,53
104000035,946,132,814
104000036,727,180,547
104000037,139,100,39
104000038,316,189,127
104000039,159,95,64
104000040,29,315,-286
104000041,524,194,330
104000042,228,139,89
104000043,89,117,-28
104000044,197,238,-41
104000045,339,250,89
104000046,370,349,21
104000047,255,406,-151
104000048,395,467,-72
104000049,402,192,210
104000050,44,308,-264
104000051,95,349,-254
104000052,1356,944,412
104000053,647,209,438
104000054,375,76,299
104000055,1375,760,615
104000056,287,74,213
104000057,152,95,57
104000058,602,586,16
104000059,382,539,-157
104000060,869,758,111
104000061,658,408,250
104000062,257,25,232
104000064,310,87,223
104000065,61,282,-221
104000069,270,1034,-764
104000070,14,336,-322
104000071,83,66,17
104000072,365,66,299
104000075,9,81,-72
104000076,251,28,223
104000082,1518,1935,-417
104000083,352,72,280
104000084,44,161,-117
104000085,311,116,195
104000086,180,185,-5
104000087,174,371,-197
104000090,515,282,233
104000092,1092,446,646
104000094,369,330,39
104000095,1416,802,614
104000096,1729,9,1720
104000097,1566,212,1354
104000098,2875,216,2659
104000100,2079,266,1813
104000101,808,691,117
104000106,35,387,-352
104000107,381,166,215
104000108,69,106,-37
104000109,170,41,129
104000110,373,717,-344
104000111,895,1925,-1030
104000112,262,197,65
104000116,0,338,-338
104000117,272,142,130
104000118,672,71,601
104000119,561,127,434
104000120,270,154,116
104000121,99,228,-129
104000122,409,327,82
104000123,484,390,94
104000124,130,574,-444
104000125,737,1926,-1189
104000126,331,292,39
104000127,976,894,82
104000128,438,105,333
104000129,184,6,178
104000130,2,310,-308
104000131,192,245,-53
104000132,268,146,122
104000133,799,695,104
104000134,642,1196,-554
104000135,235,891,-656
104000136,393,1313,-920
104000137,1121,222,899
104000138,728,418,310
104000139,1414,1250,164
104000141,349,359,-10
104000142,356,206,150
104000143,481,126,355
104000144,77,107,-30
104000145,230,92,138
104000146,76,190,-114
104000147,84,174,-90
104000148,280,113,167
104000149,72,58,14
104000150,770,232,538
104000151,249,162,87
104000152,286,178,108
104000153,534,297,237
104000154,385,188,197
104000155,345,540,-195
104000157,885,628,257
104000158,93,242,-149
104000159,462,211,251
104000160,1277,1655,-378
104000161,104,75,29
104000162,79,42,37
104000165,364,301,63
104000167,415,1088,-673
104000168,649,5,644
104000169,193,38,155
104000170,77,195,-118
104000248,232,238,-6
104000251,24,49,-25
104000272,0,0,0
104000273,0,0,0
104000274,0,0,0
104000275,0,0,0
104000279,356,328,28
104000290,20,432,-412
104000291,415,600,-185
104000293,586,488,98
104000294,33,0,33
104000295,739,993,-254
104000296,433,339,94
104000297,816,1853,-1037
104000298,1110,460,650
104000299,724,617,107
104900001,16,25,-9
104900002,34,161,-127
104900003,8,69,-61
104900004,14,20,-6
104900005,243,72,171
104900006,309,18,291
104900007,222,86,136
104900009,67,56,11
104900010,65,1,64
104900011,0,0,0
104900012,66,5,61
104900013,10,4,6
104900014,621,115,506
104900015,38,2,36
104900016,79,43,36
104900017,46,35,11
104900018,0,30,-30
104900019,68,3396,-3328
104900020,26,29,-3
104900021,3,24,-21
104900022,1,154,-153
104900023,0,11,-11
104900024,14,465,-451
104900025,56,94,-38
104900026,0,15,-15
104900027,612,227,385
104900028,7,249,-242
104900029,13,30,-17
104900030,267,145,122
104900031,16,60,-44
104900032,9,18,-9
104900033,158,79,79
104900034,276,86,190
104900035,341,150,191
104900036,464,17,447
104900037,85,68,17
104900038,12,643,-631
104900039,151,806,-655
104900040,569,56,513
104900041,265,53,212
104900042,116,82,34
104900043,16,271,-255
104900044,966,22,944
104900045,159,52,107
104900046,344,23,321
104900047,410,31,379
104900048,320,53,267
104900049,63,75,-12
104900050,418,21,397
104900051,260,24,236
104900052,168,1,167
104900053,275,22,253
104900054,169,13,156
104900055,345,0,345
104900056,301,1,300
104900057,14,1,13
104900058,169,47,122
104900059,64,10,54
104900060,0,70,-70
104900061,55,44,11
104900063,0,52,-52
104900064,1,55,-54
104900065,6,68,-62
104900066,0,28,-28
104900067,2,62,-60
104900068,10,48,-38
104900070,18,42,-24
104900071,1,63,-62
104900072,4,64,-60
104900073,39,12,27
104900074,26,15,11
104900075,14,1,13
104900076,62,17,45
104900077,65,39,26
104900078,41,52,-11
104900079,77,438,-361
104900080,56,77,-21
104900082,2,34,-32
104900085,1,48,-47
104900087,200,0,200
104900089,578,0,578
104900090,903,461,442
104900091,135,154,-19
104900093,51,83,-32
104900097,488,1541,-1053
104900098,125,15,110
104900099,19,332,-313
104900100,203,42,161
104900102,4,23,-19
104900103,63,38,25
104900104,610,1395,-785
104900106,63,14,49
104900107,36,54,-18
104900108,1,37,-36
104900109,25,91,-66
104900110,1,39,-38
104900111,126,63,63
104900112,254,72,182
104900113,319,62,257
104900114,361,93,268
104900115,457,29,428
104900116,233,22,211
104900118,3,7,-4
104900119,0,14,-14
104900120,19,249,-230
104900121,0,40,-40
104900122,0,26,-26
104900123,208,0,208
104900124,116,1,115
104900125,159,0,159
104900126,7,24,-17
104900127,6,6,0
104900128,68,58,10
104900129,367,1703,-1336
105000001,1723,566,1157
105000002,1100,782,318
105000003,1329,1628,-299
105000004,657,512,145
105000005,961,766,195
105000006,618,1196,-578
105000007,752,1007,-255
105000008,366,1267,-901
105000009,2227,2158,69
105000010,1412,670,742
105000011,2041,2320,-279
105000012,1087,1048,39
105000013,590,729,-139
105000014,2093,1847,246
105000015,4647,8207,-3560
105000016,789,733,56
105000017,1028,809,219
105000018,402,655,-253
105000019,535,562,-27
105000020,29,349,-320
105000021,144,71,73
105000022,36,40,-4
105000023,506,108,398
105000028,5,50,-45
105000029,330,661,-331
105000030,1949,1160,789
105000033,475,770,-295
105000034,95,786,-691
105000037,341,67,274
105000038,478,872,-394
105000039,441,575,-134
105000040,896,644,252
105000041,615,401,214
105000042,1046,818,228
105000043,455,457,-2
105000044,305,237,68
105000045,62,205,-143
105000046,586,143,443
105000047,215,316,-101
105000048,804,186,618
105000049,110,199,-89
105000050,788,299,489
105000051,147,144,3
105000052,325,431,-106
105000053,61,48,13
105000054,251,382,-131
105000055,399,104,295
105000056,1255,904,351
105000057,845,273,572
105000058,611,489,122
105000059,722,424,298
105000060,409,246,163
105000061,1078,285,793
105000062,384,327,57
105000063,187,202,-15
105000064,1941,263,1678
105000065,235,189,46
105000066,537,412,125
105000067,1432,402,1030
105000068,200,308,-108
105000069,722,1619,-897
105000070,296,752,-456
105000071,128,1555,-1427
105000072,757,3191,-2434
105000073,821,493,328
105000074,220,275,-55
105000075,300,231,69
105000076,662,467,195
105000077,925,278,647
105000078,381,505,-124
105000079,490,1191,-701
105000080,1218,1226,-8
105000081,635,654,-19
105000082,522,1136,-614
105000083,1574,1821,-247
105000084,301,465,-164
105000085,1769,1431,338
105000086,342,467,-125
105000087,595,829,-234
105000088,1121,1492,-371
105000089,975,627,348
105000090,129,188,-59
105000091,325,301,24
105000092,271,261,10
105000093,170,216,-46
105000094,100,83,17
105000095,66,308,-242
105000096,681,996,-315
105000097,291,270,21
105000098,784,752,32
105000099,379,452,-73
105000100,1205,390,815
105000101,1306,556,750
105000102,1147,684,463
105000103,602,521,81
105000104,1416,531,885
105000105,663,456,207
105000106,996,350,646
105000107,1160,324,836
105000108,1035,414,621
105000109,1689,271,1418
105000110,691,131,560
105000111,1262,208,1054
105000112,572,170,402
105000113,518,391,127
105000114,511,954,-443
105000115,162,1200,-1038
105000116,1010,327,683
105000117,564,354,210
105000118,658,226,432
105000119,262,258,4
105000120,1287,196,1091
105000121,585,192,393
105000122,304,268,36
105000123,341,360,-19
105000124,1399,284,1115
105000125,718,390,328
105000126,1429,567,862
105000127,1916,543,1373
105000128,395,652,-257
105000129,785,140,645
105000130,126,2367,-2241
105000131,144,95,49
105000132,993,634,359
105000133,184,352,-168
105000134,1137,261,876
105000135,176,138,38
105000136,36,24,12
105000137,354,27,327
105000138,34,24,10
105000139,426,173,253
105000140,667,97,570
105000141,181,136,45
105000142,316,145,171
105000143,101,202,-101
105000144,179,171,8
105000145,613,209,404
105000146,219,135,84
105000147,617,149,468
105000148,438,303,135
105000149,2014,950,1064
105000150,546,210,336
105000151,466,154,312
105000152,137,163,-26
105000153,722,214,508
105000154,344,158,186
105000155,259,207,52
105000156,109,154,-45
105000157,360,405,-45
105000158,1501,401,1100
105000159,194,490,-296
105000160,2275,299,1976
105000161,471,398,73
105000162,491,1820,-1329
105000163,425,304,121
105000164,43,98,-55
105000165,184,5358,-5174
105000166,1738,1137,601
105000167,675,2113,-1438
105000168,268,139,129
105000169,578,94,484
105000170,254,639,-385
105000171,688,92,596
105000172,281,4,277
105000173,582,14,568
105000174,72,10,62
105000175,46,55,-9
105000176,478,59,419
105000177,318,168,150
105000178,190,66,124
105000179,1117,37,1080
105000180,268,29,239
105000181,120,67,53
105000182,80,14,66
105000183,858,1553,-695
105000184,114,134,-20
105000185,157,608,-451
105000186,268,292,-24
105000187,410,231,179
105000188,99,192,-93
105000189,44,196,-152
105000190,154,135,19
105000191,164,112,52
105000192,282,64,218
105000193,75,85,-10
105000194,402,34,368
105000195,185,183,2
105000196,44,120,-76
105000197,69,182,-113
105000198,71,86,-15
105000199,34,261,-227
105000200,66,357,-291
105000201,111,10,101
105000203,1,63,-62
105000204,58,48,10
105000205,36,49,-13
105000207,37,42,-5
105000208,113,243,-130
105000209,65,14,51
105000212,729,340,389
105000213,23,69,-46
105000214,132,108,24
105000215,120,93,27
105000216,74,40,34
105000217,49,40,9
105000218,1820,413,1407
105000221,137,90,47
105000222,181,29,152
105000223,270,38,232
105000226,70,133,-63
105000227,13,102,-89
105000228,12,866,-854
105000229,84,378,-294
105000231,310,115,195
105000233,496,464,32
105000234,260,437,-177
105000235,400,272,128
105000237,829,75,754
105000243,68,92,-24
105000248,9,24,-15
105000262,198,131,67
105000269,97,43,54
105000270,565,9,556
105000271,0,92,-92
105000282,16,18,-2
105000287,133,77,56
105000288,767,320,447
105000289,586,1003,-417
105000290,17,10,7
105000402,746,1991,-1245
105000426,104,245,-141
105000438,677,704,-27
105000446,2409,2391,18
105000447,1141,951,190
105000454,489,99,390
105000455,130,44,86
105000474,34,2,32
105000477,808,319,489
105000478,1465,3357,-1892
105000479,23,53,-30
105000480,3429,4170,-741
105000481,2533,1955,578
105000482,1278,1936,-658
105000483,796,1011,-215
105000484,784,891,-107
105000485,788,1450,-662
105000486,634,813,-179
105000488,1381,1448,-67
105000489,1140,231,909
105000549,109,70,39
105000550,146,323,-177
105000551,10,52,-42
105000552,923,452,471
105000555,44,342,-298
105900001,5,479,-474
105900002,705,586,119
105900003,0,38,-38
105900004,38,18,20
105900005,8,40,-32
105900006,8,53,-45
105900007,12,12,0
105900008,42,89,-47
105900009,60,27,33
105900011,89,30,59
105900012,352,70,282
105900013,2,19,-17
105900014,0,24,-24
105900015,49,92,-43
105900016,371,178,193
105900017,1378,14,1364
105900018,32,82,-50
105900019,44,54,-10
105900020,24,39,-15
105900021,19,197,-178
105900022,154,65,89
105900023,22,84,-62
105900024,19,145,-126
105900025,225,3,222
105900026,71,13,58
105900027,3439,1304,2135
105900028,107,67,40
105900029,704,148,556
105900030,112,69,43
105900031,168,27,141
105900032,48,11,37
105900033,36,26,10
105900034,70,53,17
105900035,108,50,58
105900036,77,10,67
105900037,68,24,44
105900038,59,88,-29
105900039,64,14,50
105900040,51,6,45
105900041,39,96,-57
105900042,28,42,-14
105900043,388,16,372
105900044,0,77,-77
105900045,0,368,-368
105900046,0,24,-24
105900047,2,2,0
105900048,154,83,71
105900050,299,1379,-1080
105900051,14,236,-222
105900052,216,10,206
105900053,793,2208,-1415
105900054,78,88,-10
105900056,305,294,11
105900057,12,86,-74
105900058,13,21,-8
105900059,1,65,-64
106000001,1299,1074,225
106000002,457,1362,-905
106000003,1994,2009,-15
106000004,1542,1734,-192
106000005,3259,2398,861
106000006,2439,1119,1320
106000007,470,75,395
106000008,165,237,-72
106000009,364,90,274
106000010,152,316,-164
106000011,1102,433,669
106000012,537,389,148
106000013,1600,802,798
106000014,670,604,66
106000015,1967,731,1236
106000016,740,870,-130
106000017,848,363,485
106000018,315,277,38
106000019,478,202,276
106000020,180,134,46
106000021,406,162,244
106000022,222,116,106
106000023,1015,210,805
106000024,309,238,71
106000025,177,106,71
106000026,49,105,-56
106000027,1733,630,1103
106000028,298,97,201
106000029,357,260,97
106000030,74,189,-115
106000034,15,100,-85
106000035,573,976,-403
106000036,50,325,-275
106000037,315,416,-101
106000038,8,35,-27
106000039,26,103,-77
106000040,34,873,-839
106000041,560,309,251
106000043,281,143,138
106000046,230,42,188
106000047,68,308,-240
106000049,889,47,842
106000050,75,186,-111
106000051,766,394,372
106000052,0,0,0
106000053,495,58,437
106000054,0,0,0
106000055,752,210,542
106000056,0,0,0
106000057,492,123,369
106000058,0,0,0
106000059,522,216,306
106000060,15,46,-31
106000061,137,571,-434
106000062,63,101,-38
106000063,668,600,68
106000064,0,0,0
106000065,566,178,388
106000066,55,21,34
106000067,435,37,398
106000068,102,28,74
106000069,416,29,387
106000070,146,20,126
106000071,745,101,644
106000072,912,655,257
106000073,809,3127,-2318
106000074,511,423,88
106000075,213,470,-257
106000076,782,415,367
106000077,1132,349,783
106000078,964,254,710
106000079,736,182,554
106000080,792,191,601
106000081,739,276,463
106000082,1006,253,753
106000083,270,535,-265
106000084,426,309,117
106000085,858,531,327
106000086,206,168,38
106000087,583,270,313
106000088,335,174,161
106000089,716,99,617
106000090,296,232,64
106000091,283,325,-42
106000092,502,164,338
106000093,390,35,355
106000094,39,80,-41
106000095,1176,411,765
106000096,1381,172,1209
106000097,1049,386,663
106000098,882,128,754
106000099,88,187,-99
106000100,1275,74,1201
106000101,798,47,751
106000102,56,128,-72
106000103,209,216,-7
106000104,901,220,681
106000105,319,265,54
106000106,674,143,531
106000107,60,163,-103
106000108,467,88,379
106000109,130,100,30
106000110,459,48,411
106000111,160,75,85
106000112,203,558,-355
106000113,255,286,-31
106000114,316,555,-239
106000115,103,286,-183
106000116,289,99,190
106000117,472,209,263
106000118,868,706,162
106000119,393,236,157
106000120,477,908,-431
106000121,208,80,128
106000122,212,153,59
106000123,817,63,754
106000124,81,56,25
106000125,30,142,-112
106000126,431,34,397
106000127,985,267,718
106000128,766,115,651
106000129,414,270,144
106000130,932,193,739
106000131,17,504,-487
106000132,433,137,296
106000133,707,1119,-412
106000134,188,2037,-1849
106000135,112,297,-185
106000136,667,1131,-464
106000137,58,400,-342
106000138,1768,53,1715
106000139,94,63,31
106000140,2,5,-3
106000141,19,6,13
106000142,202,128,74
106000143,1,3,-2
106000144,43,129,-86
106000145,150,55,95
106000146,548,57,491
106000147,248,425,-177
106000148,263,487,-224
106000149,641,373,268
106000150,719,1266,-547
106000151,1741,408,1333
106000152,729,1179,-450
106000153,34,906,-872
106000154,647,120,527
106000155,144,176,-32
106000156,1189,87,1102
106000157,363,817,-454
106000158,798,462,336
106000159,891,1214,-323
106000160,397,2155,-1758
106000161,370,86,284
106000162,411,1151,-740
106000163,236,98,138
106000164,587,54,533
106000165,121,156,-35
106000166,839,50,789
106000167,322,233,89
106000168,678,61,617
106000169,104,142,-38
106000170,771,70,701
106000171,162,326,-164
106000172,1497,341,1156
106000173,527,777,-250
106000174,967,97,870
106000175,147,128,19
106000176,1647,330,1317
106000177,576,467,109
106000178,2192,413,1779
106000179,427,314,113
106000180,619,338,281
106000181,1520,717,803
106000182,1527,152,1375
106000183,1397,159,1238
106000184,888,303,585
106000185,861,901,-40
106000186,167,25,142
106000187,11,474,-463
106000188,0,0,0
106000189,5,10,-5
106000190,33,1,32
106000191,334,23,311
106000192,0,3,-3
106000193,100,96,4
106000194,33,146,-113
106000195,69,40,29
106000196,22,241,-219
106000197,395,108,287
106000198,167,67,100
106000199,396,872,-476
106000200,135,173,-38
106000201,150,4686,-4536
106000202,1346,355,991
106000203,5,97,-92
106000204,54,3,51
106000205,7,88,-81
106000206,72,12,60
106000207,12,83,-71
106000208,1527,39,1488
106000209,1922,150,1772
106000210,187,275,-88
106000211,164,449,-285
106000212,1119,205,914
106000213,83,879,-796
106000214,681,259,422
106000215,302,211,91
106000216,396,111,285
106000217,188,212,-24
106000218,305,63,242
106000219,143,116,27
106000220,623,141,482
106000221,172,69,103
106000222,82,41,41
106000223,334,51,283
106000224,103,70,33
106000225,51,134,-83
106000226,37,70,-33
106000228,3,3,0
106000229,93,124,-31
106000231,949,24,925
106000232,55,67,-12
106000233,383,51,332
106000234,11,152,-141
106000235,113,127,-14
106000236,52,147,-95
106000237,0,89,-89
106000238,19,44,-25
106000239,2,59,-57
106000240,10,9,1
106000241,0,380,-380
106000242,145,13,132
106000249,143,26,117
106000250,27,363,-336
106000251,82,7,75
106000252,8,25,-17
106000253,75,31,44
106000254,7,3,4
106000255,40,52,-12
106000256,14,5,9
106000257,35,135,-100
106000258,40,53,-13
106000259,0,72,-72
106000260,14,2,12
106000261,4,30,-26
106000262,62,0,62
106000263,13,38,-25
106000264,94,0,94
106000265,15,26,-11
106000266,156,9,147
106000267,9,39,-30
106000268,154,4,150
106000269,28,6,22
106000270,42,78,-36
106000271,40,23,17
106000272,61,17,44
106000273,7,81,-74
106000274,63,10,53
106000275,129,87,42
106000276,32,4,28
106000277,143,69,74
106000278,46,6,40
106000279,3,5,-2
106000280,42,3,39
106000281,39,26,13
106000282,57,24,33
106000283,62,9,53
106000284,134,17,117
106000285,32,26,6
106000286,113,14,99
106000287,13,20,-7
106000288,72,9,63
106000289,36,49,-13
106000290,93,6,87
106000291,47,16,31
106000292,31,18,13
106000293,35,14,21
106000294,63,24,39
106000295,24,12,12
106000296,38,11,27
106000297,18,50,-32
106000298,16,43,-27
106000299,56,13,43
106000300,23,42,-19
106000301,39,59,-20
106000303,37,24,13
106000304,13,10,3
106000305,65,19,46
106000306,24,23,1
106000307,131,3,128
106000308,2,60,-58
106000309,16,25,-9
106000310,201,139,62
106000311,394,56,338
106000312,124,73,51
106000313,146,58,88
106000318,4,135,-131
106000319,599,216,383
106000320,1,139,-138
106000321,53,370,-317
106000322,155,44,111
106000324,55,179,-124
106000325,1700,322,1378
106000326,362,619,-257
106000327,214,34,180
106000328,18,24,-6
106000329,29,83,-54
106000330,16,96,-80
106000428,61,184,-123
106000429,120,341,-221
106000430,275,579,-304
106000431,1708,197,1511
106000432,453,942,-489
106000433,1733,792,941
106000434,2461,829,1632
106000435,661,908,-247
106000436,0,89,-89
106000437,513,40,473
106000438,174,374,-200
106000439,12,338,-326
106000440,182,199,-17
106000441,20,0,20
106000442,188,9,179
106000443,207,49,158
106000450,0,64,-64
106000451,31,85,-54
106000454,0,31,-31
106000455,0,133,-133
106000456,78,38,40
106000457,5,138,-133
106000458,1015,107,908
106000459,121,43,78
106000460,1860,49,1811
106000461,54,107,-53
106000462,0,17,-17
106000463,5,17,-12
106000464,0,520,-520
106000465,958,1,957
106000466,1,309,-308
106000467,29,139,-110
106000468,135,77,58
106000469,170,1,169
106000470,71,904,-833
106000471,0,139,-139
106000472,103,16,87
106000473,15,4,11
106000474,177,206,-29
106000475,307,164,143
106000476,121,263,-142
106000477,0,2,-2
106000480,0,69,-69
106900001,0,1,-1
106900002,0,124,-124
106900003,37,426,-389
106900004,6,5,1
106900006,0,6,-6
106900007,0,3,-3
106900008,459,30,429
106900009,302,68,234
106900010,278,61,217
106900012,299,1873,-1574
106900013,382,202,180
106900014,99,1,98
106900015,3,1,2
106900016,320,29,291
106900017,8,1,7
106900018,24,0,24
106900019,152,0,152
106900020,739,1204,-465
106900021,154,63,91
106900022,1440,7,1433
106900023,17,44,-27
106900024,506,26,480
106900025,1,166,-165
106900026,0,108,-108
106900027,1065,9,1056
107000001,2008,2392,-384
107000002,873,655,218
107000003,5325,5286,39
107000004,1793,854,939
107000005,6022,3702,2320
107000006,1532,741,791
107000007,3348,4030,-682
107000008,2207,1313,894
107000009,6383,5048,1335
107000010,3053,2052,1001
107000011,245,296,-51
107000012,1037,774,263
107000013,10,7,3
107000014,48,18,30
107000015,217,110,107
107000016,380,207,173
107000017,557,478,79
107000018,3,426,-423
107000020,489,627,-138
107000021,501,276,225
107000022,647,853,-206
107000023,1018,155,863
107000024,795,1044,-249
107000025,176,200,-24
107000026,414,240,174
107000027,1026,285,741
107000028,945,379,566
107000029,2834,1841,993
107000030,1239,900,339
107000031,3270,1310,1960
107000032,193,312,-119
107000033,1103,1602,-499
107000034,1539,383,1156
107000035,216,148,68
107000036,260,780,-520
107000037,70,470,-400
107000038,118,88,30
107000039,529,556,-27
107000040,110,77,33
107000041,630,240,390
107000042,239,1251,-1012
107000043,627,252,375
107000044,219,184,35
107000045,34,93,-59
107000046,439,119,320
107000047,164,280,-116
107000048,284,98,186
107000049,254,301,-47
107000050,496,216,280
107000051,151,180,-29
107000052,515,1265,-750
107000053,243,320,-77
107000054,23,74,-51
107000055,96,85,11
107000056,357,371,-14
107000057,588,144,444
107000058,1819,1527,292
107000059,816,1263,-447
107000060,4582,3161,1421
107000061,2014,1085,929
107000062,5317,1794,3523
107000063,1370,1191,179
107000064,3769,2472,1297
107000065,1482,1686,-204
107000066,803,1736,-933
107000067,710,502,208
107000068,553,500,53
107000069,751,588,163
107000070,933,4,929
107000071,2858,29,2829
107000072,2,611,-609
107000073,740,399,341
107000074,47,214,-167
107000075,1536,87,1449
107000076,113,483,-370
107000077,2376,322,2054
107000078,212,462,-250
107000079,2626,540,2086
107000080,192,629,-437
107000081,3178,422,2756
107000082,251,347,-96
107000083,1213,584,629
107000084,93,231,-138
107000085,1592,1367,225
107000086,1214,948,266
107000087,1776,1089,687
107000088,1127,1059,68
107000089,1028,979,49
107000090,595,285,310
107000091,1299,460,839
107000092,410,313,97
107000093,820,477,343
107000094,375,407,-32
107000095,1135,444,691
107000096,321,368,-47
107000097,1208,211,997
107000098,203,370,-167
107000099,336,266,70
107000100,96,227,-131
107000101,86,150,-64
107000102,150,227,-77
107000103,265,151,114
107000104,125,171,-46
107000105,522,100,422
107000106,36,105,-69
107000107,716,127,589
107000108,133,159,-26
107000109,678,144,534
107000110,34,211,-177
107000111,327,19,308
107000112,19,234,-215
107000113,918,10,908
107000114,27,373,-346
107000115,688,198,490
107000116,38,261,-223
107000117,122,1007,-885
107000118,20,50,-30
107000119,644,1546,-902
107000120,713,415,298
107000121,565,219,346
107000122,380,345,35
107000123,488,251,237
107000124,399,213,186
107000125,1077,201,876
107000126,971,291,680
107000129,117,195,-78
107000130,851,301,550
107000131,232,515,-283
107000132,420,145,275
107000133,186,74,112
107000134,168,1,167
107000135,2,205,-203
107000136,329,2,327
107000137,7,144,-137
107000138,48,9,39
107000139,1,221,-220
107000140,989,26,963
107000141,38,331,-293
107000142,335,25,310
107000143,8,251,-243
107000144,235,474,-239
107000145,27,108,-81
107000146,173,282,-109
107000147,2147,333,1814
107000150,78,3077,-2999
107000151,3,17,-14
107000152,224,2226,-2002
107000153,52,107,-55
107000154,1,76,-75
107000155,830,6,824
107000156,1106,0,1106
107000157,10,277,-267
107000158,760,3,757
107000159,3,145,-142
107000160,1454,129,1325
107000161,16,320,-304
107000162,142,518,-376
107000163,154,1,153
107000164,866,1,865
107000165,1323,19,1304
107000166,1,147,-146
107000167,640,125,515
107000168,739,240,499
107000169,164,203,-39
107000170,3122,421,2701
107000171,213,263,-50
107000172,1280,1623,-343
107000173,176,178,-2
107000174,879,4616,-3737
107000175,1551,387,1164
107000176,0,0,0
107000177,3,0,3
107000178,38,1,37
107000179,280,689,-409
107000180,1614,83,1531
107000181,275,323,-48
107000182,1863,261,1602
107000183,73,254,-181
107000184,1276,205,1071
107000185,161,435,-274
107000186,691,102,589
107000187,790,571,219
107000188,447,149,298
107000189,719,254,465
107000190,562,273,289
107000191,681,303,378
107000192,1032,180,852
107000193,283,161,122
107000194,279,121,158
107000197,741,95,646
107000198,254,435,-181
107000199,218,260,-42
107000200,437,341,96
107000201,170,131,39
107000202,152,290,-138
107000203,165,397,-232
107000204,159,900,-741
107000205,406,159,247
107000206,85,535,-450
107000207,118,259,-141
107000208,141,244,-103
107000209,281,252,29
107000210,63,118,-55
107000211,10,8,2
107000212,69,33,36
107000213,3,10,-7
107000214,1,15,-14
107000215,393,87,306
107000216,303,112,191
107000217,130,58,72
107000219,32,114,-82
107000220,54,43,11
107000222,129,112,17
107000224,332,68,264
107000225,60,154,-94
107000226,519,57,462
107000227,65,81,-16
107000228,36,217,-181
107000229,37,68,-31
107000230,277,223,54
107000231,233,433,-200
107000232,24,5,19
107000233,74,284,-210
107000234,1,84,-83
107000235,5,13,-8
107000236,0,119,-119
107000237,40,0,40
107000238,19,1,18
107000239,1019,245,774
107000240,17,127,-110
107000241,11,7,4
107000242,48,11,37
107000243,0,31,-31
107000244,3,9,-6
107000246,0,241,-241
107000249,3,355,-352
107000251,3,15,-12
107000252,0,90,-90
107000255,134,87,47
107000257,3,355,-352
107000258,20,136,-116
107000259,0,64,-64
107000260,1738,9,1729
107000262,3,87,-84
107000263,466,5,461
107000266,9,10,-1
107000267,16,52,-36
107000268,76,12,64
107000269,8,5,3
107000270,120,35,85
107000271,0,0,0
107000272,74,0,74
107000273,0,77,-77
107000274,298,48,250
107000275,8,248,-240
107000280,1294,10,1284
107000281,4,145,-141
107000282,2,249,-247
107000290,17,17,0
107000291,20,9,11
107000292,0,57,-57
107000293,15,7,8
107000294,0,55,-55
107000295,21,4,17
107000296,0,7,-7
107000444,168,1,167
107000496,7,10,-3
107000497,399,423,-24
107000500,253,61,192
107000501,39,72,-33
107000502,140,119,21
107000505,144,281,-137
107000506,0,3,-3
107000508,0,31,-31
107000509,58,335,-277
107000510,8,51,-43
107000514,59,433,-374
107000515,1,41,-40
107000516,476,146,330
107000518,1278,1637,-359
107000519,381,139,242
107000520,150,29,121
107000521,694,105,589
107000522,932,476,456
107900001,30,7,23
107900002,15,1,14
107900003,224,3,221
107900004,187,0,187
107900005,2203,14,2189
107900006,122,12,110
107900007,283,14,269
107900008,31,9,22
107900009,106,5,101
107900010,41,0,41
107900012,320,45,275
107900013,103,6,97
107900014,70,2,68
107900015,1512,9,1503
107900016,68,19,49
107900017,28,0,28
107900018,92,399,-307
107900019,28,11,17
107900020,13,42,-29
107900021,92,4,88
107900023,2,0,2
107900024,0,1,-1
107900025,92,37,55
107900026,32,11,21
107900027,4,223,-219
107900028,146,6,140
107900030,208,4,204
107900031,89,21,68
107900032,24,1,23
107900033,27,22,5
107900034,176,5,171
107900035,1306,51,1255
107900036,35,32,3
107900037,0,3,-3
107900038,14,222,-208
107900039,7,25,-18
107900040,5,411,-406
107900041,1,0,1
107900043,97,65,32
107900044,6,0,6
107900045,56,21,35
107900046,570,162,408
107900047,86,7,79
107900048,281,13,268
107900049,86,809,-723
107900050,13,67,-54
107900051,56,20,36
107900052,1,104,-103
107900053,81,31,50
107900055,180,129,51
107900056,33,80,-47
107900057,0,0,0
107900058,16,87,-71
107900060,6,24,-18
107900061,1,35,-34
107900063,86,52,34
107900064,89,242,-153
107900065,474,3,471
107900066,5,3,2
107900067,0,0,0
107900068,41,284,-243
107900069,1,2095,-2094
107900070,174,122,52
107900071,15,197,-182
107900072,146,35,111
107900073,77,18,59
107900074,43,151,-108
107900076,104,8,96
107900077,100,0,100
107900078,83,2,81
107900079,13,1,12
107900080,4,131,-127
107900081,8,14,-6
107900082,0,0,0
107900083,418,89,329
107900084,83,124,-41
107900086,17,163,-146
107900087,71,17,54
107900088,46,0,46
107900089,70,230,-160
107900090,153,1270,-1117
107900091,73,76,-3
107900092,561,84,477
107900093,34,29,5
107900095,491,763,-272
107900097,22,18,4
107900098,94,93,1
107900100,145,942,-797
107900101,113,16,97
107900102,21,0,21
107900103,20,62,-42
107900104,364,5,359
107900105,0,37,-37
107900106,0,150,-150
107900107,369,155,214
107900108,18,11,7
107900109,1590,18,1572
107900110,75,5,70
107900111,0,115,-115
107900112,33,201,-168
107900113,135,7,128
107900114,329,37,292
107900115,0,10,-10
107900116,203,29,174
107900117,103,90,13
107900118,3,56,-53
107900119,86,159,-73
107900120,29,2,27
107900121,0,71,-71
107900122,0,12,-12
107900123,5,18,-13
107900124,8,25,-17
107900125,17,28,-11
107900126,15,10,5
107900127,681,79,602
107900128,64,11,53
107900129,108,9,99
107900130,120,4,116
107900131,6,38,-32
107900132,1,54,-53
107900133,0,73,-73
107900134,7,24,-17
107900135,0,18,-18
107900136,12,20,-8
107900137,8,16,-8
107900138,46,6,40
107900139,69,8,61
107900140,78,38,40
107900141,12,9,3
107900142,10,107,-97
107900143,1,19,-18
107900144,0,31,-31
107900145,1,12,-11
107900146,20,46,-26
107900147,50,9,41
107900148,123,70,53
107900149,200,18,182
107900150,3,96,-93
107900151,64,14,50
107900152,9,46,-37
107900153,28,85,-57
107900154,16,6,10
107900155,71,3,68
107900156,6,18,-12
107900157,5,27,-22
107900158,891,52,839
107900159,1,122,-121
107900160,116,44,72
107900161,29,32,-3
107900162,0,25,-25
107900163,1,11,-10
107900164,0,3,-3
107900165,11,104,-93
107900166,21,25,-4
107900167,6,87,-81
107900168,35,4,31
107900169,1,146,-145
107900171,0,159,-159
107900172,6,45,-39
107900173,71,16,55
107900174,151,9,142
107900175,24,32,-8
107900176,24,1,23
107900177,2,80,-78
107900178,4,26,-22
107900179,3,38,-35
107900180,72,821,-749
107900181,90,107,-17
107900182,0,78,-78
107900183,32,20,12
107900184,63,51,12
107900185,62,5,57
107900186,9,5,4
107900187,0,16,-16
107900188,139,19,120
107900189,2,11,-9
107900190,37,38,-1
107900191,20,18,2
107900193,0,72,-72
107900194,65,0,65
107900195,337,73,264
107900196,71,7,64
107900197,64,82,-18
107900199,0,126,-126
107900201,37,30,7
107900203,18,4,14
107900204,57,66,-9
107900205,59,80,-21
107900206,32,298,-266
107900207,0,85,-85
107900208,0,102,-102
107900209,122,37,85
107900210,24,10,14
107900213,106,68,38
107900214,1,25,-24
107900215,55,177,-122
107900216,1,9,-8
107900217,30,32,-2
107900218,2,239,-237
107900219,7,18,-11
107900220,3,38,-35
107900221,17,68,-51
107900223,54,42,12
107900224,18,190,-172
107900225,0,74,-74
107900226,0,77,-77
107900227,39,82,-43
107900228,21,52,-31
107900229,2,29,-27
107900230,20,25,-5
107900231,34,15,19
107900232,154,9,145
107900233,1,47,-46
107900234,135,22,113
107900235,1,38,-37
107900236,211,20,191
107900237,17,208,-191
107900238,14,6,8
107900239,124,241,-117
107900240,35,21,14
107900241,1,51,-50
107900242,9,34,-25
107900243,0,13,-13
107900244,296,5,291
107900245,717,34,683
107900246,190,32,158
107900248,664,20,644
107900249,725,77,648
107900250,0,80,-80
107900251,4,140,-136
107900252,524,59,465
107900253,82,8,74
107900254,13,124,-111
107900255,25,20,5
107900256,113,679,-566
107900257,288,87,201
107900258,122,40,82
107900259,11,2108,-2097
107900261,0,62,-62
107900262,41,26,15
107900264,359,1,358
107900265,31,38,-7
107900267,260,15,245
107900268,2,0,2
107900269,0,0,0
107900270,0,14,-14
107900271,0,25,-25
107900272,13,43,-30
107900273,20,35,-15
107900274,113,3,110
107900275,5,0,5
107900276,0,41,-41
107900277,0,21,-21
107900278,296,118,178
107900279,32,49,-17
107900280,655,248,407
107900281,385,4777,-4392
107900282,25,833,-808
107900283,453,372,81
107900284,551,184,367
107900285,101,33,68
107900286,14,14,0
107900287,389,29,360
107900290,0,241,-241
107900291,438,3,435
107900292,63,42,21
107900293,34,162,-128
107900295,18,5,13
107900297,0,116,-116
107900298,269,417,-148
107900299,1476,2142,-666
107900300,101,243,-142
107900301,250,328,-78
107900302,50,2,48
107900303,294,148,146
107900304,427,38,389
107900305,264,7,257
107900306,2,9,-7
107900307,5,94,-89
107900308,183,66,117
107900309,5,0,5
107900310,18,0,18
107900311,193,336,-143
107900312,21,0,21
107900313,0,79,-79
107900314,0,187,-187
107900315,0,48,-48
107900316,32,1,31
107900317,58,1,57
107900318,2,158,-156
107900319,0,28,-28
107900320,0,27,-27
107900321,95,1,94
107900322,11,19,-8
107900323,4,57,-53
107900324,48,0,48
107900325,113,0,113
107900326,490,85,405
107900327,2,36,-34
107900328,0,0,0
107900329,3,44,-41
107900330,23,35,-12
107900331,470,3,467
107900332,429,3,426
107900333,96,10,86
107900334,15,22,-7
107900335,31,10,21
107900336,24,12,12
107900337,161,790,-629
107900338,0,66,-66
107900339,0,24,-24
107900340,0,155,-155
107900341,38,0,38
107900342,154,424,-270
107900343,15,3,12
107900344,1,66,-65
107900345,24,3,21
107900346,8,0,8
107900347,25,0,25
107900348,0,0,0
107900349,18,21,-3
107900350,2,97,-95
108000001,3054,1792,1262
108000002,540,795,-255
108000003,2037,1224,813
108000004,4285,4855,-570
108000005,6253,2880,3373
108000006,1577,1590,-13
108000007,4269,2033,2236
108000008,1508,1449,59
108000009,4287,2151,2136
108000010,1139,1560,-421
108000011,9486,5753,3733
108000012,3777,3909,-132
108000014,293,726,-433
108000015,473,145,328
108000016,102,214,-112
108000017,909,165,744
108000018,1217,307,910
108000019,319,233,86
108000020,761,220,541
108000021,111,391,-280
108000022,279,392,-113
108000023,1069,107,962
108000024,264,116,148
108000025,373,55,318
108000026,643,57,586
108000027,701,67,634
108000028,742,90,652
108000029,432,79,353
108000030,449,104,345
108000031,131,296,-165
108000032,2021,320,1701
108000033,271,267,4
108000034,1817,207,1610
108000035,295,479,-184
108000036,189,343,-154
108000037,1778,139,1639
108000038,3089,180,2909
108000039,150,449,-299
108000040,1777,364,1413
108000041,247,604,-357
108000042,556,48,508
108000043,49,92,-43
108000044,856,18,838
108000045,69,91,-22
108000046,1493,107,1386
108000047,103,185,-82
108000048,52,64,-12
108000049,822,69,753
108000050,20,174,-154
108000051,365,156,209
108000052,69,175,-106
108000053,283,158,125
108000054,244,444,-200
108000055,627,188,439
108000056,225,483,-258
108000057,615,788,-173
108000058,1103,2711,-1608
108000059,1026,600,426
108000060,120,231,-111
108000061,37,127,-90
108000062,704,236,468
108000063,364,188,176
108000064,219,158,61
108000065,329,322,7
108000066,836,286,550
108000067,1615,445,1170
108000068,799,78,721
108000069,82,309,-227
108000070,1867,208,1659
108000071,355,439,-84
108000072,1340,282,1058
108000073,378,374,4
108000074,759,170,589
108000075,223,178,45
108000076,815,154,661
108000077,178,147,31
108000078,2371,435,1936
108000079,194,280,-86
108000080,1575,180,1395
108000081,248,413,-165
108000082,225,338,-113
108000083,1393,356,1037
108000084,125,235,-110
108000085,1006,232,774
108000086,169,129,40
108000087,134,1561,-1427
108000088,179,10,169
108000089,161,178,-17
108000090,657,50,607
108000091,46,243,-197
108000092,378,11,367
108000093,212,175,37
108000094,1008,29,979
108000095,120,119,1
108000096,679,81,598
108000097,29,127,-98
108000098,1840,466,1374
108000099,242,15,227
108000100,106,111,-5
108000101,1129,531,598
108000102,1157,2067,-910
108000106,526,1,525
108000107,1,572,-571
108000108,626,35,591
108000109,1,227,-226
108000110,424,90,334
108000111,109,247,-138
108000112,23,125,-102
108000113,150,136,14
108000115,158,98,60
108000117,241,237,4
108000118,28,164,-136
108000119,360,107,253
108000120,136,617,-481
108000121,255,180,75
108000122,741,199,542
108000123,503,105,398
108000124,207,115,92
108000125,475,166,309
108000126,196,124,72
108000127,401,121,280
108000128,711,46,665
108000129,133,114,19
108000130,471,111,360
108000131,577,85,492
108000132,105,181,-76
108000133,1249,83,1166
108000134,159,95,64
108000135,1320,288,1032
108000136,97,105,-8
108000137,431,77,354
108000138,262,182,80
108000139,557,155,402
108000140,509,4,505
108000141,8,20,-12
108000142,9,23,-14
108000143,3,10,-7
108000144,98,2,96
108000145,54,4,50
108000146,151,0,151
108000147,37,2,35
108000148,154,10,144
108000149,2,10,-8
108000150,100,5,95
108000151,4,25,-21
108000152,35,55,-20
108000153,716,52,664
108000154,23,3,20
108000155,63,21,42
108000156,154,66,88
108000157,63,1331,-1268
108000158,20,528,-508
108000159,70,95,-25
108000160,1001,837,164
108000161,835,2601,-1766
108000165,1,301,-300
108000172,11,173,-162
108000173,373,1400,-1027
108000175,451,74,377
108000178,286,136,150
108000179,52,650,-598
108000181,130,0,130
108000182,52,5,47
108000183,0,1,-1
108000184,176,1975,-1799
108000185,251,129,122
108000186,476,5,471
108000187,59,141,-82
108000188,1069,42,1027
108000189,135,1305,-1170
108000190,27,28,-1
108000192,152,93,59
108000193,162,10,152
108000194,6,0,6
108000195,0,305,-305
108000196,129,123,6
108000198,259,31,228
108000199,0,53,-53
108000200,928,64,864
108000202,1,115,-114
108000203,84,102,-18
108000204,223,58,165
108000205,71,103,-32
108000339,344,255,89
108000364,68,99,-31
108000365,18,176,-158
108000367,36,95,-59
108000368,20,17,3
108000369,182,68,114
108000371,0,464,-464
108000372,531,0,531
108000373,178,55,123
108000376,108,18,90
108000377,562,85,477
108000378,6644,8654,-2010
108000379,15,70,-55
108000381,206,9,197
108000382,93,0,93
108000383,0,104,-104
108900001,13,105,-92
108900002,97,26,71
108900003,32,197,-165
108900004,3,268,-265
108900005,36,172,-136
108900006,535,77,458
108900007,351,52,299
108900008,203,19,184
108900009,99,82,17
108900010,416,53,363
108900011,932,50,882
108900012,461,85,376
108900013,125,64,61
108900014,39,42,-3
108900015,0,159,-159
108900016,2,116,-114
108900017,39,109,-70
108900018,144,196,-52
108900019,2,124,-122
108900020,18,52,-34
108900021,66,72,-6
108900022,125,28,97
108900023,7,26,-19
108900024,19,37,-18
108900025,176,14,162
108900026,7,56,-49
108900027,4,54,-50
108900028,80,88,-8
108900029,32,70,-38
108900030,0,15,-15
108900031,71,53,18
108900032,1,35,-34
108900033,0,16,-16
108900034,0,45,-45
108900035,120,314,-194
108900036,100,91,9
108900037,32,100,-68
108900038,0,58,-58
108900039,0,54,-54
108900040,1,65,-64
108900041,1835,1642,193
108900042,1,216,-215
108900043,25,325,-300
108900044,1,129,-128
108900045,115,78,37
108900046,16,155,-139
108900047,0,69,-69
108900048,11,166,-155
108900049,516,1531,-1015
108900050,2,106,-104
108900051,0,31,-31
108900052,4,71,-67
108900053,18,221,-203
108900054,43,27,16
108900055,26,86,-60
108900056,1,36,-35
108900057,0,55,-55
108900058,27,116,-89
108900059,634,47,587
108900060,47,55,-8
108900061,20,6,14
108900062,1,84,-83
108900063,59,61,-2
108900064,300,12,288
108900065,17,84,-67
108900066,366,29,337
108900067,3,63,-60
108900068,20,41,-21
108900069,99,32,67
108900070,15,28,-13
108900071,152,15,137
108900072,749,169,580
108900073,7,47,-40
108900074,395,46,349
108900075,7,17,-10
108900076,550,15,535
108900077,64,120,-56
108900078,55,30,25
108900079,148,32,116
108900080,2,608,-606
108900081,17,129,-112
108900082,49,29,20
108900083,3,177,-174
108900084,94,47,47
108900085,324,22,302
108900086,134,24,110
108900087,38,54,-16
108900088,241,114,127
108900089,4,32,-28
108900090,82,48,34
108900091,82,13,69
108900092,278,89,189
108900093,61,27,34
108900094,136,58,78
108900095,16,82,-66
108900096,81,2,79
108900097,163,53,110
108900098,527,818,-291
108900099,220,39,181
108900100,44,29,15
108900101,123,88,35
108900102,1,954,-953
108900103,231,75,156
108900104,13,83,-70
108900105,2,1731,-1729
108900106,287,41,246
108900108,188,15,173
108900109,402,26,376
108900110,69,61,8
108900111,183,71,112
108900112,158,20,138
108900113,46,37,9
108900114,62,11,51
108900115,200,52,148
108900116,44,4,40
108900117,177,7,170
108900118,643,29,614
108900119,424,13,411
108900120,247,106,141
108900121,270,23,247
108900122,234,4,230
108900123,363,52,311
108900124,620,27,593
108900125,669,9,660
108900126,96,23,73
108900127,256,47,209
108900128,215,4,211
108900129,849,26,823
108900130,401,3,398
108900131,562,1,561
108900132,430,31,399
108900133,300,13,287
108900134,547,33,514
108900135,246,5,241
108900136,23,7,16
108900137,187,1,186
108900138,522,9,513
108900139,595,28,567
108900140,577,38,539
108900141,476,21,455
108900142,52,0,52
108900143,115,0,115
108900144,59,0,59
108900145,229,5,224
108900146,76,0,76
108900147,319,1,318
108900148,32,6,26
108900149,176,52,124
108900150,173,5,168
108900151,26,12,14
108900152,103,25,78
108900153,170,28,142
108900154,3742,119,3623
108900155,100,8,92
108900156,101,3,98
108900157,2,90,-88
108900158,445,27,418
108900159,12,62,-50
108900160,0,119,-119
108900161,12,108,-96
108900162,168,17,151
108900163,6,343,-337
108900164,31,7,24
108900165,27,20,7
108900167,307,7909,-7602
108900168,2138,1473,665
108900169,24,40,-16
108900171,1346,2969,-1623
108900172,211,66,145
108900173,87,73,14
108900174,918,61,857
108900176,71,95,-24
108900177,1286,5546,-4260
108900178,1160,3255,-2095
108900179,107,957,-850
108900180,104,131,-27
108900182,69,203,-134
108900183,66,68,-2
108900184,223,136,87
108900185,17,116,-99
108900186,20,100,-80
108900187,591,6,585
108900188,803,11,792
108900189,131,11,120
108900190,5,421,-416
108900191,41,155,-114
108900192,23,114,-91
108900193,10,22,-12
108900194,0,59,-59
108900195,26,45,-19
108900196,6,76,-70
108900198,0,102,-102
108900199,72,82,-10
108900200,600,240,360
108900201,146,339,-193
108900203,395,37,358
108900204,298,2,296
108900205,141,19,122
108900206,305,44,261
108900207,215,154,61
108900208,3,101,-98
108900209,99,136,-37
108900210,135,59,76
108900211,46,298,-252
108900212,62,867,-805
108900215,28,147,-119
108900216,118,164,-46
108900217,41,0,41
108900218,30,7,23
108900219,32,5,27
108900220,10,14,-4
108900221,11,29,-18
108900222,159,7,152
108900223,2,106,-104
108900224,59,133,-74
108900225,0,76,-76
108900226,386,10,376
108900227,92,139,-47
108900230,79,77,2
108900231,8,57,-49
108900232,1,99,-98
108900233,333,70,263
108900234,133,57,76
108900235,112,144,-32
108900236,8,155,-147
108900237,15,37,-22
108900240,86,30,56
108900241,57,44,13
108900245,2,1151,-1149
108900249,38,24,14
108900250,202,16,186
108900257,164,42,122
108900258,0,17,-17
108900259,0,12,-12
108900260,7,4,3
108900261,2,8,-6
108900262,30,7,23
108900263,16,19,-3
108900264,28,44,-16
108900265,187,227,-40
108900266,57,651,-594
108900267,0,203,-203
108900268,9,6,3
108900269,28,10,18
108900270,68,1,67
108900271,15,6,9
108900272,178,4,174
108900273,75,326,-251
108900274,20,10,10
109000001,2202,2389,-187
109000002,310,1011,-701
109000003,2223,265,1958
109000004,276,768,-492
109000005,1706,252,1454
109000006,255,480,-225
109000007,1782,192,1590
109000008,339,400,-61
109000009,2921,518,2403
109000010,313,847,-534
109000011,3952,1207,2745
109000012,582,801,-219
109000013,4359,3346,1013
109000014,684,578,106
109000015,2448,7896,-5448
109000016,1266,622,644
109000017,2960,572,2388
109000018,331,650,-319
109000019,2035,690,1345
109000020,516,464,52
109000023,122,3,119
109000024,4,106,-102
109000025,247,367,-120
109000026,177,78,99
109000027,65,261,-196
109000028,41,29,12
109000029,112,245,-133
109000030,29,69,-40
109000031,384,37,347
109000032,13,84,-71
109000033,637,67,570
109000034,32,11,21
109000035,0,0,0
109000036,13,291,-278
109000037,279,2633,-2354
109000038,184,193,-9
109000039,771,559,212
109000040,1684,12299,-10615
109000041,700,1947,-1247
109000042,316,1371,-1055
109000044,400,10,390
109000045,48,28,20
109000046,484,11,473
109000047,10,16,-6
109000048,350,113,237
109000049,66,29,37
109000050,350,95,255
109000051,52,7,45
109000052,284,347,-63
109000053,294,70,224
109000054,43,251,-208
109000055,119,212,-93
109000056,56,134,-78
109000057,806,285,521
109000058,107,68,39
109000059,41,556,-515
109000060,83,343,-260
109000061,137,1207,-1070
109000062,65,222,-157
109000063,126,35,91
109000064,503,52,451
109000065,228,45,183
109000066,400,35,365
109000067,38,55,-17
109000068,308,8,300
109000069,295,10,285
109000070,7,294,-287
109000071,222,26,196
109000072,35,142,-107
109000073,50,75,-25
109000074,7,81,-74
109000075,31,28,3
109000076,77,134,-57
109000077,161,150,11
109000078,76,101,-25
109000079,89,115,-26
109000080,187,71,116
109000081,157,139,18
109000082,765,61,704
109000083,189,158,31
109000088,105,127,-22
109000089,385,59,326
109000090,83,134,-51
109000091,475,61,414
109000092,99,80,19
109000093,425,48,377
109000094,991,0,991
109000095,104,129,-25
109000096,859,46,813
109000097,21,44,-23
109000098,23,93,-70
109000099,556,72,484
109000100,205,189,16
109000101,1619,287,1332
109000102,290,164,126
109000103,576,130,446
109000104,2298,121,2177
109000105,224,274,-50
109000106,1424,153,1271
109000107,295,298,-3
109000108,2189,213,1976
109000109,209,193,16
109000110,1086,320,766
109000111,453,347,106
109000112,53,34,19
109000113,156,50,106
109000114,86,140,-54
109000115,376,9,367
109000116,9,141,-132
109000117,147,28,119
109000118,1,148,-147
109000119,1843,56,1787
109000120,156,187,-31
109000121,820,5,815
109000122,142,138,4
109000123,11,29,-18
109000124,637,108,529
109000125,1073,132,941
109000126,263,272,-9
109000127,1316,37,1279
109000128,308,380,-72
109000129,3127,104,3023
109000130,198,314,-116
109000131,650,557,93
109000132,180,627,-447
109000133,79,392,-313
109000134,304,356,-52
109000135,152,275,-123
109000136,122,138,-16
109000137,223,125,98
109000138,175,89,86
109000139,434,98,336
109000140,103,113,-10
109000141,393,188,205
109000142,60,151,-91
109000143,60,40,20
109000145,44,46,-2
109000146,23,32,-9
109000148,856,1076,-220
109000149,3,42,-39
109000150,11,47,-36
109000155,640,487,153
109000156,619,71,548
109000158,16,153,-137
109000159,54,165,-111
109000160,1269,76,1193
109000161,493,282,211
109000162,1537,173,1364
109000163,913,380,533
109000164,844,722,122
109000165,1155,214,941
109000166,869,68,801
109000167,65,92,-27
109000170,31,29,2
109000171,71,6,65
109000172,5,21,-16
109000173,1,114,-113
109000174,226,26,200
109000175,30,29,1
109000176,246,73,173
109000177,9,35,-26
109000178,944,109,835
109000179,1783,4029,-2246
109000180,1449,1940,-491
109000181,38,0,38
109000182,53,4,49
109000183,83,4,79
109000184,65,9,56
109000185,8,10,-2
109000188,141,410,-269
109000189,2469,308,2161
109000190,501,228,273
109000191,265,181,84
109000192,497,32,465
109000193,361,51,310
109000194,200,16,184
109000195,164,42,122
109000196,245,17,228
109000197,192,94,98
109000198,300,16,284
109000199,44,65,-21
109000206,117,13,104
109000207,97,7,90
109000208,109,87,22
109000209,166,39,127
109000210,11,140,-129
109000211,929,164,765
109000214,141,123,18
109000215,117,47,70
109000216,290,407,-117
109000217,54,62,-8
109000218,124,94,30
109000221,90,241,-151
109000222,375,26,349
109000223,398,266,132
109000224,91,61,30
109000225,197,15,182
109000226,30,41,-11
109000227,1720,175,1545
109000228,2,148,-146
109000231,2,63,-61
109000232,475,53,422
109000236,91,198,-107
109000241,1055,323,732
109000242,901,220,681
109000293,66,36,30
109000361,51,75,-24
109000364,49,111,-62
109000396,0,111,-111
109000397,787,4,783
109000399,44,109,-65
109000400,101,88,13
109000403,1,676,-675
109000406,331,1,330
109000407,43,24,19
109000408,0,1,-1
109000410,506,30,476
109000411,191,26,165
109900001,45,0,45
109900002,589,12,577
109900003,682,2,680
109900004,77,56,21
109900005,4,0,4
109900006,461,47,414
109900007,1197,87,1110
109900008,0,6,-6
109900009,62,138,-76
109900010,537,7,530
109900011,32,22,10
109900012,244,76,168
109900013,232,42,190
109900014,170,45,125
109900015,98,13,85
109900016,82,14,68
109900017,141,54,87
109900018,106,6,100
109900019,119,16,103
109900020,58,5,53
109900021,32,5,27
109900022,80,46,34
109900023,50,2,48
109900024,8,0,8
109900025,1,13,-12
109900026,0,80,-80
109900027,30,27,3
109900028,281,1671,-1390
109900029,0,45,-45
109900030,18,4,14
109900031,1,321,-320
109900032,4,43,-39
109900033,1,148,-147
109900034,18,3,15
109900035,53,58,-5
109900036,4,18,-14
109900037,9,85,-76
109900038,91,49,42
109900039,2,0,2
109900040,20,118,-98
109900041,31,57,-26
109900042,11,117,-106
109900044,11,28,-17
109900045,61,12,49
109900046,73,16,57
109900047,82,124,-42
109900048,0,33,-33
109900049,4,24,-20
109900050,0,15,-15
109900051,0,6,-6
109900052,34,101,-67
109900053,0,52,-52
109900054,1152,66,1086
109900055,150,98,52
109900056,18,162,-144
109900057,0,29,-29
109900058,0,21,-21
109900059,1446,61,1385
109900060,690,26,664
109900061,34,12,22
109900062,0,40,-40
109900063,25,259,-234
109900064,423,93,330
109900065,44,19,25
109900066,41,143,-102
109900067,1,96,-95
109900068,77,9,68
109900069,0,2,-2
109900070,26,57,-31
109900071,0,22,-22
109900072,0,20,-20
109900073,494,74,420
109900074,2,3,-1
109900075,19,5,14
109900076,9,29,-20
109900077,7,18,-11
109900078,37,27,10
109900080,61,50,11
109900081,0,70,-70
109900082,23,53,-30
109900083,2,16,-14
109900084,16,64,-48
109900085,24,123,-99
109900086,56,588,-532
109900087,28,79,-51
109900089,537,38,499
109900090,150,192,-42
109900091,614,30,584
109900092,94,14,80
109900093,954,68,886
109900094,14,35,-21
109900095,39,77,-38
109900096,16,6,10
109900097,79,1,78
109900098,613,5,608
109900099,425,0,425
109900100,29,0,29
109900101,1307,3,1304
109900102,226,17,209
109900103,10,48,-38
109900104,1046,87,959
109900105,500,15,485
109900106,368,32,336
109900107,515,22,493
109900108,53,120,-67
109900109,13,42,-29
109900110,22,60,-38
109900111,48,118,-70
109900112,119,92,27
109900113,668,226,442
109900114,91,897,-806
109900115,87,45,42
109900117,1421,46,1375
109900118,65,53,12
109900119,58,83,-25
109900120,41,18,23
109900121,89,64,25
109900122,589,1,588
109900123,0,14,-14
109900124,21,50,-29
109900125,0,75,-75
109900126,436,5,431
109900128,300,8,292
109900130,1486,2464,-978
109900131,4,61,-57
109900132,2,57,-55
109900133,82,95,-13
109900134,11,12,-1
109900135,49,18,31
109900136,13,19,-6
109900137,145,60,85
109900140,65,21,44
109900142,1792,126,1666
109900145,18,422,-404
109900146,51,40,11
109900148,4,14,-10
109900149,6,9,-3
109900150,1,16,-15
109900151,6,39,-33
109900152,0,7,-7
109900153,0,30,-30
109900154,9,0,9
109900155,2,5,-3
109900157,44,27,17
109900158,42,13,29
109900159,67,7,60
109900160,72,8,64
109900161,257,25,232
109900162,147,20,127
109900163,251,76,175
109900164,99,100,-1
109900165,33,1,32
109900166,0,37,-37
109900167,71,132,-61
109900168,61,171,-110
109900169,216,34,182
109900170,63,939,-876
109900171,251,75,176
109900172,165,128,37
109900173,625,1606,-981
109900174,7,44,-37
109900175,13,24,-11
109900176,37,45,-8
109900177,13,17,-4
109900178,0,64,-64
109900179,3,24,-21
109900180,0,1,-1
110000001,224,138,86
110000002,445,300,145
110000003,248,395,-147
110000004,339,302,37
110000005,212,1742,-1530
110000006,156,317,-161
110000007,68,29,39
110000008,3,106,-103
110000009,9,6,3
110000010,9,63,-54
110000011,22,12,10
110000012,297,109,188
110000013,31,327,-296
110000014,387,326,61
110000015,105,409,-304
110000016,173,867,-694
110000017,1603,161,1442
110000018,1140,201,939
110000019,8,26,-18
110000020,189,102,87
110000021,131,106,25
110000022,938,45,893
110000023,3,20,-17
110000024,206,157,49
110000025,894,0,894
110000026,0,97,-97
110000027,284,369,-85
110000028,732,181,551
110000029,241,202,39
110000030,300,286,14
110000031,161,148,13
110000032,763,109,654
110000033,64,94,-30
110000034,710,193,517
110000035,303,279,24
110000036,1215,308,907
110000037,62,275,-213
110000038,149,548,-399
110000039,561,4039,-3478
110000040,267,99,168
110000041,441,2264,-1823
110000042,49,174,-125
110000043,692,299,393
110000044,53,175,-122
110000045,96,74,22
110000046,3,44,-41
110000047,24,32,-8
110000048,1,90,-89
110000049,7,6,1
110000050,8,90,-82
110000051,8,9,-1
110000052,38,43,-5
110000053,7,5,2
110000054,75,238,-163
110000055,222,48,174
110000056,58,20,38
110000057,181,210,-29
110000058,483,243,240
110000059,305,280,25
110000060,742,300,442
110000061,272,311,-39
110000062,449,297,152
110000063,25,106,-81
110000064,56,21,35
110000065,193,79,114
110000066,85,3,82
110000067,31,29,2
110000068,226,42,184
110000069,634,18,616
110000071,415,6,409
110000073,5,1,4
110000075,38,4,34
110000076,394,387,7
110000077,109,824,-715
110000078,63,20,43
110000080,85,114,-29
110000081,5,102,-97
110000082,15,158,-143
110000083,199,191,8
110000084,898,834,64
110000085,444,395,49
110000086,411,1433,-1022
110000087,21,1,20
110000088,217,100,117
110000089,215,24,191
110000090,96,144,-48
110000091,331,104,227
110000092,2,24,-22
110000093,14,15,-1
110000094,151,67,84
110000095,87,651,-564
110000096,661,1685,-1024
110000097,487,1332,-845
110000098,1116,190,926
110000099,627,875,-248
110000100,1602,55,1547
110000101,86,66,20
110000102,69,51,18
110000104,219,145,74
110000105,68,115,-47
110000106,190,351,-161
110000107,73,126,-53
110000108,45,138,-93
110000109,82,92,-10
110000110,779,2075,-1296
110000111,1405,1770,-365
110000112,100,414,-314
110000113,48,1741,-1693
110000114,270,476,-206
110000115,503,97,406
110000116,32,32,0
110000117,439,73,366
110000118,768,72,696
110000119,585,110,475
110000120,256,55,201
110000121,43,347,-304
110000122,243,171,72
110000123,336,191,145
110000124,1,339,-338
110000125,380,9,371
110000126,156,5,151
110000127,546,13,533
110000128,3,349,-346
110000129,1,102,-101
110000130,216,80,136
110000131,72,81,-9
110000132,0,166,-166
110000133,11,148,-137
110000134,33,174,-141
110000135,154,16,138
110000136,31,83,-52
110000137,574,150,424
110000138,700,131,569
110000139,925,106,819
110000140,437,214,223
110000143,218,162,56
110000144,875,815,60
110000145,661,451,210
110000146,452,228,224
110000147,220,537,-317
110000148,570,77,493
110000151,273,564,-291
110000152,191,299,-108
110000153,378,5,373
110000154,45,41,4
110000155,378,842,-464
110000156,403,558,-155
110000157,334,1027,-693
110000160,145,122,23
110000161,81,118,-37
110000166,804,14,790
110000167,1417,320,1097
110000168,411,418,-7
110000169,431,285,146
110000170,155,65,90
110000171,332,55,277
110000172,197,173,24
110000173,231,191,40
110000174,82,130,-48
110000175,1285,74,1211
110000176,24,608,-584
110000177,144,1047,-903
110000178,194,2155,-1961
110000179,550,171,379
110000180,251,112,139
110000181,739,142,597
110000182,94,70,24
110000183,3251,5746,-2495
110000184,203,2366,-2163
110000185,209,362,-153
110000186,254,561,-307
110000191,1262,182,1080
110000192,727,10,717
110000193,1194,6,1188
110000194,2,161,-159
110000195,463,24,439
110000196,451,43,408
110000197,70,20,50
110000198,70,24,46
110000199,31,53,-22
110000200,317,234,83
110000201,587,705,-118
110000202,695,306,389
110000203,123,140,-17
110000204,0,69,-69
110000205,400,13,387
110000206,154,255,-101
110000207,1374,95,1279
110000208,99,210,-111
110000209,58,178,-120
110000210,1354,178,1176
110000211,546,383,163
110000212,248,1027,-779
110000213,208,14,194
110000214,451,12,439
110000215,41,103,-62
110000216,43,75,-32
110000217,440,22,418
110000218,65,30,35
110000219,349,5,344
110000220,7,32,-25
110000221,475,1,474
110000222,40,72,-32
110000223,9,21,-12
110000224,1,0,1
110000225,151,302,-151
110000226,259,38,221
110000227,144,277,-133
110000228,292,36,256
110000229,2,88,-86
110000230,257,252,5
110000231,141,229,-88
110000232,53,100,-47
110000233,94,149,-55
110000234,345,218,127
110000235,657,334,323
110000236,287,165,122
110000237,1454,580,874
110000238,658,310,348
110000239,1023,264,759
110000240,0,12,-12
110000242,0,30,-30
110000243,148,47,101
110000244,38,79,-41
110000245,10,155,-145
110000246,899,139,760
110000247,634,609,25
110000248,711,183,528
110000249,100,9,91
110000250,6,47,-41
110000251,314,88,226
110000252,563,60,503
110000253,1413,188,1225
110000254,728,194,534
110000255,133,175,-42
110000256,386,132,254
110000257,124,65,59
110000258,7,86,-79
110000259,159,19,140
110000260,88,24,64
110000263,496,19,477
110000264,580,86,494
110000265,727,611,116
110000266,745,808,-63
110000267,23,14,9
110000268,200,34,166
110000269,0,20,-20
110000270,102,0,102
110000271,632,73,559
110000272,536,482,54
110000273,469,486,-17
110000274,179,1909,-1730
110000275,525,448,77
110000276,98,424,-326
110000277,252,102,150
110000278,171,241,-70
110000279,766,209,557
110000280,605,134,471
110000281,73,27,46
110000282,89,8,81
110000283,8,30,-22
110000284,0,16,-16
110000285,0,108,-108
110000286,13,0,13
110000287,84,0,84
110000288,0,47,-47
110000289,211,1891,-1680
110000290,296,526,-230
110000291,1075,405,670
110000292,344,5268,-4924
110000293,447,208,239
110000294,1414,1466,-52
110000295,52,246,-194
110000296,651,151,500
110000297,1953,105,1848
110000298,15,150,-135
110000299,127,25,102
110000301,471,21,450
110000302,350,252,98
110000303,607,10,597
110000304,138,69,69
110000305,1647,12,1635
110000306,398,230,168
110000307,2057,3,2054
110000308,534,35,499
110000309,0,193,-193
110000310,950,20,930
110000311,0,177,-177
110000312,582,33,549
110000313,1324,512,812
110000314,0,39,-39
110000315,615,983,-368
110000316,128,451,-323
110000317,117,217,-100
110000318,0,14,-14
110000319,1,17,-16
110000320,1,24,-23
110000321,20,20,0
110000322,87,140,-53
110000323,657,74,583
110000324,835,511,324
110000325,903,3048,-2145
110000327,222,123,99
110000328,57,129,-72
110000333,733,686,47
110000334,111,397,-286
110000335,569,173,396
110000336,183,307,-124
110000337,1510,222,1288
110000338,281,126,155
110000339,420,62,358
110000340,66,56,10
110000341,392,98,294
110000342,20,0,20
110000343,0,2,-2
110000344,14,171,-157
110000345,55,200,-145
110000346,589,839,-250
110000347,855,295,560
110000348,4,0,4
110000349,1,0,1
110000350,37,1,36
110000351,1338,186,1152
110000352,315,1000,-685
110000353,1578,177,1401
110000354,344,2123,-1779
110000355,196,33,163
110000356,213,2,211
110000357,459,17,442
110000361,44,11,33
110000362,112,43,69
110000363,651,18,633
110000364,295,159,136
110000365,43,1,42
110000366,1,80,-79
110000367,269,80,189
110000368,3,77,-74
110000369,65,6,59
110000373,0,166,-166
110000374,57,9,48
110000375,41,361,-320
110000376,22,25,-3
110000377,87,248,-161
110000378,5,404,-399
110000379,1025,2149,-1124
110000380,94,8,86
110000383,0,117,-117
110000384,542,23,519
110000385,1,96,-95
110000387,125,0,125
110000388,24,66,-42
110000389,429,52,377
110000391,800,192,608
110000396,176,19,157
110000397,46,29,17
110000398,3,8,-5
110000399,106,7,99
110000587,182,129,53
110000589,216,31,185
110000640,94,28,66
110000652,3,191,-188
110000653,271,138,133
110000654,3,164,-161
110000656,0,114,-114
110000674,74,24,50
110000675,0,12,-12
110000676,0,7,-7
110000679,33,409,-376
110000682,88,101,-13
110000683,133,86,47
110000684,0,24,-24
110000685,7,34,-27
110000686,1,27,-26
110000687,1,1,0
110000688,33,1155,-1122
110000689,3,0,3
110000692,18,59,-41
110000693,12,199,-187
110000694,1,25,-24
110000695,64,132,-68
110000696,35,28,7
110900001,268,3,265
110900002,193,135,58
110900003,1415,65,1350
110900004,529,21,508
110900005,642,3137,-2495
110900006,97,39,58
110900007,225,126,99
110900008,1,16,-15
110900009,221,456,-235
110900010,5,31,-26
110900011,1,6,-5
110900012,2,44,-42
110900013,1023,74,949
110900014,258,11,247
110900015,67,426,-359
110900016,30,91,-61
110900017,468,19,449
110900018,384,18,366
110900019,388,11,377
110900020,207,30,177
110900021,72,124,-52
110900022,119,62,57
110900023,16,113,-97
110900024,30,42,-12
110900025,4,8,-4
110900027,7,24,-17
110900028,0,20,-20
110900029,4,104,-100
110900030,10,19,-9
110900031,3,31,-28
110900032,0,20,-20
110900033,27,68,-41
110900035,1,263,-262
110900036,77,3,74
110900037,77,4,73
110900038,102,32,70
110900039,1,125,-124
110900040,139,6,133
110900041,6,6,0
110900042,31,21,10
110900043,19,11,8
110900044,31,7,24
110900045,64,93,-29
110900046,4,15,-11
110900047,50,265,-215
110900049,99,53,46
110900050,33,0,33
110900051,10,41,-31
110900052,0,71,-71
110900053,77,5,72
110900054,12,75,-63
110900055,5,0,5
110900056,17,63,-46
110900057,1,114,-113
110900058,264,20,244
110900059,177,279,-102
110900060,250,18,232
110900061,1,18,-17
110900062,95,39,56
110900063,12,26,-14
110900064,6,0,6
110900065,56,30,26
110900066,18,12,6
110900067,77,420,-343
110900068,202,33,169
110900069,2,3,-1
110900071,62,928,-866
110900073,0,2,-2
110900074,521,36,485
110900075,554,40,514
110900077,1340,102,1238
110900078,79,14,65
110900079,351,270,81
110900080,116,23,93
110900081,3,10,-7
110900082,173,35,138
110900083,101,57,44
110900084,95,27,68
110900085,36,82,-46
110900086,28,141,-113
110900087,348,36,312
110900088,5,0,5
110900090,33,88,-55
110900091,2,17,-15
110900093,96,24,72
110900095,40,8,32
110900097,4,5,-1
110900098,2,16,-14
110900099,9,77,-68
110900100,0,4,-4
110900102,45,45,0
110900105,283,68,215
110900108,27,77,-50
110900111,174,29,145
110900112,548,3,545
110900113,79,72,7
110900115,1,7,-6
110900116,1265,244,1021
110900118,29,3567,-3538
110900119,1058,89,969
110900120,122,16,106
110900121,56,0,56
110900122,364,57,307
110900125,198,566,-368
110900127,108,470,-362
110900128,26,83,-57
110900129,34,529,-495
110900130,47,236,-189
110900131,225,16,209
110900132,522,13,509
110900133,25,32,-7
110900135,24,48,-24
110900136,341,7,334
110900137,3,0,3
110900138,118,210,-92
110900139,0,51,-51
110900140,7,0,7
110900141,4,51,-47
110900142,23,17,6
110900143,276,32,244
110900144,0,135,-135
110900145,118,88,30
110900146,132,241,-109
110900147,13,58,-45
110900148,0,22,-22
110900149,0,12,-12
110900150,13,12,1
110900151,0,16,-16
110900152,18,22,-4
110900153,185,10,175
111000001,630,423,207
111000002,428,584,-156
111000003,1599,940,659
111000004,460,783,-323
111000005,604,954,-350
111000006,607,1187,-580
111000007,2546,2257,289
111000008,2124,2754,-630
111000009,268,570,-302
111000010,1292,367,925
111000011,90,528,-438
111000012,211,408,-197
111000013,267,681,-414
111000014,1632,285,1347
111000017,10,423,-413
111000018,53,214,-161
111000020,161,625,-464
111000021,14,69,-55
111000023,60,63,-3
111000025,1446,1862,-416
111000029,49,14,35
111000030,12,20,-8
111000031,1056,608,448
111000032,435,163,272
111000033,175,60,115
111000034,163,103,60
111000037,467,495,-28
111000038,1037,624,413
111000039,744,520,224
111000040,740,514,226
111000041,113,154,-41
111000042,1221,1144,77
111000043,1575,2803,-1228
111000044,1432,249,1183
111000045,2440,1049,1391
111000046,1629,961,668
111000047,2128,5453,-3325
111000049,85,158,-73
111000050,337,325,12
111000051,293,264,29
111000052,271,303,-32
111000053,76,212,-136
111000054,185,200,-15
111000055,496,582,-86
111000056,115,360,-245
111000057,46,167,-121
111000058,631,85,546
111000059,567,206,361
111000060,3705,424,3281
111000061,759,98,661
111000062,1106,181,925
111000063,1071,673,398
111000064,1146,221,925
111000065,1263,367,896
111000066,657,248,409
111000067,1060,174,886
111000068,647,138,509
111000069,665,839,-174
111000070,255,241,14
111000071,161,127,34
111000072,1003,450,553
111000073,127,926,-799
111000074,1116,647,469
111000075,502,179,323
111000076,575,234,341
111000077,779,417,362
111000078,1015,246,769
111000079,600,175,425
111000080,378,234,144
111000081,1023,3754,-2731
111000082,760,198,562
111000084,642,289,353
111000085,662,583,79
111000086,1001,336,665
111000087,539,187,352
111000088,2098,2346,-248
111000089,480,355,125
111000090,313,370,-57
111000091,454,181,273
111000092,1555,387,1168
111000093,837,508,329
111000094,912,507,405
111000095,575,1842,-1267
111000096,574,5330,-4756
111000097,1317,477,840
111000098,161,268,-107
111000099,199,558,-359
111000100,346,494,-148
111000101,161,305,-144
111000102,97,106,-9
111000104,1130,41,1089
111000107,26,109,-83
111000109,805,67,738
111000110,1156,329,827
111000111,3283,87,3196
111000112,2078,103,1975
111000113,759,2102,-1343
111000114,693,3177,-2484
111000115,1829,435,1394
111000116,540,206,334
111000117,192,253,-61
111000118,529,247,282
111000119,1171,267,904
111000120,611,281,330
111000121,305,307,-2
111000122,272,241,31
111000123,682,765,-83
111000124,263,881,-618
111000125,246,339,-93
111000126,75,147,-72
111000127,907,43,864
111000128,2410,91,2319
111000129,2647,157,2490
111000130,2769,174,2595
111000131,2382,224,2158
111000132,1941,1241,700
111000133,57,21,36
111000134,48,9,39
111000135,57,105,-48
111000136,377,82,295
111000138,22,11,11
111000140,0,11,-11
111000141,117,163,-46
111000142,6,63,-57
111000143,0,89,-89
111000144,0,151,-151
111000145,35,3,32
111000146,106,1,105
111000147,38,13,25
111000148,76,49,27
111000149,1,48,-47
111000150,83,3,80
111000151,1,9,-8
111000153,186,88,98
111000154,185,55,130
111000155,179,56,123
111000156,452,112,340
111000157,172,254,-82
111000158,631,349,282
111000159,1655,386,1269
111000160,419,74,345
111000161,1,307,-306
111000162,4,39,-35
111000163,620,423,197
111000164,261,1270,-1009
111000165,388,110,278
111000166,104,76,28
111000167,59,113,-54
111000168,135,125,10
111000169,173,103,70
111000170,100,135,-35
111000171,254,142,112
111000172,56,147,-91
111000173,118,425,-307
111000174,290,61,229
111000175,65,56,9
111000176,482,38,444
111000177,1018,105,913
111000178,2263,127,2136
111000179,444,31,413
111000180,375,181,194
111000181,1776,104,1672
111000182,224,93,131
111000183,84,230,-146
111000184,265,89,176
111000185,136,77,59
111000186,157,197,-40
111000187,136,49,87
111000188,246,95,151
111000189,153,160,-7
111000190,113,53,60
111000191,112,70,42
111000192,87,132,-45
111000193,112,41,71
111000194,44,46,-2
111000195,28,73,-45
111000196,50,48,2
111000197,539,25,514
111000198,318,27,291
111000199,377,121,256
111000200,664,179,485
111000201,745,18,727
111000202,470,39,431
111000203,318,83,235
111000204,163,1095,-932
111000213,156,195,-39
111000214,527,477,50
111000215,699,362,337
111000217,1291,391,900
111000218,1578,344,1234
111000219,147,81,66
111000220,438,312,126
111000221,89,42,47
111000224,1,59,-58
111000225,386,421,-35
111000226,24,2,22
111000227,23,4,19
111000228,1,743,-742
111000229,24,1559,-1535
111000230,56,72,-16
111000231,593,103,490
111000232,722,152,570
111000233,1233,151,1082
111000234,231,266,-35
111000239,13,18,-5
111000240,42,261,-219
111000241,40,56,-16
111000242,208,49,159
111000243,141,72,69
111000244,817,53,764
111000245,519,82,437
111000246,691,102,589
111000247,378,128,250
111000248,543,74,469
111000249,414,118,296
111000250,50,12,38
111000251,85,34,51
111000253,34,2,32
111000255,36,6,30
111000257,34,5,29
111000260,24,323,-299
111000261,1469,15,1454
111000271,14,123,-109
111000273,1185,649,536
111000274,1102,1369,-267
111000275,37,5,32
111000276,123,401,-278
111000277,191,144,47
111000278,259,57,202
111000291,909,8582,-7673
111000298,405,108,297
111000299,472,67,405
111000300,29,88,-59
111000302,299,27,272
111000303,163,42,121
111000312,61,38,23
111000315,4,118,-114
111000320,72,118,-46
111000321,379,68,311
111000322,382,103,279
111000323,365,27,338
111000324,201,76,125
111000325,19,27,-8
111000326,160,88,72
111000327,243,134,109
111000328,370,292,78
111000329,0,15,-15
111000330,43,9,34
111000331,26,15,11
111000332,317,303,14
111000334,139,343,-204
111000335,939,55,884
111000337,1861,85,1776
111000338,42,8,34
111000339,736,82,654
111000340,36,287,-251
111000341,1404,695,709
111000342,15,405,-390
111000344,827,319,508
111000345,56,111,-55
111000346,9,100,-91
111000347,104,0,104
111000350,41,96,-55
111000351,62,207,-145
111000352,167,55,112
111000353,64,142,-78
111000354,366,31,335
111000355,183,140,43
111000358,91,251,-160
111000360,111,168,-57
111000361,230,102,128
111000546,503,59,444
111000547,487,96,391
111000548,62,38,24
111000549,140,31,109
111000550,10,418,-408
111000551,98,29,69
111000552,191,117,74
111000907,605,12,593
111000908,54,2,52
111000916,2133,68,2065
111000917,27,201,-174
111000918,100,144,-44
111000920,523,12,511
111000921,1,43,-42
111000922,619,40,579
111000924,4,113,-109
111000925,3602,1379,2223
111000926,787,556,231
111000927,1988,2928,-940
111000928,2177,698,1479
111000929,1988,523,1465
111000930,655,769,-114
111000931,1740,768,972
111000932,1532,746,786
111000933,2170,1827,343
111000934,491,655,-164
111000935,2116,642,1474
111000936,562,482,80
111000937,1275,755,520
111000938,553,481,72
111000939,792,2,790
111000940,1078,31,1047
111000941,360,49,311
111000943,1023,104,919
111000944,77,90,-13
111000945,135,343,-208
111001109,368,651,-283
111001110,41,107,-66
111001111,101,0,101
111001112,147,5,142
111001113,0,124,-124
111001114,234,82,152
111001115,0,210,-210
111001116,744,4554,-3810
111001117,143,1516,-1373
111001120,91,45,46
111001121,78,91,-13
111001122,210,65,145
111001123,451,41,410
111001124,106,21,85
111001125,3,169,-166
111900001,28,9,19
111900002,39,39,0
111900003,0,37,-37
111900004,4,14,-10
111900006,24,30,-6
111900007,212,1,211
111900008,266,0,266
111900009,280,21,259
111900010,16,150,-134
111900012,28,40,-12
111900013,25,9,16
111900014,1092,4886,-3794
111900015,0,60,-60
111900016,0,24,-24
111900017,1,15,-14
111900018,229,6,223
111900019,1,85,-84
111900020,3,7,-4
111900021,2,7,-5
111900022,9,1,8
111900023,109,4,105
111900024,42,29,13
111900025,0,21,-21
111900026,0,33,-33
111900027,0,13,-13
111900028,0,35,-35
111900029,0,14,-14
111900030,5,189,-184
111900031,38,16,22
111900032,1,63,-62
111900033,15,11,4
111900034,25,169,-144
111900035,50,394,-344
111900036,0,43,-43
111900038,43,147,-104
111900039,7,117,-110
111900040,2,131,-129
111900042,18,29,-11
111900043,1,97,-96
111900044,33,54,-21
111900046,17,37,-20
111900048,375,153,222
111900049,7,76,-69
111900050,232,2,230
111900051,1,45,-44
111900052,94,80,14
111900053,436,1802,-1366
111900054,360,1,359
111900055,2,63,-61
111900056,21,273,-252
111900057,158,1,157
111900058,682,148,534
111900059,605,557,48
111900060,322,0,322
111900061,1,52,-51
111900062,35,49,-14
111900063,173,45,128
111900064,45,80,-35
111900065,168,25,143
111900066,189,73,116
111900067,0,56,-56
111900068,23,23,0
111900069,42,5,37
111900070,292,30,262
111900071,0,48,-48
111900072,10,29,-19
111900073,1021,135,886
111900074,1,31,-30
111900075,75,0,75
111900076,223,49,174
111900077,73,0,73
111900078,421,41,380
111900079,14,21,-7
111900080,60,100,-40
111900082,191,24,167
111900083,261,30,231
111900084,82,0,82
111900085,27,45,-18
111900086,148,5,143
111900087,141,0,141
111900088,637,12,625
111900089,72,4,68
111900090,30,27,3
111900091,733,2,731
111900092,191,0,191
111900093,504,7,497
111900094,91,5,86
111900095,361,11,350
111900096,365,12,353
111900097,111,0,111
111900098,505,4,501
111900099,54,0,54
111900100,91,1,90
111900101,233,5,228
111900102,719,204,515
111900103,34,33,1
111900104,60,27,33
111900105,88,197,-109
111900106,106,5,101
111900110,846,96,750
111900111,369,68,301
111900112,169,3696,-3527
111900113,151,55,96
111900118,369,17,352
111900119,97,27,70
111900122,23,53,-30
111900123,16,21,-5
111900124,15,49,-34
111900125,304,109,195
111900126,344,0,344
111900127,0,71,-71
111900128,1,62,-61
111900129,355,28,327
111900130,122,45,77
111900131,503,2,501
111900132,1,174,-173
111900133,2,74,-72
111900134,6,59,-53
111900135,3,32,-29
111900136,7,44,-37
111900137,47,8,39
111900138,30,29,1
111900139,16,36,-20
111900140,59,11,48
111900141,115,2,113
111900142,50,20,30
111900143,61,28,33
111900144,10,38,-28
111900145,0,46,-46
111900146,0,31,-31
111900147,19,78,-59
111900148,2,122,-120
111900149,9,34,-25
111900150,0,18,-18
111900151,0,11,-11
111900152,8,6,2
111900153,168,527,-359
111900154,21,680,-659
111900155,47,118,-71
111900156,70,46,24
111900157,208,19,189
111900158,518,44,474
111900159,406,42,364
111900160,368,1,367
111900161,505,1,504
111900162,46,221,-175
111900163,2,61,-59
111900164,71,17,54
111901113,665,18,647
111901114,268,141,127
111901115,238,0,238
111901116,53,1,52
111901117,16,64,-48
111901118,4,395,-391
111901119,155,8,147
111901121,8,26,-18
111901122,3,86,-83
111901123,384,66,318
111901124,464,3,461
111901125,1019,139,880
111901127,259,1250,-991
111901128,8,14,-6
111901129,2,39,-37
111901130,3,27,-24
111901131,1,256,-255
111901132,62,13,49
111901133,133,0,133
111901134,188,2,186
111901135,54,1,53
111901136,63,42,21
111901137,1,7,-6
111901138,10,7,3
111901139,5,22,-17
111901140,17,35,-18
111901141,3,31,-28
111901142,1,81,-80
111901143,0,56,-56
111901144,30,9,21
111901145,29,131,-102
111901146,9,3,6
112000001,2488,728,1760
112000002,739,1615,-876
112000003,3154,589,2565
112000004,615,216,399
112000005,3295,2787,508
112000006,427,243,184
112000007,3995,2432,1563
112000008,2392,3041,-649
112000009,1733,846,887
112000010,2156,2935,-779
112000011,929,654,275
112000012,2600,3120,-520
112000013,1253,1168,85
112000014,659,2079,-1420
112000015,829,1668,-839
112000016,1322,2372,-1050
112000017,323,1819,-1496
112000024,531,159,372
112000026,1534,1085,449
112000027,474,308,166
112000028,451,412,39
112000029,419,440,-21
112000030,102,17,85
112000031,576,1955,-1379
112000032,159,11,148
112000033,758,1774,-1016
112000034,123,26,97
112000035,47,336,-289
112000036,102,653,-551
112000037,228,431,-203
112000038,462,578,-116
112000039,79,38,41
112000040,4,95,-91
112000041,119,226,-107
112000042,314,32,282
112000050,777,395,382
112000051,700,1231,-531
112000054,573,500,73
112000057,175,83,92
112000058,122,136,-14
112000059,284,200,84
112000061,1197,366,831
112000062,407,512,-105
112000063,161,1109,-948
112000064,1405,1155,250
112000065,516,592,-76
112000066,1424,749,675
112000067,199,208,-9
112000068,1727,1098,629
112000069,241,790,-549
112000070,716,438,278
112000071,447,694,-247
112000072,1924,543,1381
112000073,469,1066,-597
112000074,633,478,155
112000075,728,795,-67
112000076,1662,932,730
112000077,729,348,381
112000078,1719,531,1188
112000079,1424,793,631
112000080,587,461,126
112000081,428,734,-306
112000082,825,248,577
112000083,466,633,-167
112000084,1000,242,758
112000085,1108,595,513
112000086,1779,458,1321
112000087,775,127,648
112000088,575,219,356
112000089,125,135,-10
112000090,93,131,-38
112000091,304,180,124
112000092,2369,328,2041
112000093,923,247,676
112000094,543,308,235
112000095,665,162,503
112000096,710,210,500
112000097,1709,236,1473
112000098,193,239,-46
112000099,560,1519,-959
112000100,1998,272,1726
112000101,333,136,197
112000102,1671,253,1418
112000103,297,176,121
112000105,215,488,-273
112000106,2003,255,1748
112000107,39,76,-37
112000108,244,603,-359
112000109,56,58,-2
112000110,1820,339,1481
112000111,237,823,-586
112000112,1598,222,1376
112000113,501,578,-77
112000114,1565,266,1299
112000115,269,57,212
112000116,523,185,338
112000117,457,226,231
112000118,203,296,-93
112000119,167,203,-36
112000120,52,106,-54
112000121,45,113,-68
112000122,437,36,401
112000123,790,35,755
112000124,572,23,549
112000125,170,93,77
112000126,515,246,269
112000127,1094,1432,-338
112000128,331,283,48
112000129,129,44,85
112000130,160,68,92
112000131,19,28,-9
112000132,108,52,56
112000133,368,26,342
112000134,359,125,234
112000135,979,296,683
112000136,536,624,-88
112000137,1065,614,451
112000138,700,403,297
112000139,313,341,-28
112000140,84,262,-178
112000141,704,128,576
112000142,103,199,-96
112000143,1024,73,951
112000144,207,275,-68
112000145,2496,153,2343
112000146,480,589,-109
112000147,1774,767,1007
112000148,528,938,-410
112000149,404,198,206
112000150,203,135,68
112000151,218,110,108
112000152,528,87,441
112000153,92,70,22
112000154,79,108,-29
112000155,56,36,20
112000157,219,371,-152
112000158,263,102,161
112000159,925,106,819
112000167,124,131,-7
112000169,71,579,-508
112000173,1346,91,1255
112000175,362,111,251
112000176,674,496,178
112000177,972,193,779
112000178,34,135,-101
112000179,292,119,173
112000180,292,65,227
112000181,599,302,297
112000182,1871,240,1631
112000183,28,5,23
112000184,525,127,398
112000185,652,104,548
112000187,2234,1364,870
112000195,140,1,139
112000196,51,0,51
112000197,29,88,-59
112000198,20,83,-63
112000199,197,163,34
112000202,491,3,488
112000216,18,77,-59
112000230,137,4,133
112000231,0,36,-36
112000256,34,149,-115
112000313,22,9,13
112000314,8,32,-24
112000337,57,368,-311
112000352,36,121,-85
112000392,677,319,358
112000398,1614,228,1386
112000399,524,3346,-2822
112000400,541,425,116
112000401,571,610,-39
112000402,3019,3178,-159
112000403,699,3687,-2988
112000404,1065,564,501
112000405,2431,1853,578
112000406,1024,659,365
112000407,7205,5397,1808
112000408,2931,1055,1876
112000409,741,848,-107
112000410,50,192,-142
112000411,1662,1099,563
112000412,254,144,110
112000413,1496,4848,-3352
112000414,147,57,90
112000415,109,14,95
112000416,2515,361,2154
112000417,163,43,120
112000421,75,48,27
112000422,223,76,147
112000424,373,1522,-1149
112000425,275,855,-580
112000426,244,228,16
112000427,0,6,-6
112000428,257,108,149
112000429,1055,978,77
112000430,1609,1620,-11
112000431,61,91,-30
112000432,277,588,-311
112000433,219,286,-67
112000437,40,86,-46
112900001,125,1,124
112900002,748,178,570
112900003,77,13,64
112900004,94,133,-39
112900005,257,10,247
112900006,8,39,-31
112900007,94,16,78
112900008,0,19,-19
112900009,259,178,81
112900010,223,66,157
112900011,61,11,50
112900012,0,8,-8
112900013,3,110,-107
112900014,3,52,-49
112900015,53,170,-117
112900016,7,20,-13
112900017,29,59,-30
112900018,1,77,-76
112900019,3,29,-26
112900020,122,212,-90
112900021,1,93,-92
112900022,8,8,0
112900023,0,35,-35
112900024,2,26,-24
112900025,39,84,-45
112900026,0,32,-32
112900027,6,126,-120
112900028,6,36,-30
112900029,7,50,-43
112900030,45,29,16
112900031,4,63,-59
112900032,59,74,-15
112900034,1,13,-12
112900035,0,41,-41
112900036,5,22,-17
112900037,21,188,-167
112900038,607,17,590
112900039,2,54,-52
112900040,2,125,-123
112900041,77,590,-513
112900042,118,341,-223
112900043,11,14,-3
112900044,101,62,39
112900045,52,70,-18
112900046,46,5,41
112900047,2,21,-19
112900049,196,8,188
112900050,8,216,-208
112900051,40,127,-87
112900052,12,443,-431
112900053,46,71,-25
112900054,44,51,-7
112900055,55,1,54
112900056,115,140,-25
112900057,4,120,-116
112900058,231,175,56
112900059,66,59,7
112900060,17,16,1
112900061,25,33,-8
112900062,24,61,-37
112900063,7,10,-3
112900064,33,6,27
112900065,11,6,5
112900066,268,267,1
112900067,239,17,222
112900068,28,66,-38
112900069,470,640,-170
112900071,11,3,8
112900072,8,2902,-2894
112900073,250,140,110
112900074,32,324,-292
112900075,300,719,-419
112900076,11,7,4
112900078,207,564,-357
112900079,229,4,225
112900080,208,6,202
112900081,40,294,-254
112900082,481,5,476
112900083,111,119,-8
112900084,207,209,-2
112900086,70,0,70
112900087,1209,74,1135
112900088,159,0,159
112900089,794,5,789
112900090,60,47,13
112900091,278,10,268
112900092,38,482,-444
112900093,984,10,974
112900095,106,1,105
112900096,497,86,411
112900097,34,23,11
112900098,43,0,43
112900099,998,2,996
112900100,94,6,88
112900101,273,3,270
112900102,52,54,-2
112900103,240,0,240
112900104,167,1,166
112900105,5,0,5
112900106,247,53,194
112900107,10,0,10
112900108,1,0,1
112900109,192,1,191
112900110,1449,5,1444
112900111,597,4,593
112900112,349,0,349
112900113,0,0,0
112900114,347,19,328
112900115,1923,2,1921
112900116,112,6,106
112900117,54,2,52
112900118,0,2,-2
112900119,118,0,118
112900120,153,77,76
112900121,302,5,297
112900122,0,10,-10
112900123,142,13,129
112900124,1,9,-8
112900125,5,52,-47
112900126,15,45,-30
112900127,205,26,179
112900128,31,96,-65
112900129,0,186,-186
112900130,110,23,87
112900131,9,141,-132
112900132,27,401,-374
112900133,14,682,-668
112900134,0,57,-57
112900135,69,12,57
112900137,1,221,-220
112900138,0,23,-23
112900139,18,334,-316
112900141,513,2,511
112900142,49,109,-60
112900143,0,356,-356
112900144,7,1305,-1298
112900145,1,121,-120
112900146,1,35,-34
112900147,0,153,-153
112900148,9,3,6
112900149,37,159,-122
112900151,0,4,-4
112900152,3273,198,3075
112900153,141,1252,-1111
112900154,0,13,-13
112900155,57,3,54
112900156,321,246,75
112900157,391,22,369
112900158,68,5,63
112900159,92,91,1
112900160,0,51,-51
112900161,93,4,89
112900162,1,17,-16
112900163,4,39,-35
112900164,3,70,-67
112900165,16,30,-14
112900166,4,49,-45
112900167,2,80,-78
112900168,19,0,19
112900169,12,5,7
112900170,137,5,132
112900172,27,6,21
112900173,62,9,53
112900174,237,24,213
112900175,67,67,0
112900176,7,42,-35
112900177,252,43,209
112900178,236,2285,-2049
112900179,2,304,-302
112900180,1613,1347,266
112900181,801,2,799
112900182,21,204,-183
112900183,32,39,-7
112900184,96,182,-86
112900185,12,112,-100
112900186,442,368,74
112900187,17,294,-277
112900188,365,695,-330
112900189,3,1,2
112900190,2,0,2
112900192,257,147,110
112900193,438,63,375
112900194,51,0,51
112900195,269,16,253
112900196,154,126,28
112900197,17,156,-139
112900199,381,46,335
112900200,363,38,325
112900201,181,20,161
112900202,295,136,159
112900203,155,62,93
112900204,108,56,52
112900205,12,0,12
112900206,13,8,5
112900207,54,0,54
112900208,64,105,-41
112900209,29,69,-40
112900210,0,1,-1
112900211,21,17,4
112900212,1,4,-3
112900213,15,2,13
112900214,2,6,-4
112900215,29,9,20
112900216,11,22,-11
112900217,0,3,-3
112900218,32,1,31
112900219,102,9,93
112900220,0,0,0
112900221,24,17,7
112900222,0,28,-28
112900223,521,9,512
112900224,642,50,592
112900225,421,55,366
112900226,56,68,-12
112900227,833,239,594
112900228,118,41,77
112900229,348,16,332
112900230,2828,1157,1671
112900232,265,273,-8
112900233,29,42,-13
112900234,94,0,94
112900235,3,3,0
112900236,706,5,701
112900237,336,258,78
112900238,20,0,20
112900239,107,393,-286
113000001,2545,1924,621
113000002,2453,1826,627
113000003,651,862,-211
113000004,854,1026,-172
113000005,853,394,459
113000006,648,694,-46
113000007,1281,374,907
113000008,994,455,539
113000009,682,236,446
113000010,738,394,344
113000011,299,499,-200
113000012,697,337,360
113000013,322,294,28
113000014,577,654,-77
113000015,28,113,-85
113000016,57,272,-215
113000017,118,149,-31
113000018,352,33,319
113000019,127,77,50
113000020,158,11,147
113000021,905,270,635
113000022,737,836,-99
113000025,10,62,-52
113000026,471,484,-13
113000027,532,649,-117
113000028,438,405,33
113000029,277,367,-90
113000030,50,148,-98
113000031,76,104,-28
113000032,113,60,53
113000033,189,98,91
113000034,64,38,26
113000035,10,2,8
113000036,23,31,-8
113000037,10,6,4
113000038,1,26,-25
113000039,8,133,-125
113000040,52,18,34
113000042,257,182,75
113000051,561,1132,-571
113000052,1026,203,823
113000053,300,163,137
113000054,286,467,-181
113000055,991,177,814
113000056,1358,415,943
113000058,166,318,-152
113000059,686,103,583
113000060,146,245,-99
113000061,250,383,-133
113000062,201,179,22
113000063,313,41,272
113000064,157,77,80
113000065,188,193,-5
113000066,733,40,693
113000067,2183,213,1970
113000068,339,182,157
113000069,298,145,153
113000070,2104,162,1942
113000071,262,131,131
113000072,617,103,514
113000073,220,341,-121
113000074,497,163,334
113000075,1197,361,836
113000076,144,902,-758
113000077,341,353,-12
113000078,205,590,-385
113000079,159,283,-124
113000080,304,407,-103
113000081,566,570,-4
113000082,494,203,291
113000083,388,398,-10
113000084,642,287,355
113000085,732,243,489
113000086,342,363,-21
113000087,588,574,14
113000088,505,495,10
113000089,432,668,-236
113000090,68,321,-253
113000091,90,102,-12
113000094,810,101,709
113000095,127,104,23
113000096,43,184,-141
113000097,513,128,385
113000098,25,13,12
113000099,547,127,420
113000100,65,72,-7
113000101,76,139,-63
113000102,272,113,159
113000103,1536,170,1366
113000104,493,1438,-945
113000105,566,114,452
113000106,218,96,122
113000107,717,502,215
113000108,509,265,244
113000109,212,707,-495
113000110,1814,382,1432
113000111,124,228,-104
113000112,388,145,243
113000113,971,187,784
113000114,105,511,-406
113000116,134,101,33
113000117,294,282,12
113000118,32,259,-227
113000119,153,334,-181
113000120,42,327,-285
113000121,241,337,-96
113000124,188,48,140
113000125,2,825,-823
113000127,574,81,493
113000128,682,190,492
113000129,122,430,-308
113000133,572,106,466
113000134,2,814,-812
113000135,2264,2039,225
113000137,524,1766,-1242
113000139,104,65,39
113000140,44,23,21
113000141,93,26,67
113000142,151,111,40
113000143,155,46,109
113000144,56,56,0
113000145,120,27,93
113000146,12,10,2
113000147,76,16,60
113000148,272,43,229
113000149,126,86,40
113000150,117,136,-19
113000151,5,3,2
113000152,27,181,-154
113000153,366,80,286
113000154,257,858,-601
113000155,186,388,-202
113000156,58,79,-21
113000157,120,142,-22
113000158,159,22,137
113000159,516,97,419
113000160,192,232,-40
113000161,130,186,-56
113000162,425,43,382
113000163,89,11,78
113000164,6,17,-11
113000166,186,34,152
113000167,58,16,42
113000168,115,33,82
113000169,138,16,122
113000170,47,17,30
113000171,8,23,-15
113000172,233,7,226
113000173,38,20,18
113000174,91,57,34
113000175,356,15,341
113000176,514,24,490
113000177,105,57,48
113000178,63,61,2
113000179,219,32,187
113000180,763,970,-207
113000181,1125,468,657
113000182,47,151,-104
113000183,189,392,-203
113000184,1,7,-6
113000189,99,196,-97
113000190,208,125,83
113000192,495,1956,-1461
113000193,809,992,-183
113000194,419,1032,-613
113000195,865,772,93
113000196,377,83,294
113000197,804,1167,-363
113000198,23,140,-117
113000199,722,262,460
113000201,120,199,-79
113000202,2780,805,1975
113000203,33,205,-172
113000204,158,1422,-1264
113000205,2,3,-1
113000206,21,13,8
113000207,23,12,11
113000208,41,8,33
113000209,12,60,-48
113000210,1,11,-10
113000211,18,30,-12
113000212,8,2,6
113000213,13,28,-15
113000214,53,63,-10
113000234,76,149,-73
113000410,32,125,-93
113000411,609,1492,-883
113000412,2240,708,1532
113000413,1069,1037,32
113000414,1687,5979,-4292
113000415,702,581,121
113000416,1076,744,332
113000417,320,642,-322
113000418,2420,2075,345
113000419,783,936,-153
113000420,1629,2364,-735
113000421,2486,3857,-1371
113000422,4668,4156,512
113000423,679,1532,-853
113000424,900,4603,-3703
113000425,2,42,-40
113000428,27,10,17
113000430,3,36,-33
113000432,2109,143,1966
113000433,106,296,-190
113000434,14,75,-61
113000435,2,120,-118
113000436,3,410,-407
113000437,1033,36,997
113000438,187,12,175
113000439,6,11,-5
113000440,112,27,85
113000441,115,107,8
113000442,92,11,81
113000443,358,27,331
113000444,247,11,236
113000445,103,41,62
113000446,20,48,-28
113000448,66,143,-77
113000449,61,841,-780
113000450,164,1776,-1612
113000451,862,224,638
113000452,50,364,-314
113000453,11,204,-193
113000454,65,89,-24
113000455,5,250,-245
113000456,399,791,-392
113000468,584,99,485
113000469,34,214,-180
113000470,135,13,122
113000471,1,174,-173
113000472,31,50,-19
113000474,997,452,545
113000475,754,685,69
113000476,1444,1218,226
113000477,3707,1036,2671
113000478,1567,1522,45
113000479,47,53,-6
113000480,99,140,-41
113000484,0,0,0
113000485,0,0,0
113000486,0,0,0
113000487,0,0,0
113000488,0,0,0
113000489,0,0,0
113000490,0,0,0
113000491,0,0,0
113000492,0,0,0
113000493,0,0,0
113000495,74,14,60
113000496,70,54,16
113000497,0,0,0
113000499,0,0,0
113000500,0,0,0
113900001,3,213,-210
113900002,1,19,-18
113900003,0,33,-33
113900004,0,51,-51
113900005,0,46,-46
113900006,4,13,-9
113900007,20,105,-85
113900008,20,0,20
113900009,14,0,14
113900010,18,0,18
113900011,78,0,78
113900012,23,0,23
113900013,8,0,8
113900014,320,2,318
113900015,0,10,-10
113900016,25,0,25
113900017,0,6,-6
113900018,31,74,-43
113900019,147,4,143
113900020,206,0,206
113900022,12,0,12
113900023,10,0,10
113900024,29,4,25
113900025,91,18,73
113900026,24,0,24
113900027,0,20,-20
113900028,7,124,-117
113900029,49,40,9
113900030,380,0,380
113900031,23,0,23
113900032,22,0,22
113900033,29,5,24
113900035,15,0,15
113900036,8,16,-8
113900037,85,269,-184
113900038,43,101,-58
113900039,203,6,197
113900040,1,9,-8
113900041,0,0,0
113900042,35,1,34
113900043,52,3,49
113900044,13,162,-149
113900045,54,0,54
113900046,29,233,-204
113900047,127,9,118
113900048,11,17,-6
113900049,60,306,-246
113900050,86,110,-24
113900051,85,13,72
113900052,5,24,-19
113900053,169,404,-235
113900054,6,0,6
113900055,17,125,-108
113900056,46,30,16
113900057,3,6,-3
113900058,49,6,43
113900059,87,21,66
113900060,36,111,-75
113900061,200,56,144
113900062,74,3,71
113900063,33,12,21
113900064,2,16,-14
113900065,347,5,342
113900066,274,24,250
113900067,148,62,86
113900068,179,476,-297
113900069,8,3,5
113900070,52,65,-13
113900071,55,3,52
113900072,8,22,-14
113900073,242,130,112
113900074,171,99,72
113900075,193,865,-672
113900076,101,1,100
113900077,10,71,-61
113900078,45,21,24
113900079,1,10,-9
113900080,162,73,89
113900081,6,11,-5
113900082,32,45,-13
113900083,299,41,258
113900084,36,11,25
113900085,7,59,-52
113900086,55,7,48
113900087,55,96,-41
113900088,65,107,-42
113900089,237,16,221
113900090,165,101,64
113900091,1,2,-1
113900092,1,6,-5
113900093,5,410,-405
113900094,295,80,215
113900095,103,6,97
113900096,170,19,151
113900097,11,10,1
113900098,475,53,422
113900099,1,3,-2
113900100,0,0,0
113900101,1,27,-26
113900102,6,36,-30
113900103,60,172,-112
113900104,62,26,36
113900105,139,6,133
113900106,0,3,-3
113900107,0,0,0
113900108,11,53,-42
113900109,29,73,-44
113900110,4,3,1
113900111,46,19,27
113900112,92,11,81
113900113,315,66,249
113900114,0,1,-1
113900115,0,1,-1
113900116,3,56,-53
113900117,30,2,28
113900118,44,365,-321
113900119,51,115,-64
113900120,69,22,47
113900121,68,12,56
113900122,93,2369,-2276
113900123,196,26,170
113900124,1,23,-22
113900125,229,16,213
113900126,7,25,-18
113900127,97,298,-201
113900128,115,29,86
113900129,2,43,-41
113900130,0,4,-4
113900131,76,8,68
113900132,6,11,-5
113900133,2,6,-4
113900135,160,82,78
113900136,4,8,-4
113900137,205,80,125
113900138,4,109,-105
113900139,38,61,-23
113900140,20,83,-63
113900141,342,68,274
113900142,34,7,27
113900143,2,28,-26
113900144,42,49,-7
113900145,108,9,99
113900146,138,14,124
113900148,16,43,-27
113900149,51,42,9
113900150,405,87,318
113900151,231,37,194
113900152,6,67,-61
113900153,96,91,5
113900154,0,35,-35
113900155,10,37,-27
113900156,38,64,-26
113900157,2,324,-322
113900158,63,87,-24
113900159,0,51,-51
113900160,111,117,-6
113900161,34,91,-57
113900162,73,76,-3
113900163,161,54,107
113900164,186,6,180
113900165,125,79,46
113900166,11,6,5
113900167,247,28,219
113900168,9,12,-3
113900169,34,72,-38
113900171,112,23,89
113900172,0,17,-17
113900173,6,67,-61
113900174,54,149,-95
113900175,138,100,38
113900176,24,72,-48
113900177,47,52,-5
113900178,133,50,83
113900179,10,186,-176
113900180,19,11,8
113900181,510,26,484
113900182,137,64,73
113900183,15,6,9
113900184,3,239,-236
113900185,4,9,-5
113900186,10,2,8
113900187,12,15,-3
113900188,1,53,-52
113900189,185,90,95
113900190,60,12,48
113900191,12,42,-30
113900192,4,191,-187
113900193,3,102,-99
113900194,421,59,362
113900195,76,69,7
113900196,0,20,-20
113900197,5,32,-27
113900198,1,60,-59
113900199,13,50,-37
113900200,1,19,-18
113900201,0,48,-48
113900202,20,35,-15
113900203,1,24,-23
113900204,1,76,-75
113900205,1,5,-4
113900206,0,53,-53
113900207,0,25,-25
113900208,0,2,-2
113900209,1,10,-9
113900210,85,144,-59
113900211,91,11,80
113900212,298,113,185
113900214,60,39,21
113900215,141,13,128
113900216,41,66,-25
113900217,66,97,-31
113900218,29,36,-7
113900219,30,131,-101
113900220,46,57,-11
113900221,55,165,-110
113900222,8,203,-195
113900223,55,83,-28
113900224,11,9,2
113900225,224,42,182
113900226,104,26,78
113900227,103,96,7
113900228,79,165,-86
113900229,9,336,-327
113900230,542,909,-367
113900231,9,4,5
113900232,35,2,33
113900233,64,33,31
113900234,109,112,-3
113900235,46,8,38
113900236,401,24,377
113900237,98,9,89
113900238,111,189,-78
113900239,13,30,-17
113900240,5,41,-36
113900241,5,3,2
113900242,4,13,-9
113900243,9,28,-19
113900244,114,36,78
113900245,132,58,74
113900246,0,11,-11
113900247,28,246,-218
113900248,431,754,-323
113900249,69,304,-235
113900250,4,113,-109
113900251,695,19,676
113900252,460,13,447
113900253,287,26,261
113900254,149,33,116
113900255,675,9,666
113900256,321,19,302
113900257,19,131,-112
113900258,4,242,-238
113900259,452,69,383
113900260,124,5,119
113900261,19,19,0
113900262,169,93,76
113900263,1,54,-53
113900264,0,86,-86
113900265,18,93,-75
113900266,26,25,1
113900267,19,135,-116
113900268,44,116,-72
113900269,20,46,-26
113900270,28,116,-88
113900271,132,57,75
113900273,4,0,4
113900274,42,1,41
113900275,4,9,-5
113900276,0,41,-41
113900277,195,0,195
113900278,26,39,-13
113900279,18,10,8
113900280,196,127,69
113900281,71,442,-371
113900282,131,89,42
113900283,91,163,-72
113900284,483,87,396
113900285,56,20,36
113900286,28,19,9
113900287,29,8,21
113900288,1,27,-26
113900289,92,69,23
113900290,53,130,-77
113900291,28,39,-11
113900292,2,2,0
113900293,9,50,-41
113900294,422,18,404
113900295,141,80,61
113900296,564,155,409
113900297,1166,13,1153
113900298,2,196,-194
113900299,144,81,63
113900300,1911,2245,-334
113900301,91,351,-260
113900302,851,276,575
113900303,30,404,-374
113900304,0,16,-16
113900305,150,0,150
113900306,28,0,28
113900307,1,0,1
113900308,17,15,2
113900309,0,195,-195
113900310,1,0,1
113900311,26,0,26
113900312,29,27,2
113900313,4,0,4
114000001,473,690,-217
114000002,195,128,67
114000003,75,89,-14
114000004,351,85,266
114000005,382,58,324
114000006,489,286,203
114000007,471,368,103
114000008,892,673,219
114000009,1126,96,1030
114000011,1935,742,1193
114000012,3036,633,2403
114000013,1627,509,1118
114000014,203,21,182
114000015,1432,59,1373
114000016,192,30,162
114000017,63,460,-397
114000018,66,13,53
114000026,2371,531,1840
114000027,3474,1296,2178
114000028,1264,1796,-532
114000038,218,90,128
114000039,36,16,20
114000040,185,241,-56
114000042,64,145,-81
114000043,16,62,-46
114000044,452,19,433
114000045,17,14,3
114000046,603,1327,-724
114000047,2,102,-100
114000048,103,15,88
114000049,1575,640,935
114000050,1289,381,908
114000051,1842,955,887
114000052,1868,1581,287
114000053,12,395,-383
114000054,146,345,-199
114000055,195,35,160
114000056,53,167,-114
114000057,1554,895,659
114000058,33,294,-261
114000059,19,427,-408
114000060,157,219,-62
114000061,914,1008,-94
114000062,141,407,-266
114000063,445,349,96
114000064,757,1764,-1007
114000065,422,678,-256
114000066,437,325,112
114000067,4,800,-796
114000068,178,383,-205
114000069,767,142,625
114000070,1152,836,316
114000071,721,85,636
114000072,692,124,568
114000073,28,33,-5
114000074,40,2,38
114000075,125,20,105
114000076,17,27,-10
114000077,2,2,0
114000078,205,137,68
114000079,335,48,287
114000080,44,43,1
114000081,64,42,22
114000082,31,95,-64
114000083,32,3,29
114000084,132,83,49
114000085,38,174,-136
114000086,234,96,138
114000087,154,13,141
114000088,88,15,73
114000089,278,139,139
114000090,620,409,211
114000091,357,375,-18
114000092,185,157,28
114000093,804,164,640
114000094,424,192,232
114000095,203,147,56
114000096,43,212,-169
114000097,69,165,-96
114000098,889,87,802
114000099,519,72,447
114000100,1884,214,1670
114000101,235,158,77
114000102,727,119,608
114000103,67,119,-52
114000104,11,66,-55
114000105,207,58,149
114000106,397,1231,-834
114000107,404,91,313
114000108,677,338,339
114000109,492,978,-486
114000110,418,392,26
114000111,1679,668,1011
114000112,219,964,-745
114000113,1206,544,662
114000114,202,621,-419
114000115,1329,589,740
114000116,856,3177,-2321
114000117,3679,282,3397
114000118,3143,207,2936
114000119,2482,227,2255
114000120,842,493,349
114000121,249,247,2
114000122,228,92,136
114000123,2078,143,1935
114000124,1145,184,961
114000125,712,653,59
114000126,1240,129,1111
114000127,138,61,77
114000128,819,122,697
114000130,363,467,-104
114000131,433,25,408
114000132,405,105,300
114000133,377,243,134
114000134,20,1,19
114000138,4,4,0
114000139,220,94,126
114000144,402,214,188
114000145,10,1,9
114000146,54,38,16
114000147,499,1433,-934
114000148,604,794,-190
114000149,154,144,10
114000150,69,80,-11
114000151,138,1399,-1261
114000152,25,10,15
114000153,155,537,-382
114000154,232,119,113
114000155,445,1772,-1327
114000156,503,326,177
114000157,158,738,-580
114000158,302,316,-14
114000159,127,97,30
114000160,40,99,-59
114000161,514,843,-329
114000162,792,1117,-325
114000163,16,6,10
114000165,181,117,64
114000166,152,183,-31
114000167,1207,826,381
114000168,249,70,179
114000169,397,587,-190
114000170,749,480,269
114000171,991,6772,-5781
114000174,83,117,-34
114000176,140,118,22
114000177,328,184,144
114000178,26,44,-18
114000179,568,531,37
114000180,152,157,-5
114000181,823,3207,-2384
114000182,527,1044,-517
114000183,347,226,121
114000184,1272,260,1012
114000185,856,490,366
114000189,1513,84,1429
114000190,2893,302,2591
114000191,76,349,-273
114000192,64,310,-246
114000193,158,443,-285
114000194,1396,633,763
114000195,332,179,153
114000196,0,70,-70
114000197,2040,38,2002
114000198,241,192,49
114000199,532,904,-372
114000200,402,404,-2
114000201,177,318,-141
114000202,639,511,128
114000203,555,825,-270
114000204,31,148,-117
114000205,287,605,-318
114000206,437,531,-94
114000207,251,393,-142
114000208,414,381,33
114000209,262,416,-154
114000210,142,360,-218
114000211,1628,555,1073
114000212,1165,865,300
114000213,1934,342,1592
114000214,92,25,67
114000215,88,34,54
114000216,1353,411,942
114000217,415,169,246
114000218,285,140,145
114000219,1257,116,1141
114000220,15,220,-205
114000221,1396,98,1298
114000222,128,302,-174
114000223,662,72,590
114000224,43,165,-122
114000225,271,152,119
114000226,281,93,188
114000227,1141,486,655
114000228,949,284,665
114000229,1426,728,698
114000230,1601,461,1140
114000231,934,875,59
114000232,1019,142,877
114000233,2041,41,2000
114000234,1224,317,907
114000235,1484,783,701
114000236,0,190,-190
114000237,109,270,-161
114000238,61,260,-199
114000239,82,406,-324
114000240,727,1128,-401
114000241,265,355,-90
114000242,602,367,235
114000243,1603,932,671
114000244,361,189,172
114000245,477,836,-359
114000246,43,30,13
114000247,405,303,102
114000248,1248,416,832
114000249,939,253,686
114000250,828,145,683
114000251,164,73,91
114000252,18,23,-5
114000253,31,24,7
114000254,23,4,19
114000255,190,100,90
114000256,153,353,-200
114000257,527,579,-52
114000258,261,79,182
114000259,139,140,-1
114000260,0,2,-2
114000261,103,43,60
114000262,295,29,266
114000263,4,0,4
114000264,1396,88,1308
114000265,0,3,-3
114000267,2,1696,-1694
114000268,0,450,-450
114000270,102,0,102
114000271,204,174,30
114000283,1403,178,1225
114000285,4,79,-75
114000288,89,77,12
114000289,1403,62,1341
114000293,216,87,129
114000294,166,268,-102
114000395,1394,30,1364
114000396,372,146,226
114000402,690,154,536
114000403,574,93,481
114000405,323,188,135
114000423,469,124,345
114000424,563,95,468
114000425,1348,82,1266
114000426,407,742,-335
114000427,63,13,50
114000428,36,73,-37
114000429,20,52,-32
114000432,59,12,47
114000434,34,11,23
114000435,2,13,-11
114900001,457,94,363
114900002,171,46,125
114900003,533,178,355
114900004,68,349,-281
114900005,235,130,105
114900006,27,97,-70
114900007,83,4,79
114900008,442,27,415
114900010,381,896,-515
114900011,344,37,307
114900013,204,39,165
114900015,60,386,-326
114900018,475,8,467
114900020,63,39,24
114900022,19,302,-283
114900024,62,101,-39
114900025,541,62,479
114900026,38,57,-19
114900027,137,93,44
114900029,24,26,-2
114900030,264,64,200
114900031,398,12,386
114900032,528,1,527
114900033,171,1360,-1189
114900034,17,28,-11
114900035,17,82,-65
114900036,78,70,8
114900037,51,5,46
114900038,124,125,-1
114900039,440,42,398
114900040,113,10,103
114900041,946,30,916
114900042,833,92,741
114900043,362,50,312
114900044,72,38,34
114900046,12,46,-34
114900047,31,2078,-2047
114900048,14,72,-58
114900049,0,66,-66
114900050,14,62,-48
114900051,8,59,-51
114900052,18,79,-61
114900053,30,87,-57
114900054,2,30,-28
114900057,81,6,75
114900058,0,15,-15
114900059,169,53,116
114900060,89,169,-80
114900061,7,16,-9
114900062,33,79,-46
114900063,40,2,38
114900064,1446,75,1371
114900065,259,458,-199
114900067,7,28,-21
114900068,4,197,-193
114900069,75,28,47
114900070,529,70,459
114900072,10,48,-38
114900073,1,16,-15
114900074,1019,38,981
114900075,234,0,234
114900076,11,42,-31
114900080,260,89,171
114900082,1097,1215,-118
114900083,53,162,-109
114900090,516,42,474
114900091,47,60,-13
114900095,20,35,-15
114900096,24,71,-47
114900097,176,4,172
114900098,2,62,-60
114900099,188,56,132
115000001,1848,1116,732
115000002,2484,4552,-2068
115000003,2094,798,1296
115000004,2973,4159,-1186
115000005,911,1167,-256
115000006,1020,694,326
115000007,41,170,-129
115000008,179,253,-74
115000009,177,138,39
115000010,115,133,-18
115000013,14,78,-64
115000015,2,71,-69
115000016,49,194,-145
115000019,18,412,-394
115000020,81,653,-572
115000021,70,170,-100
115000022,117,116,1
115000023,316,327,-11
115000024,216,65,151
115000025,644,353,291
115000026,185,84,101
115000027,326,177,149
115000028,130,86,44
115000029,783,38,745
115000030,253,214,39
115000031,520,57,463
115000032,1,35,-34
115000033,54,5,49
115000034,24,239,-215
115000035,497,75,422
115000036,0,104,-104
115000037,620,101,519
115000038,45,128,-83
115000039,1017,1668,-651
115000040,1580,1266,314
115000041,710,2848,-2138
115000042,305,290,15
115000043,2053,1444,609
115000044,1576,1290,286
115000045,1540,508,1032
115000046,2651,1188,1463
115000047,2177,955,1222
115000048,1222,986,236
115000049,921,1114,-193
115000050,2323,725,1598
115000051,974,2901,-1927
115000052,765,791,-26
115000053,1793,2208,-415
115000054,504,467,37
115000055,80,546,-466
115000056,190,123,67
115000057,465,828,-363
115000058,84,300,-216
115000059,58,244,-186
115000061,123,206,-83
115000062,248,364,-116
115000063,452,233,219
115000064,187,65,122
115000065,41,424,-383
115000067,147,10,137
115000069,104,210,-106
115000070,28,675,-647
115000071,90,16,74
115000072,9,9,0
115000073,930,47,883
115000075,58,61,-3
115000076,1200,812,388
115000077,1223,553,670
115000078,1073,282,791
115000079,748,466,282
115000080,2439,642,1797
115000081,161,306,-145
115000082,3262,2328,934
115000083,1941,504,1437
115000084,3004,376,2628
115000085,800,339,461
115000086,878,248,630
115000087,348,837,-489
115000088,1080,349,731
115000089,1055,657,398
115000090,316,569,-253
115000091,134,278,-144
115000092,800,407,393
115000093,825,5,820
115000094,2759,5486,-2727
115000095,1728,4304,-2576
115000096,789,373,416
115000097,1490,1037,453
115000098,1278,221,1057
115000099,1843,959,884
115000100,1436,374,1062
115000101,374,414,-40
115000102,380,134,246
115000103,244,374,-130
115000105,52,42,10
115000106,814,262,552
115000107,108,151,-43
115000108,866,675,191
115000109,1597,4422,-2825
115000110,726,1334,-608
115000111,165,306,-141
115000112,405,315,90
115000113,143,232,-89
115000114,405,170,235
115000116,881,942,-61
115000117,734,824,-90
115000118,986,860,126
115000119,633,842,-209
115000120,266,701,-435
115000121,239,311,-72
115000122,379,998,-619
115000123,235,805,-570
115000124,362,593,-231
115000125,248,467,-219
115000126,64,302,-238
115000127,309,95,214
115000128,217,479,-262
115000129,156,371,-215
115000130,235,176,59
115000131,616,131,485
115000132,283,80,203
115000133,638,101,537
115000134,253,83,170
115000135,76,44,32
115000136,105,65,40
115000137,61,57,4
115000138,242,129,113
115000139,123,28,95
115000140,475,86,389
115000141,113,56,57
115000142,48,38,10
115000143,674,254,420
115000144,296,27,269
115000145,126,76,50
115000146,311,126,185
115000147,170,100,70
115000148,153,219,-66
115000149,475,171,304
115000150,273,157,116
115000151,820,112,708
115000152,351,201,150
115000153,847,262,585
115000154,676,184,492
115000155,463,266,197
115000156,315,374,-59
115000157,112,155,-43
115000158,135,111,24
115000159,128,142,-14
115000160,230,329,-99
115000161,337,216,121
115000162,310,702,-392
115000163,183,236,-53
115000164,145,327,-182
115000165,127,367,-240
115000167,30,24,6
115000168,381,110,271
115000169,207,324,-117
115000170,29,182,-153
115000171,231,180,51
115000172,485,612,-127
115000173,163,726,-563
115000174,45,306,-261
115000175,83,153,-70
115000176,20,84,-64
115000177,9,188,-179
115000178,1,154,-153
115000179,19,84,-65
115000180,53,188,-135
115000181,657,111,546
115000182,948,169,779
115000183,431,157,274
115000186,248,44,204
115000187,218,85,133
115000188,236,144,92
115000189,220,244,-24
115000190,410,280,130
115000191,138,355,-217
115000194,86,20,66
115000195,50,61,-11
115000196,247,42,205
115000197,158,80,78
115000198,482,30,452
115000199,464,75,389
115000200,360,41,319
115000201,150,84,66
115000206,502,10,492
115000207,102,37,65
115000208,75,245,-170
115000209,476,251,225
115000210,150,71,79
115000211,63,132,-69
115000212,471,325,146
115000224,172,19,153
115000225,60,24,36
115000229,96,73,23
115000230,34,131,-97
115000231,316,358,-42
115000232,2052,214,1838
115000233,86,63,23
115000234,27,91,-64
115000241,61,33,28
115000242,180,46,134
115000243,28,36,-8
115000244,1,39,-38
115000246,52,10,42
115000247,3,13,-10
115000248,40,3,37
115000249,4,0,4
115000250,167,7,160
115000251,260,17,243
115000252,58,72,-14
115000253,2,283,-281
115000258,198,28,170
115000259,47,16,31
115000261,15,9,6
115000262,0,11,-11
115000263,4,10,-6
115000264,1,11,-10
115000267,42,17,25
115000268,3,47,-44
115000269,24,23,1
115000270,10,31,-21
115000272,32,30,2
115000273,277,18,259
115000280,589,430,159
115000281,71,842,-771
115000282,378,1696,-1318
115000284,34,113,-79
115000296,142,14,128
115000297,49,426,-377
115000298,10,570,-560
115000300,121,106,15
115000302,334,7,327
115000303,919,31,888
115000304,860,62,798
115000305,50,92,-42
115000306,240,48,192
115000307,176,85,91
115000308,1,2,-1
115000309,9,66,-57
115000310,1334,278,1056
115000311,944,434,510
115000313,55,129,-74
115000314,299,119,180
115000315,203,574,-371
115000316,29,71,-42
115000317,96,170,-74
115000318,858,182,676
115000319,52,67,-15
115000320,9,331,-322
115000321,294,27,267
115000322,29,89,-60
115000449,95,90,5
115000557,3,1798,-1795
115000558,55,63,-8
115000587,593,174,419
115000588,1130,1107,23
115000589,2445,1411,1034
115000590,318,633,-315
115000591,982,381,601
115000592,381,634,-253
115000593,1308,345,963
115000594,325,1224,-899
115000609,165,49,116
115000617,259,1826,-1567
115000624,359,11,348
115000633,394,863,-469
115000634,1800,372,1428
115000635,304,67,237
115000638,164,252,-88
115000641,33,116,-83
115000642,246,97,149
115000643,58,95,-37
115000644,58,92,-34
115000646,310,593,-283
115000647,68,215,-147
115000648,1800,384,1416
115000893,725,389,336
115000894,94,454,-360
115000895,151,363,-212
115000896,539,191,348
115000897,144,19,125
115000898,173,87,86
115000899,47,798,-751
115000900,11,101,-90
115000901,24,152,-128
115000912,298,38,260
115000913,0,1,-1
115000915,4,1,3
115000916,32,27,5
115000917,0,36,-36
115000918,11,575,-564
115000919,0,29,-29
115000920,0,15,-15
115000921,80,18,62
115000922,193,358,-165
115000923,24,829,-805
115000925,107,99,8
115000927,27,26,1
115000933,25,255,-230
115000934,47,160,-113
115000935,96,31,65
115000936,5,625,-620
115000937,129,147,-18
115000938,6,24,-18
115000939,4,58,-54
115900001,297,30,267
115900002,24,17,7
115900003,150,22,128
115900004,0,7,-7
115900005,288,3,285
115900006,44,39,5
115900008,163,0,163
115900009,35,28,7
115900010,510,22,488
115900011,174,53,121
115900012,293,1,292
115900013,287,58,229
115900014,120,34,86
115900015,181,11,170
115900016,50,4,46
115900017,51,39,12
115900018,74,12,62
115900019,24,10,14
115900020,140,0,140
115900021,307,187,120
115900022,283,5,278
115900023,2,3,-1
115900025,14,52,-38
115900026,342,33,309
115900027,0,93,-93
115900028,76,10,66
115900029,23,61,-38
115900030,21,17,4
115900031,39,140,-101
115900032,119,176,-57
115900033,0,10,-10
115900034,8,43,-35
115900035,13,4,9
115900036,4,872,-868
115900037,2,74,-72
115900038,22,0,22
115900039,91,71,20
115900041,84,555,-471
115900042,64,3,61
115900043,65,28,37
115900044,50,276,-226
115900046,332,42,290
115900047,46,189,-143
115900049,145,78,67
115900051,0,7,-7
115900052,3,68,-65
115900053,229,19,210
115900054,407,13,394
115900055,9,33,-24
115900056,110,28,82
115900057,4,29,-25
115900058,10,31,-21
115900060,11,47,-36
115900061,217,0,217
115900062,34,48,-14
115900063,31,4,27
115900064,75,100,-25
115900065,140,21,119
115900066,34,25,9
115900067,29,68,-39
115900068,959,1451,-492
115900069,30,111,-81
115900070,95,15,80
115900071,0,166,-166
115900072,17,24,-7
115900073,265,97,168
115900074,0,68,-68
115900075,11,58,-47
115900076,0,10,-10
115900077,2,39,-37
115900078,8,72,-64
115900079,441,0,441
115900080,84,27,57
115900081,54,20,34
115900082,122,79,43
115900084,585,3,582
115900085,2,30,-28
115900086,463,118,345
115900088,0,69,-69
115900089,371,142,229
115900090,656,1,655
115900091,0,1,-1
115900092,77,22,55
115900093,5,2,3
115900094,5,65,-60
115900096,1,6,-5
115900097,4,114,-110
115900098,219,59,160
115900099,76,93,-17
115900100,2,132,-130
115900101,128,39,89
115900102,93,21,72
115900103,209,26,183
115900104,155,31,124
115900105,215,72,143
115900106,121,7,114
115900107,82,11,71
115900108,76,1,75
115900109,3,132,-129
115900110,30,0,30
115900111,0,16,-16
115900112,57,178,-121
115900113,53,0,53
115900114,1,13,-12
115900115,72,25,47
115900116,14,154,-140
115900117,60,0,60
115900118,20,98,-78
115900119,144,42,102
115900120,19,57,-38
115900121,177,32,145
115900124,112,591,-479
115900125,322,61,261
115900126,695,12,683
115900127,732,15,717
115900128,1,64,-63
115900129,238,12,226
115900130,2,395,-393
115900131,295,15,280
115900132,463,1,462
115900134,278,7,271
115900135,261,379,-118
115900137,17,1,16
115900139,5,42,-37
115900140,455,25,430
115900141,0,7,-7
115900142,1,21,-20
115900143,214,97,117
115900144,75,57,18
115900146,6,32,-26
115900147,35,229,-194
115900148,10,2,8
115900149,103,7,96
115900150,109,11,98
115900151,30,42,-12
115900152,42,72,-30
115900153,82,49,33
115900154,87,160,-73
115900155,0,16,-16
115900156,235,274,-39
115900157,253,190,63
115900158,10,1,9
115900159,182,29,153
115900160,0,0,0
115900161,7,59,-52
115900163,267,30,237
115900164,650,16,634
115900165,1,177,-176
115900166,19,9,10
115900168,287,20,267
115900171,38,70,-32
115900172,50,33,17
115900173,102,49,53
115900174,34,73,-39
115900175,170,24,146
115900178,34,105,-71
115900179,284,1,283
115900180,46,29,17
115900181,143,40,103
115900182,637,42,595
115900183,5,81,-76
115900184,95,0,95
115900187,6,141,-135
115900189,0,67,-67
115900190,109,310,-201
115900191,8,67,-59
115900192,7,46,-39
115900193,70,22,48
115900194,664,20,644
115900195,122,1757,-1635
115900198,120,105,15
115900199,168,39,129
115900200,105,47,58
115900201,100,166,-66
115900202,20,132,-112
115900203,0,1,-1
115900204,0,33,-33
115900205,3,4,-1
115900206,411,17,394
115900207,24,10,14
115900208,121,34,87
115900209,25,66,-41
115900210,1,98,-97
115900211,5,28,-23
115900212,177,33,144
115900213,12,178,-166
115900214,458,99,359
115900215,18,182,-164
115900216,0,41,-41
115900217,19,12,7
115900218,0,11,-11
115900219,240,1,239
115900220,346,3,343
115900221,231,4,227
115900222,120,14,106
115900223,0,299,-299
115900224,245,1355,-1110
115900225,40,29,11
115900226,4,7,-3
115900227,3,10,-7
115900228,0,3,-3
115900229,0,2,-2
115900230,24,18,6
115900231,86,0,86
115900232,38,0,38
115900233,109,1,108
115900234,25,46,-21
115900235,7,14,-7
115900236,5,54,-49
115900237,19,14,5
115900238,8,30,-22
115900239,9,57,-48
115900240,4,21,-17
115900241,255,10,245
115900242,178,292,-114
115900243,1,10,-9
115900244,2,5,-3
115900245,78,0,78
115900246,0,0,0
115900247,0,0,0
115900248,0,0,0
115900249,0,3,-3
115900250,6,6,0
115900251,6,0,6
115900252,4,0,4
115900253,12,1,11
115900254,7,13,-6
115900255,2,23,-21
115900256,10,10,0
115900257,0,2,-2
115900258,0,0,0
115900259,16,0,16
115900260,1,0,1
115900261,0,0,0
115900262,7,0,7
115900263,3,0,3
115900264,3,2,1
115900265,10,0,10
115900266,24,9,15
115900267,0,1,-1
115900268,0,1,-1
115900269,916,58,858
115900270,307,75,232
115900271,219,1,218
115900272,31,0,31
115900273,11,23,-12
115900274,0,1,-1
115900275,0,1,-1
115900276,0,0,0
115900277,0,3,-3
115900278,45,22,23
115900279,28,138,-110
115900280,8,445,-437
115900281,70,107,-37
115900282,3,36,-33
115900283,31,16,15
115900284,0,1,-1
116000001,2363,995,1368
116000002,2626,11597,-8971
116000003,485,375,110
116000004,2920,4936,-2016
116000005,470,1401,-931
116000006,1409,2593,-1184
116000007,861,1118,-257
116000008,2955,1518,1437
116000009,547,926,-379
116000010,2431,1056,1375
116000011,366,778,-412
116000012,1473,681,792
116000013,2570,1504,1066
116000014,5291,13808,-8517
116000015,21,563,-542
116000016,1697,4595,-2898
116000017,42,284,-242
116000018,81,118,-37
116000019,666,155,511
116000020,212,282,-70
116000021,529,121,408
116000022,407,167,240
116000023,835,704,131
116000024,363,282,81
116000025,549,334,215
116000026,662,1096,-434
116000027,216,343,-127
116000028,312,743,-431
116000029,219,184,35
116000030,491,512,-21
116000031,5,8,-3
116000032,225,39,186
116000033,670,138,532
116000034,562,452,110
116000035,186,80,106
116000036,79,404,-325
116000037,104,218,-114
116000038,46,259,-213
116000039,75,229,-154
116000040,225,354,-129
116000041,19,196,-177
116000042,329,253,76
116000043,37,197,-160
116000044,1,27,-26
116000045,945,819,126
116000046,754,530,224
116000047,1148,1425,-277
116000048,1882,753,1129
116000049,1442,971,471
116000050,871,537,334
116000051,2015,839,1176
116000052,1702,1107,595
116000053,2365,274,2091
116000054,778,796,-18
116000055,542,269,273
116000056,1480,750,730
116000057,1083,211,872
116000058,1469,1691,-222
116000059,1211,3667,-2456
116000060,1004,687,317
116000061,94,1293,-1199
116000062,267,208,59
116000063,324,1167,-843
116000066,203,634,-431
116000067,124,188,-64
116000068,97,280,-183
116000069,148,94,54
116000078,384,723,-339
116000080,779,311,468
116000082,18,17,1
116000083,1613,242,1371
116000084,703,1069,-366
116000085,1146,1396,-250
116000086,392,275,117
116000087,2640,1328,1312
116000088,714,345,369
116000089,169,89,80
116000090,99,97,2
116000091,172,523,-351
116000093,649,119,530
116000094,774,237,537
116000095,660,152,508
116000096,1016,1428,-412
116000097,746,282,464
116000098,64,6228,-6164
116000099,3444,218,3226
116000100,152,13,139
116000101,1207,132,1075
116000102,213,321,-108
116000103,325,204,121
116000104,211,468,-257
116000105,1154,63,1091
116000106,382,695,-313
116000107,1783,191,1592
116000108,3,928,-925
116000111,143,24,119
116000113,76,20,56
116000114,5,38,-33
116000115,249,63,186
116000116,186,100,86
116000117,1296,661,635
116000118,1050,426,624
116000119,3227,1018,2209
116000120,1348,1135,213
116000121,1083,248,835
116000122,556,289,267
116000123,1938,182,1756
116000124,308,176,132
116000125,2925,137,2788
116000126,122,225,-103
116000127,372,321,51
116000128,2192,254,1938
116000129,921,81,840
116000130,642,265,377
116000133,1409,144,1265
116000134,715,447,268
116000135,2483,542,1941
116000136,424,502,-78
116000137,962,267,695
116000138,421,122,299
116000139,1205,2518,-1313
116000140,287,197,90
116000141,337,442,-105
116000142,3081,1577,1504
116000143,2055,1402,653
116000144,1886,1203,683
116000145,2516,769,1747
116000146,720,132,588
116000147,146,172,-26
116000148,627,446,181
116000149,325,221,104
116000151,579,361,218
116000153,88,267,-179
116000155,114,310,-196
116000156,550,231,319
116000157,63,6,57
116000158,252,64,188
116000159,1,4,-3
116000160,53,22,31
116000161,14,70,-56
116000162,11,208,-197
116000163,55,3,52
116000164,4,1,3
116000177,38,630,-592
116000194,57,156,-99
116000195,1261,144,1117
116000196,7,1,6
116000197,1,7,-6
116000198,1033,579,454
116000200,321,716,-395
116000201,558,142,416
116000202,6,93,-87
116000203,0,28,-28
116000204,1,20,-19
116000205,0,65,-65
116000206,0,90,-90
116000207,2,43,-41
116000233,46,124,-78
116000287,213,38,175
116000288,337,142,195
116000292,82,32,50
116000296,3,157,-154
116000297,203,1,202
116000304,403,3,400
116000305,21,23,-2
116000346,319,49,270
116000352,87,28,59
116000354,63,20,43
116000357,2,36,-34
116000358,382,111,271
116000361,14,2,12
116000372,2060,4165,-2105
116000381,169,34,135
116000388,2,16,-14
116000389,547,67,480
116000445,833,88,745
116000446,646,74,572
116000447,7,352,-345
116000448,260,41,219
116000563,396,683,-287
116000565,148,129,19
116000568,38,402,-364
116000579,33,160,-127
116000584,43,0,43
116000585,22,29,-7
116000586,19,65,-46
116000587,429,270,159
116000589,18,42,-24
116000590,105,31,74
116000591,262,51,211
116000592,1,25,-24
116000593,0,15,-15
116000594,997,144,853
116000595,639,22,617
116000596,247,2,245
116000597,624,175,449
116000598,49,104,-55
116000602,4,396,-392
116000605,145,54,91
116000606,43,241,-198
116000607,0,11,-11
116000609,37,928,-891
116000611,236,75,161
116000612,1444,2159,-715
116000613,551,229,322
116000614,372,95,277
116000615,0,0,0
116000616,84,41,43
116000617,150,9,141
116000618,4,21,-17
116000619,24,76,-52
116000620,330,125,205
116000621,77,64,13
116000622,102,60,42
116000624,105,204,-99
116000627,162,12,150
116000628,178,145,33
116000629,64,257,-193
116000630,848,3,845
116000631,314,4,310
116000632,1124,101,1023
116000633,37,137,-100
116000634,1231,1,1230
116000635,1120,954,166
116000636,194,664,-470
116000637,638,21,617
116000638,1,294,-293
116900001,46,50,-4
116900002,148,1,147
116900003,24,1,23
116900004,29,73,-44
116900005,272,12,260
116900006,71,151,-80
116900007,41,31,10
116900008,510,110,400
116900009,12,37,-25
116900010,0,154,-154
116900011,3,30,-27
116900012,61,45,16
116900013,2,27,-25
116900014,185,45,140
116900015,567,34,533
116900016,298,2,296
116900017,1,190,-189
116900018,56,45,11
116900019,0,39,-39
116900020,720,1656,-936
116900023,17,3,14
116900024,691,18,673
116900025,1337,198,1139
116900026,52,159,-107
116900027,44,25,19
116900028,0,12,-12
116900029,1,196,-195
116900031,0,3,-3
116900032,0,76,-76
116900033,42,1,41
116900034,16,10,6
116900035,101,59,42
116900036,1,51,-50
116900038,24,1,23
116900041,112,5,107
116900042,47,73,-26
116900043,39,66,-27
116900047,28,267,-239
116900049,2,46,-44
116900050,60,58,2
116900051,372,5,367
116900052,91,42,49
116900055,0,16,-16
116900057,29,15,14
116900058,8,64,-56
116900059,0,3,-3
116900060,63,108,-45
116900062,1,37,-36
116900064,18,38,-20
116900065,0,35,-35
116900067,16,15,1
116900068,113,105,8
116900070,7,2,5
116900072,2,35,-33
116900073,1,34,-33
116900074,0,7,-7
116900076,20,9,11
116900077,1,39,-38
116900078,58,33,25
116900079,10,130,-120
116900080,1,7,-6
116900081,47,228,-181
116900082,21,491,-470
116900083,12,4,8
116900084,33,2,31
116900085,4,38,-34
116900086,19,254,-235
116900088,54,5,49
116900090,6,5,1
116900091,349,6,343
116900092,40,140,-100
116900093,739,705,34
116900094,1801,4050,-2249
116900095,233,72,161
116900096,199,194,5
116900097,734,2406,-1672
116900098,159,52,107
116900099,87,502,-415
116900100,997,45,952
116900101,87,175,-88
116900103,0,0,0
116900104,7,529,-522
116900105,348,144,204
116900106,2745,30,2715
116900107,866,3184,-2318
116900110,1,0,1
116900111,613,288,325
116900112,359,138,221
116900113,598,1948,-1350
116900116,10,118,-108
116900117,118,36,82
116900118,283,683,-400
116900120,478,17,461
116900121,88,6,82
116900122,1482,153,1329
116900123,245,168,77
116900124,54,124,-70
116900125,414,96,318
116900126,25,369,-344
116900128,0,6,-6
116900129,0,103,-103
116900130,250,3526,-3276
116900131,15,80,-65
116900132,47,60,-13
116900133,82,47,35
116900134,173,141,32
116900136,125,20,105
116900137,95,15,80
116900138,108,31,77
116900139,3,54,-51
116900140,77,37,40
116900141,257,36,221
116900142,1,15,-14
116900143,187,41,146
116900144,14,4,10
116900145,19,61,-42
116900147,49,257,-208
116900148,1,1,0
116900149,75,132,-57
116900150,9,0,9
116900151,9,1,8
116900153,108,55,53
116900154,54,336,-282
116900155,48,41,7
116900157,1038,14,1024
116900158,175,228,-53
116900159,38,198,-160
116900160,621,379,242
116900161,1456,6626,-5170
116900162,14,65,-51
116900163,333,17,316
116900164,90,40,50
116900165,468,159,309
116900166,103,41,62
116900167,506,11,495
116900168,443,7,436
116900169,52,170,-118
116900170,566,178,388
116900171,84,88,-4
116900172,54,367,-313
116900173,463,25,438
116900174,53,150,-97
116900175,187,82,105
116900178,33,55,-22
116900179,24,410,-386
116900180,80,1,79
116900182,341,103,238
116900183,200,48,152
116900185,22,19,3
116900186,154,105,49
116900187,29,27,2
116900188,83,12,71
116900189,139,3,136
116900191,92,65,27
116900192,288,79,209
116900194,23,610,-587
116900195,51,1,50
116900196,7,36,-29
116900197,137,11,126
116900198,8,447,-439
116900200,68,0,68
116900201,290,14,276
116900202,37,16,21
116900203,145,3,142
116900204,79,170,-91
116900206,10,2,8
116900207,4,7,-3
116900208,6,58,-52
116900209,14,23,-9
116900210,134,68,66
116900211,257,1,256
116900212,104,1,103
116900213,103,4,99
116900214,218,111,107
116900215,25,10,15
116900216,93,68,25
116900218,1,125,-124
116900219,231,109,122
116900220,44,93,-49
116900221,104,201,-97
116900222,179,86,93
116900223,40,79,-39
116900226,180,9,171
116900227,291,7,284
116900228,306,41,265
116900230,53,70,-17
116900231,95,54,41
116900232,61,110,-49
116900233,194,44,150
116900234,30,3,27
116900235,41,22,19
116900238,218,76,142
116900239,7,1207,-1200
116900240,2378,2989,-611
116900241,45,63,-18
116900242,223,625,-402
116900243,1,26,-25
116900245,14,26,-12
116900246,98,21,77
116900247,1030,7,1023
116900248,100,9,91
116900249,516,51,465
116900250,308,15,293
116900251,139,708,-569
116900252,151,180,-29
116900253,85,51,34
116900254,46,53,-7
116900255,151,152,-1
116900256,451,136,315
116900257,21,30,-9
116900258,1,9,-8
116900259,225,5,220
116900260,3,12,-9
116900261,76,2,74
116900262,100,59,41
116900263,0,3,-3
116900264,2,0,2
116900265,18,0,18
116900266,7,2,5
116900267,0,0,0
116900268,17,131,-114
116900269,228,381,-153
116900271,208,374,-166
116900272,243,124,119
116900273,31,33,-2
116900274,137,22,115
116900275,155,49,106
116900276,386,191,195
116900277,173,60,113
116900278,1,0,1
116900279,13,7,6
116900280,7,3,4
116900281,1611,4945,-3334
116900282,0,8,-8
116900283,9,16,-7
116900284,36,45,-9
116900285,26,204,-178
116900286,33,1,32
116900287,0,5,-5
116900288,218,26,192
116900289,19,0,19
116900290,22,0,22
116900291,20,2,18
116900292,0,20,-20
116900293,52,0,52
116900294,6,31,-25
116900295,41,218,-177
116900296,51,34,17
116900297,2,7,-5
116900298,27,84,-57
116900299,4,173,-169
116900300,0,35,-35
116900301,26,36,-10
116900302,2,69,-67
116900303,56,24,32
116900304,0,56,-56
116900305,1,14,-13
116900306,238,87,151
117000001,2424,1776,648
117000002,1328,1588,-260
117000003,4205,1494,2711
117000004,1380,1820,-440
117000005,2666,946,1720
117000006,799,1492,-693
117000007,4625,897,3728
117000008,710,1606,-896
117000009,2885,1044,1841
117000010,845,918,-73
117000011,2658,675,1983
117000012,1355,558,797
117000013,2104,459,1645
117000014,1149,1999,-850
117000015,1810,1394,416
117000016,146,210,-64
117000017,67,335,-268
117000018,28,1252,-1224
117000019,5,0,5
117000020,223,2735,-2512
117000021,1072,150,922
117000022,107,231,-124
117000023,29,112,-83
117000024,96,212,-116
117000025,172,1393,-1221
117000026,675,1581,-906
117000027,318,1063,-745
117000028,302,464,-162
117000030,121,313,-192
117000031,323,118,205
117000032,929,1316,-387
117000033,1048,624,424
117000034,162,276,-114
117000035,238,178,60
117000036,196,160,36
117000037,151,115,36
117000038,105,298,-193
117000039,102,146,-44
117000040,38,295,-257
117000041,1146,22,1124
117000044,0,188,-188
117000045,507,199,308
117000046,147,543,-396
117000047,525,640,-115
117000048,722,429,293
117000049,23,168,-145
117000050,184,605,-421
117000051,2637,34,2603
117000052,88,142,-54
117000053,1161,20,1141
117000054,1268,10,1258
117000055,3,552,-549
117000056,517,25,492
117000057,329,722,-393
117000060,310,597,-287
117000061,1831,894,937
117000062,134,387,-253
117000063,991,595,396
117000064,312,262,50
117000066,203,333,-130
117000067,82,399,-317
117000074,16,71,-55
117000076,22,8,14
117000077,35,29,6
117000078,180,189,-9
117000079,159,35,124
117000080,0,245,-245
117000081,253,53,200
117000082,48,37,11
117000083,32,13,19
117000084,124,0,124
117000085,297,318,-21
117000086,434,152,282
117000087,37,254,-217
117000088,344,71,273
117000089,2297,123,2174
117000090,260,457,-197
117000091,1381,58,1323
117000092,362,411,-49
117000093,2001,136,1865
117000094,418,626,-208
117000095,2898,160,2738
117000096,453,663,-210
117000097,1661,508,1153
117000098,955,1267,-312
117000099,4826,438,4388
117000100,235,185,50
117000101,89,352,-263
117000102,1925,145,1780
117000103,239,575,-336
117000104,1830,215,1615
117000105,246,634,-388
117000106,1992,164,1828
117000107,224,507,-283
117000108,2392,631,1761
117000109,484,766,-282
117000110,1633,1407,226
117000111,2817,2599,218
117000112,3115,963,2152
117000113,33,63,-30
117000114,286,53,233
117000115,15,15,0
117000116,185,74,111
117000117,930,563,367
117000118,249,333,-84
117000119,41,297,-256
117000120,5,301,-296
117000121,12,349,-337
117000122,439,773,-334
117000123,405,67,338
117000124,45,82,-37
117000125,10,162,-152
117000126,13,7,6
117000127,120,112,8
117000128,41,135,-94
117000129,108,509,-401
117000130,123,0,123
117000131,0,41,-41
117000132,2695,67,2628
117000133,3226,25,3201
117000134,0,0,0
117000135,0,30,-30
117000136,0,11,-11
117000137,288,60,228
117000138,1,0,1
117000140,193,416,-223
117000141,2094,129,1965
117000181,89,35,54
117000182,1042,1168,-126
117000195,129,287,-158
117000196,509,148,361
117000225,5,70,-65
117000226,0,70,-70
117000276,439,17,422
117000277,0,125,-125
117000310,714,2252,-1538
117000315,5,311,-306
117000320,34,0,34
117000906,810,19,791
117000907,4,75,-71
117000908,4,146,-142
117000909,36,69,-33
117000910,314,105,209
117000911,25,82,-57
117000915,0,155,-155
117000916,53,1,52
117000917,1377,16,1361
117000918,121,52,69
117000919,0,6,-6
117000920,1,379,-378
117000921,0,385,-385
117000922,2,24,-22
117000924,844,556,288
117000926,390,187,203
117000927,120,411,-291
117000928,0,19,-19
117000929,330,73,257
117000930,468,8,460
117000931,76,87,-11
117900002,28,380,-352
117900003,44,35,9
117900005,1,77,-76
117900006,0,56,-56
117900007,68,62,6
117900008,0,8,-8
117900010,413,87,326
117900011,0,163,-163
117900012,52,25,27
117900013,0,78,-78
117900014,480,106,374
117900015,5,79,-74
117900016,506,1222,-716
117900017,610,581,29
117900018,133,139,-6
117900019,592,251,341
117900020,52,103,-51
117900021,29,25,4
117900022,3,1,2
117900023,618,18,600
117900024,63,36,27
117900025,11,0,11
117900026,468,69,399
117900028,6,1,5
117900029,198,225,-27
117900030,135,299,-164
117900031,150,135,15
117900032,895,288,607
117900033,485,195,290
117900034,14,1,13
117900035,207,57,150
117900036,277,189,88
117900037,261,28,233
117900038,70,52,18
117900039,1,15,-14
117900040,83,56,27
117900041,0,35,-35
117900042,1013,232,781
117900043,0,14,-14
117900044,66,3001,-2935
117900045,117,52,65
117900048,214,46,168
117900049,217,285,-68
117900050,3,97,-94
117900051,10,10,0
117900052,39,785,-746
117900053,1854,91,1763
117900054,0,9,-9
117900055,296,85,211
117900056,2,60,-58
117900057,378,459,-81
117900058,2,44,-42
117900059,36,46,-10
117900060,2096,782,1314
117900061,1,191,-190
117900063,359,168,191
117900065,177,458,-281
117900066,2,177,-175
117900067,632,107,525
117900069,654,48,606
117900070,42,277,-235
117900071,122,38,84
117900073,665,68,597
117900074,33,142,-109
117900075,163,24,139
117900076,6,31,-25
117900077,550,17,533
117900078,431,264,167
117900080,157,16,141
117900081,179,98,81
117900082,675,205,470
117900083,664,214,450
117900086,169,44,125
117900087,141,13,128
117900088,305,347,-42
117900089,1995,374,1621
117900090,323,900,-577
117900091,296,34,262
117900092,178,19,159
117900093,141,2,139
117900094,64,44,20
117900095,398,1624,-1226
117900096,140,176,-36
117900097,249,29,220
117900098,159,4,155
117900099,241,1369,-1128
117900100,488,0,488
117900101,708,2090,-1382
117900102,62,16,46
117900103,108,1,107
117900104,2,395,-393
117900105,91,61,30
117900106,82,8,74
117900107,85,2,83
117900109,920,559,361
117900110,160,0,160
117900111,804,74,730
117900112,69,1,68
117900113,610,1947,-1337
117900114,28,1,27
117900115,44,70,-26
117900116,455,277,178
117900117,660,260,400
117900118,154,2,152
117900119,352,13,339
117900120,354,12,342
117900121,106,13,93
117900122,271,4659,-4388
117900123,568,300,268
117900124,163,211,-48
117900125,1187,553,634
117900126,53,159,-106
117900127,336,104,232
117900128,296,159,137
117900129,99,0,99
117900130,423,115,308
117900131,0,5,-5
117900132,0,3,-3
117900133,11,19,-8
117900134,26,209,-183
117900135,18,78,-60
117900136,0,5,-5
117900137,7,45,-38
117900138,0,2,-2
117900139,50,37,13
117900140,5268,519,4749
117900141,65,114,-49
117900142,34,305,-271
117900144,5,105,-100
117900145,0,55,-55
117900146,43,209,-166
117900147,103,51,52
117900148,968,1577,-609
117900149,57,25,32
117900150,41,8,33
117900151,18,51,-33
117900152,4,57,-53
117900153,21,113,-92
117900154,424,320,104
117900156,393,354,39
117900157,132,115,17
117900158,340,41,299
117900160,813,401,412
117900161,519,363,156
117900162,494,306,188
117900163,18,325,-307
117900165,9,10,-1
117900166,10,88,-78
117900168,159,103,56
117900169,0,24,-24
117900170,0,12,-12
117900171,0,1,-1
117900172,3,12,-9
117900173,60,24,36
117900174,4,12,-8
117900175,4,5,-1
117900176,7,13,-6
117900177,7,1,6
117900178,36,11,25
117900180,96,44,52
117900181,8,714,-706
117900182,1,95,-94
117900183,179,133,46
117900184,53,20,33
117900185,86,0,86
117900186,89,0,89
117900187,28,2,26
117900188,135,5,130
117900189,75,6,69
117900190,29,0,29
117900191,81,0,81
117900192,159,0,159
117900193,42,51,-9
117900194,14,0,14
117900195,0,15,-15
117900196,8,10,-2
117900207,14,122,-108
117900208,26,32,-6
117900209,141,67,74
117900210,56,23,33
117900211,0,55,-55
117900212,98,49,49
117900213,47,1,46
117900214,1,4,-3
117900215,14,39,-25
117900216,12,21,-9
117900217,30,40,-10
117900218,20,53,-33
117900219,0,81,-81
117900220,3,88,-85
117900222,104,57,47
117900223,48,209,-161
118000001,393,875,-482
118000002,409,967,-558
118000003,1111,2474,-1363
118000004,812,1185,-373
118000005,2101,2248,-147
118000006,981,2284,-1303
118000007,3295,6546,-3251
118000008,870,3841,-2971
118000009,911,1934,-1023
118000010,1523,2087,-564
118000011,1483,620,863
118000012,513,675,-162
118000013,909,1218,-309
118000014,892,721,171
118000016,144,126,18
118000017,378,288,90
118000018,196,147,49
118000019,788,1230,-442
118000020,247,1404,-1157
118000021,208,1462,-1254
118000022,702,409,293
118000023,313,234,79
118000024,429,457,-28
118000027,4096,4494,-398
118000029,477,783,-306
118000032,132,1343,-1211
118000033,1185,2437,-1252
118000034,1435,1301,134
118000035,991,1155,-164
118000036,476,384,92
118000037,307,525,-218
118000038,299,32,267
118000039,98,51,47
118000040,961,764,197
118000041,1566,810,756
118000045,76,223,-147
118000046,254,587,-333
118000047,263,867,-604
118000048,559,1456,-897
118000051,1391,1700,-309
118000052,788,975,-187
118000053,111,784,-673
118000054,1704,1015,689
118000055,996,830,166
118000056,46,220,-174
118000057,97,327,-230
118000058,799,2400,-1601
118000059,403,1916,-1513
118000060,673,366,307
118000061,734,666,68
118000062,296,130,166
118000063,147,711,-564
118000064,285,719,-434
118000065,1142,665,477
118000066,652,1494,-842
118000067,250,474,-224
118000068,340,6302,-5962
118000069,572,701,-129
118000070,2005,1537,468
118000071,1475,6162,-4687
118000072,366,2764,-2398
118000073,295,1354,-1059
118000074,319,981,-662
118000075,435,961,-526
118000076,1039,3605,-2566
118000077,598,539,59
118000078,1424,1439,-15
118000079,51,320,-269
118000080,241,292,-51
118000081,748,748,0
118000082,101,720,-619
118000083,680,1020,-340
118000084,730,1162,-432
118000086,154,302,-148
118000087,1832,1508,324
118000088,768,853,-85
118000089,1776,2347,-571
118000090,845,1764,-919
118000091,593,2394,-1801
118000092,355,275,80
118000093,72,442,-370
118000096,393,401,-8
118000097,274,326,-52
118000098,157,70,87
118000099,364,121,243
118000101,1277,183,1094
118000102,304,312,-8
118000107,590,117,473
118000108,179,2499,-2320
118000110,0,25,-25
118000111,1,189,-188
118000112,763,0,763
118000113,1,121,-120
118000114,620,6,614
118000115,3,3,0
118000116,2,0,2
118000117,355,355,0
118000118,681,661,20
118000119,744,749,-5
118000120,546,449,97
118000121,13,94,-81
118000122,120,97,23
118000123,64,134,-70
118000125,384,674,-290
118000126,418,1316,-898
118000127,558,577,-19
118000128,168,1110,-942
118000129,582,376,206
118000130,941,1590,-649
118000131,213,385,-172
118000132,1949,1785,164
118000133,964,402,562
118000135,327,435,-108
118000136,29,204,-175
118000137,174,78,96
118000138,282,125,157
118000139,280,88,192
118000140,1726,5941,-4215
118000141,2515,1014,1501
118000142,2007,1113,894
118000143,2518,977,1541
118000144,550,188,362
118000145,678,477,201
118000146,853,202,651
118000147,644,445,199
118000148,592,1651,-1059
118000149,524,219,305
118000150,672,78,594
118000151,688,102,586
118000153,1643,521,1122
118000154,1023,855,168
118000155,1762,568,1194
118000156,1073,2029,-956
118000157,270,198,72
118000158,88,425,-337
118000159,86,122,-36
118000160,641,245,396
118000161,486,213,273
118000162,780,789,-9
118000163,895,1007,-112
118000164,1526,1433,93
118000168,412,437,-25
118000169,321,473,-152
118000170,1380,1429,-49
118000171,240,267,-27
118000172,62,202,-140
118000173,497,983,-486
118000175,73,144,-71
118000176,299,193,106
118000177,226,250,-24
118000178,3,26,-23
118000179,479,394,85
118000180,471,245,226
118000181,367,95,272
118000182,155,57,98
118000183,180,76,104
118000184,1148,267,881
118000185,351,823,-472
118000186,252,755,-503
118000187,1321,185,1136
118000188,817,23,794
118000189,835,85,750
118000190,2,1,1
118000191,10,1,9
118000192,4,63,-59
118000193,7,168,-161
118000194,790,783,7
118000195,117,876,-759
118000196,11,169,-158
118000197,34,873,-839
118000198,258,1625,-1367
118000199,192,1372,-1180
118000200,29,213,-184
118000201,69,276,-207
118000202,18,90,-72
118000203,78,897,-819
118000204,8,190,-182
118000205,41,84,-43
118000206,170,83,87
118000207,0,33,-33
118000208,1059,1017,42
118000209,1684,683,1001
118000210,156,5,151
118000211,132,30,102
118000213,372,1563,-1191
118000214,81,198,-117
118000215,343,30,313
118000216,3804,831,2973
118000217,0,29,-29
118000218,62,19,43
118000219,164,70,94
118000220,6,32,-26
118000221,544,524,20
118000222,55,2,53
118000223,45,28,17
118000224,86,24,62
118000225,68,299,-231
118000226,845,62,783
118000227,175,163,12
118000228,5,120,-115
118000229,16,71,-55
118000230,28,74,-46
118000231,29,53,-24
118000232,440,134,306
118000233,922,319,603
118000234,344,51,293
118000236,237,138,99
118000237,107,104,3
118000238,257,38,219
118000239,346,171,175
118000240,48,92,-44
118000241,156,38,118
118000242,377,71,306
118000243,147,87,60
118000244,61,9,52
118000246,0,3,-3
118000255,19,127,-108
118000256,103,130,-27
118000259,5,71,-66
118000260,198,52,146
118000261,18,5,13
118000263,43,69,-26
118000266,65,108,-43
118000267,0,69,-69
118000268,66,4,62
118000270,113,2,111
118000271,153,58,95
118000272,116,4,112
118000273,227,24,203
118000274,64,82,-18
118000276,356,70,286
118000295,32,76,-44
118000298,126,72,54
118000299,28,68,-40
118000301,1,56,-55
118000302,46,8,38
118000311,1002,17,985
118000312,285,38,247
118000313,55,25,30
118000314,175,17,158
118000315,41,8,33
118000316,872,134,738
118000325,66,9,57
118000326,26,15,11
118000331,69,2,67
118000332,25,4,21
118000333,45,3,42
118000335,568,0,568
118000336,0,62,-62
118000407,371,53,318
118000457,9,27,-18
118000465,381,1615,-1234
118000480,12,21,-9
118000489,2,376,-374
118000490,3,125,-122
118000492,469,42,427
118000510,9,1,8
118000514,16,119,-103
118000515,332,614,-282
118000517,131,102,29
118000524,365,388,-23
118000525,150,266,-116
118000530,27,92,-65
118000531,360,104,256
118000532,86,118,-32
118000533,132,106,26
118000534,297,155,142
118000535,333,17,316
118000536,32,235,-203
118000537,46,22,24
118000538,19,21,-2
118000539,5,50,-45
118000540,152,61,91
118000541,38,53,-15
118000542,40,190,-150
118000543,121,107,14
118000546,77,7,70
118000553,0,0,0
118000560,369,1273,-904
118000562,45,35,10
118000563,1193,632,561
118000576,119,22,97
118000577,72,62,10
118000578,64,16,48
118000579,398,1038,-640
118000583,0,0,0
118000595,169,43,126
118000596,0,29,-29
118000597,78,67,11
118000598,7,1,6
118000599,165,5,160
118000600,0,7,-7
118000601,3,0,3
118000602,0,12,-12
118000603,0,1,-1
118900001,345,317,28
118900002,336,437,-101
118900003,488,7,481
118900004,45,5,40
118900005,38,4,34
118900006,77,8,69
118900007,1,0,1
118900008,386,18,368
118900009,79,107,-28
118900010,81,5,76
118900011,71,14,57
118900012,171,63,108
118900013,185,319,-134
118900015,255,5,250
118900016,0,3,-3
118900017,7,54,-47
118900018,578,52,526
118900019,0,1,-1
118900020,3,19,-16
118900021,62,127,-65
118900022,60,9,51
118900023,27,30,-3
118900024,41,26,15
118900025,2,43,-41
118900026,3,5,-2
118900027,175,79,96
118900028,130,42,88
118900029,109,74,35
118900030,684,5,679
118900031,69,22,47
118900032,121,31,90
118900033,201,225,-24
118900034,172,21,151
118900035,50,41,9
118900036,1015,179,836
118900037,102,284,-182
118900038,459,39,420
118900039,413,35,378
118900040,130,35,95
118900041,382,139,243
118900042,59,25,34
118900045,81,81,0
118900046,276,249,27
118900047,146,259,-113
118900048,12,286,-274
118900049,5,7,-2
118900050,33,2,31
118900051,27,20,7
118900052,53,362,-309
118900053,1,52,-51
118900054,100,26,74
118900055,141,25,116
118900056,3,55,-52
118900057,563,201,362
118900058,152,202,-50
118900059,1,47,-46
118900060,104,32,72
118900062,108,31,77
118900064,75,280,-205
118900065,5,81,-76
118900066,43,32,11
118900067,1403,3490,-2087
118900068,2,90,-88
118900069,664,34,630
118900071,0,8,-8
118900072,174,147,27
118900073,169,44,125
118900074,81,11,70
118900075,35,11,24
118900076,103,12,91
118900077,193,61,132
118900078,14,0,14
118900079,26,20,6
118900080,47,15,32
118900081,12,10,2
118900082,1111,80,1031
118900083,9,8,1
118900084,0,1,-1
118900085,277,108,169
118900086,16,30,-14
118900087,58,452,-394
118900088,1,1,0
118900089,6,16,-10
118900090,127,49,78
118900091,149,66,83
118900092,183,19,164
118900093,1,4,-3
118900096,4,0,4
118900097,155,130,25
118900099,54,50,4
118900100,18,35,-17
118900101,142,115,27
118900102,10,16,-6
118900103,5,79,-74
118900104,172,22,150
118900105,80,16,64
118900107,57,25,32
118900108,42,60,-18
118900110,376,572,-196
118900111,231,104,127
118900112,106,56,50
118900113,31,88,-57
118900114,4,10,-6
118900115,41,105,-64
118900116,61,53,8
118900117,95,39,56
118900118,232,66,166
118900119,59,115,-56
118900120,29,164,-135
118900121,36,330,-294
118900122,1,454,-453
118900123,49,81,-32
118900124,51,17,34
118900126,18,81,-63
118900129,152,32,120
118900130,1,55,-54
118900131,179,100,79
118900132,170,43,127
118900133,1,20,-19
118900135,123,73,50
118900136,213,85,128
118900137,2,22,-20
118900139,74,43,31
118900140,263,178,85
118900141,35,30,5
118900144,92,131,-39
118900145,1,58,-57
118900146,124,146,-22
118900147,46,102,-56
118900148,27,14,13
118900150,28,320,-292
118900152,279,221,58
118900157,15,31,-16
118900158,84,24,60
118900159,0,37,-37
118900161,34,36,-2
118900163,4,23,-19
118900164,0,6,-6
118900165,33,54,-21
118900166,17,1,16
118900167,19,41,-22
118900168,7,68,-61
118900169,129,198,-69
118900170,184,14,170
118900171,61,16,45
118900174,65,3,62
118900175,387,171,216
118900176,135,113,22
118900177,151,10,141
118900178,30,40,-10
118900179,0,2,-2
118900181,34,21,13
118900182,13,30,-17
118900183,1,76,-75
118900184,78,4,74
118900185,73,12,61
118900186,64,51,13
118900187,76,128,-52
118900188,89,84,5
118900189,9,295,-286
118900190,28,51,-23
118900191,272,5,267
118900192,325,3,322
118900193,1021,2,1019
118900195,119,155,-36
118900196,7,34,-27
118900197,358,3,355
118900198,24,14,10
118900199,47,3,44
118900200,27,20,7
118900201,12,23,-11
118900202,0,9,-9
118900203,28,0,28
118900204,7,0,7
118900205,0,8,-8
118900206,0,10,-10
119000001,1247,831,416
119000002,2608,1629,979
119000003,2620,433,2187
119000004,1784,1203,581
119000005,1601,1498,103
119000006,2538,995,1543
119000007,3260,2643,617
119000008,1016,719,297
119000009,1873,4242,-2369
119000010,2625,2875,-250
119000011,2060,1667,393
119000012,662,1928,-1266
119000013,3015,1821,1194
119000014,1051,1538,-487
119000019,172,125,47
119000020,1921,1376,545
119000021,3779,2575,1204
119000022,635,2043,-1408
119000023,156,153,3
119000024,1197,12193,-10996
119000025,1745,683,1062
119000026,29,571,-542
119000027,79,296,-217
119000028,1089,366,723
119000029,73,130,-57
119000030,422,469,-47
119000031,586,372,214
119000032,726,1056,-330
119000033,1381,535,846
119000034,861,294,567
119000035,12,56,-44
119000036,1842,211,1631
119000037,1034,396,638
119000038,129,283,-154
119000039,619,247,372
119000040,240,462,-222
119000041,589,1053,-464
119000048,1235,849,386
119000049,1527,689,838
119000050,526,958,-432
119000051,1201,576,625
119000052,959,1040,-81
119000053,1495,544,951
119000054,2079,656,1423
119000055,3858,731,3127
119000056,2964,795,2169
119000057,1015,448,567
119000058,665,473,192
119000059,541,358,183
119000060,1096,286,810
119000061,357,241,116
119000062,785,428,357
119000063,466,246,220
119000064,249,308,-59
119000065,634,1206,-572
119000066,1492,595,897
119000067,895,672,223
119000068,1141,330,811
119000069,1306,564,742
119000070,2128,276,1852
119000071,304,191,113
119000072,1986,1210,776
119000073,2703,5138,-2435
119000074,1253,653,600
119000075,3748,905,2843
119000076,87,465,-378
119000077,528,289,239
119000078,277,129,148
119000079,110,474,-364
119000080,431,69,362
119000081,179,207,-28
119000082,452,66,386
119000083,403,139,264
119000084,169,116,53
119000085,390,77,313
119000086,312,155,157
119000087,365,193,172
119000088,308,27,281
119000089,37,57,-20
119000090,52,52,0
119000091,63,172,-109
119000092,101,135,-34
119000093,1723,1060,663
119000094,3156,2347,809
119000095,1699,1395,304
119000097,618,496,122
119000098,722,3016,-2294
119000099,1000,511,489
119000100,3469,1643,1826
119000101,2037,875,1162
119000102,129,927,-798
119000103,472,255,217
119000104,513,262,251
119000105,673,1748,-1075
119000106,253,228,25
119000107,1139,375,764
119000108,435,322,113
119000109,89,191,-102
119000110,111,145,-34
119000111,21,267,-246
119000112,73,38,35
119000113,373,122,251
119000114,544,707,-163
119000115,32,94,-62
119000116,27,55,-28
119000117,57,152,-95
119000118,14,3,11
119000123,701,1693,-992
119000124,694,136,558
119000125,3615,425,3190
119000126,1390,367,1023
119000127,694,103,591
119000128,39,4,35
119000131,915,117,798
119000132,1,2,-1
119000133,0,1,-1
119000134,539,334,205
119000135,243,91,152
119000136,290,39,251
119000137,330,60,270
119000138,695,29,666
119000139,75,31,44
119000140,151,136,15
119000284,494,1012,-518
119000285,740,531,209
119000286,1854,1224,630
119000287,890,755,135
119000288,1118,277,841
119000289,571,491,80
119000290,105,162,-57
119000291,13,142,-129
119000293,137,170,-33
119000294,17,37,-20
119000295,552,190,362
119000296,306,96,210
119000299,0,0,0
119000302,600,792,-192
119000303,7,53,-46
119000314,1002,8892,-7890
119000315,0,46,-46
119000316,113,28,85
119000317,42,73,-31
119900001,75,428,-353
119900002,108,46,62
119900003,0,89,-89
119900004,32,1404,-1372
119900005,127,13,114
119900006,85,234,-149
119900007,218,182,36
119900008,35,41,-6
119900009,202,108,94
119900010,410,255,155
119900011,15,268,-253
119900012,1,68,-67
119900013,916,743,173
119900014,270,76,194
119900015,240,26,214
119900016,18,15,3
119900017,49,23,26
119900018,637,1136,-499
119900019,38,3,35
119900020,61,55,6
119900021,55,3,52
119900022,58,900,-842
119900023,141,1716,-1575
119900025,313,4,309
119900026,184,52,132
119900027,6,13,-7
119900028,106,136,-30
119900029,2,1,1
119900030,270,120,150
119900031,38,532,-494
119900033,337,184,153
119900034,515,17,498
119900037,137,7,130
119900038,4,196,-192
119900039,77,7,70
119900040,94,17,77
119900041,93,5,88
119900042,49,70,-21
119900043,116,20,96
119900044,72,532,-460
119900046,119,7,112
119900047,227,152,75
119900048,48,20,28
119900049,117,0,117
119900050,149,92,57
119900051,1233,8,1225
119900052,119,18,101
119900053,227,70,157
119900054,241,7,234
119900055,945,161,784
119900057,486,35,451
119900058,305,1,304
119900059,34,22,12
119900060,461,22,439
119900062,48,2,46
119900063,7,37,-30
119900065,274,0,274
119900066,0,0,0
119900067,48,7,41
119900068,666,2,664
119900069,139,0,139
119900070,643,1,642
119900071,920,26,894
119900073,572,73,499
119900074,21,37,-16
119900075,796,1047,-251
119900076,845,147,698
119900077,1134,137,997
119900078,635,305,330
119900079,490,48,442
119900080,1341,325,1016
119900081,482,34,448
119900082,1731,112,1619
119900083,145,21,124
119900084,196,45,151
119900085,33,32,1
119900087,62,137,-75
119900088,36,51,-15
119900089,9,80,-71
119900090,77,11,66
119900091,3,203,-200
119900092,11,180,-169
119900093,470,120,350
119900094,1,68,-67
119900095,78,28,50
119900096,56,32,24
119900097,28,158,-130
119900098,30,3,27
119900099,8,45,-37
119900100,435,1353,-918
119900101,43,380,-337
119900102,45,38,7
119900103,63,52,11
119900104,18,42,-24
119900105,343,810,-467
119900106,0,39,-39
119900107,85,589,-504
119900108,1483,288,1195
119900109,18,99,-81
119900110,357,86,271
119900111,136,60,76
119900112,490,508,-18
119900113,16,76,-60
119900114,161,181,-20
119900115,403,117,286
119900116,52,189,-137
119900117,112,133,-21
119900118,97,136,-39
119900119,175,47,128
119900120,156,216,-60
119900121,499,174,325
119900122,8,57,-49
119900123,76,87,-11
119900124,135,196,-61
119900125,1,55,-54
119900126,1048,125,923
119900127,326,220,106
119900128,217,136,81
119900129,209,98,111
119900130,2,18,-16
119900131,20,60,-40
119900132,82,43,39
119900133,48,24,24
119900134,237,43,194
119900135,0,58,-58
119900136,54,50,4
119900138,40,68,-28
119900139,8,66,-58
119900140,0,5,-5
119900141,21,430,-409
119900142,18,8,10
119900143,5,193,-188
119900144,381,40,341
119900145,15,46,-31
119900146,66,51,15
119900147,3,86,-83
119900148,452,5,447
119900149,148,3426,-3278
119900150,55,32,23
119900151,631,451,180
119900152,119,32,87
119900153,180,16,164
119900154,3,144,-141
119900155,33,6,27
119900156,5,0,5
119900157,131,46,85
119900158,147,32,115
119900159,1,180,-179
119900160,19,34,-15
119900161,85,29,56
119900162,721,456,265
119900163,40,74,-34
119900164,0,1,-1
119900165,144,21,123
119900166,115,9,106
119900167,1,12,-11
119900168,930,143,787
119900169,19,141,-122
119900170,110,68,42
119900171,273,203,70
119900172,15,1,14
119900173,0,70,-70
119900174,0,6,-6
119900175,1481,80,1401
119900177,3,33,-30
119900178,1,27,-26
119900179,151,1034,-883
119900180,751,262,489
119900181,22,26,-4
119900182,0,38,-38
119900183,16,242,-226
119900184,394,106,288
119900185,74,258,-184
119900186,11,908,-897
119900187,8,83,-75
119900188,73,109,-36
119900189,54,72,-18
119900190,44,176,-132
119900191,76,94,-18
119900192,3,58,-55
119900193,581,55,526
119900194,19,6,13
119900195,2,72,-70
119900196,92,80,12
119900197,291,61,230
119900198,67,96,-29
119900199,115,16,99
119900200,470,214,256
119900201,66,57,9
119900202,11,135,-124
119900203,38,288,-250
119900204,107,95,12
119900205,759,67,692
119900206,351,74,277
119900208,144,27,117
119900209,368,884,-516
119900210,43,16,27
119900211,38,2,36
119900212,260,117,143
119900213,8,31,-23
119900214,25,10,15
119900215,60,6,54
119900216,5,3,2
119900217,5,5,0
119900218,36,11,25
119900219,6,12,-6
119900220,1,27,-26
119900221,5,35,-30
119900222,1,23,-22
119900223,0,3,-3
119900224,3,2,1
119900225,125,8,117
119900226,101,1197,-1096
119900227,206,107,99
119900228,8,246,-238
119900229,38,60,-22
119900230,458,121,337
119900231,302,31,271
119900232,80,16,64
119900233,136,4,132
119900234,3,19,-16
119900235,8,8,0
119900236,13,15,-2
119900237,26,126,-100
119900238,4,35,-31
119900240,54,83,-29
119900241,150,84,66
119900242,699,676,23
119900244,187,410,-223
119900245,72,111,-39
119900246,94,148,-54
119900247,12,13,-1
119900248,15,220,-205
119900249,263,25,238
119900253,663,323,340
119900254,58,671,-613
119900255,50,242,-192
119900256,1029,289,740
119900257,168,4,164
119900258,263,16,247
119900259,6,28,-22
119900260,248,9,239
119900261,201,31,170
119900262,1,39,-38
119900263,557,68,489
119900264,115,24,91
119900265,396,110,286
119900266,349,29,320
119900267,79,89,-10
119900268,66,40,26
119900269,646,285,361
119900271,3,12,-9
119900272,41,48,-7
119900275,79,12,67
119900276,127,7,120
119900277,15,8,7
119900278,230,58,172
119900279,63,163,-100
119900280,230,16,214
119900281,0,204,-204
119900282,16,57,-41
119900283,5,46,-41
119900284,4,53,-49
119900285,0,100,-100
119900286,0,7,-7
119900288,0,0,0
119900289,14,2,12
119900290,2,4,-2
119900291,1,10,-9
119900292,12,47,-35
119900293,17,11,6
119900294,5,1,4
119900295,0,0,0
119900296,0,0,0
119900299,19,40,-21
119900300,249,79,170
119900301,12,99,-87
119900302,10,66,-56
119900303,313,135,178
119900304,119,1,118
119900305,1,11,-10
119900306,8,1,7
119900307,91,17,74
119900308,2,2,0
119900309,31,129,-98
119900310,80,71,9
119900311,125,13,112
119900312,88,7,81
119900313,58,105,-47
119900314,172,185,-13
119900315,2118,587,1531
119900318,6,85,-79
119900319,11,100,-89
119900320,200,166,34
119900321,131,2,129
119900322,0,41,-41
119900323,0,52,-52
119900324,1,11,-10
119900325,178,56,122
119900326,21,14,7
120000001,5169,17836,-12667
120000002,1988,1119,869
120000003,1188,493,695
120000004,1499,661,838
120000005,1550,547,1003
120000006,708,349,359
120000007,1399,2146,-747
120000008,578,438,140
120000009,957,474,483
120000010,1325,949,376
120000011,518,578,-60
120000012,1159,878,281
120000013,2594,1348,1246
120000014,497,622,-125
120000015,1920,795,1125
120000016,2977,1646,1331
120000017,2733,2350,383
120000018,2244,11806,-9562
120000019,663,769,-106
120000020,1481,2259,-778
120000021,1322,934,388
120000022,2567,3301,-734
120000023,1090,891,199
120000024,752,1088,-336
120000025,2181,830,1351
120000026,3049,1242,1807
120000027,1897,1523,374
120000028,631,553,78
120000029,521,763,-242
120000030,104,431,-327
120000031,1264,2914,-1650
120000032,2394,1201,1193
120000033,2494,501,1993
120000034,2550,349,2201
120000035,2500,538,1962
120000036,1992,2485,-493
120000037,458,1414,-956
120000038,1673,1399,274
120000039,239,1069,-830
120000040,23,1769,-1746
120000041,363,580,-217
120000042,1371,703,668
120000043,3665,572,3093
120000044,5346,1271,4075
120000045,6489,426,6063
120000046,4680,3142,1538
120000047,272,4080,-3808
120000048,4276,1937,2339
120000049,2974,1162,1812
120000050,1821,1716,105
120000051,1400,2317,-917
120000052,4138,651,3487
120000053,703,1057,-354
120000054,754,1951,-1197
120000055,949,1351,-402
120000056,2386,1721,665
120000057,2616,495,2121
120000058,872,468,404
120000059,21,1602,-1581
120000061,29,318,-289
120000062,66,174,-108
120000063,299,860,-561
120000064,257,490,-233
120000065,246,483,-237
120000066,155,173,-18
120000067,31,218,-187
120000068,157,205,-48
120000069,425,174,251
120000070,156,255,-99
120000071,894,57,837
120000072,1101,242,859
120000073,1143,45,1098
120000074,95,41,54
120000075,1048,123,925
120000076,2399,207,2192
120000077,2231,205,2026
120000078,1553,458,1095
120000079,328,78,250
120000080,103,87,16
120000081,377,58,319
120000082,421,143,278
120000083,56,681,-625
120000084,197,192,5
120000085,135,226,-91
120000086,129,205,-76
120000087,175,144,31
120000088,532,323,209
120000089,551,154,397
120000090,433,179,254
120000091,1171,276,895
120000092,866,207,659
120000093,842,225,617
120000094,324,315,9
120000095,358,123,235
120000096,248,227,21
120000098,506,283,223
120000099,135,312,-177
120000100,400,293,107
120000101,331,124,207
120000102,470,950,-480
120000103,954,587,367
120000104,2074,210,1864
120000105,2412,94,2318
120000106,3146,158,2988
120000107,5141,174,4967
120000108,1834,84,1750
120000109,907,42,865
120000110,15,344,-329
120000111,64,299,-235
120000112,264,882,-618
120000113,133,687,-554
120000114,200,519,-319
120000115,140,530,-390
120000116,146,570,-424
120000117,379,528,-149
120000118,47,11,36
120000119,2,10,-8
120000120,132,122,10
120000121,9,5,4
120000122,108,582,-474
120000123,1553,8169,-6616
120000124,390,197,193
120000125,791,327,464
120000126,208,405,-197
120000127,358,269,89
120000128,1048,1503,-455
120000129,125,137,-12
120000130,450,191,259
120000131,421,207,214
120000134,130,172,-42
120000135,907,431,476
120000137,172,220,-48
120000138,1395,80,1315
120000139,212,114,98
120000140,1546,93,1453
120000141,320,189,131
120000142,720,258,462
120000143,1,57,-56
120000144,67,8,59
120000145,533,0,533
120000146,535,805,-270
120000149,255,235,20
120000150,664,7867,-7203
120000151,477,140,337
120000152,1036,87,949
120000153,394,135,259
120000154,290,340,-50
120000155,176,187,-11
120000156,237,1433,-1196
120000157,880,185,695
120000158,493,189,304
120000159,983,743,240
120000160,1502,1541,-39
120000161,2700,1754,946
120000162,125,333,-208
120000163,563,164,399
120000164,545,51,494
120000165,957,179,778
120000166,1699,215,1484
120000167,38,87,-49
120000168,0,245,-245
120000169,7,641,-634
120000170,13,492,-479
120000171,2,223,-221
120000172,4,137,-133
120000173,158,238,-80
120000174,21,60,-39
120000175,39,25,14
120000176,26,26,0
120000177,228,46,182
120000178,51,18,33
120000179,41,31,10
120000180,73,53,20
120000181,22,348,-326
120000182,38,426,-388
120000183,3,185,-182
120000184,24,501,-477
120000186,8,313,-305
120000187,22,84,-62
120000188,36,163,-127
120000190,124,38,86
120000191,130,49,81
120000192,88,8,80
120000193,58,0,58
120000195,2,0,2
120000196,76,6,70
120000197,13,21,-8
120000198,263,2,261
120000199,321,0,321
120000200,261,0,261
120000201,31,73,-42
120000202,1,28,-27
120000203,72,25,47
120000207,0,23,-23
120000208,7,38,-31
120000209,0,3,-3
120000210,9,11,-2
120000211,258,3,255
120000212,248,1,247
120000213,184,63,121
120000214,1,21,-20
120000215,0,23,-23
120000216,133,9,124
120000217,181,247,-66
120000218,24,217,-193
120000219,1,243,-242
120000220,9,556,-547
120000225,2802,1,2801
120000226,498,8,490
120000227,855,101,754
120000228,5217,2882,2335
120000230,331,24,307
120000231,1282,315,967
120000233,522,4,518
120000235,102,163,-61
120000236,1274,0,1274
120000237,0,416,-416
120000238,1,159,-158
120000241,992,2578,-1586
120000412,235,16,219
120000413,418,47,371
120000414,231,12,219
120000415,0,14,-14
120000416,121,0,121
120000417,1,116,-115
120000418,419,1,418
120000419,7,32,-25
120000420,19,5,14
120000421,4174,2444,1730
120000422,91,1598,-1507
120000423,1,53,-52
120000424,80,15,65
120000436,78,1163,-1085
120000437,37,53,-16
120000438,886,126,760
120000439,118,453,-335
120000443,173,0,173
120000444,1593,193,1400
120000445,1388,739,649
120000446,277,147,130
120000447,485,3,482
120000449,195,0,195
120000450,1,53,-52
120000451,105,75,30
120000452,158,6,152
120000453,0,17,-17
120000454,11,35,-24
120000455,43,31,12
120000456,697,2454,-1757
120000457,260,177,83
120000458,197,140,57
120000459,135,16,119
120000665,95,202,-107
120000668,48,638,-590
120000669,134,88,46
120000670,52,257,-205
120000671,1135,547,588
120000672,9,160,-151
120900001,181,9,172
120900002,83,204,-121
120900003,71,7,64
120900004,6,62,-56
120900005,11,171,-160
120900006,540,54,486
120900007,36,42,-6
120900008,556,203,353
120900009,180,18,162
120900010,671,68,603
120900011,6,115,-109
120900012,31,1027,-996
120900013,411,91,320
120900014,0,91,-91
120900015,1126,33,1093
120900016,1721,35,1686
120900017,945,42,903
120900018,121,108,13
120900019,309,214,95
120900020,319,439,-120
120900021,643,30,613
120900022,2,57,-55
120900023,675,35,640
120900024,772,168,604
120900025,443,345,98
120900026,32,105,-73
120900027,175,23,152
120900028,663,91,572
120900029,10,840,-830
120900030,1928,288,1640
120900031,529,115,414
120900032,1663,72,1591
120900033,1249,45,1204
120900034,9,1819,-1810
120900035,31,65,-34
120900037,340,5,335
120900038,78,607,-529
120900039,142,34,108
120900040,588,2,586
120900041,7,10,-3
120900042,487,28,459
120900043,60,14,46
120900044,6,190,-184
120900045,24,15,9
120900046,739,2,737
120900047,107,262,-155
120900048,128,17,111
120900049,813,1,812
120900050,377,2238,-1861
120900051,275,48,227
120900052,1179,1,1178
120900053,404,33,371
120900054,350,62,288
120900055,647,0,647
120900056,812,19,793
120900057,241,20,221
120900058,879,0,879
120900059,107,0,107
120900060,49,12,37
120900061,97,26,71
120900062,324,1,323
120900063,971,2,969
120900064,948,3,945
120900065,1103,2,1101
120900066,805,60,745
120900067,164,43,121
120900068,507,0,507
120900069,350,6,344
120900071,33,0,33
120900072,1152,5,1147
120900073,906,54,852
120900074,762,20,742
120900076,531,0,531
120900077,664,295,369
120900078,740,106,634
120900079,1084,37,1047
120900080,1418,307,1111
120900081,2075,168,1907
120900082,213,166,47
120900083,153,2,151
120900084,308,473,-165
120900085,14,34,-20
120900086,19,410,-391
120900087,533,118,415
120900088,131,831,-700
120900089,887,3303,-2416
120900090,210,21,189
120900091,153,618,-465
120900092,83,128,-45
120900093,647,70,577
120900094,78,55,23
120900095,122,5,117
120900096,46,113,-67
120900097,279,284,-5
120900098,101,50,51
120900099,28,21,7
120900100,20,44,-24
120900101,29,58,-29
120900102,17,12,5
120900103,54,87,-33
120900104,5,21,-16
120900105,1,82,-81
120900106,226,67,159
120900107,174,66,108
120900108,7,116,-109
120900109,7,105,-98
120900110,8,70,-62
120900111,46,78,-32
120900112,7,190,-183
120900113,8,130,-122
120900114,21,44,-23
120900115,85,121,-36
120900116,571,73,498
120900117,4,123,-119
120900118,19,195,-176
120900119,3001,1233,1768
120900120,21,167,-146
120900121,34,154,-120
120900122,877,122,755
120900123,2,79,-77
120900124,8,150,-142
120900125,1,205,-204
120900126,179,213,-34
120900127,4,87,-83
120900128,110,305,-195
120900129,82,81,1
120900130,36,162,-126
120900131,30,25,5
120900132,1057,98,959
120900133,31,179,-148
120900134,13,120,-107
120900135,18,188,-170
120900136,17,53,-36
120900137,434,38,396
120900138,0,146,-146
120900139,2,251,-249
120900140,1,99,-98
120900141,217,46,171
120900142,0,142,-142
120900143,0,335,-335
120900144,0,66,-66
120900145,33,228,-195
120900146,0,151,-151
120900147,2,3,-1
120900148,68,46,22
120900149,1,81,-80
120900150,45,72,-27
120900151,0,74,-74
120900152,0,0,0
120900153,16,0,16
120900154,0,50,-50
120900155,190,177,13
120900156,86,62,24
120900157,1,0,1
120900158,42,127,-85
120900159,0,52,-52
120900160,3,176,-173
120900161,35,449,-414
120900162,8,231,-223
120900163,22,304,-282
120900164,3,28,-25
120900165,0,39,-39
120900166,24,288,-264
120900167,56,46,10
120900169,109,168,-59
120900170,158,4127,-3969
120900171,295,76,219
120900172,61,556,-495
120900173,0,8,-8
120900174,6,53,-47
120900175,56,20,36
120900176,4,322,-318
120900177,2,1278,-1276
120900178,0,618,-618
120900179,74,38,36
120900180,27,101,-74
120900181,7,4,3
120900182,17,30,-13
120900183,438,89,349
120900184,39,46,-7
120900185,141,657,-516
120900186,0,101,-101
120900187,595,163,432
120900188,325,26,299
120900189,31,2429,-2398
120900190,130,11,119
120900191,61,3,58
120900192,3400,10140,-6740
120900194,71,26,45
120900195,49,70,-21
120900196,154,17,137
120900197,734,39,695
120900198,73,224,-151
120900199,192,287,-95
120900200,19,93,-74
120900201,213,42,171
120900202,1,64,-63
120900203,31,13,18
120900204,65,66,-1
120900205,67,13,54
120900206,56,15,41
120900207,4,339,-335
121000001,538,589,-51
121000002,948,1231,-283
121000003,2743,1343,1400
121000004,930,2148,-1218
121000005,1880,2411,-531
121000006,1057,1882,-825
121000007,1360,2368,-1008
121000008,1859,2639,-780
121000009,2892,3917,-1025
121000010,2617,2433,184
121000011,2966,4049,-1083
121000012,5768,2499,3269
121000013,3185,3232,-47
121000014,2715,1762,953
121000015,2887,4140,-1253
121000016,2141,1566,575
121000017,1293,1699,-406
121000018,1793,1042,751
121000019,3397,4478,-1081
121000020,5157,9486,-4329
121000021,829,867,-38
121000022,1039,2040,-1001
121000023,1127,450,677
121000024,2612,2841,-229
121000025,166,603,-437
121000026,68,75,-7
121000027,874,809,65
121000028,330,458,-128
121000029,360,388,-28
121000030,249,253,-4
121000031,196,260,-64
121000032,56,102,-46
121000034,123,168,-45
121000035,55,143,-88
121000036,597,503,94
121000037,235,877,-642
121000038,164,568,-404
121000039,51,188,-137
121000041,134,355,-221
121000042,135,271,-136
121000043,239,598,-359
121000044,397,453,-56
121000045,239,229,10
121000046,384,465,-81
121000047,19,183,-164
121000049,549,846,-297
121000050,67,1481,-1414
121000051,391,151,240
121000052,243,1335,-1092
121000053,136,104,32
121000054,12,214,-202
121000055,430,841,-411
121000056,532,879,-347
121000057,48,124,-76
121000058,170,39,131
121000059,2650,616,2034
121000060,498,796,-298
121000061,12,481,-469
121000062,46,212,-166
121000063,550,910,-360
121000064,453,484,-31
121000065,136,293,-157
121000066,277,401,-124
121000067,168,247,-79
121000068,300,487,-187
121000069,91,1037,-946
121000070,496,557,-61
121000071,854,1277,-423
121000072,419,269,150
121000073,472,830,-358
121000074,32,124,-92
121000075,3,46,-43
121000076,205,101,104
121000077,43,69,-26
121000078,45,183,-138
121000080,693,230,463
121000081,897,2092,-1195
121000082,64,155,-91
121000083,86,54,32
121000084,92,167,-75
121000085,156,172,-16
121000086,254,267,-13
121000087,21,129,-108
121000088,241,182,59
121000089,43,224,-181
121000090,123,249,-126
121000091,517,436,81
121000092,78,19,59
121000093,186,50,136
121000094,187,316,-129
121000095,92,506,-414
121000096,2697,546,2151
121000097,198,661,-463
121000098,135,171,-36
121000099,434,174,260
121000100,597,157,440
121000101,200,60,140
121000102,201,57,144
121000103,86,103,-17
121000104,133,24,109
121000105,146,59,87
121000106,133,93,40
121000107,866,1246,-380
121000109,567,771,-204
121000110,59,464,-405
121000114,1614,1301,313
121000115,333,190,143
121000116,127,157,-30
121000117,235,105,130
121000118,1069,52,1017
121000119,205,185,20
121000120,143,455,-312
121000121,413,2111,-1698
121000123,208,110,98
121000126,15,265,-250
121000127,65,120,-55
121000128,696,116,580
121000129,707,174,533
121000130,241,1063,-822
121000131,560,596,-36
121000132,139,649,-510
121000135,167,523,-356
121000136,298,1136,-838
121000137,165,216,-51
121000138,211,2425,-2214
121000139,49,394,-345
121000141,187,77,110
121000142,229,437,-208
121000143,7,13,-6
121000144,192,830,-638
121000145,315,410,-95
121000146,569,672,-103
121000147,658,249,409
121000148,349,282,67
121000149,1291,950,341
121000152,113,135,-22
121000153,1016,226,790
121000154,694,287,407
121000155,1221,410,811
121000156,268,451,-183
121000157,315,470,-155
121000158,162,208,-46
121000159,183,209,-26
121000160,309,111,198
121000161,193,204,-11
121000162,99,48,51
121000165,451,1469,-1018
121000166,13,299,-286
121000168,246,290,-44
121000169,17,66,-49
121000170,130,71,59
121000171,125,62,63
121000172,485,413,72
121000173,1345,754,591
121000174,410,502,-92
121000175,929,240,689
121000176,300,152,148
121000177,368,263,105
121000178,87,12,75
121000179,49,27,22
121000181,105,195,-90
121000182,227,345,-118
121000183,22,361,-339
121000184,19,327,-308
121000185,36,354,-318
121000186,147,520,-373
121000187,139,56,83
121000188,165,26,139
121000192,445,258,187
121000193,347,121,226
121000194,861,1171,-310
121000195,203,607,-404
121000196,349,185,164
121000197,47,164,-117
121000198,69,116,-47
121000199,210,142,68
121000200,391,66,325
121000201,3,169,-166
121000202,445,57,388
121000203,358,450,-92
121000204,2348,298,2050
121000205,165,285,-120
121000206,50,166,-116
121000207,1696,779,917
121000208,4,227,-223
121000209,887,90,797
121000210,669,202,467
121000211,230,55,175
121000212,272,305,-33
121000213,5373,1537,3836
121000214,337,1159,-822
121000215,541,689,-148
121000216,255,447,-192
121000217,1823,2295,-472
121000218,303,754,-451
121000219,796,269,527
121000220,127,60,67
121000221,348,414,-66
121000222,3448,2257,1191
121000223,161,372,-211
121000224,92,285,-193
121000225,201,4866,-4665
121000226,648,1622,-974
121000227,24,67,-43
121000228,22,232,-210
121000229,65,216,-151
121000230,66,756,-690
121000231,1343,47,1296
121000232,116,114,2
121000233,479,203,276
121000234,1,82,-81
121000235,32,138,-106
121000236,1,38,-37
121000237,8,12,-4
121000238,1,24,-23
121000239,52,11,41
121000240,1,88,-87
121000241,88,4,84
121000242,2,108,-106
121000243,124,25,99
121000244,0,21,-21
121000245,27,3,24
121000246,0,56,-56
121000247,135,0,135
121000248,201,188,13
121000249,38,182,-144
121000250,467,576,-109
121000251,21,211,-190
121000252,70,84,-14
121000253,212,437,-225
121000254,707,202,505
121000255,51,466,-415
121000256,256,405,-149
121000257,7,184,-177
121000258,34,316,-282
121000259,14,82,-68
121000260,4,75,-71
121000261,25,291,-266
121000262,430,312,118
121000263,234,203,31
121000271,193,649,-456
121000273,14,11,3
121000274,2,179,-177
121000275,3,7,-4
121000276,1,107,-106
121000278,54,10,44
121000279,4,54,-50
121000280,14,207,-193
121000289,154,33,121
121000290,417,577,-160
121000294,172,53,119
121000297,152,520,-368
121000299,62,859,-797
121000300,629,409,220
121000302,5,342,-337
121000303,183,85,98
121000304,253,20,233
121000305,166,40,126
121000306,138,63,75
121000308,22,72,-50
121000309,97,131,-34
121000310,67,72,-5
121000311,19,142,-123
121000312,302,205,97
121000313,69,113,-44
121000314,0,1,-1
121000315,4,34,-30
121000530,1327,694,633
121000531,1318,859,459
121000532,2675,4261,-1586
121000533,2196,1438,758
121000918,61,105,-44
121000919,11,79,-68
121000938,10,95,-85
121000939,22,143,-121
121000956,1462,717,745
121000957,6,20,-14
121000958,4,118,-114
121000959,915,281,634
121000960,989,598,391
121000961,270,23,247
121000962,105,114,-9
121000963,0,0,0
121000973,0,181,-181
121000976,5,45,-40
121000979,151,274,-123
121000981,247,25,222
121000982,327,183,144
121000983,275,77,198
121000984,0,31,-31
121000985,864,270,594
121000986,509,130,379
121000987,77,238,-161
121000988,863,55,808
121001302,83,19,64
121001308,0,6,-6
121001309,15,327,-312
121001313,120,194,-74
121001314,593,1254,-661
121001315,3282,2223,1059
121900001,89,245,-156
121900002,55,10,45
121900003,124,5,119
121900004,28,193,-165
121900005,39,18,21
121900006,42,1,41
121900007,2107,690,1417
121900008,43,34,9
121900009,636,79,557
121900010,64,2,62
121900011,166,73,93
121900012,16,1,15
121900013,65,20,45
121900014,721,145,576
121900015,110,55,55
121900016,1,8,-7
121900017,185,301,-116
121900018,182,1,181
121900019,165,54,111
121900020,12,2,10
121900021,781,15,766
121900022,91,67,24
121900023,95,325,-230
121900024,96,49,47
121900025,272,134,138
121900026,36,23,13
121900027,187,149,38
121900028,129,2,127
121900029,27,447,-420
121900030,135,176,-41
121900031,181,3305,-3124
121900032,57,17,40
121900033,73,106,-33
121900034,187,66,121
121900035,1478,775,703
121900036,109,236,-127
121900037,45,1123,-1078
121900038,21,13,8
121900039,100,8,92
121900040,28,14,14
121900041,33,273,-240
121900042,315,79,236
121900043,1,0,1
121900044,13,42,-29
121900046,68,74,-6
121900047,35,33,2
121900048,26,29,-3
121900050,28,1,27
121900051,113,191,-78
121900052,34,58,-24
121900053,306,216,90
121900054,133,401,-268
121900055,0,28,-28
121900058,150,15,135
121900059,70,33,37
121900060,91,200,-109
121900061,74,1114,-1040
121900062,149,58,91
121900063,986,223,763
121900064,176,211,-35
121900066,18,33,-15
121900067,0,1,-1
121900069,72,65,7
121900070,67,176,-109
121900071,425,102,323
121900072,16,23,-7
121900073,32,119,-87
121900074,233,343,-110
121900075,140,434,-294
121900076,219,153,66
121900077,2,4,-2
121900078,30,36,-6
121900079,0,0,0
121900080,227,116,111
121900082,68,25,43
121900084,17,9,8
121900085,2,8,-6
121900086,18,28,-10
121900087,19,42,-23
121900088,427,571,-144
121900089,110,92,18
121900090,25,8,17
121900091,11,2,9
121900092,116,71,45
121900093,70,28,42
121900094,0,0,0
121900095,177,72,105
121900096,454,371,83
121900097,257,41,216
121900098,2,0,2
121900099,161,14,147
121900100,9,64,-55
121900101,41,19,22
121900102,2,19,-17
121900103,169,150,19
121900104,862,157,705
121900105,88,71,17
121900106,0,1,-1
121900107,45,19,26
121900108,0,0,0
121900109,98,35,63
121900110,348,128,220
121900111,87,73,14
121900112,12,23,-11
121900113,16,110,-94
121900114,10,1,9
121900117,5,11,-6
121900118,321,71,250
121900119,112,15,97
121900120,40,253,-213
121900121,41,2,39
121900122,46,44,2
121900123,70,88,-18
121900124,37,25,12
121900125,764,320,444
121900127,11,99,-88
121900128,18,5,13
121900129,61,19,42
121900130,28,2204,-2176
121900131,60,3,57
121900132,3,18,-15
121900133,1,282,-281
121900134,8,221,-213
121900135,4584,351,4233
121900136,39,69,-30
121900137,4,56,-52
121900138,34,42,-8
121900139,188,934,-746
121900140,6,4,2
121900141,39,3,36
121900142,17,12,5
121900143,21,28,-7
121900144,57,88,-31
121900145,63,143,-80
121900146,63,46,17
121900147,19,29,-10
121900148,30,48,-18
121900149,55,28,27
121900150,56,23,33
121900151,17,43,-26
121900152,41,5,36
121900153,0,106,-106
121900154,0,34,-34
121900155,0,47,-47
121900156,5,9,-4
121900157,0,30,-30
121900158,6,5,1
121900159,0,14,-14
121900160,21,21,0
121900161,32,85,-53
121900162,0,21,-21
121900163,221,78,143
121900164,88,99,-11
121900165,70,56,14
121900166,110,44,66
121900167,74,12,62
121900168,43,29,14
121900169,0,3,-3
121900170,0,19,-19
121900171,478,144,334
121900172,119,58,61
121900173,167,117,50
121900174,87,12,75
121900175,11,87,-76
121900176,192,622,-430
121900177,20,8,12
121900178,3,4,-1
121900179,87,241,-154
121900180,746,3871,-3125
121900182,391,392,-1
121900183,122,1123,-1001
121900184,26,936,-910
121900186,3,200,-197
121900187,4,11,-7
121900188,415,37,378
121900189,19,12,7
121900190,44,329,-285
121900191,41,127,-86
121900192,99,548,-449
121900193,3,43,-40
121900194,1,90,-89
121900195,0,24,-24
121900196,70,538,-468
121900197,116,403,-287
121900198,3084,623,2461
121900199,0,20,-20
121900200,3,46,-43
121900201,215,252,-37
121900202,22,278,-256
121900203,34,331,-297
121900204,202,442,-240
121900205,8,39,-31
121900206,1,41,-40
121900207,3,11,-8
121900208,29,296,-267
121900209,17,29,-12
121900210,796,427,369
121900211,12,28,-16
121900212,18,25,-7
121900213,164,9,155
121900214,0,219,-219
121900215,16,102,-86
121900216,10,136,-126
121900217,114,116,-2
121900218,84,255,-171
121900220,47,7,40
121900221,197,169,28
121900222,102,5,97
121900223,29,8,21
121900224,39,17,22
121900225,41,91,-50
121900226,106,18,88
121900227,105,304,-199
121900228,38,40,-2
121900230,39,126,-87
121900231,35,150,-115
121900232,36,132,-96
121900233,41,29,12
121900234,88,76,12
121900235,266,68,198
121900236,126,11,115
121900237,24,85,-61
121900238,47,98,-51
121900239,55,16,39
121900240,112,53,59
121900241,0,28,-28
121900242,0,0,0
121900243,0,0,0
121900244,1,0,1
121900245,58,15,43
121900246,1830,124,1706
121900247,171,53,118
121900248,357,273,84
121900250,86,234,-148
121900251,228,13,215
121900252,141,65,76
121900253,15,254,-239
121900254,73,161,-88
121900255,260,41,219
121900258,2311,791,1520
121900259,59,154,-95
121900260,69,20,49
121900261,19,159,-140
121900262,45,117,-72
121900263,81,75,6
121900264,217,141,76
121900265,126,29,97
121900266,292,48,244
121900267,56,29,27
121900269,140,307,-167
121900270,51,144,-93
121900271,3,189,-186
121900273,251,1158,-907
121900274,247,55,192
121900277,78,213,-135
121900278,66,255,-189
121900279,58,61,-3
121900280,26,125,-99
121900281,38,155,-117
121900284,5,0,5
121900286,161,42,119
121900287,1,13,-12
121900288,0,1,-1
121900290,37,230,-193
121900291,298,214,84
121900292,54,66,-12
121900293,380,1163,-783
121900294,92,1,91
121900295,34,16,18
121900296,96,97,-1
121900298,44,479,-435
121900299,0,60,-60
121900300,6,5,1
121900301,4,1,3
121900302,2,52,-50
121900303,22,65,-43
121900304,0,11,-11
121900305,0,3,-3
121900306,208,1,207
121900307,114,2,112
121900308,0,24,-24
121900309,2,19,-17
121900310,5,93,-88
121900311,372,5,367
121900312,236,8,228
121900313,278,11,267
121900314,1,1,0
121900315,13,0,13
121900316,0,0,0
121900317,9,9,0
121900318,0,0,0
121900319,52,76,-24
121900320,0,0,0
121900321,39,0,39
121900322,0,0,0
121900323,4,23,-19
121900324,0,5,-5
121900325,9,0,9
121900326,0,0,0
121900327,0,7,-7
121900328,0,2,-2
121900329,0,12,-12
121900330,0,53,-53
121900331,0,67,-67
121900332,47,26,21
121900333,34,1,33
122000001,494,1141,-647
122000002,1026,282,744
122000003,420,814,-394
122000004,559,424,135
122000005,1781,1682,99
122000006,297,586,-289
122000007,215,716,-501
122000008,478,942,-464
122000009,112,164,-52
122000010,1327,1236,91
122000011,899,503,396
122000012,341,681,-340
122000013,183,789,-606
122000014,1755,490,1265
122000015,557,423,134
122000016,312,343,-31
122000017,432,784,-352
122000018,841,891,-50
122000019,488,964,-476
122000020,122,233,-111
122000021,67,175,-108
122000022,283,527,-244
122000023,171,598,-427
122000024,206,640,-434
122000025,360,570,-210
122000026,236,467,-231
122000027,280,345,-65
122000028,406,368,38
122000029,153,224,-71
122000030,97,29,68
122000031,45,499,-454
122000032,1067,798,269
122000033,156,646,-490
122000034,107,471,-364
122000035,115,200,-85
122000036,172,138,34
122000037,182,171,11
122000038,89,200,-111
122000039,225,212,13
122000040,187,84,103
122000041,261,675,-414
122000042,318,519,-201
122000043,48,56,-8
122000044,34,73,-39
122000045,465,375,90
122000046,440,291,149
122000047,30,63,-33
122000048,1060,2056,-996
122000049,2795,1560,1235
122000050,257,471,-214
122000051,91,531,-440
122000052,226,538,-312
122000053,157,1327,-1170
122000054,1227,862,365
122000055,1300,1955,-655
122000056,1366,1107,259
122000057,1114,1954,-840
122000058,355,828,-473
122000059,368,1025,-657
122000060,186,267,-81
122000061,188,174,14
122000062,343,162,181
122000063,133,517,-384
122000064,1722,3004,-1282
122000065,1390,1505,-115
122000066,284,553,-269
122000067,491,1136,-645
122000068,923,920,3
122000069,449,233,216
122000070,383,818,-435
122000071,1543,750,793
122000072,153,209,-56
122000073,68,372,-304
122000074,1088,763,325
122000075,414,419,-5
122000076,1509,677,832
122000077,346,844,-498
122000078,349,1067,-718
122000079,162,908,-746
122000080,160,227,-67
122000081,21,148,-127
122000082,191,650,-459
122000083,1890,674,1216
122000084,1427,590,837
122000085,68,213,-145
122000086,1174,3688,-2514
122000087,188,231,-43
122000088,69,243,-174
122000089,1868,1390,478
122000090,162,603,-441
122000091,87,267,-180
122000092,46,33,13
122000093,731,2064,-1333
122000094,2713,1405,1308
122000095,403,1784,-1381
122000096,333,947,-614
122000098,1512,2361,-849
122000099,187,919,-732
122000100,367,244,123
122000101,143,187,-44
122000102,798,469,329
122000103,506,789,-283
122000104,332,139,193
122000105,143,207,-64
122000106,221,523,-302
122000107,719,415,304
122000108,224,260,-36
122000109,190,151,39
122000110,183,297,-114
122000111,1029,687,342
122000112,546,896,-350
122000113,263,192,71
122000114,574,1728,-1154
122000115,1038,1148,-110
122000116,63,228,-165
122000117,284,180,104
122000118,547,113,434
122000119,546,385,161
122000120,370,584,-214
122000121,435,520,-85
122000122,160,384,-224
122000123,440,790,-350
122000124,163,172,-9
122000125,69,353,-284
122000126,105,256,-151
122000127,176,176,0
122000128,173,152,21
122000129,121,952,-831
122000130,937,361,576
122000131,398,113,285
122000132,169,98,71
122000133,462,304,158
122000134,466,565,-99
122000135,295,162,133
122000136,315,274,41
122000137,976,259,717
122000139,425,1192,-767
122000140,88,422,-334
122000141,1806,592,1214
122000142,89,549,-460
122000143,195,122,73
122000144,843,227,616
122000145,360,271,89
122000146,158,946,-788
122000147,185,211,-26
122000148,219,496,-277
122000149,847,237,610
122000150,829,370,459
122000151,28,53,-25
122000152,100,79,21
122000153,190,131,59
122000154,66,59,7
122000155,557,947,-390
122000156,2406,1830,576
122000157,424,2486,-2062
122000158,114,261,-147
122000159,492,422,70
122000160,1006,430,576
122000161,611,363,248
122000162,307,504,-197
122000163,104,55,49
122000164,12,54,-42
122000165,239,736,-497
122000166,225,1128,-903
122000167,98,213,-115
122000168,59,870,-811
122000169,170,73,97
122000170,109,151,-42
122000171,27,21,6
122000172,1095,772,323
122000173,905,1296,-391
122000174,414,1442,-1028
122000175,245,100,145
122000176,108,1466,-1358
122000177,502,1006,-504
122000178,2074,1400,674
122000179,1449,1557,-108
122000180,270,552,-282
122000181,333,964,-631
122000182,354,659,-305
122000183,740,324,416
122000184,1410,1185,225
122000185,398,1055,-657
122000186,154,437,-283
122000187,1111,426,685
122000188,137,62,75
122000189,117,113,4
122000190,451,948,-497
122000191,343,324,19
122000192,449,168,281
122000193,457,402,55
122000194,185,79,106
122000195,57,512,-455
122000196,614,130,484
122000197,294,407,-113
122000198,147,920,-773
122000199,243,100,143
122000200,412,255,157
122000201,525,1395,-870
122000202,364,1362,-998
122000203,1115,496,619
122000204,486,463,23
122000205,186,362,-176
122000206,1709,524,1185
122000207,1244,734,510
122000208,1299,717,582
122000209,702,108,594
122000210,764,628,136
122000211,364,626,-262
122000212,337,336,1
122000213,342,792,-450
122000214,946,1097,-151
122000215,1285,1373,-88
122000217,615,563,52
122000218,256,66,190
122000219,1017,349,668
122000220,108,410,-302
122000221,141,284,-143
122000222,182,64,118
122000223,152,377,-225
122000225,406,176,230
122000226,562,520,42
122000227,25,448,-423
122000228,85,166,-81
122000229,7,197,-190
122000230,10,240,-230
122000231,211,626,-415
122000232,196,524,-328
122000233,0,39,-39
122000234,375,95,280
122000235,219,92,127
122000236,933,33,900
122000237,35,52,-17
122000238,102,347,-245
122000239,396,122,274
122000240,735,119,616
122000241,1169,107,1062
122000242,227,13,214
122000243,157,40,117
122000244,22,99,-77
122000245,57,63,-6
122000246,264,71,193
122000247,179,230,-51
122000248,745,310,435
122000249,635,549,86
122000250,712,451,261
122000251,5,56,-51
122000252,160,44,116
122000253,17,31,-14
122000254,245,75,170
122000255,181,437,-256
122000256,197,407,-210
122000257,161,180,-19
122000258,166,311,-145
122000259,10,339,-329
122000260,17,310,-293
122000261,18,102,-84
122000262,0,66,-66
122000263,50,191,-141
122000264,926,119,807
122000265,1121,451,670
122000266,2045,215,1830
122000267,34,320,-286
122000268,131,31,100
122000269,631,95,536
122000270,310,30,280
122000271,123,358,-235
122000272,97,153,-56
122000273,232,72,160
122000274,90,135,-45
122000275,11,257,-246
122000276,721,362,359
122000277,419,1217,-798
122000278,1020,75,945
122000279,104,118,-14
122000280,290,243,47
122000281,378,241,137
122000282,40,572,-532
122000283,29,152,-123
122000284,98,37,61
122000285,387,76,311
122000286,28,114,-86
122000287,970,1484,-514
122000288,129,158,-29
122000291,1367,450,917
122000293,108,64,44
122000294,67,243,-176
122000295,956,200,756
122000296,13,886,-873
122000297,1024,3407,-2383
122000299,324,245,79
122000300,125,324,-199
122000301,3269,2890,379
122000302,188,1969,-1781
122000303,782,563,219
122000304,4,193,-189
122000305,1305,159,1146
122000306,54,214,-160
122000307,50,57,-7
122000309,28,96,-68
122000310,37,105,-68
122000311,53,72,-19
122000312,87,250,-163
122000313,9,189,-180
122000314,77,426,-349
122000315,234,38,196
122000316,1026,168,858
122000317,1952,112,1840
122000318,279,1624,-1345
122000319,80,158,-78
122000320,113,266,-153
122000321,50,97,-47
122000322,625,695,-70
122000323,260,757,-497
122000324,487,1119,-632
122000325,354,848,-494
122000326,95,67,28
122000327,90,305,-215
122000328,269,163,106
122000330,816,561,255
122000332,191,1515,-1324
122000333,31,37,-6
122000337,792,203,589
122000338,296,163,133
122000340,27,695,-668
122000342,949,418,531
122000343,390,235,155
122000344,91,7,84
122000345,37,165,-128
122000346,73,19,54
122000348,282,541,-259
122000349,18,79,-61
122000351,216,157,59
122000352,133,53,80
122000353,68,21,47
122000355,86,276,-190
122000356,134,555,-421
122000357,42,9,33
122000358,0,3,-3
122000359,0,0,0
122000360,0,1,-1
122000362,5,12,-7
122000364,261,96,165
122000365,0,26,-26
122000366,11,5,6
122000368,317,158,159
122000370,6,8,-2
122000371,58,0,58
122000372,21,0,21
122000381,138,136,2
122000382,12,225,-213
122000384,565,564,1
122000385,43,0,43
122000386,84,873,-789
122000387,87,600,-513
122000388,603,304,299
122000389,42,273,-231
122000390,127,295,-168
122000391,29,592,-563
122000392,101,124,-23
122000393,18,659,-641
122000394,438,143,295
122000395,98,49,49
122000396,182,21,161
122000397,5,40,-35
122000398,3,135,-132
122000399,79,21,58
122000400,10,352,-342
122000401,22,16,6
122000402,394,100,294
122000403,129,272,-143
122000404,290,70,220
122000408,157,572,-415
122000503,6,81,-75
122000524,22,84,-62
122000544,38,1240,-1202
122000616,92,0,92
122000640,130,41,89
122000641,152,163,-11
122000642,1009,248,761
122000643,35,135,-100
122000644,38,27,11
122000645,19,115,-96
122000651,242,694,-452
122000664,97,46,51
122000665,306,169,137
122000666,156,238,-82
122000673,10,83,-73
122000674,376,172,204
122000675,1492,485,1007
122000686,232,482,-250
122000687,1504,210,1294
122000688,286,250,36
122000689,1122,122,1000
122000690,2453,124,2329
122000691,861,361,500
122000692,1135,81,1054
122000693,362,449,-87
122000695,311,138,173
122000696,539,61,478
122000698,182,107,75
122000699,264,87,177
122000701,1080,212,868
122000702,306,537,-231
122000703,29,29,0
122000717,7,77,-70
122000718,28,870,-842
122000719,2,62,-60
122000720,608,55,553
122000724,55,22,33
122900001,25,24,1
122900002,321,4486,-4165
122900003,274,8,266
122900004,2659,137,2522
122900005,30,182,-152
122900006,55,1257,-1202
122900007,14,101,-87
122900008,109,373,-264
122900009,100,56,44
122900010,188,98,90
122900012,214,217,-3
122900014,48,58,-10
122900015,734,278,456
122900016,79,48,31
122900017,135,308,-173
122900018,67,3,64
122900019,11,164,-153
122900020,54,551,-497
122900021,19,187,-168
122900022,914,544,370
122900023,383,89,294
122900024,68,55,13
122900025,1,84,-83
122900026,0,16,-16
122900027,6,548,-542
122900028,48,50,-2
122900029,2483,1157,1326
122900030,370,83,287
122900031,9,234,-225
122900032,142,151,-9
122900033,99,67,32
122900034,1259,2027,-768
122900035,19,21,-2
122900036,42,3,39
122900037,129,80,49
122900038,38,998,-960
122900039,35,272,-237
122900040,155,327,-172
122900041,51,303,-252
122900042,120,98,22
122900043,170,100,70
122900044,61,199,-138
122900045,29,94,-65
122900046,60,260,-200
122900047,47,40,7
122900048,16,207,-191
122900049,1614,76,1538
122900051,21,103,-82
122900052,99,36,63
122900053,2,10,-8
122900055,106,17,89
122900057,185,2,183
122900061,281,7,274
122900062,216,460,-244
122900063,178,84,94
122900064,504,270,234
122900065,145,106,39
122900066,173,66,107
122900067,403,125,278
122900068,8,49,-41
122900069,146,838,-692
122900070,282,19,263
122900071,12,84,-72
122900072,23,104,-81
122900073,39,37,2
122900074,1290,88,1202
122900075,0,21,-21
122900076,0,117,-117
122900077,4,10,-6
122900078,218,8,210
122900080,0,21,-21
122900081,110,29,81
122900082,1016,34,982
122900083,10,43,-33
122900084,2,87,-85
122900086,0,96,-96
122900087,277,469,-192
122900088,18,205,-187
122900089,1,257,-256
122900090,0,83,-83
122900091,327,1,326
122900092,0,48,-48
122900093,0,39,-39
122900094,0,61,-61
122900095,130,11,119
122900096,479,10,469
122900097,26,26,0
122900098,17,51,-34
122900099,115,49,66
122900100,8,465,-457
122900101,99,126,-27
122900102,17,64,-47
122900103,323,5,318
122900104,179,2,177
122900105,22,6,16
122900106,0,4,-4
122900107,0,12,-12
122900108,3,19,-16
123000001,446,335,111
123000002,1404,4175,-2771
123000003,2419,2025,394
123000004,1459,2388,-929
123000005,2181,1370,811
123000006,1153,1203,-50
123000007,2192,1419,773
123000008,1225,1903,-678
123000009,2477,2241,236
123000010,1799,2179,-380
123000011,994,683,311
123000012,262,1160,-898
123000013,2380,617,1763
123000014,285,1649,-1364
123000015,1413,620,793
123000016,1518,1679,-161
123000017,4300,1989,2311
123000018,97,50,47
123000019,499,9,490
123000020,289,7,282
123000021,295,239,56
123000022,775,1227,-452
123000023,1957,1487,470
123000024,1089,475,614
123000025,2,38,-36
123000026,1,101,-100
123000027,12,633,-621
123000028,87,3007,-2920
123000029,86,1384,-1298
123000030,219,82,137
123000031,449,141,308
123000032,731,138,593
123000033,208,68,140
123000034,561,431,130
123000035,175,290,-115
123000036,93,526,-433
123000037,105,134,-29
123000038,22,204,-182
123000039,364,1321,-957
123000040,274,67,207
123000041,252,521,-269
123000042,273,354,-81
123000043,803,7643,-6840
123000044,2130,1060,1070
123000045,2005,903,1102
123000046,113,499,-386
123000047,266,501,-235
123000048,27,1305,-1278
123000049,2653,4943,-2290
123000050,1104,908,196
123000051,33,85,-52
123000052,457,1115,-658
123000053,1030,1136,-106
123000054,851,1439,-588
123000055,1389,2953,-1564
123000056,446,415,31
123000057,2104,2347,-243
123000058,211,840,-629
123000059,73,237,-164
123000060,711,247,464
123000061,160,316,-156
123000063,714,379,335
123000064,948,99,849
123000065,1649,1539,110
123000066,154,187,-33
123000067,393,267,126
123000068,674,693,-19
123000069,1515,527,988
123000070,136,154,-18
123000071,1214,291,923
123000072,620,235,385
123000073,1359,406,953
123000074,515,361,154
123000075,137,907,-770
123000076,414,194,220
123000077,902,565,337
123000078,1452,474,978
123000079,1547,886,661
123000080,1546,299,1247
123000081,107,164,-57
123000082,75,358,-283
123000083,592,82,510
123000084,568,191,377
123000085,402,44,358
123000086,606,53,553
123000087,238,85,153
123000088,746,239,507
123000089,634,390,244
123000090,652,383,269
123000091,719,673,46
123000092,398,455,-57
123000094,419,51,368
123000095,624,288,336
123000096,756,120,636
123000097,318,114,204
123000098,625,126,499
123000099,468,159,309
123000100,204,543,-339
123000101,213,93,120
123000102,336,784,-448
123000104,198,150,48
123000105,194,82,112
123000106,298,125,173
123000107,231,52,179
123000108,265,395,-130
123000111,636,103,533
123000112,798,153,645
123000113,366,289,77
123000114,196,354,-158
123000115,170,171,-1
123000116,47,59,-12
123000117,1459,712,747
123000118,407,182,225
123000119,112,219,-107
123000120,136,256,-120
123000121,369,217,152
123000122,184,77,107
123000123,353,210,143
123000124,193,85,108
123000125,803,630,173
123000126,644,2286,-1642
123000127,430,245,185
123000128,161,81,80
123000129,1030,32,998
123000130,685,25,660
123000131,1136,317,819
123000132,123,194,-71
123000133,77,58,19
123000134,204,49,155
123000135,1474,281,1193
123000136,90,243,-153
123000137,86,135,-49
123000138,45,105,-60
123000139,562,44,518
123000140,22,183,-161
123000141,239,18,221
123000142,684,415,269
123000143,433,694,-261
123000144,2,33,-31
123000145,111,451,-340
123000146,20,194,-174
123000147,26,314,-288
123000149,164,241,-77
123000150,32,129,-97
123000151,56,216,-160
123000152,5,138,-133
123000153,12,590,-578
123000154,643,1552,-909
123000155,948,1081,-133
123000156,13,23,-10
123000157,314,591,-277
123000158,256,468,-212
123000159,1078,2356,-1278
123000160,450,610,-160
123000161,856,852,4
123000162,867,1196,-329
123000163,552,95,457
123000164,1776,67,1709
123000165,114,488,-374
123000166,7,104,-97
123000167,86,37,49
123000168,177,97,80
123000169,725,35,690
123000170,107,38,69
123000171,989,25,964
123000172,46,173,-127
123000173,398,140,258
123000174,421,203,218
123000175,123,227,-104
123000176,612,177,435
123000177,143,300,-157
123000178,718,91,627
123000179,4,370,-366
123000180,1178,149,1029
123000181,249,440,-191
123000182,265,130,135
123000183,87,282,-195
123000184,33,182,-149
123000185,789,416,373
123000186,75,175,-100
123000187,444,6,438
123000188,330,1,329
123000189,840,92,748
123000190,63,196,-133
123000192,0,172,-172
123000193,3,188,-185
123000194,165,97,68
123000195,263,4,259
123000196,420,10,410
123000197,41,67,-26
123000198,52,523,-471
123000199,12,290,-278
123000200,545,12,533
123000201,1060,30,1030
123000202,30,230,-200
123000203,945,23,922
123000204,55,330,-275
123000205,103,345,-242
123000206,2732,137,2595
123000207,39,439,-400
123000208,537,54,483
123000209,1391,220,1171
123000210,104,520,-416
123000211,194,568,-374
123000212,3289,251,3038
123000213,357,33,324
123000215,41,113,-72
123000216,157,659,-502
123000217,107,6,101
123000218,109,188,-79
123000219,409,72,337
123000220,257,60,197
123000221,92,43,49
123000222,309,179,130
123000223,512,152,360
123000224,406,154,252
123000225,197,15,182
123000226,135,101,34
123000227,92,70,22
123000228,249,25,224
123000229,385,197,188
123000232,26,157,-131
123000233,634,39,595
123000234,109,212,-103
123000235,910,173,737
123000236,199,214,-15
123000237,463,90,373
123000238,27,78,-51
123000239,174,238,-64
123000240,60,490,-430
123000241,218,20,198
123000242,167,79,88
123000243,498,522,-24
123000244,527,181,346
123000245,0,39,-39
123000249,188,395,-207
123000252,603,122,481
123000253,1340,322,1018
123000254,438,279,159
123000255,467,421,46
123000256,11,61,-50
123000257,702,637,65
123000258,505,253,252
123000259,359,240,119
123000260,492,81,411
123000261,311,76,235
123000262,27,22,5
123000263,323,19,304
123000264,190,50,140
123000265,0,32,-32
123000266,232,194,38
123000267,647,186,461
123000268,7,18,-11
123000269,14,58,-44
123000270,32,42,-10
123000271,38,30,8
123000272,442,185,257
123000273,168,798,-630
123000274,896,398,498
123000275,96,253,-157
123000278,696,1685,-989
123000279,122,35,87
123000280,188,158,30
123000281,198,37,161
123000282,37,125,-88
123000283,277,13,264
123000284,21,37,-16
123000286,47,208,-161
123000287,122,125,-3
123000288,564,1036,-472
123000289,105,998,-893
123000291,41,258,-217
123000294,115,133,-18
123000295,739,1326,-587
123000296,734,787,-53
123000297,561,253,308
123000298,1024,129,895
123000299,103,77,26
123000300,736,321,415
123000301,65,161,-96
123000302,284,48,236
123000303,31,630,-599
123000305,208,329,-121
123000306,210,21,189
123000309,33,28,5
123000310,70,12,58
123000311,1,188,-187
123000312,236,253,-17
123000313,516,285,231
123000315,270,76,194
123000316,946,12,934
123000317,172,174,-2
123000318,26,168,-142
123000329,10,9,1
123000337,199,853,-654
123000338,78,392,-314
123000339,353,32,321
123000340,46,138,-92
123000342,0,36,-36
123000343,112,10,102
123000344,259,94,165
123000345,133,206,-73
123000346,364,52,312
123000352,322,256,66
123000353,62,29,33
123000354,477,7,470
123000355,1,794,-793
123000356,268,0,268
123000357,0,76,-76
123000359,2,20,-18
123000360,72,120,-48
123000361,592,134,458
123000362,377,43,334
123000363,140,50,90
123000364,248,173,75
123000365,16,179,-163
123000366,138,1262,-1124
123000367,99,207,-108
123000370,8,68,-60
123000371,513,14,499
123000372,249,14,235
123000373,2,37,-35
123000374,1,22,-21
123000375,379,53,326
123000376,671,381,290
123000377,714,4,710
123000378,3,108,-105
123000379,0,146,-146
123000380,3,66,-63
123000381,69,203,-134
123000382,601,107,494
123000383,35,231,-196
123000384,511,160,351
123000385,48,73,-25
123000436,45,1382,-1337
123000507,49,95,-46
123000508,76,1004,-928
123000517,115,4,111
123000518,18,44,-26
123000519,39,8,31
123000520,10,54,-44
123000521,307,55,252
123000522,50,143,-93
123000541,19,1,18
123000542,0,0,0
123000565,646,14,632
123000566,341,300,41
123000567,270,148,122
123000573,0,15,-15
123000574,768,40,728
123000575,2033,58,1975
123000576,780,258,522
123000577,15,164,-149
123000578,348,164,184
123000579,593,3403,-2810
123000580,137,64,73
123000582,417,15,402
123000583,3,132,-129
123000584,125,85,40
123000585,0,15,-15
123000586,72,0,72
123000596,17,18,-1
123000597,55,77,-22
123000602,86,14,72
123000603,1360,124,1236
123000604,520,193,327
123000605,313,77,236
123000606,0,106,-106
123000609,14,214,-200
123000610,38,51,-13
123000613,17,63,-46
123000614,319,43,276
123000615,27,23,4
123000616,799,43,756
123000617,45,81,-36
123000618,1,307,-306
123000619,417,22,395
123000620,1,119,-118
123000622,626,11,615
123000624,261,13,248
123000630,1457,403,1054
123000631,82,292,-210
123000632,364,303,61
123000633,0,150,-150
123000634,2,183,-181
123000635,22,48,-26
123000636,32,275,-243
123000637,148,48,100
123000638,402,227,175
123000639,745,4354,-3609
123000640,25,222,-197
123000648,275,6,269
123000649,4,106,-102
123900001,742,38,704
123900002,29,821,-792
123900003,39,99,-60
123900005,191,158,33
123900006,267,37,230
124000001,1474,133,1341
124000002,7,590,-583
124000003,1105,147,958
124000004,13,164,-151
124000005,1082,1216,-134
124000006,123,192,-69
124000007,825,155,670
124000008,110,304,-194
124000009,671,446,225
124000010,153,472,-319
124000011,784,513,271
124000012,98,625,-527
124000017,156,86,70
124000018,9,9,0
124000019,181,19,162
124000020,7,9,-2
124000021,92,63,29
124000022,12,27,-15
124000023,603,858,-255
124000024,543,219,324
124000025,682,889,-207
124000026,1058,1114,-56
124000027,2420,1617,803
124000028,1165,3677,-2512
124000030,985,511,474
124000031,691,7238,-6547
124000032,1439,251,1188
124000033,452,499,-47
124000034,1081,529,552
124000035,262,219,43
124000036,11,279,-268
124000037,183,501,-318
124000038,1,26,-25
124000039,194,111,83
124000040,115,267,-152
124000041,424,47,377
124000042,157,75,82
124000043,84,32,52
124000044,60,38,22
124000045,878,92,786
124000046,110,176,-66
124000047,1577,131,1446
124000048,418,164,254
124000049,1510,193,1317
124000050,359,491,-132
124000051,1083,188,895
124000052,347,295,52
124000053,454,1405,-951
124000054,292,102,190
124000055,637,2458,-1821
124000056,731,250,481
124000057,1096,245,851
124000058,265,315,-50
124000059,799,716,83
124000060,311,425,-114
124000061,809,3865,-3056
124000062,1270,576,694
124000063,721,441,280
124000064,896,410,486
124000065,0,165,-165
124000066,114,83,31
124000067,109,119,-10
124000068,7,50,-43
124000069,453,77,376
124000070,189,102,87
124000071,89,72,17
124000072,26,117,-91
124000073,717,62,655
124000074,80,107,-27
124000075,390,46,344
124000076,0,0,0
124000077,187,648,-461
124000078,525,581,-56
124000079,42,534,-492
124000080,713,64,649
124000081,59,111,-52
124000082,21,89,-68
124000083,3,30,-27
124000084,33,593,-560
124000085,29,19,10
124000086,8,270,-262
124000087,36,131,-95
124000088,69,146,-77
124000089,445,67,378
124000090,70,155,-85
124000091,495,47,448
124000092,176,245,-69
124000093,105,94,11
124000094,96,180,-84
124000095,113,43,70
124000096,60,89,-29
124000097,118,63,55
124000098,181,61,120
124000099,108,19,89
124000100,31,55,-24
124000101,113,120,-7
124000102,43,16,27
124000103,105,31,74
124000104,38,49,-11
124000105,81,39,42
124000106,79,51,28
124000107,20,153,-133
124000108,20,8,12
124000109,149,63,86
124000110,95,28,67
124000111,199,49,150
124000112,733,321,412
124000113,100,84,16
124000114,327,216,111
124000115,181,557,-376
124000116,57,207,-150
124000117,20,31,-11
124000118,7,37,-30
124000119,504,274,230
124000120,351,123,228
124000121,634,400,234
124000122,307,851,-544
124000123,273,142,131
124000124,455,203,252
124000125,351,118,233
124000126,204,136,68
124000127,847,159,688
124000128,450,230,220
124000129,831,548,283
124000130,181,92,89
124000131,387,329,58
124000132,161,193,-32
124000133,820,445,375
124000134,356,206,150
124000135,1156,1091,65
124000136,153,271,-118
124000137,394,385,9
124000138,240,388,-148
124000139,222,22,200
124000140,18,574,-556
124000141,25,11,14
124000142,3,654,-651
124000143,31,1,30
124000144,2,71,-69
124000145,120,15,105
124000146,26,50,-24
124000148,3,42,-39
124000149,600,203,397
124000150,187,308,-121
124000151,890,314,576
124000152,324,405,-81
124000153,852,740,112
124000154,447,328,119
124000155,692,297,395
124000156,362,349,13
124000169,51,249,-198
124000170,205,198,7
124000171,223,204,19
124000172,111,177,-66
124000173,477,146,331
124000174,350,177,173
124000175,0,0,0
124000176,65,24,41
124000177,0,0,0
124000178,53,71,-18
124000190,22,60,-38
124000191,77,254,-177
124000192,702,430,272
124000193,85,1243,-1158
124000194,147,153,-6
124000195,354,193,161
124000196,258,337,-79
124000197,40,12,28
124000198,56,31,25
124000201,12,849,-837
124000202,535,20,515
124000203,559,99,460
124000204,1331,49,1282
124000205,115,46,69
124000206,1161,157,1004
124000207,0,42,-42
124000209,172,26,146
124000210,1162,248,914
124000211,1117,16,1101
124000212,1,86,-85
124000213,588,112,476
124000214,623,32,591
124000215,621,16,605
124000216,14,801,-787
124000329,8,536,-528
124000338,7,200,-193
124000339,2112,17,2095
124000341,2312,35,2277
124000344,70,4,66
124000357,983,1875,-892
124000358,595,1482,-887
124000359,1078,348,730
124000360,1167,319,848
124000361,1878,1090,788
124000362,935,1822,-887
124000363,254,141,113
124000364,321,424,-103
124000365,455,605,-150
124000366,989,559,430
124000367,6,169,-163
124000368,310,1022,-712
124000369,62,56,6
124000370,37,618,-581
124000402,4,8,-4
124000403,96,33,63
124000404,19,33,-14
124000405,519,268,251
124000406,340,144,196
124000407,23,24,-1
124000411,2,105,-103
124000412,388,1,387
124000413,35,26,9
124000414,126,36,90
124000415,52,48,4
124000416,173,77,96
124000417,234,56,178
124000418,285,21,264
124000419,87,20,67
124000420,123,8,115
124000421,59,55,4
124000422,26,19,7
124000423,88,45,43
124000424,8,99,-91
124000425,25,32,-7
124000426,8,185,-177
124000427,22,1,21
124000428,0,177,-177
124000429,152,32,120
124000430,512,182,330
124000431,209,123,86
124000432,159,671,-512
124000439,10,20,-10
124000443,0,0,0
124000445,15,1131,-1116
124000446,519,186,333
124900001,604,63,541
124900002,105,76,29
124900003,665,141,524
124900004,491,121,370
124900005,116,41,75
124900006,541,91,450
124900008,161,211,-50
124900009,11,325,-314
124900010,211,72,139
124900011,626,102,524
124900012,184,54,130
124900013,449,36,413
124900014,266,25,241
124900015,71,294,-223
124900016,128,176,-48
124900017,173,2401,-2228
124900018,96,0,96
124900020,104,10,94
124900021,293,10,283
124900022,58,0,58
124900024,395,1,394
124900026,26,0,26
124900027,69,95,-26
124900028,195,13,182
124900029,22,247,-225
124900030,1,24,-23
124900031,3,91,-88
124900032,75,29,46
124900033,16,30,-14
124900034,63,61,2
124900035,18,21,-3
124900036,0,52,-52
124900037,76,41,35
124900038,73,61,12
124900039,0,29,-29
124900040,17,51,-34
124900041,265,107,158
124900042,19,0,19
124900043,241,126,115
124900044,39,1,38
124900045,144,251,-107
124900046,121,47,74
124900047,25,40,-15
124900048,239,12,227
124900050,67,34,33
124900052,26,61,-35
124900053,43,40,3
124900054,469,50,419
124900055,0,22,-22
124900057,1,3,-2
124900060,1,43,-42
124900061,143,0,143
124900062,175,5,170
124900066,0,1,-1
124900067,0,0,0
124900068,123,531,-408
124900070,1,1,0
124900072,188,12,176
124900075,183,30,153
124900076,37,655,-618
124900077,4,46,-42
124900078,14,2,12
124900079,48,50,-2
124900080,169,64,105
124900081,896,56,840
124900082,178,93,85
124900083,161,105,56
124900084,352,28,324
124900085,162,152,10
124900086,4,332,-328
124900087,85,44,41
124900088,32,9,23
124900089,174,0,174
124900090,463,57,406
124900091,110,65,45
124900092,157,36,121
124900093,434,68,366
124900094,607,62,545
124900095,111,360,-249
124900096,186,62,124
124900097,457,11,446
124900098,117,90,27
124900099,75,152,-77
124900100,171,14,157
124900101,81,31,50
124900102,329,1,328
124900103,29,22,7
124900104,13,30,-17
124900105,21,19,2
124900106,247,26,221
124900107,201,3,198
124900108,51,22,29
124900111,0,0,0
124900112,50,88,-38
124900113,3,65,-62
124900114,0,22,-22
124900115,7,9,-2
124900116,253,214,39
124900117,49,133,-84
124900118,12,478,-466
124900119,236,150,86
124900120,2,55,-53
124900121,5,235,-230
124900122,101,61,40
124900123,35,25,10
124900124,3,15,-12
204000001,211,7,204
204000002,9,16,-7
204000003,38,3,35
204000004,13,5,8
204000005,299,166,133
204000006,1022,849,173
204000011,0,0,0
204000012,7,1,6
204000019,1128,289,839
204000020,590,197,393
204000021,588,542,46
204000022,974,390,584
204000023,144,390,-246
204000031,17,10,7
204000032,136,27,109
204000034,1,11,-10
204000035,2,12,-10
204000036,1,7,-6
204000037,1,19,-18
204000038,0,19,-19
204000039,18,21,-3
204000040,0,6,-6
204000041,12,4,8
204000042,12,24,-12
204000043,7,23,-16
204000044,41,0,41
204000045,74,0,74
204000046,21,1,20
204000057,2,46,-44
204000062,10,257,-247
204000068,0,87,-87
204000069,15,86,-71
204000070,113,21,92
204000080,15,12,3
204000085,420,211,209
204000086,499,589,-90
204000087,19,7,12
204000088,0,0,0
204000090,0,26,-26
204000093,489,13,476
204000096,966,245,721
204000097,432,9,423
204000099,743,1511,-768
204000100,1300,550,750
204000105,365,133,232
204000110,134,365,-231
204000111,145,219,-74
204000112,121,166,-45
204000113,97,226,-129
204000114,872,810,62
204000115,515,149,366
204000116,342,149,193
204000119,2076,667,1409
204000132,524,437,87
204000133,572,54,518
204000134,150,38,112
204000135,487,17,470
204000136,492,122,370
204000138,206,593,-387
204000140,223,91,132
204000141,94,30,64
204000144,0,42,-42
204000145,294,5,289
204000146,0,10,-10
204000147,2,32,-30
204000148,79,23,56
204000154,19,2,17
204000155,0,38,-38
204000177,53,46,7
204000179,18,14,4
204000180,0,12,-12
204000222,15,19,-4
204000235,7,13,-6
204000236,39,13,26
204000238,17,8,9
204000240,186,32,154
204000263,90,176,-86
204000268,528,143,385
204000308,40,10,30
204000317,2,24,-22
204000322,9,17,-8
204000323,4,23,-19
204000328,292,4,288
204000329,35,47,-12
204000330,158,25,133
204000331,2,1,1
204010341,9,171,-162
205000001,110,237,-127
205000013,1,12,-11
205000014,4,13,-9
205000015,14,10,4
205000016,9,22,-13
205000017,21,8,13
205000022,63,173,-110
205000025,173,142,31
205000029,568,5,563
205000045,98,38,60
205000046,41,27,14
205000047,21,22,-1
205000048,208,59,149
205000049,49,49,0
205000050,59,11,48
205000059,0,27,-27
205000060,0,18,-18
205000061,0,78,-78
205000062,0,68,-68
205000063,14,101,-87
205000064,2,84,-82
205000065,18,177,-159
205000066,49,59,-10
205000067,30,139,-109
205000069,84,11,73
205000082,83,70,13
205000110,29,23,6
205000111,25,27,-2
205000112,95,113,-18
205000113,25,40,-15
205000121,78,84,-6
205000123,39,19,20
205000126,520,88,432
205000127,484,27,457
205000128,233,57,176
205000129,580,59,521
205000130,225,29,196
205000131,20,25,-5
205000132,52,7,45
205000133,52,3,49
205000134,302,1,301
205000137,13,15,-2
205000138,2,36,-34
205000139,3,13,-10
205000144,58,24,34
205000145,134,36,98
205000151,75,48,27
205000152,52,30,22
205000153,154,27,127
205000154,34,55,-21
205000155,83,26,57
205000207,0,0,0
205000233,26,1,25
205000234,0,0,0
205000243,0,1,-1
205000244,0,3,-3
205000245,0,18,-18
205000249,0,18,-18
205000250,1,1,0
205000264,1,16,-15
206000027,6,10,-4
206000028,1,3,-2
206000043,6,28,-22
206000053,0,0,0
206000054,0,7,-7
206000055,0,3,-3
206000075,12,8,4
206000076,27,1,26
206000077,29,0,29
206000078,5,2,3
206000079,36,7,29
206000082,333,100,233
206000100,3,153,-150
206000103,0,0,0
206000104,0,0,0
206000105,0,0,0
206000106,0,0,0
206000108,440,67,373
206000125,135,0,135
206000157,2,68,-66
206000170,1,154,-153
206000171,4,130,-126
206000172,18,62,-44
206000173,1,35,-34
206000174,10,18,-8
206000175,3,35,-32
206000176,18,50,-32
206000177,0,34,-34
206000178,0,100,-100
206000179,0,23,-23
206000180,3,20,-17
206000181,0,44,-44
206000182,5,27,-22
206000183,7,91,-84
206000184,0,30,-30
206000185,1,18,-17
206000186,15,230,-215
206000223,6,81,-75
206000226,53,1,52
206000227,32,1,31
206000237,6,45,-39
206000238,5,105,-100
206000239,63,514,-451
206000240,0,0,0
206000241,1,70,-69
206000242,3,31,-28
206000243,11,28,-17
206000244,10,81,-71
206000245,2356,31,2325
206000246,732,3,729
206000247,836,3,833
206000248,876,2,874
206000252,23,67,-44
206000258,0,0,0
206000315,17,12,5
206000317,665,168,497
206000318,685,74,611
206000319,3536,65,3471
206000320,1211,31,1180
206000321,1238,10,1228
206000322,1534,4,1530
206000323,567,3,564
206000324,642,1,641
206000325,382,8,374
206000326,419,11,408
206000327,18,5,13
206000328,452,2,450
206000329,830,7,823
206000330,179,5,174
206000331,541,1,540
206000332,115,3,112
206000333,1813,1,1812
206000334,1178,2,1176
206000335,0,15,-15
206000361,1,10,-9
206000392,0,4,-4
206000405,262,0,262
206000441,145,12,133
206000498,90,31,59
206000515,41,23,18
206000530,564,37,527
206000531,331,176,155
206000532,925,120,805
206000535,32,712,-680
206000536,4,48,-44
206000537,1,82,-81
206000613,1040,308,732
207000001,17,163,-146
207000002,22,126,-104
207000003,24,109,-85
207000007,2014,176,1838
207000008,406,10,396
207000009,75,8,67
207000010,51,130,-79
207000012,466,85,381
207000015,48,297,-249
207000019,273,27,246
207000021,240,207,33
207000022,186,118,68
207000023,263,45,218
207000024,3,13,-10
207000025,12,38,-26
207000026,0,0,0
207000027,0,0,0
207000028,0,33,-33
207000029,6,64,-58
207000033,161,171,-10
207000034,148,57,91
207000039,855,36,819
207000040,1027,10,1017
207000041,177,4,173
207000042,517,9,508
207000043,273,143,130
207000051,8,13,-5
207000052,0,2,-2
207000053,122,205,-83
207000054,24,35,-11
207000055,35,25,10
207000056,67,113,-46
207000057,49,85,-36
207000058,45,158,-113
207000059,29,205,-176
207000060,12,263,-251
207000061,77,1165,-1088
207000062,790,47,743
207000063,675,29,646
207000064,376,30,346
207000065,297,99,198
207000066,530,98,432
207000067,111,38,73
207000068,171,25,146
207000069,670,134,536
207000082,6,77,-71
207000083,37,175,-138
207000084,531,98,433
207000085,311,48,263
207000086,633,10,623
207000106,166,12,154
207000107,209,8,201
207000108,160,1,159
207000109,93,5,88
207000110,52,7,45
207000111,49,19,30
207000112,55,287,-232
207000114,0,0,0
207000115,0,0,0
207000116,0,0,0
207000117,0,0,0
207000118,0,1,-1
207000119,1,1,0
207000123,270,2,268
207000124,129,21,108
207000125,51,1,50
207000126,97,20,77
207000134,263,65,198
207000135,78,156,-78
207000148,75,214,-139
207000149,0,0,0
207000152,6,133,-127
207000153,26,374,-348
207000154,290,57,233
207000159,2,6,-4
207000160,7,15,-8
207000238,0,0,0
207000242,0,0,0
207000248,0,0,0
207000249,0,0,0
207000250,0,0,0
207000251,0,0,0
207000252,0,0,0
207000278,207,81,126
207000279,1,16,-15
207000280,1260,43,1217
207000281,29,246,-217
207000282,36,438,-402
207000283,11,82,-71
207000284,22,1343,-1321
207000285,32,111,-79
207000291,0,0,0
207000304,39,24,15
207000306,24,200,-176
207000310,163,74,89
207000353,72,0,72
207000356,0,23,-23
207000357,0,48,-48
207000358,3,16,-13
207000415,0,0,0
207000417,35,1,34
207000418,57,37,20
207000438,0,1,-1
207000439,214,89,125
207000446,114,2,112
207000460,92,8,84
207000466,6,1,5
207000467,744,22,722
207000468,8,13,-5
207000476,3,47,-44
207000477,376,43,333
207000478,0,5,-5
207000523,0,0,0
207000524,32,0,32
207000527,237,40,197
207000530,278,2,276
207000531,128,1,127
207000532,32,38,-6
207000534,115,31,84
207000535,0,0,0
207000537,0,0,0
207000540,0,0,0
207000541,0,0,0
207000548,0,0,0
207000549,197,3,194
207000561,146,64,82
207000562,0,0,0
207000567,30,124,-94
207000568,258,26,232
207000569,889,106,783
207000584,0,0,0
207000585,6,102,-96
207000616,0,27,-27
207000617,239,0,239
207900008,643,120,523
208000001,431,612,-181
208000002,566,632,-66
208000003,553,365,188
208000004,664,337,327
208000005,0,0,0
208000019,1022,238,784
208000020,211,127,84
208000021,189,189,0
208000022,411,238,173
208000028,491,1107,-616
208000033,197,138,59
208000034,340,532,-192
208000037,207,10,197
208000040,213,53,160
208000041,457,344,113
208000042,882,262,620
208000047,75,76,-1
208000064,1367,1041,326
208000066,739,657,82
208000070,614,353,261
208000071,675,155,520
208000072,806,276,530
208000080,180,230,-50
208000081,245,40,205
208000082,74,32,42
208000083,79,43,36
208000084,10,58,-48
208000085,261,89,172
208000086,267,210,57
208000087,150,319,-169
208000089,574,137,437
208000090,431,253,178
208000093,15,85,-70
208000094,101,213,-112
208000095,412,316,96
208000104,1310,218,1092
208000105,653,359,294
208000114,44,287,-243
208000115,365,197,168
208000116,1206,1026,180
208000117,7,72,-65
208000118,70,224,-154
208000155,331,479,-148
208000158,774,1272,-498
208000186,532,1226,-694
208000204,479,587,-108
208000205,837,379,458
208000282,447,384,63
209000004,628,96,532
209000005,42,32,10
209000006,417,132,285
209000007,271,300,-29
209000010,0,0,0
209000011,0,0,0
209000012,13,19,-6
209000013,34,16,18
209000014,32,59,-27
209000025,589,62,527
209000026,1465,134,1331
209000027,54,39,15
209000028,39,45,-6
209000029,86,51,35
209000030,95,196,-101
209000031,395,165,230
209000034,260,215,45
209000035,261,196,65
209000036,396,101,295
209000037,618,140,478
209000038,326,77,249
209000039,82,81,1
209000040,276,151,125
209000041,158,133,25
209000042,210,132,78
209000043,424,398,26
209000044,424,417,7
209000045,454,132,322
209000046,371,133,238
209000047,292,107,185
209000048,482,319,163
209000049,9,16,-7
209000050,122,50,72
209000051,82,34,48
209000052,48,45,3
209000062,0,0,0
209000063,2,1,1
209000064,0,0,0
209000065,278,18,260
209000066,295,22,273
209000067,226,29,197
209000080,5,21,-16
209000082,89,43,46
209000091,0,0,0
209000093,0,0,0
209000094,0,0,0
209000110,72,102,-30
209000111,501,1765,-1264
209000112,1421,329,1092
209000113,2083,298,1785
209000114,1068,370,698
209000115,11,13,-2
209000116,84,77,7
209000118,1,59,-58
209000119,0,0,0
209000121,7,65,-58
209000135,82,58,24
209000142,791,1775,-984
209000143,0,0,0
209000144,43,189,-146
209000229,143,54,89
209000240,7,20,-13
209000259,1,15,-14
209000260,5,140,-135
209000261,0,68,-68
209000262,1,68,-67
209000263,0,54,-54
209000264,0,167,-167
209000265,230,2,228
209000266,75,0,75
209000267,875,1,874
209000268,374,96,278
210000037,183,7,176
210000047,57,25,32
210000048,66,20,46
210000049,53,3,50
210000052,25,10,15
210000053,11,9,2
210000054,3,12,-9
210000070,102,13,89
210000071,186,5,181
210000072,36,0,36
210000073,0,0,0
210000074,0,0,0
210000075,0,0,0
210000076,0,6,-6
210000077,0,19,-19
210000078,1,52,-51
210000079,10,25,-15
210000080,51,117,-66
210000081,64,24,40
210000082,8,0,8
210000083,50,0,50
210000084,65,1,64
210000085,0,1,-1
210000086,0,0,0
210000099,2,8,-6
210000100,3,4,-1
210000101,0,13,-13
210000105,1,22,-21
210000159,0,0,0
210000163,1,11,-10
210000164,361,136,225
210000168,141,9,132
210000187,0,0,0
210000188,0,0,0
210000214,21,1,20
210000219,171,71,100
210000220,194,5,189
210000232,0,0,0
210000233,0,0,0
210000234,1,1,0
210000235,5,6,-1
210000245,0,0,0
210000246,50,9,41
210000258,2,2,0
210000259,191,15,176
210000282,1,5,-4
210000285,0,0,0
210000286,0,3,-3
210000290,0,1,-1
210000295,6,26,-20
210000296,7,4,3
210000320,229,11,218
210000321,141,4,137
210000338,11,7,4
210000339,12,64,-52
210000340,5,21,-16
210000341,43,20,23
210000342,79,34,45
210000343,40,32,8
210000344,14,24,-10
210000345,19,96,-77
210000346,8,33,-25
210000347,1,39,-38
210000348,23,33,-10
210000349,3,13,-10
210000350,34,13,21
210000351,56,12,44
210000352,44,13,31
210000353,36,18,18
210000354,17,28,-11
210000355,27,119,-92
210000356,35,90,-55
210000357,18,108,-90
210000358,216,201,15
210000359,108,182,-74
210000360,132,180,-48
210000361,248,86,162
210000362,339,101,238
210000363,447,98,349
210000364,168,65,103
210000365,200,5,195
210000366,287,42,245
210000367,64,6,58
210000368,91,15,76
210000369,50,28,22
210000370,140,49,91
210000372,28,17,11
210000373,7,20,-13
210000374,68,33,35
210000375,19,20,-1
210000376,16,110,-94
210000404,5,5,0
210000439,53,11,42
210000472,30,2,28
210000482,133,75,58
210000564,185,130,55
210000567,0,46,-46
210000568,175,0,175
211000092,14,37,-23
211000094,26,2,24
211000169,278,20,258
211000172,27,190,-163
211000209,0,57,-57
211000226,2,3,-1
211000270,27,16,11
211000275,48,22,26
211000276,166,8,158
211000279,27,14,13
211000281,91,13,78
211507980,0,38,-38
211977296,16,0,16
212000003,235,40,195
212000004,2,37,-35
212000005,2,48,-46
212000006,6,60,-54
212000008,51,111,-60
212000009,23,57,-34
212000012,33,31,2
212000013,2,8,-6
212000014,69,31,38
212000015,107,85,22
212000016,139,168,-29
212000027,593,136,457
212000028,328,231,97
212000029,290,203,87
212000030,80,15,65
212000031,32,25,7
212000048,2,130,-128
212000049,2,78,-76
212000050,9,5,4
212000051,119,47,72
212000052,106,53,53
212000053,59,135,-76
212000054,597,27,570
212000055,533,80,453
212000056,41,26,15
212000057,6,57,-51
212000058,195,48,147
212000070,99,73,26
212000077,97,100,-3
212000099,514,72,442
212000108,277,123,154
212000111,450,31,419
212000120,22,65,-43
212000138,49,17,32
212000156,10,38,-28
212000158,1,62,-61
212000159,666,53,613
212000160,674,55,619
212000161,119,2,117
212000310,18,4,14
212000311,6,66,-60
212000374,5,2,3
213000001,12,240,-228
213000005,606,26,580
213000006,548,84,464
213000007,27,5,22
213000009,97,105,-8
213000010,309,53,256
213000011,249,25,224
213000012,199,117,82
213000014,66,11,55
213000015,215,1,214
213000016,216,0,216
213000017,21,0,21
213000018,0,10,-10
213000019,1,25,-24
213000020,86,68,18
213000021,0,41,-41
213000023,326,120,206
213000033,312,503,-191
213000034,406,103,303
213000035,155,338,-183
213000045,137,126,11
213000046,72,49,23
213000047,90,594,-504
213000056,154,0,154
213000069,52,19,33
213000073,1,35,-34
213000074,43,194,-151
213000075,575,6,569
213000076,13,0,13
213000085,0,2,-2
213000086,0,8,-8
213000091,225,4,221
213000092,50,0,50
213000099,138,621,-483
213000100,581,143,438
213000101,582,76,506
213000102,508,132,376
213000103,266,192,74
213000104,50,191,-141
213000105,34,640,-606
213000106,10,74,-64
213000107,74,197,-123
213000108,38,244,-206
213000109,13,91,-78
213000110,24,51,-27
213000111,1,87,-86
213000112,11,249,-238
213000115,28,1,27
213000116,15,140,-125
213000117,2,146,-144
213000118,963,260,703
213000119,11,231,-220
213000120,17,154,-137
213000122,45,211,-166
213000123,13,250,-237
213000124,44,303,-259
213000125,185,49,136
213000126,16,33,-17
213000127,7,95,-88
213000128,47,342,-295
213000129,225,970,-745
213000130,1038,440,598
213000132,798,112,686
213000133,812,74,738
213000134,837,6,831
213000136,519,11,508
213000137,480,42,438
213000139,143,11,132
213000147,14,6,8
213000148,24,21,3
213000149,4,1,3
213000150,0,179,-179
213000151,4,94,-90
213000152,0,143,-143
213000153,0,106,-106
213000154,28,181,-153
213000155,49,135,-86
213000156,67,397,-330
213000157,902,153,749
213000158,316,262,54
213000159,862,157,705
213000163,1842,174,1668
213000165,422,131,291
213000171,0,6,-6
213000172,0,6,-6
213000173,1,7,-6
213000174,0,14,-14
213000175,1,16,-15
213000176,99,34,65
213000177,168,4,164
213000178,321,0,321
213000179,318,1,317
213000180,459,0,459
213000184,44,205,-161
213000188,660,83,577
213000189,709,16,693
213000190,599,74,525
213000191,624,41,583
213000192,241,47,194
213000193,254,119,135
213000194,2,117,-115
213000195,38,314,-276
213000196,253,677,-424
213000197,428,465,-37
213000198,6,0,6
213000200,109,320,-211
213000201,3,97,-94
213000202,24,232,-208
213000203,1090,272,818
213000204,1025,20,1005
213000205,375,9,366
213000206,489,2,487
213000207,25,7,18
213000208,29,0,29
213000209,62,0,62
213000210,139,0,139
213000211,0,38,-38
213000212,1,47,-46
213000213,1,63,-62
213000218,289,376,-87
213000219,948,13,935
213000220,993,11,982
213000223,189,170,19
213000224,1,61,-60
213000225,43,4,39
213000226,50,7,43
213000227,1259,93,1166
213000228,617,37,580
213000229,120,6,114
213000230,395,8,387
213000232,50,1101,-1051
213000233,3,66,-63
213000234,0,11,-11
213000293,4,218,-214
213000294,117,8,109
213000295,2,161,-159
213000296,155,40,115
213000297,1,17,-16
213000298,2,24,-22
213000299,35,28,7
213000300,0,13,-13
213000303,2,7,-5
213000304,1,8,-7
213000305,1,21,-20
213000306,8,38,-30
213000307,30,87,-57
213000308,16,33,-17
213000309,101,21,80
213000310,134,43,91
213000311,75,348,-273
213000315,28,34,-6
213000316,251,90,161
213000322,106,20,86
213000323,187,13,174
213000324,74,3,71
213000325,76,22,54
213000326,98,18,80
213000327,71,14,57
213000328,30,37,-7
213000329,26,3,23
213000340,38,275,-237
213000341,1053,35,1018
213000346,55,235,-180
213000347,148,393,-245
213000348,2,76,-74
213000349,1,5,-4
213000350,216,295,-79
213000366,39,186,-147
213000367,334,18,316
213000379,41,44,-3
213000386,5,147,-142
213000406,117,191,-74
213000417,1292,343,949
213000425,329,27,302
213000426,207,22,185
213000427,65,57,8
213000428,60,20,40
213000429,2,3,-1
213000430,25,72,-47
213000431,16,1,15
213000432,1,360,-359
213000433,11,34,-23
213000434,206,50,156
213000435,84,17,67
213000436,76,26,50
213000437,0,1,-1
213000438,130,8,122
213000439,69,8,61
213000440,1,123,-122
213000441,0,2,-2
213000442,2,14,-12
213000443,274,346,-72
213000444,51,7,44
213000445,0,83,-83
213000446,3,315,-312
213000447,1,100,-99
213000448,11,79,-68
213000449,895,7,888
213000450,11,3,8
213000451,372,31,341
213000452,9,3,6
213000453,1,35,-34
213000455,72,7,65
213000456,0,115,-115
213000481,2,1,1
213000482,19,0,19
213000489,83,28,55
213000491,1,211,-210
213000492,39,13,26
213000493,0,284,-284
213000494,293,43,250
213000495,0,6,-6
213000496,428,117,311
213000497,33,238,-205
213000498,52,149,-97
213000499,106,184,-78
213000500,568,31,537
213000501,111,8,103
213000502,70,42,28
213000503,0,27,-27
213000504,10,59,-49
213000505,36,15,21
213000506,0,0,0
213000507,1,37,-36
213900016,0,0,0
213900244,124,0,124
213900245,0,1,-1
218000003,64,1,63
218000004,24,3,21
218000005,7,39,-32
218000006,55,37,18
218000007,50,11,39
218000012,73,157,-84
218000013,81,80,1
218000014,82,44,38
218000019,338,189,149
218000020,190,164,26
218000021,9,16,-7
218000022,9,4,5
218000023,1,2,-1
218000024,3,5,-2
218000025,7,11,-4
218000026,19,7,12
218000027,22,3,19
218000028,3,0,3
218000029,8,3,5
218000030,7,1,6
218000031,8,5,3
218000032,0,4,-4
218000040,5,0,5
218000046,135,92,43
218000047,10,54,-44
218000048,151,86,65
218000049,103,83,20
218000050,365,108,257
218000051,95,136,-41
218000052,0,45,-45
218000053,0,5,-5
218000054,8,34,-26
218000055,2,41,-39
218000056,34,27,7
218000057,3,50,-47
218000064,5,3,2
218000065,65,4,61
218000066,18,37,-19
218000067,94,44,50
218000068,130,50,80
218000069,411,25,386
218000070,309,115,194
218000071,212,127,85
218000072,87,65,22
218000078,698,267,431
218000079,403,25,378
218000080,148,34,114
218000081,722,43,679
218000082,185,15,170
218000083,26,11,15
218000084,52,41,11
218000085,40,31,9
218000086,6,24,-18
218000087,43,18,25
218000090,31,132,-101
218000091,1094,349,745
218000092,122,64,58
218000093,75,21,54
218000094,303,166,137
218000099,123,86,37
218000100,151,30,121
218000101,117,26,91
218000102,168,49,119
218000103,33,52,-19
218000104,57,8,49
218000105,34,2,32
218000106,42,7,35
218000107,92,30,62
218000108,0,34,-34
218000112,19,5,14
218000117,58,49,9
218000134,347,188,159
218000135,14,119,-105
218000136,142,107,35
218000137,103,56,47
218000138,34,29,5
218000139,139,150,-11
218000140,422,206,216
218000141,56,53,3
218000142,121,84,37
218000143,40,131,-91
218000144,10,127,-117
218000145,453,224,229
218000146,94,22,72
218000151,4,34,-30
218000152,46,46,0
218000153,3,14,-11
218000154,13,3,10
218000155,59,6,53
218000156,109,7,102
218000157,64,3,61
218000158,19,1,18
218000159,6,6,0
218000160,2,4,-2
218000161,65,3,62
218000162,92,4,88
218000163,42,0,42
218000164,106,1,105
218000165,176,9,167
218000170,0,33,-33
218000171,34,2,32
218000172,6,3,3
218000173,10,8,2
218000174,19,6,13
218000176,226,10,216
218000177,300,64,236
218000178,113,34,79
218000179,149,48,101
218000180,57,13,44
218000181,244,20,224
218000187,2,10,-8
218000188,2,7,-5
218000189,3,36,-33
218000190,29,6,23
218000191,31,3,28
218000192,89,28,61
218000193,94,69,25
218000194,61,73,-12
218000195,171,33,138
218000196,309,64,245
218000197,780,75,705
218000198,64,29,35
218000199,34,5,29
218000200,43,2,41
218000201,2,2,0
218000202,4,229,-225
218000207,20,22,-2
218000208,12,74,-62
218000211,34,3,31
218000212,4,1,3
218000213,221,168,53
218000214,15,68,-53
218000215,79,55,24
218000217,3,20,-17
218000218,322,107,215
218000219,10,26,-16
218000220,68,371,-303
218000221,522,268,254
218000222,0,43,-43
218000223,46,210,-164
218000224,6,172,-166
218000225,184,32,152
218000226,316,36,280
218000230,0,7,-7
218000232,40,34,6
218000239,63,0,63
218000240,1,0,1
218000241,8,0,8
218000242,0,0,0
218000243,0,1,-1
218000244,6,1,5
218000245,1,6,-5
218000246,0,0,0
218000247,0,0,0
218000248,0,14,-14
218000249,0,0,0
218000250,0,8,-8
218000251,1,4,-3
218000252,1,20,-19
218000253,0,6,-6
218000254,0,6,-6
218000255,1,1,0
218000256,10,36,-26
218000267,504,559,-55
218000268,0,10,-10
218000269,0,4,-4
218000270,32,3,29
218000271,2,6,-4
218000273,55,4,51
218000274,3,0,3
218000275,105,79,26
218000276,27,19,8
218000278,14,41,-27
218000279,105,22,83
218000280,0,9,-9
218000281,2,4,-2
218000282,407,586,-179
218000284,25,1,24
218000301,23,65,-42
218000302,19,15,4
218000303,1,77,-76
218000316,1351,361,990
218000317,2647,245,2402
218000318,1446,203,1243
218000319,660,357,303
218000320,419,186,233
218000338,19,17,2
218000345,112,24,88
218000346,27,93,-66
218000459,43,80,-37
218000490,3,15,-12
218000501,71,56,15
218000502,38,15,23
218000503,121,6,115
218000504,73,3,70
218000505,22,34,-12
218000506,10,68,-58
218000508,0,2,-2
218000510,30,4,26
218000520,73,70,3
218000521,1,11,-10
218000522,24,212,-188
218000523,113,0,113
218000524,3,160,-157
218000525,37,10,27
218000526,0,119,-119
218000529,25,32,-7
218000530,39,6,33
218000531,1,19,-18
218000532,81,7,74
218000534,383,5,378
218000537,1,74,-73
218000538,41,118,-77
218000540,35,71,-36
218000543,146,10,136
218000544,9,16,-7
218000545,208,56,152
218000546,1,3,-2
218000547,145,148,-3
218000548,63,64,-1
218000549,795,82,713
218000550,71,140,-69
218000551,45,158,-113
218000552,334,65,269
218000553,59,73,-14
218000554,24,6,18
218000555,11,39,-28
218000556,65,41,24
218000557,651,113,538
218000558,10,0,10
218000559,0,47,-47
218000560,0,38,-38
218000561,2,0,2
218000562,0,89,-89
218000563,64,12,52
218000564,0,123,-123
218000565,64,10,54
218000566,63,13,50
218000567,0,71,-71
218000568,0,1,-1
218000569,1,105,-104
218000570,42,15,27
218000571,0,89,-89
218000572,20,0,20
218000573,2,146,-144
218000574,46,13,33
218000575,41,1,40
218000576,0,130,-130
218000577,42,1,41
218000578,0,47,-47
218000579,0,8,-8
218000581,3,10,-7
218000582,158,0,158
218000583,0,0,0
218000584,0,34,-34
218000585,21,4,17
218000586,2,26,-24
218000587,1,0,1
218000588,0,13,-13
218000589,0,54,-54
218000590,0,0,0
218000591,1,75,-74
218000592,1,45,-44
218000593,0,11,-11
218000594,0,18,-18
218000595,0,3,-3
218000596,0,0,0
218000597,0,11,-11
218000598,0,9,-9
218000599,1,59,-58
218000600,2,1,1
218000601,0,77,-77
218000602,0,2,-2
218000603,0,13,-13
218000604,39,1,38
218000605,0,266,-266
218000606,239,1,238
218000607,8,67,-59
218000608,11,4,7
218000609,0,22,-22
218000610,69,2,67
218000611,1,0,1
218000612,0,28,-28
218000613,29,0,29
218000614,0,15,-15
218000615,159,0,159
218000616,13,256,-243
218000617,4,0,4
218000618,0,17,-17
218000619,19,2,17
218000620,1,23,-22
218000621,0,4,-4
218000622,0,104,-104
218000623,3,2,1
218000624,0,75,-75
218000625,11,11,0
218000626,0,15,-15
218000628,137,102,35
218000631,81,9,72
218000632,0,106,-106
218000633,57,0,57
218000634,1,1,0
218000635,12,3,9
218000636,399,215,184
218000637,1140,86,1054
218000638,474,18,456
218000639,35,32,3
218000640,737,4,733
218000641,87,50,37
218000652,23,44,-21
218000653,287,22,265
218000663,4,23,-19
218000675,4,27,-23
218000676,5,3,2
218000677,46,0,46
218000680,172,97,75
218000681,642,33,609
218000691,239,163,76
218000693,733,43,690
218000703,3,6,-3
218000718,7,57,-50
218000719,25,106,-81
218000720,0,107,-107
218000721,5,2,3
218000725,10,1,9
218001147,0,3,-3
218001214,33,79,-46
218001258,213,13,200
218001329,102,90,12
218001330,50,121,-71
218001351,2,6,-4
218001352,2,7,-5
218001353,3,1,2
218001354,0,22,-22
218001355,0,8,-8
218001356,928,37,891
218001357,0,9,-9
218001358,679,0,679
218001361,796,29,767
218001362,0,0,0
219000001,0,0,0
219000002,0,0,0
219000003,25,17,8
219000004,30,46,-16
219000017,58,13,45
219000020,182,21,161
219000022,172,0,172
219000023,45,2,43
219000029,0,0,0
219000034,61,58,3
219000039,0,4,-4
219000040,19,32,-13
219000041,87,47,40
219000051,0,0,0
219000052,0,0,0
219000053,0,1,-1
219000054,0,0,0
219000055,356,2,354
219000056,0,0,0
219000057,41,0,41
219000062,5,30,-25
219000063,325,0,325
219000064,0,18,-18
219000110,197,201,-4
219000111,115,73,42
219000112,226,5,221
219000113,168,13,155
219000114,146,13,133
219000116,66,46,20
219000117,76,13,63
219000118,27,14,13
219000123,69,1,68
219000124,6,0,6
219000125,0,0,0
219000126,0,0,0
219000127,0,0,0
219000128,0,5,-5
219000129,0,3,-3
219000130,42,87,-45
219000131,656,676,-20
219000133,23,58,-35
219000134,3,27,-24
219000135,2,17,-15
219000136,35,137,-102
219000138,74,7,67
219000139,27,0,27
219000140,156,0,156
219000141,96,2,94
219000142,10,2,8
219000143,7,1,6
219000145,5,2,3
219000146,0,0,0
219000147,0,0,0
219000148,0,0,0
219000149,0,0,0
219000150,0,0,0
219000151,0,0,0
219000157,306,42,264
219000158,222,30,192
219000161,248,2,246
219000163,639,200,439
219000166,85,68,17
219000167,60,42,18
219000168,247,21,226
219000174,569,65,504
219000175,173,6,167
219000176,338,5,333
219000177,169,3,166
219000178,225,0,225
219000179,55,38,17
219000180,40,0,40
219000182,69,9,60
219000183,46,5,41
219000184,51,1,50
219000185,0,0,0
219000186,35,8,27
219000187,25,11,14
219000189,14,1,13
219000190,0,15,-15
219000191,22,161,-139
219000192,328,192,136
219000193,7,1,6
219000195,0,0,0
219000196,0,0,0
219000198,0,0,0
219000199,0,0,0
219000200,1,1,0
219000201,0,4,-4
219000203,0,0,0
219000204,3,17,-14
219000205,4,21,-17
219000207,3,31,-28
219000209,0,0,0
219000210,0,3,-3
219000213,1,57,-56
219000239,36,120,-84
219000240,45,198,-153
219000241,79,90,-11
219000242,10,103,-93
219000243,52,366,-314
219000244,0,188,-188
219000245,8,73,-65
219000246,8,25,-17
219000247,311,20,291
219000248,391,329,62
219000249,238,131,107
219000250,141,98,43
219000251,492,74,418
219000252,280,53,227
219000253,129,4,125
219000255,126,137,-11
219000256,318,25,293
219000257,107,0,107
219000262,9,6,3
219000263,30,16,14
219000267,0,0,0
219000268,0,0,0
219000269,8,2,6
219000270,5,0,5
219000271,124,6,118
219000278,0,0,0
219000279,0,0,0
219000283,0,0,0
219000295,2,13,-11
219000296,14,27,-13
219000297,0,5,-5
219000298,0,4,-4
219000299,186,25,161
219000300,8,8,0
219000301,3,36,-33
219000302,6,6,0
219000307,0,0,0
219000308,71,28,43
219000311,100,13,87
219000312,262,65,197
219000313,287,71,216
219000314,3,8,-5
219000315,272,15,257
219000316,486,27,459
219000317,104,10,94
219000320,0,0,0
219000321,0,0,0
219000323,0,0,0
219000325,0,0,0
219000326,4,13,-9
219000327,0,0,0
219000328,0,0,0
219000329,242,93,149
219000330,17,7,10
219000331,39,2,37
219000332,178,35,143
219000333,34,18,16
219000335,102,1,101
219000337,17,1,16
219000338,32,0,32
219000344,0,0,0
219000345,0,0,0
219000346,0,0,0
219000348,6,3,3
219000349,1,23,-22
219000350,0,2,-2
219000351,0,0,0
219000352,19,47,-28
219000353,153,48,105
219000354,703,36,667
219000355,98,10,88
219000356,299,628,-329
219000363,215,29,186
219000364,193,15,178
219000365,89,10,79
219000366,204,732,-528
219000368,191,337,-146
219000370,519,361,158
219000371,0,0,0
219000382,1,4,-3
219000383,50,230,-180
219000385,44,179,-135
219000386,72,510,-438
219000387,1,1,0
219000390,1,1,0
219000391,1,0,1
219000397,0,0,0
219000398,25,22,3
219000401,0,17,-17
219000402,1,17,-16
219000403,35,45,-10
219000404,1,29,-28
219000407,13,8,5
219000409,58,23,35
219000410,51,1,50
219000411,101,2,99
219000446,2,86,-84
219000447,0,0,0
219000448,2,9,-7
219000452,56,87,-31
219000453,7,116,-109
219000454,228,286,-58
219000556,543,14,529
219000558,20,46,-26
219000590,2,118,-116
219000591,249,21,228
219000592,9,34,-25
219000595,0,0,0
219000635,26,39,-13
219000636,0,1,-1
219000657,7,0,7
219000658,0,2,-2
219000673,0,0,0
219000676,17,0,17
219000679,10,2,8
219000684,101,1,100
219000685,0,7,-7
219000686,1,1,0
219000688,0,1,-1
219000689,3,45,-42
219000690,84,9,75
219000691,15,6,9
219000692,69,1,68
219000693,0,0,0
219000694,20,0,20
219000695,156,1,155
219000698,0,0,0
219000699,0,0,0
219000727,0,0,0
219000728,59,0,59
219000770,1,4,-3
219000771,0,0,0
219000788,37,258,-221
219001150,0,92,-92
219001151,0,0,0
219001166,3,19,-16
219001167,1,5,-4
219001178,66,0,66
220000001,6,65,-59
220000002,3,28,-25
220000003,24,57,-33
220000004,142,88,54
220000005,116,295,-179
220000006,36,187,-151
220000007,114,87,27
220000008,69,131,-62
220000009,40,48,-8
220000010,13,71,-58
220000011,226,2413,-2187
220000012,13,345,-332
220000014,114,22,92
220000015,10,334,-324
220000017,32,156,-124
220000018,4324,845,3479
220000019,108,453,-345
220000020,328,176,152
220000021,632,128,504
220000022,1010,142,868
220000023,159,126,33
220000024,579,433,146
220000025,493,1333,-840
220000026,286,564,-278
220000027,5,201,-196
220000028,19,420,-401
220000029,4,16,-12
220000030,5,92,-87
220000031,601,377,224
220000064,50,368,-318
221000046,4,0,4
221000047,0,0,0
221000048,0,1,-1
221000049,0,3,-3
221000050,11,0,11
221000055,4,44,-40
221000057,148,1,147
221000068,223,84,139
221000069,319,19,300
221000070,182,2,180
221000071,88,1,87
221000072,233,2,231
221000073,239,6,233
221000074,0,1,-1
221000075,0,21,-21
221000076,1,8,-7
221000077,2,12,-10
221000081,10,3,7
221000082,74,1,73
221000083,3,2,1
221000084,0,0,0
221000085,2,60,-58
221000086,1,125,-124
221000087,0,74,-74
221000088,6,61,-55
221000089,11,67,-56
221000090,16,137,-121
221000098,151,6,145
221000099,239,3,236
221000100,137,4,133
221000101,121,0,121
221000102,187,10,177
221000109,2,7,-5
221000110,1,21,-20
221000111,1,26,-25
221000112,0,15,-15
221000113,0,12,-12
221000114,1,70,-69
221000120,6,77,-71
221000121,1,27,-26
221000122,4,29,-25
221000123,0,29,-29
221000124,10,203,-193
221000155,129,3,126
221000156,75,14,61
221000175,15,2,13
221000176,0,35,-35
221000182,92,1,91
221000241,296,270,26
221000242,30,104,-74
221000243,291,143,148
221000244,43,206,-163
221000245,44,28,16
221000246,9,194,-185
221000247,106,57,49
221000248,62,93,-31
221000267,30,223,-193
221000325,37,103,-66
221000331,2,77,-75
221000338,0,44,-44
221000378,343,11,332
221000381,43,32,11
222000282,15,0,15
222000296,5,34,-29
222000568,318,8,310
222000569,108,20,88
222000570,193,8,185
222000571,386,4,382
222000577,2,50,-48
222000578,2,69,-67
222000579,31,69,-38
222000580,24,601,-577
222000599,0,46,-46
222000600,0,44,-44
222000601,0,174,-174
222000603,9,14,-5
222000604,0,35,-35
222000605,2,17,-15
222000606,0,6,-6
222000607,0,1,-1
222000608,5,7,-2
222000609,36,21,15
222000616,646,20,626
222000617,0,1,-1
222000618,0,4,-4
222000620,21,7,14
222000621,19,30,-11
222000623,496,10,486
222000624,396,14,382
222000625,849,11,838
222000636,34,1,33
222000686,2,26,-24
222000687,20,4,16
222001066,547,2,545
222001067,82,2,80
222001068,289,8,281
222001069,178,21,157
222001082,33,16,17
222001083,117,4,113
222001084,0,22,-22
222001085,2,270,-268
222001111,85,20,65
222001112,403,20,383
222001313,2,1,1
222001314,0,22,-22
222001464,42,10,32
222001465,7,17,-10
222001484,220,26,194
222001485,4,8,-4
222001494,768,139,629
222001495,16,53,-37
222001496,481,37,444
222001497,32,155,-123
222001502,0,20,-20
222001503,159,17,142
222001504,1,45,-44
222001505,446,21,425
222001506,2,14,-12
222001507,181,9,172
222001510,668,26,642
222001511,1,59,-58
222001514,685,37,648
222001515,9,82,-73
222001518,704,27,677
222001519,10,60,-50
222001527,119,22,97
222001528,0,17,-17
222001529,542,14,528
222001530,5,44,-39
222001533,6,76,-70
222001534,648,11,637
222001535,354,70,284
222001536,13,167,-154
222001537,379,17,362
222001538,3,89,-86
222001563,1108,31,1077
222001564,13,99,-86
222001568,142,31,111
222001576,0,1,-1
222001579,0,30,-30
222001583,2,32,-30
222001584,195,20,175
222001596,106,258,-152
222001597,1341,102,1239
222001626,1,42,-41
222001650,12,15,-3
222001651,17,123,-106
222001914,276,14,262
222001915,2,26,-24
222001968,435,78,357
222001969,89,235,-146
222001970,63,135,-72
222001971,123,0,123
222001972,14,3,11
225000001,433,87,346
225000002,624,66,558
225000003,944,46,898
225000004,597,59,538
225000005,38,25,13
225000006,0,0,0
225000007,121,367,-246
225000010,198,22,176
225000011,132,879,-747
225000012,158,573,-415
225000013,49,71,-22
225000014,484,69,415
225000015,38,44,-6
225000021,409,60,349
225000027,49,65,-16
225000032,515,60,455
225000042,39,105,-66
225000049,6,8,-2
225000050,88,18,70
225000053,0,0,0
225000058,342,69,273
225000067,13,16,-3
225000068,18,20,-2
225000069,3,55,-52
225000070,3,46,-43
225000071,3,42,-39
225000075,37,164,-127
225000076,0,0,0
225000078,12,17,-5
225000085,94,20,74
225000086,283,36,247
225000087,94,5,89
225000088,1,27,-26
225000089,0,0,0
225000090,0,0,0
225000091,0,0,0
225000092,4,20,-16
225000093,34,14,20
225000094,0,14,-14
225000095,21,19,2
225000096,6,29,-23
225000098,738,55,683
225000099,529,20,509
225000100,601,66,535
225000104,17,100,-83
225000110,0,18,-18
225000111,181,112,69
225000112,152,213,-61
225000113,27,355,-328
225000114,39,179,-140
225000115,615,358,257
225000116,158,49,109
225000117,424,276,148
225000118,726,213,513
225000119,214,40,174
225000120,484,26,458
225000121,86,16,70
225000123,641,5,636
225000125,546,117,429
225000126,351,153,198
225000127,365,1848,-1483
225000128,370,1197,-827
225000132,490,9,481
225000133,139,13,126
225000134,436,84,352
225000135,121,8,113
225000136,408,7,401
225000137,325,35,290
225000138,379,69,310
225000143,0,0,0
225000144,0,0,0
225000145,50,26,24
225000146,0,0,0
225000147,0,0,0
225000148,0,0,0
225000149,0,0,0
225000151,0,0,0
225000155,7,26,-19
225000156,67,409,-342
225000157,131,106,25
225000158,3,19,-16
225000171,2,52,-50
225000180,39,13,26
225000181,0,6,-6
225000182,39,2,37
225000185,0,71,-71
225000187,12,46,-34
225000191,25,0,25
225000194,0,6,-6
225000208,0,1,-1
225000209,62,15,47
225000210,0,0,0
225000217,0,1,-1
225000218,4,0,4
225000223,0,102,-102
225000224,16,1,15
225000225,0,50,-50
225000226,100,10,90
225000227,5,44,-39
225000228,5,16,-11
225000229,0,6,-6
225000230,2,0,2
225000231,1,8,-7
225000232,134,0,134
225000241,33,0,33
225000242,0,2,-2
225000249,23,6,17
225000250,0,0,0
225000251,477,39,438
225000254,1,80,-79
225000256,2,166,-164
225000257,0,96,-96
226000042,12,13,-1
226000043,1,17,-16
226000044,6,35,-29
226000045,2,45,-43
226000046,944,43,901
226000047,442,26,416
226000048,463,90,373
226000049,368,225,143
226000070,0,0,0
226000071,0,0,0
226000072,0,0,0
226000073,0,0,0
226000074,0,0,0
226000084,0,0,0
226000085,0,0,0
226000086,0,1,-1
226000087,0,0,0
226000088,0,1,-1
226000090,17,56,-39
226000091,4,18,-14
226000092,3,22,-19
226000093,11,31,-20
226000094,10,8,2
226000095,10,10,0
226000105,2,1,1
226000106,9,0,9
226000107,41,0,41
226000108,13,0,13
226000109,160,0,160
226000124,258,66,192
226000134,1219,226,993
226000135,2029,223,1806
226000136,770,154,616
226000137,0,0,0
226000138,0,0,0
226000139,0,0,0
226000156,262,2,260
226000157,347,0,347
226000163,0,2,-2
226000202,0,0,0
226000231,506,1,505
226000232,57,1,56
227000033,463,7,456
227000036,767,14,753
227000037,792,1,791
227000038,137,6,131
227000084,0,0,0
227000085,0,0,0
227000088,37,0,37
227000089,56,1,55
227000090,54,0,54
227000091,116,0,116
227000092,14,0,14
227000093,76,0,76
227000094,15,0,15
227000130,0,0,0
227000131,0,0,0
227000132,0,0,0
227000133,0,0,0
227000134,0,0,0
227000152,0,0,0
227000153,0,0,0
227000154,0,0,0
227000155,0,0,0
227000156,0,0,0
227000165,0,0,0
227000196,755,51,704
227000199,721,53,668
227000230,1,125,-124
227000232,1044,83,961
227000242,0,4,-4
227000243,373,18,355
227000245,1,2,-1
227000246,1,14,-13
227000247,697,11,686
227000248,205,101,104
227000249,5,32,-27
227000250,288,273,15
227000251,5,49,-44
227000252,0,3,-3
227000253,356,66,290
227000262,900,20,880
227000266,1880,13,1867
227000267,0,181,-181
227000282,0,0,0
227000284,902,10,892
227000286,0,0,0
227000287,0,0,0
227000291,0,0,0
227000296,118,185,-67
227000484,278,9,269
227000485,1,1,0
227000655,466,14,452
227000656,785,23,762
227000657,322,6,316
227000661,552,28,524
227000680,59,162,-103
229000265,39,16,23
229000296,0,28,-28
229000297,2,17,-15
229000298,1,201,-200
229000320,19,1,18
229000321,35,5,30
229000412,17,38,-21
229000414,22,17,5
229000415,3,1,2
229000416,7,0,7
229000417,4,0,4
229000419,94,105,-11
229000440,178,25,153
229000442,22,2,20
229000443,24,0,24
229000444,0,24,-24
229000445,28,0,28
229000446,60,12,48
229000491,0,0,0
229000492,1,2,-1
229000493,0,6,-6
229000494,81,0,81
229000495,143,4,139
229000496,215,0,215
229000507,0,0,0
229000508,0,0,0
229000509,0,2,-2
229000510,0,1,-1
229000511,0,2,-2
229000512,0,1,-1
229000513,0,2,-2
229000514,0,0,0
229000517,4,0,4
229000518,1,3,-2
229000519,0,2,-2
229000520,1,11,-10
229000521,85,12,73
229000522,8,1,7
229000523,6,0,6
229000524,10,0,10
229000527,0,1,-1
229000528,0,0,0
229000529,24,0,24
229000530,176,1,175
229000531,41,0,41
229000532,7,0,7
229000533,78,1,77
229000534,42,0,42
229000564,108,0,108
229000565,85,0,85
229000566,0,0,0
229000567,0,0,0
229000582,88,0,88
229000583,20,3,17
229000584,0,0,0
229000585,0,0,0
229000718,0,0,0
229000719,0,0,0
229000720,0,0,0
229000721,0,0,0
229000722,0,0,0
229000723,0,0,0
229000724,0,0,0
229000725,0,0,0
229000738,0,0,0
229000739,0,0,0
229000740,1,0,1
229000741,36,0,36
229000742,2,0,2
229000743,29,0,29
229000744,3,0,3
229000745,1,0,1
229000746,15,0,15
229000847,116,0,116
229000848,183,0,183
229000849,270,1,269
229000851,232,0,232
229000854,0,0,0
229000856,0,0,0
229000857,0,0,0
229000858,0,0,0
229000919,0,0,0
229000930,0,0,0
229000937,67,17,50
229000966,35,16,19
229000981,0,0,0
229000985,5,8,-3
229000986,0,3,-3
229000987,1,6,-5
229000988,0,9,-9
229000989,1,9,-8
229000990,0,15,-15
229000991,1,0,1
229000992,19,0,19
229000993,155,2,153
229000998,35,42,-7
229000999,71,3,68
229001034,0,11,-11
229001035,6,18,-12
229001037,37,2,35
229001042,7,0,7
229001047,1,25,-24
229001050,35,39,-4
229001168,0,0,0
229001200,55,0,55
229001338,0,2,-2
229001394,206,2,204
229001422,99,8,91
229001423,0,0,0
229001431,9,37,-28
229001432,0,0,0
229001444,140,2,138
229001445,89,29,60
229001479,49,1,48
229001503,220,18,202
229001504,0,0,0
229001505,81,7,74
229001506,0,0,0
229001509,66,2,64
229001545,66,11,55
229001546,0,0,0
229001553,33,6,27
229001554,0,0,0
229001559,0,0,0
229001560,0,7,-7
229001630,146,0,146
229001631,13,8,5
229001635,1,8,-7
229001636,0,0,0
229001658,0,0,0
229001659,83,5,78
229001660,0,2,-2
229001661,1,7,-6
229001662,5,0,5
229001663,0,0,0
229002584,352,103,249
229002831,56,63,-7
229002841,1,50,-49
229002842,22,9,13
229002843,78,28,50
229002844,11,59,-48
229002845,1,85,-84
229002846,1,5,-4
229002847,0,3,-3
229002848,4,30,-26
229002849,0,67,-67
229002850,3,7,-4
229002851,33,151,-118
229002852,52,68,-16
229002853,27,6,21
229002854,20,23,-3
229002855,0,62,-62
229002856,35,1,34
229002857,46,30,16
229002858,38,1,37
229002859,15,27,-12
229002860,30,29,1
229002861,43,62,-19
229002862,12,6,6
229002863,0,17,-17
229002864,35,8,27
229002865,2,39,-37
229002866,19,21,-2
229002867,2,21,-19
229002868,3,1,2
229002869,1,38,-37
229002870,51,4,47
235000066,116,9,107
235000067,44,18,26
235000072,0,0,0
235000073,0,0,0
235000074,0,0,0
235000080,0,0,0
235000081,0,0,0
235000082,261,22,239
235000083,190,72,118
235000084,23,22,1
235000085,195,69,126
235000089,31,14,17
235000092,0,0,0
235000093,0,0,0
235000097,0,0,0
235000098,38,3,35
235000099,7,0,7
235000116,8,3,5
235000117,406,15,391
235000133,0,0,0
235000134,0,0,0
235000206,0,6,-6
235000207,0,3,-3
235000208,0,9,-9
235000209,1,2,-1
235000210,17,6,11
235000212,0,0,0
235000213,0,0,0
235000220,0,0,0
235000221,0,0,0
235000238,4,439,-435
235000239,1,25,-24
235000242,144,1125,-981
235000245,0,0,0
235000246,0,0,0
235000284,0,75,-75
235000295,34,0,34
235000305,202,25,177
235000306,362,3,359
235000307,17,1,16
235000308,11,0,11
235000309,53,0,53
235000310,54,0,54
235000311,25,15,10
235000322,1,12,-11
235000323,0,23,-23
235000324,0,9,-9
235000325,0,10,-10
235000326,5,46,-41
235000351,0,56,-56
235000352,10,14,-4
235000353,17,20,-3
235000354,0,4,-4
235000355,12,68,-56
235000356,42,3,39
235000357,21,2,19
235000358,13,3,10
235000359,0,2,-2
235000360,47,0,47
235000361,23,2,21
235000381,0,0,0
235000382,213,12,201
235000390,1,6,-5
235000391,197,17,180
235000392,223,73,150
235000393,119,67,52
235000395,117,8,109
235000396,663,16,647
235000400,37,20,17
235000401,0,0,0
235000405,0,0,0
235000406,0,0,0
235000407,0,0,0
235000409,0,0,0
235000410,0,0,0
235000411,0,0,0
235000485,0,0,0
235000486,7,0,7
235000549,75,117,-42
235000550,0,0,0
235000599,0,0,0
235000600,0,0,0
235000601,35,8,27
235000602,148,20,128
235000614,0,0,0
235000648,0,0,0
235000649,30,8,22
235000685,0,0,0
235000815,15,10,5
235000834,0,3,-3
235000855,27,33,-6
235000862,0,0,0
235000891,0,0,0
235000892,17,1,16
235000901,0,0,0
235000907,0,0,0
235001010,73,49,24
235001029,0,0,0
235001030,254,21,233
235001078,159,25,134
235001079,0,0,0
235001147,1,38,-37
235001166,4,12,-8
235001167,0,0,0
235001169,7,104,-97
235001188,0,0,0
235001189,0,5,-5
235001197,0,0,0
235001200,0,0,0
235001207,173,78,95
235001210,0,0,0
235001215,0,0,0
235001239,0,0,0
235001244,0,0,0
235016267,0,79,-79
277101746,0,4,-4
277102712,9,0,9
277103813,0,0,0
277103898,0,0,0
277104249,0,0,0
277104250,0,8,-8
277104251,0,1,-1
277104252,0,1,-1
990011530,0,86,-86
990014944,1,59,-58
990015176,9,37,-28
990015618,0,62,-62
990016032,0,91,-91
990032570,7,168,-161
990070001,87,21,66
990070103,0,1,-1
990070601,0,19,-19
990070751,1719,2,1717
990070766,0,77,-77
990071180,361,38,323
990071343,4,0,4
990071387,0,0,0
990071823,359,7,352
990072600,2,539,-537
990072964,0,164,-164
990073285,0,3,-3
990074393,2,250,-248
990074870,1426,13,1413
990075106,223,6,217
990075746,588,14,574
990076437,2897,2,2895
990076458,0,279,-279
997000007,162,3,159
997000041,0,265,-265
997000058,40,0,40
997000062,72,3,69
997000069,0,27,-27
997000070,0,10,-10
997000100,62,1,61
997000141,0,0,0
997000198,0,0,0
998000475,0,0,0
998000736,0,50,-50
998000965,1,60,-59
998001031,0,40,-40
998001700,1,17,-16
998001899,0,0,0
998001900,32,36,-4
998003073,1900,17,1883
998101900,0,0,0
998102850,0,57,-57
998501927,188,69,119
998501929,179,2,177
998501930,83,0,83
998501931,96,22,74
998501932,8,1,7
998501933,32,0,32
998501937,8,2,6
998501944,8,0,8
998501950,0,0,0
998501970,181,61,120
998501971,0,6,-6
998501973,0,7,-7
998501974,0,122,-122
998501975,135,1,134
998501976,29,2,27
998501977,1,33,-32
998501978,9,1,8
998501979,0,0,0
998501980,134,2,132
998501981,81,32,49
998501982,0,41,-41
998502006,0,0,0
998502024,0,3,-3
998502032,0,4,-4
998502062,6,2,4
998502063,0,0,0
998502173,4,0,4
998502269,0,0,0
998601159,1,26,-25
998601292,1,7,-6
999033574,0,392,-392
999800001,19,5,14
999800002,0,0,0
999800003,1,4,-3
999800004,0,3,-3
999800005,0,0,0
