ID,insum,outsum,diff
100000001,505,379,126
100000002,1135,407,728
100000003,8408,1595,6813
100000004,1964,499,1465
100000005,1889,1682,207
100000006,163,105,58
100000007,557,274,283
100000008,95,613,-518
100000009,154,119,35
100000010,11,48,-37
100000011,193,52,141
100000012,24,669,-645
100000013,9,200,-191
100000014,161,407,-246
100000015,748,549,199
100000016,801,1536,-735
100000017,423,1270,-847
100000018,1071,438,633
100000019,5245,1413,3832
100000020,1460,1797,-337
100000021,8137,1838,6299
100000022,1018,492,526
100000023,6923,782,6141
100000025,3142,343,2799
100000028,1603,733,870
100000029,180,131,49
100000030,770,44,726
100000031,5169,2982,2187
100000032,2560,2373,187
100000033,486,1603,-1117
100000034,917,244,673
100000035,1113,476,637
100000036,2434,879,1555
100000037,234,360,-126
100000038,588,640,-52
100000039,381,133,248
100000040,70,55,15
100000041,284,274,10
100000042,329,224,105
100000043,392,182,210
100000044,391,665,-274
100000045,455,1610,-1155
100000046,456,1410,-954
100000047,179,983,-804
100000048,346,813,-467
100000049,1534,3012,-1478
100000051,241,1302,-1061
100000053,22,2,20
100000054,53,20,33
100000055,343,263,80
100000056,120,433,-313
100000057,1093,584,509
100000058,520,1623,-1103
100000059,2,86,-84
100000060,201,257,-56
100000061,985,455,530
100000062,678,407,271
100000063,340,235,105
100000064,427,353,74
100000065,308,1169,-861
100000066,88,1014,-926
100000067,244,850,-606
100000068,379,1817,-1438
100000069,169,1772,-1603
100000072,407,1715,-1308
100000073,1025,1537,-512
100000075,289,369,-80
100000076,1327,1501,-174
100000077,858,42,816
100000078,151,18,133
100000079,50,39,11
100000080,11,10,1
100000081,22,9,13
100000102,1810,965,845
100000103,2777,559,2218
100000104,4213,987,3226
100000105,4270,471,3799
100000106,2348,845,1503
100000107,373,186,187
100000108,895,1374,-479
100000109,3659,1174,2485
100000116,1138,321,817
100000117,19,15,4
100000118,1152,448,704
100000119,353,484,-131
100000121,125,506,-381
100000122,669,728,-59
100000123,4613,4409,204
100000124,10462,4936,5526
100000125,4601,606,3995
100000126,972,270,702
100000127,1988,325,1663
100000128,768,768,0
100000129,717,376,341
100000130,283,493,-210
100000131,5512,2576,2936
100000132,3032,1056,1976
100000133,13348,3192,10156
100000135,271,371,-100
100000139,144,230,-86
100000140,136,310,-174
100000142,175,454,-279
100000143,513,803,-290
100000144,4177,1115,3062
100000147,691,1565,-874
100000150,30,426,-396
100000151,443,222,221
100000153,428,232,196
100000154,140,59,81
100000155,5,12,-7
100000156,26,80,-54
100000157,82,111,-29
100000158,33,85,-52
100000159,268,374,-106
100000165,878,753,125
100000169,584,212,372
100000174,2029,303,1726
100000179,59,511,-452
100000180,992,1055,-63
100000181,85,322,-237
100000188,43,376,-333
100000189,354,240,114
100000190,314,233,81
100000191,323,343,-20
100000192,103,35,68
100000193,147,88,59
100000330,2711,354,2357
100000355,221,467,-246
100000362,4668,3660,1008
100000363,1467,2749,-1282
100000364,361,129,232
100000365,2750,3378,-628
100000366,4025,2632,1393
100000367,1882,2493,-611
100000368,1762,2013,-251
100000369,623,1059,-436
100000370,77,250,-173
100000376,87,75,12
100000379,1993,992,1001
100000380,2801,1237,1564
100000384,5674,1687,3987
100000385,5387,2906,2481
100000386,10005,1723,8282
100000387,8693,2766,5927
100000388,17000,2444,14556
100000389,14512,2597,11915
100000390,15268,2098,13170
100000391,9272,2656,6616
100000392,2749,1119,1630
100000393,1332,753,579
100000394,6865,2459,4406
100000395,3470,660,2810
100000396,3696,1317,2379
100000397,1853,818,1035
100000398,11345,8203,3142
100900002,1,55,-54
100900003,76,87,-11
100900004,19,1230,-1211
100900005,63,3,60
100900006,1,238,-237
100900007,210,3,207
100900008,8,652,-644
100900009,40,25,15
100900010,8,119,-111
100900011,29,382,-353
100900012,1,384,-383
100900013,199,0,199
100900014,2,9,-7
100900015,132,110,22
100900016,0,37,-37
100900017,699,47,652
100900018,0,11,-11
100900019,9,43,-34
100900020,116,1,115
100900021,823,2,821
100900022,1,11,-10
100900023,0,12,-12
100900024,388,0,388
100900025,0,6,-6
100900026,54,161,-107
100900027,608,1941,-1333
100900028,61,134,-73
100900029,92,11,81
100900030,0,18,-18
100900031,167,47,120
100900032,73,0,73
100900033,242,70,172
100900034,186,0,186
100900035,331,0,331
100900036,11,0,11
100900037,22,394,-372
100900038,24,17,7
100900039,222,672,-450
100900040,127,1152,-1025
100900041,174,1271,-1097
100900042,234,120,114
100900043,0,0,0
100900044,3094,207,2887
100900045,9,0,9
100900046,596,1,595
100900047,713,53,660
100900048,12,8,4
100900049,20,313,-293
100900050,1,34,-33
100900051,30,46,-16
100900052,48,20,28
100900053,64,15,49
100900054,1,111,-110
100900055,107,185,-78
100900056,13,78,-65
100900057,469,280,189
100900058,71,23,48
100900059,40,0,40
100900060,31,5,26
100900061,170,292,-122
100900062,4,58,-54
100900063,92,295,-203
100900064,483,10,473
100900065,35,34,1
100900066,17,34,-17
100900067,4,9,-5
100900068,23,211,-188
100900069,142,1,141
100900070,50,5,45
100900071,642,288,354
100900072,0,55,-55
100900073,49,565,-516
100900074,0,3,-3
100900075,3364,205,3159
100900076,48,35,13
100900077,2,103,-101
100900078,49,84,-35
100900079,0,25,-25
100900080,3,142,-139
100900081,4,41,-37
100900082,15,811,-796
100900083,3,36,-33
100900085,1,75,-74
100900086,48,275,-227
100900088,13,896,-883
100900089,0,26,-26
100900090,213,547,-334
100900091,0,25,-25
100900092,58,96,-38
100900093,48,93,-45
100900094,38,995,-957
100900095,1,27,-26
100900096,16,117,-101
100900097,0,3,-3
100900098,4,43,-39
100900099,17,585,-568
100900100,14,225,-211
100900101,351,22,329
100900102,145,36,109
100900103,1,23,-22
100900104,5,148,-143
100900105,4,56,-52
100900106,61,2,59
100900107,1630,314,1316
100900108,0,7,-7
100900109,2,38,-36
100900110,2,14,-12
100900111,84,94,-10
100900112,0,3,-3
100900113,1,23,-22
100900114,0,20,-20
100900115,0,6,-6
100900116,576,163,413
100900117,198,276,-78
100900118,67,52,15
100900119,0,18,-18
100900120,0,9,-9
100900121,248,164,84
100900122,75,171,-96
100900123,12,43,-31
100900124,0,2,-2
100900125,8,114,-106
100900126,19,229,-210
100900127,1,1,0
100900128,101,124,-23
100900129,0,94,-94
100900131,38,95,-57
100900133,13,62,-49
100900134,1,7,-6
100900135,0,74,-74
100900137,261,158,103
100900138,253,184,69
100900139,0,7,-7
100900140,3,1218,-1215
100900141,1,251,-250
100900142,0,2,-2
100900143,1148,201,947
100900144,19,5,14
100900145,8,109,-101
100900146,12,7,5
100900147,4,212,-208
100900148,28,1387,-1359
100900149,2,18,-16
100900150,4,7,-3
100900151,59,574,-515
100900152,85,3,82
100900153,1,158,-157
100900154,2,8,-6
100900155,1,6,-5
100900156,25,2,23
100900157,0,107,-107
100900158,1311,423,888
100900159,0,9,-9
100900160,0,20,-20
100900161,127,9,118
100900162,2,174,-172
100900163,83,225,-142
100900164,4,25,-21
100900165,22,73,-51
100900166,45,1,44
100900167,14,91,-77
100900168,20,97,-77
100900169,166,1638,-1472
100900170,8,1,7
100900171,12,1102,-1090
100900172,0,12,-12
100900173,6,816,-810
100900174,99,17,82
100900176,1327,30,1297
100900177,1235,131,1104
100900178,103,225,-122
100900179,73,14,59
100900180,1,2,-1
100900181,30,20,10
100900182,3,12,-9
100900184,4,117,-113
100900186,1193,458,735
100900187,5,189,-184
100900188,49,16,33
100900189,947,113,834
100900191,1374,709,665
100900192,161,109,52
100900195,46,173,-127
100900197,0,37,-37
100900198,10,191,-181
100900199,1,2,-1
100900200,569,304,265
100900201,75,1017,-942
100900202,1,0,1
100900203,0,49,-49
100900204,263,108,155
100900205,65,152,-87
100900206,34,29,5
100900207,72,24,48
100900210,42,804,-762
100900211,184,28,156
100900213,28,7,21
100900214,1606,45,1561
100900215,1,20,-19
101000001,4967,1803,3164
101000002,2790,2108,682
101000003,734,1122,-388
101000004,10591,5359,5232
101000005,6107,4142,1965
101000006,8701,4965,3736
101000007,2312,2536,-224
101000008,3194,2397,797
101000009,891,2349,-1458
101000010,566,1549,-983
101000011,2026,677,1349
101000012,1942,315,1627
101000013,379,578,-199
101000014,470,500,-30
101000015,681,896,-215
101000016,252,349,-97
101000017,376,436,-60
101000018,3417,2239,1178
101000020,3991,936,3055
101000021,918,192,726
101000022,637,101,536
101000023,1593,666,927
101000025,57,308,-251
101000026,433,36,397
101000027,1414,1226,188
101000028,19,44,-25
101000029,10,611,-601
101000030,522,71,451
101000031,222,202,20
101000032,4162,1741,2421
101000033,2221,1277,944
101000034,2249,872,1377
101000035,1244,241,1003
101000036,1017,262,755
101000037,4109,868,3241
101000039,3665,607,3058
101000040,4717,1539,3178
101000041,11906,2133,9773
101000042,761,328,433
101000043,10434,1399,9035
101000045,1004,231,773
101000046,1773,845,928
101000047,1074,943,131
101000048,665,676,-11
101000049,657,518,139
101000050,2491,1062,1429
101000051,4658,887,3771
101000052,1437,422,1015
101000053,768,972,-204
101000054,1784,1336,448
101000055,1503,706,797
101000056,40,47,-7
101000057,3241,398,2843
101000058,2126,420,1706
101000059,3778,1090,2688
101000060,1852,97,1755
101000061,1594,405,1189
101000062,1428,166,1262
101000063,325,190,135
101000064,855,210,645
101000065,88,184,-96
101000066,229,130,99
101000067,636,245,391
101000068,202,127,75
101000069,242,48,194
101000070,1658,551,1107
101000071,1805,594,1211
101000072,977,2492,-1515
101000073,762,282,480
101000074,4970,1726,3244
101000075,7809,2135,5674
101000077,1195,819,376
101000078,946,1555,-609
101000079,303,748,-445
101000080,574,585,-11
101000081,812,705,107
101000082,3058,2307,751
101000083,1297,1040,257
101000084,1139,1331,-192
101000085,1486,781,705
101000086,1304,998,306
101000087,880,1327,-447
101000088,640,882,-242
101000089,692,1191,-499
101000090,2575,1495,1080
101000091,307,1566,-1259
101000092,818,1132,-314
101000093,1303,766,537
101000094,435,1254,-819
101000095,170,931,-761
101000096,221,622,-401
101000097,256,255,1
101000098,375,481,-106
101000099,1075,1108,-33
101000100,791,459,332
101000101,325,288,37
101000102,867,241,626
101000103,694,407,287
101000104,161,302,-141
101000105,1093,134,959
101000106,416,160,256
101000107,73,241,-168
101000108,1530,372,1158
101000109,93,58,35
101000110,25,899,-874
101000111,76,135,-59
101000113,83,388,-305
101000114,1921,950,971
101000115,22,57,-35
101000116,13,66,-53
101000117,55,211,-156
101000119,218,28,190
101000120,240,15,225
101000121,44,13,31
101000122,52,16,36
101000123,34,32,2
101000124,294,301,-7
101000125,86,353,-267
101000128,898,297,601
101000130,297,178,119
101000131,345,730,-385
101000132,197,1824,-1627
101000135,38,5,33
101000136,277,65,212
101000137,27,143,-116
101000141,2792,1255,1537
101000147,762,480,282
101000148,3655,34,3621
101000149,5,13,-8
101000150,22,1365,-1343
101000151,39,87,-48
101000152,242,273,-31
101000153,561,517,44
101000154,79,2032,-1953
101000155,72,99,-27
101000156,17,130,-113
101000157,50,24,26
101000160,13,28,-15
101000163,159,43,116
101000164,473,284,189
101000165,177,291,-114
101000166,212,431,-219
101000168,593,253,340
101000252,618,565,53
101000254,358,23,335
101000258,27,9,18
101000261,164,77,87
101000262,459,809,-350
101000263,145,1130,-985
101000265,42,492,-450
101000266,234,161,73
101000269,113,4,109
101000290,1596,1208,388
101000293,6,87,-81
101000294,356,480,-124
101000295,160,464,-304
101000301,698,122,576
101000304,1784,2270,-486
101000305,2035,1897,138
101900001,9,77,-68
101900002,0,15,-15
101900003,48,94,-46
101900004,3,27,-24
101900005,6617,716,5901
101900006,784,8,776
101900007,325,28,297
101900008,117,95,22
101900009,47,235,-188
101900010,848,252,596
101900011,330,620,-290
101900012,81,176,-95
101900013,1308,63,1245
101900017,24,69,-45
101900018,1199,85,1114
101900019,106,128,-22
101900020,1126,147,979
101900021,0,22,-22
101900022,21,1697,-1676
101900023,27,293,-266
102000001,1566,3189,-1623
102000002,2503,1234,1269
102000003,3487,2964,523
102000004,9688,2166,7522
102000005,1253,2014,-761
102000006,1789,1222,567
102000007,1418,3500,-2082
102000008,7649,1589,6060
102000009,5836,6536,-700
102000010,7199,3043,4156
102000011,1887,2053,-166
102000012,2998,3107,-109
102000018,4304,2016,2288
102000019,3028,1136,1892
102000026,261,376,-115
102000029,456,168,288
102000030,46,163,-117
102000031,12,232,-220
102000032,130,400,-270
102000033,84,497,-413
102000034,494,385,109
102000035,908,530,378
102000036,9,148,-139
102000037,163,74,89
102000038,91,89,2
102000039,66,59,7
102000040,402,40,362
102000041,179,137,42
102000042,85,56,29
102000043,172,160,12
102000044,213,485,-272
102000045,721,905,-184
102000046,820,477,343
102000047,569,1038,-469
102000048,179,689,-510
102000049,550,445,105
102000050,724,1063,-339
102000051,270,407,-137
102000052,992,1017,-25
102000053,473,904,-431
102000054,171,692,-521
102000055,624,1045,-421
102000056,358,1407,-1049
102000057,1183,433,750
102000058,1078,1875,-797
102000059,858,1123,-265
102000060,727,888,-161
102000061,729,2935,-2206
102000062,509,1345,-836
102000063,1047,1321,-274
102000064,316,509,-193
102000065,38,103,-65
102000066,863,1098,-235
102000067,2547,2444,103
102000068,7299,2401,4898
102000069,15,1526,-1511
102000070,2321,65,2256
102000071,6004,8364,-2360
102000072,3377,4773,-1396
102000073,901,913,-12
102000074,570,912,-342
102000075,59,318,-259
102000076,133,521,-388
102000077,184,1439,-1255
102000078,433,1047,-614
102000079,85,366,-281
102000080,229,232,-3
102000081,269,791,-522
102000082,679,292,387
102000083,202,769,-567
102000084,71,591,-520
102000085,1417,1297,120
102000086,902,1282,-380
102000087,479,2050,-1571
102000088,149,283,-134
102000089,656,648,8
102000090,320,1183,-863
102000091,1140,431,709
102000092,535,681,-146
102000093,503,458,45
102000094,1248,339,909
102000095,781,970,-189
102000096,1847,641,1206
102000097,2040,1209,831
102000098,637,1022,-385
102000099,1005,466,539
102000100,924,596,328
102000101,1146,220,926
102000102,365,1406,-1041
102000103,1325,284,1041
102000104,1188,324,864
102000105,127,908,-781
102000106,524,1177,-653
102000107,542,563,-21
102000108,381,360,21
102000109,200,626,-426
102000110,244,1707,-1463
102000111,8,298,-290
102000112,111,111,0
102000113,19,25,-6
102000114,914,301,613
102000115,124,164,-40
102000116,254,189,65
102000117,209,432,-223
102000118,1455,800,655
102000119,2821,441,2380
102000120,99,418,-319
102000121,540,523,17
102000122,317,642,-325
102000123,1332,1007,325
102000124,915,825,90
102000125,858,925,-67
102000126,516,632,-116
102000127,701,699,2
102000128,436,1122,-686
102000129,638,939,-301
102000130,296,683,-387
102000131,1912,636,1276
102000132,626,427,199
102000133,760,3040,-2280
102000134,235,710,-475
102000135,1316,497,819
102000136,1248,250,998
102000137,1116,824,292
102000138,194,456,-262
102000139,63,361,-298
102000140,166,208,-42
102000141,163,592,-429
102000142,140,412,-272
102000143,54,538,-484
102000144,61,521,-460
102000145,135,423,-288
102000146,216,333,-117
102000147,265,243,22
102000148,182,206,-24
102000149,84,839,-755
102000150,135,229,-94
102000151,84,349,-265
102000152,75,124,-49
102000153,717,187,530
102000154,344,511,-167
102000155,69,217,-148
102000156,282,25,257
102000157,86,140,-54
102000158,167,112,55
102000159,1864,131,1733
102000161,4594,914,3680
102000162,193,86,107
102000163,84,266,-182
102000164,1129,535,594
102000165,166,111,55
102000166,21,62,-41
102000167,110,184,-74
102000168,146,83,63
102000169,63,283,-220
102000170,662,74,588
102000171,88,54,34
102000172,10,156,-146
102000173,177,161,16
102000174,13,84,-71
102000175,125,214,-89
102000176,32,61,-29
102000178,87,586,-499
102000179,129,191,-62
102000180,303,760,-457
102000181,156,792,-636
102000182,270,784,-514
102000183,662,2173,-1511
102000184,729,985,-256
102000185,1286,1990,-704
102000186,561,2349,-1788
102000187,269,2308,-2039
102000188,306,1686,-1380
102000189,4033,975,3058
102000190,710,2001,-1291
102000191,1423,547,876
102000192,474,1009,-535
102000193,14,208,-194
102000194,39,115,-76
102000195,212,565,-353
102000196,63,605,-542
102000197,163,628,-465
102000198,105,1034,-929
102000199,255,457,-202
102000200,160,1446,-1286
102000201,245,571,-326
102000202,0,141,-141
102000203,106,385,-279
102000204,149,1251,-1102
102000205,432,1102,-670
102000206,344,975,-631
102000207,293,493,-200
102000208,149,749,-600
102000209,18,52,-34
102000210,91,623,-532
102000211,150,723,-573
102000212,48,5,43
102000213,4,521,-517
102000214,69,2,67
102000215,3,664,-661
102000216,20,17,3
102000217,11,278,-267
102000218,86,50,36
102000219,359,418,-59
102000225,609,679,-70
102000226,4048,145,3903
102000227,27,1,26
102000228,0,127,-127
102000229,12,30,-18
102000230,213,753,-540
102000231,155,344,-189
102000232,10,95,-85
102000233,326,539,-213
102000234,64,1709,-1645
102000236,366,90,276
102000237,237,163,74
102000238,120,301,-181
102000240,706,449,257
102000241,199,100,99
102000243,7,52,-45
102000245,13,72,-59
102000246,10,23,-13
102000247,181,797,-616
102000248,128,324,-196
102000249,54,195,-141
102000250,16,452,-436
102000254,19,651,-632
102000266,38,160,-122
102000271,3,1,2
102000286,364,236,128
102000297,1167,835,332
102000300,0,0,0
102000301,0,0,0
102000305,0,0,0
102000306,1,0,1
102000307,1,5,-4
102000308,0,5,-5
102900001,1017,892,125
102900002,256,38,218
102900003,7,324,-317
102900005,164,347,-183
102900006,306,231,75
102900007,281,50,231
102900008,130,66,64
102900009,303,54,249
102900010,892,340,552
102900011,2686,274,2412
102900012,319,54,265
102900013,4,60,-56
102900015,693,186,507
102900016,14,121,-107
102900017,36,645,-609
102900018,12,104,-92
102900019,184,536,-352
102900020,31,53,-22
102900021,3,104,-101
102900022,250,58,192
102900023,16,40,-24
102900024,19,79,-60
102900025,252,72,180
102900026,611,1025,-414
102900027,38,67,-29
102900028,75,278,-203
102900029,56,89,-33
102900030,200,146,54
102900031,68,160,-92
102900032,9,131,-122
102900033,24,117,-93
102900034,119,171,-52
102900035,49,599,-550
102900036,108,778,-670
102900037,125,925,-800
102900038,289,618,-329
102900039,11,256,-245
102900040,122,199,-77
102900041,47,162,-115
102900042,122,361,-239
102900043,93,291,-198
102900044,320,2148,-1828
102900045,37,569,-532
102900046,42,407,-365
102900047,53,936,-883
102900048,363,913,-550
102900049,39,375,-336
102900050,227,454,-227
102900051,111,236,-125
102900052,12,22,-10
102900053,284,769,-485
102900054,1166,617,549
102900055,23,68,-45
102900056,141,474,-333
102900057,2,19,-17
102900058,328,34,294
102900059,9,42,-33
102900060,31,499,-468
102900061,50,520,-470
102900062,39,1825,-1786
102900063,323,345,-22
102900064,139,406,-267
102900065,1788,1080,708
102900066,294,44,250
102900068,56,82,-26
102900070,108,867,-759
102900072,18,38,-20
102900073,94,6,88
102900074,135,86,49
102900075,5,16,-11
102900076,141,23,118
102900077,17,24,-7
102900078,27,69,-42
102900079,124,19,105
102900080,235,14,221
102900081,82,243,-161
102900082,8,234,-226
102900083,250,8,242
102900084,1,10,-9
102900085,51,49,2
102900086,0,4,-4
102900087,41,168,-127
102900088,10,55,-45
102900089,194,155,39
102900090,0,605,-605
102900091,60,4,56
102900092,67,1259,-1192
102900093,167,180,-13
102900094,1,25,-24
102900095,61,3,58
102900096,10,10,0
102900097,1,144,-143
103000001,1637,2587,-950
103000002,1613,1735,-122
103000003,2748,2256,492
103000004,1077,617,460
103000005,1837,1743,94
103000006,390,948,-558
103000007,371,855,-484
103000008,898,1140,-242
103000009,539,719,-180
103000010,99,135,-36
103000011,1859,944,915
103000012,810,932,-122
103000013,7957,1803,6154
103000014,1200,1241,-41
103000015,2895,914,1981
103000016,432,634,-202
103000017,163,290,-127
103000018,1072,411,661
103000019,89,115,-26
103000020,1492,1551,-59
103000021,940,1004,-64
103000022,764,1361,-597
103000023,334,973,-639
103000024,74,136,-62
103000025,88,215,-127
103000026,2158,125,2033
103000027,275,247,28
103000028,813,303,510
103000029,561,138,423
103000030,2349,530,1819
103000031,1452,904,548
103000032,2084,1756,328
103000033,3017,2408,609
103000034,2353,768,1585
103000035,441,674,-233
103000036,511,352,159
103000037,697,378,319
103000038,564,709,-145
103000039,146,521,-375
103000040,177,1495,-1318
103000041,1417,3649,-2232
103000042,402,803,-401
103000043,282,1571,-1289
103000044,103,301,-198
103000046,249,279,-30
103000047,283,777,-494
103000048,125,129,-4
103000049,69,208,-139
103000050,411,762,-351
103000051,234,512,-278
103000052,596,468,128
103000053,116,363,-247
103000054,1243,916,327
103000055,1004,1511,-507
103000056,381,2565,-2184
103000057,418,349,69
103000058,295,1100,-805
103000059,288,814,-526
103000060,598,833,-235
103000061,333,736,-403
103000062,691,860,-169
103000063,498,718,-220
103000064,72,381,-309
103000065,2,385,-383
103000066,56,10,46
103000069,93,432,-339
103000070,512,1340,-828
103000071,523,339,184
103000072,71,1337,-1266
103000073,201,144,57
103000074,222,79,143
103000075,94,1325,-1231
103000076,114,149,-35
103000077,16,518,-502
103000078,1032,184,848
103000079,1820,314,1506
103000080,784,170,614
103000081,446,544,-98
103000082,307,168,139
103000083,41,450,-409
103000084,77,5,72
103000085,3,68,-65
103000086,368,238,130
103000087,53,439,-386
103000088,237,328,-91
103000089,167,248,-81
103000090,1032,933,99
103000091,312,384,-72
103000092,160,253,-93
103000093,264,674,-410
103000094,70,115,-45
103000095,24,566,-542
103000096,611,166,445
103000097,38,815,-777
103000098,885,93,792
103000099,288,676,-388
103000100,50,1050,-1000
103000101,381,232,149
103000102,115,779,-664
103000103,334,313,21
103000104,8,171,-163
103000105,64,87,-23
103000106,5,86,-81
103000107,298,46,252
103000108,406,481,-75
103000109,305,322,-17
103000110,320,367,-47
103000111,411,363,48
103000112,219,341,-122
103000113,464,679,-215
103000114,580,377,203
103000115,249,351,-102
103000116,247,509,-262
103000117,88,475,-387
103000118,1193,1125,68
103000119,2210,771,1439
103000120,35,111,-76
103000121,117,571,-454
103000122,122,153,-31
103000125,9,627,-618
103000126,167,9,158
103000127,1,367,-366
103000128,72,0,72
103000129,2,199,-197
103000130,28,5,23
103000131,214,109,105
103000132,70,63,7
103000133,1,239,-238
103000134,429,438,-9
103000135,1106,223,883
103000136,728,326,402
103000137,597,626,-29
103000138,745,582,163
103000139,2,44,-42
103000140,84,20,64
103000141,19,109,-90
103000142,109,70,39
103000143,25,268,-243
103000144,91,101,-10
103000145,23,45,-22
103000150,35,66,-31
103000152,119,218,-99
103000153,72,159,-87
103000156,3,702,-699
103000157,117,1,116
103000159,96,85,11
103000162,40,6,34
103000163,0,16,-16
103000164,5,10,-5
103000165,127,447,-320
103000166,82,134,-52
103000167,62,138,-76
103000168,35,182,-147
103000169,117,238,-121
103000170,547,583,-36
103000171,35,60,-25
103000172,204,1239,-1035
103000173,120,789,-669
103000174,130,288,-158
103000175,142,649,-507
103000176,799,181,618
103000177,852,402,450
103000178,403,271,132
103000179,47,17,30
103000183,22,77,-55
103000185,48,59,-11
103000186,32,162,-130
103000187,136,926,-790
103000188,5,87,-82
103000189,532,1165,-633
103000191,669,787,-118
103000292,3278,479,2799
103000293,1967,740,1227
103000295,101,59,42
103000296,59,1,58
103000297,58,6,52
103000504,58,14,44
103000505,8,9,-1
103000506,2,186,-184
103000507,57,2,55
103000508,41,44,-3
103000509,109,457,-348
103900001,3,366,-363
103900002,1863,130,1733
103900003,2181,103,2078
103900004,9,0,9
103900005,6,388,-382
103900006,0,0,0
103900007,4,46,-42
103900008,3,0,3
103900009,129,304,-175
103900010,47,302,-255
103900011,34,312,-278
103900012,2,18,-16
103900013,10,91,-81
103900014,61,64,-3
103900015,18,28,-10
103900016,139,369,-230
103900017,19,75,-56
103900018,609,135,474
103900019,37,96,-59
103900020,86,207,-121
103900021,1018,29,989
103900022,606,542,64
103900023,38,2,36
103900024,58,909,-851
103900025,0,45,-45
103900026,1,0,1
103900027,238,271,-33
103900028,16,180,-164
103900029,592,52,540
103900030,55,6,49
103900031,9,0,9
103900032,29,14,15
103900033,19,6,13
103900034,18,268,-250
103900035,52,68,-16
103900036,31,11,20
103900037,15,32,-17
103900038,65,57,8
103900039,19,617,-598
103900040,1,216,-215
103900041,6,20,-14
103900042,13,557,-544
103900043,44,125,-81
103900044,299,82,217
103900045,64,190,-126
103900047,18,53,-35
103900048,21,13,8
103900049,187,1336,-1149
103900050,5,69,-64
103900051,2,32,-30
103900052,72,819,-747
103900053,41,1431,-1390
103900054,32,702,-670
103900055,189,195,-6
103900056,7,48,-41
103900057,2,402,-400
103900058,58,938,-880
103900059,0,0,0
103900060,9,265,-256
103900061,20,53,-33
103900062,53,55,-2
103900063,0,0,0
103900064,12,0,12
103900065,745,322,423
103900066,19,4,15
103900067,62,7,55
103900068,1,0,1
103900069,23,1,22
103900070,97,337,-240
103900071,15,207,-192
103900072,1,412,-411
103900073,9,5,4
103900074,23,124,-101
103900075,17,91,-74
103900076,147,967,-820
103900077,101,23,78
103900078,56,165,-109
103900079,31,293,-262
103900080,6,20,-14
103900081,94,7,87
103900082,1,80,-79
103900083,2471,204,2267
103900084,11,159,-148
103900085,64,44,20
103900086,149,303,-154
103900087,11,125,-114
103900088,407,134,273
103900089,53,218,-165
103900090,2,176,-174
103900091,682,181,501
103900092,159,525,-366
103900093,119,536,-417
103900094,2,157,-155
103900095,81,201,-120
103900096,10,433,-423
103900097,5,551,-546
103900098,84,63,21
103900099,31,444,-413
103900100,86,368,-282
103900101,29,919,-890
103900102,1,17,-16
103900104,6,28,-22
103900105,45,139,-94
103900106,0,16,-16
103900107,37,263,-226
103900108,11,547,-536
103900109,32,92,-60
103900110,158,50,108
103900111,15,1030,-1015
103900112,7,61,-54
103900113,146,157,-11
103900114,600,363,237
103900115,253,77,176
103900116,7605,749,6856
103900117,236,184,52
103900119,15,33,-18
103900120,6,96,-90
103900122,26,437,-411
103900123,1384,448,936
103900124,8,12,-4
103900125,57,66,-9
103900126,151,564,-413
103900127,81,1119,-1038
103900128,19,305,-286
103900131,6,109,-103
103900133,665,11,654
103900134,0,1,-1
103900135,7,10,-3
103900137,0,48,-48
103900138,15,432,-417
103900139,146,864,-718
103900140,9,18,-9
103900141,222,103,119
103900142,44,157,-113
103900143,47,0,47
103900144,0,41,-41
103900145,76,400,-324
103900146,199,370,-171
103900147,148,126,22
103900148,68,228,-160
103900149,37,830,-793
103900150,8875,1321,7554
103900151,18,161,-143
103900152,118,917,-799
103900153,3,0,3
103900154,1598,529,1069
103900155,9,274,-265
103900156,7,175,-168
103900157,8,239,-231
103900158,19,201,-182
103900159,36,91,-55
103900160,9,10,-1
103900161,59,203,-144
103900162,48,361,-313
103900163,2,342,-340
103900164,117,33,84
103900167,5,33,-28
103900168,22,149,-127
103900169,24,21,3
103900170,4,115,-111
103900171,2,82,-80
103900172,13,36,-23
103900173,3,4,-1
103900174,39,62,-23
103900175,31,27,4
103900176,3,8,-5
103900177,8,47,-39
103900178,18,85,-67
103900179,19,222,-203
103900180,2,128,-126
103900181,50,35,15
103900182,27,11,16
103900184,610,23,587
103900185,275,86,189
103900187,76,22,54
103900188,23,5,18
103900189,49,11,38
103900190,14,27,-13
103900191,13,49,-36
103900192,21,85,-64
103900193,200,119,81
103900194,41,432,-391
103900195,0,12,-12
103900196,13,12,1
103900197,10,32,-22
103900198,2,70,-68
103900199,55,90,-35
103900200,66,216,-150
103900201,62,237,-175
103900202,7,52,-45
103900203,13,21,-8
103900204,7,195,-188
103900207,2,192,-190
103900208,12,3,9
103900209,5,125,-120
103900210,13,43,-30
103900211,247,777,-530
103900212,56,608,-552
103900213,73,261,-188
103900214,122,92,30
103900215,663,252,411
103900216,15,1076,-1061
103900217,269,17,252
103900218,1,116,-115
103900219,13,329,-316
103900233,84,5,79
103900235,8,19,-11
103900236,3,0,3
103900242,1,2,-1
103900243,2,1,1
103900244,31,343,-312
103900245,47,234,-187
103900246,37,28,9
103900247,19,75,-56
103900248,0,7,-7
103900249,3,10,-7
103900250,22,13,9
103900251,0,24,-24
103900253,21,18,3
103900254,3,9,-6
103900255,1,7,-6
103900256,2,2,0
103900257,9,25,-16
103900258,6,2,4
103900259,72,1,71
103900261,1,2,-1
103900262,3,1,2
103900263,23,4,19
103900264,26,5,21
103900265,18,10,8
103900266,0,39,-39
103900267,4,36,-32
104000001,1439,2363,-924
104000002,1439,2701,-1262
104000003,2157,2209,-52
104000004,3750,2439,1311
104000005,613,1754,-1141
104000006,2243,2807,-564
104000007,3452,3247,205
104000008,289,561,-272
104000009,75,134,-59
104000010,91,111,-20
104000011,942,593,349
104000012,72,644,-572
104000013,57,119,-62
104000014,193,775,-582
104000015,148,109,39
104000016,296,466,-170
104000018,381,137,244
104000019,236,82,154
104000020,162,1185,-1023
104000021,242,974,-732
104000022,100,447,-347
104000023,281,270,11
104000024,175,449,-274
104000026,22,311,-289
104000027,91,474,-383
104000028,224,279,-55
104000029,344,731,-387
104000030,123,227,-104
104000031,405,242,163
104000032,166,433,-267
104000033,322,407,-85
104000034,188,507,-319
104000035,307,467,-160
104000036,321,782,-461
104000037,178,359,-181
104000038,229,238,-9
104000039,143,575,-432
104000040,588,607,-19
104000041,283,269,14
104000042,225,500,-275
104000043,155,484,-329
104000044,136,986,-850
104000045,623,1487,-864
104000046,1596,1668,-72
104000047,479,1708,-1229
104000048,1398,2567,-1169
104000049,262,287,-25
104000050,158,640,-482
104000051,45,810,-765
104000052,620,1458,-838
104000053,477,761,-284
104000054,433,812,-379
104000055,3976,3689,287
104000056,1933,240,1693
104000057,58,622,-564
104000058,383,752,-369
104000059,314,1123,-809
104000060,384,946,-562
104000061,893,1607,-714
104000062,138,186,-48
104000064,729,290,439
104000065,103,288,-185
104000069,1308,443,865
104000070,40,331,-291
104000071,132,466,-334
104000072,755,222,533
104000075,48,248,-200
104000076,381,109,272
104000082,1879,2133,-254
104000083,709,213,496
104000084,67,501,-434
104000085,127,252,-125
104000086,108,432,-324
104000087,438,828,-390
104000090,449,1895,-1446
104000092,364,3370,-3006
104000094,669,2638,-1969
104000095,1094,1396,-302
104000096,579,535,44
104000097,945,1235,-290
104000098,747,1710,-963
104000100,629,787,-158
104000101,765,2871,-2106
104000106,83,594,-511
104000107,465,580,-115
104000108,297,769,-472
104000109,180,42,138
104000110,714,846,-132
104000111,7281,1369,5912
104000112,2938,552,2386
104000116,2,1860,-1858
104000117,67,1225,-1158
104000118,206,300,-94
104000119,515,230,285
104000120,179,1473,-1294
104000121,112,680,-568
104000122,433,849,-416
104000123,911,1604,-693
104000124,2237,3197,-960
104000125,7077,2452,4625
104000126,287,530,-243
104000127,1649,5046,-3397
104000128,741,541,200
104000129,62,1,61
104000130,0,173,-173
104000131,1131,661,470
104000132,697,1094,-397
104000133,976,850,126
104000134,830,1215,-385
104000135,407,709,-302
104000136,1056,1499,-443
104000137,2361,231,2130
104000138,1372,286,1086
104000139,12895,3088,9807
104000141,1709,2161,-452
104000142,454,1445,-991
104000143,324,1040,-716
104000144,37,169,-132
104000145,287,136,151
104000146,532,567,-35
104000147,112,384,-272
104000148,130,115,15
104000149,144,501,-357
104000150,413,346,67
104000151,342,1001,-659
104000152,320,1098,-778
104000153,142,306,-164
104000154,1119,913,206
104000155,229,331,-102
104000157,1189,2162,-973
104000158,145,219,-74
104000159,339,310,29
104000160,1446,1359,87
104000161,167,125,42
104000162,35,114,-79
104000165,1068,925,143
104000167,286,333,-47
104000168,354,5,349
104000169,19,38,-19
104000170,1355,205,1150
104000248,123,871,-748
104000251,41,446,-405
104000272,0,0,0
104000273,0,0,0
104000274,0,0,0
104000275,0,0,0
104000279,794,538,256
104000290,41,413,-372
104000291,447,952,-505
104000293,396,790,-394
104000294,5,0,5
104000295,263,906,-643
104000296,182,811,-629
104000297,884,1405,-521
104000298,2315,980,1335
104000299,430,1217,-787
104900001,65,453,-388
104900002,14,56,-42
104900003,23,547,-524
104900004,41,479,-438
104900005,124,138,-14
104900006,60,34,26
104900007,141,262,-121
104900009,68,661,-593
104900010,10,8,2
104900011,0,6,-6
104900012,59,3,56
104900013,52,0,52
104900014,5464,290,5174
104900015,85,5,80
104900016,63,422,-359
104900017,10,204,-194
104900018,8,306,-298
104900019,353,779,-426
104900020,28,445,-417
104900021,4,377,-373
104900022,10,105,-95
104900023,0,157,-157
104900024,18,127,-109
104900025,26,456,-430
104900026,1,175,-174
104900027,119,174,-55
104900028,51,119,-68
104900029,25,131,-106
104900030,208,125,83
104900031,165,161,4
104900032,49,220,-171
104900033,43,150,-107
104900034,143,73,70
104900035,56,52,4
104900036,57,44,13
104900037,64,384,-320
104900038,709,390,319
104900039,765,87,678
104900040,63,73,-10
104900041,53,110,-57
104900042,58,520,-462
104900043,3,17,-14
104900044,149,194,-45
104900045,154,30,124
104900046,37,160,-123
104900047,94,115,-21
104900048,101,113,-12
104900049,5,2,3
104900050,46,158,-112
104900051,54,35,19
104900052,15,0,15
104900053,262,49,213
104900054,141,49,92
104900055,11,0,11
104900056,69,9,60
104900057,48,1,47
104900058,872,99,773
104900059,5,37,-32
104900060,2,377,-375
104900061,263,822,-559
104900063,1,143,-142
104900064,1,131,-130
104900065,1,92,-91
104900066,5,270,-265
104900067,1,257,-256
104900068,15,307,-292
104900070,68,409,-341
104900071,1,933,-932
104900072,27,299,-272
104900073,15,358,-343
104900074,36,259,-223
104900075,34,112,-78
104900076,40,529,-489
104900077,1491,60,1431
104900078,81,1175,-1094
104900079,107,101,6
104900080,17,704,-687
104900082,7,257,-250
104900085,1,342,-341
104900087,269,6,263
104900089,30,0,30
104900090,235,271,-36
104900091,390,1244,-854
104900093,174,689,-515
104900097,3866,989,2877
104900098,25,38,-13
104900099,82,383,-301
104900100,1000,178,822
104900102,9,360,-351
104900103,488,178,310
104900104,4271,1034,3237
104900106,15,152,-137
104900107,22,450,-428
104900108,6,371,-365
104900109,43,221,-178
104900110,2,45,-43
104900111,78,112,-34
104900112,148,1262,-1114
104900113,283,561,-278
104900114,177,1211,-1034
104900115,239,652,-413
104900116,115,423,-308
104900118,23,112,-89
104900119,0,39,-39
104900120,70,19,51
104900121,1,131,-130
104900122,1,110,-109
104900123,22,2,20
104900124,5,0,5
104900125,409,4,405
104900126,129,62,67
104900127,19,15,4
104900128,44,102,-58
104900129,3460,731,2729
105000001,1636,1821,-185
105000002,1376,1817,-441
105000003,1923,3928,-2005
105000004,401,1195,-794
105000005,531,1176,-645
105000006,724,1304,-580
105000007,541,1021,-480
105000008,527,1217,-690
105000009,763,2193,-1430
105000010,3040,2992,48
105000011,1461,1601,-140
105000012,3910,3552,358
105000013,474,762,-288
105000014,810,1480,-670
105000015,6709,4486,2223
105000016,3758,2239,1519
105000017,1541,1188,353
105000018,1011,710,301
105000019,1344,953,391
105000020,83,293,-210
105000021,256,124,132
105000022,140,29,111
105000023,296,244,52
105000028,31,146,-115
105000029,289,632,-343
105000030,3911,4036,-125
105000033,861,2448,-1587
105000034,119,437,-318
105000037,596,762,-166
105000038,1621,906,715
105000039,4181,2270,1911
105000040,613,599,14
105000041,829,1751,-922
105000042,2023,875,1148
105000043,2350,3316,-966
105000044,428,520,-92
105000045,412,1668,-1256
105000046,403,488,-85
105000047,373,1778,-1405
105000048,294,165,129
105000049,215,965,-750
105000050,281,222,59
105000051,167,617,-450
105000052,214,1092,-878
105000053,88,207,-119
105000054,126,1101,-975
105000055,215,520,-305
105000056,1030,3086,-2056
105000057,1016,1464,-448
105000058,1394,1779,-385
105000059,439,386,53
105000060,342,729,-387
105000061,270,345,-75
105000062,995,1250,-255
105000063,180,782,-602
105000064,471,709,-238
105000065,307,1299,-992
105000066,781,2516,-1735
105000067,496,447,49
105000068,297,945,-648
105000069,2874,593,2281
105000070,823,819,4
105000071,112,311,-199
105000072,411,574,-163
105000073,527,513,14
105000074,897,1232,-335
105000075,579,1017,-438
105000076,1102,1315,-213
105000077,1919,811,1108
105000078,1454,991,463
105000079,1514,1445,69
105000080,1575,948,627
105000081,763,635,128
105000082,310,370,-60
105000083,804,697,107
105000084,326,1265,-939
105000085,793,829,-36
105000086,429,852,-423
105000087,2544,1673,871
105000088,1108,1008,100
105000089,3388,2657,731
105000090,1142,1009,133
105000091,1950,2261,-311
105000092,555,1442,-887
105000093,271,221,50
105000094,204,213,-9
105000095,77,339,-262
105000096,706,601,105
105000097,1019,633,386
105000098,414,396,18
105000099,557,887,-330
105000100,703,1028,-325
105000101,1448,2281,-833
105000102,1241,1568,-327
105000103,1025,2413,-1388
105000104,891,1012,-121
105000105,662,1966,-1304
105000106,886,1819,-933
105000107,644,1161,-517
105000108,767,2209,-1442
105000109,1078,2106,-1028
105000110,415,985,-570
105000111,347,412,-65
105000112,536,919,-383
105000113,204,361,-157
105000114,4464,827,3637
105000115,232,517,-285
105000116,370,517,-147
105000117,544,1678,-1134
105000118,210,500,-290
105000119,433,1690,-1257
105000120,517,852,-335
105000121,677,1231,-554
105000122,192,385,-193
105000123,928,1752,-824
105000124,1219,1070,149
105000125,484,1947,-1463
105000126,1416,2292,-876
105000127,1686,1919,-233
105000128,175,1345,-1170
105000129,400,359,41
105000130,103,738,-635
105000131,498,453,45
105000132,470,396,74
105000133,243,1447,-1204
105000134,386,501,-115
105000135,308,791,-483
105000136,36,147,-111
105000137,186,303,-117
105000138,62,189,-127
105000139,868,1290,-422
105000140,52,373,-321
105000141,114,789,-675
105000142,51,506,-455
105000143,162,735,-573
105000144,219,707,-488
105000145,539,583,-44
105000146,483,622,-139
105000147,551,345,206
105000148,949,488,461
105000149,1302,1197,105
105000150,2501,1429,1072
105000151,215,349,-134
105000152,87,766,-679
105000153,354,379,-25
105000154,504,1036,-532
105000155,253,424,-171
105000156,1045,821,224
105000157,1304,2045,-741
105000158,1714,699,1015
105000159,255,1577,-1322
105000160,863,616,247
105000161,611,2321,-1710
105000162,313,1031,-718
105000163,1292,1330,-38
105000164,174,369,-195
105000165,1823,2834,-1011
105000166,8964,228,8736
105000167,3439,1012,2427
105000168,111,1028,-917
105000169,165,617,-452
105000170,50,1137,-1087
105000171,1079,446,633
105000172,10,78,-68
105000173,18,42,-24
105000174,29,37,-8
105000175,103,178,-75
105000176,68,84,-16
105000177,52,151,-99
105000178,117,848,-731
105000179,70,148,-78
105000180,63,122,-59
105000181,54,579,-525
105000182,33,86,-53
105000183,3097,1285,1812
105000184,1322,811,511
105000185,1277,445,832
105000186,314,1045,-731
105000187,467,286,181
105000188,183,98,85
105000189,134,705,-571
105000190,81,329,-248
105000191,197,485,-288
105000192,61,51,10
105000193,36,162,-126
105000194,62,79,-17
105000195,200,1509,-1309
105000196,11,51,-40
105000197,124,959,-835
105000198,437,310,127
105000199,103,129,-26
105000200,87,250,-163
105000201,48,12,36
105000203,8,235,-227
105000204,64,77,-13
105000205,53,212,-159
105000207,933,289,644
105000208,260,344,-84
105000209,130,376,-246
105000212,797,1800,-1003
105000213,284,138,146
105000214,37,209,-172
105000215,118,289,-171
105000216,65,506,-441
105000217,133,475,-342
105000218,387,1076,-689
105000221,104,364,-260
105000222,35,42,-7
105000223,74,225,-151
105000226,15,507,-492
105000227,19,281,-262
105000228,167,579,-412
105000229,46,203,-157
105000231,66,168,-102
105000233,436,421,15
105000234,488,1368,-880
105000235,155,402,-247
105000237,353,35,318
105000243,8,236,-228
105000248,20,63,-43
105000262,185,2446,-2261
105000269,61,184,-123
105000270,156,127,29
105000271,0,386,-386
105000282,27,43,-16
105000287,305,165,140
105000288,266,385,-119
105000289,559,620,-61
105000290,8,5,3
105000402,6003,1463,4540
105000426,268,501,-233
105000438,421,450,-29
105000446,14321,4988,9333
105000447,8995,2876,6119
105000454,92,588,-496
105000455,250,278,-28
105000474,4,0,4
105000477,91,341,-250
105000478,771,1468,-697
105000479,41,132,-91
105000480,1232,1508,-276
105000481,1648,1686,-38
105000482,4019,2727,1292
105000483,793,950,-157
105000484,2119,2775,-656
105000485,866,1052,-186
105000486,2970,2370,600
105000488,2739,2899,-160
105000489,332,733,-401
105000549,10,94,-84
105000550,451,1059,-608
105000551,13,78,-65
105000552,3137,2000,1137
105900001,6,824,-818
105900002,1920,229,1691
105900003,5,91,-86
105900004,391,102,289
105900005,2,216,-214
105900006,13,35,-22
105900007,32,14,18
105900008,30,1022,-992
105900009,1,12,-11
105900011,88,59,29
105900012,342,160,182
105900013,1,9,-8
105900014,4,118,-114
105900015,80,353,-273
105900016,104,1013,-909
105900017,466,74,392
105900018,129,296,-167
105900019,95,689,-594
105900020,10,67,-57
105900021,12,543,-531
105900022,156,372,-216
105900023,1,189,-188
105900024,4,229,-225
105900025,26,60,-34
105900026,235,46,189
105900027,5956,3152,2804
105900028,10,183,-173
105900029,2151,363,1788
105900030,182,383,-201
105900031,426,199,227
105900032,20,131,-111
105900033,42,155,-113
105900034,81,299,-218
105900035,222,185,37
105900036,27,98,-71
105900037,27,81,-54
105900038,62,273,-211
105900039,21,200,-179
105900040,43,124,-81
105900041,196,483,-287
105900042,20,93,-73
105900043,1963,69,1894
105900044,2,167,-165
105900045,2,584,-582
105900046,4,127,-123
105900047,0,8,-8
105900048,37,420,-383
105900050,2175,720,1455
105900051,7,1556,-1549
105900052,226,88,138
105900053,4495,857,3638
105900054,255,375,-120
105900056,1294,232,1062
105900057,27,274,-247
105900058,3,61,-58
105900059,0,22,-22
106000001,3058,996,2062
106000002,2872,3456,-584
106000003,2383,1822,561
106000004,2391,2113,278
106000005,1927,4229,-2302
106000006,5992,4720,1272
106000007,366,505,-139
106000008,360,235,125
106000009,421,290,131
106000010,412,485,-73
106000011,372,1114,-742
106000012,555,1816,-1261
106000013,1144,1917,-773
106000014,1981,2053,-72
106000015,820,983,-163
106000016,880,2552,-1672
106000017,481,590,-109
106000018,416,709,-293
106000019,157,435,-278
106000020,142,517,-375
106000021,180,491,-311
106000022,166,374,-208
106000023,327,337,-10
106000024,397,919,-522
106000025,67,165,-98
106000026,162,319,-157
106000027,497,887,-390
106000028,349,945,-596
106000029,728,1817,-1089
106000030,892,214,678
106000034,186,506,-320
106000035,589,762,-173
106000036,482,342,140
106000037,1379,1680,-301
106000038,431,53,378
106000039,139,32,107
106000040,142,571,-429
106000041,678,212,466
106000043,391,71,320
106000046,182,32,150
106000047,21,421,-400
106000049,211,103,108
106000050,189,992,-803
106000051,255,269,-14
106000052,45,736,-691
106000053,89,105,-16
106000054,317,577,-260
106000055,477,585,-108
106000056,269,560,-291
106000057,155,112,43
106000058,107,228,-121
106000059,78,183,-105
106000060,582,600,-18
106000061,171,331,-160
106000062,93,675,-582
106000063,254,338,-84
106000064,19,496,-477
106000065,130,80,50
106000066,46,501,-455
106000067,85,45,40
106000068,24,799,-775
106000069,65,120,-55
106000070,254,864,-610
106000071,408,283,125
106000072,4775,1136,3639
106000073,1422,1469,-47
106000074,153,509,-356
106000075,152,898,-746
106000076,870,1460,-590
106000077,2408,1064,1344
106000078,389,857,-468
106000079,331,1001,-670
106000080,560,923,-363
106000081,327,946,-619
106000082,1909,1022,887
106000083,235,996,-761
106000084,538,540,-2
106000085,1194,935,259
106000086,431,623,-192
106000087,426,501,-75
106000088,230,793,-563
106000089,436,404,32
106000090,148,682,-534
106000091,167,588,-421
106000092,246,218,28
106000093,177,55,122
106000094,116,329,-213
106000095,254,1217,-963
106000096,291,737,-446
106000097,379,1640,-1261
106000098,272,1001,-729
106000099,112,990,-878
106000100,449,262,187
106000101,398,244,154
106000102,93,523,-430
106000103,152,681,-529
106000104,340,438,-98
106000105,279,1137,-858
106000106,253,481,-228
106000107,47,515,-468
106000108,76,312,-236
106000109,46,424,-378
106000110,75,221,-146
106000111,58,747,-689
106000112,69,346,-277
106000113,1239,734,505
106000114,440,318,122
106000115,151,567,-416
106000116,84,191,-107
106000117,749,964,-215
106000118,723,927,-204
106000119,2813,1273,1540
106000120,697,599,98
106000121,40,161,-121
106000122,40,358,-318
106000123,102,342,-240
106000124,21,428,-407
106000125,1,414,-413
106000126,50,218,-168
106000127,231,974,-743
106000128,226,319,-93
106000129,255,699,-444
106000130,348,385,-37
106000131,62,559,-497
106000132,846,118,728
106000133,4527,808,3719
106000134,683,425,258
106000135,122,1008,-886
106000136,396,279,117
106000137,60,1874,-1814
106000138,407,47,360
106000139,13,112,-99
106000140,28,135,-107
106000141,28,151,-123
106000142,34,61,-27
106000143,26,156,-130
106000144,25,32,-7
106000145,92,584,-492
106000146,81,180,-99
106000147,286,480,-194
106000148,687,799,-112
106000149,357,366,-9
106000150,318,1653,-1335
106000151,4735,710,4025
106000152,1710,934,776
106000153,58,1130,-1072
106000154,1251,222,1029
106000155,20,144,-124
106000156,422,399,23
106000157,457,2060,-1603
106000158,3213,659,2554
106000159,5412,1207,4205
106000160,156,1472,-1316
106000161,1217,599,618
106000162,97,554,-457
106000163,158,741,-583
106000164,110,356,-246
106000165,119,872,-753
106000166,211,341,-130
106000167,115,1737,-1622
106000168,92,309,-217
106000169,69,1036,-967
106000170,227,271,-44
106000171,59,975,-916
106000172,2094,767,1327
106000173,710,2707,-1997
106000174,561,231,330
106000175,285,1212,-927
106000176,752,560,192
106000177,534,2612,-2078
106000178,2679,1280,1399
106000179,965,2121,-1156
106000180,945,2119,-1174
106000181,306,2336,-2030
106000182,270,754,-484
106000183,459,1251,-792
106000184,885,1252,-367
106000185,471,979,-508
106000186,934,191,743
106000187,224,772,-548
106000188,0,1,-1
106000189,5,57,-52
106000190,7,2,5
106000191,532,189,343
106000192,0,38,-38
106000193,304,148,156
106000194,122,433,-311
106000195,738,104,634
106000196,181,367,-186
106000197,137,365,-228
106000198,72,413,-341
106000199,846,578,268
106000200,448,163,285
106000201,442,923,-481
106000202,8391,542,7849
106000203,195,216,-21
106000204,17,1,16
106000205,13,181,-168
106000206,29,7,22
106000207,49,1114,-1065
106000208,396,49,347
106000209,631,271,360
106000210,201,1532,-1331
106000211,257,1774,-1517
106000212,302,131,171
106000213,688,893,-205
106000214,2363,414,1949
106000215,148,420,-272
106000216,192,369,-177
106000217,186,468,-282
106000218,222,269,-47
106000219,74,366,-292
106000220,181,278,-97
106000221,34,277,-243
106000222,14,163,-149
106000223,37,130,-93
106000224,74,394,-320
106000225,52,57,-5
106000226,127,484,-357
106000228,19,118,-99
106000229,69,882,-813
106000231,264,105,159
106000232,14,448,-434
106000233,276,81,195
106000234,32,278,-246
106000235,151,48,103
106000236,52,33,19
106000237,0,18,-18
106000238,4,1,3
106000239,2,51,-49
106000240,17,2,15
106000241,18,698,-680
106000242,87,14,73
106000249,21,48,-27
106000250,36,466,-430
106000251,41,33,8
106000252,16,129,-113
106000253,6,48,-42
106000254,16,91,-75
106000255,7,63,-56
106000256,95,126,-31
106000257,108,328,-220
106000258,53,9,44
106000259,0,53,-53
106000260,2,2,0
106000261,1,55,-54
106000262,25,6,19
106000263,2,78,-76
106000264,74,4,70
106000265,8,113,-105
106000266,62,18,44
106000267,11,122,-111
106000268,254,12,242
106000269,90,54,36
106000270,122,391,-269
106000271,34,201,-167
106000272,54,63,-9
106000273,5,162,-157
106000274,149,40,109
106000275,76,142,-66
106000276,166,61,105
106000277,84,103,-19
106000278,168,40,128
106000279,6,76,-70
106000280,22,174,-152
106000281,38,96,-58
106000282,24,63,-39
106000283,30,123,-93
106000284,30,120,-90
106000285,70,189,-119
106000286,35,129,-94
106000287,40,120,-80
106000288,70,150,-80
106000289,53,91,-38
106000290,27,135,-108
106000291,31,73,-42
106000292,48,203,-155
106000293,43,65,-22
106000294,62,128,-66
106000295,26,34,-8
106000296,48,94,-46
106000297,63,190,-127
106000298,115,55,60
106000299,45,102,-57
106000300,51,75,-24
106000301,33,69,-36
106000303,17,49,-32
106000304,37,42,-5
106000305,27,33,-6
106000306,66,85,-19
106000307,12,9,3
106000308,50,205,-155
106000309,20,112,-92
106000310,133,556,-423
106000311,105,127,-22
106000312,37,187,-150
106000313,70,238,-168
106000318,143,150,-7
106000319,308,34,274
106000320,0,41,-41
106000321,269,43,226
106000322,47,242,-195
106000324,4,156,-152
106000325,751,862,-111
106000326,716,2147,-1431
106000327,11,244,-233
106000328,6,123,-117
106000329,27,303,-276
106000330,36,43,-7
106000428,37,190,-153
106000429,76,569,-493
106000430,243,1679,-1436
106000431,475,262,213
106000432,1101,2621,-1520
106000433,762,704,58
106000434,1947,714,1233
106000435,2170,2678,-508
106000436,18,449,-431
106000437,138,20,118
106000438,317,80,237
106000439,69,541,-472
106000440,111,554,-443
106000441,2,1,1
106000442,57,9,48
106000443,27,899,-872
106000450,3,244,-241
106000451,18,7,11
106000454,2,23,-21
106000455,8,135,-127
106000456,75,18,57
106000457,16,1412,-1396
106000458,108,132,-24
106000459,23,523,-500
106000460,271,26,245
106000461,18,2497,-2479
106000462,0,11,-11
106000463,4,29,-25
106000464,8,619,-611
106000465,122,3,119
106000466,3,812,-809
106000467,547,659,-112
106000468,34,218,-184
106000469,200,14,186
106000470,186,1228,-1042
106000471,7,712,-705
106000472,56,8,48
106000473,13,27,-14
106000474,146,813,-667
106000475,118,151,-33
106000476,144,94,50
106000477,7,61,-54
106900001,0,13,-13
106900002,1,595,-594
106900003,181,896,-715
106900004,0,95,-95
106900006,0,15,-15
106900007,0,12,-12
106900008,67,332,-265
106900009,98,439,-341
106900010,112,407,-295
106900012,2011,869,1142
106900013,195,18,177
106900014,13,2,11
106900015,6,1,5
106900016,55,0,55
106900017,0,0,0
106900018,0,0,0
106900019,17,0,17
106900020,2910,508,2402
106900021,8,19,-11
106900022,71,0,71
106900023,4,239,-235
106900024,169,4,165
106900025,53,639,-586
106900026,5,1028,-1023
106900027,161,2,159
107000001,1032,1159,-127
107000002,2310,3818,-1508
107000003,3331,4249,-918
107000004,5957,7278,-1321
107000005,1302,2590,-1288
107000006,3036,8383,-5347
107000007,4657,3884,773
107000008,22807,13735,9072
107000009,3613,3822,-209
107000010,10831,14228,-3397
107000011,938,1752,-814
107000012,4198,4236,-38
107000013,27,169,-142
107000014,22,363,-341
107000015,265,1078,-813
107000016,285,1448,-1163
107000017,2450,821,1629
107000018,7,173,-166
107000020,1383,325,1058
107000021,692,1073,-381
107000022,593,1573,-980
107000023,952,405,547
107000024,361,2447,-2086
107000025,74,422,-348
107000026,73,919,-846
107000027,777,737,40
107000028,1247,1732,-485
107000029,897,997,-100
107000030,3088,3585,-497
107000031,1557,1233,324
107000032,239,801,-562
107000033,5044,4488,556
107000034,6113,2403,3710
107000035,331,185,146
107000036,197,825,-628
107000037,62,541,-479
107000038,213,339,-126
107000039,407,413,-6
107000040,102,374,-272
107000041,1358,467,891
107000042,612,1699,-1087
107000043,2869,676,2193
107000044,552,370,182
107000045,33,278,-245
107000046,284,253,31
107000047,255,783,-528
107000048,328,273,55
107000049,244,743,-499
107000050,539,408,131
107000051,456,245,211
107000052,805,554,251
107000053,195,80,115
107000054,60,209,-149
107000055,80,59,21
107000056,454,804,-350
107000057,1391,142,1249
107000058,1142,1462,-320
107000059,1830,2787,-957
107000060,2643,4044,-1401
107000061,5246,4300,946
107000062,1558,2497,-939
107000063,3016,6558,-3542
107000064,1946,1637,309
107000065,2985,6818,-3833
107000066,1170,1581,-411
107000067,509,859,-350
107000068,1325,462,863
107000069,279,293,-14
107000070,169,1,168
107000071,660,15,645
107000072,37,4258,-4221
107000073,198,96,102
107000074,143,1120,-977
107000075,537,120,417
107000076,806,2191,-1385
107000077,1106,297,809
107000078,1404,3762,-2358
107000079,1003,237,766
107000080,894,3810,-2916
107000081,594,331,263
107000082,336,3588,-3252
107000083,559,171,388
107000084,454,3743,-3289
107000085,2499,2984,-485
107000086,3679,2951,728
107000087,1909,1953,-44
107000088,2652,3271,-619
107000089,1000,1625,-625
107000090,831,1093,-262
107000091,554,1070,-516
107000092,549,1202,-653
107000093,525,967,-442
107000094,639,1616,-977
107000095,360,483,-123
107000096,419,895,-476
107000097,244,180,64
107000098,254,464,-210
107000099,217,231,-14
107000100,234,277,-43
107000101,40,111,-71
107000102,262,370,-108
107000103,157,135,22
107000104,211,345,-134
107000105,157,132,25
107000106,112,344,-232
107000107,192,127,65
107000108,80,861,-781
107000109,233,72,161
107000110,11,635,-624
107000111,86,17,69
107000112,45,325,-280
107000113,216,46,170
107000114,45,780,-735
107000115,162,46,116
107000116,57,1133,-1076
107000117,44,135,-91
107000118,106,331,-225
107000119,1623,696,927
107000120,2407,367,2040
107000121,258,634,-376
107000122,680,817,-137
107000123,126,730,-604
107000124,255,1044,-789
107000125,245,649,-404
107000126,155,873,-718
107000127,14,318,-304
107000129,71,133,-62
107000130,38,196,-158
107000131,305,419,-114
107000132,271,357,-86
107000133,366,149,217
107000134,51,2,49
107000135,0,278,-278
107000136,327,3,324
107000137,10,381,-371
107000138,269,9,260
107000139,16,392,-376
107000140,504,34,470
107000141,89,994,-905
107000142,167,21,146
107000143,22,1139,-1117
107000144,270,182,88
107000145,104,755,-651
107000146,119,173,-54
107000147,3235,604,2631
107000150,1102,1173,-71
107000151,37,40,-3
107000152,513,354,159
107000153,339,270,69
107000154,129,35,94
107000155,361,17,344
107000156,491,19,472
107000157,20,3337,-3317
107000158,94,12,82
107000159,25,1239,-1214
107000160,282,53,229
107000161,71,2595,-2524
107000162,89,147,-58
107000163,10,0,10
107000164,80,2,78
107000165,197,0,197
107000166,39,1814,-1775
107000167,195,162,33
107000168,358,139,219
107000169,816,1226,-410
107000170,768,371,397
107000171,582,3769,-3187
107000172,514,569,-55
107000173,939,1646,-707
107000174,823,1470,-647
107000175,14409,1916,12493
107000176,0,0,0
107000177,1,0,1
107000178,1,49,-48
107000179,149,3609,-3460
107000180,496,306,190
107000181,111,1594,-1483
107000182,493,862,-369
107000183,78,1119,-1041
107000184,279,660,-381
107000185,235,1545,-1310
107000186,374,308,66
107000187,786,1229,-443
107000188,415,364,51
107000189,238,1022,-784
107000190,334,781,-447
107000191,357,1000,-643
107000192,894,1122,-228
107000193,221,319,-98
107000194,626,861,-235
107000197,274,250,24
107000198,113,863,-750
107000199,547,913,-366
107000200,1030,436,594
107000201,232,299,-67
107000202,106,446,-340
107000203,484,586,-102
107000204,617,556,61
107000205,3106,1338,1768
107000206,773,632,141
107000207,708,1014,-306
107000208,1552,295,1257
107000209,2652,360,2292
107000210,1925,252,1673
107000211,5,17,-12
107000212,6,185,-179
107000213,33,15,18
107000214,6,98,-92
107000215,188,738,-550
107000216,102,482,-380
107000217,29,238,-209
107000219,46,143,-97
107000220,54,403,-349
107000222,292,835,-543
107000224,210,25,185
107000225,123,1028,-905
107000226,130,48,82
107000227,97,747,-650
107000228,57,117,-60
107000229,189,107,82
107000230,997,521,476
107000231,599,275,324
107000232,31,39,-8
107000233,393,203,190
107000234,2,16,-14
107000235,17,1,16
107000236,12,465,-453
107000237,1,0,1
107000238,10,5,5
107000239,7438,443,6995
107000240,26,1412,-1386
107000241,92,23,69
107000242,852,66,786
107000243,0,35,-35
107000244,7,76,-69
107000246,7,1490,-1483
107000249,1,994,-993
107000251,2,456,-454
107000252,7,1899,-1892
107000255,854,98,756
107000257,3,780,-777
107000258,0,212,-212
107000259,2,299,-297
107000260,129,3,126
107000262,3,1170,-1167
107000263,47,5,42
107000266,6,3,3
107000267,45,249,-204
107000268,111,213,-102
107000269,181,29,152
107000270,1,14,-13
107000271,9,1396,-1387
107000272,11,299,-288
107000273,4,260,-256
107000274,593,335,258
107000275,2,886,-884
107000280,204,8,196
107000281,5,1268,-1263
107000282,18,1819,-1801
107000290,1,35,-34
107000291,3,4,-1
107000292,1,10,-9
107000293,44,11,33
107000294,0,27,-27
107000295,26,4,22
107000296,1,4,-3
107000444,81,2,79
107000496,1,14,-13
107000497,1059,3991,-2932
107000500,225,382,-157
107000501,49,177,-128
107000502,114,452,-338
107000505,520,844,-324
107000506,0,18,-18
107000508,2,910,-908
107000509,173,437,-264
107000510,19,26,-7
107000514,11,302,-291
107000515,9,436,-427
107000516,54,120,-66
107000518,242,293,-51
107000519,4272,1353,2919
107000520,33,6,27
107900001,12,282,-270
107900002,18,0,18
107900003,121,7,114
107900004,26,0,26
107900005,202,1,201
107900006,13,0,13
107900007,58,3,55
107900008,48,65,-17
107900009,116,5,111
107900010,5,0,5
107900012,142,2,140
107900013,130,65,65
107900014,28,4,24
107900015,202,1,201
107900016,439,123,316
107900017,3,0,3
107900018,22,22,0
107900019,11,122,-111
107900020,42,10,32
107900021,16,188,-172
107900023,0,1,-1
107900024,2,38,-36
107900025,196,531,-335
107900026,13,146,-133
107900027,10,92,-82
107900028,28,141,-113
107900030,65,10,55
107900031,11,277,-266
107900032,2,3,-1
107900033,8,4,4
107900034,114,2,112
107900035,336,14,322
107900036,8,2,6
107900037,1,66,-65
107900038,146,75,71
107900039,1,81,-80
107900040,18,37,-19
107900041,0,0,0
107900043,28,155,-127
107900044,9,3,6
107900045,16,16,0
107900046,48,31,17
107900047,5,140,-135
107900048,56,0,56
107900049,278,327,-49
107900050,46,386,-340
107900051,54,121,-67
107900052,4,7,-3
107900053,29,75,-46
107900055,304,117,187
107900056,24,23,1
107900057,0,0,0
107900058,25,973,-948
107900060,9,28,-19
107900061,13,4,9
107900063,89,110,-21
107900064,238,16,222
107900065,56,9,47
107900066,0,1,-1
107900067,0,1,-1
107900068,113,212,-99
107900069,33,422,-389
107900070,21,10,11
107900071,14,1103,-1089
107900072,26,274,-248
107900073,23,147,-124
107900074,962,97,865
107900076,42,63,-21
107900077,66,38,28
107900078,152,8,144
107900079,0,5,-5
107900080,80,150,-70
107900081,4,40,-36
107900082,25,18,7
107900083,114,79,35
107900084,34,125,-91
107900086,10,66,-56
107900087,320,42,278
107900088,5,5,0
107900089,290,959,-669
107900090,287,559,-272
107900091,113,662,-549
107900092,2432,580,1852
107900093,39,46,-7
107900095,3088,910,2178
107900097,14,32,-18
107900098,38,121,-83
107900100,958,323,635
107900101,1193,96,1097
107900102,8,0,8
107900103,21,159,-138
107900104,68,3,65
107900105,5,582,-577
107900106,4,1917,-1913
107900107,1817,150,1667
107900108,386,57,329
107900109,289,1,288
107900110,8,93,-85
107900111,9,1927,-1918
107900112,44,153,-109
107900113,23,103,-80
107900114,41,260,-219
107900115,1,43,-42
107900116,32,274,-242
107900117,254,424,-170
107900118,54,157,-103
107900119,26,46,-20
107900120,13,3,10
107900121,6,175,-169
107900122,0,79,-79
107900123,2,21,-19
107900124,3,92,-89
107900125,12,203,-191
107900126,1,34,-33
107900127,663,63,600
107900128,116,39,77
107900129,6,58,-52
107900130,13,34,-21
107900131,128,32,96
107900132,54,527,-473
107900133,4,79,-75
107900134,30,16,14
107900135,1,257,-256
107900136,49,36,13
107900137,70,95,-25
107900138,6,32,-26
107900139,2,47,-45
107900140,83,96,-13
107900141,30,13,17
107900142,85,1494,-1409
107900143,34,77,-43
107900144,2,169,-167
107900145,7,141,-134
107900146,68,123,-55
107900147,12,12,0
107900148,106,203,-97
107900149,2801,93,2708
107900150,47,1059,-1012
107900151,4,95,-91
107900152,10,476,-466
107900153,130,122,8
107900154,13,3,10
107900155,15,29,-14
107900156,1,366,-365
107900157,23,63,-40
107900158,165,0,165
107900159,41,1428,-1387
107900160,11,210,-199
107900161,2,276,-274
107900162,2,280,-278
107900163,40,47,-7
107900164,0,15,-15
107900165,8,27,-19
107900166,4,320,-316
107900167,24,12,12
107900168,11,44,-33
107900169,0,208,-208
107900171,8,2295,-2287
107900172,1,380,-379
107900173,1,234,-233
107900174,26,6,20
107900175,3,2,1
107900176,9,48,-39
107900177,3,336,-333
107900178,1,316,-315
107900179,5,187,-182
107900180,1241,106,1135
107900181,292,395,-103
107900182,6,1894,-1888
107900183,2,405,-403
107900184,19,390,-371
107900185,14,1,13
107900186,18,24,-6
107900187,1,199,-198
107900188,819,91,728
107900189,3,173,-170
107900190,116,21,95
107900191,23,173,-150
107900193,0,15,-15
107900194,81,3,78
107900195,5848,515,5333
107900196,46,87,-41
107900197,205,60,145
107900199,1,1274,-1273
107900201,41,153,-112
107900203,14,84,-70
107900204,185,200,-15
107900205,121,539,-418
107900206,211,165,46
107900207,3,859,-856
107900208,9,1042,-1033
107900209,399,99,300
107900210,41,82,-41
107900213,328,377,-49
107900214,5,184,-179
107900215,152,327,-175
107900216,40,54,-14
107900217,24,46,-22
107900218,6,1895,-1889
107900219,5,152,-147
107900220,197,78,119
107900221,160,214,-54
107900223,37,642,-605
107900224,151,305,-154
107900225,4,983,-979
107900226,32,159,-127
107900227,69,525,-456
107900228,9,111,-102
107900229,3,326,-323
107900230,3,169,-166
107900231,6,199,-193
107900232,20,280,-260
107900233,3,173,-170
107900234,24,181,-157
107900235,42,97,-55
107900236,34,120,-86
107900237,151,576,-425
107900238,7,127,-120
107900239,1320,311,1009
107900240,4,205,-201
107900241,6,151,-145
107900242,2,516,-514
107900243,2,40,-38
107900244,74,0,74
107900245,72,20,52
107900246,33,1,32
107900248,84,698,-614
107900249,171,4,167
107900250,0,811,-811
107900251,17,1490,-1473
107900252,214,4,210
107900253,30,0,30
107900254,43,154,-111
107900255,503,68,435
107900256,336,505,-169
107900257,41,39,2
107900258,31,182,-151
107900259,85,361,-276
107900261,2,582,-580
107900262,33,168,-135
107900264,63,2,61
107900265,26,270,-244
107900267,64,18,46
107900268,74,5,69
107900269,0,10,-10
107900270,0,0,0
107900271,2,3,-1
107900272,207,3,204
107900273,9,60,-51
107900274,13,0,13
107900275,6,0,6
107900276,0,49,-49
107900277,0,211,-211
107900278,59,466,-407
107900279,145,45,100
107900280,2349,924,1425
107900281,4540,704,3836
107900282,41,142,-101
107900283,1892,326,1566
107900284,74,964,-890
107900285,15,159,-144
107900286,83,41,42
107900287,76,104,-28
107900290,0,57,-57
107900291,170,9,161
107900292,78,288,-210
107900293,40,595,-555
107900295,13,154,-141
107900297,2,268,-266
107900298,633,942,-309
107900299,3961,965,2996
107900300,19,171,-152
107900301,359,149,210
107900302,92,16,76
107900303,20,245,-225
107900304,74,701,-627
107900305,89,9,80
107900306,9,7,2
107900307,31,273,-242
107900308,165,29,136
107900309,8,0,8
107900310,0,0,0
107900311,100,53,47
107900312,1,0,1
107900313,3,65,-62
107900314,0,24,-24
107900315,0,43,-43
107900316,7,1,6
107900317,23,1,22
107900318,0,134,-134
107900319,4,358,-354
107900320,3,194,-191
107900321,26,4,22
107900322,0,237,-237
107900323,7,144,-137
107900324,71,4,67
107900325,38,0,38
107900326,44,552,-508
107900327,0,0,0
107900328,0,0,0
107900329,0,0,0
107900330,5,670,-665
107900331,49,25,24
107900332,36,11,25
107900333,12,9,3
107900334,6,276,-270
107900335,22,64,-42
107900336,7,30,-23
107900337,1618,328,1290
107900338,0,187,-187
107900339,2,40,-38
107900340,0,67,-67
107900341,6,0,6
107900342,27,64,-37
107900343,4,0,4
107900344,1,52,-51
107900345,86,24,62
107900346,13,0,13
107900347,11,0,11
107900348,1,2,-1
107900349,13,2,11
107900350,37,320,-283
108000001,1587,1892,-305
108000002,2134,3385,-1251
108000003,2367,1395,972
108000004,17990,15910,2080
108000005,2969,2389,580
108000006,4558,6272,-1714
108000007,3196,2744,452
108000008,4577,6171,-1594
108000009,1497,2371,-874
108000010,2159,5826,-3667
108000011,8121,5427,2694
108000012,18464,16469,1995
108000014,288,382,-94
108000015,223,250,-27
108000016,92,577,-485
108000017,343,357,-14
108000018,793,443,350
108000019,980,437,543
108000020,613,341,272
108000021,382,1802,-1420
108000022,568,1623,-1055
108000023,609,79,530
108000024,99,766,-667
108000025,83,145,-62
108000026,178,590,-412
108000027,165,583,-418
108000028,123,300,-177
108000029,135,774,-639
108000030,318,217,101
108000031,98,636,-538
108000032,515,338,177
108000033,384,1322,-938
108000034,741,354,387
108000035,811,2924,-2113
108000036,226,1722,-1496
108000037,694,277,417
108000038,968,289,679
108000039,389,2995,-2606
108000040,691,355,336
108000041,488,3110,-2622
108000042,55,272,-217
108000043,104,318,-214
108000044,152,184,-32
108000045,72,964,-892
108000046,623,203,420
108000047,253,1305,-1052
108000048,80,584,-504
108000049,170,170,0
108000050,104,535,-431
108000051,97,49,48
108000052,265,822,-557
108000053,162,79,83
108000054,324,1023,-699
108000055,523,233,290
108000056,722,968,-246
108000057,400,474,-74
108000058,1472,1367,105
108000059,3290,1471,1819
108000060,61,390,-329
108000061,104,372,-268
108000062,278,418,-140
108000063,268,800,-532
108000064,71,296,-225
108000065,236,682,-446
108000066,1173,576,597
108000067,677,283,394
108000068,366,190,176
108000069,138,1109,-971
108000070,593,488,105
108000071,356,1977,-1621
108000072,719,582,137
108000073,1160,2145,-985
108000074,182,232,-50
108000075,131,881,-750
108000076,366,273,93
108000077,532,1046,-514
108000078,1150,928,222
108000079,1024,2278,-1254
108000080,548,457,91
108000081,416,3284,-2868
108000082,973,1821,-848
108000083,1272,618,654
108000084,268,1395,-1127
108000085,159,199,-40
108000086,684,912,-228
108000087,71,861,-790
108000088,63,12,51
108000089,166,197,-31
108000090,128,124,4
108000091,70,563,-493
108000092,57,88,-31
108000093,63,916,-853
108000094,293,87,206
108000095,90,551,-461
108000096,96,151,-55
108000097,68,585,-517
108000098,316,1457,-1141
108000099,78,101,-23
108000100,26,164,-138
108000101,518,612,-94
108000102,738,1009,-271
108000106,377,2,375
108000107,3,836,-833
108000108,200,26,174
108000109,1,936,-935
108000110,73,203,-130
108000111,79,726,-647
108000112,48,61,-13
108000113,477,400,77
108000115,431,421,10
108000117,759,268,491
108000118,56,69,-13
108000119,682,524,158
108000120,55,312,-257
108000121,108,649,-541
108000122,156,241,-85
108000123,320,353,-33
108000124,94,627,-533
108000125,96,459,-363
108000126,80,780,-700
108000127,106,417,-311
108000128,148,944,-796
108000129,101,1642,-1541
108000130,79,346,-267
108000131,317,107,210
108000132,1167,1327,-160
108000133,353,271,82
108000134,453,1004,-551
108000135,384,215,169
108000136,781,1323,-542
108000137,116,393,-277
108000138,88,605,-517
108000139,72,346,-274
108000140,17,16,1
108000141,8,186,-178
108000142,16,107,-91
108000143,29,16,13
108000144,8,8,0
108000145,19,39,-20
108000146,20,10,10
108000147,62,48,14
108000148,35,4,31
108000149,5,26,-21
108000150,17,5,12
108000151,8,5,3
108000152,80,777,-697
108000153,98,56,42
108000154,20,14,6
108000155,2,13,-11
108000156,236,46,190
108000157,66,291,-225
108000158,36,262,-226
108000159,625,111,514
108000160,5611,454,5157
108000161,6210,962,5248
108000165,1,53,-52
108000172,0,133,-133
108000173,3218,707,2511
108000175,81,73,8
108000178,340,415,-75
108000179,172,449,-277
108000181,12,21,-9
108000182,116,9,107
108000183,3,13,-10
108000184,1162,949,213
108000185,49,833,-784
108000186,22,35,-13
108000187,23,952,-929
108000188,99,265,-166
108000189,444,509,-65
108000190,31,96,-65
108000192,48,725,-677
108000193,477,55,422
108000194,8,9,-1
108000195,5,1335,-1330
108000196,67,85,-18
108000197,63,533,-470
108000198,158,439,-281
108000199,0,102,-102
108000200,123,904,-781
108000202,1,136,-135
108000203,32,1279,-1247
108000204,32,14,18
108000205,562,627,-65
108000339,1892,185,1707
108000364,145,150,-5
108000365,58,435,-377
108000367,141,369,-228
108000368,9,38,-29
108000369,1498,66,1432
108000371,1,713,-712
108000372,139,0,139
108000373,90,197,-107
108000376,51,17,34
108000377,137,323,-186
108000378,8418,5539,2879
108000379,50,129,-79
108000381,26,8,18
108000382,26,3,23
108000383,0,77,-77
108900001,142,1176,-1034
108900002,300,46,254
108900003,338,1078,-740
108900004,15,66,-51
108900005,18,54,-36
108900006,194,163,31
108900007,38,165,-127
108900008,25,127,-102
108900009,6,100,-94
108900010,60,157,-97
108900011,119,320,-201
108900012,155,539,-384
108900013,32,274,-242
108900014,0,63,-63
108900015,0,20,-20
108900016,2,192,-190
108900017,75,142,-67
108900018,44,650,-606
108900019,35,1410,-1375
108900020,31,373,-342
108900021,61,375,-314
108900022,25,12,13
108900023,1,65,-64
108900024,0,153,-153
108900025,29,133,-104
108900026,17,84,-67
108900027,0,180,-180
108900028,34,571,-537
108900029,41,247,-206
108900030,1,76,-75
108900031,24,819,-795
108900032,5,324,-319
108900033,0,137,-137
108900034,0,332,-332
108900035,133,2118,-1985
108900036,135,429,-294
108900037,20,554,-534
108900038,0,533,-533
108900039,4,668,-664
108900040,3,140,-137
108900041,6551,1618,4933
108900042,2,246,-244
108900043,21,521,-500
108900044,2,1006,-1004
108900045,10,893,-883
108900046,81,1298,-1217
108900047,1,38,-37
108900048,56,1122,-1066
108900049,6389,631,5758
108900050,3,364,-361
108900051,1,210,-209
108900052,6,392,-386
108900053,122,73,49
108900054,35,270,-235
108900055,63,535,-472
108900056,0,219,-219
108900057,1,266,-265
108900058,16,704,-688
108900059,137,5,132
108900060,42,88,-46
108900061,24,21,3
108900062,1,356,-355
108900063,3,556,-553
108900064,46,78,-32
108900065,6,377,-371
108900066,79,80,-1
108900067,35,302,-267
108900068,0,159,-159
108900069,19,127,-108
108900070,30,220,-190
108900071,42,51,-9
108900072,2942,275,2667
108900073,1,87,-86
108900074,29,653,-624
108900075,52,91,-39
108900076,116,61,55
108900077,91,176,-85
108900078,10,294,-284
108900079,682,299,383
108900080,18,241,-223
108900081,26,288,-262
108900082,17,121,-104
108900083,11,99,-88
108900084,271,115,156
108900085,2138,102,2036
108900086,19,444,-425
108900087,97,257,-160
108900088,384,161,223
108900089,3,48,-45
108900090,9,543,-534
108900091,147,127,20
108900092,150,201,-51
108900093,37,30,7
108900094,127,76,51
108900095,57,767,-710
108900096,555,39,516
108900097,232,180,52
108900098,3841,280,3561
108900099,154,450,-296
108900100,19,109,-90
108900101,64,44,20
108900102,127,291,-164
108900103,13,29,-16
108900104,201,295,-94
108900105,1,251,-250
108900106,97,627,-530
108900108,116,24,92
108900109,9,24,-15
108900110,68,554,-486
108900111,112,842,-730
108900112,60,8,52
108900113,15,7,8
108900114,2,10,-8
108900115,41,39,2
108900116,25,5,20
108900117,30,17,13
108900118,153,4,149
108900119,75,31,44
108900120,42,119,-77
108900121,122,19,103
108900122,28,34,-6
108900123,30,22,8
108900124,152,35,117
108900125,89,1,88
108900126,20,5,15
108900127,27,13,14
108900128,37,10,27
108900129,314,42,272
108900130,67,0,67
108900131,77,2,75
108900132,114,26,88
108900133,105,32,73
108900134,51,212,-161
108900135,38,3,35
108900136,3,0,3
108900137,54,18,36
108900138,167,9,158
108900139,292,68,224
108900140,47,283,-236
108900141,49,3,46
108900142,23,0,23
108900143,4,0,4
108900144,10,0,10
108900145,26,3,23
108900146,12,0,12
108900147,34,0,34
108900148,55,48,7
108900149,316,354,-38
108900150,106,1,105
108900151,11,1,10
108900152,7,46,-39
108900153,60,604,-544
108900154,1998,231,1767
108900155,76,75,1
108900156,16,7,9
108900157,6,701,-695
108900158,84,24,60
108900159,6,433,-427
108900160,9,224,-215
108900161,1,612,-611
108900162,28,0,28
108900163,0,92,-92
108900164,14,84,-70
108900165,142,75,67
108900167,1678,1181,497
108900168,12053,1331,10722
108900169,7,110,-103
108900171,10662,928,9734
108900172,79,17,62
108900173,155,432,-277
108900174,164,325,-161
108900176,67,801,-734
108900177,10393,1445,8948
108900178,6126,993,5133
108900179,366,543,-177
108900180,50,123,-73
108900182,34,121,-87
108900183,147,247,-100
108900184,184,155,29
108900185,25,295,-270
108900186,22,429,-407
108900187,87,37,50
108900188,115,41,74
108900189,185,154,31
108900190,19,3514,-3495
108900191,98,9,89
108900192,63,355,-292
108900193,28,21,7
108900194,13,350,-337
108900195,33,418,-385
108900196,9,702,-693
108900198,1,650,-649
108900199,81,319,-238
108900200,169,288,-119
108900201,158,1071,-913
108900203,212,8,204
108900204,102,0,102
108900205,76,7,69
108900206,101,13,88
108900207,103,21,82
108900208,14,386,-372
108900209,144,761,-617
108900210,86,247,-161
108900211,105,119,-14
108900212,574,435,139
108900215,71,753,-682
108900216,240,64,176
108900217,28,0,28
108900218,24,4,20
108900219,29,2,27
108900220,18,3,15
108900221,11,41,-30
108900222,65,4,61
108900223,9,38,-29
108900224,22,79,-57
108900225,0,166,-166
108900226,92,3,89
108900227,36,60,-24
108900230,420,328,92
108900231,72,289,-217
108900232,2,418,-416
108900233,155,20,135
108900234,218,38,180
108900235,136,711,-575
108900236,57,425,-368
108900237,38,322,-284
108900240,26,90,-64
108900241,15,7,8
108900245,1,465,-464
108900249,40,8,32
108900250,88,118,-30
108900257,38,796,-758
108900258,12,323,-311
108900259,16,89,-73
108900260,4,104,-100
108900261,115,138,-23
108900262,334,103,231
108900263,38,396,-358
108900264,274,242,32
108900265,1624,191,1433
108900266,1222,138,1084
108900267,1,42,-41
108900268,3,0,3
108900269,18,4,14
108900270,12,5,7
108900271,8,3,5
108900272,52,3,49
108900273,960,261,699
108900274,4,49,-45
109000001,2064,715,1349
109000002,3525,1074,2451
109000003,1251,409,842
109000004,420,2962,-2542
109000005,1007,604,403
109000006,583,2253,-1670
109000007,551,496,55
109000008,253,2056,-1803
109000009,2350,680,1670
109000010,1119,3828,-2709
109000011,1442,1078,364
109000012,1238,4264,-3026
109000013,1943,1198,745
109000014,1291,4351,-3060
109000015,2382,2571,-189
109000016,10419,4843,5576
109000017,1275,789,486
109000018,566,3939,-3373
109000019,1305,651,654
109000020,879,2442,-1563
109000023,82,8,74
109000024,2,172,-170
109000025,261,226,35
109000026,582,315,267
109000027,50,154,-104
109000028,45,102,-57
109000029,154,72,82
109000030,72,474,-402
109000031,58,40,18
109000032,40,446,-406
109000033,125,51,74
109000034,21,16,5
109000035,4,16,-12
109000036,81,310,-229
109000037,100,422,-322
109000038,622,273,349
109000039,396,241,155
109000040,5889,2183,3706
109000041,6286,924,5362
109000042,890,896,-6
109000044,150,60,90
109000045,34,471,-437
109000046,108,47,61
109000047,25,532,-507
109000048,458,100,358
109000049,181,604,-423
109000050,275,172,103
109000051,242,337,-95
109000052,268,2263,-1995
109000053,86,103,-17
109000054,174,1007,-833
109000055,106,191,-85
109000056,138,825,-687
109000057,229,197,32
109000058,1153,326,827
109000059,518,1401,-883
109000060,409,147,262
109000061,1860,434,1426
109000062,133,153,-20
109000063,194,276,-82
109000064,86,134,-48
109000065,70,534,-464
109000066,149,146,3
109000067,33,496,-463
109000068,104,2,102
109000069,249,6,243
109000070,11,828,-817
109000071,222,76,146
109000072,45,428,-383
109000073,19,53,-34
109000074,17,272,-255
109000075,45,559,-514
109000076,44,104,-60
109000077,312,300,12
109000078,11,99,-88
109000079,60,270,-210
109000080,34,139,-105
109000081,19,558,-539
109000082,99,364,-265
109000083,119,847,-728
109000088,58,411,-353
109000089,91,26,65
109000090,211,643,-432
109000091,132,55,77
109000092,388,769,-381
109000093,130,59,71
109000094,105,0,105
109000095,44,858,-814
109000096,186,112,74
109000097,74,99,-25
109000098,43,28,15
109000099,274,298,-24
109000100,102,667,-565
109000101,547,793,-246
109000102,185,1108,-923
109000103,177,684,-507
109000104,563,622,-59
109000105,289,1983,-1694
109000106,1054,502,552
109000107,297,2295,-1998
109000108,629,316,313
109000109,366,2152,-1786
109000110,985,326,659
109000111,991,2894,-1903
109000112,226,181,45
109000113,77,220,-143
109000114,87,424,-337
109000115,722,32,690
109000116,19,182,-163
109000117,44,84,-40
109000118,8,364,-356
109000119,316,329,-13
109000120,67,1490,-1423
109000121,120,54,66
109000122,52,1469,-1417
109000123,8,109,-101
109000124,262,372,-110
109000125,395,346,49
109000126,276,1216,-940
109000127,273,167,106
109000128,268,3076,-2808
109000129,992,267,725
109000130,489,3391,-2902
109000131,378,169,209
109000132,555,1963,-1408
109000133,243,922,-679
109000134,416,1521,-1105
109000135,581,1134,-553
109000136,182,546,-364
109000137,86,305,-219
109000138,188,587,-399
109000139,166,416,-250
109000140,53,579,-526
109000141,141,522,-381
109000142,50,634,-584
109000143,37,31,6
109000145,54,96,-42
109000146,33,85,-52
109000148,5218,898,4320
109000149,12,12,0
109000150,39,140,-101
109000155,195,401,-206
109000156,982,1216,-234
109000158,60,241,-181
109000159,32,704,-672
109000160,428,307,121
109000161,188,1781,-1593
109000162,1096,1218,-122
109000163,441,1908,-1467
109000164,659,2386,-1727
109000165,550,757,-207
109000166,290,128,162
109000167,64,1061,-997
109000170,19,56,-37
109000171,27,27,0
109000172,34,40,-6
109000173,8,35,-27
109000174,27,58,-31
109000175,17,154,-137
109000176,85,339,-254
109000177,9,121,-112
109000178,108,94,14
109000179,9597,1667,7930
109000180,6021,4009,2012
109000181,5,50,-45
109000182,9,46,-37
109000183,8,59,-51
109000184,14,18,-4
109000185,3,84,-81
109000188,426,3234,-2808
109000189,1248,1036,212
109000190,319,579,-260
109000191,145,837,-692
109000192,72,229,-157
109000193,60,555,-495
109000194,52,142,-90
109000195,47,558,-511
109000196,153,118,35
109000197,90,652,-562
109000198,100,44,56
109000199,50,582,-532
109000206,87,41,46
109000207,57,40,17
109000208,73,48,25
109000209,94,56,38
109000210,132,524,-392
109000211,80,237,-157
109000214,171,854,-683
109000215,56,38,18
109000216,52,86,-34
109000217,119,68,51
109000218,92,84,8
109000221,180,1279,-1099
109000222,333,58,275
109000223,114,154,-40
109000224,22,404,-382
109000225,38,44,-6
109000226,37,353,-316
109000227,585,1996,-1411
109000228,1,380,-379
109000231,4,563,-559
109000232,101,591,-490
109000236,148,783,-635
109000241,672,1681,-1009
109000242,561,1282,-721
109000293,6,22,-16
109000361,45,218,-173
109000364,220,861,-641
109000396,4,1065,-1061
109000397,148,1,147
109000399,74,477,-403
109000400,22,278,-256
109000403,28,152,-124
109000406,68,8,60
109000407,126,294,-168
109000408,2,366,-364
109000410,469,180,289
109000411,9,8,1
109900001,61,0,61
109900002,183,9,174
109900003,40,0,40
109900004,669,334,335
109900005,6,0,6
109900006,138,231,-93
109900007,199,1203,-1004
109900008,0,17,-17
109900009,65,1225,-1160
109900010,157,9,148
109900011,8,13,-5
109900012,169,93,76
109900013,212,66,146
109900014,68,46,22
109900015,186,50,136
109900016,34,50,-16
109900017,29,43,-14
109900018,79,142,-63
109900019,45,102,-57
109900020,4,3,1
109900021,6,3,3
109900022,18,319,-301
109900023,11,3,8
109900024,24,0,24
109900025,2,95,-93
109900026,2,197,-195
109900027,18,0,18
109900028,3037,289,2748
109900029,5,663,-658
109900030,4,2,2
109900031,0,97,-97
109900032,6,302,-296
109900033,2,464,-462
109900034,2,0,2
109900035,25,26,-1
109900036,9,106,-97
109900037,12,576,-564
109900038,21,265,-244
109900039,4,0,4
109900040,9,828,-819
109900041,39,688,-649
109900042,17,587,-570
109900044,52,365,-313
109900045,4,30,-26
109900046,21,50,-29
109900047,253,366,-113
109900048,0,83,-83
109900049,5,24,-19
109900050,3,305,-302
109900051,0,45,-45
109900052,40,341,-301
109900053,3,570,-567
109900054,202,66,136
109900055,22,312,-290
109900056,17,50,-33
109900057,1,295,-294
109900058,0,133,-133
109900059,145,68,77
109900060,156,169,-13
109900061,69,340,-271
109900062,0,262,-262
109900063,3,272,-269
109900064,144,177,-33
109900065,75,160,-85
109900066,240,1175,-935
109900067,2,492,-490
109900068,11,2,9
109900069,1,31,-30
109900070,55,344,-289
109900071,1,33,-32
109900072,5,122,-117
109900073,71,823,-752
109900074,2,76,-74
109900075,0,12,-12
109900076,20,298,-278
109900077,6,88,-82
109900078,65,264,-199
109900080,110,389,-279
109900081,17,61,-44
109900082,26,634,-608
109900083,35,42,-7
109900084,20,133,-113
109900085,144,1424,-1280
109900086,98,112,-14
109900087,110,337,-227
109900089,155,59,96
109900090,417,1250,-833
109900091,60,75,-15
109900092,220,15,205
109900093,216,108,108
109900094,10,80,-70
109900095,96,180,-84
109900096,9,0,9
109900097,25,0,25
109900098,102,10,92
109900099,14,1,13
109900100,7,0,7
109900101,103,2,101
109900102,211,7,204
109900103,2,30,-28
109900104,87,1334,-1247
109900105,189,12,177
109900106,116,49,67
109900107,131,54,77
109900108,58,1023,-965
109900109,11,280,-269
109900110,15,594,-579
109900111,216,1290,-1074
109900112,292,1192,-900
109900113,219,171,48
109900114,777,115,662
109900115,40,53,-13
109900117,238,97,141
109900118,195,574,-379
109900119,581,318,263
109900120,20,0,20
109900121,211,106,105
109900122,166,3,163
109900123,2,216,-214
109900124,15,910,-895
109900125,0,315,-315
109900126,41,227,-186
109900128,56,54,2
109900130,13769,938,12831
109900131,47,124,-77
109900132,14,212,-198
109900133,18,450,-432
109900134,21,35,-14
109900135,336,42,294
109900136,44,148,-104
109900137,27,417,-390
109900138,98,386,-288
109900140,85,565,-480
109900141,90,198,-108
109900142,353,244,109
109900145,2,66,-64
109900146,340,20,320
109900148,18,61,-43
109900149,42,48,-6
109900150,4,59,-55
109900151,6,58,-52
109900152,0,29,-29
109900153,0,21,-21
109900154,0,0,0
109900155,5,2,3
109900157,35,258,-223
109900158,33,103,-70
109900159,62,31,31
109900160,31,27,4
109900161,69,51,18
109900162,45,41,4
109900163,780,253,527
109900164,32,197,-165
109900165,73,2,71
109900166,2,247,-245
109900167,63,841,-778
109900168,118,789,-671
109900169,60,146,-86
109900170,187,393,-206
109900171,48,75,-27
109900172,87,114,-27
109900173,5116,727,4389
109900174,13,185,-172
109900175,29,87,-58
109900176,57,312,-255
109900177,5,394,-389
109900178,1,97,-96
109900179,15,21,-6
109900180,1,0,1
110000001,524,472,52
110000002,263,468,-205
110000003,713,620,93
110000004,417,542,-125
110000005,714,904,-190
110000006,650,303,347
110000007,61,194,-133
110000008,7,59,-52
110000009,3,58,-55
110000010,10,60,-50
110000011,7,114,-107
110000012,591,468,123
110000013,16,241,-225
110000014,597,343,254
110000015,447,517,-70
110000016,198,616,-418
110000017,5296,253,5043
110000018,4154,575,3579
110000019,11,275,-264
110000020,543,261,282
110000021,394,511,-117
110000022,579,115,464
110000023,10,246,-236
110000024,649,352,297
110000025,53,2,51
110000026,6,840,-834
110000027,328,362,-34
110000028,694,824,-130
110000029,302,1042,-740
110000030,131,459,-328
110000031,168,653,-485
110000032,487,571,-84
110000033,80,96,-16
110000034,170,1382,-1212
110000035,241,1295,-1054
110000036,303,1483,-1180
110000037,62,975,-913
110000038,161,854,-693
110000039,280,1084,-804
110000040,343,675,-332
110000041,98,419,-321
110000042,40,353,-313
110000043,224,80,144
110000044,28,72,-44
110000045,117,37,80
110000046,1,12,-11
110000047,5,1,4
110000048,1,1,0
110000049,1,0,1
110000050,2,7,-5
110000051,3,0,3
110000052,9,32,-23
110000053,10,0,10
110000054,99,279,-180
110000055,153,12,141
110000056,42,29,13
110000057,299,809,-510
110000058,471,699,-228
110000059,471,579,-108
110000060,331,998,-667
110000061,883,940,-57
110000062,664,869,-205
110000063,25,83,-58
110000064,59,152,-93
110000065,26,128,-102
110000066,22,65,-43
110000067,58,323,-265
110000068,51,591,-540
110000069,83,186,-103
110000071,32,231,-199
110000073,4,46,-42
110000075,4,171,-167
110000076,258,146,112
110000077,398,356,42
110000078,4,116,-112
110000080,147,711,-564
110000081,11,264,-253
110000082,7,207,-200
110000083,171,668,-497
110000084,358,368,-10
110000085,3945,1314,2631
110000086,1867,706,1161
110000087,1,38,-37
110000088,21,205,-184
110000089,161,217,-56
110000090,54,377,-323
110000091,2092,332,1760
110000092,12,150,-138
110000093,30,8,22
110000094,366,359,7
110000095,96,349,-253
110000096,4706,2111,2595
110000097,837,661,176
110000098,1173,422,751
110000099,1074,1766,-692
110000100,183,1148,-965
110000101,9,901,-892
110000102,16,42,-26
110000104,78,66,12
110000105,40,323,-283
110000106,213,152,61
110000107,353,600,-247
110000108,124,23,101
110000109,301,305,-4
110000110,6641,3403,3238
110000111,11746,1475,10271
110000112,1484,244,1240
110000113,972,581,391
110000114,76,200,-124
110000115,82,242,-160
110000116,32,29,3
110000117,106,723,-617
110000118,234,311,-77
110000119,123,509,-386
110000120,191,178,13
110000121,33,273,-240
110000122,237,658,-421
110000123,190,467,-277
110000124,7,1088,-1081
110000125,561,5,556
110000126,122,11,111
110000127,305,26,279
110000128,27,2389,-2362
110000129,1,676,-675
110000130,85,81,4
110000131,81,468,-387
110000132,4,935,-931
110000133,36,267,-231
110000134,24,314,-290
110000135,145,52,93
110000136,32,337,-305
110000137,229,873,-644
110000138,365,1068,-703
110000139,596,2158,-1562
110000140,540,219,321
110000143,888,297,591
110000144,4894,867,4027
110000145,1146,780,366
110000146,3190,932,2258
110000147,181,662,-481
110000148,249,476,-227
110000151,830,737,93
110000152,701,287,414
110000153,52,53,-1
110000154,46,15,31
110000155,2333,1465,868
110000156,912,828,84
110000157,2062,1366,696
110000160,244,496,-252
110000161,127,655,-528
110000166,161,158,3
110000167,474,464,10
110000168,558,207,351
110000169,161,314,-153
110000170,36,94,-58
110000171,385,149,236
110000172,130,1072,-942
110000173,1146,1536,-390
110000174,71,1575,-1504
110000175,303,190,113
110000176,25,311,-286
110000177,87,863,-776
110000178,506,523,-17
110000179,1450,247,1203
110000180,48,340,-292
110000181,159,381,-222
110000182,369,281,88
110000183,14554,3547,11007
110000184,631,1334,-703
110000185,732,651,81
110000186,631,509,122
110000191,202,383,-181
110000192,206,1,205
110000193,161,8,153
110000194,15,1462,-1447
110000195,113,563,-450
110000196,139,615,-476
110000197,5,295,-290
110000198,54,132,-78
110000199,44,115,-71
110000200,1535,808,727
110000201,321,436,-115
110000202,527,319,208
110000203,569,855,-286
110000204,0,369,-369
110000205,31,73,-42
110000206,577,1994,-1417
110000207,246,240,6
110000208,59,82,-23
110000209,102,742,-640
110000210,178,644,-466
110000211,291,635,-344
110000212,173,717,-544
110000213,34,64,-30
110000214,59,153,-94
110000215,43,901,-858
110000216,27,955,-928
110000217,125,191,-66
110000218,45,712,-667
110000219,85,91,-6
110000220,10,590,-580
110000221,118,104,14
110000222,14,370,-356
110000223,11,86,-75
110000224,86,6,80
110000225,90,527,-437
110000226,110,35,75
110000227,360,331,29
110000228,202,326,-124
110000229,1,277,-276
110000230,269,505,-236
110000231,81,151,-70
110000232,80,241,-161
110000233,44,305,-261
110000234,391,370,21
110000235,697,884,-187
110000236,198,936,-738
110000237,775,886,-111
110000238,623,1156,-533
110000239,750,1428,-678
110000240,1,110,-109
110000242,0,5,-5
110000243,63,243,-180
110000244,92,309,-217
110000245,12,430,-418
110000246,414,831,-417
110000247,4237,4337,-100
110000248,5032,1511,3521
110000249,64,9,55
110000250,4,241,-237
110000251,67,510,-443
110000252,202,354,-152
110000253,790,357,433
110000254,1512,1775,-263
110000255,236,1455,-1219
110000256,332,231,101
110000257,944,345,599
110000258,5,632,-627
110000259,39,40,-1
110000260,21,670,-649
110000263,1096,85,1011
110000264,182,799,-617
110000265,790,1675,-885
110000266,2226,2671,-445
110000267,20,292,-272
110000268,226,636,-410
110000269,0,83,-83
110000270,17,2,15
110000271,2338,273,2065
110000272,483,835,-352
110000273,2889,1209,1680
110000274,222,1289,-1067
110000275,3500,437,3063
110000276,83,350,-267
110000277,83,400,-317
110000278,199,1043,-844
110000279,597,677,-80
110000280,145,517,-372
110000281,11,228,-217
110000282,181,38,143
110000283,9,122,-113
110000284,11,26,-15
110000285,0,158,-158
110000286,8,0,8
110000287,22,2,20
110000288,1,109,-108
110000289,306,1101,-795
110000290,1542,810,732
110000291,7509,1404,6105
110000292,1195,6312,-5117
110000293,293,1296,-1003
110000294,475,1313,-838
110000295,126,1073,-947
110000296,177,423,-246
110000297,4748,284,4464
110000298,374,468,-94
110000299,1757,18,1739
110000301,316,7,309
110000302,77,1491,-1414
110000303,231,8,223
110000304,87,330,-243
110000305,509,11,498
110000306,75,2711,-2636
110000307,498,5,493
110000308,206,12,194
110000309,9,1799,-1790
110000310,343,68,275
110000311,20,965,-945
110000312,763,35,728
110000313,7288,1665,5623
110000314,1,240,-239
110000315,3451,1349,2102
110000316,442,979,-537
110000317,458,269,189
110000318,1,139,-138
110000319,5,37,-32
110000320,19,57,-38
110000321,8,72,-64
110000322,74,698,-624
110000323,167,400,-233
110000324,5521,1136,4385
110000325,2415,2916,-501
110000327,528,204,324
110000328,171,613,-442
110000333,592,826,-234
110000334,684,1516,-832
110000335,1056,818,238
110000336,315,1530,-1215
110000337,553,665,-112
110000338,92,260,-168
110000339,85,287,-202
110000340,20,222,-202
110000341,169,696,-527
110000342,391,6,385
110000343,0,18,-18
110000344,16,220,-204
110000345,71,115,-44
110000346,2292,1548,744
110000347,1007,1054,-47
110000348,0,31,-31
110000349,1,82,-81
110000350,30,5,25
110000351,396,1127,-731
110000352,250,1568,-1318
110000353,3109,999,2110
110000354,782,1552,-770
110000355,35,124,-89
110000356,212,2,210
110000357,214,14,200
110000361,9,106,-97
110000362,25,236,-211
110000363,102,152,-50
110000364,91,351,-260
110000365,122,0,122
110000366,0,86,-86
110000367,207,381,-174
110000368,0,106,-106
110000369,26,0,26
110000373,0,298,-298
110000374,12,3,9
110000375,117,677,-560
110000376,26,114,-88
110000377,16,135,-119
110000378,22,253,-231
110000379,4134,743,3391
110000380,5,18,-13
110000383,1,455,-454
110000384,1387,263,1124
110000385,4,312,-308
110000387,26,6,20
110000388,19,238,-219
110000389,185,4,181
110000391,158,577,-419
110000396,19,178,-159
110000397,50,288,-238
110000398,3,60,-57
110000399,117,1,116
110000587,29,63,-34
110000589,63,222,-159
110000640,100,202,-102
110000652,2,180,-178
110000653,83,414,-331
110000654,0,6,-6
110000656,2,598,-596
110000674,12,17,-5
110000675,39,10,29
110000676,2,24,-22
110000679,523,302,221
110000682,68,78,-10
110000683,329,680,-351
110000684,1,52,-51
110000685,3,3,0
110000686,4,17,-13
110000687,6,2,4
110000688,58,286,-228
110000689,10,223,-213
110000692,41,320,-279
110000693,69,311,-242
110000694,0,89,-89
110000695,69,818,-749
110000696,110,161,-51
110900001,65,17,48
110900002,63,233,-170
110900003,169,1516,-1347
110900004,86,389,-303
110900005,6006,1022,4984
110900006,12,0,12
110900007,47,6,41
110900008,0,28,-28
110900009,180,25,155
110900010,1,140,-139
110900011,5,49,-44
110900012,7,162,-155
110900013,427,185,242
110900014,54,5,49
110900015,926,216,710
110900016,3,255,-252
110900017,85,64,21
110900018,290,34,256
110900019,27,6,21
110900020,15,764,-749
110900021,25,1015,-990
110900022,60,582,-522
110900023,63,513,-450
110900024,14,693,-679
110900025,7,63,-56
110900027,11,352,-341
110900028,19,219,-200
110900029,43,733,-690
110900030,18,476,-458
110900031,8,237,-229
110900032,0,138,-138
110900033,32,400,-368
110900035,28,372,-344
110900036,41,22,19
110900037,29,11,18
110900038,1625,168,1457
110900039,6,326,-320
110900040,143,18,125
110900041,6,237,-231
110900042,34,56,-22
110900043,1,280,-279
110900044,217,16,201
110900045,23,1064,-1041
110900046,159,437,-278
110900047,901,67,834
110900049,48,15,33
110900050,4,1,3
110900051,24,185,-161
110900052,3,285,-282
110900053,32,55,-23
110900054,9,460,-451
110900055,5,0,5
110900056,73,119,-46
110900057,2,256,-254
110900058,52,357,-305
110900059,514,1114,-600
110900060,246,92,154
110900061,31,49,-18
110900062,30,446,-416
110900063,26,92,-66
110900064,3,0,3
110900065,331,64,267
110900066,2,76,-74
110900067,735,288,447
110900068,236,307,-71
110900069,0,36,-36
110900070,65,66,-1
110900071,235,264,-29
110900073,1,8,-7
110900074,179,54,125
110900075,121,90,31
110900077,154,367,-213
110900078,8,178,-170
110900079,2116,414,1702
110900080,24,34,-10
110900081,2,169,-167
110900082,19,222,-203
110900083,30,24,6
110900084,15,301,-286
110900085,33,375,-342
110900086,37,75,-38
110900087,93,80,13
110900088,0,0,0
110900090,17,14,3
110900091,2,65,-63
110900093,164,50,114
110900095,31,65,-34
110900097,8,23,-15
110900098,14,91,-77
110900099,47,622,-575
110900100,1,24,-23
110900102,17,9,8
110900105,667,372,295
110900108,2,125,-123
110900111,220,43,177
110900112,355,7,348
110900113,631,16,615
110900115,5,90,-85
110900116,270,3094,-2824
110900118,155,776,-621
110900119,8299,286,8013
110900120,4,187,-183
110900121,85,2,83
110900122,117,119,-2
110900125,96,193,-97
110900127,505,569,-64
110900128,143,101,42
110900129,225,128,97
110900130,1059,154,905
110900131,46,36,10
110900132,91,20,71
110900133,47,423,-376
110900135,139,828,-689
110900136,95,12,83
110900137,129,0,129
110900138,136,387,-251
110900139,2,13,-11
110900140,20,1,19
110900141,1,35,-34
110900142,25,277,-252
110900143,48,59,-11
110900144,1,669,-668
110900145,38,3,35
110900146,262,23,239
110900147,176,187,-11
110900148,2,313,-311
110900149,0,79,-79
110900150,20,14,6
110900151,2,113,-111
110900152,5,334,-329
110900153,16,12,4
111000001,131,112,19
111000002,312,529,-217
111000003,340,373,-33
111000004,353,1213,-860
111000005,564,576,-12
111000006,781,1820,-1039
111000007,4206,1326,2880
111000008,4070,3521,549
111000009,274,960,-686
111000010,455,228,227
111000011,368,634,-266
111000012,488,238,250
111000013,255,855,-600
111000014,466,456,10
111000017,96,355,-259
111000018,173,367,-194
111000020,2933,2091,842
111000021,60,149,-89
111000023,105,204,-99
111000025,8673,1563,7110
111000029,42,82,-40
111000030,43,108,-65
111000031,2017,574,1443
111000032,431,236,195
111000033,235,78,157
111000034,332,108,224
111000037,3569,1358,2211
111000038,2628,2411,217
111000039,1398,2668,-1270
111000040,1395,2798,-1403
111000041,1878,1629,249
111000042,8376,3135,5241
111000043,1651,1101,550
111000044,773,365,408
111000045,923,1362,-439
111000046,1000,992,8
111000047,1004,1590,-586
111000049,231,526,-295
111000050,1753,1736,17
111000051,286,1134,-848
111000052,600,1407,-807
111000053,345,1115,-770
111000054,287,1070,-783
111000055,1081,2355,-1274
111000056,53,847,-794
111000057,50,1074,-1024
111000058,49,128,-79
111000059,189,213,-24
111000060,1768,444,1324
111000061,441,321,120
111000062,389,239,150
111000063,1396,780,616
111000064,212,540,-328
111000065,521,646,-125
111000066,179,234,-55
111000067,252,748,-496
111000068,194,584,-390
111000069,1448,1759,-311
111000070,2101,1129,972
111000071,74,872,-798
111000072,170,84,86
111000073,29,143,-114
111000074,1052,1068,-16
111000075,321,735,-414
111000076,156,843,-687
111000077,693,1223,-530
111000078,1442,1015,427
111000079,1178,855,323
111000080,257,648,-391
111000081,2599,2731,-132
111000082,487,719,-232
111000084,386,521,-135
111000085,591,1620,-1029
111000086,3125,1298,1827
111000087,606,963,-357
111000088,6672,1686,4986
111000089,321,854,-533
111000090,1012,1466,-454
111000091,452,969,-517
111000092,614,1429,-815
111000093,460,668,-208
111000094,1751,753,998
111000095,886,1473,-587
111000096,3429,4938,-1509
111000097,7045,1079,5966
111000098,319,1680,-1361
111000099,190,3104,-2914
111000100,212,2725,-2513
111000101,324,969,-645
111000102,46,1129,-1083
111000104,105,196,-91
111000107,45,1120,-1075
111000109,158,229,-71
111000110,397,455,-58
111000111,525,417,108
111000112,590,249,341
111000113,382,239,143
111000114,637,678,-41
111000115,9402,710,8692
111000116,897,758,139
111000117,468,712,-244
111000118,1714,1174,540
111000119,601,2106,-1505
111000120,282,605,-323
111000121,128,495,-367
111000122,275,1165,-890
111000123,542,4474,-3932
111000124,302,4603,-4301
111000125,150,2756,-2606
111000126,35,1185,-1150
111000127,293,95,198
111000128,426,189,237
111000129,1021,274,747
111000130,527,798,-271
111000131,516,600,-84
111000132,333,266,67
111000133,57,208,-151
111000134,51,153,-102
111000135,14,148,-134
111000136,94,239,-145
111000138,4,2,2
111000140,1,1,0
111000141,44,263,-219
111000142,6,107,-101
111000143,1,74,-73
111000144,1,106,-105
111000145,18,2,16
111000146,26,4,22
111000147,57,5,52
111000148,62,114,-52
111000149,1,28,-27
111000150,5,14,-9
111000151,1,10,-9
111000153,505,433,72
111000154,775,213,562
111000155,49,184,-135
111000156,312,175,137
111000157,70,245,-175
111000158,705,335,370
111000159,2609,663,1946
111000160,107,385,-278
111000161,4,274,-270
111000162,6,171,-165
111000163,198,721,-523
111000164,881,1639,-758
111000165,1422,402,1020
111000166,1226,331,895
111000167,213,542,-329
111000168,135,471,-336
111000169,174,354,-180
111000170,469,294,175
111000171,425,991,-566
111000172,76,515,-439
111000173,103,1035,-932
111000174,46,748,-702
111000175,21,372,-351
111000176,97,165,-68
111000177,49,232,-183
111000178,394,324,70
111000179,27,176,-149
111000180,101,302,-201
111000181,341,270,71
111000182,87,158,-71
111000183,161,183,-22
111000184,192,247,-55
111000185,259,494,-235
111000186,128,364,-236
111000187,33,369,-336
111000188,78,443,-365
111000189,1605,590,1015
111000190,161,669,-508
111000191,80,579,-499
111000192,116,674,-558
111000193,289,458,-169
111000194,11,480,-469
111000195,35,564,-529
111000196,21,348,-327
111000197,109,231,-122
111000198,171,115,56
111000199,39,160,-121
111000200,113,258,-145
111000201,162,239,-77
111000202,97,228,-131
111000203,125,203,-78
111000204,121,222,-101
111000213,51,389,-338
111000214,1173,1575,-402
111000215,487,1259,-772
111000217,534,857,-323
111000218,704,849,-145
111000219,309,198,111
111000220,3714,546,3168
111000221,488,259,229
111000224,1,154,-153
111000225,97,15,82
111000226,111,1,110
111000227,47,0,47
111000228,18,169,-151
111000229,30,259,-229
111000230,221,713,-492
111000231,220,1781,-1561
111000232,133,1029,-896
111000233,201,981,-780
111000234,61,245,-184
111000239,170,330,-160
111000240,16,48,-32
111000241,37,684,-647
111000242,18,26,-8
111000243,42,1146,-1104
111000244,67,95,-28
111000245,143,686,-543
111000246,69,717,-648
111000247,71,1481,-1410
111000248,212,442,-230
111000249,299,1145,-846
111000250,25,216,-191
111000251,59,176,-117
111000253,0,0,0
111000255,0,0,0
111000257,0,0,0
111000260,62,1643,-1581
111000261,373,71,302
111000271,30,313,-283
111000273,7337,1198,6139
111000274,1029,1639,-610
111000275,44,54,-10
111000276,204,3348,-3144
111000277,182,691,-509
111000278,319,244,75
111000291,286,2019,-1733
111000298,194,271,-77
111000299,364,34,330
111000300,49,696,-647
111000302,143,106,37
111000303,107,356,-249
111000312,65,66,-1
111000315,0,4,-4
111000320,315,760,-445
111000321,140,51,89
111000322,104,665,-561
111000323,35,10,25
111000324,225,368,-143
111000325,7,98,-91
111000326,74,462,-388
111000327,302,556,-254
111000328,124,325,-201
111000329,3,13,-10
111000330,20,3,17
111000331,3,3,0
111000332,246,1106,-860
111000334,330,2031,-1701
111000335,147,125,22
111000337,177,470,-293
111000338,17,141,-124
111000339,98,1012,-914
111000340,49,1282,-1233
111000341,304,153,151
111000342,29,289,-260
111000344,483,770,-287
111000345,84,26,58
111000346,8,88,-80
111000347,26,7,19
111000350,85,173,-88
111000351,42,154,-112
111000352,55,111,-56
111000353,90,284,-194
111000354,273,219,54
111000355,114,836,-722
111000358,68,2485,-2417
111000360,66,1365,-1299
111000361,66,541,-475
111000546,130,847,-717
111000547,127,773,-646
111000548,49,196,-147
111000549,108,562,-454
111000550,44,233,-189
111000551,544,114,430
111000552,162,33,129
111000907,75,59,16
111000908,2,0,2
111000916,314,292,22
111000917,27,316,-289
111000918,65,1490,-1425
111000920,106,0,106
111000921,3,392,-389
111000922,101,406,-305
111000924,16,1331,-1315
111000925,893,1354,-461
111000926,748,2795,-2047
111000927,3120,2755,365
111000928,6974,3800,3174
111000929,507,752,-245
111000930,452,2643,-2191
111000931,1138,1292,-154
111000932,3750,2644,1106
111000933,2274,1301,973
111000934,2399,2837,-438
111000935,563,831,-268
111000936,502,2386,-1884
111000937,327,950,-623
111000938,1459,2460,-1001
111000939,131,23,108
111000940,163,233,-70
111000941,69,634,-565
111000943,99,308,-209
111000944,46,630,-584
111000945,9,2664,-2655
111001109,124,80,44
111001110,78,872,-794
111001111,8,2,6
111001112,55,2,53
111001113,24,77,-53
111001114,811,29,782
111001115,23,302,-279
111001116,5942,834,5108
111001117,588,442,146
111001120,51,366,-315
111001121,40,368,-328
111001122,20,399,-379
111900001,0,162,-162
111900002,2,887,-885
111900003,2,603,-601
111900004,15,242,-227
111900006,4,5,-1
111900007,21,1,20
111900008,23,3,20
111900009,33,192,-159
111900010,125,642,-517
111900012,77,126,-49
111900013,0,125,-125
111900014,10531,1372,9159
111900015,0,103,-103
111900016,0,211,-211
111900017,0,236,-236
111900018,47,1,46
111900019,0,68,-68
111900020,2,41,-39
111900021,9,74,-65
111900022,7,66,-59
111900023,137,47,90
111900024,0,90,-90
111900025,0,37,-37
111900026,2,117,-115
111900027,4,215,-211
111900028,3,717,-714
111900029,4,90,-86
111900030,100,372,-272
111900031,2,77,-75
111900032,4,520,-516
111900033,3,134,-131
111900034,64,380,-316
111900035,24,326,-302
111900036,0,500,-500
111900038,281,549,-268
111900039,34,541,-507
111900040,6,981,-975
111900042,55,76,-21
111900043,0,640,-640
111900044,203,261,-58
111900046,67,378,-311
111900048,54,1067,-1013
111900049,33,454,-421
111900050,45,8,37
111900051,3,282,-279
111900052,405,927,-522
111900053,1518,224,1294
111900054,39,6,33
111900055,32,993,-961
111900056,146,66,80
111900057,34,3,31
111900058,66,1111,-1045
111900059,2082,155,1927
111900060,92,0,92
111900061,18,458,-440
111900062,5,29,-24
111900063,79,258,-179
111900064,75,362,-287
111900065,20,36,-16
111900066,42,84,-42
111900067,2,447,-445
111900068,11,11,0
111900069,39,13,26
111900070,42,133,-91
111900071,1,334,-333
111900072,9,6,3
111900073,217,34,183
111900074,7,267,-260
111900075,38,9,29
111900076,23,15,8
111900077,12,4,8
111900078,98,2,96
111900079,2,4,-2
111900080,148,34,114
111900081,820,107,713
111900082,17,12,5
111900083,13,0,13
111900084,10,0,10
111900085,24,27,-3
111900086,18,1,17
111900087,15,2,13
111900088,80,0,80
111900089,9,0,9
111900090,57,22,35
111900091,32,3,29
111900092,32,0,32
111900093,120,2,118
111900094,13,0,13
111900095,114,4,110
111900096,21,1,20
111900097,14,0,14
111900098,29,0,29
111900099,7,0,7
111900100,47,2,45
111900101,35,1,34
111900102,137,1108,-971
111900103,54,22,32
111900104,45,48,-3
111900105,222,215,7
111900106,2252,51,2201
111900107,37,96,-59
111900108,92,27,65
111900109,350,92,258
111900110,4851,158,4693
111900111,23,253,-230
111900112,967,744,223
111900113,293,31,262
111900114,227,105,122
111900115,11,51,-40
111900118,66,15,51
111900119,104,42,62
111900122,50,7,43
111900123,3,5,-2
111900124,16,115,-99
111900125,112,6,106
111900126,47,0,47
111900127,2,833,-831
111900128,4,750,-746
111900129,61,6,55
111900130,57,2,55
111900131,85,2,83
111900132,13,1543,-1530
111900133,1,427,-426
111900134,38,452,-414
111900135,0,14,-14
111900136,21,46,-25
111900137,52,59,-7
111900138,8,50,-42
111900139,11,160,-149
111900140,23,12,11
111900141,3,25,-22
111900142,25,15,10
111900143,5,398,-393
111900144,1,185,-184
111900145,3,983,-980
111900146,1,457,-456
111900147,191,709,-518
111900148,28,1235,-1207
111900149,10,623,-613
111900150,18,286,-268
111900151,3,44,-41
111900152,86,37,49
111900153,1795,115,1680
111900154,9,100,-91
111900155,82,25,57
111900156,14,21,-7
111900157,27,3,24
111900158,102,16,86
111900159,62,2,60
111900160,62,0,62
111900161,26,0,26
111900162,98,97,1
111900163,32,188,-156
111900164,19,18,1
111901113,78,252,-174
111901114,29,522,-493
111901115,11,0,11
111901116,23,3,20
111901117,9,12,-3
111901118,92,31,61
111901119,1823,122,1701
111901120,76,263,-187
111901121,131,388,-257
111901122,2,651,-649
111901123,22,564,-542
111901124,22,0,22
111901125,58,7,51
111901126,49,3,46
111901127,1242,146,1096
111901128,15,168,-153
111901129,3,195,-192
111901130,6,340,-334
111901131,0,170,-170
111901132,30,3,27
111901133,9,0,9
111901134,25,3,22
111901135,3,0,3
111901136,7,6,1
111901137,0,4,-4
111901138,13,20,-7
111901139,16,60,-44
111901140,3,187,-184
111901141,3,263,-260
111901142,1,134,-133
111901143,0,59,-59
111901144,13,12,1
112000001,994,663,331
112000002,644,2973,-2329
112000003,434,799,-365
112000004,469,2168,-1699
112000005,1110,1084,26
112000006,1176,2314,-1138
112000007,1083,1044,39
112000008,1541,2485,-944
112000009,4052,3717,335
112000010,1626,1886,-260
112000011,1739,2966,-1227
112000012,7450,1382,6068
112000013,8453,3883,4570
112000014,3025,517,2508
112000015,3521,2240,1281
112000016,3376,830,2546
112000017,1315,1098,217
112000024,1691,652,1039
112000026,5456,6383,-927
112000027,498,355,143
112000028,1507,2281,-774
112000029,226,359,-133
112000030,192,152,40
112000031,1632,1554,78
112000032,716,67,649
112000033,2493,581,1912
112000034,342,57,285
112000035,91,338,-247
112000036,686,559,127
112000037,735,1253,-518
112000038,728,876,-148
112000039,37,74,-37
112000040,118,478,-360
112000041,282,674,-392
112000042,941,308,633
112000050,325,1448,-1123
112000051,442,661,-219
112000054,1614,2729,-1115
112000057,804,277,527
112000058,491,405,86
112000059,1181,370,811
112000061,8376,1430,6946
112000062,4671,531,4140
112000063,3263,582,2681
112000064,6151,6764,-613
112000065,2937,3411,-474
112000066,2343,658,1685
112000067,577,823,-246
112000068,1151,693,458
112000069,584,3192,-2608
112000070,1201,367,834
112000071,782,4322,-3540
112000072,647,802,-155
112000073,905,2063,-1158
112000074,495,659,-164
112000075,694,800,-106
112000076,3221,3072,149
112000077,238,924,-686
112000078,849,806,43
112000079,1227,1606,-379
112000080,364,1117,-753
112000081,836,2236,-1400
112000082,752,489,263
112000083,384,2197,-1813
112000084,639,666,-27
112000085,574,1850,-1276
112000086,1023,1807,-784
112000087,106,608,-502
112000088,188,754,-566
112000089,127,399,-272
112000090,153,447,-294
112000091,538,1599,-1061
112000092,843,738,105
112000093,1354,1486,-132
112000094,247,732,-485
112000095,377,901,-524
112000096,176,682,-506
112000097,363,484,-121
112000098,689,2344,-1655
112000099,421,366,55
112000100,579,804,-225
112000101,290,1485,-1195
112000102,419,497,-78
112000103,149,1955,-1806
112000105,309,2435,-2126
112000106,491,432,59
112000107,5,170,-165
112000108,86,1840,-1754
112000109,11,35,-24
112000110,404,258,146
112000111,1132,5796,-4664
112000112,2231,407,1824
112000113,1040,2882,-1842
112000114,1262,884,378
112000115,93,512,-419
112000116,467,1086,-619
112000117,367,639,-272
112000118,578,1015,-437
112000119,292,1011,-719
112000120,50,432,-382
112000121,50,902,-852
112000122,105,138,-33
112000123,122,166,-44
112000124,56,83,-27
112000125,30,102,-72
112000126,73,968,-895
112000127,2772,842,1930
112000128,1492,458,1034
112000129,50,139,-89
112000130,41,30,11
112000131,14,393,-379
112000132,29,319,-290
112000133,109,248,-139
112000134,284,394,-110
112000135,429,504,-75
112000136,605,1360,-755
112000137,562,1281,-719
112000138,752,1556,-804
112000139,482,170,312
112000140,731,1221,-490
112000141,258,165,93
112000142,85,1248,-1163
112000143,365,140,225
112000144,189,2051,-1862
112000145,934,795,139
112000146,532,2875,-2343
112000147,726,1312,-586
112000148,1183,2319,-1136
112000149,122,782,-660
112000150,48,800,-752
112000151,171,867,-696
112000152,103,336,-233
112000153,140,302,-162
112000154,81,99,-18
112000155,90,59,31
112000157,397,396,1
112000158,95,836,-741
112000159,167,332,-165
112000167,99,8,91
112000169,252,323,-71
112000173,248,296,-48
112000175,159,355,-196
112000176,7010,1538,5472
112000177,147,72,75
112000178,50,716,-666
112000179,93,220,-127
112000180,132,214,-82
112000181,800,2251,-1451
112000182,352,2663,-2311
112000183,17,52,-35
112000184,168,765,-597
112000185,129,594,-465
112000187,2981,2623,358
112000195,108,32,76
112000196,140,1,139
112000197,99,69,30
112000198,20,640,-620
112000199,52,1296,-1244
112000202,121,1,120
112000216,24,149,-125
112000230,30,1,29
112000231,4,539,-535
112000256,7,82,-75
112000313,214,371,-157
112000314,13,6,7
112000337,126,633,-507
112000352,150,100,50
112000392,3432,1124,2308
112000398,530,672,-142
112000399,1666,1029,637
112000400,1695,4876,-3181
112000401,2672,3270,-598
112000402,1092,1619,-527
112000403,1651,1248,403
112000404,235,479,-244
112000405,1006,1972,-966
112000406,3342,3654,-312
112000407,2724,4603,-1879
112000408,9403,7636,1767
112000409,1395,5311,-3916
112000410,139,55,84
112000411,5778,465,5313
112000412,918,317,601
112000413,11749,1462,10287
112000414,27,85,-58
112000415,62,46,16
112000416,825,984,-159
112000417,112,50,62
112000421,7,152,-145
112000422,161,647,-486
112000424,2206,1213,993
112000425,224,1152,-928
112000426,42,215,-173
112000427,0,12,-12
112000428,23,544,-521
112000429,1601,2995,-1394
112000430,1513,3441,-1928
112000431,29,85,-56
112000432,415,2878,-2463
112000433,741,531,210
112000437,24,405,-381
112900001,11,0,11
112900002,87,1537,-1450
112900003,24,298,-274
112900004,7,383,-376
112900005,45,271,-226
112900006,7,620,-613
112900007,11,260,-249
112900008,0,10,-10
112900009,329,63,266
112900010,66,894,-828
112900011,380,240,140
112900012,0,47,-47
112900013,0,227,-227
112900014,0,365,-365
112900015,329,1281,-952
112900016,4,247,-243
112900017,24,170,-146
112900018,1,415,-414
112900019,86,155,-69
112900020,650,2345,-1695
112900021,1,350,-349
112900022,3,54,-51
112900023,1,357,-356
112900024,11,246,-235
112900025,80,221,-141
112900026,4,414,-410
112900027,4,1605,-1601
112900028,9,117,-108
112900029,6,817,-811
112900030,283,239,44
112900031,3,710,-707
112900032,112,332,-220
112900034,2,75,-73
112900035,2,706,-704
112900036,30,188,-158
112900037,75,47,28
112900038,165,126,39
112900039,7,422,-415
112900040,3,414,-411
112900041,1620,539,1081
112900042,10,534,-524
112900043,1,33,-32
112900044,433,396,37
112900045,646,298,348
112900046,241,60,181
112900047,19,5,14
112900049,22,62,-40
112900050,86,763,-677
112900051,315,1041,-726
112900052,12,1442,-1430
112900053,292,109,183
112900054,287,19,268
112900055,207,13,194
112900056,192,74,118
112900057,3,1052,-1049
112900058,174,69,105
112900059,45,133,-88
112900060,6,354,-348
112900061,30,185,-155
112900062,35,221,-186
112900063,37,0,37
112900064,109,121,-12
112900065,4,5,-1
112900066,149,57,92
112900067,673,142,531
112900068,11,9,2
112900069,3505,301,3204
112900071,9,1,8
112900072,189,303,-114
112900073,135,25,110
112900074,21,46,-25
112900075,2818,240,2578
112900076,31,14,17
112900078,96,127,-31
112900079,62,1,61
112900080,3,0,3
112900081,31,49,-18
112900082,137,5,132
112900083,22,17,5
112900084,70,34,36
112900085,1,2,-1
112900086,4,0,4
112900087,176,56,120
112900088,18,1,17
112900089,365,11,354
112900090,9,3,6
112900091,34,1,33
112900092,99,56,43
112900093,336,2,334
112900094,6,0,6
112900095,1,0,1
112900096,155,48,107
112900097,17,559,-542
112900098,14,0,14
112900099,217,3,214
112900100,12,2,10
112900101,53,0,53
112900102,48,4,44
112900103,66,2,64
112900104,1,0,1
112900105,1,0,1
112900106,206,56,150
112900107,0,0,0
112900108,0,0,0
112900109,18,0,18
112900110,170,10,160
112900111,179,1,178
112900112,51,2,49
112900113,0,14,-14
112900114,13,19,-6
112900115,225,0,225
112900116,16,21,-5
112900117,102,124,-22
112900118,6,109,-103
112900119,35,0,35
112900120,712,207,505
112900121,251,167,84
112900122,9,176,-167
112900123,174,3,171
112900124,2,158,-156
112900125,105,275,-170
112900126,116,376,-260
112900127,123,23,100
112900128,570,653,-83
112900129,5,1442,-1437
112900130,75,59,16
112900131,26,226,-200
112900132,52,506,-454
112900133,18,1859,-1841
112900134,3,341,-338
112900135,31,21,10
112900136,0,63,-63
112900137,1,1090,-1089
112900138,6,683,-677
112900139,174,1710,-1536
112900140,0,105,-105
112900141,192,26,166
112900142,73,31,42
112900143,36,1030,-994
112900144,1,317,-316
112900145,23,590,-567
112900146,8,1849,-1841
112900147,8,3108,-3100
112900148,1,0,1
112900149,128,440,-312
112900151,29,17,12
112900152,6498,1186,5312
112900153,1171,553,618
112900154,0,45,-45
112900155,13,0,13
112900156,52,2305,-2253
112900157,27,1,26
112900158,0,14,-14
112900159,104,17,87
112900160,22,287,-265
112900161,18,15,3
112900162,25,3,22
112900163,100,18,82
112900164,14,55,-41
112900165,54,47,7
112900166,20,31,-11
112900167,11,16,-5
112900168,0,0,0
112900169,5,5,0
112900170,35,77,-42
112900172,95,1,94
112900173,203,95,108
112900174,117,18,99
112900175,107,55,52
112900176,14,20,-6
112900177,55,8,47
112900178,325,507,-182
112900179,31,787,-756
112900180,475,3338,-2863
112900181,119,0,119
112900182,25,1951,-1926
112900183,101,172,-71
112900184,474,279,195
112900185,347,340,7
112900186,1929,555,1374
112900187,34,154,-120
112900188,1084,452,632
112900189,2,48,-46
112900190,0,65,-65
112900192,249,145,104
112900193,781,144,637
112900194,8,138,-130
112900195,215,11,204
112900196,248,1021,-773
112900197,112,592,-480
112900199,99,681,-582
112900200,189,268,-79
112900201,29,77,-48
112900202,67,1203,-1136
112900203,28,362,-334
112900204,581,220,361
112900205,0,12,-12
112900206,0,68,-68
112900207,0,0,0
112900208,40,50,-10
112900209,267,512,-245
112900210,0,21,-21
112900211,42,31,11
112900212,0,30,-30
112900213,1,16,-15
112900214,6,2,4
112900215,3,266,-263
112900216,34,53,-19
112900217,1,86,-85
112900218,8,8,0
112900219,2,5,-3
112900220,2,0,2
112900221,6,207,-201
112900222,0,13,-13
112900223,330,4,326
112900224,62,944,-882
112900225,116,707,-591
112900226,420,167,253
112900227,106,1860,-1754
112900228,14,43,-29
112900229,34,83,-49
112900230,10493,2135,8358
112900232,92,123,-31
112900233,34,235,-201
112900234,6,133,-127
112900235,48,4,44
112900236,43,10,33
112900237,19,345,-326
112900238,1,40,-39
113000001,4651,4565,86
113000002,3341,3559,-218
113000003,1881,1575,306
113000004,2044,2060,-16
113000005,1102,1071,31
113000006,850,1217,-367
113000007,1103,1497,-394
113000008,1334,1886,-552
113000009,554,1069,-515
113000010,628,1796,-1168
113000011,589,1841,-1252
113000012,732,576,156
113000013,930,357,573
113000014,2183,1684,499
113000015,668,284,384
113000016,190,260,-70
113000017,42,309,-267
113000018,68,32,36
113000019,68,288,-220
113000020,39,15,24
113000021,513,603,-90
113000022,297,1516,-1219
113000025,30,317,-287
113000026,107,372,-265
113000027,541,306,235
113000028,908,434,474
113000029,785,471,314
113000030,623,725,-102
113000031,355,250,105
113000032,319,191,128
113000033,419,277,142
113000034,643,353,290
113000035,22,29,-7
113000036,21,43,-22
113000037,84,57,27
113000038,22,65,-43
113000039,187,484,-297
113000040,31,81,-50
113000042,852,791,61
113000051,411,1422,-1011
113000052,2453,1422,1031
113000053,170,768,-598
113000054,169,661,-492
113000055,546,1044,-498
113000056,422,1871,-1449
113000058,694,1072,-378
113000059,1152,912,240
113000060,62,629,-567
113000061,586,1043,-457
113000062,1470,124,1346
113000063,61,311,-250
113000064,20,532,-512
113000065,122,1550,-1428
113000066,295,79,216
113000067,959,1177,-218
113000068,393,2715,-2322
113000069,355,1764,-1409
113000070,804,675,129
113000071,197,988,-791
113000072,229,467,-238
113000073,640,1831,-1191
113000074,1010,341,669
113000075,1730,399,1331
113000076,1252,1684,-432
113000077,2279,360,1919
113000078,1397,1294,103
113000079,804,549,255
113000080,769,488,281
113000081,1087,1035,52
113000082,1204,799,405
113000083,522,792,-270
113000084,1945,1162,783
113000085,1071,574,497
113000086,775,1022,-247
113000087,993,862,131
113000088,2069,1113,956
113000089,774,1501,-727
113000090,267,238,29
113000091,1058,271,787
113000094,475,132,343
113000095,239,1507,-1268
113000096,168,1169,-1001
113000097,563,283,280
113000098,126,29,97
113000099,1228,189,1039
113000100,144,552,-408
113000101,418,638,-220
113000102,395,164,231
113000103,2249,673,1576
113000104,262,2071,-1809
113000105,383,413,-30
113000106,259,794,-535
113000107,346,720,-374
113000108,647,1639,-992
113000109,437,2657,-2220
113000110,1454,344,1110
113000111,54,327,-273
113000112,252,332,-80
113000113,2948,275,2673
113000114,471,936,-465
113000116,739,218,521
113000117,858,219,639
113000118,139,310,-171
113000119,127,535,-408
113000120,25,195,-170
113000121,430,1089,-659
113000124,100,150,-50
113000125,6,430,-424
113000127,4499,764,3735
113000128,440,520,-80
113000129,647,961,-314
113000133,5376,740,4636
113000134,8,480,-472
113000135,2313,1566,747
113000137,3246,1333,1913
113000139,460,147,313
113000140,253,299,-46
113000141,504,95,409
113000142,904,787,117
113000143,619,161,458
113000144,391,563,-172
113000145,74,223,-149
113000146,108,104,4
113000147,124,219,-95
113000148,59,203,-144
113000149,126,245,-119
113000150,616,401,215
113000151,173,84,89
113000152,54,209,-155
113000153,1809,615,1194
113000154,567,897,-330
113000155,242,268,-26
113000156,168,485,-317
113000157,251,881,-630
113000158,370,185,185
113000159,689,354,335
113000160,451,1371,-920
113000161,192,878,-686
113000162,388,241,147
113000163,78,52,26
113000164,7,133,-126
113000166,60,36,24
113000167,43,271,-228
113000168,51,303,-252
113000169,73,29,44
113000170,73,43,30
113000171,49,76,-27
113000172,116,53,63
113000173,36,6,30
113000174,99,636,-537
113000175,234,114,120
113000176,220,73,147
113000177,125,615,-490
113000178,103,537,-434
113000179,187,97,90
113000180,363,1393,-1030
113000181,487,1256,-769
113000182,180,230,-50
113000183,183,599,-416
113000184,35,150,-115
113000189,1018,510,508
113000190,1954,395,1559
113000192,2349,1306,1043
113000193,4648,728,3920
113000194,1714,1216,498
113000195,2031,502,1529
113000196,44,63,-19
113000197,1043,737,306
113000198,14,414,-400
113000199,806,446,360
113000201,148,191,-43
113000202,3870,1619,2251
113000203,337,139,198
113000204,1327,1219,108
113000205,10,37,-27
113000206,9,59,-50
113000207,51,21,30
113000208,32,47,-15
113000209,20,26,-6
113000210,7,35,-28
113000211,227,79,148
113000212,216,12,204
113000213,16,61,-45
113000214,44,169,-125
113000234,119,2110,-1991
113000410,31,58,-27
113000411,3059,4072,-1013
113000412,12258,1489,10769
113000413,5506,1768,3738
113000414,16375,6802,9573
113000415,3550,2387,1163
113000416,12970,3075,9895
113000417,5106,2814,2292
113000418,3711,2501,1210
113000419,2569,1548,1021
113000420,5050,2895,2155
113000421,4351,3883,468
113000422,22901,5850,17051
113000423,3462,2851,611
113000424,5476,5525,-49
113000425,6,31,-25
113000428,35,1,34
113000430,3,0,3
113000432,712,44,668
113000433,149,1204,-1055
113000434,11,479,-468
113000435,11,1380,-1369
113000436,26,2029,-2003
113000437,236,11,225
113000438,75,2,73
113000439,10,218,-208
113000440,22,26,-4
113000441,67,196,-129
113000442,74,445,-371
113000443,28,336,-308
113000444,42,474,-432
113000445,26,118,-92
113000446,20,135,-115
113000448,110,181,-71
113000449,308,332,-24
113000450,590,1389,-799
113000451,1201,151,1050
113000452,415,210,205
113000453,55,235,-180
113000454,530,9,521
113000455,7,139,-132
113000456,4276,2331,1945
113000468,3127,376,2751
113000469,337,125,212
113000470,571,90,481
113000471,12,288,-276
113000472,47,292,-245
113000474,129,846,-717
113000475,1107,2081,-974
113000476,840,2260,-1420
113000477,1443,2517,-1074
113000478,3074,6517,-3443
113000479,39,307,-268
113000480,87,64,23
113000482,0,0,0
113000483,0,0,0
113000485,0,0,0
113000486,0,0,0
113000487,0,0,0
113000488,0,0,0
113000489,0,0,0
113000490,0,0,0
113000491,0,0,0
113000492,0,0,0
113000493,0,0,0
113000495,101,235,-134
113000496,31,79,-48
113000497,0,0,0
113000500,0,6,-6
113900001,1,61,-60
113900002,0,188,-188
113900003,1,106,-105
113900004,0,28,-28
113900005,0,11,-11
113900006,3,16,-13
113900007,34,4,30
113900008,37,1,36
113900009,179,2,177
113900010,60,1,59
113900011,7,0,7
113900012,7,0,7
113900013,384,4,380
113900014,409,0,409
113900015,0,69,-69
113900016,16,0,16
113900017,0,86,-86
113900018,567,53,514
113900019,28,66,-38
113900020,45,1,44
113900022,1,0,1
113900023,2,0,2
113900024,20,101,-81
113900025,473,34,439
113900026,14,0,14
113900027,0,81,-81
113900028,12,565,-553
113900029,13,319,-306
113900030,78,0,78
113900031,1,0,1
113900032,2,2,0
113900033,35,95,-60
113900035,12,0,12
113900036,6,125,-119
113900037,39,665,-626
113900038,21,32,-11
113900039,32,6,26
113900040,1,2,-1
113900041,1,0,1
113900042,12,49,-37
113900043,206,130,76
113900044,106,30,76
113900045,30,4,26
113900046,320,963,-643
113900047,16,201,-185
113900048,394,19,375
113900049,1180,105,1075
113900050,189,443,-254
113900051,94,607,-513
113900052,252,121,131
113900053,438,123,315
113900054,3,1,2
113900055,56,798,-742
113900056,29,231,-202
113900057,17,132,-115
113900058,32,279,-247
113900059,92,459,-367
113900060,106,353,-247
113900061,1128,46,1082
113900062,39,11,28
113900063,59,201,-142
113900064,12,235,-223
113900065,219,18,201
113900066,123,599,-476
113900067,20,613,-593
113900068,209,253,-44
113900069,113,7,106
113900070,198,567,-369
113900071,11,101,-90
113900072,23,242,-219
113900073,103,323,-220
113900074,22,511,-489
113900075,492,712,-220
113900076,131,5,126
113900077,31,368,-337
113900078,26,67,-41
113900079,1,82,-81
113900080,384,118,266
113900081,13,398,-385
113900082,91,256,-165
113900083,105,890,-785
113900084,113,71,42
113900085,33,444,-411
113900086,10,12,-2
113900087,13,325,-312
113900088,20,38,-18
113900089,268,46,222
113900090,228,310,-82
113900091,18,31,-13
113900092,5,69,-64
113900093,61,381,-320
113900094,109,743,-634
113900095,60,96,-36
113900096,46,20,26
113900097,2,135,-133
113900098,380,44,336
113900099,1,80,-79
113900100,0,1,-1
113900101,9,56,-47
113900102,32,79,-47
113900103,235,317,-82
113900104,49,155,-106
113900105,13,411,-398
113900106,1,101,-100
113900107,1,37,-36
113900108,135,195,-60
113900109,349,218,131
113900110,18,5,13
113900111,26,117,-91
113900112,32,99,-67
113900113,402,386,16
113900114,2,149,-147
113900115,1,128,-127
113900116,45,142,-97
113900117,40,5,35
113900118,127,201,-74
113900119,359,153,206
113900120,19,15,4
113900121,26,83,-57
113900122,198,842,-644
113900123,179,174,5
113900124,0,78,-78
113900125,1725,210,1515
113900126,74,30,44
113900127,202,347,-145
113900128,27,50,-23
113900129,2,69,-67
113900130,4,21,-17
113900131,69,79,-10
113900132,32,38,-6
113900133,41,32,9
113900135,92,441,-349
113900136,108,68,40
113900137,162,114,48
113900138,31,105,-74
113900139,747,57,690
113900140,701,146,555
113900141,155,511,-356
113900142,36,84,-48
113900143,7,8,-1
113900144,594,91,503
113900145,129,201,-72
113900146,24,58,-34
113900148,107,178,-71
113900149,140,18,122
113900150,1954,494,1460
113900151,99,206,-107
113900152,17,58,-41
113900153,623,392,231
113900154,3,102,-99
113900155,287,33,254
113900156,197,1023,-826
113900157,19,254,-235
113900158,594,98,496
113900159,9,176,-167
113900160,366,972,-606
113900161,14,125,-111
113900162,809,464,345
113900163,563,212,351
113900164,92,39,53
113900165,751,865,-114
113900166,385,88,297
113900167,188,25,163
113900168,100,191,-91
113900169,174,626,-452
113900171,28,33,-5
113900172,7,279,-272
113900173,46,830,-784
113900174,326,964,-638
113900175,151,61,90
113900176,161,1092,-931
113900177,273,248,25
113900178,297,118,179
113900179,14,1006,-992
113900180,90,148,-58
113900181,316,146,170
113900182,436,1295,-859
113900183,35,69,-34
113900184,12,585,-573
113900185,141,79,62
113900186,26,54,-28
113900187,27,201,-174
113900188,21,214,-193
113900189,143,52,91
113900190,389,116,273
113900191,78,339,-261
113900192,5,237,-232
113900193,35,375,-340
113900194,2066,1165,901
113900195,306,647,-341
113900196,0,144,-144
113900197,8,378,-370
113900198,20,155,-135
113900199,185,863,-678
113900200,8,405,-397
113900201,0,359,-359
113900202,32,270,-238
113900203,0,320,-320
113900204,13,811,-798
113900205,13,93,-80
113900206,2,127,-125
113900207,0,88,-88
113900208,0,68,-68
113900209,1,104,-103
113900210,546,404,142
113900211,196,11,185
113900212,114,671,-557
113900214,534,362,172
113900215,17,243,-226
113900216,18,1607,-1589
113900217,16,359,-343
113900218,71,26,45
113900219,88,576,-488
113900220,81,34,47
113900221,284,154,130
113900222,172,179,-7
113900223,32,1452,-1420
113900224,139,80,59
113900225,857,316,541
113900226,256,175,81
113900227,184,129,55
113900228,421,321,100
113900229,38,577,-539
113900230,6513,1174,5339
113900231,112,294,-182
113900232,43,156,-113
113900233,39,40,-1
113900234,105,354,-249
113900235,41,23,18
113900236,20,403,-383
113900237,35,5,30
113900238,150,200,-50
113900239,69,27,42
113900240,0,73,-73
113900241,160,69,91
113900242,37,175,-138
113900243,95,500,-405
113900244,679,146,533
113900245,1658,251,1407
113900246,23,15,8
113900247,144,113,31
113900248,5566,821,4745
113900249,1310,173,1137
113900250,48,81,-33
113900251,188,241,-53
113900252,261,5,256
113900253,386,8,378
113900254,149,44,105
113900255,174,14,160
113900256,81,19,62
113900257,32,902,-870
113900258,14,789,-775
113900259,215,267,-52
113900260,61,12,49
113900261,22,197,-175
113900262,55,1112,-1057
113900263,31,573,-542
113900264,5,861,-856
113900265,111,446,-335
113900266,19,376,-357
113900267,117,602,-485
113900268,151,274,-123
113900269,50,187,-137
113900270,211,331,-120
113900271,616,2050,-1434
113900273,4,0,4
113900274,5,13,-8
113900275,10,89,-79
113900276,3,361,-358
113900277,65,2,63
113900278,307,243,64
113900279,116,113,3
113900280,1080,489,591
113900281,159,975,-816
113900282,961,492,469
113900283,194,388,-194
113900284,425,98,327
113900285,29,12,17
113900286,58,194,-136
113900287,15,89,-74
113900288,1,62,-61
113900289,1868,64,1804
113900290,555,60,495
113900291,147,252,-105
113900292,1,3,-2
113900293,1,313,-312
113900294,167,13,154
113900295,799,232,567
113900296,3330,395,2935
113900297,367,27,340
113900298,4,1981,-1977
113900299,8,215,-207
113900300,8733,2022,6711
113900301,1139,193,946
113900302,2852,488,2364
113900303,820,122,698
113900304,0,218,-218
113900305,33,1,32
113900306,1,0,1
113900307,57,0,57
113900308,71,114,-43
113900309,2,1076,-1074
113900310,0,24,-24
113900311,0,0,0
113900312,41,80,-39
113900313,30,12,18
114000001,1200,4040,-2840
114000002,122,575,-453
114000003,26,459,-433
114000004,61,235,-174
114000005,169,327,-158
114000006,7249,2783,4466
114000007,640,1766,-1126
114000008,2000,1037,963
114000009,182,220,-38
114000011,2015,3776,-1761
114000012,901,3424,-2523
114000013,817,2533,-1716
114000014,451,621,-170
114000015,807,802,5
114000016,226,511,-285
114000017,88,119,-31
114000018,534,93,441
114000026,573,2193,-1620
114000027,1248,2294,-1046
114000028,1454,1799,-345
114000038,106,203,-97
114000039,60,196,-136
114000040,61,276,-215
114000042,46,259,-213
114000043,21,332,-311
114000044,55,115,-60
114000045,31,187,-156
114000046,3674,5576,-1902
114000047,2,86,-84
114000048,38,78,-40
114000049,1678,1273,405
114000050,2579,1239,1340
114000051,6218,1492,4726
114000052,3828,1184,2644
114000053,42,519,-477
114000054,34,1959,-1925
114000055,206,23,183
114000056,1397,686,711
114000057,10387,2720,7667
114000058,482,511,-29
114000059,205,235,-30
114000060,293,1317,-1024
114000061,3702,1231,2471
114000062,2048,685,1363
114000063,3995,1997,1998
114000064,10909,2430,8479
114000065,2136,1998,138
114000066,183,585,-402
114000067,37,343,-306
114000068,710,410,300
114000069,1020,490,530
114000070,2553,1330,1223
114000071,394,904,-510
114000072,111,469,-358
114000073,17,221,-204
114000074,7,43,-36
114000075,12,247,-235
114000076,6,292,-286
114000077,10,105,-95
114000078,88,2053,-1965
114000079,39,75,-36
114000080,62,91,-29
114000081,28,73,-45
114000082,80,960,-880
114000083,18,477,-459
114000084,62,105,-43
114000085,126,1212,-1086
114000086,89,999,-910
114000087,23,485,-462
114000088,15,80,-65
114000089,1905,706,1199
114000090,662,410,252
114000091,2381,376,2005
114000092,1339,324,1015
114000093,924,748,176
114000094,230,424,-194
114000095,32,79,-47
114000096,89,574,-485
114000097,39,1359,-1320
114000098,135,34,101
114000099,158,1210,-1052
114000100,423,925,-502
114000101,236,1896,-1660
114000102,127,257,-130
114000103,134,611,-477
114000104,4,495,-491
114000105,17,41,-24
114000106,901,333,568
114000107,76,147,-71
114000108,1969,1469,500
114000109,136,330,-194
114000110,390,2239,-1849
114000111,571,309,262
114000112,136,1570,-1434
114000113,308,229,79
114000114,1122,1862,-740
114000115,643,421,222
114000116,183,609,-426
114000117,985,271,714
114000118,821,306,515
114000119,535,216,319
114000120,433,1075,-642
114000121,392,460,-68
114000122,209,271,-62
114000123,507,203,304
114000124,191,205,-14
114000125,646,2055,-1409
114000126,468,121,347
114000127,54,151,-97
114000128,494,589,-95
114000130,331,323,8
114000131,84,34,50
114000132,747,1104,-357
114000133,1692,1886,-194
114000134,43,376,-333
114000138,107,233,-126
114000139,1132,86,1046
114000144,592,243,349
114000145,108,266,-158
114000146,92,528,-436
114000147,751,604,147
114000148,2211,1075,1136
114000149,375,182,193
114000150,1133,732,401
114000151,987,711,276
114000152,132,28,104
114000153,1525,1302,223
114000154,1160,807,353
114000155,1742,1284,458
114000156,740,464,276
114000157,245,598,-353
114000158,3431,788,2643
114000159,291,469,-178
114000160,251,223,28
114000161,1768,917,851
114000162,818,577,241
114000163,9,235,-226
114000165,210,161,49
114000166,742,183,559
114000167,5514,1338,4176
114000168,1074,841,233
114000169,1692,375,1317
114000170,1038,436,602
114000171,504,758,-254
114000174,292,534,-242
114000176,632,424,208
114000177,2405,995,1410
114000178,14,58,-44
114000179,1048,488,560
114000180,271,705,-434
114000181,1495,1594,-99
114000182,5734,2139,3595
114000183,1201,1148,53
114000184,8400,2086,6314
114000185,630,703,-73
114000189,237,55,182
114000190,1012,122,890
114000191,6,27,-21
114000192,366,2027,-1661
114000193,1303,4022,-2719
114000194,931,1391,-460
114000195,56,10,46
114000196,6,448,-442
114000197,395,23,372
114000198,1271,440,831
114000199,1798,979,819
114000200,641,3476,-2835
114000201,91,1503,-1412
114000202,781,836,-55
114000203,298,898,-600
114000204,105,555,-450
114000205,300,2483,-2183
114000206,281,1166,-885
114000207,501,3086,-2585
114000208,568,4315,-3747
114000209,668,4109,-3441
114000210,318,2152,-1834
114000211,632,1508,-876
114000212,639,674,-35
114000213,704,594,110
114000214,44,367,-323
114000215,83,53,30
114000216,477,109,368
114000217,53,385,-332
114000218,80,349,-269
114000219,404,309,95
114000220,4,1302,-1298
114000221,234,108,126
114000222,207,1260,-1053
114000223,184,49,135
114000224,133,718,-585
114000225,95,596,-501
114000226,36,246,-210
114000227,476,479,-3
114000228,328,1076,-748
114000229,381,1357,-976
114000230,933,1787,-854
114000231,395,1166,-771
114000232,195,122,73
114000233,790,159,631
114000234,594,1242,-648
114000235,473,1754,-1281
114000236,4,692,-688
114000237,39,1568,-1529
114000238,20,135,-115
114000239,151,1795,-1644
114000240,462,634,-172
114000241,205,1199,-994
114000242,936,1097,-161
114000243,672,719,-47
114000244,292,353,-61
114000245,280,721,-441
114000246,111,59,52
114000247,370,795,-425
114000248,407,482,-75
114000249,256,498,-242
114000250,211,532,-321
114000251,102,383,-281
114000252,45,160,-115
114000253,20,356,-336
114000254,6,176,-170
114000255,664,217,447
114000256,1658,473,1185
114000257,565,2758,-2193
114000258,79,671,-592
114000259,46,426,-380
114000260,0,23,-23
114000261,24,19,5
114000262,31,304,-273
114000263,2,1,1
114000264,268,1011,-743
114000265,0,30,-30
114000267,2,1098,-1096
114000268,7,2751,-2744
114000270,57,0,57
114000271,216,119,97
114000283,354,465,-111
114000285,64,398,-334
114000288,11,407,-396
114000289,885,111,774
114000293,83,392,-309
114000294,144,451,-307
114000395,686,73,613
114000396,165,281,-116
114000402,147,362,-215
114000403,130,757,-627
114000405,105,791,-686
114000423,58,716,-658
114000424,206,292,-86
114000425,159,896,-737
114000426,200,433,-233
114000427,33,146,-113
114000428,242,69,173
114000429,6,307,-301
114000432,14,139,-125
114000434,7,182,-175
114900001,224,1728,-1504
114900002,303,57,246
114900003,196,2874,-2678
114900004,114,84,30
114900005,177,1255,-1078
114900006,15,14,1
114900007,50,6,44
114900008,74,17,57
114900010,3638,2203,1435
114900011,63,53,10
114900013,51,74,-23
114900015,23,146,-123
114900018,723,44,679
114900020,53,47,6
114900021,71,66,5
114900022,1,568,-567
114900024,55,186,-131
114900025,202,257,-55
114900026,34,67,-33
114900027,295,244,51
114900029,5,16,-11
114900030,119,231,-112
114900031,35,8,27
114900032,67,25,42
114900033,1667,293,1374
114900034,34,425,-391
114900035,193,317,-124
114900036,280,1749,-1469
114900037,69,305,-236
114900038,175,1571,-1396
114900039,528,1222,-694
114900040,59,291,-232
114900041,217,1023,-806
114900042,406,1248,-842
114900043,610,410,200
114900044,28,23,5
114900045,64,258,-194
114900046,63,193,-130
114900047,121,1148,-1027
114900048,30,249,-219
114900049,12,287,-275
114900050,20,796,-776
114900051,11,644,-633
114900052,143,213,-70
114900053,83,279,-196
114900054,37,199,-162
114900057,79,1,78
114900058,1,293,-292
114900059,26,16,10
114900060,1761,322,1439
114900061,103,308,-205
114900062,411,322,89
114900063,37,379,-342
114900064,425,977,-552
114900065,124,815,-691
114900067,35,559,-524
114900068,43,226,-183
114900069,300,266,34
114900070,213,826,-613
114900072,8,226,-218
114900073,2,238,-236
114900074,100,1407,-1307
114900075,72,0,72
114900076,5,545,-540
114900080,3956,502,3454
114900082,4373,1540,2833
114900083,437,900,-463
114900084,270,468,-198
114900090,177,81,96
114900091,91,242,-151
114900095,540,123,417
114900096,1107,675,432
114900097,29,56,-27
114900098,3,262,-259
114900099,59,4,55
115000001,10328,8046,2282
115000002,2350,2664,-314
115000003,4158,5550,-1392
115000004,1696,3802,-2106
115000005,1062,3437,-2375
115000006,345,1208,-863
115000007,30,214,-184
115000008,277,427,-150
115000009,80,380,-300
115000010,139,138,1
115000013,117,102,15
115000015,48,139,-91
115000016,228,193,35
115000019,16,353,-337
115000020,242,240,2
115000021,275,384,-109
115000022,475,415,60
115000023,212,291,-79
115000024,1201,569,632
115000025,633,360,273
115000026,191,422,-231
115000027,126,180,-54
115000028,109,648,-539
115000029,150,128,22
115000030,265,854,-589
115000031,618,276,342
115000032,7,252,-245
115000033,56,13,43
115000034,108,993,-885
115000035,773,36,737
115000036,2,542,-540
115000037,135,1,134
115000038,32,219,-187
115000039,2658,1705,953
115000040,7394,2528,4866
115000041,727,1829,-1102
115000042,754,661,93
115000043,2952,2294,658
115000044,3695,5053,-1358
115000045,1729,2961,-1232
115000046,1165,2057,-892
115000047,935,1928,-993
115000048,1120,3826,-2706
115000049,1369,3255,-1886
115000050,2101,1699,402
115000051,2124,1171,953
115000052,4367,2082,2285
115000053,1065,839,226
115000054,1053,1641,-588
115000055,37,383,-346
115000056,119,274,-155
115000057,255,474,-219
115000058,212,108,104
115000059,172,400,-228
115000061,123,61,62
115000062,53,284,-231
115000063,72,298,-226
115000064,150,199,-49
115000065,18,153,-135
115000067,131,18,113
115000069,9,260,-251
115000070,25,752,-727
115000071,66,3,63
115000072,20,67,-47
115000073,1131,36,1095
115000075,17,62,-45
115000076,3459,4300,-841
115000077,1019,5223,-4204
115000078,422,2429,-2007
115000079,678,2908,-2230
115000080,1129,3675,-2546
115000081,389,1071,-682
115000082,2352,2811,-459
115000083,1340,4487,-3147
115000084,741,967,-226
115000085,342,1370,-1028
115000086,351,1143,-792
115000087,510,1728,-1218
115000088,1380,586,794
115000089,1599,1576,23
115000090,893,449,444
115000091,335,1508,-1173
115000092,244,264,-20
115000093,331,1,330
115000094,8670,4098,4572
115000095,7183,3804,3379
115000096,426,2610,-2184
115000097,239,769,-530
115000098,370,1029,-659
115000099,915,3776,-2861
115000100,410,556,-146
115000101,304,1848,-1544
115000102,251,186,65
115000103,375,1125,-750
115000105,30,263,-233
115000106,138,174,-36
115000107,112,755,-643
115000108,4557,3234,1323
115000109,6512,1732,4780
115000110,1338,620,718
115000111,931,1619,-688
115000112,675,385,290
115000113,996,890,106
115000114,1751,937,814
115000116,3494,1306,2188
115000117,4610,1530,3080
115000118,2002,1291,711
115000119,1932,1440,492
115000120,655,563,92
115000121,1728,688,1040
115000122,4482,797,3685
115000123,2397,1040,1357
115000124,452,496,-44
115000125,307,646,-339
115000126,127,285,-158
115000127,243,165,78
115000128,1393,711,682
115000129,184,114,70
115000130,189,1634,-1445
115000131,217,301,-84
115000132,62,720,-658
115000133,111,451,-340
115000134,76,266,-190
115000135,75,321,-246
115000136,77,257,-180
115000137,62,262,-200
115000138,74,237,-163
115000139,134,347,-213
115000140,80,187,-107
115000141,89,460,-371
115000142,42,482,-440
115000143,212,575,-363
115000144,156,110,46
115000145,75,691,-616
115000146,114,182,-68
115000147,244,738,-494
115000148,289,2135,-1846
115000149,264,193,71
115000150,590,2131,-1541
115000151,393,428,-35
115000152,457,2617,-2160
115000153,298,396,-98
115000154,321,320,1
115000155,489,1640,-1151
115000156,759,536,223
115000157,996,986,10
115000158,693,325,368
115000159,703,415,288
115000160,582,467,115
115000161,410,668,-258
115000162,595,412,183
115000163,671,492,179
115000164,500,486,14
115000165,254,371,-117
115000167,49,58,-9
115000168,476,296,180
115000169,544,450,94
115000170,34,113,-79
115000171,161,159,2
115000172,2255,536,1719
115000173,205,252,-47
115000174,28,173,-145
115000175,39,71,-32
115000176,218,38,180
115000177,168,75,93
115000178,7,345,-338
115000179,18,7,11
115000180,48,894,-846
115000181,191,143,48
115000182,328,522,-194
115000183,115,1228,-1113
115000186,295,308,-13
115000187,106,711,-605
115000188,417,371,46
115000189,216,401,-185
115000190,673,258,415
115000191,451,350,101
115000194,201,155,46
115000195,312,194,118
115000196,36,112,-76
115000197,116,609,-493
115000198,109,254,-145
115000199,115,487,-372
115000200,181,98,83
115000201,54,482,-428
115000206,120,71,49
115000207,18,474,-456
115000208,726,880,-154
115000209,266,120,146
115000210,77,97,-20
115000211,221,207,14
115000212,1336,313,1023
115000218,44,48,-4
115000219,6,107,-101
115000224,61,53,8
115000225,67,60,7
115000229,355,127,228
115000230,96,542,-446
115000231,258,2852,-2594
115000232,486,338,148
115000233,67,300,-233
115000234,11,215,-204
115000241,37,289,-252
115000242,27,311,-284
115000243,26,299,-273
115000244,0,87,-87
115000246,11,5,6
115000247,27,3,24
115000248,7,5,2
115000249,36,5,31
115000250,44,52,-8
115000251,37,135,-98
115000252,25,171,-146
115000253,12,148,-136
115000258,93,171,-78
115000259,268,135,133
115000261,1,37,-36
115000262,18,17,1
115000263,10,28,-18
115000264,6,32,-26
115000267,36,76,-40
115000268,38,127,-89
115000269,67,61,6
115000270,0,24,-24
115000272,39,156,-117
115000273,210,18,192
115000274,78,425,-347
115000280,2695,79,2616
115000281,806,85,721
115000282,1716,336,1380
115000284,278,69,209
115000296,339,4,335
115000297,160,22,138
115000298,77,66,11
115000300,20,243,-223
115000302,142,271,-129
115000303,171,197,-26
115000304,312,113,199
115000305,37,1305,-1268
115000306,98,760,-662
115000307,14,240,-226
115000308,35,13,22
115000310,441,1637,-1196
115000311,248,1573,-1325
115000313,149,961,-812
115000314,116,64,52
115000315,1447,208,1239
115000316,22,57,-35
115000317,127,813,-686
115000318,439,237,202
115000319,18,361,-343
115000320,12,139,-127
115000321,162,11,151
115000322,18,320,-302
115000449,509,115,394
115000557,26,252,-226
115000558,153,76,77
115000587,256,344,-88
115000588,2024,4416,-2392
115000589,2320,2385,-65
115000590,796,1660,-864
115000591,1371,563,808
115000592,974,1455,-481
115000593,1552,423,1129
115000594,873,1121,-248
115000609,98,97,1
115000617,2126,921,1205
115000624,39,37,2
115000633,391,1877,-1486
115000634,2663,737,1926
115000635,192,134,58
115000638,1719,771,948
115000641,54,116,-62
115000642,390,203,187
115000643,91,614,-523
115000644,163,563,-400
115000646,644,834,-190
115000647,169,501,-332
115000648,592,2020,-1428
115000893,3180,763,2417
115000894,69,1450,-1381
115000895,176,988,-812
115000896,695,318,377
115000897,431,78,353
115000898,1237,156,1081
115000899,906,1025,-119
115000900,110,331,-221
115000901,59,83,-24
115000912,141,70,71
115000913,5,53,-48
115000915,12,0,12
115000916,7,1,6
115000917,0,12,-12
115000918,88,158,-70
115000919,12,3,9
115000920,10,25,-15
115000921,1703,79,1624
115000922,588,307,281
115000923,286,624,-338
115000925,23,51,-28
115000927,8,26,-18
115000933,86,85,1
115900001,18,97,-79
115900002,109,265,-156
115900003,41,145,-104
115900004,0,53,-53
115900005,42,0,42
115900006,47,505,-458
115900008,8,18,-10
115900009,41,397,-356
115900010,89,241,-152
115900011,168,377,-209
115900012,26,109,-83
115900013,408,183,225
115900014,61,185,-124
115900015,31,159,-128
115900016,57,30,27
115900017,3,1,2
115900018,137,122,15
115900019,1905,49,1856
115900020,8,0,8
115900021,2170,156,2014
115900022,1669,22,1647
115900023,1,0,1
115900025,32,98,-66
115900026,1333,448,885
115900027,0,632,-632
115900028,682,77,605
115900029,11,782,-771
115900030,14,23,-9
115900031,258,100,158
115900032,365,840,-475
115900033,1,49,-48
115900034,9,764,-755
115900035,10,101,-91
115900036,121,172,-51
115900037,12,690,-678
115900038,3,5,-2
115900039,78,422,-344
115900041,208,217,-9
115900042,3,33,-30
115900043,12,148,-136
115900044,195,179,16
115900046,95,304,-209
115900047,27,25,2
115900049,63,265,-202
115900051,0,117,-117
115900052,13,414,-401
115900053,62,382,-320
115900054,22,56,-34
115900055,10,216,-206
115900056,70,581,-511
115900057,3,1,2
115900058,28,124,-96
115900060,28,169,-141
115900061,25,0,25
115900062,14,413,-399
115900063,27,9,18
115900064,183,214,-31
115900065,22,192,-170
115900066,155,225,-70
115900067,7,932,-925
115900068,5091,74,5017
115900069,48,186,-138
115900070,62,321,-259
115900071,4,959,-955
115900072,123,332,-209
115900073,22,14,8
115900074,4,417,-413
115900075,20,501,-481
115900076,2,116,-114
115900077,2,419,-417
115900078,23,201,-178
115900079,46,11,35
115900080,440,143,297
115900081,8,103,-95
115900082,198,209,-11
115900084,56,12,44
115900085,31,23,8
115900086,2051,440,1611
115900088,1,15,-14
115900089,114,987,-873
115900090,51,18,33
115900091,1,23,-22
115900092,5,390,-385
115900093,2,47,-45
115900094,7,644,-637
115900096,2,42,-40
115900097,10,725,-715
115900098,36,605,-569
115900099,4,97,-93
115900100,7,857,-850
115900101,51,607,-556
115900102,6,107,-101
115900103,93,277,-184
115900104,21,206,-185
115900105,41,960,-919
115900106,12,19,-7
115900107,6,309,-303
115900108,25,36,-11
115900109,42,658,-616
115900110,0,24,-24
115900111,0,102,-102
115900112,18,1390,-1372
115900113,11,22,-11
115900114,1,193,-192
115900115,24,119,-95
115900116,87,1588,-1501
115900117,11,8,3
115900118,7,488,-481
115900119,37,98,-61
115900120,16,612,-596
115900121,85,329,-244
115900124,171,226,-55
115900125,138,25,113
115900126,222,43,179
115900127,339,20,319
115900128,7,58,-51
115900129,478,20,458
115900130,47,162,-115
115900131,144,20,124
115900132,96,5,91
115900134,85,15,70
115900135,628,407,221
115900137,8,0,8
115900139,220,88,132
115900140,65,7,58
115900141,25,76,-51
115900142,12,27,-15
115900143,38,191,-153
115900144,21,191,-170
115900146,3,199,-196
115900147,105,160,-55
115900148,1,19,-18
115900149,8,39,-31
115900150,12,86,-74
115900151,3,72,-69
115900152,28,498,-470
115900153,31,248,-217
115900154,611,349,262
115900155,1,84,-83
115900156,456,762,-306
115900157,79,484,-405
115900158,45,9,36
115900159,25,305,-280
115900160,3,2,1
115900161,59,256,-197
115900163,92,141,-49
115900164,102,47,55
115900165,0,95,-95
115900166,206,297,-91
115900168,9,202,-193
115900171,73,476,-403
115900172,22,178,-156
115900173,80,209,-129
115900174,293,239,54
115900175,53,157,-104
115900178,5,1032,-1027
115900179,63,7,56
115900180,24,487,-463
115900181,61,330,-269
115900182,116,361,-245
115900183,250,43,207
115900184,1510,10,1500
115900187,10,106,-96
115900189,0,83,-83
115900190,411,356,55
115900191,37,781,-744
115900192,4,51,-47
115900193,47,23,24
115900194,190,20,170
115900195,517,701,-184
115900198,159,243,-84
115900199,72,406,-334
115900200,348,468,-120
115900201,159,250,-91
115900202,3,8,-5
115900203,2,1,1
115900204,0,0,0
115900205,24,1,23
115900206,29,162,-133
115900207,8,13,-5
115900208,16,495,-479
115900209,1,190,-189
115900210,5,225,-220
115900211,4,328,-324
115900212,66,312,-246
115900213,9,8,1
115900214,92,386,-294
115900215,14,18,-4
115900216,8,101,-93
115900217,0,91,-91
115900218,0,76,-76
115900219,14,7,7
115900220,21,2,19
115900221,18,3,15
115900222,10,3,7
115900223,4,29,-25
115900224,1954,136,1818
115900225,71,26,45
115900226,9,57,-48
115900227,3,45,-42
115900228,1,44,-43
115900229,3,77,-74
115900230,56,103,-47
115900231,26,1,25
115900232,8,1,7
115900233,26,1,25
115900234,33,13,20
115900235,2,12,-10
115900236,13,20,-7
115900237,2,44,-42
115900238,2,19,-17
115900239,3,35,-32
115900240,13,78,-65
115900241,37,79,-42
115900242,179,141,38
115900243,14,21,-7
115900244,3,20,-17
115900245,0,27,-27
115900246,4,1,3
115900247,13,2,11
115900248,5,8,-3
115900249,1,8,-7
115900250,0,12,-12
115900251,0,4,-4
115900252,0,2,-2
115900253,5,7,-2
115900254,13,22,-9
115900255,6,9,-3
115900256,7,5,2
115900257,1,2,-1
115900258,0,1,-1
115900259,1,3,-2
115900260,15,1,14
115900261,15,0,15
115900262,0,1,-1
115900263,3,0,3
115900264,5,5,0
115900265,2,12,-10
115900266,8,3,5
115900267,2,1,1
115900268,2,7,-5
115900269,73,445,-372
115900270,106,1001,-895
116000001,23329,5111,18218
116000002,3411,3673,-262
116000003,1573,1971,-398
116000004,1173,1538,-365
116000005,2416,2914,-498
116000006,1287,965,322
116000007,3804,4470,-666
116000008,3585,1204,2381
116000009,1728,2994,-1266
116000010,1030,704,326
116000011,703,2026,-1323
116000012,438,484,-46
116000013,20436,5049,15387
116000014,25095,4519,20576
116000015,580,692,-112
116000016,9894,1598,8296
116000017,22,341,-319
116000018,846,479,367
116000019,806,201,605
116000020,369,1607,-1238
116000021,162,178,-16
116000022,209,585,-376
116000023,421,378,43
116000024,663,2157,-1494
116000025,320,382,-62
116000026,1268,2679,-1411
116000027,481,439,42
116000028,313,401,-88
116000029,1292,658,634
116000030,244,191,53
116000031,168,186,-18
116000032,83,323,-240
116000033,103,309,-206
116000034,331,568,-237
116000035,103,676,-573
116000036,2254,634,1620
116000037,635,315,320
116000038,559,236,323
116000039,676,409,267
116000040,1069,251,818
116000041,498,838,-340
116000042,289,213,76
116000043,69,535,-466
116000045,957,775,182
116000046,1011,958,53
116000047,1621,1560,61
116000048,1634,1139,495
116000049,599,1429,-830
116000050,904,1701,-797
116000051,1561,1182,379
116000052,2306,3445,-1139
116000053,851,984,-133
116000054,453,2561,-2108
116000055,219,1823,-1604
116000056,237,722,-485
116000057,2953,2415,538
116000058,3059,1949,1110
116000059,2419,2702,-283
116000060,3034,858,2176
116000061,262,731,-469
116000062,362,231,131
116000063,315,1218,-903
116000066,106,226,-120
116000067,207,631,-424
116000068,107,130,-23
116000069,147,562,-415
116000078,127,770,-643
116000080,769,1138,-369
116000082,12,175,-163
116000083,734,331,403
116000084,2083,3812,-1729
116000085,1424,761,663
116000086,1747,1363,384
116000087,751,746,5
116000088,725,1492,-767
116000089,56,84,-28
116000090,94,167,-73
116000091,101,35,66
116000093,1342,529,813
116000094,331,712,-381
116000095,369,605,-236
116000096,408,1204,-796
116000097,320,1852,-1532
116000098,42,3351,-3309
116000099,9847,457,9390
116000100,38,17,21
116000101,211,2040,-1829
116000102,23,252,-229
116000103,312,206,106
116000104,87,2053,-1966
116000105,442,252,190
116000106,100,1397,-1297
116000107,577,557,20
116000108,9,190,-181
116000111,27,21,6
116000113,144,66,78
116000114,37,196,-159
116000115,103,40,63
116000116,191,733,-542
116000117,702,1466,-764
116000118,660,1694,-1034
116000119,1362,1214,148
116000120,2170,5568,-3398
116000121,489,291,198
116000122,1221,3228,-2007
116000123,313,344,-31
116000124,223,1434,-1211
116000125,1058,495,563
116000126,272,1769,-1497
116000127,842,1874,-1032
116000128,849,708,141
116000129,333,203,130
116000130,118,211,-93
116000133,283,924,-641
116000134,914,3600,-2686
116000135,689,1173,-484
116000136,722,2584,-1862
116000137,351,525,-174
116000138,1844,530,1314
116000139,1615,1981,-366
116000140,99,233,-134
116000141,294,1335,-1041
116000142,3966,4099,-133
116000143,2006,1344,662
116000144,974,3675,-2701
116000145,1101,1514,-413
116000146,133,522,-389
116000147,135,148,-13
116000148,142,366,-224
116000149,193,461,-268
116000151,322,1024,-702
116000153,43,343,-300
116000155,102,235,-133
116000156,1568,1149,419
116000157,0,1,-1
116000158,72,519,-447
116000159,0,0,0
116000160,4,171,-167
116000161,6,143,-137
116000162,77,45,32
116000163,16,6,10
116000164,1,8,-7
116000177,11,83,-72
116000194,59,530,-471
116000195,780,559,221
116000196,8,10,-2
116000197,3,3,0
116000198,1651,880,771
116000200,639,139,500
116000201,460,669,-209
116000202,5,325,-320
116000203,2,88,-86
116000204,9,29,-20
116000205,0,179,-179
116000206,1,103,-102
116000207,0,33,-33
116000233,85,1034,-949
116000287,44,620,-576
116000288,48,287,-239
116000292,29,284,-255
116000296,7,84,-77
116000297,15,1,14
116000304,24,4,20
116000305,3,283,-280
116000346,90,274,-184
116000352,33,75,-42
116000354,26,11,15
116000357,0,11,-11
116000358,90,34,56
116000361,115,0,115
116000372,10710,1585,9125
116000381,46,0,46
116000388,1,34,-33
116000389,324,628,-304
116000445,114,932,-818
116000446,104,1227,-1123
116000447,1,381,-380
116000448,473,267,206
116000563,839,363,476
116000565,80,579,-499
116000568,38,111,-73
116000579,22,181,-159
116000584,4,9,-5
116000585,11,19,-8
116000586,242,88,154
116000587,36,382,-346
116000589,29,130,-101
116000590,45,38,7
116000591,28,255,-227
116000592,5,229,-224
116000593,0,39,-39
116000594,207,917,-710
116000595,260,250,10
116000596,25,8,17
116000597,93,46,47
116000598,7,242,-235
116000602,106,164,-58
116000605,153,212,-59
116000606,10,97,-87
116000607,8,90,-82
116000609,163,530,-367
116000611,54,721,-667
116000612,345,1791,-1446
116000613,135,257,-122
116000614,336,1013,-677
116000615,18,112,-94
116000616,34,137,-103
116000617,23,129,-106
116000618,2,236,-234
116000619,4,49,-45
116000620,15,22,-7
116000621,8,41,-33
116000622,13,75,-62
116000624,22,79,-57
116900001,113,117,-4
116900002,282,4,278
116900003,0,109,-109
116900004,15,32,-17
116900005,82,71,11
116900006,105,130,-25
116900007,58,163,-105
116900008,135,602,-467
116900009,16,7,9
116900010,6,2888,-2882
116900011,15,65,-50
116900012,108,255,-147
116900013,13,399,-386
116900014,12,480,-468
116900015,53,83,-30
116900016,49,1,48
116900017,4,983,-979
116900018,20,31,-11
116900019,1,503,-502
116900020,893,73,820
116900023,17,7,10
116900024,79,114,-35
116900025,303,1531,-1228
116900026,224,855,-631
116900027,7,31,-24
116900028,3,172,-169
116900029,0,22,-22
116900031,0,4,-4
116900032,4,460,-456
116900033,3,3,0
116900034,11,59,-48
116900035,67,203,-136
116900036,3,108,-105
116900038,12,1,11
116900041,26,23,3
116900042,1018,200,818
116900043,2,62,-60
116900045,224,32,192
116900047,73,37,36
116900049,36,269,-233
116900050,43,373,-330
116900051,20,332,-312
116900052,109,85,24
116900055,0,5,-5
116900057,17,370,-353
116900058,17,417,-400
116900059,0,226,-226
116900060,97,292,-195
116900062,0,4,-4
116900064,38,1194,-1156
116900065,12,114,-102
116900067,28,189,-161
116900068,88,673,-585
116900070,1,0,1
116900072,9,629,-620
116900073,12,261,-249
116900074,0,56,-56
116900076,7,16,-9
116900077,7,266,-259
116900078,271,246,25
116900079,7,429,-422
116900080,15,26,-11
116900081,197,1648,-1451
116900082,163,1254,-1091
116900083,53,75,-22
116900084,128,55,73
116900085,20,141,-121
116900086,22,261,-239
116900088,443,51,392
116900090,159,78,81
116900091,71,174,-103
116900092,32,940,-908
116900093,2546,1483,1063
116900094,9126,1581,7545
116900095,63,228,-165
116900096,90,70,20
116900097,3637,1017,2620
116900098,470,93,377
116900099,458,299,159
116900100,317,18,299
116900101,188,883,-695
116900103,0,1,-1
116900104,13,79,-66
116900105,143,31,112
116900106,546,314,232
116900107,5211,898,4313
116900110,2,0,2
116900111,128,1722,-1594
116900112,68,1122,-1054
116900113,3618,560,3058
116900116,88,207,-119
116900117,10,77,-67
116900118,1382,440,942
116900120,75,163,-88
116900121,14,66,-52
116900122,258,1312,-1054
116900123,53,1155,-1102
116900124,53,951,-898
116900125,138,262,-124
116900126,273,501,-228
116900128,0,43,-43
116900129,3,555,-552
116900130,1579,1964,-385
116900131,49,177,-128
116900132,23,80,-57
116900133,29,129,-100
116900134,170,278,-108
116900136,154,138,16
116900137,143,229,-86
116900138,87,279,-192
116900139,48,507,-459
116900140,150,244,-94
116900141,285,361,-76
116900142,0,7,-7
116900143,144,913,-769
116900144,10,18,-8
116900145,53,562,-509
116900147,519,310,209
116900148,1,20,-19
116900149,21,76,-55
116900150,7,2,5
116900151,697,99,598
116900153,35,41,-6
116900154,329,143,186
116900155,14,18,-4
116900157,96,357,-261
116900158,32,44,-12
116900159,27,139,-112
116900160,352,201,151
116900161,12724,2761,9963
116900162,1,129,-128
116900163,22,169,-147
116900164,16,24,-8
116900165,66,51,15
116900166,7,120,-113
116900167,129,68,61
116900168,43,117,-74
116900169,535,131,404
116900170,92,199,-107
116900171,8,375,-367
116900172,185,41,144
116900173,41,80,-39
116900174,7,7,0
116900175,109,85,24
116900178,5,271,-266
116900179,68,45,23
116900180,22,62,-40
116900182,212,258,-46
116900183,66,59,7
116900185,17,24,-7
116900186,83,476,-393
116900187,5,9,-4
116900188,53,21,32
116900189,9,0,9
116900191,196,390,-194
116900192,87,193,-106
116900194,13,267,-254
116900195,13,10,3
116900196,10,179,-169
116900197,19,1,18
116900198,406,107,299
116900200,2,80,-78
116900201,27,1,26
116900202,84,85,-1
116900203,37,0,37
116900204,48,57,-9
116900206,1,44,-43
116900207,4,27,-23
116900208,10,149,-139
116900209,6,172,-166
116900210,210,155,55
116900211,236,16,220
116900212,7,68,-61
116900213,80,195,-115
116900214,31,150,-119
116900215,51,90,-39
116900216,97,529,-432
116900218,10,492,-482
116900219,823,468,355
116900220,83,261,-178
116900221,29,264,-235
116900222,248,349,-101
116900223,56,167,-111
116900226,21,73,-52
116900227,68,53,15
116900228,116,292,-176
116900230,21,391,-370
116900231,3,561,-558
116900232,4,605,-601
116900233,60,106,-46
116900234,4,16,-12
116900235,60,522,-462
116900238,1571,323,1248
116900239,96,681,-585
116900240,6820,1526,5294
116900241,23,319,-296
116900242,593,140,453
116900243,1,186,-185
116900245,17,35,-18
116900246,9,3,6
116900247,160,9,151
116900248,29,13,16
116900249,132,164,-32
116900250,75,55,20
116900251,408,131,277
116900252,44,1242,-1198
116900253,22,69,-47
116900254,2,72,-70
116900255,134,25,109
116900256,102,85,17
116900257,15,790,-775
116900258,1,479,-478
116900259,20,6,14
116900260,2,181,-179
116900261,4,0,4
116900262,40,116,-76
116900263,0,10,-10
116900264,0,13,-13
116900265,4,0,4
116900266,3,60,-57
116900267,10,3,7
116900268,12,24,-12
116900269,259,598,-339
116900271,3853,73,3780
116900272,483,738,-255
116900273,236,31,205
116900274,15,43,-28
116900275,26,148,-122
116900276,152,49,103
116900277,856,5,851
116900278,4,25,-21
116900279,0,25,-25
116900280,0,26,-26
116900281,10355,1461,8894
116900282,3,167,-164
116900283,10,146,-136
116900284,41,247,-206
116900285,385,81,304
116900286,223,12,211
116900287,0,111,-111
116900288,9,151,-142
116900289,3,37,-34
116900290,0,99,-99
116900291,1,5,-4
116900292,0,2,-2
116900293,11,146,-135
116900294,15,104,-89
116900295,36,17,19
116900296,13,16,-3
116900297,2,8,-6
116900298,24,12,12
116900299,13,39,-26
116900300,71,186,-115
116900301,31,63,-32
116900302,486,192,294
116900303,341,30,311
116900304,1,83,-82
116900305,1,11,-10
116900306,23,141,-118
117000001,901,1237,-336
117000002,1219,4760,-3541
117000003,4990,2501,2489
117000004,4529,5074,-545
117000005,728,1187,-459
117000006,811,4191,-3380
117000007,1896,983,913
117000008,1330,4430,-3100
117000009,3992,934,3058
117000010,2748,4548,-1800
117000011,690,1513,-823
117000012,771,2080,-1309
117000013,572,1183,-611
117000014,588,2655,-2067
117000015,2748,1281,1467
117000016,251,74,177
117000017,255,163,92
117000018,92,345,-253
117000019,161,0,161
117000020,743,894,-151
117000021,3629,225,3404
117000022,453,50,403
117000023,428,81,347
117000024,486,100,386
117000025,761,827,-66
117000026,2097,710,1387
117000027,1559,485,1074
117000028,719,230,489
117000030,173,176,-3
117000032,1753,1394,359
117000033,1205,1342,-137
117000034,89,137,-48
117000036,111,151,-40
117000038,84,253,-169
117000039,32,204,-172
117000040,108,1766,-1658
117000041,575,104,471
117000044,21,1586,-1565
117000045,182,48,134
117000046,325,831,-506
117000047,246,550,-304
117000048,2102,1700,402
117000049,148,518,-370
117000050,86,3585,-3499
117000051,967,143,824
117000052,9,874,-865
117000053,85,64,21
117000054,1137,11,1126
117000055,12,4683,-4671
117000056,328,11,317
117000057,658,2021,-1363
117000060,309,2840,-2531
117000061,735,640,95
117000062,140,499,-359
117000063,595,519,76
117000064,1043,774,269
117000066,1708,714,994
117000067,98,305,-207
117000074,190,73,117
117000076,208,37,171
117000077,131,56,75
117000078,60,516,-456
117000079,119,119,0
117000080,1,419,-418
117000081,300,104,196
117000082,17,50,-33
117000083,42,9,33
117000084,236,3,233
117000085,79,381,-302
117000086,893,781,112
117000087,61,481,-420
117000088,159,172,-13
117000089,856,331,525
117000090,169,2104,-1935
117000091,354,343,11
117000092,208,2507,-2299
117000093,419,626,-207
117000094,539,3305,-2766
117000095,1200,740,460
117000096,452,3437,-2985
117000097,602,1051,-449
117000098,2957,7363,-4406
117000099,1272,661,611
117000100,94,86,8
117000101,159,1749,-1590
117000102,603,482,121
117000103,854,2498,-1644
117000104,639,433,206
117000105,602,2708,-2106
117000106,378,660,-282
117000107,366,3339,-2973
117000108,530,658,-128
117000109,1954,3884,-1930
117000110,705,498,207
117000111,2896,4509,-1613
117000112,1714,1880,-166
117000113,57,583,-526
117000114,79,126,-47
117000115,27,258,-231
117000116,35,221,-186
117000117,1557,553,1004
117000118,132,161,-29
117000119,221,41,180
117000120,191,42,149
117000121,65,217,-152
117000122,611,663,-52
117000123,1539,28,1511
117000124,236,40,196
117000125,312,70,242
117000126,42,57,-15
117000127,113,431,-318
117000128,386,646,-260
117000129,190,30,160
117000130,51,1,50
117000131,1,11,-10
117000132,873,41,832
117000133,665,200,465
117000134,0,63,-63
117000135,10,37,-27
117000136,3,69,-66
117000137,37,23,14
117000138,2,524,-522
117000140,289,2519,-2230
117000141,728,436,292
117000181,1418,324,1094
117000182,158,118,40
117000195,202,1780,-1578
117000196,51,50,1
117000225,153,4,149
117000226,2,55,-53
117000276,60,12,48
117000277,0,710,-710
117000310,2129,2490,-361
117000315,53,364,-311
117000320,49,0,49
117000906,55,4,51
117000907,4,649,-645
117000908,68,10,58
117000909,35,40,-5
117000910,120,129,-9
117000911,111,213,-102
117000915,3,938,-935
117000916,3,0,3
117000917,357,15,342
117000918,14,21,-7
117000919,7,178,-171
117000920,6,2337,-2331
117000921,8,3035,-3027
117000922,42,82,-40
117000924,431,519,-88
117000926,1670,90,1580
117000927,914,279,635
117000928,0,333,-333
117000929,104,640,-536
117000930,30,17,13
117000931,470,44,426
117900002,125,386,-261
117900003,1006,219,787
117900005,3,8,-5
117900006,0,48,-48
117900007,119,204,-85
117900008,0,52,-52
117900010,98,201,-103
117900011,7,5,2
117900012,23,273,-250
117900013,3,410,-407
117900014,85,341,-256
117900015,16,281,-265
117900016,1153,313,840
117900017,168,587,-419
117900018,205,30,175
117900019,128,659,-531
117900020,57,152,-95
117900021,14,183,-169
117900022,5,17,-12
117900023,729,43,686
117900024,59,216,-157
117900025,28,17,11
117900026,127,525,-398
117900028,28,5,23
117900029,91,1355,-1264
117900030,162,147,15
117900031,40,75,-35
117900032,367,181,186
117900033,65,1230,-1165
117900034,9,15,-6
117900035,76,63,13
117900036,76,1066,-990
117900037,31,104,-73
117900038,16,518,-502
117900039,6,118,-112
117900040,85,854,-769
117900041,4,61,-57
117900042,5078,486,4592
117900043,16,66,-50
117900044,9,1149,-1140
117900045,131,61,70
117900048,66,431,-365
117900049,54,768,-714
117900050,16,44,-28
117900051,24,4,20
117900052,21,230,-209
117900053,554,827,-273
117900054,0,12,-12
117900055,138,71,67
117900056,173,21,152
117900057,671,1556,-885
117900058,375,235,140
117900059,563,59,504
117900060,393,6452,-6059
117900061,8,111,-103
117900063,95,241,-146
117900065,693,1182,-489
117900066,7,40,-33
117900067,137,420,-283
117900069,248,602,-354
117900070,142,11,131
117900071,37,146,-109
117900073,128,487,-359
117900074,111,3,108
117900075,24,98,-74
117900076,1,44,-43
117900077,162,92,70
117900078,179,314,-135
117900080,37,48,-11
117900081,601,438,163
117900082,171,142,29
117900083,132,932,-800
117900086,45,79,-34
117900087,75,50,25
117900088,3079,1738,1341
117900089,980,240,740
117900090,97,1093,-996
117900091,144,138,6
117900092,5,78,-73
117900093,15,64,-49
117900094,16,10,6
117900095,84,652,-568
117900096,46,284,-238
117900097,167,80,87
117900098,4,4,0
117900099,33,620,-587
117900100,30,1,29
117900101,416,763,-347
117900102,12,84,-72
117900103,10,0,10
117900104,4,167,-163
117900105,114,199,-85
117900106,39,55,-16
117900107,6,0,6
117900109,154,386,-232
117900110,2,0,2
117900111,162,4,158
117900112,36,30,6
117900113,4596,1592,3004
117900114,6,0,6
117900115,90,23,67
117900116,960,677,283
117900117,283,567,-284
117900118,8,0,8
117900119,40,386,-346
117900120,106,127,-21
117900121,17,32,-15
117900122,974,1198,-224
117900123,406,1042,-636
117900124,511,532,-21
117900125,1040,643,397
117900126,284,577,-293
117900127,224,825,-601
117900128,182,1367,-1185
117900129,30,0,30
117900130,595,377,218
117900131,0,137,-137
117900132,5,164,-159
117900133,8,179,-171
117900134,50,225,-175
117900135,14,332,-318
117900136,0,75,-75
117900137,50,484,-434
117900138,0,73,-73
117900139,32,172,-140
117900140,6254,208,6046
117900141,176,245,-69
117900142,30,21,9
117900144,54,123,-69
117900145,31,3,28
117900146,91,69,22
117900147,12,74,-62
117900148,3040,1031,2009
117900149,16,220,-204
117900150,22,236,-214
117900151,17,289,-272
117900152,42,107,-65
117900153,4,101,-97
117900154,183,713,-530
117900156,747,549,198
117900157,35,412,-377
117900158,82,31,51
117900160,254,235,19
117900161,2747,2474,273
117900162,98,316,-218
117900163,71,15,56
117900165,0,9,-9
117900166,137,175,-38
117900168,66,132,-66
117900169,3,147,-144
117900170,1,36,-35
117900171,0,19,-19
117900172,17,77,-60
117900173,182,40,142
117900174,34,34,0
117900175,2,43,-41
117900176,4,67,-63
117900177,5,75,-70
117900178,49,21,28
117900180,266,25,241
117900181,163,115,48
117900182,2,42,-40
117900183,25,150,-125
117900184,1,57,-56
117900185,11,61,-50
117900186,10,20,-10
117900187,12,9,3
117900188,171,30,141
117900189,59,8,51
117900190,13,0,13
117900191,34,0,34
117900192,71,0,71
117900193,10,47,-37
117900194,0,5,-5
117900195,3,24,-21
117900196,0,10,-10
117900207,138,71,67
117900208,17,78,-61
117900209,118,116,2
117900210,187,131,56
117900211,13,236,-223
117900212,66,191,-125
117900213,2,5,-3
117900214,2,39,-37
117900216,2,12,-10
117900217,68,75,-7
117900218,112,106,6
117900219,2,27,-25
117900220,23,65,-42
117900221,10,4,6
118000001,546,331,215
118000002,1263,1877,-614
118000003,1072,740,332
118000004,2466,2156,310
118000005,5967,1293,4674
118000006,10169,6107,4062
118000007,6637,1847,4790
118000008,5357,2728,2629
118000009,1976,4248,-2272
118000010,6076,4913,1163
118000011,639,3997,-3358
118000012,892,3775,-2883
118000013,4313,3757,556
118000014,2333,4166,-1833
118000016,221,762,-541
118000017,124,393,-269
118000018,235,891,-656
118000019,1619,1158,461
118000020,1260,1154,106
118000021,777,1397,-620
118000022,2366,582,1784
118000023,1152,240,912
118000024,1622,559,1063
118000025,1221,521,700
118000027,17386,3683,13703
118000029,1305,408,897
118000032,1714,1097,617
118000033,2733,1864,869
118000034,5469,2009,3460
118000035,1464,1223,241
118000036,1031,981,50
118000037,407,938,-531
118000038,136,133,3
118000039,58,372,-314
118000040,1246,2899,-1653
118000041,1387,1475,-88
118000045,727,151,576
118000046,1548,537,1011
118000047,1767,437,1330
118000048,3914,827,3087
118000051,2397,557,1840
118000052,1396,425,971
118000053,266,364,-98
118000054,1127,1033,94
118000055,764,1262,-498
118000056,118,257,-139
118000057,127,295,-168
118000058,3484,1022,2462
118000059,1873,649,1224
118000060,459,877,-418
118000061,535,1098,-563
118000062,325,186,139
118000063,203,391,-188
118000064,783,1162,-379
118000065,6628,1399,5229
118000066,704,855,-151
118000067,1518,939,579
118000068,1904,2725,-821
118000069,3686,1485,2201
118000070,9563,1398,8165
118000071,4328,3840,488
118000072,1982,879,1103
118000073,2918,361,2557
118000074,275,342,-67
118000075,510,395,115
118000076,1026,903,123
118000077,1270,1089,181
118000078,1563,1865,-302
118000079,336,449,-113
118000080,909,875,34
118000081,1137,1090,47
118000082,335,645,-310
118000083,3036,1011,2025
118000084,3001,1763,1238
118000086,112,739,-627
118000087,7131,2498,4633
118000088,2078,1859,219
118000089,4621,2205,2416
118000090,2395,2012,383
118000091,2199,1545,654
118000092,1505,353,1152
118000093,144,624,-480
118000096,388,518,-130
118000097,625,441,184
118000098,166,207,-41
118000099,224,1184,-960
118000101,377,372,5
118000102,255,2163,-1908
118000107,4773,457,4316
118000108,477,612,-135
118000110,0,24,-24
118000111,3,1019,-1016
118000112,105,0,105
118000113,4,1524,-1520
118000114,57,1,56
118000115,14,2,12
118000116,25,0,25
118000117,1066,853,213
118000118,655,688,-33
118000119,588,1472,-884
118000120,1579,1781,-202
118000121,49,395,-346
118000122,645,131,514
118000123,32,197,-165
118000125,1823,1463,360
118000126,417,1876,-1459
118000127,1412,590,822
118000128,684,1257,-573
118000129,384,227,157
118000130,3501,5357,-1856
118000131,393,1303,-910
118000132,1958,1394,564
118000133,299,514,-215
118000135,258,348,-90
118000136,52,611,-559
118000137,493,57,436
118000138,189,1210,-1021
118000139,147,116,31
118000140,2251,2452,-201
118000141,1416,2347,-931
118000142,1022,2479,-1457
118000143,700,808,-108
118000144,1797,1267,530
118000145,1340,3710,-2370
118000146,740,2054,-1314
118000147,527,2309,-1782
118000148,215,1460,-1245
118000149,592,1157,-565
118000150,170,106,64
118000151,142,465,-323
118000153,459,1266,-807
118000154,428,1754,-1326
118000155,435,1261,-826
118000156,2380,2106,274
118000157,248,265,-17
118000158,69,552,-483
118000159,5,50,-45
118000160,217,525,-308
118000161,214,1397,-1183
118000162,1208,858,350
118000163,268,793,-525
118000164,2067,1605,462
118000168,2239,208,2031
118000169,1178,2486,-1308
118000170,4399,8902,-4503
118000171,171,826,-655
118000172,77,312,-235
118000173,561,1190,-629
118000175,195,336,-141
118000176,116,412,-296
118000177,174,429,-255
118000178,38,40,-2
118000179,2080,452,1628
118000180,574,922,-348
118000181,674,442,232
118000182,146,342,-196
118000183,152,200,-48
118000184,271,1361,-1090
118000185,1139,840,299
118000186,487,858,-371
118000187,479,1377,-898
118000188,250,313,-63
118000189,168,1072,-904
118000190,4,9,-5
118000191,17,37,-20
118000192,24,90,-66
118000193,18,232,-214
118000194,1849,1100,749
118000195,846,485,361
118000196,392,74,318
118000197,151,64,87
118000198,574,253,321
118000199,341,209,132
118000200,43,188,-145
118000201,414,308,106
118000202,24,54,-30
118000203,1597,340,1257
118000204,141,149,-8
118000205,244,297,-53
118000206,146,171,-25
118000207,0,157,-157
118000208,1072,1693,-621
118000209,1158,2248,-1090
118000210,24,42,-18
118000211,10,28,-18
118000213,775,577,198
118000214,635,243,392
118000215,138,383,-245
118000216,1035,4009,-2974
118000217,5,218,-213
118000218,39,135,-96
118000219,435,394,41
118000220,0,12,-12
118000221,26,214,-188
118000222,76,12,64
118000223,14,38,-24
118000224,271,206,65
118000225,91,1056,-965
118000226,256,85,171
118000227,1305,361,944
118000228,313,105,208
118000229,140,16,124
118000230,56,355,-299
118000231,35,217,-182
118000232,414,1274,-860
118000233,500,1019,-519
118000234,137,437,-300
118000236,231,567,-336
118000237,42,885,-843
118000238,45,371,-326
118000239,141,322,-181
118000240,606,70,536
118000241,44,370,-326
118000242,391,951,-560
118000243,70,219,-149
118000244,15,195,-180
118000246,0,4,-4
118000255,25,176,-151
118000256,48,231,-183
118000259,0,51,-51
118000260,94,111,-17
118000261,5,165,-160
118000263,31,227,-196
118000266,119,737,-618
118000267,0,117,-117
118000268,124,0,124
118000270,63,75,-12
118000271,72,325,-253
118000272,44,58,-14
118000273,35,95,-60
118000274,54,439,-385
118000276,190,344,-154
118000295,2,57,-55
118000298,128,534,-406
118000299,29,262,-233
118000301,1,66,-65
118000302,70,103,-33
118000311,87,190,-103
118000312,99,304,-205
118000313,24,240,-216
118000314,31,105,-74
118000315,16,43,-27
118000316,282,551,-269
118000325,26,130,-104
118000326,30,68,-38
118000331,22,96,-74
118000332,9,67,-58
118000333,10,105,-95
118000335,51,0,51
118000336,1,535,-534
118000407,45,85,-40
118000457,2,54,-52
118000465,3944,2020,1924
118000480,8,203,-195
118000489,3,95,-92
118000490,18,533,-515
118000492,80,229,-149
118000510,63,43,20
118000514,131,403,-272
118000515,419,269,150
118000517,409,150,259
118000524,706,107,599
118000525,956,1070,-114
118000530,47,130,-83
118000531,92,284,-192
118000532,95,426,-331
118000533,168,202,-34
118000534,269,533,-264
118000535,94,107,-13
118000536,858,246,612
118000537,26,69,-43
118000538,13,108,-95
118000539,16,109,-93
118000540,285,365,-80
118000541,86,161,-75
118000542,70,196,-126
118000543,192,284,-92
118000546,15,67,-52
118000560,4178,591,3587
118000562,10,464,-454
118000563,2181,1714,467
118000576,43,293,-250
118000577,96,115,-19
118000578,139,125,14
118000579,837,976,-139
118000595,64,74,-10
118000596,0,76,-76
118000597,85,179,-94
118000598,1,0,1
118000599,6,33,-27
118000600,0,33,-33
118000601,0,0,0
118000602,0,23,-23
118000603,0,13,-13
118900001,1486,537,949
118900002,1492,503,989
118900003,74,32,42
118900004,17,91,-74
118900005,42,3,39
118900006,7,0,7
118900007,5,3,2
118900008,928,53,875
118900009,7,5,2
118900010,11,4,7
118900011,58,18,40
118900012,165,219,-54
118900013,590,25,565
118900015,97,29,68
118900016,3,15,-12
118900017,72,85,-13
118900018,1548,17,1531
118900019,39,0,39
118900020,70,84,-14
118900021,84,339,-255
118900022,60,117,-57
118900023,38,113,-75
118900024,12,207,-195
118900025,26,25,1
118900026,23,129,-106
118900027,362,221,141
118900028,65,188,-123
118900029,65,535,-470
118900030,67,55,12
118900031,72,185,-113
118900032,96,222,-126
118900033,167,789,-622
118900034,31,9,22
118900035,88,361,-273
118900036,335,706,-371
118900037,198,330,-132
118900038,157,435,-278
118900039,111,307,-196
118900040,128,208,-80
118900041,82,173,-91
118900042,85,97,-12
118900045,113,148,-35
118900046,728,73,655
118900047,891,153,738
118900048,51,121,-70
118900049,34,43,-9
118900050,4,203,-199
118900051,25,50,-25
118900052,155,257,-102
118900053,25,49,-24
118900054,41,46,-5
118900055,19,116,-97
118900056,12,69,-57
118900057,85,242,-157
118900058,153,426,-273
118900059,7,60,-53
118900060,12,130,-118
118900062,58,231,-173
118900064,680,248,432
118900065,24,149,-125
118900066,47,119,-72
118900067,9607,2765,6842
118900068,0,89,-89
118900069,125,262,-137
118900071,2,50,-48
118900072,192,445,-253
118900073,36,136,-100
118900074,45,110,-65
118900075,6,90,-84
118900076,87,49,38
118900077,101,192,-91
118900078,8,6,2
118900079,42,208,-166
118900080,6,79,-73
118900081,25,13,12
118900082,240,126,114
118900083,4,20,-16
118900084,3,21,-18
118900085,392,980,-588
118900086,12,32,-20
118900087,20,98,-78
118900088,0,16,-16
118900089,9,8,1
118900090,319,572,-253
118900091,171,50,121
118900092,55,117,-62
118900093,87,4,83
118900096,21,9,12
118900097,161,1275,-1114
118900099,41,349,-308
118900100,124,247,-123
118900101,22,1111,-1089
118900102,13,86,-73
118900103,41,32,9
118900104,44,272,-228
118900105,177,110,67
118900107,240,132,108
118900108,100,150,-50
118900109,837,62,775
118900110,2056,240,1816
118900111,125,850,-725
118900112,18,76,-58
118900113,28,870,-842
118900114,5,118,-113
118900115,110,347,-237
118900116,34,193,-159
118900117,29,262,-233
118900118,112,749,-637
118900119,29,404,-375
118900120,59,378,-319
118900121,1,371,-370
118900122,6,344,-338
118900123,89,264,-175
118900124,21,193,-172
118900126,9,185,-176
118900129,138,168,-30
118900130,14,42,-28
118900131,38,351,-313
118900132,126,184,-58
118900133,11,43,-32
118900135,70,293,-223
118900136,162,1071,-909
118900137,2,11,-9
118900139,49,743,-694
118900140,357,1310,-953
118900141,25,350,-325
118900144,79,995,-916
118900145,42,201,-159
118900146,216,975,-759
118900147,54,55,-1
118900148,22,81,-59
118900150,61,168,-107
118900152,167,1134,-967
118900157,43,105,-62
118900158,26,125,-99
118900159,0,286,-286
118900161,68,2,66
118900163,272,69,203
118900164,7,149,-142
118900165,22,499,-477
118900166,59,2,57
118900167,24,293,-269
118900168,4,61,-57
118900169,53,750,-697
118900170,35,137,-102
118900171,9,21,-12
118900174,30,91,-61
118900175,79,397,-318
118900176,37,153,-116
118900177,11,36,-25
118900178,14,172,-158
118900179,0,64,-64
118900181,32,100,-68
118900182,105,34,71
118900183,14,28,-14
118900184,144,33,111
118900185,18,139,-121
118900186,30,89,-59
118900187,108,344,-236
118900188,154,350,-196
118900189,12,329,-317
118900190,9,854,-845
118900191,41,50,-9
118900192,91,42,49
118900193,86,12,74
118900195,350,1104,-754
118900196,8,188,-180
118900197,32,96,-64
118900198,3,59,-56
118900199,4,48,-44
118900200,1,5,-4
118900201,7,9,-2
118900202,13,79,-66
118900203,3,53,-50
118900204,0,39,-39
118900205,0,28,-28
118900206,2,39,-37
119000001,807,987,-180
119000002,4105,2712,1393
119000003,1454,2042,-588
119000004,1581,1393,188
119000005,1091,1555,-464
119000006,1057,1516,-459
119000007,2242,2988,-746
119000008,1394,2848,-1454
119000009,4699,2123,2576
119000010,12841,4078,8763
119000011,8393,1696,6697
119000012,8854,3055,5799
119000013,2990,1185,1805
119000014,2810,4244,-1434
119000019,177,180,-3
119000020,896,1491,-595
119000021,2165,2133,32
119000022,4338,1291,3047
119000023,318,200,118
119000024,3143,4983,-1840
119000025,18026,1511,16515
119000026,412,211,201
119000027,1057,404,653
119000028,2221,1453,768
119000029,211,319,-108
119000030,304,1083,-779
119000031,355,623,-268
119000032,2666,2368,298
119000033,1743,1971,-228
119000034,865,1187,-322
119000035,25,518,-493
119000036,682,1601,-919
119000037,768,3243,-2475
119000038,74,1476,-1402
119000039,97,346,-249
119000040,1120,371,749
119000041,883,976,-93
119000048,4836,4980,-144
119000049,1255,4700,-3445
119000050,1505,2783,-1278
119000051,1507,1129,378
119000052,2386,3250,-864
119000053,1721,1221,500
119000054,2086,4739,-2653
119000055,1830,4179,-2349
119000056,1350,2307,-957
119000057,1264,3219,-1955
119000058,1388,2904,-1516
119000059,883,1931,-1048
119000060,744,799,-55
119000061,678,944,-266
119000062,850,1513,-663
119000063,161,247,-86
119000064,1142,1663,-521
119000065,1666,4040,-2374
119000066,1081,1003,78
119000067,1320,3393,-2073
119000068,754,1090,-336
119000069,835,3356,-2521
119000070,1151,1455,-304
119000071,515,1202,-687
119000072,7245,4429,2816
119000073,4494,5703,-1209
119000074,557,4757,-4200
119000075,513,3173,-2660
119000076,432,917,-485
119000077,542,666,-124
119000078,197,333,-136
119000079,98,839,-741
119000080,86,280,-194
119000081,185,523,-338
119000082,281,326,-45
119000083,184,336,-152
119000084,179,839,-660
119000085,652,402,250
119000086,195,477,-282
119000087,1540,1226,314
119000088,257,271,-14
119000089,54,152,-98
119000090,166,140,26
119000091,148,250,-102
119000092,845,252,593
119000093,4398,4555,-157
119000094,1662,5245,-3583
119000095,866,3469,-2603
119000097,4093,2042,2051
119000098,589,1242,-653
119000099,2234,2299,-65
119000100,2257,2122,135
119000101,2481,2984,-503
119000102,702,487,215
119000103,1419,584,835
119000104,3961,1782,2179
119000105,452,740,-288
119000106,143,2871,-2728
119000107,273,598,-325
119000108,113,1889,-1776
119000109,57,435,-378
119000110,421,619,-198
119000111,38,516,-478
119000112,175,206,-31
119000113,2758,359,2399
119000114,837,358,479
119000115,155,120,35
119000116,140,62,78
119000117,109,321,-212
119000118,24,9,15
119000123,1932,542,1390
119000124,215,306,-91
119000125,1081,1357,-276
119000126,130,1310,-1180
119000127,164,1391,-1227
119000128,56,10,46
119000131,371,1716,-1345
119000132,2,8,-6
119000133,0,11,-11
119000134,3885,542,3343
119000135,45,279,-234
119000136,55,398,-343
119000137,83,867,-784
119000138,118,669,-551
119000139,105,453,-348
119000140,82,220,-138
119000284,1629,2703,-1074
119000285,2941,2483,458
119000286,7614,5552,2062
119000287,1398,2797,-1399
119000288,1340,2437,-1097
119000289,2455,5582,-3127
119000290,160,600,-440
119000291,4,443,-439
119000293,20,196,-176
119000294,23,21,2
119000295,2591,892,1699
119000296,109,166,-57
119000302,5178,1377,3801
119000303,28,159,-131
119000314,1597,5106,-3509
119000315,1,1025,-1024
119000316,18,117,-99
119000317,9,608,-599
119900001,125,531,-406
119900002,30,303,-273
119900003,34,1867,-1833
119900004,376,289,87
119900005,66,176,-110
119900006,61,354,-293
119900007,442,34,408
119900008,20,38,-18
119900009,245,552,-307
119900010,947,1447,-500
119900011,48,36,12
119900012,13,42,-29
119900013,1356,698,658
119900014,575,328,247
119900015,55,29,26
119900016,29,170,-141
119900017,25,36,-11
119900018,1061,135,926
119900019,7,10,-3
119900020,49,241,-192
119900021,63,75,-12
119900022,101,196,-95
119900023,898,274,624
119900025,63,27,36
119900026,1254,50,1204
119900027,5,40,-35
119900028,91,55,36
119900029,0,10,-10
119900030,538,591,-53
119900031,34,130,-96
119900033,3231,97,3134
119900034,64,218,-154
119900037,14,26,-12
119900038,30,116,-86
119900039,22,1,21
119900040,51,2,49
119900041,44,71,-27
119900042,19,137,-118
119900043,25,274,-249
119900044,138,289,-151
119900046,29,142,-113
119900047,125,42,83
119900048,1,90,-89
119900049,14,2,12
119900050,41,32,9
119900051,233,4,229
119900052,12,88,-76
119900053,45,235,-190
119900054,27,0,27
119900055,392,253,139
119900057,46,115,-69
119900058,44,0,44
119900059,96,43,53
119900060,74,7,67
119900061,50,10,40
119900062,15,55,-40
119900063,24,48,-24
119900064,126,28,98
119900065,93,4,89
119900066,0,0,0
119900067,25,42,-17
119900068,91,2,89
119900069,19,8,11
119900070,253,12,241
119900071,135,9,126
119900072,63,569,-506
119900073,2152,606,1546
119900074,7,14,-7
119900075,7493,1812,5681
119900076,159,657,-498
119900077,217,2071,-1854
119900078,164,867,-703
119900079,20,427,-407
119900080,171,327,-156
119900081,3,64,-61
119900082,270,107,163
119900083,331,111,220
119900084,420,194,226
119900085,160,54,106
119900086,39,1002,-963
119900087,216,166,50
119900088,34,103,-69
119900089,5,821,-816
119900090,206,120,86
119900091,19,1777,-1758
119900092,9,685,-676
119900093,743,96,647
119900094,5,183,-178
119900095,206,88,118
119900096,30,110,-80
119900097,377,99,278
119900098,18,82,-64
119900099,24,461,-437
119900100,3929,1262,2667
119900101,186,746,-560
119900102,15,486,-471
119900103,24,741,-717
119900104,32,379,-347
119900105,525,1924,-1399
119900106,4,321,-317
119900107,318,4385,-4067
119900108,1882,951,931
119900109,11,307,-296
119900110,268,917,-649
119900111,44,529,-485
119900112,3435,544,2891
119900113,85,742,-657
119900114,95,2491,-2396
119900115,53,1746,-1693
119900116,320,215,105
119900117,122,1824,-1702
119900118,14,1684,-1670
119900119,58,405,-347
119900120,784,1161,-377
119900121,96,2094,-1998
119900122,214,577,-363
119900123,207,299,-92
119900124,36,1470,-1434
119900125,33,611,-578
119900126,8824,314,8510
119900127,3411,1086,2325
119900128,194,1374,-1180
119900129,55,1335,-1280
119900130,41,382,-341
119900131,26,507,-481
119900132,1,540,-539
119900133,20,19,1
119900134,2806,369,2437
119900135,2,623,-621
119900136,150,912,-762
119900138,474,930,-456
119900139,23,85,-62
119900140,1,217,-216
119900141,132,313,-181
119900142,10,23,-13
119900143,5,311,-306
119900144,3095,297,2798
119900145,52,384,-332
119900146,217,99,118
119900147,2,115,-113
119900148,46,49,-3
119900149,2486,1849,637
119900150,145,306,-161
119900151,1885,1060,825
119900152,59,654,-595
119900153,45,43,2
119900154,3,426,-423
119900155,17,27,-10
119900156,2,0,2
119900157,20,435,-415
119900158,35,65,-30
119900159,2,2224,-2222
119900160,9,450,-441
119900161,109,370,-261
119900162,499,527,-28
119900163,163,79,84
119900164,0,0,0
119900165,27,444,-417
119900166,38,27,11
119900167,57,195,-138
119900168,326,466,-140
119900169,163,112,51
119900170,174,170,4
119900171,444,712,-268
119900172,130,11,119
119900173,5,827,-822
119900174,6,458,-452
119900175,423,796,-373
119900177,16,353,-337
119900178,12,324,-312
119900179,22,150,-128
119900180,436,475,-39
119900181,30,26,4
119900182,0,945,-945
119900183,109,1524,-1415
119900184,4519,653,3866
119900185,16,93,-77
119900186,55,206,-151
119900187,14,941,-927
119900188,15,368,-353
119900189,333,176,157
119900190,55,102,-47
119900191,195,128,67
119900192,15,309,-294
119900193,73,226,-153
119900194,3,25,-22
119900195,22,380,-358
119900196,2962,516,2446
119900197,45,106,-61
119900198,60,652,-592
119900199,146,10,136
119900200,240,577,-337
119900201,552,341,211
119900202,177,67,110
119900203,82,312,-230
119900204,99,422,-323
119900205,129,901,-772
119900206,21,159,-138
119900208,61,140,-79
119900209,227,466,-239
119900210,26,49,-23
119900211,73,15,58
119900212,44,301,-257
119900213,1,62,-61
119900214,10,131,-121
119900215,20,173,-153
119900216,4,181,-177
119900217,4,100,-96
119900218,7,77,-70
119900219,4,169,-165
119900220,9,203,-194
119900221,11,681,-670
119900222,8,496,-488
119900223,21,219,-198
119900224,34,56,-22
119900225,1952,80,1872
119900226,1698,884,814
119900227,2179,538,1641
119900228,55,377,-322
119900229,255,524,-269
119900230,1738,827,911
119900231,45,239,-194
119900232,106,39,67
119900233,18,2,16
119900234,2,38,-36
119900235,3,20,-17
119900236,10,328,-318
119900237,65,838,-773
119900238,1,102,-101
119900240,34,178,-144
119900241,85,341,-256
119900242,2365,787,1578
119900244,819,1380,-561
119900245,22,113,-91
119900246,173,209,-36
119900247,11,25,-14
119900248,37,40,-3
119900249,106,34,72
119900253,5611,340,5271
119900254,16,121,-105
119900255,41,640,-599
119900256,266,2268,-2002
119900257,10,3,7
119900258,16,8,8
119900259,2,360,-358
119900260,56,6,50
119900261,97,301,-204
119900262,1,471,-470
119900263,970,531,439
119900264,17,431,-414
119900265,101,596,-495
119900266,57,465,-408
119900267,49,568,-519
119900268,47,430,-383
119900269,157,2130,-1973
119900271,28,127,-99
119900272,80,39,41
119900275,40,0,40
119900276,9,1,8
119900277,31,31,0
119900278,287,23,264
119900279,96,128,-32
119900280,1187,252,935
119900281,0,60,-60
119900282,53,8,45
119900283,14,525,-511
119900284,22,256,-234
119900285,15,22,-7
119900286,1,18,-17
119900288,3,39,-36
119900289,0,34,-34
119900290,0,30,-30
119900291,26,66,-40
119900292,7,4,3
119900293,8,37,-29
119900294,3,89,-86
119900295,1,41,-40
119900296,11,257,-246
119900297,0,26,-26
119900298,4,9,-5
119900299,9,420,-411
119900300,89,364,-275
119900301,83,18,65
119900302,66,38,28
119900303,77,362,-285
119900304,34,11,23
119900305,13,117,-104
119900306,8,4,4
119900307,19,182,-163
119900308,2,19,-17
119900309,5,37,-32
119900310,212,380,-168
119900311,25,232,-207
119900312,16,137,-121
119900313,117,472,-355
119900314,44,273,-229
119900315,393,4569,-4176
119900318,2,8,-6
119900319,4,547,-543
119900320,171,906,-735
119900321,35,3,32
120000001,9607,6962,2645
120000002,2180,4022,-1842
120000003,4159,2601,1558
120000004,3476,3341,135
120000005,6575,2638,3937
120000006,1482,1630,-148
120000007,3555,2449,1106
120000008,1233,1756,-523
120000009,6876,1063,5813
120000010,1200,4675,-3475
120000011,942,2906,-1964
120000012,1427,4116,-2689
120000013,1485,3521,-2036
120000014,413,2117,-1704
120000015,2153,2086,67
120000016,2420,2104,316
120000017,1513,1590,-77
120000018,6339,5888,451
120000019,718,997,-279
120000020,2677,1996,681
120000021,2523,1593,930
120000022,3268,2978,290
120000023,697,1579,-882
120000024,1280,2380,-1100
120000025,1435,2605,-1170
120000026,841,2240,-1399
120000027,1066,1670,-604
120000028,628,329,299
120000029,3053,496,2557
120000030,82,745,-663
120000031,2037,4913,-2876
120000032,14660,3912,10748
120000033,2026,2148,-122
120000034,932,3335,-2403
120000035,1246,3187,-1941
120000036,2271,4053,-1782
120000037,480,791,-311
120000038,15749,3738,12011
120000039,361,1274,-913
120000040,47,126,-79
120000041,441,2988,-2547
120000042,1970,7397,-5427
120000043,4877,3819,1058
120000044,2293,1324,969
120000045,2436,994,1442
120000046,1123,1952,-829
120000047,2844,2936,-92
120000048,12478,3441,9037
120000049,2123,3381,-1258
120000050,2451,5158,-2707
120000051,5183,4600,583
120000052,22279,3085,19194
120000053,744,6068,-5324
120000054,1564,9126,-7562
120000055,922,5833,-4911
120000056,4192,7493,-3301
120000057,2068,1647,421
120000058,321,211,110
120000059,203,1250,-1047
120000061,52,756,-704
120000062,225,364,-139
120000063,2501,5028,-2527
120000064,269,2518,-2249
120000065,341,2595,-2254
120000066,92,699,-607
120000067,44,761,-717
120000068,126,1655,-1529
120000069,362,2221,-1859
120000070,13,1510,-1497
120000071,96,153,-57
120000072,191,503,-312
120000073,134,110,24
120000074,133,107,26
120000075,152,202,-50
120000076,483,226,257
120000077,738,361,377
120000078,4740,479,4261
120000079,69,97,-28
120000080,33,82,-49
120000081,152,90,62
120000082,104,125,-21
120000083,36,190,-154
120000084,478,802,-324
120000085,398,444,-46
120000086,137,897,-760
120000087,96,1783,-1687
120000088,568,1732,-1164
120000089,639,535,104
120000090,251,563,-312
120000091,358,960,-602
120000092,665,523,142
120000093,201,512,-311
120000094,85,367,-282
120000095,660,1106,-446
120000096,127,1941,-1814
120000098,502,1495,-993
120000099,180,925,-745
120000100,499,1293,-794
120000101,267,687,-420
120000102,249,329,-80
120000103,584,318,266
120000104,772,201,571
120000105,766,221,545
120000106,778,232,546
120000107,1038,308,730
120000108,255,121,134
120000109,392,50,342
120000110,51,1131,-1080
120000111,74,1881,-1807
120000112,472,5856,-5384
120000113,492,4287,-3795
120000114,309,3204,-2895
120000115,321,2788,-2467
120000116,539,2690,-2151
120000117,1428,2167,-739
120000118,19,7,12
120000119,11,48,-37
120000120,19,23,-4
120000121,31,38,-7
120000122,182,160,22
120000123,9050,2092,6958
120000124,200,622,-422
120000125,215,826,-611
120000126,183,628,-445
120000127,965,494,471
120000128,2344,1744,600
120000129,258,296,-38
120000130,601,773,-172
120000131,135,470,-335
120000134,335,2023,-1688
120000135,92,375,-283
120000137,83,3196,-3113
120000138,175,781,-606
120000139,72,1657,-1585
120000140,189,953,-764
120000141,113,850,-737
120000142,114,840,-726
120000143,1,174,-173
120000144,34,2,32
120000145,80,3,77
120000146,2101,538,1563
120000149,421,1279,-858
120000150,7761,7660,101
120000151,414,469,-55
120000152,149,428,-279
120000153,144,1072,-928
120000154,357,402,-45
120000155,101,129,-28
120000156,2120,347,1773
120000157,737,838,-101
120000158,428,1154,-726
120000159,2023,2718,-695
120000160,2059,1207,852
120000161,760,3287,-2527
120000162,44,217,-173
120000163,161,1873,-1712
120000164,194,620,-426
120000165,155,1234,-1079
120000166,372,705,-333
120000167,10,35,-25
120000168,5,72,-67
120000169,84,161,-77
120000170,95,117,-22
120000171,30,28,2
120000172,12,19,-7
120000173,1985,93,1892
120000174,271,2,269
120000175,484,6,478
120000176,213,59,154
120000177,1567,403,1164
120000178,39,4,35
120000179,288,21,267
120000180,503,21,482
120000181,160,54,106
120000182,68,53,15
120000183,3,151,-148
120000184,119,1819,-1700
120000186,58,67,-9
120000187,35,27,8
120000188,168,22,146
120000190,1065,6,1059
120000191,1939,8,1931
120000192,2407,10,2397
120000193,1117,5,1112
120000195,89,4,85
120000196,385,37,348
120000197,114,161,-47
120000198,61,304,-243
120000199,12,0,12
120000200,28,0,28
120000201,8,13,-5
120000202,1,118,-117
120000203,39,602,-563
120000207,4,157,-153
120000208,19,519,-500
120000209,0,168,-168
120000210,205,108,97
120000211,40,5,35
120000212,33,2,31
120000213,51,621,-570
120000214,4,704,-700
120000215,2,237,-235
120000216,30,6,24
120000217,1204,2207,-1003
120000218,322,2089,-1767
120000219,14,1369,-1355
120000220,30,4522,-4492
120000225,365,1,364
120000226,169,2,167
120000227,764,14,750
120000228,11479,1620,9859
120000230,67,6,61
120000231,348,3723,-3375
120000233,77,6,71
120000235,64,921,-857
120000236,511,0,511
120000237,7,3813,-3806
120000238,2,78,-76
120000241,1062,2339,-1277
120000412,2474,14,2460
120000413,71,558,-487
120000414,15,4,11
120000415,3,286,-283
120000416,12,7,5
120000417,4,145,-141
120000418,20,5,15
120000419,13,738,-725
120000420,28,45,-17
120000421,22366,7399,14967
120000422,350,341,9
120000423,7,53,-46
120000424,29,264,-235
120000436,98,253,-155
120000437,163,191,-28
120000438,6705,380,6325
120000439,107,211,-104
120000443,82,0,82
120000444,363,628,-265
120000445,1221,1104,117
120000446,1157,343,814
120000447,94,8,86
120000449,10,10,0
120000450,7,606,-599
120000451,46,266,-220
120000452,50,1,49
120000453,1,492,-491
120000454,48,17,31
120000455,78,80,-2
120000456,4329,2399,1930
120000457,2406,1306,1100
120000458,443,954,-511
120000459,74,68,6
120000665,1168,141,1027
120000668,102,124,-22
120000669,48,570,-522
120000670,251,483,-232
120000671,302,189,113
120000672,74,502,-428
120900001,36,10,26
120900002,51,205,-154
120900003,163,22,141
120900004,2,18,-16
120900005,6,1460,-1454
120900006,125,214,-89
120900007,61,242,-181
120900008,82,1671,-1589
120900009,75,33,42
120900010,145,32,113
120900011,349,75,274
120900012,1423,454,969
120900013,110,21,89
120900014,2,1313,-1311
120900015,138,86,52
120900016,166,57,109
120900017,4897,173,4724
120900018,37,646,-609
120900019,264,38,226
120900020,454,421,33
120900021,225,21,204
120900022,19,571,-552
120900023,65,31,34
120900024,1499,477,1022
120900025,2611,734,1877
120900026,27,231,-204
120900027,452,132,320
120900028,101,33,68
120900029,58,126,-68
120900030,491,413,78
120900031,46,25,21
120900032,281,192,89
120900033,327,13,314
120900034,32,1404,-1372
120900035,31,352,-321
120900037,38,6,32
120900038,23,59,-36
120900039,27,14,13
120900040,67,2,65
120900041,87,28,59
120900042,71,62,9
120900043,4,4,0
120900044,4,722,-718
120900045,134,298,-164
120900046,91,1,90
120900047,37,17,20
120900048,25,7,18
120900049,86,1,85
120900050,5803,717,5086
120900051,137,171,-34
120900052,121,2,119
120900053,70,84,-14
120900054,1237,1049,188
120900055,61,0,61
120900056,124,0,124
120900057,40,9,31
120900058,133,0,133
120900059,17,2,15
120900060,14,46,-32
120900061,197,442,-245
120900062,42,0,42
120900063,109,1,108
120900064,108,0,108
120900065,70,10,60
120900066,50,373,-323
120900067,113,35,78
120900068,50,0,50
120900069,65,131,-66
120900071,5,0,5
120900072,159,3,156
120900073,102,415,-313
120900074,186,6,180
120900076,48,0,48
120900077,5815,312,5503
120900078,260,1067,-807
120900079,149,144,5
120900080,140,3700,-3560
120900081,167,2636,-2469
120900082,668,206,462
120900083,82,52,30
120900084,94,135,-41
120900085,106,68,38
120900086,189,153,36
120900087,160,44,116
120900088,169,159,10
120900089,7266,917,6349
120900090,31,217,-186
120900091,326,145,181
120900092,478,1090,-612
120900093,6707,404,6303
120900094,517,402,115
120900095,96,21,75
120900096,16,117,-101
120900097,597,1877,-1280
120900098,344,252,92
120900099,53,101,-48
120900100,70,528,-458
120900101,335,425,-90
120900102,21,172,-151
120900103,23,177,-154
120900104,19,97,-78
120900105,29,1361,-1332
120900106,1390,909,481
120900107,497,263,234
120900108,4,1482,-1478
120900109,18,1209,-1191
120900110,5,581,-576
120900111,113,449,-336
120900112,12,2382,-2370
120900113,8,1454,-1446
120900114,17,337,-320
120900115,113,89,24
120900116,70,969,-899
120900117,7,811,-804
120900118,10,1379,-1369
120900119,5304,3278,2026
120900120,48,1197,-1149
120900121,62,576,-514
120900122,64,1064,-1000
120900123,1,846,-845
120900124,3,1025,-1022
120900125,6,1619,-1613
120900126,1212,974,238
120900127,6,921,-915
120900128,979,1104,-125
120900129,48,701,-653
120900130,1,399,-398
120900131,14,84,-70
120900132,225,595,-370
120900133,182,1840,-1658
120900134,150,721,-571
120900135,5,1151,-1146
120900136,19,23,-4
120900137,38,202,-164
120900138,14,360,-346
120900139,7,1277,-1270
120900140,1,62,-61
120900141,62,145,-83
120900142,19,1352,-1333
120900143,7,1736,-1729
120900144,0,393,-393
120900145,37,1193,-1156
120900146,2,1646,-1644
120900147,2,343,-341
120900148,49,84,-35
120900149,3,612,-609
120900150,33,832,-799
120900151,1,896,-895
120900152,0,55,-55
120900153,3,111,-108
120900154,1,379,-378
120900155,64,1514,-1450
120900156,13,577,-564
120900157,28,277,-249
120900158,10,745,-735
120900159,16,370,-354
120900160,14,554,-540
120900161,7,1938,-1931
120900162,8,1739,-1731
120900163,4,110,-106
120900164,0,0,0
120900165,0,3,-3
120900166,18,86,-68
120900167,80,92,-12
120900169,35,751,-716
120900170,3678,1065,2613
120900171,1686,403,1283
120900172,1792,82,1710
120900173,0,57,-57
120900174,7,165,-158
120900175,458,279,179
120900176,6,186,-180
120900177,1,308,-307
120900178,0,246,-246
120900179,629,521,108
120900180,100,58,42
120900181,57,98,-41
120900182,29,321,-292
120900183,449,100,349
120900184,114,102,12
120900185,2,487,-485
120900186,1,809,-808
120900187,158,480,-322
120900188,40,8,32
120900189,109,238,-129
120900190,10,20,-10
120900191,2,36,-34
120900192,20140,1714,18426
120900194,39,134,-95
120900195,102,486,-384
120900196,333,53,280
120900197,267,35,232
120900198,195,908,-713
120900199,194,1763,-1569
120900200,99,47,52
120900201,996,265,731
120900202,4,391,-387
120900203,7,52,-45
120900204,283,566,-283
120900205,59,129,-70
120900206,4,6,-2
121000001,1163,1299,-136
121000002,1680,1104,576
121000003,5631,2754,2877
121000004,2944,2660,284
121000005,2514,3067,-553
121000006,3055,1377,1678
121000007,3915,3308,607
121000008,4923,2985,1938
121000009,13723,5427,8296
121000010,15880,4011,11869
121000011,22260,9948,12312
121000012,27877,6988,20889
121000013,7327,6264,1063
121000014,9040,6799,2241
121000015,5114,5683,-569
121000016,5529,4250,1279
121000017,1834,4840,-3006
121000018,2178,2150,28
121000019,21059,8363,12696
121000020,12454,6685,5769
121000021,2786,4250,-1464
121000022,1746,1554,192
121000023,6125,4576,1549
121000024,3230,3087,143
121000025,979,766,213
121000026,283,119,164
121000027,1552,1059,493
121000028,874,539,335
121000029,695,951,-256
121000030,70,93,-23
121000031,771,719,52
121000032,189,103,86
121000034,99,120,-21
121000035,86,54,32
121000036,661,905,-244
121000037,390,681,-291
121000038,609,499,110
121000039,373,672,-299
121000041,298,826,-528
121000042,235,265,-30
121000043,1234,833,401
121000044,2542,653,1889
121000045,272,494,-222
121000046,243,806,-563
121000047,26,187,-161
121000049,2396,1228,1168
121000050,264,1042,-778
121000051,447,558,-111
121000052,185,564,-379
121000053,336,43,293
121000054,36,171,-135
121000055,2709,1010,1699
121000056,1071,1046,25
121000057,153,366,-213
121000058,481,106,375
121000059,2291,1212,1079
121000060,470,583,-113
121000061,44,122,-78
121000062,105,155,-50
121000063,639,499,140
121000064,308,426,-118
121000065,573,466,107
121000066,348,341,7
121000067,1084,270,814
121000068,406,441,-35
121000069,1783,221,1562
121000070,1539,1886,-347
121000071,854,822,32
121000072,1644,1203,441
121000073,810,848,-38
121000074,109,105,4
121000075,133,31,102
121000076,2210,329,1881
121000077,165,46,119
121000078,134,83,51
121000080,3451,741,2710
121000081,2915,1549,1366
121000082,145,268,-123
121000083,274,146,128
121000084,212,109,103
121000085,594,635,-41
121000086,142,908,-766
121000087,89,234,-145
121000088,361,849,-488
121000089,819,239,580
121000090,322,362,-40
121000091,2960,575,2385
121000092,154,122,32
121000093,154,255,-101
121000094,543,471,72
121000095,256,816,-560
121000096,3165,2223,942
121000097,2378,1469,909
121000098,236,1680,-1444
121000099,221,1012,-791
121000100,225,951,-726
121000101,107,288,-181
121000102,88,727,-639
121000103,55,392,-337
121000104,66,294,-228
121000105,214,486,-272
121000106,116,430,-314
121000107,2643,5056,-2413
121000109,1912,1088,824
121000110,268,395,-127
121000114,2697,2650,47
121000115,804,700,104
121000116,533,783,-250
121000117,1503,267,1236
121000118,1134,466,668
121000119,159,515,-356
121000120,202,565,-363
121000121,477,1221,-744
121000123,2108,806,1302
121000126,133,280,-147
121000127,185,135,50
121000128,289,941,-652
121000129,389,585,-196
121000130,329,1492,-1163
121000131,2249,990,1259
121000132,1138,1130,8
121000135,743,474,269
121000136,1176,471,705
121000137,527,208,319
121000138,793,422,371
121000139,543,73,470
121000141,159,122,37
121000142,1120,474,646
121000143,163,21,142
121000144,999,934,65
121000145,307,1577,-1270
121000146,855,893,-38
121000147,547,539,8
121000148,714,1219,-505
121000149,1456,1156,300
121000152,345,832,-487
121000153,2288,717,1571
121000154,678,557,121
121000155,922,1070,-148
121000156,374,882,-508
121000157,1855,2169,-314
121000158,365,666,-301
121000159,186,847,-661
121000160,328,1012,-684
121000161,55,549,-494
121000162,27,475,-448
121000165,2726,1502,1224
121000166,24,304,-280
121000168,144,302,-158
121000169,24,273,-249
121000170,114,46,68
121000171,54,189,-135
121000172,341,424,-83
121000173,1239,691,548
121000174,147,421,-274
121000175,406,597,-191
121000176,358,224,134
121000177,408,424,-16
121000178,55,59,-4
121000179,96,83,13
121000181,326,372,-46
121000182,51,149,-98
121000183,21,55,-34
121000184,41,65,-24
121000185,10,157,-147
121000186,105,280,-175
121000187,130,430,-300
121000188,51,407,-356
121000192,603,419,184
121000193,538,438,100
121000194,2855,2571,284
121000195,434,1056,-622
121000196,423,163,260
121000197,197,1013,-816
121000198,96,56,40
121000199,74,778,-704
121000200,150,75,75
121000201,3,323,-320
121000202,40,6,34
121000203,400,3365,-2965
121000204,820,634,186
121000205,79,435,-356
121000206,93,39,54
121000207,678,498,180
121000208,5,570,-565
121000209,85,662,-577
121000210,129,727,-598
121000211,56,122,-66
121000212,215,912,-697
121000213,11141,2895,8246
121000214,830,1031,-201
121000215,1616,818,798
121000216,422,331,91
121000217,3882,2064,1818
121000218,401,2325,-1924
121000219,1044,333,711
121000220,308,76,232
121000221,143,251,-108
121000222,2763,2972,-209
121000223,541,321,220
121000224,487,93,394
121000225,1075,824,251
121000226,1676,552,1124
121000227,6,258,-252
121000228,17,1238,-1221
121000229,78,665,-587
121000230,68,2512,-2444
121000231,138,5,133
121000232,516,174,342
121000233,315,332,-17
121000234,6,54,-48
121000235,31,10,21
121000236,1,50,-49
121000237,5,4,1
121000238,0,88,-88
121000239,13,3,10
121000240,2,153,-151
121000241,57,10,47
121000242,7,133,-126
121000243,89,15,74
121000244,0,89,-89
121000245,13,2,11
121000246,0,80,-80
121000247,9,2,7
121000248,244,377,-133
121000249,31,265,-234
121000250,134,92,42
121000251,23,772,-749
121000252,44,53,-9
121000253,89,716,-627
121000254,254,272,-18
121000255,171,125,46
121000256,222,179,43
121000257,22,90,-68
121000258,26,72,-46
121000259,7,39,-32
121000260,28,195,-167
121000261,14,42,-28
121000262,1819,583,1236
121000263,286,523,-237
121000271,311,1754,-1443
121000273,70,8,62
121000274,4,53,-49
121000275,2,19,-17
121000276,1,25,-24
121000278,2,66,-64
121000279,32,17,15
121000280,24,33,-9
121000289,62,19,43
121000290,1064,719,345
121000294,34,251,-217
121000297,913,693,220
121000299,124,210,-86
121000300,1002,518,484
121000302,82,521,-439
121000303,451,316,135
121000304,347,45,302
121000305,97,58,39
121000306,57,114,-57
121000308,166,501,-335
121000309,405,836,-431
121000310,63,614,-551
121000311,111,1013,-902
121000312,364,151,213
121000313,837,632,205
121000314,113,62,51
121000315,46,63,-17
121000530,639,1609,-970
121000531,850,1750,-900
121000532,5758,4106,1652
121000533,2132,2397,-265
121000918,6,318,-312
121000919,9,59,-50
121000938,214,186,28
121000939,308,60,248
121000956,408,1639,-1231
121000957,2,7,-5
121000958,81,69,12
121000959,242,1503,-1261
121000960,589,3089,-2500
121000961,87,12,75
121000962,226,620,-394
121000973,1,271,-270
121000976,29,157,-128
121000979,112,63,49
121000981,175,35,140
121000982,186,266,-80
121000983,138,499,-361
121000984,34,19,15
121000985,176,849,-673
121000986,50,548,-498
121000987,181,2339,-2158
121000988,316,118,198
121001302,379,105,274
121001308,7,6,1
121001309,84,176,-92
121001313,69,586,-517
121001314,5450,4779,671
121001315,4573,1764,2809
121900001,57,170,-113
121900002,52,15,37
121900003,225,9,216
121900004,71,454,-383
121900005,8,1,7
121900006,31,10,21
121900007,2193,2107,86
121900008,4346,119,4227
121900009,461,14,447
121900010,196,1,195
121900011,386,624,-238
121900012,1,0,1
121900013,559,12,547
121900014,979,406,573
121900015,92,201,-109
121900016,5,22,-17
121900017,188,501,-313
121900018,256,12,244
121900019,122,263,-141
121900020,25,1,24
121900021,362,19,343
121900022,149,160,-11
121900023,43,439,-396
121900024,429,45,384
121900025,380,288,92
121900026,229,47,182
121900027,202,87,115
121900028,191,6,185
121900029,56,161,-105
121900030,299,437,-138
121900031,909,2181,-1272
121900032,104,87,17
121900033,153,117,36
121900034,96,66,30
121900035,3054,1320,1734
121900036,49,413,-364
121900037,107,739,-632
121900038,11,106,-95
121900039,243,17,226
121900040,28,80,-52
121900041,40,155,-115
121900042,149,108,41
121900043,0,1,-1
121900044,411,28,383
121900045,222,329,-107
121900046,314,143,171
121900047,66,68,-2
121900048,9,133,-124
121900050,4,35,-31
121900051,63,151,-88
121900052,55,42,13
121900053,178,151,27
121900054,499,947,-448
121900055,1,18,-17
121900058,46,290,-244
121900059,172,94,78
121900060,49,318,-269
121900061,172,129,43
121900062,58,34,24
121900063,278,205,73
121900064,107,1002,-895
121900066,35,38,-3
121900067,0,13,-13
121900069,266,253,13
121900070,100,100,0
121900071,47,238,-191
121900072,33,177,-144
121900073,89,164,-75
121900074,530,381,149
121900075,263,201,62
121900076,212,793,-581
121900077,4,77,-73
121900078,14,46,-32
121900079,0,0,0
121900080,500,503,-3
121900082,12,118,-106
121900083,146,286,-140
121900084,3,294,-291
121900085,0,31,-31
121900086,2,55,-53
121900087,262,80,182
121900088,3972,2065,1907
121900089,23,484,-461
121900090,10,158,-148
121900091,19,157,-138
121900092,86,129,-43
121900093,50,39,11
121900094,8,2,6
121900095,110,97,13
121900096,1833,394,1439
121900097,161,142,19
121900098,3,4,-1
121900099,40,111,-71
121900100,66,128,-62
121900101,119,74,45
121900102,0,118,-118
121900103,589,158,431
121900104,808,246,562
121900105,45,47,-2
121900106,1,5,-4
121900107,9,47,-38
121900108,0,0,0
121900109,270,104,166
121900110,146,1581,-1435
121900111,660,108,552
121900112,54,57,-3
121900113,24,98,-74
121900114,3,0,3
121900115,82,288,-206
121900117,113,30,83
121900118,3101,272,2829
121900119,60,153,-93
121900120,17,1390,-1373
121900121,361,77,284
121900122,11,12,-1
121900123,237,346,-109
121900124,97,182,-85
121900125,946,976,-30
121900127,17,74,-57
121900128,61,197,-136
121900129,1963,82,1881
121900130,117,249,-132
121900131,117,95,22
121900132,19,227,-208
121900133,28,42,-14
121900134,8,132,-124
121900135,3055,310,2745
121900136,50,530,-480
121900137,40,276,-236
121900138,56,271,-215
121900139,352,390,-38
121900140,30,153,-123
121900141,22,24,-2
121900142,41,115,-74
121900143,5,189,-184
121900144,310,391,-81
121900145,90,159,-69
121900146,456,886,-430
121900147,40,275,-235
121900148,97,243,-146
121900149,257,894,-637
121900150,59,259,-200
121900151,72,239,-167
121900152,74,151,-77
121900153,47,533,-486
121900154,4,131,-127
121900155,1,76,-75
121900156,140,135,5
121900157,2,508,-506
121900158,46,91,-45
121900159,2,203,-201
121900160,6,283,-277
121900161,473,300,173
121900162,82,95,-13
121900163,47,904,-857
121900164,221,235,-14
121900165,87,198,-111
121900166,65,188,-123
121900167,71,55,16
121900168,218,103,115
121900169,7,382,-375
121900170,16,173,-157
121900171,386,548,-162
121900172,172,351,-179
121900173,653,138,515
121900174,6,63,-57
121900175,47,138,-91
121900176,453,2142,-1689
121900177,140,44,96
121900178,2,3,-1
121900179,148,125,23
121900180,7877,2476,5401
121900182,248,362,-114
121900183,345,274,71
121900184,26,797,-771
121900185,76,151,-75
121900186,7,454,-447
121900187,11,96,-85
121900188,652,310,342
121900189,21,185,-164
121900190,165,455,-290
121900191,49,61,-12
121900192,736,460,276
121900193,4,41,-37
121900194,2,138,-136
121900195,108,126,-18
121900196,536,1101,-565
121900197,304,2501,-2197
121900198,1242,835,407
121900199,1,19,-18
121900200,62,155,-93
121900201,972,578,394
121900202,126,371,-245
121900203,288,657,-369
121900204,1141,529,612
121900205,31,331,-300
121900206,1,4,-3
121900207,232,34,198
121900208,76,235,-159
121900209,23,21,2
121900210,610,896,-286
121900211,3,209,-206
121900212,94,131,-37
121900213,10,90,-80
121900214,4,361,-357
121900215,17,114,-97
121900216,22,51,-29
121900217,199,54,145
121900218,266,387,-121
121900219,170,76,94
121900220,105,2,103
121900221,220,597,-377
121900222,29,241,-212
121900223,76,84,-8
121900224,21,68,-47
121900225,54,35,19
121900226,250,3019,-2769
121900227,87,372,-285
121900228,149,211,-62
121900229,165,266,-101
121900230,63,81,-18
121900231,697,233,464
121900232,236,313,-77
121900233,300,327,-27
121900234,110,462,-352
121900235,166,277,-111
121900236,264,113,151
121900237,179,196,-17
121900238,122,179,-57
121900239,101,63,38
121900240,135,138,-3
121900241,9,75,-66
121900242,0,0,0
121900243,0,0,0
121900244,1,1,0
121900245,151,179,-28
121900246,907,453,454
121900247,227,356,-129
121900248,1153,577,576
121900250,271,233,38
121900251,214,8,206
121900252,960,109,851
121900253,136,828,-692
121900254,530,264,266
121900255,89,76,13
121900258,2288,1207,1081
121900259,468,344,124
121900260,45,226,-181
121900261,90,457,-367
121900262,347,648,-301
121900263,46,264,-218
121900264,3007,1226,1781
121900265,183,438,-255
121900266,106,282,-176
121900267,10,12,-2
121900269,107,233,-126
121900270,5,184,-179
121900271,9,186,-177
121900273,380,855,-475
121900274,59,245,-186
121900276,188,82,106
121900277,187,1838,-1651
121900278,32,931,-899
121900279,61,314,-253
121900280,61,335,-274
121900281,1151,54,1097
121900284,44,4,40
121900286,30,239,-209
121900287,9,16,-7
121900290,129,233,-104
121900291,326,450,-124
121900292,84,93,-9
121900293,882,3501,-2619
121900294,284,2,282
121900295,67,347,-280
121900296,24,14,10
121900298,138,308,-170
121900299,0,0,0
121900300,0,0,0
121900301,35,0,35
121900302,1,68,-67
121900303,150,414,-264
121900304,0,1,-1
121900305,2,1,1
121900306,13,1,12
121900307,8,38,-30
121900308,4,401,-397
121900309,5,355,-350
121900310,21,675,-654
121900311,93,14,79
121900312,64,4,60
121900313,130,27,103
121900314,4,99,-95
121900315,0,0,0
121900316,0,12,-12
121900317,0,0,0
121900318,0,19,-19
121900319,6,7,-1
121900320,58,92,-34
121900321,0,2,-2
121900322,0,50,-50
121900323,8,4,4
121900324,0,20,-20
121900325,0,2,-2
121900326,0,37,-37
121900327,0,36,-36
121900328,0,27,-27
121900329,2,179,-177
121900330,2,34,-32
121900331,244,22,222
121900332,31,13,18
122000001,2691,2695,-4
122000002,5576,1399,4177
122000003,2376,1402,974
122000004,2637,1103,1534
122000005,2622,698,1924
122000006,2192,321,1871
122000007,1111,844,267
122000008,7062,3166,3896
122000009,706,187,519
122000010,2419,2501,-82
122000011,4012,779,3233
122000012,1138,1001,137
122000013,1701,1030,671
122000014,1217,1483,-266
122000015,1218,937,281
122000016,308,865,-557
122000017,1118,962,156
122000018,1070,1166,-96
122000019,556,1605,-1049
122000020,193,132,61
122000021,790,341,449
122000022,1256,1680,-424
122000023,420,3592,-3172
122000024,1094,911,183
122000025,1603,988,615
122000026,2467,757,1710
122000027,532,3586,-3054
122000028,674,313,361
122000029,418,279,139
122000030,454,100,354
122000031,113,139,-26
122000032,1128,2376,-1248
122000033,789,588,201
122000034,672,522,150
122000035,312,664,-352
122000036,435,630,-195
122000037,424,343,81
122000038,301,470,-169
122000039,504,514,-10
122000040,421,219,202
122000041,395,449,-54
122000042,209,316,-107
122000043,121,117,4
122000044,156,162,-6
122000045,1100,496,604
122000046,457,900,-443
122000047,236,189,47
122000048,3441,3065,376
122000049,5202,2304,2898
122000050,1351,493,858
122000051,278,223,55
122000052,425,148,277
122000053,96,350,-254
122000054,1976,2033,-57
122000055,1777,2004,-227
122000056,4161,2768,1393
122000057,3416,2125,1291
122000058,3918,1051,2867
122000059,3343,1292,2051
122000060,1101,428,673
122000061,558,166,392
122000062,1075,225,850
122000063,665,335,330
122000064,3399,2955,444
122000065,5595,3188,2407
122000066,1101,1126,-25
122000067,1125,1181,-56
122000068,779,1360,-581
122000069,589,936,-347
122000070,422,3000,-2578
122000071,711,1796,-1085
122000072,296,295,1
122000073,303,378,-75
122000074,1251,1374,-123
122000075,345,1149,-804
122000076,1072,1048,24
122000077,1163,480,683
122000078,2875,1511,1364
122000079,1105,656,449
122000080,564,293,271
122000081,125,196,-71
122000082,1677,768,909
122000083,1110,3818,-2708
122000084,752,726,26
122000085,201,2735,-2534
122000086,2226,2922,-696
122000087,416,129,287
122000088,452,192,260
122000089,6830,3696,3134
122000090,286,306,-20
122000091,286,68,218
122000092,130,10,120
122000093,1548,1123,425
122000094,8258,1569,6689
122000095,4220,1208,3012
122000096,3181,916,2265
122000098,3275,1483,1792
122000099,1893,815,1078
122000100,1642,804,838
122000101,176,1399,-1223
122000102,1804,1325,479
122000103,1176,1556,-380
122000104,225,214,11
122000105,249,283,-34
122000106,699,423,276
122000107,727,474,253
122000108,358,986,-628
122000109,215,204,11
122000110,281,560,-279
122000111,3058,1433,1625
122000112,616,1592,-976
122000113,347,837,-490
122000114,2723,1648,1075
122000115,2031,1158,873
122000116,535,872,-337
122000117,1012,499,513
122000118,371,839,-468
122000119,3725,1870,1855
122000120,7746,3049,4697
122000121,9334,2856,6478
122000122,961,2016,-1055
122000123,5730,1629,4101
122000124,2433,728,1705
122000125,433,734,-301
122000126,1461,904,557
122000127,3787,1050,2737
122000128,974,1554,-580
122000129,254,310,-56
122000130,3698,361,3337
122000131,4483,451,4032
122000132,1571,707,864
122000133,1186,2931,-1745
122000134,514,553,-39
122000135,808,1472,-664
122000136,335,162,173
122000137,791,631,160
122000139,1343,3299,-1956
122000140,1220,520,700
122000141,7196,1023,6173
122000142,503,567,-64
122000143,1267,231,1036
122000144,4478,981,3497
122000145,1920,895,1025
122000146,989,1137,-148
122000147,1113,532,581
122000148,2466,1414,1052
122000149,2683,1378,1305
122000150,1786,1067,719
122000151,474,437,37
122000152,837,402,435
122000153,792,364,428
122000154,624,204,420
122000155,2910,2144,766
122000156,2815,1915,900
122000157,2053,1337,716
122000158,289,579,-290
122000159,2898,2010,888
122000160,14012,762,13250
122000161,2538,981,1557
122000162,2417,2278,139
122000163,404,58,346
122000164,27,58,-31
122000165,956,655,301
122000166,751,786,-35
122000167,161,203,-42
122000168,261,427,-166
122000169,414,186,228
122000170,233,330,-97
122000171,32,62,-30
122000172,1457,1448,9
122000173,1738,1921,-183
122000174,1415,752,663
122000175,1100,406,694
122000176,280,561,-281
122000177,1802,1336,466
122000178,3166,1872,1294
122000179,2603,2151,452
122000180,1969,850,1119
122000181,3094,2018,1076
122000182,4534,782,3752
122000183,2319,773,1546
122000184,5534,1500,4034
122000185,1396,1136,260
122000186,592,711,-119
122000187,1227,2100,-873
122000188,759,237,522
122000189,310,315,-5
122000190,834,1386,-552
122000191,1178,469,709
122000192,855,347,508
122000193,345,796,-451
122000194,602,241,361
122000195,99,414,-315
122000196,845,584,261
122000197,597,726,-129
122000198,519,1118,-599
122000199,338,357,-19
122000200,1142,480,662
122000201,1280,1607,-327
122000202,924,1235,-311
122000203,3998,1497,2501
122000204,2053,1958,95
122000205,1510,1065,445
122000206,2648,1377,1271
122000207,1227,1947,-720
122000208,1860,2089,-229
122000209,1859,361,1498
122000210,1157,2624,-1467
122000211,971,1664,-693
122000212,498,671,-173
122000213,841,1227,-386
122000214,1505,2154,-649
122000215,1605,1383,222
122000217,1892,1623,269
122000218,431,47,384
122000219,1870,1354,516
122000220,289,1067,-778
122000221,126,487,-361
122000222,536,106,430
122000223,728,680,48
122000225,645,583,62
122000226,1012,2540,-1528
122000227,308,1898,-1590
122000228,332,605,-273
122000229,19,467,-448
122000230,77,1504,-1427
122000231,144,867,-723
122000232,771,492,279
122000233,0,64,-64
122000234,61,226,-165
122000235,279,396,-117
122000236,330,400,-70
122000237,50,70,-20
122000238,68,160,-92
122000239,322,106,216
122000240,585,316,269
122000241,65,142,-77
122000242,345,84,261
122000243,19,30,-11
122000244,7,340,-333
122000245,14,242,-228
122000246,4,50,-46
122000247,687,802,-115
122000248,1251,3518,-2267
122000249,174,544,-370
122000250,1260,389,871
122000251,312,383,-71
122000252,677,87,590
122000253,23,432,-409
122000254,110,103,7
122000255,576,2808,-2232
122000256,375,2179,-1804
122000257,174,615,-441
122000258,70,234,-164
122000259,14,1035,-1021
122000260,9,153,-144
122000261,5,194,-189
122000262,0,88,-88
122000263,51,178,-127
122000264,348,662,-314
122000265,1378,894,484
122000266,3739,611,3128
122000267,63,168,-105
122000268,81,565,-484
122000269,490,349,141
122000270,484,129,355
122000271,325,1323,-998
122000272,298,1526,-1228
122000273,231,620,-389
122000274,55,265,-210
122000275,21,171,-150
122000276,242,697,-455
122000277,570,1371,-801
122000278,577,1189,-612
122000279,112,1290,-1178
122000280,737,1485,-748
122000281,353,1274,-921
122000282,98,291,-193
122000283,256,73,183
122000284,69,122,-53
122000285,236,135,101
122000286,91,250,-159
122000287,646,1250,-604
122000288,228,231,-3
122000291,568,297,271
122000293,353,598,-245
122000294,66,90,-24
122000295,858,118,740
122000296,42,493,-451
122000297,3967,1771,2196
122000299,282,494,-212
122000300,346,545,-199
122000301,18276,2267,16009
122000302,762,488,274
122000303,5237,1313,3924
122000304,6,213,-207
122000305,739,319,420
122000306,31,1012,-981
122000307,118,99,19
122000309,22,73,-51
122000310,1,22,-21
122000311,24,42,-18
122000312,25,24,1
122000313,6,31,-25
122000314,47,205,-158
122000315,88,17,71
122000316,200,218,-18
122000317,580,203,377
122000318,111,325,-214
122000319,244,696,-452
122000320,318,3125,-2807
122000321,29,393,-364
122000322,2877,1669,1208
122000323,1707,1080,627
122000324,1371,952,419
122000325,842,892,-50
122000326,8,220,-212
122000327,136,388,-252
122000328,2872,1664,1208
122000330,2616,717,1899
122000332,193,377,-184
122000333,10,223,-213
122000337,603,4204,-3601
122000338,182,981,-799
122000340,345,242,103
122000342,2235,1718,517
122000343,272,427,-155
122000344,18,19,-1
122000345,26,79,-53
122000346,216,48,168
122000348,298,892,-594
122000349,133,578,-445
122000351,22,255,-233
122000352,482,52,430
122000353,22,152,-130
122000355,118,131,-13
122000356,1804,1055,749
122000357,15,12,3
122000358,2,135,-133
122000359,0,92,-92
122000360,1,100,-99
122000362,15,138,-123
122000364,72,623,-551
122000365,1,27,-26
122000366,5,2,3
122000368,399,1055,-656
122000370,12,170,-158
122000371,1,0,1
122000372,4,0,4
122000381,36,432,-396
122000382,50,368,-318
122000384,3871,1944,1927
122000385,15,1,14
122000386,336,756,-420
122000387,382,615,-233
122000388,1553,379,1174
122000389,207,974,-767
122000390,394,221,173
122000391,199,62,137
122000392,250,408,-158
122000393,15,276,-261
122000394,199,394,-195
122000395,90,196,-106
122000396,163,129,34
122000397,20,120,-100
122000398,3,34,-31
122000399,50,108,-58
122000400,143,408,-265
122000401,119,148,-29
122000402,63,70,-7
122000403,284,1629,-1345
122000404,60,348,-288
122000408,574,1093,-519
122000503,5,64,-59
122000524,211,125,86
122000544,24,1231,-1207
122000616,1495,11,1484
122000640,31,323,-292
122000641,21,688,-667
122000642,747,1620,-873
122000643,6,66,-60
122000644,161,31,130
122000645,85,159,-74
122000651,1657,600,1057
122000664,191,39,152
122000665,1041,608,433
122000666,506,1315,-809
122000673,17,575,-558
122000674,92,66,26
122000675,970,1634,-664
122000686,165,1803,-1638
122000687,198,398,-200
122000688,164,1119,-955
122000689,252,827,-575
122000690,331,1006,-675
122000691,227,3413,-3186
122000692,579,477,102
122000693,371,2448,-2077
122000695,193,802,-609
122000696,119,525,-406
122000698,85,1554,-1469
122000699,151,144,7
122000701,664,381,283
122000702,402,2451,-2049
122000703,149,32,117
122000717,225,78,147
122000718,373,233,140
122000719,28,60,-32
122000720,65,350,-285
122900001,7,0,7
122900002,1012,1239,-227
122900003,125,34,91
122900004,467,12,455
122900005,51,47,4
122900006,465,287,178
122900007,113,7,106
122900008,489,57,432
122900009,1241,236,1005
122900010,137,136,1
122900012,336,377,-41
122900014,156,400,-244
122900015,2641,266,2375
122900016,22,478,-456
122900017,583,1109,-526
122900018,138,7,131
122900019,11,149,-138
122900020,390,546,-156
122900021,43,579,-536
122900022,277,1005,-728
122900023,171,382,-211
122900024,150,71,79
122900025,11,187,-176
122900026,240,468,-228
122900027,43,763,-720
122900028,281,935,-654
122900029,5138,1253,3885
122900030,1634,437,1197
122900031,88,123,-35
122900032,147,182,-35
122900033,116,168,-52
122900034,4203,3169,1034
122900035,5,11,-6
122900036,30,106,-76
122900037,291,176,115
122900038,132,1518,-1386
122900039,141,278,-137
122900040,115,446,-331
122900041,160,254,-94
122900042,109,342,-233
122900043,205,189,16
122900044,107,397,-290
122900045,41,98,-57
122900046,114,92,22
122900047,115,96,19
122900048,23,137,-114
122900049,1767,130,1637
122900051,83,98,-15
122900052,16,67,-51
122900053,18,14,4
122900055,148,112,36
122900057,171,22,149
122900061,474,106,368
122900062,228,390,-162
122900063,69,567,-498
122900064,839,878,-39
122900065,159,112,47
122900066,269,218,51
122900067,1996,1052,944
122900068,237,487,-250
122900069,152,739,-587
122900070,114,43,71
122900071,56,746,-690
122900072,17,735,-718
122900073,37,262,-225
122900074,140,1017,-877
122900075,0,73,-73
122900076,5,228,-223
122900077,1,277,-276
122900078,59,280,-221
122900080,58,21,37
122900081,126,119,7
122900082,403,155,248
122900083,106,85,21
122900084,6,176,-170
122900086,1,17,-16
122900087,89,834,-745
122900088,83,55,28
122900089,7,129,-122
122900090,25,902,-877
122900091,61,0,61
122900092,2,294,-292
122900093,0,495,-495
122900094,6,383,-377
122900095,61,2,59
122900096,46,522,-476
122900097,19,4,15
122900098,120,109,11
122900099,2,5,-3
122900100,171,136,35
122900101,803,127,676
123000001,2339,382,1957
123000002,6897,1888,5009
123000003,3968,2195,1773
123000004,3866,5306,-1440
123000005,2297,2222,75
123000006,3517,3551,-34
123000007,2046,1751,295
123000008,2288,3270,-982
123000009,4477,3208,1269
123000010,5020,4445,575
123000011,2782,1195,1587
123000012,1122,2887,-1765
123000013,3694,1105,2589
123000014,1542,4283,-2741
123000015,4727,633,4094
123000016,8864,3081,5783
123000017,3476,1420,2056
123000018,31,81,-50
123000019,83,488,-405
123000020,59,188,-129
123000021,25,145,-120
123000022,404,656,-252
123000023,1220,1317,-97
123000024,719,523,196
123000025,2,75,-73
123000026,0,64,-64
123000027,125,403,-278
123000028,321,255,66
123000029,600,426,174
123000030,54,1201,-1147
123000031,100,651,-551
123000032,156,447,-291
123000033,115,78,37
123000034,466,496,-30
123000035,177,289,-112
123000036,187,437,-250
123000037,171,673,-502
123000038,87,194,-107
123000039,889,958,-69
123000040,1260,649,611
123000041,802,437,365
123000042,690,727,-37
123000043,4718,3869,849
123000044,8053,2313,5740
123000045,15109,1649,13460
123000046,969,866,103
123000047,3721,1049,2672
123000048,70,165,-95
123000049,8994,3825,5169
123000050,732,1133,-401
123000051,121,100,21
123000052,601,1802,-1201
123000053,3103,2386,717
123000054,1166,1111,55
123000055,903,1035,-132
123000056,1023,2462,-1439
123000057,24140,5314,18826
123000058,547,654,-107
123000059,329,459,-130
123000060,656,467,189
123000061,123,819,-696
123000063,915,640,275
123000064,846,268,578
123000065,10635,4380,6255
123000066,1314,1059,255
123000067,296,606,-310
123000068,3536,4495,-959
123000069,14019,5742,8277
123000070,315,838,-523
123000071,506,1407,-901
123000072,737,2396,-1659
123000073,723,980,-257
123000074,1012,3060,-2048
123000075,412,728,-316
123000076,447,2083,-1636
123000077,1735,4839,-3104
123000078,805,1886,-1081
123000079,733,2480,-1747
123000080,1674,3813,-2139
123000081,162,956,-794
123000082,379,1555,-1176
123000083,793,103,690
123000084,196,850,-654
123000085,90,181,-91
123000086,163,554,-391
123000087,128,666,-538
123000088,762,1953,-1191
123000089,302,1538,-1236
123000090,1048,1551,-503
123000091,1692,1357,335
123000092,958,1097,-139
123000094,367,318,49
123000095,265,699,-434
123000096,153,625,-472
123000097,200,1259,-1059
123000098,205,563,-358
123000099,330,621,-291
123000100,342,493,-151
123000101,609,354,255
123000102,486,483,3
123000104,366,369,-3
123000105,531,583,-52
123000106,551,295,256
123000107,516,564,-48
123000108,1259,1536,-277
123000111,429,241,188
123000112,461,758,-297
123000113,577,2488,-1911
123000114,463,292,171
123000115,174,305,-131
123000116,16,169,-153
123000117,1709,3342,-1633
123000118,408,1287,-879
123000119,174,1358,-1184
123000120,363,1275,-912
123000121,360,730,-370
123000122,343,336,7
123000123,470,541,-71
123000124,509,467,42
123000125,860,668,192
123000126,2525,1534,991
123000127,2091,948,1143
123000128,310,482,-172
123000129,292,269,23
123000130,276,75,201
123000131,487,429,58
123000132,539,659,-120
123000133,644,443,201
123000134,850,194,656
123000135,1135,1585,-450
123000136,173,1923,-1750
123000137,94,642,-548
123000138,102,725,-623
123000139,307,96,211
123000140,197,1056,-859
123000141,1036,97,939
123000142,867,1307,-440
123000143,1103,3320,-2217
123000144,22,8,14
123000145,184,109,75
123000146,73,86,-13
123000147,55,117,-62
123000149,391,364,27
123000150,295,243,52
123000151,336,560,-224
123000152,48,413,-365
123000153,152,370,-218
123000154,2115,1330,785
123000155,2669,897,1772
123000156,51,87,-36
123000157,615,1162,-547
123000158,1115,384,731
123000159,3242,1760,1482
123000160,616,356,260
123000161,1050,718,332
123000162,313,1297,-984
123000163,158,40,118
123000164,602,216,386
123000165,357,2853,-2496
123000166,20,197,-177
123000167,55,356,-301
123000168,213,474,-261
123000169,299,70,229
123000170,20,904,-884
123000171,93,245,-152
123000172,283,977,-694
123000173,653,78,575
123000174,638,178,460
123000175,1313,2054,-741
123000176,907,107,800
123000177,446,1556,-1110
123000178,365,72,293
123000179,22,1133,-1111
123000180,985,284,701
123000181,348,2135,-1787
123000182,78,795,-717
123000183,143,138,5
123000184,68,1067,-999
123000185,220,357,-137
123000186,8,948,-940
123000187,299,3,296
123000188,72,0,72
123000189,110,257,-147
123000190,19,86,-67
123000192,8,520,-512
123000193,41,848,-807
123000194,496,302,194
123000195,277,4,273
123000196,114,6,108
123000197,25,148,-123
123000198,3,232,-229
123000199,2,633,-631
123000200,163,1,162
123000201,422,20,402
123000202,29,1909,-1880
123000203,366,26,340
123000204,67,1827,-1760
123000205,337,3032,-2695
123000206,830,67,763
123000207,54,1353,-1299
123000208,137,51,86
123000209,892,178,714
123000210,457,2033,-1576
123000211,732,4197,-3465
123000212,1091,237,854
123000213,246,44,202
123000215,95,65,30
123000216,251,314,-63
123000217,161,36,125
123000218,137,357,-220
123000219,1223,31,1192
123000220,310,39,271
123000221,120,252,-132
123000222,229,991,-762
123000223,135,944,-809
123000224,421,798,-377
123000225,161,84,77
123000226,81,618,-537
123000227,69,531,-462
123000228,113,56,57
123000229,1214,2435,-1221
123000232,102,761,-659
123000233,367,157,210
123000234,165,983,-818
123000235,159,323,-164
123000236,134,1397,-1263
123000237,143,46,97
123000238,58,953,-895
123000239,530,3285,-2755
123000240,32,210,-178
123000241,1236,141,1095
123000242,88,243,-155
123000243,369,1224,-855
123000244,792,565,227
123000245,60,159,-99
123000249,395,549,-154
123000252,473,169,304
123000253,363,275,88
123000254,487,1680,-1193
123000255,656,748,-92
123000256,27,325,-298
123000257,4256,3613,643
123000258,968,1857,-889
123000259,66,407,-341
123000260,231,866,-635
123000261,71,383,-312
123000262,62,335,-273
123000263,217,157,60
123000264,125,49,76
123000265,52,204,-152
123000266,453,891,-438
123000267,218,305,-87
123000268,14,70,-56
123000269,18,47,-29
123000270,4,33,-29
123000271,59,94,-35
123000272,780,179,601
123000273,141,370,-229
123000274,704,328,376
123000275,281,1584,-1303
123000278,4030,2748,1282
123000279,30,112,-82
123000280,194,413,-219
123000281,195,99,96
123000282,67,302,-235
123000283,45,36,9
123000284,54,167,-113
123000286,458,247,211
123000287,709,238,471
123000288,578,347,231
123000289,392,445,-53
123000291,471,1090,-619
123000294,184,244,-60
123000295,652,1069,-417
123000296,186,511,-325
123000297,50,188,-138
123000298,38,154,-116
123000299,6,49,-43
123000300,455,708,-253
123000301,56,140,-84
123000302,80,228,-148
123000303,37,109,-72
123000305,1152,897,255
123000306,29,404,-375
123000309,29,71,-42
123000310,46,27,19
123000311,0,190,-190
123000312,582,1377,-795
123000313,123,301,-178
123000315,68,515,-447
123000316,1581,43,1538
123000317,207,29,178
123000318,28,311,-283
123000329,17,25,-8
123000337,87,303,-216
123000338,304,36,268
123000339,48,580,-532
123000340,195,590,-395
123000342,4,4,0
123000343,28,1,27
123000344,1033,598,435
123000345,505,906,-401
123000346,94,94,0
123000352,2988,879,2109
123000353,13,163,-150
123000354,123,10,113
123000355,1,467,-466
123000356,70,6,64
123000357,1,362,-361
123000359,3,305,-302
123000360,96,5,91
123000361,612,303,309
123000362,106,145,-39
123000363,54,437,-383
123000364,455,169,286
123000365,28,237,-209
123000366,234,1256,-1022
123000367,222,1389,-1167
123000370,33,437,-404
123000371,56,3,53
123000372,105,10,95
123000373,12,517,-505
123000374,2,263,-261
123000375,156,9,147
123000376,499,516,-17
123000377,196,23,173
123000378,6,761,-755
123000379,2,293,-291
123000380,64,224,-160
123000381,89,22,67
123000382,1092,29,1063
123000383,235,808,-573
123000384,439,95,344
123000385,586,651,-65
123000436,38,994,-956
123000507,109,335,-226
123000508,50,329,-279
123000517,308,21,287
123000518,54,271,-217
123000519,73,71,2
123000520,47,231,-184
123000521,290,100,190
123000522,160,710,-550
123000541,0,0,0
123000542,0,58,-58
123000565,135,19,116
123000566,37,1151,-1114
123000567,87,369,-282
123000573,29,1662,-1633
123000574,481,80,401
123000575,1296,1850,-554
123000576,655,2093,-1438
123000577,72,427,-355
123000578,823,176,647
123000579,7271,2338,4933
123000580,53,27,26
123000582,153,21,132
123000583,6,711,-705
123000584,129,207,-78
123000585,0,159,-159
123000586,20,0,20
123000596,117,130,-13
123000597,14,107,-93
123000602,7,0,7
123000603,186,738,-552
123000604,249,1814,-1565
123000605,525,96,429
123000606,2,163,-161
123000609,13,405,-392
123000610,60,119,-59
123000613,46,149,-103
123000614,302,42,260
123000615,40,188,-148
123000616,335,68,267
123000617,30,695,-665
123000618,53,951,-898
123000619,502,40,462
123000620,9,705,-696
123000622,320,32,288
123000624,151,35,116
123000630,360,393,-33
123000631,198,2509,-2311
123000632,1279,1497,-218
123000633,0,187,-187
123000634,45,16,29
123000635,287,134,153
123000636,25,773,-748
123000637,162,150,12
123000638,386,89,297
123000639,1042,2191,-1149
123000640,50,1093,-1043
123900001,1334,55,1279
123900002,13,727,-714
123900003,479,853,-374
123900005,86,108,-22
123900006,92,39,53
124000001,1368,131,1237
124000002,106,1688,-1582
124000003,329,128,201
124000004,56,1017,-961
124000005,477,176,301
124000006,226,2057,-1831
124000007,714,108,606
124000008,9,439,-430
124000009,153,398,-245
124000010,73,630,-557
124000011,471,392,79
124000012,307,1153,-846
124000017,38,144,-106
124000018,80,179,-99
124000019,45,149,-104
124000020,64,333,-269
124000021,40,81,-41
124000022,135,366,-231
124000023,926,1279,-353
124000024,958,715,243
124000025,763,1199,-436
124000026,1286,1146,140
124000027,5663,2943,2720
124000028,4046,3562,484
124000030,4017,1180,2837
124000031,587,626,-39
124000032,6161,1414,4747
124000033,142,127,15
124000034,2441,601,1840
124000035,21,36,-15
124000036,55,178,-123
124000037,263,205,58
124000038,62,20,42
124000039,2064,244,1820
124000040,893,466,427
124000041,266,75,191
124000042,70,368,-298
124000043,38,74,-36
124000044,22,385,-363
124000045,299,740,-441
124000046,127,851,-724
124000047,611,1115,-504
124000048,413,2543,-2130
124000049,563,708,-145
124000050,366,3430,-3064
124000051,294,579,-285
124000052,237,2075,-1838
124000053,354,688,-334
124000054,590,945,-355
124000055,838,1110,-272
124000056,4989,1523,3466
124000057,464,401,63
124000058,304,1837,-1533
124000059,280,422,-142
124000060,872,1187,-315
124000061,1114,1757,-643
124000062,7437,1841,5596
124000063,1355,1738,-383
124000064,3255,2518,737
124000065,12,127,-115
124000066,146,70,76
124000067,47,305,-258
124000068,3,33,-30
124000069,56,15,41
124000070,22,270,-248
124000071,33,123,-90
124000072,89,730,-641
124000073,426,71,355
124000074,107,1290,-1183
124000075,93,8,85
124000076,4,326,-322
124000077,2144,536,1608
124000078,3567,337,3230
124000079,971,1001,-30
124000080,115,113,2
124000081,138,997,-859
124000082,1,144,-143
124000083,16,235,-219
124000084,21,96,-75
124000085,42,35,7
124000086,99,68,31
124000087,90,56,34
124000088,214,281,-67
124000089,511,691,-180
124000090,50,495,-445
124000091,168,81,87
124000092,26,647,-621
124000093,58,47,11
124000094,169,354,-185
124000095,31,77,-46
124000096,65,476,-411
124000097,20,63,-43
124000098,45,128,-83
124000099,33,109,-76
124000100,13,117,-104
124000101,30,105,-75
124000102,74,112,-38
124000103,27,94,-67
124000104,58,101,-43
124000105,35,34,1
124000106,82,94,-12
124000107,9,97,-88
124000108,40,39,1
124000109,86,48,38
124000110,70,118,-48
124000111,96,117,-21
124000112,326,964,-638
124000113,27,42,-15
124000114,108,717,-609
124000115,353,856,-503
124000116,72,60,12
124000117,83,80,3
124000118,26,51,-25
124000119,804,801,3
124000120,414,517,-103
124000121,1644,507,1137
124000122,529,953,-424
124000123,722,338,384
124000124,514,1080,-566
124000125,420,351,69
124000126,546,636,-90
124000127,700,430,270
124000128,520,1210,-690
124000129,1833,1356,477
124000130,1041,732,309
124000131,947,573,374
124000132,790,813,-23
124000133,443,861,-418
124000134,666,911,-245
124000135,1675,1391,284
124000136,1180,1383,-203
124000137,1474,597,877
124000138,2602,1249,1353
124000139,232,20,212
124000140,15,409,-394
124000141,41,8,33
124000142,10,108,-98
124000143,23,10,13
124000144,6,35,-29
124000145,47,18,29
124000146,22,158,-136
124000148,21,27,-6
124000149,738,271,467
124000150,364,601,-237
124000151,332,106,226
124000152,518,1103,-585
124000153,394,288,106
124000154,413,929,-516
124000155,738,376,362
124000156,969,969,0
124000169,161,346,-185
124000170,829,481,348
124000171,194,266,-72
124000172,408,771,-363
124000173,239,304,-65
124000174,168,1141,-973
124000175,15,227,-212
124000176,9,6,3
124000177,31,66,-35
124000178,31,19,12
124000190,70,22,48
124000191,108,19,89
124000192,1468,313,1155
124000193,395,1438,-1043
124000194,327,736,-409
124000195,208,420,-212
124000196,740,1579,-839
124000197,56,80,-24
124000198,17,28,-11
124000201,203,1206,-1003
124000202,326,79,247
124000203,54,1328,-1274
124000204,267,707,-440
124000205,33,880,-847
124000206,150,445,-295
124000207,2,80,-78
124000209,165,830,-665
124000210,122,335,-213
124000211,178,0,178
124000212,2,805,-803
124000213,117,476,-359
124000214,139,886,-747
124000215,68,6,62
124000216,3,783,-780
124000329,49,3059,-3010
124000338,33,1637,-1604
124000339,218,75,143
124000341,287,35,252
124000344,14,2,12
124000357,746,1086,-340
124000358,769,837,-68
124000359,793,302,491
124000360,366,257,109
124000361,806,643,163
124000362,1685,2321,-636
124000363,327,678,-351
124000364,577,1791,-1214
124000365,783,1424,-641
124000366,2321,1056,1265
124000367,114,822,-708
124000368,128,113,15
124000369,71,73,-2
124000370,76,639,-563
124000402,7,10,-3
124000403,18,7,11
124000404,16,183,-167
124000405,1225,622,603
124000406,1080,1011,69
124000407,3,29,-26
124000411,4,570,-566
124000412,79,10,69
124000413,111,40,71
124000414,22,137,-115
124000415,57,308,-251
124000416,74,468,-394
124000417,123,151,-28
124000418,40,178,-138
124000419,31,252,-221
124000420,12,79,-67
124000421,14,408,-394
124000422,39,16,23
124000423,115,72,43
124000424,2,164,-162
124000425,9,11,-2
124000426,0,75,-75
124000427,20,19,1
124000428,8,38,-30
124000429,39,90,-51
124000430,410,1003,-593
124000431,198,1124,-926
124000432,122,826,-704
124000439,4,6,-2
124000442,13,302,-289
124000443,0,3,-3
124000445,140,88,52
124000446,1565,34,1531
124900001,149,158,-9
124900002,101,780,-679
124900003,191,360,-169
124900004,112,197,-85
124900005,263,301,-38
124900006,144,236,-92
124900008,910,283,627
124900009,78,172,-94
124900010,46,26,20
124900011,201,152,49
124900012,356,87,269
124900013,137,117,20
124900014,64,109,-45
124900015,140,147,-7
124900016,31,59,-28
124900017,853,156,697
124900018,7,0,7
124900019,180,37,143
124900020,43,60,-17
124900021,108,32,76
124900022,36,1,35
124900024,89,4,85
124900026,22,2,20
124900027,43,82,-39
124900028,988,174,814
124900029,1,172,-171
124900030,11,256,-245
124900031,23,631,-608
124900032,238,134,104
124900033,70,593,-523
124900034,10,96,-86
124900035,140,657,-517
124900036,0,39,-39
124900037,115,479,-364
124900038,326,345,-19
124900039,1,28,-27
124900040,26,134,-108
124900041,132,1241,-1109
124900042,16,0,16
124900043,253,1161,-908
124900044,16,2,14
124900045,666,571,95
124900046,3053,273,2780
124900047,95,214,-119
124900048,90,170,-80
124900050,84,231,-147
124900052,105,941,-836
124900053,18,440,-422
124900054,3905,312,3593
124900055,1,117,-116
124900057,4,61,-57
124900060,56,230,-174
124900061,27,6,21
124900062,26,10,16
124900066,0,16,-16
124900067,7,172,-165
124900068,270,374,-104
124900069,175,138,37
124900070,51,33,18
124900072,48,20,28
124900074,85,418,-333
124900075,49,151,-102
124900076,40,172,-132
124900077,25,105,-80
124900078,58,5,53
124900079,767,37,730
124900080,101,667,-566
124900081,204,152,52
124900082,212,981,-769
124900083,104,516,-412
124900084,2610,71,2539
124900085,1362,147,1215
124900086,60,277,-217
124900087,363,44,319
124900088,612,77,535
124900089,1458,24,1434
124900090,114,261,-147
124900091,182,811,-629
124900092,132,690,-558
124900093,106,246,-140
124900094,140,346,-206
124900095,43,387,-344
124900096,806,143,663
124900097,146,61,85
124900098,88,457,-369
124900099,1165,317,848
124900100,191,26,165
124900101,14,337,-323
124900102,106,11,95
124900103,97,309,-212
124900104,30,215,-185
124900105,20,205,-185
124900106,223,21,202
124900107,45,10,35
124900108,84,5,79
124900109,25,76,-51
124900110,61,429,-368
124900111,0,44,-44
124900112,53,1445,-1392
129000186,117,15,102
204000001,6,1,5
204000002,10,11,-1
204000003,4,2,2
204000004,22,2,20
204000005,232,188,44
204000006,625,512,113
204000008,676,230,446
204000011,12,48,-36
204000012,12,84,-72
204000013,2,25,-23
204000019,329,525,-196
204000020,321,720,-399
204000021,1683,714,969
204000022,349,539,-190
204000023,289,1378,-1089
204000031,39,5,34
204000032,449,32,417
204000034,26,560,-534
204000035,1,2,-1
204000036,2,36,-34
204000037,0,13,-13
204000038,1,4,-3
204000039,4,107,-103
204000040,2,68,-66
204000041,3,79,-76
204000042,25,22,3
204000043,3,28,-25
204000044,8,8,0
204000045,17,8,9
204000046,2,9,-7
204000057,1,88,-87
204000062,2,17,-15
204000068,18,100,-82
204000069,11,73,-62
204000070,28,124,-96
204000080,6,52,-46
204000085,903,2538,-1635
204000086,2753,2287,466
204000087,33,26,7
204000088,10,88,-78
204000090,8,662,-654
204000093,219,32,187
204000096,364,438,-74
204000097,199,11,188
204000099,669,1006,-337
204000100,510,788,-278
204000105,2071,1981,90
204000110,498,1333,-835
204000111,236,809,-573
204000112,475,1129,-654
204000113,576,940,-364
204000114,829,345,484
204000115,266,368,-102
204000116,440,449,-9
204000119,1085,1035,50
204000132,205,182,23
204000133,287,204,83
204000134,134,160,-26
204000135,156,122,34
204000136,105,217,-112
204000138,182,139,43
204000140,57,73,-16
204000141,42,29,13
204000144,7,22,-15
204000145,474,31,443
204000146,28,515,-487
204000147,12,86,-74
204000148,499,41,458
204000154,1,1,0
204000155,3,15,-12
204000177,52,55,-3
204000179,10,4,6
204000180,0,38,-38
204000222,0,12,-12
204000235,7,15,-8
204000236,90,383,-293
204000238,58,22,36
204000240,290,86,204
204000308,186,33,153
204000317,16,65,-49
204000322,4,29,-25
204000323,14,12,2
204000328,332,41,291
204000329,36,109,-73
204000330,127,13,114
204000331,22,120,-98
204010341,15,272,-257
205000001,1008,1294,-286
205000013,3,132,-129
205000014,15,190,-175
205000015,20,395,-375
205000016,21,321,-300
205000017,29,124,-95
205000022,229,542,-313
205000025,1622,869,753
205000029,91,13,78
205000045,18,148,-130
205000047,55,494,-439
205000048,99,941,-842
205000049,75,746,-671
205000050,903,263,640
205000059,0,263,-263
205000060,2,42,-40
205000061,0,28,-28
205000062,1,43,-42
205000063,2,54,-52
205000064,16,139,-123
205000065,57,929,-872
205000066,92,897,-805
205000067,57,1219,-1162
205000069,172,23,149
205000082,128,109,19
205000110,30,172,-142
205000111,90,235,-145
205000112,51,119,-68
205000113,261,258,3
205000121,157,33,124
205000123,96,278,-182
205000126,200,62,138
205000127,272,34,238
205000128,271,20,251
205000129,232,33,199
205000130,105,9,96
205000131,66,0,66
205000132,87,1,86
205000133,47,0,47
205000134,37,0,37
205000137,164,188,-24
205000138,367,293,74
205000139,38,82,-44
205000144,46,46,0
205000145,389,96,293
205000151,117,26,91
205000152,56,10,46
205000153,115,16,99
205000154,22,16,6
205000155,43,4,39
205000207,50,158,-108
205000233,2,0,2
205000234,0,2,-2
205000243,0,0,0
205000244,0,5,-5
205000245,24,383,-359
205000249,1,45,-44
205000250,1,1,0
205000251,23,393,-370
205000264,0,162,-162
206000027,17,3,14
206000028,15,1,14
206000043,13,229,-216
206000053,7,19,-12
206000054,6,45,-39
206000055,5,84,-79
206000075,2,4,-2
206000076,18,7,11
206000077,16,7,9
206000078,7,6,1
206000079,28,2,26
206000082,476,19,457
206000100,118,838,-720
206000103,16,27,-11
206000104,16,32,-16
206000105,22,44,-22
206000106,20,49,-29
206000108,702,39,663
206000125,53,0,53
206000157,171,1115,-944
206000170,2,383,-381
206000171,5,339,-334
206000172,9,1567,-1558
206000173,2,521,-519
206000174,2,259,-257
206000175,4,324,-320
206000176,18,701,-683
206000177,6,439,-433
206000178,2,286,-284
206000179,7,205,-198
206000180,21,418,-397
206000181,9,575,-566
206000182,41,525,-484
206000183,62,1965,-1903
206000184,4,748,-744
206000185,17,635,-618
206000186,212,2803,-2591
206000223,5,403,-398
206000226,26,1,25
206000227,15,1,14
206000237,48,790,-742
206000238,82,1052,-970
206000239,974,3655,-2681
206000240,0,49,-49
206000241,0,210,-210
206000242,5,873,-868
206000243,6,739,-733
206000244,84,1611,-1527
206000245,321,59,262
206000246,67,10,57
206000247,34,9,25
206000248,114,30,84
206000252,103,18,85
206000258,20,41,-21
206000315,21,4,17
206000317,200,71,129
206000318,103,13,90
206000319,414,53,361
206000320,36,43,-7
206000321,41,13,28
206000322,171,10,161
206000323,67,3,64
206000324,71,4,67
206000325,152,29,123
206000326,73,14,59
206000327,47,8,39
206000328,64,2,62
206000329,85,26,59
206000330,17,17,0
206000331,38,2,36
206000332,9,3,6
206000333,212,5,207
206000334,134,0,134
206000335,0,38,-38
206000361,4,397,-393
206000392,4,106,-102
206000405,74,0,74
206000441,6,7,-1
206000498,27,5,22
206000515,182,20,162
206000530,58,48,10
206000531,88,88,0
206000532,1717,135,1582
206000535,583,2801,-2218
206000536,19,331,-312
206000537,16,245,-229
206000613,1334,121,1213
207000001,88,425,-337
207000002,66,311,-245
207000003,123,312,-189
207000007,433,270,163
207000008,41,20,21
207000009,64,45,19
207000010,461,701,-240
207000012,218,306,-88
207000015,377,2159,-1782
207000019,191,100,91
207000021,546,115,431
207000022,65,79,-14
207000023,75,49,26
207000024,2,10,-8
207000025,3,54,-51
207000026,80,80,0
207000027,13,94,-81
207000028,42,297,-255
207000029,248,445,-197
207000033,256,150,106
207000034,151,25,126
207000039,155,155,0
207000040,154,177,-23
207000041,41,79,-38
207000042,153,100,53
207000043,102,223,-121
207000051,66,514,-448
207000052,2,239,-237
207000053,471,748,-277
207000054,38,129,-91
207000055,70,264,-194
207000056,269,534,-265
207000057,121,360,-239
207000058,60,621,-561
207000059,33,1028,-995
207000060,17,240,-223
207000061,37,122,-85
207000062,103,37,66
207000063,111,175,-64
207000064,277,389,-112
207000065,265,338,-73
207000066,76,246,-170
207000067,21,183,-162
207000068,60,98,-38
207000069,720,502,218
207000082,40,434,-394
207000083,93,546,-453
207000084,106,169,-63
207000085,122,9,113
207000086,65,4,61
207000106,10,52,-42
207000107,25,34,-9
207000108,25,14,11
207000109,24,16,8
207000110,16,40,-24
207000111,45,45,0
207000112,108,125,-17
207000114,32,19,13
207000115,16,104,-88
207000116,21,192,-171
207000117,3,127,-124
207000118,3,135,-132
207000119,16,185,-169
207000123,283,20,263
207000124,21,21,0
207000125,33,32,1
207000126,50,19,31
207000134,34,331,-297
207000135,22,311,-289
207000148,25,111,-86
207000149,48,31,17
207000152,118,462,-344
207000153,1285,988,297
207000154,324,147,177
207000159,37,625,-588
207000160,60,742,-682
207000238,0,88,-88
207000242,1,179,-178
207000248,47,15,32
207000249,82,63,19
207000250,618,50,568
207000251,89,54,35
207000252,45,65,-20
207000278,34,80,-46
207000279,13,303,-290
207000280,157,61,96
207000281,49,1788,-1739
207000282,76,49,27
207000283,117,244,-127
207000284,37,42,-5
207000285,145,32,113
207000291,12,129,-117
207000304,67,60,7
207000306,45,521,-476
207000310,25,105,-80
207000353,75,2,73
207000356,0,12,-12
207000357,11,6,5
207000415,3,210,-207
207000417,9,2,7
207000437,0,4,-4
207000439,1656,252,1404
207000446,89,0,89
207000460,3,14,-11
207000466,145,221,-76
207000476,2,82,-80
207000477,156,144,12
207000523,0,10,-10
207000524,7,0,7
207000527,68,152,-84
207000530,79,2,77
207000531,65,1,64
207000532,66,5,61
207000534,690,33,657
207000535,41,128,-87
207000537,12,136,-124
207000540,2,179,-177
207000541,1,373,-372
207000548,2,251,-249
207000549,38,11,27
207000561,40,51,-11
207000562,26,157,-131
207000567,138,322,-184
207000568,37,139,-102
207000569,77,1750,-1673
207000584,447,108,339
207000585,47,87,-40
207000616,0,186,-186
207000617,22,1,21
207900008,96,270,-174
208000001,315,465,-150
208000002,244,310,-66
208000003,519,389,130
208000004,535,532,3
208000005,2,17,-15
208000019,342,828,-486
208000020,61,421,-360
208000021,80,567,-487
208000022,434,805,-371
208000028,929,1021,-92
208000033,250,699,-449
208000034,1171,1559,-388
208000040,55,164,-109
208000041,440,562,-122
208000042,522,555,-33
208000047,71,399,-328
208000064,2568,1006,1562
208000066,1139,604,535
208000070,127,421,-294
208000071,165,737,-572
208000072,193,1053,-860
208000080,112,283,-171
208000081,84,173,-89
208000082,125,331,-206
208000083,56,351,-295
208000084,6,15,-9
208000085,600,575,25
208000086,302,951,-649
208000087,209,626,-417
208000089,363,688,-325
208000090,291,1120,-829
208000093,36,119,-83
208000094,286,544,-258
208000095,441,340,101
208000104,464,817,-353
208000105,331,1013,-682
208000114,27,94,-67
208000115,353,288,65
208000116,104,897,-793
208000117,22,105,-83
208000118,15,96,-81
208000155,394,800,-406
208000158,1542,2214,-672
208000186,3316,1149,2167
208000204,223,761,-538
208000205,582,1340,-758
208000282,3612,980,2632
209000004,75,157,-82
209000005,13,45,-32
209000006,252,133,119
209000007,242,156,86
209000010,419,136,283
209000011,96,184,-88
209000012,177,239,-62
209000013,148,764,-616
209000014,684,2127,-1443
209000025,102,30,72
209000026,343,81,262
209000027,306,1366,-1060
209000028,347,1572,-1225
209000029,452,1219,-767
209000030,245,2149,-1904
209000031,4671,3159,1512
209000034,121,160,-39
209000035,66,86,-20
209000036,53,86,-33
209000037,71,165,-94
209000038,45,146,-101
209000039,32,118,-86
209000040,307,502,-195
209000041,172,383,-211
209000042,304,349,-45
209000043,631,460,171
209000044,155,468,-313
209000045,650,296,354
209000046,163,369,-206
209000047,95,132,-37
209000048,177,176,1
209000049,89,130,-41
209000050,126,152,-26
209000051,160,368,-208
209000052,79,429,-350
209000062,19,209,-190
209000063,11,221,-210
209000064,8,195,-187
209000065,18,32,-14
209000066,26,45,-19
209000067,20,69,-49
209000080,30,160,-130
209000082,118,75,43
209000091,31,111,-80
209000093,61,31,30
209000094,114,109,5
209000110,29,51,-22
209000111,640,763,-123
209000112,374,352,22
209000113,736,320,416
209000114,236,260,-24
209000115,77,208,-131
209000116,715,627,88
209000118,5,48,-43
209000119,16,13,3
209000121,89,818,-729
209000135,74,53,21
209000142,773,611,162
209000143,33,97,-64
209000144,39,46,-7
209000229,57,134,-77
209000240,38,537,-499
209000259,83,95,-12
209000260,74,1085,-1011
209000261,6,746,-740
209000262,1,714,-713
209000263,0,148,-148
209000264,0,31,-31
209000265,207,45,162
209000266,40,0,40
209000267,147,2,145
209000268,348,20,328
210000037,47,23,24
210000047,30,45,-15
210000048,36,41,-5
210000049,49,45,4
210000052,34,168,-134
210000053,24,102,-78
210000054,108,102,6
210000070,26,1,25
210000071,38,0,38
210000072,6,0,6
210000073,0,34,-34
210000074,0,92,-92
210000075,1,37,-36
210000076,6,166,-160
210000077,16,24,-8
210000078,44,27,17
210000079,22,12,10
210000080,57,42,15
210000081,90,4,86
210000082,41,1,40
210000083,44,0,44
210000084,14,0,14
210000085,0,124,-124
210000086,2,185,-183
210000099,28,299,-271
210000100,26,264,-238
210000101,79,237,-158
210000105,55,205,-150
210000159,1,155,-154
210000163,260,226,34
210000164,394,80,314
210000168,198,35,163
210000187,0,5,-5
210000188,1,32,-31
210000214,8,0,8
210000219,14,45,-31
210000220,30,118,-88
210000232,0,55,-55
210000233,16,54,-38
210000234,37,138,-101
210000235,30,159,-129
210000245,1,33,-32
210000246,34,2,32
210000258,15,156,-141
210000259,126,24,102
210000282,59,260,-201
210000285,1,111,-110
210000286,12,231,-219
210000295,34,148,-114
210000296,33,51,-18
210000320,98,203,-105
210000321,16,128,-112
210000338,42,126,-84
210000339,864,677,187
210000340,129,156,-27
210000341,92,176,-84
210000342,117,159,-42
210000343,90,173,-83
210000344,198,103,95
210000345,137,103,34
210000346,32,61,-29
210000347,38,20,18
210000348,47,14,33
210000349,43,28,15
210000350,57,99,-42
210000351,51,112,-61
210000352,46,94,-48
210000353,27,136,-109
210000354,28,154,-126
210000355,55,119,-64
210000356,48,83,-35
210000357,29,27,2
210000358,473,123,350
210000359,43,43,0
210000360,142,116,26
210000361,86,150,-64
210000362,178,151,27
210000363,967,112,855
210000364,103,91,12
210000365,74,28,46
210000366,91,38,53
210000367,50,18,32
210000368,104,43,61
210000369,11,20,-9
210000370,38,70,-32
210000372,11,26,-15
210000373,21,13,8
210000374,41,5,36
210000375,23,158,-135
210000376,76,190,-114
210000404,61,158,-97
210000439,18,60,-42
210000472,80,2,78
210000482,110,64,46
210000564,949,94,855
210000568,772,3,769
211000092,4,89,-85
211000094,33,7,26
211000169,110,5,105
211000172,6,214,-208
211000209,0,24,-24
211000275,11,57,-46
211000276,22,42,-20
211000279,4,91,-87
211000281,14,94,-80
211507980,1,29,-28
211977296,3,4,-1
212000003,72,48,24
212000004,39,17,22
212000005,7,20,-13
212000006,11,87,-76
212000008,79,313,-234
212000009,10,212,-202
212000012,21,71,-50
212000013,11,79,-68
212000014,185,224,-39
212000015,159,302,-143
212000016,398,634,-236
212000027,391,455,-64
212000028,215,352,-137
212000029,123,255,-132
212000030,14,27,-13
212000031,34,79,-45
212000048,41,100,-59
212000049,5,88,-83
212000050,15,15,0
212000051,122,216,-94
212000052,101,532,-431
212000053,318,756,-438
212000054,84,174,-90
212000055,96,267,-171
212000056,13,62,-49
212000057,4,47,-43
212000058,315,36,279
212000070,65,417,-352
212000077,77,919,-842
212000099,150,287,-137
212000108,57,171,-114
212000111,111,175,-64
212000120,59,137,-78
212000138,55,24,31
212000156,3,171,-168
212000158,5,19,-14
212000159,133,49,84
212000160,255,213,42
212000161,20,13,7
212000310,29,18,11
212000311,1,83,-82
212000374,15,14,1
213000001,14,820,-806
213000005,473,77,396
213000006,1062,92,970
213000007,47,6,41
213000009,298,149,149
213000010,136,101,35
213000011,141,85,56
213000012,117,536,-419
213000014,7,3,4
213000015,90,4,86
213000016,104,0,104
213000017,8,0,8
213000018,1,282,-281
213000019,0,153,-153
213000020,115,354,-239
213000021,2,121,-119
213000023,143,118,25
213000033,155,691,-536
213000034,284,391,-107
213000035,69,61,8
213000045,56,271,-215
213000046,87,201,-114
213000047,361,663,-302
213000056,21,7,14
213000069,20,0,20
213000073,0,22,-22
213000074,105,573,-468
213000075,401,10,391
213000085,2,52,-50
213000086,17,234,-217
213000091,19,10,9
213000092,5,0,5
213000099,124,879,-755
213000100,1090,115,975
213000101,70,218,-148
213000102,126,545,-419
213000103,544,821,-277
213000104,20,513,-493
213000105,0,35,-35
213000106,8,228,-220
213000107,97,1031,-934
213000108,9,641,-632
213000109,4,326,-322
213000110,2,75,-73
213000111,3,40,-37
213000112,261,132,129
213000115,10,7,3
213000116,70,801,-731
213000117,3,1010,-1007
213000118,155,332,-177
213000119,43,899,-856
213000120,59,941,-882
213000122,175,1078,-903
213000123,702,1451,-749
213000124,67,1970,-1903
213000125,123,6,117
213000126,174,74,100
213000127,236,119,117
213000128,880,405,475
213000129,515,152,363
213000130,265,74,191
213000132,117,59,58
213000133,89,75,14
213000134,317,15,302
213000136,238,9,229
213000137,311,55,256
213000139,159,2,157
213000147,7,0,7
213000148,8,7,1
213000149,32,1,31
213000150,1,63,-62
213000151,1,65,-64
213000152,1,77,-76
213000153,0,29,-29
213000154,10,158,-148
213000155,28,418,-390
213000156,45,555,-510
213000157,455,667,-212
213000158,212,991,-779
213000159,420,593,-173
213000163,357,135,222
213000165,645,118,527
213000171,2,199,-197
213000172,2,391,-389
213000173,1,414,-413
213000174,6,543,-537
213000175,10,459,-449
213000176,45,17,28
213000177,19,2,17
213000178,20,3,17
213000179,94,0,94
213000180,23,1,22
213000184,76,487,-411
213000188,455,67,388
213000189,173,29,144
213000190,943,710,233
213000191,144,627,-483
213000192,51,650,-599
213000193,1582,243,1339
213000194,1,26,-25
213000195,7,425,-418
213000196,71,704,-633
213000197,193,155,38
213000198,11,0,11
213000200,63,1228,-1165
213000201,104,50,54
213000202,13,793,-780
213000203,2461,318,2143
213000204,266,19,247
213000205,120,21,99
213000206,109,12,97
213000207,20,10,10
213000208,8,2,6
213000209,61,0,61
213000210,109,1,108
213000211,0,0,0
213000212,1,36,-35
213000213,0,19,-19
213000218,121,1061,-940
213000219,473,22,451
213000220,291,7,284
213000223,104,51,53
213000224,8,13,-5
213000225,14,1,13
213000226,24,3,21
213000227,387,99,288
213000228,83,38,45
213000229,623,14,609
213000230,106,6,100
213000232,77,225,-148
213000233,0,20,-20
213000234,0,15,-15
213000293,5,41,-36
213000294,25,4,21
213000295,3,69,-66
213000296,47,13,34
213000297,8,71,-63
213000298,9,71,-62
213000299,26,38,-12
213000300,3,6,-3
213000303,1,27,-26
213000304,3,3,0
213000305,2,9,-7
213000306,36,49,-13
213000307,116,97,19
213000308,73,307,-234
213000309,68,45,23
213000310,245,96,149
213000311,302,616,-314
213000315,47,260,-213
213000316,68,40,28
213000322,49,181,-132
213000323,22,101,-79
213000324,36,286,-250
213000325,23,236,-213
213000326,33,116,-83
213000327,23,304,-281
213000328,28,100,-72
213000329,27,167,-140
213000340,88,1031,-943
213000341,130,56,74
213000347,972,88,884
213000348,9,160,-151
213000349,33,7,26
213000350,158,1730,-1572
213000366,14,378,-364
213000367,51,52,-1
213000379,134,145,-11
213000386,5,182,-177
213000406,116,428,-312
213000417,605,256,349
213000425,64,51,13
213000426,70,87,-17
213000427,30,518,-488
213000428,12,338,-326
213000429,6,1,5
213000430,53,1311,-1258
213000431,51,1,50
213000432,1,6,-5
213000433,5,131,-126
213000434,26,134,-108
213000435,68,75,-7
213000436,5,89,-84
213000437,0,100,-100
213000438,51,179,-128
213000439,21,1,20
213000440,4,159,-155
213000441,0,0,0
213000442,4,79,-75
213000443,285,297,-12
213000444,12,172,-160
213000445,0,126,-126
213000446,0,2,-2
213000447,1,12,-11
213000448,0,42,-42
213000449,66,1,65
213000450,32,38,-6
213000451,76,122,-46
213000452,10,17,-7
213000453,55,232,-177
213000455,211,5,206
213000456,1,181,-180
213000481,7,2,5
213000484,66,3,63
213000489,433,13,420
213900002,0,43,-43
213900003,70,20,50
213900013,1,290,-289
213900015,0,7,-7
213900016,1,15,-14
213900020,11,356,-345
213900030,1,79,-78
213900032,157,9,148
213900033,31,29,2
213900034,94,83,11
213900035,97,992,-895
213900036,55,459,-404
213900037,32,688,-656
213900038,136,187,-51
213900039,0,211,-211
213900041,0,35,-35
213900042,202,38,164
213900043,111,146,-35
213900244,3,0,3
213900245,0,61,-61
218000003,3,23,-20
218000004,11,20,-9
218000005,3,17,-14
218000006,32,21,11
218000007,3,15,-12
218000012,185,123,62
218000013,120,175,-55
218000014,927,468,459
218000019,1856,507,1349
218000020,480,438,42
218000021,39,151,-112
218000022,17,65,-48
218000023,2,54,-52
218000024,1,28,-27
218000025,6,49,-43
218000026,8,99,-91
218000027,1,26,-25
218000028,1,17,-16
218000029,0,1,-1
218000030,23,60,-37
218000031,7,100,-93
218000032,1,61,-60
218000039,16,67,-51
218000040,1,3,-2
218000046,22,237,-215
218000047,3,272,-269
218000048,50,311,-261
218000049,98,253,-155
218000050,395,494,-99
218000051,64,489,-425
218000052,12,117,-105
218000053,1,10,-9
218000054,36,42,-6
218000055,1,21,-20
218000056,3,43,-40
218000057,0,57,-57
218000064,3,7,-4
218000065,41,83,-42
218000066,5,116,-111
218000067,39,182,-143
218000068,104,190,-86
218000069,133,366,-233
218000070,168,562,-394
218000071,220,395,-175
218000072,672,395,277
218000078,434,1415,-981
218000079,49,118,-69
218000080,68,146,-78
218000081,285,535,-250
218000082,10,217,-207
218000083,22,101,-79
218000084,117,338,-221
218000085,135,792,-657
218000086,54,369,-315
218000087,252,659,-407
218000090,8,75,-67
218000091,415,240,175
218000092,57,186,-129
218000093,65,161,-96
218000094,183,615,-432
218000099,397,548,-151
218000100,156,454,-298
218000101,152,242,-90
218000102,172,470,-298
218000103,55,266,-211
218000104,49,82,-33
218000105,162,27,135
218000107,33,305,-272
218000108,22,186,-164
218000112,160,127,33
218000117,115,176,-61
218000134,677,1052,-375
218000135,12,129,-117
218000136,162,63,99
218000137,49,185,-136
218000138,26,135,-109
218000139,84,372,-288
218000140,124,110,14
218000141,40,56,-16
218000142,82,169,-87
218000143,17,183,-166
218000144,8,53,-45
218000145,197,652,-455
218000146,41,200,-159
218000151,21,25,-4
218000152,34,60,-26
218000153,3,6,-3
218000154,1,2,-1
218000155,9,10,-1
218000156,31,20,11
218000157,8,18,-10
218000158,1,9,-8
218000159,2,2,0
218000160,1,5,-4
218000161,13,7,6
218000162,14,14,0
218000163,6,10,-4
218000164,19,22,-3
218000165,31,54,-23
218000170,0,28,-28
218000171,33,9,24
218000172,4,15,-11
218000173,74,4,70
218000174,3,8,-5
218000176,89,13,76
218000177,227,55,172
218000178,82,74,8
218000179,40,25,15
218000180,30,6,24
218000181,40,14,26
218000187,2,11,-9
218000188,4,32,-28
218000189,11,73,-62
218000190,2,39,-37
218000191,42,72,-30
218000192,174,698,-524
218000193,549,692,-143
218000194,63,641,-578
218000195,87,158,-71
218000196,180,353,-173
218000197,201,585,-384
218000198,5,188,-183
218000199,12,37,-25
218000200,46,30,16
218000201,11,10,1
218000202,100,120,-20
218000207,6,42,-36
218000208,13,40,-27
218000211,16,5,11
218000212,1,23,-22
218000213,77,55,22
218000214,2,12,-10
218000215,45,144,-99
218000217,2,119,-117
218000218,353,109,244
218000219,13,24,-11
218000220,88,258,-170
218000221,449,156,293
218000222,77,11,66
218000223,30,110,-80
218000224,3,43,-40
218000225,143,21,122
218000226,50,45,5
218000230,0,3,-3
218000232,83,63,20
218000234,16,18,-2
218000239,7,2,5
218000240,0,1,-1
218000241,2,0,2
218000242,1,1,0
218000243,0,0,0
218000244,5,3,2
218000245,6,1,5
218000246,0,0,0
218000247,0,0,0
218000248,0,46,-46
218000249,0,2,-2
218000250,4,17,-13
218000251,1,12,-11
218000252,1,26,-25
218000253,1,9,-8
218000254,0,10,-10
218000255,0,10,-10
218000256,1,48,-47
218000267,307,870,-563
218000268,5,67,-62
218000269,4,20,-16
218000270,19,38,-19
218000271,13,47,-34
218000273,6,6,0
218000274,12,2,10
218000275,5,34,-29
218000276,8,56,-48
218000278,8,31,-23
218000279,4,41,-37
218000280,16,19,-3
218000281,15,10,5
218000282,150,69,81
218000284,102,7,95
218000301,54,141,-87
218000302,44,50,-6
218000303,9,48,-39
218000316,655,1263,-608
218000317,425,1473,-1048
218000318,218,1196,-978
218000319,557,1759,-1202
218000320,480,740,-260
218000338,12,46,-34
218000339,8,29,-21
218000342,13,127,-114
218000343,64,139,-75
218000345,9,30,-21
218000346,2,25,-23
218000353,24,55,-31
218000354,34,148,-114
218000459,61,393,-332
218000490,6,59,-53
218000501,21,34,-13
218000502,35,283,-248
218000503,47,34,13
218000504,117,21,96
218000505,75,351,-276
218000506,88,367,-279
218000508,1,2,-1
218000510,243,29,214
218000520,136,156,-20
218000522,0,142,-142
218000523,36,0,36
218000524,23,85,-62
218000525,89,17,72
218000526,54,93,-39
218000530,5,8,-3
218000531,8,49,-41
218000532,27,86,-59
218000537,1,4,-3
218000538,73,123,-50
218000539,23,112,-89
218000540,215,104,111
218000543,56,77,-21
218000544,28,147,-119
218000545,20,116,-96
218000546,16,149,-133
218000547,47,131,-84
218000548,123,321,-198
218000549,547,110,437
218000550,346,878,-532
218000551,340,156,184
218000552,759,21,738
218000553,7,30,-23
218000554,10,16,-6
218000555,12,39,-27
218000556,26,514,-488
218000557,144,115,29
218000558,36,0,36
218000559,0,37,-37
218000560,0,7,-7
218000561,8,0,8
218000562,11,213,-202
218000563,112,42,70
218000564,1,140,-139
218000565,252,29,223
218000566,186,9,177
218000567,1,71,-70
218000568,4,2,2
218000569,1,36,-35
218000570,65,4,61
218000571,0,81,-81
218000572,28,1,27
218000573,19,21,-2
218000574,74,44,30
218000575,24,1,23
218000576,0,60,-60
218000577,6,1,5
218000578,0,108,-108
218000579,13,1,12
218000581,2,106,-104
218000582,10,2,8
218000583,2,0,2
218000584,0,11,-11
218000585,10,6,4
218000586,8,57,-49
218000587,0,3,-3
218000588,0,1,-1
218000589,0,2,-2
218000590,0,0,0
218000591,0,2,-2
218000592,2,0,2
218000593,0,1,-1
218000594,0,0,0
218000595,0,0,0
218000596,0,0,0
218000597,0,0,0
218000598,0,0,0
218000599,0,0,0
218000600,0,0,0
218000601,0,0,0
218000602,0,1,-1
218000603,0,4,-4
218000604,4,0,4
218000605,0,12,-12
218000606,11,0,11
218000607,17,48,-31
218000608,10,1,9
218000609,1,45,-44
218000610,16,0,16
218000611,2,0,2
218000612,0,49,-49
218000613,5,0,5
218000614,1,52,-51
218000615,11,1,10
218000616,0,166,-166
218000617,2,0,2
218000618,0,43,-43
218000619,13,9,4
218000620,4,30,-26
218000621,0,2,-2
218000622,0,4,-4
218000623,2,1,1
218000624,0,3,-3
218000625,0,0,0
218000626,0,3,-3
218000628,56,26,30
218000632,1,73,-72
218000633,38,2,36
218000634,2,13,-11
218000635,3,7,-4
218000636,647,1727,-1080
218000637,500,723,-223
218000638,61,38,23
218000639,31,348,-317
218000640,116,41,75
218000641,19,577,-558
218000652,124,136,-12
218000653,130,57,73
218000675,7,8,-1
218000676,3,40,-37
218000677,6,30,-24
218000703,7,82,-75
218000718,1331,310,1021
218000719,1525,62,1463
218000720,1,19,-18
218000721,22,7,15
218000725,2,12,-10
218001214,11,27,-16
219000001,36,99,-63
219000002,42,103,-61
219000003,54,38,16
219000004,43,70,-27
219000017,66,19,47
219000020,50,13,37
219000022,85,1,84
219000023,70,3,67
219000029,0,138,-138
219000034,5,7,-2
219000039,32,69,-37
219000040,15,11,4
219000041,71,32,39
219000051,0,87,-87
219000052,0,37,-37
219000053,2,255,-253
219000054,272,360,-88
219000055,37,1,36
219000056,1,0,1
219000057,22,0,22
219000062,4,300,-296
219000063,36,7,29
219000110,212,43,169
219000111,169,31,138
219000112,136,64,72
219000113,72,53,19
219000114,490,34,456
219000116,48,33,15
219000117,173,121,52
219000118,72,87,-15
219000123,383,134,249
219000124,65,53,12
219000125,14,21,-7
219000126,52,118,-66
219000127,0,7,-7
219000128,19,96,-77
219000129,34,140,-106
219000130,1363,720,643
219000131,1074,884,190
219000133,62,26,36
219000134,6,18,-12
219000135,54,55,-1
219000136,65,119,-54
219000138,66,22,44
219000139,16,68,-52
219000140,7,0,7
219000141,16,161,-145
219000142,22,134,-112
219000143,16,158,-142
219000145,16,50,-34
219000146,7,103,-96
219000147,0,78,-78
219000148,1,80,-79
219000149,28,325,-297
219000150,2,223,-221
219000151,5,161,-156
219000157,77,214,-137
219000158,96,211,-115
219000161,107,6,101
219000163,1687,385,1302
219000166,66,199,-133
219000167,63,282,-219
219000168,573,78,495
219000174,191,108,83
219000175,41,2,39
219000176,56,5,51
219000177,10,4,6
219000178,10,0,10
219000179,8,17,-9
219000180,49,32,17
219000182,64,7,57
219000183,18,88,-70
219000184,41,5,36
219000185,0,175,-175
219000186,11,121,-110
219000187,13,203,-190
219000189,141,157,-16
219000190,180,184,-4
219000191,2362,760,1602
219000192,90,111,-21
219000193,544,154,390
219000195,2,93,-91
219000196,8,136,-128
219000198,59,224,-165
219000199,118,236,-118
219000200,18,232,-214
219000201,109,256,-147
219000203,19,140,-121
219000204,106,190,-84
219000205,24,251,-227
219000207,213,229,-16
219000209,8,149,-141
219000210,24,131,-107
219000213,6,332,-326
219000239,151,252,-101
219000240,159,382,-223
219000241,82,285,-203
219000242,48,175,-127
219000243,50,257,-207
219000244,11,94,-83
219000245,23,17,6
219000246,11,2,9
219000247,30,24,6
219000248,281,139,142
219000249,82,19,63
219000250,48,47,1
219000251,335,131,204
219000252,54,58,-4
219000253,59,23,36
219000255,31,38,-7
219000256,78,82,-4
219000257,32,0,32
219000262,68,331,-263
219000263,38,303,-265
219000267,2,159,-157
219000268,1,6,-5
219000269,5,0,5
219000270,4,0,4
219000271,30,1,29
219000278,0,10,-10
219000279,0,7,-7
219000283,0,4,-4
219000295,10,131,-121
219000296,83,732,-649
219000297,23,220,-197
219000298,14,334,-320
219000299,514,43,471
219000300,32,410,-378
219000301,147,432,-285
219000302,25,270,-245
219000307,30,85,-55
219000308,34,42,-8
219000311,69,46,23
219000312,196,36,160
219000313,103,40,63
219000314,150,767,-617
219000315,83,27,56
219000316,201,15,186
219000317,23,9,14
219000320,0,59,-59
219000321,0,25,-25
219000323,3,108,-105
219000325,0,74,-74
219000326,70,192,-122
219000327,40,48,-8
219000328,22,65,-43
219000329,297,83,214
219000330,31,33,-2
219000331,38,39,-1
219000332,36,75,-39
219000333,1,5,-4
219000335,43,0,43
219000337,3,0,3
219000338,20,2,18
219000344,32,138,-106
219000345,120,223,-103
219000346,18,292,-274
219000348,75,206,-131
219000349,35,327,-292
219000350,26,51,-25
219000351,0,3,-3
219000352,212,58,154
219000353,75,37,38
219000354,134,126,8
219000355,109,46,63
219000356,1991,312,1679
219000363,255,23,232
219000364,60,20,40
219000365,84,11,73
219000366,269,93,176
219000368,402,323,79
219000370,1235,168,1067
219000371,9,7,2
219000382,5,15,-10
219000383,744,662,82
219000385,663,471,192
219000386,1348,1292,56
219000387,1,5,-4
219000390,3,1,2
219000391,0,0,0
219000397,86,164,-78
219000398,83,26,57
219000401,3,105,-102
219000402,10,128,-118
219000403,21,102,-81
219000404,12,71,-59
219000409,10,23,-13
219000410,17,6,11
219000411,13,3,10
219000446,251,513,-262
219000447,6,32,-26
219000448,11,3,8
219000452,96,74,22
219000453,39,104,-65
219000454,295,207,88
219000556,63,32,31
219000558,46,367,-321
219000590,15,234,-219
219000591,20,22,-2
219000592,96,544,-448
219000595,4,41,-37
219000635,52,17,35
219000636,17,147,-130
219000657,48,16,32
219000658,18,40,-22
219000673,0,1,-1
219000676,1,1,0
219000679,10,10,0
219000684,36,5,31
219000685,0,123,-123
219000686,14,0,14
219000688,0,146,-146
219000689,111,263,-152
219000690,176,17,159
219000693,0,33,-33
219000694,38,0,38
219000695,7,1,6
219000698,4,0,4
219000699,0,12,-12
219000727,7,174,-167
219000728,35,1,34
219000770,10,1,9
219000771,1,57,-56
219001150,1,9,-8
219001151,0,4,-4
220000001,7,30,-23
220000002,1,198,-197
220000003,320,338,-18
220000004,710,871,-161
220000005,1877,1546,331
220000006,104,927,-823
220000007,209,909,-700
220000008,187,1297,-1110
220000009,95,585,-490
220000010,71,198,-127
220000011,637,1825,-1188
220000012,51,175,-124
220000014,19,63,-44
220000015,19,121,-102
220000017,19,377,-358
220000018,5474,564,4910
220000019,39,213,-174
220000020,124,244,-120
220000021,304,119,185
220000022,311,545,-234
220000023,145,129,16
220000024,1643,244,1399
220000025,1374,372,1002
220000026,174,159,15
220000027,20,89,-69
220000028,17,38,-21
220000029,42,197,-155
220000030,49,82,-33
220000031,156,293,-137
220000064,11,1285,-1274
221000046,2,0,2
221000047,0,0,0
221000048,0,0,0
221000049,0,14,-14
221000050,7,0,7
221000055,22,53,-31
221000057,37,5,32
221000068,288,81,207
221000069,208,44,164
221000070,124,31,93
221000071,43,7,36
221000072,113,25,88
221000073,178,50,128
221000074,0,13,-13
221000075,24,18,6
221000076,6,43,-37
221000077,28,113,-85
221000081,34,3,31
221000082,32,6,26
221000083,60,1,59
221000084,2,1,1
221000085,13,86,-73
221000086,8,138,-130
221000087,7,220,-213
221000088,19,188,-169
221000089,35,269,-234
221000090,163,450,-287
221000098,156,22,134
221000099,168,16,152
221000100,48,9,39
221000101,236,18,218
221000102,97,3,94
221000109,4,101,-97
221000110,15,197,-182
221000111,20,190,-170
221000112,15,158,-143
221000113,37,230,-193
221000114,30,199,-169
221000120,6,40,-34
221000121,1,8,-7
221000122,10,11,-1
221000123,1,3,-2
221000124,16,457,-441
221000155,73,2,71
221000156,1,21,-20
221000175,0,5,-5
221000176,0,3,-3
221000182,13,4,9
221000241,550,153,397
221000242,341,294,47
221000243,384,101,283
221000244,269,408,-139
221000245,33,93,-60
221000246,23,212,-189
221000247,21,152,-131
221000248,39,138,-99
221000267,30,801,-771
221000325,43,69,-26
221000331,4,111,-107
221000338,8,23,-15
221000378,43,24,19
221000381,36,75,-39
222000282,2,0,2
222000296,3,22,-19
222000568,170,13,157
222000569,83,14,69
222000570,43,4,39
222000571,63,6,57
222000577,9,258,-249
222000578,15,190,-175
222000579,48,119,-71
222000580,173,966,-793
222000599,3,200,-197
222000600,1,283,-282
222000601,5,825,-820
222000603,20,17,3
222000604,1,18,-17
222000605,9,15,-6
222000606,0,7,-7
222000607,0,2,-2
222000608,0,10,-10
222000609,33,394,-361
222000616,76,23,53
222000617,1,2,-1
222000618,1,0,1
222000620,15,5,10
222000621,14,9,5
222000623,391,8,383
222000624,99,0,99
222000625,230,58,172
222000636,41,0,41
222000686,9,9,0
222000687,7,20,-13
222001066,155,0,155
222001067,5,12,-7
222001068,9,44,-35
222001069,8,33,-25
222001082,4,75,-71
222001083,2,91,-89
222001084,0,16,-16
222001085,2,225,-223
222001111,10,243,-233
222001112,19,18,1
222001313,4,1,3
222001314,4,96,-92
222001464,9,40,-31
222001465,24,112,-88
222001484,43,40,3
222001485,18,83,-65
222001494,81,118,-37
222001495,95,600,-505
222001496,88,50,38
222001497,48,767,-719
222001502,24,159,-135
222001503,6,16,-10
222001504,24,276,-252
222001505,38,5,33
222001506,49,222,-173
222001507,43,2,41
222001510,41,8,33
222001511,32,506,-474
222001514,196,28,168
222001515,294,769,-475
222001518,43,8,35
222001519,46,543,-497
222001527,28,19,9
222001528,37,183,-146
222001529,38,7,31
222001530,35,284,-249
222001533,119,621,-502
222001534,35,8,27
222001535,30,128,-98
222001536,64,511,-447
222001537,58,7,51
222001538,85,568,-483
222001563,59,28,31
222001564,32,1078,-1046
222001568,126,74,52
222001576,0,0,0
222001579,0,2,-2
222001583,20,354,-334
222001584,38,14,24
222001596,526,1915,-1389
222001597,719,131,588
222001626,1,189,-188
222001650,77,73,4
222001651,47,186,-139
222001914,24,6,18
222001915,71,214,-143
222900004,367,166,201
222900009,500,955,-455
222900019,62,198,-136
222900024,4,28,-24
222900025,0,40,-40
225000001,356,58,298
225000002,184,52,132
225000003,182,69,113
225000004,116,174,-58
225000005,11,46,-35
225000006,0,100,-100
225000007,3215,965,2250
225000010,46,3,43
225000011,351,473,-122
225000012,82,234,-152
225000013,48,121,-73
225000014,407,35,372
225000015,89,257,-168
225000021,322,97,225
225000027,279,443,-164
225000032,459,61,398
225000042,73,643,-570
225000049,16,62,-46
225000050,40,9,31
225000053,1,154,-153
225000058,236,90,146
225000067,166,228,-62
225000068,73,517,-444
225000069,173,491,-318
225000070,64,455,-391
225000071,10,293,-283
225000075,19,871,-852
225000076,61,83,-22
225000078,42,24,18
225000085,11,75,-64
225000086,59,39,20
225000087,98,12,86
225000088,15,142,-127
225000089,370,436,-66
225000090,15,309,-294
225000091,44,263,-219
225000092,14,77,-63
225000093,96,386,-290
225000094,12,478,-466
225000095,236,565,-329
225000096,67,386,-319
225000098,249,121,128
225000099,133,78,55
225000100,93,90,3
225000104,41,428,-387
225000110,6,514,-508
225000111,152,1285,-1133
225000112,173,973,-800
225000113,87,589,-502
225000114,35,338,-303
225000115,3215,537,2678
225000116,1003,40,963
225000117,387,216,171
225000118,437,123,314
225000119,89,46,43
225000120,310,33,277
225000121,139,19,120
225000123,911,9,902
225000125,95,253,-158
225000126,652,151,501
225000127,812,417,395
225000128,247,310,-63
225000132,103,18,85
225000133,147,15,132
225000134,541,64,477
225000135,31,8,23
225000136,64,9,55
225000137,53,40,13
225000138,179,15,164
225000143,51,138,-87
225000144,0,305,-305
225000145,8,26,-18
225000146,19,127,-108
225000147,5,430,-425
225000148,3,268,-265
225000149,36,454,-418
225000151,51,319,-268
225000155,133,334,-201
225000156,103,554,-451
225000157,105,346,-241
225000158,21,453,-432
225000171,3,205,-202
225000180,0,0,0
225000181,0,38,-38
225000182,14,3,11
225000185,2,324,-322
225000187,64,544,-480
225000191,16,0,16
225000194,0,3,-3
225000208,0,62,-62
225000209,13,11,2
225000210,5,168,-163
225000217,0,9,-9
225000218,3,1,2
225000223,0,26,-26
225000224,30,0,30
225000225,1,5,-4
225000226,14,0,14
225000227,24,50,-26
225000228,3,0,3
225000229,0,67,-67
225000230,0,0,0
225000231,0,110,-110
225000232,34,0,34
225000241,16,0,16
225000242,1,33,-32
225000249,1,0,1
225000250,39,1025,-986
225000251,172,20,152
225000254,1,0,1
225000256,1,1,0
225000257,0,4,-4
226000042,376,349,27
226000043,90,230,-140
226000044,53,698,-645
226000045,36,487,-451
226000046,130,39,91
226000047,138,37,101
226000048,196,29,167
226000049,110,33,77
226000070,3,67,-64
226000071,0,80,-80
226000072,0,7,-7
226000073,0,7,-7
226000074,0,13,-13
226000084,0,53,-53
226000085,0,2,-2
226000086,0,5,-5
226000087,0,18,-18
226000088,80,8,72
226000090,113,11,102
226000091,6,1,5
226000092,1,0,1
226000093,3,0,3
226000094,3,0,3
226000095,2,0,2
226000105,1,0,1
226000106,2,0,2
226000107,3,0,3
226000108,3,0,3
226000109,22,1,21
226000124,121,35,86
226000134,262,270,-8
226000135,605,361,244
226000136,172,240,-68
226000137,14,311,-297
226000138,3,153,-150
226000139,0,44,-44
226000156,41,1,40
226000157,72,1,71
226000163,31,31,0
226000202,6,438,-432
226000231,54,1,53
226000232,10,3,7
227000033,193,35,158
227000036,130,12,118
227000037,76,11,65
227000038,80,15,65
227000084,0,31,-31
227000085,0,30,-30
227000088,12,0,12
227000089,70,1,69
227000090,16,2,14
227000091,4,0,4
227000092,12,1,11
227000093,19,0,19
227000094,1,2,-1
227000130,19,68,-49
227000131,5,336,-331
227000132,23,294,-271
227000133,10,335,-325
227000134,10,511,-501
227000152,0,1,-1
227000153,0,37,-37
227000154,0,25,-25
227000155,3,29,-26
227000156,0,11,-11
227000165,2,23,-21
227000196,160,551,-391
227000199,84,718,-634
227000230,38,660,-622
227000232,121,17,104
227000242,76,527,-451
227000243,371,46,325
227000245,26,431,-405
227000246,77,602,-525
227000247,116,64,52
227000248,25,14,11
227000249,7,282,-275
227000250,176,70,106
227000251,123,244,-121
227000252,18,449,-431
227000253,30,16,14
227000262,155,13,142
227000266,291,26,265
227000267,35,2453,-2418
227000282,10,358,-348
227000284,121,6,115
227000286,5,120,-115
227000291,30,703,-673
227000296,698,208,490
227000484,189,19,170
227000485,18,545,-527
227000655,42,11,31
227000656,572,10,562
227000657,14,15,-1
229000265,0,4,-4
229000266,0,0,0
229000267,2,0,2
229000268,7,2,5
229000269,7,0,7
229000274,0,10,-10
229000275,2,17,-15
229000276,0,16,-16
229000277,0,1,-1
229000278,0,8,-8
229000295,1,32,-31
229000296,2,4,-2
229000297,4,43,-39
229000298,5,78,-73
229000320,11,5,6
229000321,0,4,-4
229000412,2,68,-66
229000414,2,54,-52
229000415,9,1,8
229000416,0,5,-5
229000417,0,7,-7
229000419,78,202,-124
229000440,142,71,71
229000442,5,4,1
229000443,0,1,-1
229000444,3,33,-30
229000445,16,25,-9
229000446,18,0,18
229000491,3,53,-50
229000492,23,153,-130
229000493,2,160,-158
229000494,29,11,18
229000495,107,21,86
229000496,33,20,13
229000507,1,26,-25
229000508,1,29,-28
229000509,1,46,-45
229000510,2,32,-30
229000511,1,75,-74
229000512,2,54,-52
229000513,0,4,-4
229000514,0,5,-5
229000517,0,18,-18
229000518,3,40,-37
229000519,0,11,-11
229000520,5,52,-47
229000521,27,20,7
229000522,2,11,-9
229000523,2,17,-15
229000524,2,16,-14
229000527,1,0,1
229000528,0,0,0
229000529,1,0,1
229000530,37,23,14
229000531,9,13,-4
229000532,21,7,14
229000533,78,2,76
229000534,61,0,61
229000564,30,1,29
229000565,9,1,8
229000566,0,31,-31
229000567,1,108,-107
229000582,287,3,284
229000583,5,6,-1
229000584,3,62,-59
229000585,1,47,-46
229000718,0,8,-8
229000719,0,2,-2
229000720,0,27,-27
229000721,0,20,-20
229000722,1,34,-33
229000723,1,29,-28
229000724,0,2,-2
229000725,0,7,-7
229000738,1,0,1
229000739,0,0,0
229000740,1,1,0
229000741,22,0,22
229000742,7,0,7
229000743,15,1,14
229000744,0,0,0
229000745,1,0,1
229000746,8,0,8
229000847,18,1,17
229000848,9,0,9
229000849,78,1,77
229000851,8,0,8
229000854,0,86,-86
229000856,7,185,-178
229000857,0,74,-74
229000858,0,154,-154
229000919,3,125,-122
229000930,7,200,-193
229000937,73,29,44
229000966,27,25,2
229000981,26,65,-39
229000985,6,11,-5
229000986,0,6,-6
229000987,0,0,0
229000988,1,4,-3
229000989,2,8,-6
229000990,0,0,0
229000991,0,1,-1
229000992,2,6,-4
229000993,91,10,81
229000998,19,30,-11
229000999,44,9,35
229001034,0,15,-15
229001035,0,3,-3
229001036,1,30,-29
229001037,20,4,16
229001038,0,1,-1
229001039,1,0,1
229001040,0,28,-28
229001041,51,0,51
229001042,6,16,-10
229001047,2,35,-33
229001050,36,12,24
229001168,0,9,-9
229001200,0,3,-3
229001338,0,22,-22
229001394,373,3,370
229001422,112,38,74
229001423,31,215,-184
229001431,61,36,25
229001432,48,86,-38
229001444,97,36,61
229001445,15,153,-138
229001479,4,9,-5
229001503,127,114,13
229001504,69,238,-169
229001505,56,96,-40
229001506,24,235,-211
229001509,31,11,20
229001510,3,28,-25
229001545,58,10,48
229001546,3,139,-136
229001553,34,19,15
229001554,12,117,-105
229001630,39,9,30
229001631,13,25,-12
229001635,0,7,-7
229001636,0,0,0
229001658,1,61,-60
229001659,138,2,136
229001660,1,2,-1
229001661,11,19,-8
229001662,10,0,10
229001663,0,16,-16
229002584,58,104,-46
229002831,96,94,2
229002841,3,13,-10
229002842,1,16,-15
229002843,9,13,-4
229002844,6,71,-65
229002845,0,101,-101
229002846,0,4,-4
229002847,2,2,0
229002848,0,2,-2
229002849,0,41,-41
229002850,2,1,1
229002851,6,83,-77
229002852,13,26,-13
229002853,20,12,8
229002854,7,52,-45
229002855,0,66,-66
229002856,6,2,4
229002857,1,85,-84
229002858,1,3,-2
229002859,6,21,-15
229002860,13,2,11
229002861,17,13,4
229002862,6,46,-40
229002863,1,23,-22
229002864,2,21,-19
229002865,1,9,-8
229002866,0,6,-6
229002867,4,13,-9
229002868,2,5,-3
229002869,1,94,-93
229002870,4,1,3
235000067,300,87,213
235000072,103,279,-176
235000080,5,79,-74
235000081,52,168,-116
235000082,35,32,3
235000083,102,74,28
235000084,15,49,-34
235000085,46,51,-5
235000093,0,3,-3
235000097,2,4,-2
235000098,27,16,11
235000115,118,130,-12
235000116,36,23,13
235000117,764,11,753
235000133,13,235,-222
235000134,9,51,-42
235000206,4,1,3
235000207,0,0,0
235000210,0,1,-1
235000212,0,10,-10
235000220,1,1,0
235000221,12,5,7
235000238,5,19,-14
235000239,0,3,-3
235000242,119,152,-33
235000245,856,203,653
235000246,2,53,-51
235000284,4,86,-82
235000295,20,2,18
235000305,22,1,21
235000306,18,0,18
235000307,3,0,3
235000308,2,0,2
235000309,2,0,2
235000310,15,0,15
235000311,15,7,8
235000322,0,36,-36
235000323,0,54,-54
235000324,0,12,-12
235000325,1,7,-6
235000326,6,358,-352
235000351,11,34,-23
235000352,17,66,-49
235000353,3,48,-45
235000354,2,42,-40
235000355,3,90,-87
235000356,7,1,6
235000357,3,0,3
235000358,1,2,-1
235000359,0,6,-6
235000360,11,4,7
235000361,22,5,17
235000381,7,211,-204
235000382,34,32,2
235000390,6,4,2
235000391,33,24,9
235000392,71,145,-74
235000393,73,69,4
235000395,57,34,23
235000396,192,36,156
235000399,36,10,26
235000400,23,28,-5
235000401,21,194,-173
235000402,17,105,-88
235000405,51,405,-354
235000406,13,353,-340
235000407,55,183,-128
235000409,163,220,-57
235000411,1,105,-104
235000485,0,10,-10
235000486,0,0,0
235000549,36,94,-58
235000550,52,245,-193
235000599,45,53,-8
235000600,1,7,-6
235000601,7,21,-14
235000602,29,109,-80
235000614,0,12,-12
235000648,3,27,-24
235000649,20,1,19
235000815,4,45,-41
235000834,0,5,-5
235000855,23,48,-25
235000862,9,233,-224
235000891,0,11,-11
235000892,4,4,0
235000901,26,88,-62
235000907,2,4,-2
235001010,20,78,-58
235001030,443,141,302
235001078,45,84,-39
235001079,43,147,-104
235001147,8,31,-23
235001166,14,51,-37
235001167,14,77,-63
235001169,9,300,-291
235001200,29,25,4
235001239,3,36,-33
235016266,7,9,-2
235016267,0,13,-13
235900013,1,3,-2
235900014,0,3,-3
241900007,29,1,28
277101746,0,10,-10
277102712,2,1,1
277103813,0,0,0
277103814,0,0,0
277103898,0,4,-4
990010990,36,222,-186
990011530,0,294,-294
990014944,3,671,-668
990015176,7,6,1
990015618,0,130,-130
990015888,41,62,-21
990016032,2,402,-400
990032570,1,131,-130
990070001,23,2,21
990070103,0,3,-3
990070601,0,106,-106
990070751,110,0,110
990070766,3,1175,-1172
990071180,156,127,29
990071343,0,1,-1
990071387,1,11,-10
990071823,164,0,164
990072600,0,598,-598
990072964,3,660,-657
990073285,0,0,0
990074393,1,1425,-1424
990074714,19,55,-36
990074870,216,4,212
990075106,153,5,148
990075746,109,1,108
990076437,158,7,151
990076458,1,1589,-1588
997000007,66,4,62
997000041,0,161,-161
997000058,6,0,6
997000062,4,0,4
997000069,0,9,-9
997000070,0,48,-48
997000100,5,0,5
997000141,1,201,-200
997000198,1,47,-46
998000475,0,17,-17
998000736,0,291,-291
998000965,0,4,-4
998001031,0,45,-45
998001072,669,406,263
998001091,0,0,0
998001093,2,0,2
998001103,0,6,-6
998001105,3,16,-13
998001700,1,44,-43
998001899,0,0,0
998001900,7,2,5
998003073,324,3,321
998003124,14,68,-54
998003125,9,141,-132
998101900,0,0,0
998102850,0,122,-122
998501819,4,0,4
998501820,0,6,-6
998501832,78,119,-41
998501927,237,265,-28
998501929,64,3,61
998501930,35,0,35
998501931,43,3,40
998501932,33,26,7
998501933,10,0,10
998501937,10,0,10
998501944,0,1,-1
998501950,0,0,0
998501970,6,5,1
998501971,0,70,-70
998501972,395,6,389
998501973,0,79,-79
998501974,1,250,-249
998501975,59,2,57
998501976,20,3,17
998501977,0,21,-21
998501978,22,0,22
998501979,0,13,-13
998501980,102,16,86
998501981,13,3,10
998501982,1,127,-126
998501983,0,0,0
998502006,0,0,0
998502024,0,6,-6
998502032,0,1,-1
998502062,64,51,13
998502063,0,0,0
998502173,9,0,9
998502269,0,0,0
998601159,1,530,-529
998601292,0,22,-22
999033574,0,21,-21
999800001,5,0,5
999800002,0,3,-3
999800003,1,3,-2
999800004,0,4,-4
999800005,0,14,-14
