ID,insum,outsum,diff
100000001,462,215,247
100000002,1470,3644,-2174
100000003,2353,3324,-971
100000004,145,849,-704
100000005,1715,2283,-568
100000006,269,276,-7
100000007,928,1217,-289
100000008,42,168,-126
100000009,134,638,-504
100000010,27,126,-99
100000011,128,41,87
100000012,33,112,-79
100000013,2,44,-42
100000014,34,179,-145
100000015,588,920,-332
100000016,86,822,-736
100000017,120,1048,-928
100000018,321,224,97
100000019,1091,1207,-116
100000020,638,2496,-1858
100000021,1818,590,1228
100000022,245,1437,-1192
100000023,1578,698,880
100000025,212,892,-680
100000028,320,1006,-686
100000029,11,533,-522
100000030,69,19,50
100000031,1099,3931,-2832
100000032,802,2378,-1576
100000033,490,1549,-1059
100000034,31,724,-693
100000035,162,522,-360
100000036,226,798,-572
100000037,468,255,213
100000038,1669,674,995
100000039,155,165,-10
100000040,192,170,22
100000041,935,475,460
100000042,715,220,495
100000043,318,104,214
100000044,35,58,-23
100000045,85,247,-162
100000046,114,214,-100
100000047,53,184,-131
100000048,113,204,-91
100000049,633,435,198
100000051,229,238,-9
100000053,46,2,44
100000054,114,12,102
100000055,224,161,63
100000056,220,234,-14
100000057,1386,251,1135
100000058,502,309,193
100000059,13,80,-67
100000060,416,241,175
100000061,1590,443,1147
100000062,857,470,387
100000063,538,248,290
100000064,951,277,674
100000065,257,324,-67
100000066,72,221,-149
100000067,170,144,26
100000068,164,522,-358
100000069,101,581,-480
100000072,83,230,-147
100000073,491,491,0
100000075,384,95,289
100000076,690,3116,-2426
100000077,44,298,-254
100000078,7,19,-12
100000079,0,54,-54
100000080,0,49,-49
100000081,2,37,-35
100000102,1156,2461,-1305
100000103,771,1814,-1043
100000104,1602,1234,368
100000105,561,515,46
100000106,430,1794,-1364
100000107,26,585,-559
100000108,174,337,-163
100000109,265,706,-441
100000116,169,223,-54
100000117,9,102,-93
100000118,479,455,24
100000119,403,557,-154
100000121,88,341,-253
100000122,212,947,-735
100000123,718,1135,-417
100000124,934,1349,-415
100000125,2466,1691,775
100000126,167,239,-72
100000127,446,441,5
100000128,107,1935,-1828
100000129,84,376,-292
100000130,433,168,265
100000131,397,679,-282
100000132,348,837,-489
100000133,880,398,482
100000135,401,755,-354
100000139,127,405,-278
100000140,82,83,-1
100000142,318,281,37
100000143,443,123,320
100000144,791,269,522
100000147,843,3060,-2217
100000150,45,230,-185
100000151,58,870,-812
100000153,28,192,-164
100000154,5,479,-474
100000155,2,18,-16
100000156,24,191,-167
100000157,216,175,41
100000158,67,100,-33
100000159,49,646,-597
100000165,596,225,371
100000169,25,732,-707
100000174,200,504,-304
100000179,7,340,-333
100000180,362,745,-383
100000181,131,127,4
100000188,22,54,-32
100000189,392,234,158
100000190,174,569,-395
100000191,506,238,268
100000192,3,46,-43
100000193,131,79,52
100000330,204,592,-388
100000355,93,247,-154
100000362,1019,437,582
100000363,4568,4674,-106
100000364,75,150,-75
100000365,4097,4689,-592
100000366,1031,631,400
100000367,3305,3585,-280
100000368,594,744,-150
100000369,211,1319,-1108
100000370,35,652,-617
100000376,11,386,-375
100000379,253,2169,-1916
100000380,1311,4701,-3390
100000384,2784,3474,-690
100000385,574,2779,-2205
100000386,748,2728,-1980
100000387,1483,3310,-1827
100000388,1197,2036,-839
100000389,2212,2996,-784
100000390,1456,1323,133
100000391,1609,3792,-2183
100000392,286,971,-685
100000393,274,2037,-1763
100000394,811,2403,-1592
100000395,335,1876,-1541
100000396,575,1060,-485
100000397,618,2951,-2333
100000398,4881,2161,2720
100900002,8,14,-6
100900003,370,234,136
100900004,7,170,-163
100900005,121,2,119
100900006,38,6,32
100900007,50,0,50
100900008,0,73,-73
100900009,6,3,3
100900010,39,17,22
100900011,130,110,20
100900012,2,26,-24
100900013,587,7,580
100900014,0,0,0
100900015,34,20,14
100900016,0,23,-23
100900017,604,45,559
100900018,0,12,-12
100900019,0,22,-22
100900020,208,1,207
100900021,313,2,311
100900022,1,3,-2
100900023,0,0,0
100900024,175,0,175
100900025,0,0,0
100900026,142,22,120
100900027,133,1349,-1216
100900028,20,123,-103
100900029,56,2,54
100900030,1,35,-34
100900031,627,21,606
100900032,213,1,212
100900033,53,204,-151
100900034,567,0,567
100900035,102,0,102
100900036,7,0,7
100900037,97,38,59
100900038,4,11,-7
100900039,184,40,144
100900040,466,196,270
100900041,1102,31,1071
100900042,40,1277,-1237
100900043,0,13,-13
100900044,343,284,59
100900045,0,0,0
100900046,714,3,711
100900047,492,80,412
100900048,53,0,53
100900049,19,38,-19
100900050,0,1,-1
100900051,24,44,-20
100900052,73,5,68
100900053,671,6,665
100900054,10,6,4
100900055,54,655,-601
100900056,24,23,1
100900057,803,54,749
100900058,153,66,87
100900059,119,0,119
100900060,172,2,170
100900061,30,67,-37
100900062,6,0,6
100900063,152,502,-350
100900064,297,12,285
100900065,34,113,-79
100900066,43,11,32
100900067,0,2,-2
100900068,65,52,13
100900069,33,0,33
100900070,404,5,399
100900071,113,20,93
100900072,4,2,2
100900073,87,117,-30
100900074,0,15,-15
100900075,678,51,627
100900076,2,5,-3
100900077,40,1,39
100900078,40,118,-78
100900079,0,2,-2
100900080,51,82,-31
100900081,8,68,-60
100900082,187,50,137
100900083,3,1,2
100900085,1,196,-195
100900086,15,200,-185
100900088,120,83,37
100900089,0,47,-47
100900090,26,288,-262
100900091,0,1,-1
100900092,38,146,-108
100900093,195,123,72
100900094,76,50,26
100900095,1,6,-5
100900096,7,32,-25
100900097,3,2,1
100900098,7,18,-11
100900099,1,73,-72
100900100,1,47,-46
100900101,110,0,110
100900102,0,46,-46
100900103,0,4,-4
100900104,0,58,-58
100900105,1,38,-37
100900106,1,1,0
100900107,644,248,396
100900108,0,12,-12
100900109,17,2,15
100900110,2,10,-8
100900111,5,37,-32
100900112,3,4,-1
100900113,3,25,-22
100900114,3,14,-11
100900115,1,0,1
100900116,295,159,136
100900117,73,807,-734
100900118,2,24,-22
100900119,0,7,-7
100900120,1,2,-1
100900121,234,169,65
100900122,2,33,-31
100900123,135,7,128
100900124,1,0,1
100900125,0,14,-14
100900126,224,11,213
100900127,1,0,1
100900128,26,82,-56
100900129,0,95,-95
100900131,0,19,-19
100900133,32,2,30
100900134,0,0,0
100900135,0,120,-120
100900137,44,64,-20
100900138,62,114,-52
100900139,0,0,0
100900140,0,37,-37
100900141,0,162,-162
100900142,0,8,-8
100900143,148,105,43
100900144,1,5,-4
100900145,13,91,-78
100900146,0,45,-45
100900147,2,589,-587
100900148,10,66,-56
100900149,2,276,-274
100900150,0,14,-14
100900151,4,179,-175
100900152,54,2,52
100900153,0,134,-134
100900154,9,29,-20
100900155,25,14,11
100900156,1,0,1
100900157,15,180,-165
100900159,5,2,3
100900160,24,0,24
100900161,20,0,20
100900162,6,104,-98
100900163,4,18,-14
100900164,76,1,75
100900165,74,38,36
100900166,3,0,3
100900167,5,19,-14
100900168,0,20,-20
100900169,10,348,-338
100900170,4,2,2
100900171,4,244,-240
100900172,0,100,-100
100900173,0,22,-22
100900174,11,6,5
100900176,297,22,275
100900177,83,16,67
100900178,99,176,-77
100900179,57,52,5
100900180,1,1,0
100900181,0,9,-9
100900182,7,6,1
100900184,6,42,-36
100900186,215,97,118
100900187,15,51,-36
100900188,65,6,59
100900189,812,177,635
100900191,119,538,-419
100900192,53,170,-117
100900195,49,97,-48
100900197,13,42,-29
100900198,21,11,10
100900199,0,8,-8
100900200,511,66,445
100900201,21,436,-415
100900202,11,0,11
100900203,1,15,-14
100900204,25,80,-55
100900205,33,412,-379
100900206,176,139,37
100900207,93,110,-17
100900210,7,129,-122
100900211,69,37,32
100900213,56,10,46
100900214,70,18,52
100900215,6,5,1
100900217,39,20,19
101000001,874,1432,-558
101000002,2776,3163,-387
101000003,97,703,-606
101000004,2933,5443,-2510
101000005,2534,4361,-1827
101000006,2445,6906,-4461
101000007,780,3265,-2485
101000008,1156,1751,-595
101000009,1176,289,887
101000010,441,351,90
101000011,277,112,165
101000012,138,329,-191
101000013,295,761,-466
101000014,204,305,-101
101000015,2106,653,1453
101000016,66,401,-335
101000017,191,220,-29
101000018,738,1945,-1207
101000020,616,682,-66
101000021,166,230,-64
101000022,76,324,-248
101000023,383,480,-97
101000025,187,387,-200
101000026,215,20,195
101000027,959,2358,-1399
101000028,555,260,295
101000029,13,584,-571
101000030,363,192,171
101000031,19,519,-500
101000032,1084,2439,-1355
101000033,399,1844,-1445
101000034,258,1506,-1248
101000035,154,247,-93
101000036,119,876,-757
101000037,252,1656,-1404
101000039,595,1305,-710
101000040,1156,2315,-1159
101000041,967,3475,-2508
101000042,39,473,-434
101000043,1566,3226,-1660
101000045,100,494,-394
101000046,505,1484,-979
101000047,636,2817,-2181
101000048,133,243,-110
101000049,183,538,-355
101000050,219,824,-605
101000051,309,1454,-1145
101000052,492,958,-466
101000053,124,494,-370
101000054,292,181,111
101000055,514,869,-355
101000056,5,129,-124
101000057,284,1189,-905
101000058,226,1110,-884
101000059,787,1903,-1116
101000060,679,503,176
101000061,116,1477,-1361
101000062,98,333,-235
101000063,57,845,-788
101000064,127,577,-450
101000065,26,418,-392
101000066,141,772,-631
101000067,146,310,-164
101000068,92,263,-171
101000069,102,24,78
101000070,323,317,6
101000071,1605,750,855
101000072,251,1074,-823
101000073,220,936,-716
101000074,1060,1639,-579
101000075,1760,1147,613
101000077,1251,1191,60
101000078,519,503,16
101000079,750,632,118
101000080,683,351,332
101000081,765,1050,-285
101000082,1094,837,257
101000083,1795,969,826
101000084,522,294,228
101000085,1086,792,294
101000086,456,366,90
101000087,327,458,-131
101000088,971,642,329
101000089,412,772,-360
101000090,669,343,326
101000091,280,214,66
101000092,1148,396,752
101000093,723,260,463
101000094,293,256,37
101000095,423,330,93
101000096,316,196,120
101000097,136,209,-73
101000098,187,281,-94
101000099,338,441,-103
101000100,769,946,-177
101000101,92,302,-210
101000102,286,464,-178
101000103,214,228,-14
101000104,100,446,-346
101000105,394,437,-43
101000106,75,1518,-1443
101000107,102,172,-70
101000108,187,52,135
101000109,308,36,272
101000110,2,127,-125
101000111,13,73,-60
101000113,30,468,-438
101000114,946,2812,-1866
101000115,0,0,0
101000116,0,0,0
101000117,0,0,0
101000119,1,44,-43
101000120,11,38,-27
101000121,8,44,-36
101000122,32,112,-80
101000123,23,91,-68
101000124,838,377,461
101000125,40,29,11
101000128,91,882,-791
101000130,154,144,10
101000131,805,227,578
101000132,374,304,70
101000135,1,23,-22
101000136,33,96,-63
101000137,19,236,-217
101000141,315,2430,-2115
101000147,689,241,448
101000148,373,7,366
101000149,0,0,0
101000150,60,109,-49
101000151,240,16,224
101000152,176,107,69
101000153,172,110,62
101000154,354,271,83
101000155,470,76,394
101000156,21,106,-85
101000157,25,53,-28
101000160,0,0,0
101000163,35,547,-512
101000164,161,77,84
101000165,289,237,52
101000166,51,140,-89
101000168,565,140,425
101000252,1761,492,1269
101000254,10,11,-1
101000258,98,2,96
101000261,130,39,91
101000262,799,3233,-2434
101000263,138,853,-715
101000265,40,431,-391
101000266,144,204,-60
101000269,3,6,-3
101000290,77,1790,-1713
101000293,0,0,0
101000294,113,150,-37
101000295,95,88,7
101000301,184,499,-315
101000304,1074,1895,-821
101000305,1160,836,324
101000328,22,530,-508
101900001,12,25,-13
101900002,0,7,-7
101900003,25,32,-7
101900004,0,33,-33
101900005,620,1896,-1276
101900006,411,30,381
101900007,80,83,-3
101900008,33,102,-69
101900009,14,185,-171
101900010,300,400,-100
101900011,36,469,-433
101900012,101,39,62
101900013,169,43,126
101900017,16,40,-24
101900018,359,67,292
101900019,17,9,8
101900020,101,64,37
101900021,1,2,-1
101900022,56,283,-227
101900023,25,45,-20
101900026,36,14,22
101900027,7,47,-40
102000001,1583,3962,-2379
102000002,1452,631,821
102000003,973,4286,-3313
102000004,1334,1811,-477
102000005,492,2365,-1873
102000006,306,849,-543
102000007,590,3342,-2752
102000008,2635,975,1660
102000009,3948,4997,-1049
102000010,2024,1238,786
102000011,2385,2784,-399
102000012,1922,2107,-185
102000018,1073,1724,-651
102000019,981,786,195
102000026,198,204,-6
102000029,137,111,26
102000030,74,244,-170
102000031,42,107,-65
102000032,394,185,209
102000033,179,327,-148
102000034,218,734,-516
102000035,353,204,149
102000036,7,252,-245
102000037,78,17,61
102000038,44,92,-48
102000039,36,30,6
102000040,59,128,-69
102000041,16,230,-214
102000042,22,142,-120
102000043,11,132,-121
102000044,150,396,-246
102000045,118,357,-239
102000046,899,211,688
102000047,315,194,121
102000048,351,241,110
102000049,559,324,235
102000050,378,607,-229
102000051,143,247,-104
102000052,510,385,125
102000053,496,830,-334
102000054,533,270,263
102000055,514,120,394
102000056,703,126,577
102000057,744,292,452
102000058,313,246,67
102000059,347,1208,-861
102000060,527,1159,-632
102000061,1002,886,116
102000062,1375,544,831
102000063,718,782,-64
102000064,372,425,-53
102000065,15,122,-107
102000066,314,374,-60
102000067,1467,2267,-800
102000068,3470,1764,1706
102000069,29,1051,-1022
102000070,974,10,964
102000071,3381,6716,-3335
102000072,1289,1897,-608
102000073,200,131,69
102000074,351,196,155
102000075,65,56,9
102000076,194,87,107
102000077,477,121,356
102000078,992,235,757
102000079,62,33,29
102000080,252,97,155
102000081,131,395,-264
102000082,392,402,-10
102000083,280,62,218
102000084,582,58,524
102000085,706,293,413
102000086,1148,317,831
102000087,247,528,-281
102000088,253,121,132
102000089,927,171,756
102000090,177,686,-509
102000091,774,491,283
102000092,121,387,-266
102000093,370,573,-203
102000094,325,182,143
102000095,276,469,-193
102000096,890,160,730
102000097,562,198,364
102000098,319,225,94
102000099,635,331,304
102000100,88,377,-289
102000101,117,283,-166
102000102,72,534,-462
102000103,931,336,595
102000104,251,137,114
102000105,150,145,5
102000106,363,102,261
102000107,1242,86,1156
102000108,320,171,149
102000109,220,177,43
102000110,966,315,651
102000111,2,154,-152
102000112,73,108,-35
102000113,3,6,-3
102000114,321,230,91
102000115,119,159,-40
102000116,145,534,-389
102000117,57,247,-190
102000118,481,1291,-810
102000119,360,801,-441
102000120,174,346,-172
102000121,531,302,229
102000122,374,577,-203
102000123,427,606,-179
102000124,740,624,116
102000125,291,371,-80
102000126,227,246,-19
102000127,556,331,225
102000128,349,376,-27
102000129,570,350,220
102000130,279,458,-179
102000131,1955,579,1376
102000132,656,905,-249
102000133,2268,583,1685
102000134,837,377,460
102000135,229,727,-498
102000136,640,460,180
102000137,193,179,14
102000138,111,55,56
102000139,24,147,-123
102000140,75,115,-40
102000141,29,239,-210
102000142,184,93,91
102000143,154,125,29
102000144,235,59,176
102000145,168,116,52
102000146,262,105,157
102000147,147,203,-56
102000148,112,140,-28
102000149,179,68,111
102000150,478,23,455
102000151,23,26,-3
102000152,93,64,29
102000153,376,280,96
102000154,155,296,-141
102000155,18,274,-256
102000156,92,68,24
102000157,48,144,-96
102000158,109,405,-296
102000159,545,626,-81
102000161,938,889,49
102000162,25,97,-72
102000163,28,215,-187
102000164,142,422,-280
102000165,89,64,25
102000166,8,52,-44
102000167,43,53,-10
102000168,83,87,-4
102000169,31,308,-277
102000170,193,21,172
102000171,4,57,-53
102000172,3,160,-157
102000173,193,200,-7
102000174,81,61,20
102000175,65,35,30
102000176,11,13,-2
102000178,107,184,-77
102000179,189,120,69
102000180,503,175,328
102000181,826,184,642
102000182,396,164,232
102000183,1128,434,694
102000184,786,364,422
102000185,1764,344,1420
102000186,707,463,244
102000187,434,308,126
102000188,743,552,191
102000189,1140,197,943
102000190,450,1214,-764
102000191,517,189,328
102000192,620,653,-33
102000193,57,96,-39
102000194,46,79,-33
102000195,353,193,160
102000196,196,169,27
102000197,775,95,680
102000198,133,232,-99
102000199,861,54,807
102000200,80,311,-231
102000201,1289,207,1082
102000202,0,14,-14
102000203,172,91,81
102000204,439,162,277
102000205,782,127,655
102000206,182,85,97
102000207,402,271,131
102000208,167,164,3
102000209,39,25,14
102000210,281,57,224
102000211,282,61,221
102000212,399,7,392
102000213,1,49,-48
102000214,380,5,375
102000215,5,87,-82
102000216,127,63,64
102000217,1,35,-34
102000218,90,93,-3
102000219,29,27,2
102000225,219,502,-283
102000226,31,14,17
102000227,59,1,58
102000228,0,47,-47
102000229,38,45,-7
102000230,158,196,-38
102000231,224,230,-6
102000232,5,136,-131
102000233,285,160,125
102000234,34,1031,-997
102000236,75,20,55
102000237,267,87,180
102000238,54,111,-57
102000240,42,214,-172
102000241,137,15,122
102000243,1,17,-16
102000245,2,36,-34
102000246,16,86,-70
102000247,66,167,-101
102000248,160,408,-248
102000249,89,16,73
102000250,40,72,-32
102000254,354,33,321
102000266,1,78,-77
102000271,28,0,28
102000286,242,252,-10
102000297,1002,268,734
102000299,0,0,0
102000301,0,0,0
102000303,0,0,0
102000305,0,0,0
102000307,0,1,-1
102900001,629,195,434
102900002,152,11,141
102900003,49,75,-26
102900005,247,121,126
102900006,234,41,193
102900007,375,4,371
102900008,140,13,127
102900009,119,92,27
102900010,191,439,-248
102900011,280,153,127
102900012,209,28,181
102900013,27,25,2
102900015,494,132,362
102900016,44,4,40
102900017,145,48,97
102900018,24,22,2
102900019,92,158,-66
102900020,122,9,113
102900021,33,16,17
102900022,13,8,5
102900023,2,3,-1
102900024,5,21,-16
102900025,17,5,12
102900026,88,1197,-1109
102900027,6,10,-4
102900028,56,567,-511
102900029,23,81,-58
102900030,170,237,-67
102900031,196,22,174
102900032,44,8,36
102900033,33,19,14
102900034,434,12,422
102900035,77,81,-4
102900036,207,66,141
102900037,47,74,-27
102900038,128,48,80
102900039,78,242,-164
102900040,68,91,-23
102900041,45,18,27
102900042,97,58,39
102900043,94,48,46
102900044,204,353,-149
102900045,99,95,4
102900046,143,48,95
102900047,21,85,-64
102900048,178,73,105
102900049,33,86,-53
102900050,33,61,-28
102900051,50,41,9
102900052,9,16,-7
102900053,111,68,43
102900054,42,367,-325
102900055,17,141,-124
102900056,17,60,-43
102900057,0,30,-30
102900058,185,58,127
102900059,4,11,-7
102900060,13,64,-51
102900061,102,110,-8
102900062,216,136,80
102900063,1216,88,1128
102900064,11,115,-104
102900065,361,55,306
102900066,77,2,75
102900068,16,55,-39
102900070,91,92,-1
102900072,0,4,-4
102900073,6,0,6
102900075,2,18,-16
102900076,6,20,-14
102900077,1,1,0
102900078,10,6,4
102900079,70,2,68
102900080,228,1,227
102900081,6,64,-58
102900082,9,19,-10
102900083,41,6,35
102900084,2,4,-2
102900085,24,7,17
102900086,1,6,-5
102900087,130,47,83
102900088,18,17,1
102900089,94,10,84
102900090,1,14,-13
102900091,213,0,213
102900092,227,68,159
102900093,99,97,2
102900094,0,44,-44
102900095,39,0,39
102900096,7,2,5
102900097,10,13,-3
103000001,1653,1108,545
103000002,2103,1685,418
103000003,1954,1602,352
103000004,422,282,140
103000005,881,1567,-686
103000006,819,714,105
103000007,239,197,42
103000008,512,429,83
103000009,890,943,-53
103000010,95,41,54
103000011,557,317,240
103000012,581,918,-337
103000013,1371,920,451
103000014,799,1561,-762
103000015,769,277,492
103000016,370,806,-436
103000017,151,547,-396
103000018,225,138,87
103000019,169,362,-193
103000020,923,823,100
103000021,1712,2518,-806
103000022,337,728,-391
103000023,657,1422,-765
103000024,31,83,-52
103000025,74,803,-729
103000026,112,85,27
103000027,35,444,-409
103000028,204,169,35
103000029,70,130,-60
103000030,917,736,181
103000031,565,1613,-1048
103000032,1159,523,636
103000033,2793,2348,445
103000034,797,491,306
103000035,79,717,-638
103000036,105,211,-106
103000037,413,259,154
103000038,234,525,-291
103000039,308,143,165
103000040,602,282,320
103000041,1010,804,206
103000042,792,122,670
103000043,550,308,242
103000044,152,59,93
103000046,174,256,-82
103000047,412,120,292
103000048,214,64,150
103000049,94,63,31
103000050,387,68,319
103000051,471,211,260
103000052,413,81,332
103000053,150,110,40
103000054,910,205,705
103000055,1064,605,459
103000056,400,508,-108
103000057,923,80,843
103000058,412,185,227
103000059,452,260,192
103000060,423,130,293
103000061,511,403,108
103000062,331,75,256
103000063,613,378,235
103000064,44,46,-2
103000065,2,91,-89
103000066,74,4,70
103000069,157,118,39
103000070,315,139,176
103000071,713,333,380
103000072,121,193,-72
103000073,712,27,685
103000074,593,48,545
103000075,52,215,-163
103000076,166,530,-364
103000077,1,179,-178
103000078,353,579,-226
103000079,222,515,-293
103000080,226,291,-65
103000081,146,911,-765
103000082,276,67,209
103000083,37,200,-163
103000084,32,6,26
103000085,1,68,-67
103000086,440,363,77
103000087,123,505,-382
103000088,186,312,-126
103000089,157,604,-447
103000090,2966,1074,1892
103000091,615,515,100
103000092,171,123,48
103000093,165,217,-52
103000094,174,42,132
103000095,31,216,-185
103000096,287,13,274
103000097,11,284,-273
103000098,237,12,225
103000099,54,198,-144
103000100,124,139,-15
103000101,917,27,890
103000102,131,146,-15
103000103,488,41,447
103000104,87,45,42
103000105,160,52,108
103000106,2,111,-109
103000107,146,20,126
103000108,869,926,-57
103000109,216,478,-262
103000110,308,686,-378
103000111,192,362,-170
103000112,126,295,-169
103000113,104,640,-536
103000114,759,347,412
103000115,525,729,-204
103000116,656,285,371
103000117,463,368,95
103000118,230,257,-27
103000119,432,160,272
103000120,46,181,-135
103000121,18,128,-110
103000122,278,762,-484
103000125,6,65,-59
103000126,423,3,420
103000127,0,79,-79
103000128,89,5,84
103000129,2,117,-115
103000130,37,13,24
103000131,73,68,5
103000132,20,48,-28
103000133,20,157,-137
103000134,166,415,-249
103000135,312,174,138
103000136,187,131,56
103000137,137,359,-222
103000138,207,413,-206
103000139,0,15,-15
103000140,10,5,5
103000141,4,24,-20
103000142,32,25,7
103000143,11,91,-80
103000144,142,12,130
103000145,7,147,-140
103000150,32,33,-1
103000152,89,289,-200
103000153,150,248,-98
103000156,3,112,-109
103000157,287,2,285
103000159,153,28,125
103000162,20,3,17
103000163,0,7,-7
103000164,0,7,-7
103000165,22,120,-98
103000166,146,293,-147
103000167,106,91,15
103000168,86,51,35
103000169,229,408,-179
103000170,1294,211,1083
103000171,6,21,-15
103000172,589,68,521
103000173,513,74,439
103000174,365,138,227
103000175,238,81,157
103000176,521,509,12
103000177,106,237,-131
103000178,70,146,-76
103000179,24,4,20
103000183,190,5,185
103000185,131,66,65
103000186,168,49,119
103000187,544,61,483
103000188,10,87,-77
103000189,403,695,-292
103000191,257,166,91
103000292,262,924,-662
103000293,391,1756,-1365
103000295,35,20,15
103000296,62,1,61
103000297,5,39,-34
103000504,73,2,71
103000505,2,4,-2
103000506,0,30,-30
103000507,131,1,130
103000508,16,23,-7
103000509,145,295,-150
103900001,35,51,-16
103900002,210,39,171
103900003,423,100,323
103900004,34,0,34
103900005,2,14,-12
103900006,1,0,1
103900007,57,0,57
103900008,6,0,6
103900009,215,40,175
103900010,157,17,140
103900011,327,23,304
103900012,2,34,-32
103900013,19,0,19
103900014,31,5,26
103900015,51,0,51
103900016,25,42,-17
103900017,52,13,39
103900018,41,15,26
103900019,4,253,-249
103900020,158,299,-141
103900021,105,16,89
103900022,276,108,168
103900023,256,11,245
103900024,13,84,-71
103900025,0,14,-14
103900026,1,0,1
103900027,175,69,106
103900028,24,123,-99
103900029,723,68,655
103900030,155,82,73
103900031,47,0,47
103900032,89,97,-8
103900033,32,3,29
103900034,19,18,1
103900035,35,23,12
103900036,39,42,-3
103900037,37,10,27
103900038,14,154,-140
103900039,94,64,30
103900040,4,125,-121
103900041,74,9,65
103900042,144,53,91
103900043,252,10,242
103900044,21,235,-214
103900045,139,114,25
103900047,113,3,110
103900048,11,9,2
103900049,35,434,-399
103900050,10,96,-86
103900051,0,45,-45
103900052,113,162,-49
103900053,297,67,230
103900054,105,54,51
103900055,193,71,122
103900056,6,7,-1
103900057,86,28,58
103900058,314,62,252
103900059,0,35,-35
103900060,45,20,25
103900061,165,0,165
103900062,281,115,166
103900063,0,0,0
103900064,157,0,157
103900065,109,89,20
103900066,233,48,185
103900067,167,6,161
103900068,0,0,0
103900069,15,0,15
103900070,58,62,-4
103900071,7,16,-9
103900072,2,58,-56
103900073,15,17,-2
103900074,81,9,72
103900075,193,38,155
103900076,387,197,190
103900077,9,108,-99
103900078,156,26,130
103900079,29,19,10
103900080,0,4,-4
103900081,6,4,2
103900082,28,21,7
103900083,1268,921,347
103900084,9,34,-25
103900085,22,33,-11
103900086,588,85,503
103900088,125,197,-72
103900089,10,55,-45
103900090,0,22,-22
103900091,305,18,287
103900092,426,197,229
103900093,39,112,-73
103900094,10,48,-38
103900095,29,202,-173
103900096,49,19,30
103900097,2,71,-69
103900098,116,46,70
103900099,175,20,155
103900100,233,13,220
103900101,225,228,-3
103900102,0,23,-23
103900104,0,1,-1
103900105,3,7,-4
103900106,0,144,-144
103900107,148,40,108
103900108,14,46,-32
103900109,116,16,100
103900110,138,12,126
103900111,197,92,105
103900112,7,22,-15
103900113,20,82,-62
103900114,293,145,148
103900115,75,115,-40
103900116,479,758,-279
103900117,32,5,27
103900119,23,200,-177
103900120,38,39,-1
103900122,171,46,125
103900123,108,333,-225
103900124,13,67,-54
103900125,65,13,52
103900126,390,41,349
103900127,50,36,14
103900128,97,22,75
103900131,9,15,-6
103900133,425,2,423
103900134,0,7,-7
103900135,1,0,1
103900137,0,1,-1
103900138,195,34,161
103900139,61,1756,-1695
103900140,2,256,-254
103900141,83,57,26
103900142,354,26,328
103900143,146,1,145
103900144,4,18,-14
103900145,45,25,20
103900146,196,51,145
103900147,219,25,194
103900148,181,29,152
103900149,179,83,96
103900150,1438,2570,-1132
103900151,16,32,-16
103900152,503,73,430
103900153,0,0,0
103900154,105,1122,-1017
103900155,11,34,-23
103900156,27,23,4
103900157,86,14,72
103900158,176,5,171
103900159,179,5,174
103900160,7,7,0
103900161,9,68,-59
103900162,40,10,30
103900163,1,141,-140
103900167,6,42,-36
103900168,32,8,24
103900169,15,33,-18
103900170,0,12,-12
103900171,2,1,1
103900172,1,2,-1
103900173,12,2,10
103900174,191,3,188
103900175,4,105,-101
103900176,1,21,-20
103900177,4,1,3
103900178,31,3,28
103900179,45,2,43
103900180,10,3,7
103900181,7,19,-12
103900182,2,2,0
103900184,35,15,20
103900185,21,311,-290
103900187,22,60,-38
103900188,71,54,17
103900189,67,1,66
103900190,65,1,64
103900191,1,35,-34
103900192,5,33,-28
103900193,13,4,9
103900194,3,5,-2
103900195,1,56,-55
103900196,3,3,0
103900197,5,9,-4
103900198,1,8,-7
103900199,126,16,110
103900200,180,28,152
103900201,8,23,-15
103900202,1,10,-9
103900203,34,25,9
103900204,0,14,-14
103900207,0,11,-11
103900208,43,0,43
103900209,5,9,-4
103900210,37,23,14
103900211,462,93,369
103900212,53,25,28
103900213,2,67,-65
103900214,138,183,-45
103900215,36,92,-56
103900216,0,24,-24
103900217,84,19,65
103900218,0,78,-78
103900219,153,8,145
103900233,7,1,6
103900235,12,23,-11
103900236,7,7,0
103900242,0,1,-1
103900243,0,0,0
103900244,64,22,42
103900245,40,16,24
103900246,6,20,-14
103900247,13,18,-5
103900248,0,3,-3
103900249,0,41,-41
103900250,2,4,-2
103900251,0,24,-24
103900253,6,6,0
103900254,1,18,-17
103900255,1,3,-2
103900256,12,21,-9
103900257,32,51,-19
103900258,0,0,0
103900259,3,2,1
103900261,10,0,10
103900262,13,0,13
103900263,0,4,-4
103900264,9,7,2
103900265,0,0,0
103900266,0,34,-34
103900267,2,22,-20
103900268,4,15,-11
103900269,92,4,88
103900270,10,4,6
103900271,26,8,18
103900272,29,8,21
103900273,41,3,38
103900274,65,3,62
103900275,42,3,39
103900276,1,2,-1
103900277,7,7,0
103900278,1,5,-4
103900279,0,26,-26
104000001,1464,909,555
104000002,1406,1346,60
104000003,1389,960,429
104000004,1782,1146,636
104000005,1286,961,325
104000006,1490,1100,390
104000007,3575,2429,1146
104000008,217,176,41
104000009,342,196,146
104000010,146,290,-144
104000011,173,100,73
104000012,87,137,-50
104000013,149,351,-202
104000014,130,180,-50
104000015,324,74,250
104000016,121,143,-22
104000018,503,98,405
104000019,624,139,485
104000020,40,183,-143
104000021,203,141,62
104000022,114,234,-120
104000023,1060,188,872
104000024,118,92,26
104000026,29,33,-4
104000027,198,112,86
104000028,510,161,349
104000029,151,206,-55
104000030,366,310,56
104000031,895,91,804
104000032,129,121,8
104000033,762,165,597
104000034,192,109,83
104000035,875,92,783
104000036,701,168,533
104000037,118,101,17
104000038,321,175,146
104000039,165,80,85
104000040,40,333,-293
104000041,484,157,327
104000042,211,118,93
104000043,75,100,-25
104000044,191,204,-13
104000045,315,206,109
104000046,251,331,-80
104000047,263,359,-96
104000048,445,411,34
104000049,353,230,123
104000050,43,317,-274
104000051,94,338,-244
104000052,1336,967,369
104000053,532,229,303
104000054,409,93,316
104000055,1404,774,630
104000056,284,74,210
104000057,150,147,3
104000058,625,602,23
104000059,369,536,-167
104000060,771,818,-47
104000061,638,436,202
104000062,265,40,225
104000064,356,73,283
104000065,54,287,-233
104000069,288,944,-656
104000070,9,368,-359
104000071,59,90,-31
104000072,358,62,296
104000075,10,73,-63
104000076,229,21,208
104000082,1446,1772,-326
104000083,334,77,257
104000084,33,193,-160
104000085,286,94,192
104000086,229,204,25
104000087,162,341,-179
104000090,442,305,137
104000092,1023,453,570
104000094,379,358,21
104000095,1360,694,666
104000096,1584,11,1573
104000097,1478,246,1232
104000098,2604,223,2381
104000100,1852,240,1612
104000101,753,710,43
104000106,43,359,-316
104000107,401,144,257
104000108,68,139,-71
104000109,166,49,117
104000110,319,807,-488
104000111,961,1660,-699
104000112,280,192,88
104000116,0,317,-317
104000117,233,153,80
104000118,682,62,620
104000119,448,125,323
104000120,269,140,129
104000121,98,208,-110
104000122,341,350,-9
104000123,464,368,96
104000124,108,604,-496
104000125,742,1932,-1190
104000126,341,262,79
104000127,1002,922,80
104000128,416,104,312
104000129,193,10,183
104000130,1,273,-272
104000131,204,273,-69
104000132,300,177,123
104000133,832,576,256
104000134,516,1077,-561
104000135,200,856,-656
104000136,365,1207,-842
104000137,1149,204,945
104000138,699,445,254
104000139,1400,1265,135
104000141,281,377,-96
104000142,305,218,87
104000143,488,113,375
104000144,59,121,-62
104000145,266,93,173
104000146,72,203,-131
104000147,96,178,-82
104000148,251,136,115
104000149,67,75,-8
104000150,714,240,474
104000151,212,214,-2
104000152,268,199,69
104000153,506,292,214
104000154,414,197,217
104000155,351,626,-275
104000157,980,687,293
104000158,65,207,-142
104000159,407,189,218
104000160,1260,1710,-450
104000161,63,87,-24
104000162,67,57,10
104000165,377,278,99
104000167,377,1041,-664
104000168,692,1,691
104000169,163,44,119
104000170,130,164,-34
104000248,256,214,42
104000251,18,64,-46
104000272,0,0,0
104000273,0,0,0
104000274,0,0,0
104000275,0,0,0
104000279,361,343,18
104000290,16,446,-430
104000291,407,607,-200
104000293,605,545,60
104000294,69,2,67
104000295,650,964,-314
104000296,395,340,55
104000297,846,1853,-1007
104000298,1178,453,725
104000299,607,533,74
104900001,16,26,-10
104900002,53,157,-104
104900003,10,74,-64
104900004,13,19,-6
104900005,229,82,147
104900006,316,19,297
104900007,248,86,162
104900009,87,104,-17
104900010,75,0,75
104900011,0,7,-7
104900012,67,2,65
104900013,30,2,28
104900014,711,100,611
104900015,21,0,21
104900016,101,54,47
104900017,44,32,12
104900018,0,40,-40
104900019,50,3301,-3251
104900020,27,35,-8
104900021,2,17,-15
104900022,0,174,-174
104900023,1,17,-16
104900024,11,510,-499
104900025,50,79,-29
104900026,0,12,-12
104900027,629,198,431
104900028,6,312,-306
104900029,5,26,-21
104900030,232,172,60
104900031,20,71,-51
104900032,13,15,-2
104900033,148,60,88
104900034,271,66,205
104900035,306,149,157
104900036,448,28,420
104900037,46,53,-7
104900038,19,692,-673
104900039,123,770,-647
104900040,550,48,502
104900041,219,41,178
104900042,116,67,49
104900043,16,304,-288
104900044,883,32,851
104900045,165,49,116
104900046,361,33,328
104900047,376,28,348
104900048,337,36,301
104900049,71,92,-21
104900050,467,18,449
104900051,230,21,209
104900052,155,1,154
104900053,252,21,231
104900054,195,32,163
104900055,347,0,347
104900056,267,7,260
104900057,11,0,11
104900058,216,26,190
104900059,57,0,57
104900060,0,48,-48
104900061,58,75,-17
104900063,0,30,-30
104900064,0,57,-57
104900065,1,44,-43
104900066,0,26,-26
104900067,0,53,-53
104900068,14,47,-33
104900070,12,67,-55
104900071,0,35,-35
104900072,2,83,-81
104900073,42,15,27
104900074,9,17,-8
104900075,6,4,2
104900076,49,25,24
104900077,42,26,16
104900078,50,46,4
104900079,65,430,-365
104900080,94,62,32
104900082,1,28,-27
104900085,0,58,-58
104900087,182,1,181
104900089,543,1,542
104900090,880,427,453
104900091,145,150,-5
104900093,40,88,-48
104900097,438,1287,-849
104900098,102,16,86
104900099,44,394,-350
104900100,184,42,142
104900102,4,44,-40
104900103,37,12,25
104900104,578,1307,-729
104900106,67,13,54
104900107,42,45,-3
104900108,0,35,-35
104900109,22,167,-145
104900110,2,44,-42
104900111,115,65,50
104900112,215,84,131
104900113,306,55,251
104900114,248,95,153
104900115,430,39,391
104900116,248,14,234
104900118,0,3,-3
104900119,0,8,-8
104900120,11,248,-237
104900121,0,25,-25
104900122,0,24,-24
104900123,211,14,197
104900124,125,1,124
104900125,194,5,189
104900126,4,12,-8
104900127,4,4,0
104900128,66,50,16
104900129,425,1689,-1264
105000001,1561,560,1001
105000002,1101,801,300
105000003,1343,1581,-238
105000004,620,513,107
105000005,933,795,138
105000006,667,1052,-385
105000007,696,1019,-323
105000008,333,1281,-948
105000009,2194,2092,102
105000010,1340,620,720
105000011,2052,2037,15
105000012,861,992,-131
105000013,562,682,-120
105000014,1999,1752,247
105000015,4663,7893,-3230
105000016,772,819,-47
105000017,1078,768,310
105000018,401,635,-234
105000019,541,574,-33
105000020,50,359,-309
105000021,146,84,62
105000022,43,37,6
105000023,531,80,451
105000028,7,62,-55
105000029,363,665,-302
105000030,1850,1103,747
105000033,500,622,-122
105000034,102,722,-620
105000037,345,76,269
105000038,415,828,-413
105000039,441,539,-98
105000040,599,618,-19
105000041,200,465,-265
105000042,969,818,151
105000043,435,444,-9
105000044,345,205,140
105000045,85,205,-120
105000046,543,118,425
105000047,209,246,-37
105000048,815,170,645
105000049,115,188,-73
105000050,724,299,425
105000051,141,137,4
105000052,333,363,-30
105000053,45,52,-7
105000054,237,347,-110
105000055,360,105,255
105000056,1220,937,283
105000057,861,243,618
105000058,607,441,166
105000059,759,403,356
105000060,358,250,108
105000061,1028,240,788
105000062,313,341,-28
105000063,190,225,-35
105000064,1874,274,1600
105000065,188,168,20
105000066,525,401,124
105000067,1360,431,929
105000068,210,352,-142
105000069,801,1692,-891
105000070,288,778,-490
105000071,127,1416,-1289
105000072,782,3060,-2278
105000073,793,499,294
105000074,162,296,-134
105000075,273,245,28
105000076,686,428,258
105000077,981,272,709
105000078,427,492,-65
105000079,474,1033,-559
105000080,1181,1136,45
105000081,581,588,-7
105000082,476,1005,-529
105000083,1416,1528,-112
105000084,228,553,-325
105000085,1694,1323,371
105000086,364,395,-31
105000087,564,817,-253
105000088,1192,1491,-299
105000089,987,605,382
105000090,157,200,-43
105000091,323,328,-5
105000092,265,280,-15
105000093,219,173,46
105000094,101,71,30
105000095,77,283,-206
105000096,618,1029,-411
105000097,254,267,-13
105000098,817,838,-21
105000099,299,417,-118
105000100,1200,436,764
105000101,1251,566,685
105000102,1096,686,410
105000103,620,618,2
105000104,1335,497,838
105000105,736,545,191
105000106,942,319,623
105000107,1157,281,876
105000108,982,390,592
105000109,1645,263,1382
105000110,660,115,545
105000111,1177,174,1003
105000112,530,171,359
105000113,449,376,73
105000114,584,855,-271
105000115,224,1246,-1022
105000116,1013,302,711
105000117,509,370,139
105000118,668,193,475
105000119,227,248,-21
105000120,1260,224,1036
105000121,576,251,325
105000122,319,263,56
105000123,343,285,58
105000124,1339,271,1068
105000125,706,412,294
105000126,1376,584,792
105000127,1789,564,1225
105000128,370,711,-341
105000129,656,138,518
105000130,119,2178,-2059
105000131,136,98,38
105000132,892,571,321
105000133,159,313,-154
105000134,1171,225,946
105000135,227,118,109
105000136,25,14,11
105000137,345,64,281
105000138,49,24,25
105000139,415,156,259
105000140,633,103,530
105000141,214,154,60
105000142,307,144,163
105000143,104,214,-110
105000144,193,168,25
105000145,536,217,319
105000146,261,128,133
105000147,584,130,454
105000148,567,343,224
105000149,1856,963,893
105000150,525,187,338
105000151,481,192,289
105000152,149,166,-17
105000153,712,214,498
105000154,281,190,91
105000155,266,216,50
105000156,85,158,-73
105000157,354,461,-107
105000158,1588,364,1224
105000159,194,463,-269
105000160,2356,322,2034
105000161,405,425,-20
105000162,499,1860,-1361
105000163,446,383,63
105000164,45,106,-61
105000165,204,5323,-5119
105000166,1739,1056,683
105000167,703,2006,-1303
105000168,233,142,91
105000169,539,99,440
105000170,295,652,-357
105000171,673,109,564
105000172,238,2,236
105000173,523,5,518
105000174,67,14,53
105000175,60,69,-9
105000176,459,52,407
105000177,289,154,135
105000178,193,89,104
105000179,1076,26,1050
105000180,264,27,237
105000181,109,81,28
105000182,62,10,52
105000183,868,1704,-836
105000184,118,135,-17
105000185,139,641,-502
105000186,254,257,-3
105000187,414,215,199
105000188,113,212,-99
105000189,45,216,-171
105000190,144,92,52
105000191,139,125,14
105000192,262,44,218
105000193,75,64,11
105000194,440,32,408
105000195,135,193,-58
105000196,25,95,-70
105000197,104,158,-54
105000198,61,93,-32
105000199,32,254,-222
105000200,77,389,-312
105000201,106,24,82
105000203,3,59,-56
105000204,41,46,-5
105000205,40,53,-13
105000207,33,40,-7
105000208,86,206,-120
105000209,107,14,93
105000212,648,307,341
105000213,27,70,-43
105000214,152,71,81
105000215,130,91,39
105000216,64,25,39
105000217,30,36,-6
105000218,1808,391,1417
105000221,108,73,35
105000222,129,38,91
105000223,276,29,247
105000226,57,103,-46
105000227,23,82,-59
105000228,24,889,-865
105000229,79,334,-255
105000231,337,122,215
105000233,591,421,170
105000234,286,497,-211
105000235,489,271,218
105000237,801,59,742
105000243,48,77,-29
105000248,9,21,-12
105000262,206,148,58
105000269,115,50,65
105000270,489,14,475
105000271,3,108,-105
105000282,8,16,-8
105000287,113,82,31
105000288,734,289,445
105000289,460,799,-339
105000290,31,2,29
105000402,748,1708,-960
105000426,94,233,-139
105000438,527,657,-130
105000446,2430,2207,223
105000447,1100,815,285
105000454,485,77,408
105000455,129,51,78
105000474,30,0,30
105000477,822,348,474
105000478,1399,3189,-1790
105000479,17,43,-26
105000480,3032,3785,-753
105000481,2434,1896,538
105000482,1156,1771,-615
105000483,743,963,-220
105000484,695,872,-177
105000485,658,1509,-851
105000486,674,777,-103
105000488,1149,1306,-157
105000489,1026,228,798
105000549,99,56,43
105000550,124,295,-171
105000551,9,52,-43
105000552,931,431,500
105000555,150,485,-335
105900001,3,503,-500
105900002,800,467,333
105900003,0,33,-33
105900004,30,20,10
105900005,9,62,-53
105900006,6,53,-47
105900007,15,10,5
105900008,23,106,-83
105900009,57,22,35
105900011,84,28,56
105900012,345,61,284
105900013,2,13,-11
105900014,0,12,-12
105900015,62,130,-68
105900016,377,158,219
105900017,1243,10,1233
105900018,29,42,-13
105900019,20,66,-46
105900020,25,27,-2
105900021,30,231,-201
105900022,118,76,42
105900023,14,93,-79
105900024,5,125,-120
105900025,224,4,220
105900026,108,4,104
105900027,3449,1198,2251
105900028,109,47,62
105900029,703,166,537
105900030,136,63,73
105900031,137,27,110
105900032,46,28,18
105900033,35,40,-5
105900034,111,30,81
105900035,130,55,75
105900036,82,10,72
105900037,62,16,46
105900038,58,75,-17
105900039,70,20,50
105900040,38,9,29
105900041,88,71,17
105900042,19,28,-9
105900043,356,25,331
105900044,0,101,-101
105900045,0,334,-334
105900046,2,36,-34
105900047,3,4,-1
105900048,124,72,52
105900050,287,1460,-1173
105900051,7,229,-222
105900052,196,18,178
105900053,733,1925,-1192
105900054,70,92,-22
105900056,264,268,-4
105900057,5,75,-70
105900058,15,7,8
105900059,0,59,-59
106000001,1206,971,235
106000002,435,1259,-824
106000003,1998,1949,49
106000004,1545,1602,-57
106000005,3013,2232,781
106000006,2198,1170,1028
106000007,421,74,347
106000008,100,180,-80
106000009,324,81,243
106000010,137,265,-128
106000011,1167,448,719
106000012,476,312,164
106000013,1592,742,850
106000014,663,627,36
106000015,1947,610,1337
106000016,756,829,-73
106000017,970,336,634
106000018,317,275,42
106000019,464,222,242
106000020,173,143,30
106000021,354,130,224
106000022,205,117,88
106000023,951,203,748
106000024,295,228,67
106000025,150,130,20
106000026,45,106,-61
106000027,1898,700,1198
106000028,292,91,201
106000029,308,246,62
106000030,47,172,-125
106000034,15,87,-72
106000035,528,921,-393
106000036,31,326,-295
106000037,340,463,-123
106000038,13,52,-39
106000039,50,103,-53
106000040,48,826,-778
106000041,522,269,253
106000043,255,131,124
106000046,207,42,165
106000047,63,308,-245
106000049,810,53,757
106000050,64,205,-141
106000051,760,380,380
106000052,0,0,0
106000053,499,80,419
106000054,0,0,0
106000055,725,207,518
106000056,0,0,0
106000057,473,128,345
106000058,0,0,0
106000059,490,163,327
106000060,27,80,-53
106000061,210,536,-326
106000062,55,71,-16
106000063,632,615,17
106000064,0,0,0
106000065,491,124,367
106000066,42,9,33
106000067,371,24,347
106000068,78,48,30
106000069,370,13,357
106000070,103,29,74
106000071,722,123,599
106000072,919,627,292
106000073,673,3091,-2418
106000074,470,399,71
106000075,283,432,-149
106000076,799,443,356
106000077,1001,345,656
106000078,843,283,560
106000079,714,178,536
106000080,776,259,517
106000081,614,246,368
106000082,990,274,716
106000083,262,502,-240
106000084,467,273,194
106000085,827,467,360
106000086,228,132,96
106000087,624,318,306
106000088,334,187,147
106000089,750,141,609
106000090,301,187,114
106000091,216,298,-82
106000092,477,163,314
106000093,397,40,357
106000094,40,72,-32
106000095,1106,387,719
106000096,1274,155,1119
106000097,1067,403,664
106000098,847,115,732
106000099,72,179,-107
106000100,1052,86,966
106000101,748,61,687
106000102,60,178,-118
106000103,182,250,-68
106000104,843,250,593
106000105,328,236,92
106000106,644,119,525
106000107,57,160,-103
106000108,448,76,372
106000109,91,61,30
106000110,437,71,366
106000111,149,78,71
106000112,223,581,-358
106000113,239,258,-19
106000114,292,508,-216
106000115,126,260,-134
106000116,270,85,185
106000117,489,180,309
106000118,785,677,108
106000119,417,233,184
106000120,450,855,-405
106000121,210,62,148
106000122,204,125,79
106000123,807,48,759
106000124,82,49,33
106000125,55,130,-75
106000126,394,39,355
106000127,1035,256,779
106000128,744,87,657
106000129,404,257,147
106000130,832,200,632
106000131,35,466,-431
106000132,455,138,317
106000133,749,1001,-252
106000134,188,1863,-1675
106000135,85,301,-216
106000136,708,1142,-434
106000137,67,359,-292
106000138,1614,40,1574
106000139,78,61,17
106000140,1,4,-3
106000141,19,7,12
106000142,205,90,115
106000143,5,7,-2
106000144,29,77,-48
106000145,112,58,54
106000146,482,65,417
106000147,231,377,-146
106000148,242,436,-194
106000149,607,369,238
106000150,689,1268,-579
106000151,1545,369,1176
106000152,563,960,-397
106000153,32,896,-864
106000154,615,82,533
106000155,128,191,-63
106000156,1055,57,998
106000157,281,843,-562
106000158,830,445,385
106000159,905,1117,-212
106000160,386,1931,-1545
106000161,353,106,247
106000162,418,1033,-615
106000163,215,89,126
106000164,572,75,497
106000165,147,185,-38
106000166,795,63,732
106000167,307,179,128
106000168,630,57,573
106000169,82,134,-52
106000170,701,60,641
106000171,126,336,-210
106000172,1331,357,974
106000173,478,685,-207
106000174,920,119,801
106000175,133,132,1
106000176,1624,277,1347
106000177,490,408,82
106000178,2117,401,1716
106000179,418,336,82
106000180,565,353,212
106000181,1318,719,599
106000182,1459,182,1277
106000183,1279,173,1106
106000184,848,250,598
106000185,800,776,24
106000186,135,32,103
106000187,15,463,-448
106000188,0,0,0
106000189,5,25,-20
106000190,24,1,23
106000191,315,41,274
106000192,0,0,0
106000193,68,109,-41
106000194,39,171,-132
106000195,64,41,23
106000196,28,210,-182
106000197,373,86,287
106000198,150,52,98
106000199,283,822,-539
106000200,119,135,-16
106000201,125,4347,-4222
106000202,1293,350,943
106000203,0,118,-118
106000204,52,4,48
106000205,7,122,-115
106000206,45,8,37
106000207,5,113,-108
106000208,1378,45,1333
106000209,1819,136,1683
106000210,142,276,-134
106000211,208,415,-207
106000212,1137,227,910
106000213,61,756,-695
106000214,684,254,430
106000215,258,200,58
106000216,451,109,342
106000217,183,201,-18
106000218,298,74,224
106000219,95,106,-11
106000220,572,118,454
106000221,189,52,137
106000222,66,46,20
106000223,304,60,244
106000224,95,61,34
106000225,36,111,-75
106000226,29,74,-45
106000228,1,4,-3
106000229,119,110,9
106000231,881,17,864
106000232,48,84,-36
106000233,316,43,273
106000234,11,139,-128
106000235,59,76,-17
106000236,66,171,-105
106000237,0,160,-160
106000238,22,52,-30
106000239,0,52,-52
106000240,11,18,-7
106000241,3,366,-363
106000242,153,14,139
106000249,129,38,91
106000250,28,300,-272
106000251,69,6,63
106000252,8,19,-11
106000253,43,18,25
106000254,6,10,-4
106000255,58,50,8
106000256,7,3,4
106000257,22,109,-87
106000258,29,68,-39
106000259,2,51,-49
106000260,36,3,33
106000261,6,36,-30
106000262,62,0,62
106000263,5,35,-30
106000264,106,2,104
106000265,11,13,-2
106000266,126,6,120
106000267,9,36,-27
106000268,147,2,145
106000269,31,9,22
106000270,58,58,0
106000271,48,26,22
106000272,57,15,42
106000273,2,44,-42
106000274,59,4,55
106000275,115,72,43
106000276,15,4,11
106000277,99,85,14
106000278,50,1,49
106000279,3,1,2
106000280,55,8,47
106000281,32,33,-1
106000282,57,20,37
106000283,69,3,66
106000284,145,15,130
106000285,21,35,-14
106000286,93,15,78
106000287,12,19,-7
106000288,94,10,84
106000289,45,47,-2
106000290,82,5,77
106000291,42,26,16
106000292,23,8,15
106000293,57,28,29
106000294,54,8,46
106000295,13,8,5
106000296,30,4,26
106000297,39,48,-9
106000298,8,34,-26
106000299,16,14,2
106000300,22,21,1
106000301,39,56,-17
106000303,59,23,36
106000304,16,15,1
106000305,79,17,62
106000306,12,14,-2
106000307,141,1,140
106000308,3,50,-47
106000309,15,36,-21
106000310,166,163,3
106000311,341,66,275
106000312,134,57,77
106000313,115,70,45
106000318,13,110,-97
106000319,577,160,417
106000320,3,119,-116
106000321,47,344,-297
106000322,167,31,136
106000324,60,187,-127
106000325,1520,297,1223
106000326,309,612,-303
106000327,203,25,178
106000328,13,17,-4
106000329,30,85,-55
106000330,10,74,-64
106000428,56,157,-101
106000429,81,250,-169
106000430,341,599,-258
106000431,1723,186,1537
106000432,485,832,-347
106000433,1709,760,949
106000434,2309,749,1560
106000435,662,833,-171
106000436,0,82,-82
106000437,457,55,402
106000438,134,288,-154
106000439,14,324,-310
106000440,157,209,-52
106000441,16,1,15
106000442,227,2,225
106000443,206,88,118
106000450,0,67,-67
106000451,31,71,-40
106000454,0,34,-34
106000455,0,89,-89
106000456,75,18,57
106000457,7,165,-158
106000458,1000,176,824
106000459,102,50,52
106000460,1680,38,1642
106000461,61,136,-75
106000462,0,14,-14
106000463,3,45,-42
106000464,0,671,-671
106000465,827,1,826
106000466,0,302,-302
106000467,74,221,-147
106000468,145,69,76
106000469,248,5,243
106000470,79,853,-774
106000471,1,149,-148
106000472,97,7,90
106000473,13,1,12
106000474,194,235,-41
106000475,302,182,120
106000476,82,252,-170
106000477,0,8,-8
106000480,0,146,-146
106900001,0,0,0
106900002,0,113,-113
106900003,59,409,-350
106900004,2,10,-8
106900006,0,5,-5
106900007,0,3,-3
106900008,428,22,406
106900009,320,69,251
106900010,286,59,227
106900012,315,1958,-1643
106900013,381,164,217
106900014,78,1,77
106900015,11,1,10
106900016,352,21,331
106900017,2,2,0
106900018,23,0,23
106900019,156,0,156
106900020,667,1241,-574
106900021,147,51,96
106900022,1376,6,1370
106900023,13,23,-10
106900024,450,31,419
106900025,8,196,-188
106900026,1,104,-103
106900027,824,4,820
107000001,1911,2336,-425
107000002,775,744,31
107000003,5142,5311,-169
107000004,1714,910,804
107000005,5677,3575,2102
107000006,1540,803,737
107000007,3265,3528,-263
107000008,2265,1361,904
107000009,5842,4368,1474
107000010,2858,1968,890
107000011,277,323,-46
107000012,1007,761,246
107000013,30,14,16
107000014,46,33,13
107000015,218,84,134
107000016,324,171,153
107000017,507,481,26
107000018,0,407,-407
107000020,450,611,-161
107000021,451,233,218
107000022,571,1027,-456
107000023,862,146,716
107000024,693,985,-292
107000025,152,181,-29
107000026,387,212,175
107000027,931,354,577
107000028,871,353,518
107000029,2682,1721,961
107000030,1199,850,349
107000031,3252,1364,1888
107000032,203,335,-132
107000033,992,1481,-489
107000034,1413,420,993
107000035,197,135,62
107000036,205,734,-529
107000037,66,429,-363
107000038,101,86,15
107000039,536,596,-60
107000040,93,77,16
107000041,579,231,348
107000042,221,1122,-901
107000043,619,247,372
107000044,172,108,64
107000045,51,91,-40
107000046,389,115,274
107000047,175,313,-138
107000048,348,94,254
107000049,223,260,-37
107000050,404,174,230
107000051,178,204,-26
107000052,534,1206,-672
107000053,211,281,-70
107000054,25,77,-52
107000055,98,109,-11
107000056,318,324,-6
107000057,626,154,472
107000058,1680,1555,125
107000059,731,1217,-486
107000060,4363,3009,1354
107000061,1888,1020,868
107000062,4817,1512,3305
107000063,1303,1203,100
107000064,3660,2288,1372
107000065,1304,1622,-318
107000066,785,1599,-814
107000067,692,478,214
107000068,500,368,132
107000069,730,514,216
107000070,822,4,818
107000071,2671,26,2645
107000072,2,605,-603
107000073,586,354,232
107000074,37,199,-162
107000075,1357,79,1278
107000076,148,471,-323
107000077,2274,326,1948
107000078,222,504,-282
107000079,2454,476,1978
107000080,180,659,-479
107000081,3164,381,2783
107000082,239,309,-70
107000083,1193,529,664
107000084,86,207,-121
107000085,1503,1386,117
107000086,1220,854,366
107000087,1674,1023,651
107000088,1021,1109,-88
107000089,1084,976,108
107000090,552,301,251
107000091,1079,510,569
107000092,371,299,72
107000093,883,483,400
107000094,388,366,22
107000095,1056,417,639
107000096,231,361,-130
107000097,1232,243,989
107000098,167,357,-190
107000099,313,292,21
107000100,125,212,-87
107000101,83,147,-64
107000102,143,246,-103
107000103,294,148,146
107000104,123,163,-40
107000105,428,103,325
107000106,57,127,-70
107000107,665,113,552
107000108,131,195,-64
107000109,666,108,558
107000110,16,289,-273
107000111,345,23,322
107000112,31,232,-201
107000113,878,32,846
107000114,32,417,-385
107000115,621,202,419
107000116,32,230,-198
107000117,124,1104,-980
107000118,22,37,-15
107000119,631,1372,-741
107000120,877,458,419
107000121,607,220,387
107000122,387,290,97
107000123,464,240,224
107000124,407,138,269
107000125,966,159,807
107000126,888,213,675
107000129,114,201,-87
107000130,823,355,468
107000131,243,500,-257
107000132,435,189,246
107000133,202,58,144
107000134,139,0,139
107000135,2,186,-184
107000136,281,0,281
107000137,4,133,-129
107000138,33,2,31
107000139,1,252,-251
107000140,953,40,913
107000141,49,306,-257
107000142,359,26,333
107000143,22,272,-250
107000144,226,442,-216
107000145,38,124,-86
107000146,175,276,-101
107000147,2147,306,1841
107000150,91,2630,-2539
107000151,0,17,-17
107000152,198,2070,-1872
107000153,31,100,-69
107000154,0,65,-65
107000155,721,6,715
107000156,1024,3,1021
107000157,6,285,-279
107000158,773,4,769
107000159,12,176,-164
107000160,1369,125,1244
107000161,17,315,-298
107000162,143,482,-339
107000163,127,4,123
107000164,811,1,810
107000165,1242,13,1229
107000166,1,143,-142
107000167,644,116,528
107000168,696,231,465
107000169,137,183,-46
107000170,2778,405,2373
107000171,193,224,-31
107000172,1250,1426,-176
107000173,213,215,-2
107000174,868,4208,-3340
107000175,1432,350,1082
107000176,0,1,-1
107000177,1,0,1
107000178,30,0,30
107000179,268,610,-342
107000180,1727,98,1629
107000181,197,324,-127
107000182,1776,248,1528
107000183,83,237,-154
107000184,1224,206,1018
107000185,113,392,-279
107000186,651,127,524
107000187,665,531,134
107000188,426,125,301
107000189,586,258,328
107000190,588,221,367
107000191,613,264,349
107000192,850,168,682
107000193,265,130,135
107000194,213,127,86
107000197,717,86,631
107000198,261,357,-96
107000199,237,203,34
107000200,450,372,78
107000201,155,118,37
107000202,105,276,-171
107000203,148,389,-241
107000204,130,888,-758
107000205,350,168,182
107000206,101,557,-456
107000207,149,323,-174
107000208,114,217,-103
107000209,275,235,40
107000210,65,126,-61
107000211,17,12,5
107000212,69,29,40
107000213,4,7,-3
107000214,2,18,-16
107000215,442,83,359
107000216,293,94,199
107000217,124,79,45
107000219,34,133,-99
107000220,49,54,-5
107000222,98,97,1
107000224,347,48,299
107000225,68,188,-120
107000226,413,55,358
107000227,56,93,-37
107000228,30,202,-172
107000229,47,79,-32
107000230,323,191,132
107000231,248,451,-203
107000232,26,7,19
107000233,86,246,-160
107000234,0,58,-58
107000235,14,6,8
107000236,0,161,-161
107000237,12,0,12
107000238,18,1,17
107000239,1056,245,811
107000240,17,147,-130
107000241,8,4,4
107000242,78,5,73
107000243,0,25,-25
107000244,2,14,-12
107000246,0,230,-230
107000249,0,320,-320
107000251,0,15,-15
107000252,0,88,-88
107000255,120,71,49
107000257,1,360,-359
107000258,21,128,-107
107000259,0,51,-51
107000260,1424,5,1419
107000262,0,95,-95
107000263,390,2,388
107000266,5,6,-1
107000267,4,41,-37
107000268,71,20,51
107000269,5,3,2
107000270,260,86,174
107000271,16,0,16
107000272,211,1,210
107000273,0,68,-68
107000274,285,52,233
107000275,12,246,-234
107000280,1158,6,1152
107000281,2,169,-167
107000282,8,250,-242
107000290,21,12,9
107000291,17,6,11
107000292,0,48,-48
107000293,14,10,4
107000294,0,54,-54
107000295,21,4,17
107000296,0,10,-10
107000444,135,2,133
107000496,6,3,3
107000497,355,458,-103
107000500,224,77,147
107000501,47,105,-58
107000502,136,101,35
107000505,142,247,-105
107000506,0,3,-3
107000508,0,26,-26
107000509,43,313,-270
107000510,15,20,-5
107000514,56,482,-426
107000515,0,47,-47
107000516,513,170,343
107000518,1274,1515,-241
107000519,424,149,275
107000520,140,21,119
107000521,722,116,606
107000522,970,476,494
107900001,28,11,17
107900002,27,3,24
107900003,153,2,151
107900004,83,2,81
107900005,2049,18,2031
107900006,124,12,112
107900007,249,6,243
107900008,27,19,8
107900009,161,3,158
107900010,43,0,43
107900012,327,44,283
107900013,113,13,100
107900014,74,2,72
107900015,1362,16,1346
107900016,129,22,107
107900017,23,0,23
107900018,66,387,-321
107900019,23,13,10
107900020,5,54,-49
107900021,100,0,100
107900023,5,0,5
107900024,4,1,3
107900025,86,48,38
107900026,40,21,19
107900027,2,229,-227
107900028,126,7,119
107900030,212,4,208
107900031,106,19,87
107900032,21,1,20
107900033,26,21,5
107900034,145,8,137
107900035,1391,57,1334
107900036,36,36,0
107900037,2,4,-2
107900038,5,201,-196
107900039,12,18,-6
107900040,15,512,-497
107900041,2,0,2
107900043,88,40,48
107900044,3,5,-2
107900045,48,28,20
107900046,545,138,407
107900047,105,11,94
107900048,251,19,232
107900049,69,697,-628
107900050,6,68,-62
107900051,33,17,16
107900052,3,94,-91
107900053,49,27,22
107900055,127,83,44
107900056,36,85,-49
107900057,2,0,2
107900058,25,93,-68
107900060,1,11,-10
107900061,2,33,-31
107900063,107,41,66
107900064,92,238,-146
107900065,457,6,451
107900066,3,4,-1
107900067,0,0,0
107900068,16,309,-293
107900069,1,2021,-2020
107900070,143,133,10
107900071,12,128,-116
107900072,161,45,116
107900073,69,11,58
107900074,48,130,-82
107900076,140,7,133
107900077,105,0,105
107900078,46,4,42
107900079,7,15,-8
107900080,10,180,-170
107900081,20,25,-5
107900082,1,1,0
107900083,432,89,343
107900084,107,110,-3
107900086,24,144,-120
107900087,74,25,49
107900088,37,0,37
107900089,48,224,-176
107900090,152,1347,-1195
107900091,65,88,-23
107900092,616,76,540
107900093,29,17,12
107900095,531,720,-189
107900097,16,23,-7
107900098,87,85,2
107900100,143,966,-823
107900101,89,14,75
107900102,18,0,18
107900103,16,59,-43
107900104,325,2,323
107900105,4,41,-37
107900106,0,164,-164
107900107,270,183,87
107900108,22,4,18
107900109,1582,14,1568
107900110,76,8,68
107900111,0,146,-146
107900112,37,216,-179
107900113,168,18,150
107900114,331,22,309
107900115,0,8,-8
107900116,176,39,137
107900117,140,92,48
107900118,2,53,-51
107900119,48,97,-49
107900120,32,3,29
107900121,0,72,-72
107900122,0,28,-28
107900123,1,43,-42
107900124,9,33,-24
107900125,11,25,-14
107900126,20,5,15
107900127,497,75,422
107900128,62,8,54
107900129,102,0,102
107900130,127,1,126
107900131,13,26,-13
107900132,5,65,-60
107900133,0,36,-36
107900134,8,22,-14
107900135,0,19,-19
107900136,10,13,-3
107900137,4,15,-11
107900138,63,7,56
107900139,110,11,99
107900140,60,29,31
107900141,17,6,11
107900142,17,128,-111
107900143,2,21,-19
107900144,0,29,-29
107900145,4,14,-10
107900146,12,37,-25
107900147,33,7,26
107900148,94,54,40
107900149,180,22,158
107900150,0,87,-87
107900151,69,9,60
107900152,11,27,-16
107900153,27,99,-72
107900154,30,11,19
107900155,68,3,65
107900156,8,16,-8
107900157,5,45,-40
107900158,917,41,876
107900159,1,124,-123
107900160,90,27,63
107900161,42,46,-4
107900162,0,18,-18
107900163,4,23,-19
107900164,5,10,-5
107900165,9,122,-113
107900166,27,25,2
107900167,8,72,-64
107900168,30,3,27
107900169,1,241,-240
107900171,1,133,-132
107900172,11,45,-34
107900173,86,17,69
107900174,155,12,143
107900175,38,21,17
107900176,20,1,19
107900177,0,32,-32
107900178,0,38,-38
107900179,2,31,-29
107900180,60,825,-765
107900181,80,151,-71
107900182,0,72,-72
107900183,35,28,7
107900184,66,35,31
107900185,58,3,55
107900186,17,6,11
107900187,0,19,-19
107900188,174,27,147
107900189,3,19,-16
107900190,35,56,-21
107900191,26,31,-5
107900193,0,43,-43
107900194,88,5,83
107900195,395,96,299
107900196,63,9,54
107900197,51,77,-26
107900199,0,110,-110
107900201,42,43,-1
107900203,10,4,6
107900204,43,48,-5
107900205,41,75,-34
107900206,45,296,-251
107900207,0,86,-86
107900208,0,92,-92
107900209,96,32,64
107900210,14,2,12
107900213,73,69,4
107900214,0,30,-30
107900215,62,176,-114
107900216,1,9,-8
107900217,48,28,20
107900218,1,164,-163
107900219,10,7,3
107900220,6,35,-29
107900221,32,61,-29
107900223,31,32,-1
107900224,34,197,-163
107900225,0,48,-48
107900226,1,80,-79
107900227,30,82,-52
107900228,7,48,-41
107900229,3,43,-40
107900230,23,35,-12
107900231,41,25,16
107900232,125,6,119
107900233,1,33,-32
107900234,153,19,134
107900235,3,34,-31
107900236,198,15,183
107900237,19,145,-126
107900238,14,7,7
107900239,81,199,-118
107900240,16,18,-2
107900241,2,61,-59
107900242,7,26,-19
107900243,0,17,-17
107900244,338,4,334
107900245,740,29,711
107900246,162,25,137
107900248,669,13,656
107900249,720,56,664
107900250,0,71,-71
107900251,3,125,-122
107900252,545,45,500
107900253,92,13,79
107900254,1,71,-70
107900255,32,20,12
107900256,120,539,-419
107900257,230,73,157
107900258,114,29,85
107900259,25,2028,-2003
107900261,0,79,-79
107900262,35,32,3
107900264,358,10,348
107900265,24,33,-9
107900267,283,12,271
107900268,3,2,1
107900269,0,0,0
107900270,1,18,-17
107900271,2,33,-31
107900272,11,43,-32
107900273,13,33,-20
107900274,110,0,110
107900275,6,0,6
107900276,0,22,-22
107900277,1,21,-20
107900278,299,134,165
107900279,23,44,-21
107900280,729,261,468
107900281,417,4589,-4172
107900282,50,798,-748
107900283,478,398,80
107900284,508,220,288
107900285,83,29,54
107900286,6,2,4
107900287,338,30,308
107900290,1,223,-222
107900291,462,5,457
107900292,80,54,26
107900293,32,181,-149
107900295,21,14,7
107900297,3,141,-138
107900298,286,415,-129
107900299,1471,2026,-555
107900300,86,225,-139
107900301,231,293,-62
107900302,70,6,64
107900303,272,167,105
107900304,397,55,342
107900305,231,3,228
107900306,1,26,-25
107900307,5,116,-111
107900308,139,62,77
107900309,16,0,16
107900310,23,0,23
107900311,214,310,-96
107900312,31,0,31
107900313,1,84,-83
107900314,0,170,-170
107900315,4,54,-50
107900316,41,0,41
107900317,59,0,59
107900318,0,152,-152
107900319,1,25,-24
107900320,1,25,-24
107900321,106,2,104
107900322,2,16,-14
107900323,2,70,-68
107900324,55,0,55
107900325,125,0,125
107900326,431,57,374
107900327,0,54,-54
107900328,0,0,0
107900329,4,43,-39
107900330,19,38,-19
107900331,395,4,391
107900332,381,4,377
107900333,72,4,68
107900334,10,18,-8
107900335,38,12,26
107900336,34,11,23
107900337,189,807,-618
107900338,2,79,-77
107900339,0,17,-17
107900340,1,154,-153
107900341,38,0,38
107900342,152,317,-165
107900343,8,0,8
107900344,0,82,-82
107900345,13,4,9
107900346,16,0,16
107900347,16,0,16
107900348,0,5,-5
107900349,13,15,-2
107900350,0,80,-80
107900351,0,4,-4
108000001,3107,1656,1451
108000002,477,834,-357
108000003,1957,1187,770
108000004,4271,4359,-88
108000005,6015,2858,3157
108000006,1510,1625,-115
108000007,4024,1855,2169
108000008,1352,1382,-30
108000009,4069,2044,2025
108000010,1043,1424,-381
108000011,8857,5501,3356
108000012,3721,3772,-51
108000014,249,688,-439
108000015,505,110,395
108000016,100,250,-150
108000017,836,171,665
108000018,1154,314,840
108000019,276,209,67
108000020,701,235,466
108000021,89,397,-308
108000022,281,355,-74
108000023,1013,101,912
108000024,246,107,139
108000025,338,69,269
108000026,613,94,519
108000027,667,69,598
108000028,666,83,583
108000029,362,83,279
108000030,431,133,298
108000031,145,202,-57
108000032,1875,313,1562
108000033,311,221,90
108000034,1644,242,1402
108000035,270,544,-274
108000036,180,370,-190
108000037,1690,142,1548
108000038,2992,213,2779
108000039,146,399,-253
108000040,1688,344,1344
108000041,246,577,-331
108000042,527,45,482
108000043,45,79,-34
108000044,740,37,703
108000045,62,105,-43
108000046,1470,95,1375
108000047,103,147,-44
108000048,58,67,-9
108000049,811,70,741
108000050,15,147,-132
108000051,318,135,183
108000052,40,172,-132
108000053,270,101,169
108000054,194,398,-204
108000055,570,270,300
108000056,211,429,-218
108000057,542,813,-271
108000058,992,2633,-1641
108000059,1024,543,481
108000060,157,242,-85
108000061,59,82,-23
108000062,746,230,516
108000063,374,179,195
108000064,222,138,84
108000065,296,293,3
108000066,834,333,501
108000067,1675,432,1243
108000068,832,124,708
108000069,80,286,-206
108000070,1843,198,1645
108000071,256,404,-148
108000072,1255,223,1032
108000073,397,453,-56
108000074,648,173,475
108000075,196,179,17
108000076,821,140,681
108000077,191,130,61
108000078,2278,414,1864
108000079,166,292,-126
108000080,1617,177,1440
108000081,162,407,-245
108000082,243,314,-71
108000083,1280,347,933
108000084,109,242,-133
108000085,972,216,756
108000086,144,151,-7
108000087,90,1571,-1481
108000088,229,2,227
108000089,151,177,-26
108000090,611,36,575
108000091,75,229,-154
108000092,342,24,318
108000093,211,185,26
108000094,996,12,984
108000095,115,159,-44
108000096,681,86,595
108000097,40,122,-82
108000098,1630,482,1148
108000099,263,18,245
108000100,122,104,18
108000101,1105,562,543
108000102,1042,2191,-1149
108000106,380,0,380
108000107,1,584,-583
108000108,649,55,594
108000109,3,204,-201
108000110,451,71,380
108000111,104,236,-132
108000112,17,83,-66
108000113,142,155,-13
108000115,141,102,39
108000117,237,226,11
108000118,38,164,-126
108000119,324,88,236
108000120,137,610,-473
108000121,248,181,67
108000122,738,153,585
108000123,468,102,366
108000124,183,101,82
108000125,489,139,350
108000126,164,112,52
108000127,418,85,333
108000128,697,43,654
108000129,119,119,0
108000130,461,95,366
108000131,598,82,516
108000132,119,179,-60
108000133,1158,70,1088
108000134,157,104,53
108000135,1356,301,1055
108000136,96,104,-8
108000137,440,76,364
108000138,228,162,66
108000139,512,144,368
108000140,503,4,499
108000141,15,14,1
108000142,15,26,-11
108000143,9,22,-13
108000144,110,7,103
108000145,55,3,52
108000146,169,1,168
108000147,49,1,48
108000148,135,3,132
108000149,10,7,3
108000150,64,6,58
108000151,2,24,-22
108000152,27,51,-24
108000153,750,61,689
108000154,40,0,40
108000155,63,28,35
108000156,163,69,94
108000157,58,1311,-1253
108000158,7,454,-447
108000159,74,101,-27
108000160,955,829,126
108000161,821,2489,-1668
108000165,3,235,-232
108000172,15,134,-119
108000173,363,1316,-953
108000175,443,49,394
108000178,264,104,160
108000179,35,623,-588
108000181,140,2,138
108000182,56,0,56
108000183,0,1,-1
108000184,153,1969,-1816
108000185,222,110,112
108000186,450,7,443
108000187,86,108,-22
108000188,1042,32,1010
108000189,134,1300,-1166
108000190,10,31,-21
108000192,128,114,14
108000193,126,17,109
108000194,8,0,8
108000195,3,295,-292
108000196,156,110,46
108000198,265,51,214
108000199,0,55,-55
108000200,823,59,764
108000202,0,144,-144
108000203,97,85,12
108000204,181,50,131
108000205,62,101,-39
108000339,289,216,73
108000364,71,96,-25
108000365,13,166,-153
108000367,31,89,-58
108000368,6,29,-23
108000369,170,71,99
108000371,1,426,-425
108000372,461,2,459
108000373,156,34,122
108000376,95,10,85
108000377,576,90,486
108000378,6224,8061,-1837
108000379,10,65,-55
108000381,199,14,185
108000382,83,0,83
108000383,0,62,-62
108900001,8,113,-105
108900002,84,25,59
108900003,41,237,-196
108900004,3,271,-268
108900005,48,146,-98
108900006,505,65,440
108900007,324,60,264
108900008,169,29,140
108900009,84,92,-8
108900010,450,57,393
108900011,888,55,833
108900012,456,82,374
108900013,120,88,32
108900014,17,49,-32
108900015,0,152,-152
108900016,2,134,-132
108900017,27,86,-59
108900018,141,222,-81
108900019,2,105,-103
108900020,11,38,-27
108900021,56,69,-13
108900022,89,1,88
108900023,8,26,-18
108900024,21,38,-17
108900025,179,2,177
108900026,7,39,-32
108900027,0,40,-40
108900028,55,82,-27
108900029,32,63,-31
108900030,0,10,-10
108900031,120,79,41
108900032,0,26,-26
108900033,0,15,-15
108900034,0,33,-33
108900035,134,303,-169
108900036,103,122,-19
108900037,6,81,-75
108900038,1,55,-54
108900039,1,57,-56
108900040,0,61,-61
108900041,1810,1487,323
108900042,1,179,-178
108900043,27,303,-276
108900044,0,138,-138
108900045,105,57,48
108900046,12,122,-110
108900047,0,66,-66
108900048,26,127,-101
108900049,508,1361,-853
108900050,3,91,-88
108900051,0,28,-28
108900052,8,34,-26
108900053,15,198,-183
108900054,46,36,10
108900055,18,107,-89
108900056,0,39,-39
108900057,1,61,-60
108900058,27,94,-67
108900059,509,42,467
108900060,48,89,-41
108900061,13,8,5
108900062,0,89,-89
108900063,50,62,-12
108900064,289,20,269
108900065,9,106,-97
108900066,352,29,323
108900067,0,59,-59
108900068,16,43,-27
108900069,66,18,48
108900070,12,24,-12
108900071,160,19,141
108900072,770,163,607
108900073,19,44,-25
108900074,382,64,318
108900075,10,7,3
108900076,511,8,503
108900077,49,141,-92
108900078,61,26,35
108900079,141,29,112
108900080,12,600,-588
108900081,37,139,-102
108900082,46,26,20
108900083,6,158,-152
108900084,93,52,41
108900085,355,35,320
108900086,125,18,107
108900087,35,62,-27
108900088,203,92,111
108900089,1,40,-39
108900090,69,50,19
108900091,78,11,67
108900092,335,95,240
108900093,64,23,41
108900094,131,50,81
108900095,5,81,-76
108900096,50,3,47
108900097,100,64,36
108900098,551,750,-199
108900099,194,44,150
108900100,58,23,35
108900101,86,132,-46
108900102,6,1022,-1016
108900103,272,77,195
108900104,23,72,-49
108900105,2,1594,-1592
108900106,251,52,199
108900108,152,12,140
108900109,566,34,532
108900110,57,51,6
108900111,213,93,120
108900112,173,12,161
108900113,39,17,22
108900114,67,10,57
108900115,210,79,131
108900116,42,6,36
108900117,164,5,159
108900118,637,21,616
108900119,452,15,437
108900120,319,101,218
108900121,205,19,186
108900122,145,1,144
108900123,290,36,254
108900124,538,36,502
108900125,646,4,642
108900126,115,25,90
108900127,232,54,178
108900128,208,11,197
108900129,859,54,805
108900130,353,0,353
108900131,487,1,486
108900132,422,18,404
108900133,282,14,268
108900134,553,30,523
108900135,219,0,219
108900136,9,6,3
108900137,199,0,199
108900138,500,10,490
108900139,529,23,506
108900140,562,38,524
108900141,418,10,408
108900142,56,1,55
108900143,96,0,96
108900144,60,0,60
108900145,206,5,201
108900146,73,0,73
108900147,303,0,303
108900148,28,6,22
108900149,152,45,107
108900150,186,16,170
108900151,13,5,8
108900152,98,19,79
108900153,153,42,111
108900154,3520,150,3370
108900155,62,18,44
108900156,91,3,88
108900157,8,109,-101
108900158,513,14,499
108900159,4,84,-80
108900160,0,107,-107
108900161,10,107,-97
108900162,145,13,132
108900163,8,364,-356
108900164,33,10,23
108900165,28,10,18
108900167,288,7681,-7393
108900168,2000,1379,621
108900169,26,35,-9
108900171,1335,2724,-1389
108900172,187,53,134
108900173,90,71,19
108900174,875,84,791
108900176,43,84,-41
108900177,1351,5370,-4019
108900178,1164,2894,-1730
108900179,77,953,-876
108900180,82,191,-109
108900182,54,172,-118
108900183,88,59,29
108900184,228,168,60
108900185,17,125,-108
108900186,15,92,-77
108900187,566,15,551
108900188,709,10,699
108900189,147,7,140
108900190,5,410,-405
108900191,26,167,-141
108900192,11,125,-114
108900193,4,19,-15
108900194,0,58,-58
108900195,51,47,4
108900196,5,75,-70
108900198,2,104,-102
108900199,69,60,9
108900200,533,258,275
108900201,169,290,-121
108900203,372,32,340
108900204,336,11,325
108900205,145,5,140
108900206,272,40,232
108900207,179,168,11
108900208,2,96,-94
108900209,105,191,-86
108900210,158,59,99
108900211,43,297,-254
108900212,51,804,-753
108900215,42,127,-85
108900216,110,163,-53
108900217,33,0,33
108900218,21,5,16
108900219,25,3,22
108900220,19,18,1
108900221,9,21,-12
108900222,147,13,134
108900223,2,119,-117
108900224,65,129,-64
108900225,0,89,-89
108900226,396,15,381
108900227,92,140,-48
108900230,77,45,32
108900231,16,52,-36
108900232,1,93,-92
108900233,341,58,283
108900234,125,50,75
108900235,89,136,-47
108900236,9,165,-156
108900237,34,39,-5
108900240,64,20,44
108900241,46,34,12
108900245,3,960,-957
108900249,44,9,35
108900250,167,58,109
108900257,111,37,74
108900258,2,24,-22
108900259,1,8,-7
108900260,6,6,0
108900261,2,15,-13
108900262,38,15,23
108900263,22,30,-8
108900264,25,30,-5
108900265,178,272,-94
108900266,91,570,-479
108900267,0,166,-166
108900268,10,4,6
108900269,34,10,24
108900270,55,0,55
108900271,14,2,12
108900272,148,2,146
108900273,107,274,-167
108900274,11,14,-3
109000001,2214,2479,-265
109000002,344,991,-647
109000003,2211,304,1907
109000004,302,769,-467
109000005,1590,243,1347
109000006,245,471,-226
109000007,1759,185,1574
109000008,312,375,-63
109000009,2876,464,2412
109000010,294,809,-515
109000011,3635,1068,2567
109000012,561,865,-304
109000013,4023,3102,921
109000014,654,610,44
109000015,2320,7547,-5227
109000016,1236,599,637
109000017,2841,480,2361
109000018,303,603,-300
109000019,1941,607,1334
109000020,504,406,98
109000023,103,7,96
109000024,5,98,-93
109000025,217,320,-103
109000026,191,85,106
109000027,67,252,-185
109000028,31,37,-6
109000029,49,252,-203
109000030,29,75,-46
109000031,323,20,303
109000032,15,77,-62
109000033,679,63,616
109000034,31,37,-6
109000035,1,0,1
109000036,13,253,-240
109000037,275,2531,-2256
109000038,175,151,24
109000039,768,485,283
109000040,1547,11891,-10344
109000041,611,1886,-1275
109000042,315,1350,-1035
109000044,373,16,357
109000045,37,20,17
109000046,563,18,545
109000047,14,24,-10
109000048,357,99,258
109000049,54,19,35
109000050,305,120,185
109000051,43,4,39
109000052,347,363,-16
109000053,302,74,228
109000054,40,210,-170
109000055,115,201,-86
109000056,62,127,-65
109000057,811,245,566
109000058,105,62,43
109000059,49,640,-591
109000060,65,244,-179
109000061,120,1235,-1115
109000062,42,222,-180
109000063,108,32,76
109000064,496,46,450
109000065,179,32,147
109000066,414,52,362
109000067,39,60,-21
109000068,313,14,299
109000069,281,7,274
109000070,6,239,-233
109000071,196,29,167
109000072,53,142,-89
109000073,43,81,-38
109000074,4,86,-82
109000075,34,29,5
109000076,83,161,-78
109000077,154,154,0
109000078,103,121,-18
109000079,86,121,-35
109000080,185,59,126
109000081,125,138,-13
109000082,687,75,612
109000083,211,172,39
109000088,102,88,14
109000089,375,54,321
109000090,74,162,-88
109000091,441,64,377
109000092,59,108,-49
109000093,455,82,373
109000094,978,3,975
109000095,116,100,16
109000096,840,26,814
109000097,12,36,-24
109000098,17,104,-87
109000099,534,65,469
109000100,157,191,-34
109000101,1481,210,1271
109000102,323,154,169
109000103,495,130,365
109000104,2225,118,2107
109000105,178,264,-86
109000106,1394,174,1220
109000107,281,281,0
109000108,2202,187,2015
109000109,216,255,-39
109000110,1039,289,750
109000111,421,337,84
109000112,55,47,8
109000113,179,70,109
109000114,128,105,23
109000115,326,8,318
109000116,8,186,-178
109000117,126,16,110
109000118,3,139,-136
109000119,1713,42,1671
109000120,137,206,-69
109000121,763,6,757
109000122,114,204,-90
109000123,12,52,-40
109000124,619,114,505
109000125,1006,104,902
109000126,244,217,27
109000127,1204,38,1166
109000128,299,315,-16
109000129,2905,121,2784
109000130,196,337,-141
109000131,613,585,28
109000132,191,562,-371
109000133,64,396,-332
109000134,303,405,-102
109000135,115,271,-156
109000136,112,132,-20
109000137,204,109,95
109000138,203,77,126
109000139,428,130,298
109000140,115,131,-16
109000141,361,175,186
109000142,39,162,-123
109000143,86,20,66
109000145,33,53,-20
109000146,29,23,6
109000148,871,1016,-145
109000149,15,46,-31
109000150,20,68,-48
109000155,593,491,102
109000156,548,92,456
109000158,10,150,-140
109000159,52,154,-102
109000160,1193,71,1122
109000161,437,246,191
109000162,1452,167,1285
109000163,867,342,525
109000164,876,739,137
109000165,1045,205,840
109000166,872,74,798
109000167,68,110,-42
109000170,22,27,-5
109000171,62,5,57
109000172,2,26,-24
109000173,0,94,-94
109000174,187,22,165
109000175,22,29,-7
109000176,270,89,181
109000177,8,35,-27
109000178,855,111,744
109000179,1729,4035,-2306
109000180,1370,1772,-402
109000181,42,2,40
109000182,50,5,45
109000183,77,7,70
109000184,51,5,46
109000185,11,8,3
109000188,177,428,-251
109000189,2268,258,2010
109000190,534,209,325
109000191,221,210,11
109000192,456,39,417
109000193,331,51,280
109000194,150,24,126
109000195,146,38,108
109000196,194,5,189
109000197,224,80,144
109000198,257,14,243
109000199,34,76,-42
109000206,103,21,82
109000207,105,4,101
109000208,90,77,13
109000209,177,35,142
109000210,31,136,-105
109000211,900,165,735
109000214,144,123,21
109000215,135,45,90
109000216,308,292,16
109000217,50,53,-3
109000218,140,106,34
109000221,52,209,-157
109000222,404,35,369
109000223,395,276,119
109000224,86,70,16
109000225,210,15,195
109000226,31,43,-12
109000227,1703,210,1493
109000228,0,171,-171
109000231,3,50,-47
109000232,542,64,478
109000236,70,193,-123
109000241,942,336,606
109000242,874,194,680
109000293,64,47,17
109000361,35,78,-43
109000364,44,131,-87
109000396,1,98,-97
109000397,716,1,715
109000399,46,140,-94
109000400,80,74,6
109000403,2,679,-677
109000406,320,0,320
109000407,39,26,13
109000408,0,2,-2
109000410,465,37,428
109000411,146,30,116
109900001,49,0,49
109900002,519,7,512
109900003,690,2,688
109900004,74,83,-9
109900005,7,0,7
109900006,487,39,448
109900007,1133,85,1048
109900008,0,7,-7
109900009,55,185,-130
109900010,461,10,451
109900011,38,34,4
109900012,265,76,189
109900013,246,30,216
109900014,154,49,105
109900015,98,10,88
109900016,93,2,91
109900017,155,46,109
109900018,117,10,107
109900019,74,30,44
109900020,55,6,49
109900021,38,2,36
109900022,96,37,59
109900023,40,4,36
109900024,4,0,4
109900025,0,12,-12
109900026,0,79,-79
109900027,30,30,0
109900028,292,1655,-1363
109900029,1,52,-51
109900030,13,2,11
109900031,1,200,-199
109900032,10,70,-60
109900033,1,173,-172
109900034,31,2,29
109900035,38,59,-21
109900036,4,5,-1
109900037,4,90,-86
109900038,70,42,28
109900039,0,0,0
109900040,21,117,-96
109900041,36,56,-20
109900042,5,111,-106
109900044,16,51,-35
109900045,50,9,41
109900046,91,14,77
109900047,70,118,-48
109900048,0,22,-22
109900049,6,12,-6
109900050,0,15,-15
109900051,0,4,-4
109900052,37,95,-58
109900053,0,51,-51
109900054,1007,51,956
109900055,127,86,41
109900056,9,138,-129
109900057,1,27,-26
109900058,1,30,-29
109900059,1337,64,1273
109900060,692,29,663
109900061,21,23,-2
109900062,0,46,-46
109900063,16,261,-245
109900064,404,72,332
109900065,34,38,-4
109900066,35,160,-125
109900067,0,94,-94
109900068,71,5,66
109900069,0,2,-2
109900070,4,45,-41
109900071,0,15,-15
109900072,2,16,-14
109900073,519,100,419
109900074,3,4,-1
109900075,5,1,4
109900076,12,31,-19
109900077,5,13,-8
109900078,60,38,22
109900080,34,46,-12
109900081,0,93,-93
109900082,38,59,-21
109900083,2,10,-8
109900084,14,50,-36
109900085,41,106,-65
109900086,46,633,-587
109900087,34,83,-49
109900089,476,31,445
109900090,174,159,15
109900091,571,15,556
109900092,115,12,103
109900093,935,65,870
109900094,18,29,-11
109900095,18,73,-55
109900096,27,5,22
109900097,97,0,97
109900098,569,2,567
109900099,396,2,394
109900100,33,0,33
109900101,1248,1,1247
109900102,247,15,232
109900103,7,45,-38
109900104,981,104,877
109900105,515,23,492
109900106,312,37,275
109900107,562,22,540
109900108,63,102,-39
109900109,21,28,-7
109900110,19,73,-54
109900111,64,95,-31
109900112,117,110,7
109900113,742,219,523
109900114,117,742,-625
109900115,87,50,37
109900117,1378,44,1334
109900118,74,69,5
109900119,79,75,4
109900120,37,12,25
109900121,95,83,12
109900122,565,1,564
109900123,3,15,-12
109900124,6,69,-63
109900125,0,63,-63
109900126,456,4,452
109900128,275,9,266
109900130,1532,2375,-843
109900131,5,55,-50
109900132,0,68,-68
109900133,80,85,-5
109900134,9,14,-5
109900135,33,21,12
109900136,2,11,-9
109900137,129,71,58
109900140,49,28,21
109900142,1906,140,1766
109900145,7,403,-396
109900146,47,25,22
109900148,4,12,-8
109900149,6,9,-3
109900150,0,17,-17
109900151,5,38,-33
109900152,0,4,-4
109900153,0,12,-12
109900154,0,0,0
109900155,6,9,-3
109900157,27,40,-13
109900158,30,14,16
109900159,75,12,63
109900160,67,18,49
109900161,270,21,249
109900162,177,31,146
109900163,186,85,101
109900164,72,139,-67
109900165,36,6,30
109900166,0,42,-42
109900167,64,164,-100
109900168,84,180,-96
109900169,192,36,156
109900170,74,835,-761
109900171,264,89,175
109900172,131,172,-41
109900173,660,1408,-748
109900174,12,52,-40
109900175,22,25,-3
109900176,33,58,-25
109900177,8,33,-25
109900178,0,45,-45
109900179,1,38,-37
109900180,4,1,3
110000001,178,146,32
110000002,573,357,216
110000003,188,339,-151
110000004,386,349,37
110000005,195,1736,-1541
110000006,125,303,-178
110000007,76,25,51
110000008,12,98,-86
110000009,14,3,11
110000010,5,63,-58
110000011,22,6,16
110000012,319,91,228
110000013,25,285,-260
110000014,326,306,20
110000015,109,386,-277
110000016,193,864,-671
110000017,1552,177,1375
110000018,1164,190,974
110000019,10,35,-25
110000020,213,105,108
110000021,121,104,17
110000022,887,42,845
110000023,1,30,-29
110000024,216,169,47
110000025,866,2,864
110000026,1,127,-126
110000027,231,331,-100
110000028,652,182,470
110000029,243,205,38
110000030,245,319,-74
110000031,148,184,-36
110000032,705,116,589
110000033,85,94,-9
110000034,670,175,495
110000035,282,285,-3
110000036,1282,313,969
110000037,61,237,-176
110000038,126,539,-413
110000039,449,3644,-3195
110000040,269,153,116
110000041,352,2170,-1818
110000042,49,171,-122
110000043,661,298,363
110000044,36,120,-84
110000045,87,84,3
110000046,6,22,-16
110000047,21,27,-6
110000048,0,84,-84
110000049,6,5,1
110000050,7,81,-74
110000051,5,6,-1
110000052,31,22,9
110000053,12,6,6
110000054,46,245,-199
110000055,54,27,27
110000056,69,24,45
110000057,176,258,-82
110000058,437,273,164
110000059,310,232,78
110000060,723,320,403
110000061,271,303,-32
110000062,526,267,259
110000063,37,92,-55
110000064,31,16,15
110000065,144,80,64
110000066,93,4,89
110000067,24,15,9
110000068,196,39,157
110000069,543,15,528
110000071,417,8,409
110000073,5,0,5
110000075,37,7,30
110000076,382,391,-9
110000077,143,793,-650
110000078,75,24,51
110000080,83,135,-52
110000081,12,87,-75
110000082,12,168,-156
110000083,148,192,-44
110000084,888,743,145
110000085,453,433,20
110000086,494,1382,-888
110000087,18,3,15
110000088,199,99,100
110000089,170,22,148
110000090,97,140,-43
110000091,356,82,274
110000092,2,25,-23
110000093,21,7,14
110000094,129,56,73
110000095,71,676,-605
110000096,556,1564,-1008
110000097,562,1208,-646
110000098,1063,185,878
110000099,575,911,-336
110000100,1511,50,1461
110000101,95,71,24
110000102,63,41,22
110000104,248,118,130
110000105,75,95,-20
110000106,176,367,-191
110000107,95,157,-62
110000108,60,131,-71
110000109,86,107,-21
110000110,906,1981,-1075
110000111,1388,1681,-293
110000112,82,347,-265
110000113,57,1752,-1695
110000114,261,516,-255
110000115,459,99,360
110000116,16,20,-4
110000117,391,76,315
110000118,729,53,676
110000119,590,94,496
110000120,217,60,157
110000121,28,318,-290
110000122,192,172,20
110000123,310,201,109
110000124,0,301,-301
110000125,324,5,319
110000126,120,6,114
110000127,542,7,535
110000128,2,327,-325
110000129,1,111,-110
110000130,221,63,158
110000131,68,75,-7
110000132,0,134,-134
110000133,16,158,-142
110000134,26,177,-151
110000135,148,22,126
110000136,37,70,-33
110000137,610,160,450
110000138,677,137,540
110000139,930,150,780
110000140,440,218,222
110000143,214,172,42
110000144,815,815,0
110000145,659,474,185
110000146,405,236,169
110000147,196,512,-316
110000148,515,88,427
110000151,248,476,-228
110000152,212,258,-46
110000153,372,5,367
110000154,31,38,-7
110000155,334,756,-422
110000156,393,465,-72
110000157,305,971,-666
110000160,122,135,-13
110000161,78,124,-46
110000166,778,15,763
110000167,1507,384,1123
110000168,443,474,-31
110000169,473,300,173
110000170,160,54,106
110000171,315,53,262
110000172,198,195,3
110000173,223,201,22
110000174,81,158,-77
110000175,1278,70,1208
110000176,10,622,-612
110000177,144,1023,-879
110000178,158,2086,-1928
110000179,599,162,437
110000180,233,139,94
110000181,817,187,630
110000182,110,107,3
110000183,3101,5319,-2218
110000184,198,2270,-2072
110000185,231,344,-113
110000186,233,567,-334
110000191,1199,217,982
110000192,656,5,651
110000193,1317,2,1315
110000194,19,160,-141
110000195,441,19,422
110000196,439,47,392
110000197,48,14,34
110000198,59,16,43
110000199,25,48,-23
110000200,285,244,41
110000201,465,684,-219
110000202,673,328,345
110000203,107,167,-60
110000204,0,80,-80
110000205,353,36,317
110000206,153,234,-81
110000207,1350,76,1274
110000208,83,235,-152
110000209,61,190,-129
110000210,1338,183,1155
110000211,624,388,236
110000212,255,1047,-792
110000213,233,13,220
110000214,433,8,425
110000215,27,105,-78
110000216,51,76,-25
110000217,403,18,385
110000218,66,37,29
110000219,345,6,339
110000220,5,35,-30
110000221,497,11,486
110000222,31,72,-41
110000223,2,22,-20
110000224,0,0,0
110000225,144,263,-119
110000226,217,26,191
110000227,104,336,-232
110000228,280,41,239
110000229,1,80,-79
110000230,323,286,37
110000231,152,178,-26
110000232,61,93,-32
110000233,78,153,-75
110000234,312,205,107
110000235,650,356,294
110000236,275,160,115
110000237,1387,532,855
110000238,647,326,321
110000239,967,296,671
110000240,0,10,-10
110000242,0,16,-16
110000243,145,43,102
110000244,36,106,-70
110000245,17,178,-161
110000246,866,149,717
110000247,551,633,-82
110000248,709,235,474
110000249,89,11,78
110000250,14,60,-46
110000251,270,86,184
110000252,558,73,485
110000253,1384,192,1192
110000254,784,219,565
110000255,97,181,-84
110000256,374,121,253
110000257,126,74,52
110000258,3,80,-77
110000259,145,15,130
110000260,88,21,67
110000263,520,24,496
110000264,583,75,508
110000265,711,655,56
110000266,663,823,-160
110000267,42,22,20
110000268,185,49,136
110000269,2,19,-17
110000270,87,0,87
110000271,709,87,622
110000272,463,438,25
110000273,445,500,-55
110000274,196,1949,-1753
110000275,470,434,36
110000276,96,488,-392
110000277,277,115,162
110000278,176,296,-120
110000279,707,192,515
110000280,578,153,425
110000281,74,45,29
110000282,81,6,75
110000283,5,31,-26
110000284,0,17,-17
110000285,1,69,-68
110000286,10,0,10
110000287,75,0,75
110000288,0,36,-36
110000289,193,1834,-1641
110000290,238,539,-301
110000291,1083,431,652
110000292,296,5025,-4729
110000293,513,181,332
110000294,1446,1561,-115
110000295,54,212,-158
110000296,588,159,429
110000297,1926,79,1847
110000298,28,161,-133
110000299,133,30,103
110000301,426,11,415
110000302,310,272,38
110000303,562,8,554
110000304,125,58,67
110000305,1579,16,1563
110000306,358,247,111
110000307,1936,9,1927
110000308,448,2,446
110000309,0,173,-173
110000310,868,26,842
110000311,1,171,-170
110000312,518,23,495
110000313,1217,545,672
110000314,0,61,-61
110000315,643,961,-318
110000316,97,419,-322
110000317,116,244,-128
110000318,1,13,-12
110000319,5,18,-13
110000320,1,19,-18
110000321,26,18,8
110000322,75,196,-121
110000323,550,97,453
110000324,853,478,375
110000325,899,2890,-1991
110000327,276,95,181
110000328,44,184,-140
110000333,674,689,-15
110000334,133,403,-270
110000335,476,164,312
110000336,187,306,-119
110000337,1515,232,1283
110000338,313,123,190
110000339,424,74,350
110000340,61,68,-7
110000341,354,109,245
110000342,44,0,44
110000343,0,0,0
110000344,11,154,-143
110000345,58,211,-153
110000346,633,765,-132
110000347,834,294,540
110000348,22,3,19
110000349,12,8,4
110000350,57,0,57
110000351,1306,210,1096
110000352,281,1012,-731
110000353,1548,222,1326
110000354,408,1998,-1590
110000355,239,21,218
110000356,196,7,189
110000357,450,4,446
110000361,51,10,41
110000362,113,30,83
110000363,617,15,602
110000364,279,141,138
110000365,54,1,53
110000366,1,100,-99
110000367,275,86,189
110000368,0,86,-86
110000369,46,1,45
110000373,1,104,-103
110000374,55,10,45
110000375,55,388,-333
110000376,23,30,-7
110000377,59,224,-165
110000378,2,390,-388
110000379,1069,2099,-1030
110000380,110,6,104
110000383,0,145,-145
110000384,446,23,423
110000385,0,50,-50
110000387,106,0,106
110000388,24,52,-28
110000389,314,31,283
110000391,803,152,651
110000396,209,17,192
110000397,57,16,41
110000398,1,8,-7
110000399,93,10,83
110000587,163,143,20
110000589,216,17,199
110000640,81,23,58
110000652,7,195,-188
110000653,214,151,63
110000654,0,140,-140
110000656,0,101,-101
110000674,73,31,42
110000675,1,14,-13
110000676,0,9,-9
110000679,32,412,-380
110000682,98,114,-16
110000683,132,79,53
110000684,0,40,-40
110000685,7,24,-17
110000686,1,32,-31
110000687,4,4,0
110000688,28,1158,-1130
110000689,33,15,18
110000692,14,62,-48
110000693,9,209,-200
110000694,0,22,-22
110000695,54,198,-144
110000696,25,40,-15
110900001,289,12,277
110900002,204,99,105
110900003,1321,75,1246
110900004,507,25,482
110900005,824,3020,-2196
110900006,105,60,45
110900007,226,118,108
110900008,1,7,-6
110900009,245,462,-217
110900010,5,7,-2
110900011,2,4,-2
110900012,1,53,-52
110900013,976,58,918
110900014,244,1,243
110900015,61,383,-322
110900016,32,101,-69
110900017,445,14,431
110900018,411,19,392
110900019,392,0,392
110900020,211,26,185
110900021,92,164,-72
110900022,115,63,52
110900023,21,109,-88
110900024,45,34,11
110900025,1,12,-11
110900027,9,43,-34
110900028,1,21,-20
110900029,4,86,-82
110900030,0,9,-9
110900031,0,48,-48
110900032,0,15,-15
110900033,23,64,-41
110900035,1,253,-252
110900036,83,2,81
110900037,58,2,56
110900038,138,26,112
110900039,3,156,-153
110900040,141,5,136
110900041,13,6,7
110900042,25,16,9
110900043,20,6,14
110900044,27,11,16
110900045,56,111,-55
110900046,3,20,-17
110900047,48,257,-209
110900049,117,53,64
110900050,50,0,50
110900051,10,45,-35
110900052,0,42,-42
110900053,68,5,63
110900054,11,76,-65
110900055,3,0,3
110900056,14,69,-55
110900057,1,95,-94
110900058,251,21,230
110900059,157,291,-134
110900060,264,22,242
110900061,1,13,-12
110900062,88,51,37
110900063,14,25,-11
110900064,6,0,6
110900065,51,42,9
110900066,22,18,4
110900067,87,446,-359
110900068,61,33,28
110900069,6,2,4
110900070,62,7,55
110900071,73,1040,-967
110900073,0,3,-3
110900074,530,46,484
110900075,572,31,541
110900077,1260,100,1160
110900078,78,18,60
110900079,355,215,140
110900080,117,29,88
110900081,5,7,-2
110900082,182,29,153
110900083,106,45,61
110900084,82,24,58
110900085,56,73,-17
110900086,46,156,-110
110900087,357,26,331
110900088,11,0,11
110900090,37,78,-41
110900091,2,21,-19
110900093,103,45,58
110900095,24,5,19
110900097,12,4,8
110900098,5,12,-7
110900099,19,91,-72
110900100,0,9,-9
110900102,41,61,-20
110900105,328,85,243
110900108,9,67,-58
110900111,143,20,123
110900112,499,2,497
110900113,97,77,20
110900115,1,5,-4
110900116,1276,308,968
110900118,24,3502,-3478
110900119,1041,78,963
110900120,140,30,110
110900121,43,0,43
110900122,331,86,245
110900125,200,523,-323
110900127,69,434,-365
110900128,33,117,-84
110900129,66,486,-420
110900130,86,217,-131
110900131,205,9,196
110900132,536,14,522
110900133,19,27,-8
110900135,26,56,-30
110900136,361,1,360
110900137,6,0,6
110900138,136,199,-63
110900139,1,61,-60
110900140,14,3,11
110900141,1,58,-57
110900142,29,18,11
110900143,254,29,225
110900144,1,142,-141
110900145,122,88,34
110900146,120,239,-119
110900147,14,40,-26
110900148,0,19,-19
110900149,0,11,-11
110900150,40,14,26
110900151,1,17,-16
110900152,21,26,-5
110900153,185,22,163
111000001,561,369,192
111000002,388,519,-131
111000003,1468,824,644
111000004,345,725,-380
111000005,526,922,-396
111000006,550,1076,-526
111000007,2525,2218,307
111000008,1955,2596,-641
111000009,236,463,-227
111000010,1188,325,863
111000011,85,526,-441
111000012,191,361,-170
111000013,239,715,-476
111000014,1477,247,1230
111000017,7,451,-444
111000018,56,170,-114
111000020,141,570,-429
111000021,6,50,-44
111000023,66,44,22
111000025,1352,1827,-475
111000029,56,23,33
111000030,24,21,3
111000031,941,521,420
111000032,368,115,253
111000033,141,56,85
111000034,182,68,114
111000037,406,364,42
111000038,1072,666,406
111000039,681,499,182
111000040,702,517,185
111000041,112,98,14
111000042,1280,1019,261
111000043,1319,2593,-1274
111000044,1433,241,1192
111000045,2374,972,1402
111000046,1454,854,600
111000047,1943,4959,-3016
111000049,89,114,-25
111000050,349,368,-19
111000051,284,303,-19
111000052,232,319,-87
111000053,90,212,-122
111000054,183,172,11
111000055,394,518,-124
111000056,107,234,-127
111000057,42,173,-131
111000058,600,87,513
111000059,526,205,321
111000060,3437,413,3024
111000061,696,116,580
111000062,1145,202,943
111000063,1031,648,383
111000064,984,207,777
111000065,1147,353,794
111000066,664,189,475
111000067,1039,154,885
111000068,594,116,478
111000069,580,761,-181
111000070,269,231,38
111000071,151,142,9
111000072,1017,417,600
111000073,125,885,-760
111000074,949,581,368
111000075,500,158,342
111000076,545,232,313
111000077,743,469,274
111000078,918,238,680
111000079,497,175,322
111000080,339,193,146
111000081,1056,3790,-2734
111000082,804,182,622
111000084,575,287,288
111000085,649,527,122
111000086,1050,419,631
111000087,482,206,276
111000088,1999,2271,-272
111000089,490,364,126
111000090,381,392,-11
111000091,410,181,229
111000092,1417,416,1001
111000093,796,471,325
111000094,965,483,482
111000095,533,1795,-1262
111000096,566,5115,-4549
111000097,1390,526,864
111000098,145,294,-149
111000099,171,554,-383
111000100,347,551,-204
111000101,186,275,-89
111000102,101,125,-24
111000104,1012,38,974
111000107,37,84,-47
111000109,735,58,677
111000110,1017,321,696
111000111,3193,96,3097
111000112,1887,85,1802
111000113,788,1977,-1189
111000114,652,3003,-2351
111000115,1820,364,1456
111000116,505,291,214
111000117,269,275,-6
111000118,540,223,317
111000119,1068,316,752
111000120,597,317,280
111000121,303,334,-31
111000122,260,239,21
111000123,598,797,-199
111000124,199,825,-626
111000125,180,324,-144
111000126,50,160,-110
111000127,845,33,812
111000128,2258,120,2138
111000129,2529,101,2428
111000130,2387,174,2213
111000131,2380,217,2163
111000132,1927,1239,688
111000133,87,11,76
111000134,59,15,44
111000135,59,97,-38
111000136,321,101,220
111000138,17,13,4
111000140,1,12,-11
111000141,101,133,-32
111000142,3,60,-57
111000143,1,68,-67
111000144,0,155,-155
111000145,40,1,39
111000146,116,6,110
111000147,47,8,39
111000148,63,64,-1
111000149,1,101,-100
111000150,75,2,73
111000151,1,14,-13
111000153,180,97,83
111000154,227,53,174
111000155,180,32,148
111000156,415,111,304
111000157,169,245,-76
111000158,747,323,424
111000159,1497,366,1131
111000160,395,90,305
111000161,1,303,-302
111000162,1,38,-37
111000163,568,361,207
111000164,201,1145,-944
111000165,373,84,289
111000166,103,78,25
111000167,59,140,-81
111000168,139,142,-3
111000169,140,88,52
111000170,114,82,32
111000171,297,158,139
111000172,55,210,-155
111000173,85,401,-316
111000174,223,49,174
111000175,55,58,-3
111000176,461,46,415
111000177,887,88,799
111000178,2168,126,2042
111000179,403,46,357
111000180,325,169,156
111000181,1646,80,1566
111000182,236,90,146
111000183,69,243,-174
111000184,220,74,146
111000185,138,110,28
111000186,164,144,20
111000187,157,49,108
111000188,243,83,160
111000189,137,152,-15
111000190,110,62,48
111000191,126,81,45
111000192,66,133,-67
111000193,115,36,79
111000194,29,32,-3
111000195,28,72,-44
111000196,41,47,-6
111000197,519,22,497
111000198,321,22,299
111000199,328,130,198
111000200,616,164,452
111000201,659,42,617
111000202,422,33,389
111000203,335,65,270
111000204,161,1005,-844
111000213,146,192,-46
111000214,556,458,98
111000215,688,417,271
111000217,1353,346,1007
111000218,1489,310,1179
111000219,111,64,47
111000220,453,283,170
111000221,76,61,15
111000224,3,65,-62
111000225,436,373,63
111000226,35,1,34
111000227,25,4,21
111000228,2,632,-630
111000229,12,1674,-1662
111000230,33,84,-51
111000231,541,92,449
111000232,655,167,488
111000233,1139,165,974
111000234,239,239,0
111000239,13,12,1
111000240,45,278,-233
111000241,44,61,-17
111000242,195,39,156
111000243,141,68,73
111000244,745,58,687
111000245,492,75,417
111000246,726,96,630
111000247,443,122,321
111000248,405,56,349
111000249,407,117,290
111000250,45,13,32
111000251,57,28,29
111000253,48,7,41
111000255,30,12,18
111000257,37,5,32
111000260,30,362,-332
111000261,1238,7,1231
111000271,13,107,-94
111000273,1012,550,462
111000274,1064,1392,-328
111000275,50,3,47
111000276,121,436,-315
111000277,165,118,47
111000278,283,63,220
111000291,802,8288,-7486
111000298,411,84,327
111000299,463,81,382
111000300,24,103,-79
111000302,278,24,254
111000303,127,42,85
111000312,35,35,0
111000315,3,105,-102
111000320,62,139,-77
111000321,320,92,228
111000322,354,101,253
111000323,358,41,317
111000324,171,45,126
111000325,18,33,-15
111000326,158,92,66
111000327,233,167,66
111000328,367,327,40
111000329,0,15,-15
111000330,13,6,7
111000331,11,4,7
111000332,339,299,40
111000334,140,378,-238
111000335,856,29,827
111000337,1702,115,1587
111000338,59,12,47
111000339,593,90,503
111000340,29,234,-205
111000341,1266,664,602
111000342,12,390,-378
111000344,818,328,490
111000345,38,103,-65
111000346,3,62,-59
111000347,95,2,93
111000350,68,111,-43
111000351,51,218,-167
111000352,165,52,113
111000353,76,141,-65
111000354,329,24,305
111000355,182,144,38
111000358,87,294,-207
111000360,103,172,-69
111000361,187,153,34
111000546,466,68,398
111000547,472,82,390
111000548,48,30,18
111000549,186,42,144
111000550,15,452,-437
111000551,92,29,63
111000552,179,78,101
111000907,704,50,654
111000908,56,1,55
111000916,2083,57,2026
111000917,35,226,-191
111000918,57,147,-90
111000920,516,7,509
111000921,0,24,-24
111000922,613,40,573
111000924,3,121,-118
111000925,3331,1400,1931
111000926,740,592,148
111000927,1824,2722,-898
111000928,2131,678,1453
111000929,1855,470,1385
111000930,672,762,-90
111000931,1543,697,846
111000932,1447,683,764
111000933,2115,1761,354
111000934,517,637,-120
111000935,2000,568,1432
111000936,477,469,8
111000937,1145,600,545
111000938,524,421,103
111000939,754,2,752
111000940,1004,25,979
111000941,352,34,318
111000943,918,110,808
111000944,39,104,-65
111000945,130,341,-211
111001109,339,576,-237
111001110,36,144,-108
111001111,118,0,118
111001112,211,13,198
111001113,3,122,-119
111001114,217,62,155
111001115,1,172,-171
111001116,678,4410,-3732
111001117,122,1528,-1406
111001120,86,39,47
111001121,68,101,-33
111001122,172,80,92
111001123,527,26,501
111001124,111,34,77
111001125,3,280,-277
111900001,48,7,41
111900002,33,27,6
111900003,2,30,-28
111900004,3,13,-10
111900006,7,23,-16
111900007,244,3,241
111900008,212,1,211
111900009,254,6,248
111900010,23,138,-115
111900012,31,36,-5
111900013,32,11,21
111900014,1167,4600,-3433
111900015,0,48,-48
111900016,0,19,-19
111900017,0,11,-11
111900018,208,2,206
111900019,0,81,-81
111900020,1,11,-10
111900021,3,6,-3
111900022,7,1,6
111900023,107,3,104
111900024,68,24,44
111900025,0,30,-30
111900026,0,28,-28
111900027,0,12,-12
111900028,0,41,-41
111900029,0,15,-15
111900030,6,174,-168
111900031,12,18,-6
111900032,2,50,-48
111900033,22,15,7
111900034,18,151,-133
111900035,35,370,-335
111900036,0,43,-43
111900038,40,110,-70
111900039,5,87,-82
111900040,0,123,-123
111900042,8,29,-21
111900043,1,91,-90
111900044,37,44,-7
111900046,9,67,-58
111900048,373,158,215
111900049,3,107,-104
111900050,190,3,187
111900051,1,43,-42
111900052,67,107,-40
111900053,498,1880,-1382
111900054,295,2,293
111900055,2,72,-70
111900056,23,282,-259
111900057,135,2,133
111900058,570,105,465
111900059,574,559,15
111900060,276,0,276
111900061,0,71,-71
111900062,52,32,20
111900063,149,28,121
111900064,40,86,-46
111900065,198,22,176
111900066,195,66,129
111900067,0,42,-42
111900068,39,27,12
111900069,41,5,36
111900070,221,17,204
111900071,0,41,-41
111900072,6,21,-15
111900073,977,120,857
111900074,0,23,-23
111900075,74,0,74
111900076,170,45,125
111900077,48,0,48
111900078,419,31,388
111900079,20,32,-12
111900080,47,83,-36
111900082,177,38,139
111900083,231,17,214
111900084,76,1,75
111900085,19,47,-28
111900086,142,14,128
111900087,95,0,95
111900088,596,6,590
111900089,47,4,43
111900090,14,30,-16
111900091,693,5,688
111900092,219,0,219
111900093,463,6,457
111900094,101,6,95
111900095,363,6,357
111900096,295,5,290
111900097,133,0,133
111900098,426,15,411
111900099,80,0,80
111900100,75,0,75
111900101,273,5,268
111900102,701,182,519
111900103,14,21,-7
111900104,53,15,38
111900105,73,138,-65
111900106,83,2,81
111900110,891,117,774
111900111,290,15,275
111900112,156,3383,-3227
111900113,151,55,96
111900118,367,27,340
111900119,80,32,48
111900122,14,26,-12
111900123,19,17,2
111900124,17,69,-52
111900125,316,120,196
111900126,335,4,331
111900127,0,59,-59
111900128,0,65,-65
111900129,311,31,280
111900130,118,33,85
111900131,514,1,513
111900132,0,137,-137
111900133,0,64,-64
111900134,7,71,-64
111900135,1,22,-21
111900136,5,34,-29
111900137,39,10,29
111900138,39,41,-2
111900139,12,30,-18
111900140,72,17,55
111900141,89,10,79
111900142,56,1,55
111900143,158,18,140
111900144,2,42,-40
111900145,0,50,-50
111900146,0,46,-46
111900147,25,86,-61
111900148,3,126,-123
111900149,10,81,-71
111900150,0,23,-23
111900151,1,12,-11
111900152,14,7,7
111900153,277,541,-264
111900154,17,667,-650
111900155,42,105,-63
111900156,72,42,30
111900157,199,8,191
111900158,466,48,418
111900159,415,35,380
111900160,328,4,324
111900161,394,0,394
111900162,41,249,-208
111900163,2,39,-37
111900164,53,13,40
111901113,640,31,609
111901114,255,122,133
111901115,210,0,210
111901116,37,0,37
111901117,21,83,-62
111901118,8,330,-322
111901119,181,4,177
111901121,8,37,-29
111901122,9,105,-96
111901123,320,66,254
111901124,477,8,469
111901125,1067,149,918
111901127,194,1322,-1128
111901128,5,13,-8
111901129,6,36,-30
111901130,4,26,-22
111901131,0,228,-228
111901132,54,20,34
111901133,97,0,97
111901134,183,0,183
111901135,52,1,51
111901136,59,48,11
111901137,0,4,-4
111901138,8,8,0
111901139,3,22,-19
111901140,10,43,-33
111901141,0,29,-29
111901142,1,75,-74
111901143,0,55,-55
111901144,39,12,27
111901145,24,101,-77
111901146,6,0,6
112000001,2342,779,1563
112000002,748,1533,-785
112000003,2849,530,2319
112000004,536,210,326
112000005,3228,2659,569
112000006,386,260,126
112000007,3785,2321,1464
112000008,2259,2849,-590
112000009,1696,781,915
112000010,2074,2972,-898
112000011,816,584,232
112000012,2556,2987,-431
112000013,1180,1124,56
112000014,638,2008,-1370
112000015,856,1535,-679
112000016,1161,2192,-1031
112000017,347,1902,-1555
112000024,350,169,181
112000026,1338,1074,264
112000027,415,299,116
112000028,404,374,30
112000029,314,467,-153
112000030,142,14,128
112000031,522,2034,-1512
112000032,173,9,164
112000033,657,1672,-1015
112000034,103,24,79
112000035,48,294,-246
112000036,127,624,-497
112000037,216,439,-223
112000038,455,566,-111
112000039,78,27,51
112000040,8,109,-101
112000041,92,209,-117
112000042,301,52,249
112000050,740,376,364
112000051,576,1082,-506
112000054,626,453,173
112000057,214,103,111
112000058,99,148,-49
112000059,306,228,78
112000061,1112,354,758
112000062,311,413,-102
112000063,123,846,-723
112000064,1405,1185,220
112000065,534,558,-24
112000066,1343,654,689
112000067,237,224,13
112000068,1566,1064,502
112000069,223,747,-524
112000070,682,449,233
112000071,349,710,-361
112000072,1837,485,1352
112000073,475,956,-481
112000074,605,428,177
112000075,649,691,-42
112000076,1565,856,709
112000077,752,252,500
112000078,1508,386,1122
112000079,1366,747,619
112000080,518,425,93
112000081,376,676,-300
112000082,723,243,480
112000083,464,642,-178
112000084,1029,205,824
112000085,1002,477,525
112000086,1658,419,1239
112000087,742,133,609
112000088,510,205,305
112000089,131,133,-2
112000090,104,172,-68
112000091,315,189,126
112000092,2180,309,1871
112000093,951,210,741
112000094,515,269,246
112000095,663,142,521
112000096,693,184,509
112000097,1621,272,1349
112000098,136,204,-68
112000099,526,1510,-984
112000100,1806,268,1538
112000101,303,139,164
112000102,1630,193,1437
112000103,265,178,87
112000105,235,304,-69
112000106,1957,141,1816
112000107,60,52,8
112000108,297,492,-195
112000109,59,59,0
112000110,1670,297,1373
112000111,258,880,-622
112000112,1564,199,1365
112000113,449,526,-77
112000114,1590,231,1359
112000115,223,62,161
112000116,455,192,263
112000117,446,189,257
112000118,154,289,-135
112000119,175,197,-22
112000120,53,91,-38
112000121,49,132,-83
112000122,387,28,359
112000123,794,37,757
112000124,512,13,499
112000125,181,108,73
112000126,521,149,372
112000127,1046,1369,-323
112000128,325,322,3
112000129,70,46,24
112000130,114,68,46
112000131,19,35,-16
112000132,101,48,53
112000133,303,17,286
112000134,303,123,180
112000135,885,251,634
112000136,514,514,0
112000137,1049,658,391
112000138,651,382,269
112000139,295,312,-17
112000140,57,252,-195
112000141,691,175,516
112000142,109,169,-60
112000143,973,73,900
112000144,215,295,-80
112000145,2280,168,2112
112000146,441,625,-184
112000147,1717,667,1050
112000148,435,651,-216
112000149,372,163,209
112000150,247,115,132
112000151,230,115,115
112000152,576,90,486
112000153,46,87,-41
112000154,84,113,-29
112000155,71,42,29
112000157,189,401,-212
112000158,202,97,105
112000159,911,157,754
112000167,118,140,-22
112000169,97,612,-515
112000173,1131,98,1033
112000175,389,85,304
112000176,659,505,154
112000177,931,243,688
112000178,28,119,-91
112000179,303,73,230
112000180,318,71,247
112000181,477,324,153
112000182,1822,220,1602
112000183,35,12,23
112000184,415,118,297
112000185,685,88,597
112000187,2100,1188,912
112000195,103,9,94
112000196,40,1,39
112000197,14,92,-78
112000198,10,70,-60
112000199,196,165,31
112000202,472,0,472
112000216,20,78,-58
112000230,126,2,124
112000231,3,37,-34
112000256,51,132,-81
112000313,31,12,19
112000314,7,36,-29
112000337,51,299,-248
112000352,31,93,-62
112000392,593,283,310
112000398,1403,216,1187
112000399,452,2864,-2412
112000400,510,410,100
112000401,592,560,32
112000402,2944,3062,-118
112000403,671,3629,-2958
112000404,1083,587,496
112000405,2311,1840,471
112000406,1014,601,413
112000407,6542,5207,1335
112000408,2790,1017,1773
112000409,620,819,-199
112000410,70,162,-92
112000411,1461,1073,388
112000412,201,140,61
112000413,1603,4655,-3052
112000414,121,34,87
112000415,97,11,86
112000416,2388,320,2068
112000417,171,32,139
112000421,82,24,58
112000422,224,95,129
112000424,305,1443,-1138
112000425,241,371,-130
112000426,204,191,13
112000427,0,12,-12
112000428,297,89,208
112000429,984,798,186
112000430,1448,1540,-92
112000431,51,108,-57
112000432,240,514,-274
112000433,301,275,26
112000437,25,77,-52
112900001,99,4,95
112900002,701,200,501
112900003,70,14,56
112900004,70,148,-78
112900005,240,7,233
112900006,6,27,-21
112900007,92,11,81
112900008,0,17,-17
112900009,281,163,118
112900010,243,71,172
112900011,75,8,67
112900012,1,14,-13
112900013,3,153,-150
112900014,6,44,-38
112900015,76,167,-91
112900016,1,21,-20
112900017,27,50,-23
112900018,0,82,-82
112900019,1,23,-22
112900020,126,189,-63
112900021,3,112,-109
112900022,17,10,7
112900023,2,44,-42
112900024,0,28,-28
112900025,41,64,-23
112900026,1,28,-27
112900027,2,130,-128
112900028,1,28,-27
112900029,5,57,-52
112900030,37,41,-4
112900031,3,93,-90
112900032,57,49,8
112900034,3,10,-7
112900035,1,34,-33
112900036,3,25,-22
112900037,35,193,-158
112900038,615,16,599
112900039,6,57,-51
112900040,0,141,-141
112900041,66,508,-442
112900042,97,288,-191
112900043,21,10,11
112900044,55,72,-17
112900045,64,80,-16
112900046,49,6,43
112900047,6,25,-19
112900049,174,0,174
112900050,7,220,-213
112900051,51,112,-61
112900052,9,253,-244
112900053,46,88,-42
112900054,56,50,6
112900055,45,2,43
112900056,114,126,-12
112900057,4,79,-75
112900058,200,163,37
112900059,47,55,-8
112900060,2,17,-15
112900061,29,26,3
112900062,34,50,-16
112900063,7,11,-4
112900064,7,12,-5
112900065,6,6,0
112900066,252,256,-4
112900067,162,8,154
112900068,32,59,-27
112900069,435,475,-40
112900071,9,4,5
112900072,14,2574,-2560
112900073,270,163,107
112900074,34,320,-286
112900075,263,740,-477
112900076,7,20,-13
112900078,189,524,-335
112900079,232,8,224
112900080,184,2,182
112900081,49,288,-239
112900082,520,1,519
112900083,115,127,-12
112900084,168,215,-47
112900086,91,1,90
112900087,1112,52,1060
112900088,118,3,115
112900089,794,2,792
112900090,70,62,8
112900091,242,2,240
112900092,52,512,-460
112900093,902,15,887
112900095,111,0,111
112900096,474,108,366
112900097,19,36,-17
112900098,37,0,37
112900099,907,3,904
112900100,62,5,57
112900101,272,0,272
112900102,43,51,-8
112900103,203,1,202
112900104,188,4,184
112900105,6,0,6
112900106,191,66,125
112900107,15,2,13
112900108,12,3,9
112900109,156,0,156
112900110,1368,12,1356
112900111,484,0,484
112900112,340,1,339
112900113,0,2,-2
112900114,302,8,294
112900115,1862,0,1862
112900116,91,12,79
112900117,99,4,95
112900118,0,5,-5
112900119,74,0,74
112900120,142,77,65
112900121,233,4,229
112900122,0,6,-6
112900123,131,12,119
112900124,1,6,-5
112900125,3,54,-51
112900126,18,40,-22
112900127,197,6,191
112900128,29,83,-54
112900129,0,186,-186
112900130,79,22,57
112900131,2,131,-129
112900132,17,276,-259
112900133,9,412,-403
112900134,0,73,-73
112900135,41,16,25
112900137,0,138,-138
112900138,0,30,-30
112900139,14,336,-322
112900141,425,7,418
112900142,34,92,-58
112900143,3,325,-322
112900144,3,1121,-1118
112900145,1,80,-79
112900146,2,32,-30
112900147,0,131,-131
112900148,6,3,3
112900149,30,118,-88
112900151,0,5,-5
112900152,2796,142,2654
112900153,120,1084,-964
112900154,0,4,-4
112900155,88,8,80
112900156,364,241,123
112900157,371,17,354
112900158,61,0,61
112900159,89,93,-4
112900160,11,62,-51
112900161,52,7,45
112900162,1,11,-10
112900163,3,27,-24
112900164,7,60,-53
112900165,9,26,-17
112900166,7,27,-20
112900167,1,55,-54
112900168,14,0,14
112900169,15,1,14
112900170,136,6,130
112900172,26,12,14
112900173,55,21,34
112900174,205,26,179
112900175,63,66,-3
112900176,3,44,-41
112900177,279,47,232
112900178,225,2080,-1855
112900179,6,233,-227
112900180,1336,1198,138
112900181,776,6,770
112900182,19,163,-144
112900183,36,50,-14
112900184,89,156,-67
112900185,8,95,-87
112900186,412,329,83
112900187,28,285,-257
112900188,269,547,-278
112900189,2,0,2
112900190,0,0,0
112900192,249,137,112
112900193,382,70,312
112900194,38,1,37
112900195,294,11,283
112900196,94,108,-14
112900197,26,145,-119
112900199,376,43,333
112900200,358,38,320
112900201,211,17,194
112900202,230,126,104
112900203,164,36,128
112900204,55,71,-16
112900205,2,0,2
112900206,6,1,5
112900207,53,0,53
112900208,51,80,-29
112900209,21,80,-59
112900210,0,1,-1
112900211,15,18,-3
112900212,0,3,-3
112900213,46,0,46
112900214,2,4,-2
112900215,33,17,16
112900216,10,16,-6
112900217,1,12,-11
112900218,33,2,31
112900219,71,6,65
112900220,1,0,1
112900221,30,22,8
112900222,0,18,-18
112900223,468,5,463
112900224,572,67,505
112900225,425,33,392
112900226,45,66,-21
112900227,803,200,603
112900228,123,37,86
112900229,323,26,297
112900230,2746,1205,1541
112900232,208,234,-26
112900233,19,15,4
112900234,80,1,79
112900235,1,5,-4
112900236,580,1,579
112900237,309,284,25
112900238,22,0,22
112900239,94,374,-280
113000001,2326,1793,533
113000002,2233,1653,580
113000003,600,696,-96
113000004,759,860,-101
113000005,823,383,440
113000006,608,757,-149
113000007,1301,413,888
113000008,984,474,510
113000009,632,258,374
113000010,743,422,321
113000011,274,433,-159
113000012,689,305,384
113000013,286,230,56
113000014,312,402,-90
113000015,30,67,-37
113000016,31,271,-240
113000017,104,169,-65
113000018,379,41,338
113000019,126,74,52
113000020,149,28,121
113000021,842,253,589
113000022,717,755,-38
113000025,10,58,-48
113000026,411,382,29
113000027,443,307,136
113000028,392,397,-5
113000029,246,316,-70
113000030,43,160,-117
113000031,91,120,-29
113000032,106,52,54
113000033,155,72,83
113000034,65,37,28
113000035,17,2,15
113000036,20,21,-1
113000037,13,6,7
113000038,2,28,-26
113000039,7,136,-129
113000040,53,21,32
113000042,242,229,13
113000051,541,1104,-563
113000052,990,186,804
113000053,328,170,158
113000054,215,462,-247
113000055,999,127,872
113000056,1219,356,863
113000058,151,315,-164
113000059,606,101,505
113000060,141,273,-132
113000061,269,373,-104
113000062,226,179,47
113000063,276,57,219
113000064,127,73,54
113000065,179,196,-17
113000066,627,46,581
113000067,1964,203,1761
113000068,289,167,122
113000069,264,157,107
113000070,1883,157,1726
113000071,267,172,95
113000072,670,110,560
113000073,188,306,-118
113000074,452,151,301
113000075,1162,281,881
113000076,137,667,-530
113000077,293,309,-16
113000078,215,563,-348
113000079,138,308,-170
113000080,255,378,-123
113000081,512,468,44
113000082,386,215,171
113000083,373,355,18
113000084,656,263,393
113000085,686,217,469
113000086,329,328,1
113000087,585,605,-20
113000088,435,434,1
113000089,390,641,-251
113000090,67,318,-251
113000091,81,78,3
113000094,788,100,688
113000095,134,138,-4
113000096,37,191,-154
113000097,462,149,313
113000098,33,6,27
113000099,622,119,503
113000100,77,105,-28
113000101,62,117,-55
113000102,272,134,138
113000103,1478,166,1312
113000104,413,1324,-911
113000105,576,127,449
113000106,217,91,126
113000107,649,507,142
113000108,510,283,227
113000109,206,673,-467
113000110,1689,367,1322
113000111,97,237,-140
113000112,450,146,304
113000113,917,184,733
113000114,111,410,-299
113000116,185,113,72
113000117,264,165,99
113000118,52,253,-201
113000119,128,264,-136
113000120,52,354,-302
113000121,223,311,-88
113000124,172,29,143
113000125,10,853,-843
113000127,614,93,521
113000128,483,158,325
113000129,128,388,-260
113000133,664,85,579
113000134,4,675,-671
113000135,2108,2068,40
113000137,506,1572,-1066
113000139,141,72,69
113000140,46,19,27
113000141,130,33,97
113000142,172,152,20
113000143,146,49,97
113000144,67,64,3
113000145,99,43,56
113000146,11,3,8
113000147,85,6,79
113000148,202,35,167
113000149,75,57,18
113000150,176,134,42
113000151,8,10,-2
113000152,30,128,-98
113000153,314,79,235
113000154,186,839,-653
113000155,167,315,-148
113000156,67,73,-6
113000157,133,130,3
113000158,169,17,152
113000159,485,99,386
113000160,179,213,-34
113000161,161,157,4
113000162,332,30,302
113000163,76,11,65
113000164,3,12,-9
113000166,156,30,126
113000167,49,29,20
113000168,117,32,85
113000169,122,12,110
113000170,30,31,-1
113000171,5,26,-21
113000172,176,15,161
113000173,43,14,29
113000174,63,47,16
113000175,333,22,311
113000176,521,26,495
113000177,104,75,29
113000178,28,46,-18
113000179,184,41,143
113000180,709,1011,-302
113000181,993,536,457
113000182,31,152,-121
113000183,189,405,-216
113000184,0,8,-8
113000189,95,217,-122
113000190,272,175,97
113000192,426,1546,-1120
113000193,712,858,-146
113000194,417,1115,-698
113000195,830,771,59
113000196,370,107,263
113000197,668,1211,-543
113000198,52,125,-73
113000199,622,275,347
113000201,97,137,-40
113000202,2384,747,1637
113000203,26,78,-52
113000204,163,1444,-1281
113000205,3,3,0
113000206,23,14,9
113000207,9,5,4
113000208,21,9,12
113000209,11,26,-15
113000210,7,14,-7
113000211,22,23,-1
113000212,11,9,2
113000213,8,38,-30
113000214,62,73,-11
113000234,81,219,-138
113000410,30,126,-96
113000411,654,1451,-797
113000412,2188,655,1533
113000413,1094,1075,19
113000414,1799,5843,-4044
113000415,631,613,18
113000416,1120,787,333
113000417,369,607,-238
113000418,2137,1944,193
113000419,725,854,-129
113000420,1570,2180,-610
113000421,2342,3870,-1528
113000422,4662,4129,533
113000423,658,1481,-823
113000424,841,4305,-3464
113000425,4,39,-35
113000428,7,5,2
113000430,5,14,-9
113000432,2071,133,1938
113000433,99,353,-254
113000434,16,89,-73
113000435,3,78,-75
113000436,5,361,-356
113000437,929,37,892
113000438,183,27,156
113000439,19,15,4
113000440,99,15,84
113000441,124,73,51
113000442,103,15,88
113000443,341,29,312
113000444,199,13,186
113000445,96,51,45
113000446,12,28,-16
113000448,57,117,-60
113000449,47,714,-667
113000450,197,1700,-1503
113000451,785,189,596
113000452,24,372,-348
113000453,10,211,-201
113000454,44,79,-35
113000455,8,269,-261
113000456,381,861,-480
113000468,518,101,417
113000469,34,221,-187
113000470,141,19,122
113000471,5,171,-166
113000472,27,35,-8
113000474,951,373,578
113000475,626,674,-48
113000476,1338,1173,165
113000477,3429,941,2488
113000478,1613,1393,220
113000479,45,56,-11
113000480,76,118,-42
113000484,0,0,0
113000485,0,0,0
113000486,0,0,0
113000487,0,0,0
113000488,0,0,0
113000489,0,0,0
113000490,0,0,0
113000491,0,0,0
113000492,0,0,0
113000493,0,0,0
113000495,81,23,58
113000496,55,76,-21
113000499,0,0,0
113900001,1,154,-153
113900002,0,33,-33
113900003,0,41,-41
113900004,0,61,-61
113900005,0,39,-39
113900006,0,14,-14
113900007,29,118,-89
113900008,6,0,6
113900009,27,0,27
113900010,8,0,8
113900011,78,0,78
113900012,18,0,18
113900013,12,1,11
113900014,352,2,350
113900015,1,12,-11
113900016,22,1,21
113900017,0,4,-4
113900018,34,78,-44
113900019,104,8,96
113900020,183,0,183
113900022,15,0,15
113900023,8,0,8
113900024,29,4,25
113900025,63,9,54
113900026,12,0,12
113900027,1,26,-25
113900028,7,140,-133
113900029,46,30,16
113900030,367,0,367
113900031,27,5,22
113900032,16,0,16
113900033,28,4,24
113900035,22,0,22
113900036,19,18,1
113900037,102,247,-145
113900038,43,81,-38
113900039,181,4,177
113900040,2,12,-10
113900041,2,1,1
113900042,15,4,11
113900043,37,14,23
113900044,9,173,-164
113900045,50,0,50
113900046,34,244,-210
113900047,130,10,120
113900048,16,9,7
113900049,61,254,-193
113900050,46,103,-57
113900051,81,9,72
113900052,3,6,-3
113900053,152,417,-265
113900054,4,0,4
113900055,18,117,-99
113900056,49,20,29
113900057,9,23,-14
113900058,37,7,30
113900059,67,38,29
113900060,33,51,-18
113900061,171,49,122
113900062,68,0,68
113900063,25,13,12
113900064,5,14,-9
113900065,317,6,311
113900066,223,20,203
113900067,165,40,125
113900068,234,424,-190
113900069,4,3,1
113900070,42,75,-33
113900071,80,6,74
113900072,11,17,-6
113900073,245,132,113
113900074,150,71,79
113900075,160,865,-705
113900076,85,1,84
113900077,6,58,-52
113900078,48,17,31
113900079,0,14,-14
113900080,165,65,100
113900081,16,17,-1
113900082,27,62,-35
113900083,263,45,218
113900084,42,21,21
113900085,9,75,-66
113900086,54,5,49
113900087,54,77,-23
113900088,76,118,-42
113900089,223,13,210
113900090,119,112,7
113900091,0,0,0
113900092,1,8,-7
113900093,1,371,-370
113900094,294,106,188
113900095,86,13,73
113900096,139,20,119
113900097,11,14,-3
113900098,495,39,456
113900099,0,2,-2
113900100,0,5,-5
113900101,0,16,-16
113900102,3,42,-39
113900103,51,176,-125
113900104,25,38,-13
113900105,149,5,144
113900106,0,0,0
113900107,0,1,-1
113900108,16,46,-30
113900109,22,52,-30
113900110,5,2,3
113900111,39,13,26
113900112,101,12,89
113900113,324,69,255
113900114,0,0,0
113900115,0,3,-3
113900116,2,45,-43
113900117,21,1,20
113900118,42,365,-323
113900119,61,123,-62
113900120,89,18,71
113900121,56,3,53
113900122,122,2152,-2030
113900123,189,18,171
113900124,0,27,-27
113900125,216,22,194
113900126,8,18,-10
113900127,80,324,-244
113900128,120,21,99
113900129,1,75,-74
113900130,1,4,-3
113900131,53,5,48
113900132,1,18,-17
113900133,4,6,-2
113900135,171,87,84
113900136,11,6,5
113900137,195,62,133
113900138,9,77,-68
113900139,55,71,-16
113900140,39,101,-62
113900141,306,88,218
113900142,34,14,20
113900143,3,35,-32
113900144,59,65,-6
113900145,102,7,95
113900146,96,19,77
113900148,14,63,-49
113900149,40,52,-12
113900150,467,95,372
113900151,255,44,211
113900152,6,59,-53
113900153,104,69,35
113900154,1,37,-36
113900155,6,18,-12
113900156,28,69,-41
113900157,17,283,-266
113900158,102,54,48
113900159,1,65,-64
113900160,100,75,25
113900161,55,111,-56
113900162,78,74,4
113900163,140,45,95
113900164,181,11,170
113900165,105,80,25
113900166,20,11,9
113900167,260,33,227
113900168,5,10,-5
113900169,43,99,-56
113900171,114,15,99
113900172,4,16,-12
113900173,12,87,-75
113900174,54,128,-74
113900175,135,88,47
113900176,21,45,-24
113900177,44,49,-5
113900178,142,40,102
113900179,1,191,-190
113900180,18,16,2
113900181,515,45,470
113900182,146,62,84
113900183,10,6,4
113900184,3,198,-195
113900185,12,6,6
113900186,12,7,5
113900187,3,14,-11
113900188,0,38,-38
113900189,167,61,106
113900190,54,9,45
113900191,3,32,-29
113900192,0,201,-201
113900193,1,90,-89
113900194,423,51,372
113900195,62,59,3
113900196,0,9,-9
113900197,1,46,-45
113900198,0,49,-49
113900199,10,53,-43
113900200,1,13,-12
113900201,0,36,-36
113900202,4,33,-29
113900203,0,34,-34
113900204,2,56,-54
113900205,1,4,-3
113900206,0,35,-35
113900207,0,11,-11
113900208,0,2,-2
113900209,0,6,-6
113900210,67,156,-89
113900211,74,5,69
113900212,302,141,161
113900214,64,51,13
113900215,123,7,116
113900216,58,53,5
113900217,95,84,11
113900218,38,45,-7
113900219,47,124,-77
113900220,42,70,-28
113900221,49,151,-102
113900222,11,170,-159
113900223,98,107,-9
113900224,5,8,-3
113900225,199,48,151
113900226,62,17,45
113900227,105,90,15
113900228,61,175,-114
113900229,13,302,-289
113900230,585,840,-255
113900231,17,8,9
113900232,25,2,23
113900233,46,21,25
113900234,113,137,-24
113900235,64,5,59
113900236,362,23,339
113900237,85,9,76
113900238,118,191,-73
113900239,19,27,-8
113900240,0,36,-36
113900241,7,5,2
113900242,5,12,-7
113900243,7,29,-22
113900244,129,45,84
113900245,146,58,88
113900246,0,15,-15
113900247,17,201,-184
113900248,412,718,-306
113900249,74,261,-187
113900250,13,74,-61
113900251,629,13,616
113900252,398,7,391
113900253,260,26,234
113900254,143,35,108
113900255,625,18,607
113900256,353,20,333
113900257,17,141,-124
113900258,2,202,-200
113900259,439,70,369
113900260,113,6,107
113900261,12,8,4
113900262,144,126,18
113900263,3,41,-38
113900264,0,91,-91
113900265,14,97,-83
113900266,29,37,-8
113900267,19,172,-153
113900268,50,105,-55
113900269,25,25,0
113900270,31,134,-103
113900271,146,97,49
113900273,0,0,0
113900274,33,1,32
113900275,1,9,-8
113900276,0,46,-46
113900277,171,1,170
113900278,26,25,1
113900279,15,14,1
113900280,221,139,82
113900281,39,457,-418
113900282,141,83,58
113900283,65,187,-122
113900284,501,63,438
113900285,43,12,31
113900286,24,16,8
113900287,31,3,28
113900288,0,20,-20
113900289,94,56,38
113900290,50,131,-81
113900291,20,29,-9
113900292,2,1,1
113900293,1,68,-67
113900294,469,12,457
113900295,145,62,83
113900296,589,187,402
113900297,1120,15,1105
113900298,1,167,-166
113900299,141,53,88
113900300,1879,2193,-314
113900301,82,393,-311
113900302,755,234,521
113900303,41,443,-402
113900304,0,36,-36
113900305,111,0,111
113900306,29,0,29
113900307,1,0,1
113900308,8,18,-10
113900309,0,154,-154
113900310,1,1,0
113900311,17,0,17
113900312,20,33,-13
113900313,2,5,-3
114000001,453,733,-280
114000002,151,144,7
114000003,77,104,-27
114000004,382,89,293
114000005,385,41,344
114000006,452,288,164
114000007,489,354,135
114000008,783,641,142
114000009,1140,81,1059
114000011,1955,707,1248
114000012,2733,609,2124
114000013,1538,458,1080
114000014,193,31,162
114000015,1356,56,1300
114000016,147,22,125
114000017,57,485,-428
114000018,66,4,62
114000026,2303,449,1854
114000027,3495,1197,2298
114000028,1046,1619,-573
114000038,274,66,208
114000039,46,22,24
114000040,151,267,-116
114000042,48,134,-86
114000043,25,45,-20
114000044,406,18,388
114000045,8,8,0
114000046,599,1304,-705
114000047,1,69,-68
114000048,117,16,101
114000049,1537,681,856
114000050,1116,404,712
114000051,1666,956,710
114000052,1729,1637,92
114000053,14,369,-355
114000054,129,422,-293
114000055,171,24,147
114000056,36,191,-155
114000057,1634,817,817
114000058,41,307,-266
114000059,6,383,-377
114000060,138,218,-80
114000061,925,966,-41
114000062,129,416,-287
114000063,425,365,60
114000064,811,1698,-887
114000065,460,704,-244
114000066,422,297,125
114000067,1,734,-733
114000068,160,410,-250
114000069,709,111,598
114000070,1105,789,316
114000071,759,100,659
114000072,686,135,551
114000073,24,42,-18
114000074,58,6,52
114000075,110,13,97
114000076,21,39,-18
114000077,0,8,-8
114000078,177,137,40
114000079,323,30,293
114000080,34,38,-4
114000081,54,24,30
114000082,23,102,-79
114000083,48,14,34
114000084,90,78,12
114000085,57,141,-84
114000086,215,85,130
114000087,164,7,157
114000088,86,9,77
114000089,280,131,149
114000090,596,391,205
114000091,342,408,-66
114000092,166,176,-10
114000093,732,145,587
114000094,421,159,262
114000095,178,138,40
114000096,39,183,-144
114000097,55,190,-135
114000098,846,76,770
114000099,547,55,492
114000100,1766,214,1552
114000101,265,162,103
114000102,670,135,535
114000103,69,134,-65
114000104,5,71,-66
114000105,211,46,165
114000106,512,1267,-755
114000107,414,79,335
114000108,623,355,268
114000109,546,1018,-472
114000110,425,350,75
114000111,1613,606,1007
114000112,201,838,-637
114000113,1089,470,619
114000114,169,532,-363
114000115,1211,594,617
114000116,777,3020,-2243
114000117,3565,300,3265
114000118,2963,222,2741
114000119,2410,219,2191
114000120,793,487,306
114000121,203,198,5
114000122,263,83,180
114000123,2020,153,1867
114000124,988,184,804
114000125,730,699,31
114000126,1151,134,1017
114000127,98,56,42
114000128,775,159,616
114000130,381,533,-152
114000131,370,18,352
114000132,332,115,217
114000133,363,214,149
114000134,26,4,22
114000138,3,5,-2
114000139,232,83,149
114000144,405,253,152
114000145,16,2,14
114000146,47,36,11
114000147,547,1441,-894
114000148,551,769,-218
114000149,113,132,-19
114000150,59,61,-2
114000151,163,1314,-1151
114000152,24,21,3
114000153,163,625,-462
114000154,242,122,120
114000155,526,1924,-1398
114000156,459,294,165
114000157,157,655,-498
114000158,298,277,21
114000159,122,131,-9
114000160,32,100,-68
114000161,485,802,-317
114000162,721,1126,-405
114000163,20,4,16
114000165,170,112,58
114000166,199,140,59
114000167,1332,827,505
114000168,253,91,162
114000169,366,584,-218
114000170,738,484,254
114000171,966,6465,-5499
114000174,76,99,-23
114000176,118,115,3
114000177,430,201,229
114000178,30,31,-1
114000179,572,440,132
114000180,127,177,-50
114000181,819,3218,-2399
114000182,592,1041,-449
114000183,366,219,147
114000184,1246,260,986
114000185,768,473,295
114000189,1401,92,1309
114000190,2684,319,2365
114000191,75,280,-205
114000192,50,363,-313
114000193,146,463,-317
114000194,1270,639,631
114000195,290,180,110
114000196,0,78,-78
114000197,1991,45,1946
114000198,231,224,7
114000199,535,758,-223
114000200,362,431,-69
114000201,179,306,-127
114000202,562,413,149
114000203,553,614,-61
114000204,28,125,-97
114000205,198,621,-423
114000206,333,500,-167
114000207,305,468,-163
114000208,433,423,10
114000209,285,474,-189
114000210,137,383,-246
114000211,1592,536,1056
114000212,1023,827,196
114000213,1854,351,1503
114000214,47,17,30
114000215,80,23,57
114000216,1248,346,902
114000217,363,137,226
114000218,221,111,110
114000219,1304,116,1188
114000220,20,247,-227
114000221,1323,88,1235
114000222,135,274,-139
114000223,586,74,512
114000224,48,180,-132
114000225,248,150,98
114000226,292,95,197
114000227,1070,491,579
114000228,905,242,663
114000229,1549,798,751
114000230,1510,424,1086
114000231,901,853,48
114000232,947,128,819
114000233,1927,32,1895
114000234,1171,377,794
114000235,1411,826,585
114000236,1,207,-206
114000237,96,264,-168
114000238,73,244,-171
114000239,82,393,-311
114000240,714,1055,-341
114000241,277,384,-107
114000242,558,364,194
114000243,1521,968,553
114000244,350,172,178
114000245,439,796,-357
114000246,33,42,-9
114000247,409,306,103
114000248,1337,441,896
114000249,886,258,628
114000250,781,135,646
114000251,156,89,67
114000252,21,12,9
114000253,31,29,2
114000254,25,4,21
114000255,192,121,71
114000256,140,331,-191
114000257,532,525,7
114000258,306,130,176
114000259,117,141,-24
114000260,0,5,-5
114000261,97,41,56
114000262,256,35,221
114000263,7,0,7
114000264,1220,133,1087
114000265,0,3,-3
114000267,1,1567,-1566
114000268,5,447,-442
114000270,151,7,144
114000271,206,157,49
114000283,1306,132,1174
114000285,4,105,-101
114000288,60,66,-6
114000289,1380,55,1325
114000293,223,109,114
114000294,146,249,-103
114000395,1267,53,1214
114000396,440,135,305
114000402,665,172,493
114000403,510,112,398
114000405,290,182,108
114000423,389,118,271
114000424,553,107,446
114000425,1195,117,1078
114000426,357,787,-430
114000427,63,15,48
114000428,44,66,-22
114000429,17,56,-39
114000432,78,10,68
114000434,29,9,20
114000435,0,7,-7
114900001,507,122,385
114900002,185,31,154
114900003,466,190,276
114900004,62,350,-288
114900005,225,153,72
114900006,20,74,-54
114900007,52,3,49
114900008,359,16,343
114900010,396,941,-545
114900011,343,37,306
114900013,191,42,149
114900015,64,311,-247
114900018,429,6,423
114900020,70,43,27
114900022,13,230,-217
114900024,55,116,-61
114900025,491,51,440
114900026,34,79,-45
114900027,122,80,42
114900029,24,11,13
114900030,233,63,170
114900031,346,7,339
114900032,482,1,481
114900033,198,1252,-1054
114900034,14,36,-22
114900035,23,94,-71
114900036,72,91,-19
114900037,52,10,42
114900038,86,105,-19
114900039,402,59,343
114900040,117,11,106
114900041,919,27,892
114900042,800,88,712
114900043,361,60,301
114900044,65,30,35
114900046,17,47,-30
114900047,35,1896,-1861
114900048,14,106,-92
114900049,0,37,-37
114900050,24,115,-91
114900051,11,82,-71
114900052,5,67,-62
114900053,15,87,-72
114900054,4,19,-15
114900057,55,4,51
114900058,0,18,-18
114900059,127,46,81
114900060,112,204,-92
114900061,12,8,4
114900062,15,99,-84
114900063,50,9,41
114900064,1386,58,1328
114900065,228,498,-270
114900067,11,39,-28
114900068,6,120,-114
114900069,96,26,70
114900070,506,71,435
114900072,4,40,-36
114900073,2,21,-19
114900074,888,56,832
114900075,214,5,209
114900076,6,41,-35
114900080,271,71,200
114900082,1072,1029,43
114900083,35,207,-172
114900090,479,44,435
114900091,33,81,-48
114900095,28,33,-5
114900096,44,85,-41
114900097,155,0,155
114900098,4,67,-63
114900099,149,42,107
115000001,1929,1232,697
115000002,2388,4083,-1695
115000003,1994,793,1201
115000004,2766,3910,-1144
115000005,836,1059,-223
115000006,912,722,190
115000007,27,161,-134
115000008,169,281,-112
115000009,160,148,12
115000010,103,125,-22
115000013,20,66,-46
115000015,4,77,-73
115000016,41,187,-146
115000019,17,482,-465
115000020,39,549,-510
115000021,77,207,-130
115000022,89,101,-12
115000023,295,317,-22
115000024,218,62,156
115000025,623,310,313
115000026,171,59,112
115000027,308,142,166
115000028,147,75,72
115000029,627,46,581
115000030,243,256,-13
115000031,474,76,398
115000032,2,33,-31
115000033,46,11,35
115000034,24,280,-256
115000035,510,78,432
115000036,0,88,-88
115000037,493,69,424
115000038,52,118,-66
115000039,977,1574,-597
115000040,1677,1262,415
115000041,721,2686,-1965
115000042,225,353,-128
115000043,1952,1401,551
115000044,1673,1443,230
115000045,1602,527,1075
115000046,2576,1311,1265
115000047,2116,1001,1115
115000048,1161,912,249
115000049,926,1084,-158
115000050,2148,770,1378
115000051,1062,2875,-1813
115000052,771,884,-113
115000053,1832,2226,-394
115000054,398,544,-146
115000055,99,482,-383
115000056,194,100,94
115000057,462,819,-357
115000058,78,304,-226
115000059,55,241,-186
115000061,115,182,-67
115000062,217,348,-131
115000063,417,188,229
115000064,207,64,143
115000065,65,430,-365
115000067,174,14,160
115000069,76,175,-99
115000070,32,611,-579
115000071,73,8,65
115000072,12,8,4
115000073,855,65,790
115000075,51,60,-9
115000076,1117,775,342
115000077,1143,553,590
115000078,966,310,656
115000079,898,537,361
115000080,2328,623,1705
115000081,185,283,-98
115000082,3280,2368,912
115000083,1799,539,1260
115000084,2785,358,2427
115000085,740,337,403
115000086,812,228,584
115000087,331,816,-485
115000088,964,383,581
115000089,958,621,337
115000090,265,614,-349
115000091,159,280,-121
115000092,800,441,359
115000093,764,0,764
115000094,2673,5287,-2614
115000095,1619,4122,-2503
115000096,784,392,392
115000097,1398,996,402
115000098,1220,224,996
115000099,1706,853,853
115000100,1350,392,958
115000101,395,465,-70
115000102,361,95,266
115000103,234,385,-151
115000105,72,36,36
115000106,804,316,488
115000107,98,156,-58
115000108,878,747,131
115000109,1616,4310,-2694
115000110,646,1285,-639
115000111,160,258,-98
115000112,395,296,99
115000113,161,224,-63
115000114,350,173,177
115000116,741,850,-109
115000117,705,785,-80
115000118,914,734,180
115000119,637,786,-149
115000120,288,731,-443
115000121,233,317,-84
115000122,409,864,-455
115000123,238,775,-537
115000124,350,623,-273
115000125,242,410,-168
115000126,59,262,-203
115000127,269,81,188
115000128,234,489,-255
115000129,130,312,-182
115000130,224,190,34
115000131,565,119,446
115000132,255,151,104
115000133,546,76,470
115000134,221,73,148
115000135,74,30,44
115000136,84,56,28
115000137,33,57,-24
115000138,167,127,40
115000139,110,25,85
115000140,403,99,304
115000141,95,63,32
115000142,47,42,5
115000143,695,220,475
115000144,278,20,258
115000145,120,77,43
115000146,321,135,186
115000147,167,99,68
115000148,147,238,-91
115000149,445,167,278
115000150,258,135,123
115000151,772,140,632
115000152,320,196,124
115000153,835,240,595
115000154,692,190,502
115000155,426,261,165
115000156,288,450,-162
115000157,138,167,-29
115000158,112,97,15
115000159,166,168,-2
115000160,218,296,-78
115000161,328,192,136
115000162,320,649,-329
115000163,148,206,-58
115000164,152,260,-108
115000165,106,346,-240
115000167,17,33,-16
115000168,389,107,282
115000169,187,265,-78
115000170,34,167,-133
115000171,209,145,64
115000172,461,489,-28
115000173,129,653,-524
115000174,37,310,-273
115000175,86,172,-86
115000176,9,80,-71
115000177,9,223,-214
115000178,1,140,-139
115000179,14,47,-33
115000180,58,175,-117
115000181,604,62,542
115000182,909,171,738
115000183,359,147,212
115000186,278,40,238
115000187,249,95,154
115000188,241,137,104
115000189,204,224,-20
115000190,417,238,179
115000191,116,301,-185
115000194,91,20,71
115000195,41,68,-27
115000196,188,26,162
115000197,190,87,103
115000198,477,24,453
115000199,442,73,369
115000200,339,43,296
115000201,124,90,34
115000206,490,9,481
115000207,126,40,86
115000208,92,221,-129
115000209,437,176,261
115000210,132,69,63
115000211,70,119,-49
115000212,430,273,157
115000224,140,9,131
115000225,50,16,34
115000229,82,50,32
115000230,23,131,-108
115000231,302,269,33
115000232,1968,194,1774
115000233,68,57,11
115000234,25,77,-52
115000241,65,41,24
115000242,167,37,130
115000243,20,21,-1
115000244,1,33,-32
115000246,32,7,25
115000247,16,8,8
115000248,28,1,27
115000249,6,0,6
115000250,183,4,179
115000251,254,12,242
115000252,35,60,-25
115000253,12,289,-277
115000258,162,43,119
115000259,34,8,26
115000261,29,4,25
115000262,1,18,-17
115000263,3,7,-4
115000264,0,2,-2
115000267,13,20,-7
115000268,10,46,-36
115000269,59,36,23
115000270,7,24,-17
115000272,46,37,9
115000273,244,14,230
115000280,512,419,93
115000281,69,939,-870
115000282,366,1708,-1342
115000284,28,108,-80
115000296,162,21,141
115000297,43,440,-397
115000298,14,544,-530
115000300,106,152,-46
115000302,278,11,267
115000303,864,25,839
115000304,765,64,701
115000305,54,99,-45
115000306,227,55,172
115000307,198,74,124
115000308,3,0,3
115000309,2,65,-63
115000310,1362,259,1103
115000311,905,382,523
115000313,39,127,-88
115000314,273,95,178
115000315,150,502,-352
115000316,20,73,-53
115000317,88,157,-69
115000318,831,150,681
115000319,43,57,-14
115000320,4,345,-341
115000321,314,23,291
115000322,29,74,-45
115000449,66,94,-28
115000557,0,1690,-1690
115000558,48,53,-5
115000587,607,159,448
115000588,1074,1209,-135
115000589,2423,1466,957
115000590,354,642,-288
115000591,825,422,403
115000592,394,555,-161
115000593,1181,368,813
115000594,338,1022,-684
115000609,140,57,83
115000617,217,1790,-1573
115000624,315,19,296
115000633,481,759,-278
115000634,1690,331,1359
115000635,313,51,262
115000638,178,218,-40
115000641,23,115,-92
115000642,194,108,86
115000643,70,98,-28
115000644,61,87,-26
115000646,305,574,-269
115000647,60,230,-170
115000648,1754,422,1332
115000893,816,362,454
115000894,99,360,-261
115000895,148,372,-224
115000896,550,200,350
115000897,141,27,114
115000898,166,87,79
115000899,37,697,-660
115000900,12,89,-77
115000901,26,185,-159
115000912,275,33,242
115000913,0,1,-1
115000915,4,0,4
115000916,1,0,1
115000917,0,26,-26
115000918,10,506,-496
115000919,0,42,-42
115000920,1,30,-29
115000921,113,23,90
115000922,163,370,-207
115000923,18,689,-671
115000925,142,96,46
115000927,30,24,6
115000933,35,213,-178
115000934,48,101,-53
115000935,103,27,76
115000936,5,570,-565
115000937,112,154,-42
115000938,4,23,-19
115000939,4,48,-44
115900001,276,5,271
115900002,28,33,-5
115900003,175,17,158
115900004,0,7,-7
115900005,309,6,303
115900006,34,51,-17
115900008,145,2,143
115900009,24,31,-7
115900010,468,16,452
115900011,151,61,90
115900012,245,3,242
115900013,227,28,199
115900014,74,30,44
115900015,156,16,140
115900016,37,6,31
115900017,51,35,16
115900018,44,14,30
115900019,30,4,26
115900020,114,0,114
115900021,274,174,100
115900022,261,5,256
115900023,5,4,1
115900025,18,50,-32
115900026,332,40,292
115900027,0,71,-71
115900028,91,19,72
115900029,0,75,-75
115900030,31,24,7
115900031,26,140,-114
115900032,105,245,-140
115900033,0,12,-12
115900034,6,65,-59
115900035,18,6,12
115900036,7,758,-751
115900037,5,98,-93
115900038,17,1,16
115900039,92,36,56
115900041,68,531,-463
115900042,53,2,51
115900043,62,14,48
115900044,43,231,-188
115900046,413,35,378
115900047,43,140,-97
115900049,126,71,55
115900051,0,9,-9
115900052,11,94,-83
115900053,203,23,180
115900054,448,23,425
115900055,2,51,-49
115900056,108,36,72
115900057,7,21,-14
115900058,3,25,-22
115900060,13,65,-52
115900061,180,0,180
115900062,32,39,-7
115900063,25,2,23
115900064,95,90,5
115900065,144,25,119
115900066,47,25,22
115900067,33,70,-37
115900068,1022,1314,-292
115900069,28,116,-88
115900070,111,30,81
115900071,1,133,-132
115900072,9,34,-25
115900073,232,101,131
115900074,0,61,-61
115900075,6,70,-64
115900076,1,28,-27
115900077,4,47,-43
115900078,20,46,-26
115900079,406,2,404
115900080,79,10,69
115900081,48,25,23
115900082,131,64,67
115900084,553,8,545
115900085,4,55,-51
115900086,484,107,377
115900088,0,76,-76
115900089,344,140,204
115900090,570,1,569
115900091,1,1,0
115900092,51,31,20
115900093,6,0,6
115900094,19,63,-44
115900096,0,0,0
115900097,1,128,-127
115900098,256,56,200
115900099,99,55,44
115900100,1,167,-166
115900101,175,35,140
115900102,85,39,46
115900103,207,26,181
115900104,121,34,87
115900105,235,92,143
115900106,101,1,100
115900107,97,41,56
115900108,74,3,71
115900109,3,158,-155
115900110,35,1,34
115900111,1,18,-17
115900112,54,184,-130
115900113,52,1,51
115900114,0,21,-21
115900115,89,29,60
115900116,17,161,-144
115900117,46,0,46
115900118,8,100,-92
115900119,109,38,71
115900120,33,59,-26
115900121,173,44,129
115900124,117,621,-504
115900125,291,52,239
115900126,688,7,681
115900127,705,13,692
115900128,0,53,-53
115900129,285,11,274
115900130,5,368,-363
115900131,332,22,310
115900132,443,2,441
115900134,285,3,282
115900135,222,333,-111
115900137,17,1,16
115900139,7,55,-48
115900140,447,26,421
115900141,0,7,-7
115900142,1,16,-15
115900143,178,93,85
115900144,106,57,49
115900146,6,38,-32
115900147,55,248,-193
115900148,18,4,14
115900149,110,4,106
115900150,129,7,122
115900151,37,33,4
115900152,38,74,-36
115900153,96,62,34
115900154,102,156,-54
115900155,0,10,-10
115900156,272,254,18
115900157,273,219,54
115900158,5,1,4
115900159,169,40,129
115900160,0,0,0
115900161,7,20,-13
115900163,222,21,201
115900164,656,11,645
115900165,0,146,-146
115900166,24,30,-6
115900168,299,18,281
115900171,52,72,-20
115900172,18,35,-17
115900173,92,53,39
115900174,44,64,-20
115900175,150,20,130
115900178,32,113,-81
115900179,254,1,253
115900180,44,17,27
115900181,165,41,124
115900182,623,33,590
115900183,6,83,-77
115900184,97,0,97
115900187,1,185,-184
115900189,0,57,-57
115900190,112,322,-210
115900191,10,100,-90
115900192,10,64,-54
115900193,39,27,12
115900194,664,20,644
115900195,111,1796,-1685
115900198,117,73,44
115900199,169,41,128
115900200,94,66,28
115900201,72,162,-90
115900202,17,114,-97
115900203,0,6,-6
115900204,0,10,-10
115900205,4,3,1
115900206,409,26,383
115900207,15,11,4
115900208,123,31,92
115900209,37,35,2
115900210,0,116,-116
115900211,0,53,-53
115900212,204,28,176
115900213,36,207,-171
115900214,458,61,397
115900215,19,164,-145
115900216,0,62,-62
115900217,13,7,6
115900218,0,7,-7
115900219,215,2,213
115900220,277,12,265
115900221,213,1,212
115900222,106,45,61
115900223,0,302,-302
115900224,246,1322,-1076
115900225,46,28,18
115900226,4,8,-4
115900227,1,4,-3
115900228,0,12,-12
115900229,0,5,-5
115900230,26,15,11
115900231,93,0,93
115900232,20,0,20
115900233,95,3,92
115900234,34,28,6
115900235,16,17,-1
115900236,5,41,-36
115900237,13,17,-4
115900238,3,35,-32
115900239,5,43,-38
115900240,2,8,-6
115900241,252,19,233
115900242,145,254,-109
115900243,4,10,-6
115900244,0,2,-2
115900245,73,2,71
115900246,4,1,3
115900247,0,0,0
115900248,1,1,0
115900249,0,5,-5
115900250,3,5,-2
115900251,2,0,2
115900252,0,0,0
115900253,5,2,3
115900254,6,9,-3
115900255,1,9,-8
115900256,0,10,-10
115900257,0,0,0
115900258,0,0,0
115900259,1,0,1
115900260,3,1,2
115900261,0,1,-1
115900262,9,0,9
115900263,2,0,2
115900264,0,1,-1
115900265,16,1,15
115900266,4,12,-8
115900267,0,0,0
115900268,0,1,-1
115900269,935,109,826
115900270,297,66,231
115900271,258,0,258
115900272,26,0,26
115900273,3,33,-30
115900274,0,0,0
115900275,0,1,-1
115900276,0,2,-2
115900277,0,1,-1
115900278,36,38,-2
115900279,29,181,-152
115900280,13,461,-448
115900281,63,155,-92
115900282,1,23,-22
115900283,27,13,14
115900284,0,1,-1
116000001,2654,887,1767
116000002,2528,10759,-8231
116000003,470,391,79
116000004,2727,4576,-1849
116000005,451,1384,-933
116000006,1398,2568,-1170
116000007,904,1111,-207
116000008,2959,1458,1501
116000009,447,895,-448
116000010,2090,999,1091
116000011,362,809,-447
116000012,1355,715,640
116000013,2702,1371,1331
116000014,5475,13324,-7849
116000015,23,501,-478
116000016,1717,4351,-2634
116000017,29,281,-252
116000018,117,134,-17
116000019,705,155,550
116000020,246,269,-23
116000021,527,130,397
116000022,386,156,230
116000023,708,697,11
116000024,362,302,60
116000025,598,323,275
116000026,643,1081,-438
116000027,255,332,-77
116000028,330,731,-401
116000029,217,159,58
116000030,439,476,-37
116000031,6,14,-8
116000032,226,33,193
116000033,664,164,500
116000034,648,469,179
116000035,135,94,41
116000036,89,449,-360
116000037,88,218,-130
116000038,33,260,-227
116000039,122,230,-108
116000040,218,406,-188
116000041,23,199,-176
116000042,441,259,182
116000043,50,226,-176
116000044,2,57,-55
116000045,933,839,94
116000046,714,545,169
116000047,1125,1399,-274
116000048,1740,673,1067
116000049,1462,974,488
116000050,855,499,356
116000051,1920,760,1160
116000052,1629,1116,513
116000053,2231,262,1969
116000054,822,773,49
116000055,578,289,289
116000056,1412,865,547
116000057,982,191,791
116000058,1376,1694,-318
116000059,1176,3522,-2346
116000060,907,693,214
116000061,140,1254,-1114
116000062,246,225,21
116000063,303,1147,-844
116000066,163,499,-336
116000067,128,199,-71
116000068,91,225,-134
116000069,116,99,17
116000078,304,781,-477
116000080,809,306,503
116000082,13,18,-5
116000083,1508,235,1273
116000084,707,1118,-411
116000085,1100,1299,-199
116000086,325,258,67
116000087,2530,1260,1270
116000088,638,326,312
116000089,189,74,115
116000090,112,106,6
116000091,169,516,-347
116000093,659,151,508
116000094,677,238,439
116000095,618,143,475
116000096,889,1339,-450
116000097,698,273,425
116000098,37,5906,-5869
116000099,2851,201,2650
116000100,167,7,160
116000101,1150,129,1021
116000102,235,347,-112
116000103,281,201,80
116000104,173,385,-212
116000105,1103,63,1040
116000106,365,556,-191
116000107,1656,186,1470
116000108,20,762,-742
116000111,131,32,99
116000113,90,31,59
116000114,7,40,-33
116000115,248,58,190
116000116,221,85,136
116000117,1221,685,536
116000118,1036,420,616
116000119,3097,926,2171
116000120,1377,1155,222
116000121,1043,238,805
116000122,566,300,266
116000123,1731,163,1568
116000124,382,219,163
116000125,2812,99,2713
116000126,112,260,-148
116000127,376,334,42
116000128,2081,226,1855
116000129,860,75,785
116000130,544,267,277
116000133,1372,126,1246
116000134,700,456,244
116000135,2383,497,1886
116000136,462,657,-195
116000137,960,263,697
116000138,354,134,220
116000139,1284,2736,-1452
116000140,288,237,51
116000141,297,399,-102
116000142,2988,1628,1360
116000143,1955,1326,629
116000144,1785,1190,595
116000145,2497,750,1747
116000146,724,96,628
116000147,116,146,-30
116000148,536,445,91
116000149,280,269,11
116000151,517,352,165
116000153,123,284,-161
116000155,137,285,-148
116000156,470,253,217
116000157,73,5,68
116000158,243,55,188
116000159,1,3,-2
116000160,36,35,1
116000161,6,45,-39
116000162,12,172,-160
116000163,29,13,16
116000164,3,5,-2
116000177,34,467,-433
116000194,76,122,-46
116000195,1233,216,1017
116000196,24,7,17
116000197,15,33,-18
116000198,1066,594,472
116000200,266,718,-452
116000201,512,155,357
116000202,10,81,-71
116000203,1,21,-20
116000204,2,18,-16
116000205,0,73,-73
116000206,0,74,-74
116000207,4,38,-34
116000233,74,119,-45
116000287,208,43,165
116000288,320,163,157
116000292,65,56,9
116000296,1,111,-110
116000297,181,2,179
116000304,426,3,423
116000305,34,22,12
116000346,355,45,310
116000352,122,24,98
116000354,52,7,45
116000357,2,8,-6
116000358,311,102,209
116000361,8,0,8
116000372,2103,3864,-1761
116000381,122,7,115
116000388,3,20,-17
116000389,556,81,475
116000445,751,86,665
116000446,645,50,595
116000447,7,331,-324
116000448,292,52,240
116000563,375,742,-367
116000565,159,136,23
116000568,31,398,-367
116000579,11,153,-142
116000584,38,2,36
116000585,16,30,-14
116000586,20,54,-34
116000587,426,235,191
116000589,12,25,-13
116000590,99,29,70
116000591,255,58,197
116000592,1,33,-32
116000593,0,23,-23
116000594,906,133,773
116000595,571,13,558
116000596,229,3,226
116000597,553,178,375
116000598,31,117,-86
116000602,6,400,-394
116000605,114,50,64
116000606,73,234,-161
116000607,0,41,-41
116000609,32,964,-932
116000611,200,79,121
116000612,1330,2119,-789
116000613,539,230,309
116000614,351,110,241
116000615,0,0,0
116000616,61,27,34
116000617,141,6,135
116000618,4,9,-5
116000619,20,87,-67
116000620,303,122,181
116000621,74,53,21
116000622,41,61,-20
116000624,81,142,-61
116000627,159,8,151
116000628,197,120,77
116000629,59,177,-118
116000630,823,6,817
116000631,332,3,329
116000632,1059,117,942
116000633,18,67,-49
116000634,1183,2,1181
116000635,1036,986,50
116000636,191,668,-477
116000637,632,21,611
116000638,2,164,-162
116900001,46,36,10
116900002,156,1,155
116900003,52,0,52
116900004,44,49,-5
116900005,235,14,221
116900006,32,116,-84
116900007,43,33,10
116900008,466,83,383
116900009,27,35,-8
116900010,0,144,-144
116900011,4,19,-15
116900012,86,49,37
116900013,6,28,-22
116900014,233,33,200
116900015,560,37,523
116900016,358,7,351
116900017,2,121,-119
116900018,94,47,47
116900019,0,51,-51
116900020,608,1674,-1066
116900023,20,12,8
116900024,695,20,675
116900025,1294,191,1103
116900026,53,171,-118
116900027,49,19,30
116900028,1,20,-19
116900029,0,169,-169
116900031,0,2,-2
116900032,1,72,-71
116900033,50,2,48
116900034,14,11,3
116900035,96,46,50
116900036,9,35,-26
116900038,28,0,28
116900041,121,3,118
116900042,50,49,1
116900043,31,56,-25
116900047,15,216,-201
116900049,2,54,-52
116900050,64,55,9
116900051,349,5,344
116900052,104,42,62
116900055,0,5,-5
116900057,23,18,5
116900058,2,85,-83
116900059,12,9,3
116900060,67,107,-40
116900062,3,39,-36
116900064,28,50,-22
116900065,0,32,-32
116900067,24,18,6
116900068,95,109,-14
116900070,12,3,9
116900072,4,48,-44
116900073,0,33,-33
116900074,4,8,-4
116900076,9,24,-15
116900077,3,34,-31
116900078,63,30,33
116900079,5,152,-147
116900080,0,8,-8
116900081,79,203,-124
116900082,32,496,-464
116900083,18,9,9
116900084,29,11,18
116900085,13,32,-19
116900086,13,254,-241
116900088,71,6,65
116900090,5,10,-5
116900091,317,1,316
116900092,27,128,-101
116900093,810,703,107
116900094,1881,3773,-1892
116900095,177,13,164
116900096,262,203,59
116900097,682,2284,-1602
116900098,147,76,71
116900099,72,552,-480
116900100,1076,46,1030
116900101,54,192,-138
116900103,0,0,0
116900104,10,741,-731
116900105,355,146,209
116900106,2751,38,2713
116900107,685,2933,-2248
116900110,13,0,13
116900111,564,268,296
116900112,306,132,174
116900113,628,1950,-1322
116900116,8,143,-135
116900117,114,44,70
116900118,395,739,-344
116900120,433,24,409
116900121,102,6,96
116900122,1391,132,1259
116900123,242,197,45
116900124,62,129,-67
116900125,377,117,260
116900126,16,309,-293
116900128,5,8,-3
116900129,0,70,-70
116900130,221,3209,-2988
116900131,18,78,-60
116900132,55,81,-26
116900133,74,56,18
116900134,145,136,9
116900136,103,38,65
116900137,79,25,54
116900138,102,5,97
116900139,8,49,-41
116900140,61,27,34
116900141,227,36,191
116900142,4,19,-15
116900143,189,45,144
116900144,24,3,21
116900145,38,44,-6
116900147,44,268,-224
116900148,0,2,-2
116900149,64,124,-60
116900150,13,0,13
116900151,5,4,1
116900153,108,46,62
116900154,54,262,-208
116900155,48,42,6
116900157,979,14,965
116900158,145,214,-69
116900159,36,169,-133
116900160,509,389,120
116900161,1466,6345,-4879
116900162,5,49,-44
116900163,326,11,315
116900164,101,17,84
116900165,518,160,358
116900166,90,28,62
116900167,431,10,421
116900168,356,6,350
116900169,41,174,-133
116900170,543,183,360
116900171,93,102,-9
116900172,55,364,-309
116900173,458,26,432
116900174,52,125,-73
116900175,158,113,45
116900178,22,60,-38
116900179,17,385,-368
116900180,70,4,66
116900182,356,120,236
116900183,222,34,188
116900185,36,25,11
116900186,172,70,102
116900187,48,37,11
116900188,117,26,91
116900189,81,0,81
116900191,98,84,14
116900192,310,45,265
116900194,49,692,-643
116900195,43,2,41
116900196,6,46,-40
116900197,153,2,151
116900198,14,382,-368
116900200,59,5,54
116900201,300,7,293
116900202,23,13,10
116900203,125,3,122
116900204,69,133,-64
116900206,18,1,17
116900207,4,7,-3
116900208,0,51,-51
116900209,30,21,9
116900210,131,45,86
116900211,253,1,252
116900212,121,3,118
116900213,100,8,92
116900214,191,101,90
116900215,38,8,30
116900216,88,72,16
116900218,0,119,-119
116900219,240,115,125
116900220,56,121,-65
116900221,119,199,-80
116900222,171,89,82
116900223,49,56,-7
116900226,182,8,174
116900227,272,24,248
116900228,248,45,203
116900230,32,81,-49
116900231,49,93,-44
116900232,31,97,-66
116900233,214,47,167
116900234,29,2,27
116900235,37,33,4
116900238,243,78,165
116900239,17,1163,-1146
116900240,2619,2886,-267
116900241,61,91,-30
116900242,198,567,-369
116900243,0,12,-12
116900245,4,43,-39
116900246,107,22,85
116900247,902,6,896
116900248,61,4,57
116900249,490,91,399
116900250,291,16,275
116900251,157,626,-469
116900252,161,209,-48
116900253,98,45,53
116900254,44,54,-10
116900255,143,133,10
116900256,476,163,313
116900257,44,27,17
116900258,1,15,-14
116900259,192,1,191
116900260,8,9,-1
116900261,66,0,66
116900262,142,103,39
116900263,0,2,-2
116900264,1,1,0
116900265,23,0,23
116900266,4,5,-1
116900267,0,0,0
116900268,21,141,-120
116900269,290,322,-32
116900271,286,316,-30
116900272,180,141,39
116900273,28,36,-8
116900274,138,7,131
116900275,174,45,129
116900276,360,159,201
116900277,166,48,118
116900278,0,0,0
116900279,1,7,-6
116900280,9,6,3
116900281,1525,4865,-3340
116900282,0,9,-9
116900283,7,14,-7
116900284,32,61,-29
116900285,31,233,-202
116900286,39,2,37
116900287,1,5,-4
116900288,192,40,152
116900289,21,1,20
116900290,22,2,20
116900291,25,7,18
116900292,0,24,-24
116900293,60,1,59
116900294,8,31,-23
116900295,55,230,-175
116900296,65,32,33
116900297,1,19,-18
116900298,20,93,-73
116900299,0,204,-204
116900300,0,34,-34
116900301,39,20,19
116900302,3,91,-88
116900303,58,46,12
116900304,0,47,-47
116900305,1,5,-4
116900306,234,72,162
117000001,2551,1711,840
117000002,1192,1700,-508
117000003,4106,1410,2696
117000004,1436,1899,-463
117000005,2510,929,1581
117000006,694,1354,-660
117000007,4436,843,3593
117000008,716,1609,-893
117000009,2783,1014,1769
117000010,812,812,0
117000011,2503,621,1882
117000012,1361,519,842
117000013,2009,369,1640
117000014,1072,1828,-756
117000015,1674,1228,446
117000016,143,177,-34
117000017,58,303,-245
117000018,26,1105,-1079
117000019,16,0,16
117000020,237,2650,-2413
117000021,1211,161,1050
117000022,121,215,-94
117000023,36,116,-80
117000024,111,231,-120
117000025,227,1371,-1144
117000026,905,1602,-697
117000027,377,1116,-739
117000028,284,463,-179
117000030,156,341,-185
117000031,213,125,88
117000032,891,1344,-453
117000033,940,548,392
117000034,186,206,-20
117000035,284,162,122
117000036,152,171,-19
117000037,167,116,51
117000038,133,323,-190
117000039,114,116,-2
117000040,55,321,-266
117000041,1055,19,1036
117000044,2,208,-206
117000045,503,191,312
117000046,210,568,-358
117000047,494,579,-85
117000048,694,436,258
117000049,12,194,-182
117000050,175,590,-415
117000051,2494,38,2456
117000052,66,129,-63
117000053,1158,15,1143
117000054,1231,9,1222
117000055,1,600,-599
117000056,561,30,531
117000057,286,841,-555
117000060,275,580,-305
117000061,1920,874,1046
117000062,150,384,-234
117000063,1133,577,556
117000064,268,262,6
117000066,230,292,-62
117000067,63,400,-337
117000074,12,76,-64
117000076,3,14,-11
117000077,28,22,6
117000078,126,212,-86
117000079,187,57,130
117000080,1,210,-209
117000081,309,42,267
117000082,47,63,-16
117000083,42,12,30
117000084,112,1,111
117000085,318,325,-7
117000086,372,176,196
117000087,33,303,-270
117000088,352,43,309
117000089,2324,79,2245
117000090,277,421,-144
117000091,1225,55,1170
117000092,386,421,-35
117000093,1762,156,1606
117000094,433,572,-139
117000095,2661,140,2521
117000096,378,673,-295
117000097,1493,436,1057
117000098,884,1327,-443
117000099,4834,466,4368
117000100,182,171,11
117000101,64,318,-254
117000102,1836,139,1697
117000103,193,521,-328
117000104,1757,170,1587
117000105,237,552,-315
117000106,2023,124,1899
117000107,226,581,-355
117000108,2183,693,1490
117000109,406,870,-464
117000110,1479,1299,180
117000111,2733,2645,88
117000112,2653,828,1825
117000113,40,69,-29
117000114,280,61,219
117000115,26,22,4
117000116,227,67,160
117000117,927,618,309
117000118,283,385,-102
117000119,45,298,-253
117000120,9,317,-308
117000121,14,513,-499
117000122,461,675,-214
117000123,317,59,258
117000124,34,43,-9
117000125,10,190,-180
117000126,3,5,-2
117000127,135,121,14
117000128,42,157,-115
117000129,121,534,-413
117000130,81,0,81
117000131,0,49,-49
117000132,2669,16,2653
117000133,3181,11,3170
117000134,0,0,0
117000135,0,59,-59
117000136,0,16,-16
117000137,267,77,190
117000138,0,0,0
117000140,172,439,-267
117000141,2099,150,1949
117000181,64,43,21
117000182,961,1166,-205
117000195,85,364,-279
117000196,534,168,366
117000225,14,71,-57
117000226,0,114,-114
117000276,437,15,422
117000277,0,91,-91
117000310,627,2217,-1590
117000315,40,306,-266
117000320,20,0,20
117000906,752,15,737
117000907,1,80,-79
117000908,2,160,-158
117000909,57,67,-10
117000910,286,83,203
117000911,17,98,-81
117000915,0,166,-166
117000916,66,1,65
117000917,1243,8,1235
117000918,141,54,87
117000919,1,4,-3
117000920,0,371,-371
117000921,0,363,-363
117000922,8,19,-11
117000924,753,513,240
117000926,422,179,243
117000927,106,339,-233
117000928,0,23,-23
117000929,269,76,193
117000930,460,7,453
117000931,89,100,-11
117900002,36,342,-306
117900003,36,23,13
117900005,0,47,-47
117900006,0,53,-53
117900007,59,42,17
117900008,0,18,-18
117900010,379,86,293
117900011,2,148,-146
117900012,56,22,34
117900013,0,102,-102
117900014,501,95,406
117900015,13,116,-103
117900016,489,1163,-674
117900017,573,719,-146
117900018,141,120,21
117900019,611,245,366
117900020,40,122,-82
117900021,13,26,-13
117900022,10,2,8
117900023,575,24,551
117900024,74,27,47
117900025,4,2,2
117900026,399,90,309
117900028,10,1,9
117900029,231,178,53
117900030,143,233,-90
117900031,148,87,61
117900032,963,260,703
117900033,488,169,319
117900034,22,12,10
117900035,201,66,135
117900036,251,190,61
117900037,277,35,242
117900038,47,27,20
117900039,1,11,-10
117900040,82,61,21
117900041,0,22,-22
117900042,929,178,751
117900043,0,12,-12
117900044,90,3099,-3009
117900045,117,53,64
117900048,194,49,145
117900049,223,319,-96
117900050,0,68,-68
117900051,2,3,-1
117900052,31,719,-688
117900053,1644,105,1539
117900054,0,12,-12
117900055,233,94,139
117900056,0,39,-39
117900057,368,374,-6
117900058,4,53,-49
117900059,47,41,6
117900060,1887,812,1075
117900061,2,190,-188
117900063,312,164,148
117900065,183,423,-240
117900066,2,172,-170
117900067,669,125,544
117900069,642,52,590
117900070,66,284,-218
117900071,123,41,82
117900073,609,57,552
117900074,26,147,-121
117900075,139,27,112
117900076,6,43,-37
117900077,585,20,565
117900078,394,297,97
117900080,92,21,71
117900081,149,101,48
117900082,715,194,521
117900083,644,211,433
117900086,132,46,86
117900087,143,18,125
117900088,317,366,-49
117900089,1888,376,1512
117900090,295,760,-465
117900091,278,20,258
117900092,132,21,111
117900093,150,2,148
117900094,56,51,5
117900095,306,1619,-1313
117900096,103,121,-18
117900097,278,24,254
117900098,177,9,168
117900099,207,1474,-1267
117900100,429,1,428
117900101,606,1984,-1378
117900102,66,16,50
117900103,111,5,106
117900104,0,588,-588
117900105,70,49,21
117900106,73,8,65
117900107,87,1,86
117900109,946,588,358
117900110,166,0,166
117900111,807,70,737
117900112,38,1,37
117900113,571,1874,-1303
117900114,32,0,32
117900115,75,67,8
117900116,383,216,167
117900117,684,215,469
117900118,138,0,138
117900119,323,11,312
117900120,365,13,352
117900121,106,23,83
117900122,241,4239,-3998
117900123,533,251,282
117900124,126,189,-63
117900125,1125,453,672
117900126,43,143,-100
117900127,237,99,138
117900128,256,192,64
117900129,100,3,97
117900130,400,123,277
117900131,0,4,-4
117900132,1,7,-6
117900133,13,9,4
117900134,26,201,-175
117900135,19,79,-60
117900136,0,2,-2
117900137,4,50,-46
117900138,0,2,-2
117900139,44,21,23
117900140,5545,310,5235
117900141,43,133,-90
117900142,29,263,-234
117900144,9,140,-131
117900145,0,61,-61
117900146,49,209,-160
117900147,135,62,73
117900148,1102,1443,-341
117900149,38,20,18
117900150,54,20,34
117900151,16,63,-47
117900152,21,51,-30
117900153,19,124,-105
117900154,370,358,12
117900156,295,283,12
117900157,115,98,17
117900158,377,44,333
117900160,646,383,263
117900161,520,347,173
117900162,448,257,191
117900163,19,350,-331
117900165,2,3,-1
117900166,6,75,-69
117900168,208,111,97
117900169,0,31,-31
117900170,0,11,-11
117900171,0,3,-3
117900172,2,9,-7
117900173,48,8,40
117900174,4,15,-11
117900175,0,3,-3
117900176,11,14,-3
117900177,4,1,3
117900178,48,10,38
117900180,98,60,38
117900181,17,719,-702
117900182,0,129,-129
117900183,154,117,37
117900184,59,16,43
117900185,117,2,115
117900186,99,3,96
117900187,25,0,25
117900188,109,12,97
117900189,83,13,70
117900190,36,0,36
117900191,82,2,80
117900192,150,0,150
117900193,57,27,30
117900194,2,0,2
117900195,4,4,0
117900196,3,1,2
117900207,7,133,-126
117900208,36,24,12
117900209,133,90,43
117900210,56,32,24
117900211,1,89,-88
117900212,91,65,26
117900213,41,0,41
117900214,0,1,-1
117900215,10,81,-71
117900216,14,32,-18
117900217,31,57,-26
117900218,41,56,-15
117900219,0,108,-108
117900220,1,97,-96
117900222,139,30,109
117900223,57,201,-144
118000001,388,841,-453
118000002,355,953,-598
118000003,1024,2116,-1092
118000004,760,1235,-475
118000005,1870,2121,-251
118000006,1013,2137,-1124
118000007,3114,5977,-2863
118000008,800,3384,-2584
118000009,958,1801,-843
118000010,1507,2095,-588
118000011,1395,530,865
118000012,505,602,-97
118000013,921,1037,-116
118000014,761,739,22
118000016,131,154,-23
118000017,403,286,117
118000018,156,149,7
118000019,715,1256,-541
118000020,255,1322,-1067
118000021,262,1512,-1250
118000022,673,399,274
118000023,296,215,81
118000024,470,485,-15
118000027,3890,4180,-290
118000029,400,708,-308
118000032,120,1147,-1027
118000033,1231,2244,-1013
118000034,1394,1274,120
118000035,924,1055,-131
118000036,431,405,26
118000037,336,550,-214
118000038,255,26,229
118000039,75,53,22
118000040,905,690,215
118000041,1498,774,724
118000045,90,232,-142
118000046,263,581,-318
118000047,237,823,-586
118000048,571,1374,-803
118000051,1289,1894,-605
118000052,611,1065,-454
118000053,120,708,-588
118000054,1683,840,843
118000055,981,846,135
118000056,41,239,-198
118000057,80,305,-225
118000058,747,2275,-1528
118000059,384,1956,-1572
118000060,615,321,294
118000061,706,643,63
118000062,314,140,174
118000063,153,764,-611
118000064,305,674,-369
118000065,1049,600,449
118000066,665,1667,-1002
118000067,219,356,-137
118000068,328,6422,-6094
118000069,616,713,-97
118000070,1831,1332,499
118000071,1458,6024,-4566
118000072,349,2943,-2594
118000073,272,1408,-1136
118000074,290,760,-470
118000075,378,757,-379
118000076,1012,3494,-2482
118000077,479,538,-59
118000078,1231,1286,-55
118000079,75,286,-211
118000080,228,223,5
118000081,791,681,110
118000082,136,686,-550
118000083,584,914,-330
118000084,692,1012,-320
118000086,198,294,-96
118000087,1870,1625,245
118000088,759,852,-93
118000089,1850,2044,-194
118000090,624,1720,-1096
118000091,500,2396,-1896
118000092,285,233,52
118000093,97,432,-335
118000096,398,391,7
118000097,238,280,-42
118000098,177,69,108
118000099,366,117,249
118000101,1330,178,1152
118000102,214,343,-129
118000107,679,136,543
118000108,136,2407,-2271
118000110,0,13,-13
118000111,3,146,-143
118000112,813,0,813
118000113,1,127,-126
118000114,612,6,606
118000115,1,7,-6
118000116,11,2,9
118000117,353,285,68
118000118,603,604,-1
118000119,776,785,-9
118000120,536,429,107
118000121,2,79,-77
118000122,131,138,-7
118000123,61,107,-46
118000125,382,670,-288
118000126,373,1294,-921
118000127,504,530,-26
118000128,176,1125,-949
118000129,508,406,102
118000130,966,1571,-605
118000131,227,348,-121
118000132,1913,1800,113
118000133,964,420,544
118000135,324,374,-50
118000136,38,244,-206
118000137,168,67,101
118000138,240,128,112
118000139,281,89,192
118000140,1710,5914,-4204
118000141,2368,1077,1291
118000142,1776,976,800
118000143,2403,894,1509
118000144,451,205,246
118000145,622,463,159
118000146,850,175,675
118000147,601,476,125
118000148,536,1427,-891
118000149,541,269,272
118000150,593,86,507
118000151,676,104,572
118000153,1457,527,930
118000154,955,791,164
118000155,1890,545,1345
118000156,997,1906,-909
118000157,290,211,79
118000158,88,382,-294
118000159,97,118,-21
118000160,572,239,333
118000161,442,201,241
118000162,729,639,90
118000163,820,887,-67
118000164,1421,1246,175
118000168,608,397,211
118000169,335,449,-114
118000170,1340,1389,-49
118000171,215,225,-10
118000172,83,151,-68
118000173,505,848,-343
118000175,96,167,-71
118000176,284,202,82
118000177,239,239,0
118000178,3,29,-26
118000179,552,450,102
118000180,464,309,155
118000181,270,110,160
118000182,132,54,78
118000183,159,70,89
118000184,1123,304,819
118000185,301,924,-623
118000186,232,736,-504
118000187,1532,154,1378
118000188,759,17,742
118000189,855,94,761
118000190,4,4,0
118000191,1,1,0
118000192,4,55,-51
118000193,6,134,-128
118000194,855,676,179
118000195,108,773,-665
118000196,18,181,-163
118000197,36,1010,-974
118000198,221,1644,-1423
118000199,196,1202,-1006
118000200,37,252,-215
118000201,86,253,-167
118000202,19,97,-78
118000203,88,698,-610
118000204,7,214,-207
118000205,25,73,-48
118000206,192,66,126
118000207,0,41,-41
118000208,1094,995,99
118000209,1439,543,896
118000210,183,10,173
118000211,86,32,54
118000213,308,1649,-1341
118000214,70,205,-135
118000215,335,16,319
118000216,3959,738,3221
118000217,0,20,-20
118000218,44,16,28
118000219,168,53,115
118000220,1,30,-29
118000221,496,491,5
118000222,53,5,48
118000223,44,35,9
118000224,130,27,103
118000225,56,361,-305
118000226,810,45,765
118000227,130,175,-45
118000228,8,127,-119
118000229,4,87,-83
118000230,21,88,-67
118000231,13,73,-60
118000232,431,183,248
118000233,956,285,671
118000234,312,43,269
118000236,238,124,114
118000237,95,97,-2
118000238,239,38,201
118000239,338,146,192
118000240,56,93,-37
118000241,136,34,102
118000242,359,95,264
118000243,136,96,40
118000244,56,12,44
118000246,1,2,-1
118000255,16,144,-128
118000256,72,104,-32
118000259,7,56,-49
118000260,184,50,134
118000261,20,10,10
118000263,72,64,8
118000266,50,82,-32
118000267,0,75,-75
118000268,62,6,56
118000270,99,4,95
118000271,176,53,123
118000272,118,8,110
118000273,189,31,158
118000274,79,78,1
118000276,274,59,215
118000295,30,89,-59
118000298,121,64,57
118000299,34,71,-37
118000301,0,24,-24
118000302,41,38,3
118000311,925,40,885
118000312,294,60,234
118000313,62,18,44
118000314,155,13,142
118000315,24,6,18
118000316,823,122,701
118000325,52,1,51
118000326,17,23,-6
118000331,60,1,59
118000332,26,2,24
118000333,34,4,30
118000335,540,0,540
118000336,0,61,-61
118000407,327,42,285
118000457,2,26,-24
118000465,407,1525,-1118
118000480,15,34,-19
118000489,2,304,-302
118000490,2,119,-117
118000492,641,24,617
118000510,6,3,3
118000514,16,108,-92
118000515,308,659,-351
118000517,170,106,64
118000524,166,174,-8
118000525,118,271,-153
118000530,45,101,-56
118000531,394,108,286
118000532,96,127,-31
118000533,123,109,14
118000534,322,154,168
118000535,328,26,302
118000536,47,213,-166
118000537,35,17,18
118000538,26,23,3
118000539,6,72,-66
118000540,129,72,57
118000541,43,68,-25
118000542,43,214,-171
118000543,141,122,19
118000546,78,3,75
118000553,0,0,0
118000557,0,0,0
118000560,494,1200,-706
118000562,24,23,1
118000563,1178,534,644
118000576,99,30,69
118000577,74,54,20
118000578,48,20,28
118000579,384,956,-572
118000583,0,0,0
118000595,151,42,109
118000596,0,27,-27
118000597,66,52,14
118000598,2,0,2
118000599,191,9,182
118000600,0,8,-8
118000601,3,0,3
118000602,1,11,-10
118000603,0,1,-1
118900001,327,336,-9
118900002,306,375,-69
118900003,455,3,452
118900004,79,37,42
118900005,67,2,65
118900006,76,3,73
118900007,0,0,0
118900008,449,17,432
118900009,74,122,-48
118900010,61,5,56
118900011,76,18,58
118900012,152,41,111
118900013,157,259,-102
118900015,256,7,249
118900016,3,4,-1
118900017,8,52,-44
118900018,537,56,481
118900019,3,7,-4
118900020,8,11,-3
118900021,69,130,-61
118900022,85,20,65
118900023,26,35,-9
118900024,41,27,14
118900025,2,38,-36
118900026,7,15,-8
118900027,188,82,106
118900028,136,44,92
118900029,106,67,39
118900030,652,7,645
118900031,61,20,41
118900032,109,25,84
118900033,206,217,-11
118900034,163,16,147
118900035,40,56,-16
118900036,945,182,763
118900037,130,263,-133
118900038,461,23,438
118900039,386,37,349
118900040,133,32,101
118900041,378,134,244
118900042,46,34,12
118900045,76,93,-17
118900046,261,270,-9
118900047,133,270,-137
118900048,11,284,-273
118900049,7,16,-9
118900050,24,2,22
118900051,25,31,-6
118900052,37,327,-290
118900053,2,42,-40
118900054,109,24,85
118900055,134,28,106
118900056,10,40,-30
118900057,689,227,462
118900058,132,176,-44
118900059,7,39,-32
118900060,88,39,49
118900062,93,40,53
118900064,92,295,-203
118900065,14,125,-111
118900066,51,21,30
118900067,1387,3301,-1914
118900068,0,55,-55
118900069,554,33,521
118900071,0,8,-8
118900072,165,155,10
118900073,185,33,152
118900074,70,17,53
118900075,27,1,26
118900076,113,11,102
118900077,217,51,166
118900078,6,0,6
118900079,34,18,16
118900080,51,6,45
118900081,9,3,6
118900082,1047,67,980
118900083,11,28,-17
118900084,1,0,1
118900085,266,119,147
118900086,10,15,-5
118900087,48,455,-407
118900088,1,2,-1
118900089,3,18,-15
118900090,129,63,66
118900091,130,59,71
118900092,140,11,129
118900093,7,9,-2
118900096,1,1,0
118900097,146,125,21
118900099,31,62,-31
118900100,26,34,-8
118900101,147,114,33
118900102,8,19,-11
118900103,2,82,-80
118900104,147,37,110
118900105,71,19,52
118900107,47,18,29
118900108,36,44,-8
118900110,344,587,-243
118900111,233,84,149
118900112,85,71,14
118900113,26,59,-33
118900114,5,10,-5
118900115,53,114,-61
118900116,77,63,14
118900117,59,41,18
118900118,237,77,160
118900119,52,129,-77
118900120,26,142,-116
118900121,31,317,-286
118900122,4,449,-445
118900123,55,59,-4
118900124,54,21,33
118900126,10,81,-71
118900129,126,22,104
118900130,0,37,-37
118900131,158,124,34
118900132,160,47,113
118900133,0,21,-21
118900135,124,68,56
118900136,187,122,65
118900137,5,14,-9
118900139,70,93,-23
118900140,226,196,30
118900141,27,27,0
118900144,108,123,-15
118900145,2,43,-41
118900146,140,174,-34
118900147,41,134,-93
118900148,36,13,23
118900150,30,265,-235
118900152,307,244,63
118900157,9,42,-33
118900158,69,13,56
118900159,0,44,-44
118900161,17,28,-11
118900163,9,16,-7
118900164,0,14,-14
118900165,28,70,-42
118900166,24,2,22
118900167,32,44,-12
118900168,5,78,-73
118900169,132,350,-218
118900170,200,17,183
118900171,35,3,32
118900174,56,4,52
118900175,454,161,293
118900176,89,94,-5
118900177,156,8,148
118900178,39,40,-1
118900179,1,3,-2
118900181,25,14,11
118900182,7,14,-7
118900183,0,73,-73
118900184,76,2,74
118900185,60,9,51
118900186,67,53,14
118900187,77,119,-42
118900188,98,84,14
118900189,11,269,-258
118900190,14,42,-28
118900191,257,8,249
118900192,277,2,275
118900193,1041,1,1040
118900195,78,105,-27
118900196,8,49,-41
118900197,276,2,274
118900198,20,15,5
118900199,41,7,34
118900200,12,22,-10
118900201,10,26,-16
118900202,3,9,-6
118900203,35,4,31
118900204,4,1,3
118900205,0,3,-3
118900206,1,29,-28
119000001,1229,757,472
119000002,2332,1605,727
119000003,2464,457,2007
119000004,1808,1172,636
119000005,1352,1351,1
119000006,2489,890,1599
119000007,2961,2598,363
119000008,973,667,306
119000009,1773,4045,-2272
119000010,2532,2688,-156
119000011,1704,1444,260
119000012,670,1850,-1180
119000013,2510,1435,1075
119000014,875,1410,-535
119000019,141,114,27
119000020,1861,1289,572
119000021,3723,2357,1366
119000022,589,1947,-1358
119000023,138,123,15
119000024,957,11189,-10232
119000025,1708,618,1090
119000026,13,451,-438
119000027,75,286,-211
119000028,1065,356,709
119000029,68,113,-45
119000030,377,431,-54
119000031,576,376,200
119000032,733,934,-201
119000033,1281,650,631
119000034,802,326,476
119000035,11,69,-58
119000036,1816,199,1617
119000037,976,428,548
119000038,130,268,-138
119000039,523,268,255
119000040,196,442,-246
119000041,509,1020,-511
119000048,1249,940,309
119000049,1447,795,652
119000050,589,871,-282
119000051,1162,531,631
119000052,975,1009,-34
119000053,1430,468,962
119000054,2095,682,1413
119000055,3648,772,2876
119000056,2900,706,2194
119000057,909,420,489
119000058,562,507,55
119000059,534,381,153
119000060,1150,243,907
119000061,351,206,145
119000062,709,361,348
119000063,423,252,171
119000064,187,354,-167
119000065,615,1165,-550
119000066,1394,581,813
119000067,866,571,295
119000068,1040,258,782
119000069,1251,521,730
119000070,2071,288,1783
119000071,234,167,67
119000072,1892,1185,707
119000073,2511,4653,-2142
119000074,1202,614,588
119000075,3445,897,2548
119000076,92,405,-313
119000077,466,244,222
119000078,276,77,199
119000079,118,362,-244
119000080,424,67,357
119000081,174,151,23
119000082,498,43,455
119000083,362,134,228
119000084,165,118,47
119000085,363,62,301
119000086,288,134,154
119000087,288,181,107
119000088,346,26,320
119000089,51,62,-11
119000090,22,65,-43
119000091,52,146,-94
119000092,104,116,-12
119000093,1797,1143,654
119000094,3299,2269,1030
119000095,1526,1583,-57
119000097,621,542,79
119000098,733,3067,-2334
119000099,946,459,487
119000100,3089,1607,1482
119000101,1870,962,908
119000102,124,907,-783
119000103,453,281,172
119000104,533,213,320
119000105,623,1644,-1021
119000106,258,217,41
119000107,1081,354,727
119000108,339,328,11
119000109,82,190,-108
119000110,115,172,-57
119000111,19,320,-301
119000112,53,41,12
119000113,428,113,315
119000114,418,709,-291
119000115,27,104,-77
119000116,9,73,-64
119000117,61,151,-90
119000118,14,3,11
119000123,642,1631,-989
119000124,687,103,584
119000125,3597,426,3171
119000126,1356,404,952
119000127,659,105,554
119000128,39,1,38
119000131,867,111,756
119000132,3,2,1
119000133,0,8,-8
119000134,567,318,249
119000135,223,79,144
119000136,246,44,202
119000137,235,59,176
119000138,621,68,553
119000139,55,49,6
119000140,121,130,-9
119000284,485,1081,-596
119000285,718,429,289
119000286,1637,1177,460
119000287,865,721,144
119000288,1124,309,815
119000289,523,541,-18
119000290,113,171,-58
119000291,11,162,-151
119000293,128,193,-65
119000294,14,15,-1
119000295,512,175,337
119000296,326,99,227
119000302,763,766,-3
119000303,2,48,-46
119000304,0,0,0
119000310,0,0,0
119000314,921,8837,-7916
119000315,1,42,-41
119000316,92,32,60
119000317,43,78,-35
119900001,71,460,-389
119900002,67,43,24
119900003,0,82,-82
119900004,34,1382,-1348
119900005,135,32,103
119900006,71,268,-197
119900007,233,138,95
119900008,28,34,-6
119900009,197,88,109
119900010,380,286,94
119900011,8,278,-270
119900012,4,108,-104
119900013,880,801,79
119900014,314,79,235
119900015,217,22,195
119900016,21,13,8
119900017,46,15,31
119900018,559,1038,-479
119900019,41,4,37
119900020,56,44,12
119900021,53,4,49
119900022,57,883,-826
119900023,126,1674,-1548
119900025,292,6,286
119900026,141,57,84
119900027,5,15,-10
119900028,98,151,-53
119900029,6,0,6
119900030,250,130,120
119900031,59,526,-467
119900033,382,221,161
119900034,485,5,480
119900037,133,8,125
119900038,11,150,-139
119900039,61,12,49
119900040,62,24,38
119900041,74,4,70
119900042,56,53,3
119900043,100,16,84
119900044,103,484,-381
119900046,138,7,131
119900047,208,162,46
119900048,55,10,45
119900049,112,4,108
119900050,119,80,39
119900051,904,15,889
119900052,76,18,58
119900053,221,78,143
119900054,185,1,184
119900055,889,169,720
119900057,509,26,483
119900058,277,0,277
119900059,17,17,0
119900060,461,18,443
119900062,71,3,68
119900063,8,52,-44
119900065,264,0,264
119900066,0,0,0
119900067,39,7,32
119900068,670,1,669
119900069,90,2,88
119900070,633,1,632
119900071,833,15,818
119900073,540,46,494
119900074,45,48,-3
119900075,874,1067,-193
119900076,659,114,545
119900077,1080,158,922
119900078,494,178,316
119900079,456,43,413
119900080,1500,349,1151
119900081,367,38,329
119900082,2185,219,1966
119900083,132,34,98
119900084,144,45,99
119900085,34,47,-13
119900087,83,151,-68
119900088,26,33,-7
119900089,9,99,-90
119900090,75,15,60
119900091,43,222,-179
119900092,10,224,-214
119900093,502,141,361
119900094,9,59,-50
119900095,54,16,38
119900096,35,24,11
119900097,50,100,-50
119900098,28,2,26
119900099,6,59,-53
119900100,450,1263,-813
119900101,45,336,-291
119900102,34,59,-25
119900103,53,55,-2
119900104,18,46,-28
119900105,297,878,-581
119900106,0,52,-52
119900107,62,602,-540
119900108,1380,316,1064
119900109,7,89,-82
119900110,382,66,316
119900111,92,77,15
119900112,469,497,-28
119900113,3,73,-70
119900114,142,142,0
119900115,399,135,264
119900116,37,172,-135
119900117,105,138,-33
119900118,79,124,-45
119900119,156,50,106
119900120,211,184,27
119900121,450,130,320
119900122,6,71,-65
119900123,48,83,-35
119900124,149,191,-42
119900125,3,55,-52
119900126,1024,129,895
119900127,339,197,142
119900128,221,122,99
119900129,179,61,118
119900130,0,24,-24
119900131,22,71,-49
119900132,70,30,40
119900133,48,28,20
119900134,212,24,188
119900135,0,63,-63
119900136,35,47,-12
119900138,32,74,-42
119900139,14,82,-68
119900140,3,13,-10
119900141,14,404,-390
119900142,14,21,-7
119900143,11,68,-57
119900144,397,54,343
119900145,9,42,-33
119900146,58,42,16
119900147,3,98,-95
119900148,383,5,378
119900149,198,3166,-2968
119900150,63,20,43
119900151,638,508,130
119900152,83,30,53
119900153,182,10,172
119900154,55,95,-40
119900155,24,9,15
119900156,0,1,-1
119900157,162,51,111
119900158,131,26,105
119900159,1,185,-184
119900160,19,31,-12
119900161,71,47,24
119900162,786,431,355
119900163,23,76,-53
119900164,0,0,0
119900165,147,21,126
119900166,99,8,91
119900167,4,24,-20
119900168,722,104,618
119900169,10,138,-128
119900170,103,64,39
119900171,282,186,96
119900172,18,3,15
119900173,1,69,-68
119900174,0,15,-15
119900175,1329,95,1234
119900177,3,45,-42
119900178,0,21,-21
119900179,125,890,-765
119900180,630,272,358
119900181,17,31,-14
119900182,13,48,-35
119900183,30,210,-180
119900184,350,133,217
119900185,41,220,-179
119900186,0,926,-926
119900187,16,80,-64
119900188,65,83,-18
119900189,34,75,-41
119900190,53,196,-143
119900191,67,85,-18
119900192,43,101,-58
119900193,511,59,452
119900194,25,2,23
119900195,1,62,-61
119900196,104,68,36
119900197,287,42,245
119900198,70,63,7
119900199,122,5,117
119900200,487,196,291
119900201,83,53,30
119900202,12,135,-123
119900203,55,234,-179
119900204,129,97,32
119900205,713,65,648
119900206,346,66,280
119900208,111,19,92
119900209,329,799,-470
119900210,43,11,32
119900211,20,0,20
119900212,265,100,165
119900213,1,44,-43
119900214,25,4,21
119900215,60,4,56
119900216,1,3,-2
119900217,0,2,-2
119900218,32,4,28
119900219,0,6,-6
119900220,1,5,-4
119900221,6,32,-26
119900222,2,21,-19
119900223,0,3,-3
119900224,5,2,3
119900225,79,8,71
119900226,83,1126,-1043
119900227,256,88,168
119900228,15,222,-207
119900229,23,69,-46
119900230,388,109,279
119900231,289,30,259
119900232,133,23,110
119900233,123,11,112
119900234,1,28,-27
119900235,9,7,2
119900236,14,24,-10
119900237,19,124,-105
119900238,2,39,-37
119900240,64,77,-13
119900241,145,90,55
119900242,746,563,183
119900244,161,425,-264
119900245,83,105,-22
119900246,71,171,-100
119900247,10,20,-10
119900248,26,252,-226
119900249,228,36,192
119900253,556,292,264
119900254,57,588,-531
119900255,63,245,-182
119900256,990,328,662
119900257,125,3,122
119900258,279,26,253
119900259,10,26,-16
119900260,227,8,219
119900261,178,25,153
119900262,44,71,-27
119900263,496,67,429
119900264,140,43,97
119900265,369,119,250
119900266,334,29,305
119900267,58,73,-15
119900268,86,29,57
119900269,634,244,390
119900271,3,9,-6
119900272,41,40,1
119900275,120,51,69
119900276,67,0,67
119900277,16,0,16
119900278,182,56,126
119900279,49,173,-124
119900280,186,21,165
119900281,1,189,-188
119900282,13,48,-35
119900283,5,39,-34
119900284,14,87,-73
119900285,1,111,-110
119900286,0,12,-12
119900288,0,3,-3
119900289,11,0,11
119900290,0,0,0
119900291,0,13,-13
119900292,17,62,-45
119900293,7,9,-2
119900294,7,0,7
119900295,0,0,0
119900296,0,0,0
119900299,20,46,-26
119900300,249,92,157
119900301,20,148,-128
119900302,13,47,-34
119900303,317,87,230
119900304,120,3,117
119900305,0,14,-14
119900306,0,2,-2
119900307,89,20,69
119900308,1,1,0
119900309,21,102,-81
119900310,65,59,6
119900311,112,29,83
119900312,63,5,58
119900313,32,92,-60
119900314,173,211,-38
119900315,1502,487,1015
119900318,7,69,-62
119900319,80,93,-13
119900320,167,139,28
119900321,100,6,94
119900322,3,41,-38
119900323,1,64,-63
119900324,0,16,-16
119900325,242,74,168
119900326,39,15,24
120000001,4849,17030,-12181
120000002,1832,1041,791
120000003,1152,498,654
120000004,1335,627,708
120000005,1494,518,976
120000006,743,342,401
120000007,1200,2093,-893
120000008,480,412,68
120000009,1036,412,624
120000010,1282,940,342
120000011,564,586,-22
120000012,1049,865,184
120000013,2478,1347,1131
120000014,504,603,-99
120000015,1804,815,989
120000016,2969,1583,1386
120000017,2725,2276,449
120000018,2138,11716,-9578
120000019,756,779,-23
120000020,1483,2027,-544
120000021,1197,872,325
120000022,2454,3318,-864
120000023,1082,890,192
120000024,735,976,-241
120000025,2058,694,1364
120000026,2990,1247,1743
120000027,1674,1393,281
120000028,540,408,132
120000029,444,642,-198
120000030,98,371,-273
120000031,1174,2734,-1560
120000032,2335,1141,1194
120000033,2422,482,1940
120000034,2329,398,1931
120000035,2177,535,1642
120000036,1787,2441,-654
120000037,380,1318,-938
120000038,1650,1350,300
120000039,231,917,-686
120000040,16,1355,-1339
120000041,307,574,-267
120000042,1293,799,494
120000043,3375,622,2753
120000044,5385,1254,4131
120000045,6407,462,5945
120000046,4507,3026,1481
120000047,242,3995,-3753
120000048,4330,2019,2311
120000049,2834,1232,1602
120000050,1731,1543,188
120000051,1403,2186,-783
120000052,4056,667,3389
120000053,645,1149,-504
120000054,735,1990,-1255
120000055,867,1417,-550
120000056,2273,1680,593
120000057,2279,425,1854
120000058,812,420,392
120000059,26,1473,-1447
120000061,25,374,-349
120000062,67,184,-117
120000063,347,936,-589
120000064,270,523,-253
120000065,252,460,-208
120000066,151,178,-27
120000067,28,210,-182
120000068,113,181,-68
120000069,477,185,292
120000070,140,276,-136
120000071,864,38,826
120000072,1029,243,786
120000073,974,36,938
120000074,83,40,43
120000075,1031,123,908
120000076,2365,197,2168
120000077,2093,224,1869
120000078,1537,437,1100
120000079,315,72,243
120000080,75,101,-26
120000081,337,44,293
120000082,429,136,293
120000083,36,680,-644
120000084,190,186,4
120000085,116,246,-130
120000086,113,213,-100
120000087,194,146,48
120000088,448,369,79
120000089,573,177,396
120000090,446,169,277
120000091,1058,280,778
120000092,740,213,527
120000093,814,245,569
120000094,273,287,-14
120000095,361,156,205
120000096,229,189,40
120000098,477,248,229
120000099,135,286,-151
120000100,362,286,76
120000101,384,111,273
120000102,516,877,-361
120000103,936,549,387
120000104,1991,236,1755
120000105,2315,77,2238
120000106,3112,141,2971
120000107,5230,181,5049
120000108,1748,91,1657
120000109,862,39,823
120000110,19,385,-366
120000111,76,324,-248
120000112,217,808,-591
120000113,132,683,-551
120000114,196,506,-310
120000115,116,463,-347
120000116,123,521,-398
120000117,311,420,-109
120000118,50,9,41
120000119,1,19,-18
120000120,182,111,71
120000121,9,16,-7
120000122,85,498,-413
120000123,1419,7778,-6359
120000124,412,188,224
120000125,785,324,461
120000126,196,459,-263
120000127,343,249,94
120000128,943,1522,-579
120000129,112,134,-22
120000130,455,168,287
120000131,419,211,208
120000134,104,177,-73
120000135,779,366,413
120000137,175,141,34
120000138,1285,81,1204
120000139,176,103,73
120000140,1359,80,1279
120000141,328,161,167
120000142,606,243,363
120000143,1,40,-39
120000144,65,9,56
120000145,497,2,495
120000146,543,763,-220
120000149,257,263,-6
120000150,632,7351,-6719
120000151,435,142,293
120000152,912,88,824
120000153,382,120,262
120000154,292,340,-48
120000155,146,170,-24
120000156,247,1381,-1134
120000157,822,178,644
120000158,519,177,342
120000159,911,693,218
120000160,1484,1510,-26
120000161,2483,1853,630
120000162,117,255,-138
120000163,532,151,381
120000164,507,58,449
120000165,966,142,824
120000166,1559,190,1369
120000167,26,67,-41
120000168,2,205,-203
120000169,7,451,-444
120000170,27,407,-380
120000171,9,194,-185
120000172,0,118,-118
120000173,193,220,-27
120000174,33,47,-14
120000175,36,15,21
120000176,34,29,5
120000177,238,59,179
120000178,49,26,23
120000179,46,26,20
120000180,45,46,-1
120000181,15,278,-263
120000182,32,426,-394
120000183,1,200,-199
120000184,18,465,-447
120000186,6,256,-250
120000187,21,101,-80
120000188,50,62,-12
120000190,127,28,99
120000191,144,39,105
120000192,68,5,63
120000193,60,2,58
120000195,3,0,3
120000196,89,3,86
120000197,14,29,-15
120000198,242,3,239
120000199,298,0,298
120000200,299,2,297
120000201,47,72,-25
120000202,4,12,-8
120000203,68,38,30
120000207,0,9,-9
120000208,2,21,-19
120000209,2,4,-2
120000210,15,22,-7
120000211,240,1,239
120000212,241,0,241
120000213,179,84,95
120000214,2,35,-33
120000215,5,29,-24
120000216,140,16,124
120000217,134,272,-138
120000218,31,246,-215
120000219,1,183,-182
120000220,2,584,-582
120000225,2549,2,2547
120000226,462,7,455
120000227,779,84,695
120000228,4360,2628,1732
120000230,302,18,284
120000231,1143,320,823
120000233,576,33,543
120000235,101,166,-65
120000236,1324,1,1323
120000237,2,353,-351
120000238,0,169,-169
120000241,1001,2535,-1534
120000412,220,15,205
120000413,412,48,364
120000414,266,0,266
120000415,1,11,-10
120000416,119,1,118
120000417,0,82,-82
120000418,369,4,365
120000419,5,57,-52
120000420,18,3,15
120000421,4332,2473,1859
120000422,89,1733,-1644
120000423,3,65,-62
120000424,110,15,95
120000436,92,1180,-1088
120000437,17,43,-26
120000438,877,136,741
120000439,97,441,-344
120000443,178,1,177
120000444,1515,164,1351
120000445,1310,710,600
120000446,315,130,185
120000447,441,0,441
120000449,168,0,168
120000450,1,38,-37
120000451,153,75,78
120000452,239,9,230
120000453,0,17,-17
120000454,17,27,-10
120000455,47,18,29
120000456,633,2277,-1644
120000457,250,188,62
120000458,223,139,84
120000459,113,17,96
120000665,82,184,-102
120000668,50,513,-463
120000669,159,77,82
120000670,68,169,-101
120000671,992,464,528
120000672,9,142,-133
120900001,163,24,139
120900002,58,150,-92
120900003,67,1,66
120900004,15,60,-45
120900005,501,203,298
120900006,522,53,469
120900007,43,46,-3
120900008,609,294,315
120900009,167,19,148
120900010,668,71,597
120900011,1,141,-140
120900012,31,1033,-1002
120900013,413,75,338
120900014,0,119,-119
120900015,1118,31,1087
120900016,1675,30,1645
120900017,854,33,821
120900018,121,115,6
120900019,361,221,140
120900020,318,411,-93
120900021,554,33,521
120900022,4,62,-58
120900023,677,43,634
120900024,698,156,542
120900025,423,280,143
120900026,30,75,-45
120900027,112,25,87
120900028,635,94,541
120900029,8,815,-807
120900030,1944,257,1687
120900031,521,104,417
120900032,1591,63,1528
120900033,1213,22,1191
120900034,35,1440,-1405
120900035,39,29,10
120900037,338,2,336
120900038,66,576,-510
120900039,121,46,75
120900040,466,1,465
120900041,2,7,-5
120900042,460,26,434
120900043,84,11,73
120900044,4,200,-196
120900045,25,15,10
120900046,759,2,757
120900047,131,268,-137
120900048,125,13,112
120900049,781,3,778
120900050,504,2349,-1845
120900051,254,64,190
120900052,1180,4,1176
120900053,428,35,393
120900054,289,74,215
120900055,619,2,617
120900056,741,19,722
120900057,257,12,245
120900058,818,0,818
120900059,90,1,89
120900060,42,9,33
120900061,91,48,43
120900062,303,0,303
120900063,957,14,943
120900064,969,0,969
120900065,1080,1,1079
120900066,755,111,644
120900067,122,45,77
120900068,481,1,480
120900069,275,3,272
120900071,59,2,57
120900072,1019,3,1016
120900073,930,55,875
120900074,652,18,634
120900076,455,2,453
120900077,680,335,345
120900078,690,96,594
120900079,1076,14,1062
120900080,1291,247,1044
120900081,1823,198,1625
120900082,188,161,27
120900083,114,1,113
120900084,335,437,-102
120900085,20,41,-21
120900086,16,398,-382
120900087,562,88,474
120900088,83,839,-756
120900089,946,3188,-2242
120900090,216,24,192
120900091,175,676,-501
120900092,41,137,-96
120900093,663,66,597
120900094,82,72,10
120900095,123,8,115
120900096,40,103,-63
120900097,262,246,16
120900098,74,39,35
120900099,22,34,-12
120900100,19,44,-25
120900101,25,65,-40
120900102,22,20,2
120900103,78,89,-11
120900104,0,24,-24
120900105,4,93,-89
120900106,238,93,145
120900107,166,64,102
120900108,2,118,-116
120900109,7,111,-104
120900110,4,84,-80
120900111,34,72,-38
120900112,5,174,-169
120900113,10,197,-187
120900114,27,46,-19
120900115,102,143,-41
120900116,556,85,471
120900117,0,105,-105
120900118,28,180,-152
120900119,2546,1216,1330
120900120,22,196,-174
120900121,4,125,-121
120900122,824,113,711
120900123,2,75,-73
120900124,9,131,-122
120900125,1,192,-191
120900126,180,169,11
120900127,3,87,-84
120900128,92,356,-264
120900129,39,89,-50
120900130,45,169,-124
120900131,16,22,-6
120900132,952,78,874
120900133,36,207,-171
120900134,20,162,-142
120900135,34,197,-163
120900136,7,29,-22
120900137,388,31,357
120900138,0,157,-157
120900139,1,249,-248
120900140,0,71,-71
120900141,177,42,135
120900142,0,197,-197
120900143,1,280,-279
120900144,0,97,-97
120900145,27,247,-220
120900146,0,135,-135
120900147,1,1,0
120900148,72,41,31
120900149,0,89,-89
120900150,25,97,-72
120900151,0,72,-72
120900152,1,0,1
120900153,16,1,15
120900154,0,55,-55
120900155,178,213,-35
120900156,110,77,33
120900157,0,1,-1
120900158,35,99,-64
120900159,1,59,-58
120900160,7,168,-161
120900161,12,451,-439
120900162,11,210,-199
120900163,23,210,-187
120900164,0,34,-34
120900165,0,37,-37
120900166,19,316,-297
120900167,47,30,17
120900169,104,133,-29
120900170,159,3752,-3593
120900171,352,66,286
120900172,82,461,-379
120900173,0,16,-16
120900174,3,36,-33
120900175,55,18,37
120900176,2,290,-288
120900177,0,979,-979
120900178,1,563,-562
120900179,77,58,19
120900180,30,104,-74
120900181,2,7,-5
120900182,24,39,-15
120900183,392,87,305
120900184,48,28,20
120900185,90,530,-440
120900186,0,85,-85
120900187,492,180,312
120900188,262,22,240
120900189,30,2304,-2274
120900190,160,7,153
120900191,50,1,49
120900192,3444,9936,-6492
120900194,93,18,75
120900195,44,69,-25
120900196,107,19,88
120900197,689,34,655
120900198,50,210,-160
120900199,132,299,-167
120900200,22,97,-75
120900201,196,43,153
120900202,0,64,-64
120900203,40,12,28
120900204,45,75,-30
120900205,45,9,36
120900206,54,16,38
120900207,0,280,-280
121000001,547,537,10
121000002,937,1162,-225
121000003,2673,1346,1327
121000004,888,2019,-1131
121000005,1762,2276,-514
121000006,1078,1866,-788
121000007,1380,2129,-749
121000008,1838,2529,-691
121000009,2747,3574,-827
121000010,2531,2048,483
121000011,3109,4104,-995
121000012,5801,2320,3481
121000013,3017,2993,24
121000014,2773,1772,1001
121000015,2964,4055,-1091
121000016,2161,1573,588
121000017,1309,1638,-329
121000018,1754,906,848
121000019,3235,4390,-1155
121000020,4957,8831,-3874
121000021,766,753,13
121000022,1008,1979,-971
121000023,1103,451,652
121000024,2410,2710,-300
121000025,159,492,-333
121000026,49,83,-34
121000027,870,829,41
121000028,333,411,-78
121000029,305,437,-132
121000030,284,347,-63
121000031,209,268,-59
121000032,38,97,-59
121000034,94,173,-79
121000035,65,125,-60
121000036,545,446,99
121000037,211,929,-718
121000038,153,543,-390
121000039,67,149,-82
121000041,95,326,-231
121000042,121,295,-174
121000043,212,600,-388
121000044,397,385,12
121000045,209,246,-37
121000046,387,467,-80
121000047,22,143,-121
121000049,505,787,-282
121000050,58,1361,-1303
121000051,406,115,291
121000052,255,1301,-1046
121000053,148,93,55
121000054,14,204,-190
121000055,418,754,-336
121000056,494,881,-387
121000057,61,129,-68
121000058,122,52,70
121000059,2566,552,2014
121000060,454,741,-287
121000061,12,420,-408
121000062,35,175,-140
121000063,545,801,-256
121000064,402,538,-136
121000065,132,248,-116
121000066,256,384,-128
121000067,184,207,-23
121000068,231,432,-201
121000069,92,959,-867
121000070,464,458,6
121000071,832,1155,-323
121000072,364,282,82
121000073,469,760,-291
121000074,42,148,-106
121000075,2,46,-44
121000076,213,98,115
121000077,51,65,-14
121000078,38,197,-159
121000080,655,236,419
121000081,950,1931,-981
121000082,66,95,-29
121000083,68,50,18
121000084,109,152,-43
121000085,135,195,-60
121000086,247,288,-41
121000087,22,104,-82
121000088,273,223,50
121000089,45,181,-136
121000090,95,215,-120
121000091,599,507,92
121000092,92,17,75
121000093,170,61,109
121000094,181,316,-135
121000095,84,442,-358
121000096,2682,631,2051
121000097,206,702,-496
121000098,129,214,-85
121000099,390,171,219
121000100,620,174,446
121000101,201,46,155
121000102,181,55,126
121000103,78,119,-41
121000104,109,22,87
121000105,167,45,122
121000106,100,139,-39
121000107,863,1346,-483
121000109,597,918,-321
121000110,69,432,-363
121000114,1631,1305,326
121000115,267,171,96
121000116,153,165,-12
121000117,294,98,196
121000118,1085,81,1004
121000119,176,184,-8
121000120,122,406,-284
121000121,387,1801,-1414
121000123,244,141,103
121000126,22,244,-222
121000127,58,117,-59
121000128,678,106,572
121000129,607,125,482
121000130,262,1032,-770
121000131,530,597,-67
121000132,165,651,-486
121000135,121,470,-349
121000136,305,1007,-702
121000137,168,264,-96
121000138,206,2238,-2032
121000139,43,392,-349
121000141,160,65,95
121000142,238,410,-172
121000143,9,13,-4
121000144,166,705,-539
121000145,288,403,-115
121000146,538,717,-179
121000147,648,268,380
121000148,294,315,-21
121000149,1116,968,148
121000152,129,131,-2
121000153,1073,214,859
121000154,626,263,363
121000155,1317,388,929
121000156,208,403,-195
121000157,340,459,-119
121000158,186,213,-27
121000159,160,175,-15
121000160,283,124,159
121000161,206,208,-2
121000162,84,74,10
121000165,453,1437,-984
121000166,11,289,-278
121000168,238,290,-52
121000169,14,83,-69
121000170,128,46,82
121000171,85,53,32
121000172,505,390,115
121000173,1266,711,555
121000174,400,520,-120
121000175,851,224,627
121000176,234,159,75
121000177,353,220,133
121000178,95,12,83
121000179,59,16,43
121000181,114,235,-121
121000182,200,388,-188
121000183,10,344,-334
121000184,27,304,-277
121000185,38,407,-369
121000186,137,533,-396
121000187,149,48,101
121000188,151,28,123
121000192,473,275,198
121000193,347,133,214
121000194,955,1157,-202
121000195,200,573,-373
121000196,342,180,162
121000197,59,142,-83
121000198,86,159,-73
121000199,158,131,27
121000200,443,84,359
121000201,1,153,-152
121000202,471,39,432
121000203,371,493,-122
121000204,2105,280,1825
121000205,171,234,-63
121000206,40,99,-59
121000207,1567,800,767
121000208,5,218,-213
121000209,915,78,837
121000210,707,202,505
121000211,152,49,103
121000212,229,244,-15
121000213,5183,1533,3650
121000214,324,985,-661
121000215,558,640,-82
121000216,224,409,-185
121000217,1715,2202,-487
121000218,279,728,-449
121000219,696,246,450
121000220,148,32,116
121000221,401,366,35
121000222,3297,2227,1070
121000223,174,417,-243
121000224,97,240,-143
121000225,207,4644,-4437
121000226,646,1595,-949
121000227,36,66,-30
121000228,28,242,-214
121000229,34,210,-176
121000230,54,652,-598
121000231,1208,61,1147
121000232,137,89,48
121000233,477,213,264
121000234,6,38,-32
121000235,46,129,-83
121000236,0,19,-19
121000237,3,10,-7
121000238,0,25,-25
121000239,44,11,33
121000240,1,91,-90
121000241,100,2,98
121000242,2,57,-55
121000243,96,32,64
121000244,0,24,-24
121000245,23,1,22
121000246,0,45,-45
121000247,91,0,91
121000248,191,183,8
121000249,29,137,-108
121000250,460,579,-119
121000251,4,210,-206
121000252,58,55,3
121000253,197,450,-253
121000254,743,172,571
121000255,35,487,-452
121000256,223,441,-218
121000257,9,122,-113
121000258,19,209,-190
121000259,14,77,-63
121000260,10,68,-58
121000261,8,208,-200
121000262,394,253,141
121000263,233,183,50
121000271,247,633,-386
121000273,19,7,12
121000274,8,187,-179
121000275,5,4,1
121000276,1,96,-95
121000278,54,23,31
121000279,10,54,-44
121000280,17,223,-206
121000289,152,42,110
121000290,359,587,-228
121000294,172,66,106
121000297,117,505,-388
121000299,72,824,-752
121000300,529,406,123
121000302,1,334,-333
121000303,193,85,108
121000304,271,26,245
121000305,152,30,122
121000306,129,65,64
121000308,29,65,-36
121000309,84,102,-18
121000310,73,80,-7
121000311,29,149,-120
121000312,374,171,203
121000313,56,102,-46
121000314,1,6,-5
121000315,2,17,-15
121000530,1219,657,562
121000531,1246,882,364
121000532,2577,4106,-1529
121000533,1965,1460,505
121000918,49,111,-62
121000919,20,85,-65
121000938,8,86,-78
121000939,18,123,-105
121000956,1379,759,620
121000957,9,19,-10
121000958,5,95,-90
121000959,796,264,532
121000960,912,650,262
121000961,245,26,219
121000962,108,123,-15
121000973,0,146,-146
121000976,6,38,-32
121000979,108,246,-138
121000981,260,28,232
121000982,371,182,189
121000983,288,98,190
121000984,0,20,-20
121000985,809,328,481
121000986,556,142,414
121000987,89,243,-154
121000988,784,52,732
121001302,51,20,31
121001308,0,8,-8
121001309,18,305,-287
121001311,0,0,0
121001313,143,237,-94
121001314,689,1140,-451
121001315,3086,2080,1006
121001318,0,0,0
121900001,78,204,-126
121900002,31,3,28
121900003,100,3,97
121900004,18,184,-166
121900005,6,0,6
121900006,49,7,42
121900007,2004,765,1239
121900008,50,38,12
121900009,556,79,477
121900010,28,0,28
121900011,171,82,89
121900012,18,0,18
121900013,70,38,32
121900014,682,135,547
121900015,140,57,83
121900016,3,6,-3
121900017,132,266,-134
121900018,174,5,169
121900019,139,45,94
121900020,18,0,18
121900021,678,12,666
121900022,75,38,37
121900023,95,322,-227
121900024,117,45,72
121900025,222,163,59
121900026,66,19,47
121900027,198,147,51
121900028,87,2,85
121900029,23,449,-426
121900030,124,166,-42
121900031,209,3141,-2932
121900032,66,18,48
121900033,91,116,-25
121900034,168,72,96
121900035,1538,796,742
121900036,66,239,-173
121900037,55,961,-906
121900038,26,10,16
121900039,94,6,88
121900040,25,23,2
121900041,30,213,-183
121900042,286,80,206
121900043,0,0,0
121900044,8,40,-32
121900046,78,70,8
121900047,49,32,17
121900048,26,26,0
121900050,20,4,16
121900051,126,159,-33
121900052,36,32,4
121900053,343,212,131
121900054,155,364,-209
121900055,1,33,-32
121900058,133,19,114
121900059,59,33,26
121900060,76,209,-133
121900061,64,1616,-1552
121900062,133,64,69
121900063,986,187,799
121900064,200,199,1
121900066,6,28,-22
121900067,8,2,6
121900069,69,71,-2
121900070,41,155,-114
121900071,403,100,303
121900072,12,29,-17
121900073,27,128,-101
121900074,201,307,-106
121900075,140,406,-266
121900076,194,165,29
121900077,3,10,-7
121900078,65,42,23
121900079,0,0,0
121900080,209,126,83
121900082,65,30,35
121900084,18,3,15
121900085,1,4,-3
121900086,11,25,-14
121900087,24,50,-26
121900088,460,543,-83
121900089,109,89,20
121900090,15,7,8
121900091,5,3,2
121900092,112,67,45
121900093,64,38,26
121900094,0,0,0
121900095,167,68,99
121900096,475,314,161
121900097,231,47,184
121900098,1,0,1
121900099,138,31,107
121900100,9,65,-56
121900101,43,33,10
121900102,0,18,-18
121900103,203,117,86
121900104,774,115,659
121900105,81,35,46
121900106,1,1,0
121900107,53,18,35
121900108,0,1,-1
121900109,88,42,46
121900110,325,116,209
121900111,73,64,9
121900112,21,15,6
121900113,23,117,-94
121900114,9,3,6
121900117,2,13,-11
121900118,340,49,291
121900119,130,8,122
121900120,28,186,-158
121900121,32,3,29
121900122,32,39,-7
121900123,72,71,1
121900124,21,21,0
121900125,774,290,484
121900127,8,119,-111
121900128,26,7,19
121900129,80,24,56
121900130,23,1577,-1554
121900131,63,21,42
121900132,19,11,8
121900133,0,285,-285
121900134,4,219,-215
121900135,4114,377,3737
121900136,43,43,0
121900137,3,93,-90
121900138,38,57,-19
121900139,158,729,-571
121900140,7,3,4
121900141,29,8,21
121900142,17,11,6
121900143,19,23,-4
121900144,66,83,-17
121900145,76,100,-24
121900146,73,44,29
121900147,16,22,-6
121900148,39,46,-7
121900149,31,17,14
121900150,52,22,30
121900151,19,59,-40
121900152,23,7,16
121900153,2,87,-85
121900154,0,52,-52
121900155,0,42,-42
121900156,13,12,1
121900157,1,25,-24
121900158,2,8,-6
121900159,0,6,-6
121900160,1,26,-25
121900161,24,92,-68
121900162,4,27,-23
121900163,215,80,135
121900164,57,106,-49
121900165,67,65,2
121900166,97,43,54
121900167,87,11,76
121900168,17,23,-6
121900169,0,0,0
121900170,1,16,-15
121900171,359,116,243
121900172,127,36,91
121900173,154,91,63
121900174,69,11,58
121900175,12,96,-84
121900176,179,578,-399
121900177,16,16,0
121900178,2,3,-1
121900179,64,272,-208
121900180,634,3683,-3049
121900182,310,298,12
121900183,130,1095,-965
121900184,21,807,-786
121900186,0,202,-202
121900187,0,21,-21
121900188,469,41,428
121900189,23,13,10
121900190,29,295,-266
121900191,33,83,-50
121900192,109,545,-436
121900193,1,36,-35
121900194,0,73,-73
121900195,0,17,-17
121900196,84,549,-465
121900197,106,430,-324
121900198,2805,549,2256
121900199,0,22,-22
121900200,5,80,-75
121900201,200,281,-81
121900202,19,290,-271
121900203,47,249,-202
121900204,183,403,-220
121900205,33,38,-5
121900206,2,25,-23
121900207,2,15,-13
121900208,41,248,-207
121900209,16,25,-9
121900210,741,422,319
121900211,32,45,-13
121900212,27,44,-17
121900213,182,9,173
121900214,0,190,-190
121900215,8,111,-103
121900216,9,137,-128
121900217,37,86,-49
121900218,69,185,-116
121900220,43,7,36
121900221,216,164,52
121900222,110,14,96
121900223,20,11,9
121900224,24,11,13
121900225,31,75,-44
121900226,112,9,103
121900227,72,271,-199
121900228,26,34,-8
121900230,30,117,-87
121900231,47,184,-137
121900232,35,122,-87
121900233,52,25,27
121900234,80,80,0
121900235,221,56,165
121900236,126,19,107
121900237,22,88,-66
121900238,16,95,-79
121900239,51,16,35
121900240,89,41,48
121900241,7,28,-21
121900242,0,0,0
121900243,1,0,1
121900244,0,0,0
121900245,94,17,77
121900246,1755,104,1651
121900247,184,58,126
121900248,334,244,90
121900250,71,300,-229
121900251,159,18,141
121900252,168,61,107
121900253,15,255,-240
121900254,71,158,-87
121900255,190,32,158
121900258,2437,781,1656
121900259,33,141,-108
121900260,56,32,24
121900261,19,138,-119
121900262,43,147,-104
121900263,43,63,-20
121900264,217,150,67
121900265,115,35,80
121900266,254,38,216
121900267,53,21,32
121900269,130,238,-108
121900270,32,145,-113
121900271,4,241,-237
121900273,219,1073,-854
121900274,250,64,186
121900277,94,221,-127
121900278,66,304,-238
121900279,38,107,-69
121900280,25,125,-100
121900281,36,148,-112
121900284,9,0,9
121900286,143,53,90
121900287,2,15,-13
121900288,0,0,0
121900290,56,181,-125
121900291,263,214,49
121900292,60,60,0
121900293,353,1138,-785
121900294,91,0,91
121900295,38,18,20
121900296,84,85,-1
121900298,63,406,-343
121900299,0,85,-85
121900300,16,21,-5
121900301,4,0,4
121900302,11,71,-60
121900303,19,63,-44
121900304,0,7,-7
121900305,1,4,-3
121900306,189,1,188
121900307,127,2,125
121900308,0,34,-34
121900309,3,20,-17
121900310,4,83,-79
121900311,295,8,287
121900312,235,2,233
121900313,280,11,269
121900314,0,4,-4
121900315,15,1,14
121900316,0,0,0
121900317,9,22,-13
121900318,0,0,0
121900319,59,95,-36
121900320,0,0,0
121900321,41,0,41
121900322,0,0,0
121900323,7,12,-5
121900324,0,3,-3
121900325,10,0,10
121900326,0,0,0
121900327,12,10,2
121900328,1,2,-1
121900329,1,9,-8
121900330,0,53,-53
121900331,18,58,-40
121900332,44,16,28
121900333,24,0,24
121900334,0,3,-3
122000001,477,1052,-575
122000002,1096,270,826
122000003,439,690,-251
122000004,573,448,125
122000005,1738,1630,108
122000006,271,554,-283
122000007,212,691,-479
122000008,468,1008,-540
122000009,112,153,-41
122000010,1368,1406,-38
122000011,917,555,362
122000012,361,715,-354
122000013,192,729,-537
122000014,1790,510,1280
122000015,501,425,76
122000016,322,342,-20
122000017,401,824,-423
122000018,684,790,-106
122000019,493,890,-397
122000020,128,255,-127
122000021,91,158,-67
122000022,298,499,-201
122000023,210,525,-315
122000024,223,594,-371
122000025,402,647,-245
122000026,260,449,-189
122000027,197,342,-145
122000028,454,344,110
122000029,137,250,-113
122000030,77,35,42
122000031,36,416,-380
122000032,1064,788,276
122000033,171,650,-479
122000034,127,435,-308
122000035,137,193,-56
122000036,199,142,57
122000037,140,146,-6
122000038,92,202,-110
122000039,237,185,52
122000040,197,99,98
122000041,292,628,-336
122000042,257,503,-246
122000043,63,43,20
122000044,46,66,-20
122000045,369,313,56
122000046,447,261,186
122000047,21,60,-39
122000048,1026,1904,-878
122000049,2578,1445,1133
122000050,279,457,-178
122000051,75,512,-437
122000052,227,518,-291
122000053,123,1270,-1147
122000054,1157,855,302
122000055,1295,1895,-600
122000056,1502,1141,361
122000057,1016,1994,-978
122000058,337,819,-482
122000059,381,882,-501
122000060,189,211,-22
122000061,154,140,14
122000062,329,154,175
122000063,123,475,-352
122000064,1727,2874,-1147
122000065,1418,1430,-12
122000066,282,487,-205
122000067,484,1124,-640
122000068,834,963,-129
122000069,412,274,138
122000070,381,692,-311
122000071,1406,728,678
122000072,173,184,-11
122000073,43,329,-286
122000074,1012,709,303
122000075,392,376,16
122000076,1351,665,686
122000077,382,908,-526
122000078,371,996,-625
122000079,189,850,-661
122000080,131,183,-52
122000081,43,135,-92
122000082,205,556,-351
122000083,1782,572,1210
122000084,1464,620,844
122000085,88,202,-114
122000086,1240,3461,-2221
122000087,174,225,-51
122000088,78,207,-129
122000089,1888,1319,569
122000090,159,524,-365
122000091,104,279,-175
122000092,53,44,9
122000093,753,1917,-1164
122000094,2743,1377,1366
122000095,386,1761,-1375
122000096,294,802,-508
122000098,1456,2412,-956
122000099,174,872,-698
122000100,397,220,177
122000101,128,186,-58
122000102,776,525,251
122000103,442,675,-233
122000104,328,158,170
122000105,156,163,-7
122000106,223,513,-290
122000107,656,393,263
122000108,202,279,-77
122000109,194,129,65
122000110,193,291,-98
122000111,1008,650,358
122000112,534,907,-373
122000113,224,157,67
122000114,514,1652,-1138
122000115,973,1170,-197
122000116,81,200,-119
122000117,243,170,73
122000118,531,111,420
122000119,543,390,153
122000120,372,530,-158
122000121,380,473,-93
122000122,131,364,-233
122000123,389,730,-341
122000124,187,195,-8
122000125,82,295,-213
122000126,96,266,-170
122000127,129,164,-35
122000128,130,158,-28
122000129,102,958,-856
122000130,924,390,534
122000131,328,75,253
122000132,170,94,76
122000133,493,361,132
122000134,387,547,-160
122000135,327,189,138
122000136,304,264,40
122000137,865,259,606
122000139,454,1157,-703
122000140,94,418,-324
122000141,1964,582,1382
122000142,62,671,-609
122000143,218,122,96
122000144,845,199,646
122000145,298,236,62
122000146,161,915,-754
122000147,131,209,-78
122000148,213,468,-255
122000149,674,235,439
122000150,786,345,441
122000151,39,61,-22
122000152,98,70,28
122000153,150,121,29
122000154,61,38,23
122000155,588,889,-301
122000156,2515,1857,658
122000157,338,2507,-2169
122000158,99,229,-130
122000159,461,351,110
122000160,861,458,403
122000161,608,326,282
122000162,249,494,-245
122000163,109,48,61
122000164,5,52,-47
122000165,269,713,-444
122000166,222,1080,-858
122000167,79,168,-89
122000168,82,775,-693
122000169,181,86,95
122000170,114,143,-29
122000171,6,17,-11
122000172,990,708,282
122000173,898,1165,-267
122000174,397,1413,-1016
122000175,265,91,174
122000176,102,1393,-1291
122000177,441,924,-483
122000178,1905,1286,619
122000179,1360,1552,-192
122000180,256,575,-319
122000181,371,965,-594
122000182,380,585,-205
122000183,664,349,315
122000184,1439,1100,339
122000185,395,950,-555
122000186,136,441,-305
122000187,1074,397,677
122000188,126,65,61
122000189,90,128,-38
122000190,420,892,-472
122000191,349,262,87
122000192,533,188,345
122000193,438,409,29
122000194,200,67,133
122000195,50,504,-454
122000196,531,182,349
122000197,228,442,-214
122000198,138,937,-799
122000199,224,72,152
122000200,427,249,178
122000201,579,1348,-769
122000202,331,1372,-1041
122000203,901,520,381
122000204,423,489,-66
122000205,180,312,-132
122000206,1653,531,1122
122000207,1221,754,467
122000208,1286,629,657
122000209,710,127,583
122000210,718,593,125
122000211,342,618,-276
122000212,277,355,-78
122000213,352,776,-424
122000214,856,942,-86
122000215,1333,1453,-120
122000217,657,546,111
122000218,269,69,200
122000219,958,388,570
122000220,85,439,-354
122000221,151,269,-118
122000222,190,70,120
122000223,168,394,-226
122000225,349,141,208
122000226,559,557,2
122000227,30,415,-385
122000228,121,148,-27
122000229,3,226,-223
122000230,10,284,-274
122000231,156,586,-430
122000232,251,304,-53
122000233,0,53,-53
122000234,333,113,220
122000235,224,101,123
122000236,902,42,860
122000237,33,61,-28
122000238,100,325,-225
122000239,344,101,243
122000240,681,120,561
122000241,1031,126,905
122000242,199,10,189
122000243,162,30,132
122000244,39,102,-63
122000245,52,32,20
122000246,287,90,197
122000247,200,185,15
122000248,730,297,433
122000249,570,521,49
122000250,616,356,260
122000251,16,42,-26
122000252,165,51,114
122000253,19,30,-11
122000254,198,97,101
122000255,202,494,-292
122000256,206,380,-174
122000257,181,176,5
122000258,155,287,-132
122000259,13,345,-332
122000260,16,267,-251
122000261,18,122,-104
122000262,1,61,-60
122000263,62,155,-93
122000264,959,115,844
122000265,1116,487,629
122000266,1856,229,1627
122000267,52,308,-256
122000268,158,33,125
122000269,559,128,431
122000270,296,51,245
122000271,82,401,-319
122000272,83,166,-83
122000273,219,132,87
122000274,80,140,-60
122000275,6,216,-210
122000276,661,396,265
122000277,393,1144,-751
122000278,951,76,875
122000279,84,122,-38
122000280,282,194,88
122000281,391,219,172
122000282,36,558,-522
122000283,40,127,-87
122000284,92,40,52
122000285,360,61,299
122000286,24,128,-104
122000287,925,1439,-514
122000288,124,141,-17
122000291,1282,431,851
122000293,86,65,21
122000294,52,235,-183
122000295,952,220,732
122000296,20,735,-715
122000297,965,3517,-2552
122000299,283,219,64
122000300,127,339,-212
122000301,3322,2909,413
122000302,206,1836,-1630
122000303,697,494,203
122000304,4,185,-181
122000305,1183,142,1041
122000306,46,257,-211
122000307,67,64,3
122000309,25,89,-64
122000310,4,100,-96
122000311,76,73,3
122000312,82,230,-148
122000313,18,163,-145
122000314,132,320,-188
122000315,206,56,150
122000316,981,154,827
122000317,1787,156,1631
122000318,277,1566,-1289
122000319,64,185,-121
122000320,87,275,-188
122000321,39,98,-59
122000322,662,641,21
122000323,291,791,-500
122000324,566,1075,-509
122000325,342,761,-419
122000326,98,70,28
122000327,96,288,-192
122000328,273,165,108
122000330,715,594,121
122000332,190,1299,-1109
122000333,20,53,-33
122000337,719,176,543
122000338,277,152,125
122000340,20,677,-657
122000342,951,361,590
122000343,387,230,157
122000344,68,8,60
122000345,33,168,-135
122000346,64,17,47
122000348,282,466,-184
122000349,23,62,-39
122000351,217,161,56
122000352,157,49,108
122000353,42,18,24
122000355,76,270,-194
122000356,111,551,-440
122000357,50,6,44
122000358,0,3,-3
122000359,0,0,0
122000360,0,0,0
122000362,2,9,-7
122000364,241,90,151
122000365,0,20,-20
122000366,32,1,31
122000368,295,191,104
122000370,3,2,1
122000371,62,0,62
122000372,7,0,7
122000381,164,131,33
122000382,20,178,-158
122000384,583,587,-4
122000385,53,1,52
122000386,65,812,-747
122000387,82,563,-481
122000388,552,385,167
122000389,28,306,-278
122000390,141,262,-121
122000391,28,519,-491
122000392,102,85,17
122000393,13,726,-713
122000394,419,146,273
122000395,83,75,8
122000396,189,29,160
122000397,9,39,-30
122000398,4,113,-109
122000399,96,22,74
122000400,26,433,-407
122000401,13,14,-1
122000402,373,123,250
122000403,131,275,-144
122000404,258,69,189
122000408,153,594,-441
122000503,5,89,-84
122000524,31,104,-73
122000544,26,1173,-1147
122000616,110,0,110
122000640,132,25,107
122000641,100,141,-41
122000642,902,262,640
122000643,19,145,-126
122000644,21,34,-13
122000645,15,117,-102
122000651,196,627,-431
122000664,68,26,42
122000665,334,184,150
122000666,112,212,-100
122000673,8,98,-90
122000674,329,107,222
122000675,1329,483,846
122000686,263,472,-209
122000687,1428,225,1203
122000688,279,254,25
122000689,1069,118,951
122000690,2430,117,2313
122000691,813,383,430
122000692,1089,105,984
122000693,321,509,-188
122000695,280,156,124
122000696,493,67,426
122000698,204,131,73
122000699,239,65,174
122000701,1156,170,986
122000702,246,503,-257
122000703,43,34,9
122000717,6,87,-81
122000718,27,833,-806
122000719,3,40,-37
122000720,608,56,552
122000724,52,29,23
122900001,24,25,-1
122900002,358,4341,-3983
122900003,211,2,209
122900004,2779,120,2659
122900005,50,227,-177
122900006,72,1279,-1207
122900007,19,119,-100
122900008,93,361,-268
122900009,121,42,79
122900010,176,95,81
122900012,200,204,-4
122900014,44,30,14
122900015,691,235,456
122900016,64,51,13
122900017,120,312,-192
122900018,43,1,42
122900019,10,226,-216
122900020,63,530,-467
122900021,11,201,-190
122900022,759,513,246
122900023,349,67,282
122900024,52,43,9
122900025,3,102,-99
122900026,0,27,-27
122900027,8,452,-444
122900028,51,35,16
122900029,2335,1100,1235
122900030,339,68,271
122900031,2,226,-224
122900032,135,141,-6
122900033,109,91,18
122900034,1222,1798,-576
122900035,13,16,-3
122900036,44,11,33
122900037,108,88,20
122900038,35,1028,-993
122900039,29,232,-203
122900040,164,334,-170
122900041,51,311,-260
122900042,136,103,33
122900043,192,101,91
122900044,72,237,-165
122900045,31,68,-37
122900046,67,208,-141
122900047,38,22,16
122900048,7,166,-159
122900049,1674,75,1599
122900051,7,102,-95
122900052,57,26,31
122900053,2,9,-7
122900055,88,16,72
122900057,156,6,150
122900061,297,10,287
122900062,214,463,-249
122900063,159,89,70
122900064,522,322,200
122900065,136,132,4
122900066,211,59,152
122900067,331,132,199
122900068,19,48,-29
122900069,97,783,-686
122900070,205,14,191
122900071,21,62,-41
122900072,19,94,-75
122900073,24,28,-4
122900074,1274,100,1174
122900075,0,20,-20
122900076,1,80,-79
122900077,0,5,-5
122900078,262,22,240
122900080,1,12,-11
122900081,125,35,90
122900082,996,45,951
122900083,8,60,-52
122900084,1,70,-69
122900086,1,100,-99
122900087,229,554,-325
122900088,15,164,-149
122900089,2,236,-234
122900090,2,78,-76
122900091,286,2,284
122900092,0,46,-46
122900093,0,32,-32
122900094,0,62,-62
122900095,133,2,131
122900096,483,20,463
122900097,21,24,-3
122900098,13,37,-24
122900099,131,54,77
122900100,14,531,-517
122900101,97,117,-20
122900102,23,48,-25
122900103,302,8,294
122900104,163,1,162
122900105,17,9,8
122900106,1,5,-4
122900107,2,16,-14
122900108,6,29,-23
123000001,422,281,141
123000002,1445,4076,-2631
123000003,2272,1758,514
123000004,1402,2348,-946
123000005,2081,1252,829
123000006,1147,1147,0
123000007,1969,1288,681
123000008,1257,1872,-615
123000009,2341,2204,137
123000010,1813,2125,-312
123000011,888,664,224
123000012,226,1126,-900
123000013,2301,577,1724
123000014,260,1551,-1291
123000015,1465,615,850
123000016,1432,1607,-175
123000017,4290,1959,2331
123000018,127,62,65
123000019,449,12,437
123000020,363,16,347
123000021,294,280,14
123000022,753,1175,-422
123000023,1842,1428,414
123000024,1066,467,599
123000025,104,56,48
123000026,9,109,-100
123000027,11,576,-565
123000028,74,3180,-3106
123000029,74,1313,-1239
123000030,185,70,115
123000031,524,110,414
123000032,803,130,673
123000033,188,47,141
123000034,574,446,128
123000035,207,297,-90
123000036,79,570,-491
123000037,93,121,-28
123000038,19,207,-188
123000039,284,1118,-834
123000040,233,74,159
123000041,248,525,-277
123000042,216,381,-165
123000043,825,7111,-6286
123000044,1982,1061,921
123000045,1975,866,1109
123000046,103,474,-371
123000047,291,483,-192
123000048,25,1224,-1199
123000049,2610,4608,-1998
123000050,1042,787,255
123000051,29,76,-47
123000052,376,1112,-736
123000053,1002,1119,-117
123000054,900,1338,-438
123000055,1342,2746,-1404
123000056,464,349,115
123000057,2139,2241,-102
123000058,194,804,-610
123000059,72,223,-151
123000060,721,275,446
123000061,122,290,-168
123000063,611,348,263
123000064,938,97,841
123000065,1673,1433,240
123000066,164,221,-57
123000067,343,253,90
123000068,679,625,54
123000069,1709,497,1212
123000070,117,152,-35
123000071,1163,307,856
123000072,477,232,245
123000073,1263,448,815
123000074,526,401,125
123000075,219,867,-648
123000076,357,182,175
123000077,839,608,231
123000078,1393,462,931
123000079,1504,770,734
123000080,1391,314,1077
123000081,78,118,-40
123000082,51,451,-400
123000083,651,81,570
123000084,593,209,384
123000085,342,59,283
123000086,647,42,605
123000087,256,87,169
123000088,697,217,480
123000089,649,369,280
123000090,641,357,284
123000091,741,672,69
123000092,349,445,-96
123000094,458,41,417
123000095,583,243,340
123000096,688,138,550
123000097,337,115,222
123000098,559,100,459
123000099,486,159,327
123000100,169,589,-420
123000101,172,82,90
123000102,392,764,-372
123000104,188,131,57
123000105,193,58,135
123000106,247,113,134
123000107,198,71,127
123000108,276,410,-134
123000111,661,93,568
123000112,680,128,552
123000113,308,270,38
123000114,194,367,-173
123000115,202,202,0
123000116,38,48,-10
123000117,1400,689,711
123000118,367,180,187
123000119,129,173,-44
123000120,166,242,-76
123000121,381,261,120
123000122,145,64,81
123000123,338,200,138
123000124,176,105,71
123000125,710,579,131
123000126,636,2102,-1466
123000127,459,193,266
123000128,147,99,48
123000129,902,46,856
123000130,647,13,634
123000131,1032,288,744
123000132,109,202,-93
123000133,95,55,40
123000134,166,34,132
123000135,1342,290,1052
123000136,99,257,-158
123000137,66,107,-41
123000138,18,126,-108
123000139,518,80,438
123000140,25,162,-137
123000141,228,33,195
123000142,594,333,261
123000143,353,588,-235
123000144,2,51,-49
123000145,81,405,-324
123000146,11,212,-201
123000147,28,306,-278
123000149,150,159,-9
123000150,20,119,-99
123000151,59,264,-205
123000152,3,144,-141
123000153,49,623,-574
123000154,547,1537,-990
123000155,1023,1221,-198
123000156,10,20,-10
123000157,319,606,-287
123000158,244,448,-204
123000159,1053,2371,-1318
123000160,364,597,-233
123000161,730,802,-72
123000162,747,1206,-459
123000163,511,111,400
123000164,1711,75,1636
123000165,122,521,-399
123000166,20,38,-18
123000167,94,55,39
123000168,170,75,95
123000169,755,30,725
123000170,112,24,88
123000171,859,3,856
123000172,46,167,-121
123000173,375,128,247
123000174,368,216,152
123000175,161,282,-121
123000176,578,160,418
123000177,135,277,-142
123000178,672,84,588
123000179,2,363,-361
123000180,1080,148,932
123000181,276,454,-178
123000182,242,150,92
123000183,91,293,-202
123000184,39,194,-155
123000185,719,395,324
123000186,11,178,-167
123000187,450,8,442
123000188,308,2,306
123000189,826,116,710
123000190,59,266,-207
123000192,1,148,-147
123000193,8,198,-190
123000194,162,90,72
123000195,243,5,238
123000196,455,9,446
123000197,58,58,0
123000198,51,518,-467
123000199,16,290,-274
123000200,540,10,530
123000201,957,27,930
123000202,31,289,-258
123000203,937,38,899
123000204,57,351,-294
123000205,84,406,-322
123000206,2541,149,2392
123000207,53,314,-261
123000208,540,45,495
123000209,1350,197,1153
123000210,109,619,-510
123000211,202,590,-388
123000212,3084,274,2810
123000213,347,52,295
123000215,36,127,-91
123000216,89,591,-502
123000217,137,9,128
123000218,87,241,-154
123000219,396,49,347
123000220,215,62,153
123000221,76,32,44
123000222,312,156,156
123000223,464,152,312
123000224,424,147,277
123000225,136,27,109
123000226,138,97,41
123000227,41,76,-35
123000228,257,35,222
123000229,326,238,88
123000232,19,157,-138
123000233,587,42,545
123000234,130,207,-77
123000235,768,179,589
123000236,213,230,-17
123000237,390,76,314
123000238,25,93,-68
123000239,196,278,-82
123000240,63,461,-398
123000241,177,20,157
123000242,167,93,74
123000243,456,442,14
123000244,491,189,302
123000245,2,50,-48
123000249,197,310,-113
123000252,563,132,431
123000253,1231,329,902
123000254,402,241,161
123000255,425,442,-17
123000256,6,37,-31
123000257,771,581,190
123000258,459,235,224
123000259,323,214,109
123000260,456,87,369
123000261,321,90,231
123000262,20,34,-14
123000263,311,24,287
123000264,209,54,155
123000265,1,29,-28
123000266,216,188,28
123000267,610,204,406
123000268,15,17,-2
123000269,15,57,-42
123000270,25,38,-13
123000271,35,25,10
123000272,465,134,331
123000273,163,818,-655
123000274,961,473,488
123000275,106,247,-141
123000278,731,1684,-953
123000279,130,30,100
123000280,202,180,22
123000281,226,43,183
123000282,43,162,-119
123000283,269,11,258
123000284,18,26,-8
123000286,46,201,-155
123000287,130,120,10
123000288,523,885,-362
123000289,111,954,-843
123000291,39,245,-206
123000294,100,172,-72
123000295,636,1365,-729
123000296,616,693,-77
123000297,538,233,305
123000298,974,140,834
123000299,112,79,33
123000300,729,326,403
123000301,72,188,-116
123000302,240,32,208
123000303,26,598,-572
123000305,188,337,-149
123000306,201,26,175
123000309,37,21,16
123000310,72,3,69
123000311,0,90,-90
123000312,275,252,23
123000313,483,322,161
123000315,244,77,167
123000316,1007,20,987
123000317,164,189,-25
123000318,32,126,-94
123000329,5,9,-4
123000337,205,779,-574
123000338,83,330,-247
123000339,399,35,364
123000340,36,161,-125
123000342,0,9,-9
123000343,62,7,55
123000344,298,113,185
123000345,130,252,-122
123000346,287,48,239
123000352,420,276,144
123000353,64,16,48
123000354,456,4,452
123000355,1,734,-733
123000356,276,2,274
123000357,0,58,-58
123000359,0,33,-33
123000360,68,140,-72
123000361,560,103,457
123000362,307,33,274
123000363,107,51,56
123000364,255,218,37
123000365,18,182,-164
123000366,193,1152,-959
123000367,135,188,-53
123000370,9,65,-56
123000371,492,12,480
123000372,247,19,228
123000373,1,39,-38
123000374,7,20,-13
123000375,361,45,316
123000376,626,396,230
123000377,671,6,665
123000378,1,120,-119
123000379,0,148,-148
123000380,2,59,-57
123000381,49,213,-164
123000382,600,98,502
123000383,20,180,-160
123000384,592,167,425
123000385,42,66,-24
123000436,49,1289,-1240
123000507,45,110,-65
123000508,59,966,-907
123000517,99,4,95
123000518,15,60,-45
123000519,46,15,31
123000520,18,40,-22
123000521,252,41,211
123000522,73,130,-57
123000541,21,4,17
123000542,0,0,0
123000565,699,15,684
123000566,278,335,-57
123000567,327,158,169
123000573,2,17,-15
123000574,689,33,656
123000575,1933,60,1873
123000576,667,246,421
123000577,8,150,-142
123000578,299,162,137
123000579,656,3334,-2678
123000580,129,73,56
123000582,374,12,362
123000583,6,122,-116
123000584,95,104,-9
123000585,0,12,-12
123000586,154,27,127
123000596,21,20,1
123000597,71,89,-18
123000602,84,20,64
123000603,1247,132,1115
123000604,512,234,278
123000605,252,68,184
123000606,0,84,-84
123000609,17,174,-157
123000610,49,72,-23
123000613,21,47,-26
123000614,289,29,260
123000615,16,17,-1
123000616,828,49,779
123000617,58,89,-31
123000618,4,306,-302
123000619,413,16,397
123000620,2,107,-105
123000622,666,14,652
123000624,210,15,195
123000630,1377,353,1024
123000631,120,311,-191
123000632,348,252,96
123000633,0,116,-116
123000634,8,136,-128
123000635,42,46,-4
123000636,36,316,-280
123000637,112,56,56
123000638,371,150,221
123000639,687,4392,-3705
123000640,10,247,-237
123000648,356,11,345
123000649,11,147,-136
123900001,690,33,657
123900002,37,757,-720
123900003,14,132,-118
123900005,167,192,-25
123900006,297,39,258
124000001,1370,169,1201
124000002,7,585,-578
124000003,1136,137,999
124000004,11,154,-143
124000005,1048,1162,-114
124000006,96,224,-128
124000007,568,72,496
124000008,70,231,-161
124000009,662,384,278
124000010,167,365,-198
124000011,746,390,356
124000012,96,535,-439
124000017,187,93,94
124000018,11,3,8
124000019,172,15,157
124000020,4,13,-9
124000021,85,57,28
124000022,20,32,-12
124000023,619,877,-258
124000024,551,174,377
124000025,660,836,-176
124000026,929,1004,-75
124000027,2244,1512,732
124000028,1106,3672,-2566
124000030,1007,496,511
124000031,583,6671,-6088
124000032,1425,249,1176
124000033,477,512,-35
124000034,577,425,152
124000035,249,203,46
124000036,10,255,-245
124000037,180,471,-291
124000038,0,15,-15
124000039,182,106,76
124000040,97,277,-180
124000041,423,33,390
124000042,147,70,77
124000043,89,31,58
124000044,33,25,8
124000045,781,109,672
124000046,109,175,-66
124000047,1569,145,1424
124000048,335,162,173
124000049,1363,185,1178
124000050,342,517,-175
124000051,1114,194,920
124000052,372,335,37
124000053,407,1340,-933
124000054,237,98,139
124000055,643,2435,-1792
124000056,815,208,607
124000057,1078,234,844
124000058,212,297,-85
124000059,737,698,39
124000060,243,372,-129
124000061,746,3619,-2873
124000062,1632,645,987
124000063,712,394,318
124000064,795,388,407
124000065,6,151,-145
124000066,87,77,10
124000067,85,94,-9
124000068,3,53,-50
124000069,437,86,351
124000070,147,78,69
124000071,108,69,39
124000072,56,177,-121
124000073,600,50,550
124000074,56,106,-50
124000075,472,42,430
124000076,0,0,0
124000077,193,614,-421
124000078,527,547,-20
124000079,40,638,-598
124000080,614,58,556
124000081,102,115,-13
124000082,36,104,-68
124000083,1,42,-41
124000084,26,617,-591
124000085,38,15,23
124000086,10,266,-256
124000087,18,161,-143
124000088,60,214,-154
124000089,380,69,311
124000090,104,143,-39
124000091,407,44,363
124000092,172,222,-50
124000093,155,94,61
124000094,98,152,-54
124000095,119,43,76
124000096,97,90,7
124000097,100,82,18
124000098,146,81,65
124000099,111,11,100
124000100,29,79,-50
124000101,91,112,-21
124000102,44,15,29
124000103,100,34,66
124000104,36,38,-2
124000105,89,56,33
124000106,86,41,45
124000107,22,171,-149
124000108,21,6,15
124000109,147,55,92
124000110,58,26,32
124000111,141,74,67
124000112,695,235,460
124000113,87,107,-20
124000114,265,217,48
124000115,199,536,-337
124000116,85,197,-112
124000117,22,33,-11
124000118,12,48,-36
124000119,491,259,232
124000120,299,120,179
124000121,601,348,253
124000122,244,799,-555
124000123,286,125,161
124000124,355,234,121
124000125,390,84,306
124000126,206,145,61
124000127,869,148,721
124000128,456,228,228
124000129,790,473,317
124000130,222,74,148
124000131,428,363,65
124000132,168,200,-32
124000133,769,483,286
124000134,332,178,154
124000135,1056,1034,22
124000136,151,274,-123
124000137,382,485,-103
124000138,296,399,-103
124000139,226,16,210
124000140,26,426,-400
124000141,16,10,6
124000142,5,304,-299
124000143,44,1,43
124000144,2,56,-54
124000145,118,13,105
124000146,16,37,-21
124000148,1,30,-29
124000149,627,173,454
124000150,150,271,-121
124000151,862,306,556
124000152,331,420,-89
124000153,906,693,213
124000154,499,307,192
124000155,642,321,321
124000156,387,404,-17
124000169,75,186,-111
124000170,242,174,68
124000171,197,196,1
124000172,135,210,-75
124000173,487,147,340
124000174,344,238,106
124000175,0,0,0
124000176,80,18,62
124000177,0,2,-2
124000178,41,75,-34
124000190,24,77,-53
124000191,48,257,-209
124000192,715,468,247
124000193,60,1141,-1081
124000194,138,103,35
124000195,356,187,169
124000196,305,330,-25
124000197,43,6,37
124000198,61,41,20
124000201,21,757,-736
124000202,519,24,495
124000203,522,162,360
124000204,1218,68,1150
124000205,99,41,58
124000206,1170,173,997
124000207,0,24,-24
124000209,186,40,146
124000210,1011,202,809
124000211,1031,6,1025
124000212,0,106,-106
124000213,513,122,391
124000214,625,25,600
124000215,603,29,574
124000216,13,837,-824
124000329,6,605,-599
124000338,13,229,-216
124000339,1941,18,1923
124000341,2169,30,2139
124000344,62,14,48
124000357,882,1772,-890
124000358,568,1538,-970
124000359,1015,392,623
124000360,1122,304,818
124000361,1921,1047,874
124000362,897,1665,-768
124000363,277,134,143
124000364,262,417,-155
124000365,425,532,-107
124000366,1030,566,464
124000367,8,188,-180
124000368,306,952,-646
124000369,85,50,35
124000370,38,574,-536
124000402,2,6,-4
124000403,78,28,50
124000404,10,53,-43
124000405,503,279,224
124000406,274,162,112
124000407,4,19,-15
124000411,3,110,-107
124000412,371,0,371
124000413,25,34,-9
124000414,132,39,93
124000415,62,64,-2
124000416,161,85,76
124000417,198,64,134
124000418,226,26,200
124000419,93,14,79
124000420,115,9,106
124000421,51,46,5
124000422,32,12,20
124000423,75,40,35
124000424,0,41,-41
124000425,30,32,-2
124000426,4,58,-54
124000427,52,0,52
124000428,1,197,-196
124000429,130,38,92
124000430,546,215,331
124000431,196,106,90
124000432,220,571,-351
124000439,4,16,-12
124000443,0,0,0
124000445,23,1244,-1221
124000446,569,172,397
124900001,535,52,483
124900002,115,49,66
124900003,627,157,470
124900004,547,122,425
124900005,130,32,98
124900006,469,81,388
124900008,167,169,-2
124900009,9,321,-312
124900010,207,65,142
124900011,607,92,515
124900012,202,45,157
124900013,453,49,404
124900014,284,40,244
124900015,66,283,-217
124900016,99,157,-58
124900017,175,2181,-2006
124900018,99,1,98
124900020,93,4,89
124900021,308,19,289
124900022,64,0,64
124900024,406,1,405
124900026,53,17,36
124900027,56,61,-5
124900028,207,2,205
124900029,15,287,-272
124900030,4,23,-19
124900031,8,100,-92
124900032,81,52,29
124900033,9,34,-25
124900034,27,54,-27
124900035,18,15,3
124900036,0,50,-50
124900037,59,53,6
124900038,82,53,29
124900039,1,50,-49
124900040,15,44,-29
124900041,230,146,84
124900042,6,1,5
124900043,297,221,76
124900044,50,0,50
124900045,150,309,-159
124900046,151,66,85
124900047,22,48,-26
124900048,209,11,198
124900050,131,54,77
124900052,13,67,-54
124900053,46,35,11
124900054,442,41,401
124900055,0,17,-17
124900057,0,0,0
124900060,1,38,-37
124900061,141,1,140
124900062,154,8,146
124900066,0,1,-1
124900067,0,0,0
124900068,116,489,-373
124900070,4,0,4
124900072,183,8,175
124900075,200,53,147
124900076,56,605,-549
124900077,6,38,-32
124900078,22,2,20
124900079,57,48,9
124900080,184,60,124
124900081,887,57,830
124900082,215,121,94
124900083,148,113,35
124900085,146,162,-16
124900086,6,313,-307
124900087,47,49,-2
124900088,46,16,30
124900089,259,4,255
124900090,426,55,371
124900091,117,69,48
124900092,162,46,116
124900093,512,56,456
124900094,525,61,464
124900095,122,343,-221
124900096,158,87,71
124900097,477,6,471
124900098,70,94,-24
124900099,85,110,-25
124900100,176,5,171
124900101,79,31,48
124900102,314,6,308
124900103,35,20,15
124900104,20,58,-38
124900105,45,21,24
124900106,230,17,213
124900107,206,2,204
124900108,61,23,38
124900111,0,3,-3
124900112,46,82,-36
124900113,1,39,-38
124900114,5,28,-23
124900115,1,10,-9
124900116,239,215,24
124900117,63,177,-114
124900118,15,510,-495
124900119,190,157,33
124900120,0,35,-35
124900121,6,207,-201
124900122,96,60,36
124900123,41,29,12
124900124,9,21,-12
204000001,137,5,132
204000002,8,13,-5
204000003,28,2,26
204000004,11,18,-7
204000005,288,170,118
204000006,891,826,65
204000011,0,0,0
204000012,1,2,-1
204000019,972,252,720
204000020,594,185,409
204000021,589,526,63
204000022,959,332,627
204000023,123,362,-239
204000031,35,5,30
204000032,132,10,122
204000034,0,13,-13
204000035,6,11,-5
204000036,2,9,-7
204000037,2,7,-5
204000038,0,39,-39
204000039,17,24,-7
204000040,3,14,-11
204000041,1,9,-8
204000042,17,15,2
204000043,6,26,-20
204000044,54,0,54
204000045,44,1,43
204000046,31,1,30
204000057,0,46,-46
204000062,7,195,-188
204000068,6,71,-65
204000069,8,65,-57
204000070,105,17,88
204000080,17,12,5
204000085,432,303,129
204000086,576,524,52
204000087,37,17,20
204000088,0,0,0
204000090,0,12,-12
204000093,446,9,437
204000096,908,253,655
204000097,442,5,437
204000099,728,1539,-811
204000100,1345,522,823
204000105,373,138,235
204000110,113,363,-250
204000111,174,209,-35
204000112,143,174,-31
204000113,103,175,-72
204000114,738,836,-98
204000115,464,171,293
204000116,380,103,277
204000119,1962,679,1283
204000132,528,415,113
204000133,597,57,540
204000134,151,50,101
204000135,437,20,417
204000136,521,135,386
204000138,196,600,-404
204000140,187,95,92
204000141,161,29,132
204000144,1,46,-45
204000145,267,11,256
204000146,1,11,-10
204000147,1,28,-27
204000148,77,24,53
204000154,18,1,17
204000155,0,23,-23
204000177,67,30,37
204000179,23,2,21
204000180,0,6,-6
204000222,15,26,-11
204000235,7,5,2
204000236,39,16,23
204000238,17,10,7
204000240,175,30,145
204000263,128,165,-37
204000268,447,138,309
204000308,47,7,40
204000317,1,23,-22
204000322,15,13,2
204000323,2,19,-17
204000328,299,18,281
204000329,14,20,-6
204000330,138,11,127
204000331,0,1,-1
204010341,10,174,-164
205000001,102,284,-182
205000013,2,36,-34
205000014,5,12,-7
205000015,11,6,5
205000016,5,5,0
205000017,42,4,38
205000022,52,176,-124
205000025,218,139,79
205000029,570,10,560
205000045,102,66,36
205000046,43,29,14
205000047,30,16,14
205000048,179,62,117
205000049,33,38,-5
205000050,94,14,80
205000059,0,29,-29
205000060,0,31,-31
205000061,1,69,-68
205000062,0,39,-39
205000063,23,144,-121
205000064,2,106,-104
205000065,17,175,-158
205000066,41,65,-24
205000067,34,173,-139
205000069,87,22,65
205000082,67,65,2
205000110,14,19,-5
205000111,14,25,-11
205000112,86,97,-11
205000113,26,32,-6
205000121,115,86,29
205000123,14,16,-2
205000126,497,95,402
205000127,405,51,354
205000128,264,44,220
205000129,580,56,524
205000130,164,38,126
205000131,24,27,-3
205000132,51,22,29
205000133,47,0,47
205000134,282,2,280
205000137,11,8,3
205000138,8,46,-38
205000139,2,22,-20
205000144,76,21,55
205000145,152,31,121
205000151,71,60,11
205000152,51,34,17
205000153,163,33,130
205000154,16,36,-20
205000155,76,18,58
205000207,0,0,0
205000233,24,1,23
205000234,0,0,0
205000243,0,1,-1
205000244,1,8,-7
205000245,2,9,-7
205000249,0,13,-13
205000250,3,0,3
205000264,2,23,-21
206000027,2,7,-5
206000028,3,1,2
206000043,6,32,-26
206000053,0,1,-1
206000054,0,0,0
206000055,0,4,-4
206000075,7,12,-5
206000076,16,1,15
206000077,27,2,25
206000078,7,1,6
206000079,33,8,25
206000082,304,85,219
206000100,5,160,-155
206000103,0,0,0
206000104,0,0,0
206000105,0,0,0
206000106,0,0,0
206000108,416,53,363
206000125,135,0,135
206000157,4,52,-48
206000170,0,158,-158
206000171,2,124,-122
206000172,20,56,-36
206000173,0,47,-47
206000174,14,17,-3
206000175,0,44,-44
206000176,13,47,-34
206000177,0,35,-35
206000178,1,79,-78
206000179,3,18,-15
206000180,4,37,-33
206000181,1,43,-42
206000182,9,29,-20
206000183,5,64,-59
206000184,1,43,-42
206000185,1,17,-16
206000186,20,194,-174
206000223,7,62,-55
206000226,45,6,39
206000227,29,0,29
206000237,8,38,-30
206000238,2,135,-133
206000239,87,501,-414
206000240,0,0,0
206000241,0,85,-85
206000242,1,48,-47
206000243,5,37,-32
206000244,11,88,-77
206000245,2302,25,2277
206000246,658,4,654
206000247,771,3,768
206000248,809,6,803
206000252,11,58,-47
206000258,0,0,0
206000315,21,9,12
206000317,639,175,464
206000318,627,51,576
206000319,3331,49,3282
206000320,1087,24,1063
206000321,1136,6,1130
206000322,1262,8,1254
206000323,539,3,536
206000324,554,3,551
206000325,340,9,331
206000326,411,5,406
206000327,18,4,14
206000328,493,8,485
206000329,804,2,802
206000330,174,1,173
206000331,542,1,541
206000332,121,0,121
206000333,1687,3,1684
206000334,1122,5,1117
206000335,0,17,-17
206000361,0,14,-14
206000392,0,1,-1
206000405,268,0,268
206000441,126,29,97
206000498,50,7,43
206000515,32,21,11
206000530,517,31,486
206000531,293,143,150
206000532,811,136,675
206000535,28,780,-752
206000536,4,64,-60
206000537,2,62,-60
206000613,916,310,606
207000001,22,145,-123
207000002,37,105,-68
207000003,11,91,-80
207000007,1917,126,1791
207000008,347,6,341
207000009,67,9,58
207000010,45,125,-80
207000012,458,85,373
207000015,62,262,-200
207000019,271,33,238
207000021,251,174,77
207000022,157,105,52
207000023,275,37,238
207000024,2,9,-7
207000025,8,32,-24
207000026,0,0,0
207000027,0,0,0
207000028,0,59,-59
207000029,18,94,-76
207000033,166,212,-46
207000034,151,42,109
207000039,793,31,762
207000040,915,10,905
207000041,208,1,207
207000042,513,8,505
207000043,274,113,161
207000051,8,19,-11
207000052,0,11,-11
207000053,95,192,-97
207000054,25,32,-7
207000055,42,23,19
207000056,71,119,-48
207000057,37,76,-39
207000058,47,135,-88
207000059,41,223,-182
207000060,10,296,-286
207000061,62,1097,-1035
207000062,698,52,646
207000063,652,28,624
207000064,355,30,325
207000065,247,86,161
207000066,470,75,395
207000067,92,23,69
207000068,145,48,97
207000069,638,153,485
207000082,7,117,-110
207000083,49,138,-89
207000084,478,105,373
207000085,251,48,203
207000086,520,6,514
207000106,144,2,142
207000107,185,4,181
207000108,138,2,136
207000109,94,2,92
207000110,58,8,50
207000111,46,18,28
207000112,93,255,-162
207000114,0,0,0
207000115,1,1,0
207000116,0,6,-6
207000117,0,1,-1
207000118,0,1,-1
207000119,0,1,-1
207000123,260,7,253
207000124,118,25,93
207000125,50,4,46
207000126,131,21,110
207000134,238,92,146
207000135,46,179,-133
207000148,46,184,-138
207000149,0,0,0
207000152,12,142,-130
207000153,30,299,-269
207000154,233,45,188
207000159,7,4,3
207000160,5,19,-14
207000238,0,0,0
207000242,0,0,0
207000248,0,0,0
207000249,0,0,0
207000250,0,0,0
207000251,0,0,0
207000252,0,0,0
207000278,180,84,96
207000279,11,13,-2
207000280,1271,30,1241
207000281,39,254,-215
207000282,18,404,-386
207000283,8,68,-60
207000284,19,1105,-1086
207000285,27,73,-46
207000291,0,1,-1
207000304,44,11,33
207000306,21,189,-168
207000310,178,72,106
207000353,60,0,60
207000356,0,28,-28
207000357,1,36,-35
207000358,0,27,-27
207000415,0,0,0
207000417,42,1,41
207000418,64,36,28
207000438,0,2,-2
207000439,281,93,188
207000446,91,1,90
207000460,100,5,95
207000466,0,1,-1
207000467,779,29,750
207000468,19,19,0
207000476,1,30,-29
207000477,298,33,265
207000478,0,7,-7
207000523,0,0,0
207000524,15,3,12
207000527,251,48,203
207000530,287,5,282
207000531,152,3,149
207000532,40,30,10
207000534,95,26,69
207000535,0,0,0
207000537,0,0,0
207000540,0,0,0
207000541,0,0,0
207000548,0,0,0
207000549,170,6,164
207000561,151,72,79
207000562,0,0,0
207000567,18,99,-81
207000568,228,19,209
207000569,846,107,739
207000584,0,0,0
207000585,8,93,-85
207000587,2,0,2
207000616,0,25,-25
207000617,215,0,215
207900008,626,118,508
208000001,366,617,-251
208000002,544,624,-80
208000003,564,349,215
208000004,667,341,326
208000005,0,0,0
208000019,961,289,672
208000020,195,147,48
208000021,228,191,37
208000022,441,241,200
208000028,422,1111,-689
208000033,159,189,-30
208000034,331,537,-206
208000037,247,17,230
208000040,200,52,148
208000041,405,323,82
208000042,908,237,671
208000047,64,63,1
208000064,1415,811,604
208000066,759,711,48
208000070,542,368,174
208000071,565,129,436
208000072,780,304,476
208000080,218,210,8
208000081,275,47,228
208000082,86,45,41
208000083,93,58,35
208000084,5,60,-55
208000085,230,104,126
208000086,301,196,105
208000087,179,347,-168
208000089,505,126,379
208000090,383,251,132
208000093,10,64,-54
208000094,103,181,-78
208000095,440,243,197
208000104,1299,272,1027
208000105,632,365,267
208000114,55,280,-225
208000115,345,198,147
208000116,1105,978,127
208000117,14,65,-51
208000118,55,224,-169
208000155,313,441,-128
208000158,748,1201,-453
208000186,532,1012,-480
208000204,482,506,-24
208000205,827,392,435
208000282,364,370,-6
209000004,567,117,450
209000005,44,26,18
209000006,395,94,301
209000007,358,312,46
209000010,0,0,0
209000011,0,0,0
209000012,13,18,-5
209000013,26,29,-3
209000014,33,67,-34
209000025,571,46,525
209000026,1315,128,1187
209000027,51,59,-8
209000028,35,44,-9
209000029,77,47,30
209000030,90,162,-72
209000031,431,198,233
209000034,220,220,0
209000035,278,201,77
209000036,459,72,387
209000037,591,107,484
209000038,283,89,194
209000039,93,61,32
209000040,253,171,82
209000041,163,142,21
209000042,201,110,91
209000043,378,375,3
209000044,392,410,-18
209000045,414,170,244
209000046,364,159,205
209000047,283,116,167
209000048,457,347,110
209000049,13,20,-7
209000050,104,42,62
209000051,69,30,39
209000052,56,33,23
209000062,0,1,-1
209000063,1,1,0
209000064,0,2,-2
209000065,321,26,295
209000066,279,18,261
209000067,233,26,207
209000080,4,25,-21
209000082,96,37,59
209000091,0,0,0
209000093,0,0,0
209000094,0,0,0
209000110,68,99,-31
209000111,441,1772,-1331
209000112,1344,316,1028
209000113,1885,315,1570
209000114,966,403,563
209000115,7,24,-17
209000116,88,85,3
209000118,1,55,-54
209000119,0,0,0
209000121,6,72,-66
209000135,48,67,-19
209000142,788,1690,-902
209000143,0,0,0
209000144,57,179,-122
209000229,122,49,73
209000240,12,15,-3
209000259,9,9,0
209000260,6,116,-110
209000261,1,90,-89
209000262,0,52,-52
209000263,0,56,-56
209000264,0,85,-85
209000265,219,0,219
209000266,61,0,61
209000267,860,6,854
209000268,376,82,294
210000037,201,15,186
210000047,72,21,51
210000048,73,37,36
210000049,55,4,51
210000052,21,4,17
210000053,6,7,-1
210000054,4,26,-22
210000070,113,20,93
210000071,195,9,186
210000072,39,1,38
210000073,0,0,0
210000074,0,0,0
210000075,0,0,0
210000076,0,2,-2
210000077,0,17,-17
210000078,3,40,-37
210000079,14,29,-15
210000080,58,138,-80
210000081,60,6,54
210000082,2,0,2
210000083,35,1,34
210000084,68,0,68
210000085,0,1,-1
210000086,0,0,0
210000099,2,5,-3
210000100,2,14,-12
210000101,4,9,-5
210000105,0,27,-27
210000159,0,4,-4
210000163,6,16,-10
210000164,301,138,163
210000168,186,11,175
210000187,0,0,0
210000188,0,0,0
210000214,42,0,42
210000219,133,48,85
210000220,199,13,186
210000232,1,0,1
210000233,5,1,4
210000234,1,4,-3
210000235,3,2,1
210000245,0,3,-3
210000246,10,1,9
210000258,0,1,-1
210000259,218,19,199
210000282,1,5,-4
210000285,0,3,-3
210000286,0,3,-3
210000290,0,1,-1
210000295,8,36,-28
210000296,10,5,5
210000320,227,23,204
210000321,153,13,140
210000338,13,15,-2
210000339,12,86,-74
210000340,4,23,-19
210000341,67,18,49
210000342,56,18,38
210000343,44,46,-2
210000344,9,21,-12
210000345,7,83,-76
210000346,8,31,-23
210000347,6,25,-19
210000348,33,29,4
210000349,7,16,-9
210000350,43,13,30
210000351,46,11,35
210000352,45,24,21
210000353,30,29,1
210000354,34,32,2
210000355,12,77,-65
210000356,33,74,-41
210000357,11,129,-118
210000358,183,180,3
210000359,99,203,-104
210000360,139,201,-62
210000361,204,81,123
210000362,324,82,242
210000363,446,104,342
210000364,179,50,129
210000365,172,12,160
210000366,278,31,247
210000367,70,4,66
210000368,95,9,86
210000369,51,20,31
210000370,129,50,79
210000372,17,13,4
210000373,5,30,-25
210000374,68,31,37
210000375,4,19,-15
210000376,10,94,-84
210000404,5,8,-3
210000439,65,10,55
210000472,22,0,22
210000482,127,65,62
210000564,179,124,55
210000567,0,64,-64
210000568,171,0,171
211000092,34,42,-8
211000094,18,0,18
211000169,278,41,237
211000172,35,152,-117
211000209,0,25,-25
211000226,2,1,1
211000270,13,18,-5
211000275,53,13,40
211000276,203,21,182
211000279,21,13,8
211000281,95,7,88
211507980,0,20,-20
211977296,5,0,5
212000003,284,38,246
212000004,0,27,-27
212000005,7,44,-37
212000006,8,87,-79
212000008,54,106,-52
212000009,31,56,-25
212000012,19,24,-5
212000013,4,8,-4
212000014,73,25,48
212000015,108,69,39
212000016,141,178,-37
212000027,569,153,416
212000028,333,200,133
212000029,246,176,70
212000030,51,10,41
212000031,36,21,15
212000048,4,115,-111
212000049,1,86,-85
212000050,6,1,5
212000051,118,39,79
212000052,82,61,21
212000053,62,124,-62
212000054,672,28,644
212000055,554,80,474
212000056,24,23,1
212000057,13,59,-46
212000058,147,30,117
212000070,72,58,14
212000077,74,99,-25
212000099,436,54,382
212000108,331,121,210
212000111,493,41,452
212000120,28,71,-43
212000138,36,9,27
212000156,3,25,-22
212000158,2,64,-62
212000159,600,49,551
212000160,621,38,583
212000161,116,1,115
212000310,9,5,4
212000311,6,65,-59
212000374,2,4,-2
213000001,3,198,-195
213000005,569,24,545
213000006,521,77,444
213000007,24,13,11
213000009,87,89,-2
213000010,309,62,247
213000011,204,37,167
213000012,216,121,95
213000014,49,20,29
213000015,183,5,178
213000016,229,2,227
213000017,39,0,39
213000018,0,19,-19
213000019,0,30,-30
213000020,84,42,42
213000021,1,40,-39
213000023,330,117,213
213000033,272,538,-266
213000034,370,90,280
213000035,102,363,-261
213000045,131,113,18
213000046,49,48,1
213000047,109,567,-458
213000056,147,1,146
213000069,68,11,57
213000073,1,32,-31
213000074,55,171,-116
213000075,523,2,521
213000076,5,1,4
213000085,0,4,-4
213000086,0,24,-24
213000091,245,5,240
213000092,49,3,46
213000099,143,590,-447
213000100,642,161,481
213000101,707,67,640
213000102,545,114,431
213000103,250,209,41
213000104,18,157,-139
213000105,35,603,-568
213000106,20,43,-23
213000107,78,202,-124
213000108,18,197,-179
213000109,4,126,-122
213000110,30,40,-10
213000111,3,103,-100
213000112,33,276,-243
213000115,20,11,9
213000116,9,167,-158
213000117,1,156,-155
213000118,829,304,525
213000119,15,198,-183
213000120,23,129,-106
213000122,49,249,-200
213000123,30,254,-224
213000124,39,300,-261
213000125,159,39,120
213000126,18,26,-8
213000127,5,66,-61
213000128,54,314,-260
213000129,204,930,-726
213000130,1040,454,586
213000132,807,114,693
213000133,778,87,691
213000134,785,6,779
213000136,570,10,560
213000137,422,29,393
213000139,130,10,120
213000147,2,8,-6
213000148,22,28,-6
213000149,10,4,6
213000150,0,212,-212
213000151,0,107,-107
213000152,0,142,-142
213000153,0,106,-106
213000154,41,208,-167
213000155,44,179,-135
213000156,57,364,-307
213000157,912,150,762
213000158,304,263,41
213000159,814,151,663
213000163,1856,192,1664
213000165,384,150,234
213000171,0,7,-7
213000172,0,17,-17
213000173,0,7,-7
213000174,0,15,-15
213000175,0,20,-20
213000176,113,55,58
213000177,186,7,179
213000178,303,2,301
213000179,321,1,320
213000180,412,0,412
213000184,66,188,-122
213000188,633,78,555
213000189,691,24,667
213000190,572,63,509
213000191,575,46,529
213000192,227,54,173
213000193,260,97,163
213000194,4,115,-111
213000195,33,317,-284
213000196,235,648,-413
213000197,411,448,-37
213000198,2,0,2
213000200,102,240,-138
213000201,6,92,-86
213000202,6,229,-223
213000203,1059,264,795
213000204,1079,29,1050
213000205,350,11,339
213000206,488,3,485
213000207,17,6,11
213000208,15,0,15
213000209,42,0,42
213000210,110,0,110
213000211,0,24,-24
213000212,0,41,-41
213000213,0,28,-28
213000218,298,392,-94
213000219,830,16,814
213000220,929,12,917
213000223,191,145,46
213000224,7,54,-47
213000225,48,4,44
213000226,26,11,15
213000227,1241,88,1153
213000228,637,36,601
213000229,109,7,102
213000230,405,6,399
213000232,54,958,-904
213000233,6,49,-43
213000234,0,18,-18
213000293,1,126,-125
213000294,75,10,65
213000295,1,133,-132
213000296,144,45,99
213000297,2,22,-20
213000298,0,29,-29
213000299,32,29,3
213000300,0,17,-17
213000303,0,6,-6
213000304,0,13,-13
213000305,0,19,-19
213000306,7,36,-29
213000307,27,110,-83
213000308,21,24,-3
213000309,86,11,75
213000310,148,66,82
213000311,90,355,-265
213000315,21,26,-5
213000316,269,49,220
213000322,114,24,90
213000323,133,19,114
213000324,90,10,80
213000325,73,27,46
213000326,101,28,73
213000327,58,12,46
213000328,22,43,-21
213000329,29,7,22
213000340,25,302,-277
213000341,1048,41,1007
213000346,64,234,-170
213000347,135,347,-212
213000348,3,45,-42
213000349,3,6,-3
213000350,195,305,-110
213000366,37,166,-129
213000367,267,4,263
213000379,42,26,16
213000386,9,152,-143
213000406,79,199,-120
213000417,1289,352,937
213000425,291,27,264
213000426,178,24,154
213000427,62,47,15
213000428,44,23,21
213000429,6,6,0
213000430,34,79,-45
213000431,17,4,13
213000432,0,307,-307
213000433,6,12,-6
213000434,171,53,118
213000435,61,7,54
213000436,65,29,36
213000437,0,5,-5
213000438,119,10,109
213000439,69,6,63
213000440,1,121,-120
213000441,0,3,-3
213000442,1,21,-20
213000443,298,341,-43
213000444,19,2,17
213000445,0,77,-77
213000446,1,269,-268
213000447,3,72,-69
213000448,11,72,-61
213000449,895,6,889
213000450,23,3,20
213000451,336,40,296
213000452,6,6,0
213000453,2,33,-31
213000455,66,1,65
213000456,0,123,-123
213000481,6,0,6
213000482,42,0,42
213000489,82,16,66
213000491,1,248,-247
213000492,31,0,31
213000493,1,236,-235
213000494,316,44,272
213000495,0,4,-4
213000496,403,112,291
213000497,28,296,-268
213000498,43,226,-183
213000499,109,206,-97
213000500,574,43,531
213000501,105,7,98
213000502,76,33,43
213000503,1,40,-39
213000504,9,87,-78
213000505,30,1,29
213000506,0,0,0
213000507,0,46,-46
213900016,0,0,0
213900244,122,0,122
213900245,0,7,-7
218000003,69,3,66
218000004,30,5,25
218000005,2,33,-31
218000006,56,25,31
218000007,2,4,-2
218000012,58,131,-73
218000013,67,70,-3
218000014,98,42,56
218000019,298,146,152
218000020,163,157,6
218000021,10,6,4
218000022,10,3,7
218000023,1,8,-7
218000024,6,0,6
218000025,5,10,-5
218000026,22,8,14
218000027,22,1,21
218000028,5,0,5
218000029,8,4,4
218000030,3,3,0
218000031,5,1,4
218000032,0,2,-2
218000040,7,0,7
218000046,117,89,28
218000047,5,59,-54
218000048,134,79,55
218000049,87,92,-5
218000050,308,112,196
218000051,82,154,-72
218000052,0,34,-34
218000053,0,1,-1
218000054,5,18,-13
218000055,0,25,-25
218000056,43,26,17
218000057,2,39,-37
218000064,2,2,0
218000065,54,7,47
218000066,8,34,-26
218000067,81,36,45
218000068,123,46,77
218000069,447,48,399
218000070,298,106,192
218000071,244,141,103
218000072,52,49,3
218000078,617,275,342
218000079,348,11,337
218000080,132,3,129
218000081,615,32,583
218000082,164,30,134
218000083,26,9,17
218000084,54,45,9
218000085,30,34,-4
218000086,9,19,-10
218000087,52,21,31
218000090,32,129,-97
218000091,1064,267,797
218000092,140,77,63
218000093,73,12,61
218000094,276,185,91
218000099,130,79,51
218000100,127,41,86
218000101,88,30,58
218000102,149,36,113
218000103,29,33,-4
218000104,38,8,30
218000105,27,7,20
218000106,42,2,40
218000107,100,25,75
218000108,0,33,-33
218000112,14,7,7
218000117,60,56,4
218000134,325,188,137
218000135,23,76,-53
218000136,136,110,26
218000137,125,59,66
218000138,22,33,-11
218000139,120,135,-15
218000140,360,126,234
218000141,26,57,-31
218000142,99,74,25
218000143,41,140,-99
218000144,7,127,-120
218000145,411,152,259
218000146,83,25,58
218000151,2,38,-36
218000152,31,57,-26
218000153,3,15,-12
218000154,7,2,5
218000155,40,1,39
218000156,114,2,112
218000157,67,3,64
218000158,10,0,10
218000159,15,2,13
218000160,3,4,-1
218000161,71,1,70
218000162,95,3,92
218000163,47,1,46
218000164,104,2,102
218000165,150,12,138
218000170,0,40,-40
218000171,43,6,37
218000172,1,2,-1
218000173,31,3,28
218000174,15,6,9
218000176,174,17,157
218000177,299,45,254
218000178,128,30,98
218000179,159,49,110
218000180,79,5,74
218000181,278,17,261
218000187,8,10,-2
218000188,5,11,-6
218000189,1,28,-27
218000190,31,3,28
218000191,28,6,22
218000192,87,30,57
218000193,74,51,23
218000194,52,59,-7
218000195,185,39,146
218000196,278,62,216
218000197,773,75,698
218000198,56,19,37
218000199,19,1,18
218000200,24,13,11
218000201,2,1,1
218000202,11,166,-155
218000207,21,9,12
218000208,22,57,-35
218000211,13,0,13
218000212,0,0,0
218000213,201,148,53
218000214,9,73,-64
218000215,74,78,-4
218000217,6,23,-17
218000218,345,79,266
218000219,7,28,-21
218000220,65,383,-318
218000221,515,266,249
218000222,1,31,-30
218000223,42,186,-144
218000224,10,145,-135
218000225,148,12,136
218000226,278,34,244
218000230,0,6,-6
218000232,31,34,-3
218000239,42,3,39
218000240,1,0,1
218000241,7,0,7
218000242,0,0,0
218000243,3,1,2
218000244,5,0,5
218000245,1,6,-5
218000246,0,2,-2
218000247,0,0,0
218000248,0,8,-8
218000249,0,0,0
218000250,0,12,-12
218000251,0,8,-8
218000252,0,14,-14
218000253,0,0,0
218000254,0,2,-2
218000255,1,7,-6
218000256,17,46,-29
218000267,406,428,-22
218000268,0,13,-13
218000269,0,3,-3
218000270,42,4,38
218000271,0,15,-15
218000273,67,1,66
218000274,2,0,2
218000275,80,79,1
218000276,25,39,-14
218000278,4,33,-29
218000279,78,11,67
218000280,0,7,-7
218000281,2,4,-2
218000282,378,549,-171
218000284,17,2,15
218000301,10,55,-45
218000302,12,8,4
218000303,4,34,-30
218000316,1242,372,870
218000317,2264,232,2032
218000318,1176,176,1000
218000319,556,304,252
218000320,336,155,181
218000338,16,13,3
218000345,100,27,73
218000346,38,79,-41
218000459,31,117,-86
218000490,0,13,-13
218000501,89,12,77
218000502,51,8,43
218000503,108,3,105
218000504,61,3,58
218000505,14,28,-14
218000506,14,74,-60
218000508,1,1,0
218000510,56,10,46
218000520,81,82,-1
218000521,0,10,-10
218000522,19,210,-191
218000523,70,0,70
218000524,3,143,-140
218000525,24,8,16
218000526,0,80,-80
218000529,17,40,-23
218000530,20,5,15
218000531,3,18,-15
218000532,65,6,59
218000534,384,3,381
218000537,1,76,-75
218000538,21,139,-118
218000540,50,65,-15
218000543,130,13,117
218000544,5,16,-11
218000545,226,61,165
218000546,13,6,7
218000547,105,106,-1
218000548,74,80,-6
218000549,799,56,743
218000550,60,145,-85
218000551,42,122,-80
218000552,290,63,227
218000553,41,43,-2
218000554,22,4,18
218000555,10,22,-12
218000556,51,39,12
218000557,606,97,509
218000558,9,0,9
218000559,0,22,-22
218000560,0,16,-16
218000561,0,0,0
218000562,0,37,-37
218000563,51,4,47
218000564,0,53,-53
218000565,59,6,53
218000566,73,12,61
218000567,1,78,-77
218000568,0,2,-2
218000569,0,102,-102
218000570,33,1,32
218000571,0,56,-56
218000572,29,3,26
218000573,0,129,-129
218000574,34,18,16
218000575,54,0,54
218000576,0,71,-71
218000577,33,0,33
218000578,0,22,-22
218000579,6,6,0
218000581,1,3,-2
218000582,153,1,152
218000583,2,0,2
218000584,1,25,-24
218000585,30,3,27
218000586,6,33,-27
218000587,2,0,2
218000588,0,4,-4
218000589,1,40,-39
218000590,2,0,2
218000591,0,49,-49
218000592,2,19,-17
218000593,0,32,-32
218000594,0,2,-2
218000597,0,7,-7
218000598,0,22,-22
218000599,0,45,-45
218000600,0,19,-19
218000601,1,45,-44
218000602,0,0,0
218000603,0,5,-5
218000604,82,46,36
218000605,0,208,-208
218000606,146,1,145
218000607,0,59,-59
218000608,16,0,16
218000609,0,17,-17
218000610,68,0,68
218000611,1,0,1
218000612,0,20,-20
218000613,53,0,53
218000614,0,23,-23
218000615,153,0,153
218000616,7,184,-177
218000617,3,0,3
218000618,2,25,-23
218000619,15,0,15
218000620,0,29,-29
218000621,0,0,0
218000622,0,106,-106
218000623,0,0,0
218000624,0,87,-87
218000625,6,1,5
218000626,0,30,-30
218000628,188,81,107
218000631,102,3,99
218000632,1,115,-114
218000633,31,3,28
218000634,0,6,-6
218000635,18,1,17
218000636,320,162,158
218000637,1006,94,912
218000638,444,6,438
218000639,36,21,15
218000640,772,3,769
218000641,102,50,52
218000652,28,48,-20
218000653,264,24,240
218000663,3,31,-28
218000675,2,36,-34
218000676,2,3,-1
218000677,43,2,41
218000680,154,105,49
218000681,624,21,603
218000691,245,126,119
218000693,754,46,708
218000703,3,2,1
218000718,8,63,-55
218000719,21,96,-75
218000720,0,128,-128
218000721,8,6,2
218000725,9,2,7
218001147,0,8,-8
218001214,69,75,-6
218001258,215,3,212
218001329,69,143,-74
218001330,41,95,-54
218001351,3,4,-1
218001352,1,10,-9
218001353,2,1,1
218001354,1,16,-15
218001355,2,14,-12
218001356,955,62,893
218001357,0,17,-17
218001358,687,7,680
218001361,749,32,717
218001362,0,3,-3
219000001,0,0,0
219000002,0,0,0
219000003,29,16,13
219000004,28,54,-26
219000017,40,14,26
219000020,173,14,159
219000022,154,1,153
219000023,48,2,46
219000029,0,0,0
219000034,46,50,-4
219000039,0,0,0
219000040,15,28,-13
219000041,83,42,41
219000051,0,0,0
219000052,0,0,0
219000053,0,1,-1
219000054,0,0,0
219000055,308,0,308
219000056,0,0,0
219000057,48,0,48
219000062,1,27,-26
219000063,292,3,289
219000064,0,11,-11
219000110,178,177,1
219000111,110,50,60
219000112,174,17,157
219000113,136,17,119
219000114,104,17,87
219000116,78,42,36
219000117,84,8,76
219000118,24,12,12
219000123,62,4,58
219000124,7,0,7
219000125,0,0,0
219000126,0,0,0
219000127,0,0,0
219000128,3,5,-2
219000129,0,9,-9
219000130,32,67,-35
219000131,549,690,-141
219000133,25,47,-22
219000134,7,20,-13
219000135,4,19,-15
219000136,25,116,-91
219000138,85,4,81
219000139,24,0,24
219000140,146,0,146
219000141,80,0,80
219000142,5,1,4
219000143,6,1,5
219000145,7,6,1
219000146,0,0,0
219000147,0,0,0
219000148,0,0,0
219000149,0,0,0
219000150,0,0,0
219000151,0,0,0
219000157,257,52,205
219000158,164,26,138
219000161,220,4,216
219000163,545,207,338
219000166,81,68,13
219000167,62,58,4
219000168,185,19,166
219000174,548,70,478
219000175,128,7,121
219000176,259,8,251
219000177,117,2,115
219000178,173,0,173
219000179,57,42,15
219000180,20,2,18
219000182,83,8,75
219000183,51,1,50
219000184,47,1,46
219000185,0,0,0
219000186,32,8,24
219000187,34,11,23
219000189,2,11,-9
219000190,0,6,-6
219000191,13,142,-129
219000192,185,156,29
219000193,15,4,11
219000195,0,0,0
219000196,0,0,0
219000198,0,0,0
219000199,0,0,0
219000200,0,0,0
219000201,0,3,-3
219000203,0,2,-2
219000204,5,15,-10
219000205,3,36,-33
219000207,7,38,-31
219000209,1,0,1
219000210,0,3,-3
219000213,1,28,-27
219000239,33,102,-69
219000240,34,215,-181
219000241,73,60,13
219000242,14,92,-78
219000243,70,327,-257
219000244,3,141,-138
219000245,15,74,-59
219000246,16,22,-6
219000247,270,40,230
219000248,357,351,6
219000249,194,145,49
219000250,153,91,62
219000251,392,73,319
219000252,274,66,208
219000253,116,6,110
219000255,104,134,-30
219000256,359,20,339
219000257,109,0,109
219000262,19,5,14
219000263,26,17,9
219000267,0,0,0
219000268,0,0,0
219000269,2,0,2
219000270,6,0,6
219000271,119,0,119
219000278,0,0,0
219000279,0,0,0
219000283,0,1,-1
219000295,2,14,-12
219000296,10,27,-17
219000297,0,1,-1
219000298,0,3,-3
219000299,186,29,157
219000300,6,2,4
219000301,2,34,-32
219000302,0,10,-10
219000307,0,0,0
219000308,54,25,29
219000311,73,15,58
219000312,268,62,206
219000313,310,71,239
219000314,2,15,-13
219000315,268,13,255
219000316,511,37,474
219000317,123,9,114
219000320,0,0,0
219000321,0,0,0
219000323,0,0,0
219000325,0,0,0
219000326,0,7,-7
219000327,0,0,0
219000328,0,0,0
219000329,208,102,106
219000330,6,1,5
219000331,32,4,28
219000332,156,25,131
219000333,26,13,13
219000335,101,2,99
219000337,4,0,4
219000338,31,0,31
219000344,0,0,0
219000345,0,0,0
219000346,0,0,0
219000348,2,11,-9
219000349,0,26,-26
219000350,0,0,0
219000351,0,0,0
219000352,27,46,-19
219000353,127,47,80
219000354,672,49,623
219000355,102,5,97
219000356,271,597,-326
219000363,127,23,104
219000364,141,14,127
219000365,98,6,92
219000366,132,602,-470
219000368,171,331,-160
219000370,399,373,26
219000371,0,0,0
219000382,0,3,-3
219000383,45,173,-128
219000385,30,178,-148
219000386,59,411,-352
219000387,0,2,-2
219000390,0,0,0
219000391,0,0,0
219000397,0,0,0
219000398,24,31,-7
219000401,4,21,-17
219000402,2,21,-19
219000403,19,46,-27
219000404,1,21,-20
219000407,6,3,3
219000409,34,15,19
219000410,54,10,44
219000411,99,10,89
219000446,4,57,-53
219000447,0,0,0
219000448,24,5,19
219000452,42,83,-41
219000453,7,94,-87
219000454,199,261,-62
219000556,495,22,473
219000558,11,42,-31
219000590,2,133,-131
219000591,187,25,162
219000592,7,35,-28
219000595,0,0,0
219000635,25,41,-16
219000636,1,1,0
219000657,2,2,0
219000658,0,1,-1
219000673,0,0,0
219000676,11,1,10
219000679,5,0,5
219000684,115,1,114
219000685,0,8,-8
219000686,0,3,-3
219000688,0,3,-3
219000689,4,30,-26
219000690,85,11,74
219000691,14,8,6
219000692,100,7,93
219000693,0,0,0
219000694,21,0,21
219000695,124,6,118
219000698,0,0,0
219000699,0,0,0
219000727,0,0,0
219000728,71,2,69
219000770,2,1,1
219000771,0,0,0
219000788,42,301,-259
219001150,0,90,-90
219001151,0,0,0
219001166,6,23,-17
219001167,0,6,-6
219001178,67,1,66
220000001,9,89,-80
220000002,0,34,-34
220000003,24,54,-30
220000004,87,108,-21
220000005,132,271,-139
220000006,47,188,-141
220000007,125,51,74
220000008,72,139,-67
220000009,34,48,-14
220000010,16,41,-25
220000011,160,2140,-1980
220000012,18,338,-320
220000014,82,24,58
220000015,14,351,-337
220000017,23,158,-135
220000018,4154,774,3380
220000019,96,335,-239
220000020,345,154,191
220000021,584,106,478
220000022,879,130,749
220000023,166,148,18
220000024,494,499,-5
220000025,471,1397,-926
220000026,200,583,-383
220000027,4,170,-166
220000028,17,464,-447
220000029,5,14,-9
220000030,6,49,-43
220000031,566,364,202
220000064,41,331,-290
221000046,1,3,-2
221000047,0,0,0
221000048,0,2,-2
221000049,0,1,-1
221000050,13,0,13
221000055,2,55,-53
221000057,143,1,142
221000068,218,71,147
221000069,282,19,263
221000070,158,5,153
221000071,95,0,95
221000072,246,5,241
221000073,192,7,185
221000074,0,0,0
221000075,0,28,-28
221000076,1,19,-18
221000077,2,7,-5
221000081,3,2,1
221000082,67,1,66
221000083,3,2,1
221000084,1,1,0
221000085,1,81,-80
221000086,4,92,-88
221000087,0,90,-90
221000088,8,74,-66
221000089,4,89,-85
221000090,19,107,-88
221000098,140,7,133
221000099,249,12,237
221000100,158,1,157
221000101,106,4,102
221000102,163,2,161
221000109,0,6,-6
221000110,1,19,-18
221000111,1,24,-23
221000112,0,26,-26
221000113,1,19,-18
221000114,2,75,-73
221000120,4,55,-51
221000121,0,30,-30
221000122,4,24,-20
221000123,4,36,-32
221000124,4,194,-190
221000155,63,7,56
221000156,89,12,77
221000175,21,1,20
221000176,1,31,-30
221000182,94,1,93
221000241,305,290,15
221000242,34,102,-68
221000243,317,110,207
221000244,49,197,-148
221000245,50,25,25
221000246,8,158,-150
221000247,99,55,44
221000248,48,116,-68
221000267,24,212,-188
221000325,26,72,-46
221000331,0,57,-57
221000338,4,42,-38
221000378,306,10,296
221000381,25,36,-11
222000282,11,0,11
222000296,4,28,-24
222000568,262,10,252
222000569,97,26,71
222000570,182,6,176
222000571,348,5,343
222000577,0,48,-48
222000578,1,69,-68
222000579,32,58,-26
222000580,9,533,-524
222000599,1,71,-70
222000600,0,48,-48
222000601,0,160,-160
222000603,11,18,-7
222000604,0,30,-30
222000605,2,21,-19
222000606,0,2,-2
222000607,2,2,0
222000608,6,3,3
222000609,38,18,20
222000616,556,12,544
222000617,1,2,-1
222000618,2,3,-1
222000620,19,1,18
222000621,12,26,-14
222000623,470,5,465
222000624,356,15,341
222000625,810,9,801
222000636,22,0,22
222000686,7,27,-20
222000687,25,4,21
222001066,506,1,505
222001067,95,0,95
222001068,291,5,286
222001069,183,27,156
222001082,36,22,14
222001083,121,3,118
222001084,0,19,-19
222001085,1,268,-267
222001111,98,25,73
222001112,393,26,367
222001313,4,2,2
222001314,0,19,-19
222001464,41,10,31
222001465,1,14,-13
222001484,275,25,250
222001485,3,11,-8
222001494,764,122,642
222001495,32,55,-23
222001496,435,48,387
222001497,31,133,-102
222001502,1,6,-5
222001503,140,19,121
222001504,2,18,-16
222001505,433,21,412
222001506,2,15,-13
222001507,185,12,173
222001510,671,32,639
222001511,2,50,-48
222001514,702,32,670
222001515,6,85,-79
222001518,651,27,624
222001519,7,76,-69
222001527,106,18,88
222001528,1,13,-12
222001529,510,3,507
222001530,10,75,-65
222001533,5,59,-54
222001534,578,8,570
222001535,335,50,285
222001536,12,141,-129
222001537,310,11,299
222001538,10,86,-76
222001563,1059,32,1027
222001564,6,89,-83
222001568,147,22,125
222001576,1,2,-1
222001579,0,25,-25
222001583,0,39,-39
222001584,236,27,209
222001596,102,269,-167
222001597,1211,87,1124
222001626,0,46,-46
222001650,6,16,-10
222001651,13,121,-108
222001914,237,7,230
222001915,0,19,-19
222001968,409,63,346
222001969,93,225,-132
222001970,54,159,-105
222001971,124,1,123
222001972,16,5,11
225000001,369,78,291
225000002,527,54,473
225000003,903,37,866
225000004,509,68,441
225000005,39,19,20
225000006,0,0,0
225000007,138,354,-216
225000010,202,26,176
225000011,111,876,-765
225000012,200,641,-441
225000013,63,57,6
225000014,565,41,524
225000015,45,52,-7
225000021,373,58,315
225000027,22,51,-29
225000032,499,44,455
225000042,32,104,-72
225000049,19,9,10
225000050,76,10,66
225000053,0,0,0
225000058,355,103,252
225000067,15,14,1
225000068,10,19,-9
225000069,3,45,-42
225000070,5,45,-40
225000071,1,64,-63
225000075,27,209,-182
225000076,0,0,0
225000078,15,14,1
225000085,88,34,54
225000086,258,42,216
225000087,79,5,74
225000088,2,12,-10
225000089,0,0,0
225000090,0,0,0
225000091,0,0,0
225000092,6,21,-15
225000093,54,17,37
225000094,0,12,-12
225000095,28,31,-3
225000096,3,28,-25
225000098,688,46,642
225000099,498,12,486
225000100,546,70,476
225000104,29,137,-108
225000110,2,20,-18
225000111,292,86,206
225000112,160,220,-60
225000113,33,297,-264
225000114,21,157,-136
225000115,543,334,209
225000116,168,72,96
225000117,430,213,217
225000118,623,187,436
225000119,246,41,205
225000120,502,33,469
225000121,87,14,73
225000123,511,3,508
225000125,469,119,350
225000126,385,133,252
225000127,311,1634,-1323
225000128,343,1127,-784
225000132,531,36,495
225000133,121,12,109
225000134,463,77,386
225000135,77,15,62
225000136,388,5,383
225000137,328,25,303
225000138,358,61,297
225000143,0,0,0
225000144,0,0,0
225000145,49,18,31
225000146,0,0,0
225000147,0,0,0
225000148,0,0,0
225000149,0,0,0
225000151,0,0,0
225000155,2,27,-25
225000156,53,403,-350
225000157,124,103,21
225000158,1,20,-19
225000171,4,44,-40
225000180,60,32,28
225000181,0,7,-7
225000182,26,3,23
225000185,0,89,-89
225000187,14,49,-35
225000191,5,1,4
225000194,0,6,-6
225000208,0,3,-3
225000209,58,19,39
225000210,0,0,0
225000217,0,2,-2
225000218,9,0,9
225000223,0,212,-212
225000224,4,0,4
225000225,0,60,-60
225000226,37,7,30
225000227,10,25,-15
225000228,6,4,2
225000229,0,5,-5
225000230,1,0,1
225000231,0,12,-12
225000232,115,2,113
225000241,29,0,29
225000242,0,13,-13
225000249,26,0,26
225000250,0,0,0
225000251,490,21,469
225000254,2,70,-68
225000256,2,158,-156
225000257,2,97,-95
226000042,8,8,0
226000043,0,10,-10
226000044,7,54,-47
226000045,5,48,-43
226000046,839,39,800
226000047,368,21,347
226000048,435,77,358
226000049,313,210,103
226000070,0,0,0
226000071,0,0,0
226000072,0,0,0
226000073,0,0,0
226000074,0,0,0
226000084,0,0,0
226000085,0,0,0
226000086,0,0,0
226000087,0,0,0
226000088,0,0,0
226000090,16,63,-47
226000091,1,18,-17
226000092,5,29,-24
226000093,7,34,-27
226000094,11,3,8
226000095,8,15,-7
226000105,2,0,2
226000106,1,0,1
226000107,33,0,33
226000108,46,0,46
226000109,154,0,154
226000124,236,64,172
226000134,1044,217,827
226000135,1971,284,1687
226000136,680,150,530
226000137,0,0,0
226000138,0,0,0
226000139,0,0,0
226000156,313,2,311
226000157,302,4,298
226000163,0,0,0
226000202,0,0,0
226000231,512,17,495
226000232,73,21,52
227000033,438,13,425
227000036,776,15,761
227000037,743,2,741
227000038,166,6,160
227000084,0,0,0
227000085,0,0,0
227000088,33,0,33
227000089,71,0,71
227000090,49,0,49
227000091,100,0,100
227000092,8,0,8
227000093,72,0,72
227000094,13,0,13
227000130,0,0,0
227000131,0,0,0
227000132,0,0,0
227000133,0,0,0
227000134,0,0,0
227000152,0,0,0
227000153,0,0,0
227000154,0,0,0
227000155,0,0,0
227000156,0,0,0
227000165,0,0,0
227000196,737,39,698
227000199,670,42,628
227000230,2,78,-76
227000232,987,91,896
227000242,0,0,0
227000243,369,32,337
227000245,2,4,-2
227000246,2,12,-10
227000247,683,9,674
227000248,170,66,104
227000249,2,38,-36
227000250,309,292,17
227000251,4,72,-68
227000252,1,1,0
227000253,338,54,284
227000262,885,21,864
227000266,1878,14,1864
227000267,2,191,-189
227000282,0,2,-2
227000284,849,4,845
227000286,0,0,0
227000287,0,3,-3
227000291,0,7,-7
227000296,126,150,-24
227000484,233,3,230
227000485,0,13,-13
227000655,401,7,394
227000656,701,19,682
227000657,376,3,373
227000661,542,8,534
227000680,63,164,-101
229000265,38,17,21
229000296,0,27,-27
229000297,0,21,-21
229000298,4,153,-149
229000320,13,1,12
229000321,28,5,23
229000412,20,23,-3
229000414,20,10,10
229000415,4,0,4
229000416,9,0,9
229000417,5,2,3
229000419,95,79,16
229000440,227,18,209
229000442,16,6,10
229000443,27,0,27
229000444,0,36,-36
229000445,33,0,33
229000446,38,6,32
229000491,0,0,0
229000492,0,6,-6
229000493,0,13,-13
229000494,88,1,87
229000495,166,1,165
229000496,203,0,203
229000507,0,0,0
229000508,0,0,0
229000509,0,0,0
229000510,0,0,0
229000511,0,0,0
229000512,0,0,0
229000513,0,0,0
229000514,0,0,0
229000517,0,0,0
229000518,4,6,-2
229000519,0,0,0
229000520,2,8,-6
229000521,74,4,70
229000522,1,0,1
229000523,10,0,10
229000524,10,0,10
229000527,2,0,2
229000528,0,0,0
229000529,15,0,15
229000530,182,0,182
229000531,35,2,33
229000532,3,0,3
229000533,81,1,80
229000534,35,1,34
229000564,85,0,85
229000565,57,0,57
229000566,0,0,0
229000567,0,0,0
229000582,64,1,63
229000583,19,3,16
229000584,0,0,0
229000585,0,0,0
229000718,0,0,0
229000719,0,0,0
229000720,0,0,0
229000721,0,0,0
229000722,0,0,0
229000723,0,0,0
229000724,0,0,0
229000725,0,0,0
229000738,0,0,0
229000739,1,0,1
229000740,0,0,0
229000741,42,0,42
229000742,4,0,4
229000743,35,0,35
229000744,0,0,0
229000745,0,0,0
229000746,15,0,15
229000847,127,0,127
229000848,120,0,120
229000849,220,0,220
229000851,238,0,238
229000854,0,0,0
229000856,0,0,0
229000857,0,0,0
229000858,0,0,0
229000919,0,0,0
229000930,0,0,0
229000937,75,19,56
229000966,18,25,-7
229000981,0,0,0
229000985,3,3,0
229000986,0,0,0
229000987,0,5,-5
229000988,3,6,-3
229000989,1,4,-3
229000990,5,20,-15
229000991,0,0,0
229000992,24,0,24
229000993,120,1,119
229000998,38,63,-25
229000999,104,0,104
229001034,0,7,-7
229001035,17,3,14
229001037,35,0,35
229001042,4,0,4
229001047,2,23,-21
229001050,35,45,-10
229001168,0,0,0
229001200,50,0,50
229001338,0,2,-2
229001394,205,3,202
229001422,104,7,97
229001423,0,0,0
229001431,12,36,-24
229001432,0,0,0
229001444,153,15,138
229001445,75,30,45
229001479,67,0,67
229001503,225,15,210
229001504,0,0,0
229001505,90,9,81
229001506,0,0,0
229001509,30,0,30
229001545,79,12,67
229001546,0,0,0
229001553,46,2,44
229001554,0,0,0
229001559,0,0,0
229001560,1,22,-21
229001630,129,4,125
229001631,12,9,3
229001635,0,9,-9
229001636,0,0,0
229001658,0,0,0
229001659,58,4,54
229001660,0,2,-2
229001661,0,8,-8
229001662,25,0,25
229001663,0,0,0
229002584,269,67,202
229002831,96,57,39
229002841,3,56,-53
229002842,22,8,14
229002843,47,23,24
229002844,7,64,-57
229002845,1,34,-33
229002846,3,11,-8
229002847,0,10,-10
229002848,7,38,-31
229002849,3,78,-75
229002850,2,9,-7
229002851,26,127,-101
229002852,51,64,-13
229002853,25,10,15
229002854,11,18,-7
229002855,0,51,-51
229002856,34,3,31
229002857,34,24,10
229002858,35,1,34
229002859,5,17,-12
229002860,27,31,-4
229002861,30,54,-24
229002862,2,2,0
229002863,0,5,-5
229002864,34,18,16
229002865,0,38,-38
229002866,19,23,-4
229002867,0,15,-15
229002868,2,0,2
229002869,6,37,-31
229002870,48,3,45
235000066,100,5,95
235000067,32,15,17
235000072,0,0,0
235000073,0,0,0
235000074,0,0,0
235000080,0,0,0
235000081,0,0,0
235000082,255,10,245
235000083,215,33,182
235000084,16,25,-9
235000085,245,64,181
235000089,31,3,28
235000092,0,0,0
235000093,0,0,0
235000097,0,5,-5
235000098,58,0,58
235000099,4,2,2
235000116,1,0,1
235000117,418,10,408
235000133,0,0,0
235000134,0,0,0
235000206,3,1,2
235000207,0,5,-5
235000208,0,14,-14
235000209,3,0,3
235000210,22,0,22
235000212,0,0,0
235000213,0,0,0
235000220,0,0,0
235000221,0,0,0
235000238,8,382,-374
235000239,1,33,-32
235000242,119,1115,-996
235000245,0,0,0
235000246,0,0,0
235000284,5,56,-51
235000295,31,1,30
235000305,212,12,200
235000306,425,1,424
235000307,25,0,25
235000308,8,0,8
235000309,36,0,36
235000310,43,0,43
235000311,11,21,-10
235000322,0,11,-11
235000323,0,27,-27
235000324,1,4,-3
235000325,0,12,-12
235000326,6,71,-65
235000351,14,37,-23
235000352,8,20,-12
235000353,10,14,-4
235000354,3,4,-1
235000355,11,57,-46
235000356,40,0,40
235000357,18,1,17
235000358,6,3,3
235000359,1,2,-1
235000360,36,0,36
235000361,28,1,27
235000381,0,0,0
235000382,198,21,177
235000390,1,2,-1
235000391,153,12,141
235000392,176,90,86
235000393,125,82,43
235000395,120,8,112
235000396,626,10,616
235000400,22,12,10
235000401,0,0,0
235000405,0,0,0
235000406,0,0,0
235000407,0,0,0
235000409,0,0,0
235000410,0,0,0
235000411,0,0,0
235000485,0,0,0
235000486,7,0,7
235000549,64,114,-50
235000550,0,0,0
235000599,0,0,0
235000600,0,0,0
235000601,34,19,15
235000602,160,28,132
235000614,0,0,0
235000648,0,0,0
235000649,19,16,3
235000685,0,0,0
235000815,12,5,7
235000834,0,7,-7
235000855,16,38,-22
235000862,0,0,0
235000891,0,0,0
235000892,19,1,18
235000901,0,0,0
235000907,0,0,0
235001010,61,48,13
235001029,0,0,0
235001030,231,17,214
235001078,148,36,112
235001079,0,0,0
235001147,13,26,-13
235001166,4,20,-16
235001167,0,0,0
235001169,3,77,-74
235001188,0,0,0
235001189,0,2,-2
235001197,0,0,0
235001200,0,0,0
235001207,176,32,144
235001210,0,0,0
235001215,0,0,0
235001239,0,0,0
235001244,0,1,-1
235016267,0,57,-57
277101746,0,3,-3
277102712,4,1,3
277103813,0,0,0
277103814,0,0,0
277103898,0,0,0
277104249,0,2,-2
277104250,0,6,-6
277104251,0,4,-4
277104252,0,0,0
990011530,0,85,-85
990014944,0,46,-46
990015176,27,30,-3
990015618,0,64,-64
990016032,0,88,-88
990032570,5,54,-49
990070001,43,0,43
990070103,0,0,0
990070601,0,19,-19
990070751,1742,1,1741
990070766,1,57,-56
990071180,350,39,311
990071343,3,0,3
990071387,0,0,0
990071823,364,2,362
990072600,0,630,-630
990072964,1,135,-134
990073285,0,5,-5
990074393,0,193,-193
990074870,1291,44,1247
990075106,242,0,242
990075746,666,6,660
990076437,2646,4,2642
990076458,1,273,-272
997000007,138,4,134
997000041,0,276,-276
997000058,47,1,46
997000062,70,1,69
997000069,0,0,0
997000070,0,17,-17
997000100,57,0,57
997000141,0,0,0
997000198,0,0,0
998000475,0,0,0
998000736,0,67,-67
998000965,0,58,-58
998001031,0,42,-42
998001700,0,7,-7
998001899,0,0,0
998001900,6,8,-2
998003073,1766,15,1751
998101900,0,0,0
998102850,1,53,-52
998501927,196,117,79
998501929,130,1,129
998501930,76,0,76
998501931,108,45,63
998501932,2,3,-1
998501933,31,0,31
998501937,13,3,10
998501944,25,17,8
998501950,0,0,0
998501970,98,18,80
998501971,0,9,-9
998501973,0,2,-2
998501974,1,95,-94
998501975,119,9,110
998501976,77,1,76
998501977,0,39,-39
998501978,3,0,3
998501979,0,0,0
998501980,99,27,72
998501981,61,1,60
998501982,1,35,-34
998501983,0,0,0
998502006,0,0,0
998502024,0,2,-2
998502032,0,2,-2
998502062,14,6,8
998502063,0,0,0
998502173,8,0,8
998502269,0,0,0
998502546,0,68,-68
998601159,3,18,-15
998601292,0,16,-16
999033574,0,361,-361
999800001,34,6,28
999800002,0,2,-2
999800003,40,6,34
999800004,0,7,-7
999800005,0,0,0
