ID,insum,outsum,diff
100000001,415,259,156
100000002,1592,3370,-1778
100000003,2740,3565,-825
100000004,162,875,-713
100000005,1958,2643,-685
100000006,350,320,30
100000007,1170,1410,-240
100000008,36,247,-211
100000009,155,850,-695
100000010,24,185,-161
100000011,203,32,171
100000012,24,200,-176
100000013,0,94,-94
100000014,127,240,-113
100000015,621,1187,-566
100000016,183,950,-767
100000017,167,1189,-1022
100000018,288,352,-64
100000019,1426,1460,-34
100000020,709,2972,-2263
100000021,2696,728,1968
100000022,309,1640,-1331
100000023,1728,893,835
100000025,243,1166,-923
100000028,338,924,-586
100000029,7,524,-517
100000030,72,7,65
100000031,1167,4022,-2855
100000032,1045,2563,-1518
100000033,504,1941,-1437
100000034,46,743,-697
100000035,249,689,-440
100000036,228,932,-704
100000037,476,250,226
100000038,1913,832,1081
100000039,177,222,-45
100000040,238,164,74
100000041,1076,415,661
100000042,759,206,553
100000043,399,102,297
100000044,43,83,-40
100000045,95,293,-198
100000046,211,267,-56
100000047,116,292,-176
100000048,145,266,-121
100000049,682,564,118
100000051,255,261,-6
100000053,58,1,57
100000054,113,10,103
100000055,298,224,74
100000056,216,339,-123
100000057,1713,289,1424
100000058,445,347,98
100000059,28,185,-157
100000060,530,242,288
100000061,1963,586,1377
100000062,1194,513,681
100000063,814,347,467
100000064,1286,389,897
100000065,242,442,-200
100000066,90,266,-176
100000067,153,256,-103
100000068,156,524,-368
100000069,155,633,-478
100000072,94,282,-188
100000073,529,406,123
100000075,442,73,369
100000076,604,3771,-3167
100000077,32,414,-382
100000078,3,21,-18
100000079,12,36,-24
100000080,1,24,-23
100000081,4,37,-33
100000102,1302,2941,-1639
100000103,893,1853,-960
100000104,1952,1583,369
100000105,634,907,-273
100000106,452,1857,-1405
100000107,25,1020,-995
100000108,154,325,-171
100000109,333,760,-427
100000116,259,295,-36
100000117,11,118,-107
100000118,558,545,13
100000119,559,555,4
100000121,118,444,-326
100000122,257,1132,-875
100000123,735,1233,-498
100000124,1362,1429,-67
100000125,3169,1916,1253
100000126,262,284,-22
100000127,439,473,-34
100000128,104,2112,-2008
100000129,100,449,-349
100000130,423,165,258
100000131,522,815,-293
100000132,403,970,-567
100000133,900,384,516
100000135,482,945,-463
100000139,111,408,-297
100000140,117,121,-4
100000142,420,374,46
100000143,325,175,150
100000144,917,329,588
100000147,841,3265,-2424
100000150,56,284,-228
100000151,63,942,-879
100000153,33,252,-219
100000154,5,539,-534
100000155,1,14,-13
100000156,32,191,-159
100000157,194,195,-1
100000158,133,117,16
100000159,69,795,-726
100000165,529,246,283
100000169,35,1052,-1017
100000174,232,616,-384
100000179,31,399,-368
100000180,538,1346,-808
100000181,120,204,-84
100000188,23,132,-109
100000189,383,259,124
100000190,275,744,-469
100000191,308,257,51
100000192,5,91,-86
100000193,86,52,34
100000330,224,551,-327
100000355,75,300,-225
100000362,1305,583,722
100000363,5745,5051,694
100000364,83,166,-83
100000365,4208,5394,-1186
100000366,1205,576,629
100000367,3461,3894,-433
100000368,576,620,-44
100000369,269,1358,-1089
100000370,53,860,-807
100000376,23,341,-318
100000379,322,1873,-1551
100000380,1541,3910,-2369
100000384,2724,3633,-909
100000385,497,2893,-2396
100000386,835,3240,-2405
100000387,1297,4370,-3073
100000388,1098,2164,-1066
100000389,2210,3227,-1017
100000390,1451,1282,169
100000391,1708,4338,-2630
100000392,249,1101,-852
100000393,210,2317,-2107
100000394,900,2662,-1762
100000395,395,2302,-1907
100000396,614,1083,-469
100000397,700,3862,-3162
100000398,5227,2458,2769
100900002,11,0,11
100900003,407,218,189
100900004,4,284,-280
100900005,124,4,120
100900006,32,11,21
100900007,65,1,64
100900008,0,95,-95
100900009,14,6,8
100900010,56,26,30
100900011,230,88,142
100900012,0,41,-41
100900013,833,20,813
100900014,0,1,-1
100900015,22,11,11
100900016,1,20,-19
100900017,813,64,749
100900018,0,7,-7
100900019,14,21,-7
100900020,196,1,195
100900021,370,4,366
100900022,1,16,-15
100900023,2,8,-6
100900024,179,1,178
100900025,4,0,4
100900026,108,6,102
100900027,128,1506,-1378
100900028,33,125,-92
100900029,43,1,42
100900030,1,50,-49
100900031,720,38,682
100900032,269,0,269
100900033,38,287,-249
100900034,690,0,690
100900035,108,1,107
100900036,25,0,25
100900037,89,31,58
100900038,8,27,-19
100900039,247,50,197
100900040,563,196,367
100900041,1177,39,1138
100900042,60,1490,-1430
100900043,0,8,-8
100900044,494,373,121
100900045,2,0,2
100900046,723,13,710
100900047,622,75,547
100900048,66,4,62
100900049,28,52,-24
100900050,4,1,3
100900051,60,101,-41
100900052,121,3,118
100900053,745,16,729
100900054,0,3,-3
100900055,94,669,-575
100900056,3,44,-41
100900057,1033,108,925
100900058,169,45,124
100900059,66,0,66
100900060,233,6,227
100900061,46,74,-28
100900062,0,1,-1
100900063,210,562,-352
100900064,285,8,277
100900065,29,140,-111
100900066,60,9,51
100900067,6,2,4
100900068,78,40,38
100900069,9,0,9
100900070,390,19,371
100900071,124,32,92
100900072,2,2,0
100900073,76,164,-88
100900074,1,28,-27
100900075,826,17,809
100900076,3,12,-9
100900077,55,5,50
100900078,37,119,-82
100900079,1,0,1
100900080,84,77,7
100900081,1,107,-106
100900082,191,76,115
100900083,3,26,-23
100900085,0,168,-168
100900086,16,203,-187
100900088,88,74,14
100900089,1,49,-48
100900090,18,366,-348
100900091,2,8,-6
100900092,49,141,-92
100900093,293,213,80
100900094,161,51,110
100900095,2,5,-3
100900096,7,63,-56
100900097,0,1,-1
100900098,15,2,13
100900099,1,54,-53
100900100,0,53,-53
100900101,116,5,111
100900102,0,51,-51
100900103,3,1,2
100900104,0,34,-34
100900105,0,34,-34
100900106,4,1,3
100900107,746,366,380
100900108,1,19,-18
100900109,10,0,10
100900110,0,13,-13
100900111,7,38,-31
100900112,2,13,-11
100900113,4,28,-24
100900114,5,16,-11
100900115,2,6,-4
100900116,336,209,127
100900117,172,901,-729
100900118,7,149,-142
100900119,7,16,-9
100900120,0,4,-4
100900121,214,205,9
100900122,14,35,-21
100900123,140,2,138
100900124,1,3,-2
100900125,2,10,-8
100900126,222,38,184
100900127,2,6,-4
100900128,22,95,-73
100900129,0,98,-98
100900131,0,52,-52
100900133,22,15,7
100900134,7,1,6
100900135,1,124,-123
100900137,95,33,62
100900138,98,129,-31
100900139,0,1,-1
100900140,0,18,-18
100900141,0,191,-191
100900142,0,2,-2
100900143,126,183,-57
100900144,5,13,-8
100900145,3,133,-130
100900146,8,21,-13
100900147,9,493,-484
100900148,23,61,-38
100900149,3,273,-270
100900150,3,34,-31
100900151,10,181,-171
100900152,65,3,62
100900153,0,180,-180
100900154,24,44,-20
100900155,25,5,20
100900156,4,0,4
100900157,4,133,-129
100900158,253,14,239
100900159,2,4,-2
100900160,16,0,16
100900161,26,0,26
100900162,8,105,-97
100900163,6,25,-19
100900164,136,2,134
100900165,24,16,8
100900166,5,0,5
100900167,23,7,16
100900168,3,54,-51
100900169,44,404,-360
100900170,0,0,0
100900171,5,282,-277
100900172,0,160,-160
100900173,1,39,-38
100900174,9,15,-6
100900176,423,52,371
100900177,80,17,63
100900178,167,206,-39
100900179,78,24,54
100900180,0,0,0
100900181,0,9,-9
100900182,14,8,6
100900184,34,107,-73
100900186,359,125,234
100900187,20,42,-22
100900188,12,3,9
100900189,975,167,808
100900191,153,641,-488
100900192,94,202,-108
100900195,40,93,-53
100900197,19,84,-65
100900198,8,8,0
100900199,0,0,0
100900200,560,105,455
100900201,14,577,-563
100900202,37,0,37
100900203,0,29,-29
100900204,28,120,-92
100900205,52,488,-436
100900206,192,168,24
100900207,134,132,2
100900210,24,57,-33
100900211,57,55,2
100900213,101,51,50
100900214,153,30,123
100900215,2,1,1
101000001,906,1678,-772
101000002,3026,3781,-755
101000003,72,945,-873
101000004,3242,5843,-2601
101000005,3044,5223,-2179
101000006,2616,8405,-5789
101000007,1140,3428,-2288
101000008,1074,1782,-708
101000009,1409,350,1059
101000010,572,387,185
101000011,285,176,109
101000012,184,270,-86
101000013,313,895,-582
101000014,269,326,-57
101000015,2400,900,1500
101000016,176,529,-353
101000017,113,203,-90
101000018,920,2019,-1099
101000020,633,549,84
101000021,209,261,-52
101000022,82,451,-369
101000023,473,434,39
101000025,265,358,-93
101000026,193,24,169
101000027,1013,2612,-1599
101000028,142,42,100
101000029,10,695,-685
101000030,428,186,242
101000031,41,484,-443
101000032,1433,2542,-1109
101000033,430,2129,-1699
101000034,251,1664,-1413
101000035,200,222,-22
101000036,207,1035,-828
101000037,258,1675,-1417
101000039,663,1467,-804
101000040,1205,2794,-1589
101000041,987,3791,-2804
101000042,37,607,-570
101000043,1536,3031,-1495
101000045,85,473,-388
101000046,561,2166,-1605
101000047,717,3958,-3241
101000048,197,206,-9
101000049,259,506,-247
101000050,221,918,-697
101000051,398,1677,-1279
101000052,411,1323,-912
101000053,130,493,-363
101000054,404,231,173
101000055,548,812,-264
101000056,6,127,-121
101000057,295,1364,-1069
101000058,249,1046,-797
101000059,716,2096,-1380
101000060,525,492,33
101000061,142,1607,-1465
101000062,89,283,-194
101000063,53,829,-776
101000064,132,460,-328
101000065,30,475,-445
101000066,133,856,-723
101000067,219,365,-146
101000068,99,304,-205
101000069,98,59,39
101000070,297,371,-74
101000071,1583,779,804
101000072,306,1434,-1128
101000073,251,905,-654
101000074,1232,1931,-699
101000075,1967,1335,632
101000077,1466,1210,256
101000078,549,648,-99
101000079,829,745,84
101000080,826,408,418
101000081,848,961,-113
101000082,1152,1036,116
101000083,1871,1123,748
101000084,574,283,291
101000085,1158,800,358
101000086,490,374,116
101000087,413,494,-81
101000088,1032,758,274
101000089,383,907,-524
101000090,804,302,502
101000091,332,242,90
101000092,1303,398,905
101000093,630,379,251
101000094,369,346,23
101000095,417,282,135
101000096,435,256,179
101000097,221,177,44
101000098,221,264,-43
101000099,427,546,-119
101000100,495,743,-248
101000101,88,429,-341
101000102,273,621,-348
101000103,273,286,-13
101000104,101,431,-330
101000105,419,268,151
101000106,44,1014,-970
101000107,155,243,-88
101000108,249,48,201
101000109,428,62,366
101000110,7,117,-110
101000111,16,90,-74
101000113,41,473,-432
101000114,1226,3638,-2412
101000115,0,0,0
101000116,0,0,0
101000117,0,0,0
101000119,26,77,-51
101000120,27,80,-53
101000121,7,30,-23
101000122,39,120,-81
101000123,17,102,-85
101000124,960,399,561
101000125,78,53,25
101000128,86,1006,-920
101000130,130,183,-53
101000131,945,197,748
101000132,483,257,226
101000135,1,23,-22
101000136,27,106,-79
101000137,4,313,-309
101000141,265,2546,-2281
101000147,358,154,204
101000148,422,9,413
101000149,0,0,0
101000150,78,190,-112
101000151,438,13,425
101000152,199,220,-21
101000153,182,133,49
101000154,461,202,259
101000155,503,78,425
101000156,22,208,-186
101000157,65,61,4
101000160,0,0,0
101000163,43,577,-534
101000164,116,61,55
101000165,146,230,-84
101000166,66,153,-87
101000168,628,138,490
101000252,1908,551,1357
101000254,31,3,28
101000258,106,4,102
101000261,184,49,135
101000262,551,3130,-2579
101000263,87,1063,-976
101000265,14,447,-433
101000266,137,162,-25
101000269,2,10,-8
101000290,115,1952,-1837
101000293,0,0,0
101000294,131,170,-39
101000295,129,111,18
101000301,115,546,-431
101000304,1064,1751,-687
101000305,1275,699,576
101900001,21,28,-7
101900002,0,0,0
101900003,37,42,-5
101900004,0,69,-69
101900005,720,2085,-1365
101900006,381,34,347
101900007,113,129,-16
101900008,7,136,-129
101900009,2,211,-209
101900010,371,506,-135
101900011,42,579,-537
101900012,83,44,39
101900013,111,41,70
101900017,8,68,-60
101900018,300,68,232
101900019,25,10,15
101900020,90,33,57
101900021,2,11,-9
101900022,79,242,-163
101900023,42,25,17
102000001,1985,5245,-3260
102000002,1604,881,723
102000003,1052,4671,-3619
102000004,1754,2004,-250
102000005,636,2727,-2091
102000006,299,1000,-701
102000007,784,3425,-2641
102000008,2764,1023,1741
102000009,4759,5669,-910
102000010,2149,1449,700
102000011,3243,3192,51
102000012,2184,1816,368
102000018,1396,2060,-664
102000019,1144,925,219
102000026,211,220,-9
102000029,174,100,74
102000030,64,202,-138
102000031,51,75,-24
102000032,559,198,361
102000033,150,253,-103
102000034,198,283,-85
102000035,446,180,266
102000036,14,215,-201
102000037,51,18,33
102000038,83,96,-13
102000039,19,56,-37
102000040,66,188,-122
102000041,5,217,-212
102000042,15,130,-115
102000043,13,142,-129
102000044,157,414,-257
102000045,270,369,-99
102000046,892,214,678
102000047,353,273,80
102000048,377,300,77
102000049,594,407,187
102000050,508,413,95
102000051,144,249,-105
102000052,602,459,143
102000053,579,620,-41
102000054,672,371,301
102000055,597,149,448
102000056,765,136,629
102000057,861,245,616
102000058,420,333,87
102000059,420,414,6
102000060,509,714,-205
102000061,1259,706,553
102000062,1545,611,934
102000063,723,840,-117
102000064,316,415,-99
102000065,33,144,-111
102000066,266,230,36
102000067,1505,2377,-872
102000068,4094,2023,2071
102000069,50,1169,-1119
102000070,816,17,799
102000071,3642,7214,-3572
102000072,1469,1835,-366
102000073,247,177,70
102000074,386,286,100
102000075,101,46,55
102000076,257,121,136
102000077,476,242,234
102000078,1058,198,860
102000079,77,22,55
102000080,241,66,175
102000081,183,501,-318
102000082,297,384,-87
102000083,451,121,330
102000084,835,57,778
102000085,763,382,381
102000086,1174,428,746
102000087,244,632,-388
102000088,222,137,85
102000089,1046,237,809
102000090,184,754,-570
102000091,648,400,248
102000092,132,398,-266
102000093,390,462,-72
102000094,360,88,272
102000095,273,469,-196
102000096,558,180,378
102000097,427,201,226
102000098,204,214,-10
102000099,553,302,251
102000100,122,354,-232
102000101,105,260,-155
102000102,69,526,-457
102000103,1004,420,584
102000104,322,151,171
102000105,196,197,-1
102000106,479,164,315
102000107,1249,83,1166
102000108,439,249,190
102000109,372,181,191
102000110,875,239,636
102000111,8,226,-218
102000112,61,101,-40
102000113,1,15,-14
102000114,390,246,144
102000115,95,194,-99
102000116,195,514,-319
102000117,21,277,-256
102000118,493,1497,-1004
102000119,339,627,-288
102000120,210,439,-229
102000121,671,291,380
102000122,367,729,-362
102000123,491,413,78
102000124,884,796,88
102000125,311,357,-46
102000126,341,245,96
102000127,795,211,584
102000128,480,430,50
102000129,668,205,463
102000130,413,550,-137
102000131,552,682,-130
102000132,268,1188,-920
102000133,2627,708,1919
102000134,983,339,644
102000135,234,529,-295
102000136,363,280,83
102000137,273,188,85
102000138,45,45,0
102000139,30,112,-82
102000140,73,140,-67
102000141,39,200,-161
102000142,190,70,120
102000143,150,138,12
102000144,190,77,113
102000145,210,87,123
102000146,255,108,147
102000147,202,233,-31
102000148,36,180,-144
102000149,220,38,182
102000150,588,31,557
102000151,44,29,15
102000152,223,50,173
102000153,421,277,144
102000154,135,187,-52
102000155,20,166,-146
102000156,183,66,117
102000157,3,134,-131
102000158,69,240,-171
102000159,464,656,-192
102000161,1017,1300,-283
102000162,45,80,-35
102000163,29,241,-212
102000164,241,410,-169
102000165,104,99,5
102000166,8,137,-129
102000167,48,100,-52
102000168,65,103,-38
102000169,60,414,-354
102000170,172,33,139
102000171,1,43,-42
102000172,2,181,-179
102000173,282,173,109
102000174,131,29,102
102000175,88,27,61
102000176,16,7,9
102000178,113,164,-51
102000179,213,192,21
102000180,578,129,449
102000181,903,231,672
102000182,528,261,267
102000183,1183,490,693
102000184,1017,393,624
102000185,1926,290,1636
102000186,945,446,499
102000187,493,312,181
102000188,749,514,235
102000189,1076,147,929
102000190,353,1253,-900
102000191,486,184,302
102000192,602,682,-80
102000193,71,114,-43
102000194,78,109,-31
102000195,397,207,190
102000196,268,182,86
102000197,944,73,871
102000198,169,286,-117
102000199,1315,89,1226
102000200,160,295,-135
102000201,1444,253,1191
102000202,4,22,-18
102000203,280,69,211
102000204,583,153,430
102000205,851,166,685
102000206,271,150,121
102000207,462,313,149
102000208,163,208,-45
102000209,59,51,8
102000210,327,62,265
102000211,429,84,345
102000212,367,3,364
102000213,16,51,-35
102000214,397,5,392
102000215,3,88,-85
102000216,89,76,13
102000217,0,79,-79
102000218,188,54,134
102000219,48,47,1
102000225,183,470,-287
102000226,22,0,22
102000227,72,2,70
102000228,0,18,-18
102000229,91,39,52
102000230,140,140,0
102000231,246,242,4
102000232,18,153,-135
102000233,293,137,156
102000234,31,881,-850
102000236,78,17,61
102000237,278,75,203
102000238,103,118,-15
102000240,45,228,-183
102000241,124,16,108
102000243,2,59,-57
102000245,3,29,-26
102000246,18,96,-78
102000247,50,204,-154
102000248,129,900,-771
102000249,69,22,47
102000250,31,91,-60
102000254,409,50,359
102000266,5,86,-81
102000271,56,28,28
102000286,140,216,-76
102000297,1042,241,801
102000301,0,0,0
102000303,0,0,0
102000305,0,0,0
102000306,0,0,0
102000307,0,5,-5
102000308,0,0,0
102900001,785,173,612
102900002,163,8,155
102900003,45,71,-26
102900005,227,146,81
102900006,363,30,333
102900007,486,0,486
102900008,118,5,113
102900009,103,165,-62
102900010,227,577,-350
102900011,399,160,239
102900012,235,27,208
102900013,20,3,17
102900015,472,167,305
102900016,103,11,92
102900017,176,90,86
102900018,38,19,19
102900019,139,150,-11
102900020,61,1,60
102900021,28,13,15
102900022,20,10,10
102900023,7,2,5
102900024,5,16,-11
102900025,30,16,14
102900026,89,1334,-1245
102900027,27,16,11
102900028,60,728,-668
102900029,6,69,-63
102900030,231,287,-56
102900031,240,26,214
102900032,48,12,36
102900033,69,24,45
102900034,652,19,633
102900035,94,91,3
102900036,160,84,76
102900037,100,47,53
102900038,186,83,103
102900039,54,353,-299
102900040,66,85,-19
102900041,52,17,35
102900042,138,22,116
102900043,169,27,142
102900044,169,366,-197
102900045,112,123,-11
102900046,210,48,162
102900047,10,175,-165
102900048,217,84,133
102900049,41,98,-57
102900050,72,110,-38
102900051,67,72,-5
102900052,15,15,0
102900053,113,93,20
102900054,91,424,-333
102900055,30,212,-182
102900056,46,53,-7
102900057,1,18,-17
102900058,389,38,351
102900059,2,8,-6
102900060,11,118,-107
102900061,83,106,-23
102900062,197,186,11
102900063,1370,99,1271
102900064,31,274,-243
102900065,388,114,274
102900066,87,0,87
102900068,11,105,-94
102900070,56,107,-51
102900072,0,23,-23
102900073,12,1,11
102900074,36,90,-54
102900075,0,11,-11
102900076,13,27,-14
102900077,22,2,20
102900078,29,7,22
102900079,114,2,112
102900080,292,9,283
102900081,3,59,-56
102900082,1,15,-14
102900083,41,14,27
102900084,0,4,-4
102900085,26,12,14
102900086,0,1,-1
102900087,178,43,135
102900088,24,17,7
102900089,63,42,21
102900090,0,21,-21
102900091,226,2,224
102900092,342,69,273
102900093,143,60,83
102900094,1,31,-30
102900095,38,0,38
102900096,20,4,16
102900097,2,37,-35
103000001,1807,1542,265
103000002,2035,1832,203
103000003,1951,1556,395
103000004,511,232,279
103000005,1096,2278,-1182
103000006,710,971,-261
103000007,255,179,76
103000008,645,482,163
103000009,1120,683,437
103000010,110,17,93
103000011,682,288,394
103000012,832,1043,-211
103000013,1228,1024,204
103000014,1041,1904,-863
103000015,846,317,529
103000016,377,849,-472
103000017,170,618,-448
103000018,356,150,206
103000019,175,427,-252
103000020,969,758,211
103000021,1642,2396,-754
103000022,362,676,-314
103000023,775,1826,-1051
103000024,75,39,36
103000025,35,956,-921
103000026,146,67,79
103000027,71,580,-509
103000028,231,153,78
103000029,60,135,-75
103000030,932,940,-8
103000031,545,1664,-1119
103000032,1478,727,751
103000033,2863,2263,600
103000034,832,515,317
103000035,119,770,-651
103000036,90,180,-90
103000037,357,337,20
103000038,321,639,-318
103000039,370,146,224
103000040,555,277,278
103000041,1183,834,349
103000042,987,149,838
103000043,611,297,314
103000044,195,61,134
103000046,121,256,-135
103000047,470,144,326
103000048,253,93,160
103000049,121,52,69
103000050,407,97,310
103000051,477,200,277
103000052,587,110,477
103000053,154,156,-2
103000054,1268,308,960
103000055,1316,609,707
103000056,453,538,-85
103000057,997,83,914
103000058,485,170,315
103000059,553,234,319
103000060,454,214,240
103000061,587,397,190
103000062,380,102,278
103000063,782,376,406
103000064,50,45,5
103000065,1,75,-74
103000066,111,9,102
103000069,200,140,60
103000070,402,149,253
103000071,974,360,614
103000072,155,267,-112
103000073,714,14,700
103000074,836,47,789
103000075,40,150,-110
103000076,240,726,-486
103000077,10,176,-166
103000078,444,833,-389
103000079,272,459,-187
103000080,253,340,-87
103000081,123,963,-840
103000082,394,90,304
103000083,54,130,-76
103000084,15,1,14
103000085,0,86,-86
103000086,377,424,-47
103000087,155,549,-394
103000088,240,221,19
103000089,201,482,-281
103000090,3320,1230,2090
103000091,678,444,234
103000092,273,97,176
103000093,146,232,-86
103000094,233,47,186
103000095,70,144,-74
103000096,321,16,305
103000097,31,251,-220
103000098,419,26,393
103000099,33,240,-207
103000100,144,171,-27
103000101,1175,39,1136
103000102,169,159,10
103000103,650,58,592
103000104,115,28,87
103000105,208,24,184
103000106,27,82,-55
103000107,163,37,126
103000108,730,1024,-294
103000109,288,461,-173
103000110,365,627,-262
103000111,206,369,-163
103000112,187,274,-87
103000113,135,620,-485
103000114,817,351,466
103000115,752,660,92
103000116,969,368,601
103000117,610,393,217
103000118,290,356,-66
103000119,595,209,386
103000120,79,179,-100
103000121,22,214,-192
103000122,352,763,-411
103000125,4,58,-54
103000126,436,0,436
103000127,1,96,-95
103000128,113,1,112
103000129,0,58,-58
103000130,40,31,9
103000131,130,122,8
103000132,13,54,-41
103000133,5,132,-127
103000134,198,520,-322
103000135,253,154,99
103000136,236,151,85
103000137,150,371,-221
103000138,315,454,-139
103000139,0,28,-28
103000140,59,4,55
103000141,6,77,-71
103000142,50,30,20
103000143,16,54,-38
103000144,163,29,134
103000145,5,197,-192
103000150,126,31,95
103000152,113,176,-63
103000153,142,175,-33
103000156,6,88,-82
103000157,322,1,321
103000159,96,46,50
103000162,41,16,25
103000163,1,21,-20
103000164,1,4,-3
103000165,11,170,-159
103000166,207,424,-217
103000167,126,89,37
103000168,117,42,75
103000169,214,525,-311
103000170,1372,194,1178
103000171,54,55,-1
103000172,840,141,699
103000173,596,122,474
103000174,420,183,237
103000175,270,101,169
103000176,471,537,-66
103000177,119,265,-146
103000178,92,162,-70
103000179,80,8,72
103000183,279,14,265
103000185,136,39,97
103000186,358,32,326
103000187,811,92,719
103000188,8,85,-77
103000189,502,561,-59
103000191,248,153,95
103000292,279,1093,-814
103000293,398,2443,-2045
103000295,48,26,22
103000296,77,0,77
103000297,6,40,-34
103000504,79,5,74
103000505,2,7,-5
103000506,0,59,-59
103000507,111,3,108
103000508,83,35,48
103000509,95,173,-78
103900001,8,18,-10
103900002,224,75,149
103900003,330,121,209
103900004,69,0,69
103900005,1,24,-23
103900006,0,0,0
103900007,101,4,97
103900008,2,0,2
103900009,179,70,109
103900010,149,31,118
103900011,284,18,266
103900012,5,35,-30
103900013,20,1,19
103900014,28,4,24
103900015,68,2,66
103900016,49,43,6
103900017,43,15,28
103900018,150,27,123
103900019,13,284,-271
103900020,147,327,-180
103900021,85,3,82
103900022,287,134,153
103900023,224,1,223
103900024,39,94,-55
103900025,2,1,1
103900026,2,0,2
103900027,185,57,128
103900028,13,165,-152
103900029,848,64,784
103900030,214,79,135
103900031,104,1,103
103900032,54,70,-16
103900033,33,18,15
103900034,5,10,-5
103900035,36,26,10
103900036,41,53,-12
103900037,56,3,53
103900038,41,139,-98
103900039,111,63,48
103900040,3,149,-146
103900041,51,13,38
103900042,143,52,91
103900043,204,7,197
103900044,52,290,-238
103900045,231,118,113
103900047,71,5,66
103900048,4,7,-3
103900049,43,439,-396
103900050,10,97,-87
103900051,0,49,-49
103900052,97,87,10
103900053,304,70,234
103900054,104,40,64
103900055,267,75,192
103900056,6,5,1
103900057,168,33,135
103900058,351,107,244
103900059,0,44,-44
103900060,64,60,4
103900061,294,7,287
103900062,411,153,258
103900063,1,0,1
103900064,165,0,165
103900065,122,80,42
103900066,148,44,104
103900067,251,11,240
103900068,1,0,1
103900069,19,10,9
103900070,95,48,47
103900071,4,16,-12
103900072,10,78,-68
103900073,36,25,11
103900074,75,10,65
103900075,102,5,97
103900076,468,229,239
103900077,29,109,-80
103900078,162,42,120
103900079,60,17,43
103900080,0,2,-2
103900081,0,5,-5
103900082,19,39,-20
103900083,1041,1407,-366
103900084,13,24,-11
103900085,2,58,-56
103900086,894,133,761
103900087,26,32,-6
103900088,103,216,-113
103900089,29,55,-26
103900090,0,13,-13
103900091,267,40,227
103900092,366,286,80
103900093,23,160,-137
103900094,1,31,-30
103900095,12,100,-88
103900096,61,14,47
103900097,2,69,-67
103900098,102,40,62
103900099,214,29,185
103900100,375,54,321
103900101,204,199,5
103900102,0,15,-15
103900104,0,2,-2
103900105,29,20,9
103900106,0,167,-167
103900107,148,57,91
103900108,15,60,-45
103900109,110,25,85
103900110,175,19,156
103900111,254,106,148
103900112,10,22,-12
103900113,38,70,-32
103900114,215,108,107
103900115,80,93,-13
103900116,350,714,-364
103900117,36,3,33
103900119,22,213,-191
103900120,11,17,-6
103900122,129,40,89
103900123,147,314,-167
103900124,45,4,41
103900125,87,14,73
103900126,478,55,423
103900127,103,48,55
103900128,112,42,70
103900131,4,12,-8
103900133,505,4,501
103900134,3,15,-12
103900135,7,1,6
103900137,1,18,-17
103900138,189,42,147
103900139,95,1967,-1872
103900140,4,269,-265
103900141,72,25,47
103900142,319,21,298
103900143,222,0,222
103900144,0,3,-3
103900145,45,76,-31
103900146,260,25,235
103900147,374,66,308
103900148,268,26,242
103900149,273,155,118
103900150,1459,3275,-1816
103900151,7,29,-22
103900152,766,121,645
103900153,14,0,14
103900154,91,1112,-1021
103900155,7,48,-41
103900156,11,25,-14
103900157,81,18,63
103900158,165,10,155
103900159,188,0,188
103900160,17,11,6
103900161,12,71,-59
103900162,55,11,44
103900163,4,97,-93
103900164,150,7,143
103900167,11,23,-12
103900168,42,13,29
103900169,4,46,-42
103900170,0,19,-19
103900171,1,0,1
103900172,0,0,0
103900173,14,3,11
103900174,250,8,242
103900175,7,137,-130
103900176,3,9,-6
103900177,4,3,1
103900178,39,3,36
103900179,35,4,31
103900180,2,4,-2
103900181,10,4,6
103900182,3,1,2
103900184,39,22,17
103900185,10,313,-303
103900187,0,140,-140
103900188,66,72,-6
103900189,37,1,36
103900190,59,7,52
103900191,3,8,-5
103900192,9,12,-3
103900193,25,1,24
103900194,11,41,-30
103900195,0,76,-76
103900196,25,2,23
103900197,32,9,23
103900198,1,5,-4
103900199,169,5,164
103900200,132,13,119
103900201,14,43,-29
103900202,10,25,-15
103900203,70,61,9
103900204,1,7,-6
103900207,0,7,-7
103900208,152,0,152
103900209,8,26,-18
103900210,48,11,37
103900211,599,102,497
103900212,74,25,49
103900213,0,119,-119
103900214,138,183,-45
103900215,53,123,-70
103900216,5,128,-123
103900217,174,22,152
103900218,0,100,-100
103900219,153,40,113
103900233,83,2,81
103900235,4,46,-42
103900236,3,11,-8
103900242,1,0,1
103900243,0,0,0
103900244,74,23,51
103900245,37,27,10
103900246,8,59,-51
103900247,6,10,-4
103900248,2,18,-16
103900249,1,43,-42
103900250,5,5,0
103900251,0,3,-3
103900253,0,22,-22
103900254,2,19,-17
103900255,0,1,-1
103900256,1,56,-55
103900257,27,62,-35
103900258,0,5,-5
103900259,4,9,-5
103900261,18,0,18
103900262,17,0,17
103900263,11,16,-5
103900264,3,0,3
103900265,0,0,0
103900266,2,38,-36
103900267,0,12,-12
104000001,1631,984,647
104000002,1523,1520,3
104000003,1388,997,391
104000004,2070,1519,551
104000005,1458,1092,366
104000006,1577,1306,271
104000007,3804,2562,1242
104000008,209,194,15
104000009,336,152,184
104000010,152,277,-125
104000011,111,100,11
104000012,83,148,-65
104000013,220,372,-152
104000014,161,174,-13
104000015,301,89,212
104000016,199,75,124
104000018,678,81,597
104000019,722,136,586
104000020,77,138,-61
104000021,204,156,48
104000022,110,195,-85
104000023,1191,189,1002
104000024,145,75,70
104000026,29,48,-19
104000027,284,82,202
104000028,643,182,461
104000029,162,166,-4
104000030,425,285,140
104000031,831,89,742
104000032,48,134,-86
104000033,840,118,722
104000034,255,107,148
104000035,1052,127,925
104000036,864,236,628
104000037,158,40,118
104000038,387,164,223
104000039,112,116,-4
104000040,70,321,-251
104000041,487,212,275
104000042,202,151,51
104000043,79,131,-52
104000044,179,268,-89
104000045,504,278,226
104000046,332,330,2
104000047,370,395,-25
104000048,517,499,18
104000049,504,180,324
104000050,52,295,-243
104000051,141,316,-175
104000052,1593,1062,531
104000053,734,178,556
104000054,420,95,325
104000055,1504,940,564
104000056,233,75,158
104000057,147,80,67
104000058,660,419,241
104000059,401,558,-157
104000060,929,694,235
104000061,783,358,425
104000062,150,39,111
104000064,387,121,266
104000065,43,329,-286
104000069,380,1169,-789
104000070,32,342,-310
104000071,55,51,4
104000072,360,53,307
104000075,23,64,-41
104000076,228,17,211
104000082,1549,2018,-469
104000083,289,63,226
104000084,30,147,-117
104000085,244,91,153
104000086,209,217,-8
104000087,122,456,-334
104000090,594,253,341
104000092,1258,479,779
104000094,316,362,-46
104000095,1846,810,1036
104000096,1836,15,1821
104000097,1907,193,1714
104000098,3316,269,3047
104000100,2210,295,1915
104000101,913,785,128
104000106,47,345,-298
104000107,408,173,235
104000108,134,129,5
104000109,216,56,160
104000110,385,759,-374
104000111,1011,2147,-1136
104000112,243,164,79
104000116,1,414,-413
104000117,247,123,124
104000118,839,70,769
104000119,563,106,457
104000120,280,177,103
104000121,124,215,-91
104000122,520,327,193
104000123,563,300,263
104000124,161,639,-478
104000125,774,2063,-1289
104000126,547,406,141
104000127,1125,898,227
104000128,557,120,437
104000129,90,6,84
104000130,1,348,-347
104000131,248,199,49
104000132,327,274,53
104000133,969,626,343
104000134,600,1292,-692
104000135,285,819,-534
104000136,327,1430,-1103
104000137,1051,205,846
104000138,518,247,271
104000139,1321,1294,27
104000141,422,309,113
104000142,413,206,207
104000143,606,192,414
104000144,42,71,-29
104000145,179,124,55
104000146,150,339,-189
104000147,103,232,-129
104000148,290,137,153
104000149,107,88,19
104000150,720,270,450
104000151,285,230,55
104000152,430,185,245
104000153,608,414,194
104000154,407,210,197
104000155,375,593,-218
104000157,870,596,274
104000158,116,286,-170
104000159,555,192,363
104000160,1053,1588,-535
104000161,74,50,24
104000162,121,48,73
104000165,381,322,59
104000167,414,1099,-685
104000168,652,0,652
104000169,215,38,177
104000170,105,234,-129
104000248,247,235,12
104000251,17,54,-37
104000272,0,0,0
104000273,0,0,0
104000274,0,0,0
104000275,0,0,0
104000279,406,575,-169
104000290,15,199,-184
104000291,382,784,-402
104000293,653,563,90
104000294,47,2,45
104000295,799,1010,-211
104000296,314,340,-26
104000297,737,1760,-1023
104000298,1210,581,629
104000299,570,662,-92
104900001,22,14,8
104900002,77,160,-83
104900003,31,74,-43
104900004,29,30,-1
104900005,259,122,137
104900006,343,24,319
104900007,183,86,97
104900009,76,78,-2
104900010,55,0,55
104900011,0,2,-2
104900012,42,4,38
104900013,27,2,25
104900014,684,118,566
104900015,31,4,27
104900016,118,38,80
104900017,42,69,-27
104900018,0,16,-16
104900019,83,3760,-3677
104900020,20,64,-44
104900021,0,13,-13
104900022,2,206,-204
104900023,0,7,-7
104900024,8,371,-363
104900025,58,36,22
104900026,0,24,-24
104900027,695,202,493
104900028,12,124,-112
104900029,4,24,-20
104900030,388,120,268
104900031,13,24,-11
104900032,26,21,5
104900033,203,92,111
104900034,287,132,155
104900035,411,169,242
104900036,488,16,472
104900037,137,87,50
104900038,35,835,-800
104900039,152,1090,-938
104900040,803,56,747
104900041,271,62,209
104900042,151,83,68
104900043,21,348,-327
104900044,907,48,859
104900045,196,9,187
104900046,348,22,326
104900047,590,39,551
104900048,474,54,420
104900049,163,62,101
104900050,438,17,421
104900051,235,12,223
104900052,306,2,304
104900053,388,27,361
104900054,260,22,238
104900055,377,2,375
104900056,297,12,285
104900057,13,0,13
104900058,229,99,130
104900059,105,19,86
104900060,0,113,-113
104900061,62,66,-4
104900063,1,63,-62
104900064,1,82,-81
104900065,1,78,-77
104900066,0,45,-45
104900067,0,88,-88
104900068,11,41,-30
104900070,14,33,-19
104900071,0,83,-83
104900072,4,68,-64
104900073,33,14,19
104900074,45,33,12
104900075,19,3,16
104900076,60,42,18
104900077,99,55,44
104900078,55,80,-25
104900079,95,532,-437
104900080,64,66,-2
104900082,3,79,-76
104900085,1,52,-51
104900087,233,3,230
104900089,651,1,650
104900090,1059,583,476
104900091,206,154,52
104900093,45,62,-17
104900097,491,1733,-1242
104900098,156,6,150
104900099,25,271,-246
104900100,131,52,79
104900102,25,29,-4
104900103,53,28,25
104900104,587,1440,-853
104900106,93,22,71
104900107,61,63,-2
104900108,7,33,-26
104900109,55,49,6
104900110,0,40,-40
104900111,159,44,115
104900112,230,76,154
104900113,389,57,332
104900114,498,102,396
104900115,533,20,513
104900116,200,27,173
104900118,3,9,-6
104900119,0,21,-21
104900120,7,338,-331
104900121,0,10,-10
104900122,0,24,-24
104900123,197,3,194
104900124,102,0,102
104900125,187,1,186
104900126,3,20,-17
104900127,3,2,1
104900128,86,51,35
104900129,733,2067,-1334
105000001,1871,718,1153
105000002,1378,882,496
105000003,1467,1933,-466
105000004,893,526,367
105000005,955,841,114
105000006,768,1156,-388
105000007,789,1195,-406
105000008,401,1444,-1043
105000009,2507,2382,125
105000010,1331,616,715
105000011,2377,2425,-48
105000012,1094,1204,-110
105000013,689,688,1
105000014,2218,1893,325
105000015,5159,9385,-4226
105000016,719,724,-5
105000017,1122,722,400
105000018,467,667,-200
105000019,538,631,-93
105000020,25,299,-274
105000021,115,65,50
105000022,43,74,-31
105000023,590,107,483
105000028,2,37,-35
105000029,380,705,-325
105000030,2054,1420,634
105000033,557,663,-106
105000034,101,842,-741
105000037,406,103,303
105000038,555,802,-247
105000039,355,516,-161
105000040,790,760,30
105000041,427,331,96
105000042,1157,877,280
105000043,560,389,171
105000044,513,177,336
105000045,200,243,-43
105000046,565,175,390
105000047,334,354,-20
105000048,823,198,625
105000049,190,182,8
105000050,845,277,568
105000051,122,203,-81
105000052,478,631,-153
105000053,40,40,0
105000054,332,417,-85
105000055,448,120,328
105000056,1567,983,584
105000057,1261,385,876
105000058,718,557,161
105000059,1060,438,622
105000060,437,187,250
105000061,1200,268,932
105000062,379,366,13
105000063,176,243,-67
105000064,2246,298,1948
105000065,283,174,109
105000066,599,353,246
105000067,1514,434,1080
105000068,208,342,-134
105000069,915,1679,-764
105000070,383,822,-439
105000071,173,1446,-1273
105000072,716,2898,-2182
105000073,915,652,263
105000074,356,322,34
105000075,394,340,54
105000076,979,502,477
105000077,1151,337,814
105000078,401,570,-169
105000079,581,1024,-443
105000080,1397,1416,-19
105000081,703,644,59
105000082,541,1108,-567
105000083,1621,2082,-461
105000084,298,501,-203
105000085,2216,1576,640
105000086,368,564,-196
105000087,640,1105,-465
105000088,1104,1478,-374
105000089,1118,623,495
105000090,212,266,-54
105000091,311,280,31
105000092,317,344,-27
105000093,151,209,-58
105000094,70,62,8
105000095,100,278,-178
105000096,628,995,-367
105000097,470,288,182
105000098,893,829,64
105000099,376,435,-59
105000100,1559,497,1062
105000101,1307,519,788
105000102,1418,715,703
105000103,826,638,188
105000104,1686,647,1039
105000105,802,730,72
105000106,1306,354,952
105000107,1743,401,1342
105000108,1713,436,1277
105000109,1845,420,1425
105000110,1004,184,820
105000111,1274,171,1103
105000112,650,238,412
105000113,474,467,7
105000114,590,820,-230
105000115,226,1310,-1084
105000116,1063,379,684
105000117,399,263,136
105000118,1049,259,790
105000119,388,223,165
105000120,1589,363,1226
105000121,628,262,366
105000122,334,330,4
105000123,364,412,-48
105000124,1719,314,1405
105000125,850,459,391
105000126,1630,576,1054
105000127,2017,650,1367
105000128,415,599,-184
105000129,963,191,772
105000130,117,2257,-2140
105000131,212,138,74
105000132,1114,611,503
105000133,196,447,-251
105000134,1247,197,1050
105000135,174,120,54
105000136,8,26,-18
105000137,246,47,199
105000138,10,34,-24
105000139,518,146,372
105000140,354,117,237
105000141,226,106,120
105000142,225,144,81
105000143,92,233,-141
105000144,245,155,90
105000145,517,111,406
105000146,188,276,-88
105000147,654,146,508
105000148,496,675,-179
105000149,2254,1170,1084
105000150,663,350,313
105000151,525,179,346
105000152,124,245,-121
105000153,738,267,471
105000154,362,233,129
105000155,257,315,-58
105000156,187,298,-111
105000157,543,744,-201
105000158,1745,364,1381
105000159,272,471,-199
105000160,2633,320,2313
105000161,464,392,72
105000162,632,1847,-1215
105000163,681,397,284
105000164,54,147,-93
105000165,262,6161,-5899
105000166,2477,1462,1015
105000167,590,2692,-2102
105000168,296,205,91
105000169,660,91,569
105000170,365,644,-279
105000171,855,111,744
105000172,252,9,243
105000173,521,4,517
105000174,106,17,89
105000175,86,36,50
105000176,587,68,519
105000177,328,153,175
105000178,236,133,103
105000179,1291,22,1269
105000180,256,39,217
105000181,112,130,-18
105000182,70,15,55
105000183,1167,2159,-992
105000184,100,266,-166
105000185,182,764,-582
105000186,210,341,-131
105000187,317,307,10
105000188,130,246,-116
105000189,60,226,-166
105000190,163,130,33
105000191,205,89,116
105000192,265,38,227
105000193,51,98,-47
105000194,345,36,309
105000195,151,201,-50
105000196,27,131,-104
105000197,89,159,-70
105000198,111,66,45
105000199,75,207,-132
105000200,118,359,-241
105000201,79,13,66
105000203,9,83,-74
105000204,45,47,-2
105000205,60,75,-15
105000207,63,33,30
105000208,109,197,-88
105000209,43,48,-5
105000212,921,332,589
105000213,29,91,-62
105000214,164,96,68
105000215,193,76,117
105000216,133,54,79
105000217,62,35,27
105000218,2159,512,1647
105000221,80,84,-4
105000222,193,61,132
105000223,310,73,237
105000226,57,65,-8
105000227,38,61,-23
105000228,24,946,-922
105000229,60,466,-406
105000231,215,102,113
105000233,543,423,120
105000234,308,600,-292
105000235,514,299,215
105000237,771,58,713
105000243,36,64,-28
105000248,5,44,-39
105000262,291,144,147
105000269,103,31,72
105000270,620,8,612
105000271,0,125,-125
105000282,18,38,-20
105000287,99,99,0
105000288,808,283,525
105000289,587,1099,-512
105000290,46,6,40
105000402,735,2179,-1444
105000426,104,197,-93
105000438,593,664,-71
105000446,2702,2608,94
105000447,1278,1001,277
105000454,589,70,519
105000455,133,48,85
105000474,84,0,84
105000477,886,392,494
105000478,1474,3502,-2028
105000479,68,54,14
105000480,3785,4492,-707
105000481,2593,2232,361
105000482,1311,1957,-646
105000483,978,1261,-283
105000484,829,990,-161
105000485,778,1379,-601
105000486,833,876,-43
105000488,1455,1396,59
105000489,1107,280,827
105000549,109,52,57
105000550,147,630,-483
105000551,4,48,-44
105000552,1069,409,660
105900001,6,853,-847
105900002,949,647,302
105900003,1,49,-48
105900004,87,30,57
105900005,16,122,-106
105900006,33,47,-14
105900007,30,4,26
105900008,59,76,-17
105900009,79,10,69
105900011,100,38,62
105900012,243,72,171
105900013,6,13,-7
105900014,2,12,-10
105900015,72,128,-56
105900016,464,92,372
105900017,1666,50,1616
105900018,58,51,7
105900019,34,75,-41
105900020,21,14,7
105900021,17,229,-212
105900022,210,120,90
105900023,2,80,-78
105900024,3,145,-142
105900025,207,2,205
105900026,89,2,87
105900027,4100,1394,2706
105900028,134,56,78
105900029,800,169,631
105900030,82,82,0
105900031,155,59,96
105900032,50,33,17
105900033,46,46,0
105900034,131,50,81
105900035,155,60,95
105900036,54,24,30
105900037,176,24,152
105900038,73,148,-75
105900039,80,36,44
105900040,51,28,23
105900041,66,69,-3
105900042,12,39,-27
105900043,412,18,394
105900044,1,173,-172
105900045,0,512,-512
105900046,2,29,-27
105900047,3,6,-3
105900048,104,84,20
105900050,291,1403,-1112
105900051,14,376,-362
105900052,253,9,244
105900053,1061,2509,-1448
105900054,54,141,-87
105900056,223,252,-29
105900057,1,74,-73
105900058,4,7,-3
105900059,0,75,-75
106000001,1523,1131,392
106000002,333,1337,-1004
106000003,2350,2247,103
106000004,1111,1821,-710
106000005,3484,2617,867
106000006,2813,1140,1673
106000007,559,129,430
106000008,257,227,30
106000009,391,90,301
106000010,210,295,-85
106000011,1251,450,801
106000012,570,424,146
106000013,1631,879,752
106000014,690,640,50
106000015,2134,557,1577
106000016,922,922,0
106000017,1085,393,692
106000018,357,348,9
106000019,534,217,317
106000020,187,190,-3
106000021,459,190,269
106000022,227,139,88
106000023,1023,295,728
106000024,405,286,119
106000025,226,126,100
106000026,80,122,-42
106000027,1885,746,1139
106000028,344,114,230
106000029,338,242,96
106000030,64,345,-281
106000034,32,123,-91
106000035,703,996,-293
106000036,21,311,-290
106000037,414,453,-39
106000038,12,61,-49
106000039,35,96,-61
106000040,48,846,-798
106000041,532,385,147
106000043,218,161,57
106000046,203,18,185
106000047,50,253,-203
106000049,932,52,880
106000050,99,167,-68
106000051,1091,491,600
106000052,0,0,0
106000053,696,116,580
106000054,0,0,0
106000055,839,231,608
106000056,0,0,0
106000057,569,121,448
106000058,0,0,0
106000059,463,230,233
106000060,21,56,-35
106000061,170,535,-365
106000062,51,94,-43
106000063,631,625,6
106000064,0,0,0
106000065,452,162,290
106000066,72,17,55
106000067,496,49,447
106000068,68,33,35
106000069,432,29,403
106000070,103,38,65
106000071,743,115,628
106000072,1052,879,173
106000073,1050,3412,-2362
106000074,509,530,-21
106000075,351,440,-89
106000076,761,502,259
106000077,1290,401,889
106000078,1040,259,781
106000079,672,222,450
106000080,838,205,633
106000081,758,279,479
106000082,1098,299,799
106000083,297,512,-215
106000084,584,278,306
106000085,789,525,264
106000086,240,169,71
106000087,614,278,336
106000088,317,231,86
106000089,795,114,681
106000090,298,222,76
106000091,311,239,72
106000092,377,142,235
106000093,373,34,339
106000094,53,69,-16
106000095,1364,369,995
106000096,1493,120,1373
106000097,1230,423,807
106000098,915,123,792
106000099,85,173,-88
106000100,1155,85,1070
106000101,815,88,727
106000102,68,189,-121
106000103,191,297,-106
106000104,804,253,551
106000105,357,460,-103
106000106,900,193,707
106000107,85,258,-173
106000108,383,107,276
106000109,108,191,-83
106000110,357,53,304
106000111,140,71,69
106000112,265,491,-226
106000113,340,313,27
106000114,319,499,-180
106000115,119,244,-125
106000116,336,63,273
106000117,530,237,293
106000118,881,818,63
106000119,441,266,175
106000120,627,1201,-574
106000121,232,88,144
106000122,253,115,138
106000123,839,53,786
106000124,104,75,29
106000125,25,105,-80
106000126,445,21,424
106000127,936,258,678
106000128,885,79,806
106000129,496,285,211
106000130,959,147,812
106000131,27,451,-424
106000132,413,54,359
106000133,734,1087,-353
106000134,263,2208,-1945
106000135,145,372,-227
106000136,755,1125,-370
106000137,89,405,-316
106000138,1915,53,1862
106000139,51,69,-18
106000140,1,0,1
106000141,5,2,3
106000142,133,135,-2
106000143,2,5,-3
106000144,31,158,-127
106000145,220,67,153
106000146,510,53,457
106000147,295,247,48
106000148,331,756,-425
106000149,791,250,541
106000150,863,1480,-617
106000151,1737,495,1242
106000152,859,1036,-177
106000153,26,933,-907
106000154,1067,97,970
106000155,127,177,-50
106000156,1637,94,1543
106000157,316,903,-587
106000158,748,463,285
106000159,977,1111,-134
106000160,493,2442,-1949
106000161,401,90,311
106000162,446,1206,-760
106000163,219,106,113
106000164,803,66,737
106000165,137,177,-40
106000166,943,64,879
106000167,369,297,72
106000168,827,55,772
106000169,146,136,10
106000170,892,76,816
106000171,146,397,-251
106000172,1673,406,1267
106000173,486,728,-242
106000174,1074,83,991
106000175,103,130,-27
106000176,1915,244,1671
106000177,727,442,285
106000178,2378,470,1908
106000179,426,297,129
106000180,730,356,374
106000181,1654,733,921
106000182,1765,168,1597
106000183,1851,140,1711
106000184,807,288,519
106000185,991,994,-3
106000186,191,36,155
106000187,35,591,-556
106000188,0,0,0
106000189,10,9,1
106000190,61,2,59
106000191,336,55,281
106000192,0,2,-2
106000193,136,122,14
106000194,42,172,-130
106000195,162,93,69
106000196,64,344,-280
106000197,484,106,378
106000198,151,57,94
106000199,387,1010,-623
106000200,144,103,41
106000201,165,5163,-4998
106000202,1143,321,822
106000203,3,78,-75
106000204,53,2,51
106000205,7,82,-75
106000206,72,4,68
106000207,3,90,-87
106000208,1479,41,1438
106000209,2110,134,1976
106000210,161,305,-144
106000211,172,437,-265
106000212,1178,230,948
106000213,97,859,-762
106000214,814,239,575
106000215,281,307,-26
106000216,546,124,422
106000217,147,200,-53
106000218,394,54,340
106000219,94,113,-19
106000220,622,109,513
106000221,237,63,174
106000222,75,38,37
106000223,320,28,292
106000224,130,77,53
106000225,61,79,-18
106000226,39,102,-63
106000228,0,3,-3
106000229,116,144,-28
106000231,1062,18,1044
106000232,49,75,-26
106000233,518,21,497
106000234,18,117,-99
106000235,85,97,-12
106000236,46,105,-59
106000237,1,11,-10
106000238,26,26,0
106000239,1,61,-60
106000240,4,3,1
106000241,2,422,-420
106000242,164,6,158
106000249,126,52,74
106000250,46,418,-372
106000251,80,12,68
106000252,8,31,-23
106000253,69,15,54
106000254,35,13,22
106000255,43,48,-5
106000256,9,2,7
106000257,45,133,-88
106000258,58,32,26
106000259,1,44,-43
106000260,10,1,9
106000261,6,44,-38
106000262,54,0,54
106000263,20,33,-13
106000264,115,0,115
106000265,5,20,-15
106000266,158,14,144
106000267,2,41,-39
106000268,187,14,173
106000269,17,33,-16
106000270,46,93,-47
106000271,85,29,56
106000272,40,18,22
106000273,7,51,-44
106000274,149,6,143
106000275,204,78,126
106000276,7,4,3
106000277,127,90,37
106000278,43,6,37
106000279,19,1,18
106000280,96,5,91
106000281,57,7,50
106000282,66,12,54
106000283,84,24,60
106000284,131,14,117
106000285,56,39,17
106000286,74,28,46
106000287,32,22,10
106000288,98,25,73
106000289,72,10,62
106000290,59,8,51
106000291,61,16,45
106000292,30,4,26
106000293,44,39,5
106000294,48,7,41
106000295,29,18,11
106000296,10,16,-6
106000297,23,56,-33
106000298,44,36,8
106000299,28,29,-1
106000300,65,28,37
106000301,68,50,18
106000303,87,7,80
106000304,17,5,12
106000305,59,23,36
106000306,34,14,20
106000307,150,6,144
106000308,6,33,-27
106000309,7,36,-29
106000310,207,137,70
106000311,406,62,344
106000312,168,61,107
106000313,148,76,72
106000318,23,225,-202
106000319,783,236,547
106000320,2,92,-90
106000321,63,254,-191
106000322,146,77,69
106000324,90,112,-22
106000325,1615,447,1168
106000326,463,565,-102
106000327,307,34,273
106000328,15,19,-4
106000329,34,141,-107
106000330,17,64,-47
106000428,77,172,-95
106000429,97,172,-75
106000430,237,513,-276
106000431,1854,135,1719
106000432,373,757,-384
106000433,1883,680,1203
106000434,2722,892,1830
106000435,643,779,-136
106000436,1,81,-80
106000437,622,90,532
106000438,129,323,-194
106000439,20,398,-378
106000440,159,239,-80
106000441,15,1,14
106000442,104,1,103
106000443,224,117,107
106000450,3,115,-112
106000451,25,100,-75
106000454,0,56,-56
106000455,1,80,-79
106000456,65,59,6
106000457,7,154,-147
106000458,1294,122,1172
106000459,197,50,147
106000460,2152,88,2064
106000461,105,109,-4
106000462,0,33,-33
106000463,2,18,-16
106000464,0,103,-103
106000465,842,4,838
106000466,0,158,-158
106000467,28,187,-159
106000468,152,59,93
106000469,232,3,229
106000470,83,1079,-996
106000471,0,221,-221
106000472,108,9,99
106000473,4,3,1
106000474,137,329,-192
106000475,346,200,146
106000476,121,234,-113
106000477,0,0,0
106900001,0,0,0
106900002,2,107,-105
106900003,21,436,-415
106900004,0,4,-4
106900006,0,4,-4
106900007,0,2,-2
106900008,481,26,455
106900009,360,91,269
106900010,286,68,218
106900012,414,2234,-1820
106900013,415,228,187
106900014,58,3,55
106900015,4,0,4
106900016,471,15,456
106900017,10,0,10
106900018,25,0,25
106900019,130,1,129
106900020,671,1302,-631
106900021,118,40,78
106900022,1717,17,1700
106900023,15,31,-16
106900024,499,39,460
106900025,8,140,-132
106900026,0,116,-116
106900027,1046,24,1022
107000001,2288,2316,-28
107000002,821,706,115
107000003,6583,6078,505
107000004,2332,873,1459
107000005,6409,4227,2182
107000006,1903,900,1003
107000007,3554,4208,-654
107000008,2348,1486,862
107000009,6979,5128,1851
107000010,3200,2383,817
107000011,331,346,-15
107000012,1358,945,413
107000013,41,29,12
107000014,40,18,22
107000015,263,146,117
107000016,496,262,234
107000017,582,650,-68
107000018,6,552,-546
107000020,628,758,-130
107000021,479,224,255
107000022,692,997,-305
107000023,932,122,810
107000024,840,1210,-370
107000025,218,193,25
107000026,321,320,1
107000027,1083,350,733
107000028,893,377,516
107000029,3103,1937,1166
107000030,1350,1032,318
107000031,4009,1601,2408
107000032,178,468,-290
107000033,996,1758,-762
107000034,1797,495,1302
107000035,264,120,144
107000036,321,671,-350
107000037,70,495,-425
107000038,120,117,3
107000039,488,616,-128
107000040,143,79,64
107000041,732,241,491
107000042,277,1235,-958
107000043,851,328,523
107000044,262,152,110
107000045,24,108,-84
107000046,519,180,339
107000047,171,386,-215
107000048,390,96,294
107000049,300,291,9
107000050,475,221,254
107000051,282,220,62
107000052,541,1021,-480
107000053,271,249,22
107000054,1,142,-141
107000055,78,83,-5
107000056,395,407,-12
107000057,682,154,528
107000058,2209,1553,656
107000059,1071,1291,-220
107000060,4644,3304,1340
107000061,2617,1218,1399
107000062,5901,1990,3911
107000063,1738,1397,341
107000064,4133,2514,1619
107000065,1791,1755,36
107000066,913,1911,-998
107000067,812,495,317
107000068,518,540,-22
107000069,956,613,343
107000070,1177,2,1175
107000071,3301,20,3281
107000072,1,698,-697
107000073,981,476,505
107000074,59,219,-160
107000075,1922,98,1824
107000076,132,493,-361
107000077,2495,320,2175
107000078,380,573,-193
107000079,2763,622,2141
107000080,294,702,-408
107000081,3881,413,3468
107000082,285,375,-90
107000083,1399,546,853
107000084,116,343,-227
107000085,1726,1468,258
107000086,1424,1042,382
107000087,2068,1163,905
107000088,1386,1272,114
107000089,1265,1045,220
107000090,636,303,333
107000091,1222,499,723
107000092,498,373,125
107000093,1003,581,422
107000094,434,364,70
107000095,1356,707,649
107000096,359,421,-62
107000097,642,348,294
107000098,125,483,-358
107000099,304,312,-8
107000100,60,358,-298
107000101,77,179,-102
107000102,182,330,-148
107000103,314,161,153
107000104,207,224,-17
107000105,361,74,287
107000106,127,120,7
107000107,697,123,574
107000108,132,269,-137
107000109,828,159,669
107000110,40,152,-112
107000111,452,46,406
107000112,2,160,-158
107000113,976,31,945
107000114,13,425,-412
107000115,791,154,637
107000116,85,350,-265
107000117,125,894,-769
107000118,27,89,-62
107000119,686,1431,-745
107000120,790,473,317
107000121,761,330,431
107000122,371,323,48
107000123,558,230,328
107000124,474,191,283
107000125,907,203,704
107000126,758,311,447
107000127,19,228,-209
107000129,111,510,-399
107000130,359,1102,-743
107000131,270,773,-503
107000132,489,182,307
107000133,261,88,173
107000134,238,1,237
107000135,1,169,-168
107000136,307,0,307
107000137,1,130,-129
107000138,40,5,35
107000139,3,219,-216
107000140,1076,30,1046
107000141,71,358,-287
107000142,333,50,283
107000143,16,377,-361
107000144,201,526,-325
107000145,48,225,-177
107000146,197,243,-46
107000147,2044,339,1705
107000150,76,3568,-3492
107000151,17,8,9
107000152,217,2377,-2160
107000153,68,79,-11
107000154,1,89,-88
107000155,979,7,972
107000156,1238,4,1234
107000157,5,340,-335
107000158,827,0,827
107000159,1,159,-158
107000160,1856,90,1766
107000161,8,309,-301
107000162,139,557,-418
107000163,158,1,157
107000164,1001,0,1001
107000165,1304,29,1275
107000166,4,214,-210
107000167,666,106,560
107000168,793,233,560
107000169,216,160,56
107000170,3379,437,2942
107000171,227,264,-37
107000172,1533,1647,-114
107000173,223,226,-3
107000174,862,5270,-4408
107000175,1486,355,1131
107000176,0,0,0
107000177,18,0,18
107000178,18,0,18
107000179,320,678,-358
107000180,2002,120,1882
107000181,404,306,98
107000182,1925,330,1595
107000183,105,276,-171
107000184,1518,254,1264
107000185,210,673,-463
107000186,863,155,708
107000187,931,764,167
107000188,527,202,325
107000189,707,311,396
107000190,617,291,326
107000191,665,376,289
107000192,1211,152,1059
107000193,415,192,223
107000194,295,142,153
107000197,816,55,761
107000198,255,707,-452
107000199,296,287,9
107000200,523,381,142
107000201,165,179,-14
107000202,94,338,-244
107000203,192,392,-200
107000204,171,956,-785
107000205,330,152,178
107000206,132,506,-374
107000207,179,277,-98
107000208,134,172,-38
107000209,235,210,25
107000210,78,144,-66
107000211,12,32,-20
107000212,55,38,17
107000213,1,3,-2
107000214,2,33,-31
107000215,358,78,280
107000216,452,94,358
107000217,91,42,49
107000219,17,101,-84
107000220,75,59,16
107000222,127,130,-3
107000224,385,76,309
107000225,85,137,-52
107000226,518,51,467
107000227,78,89,-11
107000228,30,186,-156
107000229,26,78,-52
107000230,347,215,132
107000231,281,545,-264
107000232,63,2,61
107000233,55,307,-252
107000234,0,65,-65
107000235,26,29,-3
107000236,2,164,-162
107000237,32,0,32
107000238,36,5,31
107000239,1061,298,763
107000240,33,109,-76
107000241,10,13,-3
107000242,61,6,55
107000243,0,34,-34
107000244,8,11,-3
107000246,1,295,-294
107000249,0,349,-349
107000251,0,25,-25
107000252,0,156,-156
107000255,115,74,41
107000257,2,439,-437
107000258,17,144,-127
107000259,1,56,-55
107000260,2044,4,2040
107000262,6,111,-105
107000263,479,4,475
107000266,10,18,-8
107000267,68,34,34
107000268,80,19,61
107000269,13,4,9
107000270,68,16,52
107000271,3,0,3
107000272,55,1,54
107000273,1,74,-73
107000274,452,72,380
107000275,20,425,-405
107000280,1130,8,1122
107000281,18,116,-98
107000282,12,244,-232
107000290,17,22,-5
107000291,12,9,3
107000292,0,45,-45
107000293,14,4,10
107000294,0,52,-52
107000295,21,4,17
107000296,0,8,-8
107000444,153,1,152
107000496,0,7,-7
107000497,556,570,-14
107000500,307,67,240
107000501,26,98,-72
107000502,180,111,69
107000505,186,311,-125
107000506,0,0,0
107000508,1,70,-69
107000509,72,379,-307
107000510,44,26,18
107000514,65,457,-392
107000515,5,70,-65
107000516,546,210,336
107000518,1164,1639,-475
107000519,323,145,178
107000520,176,22,154
107900001,142,39,103
107900002,33,0,33
107900003,434,14,420
107900004,256,2,254
107900005,2445,26,2419
107900006,114,14,100
107900007,302,10,292
107900008,31,18,13
107900009,219,5,214
107900010,29,0,29
107900012,337,48,289
107900013,134,5,129
107900014,64,2,62
107900015,1744,22,1722
107900016,78,29,49
107900017,60,0,60
107900018,90,395,-305
107900019,38,9,29
107900020,25,55,-30
107900021,96,12,84
107900023,6,4,2
107900024,0,0,0
107900025,116,47,69
107900026,15,8,7
107900027,6,265,-259
107900028,188,12,176
107900030,275,4,271
107900031,114,27,87
107900032,41,1,40
107900033,3,18,-15
107900034,239,6,233
107900035,1695,56,1639
107900036,60,29,31
107900037,0,8,-8
107900038,13,257,-244
107900039,8,15,-7
107900040,8,798,-790
107900041,1,2,-1
107900043,105,36,69
107900044,6,7,-1
107900045,87,51,36
107900046,416,128,288
107900047,72,16,56
107900048,285,19,266
107900049,53,866,-813
107900050,32,70,-38
107900051,69,16,53
107900052,1,87,-86
107900053,107,56,51
107900055,300,122,178
107900056,51,104,-53
107900057,2,0,2
107900058,15,120,-105
107900060,5,23,-18
107900061,1,34,-33
107900063,93,52,41
107900064,137,386,-249
107900065,583,2,581
107900066,6,3,3
107900067,0,0,0
107900068,34,295,-261
107900069,4,2244,-2240
107900070,141,143,-2
107900071,6,90,-84
107900072,169,38,131
107900073,82,37,45
107900074,95,126,-31
107900076,119,13,106
107900077,66,2,64
107900078,132,9,123
107900079,12,12,0
107900080,4,141,-137
107900081,27,22,5
107900082,2,2,0
107900083,322,133,189
107900084,72,104,-32
107900086,19,175,-156
107900087,61,23,38
107900088,97,2,95
107900089,72,218,-146
107900090,220,1296,-1076
107900091,57,94,-37
107900092,698,99,599
107900093,53,15,38
107900095,576,880,-304
107900097,51,31,20
107900098,96,170,-74
107900100,163,1254,-1091
107900101,142,31,111
107900102,28,0,28
107900103,31,32,-1
107900104,451,0,451
107900105,5,45,-40
107900106,1,186,-185
107900107,492,197,295
107900108,32,10,22
107900109,1671,47,1624
107900110,54,18,36
107900111,1,131,-130
107900112,48,244,-196
107900113,267,20,247
107900114,335,37,298
107900115,1,9,-8
107900116,215,38,177
107900117,75,127,-52
107900118,6,42,-36
107900119,105,195,-90
107900120,41,3,38
107900121,0,36,-36
107900122,0,13,-13
107900123,4,25,-21
107900124,4,38,-34
107900125,10,34,-24
107900126,32,15,17
107900127,846,115,731
107900128,48,13,35
107900129,117,4,113
107900130,148,6,142
107900131,13,36,-23
107900132,13,76,-63
107900133,0,34,-34
107900134,4,37,-33
107900135,0,15,-15
107900136,12,17,-5
107900137,31,17,14
107900138,87,14,73
107900139,70,29,41
107900140,87,29,58
107900141,28,5,23
107900142,4,127,-123
107900143,13,18,-5
107900144,0,19,-19
107900145,0,17,-17
107900146,52,17,35
107900147,45,10,35
107900148,145,127,18
107900149,267,32,235
107900150,0,80,-80
107900151,49,12,37
107900152,1,58,-57
107900153,24,124,-100
107900154,21,12,9
107900155,53,11,42
107900156,3,32,-29
107900157,11,49,-38
107900158,1206,85,1121
107900159,2,152,-150
107900160,132,48,84
107900161,44,25,19
107900162,1,31,-30
107900163,7,22,-15
107900164,16,6,10
107900165,10,126,-116
107900166,31,41,-10
107900167,8,83,-75
107900168,43,3,40
107900169,0,182,-182
107900171,6,181,-175
107900172,12,68,-56
107900173,49,36,13
107900174,76,2,74
107900175,5,42,-37
107900176,24,0,24
107900177,1,92,-91
107900178,0,63,-63
107900179,3,25,-22
107900180,78,886,-808
107900181,101,643,-542
107900182,0,130,-130
107900183,39,38,1
107900184,50,66,-16
107900185,118,3,115
107900186,18,16,2
107900187,0,15,-15
107900188,179,34,145
107900189,0,16,-16
107900190,12,31,-19
107900191,9,48,-39
107900193,1,46,-45
107900194,123,11,112
107900195,482,73,409
107900196,37,3,34
107900197,95,97,-2
107900199,0,150,-150
107900201,58,48,10
107900203,34,27,7
107900204,127,174,-47
107900205,88,58,30
107900206,41,319,-278
107900207,0,68,-68
107900208,0,100,-100
107900209,71,23,48
107900210,17,11,6
107900213,91,135,-44
107900214,24,63,-39
107900215,117,204,-87
107900216,4,11,-7
107900217,51,24,27
107900218,1,353,-352
107900219,17,6,11
107900220,6,70,-64
107900221,47,73,-26
107900223,60,19,41
107900224,19,210,-191
107900225,0,105,-105
107900226,2,48,-46
107900227,51,91,-40
107900228,29,52,-23
107900229,6,30,-24
107900230,27,25,2
107900231,28,11,17
107900232,159,7,152
107900233,0,42,-42
107900234,116,49,67
107900235,10,75,-65
107900236,231,21,210
107900237,24,269,-245
107900238,35,9,26
107900239,132,388,-256
107900240,27,15,12
107900241,0,22,-22
107900242,6,59,-53
107900243,1,7,-6
107900244,260,18,242
107900245,867,45,822
107900246,186,37,149
107900248,532,59,473
107900249,848,84,764
107900250,0,147,-147
107900251,3,115,-112
107900252,525,46,479
107900253,172,24,148
107900254,6,143,-137
107900255,33,36,-3
107900256,200,841,-641
107900257,291,116,175
107900258,93,24,69
107900259,13,2381,-2368
107900261,1,72,-71
107900262,42,35,7
107900264,440,9,431
107900265,49,46,3
107900267,422,18,404
107900268,0,0,0
107900269,0,1,-1
107900270,1,0,1
107900271,1,23,-22
107900272,34,54,-20
107900273,19,48,-29
107900274,115,0,115
107900275,8,0,8
107900276,0,18,-18
107900277,0,40,-40
107900278,483,72,411
107900279,28,41,-13
107900280,738,510,228
107900281,395,5336,-4941
107900282,34,943,-909
107900283,366,593,-227
107900284,629,238,391
107900285,124,22,102
107900286,14,18,-4
107900287,448,100,348
107900290,1,254,-253
107900291,478,2,476
107900292,99,46,53
107900293,30,159,-129
107900295,27,14,13
107900297,3,116,-113
107900298,381,274,107
107900299,2512,2202,310
107900300,165,296,-131
107900301,296,388,-92
107900302,84,5,79
107900303,414,142,272
107900304,411,48,363
107900305,277,1,276
107900306,6,38,-32
107900307,2,122,-120
107900308,214,66,148
107900309,16,0,16
107900310,30,1,29
107900311,218,354,-136
107900312,44,0,44
107900313,0,56,-56
107900314,0,78,-78
107900315,2,37,-35
107900316,36,0,36
107900317,31,1,30
107900318,4,243,-239
107900319,0,22,-22
107900320,7,34,-27
107900321,99,0,99
107900322,3,7,-4
107900323,34,45,-11
107900324,85,3,82
107900325,181,2,179
107900326,458,81,377
107900327,6,36,-30
107900328,2,0,2
107900329,0,20,-20
107900330,18,58,-40
107900331,489,6,483
107900332,472,2,470
107900333,85,2,83
107900334,6,98,-92
107900335,25,15,10
107900336,31,12,19
107900337,473,932,-459
107900338,0,37,-37
107900339,0,4,-4
107900340,0,74,-74
107900341,42,0,42
107900342,94,306,-212
107900343,53,3,50
107900344,8,545,-537
107900345,58,11,47
107900346,11,0,11
107900347,25,0,25
107900348,0,2,-2
107900349,5,20,-15
107900350,1,149,-148
108000001,3510,1621,1889
108000002,647,893,-246
108000003,2214,1342,872
108000004,4627,5294,-667
108000005,6682,2823,3859
108000006,1895,1860,35
108000007,4523,2219,2304
108000008,1468,1591,-123
108000009,4591,2323,2268
108000010,1380,1588,-208
108000011,10713,6179,4534
108000012,4635,4915,-280
108000014,327,940,-613
108000015,646,100,546
108000016,212,219,-7
108000017,1066,176,890
108000018,1437,284,1153
108000019,421,209,212
108000020,722,208,514
108000021,161,411,-250
108000022,287,412,-125
108000023,1282,119,1163
108000024,312,121,191
108000025,390,53,337
108000026,824,111,713
108000027,583,60,523
108000028,882,95,787
108000029,515,121,394
108000030,385,147,238
108000031,89,254,-165
108000032,2295,311,1984
108000033,409,252,157
108000034,1803,335,1468
108000035,223,517,-294
108000036,223,460,-237
108000037,1996,183,1813
108000038,3351,150,3201
108000039,250,573,-323
108000040,1859,468,1391
108000041,257,640,-383
108000042,570,70,500
108000043,81,59,22
108000044,944,34,910
108000045,44,89,-45
108000046,1689,136,1553
108000047,162,241,-79
108000048,46,88,-42
108000049,755,107,648
108000050,25,147,-122
108000051,417,181,236
108000052,69,226,-157
108000053,359,127,232
108000054,160,431,-271
108000055,765,277,488
108000056,184,484,-300
108000057,572,913,-341
108000058,1147,3033,-1886
108000059,952,586,366
108000060,174,254,-80
108000061,50,171,-121
108000062,900,258,642
108000063,345,229,116
108000064,250,86,164
108000065,340,268,72
108000066,1181,439,742
108000067,1872,576,1296
108000068,1072,139,933
108000069,59,382,-323
108000070,2153,183,1970
108000071,376,455,-79
108000072,1466,300,1166
108000073,479,434,45
108000074,922,220,702
108000075,197,176,21
108000076,936,202,734
108000077,268,202,66
108000078,2681,544,2137
108000079,261,290,-29
108000080,1777,187,1590
108000081,177,370,-193
108000082,276,367,-91
108000083,1578,372,1206
108000084,85,306,-221
108000085,1039,277,762
108000086,188,139,49
108000087,89,1836,-1747
108000088,269,2,267
108000089,165,181,-16
108000090,855,61,794
108000091,91,309,-218
108000092,408,29,379
108000093,208,223,-15
108000094,1179,29,1150
108000095,106,144,-38
108000096,773,133,640
108000097,47,186,-139
108000098,2133,558,1575
108000099,342,15,327
108000100,172,184,-12
108000101,1138,598,540
108000102,1000,2268,-1268
108000106,633,1,632
108000107,3,382,-379
108000108,534,75,459
108000109,2,239,-237
108000110,434,72,362
108000111,116,302,-186
108000112,27,98,-71
108000113,181,123,58
108000115,230,105,125
108000117,287,444,-157
108000118,25,151,-126
108000119,397,113,284
108000120,129,588,-459
108000121,284,204,80
108000122,683,146,537
108000123,621,114,507
108000124,229,125,104
108000125,594,108,486
108000126,207,82,125
108000127,590,119,471
108000128,635,38,597
108000129,144,148,-4
108000130,505,132,373
108000131,700,91,609
108000132,152,233,-81
108000133,1530,109,1421
108000134,212,126,86
108000135,1449,374,1075
108000136,82,105,-23
108000137,420,101,319
108000138,327,220,107
108000139,602,164,438
108000140,508,8,500
108000141,10,15,-5
108000142,20,19,1
108000143,1,11,-10
108000144,150,5,145
108000145,58,4,54
108000146,206,2,204
108000147,43,12,31
108000148,112,16,96
108000149,4,14,-10
108000150,92,14,78
108000151,2,35,-33
108000152,20,63,-43
108000153,662,62,600
108000154,17,6,11
108000155,72,46,26
108000156,165,97,68
108000157,54,1512,-1458
108000158,24,481,-457
108000159,50,84,-34
108000160,1116,1005,111
108000161,825,2818,-1993
108000165,1,330,-329
108000172,6,157,-151
108000173,420,1404,-984
108000175,443,60,383
108000178,151,140,11
108000179,47,582,-535
108000181,106,15,91
108000182,60,4,56
108000183,1,2,-1
108000184,170,2230,-2060
108000185,139,117,22
108000186,502,11,491
108000187,84,152,-68
108000188,1365,57,1308
108000189,155,1433,-1278
108000190,7,47,-40
108000192,204,121,83
108000193,195,18,177
108000194,14,1,13
108000195,0,411,-411
108000196,109,136,-27
108000198,385,50,335
108000199,0,44,-44
108000200,936,53,883
108000202,2,92,-90
108000203,100,146,-46
108000204,221,71,150
108000205,69,105,-36
108000339,374,241,133
108000364,121,123,-2
108000365,12,160,-148
108000367,61,102,-41
108000368,20,21,-1
108000369,177,55,122
108000371,1,420,-419
108000372,579,1,578
108000373,186,62,124
108000376,82,9,73
108000377,731,69,662
108000378,6663,8934,-2271
108000379,7,55,-48
108000381,189,7,182
108000382,73,0,73
108000383,0,25,-25
108900001,11,127,-116
108900002,121,26,95
108900003,75,205,-130
108900004,1,321,-320
108900005,61,134,-73
108900006,661,120,541
108900007,373,62,311
108900008,236,37,199
108900009,115,61,54
108900010,569,79,490
108900011,1138,94,1044
108900012,516,134,382
108900013,198,55,143
108900014,17,58,-41
108900015,0,158,-158
108900016,1,136,-135
108900017,34,112,-78
108900018,149,229,-80
108900019,5,124,-119
108900020,53,42,11
108900021,72,55,17
108900022,159,51,108
108900023,2,26,-24
108900024,18,26,-8
108900025,238,9,229
108900026,31,57,-26
108900027,0,15,-15
108900028,104,71,33
108900029,21,82,-61
108900030,0,4,-4
108900031,49,69,-20
108900032,0,100,-100
108900033,0,48,-48
108900034,1,28,-27
108900035,200,355,-155
108900036,96,109,-13
108900037,17,121,-104
108900038,0,73,-73
108900039,1,66,-65
108900040,5,53,-48
108900041,2043,2042,1
108900042,4,182,-178
108900043,46,281,-235
108900044,0,90,-90
108900045,103,74,29
108900046,11,116,-105
108900047,0,59,-59
108900048,41,148,-107
108900049,622,1569,-947
108900050,6,113,-107
108900051,0,38,-38
108900052,30,80,-50
108900053,47,208,-161
108900054,74,43,31
108900055,20,117,-97
108900056,1,37,-36
108900057,0,46,-46
108900058,55,119,-64
108900059,606,60,546
108900060,31,84,-53
108900061,31,7,24
108900062,0,100,-100
108900063,61,62,-1
108900064,374,36,338
108900065,8,71,-63
108900066,372,34,338
108900067,6,45,-39
108900068,0,21,-21
108900069,101,41,60
108900070,23,23,0
108900071,220,18,202
108900072,967,148,819
108900073,5,446,-441
108900074,397,42,355
108900075,2,17,-15
108900076,510,28,482
108900077,65,1025,-960
108900078,62,24,38
108900079,123,53,70
108900080,11,794,-783
108900081,17,111,-94
108900082,93,26,67
108900083,20,179,-159
108900084,112,44,68
108900085,1176,79,1097
108900086,111,28,83
108900087,35,63,-28
108900088,271,138,133
108900089,22,64,-42
108900090,70,55,15
108900091,77,20,57
108900092,301,93,208
108900093,75,42,33
108900094,148,36,112
108900095,11,66,-55
108900096,131,8,123
108900097,190,41,149
108900098,636,1152,-516
108900099,251,48,203
108900100,76,64,12
108900101,139,134,5
108900102,14,1092,-1078
108900103,145,92,53
108900104,35,86,-51
108900105,5,1772,-1767
108900106,299,57,242
108900108,247,16,231
108900109,94,30,64
108900110,77,45,32
108900111,277,103,174
108900112,222,18,204
108900113,80,42,38
108900114,0,8,-8
108900115,198,53,145
108900116,73,4,69
108900117,214,4,210
108900118,723,3,720
108900119,539,17,522
108900120,184,141,43
108900121,297,55,242
108900122,230,10,220
108900123,265,45,220
108900124,649,55,594
108900125,687,4,683
108900126,102,50,52
108900127,271,47,224
108900128,229,11,218
108900129,1029,44,985
108900130,473,2,471
108900131,490,7,483
108900132,546,42,504
108900133,328,19,309
108900134,671,43,628
108900135,269,0,269
108900136,21,5,16
108900137,259,1,258
108900138,548,14,534
108900139,614,13,601
108900140,579,38,541
108900141,696,20,676
108900142,36,3,33
108900143,138,0,138
108900144,129,0,129
108900145,186,5,181
108900146,154,2,152
108900147,371,0,371
108900148,23,6,17
108900149,176,252,-76
108900150,194,7,187
108900151,49,48,1
108900152,199,60,139
108900153,188,51,137
108900154,4306,183,4123
108900155,174,6,168
108900156,117,7,110
108900157,4,92,-88
108900158,491,14,477
108900159,18,54,-36
108900160,12,91,-79
108900161,6,132,-126
108900162,206,23,183
108900163,0,318,-318
108900164,41,12,29
108900165,54,20,34
108900167,247,8333,-8086
108900168,3350,1425,1925
108900169,46,59,-13
108900171,1420,3469,-2049
108900172,196,31,165
108900173,60,101,-41
108900174,1023,90,933
108900176,27,332,-305
108900177,1393,6442,-5049
108900178,1061,3755,-2694
108900179,131,981,-850
108900180,80,163,-83
108900182,100,227,-127
108900183,84,97,-13
108900184,299,207,92
108900185,28,134,-106
108900186,43,100,-57
108900187,744,20,724
108900188,855,24,831
108900189,177,8,169
108900190,8,604,-596
108900191,49,151,-102
108900192,62,87,-25
108900193,20,19,1
108900194,0,42,-42
108900195,32,60,-28
108900196,6,100,-94
108900198,0,119,-119
108900199,171,95,76
108900200,603,263,340
108900201,165,366,-201
108900203,536,31,505
108900204,351,7,344
108900205,214,19,195
108900206,336,38,298
108900207,258,164,94
108900208,8,61,-53
108900209,114,160,-46
108900210,112,66,46
108900211,97,339,-242
108900212,53,962,-909
108900215,25,147,-122
108900216,170,182,-12
108900217,93,0,93
108900218,55,13,42
108900219,23,3,20
108900220,12,17,-5
108900221,42,42,0
108900222,171,12,159
108900223,1,90,-89
108900224,52,119,-67
108900225,0,109,-109
108900226,421,10,411
108900227,109,146,-37
108900230,46,52,-6
108900231,1,53,-52
108900232,3,81,-78
108900233,434,53,381
108900234,125,76,49
108900235,76,189,-113
108900236,18,160,-142
108900237,15,67,-52
108900240,171,27,144
108900241,80,54,26
108900245,3,1708,-1705
108900249,57,8,49
108900250,326,109,217
108900257,273,42,231
108900258,0,51,-51
108900259,19,31,-12
108900260,1,8,-7
108900261,4,20,-16
108900262,33,11,22
108900263,41,28,13
108900264,46,64,-18
108900265,205,320,-115
108900266,77,727,-650
108900267,1,174,-173
108900268,10,6,4
108900269,48,12,36
108900270,82,14,68
108900271,33,2,31
108900272,173,2,171
108900273,141,383,-242
108900274,58,20,38
109000001,2367,2276,91
109000002,305,1104,-799
109000003,2566,336,2230
109000004,226,736,-510
109000005,1839,261,1578
109000006,332,534,-202
109000007,1911,277,1634
109000008,352,599,-247
109000009,3021,411,2610
109000010,313,803,-490
109000011,4105,1245,2860
109000012,732,710,22
109000013,4879,3662,1217
109000014,801,729,72
109000015,2674,8569,-5895
109000016,1238,807,431
109000017,3206,426,2780
109000018,462,714,-252
109000019,2318,551,1767
109000020,506,479,27
109000023,105,3,102
109000024,28,105,-77
109000025,233,454,-221
109000026,211,166,45
109000027,96,303,-207
109000028,38,25,13
109000029,60,326,-266
109000030,18,76,-58
109000031,343,29,314
109000032,12,69,-57
109000033,684,87,597
109000034,35,10,25
109000035,1,3,-2
109000036,8,314,-306
109000037,293,3082,-2789
109000038,223,129,94
109000039,917,547,370
109000040,1608,14291,-12683
109000041,893,2200,-1307
109000042,466,1406,-940
109000044,555,12,543
109000045,69,42,27
109000046,601,31,570
109000047,45,26,19
109000048,286,184,102
109000049,54,40,14
109000050,384,112,272
109000051,55,10,45
109000052,384,313,71
109000053,350,93,257
109000054,50,179,-129
109000055,161,173,-12
109000056,114,120,-6
109000057,811,355,456
109000058,133,85,48
109000059,24,602,-578
109000060,120,531,-411
109000061,138,1207,-1069
109000062,89,209,-120
109000063,131,39,92
109000064,464,44,420
109000065,246,35,211
109000066,464,36,428
109000067,52,43,9
109000068,302,9,293
109000069,331,6,325
109000070,1,355,-354
109000071,259,26,233
109000072,57,129,-72
109000073,39,91,-52
109000074,13,94,-81
109000075,21,34,-13
109000076,51,127,-76
109000077,187,133,54
109000078,49,102,-53
109000079,98,85,13
109000080,164,46,118
109000081,188,113,75
109000082,649,115,534
109000083,294,161,133
109000088,204,120,84
109000089,388,85,303
109000090,63,173,-110
109000091,495,50,445
109000092,80,84,-4
109000093,446,53,393
109000094,1229,5,1224
109000095,146,220,-74
109000096,1067,51,1016
109000097,14,33,-19
109000098,36,81,-45
109000099,589,70,519
109000100,174,158,16
109000101,1792,296,1496
109000102,346,196,150
109000103,501,171,330
109000104,2900,228,2672
109000105,184,352,-168
109000106,1659,192,1467
109000107,375,383,-8
109000108,2429,190,2239
109000109,275,238,37
109000110,1022,267,755
109000111,437,370,67
109000112,114,51,63
109000113,163,118,45
109000114,82,84,-2
109000115,381,3,378
109000116,6,142,-136
109000117,177,24,153
109000118,2,126,-124
109000119,2247,61,2186
109000120,162,193,-31
109000121,835,18,817
109000122,85,231,-146
109000123,10,31,-21
109000124,763,99,664
109000125,1172,168,1004
109000126,305,258,47
109000127,1444,46,1398
109000128,373,364,9
109000129,3337,204,3133
109000130,310,331,-21
109000131,628,666,-38
109000132,175,625,-450
109000133,92,264,-172
109000134,313,343,-30
109000135,221,274,-53
109000136,102,117,-15
109000137,307,158,149
109000138,168,112,56
109000139,527,102,425
109000140,121,147,-26
109000141,409,196,213
109000142,46,158,-112
109000143,57,37,20
109000145,77,79,-2
109000146,11,54,-43
109000148,832,1379,-547
109000149,0,30,-30
109000150,10,68,-58
109000155,717,587,130
109000156,526,158,368
109000158,21,122,-101
109000159,34,152,-118
109000160,1357,64,1293
109000161,622,291,331
109000162,1974,221,1753
109000163,1006,376,630
109000164,1028,682,346
109000165,1451,257,1194
109000166,986,76,910
109000167,83,99,-16
109000170,16,23,-7
109000171,90,9,81
109000172,14,25,-11
109000173,3,69,-66
109000174,181,18,163
109000175,31,44,-13
109000176,294,35,259
109000177,15,30,-15
109000178,460,6,454
109000179,1505,4347,-2842
109000180,1547,2194,-647
109000181,22,9,13
109000182,74,7,67
109000183,46,8,38
109000184,64,17,47
109000185,13,27,-14
109000188,208,511,-303
109000189,2724,464,2260
109000190,340,201,139
109000191,299,221,78
109000192,525,29,496
109000193,410,58,352
109000194,306,10,296
109000195,251,68,183
109000196,156,25,131
109000197,203,104,99
109000198,283,17,266
109000199,57,98,-41
109000206,170,5,165
109000207,147,23,124
109000208,156,60,96
109000209,123,52,71
109000210,21,109,-88
109000211,270,72,198
109000214,161,96,65
109000215,140,23,117
109000216,327,355,-28
109000217,92,86,6
109000218,123,123,0
109000221,109,261,-152
109000222,530,74,456
109000223,490,314,176
109000224,87,38,49
109000225,186,17,169
109000226,32,33,-1
109000227,1980,222,1758
109000228,0,133,-133
109000231,0,77,-77
109000232,549,63,486
109000236,197,242,-45
109000241,1179,330,849
109000242,903,242,661
109000293,44,43,1
109000361,21,99,-78
109000364,48,109,-61
109000396,1,169,-168
109000397,941,0,941
109000399,55,124,-69
109000400,63,64,-1
109000403,4,856,-852
109000406,477,0,477
109000407,29,62,-33
109000408,0,2,-2
109000410,467,41,426
109000411,122,14,108
109900001,65,1,64
109900002,719,20,699
109900003,684,2,682
109900004,102,82,20
109900005,11,0,11
109900006,552,79,473
109900007,1343,89,1254
109900008,0,6,-6
109900009,55,166,-111
109900010,614,7,607
109900011,35,44,-9
109900012,326,53,273
109900013,333,30,303
109900014,105,16,89
109900015,96,4,92
109900016,105,7,98
109900017,147,32,115
109900018,45,9,36
109900019,123,8,115
109900020,78,4,74
109900021,50,2,48
109900022,62,61,1
109900023,33,0,33
109900024,4,0,4
109900025,0,8,-8
109900026,2,50,-48
109900027,27,5,22
109900028,228,1519,-1291
109900029,0,72,-72
109900030,2,40,-38
109900031,3,499,-496
109900032,6,116,-110
109900033,1,152,-151
109900034,2,4,-2
109900035,71,49,22
109900036,3,22,-19
109900037,10,108,-98
109900038,58,95,-37
109900039,1,0,1
109900040,11,150,-139
109900041,24,60,-36
109900042,3,132,-129
109900044,20,66,-46
109900045,64,7,57
109900046,136,18,118
109900047,49,74,-25
109900048,0,27,-27
109900049,13,21,-8
109900050,0,35,-35
109900051,0,4,-4
109900052,8,83,-75
109900053,0,53,-53
109900054,1311,54,1257
109900055,87,95,-8
109900056,17,162,-145
109900057,0,24,-24
109900058,1,11,-10
109900059,1590,61,1529
109900060,751,28,723
109900061,47,52,-5
109900062,0,38,-38
109900063,18,246,-228
109900064,388,46,342
109900065,42,39,3
109900066,144,151,-7
109900067,1,79,-78
109900068,85,5,80
109900069,0,4,-4
109900070,13,43,-30
109900071,1,8,-7
109900072,0,21,-21
109900073,659,103,556
109900074,6,3,3
109900075,9,5,4
109900076,1,36,-35
109900077,8,15,-7
109900078,39,47,-8
109900080,70,34,36
109900081,2,78,-76
109900082,28,53,-25
109900083,2,15,-13
109900084,17,51,-34
109900085,33,80,-47
109900086,85,759,-674
109900087,27,131,-104
109900089,553,56,497
109900090,178,343,-165
109900091,661,35,626
109900092,178,15,163
109900093,1140,93,1047
109900094,52,25,27
109900095,80,116,-36
109900096,35,16,19
109900097,105,2,103
109900098,703,11,692
109900099,482,1,481
109900100,30,0,30
109900101,1471,3,1468
109900102,270,33,237
109900103,2,15,-13
109900104,1174,250,924
109900105,633,19,614
109900106,400,41,359
109900107,659,35,624
109900108,66,137,-71
109900109,24,26,-2
109900110,31,75,-44
109900111,54,93,-39
109900112,120,100,20
109900113,915,295,620
109900114,101,857,-756
109900115,108,52,56
109900117,1635,60,1575
109900118,101,54,47
109900119,103,86,17
109900120,22,3,19
109900121,174,39,135
109900122,863,15,848
109900123,1,19,-18
109900124,23,70,-47
109900125,0,54,-54
109900126,685,2,683
109900128,343,8,335
109900130,1577,2624,-1047
109900131,5,44,-39
109900132,2,38,-36
109900133,105,62,43
109900134,32,33,-1
109900135,41,16,25
109900136,2,16,-14
109900137,185,74,111
109900138,574,79,495
109900140,70,29,41
109900141,1015,114,901
109900142,2271,137,2134
109900145,1,536,-535
109900146,29,48,-19
109900148,3,23,-20
109900149,2,18,-16
109900150,2,22,-20
109900151,8,57,-49
109900152,0,0,0
109900153,0,5,-5
109900154,3,2,1
109900155,17,5,12
109900157,60,72,-12
109900158,45,14,31
109900159,67,10,57
109900160,92,9,83
109900161,278,22,256
109900162,180,18,162
109900163,213,87,126
109900164,116,130,-14
109900165,31,3,28
109900166,2,62,-60
109900167,67,119,-52
109900168,82,89,-7
109900169,196,58,138
109900170,84,1127,-1043
109900171,238,74,164
109900172,210,153,57
109900173,834,1894,-1060
109900174,9,41,-32
109900175,78,29,49
109900176,50,44,6
109900177,14,26,-12
109900178,3,22,-19
109900179,4,28,-24
109900180,1,0,1
110000001,257,181,76
110000002,448,391,57
110000003,287,495,-208
110000004,324,464,-140
110000005,218,2053,-1835
110000006,142,275,-133
110000007,60,17,43
110000008,14,145,-131
110000009,17,2,15
110000010,39,71,-32
110000011,21,16,5
110000012,322,165,157
110000013,38,352,-314
110000014,531,317,214
110000015,109,382,-273
110000016,292,891,-599
110000017,1490,230,1260
110000018,1160,209,951
110000019,7,18,-11
110000020,157,65,92
110000021,104,117,-13
110000022,941,40,901
110000023,1,17,-16
110000024,320,218,102
110000025,780,2,778
110000026,0,58,-58
110000027,255,318,-63
110000028,670,116,554
110000029,303,148,155
110000030,302,329,-27
110000031,165,123,42
110000032,1138,133,1005
110000033,70,103,-33
110000034,795,187,608
110000035,394,290,104
110000036,1336,254,1082
110000037,115,230,-115
110000038,161,623,-462
110000039,547,4064,-3517
110000040,259,120,139
110000041,374,2254,-1880
110000042,45,130,-85
110000043,779,243,536
110000044,39,100,-61
110000045,103,104,-1
110000046,3,26,-23
110000047,26,28,-2
110000048,5,74,-69
110000049,2,4,-2
110000050,6,80,-74
110000051,5,5,0
110000052,50,47,3
110000053,2,5,-3
110000054,67,301,-234
110000055,116,99,17
110000056,65,56,9
110000057,232,175,57
110000058,554,258,296
110000059,380,282,98
110000060,821,403,418
110000061,285,249,36
110000062,432,340,92
110000063,58,169,-111
110000064,47,11,36
110000065,199,131,68
110000066,50,9,41
110000067,80,39,41
110000068,262,47,215
110000069,634,12,622
110000071,693,12,681
110000073,16,5,11
110000075,39,7,32
110000076,342,333,9
110000077,103,732,-629
110000078,140,9,131
110000080,92,153,-61
110000081,9,119,-110
110000082,2,183,-181
110000083,119,229,-110
110000084,995,882,113
110000085,450,452,-2
110000086,404,1670,-1266
110000087,18,12,6
110000088,258,127,131
110000089,268,25,243
110000090,73,118,-45
110000091,257,114,143
110000092,1,30,-29
110000093,41,6,35
110000094,173,58,115
110000095,113,672,-559
110000096,613,1623,-1010
110000097,552,1613,-1061
110000098,971,184,787
110000099,690,921,-231
110000100,1772,64,1708
110000101,87,73,14
110000102,62,34,28
110000104,279,97,182
110000105,66,97,-31
110000106,282,377,-95
110000107,87,184,-97
110000108,50,144,-94
110000109,93,107,-14
110000110,903,2245,-1342
110000111,1533,1967,-434
110000112,82,366,-284
110000113,52,1763,-1711
110000114,302,523,-221
110000115,532,110,422
110000116,43,27,16
110000117,534,107,427
110000118,861,87,774
110000119,605,71,534
110000120,263,36,227
110000121,44,371,-327
110000122,196,152,44
110000123,404,218,186
110000124,0,292,-292
110000125,466,6,460
110000126,178,9,169
110000127,915,12,903
110000128,2,357,-355
110000129,0,165,-165
110000130,175,97,78
110000131,97,111,-14
110000132,0,163,-163
110000133,9,126,-117
110000134,41,139,-98
110000135,234,6,228
110000136,34,76,-42
110000137,627,124,503
110000138,658,134,524
110000139,1220,188,1032
110000140,491,396,95
110000143,214,247,-33
110000144,1094,878,216
110000145,793,501,292
110000146,549,288,261
110000147,189,569,-380
110000148,559,102,457
110000151,240,720,-480
110000152,233,293,-60
110000153,456,25,431
110000154,20,54,-34
110000155,483,996,-513
110000156,434,647,-213
110000157,369,1106,-737
110000160,153,116,37
110000161,105,120,-15
110000166,998,20,978
110000167,1524,315,1209
110000168,550,546,4
110000169,541,274,267
110000170,104,64,40
110000171,326,62,264
110000172,239,207,32
110000173,230,240,-10
110000174,46,127,-81
110000175,1269,46,1223
110000176,26,727,-701
110000177,156,1244,-1088
110000178,213,2293,-2080
110000179,1022,131,891
110000180,261,126,135
110000181,790,134,656
110000182,203,75,128
110000183,3408,6375,-2967
110000184,186,2580,-2394
110000185,340,313,27
110000186,326,376,-50
110000191,1544,275,1269
110000192,730,11,719
110000193,1390,3,1387
110000194,13,159,-146
110000195,602,45,557
110000196,740,60,680
110000197,87,11,76
110000198,93,12,81
110000199,30,76,-46
110000200,262,283,-21
110000201,727,948,-221
110000202,768,329,439
110000203,153,140,13
110000204,0,52,-52
110000205,345,19,326
110000206,144,216,-72
110000207,1635,123,1512
110000208,117,264,-147
110000209,56,172,-116
110000210,1517,264,1253
110000211,678,380,298
110000212,323,1133,-810
110000213,231,16,215
110000214,398,11,387
110000215,39,79,-40
110000216,39,74,-35
110000217,638,34,604
110000218,85,57,28
110000219,445,7,438
110000220,12,22,-10
110000221,530,4,526
110000222,44,66,-22
110000223,1,62,-61
110000224,1,3,-2
110000225,98,313,-215
110000226,364,29,335
110000227,146,357,-211
110000228,352,30,322
110000229,0,94,-94
110000230,359,447,-88
110000231,214,291,-77
110000232,62,49,13
110000233,78,242,-164
110000234,311,221,90
110000235,953,459,494
110000236,461,236,225
110000237,1398,711,687
110000238,841,447,394
110000239,1139,298,841
110000240,0,7,-7
110000242,0,8,-8
110000243,164,22,142
110000244,38,102,-64
110000245,20,199,-179
110000246,1043,154,889
110000247,569,724,-155
110000248,810,246,564
110000249,175,11,164
110000250,11,58,-47
110000251,345,73,272
110000252,515,60,455
110000253,1559,182,1377
110000254,847,123,724
110000255,128,123,5
110000256,319,100,219
110000257,238,81,157
110000258,20,73,-53
110000259,329,17,312
110000260,73,45,28
110000263,579,22,557
110000264,414,153,261
110000265,924,652,272
110000266,691,953,-262
110000267,30,48,-18
110000268,187,40,147
110000269,0,16,-16
110000270,76,0,76
110000271,735,69,666
110000272,509,561,-52
110000273,536,485,51
110000274,213,2194,-1981
110000275,612,383,229
110000276,143,476,-333
110000277,294,113,181
110000278,224,273,-49
110000279,793,164,629
110000280,816,98,718
110000281,76,22,54
110000282,127,4,123
110000283,6,45,-39
110000284,0,7,-7
110000285,2,72,-70
110000286,9,0,9
110000287,128,0,128
110000288,2,53,-51
110000289,226,1943,-1717
110000290,234,712,-478
110000291,1202,427,775
110000292,376,6079,-5703
110000293,550,232,318
110000294,1499,1538,-39
110000295,98,283,-185
110000296,875,169,706
110000297,2111,89,2022
110000298,17,188,-171
110000299,133,29,104
110000301,462,18,444
110000302,347,236,111
110000303,578,13,565
110000304,121,87,34
110000305,1792,24,1768
110000306,433,235,198
110000307,2332,3,2329
110000308,675,2,673
110000309,0,228,-228
110000310,925,20,905
110000311,2,210,-208
110000312,587,52,535
110000313,1714,479,1235
110000314,0,60,-60
110000315,585,969,-384
110000316,166,540,-374
110000317,125,362,-237
110000318,0,9,-9
110000319,6,11,-5
110000320,4,19,-15
110000321,28,33,-5
110000322,82,138,-56
110000323,738,68,670
110000324,705,661,44
110000325,1196,3315,-2119
110000327,248,112,136
110000328,67,172,-105
110000333,843,701,142
110000334,186,471,-285
110000335,612,189,423
110000336,218,355,-137
110000337,1506,274,1232
110000338,353,130,223
110000339,655,75,580
110000340,80,59,21
110000341,406,111,295
110000342,35,0,35
110000343,0,0,0
110000344,56,155,-99
110000345,115,233,-118
110000346,883,1004,-121
110000347,892,243,649
110000348,68,14,54
110000349,7,1,6
110000350,37,0,37
110000351,1681,234,1447
110000352,497,1246,-749
110000353,2070,205,1865
110000354,623,2508,-1885
110000355,245,41,204
110000356,332,15,317
110000357,766,14,752
110000361,41,34,7
110000362,150,58,92
110000363,649,20,629
110000364,266,506,-240
110000365,59,1,58
110000366,0,113,-113
110000367,314,142,172
110000368,35,93,-58
110000369,112,2,110
110000373,0,131,-131
110000374,26,25,1
110000375,42,365,-323
110000376,10,67,-57
110000377,77,208,-131
110000378,8,384,-376
110000379,1206,2429,-1223
110000380,135,10,125
110000383,0,218,-218
110000384,546,15,531
110000385,0,83,-83
110000387,144,1,143
110000388,26,62,-36
110000389,440,49,391
110000391,907,171,736
110000396,194,27,167
110000397,78,15,63
110000398,9,12,-3
110000399,137,2,135
110000587,247,147,100
110000589,188,27,161
110000640,90,41,49
110000652,0,246,-246
110000653,248,105,143
110000654,2,162,-160
110000656,0,116,-116
110000674,80,28,52
110000675,21,13,8
110000676,0,21,-21
110000679,32,450,-418
110000682,103,164,-61
110000683,254,71,183
110000684,0,19,-19
110000685,2,20,-18
110000686,1,44,-43
110000687,10,1,9
110000688,12,1314,-1302
110000689,35,26,9
110000692,8,56,-48
110000693,1,195,-194
110000694,0,57,-57
110000695,27,194,-167
110000696,17,26,-9
110900001,312,3,309
110900002,239,79,160
110900003,1571,70,1501
110900004,521,51,470
110900005,937,3768,-2831
110900006,67,30,37
110900007,243,110,133
110900008,0,10,-10
110900009,210,519,-309
110900010,21,16,5
110900011,0,3,-3
110900012,9,54,-45
110900013,1010,45,965
110900014,358,13,345
110900015,93,430,-337
110900016,43,104,-61
110900017,491,22,469
110900018,503,3,500
110900019,389,12,377
110900020,306,61,245
110900021,98,139,-41
110900022,76,111,-35
110900023,12,132,-120
110900024,38,81,-43
110900025,2,3,-1
110900027,21,31,-10
110900028,0,38,-38
110900029,2,52,-50
110900030,7,11,-4
110900031,0,47,-47
110900032,0,8,-8
110900033,18,57,-39
110900035,2,336,-334
110900036,53,5,48
110900037,91,7,84
110900038,121,40,81
110900039,0,165,-165
110900040,272,11,261
110900041,4,7,-3
110900042,36,28,8
110900043,5,10,-5
110900044,43,11,32
110900045,102,85,17
110900046,5,17,-12
110900047,54,383,-329
110900049,136,54,82
110900050,33,1,32
110900051,5,39,-34
110900052,0,89,-89
110900053,129,6,123
110900054,38,118,-80
110900055,6,1,5
110900056,15,56,-41
110900057,0,116,-116
110900058,341,21,320
110900059,222,145,77
110900060,283,19,264
110900061,1,15,-14
110900062,139,63,76
110900063,16,32,-16
110900064,4,0,4
110900065,58,49,9
110900066,6,18,-12
110900067,90,490,-400
110900068,90,66,24
110900069,1,9,-8
110900070,94,27,67
110900071,72,1255,-1183
110900073,1,5,-4
110900074,618,21,597
110900075,583,32,551
110900077,1597,66,1531
110900078,94,11,83
110900079,395,353,42
110900080,107,35,72
110900081,3,3,0
110900082,241,45,196
110900083,144,48,96
110900084,73,16,57
110900085,34,86,-52
110900086,32,209,-177
110900087,308,38,270
110900088,5,0,5
110900090,21,79,-58
110900091,0,6,-6
110900093,102,54,48
110900095,54,9,45
110900097,35,1,34
110900098,1,8,-7
110900099,9,88,-79
110900100,0,2,-2
110900102,58,4,54
110900105,325,52,273
110900108,24,77,-53
110900111,211,30,181
110900112,483,2,481
110900113,133,65,68
110900115,0,12,-12
110900116,1356,293,1063
110900118,29,3624,-3595
110900119,1002,69,933
110900120,121,25,96
110900121,83,0,83
110900122,433,84,349
110900125,308,463,-155
110900127,66,495,-429
110900128,30,77,-47
110900129,39,575,-536
110900130,92,203,-111
110900131,269,29,240
110900132,475,19,456
110900133,61,37,24
110900135,48,98,-50
110900136,431,23,408
110900137,11,1,10
110900138,99,227,-128
110900139,0,46,-46
110900140,0,1,-1
110900141,0,99,-99
110900142,19,14,5
110900143,394,36,358
110900144,0,159,-159
110900145,150,137,13
110900146,198,251,-53
110900147,19,120,-101
110900148,0,40,-40
110900149,0,12,-12
110900150,37,4,33
110900151,7,18,-11
110900152,18,214,-196
110900153,137,8,129
111000001,321,365,-44
111000002,201,526,-325
111000003,1703,924,779
111000004,398,673,-275
111000005,983,998,-15
111000006,876,1553,-677
111000007,2989,2614,375
111000008,1983,2841,-858
111000009,288,603,-315
111000010,1343,502,841
111000011,86,795,-709
111000012,162,410,-248
111000013,281,635,-354
111000014,1465,297,1168
111000017,5,485,-480
111000018,42,275,-233
111000020,157,663,-506
111000021,8,97,-89
111000023,58,62,-4
111000025,1225,2195,-970
111000029,60,29,31
111000030,28,39,-11
111000031,1167,633,534
111000032,378,274,104
111000033,200,41,159
111000034,176,138,38
111000037,474,568,-94
111000038,1224,670,554
111000039,908,573,335
111000040,1049,746,303
111000041,177,193,-16
111000042,1346,1382,-36
111000043,1616,3411,-1795
111000044,1537,319,1218
111000045,2703,1068,1635
111000046,1870,821,1049
111000047,2625,5393,-2768
111000049,62,137,-75
111000050,372,306,66
111000051,397,276,121
111000052,212,382,-170
111000053,90,197,-107
111000054,115,166,-51
111000055,442,585,-143
111000056,120,344,-224
111000057,78,164,-86
111000058,757,115,642
111000059,613,241,372
111000060,4129,434,3695
111000061,830,109,721
111000062,1195,225,970
111000063,1148,752,396
111000064,1253,228,1025
111000065,1170,336,834
111000066,768,202,566
111000067,1122,142,980
111000068,628,165,463
111000069,905,848,57
111000070,227,219,8
111000071,250,116,134
111000072,1238,435,803
111000073,193,1105,-912
111000074,1253,703,550
111000075,575,187,388
111000076,585,219,366
111000077,915,481,434
111000078,1335,320,1015
111000079,696,297,399
111000080,500,292,208
111000081,1133,4219,-3086
111000082,835,178,657
111000084,721,360,361
111000085,638,546,92
111000086,953,382,571
111000087,653,257,396
111000088,2697,2690,7
111000089,606,484,122
111000090,424,458,-34
111000091,556,170,386
111000092,1658,402,1256
111000093,960,613,347
111000094,1164,556,608
111000095,652,2017,-1365
111000096,515,6094,-5579
111000097,1344,482,862
111000098,148,269,-121
111000099,227,543,-316
111000100,306,413,-107
111000101,178,247,-69
111000102,88,120,-32
111000104,1399,84,1315
111000107,41,265,-224
111000109,1093,72,1021
111000110,1226,387,839
111000111,3484,131,3353
111000112,2557,185,2372
111000113,677,2125,-1448
111000114,654,3495,-2841
111000115,1933,525,1408
111000116,626,251,375
111000117,250,285,-35
111000118,613,417,196
111000119,1353,332,1021
111000120,647,299,348
111000121,274,288,-14
111000122,189,245,-56
111000123,755,764,-9
111000124,278,867,-589
111000125,171,398,-227
111000126,65,194,-129
111000127,846,53,793
111000128,2960,107,2853
111000129,3357,171,3186
111000130,3109,224,2885
111000131,2806,210,2596
111000132,2337,1452,885
111000133,69,13,56
111000134,67,13,54
111000135,73,119,-46
111000136,364,95,269
111000138,10,5,5
111000140,0,0,0
111000141,135,179,-44
111000142,4,56,-52
111000143,3,88,-85
111000144,1,119,-118
111000145,22,1,21
111000146,83,0,83
111000147,15,8,7
111000148,87,48,39
111000149,1,15,-14
111000150,62,8,54
111000151,1,7,-6
111000153,202,84,118
111000154,238,50,188
111000155,150,74,76
111000156,450,154,296
111000157,90,309,-219
111000158,769,347,422
111000159,1445,429,1016
111000160,406,111,295
111000161,17,264,-247
111000162,1,35,-34
111000163,695,428,267
111000164,239,1502,-1263
111000165,486,101,385
111000166,117,87,30
111000167,77,121,-44
111000168,141,143,-2
111000169,184,63,121
111000170,128,90,38
111000171,198,165,33
111000172,69,141,-72
111000173,234,335,-101
111000174,269,67,202
111000175,82,92,-10
111000176,584,55,529
111000177,1156,99,1057
111000178,2087,83,2004
111000179,467,30,437
111000180,413,232,181
111000181,1950,101,1849
111000182,219,94,125
111000183,68,322,-254
111000184,251,78,173
111000185,202,156,46
111000186,88,248,-160
111000187,130,43,87
111000188,274,84,190
111000189,121,125,-4
111000190,169,60,109
111000191,167,73,94
111000192,85,161,-76
111000193,139,62,77
111000194,29,88,-59
111000195,44,99,-55
111000196,86,43,43
111000197,728,33,695
111000198,415,30,385
111000199,341,129,212
111000200,758,226,532
111000201,834,48,786
111000202,388,32,356
111000203,459,101,358
111000204,297,883,-586
111000213,123,164,-41
111000214,806,994,-188
111000215,530,422,108
111000217,1587,503,1084
111000218,1361,472,889
111000219,149,80,69
111000220,599,377,222
111000221,102,86,16
111000224,0,55,-55
111000225,272,48,224
111000226,40,0,40
111000227,29,1,28
111000228,7,917,-910
111000229,3,1901,-1898
111000230,110,87,23
111000231,609,81,528
111000232,773,255,518
111000233,1458,235,1223
111000234,236,317,-81
111000239,32,21,11
111000240,93,326,-233
111000241,42,35,7
111000242,276,33,243
111000243,172,113,59
111000244,1012,60,952
111000245,668,98,570
111000246,814,138,676
111000247,528,125,403
111000248,749,79,670
111000249,505,133,372
111000250,64,24,40
111000251,217,50,167
111000253,31,5,26
111000255,40,0,40
111000257,61,4,57
111000260,30,404,-374
111000261,1827,7,1820
111000271,18,145,-127
111000273,1909,866,1043
111000274,1188,1620,-432
111000275,44,2,42
111000276,161,336,-175
111000277,162,128,34
111000278,323,93,230
111000291,824,10057,-9233
111000298,389,99,290
111000299,484,63,421
111000300,57,95,-38
111000302,447,30,417
111000303,168,45,123
111000312,43,32,11
111000315,0,110,-110
111000320,112,130,-18
111000321,423,113,310
111000322,424,114,310
111000323,369,27,342
111000324,205,50,155
111000325,11,30,-19
111000326,151,142,9
111000327,264,157,107
111000328,360,245,115
111000329,0,8,-8
111000330,21,20,1
111000331,15,13,2
111000332,246,295,-49
111000334,102,387,-285
111000335,1061,99,962
111000337,1931,110,1821
111000338,35,24,11
111000339,762,61,701
111000340,72,208,-136
111000341,1688,686,1002
111000342,14,370,-356
111000344,979,327,652
111000345,82,97,-15
111000346,7,78,-71
111000347,176,3,173
111000350,47,68,-21
111000351,113,223,-110
111000352,168,28,140
111000353,104,118,-14
111000354,424,14,410
111000355,244,156,88
111000358,95,230,-135
111000360,100,183,-83
111000361,183,111,72
111000546,682,78,604
111000547,678,81,597
111000548,108,37,71
111000549,266,40,226
111000550,13,493,-480
111000551,120,28,92
111000552,181,72,109
111000907,261,13,248
111000908,57,0,57
111000916,2851,61,2790
111000917,34,227,-193
111000918,93,104,-11
111000920,512,13,499
111000921,0,27,-27
111000922,742,59,683
111000924,7,302,-295
111000925,3625,1419,2206
111000926,1061,609,452
111000927,2330,3236,-906
111000928,2631,755,1876
111000929,2022,655,1367
111000930,748,1129,-381
111000931,2157,854,1303
111000932,1848,858,990
111000933,2285,2107,178
111000934,619,742,-123
111000935,2370,616,1754
111000936,648,572,76
111000937,1157,830,327
111000938,806,666,140
111000939,680,9,671
111000940,1253,34,1219
111000941,428,71,357
111000943,1156,113,1043
111000944,128,73,55
111000945,128,482,-354
111001109,464,715,-251
111001110,39,113,-74
111001111,88,2,86
111001112,218,23,195
111001113,0,76,-76
111001114,266,31,235
111001115,4,293,-289
111001116,915,5292,-4377
111001117,85,1637,-1552
111001120,85,49,36
111001121,103,75,28
111001122,57,36,21
111001123,312,28,284
111900001,46,9,37
111900002,103,37,66
111900003,1,35,-34
111900004,0,19,-19
111900006,21,24,-3
111900007,275,7,268
111900008,342,0,342
111900009,324,4,320
111900010,24,123,-99
111900012,50,37,13
111900013,13,12,1
111900014,1105,5544,-4439
111900015,0,23,-23
111900016,0,24,-24
111900017,1,39,-38
111900018,234,8,226
111900019,2,141,-139
111900020,0,18,-18
111900021,2,7,-5
111900022,13,1,12
111900023,88,5,83
111900024,1,10,-9
111900025,0,23,-23
111900026,0,31,-31
111900027,1,28,-27
111900028,0,45,-45
111900029,0,16,-16
111900030,7,141,-134
111900031,50,31,19
111900032,1,89,-88
111900033,5,15,-10
111900034,17,339,-322
111900035,78,483,-405
111900036,0,69,-69
111900038,77,262,-185
111900039,16,85,-69
111900040,0,79,-79
111900042,9,36,-27
111900043,0,46,-46
111900044,20,110,-90
111900046,9,33,-24
111900048,443,146,297
111900049,1,64,-63
111900050,240,6,234
111900051,0,36,-36
111900052,109,116,-7
111900053,412,2207,-1795
111900054,300,2,298
111900055,5,107,-102
111900056,22,343,-321
111900057,237,3,234
111900058,769,225,544
111900059,593,619,-26
111900060,436,0,436
111900061,2,39,-37
111900062,54,60,-6
111900063,160,41,119
111900064,25,96,-71
111900065,174,35,139
111900066,207,70,137
111900067,51,74,-23
111900068,20,47,-27
111900069,79,23,56
111900070,288,25,263
111900071,0,39,-39
111900072,19,32,-13
111900073,1203,98,1105
111900074,1,31,-30
111900075,31,1,30
111900076,249,39,210
111900077,95,0,95
111900078,523,45,478
111900079,33,37,-4
111900080,34,30,4
111900081,82,92,-10
111900082,180,46,134
111900083,217,42,175
111900084,65,2,63
111900085,26,19,7
111900086,191,14,177
111900087,153,5,148
111900088,643,8,635
111900089,121,10,111
111900090,26,51,-25
111900091,830,17,813
111900092,211,0,211
111900093,655,3,652
111900094,130,7,123
111900095,419,12,407
111900096,413,4,409
111900097,201,0,201
111900098,540,9,531
111900099,86,0,86
111900100,155,4,151
111900101,162,3,159
111900102,903,183,720
111900103,38,18,20
111900104,35,4,31
111900105,96,257,-161
111900106,131,25,106
111900107,4,24,-20
111900108,190,264,-74
111900109,128,437,-309
111900110,1004,156,848
111900111,400,8,392
111900112,151,4285,-4134
111900113,123,32,91
111900114,98,11,87
111900115,3,7,-4
111900118,184,22,162
111900119,85,48,37
111900122,22,62,-40
111900123,5,8,-3
111900124,9,11,-2
111900125,554,93,461
111900126,439,2,437
111900127,0,70,-70
111900128,1,41,-40
111900129,416,41,375
111900130,120,45,75
111900131,402,1,401
111900132,5,142,-137
111900133,2,90,-88
111900134,0,54,-54
111900135,6,27,-21
111900136,7,48,-41
111900137,41,3,38
111900138,31,10,21
111900139,14,25,-11
111900140,79,6,73
111900141,104,4,100
111900142,67,9,58
111900143,88,46,42
111900144,0,5,-5
111900145,0,77,-77
111900146,0,50,-50
111900147,3,86,-83
111900148,3,116,-113
111900149,15,63,-48
111900150,13,21,-8
111900151,1,9,-8
111900152,21,24,-3
111900153,255,562,-307
111900154,22,657,-635
111900155,40,100,-60
111900156,84,60,24
111900157,349,21,328
111900158,653,37,616
111900159,431,35,396
111900160,439,3,436
111900161,428,7,421
111900162,39,235,-196
111900163,5,119,-114
111900164,56,21,35
111901113,686,19,667
111901114,522,406,116
111901115,253,1,252
111901116,74,1,73
111901117,15,66,-51
111901118,15,378,-363
111901119,171,26,145
111901120,12,61,-49
111901121,4,43,-39
111901122,2,51,-49
111901123,278,35,243
111901124,534,12,522
111901125,971,93,878
111901126,168,115,53
111901127,457,1359,-902
111901128,4,12,-8
111901129,3,16,-13
111901130,2,32,-30
111901131,0,280,-280
111901132,77,26,51
111901133,94,0,94
111901134,275,1,274
111901135,62,2,60
111901136,81,30,51
111901137,0,6,-6
111901138,17,14,3
111901139,0,22,-22
111901140,14,25,-11
111901141,1,35,-34
111901142,4,52,-48
111901143,2,26,-24
111901144,27,2,25
112000001,2768,812,1956
112000002,806,1850,-1044
112000003,3282,494,2788
112000004,799,208,591
112000005,3305,2931,374
112000006,427,256,171
112000007,4565,2937,1628
112000008,2574,3412,-838
112000009,2047,840,1207
112000010,2330,3158,-828
112000011,958,646,312
112000012,3068,3134,-66
112000013,1159,1063,96
112000014,601,2338,-1737
112000015,836,1685,-849
112000016,1294,2494,-1200
112000017,290,2285,-1995
112000024,910,185,725
112000026,1797,1210,587
112000027,473,327,146
112000028,534,542,-8
112000029,481,535,-54
112000030,147,18,129
112000031,516,2212,-1696
112000032,89,17,72
112000033,953,2170,-1217
112000034,94,37,57
112000035,58,424,-366
112000036,163,839,-676
112000037,317,622,-305
112000038,706,918,-212
112000039,86,49,37
112000040,21,114,-93
112000041,176,226,-50
112000042,192,57,135
112000050,985,441,544
112000051,902,1300,-398
112000054,623,482,141
112000057,207,80,127
112000058,171,165,6
112000059,371,257,114
112000061,1243,335,908
112000062,402,628,-226
112000063,194,1287,-1093
112000064,1539,1383,156
112000065,607,679,-72
112000066,1776,822,954
112000067,266,198,68
112000068,1942,1376,566
112000069,217,877,-660
112000070,861,489,372
112000071,652,774,-122
112000072,2237,603,1634
112000073,533,873,-340
112000074,614,414,200
112000075,1146,767,379
112000076,1711,975,736
112000077,787,291,496
112000078,1631,602,1029
112000079,1871,861,1010
112000080,601,491,110
112000081,520,882,-362
112000082,1217,295,922
112000083,484,589,-105
112000084,1452,234,1218
112000085,1307,589,718
112000086,2067,525,1542
112000087,1014,101,913
112000088,726,276,450
112000089,226,144,82
112000090,124,170,-46
112000091,378,199,179
112000092,2664,366,2298
112000093,864,279,585
112000094,557,350,207
112000095,779,199,580
112000096,681,215,466
112000097,2030,311,1719
112000098,177,317,-140
112000099,660,1516,-856
112000100,2372,378,1994
112000101,481,127,354
112000102,1886,342,1544
112000103,354,216,138
112000105,289,1464,-1175
112000106,2128,250,1878
112000107,79,83,-4
112000108,355,1026,-671
112000109,86,68,18
112000110,1850,351,1499
112000111,270,947,-677
112000112,1949,187,1762
112000113,537,607,-70
112000114,1806,377,1429
112000115,261,99,162
112000116,504,214,290
112000117,608,245,363
112000118,274,309,-35
112000119,251,271,-20
112000120,74,124,-50
112000121,135,189,-54
112000122,392,97,295
112000123,870,38,832
112000124,502,22,480
112000125,152,92,60
112000126,592,260,332
112000127,1202,1609,-407
112000128,327,312,15
112000129,131,36,95
112000130,293,57,236
112000131,18,25,-7
112000132,192,70,122
112000133,392,28,364
112000134,498,194,304
112000135,977,375,602
112000136,648,685,-37
112000137,1380,723,657
112000138,753,303,450
112000139,247,327,-80
112000140,105,518,-413
112000141,964,153,811
112000142,63,230,-167
112000143,1120,90,1030
112000144,171,369,-198
112000145,2846,188,2658
112000146,519,981,-462
112000147,2006,888,1118
112000148,452,1657,-1205
112000149,431,152,279
112000150,264,109,155
112000151,232,113,119
112000152,690,74,616
112000153,107,45,62
112000154,111,187,-76
112000155,87,62,25
112000157,199,415,-216
112000158,270,107,163
112000159,1113,129,984
112000167,247,161,86
112000169,77,566,-489
112000173,1612,124,1488
112000175,425,160,265
112000176,724,634,90
112000177,1053,207,846
112000178,34,105,-71
112000179,425,72,353
112000180,328,54,274
112000181,644,287,357
112000182,2113,236,1877
112000183,67,8,59
112000184,470,102,368
112000185,940,73,867
112000187,2875,2034,841
112000195,91,5,86
112000196,62,0,62
112000197,21,106,-85
112000198,8,118,-110
112000199,53,223,-170
112000202,667,35,632
112000216,34,56,-22
112000230,174,1,173
112000231,0,121,-121
112000256,44,218,-174
112000313,25,11,14
112000314,52,87,-35
112000337,52,349,-297
112000352,41,77,-36
112000392,870,382,488
112000398,1537,315,1222
112000399,587,3745,-3158
112000400,716,384,332
112000401,935,529,406
112000402,3478,3488,-10
112000403,930,3888,-2958
112000404,1109,675,434
112000405,2662,2095,567
112000406,1161,611,550
112000407,8185,6418,1767
112000408,3503,1086,2417
112000409,798,818,-20
112000410,78,233,-155
112000411,1519,1211,308
112000412,240,173,67
112000413,1838,6173,-4335
112000414,77,69,8
112000415,74,2,72
112000416,3048,471,2577
112000417,280,43,237
112000421,58,42,16
112000422,280,80,200
112000424,368,1762,-1394
112000425,315,1113,-798
112000426,223,252,-29
112000427,0,11,-11
112000428,382,84,298
112000429,1140,1050,90
112000430,1447,1489,-42
112000431,140,136,4
112000432,222,943,-721
112000433,220,241,-21
112000437,9,85,-76
112900001,98,0,98
112900002,886,119,767
112900003,86,18,68
112900004,72,145,-73
112900005,347,13,334
112900006,24,17,7
112900007,78,39,39
112900008,0,30,-30
112900009,355,138,217
112900010,257,102,155
112900011,30,45,-15
112900012,0,7,-7
112900013,2,173,-171
112900014,0,57,-57
112900015,128,200,-72
112900016,3,44,-41
112900017,43,62,-19
112900018,0,67,-67
112900019,8,54,-46
112900020,156,292,-136
112900021,1,44,-43
112900022,23,17,6
112900023,1,21,-20
112900024,1,22,-21
112900025,50,111,-61
112900026,1,11,-10
112900027,1,112,-111
112900028,5,27,-22
112900029,23,54,-31
112900030,55,29,26
112900031,0,93,-93
112900032,62,46,16
112900034,0,14,-14
112900035,0,40,-40
112900036,8,51,-43
112900037,21,155,-134
112900038,670,13,657
112900039,1,70,-69
112900040,0,173,-173
112900041,106,572,-466
112900042,181,141,40
112900043,16,18,-2
112900044,87,80,7
112900045,28,74,-46
112900046,68,19,49
112900047,2,35,-33
112900049,226,15,211
112900050,31,218,-187
112900051,49,127,-78
112900052,3,691,-688
112900053,21,106,-85
112900054,55,81,-26
112900055,71,3,68
112900056,188,153,35
112900057,6,125,-119
112900058,268,242,26
112900059,71,69,2
112900060,4,21,-17
112900061,34,24,10
112900062,40,37,3
112900063,5,6,-1
112900064,32,13,19
112900065,7,4,3
112900066,227,375,-148
112900067,147,21,126
112900068,46,101,-55
112900069,527,548,-21
112900071,27,3,24
112900072,17,3046,-3029
112900073,356,215,141
112900074,59,310,-251
112900075,275,843,-568
112900076,10,30,-20
112900078,192,668,-476
112900079,369,6,363
112900080,152,4,148
112900081,38,310,-272
112900082,662,16,646
112900083,202,136,66
112900084,187,248,-61
112900085,1,0,1
112900086,110,0,110
112900087,1479,85,1394
112900088,209,0,209
112900089,1298,16,1282
112900090,60,75,-15
112900091,377,5,372
112900092,28,493,-465
112900093,1068,21,1047
112900094,139,1,138
112900095,184,0,184
112900096,594,140,454
112900097,107,57,50
112900098,44,0,44
112900099,1556,32,1524
112900100,131,8,123
112900101,371,3,368
112900102,49,30,19
112900103,248,2,246
112900104,83,0,83
112900105,12,0,12
112900106,223,65,158
112900107,16,0,16
112900108,0,0,0
112900109,218,1,217
112900110,1512,8,1504
112900111,810,6,804
112900112,335,0,335
112900113,0,0,0
112900114,334,5,329
112900115,2354,6,2348
112900116,232,74,158
112900117,125,11,114
112900118,0,3,-3
112900119,78,2,76
112900120,280,131,149
112900121,29,10,19
112900122,4,8,-4
112900123,133,14,119
112900124,3,11,-8
112900125,10,68,-58
112900126,21,76,-55
112900127,243,24,219
112900128,99,172,-73
112900129,1,210,-209
112900130,111,38,73
112900131,1,346,-345
112900132,69,229,-160
112900133,15,1354,-1339
112900134,0,128,-128
112900135,38,10,28
112900136,0,70,-70
112900137,3,560,-557
112900138,0,39,-39
112900139,24,358,-334
112900140,1,396,-395
112900141,558,14,544
112900142,10,113,-103
112900143,4,312,-308
112900144,4,688,-684
112900145,3,117,-114
112900146,1,37,-36
112900147,0,225,-225
112900148,6,0,6
112900149,87,84,3
112900151,2,14,-12
112900152,5189,192,4997
112900153,143,1489,-1346
112900154,0,15,-15
112900155,75,2,73
112900156,434,193,241
112900157,409,22,387
112900158,59,0,59
112900159,106,138,-32
112900160,30,47,-17
112900161,66,20,46
112900162,8,19,-11
112900163,4,49,-45
112900164,9,96,-87
112900165,14,20,-6
112900166,1,47,-46
112900167,0,67,-67
112900168,7,1,6
112900169,13,10,3
112900170,165,2,163
112900172,51,13,38
112900173,59,12,47
112900174,263,36,227
112900175,45,102,-57
112900176,0,25,-25
112900177,191,36,155
112900178,349,2605,-2256
112900179,1,414,-413
112900180,1654,2266,-612
112900181,834,11,823
112900182,31,213,-182
112900183,17,69,-52
112900184,121,178,-57
112900185,52,146,-94
112900186,462,329,133
112900187,19,312,-293
112900188,332,798,-466
112900189,7,0,7
112900190,3,1,2
112900192,308,193,115
112900193,431,77,354
112900194,110,8,102
112900195,307,45,262
112900196,261,136,125
112900197,27,157,-130
112900199,607,52,555
112900200,457,22,435
112900201,258,41,217
112900202,376,167,209
112900203,252,40,212
112900204,151,70,81
112900205,4,0,4
112900206,13,2,11
112900207,33,0,33
112900208,36,120,-84
112900209,39,126,-87
112900210,0,2,-2
112900211,37,10,27
112900212,1,5,-4
112900213,49,1,48
112900214,0,9,-9
112900215,13,10,3
112900216,11,10,1
112900217,0,10,-10
112900218,43,1,42
112900219,97,0,97
112900220,1,0,1
112900221,11,16,-5
112900222,0,84,-84
112900223,596,14,582
112900224,716,132,584
112900225,526,93,433
112900226,55,112,-57
112900227,1006,240,766
112900228,146,24,122
112900229,409,8,401
112900230,3392,1332,2060
112900232,286,368,-82
112900233,42,23,19
112900234,80,1,79
112900235,3,1,2
112900236,640,3,637
112900237,388,75,313
112900238,26,0,26
113000001,3161,2265,896
113000002,2916,1868,1048
113000003,744,829,-85
113000004,777,982,-205
113000005,852,358,494
113000006,530,662,-132
113000007,1379,410,969
113000008,996,489,507
113000009,765,297,468
113000010,839,362,477
113000011,311,454,-143
113000012,708,371,337
113000013,377,359,18
113000014,274,453,-179
113000015,93,65,28
113000016,51,435,-384
113000017,206,136,70
113000018,456,42,414
113000019,143,155,-12
113000020,187,25,162
113000021,1203,308,895
113000022,804,1109,-305
113000025,22,65,-43
113000026,507,424,83
113000027,485,508,-23
113000028,380,362,18
113000029,436,342,94
113000030,63,266,-203
113000031,31,162,-131
113000032,115,122,-7
113000033,174,122,52
113000034,87,34,53
113000035,15,3,12
113000036,14,29,-15
113000037,20,8,12
113000038,12,31,-19
113000039,20,132,-112
113000040,30,10,20
113000042,333,191,142
113000051,708,1231,-523
113000052,1108,219,889
113000053,477,163,314
113000054,275,305,-30
113000055,1184,173,1011
113000056,1621,335,1286
113000058,170,348,-178
113000059,680,144,536
113000060,219,273,-54
113000061,292,342,-50
113000062,225,194,31
113000063,264,33,231
113000064,104,107,-3
113000065,94,205,-111
113000066,895,56,839
113000067,2499,235,2264
113000068,355,262,93
113000069,381,187,194
113000070,2947,183,2764
113000071,370,186,184
113000072,883,116,767
113000073,268,448,-180
113000074,632,237,395
113000075,1279,338,941
113000076,120,824,-704
113000077,387,439,-52
113000078,297,647,-350
113000079,191,261,-70
113000080,253,468,-215
113000081,685,620,65
113000082,449,243,206
113000083,600,476,124
113000084,552,310,242
113000085,905,262,643
113000086,347,342,5
113000087,627,623,4
113000088,533,487,46
113000089,634,769,-135
113000090,49,261,-212
113000091,82,91,-9
113000094,827,108,719
113000095,173,164,9
113000096,76,378,-302
113000097,437,132,305
113000098,29,24,5
113000099,675,155,520
113000100,115,136,-21
113000101,54,122,-68
113000102,419,123,296
113000103,1819,207,1612
113000104,653,1598,-945
113000105,705,159,546
113000106,387,93,294
113000107,810,499,311
113000108,557,263,294
113000109,206,823,-617
113000110,1968,358,1610
113000111,121,333,-212
113000112,276,188,88
113000113,1057,210,847
113000114,87,423,-336
113000116,193,139,54
113000117,324,99,225
113000118,35,305,-270
113000119,182,262,-80
113000120,39,248,-209
113000121,347,374,-27
113000124,140,79,61
113000125,17,1012,-995
113000127,774,97,677
113000128,540,176,364
113000129,131,409,-278
113000133,943,86,857
113000134,7,763,-756
113000135,2538,2443,95
113000137,511,1818,-1307
113000139,110,95,15
113000140,28,40,-12
113000141,114,37,77
113000142,114,106,8
113000143,244,66,178
113000144,66,114,-48
113000145,133,50,83
113000146,26,8,18
113000147,126,10,116
113000148,376,35,341
113000149,139,116,23
113000150,180,110,70
113000151,7,17,-10
113000152,38,169,-131
113000153,392,123,269
113000154,170,820,-650
113000155,298,354,-56
113000156,68,79,-11
113000157,144,157,-13
113000158,200,12,188
113000159,568,77,491
113000160,210,198,12
113000161,262,103,159
113000162,503,45,458
113000163,75,7,68
113000164,3,24,-21
113000166,143,19,124
113000167,45,19,26
113000168,147,15,132
113000169,133,12,121
113000170,72,15,57
113000171,11,35,-24
113000172,316,18,298
113000173,23,10,13
113000174,47,60,-13
113000175,330,16,314
113000176,511,27,484
113000177,108,66,42
113000178,47,23,24
113000179,228,52,176
113000180,841,1094,-253
113000181,1180,675,505
113000182,90,160,-70
113000183,130,337,-207
113000184,7,13,-6
113000189,98,220,-122
113000190,183,56,127
113000192,351,1670,-1319
113000193,1082,1109,-27
113000194,474,1273,-799
113000195,1069,995,74
113000196,406,149,257
113000197,1046,1501,-455
113000198,47,130,-83
113000199,816,188,628
113000201,176,188,-12
113000202,2852,855,1997
113000203,28,286,-258
113000204,147,1621,-1474
113000205,0,1,-1
113000206,6,11,-5
113000207,31,2,29
113000208,44,14,30
113000209,0,3,-3
113000210,8,6,2
113000211,51,33,18
113000212,24,6,18
113000213,11,36,-25
113000214,62,81,-19
113000234,118,215,-97
113000410,21,128,-107
113000411,760,1398,-638
113000412,2571,773,1798
113000413,1074,943,131
113000414,1790,6541,-4751
113000415,999,608,391
113000416,1418,976,442
113000417,359,530,-171
113000418,2303,2219,84
113000419,737,1052,-315
113000420,2061,2884,-823
113000421,2556,4103,-1547
113000422,6047,4457,1590
113000423,759,1778,-1019
113000424,1163,5271,-4108
113000425,31,70,-39
113000428,43,15,28
113000430,1,100,-99
113000432,2537,142,2395
113000433,74,381,-307
113000434,23,43,-20
113000435,17,97,-80
113000436,4,358,-354
113000437,1273,23,1250
113000438,181,12,169
113000439,7,11,-4
113000440,112,14,98
113000441,168,74,94
113000442,117,21,96
113000443,458,33,425
113000444,283,10,273
113000445,145,7,138
113000446,17,28,-11
113000448,157,204,-47
113000449,66,507,-441
113000450,201,1301,-1100
113000451,1068,195,873
113000452,51,298,-247
113000453,5,182,-177
113000454,85,31,54
113000455,4,460,-456
113000456,498,830,-332
113000468,614,150,464
113000469,24,207,-183
113000470,141,15,126
113000471,5,208,-203
113000472,34,40,-6
113000474,1000,440,560
113000475,774,737,37
113000476,1499,1350,149
113000477,3952,1148,2804
113000478,1602,1715,-113
113000479,51,53,-2
113000480,121,118,3
113000481,0,0,0
113000483,0,0,0
113000485,0,0,0
113000486,0,0,0
113000487,0,0,0
113000488,0,0,0
113000489,0,0,0
113000490,0,0,0
113000491,0,0,0
113000492,0,0,0
113000493,0,0,0
113000495,47,36,11
113000496,39,61,-22
113000497,0,0,0
113000500,0,0,0
113900001,4,158,-154
113900002,0,24,-24
113900003,0,34,-34
113900004,0,66,-66
113900005,1,124,-123
113900006,0,7,-7
113900007,7,127,-120
113900008,7,0,7
113900009,6,0,6
113900010,23,0,23
113900011,73,0,73
113900012,42,0,42
113900013,30,0,30
113900014,406,1,405
113900015,0,5,-5
113900016,13,0,13
113900017,0,9,-9
113900018,41,56,-15
113900019,189,9,180
113900020,190,0,190
113900022,24,0,24
113900023,12,0,12
113900024,29,80,-51
113900025,107,16,91
113900026,39,0,39
113900027,2,6,-4
113900028,8,88,-80
113900029,68,46,22
113900030,404,1,403
113900031,10,2,8
113900032,24,0,24
113900033,10,5,5
113900035,35,0,35
113900036,19,11,8
113900037,135,305,-170
113900038,15,90,-75
113900039,285,24,261
113900040,2,12,-10
113900041,9,0,9
113900042,11,1,10
113900043,81,21,60
113900044,26,162,-136
113900045,57,0,57
113900046,60,206,-146
113900047,85,25,60
113900048,13,34,-21
113900049,64,368,-304
113900050,75,71,4
113900051,96,37,59
113900052,60,38,22
113900053,191,597,-406
113900054,3,0,3
113900055,34,166,-132
113900056,37,17,20
113900057,4,12,-8
113900058,41,8,33
113900059,136,29,107
113900060,26,237,-211
113900061,228,46,182
113900062,70,1,69
113900063,21,14,7
113900064,5,9,-4
113900065,442,23,419
113900066,307,14,293
113900067,185,42,143
113900068,187,494,-307
113900069,1,6,-5
113900070,95,112,-17
113900071,63,24,39
113900072,5,14,-9
113900073,240,155,85
113900074,124,109,15
113900075,220,1271,-1051
113900076,62,0,62
113900077,22,57,-35
113900078,22,28,-6
113900079,0,7,-7
113900080,213,93,120
113900081,2,26,-24
113900082,40,62,-22
113900083,355,87,268
113900084,55,12,43
113900085,11,58,-47
113900086,50,10,40
113900087,57,100,-43
113900088,88,107,-19
113900089,333,15,318
113900090,220,122,98
113900091,3,0,3
113900092,2,18,-16
113900093,5,540,-535
113900094,448,93,355
113900095,105,12,93
113900096,175,60,115
113900097,12,13,-1
113900098,520,109,411
113900099,0,3,-3
113900100,0,0,0
113900101,0,21,-21
113900102,9,35,-26
113900103,67,192,-125
113900104,48,27,21
113900105,209,28,181
113900106,0,1,-1
113900107,0,0,0
113900108,9,31,-22
113900109,44,35,9
113900110,11,13,-2
113900111,109,17,92
113900112,123,17,106
113900113,366,71,295
113900114,1,5,-4
113900115,0,5,-5
113900116,1,19,-18
113900117,72,0,72
113900118,34,473,-439
113900119,56,73,-17
113900120,39,15,24
113900121,65,12,53
113900122,145,2568,-2423
113900123,206,17,189
113900124,2,14,-12
113900125,245,43,202
113900126,14,31,-17
113900127,68,333,-265
113900128,105,7,98
113900129,1,70,-69
113900130,0,21,-21
113900131,127,19,108
113900132,2,12,-10
113900133,8,13,-5
113900135,102,87,15
113900136,37,4,33
113900137,177,71,106
113900138,3,81,-78
113900139,54,91,-37
113900140,38,135,-97
113900141,361,69,292
113900142,49,13,36
113900143,12,46,-34
113900144,48,35,13
113900145,124,4,120
113900146,128,16,112
113900148,45,53,-8
113900149,48,31,17
113900150,452,105,347
113900151,259,47,212
113900152,6,60,-54
113900153,69,79,-10
113900154,0,29,-29
113900155,3,40,-37
113900156,23,73,-50
113900157,16,175,-159
113900158,86,124,-38
113900159,1,45,-44
113900160,110,108,2
113900161,17,84,-67
113900162,69,73,-4
113900163,141,38,103
113900164,218,6,212
113900165,117,126,-9
113900166,9,13,-4
113900167,288,37,251
113900168,15,12,3
113900169,65,103,-38
113900171,131,36,95
113900172,1,18,-17
113900173,12,118,-106
113900174,67,142,-75
113900175,119,103,16
113900176,62,102,-40
113900177,16,67,-51
113900178,147,45,102
113900179,0,168,-168
113900180,42,27,15
113900181,625,73,552
113900182,161,111,50
113900183,9,22,-13
113900184,6,217,-211
113900185,11,13,-2
113900186,2,16,-14
113900187,9,13,-4
113900188,9,38,-29
113900189,164,54,110
113900190,86,6,80
113900191,12,45,-33
113900192,2,293,-291
113900193,0,79,-79
113900194,393,73,320
113900195,126,66,60
113900196,0,47,-47
113900197,3,82,-79
113900198,0,48,-48
113900199,16,93,-77
113900200,0,10,-10
113900201,0,44,-44
113900202,0,15,-15
113900203,0,19,-19
113900204,2,44,-42
113900205,0,4,-4
113900206,0,17,-17
113900207,0,21,-21
113900208,0,10,-10
113900209,0,18,-18
113900210,88,222,-134
113900211,126,3,123
113900212,298,118,180
113900214,89,43,46
113900215,178,24,154
113900216,61,68,-7
113900217,49,91,-42
113900218,64,52,12
113900219,41,83,-42
113900220,33,53,-20
113900221,71,169,-98
113900222,18,187,-169
113900223,150,86,64
113900224,11,8,3
113900225,311,49,262
113900226,99,28,71
113900227,125,69,56
113900228,173,216,-43
113900229,4,352,-348
113900230,868,1054,-186
113900231,30,9,21
113900232,30,3,27
113900233,67,27,40
113900234,220,199,21
113900235,55,13,42
113900236,475,27,448
113900237,117,13,104
113900238,136,251,-115
113900239,10,19,-9
113900240,1,46,-45
113900241,15,10,5
113900242,8,13,-5
113900243,14,55,-41
113900244,93,46,47
113900245,254,61,193
113900246,1,18,-17
113900247,15,301,-286
113900248,489,789,-300
113900249,103,387,-284
113900250,6,112,-106
113900251,690,21,669
113900252,511,7,504
113900253,342,19,323
113900254,296,56,240
113900255,656,20,636
113900256,345,26,319
113900257,12,118,-106
113900258,1,236,-235
113900259,511,93,418
113900260,191,45,146
113900261,32,8,24
113900262,220,104,116
113900263,2,51,-49
113900264,0,64,-64
113900265,47,140,-93
113900266,26,50,-24
113900267,15,123,-108
113900268,72,133,-61
113900269,28,64,-36
113900270,26,143,-117
113900271,154,170,-16
113900273,4,5,-1
113900274,58,24,34
113900275,2,10,-8
113900276,1,75,-74
113900277,212,0,212
113900278,42,44,-2
113900279,28,5,23
113900280,228,94,134
113900281,125,569,-444
113900282,115,146,-31
113900283,52,192,-140
113900284,725,66,659
113900285,41,4,37
113900286,64,35,29
113900287,53,14,39
113900288,1,20,-19
113900289,128,78,50
113900290,82,236,-154
113900291,29,46,-17
113900292,1,0,1
113900293,22,48,-26
113900294,574,7,567
113900295,101,59,42
113900296,545,177,368
113900297,1263,14,1249
113900298,5,178,-173
113900299,126,50,76
113900300,2078,2580,-502
113900301,112,265,-153
113900302,835,256,579
113900303,81,628,-547
113900304,0,30,-30
113900305,135,0,135
113900306,85,0,85
113900307,0,0,0
113900308,11,77,-66
113900309,0,198,-198
113900310,0,0,0
113900311,7,0,7
113900312,10,54,-44
113900313,2,0,2
114000001,537,589,-52
114000002,255,135,120
114000003,232,53,179
114000004,469,134,335
114000005,458,62,396
114000006,598,283,315
114000007,495,438,57
114000008,949,742,207
114000009,1316,128,1188
114000011,2288,873,1415
114000012,3488,831,2657
114000013,1846,560,1286
114000014,240,35,205
114000015,1701,99,1602
114000016,171,22,149
114000017,135,797,-662
114000018,58,6,52
114000026,2781,533,2248
114000027,4047,1234,2813
114000028,1447,2121,-674
114000038,271,55,216
114000039,22,5,17
114000040,147,338,-191
114000042,77,84,-7
114000043,16,28,-12
114000044,446,9,437
114000045,7,5,2
114000046,812,1505,-693
114000047,14,69,-55
114000048,70,21,49
114000049,1654,648,1006
114000050,1346,388,958
114000051,2174,982,1192
114000052,2075,1561,514
114000053,11,493,-482
114000054,140,317,-177
114000055,271,35,236
114000056,55,194,-139
114000057,1472,795,677
114000058,15,468,-453
114000059,28,442,-414
114000060,290,249,41
114000061,937,1157,-220
114000062,175,508,-333
114000063,522,399,123
114000064,996,1955,-959
114000065,567,822,-255
114000066,553,456,97
114000067,6,974,-968
114000068,216,541,-325
114000069,917,116,801
114000070,1217,969,248
114000071,823,85,738
114000072,912,131,781
114000073,19,38,-19
114000074,84,2,82
114000075,92,35,57
114000076,25,54,-29
114000077,1,3,-2
114000078,199,130,69
114000079,472,40,432
114000080,80,42,38
114000081,73,29,44
114000082,86,101,-15
114000083,35,6,29
114000084,177,132,45
114000085,86,226,-140
114000086,231,138,93
114000087,205,16,189
114000088,65,24,41
114000089,245,157,88
114000090,566,345,221
114000091,484,475,9
114000092,342,149,193
114000093,1252,189,1063
114000094,460,115,345
114000095,208,168,40
114000096,54,87,-33
114000097,39,133,-94
114000098,735,77,658
114000099,604,54,550
114000100,2154,175,1979
114000101,372,177,195
114000102,889,139,750
114000103,84,133,-49
114000104,2,97,-95
114000105,193,70,123
114000106,377,1509,-1132
114000107,410,66,344
114000108,1188,286,902
114000109,581,1080,-499
114000110,593,498,95
114000111,1826,548,1278
114000112,249,1674,-1425
114000113,1393,663,730
114000114,195,1204,-1009
114000115,1420,1091,329
114000116,871,1033,-162
114000117,4386,310,4076
114000118,3613,187,3426
114000119,2895,324,2571
114000120,849,520,329
114000121,278,307,-29
114000122,418,48,370
114000123,2474,91,2383
114000124,1256,187,1069
114000125,607,651,-44
114000126,1286,135,1151
114000127,192,44,148
114000128,763,140,623
114000130,425,382,43
114000131,571,20,551
114000132,466,69,397
114000133,402,255,147
114000134,38,2,36
114000138,1,9,-8
114000139,300,78,222
114000144,488,232,256
114000145,21,13,8
114000146,72,7,65
114000147,604,1697,-1093
114000148,946,1251,-305
114000149,180,183,-3
114000150,92,95,-3
114000151,160,1674,-1514
114000152,20,11,9
114000153,209,568,-359
114000154,309,170,139
114000155,452,2330,-1878
114000156,534,297,237
114000157,227,844,-617
114000158,183,279,-96
114000159,145,80,65
114000160,112,70,42
114000161,646,866,-220
114000162,859,1239,-380
114000163,4,0,4
114000165,147,138,9
114000166,199,150,49
114000167,1304,773,531
114000168,207,112,95
114000169,580,910,-330
114000170,649,709,-60
114000171,1384,4551,-3167
114000174,79,112,-33
114000176,134,114,20
114000177,302,183,119
114000178,46,34,12
114000179,623,357,266
114000180,143,119,24
114000181,945,3527,-2582
114000182,890,1085,-195
114000183,292,197,95
114000184,336,246,90
114000185,1133,508,625
114000189,1594,95,1499
114000190,3336,338,2998
114000191,88,369,-281
114000192,95,374,-279
114000193,129,491,-362
114000194,1933,728,1205
114000195,360,192,168
114000196,2,47,-45
114000197,2207,21,2186
114000198,274,151,123
114000199,560,975,-415
114000200,498,493,5
114000201,131,327,-196
114000202,666,609,57
114000203,666,1011,-345
114000204,66,116,-50
114000205,400,692,-292
114000206,419,546,-127
114000207,323,484,-161
114000208,486,468,18
114000209,301,425,-124
114000210,148,494,-346
114000211,1783,650,1133
114000212,1230,1016,214
114000213,2012,357,1655
114000214,90,46,44
114000215,89,23,66
114000216,1434,466,968
114000217,439,197,242
114000218,289,257,32
114000219,1331,92,1239
114000220,24,252,-228
114000221,1316,113,1203
114000222,156,234,-78
114000223,689,85,604
114000224,76,232,-156
114000225,299,174,125
114000226,395,114,281
114000227,1245,565,680
114000228,1100,233,867
114000229,1571,793,778
114000230,1670,470,1200
114000231,997,1110,-113
114000232,1061,127,934
114000233,2253,30,2223
114000234,1382,415,967
114000235,1638,756,882
114000236,0,220,-220
114000237,126,375,-249
114000238,99,295,-196
114000239,45,456,-411
114000240,933,1652,-719
114000241,273,382,-109
114000242,568,461,107
114000243,1723,908,815
114000244,323,167,156
114000245,488,884,-396
114000246,48,34,14
114000247,503,359,144
114000248,1484,361,1123
114000249,1088,298,790
114000250,801,153,648
114000251,258,64,194
114000252,30,12,18
114000253,45,61,-16
114000254,16,1,15
114000255,103,76,27
114000256,155,432,-277
114000257,684,615,69
114000258,428,91,337
114000259,111,145,-34
114000260,0,1,-1
114000261,113,22,91
114000262,348,61,287
114000263,1,1,0
114000264,1589,89,1500
114000265,0,5,-5
114000267,1,1982,-1981
114000268,10,462,-452
114000270,183,3,180
114000271,176,128,48
114000283,1586,153,1433
114000285,11,39,-28
114000288,116,56,60
114000289,1926,101,1825
114000293,319,133,186
114000294,175,238,-63
114000395,1995,51,1944
114000396,459,155,304
114000402,752,150,602
114000403,533,113,420
114000405,368,155,213
114000423,554,102,452
114000424,602,118,484
114000425,1586,103,1483
114000426,434,687,-253
114000427,64,21,43
114000428,45,66,-21
114000429,20,51,-31
114000432,61,15,46
114000434,12,13,-1
114000435,2,19,-17
114000436,927,189,738
114000437,240,5326,-5086
114900001,579,109,470
114900002,165,47,118
114900003,733,237,496
114900004,189,301,-112
114900005,216,113,103
114900006,64,54,10
114900007,138,19,119
114900008,409,33,376
114900010,335,1054,-719
114900011,333,44,289
114900013,272,26,246
114900015,59,343,-284
114900018,590,10,580
114900020,50,45,5
114900022,1,360,-359
114900024,131,102,29
114900025,615,75,540
114900026,64,104,-40
114900027,188,68,120
114900029,28,9,19
114900030,314,58,256
114900031,485,25,460
114900032,621,0,621
114900033,167,1549,-1382
114900034,11,12,-1
114900035,42,101,-59
114900036,142,70,72
114900037,23,8,15
114900038,169,134,35
114900039,593,108,485
114900040,118,6,112
114900041,1121,54,1067
114900042,1033,101,932
114900043,568,26,542
114900044,143,46,97
114900046,10,24,-14
114900047,31,2538,-2507
114900048,26,272,-246
114900049,23,34,-11
114900050,69,67,2
114900051,14,76,-62
114900052,40,95,-55
114900053,37,167,-130
114900054,6,23,-17
114900057,67,13,54
114900058,0,23,-23
114900059,177,37,140
114900060,71,185,-114
114900061,36,39,-3
114900062,47,73,-26
114900063,73,20,53
114900064,1732,87,1645
114900065,249,526,-277
114900067,20,73,-53
114900068,5,42,-37
114900069,101,25,76
114900070,598,63,535
114900072,0,27,-27
114900073,0,14,-14
114900074,1231,56,1175
114900075,295,6,289
114900076,2,68,-66
114900080,296,96,200
114900082,1351,1210,141
114900083,29,247,-218
114900090,720,131,589
114900091,53,72,-19
114900095,34,58,-24
114900096,28,137,-109
114900097,150,0,150
114900098,1,49,-48
114900099,239,43,196
115000001,1852,1337,515
115000002,3174,5011,-1837
115000003,1995,792,1203
115000004,3741,4778,-1037
115000005,1073,1209,-136
115000006,1157,811,346
115000007,75,256,-181
115000008,176,179,-3
115000009,125,105,20
115000010,171,143,28
115000013,5,79,-74
115000015,2,120,-118
115000016,49,159,-110
115000019,38,433,-395
115000020,42,724,-682
115000021,62,210,-148
115000022,126,106,20
115000023,298,339,-41
115000024,328,69,259
115000025,674,327,347
115000026,242,103,139
115000027,299,182,117
115000028,170,119,51
115000029,626,35,591
115000030,286,216,70
115000031,419,68,351
115000032,6,65,-59
115000033,44,9,35
115000034,33,344,-311
115000035,547,165,382
115000036,1,84,-83
115000037,658,81,577
115000038,48,126,-78
115000039,1148,1989,-841
115000040,2036,1337,699
115000041,686,3103,-2417
115000042,446,328,118
115000043,2245,1504,741
115000044,1758,1357,401
115000045,1884,425,1459
115000046,2957,1420,1537
115000047,2769,745,2024
115000048,1437,1048,389
115000049,1115,1514,-399
115000050,2431,658,1773
115000051,936,3304,-2368
115000052,703,830,-127
115000053,1788,2287,-499
115000054,561,556,5
115000055,84,595,-511
115000056,187,139,48
115000057,528,743,-215
115000058,40,257,-217
115000059,96,352,-256
115000061,104,111,-7
115000062,193,271,-78
115000063,550,205,345
115000064,203,70,133
115000065,70,501,-431
115000067,141,17,124
115000069,74,157,-83
115000070,35,878,-843
115000071,67,23,44
115000072,19,44,-25
115000073,1143,75,1068
115000075,80,64,16
115000076,1395,899,496
115000077,1396,634,762
115000078,1179,355,824
115000079,1153,687,466
115000080,3123,783,2340
115000081,199,242,-43
115000082,3902,2602,1300
115000083,1889,729,1160
115000084,3093,410,2683
115000085,883,276,607
115000086,984,289,695
115000087,448,895,-447
115000088,1151,346,805
115000089,1093,692,401
115000090,250,622,-372
115000091,130,330,-200
115000092,846,376,470
115000093,676,4,672
115000094,2633,5975,-3342
115000095,2116,4833,-2717
115000096,808,332,476
115000097,1549,1018,531
115000098,1377,229,1148
115000099,2062,645,1417
115000100,1637,230,1407
115000101,399,444,-45
115000102,362,94,268
115000103,297,375,-78
115000105,86,41,45
115000106,772,254,518
115000107,68,199,-131
115000108,1106,869,237
115000109,1833,4770,-2937
115000110,754,1632,-878
115000111,150,409,-259
115000112,595,313,282
115000113,228,268,-40
115000114,362,172,190
115000116,898,1058,-160
115000117,921,971,-50
115000118,1055,866,189
115000119,716,943,-227
115000120,288,638,-350
115000121,260,317,-57
115000122,284,987,-703
115000123,384,971,-587
115000124,413,495,-82
115000125,231,450,-219
115000126,136,269,-133
115000127,216,77,139
115000128,218,487,-269
115000129,205,509,-304
115000130,310,244,66
115000131,697,132,565
115000132,341,120,221
115000133,603,123,480
115000134,280,52,228
115000135,140,80,60
115000136,123,79,44
115000137,63,63,0
115000138,253,88,165
115000139,103,48,55
115000140,475,76,399
115000141,144,70,74
115000142,118,40,78
115000143,696,296,400
115000144,318,49,269
115000145,124,82,42
115000146,416,136,280
115000147,162,142,20
115000148,181,292,-111
115000149,437,190,247
115000150,427,106,321
115000151,981,168,813
115000152,529,189,340
115000153,1010,206,804
115000154,738,210,528
115000155,391,273,118
115000156,416,382,34
115000157,157,197,-40
115000158,180,108,72
115000159,183,174,9
115000160,264,369,-105
115000161,412,253,159
115000162,335,786,-451
115000163,159,213,-54
115000164,245,251,-6
115000165,154,296,-142
115000167,32,11,21
115000168,383,130,253
115000169,120,500,-380
115000170,34,249,-215
115000171,195,479,-284
115000172,610,692,-82
115000173,165,750,-585
115000174,45,331,-286
115000175,87,179,-92
115000176,27,155,-128
115000177,9,302,-293
115000178,1,109,-108
115000179,2,99,-97
115000180,94,158,-64
115000181,724,55,669
115000182,897,194,703
115000183,470,141,329
115000186,296,61,235
115000187,184,90,94
115000188,222,159,63
115000189,291,293,-2
115000190,328,332,-4
115000191,123,348,-225
115000194,56,35,21
115000195,78,53,25
115000196,272,12,260
115000197,221,95,126
115000198,551,35,516
115000199,468,57,411
115000200,417,49,368
115000201,126,78,48
115000206,620,14,606
115000207,156,58,98
115000208,116,292,-176
115000209,658,406,252
115000210,158,139,19
115000211,72,106,-34
115000212,538,277,261
115000218,4,83,-79
115000219,11,65,-54
115000224,133,5,128
115000225,66,13,53
115000229,104,22,82
115000230,63,114,-51
115000231,294,469,-175
115000232,1763,235,1528
115000233,122,82,40
115000234,28,95,-67
115000241,47,28,19
115000242,167,46,121
115000243,62,45,17
115000244,21,71,-50
115000246,33,16,17
115000247,24,8,16
115000248,48,4,44
115000249,3,6,-3
115000250,232,13,219
115000251,304,27,277
115000252,79,135,-56
115000253,2,310,-308
115000258,175,15,160
115000259,46,9,37
115000261,21,2,19
115000262,6,11,-5
115000263,3,17,-14
115000264,1,4,-3
115000267,19,12,7
115000268,22,56,-34
115000269,47,11,36
115000270,0,27,-27
115000272,47,38,9
115000273,348,15,333
115000274,431,39,392
115000280,514,407,107
115000281,87,870,-783
115000282,364,1725,-1361
115000284,67,114,-47
115000296,202,3,199
115000297,22,438,-416
115000298,24,572,-548
115000300,140,101,39
115000302,353,32,321
115000303,793,59,734
115000304,963,62,901
115000305,75,86,-11
115000306,276,68,208
115000307,197,87,110
115000308,4,14,-10
115000309,0,34,-34
115000310,1422,252,1170
115000311,1268,480,788
115000313,52,154,-102
115000314,444,146,298
115000315,136,594,-458
115000316,31,120,-89
115000317,128,202,-74
115000318,807,222,585
115000319,42,52,-10
115000320,6,382,-376
115000321,355,63,292
115000322,60,41,19
115000449,154,78,76
115000557,3,1851,-1848
115000558,31,69,-38
115000587,691,180,511
115000588,1045,1258,-213
115000589,2812,1485,1327
115000590,344,710,-366
115000591,1008,425,583
115000592,429,605,-176
115000593,1638,323,1315
115000594,341,1200,-859
115000609,143,56,87
115000617,231,2165,-1934
115000624,219,10,209
115000633,387,1093,-706
115000634,1966,401,1565
115000635,509,60,449
115000638,157,189,-32
115000641,44,113,-69
115000642,275,104,171
115000643,83,150,-67
115000644,118,144,-26
115000646,344,704,-360
115000647,42,227,-185
115000648,2191,350,1841
115000893,777,390,387
115000894,109,422,-313
115000895,201,368,-167
115000896,491,213,278
115000897,151,21,130
115000898,166,151,15
115000899,58,726,-668
115000900,10,161,-151
115000901,18,208,-190
115000912,289,60,229
115000913,3,7,-4
115000915,3,0,3
115000916,2,0,2
115000917,0,9,-9
115000918,15,1096,-1081
115000919,0,20,-20
115000920,20,79,-59
115000921,125,52,73
115000922,168,422,-254
115000923,22,960,-938
115000925,75,54,21
115000927,24,30,-6
115000933,20,165,-145
115000934,13,25,-12
115000935,12,1,11
115900001,309,5,304
115900002,41,38,3
115900003,226,13,213
115900004,2,6,-4
115900005,341,12,329
115900006,88,63,25
115900008,211,0,211
115900009,43,35,8
115900010,591,53,538
115900011,223,76,147
115900012,286,2,284
115900013,369,21,348
115900014,86,48,38
115900015,247,5,242
115900016,30,11,19
115900017,54,29,25
115900018,108,9,99
115900019,126,8,118
115900020,131,2,129
115900021,368,580,-212
115900022,197,1,196
115900023,3,9,-6
115900025,11,60,-49
115900026,492,43,449
115900027,0,43,-43
115900028,140,26,114
115900029,25,100,-75
115900030,44,12,32
115900031,43,174,-131
115900032,89,217,-128
115900033,0,24,-24
115900034,21,59,-38
115900035,16,2,14
115900036,11,1181,-1170
115900037,26,88,-62
115900038,23,5,18
115900039,145,19,126
115900041,57,639,-582
115900042,58,5,53
115900043,100,8,92
115900044,92,356,-264
115900046,412,41,371
115900047,49,210,-161
115900049,204,98,106
115900051,2,10,-8
115900052,6,129,-123
115900053,240,19,221
115900054,499,22,477
115900055,37,87,-50
115900056,147,19,128
115900057,1,20,-19
115900058,7,26,-19
115900060,14,33,-19
115900061,219,2,217
115900062,23,73,-50
115900063,13,0,13
115900064,55,88,-33
115900065,95,21,74
115900066,42,32,10
115900067,7,75,-68
115900068,1207,1533,-326
115900069,24,81,-57
115900070,153,28,125
115900071,0,77,-77
115900072,9,65,-56
115900073,198,107,91
115900074,1,51,-50
115900075,1,55,-54
115900076,0,48,-48
115900077,1,77,-76
115900078,13,74,-61
115900079,415,0,415
115900080,104,17,87
115900081,18,12,6
115900082,59,92,-33
115900084,830,3,827
115900085,10,27,-17
115900086,407,134,273
115900088,0,20,-20
115900089,410,192,218
115900090,769,0,769
115900091,0,2,-2
115900092,56,33,23
115900093,0,2,-2
115900094,19,39,-20
115900096,0,2,-2
115900097,1,129,-128
115900098,261,42,219
115900099,57,105,-48
115900100,3,156,-153
115900101,171,44,127
115900102,95,30,65
115900103,191,50,141
115900104,68,48,20
115900105,262,76,186
115900106,142,6,136
115900107,115,62,53
115900108,161,0,161
115900109,0,183,-183
115900110,23,2,21
115900111,0,37,-37
115900112,32,199,-167
115900113,48,5,43
115900114,0,41,-41
115900115,110,30,80
115900116,62,199,-137
115900117,85,3,82
115900118,3,105,-102
115900119,175,26,149
115900120,15,60,-45
115900121,293,26,267
115900124,131,821,-690
115900125,505,40,465
115900126,926,15,911
115900127,860,7,853
115900128,0,65,-65
115900129,278,5,273
115900130,2,357,-355
115900131,439,16,423
115900132,541,4,537
115900134,357,3,354
115900135,253,345,-92
115900137,16,1,15
115900139,26,111,-85
115900140,535,20,515
115900141,1,25,-24
115900142,4,15,-11
115900143,239,93,146
115900144,104,78,26
115900146,8,26,-18
115900147,56,268,-212
115900148,8,7,1
115900149,122,7,115
115900150,118,3,115
115900151,34,37,-3
115900152,97,82,15
115900153,134,62,72
115900154,85,180,-95
115900155,0,7,-7
115900156,226,381,-155
115900157,218,204,14
115900158,1,2,-1
115900159,242,59,183
115900160,0,0,0
115900161,13,75,-62
115900163,290,27,263
115900164,843,16,827
115900165,2,189,-187
115900166,27,30,-3
115900168,293,16,277
115900171,53,52,1
115900172,29,52,-23
115900173,47,63,-16
115900174,75,82,-7
115900175,106,21,85
115900178,7,172,-165
115900179,433,1,432
115900180,29,45,-16
115900181,131,59,72
115900182,789,70,719
115900183,30,119,-89
115900184,174,16,158
115900187,3,195,-192
115900189,0,145,-145
115900190,60,385,-325
115900191,9,73,-64
115900192,15,56,-41
115900193,44,40,4
115900194,924,19,905
115900195,189,2280,-2091
115900198,118,115,3
115900199,218,50,168
115900200,101,39,62
115900201,78,157,-79
115900202,22,141,-119
115900203,0,1,-1
115900204,0,5,-5
115900205,7,0,7
115900206,482,12,470
115900207,35,4,31
115900208,153,10,143
115900209,32,19,13
115900210,0,79,-79
115900211,1,51,-50
115900212,199,27,172
115900213,21,211,-190
115900214,418,72,346
115900215,9,176,-167
115900216,1,39,-38
115900217,34,6,28
115900218,0,5,-5
115900219,268,0,268
115900220,518,7,511
115900221,291,5,286
115900222,146,52,94
115900223,4,356,-352
115900224,329,1632,-1303
115900225,65,61,4
115900226,0,6,-6
115900227,6,1,5
115900228,1,7,-6
115900229,1,9,-8
115900230,56,31,25
115900231,93,1,92
115900232,12,1,11
115900233,128,4,124
115900234,21,44,-23
115900235,18,33,-15
115900236,6,80,-74
115900237,9,35,-26
115900238,13,36,-23
115900239,5,11,-6
115900240,5,11,-6
115900241,234,1,233
115900242,135,367,-232
115900243,11,12,-1
115900244,10,2,8
115900245,15,2,13
115900246,0,1,-1
115900247,0,0,0
115900248,5,0,5
115900249,5,1,4
115900250,41,23,18
115900251,6,0,6
115900252,2,1,1
115900253,17,1,16
115900254,7,56,-49
115900255,1,24,-23
115900256,5,10,-5
115900257,0,2,-2
115900258,0,0,0
115900259,50,1,49
115900260,6,0,6
115900261,7,0,7
115900262,4,0,4
115900263,2,0,2
115900264,0,0,0
115900265,27,1,26
115900266,1,5,-4
115900267,0,1,-1
115900268,0,7,-7
115900269,983,32,951
115900270,288,95,193
115900271,59,0,59
115900272,7,0,7
115900273,3,7,-4
115900274,0,0,0
115900275,0,0,0
115900276,0,0,0
115900277,0,2,-2
115900278,6,11,-5
115900279,5,55,-50
115900280,3,207,-204
115900281,9,40,-31
116000001,2415,1014,1401
116000002,2746,12626,-9880
116000003,591,325,266
116000004,2814,5062,-2248
116000005,453,1444,-991
116000006,1298,2783,-1485
116000007,940,925,15
116000008,3036,1581,1455
116000009,553,742,-189
116000010,3019,995,2024
116000011,357,691,-334
116000012,1384,548,836
116000013,3078,1417,1661
116000014,5011,15302,-10291
116000015,43,647,-604
116000016,1965,4973,-3008
116000017,49,340,-291
116000018,153,96,57
116000019,892,226,666
116000020,263,270,-7
116000021,582,148,434
116000022,300,183,117
116000023,966,800,166
116000024,466,265,201
116000025,750,430,320
116000026,834,1285,-451
116000027,184,478,-294
116000028,425,505,-80
116000029,288,191,97
116000030,395,354,41
116000031,6,22,-16
116000032,181,33,148
116000033,458,113,345
116000034,568,297,271
116000035,138,87,51
116000036,128,495,-367
116000037,117,225,-108
116000038,51,304,-253
116000039,116,274,-158
116000040,346,368,-22
116000041,62,364,-302
116000042,524,327,197
116000043,69,314,-245
116000044,5,2,3
116000045,1052,939,113
116000046,819,674,145
116000047,1223,1421,-198
116000048,1768,828,940
116000049,1582,1001,581
116000050,1169,520,649
116000051,2329,997,1332
116000052,1795,1231,564
116000053,2265,302,1963
116000054,676,897,-221
116000055,553,262,291
116000056,1571,793,778
116000057,1192,294,898
116000058,1576,1735,-159
116000059,1229,3685,-2456
116000060,919,704,215
116000061,72,1345,-1273
116000062,345,186,159
116000063,281,1188,-907
116000066,234,607,-373
116000067,149,200,-51
116000068,109,284,-175
116000069,74,98,-24
116000078,365,697,-332
116000080,844,310,534
116000082,2,14,-12
116000083,1398,202,1196
116000084,1077,1186,-109
116000085,1089,1188,-99
116000086,910,306,604
116000087,2533,1183,1350
116000088,823,545,278
116000089,117,58,59
116000090,142,125,17
116000091,222,396,-174
116000093,864,134,730
116000094,710,242,468
116000095,662,123,539
116000096,1115,1676,-561
116000097,746,297,449
116000098,6,6667,-6661
116000099,3533,97,3436
116000100,160,11,149
116000101,1260,228,1032
116000102,277,317,-40
116000103,303,279,24
116000104,220,511,-291
116000105,1268,98,1170
116000106,450,854,-404
116000107,1987,274,1713
116000108,13,1123,-1110
116000111,129,41,88
116000113,76,11,65
116000114,3,40,-37
116000115,260,42,218
116000116,152,93,59
116000117,1329,757,572
116000118,928,443,485
116000119,3670,1111,2559
116000120,1388,1257,131
116000121,1186,265,921
116000122,593,376,217
116000123,2208,188,2020
116000124,327,258,69
116000125,2814,172,2642
116000126,211,263,-52
116000127,398,373,25
116000128,2177,318,1859
116000129,1195,83,1112
116000130,694,307,387
116000133,1760,167,1593
116000134,854,414,440
116000135,2891,503,2388
116000136,358,517,-159
116000137,798,293,505
116000138,416,193,223
116000139,1543,2652,-1109
116000140,251,241,10
116000141,415,350,65
116000142,3906,1797,2109
116000143,1973,1609,364
116000144,1787,1191,596
116000145,2667,766,1901
116000146,756,95,661
116000147,208,175,33
116000148,721,653,68
116000149,271,258,13
116000151,558,312,246
116000153,111,325,-214
116000155,95,313,-218
116000156,572,226,346
116000157,90,0,90
116000158,250,60,190
116000159,0,4,-4
116000160,67,49,18
116000161,7,56,-49
116000162,10,200,-190
116000163,57,2,55
116000164,10,6,4
116000177,45,705,-660
116000194,43,199,-156
116000195,1380,226,1154
116000196,60,4,56
116000197,37,34,3
116000198,1215,641,574
116000200,369,593,-224
116000201,551,186,365
116000202,24,74,-50
116000203,2,8,-6
116000204,1,7,-6
116000205,0,31,-31
116000206,0,94,-94
116000207,10,59,-49
116000233,35,104,-69
116000287,280,77,203
116000288,375,170,205
116000292,65,57,8
116000296,9,200,-191
116000297,51,1,50
116000304,309,25,284
116000305,1,36,-35
116000346,314,55,259
116000352,173,42,131
116000354,41,6,35
116000357,8,9,-1
116000358,426,200,226
116000361,17,0,17
116000372,2020,4426,-2406
116000381,231,1,230
116000388,6,7,-1
116000389,571,85,486
116000445,999,95,904
116000446,779,65,714
116000447,11,471,-460
116000448,257,38,219
116000563,293,597,-304
116000565,136,144,-8
116000568,63,525,-462
116000579,14,156,-142
116000584,40,0,40
116000585,51,32,19
116000586,30,92,-62
116000587,253,186,67
116000589,62,55,7
116000590,127,42,85
116000591,299,68,231
116000592,4,17,-13
116000593,0,5,-5
116000594,1235,136,1099
116000595,802,19,783
116000596,186,2,184
116000597,699,218,481
116000598,67,103,-36
116000602,5,494,-489
116000605,138,51,87
116000606,77,183,-106
116000607,1,25,-24
116000609,43,1178,-1135
116000611,303,79,224
116000612,1589,2377,-788
116000613,684,250,434
116000614,496,162,334
116000615,1,26,-25
116000616,58,34,24
116000617,137,13,124
116000618,3,18,-15
116000619,21,74,-53
116000620,368,146,222
116000621,83,72,11
116000622,99,74,25
116000624,97,168,-71
116000627,1,6,-5
116000628,5,27,-22
116000629,7,989,-982
116000630,309,3,306
116000631,140,4,136
116000632,1006,71,935
116000633,6,908,-902
116000634,672,4,668
116000635,385,542,-157
116900001,39,17,22
116900002,168,0,168
116900003,78,0,78
116900004,29,105,-76
116900005,249,8,241
116900006,126,128,-2
116900007,42,22,20
116900008,569,44,525
116900009,13,38,-25
116900010,0,149,-149
116900011,2,47,-45
116900012,61,77,-16
116900013,0,53,-53
116900014,270,25,245
116900015,540,30,510
116900016,298,5,293
116900017,0,190,-190
116900018,84,54,30
116900019,1,58,-57
116900020,1277,1462,-185
116900023,25,24,1
116900024,760,33,727
116900025,1451,215,1236
116900026,62,200,-138
116900027,48,5,43
116900028,0,7,-7
116900029,2,164,-162
116900031,1,5,-4
116900032,1,58,-57
116900033,12,1,11
116900034,4,14,-10
116900035,56,62,-6
116900036,17,45,-28
116900038,21,0,21
116900041,189,1,188
116900042,60,86,-26
116900043,22,41,-19
116900045,40,36,4
116900047,18,289,-271
116900049,22,55,-33
116900050,68,53,15
116900051,298,12,286
116900052,68,42,26
116900055,0,10,-10
116900057,31,20,11
116900058,6,45,-39
116900059,1,8,-7
116900060,78,120,-42
116900062,0,21,-21
116900064,7,63,-56
116900065,2,29,-27
116900067,59,20,39
116900068,127,129,-2
116900070,36,2,34
116900072,5,61,-56
116900073,14,33,-19
116900074,0,6,-6
116900076,10,45,-35
116900077,8,26,-18
116900078,48,21,27
116900079,10,156,-146
116900080,6,3,3
116900081,64,227,-163
116900082,74,427,-353
116900083,2,3,-1
116900084,18,13,5
116900085,6,27,-21
116900086,5,335,-330
116900088,58,0,58
116900090,9,9,0
116900091,391,9,382
116900092,62,179,-117
116900093,821,647,174
116900094,1761,4436,-2675
116900095,227,28,199
116900096,192,206,-14
116900097,703,2659,-1956
116900098,142,90,52
116900099,104,271,-167
116900100,1270,56,1214
116900101,48,211,-163
116900103,14,0,14
116900104,6,171,-165
116900105,355,146,209
116900106,3353,36,3317
116900107,851,2889,-2038
116900110,4,0,4
116900111,727,286,441
116900112,299,171,128
116900113,557,1373,-816
116900116,7,128,-121
116900117,115,21,94
116900118,386,716,-330
116900120,443,16,427
116900121,98,28,70
116900122,1543,163,1380
116900123,198,134,64
116900124,70,143,-73
116900125,476,70,406
116900126,23,417,-394
116900128,0,9,-9
116900129,0,59,-59
116900130,209,4314,-4105
116900131,18,93,-75
116900132,75,40,35
116900133,90,70,20
116900134,182,86,96
116900136,110,31,79
116900137,141,13,128
116900138,73,37,36
116900139,27,57,-30
116900140,74,43,31
116900141,254,58,196
116900142,2,21,-19
116900143,260,94,166
116900144,35,2,33
116900145,41,60,-19
116900147,25,258,-233
116900148,1,0,1
116900149,42,122,-80
116900150,7,0,7
116900151,2,11,-9
116900153,159,52,107
116900154,93,378,-285
116900155,50,38,12
116900157,1154,21,1133
116900158,133,337,-204
116900159,31,215,-184
116900160,648,350,298
116900161,1726,7300,-5574
116900162,36,33,3
116900163,408,4,404
116900164,77,23,54
116900165,520,163,357
116900166,129,44,85
116900167,449,12,437
116900168,563,8,555
116900169,93,185,-92
116900170,639,158,481
116900171,106,99,7
116900172,66,435,-369
116900173,543,22,521
116900174,61,118,-57
116900175,170,102,68
116900178,48,58,-10
116900179,28,537,-509
116900180,63,4,59
116900182,363,116,247
116900183,266,20,246
116900185,21,15,6
116900186,123,80,43
116900187,32,58,-26
116900188,112,19,93
116900189,55,0,55
116900191,113,132,-19
116900192,367,77,290
116900194,37,647,-610
116900195,67,8,59
116900196,51,34,17
116900197,146,9,137
116900198,14,454,-440
116900200,39,4,35
116900201,261,1,260
116900202,29,28,1
116900203,231,3,228
116900204,91,208,-117
116900206,9,0,9
116900207,12,17,-5
116900208,1,71,-70
116900209,20,26,-6
116900210,155,54,101
116900211,221,3,218
116900212,97,2,95
116900213,109,5,104
116900214,205,52,153
116900215,27,15,12
116900216,94,75,19
116900218,1,105,-104
116900219,254,86,168
116900220,59,142,-83
116900221,164,242,-78
116900222,273,80,193
116900223,47,43,4
116900226,270,12,258
116900227,284,15,269
116900228,329,35,294
116900230,43,98,-55
116900231,89,92,-3
116900232,123,108,15
116900233,244,55,189
116900234,88,6,82
116900235,59,65,-6
116900238,256,96,160
116900239,10,1381,-1371
116900240,2165,3185,-1020
116900241,136,95,41
116900242,348,834,-486
116900243,7,36,-29
116900245,20,48,-28
116900246,171,24,147
116900247,1151,12,1139
116900248,85,13,72
116900249,597,139,458
116900250,462,28,434
116900251,121,755,-634
116900252,259,117,142
116900253,68,15,53
116900254,35,50,-15
116900255,162,130,32
116900256,417,117,300
116900257,27,45,-18
116900258,0,25,-25
116900259,374,4,370
116900260,2,15,-13
116900261,36,1,35
116900262,73,64,9
116900263,0,18,-18
116900264,0,3,-3
116900265,60,0,60
116900266,8,5,3
116900267,0,0,0
116900268,4,108,-104
116900269,253,559,-306
116900271,251,538,-287
116900272,105,90,15
116900273,36,44,-8
116900274,157,4,153
116900275,105,35,70
116900276,190,220,-30
116900277,68,15,53
116900278,0,1,-1
116900279,0,3,-3
116900280,13,5,8
116900281,1629,5339,-3710
116900282,0,11,-11
116900283,5,17,-12
116900284,19,173,-154
116900285,24,314,-290
116900286,34,5,29
116900287,0,6,-6
116900288,226,46,180
116900289,40,0,40
116900290,47,0,47
116900291,38,6,32
116900292,0,35,-35
116900293,44,2,42
116900294,12,29,-17
116900295,30,8,22
116900296,13,51,-38
116900297,0,7,-7
116900298,7,50,-43
116900299,1,54,-53
116900300,0,11,-11
116900301,8,19,-11
116900302,53,116,-63
116900303,64,35,29
116900304,0,84,-84
116900305,0,19,-19
116900306,391,196,195
117000001,2488,1750,738
117000002,1783,1703,80
117000003,4160,1671,2489
117000004,1472,1824,-352
117000005,3000,1007,1993
117000006,669,1592,-923
117000007,5018,960,4058
117000008,925,1592,-667
117000009,2901,1044,1857
117000010,922,1167,-245
117000011,2877,709,2168
117000012,1444,641,803
117000013,2041,531,1510
117000014,1151,2012,-861
117000015,2125,1243,882
117000016,106,346,-240
117000017,97,268,-171
117000018,37,1174,-1137
117000019,9,1,8
117000020,386,3002,-2616
117000021,1217,137,1080
117000022,66,255,-189
117000023,83,129,-46
117000024,113,169,-56
117000025,216,1666,-1450
117000026,1139,1635,-496
117000027,283,966,-683
117000028,312,453,-141
117000030,62,220,-158
117000031,99,39,60
117000032,762,849,-87
117000033,1271,1138,133
117000034,108,82,26
117000035,127,65,62
117000036,180,149,31
117000037,87,37,50
117000038,87,287,-200
117000039,86,75,11
117000040,44,333,-289
117000041,1287,33,1254
117000044,19,213,-194
117000045,572,253,319
117000046,212,694,-482
117000047,446,705,-259
117000048,893,594,299
117000049,41,604,-563
117000050,219,678,-459
117000051,2885,53,2832
117000052,72,146,-74
117000053,1222,23,1199
117000054,1531,22,1509
117000055,1,779,-778
117000056,560,63,497
117000057,394,985,-591
117000060,225,752,-527
117000061,2041,857,1184
117000062,105,493,-388
117000063,1166,503,663
117000064,275,251,24
117000066,291,430,-139
117000067,46,459,-413
117000074,6,123,-117
117000076,3,27,-24
117000077,46,88,-42
117000078,147,207,-60
117000079,192,50,142
117000080,0,280,-280
117000081,390,39,351
117000082,28,30,-2
117000083,64,2,62
117000084,106,0,106
117000085,283,511,-228
117000086,486,271,215
117000087,72,306,-234
117000088,272,66,206
117000089,2498,142,2356
117000090,297,588,-291
117000091,1339,75,1264
117000092,512,429,83
117000093,1989,132,1857
117000094,628,615,13
117000095,2849,180,2669
117000096,450,706,-256
117000097,1759,453,1306
117000098,1037,1211,-174
117000099,5427,647,4780
117000100,276,153,123
117000101,52,328,-276
117000102,2206,281,1925
117000103,301,581,-280
117000104,2030,174,1856
117000105,307,547,-240
117000106,2087,205,1882
117000107,294,742,-448
117000108,2375,819,1556
117000109,637,1123,-486
117000110,1736,1475,261
117000111,3144,2708,436
117000112,3601,1008,2593
117000113,28,62,-34
117000114,318,60,258
117000115,56,40,16
117000116,147,55,92
117000117,972,615,357
117000118,241,313,-72
117000119,76,316,-240
117000120,13,288,-275
117000121,6,446,-440
117000122,116,732,-616
117000123,613,125,488
117000124,35,61,-26
117000125,21,116,-95
117000126,15,29,-14
117000127,119,157,-38
117000128,49,175,-126
117000129,56,88,-32
117000130,8,0,8
117000131,0,138,-138
117000132,3575,19,3556
117000133,3907,15,3892
117000134,0,0,0
117000135,0,33,-33
117000136,0,5,-5
117000137,269,82,187
117000138,0,0,0
117000140,223,490,-267
117000141,2400,145,2255
117000181,59,49,10
117000182,524,1077,-553
117000195,116,238,-122
117000196,482,161,321
117000225,7,61,-54
117000226,1,64,-63
117000276,385,17,368
117000277,0,107,-107
117000310,622,2438,-1816
117000315,11,308,-297
117000320,14,0,14
117000906,759,25,734
117000907,4,86,-82
117000908,3,121,-118
117000909,21,76,-55
117000910,327,103,224
117000911,21,68,-47
117000915,4,199,-195
117000916,53,11,42
117000917,1505,23,1482
117000918,95,52,43
117000919,0,24,-24
117000920,2,452,-450
117000921,0,450,-450
117000922,11,25,-14
117000924,1090,399,691
117000926,509,135,374
117000927,175,430,-255
117000928,0,32,-32
117000929,420,46,374
117000930,516,18,498
117000931,74,45,29
117900002,53,450,-397
117900003,51,26,25
117900005,0,78,-78
117900006,0,3,-3
117900007,103,37,66
117900008,1,4,-3
117900010,398,101,297
117900011,3,189,-186
117900012,84,53,31
117900013,0,104,-104
117900014,458,113,345
117900015,1,39,-38
117900016,512,883,-371
117900017,612,362,250
117900018,144,162,-18
117900019,679,233,446
117900020,30,111,-81
117900021,34,38,-4
117900022,3,3,0
117900023,551,32,519
117900024,30,30,0
117900025,7,2,5
117900026,508,74,434
117900028,11,0,11
117900029,198,200,-2
117900030,232,348,-116
117900031,207,64,143
117900032,902,304,598
117900033,504,232,272
117900034,11,3,8
117900035,247,85,162
117900036,331,151,180
117900037,288,39,249
117900038,68,70,-2
117900039,0,14,-14
117900040,72,65,7
117900041,0,20,-20
117900042,1137,343,794
117900043,1,26,-25
117900044,122,3123,-3001
117900045,137,37,100
117900048,310,83,227
117900049,247,149,98
117900050,3,104,-101
117900051,28,4,24
117900052,15,739,-724
117900053,1999,142,1857
117900054,0,6,-6
117900055,238,60,178
117900056,13,2,11
117900057,420,490,-70
117900058,7,107,-100
117900059,46,73,-27
117900060,2457,1046,1411
117900061,0,208,-208
117900063,395,201,194
117900065,187,449,-262
117900066,1,106,-105
117900067,834,109,725
117900069,740,95,645
117900070,10,142,-132
117900071,106,52,54
117900073,797,68,729
117900074,5,33,-28
117900075,157,60,97
117900076,14,70,-56
117900077,561,42,519
117900078,422,372,50
117900080,154,20,134
117900081,230,117,113
117900082,865,245,620
117900083,758,126,632
117900086,168,60,108
117900087,210,12,198
117900088,480,325,155
117900089,2088,397,1691
117900090,343,1169,-826
117900091,334,32,302
117900092,150,24,126
117900093,197,5,192
117900094,69,42,27
117900095,370,439,-69
117900096,128,183,-55
117900097,243,30,213
117900098,197,9,188
117900099,301,298,3
117900100,700,1,699
117900101,624,2374,-1750
117900102,68,24,44
117900103,86,3,83
117900104,9,132,-123
117900105,61,51,10
117900106,73,15,58
117900107,98,3,95
117900109,1039,635,404
117900110,205,0,205
117900111,885,53,832
117900112,79,4,75
117900113,669,2170,-1501
117900114,43,0,43
117900115,66,55,11
117900116,524,328,196
117900117,678,247,431
117900118,179,0,179
117900119,446,20,426
117900120,363,3,360
117900121,111,3,108
117900122,253,5337,-5084
117900123,614,243,371
117900124,200,233,-33
117900125,1248,645,603
117900126,58,181,-123
117900127,433,218,215
117900128,477,161,316
117900129,111,0,111
117900130,392,105,287
117900131,0,25,-25
117900132,2,16,-14
117900133,15,38,-23
117900134,25,194,-169
117900135,14,75,-61
117900136,0,3,-3
117900137,3,49,-46
117900138,0,3,-3
117900139,75,13,62
117900140,2710,432,2278
117900141,30,176,-146
117900142,13,158,-145
117900144,2,103,-101
117900145,0,82,-82
117900146,29,305,-276
117900147,56,80,-24
117900148,890,1772,-882
117900149,36,29,7
117900150,23,22,1
117900151,29,42,-13
117900152,14,38,-24
117900153,22,104,-82
117900154,367,169,198
117900156,356,287,69
117900157,130,119,11
117900158,371,50,321
117900160,1032,432,600
117900161,640,440,200
117900162,535,262,273
117900163,38,263,-225
117900165,0,0,0
117900166,10,100,-90
117900168,123,85,38
117900169,0,44,-44
117900170,0,7,-7
117900171,3,1,2
117900172,18,1,17
117900173,72,19,53
117900174,5,11,-6
117900175,0,6,-6
117900176,14,22,-8
117900177,13,2,11
117900178,50,7,43
117900180,100,17,83
117900181,16,724,-708
117900182,1,88,-87
117900183,197,183,14
117900184,54,46,8
117900185,79,2,77
117900186,129,10,119
117900187,72,4,68
117900188,148,3,145
117900189,82,36,46
117900190,56,0,56
117900191,117,1,116
117900192,254,3,251
117900193,83,69,14
117900194,37,1,36
117900195,21,21,0
117900196,18,21,-3
117900207,45,101,-56
117900208,33,23,10
117900209,88,76,12
117900210,51,61,-10
117900211,1,59,-58
117900212,116,125,-9
117900213,48,2,46
117900214,0,1,-1
117900215,0,5,-5
117900216,1,2,-1
117900217,32,31,1
117900218,10,51,-41
117900219,1,103,-102
117900220,0,50,-50
117900221,0,1,-1
118000001,481,980,-499
118000002,426,1150,-724
118000003,1039,2473,-1434
118000004,956,1125,-169
118000005,1593,2144,-551
118000006,855,2526,-1671
118000007,3219,5130,-1911
118000008,869,3361,-2492
118000009,1077,2012,-935
118000010,1610,2894,-1284
118000011,1593,644,949
118000012,667,802,-135
118000013,1212,1263,-51
118000014,886,905,-19
118000016,258,127,131
118000017,577,205,372
118000018,210,120,90
118000019,737,1431,-694
118000020,297,1341,-1044
118000021,344,1831,-1487
118000022,660,432,228
118000023,321,227,94
118000024,422,557,-135
118000025,217,477,-260
118000027,3867,4211,-344
118000029,363,994,-631
118000032,160,1554,-1394
118000033,1375,2851,-1476
118000034,1471,1473,-2
118000035,1138,1286,-148
118000036,449,460,-11
118000037,369,861,-492
118000038,332,68,264
118000039,79,41,38
118000040,1272,712,560
118000041,1429,838,591
118000045,80,237,-157
118000046,308,668,-360
118000047,273,1166,-893
118000048,528,1207,-679
118000051,1391,1889,-498
118000052,807,1102,-295
118000053,125,815,-690
118000054,2055,1332,723
118000055,960,904,56
118000056,65,324,-259
118000057,95,293,-198
118000058,999,2578,-1579
118000059,452,2275,-1823
118000060,754,284,470
118000061,864,654,210
118000062,354,154,200
118000063,288,773,-485
118000064,320,693,-373
118000065,1261,768,493
118000066,650,1706,-1056
118000067,264,383,-119
118000068,299,5803,-5504
118000069,465,601,-136
118000070,1958,1466,492
118000071,1683,6086,-4403
118000072,341,2808,-2467
118000073,299,1637,-1338
118000074,329,1711,-1382
118000075,579,1308,-729
118000076,981,3384,-2403
118000077,611,565,46
118000078,1400,1562,-162
118000079,62,345,-283
118000080,237,265,-28
118000081,781,831,-50
118000082,110,710,-600
118000083,765,920,-155
118000084,600,1452,-852
118000086,143,336,-193
118000087,1739,1677,62
118000088,983,763,220
118000089,2166,2030,136
118000090,710,1772,-1062
118000091,502,2727,-2225
118000092,333,409,-76
118000093,50,553,-503
118000096,386,358,28
118000097,269,337,-68
118000098,142,62,80
118000099,484,97,387
118000101,1446,155,1291
118000102,206,319,-113
118000107,710,138,572
118000108,174,3020,-2846
118000110,0,10,-10
118000111,0,136,-136
118000112,888,1,887
118000113,1,119,-118
118000114,781,0,781
118000115,2,8,-6
118000116,8,0,8
118000117,481,368,113
118000118,772,782,-10
118000119,930,918,12
118000120,677,412,265
118000121,31,114,-83
118000122,184,67,117
118000123,60,76,-16
118000125,493,456,37
118000126,403,1325,-922
118000127,690,542,148
118000128,221,788,-567
118000129,592,465,127
118000130,1098,1805,-707
118000131,151,360,-209
118000132,2368,1910,458
118000133,975,491,484
118000135,498,423,75
118000136,27,296,-269
118000137,170,45,125
118000138,355,157,198
118000139,334,72,262
118000140,2124,6121,-3997
118000141,2661,1295,1366
118000142,1943,1142,801
118000143,2556,947,1609
118000144,505,200,305
118000145,627,422,205
118000146,917,201,716
118000147,722,443,279
118000148,694,1276,-582
118000149,600,263,337
118000150,772,66,706
118000151,726,146,580
118000153,1744,440,1304
118000154,1102,1054,48
118000155,1939,688,1251
118000156,1730,2302,-572
118000157,370,148,222
118000158,106,419,-313
118000159,57,113,-56
118000160,643,242,401
118000161,519,228,291
118000162,870,837,33
118000163,939,856,83
118000164,1639,1513,126
118000168,335,553,-218
118000169,455,476,-21
118000170,1506,1680,-174
118000171,317,286,31
118000172,91,159,-68
118000173,626,1343,-717
118000175,83,204,-121
118000176,406,249,157
118000177,358,294,64
118000178,0,65,-65
118000179,635,381,254
118000180,351,254,97
118000181,492,126,366
118000182,225,123,102
118000183,142,193,-51
118000184,1183,340,843
118000185,254,1064,-810
118000186,152,752,-600
118000187,1704,177,1527
118000188,754,22,732
118000189,897,104,793
118000190,4,2,2
118000191,10,5,5
118000192,3,80,-77
118000193,9,132,-123
118000194,693,707,-14
118000195,135,850,-715
118000196,21,169,-148
118000197,47,778,-731
118000198,187,1438,-1251
118000199,146,727,-581
118000200,45,205,-160
118000201,118,360,-242
118000202,6,102,-96
118000203,57,785,-728
118000204,15,281,-266
118000205,28,124,-96
118000206,162,113,49
118000207,0,33,-33
118000208,1098,1183,-85
118000209,1969,481,1488
118000210,180,14,166
118000211,85,36,49
118000213,342,1687,-1345
118000214,99,251,-152
118000215,323,36,287
118000216,3344,780,2564
118000217,5,24,-19
118000218,83,37,46
118000219,152,92,60
118000220,12,12,0
118000221,596,471,125
118000222,62,3,59
118000223,37,23,14
118000224,96,30,66
118000225,56,317,-261
118000226,1043,78,965
118000227,130,188,-58
118000228,5,141,-136
118000229,9,81,-72
118000230,67,100,-33
118000231,37,46,-9
118000232,483,189,294
118000233,1104,245,859
118000234,377,53,324
118000236,231,118,113
118000237,166,116,50
118000238,340,35,305
118000239,293,137,156
118000240,71,96,-25
118000241,107,68,39
118000242,440,67,373
118000243,140,75,65
118000244,59,31,28
118000246,0,5,-5
118000255,36,156,-120
118000256,85,136,-51
118000259,18,49,-31
118000260,213,50,163
118000261,39,3,36
118000263,105,144,-39
118000266,29,109,-80
118000267,0,83,-83
118000268,107,1,106
118000270,115,4,111
118000271,203,76,127
118000272,83,10,73
118000273,206,45,161
118000274,68,74,-6
118000276,241,73,168
118000295,4,35,-31
118000298,148,99,49
118000299,32,96,-64
118000301,1,51,-50
118000302,14,23,-9
118000311,1148,17,1131
118000312,244,42,202
118000313,106,35,71
118000314,163,19,144
118000315,31,18,13
118000316,921,114,807
118000325,92,11,81
118000326,8,15,-7
118000331,45,7,38
118000332,28,6,22
118000333,28,11,17
118000335,715,0,715
118000336,0,67,-67
118000407,457,67,390
118000457,0,26,-26
118000465,414,1773,-1359
118000480,25,32,-7
118000489,20,364,-344
118000490,0,80,-80
118000492,375,51,324
118000510,1,1,0
118000514,14,142,-128
118000515,396,810,-414
118000517,159,91,68
118000524,176,213,-37
118000525,208,324,-116
118000530,44,90,-46
118000531,369,130,239
118000532,153,144,9
118000533,114,72,42
118000534,322,126,196
118000535,374,12,362
118000536,31,301,-270
118000537,32,74,-42
118000538,21,76,-55
118000539,12,52,-40
118000540,187,52,135
118000541,47,45,2
118000542,67,172,-105
118000543,151,170,-19
118000546,64,15,49
118000560,397,1360,-963
118000562,60,13,47
118000563,919,665,254
118000576,66,32,34
118000577,62,95,-33
118000578,40,23,17
118000579,384,1103,-719
118000595,212,34,178
118000596,0,76,-76
118000597,87,64,23
118000598,24,0,24
118000599,222,5,217
118000600,1,9,-8
118000601,11,0,11
118000602,0,14,-14
118000603,0,0,0
118900001,317,405,-88
118900002,316,376,-60
118900003,496,5,491
118900004,89,3,86
118900005,19,2,17
118900006,97,1,96
118900007,0,0,0
118900008,541,11,530
118900009,88,109,-21
118900010,62,11,51
118900011,71,7,64
118900012,160,68,92
118900013,231,231,0
118900015,370,13,357
118900016,1,2,-1
118900017,4,46,-42
118900018,695,71,624
118900019,13,1,12
118900020,3,25,-22
118900021,77,215,-138
118900022,95,6,89
118900023,33,44,-11
118900024,77,45,32
118900025,13,51,-38
118900026,54,11,43
118900027,262,88,174
118900028,164,80,84
118900029,156,135,21
118900030,713,30,683
118900031,67,10,57
118900032,191,17,174
118900033,239,319,-80
118900034,154,14,140
118900035,88,81,7
118900036,966,279,687
118900037,112,249,-137
118900038,424,78,346
118900039,518,52,466
118900040,91,57,34
118900041,470,125,345
118900042,53,57,-4
118900045,89,76,13
118900046,331,236,95
118900047,183,242,-59
118900048,15,322,-307
118900049,5,3,2
118900050,16,1,15
118900051,51,54,-3
118900052,70,157,-87
118900053,5,28,-23
118900054,139,23,116
118900055,149,25,124
118900056,5,76,-71
118900057,705,250,455
118900058,200,173,27
118900059,1,28,-27
118900060,84,30,54
118900062,77,60,17
118900064,91,379,-288
118900065,8,117,-109
118900066,80,5,75
118900067,1498,3978,-2480
118900068,0,63,-63
118900069,547,33,514
118900071,2,2,0
118900072,122,152,-30
118900073,167,35,132
118900074,72,10,62
118900075,57,14,43
118900076,121,9,112
118900077,305,77,228
118900078,10,0,10
118900079,35,13,22
118900080,44,20,24
118900081,9,10,-1
118900082,1285,92,1193
118900083,7,1,6
118900084,4,6,-2
118900085,268,130,138
118900086,33,30,3
118900087,42,538,-496
118900088,2,0,2
118900089,6,5,1
118900090,169,61,108
118900091,96,63,33
118900092,153,16,137
118900093,32,4,28
118900096,3,1,2
118900097,163,154,9
118900099,135,55,80
118900100,29,42,-13
118900101,169,158,11
118900102,20,18,2
118900103,9,60,-51
118900104,249,28,221
118900105,64,13,51
118900107,53,58,-5
118900108,38,70,-32
118900109,88,159,-71
118900110,383,660,-277
118900111,214,91,123
118900112,113,50,63
118900113,50,55,-5
118900114,1,20,-19
118900115,48,131,-83
118900116,52,30,22
118900117,75,43,32
118900118,235,302,-67
118900119,71,166,-95
118900120,33,101,-68
118900121,10,208,-198
118900122,1,384,-383
118900123,45,72,-27
118900124,53,36,17
118900126,6,78,-72
118900129,158,51,107
118900130,7,18,-11
118900131,204,129,75
118900132,218,56,162
118900133,0,35,-35
118900135,121,82,39
118900136,191,140,51
118900137,0,18,-18
118900139,117,88,29
118900140,256,178,78
118900141,21,16,5
118900144,148,118,30
118900145,1,57,-56
118900146,126,211,-85
118900147,16,141,-125
118900148,44,25,19
118900150,19,299,-280
118900152,335,235,100
118900157,8,30,-22
118900158,137,28,109
118900159,0,24,-24
118900161,32,50,-18
118900163,8,8,0
118900164,0,2,-2
118900165,50,51,-1
118900166,4,1,3
118900167,35,34,1
118900168,11,33,-22
118900169,142,73,69
118900170,298,3,295
118900171,47,9,38
118900174,14,6,8
118900175,462,184,278
118900176,211,129,82
118900177,132,7,125
118900178,53,26,27
118900179,2,4,-2
118900181,51,40,11
118900182,19,17,2
118900183,3,54,-51
118900184,92,5,87
118900185,75,30,45
118900186,82,24,58
118900187,75,173,-98
118900188,202,122,80
118900189,7,437,-430
118900190,37,57,-20
118900191,343,8,335
118900192,362,5,357
118900193,1081,6,1075
118900195,163,212,-49
118900196,11,38,-27
118900197,370,3,367
118900198,38,2,36
118900199,73,3,70
118900200,38,21,17
118900201,17,12,5
118900202,0,25,-25
118900203,33,1,32
118900204,8,0,8
118900205,0,5,-5
118900206,0,9,-9
119000001,1308,1109,199
119000002,2948,2389,559
119000003,3251,456,2795
119000004,2248,1280,968
119000005,1621,1702,-81
119000006,2940,1230,1710
119000007,3578,2591,987
119000008,1032,747,285
119000009,2007,4431,-2424
119000010,2702,2898,-196
119000011,1980,1976,4
119000012,809,2066,-1257
119000013,3262,2030,1232
119000014,1084,1648,-564
119000019,147,130,17
119000020,2052,1273,779
119000021,4286,2854,1432
119000022,751,2348,-1597
119000023,159,215,-56
119000024,1156,12881,-11725
119000025,2032,681,1351
119000026,22,435,-413
119000027,34,315,-281
119000028,1107,341,766
119000029,105,138,-33
119000030,390,477,-87
119000031,673,426,247
119000032,821,948,-127
119000033,1472,684,788
119000034,943,307,636
119000035,25,85,-60
119000036,2214,235,1979
119000037,1341,434,907
119000038,201,297,-96
119000039,716,306,410
119000040,346,643,-297
119000041,568,1135,-567
119000048,1541,921,620
119000049,1601,795,806
119000050,547,851,-304
119000051,1429,697,732
119000052,1110,1035,75
119000053,1699,750,949
119000054,2278,656,1622
119000055,4298,840,3458
119000056,3517,886,2631
119000057,1069,425,644
119000058,852,472,380
119000059,606,417,189
119000060,1482,320,1162
119000061,499,345,154
119000062,864,470,394
119000063,628,293,335
119000064,366,299,67
119000065,595,1226,-631
119000066,1661,672,989
119000067,1156,714,442
119000068,1229,337,892
119000069,1461,577,884
119000070,2182,375,1807
119000071,259,218,41
119000072,2098,1135,963
119000073,2578,5409,-2831
119000074,1366,620,746
119000075,4068,1077,2991
119000076,81,339,-258
119000077,545,238,307
119000078,289,377,-88
119000079,132,872,-740
119000080,430,44,386
119000081,232,325,-93
119000082,528,101,427
119000083,343,163,180
119000084,152,147,5
119000085,863,80,783
119000086,323,186,137
119000087,427,181,246
119000088,331,57,274
119000089,59,41,18
119000090,75,48,27
119000091,60,196,-136
119000092,179,164,15
119000093,1663,1052,611
119000094,3731,2646,1085
119000095,1947,1310,637
119000097,613,551,62
119000098,816,3502,-2686
119000099,1165,447,718
119000100,3545,1700,1845
119000101,2372,1291,1081
119000102,147,1057,-910
119000103,554,304,250
119000104,441,238,203
119000105,588,1678,-1090
119000106,341,278,63
119000107,1198,453,745
119000108,405,330,75
119000109,61,187,-126
119000110,141,126,15
119000111,19,342,-323
119000112,113,42,71
119000113,478,106,372
119000114,402,904,-502
119000115,23,113,-90
119000116,20,70,-50
119000117,84,205,-121
119000118,10,1,9
119000123,699,1527,-828
119000124,874,132,742
119000125,3881,240,3641
119000126,1095,218,877
119000127,775,108,667
119000128,26,5,21
119000131,993,148,845
119000132,2,0,2
119000133,0,24,-24
119000134,470,385,85
119000135,233,112,121
119000136,246,42,204
119000137,238,68,170
119000138,768,47,721
119000139,90,33,57
119000140,152,139,13
119000284,500,1158,-658
119000285,920,568,352
119000286,2359,1447,912
119000287,1041,879,162
119000288,1463,411,1052
119000289,599,712,-113
119000290,157,163,-6
119000291,8,159,-151
119000293,134,182,-48
119000294,17,24,-7
119000295,702,213,489
119000296,195,34,161
119000302,929,963,-34
119000303,13,73,-60
119000314,1066,10175,-9109
119000315,0,78,-78
119000316,125,7,118
119000317,72,49,23
119900001,77,524,-447
119900002,118,83,35
119900003,1,65,-64
119900004,43,1693,-1650
119900005,222,14,208
119900006,102,192,-90
119900007,265,187,78
119900008,30,80,-50
119900009,259,92,167
119900010,375,312,63
119900011,46,309,-263
119900012,15,140,-125
119900013,1074,892,182
119900014,321,109,212
119900015,317,48,269
119900016,44,14,30
119900017,38,22,16
119900018,628,1230,-602
119900019,63,1,62
119900020,40,48,-8
119900021,50,19,31
119900022,46,901,-855
119900023,191,1806,-1615
119900025,295,4,291
119900026,186,39,147
119900027,5,29,-24
119900028,112,185,-73
119900029,5,1,4
119900030,366,184,182
119900031,31,597,-566
119900033,430,218,212
119900034,556,27,529
119900037,163,1,162
119900038,18,207,-189
119900039,63,12,51
119900040,153,26,127
119900041,124,14,110
119900042,16,79,-63
119900043,100,25,75
119900044,81,600,-519
119900046,135,16,119
119900047,267,107,160
119900048,19,49,-30
119900049,139,2,137
119900050,267,97,170
119900051,1405,8,1397
119900052,106,15,91
119900053,229,77,152
119900054,322,18,304
119900055,1135,150,985
119900057,399,37,362
119900058,310,1,309
119900059,44,28,16
119900060,611,30,581
119900061,679,3,676
119900062,94,7,87
119900063,17,36,-19
119900064,707,55,652
119900065,234,2,232
119900066,0,0,0
119900067,29,13,16
119900068,812,3,809
119900069,141,5,136
119900070,1430,13,1417
119900071,1095,24,1071
119900072,453,180,273
119900073,677,58,619
119900074,10,32,-22
119900075,866,1021,-155
119900076,654,115,539
119900077,1218,139,1079
119900078,465,151,314
119900079,419,26,393
119900080,282,127,155
119900081,104,21,83
119900082,2406,203,2203
119900083,189,54,135
119900084,122,42,80
119900085,26,17,9
119900086,163,195,-32
119900087,92,139,-47
119900088,7,12,-5
119900089,8,115,-107
119900090,61,7,54
119900091,19,171,-152
119900092,22,255,-233
119900093,618,82,536
119900094,17,87,-70
119900095,43,12,31
119900096,71,38,33
119900097,15,156,-141
119900098,33,11,22
119900099,15,62,-47
119900100,444,1558,-1114
119900101,68,406,-338
119900102,21,37,-16
119900103,46,35,11
119900104,48,47,1
119900105,347,1013,-666
119900106,2,42,-40
119900107,92,584,-492
119900108,1589,289,1300
119900109,8,55,-47
119900110,303,144,159
119900111,194,52,142
119900112,471,451,20
119900113,16,69,-53
119900114,238,194,44
119900115,446,141,305
119900116,39,250,-211
119900117,179,159,20
119900118,122,140,-18
119900119,185,45,140
119900120,237,185,52
119900121,386,191,195
119900122,15,52,-37
119900123,73,88,-15
119900124,185,256,-71
119900125,11,43,-32
119900126,1103,126,977
119900127,269,136,133
119900128,248,207,41
119900129,218,68,150
119900130,5,18,-13
119900131,31,44,-13
119900132,2,7,-5
119900133,63,51,12
119900134,280,45,235
119900135,0,58,-58
119900136,66,34,32
119900138,59,73,-14
119900139,15,100,-85
119900140,4,8,-4
119900141,8,483,-475
119900142,24,14,10
119900143,9,310,-301
119900144,355,43,312
119900145,10,47,-37
119900146,54,90,-36
119900147,0,121,-121
119900148,449,14,435
119900149,165,3869,-3704
119900150,59,42,17
119900151,692,509,183
119900152,79,48,31
119900153,213,8,205
119900154,20,96,-76
119900155,36,17,19
119900156,5,2,3
119900157,178,58,120
119900158,182,27,155
119900159,2,264,-262
119900160,26,15,11
119900161,49,34,15
119900162,961,415,546
119900163,10,52,-42
119900164,0,2,-2
119900165,136,45,91
119900166,73,7,66
119900167,0,13,-13
119900168,1083,196,887
119900169,19,143,-124
119900170,128,68,60
119900171,411,205,206
119900172,10,21,-11
119900173,3,50,-47
119900174,0,28,-28
119900175,1578,142,1436
119900177,4,40,-36
119900178,0,20,-20
119900179,168,912,-744
119900180,759,251,508
119900181,16,45,-29
119900182,3,71,-68
119900183,25,217,-192
119900184,372,226,146
119900185,53,309,-256
119900186,2,1015,-1013
119900187,24,89,-65
119900188,43,127,-84
119900189,51,58,-7
119900190,39,236,-197
119900191,70,53,17
119900192,24,65,-41
119900193,545,84,461
119900194,17,27,-10
119900195,3,85,-82
119900196,157,62,95
119900197,308,58,250
119900198,46,85,-39
119900199,134,2,132
119900200,547,322,225
119900201,63,61,2
119900202,19,158,-139
119900203,63,266,-203
119900204,181,55,126
119900205,1000,120,880
119900206,297,103,194
119900208,184,35,149
119900209,410,987,-577
119900210,77,3,74
119900211,45,0,45
119900212,363,191,172
119900213,8,45,-37
119900214,58,15,43
119900215,40,16,24
119900216,4,5,-1
119900217,14,15,-1
119900218,12,13,-1
119900219,6,8,-2
119900220,3,12,-9
119900221,51,37,14
119900222,6,40,-34
119900223,0,13,-13
119900224,1,5,-4
119900225,143,6,137
119900226,133,1193,-1060
119900227,243,78,165
119900228,12,263,-251
119900229,40,74,-34
119900230,416,117,299
119900231,285,49,236
119900232,102,23,79
119900233,82,8,74
119900234,4,72,-68
119900235,11,17,-6
119900236,5,20,-15
119900237,41,162,-121
119900238,0,49,-49
119900240,90,40,50
119900241,100,71,29
119900242,822,479,343
119900244,244,439,-195
119900245,75,51,24
119900246,63,180,-117
119900247,11,28,-17
119900248,10,243,-233
119900249,241,24,217
119900253,549,301,248
119900254,66,755,-689
119900255,53,197,-144
119900256,1087,226,861
119900257,224,5,219
119900258,325,22,303
119900259,3,11,-8
119900260,298,14,284
119900261,277,38,239
119900262,0,54,-54
119900263,718,86,632
119900264,152,41,111
119900265,442,124,318
119900266,360,45,315
119900267,76,94,-18
119900268,94,45,49
119900269,815,276,539
119900271,16,23,-7
119900272,52,47,5
119900275,98,16,82
119900276,119,1,118
119900277,53,0,53
119900278,231,49,182
119900279,66,220,-154
119900280,257,31,226
119900281,1,155,-154
119900282,14,48,-34
119900283,3,42,-39
119900284,20,62,-42
119900285,0,100,-100
119900286,0,21,-21
119900288,0,7,-7
119900289,11,0,11
119900290,2,0,2
119900291,0,13,-13
119900292,18,73,-55
119900293,15,33,-18
119900294,11,41,-30
119900295,35,23,12
119900296,109,27,82
119900297,20,7,13
119900298,2,8,-6
119900299,33,41,-8
119900300,348,87,261
119900301,24,118,-94
119900302,4,78,-74
119900303,317,170,147
119900304,197,2,195
119900305,0,4,-4
119900306,1,5,-4
119900307,72,28,44
119900308,3,3,0
119900309,30,190,-160
119900310,88,38,50
119900311,183,19,164
119900312,132,11,121
119900313,91,75,16
119900314,212,198,14
119900315,2177,557,1620
119900318,13,74,-61
119900319,8,51,-43
119900320,250,259,-9
119900321,144,12,132
120000001,5521,17485,-11964
120000002,1968,1090,878
120000003,1300,640,660
120000004,1519,664,855
120000005,1533,543,990
120000006,867,493,374
120000007,1649,2498,-849
120000008,589,522,67
120000009,1113,588,525
120000010,1730,1029,701
120000011,555,628,-73
120000012,1356,911,445
120000013,2538,1565,973
120000014,622,689,-67
120000015,1952,798,1154
120000016,3260,1663,1597
120000017,3006,2295,711
120000018,2164,12541,-10377
120000019,790,930,-140
120000020,1407,2412,-1005
120000021,1155,826,329
120000022,2766,3781,-1015
120000023,1386,1077,309
120000024,881,1282,-401
120000025,2647,847,1800
120000026,3091,1510,1581
120000027,2037,1613,424
120000028,637,730,-93
120000029,610,872,-262
120000030,99,468,-369
120000031,1114,3019,-1905
120000032,2789,1228,1561
120000033,2768,495,2273
120000034,2807,444,2363
120000035,2991,514,2477
120000036,2339,2797,-458
120000037,504,1634,-1130
120000038,1673,1540,133
120000039,382,997,-615
120000040,45,1787,-1742
120000041,400,656,-256
120000042,1567,711,856
120000043,3913,558,3355
120000044,6100,1156,4944
120000045,6799,462,6337
120000046,5246,3060,2186
120000047,397,4691,-4294
120000048,4150,1960,2190
120000049,3338,1329,2009
120000050,2116,1618,498
120000051,1609,2641,-1032
120000052,4292,735,3557
120000053,838,1186,-348
120000054,842,1818,-976
120000055,1117,1397,-280
120000056,2706,1934,772
120000057,2549,584,1965
120000058,916,644,272
120000059,24,1824,-1800
120000061,11,274,-263
120000062,73,230,-157
120000063,401,1067,-666
120000064,207,450,-243
120000065,257,657,-400
120000066,208,219,-11
120000067,79,226,-147
120000068,125,226,-101
120000069,523,239,284
120000070,171,290,-119
120000071,1108,53,1055
120000072,1202,357,845
120000073,1040,46,994
120000074,380,20,360
120000075,1257,112,1145
120000076,2695,217,2478
120000077,2625,171,2454
120000078,1941,595,1346
120000079,279,125,154
120000080,41,148,-107
120000081,307,59,248
120000082,359,111,248
120000083,49,669,-620
120000084,174,232,-58
120000085,213,300,-87
120000086,70,190,-120
120000087,142,161,-19
120000088,560,488,72
120000089,713,239,474
120000090,451,178,273
120000091,1306,294,1012
120000092,1027,175,852
120000093,923,220,703
120000094,345,365,-20
120000095,524,130,394
120000096,201,273,-72
120000098,500,293,207
120000099,193,311,-118
120000100,546,276,270
120000101,405,144,261
120000102,587,964,-377
120000103,1014,701,313
120000104,2372,197,2175
120000105,2606,161,2445
120000106,3099,161,2938
120000107,5632,177,5455
120000108,2253,54,2199
120000109,1007,39,968
120000110,45,317,-272
120000111,49,283,-234
120000112,256,1172,-916
120000113,160,997,-837
120000114,248,494,-246
120000115,148,490,-342
120000116,155,519,-364
120000117,382,502,-120
120000118,3,6,-3
120000119,3,17,-14
120000120,124,62,62
120000121,5,11,-6
120000122,98,494,-396
120000123,1386,8597,-7211
120000124,420,188,232
120000125,598,265,333
120000126,202,508,-306
120000127,330,302,28
120000128,1050,1396,-346
120000129,109,78,31
120000130,397,227,170
120000131,338,156,182
120000134,183,129,54
120000135,1064,485,579
120000137,258,104,154
120000138,1482,92,1390
120000139,202,91,111
120000140,1696,81,1615
120000141,318,237,81
120000142,736,257,479
120000143,1,77,-76
120000144,101,5,96
120000145,626,0,626
120000146,408,751,-343
120000149,268,282,-14
120000150,805,8314,-7509
120000151,414,163,251
120000152,1352,59,1293
120000153,599,151,448
120000154,371,402,-31
120000155,244,271,-27
120000156,193,1313,-1120
120000157,956,185,771
120000158,634,233,401
120000159,1013,773,240
120000160,1700,1413,287
120000161,2699,1954,745
120000162,136,266,-130
120000163,652,150,502
120000164,713,56,657
120000165,917,185,732
120000166,1848,219,1629
120000167,29,135,-106
120000168,0,219,-219
120000169,7,603,-596
120000170,11,467,-456
120000171,5,321,-316
120000172,2,161,-159
120000173,148,233,-85
120000174,29,16,13
120000175,35,18,17
120000176,12,17,-5
120000177,300,59,241
120000178,22,21,1
120000179,35,47,-12
120000180,62,85,-23
120000181,9,383,-374
120000182,16,348,-332
120000183,0,222,-222
120000184,18,596,-578
120000186,23,290,-267
120000187,22,79,-57
120000188,32,80,-48
120000190,159,41,118
120000191,122,35,87
120000192,88,7,81
120000193,58,0,58
120000195,5,1,4
120000196,57,7,50
120000197,23,16,7
120000198,335,6,329
120000199,318,1,317
120000200,317,1,316
120000201,36,79,-43
120000202,0,23,-23
120000203,78,9,69
120000207,0,17,-17
120000208,8,28,-20
120000209,1,10,-9
120000210,19,32,-13
120000211,170,0,170
120000212,372,0,372
120000213,238,80,158
120000214,0,31,-31
120000215,0,24,-24
120000216,212,9,203
120000217,197,259,-62
120000218,26,259,-233
120000219,2,256,-254
120000220,26,623,-597
120000225,3033,5,3028
120000226,568,16,552
120000227,943,155,788
120000228,5098,3464,1634
120000230,448,25,423
120000231,1564,351,1213
120000233,510,5,505
120000235,122,195,-73
120000236,1594,6,1588
120000237,1,281,-280
120000238,0,220,-220
120000241,1146,2942,-1796
120000412,251,13,238
120000413,497,38,459
120000414,214,2,212
120000415,0,11,-11
120000416,139,0,139
120000417,1,78,-77
120000418,477,7,470
120000419,0,47,-47
120000420,15,6,9
120000421,4796,2784,2012
120000422,79,1714,-1635
120000423,0,62,-62
120000424,76,3,73
120000436,76,1292,-1216
120000437,26,49,-23
120000438,793,139,654
120000439,133,428,-295
120000443,141,1,140
120000444,1807,188,1619
120000445,1579,869,710
120000446,303,91,212
120000447,565,2,563
120000449,279,1,278
120000450,0,30,-30
120000451,115,55,60
120000452,198,4,194
120000453,0,24,-24
120000454,13,31,-18
120000455,78,35,43
120000456,780,2902,-2122
120000457,471,210,261
120000458,260,161,99
120000459,207,28,179
120000665,132,263,-131
120000668,32,686,-654
120000669,104,67,37
120000670,41,353,-312
120000671,1063,408,655
120000672,5,147,-142
120900001,120,17,103
120900002,67,109,-42
120900003,105,3,102
120900004,8,93,-85
120900005,252,186,66
120900006,689,72,617
120900007,53,48,5
120900008,568,281,287
120900009,96,17,79
120900010,662,88,574
120900011,8,87,-79
120900012,31,1085,-1054
120900013,437,82,355
120900014,0,107,-107
120900015,1140,41,1099
120900016,1542,17,1525
120900017,895,56,839
120900018,166,113,53
120900019,412,224,188
120900020,260,397,-137
120900021,703,37,666
120900022,1,53,-52
120900023,517,32,485
120900024,685,185,500
120900025,522,284,238
120900026,77,67,10
120900027,240,23,217
120900028,710,137,573
120900029,19,989,-970
120900030,2070,242,1828
120900031,577,123,454
120900032,1924,87,1837
120900033,1447,75,1372
120900034,19,2002,-1983
120900035,47,49,-2
120900037,313,2,311
120900038,78,670,-592
120900039,103,33,70
120900040,492,3,489
120900041,4,5,-1
120900042,626,23,603
120900043,80,33,47
120900044,3,235,-232
120900045,69,30,39
120900046,946,5,941
120900047,111,247,-136
120900048,135,13,122
120900049,828,3,825
120900050,464,2569,-2105
120900051,319,97,222
120900052,1279,7,1272
120900053,575,46,529
120900054,330,86,244
120900055,710,4,706
120900056,821,27,794
120900057,315,20,295
120900058,1048,0,1048
120900059,118,4,114
120900060,55,24,31
120900061,121,42,79
120900062,412,1,411
120900063,916,9,907
120900064,1029,3,1026
120900065,1073,3,1070
120900066,830,143,687
120900067,194,50,144
120900068,532,0,532
120900069,414,11,403
120900071,31,1,30
120900072,1166,9,1157
120900073,943,68,875
120900074,1078,37,1041
120900076,700,0,700
120900077,763,321,442
120900078,900,156,744
120900079,1261,93,1168
120900080,1564,448,1116
120900081,1921,259,1662
120900082,273,220,53
120900083,224,15,209
120900084,322,393,-71
120900085,15,24,-9
120900086,28,452,-424
120900087,588,156,432
120900088,136,833,-697
120900089,1280,3665,-2385
120900090,177,28,149
120900091,140,664,-524
120900092,82,131,-49
120900093,783,75,708
120900094,84,96,-12
120900095,158,5,153
120900096,30,109,-79
120900097,256,229,27
120900098,134,102,32
120900099,27,37,-10
120900100,16,24,-8
120900101,22,78,-56
120900102,23,23,0
120900103,38,81,-43
120900104,3,9,-6
120900105,4,119,-115
120900106,273,130,143
120900107,133,71,62
120900108,0,177,-177
120900109,20,143,-123
120900110,2,80,-78
120900111,105,105,0
120900112,1,184,-183
120900113,10,153,-143
120900114,22,48,-26
120900115,64,158,-94
120900116,632,108,524
120900117,18,108,-90
120900118,15,262,-247
120900119,3107,1415,1692
120900120,10,177,-167
120900121,4,129,-125
120900122,982,197,785
120900123,2,70,-68
120900124,7,193,-186
120900125,0,232,-232
120900126,148,166,-18
120900127,2,100,-98
120900128,107,330,-223
120900129,25,94,-69
120900130,28,184,-156
120900131,34,52,-18
120900132,1270,51,1219
120900133,18,201,-183
120900134,31,175,-144
120900135,2,219,-217
120900136,6,66,-60
120900137,567,29,538
120900138,6,138,-132
120900139,3,224,-221
120900140,0,97,-97
120900141,330,60,270
120900142,0,99,-99
120900143,0,232,-232
120900144,0,36,-36
120900145,90,281,-191
120900146,0,170,-170
120900147,0,3,-3
120900148,76,47,29
120900149,0,66,-66
120900150,58,107,-49
120900151,0,81,-81
120900152,0,0,0
120900153,31,0,31
120900154,2,66,-64
120900155,168,227,-59
120900156,105,85,20
120900157,0,1,-1
120900158,8,116,-108
120900159,1,57,-56
120900160,9,212,-203
120900161,5,405,-400
120900162,13,211,-198
120900163,18,257,-239
120900164,0,28,-28
120900165,0,55,-55
120900166,21,341,-320
120900167,56,28,28
120900169,86,112,-26
120900170,193,4277,-4084
120900171,338,53,285
120900172,159,363,-204
120900173,2,25,-23
120900174,0,40,-40
120900175,73,31,42
120900176,3,380,-377
120900177,2,1389,-1387
120900178,0,833,-833
120900179,114,84,30
120900180,83,97,-14
120900181,8,11,-3
120900182,26,26,0
120900183,321,67,254
120900184,155,40,115
120900185,108,831,-723
120900186,0,128,-128
120900187,588,230,358
120900188,256,22,234
120900189,32,2494,-2462
120900190,132,29,103
120900191,59,3,56
120900192,3418,10848,-7430
120900194,48,14,34
120900195,77,113,-36
120900196,117,8,109
120900197,830,40,790
120900198,52,188,-136
120900199,214,547,-333
120900200,16,77,-61
120900201,197,40,157
120900202,0,42,-42
120900203,45,25,20
120900204,52,74,-22
120900205,77,24,53
120900206,19,29,-10
121000001,652,610,42
121000002,1032,1261,-229
121000003,3322,1530,1792
121000004,1069,2156,-1087
121000005,1976,2589,-613
121000006,1193,2129,-936
121000007,1568,2542,-974
121000008,2130,3001,-871
121000009,3202,4146,-944
121000010,2408,2630,-222
121000011,3582,4201,-619
121000012,6239,2709,3530
121000013,3695,3144,551
121000014,3115,1780,1335
121000015,2779,3779,-1000
121000016,2061,1511,550
121000017,1600,1776,-176
121000018,1924,1115,809
121000019,3447,5000,-1553
121000020,5674,9914,-4240
121000021,851,824,27
121000022,1159,1940,-781
121000023,1241,496,745
121000024,2722,3085,-363
121000025,139,729,-590
121000026,76,87,-11
121000027,827,778,49
121000028,322,419,-97
121000029,497,372,125
121000030,280,288,-8
121000031,298,297,1
121000032,124,95,29
121000034,82,131,-49
121000035,82,168,-86
121000036,637,553,84
121000037,245,898,-653
121000038,213,435,-222
121000039,94,203,-109
121000041,228,481,-253
121000042,94,246,-152
121000043,207,607,-400
121000044,518,442,76
121000045,280,242,38
121000046,369,585,-216
121000047,40,98,-58
121000049,498,614,-116
121000050,89,1394,-1305
121000051,514,184,330
121000052,286,1356,-1070
121000053,104,134,-30
121000054,18,221,-203
121000055,466,814,-348
121000056,621,1106,-485
121000057,58,138,-80
121000058,78,50,28
121000059,2352,632,1720
121000060,448,810,-362
121000061,18,403,-385
121000062,32,289,-257
121000063,643,926,-283
121000064,368,402,-34
121000065,141,288,-147
121000066,191,174,17
121000067,225,225,0
121000068,226,363,-137
121000069,117,1004,-887
121000070,574,569,5
121000071,914,1148,-234
121000072,524,276,248
121000073,492,794,-302
121000074,46,116,-70
121000075,16,32,-16
121000076,231,120,111
121000077,82,57,25
121000078,31,201,-170
121000080,629,246,383
121000081,879,2245,-1366
121000082,99,113,-14
121000083,38,25,13
121000084,87,165,-78
121000085,125,197,-72
121000086,330,349,-19
121000087,26,134,-108
121000088,293,227,66
121000089,90,214,-124
121000090,125,264,-139
121000091,622,475,147
121000092,173,28,145
121000093,177,74,103
121000094,258,353,-95
121000095,125,486,-361
121000096,2611,671,1940
121000097,261,904,-643
121000098,198,329,-131
121000099,429,470,-41
121000100,810,215,595
121000101,183,58,125
121000102,185,71,114
121000103,140,271,-131
121000104,214,105,109
121000105,156,46,110
121000106,128,212,-84
121000107,1038,1366,-328
121000109,630,811,-181
121000110,159,561,-402
121000114,1756,1178,578
121000115,403,218,185
121000116,159,147,12
121000117,257,64,193
121000118,1197,90,1107
121000119,267,214,53
121000120,206,401,-195
121000121,460,1603,-1143
121000123,275,121,154
121000126,23,304,-281
121000127,101,104,-3
121000128,880,156,724
121000129,815,208,607
121000130,306,1032,-726
121000131,590,667,-77
121000132,266,604,-338
121000135,171,465,-294
121000136,340,1191,-851
121000137,186,341,-155
121000138,207,2636,-2429
121000139,72,450,-378
121000141,188,87,101
121000142,188,320,-132
121000143,16,24,-8
121000144,224,828,-604
121000145,354,402,-48
121000146,716,690,26
121000147,772,321,451
121000148,379,264,115
121000149,1340,822,518
121000152,128,166,-38
121000153,958,238,720
121000154,843,284,559
121000155,1274,558,716
121000156,317,420,-103
121000157,343,500,-157
121000158,147,219,-72
121000159,163,168,-5
121000160,310,119,191
121000161,204,279,-75
121000162,83,70,13
121000165,517,1476,-959
121000166,15,262,-247
121000168,322,114,208
121000169,16,33,-17
121000170,149,36,113
121000171,98,40,58
121000172,625,456,169
121000173,1237,990,247
121000174,593,509,84
121000175,1085,166,919
121000176,245,188,57
121000177,445,278,167
121000178,72,27,45
121000179,64,38,26
121000181,94,304,-210
121000182,170,398,-228
121000183,20,416,-396
121000184,24,283,-259
121000185,10,421,-411
121000186,238,548,-310
121000187,231,47,184
121000188,232,23,209
121000192,417,271,146
121000193,352,158,194
121000194,828,1173,-345
121000195,221,584,-363
121000196,192,131,61
121000197,71,193,-122
121000198,57,98,-41
121000199,143,115,28
121000200,477,86,391
121000201,21,218,-197
121000202,150,2,148
121000203,398,547,-149
121000204,2779,293,2486
121000205,204,312,-108
121000206,58,144,-86
121000207,1823,793,1030
121000208,21,302,-281
121000209,811,131,680
121000210,855,268,587
121000211,233,63,170
121000212,319,311,8
121000213,5264,1582,3682
121000214,432,1488,-1056
121000215,628,664,-36
121000216,171,480,-309
121000217,2004,2428,-424
121000218,283,801,-518
121000219,983,367,616
121000220,157,26,131
121000221,278,464,-186
121000222,3855,2364,1491
121000223,164,399,-235
121000224,75,423,-348
121000225,267,5404,-5137
121000226,647,1646,-999
121000227,21,91,-70
121000228,50,176,-126
121000229,122,195,-73
121000230,103,734,-631
121000231,1401,46,1355
121000232,175,96,79
121000233,568,213,355
121000234,5,96,-91
121000235,47,106,-59
121000236,1,48,-47
121000237,5,11,-6
121000238,0,15,-15
121000239,66,14,52
121000240,1,94,-93
121000241,76,5,71
121000242,1,155,-154
121000243,129,11,118
121000244,0,59,-59
121000245,23,0,23
121000246,0,52,-52
121000247,118,2,116
121000248,228,236,-8
121000249,59,232,-173
121000250,642,688,-46
121000251,5,159,-154
121000252,153,123,30
121000253,193,673,-480
121000254,707,322,385
121000255,72,433,-361
121000256,205,358,-153
121000257,26,245,-219
121000258,28,197,-169
121000259,17,123,-106
121000260,6,129,-123
121000261,38,286,-248
121000262,647,317,330
121000263,252,303,-51
121000271,416,799,-383
121000273,26,9,17
121000274,15,248,-233
121000275,0,4,-4
121000276,1,143,-142
121000278,47,15,32
121000279,8,104,-96
121000280,9,150,-141
121000289,244,40,204
121000290,374,696,-322
121000294,212,63,149
121000297,170,755,-585
121000299,84,1054,-970
121000300,724,354,370
121000302,9,287,-278
121000303,210,86,124
121000304,297,39,258
121000305,194,27,167
121000306,125,77,48
121000308,73,117,-44
121000309,163,147,16
121000310,139,79,60
121000311,45,153,-108
121000312,356,206,150
121000313,111,119,-8
121000314,0,7,-7
121000315,3,47,-44
121000530,1569,723,846
121000531,1611,898,713
121000532,2802,4457,-1655
121000533,2332,1477,855
121000918,43,110,-67
121000919,16,100,-84
121000938,25,90,-65
121000939,9,127,-118
121000956,1711,818,893
121000957,0,20,-20
121000958,1,98,-97
121000959,1000,291,709
121000960,1328,623,705
121000961,333,19,314
121000962,122,140,-18
121000973,1,169,-168
121000976,4,27,-23
121000979,107,166,-59
121000981,281,38,243
121000982,475,288,187
121000983,337,72,265
121000984,0,17,-17
121000985,1087,296,791
121000986,715,365,350
121000987,171,545,-374
121000988,1021,61,960
121001302,110,71,39
121001308,0,7,-7
121001309,11,284,-273
121001313,169,245,-76
121001314,494,1362,-868
121001315,3251,2188,1063
121900001,97,300,-203
121900002,42,0,42
121900003,233,4,229
121900004,22,242,-220
121900005,23,1,22
121900006,53,3,50
121900007,1597,747,850
121900008,51,62,-11
121900009,713,62,651
121900010,192,2,190
121900011,182,88,94
121900012,18,1,17
121900013,13,26,-13
121900014,735,186,549
121900015,45,46,-1
121900016,2,8,-6
121900017,206,395,-189
121900018,257,4,253
121900019,275,79,196
121900020,11,3,8
121900021,831,11,820
121900022,128,59,69
121900023,136,283,-147
121900024,70,42,28
121900025,356,52,304
121900026,51,19,32
121900027,193,219,-26
121900028,222,4,218
121900029,56,293,-237
121900030,156,201,-45
121900031,215,3619,-3404
121900032,106,13,93
121900033,51,93,-42
121900034,164,72,92
121900035,1440,1086,354
121900036,46,149,-103
121900037,90,1402,-1312
121900038,7,17,-10
121900039,151,3,148
121900040,27,14,13
121900041,26,157,-131
121900042,254,96,158
121900043,0,0,0
121900044,13,63,-50
121900046,58,73,-15
121900047,30,74,-44
121900048,41,32,9
121900050,19,9,10
121900051,83,178,-95
121900052,43,22,21
121900053,316,191,125
121900054,118,381,-263
121900055,1,25,-24
121900058,175,27,148
121900059,134,45,89
121900060,67,177,-110
121900061,83,529,-446
121900062,103,83,20
121900063,1054,163,891
121900064,159,256,-97
121900066,12,22,-10
121900067,4,5,-1
121900069,61,63,-2
121900070,72,218,-146
121900071,363,146,217
121900072,45,15,30
121900073,34,112,-78
121900074,217,245,-28
121900075,122,464,-342
121900076,224,213,11
121900077,0,9,-9
121900078,91,55,36
121900079,0,0,0
121900080,337,114,223
121900082,51,17,34
121900084,6,10,-4
121900085,1,5,-4
121900086,5,26,-21
121900087,33,55,-22
121900088,419,631,-212
121900089,145,74,71
121900090,21,16,5
121900091,21,7,14
121900092,120,88,32
121900093,80,39,41
121900094,0,11,-11
121900095,78,57,21
121900096,501,357,144
121900097,227,26,201
121900098,5,4,1
121900099,122,24,98
121900100,8,32,-24
121900101,52,26,26
121900102,0,16,-16
121900103,226,139,87
121900104,912,114,798
121900105,80,52,28
121900106,2,6,-4
121900107,72,27,45
121900108,0,0,0
121900109,90,44,46
121900110,388,127,261
121900111,53,80,-27
121900112,32,26,6
121900113,15,107,-92
121900114,15,3,12
121900115,111,180,-69
121900117,5,13,-8
121900118,373,82,291
121900119,193,21,172
121900120,63,192,-129
121900121,54,4,50
121900122,51,38,13
121900123,60,115,-55
121900124,30,46,-16
121900125,716,395,321
121900127,18,41,-23
121900128,32,9,23
121900129,102,39,63
121900130,20,1022,-1002
121900131,126,26,100
121900132,20,22,-2
121900133,3,220,-217
121900134,1,176,-175
121900135,4388,387,4001
121900136,47,90,-43
121900137,3,75,-72
121900138,22,79,-57
121900139,139,578,-439
121900140,2,8,-6
121900141,21,16,5
121900142,30,7,23
121900143,8,49,-41
121900144,26,104,-78
121900145,60,95,-35
121900146,98,61,37
121900147,13,29,-16
121900148,23,60,-37
121900149,82,29,53
121900150,23,14,9
121900151,0,38,-38
121900152,49,9,40
121900153,3,110,-107
121900154,0,37,-37
121900155,0,62,-62
121900156,13,4,9
121900157,14,24,-10
121900158,2,9,-7
121900159,0,27,-27
121900160,1,38,-37
121900161,29,79,-50
121900162,5,15,-10
121900163,209,53,156
121900164,109,136,-27
121900165,68,44,24
121900166,153,38,115
121900167,80,11,69
121900168,58,9,49
121900169,0,0,0
121900170,1,36,-35
121900171,690,158,532
121900172,87,90,-3
121900173,204,106,98
121900174,90,9,81
121900175,26,138,-112
121900176,240,572,-332
121900177,31,9,22
121900178,4,4,0
121900179,82,222,-140
121900180,715,4858,-4143
121900182,325,176,149
121900183,135,1297,-1162
121900184,24,718,-694
121900186,2,196,-194
121900187,2,21,-19
121900188,283,29,254
121900189,7,28,-21
121900190,83,199,-116
121900191,66,157,-91
121900192,108,428,-320
121900193,0,13,-13
121900194,4,74,-70
121900195,14,27,-13
121900196,109,407,-298
121900197,130,434,-304
121900198,2017,604,1413
121900199,0,40,-40
121900200,4,43,-39
121900201,305,300,5
121900202,44,315,-271
121900203,43,341,-298
121900204,231,471,-240
121900205,20,14,6
121900206,2,50,-48
121900207,1,8,-7
121900208,8,92,-84
121900209,19,27,-8
121900210,681,426,255
121900211,108,73,35
121900212,40,33,7
121900213,144,3,141
121900214,1,254,-253
121900215,14,107,-93
121900216,6,107,-101
121900217,62,117,-55
121900218,91,145,-54
121900219,136,14,122
121900220,52,3,49
121900221,109,159,-50
121900222,103,8,95
121900223,28,10,18
121900224,31,10,21
121900225,25,100,-75
121900226,87,11,76
121900227,93,355,-262
121900228,72,40,32
121900229,120,190,-70
121900230,48,131,-83
121900231,34,157,-123
121900232,60,82,-22
121900233,53,21,32
121900234,132,32,100
121900235,285,41,244
121900236,205,43,162
121900237,8,68,-60
121900238,15,85,-70
121900239,71,10,61
121900240,70,51,19
121900241,31,9,22
121900242,0,0,0
121900243,0,0,0
121900244,6,0,6
121900245,103,36,67
121900246,1611,106,1505
121900247,160,78,82
121900248,316,224,92
121900250,117,225,-108
121900251,220,29,191
121900252,116,41,75
121900253,1,354,-353
121900254,47,158,-111
121900255,250,32,218
121900258,2329,1024,1305
121900259,55,199,-144
121900260,73,34,39
121900261,17,151,-134
121900262,46,166,-120
121900263,46,82,-36
121900264,250,222,28
121900265,126,47,79
121900266,243,40,203
121900267,30,12,18
121900269,102,348,-246
121900270,64,116,-52
121900271,6,63,-57
121900273,228,1192,-964
121900274,257,59,198
121900276,356,57,299
121900277,63,199,-136
121900278,59,262,-203
121900279,118,99,19
121900280,29,125,-96
121900281,35,151,-116
121900284,29,11,18
121900286,116,79,37
121900287,3,23,-20
121900290,13,265,-252
121900291,179,212,-33
121900292,40,64,-24
121900293,371,1110,-739
121900294,61,1,60
121900295,52,10,42
121900296,62,62,0
121900298,71,467,-396
121900299,0,51,-51
121900300,10,10,0
121900301,25,1,24
121900302,10,64,-54
121900303,61,65,-4
121900304,0,3,-3
121900305,0,1,-1
121900306,198,2,196
121900307,175,3,172
121900308,0,12,-12
121900309,0,22,-22
121900310,1,62,-61
121900311,336,12,324
121900312,305,10,295
121900313,288,7,281
121900314,0,8,-8
121900315,20,2,18
121900316,0,0,0
121900317,4,21,-17
121900318,0,0,0
121900319,37,99,-62
121900320,0,0,0
121900321,35,0,35
121900322,0,0,0
121900323,3,32,-29
121900324,2,6,-4
121900325,10,0,10
121900326,0,0,0
121900327,0,0,0
121900328,0,0,0
121900329,0,0,0
121900330,0,51,-51
121900331,2,125,-123
121900332,45,20,25
121900333,0,0,0
122000001,429,1236,-807
122000002,1428,277,1151
122000003,423,851,-428
122000004,513,476,37
122000005,1893,2285,-392
122000006,327,685,-358
122000007,278,698,-420
122000008,411,1090,-679
122000009,149,150,-1
122000010,1284,1519,-235
122000011,1030,539,491
122000012,419,671,-252
122000013,167,709,-542
122000014,1935,488,1447
122000015,615,417,198
122000016,291,395,-104
122000017,365,660,-295
122000018,813,638,175
122000019,413,874,-461
122000020,158,189,-31
122000021,71,163,-92
122000022,280,485,-205
122000023,173,494,-321
122000024,223,691,-468
122000025,303,708,-405
122000026,251,462,-211
122000027,272,448,-176
122000028,416,396,20
122000029,144,252,-108
122000030,102,21,81
122000031,42,463,-421
122000032,1006,747,259
122000033,129,610,-481
122000034,131,444,-313
122000035,63,179,-116
122000036,225,180,45
122000037,166,182,-16
122000038,154,212,-58
122000039,303,173,130
122000040,188,57,131
122000041,261,612,-351
122000042,333,448,-115
122000043,71,44,27
122000044,65,104,-39
122000045,479,253,226
122000046,436,366,70
122000047,39,46,-7
122000048,1402,2581,-1179
122000049,2824,1508,1316
122000050,377,455,-78
122000051,95,470,-375
122000052,182,357,-175
122000053,183,1480,-1297
122000054,1155,1125,30
122000055,1517,1997,-480
122000056,1784,1240,544
122000057,1184,1735,-551
122000058,353,937,-584
122000059,382,1013,-631
122000060,212,277,-65
122000061,160,131,29
122000062,381,157,224
122000063,186,567,-381
122000064,1772,2833,-1061
122000065,1285,1384,-99
122000066,355,567,-212
122000067,483,1171,-688
122000068,1077,895,182
122000069,458,306,152
122000070,442,837,-395
122000071,1493,667,826
122000072,189,210,-21
122000073,62,308,-246
122000074,1106,724,382
122000075,477,457,20
122000076,1523,634,889
122000077,372,686,-314
122000078,360,956,-596
122000079,156,1017,-861
122000080,179,174,5
122000081,29,147,-118
122000082,211,587,-376
122000083,1689,658,1031
122000084,1413,586,827
122000085,78,238,-160
122000086,1120,3587,-2467
122000087,149,264,-115
122000088,93,227,-134
122000089,1711,1540,171
122000090,123,471,-348
122000091,79,233,-154
122000092,41,41,0
122000093,616,1755,-1139
122000094,2680,1421,1259
122000095,358,1812,-1454
122000096,340,912,-572
122000098,1368,2241,-873
122000099,248,709,-461
122000100,383,276,107
122000101,171,216,-45
122000102,820,544,276
122000103,574,701,-127
122000104,337,180,157
122000105,169,161,8
122000106,222,585,-363
122000107,727,278,449
122000108,285,260,25
122000109,179,238,-59
122000110,158,193,-35
122000111,1011,782,229
122000112,500,856,-356
122000113,272,202,70
122000114,574,1602,-1028
122000115,1138,1152,-14
122000116,81,292,-211
122000117,257,134,123
122000118,503,99,404
122000119,473,349,124
122000120,413,500,-87
122000121,496,531,-35
122000122,188,412,-224
122000123,468,910,-442
122000124,277,161,116
122000125,77,327,-250
122000126,96,194,-98
122000127,160,148,12
122000128,204,158,46
122000129,110,818,-708
122000130,1095,351,744
122000131,450,120,330
122000132,176,56,120
122000133,534,264,270
122000134,579,576,3
122000135,273,162,111
122000136,378,245,133
122000137,1183,347,836
122000139,440,1497,-1057
122000140,74,493,-419
122000141,1648,503,1145
122000142,77,533,-456
122000143,250,103,147
122000144,1172,261,911
122000145,521,339,182
122000146,200,943,-743
122000147,252,200,52
122000148,216,445,-229
122000149,687,246,441
122000150,961,329,632
122000151,27,75,-48
122000152,111,61,50
122000153,134,86,48
122000154,104,62,42
122000155,623,988,-365
122000156,2219,1924,295
122000157,418,2224,-1806
122000158,150,283,-133
122000159,584,375,209
122000160,1213,530,683
122000161,723,423,300
122000162,259,554,-295
122000163,73,35,38
122000164,4,50,-46
122000165,274,620,-346
122000166,294,1225,-931
122000167,133,191,-58
122000168,102,909,-807
122000169,202,70,132
122000170,111,117,-6
122000171,18,31,-13
122000172,963,776,187
122000173,1173,1217,-44
122000174,554,1370,-816
122000175,318,93,225
122000176,194,1277,-1083
122000177,506,1060,-554
122000178,2015,1568,447
122000179,1479,1573,-94
122000180,377,634,-257
122000181,461,1175,-714
122000182,349,721,-372
122000183,644,325,319
122000184,1412,1339,73
122000185,401,1024,-623
122000186,162,499,-337
122000187,1272,456,816
122000188,212,104,108
122000189,108,91,17
122000190,489,981,-492
122000191,201,331,-130
122000192,546,215,331
122000193,450,365,85
122000194,186,87,99
122000195,79,646,-567
122000196,749,170,579
122000197,390,397,-7
122000198,169,1066,-897
122000199,155,113,42
122000200,330,296,34
122000201,370,1326,-956
122000202,361,1322,-961
122000203,886,537,349
122000204,566,549,17
122000205,221,357,-136
122000206,2068,586,1482
122000207,1425,850,575
122000208,1457,821,636
122000209,869,162,707
122000210,886,799,87
122000211,474,762,-288
122000212,386,349,37
122000213,410,902,-492
122000214,1094,1144,-50
122000215,1494,1606,-112
122000217,699,857,-158
122000218,269,84,185
122000219,2038,379,1659
122000220,155,530,-375
122000221,234,365,-131
122000222,268,68,200
122000223,196,397,-201
122000225,373,185,188
122000226,633,619,14
122000227,49,443,-394
122000228,65,190,-125
122000229,2,287,-285
122000230,74,191,-117
122000231,158,399,-241
122000232,349,415,-66
122000233,0,55,-55
122000234,348,181,167
122000235,242,177,65
122000236,987,30,957
122000237,70,36,34
122000238,156,293,-137
122000239,351,88,263
122000240,572,158,414
122000241,866,206,660
122000242,167,99,68
122000243,10,179,-169
122000244,4,1018,-1014
122000245,42,1000,-958
122000246,30,303,-273
122000247,328,1649,-1321
122000248,3930,619,3311
122000249,580,571,9
122000250,950,286,664
122000251,13,39,-26
122000252,197,21,176
122000253,31,36,-5
122000254,264,63,201
122000255,255,434,-179
122000256,168,228,-60
122000257,233,113,120
122000258,156,155,1
122000259,62,743,-681
122000260,36,334,-298
122000261,23,133,-110
122000262,0,42,-42
122000263,78,159,-81
122000264,1251,213,1038
122000265,1478,500,978
122000266,2329,300,2029
122000267,42,394,-352
122000268,188,47,141
122000269,640,101,539
122000270,343,50,293
122000271,156,442,-286
122000272,179,122,57
122000273,250,94,156
122000274,134,282,-148
122000275,16,566,-550
122000276,757,296,461
122000277,545,1031,-486
122000278,1102,92,1010
122000279,128,143,-15
122000280,310,291,19
122000281,420,208,212
122000282,32,587,-555
122000283,33,233,-200
122000284,89,60,29
122000285,405,111,294
122000286,23,138,-115
122000287,1199,1493,-294
122000288,167,179,-12
122000291,1509,434,1075
122000293,88,68,20
122000294,52,320,-268
122000295,970,147,823
122000296,37,818,-781
122000297,1057,3846,-2789
122000299,296,271,25
122000300,161,288,-127
122000301,3180,2774,406
122000302,153,2213,-2060
122000303,998,652,346
122000304,4,235,-231
122000305,1557,231,1326
122000306,31,272,-241
122000307,35,45,-10
122000309,41,41,0
122000310,3,100,-97
122000311,55,72,-17
122000312,121,203,-82
122000313,0,118,-118
122000314,119,334,-215
122000315,178,43,135
122000316,1049,240,809
122000317,2116,200,1916
122000318,274,1586,-1312
122000319,93,189,-96
122000320,155,393,-238
122000321,42,69,-27
122000322,569,805,-236
122000323,296,849,-553
122000324,514,1059,-545
122000325,418,805,-387
122000326,121,38,83
122000327,104,320,-216
122000328,249,186,63
122000330,910,696,214
122000332,94,3542,-3448
122000333,41,42,-1
122000337,797,194,603
122000338,325,193,132
122000340,21,578,-557
122000342,743,424,319
122000343,320,266,54
122000344,101,4,97
122000345,78,274,-196
122000346,123,34,89
122000348,335,533,-198
122000349,15,137,-122
122000351,162,193,-31
122000352,166,50,116
122000353,41,31,10
122000355,74,313,-239
122000356,136,597,-461
122000357,31,6,25
122000358,0,8,-8
122000359,0,0,0
122000360,0,0,0
122000362,4,6,-2
122000364,291,124,167
122000365,0,32,-32
122000366,13,1,12
122000368,348,239,109
122000370,19,1,18
122000371,70,0,70
122000372,34,0,34
122000381,189,186,3
122000382,21,374,-353
122000384,650,622,28
122000385,63,1,62
122000386,72,888,-816
122000387,139,832,-693
122000388,594,361,233
122000389,80,337,-257
122000390,136,354,-218
122000391,12,570,-558
122000392,153,61,92
122000393,11,615,-604
122000394,407,267,140
122000395,86,63,23
122000396,143,24,119
122000397,9,33,-24
122000398,9,112,-103
122000399,68,47,21
122000400,7,410,-403
122000401,57,15,42
122000402,407,68,339
122000403,149,211,-62
122000404,266,59,207
122000408,140,537,-397
122000503,6,126,-120
122000524,50,57,-7
122000544,23,1247,-1224
122000616,75,2,73
122000640,72,26,46
122000641,91,170,-79
122000642,1027,332,695
122000643,42,102,-60
122000644,46,33,13
122000645,27,52,-25
122000651,271,673,-402
122000664,95,16,79
122000665,447,174,273
122000666,128,264,-136
122000673,10,93,-83
122000674,470,238,232
122000675,1615,507,1108
122000686,333,391,-58
122000687,1625,260,1365
122000688,396,303,93
122000689,1271,199,1072
122000690,2931,163,2768
122000691,923,282,641
122000692,1056,125,931
122000693,418,537,-119
122000695,315,124,191
122000696,712,107,605
122000698,225,79,146
122000699,374,55,319
122000701,1290,248,1042
122000702,253,604,-351
122000703,47,14,33
122000717,8,80,-72
122000718,30,881,-851
122000719,2,42,-40
122000720,726,69,657
122900001,47,18,29
122900002,314,4925,-4611
122900003,368,8,360
122900004,2594,111,2483
122900005,55,221,-166
122900006,66,1340,-1274
122900007,19,76,-57
122900008,50,354,-304
122900009,103,100,3
122900010,217,104,113
122900012,216,199,17
122900013,0,0,0
122900014,24,69,-45
122900015,776,297,479
122900016,64,43,21
122900017,166,208,-42
122900018,56,3,53
122900019,24,142,-118
122900020,47,538,-491
122900021,20,281,-261
122900022,913,509,404
122900023,588,90,498
122900024,88,77,11
122900025,1,48,-47
122900026,4,8,-4
122900027,7,398,-391
122900028,34,33,1
122900029,2736,1388,1348
122900030,440,62,378
122900031,6,214,-208
122900032,135,171,-36
122900033,97,123,-26
122900034,1403,2211,-808
122900035,13,1,12
122900036,41,15,26
122900037,119,58,61
122900038,17,1145,-1128
122900039,19,324,-305
122900040,203,374,-171
122900041,59,286,-227
122900042,122,109,13
122900043,141,97,44
122900044,101,265,-164
122900045,58,115,-57
122900046,82,283,-201
122900047,62,70,-8
122900048,6,194,-188
122900049,2095,118,1977
122900051,11,154,-143
122900052,103,53,50
122900053,3,15,-12
122900055,129,15,114
122900057,183,10,173
122900061,250,0,250
122900062,237,438,-201
122900063,155,94,61
122900064,769,300,469
122900065,154,198,-44
122900066,308,102,206
122900067,345,149,196
122900068,11,60,-49
122900069,152,793,-641
122900070,288,15,273
122900071,25,54,-29
122900072,22,174,-152
122900073,68,42,26
122900074,1451,114,1337
122900075,0,13,-13
122900076,10,64,-54
122900077,0,8,-8
122900078,283,10,273
122900080,16,40,-24
122900081,138,49,89
122900082,1189,48,1141
122900083,18,42,-24
122900084,3,40,-37
122900086,0,96,-96
122900087,265,702,-437
122900088,18,105,-87
122900089,1,237,-236
122900090,1,154,-153
122900091,293,5,288
122900092,0,74,-74
122900093,0,49,-49
122900094,0,60,-60
122900095,209,18,191
122900096,523,35,488
122900097,26,34,-8
122900098,7,77,-70
122900099,79,34,45
122900100,23,568,-545
122900101,95,85,10
122900102,16,48,-32
122900103,308,8,300
122900104,159,8,151
122900105,29,18,11
122900106,0,2,-2
122900107,3,15,-12
122900108,0,34,-34
123000001,418,359,59
123000002,1629,4764,-3135
123000003,2901,2177,724
123000004,1404,2326,-922
123000005,2218,1442,776
123000006,1283,1338,-55
123000007,2073,1300,773
123000008,1271,1852,-581
123000009,2682,2616,66
123000010,1597,2247,-650
123000011,866,717,149
123000012,191,1343,-1152
123000013,2856,603,2253
123000014,254,1639,-1385
123000015,1886,607,1279
123000016,1487,1925,-438
123000017,3967,1967,2000
123000018,114,28,86
123000019,565,16,549
123000020,344,10,334
123000021,233,257,-24
123000022,591,1351,-760
123000023,2157,1741,416
123000024,1185,621,564
123000025,7,58,-51
123000026,4,231,-227
123000027,4,411,-407
123000028,99,2835,-2736
123000029,92,1397,-1305
123000030,190,40,150
123000031,580,127,453
123000032,827,117,710
123000033,215,100,115
123000034,610,494,116
123000035,256,358,-102
123000036,99,490,-391
123000037,127,150,-23
123000038,90,194,-104
123000039,436,1203,-767
123000040,404,121,283
123000041,185,516,-331
123000042,302,367,-65
123000043,865,8346,-7481
123000044,2849,1048,1801
123000045,1885,941,944
123000046,98,526,-428
123000047,289,589,-300
123000048,90,1507,-1417
123000049,2902,5555,-2653
123000050,1345,931,414
123000051,24,85,-61
123000052,421,1340,-919
123000053,1210,1311,-101
123000054,1109,1584,-475
123000055,1451,3272,-1821
123000056,515,491,24
123000057,2250,3021,-771
123000058,249,934,-685
123000059,75,256,-181
123000060,759,257,502
123000061,150,303,-153
123000063,777,508,269
123000064,1059,108,951
123000065,1975,1860,115
123000066,117,202,-85
123000067,483,231,252
123000068,790,734,56
123000069,1812,570,1242
123000070,61,162,-101
123000071,1313,329,984
123000072,694,275,419
123000073,1619,387,1232
123000074,471,380,91
123000075,113,1017,-904
123000076,470,126,344
123000077,881,710,171
123000078,1598,438,1160
123000079,1818,733,1085
123000080,1659,397,1262
123000081,142,88,54
123000082,162,510,-348
123000083,667,80,587
123000084,794,132,662
123000085,392,51,341
123000086,672,65,607
123000087,323,112,211
123000088,766,248,518
123000089,621,479,142
123000090,916,493,423
123000091,816,667,149
123000092,524,605,-81
123000094,556,89,467
123000095,703,333,370
123000096,778,133,645
123000097,455,201,254
123000098,529,171,358
123000099,490,216,274
123000100,127,620,-493
123000101,187,151,36
123000102,258,735,-477
123000104,158,180,-22
123000105,199,59,140
123000106,324,131,193
123000107,278,90,188
123000108,328,472,-144
123000111,778,89,689
123000112,887,178,709
123000113,292,237,55
123000114,190,434,-244
123000115,180,185,-5
123000116,30,41,-11
123000117,1695,612,1083
123000118,373,241,132
123000119,101,243,-142
123000120,159,225,-66
123000121,395,286,109
123000122,192,82,110
123000123,419,188,231
123000124,194,76,118
123000125,839,622,217
123000126,661,2606,-1945
123000127,306,268,38
123000128,204,97,107
123000129,998,78,920
123000130,691,12,679
123000131,1319,326,993
123000132,143,178,-35
123000133,129,54,75
123000134,208,28,180
123000135,1796,499,1297
123000136,77,190,-113
123000137,87,82,5
123000138,64,138,-74
123000139,513,43,470
123000140,23,210,-187
123000141,293,39,254
123000142,672,366,306
123000143,432,905,-473
123000144,1,43,-42
123000145,115,350,-235
123000146,24,142,-118
123000147,22,303,-281
123000149,131,210,-79
123000150,29,152,-123
123000151,69,273,-204
123000152,14,111,-97
123000153,36,644,-608
123000154,593,1361,-768
123000155,1003,1155,-152
123000156,6,17,-11
123000157,421,509,-88
123000158,221,511,-290
123000159,1318,2730,-1412
123000160,593,672,-79
123000161,935,955,-20
123000162,1030,1270,-240
123000163,907,98,809
123000164,2139,88,2051
123000165,127,570,-443
123000166,21,39,-18
123000167,118,68,50
123000168,170,131,39
123000169,886,46,840
123000170,121,36,85
123000171,1205,4,1201
123000172,51,214,-163
123000173,607,150,457
123000174,582,296,286
123000175,197,299,-102
123000176,655,176,479
123000177,79,462,-383
123000178,894,185,709
123000179,4,354,-350
123000180,1442,125,1317
123000181,198,443,-245
123000182,242,61,181
123000183,65,315,-250
123000184,27,222,-195
123000185,821,302,519
123000186,9,203,-194
123000187,516,0,516
123000188,403,1,402
123000189,351,88,263
123000190,45,128,-83
123000192,3,141,-138
123000193,18,123,-105
123000194,99,90,9
123000195,252,5,247
123000196,452,7,445
123000197,76,62,14
123000198,71,198,-127
123000199,36,179,-143
123000200,677,8,669
123000201,1270,12,1258
123000202,4,269,-265
123000203,1104,24,1080
123000204,61,395,-334
123000205,80,468,-388
123000206,2864,170,2694
123000207,72,306,-234
123000208,701,62,639
123000209,1540,261,1279
123000210,119,442,-323
123000211,151,628,-477
123000212,3732,244,3488
123000213,367,53,314
123000215,63,116,-53
123000216,143,649,-506
123000217,140,35,105
123000218,72,210,-138
123000219,412,61,351
123000220,325,46,279
123000221,103,44,59
123000222,421,171,250
123000223,746,132,614
123000224,495,84,411
123000225,275,13,262
123000226,94,77,17
123000227,64,96,-32
123000228,346,27,319
123000229,347,282,65
123000232,17,147,-130
123000233,790,45,745
123000234,75,147,-72
123000235,1104,165,939
123000236,161,213,-52
123000237,421,95,326
123000238,29,114,-85
123000239,165,247,-82
123000240,45,487,-442
123000241,171,8,163
123000242,261,82,179
123000243,511,497,14
123000244,507,233,274
123000245,0,38,-38
123000249,177,358,-181
123000252,686,116,570
123000253,1523,347,1176
123000254,444,298,146
123000255,510,289,221
123000256,1,67,-66
123000257,729,547,182
123000258,466,257,209
123000259,407,242,165
123000260,537,127,410
123000261,274,81,193
123000262,26,22,4
123000263,405,21,384
123000264,164,54,110
123000265,2,27,-25
123000266,225,219,6
123000267,798,193,605
123000268,30,9,21
123000269,12,32,-20
123000270,14,38,-24
123000271,15,7,8
123000272,442,174,268
123000273,205,882,-677
123000274,1151,371,780
123000275,83,251,-168
123000278,775,1829,-1054
123000279,74,35,39
123000280,213,175,38
123000281,164,42,122
123000282,38,124,-86
123000283,255,11,244
123000284,9,18,-9
123000286,49,198,-149
123000287,107,127,-20
123000288,729,1043,-314
123000289,106,1219,-1113
123000291,44,277,-233
123000294,149,158,-9
123000295,722,1394,-672
123000296,837,728,109
123000297,486,171,315
123000298,784,123,661
123000299,104,111,-7
123000300,772,342,430
123000301,92,234,-142
123000302,250,31,219
123000303,33,529,-496
123000305,238,317,-79
123000306,216,31,185
123000309,14,23,-9
123000310,87,2,85
123000311,0,125,-125
123000312,199,255,-56
123000313,584,341,243
123000315,274,69,205
123000316,454,56,398
123000317,116,132,-16
123000318,8,155,-147
123000329,10,10,0
123000337,227,376,-149
123000338,56,326,-270
123000339,373,45,328
123000340,16,112,-96
123000342,8,563,-555
123000343,105,10,95
123000344,269,157,112
123000345,156,244,-88
123000346,309,55,254
123000352,425,302,123
123000353,57,367,-310
123000354,462,9,453
123000355,0,804,-804
123000356,379,0,379
123000357,0,56,-56
123000359,0,56,-56
123000360,104,158,-54
123000361,663,72,591
123000362,355,23,332
123000363,166,55,111
123000364,364,262,102
123000365,16,127,-111
123000366,243,1359,-1116
123000367,137,252,-115
123000370,7,61,-54
123000371,621,15,606
123000372,263,9,254
123000373,0,52,-52
123000374,0,11,-11
123000375,382,55,327
123000376,788,390,398
123000377,787,9,778
123000378,2,146,-144
123000379,1,184,-183
123000380,3,91,-88
123000381,95,197,-102
123000382,621,110,511
123000383,24,247,-223
123000384,511,122,389
123000385,70,158,-88
123000436,202,1054,-852
123000507,39,110,-71
123000508,70,1342,-1272
123000517,65,2,63
123000518,25,99,-74
123000519,81,11,70
123000520,12,75,-63
123000521,337,46,291
123000522,92,138,-46
123000541,18,8,10
123000542,0,0,0
123000565,638,14,624
123000566,312,331,-19
123000567,287,135,152
123000573,2,25,-23
123000574,867,46,821
123000575,2342,75,2267
123000576,897,273,624
123000577,50,218,-168
123000578,403,104,299
123000579,611,3788,-3177
123000580,130,55,75
123000582,432,12,420
123000583,2,154,-152
123000584,113,106,7
123000585,0,2,-2
123000586,99,0,99
123000596,45,11,34
123000597,67,64,3
123000602,106,32,74
123000603,1386,187,1199
123000604,550,53,497
123000605,575,184,391
123000606,1,124,-123
123000609,22,188,-166
123000610,21,23,-2
123000613,8,57,-49
123000614,419,29,390
123000615,14,57,-43
123000616,1247,26,1221
123000617,48,115,-67
123000618,2,191,-189
123000619,413,3,410
123000620,7,119,-112
123000622,714,7,707
123000624,264,4,260
123000630,1506,384,1122
123000631,84,261,-177
123000632,235,244,-9
123000633,0,231,-231
123000634,2,175,-173
123000635,17,48,-31
123000636,16,165,-149
123000637,150,48,102
123000638,386,25,361
123000639,837,4614,-3777
123000640,12,260,-248
123900001,779,51,728
123900002,17,698,-681
123900003,41,416,-375
123900005,165,261,-96
123900006,398,48,350
124000001,1511,146,1365
124000002,4,422,-418
124000003,1243,151,1092
124000004,9,90,-81
124000005,1111,1269,-158
124000006,37,157,-120
124000007,752,100,652
124000008,71,405,-334
124000009,716,374,342
124000010,200,486,-286
124000011,810,484,326
124000012,175,794,-619
124000017,186,116,70
124000018,22,8,14
124000019,191,22,169
124000020,9,11,-2
124000021,126,19,107
124000022,48,23,25
124000023,786,1179,-393
124000024,574,185,389
124000025,657,950,-293
124000026,724,1061,-337
124000027,2659,1738,921
124000028,1285,4168,-2883
124000030,973,498,475
124000031,868,7625,-6757
124000032,762,314,448
124000033,318,410,-92
124000034,1308,664,644
124000035,10,268,-258
124000036,3,311,-308
124000037,52,496,-444
124000038,2,22,-20
124000039,243,109,134
124000040,90,386,-296
124000041,658,51,607
124000042,162,88,74
124000043,88,16,72
124000044,39,34,5
124000045,1159,89,1070
124000046,161,270,-109
124000047,1945,184,1761
124000048,561,204,357
124000049,1887,156,1731
124000050,431,487,-56
124000051,1272,103,1169
124000052,393,316,77
124000053,553,1728,-1175
124000054,470,88,382
124000055,725,3035,-2310
124000056,903,274,629
124000057,1198,172,1026
124000058,294,407,-113
124000059,812,790,22
124000060,275,447,-172
124000061,759,3911,-3152
124000062,1117,672,445
124000063,1014,488,526
124000064,972,696,276
124000065,65,223,-158
124000066,1459,155,1304
124000067,153,845,-692
124000068,0,0,0
124000069,165,182,-17
124000070,0,0,0
124000071,87,68,19
124000072,85,302,-217
124000073,680,29,651
124000074,86,115,-29
124000075,540,53,487
124000076,0,0,0
124000077,100,780,-680
124000078,581,451,130
124000079,64,628,-564
124000080,765,60,705
124000081,102,119,-17
124000082,68,97,-29
124000083,16,37,-21
124000084,13,416,-403
124000085,22,14,8
124000086,19,296,-277
124000087,19,133,-114
124000088,126,177,-51
124000089,576,81,495
124000090,49,107,-58
124000091,302,35,267
124000092,105,181,-76
124000093,107,118,-11
124000094,103,187,-84
124000095,116,30,86
124000096,130,48,82
124000097,132,75,57
124000098,111,89,22
124000099,134,51,83
124000100,73,39,34
124000101,144,65,79
124000102,90,20,70
124000103,128,73,55
124000104,103,55,48
124000105,112,60,52
124000106,46,45,1
124000107,12,190,-178
124000108,17,10,7
124000109,161,41,120
124000110,78,48,30
124000111,195,58,137
124000112,700,302,398
124000113,156,77,79
124000114,365,271,94
124000115,250,578,-328
124000116,58,138,-80
124000117,26,36,-10
124000118,25,54,-29
124000119,592,241,351
124000120,317,194,123
124000121,545,370,175
124000122,343,1446,-1103
124000123,386,155,231
124000124,369,255,114
124000125,379,141,238
124000126,226,152,74
124000127,1005,145,860
124000128,582,340,242
124000129,966,640,326
124000130,188,173,15
124000131,465,284,181
124000132,237,277,-40
124000133,916,487,429
124000134,407,167,240
124000135,989,1081,-92
124000136,148,330,-182
124000137,452,370,82
124000138,391,422,-31
124000139,272,21,251
124000140,5,347,-342
124000141,18,122,-104
124000142,6,1359,-1353
124000143,58,15,43
124000144,4,187,-183
124000145,184,48,136
124000146,14,52,-38
124000148,5,60,-55
124000149,678,175,503
124000150,175,367,-192
124000151,939,337,602
124000152,271,429,-158
124000153,976,638,338
124000154,567,301,266
124000155,497,335,162
124000156,478,411,67
124000169,65,221,-156
124000170,200,206,-6
124000171,248,138,110
124000172,134,161,-27
124000173,496,109,387
124000174,372,201,171
124000175,0,0,0
124000176,60,42,18
124000177,0,0,0
124000178,47,90,-43
124000190,10,33,-23
124000191,37,101,-64
124000192,725,514,211
124000193,47,1723,-1676
124000194,110,219,-109
124000195,272,216,56
124000196,342,392,-50
124000197,50,10,40
124000198,57,41,16
124000201,16,302,-286
124000202,535,34,501
124000203,672,111,561
124000204,1572,41,1531
124000205,92,23,69
124000206,1358,194,1164
124000207,0,19,-19
124000209,138,22,116
124000210,1179,232,947
124000211,1346,9,1337
124000212,0,85,-85
124000213,899,90,809
124000214,751,22,729
124000215,681,16,665
124000216,7,259,-252
124000329,10,367,-357
124000338,4,217,-213
124000339,2311,8,2303
124000341,2433,21,2412
124000344,24,3,21
124000357,898,1868,-970
124000358,654,1510,-856
124000359,1200,500,700
124000360,1371,388,983
124000361,1735,1126,609
124000362,843,1906,-1063
124000363,253,160,93
124000364,327,626,-299
124000365,295,529,-234
124000366,1014,562,452
124000367,14,114,-100
124000368,287,764,-477
124000369,74,62,12
124000370,16,648,-632
124000402,5,23,-18
124000403,136,22,114
124000404,8,38,-30
124000405,545,243,302
124000406,235,152,83
124000407,3,16,-13
124000411,6,118,-112
124000412,455,0,455
124000413,17,104,-87
124000414,93,36,57
124000415,56,46,10
124000416,175,132,43
124000417,238,44,194
124000418,282,12,270
124000419,131,33,98
124000420,162,11,151
124000421,68,43,25
124000422,40,31,9
124000423,85,17,68
124000424,7,137,-130
124000425,26,33,-7
124000426,3,418,-415
124000427,11,3,8
124000428,1,148,-147
124000429,160,26,134
124000430,735,283,452
124000431,312,119,193
124000432,305,680,-375
124000439,29,16,13
124000442,0,0,0
124000443,0,0,0
124000445,5,684,-679
124000446,405,60,345
124900001,590,51,539
124900002,128,42,86
124900003,552,120,432
124900004,524,78,446
124900005,183,30,153
124900006,481,44,437
124900008,168,217,-49
124900009,9,420,-411
124900010,275,110,165
124900011,629,119,510
124900012,280,40,240
124900013,454,35,419
124900014,274,94,180
124900015,185,418,-233
124900016,136,163,-27
124900017,1443,3162,-1719
124900018,145,2,143
124900020,134,19,115
124900021,403,12,391
124900022,62,0,62
124900024,354,0,354
124900026,24,7,17
124900027,68,77,-9
124900028,202,14,188
124900029,16,291,-275
124900030,0,20,-20
124900031,30,129,-99
124900032,81,29,52
124900033,21,61,-40
124900034,26,68,-42
124900035,55,38,17
124900036,0,48,-48
124900037,63,33,30
124900038,73,62,11
124900039,0,35,-35
124900040,54,23,31
124900041,252,106,146
124900042,2,0,2
124900043,215,157,58
124900044,32,0,32
124900045,150,286,-136
124900046,132,70,62
124900047,7,31,-24
124900048,254,32,222
124900050,152,34,118
124900052,21,47,-26
124900053,62,68,-6
124900054,366,72,294
124900055,0,4,-4
124900057,0,0,0
124900060,5,35,-30
124900061,157,3,154
124900062,206,0,206
124900066,0,0,0
124900067,0,0,0
124900068,69,602,-533
124900070,5,5,0
124900072,316,32,284
124900074,396,1402,-1006
124900075,279,83,196
124900076,36,643,-607
124900077,19,29,-10
124900078,53,2,51
124900079,116,67,49
124900080,221,70,151
124900081,756,57,699
124900082,227,87,140
124900083,210,100,110
124900084,361,24,337
124900085,161,134,27
124900086,12,301,-289
124900087,86,26,60
124900088,61,26,35
124900089,218,1,217
124900090,587,65,522
124900091,165,81,84
124900092,137,46,91
124900093,581,97,484
124900094,737,64,673
124900095,114,551,-437
124900096,223,78,145
124900097,471,31,440
124900098,35,134,-99
124900099,109,182,-73
124900100,220,4,216
124900101,97,42,55
124900102,291,1,290
124900103,55,22,33
124900104,19,36,-17
124900105,35,20,15
124900106,167,18,149
124900107,256,8,248
124900108,110,54,56
124900109,23,88,-65
124900110,241,114,127
124900111,0,0,0
124900112,71,95,-24
124900113,19,52,-33
124900114,2,26,-24
124900115,1,19,-18
124900116,163,113,50
124900117,13,83,-70
124900118,20,173,-153
124900119,175,121,54
124900120,5,29,-24
124900121,11,243,-232
124900122,30,26,4
124900123,26,17,9
124900124,7,33,-26
129000186,103,224,-121
204000001,33,12,21
204000002,8,5,3
204000003,35,1,34
204000004,1,2,-1
204000005,332,152,180
204000006,924,902,22
204000008,421,120,301
204000011,0,0,0
204000012,3,13,-10
204000013,0,2,-2
204000019,1089,263,826
204000020,534,187,347
204000021,535,554,-19
204000022,1087,414,673
204000023,153,347,-194
204000031,5,6,-1
204000032,161,39,122
204000034,3,29,-26
204000035,0,5,-5
204000036,0,10,-10
204000037,1,4,-3
204000038,1,22,-21
204000039,12,36,-24
204000040,0,23,-23
204000041,4,27,-23
204000042,29,11,18
204000043,20,12,8
204000044,65,5,60
204000045,74,7,67
204000046,41,0,41
204000057,0,33,-33
204000062,0,50,-50
204000068,0,44,-44
204000069,1,81,-80
204000070,112,21,91
204000080,24,10,14
204000085,441,240,201
204000086,411,509,-98
204000087,35,1,34
204000088,0,0,0
204000090,0,24,-24
204000093,492,35,457
204000096,1015,279,736
204000097,586,10,576
204000099,731,1478,-747
204000100,1633,599,1034
204000105,346,150,196
204000110,131,359,-228
204000111,140,250,-110
204000112,141,162,-21
204000113,117,184,-67
204000114,801,718,83
204000115,608,214,394
204000116,341,146,195
204000119,2188,602,1586
204000132,513,450,63
204000133,654,87,567
204000134,123,46,77
204000135,528,28,500
204000136,501,137,364
204000138,228,621,-393
204000140,265,90,175
204000141,147,26,121
204000144,2,29,-27
204000145,419,7,412
204000146,0,6,-6
204000147,3,48,-45
204000148,66,50,16
204000154,27,2,25
204000155,0,40,-40
204000177,53,34,19
204000179,4,27,-23
204000180,0,7,-7
204000222,12,21,-9
204000235,12,12,0
204000236,32,23,9
204000238,23,20,3
204000240,207,20,187
204000263,69,137,-68
204000308,50,13,37
204000317,2,18,-16
204000322,11,12,-1
204000323,9,1,8
204000328,247,8,239
204000329,28,42,-14
204000330,144,138,6
204000331,1,5,-4
204010341,5,120,-115
205000001,115,219,-104
205000013,0,6,-6
205000014,1,8,-7
205000015,16,19,-3
205000016,8,28,-20
205000017,3,7,-4
205000022,79,122,-43
205000025,163,89,74
205000029,627,1,626
205000045,57,49,8
205000047,76,27,49
205000048,137,36,101
205000049,34,51,-17
205000050,87,13,74
205000059,0,24,-24
205000060,0,25,-25
205000061,2,93,-91
205000062,0,57,-57
205000063,7,146,-139
205000064,3,34,-31
205000065,18,212,-194
205000066,58,62,-4
205000067,52,159,-107
205000069,118,13,105
205000082,29,95,-66
205000110,18,16,2
205000111,42,26,16
205000112,71,67,4
205000113,29,36,-7
205000121,111,83,28
205000123,16,20,-4
205000126,504,101,403
205000127,420,42,378
205000128,227,75,152
205000129,488,55,433
205000130,471,21,450
205000131,31,20,11
205000132,34,14,20
205000133,66,1,65
205000134,257,0,257
205000137,6,14,-8
205000138,25,18,7
205000139,10,18,-8
205000144,58,22,36
205000145,170,52,118
205000151,67,49,18
205000152,56,44,12
205000153,157,67,90
205000154,59,37,22
205000155,36,35,1
205000207,0,0,0
205000233,19,14,5
205000234,0,0,0
205000243,0,0,0
205000244,0,10,-10
205000245,1,13,-12
205000249,0,10,-10
205000250,0,2,-2
205000251,58,32,26
205000264,0,7,-7
206000027,2,4,-2
206000028,4,15,-11
206000043,6,16,-10
206000053,0,2,-2
206000054,0,3,-3
206000055,2,1,1
206000075,10,19,-9
206000076,17,2,15
206000077,77,4,73
206000078,21,0,21
206000079,16,1,15
206000082,334,113,221
206000100,2,130,-128
206000103,0,0,0
206000104,0,0,0
206000105,0,0,0
206000106,0,0,0
206000108,610,48,562
206000125,215,1,214
206000157,2,71,-69
206000170,0,145,-145
206000171,1,141,-140
206000172,22,79,-57
206000173,0,40,-40
206000174,11,28,-17
206000175,0,28,-28
206000176,19,32,-13
206000177,0,19,-19
206000178,0,50,-50
206000179,2,57,-55
206000180,5,20,-15
206000181,1,44,-43
206000182,1,27,-26
206000183,4,62,-58
206000184,0,31,-31
206000185,5,19,-14
206000186,12,151,-139
206000223,0,54,-54
206000226,59,1,58
206000227,47,1,46
206000237,4,71,-67
206000238,3,142,-139
206000239,51,504,-453
206000240,0,0,0
206000241,0,89,-89
206000242,1,41,-40
206000243,1,38,-37
206000244,7,73,-66
206000245,2668,33,2635
206000246,879,8,871
206000247,1017,1,1016
206000248,967,6,961
206000252,25,58,-33
206000258,0,0,0
206000315,17,0,17
206000317,801,228,573
206000318,842,80,762
206000319,4113,42,4071
206000320,1349,29,1320
206000321,1426,8,1418
206000322,1989,5,1984
206000323,623,2,621
206000324,674,1,673
206000325,459,4,455
206000326,517,19,498
206000327,33,4,29
206000328,494,1,493
206000329,996,3,993
206000330,195,2,193
206000331,533,0,533
206000332,134,0,134
206000333,2017,1,2016
206000334,1069,0,1069
206000335,0,6,-6
206000361,1,19,-18
206000392,0,6,-6
206000405,231,1,230
206000441,153,30,123
206000498,40,3,37
206000515,30,32,-2
206000530,608,32,576
206000531,321,221,100
206000532,891,150,741
206000535,45,557,-512
206000536,8,49,-41
206000537,2,56,-54
206000613,1255,358,897
207000001,24,161,-137
207000002,37,107,-70
207000003,16,98,-82
207000007,1723,146,1577
207000008,477,17,460
207000009,62,22,40
207000010,59,137,-78
207000012,517,61,456
207000015,53,243,-190
207000019,305,16,289
207000021,281,185,96
207000022,199,141,58
207000023,244,34,210
207000024,5,4,1
207000025,14,23,-9
207000026,0,0,0
207000027,0,0,0
207000028,1,38,-37
207000029,11,91,-80
207000033,187,179,8
207000034,195,51,144
207000039,772,15,757
207000040,938,17,921
207000041,220,12,208
207000042,541,9,532
207000043,354,88,266
207000051,10,17,-7
207000052,0,11,-11
207000053,109,222,-113
207000054,14,39,-25
207000055,21,33,-12
207000056,73,152,-79
207000057,41,81,-40
207000058,31,140,-109
207000059,55,113,-58
207000060,23,173,-150
207000061,77,1041,-964
207000062,601,20,581
207000063,604,37,567
207000064,450,51,399
207000065,328,73,255
207000066,510,78,432
207000067,99,18,81
207000068,164,30,134
207000069,725,145,580
207000082,23,44,-21
207000083,16,184,-168
207000084,576,122,454
207000085,331,52,279
207000086,658,5,653
207000106,159,8,151
207000107,157,7,150
207000108,192,4,188
207000109,99,2,97
207000110,46,13,33
207000111,79,12,67
207000112,46,378,-332
207000114,0,0,0
207000115,0,0,0
207000116,0,0,0
207000117,0,0,0
207000118,0,1,-1
207000119,0,2,-2
207000123,343,3,340
207000124,145,6,139
207000125,58,6,52
207000126,111,2,109
207000134,304,78,226
207000135,67,124,-57
207000148,102,173,-71
207000149,0,0,0
207000152,11,180,-169
207000153,22,325,-303
207000154,230,51,179
207000159,5,11,-6
207000160,8,32,-24
207000238,0,0,0
207000242,0,0,0
207000248,0,0,0
207000249,0,0,0
207000250,0,0,0
207000251,0,0,0
207000252,0,0,0
207000278,173,53,120
207000279,1,29,-28
207000280,1178,33,1145
207000281,33,307,-274
207000282,49,447,-398
207000283,11,119,-108
207000284,44,1322,-1278
207000285,42,105,-63
207000291,0,0,0
207000304,39,22,17
207000306,17,235,-218
207000310,226,73,153
207000353,74,1,73
207000356,0,20,-20
207000357,2,21,-19
207000358,1,8,-7
207000415,0,0,0
207000417,29,2,27
207000418,3,5,-2
207000437,0,3,-3
207000439,212,102,110
207000446,61,2,59
207000460,133,3,130
207000466,7,4,3
207000467,240,16,224
207000468,0,22,-22
207000476,4,29,-25
207000477,353,47,306
207000523,0,0,0
207000524,24,3,21
207000527,192,70,122
207000530,284,4,280
207000531,138,0,138
207000532,32,20,12
207000534,98,15,83
207000535,0,0,0
207000537,0,0,0
207000540,0,0,0
207000541,0,0,0
207000548,0,0,0
207000549,169,7,162
207000561,108,54,54
207000562,0,0,0
207000567,23,96,-73
207000568,304,40,264
207000569,882,106,776
207000584,0,0,0
207000585,35,51,-16
207000616,0,24,-24
207000617,233,0,233
207900008,856,79,777
208000001,389,614,-225
208000002,528,517,11
208000003,618,272,346
208000004,568,376,192
208000005,0,0,0
208000019,860,208,652
208000020,256,129,127
208000021,221,170,51
208000022,432,148,284
208000028,460,1183,-723
208000033,261,85,176
208000034,294,561,-267
208000040,273,42,231
208000041,655,319,336
208000042,911,277,634
208000047,135,134,1
208000064,1377,1127,250
208000066,865,682,183
208000070,581,337,244
208000071,582,221,361
208000072,757,325,432
208000080,179,224,-45
208000081,299,48,251
208000082,82,48,34
208000083,108,68,40
208000084,3,79,-76
208000085,270,140,130
208000086,252,186,66
208000087,258,283,-25
208000089,653,118,535
208000090,393,264,129
208000093,6,84,-78
208000094,180,206,-26
208000095,529,332,197
208000104,1273,291,982
208000105,740,450,290
208000114,33,337,-304
208000115,419,245,174
208000116,1123,1019,104
208000117,8,49,-41
208000118,117,184,-67
208000155,353,444,-91
208000158,855,1619,-764
208000186,568,1110,-542
208000204,541,591,-50
208000205,930,495,435
208000282,533,491,42
209000004,683,128,555
209000005,204,42,162
209000006,366,112,254
209000007,267,328,-61
209000010,0,0,0
209000011,0,0,0
209000012,7,27,-20
209000013,38,25,13
209000014,26,48,-22
209000025,688,49,639
209000026,1549,118,1431
209000027,55,25,30
209000028,25,36,-11
209000029,38,35,3
209000030,31,64,-33
209000031,261,194,67
209000034,122,116,6
209000035,153,132,21
209000036,345,69,276
209000037,474,81,393
209000038,288,39,249
209000039,88,40,48
209000040,264,168,96
209000041,176,150,26
209000042,228,79,149
209000043,307,178,129
209000044,365,277,88
209000045,402,139,263
209000046,464,180,284
209000047,236,77,159
209000048,397,453,-56
209000049,16,14,2
209000050,105,32,73
209000051,58,20,38
209000052,40,21,19
209000062,0,1,-1
209000063,0,0,0
209000064,1,0,1
209000065,285,30,255
209000066,179,30,149
209000067,209,18,191
209000080,2,10,-8
209000082,131,28,103
209000091,0,0,0
209000093,0,0,0
209000094,0,0,0
209000110,57,66,-9
209000111,494,2044,-1550
209000112,1545,381,1164
209000113,2333,353,1980
209000114,1216,321,895
209000115,8,10,-2
209000116,52,72,-20
209000118,3,54,-51
209000119,0,0,0
209000121,11,65,-54
209000135,71,23,48
209000142,583,2166,-1583
209000143,0,0,0
209000144,44,196,-152
209000229,155,43,112
209000240,1,15,-14
209000259,2,7,-5
209000260,12,214,-202
209000261,2,328,-326
209000262,0,236,-236
209000263,0,51,-51
209000264,0,32,-32
209000265,225,1,224
209000266,94,0,94
209000267,1216,3,1213
209000268,221,44,177
210000037,205,22,183
210000047,41,15,26
210000048,144,17,127
210000049,64,6,58
210000052,33,11,22
210000053,13,9,4
210000054,10,10,0
210000070,156,5,151
210000071,165,8,157
210000072,78,0,78
210000073,0,0,0
210000074,0,0,0
210000075,0,0,0
210000076,1,6,-5
210000077,0,34,-34
210000078,0,43,-43
210000079,12,20,-8
210000080,72,141,-69
210000081,116,9,107
210000082,10,0,10
210000083,51,0,51
210000084,52,1,51
210000085,0,11,-11
210000086,0,4,-4
210000099,4,11,-7
210000100,13,21,-8
210000101,4,5,-1
210000105,1,43,-42
210000159,0,0,0
210000163,6,14,-8
210000164,296,98,198
210000168,188,25,163
210000187,0,0,0
210000188,0,1,-1
210000214,19,0,19
210000219,204,59,145
210000220,189,20,169
210000232,0,0,0
210000233,1,2,-1
210000234,1,1,0
210000235,10,5,5
210000245,0,0,0
210000246,17,4,13
210000258,8,8,0
210000259,197,39,158
210000282,2,12,-10
210000285,0,3,-3
210000286,0,12,-12
210000290,0,0,0
210000295,7,36,-29
210000296,20,2,18
210000320,270,26,244
210000321,155,13,142
210000338,33,14,19
210000339,8,44,-36
210000340,3,8,-5
210000341,27,13,14
210000342,70,20,50
210000343,29,50,-21
210000344,11,31,-20
210000345,5,43,-38
210000346,6,29,-23
210000347,2,21,-19
210000348,21,23,-2
210000349,3,5,-2
210000350,35,16,19
210000351,53,15,38
210000352,65,12,53
210000353,49,21,28
210000354,31,21,10
210000355,36,92,-56
210000356,47,66,-19
210000357,29,112,-83
210000358,121,211,-90
210000359,89,137,-48
210000360,198,179,19
210000361,268,88,180
210000362,384,112,272
210000363,524,116,408
210000364,164,67,97
210000365,180,11,169
210000366,245,42,203
210000367,113,15,98
210000368,106,24,82
210000369,54,43,11
210000370,106,37,69
210000372,19,9,10
210000373,3,18,-15
210000374,97,30,67
210000375,23,19,4
210000376,35,93,-58
210000404,4,6,-2
210000439,76,15,61
210000472,24,1,23
210000482,139,88,51
210000564,223,102,121
210000567,0,2,-2
210000568,217,1,216
211000092,51,31,20
211000094,65,7,58
211000169,235,4,231
211000172,22,128,-106
211000209,0,40,-40
211000226,0,0,0
211000270,4,0,4
211000275,47,2,45
211000276,186,13,173
211000279,24,13,11
211000281,144,22,122
211507980,0,26,-26
211977296,29,0,29
212000003,246,61,185
212000004,2,15,-13
212000005,2,56,-54
212000006,3,55,-52
212000008,73,78,-5
212000009,9,37,-28
212000012,30,21,9
212000013,8,9,-1
212000014,84,42,42
212000015,90,60,30
212000016,157,149,8
212000027,516,190,326
212000028,458,214,244
212000029,240,244,-4
212000030,36,17,19
212000031,50,17,33
212000048,2,150,-148
212000049,5,86,-81
212000050,6,2,4
212000051,112,41,71
212000052,84,44,40
212000053,82,91,-9
212000054,573,23,550
212000055,626,66,560
212000056,26,29,-3
212000057,16,47,-31
212000058,128,41,87
212000070,125,69,56
212000077,80,88,-8
212000099,613,83,530
212000108,371,192,179
212000111,505,39,466
212000120,27,71,-44
212000138,29,9,20
212000156,1,35,-34
212000158,2,66,-64
212000159,692,33,659
212000160,700,66,634
212000161,175,2,173
212000310,20,10,10
212000311,21,47,-26
212000374,6,0,6
213000001,7,292,-285
213000005,582,36,546
213000006,694,96,598
213000007,40,18,22
213000009,169,109,60
213000010,284,59,225
213000011,191,37,154
213000012,248,179,69
213000014,101,15,86
213000015,170,8,162
213000016,266,2,264
213000017,37,2,35
213000018,0,11,-11
213000019,0,22,-22
213000020,66,74,-8
213000021,0,26,-26
213000023,379,157,222
213000033,275,582,-307
213000034,492,101,391
213000035,90,244,-154
213000045,83,110,-27
213000046,67,88,-21
213000047,63,587,-524
213000056,143,26,117
213000069,59,1,58
213000073,0,65,-65
213000074,86,246,-160
213000075,519,0,519
213000085,1,2,-1
213000086,0,27,-27
213000091,319,6,313
213000092,21,3,18
213000099,122,573,-451
213000100,526,185,341
213000101,528,59,469
213000102,574,120,454
213000103,263,191,72
213000104,24,172,-148
213000105,53,783,-730
213000106,11,92,-81
213000107,89,239,-150
213000108,16,154,-138
213000109,10,110,-100
213000110,6,67,-61
213000111,5,90,-85
213000112,24,283,-259
213000115,39,1,38
213000116,9,151,-142
213000117,2,140,-138
213000118,1105,197,908
213000119,7,200,-193
213000120,24,136,-112
213000122,103,321,-218
213000123,20,267,-247
213000124,86,400,-314
213000125,239,32,207
213000126,17,42,-25
213000127,6,66,-60
213000128,41,322,-281
213000129,186,1080,-894
213000130,1146,378,768
213000132,1004,92,912
213000133,858,42,816
213000134,940,3,937
213000136,619,12,607
213000137,582,41,541
213000139,135,15,120
213000147,6,9,-3
213000148,22,18,4
213000149,10,7,3
213000150,0,200,-200
213000151,2,182,-180
213000152,1,169,-168
213000153,0,171,-171
213000154,60,149,-89
213000155,83,124,-41
213000156,157,213,-56
213000157,768,147,621
213000158,450,326,124
213000159,844,174,670
213000163,1975,150,1825
213000165,539,123,416
213000171,0,4,-4
213000172,0,14,-14
213000173,0,7,-7
213000174,0,9,-9
213000175,2,10,-8
213000176,238,46,192
213000177,421,8,413
213000178,391,1,390
213000179,315,1,314
213000180,577,0,577
213000184,46,184,-138
213000188,800,62,738
213000189,895,21,874
213000190,687,107,580
213000191,794,64,730
213000192,235,65,170
213000193,201,133,68
213000194,0,86,-86
213000195,43,226,-183
213000196,275,627,-352
213000197,464,335,129
213000198,17,0,17
213000200,151,266,-115
213000201,5,72,-67
213000202,5,174,-169
213000203,1165,208,957
213000204,999,15,984
213000205,543,24,519
213000206,420,17,403
213000207,34,2,32
213000208,22,0,22
213000209,64,1,63
213000210,157,0,157
213000211,1,19,-18
213000212,2,41,-39
213000213,14,20,-6
213000218,365,410,-45
213000219,1243,6,1237
213000220,1105,11,1094
213000223,196,118,78
213000224,4,67,-63
213000225,47,14,33
213000226,22,9,13
213000227,1311,78,1233
213000228,596,24,572
213000229,110,23,87
213000230,448,5,443
213000232,41,879,-838
213000233,3,71,-68
213000234,0,4,-4
213000293,2,170,-168
213000294,77,5,72
213000295,7,96,-89
213000296,146,27,119
213000297,13,11,2
213000298,4,79,-75
213000299,36,15,21
213000300,1,13,-12
213000303,0,20,-20
213000304,1,17,-16
213000305,0,24,-24
213000306,12,47,-35
213000307,60,94,-34
213000308,45,70,-25
213000309,125,15,110
213000310,114,48,66
213000311,39,452,-413
213000315,16,52,-36
213000316,304,37,267
213000322,101,55,46
213000323,183,14,169
213000324,159,22,137
213000325,119,36,83
213000326,179,12,167
213000327,154,29,125
213000328,72,56,16
213000329,70,12,58
213000340,12,310,-298
213000341,1008,18,990
213000347,159,431,-272
213000348,2,65,-63
213000349,0,21,-21
213000350,244,354,-110
213000366,14,151,-137
213000367,354,6,348
213000379,42,22,20
213000386,9,334,-325
213000406,75,216,-141
213000417,1415,268,1147
213000425,297,25,272
213000426,264,8,256
213000427,61,41,20
213000428,69,35,34
213000429,0,4,-4
213000430,23,67,-44
213000431,10,7,3
213000432,0,324,-324
213000433,28,27,1
213000434,229,53,176
213000435,104,33,71
213000436,115,21,94
213000437,2,28,-26
213000438,105,43,62
213000439,27,18,9
213000440,23,86,-63
213000441,0,13,-13
213000442,3,9,-6
213000443,310,413,-103
213000444,53,28,25
213000445,0,82,-82
213000446,1,286,-285
213000447,1,112,-111
213000448,37,74,-37
213000449,977,11,966
213000450,30,6,24
213000451,397,17,380
213000452,10,4,6
213000453,5,45,-40
213000455,93,2,91
213000456,0,143,-143
213000481,1,0,1
213000484,25,0,25
213000489,62,20,42
213900002,0,338,-338
213900003,18,0,18
213900013,0,62,-62
213900015,0,1,-1
213900016,3,4,-1
213900020,1,69,-68
213900030,0,33,-33
213900032,47,35,12
213900033,193,9,184
213900034,563,6,557
213900035,134,177,-43
213900036,78,73,5
213900037,14,228,-214
213900038,466,54,412
213900039,0,4,-4
213900041,3,302,-299
213900042,64,284,-220
213900043,359,26,333
213900244,66,0,66
213900245,0,7,-7
218000003,51,13,38
218000004,4,12,-8
218000005,10,55,-45
218000006,60,42,18
218000007,12,11,1
218000012,63,139,-76
218000013,58,72,-14
218000014,108,69,39
218000019,345,208,137
218000020,188,140,48
218000021,11,8,3
218000022,3,10,-7
218000023,1,13,-12
218000024,0,8,-8
218000025,9,11,-2
218000026,8,8,0
218000027,0,7,-7
218000028,5,1,4
218000029,0,4,-4
218000030,5,9,-4
218000031,5,6,-1
218000032,0,4,-4
218000040,9,4,5
218000046,149,99,50
218000047,14,64,-50
218000048,99,79,20
218000049,69,91,-22
218000050,412,147,265
218000051,134,149,-15
218000052,0,42,-42
218000053,0,2,-2
218000054,23,37,-14
218000055,0,43,-43
218000056,39,83,-44
218000057,17,57,-40
218000064,0,2,-2
218000065,44,18,26
218000066,3,33,-30
218000067,142,34,108
218000068,113,48,65
218000069,475,47,428
218000070,240,145,95
218000071,198,137,61
218000072,65,97,-32
218000078,626,293,333
218000079,392,33,359
218000080,329,24,305
218000081,800,54,746
218000082,190,21,169
218000083,17,39,-22
218000084,70,65,5
218000085,103,43,60
218000086,30,34,-4
218000087,81,30,51
218000090,18,163,-145
218000091,1094,377,717
218000092,177,59,118
218000093,34,32,2
218000094,294,135,159
218000099,114,106,8
218000100,126,29,97
218000101,134,56,78
218000102,265,62,203
218000103,35,33,2
218000104,71,8,63
218000105,21,13,8
218000106,21,10,11
218000107,83,28,55
218000108,1,29,-28
218000112,28,11,17
218000117,66,35,31
218000134,320,184,136
218000135,13,106,-93
218000136,122,152,-30
218000137,60,47,13
218000138,31,18,13
218000139,165,190,-25
218000140,403,176,227
218000141,75,43,32
218000142,133,71,62
218000143,33,124,-91
218000144,7,132,-125
218000145,580,232,348
218000146,79,60,19
218000151,4,37,-33
218000152,62,43,19
218000153,1,20,-19
218000154,16,2,14
218000155,59,3,56
218000156,207,6,201
218000157,100,6,94
218000158,22,16,6
218000159,14,7,7
218000160,8,7,1
218000161,142,3,139
218000162,131,3,128
218000163,76,3,73
218000164,148,2,146
218000165,260,10,250
218000170,7,34,-27
218000171,99,18,81
218000172,1,22,-21
218000173,18,2,16
218000174,23,6,17
218000176,344,34,310
218000177,621,73,548
218000178,142,53,89
218000179,276,82,194
218000180,162,7,155
218000181,354,30,324
218000187,5,7,-2
218000188,4,10,-6
218000189,9,20,-11
218000190,21,1,20
218000191,19,6,13
218000192,39,35,4
218000193,134,83,51
218000194,47,107,-60
218000195,201,52,149
218000196,359,121,238
218000197,772,67,705
218000198,105,16,89
218000199,48,3,45
218000200,63,6,57
218000201,4,4,0
218000202,34,166,-132
218000207,8,10,-2
218000208,10,65,-55
218000211,26,3,23
218000212,0,6,-6
218000213,205,218,-13
218000214,1,122,-121
218000215,48,84,-36
218000217,4,58,-54
218000218,360,133,227
218000219,2,26,-24
218000220,63,335,-272
218000221,642,344,298
218000222,0,49,-49
218000223,51,545,-494
218000224,4,159,-155
218000225,219,22,197
218000226,499,45,454
218000230,0,10,-10
218000232,74,32,42
218000239,113,2,111
218000240,3,0,3
218000241,1,0,1
218000242,1,0,1
218000243,1,0,1
218000244,40,1,39
218000245,10,6,4
218000246,0,3,-3
218000247,1,0,1
218000248,1,11,-10
218000249,0,0,0
218000250,0,10,-10
218000251,1,20,-19
218000252,0,30,-30
218000253,0,11,-11
218000254,0,5,-5
218000255,0,8,-8
218000256,30,16,14
218000267,214,334,-120
218000268,0,10,-10
218000269,2,1,1
218000270,2,11,-9
218000271,12,5,7
218000273,78,3,75
218000274,15,3,12
218000275,94,73,21
218000276,25,23,2
218000278,16,22,-6
218000279,67,23,44
218000280,0,9,-9
218000281,1,5,-4
218000282,497,551,-54
218000284,54,2,52
218000301,30,63,-33
218000302,41,25,16
218000303,9,35,-26
218000316,1568,357,1211
218000317,2577,174,2403
218000318,1546,178,1368
218000319,530,237,293
218000320,322,146,176
218000338,46,47,-1
218000345,119,13,106
218000346,13,114,-101
218000459,73,187,-114
218000490,4,50,-46
218000501,58,15,43
218000502,15,17,-2
218000503,99,15,84
218000504,62,2,60
218000505,16,18,-2
218000506,15,59,-44
218000508,0,0,0
218000510,32,13,19
218000520,154,83,71
218000521,3,6,-3
218000522,24,226,-202
218000523,83,2,81
218000524,1,144,-143
218000525,66,24,42
218000526,0,154,-154
218000529,13,16,-3
218000530,35,5,30
218000531,8,10,-2
218000532,40,5,35
218000534,381,13,368
218000537,4,114,-110
218000538,28,85,-57
218000540,49,92,-43
218000543,198,22,176
218000544,9,17,-8
218000545,189,64,125
218000546,23,6,17
218000547,108,128,-20
218000548,63,88,-25
218000549,901,110,791
218000550,98,133,-35
218000551,37,212,-175
218000552,298,43,255
218000553,29,31,-2
218000554,4,7,-3
218000555,19,14,5
218000556,76,16,60
218000557,677,61,616
218000558,15,0,15
218000559,0,53,-53
218000560,0,37,-37
218000561,2,0,2
218000562,1,84,-83
218000563,54,24,30
218000564,0,106,-106
218000565,47,28,19
218000566,82,25,57
218000567,1,59,-58
218000568,1,1,0
218000569,1,86,-85
218000570,31,11,20
218000571,0,64,-64
218000572,9,1,8
218000573,2,108,-106
218000574,19,21,-2
218000575,71,0,71
218000576,3,128,-125
218000577,35,1,34
218000578,0,76,-76
218000579,8,1,7
218000581,2,29,-27
218000582,113,0,113
218000583,3,0,3
218000584,0,11,-11
218000585,27,3,24
218000586,4,7,-3
218000587,0,0,0
218000588,0,7,-7
218000589,0,24,-24
218000590,1,0,1
218000591,1,73,-72
218000592,2,38,-36
218000593,0,0,0
218000594,0,21,-21
218000595,0,4,-4
218000596,0,0,0
218000597,0,20,-20
218000598,0,0,0
218000599,0,107,-107
218000600,0,0,0
218000601,0,35,-35
218000602,0,2,-2
218000603,0,12,-12
218000604,44,0,44
218000605,4,311,-307
218000606,302,5,297
218000607,5,41,-36
218000608,9,5,4
218000609,1,31,-30
218000610,69,2,67
218000611,8,0,8
218000612,0,17,-17
218000613,47,0,47
218000614,1,14,-13
218000615,183,0,183
218000616,14,148,-134
218000617,5,1,4
218000618,0,7,-7
218000619,40,4,36
218000620,0,37,-37
218000621,0,1,-1
218000622,0,87,-87
218000623,5,2,3
218000624,0,74,-74
218000625,15,9,6
218000626,0,39,-39
218000628,165,91,74
218000631,69,20,49
218000632,0,88,-88
218000633,84,0,84
218000634,0,0,0
218000635,3,5,-2
218000636,358,231,127
218000637,1133,79,1054
218000638,419,22,397
218000639,33,34,-1
218000640,613,10,603
218000641,97,77,20
218000652,40,48,-8
218000653,342,38,304
218000663,3,24,-21
218000675,7,34,-27
218000676,0,5,-5
218000677,16,0,16
218000680,74,50,24
218000681,660,12,648
218000691,166,50,116
218000693,650,17,633
218000703,1,10,-9
218000718,17,78,-61
218000719,18,55,-37
218000720,0,102,-102
218000721,4,8,-4
218000725,11,1,10
218001214,17,43,-26
218001329,35,17,18
218001330,3,17,-14
218001351,3,12,-9
218001352,0,7,-7
218001353,3,6,-3
218001354,0,6,-6
219000001,0,0,0
219000002,0,0,0
219000003,58,18,40
219000004,35,64,-29
219000017,55,21,34
219000020,177,21,156
219000022,120,2,118
219000023,33,2,31
219000029,0,0,0
219000034,47,39,8
219000039,0,3,-3
219000040,9,25,-16
219000041,111,17,94
219000051,0,1,-1
219000052,0,2,-2
219000053,0,0,0
219000054,112,212,-100
219000055,348,0,348
219000056,1,0,1
219000057,67,0,67
219000062,1,30,-29
219000063,347,3,344
219000064,0,9,-9
219000110,136,172,-36
219000111,95,47,48
219000112,205,26,179
219000113,221,22,199
219000114,145,18,127
219000116,79,35,44
219000117,66,18,48
219000118,58,20,38
219000123,74,2,72
219000124,3,1,2
219000125,0,0,0
219000126,0,0,0
219000127,0,0,0
219000128,1,8,-7
219000129,0,9,-9
219000130,76,74,2
219000131,648,705,-57
219000133,22,48,-26
219000134,1,37,-36
219000135,2,47,-45
219000136,30,129,-99
219000138,70,3,67
219000139,77,2,75
219000140,208,0,208
219000141,44,3,41
219000142,7,2,5
219000143,17,2,15
219000145,4,5,-1
219000146,0,0,0
219000147,0,0,0
219000148,0,0,0
219000149,0,0,0
219000150,0,0,0
219000151,0,0,0
219000157,261,80,181
219000158,273,63,210
219000161,182,1,181
219000163,710,228,482
219000166,149,45,104
219000167,58,38,20
219000168,262,40,222
219000174,655,52,603
219000175,175,5,170
219000176,192,4,188
219000177,124,1,123
219000178,146,0,146
219000179,30,73,-43
219000180,41,1,40
219000182,52,23,29
219000183,48,1,47
219000184,45,2,43
219000185,0,0,0
219000186,62,7,55
219000187,19,14,5
219000189,1,6,-5
219000190,0,9,-9
219000191,22,117,-95
219000192,292,124,168
219000193,7,5,2
219000195,0,0,0
219000196,0,2,-2
219000198,0,3,-3
219000199,1,2,-1
219000200,2,0,2
219000201,0,0,0
219000203,1,8,-7
219000204,9,52,-43
219000205,3,56,-53
219000207,3,33,-30
219000209,1,1,0
219000210,0,0,0
219000213,2,56,-54
219000239,58,141,-83
219000240,63,172,-109
219000241,82,57,25
219000242,32,52,-20
219000243,61,170,-109
219000244,9,62,-53
219000245,9,12,-3
219000246,20,15,5
219000247,302,28,274
219000248,329,278,51
219000249,259,81,178
219000250,150,49,101
219000251,642,105,537
219000252,176,47,129
219000253,187,15,172
219000255,134,94,40
219000256,432,39,393
219000257,104,0,104
219000262,25,14,11
219000263,27,14,13
219000267,0,0,0
219000268,0,0,0
219000269,5,5,0
219000270,35,2,33
219000271,140,0,140
219000278,0,0,0
219000279,0,0,0
219000283,0,0,0
219000295,9,19,-10
219000296,7,40,-33
219000297,1,2,-1
219000298,13,0,13
219000299,192,20,172
219000300,23,3,20
219000301,5,53,-48
219000302,1,15,-14
219000307,0,0,0
219000308,79,23,56
219000311,81,20,61
219000312,262,56,206
219000313,304,35,269
219000314,10,37,-27
219000315,347,13,334
219000316,490,53,437
219000317,112,5,107
219000320,0,0,0
219000321,0,0,0
219000323,0,0,0
219000325,0,0,0
219000326,9,17,-8
219000327,0,0,0
219000328,0,0,0
219000329,292,95,197
219000330,21,0,21
219000331,29,8,21
219000332,198,13,185
219000333,30,15,15
219000335,91,2,89
219000337,1,0,1
219000338,36,0,36
219000344,0,0,0
219000345,0,0,0
219000346,0,0,0
219000348,38,8,30
219000349,0,12,-12
219000350,1,4,-3
219000351,0,1,-1
219000352,9,51,-42
219000353,160,58,102
219000354,779,47,732
219000355,97,2,95
219000356,335,672,-337
219000363,150,34,116
219000364,170,35,135
219000365,76,9,67
219000366,126,811,-685
219000368,219,391,-172
219000370,522,399,123
219000371,0,0,0
219000382,0,13,-13
219000383,56,212,-156
219000385,35,181,-146
219000386,84,406,-322
219000387,0,0,0
219000390,2,7,-5
219000391,0,0,0
219000397,0,0,0
219000398,33,15,18
219000401,7,20,-13
219000402,4,11,-7
219000403,36,56,-20
219000404,2,16,-14
219000407,1,4,-3
219000409,70,24,46
219000410,67,15,52
219000411,61,4,57
219000446,5,43,-38
219000447,0,0,0
219000448,9,8,1
219000452,71,83,-12
219000453,15,92,-77
219000454,235,323,-88
219000556,715,25,690
219000558,14,57,-43
219000590,3,121,-118
219000591,360,35,325
219000592,28,50,-22
219000595,0,0,0
219000635,59,57,2
219000636,1,0,1
219000657,5,8,-3
219000658,0,3,-3
219000673,0,0,0
219000676,0,0,0
219000679,36,0,36
219000684,185,0,185
219000685,0,11,-11
219000686,0,1,-1
219000688,0,9,-9
219000689,2,44,-42
219000690,108,6,102
219000691,8,20,-12
219000692,59,4,55
219000693,0,0,0
219000694,32,0,32
219000695,199,2,197
219000698,7,0,7
219000699,0,0,0
219000727,0,4,-4
219000728,56,0,56
219000770,12,1,11
219000771,0,0,0
219001150,0,110,-110
219001151,0,0,0
219001166,12,16,-4
219001167,0,2,-2
220000001,6,70,-64
220000002,0,11,-11
220000003,34,38,-4
220000004,31,90,-59
220000005,139,297,-158
220000006,34,186,-152
220000007,161,105,56
220000008,48,126,-78
220000009,54,48,6
220000010,28,51,-23
220000011,206,2735,-2529
220000012,19,328,-309
220000014,132,56,76
220000015,24,174,-150
220000017,9,131,-122
220000018,4516,768,3748
220000019,91,417,-326
220000020,276,133,143
220000021,624,109,515
220000022,1027,139,888
220000023,220,125,95
220000024,516,327,189
220000025,406,1101,-695
220000026,301,407,-106
220000027,6,187,-181
220000028,19,216,-197
220000029,6,18,-12
220000030,1,10,-9
220000031,588,327,261
220000064,22,367,-345
221000046,1,1,0
221000047,0,0,0
221000048,0,3,-3
221000049,0,1,-1
221000050,9,0,9
221000055,11,51,-40
221000057,161,4,157
221000068,218,80,138
221000069,289,17,272
221000070,152,3,149
221000071,100,6,94
221000072,242,4,238
221000073,175,10,165
221000074,1,1,0
221000075,1,7,-6
221000076,0,7,-7
221000077,5,3,2
221000081,4,6,-2
221000082,111,0,111
221000083,1,0,1
221000084,0,3,-3
221000085,5,80,-75
221000086,4,59,-55
221000087,2,66,-64
221000088,13,56,-43
221000089,8,86,-78
221000090,22,107,-85
221000098,164,20,144
221000099,218,12,206
221000100,194,4,190
221000101,146,4,142
221000102,185,13,172
221000109,0,2,-2
221000110,3,17,-14
221000111,2,19,-17
221000112,0,26,-26
221000113,0,19,-19
221000114,1,26,-25
221000120,4,72,-68
221000121,1,15,-14
221000122,4,37,-33
221000123,2,58,-56
221000124,31,176,-145
221000155,182,10,172
221000156,7,16,-9
221000175,6,30,-24
221000176,0,2,-2
221000182,41,0,41
221000241,259,282,-23
221000242,13,104,-91
221000243,298,150,148
221000244,26,263,-237
221000245,50,29,21
221000246,9,175,-166
221000247,93,38,55
221000248,67,47,20
221000267,22,392,-370
221000325,59,99,-40
221000331,3,70,-67
221000338,4,112,-108
221000378,387,33,354
221000381,38,65,-27
222000282,4,0,4
222000296,2,23,-21
222000568,445,30,415
222000569,137,39,98
222000570,162,10,152
222000571,449,7,442
222000577,2,23,-21
222000578,1,75,-74
222000579,7,75,-68
222000580,11,812,-801
222000599,0,89,-89
222000600,0,58,-58
222000601,1,160,-159
222000603,14,27,-13
222000604,1,38,-37
222000605,5,39,-34
222000606,0,5,-5
222000607,3,7,-4
222000608,5,4,1
222000609,44,28,16
222000616,745,40,705
222000617,1,0,1
222000618,16,6,10
222000620,1,4,-3
222000621,22,13,9
222000623,694,6,688
222000624,494,8,486
222000625,856,7,849
222000636,66,1,65
222000686,13,25,-12
222000687,13,9,4
222001066,563,2,561
222001067,119,1,118
222001068,314,3,311
222001069,178,35,143
222001082,19,8,11
222001083,102,10,92
222001084,0,19,-19
222001085,1,274,-273
222001111,145,24,121
222001112,363,5,358
222001313,1,6,-5
222001314,0,50,-50
222001464,57,32,25
222001465,1,108,-107
222001484,214,42,172
222001485,10,8,2
222001494,1028,90,938
222001495,47,116,-69
222001496,488,89,399
222001497,41,176,-135
222001502,0,7,-7
222001503,229,10,219
222001504,2,51,-49
222001505,436,8,428
222001506,1,17,-16
222001507,220,13,207
222001510,788,27,761
222001511,5,49,-44
222001514,753,31,722
222001515,9,64,-55
222001518,828,28,800
222001519,32,48,-16
222001527,176,2,174
222001528,1,24,-23
222001529,628,11,617
222001530,28,27,1
222001533,11,123,-112
222001534,891,3,888
222001535,410,80,330
222001536,14,231,-217
222001537,313,12,301
222001538,16,77,-61
222001563,1170,16,1154
222001564,3,90,-87
222001568,93,21,72
222001576,1,3,-2
222001579,1,40,-39
222001583,13,43,-30
222001584,221,64,157
222001596,131,1038,-907
222001597,1458,101,1357
222001626,0,46,-46
222001650,7,29,-22
222001651,14,133,-119
222001914,368,6,362
222001915,1,26,-25
222900004,453,85,368
222900009,115,223,-108
222900019,79,185,-106
222900024,124,3,121
222900025,3,8,-5
225000001,300,105,195
225000002,665,57,608
225000003,920,49,871
225000004,451,57,394
225000005,35,19,16
225000006,0,0,0
225000007,125,310,-185
225000010,268,24,244
225000011,149,941,-792
225000012,143,651,-508
225000013,64,59,5
225000014,596,64,532
225000015,33,47,-14
225000021,444,48,396
225000027,50,87,-37
225000032,486,33,453
225000042,29,111,-82
225000049,9,16,-7
225000050,132,20,112
225000053,0,0,0
225000058,338,78,260
225000067,28,15,13
225000068,8,29,-21
225000069,13,39,-26
225000070,11,44,-33
225000071,4,45,-41
225000075,10,289,-279
225000076,0,0,0
225000078,17,19,-2
225000085,69,19,50
225000086,252,32,220
225000087,97,1,96
225000088,0,15,-15
225000089,0,0,0
225000090,0,0,0
225000091,0,0,0
225000092,3,40,-37
225000093,36,13,23
225000094,12,30,-18
225000095,42,34,8
225000096,2,19,-17
225000098,701,61,640
225000099,453,42,411
225000100,496,67,429
225000104,14,141,-127
225000110,2,103,-101
225000111,108,95,13
225000112,163,277,-114
225000113,51,368,-317
225000114,53,165,-112
225000115,547,320,227
225000116,163,51,112
225000117,332,234,98
225000118,858,220,638
225000119,306,33,273
225000120,480,10,470
225000121,76,15,61
225000123,724,4,720
225000125,443,92,351
225000126,375,122,253
225000127,283,1679,-1396
225000128,343,1093,-750
225000132,657,1,656
225000133,171,9,162
225000134,573,84,489
225000135,105,11,94
225000136,412,7,405
225000137,344,41,303
225000138,348,79,269
225000143,0,1,-1
225000144,0,3,-3
225000145,35,21,14
225000146,0,0,0
225000147,0,0,0
225000148,0,0,0
225000149,0,0,0
225000151,0,0,0
225000155,7,17,-10
225000156,65,458,-393
225000157,130,104,26
225000158,6,20,-14
225000171,1,32,-31
225000180,6,2,4
225000181,0,1,-1
225000182,31,5,26
225000185,1,116,-115
225000187,6,73,-67
225000191,9,0,9
225000194,0,2,-2
225000208,0,3,-3
225000209,56,14,42
225000210,0,0,0
225000217,0,0,0
225000218,2,0,2
225000223,0,22,-22
225000224,8,0,8
225000225,1,19,-18
225000226,24,3,21
225000227,1,43,-42
225000228,3,6,-3
225000229,0,3,-3
225000230,0,1,-1
225000231,0,4,-4
225000232,168,0,168
225000241,51,0,51
225000242,0,2,-2
225000249,0,0,0
225000250,0,0,0
225000251,564,16,548
225000254,1,52,-51
225000256,0,112,-112
225000257,0,26,-26
226000042,5,7,-2
226000043,4,14,-10
226000044,3,36,-33
226000045,4,34,-30
226000046,817,19,798
226000047,313,34,279
226000048,421,48,373
226000049,429,128,301
226000070,0,0,0
226000071,0,0,0
226000072,0,0,0
226000073,0,0,0
226000074,0,0,0
226000084,0,0,0
226000085,0,0,0
226000086,0,0,0
226000087,0,0,0
226000088,0,0,0
226000090,14,105,-91
226000091,10,16,-6
226000092,3,36,-33
226000093,1,6,-5
226000094,6,1,5
226000095,16,6,10
226000105,0,0,0
226000106,3,0,3
226000107,35,1,34
226000108,3,0,3
226000109,119,0,119
226000124,306,52,254
226000134,1413,270,1143
226000135,2282,311,1971
226000136,866,175,691
226000137,0,0,0
226000138,0,0,0
226000139,0,0,0
226000156,269,0,269
226000157,430,0,430
226000163,0,2,-2
226000202,0,0,0
226000231,398,1,397
226000232,13,0,13
227000033,547,6,541
227000036,724,11,713
227000037,620,3,617
227000038,151,16,135
227000084,0,0,0
227000085,0,0,0
227000088,62,0,62
227000089,52,0,52
227000090,44,0,44
227000091,99,0,99
227000092,31,0,31
227000093,78,1,77
227000094,39,0,39
227000130,0,0,0
227000131,0,0,0
227000132,0,0,0
227000133,0,0,0
227000134,0,0,0
227000152,0,0,0
227000153,0,0,0
227000154,0,0,0
227000155,0,0,0
227000156,0,0,0
227000165,0,0,0
227000196,866,61,805
227000199,583,52,531
227000230,0,58,-58
227000232,1217,51,1166
227000242,0,0,0
227000243,375,33,342
227000245,0,0,0
227000246,0,0,0
227000247,726,10,716
227000248,132,57,75
227000249,0,55,-55
227000250,238,245,-7
227000251,3,52,-49
227000252,0,5,-5
227000253,325,40,285
227000262,797,14,783
227000266,2145,9,2136
227000267,1,177,-176
227000282,0,1,-1
227000284,930,16,914
227000286,0,1,-1
227000291,0,10,-10
227000296,121,95,26
227000484,172,8,164
227000485,0,15,-15
227000655,507,7,500
227000656,786,24,762
227000657,242,11,231
227000704,348,1,347
229000265,27,3,24
229000266,0,0,0
229000267,14,0,14
229000268,27,2,25
229000269,13,0,13
229000274,0,37,-37
229000275,2,53,-51
229000276,1,58,-57
229000277,0,7,-7
229000278,4,9,-5
229000295,8,35,-27
229000296,1,24,-23
229000297,4,4,0
229000298,3,123,-120
229000320,3,4,-1
229000321,25,13,12
229000412,16,52,-36
229000414,5,29,-24
229000415,4,1,3
229000416,19,1,18
229000417,0,0,0
229000419,136,157,-21
229000440,206,45,161
229000442,30,8,22
229000443,22,0,22
229000444,0,21,-21
229000445,53,4,49
229000446,38,8,30
229000491,2,3,-1
229000492,3,2,1
229000493,0,6,-6
229000494,121,1,120
229000495,138,0,138
229000496,305,2,303
229000507,0,0,0
229000508,0,0,0
229000509,0,1,-1
229000510,0,0,0
229000511,2,2,0
229000512,0,0,0
229000513,0,0,0
229000514,0,2,-2
229000517,2,1,1
229000518,1,2,-1
229000519,0,1,-1
229000520,11,6,5
229000521,83,6,77
229000522,9,1,8
229000523,13,1,12
229000524,9,1,8
229000527,1,1,0
229000528,2,0,2
229000529,31,0,31
229000530,220,1,219
229000531,33,5,28
229000532,28,1,27
229000533,76,0,76
229000534,37,1,36
229000564,156,0,156
229000565,110,2,108
229000566,0,0,0
229000567,0,0,0
229000582,56,6,50
229000583,15,7,8
229000584,0,0,0
229000585,0,1,-1
229000718,0,0,0
229000719,0,0,0
229000720,0,0,0
229000721,0,0,0
229000722,0,0,0
229000723,0,0,0
229000724,0,0,0
229000725,0,0,0
229000738,0,0,0
229000739,1,1,0
229000740,2,1,1
229000741,61,0,61
229000742,16,0,16
229000743,43,0,43
229000744,2,0,2
229000745,1,0,1
229000746,31,0,31
229000847,181,0,181
229000848,139,0,139
229000849,287,0,287
229000851,283,0,283
229000854,0,0,0
229000856,0,0,0
229000857,0,0,0
229000858,0,0,0
229000919,0,0,0
229000930,0,0,0
229000937,34,9,25
229000966,24,19,5
229000981,0,0,0
229000985,5,7,-2
229000986,0,1,-1
229000987,1,0,1
229000988,2,7,-5
229000989,5,3,2
229000990,0,10,-10
229000991,0,0,0
229000992,6,1,5
229000993,144,11,133
229000998,52,20,32
229000999,108,6,102
229001034,0,4,-4
229001035,15,17,-2
229001036,15,6,9
229001037,51,6,45
229001038,0,3,-3
229001039,32,0,32
229001040,0,54,-54
229001041,120,1,119
229001042,25,15,10
229001047,14,47,-33
229001050,66,28,38
229001168,0,0,0
229001200,61,0,61
229001338,0,1,-1
229001394,238,0,238
229001422,65,7,58
229001423,0,0,0
229001431,16,10,6
229001432,0,0,0
229001444,251,19,232
229001445,118,75,43
229001479,61,0,61
229001503,256,9,247
229001504,0,0,0
229001505,84,5,79
229001506,0,0,0
229001509,96,3,93
229001510,22,19,3
229001545,35,10,25
229001546,0,0,0
229001553,34,13,21
229001554,0,0,0
229001630,82,10,72
229001631,15,5,10
229001635,0,10,-10
229001636,0,0,0
229001658,0,0,0
229001659,30,10,20
229001660,0,0,0
229001661,0,11,-11
229001662,23,0,23
229001663,0,0,0
229002584,247,169,78
229002831,77,75,2
229002841,1,68,-67
229002842,7,0,7
229002843,68,6,62
229002844,11,71,-60
229002845,0,75,-75
229002846,3,7,-4
229002847,0,3,-3
229002848,2,29,-27
229002849,3,71,-68
229002850,21,5,16
229002851,8,153,-145
229002852,89,69,20
229002853,35,2,33
229002854,28,15,13
229002855,1,40,-39
229002856,43,5,38
229002857,44,26,18
229002858,49,1,48
229002859,21,3,18
229002860,32,16,16
229002861,53,39,14
229002862,4,13,-9
229002863,2,10,-8
229002864,35,52,-17
229002865,1,8,-7
229002866,27,28,-1
229002867,1,19,-18
229002868,1,1,0
229002869,2,39,-37
229002870,47,2,45
235000066,106,9,97
235000067,71,17,54
235000072,0,0,0
235000073,0,0,0
235000074,0,0,0
235000080,0,0,0
235000081,0,0,0
235000082,299,45,254
235000083,305,76,229
235000084,22,23,-1
235000085,190,45,145
235000089,40,14,26
235000092,0,0,0
235000093,0,0,0
235000097,0,1,-1
235000098,66,4,62
235000099,23,7,16
235000116,7,13,-6
235000117,337,17,320
235000133,0,0,0
235000134,0,0,0
235000206,0,5,-5
235000207,0,0,0
235000208,0,1,-1
235000209,7,0,7
235000210,7,0,7
235000212,0,0,0
235000213,0,0,0
235000220,0,0,0
235000221,0,0,0
235000238,7,283,-276
235000239,0,18,-18
235000242,179,1226,-1047
235000245,0,1,-1
235000246,0,0,0
235000284,1,50,-49
235000295,7,1,6
235000305,211,10,201
235000306,557,2,555
235000307,28,3,25
235000308,20,0,20
235000309,100,0,100
235000310,20,1,19
235000311,33,5,28
235000322,0,23,-23
235000323,0,18,-18
235000324,0,18,-18
235000325,1,5,-4
235000326,5,49,-44
235000351,1,63,-62
235000352,6,72,-66
235000353,1,14,-13
235000354,2,4,-2
235000355,0,44,-44
235000356,43,0,43
235000357,35,6,29
235000358,25,3,22
235000359,3,2,1
235000360,9,5,4
235000361,20,0,20
235000381,0,0,0
235000382,268,12,256
235000390,2,2,0
235000391,167,17,150
235000392,172,95,77
235000393,155,88,67
235000395,161,19,142
235000396,649,30,619
235000400,255,49,206
235000401,0,0,0
235000405,0,0,0
235000406,0,0,0
235000407,0,0,0
235000409,0,0,0
235000410,0,0,0
235000411,0,0,0
235000485,0,0,0
235000486,20,0,20
235000549,87,107,-20
235000550,0,0,0
235000599,0,0,0
235000600,0,0,0
235000601,24,7,17
235000602,81,35,46
235000614,0,0,0
235000648,0,0,0
235000649,9,14,-5
235000685,0,0,0
235000815,14,5,9
235000834,0,10,-10
235000855,39,35,4
235000862,0,0,0
235000891,0,0,0
235000892,3,0,3
235000901,0,0,0
235000907,0,0,0
235001010,69,25,44
235001029,0,0,0
235001030,217,31,186
235001078,113,72,41
235001079,0,0,0
235001147,0,29,-29
235001166,9,35,-26
235001167,0,0,0
235001169,8,125,-117
235001188,0,0,0
235001189,2,0,2
235001197,0,0,0
235001200,0,0,0
235001208,6,8,-2
235001209,0,0,0
235001210,0,0,0
235001239,0,0,0
235001244,0,0,0
235016267,0,24,-24
241900007,42,0,42
277101746,0,1,-1
277102712,29,8,21
277103813,0,0,0
277103814,0,0,0
277103898,0,0,0
277104249,0,0,0
277104250,0,8,-8
277104251,0,2,-2
277104252,0,0,0
990011530,0,122,-122
990014944,0,84,-84
990015176,12,23,-11
990015618,0,121,-121
990016032,1,120,-119
990032570,1,309,-308
990070001,93,6,87
990070103,0,2,-2
990070601,0,13,-13
990070751,2124,10,2114
990070766,0,67,-67
990071180,471,37,434
990071343,20,0,20
990071387,0,0,0
990071823,567,3,564
990072600,0,505,-505
990072964,0,135,-135
990073285,0,0,0
990074393,0,336,-336
990074870,1523,2,1521
990075106,273,2,271
990075746,588,4,584
990076437,3287,4,3283
990076458,1,343,-342
997000007,153,0,153
997000041,1,276,-275
997000058,78,0,78
997000062,70,0,70
997000069,0,0,0
997000070,0,1,-1
997000100,95,0,95
997000141,0,0,0
997000198,0,0,0
998000475,0,1,-1
998000736,0,67,-67
998000965,0,53,-53
998001031,0,57,-57
998001700,0,24,-24
998001899,0,0,0
998001900,5,6,-1
998003073,2008,34,1974
998101900,0,0,0
998102850,0,97,-97
998501927,279,96,183
998501929,172,29,143
998501930,64,1,63
998501931,132,41,91
998501932,6,0,6
998501933,36,0,36
998501937,5,0,5
998501944,0,1,-1
998501950,0,0,0
998501970,67,4,63
998501971,0,10,-10
998501972,121,2,119
998501973,0,7,-7
998501974,0,109,-109
998501975,127,1,126
998501976,51,1,50
998501977,0,56,-56
998501978,5,0,5
998501979,0,0,0
998501980,28,0,28
998501981,71,3,68
998501982,0,71,-71
998502006,0,0,0
998502024,0,6,-6
998502032,0,3,-3
998502062,4,0,4
998502063,0,0,0
998502173,1,0,1
998502269,0,0,0
998601159,0,35,-35
998601292,1,8,-7
999033574,0,594,-594
999800001,49,12,37
999800002,0,0,0
999800003,1,7,-6
999800004,0,4,-4
999800005,0,0,0
