dong,insum,outsum,diff
강남구 개포1동,2170,1579,591
강남구 개포2동,25156,21926,3230
강남구 개포4동,12577,10837,1740
강남구 논현1동,36536,32611,3925
강남구 논현2동,25060,23590,1470
강남구 대치1동,25696,31071,-5375
강남구 대치2동,41716,37041,4675
강남구 대치4동,32154,28949,3205
강남구 도곡1동,24774,21492,3282
강남구 도곡2동,9332,8742,590
강남구 삼성1동,45101,35012,10089
강남구 삼성2동,20470,16749,3721
강남구 세곡동,28571,31167,-2596
강남구 수서동,30433,20082,10351
강남구 신사동,28751,26137,2614
강남구 압구정동,50191,39445,10746
강남구 역삼1동,81868,60838,21030
강남구 역삼2동,29233,24889,4344
강남구 일원1동,11147,10360,787
강남구 일원2동,5167,4038,1129
강남구 일원본동,15555,14216,1339
강남구 청담동,36984,29440,7544
강동구 강일동,15645,16093,-448
강동구 고덕제1동,7211,8327,-1116
강동구 고덕제2동,9858,10302,-444
강동구 길동,14846,14278,568
강동구 둔촌제1동,503,322,181
강동구 둔촌제2동,11389,9964,1425
강동구 명일제1동,16889,17379,-490
강동구 명일제2동,15360,10900,4460
강동구 상일동,17038,13045,3993
강동구 성내제1동,10695,8948,1747
강동구 성내제2동,9275,12434,-3159
강동구 성내제3동,14665,12517,2148
강동구 암사제1동,10680,11048,-368
강동구 암사제2동,3912,4889,-977
강동구 암사제3동,2224,1715,509
강동구 천호제1동,5407,8096,-2689
강동구 천호제2동,19614,22604,-2990
강동구 천호제3동,9047,9567,-520
강북구 미아동,24729,20674,4055
강북구 번1동,40584,39938,646
강북구 번2동,10338,13038,-2700
강북구 번3동,19665,20822,-1157
강북구 삼각산동,7440,9697,-2257
강북구 삼양동,18159,20458,-2299
강북구 송중동,70357,62758,7599
강북구 송천동,31456,35600,-4144
강북구 수유1동,25859,20615,5244
강북구 수유2동,13410,14713,-1303
강북구 수유3동,39374,46657,-7283
강북구 우이동,23449,15730,7719
강북구 월곡제1동,2654,2435,219
강북구 인수동,16418,17606,-1188
강서구 가양제1동,22265,15125,7140
강서구 가양제2동,4455,4260,195
강서구 가양제3동,4500,3818,682
강서구 공항동,16167,14650,1517
강서구 등촌제1동,20312,23020,-2708
강서구 등촌제2동,12441,10635,1806
강서구 등촌제3동,29602,27971,1631
강서구 발산제1동,35687,29126,6561
강서구 방화제1동,14342,16004,-1662
강서구 방화제2동,12503,11435,1068
강서구 방화제3동,3134,2565,569
강서구 염창동,12173,12879,-706
강서구 우장산동,22242,22977,-735
강서구 화곡본동,10469,11536,-1067
강서구 화곡제1동,34410,39971,-5561
강서구 화곡제2동,7865,9360,-1495
강서구 화곡제3동,12189,13036,-847
강서구 화곡제4동,10224,10807,-583
강서구 화곡제6동,24736,21458,3278
강서구 화곡제8동,16455,14795,1660
관악구 낙성대동,32729,54740,-22011
관악구 난곡동,17610,16920,690
관악구 난향동,9836,10531,-695
관악구 남현동,13301,14499,-1198
관악구 대학동,59700,33397,26303
관악구 미성동,27125,28474,-1349
관악구 보라매동,21272,21387,-115
관악구 삼성동,21657,28600,-6943
관악구 서림동,23050,17755,5295
관악구 서원동,43050,45892,-2842
관악구 성현동,18073,20810,-2737
관악구 신림동,48800,43956,4844
관악구 신사동,12473,14829,-2356
관악구 신원동,5773,5717,56
관악구 은천동,24567,25681,-1114
관악구 인헌동,10510,10520,-10
관악구 조원동,29159,33477,-4318
관악구 중앙동,9374,6833,2541
관악구 청룡동,30152,21628,8524
관악구 청림동,4867,5929,-1062
관악구 행운동,42163,37265,4898
광진구 광장동,10293,8413,1880
광진구 구의제1동,16928,13120,3808
광진구 구의제2동,14672,17107,-2435
광진구 구의제3동,12800,12625,175
광진구 군자동,15878,17343,-1465
광진구 능동,11802,13492,-1690
광진구 자양제1동,4255,4231,24
광진구 자양제2동,19569,20173,-604
광진구 자양제3동,7313,6422,891
광진구 자양제4동,20772,20784,-12
광진구 중곡제1동,7068,7159,-91
광진구 중곡제2동,10648,12464,-1816
광진구 중곡제3동,9303,8030,1273
광진구 중곡제4동,7433,9097,-1664
광진구 화양동,18464,19044,-580
구로구 가리봉동,12392,12468,-76
구로구 개봉제1동,37974,36723,1251
구로구 개봉제2동,21824,21316,508
구로구 개봉제3동,7588,9302,-1714
구로구 고척제1동,26565,23856,2709
구로구 고척제2동,19780,20259,-479
구로구 구로제1동,11171,10711,460
구로구 구로제2동,40657,39752,905
구로구 구로제3동,48081,36548,11533
구로구 구로제4동,25794,22296,3498
구로구 구로제5동,33043,28424,4619
구로구 수궁동,27849,25706,2143
구로구 신도림동,35366,34792,574
구로구 오류제1동,14716,16319,-1603
구로구 오류제2동,15051,14132,919
구로구 항동,3546,3628,-82
금천구 가산동,50793,39729,11064
금천구 독산제1동,39347,44876,-5529
금천구 독산제2동,16070,17842,-1772
금천구 독산제3동,24078,23390,688
금천구 독산제4동,13556,11232,2324
금천구 미성동,451,311,140
금천구 시흥제1동,40974,45669,-4695
금천구 시흥제2동,14246,17195,-2949
금천구 시흥제3동,11537,10269,1268
금천구 시흥제4동,10133,7426,2707
금천구 시흥제5동,22969,18157,4812
노원구 공릉1동,19615,23145,-3530
노원구 공릉2동,30841,24823,6018
노원구 상계10동,12234,8319,3915
노원구 상계1동,17233,15890,1343
노원구 상계2동,18099,23574,-5475
노원구 상계3.4동,4396,5166,-770
노원구 상계5동,12446,12932,-486
노원구 상계6.7동,31201,26683,4518
노원구 상계8동,6783,5808,975
노원구 상계9동,11068,8163,2905
노원구 월계1동,45432,36092,9340
노원구 월계2동,19192,14994,4198
노원구 월계3동,14022,14411,-389
노원구 중계1동,11602,13058,-1456
노원구 중계2.3동,21592,19491,2101
노원구 중계4동,9572,9420,152
노원구 중계본동,13586,11862,1724
노원구 하계1동,26717,19746,6971
노원구 하계2동,14448,15527,-1079
도봉구 도봉제1동,19333,12311,7022
도봉구 도봉제2동,15695,16263,-568
도봉구 방학제1동,20161,21891,-1730
도봉구 방학제2동,7443,10448,-3005
도봉구 방학제3동,13960,11301,2659
도봉구 쌍문제1동,16825,16536,289
도봉구 쌍문제2동,15803,17684,-1881
도봉구 쌍문제3동,13751,14441,-690
도봉구 쌍문제4동,11048,10467,581
도봉구 창제1동,27295,21995,5300
도봉구 창제2동,10234,14016,-3782
도봉구 창제3동,10878,12830,-1952
도봉구 창제4동,24922,24124,798
도봉구 창제5동,18837,18407,430
동대문구 답십리제1동,16554,19990,-3436
동대문구 답십리제2동,19343,18192,1151
동대문구 면목제5동,1206,141,1065
동대문구 용신동,74895,66491,8404
동대문구 이문제1동,17326,15730,1596
동대문구 이문제2동,6273,6924,-651
동대문구 장안제1동,28411,27562,849
동대문구 장안제2동,20906,24701,-3795
동대문구 전농제1동,24888,29988,-5100
동대문구 전농제2동,19960,14810,5150
동대문구 제기동,55323,43236,12087
동대문구 청량리동,51630,48562,3068
동대문구 회기동,21062,14370,6692
동대문구 휘경제1동,29967,29666,301
동대문구 휘경제2동,19983,17176,2807
동작구 노량진제1동,50698,56666,-5968
동작구 노량진제2동,28434,21343,7091
동작구 대방동,54836,49349,5487
동작구 사당제1동,14962,17536,-2574
동작구 사당제2동,32639,28278,4361
동작구 사당제3동,9781,12051,-2270
동작구 사당제4동,2192,2218,-26
동작구 사당제5동,10070,9278,792
동작구 상도제1동,59332,57071,2261
동작구 상도제2동,25023,28347,-3324
동작구 상도제3동,16587,18218,-1631
동작구 상도제4동,13464,15236,-1772
동작구 신대방제1동,12246,12149,97
동작구 신대방제2동,31034,25976,5058
동작구 흑석동,41370,32130,9240
마포구 공덕동,17275,18309,-1034
마포구 대흥동,29494,25443,4051
마포구 도화동,9339,9564,-225
마포구 망원제1동,12707,12197,510
마포구 망원제2동,8365,8661,-296
마포구 상암동,54290,49454,4836
마포구 서강동,11805,12176,-371
마포구 서교동,103633,111902,-8269
마포구 성산제1동,16526,15539,987
마포구 성산제2동,39729,40751,-1022
마포구 신수동,6097,6577,-480
마포구 아현동,26591,24054,2537
마포구 연남동,11180,11269,-89
마포구 염리동,5237,4588,649
마포구 용강동,17021,16195,826
마포구 합정동,15931,19963,-4032
서대문구 남가좌제1동,15737,14518,1219
서대문구 남가좌제2동,25002,22700,2302
서대문구 북가좌제1동,6014,9830,-3816
서대문구 북가좌제2동,16862,19789,-2927
서대문구 북아현동,16252,17639,-1387
서대문구 신촌동,113121,87608,25513
서대문구 연희동,61043,61614,-571
서대문구 천연동,32555,30187,2368
서대문구 충현동,38408,38150,258
서대문구 홍은제1동,19844,21671,-1827
서대문구 홍은제2동,51619,36252,15367
서대문구 홍제제1동,32780,33211,-431
서대문구 홍제제2동,16241,21537,-5296
서대문구 홍제제3동,19070,17878,1192
서초구 내곡동,18841,13557,5284
서초구 반포1동,24060,22617,1443
서초구 반포2동,12948,9739,3209
서초구 반포3동,34592,27830,6762
서초구 반포4동,37153,36208,945
서초구 반포본동,17145,13929,3216
서초구 방배1동,19882,18213,1669
서초구 방배2동,19785,20576,-791
서초구 방배3동,18731,15940,2791
서초구 방배4동,20986,22564,-1578
서초구 방배본동,13793,14002,-209
서초구 서초1동,18763,18513,250
서초구 서초2동,33689,34998,-1309
서초구 서초3동,44141,36800,7341
서초구 서초4동,32150,34607,-2457
서초구 양재1동,66412,61529,4883
서초구 양재2동,32888,26039,6849
서초구 잠원동,20446,26906,-6460
성동구 금호1가동,8412,10136,-1724
성동구 금호2.3가동,16384,17732,-1348
성동구 금호4가동,8564,10018,-1454
성동구 마장동,11855,12260,-405
성동구 사근동,10524,7142,3382
성동구 성수1가제1동,10714,9387,1327
성동구 성수1가제2동,6206,6728,-522
성동구 성수2가제1동,6833,6113,720
성동구 성수2가제3동,8385,6927,1458
성동구 송정동,5193,4433,760
성동구 옥수동,19170,18207,963
성동구 왕십리도선동,14807,12671,2136
성동구 왕십리제2동,10052,14072,-4020
성동구 용답동,11480,11017,463
성동구 응봉동,8553,9123,-570
성동구 행당제1동,21185,19671,1514
성동구 행당제2동,13913,13615,298
성북구 길음제1동,26937,32778,-5841
성북구 길음제2동,21743,26685,-4942
성북구 돈암제1동,27312,25007,2305
성북구 돈암제2동,8619,9393,-774
성북구 동선동,35789,39554,-3765
성북구 보문동,11504,11217,287
성북구 삼선동,50113,49446,667
성북구 석관동,11479,14827,-3348
성북구 성북동,31799,30234,1565
성북구 안암동,21223,17962,3261
성북구 월곡제1동,21382,23339,-1957
성북구 월곡제2동,14352,11967,2385
성북구 장위제1동,12251,17216,-4965
성북구 장위제2동,13714,13248,466
성북구 장위제3동,9125,8152,973
성북구 정릉제1동,16995,21686,-4691
성북구 정릉제2동,22271,26580,-4309
성북구 정릉제3동,27118,14256,12862
성북구 정릉제4동,27645,25518,2127
성북구 종암동,38656,36876,1780
송파구 가락1동,4493,4569,-76
송파구 가락2동,18696,18624,72
송파구 가락본동,20330,18280,2050
송파구 거여1동,5009,5807,-798
송파구 거여2동,1444,1409,35
송파구 마천1동,6455,5772,683
송파구 마천2동,11862,15049,-3187
송파구 문정1동,6352,7597,-1245
송파구 문정2동,25716,27380,-1664
송파구 방이1동,9173,8643,530
송파구 방이2동,15203,16502,-1299
송파구 삼전동,15795,14731,1064
송파구 석촌동,21370,24811,-3441
송파구 송파1동,14220,16101,-1881
송파구 송파2동,7041,6032,1009
송파구 오금동,22405,19260,3145
송파구 오륜동,10419,9807,612
송파구 위례동,11464,13039,-1575
송파구 잠실2동,4984,9066,-4082
송파구 잠실3동,47888,42584,5304
송파구 잠실4동,1266,1502,-236
송파구 잠실6동,20534,20858,-324
송파구 잠실7동,11779,6876,4903
송파구 잠실본동,26164,24555,1609
송파구 장지동,14095,10262,3833
송파구 풍납1동,5985,5063,922
송파구 풍납2동,14346,11512,2834
양천구 목1동,43102,37433,5669
양천구 목2동,24338,24592,-254
양천구 목3동,23060,22138,922
양천구 목4동,16000,17251,-1251
양천구 목5동,26644,25140,1504
양천구 신월1동,6456,4711,1745
양천구 신월2동,8848,10972,-2124
양천구 신월3동,8488,8065,423
양천구 신월4동,8588,10568,-1980
양천구 신월5동,10264,9274,990
양천구 신월6동,5937,5481,456
양천구 신월7동,13223,17008,-3785
양천구 신정1동,11329,13771,-2442
양천구 신정2동,6604,5897,707
양천구 신정3동,32915,29986,2929
양천구 신정4동,30235,28160,2075
양천구 신정6동,7805,6503,1302
양천구 신정7동,10268,11162,-894
영등포구 당산제1동,15666,13950,1716
영등포구 당산제2동,34375,28429,5946
영등포구 대림제1동,17203,13553,3650
영등포구 대림제2동,6354,8721,-2367
영등포구 대림제3동,14878,15166,-288
영등포구 도림동,9285,12557,-3272
영등포구 문래동,20475,21254,-779
영등포구 신길제1동,9855,9637,218
영등포구 신길제3동,14043,14518,-475
영등포구 신길제4동,4915,5796,-881
영등포구 신길제5동,10357,11103,-746
영등포구 신길제6동,13655,15153,-1498
영등포구 신길제7동,13511,14314,-803
영등포구 양평제1동,11129,8844,2285
영등포구 양평제2동,17974,14562,3412
영등포구 여의동,94444,69017,25427
영등포구 영등포동,78355,76249,2106
영등포구 영등포본동,22648,22778,-130
용산구 남영동,40236,37994,2242
용산구 보광동,10766,8588,2178
용산구 서빙고동,15198,13797,1401
용산구 용문동,5685,5736,-51
용산구 용산2가동,14886,18001,-3115
용산구 원효로제1동,15720,15186,534
용산구 원효로제2동,10105,9944,161
용산구 이촌제1동,16205,15795,410
용산구 이촌제2동,4113,4434,-321
용산구 이태원제1동,17433,18289,-856
용산구 이태원제2동,9244,8580,664
용산구 청파동,19185,17609,1576
용산구 필동,8160,2358,5802
용산구 한강로동,50162,49187,975
용산구 한남동,49404,44125,5279
용산구 효창동,8983,9737,-754
용산구 후암동,14304,12859,1445
은평구 갈현제1동,10617,12233,-1616
은평구 갈현제2동,19494,16642,2852
은평구 구산동,17495,10736,6759
은평구 녹번동,27200,27913,-713
은평구 대조동,36755,42115,-5360
은평구 불광제1동,29505,30817,-1312
은평구 불광제2동,23709,24377,-668
은평구 수색동,9906,11062,-1156
은평구 신사제1동,16907,22308,-5401
은평구 신사제2동,19680,20309,-629
은평구 역촌동,23814,21840,1974
은평구 응암제1동,24594,33228,-8634
은평구 응암제2동,9771,10073,-302
은평구 응암제3동,18192,19970,-1778
은평구 증산동,20318,20007,311
은평구 진관동,47193,41471,5722
종로구 가회동,4684,5689,-1005
종로구 교남동,10197,7611,2586
종로구 무악동,6468,6312,156
종로구 부암동,29430,18413,11017
종로구 사직동,57232,54972,2260
종로구 삼청동,10415,7922,2493
종로구 숭인제1동,1396,2119,-723
종로구 숭인제2동,21026,16999,4027
종로구 이화동,25345,20790,4555
종로구 종로1.2.3.4가동,156182,122612,33570
종로구 종로5.6가동,34101,24598,9503
종로구 창신제1동,21352,15593,5759
종로구 창신제2동,7497,9013,-1516
종로구 창신제3동,5536,5580,-44
종로구 청운효자동,18887,14334,4553
종로구 충현동,3759,1792,1967
종로구 평창동,23018,18299,4719
종로구 혜화동,38515,35050,3465
중구 광희동,32719,26002,6717
중구 다산동,8258,8537,-279
중구 동화동,1807,2092,-285
중구 명동,45734,41014,4720
중구 소공동,80533,54617,25916
중구 신당동,9023,7349,1674
중구 신당제5동,13775,10887,2888
중구 약수동,6921,6263,658
중구 을지로동,9825,9038,787
중구 장충동,9497,6583,2914
중구 중림동,11437,8773,2664
중구 청구동,5723,4784,939
중구 필동,9043,7717,1326
중구 황학동,8926,7904,1022
중구 회현동,68986,60893,8093
중랑구 망우본동,29881,24076,5805
중랑구 망우제3동,6621,7190,-569
중랑구 면목본동,25167,29162,-3995
중랑구 면목제2동,7689,9017,-1328
중랑구 면목제3.8동,28308,20024,8284
중랑구 면목제4동,8560,9053,-493
중랑구 면목제5동,6394,6826,-432
중랑구 면목제7동,5656,7655,-1999
중랑구 묵제1동,15837,16366,-529
중랑구 묵제2동,4809,4235,574
중랑구 상봉제1동,12892,12999,-107
중랑구 상봉제2동,24164,28143,-3979
중랑구 신내1동,22032,25072,-3040
중랑구 신내2동,22187,18605,3582
중랑구 중화제1동,7309,10281,-2972
중랑구 중화제2동,17498,18838,-1340
NA,490212,483833,6379
