ID,insum,outsum,diff
100000001,782,1128,-346
100000002,3709,2715,994
100000003,6486,5649,837
100000004,1031,1203,-172
100000005,2800,5502,-2702
100000006,601,242,359
100000007,2145,864,1281
100000008,158,473,-315
100000009,493,303,190
100000010,66,149,-83
100000011,1330,148,1182
100000012,116,810,-694
100000013,22,247,-225
100000014,254,431,-177
100000015,1780,2740,-960
100000016,847,1452,-605
100000017,491,875,-384
100000018,1361,862,499
100000019,4368,2302,2066
100000020,1859,7314,-5455
100000021,5618,2441,3177
100000022,1219,3173,-1954
100000023,6404,2094,4310
100000025,876,1667,-791
100000028,1417,1342,75
100000029,171,447,-276
100000030,149,65,84
100000031,3986,7505,-3519
100000032,2149,4123,-1974
100000033,1088,3281,-2193
100000034,321,893,-572
100000035,1347,2023,-676
100000036,1713,1688,25
100000037,733,453,280
100000038,2577,1274,1303
100000039,728,1106,-378
100000040,220,270,-50
100000041,1682,574,1108
100000042,1217,484,733
100000043,916,497,419
100000044,333,676,-343
100000045,417,994,-577
100000046,686,1011,-325
100000047,514,802,-288
100000048,740,753,-13
100000049,1422,1427,-5
100000051,388,766,-378
100000053,230,9,221
100000054,507,58,449
100000055,914,275,639
100000056,632,533,99
100000057,2464,743,1721
100000058,1061,1001,60
100000059,15,178,-163
100000060,498,339,159
100000061,2856,757,2099
100000062,2353,646,1707
100000063,1074,291,783
100000064,1838,350,1488
100000065,461,689,-228
100000066,188,521,-333
100000067,519,619,-100
100000068,518,1300,-782
100000069,323,997,-674
100000072,207,1031,-824
100000073,1149,1181,-32
100000075,781,265,516
100000076,1929,3818,-1889
100000077,184,297,-113
100000078,33,50,-17
100000079,51,69,-18
100000080,35,64,-29
100000081,129,250,-121
100000102,2618,3278,-660
100000103,2230,1968,262
100000104,3530,3227,303
100000105,2081,2330,-249
100000106,2495,3291,-796
100000107,477,1484,-1007
100000108,628,906,-278
100000109,1748,1351,397
100000116,1109,1196,-87
100000117,77,154,-77
100000118,1179,1846,-667
100000119,732,1107,-375
100000121,658,491,167
100000122,904,1339,-435
100000123,2220,4145,-1925
100000124,3771,6261,-2490
100000125,3511,1952,1559
100000126,627,606,21
100000127,1510,476,1034
100000128,1389,2742,-1353
100000129,464,600,-136
100000130,524,458,66
100000131,2140,3049,-909
100000132,1261,3520,-2259
100000133,3802,2262,1540
100000135,720,1369,-649
100000139,416,502,-86
100000140,495,470,25
100000142,543,498,45
100000143,780,464,316
100000144,3801,737,3064
100000147,1219,4040,-2821
100000150,66,345,-279
100000151,1154,1701,-547
100000153,253,596,-343
100000154,46,367,-321
100000155,20,52,-32
100000156,477,560,-83
100000157,406,191,215
100000158,320,112,208
100000159,176,605,-429
100000165,1294,1100,194
100000169,229,1359,-1130
100000174,606,1179,-573
100000179,88,633,-545
100000180,4291,9660,-5369
100000181,811,344,467
100000188,123,593,-470
100000189,1629,715,914
100000190,757,1497,-740
100000191,838,884,-46
100000192,47,120,-73
100000193,326,227,99
100000330,1067,1096,-29
100000355,257,1249,-992
100000362,3999,2602,1397
100000363,5627,5130,497
100000364,170,318,-148
100000365,6554,9551,-2997
100000366,4713,3237,1476
100000367,5573,8564,-2991
100000368,2737,1288,1449
100000369,1142,2567,-1425
100000370,234,1113,-879
100000376,64,157,-93
100000379,1992,1829,163
100000380,4693,5336,-643
100000384,5558,6617,-1059
100000385,3253,4833,-1580
100000386,5844,6077,-233
100000387,4117,6431,-2314
100000388,5412,8030,-2618
100000389,6564,7619,-1055
100000390,7916,8074,-158
100000391,6093,10293,-4200
100000392,2960,5395,-2435
100000393,2629,6163,-3534
100000394,6544,10707,-4163
100000395,5268,5576,-308
100000396,6685,4400,2285
100000397,4910,8713,-3803
100000398,11607,8541,3066
100900002,19,30,-11
100900003,434,226,208
100900004,36,1280,-1244
100900005,122,20,102
100900006,41,75,-34
100900007,383,10,373
100900008,1,383,-382
100900009,94,234,-140
100900010,103,80,23
100900011,170,181,-11
100900012,4,148,-144
100900013,1179,17,1162
100900014,6,15,-9
100900015,81,66,15
100900016,6,24,-18
100900017,1513,80,1433
100900018,1,21,-20
100900019,40,163,-123
100900020,414,8,406
100900021,621,4,617
100900022,17,39,-22
100900023,0,37,-37
100900024,557,8,549
100900025,15,15,0
100900026,128,90,38
100900027,651,3644,-2993
100900028,131,301,-170
100900029,39,6,33
100900030,7,81,-74
100900031,805,46,759
100900032,355,0,355
100900033,262,281,-19
100900034,732,3,729
100900035,444,6,438
100900036,29,3,26
100900037,148,166,-18
100900038,137,52,85
100900039,224,384,-160
100900040,524,541,-17
100900041,1238,491,747
100900042,1640,1419,221
100900043,0,16,-16
100900044,1746,656,1090
100900045,4,2,2
100900046,1545,15,1530
100900047,1092,261,831
100900048,160,77,83
100900049,105,156,-51
100900050,4,16,-12
100900051,81,159,-78
100900052,466,60,406
100900053,556,27,529
100900054,13,35,-22
100900055,345,900,-555
100900056,95,190,-95
100900057,1590,1374,216
100900058,503,65,438
100900059,156,13,143
100900060,244,2,242
100900061,326,175,151
100900062,7,16,-9
100900063,346,905,-559
100900064,902,22,880
100900065,89,144,-55
100900066,147,189,-42
100900067,21,5,16
100900068,98,49,49
100900069,490,8,482
100900070,535,15,520
100900071,696,219,477
100900072,0,20,-20
100900073,167,379,-212
100900074,3,8,-5
100900075,1872,350,1522
100900076,6,48,-42
100900077,45,42,3
100900078,109,413,-304
100900079,24,15,9
100900080,78,228,-150
100900081,28,211,-183
100900082,182,350,-168
100900083,7,23,-16
100900085,25,286,-261
100900086,142,844,-702
100900088,125,315,-190
100900089,4,13,-9
100900090,127,628,-501
100900091,13,24,-11
100900092,230,253,-23
100900093,374,415,-41
100900094,171,271,-100
100900095,2,28,-26
100900096,111,126,-15
100900097,1,5,-4
100900098,10,17,-7
100900099,35,476,-441
100900100,16,833,-817
100900101,266,51,215
100900102,81,198,-117
100900103,2,11,-9
100900104,6,168,-162
100900105,57,592,-535
100900106,45,10,35
100900107,1868,952,916
100900108,19,74,-55
100900109,18,28,-10
100900110,6,35,-29
100900111,32,189,-157
100900112,1,12,-11
100900113,25,26,-1
100900114,8,15,-7
100900115,11,19,-8
100900116,1052,714,338
100900117,354,1098,-744
100900118,186,244,-58
100900119,29,7,22
100900120,11,15,-4
100900121,451,534,-83
100900122,123,131,-8
100900123,156,134,22
100900124,10,13,-3
100900125,15,59,-44
100900126,192,202,-10
100900127,2,4,-2
100900128,110,189,-79
100900129,0,179,-179
100900131,132,237,-105
100900133,84,47,37
100900134,0,2,-2
100900135,0,284,-284
100900137,413,188,225
100900138,456,574,-118
100900139,9,4,5
100900140,5,396,-391
100900141,2,782,-780
100900142,3,21,-18
100900143,592,582,10
100900144,19,3,16
100900145,80,261,-181
100900146,10,61,-51
100900147,14,551,-537
100900148,37,407,-370
100900149,40,324,-284
100900150,8,34,-26
100900151,196,470,-274
100900152,947,19,928
100900153,5,201,-196
100900154,9,59,-50
100900155,9,11,-2
100900156,90,4,86
100900157,12,254,-242
100900158,1038,166,872
100900159,2,17,-15
100900160,47,3,44
100900161,122,9,113
100900162,45,318,-273
100900163,165,123,42
100900164,68,34,34
100900165,27,63,-36
100900166,160,10,150
100900167,29,76,-47
100900168,71,159,-88
100900169,187,1043,-856
100900170,25,9,16
100900171,19,441,-422
100900172,0,38,-38
100900173,20,324,-304
100900174,347,39,308
100900176,1700,242,1458
100900177,573,382,191
100900178,338,141,197
100900179,300,394,-94
100900180,5,3,2
100900181,121,127,-6
100900182,140,45,95
100900184,20,207,-187
100900186,720,503,217
100900187,18,71,-53
100900188,48,3,45
100900189,1782,269,1513
100900191,825,1386,-561
100900192,260,549,-289
100900195,115,159,-44
100900197,28,49,-21
100900198,31,159,-128
100900199,13,16,-3
100900200,783,410,373
100900201,117,651,-534
100900202,53,0,53
100900203,2,228,-226
100900204,470,2064,-1594
100900205,214,676,-462
100900206,221,120,101
100900207,274,149,125
100900210,164,445,-281
100900211,684,207,477
100900213,303,51,252
100900214,631,190,441
100900215,26,50,-24
101000001,3468,2480,988
101000002,7434,8147,-713
101000003,446,1514,-1068
101000004,7988,6864,1124
101000005,5413,5622,-209
101000006,7311,7989,-678
101000007,4251,4934,-683
101000008,2378,2453,-75
101000009,2325,989,1336
101000010,925,820,105
101000011,1241,523,718
101000012,947,814,133
101000013,748,1239,-491
101000014,509,599,-90
101000015,1658,902,756
101000016,360,585,-225
101000017,575,499,76
101000018,2082,2671,-589
101000020,2172,1145,1027
101000021,728,390,338
101000022,291,187,104
101000023,1519,745,774
101000025,317,501,-184
101000026,295,94,201
101000027,2741,3503,-762
101000028,143,67,76
101000029,268,2698,-2430
101000030,2276,191,2085
101000031,991,1697,-706
101000032,7165,5841,1324
101000033,2273,4302,-2029
101000034,1628,2249,-621
101000035,1012,478,534
101000036,1307,1090,217
101000037,1723,1978,-255
101000039,2409,3203,-794
101000040,2763,5387,-2624
101000041,7328,10664,-3336
101000042,433,1740,-1307
101000043,5969,10459,-4490
101000045,1486,1350,136
101000046,3598,2713,885
101000047,2435,6787,-4352
101000048,859,690,169
101000049,718,2967,-2249
101000050,2152,3662,-1510
101000051,1662,3741,-2079
101000052,1318,1488,-170
101000053,1012,1462,-450
101000054,2086,1450,636
101000055,1479,1561,-82
101000056,25,132,-107
101000057,1502,1443,59
101000058,1062,1545,-483
101000059,1900,2516,-616
101000060,1675,762,913
101000061,819,1470,-651
101000062,590,913,-323
101000063,512,1169,-657
101000064,876,1099,-223
101000065,400,641,-241
101000066,976,1062,-86
101000067,1064,1160,-96
101000068,309,657,-348
101000069,193,107,86
101000070,767,1265,-498
101000071,2205,1084,1121
101000072,748,4060,-3312
101000073,848,1450,-602
101000074,5498,4771,727
101000075,3764,6827,-3063
101000077,1898,1548,350
101000078,918,1797,-879
101000079,1774,515,1259
101000080,1685,785,900
101000081,1983,1893,90
101000082,2812,2779,33
101000083,2999,2379,620
101000084,1359,767,592
101000085,1501,1258,243
101000086,983,1237,-254
101000087,833,963,-130
101000088,1369,1133,236
101000089,1124,1560,-436
101000090,1866,1071,795
101000091,523,719,-196
101000092,1381,912,469
101000093,1528,665,863
101000094,1170,945,225
101000095,488,535,-47
101000096,476,374,102
101000097,508,507,1
101000098,443,551,-108
101000099,993,1467,-474
101000100,1057,1269,-212
101000101,309,474,-165
101000102,778,653,125
101000103,729,676,53
101000104,429,722,-293
101000105,329,583,-254
101000106,764,1245,-481
101000107,292,379,-87
101000108,638,242,396
101000109,462,101,361
101000110,30,301,-271
101000111,130,343,-213
101000113,263,820,-557
101000114,8668,11578,-2910
101000115,362,195,167
101000116,126,142,-16
101000117,1527,325,1202
101000119,95,85,10
101000120,143,58,85
101000121,72,86,-14
101000122,101,161,-60
101000123,62,145,-83
101000124,1637,330,1307
101000125,214,506,-292
101000128,455,935,-480
101000130,186,328,-142
101000131,1002,531,471
101000132,870,872,-2
101000135,42,44,-2
101000136,364,233,131
101000137,41,382,-341
101000141,1084,3883,-2799
101000147,640,338,302
101000148,808,65,743
101000149,313,319,-6
101000150,119,396,-277
101000151,289,50,239
101000152,321,345,-24
101000153,455,240,215
101000154,304,797,-493
101000155,484,159,325
101000156,4,327,-323
101000157,70,56,14
101000160,68,37,31
101000163,233,393,-160
101000164,352,284,68
101000165,305,402,-97
101000166,314,332,-18
101000168,844,463,381
101000252,2479,1052,1427
101000254,209,219,-10
101000258,107,12,95
101000261,190,74,116
101000262,1543,3062,-1519
101000263,604,1715,-1111
101000265,110,1163,-1053
101000266,451,450,1
101000269,41,20,21
101000290,1073,3210,-2137
101000293,40,68,-28
101000294,730,383,347
101000295,215,372,-157
101000301,449,591,-142
101000304,2141,2485,-344
101000305,2720,1236,1484
101900001,24,47,-23
101900002,0,4,-4
101900003,47,92,-45
101900004,1,59,-58
101900005,2705,3231,-526
101900006,1386,73,1313
101900007,918,272,646
101900008,92,308,-216
101900009,71,499,-428
101900010,704,647,57
101900011,200,1104,-904
101900012,410,217,193
101900013,681,206,475
101900017,8,138,-130
101900018,925,313,612
101900019,228,146,82
101900020,215,124,91
101900021,2,56,-54
101900022,129,789,-660
101900023,141,156,-15
102000001,2871,5319,-2448
102000002,2413,973,1440
102000003,3149,8041,-4892
102000004,5360,2917,2443
102000005,1426,2780,-1354
102000006,1078,1813,-735
102000007,2042,5990,-3948
102000008,4340,1700,2640
102000009,8331,9533,-1202
102000010,5167,3320,1847
102000011,3771,3522,249
102000012,3221,3015,206
102000018,2515,2753,-238
102000019,3044,1671,1373
102000026,220,616,-396
102000029,256,186,70
102000030,153,409,-256
102000031,64,146,-82
102000032,583,300,283
102000033,262,367,-105
102000034,615,395,220
102000035,1850,762,1088
102000036,15,325,-310
102000037,164,64,100
102000038,174,319,-145
102000039,181,94,87
102000040,347,285,62
102000041,170,364,-194
102000042,277,431,-154
102000043,244,246,-2
102000044,361,442,-81
102000045,625,692,-67
102000046,1256,647,609
102000047,851,830,21
102000048,510,816,-306
102000049,1151,883,268
102000050,1111,1074,37
102000051,503,635,-132
102000052,1216,742,474
102000053,939,978,-39
102000054,879,1160,-281
102000055,1580,464,1116
102000056,1285,947,338
102000057,1647,574,1073
102000058,1254,1243,11
102000059,1429,1578,-149
102000060,1312,1054,258
102000061,2026,1747,279
102000062,2208,1141,1067
102000063,1074,1363,-289
102000064,570,676,-106
102000065,67,160,-93
102000066,878,988,-110
102000067,2153,2916,-763
102000068,11200,2816,8384
102000069,134,2808,-2674
102000070,1393,60,1333
102000071,6257,8134,-1877
102000072,3364,4308,-944
102000073,2461,1394,1067
102000074,942,1827,-885
102000075,140,416,-276
102000076,274,396,-122
102000077,781,654,127
102000078,1030,645,385
102000079,244,235,9
102000080,301,263,38
102000081,404,960,-556
102000082,556,531,25
102000083,704,240,464
102000084,419,220,199
102000085,3036,901,2135
102000086,1365,1197,168
102000087,991,1454,-463
102000088,411,325,86
102000089,1601,376,1225
102000090,557,1383,-826
102000091,1509,826,683
102000092,436,768,-332
102000093,463,820,-357
102000094,882,787,95
102000095,921,1446,-525
102000096,821,960,-139
102000097,843,1044,-201
102000098,615,895,-280
102000099,846,961,-115
102000100,514,1396,-882
102000101,703,871,-168
102000102,272,1458,-1186
102000103,1854,436,1418
102000104,572,310,262
102000105,253,407,-154
102000106,878,480,398
102000107,1546,377,1169
102000108,639,192,447
102000109,538,462,76
102000110,1236,705,531
102000111,11,228,-217
102000112,127,115,12
102000113,17,41,-24
102000114,539,348,191
102000115,281,314,-33
102000116,720,743,-23
102000117,281,1210,-929
102000118,1277,1305,-28
102000119,1403,1408,-5
102000120,225,462,-237
102000121,1186,653,533
102000122,859,894,-35
102000123,1385,1439,-54
102000124,1566,1329,237
102000125,1061,1221,-160
102000126,1042,787,255
102000127,1412,845,567
102000128,884,846,38
102000129,1735,814,921
102000130,869,735,134
102000131,3030,818,2212
102000132,1056,1215,-159
102000133,2281,1469,812
102000134,961,686,275
102000135,959,994,-35
102000136,1369,689,680
102000137,876,1579,-703
102000138,379,649,-270
102000139,216,1053,-837
102000140,304,1241,-937
102000141,420,1818,-1398
102000142,433,381,52
102000143,205,274,-69
102000144,386,303,83
102000145,369,393,-24
102000146,526,409,117
102000147,585,446,139
102000148,187,485,-298
102000149,196,234,-38
102000150,633,98,535
102000151,120,174,-54
102000152,289,118,171
102000153,1135,548,587
102000154,237,520,-283
102000155,93,323,-230
102000156,276,132,144
102000157,129,376,-247
102000158,227,304,-77
102000159,739,602,137
102000161,2536,2175,361
102000162,174,144,30
102000163,82,510,-428
102000164,872,1149,-277
102000165,202,102,100
102000166,75,168,-93
102000167,248,172,76
102000168,378,151,227
102000169,119,600,-481
102000170,450,205,245
102000171,216,213,3
102000172,178,580,-402
102000173,420,303,117
102000174,131,77,54
102000175,141,103,38
102000176,82,33,49
102000178,296,348,-52
102000179,530,205,325
102000180,1032,431,601
102000181,905,524,381
102000182,575,414,161
102000183,1917,1350,567
102000184,2048,690,1358
102000185,3424,1169,2255
102000186,1569,1352,217
102000187,1258,1227,31
102000188,1695,1430,265
102000189,1924,664,1260
102000190,697,3237,-2540
102000191,1645,542,1103
102000192,1270,1480,-210
102000193,81,125,-44
102000194,68,102,-34
102000195,484,388,96
102000196,271,271,0
102000197,858,328,530
102000198,314,561,-247
102000199,1190,253,937
102000200,330,782,-452
102000201,1231,424,807
102000202,8,73,-65
102000203,411,122,289
102000204,540,481,59
102000205,1443,326,1117
102000206,834,431,403
102000207,852,452,400
102000208,408,365,43
102000209,82,61,21
102000210,442,301,141
102000211,597,232,365
102000212,374,7,367
102000213,8,294,-286
102000214,371,9,362
102000215,8,259,-251
102000216,60,67,-7
102000217,13,87,-74
102000218,320,195,125
102000219,313,195,118
102000225,504,704,-200
102000226,3894,1582,2312
102000227,157,3,154
102000228,0,67,-67
102000229,36,80,-44
102000230,321,348,-27
102000231,273,346,-73
102000232,55,141,-86
102000233,456,684,-228
102000234,140,1155,-1015
102000236,273,100,173
102000237,489,114,375
102000238,165,245,-80
102000240,465,715,-250
102000241,314,198,116
102000243,13,42,-29
102000245,13,89,-76
102000246,8,46,-38
102000247,254,428,-174
102000248,287,711,-424
102000249,180,125,55
102000250,108,304,-196
102000254,173,218,-45
102000266,26,674,-648
102000271,24,1,23
102000286,431,381,50
102000297,2141,932,1209
102000299,0,0,0
102000301,0,0,0
102000302,0,0,0
102000303,0,1,-1
102000305,0,0,0
102000307,0,4,-4
102000308,0,2,-2
102900001,1452,633,819
102900002,376,41,335
102900003,58,134,-76
102900005,449,253,196
102900006,637,126,511
102900007,536,14,522
102900008,224,48,176
102900009,634,345,289
102900010,320,1015,-695
102900011,1425,403,1022
102900012,462,80,382
102900013,36,48,-12
102900015,808,494,314
102900016,83,84,-1
102900017,196,428,-232
102900018,50,70,-20
102900019,385,484,-99
102900020,184,38,146
102900021,38,76,-38
102900022,515,221,294
102900023,44,40,4
102900024,44,55,-11
102900025,188,102,86
102900026,438,2183,-1745
102900027,103,86,17
102900028,229,813,-584
102900029,198,244,-46
102900030,448,390,58
102900031,225,152,73
102900032,124,106,18
102900033,95,174,-79
102900034,596,77,519
102900035,207,245,-38
102900036,373,315,58
102900037,296,342,-46
102900038,456,329,127
102900039,16,667,-651
102900040,232,302,-70
102900041,130,170,-40
102900042,233,220,13
102900043,212,209,3
102900044,639,1562,-923
102900045,197,427,-230
102900046,204,225,-21
102900047,122,492,-370
102900048,588,433,155
102900049,134,383,-249
102900050,256,307,-51
102900051,206,186,20
102900052,61,89,-28
102900053,368,546,-178
102900054,517,1288,-771
102900055,120,209,-89
102900056,120,323,-203
102900057,9,62,-53
102900058,489,81,408
102900059,28,56,-28
102900060,161,388,-227
102900061,196,293,-97
102900062,296,610,-314
102900063,1307,369,938
102900064,149,436,-287
102900065,1127,443,684
102900066,389,19,370
102900068,158,75,83
102900070,236,636,-400
102900072,5,52,-47
102900073,115,14,101
102900074,229,224,5
102900075,20,65,-45
102900076,89,216,-127
102900077,44,52,-8
102900078,20,57,-37
102900079,191,7,184
102900080,452,40,412
102900081,82,350,-268
102900082,7,228,-221
102900083,129,13,116
102900084,11,31,-20
102900085,411,157,254
102900086,22,69,-47
102900087,152,76,76
102900088,47,32,15
102900089,208,87,121
102900090,4,253,-249
102900091,213,10,203
102900092,487,545,-58
102900093,380,249,131
102900094,2,163,-161
102900095,148,2,146
102900096,72,5,67
102900097,9,105,-96
103000001,2732,2277,455
103000002,2106,2480,-374
103000003,3267,3164,103
103000004,823,705,118
103000005,1847,2921,-1074
103000006,849,1284,-435
103000007,436,680,-244
103000008,1071,581,490
103000009,1404,1102,302
103000010,113,90,23
103000011,1712,1240,472
103000012,1775,1397,378
103000013,3349,1803,1546
103000014,1583,3071,-1488
103000015,1600,587,1013
103000016,555,1502,-947
103000017,230,487,-257
103000018,841,272,569
103000019,371,339,32
103000020,2023,1347,676
103000021,1896,1877,19
103000022,794,997,-203
103000023,773,1865,-1092
103000024,86,96,-10
103000025,101,786,-685
103000026,817,105,712
103000027,275,684,-409
103000028,347,367,-20
103000029,205,374,-169
103000030,1524,1433,91
103000031,1347,2290,-943
103000032,2392,1666,726
103000033,3237,2757,480
103000034,1580,1196,384
103000035,535,1429,-894
103000036,379,426,-47
103000037,621,570,51
103000038,616,1032,-416
103000039,594,286,308
103000040,445,778,-333
103000041,1595,1688,-93
103000042,1511,425,1086
103000043,684,881,-197
103000044,270,123,147
103000046,411,526,-115
103000047,495,457,38
103000048,229,167,62
103000049,124,125,-1
103000050,815,326,489
103000051,702,388,314
103000052,790,284,506
103000053,238,494,-256
103000054,2756,1199,1557
103000055,2017,1866,151
103000056,843,1292,-449
103000057,819,175,644
103000058,663,744,-81
103000059,580,707,-127
103000060,890,404,486
103000061,448,838,-390
103000062,1365,512,853
103000063,942,922,20
103000064,159,182,-23
103000065,1,331,-330
103000066,236,9,227
103000069,424,250,174
103000070,1182,694,488
103000071,1531,616,915
103000072,166,487,-321
103000073,675,121,554
103000074,978,97,881
103000075,160,484,-324
103000076,371,441,-70
103000077,18,292,-274
103000078,886,740,146
103000079,564,624,-60
103000080,793,391,402
103000081,447,1101,-654
103000082,471,194,277
103000083,112,233,-121
103000084,90,12,78
103000085,1,78,-77
103000086,577,429,148
103000087,206,597,-391
103000088,209,273,-64
103000089,314,534,-220
103000090,2410,877,1533
103000091,739,515,224
103000092,275,203,72
103000093,274,305,-31
103000094,224,116,108
103000095,67,266,-199
103000096,618,68,550
103000097,57,669,-612
103000098,833,161,672
103000099,267,604,-337
103000100,171,536,-365
103000101,1206,125,1081
103000102,145,401,-256
103000103,768,134,634
103000104,55,104,-49
103000105,193,56,137
103000106,15,163,-148
103000107,189,31,158
103000108,989,509,480
103000109,425,398,27
103000110,549,490,59
103000111,507,434,73
103000112,305,187,118
103000113,471,526,-55
103000114,1234,446,788
103000115,774,405,369
103000116,698,389,309
103000117,390,388,2
103000118,463,574,-111
103000119,937,415,522
103000120,88,109,-21
103000121,152,455,-303
103000122,367,477,-110
103000125,26,207,-181
103000126,772,4,768
103000127,9,146,-137
103000128,235,7,228
103000129,7,114,-107
103000130,95,62,33
103000131,266,100,166
103000132,114,263,-149
103000133,19,145,-126
103000134,379,1055,-676
103000135,493,201,292
103000136,534,418,116
103000137,432,625,-193
103000138,651,604,47
103000139,3,62,-59
103000140,136,28,108
103000141,45,122,-77
103000142,106,70,36
103000143,95,159,-64
103000144,184,45,139
103000145,69,318,-249
103000150,116,40,76
103000152,222,236,-14
103000153,216,155,61
103000156,25,266,-241
103000157,541,2,539
103000159,136,55,81
103000162,53,22,31
103000163,12,54,-42
103000164,13,4,9
103000165,103,179,-76
103000166,274,349,-75
103000167,190,108,82
103000168,128,180,-52
103000169,220,513,-293
103000170,911,315,596
103000171,43,91,-48
103000172,864,611,253
103000173,825,251,574
103000174,281,280,1
103000175,403,239,164
103000176,827,604,223
103000177,458,348,110
103000178,237,277,-40
103000179,191,43,148
103000183,154,23,131
103000185,148,31,117
103000186,169,114,55
103000187,852,261,591
103000188,8,104,-96
103000189,647,601,46
103000191,602,590,12
103000292,1050,1803,-753
103000293,1036,3067,-2031
103000295,76,101,-25
103000296,505,1,504
103000297,112,187,-75
103000504,71,14,57
103000505,5,26,-21
103000506,1,168,-167
103000507,212,5,207
103000508,72,64,8
103000509,280,559,-279
103900001,16,174,-158
103900002,919,152,767
103900003,1196,155,1041
103900004,182,0,182
103900005,1,163,-162
103900006,2,1,1
103900007,110,2,108
103900008,11,1,10
103900009,355,491,-136
103900010,139,307,-168
103900011,456,154,302
103900012,30,34,-4
103900013,53,66,-13
103900014,50,20,30
103900015,83,8,75
103900016,200,167,33
103900017,42,65,-23
103900018,463,183,280
103900019,91,382,-291
103900020,232,450,-218
103900021,340,49,291
103900022,1017,537,480
103900023,152,1,151
103900024,90,342,-252
103900025,15,27,-12
103900026,41,0,41
103900027,952,193,759
103900028,32,267,-235
103900029,982,84,898
103900030,320,159,161
103900031,44,5,39
103900032,88,53,35
103900033,78,28,50
103900034,40,115,-75
103900035,70,27,43
103900036,58,32,26
103900037,125,75,50
103900038,81,181,-100
103900039,110,240,-130
103900040,7,114,-107
103900041,63,61,2
103900042,82,198,-116
103900043,209,58,151
103900044,101,258,-157
103900045,416,216,200
103900047,81,12,69
103900048,20,39,-19
103900049,210,1103,-893
103900050,24,174,-150
103900051,1,49,-48
103900052,261,282,-21
103900053,181,389,-208
103900054,135,255,-120
103900055,540,199,341
103900056,62,31,31
103900057,74,108,-34
103900058,308,462,-154
103900059,0,19,-19
103900060,66,135,-69
103900061,213,40,173
103900062,501,135,366
103900063,1,0,1
103900064,142,0,142
103900065,749,424,325
103900066,288,40,248
103900067,231,10,221
103900068,7,0,7
103900069,91,18,73
103900070,200,167,33
103900071,11,87,-76
103900072,43,146,-103
103900073,28,19,9
103900074,104,79,25
103900075,131,57,74
103900076,693,377,316
103900077,50,113,-63
103900078,350,108,242
103900079,138,158,-20
103900080,13,22,-9
103900081,40,23,17
103900082,13,112,-99
103900083,980,1387,-407
103900084,97,178,-81
103900085,60,144,-84
103900086,965,414,551
103900087,27,74,-47
103900088,365,615,-250
103900089,72,107,-35
103900090,3,103,-100
103900091,1053,204,849
103900092,913,417,496
103900093,106,231,-125
103900094,13,70,-57
103900095,243,211,32
103900096,80,121,-41
103900097,9,436,-427
103900098,295,121,174
103900099,121,98,23
103900100,360,236,124
103900101,77,907,-830
103900102,0,13,-13
103900104,4,13,-9
103900105,64,126,-62
103900106,0,47,-47
103900107,150,150,0
103900108,55,191,-136
103900109,141,76,65
103900110,322,45,277
103900111,171,409,-238
103900112,70,88,-18
103900113,135,248,-113
103900114,387,295,92
103900115,344,268,76
103900116,3199,2670,529
103900117,98,58,40
103900119,31,65,-34
103900120,47,60,-13
103900122,166,150,16
103900123,913,603,310
103900124,61,15,46
103900125,112,44,68
103900126,704,301,403
103900127,189,319,-130
103900128,130,111,19
103900131,26,48,-22
103900133,1069,57,1012
103900134,2,4,-2
103900135,5,6,-1
103900137,1,32,-31
103900138,147,128,19
103900139,185,2477,-2292
103900140,12,225,-213
103900141,260,63,197
103900142,315,85,230
103900143,162,6,156
103900144,1,20,-19
103900145,219,216,3
103900146,410,203,207
103900147,540,156,384
103900148,280,204,76
103900149,416,410,6
103900150,4337,4905,-568
103900151,54,134,-80
103900152,745,289,456
103900153,20,1,19
103900154,657,1876,-1219
103900155,52,166,-114
103900156,54,140,-86
103900157,58,101,-43
103900158,167,104,63
103900159,251,59,192
103900160,93,40,53
103900161,145,149,-4
103900162,44,165,-121
103900163,11,468,-457
103900164,261,28,233
103900167,32,99,-67
103900168,151,74,77
103900169,79,34,45
103900170,3,80,-77
103900171,1,43,-42
103900172,2,13,-11
103900173,3,12,-9
103900174,260,48,212
103900175,52,97,-45
103900176,19,48,-29
103900177,13,69,-56
103900178,65,46,19
103900179,61,72,-11
103900180,11,49,-38
103900181,59,28,31
103900182,27,22,5
103900184,384,108,276
103900185,136,487,-351
103900187,23,79,-56
103900188,50,26,24
103900189,116,3,113
103900190,109,56,53
103900191,22,51,-29
103900192,61,70,-9
103900193,151,142,9
103900194,84,171,-87
103900195,8,97,-89
103900196,34,83,-49
103900197,14,25,-11
103900198,14,37,-23
103900199,158,64,94
103900200,180,80,100
103900201,167,187,-20
103900202,22,70,-48
103900203,41,40,1
103900204,0,48,-48
103900207,0,58,-58
103900208,131,0,131
103900209,12,70,-58
103900210,58,30,28
103900211,611,238,373
103900212,138,293,-155
103900213,68,206,-138
103900214,191,141,50
103900215,199,315,-116
103900216,25,583,-558
103900217,369,43,326
103900218,1,256,-255
103900219,226,187,39
103900233,96,6,90
103900235,24,26,-2
103900236,8,9,-1
103900242,0,4,-4
103900243,0,3,-3
103900244,106,150,-44
103900245,125,136,-11
103900246,38,36,2
103900247,15,84,-69
103900248,3,61,-58
103900249,24,63,-39
103900250,26,25,1
103900251,4,46,-42
103900253,14,102,-88
103900254,1,22,-21
103900255,4,12,-8
103900256,7,36,-29
103900257,6,85,-79
103900258,20,5,15
103900259,33,8,25
103900261,7,1,6
103900262,13,2,11
103900263,47,19,28
103900264,48,20,28
103900265,29,11,18
103900266,5,132,-127
103900267,14,47,-33
104000001,2685,2223,462
104000002,1704,2119,-415
104000003,2538,2025,513
104000004,2778,2369,409
104000005,1811,1773,38
104000006,3203,2562,641
104000007,4206,4195,11
104000008,220,183,37
104000009,281,115,166
104000010,200,326,-126
104000011,315,222,93
104000012,130,223,-93
104000013,292,228,64
104000014,266,412,-146
104000015,403,136,267
104000016,541,304,237
104000018,910,134,776
104000019,677,217,460
104000020,119,345,-226
104000021,217,332,-115
104000022,115,224,-109
104000023,956,386,570
104000024,278,279,-1
104000026,57,262,-205
104000027,273,130,143
104000028,499,199,300
104000029,347,249,98
104000030,326,200,126
104000031,1528,309,1219
104000032,236,210,26
104000033,805,494,311
104000034,453,201,252
104000035,1131,353,778
104000036,827,447,380
104000037,266,184,82
104000038,528,296,232
104000039,270,135,135
104000040,208,302,-94
104000041,608,247,361
104000042,259,291,-32
104000043,211,267,-56
104000044,310,425,-115
104000045,974,791,183
104000046,951,1242,-291
104000047,707,885,-178
104000048,1100,1114,-14
104000049,576,365,211
104000050,249,726,-477
104000051,160,474,-314
104000052,1698,1585,113
104000053,978,384,594
104000054,616,252,364
104000055,3298,2130,1168
104000056,913,185,728
104000057,127,264,-137
104000058,843,633,210
104000059,502,952,-450
104000060,1322,1108,214
104000061,1288,910,378
104000062,466,85,381
104000064,434,267,167
104000065,201,680,-479
104000069,665,1231,-566
104000070,71,480,-409
104000071,104,310,-206
104000072,717,165,552
104000075,107,235,-128
104000076,469,106,363
104000082,2266,3201,-935
104000083,721,228,493
104000084,139,435,-296
104000085,298,413,-115
104000086,213,326,-113
104000087,371,2148,-1777
104000090,878,993,-115
104000092,1405,1416,-11
104000094,890,1102,-212
104000095,2019,1188,831
104000096,1744,131,1613
104000097,2069,614,1455
104000098,2729,624,2105
104000100,1961,559,1402
104000101,1246,1322,-76
104000106,46,654,-608
104000107,538,310,228
104000108,241,431,-190
104000109,309,98,211
104000110,779,1032,-253
104000111,2813,2794,19
104000112,1452,500,952
104000116,4,740,-736
104000117,181,390,-209
104000118,759,189,570
104000119,733,247,486
104000120,250,534,-284
104000121,247,597,-350
104000122,621,649,-28
104000123,677,678,-1
104000124,624,1650,-1026
104000125,2812,4865,-2053
104000126,538,400,138
104000127,1195,1636,-441
104000128,664,353,311
104000129,65,1,64
104000130,1,345,-344
104000131,325,334,-9
104000132,348,313,35
104000133,1438,810,628
104000134,999,1665,-666
104000135,464,2054,-1590
104000136,811,4337,-3526
104000137,1708,464,1244
104000138,999,393,606
104000139,4232,2798,1434
104000141,1089,1175,-86
104000142,643,439,204
104000143,580,348,232
104000144,121,166,-45
104000145,420,202,218
104000146,251,435,-184
104000147,123,264,-141
104000148,473,207,266
104000149,164,193,-29
104000150,1249,644,605
104000151,389,342,47
104000152,675,521,154
104000153,922,626,296
104000154,785,515,270
104000155,565,519,46
104000157,1018,1002,16
104000158,410,779,-369
104000159,1005,547,458
104000160,1879,1955,-76
104000161,193,158,35
104000162,94,126,-32
104000165,815,935,-120
104000167,810,1222,-412
104000168,707,6,701
104000169,137,30,107
104000170,302,520,-218
104000248,334,451,-117
104000251,67,200,-133
104000272,0,0,0
104000273,0,0,0
104000274,0,0,0
104000275,0,0,0
104000279,764,474,290
104000290,117,277,-160
104000291,477,969,-492
104000293,878,554,324
104000294,57,1,56
104000295,583,725,-142
104000296,424,662,-238
104000297,684,1915,-1231
104000298,1859,866,993
104000299,715,1260,-545
104900001,183,297,-114
104900002,85,198,-113
104900003,59,276,-217
104900004,68,168,-100
104900005,420,282,138
104900006,450,91,359
104900007,322,199,123
104900009,131,245,-114
104900010,62,41,21
104900011,42,10,32
104900012,291,33,258
104900013,157,12,145
104900014,1881,317,1564
104900015,63,9,54
104900016,307,161,146
104900017,177,146,31
104900018,16,140,-124
104900019,290,3581,-3291
104900020,31,230,-199
104900021,0,98,-98
104900022,17,100,-83
104900023,0,52,-52
104900024,27,52,-25
104900025,73,220,-147
104900026,2,45,-43
104900027,625,286,339
104900028,40,95,-55
104900029,51,52,-1
104900030,471,236,235
104900031,59,204,-145
104900032,61,117,-56
104900033,188,226,-38
104900034,359,180,179
104900035,406,193,213
104900036,285,75,210
104900037,164,181,-17
104900038,373,877,-504
104900039,547,614,-67
104900040,572,100,472
104900041,317,158,159
104900042,229,202,27
104900043,10,209,-199
104900044,848,219,629
104900045,513,33,480
104900046,262,114,148
104900047,466,135,331
104900048,421,64,357
104900049,52,52,0
104900050,287,137,150
104900051,381,62,319
104900052,90,5,85
104900053,458,114,344
104900054,230,31,199
104900055,215,2,213
104900056,218,16,202
104900057,65,1,64
104900058,820,677,143
104900059,190,56,134
104900060,3,401,-398
104900061,159,395,-236
104900063,1,81,-80
104900064,0,55,-55
104900065,1,190,-189
104900066,1,128,-127
104900067,3,262,-259
104900068,33,152,-119
104900070,185,183,2
104900071,0,479,-479
104900072,47,240,-193
104900073,81,158,-77
104900074,67,149,-82
104900075,72,35,37
104900076,91,160,-69
104900077,795,300,495
104900078,202,316,-114
104900079,142,594,-452
104900080,96,402,-306
104900082,18,308,-290
104900085,1,130,-129
104900087,399,4,395
104900089,292,1,291
104900090,1153,761,392
104900091,604,504,100
104900093,187,368,-181
104900097,1952,2291,-339
104900098,200,45,155
104900099,238,743,-505
104900100,340,257,83
104900102,29,122,-93
104900103,460,59,401
104900104,2503,2386,117
104900106,138,97,41
104900107,120,150,-30
104900108,74,203,-129
104900109,127,248,-121
104900110,10,49,-39
104900111,224,107,117
104900112,290,422,-132
104900113,798,320,478
104900114,412,376,36
104900115,874,300,574
104900116,347,187,160
104900118,21,48,-27
104900119,11,32,-21
104900120,19,270,-251
104900121,0,55,-55
104900122,3,44,-41
104900123,99,15,84
104900124,56,1,55
104900125,567,10,557
104900126,55,35,20
104900127,41,40,1
104900128,117,232,-115
104900129,1385,2627,-1242
105000001,2952,1332,1620
105000002,2548,1419,1129
105000003,3250,3939,-689
105000004,798,839,-41
105000005,1147,1187,-40
105000006,1732,1928,-196
105000007,1405,1997,-592
105000008,1523,4256,-2733
105000009,2984,3260,-276
105000010,2802,1662,1140
105000011,4242,3024,1218
105000012,3604,2313,1291
105000013,1098,1186,-88
105000014,2653,3080,-427
105000015,10909,17860,-6951
105000016,2207,2422,-215
105000017,1609,965,644
105000018,1223,1564,-341
105000019,1040,972,68
105000020,192,478,-286
105000021,317,136,181
105000022,303,145,158
105000023,483,317,166
105000028,67,76,-9
105000029,828,1567,-739
105000030,4437,2346,2091
105000033,1045,1583,-538
105000034,159,985,-826
105000037,629,220,409
105000038,2089,1830,259
105000039,2171,1622,549
105000040,1341,1404,-63
105000041,769,1446,-677
105000042,4170,2217,1953
105000043,1538,3285,-1747
105000044,1118,685,433
105000045,606,654,-48
105000046,1478,389,1089
105000047,712,943,-231
105000048,712,226,486
105000049,249,413,-164
105000050,738,382,356
105000051,120,396,-276
105000052,573,755,-182
105000053,101,156,-55
105000054,349,786,-437
105000055,714,311,403
105000056,1864,1798,66
105000057,1487,795,692
105000058,1361,1087,274
105000059,951,546,405
105000060,468,554,-86
105000061,936,457,479
105000062,685,624,61
105000063,286,340,-54
105000064,1976,721,1255
105000065,362,443,-81
105000066,1051,1020,31
105000067,1646,671,975
105000068,380,668,-288
105000069,1485,2175,-690
105000070,510,980,-470
105000071,246,1120,-874
105000072,811,2515,-1704
105000073,1042,686,356
105000074,944,595,349
105000075,574,774,-200
105000076,1029,845,184
105000077,2504,1189,1315
105000078,1111,1272,-161
105000079,1153,3247,-2094
105000080,2336,1900,436
105000081,3088,1421,1667
105000082,1119,1897,-778
105000083,4368,4312,56
105000084,561,681,-120
105000085,1909,2362,-453
105000086,695,892,-197
105000087,1454,1881,-427
105000088,1456,1806,-350
105000089,3234,1956,1278
105000090,1145,793,352
105000091,1264,1397,-133
105000092,597,736,-139
105000093,415,306,109
105000094,377,355,22
105000095,113,504,-391
105000096,1198,1063,135
105000097,903,734,169
105000098,974,644,330
105000099,784,728,56
105000100,1592,1090,502
105000101,1977,2436,-459
105000102,2856,1930,926
105000103,1775,3317,-1542
105000104,2502,1187,1315
105000105,1065,1696,-631
105000106,1785,1626,159
105000107,1956,1015,941
105000108,2359,1467,892
105000109,2134,1417,717
105000110,1026,494,532
105000111,959,521,438
105000112,1313,623,690
105000113,474,658,-184
105000114,2159,1198,961
105000115,315,1116,-801
105000116,920,591,329
105000117,802,591,211
105000118,838,508,330
105000119,734,839,-105
105000120,1516,663,853
105000121,983,790,193
105000122,435,638,-203
105000123,902,959,-57
105000124,2236,799,1437
105000125,964,1473,-509
105000126,2352,1284,1068
105000127,2626,1662,964
105000128,594,914,-320
105000129,976,310,666
105000130,405,3343,-2938
105000131,865,283,582
105000132,1117,672,445
105000133,604,880,-276
105000134,971,574,397
105000135,431,440,-9
105000136,55,70,-15
105000137,457,219,238
105000138,43,69,-26
105000139,947,767,180
105000140,401,423,-22
105000141,327,384,-57
105000142,299,417,-118
105000143,262,513,-251
105000144,352,762,-410
105000145,844,322,522
105000146,392,708,-316
105000147,836,333,503
105000148,1291,556,735
105000149,3063,2226,837
105000150,1941,1297,644
105000151,570,360,210
105000152,269,390,-121
105000153,598,657,-59
105000154,645,419,226
105000155,333,827,-494
105000156,759,548,211
105000157,809,1415,-606
105000158,2127,679,1448
105000159,533,906,-373
105000160,2230,591,1639
105000161,691,722,-31
105000162,705,1805,-1100
105000163,1071,713,358
105000164,252,219,33
105000165,746,5985,-5239
105000166,4056,1212,2844
105000167,1458,2222,-764
105000168,470,487,-17
105000169,669,221,448
105000170,293,1214,-921
105000171,1094,192,902
105000172,175,26,149
105000173,341,54,287
105000174,87,61,26
105000175,97,100,-3
105000176,857,108,749
105000177,417,210,207
105000178,227,430,-203
105000179,822,153,669
105000180,215,102,113
105000181,343,224,119
105000182,73,58,15
105000183,1961,2244,-283
105000184,1030,1323,-293
105000185,1704,1042,662
105000186,412,775,-363
105000187,936,260,676
105000188,324,213,111
105000189,184,528,-344
105000190,384,435,-51
105000191,492,371,121
105000192,348,74,274
105000193,91,140,-49
105000194,421,88,333
105000195,441,627,-186
105000196,61,255,-194
105000197,261,483,-222
105000198,468,266,202
105000199,204,677,-473
105000200,106,308,-202
105000201,105,29,76
105000203,15,166,-151
105000204,69,62,7
105000205,100,186,-86
105000207,560,175,385
105000208,334,1034,-700
105000209,209,257,-48
105000212,1253,940,313
105000213,151,162,-11
105000214,169,162,7
105000215,337,169,168
105000216,218,235,-17
105000217,217,249,-32
105000218,1708,928,780
105000221,188,142,46
105000222,457,180,277
105000223,278,218,60
105000226,127,193,-66
105000227,82,173,-91
105000228,200,2221,-2021
105000229,221,585,-364
105000231,307,367,-60
105000233,933,735,198
105000234,566,1067,-501
105000235,453,563,-110
105000237,798,108,690
105000243,34,77,-43
105000248,92,96,-4
105000262,325,817,-492
105000269,209,209,0
105000270,562,45,517
105000271,0,135,-135
105000282,52,52,0
105000287,391,168,223
105000288,689,442,247
105000289,2218,2019,199
105000290,19,12,7
105000402,2683,4870,-2187
105000426,509,722,-213
105000438,3462,1569,1893
105000446,10832,5478,5354
105000447,5445,2668,2777
105000454,616,221,395
105000455,226,149,77
105000474,75,3,72
105000477,575,589,-14
105000478,2139,5846,-3707
105000479,116,120,-4
105000480,8475,7033,1442
105000481,4888,3936,952
105000482,4260,6644,-2384
105000483,2026,2670,-644
105000484,2405,3007,-602
105000485,1811,3768,-1957
105000486,2961,2486,475
105000488,7722,4520,3202
105000489,1190,766,424
105000549,81,133,-52
105000550,416,1271,-855
105000551,32,88,-56
105000552,1992,1352,640
105900001,7,2387,-2380
105900002,946,851,95
105900003,2,148,-146
105900004,329,125,204
105900005,19,178,-159
105900006,22,156,-134
105900007,188,32,156
105900008,76,359,-283
105900009,35,15,20
105900011,282,40,242
105900012,667,86,581
105900013,7,38,-31
105900014,24,92,-68
105900015,205,516,-311
105900016,618,469,149
105900017,1663,30,1633
105900018,231,175,56
105900019,81,433,-352
105900020,43,57,-14
105900021,51,671,-620
105900022,242,239,3
105900023,5,140,-135
105900024,16,359,-343
105900025,291,20,271
105900026,267,16,251
105900027,12633,8305,4328
105900028,504,562,-58
105900029,1502,385,1117
105900030,209,246,-37
105900031,384,203,181
105900032,114,104,10
105900033,132,126,6
105900034,258,226,32
105900035,261,206,55
105900036,145,143,2
105900037,123,66,57
105900038,168,222,-54
105900039,179,113,66
105900040,79,103,-24
105900041,138,310,-172
105900042,67,124,-57
105900043,1575,85,1490
105900044,3,298,-295
105900045,3,920,-917
105900046,10,283,-273
105900047,12,53,-41
105900048,83,468,-385
105900050,5898,5637,261
105900051,64,1286,-1222
105900052,662,297,365
105900053,2550,3376,-826
105900054,310,254,56
105900056,634,494,140
105900057,39,157,-118
105900058,19,28,-9
105900059,0,65,-65
106000001,4156,2637,1519
106000002,1718,4979,-3261
106000003,3435,3555,-120
106000004,1304,2346,-1042
106000005,3854,4888,-1034
106000006,5086,2861,2225
106000007,501,531,-30
106000008,472,308,164
106000009,720,401,319
106000010,677,596,81
106000011,1349,1167,182
106000012,1022,1087,-65
106000013,2023,1960,63
106000014,2059,1393,666
106000015,2113,1197,916
106000016,1450,1598,-148
106000017,642,708,-66
106000018,626,454,172
106000019,363,423,-60
106000020,422,287,135
106000021,371,456,-85
106000022,406,210,196
106000023,611,225,386
106000024,694,385,309
106000025,160,209,-49
106000026,77,186,-109
106000027,1708,1230,478
106000028,643,346,297
106000029,650,803,-153
106000030,413,461,-48
106000034,234,462,-228
106000035,932,1911,-979
106000036,170,474,-304
106000037,1687,1163,524
106000038,278,132,146
106000039,107,117,-10
106000040,128,984,-856
106000041,707,591,116
106000043,558,223,335
106000046,363,103,260
106000047,42,338,-296
106000049,1067,240,827
106000050,254,491,-237
106000051,791,506,285
106000052,123,469,-346
106000053,523,100,423
106000054,400,380,20
106000055,1225,752,473
106000056,256,299,-43
106000057,481,296,185
106000058,148,116,32
106000059,422,263,159
106000060,345,353,-8
106000061,248,443,-195
106000062,133,440,-307
106000063,751,553,198
106000064,25,379,-354
106000065,449,322,127
106000066,81,305,-224
106000067,400,103,297
106000068,66,497,-431
106000069,270,63,207
106000070,398,622,-224
106000071,1169,270,899
106000072,2311,1421,890
106000073,1427,3322,-1895
106000074,548,648,-100
106000075,311,1329,-1018
106000076,1604,1895,-291
106000077,3261,1233,2028
106000078,1289,841,448
106000079,736,788,-52
106000080,1426,546,880
106000081,730,1006,-276
106000082,2321,790,1531
106000083,477,1255,-778
106000084,1253,594,659
106000085,1383,1514,-131
106000086,642,685,-43
106000087,945,504,441
106000088,433,679,-246
106000089,1177,299,878
106000090,291,562,-271
106000091,294,428,-134
106000092,741,256,485
106000093,344,98,246
106000094,73,212,-139
106000095,883,548,335
106000096,977,573,404
106000097,1157,604,553
106000098,860,838,22
106000099,246,1292,-1046
106000100,2025,247,1778
106000101,1866,717,1149
106000102,458,1423,-965
106000103,292,648,-356
106000104,1019,354,665
106000105,468,579,-111
106000106,734,334,400
106000107,160,196,-36
106000108,304,178,126
106000109,184,154,30
106000110,286,194,92
106000111,175,245,-70
106000112,259,500,-241
106000113,734,489,245
106000114,453,586,-133
106000115,196,340,-144
106000116,271,182,89
106000117,984,541,443
106000118,1207,1416,-209
106000119,1151,756,395
106000120,1057,1393,-336
106000121,178,137,41
106000122,114,130,-16
106000123,515,101,414
106000124,89,176,-87
106000125,22,207,-185
106000126,361,55,306
106000127,1063,606,457
106000128,935,154,781
106000129,460,348,112
106000130,933,259,674
106000131,131,549,-418
106000132,495,176,319
106000133,1914,1035,879
106000134,482,2402,-1920
106000135,129,421,-292
106000136,658,1125,-467
106000137,65,625,-560
106000138,1246,116,1130
106000139,61,110,-49
106000140,46,31,15
106000141,112,41,71
106000142,85,79,6
106000143,67,34,33
106000144,23,67,-44
106000145,349,210,139
106000146,458,118,340
106000147,413,398,15
106000148,497,690,-193
106000149,789,319,470
106000150,520,1838,-1318
106000151,3207,769,2438
106000152,1257,1856,-599
106000153,94,2011,-1917
106000154,1294,174,1120
106000155,118,253,-135
106000156,1254,272,982
106000157,661,1489,-828
106000158,2138,863,1275
106000159,2451,2073,378
106000160,605,3143,-2538
106000161,1444,253,1191
106000162,405,1103,-698
106000163,395,247,148
106000164,616,279,337
106000165,271,367,-96
106000166,1026,274,752
106000167,367,677,-310
106000168,714,247,467
106000169,316,418,-102
106000170,867,215,652
106000171,172,1008,-836
106000172,2918,1167,1751
106000173,995,2125,-1130
106000174,1436,334,1102
106000175,243,677,-434
106000176,2057,763,1294
106000177,896,1823,-927
106000178,3385,1299,2086
106000179,951,1595,-644
106000180,792,934,-142
106000181,1102,1424,-322
106000182,1616,683,933
106000183,1674,472,1202
106000184,1994,591,1403
106000185,1387,1276,111
106000186,771,145,626
106000187,227,1155,-928
106000188,3,2,1
106000189,24,45,-21
106000190,31,3,28
106000191,603,153,450
106000192,0,28,-28
106000193,367,198,169
106000194,132,425,-293
106000195,866,279,587
106000196,349,714,-365
106000197,599,284,315
106000198,178,235,-57
106000199,718,835,-117
106000200,173,249,-76
106000201,455,3461,-3006
106000202,2636,616,2020
106000203,39,110,-71
106000204,103,5,98
106000205,13,96,-83
106000206,80,18,62
106000207,35,506,-471
106000208,1754,164,1590
106000209,1853,369,1484
106000210,387,762,-375
106000211,391,982,-591
106000212,1138,434,704
106000213,624,2036,-1412
106000214,2376,768,1608
106000215,212,426,-214
106000216,366,269,97
106000217,261,313,-52
106000218,380,354,26
106000219,182,197,-15
106000220,535,271,264
106000221,246,180,66
106000222,77,72,5
106000223,358,80,278
106000224,246,116,130
106000225,94,101,-7
106000226,107,166,-59
106000228,58,71,-13
106000229,75,475,-400
106000231,986,106,880
106000232,75,257,-182
106000233,592,95,497
106000234,46,188,-142
106000235,495,118,377
106000236,157,109,48
106000237,2,16,-14
106000238,20,16,4
106000239,1,89,-88
106000240,72,7,65
106000241,36,488,-452
106000242,237,23,214
106000249,74,79,-5
106000250,82,640,-558
106000251,88,22,66
106000252,14,66,-52
106000253,76,63,13
106000254,47,18,29
106000255,21,149,-128
106000256,58,36,22
106000257,153,214,-61
106000258,213,16,197
106000259,5,46,-41
106000260,30,1,29
106000261,2,34,-32
106000262,100,15,85
106000263,5,29,-24
106000264,278,4,274
106000265,9,87,-78
106000266,123,32,91
106000267,11,69,-58
106000268,437,51,386
106000269,38,30,8
106000270,115,364,-249
106000271,80,173,-93
106000272,196,32,164
106000273,12,264,-252
106000274,107,46,61
106000275,178,259,-81
106000276,177,38,139
106000277,132,247,-115
106000278,173,32,141
106000279,28,19,9
106000280,82,38,44
106000281,76,36,40
106000282,74,64,10
106000283,125,41,84
106000284,83,69,14
106000285,98,74,24
106000286,93,102,-9
106000287,135,56,79
106000288,89,114,-25
106000289,120,45,75
106000290,54,74,-20
106000291,92,91,1
106000292,74,54,20
106000293,130,100,30
106000294,104,81,23
106000295,43,41,2
106000296,32,68,-36
106000297,63,214,-151
106000298,103,74,29
106000299,67,118,-51
106000300,48,63,-15
106000301,51,92,-41
106000303,33,89,-56
106000304,23,21,2
106000305,63,46,17
106000306,30,40,-10
106000307,58,19,39
106000308,31,93,-62
106000309,16,65,-49
106000310,342,409,-67
106000311,429,175,254
106000312,113,138,-25
106000313,217,171,46
106000318,62,489,-427
106000319,1046,273,773
106000320,3,73,-70
106000321,333,148,185
106000322,159,111,48
106000324,22,89,-67
106000325,2079,1017,1062
106000326,987,1479,-492
106000327,196,82,114
106000328,43,154,-111
106000329,89,315,-226
106000330,57,107,-50
106000428,119,129,-10
106000429,138,267,-129
106000430,304,891,-587
106000431,2335,340,1995
106000432,1355,2226,-871
106000433,2894,1212,1682
106000434,3614,1719,1895
106000435,1155,2204,-1049
106000436,9,150,-141
106000437,304,59,245
106000438,349,233,116
106000439,92,373,-281
106000440,346,761,-415
106000441,7,0,7
106000442,125,9,116
106000443,219,209,10
106000450,1,134,-133
106000451,29,81,-52
106000454,1,110,-109
106000455,6,109,-103
106000456,93,35,58
106000457,15,612,-597
106000458,972,82,890
106000459,148,180,-32
106000460,1972,13,1959
106000461,101,644,-543
106000462,1,35,-34
106000463,4,7,-3
106000464,4,291,-287
106000465,899,4,895
106000466,5,402,-397
106000467,203,331,-128
106000468,80,113,-33
106000469,112,1,111
106000470,338,1852,-1514
106000471,22,360,-338
106000472,207,27,180
106000473,45,14,31
106000474,283,358,-75
106000475,281,228,53
106000476,88,192,-104
106000477,21,23,-2
106900001,0,12,-12
106900002,1,258,-257
106900003,188,2632,-2444
106900004,3,33,-30
106900006,0,7,-7
106900007,0,18,-18
106900008,445,125,320
106900009,448,223,225
106900010,306,244,62
106900012,1181,3323,-2142
106900013,935,168,767
106900014,44,4,40
106900015,16,3,13
106900016,315,14,301
106900017,7,3,4
106900018,3,0,3
106900019,122,4,118
106900020,4231,1898,2333
106900021,121,85,36
106900022,955,5,950
106900023,78,210,-132
106900024,1361,61,1300
106900025,54,969,-915
106900026,2,355,-353
106900027,937,9,928
107000001,4261,5457,-1196
107000002,2634,4270,-1636
107000003,7691,7578,113
107000004,4741,3687,1054
107000005,6313,6237,76
107000006,3712,2911,801
107000007,7122,11277,-4155
107000008,9310,6241,3069
107000009,9649,8845,804
107000010,8303,7046,1257
107000011,874,1163,-289
107000012,3663,2312,1351
107000013,88,84,4
107000014,79,126,-47
107000015,461,548,-87
107000016,818,623,195
107000017,4688,4993,-305
107000018,49,3803,-3754
107000020,3261,4216,-955
107000021,1730,552,1178
107000022,1245,2816,-1571
107000023,2089,284,1805
107000024,869,1582,-713
107000025,274,410,-136
107000026,388,419,-31
107000027,1515,1140,375
107000028,1655,951,704
107000029,4079,3059,1020
107000030,2865,2292,573
107000031,5209,2989,2220
107000032,514,841,-327
107000033,2676,5140,-2464
107000034,6241,1511,4730
107000035,420,251,169
107000036,748,1175,-427
107000037,104,909,-805
107000038,189,238,-49
107000039,700,771,-71
107000040,200,303,-103
107000041,1572,849,723
107000042,796,2252,-1456
107000043,2548,1203,1345
107000044,610,451,159
107000045,91,336,-245
107000046,872,476,396
107000047,477,809,-332
107000048,694,304,390
107000049,589,720,-131
107000050,1191,489,702
107000051,272,309,-37
107000052,1095,1042,53
107000053,378,239,139
107000054,71,217,-146
107000055,119,97,22
107000056,551,741,-190
107000057,1482,180,1302
107000058,2476,2610,-134
107000059,2023,3179,-1156
107000060,5564,5339,225
107000061,5272,3264,2008
107000062,5761,3045,2716
107000063,4679,4058,621
107000064,5270,2867,2403
107000065,3989,3869,120
107000066,2279,3618,-1339
107000067,1492,1215,277
107000068,1512,787,725
107000069,1134,661,473
107000070,1131,4,1127
107000071,4147,49,4098
107000072,51,1997,-1946
107000073,1093,492,601
107000074,156,712,-556
107000075,2236,561,1675
107000076,692,1188,-496
107000077,4517,1306,3211
107000078,2319,2648,-329
107000079,3431,1305,2126
107000080,1022,2505,-1483
107000081,2479,622,1857
107000082,637,1360,-723
107000083,1793,568,1225
107000084,322,1313,-991
107000085,3319,3169,150
107000086,3504,3169,335
107000087,3369,2076,1293
107000088,3152,3467,-315
107000089,1731,1804,-73
107000090,1315,960,355
107000091,1790,881,909
107000092,928,820,108
107000093,1296,932,364
107000094,1087,888,199
107000095,1062,662,400
107000096,612,703,-91
107000097,583,263,320
107000098,270,356,-86
107000099,531,341,190
107000100,249,301,-52
107000101,104,189,-85
107000102,228,304,-76
107000103,259,176,83
107000104,206,236,-30
107000105,458,133,325
107000106,221,216,5
107000107,732,151,581
107000108,142,392,-250
107000109,762,171,591
107000110,55,312,-257
107000111,441,48,393
107000112,42,165,-123
107000113,754,140,614
107000114,120,371,-251
107000115,708,175,533
107000116,133,493,-360
107000117,216,688,-472
107000118,173,156,17
107000119,1358,1629,-271
107000120,780,537,243
107000121,1176,648,528
107000122,1120,836,284
107000123,589,462,127
107000124,633,727,-94
107000125,1052,466,586
107000126,817,455,362
107000127,30,287,-257
107000129,294,133,161
107000130,365,293,72
107000131,509,328,181
107000132,712,449,263
107000133,609,157,452
107000134,331,1,330
107000135,3,478,-475
107000136,1014,9,1005
107000137,20,491,-471
107000138,334,25,309
107000139,24,633,-609
107000140,1718,163,1555
107000141,149,703,-554
107000142,451,139,312
107000143,67,515,-448
107000144,545,600,-55
107000145,188,414,-226
107000146,246,396,-150
107000147,3400,869,2531
107000150,699,4185,-3486
107000151,28,115,-87
107000152,379,1838,-1459
107000153,145,431,-286
107000154,195,271,-76
107000155,1289,57,1232
107000156,1610,35,1575
107000157,119,1039,-920
107000158,720,39,681
107000159,31,624,-593
107000160,1516,202,1314
107000161,88,885,-797
107000162,316,692,-376
107000163,261,7,254
107000164,1035,4,1031
107000165,1572,9,1563
107000166,27,743,-716
107000167,773,205,568
107000168,1200,513,687
107000169,616,754,-138
107000170,3152,925,2227
107000171,770,1392,-622
107000172,1407,1641,-234
107000173,682,704,-22
107000174,1269,6871,-5602
107000175,5601,1369,4232
107000176,2,0,2
107000177,9,1,8
107000178,55,47,8
107000179,334,1441,-1107
107000180,1727,261,1466
107000181,439,701,-262
107000182,2534,836,1698
107000183,171,679,-508
107000184,1267,610,657
107000185,587,1260,-673
107000186,1643,446,1197
107000187,1470,1183,287
107000188,988,594,394
107000189,704,918,-214
107000190,855,678,177
107000191,820,821,-1
107000192,1942,686,1256
107000193,440,578,-138
107000194,835,578,257
107000197,1205,359,846
107000198,360,654,-294
107000199,824,710,114
107000200,678,748,-70
107000201,524,300,224
107000202,399,512,-113
107000203,1134,1021,113
107000204,1356,1246,110
107000205,2258,1156,1102
107000206,1100,1683,-583
107000207,600,1215,-615
107000208,1098,670,428
107000209,1761,1452,309
107000210,601,291,310
107000211,2,78,-76
107000212,44,303,-259
107000213,5,31,-26
107000214,28,174,-146
107000215,601,318,283
107000216,603,418,185
107000217,191,124,67
107000219,112,169,-57
107000220,218,166,52
107000222,281,573,-292
107000224,866,149,717
107000225,153,370,-217
107000226,762,114,648
107000227,109,208,-99
107000228,142,338,-196
107000229,98,105,-7
107000230,1034,577,457
107000231,1200,1944,-744
107000232,134,27,107
107000233,947,1071,-124
107000234,2,87,-85
107000235,135,23,112
107000236,28,696,-668
107000237,62,0,62
107000238,28,0,28
107000239,3394,538,2856
107000240,99,737,-638
107000241,113,19,94
107000242,370,32,338
107000243,0,43,-43
107000244,8,70,-62
107000246,1,954,-953
107000249,1,986,-985
107000251,2,225,-223
107000252,4,745,-741
107000255,274,113,161
107000257,2,221,-219
107000258,2,83,-81
107000259,4,126,-122
107000260,878,18,860
107000262,8,304,-296
107000263,394,6,388
107000266,10,13,-3
107000267,66,79,-13
107000268,113,92,21
107000269,951,80,871
107000270,8,33,-25
107000271,43,358,-315
107000272,48,93,-45
107000273,17,314,-297
107000274,3140,819,2321
107000275,24,3063,-3039
107000280,1050,48,1002
107000281,49,571,-522
107000282,149,604,-455
107000290,10,29,-19
107000291,32,6,26
107000292,0,158,-158
107000293,53,3,50
107000294,0,58,-58
107000295,21,6,15
107000296,0,24,-24
107000444,407,10,397
107000496,8,8,0
107000497,1405,1618,-213
107000500,378,263,115
107000501,165,167,-2
107000502,194,270,-76
107000505,269,777,-508
107000506,7,81,-74
107000508,3,388,-385
107000509,254,775,-521
107000510,16,32,-16
107000514,62,431,-369
107000515,15,95,-80
107000516,489,285,204
107000518,1221,1956,-735
107000519,1252,708,544
107000520,58,46,12
107900001,96,95,1
107900002,92,11,81
107900003,308,15,293
107900004,161,4,157
107900005,1590,4,1586
107900006,317,2,315
107900007,460,52,408
107900008,80,15,65
107900009,232,4,228
107900010,66,4,62
107900012,306,56,250
107900013,224,32,192
107900014,56,23,33
107900015,1184,18,1166
107900016,458,97,361
107900017,52,5,47
107900018,74,194,-120
107900019,29,17,12
107900020,204,8,196
107900021,120,79,41
107900023,7,3,4
107900024,0,29,-29
107900025,276,276,0
107900026,64,42,22
107900027,63,61,2
107900028,122,50,72
107900030,167,40,127
107900031,72,52,20
107900032,22,9,13
107900033,41,13,28
107900034,428,36,392
107900035,1135,51,1084
107900036,96,22,74
107900037,0,31,-31
107900038,114,278,-164
107900039,50,26,24
107900040,58,256,-198
107900041,3,3,0
107900043,77,95,-18
107900044,12,18,-6
107900045,141,62,79
107900046,141,187,-46
107900047,67,33,34
107900048,232,21,211
107900049,283,1814,-1531
107900050,92,293,-201
107900051,147,65,82
107900052,39,31,8
107900053,85,73,12
107900055,981,344,637
107900056,173,89,84
107900057,0,0,0
107900058,22,452,-430
107900060,28,214,-186
107900061,7,14,-7
107900063,107,160,-53
107900064,354,250,104
107900065,340,22,318
107900066,42,7,35
107900067,4,0,4
107900068,106,506,-400
107900069,32,2599,-2567
107900070,138,106,32
107900071,32,511,-479
107900072,162,94,68
107900073,137,78,59
107900074,516,369,147
107900076,145,56,89
107900077,103,0,103
107900078,255,83,172
107900079,10,28,-18
107900080,217,549,-332
107900081,50,87,-37
107900082,11,14,-3
107900083,393,199,194
107900084,90,108,-18
107900086,51,208,-157
107900087,520,140,380
107900088,66,4,62
107900089,269,1151,-882
107900090,1244,3002,-1758
107900091,161,264,-103
107900092,1599,421,1178
107900093,59,74,-15
107900095,2635,2224,411
107900097,45,66,-21
107900098,85,257,-172
107900100,899,1543,-644
107900101,838,186,652
107900102,41,7,34
107900103,53,179,-126
107900104,212,7,205
107900105,1,240,-239
107900106,2,648,-646
107900107,1903,527,1376
107900108,166,130,36
107900109,1696,30,1666
107900110,73,40,33
107900111,7,539,-532
107900112,80,367,-287
107900113,276,65,211
107900114,218,119,99
107900115,4,34,-30
107900116,215,90,125
107900117,411,259,152
107900118,77,127,-50
107900119,84,276,-192
107900120,42,43,-1
107900121,6,183,-177
107900122,4,98,-94
107900123,10,82,-72
107900124,37,39,-2
107900125,53,193,-140
107900126,10,72,-62
107900127,555,338,217
107900128,68,83,-15
107900129,94,16,78
107900130,79,15,64
107900131,539,382,157
107900132,108,289,-181
107900133,1,70,-69
107900134,48,110,-62
107900135,6,126,-120
107900136,45,36,9
107900137,91,115,-24
107900138,80,26,54
107900139,60,36,24
107900140,83,34,49
107900141,45,40,5
107900142,50,586,-536
107900143,86,25,61
107900144,2,126,-124
107900145,18,84,-66
107900146,83,141,-58
107900147,65,33,32
107900148,175,96,79
107900149,830,246,584
107900150,55,469,-414
107900151,46,77,-31
107900152,7,146,-139
107900153,136,331,-195
107900154,88,16,72
107900155,114,51,63
107900156,5,176,-171
107900157,44,36,8
107900158,1109,25,1084
107900159,30,648,-618
107900160,141,122,19
107900161,51,119,-68
107900162,2,138,-136
107900163,80,105,-25
107900164,19,40,-21
107900165,25,141,-116
107900166,46,130,-84
107900167,52,28,24
107900168,115,41,74
107900169,1,108,-107
107900171,5,905,-900
107900172,1,259,-258
107900173,35,100,-65
107900174,149,8,141
107900175,42,56,-14
107900176,31,21,10
107900177,1,307,-306
107900178,1,100,-99
107900179,16,143,-127
107900180,503,905,-402
107900181,400,247,153
107900182,0,680,-680
107900183,97,181,-84
107900184,103,198,-95
107900185,134,5,129
107900186,57,40,17
107900187,1,116,-115
107900188,480,154,326
107900189,17,54,-37
107900190,51,160,-109
107900191,144,94,50
107900193,3,78,-75
107900194,420,19,401
107900195,1499,365,1134
107900196,52,65,-13
107900197,593,450,143
107900199,2,559,-557
107900201,103,72,31
107900203,33,60,-27
107900204,150,244,-94
107900205,251,351,-100
107900206,969,266,703
107900207,4,357,-353
107900208,4,349,-345
107900209,303,136,167
107900210,58,92,-34
107900213,819,646,173
107900214,25,92,-67
107900215,174,434,-260
107900216,186,67,119
107900217,47,106,-59
107900218,13,2301,-2288
107900219,46,68,-22
107900220,196,283,-87
107900221,155,206,-51
107900223,91,318,-227
107900224,132,466,-334
107900225,12,615,-603
107900226,98,95,3
107900227,156,329,-173
107900228,25,81,-56
107900229,2,178,-176
107900230,17,85,-68
107900231,33,126,-93
107900232,122,92,30
107900233,11,137,-126
107900234,140,81,59
107900235,24,160,-136
107900236,120,30,90
107900237,55,331,-276
107900238,29,96,-67
107900239,604,619,-15
107900240,26,90,-64
107900241,12,59,-47
107900242,60,114,-54
107900243,3,75,-72
107900244,358,10,348
107900245,813,38,775
107900246,385,25,360
107900248,527,262,265
107900249,1019,84,935
107900250,2,354,-352
107900251,71,1038,-967
107900252,1141,30,1111
107900253,265,7,258
107900254,108,422,-314
107900255,252,83,169
107900256,1659,2792,-1133
107900257,349,135,214
107900258,135,227,-92
107900259,66,2607,-2541
107900261,1,235,-234
107900262,33,105,-72
107900264,405,11,394
107900265,183,151,32
107900267,365,8,357
107900268,23,8,15
107900269,0,5,-5
107900270,2,0,2
107900271,1,15,-14
107900272,91,58,33
107900273,48,91,-43
107900274,125,0,125
107900275,39,0,39
107900276,0,75,-75
107900277,3,161,-158
107900278,361,303,58
107900279,56,175,-119
107900280,1953,2098,-145
107900281,849,3404,-2555
107900282,23,542,-519
107900283,970,893,77
107900284,577,437,140
107900285,165,56,109
107900286,128,119,9
107900287,354,188,166
107900290,0,178,-178
107900291,592,15,577
107900292,124,121,3
107900293,82,290,-208
107900295,37,26,11
107900297,2,336,-334
107900298,719,606,113
107900299,2085,2707,-622
107900300,111,343,-232
107900301,728,736,-8
107900302,133,35,98
107900303,221,228,-7
107900304,427,306,121
107900305,388,18,370
107900306,9,53,-44
107900307,54,220,-166
107900308,193,181,12
107900309,71,2,69
107900310,723,4,719
107900311,16,805,-789
107900312,71,2,69
107900313,4,217,-213
107900314,0,60,-60
107900315,2,41,-39
107900316,130,2,128
107900317,81,9,72
107900318,6,118,-112
107900319,5,104,-99
107900320,0,86,-86
107900321,193,3,190
107900322,0,79,-79
107900323,3,107,-104
107900324,185,5,180
107900325,107,0,107
107900326,399,143,256
107900327,2,68,-66
107900328,92,0,92
107900329,98,116,-18
107900330,4,243,-239
107900331,290,20,270
107900332,304,19,285
107900333,79,23,56
107900334,13,101,-88
107900335,115,19,96
107900336,40,45,-5
107900337,753,1118,-365
107900338,7,160,-153
107900339,2,17,-15
107900340,3,45,-42
107900341,64,1,63
107900342,80,69,11
107900343,63,2,61
107900344,3,59,-56
107900345,79,19,60
107900346,24,1,23
107900347,29,2,27
107900348,9,3,6
107900349,21,15,6
107900350,34,194,-160
108000001,3405,3761,-356
108000002,1654,1822,-168
108000003,4189,3752,437
108000004,10653,12179,-1526
108000005,9751,6862,2889
108000006,6881,6504,377
108000007,5958,4080,1878
108000008,3837,5153,-1316
108000009,4605,4870,-265
108000010,2514,3612,-1098
108000011,13446,13322,124
108000012,13361,12776,585
108000014,819,1155,-336
108000015,836,238,598
108000016,311,601,-290
108000017,1255,404,851
108000018,2065,789,1276
108000019,2445,1184,1261
108000020,1523,589,934
108000021,375,1750,-1375
108000022,450,1185,-735
108000023,1517,258,1259
108000024,309,386,-77
108000025,348,310,38
108000026,716,323,393
108000027,826,387,439
108000028,675,190,485
108000029,520,456,64
108000030,768,227,541
108000031,274,701,-427
108000032,2032,688,1344
108000033,730,731,-1
108000034,2201,546,1655
108000035,735,1550,-815
108000036,393,826,-433
108000037,1935,487,1448
108000038,3058,637,2421
108000039,552,1517,-965
108000040,2445,983,1462
108000041,696,1749,-1053
108000042,365,185,180
108000043,245,274,-29
108000044,719,193,526
108000045,366,399,-33
108000046,1838,305,1533
108000047,398,733,-335
108000048,235,292,-57
108000049,1214,267,947
108000050,104,380,-276
108000051,447,154,293
108000052,237,486,-249
108000053,505,254,251
108000054,516,1110,-594
108000055,1300,613,687
108000056,815,1200,-385
108000057,820,1357,-537
108000058,2331,4008,-1677
108000059,2557,1651,906
108000060,260,470,-210
108000061,149,220,-71
108000062,1064,647,417
108000063,622,402,220
108000064,289,258,31
108000065,631,475,156
108000066,1731,858,873
108000067,2197,735,1462
108000068,882,361,521
108000069,251,731,-480
108000070,2365,764,1601
108000071,640,1004,-364
108000072,2013,1037,976
108000073,1231,1321,-90
108000074,783,440,343
108000075,358,662,-304
108000076,1082,593,489
108000077,605,532,73
108000078,2957,1308,1649
108000079,818,1133,-315
108000080,1683,522,1161
108000081,519,1110,-591
108000082,866,1422,-556
108000083,2230,1002,1228
108000084,409,862,-453
108000085,1041,497,544
108000086,589,609,-20
108000087,159,2440,-2281
108000088,290,11,279
108000089,380,402,-22
108000090,496,168,328
108000091,263,391,-128
108000092,178,71,107
108000093,204,344,-140
108000094,639,97,542
108000095,195,285,-90
108000096,376,203,173
108000097,162,294,-132
108000098,2175,1238,937
108000099,308,86,222
108000100,113,226,-113
108000101,1790,1473,317
108000102,1699,3471,-1772
108000106,984,1,983
108000107,5,934,-929
108000108,789,52,737
108000109,11,788,-777
108000110,239,266,-27
108000111,193,537,-344
108000112,88,152,-64
108000113,433,193,240
108000115,366,223,143
108000117,703,358,345
108000118,63,213,-150
108000119,565,346,219
108000120,193,739,-546
108000121,199,300,-101
108000122,613,260,353
108000123,833,180,653
108000124,314,467,-153
108000125,515,206,309
108000126,168,256,-88
108000127,582,251,331
108000128,751,343,408
108000129,352,634,-282
108000130,492,189,303
108000131,1103,447,656
108000132,1708,1009,699
108000133,1274,468,806
108000134,513,424,89
108000135,1259,437,822
108000136,295,660,-365
108000137,552,250,302
108000138,463,628,-165
108000139,539,311,228
108000140,154,26,128
108000141,27,40,-13
108000142,36,58,-22
108000143,44,15,29
108000144,42,9,33
108000145,52,6,46
108000146,88,27,61
108000147,50,21,29
108000148,101,35,66
108000149,29,11,18
108000150,41,12,29
108000151,22,19,3
108000152,156,276,-120
108000153,742,134,608
108000154,37,6,31
108000155,41,39,2
108000156,312,92,220
108000157,239,1399,-1160
108000158,106,764,-658
108000159,352,193,159
108000160,1982,1239,743
108000161,2121,3464,-1343
108000165,7,261,-254
108000172,3,251,-248
108000173,1268,2194,-926
108000175,270,142,128
108000178,447,278,169
108000179,149,1012,-863
108000181,66,15,51
108000182,110,22,88
108000183,11,19,-8
108000184,727,2686,-1959
108000185,312,345,-33
108000186,193,47,146
108000187,123,376,-253
108000188,820,162,658
108000189,543,1517,-974
108000190,41,120,-79
108000192,206,463,-257
108000193,846,41,805
108000194,23,2,21
108000195,2,751,-749
108000196,244,188,56
108000198,479,224,255
108000199,1,194,-193
108000200,484,249,235
108000202,2,286,-284
108000203,173,379,-206
108000204,155,56,99
108000205,171,318,-147
108000339,1104,282,822
108000364,83,261,-178
108000365,104,296,-192
108000367,151,245,-94
108000368,14,60,-46
108000369,631,193,438
108000371,2,586,-584
108000372,722,8,714
108000373,242,125,117
108000376,127,54,73
108000377,653,183,470
108000378,10542,11313,-771
108000379,38,189,-151
108000381,61,5,56
108000382,77,0,77
108000383,0,96,-96
108900001,107,687,-580
108900002,251,65,186
108900003,263,490,-227
108900004,137,504,-367
108900005,102,443,-341
108900006,760,209,551
108900007,360,218,142
108900008,268,165,103
108900009,119,123,-4
108900010,397,164,233
108900011,842,354,488
108900012,561,475,86
108900013,262,254,8
108900014,23,118,-95
108900015,1,112,-111
108900016,0,210,-210
108900017,232,400,-168
108900018,181,323,-142
108900019,63,585,-522
108900020,77,133,-56
108900021,145,211,-66
108900022,185,14,171
108900023,0,27,-27
108900024,46,61,-15
108900025,172,84,88
108900026,41,140,-99
108900027,0,53,-53
108900028,103,223,-120
108900029,58,178,-120
108900030,1,52,-51
108900031,216,254,-38
108900032,40,180,-140
108900033,0,109,-109
108900034,1,108,-107
108900035,290,853,-563
108900036,230,238,-8
108900037,62,235,-173
108900038,1,286,-285
108900039,1,272,-271
108900040,5,88,-83
108900041,4432,3981,451
108900042,8,432,-424
108900043,82,510,-428
108900044,1,283,-282
108900045,76,339,-263
108900046,40,484,-444
108900047,0,63,-63
108900048,95,532,-437
108900049,1864,1662,202
108900050,2,134,-132
108900051,0,113,-113
108900052,35,124,-89
108900053,76,227,-151
108900054,81,188,-107
108900055,39,446,-407
108900056,1,109,-108
108900057,0,126,-126
108900058,58,225,-167
108900059,623,64,559
108900060,132,155,-23
108900061,88,46,42
108900062,2,172,-170
108900063,27,200,-173
108900064,339,55,284
108900065,24,176,-152
108900066,581,181,400
108900067,36,119,-83
108900068,0,54,-54
108900069,76,45,31
108900070,27,79,-52
108900071,154,76,78
108900072,2084,740,1344
108900073,9,57,-48
108900074,314,178,136
108900075,33,47,-14
108900076,457,83,374
108900077,71,124,-53
108900078,45,98,-53
108900079,675,181,494
108900080,34,1085,-1051
108900081,51,209,-158
108900082,110,113,-3
108900083,34,351,-317
108900084,356,206,150
108900085,1550,175,1375
108900086,168,188,-20
108900087,99,175,-76
108900088,1231,437,794
108900089,40,166,-126
108900090,108,172,-64
108900091,151,60,91
108900092,613,310,303
108900093,152,85,67
108900094,339,101,238
108900095,26,254,-228
108900096,293,10,283
108900097,349,179,170
108900098,1659,1063,596
108900099,534,145,389
108900100,91,117,-26
108900101,254,313,-59
108900102,92,1226,-1134
108900103,103,139,-36
108900104,125,310,-185
108900105,7,1393,-1386
108900106,537,211,326
108900108,424,57,367
108900109,54,50,4
108900110,292,343,-51
108900111,539,406,133
108900112,319,41,278
108900113,65,59,6
108900114,2,5,-3
108900115,117,59,58
108900116,152,14,138
108900117,221,10,211
108900118,718,18,700
108900119,363,29,334
108900120,192,232,-40
108900121,369,118,251
108900122,190,37,153
108900123,180,146,34
108900124,562,175,387
108900125,716,14,702
108900126,102,61,41
108900127,271,30,241
108900128,169,47,122
108900129,1090,165,925
108900130,480,4,476
108900131,408,12,396
108900132,591,65,526
108900133,276,83,193
108900134,553,208,345
108900135,190,13,177
108900136,85,0,85
108900137,220,2,218
108900138,1001,88,913
108900139,823,134,689
108900140,488,184,304
108900141,459,26,433
108900142,117,6,111
108900143,100,2,98
108900144,132,1,131
108900145,237,15,222
108900146,94,0,94
108900147,264,3,261
108900148,72,24,48
108900149,527,266,261
108900150,256,11,245
108900151,177,43,134
108900152,343,79,264
108900153,216,291,-75
108900154,5710,474,5236
108900155,311,101,210
108900156,118,13,105
108900157,51,450,-399
108900158,443,26,417
108900159,5,155,-150
108900160,14,200,-186
108900161,4,296,-292
108900162,129,3,126
108900163,15,277,-262
108900164,46,53,-7
108900165,125,90,35
108900167,1099,8818,-7719
108900168,5337,2825,2512
108900169,66,136,-70
108900171,4949,3586,1363
108900172,260,55,205
108900173,194,341,-147
108900174,1109,710,399
108900176,216,301,-85
108900177,4711,7109,-2398
108900178,2972,3874,-902
108900179,588,2232,-1644
108900180,265,340,-75
108900182,74,463,-389
108900183,434,215,219
108900184,638,291,347
108900185,131,417,-286
108900186,93,370,-277
108900187,556,51,505
108900188,846,102,744
108900189,602,142,460
108900190,67,1988,-1921
108900191,188,50,138
108900192,148,202,-54
108900193,148,40,108
108900194,16,332,-316
108900195,129,178,-49
108900196,45,310,-265
108900198,4,276,-272
108900199,270,297,-27
108900200,683,433,250
108900201,503,1347,-844
108900203,585,104,481
108900204,426,16,410
108900205,175,23,152
108900206,641,100,541
108900207,254,164,90
108900208,18,283,-265
108900209,157,431,-274
108900210,345,214,131
108900211,205,611,-406
108900212,456,1670,-1214
108900215,86,356,-270
108900216,447,297,150
108900217,84,0,84
108900218,130,15,115
108900219,81,11,70
108900220,56,31,25
108900221,45,279,-234
108900222,421,22,399
108900223,7,178,-171
108900224,30,210,-180
108900225,0,120,-120
108900226,387,15,372
108900227,173,440,-267
108900230,184,213,-29
108900231,32,199,-167
108900232,3,191,-188
108900233,686,150,536
108900234,385,136,249
108900235,218,580,-362
108900236,94,343,-249
108900237,76,196,-120
108900240,150,101,49
108900241,60,59,1
108900245,15,1569,-1554
108900249,127,27,100
108900250,235,85,150
108900257,302,288,14
108900258,21,149,-128
108900259,55,45,10
108900260,5,67,-62
108900261,46,101,-55
108900262,123,103,20
108900263,45,98,-53
108900264,384,242,142
108900265,1288,570,718
108900266,528,849,-321
108900267,5,157,-152
108900268,16,13,3
108900269,88,18,70
108900270,92,15,77
108900271,78,21,57
108900272,294,15,279
108900273,532,1295,-763
108900274,39,46,-7
109000001,2422,1794,628
109000002,1045,1968,-923
109000003,2957,400,2557
109000004,481,1935,-1454
109000005,2307,550,1757
109000006,677,1742,-1065
109000007,1940,540,1400
109000008,647,1524,-877
109000009,4207,1211,2996
109000010,1172,2908,-1736
109000011,4035,2049,1986
109000012,1808,2349,-541
109000013,5148,3594,1554
109000014,2238,2513,-275
109000015,3838,8675,-4837
109000016,4847,2902,1945
109000017,3039,1220,1819
109000018,1009,2270,-1261
109000019,3003,1214,1789
109000020,951,1506,-555
109000023,321,28,293
109000024,15,221,-206
109000025,324,623,-299
109000026,488,309,179
109000027,101,353,-252
109000028,134,104,30
109000029,143,250,-107
109000030,79,481,-402
109000031,310,186,124
109000032,125,415,-290
109000033,340,150,190
109000034,60,26,34
109000035,16,61,-45
109000036,82,266,-184
109000037,293,2063,-1770
109000038,477,326,151
109000039,1367,898,469
109000040,3596,12088,-8492
109000041,1989,1891,98
109000042,564,1325,-761
109000044,446,74,372
109000045,83,306,-223
109000046,428,58,370
109000047,59,383,-324
109000048,997,277,720
109000049,266,662,-396
109000050,454,256,198
109000051,285,219,66
109000052,619,699,-80
109000053,311,97,214
109000054,404,436,-32
109000055,260,459,-199
109000056,457,427,30
109000057,1016,559,457
109000058,944,340,604
109000059,616,1504,-888
109000060,393,320,73
109000061,679,1471,-792
109000062,184,321,-137
109000063,266,152,114
109000064,296,167,129
109000065,230,201,29
109000066,408,78,330
109000067,75,216,-141
109000068,1690,24,1666
109000069,670,44,626
109000070,8,1746,-1738
109000071,430,80,350
109000072,89,335,-246
109000073,58,78,-20
109000074,25,180,-155
109000075,66,318,-252
109000076,125,242,-117
109000077,440,157,283
109000078,55,164,-109
109000079,162,96,66
109000080,191,71,120
109000081,104,285,-181
109000082,823,135,688
109000083,274,388,-114
109000088,180,400,-220
109000089,293,76,217
109000090,124,312,-188
109000091,414,206,208
109000092,330,384,-54
109000093,354,211,143
109000094,789,3,786
109000095,158,289,-131
109000096,827,212,615
109000097,99,99,0
109000098,45,128,-83
109000099,901,374,527
109000100,275,582,-307
109000101,2104,666,1438
109000102,497,815,-318
109000103,546,578,-32
109000104,2218,521,1697
109000105,525,1098,-573
109000106,2282,752,1530
109000107,699,1653,-954
109000108,2247,606,1641
109000109,583,1368,-785
109000110,1463,572,891
109000111,883,1780,-897
109000112,337,114,223
109000113,245,151,94
109000114,158,229,-71
109000115,1184,33,1151
109000116,10,257,-247
109000117,261,60,201
109000118,7,267,-260
109000119,1630,229,1401
109000120,224,608,-384
109000121,591,37,554
109000122,186,528,-342
109000123,16,44,-28
109000124,726,337,389
109000125,940,260,680
109000126,454,566,-112
109000127,1129,175,954
109000128,561,928,-367
109000129,3227,747,2480
109000130,515,1178,-663
109000131,965,554,411
109000132,687,1358,-671
109000133,272,780,-508
109000134,830,1115,-285
109000135,1192,1822,-630
109000136,323,256,67
109000137,374,316,58
109000138,518,255,263
109000139,742,323,419
109000140,213,321,-108
109000141,626,381,245
109000142,183,488,-305
109000143,148,75,73
109000145,142,207,-65
109000146,31,89,-58
109000148,2887,2051,836
109000149,18,36,-18
109000150,59,249,-190
109000155,929,770,159
109000156,1073,562,511
109000158,232,322,-90
109000159,243,518,-275
109000160,1134,246,888
109000161,447,912,-465
109000162,2452,582,1870
109000163,1357,1492,-135
109000164,1381,2001,-620
109000165,1480,513,967
109000166,856,79,777
109000167,122,438,-316
109000170,45,39,6
109000171,90,46,44
109000172,68,70,-2
109000173,27,82,-55
109000174,124,48,76
109000175,59,61,-2
109000176,357,247,110
109000177,60,101,-41
109000178,410,85,325
109000179,3585,5733,-2148
109000180,4490,4096,394
109000181,23,26,-3
109000182,48,21,27
109000183,34,24,10
109000184,44,18,26
109000185,26,20,6
109000188,461,1191,-730
109000189,2701,740,1961
109000190,680,378,302
109000191,446,406,40
109000192,486,180,306
109000193,296,188,108
109000194,299,91,208
109000195,180,225,-45
109000196,303,98,205
109000197,249,254,-5
109000198,433,80,353
109000199,190,431,-241
109000206,243,26,217
109000207,179,41,138
109000208,92,100,-8
109000209,159,88,71
109000210,110,429,-319
109000211,223,188,35
109000214,400,265,135
109000215,171,69,102
109000216,322,264,58
109000217,233,180,53
109000218,287,242,45
109000221,449,805,-356
109000222,932,254,678
109000223,393,362,31
109000224,47,79,-32
109000225,92,33,59
109000226,40,162,-122
109000227,1311,806,505
109000228,3,1707,-1704
109000231,0,206,-206
109000232,391,270,121
109000236,303,686,-383
109000241,2171,1514,657
109000242,1869,1035,834
109000293,17,67,-50
109000361,111,196,-85
109000364,249,550,-301
109000396,2,376,-374
109000397,730,9,721
109000399,110,313,-203
109000400,71,134,-63
109000403,160,1114,-954
109000406,369,45,324
109000407,279,135,144
109000408,2,219,-217
109000410,1106,223,883
109000411,157,20,137
109900001,103,0,103
109900002,938,19,919
109900003,298,0,298
109900004,851,129,722
109900005,43,18,25
109900006,636,163,473
109900007,1002,262,740
109900008,0,47,-47
109900009,178,440,-262
109900010,547,28,519
109900011,94,70,24
109900012,316,253,63
109900013,435,185,250
109900014,417,69,348
109900015,460,216,244
109900016,189,24,165
109900017,273,193,80
109900018,310,42,268
109900019,333,46,287
109900020,47,59,-12
109900021,44,22,22
109900022,70,201,-131
109900023,25,9,16
109900024,34,5,29
109900025,11,47,-36
109900026,2,129,-127
109900027,57,38,19
109900028,877,1183,-306
109900029,3,194,-191
109900030,52,10,42
109900031,0,349,-349
109900032,14,286,-272
109900033,1,476,-475
109900034,47,3,44
109900035,17,27,-10
109900036,22,46,-24
109900037,26,384,-358
109900038,91,263,-172
109900039,3,0,3
109900040,23,350,-327
109900041,92,241,-149
109900042,52,1601,-1549
109900044,94,180,-86
109900045,168,83,85
109900046,44,62,-18
109900047,313,299,14
109900048,2,90,-88
109900049,19,42,-23
109900050,2,77,-75
109900051,1,30,-29
109900052,87,296,-209
109900053,0,135,-135
109900054,967,200,767
109900055,113,287,-174
109900056,32,243,-211
109900057,6,89,-83
109900058,2,67,-65
109900059,1037,115,922
109900060,543,136,407
109900061,64,271,-207
109900062,0,145,-145
109900063,17,511,-494
109900064,591,193,398
109900065,39,152,-113
109900066,331,669,-338
109900067,0,132,-132
109900068,128,3,125
109900069,7,41,-34
109900070,35,254,-219
109900071,9,32,-23
109900072,29,126,-97
109900073,582,355,227
109900074,9,38,-29
109900075,13,46,-33
109900076,13,121,-108
109900077,54,45,9
109900078,88,209,-121
109900080,150,260,-110
109900081,17,252,-235
109900082,34,286,-252
109900083,18,76,-58
109900084,63,95,-32
109900085,189,492,-303
109900086,166,605,-439
109900087,300,503,-203
109900089,903,198,705
109900090,629,935,-306
109900091,423,70,353
109900092,1101,45,1056
109900093,1219,175,1044
109900094,76,74,2
109900095,121,172,-51
109900096,52,1,51
109900097,109,0,109
109900098,526,52,474
109900099,232,8,224
109900100,40,1,39
109900101,790,11,779
109900102,509,26,483
109900103,48,48,0
109900104,661,373,288
109900105,697,17,680
109900106,515,64,451
109900107,1225,93,1132
109900108,152,295,-143
109900109,45,194,-149
109900110,57,266,-209
109900111,308,654,-346
109900112,318,429,-111
109900113,1047,608,439
109900114,1144,951,193
109900115,186,103,83
109900117,1257,137,1120
109900118,218,388,-170
109900119,660,296,364
109900120,115,26,89
109900121,437,456,-19
109900122,630,10,620
109900123,11,137,-126
109900124,36,312,-276
109900125,5,185,-180
109900126,334,78,256
109900128,438,38,400
109900130,4976,2875,2101
109900131,43,108,-65
109900132,18,97,-79
109900133,73,170,-97
109900134,84,84,0
109900135,245,49,196
109900136,67,129,-62
109900137,184,224,-40
109900138,464,269,195
109900140,245,116,129
109900141,590,209,381
109900142,1790,340,1450
109900145,5,650,-645
109900146,387,30,357
109900148,56,79,-23
109900149,40,60,-20
109900150,6,57,-51
109900151,7,61,-54
109900152,0,27,-27
109900153,1,90,-89
109900154,65,1,64
109900155,82,28,54
109900157,67,171,-104
109900158,83,133,-50
109900159,134,47,87
109900160,156,49,107
109900161,250,71,179
109900162,294,85,209
109900163,680,257,423
109900164,80,204,-124
109900165,341,6,335
109900166,2,92,-90
109900167,201,379,-178
109900168,239,523,-284
109900169,273,161,112
109900170,208,1395,-1187
109900171,276,94,182
109900172,309,305,4
109900173,1836,2441,-605
109900174,56,113,-57
109900175,60,71,-11
109900176,158,156,2
109900177,51,202,-151
109900178,7,278,-271
109900179,30,15,15
109900180,9,23,-14
110000001,824,443,381
110000002,662,781,-119
110000003,836,663,173
110000004,588,720,-132
110000005,441,1920,-1479
110000006,264,327,-63
110000007,161,96,65
110000008,24,60,-36
110000009,34,22,12
110000010,35,62,-27
110000011,41,64,-23
110000012,639,274,365
110000013,44,523,-479
110000014,535,373,162
110000015,251,609,-358
110000016,293,1799,-1506
110000017,3289,331,2958
110000018,3071,417,2654
110000019,6,69,-63
110000020,496,254,242
110000021,564,533,31
110000022,1414,261,1153
110000023,7,176,-169
110000024,713,548,165
110000025,577,9,568
110000026,5,224,-219
110000027,899,974,-75
110000028,1032,578,454
110000029,563,558,5
110000030,265,360,-95
110000031,342,357,-15
110000032,918,354,564
110000033,296,174,122
110000034,622,612,10
110000035,916,495,421
110000036,1231,663,568
110000037,221,459,-238
110000038,303,747,-444
110000039,810,4328,-3518
110000040,348,300,48
110000041,377,2003,-1626
110000042,119,604,-485
110000043,993,323,670
110000044,180,1093,-913
110000045,1319,205,1114
110000046,4,141,-137
110000047,30,97,-67
110000048,5,37,-32
110000049,22,17,5
110000050,17,89,-72
110000051,25,9,16
110000052,24,38,-14
110000053,129,9,120
110000054,224,825,-601
110000055,750,91,659
110000056,154,113,41
110000057,474,528,-54
110000058,1242,511,731
110000059,1093,567,526
110000060,1028,1107,-79
110000061,951,723,228
110000062,672,911,-239
110000063,44,153,-109
110000064,72,59,13
110000065,106,99,7
110000066,95,40,55
110000067,93,129,-36
110000068,349,96,253
110000069,421,73,348
110000071,277,60,217
110000073,19,5,14
110000075,25,52,-27
110000076,363,466,-103
110000077,408,1431,-1023
110000078,32,31,1
110000080,253,562,-309
110000081,107,214,-107
110000082,13,309,-296
110000083,244,587,-343
110000084,1274,939,335
110000085,1297,1489,-192
110000086,1152,2528,-1376
110000087,22,51,-29
110000088,99,176,-77
110000089,380,86,294
110000090,83,217,-134
110000091,884,215,669
110000092,14,55,-41
110000093,56,23,33
110000094,561,200,361
110000095,196,638,-442
110000096,1550,1924,-374
110000097,1220,1549,-329
110000098,2140,566,1574
110000099,796,1636,-840
110000100,1239,315,924
110000101,21,188,-167
110000102,117,12,105
110000104,399,156,243
110000105,55,240,-185
110000106,676,483,193
110000107,222,250,-28
110000108,166,104,62
110000109,351,243,108
110000110,2305,5070,-2765
110000111,5198,3185,2013
110000112,917,1422,-505
110000113,253,2396,-2143
110000114,258,726,-468
110000115,422,288,134
110000116,74,73,1
110000117,256,277,-21
110000118,644,132,512
110000119,350,245,105
110000120,474,139,335
110000121,76,395,-319
110000122,439,586,-147
110000123,638,736,-98
110000124,2,689,-687
110000125,1166,12,1154
110000126,330,18,312
110000127,1153,60,1093
110000128,31,1126,-1095
110000129,1,504,-503
110000130,298,206,92
110000131,105,222,-117
110000132,1,517,-516
110000133,34,377,-343
110000134,15,374,-359
110000135,219,40,179
110000136,75,271,-196
110000137,674,580,94
110000138,1002,561,441
110000139,991,825,166
110000140,975,750,225
110000143,674,390,284
110000144,5106,1870,3236
110000145,2018,1065,953
110000146,2481,793,1688
110000147,587,698,-111
110000148,919,244,675
110000151,910,1054,-144
110000152,777,380,397
110000153,238,25,213
110000154,43,40,3
110000155,1722,3987,-2265
110000156,1061,2413,-1352
110000157,2009,2062,-53
110000160,604,264,340
110000161,244,210,34
110000166,761,98,663
110000167,1157,566,591
110000168,1365,547,818
110000169,1014,364,650
110000170,136,44,92
110000171,706,102,604
110000172,180,675,-495
110000173,964,1045,-81
110000174,171,670,-499
110000175,810,50,760
110000176,97,408,-311
110000177,157,925,-768
110000178,452,1559,-1107
110000179,1143,353,790
110000180,219,226,-7
110000181,621,371,250
110000182,315,103,212
110000183,8005,8619,-614
110000184,303,2949,-2646
110000185,1311,857,454
110000186,849,679,170
110000191,1405,255,1150
110000192,713,18,695
110000193,1127,7,1120
110000194,8,842,-834
110000195,462,225,237
110000196,489,179,310
110000197,116,122,-6
110000198,95,62,33
110000199,81,139,-58
110000200,1100,396,704
110000201,1100,1189,-89
110000202,1451,571,880
110000203,617,555,62
110000204,5,178,-173
110000205,255,42,213
110000206,545,990,-445
110000207,1512,426,1086
110000208,341,246,95
110000209,138,1230,-1092
110000210,1602,451,1151
110000211,1222,954,268
110000212,491,1140,-649
110000213,269,68,201
110000214,427,102,325
110000215,238,271,-33
110000216,128,279,-151
110000217,406,138,268
110000218,185,202,-17
110000219,505,62,443
110000220,75,202,-127
110000221,461,39,422
110000222,55,194,-139
110000223,6,313,-307
110000224,75,16,59
110000225,280,792,-512
110000226,339,69,270
110000227,1362,1052,310
110000228,288,191,97
110000229,1,176,-175
110000230,733,632,101
110000231,176,211,-35
110000232,256,226,30
110000233,230,316,-86
110000234,871,1650,-779
110000235,1035,1270,-235
110000236,801,605,196
110000237,2833,1513,1320
110000238,1316,1299,17
110000239,2130,1120,1010
110000240,2,38,-36
110000242,2,19,-17
110000243,137,107,30
110000244,151,622,-471
110000245,31,358,-327
110000246,977,519,458
110000247,1252,4165,-2913
110000248,2183,1246,937
110000249,82,12,70
110000250,32,193,-161
110000251,471,420,51
110000252,404,186,218
110000253,1536,689,847
110000254,709,973,-264
110000255,251,788,-537
110000256,566,332,234
110000257,681,514,167
110000258,4,517,-513
110000259,187,17,170
110000260,28,156,-128
110000263,608,82,526
110000264,423,323,100
110000265,1418,2058,-640
110000266,2040,3586,-1546
110000267,29,216,-187
110000268,377,435,-58
110000269,9,86,-77
110000270,65,3,62
110000271,1432,297,1135
110000272,1138,942,196
110000273,3307,1871,1436
110000274,213,1956,-1743
110000275,2285,659,1626
110000276,247,489,-242
110000277,326,444,-118
110000278,342,713,-371
110000279,991,883,108
110000280,594,484,110
110000281,50,456,-406
110000282,235,17,218
110000283,47,136,-89
110000284,41,66,-25
110000285,5,1024,-1019
110000286,40,2,38
110000287,99,2,97
110000288,4,105,-101
110000289,398,2157,-1759
110000290,657,615,42
110000291,3983,1147,2836
110000292,1449,6081,-4632
110000293,734,602,132
110000294,1332,1192,140
110000295,335,788,-453
110000296,909,371,538
110000297,2619,296,2323
110000298,138,347,-209
110000299,209,97,112
110000301,467,30,437
110000302,264,616,-352
110000303,520,8,512
110000304,143,161,-18
110000305,1708,33,1675
110000306,224,896,-672
110000307,2301,12,2289
110000308,854,3,851
110000309,6,718,-712
110000310,965,40,925
110000311,30,561,-531
110000312,468,117,351
110000313,2852,2444,408
110000314,0,160,-160
110000315,3148,3254,-106
110000316,542,1423,-881
110000317,401,1246,-845
110000318,3,39,-36
110000319,4,28,-24
110000320,44,43,1
110000321,21,44,-23
110000322,327,309,18
110000323,639,189,450
110000324,2719,1693,1026
110000325,2805,3612,-807
110000327,482,332,150
110000328,221,476,-255
110000333,1245,856,389
110000334,1003,1213,-210
110000335,1220,568,652
110000336,803,814,-11
110000337,1570,681,889
110000338,521,205,316
110000339,387,234,153
110000340,40,167,-127
110000341,462,497,-35
110000342,442,1,441
110000343,1,10,-9
110000344,168,186,-18
110000345,218,251,-33
110000346,2623,2219,404
110000347,1119,766,353
110000348,17,22,-5
110000349,9,23,-14
110000350,59,4,55
110000351,1330,740,590
110000352,684,1576,-892
110000353,3109,552,2557
110000354,1026,3427,-2401
110000355,137,77,60
110000356,1004,4,1000
110000357,702,17,685
110000361,67,42,25
110000362,89,46,43
110000363,556,123,433
110000364,334,298,36
110000365,224,4,220
110000366,0,112,-112
110000367,460,220,240
110000368,0,68,-68
110000369,84,2,82
110000373,7,232,-225
110000374,119,10,109
110000375,110,962,-852
110000376,38,82,-44
110000377,90,581,-491
110000378,22,415,-393
110000379,2394,2077,317
110000380,73,11,62
110000383,7,1632,-1625
110000384,1930,1411,519
110000385,2,295,-293
110000387,99,10,89
110000388,66,188,-122
110000389,825,5,820
110000391,922,255,667
110000396,228,115,113
110000397,142,123,19
110000398,6,25,-19
110000399,87,1,86
110000587,138,64,74
110000589,178,105,73
110000640,182,35,147
110000652,15,452,-437
110000653,323,393,-70
110000654,52,415,-363
110000656,2,342,-340
110000674,48,25,23
110000675,28,14,14
110000676,9,31,-22
110000679,181,1264,-1083
110000682,225,201,24
110000683,274,408,-134
110000684,7,48,-41
110000685,3,21,-18
110000686,2,36,-34
110000687,49,2,47
110000688,91,1141,-1050
110000689,14,29,-15
110000692,72,182,-110
110000693,123,300,-177
110000694,1,124,-123
110000695,226,671,-445
110000696,50,71,-21
110900001,354,75,279
110900002,449,234,215
110900003,1040,377,663
110900004,562,118,444
110900005,1832,2688,-856
110900006,39,27,12
110900007,142,41,101
110900008,17,44,-27
110900009,533,166,367
110900010,18,62,-44
110900011,35,65,-30
110900012,20,84,-64
110900013,1064,81,983
110900014,254,14,240
110900015,456,767,-311
110900016,64,119,-55
110900017,537,30,507
110900018,599,74,525
110900019,225,26,199
110900020,181,144,37
110900021,100,341,-241
110900022,99,219,-120
110900023,129,662,-533
110900024,24,257,-233
110900025,15,36,-21
110900027,52,217,-165
110900028,44,151,-107
110900029,26,215,-189
110900030,55,164,-109
110900031,2,154,-152
110900032,0,75,-75
110900033,47,176,-129
110900035,13,448,-435
110900036,111,26,85
110900037,98,17,81
110900038,985,183,802
110900039,15,267,-252
110900040,236,33,203
110900041,42,51,-9
110900042,169,38,131
110900043,5,63,-58
110900044,227,13,214
110900045,72,279,-207
110900046,10,127,-117
110900047,384,282,102
110900049,144,88,56
110900050,38,4,34
110900051,43,185,-142
110900052,4,127,-123
110900053,83,26,57
110900054,27,139,-112
110900055,32,5,27
110900056,98,97,1
110900057,2,89,-87
110900058,305,167,138
110900059,534,410,124
110900060,473,145,328
110900061,43,42,1
110900062,142,194,-52
110900063,53,115,-62
110900064,30,0,30
110900065,223,119,104
110900066,5,72,-67
110900067,274,822,-548
110900068,239,200,39
110900069,8,38,-30
110900070,97,72,25
110900071,273,869,-596
110900073,1,30,-29
110900074,547,83,464
110900075,402,79,323
110900077,1096,534,562
110900078,57,21,36
110900079,1720,1336,384
110900080,129,76,53
110900081,14,44,-30
110900082,118,93,25
110900083,142,70,72
110900084,63,51,12
110900085,69,232,-163
110900086,82,382,-300
110900087,422,50,372
110900088,6,0,6
110900090,61,56,5
110900091,1,63,-62
110900093,379,86,293
110900095,68,73,-5
110900097,24,15,9
110900098,32,41,-9
110900099,79,359,-280
110900100,1,26,-25
110900102,55,21,34
110900105,1720,254,1466
110900108,29,38,-9
110900111,583,185,398
110900112,874,11,863
110900113,330,57,273
110900115,14,39,-25
110900116,973,1186,-213
110900118,85,3377,-3292
110900119,2235,237,1998
110900120,31,48,-17
110900121,188,2,186
110900122,558,188,370
110900125,478,399,79
110900127,527,1500,-973
110900128,184,229,-45
110900129,368,971,-603
110900130,790,548,242
110900131,218,41,177
110900132,460,91,369
110900133,71,123,-52
110900135,127,276,-149
110900136,396,21,375
110900137,73,0,73
110900138,1303,937,366
110900139,15,340,-325
110900140,82,13,69
110900141,20,380,-360
110900142,77,113,-36
110900143,260,82,178
110900144,3,469,-466
110900145,178,72,106
110900146,410,286,124
110900147,83,506,-423
110900148,12,227,-215
110900149,4,65,-61
110900150,142,31,111
110900151,32,105,-73
110900152,31,145,-114
110900153,160,53,107
111000001,406,327,79
111000002,324,424,-100
111000003,1264,713,551
111000004,440,734,-294
111000005,1797,1308,489
111000006,1035,1534,-499
111000007,4807,3524,1283
111000008,1848,3070,-1222
111000009,319,715,-396
111000010,977,301,676
111000011,192,858,-666
111000012,280,342,-62
111000013,438,780,-342
111000014,1024,418,606
111000017,118,1090,-972
111000018,239,373,-134
111000020,617,2023,-1406
111000021,91,86,5
111000023,124,71,53
111000025,3424,3746,-322
111000029,116,100,16
111000030,56,88,-32
111000031,2397,1321,1076
111000032,590,329,261
111000033,373,298,75
111000034,98,261,-163
111000037,1277,715,562
111000038,3317,1919,1398
111000039,1873,1661,212
111000040,1971,1867,104
111000041,1393,1347,46
111000042,2318,2140,178
111000043,2127,4106,-1979
111000044,2318,1107,1211
111000045,3041,2162,879
111000046,2010,1644,366
111000047,3038,4575,-1537
111000049,478,516,-38
111000050,1168,914,254
111000051,517,768,-251
111000052,593,1313,-720
111000053,340,738,-398
111000054,410,637,-227
111000055,1155,1387,-232
111000056,198,384,-186
111000057,133,372,-239
111000058,486,62,424
111000059,540,266,274
111000060,4346,855,3491
111000061,733,277,456
111000062,1094,343,751
111000063,2021,954,1067
111000064,805,596,209
111000065,1349,822,527
111000066,665,371,294
111000067,700,502,198
111000068,692,870,-178
111000069,1604,1849,-245
111000070,746,700,46
111000071,356,459,-103
111000072,1166,472,694
111000073,326,839,-513
111000074,1759,1468,291
111000075,1143,631,512
111000076,582,577,5
111000077,1847,1474,373
111000078,2843,1225,1618
111000079,1185,755,430
111000080,609,611,-2
111000081,1548,4737,-3189
111000082,828,512,316
111000084,786,535,251
111000085,919,1025,-106
111000086,2635,844,1791
111000087,728,495,233
111000088,5095,2552,2543
111000089,848,735,113
111000090,791,1332,-541
111000091,875,414,461
111000092,1702,730,972
111000093,916,998,-82
111000094,1920,1071,849
111000095,759,2336,-1577
111000096,1415,8233,-6818
111000097,3617,1375,2242
111000098,802,911,-109
111000099,559,1425,-866
111000100,422,1063,-641
111000101,413,686,-273
111000102,296,696,-400
111000104,941,212,729
111000107,220,868,-648
111000109,1328,231,1097
111000110,1650,643,1007
111000111,2897,532,2365
111000112,2291,608,1683
111000113,1077,1796,-719
111000114,1941,3847,-1906
111000115,4319,1163,3156
111000116,979,833,146
111000117,407,802,-395
111000118,1332,708,624
111000119,1428,798,630
111000120,567,605,-38
111000121,341,740,-399
111000122,572,879,-307
111000123,1128,2035,-907
111000124,637,1846,-1209
111000125,254,1100,-846
111000126,109,639,-530
111000127,1075,142,933
111000128,2498,285,2213
111000129,3486,394,3092
111000130,2756,636,2120
111000131,2276,478,1798
111000132,2245,1059,1186
111000133,213,105,108
111000134,174,77,97
111000135,49,187,-138
111000136,393,291,102
111000138,19,5,14
111000140,2,7,-5
111000141,223,358,-135
111000142,9,236,-227
111000143,6,219,-213
111000144,19,811,-792
111000145,520,48,472
111000146,85,12,73
111000147,228,27,201
111000148,144,96,48
111000149,2,26,-24
111000150,12,6,6
111000151,5,14,-9
111000153,674,707,-33
111000154,606,202,404
111000155,177,141,36
111000156,506,706,-200
111000157,253,1190,-937
111000158,1152,813,339
111000159,3488,759,2729
111000160,565,322,243
111000161,16,385,-369
111000162,83,135,-52
111000163,868,854,14
111000164,586,3087,-2501
111000165,785,391,394
111000166,1389,316,1073
111000167,145,324,-179
111000168,287,437,-150
111000169,294,616,-322
111000170,356,308,48
111000171,485,437,48
111000172,150,296,-146
111000173,286,539,-253
111000174,222,230,-8
111000175,46,340,-294
111000176,500,78,422
111000177,495,152,343
111000178,1489,221,1268
111000179,349,103,246
111000180,334,394,-60
111000181,1485,225,1260
111000182,227,189,38
111000183,304,269,35
111000184,398,183,215
111000185,345,276,69
111000186,317,148,169
111000187,133,139,-6
111000188,326,310,16
111000189,756,546,210
111000190,164,197,-33
111000191,167,230,-63
111000192,218,346,-128
111000193,304,213,91
111000194,64,286,-222
111000195,112,294,-182
111000196,57,98,-41
111000197,439,87,352
111000198,660,88,572
111000199,246,131,115
111000200,484,280,204
111000201,737,178,559
111000202,373,142,231
111000203,430,200,230
111000204,465,1036,-571
111000213,193,419,-226
111000214,1613,1069,544
111000215,1006,969,37
111000217,1742,819,923
111000218,1212,1023,189
111000219,397,195,202
111000220,1139,864,275
111000221,520,81,439
111000224,1,147,-146
111000225,287,54,233
111000226,120,3,117
111000227,31,1,30
111000228,21,420,-399
111000229,43,1034,-991
111000230,384,277,107
111000231,1155,482,673
111000232,664,714,-50
111000233,1232,535,697
111000234,185,498,-313
111000239,89,115,-26
111000240,42,250,-208
111000241,37,213,-176
111000242,298,64,234
111000243,157,374,-217
111000244,618,90,528
111000245,1039,278,761
111000246,752,259,493
111000247,464,536,-72
111000248,756,313,443
111000249,502,437,65
111000250,62,68,-6
111000251,72,121,-49
111000253,30,13,17
111000255,35,11,24
111000257,44,11,33
111000260,61,840,-779
111000261,1561,116,1445
111000271,26,213,-187
111000273,2719,1159,1560
111000274,1384,2398,-1014
111000275,205,37,168
111000276,282,1187,-905
111000277,218,318,-100
111000278,722,201,521
111000291,852,7966,-7114
111000298,584,198,386
111000299,728,168,560
111000300,113,475,-362
111000302,414,48,366
111000303,80,155,-75
111000312,59,38,21
111000315,0,35,-35
111000320,240,566,-326
111000321,414,128,286
111000322,331,326,5
111000323,289,35,254
111000324,364,188,176
111000325,45,67,-22
111000326,171,211,-40
111000327,430,253,177
111000328,297,487,-190
111000329,1,19,-18
111000330,35,2,33
111000331,10,5,5
111000332,607,1214,-607
111000334,342,880,-538
111000335,856,213,643
111000337,1642,348,1294
111000338,66,83,-17
111000339,764,218,546
111000340,152,371,-219
111000341,1383,649,734
111000342,166,735,-569
111000344,1322,558,764
111000345,184,61,123
111000346,41,222,-181
111000347,143,7,136
111000350,171,110,61
111000351,155,225,-70
111000352,223,96,127
111000353,162,222,-60
111000354,624,132,492
111000355,264,532,-268
111000358,197,620,-423
111000360,267,383,-116
111000361,213,155,58
111000546,860,572,288
111000547,508,294,214
111000548,183,254,-71
111000549,357,179,178
111000550,67,801,-734
111000551,550,105,445
111000552,1062,155,907
111000907,309,55,254
111000908,19,1,18
111000916,2126,241,1885
111000917,38,376,-338
111000918,203,515,-312
111000920,602,16,586
111000921,5,101,-96
111000922,661,221,440
111000924,66,399,-333
111000925,3069,1731,1338
111000926,1150,1124,26
111000927,3241,4280,-1039
111000928,3925,2395,1530
111000929,1822,1262,560
111000930,781,1684,-903
111000931,2664,2786,-122
111000932,3676,1881,1795
111000933,3866,2715,1151
111000934,1607,2799,-1192
111000935,1968,969,999
111000936,1061,1635,-574
111000937,1323,1345,-22
111000938,1308,1141,167
111000939,717,38,679
111000940,638,74,564
111000941,455,286,169
111000943,611,204,407
111000944,177,192,-15
111000945,145,1003,-858
111001109,633,611,22
111001110,172,311,-139
111001111,88,8,80
111001112,93,2,91
111001113,0,134,-134
111001114,751,117,634
111001115,9,666,-657
111001116,3113,4239,-1126
111001117,551,2796,-2245
111001120,127,217,-90
111001121,174,137,37
111001122,19,169,-150
111001123,18,9,9
111900001,11,89,-78
111900002,30,424,-394
111900003,6,202,-196
111900004,24,76,-52
111900006,20,42,-22
111900007,223,15,208
111900008,363,6,357
111900009,305,132,173
111900010,320,369,-49
111900012,115,66,49
111900013,2,43,-41
111900014,3352,4959,-1607
111900015,0,48,-48
111900016,1,76,-75
111900017,0,72,-72
111900018,249,5,244
111900019,8,147,-139
111900020,0,26,-26
111900021,37,78,-41
111900022,7,37,-30
111900023,75,65,10
111900024,3,79,-76
111900025,0,64,-64
111900026,0,42,-42
111900027,17,94,-77
111900028,0,249,-249
111900029,7,51,-44
111900030,47,304,-257
111900031,24,31,-7
111900032,1,214,-213
111900033,13,61,-48
111900034,191,299,-108
111900035,51,148,-97
111900036,0,158,-158
111900038,245,438,-193
111900039,46,280,-234
111900040,1,300,-299
111900042,23,120,-97
111900043,5,211,-206
111900044,258,197,61
111900046,43,112,-69
111900048,239,315,-76
111900049,25,183,-158
111900050,131,42,89
111900051,1,99,-98
111900052,262,370,-108
111900053,661,1916,-1255
111900054,199,4,195
111900055,9,182,-173
111900056,135,312,-177
111900057,162,38,124
111900058,534,435,99
111900059,1215,731,484
111900060,451,4,447
111900061,9,122,-113
111900062,32,67,-35
111900063,433,277,156
111900064,90,102,-12
111900065,134,26,108
111900066,154,127,27
111900067,5,260,-255
111900068,57,40,17
111900069,89,28,61
111900070,255,103,152
111900071,0,140,-140
111900072,51,38,13
111900073,1439,202,1237
111900074,10,169,-159
111900075,114,9,105
111900076,264,85,179
111900077,65,4,61
111900078,407,33,374
111900079,52,31,21
111900080,231,277,-46
111900081,512,185,327
111900082,195,38,157
111900083,222,12,210
111900084,145,8,137
111900085,32,147,-115
111900086,47,10,37
111900087,106,1,105
111900088,651,27,624
111900089,128,5,123
111900090,59,40,19
111900091,254,2,252
111900092,141,0,141
111900093,504,10,494
111900094,171,1,170
111900095,310,44,266
111900096,160,2,158
111900097,138,0,138
111900098,398,33,365
111900099,131,0,131
111900100,135,6,129
111900101,109,24,85
111900102,688,285,403
111900103,81,102,-21
111900104,211,121,90
111900105,384,441,-57
111900106,999,69,930
111900107,98,104,-6
111900108,124,254,-130
111900109,339,503,-164
111900110,1252,392,860
111900111,190,64,126
111900112,417,3727,-3310
111900113,145,52,93
111900114,127,82,45
111900115,14,30,-16
111900118,270,100,170
111900119,404,176,228
111900122,73,58,15
111900123,19,25,-6
111900124,26,37,-11
111900125,688,52,636
111900126,360,8,352
111900127,1,441,-440
111900128,4,402,-398
111900129,371,4,367
111900130,331,72,259
111900131,529,3,526
111900132,19,627,-608
111900133,20,247,-227
111900134,9,164,-155
111900135,20,35,-15
111900136,84,129,-45
111900137,34,40,-6
111900138,8,29,-21
111900139,12,56,-44
111900140,134,24,110
111900141,68,6,62
111900142,109,27,82
111900143,36,97,-61
111900144,12,60,-48
111900145,2,271,-269
111900146,1,149,-148
111900147,95,288,-193
111900148,16,400,-384
111900149,6,179,-173
111900150,11,108,-97
111900151,1,23,-22
111900152,91,60,31
111900153,894,788,106
111900154,29,449,-420
111900155,101,105,-4
111900156,104,91,13
111900157,139,24,115
111900158,710,92,618
111900159,411,28,383
111900160,473,1,472
111900161,274,3,271
111900162,59,170,-111
111900163,44,166,-122
111900164,88,64,24
111901113,625,130,495
111901114,301,191,110
111901115,144,3,141
111901116,33,5,28
111901117,37,38,-1
111901118,32,331,-299
111901119,522,83,439
111901120,79,100,-21
111901121,111,117,-6
111901122,19,226,-207
111901123,256,249,7
111901124,288,9,279
111901125,479,160,319
111901126,186,120,66
111901127,476,862,-386
111901128,11,68,-57
111901129,0,112,-112
111901130,2,123,-121
111901131,1,134,-133
111901132,101,30,71
111901133,37,2,35
111901134,128,6,122
111901135,52,18,34
111901136,46,80,-34
111901137,0,34,-34
111901138,180,39,141
111901139,36,17,19
111901140,11,57,-46
111901141,1,99,-98
111901142,3,89,-86
111901143,3,71,-68
111901144,35,46,-11
112000001,2174,690,1484
112000002,652,1868,-1216
112000003,2032,1145,887
112000004,828,647,181
112000005,4394,4169,225
112000006,1963,1450,513
112000007,4488,2504,1984
112000008,2765,4167,-1402
112000009,2719,2261,458
112000010,3635,4588,-953
112000011,1556,1379,177
112000012,5463,6329,-866
112000013,3541,4245,-704
112000014,2631,3098,-467
112000015,3201,4471,-1270
112000016,5356,3237,2119
112000017,1857,6024,-4167
112000024,2261,862,1399
112000026,2597,3054,-457
112000027,1003,685,318
112000028,1049,1362,-313
112000029,891,1021,-130
112000030,155,58,97
112000031,1484,6015,-4531
112000032,291,62,229
112000033,1868,3142,-1274
112000034,241,90,151
112000035,78,810,-732
112000036,559,1709,-1150
112000037,1321,1722,-401
112000038,1536,2357,-821
112000039,134,95,39
112000040,73,180,-107
112000041,332,420,-88
112000042,1074,450,624
112000050,1310,1692,-382
112000051,1229,1602,-373
112000054,1351,1413,-62
112000057,1049,569,480
112000058,462,651,-189
112000059,643,684,-41
112000061,3245,1597,1648
112000062,1514,1541,-27
112000063,757,2110,-1353
112000064,3197,4083,-886
112000065,1613,1967,-354
112000066,4116,1699,2417
112000067,795,700,95
112000068,3666,2830,836
112000069,650,1713,-1063
112000070,2813,1200,1613
112000071,1122,2186,-1064
112000072,3167,914,2253
112000073,1711,2183,-472
112000074,1659,1297,362
112000075,1693,1303,390
112000076,3648,2254,1394
112000077,829,509,320
112000078,2005,694,1311
112000079,1729,1432,297
112000080,871,752,119
112000081,1333,2165,-832
112000082,1645,760,885
112000083,630,1133,-503
112000084,1790,691,1099
112000085,1311,1000,311
112000086,2151,1125,1026
112000087,681,310,371
112000088,823,385,438
112000089,568,400,168
112000090,426,312,114
112000091,526,669,-143
112000092,2456,994,1462
112000093,1709,755,954
112000094,887,796,91
112000095,762,659,103
112000096,716,575,141
112000097,1679,739,940
112000098,1003,770,233
112000099,1160,2034,-874
112000100,2377,700,1677
112000101,554,709,-155
112000102,1835,430,1405
112000103,460,715,-255
112000105,443,955,-512
112000106,2060,334,1726
112000107,29,254,-225
112000108,310,1392,-1082
112000109,91,68,23
112000110,2204,557,1647
112000111,1069,5686,-4617
112000112,5586,897,4689
112000113,845,1728,-883
112000114,3309,1068,2241
112000115,410,449,-39
112000116,911,903,8
112000117,1173,853,320
112000118,980,681,299
112000119,528,555,-27
112000120,82,269,-187
112000121,199,326,-127
112000122,406,162,244
112000123,861,169,692
112000124,501,65,436
112000125,246,250,-4
112000126,355,344,11
112000127,2467,2798,-331
112000128,956,981,-25
112000129,149,75,74
112000130,217,89,128
112000131,50,230,-180
112000132,198,197,1
112000133,556,168,388
112000134,465,291,174
112000135,1733,648,1085
112000136,1023,1613,-590
112000137,2673,2937,-264
112000138,2392,1690,702
112000139,923,685,238
112000140,705,933,-228
112000141,1041,377,664
112000142,136,423,-287
112000143,1349,205,1144
112000144,330,758,-428
112000145,3213,499,2714
112000146,562,1302,-740
112000147,2967,1669,1298
112000148,1364,1928,-564
112000149,632,456,176
112000150,244,409,-165
112000151,297,227,70
112000152,549,337,212
112000153,139,187,-48
112000154,159,234,-75
112000155,133,104,29
112000157,651,625,26
112000158,323,371,-48
112000159,679,373,306
112000167,699,94,605
112000169,273,396,-123
112000173,1015,159,856
112000175,472,338,134
112000176,2153,2041,112
112000177,1003,251,752
112000178,112,257,-145
112000179,302,81,221
112000180,305,347,-42
112000181,1350,1393,-43
112000182,1709,1027,682
112000183,27,33,-6
112000184,413,288,125
112000185,688,360,328
112000187,6531,4106,2425
112000195,260,19,241
112000196,293,8,285
112000197,249,350,-101
112000198,53,402,-349
112000199,129,686,-557
112000202,558,1,557
112000216,82,237,-155
112000230,157,6,151
112000231,7,185,-178
112000256,82,278,-196
112000313,73,135,-62
112000314,117,43,74
112000337,256,611,-355
112000352,231,506,-275
112000392,1511,1345,166
112000398,1892,775,1117
112000399,1596,2785,-1189
112000400,1689,1877,-188
112000401,2455,1859,596
112000402,4448,4288,160
112000403,2121,3206,-1085
112000404,1186,1031,155
112000405,2465,3184,-719
112000406,2786,1571,1215
112000407,9747,9789,-42
112000408,7562,4233,3329
112000409,1428,3059,-1631
112000410,529,408,121
112000411,3570,2117,1453
112000412,1415,589,826
112000413,6179,7364,-1185
112000414,83,65,18
112000415,107,53,54
112000416,3175,1305,1870
112000417,346,117,229
112000421,89,81,8
112000422,353,250,103
112000424,1746,3155,-1409
112000425,441,487,-46
112000426,213,301,-88
112000427,0,16,-16
112000428,235,209,26
112000429,2194,1821,373
112000430,2494,2699,-205
112000431,100,185,-85
112000432,670,788,-118
112000433,375,811,-436
112000437,83,152,-69
112900001,97,5,92
112900002,640,663,-23
112900003,111,250,-139
112900004,66,209,-143
112900005,257,130,127
112900006,17,191,-174
112900007,75,132,-57
112900008,2,44,-42
112900009,394,166,228
112900010,491,768,-277
112900011,93,216,-123
112900012,0,35,-35
112900013,10,376,-366
112900014,8,242,-234
112900015,435,586,-151
112900016,5,213,-208
112900017,31,203,-172
112900018,1,167,-166
112900019,30,168,-138
112900020,380,893,-513
112900021,1,202,-201
112900022,26,68,-42
112900023,0,104,-104
112900024,25,211,-186
112900025,152,299,-147
112900026,6,151,-145
112900027,6,644,-638
112900028,27,122,-95
112900029,31,335,-304
112900030,81,109,-28
112900031,5,283,-278
112900032,276,187,89
112900034,1,41,-40
112900035,2,250,-248
112900036,37,149,-112
112900037,155,178,-23
112900038,1108,147,961
112900039,12,272,-260
112900040,18,820,-802
112900041,750,1175,-425
112900042,152,230,-78
112900043,61,54,7
112900044,515,491,24
112900045,201,302,-101
112900046,151,51,100
112900047,19,29,-10
112900049,340,80,260
112900050,41,612,-571
112900051,351,500,-149
112900052,11,541,-530
112900053,175,155,20
112900054,255,59,196
112900055,121,69,52
112900056,497,221,276
112900057,18,316,-298
112900058,372,469,-97
112900059,115,138,-23
112900060,39,118,-79
112900061,108,84,24
112900062,57,110,-53
112900063,79,36,43
112900064,168,255,-87
112900065,52,36,16
112900066,438,256,182
112900067,277,125,152
112900068,73,47,26
112900069,1753,914,839
112900071,41,13,28
112900072,396,2757,-2361
112900073,501,117,384
112900074,114,330,-216
112900075,1015,1150,-135
112900076,69,52,17
112900078,404,475,-71
112900079,300,23,277
112900080,86,3,83
112900081,56,254,-198
112900082,734,28,706
112900083,154,150,4
112900084,275,173,102
112900085,0,12,-12
112900086,105,2,103
112900087,1060,191,869
112900088,240,23,217
112900089,1537,37,1500
112900090,78,36,42
112900091,300,11,289
112900092,146,397,-251
112900093,1836,28,1808
112900094,106,6,100
112900095,85,1,84
112900096,831,241,590
112900097,133,290,-157
112900098,509,5,504
112900099,1265,33,1232
112900100,66,3,63
112900101,483,4,479
112900102,201,25,176
112900103,225,9,216
112900104,50,2,48
112900105,24,0,24
112900106,436,154,282
112900107,11,0,11
112900108,5,1,4
112900109,145,1,144
112900110,1605,17,1588
112900111,846,4,842
112900112,394,0,394
112900113,0,18,-18
112900114,163,33,130
112900115,1788,5,1783
112900116,181,60,121
112900117,53,39,14
112900118,29,76,-47
112900119,184,1,183
112900120,832,260,572
112900121,60,155,-95
112900122,11,91,-80
112900123,129,26,103
112900124,25,63,-38
112900125,89,483,-394
112900126,162,158,4
112900127,392,84,308
112900128,195,712,-517
112900129,1,596,-595
112900130,303,142,161
112900131,54,424,-370
112900132,129,603,-474
112900133,14,1470,-1456
112900134,1,242,-241
112900135,91,40,51
112900136,0,15,-15
112900137,2,356,-354
112900138,12,207,-195
112900139,185,1146,-961
112900140,0,55,-55
112900141,1142,66,1076
112900142,65,205,-140
112900143,38,422,-384
112900144,0,152,-152
112900145,32,380,-348
112900146,11,737,-726
112900147,3,1023,-1020
112900148,46,1,45
112900149,283,276,7
112900151,18,56,-38
112900152,4072,759,3313
112900153,1612,2815,-1203
112900154,0,86,-86
112900155,262,48,214
112900156,554,777,-223
112900157,309,17,292
112900158,107,18,89
112900159,310,173,137
112900160,69,230,-161
112900161,142,44,98
112900162,36,15,21
112900163,83,55,28
112900164,39,190,-151
112900165,145,36,109
112900166,21,77,-56
112900167,1,80,-79
112900168,7,6,1
112900169,11,34,-23
112900170,243,166,77
112900172,51,27,24
112900173,399,137,262
112900174,312,49,263
112900175,160,152,8
112900176,4,45,-41
112900177,262,67,195
112900178,844,3039,-2195
112900179,43,484,-441
112900180,2464,1598,866
112900181,794,5,789
112900182,102,684,-582
112900183,169,333,-164
112900184,478,439,39
112900185,288,884,-596
112900186,1516,1513,3
112900187,120,650,-530
112900188,740,2137,-1397
112900189,21,12,9
112900190,13,36,-23
112900192,863,946,-83
112900193,1610,494,1116
112900194,64,67,-3
112900195,1050,57,993
112900196,232,340,-108
112900197,233,351,-118
112900199,772,417,355
112900200,829,221,608
112900201,201,84,117
112900202,477,604,-127
112900203,367,228,139
112900204,885,595,290
112900205,7,3,4
112900206,46,78,-32
112900207,22,0,22
112900208,97,359,-262
112900209,388,334,54
112900210,0,9,-9
112900211,135,64,71
112900212,2,94,-92
112900213,44,19,25
112900214,16,6,10
112900215,25,111,-86
112900216,24,48,-24
112900217,14,57,-43
112900218,113,4,109
112900219,117,9,108
112900220,2,0,2
112900221,26,80,-54
112900222,0,40,-40
112900223,1505,25,1480
112900224,546,379,167
112900225,612,315,297
112900226,303,414,-111
112900227,930,728,202
112900228,79,58,21
112900229,282,22,260
112900230,7780,4712,3068
112900232,411,442,-31
112900233,66,117,-51
112900234,16,50,-34
112900235,126,24,102
112900236,377,10,367
112900237,200,86,114
112900238,9,25,-16
113000001,6363,4636,1727
113000002,4173,3195,978
113000003,1738,1437,301
113000004,1692,2168,-476
113000005,2027,939,1088
113000006,1197,1253,-56
113000007,2215,1024,1191
113000008,1763,1445,318
113000009,1416,746,670
113000010,1248,1038,210
113000011,809,1304,-495
113000012,2568,888,1680
113000013,1178,750,428
113000014,1223,1746,-523
113000015,426,326,100
113000016,362,1130,-768
113000017,94,327,-233
113000018,454,49,405
113000019,275,345,-70
113000020,422,71,351
113000021,1230,402,828
113000022,791,1094,-303
113000025,103,314,-211
113000026,518,506,12
113000027,662,676,-14
113000028,875,834,41
113000029,1079,616,463
113000030,362,572,-210
113000031,195,268,-73
113000032,322,295,27
113000033,297,500,-203
113000034,270,312,-42
113000035,40,58,-18
113000036,46,89,-43
113000037,83,37,46
113000038,46,94,-48
113000039,68,461,-393
113000040,75,108,-33
113000042,665,558,107
113000051,1062,2319,-1257
113000052,2089,746,1343
113000053,538,383,155
113000054,500,687,-187
113000055,1486,479,1007
113000056,1194,732,462
113000058,721,823,-102
113000059,1339,582,757
113000060,317,513,-196
113000061,495,720,-225
113000062,634,286,348
113000063,282,65,217
113000064,53,210,-157
113000065,211,608,-397
113000066,986,114,872
113000067,2868,1016,1852
113000068,441,870,-429
113000069,607,782,-175
113000070,3431,823,2608
113000071,537,518,19
113000072,1042,413,629
113000073,446,1195,-749
113000074,1120,448,672
113000075,1812,675,1137
113000076,515,1909,-1394
113000077,1210,722,488
113000078,658,2495,-1837
113000079,671,1052,-381
113000080,614,802,-188
113000081,1034,1042,-8
113000082,1236,1026,210
113000083,574,865,-291
113000084,1781,1341,440
113000085,937,672,265
113000086,1084,1185,-101
113000087,1092,955,137
113000088,2199,1459,740
113000089,982,1502,-520
113000090,272,663,-391
113000091,390,387,3
113000094,1527,254,1273
113000095,312,613,-301
113000096,149,652,-503
113000097,1111,395,716
113000098,186,58,128
113000099,1783,441,1342
113000100,133,367,-234
113000101,362,496,-134
113000102,715,474,241
113000103,1951,429,1522
113000104,659,2340,-1681
113000105,1295,658,637
113000106,376,510,-134
113000107,1084,699,385
113000108,927,845,82
113000109,623,1775,-1152
113000110,2176,523,1653
113000111,118,667,-549
113000112,260,318,-58
113000113,1553,290,1263
113000114,362,1960,-1598
113000116,821,394,427
113000117,1161,270,891
113000118,70,673,-603
113000119,684,606,78
113000120,99,292,-193
113000121,735,1409,-674
113000124,239,145,94
113000125,84,1039,-955
113000127,1837,282,1555
113000128,563,540,23
113000129,572,766,-194
113000133,1852,1608,244
113000134,5,1114,-1109
113000135,4380,5035,-655
113000137,1690,3887,-2197
113000139,346,325,21
113000140,125,204,-79
113000141,299,293,6
113000142,667,1623,-956
113000143,305,207,98
113000144,235,652,-417
113000145,81,120,-39
113000146,165,59,106
113000147,253,99,154
113000148,258,162,96
113000149,156,152,4
113000150,702,246,456
113000151,73,48,25
113000152,53,110,-57
113000153,1487,614,873
113000154,862,1702,-840
113000155,387,695,-308
113000156,158,391,-233
113000157,227,815,-588
113000158,734,249,485
113000159,1144,601,543
113000160,599,947,-348
113000161,311,324,-13
113000162,1011,375,636
113000163,125,57,68
113000164,26,74,-48
113000166,227,95,132
113000167,51,80,-29
113000168,87,100,-13
113000169,229,71,158
113000170,84,119,-35
113000171,71,87,-16
113000172,355,81,274
113000173,96,29,67
113000174,100,283,-183
113000175,461,106,355
113000176,637,164,473
113000177,163,393,-230
113000178,176,280,-104
113000179,353,132,221
113000180,701,1185,-484
113000181,1066,750,316
113000182,149,438,-289
113000183,124,578,-454
113000184,23,114,-91
113000189,389,983,-594
113000190,669,589,80
113000192,858,2943,-2085
113000193,3010,1962,1048
113000194,992,1074,-82
113000195,2220,1457,763
113000196,245,68,177
113000197,1572,1653,-81
113000198,74,260,-186
113000199,2017,495,1522
113000201,209,288,-79
113000202,4211,1330,2881
113000203,114,98,16
113000204,878,2535,-1657
113000205,15,25,-10
113000206,4,27,-23
113000207,50,28,22
113000208,54,35,19
113000209,16,31,-15
113000210,4,35,-31
113000211,116,234,-118
113000212,65,26,39
113000213,53,224,-171
113000214,172,235,-63
113000234,204,651,-447
113000410,160,296,-136
113000411,2754,4850,-2096
113000412,4990,2289,2701
113000413,1875,2945,-1070
113000414,4618,15163,-10545
113000415,2409,2763,-354
113000416,7010,3951,3059
113000417,2655,2852,-197
113000418,5356,4159,1197
113000419,2170,2453,-283
113000420,4753,7208,-2455
113000421,4815,8052,-3237
113000422,12374,12062,312
113000423,1898,5944,-4046
113000424,3365,10311,-6946
113000425,8,98,-90
113000428,73,49,24
113000430,7,70,-63
113000432,2132,143,1989
113000433,96,655,-559
113000434,14,108,-94
113000435,16,347,-331
113000436,34,751,-717
113000437,1376,25,1351
113000438,295,6,289
113000439,36,74,-38
113000440,138,27,111
113000441,210,129,81
113000442,126,114,12
113000443,347,143,204
113000444,279,109,170
113000445,98,63,35
113000446,33,84,-51
113000448,250,254,-4
113000449,139,653,-514
113000450,593,1927,-1334
113000451,1037,214,823
113000452,318,379,-61
113000453,39,315,-276
113000454,465,21,444
113000455,7,405,-398
113000456,3924,2789,1135
113000468,1126,192,934
113000469,65,213,-148
113000470,365,37,328
113000471,12,318,-306
113000472,103,257,-154
113000474,729,475,254
113000475,1525,1756,-231
113000476,1831,1854,-23
113000477,4129,1768,2361
113000478,3729,4059,-330
113000479,98,117,-19
113000480,125,321,-196
113000481,0,0,0
113000482,0,0,0
113000483,0,0,0
113000485,1,0,1
113000486,2,0,2
113000487,0,0,0
113000488,0,0,0
113000489,0,1,-1
113000490,0,4,-4
113000491,11,5,6
113000492,1,4,-3
113000493,0,0,0
113000495,107,93,14
113000496,65,71,-6
113000497,0,0,0
113000498,0,0,0
113000499,0,0,0
113000500,0,2,-2
113900001,1,218,-217
113900002,3,53,-50
113900003,0,41,-41
113900004,0,52,-52
113900005,2,57,-55
113900006,1,7,-6
113900007,33,29,4
113900008,22,0,22
113900009,68,1,67
113900010,47,1,46
113900011,65,0,65
113900012,58,0,58
113900013,151,1,150
113900014,576,2,574
113900015,1,47,-46
113900016,44,0,44
113900017,8,40,-32
113900018,348,258,90
113900019,194,53,141
113900020,192,2,190
113900022,74,2,72
113900023,43,0,43
113900024,44,31,13
113900025,250,38,212
113900026,89,1,88
113900027,2,32,-30
113900028,23,307,-284
113900029,78,121,-43
113900030,299,2,297
113900031,19,2,17
113900032,37,0,37
113900033,76,57,19
113900035,66,0,66
113900036,18,50,-32
113900037,217,284,-67
113900038,27,126,-99
113900039,257,48,209
113900040,12,39,-27
113900041,15,6,9
113900042,76,44,32
113900043,157,118,39
113900044,225,340,-115
113900045,68,1,67
113900046,525,536,-11
113900047,61,80,-19
113900048,154,127,27
113900049,370,372,-2
113900050,299,286,13
113900051,219,291,-72
113900052,132,120,12
113900053,737,629,108
113900054,46,1,45
113900055,108,392,-284
113900056,45,121,-76
113900057,19,69,-50
113900058,112,85,27
113900059,334,277,57
113900060,106,325,-219
113900061,704,203,501
113900062,118,28,90
113900063,110,98,12
113900064,17,83,-66
113900065,522,16,506
113900066,488,225,263
113900067,303,418,-115
113900068,585,530,55
113900069,55,40,15
113900070,182,332,-150
113900071,68,58,10
113900072,62,148,-86
113900073,269,261,8
113900074,742,721,21
113900075,1201,1407,-206
113900076,204,17,187
113900077,53,136,-83
113900078,46,52,-6
113900079,0,18,-18
113900080,608,198,410
113900081,68,140,-72
113900082,132,217,-85
113900083,436,206,230
113900084,247,145,102
113900085,38,229,-191
113900086,52,14,38
113900087,112,141,-29
113900088,73,90,-17
113900089,455,74,381
113900090,740,414,326
113900091,25,11,14
113900092,34,78,-44
113900093,68,964,-896
113900094,593,293,300
113900095,187,171,16
113900096,298,80,218
113900097,24,113,-89
113900098,894,101,793
113900099,1,23,-22
113900100,1,2,-1
113900101,4,84,-80
113900102,103,175,-72
113900103,290,401,-111
113900104,146,206,-60
113900105,115,119,-4
113900106,0,31,-31
113900107,3,21,-18
113900108,161,283,-122
113900109,323,245,78
113900110,88,16,72
113900111,163,71,92
113900112,148,37,111
113900113,1162,428,734
113900114,4,47,-43
113900115,0,66,-66
113900116,85,181,-96
113900117,90,25,65
113900118,258,660,-402
113900119,152,462,-310
113900120,51,32,19
113900121,89,83,6
113900122,575,2748,-2173
113900123,572,215,357
113900124,0,62,-62
113900125,661,131,530
113900126,95,44,51
113900127,356,735,-379
113900128,153,67,86
113900129,8,180,-172
113900130,7,266,-259
113900131,358,62,296
113900132,38,88,-50
113900133,25,77,-52
113900135,234,218,16
113900136,148,72,76
113900137,345,300,45
113900138,63,249,-186
113900139,221,204,17
113900140,166,443,-277
113900141,658,194,464
113900142,161,50,111
113900143,20,59,-39
113900144,244,469,-225
113900145,428,110,318
113900146,238,49,189
113900148,125,414,-289
113900149,190,92,98
113900150,446,498,-52
113900151,493,184,309
113900152,57,92,-35
113900153,146,663,-517
113900154,2,129,-127
113900155,176,221,-45
113900156,196,375,-179
113900157,85,369,-284
113900158,364,806,-442
113900159,18,218,-200
113900160,396,490,-94
113900161,74,221,-147
113900162,493,1478,-985
113900163,233,226,7
113900164,312,44,268
113900165,758,352,406
113900166,153,186,-33
113900167,303,46,257
113900168,95,63,32
113900169,247,294,-47
113900171,259,92,167
113900172,9,95,-86
113900173,27,421,-394
113900174,484,579,-95
113900175,367,152,215
113900176,488,425,63
113900177,327,189,138
113900178,320,126,194
113900179,32,261,-229
113900180,150,77,73
113900181,1224,125,1099
113900182,786,732,54
113900183,66,72,-6
113900184,10,273,-263
113900185,160,79,81
113900186,52,51,1
113900187,37,122,-85
113900188,44,193,-149
113900189,317,96,221
113900190,227,114,113
113900191,127,192,-65
113900192,8,842,-834
113900193,13,207,-194
113900194,1339,801,538
113900195,286,304,-18
113900196,14,208,-194
113900197,4,110,-106
113900198,31,209,-178
113900199,126,665,-539
113900200,30,222,-192
113900201,1,92,-91
113900202,20,295,-275
113900203,2,57,-55
113900204,42,419,-377
113900205,6,126,-120
113900206,10,159,-149
113900207,0,36,-36
113900208,0,43,-43
113900209,0,49,-49
113900210,563,846,-283
113900211,198,77,121
113900212,242,322,-80
113900214,402,442,-40
113900215,64,85,-21
113900216,219,450,-231
113900217,79,161,-82
113900218,163,64,99
113900219,128,327,-199
113900220,125,139,-14
113900221,463,432,31
113900222,187,591,-404
113900223,220,481,-261
113900224,72,49,23
113900225,821,210,611
113900226,463,170,293
113900227,375,245,130
113900228,363,589,-226
113900229,64,1089,-1025
113900230,3940,4083,-143
113900231,215,174,41
113900232,86,72,14
113900233,118,59,59
113900234,440,454,-14
113900235,99,30,69
113900236,192,212,-20
113900237,255,16,239
113900238,278,554,-276
113900239,66,117,-51
113900240,8,230,-222
113900241,106,68,38
113900242,33,135,-102
113900243,94,345,-251
113900244,337,208,129
113900245,926,277,649
113900246,16,23,-7
113900247,133,524,-391
113900248,2013,2215,-202
113900249,839,499,340
113900250,85,209,-124
113900251,862,118,744
113900252,669,21,648
113900253,754,60,694
113900254,951,160,791
113900255,626,19,607
113900256,412,29,383
113900257,28,266,-238
113900258,23,287,-264
113900259,657,122,535
113900260,313,12,301
113900261,54,75,-21
113900262,146,376,-230
113900263,100,617,-517
113900264,2,349,-347
113900265,147,256,-109
113900266,47,171,-124
113900267,101,426,-325
113900268,327,422,-95
113900269,63,163,-100
113900270,224,720,-496
113900271,709,857,-148
113900273,85,29,56
113900274,79,48,31
113900275,20,71,-51
113900276,0,112,-112
113900277,204,24,180
113900278,310,192,118
113900279,54,91,-37
113900280,1511,469,1042
113900281,657,1336,-679
113900282,733,726,7
113900283,435,459,-24
113900284,915,227,688
113900285,172,32,140
113900286,124,91,33
113900287,70,65,5
113900288,7,137,-130
113900289,627,142,485
113900290,185,330,-145
113900291,64,168,-104
113900292,11,6,5
113900293,3,212,-209
113900294,550,23,527
113900295,440,393,47
113900296,1768,459,1309
113900297,2363,52,2311
113900298,24,1541,-1517
113900299,112,96,16
113900300,3577,4517,-940
113900301,626,418,208
113900302,1790,997,793
113900303,373,519,-146
113900304,1,89,-88
113900305,175,0,175
113900306,87,0,87
113900307,47,1,46
113900308,106,103,3
113900309,1,436,-435
113900310,4,10,-6
113900311,2,1,1
113900312,214,189,25
113900313,18,8,10
114000001,1040,1931,-891
114000002,325,288,37
114000003,59,325,-266
114000004,367,301,66
114000005,336,191,145
114000006,2190,1803,387
114000007,803,1183,-380
114000008,1446,1992,-546
114000009,1045,248,797
114000011,3308,2025,1283
114000012,3325,1410,1915
114000013,2095,1293,802
114000014,514,177,337
114000015,2222,304,1918
114000016,263,178,85
114000017,137,474,-337
114000018,166,62,104
114000026,2416,1050,1366
114000027,4134,2142,1992
114000028,2928,2875,53
114000038,272,109,163
114000039,102,53,49
114000040,182,219,-37
114000042,294,144,150
114000043,52,61,-9
114000044,391,31,360
114000045,51,45,6
114000046,2682,4095,-1413
114000047,9,82,-73
114000048,116,29,87
114000049,1922,1609,313
114000050,2044,1809,235
114000051,3319,1944,1375
114000052,4257,1899,2358
114000053,119,716,-597
114000054,218,755,-537
114000055,269,33,236
114000056,630,1093,-463
114000057,4095,1915,2180
114000058,355,1693,-1338
114000059,160,377,-217
114000060,570,724,-154
114000061,2526,3156,-630
114000062,1540,1895,-355
114000063,1861,1359,502
114000064,3774,3688,86
114000065,1436,1998,-562
114000066,455,608,-153
114000067,50,1007,-957
114000068,562,659,-97
114000069,1167,590,577
114000070,2374,1634,740
114000071,875,501,374
114000072,508,215,293
114000073,11,32,-21
114000074,100,15,85
114000075,90,62,28
114000076,35,67,-32
114000077,7,28,-21
114000078,314,442,-128
114000079,183,27,156
114000080,57,81,-24
114000081,98,83,15
114000082,40,309,-269
114000083,80,169,-89
114000084,369,110,259
114000085,90,431,-341
114000086,195,298,-103
114000087,251,140,111
114000088,58,23,35
114000089,564,312,252
114000090,939,860,79
114000091,1620,886,734
114000092,1200,413,787
114000093,1718,645,1073
114000094,461,334,127
114000095,281,147,134
114000096,130,268,-138
114000097,114,371,-257
114000098,676,103,573
114000099,771,287,484
114000100,2112,499,1613
114000101,440,413,27
114000102,707,288,419
114000103,147,247,-100
114000104,37,186,-149
114000105,235,107,128
114000106,807,1649,-842
114000107,524,109,415
114000108,912,830,82
114000109,719,1218,-499
114000110,653,1030,-377
114000111,2362,950,1412
114000112,335,1117,-782
114000113,1104,398,706
114000114,1134,972,162
114000115,2236,1099,1137
114000116,936,2414,-1478
114000117,4077,572,3505
114000118,3479,487,2992
114000119,2240,493,1747
114000120,648,544,104
114000121,434,654,-220
114000122,469,274,195
114000123,2679,354,2325
114000124,1111,265,846
114000125,740,902,-162
114000126,2014,278,1736
114000127,436,211,225
114000128,1020,329,691
114000130,540,510,30
114000131,329,91,238
114000132,811,361,450
114000133,1061,1053,8
114000134,85,133,-48
114000138,63,143,-80
114000139,549,337,212
114000144,1065,619,446
114000145,123,137,-14
114000146,134,191,-57
114000147,1746,2152,-406
114000148,1666,2020,-354
114000149,381,297,84
114000150,408,612,-204
114000151,654,1748,-1094
114000152,129,38,91
114000153,661,2015,-1354
114000154,554,549,5
114000155,1255,2497,-1242
114000156,730,620,110
114000157,228,955,-727
114000158,1027,682,345
114000159,112,362,-250
114000160,95,369,-274
114000161,1327,3224,-1897
114000162,1314,2880,-1566
114000163,29,76,-47
114000165,653,313,340
114000166,655,479,176
114000167,2399,1310,1089
114000168,697,534,163
114000169,1603,1578,25
114000170,1370,1385,-15
114000171,1311,5128,-3817
114000174,239,418,-179
114000176,353,421,-68
114000177,1392,721,671
114000178,50,69,-19
114000179,1146,763,383
114000180,391,539,-148
114000181,1657,4060,-2403
114000182,1696,2104,-408
114000183,815,764,51
114000184,2356,793,1563
114000185,1163,793,370
114000189,1476,157,1319
114000190,3665,468,3197
114000191,72,147,-75
114000192,206,964,-758
114000193,476,1602,-1126
114000194,1361,691,670
114000195,225,71,154
114000196,1,128,-127
114000197,1786,13,1773
114000198,834,324,510
114000199,1834,1729,105
114000200,581,1245,-664
114000201,173,590,-417
114000202,894,422,472
114000203,491,511,-20
114000204,164,384,-220
114000205,246,985,-739
114000206,648,1019,-371
114000207,531,1234,-703
114000208,458,1712,-1254
114000209,475,1466,-991
114000210,212,850,-638
114000211,1249,1113,136
114000212,1002,709,293
114000213,1632,562,1070
114000214,119,194,-75
114000215,204,76,128
114000216,1444,411,1033
114000217,452,198,254
114000218,192,165,27
114000219,1271,198,1073
114000220,29,584,-555
114000221,904,152,752
114000222,122,681,-559
114000223,635,110,525
114000224,92,469,-377
114000225,285,417,-132
114000226,246,231,15
114000227,944,426,518
114000228,1067,536,531
114000229,1389,1123,266
114000230,1736,872,864
114000231,1226,1107,119
114000232,1002,156,846
114000233,2613,147,2466
114000234,1128,682,446
114000235,1155,1037,118
114000236,0,338,-338
114000237,111,661,-550
114000238,120,185,-65
114000239,170,845,-675
114000240,850,703,147
114000241,294,655,-361
114000242,739,596,143
114000243,1778,867,911
114000244,477,257,220
114000245,485,788,-303
114000246,108,45,63
114000247,585,517,68
114000248,1226,543,683
114000249,541,367,174
114000250,672,539,133
114000251,504,190,314
114000252,49,36,13
114000253,74,114,-40
114000254,74,62,12
114000255,514,219,295
114000256,954,2491,-1537
114000257,339,964,-625
114000258,348,283,65
114000259,115,134,-19
114000260,0,31,-31
114000261,46,36,10
114000262,316,120,196
114000263,11,1,10
114000264,1409,477,932
114000265,0,0,0
114000267,1,1361,-1360
114000268,1,1028,-1027
114000270,188,24,164
114000271,303,68,235
114000283,1425,356,1069
114000285,34,148,-114
114000288,91,248,-157
114000289,1895,129,1766
114000293,335,490,-155
114000294,210,349,-139
114000395,1324,82,1242
114000396,725,518,207
114000402,666,236,430
114000403,399,228,171
114000405,208,233,-25
114000423,362,264,98
114000424,531,135,396
114000425,1082,252,830
114000426,323,815,-492
114000427,83,65,18
114000428,137,137,0
114000429,9,142,-133
114000432,152,60,92
114000434,29,56,-27
114000435,18,100,-82
114900001,721,564,157
114900002,609,121,488
114900003,888,841,47
114900004,208,406,-198
114900005,602,598,4
114900006,74,90,-16
114900007,325,19,306
114900008,234,94,140
114900010,1396,1600,-204
114900011,289,156,133
114900013,259,151,108
114900015,114,484,-370
114900018,928,27,901
114900020,156,63,93
114900021,269,170,99
114900022,2,547,-545
114900024,295,147,148
114900025,601,169,432
114900026,91,168,-77
114900027,301,199,102
114900029,29,27,2
114900030,382,215,167
114900031,467,21,446
114900032,447,23,424
114900033,699,1171,-472
114900034,44,169,-125
114900035,108,271,-163
114900036,201,453,-252
114900037,118,133,-15
114900038,221,481,-260
114900039,592,348,244
114900040,88,100,-12
114900041,1010,329,681
114900042,1201,405,796
114900043,459,229,230
114900044,196,51,145
114900045,180,273,-93
114900046,41,84,-43
114900047,263,2648,-2385
114900048,118,208,-90
114900049,7,128,-121
114900050,81,257,-176
114900051,22,274,-252
114900052,63,265,-202
114900053,77,242,-165
114900054,45,106,-61
114900057,220,14,206
114900058,0,52,-52
114900059,129,48,81
114900060,677,676,1
114900061,139,109,30
114900062,221,305,-84
114900063,84,153,-69
114900064,1796,372,1424
114900065,435,696,-261
114900067,135,367,-232
114900068,48,119,-71
114900069,220,98,122
114900070,612,254,358
114900072,4,262,-258
114900073,2,118,-116
114900074,765,439,326
114900075,369,3,366
114900076,16,266,-250
114900080,1353,293,1060
114900082,2829,2294,535
114900083,979,1086,-107
114900084,97,36,61
114900090,470,208,262
114900091,105,197,-92
114900095,223,94,129
114900096,402,491,-89
114900097,139,1,138
114900098,11,135,-124
114900099,283,5,278
115000001,4539,2797,1742
115000002,4712,5097,-385
115000003,4489,2282,2207
115000004,5713,6948,-1235
115000005,1575,1921,-346
115000006,1142,1489,-347
115000007,151,207,-56
115000008,356,401,-45
115000009,246,260,-14
115000010,301,167,134
115000013,70,211,-141
115000015,52,315,-263
115000016,195,398,-203
115000019,208,538,-330
115000020,120,856,-736
115000021,260,376,-116
115000022,546,346,200
115000023,439,770,-331
115000024,1063,369,694
115000025,1035,765,270
115000026,238,357,-119
115000027,366,321,45
115000028,324,747,-423
115000029,835,108,727
115000030,1027,988,39
115000031,1665,420,1245
115000032,5,218,-213
115000033,189,47,142
115000034,55,1122,-1067
115000035,1251,93,1158
115000036,1,324,-323
115000037,703,19,684
115000038,71,159,-88
115000039,3156,3848,-692
115000040,4220,2614,1606
115000041,1327,3765,-2438
115000042,890,556,334
115000043,4448,2380,2068
115000044,3726,3191,535
115000045,2551,1284,1267
115000046,2903,2266,637
115000047,2686,1288,1398
115000048,1695,1956,-261
115000049,1604,2800,-1196
115000050,3555,1635,1920
115000051,1569,3222,-1653
115000052,1676,1444,232
115000053,2067,1816,251
115000054,607,954,-347
115000055,197,926,-729
115000056,233,468,-235
115000057,541,1101,-560
115000058,330,467,-137
115000059,230,186,44
115000061,152,164,-12
115000062,223,271,-48
115000063,589,299,290
115000064,223,110,113
115000065,69,572,-503
115000067,172,18,154
115000069,60,406,-346
115000070,26,926,-900
115000071,124,13,111
115000072,12,62,-50
115000073,1737,64,1673
115000075,139,62,77
115000076,2845,2454,391
115000077,2315,1632,683
115000078,1436,998,438
115000079,1462,1231,231
115000080,2839,1689,1150
115000081,434,761,-327
115000082,4849,3688,1161
115000083,2244,1534,710
115000084,2990,1002,1988
115000085,918,749,169
115000086,1389,671,718
115000087,394,1259,-865
115000088,1960,593,1367
115000089,1362,1245,117
115000090,574,830,-256
115000091,248,655,-407
115000092,690,387,303
115000093,575,8,567
115000094,5376,6121,-745
115000095,3960,6854,-2894
115000096,891,992,-101
115000097,1349,1050,299
115000098,1490,597,893
115000099,2908,2079,829
115000100,1373,307,1066
115000101,517,1083,-566
115000102,538,273,265
115000103,323,486,-163
115000105,50,84,-34
115000106,790,316,474
115000107,244,319,-75
115000108,2546,1781,765
115000109,3893,5226,-1333
115000110,1604,1756,-152
115000111,716,1336,-620
115000112,1099,684,415
115000113,891,723,168
115000114,1535,646,889
115000116,3898,2230,1668
115000117,3212,3025,187
115000118,2495,1807,688
115000119,1850,2233,-383
115000120,556,1701,-1145
115000121,976,1000,-24
115000122,2620,2394,226
115000123,1390,3151,-1761
115000124,817,1025,-208
115000125,523,664,-141
115000126,139,342,-203
115000127,378,174,204
115000128,367,787,-420
115000129,313,398,-85
115000130,451,587,-136
115000131,890,229,661
115000132,295,234,61
115000133,600,242,358
115000134,380,212,168
115000135,306,142,164
115000136,297,246,51
115000137,129,158,-29
115000138,459,242,217
115000139,341,190,151
115000140,461,196,265
115000141,175,212,-37
115000142,202,178,24
115000143,1002,552,450
115000144,504,65,439
115000145,268,184,84
115000146,513,322,191
115000147,342,377,-35
115000148,345,687,-342
115000149,808,295,513
115000150,712,537,175
115000151,1362,469,893
115000152,807,625,182
115000153,1472,553,919
115000154,1020,267,753
115000155,685,671,14
115000156,1302,711,591
115000157,678,719,-41
115000158,611,382,229
115000159,630,672,-42
115000160,658,767,-109
115000161,602,462,140
115000162,666,886,-220
115000163,578,617,-39
115000164,786,519,267
115000165,401,575,-174
115000167,158,48,110
115000168,470,360,110
115000169,481,369,112
115000170,110,154,-44
115000171,253,260,-7
115000172,927,830,97
115000173,328,840,-512
115000174,331,538,-207
115000175,270,341,-71
115000176,269,171,98
115000177,268,188,80
115000178,16,204,-188
115000179,38,43,-5
115000180,140,395,-255
115000181,856,99,757
115000182,1144,219,925
115000183,452,696,-244
115000186,687,269,418
115000187,204,588,-384
115000188,356,506,-150
115000189,304,457,-153
115000190,669,560,109
115000191,165,650,-485
115000194,179,178,1
115000195,348,283,65
115000196,253,79,174
115000197,244,186,58
115000198,537,147,390
115000199,381,132,249
115000200,431,101,330
115000201,188,277,-89
115000206,479,69,410
115000207,252,309,-57
115000208,339,521,-182
115000209,682,358,324
115000210,211,106,105
115000211,224,220,4
115000212,1300,362,938
115000218,73,126,-53
115000219,42,38,4
115000224,328,50,278
115000225,53,76,-23
115000229,172,84,88
115000230,144,292,-148
115000231,280,1012,-732
115000232,1829,272,1557
115000233,123,186,-63
115000234,25,281,-256
115000241,81,152,-71
115000242,146,182,-36
115000243,52,141,-89
115000244,15,80,-65
115000246,26,25,1
115000247,39,16,23
115000248,44,24,20
115000249,33,14,19
115000250,245,19,226
115000251,278,104,174
115000252,129,167,-38
115000253,19,410,-391
115000258,361,128,233
115000259,309,118,191
115000261,31,24,7
115000262,34,27,7
115000263,23,35,-12
115000264,49,21,28
115000267,80,59,21
115000268,44,104,-60
115000269,116,68,48
115000270,6,26,-20
115000272,87,116,-29
115000273,496,43,453
115000274,428,113,315
115000280,1708,642,1066
115000281,412,1307,-895
115000282,945,1081,-136
115000284,201,205,-4
115000296,976,5,971
115000297,141,341,-200
115000298,61,656,-595
115000300,227,190,37
115000302,500,111,389
115000303,899,87,812
115000304,957,67,890
115000305,166,483,-317
115000306,312,199,113
115000307,138,165,-27
115000308,13,15,-2
115000310,1227,593,634
115000311,1263,1017,246
115000313,117,424,-307
115000314,532,133,399
115000315,645,406,239
115000316,72,112,-40
115000317,216,324,-108
115000318,1030,364,666
115000319,52,242,-190
115000320,19,303,-284
115000321,365,18,347
115000322,44,177,-133
115000449,234,148,86
115000557,28,1645,-1617
115000558,291,119,172
115000587,644,331,313
115000588,1877,2441,-564
115000589,4049,2155,1894
115000590,1281,1372,-91
115000591,2091,701,1390
115000592,717,1979,-1262
115000593,1718,615,1103
115000594,646,2479,-1833
115000609,144,104,40
115000617,1180,4054,-2874
115000624,222,28,194
115000633,616,1899,-1283
115000634,2871,880,1991
115000635,674,109,565
115000638,522,518,4
115000641,74,116,-42
115000642,463,265,198
115000643,163,445,-282
115000644,140,361,-221
115000646,1039,1455,-416
115000647,159,486,-327
115000648,2554,1375,1179
115000893,2098,1373,725
115000894,162,875,-713
115000895,301,616,-315
115000896,1027,301,726
115000897,499,143,356
115000898,671,252,419
115000899,321,1195,-874
115000900,75,273,-198
115000901,51,119,-68
115000912,355,105,250
115000913,20,18,2
115000915,12,0,12
115000916,17,3,14
115000917,0,0,0
115000918,121,763,-642
115000919,5,10,-5
115000920,8,63,-55
115000921,497,115,382
115000922,459,666,-207
115000923,166,859,-693
115000925,88,113,-25
115000927,35,57,-22
115000933,77,154,-77
115900001,189,26,163
115900002,101,123,-22
115900003,214,77,137
115900004,0,24,-24
115900005,209,19,190
115900006,123,179,-56
115900008,110,6,104
115900009,104,175,-71
115900010,483,118,365
115900011,599,313,286
115900012,191,33,158
115900013,420,161,259
115900014,139,171,-32
115900015,148,40,108
115900016,89,27,62
115900017,25,7,18
115900018,127,75,52
115900019,409,11,398
115900020,121,3,118
115900021,1174,871,303
115900022,672,19,653
115900023,19,8,11
115900025,30,236,-206
115900026,841,167,674
115900027,2,195,-193
115900028,657,49,608
115900029,18,286,-268
115900030,53,22,31
115900031,184,347,-163
115900032,425,566,-141
115900033,2,56,-54
115900034,20,302,-282
115900035,48,17,31
115900036,41,1110,-1069
115900037,60,257,-197
115900038,84,8,76
115900039,212,136,76
115900041,268,730,-462
115900042,38,7,31
115900043,100,47,53
115900044,219,368,-149
115900046,396,197,199
115900047,178,186,-8
115900049,207,157,50
115900051,2,27,-25
115900052,14,118,-104
115900053,305,163,142
115900054,294,40,254
115900055,34,75,-41
115900056,233,197,36
115900057,88,16,72
115900058,41,29,12
115900060,235,170,65
115900061,290,4,286
115900062,65,183,-118
115900063,65,8,57
115900064,206,234,-28
115900065,142,99,43
115900066,109,94,15
115900067,11,314,-303
115900068,1903,1038,865
115900069,78,135,-57
115900070,208,87,121
115900071,0,263,-263
115900072,53,130,-77
115900073,75,95,-20
115900074,3,185,-182
115900075,30,218,-188
115900076,6,38,-32
115900077,3,141,-138
115900078,25,130,-105
115900079,356,7,349
115900080,257,182,75
115900081,16,43,-27
115900082,143,153,-10
115900084,668,22,646
115900085,33,65,-32
115900086,1372,514,858
115900088,19,39,-20
115900089,399,443,-44
115900090,489,19,470
115900091,14,24,-10
115900092,36,83,-47
115900093,6,17,-11
115900094,5,142,-137
115900096,8,11,-3
115900097,10,214,-204
115900098,241,213,28
115900099,46,43,3
115900100,16,316,-300
115900101,172,214,-42
115900102,98,68,30
115900103,315,145,170
115900104,87,82,5
115900105,322,397,-75
115900106,129,17,112
115900107,71,71,0
115900108,181,26,155
115900109,42,298,-256
115900110,8,12,-4
115900111,0,70,-70
115900112,30,737,-707
115900113,60,19,41
115900114,5,106,-101
115900115,124,193,-69
115900116,96,713,-617
115900117,121,8,113
115900118,4,155,-151
115900119,181,153,28
115900120,35,221,-186
115900121,297,157,140
115900124,300,690,-390
115900125,398,40,358
115900126,863,71,792
115900127,828,64,764
115900128,12,267,-255
115900129,917,49,868
115900130,25,207,-182
115900131,365,36,329
115900132,687,8,679
115900134,388,14,374
115900135,433,1399,-966
115900137,24,6,18
115900139,118,256,-138
115900140,320,29,291
115900141,22,136,-114
115900142,48,82,-34
115900143,293,644,-351
115900144,106,279,-173
115900146,18,61,-43
115900147,216,296,-80
115900148,113,10,103
115900149,161,21,140
115900150,109,24,85
115900151,19,88,-69
115900152,158,277,-119
115900153,143,188,-45
115900154,433,322,111
115900155,0,35,-35
115900156,816,1071,-255
115900157,238,470,-232
115900158,10,7,3
115900159,179,169,10
115900160,7,3,4
115900161,267,233,34
115900163,313,159,154
115900164,830,23,807
115900165,0,160,-160
115900166,190,105,85
115900168,140,161,-21
115900171,145,302,-157
115900172,56,139,-83
115900173,252,129,123
115900174,242,167,75
115900175,159,191,-32
115900178,8,407,-399
115900179,388,20,368
115900180,26,74,-48
115900181,229,113,116
115900182,545,151,394
115900183,153,183,-30
115900184,1074,14,1060
115900187,10,108,-98
115900189,2,376,-374
115900190,475,1503,-1028
115900191,25,271,-246
115900192,11,158,-147
115900193,123,70,53
115900194,813,65,748
115900195,572,2313,-1741
115900198,204,301,-97
115900199,231,171,60
115900200,220,237,-17
115900201,305,359,-54
115900202,3,86,-83
115900203,4,16,-12
115900204,0,3,-3
115900205,34,15,19
115900206,301,169,132
115900207,45,6,39
115900208,143,94,49
115900209,8,124,-116
115900210,6,142,-136
115900211,2,187,-185
115900212,230,211,19
115900213,131,120,11
115900214,474,128,346
115900215,38,176,-138
115900216,3,94,-91
115900217,6,26,-20
115900218,5,26,-21
115900219,129,7,122
115900220,273,7,266
115900221,146,11,135
115900222,95,40,55
115900223,6,384,-378
115900224,674,1373,-699
115900225,46,62,-16
115900226,10,39,-29
115900227,30,35,-5
115900228,9,52,-43
115900229,8,46,-38
115900230,31,101,-70
115900231,121,1,120
115900232,38,1,37
115900233,108,17,91
115900234,51,34,17
115900235,20,23,-3
115900236,15,17,-2
115900237,22,22,0
115900238,17,22,-5
115900239,20,38,-18
115900240,6,63,-57
115900241,351,93,258
115900242,235,345,-110
115900243,16,23,-7
115900244,18,18,0
115900245,2,10,-8
115900246,10,19,-9
115900247,18,11,7
115900248,23,5,18
115900249,5,28,-23
115900250,16,18,-2
115900251,3,8,-5
115900252,0,4,-4
115900253,12,24,-12
115900254,19,16,3
115900255,1,14,-13
115900256,9,16,-7
115900257,3,2,1
115900258,0,1,-1
115900259,4,3,1
115900260,8,0,8
115900261,9,1,8
115900262,3,0,3
115900263,8,0,8
115900264,21,1,20
115900265,3,5,-2
115900266,2,10,-8
115900267,6,9,-3
115900268,6,7,-1
115900269,547,271,276
115900270,397,191,206
116000001,8501,3654,4847
116000002,5054,13986,-8932
116000003,1589,1281,308
116000004,2974,4507,-1533
116000005,1584,2974,-1390
116000006,2552,3063,-511
116000007,2862,4446,-1584
116000008,5402,3712,1690
116000009,1295,1805,-510
116000010,2624,2131,493
116000011,925,1753,-828
116000012,2045,1256,789
116000013,6266,3670,2596
116000014,8274,15163,-6889
116000015,269,1900,-1631
116000016,5340,4875,465
116000017,57,857,-800
116000018,690,339,351
116000019,1208,397,811
116000020,636,1011,-375
116000021,593,355,238
116000022,413,292,121
116000023,1473,955,518
116000024,705,725,-20
116000025,1055,867,188
116000026,1838,2535,-697
116000027,951,733,218
116000028,496,1073,-577
116000029,615,672,-57
116000030,838,444,394
116000031,280,282,-2
116000032,169,168,1
116000033,254,174,80
116000034,894,511,383
116000035,232,889,-657
116000036,1761,2018,-257
116000037,588,601,-13
116000038,314,508,-194
116000039,489,588,-99
116000040,760,383,377
116000041,184,514,-330
116000042,783,347,436
116000043,157,1147,-990
116000044,2,33,-31
116000045,2061,2080,-19
116000046,1128,2034,-906
116000047,1664,2232,-568
116000048,2138,1820,318
116000049,1546,2882,-1336
116000050,1627,1250,377
116000051,6805,2554,4251
116000052,5998,5047,951
116000053,2490,715,1775
116000054,785,2408,-1623
116000055,815,759,56
116000056,888,1062,-174
116000057,2955,1622,1333
116000058,3355,3225,130
116000059,3337,5443,-2106
116000060,2076,974,1102
116000061,291,1174,-883
116000062,560,242,318
116000063,564,1358,-794
116000066,268,684,-416
116000067,239,443,-204
116000068,196,313,-117
116000069,288,303,-15
116000078,737,1258,-521
116000080,2118,854,1264
116000082,15,43,-28
116000083,1968,394,1574
116000084,1918,2928,-1010
116000085,2386,2046,340
116000086,1422,784,638
116000087,2353,1602,751
116000088,688,875,-187
116000089,139,91,48
116000090,118,155,-37
116000091,454,288,166
116000093,1283,749,534
116000094,957,487,470
116000095,1033,687,346
116000096,988,1750,-762
116000097,1101,582,519
116000098,42,7439,-7397
116000099,5652,172,5480
116000100,301,14,287
116000101,1082,556,526
116000102,241,744,-503
116000103,491,294,197
116000104,212,948,-736
116000105,1474,175,1299
116000106,543,950,-407
116000107,3047,295,2752
116000108,222,171,51
116000111,176,30,146
116000113,167,78,89
116000114,34,148,-114
116000115,489,106,383
116000116,219,310,-91
116000117,1922,1743,179
116000118,1682,1083,599
116000119,4249,1819,2430
116000120,2824,2890,-66
116000121,1200,536,664
116000122,1177,1247,-70
116000123,1624,481,1143
116000124,425,789,-364
116000125,3612,764,2848
116000126,330,1139,-809
116000127,954,936,18
116000128,2348,949,1399
116000129,1614,226,1388
116000130,643,584,59
116000133,1431,702,729
116000134,1724,1438,286
116000135,3344,1238,2106
116000136,913,1517,-604
116000137,1466,1005,461
116000138,1153,657,496
116000139,1886,2486,-600
116000140,237,216,21
116000141,327,493,-166
116000142,2908,2177,731
116000143,1924,1934,-10
116000144,1678,1573,105
116000145,2115,1115,1000
116000146,762,130,632
116000147,231,173,58
116000148,664,568,96
116000149,702,762,-60
116000151,564,395,169
116000153,122,371,-249
116000155,213,281,-68
116000156,928,1019,-91
116000157,79,8,71
116000158,287,354,-67
116000159,13,9,4
116000160,11,46,-35
116000161,4,80,-76
116000162,91,106,-15
116000163,42,10,32
116000164,16,17,-1
116000177,189,73,116
116000194,96,378,-282
116000195,1421,693,728
116000196,33,5,28
116000197,16,9,7
116000198,2892,1298,1594
116000200,738,591,147
116000201,814,685,129
116000202,4,200,-196
116000203,2,75,-73
116000204,7,53,-46
116000205,1,117,-116
116000206,5,98,-93
116000207,16,52,-36
116000233,255,359,-104
116000287,204,275,-71
116000288,393,217,176
116000292,83,99,-16
116000296,16,130,-114
116000297,74,21,53
116000304,351,8,343
116000305,9,156,-147
116000346,205,80,125
116000352,116,34,82
116000354,48,43,5
116000357,21,46,-25
116000358,416,68,348
116000361,55,0,55
116000372,3614,5218,-1604
116000381,126,0,126
116000388,0,30,-30
116000389,967,598,369
116000445,569,316,253
116000446,691,381,310
116000447,17,531,-514
116000448,492,156,336
116000563,1027,1188,-161
116000565,57,298,-241
116000568,75,415,-340
116000579,40,120,-80
116000584,22,6,16
116000585,42,22,20
116000586,53,101,-48
116000587,454,559,-105
116000589,45,60,-15
116000590,101,84,17
116000591,267,202,65
116000592,18,103,-85
116000593,3,47,-44
116000594,832,353,479
116000595,707,158,549
116000596,108,3,105
116000597,515,110,405
116000598,30,127,-97
116000602,55,510,-455
116000605,208,100,108
116000606,87,255,-168
116000607,7,62,-55
116000609,146,1051,-905
116000611,202,302,-100
116000612,865,2005,-1140
116000613,736,329,407
116000614,369,423,-54
116000615,61,469,-408
116000616,53,54,-1
116000617,102,26,76
116000618,8,45,-37
116000619,40,96,-56
116000620,170,127,43
116000621,73,119,-46
116000622,71,132,-61
116000624,187,82,105
116000628,1,58,-57
116000629,0,62,-62
116000630,99,2,97
116000631,45,1,44
116000632,261,105,156
116000633,6,92,-86
116000634,181,6,175
116900001,287,157,130
116900002,298,0,298
116900003,53,36,17
116900004,56,111,-55
116900005,393,54,339
116900006,79,486,-407
116900007,130,158,-28
116900008,513,196,317
116900009,27,12,15
116900010,1,788,-787
116900011,19,29,-10
116900012,220,193,27
116900013,12,164,-152
116900014,159,111,48
116900015,526,53,473
116900016,270,5,265
116900017,2,383,-381
116900018,92,58,34
116900019,4,228,-224
116900020,521,963,-442
116900023,146,21,125
116900024,726,56,670
116900025,1567,698,869
116900026,90,521,-431
116900027,33,46,-13
116900028,10,124,-114
116900029,0,53,-53
116900031,1,4,-3
116900032,5,224,-219
116900033,19,16,3
116900034,24,52,-28
116900035,142,144,-2
116900036,1,104,-103
116900038,35,3,32
116900041,113,26,87
116900042,393,258,135
116900043,41,54,-13
116900045,194,114,80
116900047,36,184,-148
116900049,19,296,-277
116900050,120,367,-247
116900051,231,124,107
116900052,196,61,135
116900055,0,12,-12
116900057,6,171,-165
116900058,43,298,-255
116900059,1,143,-142
116900060,188,197,-9
116900062,0,6,-6
116900064,79,412,-333
116900065,26,81,-55
116900067,124,54,70
116900068,185,174,11
116900070,5,1,4
116900072,55,254,-199
116900073,22,84,-62
116900074,5,42,-37
116900076,23,39,-16
116900077,11,126,-115
116900078,200,88,112
116900079,24,204,-180
116900080,11,27,-16
116900081,385,888,-503
116900082,431,771,-340
116900083,31,18,13
116900084,99,58,41
116900085,31,140,-109
116900086,55,127,-72
116900088,357,99,258
116900090,87,36,51
116900091,356,23,333
116900092,85,641,-556
116900093,1727,1690,37
116900094,3225,4684,-1459
116900095,246,97,149
116900096,197,376,-179
116900097,2146,3666,-1520
116900098,836,342,494
116900099,576,746,-170
116900100,1147,57,1090
116900101,354,454,-100
116900103,8,0,8
116900104,60,77,-17
116900105,382,185,197
116900106,2561,182,2379
116900107,2623,3196,-573
116900110,19,0,19
116900111,699,500,199
116900112,296,747,-451
116900113,1610,1237,373
116900116,81,679,-598
116900117,167,179,-12
116900118,560,799,-239
116900120,534,57,477
116900121,138,19,119
116900122,1119,566,553
116900123,285,595,-310
116900124,190,792,-602
116900125,495,169,326
116900126,91,642,-551
116900128,0,29,-29
116900129,1,341,-340
116900130,451,4620,-4169
116900131,117,338,-221
116900132,64,120,-56
116900133,160,174,-14
116900134,244,296,-52
116900136,261,228,33
116900137,304,146,158
116900138,252,158,94
116900139,203,442,-239
116900140,250,195,55
116900141,932,426,506
116900142,5,52,-47
116900143,452,480,-28
116900144,36,59,-23
116900145,83,144,-61
116900147,414,537,-123
116900148,5,52,-47
116900149,89,266,-177
116900150,20,18,2
116900151,32,6,26
116900153,170,119,51
116900154,453,717,-264
116900155,80,91,-11
116900157,793,149,644
116900158,132,329,-197
116900159,44,333,-289
116900160,1085,742,343
116900161,4732,8253,-3521
116900162,19,72,-53
116900163,210,98,112
116900164,98,60,38
116900165,300,313,-13
116900166,32,38,-6
116900167,527,37,490
116900168,407,80,327
116900169,355,543,-188
116900170,411,610,-199
116900171,57,137,-80
116900172,162,406,-244
116900173,280,23,257
116900174,57,53,4
116900175,225,221,4
116900178,48,92,-44
116900179,104,365,-261
116900180,96,15,81
116900182,687,294,393
116900183,159,104,55
116900185,34,44,-10
116900186,96,184,-88
116900187,85,59,26
116900188,166,32,134
116900189,86,2,84
116900191,480,642,-162
116900192,355,99,256
116900194,191,1512,-1321
116900195,64,26,38
116900196,16,85,-69
116900197,151,13,138
116900198,174,322,-148
116900200,91,16,75
116900201,177,8,169
116900202,150,49,101
116900203,231,5,226
116900204,58,163,-105
116900206,7,5,2
116900207,24,17,7
116900208,7,83,-76
116900209,27,61,-34
116900210,558,327,231
116900211,262,5,257
116900212,115,30,85
116900213,260,100,160
116900214,224,126,98
116900215,103,47,56
116900216,257,154,103
116900218,9,186,-177
116900219,1132,253,879
116900220,140,255,-115
116900221,114,368,-254
116900222,446,329,117
116900223,119,278,-159
116900226,182,56,126
116900227,250,49,201
116900228,335,146,189
116900230,72,193,-121
116900231,31,272,-241
116900232,36,269,-233
116900233,341,85,256
116900234,60,5,55
116900235,128,208,-80
116900238,1343,333,1010
116900239,15,1490,-1475
116900240,4343,3492,851
116900241,114,110,4
116900242,226,703,-477
116900243,7,62,-55
116900245,41,23,18
116900246,140,16,124
116900247,847,19,828
116900248,114,18,96
116900249,508,108,400
116900250,397,43,354
116900251,392,705,-313
116900252,183,689,-506
116900253,132,51,81
116900254,38,90,-52
116900255,84,91,-7
116900256,480,123,357
116900257,10,241,-231
116900258,1,114,-113
116900259,240,10,230
116900260,2,89,-87
116900261,89,2,87
116900262,230,146,84
116900263,1,6,-5
116900264,0,1,-1
116900265,44,3,41
116900266,18,34,-16
116900267,4,0,4
116900268,258,341,-83
116900269,372,543,-171
116900271,1188,339,849
116900272,321,223,98
116900273,103,72,31
116900274,123,47,76
116900275,143,106,37
116900276,466,189,277
116900277,490,34,456
116900278,5,5,0
116900279,6,23,-17
116900280,37,16,21
116900281,4350,5742,-1392
116900282,5,76,-71
116900283,8,67,-59
116900284,15,181,-166
116900285,170,226,-56
116900286,195,31,164
116900287,10,31,-21
116900288,93,83,10
116900289,10,3,7
116900290,3,20,-17
116900291,35,9,26
116900292,0,21,-21
116900293,67,17,50
116900294,36,158,-122
116900295,63,47,16
116900296,17,42,-25
116900297,2,51,-49
116900298,43,27,16
116900299,18,45,-27
116900300,5,51,-46
116900301,30,33,-3
116900302,789,1155,-366
116900303,94,75,19
116900304,1,147,-146
116900305,9,35,-26
116900306,259,87,172
117000001,2677,1909,768
117000002,2032,3926,-1894
117000003,6595,3180,3415
117000004,3294,4380,-1086
117000005,2581,1986,595
117000006,1007,2353,-1346
117000007,4525,1165,3360
117000008,1038,2797,-1759
117000009,5009,1863,3146
117000010,2332,3192,-860
117000011,2661,1479,1182
117000012,1439,952,487
117000013,1968,708,1260
117000014,1312,1964,-652
117000015,2618,1173,1445
117000016,185,103,82
117000017,169,124,45
117000018,144,790,-646
117000019,105,1,104
117000020,405,2008,-1603
117000021,1137,289,848
117000022,250,172,78
117000023,159,153,6
117000024,181,288,-107
117000025,387,1122,-735
117000026,1951,1788,163
117000027,1064,3204,-2140
117000028,1452,1584,-132
117000030,133,136,-3
117000032,1513,1316,197
117000033,1770,1339,431
117000034,154,77,77
117000036,171,79,92
117000038,105,245,-140
117000039,32,77,-45
117000040,238,888,-650
117000041,1354,164,1190
117000044,5,547,-542
117000045,467,137,330
117000046,400,656,-256
117000047,926,789,137
117000048,1753,873,880
117000049,125,824,-699
117000050,140,1330,-1190
117000051,2779,89,2690
117000052,68,215,-147
117000053,736,43,693
117000054,2544,20,2524
117000055,5,2301,-2296
117000056,840,27,813
117000057,485,2067,-1582
117000060,468,1127,-659
117000061,2203,1049,1154
117000062,271,589,-318
117000063,2225,993,1232
117000064,548,578,-30
117000066,937,796,141
117000067,116,717,-601
117000074,109,198,-89
117000076,66,54,12
117000077,220,204,16
117000078,139,571,-432
117000079,453,248,205
117000080,1,224,-223
117000081,987,116,871
117000082,16,64,-48
117000083,121,9,112
117000084,227,14,213
117000085,353,925,-572
117000086,767,341,426
117000087,78,489,-411
117000088,296,171,125
117000089,1928,257,1671
117000090,329,996,-667
117000091,1177,309,868
117000092,463,1055,-592
117000093,1488,697,791
117000094,1329,2217,-888
117000095,4297,830,3467
117000096,765,1817,-1052
117000097,2042,1034,1008
117000098,2203,3188,-985
117000099,4661,1270,3391
117000100,296,377,-81
117000101,208,818,-610
117000102,2470,635,1835
117000103,776,1199,-423
117000104,2059,595,1464
117000105,853,1081,-228
117000106,1687,710,977
117000107,575,1374,-799
117000108,2215,927,1288
117000109,1222,2027,-805
117000110,2048,1389,659
117000111,3625,3814,-189
117000112,4118,1760,2358
117000113,112,193,-81
117000114,251,119,132
117000115,65,95,-30
117000116,167,225,-58
117000117,2040,1524,516
117000118,334,177,157
117000119,199,230,-31
117000120,197,788,-591
117000121,94,1340,-1246
117000122,191,641,-450
117000123,1505,67,1438
117000124,376,150,226
117000125,193,174,19
117000126,39,32,7
117000127,158,477,-319
117000128,319,1118,-799
117000129,140,140,0
117000130,78,1,77
117000131,0,41,-41
117000132,3720,73,3647
117000133,2457,74,2383
117000134,1,61,-60
117000135,1,65,-64
117000136,0,27,-27
117000137,161,124,37
117000138,3,631,-628
117000140,537,1154,-617
117000141,2203,532,1671
117000181,467,157,310
117000182,419,961,-542
117000195,186,840,-654
117000196,391,183,208
117000225,86,44,42
117000226,9,60,-51
117000276,359,15,344
117000277,0,243,-243
117000310,1348,2107,-759
117000315,31,587,-556
117000320,45,0,45
117000906,508,21,487
117000907,15,258,-243
117000908,20,87,-67
117000909,61,69,-8
117000910,224,183,41
117000911,91,133,-42
117000915,5,372,-367
117000916,69,12,57
117000917,1635,67,1568
117000918,93,84,9
117000919,7,64,-57
117000920,0,1079,-1079
117000921,1,716,-715
117000922,22,61,-39
117000924,810,770,40
117000926,543,79,464
117000927,990,1726,-736
117000928,0,97,-97
117000929,318,202,116
117000930,249,20,229
117000931,283,188,95
117900002,77,423,-346
117900003,610,472,138
117900005,24,41,-17
117900006,0,19,-19
117900007,132,78,54
117900008,0,16,-16
117900010,326,78,248
117900011,18,116,-98
117900012,76,83,-7
117900013,0,119,-119
117900014,458,81,377
117900015,16,83,-67
117900016,962,1047,-85
117900017,597,163,434
117900018,102,178,-76
117900019,729,183,546
117900020,61,484,-423
117900021,31,43,-12
117900022,42,8,34
117900023,707,108,599
117900024,58,37,21
117900025,39,7,32
117900026,504,172,332
117900028,31,2,29
117900029,380,417,-37
117900030,572,238,334
117900031,146,100,46
117900032,1176,645,531
117900033,317,450,-133
117900034,65,28,37
117900035,204,121,83
117900036,241,348,-107
117900037,251,118,133
117900038,28,196,-168
117900039,1,52,-51
117900040,181,250,-69
117900041,2,40,-38
117900042,3604,502,3102
117900043,30,49,-19
117900044,9,3335,-3326
117900045,308,130,178
117900048,435,207,228
117900049,282,372,-90
117900050,4,123,-119
117900051,84,6,78
117900052,109,525,-416
117900053,1953,494,1459
117900054,1,26,-25
117900055,270,181,89
117900056,168,6,162
117900057,1170,1035,135
117900058,319,1463,-1144
117900059,250,99,151
117900060,2810,4107,-1297
117900061,13,189,-176
117900063,470,188,282
117900065,644,1073,-429
117900066,3,87,-84
117900067,753,142,611
117900069,1178,288,890
117900070,182,29,153
117900071,98,129,-31
117900073,700,215,485
117900074,148,54,94
117900075,74,89,-15
117900076,17,38,-21
117900077,652,171,481
117900078,495,910,-415
117900080,114,54,60
117900081,500,403,97
117900082,476,394,82
117900083,515,337,178
117900086,154,26,128
117900087,184,39,145
117900088,2478,1832,646
117900089,2728,843,1885
117900090,478,386,92
117900091,130,141,-11
117900092,81,14,67
117900093,100,59,41
117900094,41,39,2
117900095,270,186,84
117900096,141,233,-92
117900097,717,74,643
117900098,41,18,23
117900099,185,150,35
117900100,390,2,388
117900101,490,2147,-1657
117900102,109,21,88
117900103,112,7,105
117900104,11,79,-68
117900105,137,196,-59
117900106,133,21,112
117900107,57,0,57
117900109,847,415,432
117900110,172,1,171
117900111,528,25,503
117900112,97,17,80
117900113,2052,2210,-158
117900114,36,1,35
117900115,213,63,150
117900116,745,730,15
117900117,880,306,574
117900118,149,0,149
117900119,274,97,177
117900120,287,45,242
117900121,75,26,49
117900122,1211,5074,-3863
117900123,822,308,514
117900124,729,622,107
117900125,1983,1938,45
117900126,186,490,-304
117900127,536,370,166
117900128,452,514,-62
117900129,80,0,80
117900130,761,383,378
117900131,9,121,-112
117900132,31,78,-47
117900133,11,82,-71
117900134,157,323,-166
117900135,21,124,-103
117900136,0,44,-44
117900137,42,246,-204
117900138,1,35,-34
117900139,152,117,35
117900140,2525,333,2192
117900141,127,177,-50
117900142,59,89,-30
117900144,32,169,-137
117900145,46,29,17
117900146,136,206,-70
117900147,93,72,21
117900148,2490,2015,475
117900149,112,183,-71
117900150,92,42,50
117900151,57,84,-27
117900152,98,59,39
117900153,12,110,-98
117900154,595,523,72
117900156,776,659,117
117900157,86,483,-397
117900158,400,198,202
117900160,918,884,34
117900161,2525,1951,574
117900162,532,416,116
117900163,27,173,-146
117900165,0,15,-15
117900166,145,484,-339
117900168,69,170,-101
117900169,0,94,-94
117900170,0,30,-30
117900171,1,27,-26
117900172,18,15,3
117900173,178,77,101
117900174,35,62,-27
117900175,13,34,-21
117900176,14,20,-6
117900177,13,32,-19
117900178,103,35,68
117900180,242,54,188
117900181,70,472,-402
117900182,5,56,-51
117900183,65,178,-113
117900184,21,87,-66
117900185,67,38,29
117900186,65,9,56
117900187,25,8,17
117900188,267,38,229
117900189,66,56,10
117900190,30,3,27
117900191,117,1,116
117900192,277,2,275
117900193,10,41,-31
117900194,15,4,11
117900195,37,66,-29
117900196,16,49,-33
117900207,219,165,54
117900208,29,28,1
117900209,125,150,-25
117900210,105,255,-150
117900211,8,227,-219
117900212,117,116,1
117900213,28,4,24
117900214,0,26,-26
117900216,9,112,-103
117900217,44,536,-492
117900218,98,183,-85
117900219,8,208,-200
117900220,50,91,-41
117900221,6,6,0
118000001,990,972,18
118000002,740,1676,-936
118000003,1672,3250,-1578
118000004,1670,1767,-97
118000005,4200,6056,-1856
118000006,3729,9062,-5333
118000007,4612,4166,446
118000008,2712,3737,-1025
118000009,1780,3541,-1761
118000010,6327,3750,2577
118000011,1831,1794,37
118000012,1184,1591,-407
118000013,2206,2086,120
118000014,2197,2255,-58
118000016,252,250,2
118000017,513,436,77
118000018,441,389,52
118000019,1826,1486,340
118000020,1028,3984,-2956
118000021,539,3470,-2931
118000022,1508,870,638
118000023,770,317,453
118000024,1160,1550,-390
118000025,606,2255,-1649
118000027,9559,12012,-2453
118000029,844,944,-100
118000032,869,4219,-3350
118000033,2705,6988,-4283
118000034,4486,2711,1775
118000035,1916,3543,-1627
118000036,999,1365,-366
118000037,865,977,-112
118000038,301,67,234
118000039,99,189,-90
118000040,1824,1211,613
118000041,2995,1215,1780
118000045,323,248,75
118000046,1235,714,521
118000047,853,1567,-714
118000048,1925,1905,20
118000051,4182,2441,1741
118000052,3462,1543,1919
118000053,294,831,-537
118000054,1350,1507,-157
118000055,1526,1713,-187
118000056,200,493,-293
118000057,275,463,-188
118000058,2671,2227,444
118000059,1899,1356,543
118000060,1296,462,834
118000061,1402,1189,213
118000062,712,298,414
118000063,564,750,-186
118000064,866,1070,-204
118000065,2884,1776,1108
118000066,836,1585,-749
118000067,551,722,-171
118000068,1237,4863,-3626
118000069,1957,1099,858
118000070,4384,1984,2400
118000071,2826,7298,-4472
118000072,1041,1438,-397
118000073,948,839,109
118000074,461,356,105
118000075,609,325,284
118000076,1343,2922,-1579
118000077,1164,1162,2
118000078,1851,2440,-589
118000079,272,517,-245
118000080,726,789,-63
118000081,1773,1299,474
118000082,300,1169,-869
118000083,1591,1533,58
118000084,2701,1883,818
118000086,280,549,-269
118000087,3602,2493,1109
118000088,1623,1498,125
118000089,3777,2350,1427
118000090,1252,2874,-1622
118000091,963,2804,-1841
118000092,925,502,423
118000093,92,708,-616
118000096,513,564,-51
118000097,791,630,161
118000098,247,177,70
118000099,761,593,168
118000101,1351,337,1014
118000102,420,865,-445
118000107,1312,484,828
118000108,854,2766,-1912
118000110,1,30,-29
118000111,1,190,-189
118000112,639,0,639
118000113,0,326,-326
118000114,575,11,564
118000115,15,16,-1
118000116,27,0,27
118000117,803,613,190
118000118,1022,1018,4
118000119,1104,1217,-113
118000120,1488,1013,475
118000121,81,480,-399
118000122,1135,335,800
118000123,55,215,-160
118000125,1257,740,517
118000126,713,1752,-1039
118000127,1598,677,921
118000128,484,1011,-527
118000129,1213,386,827
118000130,1905,2572,-667
118000131,394,468,-74
118000132,3152,2353,799
118000133,1134,313,821
118000135,640,417,223
118000136,109,329,-220
118000137,599,84,515
118000138,338,435,-97
118000139,558,72,486
118000140,2910,5501,-2591
118000141,2663,1657,1006
118000142,2083,1390,693
118000143,2742,1276,1466
118000144,1133,642,491
118000145,2020,1333,687
118000146,1338,611,727
118000147,966,1232,-266
118000148,561,1191,-630
118000149,1064,721,343
118000150,535,184,351
118000151,784,473,311
118000153,1619,1106,513
118000154,1622,1477,145
118000155,1623,1381,242
118000156,1736,2582,-846
118000157,698,401,297
118000158,225,462,-237
118000159,47,121,-74
118000160,620,377,243
118000161,559,661,-102
118000162,2135,803,1332
118000163,1236,948,288
118000164,2035,1464,571
118000168,828,987,-159
118000169,967,885,82
118000170,3402,4055,-653
118000171,417,772,-355
118000172,89,240,-151
118000173,896,1031,-135
118000175,328,404,-76
118000176,365,510,-145
118000177,334,732,-398
118000178,54,58,-4
118000179,1179,1453,-274
118000180,1028,700,328
118000181,820,306,514
118000182,310,295,15
118000183,198,315,-117
118000184,1139,554,585
118000185,1404,1526,-122
118000186,957,1388,-431
118000187,1701,529,1172
118000188,769,156,613
118000189,1050,442,608
118000190,15,13,2
118000191,23,24,-1
118000192,88,203,-115
118000193,77,291,-214
118000194,1226,838,388
118000195,425,1297,-872
118000196,264,236,28
118000197,79,149,-70
118000198,325,809,-484
118000199,382,363,19
118000200,97,255,-158
118000201,408,452,-44
118000202,54,76,-22
118000203,455,668,-213
118000204,95,435,-340
118000205,145,277,-132
118000206,259,243,16
118000207,1,67,-66
118000208,1663,1561,102
118000209,2491,1284,1207
118000210,89,22,67
118000211,21,35,-14
118000213,1683,2260,-577
118000214,409,560,-151
118000215,348,113,235
118000216,2538,2051,487
118000217,32,55,-23
118000218,80,74,6
118000219,350,217,133
118000220,3,45,-42
118000221,347,425,-78
118000222,85,10,75
118000223,59,45,14
118000224,156,76,80
118000225,123,507,-384
118000226,989,159,830
118000227,734,479,255
118000228,142,308,-166
118000229,132,94,38
118000230,133,180,-47
118000231,86,201,-115
118000232,935,616,319
118000233,1283,775,508
118000234,492,213,279
118000236,428,279,149
118000237,73,289,-216
118000238,349,146,203
118000239,352,276,76
118000240,273,167,106
118000241,202,147,55
118000242,587,403,184
118000243,346,180,166
118000244,97,85,12
118000246,1,25,-24
118000255,45,203,-158
118000256,140,191,-51
118000259,11,78,-67
118000260,191,56,135
118000261,29,48,-19
118000263,123,146,-23
118000266,150,232,-82
118000267,0,99,-99
118000268,234,3,231
118000270,99,26,73
118000271,183,204,-21
118000272,105,29,76
118000273,192,70,122
118000274,111,236,-125
118000276,580,422,158
118000295,18,148,-130
118000298,216,196,20
118000299,87,147,-60
118000301,0,47,-47
118000302,143,46,97
118000311,789,90,699
118000312,326,185,141
118000313,72,109,-37
118000314,131,43,88
118000315,86,29,57
118000316,819,375,444
118000325,70,52,18
118000326,81,46,35
118000331,41,45,-4
118000332,26,26,0
118000333,44,47,-3
118000335,413,0,413
118000336,0,134,-134
118000407,258,42,216
118000457,2,20,-18
118000465,2062,4000,-1938
118000480,33,55,-22
118000489,20,424,-404
118000490,7,163,-156
118000492,217,139,78
118000510,39,31,8
118000514,105,242,-137
118000515,827,734,93
118000517,383,176,207
118000524,209,348,-139
118000525,714,646,68
118000530,28,132,-104
118000531,406,249,157
118000532,253,254,-1
118000533,349,127,222
118000534,626,445,181
118000535,381,111,270
118000536,436,1867,-1431
118000537,15,192,-177
118000538,34,67,-33
118000539,47,114,-67
118000540,318,156,162
118000541,243,73,170
118000542,113,203,-90
118000543,273,191,82
118000546,63,25,38
118000560,1683,2487,-804
118000562,39,105,-66
118000563,1400,1102,298
118000576,172,91,81
118000577,109,116,-7
118000578,111,56,55
118000579,424,1288,-864
118000595,267,78,189
118000596,1,108,-107
118000597,125,58,67
118000598,16,0,16
118000599,39,31,8
118000600,2,45,-43
118000601,11,0,11
118000602,0,26,-26
118000603,0,4,-4
118900001,470,1360,-890
118900002,811,932,-121
118900003,521,13,508
118900004,56,41,15
118900005,100,8,92
118900006,143,5,138
118900007,16,0,16
118900008,1705,69,1636
118900009,94,85,9
118900010,80,6,74
118900011,180,37,143
118900012,548,241,307
118900013,550,232,318
118900015,324,54,270
118900016,12,17,-5
118900017,158,320,-162
118900018,1038,30,1008
118900019,37,26,11
118900020,211,146,65
118900021,169,400,-231
118900022,157,109,48
118900023,206,74,132
118900024,153,179,-26
118900025,42,27,15
118900026,63,62,1
118900027,440,147,293
118900028,193,169,24
118900029,298,501,-203
118900030,493,42,451
118900031,190,100,90
118900032,243,146,97
118900033,382,394,-12
118900034,163,26,137
118900035,131,132,-1
118900036,1645,671,974
118900037,466,267,199
118900038,461,119,342
118900039,679,135,544
118900040,241,206,35
118900041,778,113,665
118900042,272,97,175
118900045,336,152,184
118900046,768,324,444
118900047,371,278,93
118900048,146,219,-73
118900049,64,35,29
118900050,39,63,-24
118900051,68,106,-38
118900052,384,217,167
118900053,44,92,-48
118900054,141,46,95
118900055,139,68,71
118900056,14,391,-377
118900057,983,492,491
118900058,478,294,184
118900059,18,66,-48
118900060,66,90,-24
118900062,363,178,185
118900064,404,652,-248
118900065,73,135,-62
118900066,80,81,-1
118900067,3570,4460,-890
118900068,7,238,-231
118900069,492,173,319
118900071,6,62,-56
118900072,449,325,124
118900073,214,113,101
118900074,115,120,-5
118900075,79,78,1
118900076,218,96,122
118900077,390,193,197
118900078,20,13,7
118900079,41,117,-76
118900080,64,85,-21
118900081,48,39,9
118900082,1143,167,976
118900083,32,6,26
118900084,17,15,2
118900085,758,617,141
118900086,24,84,-60
118900087,39,322,-283
118900088,0,7,-7
118900089,16,13,3
118900090,520,328,192
118900091,236,186,50
118900092,247,53,194
118900093,107,21,86
118900096,49,25,24
118900097,282,437,-155
118900099,222,231,-9
118900100,159,171,-12
118900101,172,317,-145
118900102,104,116,-12
118900103,87,126,-39
118900104,273,104,169
118900105,288,71,217
118900107,123,57,66
118900108,122,117,5
118900109,669,622,47
118900110,1143,905,238
118900111,509,426,83
118900112,107,151,-44
118900113,105,304,-199
118900114,54,71,-17
118900115,148,305,-157
118900116,127,204,-77
118900117,120,195,-75
118900118,332,250,82
118900119,161,189,-28
118900120,80,278,-198
118900121,9,83,-74
118900122,17,1143,-1126
118900123,165,192,-27
118900124,105,156,-51
118900126,24,400,-376
118900129,291,232,59
118900130,62,215,-153
118900131,142,207,-65
118900132,435,191,244
118900133,8,105,-97
118900135,259,204,55
118900136,231,373,-142
118900137,8,31,-23
118900139,242,258,-16
118900140,411,462,-51
118900141,78,121,-43
118900144,165,264,-99
118900145,27,126,-99
118900146,348,521,-173
118900147,170,168,2
118900148,72,49,23
118900150,146,596,-450
118900152,568,585,-17
118900157,69,156,-87
118900158,136,68,68
118900159,2,145,-143
118900161,43,7,36
118900163,87,84,3
118900164,0,112,-112
118900165,113,112,1
118900166,53,2,51
118900167,80,103,-23
118900168,35,180,-145
118900169,143,197,-54
118900170,319,96,223
118900171,40,62,-22
118900174,64,45,19
118900175,505,511,-6
118900176,208,261,-53
118900177,91,41,50
118900178,72,187,-115
118900179,5,35,-30
118900181,82,82,0
118900182,125,49,76
118900183,25,147,-122
118900184,325,99,226
118900185,113,73,40
118900186,105,101,4
118900187,305,308,-3
118900188,500,308,192
118900189,33,845,-812
118900190,25,239,-214
118900191,259,23,236
118900192,360,16,344
118900193,695,13,682
118900195,235,572,-337
118900196,39,98,-59
118900197,176,38,138
118900198,50,8,42
118900199,103,20,83
118900200,28,21,7
118900201,35,41,-6
118900202,9,52,-43
118900203,18,25,-7
118900204,16,20,-4
118900205,0,9,-9
118900206,6,8,-2
119000001,1525,1698,-173
119000002,5032,2861,2171
119000003,3561,950,2611
119000004,2598,1433,1165
119000005,1973,2191,-218
119000006,3368,1529,1839
119000007,3825,3469,356
119000008,1919,1744,175
119000009,3623,5889,-2266
119000010,5424,4433,991
119000011,3703,3552,151
119000012,2685,3812,-1127
119000013,2995,1782,1213
119000014,1719,2541,-822
119000019,409,166,243
119000020,2750,1798,952
119000021,5394,2871,2523
119000022,2294,3653,-1359
119000023,229,285,-56
119000024,2189,14604,-12415
119000025,5006,1303,3703
119000026,139,447,-308
119000027,276,396,-120
119000028,1562,778,784
119000029,101,330,-229
119000030,547,896,-349
119000031,820,587,233
119000032,3244,2600,644
119000033,2357,1309,1048
119000034,1227,876,351
119000035,43,226,-183
119000036,2353,655,1698
119000037,1338,1307,31
119000038,209,593,-384
119000039,369,385,-16
119000040,824,629,195
119000041,734,1319,-585
119000048,2924,2134,790
119000049,1888,1436,452
119000050,1545,1620,-75
119000051,2103,1019,1084
119000052,1674,2504,-830
119000053,2126,1077,1049
119000054,3548,2084,1464
119000055,5748,2748,3000
119000056,3552,1878,1674
119000057,1645,1507,138
119000058,2167,1438,729
119000059,1426,1301,125
119000060,1817,1190,627
119000061,1280,670,610
119000062,1325,1238,87
119000063,681,405,276
119000064,1024,1069,-45
119000065,2000,3678,-1678
119000066,2765,1153,1612
119000067,1943,1759,184
119000068,2049,1043,1006
119000069,1723,2011,-288
119000070,3224,798,2426
119000071,605,732,-127
119000072,5446,3374,2072
119000073,5657,8134,-2477
119000074,1558,1849,-291
119000075,3022,2006,1016
119000076,535,1429,-894
119000077,834,716,118
119000078,435,313,122
119000079,205,862,-657
119000080,565,277,288
119000081,548,817,-269
119000082,1471,267,1204
119000083,627,368,259
119000084,410,592,-182
119000085,978,190,788
119000086,488,517,-29
119000087,1465,640,825
119000088,499,218,281
119000089,102,216,-114
119000090,221,140,81
119000091,138,491,-353
119000092,589,206,383
119000093,3495,2081,1414
119000094,3972,5078,-1106
119000095,2245,2461,-216
119000097,1827,1160,667
119000098,1052,3523,-2471
119000099,2581,1319,1262
119000100,4681,3054,1627
119000101,5322,2540,2782
119000102,788,1241,-453
119000103,1617,742,875
119000104,2002,1221,781
119000105,1287,2274,-987
119000106,358,883,-525
119000107,1163,570,593
119000108,417,680,-263
119000109,211,1093,-882
119000110,721,1149,-428
119000111,57,1003,-946
119000112,236,288,-52
119000113,2730,554,2176
119000114,1171,1061,110
119000115,138,194,-56
119000116,111,130,-19
119000117,199,376,-177
119000118,6,0,6
119000123,3688,1746,1942
119000124,936,168,768
119000125,4335,596,3739
119000126,982,447,535
119000127,651,381,270
119000128,31,0,31
119000131,1115,460,655
119000132,4,5,-1
119000133,1,7,-6
119000134,1556,541,1015
119000135,207,255,-48
119000136,274,143,131
119000137,334,233,101
119000138,634,242,392
119000139,325,164,161
119000140,337,375,-38
119000284,1123,2676,-1553
119000285,1966,1824,142
119000286,6037,4782,1255
119000287,1391,1725,-334
119000288,2070,971,1099
119000289,1314,2091,-777
119000290,257,368,-111
119000291,12,213,-201
119000293,209,169,40
119000294,53,45,8
119000295,1301,317,984
119000296,307,143,164
119000302,1448,1202,246
119000303,57,118,-61
119000314,1687,11605,-9918
119000315,0,242,-242
119000316,132,100,32
119000317,99,192,-93
119900001,299,1347,-1048
119900002,184,259,-75
119900003,34,706,-672
119900004,276,1488,-1212
119900005,289,106,183
119900006,283,443,-160
119900007,1226,255,971
119900008,215,45,170
119900009,701,613,88
119900010,1750,2063,-313
119900011,27,141,-114
119900012,16,130,-114
119900013,2431,1701,730
119900014,782,454,328
119900015,178,61,117
119900016,65,91,-26
119900017,29,31,-2
119900018,1800,1136,664
119900019,50,7,43
119900020,206,202,4
119900021,208,108,100
119900022,113,1052,-939
119900023,505,1755,-1250
119900025,269,39,230
119900026,749,148,601
119900027,48,30,18
119900028,248,115,133
119900029,2,7,-5
119900030,879,418,461
119900031,83,487,-404
119900033,2481,364,2117
119900034,576,112,464
119900037,250,53,197
119900038,101,389,-288
119900039,50,6,44
119900040,208,23,185
119900041,189,30,159
119900042,302,129,173
119900043,97,152,-55
119900044,227,983,-756
119900046,187,50,137
119900047,443,118,325
119900048,57,14,43
119900049,162,4,158
119900050,209,175,34
119900051,1105,15,1090
119900052,75,35,40
119900053,260,107,153
119900054,209,13,196
119900055,1505,475,1030
119900057,301,68,233
119900058,338,4,334
119900059,134,32,102
119900060,320,45,275
119900061,420,3,417
119900062,85,26,59
119900063,5,44,-39
119900064,671,120,551
119900065,295,11,284
119900066,5,2,3
119900067,100,19,81
119900068,663,2,661
119900069,95,15,80
119900070,1521,29,1492
119900071,1006,28,978
119900072,524,418,106
119900073,1398,520,878
119900074,42,35,7
119900075,3348,2479,869
119900076,1062,280,782
119900077,1069,667,402
119900078,566,706,-140
119900079,304,126,178
119900080,344,248,96
119900081,46,47,-1
119900082,2341,411,1930
119900083,420,127,293
119900084,661,375,286
119900085,52,56,-4
119900086,128,448,-320
119900087,663,408,255
119900088,37,43,-6
119900089,30,352,-322
119900090,155,81,74
119900091,81,596,-515
119900092,109,526,-417
119900093,1263,208,1055
119900094,25,305,-280
119900095,190,113,77
119900096,34,133,-99
119900097,541,245,296
119900098,63,63,0
119900099,28,212,-184
119900100,1591,3130,-1539
119900101,225,2555,-2330
119900102,55,197,-142
119900103,56,256,-200
119900104,72,186,-114
119900105,1461,6743,-5282
119900106,12,116,-104
119900107,300,1926,-1626
119900108,6575,749,5826
119900109,15,162,-147
119900110,954,468,486
119900111,163,206,-43
119900112,1054,611,443
119900113,54,241,-187
119900114,394,872,-478
119900115,480,661,-181
119900116,131,446,-315
119900117,344,520,-176
119900118,168,586,-418
119900119,298,142,156
119900120,958,572,386
119900121,475,597,-122
119900122,406,286,120
119900123,288,260,28
119900124,255,587,-332
119900125,54,294,-240
119900126,4928,356,4572
119900127,1560,922,638
119900128,497,416,81
119900129,284,372,-88
119900130,24,186,-162
119900131,50,186,-136
119900132,6,144,-138
119900133,69,124,-55
119900134,1132,231,901
119900135,4,242,-238
119900136,177,313,-136
119900138,311,484,-173
119900139,35,157,-122
119900140,2,93,-91
119900141,80,730,-650
119900142,33,36,-3
119900143,18,254,-236
119900144,1119,214,905
119900145,113,129,-16
119900146,218,216,2
119900147,4,184,-180
119900148,364,76,288
119900149,873,5825,-4952
119900150,152,183,-31
119900151,2178,1069,1109
119900152,164,202,-38
119900153,233,66,167
119900154,39,132,-93
119900155,70,26,44
119900156,24,3,21
119900157,143,159,-16
119900158,298,90,208
119900159,3,920,-917
119900160,17,109,-92
119900161,136,175,-39
119900162,1378,1368,10
119900163,75,141,-66
119900164,0,0,0
119900165,172,144,28
119900166,118,40,78
119900167,63,89,-26
119900168,1153,575,578
119900169,116,295,-179
119900170,294,290,4
119900171,881,365,516
119900172,156,25,131
119900173,7,316,-309
119900174,3,156,-153
119900175,1884,603,1281
119900177,16,150,-134
119900178,14,109,-95
119900179,165,710,-545
119900180,1170,965,205
119900181,98,154,-56
119900182,4,301,-297
119900183,140,509,-369
119900184,1572,459,1113
119900185,56,236,-180
119900186,48,1254,-1206
119900187,17,291,-274
119900188,120,318,-198
119900189,448,459,-11
119900190,104,377,-273
119900191,248,251,-3
119900192,97,155,-58
119900193,493,189,304
119900194,46,87,-41
119900195,148,188,-40
119900196,993,407,586
119900197,333,200,133
119900198,202,242,-40
119900199,164,22,142
119900200,721,643,78
119900201,440,268,172
119900202,96,276,-180
119900203,211,671,-460
119900204,326,229,97
119900205,952,413,539
119900206,256,159,97
119900208,270,160,110
119900209,626,1557,-931
119900210,58,21,37
119900211,72,9,63
119900212,193,183,10
119900213,17,103,-86
119900214,34,71,-37
119900215,44,55,-11
119900216,12,43,-31
119900217,19,63,-44
119900218,32,53,-21
119900219,10,64,-54
119900220,5,69,-64
119900221,37,178,-141
119900222,16,132,-116
119900223,34,57,-23
119900224,21,13,8
119900225,712,42,670
119900226,512,2412,-1900
119900227,896,401,495
119900228,118,314,-196
119900229,369,346,23
119900230,1131,498,633
119900231,377,187,190
119900232,298,122,176
119900233,72,7,65
119900234,19,75,-56
119900235,9,47,-38
119900236,28,173,-145
119900237,96,435,-339
119900238,12,59,-47
119900240,95,107,-12
119900241,125,205,-80
119900242,1231,1700,-469
119900244,726,1606,-880
119900245,151,186,-35
119900246,325,577,-252
119900247,39,138,-99
119900248,76,324,-248
119900249,301,130,171
119900253,1955,428,1527
119900254,85,790,-705
119900255,166,1173,-1007
119900256,984,732,252
119900257,92,3,89
119900258,216,30,186
119900259,7,75,-68
119900260,194,16,178
119900261,434,192,242
119900262,0,168,-168
119900263,1278,331,947
119900264,170,151,19
119900265,1027,267,760
119900266,468,223,245
119900267,246,347,-101
119900268,134,133,1
119900269,1773,943,830
119900271,30,98,-68
119900272,353,253,100
119900275,214,106,108
119900276,67,1,66
119900277,13,1,12
119900278,195,76,119
119900279,165,305,-140
119900280,579,131,448
119900281,1,295,-294
119900282,63,123,-60
119900283,26,197,-171
119900284,60,246,-186
119900285,20,85,-65
119900286,4,34,-30
119900288,2,15,-13
119900289,2,19,-17
119900290,5,12,-7
119900291,1,88,-87
119900292,39,50,-11
119900293,22,57,-35
119900294,26,64,-38
119900295,18,16,2
119900296,58,117,-59
119900297,2,14,-12
119900298,11,9,2
119900299,68,120,-52
119900300,255,178,77
119900301,100,195,-95
119900302,147,88,59
119900303,347,143,204
119900304,213,24,189
119900305,11,89,-78
119900306,21,1,20
119900307,99,66,33
119900308,11,16,-5
119900309,65,190,-125
119900310,285,211,74
119900311,99,82,17
119900312,116,81,35
119900313,279,283,-4
119900314,257,430,-173
119900315,2048,1481,567
119900318,14,54,-40
119900319,2,196,-194
119900320,312,385,-73
119900321,124,8,116
120000001,6135,18545,-12410
120000002,2811,2382,429
120000003,2858,1507,1351
120000004,2505,1556,949
120000005,3339,1893,1446
120000006,1227,1127,100
120000007,3070,3102,-32
120000008,1053,1180,-127
120000009,2161,1149,1012
120000010,2062,2287,-225
120000011,1138,1385,-247
120000012,1868,2270,-402
120000013,3566,2971,595
120000014,803,1449,-646
120000015,2726,1543,1183
120000016,4223,2253,1970
120000017,3457,2782,675
120000018,3592,14197,-10605
120000019,1163,1645,-482
120000020,3065,3611,-546
120000021,1898,2253,-355
120000022,3071,3907,-836
120000023,1231,1588,-357
120000024,1474,2518,-1044
120000025,2879,1805,1074
120000026,2453,1638,815
120000027,2616,2371,245
120000028,990,2011,-1021
120000029,3613,1964,1649
120000030,401,1457,-1056
120000031,2299,8220,-5921
120000032,7094,3615,3479
120000033,5234,1476,3758
120000034,2578,1573,1005
120000035,2647,1852,795
120000036,3455,5078,-1623
120000037,654,1684,-1030
120000038,5549,4008,1541
120000039,797,932,-135
120000040,140,760,-620
120000041,1500,1482,18
120000042,2334,2340,-6
120000043,6120,1620,4500
120000044,6161,1624,4537
120000045,7169,1061,6108
120000046,4133,3169,964
120000047,894,7685,-6791
120000048,7033,4287,2746
120000049,3811,2787,1024
120000050,3911,3746,165
120000051,2959,4511,-1552
120000052,7886,2152,5734
120000053,1524,1815,-291
120000054,1345,3016,-1671
120000055,1985,4206,-2221
120000056,5870,4131,1739
120000057,4587,1131,3456
120000058,3339,1609,1730
120000059,15,1705,-1690
120000061,113,471,-358
120000062,233,364,-131
120000063,1361,2507,-1146
120000064,259,792,-533
120000065,681,1121,-440
120000066,373,582,-209
120000067,79,507,-428
120000068,243,652,-409
120000069,663,726,-63
120000070,89,469,-380
120000071,734,100,634
120000072,1044,427,617
120000073,1139,125,1014
120000074,300,142,158
120000075,1343,337,1006
120000076,3178,386,2792
120000077,2970,709,2261
120000078,4229,1428,2801
120000079,307,161,146
120000080,108,230,-122
120000081,344,130,214
120000082,277,256,21
120000083,84,780,-696
120000084,398,330,68
120000085,349,253,96
120000086,249,370,-121
120000087,192,416,-224
120000088,791,1014,-223
120000089,1334,582,752
120000090,804,497,307
120000091,992,875,117
120000092,1447,587,860
120000093,706,462,244
120000094,214,720,-506
120000095,1130,352,778
120000096,353,551,-198
120000098,1092,785,307
120000099,485,639,-154
120000100,917,728,189
120000101,856,428,428
120000102,846,1042,-196
120000103,1699,916,783
120000104,2522,478,2044
120000105,3883,691,3192
120000106,2992,633,2359
120000107,5467,545,4922
120000108,1784,160,1624
120000109,1535,125,1410
120000110,75,870,-795
120000111,104,833,-729
120000112,756,1997,-1241
120000113,579,1485,-906
120000114,859,1730,-871
120000115,377,1612,-1235
120000116,621,1578,-957
120000117,877,1190,-313
120000118,49,37,12
120000119,28,59,-31
120000120,109,73,36
120000121,22,60,-38
120000122,268,418,-150
120000123,3299,7830,-4531
120000124,484,380,104
120000125,631,534,97
120000126,410,1210,-800
120000127,2125,1256,869
120000128,2944,4427,-1483
120000129,302,250,52
120000130,800,455,345
120000131,372,664,-292
120000134,344,708,-364
120000135,806,605,201
120000137,338,859,-521
120000138,1376,403,973
120000139,361,436,-75
120000140,1124,442,682
120000141,467,306,161
120000142,765,579,186
120000143,0,93,-93
120000144,137,3,134
120000145,467,2,465
120000146,912,1003,-91
120000149,717,1000,-283
120000150,2788,13321,-10533
120000151,529,347,182
120000152,883,190,693
120000153,453,452,1
120000154,503,539,-36
120000155,184,254,-70
120000156,737,1411,-674
120000157,1250,583,667
120000158,877,799,78
120000159,2108,2132,-24
120000160,2581,1640,941
120000161,2961,2098,863
120000162,105,288,-183
120000163,965,942,23
120000164,762,324,438
120000165,624,533,91
120000166,1545,526,1019
120000167,339,351,-12
120000168,59,1139,-1080
120000169,113,3250,-3137
120000170,146,2142,-1996
120000171,47,582,-535
120000172,37,339,-302
120000173,2385,2066,319
120000174,483,65,418
120000175,257,26,231
120000176,254,66,188
120000177,1956,262,1694
120000178,161,34,127
120000179,231,92,139
120000180,932,174,758
120000181,419,2607,-2188
120000182,189,1002,-813
120000183,35,941,-906
120000184,325,2415,-2090
120000186,45,847,-802
120000187,53,350,-297
120000188,99,675,-576
120000190,687,156,531
120000191,979,215,764
120000192,987,89,898
120000193,420,23,397
120000195,92,6,86
120000196,415,61,354
120000197,118,95,23
120000198,320,88,232
120000199,169,2,167
120000200,211,0,211
120000201,7,35,-28
120000202,2,63,-61
120000203,85,153,-68
120000207,3,59,-56
120000208,16,177,-161
120000209,4,57,-53
120000210,53,77,-24
120000211,260,2,258
120000212,301,3,298
120000213,199,163,36
120000214,1,204,-203
120000215,10,114,-104
120000216,206,20,186
120000217,589,1366,-777
120000218,125,588,-463
120000219,7,318,-311
120000220,11,949,-938
120000225,2524,4,2520
120000226,552,9,543
120000227,1356,90,1266
120000228,14182,4081,10101
120000230,527,37,490
120000231,1794,1829,-35
120000233,611,14,597
120000235,306,500,-194
120000236,1667,3,1664
120000237,3,1071,-1068
120000238,5,1266,-1261
120000241,1308,4226,-2918
120000412,569,13,556
120000413,288,197,91
120000414,179,5,174
120000415,1,49,-48
120000416,96,2,94
120000417,12,42,-30
120000418,254,25,229
120000419,11,159,-148
120000420,30,15,15
120000421,8896,5475,3421
120000422,124,1866,-1742
120000423,5,70,-65
120000424,159,105,54
120000436,127,814,-687
120000437,108,93,15
120000438,1829,267,1562
120000439,265,628,-363
120000443,217,5,212
120000444,1758,358,1400
120000445,1868,1014,854
120000446,666,227,439
120000447,324,0,324
120000449,180,4,176
120000450,12,125,-113
120000451,158,315,-157
120000452,430,0,430
120000453,0,309,-309
120000454,56,56,0
120000455,105,45,60
120000456,3078,4388,-1310
120000457,1089,403,686
120000458,609,570,39
120000459,127,65,62
120000665,1304,348,956
120000668,128,1807,-1679
120000669,158,196,-38
120000670,211,1344,-1133
120000671,1546,455,1091
120000672,60,517,-457
120900001,78,103,-25
120900002,343,630,-287
120900003,353,38,315
120900004,30,96,-66
120900005,141,637,-496
120900006,585,300,285
120900007,219,93,126
120900008,413,896,-483
120900009,286,33,253
120900010,583,156,427
120900011,250,236,14
120900012,254,1606,-1352
120900013,518,154,364
120900014,4,403,-399
120900015,935,122,813
120900016,1310,79,1231
120900017,2061,93,1968
120900018,197,314,-117
120900019,806,448,358
120900020,725,1591,-866
120900021,1093,289,804
120900022,19,223,-204
120900023,419,35,384
120900024,1923,586,1337
120900025,1461,1066,395
120900026,310,211,99
120900027,1275,56,1219
120900028,573,157,416
120900029,132,651,-519
120900030,1720,920,800
120900031,342,109,233
120900032,1415,112,1303
120900033,1446,116,1330
120900034,25,2778,-2753
120900035,70,121,-51
120900037,291,23,268
120900038,84,377,-293
120900039,140,91,49
120900040,404,6,398
120900041,118,23,95
120900042,697,57,640
120900043,116,63,53
120900044,15,394,-379
120900045,151,94,57
120900046,690,2,688
120900047,178,176,2
120900048,211,49,162
120900049,616,1,615
120900050,1436,1924,-488
120900051,371,107,264
120900052,881,7,874
120900053,511,33,478
120900054,1662,452,1210
120900055,515,4,511
120900056,622,29,593
120900057,228,43,185
120900058,770,1,769
120900059,150,0,150
120900060,107,28,79
120900061,272,209,63
120900062,286,4,282
120900063,758,12,746
120900064,924,2,922
120900065,702,56,646
120900066,477,224,253
120900067,177,54,123
120900068,400,0,400
120900069,354,30,324
120900071,92,0,92
120900072,845,2,843
120900073,752,139,613
120900074,813,12,801
120900076,625,0,625
120900077,2235,304,1931
120900078,1100,596,504
120900079,1025,114,911
120900080,1063,1120,-57
120900081,1357,493,864
120900082,439,389,50
120900083,365,2,363
120900084,557,514,43
120900085,79,124,-45
120900086,86,447,-361
120900087,529,385,144
120900088,286,600,-314
120900089,2349,3494,-1145
120900090,398,112,286
120900091,720,994,-274
120900092,1047,384,663
120900093,1344,130,1214
120900094,477,196,281
120900095,559,28,531
120900096,62,179,-117
120900097,750,585,165
120900098,277,152,125
120900099,57,62,-5
120900100,107,189,-82
120900101,513,201,312
120900102,52,146,-94
120900103,97,233,-136
120900104,30,62,-32
120900105,54,296,-242
120900106,985,440,545
120900107,293,135,158
120900108,5,347,-342
120900109,56,460,-404
120900110,15,680,-665
120900111,233,353,-120
120900112,19,569,-550
120900113,25,567,-542
120900114,22,104,-82
120900115,163,267,-104
120900116,492,312,180
120900117,4,358,-354
120900118,10,526,-516
120900119,9995,5395,4600
120900120,63,340,-277
120900121,171,466,-295
120900122,722,353,369
120900123,3,249,-246
120900124,2,387,-385
120900125,1,553,-552
120900126,1416,779,637
120900127,10,299,-289
120900128,971,1204,-233
120900129,49,183,-134
120900130,22,370,-348
120900131,203,75,128
120900132,1310,200,1110
120900133,143,590,-447
120900134,593,372,221
120900135,4,382,-378
120900136,66,82,-16
120900137,308,107,201
120900138,14,164,-150
120900139,6,459,-453
120900140,8,155,-147
120900141,284,238,46
120900142,11,296,-285
120900143,5,590,-585
120900144,0,129,-129
120900145,127,562,-435
120900146,2,666,-664
120900147,4,328,-324
120900148,187,132,55
120900149,0,163,-163
120900150,69,387,-318
120900151,2,353,-351
120900152,0,14,-14
120900153,77,176,-99
120900154,9,133,-124
120900155,235,767,-532
120900156,119,284,-165
120900157,131,357,-226
120900158,77,502,-425
120900159,95,600,-505
120900160,23,588,-565
120900161,150,701,-551
120900162,128,1039,-911
120900163,164,2399,-2235
120900164,1,36,-35
120900165,25,175,-150
120900166,216,589,-373
120900167,399,152,247
120900169,86,247,-161
120900170,700,3262,-2562
120900171,803,188,615
120900172,1176,2747,-1571
120900173,27,57,-30
120900174,10,109,-99
120900175,229,124,105
120900176,26,467,-441
120900177,3,1594,-1591
120900178,3,696,-693
120900179,659,414,245
120900180,131,190,-59
120900181,129,58,71
120900182,38,399,-361
120900183,839,90,749
120900184,467,70,397
120900185,18,740,-722
120900186,1,260,-259
120900187,665,893,-228
120900188,294,22,272
120900189,79,1836,-1757
120900190,114,29,85
120900191,28,15,13
120900192,6633,10269,-3636
120900194,74,117,-43
120900195,139,355,-216
120900196,968,32,936
120900197,1030,138,892
120900198,380,413,-33
120900199,619,1398,-779
120900200,113,106,7
120900201,451,130,321
120900202,0,130,-130
120900203,43,101,-58
120900204,144,198,-54
120900205,44,57,-13
120900206,15,39,-24
121000001,774,1135,-361
121000002,2406,1585,821
121000003,3420,2007,1413
121000004,2626,3883,-1257
121000005,1704,2598,-894
121000006,3471,2064,1407
121000007,2355,2995,-640
121000008,5609,4420,1189
121000009,5071,5973,-902
121000010,8207,6214,1993
121000011,7932,11497,-3565
121000012,15723,10139,5584
121000013,4742,6396,-1654
121000014,6097,5126,971
121000015,3928,6791,-2863
121000016,4349,3299,1050
121000017,2453,3983,-1530
121000018,3093,1803,1290
121000019,14787,12022,2765
121000020,13407,18967,-5560
121000021,2985,2465,520
121000022,3143,3509,-366
121000023,3523,2495,1028
121000024,4895,4834,61
121000025,555,1363,-808
121000026,433,187,246
121000027,1428,1218,210
121000028,960,474,486
121000029,1095,701,394
121000030,753,481,272
121000031,674,731,-57
121000032,215,145,70
121000034,406,229,177
121000035,177,167,10
121000036,998,898,100
121000037,607,534,73
121000038,446,954,-508
121000039,297,431,-134
121000041,535,479,56
121000042,303,433,-130
121000043,618,573,45
121000044,1236,883,353
121000045,482,317,165
121000046,868,1037,-169
121000047,48,120,-72
121000049,1120,526,594
121000050,303,1151,-848
121000051,636,294,342
121000052,427,703,-276
121000053,419,143,276
121000054,43,400,-357
121000055,1063,1097,-34
121000056,819,1056,-237
121000057,191,536,-345
121000058,355,210,145
121000059,2343,1218,1125
121000060,586,1048,-462
121000061,88,469,-381
121000062,134,424,-290
121000063,922,797,125
121000064,642,542,100
121000065,320,491,-171
121000066,319,319,0
121000067,447,612,-165
121000068,656,411,245
121000069,637,1211,-574
121000070,1865,1175,690
121000071,1672,1434,238
121000072,1176,665,511
121000073,1064,1057,7
121000074,142,167,-25
121000075,66,612,-546
121000076,711,591,120
121000077,165,261,-96
121000078,91,205,-114
121000080,1858,593,1265
121000081,5150,3520,1630
121000082,100,206,-106
121000083,133,127,6
121000084,216,141,75
121000085,264,427,-163
121000086,353,648,-295
121000087,61,306,-245
121000088,524,513,11
121000089,369,442,-73
121000090,409,435,-26
121000091,1318,997,321
121000092,233,60,173
121000093,255,187,68
121000094,542,866,-324
121000095,351,603,-252
121000096,2470,2294,176
121000097,756,2388,-1632
121000098,698,803,-105
121000099,680,632,48
121000100,924,286,638
121000101,439,237,202
121000102,370,216,154
121000103,232,235,-3
121000104,316,123,193
121000105,607,182,425
121000106,347,349,-2
121000107,2044,2892,-848
121000109,1107,1112,-5
121000110,292,669,-377
121000114,3082,2042,1040
121000115,1165,583,582
121000116,292,799,-507
121000117,570,227,343
121000118,1547,242,1305
121000119,387,398,-11
121000120,335,438,-103
121000121,652,1348,-696
121000123,1508,751,757
121000126,65,331,-266
121000127,210,90,120
121000128,1124,336,788
121000129,1203,592,611
121000130,804,667,137
121000131,1917,2136,-219
121000132,1317,2662,-1345
121000135,542,1128,-586
121000136,1604,1292,312
121000137,572,360,212
121000138,1020,1515,-495
121000139,582,475,107
121000141,256,197,59
121000142,695,758,-63
121000143,161,41,120
121000144,904,2129,-1225
121000145,547,911,-364
121000146,1602,1170,432
121000147,1194,486,708
121000148,972,1013,-41
121000149,2219,1287,932
121000152,434,389,45
121000153,1948,584,1364
121000154,1143,579,564
121000155,1880,995,885
121000156,461,984,-523
121000157,861,1633,-772
121000158,434,410,24
121000159,254,357,-103
121000160,286,292,-6
121000161,223,301,-78
121000162,125,142,-17
121000165,1453,2435,-982
121000166,15,386,-371
121000168,515,213,302
121000169,73,107,-34
121000170,415,109,306
121000171,95,161,-66
121000172,786,588,198
121000173,1466,1385,81
121000174,471,526,-55
121000175,1145,331,814
121000176,333,282,51
121000177,948,580,368
121000178,188,49,139
121000179,108,69,39
121000181,590,350,240
121000182,225,216,9
121000183,108,138,-30
121000184,103,145,-42
121000185,52,325,-273
121000186,265,922,-657
121000187,269,160,109
121000188,212,140,72
121000192,1092,456,636
121000193,746,476,270
121000194,1906,2029,-123
121000195,324,759,-435
121000196,320,176,144
121000197,228,639,-411
121000198,233,156,77
121000199,163,309,-146
121000200,690,113,577
121000201,10,170,-160
121000202,214,10,204
121000203,938,1639,-701
121000204,3223,645,2578
121000205,140,282,-142
121000206,214,80,134
121000207,2264,420,1844
121000208,8,262,-254
121000209,476,152,324
121000210,719,257,462
121000211,478,107,371
121000212,594,519,75
121000213,9941,3070,6871
121000214,956,1986,-1030
121000215,965,1048,-83
121000216,536,625,-89
121000217,4538,2983,1555
121000218,349,1546,-1197
121000219,1432,497,935
121000220,190,115,75
121000221,169,291,-122
121000222,2663,3007,-344
121000223,427,448,-21
121000224,282,324,-42
121000225,951,2544,-1593
121000226,2172,1448,724
121000227,15,138,-123
121000228,23,497,-474
121000229,373,350,23
121000230,54,1326,-1272
121000231,1187,45,1142
121000232,327,277,50
121000233,587,315,272
121000234,31,43,-12
121000235,54,92,-38
121000236,19,51,-32
121000237,71,30,41
121000238,15,83,-68
121000239,40,4,36
121000240,11,205,-194
121000241,106,15,91
121000242,110,563,-453
121000243,446,146,300
121000244,31,103,-72
121000245,47,37,10
121000246,5,117,-112
121000247,121,9,112
121000248,744,844,-100
121000249,140,328,-188
121000250,792,304,488
121000251,23,253,-230
121000252,126,87,39
121000253,301,389,-88
121000254,710,188,522
121000255,140,401,-261
121000256,439,262,177
121000257,45,85,-40
121000258,93,110,-17
121000259,46,80,-34
121000260,60,92,-32
121000261,117,77,40
121000262,901,612,289
121000263,443,348,95
121000271,347,1392,-1045
121000273,36,7,29
121000274,14,73,-59
121000275,4,8,-4
121000276,7,36,-29
121000278,42,40,2
121000279,18,40,-22
121000280,25,81,-56
121000289,329,33,296
121000290,1103,836,267
121000294,223,100,123
121000297,720,1219,-499
121000299,71,529,-458
121000300,819,532,287
121000302,39,1015,-976
121000303,485,279,206
121000304,509,52,457
121000305,198,48,150
121000306,161,149,12
121000308,161,318,-157
121000309,358,526,-168
121000310,118,283,-165
121000311,101,660,-559
121000312,415,368,47
121000313,316,443,-127
121000314,62,77,-15
121000315,46,106,-60
121000530,1783,1250,533
121000531,1854,1262,592
121000532,6939,8362,-1423
121000533,3406,3367,39
121000918,60,107,-47
121000919,73,93,-20
121000938,90,166,-76
121000939,75,181,-106
121000956,1646,923,723
121000957,6,22,-16
121000958,42,97,-55
121000959,1002,587,415
121000960,1549,1539,10
121000961,348,79,269
121000962,507,457,50
121000973,2,214,-212
121000976,16,215,-199
121000979,556,141,415
121000981,398,163,235
121000982,363,130,233
121000983,454,244,210
121000984,31,70,-39
121000985,709,321,388
121000986,439,127,312
121000987,296,738,-442
121000988,933,168,765
121001302,219,134,85
121001308,4,30,-26
121001309,69,138,-69
121001313,225,121,104
121001314,1549,2531,-982
121001315,5254,2881,2373
121900001,132,209,-77
121900002,58,44,14
121900003,423,21,402
121900004,135,385,-250
121900005,30,8,22
121900006,105,10,95
121900007,2060,2038,22
121900008,1447,974,473
121900009,723,17,706
121900010,240,3,237
121900011,384,357,27
121900012,19,1,18
121900013,886,87,799
121900014,1469,387,1082
121900015,190,162,28
121900016,7,38,-31
121900017,686,384,302
121900018,324,11,313
121900019,484,204,280
121900020,22,3,19
121900021,1050,19,1031
121900022,254,254,0
121900023,229,338,-109
121900024,289,83,206
121900025,650,484,166
121900026,443,75,368
121900027,507,228,279
121900028,260,14,246
121900029,135,280,-145
121900030,698,554,144
121900031,980,6792,-5812
121900032,91,89,2
121900033,186,272,-86
121900034,311,104,207
121900035,3239,2386,853
121900036,97,312,-215
121900037,193,1097,-904
121900038,46,94,-48
121900039,405,67,338
121900040,90,142,-52
121900041,198,198,0
121900042,506,157,349
121900043,6,5,1
121900044,75,81,-6
121900046,334,279,55
121900047,248,98,150
121900048,113,123,-10
121900050,57,65,-8
121900051,199,172,27
121900052,153,35,118
121900053,483,344,139
121900054,439,858,-419
121900055,3,14,-11
121900058,345,127,218
121900059,432,166,266
121900060,197,355,-158
121900061,257,179,78
121900062,122,146,-24
121900063,2103,365,1738
121900064,312,590,-278
121900066,74,20,54
121900067,49,34,15
121900069,204,118,86
121900070,267,189,78
121900071,368,245,123
121900072,57,80,-23
121900073,236,231,5
121900074,733,1151,-418
121900075,463,597,-134
121900076,463,683,-220
121900077,22,21,1
121900078,120,46,74
121900079,0,0,0
121900080,968,430,538
121900082,48,83,-35
121900084,28,87,-59
121900085,10,20,-10
121900086,21,102,-81
121900087,165,145,20
121900088,1824,3348,-1524
121900089,328,237,91
121900090,30,75,-45
121900091,96,60,36
121900092,93,153,-60
121900093,77,95,-18
121900094,20,12,8
121900095,304,176,128
121900096,1396,804,592
121900097,719,187,532
121900098,8,15,-7
121900099,243,37,206
121900100,163,641,-478
121900101,235,138,97
121900102,6,160,-154
121900103,605,249,356
121900104,1691,270,1421
121900105,396,268,128
121900106,7,10,-3
121900107,70,27,43
121900108,0,30,-30
121900109,227,160,67
121900110,652,554,98
121900111,729,341,388
121900112,147,154,-7
121900113,97,479,-382
121900114,93,65,28
121900115,190,330,-140
121900117,241,204,37
121900118,1734,670,1064
121900119,230,72,158
121900120,75,1217,-1142
121900121,372,42,330
121900122,43,71,-28
121900123,273,400,-127
121900124,210,183,27
121900125,1967,1028,939
121900127,32,78,-46
121900128,88,93,-5
121900129,465,168,297
121900130,114,200,-86
121900131,258,81,177
121900132,62,82,-20
121900133,43,1040,-997
121900134,34,149,-115
121900135,3313,511,2802
121900136,371,261,110
121900137,41,340,-299
121900138,188,283,-95
121900139,317,536,-219
121900140,59,172,-113
121900141,81,21,60
121900142,182,139,43
121900143,24,164,-140
121900144,119,296,-177
121900145,262,348,-86
121900146,717,681,36
121900147,43,147,-104
121900148,178,343,-165
121900149,357,550,-193
121900150,87,101,-14
121900151,69,239,-170
121900152,111,103,8
121900153,107,828,-721
121900154,19,236,-217
121900155,0,204,-204
121900156,214,140,74
121900157,3,281,-278
121900158,86,93,-7
121900159,0,198,-198
121900160,38,256,-218
121900161,277,332,-55
121900162,119,186,-67
121900163,369,372,-3
121900164,348,188,160
121900165,272,93,179
121900166,203,153,50
121900167,156,172,-16
121900168,164,224,-60
121900169,2,171,-169
121900170,16,194,-178
121900171,910,628,282
121900172,515,192,323
121900173,933,271,662
121900174,44,78,-34
121900175,362,432,-70
121900176,581,1197,-616
121900177,190,78,112
121900179,411,174,237
121900180,2718,5701,-2983
121900182,680,328,352
121900183,653,1317,-664
121900184,72,587,-515
121900186,4,387,-383
121900187,39,174,-135
121900188,687,293,394
121900189,44,90,-46
121900190,236,415,-179
121900191,129,230,-101
121900192,280,737,-457
121900194,4,371,-367
121900195,71,87,-16
121900196,793,858,-65
121900197,466,1197,-731
121900198,1039,966,73
121900199,0,45,-45
121900200,33,214,-181
121900201,930,848,82
121900202,112,761,-649
121900203,201,1002,-801
121900204,698,1437,-739
121900205,146,152,-6
121900206,22,63,-41
121900207,122,49,73
121900208,126,223,-97
121900209,91,49,42
121900210,1229,1012,217
121900211,13,116,-103
121900212,123,98,25
121900213,187,44,143
121900214,4,596,-592
121900215,77,151,-74
121900216,30,310,-280
121900217,343,211,132
121900218,162,366,-204
121900219,269,80,189
121900220,93,15,78
121900221,206,609,-403
121900222,162,159,3
121900223,209,68,141
121900224,143,69,74
121900225,121,131,-10
121900226,411,625,-214
121900227,259,544,-285
121900228,157,238,-81
121900229,327,270,57
121900230,91,406,-315
121900231,354,2530,-2176
121900232,210,461,-251
121900233,191,185,6
121900234,452,222,230
121900235,694,125,569
121900236,381,164,217
121900237,144,253,-109
121900238,152,254,-102
121900239,207,31,176
121900240,333,145,188
121900241,67,58,9
121900242,10,1,9
121900243,6,0,6
121900244,25,8,17
121900245,208,70,138
121900246,2722,301,2421
121900247,354,233,121
121900248,1121,1291,-170
121900250,265,326,-61
121900251,444,41,403
121900252,571,138,433
121900253,108,674,-566
121900254,475,303,172
121900255,361,120,241
121900258,3922,2178,1744
121900259,321,644,-323
121900260,202,143,59
121900261,205,567,-362
121900262,319,943,-624
121900263,315,224,91
121900264,1589,1254,335
121900265,347,224,123
121900266,553,119,434
121900267,69,60,9
121900269,284,806,-522
121900270,48,175,-127
121900271,46,142,-96
121900273,489,1955,-1466
121900274,362,207,155
121900276,914,139,775
121900277,446,1257,-811
121900278,181,1045,-864
121900279,140,214,-74
121900280,165,458,-293
121900281,356,641,-285
121900284,88,10,78
121900286,185,132,53
121900287,16,23,-7
121900290,285,405,-120
121900291,522,712,-190
121900292,112,130,-18
121900293,884,2464,-1580
121900294,277,4,273
121900295,165,193,-28
121900296,103,455,-352
121900298,303,904,-601
121900299,6,9,-3
121900300,140,14,126
121900301,50,11,39
121900302,5,35,-30
121900303,382,654,-272
121900304,5,6,-1
121900305,3,5,-2
121900306,190,1,189
121900307,83,23,60
121900308,21,237,-216
121900309,6,166,-160
121900310,11,313,-302
121900311,556,23,533
121900312,380,18,362
121900313,384,31,353
121900314,4,37,-33
121900315,12,0,12
121900316,0,4,-4
121900317,5,0,5
121900318,1,8,-7
121900319,38,86,-48
121900320,51,65,-14
121900321,10,1,9
121900322,3,28,-25
121900323,11,24,-13
121900324,5,38,-33
121900325,5,5,0
121900326,2,20,-18
121900327,9,40,-31
121900328,0,14,-14
121900329,2,72,-70
121900330,1,68,-67
121900331,73,70,3
121900332,74,16,58
122000001,1715,4632,-2917
122000002,3236,1352,1884
122000003,2010,2682,-672
122000004,2905,1470,1435
122000005,2527,2048,479
122000006,1467,1069,398
122000007,912,1481,-569
122000008,2165,4233,-2068
122000009,390,433,-43
122000010,1982,2818,-836
122000011,3053,1577,1476
122000012,918,1673,-755
122000013,1003,1181,-178
122000014,1884,1091,793
122000015,1243,1133,110
122000016,531,805,-274
122000017,1183,1056,127
122000018,1416,1404,12
122000019,812,961,-149
122000020,264,230,34
122000021,259,458,-199
122000022,1062,1122,-60
122000023,645,1725,-1080
122000024,567,1518,-951
122000025,790,2043,-1253
122000026,721,1309,-588
122000027,592,1499,-907
122000028,937,470,467
122000029,535,492,43
122000030,290,156,134
122000031,121,303,-182
122000032,1922,2005,-83
122000033,616,1475,-859
122000034,559,672,-113
122000035,320,643,-323
122000036,641,464,177
122000037,378,222,156
122000038,197,263,-66
122000039,523,371,152
122000040,235,266,-31
122000041,496,546,-50
122000042,300,405,-105
122000043,131,108,23
122000044,139,163,-24
122000045,1159,479,680
122000046,777,592,185
122000047,180,220,-40
122000048,3674,4379,-705
122000049,5984,3403,2581
122000050,1329,836,493
122000051,203,372,-169
122000052,511,455,56
122000053,186,774,-588
122000054,2240,1911,329
122000055,1936,3361,-1425
122000056,4098,3422,676
122000057,2760,3920,-1160
122000058,1745,1733,12
122000059,1960,2138,-178
122000060,484,801,-317
122000061,391,500,-109
122000062,687,306,381
122000063,1050,805,245
122000064,3096,3283,-187
122000065,3161,2364,797
122000066,964,1004,-40
122000067,1374,1112,262
122000068,1593,1071,522
122000069,781,674,107
122000070,925,1334,-409
122000071,1916,1014,902
122000072,457,425,32
122000073,278,812,-534
122000074,2847,1498,1349
122000075,919,1115,-196
122000076,2950,1370,1580
122000077,975,1214,-239
122000078,1484,2853,-1369
122000079,702,1459,-757
122000080,598,367,231
122000081,199,201,-2
122000082,487,1072,-585
122000083,2295,1442,853
122000084,1787,1052,735
122000085,267,891,-624
122000086,2059,5744,-3685
122000087,400,350,50
122000088,421,515,-94
122000089,4022,2253,1769
122000090,165,637,-472
122000091,148,105,43
122000092,78,20,58
122000093,1562,2395,-833
122000094,4461,2956,1505
122000095,1577,4249,-2672
122000096,1446,1818,-372
122000098,2876,3089,-213
122000099,1225,800,425
122000100,775,610,165
122000101,385,583,-198
122000102,2028,1108,920
122000103,1909,1506,403
122000104,462,206,256
122000105,505,296,209
122000106,440,696,-256
122000107,997,391,606
122000108,501,740,-239
122000109,378,254,124
122000110,505,495,10
122000111,2639,1475,1164
122000112,1141,1352,-211
122000113,712,607,105
122000114,2441,1708,733
122000115,1774,1287,487
122000116,428,644,-216
122000117,1163,352,811
122000118,562,703,-141
122000119,3028,2469,559
122000120,1940,3979,-2039
122000121,1813,2683,-870
122000122,645,1518,-873
122000123,1717,1709,8
122000124,946,521,425
122000125,544,759,-215
122000126,545,976,-431
122000127,969,950,19
122000128,415,637,-222
122000129,458,1328,-870
122000130,3229,1290,1939
122000131,1550,966,584
122000132,489,495,-6
122000133,996,1270,-274
122000134,973,815,158
122000135,617,605,12
122000136,947,609,338
122000137,2250,876,1374
122000139,963,3892,-2929
122000140,568,589,-21
122000141,3536,1157,2379
122000142,238,817,-579
122000143,482,504,-22
122000144,1507,943,564
122000145,1078,757,321
122000146,644,1047,-403
122000147,608,428,180
122000148,1248,2318,-1070
122000149,2126,1286,840
122000150,1262,873,389
122000151,148,312,-164
122000152,362,339,23
122000153,397,271,126
122000154,247,239,8
122000155,1419,2519,-1100
122000156,2332,2659,-327
122000157,1115,2408,-1293
122000158,308,606,-298
122000159,735,1371,-636
122000160,3995,2109,1886
122000161,1459,1085,374
122000162,1757,2023,-266
122000163,198,92,106
122000164,34,103,-69
122000165,833,678,155
122000166,988,948,40
122000167,294,307,-13
122000168,200,581,-381
122000169,310,198,112
122000170,340,257,83
122000171,62,115,-53
122000172,1745,1251,494
122000173,1534,2323,-789
122000174,2096,1025,1071
122000175,805,263,542
122000176,341,868,-527
122000177,1518,1424,94
122000178,2558,2342,216
122000179,1457,2501,-1044
122000180,1572,1224,348
122000181,1371,3150,-1779
122000182,1747,1914,-167
122000183,2209,1081,1128
122000184,2858,2533,325
122000185,1337,1764,-427
122000186,425,798,-373
122000187,1905,818,1087
122000188,450,246,204
122000189,312,312,0
122000190,800,1202,-402
122000191,821,817,4
122000192,1129,344,785
122000193,418,789,-371
122000194,500,188,312
122000195,164,465,-301
122000196,1248,635,613
122000197,443,637,-194
122000198,505,905,-400
122000199,281,361,-80
122000200,873,632,241
122000201,1284,1658,-374
122000202,1331,1659,-328
122000203,2467,1439,1028
122000204,1323,1865,-542
122000205,1061,1309,-248
122000206,2537,1007,1530
122000207,2323,1308,1015
122000208,2298,1315,983
122000209,1975,419,1556
122000210,1985,1489,496
122000211,1300,1238,62
122000212,844,557,287
122000213,1055,1335,-280
122000214,2175,1750,425
122000215,2098,1586,512
122000217,1602,1338,264
122000218,773,108,665
122000219,1014,813,201
122000220,369,719,-350
122000221,84,404,-320
122000222,518,139,379
122000223,1214,550,664
122000225,767,285,482
122000226,1785,1721,64
122000227,255,2198,-1943
122000228,321,308,13
122000229,17,505,-488
122000230,67,424,-357
122000231,284,719,-435
122000232,666,558,108
122000233,1,59,-58
122000234,465,39,426
122000235,522,135,387
122000236,1445,76,1369
122000237,137,100,37
122000238,404,360,44
122000239,749,271,478
122000240,1303,625,678
122000241,827,411,416
122000242,859,107,752
122000243,15,19,-4
122000244,12,268,-256
122000245,10,70,-60
122000246,89,143,-54
122000247,602,253,349
122000248,876,1325,-449
122000249,944,941,3
122000250,2206,940,1266
122000251,205,426,-221
122000252,479,116,363
122000253,68,233,-165
122000254,295,73,222
122000255,713,1093,-380
122000256,327,640,-313
122000257,173,214,-41
122000258,310,266,44
122000259,17,369,-352
122000260,5,45,-40
122000261,14,187,-173
122000262,3,34,-31
122000263,578,314,264
122000264,1714,308,1406
122000265,2474,883,1591
122000266,4148,603,3545
122000267,150,89,61
122000268,154,283,-129
122000269,907,285,622
122000270,581,164,417
122000271,261,831,-570
122000272,355,697,-342
122000273,408,319,89
122000274,208,159,49
122000275,88,169,-81
122000276,895,569,326
122000277,1196,1608,-412
122000278,2154,583,1571
122000279,306,408,-102
122000280,989,727,262
122000281,1148,701,447
122000282,285,368,-83
122000283,270,121,149
122000284,380,71,309
122000285,369,88,281
122000286,66,159,-93
122000287,1463,1374,89
122000288,478,204,274
122000291,2125,772,1353
122000293,206,246,-40
122000294,148,265,-117
122000295,1184,232,952
122000296,37,460,-423
122000297,2239,3855,-1616
122000299,609,390,219
122000300,516,736,-220
122000301,7752,3297,4455
122000302,651,1908,-1257
122000303,2504,1242,1262
122000304,75,225,-150
122000305,1374,257,1117
122000306,34,388,-354
122000307,137,107,30
122000309,73,53,20
122000310,22,110,-88
122000311,198,157,41
122000312,157,195,-38
122000313,172,87,85
122000314,132,234,-102
122000315,323,42,281
122000316,1118,249,869
122000317,1875,307,1568
122000318,236,1084,-848
122000319,193,301,-108
122000320,324,970,-646
122000321,119,119,0
122000322,1779,2151,-372
122000323,1168,2122,-954
122000324,1068,1130,-62
122000325,971,1873,-902
122000326,109,110,-1
122000327,477,748,-271
122000328,719,452,267
122000330,1621,849,772
122000332,226,366,-140
122000333,5,75,-70
122000337,1246,924,322
122000338,650,348,302
122000340,340,548,-208
122000342,1072,867,205
122000343,389,451,-62
122000344,60,29,31
122000345,66,33,33
122000346,482,314,168
122000348,1197,693,504
122000349,204,540,-336
122000351,163,222,-59
122000352,338,156,182
122000353,159,65,94
122000355,155,341,-186
122000356,1037,1162,-125
122000357,75,34,41
122000358,0,52,-52
122000359,0,25,-25
122000360,0,47,-47
122000362,8,51,-43
122000364,190,297,-107
122000365,2,39,-37
122000366,7,7,0
122000368,391,607,-216
122000370,22,45,-23
122000371,31,0,31
122000372,18,1,17
122000381,149,319,-170
122000382,73,203,-130
122000384,1953,1187,766
122000385,79,0,79
122000386,320,1540,-1220
122000387,525,770,-245
122000388,1523,613,910
122000389,178,630,-452
122000390,280,180,100
122000391,267,375,-108
122000392,163,160,3
122000393,53,104,-51
122000394,604,192,412
122000395,130,91,39
122000396,316,86,230
122000397,34,49,-15
122000398,25,69,-44
122000399,166,49,117
122000400,81,573,-492
122000401,129,44,85
122000402,394,100,294
122000403,523,575,-52
122000404,227,184,43
122000408,733,1149,-416
122000503,7,113,-106
122000524,166,196,-30
122000544,78,2300,-2222
122000616,296,6,290
122000640,73,95,-22
122000641,108,225,-117
122000642,1079,697,382
122000643,103,217,-114
122000644,163,93,70
122000645,88,191,-103
122000651,983,1102,-119
122000664,176,35,141
122000665,1288,549,739
122000666,684,1052,-368
122000673,56,153,-97
122000674,219,80,139
122000675,2122,646,1476
122000686,366,990,-624
122000687,1479,277,1202
122000688,397,380,17
122000689,1105,353,752
122000690,2699,366,2333
122000691,842,1155,-313
122000692,1921,300,1621
122000693,443,1296,-853
122000695,400,349,51
122000696,577,208,369
122000698,423,306,117
122000699,241,124,117
122000701,1717,333,1384
122000702,438,906,-468
122000703,184,64,120
122000717,97,64,33
122000718,377,1031,-654
122000719,154,105,49
122000720,521,167,354
122900001,61,15,46
122900002,1143,6341,-5198
122900003,502,44,458
122900004,1957,86,1871
122900005,156,105,51
122900006,720,843,-123
122900007,140,88,52
122900008,515,312,203
122900009,715,502,213
122900010,234,109,125
122900012,190,430,-240
122900014,105,194,-89
122900015,1405,1406,-1
122900016,127,245,-118
122900017,335,815,-480
122900018,157,25,132
122900019,12,116,-104
122900020,202,470,-268
122900021,35,454,-419
122900022,1078,773,305
122900023,671,179,492
122900024,198,92,106
122900025,18,345,-327
122900026,29,229,-200
122900027,59,520,-461
122900028,116,175,-59
122900029,4072,2933,1139
122900030,967,611,356
122900031,46,332,-286
122900032,162,476,-314
122900033,237,127,110
122900034,3734,4725,-991
122900035,31,12,19
122900036,79,79,0
122900037,434,133,301
122900038,88,3093,-3005
122900039,102,471,-369
122900040,233,413,-180
122900041,281,354,-73
122900042,167,248,-81
122900043,387,237,150
122900044,121,305,-184
122900045,75,98,-23
122900046,224,273,-49
122900047,126,163,-37
122900048,59,252,-193
122900049,1073,170,903
122900051,62,139,-77
122900052,121,111,10
122900053,31,30,1
122900055,329,74,255
122900057,246,49,197
122900061,593,186,407
122900062,676,665,11
122900063,138,207,-69
122900064,901,421,480
122900065,544,214,330
122900066,765,395,370
122900067,902,609,293
122900068,99,261,-162
122900069,323,1419,-1096
122900070,416,47,369
122900071,117,279,-162
122900072,12,434,-422
122900073,24,177,-153
122900074,1060,430,630
122900075,0,48,-48
122900076,8,120,-112
122900077,1,133,-132
122900078,227,58,169
122900080,36,31,5
122900081,217,129,88
122900082,1080,179,901
122900083,111,112,-1
122900084,5,172,-167
122900086,19,139,-120
122900087,347,418,-71
122900088,45,203,-158
122900089,81,233,-152
122900090,14,313,-299
122900091,306,0,306
122900092,1,118,-117
122900093,0,156,-156
122900094,1,101,-100
122900095,189,25,164
122900096,435,81,354
122900097,24,53,-29
122900098,55,110,-55
122900099,66,15,51
122900100,206,456,-250
122900101,486,294,192
122900102,17,43,-26
122900103,59,5,54
122900104,185,7,178
122900105,17,13,4
122900106,5,38,-33
122900107,2,70,-68
122900108,1,74,-73
123000001,1160,452,708
123000002,3136,5859,-2723
123000003,4217,4492,-275
123000004,2899,3556,-657
123000005,3237,2947,290
123000006,2356,2232,124
123000007,3835,2543,1292
123000008,2564,2641,-77
123000009,4526,3025,1501
123000010,3308,3181,127
123000011,2088,788,1300
123000012,764,1978,-1214
123000013,3990,903,3087
123000014,823,3451,-2628
123000015,3051,1401,1650
123000016,3851,5025,-1174
123000017,3206,1665,1541
123000018,78,89,-11
123000019,483,192,291
123000020,315,69,246
123000021,173,199,-26
123000022,335,1572,-1237
123000023,2033,1929,104
123000024,1552,643,909
123000025,81,108,-27
123000026,24,87,-63
123000027,104,616,-512
123000028,1015,706,309
123000029,488,1212,-724
123000030,320,196,124
123000031,364,192,172
123000032,565,109,456
123000033,342,73,269
123000034,1027,679,348
123000035,577,542,35
123000036,324,1004,-680
123000037,316,314,2
123000038,136,207,-71
123000039,502,1656,-1154
123000040,624,332,292
123000041,999,1210,-211
123000042,626,616,10
123000043,2463,11980,-9517
123000044,3655,2782,873
123000045,5166,2944,2222
123000046,604,1697,-1093
123000047,1439,889,550
123000048,99,1108,-1009
123000049,5898,11420,-5522
123000050,1715,1614,101
123000051,69,148,-79
123000052,811,3506,-2695
123000053,2792,2886,-94
123000054,1645,1825,-180
123000055,1634,3318,-1684
123000056,1051,1628,-577
123000057,7705,7930,-225
123000058,641,1293,-652
123000059,415,556,-141
123000060,1093,445,648
123000061,208,685,-477
123000063,1033,953,80
123000064,1189,262,927
123000065,4209,2715,1494
123000066,636,554,82
123000067,1021,516,505
123000068,2342,2341,1
123000069,6127,2655,3472
123000070,217,612,-395
123000071,1499,840,659
123000072,1168,671,497
123000073,1684,759,925
123000074,1402,854,548
123000075,414,1382,-968
123000076,876,562,314
123000077,1887,1753,134
123000078,2013,1283,730
123000079,2133,1585,548
123000080,2761,1378,1383
123000081,148,334,-186
123000082,307,833,-526
123000083,1213,268,945
123000084,803,383,420
123000085,517,48,469
123000086,677,100,577
123000087,656,301,355
123000088,1462,658,804
123000089,706,912,-206
123000090,1370,833,537
123000091,1401,1156,245
123000092,823,1092,-269
123000094,792,182,610
123000095,734,608,126
123000096,870,341,529
123000097,563,485,78
123000098,790,451,339
123000099,645,403,242
123000100,468,733,-265
123000101,583,529,54
123000102,401,723,-322
123000104,535,403,132
123000105,625,472,153
123000106,461,470,-9
123000107,327,398,-71
123000108,591,1006,-415
123000111,1115,330,785
123000112,1563,463,1100
123000113,652,901,-249
123000114,316,576,-260
123000115,342,279,63
123000116,54,92,-38
123000117,1973,1474,499
123000118,490,657,-167
123000119,279,577,-298
123000120,313,613,-300
123000121,465,457,8
123000122,297,225,72
123000123,506,427,79
123000124,395,418,-23
123000125,1388,1216,172
123000126,1279,4602,-3323
123000127,593,602,-9
123000128,292,250,42
123000129,920,217,703
123000130,853,72,781
123000131,1259,778,481
123000132,277,555,-278
123000133,216,302,-86
123000134,343,129,214
123000135,2943,1237,1706
123000136,180,621,-441
123000137,115,250,-135
123000138,69,339,-270
123000139,523,105,418
123000140,115,542,-427
123000141,890,149,741
123000142,862,883,-21
123000143,822,1417,-595
123000144,56,67,-11
123000145,160,174,-14
123000146,33,72,-39
123000147,72,94,-22
123000149,364,345,19
123000150,175,226,-51
123000151,271,518,-247
123000152,131,435,-304
123000153,194,787,-593
123000154,1548,1862,-314
123000155,1894,1226,668
123000156,27,94,-67
123000157,515,742,-227
123000158,583,826,-243
123000159,3334,3190,144
123000160,1077,904,173
123000161,1985,1246,739
123000162,1330,1684,-354
123000163,632,193,439
123000164,1951,406,1545
123000165,380,1123,-743
123000166,34,121,-87
123000167,166,249,-83
123000168,264,173,91
123000169,955,180,775
123000170,95,114,-19
123000171,961,19,942
123000172,183,455,-272
123000173,683,331,352
123000174,1208,419,789
123000175,436,955,-519
123000176,1376,349,1027
123000177,320,893,-573
123000178,910,209,701
123000179,50,438,-388
123000180,1856,300,1556
123000181,300,885,-585
123000182,354,375,-21
123000183,168,520,-352
123000184,112,385,-273
123000185,1027,344,683
123000186,5,454,-449
123000187,762,16,746
123000188,226,0,226
123000189,201,143,58
123000190,60,78,-18
123000192,19,286,-267
123000193,70,641,-571
123000194,330,288,42
123000195,528,54,474
123000196,464,16,448
123000197,60,95,-35
123000198,25,676,-651
123000199,13,545,-532
123000200,794,28,766
123000201,1416,31,1385
123000202,13,621,-608
123000203,1248,45,1203
123000204,51,748,-697
123000205,450,1159,-709
123000206,2678,258,2420
123000207,96,678,-582
123000208,635,189,446
123000209,2257,660,1597
123000210,477,1449,-972
123000211,478,1841,-1363
123000212,3941,635,3306
123000213,813,109,704
123000215,83,340,-257
123000216,198,1243,-1045
123000217,225,45,180
123000218,48,731,-683
123000219,814,77,737
123000220,491,129,362
123000221,154,83,71
123000222,466,369,97
123000223,571,251,320
123000224,384,312,72
123000225,315,81,234
123000226,97,335,-238
123000227,73,262,-189
123000228,347,83,264
123000229,811,1151,-340
123000232,134,536,-402
123000233,839,157,682
123000234,144,518,-374
123000235,1517,356,1161
123000236,384,588,-204
123000237,382,106,276
123000238,84,373,-289
123000239,486,1078,-592
123000240,52,586,-534
123000241,378,90,288
123000242,361,176,185
123000243,901,757,144
123000244,992,684,308
123000245,49,155,-106
123000249,1275,538,737
123000252,999,280,719
123000253,1622,505,1117
123000254,830,855,-25
123000255,1370,1008,362
123000256,20,210,-190
123000257,2487,1532,955
123000258,1004,592,412
123000259,485,440,45
123000260,591,360,231
123000261,362,139,223
123000262,88,129,-41
123000263,523,127,396
123000264,190,113,77
123000265,48,150,-102
123000266,609,584,25
123000267,948,421,527
123000268,38,63,-25
123000269,47,59,-12
123000270,29,49,-20
123000271,53,63,-10
123000272,693,309,384
123000273,322,905,-583
123000274,1201,606,595
123000275,270,660,-390
123000278,2090,2622,-532
123000279,108,66,42
123000280,278,236,42
123000281,384,124,260
123000282,166,269,-103
123000283,181,46,135
123000284,73,57,16
123000286,180,346,-166
123000287,358,249,109
123000288,1327,1164,163
123000289,358,1452,-1094
123000291,248,750,-502
123000294,194,204,-10
123000295,912,1041,-129
123000296,693,471,222
123000297,414,254,160
123000298,536,263,273
123000299,67,107,-40
123000300,1243,859,384
123000301,174,345,-171
123000302,119,120,-1
123000303,169,211,-42
123000305,844,756,88
123000306,197,83,114
123000309,59,44,15
123000310,35,29,6
123000311,1,81,-80
123000312,538,575,-37
123000313,635,360,275
123000315,233,267,-34
123000316,1036,85,951
123000317,263,70,193
123000318,50,141,-91
123000329,45,36,9
123000337,1125,389,736
123000338,391,98,293
123000339,275,46,229
123000340,134,274,-140
123000342,5,19,-14
123000343,47,9,38
123000344,1021,357,664
123000345,328,486,-158
123000346,424,45,379
123000352,1113,842,271
123000353,36,62,-26
123000354,321,56,265
123000355,0,208,-208
123000356,522,5,517
123000357,2,156,-154
123000359,8,120,-112
123000360,211,78,133
123000361,208,225,-17
123000362,583,71,512
123000363,124,154,-30
123000364,541,506,35
123000365,24,425,-401
123000366,375,2283,-1908
123000367,338,794,-456
123000370,31,260,-229
123000371,970,41,929
123000372,388,35,353
123000373,2,303,-301
123000374,12,144,-132
123000375,380,51,329
123000376,938,578,360
123000377,609,9,600
123000378,8,282,-274
123000379,6,158,-152
123000380,47,420,-373
123000381,96,138,-42
123000382,1046,168,878
123000383,140,1371,-1231
123000384,496,135,361
123000385,182,573,-391
123000436,49,1436,-1387
123000507,103,163,-60
123000508,128,1125,-997
123000517,226,45,181
123000518,40,217,-177
123000519,166,58,108
123000520,44,197,-153
123000521,396,101,295
123000522,113,347,-234
123000541,18,2,16
123000542,0,13,-13
123000565,867,40,827
123000566,255,226,29
123000567,81,175,-94
123000573,34,568,-534
123000574,1000,87,913
123000575,1759,896,863
123000576,1212,1019,193
123000577,82,568,-486
123000578,471,122,349
123000579,1495,6680,-5185
123000580,95,30,65
123000582,490,36,454
123000583,31,335,-304
123000584,171,275,-104
123000585,0,53,-53
123000586,92,0,92
123000596,67,65,2
123000597,87,116,-29
123000602,66,12,54
123000603,933,545,388
123000604,491,514,-23
123000605,714,109,605
123000606,2,351,-349
123000609,24,401,-377
123000610,212,174,38
123000613,25,183,-158
123000614,363,65,298
123000615,40,88,-48
123000616,1158,55,1103
123000617,123,234,-111
123000618,101,601,-500
123000619,656,43,613
123000620,28,359,-331
123000622,522,28,494
123000624,196,54,142
123000630,1405,437,968
123000631,243,633,-390
123000632,545,600,-55
123000633,0,154,-154
123000634,52,147,-95
123000635,79,71,8
123000636,61,508,-447
123000637,268,62,206
123000638,457,44,413
123000639,880,5429,-4549
123000640,27,456,-429
123900001,1024,44,980
123900002,26,1189,-1163
123900003,211,330,-119
123900005,229,192,37
123900006,371,50,321
124000001,2257,209,2048
124000002,84,1253,-1169
124000003,1132,173,959
124000004,75,373,-298
124000005,1257,796,461
124000006,229,786,-557
124000007,390,99,291
124000008,6,428,-422
124000009,617,242,375
124000010,219,376,-157
124000011,1159,316,843
124000012,347,369,-22
124000017,163,150,13
124000018,136,52,84
124000019,155,134,21
124000020,44,125,-81
124000021,171,84,87
124000022,111,210,-99
124000023,1422,1510,-88
124000024,1075,351,724
124000025,1191,1790,-599
124000026,721,813,-92
124000027,5054,5286,-232
124000028,1518,3835,-2317
124000030,1947,1135,812
124000031,1435,4884,-3449
124000032,1762,812,950
124000033,210,306,-96
124000034,714,505,209
124000035,43,240,-197
124000036,68,165,-97
124000037,608,1048,-440
124000038,50,106,-56
124000039,1088,498,590
124000040,470,1073,-603
124000041,634,95,539
124000042,128,387,-259
124000043,151,85,66
124000044,49,174,-125
124000045,1011,545,466
124000046,277,570,-293
124000047,2226,700,1526
124000048,882,913,-31
124000049,2027,553,1474
124000050,792,1215,-423
124000051,1196,527,669
124000052,540,694,-154
124000053,613,1696,-1083
124000054,827,379,448
124000055,1457,3214,-1757
124000056,1728,1107,621
124000057,1063,591,472
124000058,359,886,-527
124000059,749,1400,-651
124000060,925,516,409
124000061,1267,5563,-4296
124000062,2725,1518,1207
124000063,1064,1392,-328
124000064,1887,1163,724
124000065,14,462,-448
124000066,76,50,26
124000067,222,157,65
124000068,15,29,-14
124000069,166,10,156
124000070,73,127,-54
124000071,146,89,57
124000072,152,333,-181
124000073,1133,156,977
124000074,188,546,-358
124000075,410,34,376
124000076,11,146,-135
124000077,1314,833,481
124000078,2834,1077,1757
124000079,352,1267,-915
124000080,536,224,312
124000081,264,423,-159
124000082,72,188,-116
124000083,39,73,-34
124000084,59,356,-297
124000085,117,32,85
124000086,55,157,-102
124000087,160,114,46
124000088,348,505,-157
124000089,1021,459,562
124000090,116,228,-112
124000091,429,81,348
124000092,65,309,-244
124000093,215,100,115
124000094,397,502,-105
124000095,141,65,76
124000096,137,245,-108
124000097,122,154,-32
124000098,49,47,2
124000099,180,92,88
124000100,91,82,9
124000101,131,111,20
124000102,102,65,37
124000103,111,128,-17
124000104,69,41,28
124000105,123,85,38
124000106,122,53,69
124000107,32,213,-181
124000108,54,25,29
124000109,107,89,18
124000110,148,72,76
124000111,214,159,55
124000112,828,432,396
124000113,133,92,41
124000114,321,292,29
124000115,335,530,-195
124000116,104,158,-54
124000117,57,109,-52
124000118,46,104,-58
124000119,921,487,434
124000120,756,510,246
124000121,1259,729,530
124000122,543,1070,-527
124000123,1140,403,737
124000124,473,931,-458
124000125,520,425,95
124000126,302,552,-250
124000127,1058,310,748
124000128,590,735,-145
124000129,2272,1531,741
124000130,787,460,327
124000131,885,561,324
124000132,780,641,139
124000133,1001,867,134
124000134,1167,494,673
124000135,1725,1716,9
124000136,805,865,-60
124000137,1345,766,579
124000138,1594,1215,379
124000139,467,17,450
124000140,22,339,-317
124000141,217,21,196
124000142,20,129,-109
124000143,50,9,41
124000144,9,39,-30
124000145,164,37,127
124000146,33,60,-27
124000148,43,86,-43
124000149,1153,430,723
124000150,328,625,-297
124000151,782,216,566
124000152,600,983,-383
124000153,1253,658,595
124000154,743,518,225
124000155,1200,763,437
124000156,1123,730,393
124000169,206,517,-311
124000170,410,346,64
124000171,335,259,76
124000172,326,402,-76
124000173,583,163,420
124000174,357,454,-97
124000175,12,106,-94
124000176,48,37,11
124000177,12,35,-23
124000178,33,120,-87
124000190,29,32,-3
124000191,44,62,-18
124000192,1542,429,1113
124000193,248,922,-674
124000194,330,329,1
124000195,346,595,-249
124000196,800,753,47
124000197,40,49,-9
124000198,50,76,-26
124000201,323,636,-313
124000202,753,276,477
124000203,581,413,168
124000204,1029,273,756
124000205,126,295,-169
124000206,870,282,588
124000207,0,44,-44
124000209,211,330,-119
124000210,695,193,502
124000211,772,6,766
124000212,1,234,-233
124000213,588,190,398
124000214,480,352,128
124000215,434,22,412
124000216,3,239,-236
124000329,129,929,-800
124000338,136,405,-269
124000339,1333,111,1222
124000341,1771,79,1692
124000344,66,37,29
124000357,1292,2566,-1274
124000358,998,1485,-487
124000359,1673,673,1000
124000360,1283,427,856
124000361,1957,1038,919
124000362,913,1172,-259
124000363,343,333,10
124000364,521,897,-376
124000365,465,755,-290
124000366,1076,753,323
124000367,86,366,-280
124000368,446,512,-66
124000369,182,107,75
124000370,79,371,-292
124000402,32,12,20
124000403,189,13,176
124000404,21,79,-58
124000405,1179,841,338
124000406,701,701,0
124000407,3,19,-16
124000411,6,218,-212
124000412,417,7,410
124000413,120,35,85
124000414,76,114,-38
124000415,59,59,0
124000416,116,132,-16
124000417,202,83,119
124000418,193,77,116
124000419,86,72,14
124000420,145,48,97
124000421,48,110,-62
124000422,25,19,6
124000423,134,27,107
124000424,4,56,-52
124000425,48,25,23
124000426,2,37,-35
124000427,41,8,33
124000428,2,51,-49
124000429,96,44,52
124000430,839,433,406
124000431,305,593,-288
124000432,253,627,-374
124000439,4,4,0
124000442,8,78,-70
124000443,2,7,-5
124000445,123,612,-489
124000446,454,58,396
124900001,559,363,196
124900002,175,230,-55
124900003,1085,455,630
124900004,681,259,422
124900005,250,143,107
124900006,745,210,535
124900008,1247,457,790
124900009,221,639,-418
124900010,281,180,101
124900011,1004,324,680
124900012,949,190,759
124900013,430,113,317
124900014,296,59,237
124900015,184,592,-408
124900016,70,128,-58
124900017,595,2060,-1465
124900018,82,9,73
124900019,485,31,454
124900020,168,119,49
124900021,422,101,321
124900022,57,5,52
124900024,342,12,330
124900026,128,18,110
124900027,146,512,-366
124900028,526,113,413
124900029,28,515,-487
124900030,6,125,-119
124900031,74,356,-282
124900032,233,221,12
124900033,97,273,-176
124900034,30,112,-82
124900035,153,405,-252
124900036,2,49,-47
124900037,203,271,-68
124900038,276,142,134
124900039,0,124,-124
124900040,175,147,28
124900041,238,577,-339
124900042,426,3,423
124900043,430,562,-132
124900044,79,4,75
124900045,661,948,-287
124900046,1371,399,972
124900047,114,268,-154
124900048,168,55,113
124900050,135,141,-6
124900052,149,624,-475
124900053,143,242,-99
124900054,1135,502,633
124900055,1,177,-176
124900057,8,42,-34
124900060,70,137,-67
124900061,94,13,81
124900062,199,24,175
124900066,0,13,-13
124900067,9,107,-98
124900068,339,1092,-753
124900069,91,140,-49
124900070,117,37,80
124900072,165,33,132
124900074,495,167,328
124900075,265,196,69
124900076,36,1270,-1234
124900077,34,87,-53
124900078,78,31,47
124900079,388,484,-96
124900080,260,357,-97
124900081,1116,245,871
124900082,286,437,-151
124900083,203,286,-83
124900084,1050,132,918
124900085,648,559,89
124900086,94,1437,-1343
124900087,443,111,332
124900088,450,102,348
124900089,920,23,897
124900090,600,241,359
124900091,420,267,153
124900092,269,184,85
124900093,512,193,319
124900094,616,275,341
124900095,171,629,-458
124900096,577,364,213
124900097,402,76,326
124900098,151,293,-142
124900099,574,412,162
124900100,374,70,304
124900101,113,346,-233
124900102,286,24,262
124900103,112,174,-62
124900104,50,143,-93
124900105,70,95,-25
124900106,524,66,458
124900107,123,24,99
124900108,115,117,-2
124900109,83,114,-31
124900110,388,283,105
124900111,2,102,-100
124900112,70,597,-527
124900113,5,10,-5
124900114,2,8,-6
124900115,9,11,-2
124900116,12,11,1
124900117,6,5,1
124900118,1,16,-15
124900119,14,5,9
124900120,1,14,-13
124900121,2,12,-10
124900122,5,15,-10
124900123,4,11,-7
124900124,4,9,-5
129000186,146,60,86
204000001,33,6,27
204000002,7,2,5
204000003,34,3,31
204000004,11,4,7
204000005,602,379,223
204000006,1351,1087,264
204000008,826,483,343
204000011,12,28,-16
204000012,60,34,26
204000013,2,20,-18
204000019,777,363,414
204000020,791,728,63
204000021,1991,971,1020
204000022,677,511,166
204000023,550,564,-14
204000031,19,11,8
204000032,307,21,286
204000034,36,228,-192
204000035,3,3,0
204000036,10,13,-3
204000037,0,15,-15
204000038,2,8,-6
204000039,5,11,-6
204000040,5,13,-8
204000041,10,21,-11
204000042,60,8,52
204000043,39,3,36
204000044,27,2,25
204000045,85,1,84
204000046,8,3,5
204000057,3,19,-16
204000062,4,14,-10
204000068,26,180,-154
204000069,11,268,-257
204000070,78,59,19
204000080,45,51,-6
204000085,1914,1547,367
204000086,1795,1454,341
204000087,57,3,54
204000088,6,82,-76
204000090,29,274,-245
204000093,577,55,522
204000096,941,806,135
204000097,669,6,663
204000099,1307,1323,-16
204000100,1566,1526,40
204000105,1830,1243,587
204000110,831,1449,-618
204000111,431,826,-395
204000112,1270,1789,-519
204000113,663,1287,-624
204000114,1307,946,361
204000115,871,352,519
204000116,2607,966,1641
204000119,2007,2311,-304
204000132,829,379,450
204000133,889,147,742
204000134,354,68,286
204000135,716,103,613
204000136,601,167,434
204000138,409,645,-236
204000140,221,119,102
204000141,165,52,113
204000144,9,33,-24
204000145,574,45,529
204000146,35,316,-281
204000147,9,120,-111
204000148,199,21,178
204000154,8,3,5
204000155,9,3,6
204000177,87,39,48
204000179,41,12,29
204000180,0,26,-26
204000222,3,31,-28
204000235,36,13,23
204000236,76,170,-94
204000238,34,20,14
204000240,401,48,353
204000263,76,225,-149
204000308,159,16,143
204000317,17,79,-62
204000322,5,53,-48
204000323,15,4,11
204000328,311,49,262
204000329,49,180,-131
204000330,172,7,165
204000331,34,67,-33
204010341,7,231,-224
205000001,690,1321,-631
205000013,5,70,-65
205000014,26,97,-71
205000015,32,151,-119
205000016,19,127,-108
205000017,34,95,-61
205000022,206,684,-478
205000025,971,863,108
205000029,268,10,258
205000045,116,522,-406
205000047,53,528,-475
205000048,295,584,-289
205000049,162,570,-408
205000050,622,244,378
205000059,0,161,-161
205000060,1,84,-83
205000061,7,116,-109
205000062,1,119,-118
205000063,22,147,-125
205000064,26,80,-54
205000065,67,496,-429
205000066,123,429,-306
205000067,33,700,-667
205000069,208,16,192
205000082,196,165,31
205000110,38,171,-133
205000111,152,177,-25
205000112,200,231,-31
205000113,183,298,-115
205000121,252,41,211
205000123,46,167,-121
205000126,434,77,357
205000127,767,89,678
205000128,388,52,336
205000129,558,74,484
205000130,127,34,93
205000131,75,11,64
205000132,152,1,151
205000133,96,0,96
205000134,213,0,213
205000137,77,128,-51
205000138,145,261,-116
205000139,21,89,-68
205000144,73,91,-18
205000145,362,140,222
205000151,191,44,147
205000152,195,19,176
205000153,242,21,221
205000154,164,33,131
205000155,130,11,119
205000207,9,144,-135
205000233,8,4,4
205000234,0,0,0
205000243,0,1,-1
205000244,0,1,-1
205000245,9,122,-113
205000249,0,16,-16
205000250,7,0,7
205000251,170,378,-208
205000264,7,85,-78
206000027,13,4,9
206000028,4,3,1
206000043,6,43,-37
206000053,5,8,-3
206000054,0,20,-20
206000055,0,18,-18
206000075,17,23,-6
206000076,21,4,17
206000077,25,4,21
206000078,21,6,15
206000079,21,2,19
206000082,468,90,378
206000100,31,408,-377
206000103,2,10,-8
206000104,27,22,5
206000105,12,6,6
206000106,1,11,-10
206000108,692,65,627
206000125,82,0,82
206000157,35,443,-408
206000170,0,147,-147
206000171,3,176,-173
206000172,6,277,-271
206000173,1,145,-144
206000174,22,62,-40
206000175,4,64,-60
206000176,26,92,-66
206000177,0,89,-89
206000178,2,163,-161
206000179,5,71,-66
206000180,7,108,-101
206000181,6,73,-67
206000182,12,76,-64
206000183,30,252,-222
206000184,3,233,-230
206000185,4,78,-74
206000186,82,486,-404
206000223,9,141,-132
206000226,26,2,24
206000227,25,4,21
206000237,32,155,-123
206000238,20,336,-316
206000239,174,1395,-1221
206000240,1,56,-55
206000241,0,45,-45
206000242,7,127,-120
206000243,4,98,-94
206000244,54,280,-226
206000245,1200,44,1156
206000246,359,11,348
206000247,335,8,327
206000248,641,15,626
206000252,41,42,-1
206000258,19,41,-22
206000315,29,5,24
206000317,793,117,676
206000318,817,67,750
206000319,2447,72,2375
206000320,368,25,343
206000321,370,11,359
206000322,784,11,773
206000323,282,3,279
206000324,290,4,286
206000325,302,17,285
206000326,244,7,237
206000327,108,9,99
206000328,259,2,257
206000329,360,10,350
206000330,89,12,77
206000331,275,1,274
206000332,70,4,66
206000333,970,1,969
206000334,370,2,368
206000335,0,10,-10
206000361,2,137,-135
206000392,3,12,-9
206000405,160,1,159
206000441,37,24,13
206000498,35,5,30
206000515,90,46,44
206000530,454,48,406
206000531,315,279,36
206000532,2205,397,1808
206000535,177,1432,-1255
206000536,13,118,-105
206000537,18,125,-107
206000613,2255,236,2019
207000001,104,554,-450
207000002,112,298,-186
207000003,139,119,20
207000007,1307,265,1042
207000008,139,13,126
207000009,53,47,6
207000010,272,292,-20
207000012,489,219,270
207000015,194,750,-556
207000019,267,60,207
207000021,576,145,431
207000022,215,115,100
207000023,224,37,187
207000024,8,17,-9
207000025,29,63,-34
207000026,84,29,55
207000027,17,48,-31
207000028,60,133,-73
207000029,122,355,-233
207000033,190,385,-195
207000034,326,99,227
207000039,583,87,496
207000040,602,49,553
207000041,197,24,173
207000042,325,52,273
207000043,218,135,83
207000051,95,148,-53
207000052,25,98,-73
207000053,435,391,44
207000054,54,80,-26
207000055,173,128,45
207000056,320,259,61
207000057,122,269,-147
207000058,123,206,-83
207000059,62,305,-243
207000060,51,126,-75
207000061,127,594,-467
207000062,357,32,325
207000063,373,79,294
207000064,490,147,343
207000065,486,227,259
207000066,262,158,104
207000067,71,51,20
207000068,122,37,85
207000069,816,302,514
207000082,8,157,-149
207000083,99,196,-97
207000084,353,196,157
207000085,246,27,219
207000086,254,7,247
207000106,38,25,13
207000107,101,16,85
207000108,58,9,49
207000109,47,10,37
207000110,70,62,8
207000111,84,97,-13
207000112,109,639,-530
207000114,7,17,-10
207000115,24,45,-21
207000116,31,273,-242
207000117,11,61,-50
207000118,4,45,-41
207000119,26,68,-42
207000123,195,17,178
207000124,50,19,31
207000125,46,25,21
207000126,59,37,22
207000134,98,121,-23
207000135,26,145,-119
207000148,83,278,-195
207000149,54,17,37
207000152,80,309,-229
207000153,652,1187,-535
207000154,283,165,118
207000159,104,128,-24
207000160,118,195,-77
207000238,0,131,-131
207000242,3,95,-92
207000248,22,24,-2
207000249,88,22,66
207000250,482,55,427
207000251,73,67,6
207000252,58,38,20
207000278,160,60,100
207000279,18,114,-96
207000280,815,76,739
207000281,133,502,-369
207000282,111,139,-28
207000283,57,186,-129
207000284,30,305,-275
207000285,71,80,-9
207000291,15,76,-61
207000304,99,58,41
207000306,72,345,-273
207000310,79,69,10
207000353,227,3,224
207000356,5,75,-70
207000357,6,14,-8
207000358,1,10,-9
207000415,7,112,-105
207000417,56,13,43
207000437,0,0,0
207000439,718,771,-53
207000446,206,4,202
207000460,49,4,45
207000466,146,76,70
207000467,50,60,-10
207000468,17,127,-110
207000476,10,45,-35
207000477,741,72,669
207000523,0,7,-7
207000524,30,0,30
207000527,156,118,38
207000530,530,10,520
207000531,347,14,333
207000532,94,23,71
207000534,233,42,191
207000535,20,230,-210
207000537,7,65,-58
207000540,5,130,-125
207000541,0,202,-202
207000548,4,165,-161
207000549,264,10,254
207000561,171,196,-25
207000562,31,141,-110
207000567,130,209,-79
207000568,287,62,225
207000569,539,413,126
207000584,197,161,36
207000585,63,278,-215
207000616,0,69,-69
207000617,153,0,153
207900008,382,83,299
208000001,689,1133,-444
208000002,665,486,179
208000003,1145,368,777
208000004,973,649,324
208000005,0,17,-17
208000019,661,823,-162
208000020,192,416,-224
208000021,191,279,-88
208000022,849,401,448
208000028,1279,1555,-276
208000033,578,424,154
208000034,1131,1303,-172
208000040,277,161,116
208000041,823,572,251
208000042,960,671,289
208000047,147,173,-26
208000064,2135,1290,845
208000066,1687,2557,-870
208000070,439,273,166
208000071,489,598,-109
208000072,397,905,-508
208000080,306,335,-29
208000081,336,107,229
208000082,408,183,225
208000083,139,290,-151
208000084,11,26,-15
208000085,701,573,128
208000086,501,798,-297
208000087,522,609,-87
208000089,1039,305,734
208000090,890,426,464
208000093,171,139,32
208000094,452,333,119
208000095,833,349,484
208000104,1111,677,434
208000105,725,799,-74
208000114,110,375,-265
208000115,547,291,256
208000116,688,965,-277
208000117,180,161,19
208000118,112,154,-42
208000155,827,901,-74
208000158,1279,3611,-2332
208000186,2956,3874,-918
208000204,699,972,-273
208000205,1290,709,581
208000282,4015,2986,1029
209000004,350,152,198
209000005,64,59,5
209000006,461,178,283
209000007,297,263,34
209000010,397,124,273
209000011,165,218,-53
209000012,89,113,-24
209000013,212,215,-3
209000014,447,677,-230
209000025,399,32,367
209000026,823,106,717
209000027,307,535,-228
209000028,546,493,53
209000029,468,555,-87
209000030,332,868,-536
209000031,1837,1359,478
209000034,205,170,35
209000035,119,131,-12
209000036,199,70,129
209000037,286,150,136
209000038,132,105,27
209000039,49,121,-72
209000040,320,437,-117
209000041,170,343,-173
209000042,321,307,14
209000043,754,685,69
209000044,315,734,-419
209000045,1145,421,724
209000046,572,457,115
209000047,408,223,185
209000048,591,367,224
209000049,98,45,53
209000050,166,78,88
209000051,198,136,62
209000052,125,108,17
209000062,47,77,-30
209000063,56,45,11
209000064,39,48,-9
209000065,98,18,80
209000066,99,25,74
209000067,117,20,97
209000080,32,148,-116
209000082,72,20,52
209000091,37,79,-42
209000093,61,30,31
209000094,112,149,-37
209000110,45,132,-87
209000111,595,1577,-982
209000112,1289,442,847
209000113,1901,416,1485
209000114,925,406,519
209000115,57,67,-10
209000116,261,236,25
209000118,12,23,-11
209000119,17,11,6
209000121,119,319,-200
209000135,99,169,-70
209000142,741,2261,-1520
209000143,50,48,2
209000144,47,104,-57
209000229,297,137,160
209000240,37,176,-139
209000259,38,49,-11
209000260,51,922,-871
209000261,6,781,-775
209000262,4,516,-512
209000263,1,151,-150
209000264,1,280,-279
209000265,439,2,437
209000266,189,0,189
209000267,1675,10,1665
209000268,686,70,616
210000037,74,44,30
210000047,140,20,120
210000048,148,28,120
210000049,45,7,38
210000052,63,56,7
210000053,34,52,-18
210000054,49,68,-19
210000070,159,2,157
210000071,88,0,88
210000072,36,0,36
210000073,0,21,-21
210000074,0,87,-87
210000075,3,80,-77
210000076,16,127,-111
210000077,9,35,-26
210000078,28,60,-32
210000079,28,21,7
210000080,69,75,-6
210000081,202,23,179
210000082,87,4,83
210000083,75,3,72
210000084,52,0,52
210000085,0,70,-70
210000086,0,86,-86
210000099,38,205,-167
210000100,49,126,-77
210000101,76,148,-72
210000105,49,255,-206
210000159,3,227,-224
210000163,149,242,-93
210000164,217,213,4
210000168,120,31,89
210000187,0,25,-25
210000188,1,20,-19
210000214,17,0,17
210000219,32,46,-14
210000220,123,38,85
210000232,8,14,-6
210000233,21,55,-34
210000234,40,81,-41
210000235,85,75,10
210000245,0,56,-56
210000246,55,36,19
210000258,16,116,-100
210000259,368,64,304
210000282,68,217,-149
210000285,1,122,-121
210000286,30,147,-117
210000295,47,136,-89
210000296,61,29,32
210000320,213,55,158
210000321,129,43,86
210000338,60,46,14
210000339,300,1217,-917
210000340,119,423,-304
210000341,243,279,-36
210000342,200,180,20
210000343,175,161,14
210000344,128,103,25
210000345,131,209,-78
210000346,71,121,-50
210000347,51,39,12
210000348,145,28,117
210000349,68,26,42
210000350,121,69,52
210000351,188,86,102
210000352,72,50,22
210000353,62,77,-15
210000354,67,58,9
210000355,70,53,17
210000356,19,62,-43
210000357,45,56,-11
210000358,222,115,107
210000359,89,66,23
210000360,151,126,25
210000361,213,146,67
210000362,286,168,118
210000363,564,218,346
210000364,130,180,-50
210000365,146,67,79
210000366,132,37,95
210000367,98,32,66
210000368,155,45,110
210000369,15,15,0
210000370,49,33,16
210000372,43,24,19
210000373,22,14,8
210000374,51,19,32
210000375,37,36,1
210000376,68,90,-22
210000404,56,107,-51
210000439,37,25,12
210000472,71,5,66
210000482,76,113,-37
210000564,258,295,-37
210000568,241,1,240
211000092,42,40,2
211000094,22,1,21
211000169,219,13,206
211000172,9,92,-83
211000209,1,29,-28
211000275,30,4,26
211000276,112,19,93
211000279,29,30,-1
211000281,151,28,123
211507980,2,42,-40
211977296,35,2,33
212000003,138,36,102
212000004,39,37,2
212000005,18,38,-20
212000006,43,50,-7
212000008,180,105,75
212000009,26,73,-47
212000012,108,66,42
212000013,40,46,-6
212000014,305,149,156
212000015,352,199,153
212000016,539,469,70
212000027,602,332,270
212000028,406,318,88
212000029,274,203,71
212000030,59,23,36
212000031,79,35,44
212000048,41,230,-189
212000049,19,144,-125
212000050,30,9,21
212000051,195,164,31
212000052,180,231,-51
212000053,357,400,-43
212000054,335,76,259
212000055,327,131,196
212000056,24,46,-22
212000057,7,16,-9
212000058,192,32,160
212000070,142,192,-50
212000077,118,368,-250
212000099,337,214,123
212000108,213,127,86
212000111,248,81,167
212000120,120,49,71
212000138,157,37,120
212000156,4,84,-80
212000158,2,20,-18
212000159,578,40,538
212000160,843,221,622
212000161,89,5,84
212000310,57,25,32
212000311,29,53,-24
212000374,42,12,30
213000001,32,346,-314
213000005,563,141,422
213000006,1047,276,771
213000007,103,8,95
213000009,634,420,214
213000010,259,281,-22
213000011,229,95,134
213000012,185,222,-37
213000014,81,14,67
213000015,273,5,268
213000016,414,3,411
213000017,68,0,68
213000018,2,113,-111
213000019,1,132,-131
213000020,118,281,-163
213000021,7,90,-83
213000023,434,163,271
213000033,377,1532,-1155
213000034,693,193,500
213000035,135,181,-46
213000045,160,237,-77
213000046,183,156,27
213000047,494,1243,-749
213000056,115,32,83
213000069,94,5,89
213000073,5,55,-50
213000074,87,373,-286
213000075,637,12,625
213000085,9,50,-41
213000086,15,115,-100
213000091,234,15,219
213000092,108,19,89
213000099,136,1057,-921
213000100,1128,229,899
213000101,526,143,383
213000102,680,226,454
213000103,1048,753,295
213000104,59,358,-299
213000105,2,200,-198
213000106,18,88,-70
213000107,141,286,-145
213000108,33,383,-350
213000109,10,165,-155
213000110,32,79,-47
213000111,14,97,-83
213000112,116,124,-8
213000115,89,16,73
213000116,54,363,-309
213000117,9,551,-542
213000118,536,219,317
213000119,52,507,-455
213000120,91,401,-310
213000122,112,436,-324
213000123,302,867,-565
213000124,90,1131,-1041
213000125,177,29,148
213000126,105,139,-34
213000127,96,258,-162
213000128,294,1147,-853
213000129,361,886,-525
213000130,901,390,511
213000132,670,99,571
213000133,730,98,632
213000134,1155,21,1134
213000136,538,20,518
213000137,857,50,807
213000139,153,20,133
213000147,69,9,60
213000148,25,2,23
213000149,31,6,25
213000150,1,180,-179
213000151,2,128,-126
213000152,1,103,-102
213000153,6,149,-143
213000154,57,394,-337
213000155,101,194,-93
213000156,144,341,-197
213000157,749,356,393
213000158,497,802,-305
213000159,872,336,536
213000163,1369,121,1248
213000165,1106,340,766
213000171,0,44,-44
213000172,0,200,-200
213000173,5,165,-160
213000174,9,99,-90
213000175,24,91,-67
213000176,250,48,202
213000177,256,9,247
213000178,274,2,272
213000179,328,2,326
213000180,250,0,250
213000184,81,426,-345
213000188,411,118,293
213000189,574,39,535
213000190,1003,648,355
213000191,491,256,235
213000192,283,229,54
213000193,513,361,152
213000194,0,101,-101
213000195,36,319,-283
213000196,276,1136,-860
213000197,524,465,59
213000198,84,5,79
213000200,140,653,-513
213000201,31,87,-56
213000202,22,372,-350
213000203,2773,591,2182
213000204,780,52,728
213000205,568,70,498
213000206,423,58,365
213000207,104,12,92
213000208,97,5,92
213000209,137,12,125
213000210,302,5,297
213000211,10,21,-11
213000212,13,38,-25
213000213,12,63,-51
213000218,316,437,-121
213000219,639,13,626
213000220,667,8,659
213000223,185,193,-8
213000224,42,40,2
213000225,161,9,152
213000226,69,7,62
213000227,918,195,723
213000228,453,80,373
213000229,168,21,147
213000230,398,30,368
213000232,42,880,-838
213000233,9,772,-763
213000234,4,68,-64
213000293,15,65,-50
213000294,126,25,101
213000295,16,108,-92
213000296,58,19,39
213000297,5,69,-64
213000298,11,69,-58
213000299,46,19,27
213000300,11,12,-1
213000303,1,20,-19
213000304,8,7,1
213000305,0,14,-14
213000306,53,38,15
213000307,135,67,68
213000308,120,150,-30
213000309,198,47,151
213000310,559,134,425
213000311,205,703,-498
213000315,69,74,-5
213000316,186,46,140
213000322,108,110,-2
213000323,172,71,101
213000324,136,56,80
213000325,119,102,17
213000326,132,49,83
213000327,127,73,54
213000328,113,169,-56
213000329,178,69,109
213000340,160,336,-176
213000341,765,94,671
213000347,594,515,79
213000348,10,146,-136
213000349,30,19,11
213000350,273,884,-611
213000366,49,239,-190
213000367,282,19,263
213000379,81,83,-2
213000386,12,286,-274
213000406,95,372,-277
213000417,1538,524,1014
213000425,311,37,274
213000426,215,66,149
213000427,68,162,-94
213000428,57,147,-90
213000429,6,0,6
213000430,143,517,-374
213000431,37,1,36
213000432,2,23,-21
213000433,32,122,-90
213000434,120,89,31
213000435,138,69,69
213000436,56,41,15
213000437,2,34,-32
213000438,151,108,43
213000439,48,10,38
213000440,20,284,-264
213000441,1,3,-2
213000442,9,43,-34
213000443,470,307,163
213000444,42,43,-1
213000445,0,62,-62
213000446,0,30,-30
213000447,2,32,-30
213000448,16,171,-155
213000449,628,10,618
213000450,24,42,-18
213000451,370,93,277
213000452,14,17,-3
213000453,39,280,-241
213000455,330,6,324
213000456,2,445,-443
213000481,9,11,-2
213000484,44,1,43
213000489,366,57,309
213900002,0,135,-135
213900003,193,8,185
213900013,2,95,-93
213900015,0,12,-12
213900016,6,16,-10
213900020,13,64,-51
213900030,1,44,-43
213900032,193,149,44
213900033,156,44,112
213900034,659,70,589
213900035,222,331,-109
213900036,136,139,-3
213900037,32,249,-217
213900038,602,150,452
213900039,1,54,-53
213900041,4,190,-186
213900042,291,287,4
213900043,386,120,266
213900244,84,0,84
213900245,0,20,-20
218000003,33,15,18
218000004,29,20,9
218000005,31,33,-2
218000006,49,31,18
218000007,20,14,6
218000012,150,147,3
218000013,151,120,31
218000014,432,320,112
218000019,620,430,190
218000020,316,363,-47
218000021,25,30,-5
218000022,13,11,2
218000023,3,12,-9
218000024,1,5,-4
218000025,23,11,12
218000026,14,12,2
218000027,2,6,-4
218000028,0,8,-8
218000029,8,2,6
218000030,25,24,1
218000031,7,21,-14
218000032,3,32,-29
218000040,11,6,5
218000046,65,68,-3
218000047,11,107,-96
218000048,74,80,-6
218000049,95,70,25
218000050,429,250,179
218000051,116,185,-69
218000052,5,65,-60
218000053,0,11,-11
218000054,10,90,-80
218000055,6,18,-12
218000056,24,49,-25
218000057,4,24,-20
218000064,2,9,-7
218000065,132,27,105
218000066,10,26,-16
218000067,69,50,19
218000068,171,85,86
218000069,249,87,162
218000070,229,127,102
218000071,249,141,108
218000072,218,153,65
218000078,860,534,326
218000079,190,80,110
218000080,194,46,148
218000081,635,139,496
218000082,90,85,5
218000083,77,47,30
218000084,225,99,126
218000085,192,285,-93
218000086,88,123,-35
218000087,194,121,73
218000090,19,85,-66
218000091,935,359,576
218000092,87,97,-10
218000093,106,49,57
218000094,394,325,69
218000099,277,670,-393
218000100,303,315,-12
218000101,303,107,196
218000102,448,154,294
218000103,155,87,68
218000104,124,36,88
218000105,52,16,36
218000106,9,6,3
218000107,58,21,37
218000108,13,33,-20
218000112,88,32,56
218000117,61,39,22
218000134,549,425,124
218000135,37,80,-43
218000136,225,106,119
218000137,198,142,56
218000138,42,81,-39
218000139,202,289,-87
218000140,566,179,387
218000141,66,61,5
218000142,157,151,6
218000143,111,323,-212
218000144,47,123,-76
218000145,502,350,152
218000146,122,197,-75
218000151,19,22,-3
218000152,130,48,82
218000153,10,5,5
218000154,16,2,14
218000155,28,1,27
218000156,101,19,82
218000157,37,13,24
218000158,12,5,7
218000159,1,9,-8
218000160,8,5,3
218000161,37,7,30
218000162,51,6,45
218000163,18,2,16
218000164,69,6,63
218000165,93,14,79
218000170,7,38,-31
218000171,70,7,63
218000172,13,11,2
218000173,42,24,18
218000174,26,9,17
218000176,279,51,228
218000177,476,231,245
218000178,99,231,-132
218000179,126,64,62
218000180,120,25,95
218000181,194,40,154
218000187,22,32,-10
218000188,27,39,-12
218000189,11,48,-37
218000190,25,16,9
218000191,189,52,137
218000192,222,156,66
218000193,402,257,145
218000194,83,246,-163
218000195,120,38,82
218000196,386,193,193
218000197,564,249,315
218000198,28,101,-73
218000199,65,17,48
218000200,92,15,77
218000201,20,11,9
218000202,72,274,-202
218000207,3,16,-13
218000208,22,25,-3
218000211,35,18,17
218000212,3,19,-16
218000213,85,104,-19
218000214,10,34,-24
218000215,34,40,-6
218000217,7,65,-58
218000218,147,58,89
218000219,30,32,-2
218000220,62,408,-346
218000221,509,191,318
218000222,8,62,-54
218000223,70,656,-586
218000224,6,212,-206
218000225,241,21,220
218000226,207,62,145
218000230,1,7,-6
218000232,28,41,-13
218000239,123,14,109
218000240,18,0,18
218000241,37,0,37
218000242,43,7,36
218000243,14,2,12
218000244,51,3,48
218000245,49,1,48
218000246,0,0,0
218000247,0,1,-1
218000248,4,34,-30
218000249,0,3,-3
218000250,16,11,5
218000251,5,18,-13
218000252,6,40,-34
218000253,0,105,-105
218000254,1,24,-23
218000255,4,19,-15
218000256,10,61,-51
218000267,289,622,-333
218000268,7,36,-29
218000269,2,11,-9
218000270,41,23,18
218000271,6,17,-11
218000273,32,1,31
218000274,17,0,17
218000275,18,44,-26
218000276,25,28,-3
218000278,20,25,-5
218000279,50,17,33
218000280,3,10,-7
218000281,13,9,4
218000282,356,484,-128
218000284,79,13,66
218000301,152,113,39
218000302,133,45,88
218000303,17,29,-12
218000316,876,773,103
218000317,1540,726,814
218000318,1064,554,510
218000319,1098,631,467
218000320,931,424,507
218000338,36,25,11
218000345,61,26,35
218000346,33,157,-124
218000459,33,245,-212
218000490,34,69,-35
218000501,133,31,102
218000502,51,30,21
218000503,108,17,91
218000504,167,22,145
218000505,45,84,-39
218000506,33,109,-76
218000508,2,12,-10
218000510,173,15,158
218000520,102,78,24
218000521,3,45,-42
218000522,0,109,-109
218000523,133,0,133
218000524,13,398,-385
218000525,107,16,91
218000526,19,179,-160
218000529,11,64,-53
218000530,21,2,19
218000531,17,13,4
218000532,29,9,20
218000534,195,11,184
218000537,15,63,-48
218000538,178,317,-139
218000540,356,86,270
218000543,184,49,135
218000544,37,78,-41
218000545,107,63,44
218000546,77,43,34
218000547,106,136,-30
218000548,105,81,24
218000549,549,485,64
218000550,178,202,-24
218000551,92,963,-871
218000552,272,51,221
218000553,24,82,-58
218000554,16,33,-17
218000555,26,53,-27
218000556,96,155,-59
218000557,364,63,301
218000558,61,0,61
218000559,0,42,-42
218000560,0,27,-27
218000561,11,0,11
218000562,41,155,-114
218000563,230,17,213
218000564,11,174,-163
218000565,119,49,70
218000566,175,50,125
218000567,2,90,-88
218000568,44,2,42
218000569,3,234,-231
218000570,69,12,57
218000571,5,75,-70
218000572,124,4,120
218000573,11,199,-188
218000574,66,34,32
218000575,96,3,93
218000576,0,73,-73
218000577,158,3,155
218000578,1,138,-137
218000579,69,17,52
218000581,7,38,-31
218000582,46,3,43
218000583,6,0,6
218000584,0,26,-26
218000585,40,4,36
218000586,10,34,-24
218000587,3,2,1
218000588,8,9,-1
218000589,0,10,-10
218000590,4,2,2
218000591,3,8,-5
218000592,29,1,28
218000593,2,2,0
218000594,1,0,1
218000595,0,0,0
218000596,0,0,0
218000597,1,0,1
218000598,0,0,0
218000599,3,1,2
218000600,0,0,0
218000601,0,1,-1
218000602,0,7,-7
218000603,0,3,-3
218000604,6,0,6
218000605,0,28,-28
218000606,89,0,89
218000607,13,49,-36
218000608,62,18,44
218000609,6,40,-34
218000610,55,4,51
218000611,28,3,25
218000612,3,20,-17
218000613,36,0,36
218000614,1,21,-20
218000615,202,3,199
218000616,4,106,-102
218000617,13,1,12
218000618,1,12,-11
218000619,54,31,23
218000620,8,23,-15
218000621,1,1,0
218000622,0,30,-30
218000623,97,0,97
218000624,1,17,-16
218000625,5,1,4
218000626,0,15,-15
218000628,110,24,86
218000631,32,8,24
218000632,6,124,-118
218000633,166,3,163
218000634,6,15,-9
218000635,8,6,2
218000636,793,760,33
218000637,1209,392,817
218000638,272,16,256
218000639,19,118,-99
218000640,332,20,312
218000641,75,231,-156
218000652,42,43,-1
218000653,224,54,170
218000663,6,67,-61
218000675,21,21,0
218000676,4,14,-10
218000677,12,3,9
218000680,94,243,-149
218000681,280,59,221
218000691,116,82,34
218000693,253,74,179
218000703,4,18,-14
218000718,143,1125,-982
218000719,358,552,-194
218000720,11,281,-270
218000721,105,15,90
218000725,9,5,4
218001214,12,118,-106
218001329,55,53,2
218001330,69,29,40
218001359,0,0,0
218001360,2,1,1
218001361,0,0,0
218001362,0,1,-1
219000001,42,64,-22
219000002,56,42,14
219000003,73,53,20
219000004,52,69,-17
219000017,80,35,45
219000020,130,24,106
219000022,123,3,120
219000023,59,2,57
219000029,4,57,-53
219000034,36,36,0
219000039,54,136,-82
219000040,63,72,-9
219000041,154,17,137
219000051,0,24,-24
219000052,0,31,-31
219000053,2,79,-77
219000054,364,298,66
219000055,236,1,235
219000056,12,1,11
219000057,78,0,78
219000062,10,41,-31
219000063,55,8,47
219000064,0,32,-32
219000110,402,52,350
219000111,122,27,95
219000112,206,22,184
219000113,166,20,146
219000114,172,54,118
219000116,101,47,54
219000117,150,45,105
219000118,111,47,64
219000123,176,65,111
219000124,97,45,52
219000125,16,9,7
219000126,49,127,-78
219000127,0,8,-8
219000128,13,94,-81
219000129,17,110,-93
219000130,258,446,-188
219000131,489,898,-409
219000133,43,31,12
219000134,8,23,-15
219000135,50,47,3
219000136,76,202,-126
219000138,63,24,39
219000139,38,38,0
219000140,82,0,82
219000141,40,68,-28
219000142,16,52,-36
219000143,4,55,-51
219000145,24,45,-21
219000146,3,23,-20
219000147,6,25,-19
219000148,1,22,-21
219000149,14,58,-44
219000150,5,41,-36
219000151,7,25,-18
219000157,203,93,110
219000158,128,162,-34
219000161,117,15,102
219000163,1110,516,594
219000166,117,166,-49
219000167,91,141,-50
219000168,296,89,207
219000174,532,125,407
219000175,135,4,131
219000176,190,9,181
219000177,64,4,60
219000178,107,0,107
219000179,22,5,17
219000180,57,27,30
219000182,130,6,124
219000183,62,30,32
219000184,78,10,68
219000185,4,39,-35
219000186,76,29,47
219000187,17,71,-54
219000189,55,154,-99
219000190,63,182,-119
219000191,399,1226,-827
219000192,154,156,-2
219000193,153,132,21
219000195,1,39,-38
219000196,8,73,-65
219000198,18,71,-53
219000199,57,139,-82
219000200,29,112,-83
219000201,50,112,-62
219000203,22,98,-76
219000204,85,260,-175
219000205,48,175,-127
219000207,103,161,-58
219000209,36,46,-10
219000210,21,84,-63
219000213,3,111,-108
219000239,143,165,-22
219000240,188,253,-65
219000241,123,115,8
219000242,51,121,-70
219000243,60,151,-91
219000244,10,49,-39
219000245,31,46,-15
219000246,36,26,10
219000247,190,36,154
219000248,486,490,-4
219000249,145,107,38
219000250,153,102,51
219000251,572,186,386
219000252,248,149,99
219000253,420,108,312
219000255,132,109,23
219000256,275,67,208
219000257,97,0,97
219000262,71,71,0
219000263,55,96,-41
219000267,1,45,-44
219000268,6,7,-1
219000269,4,1,3
219000270,5,0,5
219000271,129,9,120
219000278,1,3,-2
219000279,3,3,0
219000283,0,3,-3
219000295,14,67,-53
219000296,56,289,-233
219000297,8,74,-66
219000298,9,90,-81
219000299,393,62,331
219000300,40,131,-91
219000301,159,272,-113
219000302,18,217,-199
219000307,25,31,-6
219000308,62,28,34
219000311,212,57,155
219000312,593,112,481
219000313,411,59,352
219000314,45,234,-189
219000315,317,22,295
219000316,609,46,563
219000317,133,25,108
219000320,1,61,-60
219000321,1,16,-15
219000323,3,57,-54
219000325,0,10,-10
219000326,84,44,40
219000327,63,27,36
219000328,24,51,-27
219000329,277,119,158
219000330,55,36,19
219000331,68,42,26
219000332,167,72,95
219000333,28,2,26
219000335,100,3,97
219000337,12,0,12
219000338,57,0,57
219000344,14,55,-41
219000345,47,39,8
219000346,59,53,6
219000348,130,75,55
219000349,30,79,-49
219000350,69,297,-228
219000351,5,8,-3
219000352,328,84,244
219000353,92,35,57
219000354,213,60,153
219000355,174,35,139
219000356,718,1300,-582
219000363,192,67,125
219000364,84,51,33
219000365,117,18,99
219000366,192,328,-136
219000368,346,533,-187
219000370,925,635,290
219000371,9,22,-13
219000382,23,18,5
219000383,457,1345,-888
219000385,405,442,-37
219000386,548,1485,-937
219000387,4,9,-5
219000390,5,0,5
219000391,3,2,1
219000397,63,40,23
219000398,60,32,28
219000401,6,69,-63
219000402,20,58,-38
219000403,130,250,-120
219000404,31,128,-97
219000407,1,38,-37
219000409,77,54,23
219000410,83,39,44
219000411,77,7,70
219000446,78,344,-266
219000447,1,17,-16
219000448,11,4,7
219000452,124,83,41
219000453,48,187,-139
219000454,207,325,-118
219000556,277,81,196
219000558,119,98,21
219000590,26,134,-108
219000591,92,81,11
219000592,79,240,-161
219000595,0,17,-17
219000635,188,21,167
219000636,20,46,-26
219000657,43,21,22
219000658,74,168,-94
219000673,0,47,-47
219000676,70,33,37
219000679,44,9,35
219000684,101,0,101
219000685,3,43,-40
219000686,0,8,-8
219000688,0,54,-54
219000689,24,131,-107
219000690,162,15,147
219000691,24,138,-114
219000692,147,14,133
219000693,1,16,-15
219000694,35,5,30
219000695,24,0,24
219000698,12,0,12
219000699,0,29,-29
219000727,5,67,-62
219000728,56,2,54
219000770,40,3,37
219000771,1,22,-21
219001150,0,37,-37
219001151,1,12,-11
219001166,15,24,-9
219001167,0,59,-59
220000001,43,55,-12
220000002,11,77,-66
220000003,266,137,129
220000004,406,330,76
220000005,828,1269,-441
220000006,147,570,-423
220000007,345,316,29
220000008,229,497,-268
220000009,204,286,-82
220000010,106,103,3
220000011,407,3535,-3128
220000012,79,347,-268
220000014,152,58,94
220000015,39,208,-169
220000017,68,237,-169
220000018,3706,1534,2172
220000019,63,320,-257
220000020,343,245,98
220000021,680,141,539
220000022,959,343,616
220000023,396,155,241
220000024,1785,380,1405
220000025,969,1066,-97
220000026,293,382,-89
220000027,28,100,-72
220000028,73,37,36
220000029,35,79,-44
220000030,39,48,-9
220000031,528,274,254
220000064,22,756,-734
221000046,18,1,17
221000047,0,0,0
221000048,0,2,-2
221000049,0,13,-13
221000050,9,0,9
221000055,29,51,-22
221000057,82,10,72
221000068,339,113,226
221000069,391,47,344
221000070,267,21,246
221000071,111,6,105
221000072,235,14,221
221000073,190,28,162
221000074,0,16,-16
221000075,10,16,-6
221000076,8,18,-10
221000077,34,63,-29
221000081,27,7,20
221000082,98,3,95
221000083,21,2,19
221000084,6,3,3
221000085,12,67,-55
221000086,10,53,-43
221000087,4,87,-83
221000088,26,120,-94
221000089,25,178,-153
221000090,74,436,-362
221000098,118,8,110
221000099,196,19,177
221000100,96,4,92
221000101,183,19,164
221000102,159,14,145
221000109,5,63,-58
221000110,4,52,-48
221000111,22,83,-61
221000112,13,84,-71
221000113,14,100,-86
221000114,8,86,-78
221000120,26,36,-10
221000121,10,49,-39
221000122,48,72,-24
221000123,4,12,-8
221000124,21,133,-112
221000155,135,14,121
221000156,23,20,3
221000175,2,8,-6
221000176,1,10,-9
221000182,40,8,32
221000241,436,251,185
221000242,138,266,-128
221000243,417,134,283
221000244,212,317,-105
221000245,86,88,-2
221000246,55,157,-102
221000247,68,93,-25
221000248,102,75,27
221000267,85,712,-627
221000325,73,93,-20
221000331,7,61,-54
221000338,11,38,-27
221000378,255,33,222
221000381,44,21,23
222000282,7,2,5
222000296,5,17,-12
222000568,426,20,406
222000569,239,46,193
222000570,197,18,179
222000571,495,35,460
222000577,14,89,-75
222000578,42,119,-77
222000579,21,127,-106
222000580,62,575,-513
222000599,0,94,-94
222000600,3,202,-199
222000601,14,654,-640
222000603,8,70,-62
222000604,6,50,-44
222000605,17,28,-11
222000606,1,6,-5
222000607,3,13,-10
222000608,24,17,7
222000609,43,91,-48
222000616,479,32,447
222000617,2,16,-14
222000618,8,9,-1
222000620,17,12,5
222000621,35,9,26
222000623,530,6,524
222000624,366,4,362
222000625,771,16,755
222000636,63,5,58
222000686,21,12,9
222000687,38,14,24
222001066,395,4,391
222001067,31,5,26
222001068,84,26,58
222001069,61,33,28
222001082,12,29,-17
222001083,31,43,-12
222001084,0,27,-27
222001085,0,192,-192
222001111,67,77,-10
222001112,202,32,170
222001313,48,3,45
222001314,8,101,-93
222001464,68,43,25
222001465,10,43,-33
222001484,180,42,138
222001485,23,29,-6
222001494,737,117,620
222001495,122,147,-25
222001496,461,70,391
222001497,65,230,-165
222001502,15,69,-54
222001503,162,42,120
222001504,42,191,-149
222001505,476,19,457
222001506,58,310,-252
222001507,371,21,350
222001510,692,49,643
222001511,39,267,-228
222001514,935,206,729
222001515,198,394,-196
222001518,434,83,351
222001519,66,191,-125
222001527,166,65,101
222001528,54,134,-80
222001529,368,62,306
222001530,65,143,-78
222001533,114,239,-125
222001534,430,45,385
222001535,255,197,58
222001536,65,118,-53
222001537,398,46,352
222001538,66,373,-307
222001563,991,103,888
222001564,55,320,-265
222001568,314,216,98
222001576,0,4,-4
222001579,1,29,-28
222001583,14,120,-106
222001584,173,12,161
222001596,925,1538,-613
222001597,2538,493,2045
222001626,3,86,-83
222001650,53,233,-180
222001651,101,744,-643
222001914,197,70,127
222001915,35,150,-115
222900004,531,227,304
222900009,313,437,-124
222900019,174,209,-35
222900024,58,15,43
222900025,10,12,-2
225000001,414,104,310
225000002,607,125,482
225000003,605,65,540
225000004,390,150,240
225000005,51,64,-13
225000006,0,110,-110
225000007,1096,1013,83
225000010,333,24,309
225000011,292,1003,-711
225000012,179,553,-374
225000013,86,87,-1
225000014,768,51,717
225000015,67,95,-28
225000021,752,112,640
225000027,213,358,-145
225000032,659,90,569
225000042,50,432,-382
225000049,25,44,-19
225000050,126,11,115
225000053,8,250,-242
225000058,563,124,439
225000067,182,96,86
225000068,124,239,-115
225000069,88,289,-201
225000070,86,260,-174
225000071,51,121,-70
225000075,18,922,-904
225000076,52,100,-48
225000078,51,45,6
225000085,85,109,-24
225000086,300,61,239
225000087,123,7,116
225000088,13,141,-128
225000089,144,954,-810
225000090,57,420,-363
225000091,154,111,43
225000092,39,39,0
225000093,179,139,40
225000094,11,144,-133
225000095,255,266,-11
225000096,227,257,-30
225000098,764,216,548
225000099,393,100,293
225000100,401,88,313
225000104,100,275,-175
225000110,12,295,-283
225000111,212,664,-452
225000112,259,781,-522
225000113,203,470,-267
225000114,73,247,-174
225000115,945,554,391
225000116,818,138,680
225000117,723,179,544
225000118,1037,208,829
225000119,213,80,133
225000120,704,37,667
225000121,148,16,132
225000123,493,10,483
225000125,386,100,286
225000126,548,119,429
225000127,502,1291,-789
225000128,449,852,-403
225000132,369,27,342
225000133,204,14,190
225000134,637,150,487
225000135,72,23,49
225000136,295,15,280
225000137,243,58,185
225000138,332,102,230
225000143,39,154,-115
225000144,5,249,-244
225000145,38,29,9
225000146,52,48,4
225000147,19,130,-111
225000148,5,123,-118
225000149,41,344,-303
225000151,34,145,-111
225000155,233,269,-36
225000156,126,753,-627
225000157,201,260,-59
225000158,60,188,-128
225000171,6,109,-103
225000180,41,10,31
225000181,1,35,-34
225000182,54,9,45
225000185,2,336,-334
225000187,29,304,-275
225000191,74,2,72
225000194,0,1,-1
225000208,0,47,-47
225000209,103,5,98
225000210,4,223,-219
225000217,0,6,-6
225000218,11,0,11
225000223,0,24,-24
225000224,39,3,36
225000225,0,15,-15
225000226,38,4,34
225000227,30,39,-9
225000228,16,5,11
225000229,1,51,-50
225000230,6,0,6
225000231,0,30,-30
225000232,160,0,160
225000241,35,1,34
225000242,2,36,-34
225000249,64,53,11
225000250,33,449,-416
225000251,401,36,365
225000254,3,4,-1
225000256,2,51,-49
225000257,1,16,-15
226000042,287,297,-10
226000043,55,252,-197
226000044,120,301,-181
226000045,59,191,-132
226000046,406,75,331
226000047,362,98,264
226000048,404,93,311
226000049,323,171,152
226000070,0,28,-28
226000071,1,32,-31
226000072,0,15,-15
226000073,0,4,-4
226000074,0,17,-17
226000084,3,25,-22
226000085,0,17,-17
226000086,5,13,-8
226000087,0,12,-12
226000088,42,49,-7
226000090,290,137,153
226000091,27,60,-33
226000092,20,22,-2
226000093,39,1,38
226000094,4,3,1
226000095,22,1,21
226000105,12,3,9
226000106,12,0,12
226000107,4,0,4
226000108,15,0,15
226000109,88,0,88
226000124,171,56,115
226000134,865,418,447
226000135,1811,568,1243
226000136,655,434,221
226000137,3,248,-245
226000138,10,103,-93
226000139,0,32,-32
226000156,168,4,164
226000157,274,24,250
226000163,153,223,-70
226000202,13,233,-220
226000231,312,16,296
226000232,38,16,22
227000033,395,62,333
227000036,467,43,424
227000037,466,34,432
227000038,151,29,122
227000084,0,54,-54
227000085,3,40,-37
227000088,75,3,72
227000089,101,4,97
227000090,38,4,34
227000091,38,1,37
227000092,44,0,44
227000093,141,0,141
227000094,19,0,19
227000130,21,73,-52
227000131,19,124,-105
227000132,8,131,-123
227000133,12,93,-81
227000134,9,141,-132
227000152,0,4,-4
227000153,0,33,-33
227000154,0,28,-28
227000155,1,10,-9
227000156,0,13,-13
227000165,6,48,-42
227000196,504,144,360
227000199,434,288,146
227000230,8,244,-236
227000232,675,19,656
227000242,46,236,-190
227000243,570,75,495
227000245,12,255,-243
227000246,99,231,-132
227000247,560,80,480
227000248,136,24,112
227000249,22,54,-32
227000250,308,176,132
227000251,37,94,-57
227000252,22,150,-128
227000253,213,25,188
227000262,556,49,507
227000266,1484,20,1464
227000267,16,909,-893
227000282,4,90,-86
227000284,603,18,585
227000286,2,56,-54
227000291,16,372,-356
227000296,139,339,-200
227000484,173,13,160
227000485,23,772,-749
227000655,265,3,262
227000656,622,41,581
227000657,106,1,105
227000704,112,10,102
229000265,9,4,5
229000266,2,0,2
229000267,17,2,15
229000268,26,0,26
229000269,21,0,21
229000274,1,20,-19
229000275,0,25,-25
229000276,0,14,-14
229000277,1,3,-2
229000278,1,11,-10
229000295,14,27,-13
229000296,0,21,-21
229000297,7,33,-26
229000298,24,136,-112
229000320,35,18,17
229000321,11,8,3
229000412,15,47,-32
229000414,26,49,-23
229000415,20,3,17
229000416,1,2,-1
229000417,2,8,-6
229000419,89,317,-228
229000440,397,59,338
229000442,26,15,11
229000443,4,8,-4
229000444,1,24,-23
229000445,46,3,43
229000446,106,13,93
229000491,5,16,-11
229000492,10,53,-43
229000493,5,39,-34
229000494,43,3,40
229000495,130,8,122
229000496,61,11,50
229000507,0,58,-58
229000508,1,34,-33
229000509,0,61,-61
229000510,3,22,-19
229000511,5,38,-33
229000512,0,28,-28
229000513,0,2,-2
229000514,0,2,-2
229000517,1,7,-6
229000518,8,16,-8
229000519,1,11,-10
229000520,12,15,-3
229000521,73,15,58
229000522,12,12,0
229000523,7,4,3
229000524,6,3,3
229000527,5,1,4
229000528,0,0,0
229000529,14,0,14
229000530,129,2,127
229000531,64,2,62
229000532,34,4,30
229000533,62,1,61
229000534,97,1,96
229000564,92,1,91
229000565,28,1,27
229000566,0,7,-7
229000567,0,22,-22
229000582,100,9,91
229000583,11,5,6
229000584,0,17,-17
229000585,2,56,-54
229000718,0,1,-1
229000719,0,4,-4
229000720,0,5,-5
229000721,0,8,-8
229000722,0,9,-9
229000723,0,5,-5
229000724,0,0,0
229000725,0,7,-7
229000738,1,0,1
229000739,3,0,3
229000740,0,0,0
229000741,28,0,28
229000742,9,0,9
229000743,11,0,11
229000744,4,0,4
229000745,0,0,0
229000746,11,0,11
229000847,35,0,35
229000848,39,1,38
229000849,107,0,107
229000851,61,1,60
229000854,0,7,-7
229000856,0,38,-38
229000857,0,18,-18
229000858,0,22,-22
229000919,5,53,-48
229000930,0,197,-197
229000937,93,12,81
229000966,50,38,12
229000981,16,22,-6
229000985,30,22,8
229000986,3,1,2
229000987,1,1,0
229000988,2,4,-2
229000989,17,10,7
229000990,2,2,0
229000991,7,0,7
229000992,14,12,2
229000993,176,26,150
229000998,18,50,-32
229000999,84,11,73
229001034,2,19,-17
229001035,0,4,-4
229001036,4,37,-33
229001037,38,0,38
229001038,0,6,-6
229001039,3,0,3
229001040,0,42,-42
229001041,73,1,72
229001042,20,11,9
229001047,13,36,-23
229001050,48,18,30
229001168,0,12,-12
229001200,20,1,19
229001338,3,13,-10
229001394,194,6,188
229001422,102,28,74
229001423,30,87,-57
229001431,68,66,2
229001432,28,55,-27
229001444,211,62,149
229001445,37,118,-81
229001479,23,6,17
229001503,203,91,112
229001504,146,121,25
229001505,123,23,100
229001506,32,93,-61
229001509,52,6,46
229001510,3,46,-43
229001545,97,4,93
229001546,12,83,-71
229001553,75,15,60
229001554,35,61,-26
229001630,49,9,40
229001631,16,32,-16
229001635,1,10,-9
229001636,5,0,5
229001658,0,99,-99
229001659,53,5,48
229001660,26,6,20
229001661,12,35,-23
229001662,20,3,17
229001663,0,9,-9
229002584,200,232,-32
229002831,163,170,-7
229002841,6,22,-16
229002842,11,24,-13
229002843,62,24,38
229002844,57,35,22
229002845,17,66,-49
229002846,34,15,19
229002847,7,19,-12
229002848,18,10,8
229002849,5,81,-76
229002850,13,0,13
229002851,47,149,-102
229002852,250,23,227
229002853,202,25,177
229002854,36,48,-12
229002855,6,33,-27
229002856,62,15,47
229002857,8,166,-158
229002858,14,12,2
229002859,42,61,-19
229002860,199,15,184
229002861,83,28,55
229002862,48,34,14
229002863,30,11,19
229002864,38,44,-6
229002865,16,22,-6
229002866,16,27,-11
229002867,3,17,-14
229002868,17,8,9
229002869,14,136,-122
229002870,80,12,68
235000066,382,53,329
235000067,108,67,41
235000072,40,52,-12
235000073,118,269,-151
235000074,70,38,32
235000080,17,80,-63
235000081,87,77,10
235000082,209,30,179
235000083,291,49,242
235000084,74,52,22
235000085,238,54,184
235000089,19,18,1
235000092,27,91,-64
235000093,9,6,3
235000097,1,8,-7
235000098,102,12,90
235000099,32,16,16
235000116,52,10,42
235000117,443,15,428
235000133,20,546,-526
235000134,11,161,-150
235000206,22,3,19
235000207,4,1,3
235000208,0,1,-1
235000209,8,0,8
235000210,3,2,1
235000212,6,19,-13
235000213,3,8,-5
235000220,4,5,-1
235000221,42,24,18
235000238,11,102,-91
235000239,0,27,-27
235000242,346,836,-490
235000245,601,178,423
235000246,16,44,-28
235000284,11,132,-121
235000295,93,13,80
235000305,265,15,250
235000306,318,3,315
235000307,23,2,21
235000308,32,1,31
235000309,42,0,42
235000310,36,0,36
235000311,77,20,57
235000322,0,42,-42
235000323,2,33,-31
235000324,0,14,-14
235000325,9,6,3
235000326,8,88,-80
235000351,7,64,-57
235000352,13,50,-37
235000353,3,21,-18
235000354,6,35,-29
235000355,16,81,-65
235000356,123,1,122
235000357,38,14,24
235000358,117,18,99
235000359,15,5,10
235000360,36,25,11
235000361,49,18,31
235000381,67,122,-55
235000382,248,22,226
235000390,13,2,11
235000391,209,59,150
235000392,191,298,-107
235000393,133,176,-43
235000395,145,34,111
235000396,546,67,479
235000400,239,73,166
235000401,9,101,-92
235000405,87,173,-86
235000406,38,206,-168
235000407,50,44,6
235000409,143,80,63
235000410,48,165,-117
235000411,0,51,-51
235000485,0,20,-20
235000486,10,0,10
235000549,100,125,-25
235000550,85,119,-34
235000599,172,41,131
235000600,4,20,-16
235000601,27,11,16
235000602,125,45,80
235000614,1,3,-2
235000648,0,13,-13
235000649,47,9,38
235000685,1,4,-3
235000815,21,69,-48
235000834,0,9,-9
235000855,55,43,12
235000862,40,109,-69
235000891,0,12,-12
235000892,96,72,24
235000901,79,65,14
235000907,7,19,-12
235001010,90,68,22
235001029,417,277,140
235001030,383,246,137
235001078,84,97,-13
235001079,37,61,-24
235001147,1,46,-45
235001166,16,58,-42
235001167,55,24,31
235001169,33,286,-253
235001188,0,4,-4
235001189,4,0,4
235001197,4,11,-7
235001200,78,33,45
235001208,47,40,7
235001209,15,46,-31
235001210,15,76,-61
235001239,7,40,-33
235001244,1,11,-10
235016267,0,47,-47
241900007,54,0,54
277101746,0,0,0
277102712,0,0,0
277103813,0,0,0
277103814,0,0,0
277103898,0,3,-3
990011530,1,188,-187
990014944,3,331,-328
990015176,49,1,48
990015618,1,78,-77
990016032,0,240,-240
990032570,2,269,-267
990070001,59,2,57
990070103,0,5,-5
990070601,1,75,-74
990070751,1174,1,1173
990070766,0,307,-307
990071180,568,251,317
990071343,27,2,25
990071387,0,17,-17
990071823,621,7,614
990072600,1,1102,-1101
990072964,3,369,-366
990073285,0,4,-4
990074393,1,590,-589
990074870,1532,41,1491
990075106,1541,13,1528
990075746,584,6,578
990076437,1962,3,1959
990076458,0,403,-403
997000007,666,18,648
997000041,1,194,-193
997000058,66,0,66
997000062,23,1,22
997000069,0,2,-2
997000070,0,28,-28
997000100,61,0,61
997000141,7,2133,-2126
997000198,3,950,-947
998000475,4,63,-59
998000736,1,121,-120
998000965,0,11,-11
998001031,0,73,-73
998001700,0,0,0
998001899,0,2,-2
998001900,14,0,14
998003073,1419,0,1419
998101900,0,0,0
998102850,4,329,-325
998501927,846,878,-32
998501929,69,0,69
998501930,45,0,45
998501931,123,3,120
998501932,0,0,0
998501933,57,1,56
998501937,36,2,34
998501944,6,2,4
998501970,94,6,88
998501971,1,77,-76
998501972,295,2,293
998501973,0,35,-35
998501974,1,155,-154
998501975,135,44,91
998501976,74,0,74
998501977,1,29,-28
998501978,38,3,35
998501979,0,9,-9
998501980,94,19,75
998501981,67,18,49
998501982,0,112,-112
998502006,0,1,-1
998502024,0,4,-4
998502032,0,2,-2
998502062,26,6,20
998502063,0,0,0
998502173,6,0,6
998502269,0,3,-3
998601159,11,92,-81
998601292,0,25,-25
999033574,0,111,-111
999800001,99,50,49
999800002,0,3,-3
999800003,1,2,-1
999800004,0,2,-2
999800005,0,3,-3
