ID,insum,outsum,diff
100000001,635,536,99
100000002,1338,543,795
100000003,10176,1933,8243
100000004,2113,533,1580
100000005,2346,2169,177
100000006,191,92,99
100000007,547,305,242
100000008,152,623,-471
100000009,194,151,43
100000010,13,52,-39
100000011,359,75,284
100000012,56,833,-777
100000013,17,219,-202
100000014,366,350,16
100000015,627,720,-93
100000016,874,1401,-527
100000017,528,1268,-740
100000018,1407,485,922
100000019,5742,1535,4207
100000020,1661,2384,-723
100000021,8312,1833,6479
100000022,1270,593,677
100000023,7381,789,6592
100000025,3200,360,2840
100000028,1594,707,887
100000029,274,164,110
100000030,706,26,680
100000031,6333,4027,2306
100000032,2712,2868,-156
100000033,533,1831,-1298
100000034,979,238,741
100000035,1574,687,887
100000036,2660,938,1722
100000037,239,351,-112
100000038,648,718,-70
100000039,745,198,547
100000040,95,91,4
100000041,301,328,-27
100000042,372,303,69
100000043,296,206,90
100000044,399,812,-413
100000045,472,1605,-1133
100000046,452,1515,-1063
100000047,365,1049,-684
100000048,797,840,-43
100000049,1668,3015,-1347
100000051,283,1251,-968
100000053,23,7,16
100000054,83,26,57
100000055,369,313,56
100000056,152,511,-359
100000057,1301,739,562
100000058,715,1642,-927
100000059,1,114,-113
100000060,204,295,-91
100000061,1082,518,564
100000062,888,437,451
100000063,267,224,43
100000064,516,354,162
100000065,367,1580,-1213
100000066,168,1210,-1042
100000067,332,895,-563
100000068,392,1838,-1446
100000069,199,2014,-1815
100000072,500,1863,-1363
100000073,1065,1533,-468
100000075,353,370,-17
100000076,1908,1437,471
100000077,714,59,655
100000078,118,16,102
100000079,58,38,20
100000080,15,5,10
100000081,28,27,1
100000102,1591,932,659
100000103,3151,677,2474
100000104,4954,943,4011
100000105,3814,518,3296
100000106,2277,885,1392
100000107,516,253,263
100000108,765,1372,-607
100000109,3530,1265,2265
100000116,1301,401,900
100000117,19,22,-3
100000118,1259,670,589
100000119,368,577,-209
100000121,112,582,-470
100000122,663,762,-99
100000123,4789,4476,313
100000124,10568,4888,5680
100000125,4394,583,3811
100000126,662,241,421
100000127,1676,297,1379
100000128,909,995,-86
100000129,622,508,114
100000130,412,699,-287
100000131,5925,2889,3036
100000132,3186,1333,1853
100000133,13225,3312,9913
100000135,327,525,-198
100000139,153,286,-133
100000140,187,308,-121
100000142,210,644,-434
100000143,626,875,-249
100000144,4059,1093,2966
100000147,711,1520,-809
100000150,8,428,-420
100000151,605,275,330
100000153,417,205,212
100000154,72,73,-1
100000155,6,13,-7
100000156,57,93,-36
100000157,125,160,-35
100000158,34,104,-70
100000159,281,378,-97
100000165,956,775,181
100000169,564,227,337
100000174,2142,295,1847
100000179,44,596,-552
100000180,3039,1325,1714
100000181,94,395,-301
100000188,55,417,-362
100000189,719,264,455
100000190,350,215,135
100000191,388,450,-62
100000192,133,50,83
100000193,115,110,5
100000330,2497,349,2148
100000355,278,565,-287
100000362,5060,3739,1321
100000363,1618,2798,-1180
100000364,403,178,225
100000365,3082,4296,-1214
100000366,4020,2679,1341
100000367,1952,2840,-888
100000368,1848,1971,-123
100000369,749,1074,-325
100000370,270,261,9
100000376,92,93,-1
100000379,1865,1094,771
100000380,2614,1299,1315
100000384,6105,1779,4326
100000385,5562,3054,2508
100000386,9513,1971,7542
100000387,7750,2631,5119
100000388,16005,2947,13058
100000389,13516,2786,10730
100000390,15123,2435,12688
100000391,9405,2913,6492
100000392,3603,1101,2502
100000393,1380,879,501
100000394,6526,2555,3971
100000395,3032,682,2350
100000396,4004,1468,2536
100000397,2199,897,1302
100000398,12390,8280,4110
100900002,4,53,-49
100900003,107,80,27
100900004,35,1245,-1210
100900005,41,5,36
100900006,1,215,-214
100900007,191,9,182
100900008,8,682,-674
100900009,24,39,-15
100900010,11,156,-145
100900011,38,377,-339
100900012,2,328,-326
100900013,475,8,467
100900014,4,11,-7
100900015,147,91,56
100900016,4,60,-56
100900017,404,39,365
100900018,0,7,-7
100900019,14,84,-70
100900020,156,2,154
100900021,675,0,675
100900022,9,13,-4
100900023,0,18,-18
100900024,408,1,407
100900025,5,10,-5
100900026,35,192,-157
100900027,581,1796,-1215
100900028,59,114,-55
100900029,146,23,123
100900030,0,21,-21
100900031,212,42,170
100900032,62,0,62
100900033,178,57,121
100900034,220,0,220
100900035,361,2,359
100900036,12,1,11
100900037,38,327,-289
100900038,20,18,2
100900039,484,703,-219
100900040,112,1112,-1000
100900041,196,1236,-1040
100900042,224,111,113
100900043,0,0,0
100900044,3064,356,2708
100900045,15,0,15
100900046,728,0,728
100900047,1128,90,1038
100900048,19,18,1
100900049,33,245,-212
100900050,1,26,-25
100900051,56,53,3
100900052,48,16,32
100900053,106,27,79
100900054,8,217,-209
100900055,113,201,-88
100900056,26,128,-102
100900057,430,259,171
100900058,93,17,76
100900059,23,1,22
100900060,33,2,31
100900061,233,262,-29
100900062,4,105,-101
100900063,110,242,-132
100900064,464,5,459
100900065,19,30,-11
100900066,38,49,-11
100900067,3,6,-3
100900068,57,149,-92
100900069,130,0,130
100900070,69,7,62
100900071,724,202,522
100900072,2,78,-76
100900073,57,654,-597
100900074,0,8,-8
100900075,3066,245,2821
100900076,35,34,1
100900077,1,128,-127
100900078,39,130,-91
100900079,3,58,-55
100900080,2,144,-142
100900081,6,35,-29
100900082,28,955,-927
100900083,2,75,-73
100900085,1,59,-58
100900086,58,473,-415
100900088,41,989,-948
100900089,1,51,-50
100900090,157,501,-344
100900091,0,30,-30
100900092,83,88,-5
100900093,32,229,-197
100900094,48,998,-950
100900095,1,28,-27
100900096,26,101,-75
100900097,1,4,-3
100900098,1,39,-38
100900099,20,644,-624
100900100,4,184,-180
100900101,288,27,261
100900102,155,44,111
100900103,2,24,-22
100900104,9,158,-149
100900105,3,70,-67
100900106,23,5,18
100900107,1634,348,1286
100900108,1,5,-4
100900109,8,48,-40
100900110,2,16,-14
100900111,86,102,-16
100900112,0,7,-7
100900113,6,22,-16
100900114,0,19,-19
100900115,0,24,-24
100900116,753,282,471
100900117,124,393,-269
100900118,18,33,-15
100900119,1,31,-30
100900120,1,12,-11
100900121,247,245,2
100900122,95,176,-81
100900123,19,147,-128
100900124,1,10,-9
100900125,13,55,-42
100900126,42,266,-224
100900127,0,7,-7
100900128,86,115,-29
100900129,0,100,-100
100900131,31,110,-79
100900133,17,55,-38
100900134,0,7,-7
100900135,0,126,-126
100900137,250,167,83
100900138,388,275,113
100900139,0,9,-9
100900140,4,1080,-1076
100900141,4,255,-251
100900142,0,0,0
100900143,1214,232,982
100900144,8,3,5
100900145,99,86,13
100900146,16,11,5
100900147,9,299,-290
100900148,28,1261,-1233
100900149,10,49,-39
100900150,3,14,-11
100900151,63,495,-432
100900152,97,5,92
100900153,1,192,-191
100900154,2,10,-8
100900155,1,6,-5
100900156,26,0,26
100900157,1,112,-111
100900158,1316,367,949
100900159,1,10,-9
100900160,3,23,-20
100900161,114,1,113
100900162,5,195,-190
100900163,99,226,-127
100900164,12,38,-26
100900165,24,100,-76
100900166,53,0,53
100900167,21,75,-54
100900168,21,106,-85
100900169,164,1546,-1382
100900170,12,4,8
100900171,21,981,-960
100900172,0,7,-7
100900173,5,630,-625
100900174,110,25,85
100900176,1180,40,1140
100900177,1068,139,929
100900178,166,208,-42
100900179,90,39,51
100900180,2,0,2
100900181,63,19,44
100900182,10,6,4
100900184,5,108,-103
100900186,1215,493,722
100900187,7,235,-228
100900188,65,10,55
100900189,812,122,690
100900191,1212,629,583
100900192,120,95,25
100900195,51,148,-97
100900197,0,40,-40
100900198,14,204,-190
100900199,5,7,-2
100900200,580,353,227
100900201,43,854,-811
100900202,6,0,6
100900203,0,54,-54
100900204,595,130,465
100900205,99,278,-179
100900206,25,29,-4
100900207,135,47,88
100900210,70,967,-897
100900211,211,49,162
100900213,33,14,19
100900214,1357,50,1307
100900215,5,30,-25
100900217,1,1,0
101000001,4929,2073,2856
101000002,3370,2407,963
101000003,873,1725,-852
101000004,11279,5845,5434
101000005,6503,4695,1808
101000006,9358,5576,3782
101000007,2704,2619,85
101000008,3096,2694,402
101000009,1655,2556,-901
101000010,629,1632,-1003
101000011,2305,707,1598
101000012,1884,367,1517
101000013,454,762,-308
101000014,459,612,-153
101000015,738,913,-175
101000016,242,327,-85
101000017,415,462,-47
101000018,3564,2673,891
101000020,4740,1126,3614
101000021,846,243,603
101000022,619,76,543
101000023,1767,950,817
101000025,106,329,-223
101000026,377,19,358
101000027,1207,1404,-197
101000028,552,178,374
101000029,20,928,-908
101000030,583,54,529
101000031,319,588,-269
101000032,4275,2167,2108
101000033,2514,1788,726
101000034,2373,955,1418
101000035,1182,420,762
101000036,999,282,717
101000037,3932,835,3097
101000039,3974,702,3272
101000040,4850,1838,3012
101000041,12629,2398,10231
101000042,895,384,511
101000043,11552,2002,9550
101000045,1084,254,830
101000046,1880,969,911
101000047,1121,1277,-156
101000048,748,777,-29
101000049,977,687,290
101000050,3326,1822,1504
101000051,5442,924,4518
101000052,1450,511,939
101000053,796,1794,-998
101000054,1885,2268,-383
101000055,1873,718,1155
101000056,47,41,6
101000057,3396,465,2931
101000058,2027,550,1477
101000059,3968,1207,2761
101000060,1976,199,1777
101000061,1809,568,1241
101000062,1628,349,1279
101000063,455,314,141
101000064,938,301,637
101000065,103,201,-98
101000066,267,153,114
101000067,527,304,223
101000068,214,139,75
101000069,255,81,174
101000070,1805,773,1032
101000071,1965,675,1290
101000072,1367,2889,-1522
101000073,927,279,648
101000074,6202,2236,3966
101000075,8884,2753,6131
101000077,1365,879,486
101000078,1177,1683,-506
101000079,374,963,-589
101000080,709,625,84
101000081,860,808,52
101000082,3001,2365,636
101000083,1469,1107,362
101000084,1206,1329,-123
101000085,1515,950,565
101000086,1089,1051,38
101000087,930,1378,-448
101000088,758,954,-196
101000089,746,1340,-594
101000090,2680,1660,1020
101000091,243,1589,-1346
101000092,866,1286,-420
101000093,1513,811,702
101000094,530,1204,-674
101000095,192,913,-721
101000096,289,674,-385
101000097,240,262,-22
101000098,562,500,62
101000099,1392,1356,36
101000100,1112,560,552
101000101,321,361,-40
101000102,802,260,542
101000103,807,499,308
101000104,226,298,-72
101000105,1498,163,1335
101000106,746,297,449
101000107,99,201,-102
101000108,1681,431,1250
101000109,89,49,40
101000110,55,943,-888
101000111,177,234,-57
101000113,108,822,-714
101000114,2219,1146,1073
101000115,62,82,-20
101000116,77,211,-134
101000117,145,317,-172
101000119,149,20,129
101000120,183,16,167
101000121,36,13,23
101000122,60,29,31
101000123,50,44,6
101000124,375,317,58
101000125,87,316,-229
101000128,875,279,596
101000130,438,280,158
101000131,417,850,-433
101000132,264,1932,-1668
101000135,95,13,82
101000136,228,83,145
101000137,34,251,-217
101000141,2829,1122,1707
101000147,771,475,296
101000148,3029,31,2998
101000149,78,25,53
101000150,41,1568,-1527
101000151,43,108,-65
101000152,289,335,-46
101000153,843,520,323
101000154,92,2067,-1975
101000155,100,130,-30
101000156,15,216,-201
101000157,72,26,46
101000160,22,77,-55
101000163,165,40,125
101000164,586,304,282
101000165,209,311,-102
101000166,226,587,-361
101000168,596,246,350
101000252,736,576,160
101000254,436,23,413
101000258,40,5,35
101000261,166,123,43
101000262,451,788,-337
101000263,207,1619,-1412
101000265,37,678,-641
101000266,299,242,57
101000269,128,9,119
101000290,1762,2075,-313
101000293,7,116,-109
101000294,490,503,-13
101000295,128,536,-408
101000301,898,156,742
101000304,1815,2594,-779
101000305,2390,1868,522
101900001,20,89,-69
101900002,0,24,-24
101900003,46,113,-67
101900004,4,33,-29
101900005,6172,823,5349
101900006,931,15,916
101900007,379,40,339
101900008,140,135,5
101900009,43,205,-162
101900010,1050,326,724
101900011,335,631,-296
101900012,122,201,-79
101900013,1413,91,1322
101900017,21,61,-40
101900018,1543,83,1460
101900019,71,65,6
101900020,688,294,394
101900021,0,16,-16
101900022,30,1562,-1532
101900023,41,295,-254
102000001,1903,3752,-1849
102000002,2668,1420,1248
102000003,4184,3710,474
102000004,11319,2514,8805
102000005,1225,2038,-813
102000006,1824,1354,470
102000007,1416,4314,-2898
102000008,8648,1755,6893
102000009,6143,7044,-901
102000010,8159,3217,4942
102000011,2097,2238,-141
102000012,3620,3595,25
102000018,4029,2356,1673
102000019,2992,1040,1952
102000026,236,394,-158
102000029,540,186,354
102000030,73,212,-139
102000031,5,269,-264
102000032,206,416,-210
102000033,97,490,-393
102000034,603,407,196
102000035,963,548,415
102000036,6,136,-130
102000037,145,72,73
102000038,55,66,-11
102000039,36,46,-10
102000040,318,89,229
102000041,177,156,21
102000042,143,69,74
102000043,220,193,27
102000044,168,498,-330
102000045,645,1034,-389
102000046,653,495,158
102000047,668,1088,-420
102000048,142,663,-521
102000049,576,490,86
102000050,754,1086,-332
102000051,266,446,-180
102000052,1001,1049,-48
102000053,432,794,-362
102000054,239,645,-406
102000055,654,1170,-516
102000056,539,1561,-1022
102000057,1567,592,975
102000058,1305,2192,-887
102000059,928,1562,-634
102000060,942,1103,-161
102000061,1061,3265,-2204
102000062,868,1690,-822
102000063,1175,1562,-387
102000064,503,721,-218
102000065,25,164,-139
102000066,978,1232,-254
102000067,2815,2755,60
102000068,8320,2668,5652
102000069,36,1626,-1590
102000070,2752,64,2688
102000071,6721,9937,-3216
102000072,3596,4885,-1289
102000073,1236,1430,-194
102000074,941,1103,-162
102000075,209,307,-98
102000076,252,544,-292
102000077,264,1613,-1349
102000078,603,1189,-586
102000079,131,393,-262
102000080,346,243,103
102000081,434,985,-551
102000082,899,381,518
102000083,175,704,-529
102000084,111,574,-463
102000085,1711,1528,183
102000086,993,1810,-817
102000087,538,2238,-1700
102000088,154,282,-128
102000089,741,740,1
102000090,379,1416,-1037
102000091,1219,553,666
102000092,761,1017,-256
102000093,673,497,176
102000094,1295,394,901
102000095,953,1305,-352
102000096,2098,656,1442
102000097,2313,1578,735
102000098,649,1473,-824
102000099,1101,501,600
102000100,907,715,192
102000101,1144,235,909
102000102,462,1405,-943
102000103,1533,269,1264
102000104,1213,381,832
102000105,178,880,-702
102000106,535,1217,-682
102000107,535,675,-140
102000108,580,338,242
102000109,240,619,-379
102000110,413,1783,-1370
102000111,9,316,-307
102000112,191,68,123
102000113,13,38,-25
102000114,892,313,579
102000115,155,173,-18
102000116,248,215,33
102000117,257,550,-293
102000118,1438,777,661
102000119,2740,507,2233
102000120,79,469,-390
102000121,647,523,124
102000122,306,751,-445
102000123,1404,1060,344
102000124,922,933,-11
102000125,867,913,-46
102000126,566,698,-132
102000127,881,790,91
102000128,388,1187,-799
102000129,670,1063,-393
102000130,396,686,-290
102000131,2037,720,1317
102000132,798,421,377
102000133,1062,3098,-2036
102000134,292,790,-498
102000135,1278,600,678
102000136,1241,328,913
102000137,1221,728,493
102000138,304,458,-154
102000139,110,517,-407
102000140,364,223,141
102000141,369,655,-286
102000142,188,418,-230
102000143,43,573,-530
102000144,74,542,-468
102000145,199,408,-209
102000146,167,407,-240
102000147,307,376,-69
102000148,147,365,-218
102000149,105,886,-781
102000150,104,197,-93
102000151,101,442,-341
102000152,51,110,-59
102000153,684,228,456
102000154,326,571,-245
102000155,102,204,-102
102000156,302,54,248
102000157,54,132,-78
102000158,221,147,74
102000159,1742,121,1621
102000161,5169,1114,4055
102000162,142,132,10
102000163,105,348,-243
102000164,1466,646,820
102000165,197,126,71
102000166,20,76,-56
102000167,118,163,-45
102000168,118,117,1
102000169,56,404,-348
102000170,751,124,627
102000171,103,84,19
102000172,15,190,-175
102000173,245,229,16
102000174,23,67,-44
102000175,131,321,-190
102000176,19,62,-43
102000178,188,676,-488
102000179,182,247,-65
102000180,446,793,-347
102000181,262,918,-656
102000182,314,718,-404
102000183,894,2104,-1210
102000184,878,1056,-178
102000185,1342,1953,-611
102000186,573,2109,-1536
102000187,404,2398,-1994
102000188,420,1903,-1483
102000189,3759,1128,2631
102000190,778,2618,-1840
102000191,1296,633,663
102000192,605,1037,-432
102000193,31,176,-145
102000194,38,139,-101
102000195,269,589,-320
102000196,89,565,-476
102000197,233,576,-343
102000198,96,1071,-975
102000199,244,428,-184
102000200,147,1413,-1266
102000201,276,559,-283
102000202,6,165,-159
102000203,119,461,-342
102000204,202,1351,-1149
102000205,461,1159,-698
102000206,388,981,-593
102000207,527,511,16
102000208,236,746,-510
102000209,94,76,18
102000210,212,579,-367
102000211,241,597,-356
102000212,84,20,64
102000213,2,493,-491
102000214,115,21,94
102000215,3,675,-672
102000216,11,25,-14
102000217,9,269,-260
102000218,126,40,86
102000219,360,434,-74
102000225,787,687,100
102000226,8804,374,8430
102000227,48,3,45
102000228,0,97,-97
102000229,16,37,-21
102000230,284,743,-459
102000231,168,464,-296
102000232,37,147,-110
102000233,332,716,-384
102000234,99,2092,-1993
102000236,410,58,352
102000237,308,176,132
102000238,152,271,-119
102000240,740,544,196
102000241,241,103,138
102000243,8,80,-72
102000245,20,97,-77
102000246,15,37,-22
102000247,356,991,-635
102000248,178,389,-211
102000249,66,206,-140
102000250,34,528,-494
102000254,28,742,-714
102000266,56,247,-191
102000271,10,1,9
102000286,452,326,126
102000297,1262,838,424
102000299,0,0,0
102000301,0,0,0
102000302,0,0,0
102000303,0,0,0
102000304,0,1,-1
102000305,0,1,-1
102000306,0,0,0
102000307,0,8,-8
102000308,0,2,-2
102900001,1073,949,124
102900002,382,44,338
102900003,12,357,-345
102900005,233,341,-108
102900006,316,214,102
102900007,329,34,295
102900008,162,68,94
102900009,295,71,224
102900010,1059,453,606
102900011,2323,234,2089
102900012,364,56,308
102900013,8,63,-55
102900015,782,217,565
102900016,17,148,-131
102900017,60,674,-614
102900018,5,129,-124
102900019,146,446,-300
102900020,57,49,8
102900021,2,101,-99
102900022,241,38,203
102900023,13,51,-38
102900024,9,56,-47
102900025,226,119,107
102900026,517,1088,-571
102900027,43,72,-29
102900028,114,385,-271
102900029,94,114,-20
102900030,277,200,77
102900031,51,165,-114
102900032,7,129,-122
102900033,52,143,-91
102900034,160,164,-4
102900035,51,579,-528
102900036,134,768,-634
102900037,278,908,-630
102900038,466,606,-140
102900039,16,355,-339
102900040,120,225,-105
102900041,44,185,-141
102900042,165,376,-211
102900043,117,278,-161
102900044,425,2192,-1767
102900045,54,561,-507
102900046,54,401,-347
102900047,88,931,-843
102900048,429,835,-406
102900049,31,375,-344
102900050,399,386,13
102900051,116,196,-80
102900052,13,31,-18
102900053,214,805,-591
102900054,1081,776,305
102900055,31,81,-50
102900056,110,530,-420
102900057,1,17,-16
102900058,331,55,276
102900059,10,28,-18
102900060,33,516,-483
102900061,67,512,-445
102900062,53,1652,-1599
102900063,495,471,24
102900064,187,374,-187
102900065,1679,902,777
102900066,332,44,288
102900068,47,61,-14
102900070,161,902,-741
102900072,11,15,-4
102900073,119,6,113
102900074,186,111,75
102900075,22,13,9
102900076,183,26,157
102900077,16,21,-5
102900078,14,62,-48
102900079,215,21,194
102900080,171,36,135
102900081,68,233,-165
102900082,8,275,-267
102900083,245,13,232
102900084,6,13,-7
102900085,44,29,15
102900086,1,8,-7
102900087,46,142,-96
102900088,13,56,-43
102900089,287,122,165
102900090,6,527,-521
102900091,46,3,43
102900092,137,949,-812
102900093,151,256,-105
102900094,0,25,-25
102900095,74,7,67
102900096,14,10,4
102900097,87,248,-161
103000001,1737,2456,-719
103000002,1629,1865,-236
103000003,2899,2369,530
103000004,967,770,197
103000005,1849,2004,-155
103000006,477,1121,-644
103000007,397,961,-564
103000008,716,1124,-408
103000009,506,760,-254
103000010,131,140,-9
103000011,1796,1003,793
103000012,831,1054,-223
103000013,8181,2031,6150
103000014,1255,1383,-128
103000015,2591,980,1611
103000016,509,751,-242
103000017,113,312,-199
103000018,1114,422,692
103000019,119,172,-53
103000020,1308,1392,-84
103000021,914,1137,-223
103000022,844,1163,-319
103000023,338,1004,-666
103000024,110,179,-69
103000025,99,317,-218
103000026,2351,117,2234
103000027,358,297,61
103000028,916,288,628
103000029,554,157,397
103000030,2635,626,2009
103000031,1847,996,851
103000032,2288,1694,594
103000033,2976,2370,606
103000034,2317,852,1465
103000035,512,783,-271
103000036,533,458,75
103000037,653,383,270
103000038,592,890,-298
103000039,112,614,-502
103000040,230,1522,-1292
103000041,1466,3490,-2024
103000042,569,835,-266
103000043,281,1648,-1367
103000044,99,321,-222
103000046,235,323,-88
103000047,388,949,-561
103000048,117,170,-53
103000049,79,229,-150
103000050,383,719,-336
103000051,256,497,-241
103000052,813,595,218
103000053,103,405,-302
103000054,1380,925,455
103000055,1095,1724,-629
103000056,457,2692,-2235
103000057,478,372,106
103000058,277,1085,-808
103000059,262,867,-605
103000060,661,859,-198
103000061,402,778,-376
103000062,737,979,-242
103000063,550,940,-390
103000064,105,360,-255
103000065,2,326,-324
103000066,62,5,57
103000069,95,400,-305
103000070,520,1520,-1000
103000071,593,353,240
103000072,70,1134,-1064
103000073,194,113,81
103000074,270,104,166
103000075,102,1172,-1070
103000076,143,162,-19
103000077,15,482,-467
103000078,950,211,739
103000079,1750,466,1284
103000080,813,131,682
103000081,465,617,-152
103000082,276,126,150
103000083,56,442,-386
103000084,92,3,89
103000085,1,83,-82
103000086,466,282,184
103000087,82,447,-365
103000088,260,323,-63
103000089,137,241,-104
103000090,1155,1025,130
103000091,453,449,4
103000092,170,268,-98
103000093,238,678,-440
103000094,68,108,-40
103000095,13,452,-439
103000096,535,107,428
103000097,34,697,-663
103000098,874,112,762
103000099,303,546,-243
103000100,52,963,-911
103000101,379,135,244
103000102,82,830,-748
103000103,325,265,60
103000104,29,257,-228
103000105,74,105,-31
103000106,13,112,-99
103000107,298,53,245
103000108,435,596,-161
103000109,289,282,7
103000110,341,418,-77
103000111,443,458,-15
103000112,241,286,-45
103000113,352,647,-295
103000114,508,447,61
103000115,306,428,-122
103000116,355,525,-170
103000117,104,464,-360
103000118,1121,1260,-139
103000119,2086,785,1301
103000120,59,117,-58
103000121,235,636,-401
103000122,250,250,0
103000125,7,672,-665
103000126,242,8,234
103000127,5,314,-309
103000128,44,1,43
103000129,4,207,-203
103000130,31,14,17
103000131,266,117,149
103000132,85,146,-61
103000133,6,267,-261
103000134,584,414,170
103000135,1030,172,858
103000136,703,315,388
103000137,524,554,-30
103000138,775,529,246
103000139,0,35,-35
103000140,113,17,96
103000141,12,104,-92
103000142,108,60,48
103000143,30,236,-206
103000144,113,89,24
103000145,24,47,-23
103000150,88,60,28
103000152,129,232,-103
103000153,64,160,-96
103000156,4,768,-764
103000157,154,4,150
103000159,110,106,4
103000162,45,5,40
103000163,4,12,-8
103000164,18,11,7
103000165,103,569,-466
103000166,100,148,-48
103000167,91,129,-38
103000168,43,228,-185
103000169,163,349,-186
103000170,536,549,-13
103000171,38,72,-34
103000172,213,1083,-870
103000173,172,870,-698
103000174,169,333,-164
103000175,122,628,-506
103000176,748,201,547
103000177,985,419,566
103000178,520,234,286
103000179,46,32,14
103000183,31,57,-26
103000185,17,85,-68
103000186,41,205,-164
103000187,145,946,-801
103000188,13,85,-72
103000189,511,1067,-556
103000191,612,781,-169
103000292,3207,635,2572
103000293,1798,860,938
103000295,96,80,16
103000296,154,9,145
103000297,230,19,211
103000504,73,7,66
103000505,12,7,5
103000506,1,242,-241
103000507,79,1,78
103000508,46,19,27
103000509,118,537,-419
103900001,10,438,-428
103900002,2126,209,1917
103900003,1964,130,1834
103900004,3,1,2
103900005,4,348,-344
103900006,5,1,4
103900007,19,58,-39
103900008,8,0,8
103900009,73,270,-197
103900010,70,310,-240
103900011,47,308,-261
103900012,7,20,-13
103900013,23,92,-69
103900014,38,31,7
103900015,17,28,-11
103900016,181,365,-184
103900017,16,157,-141
103900018,731,153,578
103900019,45,115,-70
103900020,103,202,-99
103900021,943,39,904
103900022,584,575,9
103900023,43,1,42
103900024,121,700,-579
103900025,4,42,-38
103900026,0,0,0
103900027,239,272,-33
103900028,13,242,-229
103900029,618,60,558
103900030,102,14,88
103900031,6,1,5
103900032,21,26,-5
103900033,23,10,13
103900034,12,265,-253
103900035,44,84,-40
103900036,33,12,21
103900037,13,22,-9
103900038,100,55,45
103900039,13,621,-608
103900040,6,239,-233
103900041,9,22,-13
103900042,8,575,-567
103900043,60,134,-74
103900044,217,104,113
103900045,102,147,-45
103900047,23,49,-26
103900048,32,8,24
103900049,189,1243,-1054
103900050,8,78,-70
103900051,0,33,-33
103900052,71,769,-698
103900053,49,1346,-1297
103900054,49,807,-758
103900055,192,139,53
103900056,7,62,-55
103900057,8,320,-312
103900058,83,1000,-917
103900059,0,2,-2
103900060,7,234,-227
103900061,27,59,-32
103900062,41,37,4
103900063,1,0,1
103900064,21,0,21
103900065,921,332,589
103900066,33,2,31
103900067,32,9,23
103900068,0,0,0
103900069,37,5,32
103900070,108,298,-190
103900071,37,198,-161
103900072,7,448,-441
103900073,7,10,-3
103900074,26,119,-93
103900075,78,87,-9
103900076,178,854,-676
103900077,72,42,30
103900078,52,165,-113
103900079,34,234,-200
103900080,6,23,-17
103900081,44,4,40
103900082,0,94,-94
103900083,2265,231,2034
103900084,7,143,-136
103900085,59,68,-9
103900086,218,331,-113
103900087,25,142,-117
103900088,491,197,294
103900089,67,144,-77
103900090,3,261,-258
103900091,826,247,579
103900092,200,455,-255
103900093,96,494,-398
103900094,3,217,-214
103900095,130,164,-34
103900096,11,377,-366
103900097,12,627,-615
103900098,105,39,66
103900099,17,294,-277
103900100,67,398,-331
103900101,78,939,-861
103900102,0,60,-60
103900104,0,30,-30
103900105,77,172,-95
103900106,0,20,-20
103900107,75,286,-211
103900108,22,498,-476
103900109,16,84,-68
103900110,129,52,77
103900111,21,867,-846
103900112,15,51,-36
103900113,125,178,-53
103900114,423,314,109
103900115,225,60,165
103900116,6565,788,5777
103900117,258,169,89
103900119,17,25,-8
103900120,20,84,-64
103900122,36,385,-349
103900123,1473,404,1069
103900124,27,170,-143
103900125,35,60,-25
103900126,147,566,-419
103900127,78,910,-832
103900128,29,284,-255
103900131,7,124,-117
103900133,682,10,672
103900134,0,1,-1
103900135,107,11,96
103900137,0,113,-113
103900138,17,412,-395
103900139,139,843,-704
103900140,2,24,-22
103900141,183,80,103
103900142,37,227,-190
103900143,11,0,11
103900144,0,71,-71
103900145,111,328,-217
103900146,252,351,-99
103900147,124,127,-3
103900148,61,249,-188
103900149,47,896,-849
103900150,8237,1409,6828
103900151,23,143,-120
103900152,103,960,-857
103900153,10,0,10
103900154,1769,570,1199
103900155,16,270,-254
103900156,4,192,-188
103900157,11,230,-219
103900158,28,252,-224
103900159,31,84,-53
103900160,19,33,-14
103900161,49,146,-97
103900162,84,256,-172
103900163,6,353,-347
103900164,81,27,54
103900167,2,45,-43
103900168,19,149,-130
103900169,11,17,-6
103900170,3,90,-87
103900171,2,71,-69
103900172,16,47,-31
103900173,1,7,-6
103900174,36,69,-33
103900175,38,18,20
103900176,0,8,-8
103900177,2,40,-38
103900178,19,77,-58
103900179,13,272,-259
103900180,1,115,-114
103900181,47,41,6
103900182,43,18,25
103900184,645,35,610
103900185,284,100,184
103900187,65,26,39
103900188,24,10,14
103900189,50,6,44
103900190,19,61,-42
103900191,7,50,-43
103900192,21,54,-33
103900193,129,101,28
103900194,28,374,-346
103900195,2,27,-25
103900196,12,20,-8
103900197,6,55,-49
103900198,1,78,-77
103900199,54,83,-29
103900200,138,196,-58
103900201,39,250,-211
103900202,9,65,-56
103900203,8,13,-5
103900204,0,133,-133
103900207,0,251,-251
103900208,20,0,20
103900209,4,107,-103
103900210,7,35,-28
103900211,179,732,-553
103900212,68,554,-486
103900213,48,175,-127
103900214,169,78,91
103900215,647,257,390
103900216,12,1037,-1025
103900217,232,26,206
103900218,1,178,-177
103900219,33,354,-321
103900233,77,3,74
103900235,34,10,24
103900236,19,2,17
103900242,5,9,-4
103900243,4,2,2
103900244,35,329,-294
103900245,29,246,-217
103900246,28,10,18
103900247,19,76,-57
103900248,1,13,-12
103900249,6,17,-11
103900250,21,8,13
103900251,1,8,-7
103900253,30,38,-8
103900254,1,10,-9
103900255,4,7,-3
103900256,9,12,-3
103900257,38,40,-2
103900258,6,1,5
103900259,87,2,85
103900261,2,1,1
103900262,6,0,6
103900263,34,12,22
103900264,37,3,34
103900265,57,11,46
103900266,0,24,-24
103900267,5,39,-34
103900268,0,26,-26
103900269,13,48,-35
103900270,2,28,-26
104000001,1741,2502,-761
104000002,1859,2839,-980
104000003,2394,2388,6
104000004,3912,2512,1400
104000005,773,1843,-1070
104000006,2330,2999,-669
104000007,3509,3347,162
104000008,267,550,-283
104000009,68,123,-55
104000010,72,122,-50
104000011,905,674,231
104000012,85,577,-492
104000013,95,102,-7
104000014,187,805,-618
104000015,146,167,-21
104000016,335,456,-121
104000018,417,152,265
104000019,346,80,266
104000020,154,1139,-985
104000021,225,878,-653
104000022,89,374,-285
104000023,419,286,133
104000024,132,439,-307
104000026,30,348,-318
104000027,135,455,-320
104000028,247,264,-17
104000029,391,695,-304
104000030,96,208,-112
104000031,451,268,183
104000032,144,426,-282
104000033,289,356,-67
104000034,233,437,-204
104000035,347,463,-116
104000036,325,769,-444
104000037,170,319,-149
104000038,164,277,-113
104000039,163,536,-373
104000040,451,580,-129
104000041,669,340,329
104000042,195,547,-352
104000043,332,459,-127
104000044,197,940,-743
104000045,625,1367,-742
104000046,1570,1909,-339
104000047,769,1686,-917
104000048,1242,2547,-1305
104000049,328,321,7
104000050,240,679,-439
104000051,67,865,-798
104000052,852,1609,-757
104000053,602,805,-203
104000054,473,764,-291
104000055,4013,3278,735
104000056,2171,207,1964
104000057,80,528,-448
104000058,427,785,-358
104000059,273,1279,-1006
104000060,460,1083,-623
104000061,931,1495,-564
104000062,157,213,-56
104000064,787,284,503
104000065,142,354,-212
104000069,1501,552,949
104000070,65,366,-301
104000071,137,424,-287
104000072,799,270,529
104000075,45,231,-186
104000076,372,146,226
104000082,1863,2236,-373
104000083,664,216,448
104000084,75,479,-404
104000085,144,301,-157
104000086,137,348,-211
104000087,523,969,-446
104000090,509,1872,-1363
104000092,431,3330,-2899
104000094,630,2617,-1987
104000095,1122,1558,-436
104000096,803,526,277
104000097,996,1215,-219
104000098,771,1550,-779
104000100,859,838,21
104000101,847,2949,-2102
104000106,81,548,-467
104000107,446,571,-125
104000108,337,697,-360
104000109,290,57,233
104000110,882,966,-84
104000111,6315,1376,4939
104000112,2814,509,2305
104000116,6,1723,-1717
104000117,104,1301,-1197
104000118,218,318,-100
104000119,474,273,201
104000120,185,1273,-1088
104000121,221,803,-582
104000122,357,800,-443
104000123,877,1653,-776
104000124,2081,3262,-1181
104000125,6274,2492,3782
104000126,284,616,-332
104000127,1891,4938,-3047
104000128,782,538,244
104000129,462,20,442
104000130,14,225,-211
104000131,1057,803,254
104000132,716,1065,-349
104000133,962,859,103
104000134,818,1186,-368
104000135,450,787,-337
104000136,996,1750,-754
104000137,2214,201,2013
104000138,1786,331,1455
104000139,11922,3251,8671
104000141,1841,2179,-338
104000142,515,1346,-831
104000143,388,1014,-626
104000144,38,203,-165
104000145,302,126,176
104000146,492,575,-83
104000147,91,417,-326
104000148,147,131,16
104000149,153,529,-376
104000150,549,457,92
104000151,311,929,-618
104000152,325,1040,-715
104000153,172,503,-331
104000154,1159,861,298
104000155,267,430,-163
104000157,1406,2264,-858
104000158,269,273,-4
104000159,387,340,47
104000160,1503,1332,171
104000161,208,163,45
104000162,35,141,-106
104000165,1118,1107,11
104000167,313,439,-126
104000168,311,4,307
104000169,30,50,-20
104000170,1084,241,843
104000248,119,970,-851
104000251,58,469,-411
104000272,0,0,0
104000273,0,0,0
104000274,0,0,0
104000275,0,0,0
104000279,750,555,195
104000290,46,487,-441
104000291,552,1161,-609
104000293,552,739,-187
104000294,3,0,3
104000295,322,835,-513
104000296,258,906,-648
104000297,883,1650,-767
104000298,2337,1029,1308
104000299,426,1381,-955
104900001,64,472,-408
104900002,29,82,-53
104900003,37,557,-520
104900004,65,531,-466
104900005,133,138,-5
104900006,66,39,27
104900007,156,256,-100
104900009,61,637,-576
104900010,4,14,-10
104900011,6,2,4
104900012,81,2,79
104900013,50,2,48
104900014,4940,314,4626
104900015,41,1,40
104900016,59,398,-339
104900017,14,200,-186
104900018,12,322,-310
104900019,398,919,-521
104900020,26,432,-406
104900021,2,321,-319
104900022,9,121,-112
104900023,2,208,-206
104900024,16,92,-76
104900025,54,456,-402
104900026,3,164,-161
104900027,163,152,11
104900028,47,108,-61
104900029,43,128,-85
104900030,251,188,63
104900031,153,168,-15
104900032,54,220,-166
104900033,32,166,-134
104900034,147,94,53
104900035,64,75,-11
104900036,60,43,17
104900037,58,279,-221
104900038,706,413,293
104900039,697,63,634
104900040,106,82,24
104900041,63,136,-73
104900042,70,399,-329
104900043,7,15,-8
104900044,176,238,-62
104900045,168,35,133
104900046,41,160,-119
104900047,90,160,-70
104900048,100,116,-16
104900049,1,2,-1
104900050,40,115,-75
104900051,34,37,-3
104900052,6,0,6
104900053,222,50,172
104900054,148,41,107
104900055,17,0,17
104900056,106,5,101
104900057,23,0,23
104900058,923,81,842
104900059,5,39,-34
104900060,2,397,-395
104900061,329,887,-558
104900063,0,156,-156
104900064,2,107,-105
104900065,1,141,-140
104900066,1,234,-233
104900067,6,326,-320
104900068,3,332,-329
104900070,69,362,-293
104900071,1,879,-878
104900072,37,252,-215
104900073,12,304,-292
104900074,43,245,-202
104900075,16,81,-65
104900076,98,591,-493
104900077,1263,60,1203
104900078,93,1097,-1004
104900079,83,104,-21
104900080,33,771,-738
104900082,3,294,-291
104900085,1,400,-399
104900087,413,4,409
104900089,28,0,28
104900090,308,302,6
104900091,658,1079,-421
104900093,192,672,-480
104900097,3609,1121,2488
104900098,39,33,6
104900099,140,423,-283
104900100,813,272,541
104900102,14,277,-263
104900103,502,111,391
104900104,4243,1073,3170
104900106,12,170,-158
104900107,30,464,-434
104900108,3,346,-343
104900109,27,254,-227
104900110,4,44,-40
104900111,73,77,-4
104900112,152,1120,-968
104900113,329,513,-184
104900114,190,888,-698
104900115,263,638,-375
104900116,91,381,-290
104900118,13,67,-54
104900119,0,25,-25
104900120,84,23,61
104900121,0,158,-158
104900122,1,104,-103
104900123,8,4,4
104900124,5,0,5
104900125,412,2,410
104900126,136,46,90
104900127,22,8,14
104900128,43,121,-78
104900129,3215,863,2352
105000001,1666,1871,-205
105000002,1561,1954,-393
105000003,1971,4070,-2099
105000004,449,1318,-869
105000005,616,1204,-588
105000006,815,1388,-573
105000007,637,1121,-484
105000008,588,1372,-784
105000009,950,2447,-1497
105000010,3173,2977,196
105000011,1614,1756,-142
105000012,4341,3705,636
105000013,498,849,-351
105000014,1109,1719,-610
105000015,7442,5860,1582
105000016,3362,2232,1130
105000017,1404,1284,120
105000018,1064,878,186
105000019,1281,1016,265
105000020,112,292,-180
105000021,307,124,183
105000022,92,25,67
105000023,388,213,175
105000028,39,177,-138
105000029,280,796,-516
105000030,4091,4268,-177
105000033,948,2547,-1599
105000034,99,552,-453
105000037,611,647,-36
105000038,1904,1044,860
105000039,4178,2604,1574
105000040,851,557,294
105000041,807,1823,-1016
105000042,3027,994,2033
105000043,2775,3306,-531
105000044,231,384,-153
105000045,247,1206,-959
105000046,410,363,47
105000047,371,2058,-1687
105000048,282,198,84
105000049,256,1150,-894
105000050,272,248,24
105000051,176,744,-568
105000052,347,1005,-658
105000053,114,236,-122
105000054,145,1149,-1004
105000055,273,461,-188
105000056,1108,3031,-1923
105000057,1357,1293,64
105000058,1792,1762,30
105000059,413,475,-62
105000060,450,723,-273
105000061,277,449,-172
105000062,930,1152,-222
105000063,238,853,-615
105000064,543,684,-141
105000065,305,1213,-908
105000066,753,2605,-1852
105000067,524,584,-60
105000068,391,1082,-691
105000069,2658,684,1974
105000070,797,830,-33
105000071,139,371,-232
105000072,466,636,-170
105000073,569,493,76
105000074,1062,1140,-78
105000075,516,967,-451
105000076,1066,1171,-105
105000077,1707,888,819
105000078,1478,1041,437
105000079,1529,1595,-66
105000080,1616,1014,602
105000081,797,710,87
105000082,425,404,21
105000083,835,766,69
105000084,396,1278,-882
105000085,966,954,12
105000086,413,1021,-608
105000087,2401,1979,422
105000088,1646,1227,419
105000089,4083,3210,873
105000090,1337,1213,124
105000091,2102,2374,-272
105000092,601,1386,-785
105000093,346,252,94
105000094,278,214,64
105000095,85,427,-342
105000096,867,601,266
105000097,1132,594,538
105000098,349,442,-93
105000099,547,794,-247
105000100,999,1309,-310
105000101,1585,2348,-763
105000102,2317,1828,489
105000103,1793,2573,-780
105000104,1568,1050,518
105000105,919,2011,-1092
105000106,1055,1846,-791
105000107,700,1146,-446
105000108,1042,2183,-1141
105000109,1129,1993,-864
105000110,463,951,-488
105000111,362,543,-181
105000112,685,961,-276
105000113,200,441,-241
105000114,4073,870,3203
105000115,230,553,-323
105000116,392,514,-122
105000117,634,1718,-1084
105000118,201,594,-393
105000119,412,1724,-1312
105000120,513,996,-483
105000121,651,1468,-817
105000122,201,487,-286
105000123,1069,1638,-569
105000124,1358,1225,133
105000125,630,1953,-1323
105000126,1406,2304,-898
105000127,1734,2174,-440
105000128,546,1392,-846
105000129,520,289,231
105000130,70,834,-764
105000131,410,410,0
105000132,554,386,168
105000133,239,1401,-1162
105000134,394,494,-100
105000135,321,776,-455
105000136,27,141,-114
105000137,170,320,-150
105000138,78,172,-94
105000139,901,1236,-335
105000140,79,430,-351
105000141,136,708,-572
105000142,74,529,-455
105000143,171,765,-594
105000144,192,699,-507
105000145,509,648,-139
105000146,431,683,-252
105000147,557,383,174
105000148,1090,554,536
105000149,1582,1320,262
105000150,2449,1686,763
105000151,282,294,-12
105000152,115,723,-608
105000153,368,398,-30
105000154,729,947,-218
105000155,274,464,-190
105000156,1080,889,191
105000157,1348,1943,-595
105000158,1663,796,867
105000159,280,1351,-1071
105000160,842,620,222
105000161,645,2012,-1367
105000162,315,1104,-789
105000163,1261,1276,-15
105000164,175,353,-178
105000165,1706,2830,-1124
105000166,8325,237,8088
105000167,3232,1105,2127
105000168,139,1027,-888
105000169,204,641,-437
105000170,47,1453,-1406
105000171,1122,434,688
105000172,25,57,-32
105000173,38,90,-52
105000174,31,43,-12
105000175,82,163,-81
105000176,66,94,-28
105000177,57,132,-75
105000178,112,747,-635
105000179,109,202,-93
105000180,72,133,-61
105000181,68,499,-431
105000182,28,87,-59
105000183,3084,1540,1544
105000184,1415,905,510
105000185,1453,547,906
105000186,505,1236,-731
105000187,619,335,284
105000188,152,112,40
105000189,174,655,-481
105000190,94,387,-293
105000191,203,515,-312
105000192,49,69,-20
105000193,47,157,-110
105000194,96,59,37
105000195,252,1534,-1282
105000196,23,49,-26
105000197,160,1061,-901
105000198,489,295,194
105000199,129,143,-14
105000200,56,248,-192
105000201,51,16,35
105000203,4,331,-327
105000204,46,110,-64
105000205,96,281,-185
105000207,986,287,699
105000208,241,344,-103
105000209,167,406,-239
105000212,772,1766,-994
105000213,231,161,70
105000214,50,303,-253
105000215,102,299,-197
105000216,70,561,-491
105000217,162,518,-356
105000218,487,1270,-783
105000221,95,376,-281
105000222,50,44,6
105000223,88,221,-133
105000226,13,447,-434
105000227,13,242,-229
105000228,159,720,-561
105000229,33,174,-141
105000231,100,253,-153
105000233,500,535,-35
105000234,522,1450,-928
105000235,147,447,-300
105000237,420,50,370
105000243,13,222,-209
105000248,54,41,13
105000262,144,2062,-1918
105000269,66,120,-54
105000270,152,147,5
105000271,1,370,-369
105000282,18,45,-27
105000287,299,150,149
105000288,364,455,-91
105000289,625,730,-105
105000290,3,3,0
105000402,5372,1822,3550
105000426,306,464,-158
105000438,482,522,-40
105000446,14023,5363,8660
105000447,9083,2748,6335
105000454,95,578,-483
105000455,206,269,-63
105000474,18,0,18
105000477,109,382,-273
105000478,895,1648,-753
105000479,59,132,-73
105000480,1341,1697,-356
105000481,1576,1866,-290
105000482,4265,2907,1358
105000483,802,1180,-378
105000484,2324,2919,-595
105000485,957,1237,-280
105000486,3442,2600,842
105000488,2717,3035,-318
105000489,438,759,-321
105000549,23,94,-71
105000550,412,1134,-722
105000551,11,91,-80
105000552,3460,2194,1266
105900001,6,795,-789
105900002,1890,335,1555
105900003,5,106,-101
105900004,430,111,319
105900005,6,219,-213
105900006,6,40,-34
105900007,71,7,64
105900008,30,812,-782
105900009,10,13,-3
105900011,189,53,136
105900012,276,172,104
105900013,1,7,-6
105900014,3,97,-94
105900015,157,339,-182
105900016,95,805,-710
105900017,682,63,619
105900018,213,259,-46
105900019,33,606,-573
105900020,11,68,-57
105900021,17,474,-457
105900022,139,348,-209
105900023,1,200,-199
105900024,7,313,-306
105900025,24,51,-27
105900026,164,24,140
105900027,5237,3498,1739
105900028,20,136,-116
105900029,2054,346,1708
105900030,126,356,-230
105900031,350,210,140
105900032,43,124,-81
105900033,12,120,-108
105900034,76,210,-134
105900035,207,194,13
105900036,11,110,-99
105900037,48,86,-38
105900038,68,259,-191
105900039,32,150,-118
105900040,28,129,-101
105900041,190,362,-172
105900042,36,99,-63
105900043,1764,64,1700
105900044,2,139,-137
105900045,1,645,-644
105900046,4,177,-173
105900047,4,27,-23
105900048,53,524,-471
105900050,2630,703,1927
105900051,3,1319,-1316
105900052,217,73,144
105900053,4359,1099,3260
105900054,250,300,-50
105900056,1056,137,919
105900057,11,209,-198
105900058,7,23,-16
105900059,0,33,-33
106000001,2973,920,2053
106000002,2644,3465,-821
106000003,2413,1785,628
106000004,2140,2192,-52
106000005,1998,4248,-2250
106000006,5806,4797,1009
106000007,399,532,-133
106000008,317,329,-12
106000009,358,353,5
106000010,361,533,-172
106000011,385,1017,-632
106000012,556,1876,-1320
106000013,1123,1833,-710
106000014,1977,1981,-4
106000015,888,1215,-327
106000016,1096,2672,-1576
106000017,530,648,-118
106000018,421,712,-291
106000019,191,417,-226
106000020,173,566,-393
106000021,175,523,-348
106000022,237,377,-140
106000023,366,356,10
106000024,377,977,-600
106000025,107,170,-63
106000026,187,377,-190
106000027,557,1052,-495
106000028,404,988,-584
106000029,828,1966,-1138
106000030,936,181,755
106000034,155,568,-413
106000035,645,831,-186
106000036,337,331,6
106000037,1364,1530,-166
106000038,444,62,382
106000039,133,24,109
106000040,130,626,-496
106000041,609,252,357
106000043,374,59,315
106000046,230,18,212
106000047,42,371,-329
106000049,329,127,202
106000050,170,993,-823
106000051,312,321,-9
106000052,83,731,-648
106000053,104,101,3
106000054,275,589,-314
106000055,436,720,-284
106000056,221,536,-315
106000057,126,149,-23
106000058,113,210,-97
106000059,106,231,-125
106000060,494,734,-240
106000061,106,370,-264
106000062,166,612,-446
106000063,336,354,-18
106000064,24,433,-409
106000065,133,132,1
106000066,77,472,-395
106000067,217,81,136
106000068,29,717,-688
106000069,82,76,6
106000070,299,843,-544
106000071,563,263,300
106000072,4689,1150,3539
106000073,1631,1787,-156
106000074,193,569,-376
106000075,202,944,-742
106000076,980,1586,-606
106000077,2379,1166,1213
106000078,384,838,-454
106000079,379,1099,-720
106000080,598,871,-273
106000081,374,1077,-703
106000082,1725,969,756
106000083,271,1136,-865
106000084,487,547,-60
106000085,1324,969,355
106000086,425,601,-176
106000087,422,490,-68
106000088,286,778,-492
106000089,410,507,-97
106000090,163,711,-548
106000091,189,637,-448
106000092,334,235,99
106000093,117,71,46
106000094,77,338,-261
106000095,307,1237,-930
106000096,350,850,-500
106000097,463,1635,-1172
106000098,345,1190,-845
106000099,123,1136,-1013
106000100,661,357,304
106000101,1022,277,745
106000102,217,657,-440
106000103,178,706,-528
106000104,513,447,66
106000105,301,1180,-879
106000106,288,507,-219
106000107,47,536,-489
106000108,115,386,-271
106000109,71,417,-346
106000110,84,369,-285
106000111,83,746,-663
106000112,71,347,-276
106000113,1233,698,535
106000114,412,382,30
106000115,159,586,-427
106000116,102,278,-176
106000117,830,785,45
106000118,789,989,-200
106000119,2518,1280,1238
106000120,663,667,-4
106000121,65,190,-125
106000122,26,403,-377
106000123,115,321,-206
106000124,9,430,-421
106000125,10,443,-433
106000126,60,198,-138
106000127,263,1007,-744
106000128,260,298,-38
106000129,200,826,-626
106000130,347,379,-32
106000131,80,556,-476
106000132,765,143,622
106000133,4401,809,3592
106000134,684,1229,-545
106000135,108,903,-795
106000136,416,354,62
106000137,55,1789,-1734
106000138,576,62,514
106000139,21,126,-105
106000140,31,131,-100
106000141,27,176,-149
106000142,42,41,1
106000143,12,141,-129
106000144,24,53,-29
106000145,77,513,-436
106000146,111,214,-103
106000147,375,443,-68
106000148,806,903,-97
106000149,389,448,-59
106000150,363,1676,-1313
106000151,4788,844,3944
106000152,1667,1115,552
106000153,80,1393,-1313
106000154,1414,235,1179
106000155,23,159,-136
106000156,437,334,103
106000157,420,2108,-1688
106000158,3271,672,2599
106000159,4877,1513,3364
106000160,127,1467,-1340
106000161,1345,583,762
106000162,120,611,-491
106000163,161,656,-495
106000164,169,362,-193
106000165,94,804,-710
106000166,213,368,-155
106000167,112,1550,-1438
106000168,86,366,-280
106000169,91,937,-846
106000170,211,304,-93
106000171,72,1043,-971
106000172,1976,941,1035
106000173,560,2730,-2170
106000174,687,263,424
106000175,280,1238,-958
106000176,825,635,190
106000177,560,2475,-1915
106000178,2720,1401,1319
106000179,858,2090,-1232
106000180,793,2130,-1337
106000181,295,2228,-1933
106000182,341,746,-405
106000183,439,1174,-735
106000184,850,1152,-302
106000185,546,962,-416
106000186,859,175,684
106000187,197,701,-504
106000188,0,0,0
106000189,3,39,-36
106000190,5,1,4
106000191,602,200,402
106000192,1,34,-33
106000193,267,161,106
106000194,146,393,-247
106000195,873,80,793
106000196,165,344,-179
106000197,163,347,-184
106000198,141,360,-219
106000199,982,762,220
106000200,539,176,363
106000201,456,991,-535
106000202,7874,594,7280
106000203,232,189,43
106000204,19,6,13
106000205,16,150,-134
106000206,34,13,21
106000207,69,1053,-984
106000208,457,67,390
106000209,655,227,428
106000210,201,1492,-1291
106000211,370,1594,-1224
106000212,346,133,213
106000213,723,1082,-359
106000214,2586,461,2125
106000215,206,467,-261
106000216,356,398,-42
106000217,177,487,-310
106000218,256,347,-91
106000219,60,309,-249
106000220,290,300,-10
106000221,40,279,-239
106000222,14,163,-149
106000223,53,159,-106
106000224,76,381,-305
106000225,45,85,-40
106000226,109,393,-284
106000228,12,149,-137
106000229,59,918,-859
106000231,281,98,183
106000232,39,544,-505
106000233,285,73,212
106000234,52,254,-202
106000235,388,45,343
106000236,137,50,87
106000237,0,12,-12
106000238,4,4,0
106000239,5,66,-61
106000240,27,1,26
106000241,23,660,-637
106000242,143,14,129
106000249,18,65,-47
106000250,30,463,-433
106000251,37,26,11
106000252,36,132,-96
106000253,34,53,-19
106000254,35,74,-39
106000255,13,67,-54
106000256,73,129,-56
106000257,111,350,-239
106000258,210,8,202
106000259,0,37,-37
106000260,6,11,-5
106000261,0,57,-57
106000262,54,13,41
106000263,1,102,-101
106000264,133,11,122
106000265,11,143,-132
106000266,60,18,42
106000267,7,142,-135
106000268,295,17,278
106000269,56,68,-12
106000270,181,436,-255
106000271,50,195,-145
106000272,81,70,11
106000273,5,148,-143
106000274,165,37,128
106000275,76,148,-72
106000276,119,74,45
106000277,85,119,-34
106000278,180,54,126
106000279,8,76,-68
106000280,19,161,-142
106000281,64,88,-24
106000282,53,51,2
106000283,76,115,-39
106000284,33,106,-73
106000285,60,173,-113
106000286,58,143,-85
106000287,47,120,-73
106000288,67,152,-85
106000289,25,81,-56
106000290,48,133,-85
106000291,37,76,-39
106000292,55,194,-139
106000293,51,72,-21
106000294,73,152,-79
106000295,31,62,-31
106000296,40,125,-85
106000297,49,220,-171
106000298,134,81,53
106000299,48,117,-69
106000300,21,95,-74
106000301,48,80,-32
106000303,17,64,-47
106000304,47,47,0
106000305,24,45,-21
106000306,72,112,-40
106000307,26,14,12
106000308,41,232,-191
106000309,19,110,-91
106000310,148,556,-408
106000311,152,114,38
106000312,37,168,-131
106000313,66,218,-152
106000318,183,189,-6
106000319,316,36,280
106000320,3,31,-28
106000321,300,50,250
106000322,47,249,-202
106000324,2,127,-125
106000325,752,968,-216
106000326,705,2165,-1460
106000327,62,256,-194
106000328,4,116,-112
106000329,65,307,-242
106000330,39,45,-6
106000428,42,219,-177
106000429,82,487,-405
106000430,245,1532,-1287
106000431,667,262,405
106000432,1124,2612,-1488
106000433,885,644,241
106000434,2052,714,1338
106000435,2211,2512,-301
106000436,32,432,-400
106000437,135,20,115
106000438,343,118,225
106000439,64,485,-421
106000440,182,494,-312
106000441,1,0,1
106000442,58,4,54
106000443,44,740,-696
106000450,2,207,-205
106000451,19,7,12
106000454,3,58,-55
106000455,11,161,-150
106000456,57,15,42
106000457,8,1369,-1361
106000458,125,158,-33
106000459,30,613,-583
106000460,326,40,286
106000461,24,2700,-2676
106000462,0,13,-13
106000463,2,28,-26
106000464,2,685,-683
106000465,129,1,128
106000466,0,895,-895
106000467,508,661,-153
106000468,49,229,-180
106000469,228,3,225
106000470,187,1138,-951
106000471,21,741,-720
106000472,43,4,39
106000473,19,31,-12
106000474,194,759,-565
106000475,136,116,20
106000476,167,92,75
106000477,14,61,-47
106900001,0,9,-9
106900002,3,566,-563
106900003,188,701,-513
106900004,1,55,-54
106900006,0,18,-18
106900007,0,12,-12
106900008,86,329,-243
106900009,107,431,-324
106900010,97,355,-258
106900012,1900,1163,737
106900013,315,29,286
106900014,15,1,14
106900015,17,0,17
106900016,47,0,47
106900017,4,0,4
106900018,1,0,1
106900019,28,0,28
106900020,2748,471,2277
106900021,18,31,-13
106900022,167,2,165
106900023,5,278,-273
106900024,287,5,282
106900025,33,657,-624
106900026,5,960,-955
106900027,159,4,155
107000001,1877,1515,362
107000002,2815,4366,-1551
107000003,3919,4812,-893
107000004,6210,7619,-1409
107000005,1593,3173,-1580
107000006,3660,8587,-4927
107000007,4996,5010,-14
107000008,23389,13874,9515
107000009,4279,4410,-131
107000010,12110,14841,-2731
107000011,1041,1862,-821
107000012,4877,4438,439
107000013,59,217,-158
107000014,12,365,-353
107000015,274,1151,-877
107000016,284,1433,-1149
107000017,5503,1068,4435
107000018,12,384,-372
107000020,3951,525,3426
107000021,1319,1167,152
107000022,1413,2143,-730
107000023,1641,494,1147
107000024,508,2978,-2470
107000025,122,437,-315
107000026,153,900,-747
107000027,902,868,34
107000028,1251,1998,-747
107000029,1183,1589,-406
107000030,3443,3867,-424
107000031,1812,1658,154
107000032,263,834,-571
107000033,5350,5807,-457
107000034,6596,2579,4017
107000035,472,184,288
107000036,391,1008,-617
107000037,79,663,-584
107000038,289,347,-58
107000039,396,471,-75
107000040,98,409,-311
107000041,1210,529,681
107000042,681,1772,-1091
107000043,2964,875,2089
107000044,475,491,-16
107000045,161,348,-187
107000046,384,288,96
107000047,312,905,-593
107000048,407,388,19
107000049,315,764,-449
107000050,578,440,138
107000051,519,352,167
107000052,1023,683,340
107000053,199,99,100
107000054,31,260,-229
107000055,82,68,14
107000056,407,931,-524
107000057,1654,239,1415
107000058,1389,1613,-224
107000059,1831,3009,-1178
107000060,2817,4872,-2055
107000061,5573,4562,1011
107000062,1739,2877,-1138
107000063,3189,6878,-3689
107000064,2060,1947,113
107000065,3538,7177,-3639
107000066,1607,2011,-404
107000067,620,995,-375
107000068,1525,690,835
107000069,312,362,-50
107000070,230,6,224
107000071,792,12,780
107000072,38,4361,-4323
107000073,184,94,90
107000074,138,1177,-1039
107000075,609,133,476
107000076,772,2140,-1368
107000077,1362,329,1033
107000078,1367,3969,-2602
107000079,1253,269,984
107000080,1104,4020,-2916
107000081,563,366,197
107000082,505,3500,-2995
107000083,717,182,535
107000084,570,3338,-2768
107000085,2986,3331,-345
107000086,4017,2983,1034
107000087,1799,2063,-264
107000088,2478,3461,-983
107000089,997,1878,-881
107000090,960,1278,-318
107000091,687,1085,-398
107000092,529,1400,-871
107000093,589,819,-230
107000094,611,1686,-1075
107000095,375,535,-160
107000096,489,1047,-558
107000097,337,176,161
107000098,281,538,-257
107000099,310,240,70
107000100,262,257,5
107000101,37,135,-98
107000102,298,427,-129
107000103,249,145,104
107000104,221,357,-136
107000105,186,115,71
107000106,99,322,-223
107000107,288,153,135
107000108,82,1184,-1102
107000109,281,126,155
107000110,47,585,-538
107000111,94,28,66
107000112,34,416,-382
107000113,226,84,142
107000114,41,731,-690
107000115,150,88,62
107000116,54,1191,-1137
107000117,66,154,-88
107000118,107,241,-134
107000119,1777,863,914
107000120,2194,416,1778
107000121,271,639,-368
107000122,691,926,-235
107000123,138,995,-857
107000124,254,960,-706
107000125,297,961,-664
107000126,378,1362,-984
107000127,6,351,-345
107000129,104,153,-49
107000130,80,179,-99
107000131,332,438,-106
107000132,281,339,-58
107000133,526,195,331
107000134,99,3,96
107000135,0,251,-251
107000136,293,2,291
107000137,5,398,-393
107000138,256,6,250
107000139,10,353,-343
107000140,613,34,579
107000141,128,956,-828
107000142,151,28,123
107000143,20,986,-966
107000144,265,167,98
107000145,102,615,-513
107000146,133,144,-11
107000147,2854,725,2129
107000150,1148,2195,-1047
107000151,41,49,-8
107000152,464,339,125
107000153,300,318,-18
107000154,123,52,71
107000155,930,29,901
107000156,738,40,698
107000157,27,3383,-3356
107000158,262,17,245
107000159,36,1621,-1585
107000160,315,92,223
107000161,65,2437,-2372
107000162,118,321,-203
107000163,11,0,11
107000164,102,0,102
107000165,178,2,176
107000166,39,1710,-1671
107000167,228,273,-45
107000168,460,243,217
107000169,825,1407,-582
107000170,732,504,228
107000171,706,3660,-2954
107000172,526,691,-165
107000173,972,1593,-621
107000174,1009,2284,-1275
107000175,14013,1950,12063
107000176,0,0,0
107000177,1,0,1
107000178,2,40,-38
107000179,153,3838,-3685
107000180,579,385,194
107000181,141,1685,-1544
107000182,599,884,-285
107000183,85,1257,-1172
107000184,337,817,-480
107000185,159,1718,-1559
107000186,344,465,-121
107000187,1108,1174,-66
107000188,488,427,61
107000189,275,899,-624
107000190,382,725,-343
107000191,426,987,-561
107000192,935,911,24
107000193,276,381,-105
107000194,800,844,-44
107000197,330,241,89
107000198,113,953,-840
107000199,662,930,-268
107000200,1021,530,491
107000201,434,305,129
107000202,221,526,-305
107000203,822,568,254
107000204,852,734,118
107000205,3116,1568,1548
107000206,815,874,-59
107000207,724,1120,-396
107000208,1392,285,1107
107000209,2340,453,1887
107000210,1689,238,1451
107000211,15,7,8
107000212,7,169,-162
107000213,22,23,-1
107000214,4,87,-83
107000215,220,563,-343
107000216,113,520,-407
107000217,150,146,4
107000219,41,142,-101
107000220,102,358,-256
107000222,262,886,-624
107000224,294,42,252
107000225,188,1005,-817
107000226,148,58,90
107000227,91,743,-652
107000228,79,136,-57
107000229,237,123,114
107000230,958,545,413
107000231,926,340,586
107000232,42,62,-20
107000233,465,243,222
107000234,0,17,-17
107000235,13,3,10
107000236,5,789,-784
107000237,0,0,0
107000238,2,1,1
107000239,7123,374,6749
107000240,37,1497,-1460
107000241,76,20,56
107000242,677,68,609
107000243,0,45,-45
107000244,4,59,-55
107000246,4,1516,-1512
107000249,2,1052,-1050
107000251,1,423,-422
107000252,3,1756,-1753
107000255,739,70,669
107000257,2,800,-798
107000258,3,170,-167
107000259,1,308,-307
107000260,119,3,116
107000262,14,1172,-1158
107000263,71,2,69
107000266,8,1,7
107000267,67,288,-221
107000268,198,257,-59
107000269,140,24,116
107000270,1,7,-6
107000271,5,1354,-1349
107000272,4,363,-359
107000273,1,262,-261
107000274,2056,301,1755
107000275,266,1150,-884
107000280,215,15,200
107000281,24,1390,-1366
107000282,29,2080,-2051
107000290,2,75,-73
107000291,14,18,-4
107000292,0,45,-45
107000293,100,7,93
107000294,1,42,-41
107000295,66,4,62
107000296,0,7,-7
107000444,242,5,237
107000496,0,42,-42
107000497,1158,4125,-2967
107000500,248,476,-228
107000501,61,190,-129
107000502,115,399,-284
107000505,512,879,-367
107000506,0,17,-17
107000508,6,926,-920
107000509,252,545,-293
107000510,19,14,5
107000514,19,288,-269
107000515,11,386,-375
107000516,103,148,-45
107000518,331,287,44
107000519,4098,1238,2860
107000520,40,6,34
107900001,12,316,-304
107900002,18,0,18
107900003,121,8,113
107900004,31,2,29
107900005,274,0,274
107900006,14,0,14
107900007,85,11,74
107900008,21,35,-14
107900009,104,4,100
107900010,0,0,0
107900012,160,6,154
107900013,148,67,81
107900014,4,2,2
107900015,253,0,253
107900016,495,116,379
107900017,8,4,4
107900018,20,26,-6
107900019,9,89,-80
107900020,96,15,81
107900021,15,213,-198
107900023,1,0,1
107900024,0,36,-36
107900025,220,423,-203
107900026,6,143,-137
107900027,19,124,-105
107900028,13,125,-112
107900030,83,5,78
107900031,25,245,-220
107900032,0,1,-1
107900033,10,2,8
107900034,120,6,114
107900035,386,6,380
107900036,6,3,3
107900037,0,76,-76
107900038,132,83,49
107900039,1,60,-59
107900040,57,71,-14
107900041,0,0,0
107900043,23,136,-113
107900044,5,2,3
107900045,44,18,26
107900046,52,20,32
107900047,4,141,-137
107900048,74,3,71
107900049,284,669,-385
107900050,59,378,-319
107900051,31,81,-50
107900052,17,9,8
107900053,29,86,-57
107900055,229,132,97
107900056,53,11,42
107900057,0,0,0
107900058,27,861,-834
107900060,12,36,-24
107900061,23,3,20
107900063,78,114,-36
107900064,186,10,176
107900065,67,8,59
107900066,5,5,0
107900067,0,0,0
107900068,105,206,-101
107900069,26,339,-313
107900070,27,4,23
107900071,9,1113,-1104
107900072,31,288,-257
107900073,81,152,-71
107900074,1084,138,946
107900076,46,65,-19
107900077,19,0,19
107900078,162,11,151
107900079,7,16,-9
107900080,82,182,-100
107900081,4,71,-67
107900082,26,9,17
107900083,96,74,22
107900084,32,90,-58
107900086,29,72,-43
107900087,246,34,212
107900088,3,0,3
107900089,306,1235,-929
107900090,393,545,-152
107900091,151,559,-408
107900092,2485,538,1947
107900093,65,94,-29
107900095,3468,1038,2430
107900097,13,35,-22
107900098,31,92,-61
107900100,1018,417,601
107900101,1208,129,1079
107900102,4,2,2
107900103,32,231,-199
107900104,142,2,140
107900105,3,684,-681
107900106,3,1797,-1794
107900107,1617,132,1485
107900108,275,51,224
107900109,219,4,215
107900110,5,114,-109
107900111,10,1809,-1799
107900112,91,149,-58
107900113,40,167,-127
107900114,36,275,-239
107900115,2,50,-48
107900116,41,260,-219
107900117,212,499,-287
107900118,79,140,-61
107900119,17,97,-80
107900120,5,5,0
107900121,2,314,-312
107900122,0,70,-70
107900123,0,18,-18
107900124,11,84,-73
107900125,24,180,-156
107900126,0,23,-23
107900127,675,60,615
107900128,84,30,54
107900129,4,50,-46
107900130,12,17,-5
107900131,174,24,150
107900132,66,440,-374
107900133,2,103,-101
107900134,45,11,34
107900135,5,229,-224
107900136,63,21,42
107900137,121,77,44
107900138,15,32,-17
107900139,6,39,-33
107900140,73,70,3
107900141,42,7,35
107900142,106,1213,-1107
107900143,60,35,25
107900144,1,167,-166
107900145,32,102,-70
107900146,39,90,-51
107900147,17,16,1
107900148,120,190,-70
107900149,2360,90,2270
107900150,83,852,-769
107900151,4,114,-110
107900152,7,385,-378
107900153,87,131,-44
107900154,19,4,15
107900155,15,41,-26
107900156,3,445,-442
107900157,46,61,-15
107900158,158,6,152
107900159,41,1364,-1323
107900160,20,250,-230
107900161,2,347,-345
107900162,0,249,-249
107900163,61,42,19
107900164,12,35,-23
107900165,70,34,36
107900166,9,360,-351
107900167,31,8,23
107900168,17,54,-37
107900169,0,220,-220
107900171,2,2224,-2222
107900172,2,411,-409
107900173,7,246,-239
107900174,40,6,34
107900175,8,7,1
107900176,2,41,-39
107900177,0,301,-301
107900178,0,371,-371
107900179,2,160,-158
107900180,1212,112,1100
107900181,325,418,-93
107900182,3,1929,-1926
107900183,7,450,-443
107900184,102,375,-273
107900185,18,5,13
107900186,6,36,-30
107900187,0,195,-195
107900188,992,101,891
107900189,4,168,-164
107900190,167,15,152
107900191,22,182,-160
107900193,6,19,-13
107900194,73,6,67
107900195,5384,547,4837
107900196,43,123,-80
107900197,416,59,357
107900199,1,1485,-1484
107900201,46,148,-102
107900203,8,83,-75
107900204,244,199,45
107900205,171,561,-390
107900206,255,168,87
107900207,4,863,-859
107900208,2,1161,-1159
107900209,427,102,325
107900210,55,104,-49
107900213,271,399,-128
107900214,8,205,-197
107900215,196,334,-138
107900216,60,64,-4
107900217,12,59,-47
107900218,19,1900,-1881
107900219,8,192,-184
107900220,171,64,107
107900221,186,204,-18
107900223,53,650,-597
107900224,131,321,-190
107900225,4,986,-982
107900226,40,172,-132
107900227,51,597,-546
107900228,5,122,-117
107900229,3,385,-382
107900230,3,167,-164
107900231,6,200,-194
107900232,19,247,-228
107900233,7,207,-200
107900234,23,195,-172
107900235,52,147,-95
107900236,22,127,-105
107900237,149,598,-449
107900238,10,113,-103
107900239,1305,369,936
107900240,3,227,-224
107900241,9,102,-93
107900242,5,452,-447
107900243,2,50,-48
107900244,131,2,129
107900245,89,31,58
107900246,35,2,33
107900248,87,669,-582
107900249,183,16,167
107900250,1,813,-812
107900251,19,1398,-1379
107900252,196,5,191
107900253,21,1,20
107900254,41,271,-230
107900255,581,67,514
107900256,889,770,119
107900257,80,47,33
107900258,40,243,-203
107900259,76,406,-330
107900261,6,659,-653
107900262,34,129,-95
107900264,64,1,63
107900265,189,266,-77
107900267,41,10,31
107900268,99,6,93
107900269,0,10,-10
107900270,0,1,-1
107900271,2,2,0
107900272,158,1,157
107900273,6,71,-65
107900274,11,0,11
107900275,5,0,5
107900276,0,55,-55
107900277,0,226,-226
107900278,66,379,-313
107900279,140,63,77
107900280,2208,1115,1093
107900281,4112,879,3233
107900282,30,134,-104
107900283,1666,348,1318
107900284,74,888,-814
107900285,35,133,-98
107900286,129,83,46
107900287,63,83,-20
107900290,0,40,-40
107900291,116,1,115
107900292,98,292,-194
107900293,38,541,-503
107900295,13,129,-116
107900297,1,307,-306
107900298,744,993,-249
107900299,4100,995,3105
107900300,22,176,-154
107900301,712,169,543
107900302,95,14,81
107900303,26,292,-266
107900304,82,631,-549
107900305,125,9,116
107900306,10,1,9
107900307,37,298,-261
107900308,153,24,129
107900309,2,0,2
107900310,0,0,0
107900311,85,52,33
107900312,2,0,2
107900313,1,86,-85
107900314,0,56,-56
107900315,0,59,-59
107900316,13,1,12
107900317,23,1,22
107900318,3,127,-124
107900319,3,354,-351
107900320,5,243,-238
107900321,19,4,15
107900322,1,256,-255
107900323,10,154,-144
107900324,104,1,103
107900325,34,0,34
107900326,50,446,-396
107900327,1,1,0
107900328,0,0,0
107900329,0,0,0
107900330,7,653,-646
107900331,54,50,4
107900332,62,30,32
107900333,13,8,5
107900334,6,240,-234
107900335,43,61,-18
107900336,11,32,-21
107900337,1629,428,1201
107900338,1,165,-164
107900339,0,32,-32
107900340,0,64,-64
107900341,17,0,17
107900342,54,129,-75
107900343,5,3,2
107900344,0,101,-101
107900345,60,25,35
107900346,11,1,10
107900347,8,2,6
107900348,2,1,1
107900349,6,2,4
107900350,35,333,-298
108000001,2218,2062,156
108000002,2598,3467,-869
108000003,2479,1346,1133
108000004,17259,17371,-112
108000005,3324,2291,1033
108000006,5117,6535,-1418
108000007,3754,2887,867
108000008,4841,6654,-1813
108000009,1843,2422,-579
108000010,2331,5969,-3638
108000011,8570,6345,2225
108000012,18219,17477,742
108000014,490,405,85
108000015,283,322,-39
108000016,150,629,-479
108000017,421,379,42
108000018,751,400,351
108000019,1391,511,880
108000020,640,288,352
108000021,362,1886,-1524
108000022,417,1556,-1139
108000023,615,116,499
108000024,89,770,-681
108000025,84,199,-115
108000026,173,683,-510
108000027,186,556,-370
108000028,143,270,-127
108000029,141,755,-614
108000030,263,217,46
108000031,115,764,-649
108000032,564,385,179
108000033,398,1446,-1048
108000034,708,377,331
108000035,812,2958,-2146
108000036,260,1580,-1320
108000037,732,228,504
108000038,946,261,685
108000039,375,2707,-2332
108000040,720,422,298
108000041,568,3053,-2485
108000042,62,284,-222
108000043,105,295,-190
108000044,144,199,-55
108000045,119,1062,-943
108000046,648,204,444
108000047,243,1347,-1104
108000048,103,564,-461
108000049,292,194,98
108000050,86,496,-410
108000051,90,43,47
108000052,276,783,-507
108000053,147,89,58
108000054,439,1053,-614
108000055,640,246,394
108000056,847,1071,-224
108000057,429,541,-112
108000058,1578,1539,39
108000059,3154,1722,1432
108000060,59,343,-284
108000061,129,410,-281
108000062,261,387,-126
108000063,256,844,-588
108000064,82,289,-207
108000065,317,777,-460
108000066,1109,582,527
108000067,801,357,444
108000068,386,290,96
108000069,124,1267,-1143
108000070,828,526,302
108000071,355,2109,-1754
108000072,710,735,-25
108000073,1196,2090,-894
108000074,159,250,-91
108000075,188,902,-714
108000076,414,314,100
108000077,485,932,-447
108000078,1078,972,106
108000079,1117,2388,-1271
108000080,574,486,88
108000081,465,3553,-3088
108000082,974,1745,-771
108000083,1239,617,622
108000084,263,1345,-1082
108000085,210,176,34
108000086,751,893,-142
108000087,120,906,-786
108000088,66,9,57
108000089,163,275,-112
108000090,160,122,38
108000091,62,621,-559
108000092,62,72,-10
108000093,66,1014,-948
108000094,247,90,157
108000095,80,631,-551
108000096,130,128,2
108000097,72,577,-505
108000098,469,1692,-1223
108000099,141,103,38
108000100,22,223,-201
108000101,917,785,132
108000102,1016,1441,-425
108000106,463,3,460
108000107,4,793,-789
108000108,219,22,197
108000109,4,878,-874
108000110,84,274,-190
108000111,110,769,-659
108000112,55,72,-17
108000113,578,362,216
108000115,460,370,90
108000117,676,260,416
108000118,90,89,1
108000119,589,447,142
108000120,71,339,-268
108000121,126,617,-491
108000122,170,275,-105
108000123,474,372,102
108000124,220,746,-526
108000125,95,505,-410
108000126,39,822,-783
108000127,119,493,-374
108000128,178,1086,-908
108000129,251,1746,-1495
108000130,151,431,-280
108000131,336,135,201
108000132,1317,1329,-12
108000133,381,312,69
108000134,715,1121,-406
108000135,363,258,105
108000136,868,1479,-611
108000137,148,546,-398
108000138,219,1325,-1106
108000139,69,508,-439
108000140,24,26,-2
108000141,8,172,-164
108000142,27,104,-77
108000143,35,30,5
108000144,19,11,8
108000145,32,44,-12
108000146,28,7,21
108000147,64,61,3
108000148,54,5,49
108000149,13,62,-49
108000150,18,2,16
108000151,12,5,7
108000152,102,720,-618
108000153,93,96,-3
108000154,34,10,24
108000155,5,10,-5
108000156,365,70,295
108000157,64,333,-269
108000158,64,292,-228
108000159,567,110,457
108000160,5337,616,4721
108000161,5502,1134,4368
108000165,2,88,-86
108000172,1,111,-110
108000173,3166,953,2213
108000175,66,88,-22
108000178,384,487,-103
108000179,182,567,-385
108000181,28,22,6
108000182,147,10,137
108000183,15,19,-4
108000184,1137,939,198
108000185,52,900,-848
108000186,62,67,-5
108000187,47,974,-927
108000188,150,286,-136
108000189,410,590,-180
108000190,11,107,-96
108000192,60,792,-732
108000193,544,41,503
108000194,14,15,-1
108000195,1,1202,-1201
108000196,229,88,141
108000198,221,451,-230
108000199,0,101,-101
108000200,108,986,-878
108000202,1,164,-163
108000203,40,1207,-1167
108000204,48,31,17
108000205,601,625,-24
108000339,1754,199,1555
108000364,154,190,-36
108000365,47,380,-333
108000367,161,389,-228
108000368,16,55,-39
108000369,2024,103,1921
108000371,2,630,-628
108000372,183,4,179
108000373,70,197,-127
108000376,63,8,55
108000377,209,402,-193
108000378,8346,5798,2548
108000379,38,138,-100
108000381,20,14,6
108000382,46,3,43
108000383,1,83,-82
108900001,146,1333,-1187
108900002,260,35,225
108900003,357,1008,-651
108900004,18,99,-81
108900005,33,116,-83
108900006,313,170,143
108900007,80,183,-103
108900008,38,137,-99
108900009,9,121,-112
108900010,46,134,-88
108900011,172,328,-156
108900012,105,514,-409
108900013,24,237,-213
108900014,0,67,-67
108900015,0,26,-26
108900016,1,180,-179
108900017,102,192,-90
108900018,31,599,-568
108900019,104,1484,-1380
108900020,21,368,-347
108900021,59,310,-251
108900022,28,21,7
108900023,4,29,-25
108900024,6,134,-128
108900025,25,140,-115
108900026,13,73,-60
108900027,0,138,-138
108900028,23,653,-630
108900029,13,421,-408
108900030,0,112,-112
108900031,16,757,-741
108900032,2,303,-301
108900033,0,164,-164
108900034,0,327,-327
108900035,188,2077,-1889
108900036,129,397,-268
108900037,29,582,-553
108900038,2,419,-417
108900039,0,638,-638
108900040,1,163,-162
108900041,6247,1507,4740
108900042,6,279,-273
108900043,30,487,-457
108900044,0,905,-905
108900045,18,895,-877
108900046,57,1178,-1121
108900047,0,49,-49
108900048,32,1159,-1127
108900049,6180,770,5410
108900050,2,370,-368
108900051,0,243,-243
108900052,10,395,-385
108900053,92,105,-13
108900054,13,222,-209
108900055,72,572,-500
108900056,2,201,-199
108900057,0,247,-247
108900058,3,616,-613
108900059,142,9,133
108900060,39,84,-45
108900061,31,12,19
108900062,3,351,-348
108900063,9,568,-559
108900064,38,71,-33
108900065,6,399,-393
108900066,67,92,-25
108900067,35,275,-240
108900068,0,149,-149
108900069,12,125,-113
108900070,29,180,-151
108900071,36,36,0
108900072,2690,192,2498
108900073,4,130,-126
108900074,21,612,-591
108900075,53,82,-29
108900076,112,71,41
108900077,84,146,-62
108900078,17,273,-256
108900079,836,305,531
108900080,21,245,-224
108900081,39,287,-248
108900082,9,125,-116
108900083,12,125,-113
108900084,334,112,222
108900085,1964,117,1847
108900086,20,407,-387
108900087,111,185,-74
108900088,380,220,160
108900089,3,63,-60
108900090,6,568,-562
108900091,139,112,27
108900092,156,216,-60
108900093,42,26,16
108900094,134,54,80
108900095,87,764,-677
108900096,503,38,465
108900097,116,232,-116
108900098,3986,239,3747
108900099,188,406,-218
108900100,29,138,-109
108900101,92,46,46
108900102,141,317,-176
108900103,12,50,-38
108900104,216,353,-137
108900105,3,280,-277
108900106,131,570,-439
108900108,100,28,72
108900109,5,20,-15
108900110,58,607,-549
108900111,179,859,-680
108900112,53,20,33
108900113,32,18,14
108900114,2,4,-2
108900115,41,30,11
108900116,31,4,27
108900117,21,17,4
108900118,122,1,121
108900119,51,38,13
108900120,33,121,-88
108900121,92,18,74
108900122,22,32,-10
108900123,28,16,12
108900124,170,76,94
108900125,53,1,52
108900126,31,3,28
108900127,46,15,31
108900128,32,4,28
108900129,298,89,209
108900130,49,0,49
108900131,60,1,59
108900132,117,39,78
108900133,101,45,56
108900134,82,207,-125
108900135,39,4,35
108900136,5,0,5
108900137,34,0,34
108900138,166,5,161
108900139,456,58,398
108900140,49,272,-223
108900141,46,7,39
108900142,41,1,40
108900143,9,0,9
108900144,14,0,14
108900145,29,1,28
108900146,10,1,9
108900147,22,0,22
108900148,54,29,25
108900149,372,306,66
108900150,118,6,112
108900151,18,2,16
108900152,24,55,-31
108900153,39,555,-516
108900154,2282,308,1974
108900155,74,109,-35
108900156,15,6,9
108900157,4,770,-766
108900158,91,25,66
108900159,4,461,-457
108900160,10,271,-261
108900161,2,592,-590
108900162,16,0,16
108900163,3,75,-72
108900164,16,66,-50
108900165,182,62,120
108900167,1854,1484,370
108900168,11426,1455,9971
108900169,7,71,-64
108900171,9409,1075,8334
108900172,70,25,45
108900173,216,337,-121
108900174,143,424,-281
108900176,71,661,-590
108900177,10137,1763,8374
108900178,5962,1002,4960
108900179,313,570,-257
108900180,27,105,-78
108900182,26,109,-83
108900183,171,193,-22
108900184,145,160,-15
108900185,21,261,-240
108900186,36,397,-361
108900187,116,27,89
108900188,118,23,95
108900189,123,159,-36
108900190,28,3483,-3455
108900191,143,12,131
108900192,54,308,-254
108900193,129,26,103
108900194,14,421,-407
108900195,37,390,-353
108900196,11,661,-650
108900198,4,689,-685
108900199,77,346,-269
108900200,134,313,-179
108900201,197,1075,-878
108900203,195,4,191
108900204,129,3,126
108900205,95,7,88
108900206,102,6,96
108900207,69,17,52
108900208,26,396,-370
108900209,201,726,-525
108900210,122,144,-22
108900211,97,162,-65
108900212,634,528,106
108900215,73,687,-614
108900216,242,79,163
108900217,22,1,21
108900218,47,0,47
108900219,18,3,15
108900220,21,4,17
108900221,35,41,-6
108900222,46,2,44
108900223,3,42,-39
108900224,25,87,-62
108900225,0,159,-159
108900226,107,2,105
108900227,27,51,-24
108900230,389,298,91
108900231,34,272,-238
108900232,2,560,-558
108900233,149,21,128
108900234,144,33,111
108900235,140,680,-540
108900236,24,443,-419
108900237,17,277,-260
108900240,48,57,-9
108900241,4,14,-10
108900245,3,430,-427
108900249,53,6,47
108900250,88,79,9
108900257,36,790,-754
108900258,10,326,-316
108900259,25,81,-56
108900260,7,131,-124
108900261,162,128,34
108900262,320,83,237
108900263,51,388,-337
108900264,286,248,38
108900265,1752,161,1591
108900266,1196,169,1027
108900267,1,43,-42
108900268,3,2,1
108900269,11,2,9
108900270,16,5,11
108900271,4,4,0
108900272,78,2,76
108900273,990,268,722
108900274,10,35,-25
108900275,0,0,0
108900276,0,5,-5
109000001,2487,714,1773
109000002,3439,1472,1967
109000003,1360,382,978
109000004,336,3205,-2869
109000005,1073,640,433
109000006,555,2299,-1744
109000007,628,538,90
109000008,287,2243,-1956
109000009,2424,737,1687
109000010,1227,4087,-2860
109000011,1370,1211,159
109000012,1256,4233,-2977
109000013,2013,1401,612
109000014,1428,4352,-2924
109000015,2339,2809,-470
109000016,10555,4553,6002
109000017,1231,859,372
109000018,626,3817,-3191
109000019,1318,795,523
109000020,966,2602,-1636
109000023,155,13,142
109000024,3,167,-164
109000025,303,234,69
109000026,577,321,256
109000027,78,196,-118
109000028,57,97,-40
109000029,170,71,99
109000030,88,555,-467
109000031,92,114,-22
109000032,41,490,-449
109000033,176,95,81
109000034,38,23,15
109000035,12,27,-15
109000036,107,370,-263
109000037,172,472,-300
109000038,622,315,307
109000039,451,236,215
109000040,5486,2469,3017
109000041,6074,913,5161
109000042,1030,1011,19
109000044,124,58,66
109000045,60,491,-431
109000046,110,47,63
109000047,17,471,-454
109000048,492,100,392
109000049,160,613,-453
109000050,255,179,76
109000051,298,411,-113
109000052,316,2043,-1727
109000053,90,205,-115
109000054,123,931,-808
109000055,52,181,-129
109000056,124,674,-550
109000057,194,206,-12
109000058,931,264,667
109000059,461,1229,-768
109000060,414,116,298
109000061,1768,443,1325
109000062,179,185,-6
109000063,134,247,-113
109000064,63,144,-81
109000065,56,422,-366
109000066,134,161,-27
109000067,33,551,-518
109000068,151,4,147
109000069,713,6,707
109000070,10,764,-754
109000071,262,64,198
109000072,67,434,-367
109000073,13,72,-59
109000074,11,322,-311
109000075,66,490,-424
109000076,38,138,-100
109000077,261,340,-79
109000078,17,137,-120
109000079,88,290,-202
109000080,23,170,-147
109000081,35,592,-557
109000082,148,349,-201
109000083,97,1028,-931
109000088,52,417,-365
109000089,93,21,72
109000090,182,503,-321
109000091,165,44,121
109000092,395,821,-426
109000093,128,59,69
109000094,128,2,126
109000095,62,886,-824
109000096,218,97,121
109000097,71,110,-39
109000098,28,54,-26
109000099,350,273,77
109000100,125,700,-575
109000101,595,897,-302
109000102,272,1145,-873
109000103,163,725,-562
109000104,643,594,49
109000105,276,1981,-1705
109000106,1106,532,574
109000107,375,2380,-2005
109000108,767,436,331
109000109,361,2157,-1796
109000110,886,408,478
109000111,969,2708,-1739
109000112,279,212,67
109000113,93,237,-144
109000114,72,457,-385
109000115,831,32,799
109000116,4,217,-213
109000117,59,99,-40
109000118,3,367,-364
109000119,305,342,-37
109000120,69,1480,-1411
109000121,119,59,60
109000122,47,1439,-1392
109000123,27,93,-66
109000124,258,482,-224
109000125,531,360,171
109000126,257,1328,-1071
109000127,352,155,197
109000128,291,2999,-2708
109000129,986,279,707
109000130,476,3156,-2680
109000131,456,217,239
109000132,542,2075,-1533
109000133,229,979,-750
109000134,470,1656,-1186
109000135,778,1253,-475
109000136,140,522,-382
109000137,96,340,-244
109000138,196,608,-412
109000139,202,470,-268
109000140,94,547,-453
109000141,155,544,-389
109000142,67,555,-488
109000143,42,46,-4
109000145,65,98,-33
109000146,45,101,-56
109000148,5034,1109,3925
109000149,22,26,-4
109000150,40,121,-81
109000155,217,475,-258
109000156,971,1126,-155
109000158,51,283,-232
109000159,51,872,-821
109000160,437,399,38
109000161,226,1891,-1665
109000162,1075,1044,31
109000163,481,2029,-1548
109000164,603,2433,-1830
109000165,643,864,-221
109000166,245,165,80
109000167,73,942,-869
109000170,30,41,-11
109000171,24,47,-23
109000172,22,42,-20
109000173,5,25,-20
109000174,24,75,-51
109000175,17,112,-95
109000176,96,350,-254
109000177,10,160,-150
109000178,110,82,28
109000179,8532,2068,6464
109000180,6146,3525,2621
109000181,9,37,-28
109000182,12,58,-46
109000183,22,75,-53
109000184,19,20,-1
109000185,8,91,-83
109000188,1184,3221,-2037
109000189,2733,1065,1668
109000190,458,568,-110
109000191,228,739,-511
109000192,89,301,-212
109000193,76,443,-367
109000194,62,177,-115
109000195,54,513,-459
109000196,164,131,33
109000197,70,588,-518
109000198,94,58,36
109000199,72,567,-495
109000206,85,41,44
109000207,26,49,-23
109000208,91,42,49
109000209,106,92,14
109000210,145,552,-407
109000211,114,422,-308
109000214,144,759,-615
109000215,65,51,14
109000216,77,99,-22
109000217,129,101,28
109000218,184,122,62
109000221,202,1236,-1034
109000222,347,51,296
109000223,131,202,-71
109000224,47,401,-354
109000225,23,38,-15
109000226,16,272,-256
109000227,524,1771,-1247
109000228,0,326,-326
109000231,3,586,-583
109000232,92,565,-473
109000236,200,813,-613
109000241,843,1711,-868
109000242,644,1417,-773
109000293,6,30,-24
109000361,70,196,-126
109000364,299,660,-361
109000396,1,1158,-1157
109000397,128,5,123
109000399,108,549,-441
109000400,42,328,-286
109000403,35,223,-188
109000406,66,2,64
109000407,153,318,-165
109000408,1,718,-717
109000410,390,162,228
109000411,27,19,8
109900001,46,0,46
109900002,248,5,243
109900003,44,0,44
109900004,644,197,447
109900005,9,2,7
109900006,146,225,-79
109900007,194,1071,-877
109900008,0,42,-42
109900009,71,1208,-1137
109900010,190,11,179
109900011,19,17,2
109900012,181,153,28
109900013,158,100,58
109900014,85,35,50
109900015,208,41,167
109900016,51,36,15
109900017,36,49,-13
109900018,124,123,1
109900019,107,83,24
109900020,5,4,1
109900021,0,10,-10
109900022,36,335,-299
109900023,9,2,7
109900024,19,2,17
109900025,1,83,-82
109900026,0,188,-188
109900027,19,10,9
109900028,2804,331,2473
109900029,2,606,-604
109900030,5,1,4
109900031,0,103,-103
109900032,5,274,-269
109900033,0,581,-581
109900034,3,0,3
109900035,8,8,0
109900036,14,56,-42
109900037,18,600,-582
109900038,16,310,-294
109900039,5,1,4
109900040,30,874,-844
109900041,24,534,-510
109900042,46,653,-607
109900044,68,331,-263
109900045,26,37,-11
109900046,23,54,-31
109900047,249,379,-130
109900048,0,72,-72
109900049,7,21,-14
109900050,1,330,-329
109900051,0,43,-43
109900052,16,387,-371
109900053,6,566,-560
109900054,242,87,155
109900055,21,292,-271
109900056,36,60,-24
109900057,2,224,-222
109900058,0,97,-97
109900059,158,39,119
109900060,143,155,-12
109900061,118,348,-230
109900062,1,290,-289
109900063,2,314,-312
109900064,90,168,-78
109900065,79,167,-88
109900066,224,1095,-871
109900067,0,487,-487
109900068,7,1,6
109900069,2,32,-30
109900070,50,372,-322
109900071,2,37,-35
109900072,10,165,-155
109900073,60,818,-758
109900074,2,51,-49
109900075,5,25,-20
109900076,18,319,-301
109900077,7,56,-49
109900078,54,275,-221
109900080,122,360,-238
109900081,6,101,-95
109900082,46,569,-523
109900083,5,35,-30
109900084,14,136,-122
109900085,153,1310,-1157
109900086,71,174,-103
109900087,131,371,-240
109900089,153,81,72
109900090,354,1029,-675
109900091,83,68,15
109900092,651,8,643
109900093,240,103,137
109900094,15,100,-85
109900095,145,182,-37
109900096,7,0,7
109900097,23,1,22
109900098,123,22,101
109900099,34,0,34
109900100,6,0,6
109900101,113,8,105
109900102,201,9,192
109900103,7,39,-32
109900104,146,1445,-1299
109900105,188,12,176
109900106,143,47,96
109900107,207,101,106
109900108,46,1102,-1056
109900109,17,310,-293
109900110,20,537,-517
109900111,216,1109,-893
109900112,251,1031,-780
109900113,300,181,119
109900114,769,111,658
109900115,50,85,-35
109900117,291,111,180
109900118,208,437,-229
109900119,488,298,190
109900120,23,6,17
109900121,170,110,60
109900122,169,2,167
109900123,4,180,-176
109900124,15,930,-915
109900125,2,245,-243
109900126,41,139,-98
109900128,48,37,11
109900130,12350,970,11380
109900131,37,166,-129
109900132,27,226,-199
109900133,23,426,-403
109900134,38,32,6
109900135,407,51,356
109900136,31,190,-159
109900137,27,473,-446
109900138,101,368,-267
109900140,83,424,-341
109900141,50,118,-68
109900142,297,224,73
109900145,1,74,-73
109900146,294,21,273
109900148,16,62,-46
109900149,36,62,-26
109900150,8,69,-61
109900151,6,46,-40
109900152,0,38,-38
109900153,2,32,-30
109900154,2,0,2
109900155,8,5,3
109900157,41,213,-172
109900158,39,113,-74
109900159,57,14,43
109900160,30,22,8
109900161,92,52,40
109900162,59,53,6
109900163,723,207,516
109900164,30,212,-182
109900165,266,3,263
109900166,13,261,-248
109900167,82,795,-713
109900168,67,772,-705
109900169,77,134,-57
109900170,282,320,-38
109900171,47,75,-28
109900172,75,177,-102
109900173,5187,838,4349
109900174,23,168,-145
109900175,33,81,-48
109900176,70,232,-162
109900177,36,338,-302
109900178,2,154,-152
109900179,9,26,-17
109900180,4,5,-1
110000001,521,515,6
110000002,340,491,-151
110000003,884,652,232
110000004,382,545,-163
110000005,630,1309,-679
110000006,593,355,238
110000007,116,220,-104
110000008,13,60,-47
110000009,12,66,-54
110000010,8,111,-103
110000011,11,112,-101
110000012,558,450,108
110000013,10,328,-318
110000014,655,395,260
110000015,456,512,-56
110000016,257,994,-737
110000017,5132,280,4852
110000018,4064,519,3545
110000019,14,296,-282
110000020,543,283,260
110000021,639,511,128
110000022,781,162,619
110000023,16,265,-249
110000024,569,365,204
110000025,80,0,80
110000026,9,891,-882
110000027,456,397,59
110000028,590,944,-354
110000029,302,945,-643
110000030,156,462,-306
110000031,122,706,-584
110000032,441,576,-135
110000033,134,93,41
110000034,193,1433,-1240
110000035,335,1243,-908
110000036,441,1586,-1145
110000037,80,1069,-989
110000038,168,1099,-931
110000039,403,1498,-1095
110000040,310,561,-251
110000041,114,563,-449
110000042,41,399,-358
110000043,294,101,193
110000044,105,114,-9
110000045,747,54,693
110000046,1,10,-9
110000047,1,7,-6
110000048,5,14,-9
110000049,2,3,-1
110000050,7,19,-12
110000051,4,5,-1
110000052,13,43,-30
110000053,20,2,18
110000054,301,303,-2
110000055,461,33,428
110000056,127,73,54
110000057,287,820,-533
110000058,550,780,-230
110000059,496,614,-118
110000060,358,1013,-655
110000061,930,947,-17
110000062,628,819,-191
110000063,23,95,-72
110000064,48,162,-114
110000065,56,121,-65
110000066,19,72,-53
110000067,53,398,-345
110000068,64,620,-556
110000069,79,233,-154
110000071,24,290,-266
110000073,3,48,-45
110000075,7,167,-160
110000076,194,205,-11
110000077,433,596,-163
110000078,2,92,-90
110000080,227,780,-553
110000081,9,282,-273
110000082,11,227,-216
110000083,228,691,-463
110000084,449,416,33
110000085,4100,1536,2564
110000086,1873,690,1183
110000087,4,49,-45
110000088,20,240,-220
110000089,173,179,-6
110000090,65,340,-275
110000091,1912,386,1526
110000092,34,97,-63
110000093,46,9,37
110000094,439,324,115
110000095,74,417,-343
110000096,4473,1930,2543
110000097,867,780,87
110000098,1212,383,829
110000099,1012,1711,-699
110000100,168,1057,-889
110000101,10,850,-840
110000102,31,28,3
110000104,125,49,76
110000105,46,359,-313
110000106,222,145,77
110000107,341,513,-172
110000108,135,29,106
110000109,296,287,9
110000110,6193,3284,2909
110000111,10292,1719,8573
110000112,1569,337,1232
110000113,1003,684,319
110000114,117,275,-158
110000115,202,304,-102
110000116,21,55,-34
110000117,87,698,-611
110000118,185,311,-126
110000119,153,490,-337
110000120,241,194,47
110000121,66,320,-254
110000122,223,591,-368
110000123,224,498,-274
110000124,4,1181,-1177
110000125,589,6,583
110000126,143,13,130
110000127,341,31,310
110000128,33,2273,-2240
110000129,2,682,-680
110000130,84,95,-11
110000131,76,387,-311
110000132,4,989,-985
110000133,28,281,-253
110000134,13,364,-351
110000135,130,31,99
110000136,36,338,-302
110000137,276,864,-588
110000138,327,1107,-780
110000139,551,2023,-1472
110000140,473,232,241
110000143,897,378,519
110000144,4770,905,3865
110000145,1186,739,447
110000146,3116,1044,2072
110000147,189,613,-424
110000148,272,421,-149
110000151,1043,693,350
110000152,986,268,718
110000153,41,61,-20
110000154,85,15,70
110000155,2312,1655,657
110000156,700,1072,-372
110000157,1989,1537,452
110000160,228,417,-189
110000161,133,620,-487
110000166,214,139,75
110000167,532,398,134
110000168,612,215,397
110000169,171,299,-128
110000170,65,102,-37
110000171,477,203,274
110000172,98,1065,-967
110000173,1071,1575,-504
110000174,75,1653,-1578
110000175,298,170,128
110000176,129,342,-213
110000177,133,875,-742
110000178,524,729,-205
110000179,1336,272,1064
110000180,51,315,-264
110000181,229,522,-293
110000182,374,323,51
110000183,14070,4569,9501
110000184,599,1644,-1045
110000185,1478,707,771
110000186,672,568,104
110000191,232,363,-131
110000192,185,6,179
110000193,195,7,188
110000194,6,1505,-1499
110000195,98,543,-445
110000196,163,671,-508
110000197,24,303,-279
110000198,102,96,6
110000199,32,108,-76
110000200,1892,818,1074
110000201,940,452,488
110000202,745,319,426
110000203,645,929,-284
110000204,3,389,-386
110000205,18,80,-62
110000206,537,2046,-1509
110000207,292,250,42
110000208,134,89,45
110000209,69,790,-721
110000210,373,766,-393
110000211,663,775,-112
110000212,171,954,-783
110000213,37,98,-61
110000214,61,156,-95
110000215,50,825,-775
110000216,24,816,-792
110000217,99,251,-152
110000218,63,610,-547
110000219,118,60,58
110000220,14,529,-515
110000221,164,146,18
110000222,25,400,-375
110000223,1,68,-67
110000224,96,10,86
110000225,127,501,-374
110000226,109,41,68
110000227,398,411,-13
110000228,176,388,-212
110000229,0,314,-314
110000230,541,543,-2
110000231,129,240,-111
110000232,76,244,-168
110000233,76,280,-204
110000234,620,508,112
110000235,809,1113,-304
110000236,207,975,-768
110000237,1460,1012,448
110000238,810,1421,-611
110000239,919,1553,-634
110000240,0,128,-128
110000242,0,14,-14
110000243,43,202,-159
110000244,117,310,-193
110000245,13,353,-340
110000246,506,866,-360
110000247,3673,4102,-429
110000248,4588,1353,3235
110000249,90,7,83
110000250,28,274,-246
110000251,61,569,-508
110000252,245,324,-79
110000253,918,386,532
110000254,1442,1651,-209
110000255,272,1333,-1061
110000256,279,214,65
110000257,987,419,568
110000258,6,537,-531
110000259,53,28,25
110000260,16,587,-571
110000263,1267,84,1183
110000264,191,748,-557
110000265,953,1849,-896
110000266,2447,2583,-136
110000267,7,245,-238
110000268,230,595,-365
110000269,0,112,-112
110000270,20,0,20
110000271,2484,364,2120
110000272,557,878,-321
110000273,2831,1229,1602
110000274,266,1299,-1033
110000275,3353,505,2848
110000276,178,324,-146
110000277,148,356,-208
110000278,304,944,-640
110000279,686,666,20
110000280,168,491,-323
110000281,19,182,-163
110000282,191,48,143
110000283,19,124,-105
110000284,31,18,13
110000285,1,178,-177
110000286,13,1,12
110000287,68,0,68
110000288,19,142,-123
110000289,327,1299,-972
110000290,1437,655,782
110000291,6428,1385,5043
110000292,1147,6217,-5070
110000293,391,1063,-672
110000294,481,1239,-758
110000295,114,991,-877
110000296,212,453,-241
110000297,4349,315,4034
110000298,423,434,-11
110000299,1603,14,1589
110000301,368,9,359
110000302,158,1469,-1311
110000303,305,5,300
110000304,78,262,-184
110000305,463,13,450
110000306,96,2683,-2587
110000307,577,6,571
110000308,356,46,310
110000309,12,1860,-1848
110000310,405,49,356
110000311,17,1224,-1207
110000312,953,62,891
110000313,7272,1574,5698
110000314,3,267,-264
110000315,3418,1491,1927
110000316,509,1102,-593
110000317,533,315,218
110000318,1,89,-88
110000319,16,41,-25
110000320,41,51,-10
110000321,6,103,-97
110000322,122,660,-538
110000323,336,329,7
110000324,4944,1178,3766
110000325,2352,2641,-289
110000327,615,264,351
110000328,189,575,-386
110000333,883,744,139
110000334,628,1413,-785
110000335,1124,775,349
110000336,435,1502,-1067
110000337,781,605,176
110000338,123,311,-188
110000339,108,251,-143
110000340,131,205,-74
110000341,219,657,-438
110000342,395,3,392
110000343,0,16,-16
110000344,20,194,-174
110000345,51,132,-81
110000346,2333,1656,677
110000347,1063,969,94
110000348,0,28,-28
110000349,5,49,-44
110000350,38,5,33
110000351,413,1064,-651
110000352,262,1780,-1518
110000353,3371,1194,2177
110000354,744,2189,-1445
110000355,43,140,-97
110000356,232,2,230
110000357,220,23,197
110000361,14,86,-72
110000362,46,210,-164
110000363,122,156,-34
110000364,65,289,-224
110000365,199,3,196
110000366,0,95,-95
110000367,260,381,-121
110000368,2,67,-65
110000369,49,1,48
110000373,4,343,-339
110000374,95,0,95
110000375,111,891,-780
110000376,30,105,-75
110000377,16,215,-199
110000378,34,293,-259
110000379,4470,1159,3311
110000380,39,16,23
110000383,2,510,-508
110000384,2268,241,2027
110000385,3,259,-256
110000387,22,8,14
110000388,17,285,-268
110000389,218,3,215
110000391,381,574,-193
110000396,19,136,-117
110000397,30,312,-282
110000398,2,43,-41
110000399,118,3,115
110000587,25,48,-23
110000589,144,264,-120
110000640,116,191,-75
110000652,4,170,-166
110000653,73,509,-436
110000654,0,19,-19
110000656,1,788,-787
110000674,6,19,-13
110000675,79,15,64
110000676,4,45,-41
110000679,769,296,473
110000682,69,132,-63
110000683,397,788,-391
110000684,0,61,-61
110000685,2,10,-8
110000686,2,18,-16
110000687,4,3,1
110000688,52,351,-299
110000689,27,235,-208
110000692,71,333,-262
110000693,104,379,-275
110000694,1,122,-121
110000695,209,796,-587
110000696,121,182,-61
110900001,104,64,40
110900002,87,280,-193
110900003,147,1321,-1174
110900004,95,321,-226
110900005,5160,1041,4119
110900006,31,1,30
110900007,31,6,25
110900008,4,34,-30
110900009,232,26,206
110900010,0,69,-69
110900011,3,80,-77
110900012,5,115,-110
110900013,457,203,254
110900014,87,17,70
110900015,791,219,572
110900016,5,205,-200
110900017,147,59,88
110900018,397,42,355
110900019,42,30,12
110900020,22,661,-639
110900021,35,794,-759
110900022,67,558,-491
110900023,51,494,-443
110900024,22,648,-626
110900025,2,49,-47
110900027,12,295,-283
110900028,33,210,-177
110900029,64,528,-464
110900030,14,360,-346
110900031,3,221,-218
110900032,0,125,-125
110900033,56,307,-251
110900035,34,405,-371
110900036,54,10,44
110900037,16,6,10
110900038,1456,166,1290
110900039,15,236,-221
110900040,103,18,85
110900041,1,185,-184
110900042,25,42,-17
110900043,2,250,-248
110900044,172,14,158
110900045,33,920,-887
110900046,114,367,-253
110900047,878,90,788
110900049,38,19,19
110900050,2,0,2
110900051,32,158,-126
110900052,3,266,-263
110900053,34,68,-34
110900054,23,383,-360
110900055,8,0,8
110900056,87,145,-58
110900057,0,272,-272
110900058,96,339,-243
110900059,475,1010,-535
110900060,196,59,137
110900061,45,35,10
110900062,24,418,-394
110900063,5,84,-79
110900064,8,0,8
110900065,310,88,222
110900066,1,80,-79
110900067,666,453,213
110900068,199,265,-66
110900069,2,41,-39
110900070,101,69,32
110900071,261,398,-137
110900073,0,17,-17
110900074,169,36,133
110900075,139,81,58
110900077,165,398,-233
110900078,9,159,-150
110900079,2132,362,1770
110900080,34,70,-36
110900081,0,123,-123
110900082,42,217,-175
110900083,54,38,16
110900084,13,238,-225
110900085,31,361,-330
110900086,60,101,-41
110900087,102,77,25
110900088,2,0,2
110900090,8,22,-14
110900091,1,78,-77
110900093,293,45,248
110900095,24,58,-34
110900097,3,32,-29
110900098,9,93,-84
110900099,58,623,-565
110900100,0,32,-32
110900102,2,8,-6
110900105,742,416,326
110900108,2,108,-106
110900111,222,62,160
110900112,308,3,305
110900113,587,23,564
110900115,5,73,-68
110900116,200,2882,-2682
110900118,180,795,-615
110900119,6778,252,6526
110900120,3,128,-125
110900121,63,0,63
110900122,144,135,9
110900125,97,183,-86
110900127,580,481,99
110900128,149,119,30
110900129,227,160,67
110900130,957,158,799
110900131,81,52,29
110900132,156,34,122
110900133,79,407,-328
110900135,173,541,-368
110900136,105,4,101
110900137,362,0,362
110900138,358,399,-41
110900139,0,33,-33
110900140,55,5,50
110900141,1,64,-63
110900142,33,296,-263
110900143,78,54,24
110900144,1,688,-687
110900145,59,6,53
110900146,442,25,417
110900147,186,179,7
110900148,0,327,-327
110900149,0,94,-94
110900150,10,14,-4
110900151,0,104,-104
110900152,9,380,-371
110900153,42,27,15
111000001,124,150,-26
111000002,344,553,-209
111000003,321,350,-29
111000004,327,1220,-893
111000005,595,426,169
111000006,753,1315,-562
111000007,3873,1099,2774
111000008,3615,3510,105
111000009,279,985,-706
111000010,406,284,122
111000011,476,677,-201
111000012,729,281,448
111000013,363,1090,-727
111000014,661,501,160
111000017,108,378,-270
111000018,122,384,-262
111000020,2802,2185,617
111000021,68,146,-78
111000023,92,210,-118
111000025,7902,1893,6009
111000029,59,90,-31
111000030,55,87,-32
111000031,2401,608,1793
111000032,497,294,203
111000033,276,98,178
111000034,392,153,239
111000037,3157,1295,1862
111000038,2711,2536,175
111000039,1357,2411,-1054
111000040,1315,2535,-1220
111000041,1543,1474,69
111000042,7525,2881,4644
111000043,1654,1217,437
111000044,723,417,306
111000045,978,1349,-371
111000046,841,968,-127
111000047,1148,1671,-523
111000049,218,524,-306
111000050,1588,1657,-69
111000051,344,1099,-755
111000052,669,1511,-842
111000053,472,1105,-633
111000054,337,1052,-715
111000055,1077,2373,-1296
111000056,98,942,-844
111000057,67,1018,-951
111000058,63,131,-68
111000059,252,276,-24
111000060,2181,647,1534
111000061,678,385,293
111000062,470,208,262
111000063,1757,700,1057
111000064,293,599,-306
111000065,511,693,-182
111000066,203,251,-48
111000067,390,735,-345
111000068,218,707,-489
111000069,1850,2336,-486
111000070,2443,1373,1070
111000071,122,860,-738
111000072,264,168,96
111000073,58,281,-223
111000074,1110,1083,27
111000075,372,687,-315
111000076,205,847,-642
111000077,825,1222,-397
111000078,1394,1072,322
111000079,1217,772,445
111000080,326,763,-437
111000081,2520,4628,-2108
111000082,475,744,-269
111000084,538,588,-50
111000085,802,1904,-1102
111000086,3409,1609,1800
111000087,774,1063,-289
111000088,7090,1774,5316
111000089,464,1076,-612
111000090,1094,1506,-412
111000091,446,1004,-558
111000092,663,1517,-854
111000093,582,866,-284
111000094,1753,791,962
111000095,871,1541,-670
111000096,3287,5263,-1976
111000097,6315,1140,5175
111000098,281,1529,-1248
111000099,242,2823,-2581
111000100,239,2688,-2449
111000101,376,1079,-703
111000102,72,1085,-1013
111000104,149,203,-54
111000107,35,1007,-972
111000109,116,201,-85
111000110,461,498,-37
111000111,647,373,274
111000112,727,219,508
111000113,453,291,162
111000114,722,733,-11
111000115,8441,787,7654
111000116,919,632,287
111000117,516,659,-143
111000118,2114,1013,1101
111000119,733,1900,-1167
111000120,260,551,-291
111000121,129,453,-324
111000122,304,1209,-905
111000123,579,4008,-3429
111000124,327,4754,-4427
111000125,126,2470,-2344
111000126,54,1203,-1149
111000127,347,100,247
111000128,550,234,316
111000129,994,301,693
111000130,591,837,-246
111000131,433,764,-331
111000132,393,377,16
111000133,59,184,-125
111000134,63,146,-83
111000135,10,138,-128
111000136,130,309,-179
111000138,5,5,0
111000140,0,4,-4
111000141,58,328,-270
111000142,4,116,-112
111000143,7,78,-71
111000144,4,121,-117
111000145,40,2,38
111000146,10,1,9
111000147,89,7,82
111000148,99,120,-21
111000149,2,51,-49
111000150,10,10,0
111000151,0,17,-17
111000153,557,432,125
111000154,695,226,469
111000155,64,197,-133
111000156,432,175,257
111000157,78,314,-236
111000158,692,424,268
111000159,2914,609,2305
111000160,152,470,-318
111000161,8,279,-271
111000162,10,197,-187
111000163,210,880,-670
111000164,857,2327,-1470
111000165,1378,428,950
111000166,1346,344,1002
111000167,161,619,-458
111000168,210,491,-281
111000169,250,390,-140
111000170,473,327,146
111000171,427,1124,-697
111000172,69,639,-570
111000173,111,1235,-1124
111000174,79,683,-604
111000175,26,289,-263
111000176,180,186,-6
111000177,69,305,-236
111000178,416,378,38
111000179,25,239,-214
111000180,104,279,-175
111000181,373,305,68
111000182,75,197,-122
111000183,268,265,3
111000184,228,197,31
111000185,298,560,-262
111000186,238,414,-176
111000187,35,333,-298
111000188,65,496,-431
111000189,1533,754,779
111000190,138,600,-462
111000191,76,566,-490
111000192,159,716,-557
111000193,356,474,-118
111000194,19,508,-489
111000195,60,556,-496
111000196,10,385,-375
111000197,120,235,-115
111000198,193,139,54
111000199,51,216,-165
111000200,97,296,-199
111000201,199,291,-92
111000202,104,222,-118
111000203,101,194,-93
111000204,166,203,-37
111000213,61,353,-292
111000214,1129,1772,-643
111000215,551,1299,-748
111000217,590,812,-222
111000218,814,929,-115
111000219,299,238,61
111000220,3420,1035,2385
111000221,499,220,279
111000224,4,202,-198
111000225,139,62,77
111000226,142,1,141
111000227,38,2,36
111000228,14,140,-126
111000229,34,285,-251
111000230,160,636,-476
111000231,223,1736,-1513
111000232,185,1299,-1114
111000233,188,930,-742
111000234,37,169,-132
111000239,166,288,-122
111000240,23,53,-30
111000241,40,614,-574
111000242,39,39,0
111000243,61,1084,-1023
111000244,94,105,-11
111000245,294,749,-455
111000246,103,673,-570
111000247,70,1479,-1409
111000248,247,431,-184
111000249,377,1121,-744
111000250,26,190,-164
111000251,32,170,-138
111000253,0,0,0
111000255,0,0,0
111000257,0,0,0
111000260,50,1573,-1523
111000261,347,67,280
111000271,30,378,-348
111000273,6805,1399,5406
111000274,1029,2158,-1129
111000275,72,66,6
111000276,210,3134,-2924
111000277,118,633,-515
111000278,439,326,113
111000291,336,2234,-1898
111000298,231,281,-50
111000299,426,74,352
111000300,52,556,-504
111000302,139,83,56
111000303,77,374,-297
111000312,64,51,13
111000315,1,118,-117
111000320,302,711,-409
111000321,188,31,157
111000322,84,686,-602
111000323,66,16,50
111000324,304,314,-10
111000325,14,85,-71
111000326,80,484,-404
111000327,480,699,-219
111000328,183,457,-274
111000329,1,15,-14
111000330,17,4,13
111000331,5,8,-3
111000332,294,1192,-898
111000334,359,1952,-1593
111000335,201,112,89
111000337,188,511,-323
111000338,8,122,-114
111000339,102,867,-765
111000340,61,1105,-1044
111000341,352,175,177
111000342,30,279,-249
111000344,460,699,-239
111000345,65,24,41
111000346,11,89,-78
111000347,20,5,15
111000350,162,211,-49
111000351,55,235,-180
111000352,94,160,-66
111000353,86,284,-198
111000354,226,184,42
111000355,107,829,-722
111000358,74,2170,-2096
111000360,93,1346,-1253
111000361,63,570,-507
111000546,135,888,-753
111000547,148,661,-513
111000548,58,193,-135
111000549,140,517,-377
111000550,33,260,-227
111000551,583,117,466
111000552,181,40,141
111000907,76,12,64
111000908,11,1,10
111000916,375,294,81
111000917,54,366,-312
111000918,73,1437,-1364
111000920,123,2,121
111000921,0,353,-353
111000922,103,385,-282
111000924,22,1442,-1420
111000925,1011,1503,-492
111000926,813,2795,-1982
111000927,3026,2758,268
111000928,7319,3815,3504
111000929,777,775,2
111000930,665,2643,-1978
111000931,1175,1383,-208
111000932,3686,2598,1088
111000933,2688,1504,1184
111000934,2280,2976,-696
111000935,580,1024,-444
111000936,530,2455,-1925
111000937,476,1057,-581
111000938,1556,2819,-1263
111000939,149,34,115
111000940,167,255,-88
111000941,111,639,-528
111000943,105,308,-203
111000944,36,679,-643
111000945,10,2814,-2804
111001109,115,77,38
111001110,101,842,-741
111001111,9,4,5
111001112,44,14,30
111001113,46,60,-14
111001114,674,21,653
111001115,21,375,-354
111001116,5832,868,4964
111001117,717,451,266
111001120,58,394,-336
111001121,54,378,-324
111001122,147,670,-523
111001123,40,109,-69
111900001,2,150,-148
111900002,4,877,-873
111900003,3,527,-524
111900004,21,205,-184
111900006,2,4,-2
111900007,22,4,18
111900008,22,3,19
111900009,34,171,-137
111900010,155,606,-451
111900012,66,84,-18
111900013,5,106,-101
111900014,9255,1376,7879
111900015,0,83,-83
111900016,0,192,-192
111900017,1,152,-151
111900018,36,0,36
111900019,2,84,-82
111900020,7,39,-32
111900021,12,80,-68
111900022,11,63,-52
111900023,124,41,83
111900024,0,96,-96
111900025,0,58,-58
111900026,1,122,-121
111900027,9,206,-197
111900028,3,538,-535
111900029,2,96,-94
111900030,78,476,-398
111900031,15,53,-38
111900032,2,493,-491
111900033,7,131,-124
111900034,111,567,-456
111900035,73,317,-244
111900036,2,508,-506
111900038,275,578,-303
111900039,71,443,-372
111900040,4,885,-881
111900042,46,74,-28
111900043,2,559,-557
111900044,252,286,-34
111900046,62,271,-209
111900048,58,1039,-981
111900049,46,401,-355
111900050,36,16,20
111900051,2,287,-285
111900052,443,717,-274
111900053,1524,287,1237
111900054,68,3,65
111900055,36,907,-871
111900056,164,91,73
111900057,34,24,10
111900058,155,1085,-930
111900059,2391,166,2225
111900060,149,1,148
111900061,15,354,-339
111900062,5,28,-23
111900063,80,231,-151
111900064,108,293,-185
111900065,16,14,2
111900066,28,61,-33
111900067,4,424,-420
111900068,25,16,9
111900069,47,12,35
111900070,21,131,-110
111900071,0,352,-352
111900072,11,4,7
111900073,180,47,133
111900074,8,219,-211
111900075,15,6,9
111900076,22,22,0
111900077,7,1,6
111900078,50,6,44
111900079,3,7,-4
111900080,196,77,119
111900081,775,137,638
111900082,35,6,29
111900083,28,7,21
111900084,14,3,11
111900085,17,43,-26
111900086,28,2,26
111900087,13,2,11
111900088,69,3,66
111900089,14,1,13
111900090,43,12,31
111900091,44,4,40
111900092,13,4,9
111900093,125,1,124
111900094,52,1,51
111900095,126,8,118
111900096,31,0,31
111900097,13,0,13
111900098,62,0,62
111900099,12,0,12
111900100,61,1,60
111900101,22,4,18
111900102,260,1063,-803
111900103,51,23,28
111900104,48,67,-19
111900105,158,129,29
111900106,2017,56,1961
111900107,28,112,-84
111900108,72,44,28
111900109,334,79,255
111900110,4063,212,3851
111900111,40,288,-248
111900112,876,823,53
111900113,254,42,212
111900114,247,121,126
111900115,10,35,-25
111900118,115,13,102
111900119,145,40,105
111900122,83,14,69
111900123,23,21,2
111900124,32,113,-81
111900125,107,9,98
111900126,68,4,64
111900127,5,867,-862
111900128,1,698,-697
111900129,85,4,81
111900130,81,7,74
111900131,96,1,95
111900132,30,1574,-1544
111900133,1,441,-440
111900134,21,349,-328
111900135,4,12,-8
111900136,36,44,-8
111900137,49,48,1
111900138,8,60,-52
111900139,25,199,-174
111900140,15,31,-16
111900141,3,6,-3
111900142,38,5,33
111900143,10,424,-414
111900144,4,178,-174
111900145,9,884,-875
111900146,3,464,-461
111900147,174,600,-426
111900148,57,1033,-976
111900149,10,564,-554
111900150,8,270,-262
111900151,2,42,-40
111900152,125,25,100
111900153,1774,145,1629
111900154,8,75,-67
111900155,47,9,38
111900156,19,14,5
111900157,14,6,8
111900158,95,9,86
111900159,37,6,31
111900160,56,0,56
111900161,36,9,27
111900162,99,65,34
111900163,27,188,-161
111900164,28,25,3
111901113,68,263,-195
111901114,67,491,-424
111901115,25,0,25
111901116,14,1,13
111901117,7,9,-2
111901118,96,75,21
111901119,1711,100,1611
111901120,95,222,-127
111901121,153,361,-208
111901122,5,747,-742
111901123,37,590,-553
111901124,30,0,30
111901125,88,141,-53
111901126,50,9,41
111901127,1280,164,1116
111901128,10,194,-184
111901129,2,205,-203
111901130,7,360,-353
111901131,1,242,-241
111901132,25,4,21
111901133,8,0,8
111901134,25,0,25
111901135,4,1,3
111901136,10,6,4
111901137,0,10,-10
111901138,31,19,12
111901139,25,67,-42
111901140,3,166,-163
111901141,3,278,-275
111901142,1,128,-127
111901143,0,97,-97
111901144,19,24,-5
111901145,82,135,-53
112000001,1103,633,470
112000002,629,2662,-2033
112000003,411,740,-329
112000004,545,2301,-1756
112000005,1138,1258,-120
112000006,1288,2321,-1033
112000007,1120,1027,93
112000008,1614,2816,-1202
112000009,4037,3924,113
112000010,1611,2209,-598
112000011,2081,2957,-876
112000012,8637,1576,7061
112000013,8851,4122,4729
112000014,3089,528,2561
112000015,3767,2408,1359
112000016,4544,984,3560
112000017,1896,1369,527
112000024,1607,704,903
112000026,5301,6381,-1080
112000027,512,401,111
112000028,1723,2043,-320
112000029,250,419,-169
112000030,250,201,49
112000031,1750,1855,-105
112000032,801,84,717
112000033,2708,732,1976
112000034,387,55,332
112000035,96,359,-263
112000036,785,587,198
112000037,1234,1336,-102
112000038,889,1023,-134
112000039,12,107,-95
112000040,135,437,-302
112000041,380,712,-332
112000042,960,365,595
112000050,364,1648,-1284
112000051,478,683,-205
112000054,1843,2756,-913
112000057,778,355,423
112000058,386,484,-98
112000059,1210,451,759
112000061,8357,1715,6642
112000062,4004,613,3391
112000063,2876,628,2248
112000064,6075,6758,-683
112000065,2858,3223,-365
112000066,2245,764,1481
112000067,580,797,-217
112000068,1327,940,387
112000069,587,3251,-2664
112000070,1155,452,703
112000071,716,4116,-3400
112000072,676,879,-203
112000073,973,2017,-1044
112000074,514,840,-326
112000075,648,897,-249
112000076,3379,3224,155
112000077,327,929,-602
112000078,944,973,-29
112000079,1271,1724,-453
112000080,499,1328,-829
112000081,980,2215,-1235
112000082,915,647,268
112000083,459,2262,-1803
112000084,762,686,76
112000085,620,1682,-1062
112000086,1008,1724,-716
112000087,184,742,-558
112000088,210,901,-691
112000089,227,436,-209
112000090,243,454,-211
112000091,549,1646,-1097
112000092,711,766,-55
112000093,1153,1436,-283
112000094,229,797,-568
112000095,346,843,-497
112000096,171,742,-571
112000097,370,532,-162
112000098,671,2124,-1453
112000099,445,479,-34
112000100,665,920,-255
112000101,267,1216,-949
112000102,484,560,-76
112000103,177,1725,-1548
112000105,336,2450,-2114
112000106,458,389,69
112000107,15,215,-200
112000108,125,2024,-1899
112000109,30,60,-30
112000110,754,408,346
112000111,1539,6435,-4896
112000112,4429,516,3913
112000113,1094,2885,-1791
112000114,2604,871,1733
112000115,126,690,-564
112000116,599,1187,-588
112000117,393,681,-288
112000118,570,1177,-607
112000119,341,1287,-946
112000120,48,459,-411
112000121,48,924,-876
112000122,109,133,-24
112000123,151,126,25
112000124,95,83,12
112000125,75,128,-53
112000126,58,950,-892
112000127,3525,1045,2480
112000128,1696,742,954
112000129,32,125,-93
112000130,32,44,-12
112000131,11,469,-458
112000132,33,296,-263
112000133,112,278,-166
112000134,455,393,62
112000135,1100,575,525
112000136,1368,1506,-138
112000137,1688,1260,428
112000138,2438,1587,851
112000139,592,177,415
112000140,812,1270,-458
112000141,261,223,38
112000142,110,1219,-1109
112000143,379,196,183
112000144,181,2156,-1975
112000145,1072,783,289
112000146,474,2626,-2152
112000147,1173,1515,-342
112000148,1278,2261,-983
112000149,94,767,-673
112000150,54,800,-746
112000151,225,791,-566
112000152,143,435,-292
112000153,164,321,-157
112000154,76,173,-97
112000155,96,76,20
112000157,538,440,98
112000158,153,869,-716
112000159,143,329,-186
112000167,122,6,116
112000169,253,359,-106
112000173,307,316,-9
112000175,249,408,-159
112000176,7209,2010,5199
112000177,152,70,82
112000178,54,753,-699
112000179,81,217,-136
112000180,164,223,-59
112000181,817,2097,-1280
112000182,336,2602,-2266
112000183,45,95,-50
112000184,169,730,-561
112000185,189,723,-534
112000187,2086,2291,-205
112000195,120,8,112
112000196,66,0,66
112000197,52,89,-37
112000198,44,557,-513
112000199,965,1354,-389
112000202,110,2,108
112000216,26,125,-99
112000230,29,5,24
112000231,2,471,-469
112000256,24,144,-120
112000313,195,404,-209
112000314,6,9,-3
112000337,160,609,-449
112000352,136,120,16
112000392,3011,1183,1828
112000398,581,715,-134
112000399,1604,1209,395
112000400,1684,5230,-3546
112000401,2684,3329,-645
112000402,1132,1730,-598
112000403,1685,1474,211
112000404,222,512,-290
112000405,1100,2165,-1065
112000406,3397,3642,-245
112000407,2818,5384,-2566
112000408,8831,7696,1135
112000409,1513,5978,-4465
112000410,210,83,127
112000411,5498,665,4833
112000412,792,277,515
112000413,11031,1494,9537
112000414,49,99,-50
112000415,78,50,28
112000416,1056,1347,-291
112000417,157,94,63
112000421,24,149,-125
112000422,210,621,-411
112000424,2451,1303,1148
112000425,275,1184,-909
112000426,87,234,-147
112000427,0,18,-18
112000428,20,514,-494
112000429,1706,3194,-1488
112000430,1485,3545,-2060
112000431,34,105,-71
112000432,453,2551,-2098
112000433,896,657,239
112000437,35,482,-447
112900001,23,0,23
112900002,64,1637,-1573
112900003,14,260,-246
112900004,5,448,-443
112900005,42,280,-238
112900006,14,541,-527
112900007,0,197,-197
112900008,0,9,-9
112900009,287,70,217
112900010,73,899,-826
112900011,378,304,74
112900012,0,49,-49
112900013,1,172,-171
112900014,0,440,-440
112900015,306,1084,-778
112900016,0,305,-305
112900017,18,194,-176
112900018,2,547,-545
112900019,65,125,-60
112900020,581,1972,-1391
112900021,1,283,-282
112900022,8,56,-48
112900023,3,389,-386
112900024,15,211,-196
112900025,52,198,-146
112900026,6,342,-336
112900027,5,1576,-1571
112900028,12,110,-98
112900029,4,739,-735
112900030,414,206,208
112900031,4,664,-660
112900032,75,294,-219
112900034,1,60,-59
112900035,2,651,-649
112900036,32,157,-125
112900037,112,60,52
112900038,117,128,-11
112900039,33,367,-334
112900040,4,391,-387
112900041,1661,669,992
112900042,41,435,-394
112900043,3,34,-31
112900044,454,379,75
112900045,659,339,320
112900046,226,74,152
112900047,10,7,3
112900049,25,59,-34
112900050,50,758,-708
112900051,297,1015,-718
112900052,8,1428,-1420
112900053,388,130,258
112900054,231,16,215
112900055,183,7,176
112900056,246,89,157
112900057,6,1074,-1068
112900058,247,72,175
112900059,53,156,-103
112900060,5,360,-355
112900061,27,155,-128
112900062,42,213,-171
112900063,36,1,35
112900064,140,136,4
112900065,4,4,0
112900066,127,42,85
112900067,787,138,649
112900068,32,7,25
112900069,3272,344,2928
112900071,7,0,7
112900072,219,534,-315
112900073,208,13,195
112900074,39,48,-9
112900075,2631,291,2340
112900076,30,2,28
112900078,106,156,-50
112900079,96,10,86
112900080,6,0,6
112900081,21,54,-33
112900082,158,10,148
112900083,24,12,12
112900084,57,30,27
112900085,0,2,-2
112900086,5,0,5
112900087,200,35,165
112900088,17,4,13
112900089,302,6,296
112900090,6,8,-2
112900091,64,2,62
112900092,113,45,68
112900093,620,8,612
112900094,10,0,10
112900095,7,0,7
112900096,141,50,91
112900097,23,423,-400
112900098,16,0,16
112900099,188,3,185
112900100,18,0,18
112900101,72,0,72
112900102,84,2,82
112900103,71,3,68
112900104,8,0,8
112900105,2,0,2
112900106,183,77,106
112900107,2,2,0
112900108,13,0,13
112900109,6,0,6
112900110,171,13,158
112900111,176,0,176
112900112,69,0,69
112900113,0,9,-9
112900114,19,37,-18
112900115,223,0,223
112900116,19,32,-13
112900117,99,127,-28
112900118,13,99,-86
112900119,19,0,19
112900120,640,119,521
112900121,237,198,39
112900122,15,200,-185
112900123,160,4,156
112900124,2,151,-149
112900125,112,377,-265
112900126,88,286,-198
112900127,153,47,106
112900128,547,681,-134
112900129,1,1392,-1391
112900130,72,43,29
112900131,51,237,-186
112900132,78,452,-374
112900133,27,1650,-1623
112900134,0,358,-358
112900135,41,12,29
112900136,1,72,-71
112900137,3,1054,-1051
112900138,0,660,-660
112900139,226,1219,-993
112900140,0,107,-107
112900141,209,20,189
112900142,60,37,23
112900143,39,791,-752
112900144,2,361,-359
112900145,23,560,-537
112900146,6,1731,-1725
112900147,9,3013,-3004
112900148,7,0,7
112900149,165,708,-543
112900151,29,39,-10
112900152,5927,1360,4567
112900153,1290,702,588
112900154,0,82,-82
112900155,27,2,25
112900156,64,2339,-2275
112900157,37,1,36
112900158,10,15,-5
112900159,115,30,85
112900160,19,344,-325
112900161,13,25,-12
112900162,38,6,32
112900163,72,13,59
112900164,19,60,-41
112900165,268,45,223
112900166,4,28,-24
112900167,12,14,-2
112900168,0,0,0
112900169,2,2,0
112900170,11,68,-57
112900172,109,2,107
112900173,244,96,148
112900174,127,5,122
112900175,160,44,116
112900176,13,7,6
112900177,81,13,68
112900178,401,703,-302
112900179,37,601,-564
112900180,632,3441,-2809
112900181,129,3,126
112900182,21,1883,-1862
112900183,111,186,-75
112900184,388,281,107
112900185,329,447,-118
112900186,2068,518,1550
112900187,28,148,-120
112900188,1010,324,686
112900189,19,31,-12
112900190,3,63,-60
112900192,287,115,172
112900193,770,146,624
112900194,3,115,-112
112900195,272,21,251
112900196,243,766,-523
112900197,109,523,-414
112900199,182,612,-430
112900200,165,325,-160
112900201,29,103,-74
112900202,68,1196,-1128
112900203,34,304,-270
112900204,590,292,298
112900205,0,3,-3
112900206,4,39,-35
112900207,0,0,0
112900208,75,61,14
112900209,246,464,-218
112900210,0,25,-25
112900211,48,81,-33
112900212,1,66,-65
112900213,4,3,1
112900214,3,1,2
112900215,1,256,-255
112900216,18,43,-25
112900217,0,104,-104
112900218,3,9,-6
112900219,6,14,-8
112900220,0,0,0
112900221,3,129,-126
112900222,0,8,-8
112900223,282,4,278
112900224,89,959,-870
112900225,164,668,-504
112900226,356,254,102
112900227,111,1806,-1695
112900228,16,32,-16
112900229,29,97,-68
112900230,9774,2300,7474
112900232,146,83,63
112900233,34,207,-173
112900234,3,212,-209
112900235,22,6,16
112900236,42,6,36
112900237,33,397,-364
112900238,0,50,-50
112900239,552,162,390
113000001,4610,4818,-208
113000002,3603,4013,-410
113000003,1836,1774,62
113000004,2257,2183,74
113000005,1159,1032,127
113000006,783,1425,-642
113000007,1075,1324,-249
113000008,1186,2010,-824
113000009,530,933,-403
113000010,735,1959,-1224
113000011,664,2285,-1621
113000012,956,646,310
113000013,1560,466,1094
113000014,2707,1910,797
113000015,1304,325,979
113000016,954,479,475
113000017,100,346,-246
113000018,195,66,129
113000019,74,263,-189
113000020,135,22,113
113000021,429,668,-239
113000022,310,1392,-1082
113000025,170,378,-208
113000026,117,408,-291
113000027,512,406,106
113000028,1113,421,692
113000029,940,510,430
113000030,586,759,-173
113000031,326,271,55
113000032,263,152,111
113000033,447,328,119
113000034,525,313,212
113000035,19,50,-31
113000036,19,69,-50
113000037,92,32,60
113000038,16,67,-51
113000039,117,577,-460
113000040,33,128,-95
113000042,880,814,66
113000051,534,1733,-1199
113000052,2354,1336,1018
113000053,229,812,-583
113000054,131,793,-662
113000055,596,1183,-587
113000056,438,1958,-1520
113000058,715,1135,-420
113000059,1258,969,289
113000060,46,695,-649
113000061,923,1047,-124
113000062,1413,151,1262
113000063,54,277,-223
113000064,19,536,-517
113000065,156,1587,-1431
113000066,292,78,214
113000067,1034,1246,-212
113000068,495,2780,-2285
113000069,358,1926,-1568
113000070,820,751,69
113000071,336,1112,-776
113000072,397,426,-29
113000073,614,1847,-1233
113000074,1165,256,909
113000075,1889,428,1461
113000076,1245,1851,-606
113000077,2281,401,1880
113000078,1532,1624,-92
113000079,1182,616,566
113000080,992,515,477
113000081,1265,909,356
113000082,1836,870,966
113000083,661,791,-130
113000084,1914,1133,781
113000085,1198,604,594
113000086,989,1132,-143
113000087,1347,1020,327
113000088,1992,1214,778
113000089,901,1676,-775
113000090,280,306,-26
113000091,944,264,680
113000094,492,121,371
113000095,240,1416,-1176
113000096,132,1192,-1060
113000097,461,312,149
113000098,77,36,41
113000099,998,182,816
113000100,128,543,-415
113000101,372,539,-167
113000102,423,148,275
113000103,2704,789,1915
113000104,267,2117,-1850
113000105,478,481,-3
113000106,372,848,-476
113000107,405,830,-425
113000108,729,1915,-1186
113000109,461,2552,-2091
113000110,1721,455,1266
113000111,89,391,-302
113000112,342,344,-2
113000113,3177,227,2950
113000114,489,1135,-646
113000116,874,290,584
113000117,839,193,646
113000118,157,460,-303
113000119,116,464,-348
113000120,31,243,-212
113000121,588,1031,-443
113000124,84,172,-88
113000125,19,479,-460
113000127,3813,584,3229
113000128,423,604,-181
113000129,727,1057,-330
113000133,4998,890,4108
113000134,7,482,-475
113000135,2380,1815,565
113000137,3465,1303,2162
113000139,544,175,369
113000140,255,252,3
113000141,674,88,586
113000142,937,808,129
113000143,483,166,317
113000144,279,701,-422
113000145,59,181,-122
113000146,131,99,32
113000147,106,163,-57
113000148,46,212,-166
113000149,110,141,-31
113000150,449,391,58
113000151,152,65,87
113000152,37,196,-159
113000153,1870,582,1288
113000154,675,1030,-355
113000155,237,328,-91
113000156,158,540,-382
113000157,246,894,-648
113000158,453,175,278
113000159,717,417,300
113000160,480,1381,-901
113000161,199,901,-702
113000162,441,287,154
113000163,77,37,40
113000164,18,131,-113
113000166,52,54,-2
113000167,20,262,-242
113000168,48,303,-255
113000169,86,48,38
113000170,62,74,-12
113000171,52,90,-38
113000172,152,65,87
113000173,34,7,27
113000174,107,639,-532
113000175,203,141,62
113000176,254,115,139
113000177,102,475,-373
113000178,184,498,-314
113000179,177,75,102
113000180,367,1567,-1200
113000181,614,1231,-617
113000182,573,249,324
113000183,388,647,-259
113000184,30,173,-143
113000189,874,612,262
113000190,2044,426,1618
113000192,2454,1284,1170
113000193,4538,681,3857
113000194,1719,1228,491
113000195,2108,505,1603
113000196,105,87,18
113000197,1171,805,366
113000198,40,419,-379
113000199,1142,429,713
113000201,221,190,31
113000202,3557,1421,2136
113000203,418,108,310
113000204,1321,1335,-14
113000205,10,28,-18
113000206,18,32,-14
113000207,43,40,3
113000208,28,81,-53
113000209,23,34,-11
113000210,12,30,-18
113000211,276,88,188
113000212,211,14,197
113000213,104,90,14
113000214,80,194,-114
113000234,85,1662,-1577
113000410,257,95,162
113000411,3308,4298,-990
113000412,13774,1789,11985
113000413,5631,1941,3690
113000414,15864,9671,6193
113000415,3370,2510,860
113000416,12818,3439,9379
113000417,4981,2760,2221
113000418,4182,2614,1568
113000419,2693,1896,797
113000420,5011,3217,1794
113000421,4813,4153,660
113000422,23031,6429,16602
113000423,3458,3108,350
113000424,5494,6015,-521
113000425,25,71,-46
113000428,976,90,886
113000430,267,97,170
113000432,717,77,640
113000433,201,1172,-971
113000434,14,412,-398
113000435,9,1246,-1237
113000436,28,1896,-1868
113000437,221,12,209
113000438,75,1,74
113000439,5,192,-187
113000440,36,26,10
113000441,40,235,-195
113000442,94,387,-293
113000443,34,356,-322
113000444,77,449,-372
113000445,37,125,-88
113000446,8,104,-96
113000448,177,202,-25
113000449,336,333,3
113000450,753,1206,-453
113000451,1213,148,1065
113000452,328,176,152
113000453,63,258,-195
113000454,476,10,466
113000455,3,158,-155
113000456,4024,2076,1948
113000468,2998,343,2655
113000469,286,124,162
113000470,483,87,396
113000471,15,300,-285
113000472,68,287,-219
113000474,169,816,-647
113000475,1324,2239,-915
113000476,935,2308,-1373
113000477,1672,2692,-1020
113000478,3474,6939,-3465
113000479,56,340,-284
113000480,74,64,10
113000481,0,0,0
113000482,0,0,0
113000483,0,0,0
113000484,0,0,0
113000485,0,0,0
113000486,0,0,0
113000487,0,0,0
113000488,0,0,0
113000489,0,0,0
113000490,0,0,0
113000491,0,0,0
113000492,0,0,0
113000493,0,0,0
113000495,115,212,-97
113000496,33,75,-42
113000500,0,9,-9
113900001,0,84,-84
113900002,0,153,-153
113900003,0,67,-67
113900004,0,21,-21
113900005,0,21,-21
113900006,3,20,-17
113900007,14,25,-11
113900008,10,0,10
113900009,163,1,162
113900010,56,0,56
113900011,4,0,4
113900012,6,0,6
113900013,275,4,271
113900014,849,4,845
113900015,0,64,-64
113900016,22,1,21
113900017,2,59,-57
113900018,432,59,373
113900019,18,59,-41
113900020,36,2,34
113900022,5,0,5
113900023,8,0,8
113900024,34,97,-63
113900025,447,17,430
113900026,19,1,18
113900027,4,64,-60
113900028,8,459,-451
113900029,14,380,-366
113900030,67,2,65
113900031,0,0,0
113900032,8,0,8
113900033,43,113,-70
113900035,29,1,28
113900036,8,87,-79
113900037,34,706,-672
113900038,35,35,0
113900039,53,5,48
113900040,2,1,1
113900041,0,1,-1
113900042,20,30,-10
113900043,184,112,72
113900044,234,41,193
113900045,39,2,37
113900046,366,757,-391
113900047,18,152,-134
113900048,329,15,314
113900049,923,126,797
113900050,103,347,-244
113900051,87,546,-459
113900052,209,152,57
113900053,452,156,296
113900054,4,1,3
113900055,61,573,-512
113900056,25,125,-100
113900057,10,371,-361
113900058,21,189,-168
113900059,60,370,-310
113900060,116,340,-224
113900061,1343,75,1268
113900062,32,8,24
113900063,33,181,-148
113900064,41,196,-155
113900065,575,11,564
113900066,145,643,-498
113900067,27,549,-522
113900068,275,310,-35
113900069,84,16,68
113900070,221,462,-241
113900071,19,65,-46
113900072,19,196,-177
113900073,95,461,-366
113900074,20,516,-496
113900075,632,876,-244
113900076,131,5,126
113900077,24,253,-229
113900078,15,62,-47
113900079,1,80,-79
113900080,321,171,150
113900081,13,234,-221
113900082,78,218,-140
113900083,101,927,-826
113900084,122,76,46
113900085,22,342,-320
113900086,14,13,1
113900087,35,283,-248
113900088,10,58,-48
113900089,242,36,206
113900090,237,312,-75
113900091,25,29,-4
113900092,21,79,-58
113900093,41,350,-309
113900094,136,658,-522
113900095,50,74,-24
113900096,59,25,34
113900097,1,136,-135
113900098,307,36,271
113900099,0,70,-70
113900100,0,0,0
113900101,8,48,-40
113900102,58,68,-10
113900103,140,358,-218
113900104,63,78,-15
113900105,11,390,-379
113900106,0,101,-101
113900107,6,29,-23
113900108,157,137,20
113900109,318,113,205
113900110,23,3,20
113900111,48,100,-52
113900112,28,95,-67
113900113,401,413,-12
113900114,1,117,-116
113900115,1,128,-127
113900116,64,102,-38
113900117,34,6,28
113900118,116,139,-23
113900119,345,220,125
113900120,30,23,7
113900121,22,70,-48
113900122,176,1174,-998
113900123,232,161,71
113900124,0,78,-78
113900125,1427,148,1279
113900126,105,31,74
113900127,254,325,-71
113900128,66,26,40
113900129,12,90,-78
113900130,5,14,-9
113900131,63,60,3
113900132,19,47,-28
113900133,9,19,-10
113900135,126,483,-357
113900136,86,67,19
113900137,160,137,23
113900138,68,117,-49
113900139,585,77,508
113900140,598,142,456
113900141,140,519,-379
113900142,59,74,-15
113900143,18,13,5
113900144,571,117,454
113900145,122,215,-93
113900146,25,69,-44
113900148,101,161,-60
113900149,86,34,52
113900150,1509,481,1028
113900151,105,178,-73
113900152,18,47,-29
113900153,644,418,226
113900154,1,98,-97
113900155,203,47,156
113900156,177,818,-641
113900157,10,225,-215
113900158,587,162,425
113900159,16,225,-209
113900160,470,877,-407
113900161,9,112,-103
113900162,848,526,322
113900163,308,194,114
113900164,105,42,63
113900165,654,875,-221
113900166,383,90,293
113900167,241,30,211
113900168,119,146,-27
113900169,126,522,-396
113900171,55,39,16
113900172,4,306,-302
113900173,43,792,-749
113900174,370,858,-488
113900175,141,54,87
113900176,187,902,-715
113900177,242,193,49
113900178,278,112,166
113900179,15,848,-833
113900180,101,138,-37
113900181,255,137,118
113900182,509,1202,-693
113900183,22,90,-68
113900184,20,604,-584
113900185,108,80,28
113900186,28,52,-24
113900187,26,182,-156
113900188,22,205,-183
113900189,195,73,122
113900190,387,87,300
113900191,91,339,-248
113900192,5,259,-254
113900193,35,356,-321
113900194,2026,1071,955
113900195,238,545,-307
113900196,0,134,-134
113900197,2,359,-357
113900198,13,198,-185
113900199,153,737,-584
113900200,16,272,-256
113900201,6,333,-327
113900202,46,259,-213
113900203,2,297,-295
113900204,21,797,-776
113900205,3,90,-87
113900206,2,148,-146
113900207,1,86,-85
113900208,1,74,-73
113900209,1,124,-123
113900210,567,487,80
113900211,109,24,85
113900212,80,763,-683
113900214,497,332,165
113900215,30,180,-150
113900216,32,1642,-1610
113900217,15,403,-388
113900218,68,27,41
113900219,102,551,-449
113900220,93,56,37
113900221,245,159,86
113900222,224,301,-77
113900223,23,1278,-1255
113900224,168,53,115
113900225,898,267,631
113900226,288,120,168
113900227,313,147,166
113900228,484,253,231
113900229,21,694,-673
113900230,5464,1185,4279
113900231,117,241,-124
113900232,43,121,-78
113900233,36,37,-1
113900234,95,299,-204
113900235,21,43,-22
113900236,39,475,-436
113900237,57,11,46
113900238,121,280,-159
113900239,40,22,18
113900240,1,76,-75
113900241,90,83,7
113900242,29,145,-116
113900243,96,484,-388
113900244,588,134,454
113900245,1713,215,1498
113900246,17,25,-8
113900247,105,135,-30
113900248,4971,850,4121
113900249,1236,202,1034
113900250,29,96,-67
113900251,237,184,53
113900252,235,13,222
113900253,382,29,353
113900254,205,40,165
113900255,191,12,179
113900256,173,3,170
113900257,30,874,-844
113900258,8,711,-703
113900259,182,282,-100
113900260,86,54,32
113900261,5,182,-177
113900262,104,983,-879
113900263,36,537,-501
113900264,5,842,-837
113900265,120,274,-154
113900266,23,301,-278
113900267,81,485,-404
113900268,137,288,-151
113900269,57,145,-88
113900270,278,381,-103
113900271,658,1824,-1166
113900273,16,4,12
113900274,22,16,6
113900275,19,64,-45
113900276,3,327,-324
113900277,17,3,14
113900278,320,176,144
113900279,109,93,16
113900280,1196,463,733
113900281,292,1056,-764
113900282,770,377,393
113900283,259,409,-150
113900284,620,128,492
113900285,85,21,64
113900286,65,159,-94
113900287,20,227,-207
113900288,4,81,-77
113900289,1825,65,1760
113900290,486,45,441
113900291,165,213,-48
113900292,1,13,-12
113900293,1,312,-311
113900294,229,14,215
113900295,673,230,443
113900296,2949,301,2648
113900297,425,21,404
113900298,5,2027,-2022
113900299,10,189,-179
113900300,7133,2065,5068
113900301,827,183,644
113900302,2799,569,2230
113900303,755,129,626
113900304,1,248,-247
113900305,20,0,20
113900306,7,0,7
113900307,76,0,76
113900308,78,93,-15
113900309,5,1101,-1096
113900310,0,31,-31
113900311,1,0,1
113900312,42,102,-60
113900313,35,8,27
114000001,1189,3868,-2679
114000002,131,493,-362
114000003,53,398,-345
114000004,325,589,-264
114000005,169,385,-216
114000006,6870,2616,4254
114000007,584,1816,-1232
114000008,1834,1044,790
114000009,213,163,50
114000011,2022,3708,-1686
114000012,1105,3342,-2237
114000013,838,2490,-1652
114000014,383,504,-121
114000015,783,706,77
114000016,207,520,-313
114000017,79,210,-131
114000018,480,114,366
114000026,647,2348,-1701
114000027,1191,2371,-1180
114000028,1565,2067,-502
114000038,75,211,-136
114000039,53,117,-64
114000040,80,203,-123
114000042,57,267,-210
114000043,17,299,-282
114000044,54,80,-26
114000045,60,146,-86
114000046,4054,5754,-1700
114000047,15,76,-61
114000048,34,56,-22
114000049,1865,1177,688
114000050,2449,1117,1332
114000051,6159,1397,4762
114000052,3476,1150,2326
114000053,39,531,-492
114000054,48,1905,-1857
114000055,159,25,134
114000056,1327,685,642
114000057,9850,2414,7436
114000058,514,529,-15
114000059,251,179,72
114000060,326,1230,-904
114000061,3857,1368,2489
114000062,1974,701,1273
114000063,4855,1893,2962
114000064,9288,2472,6816
114000065,2115,2279,-164
114000066,253,628,-375
114000067,22,338,-316
114000068,528,426,102
114000069,950,500,450
114000070,2755,1345,1410
114000071,433,889,-456
114000072,123,403,-280
114000073,10,148,-138
114000074,9,24,-15
114000075,14,234,-220
114000076,10,201,-191
114000077,6,83,-77
114000078,114,2061,-1947
114000079,45,48,-3
114000080,63,130,-67
114000081,31,88,-57
114000082,69,732,-663
114000083,19,314,-295
114000084,77,96,-19
114000085,94,949,-855
114000086,101,820,-719
114000087,15,397,-382
114000088,20,85,-65
114000089,1782,620,1162
114000090,660,471,189
114000091,1979,390,1589
114000092,1206,243,963
114000093,876,749,127
114000094,247,453,-206
114000095,62,85,-23
114000096,39,639,-600
114000097,84,1276,-1192
114000098,164,51,113
114000099,157,1240,-1083
114000100,406,882,-476
114000101,217,1738,-1521
114000102,155,261,-106
114000103,78,645,-567
114000104,5,428,-423
114000105,23,62,-39
114000106,783,350,433
114000107,82,132,-50
114000108,2269,1470,799
114000109,216,327,-111
114000110,597,2062,-1465
114000111,584,374,210
114000112,213,1905,-1692
114000113,365,358,7
114000114,1076,1748,-672
114000115,636,544,92
114000116,294,362,-68
114000117,917,294,623
114000118,834,334,500
114000119,497,250,247
114000120,464,1094,-630
114000121,412,700,-288
114000122,250,261,-11
114000123,423,234,189
114000124,247,256,-9
114000125,720,2147,-1427
114000126,615,187,428
114000127,83,157,-74
114000128,525,642,-117
114000130,305,359,-54
114000131,79,55,24
114000132,749,1099,-350
114000133,1662,1761,-99
114000134,44,320,-276
114000138,84,222,-138
114000139,1090,90,1000
114000144,633,275,358
114000145,72,217,-145
114000146,76,468,-392
114000147,814,666,148
114000148,2116,1073,1043
114000149,344,158,186
114000150,1205,821,384
114000151,849,709,140
114000152,158,20,138
114000153,1384,1371,13
114000154,883,784,99
114000155,1778,1391,387
114000156,1042,459,583
114000157,267,669,-402
114000158,2369,845,1524
114000159,213,416,-203
114000160,201,203,-2
114000161,1831,999,832
114000162,1241,646,595
114000163,1,184,-183
114000165,231,133,98
114000166,741,167,574
114000167,5557,1292,4265
114000168,898,740,158
114000169,2270,458,1812
114000170,981,307,674
114000171,471,581,-110
114000174,304,485,-181
114000176,819,458,361
114000177,2027,996,1031
114000178,19,58,-39
114000179,1128,494,634
114000180,337,660,-323
114000181,1522,1743,-221
114000182,7991,1955,6036
114000183,1064,815,249
114000184,562,2022,-1460
114000185,731,773,-42
114000189,223,42,181
114000190,1015,93,922
114000191,17,18,-1
114000192,366,1864,-1498
114000193,1047,3916,-2869
114000194,974,1434,-460
114000195,46,13,33
114000196,5,407,-402
114000197,464,78,386
114000198,1249,411,838
114000199,1764,966,798
114000200,676,3198,-2522
114000201,96,1424,-1328
114000202,752,884,-132
114000203,330,1002,-672
114000204,96,477,-381
114000205,236,2405,-2169
114000206,370,1725,-1355
114000207,645,2991,-2346
114000208,488,3956,-3468
114000209,702,3988,-3286
114000210,309,2166,-1857
114000211,648,1510,-862
114000212,562,728,-166
114000213,880,672,208
114000214,47,330,-283
114000215,71,71,0
114000216,515,164,351
114000217,61,384,-323
114000218,74,411,-337
114000219,457,387,70
114000220,6,1592,-1586
114000221,238,107,131
114000222,163,1455,-1292
114000223,190,45,145
114000224,83,830,-747
114000225,71,544,-473
114000226,43,218,-175
114000227,571,462,109
114000228,393,1042,-649
114000229,387,1476,-1089
114000230,1067,1899,-832
114000231,433,1329,-896
114000232,263,125,138
114000233,854,137,717
114000234,672,1354,-682
114000235,483,1816,-1333
114000236,0,653,-653
114000237,78,1492,-1414
114000238,28,191,-163
114000239,163,1780,-1617
114000240,477,608,-131
114000241,246,1260,-1014
114000242,888,1052,-164
114000243,732,674,58
114000244,399,345,54
114000245,306,736,-430
114000246,106,44,62
114000247,405,710,-305
114000248,503,454,49
114000249,338,526,-188
114000250,199,553,-354
114000251,104,371,-267
114000252,31,155,-124
114000253,48,369,-321
114000254,7,159,-152
114000255,487,185,302
114000256,1780,494,1286
114000257,597,2878,-2281
114000258,92,720,-628
114000259,47,339,-292
114000260,0,26,-26
114000261,17,19,-2
114000262,63,244,-181
114000263,2,0,2
114000264,292,985,-693
114000265,0,14,-14
114000267,3,1219,-1216
114000268,2,2517,-2515
114000270,67,2,65
114000271,216,125,91
114000283,423,576,-153
114000285,58,378,-320
114000288,39,526,-487
114000289,922,89,833
114000293,67,405,-338
114000294,177,461,-284
114000395,704,56,648
114000396,147,269,-122
114000402,150,460,-310
114000403,173,755,-582
114000405,87,820,-733
114000423,41,682,-641
114000424,216,294,-78
114000425,187,829,-642
114000426,210,473,-263
114000427,38,200,-162
114000428,325,68,257
114000429,7,268,-261
114000432,39,179,-140
114000434,15,163,-148
114000435,1,199,-198
114000436,6277,1660,4617
114000437,285,621,-336
114900001,224,1896,-1672
114900002,332,61,271
114900003,185,2840,-2655
114900004,105,178,-73
114900005,177,1208,-1031
114900006,17,27,-10
114900007,60,3,57
114900008,95,25,70
114900010,3055,2137,918
114900011,48,73,-25
114900013,53,54,-1
114900015,25,151,-126
114900018,665,42,623
114900020,56,59,-3
114900022,4,666,-662
114900024,62,149,-87
114900025,286,316,-30
114900026,16,77,-61
114900027,228,286,-58
114900029,8,11,-3
114900030,101,280,-179
114900031,53,10,43
114900032,88,22,66
114900033,1524,293,1231
114900034,28,330,-302
114900035,120,254,-134
114900036,255,1585,-1330
114900037,50,254,-204
114900038,156,1508,-1352
114900039,463,933,-470
114900040,44,261,-217
114900041,213,877,-664
114900042,330,1142,-812
114900043,693,471,222
114900044,21,11,10
114900046,78,167,-89
114900047,138,1116,-978
114900048,35,218,-183
114900049,7,230,-223
114900050,12,878,-866
114900051,12,677,-665
114900052,107,235,-128
114900053,103,310,-207
114900054,52,202,-150
114900057,157,1,156
114900058,1,126,-125
114900059,44,24,20
114900060,1956,279,1677
114900061,68,254,-186
114900062,385,297,88
114900063,33,342,-309
114900064,378,1049,-671
114900065,128,815,-687
114900067,15,432,-417
114900068,64,242,-178
114900069,348,223,125
114900070,158,842,-684
114900072,6,280,-274
114900073,0,300,-300
114900074,115,1267,-1152
114900075,93,0,93
114900076,2,590,-588
114900080,3670,519,3151
114900082,4803,1394,3409
114900083,551,768,-217
114900090,133,100,33
114900091,96,231,-135
114900095,555,133,422
114900096,821,717,104
114900097,17,2,15
114900098,0,201,-201
114900099,42,6,36
115000001,9628,8278,1350
115000002,2490,3000,-510
115000003,3842,5804,-1962
115000004,1854,4600,-2746
115000005,1060,3373,-2313
115000006,368,1418,-1050
115000007,36,189,-153
115000008,381,411,-30
115000009,110,359,-249
115000010,231,151,80
115000013,108,93,15
115000015,57,105,-48
115000016,283,183,100
115000019,17,442,-425
115000020,168,205,-37
115000021,233,421,-188
115000022,436,325,111
115000023,209,343,-134
115000024,1086,622,464
115000025,692,344,348
115000026,188,416,-228
115000027,95,190,-95
115000028,114,594,-480
115000029,208,118,90
115000030,222,855,-633
115000031,548,273,275
115000032,9,282,-273
115000033,128,23,105
115000034,101,910,-809
115000035,692,31,661
115000036,1,427,-426
115000037,181,1,180
115000038,24,234,-210
115000039,2875,1803,1072
115000040,7874,2885,4989
115000041,1158,2100,-942
115000042,905,565,340
115000043,2677,2334,343
115000044,3197,5150,-1953
115000045,1713,2904,-1191
115000046,1168,2213,-1045
115000047,1130,1948,-818
115000048,1227,3661,-2434
115000049,1341,3304,-1963
115000050,2064,1745,319
115000051,2265,1138,1127
115000052,3843,2184,1659
115000053,1190,942,248
115000054,972,1687,-715
115000055,41,353,-312
115000056,101,242,-141
115000057,280,452,-172
115000058,268,125,143
115000059,111,229,-118
115000061,107,84,23
115000062,72,342,-270
115000063,148,426,-278
115000064,133,214,-81
115000065,13,224,-211
115000067,166,17,149
115000069,44,336,-292
115000070,33,850,-817
115000071,68,11,57
115000072,21,72,-51
115000073,1206,26,1180
115000075,41,55,-14
115000076,3467,4505,-1038
115000077,1103,4993,-3890
115000078,450,2509,-2059
115000079,1029,2910,-1881
115000080,1257,3594,-2337
115000081,340,1150,-810
115000082,2303,2976,-673
115000083,1391,4346,-2955
115000084,746,996,-250
115000085,361,1450,-1089
115000086,372,1129,-757
115000087,562,1781,-1219
115000088,1299,615,684
115000089,1685,1790,-105
115000090,881,540,341
115000091,306,1594,-1288
115000092,270,260,10
115000093,390,3,387
115000094,8509,4254,4255
115000095,7054,4088,2966
115000096,359,2699,-2340
115000097,300,856,-556
115000098,433,1032,-599
115000099,943,3907,-2964
115000100,474,529,-55
115000101,278,1929,-1651
115000102,262,168,94
115000103,390,1021,-631
115000105,48,267,-219
115000106,171,201,-30
115000107,147,779,-632
115000108,4566,3513,1053
115000109,5771,2086,3685
115000110,1383,672,711
115000111,777,1676,-899
115000112,618,438,180
115000113,876,913,-37
115000114,1747,873,874
115000116,3553,1162,2391
115000117,4088,1525,2563
115000118,2370,1380,990
115000119,2798,1644,1154
115000120,1024,534,490
115000121,2238,816,1422
115000122,4045,620,3425
115000123,2253,1091,1162
115000124,624,589,35
115000125,280,620,-340
115000126,124,221,-97
115000127,244,157,87
115000128,1149,759,390
115000129,224,155,69
115000130,178,1413,-1235
115000131,224,301,-77
115000132,83,670,-587
115000133,157,420,-263
115000134,103,188,-85
115000135,57,288,-231
115000136,62,242,-180
115000137,62,285,-223
115000138,103,232,-129
115000139,127,372,-245
115000140,101,193,-92
115000141,83,430,-347
115000142,54,397,-343
115000143,178,583,-405
115000144,212,97,115
115000145,85,605,-520
115000146,180,220,-40
115000147,325,675,-350
115000148,249,2252,-2003
115000149,298,186,112
115000150,537,2072,-1535
115000151,399,490,-91
115000152,444,2626,-2182
115000153,344,446,-102
115000154,392,430,-38
115000155,446,1608,-1162
115000156,686,615,71
115000157,945,1008,-63
115000158,688,319,369
115000159,673,378,295
115000160,700,493,207
115000161,482,737,-255
115000162,649,398,251
115000163,659,625,34
115000164,535,513,22
115000165,251,338,-87
115000167,62,48,14
115000168,532,353,179
115000169,542,426,116
115000170,70,145,-75
115000171,191,177,14
115000172,2170,678,1492
115000173,156,286,-130
115000174,43,192,-149
115000175,41,76,-35
115000176,230,34,196
115000177,150,80,70
115000178,17,361,-344
115000179,13,13,0
115000180,49,866,-817
115000181,246,127,119
115000182,330,436,-106
115000183,127,1238,-1111
115000186,482,274,208
115000187,139,807,-668
115000188,574,441,133
115000189,273,430,-157
115000190,644,302,342
115000191,427,436,-9
115000194,138,111,27
115000195,309,174,135
115000196,56,112,-56
115000197,102,473,-371
115000198,115,268,-153
115000199,104,434,-330
115000200,252,117,135
115000201,45,522,-477
115000206,119,49,70
115000207,26,454,-428
115000208,602,823,-221
115000209,201,150,51
115000210,80,91,-11
115000211,159,214,-55
115000212,1264,323,941
115000224,93,44,49
115000225,60,61,-1
115000229,256,177,79
115000230,45,489,-444
115000231,317,2932,-2615
115000232,614,392,222
115000233,40,254,-214
115000234,5,219,-214
115000241,37,310,-273
115000242,43,330,-287
115000243,18,344,-326
115000244,1,104,-103
115000246,11,3,8
115000247,18,3,15
115000248,9,3,6
115000249,45,6,39
115000250,80,61,19
115000251,62,198,-136
115000252,54,179,-125
115000253,6,177,-171
115000258,93,201,-108
115000259,285,132,153
115000261,9,23,-14
115000262,10,29,-19
115000263,8,37,-29
115000264,2,28,-26
115000267,54,85,-31
115000268,33,88,-55
115000269,53,86,-33
115000270,17,32,-15
115000272,42,136,-94
115000273,165,21,144
115000280,2782,78,2704
115000281,905,120,785
115000282,1923,352,1571
115000284,328,70,258
115000296,259,3,256
115000297,158,33,125
115000298,93,62,31
115000300,40,249,-209
115000302,125,256,-131
115000303,219,163,56
115000304,328,105,223
115000305,77,1319,-1242
115000306,83,678,-595
115000307,34,293,-259
115000308,61,19,42
115000309,11,5,6
115000310,461,1745,-1284
115000311,288,1492,-1204
115000313,69,940,-871
115000314,97,53,44
115000315,1310,175,1135
115000316,17,47,-30
115000317,127,737,-610
115000318,400,238,162
115000319,29,309,-280
115000320,12,205,-193
115000321,179,13,166
115000322,23,335,-312
115000449,403,108,295
115000557,24,296,-272
115000558,129,79,50
115000587,235,331,-96
115000588,2007,4397,-2390
115000589,2518,2563,-45
115000590,723,1665,-942
115000591,1735,562,1173
115000592,1084,1508,-424
115000593,1464,431,1033
115000594,899,1263,-364
115000609,135,67,68
115000617,2390,1072,1318
115000624,74,129,-55
115000633,344,2049,-1705
115000634,2596,644,1952
115000635,164,146,18
115000638,1504,767,737
115000641,80,100,-20
115000642,394,255,139
115000643,83,535,-452
115000644,130,577,-447
115000646,637,921,-284
115000647,121,537,-416
115000648,627,2044,-1417
115000893,3607,720,2887
115000894,56,1443,-1387
115000895,256,1106,-850
115000896,711,288,423
115000897,472,55,417
115000898,1036,216,820
115000899,1072,934,138
115000900,90,314,-224
115000901,60,99,-39
115000912,157,79,78
115000913,3,55,-52
115000915,11,0,11
115000916,3,1,2
115000917,0,11,-11
115000918,123,291,-168
115000919,11,12,-1
115000920,3,48,-45
115000921,2057,99,1958
115000922,668,317,351
115000923,351,736,-385
115000925,22,67,-45
115000927,5,23,-18
115000933,174,94,80
115000934,67,243,-176
115000935,25,167,-142
115900001,12,99,-87
115900002,134,226,-92
115900003,49,154,-105
115900004,3,42,-39
115900005,31,4,27
115900006,82,433,-351
115900008,13,22,-9
115900009,42,352,-310
115900010,77,223,-146
115900011,192,297,-105
115900012,22,137,-115
115900013,399,174,225
115900014,86,164,-78
115900015,23,163,-140
115900016,39,19,20
115900017,3,1,2
115900018,161,97,64
115900019,1695,35,1660
115900020,7,0,7
115900021,2276,114,2162
115900022,1458,10,1448
115900023,19,2,17
115900025,117,171,-54
115900026,1067,380,687
115900027,0,665,-665
115900028,627,56,571
115900029,3,755,-752
115900030,26,21,5
115900031,286,105,181
115900032,283,700,-417
115900033,0,55,-55
115900034,19,711,-692
115900035,30,124,-94
115900036,149,200,-51
115900037,15,577,-562
115900038,8,9,-1
115900039,73,363,-290
115900041,220,236,-16
115900042,6,2,4
115900043,18,172,-154
115900044,176,179,-3
115900046,166,285,-119
115900047,40,22,18
115900049,66,289,-223
115900051,2,176,-174
115900052,11,402,-391
115900053,30,428,-398
115900054,25,79,-54
115900055,11,197,-186
115900056,106,570,-464
115900057,8,0,8
115900058,26,99,-73
115900060,31,146,-115
115900061,45,1,44
115900062,15,449,-434
115900063,52,22,30
115900064,145,231,-86
115900065,32,227,-195
115900066,212,222,-10
115900067,6,1004,-998
115900068,4595,126,4469
115900069,211,218,-7
115900070,77,321,-244
115900071,4,917,-913
115900072,90,291,-201
115900073,21,17,4
115900074,1,409,-408
115900075,38,436,-398
115900076,2,108,-106
115900077,9,407,-398
115900078,94,169,-75
115900079,49,6,43
115900080,462,167,295
115900081,3,108,-105
115900082,166,166,0
115900084,76,30,46
115900085,38,30,8
115900086,2013,460,1553
115900088,23,17,6
115900089,119,893,-774
115900090,49,7,42
115900091,0,26,-26
115900092,17,349,-332
115900093,1,57,-56
115900094,4,597,-593
115900096,0,34,-34
115900097,20,729,-709
115900098,65,571,-506
115900099,10,93,-83
115900100,10,805,-795
115900101,66,480,-414
115900102,10,134,-124
115900103,114,271,-157
115900104,19,199,-180
115900105,46,948,-902
115900106,27,29,-2
115900107,16,233,-217
115900108,12,53,-41
115900109,18,552,-534
115900110,1,20,-19
115900111,2,111,-109
115900112,25,1151,-1126
115900113,23,22,1
115900114,2,180,-178
115900115,25,201,-176
115900116,55,1242,-1187
115900117,13,25,-12
115900118,5,403,-398
115900119,36,125,-89
115900120,10,525,-515
115900121,92,339,-247
115900124,159,231,-72
115900125,98,18,80
115900126,261,46,215
115900127,323,19,304
115900128,10,84,-74
115900129,486,13,473
115900130,24,158,-134
115900131,108,5,103
115900132,82,5,77
115900134,70,9,61
115900135,591,452,139
115900137,1,3,-2
115900139,57,29,28
115900140,65,12,53
115900141,27,28,-1
115900142,9,10,-1
115900143,99,203,-104
115900144,22,163,-141
115900146,2,183,-181
115900147,108,169,-61
115900148,0,17,-17
115900149,9,49,-40
115900150,15,102,-87
115900151,1,46,-45
115900152,17,466,-449
115900153,24,251,-227
115900154,548,309,239
115900155,0,90,-90
115900156,411,834,-423
115900157,63,536,-473
115900158,25,4,21
115900159,21,331,-310
115900160,17,2,15
115900161,38,299,-261
115900163,92,137,-45
115900164,105,37,68
115900165,4,85,-81
115900166,167,274,-107
115900168,20,222,-202
115900171,59,402,-343
115900172,8,175,-167
115900173,60,130,-70
115900174,184,180,4
115900175,43,142,-99
115900178,7,974,-967
115900179,47,14,33
115900180,33,425,-392
115900181,73,336,-263
115900182,93,377,-284
115900183,87,10,77
115900184,921,21,900
115900187,8,117,-109
115900189,1,66,-65
115900190,783,403,380
115900191,41,649,-608
115900192,12,52,-40
115900193,223,36,187
115900194,181,13,168
115900195,466,639,-173
115900198,228,253,-25
115900199,92,351,-259
115900200,493,376,117
115900201,171,233,-62
115900202,3,11,-8
115900203,4,1,3
115900204,0,2,-2
115900205,23,5,18
115900206,28,147,-119
115900207,3,22,-19
115900208,29,466,-437
115900209,0,189,-189
115900210,3,189,-186
115900211,3,320,-317
115900212,43,420,-377
115900213,14,11,3
115900214,105,389,-284
115900215,12,20,-8
115900216,5,86,-81
115900217,4,57,-53
115900218,1,76,-75
115900219,20,2,18
115900220,44,14,30
115900221,12,2,10
115900222,15,15,0
115900223,6,36,-30
115900224,1871,209,1662
115900225,49,14,35
115900226,9,56,-47
115900227,6,32,-26
115900228,0,35,-35
115900229,8,52,-44
115900230,44,88,-44
115900231,66,2,64
115900232,30,0,30
115900233,26,10,16
115900234,51,11,40
115900235,2,19,-17
115900236,15,18,-3
115900237,0,52,-52
115900238,8,13,-5
115900239,2,47,-45
115900240,9,63,-54
115900241,43,114,-71
115900242,132,129,3
115900243,3,7,-4
115900244,6,22,-16
115900245,9,12,-3
115900246,138,3,135
115900247,7,3,4
115900248,14,1,13
115900249,3,12,-9
115900250,1,29,-28
115900251,0,10,-10
115900252,0,2,-2
115900253,4,58,-54
115900254,8,52,-44
115900255,4,4,0
115900256,10,6,4
115900257,0,2,-2
115900258,0,2,-2
115900259,2,1,1
115900260,5,2,3
115900261,13,4,9
115900262,0,1,-1
115900263,3,2,1
115900264,0,1,-1
115900265,0,3,-3
115900266,2,2,0
115900267,2,3,-1
115900268,3,6,-3
115900269,81,628,-547
115900270,112,948,-836
115900271,7,0,7
115900272,4,0,4
115900273,11,3,8
115900274,1,20,-19
115900275,0,28,-28
115900276,0,94,-94
115900277,0,128,-128
115900278,3,89,-86
115900279,1,130,-129
115900280,9,137,-128
115900281,388,58,330
116000001,22059,5043,17016
116000002,3517,4163,-646
116000003,1625,1985,-360
116000004,1165,1492,-327
116000005,2366,3068,-702
116000006,1264,831,433
116000007,4672,4438,234
116000008,3917,1278,2639
116000009,1847,3116,-1269
116000010,931,764,167
116000011,674,1924,-1250
116000012,407,501,-94
116000013,19520,4942,14578
116000014,22756,4479,18277
116000015,584,444,140
116000016,9787,1333,8454
116000017,42,299,-257
116000018,752,378,374
116000019,356,210,146
116000020,379,1354,-975
116000021,137,217,-80
116000022,270,528,-258
116000023,462,379,83
116000024,674,1744,-1070
116000025,353,373,-20
116000026,1281,2635,-1354
116000027,400,405,-5
116000028,364,431,-67
116000029,1220,605,615
116000030,204,224,-20
116000031,130,288,-158
116000032,122,360,-238
116000033,161,482,-321
116000034,401,866,-465
116000035,110,723,-613
116000036,1805,412,1393
116000037,425,266,159
116000038,474,249,225
116000039,612,334,278
116000040,883,284,599
116000041,396,662,-266
116000042,307,204,103
116000043,41,413,-372
116000044,2,32,-30
116000045,971,775,196
116000046,1174,957,217
116000047,1664,1741,-77
116000048,1647,1265,382
116000049,506,1519,-1013
116000050,924,1594,-670
116000051,1474,1369,105
116000052,2238,3473,-1235
116000053,914,972,-58
116000054,420,2716,-2296
116000055,272,1893,-1621
116000056,312,772,-460
116000057,3061,2672,389
116000058,3190,2097,1093
116000059,2521,2670,-149
116000060,3377,788,2589
116000061,173,839,-666
116000062,428,232,196
116000063,369,1278,-909
116000066,144,210,-66
116000067,176,647,-471
116000068,91,111,-20
116000069,168,589,-421
116000078,163,818,-655
116000080,884,1242,-358
116000082,7,196,-189
116000083,751,311,440
116000084,2144,4097,-1953
116000085,1446,729,717
116000086,2093,1363,730
116000087,768,748,20
116000088,778,1484,-706
116000089,116,68,48
116000090,123,185,-62
116000091,228,53,175
116000093,1371,512,859
116000094,346,827,-481
116000095,377,636,-259
116000096,437,1345,-908
116000097,346,890,-544
116000098,119,3720,-3601
116000099,9408,323,9085
116000100,49,7,42
116000101,265,1862,-1597
116000102,147,1468,-1321
116000103,320,270,50
116000104,100,1834,-1734
116000105,542,276,266
116000106,135,1402,-1267
116000107,916,578,338
116000108,7,192,-185
116000111,26,22,4
116000113,123,56,67
116000114,15,175,-160
116000115,106,50,56
116000116,166,686,-520
116000117,750,1448,-698
116000118,737,1672,-935
116000119,1335,1298,37
116000120,2010,5317,-3307
116000121,484,359,125
116000122,1130,3115,-1985
116000123,404,363,41
116000124,347,1442,-1095
116000125,1198,452,746
116000126,314,1737,-1423
116000127,982,1859,-877
116000128,797,656,141
116000129,292,187,105
116000130,155,164,-9
116000133,287,983,-696
116000134,961,3408,-2447
116000135,886,1282,-396
116000136,834,2607,-1773
116000137,374,597,-223
116000138,1802,544,1258
116000139,1466,2233,-767
116000140,57,269,-212
116000141,356,1215,-859
116000142,4099,4219,-120
116000143,1844,1388,456
116000144,1019,3693,-2674
116000145,1158,1686,-528
116000146,190,436,-246
116000147,200,155,45
116000148,138,358,-220
116000149,238,528,-290
116000151,348,1095,-747
116000153,30,285,-255
116000155,93,194,-101
116000156,1598,1141,457
116000157,21,29,-8
116000158,98,473,-375
116000159,5,9,-4
116000160,12,178,-166
116000161,25,158,-133
116000162,57,34,23
116000163,11,0,11
116000164,2,17,-15
116000177,30,82,-52
116000194,59,478,-419
116000195,930,641,289
116000196,3,2,1
116000197,7,4,3
116000198,1508,774,734
116000200,814,262,552
116000201,426,737,-311
116000202,8,326,-318
116000203,1,110,-109
116000204,8,49,-41
116000205,0,224,-224
116000206,1,131,-130
116000207,1,45,-44
116000233,114,952,-838
116000287,65,699,-634
116000288,45,245,-200
116000292,18,247,-229
116000296,10,152,-142
116000297,28,8,20
116000304,21,26,-5
116000305,5,195,-190
116000346,62,236,-174
116000352,27,68,-41
116000354,23,19,4
116000357,2,7,-5
116000358,74,35,39
116000361,133,10,123
116000372,11685,1860,9825
116000381,52,1,51
116000388,1,54,-53
116000389,399,528,-129
116000445,125,943,-818
116000446,145,1218,-1073
116000447,9,449,-440
116000448,529,267,262
116000563,951,370,581
116000565,71,547,-476
116000568,27,112,-85
116000579,30,181,-151
116000584,1,8,-7
116000585,11,2,9
116000586,233,85,148
116000587,90,563,-473
116000589,17,90,-73
116000590,55,59,-4
116000591,44,325,-281
116000592,18,217,-199
116000593,0,50,-50
116000594,187,892,-705
116000595,310,284,26
116000596,35,6,29
116000597,104,65,39
116000598,7,268,-261
116000602,155,129,26
116000605,157,185,-28
116000606,11,90,-79
116000607,1,63,-62
116000609,212,491,-279
116000611,30,702,-672
116000612,445,1805,-1360
116000613,141,306,-165
116000614,410,1015,-605
116000615,1,96,-95
116000616,26,180,-154
116000617,23,141,-118
116000618,2,283,-281
116000619,4,47,-43
116000620,25,32,-7
116000621,18,60,-42
116000622,13,99,-86
116000624,15,53,-38
116000627,3,34,-31
116000628,15,704,-689
116000629,11,715,-704
116000630,59,45,14
116000631,7,34,-27
116000632,85,500,-415
116000633,10,1213,-1203
116000634,85,9,76
116000635,1241,792,449
116900001,116,120,-4
116900002,283,4,279
116900003,4,118,-114
116900004,13,29,-16
116900005,57,34,23
116900006,214,171,43
116900007,53,201,-148
116900008,124,662,-538
116900009,9,1,8
116900010,14,2301,-2287
116900011,8,40,-32
116900012,139,207,-68
116900013,5,303,-298
116900014,25,488,-463
116900015,74,109,-35
116900016,37,0,37
116900017,2,973,-971
116900018,27,19,8
116900019,3,528,-525
116900020,1713,215,1498
116900023,39,7,32
116900024,110,94,16
116900025,276,1256,-980
116900026,156,797,-641
116900027,9,35,-26
116900028,3,139,-136
116900029,2,14,-12
116900031,1,7,-6
116900032,5,503,-498
116900033,1,10,-9
116900034,3,45,-42
116900035,84,240,-156
116900036,0,111,-111
116900038,26,1,25
116900041,17,5,12
116900042,1146,199,947
116900043,5,59,-54
116900045,224,42,182
116900047,79,32,47
116900049,37,225,-188
116900050,32,331,-299
116900051,41,342,-301
116900052,121,68,53
116900055,0,5,-5
116900057,18,294,-276
116900058,32,418,-386
116900059,2,207,-205
116900060,113,267,-154
116900062,0,7,-7
116900064,37,1165,-1128
116900065,6,87,-81
116900067,67,150,-83
116900068,72,631,-559
116900070,0,2,-2
116900072,9,625,-616
116900073,11,245,-234
116900074,3,60,-57
116900076,5,18,-13
116900077,12,211,-199
116900078,256,157,99
116900079,10,371,-361
116900080,7,28,-21
116900081,273,1687,-1414
116900082,147,1173,-1026
116900083,41,73,-32
116900084,111,26,85
116900085,19,143,-124
116900086,23,225,-202
116900088,339,54,285
116900090,146,81,65
116900091,109,159,-50
116900092,37,829,-792
116900093,2022,1455,567
116900094,7968,1512,6456
116900095,99,162,-63
116900096,62,72,-10
116900097,3580,1074,2506
116900098,1069,146,923
116900099,422,269,153
116900100,303,19,284
116900101,225,818,-593
116900103,0,1,-1
116900104,12,52,-40
116900105,137,30,107
116900106,512,430,82
116900107,4914,928,3986
116900110,4,1,3
116900111,133,1792,-1659
116900112,140,974,-834
116900113,3308,600,2708
116900116,61,190,-129
116900117,9,85,-76
116900118,1186,404,782
116900120,65,136,-71
116900121,14,55,-41
116900122,191,1216,-1025
116900123,63,1122,-1059
116900124,94,959,-865
116900125,118,299,-181
116900126,257,506,-249
116900128,6,42,-36
116900129,2,542,-540
116900130,1217,1990,-773
116900131,56,145,-89
116900132,14,69,-55
116900133,35,125,-90
116900134,148,234,-86
116900136,230,130,100
116900137,148,194,-46
116900138,75,201,-126
116900139,45,459,-414
116900140,89,194,-105
116900141,296,377,-81
116900142,1,16,-15
116900143,130,503,-373
116900144,5,28,-23
116900145,69,416,-347
116900147,438,258,180
116900148,4,25,-21
116900149,20,96,-76
116900150,5,3,2
116900151,29,9,20
116900153,44,76,-32
116900154,414,127,287
116900155,26,30,-4
116900157,108,327,-219
116900158,28,34,-6
116900159,23,169,-146
116900160,367,193,174
116900161,10896,3081,7815
116900162,3,178,-175
116900163,36,173,-137
116900164,16,29,-13
116900165,45,69,-24
116900166,5,120,-115
116900167,165,59,106
116900168,86,100,-14
116900169,427,125,302
116900170,91,192,-101
116900171,26,339,-313
116900172,180,52,128
116900173,33,55,-22
116900174,15,15,0
116900175,147,113,34
116900178,16,263,-247
116900179,48,50,-2
116900180,25,33,-8
116900182,184,233,-49
116900183,66,64,2
116900185,8,23,-15
116900186,58,530,-472
116900187,8,8,0
116900188,64,9,55
116900189,16,1,15
116900191,215,402,-187
116900192,153,173,-20
116900194,38,351,-313
116900195,18,10,8
116900196,4,155,-151
116900197,23,1,22
116900198,263,81,182
116900200,6,41,-35
116900201,17,3,14
116900202,137,70,67
116900203,49,1,48
116900204,33,44,-11
116900206,0,36,-36
116900207,6,33,-27
116900208,2,127,-125
116900209,7,147,-140
116900210,214,219,-5
116900211,183,18,165
116900212,6,87,-81
116900213,106,193,-87
116900214,43,181,-138
116900215,46,115,-69
116900216,110,453,-343
116900218,13,451,-438
116900219,721,424,297
116900220,100,213,-113
116900221,48,253,-205
116900222,257,368,-111
116900223,79,204,-125
116900226,21,63,-42
116900227,62,54,8
116900228,114,305,-191
116900230,16,467,-451
116900231,6,600,-594
116900232,5,574,-569
116900233,85,76,9
116900234,5,1,4
116900235,85,410,-325
116900238,1583,282,1301
116900239,13,583,-570
116900240,6296,1727,4569
116900241,22,197,-175
116900242,461,123,338
116900243,2,141,-139
116900245,17,28,-11
116900246,24,3,21
116900247,175,7,168
116900248,27,12,15
116900249,105,156,-51
116900250,106,60,46
116900251,401,104,297
116900252,27,1092,-1065
116900253,41,62,-21
116900254,5,103,-98
116900255,97,20,77
116900256,130,75,55
116900257,18,850,-832
116900258,7,507,-500
116900259,40,9,31
116900260,0,141,-141
116900261,5,4,1
116900262,49,122,-73
116900263,0,7,-7
116900264,0,0,0
116900265,4,1,3
116900266,7,55,-48
116900267,9,2,7
116900268,0,18,-18
116900269,256,586,-330
116900271,3827,82,3745
116900272,398,681,-283
116900273,234,24,210
116900274,29,70,-41
116900275,34,148,-114
116900276,918,41,877
116900277,795,16,779
116900278,8,15,-7
116900279,0,16,-16
116900280,4,25,-21
116900281,8979,1536,7443
116900282,2,169,-167
116900283,12,150,-138
116900284,12,259,-247
116900285,336,99,237
116900286,225,7,218
116900287,2,83,-81
116900288,23,135,-112
116900289,1,42,-41
116900290,0,46,-46
116900291,0,9,-9
116900292,0,5,-5
116900293,6,68,-62
116900294,14,109,-95
116900295,50,29,21
116900296,10,18,-8
116900297,0,23,-23
116900298,36,25,11
116900299,16,23,-7
116900300,75,176,-101
116900301,57,35,22
116900302,12,26,-14
116900303,531,19,512
116900304,0,81,-81
116900305,7,18,-11
116900306,23,68,-45
117000001,852,1039,-187
117000002,1193,4887,-3694
117000003,4692,2614,2078
117000004,4461,5480,-1019
117000005,891,1373,-482
117000006,819,4754,-3935
117000007,1822,1073,749
117000008,1237,4758,-3521
117000009,4013,1115,2898
117000010,2737,4733,-1996
117000011,966,1711,-745
117000012,887,2090,-1203
117000013,609,1241,-632
117000014,540,2594,-2054
117000015,2928,1267,1661
117000016,242,65,177
117000017,280,150,130
117000018,71,226,-155
117000019,118,1,117
117000020,671,862,-191
117000021,3682,297,3385
117000022,312,57,255
117000023,374,108,266
117000024,408,90,318
117000025,568,673,-105
117000026,1880,600,1280
117000027,2045,1240,805
117000028,1286,381,905
117000030,434,397,37
117000031,235,131,104
117000032,1564,1333,231
117000033,1235,1298,-63
117000034,171,305,-134
117000035,122,141,-19
117000036,246,204,42
117000037,101,147,-46
117000038,141,250,-109
117000039,160,292,-132
117000040,101,1794,-1693
117000041,590,135,455
117000044,19,1461,-1442
117000045,149,47,102
117000046,337,765,-428
117000047,250,586,-336
117000048,2264,1705,559
117000049,171,560,-389
117000050,95,3694,-3599
117000051,1201,166,1035
117000052,17,908,-891
117000053,112,78,34
117000054,954,4,950
117000055,17,4516,-4499
117000056,365,14,351
117000057,595,2138,-1543
117000060,348,2711,-2363
117000061,673,611,62
117000062,122,532,-410
117000063,682,513,169
117000064,936,653,283
117000066,1532,664,868
117000067,104,341,-237
117000074,144,104,40
117000076,153,61,92
117000077,118,56,62
117000078,90,580,-490
117000079,182,169,13
117000080,1,448,-447
117000081,445,141,304
117000082,9,52,-43
117000083,49,12,37
117000084,253,2,251
117000085,103,402,-299
117000086,1031,840,191
117000087,72,504,-432
117000088,233,200,33
117000089,1041,370,671
117000090,168,2041,-1873
117000091,335,369,-34
117000092,220,2369,-2149
117000093,521,700,-179
117000094,542,3202,-2660
117000095,1151,725,426
117000096,411,3455,-3044
117000097,609,1001,-392
117000098,2925,7106,-4181
117000099,1371,725,646
117000100,101,118,-17
117000101,237,1648,-1411
117000102,762,472,290
117000103,795,2320,-1525
117000104,756,465,291
117000105,648,2657,-2009
117000106,470,652,-182
117000107,424,3239,-2815
117000108,589,748,-159
117000109,1951,3793,-1842
117000110,770,535,235
117000111,2584,4242,-1658
117000112,1768,1783,-15
117000113,84,529,-445
117000114,73,117,-44
117000115,36,229,-193
117000116,72,269,-197
117000117,1266,319,947
117000118,122,154,-32
117000119,95,39,56
117000120,136,36,100
117000121,62,209,-147
117000122,437,604,-167
117000123,1473,23,1450
117000124,209,17,192
117000125,322,44,278
117000126,23,36,-13
117000127,142,331,-189
117000128,385,466,-81
117000129,302,30,272
117000130,50,2,48
117000131,0,20,-20
117000132,923,39,884
117000133,555,189,366
117000134,0,75,-75
117000135,5,23,-18
117000136,3,51,-48
117000137,40,55,-15
117000138,0,449,-449
117000140,327,2421,-2094
117000141,754,450,304
117000181,1159,298,861
117000182,173,124,49
117000195,144,1545,-1401
117000196,93,36,57
117000225,103,6,97
117000226,2,53,-51
117000276,86,5,81
117000277,1,663,-662
117000310,2144,2491,-347
117000315,22,353,-331
117000320,31,0,31
117000906,51,11,40
117000907,8,642,-634
117000908,31,17,14
117000909,42,31,11
117000910,192,121,71
117000911,98,278,-180
117000915,16,829,-813
117000916,19,0,19
117000917,435,13,422
117000918,24,30,-6
117000919,14,187,-173
117000920,3,2274,-2271
117000921,13,3097,-3084
117000922,26,99,-73
117000924,252,494,-242
117000926,1631,52,1579
117000927,918,226,692
117000928,1,295,-294
117000929,103,748,-645
117000930,59,12,47
117000931,424,38,386
117900002,147,320,-173
117900003,1137,260,877
117900005,0,1,-1
117900006,0,30,-30
117900007,53,220,-167
117900008,0,54,-54
117900010,92,180,-88
117900011,14,21,-7
117900012,23,232,-209
117900013,1,445,-444
117900014,95,351,-256
117900015,9,285,-276
117900016,1344,300,1044
117900017,149,551,-402
117900018,137,23,114
117900019,159,627,-468
117900020,36,156,-120
117900021,21,159,-138
117900022,12,22,-10
117900023,777,69,708
117900024,52,236,-184
117900025,27,25,2
117900026,143,490,-347
117900028,22,9,13
117900029,90,1186,-1096
117900030,152,131,21
117900031,71,36,35
117900032,408,205,203
117900033,84,1104,-1020
117900034,43,33,10
117900035,53,29,24
117900036,105,910,-805
117900037,26,152,-126
117900038,20,523,-503
117900039,5,112,-107
117900040,136,830,-694
117900041,3,72,-69
117900042,5116,413,4703
117900043,15,57,-42
117900044,5,1101,-1096
117900045,56,69,-13
117900048,108,400,-292
117900049,48,732,-684
117900050,6,19,-13
117900051,9,7,2
117900052,25,223,-198
117900053,612,800,-188
117900054,0,10,-10
117900055,73,65,8
117900056,280,16,264
117900057,859,1440,-581
117900058,51,2,49
117900059,506,76,430
117900060,434,6968,-6534
117900061,7,110,-103
117900063,78,224,-146
117900065,745,1256,-511
117900066,7,27,-20
117900067,176,363,-187
117900069,226,538,-312
117900070,103,6,97
117900071,37,129,-92
117900073,130,414,-284
117900074,88,3,85
117900075,25,92,-67
117900076,8,37,-29
117900077,205,160,45
117900078,166,316,-150
117900080,73,61,12
117900081,541,566,-25
117900082,160,141,19
117900083,116,813,-697
117900086,34,58,-24
117900087,65,83,-18
117900088,3073,1804,1269
117900089,890,282,608
117900090,146,914,-768
117900091,150,153,-3
117900092,12,64,-52
117900093,34,111,-77
117900094,7,2,5
117900095,67,683,-616
117900096,25,319,-294
117900097,154,106,48
117900098,4,3,1
117900099,91,615,-524
117900100,35,1,34
117900101,333,819,-486
117900102,18,67,-49
117900103,7,0,7
117900104,8,151,-143
117900105,107,217,-110
117900106,45,87,-42
117900107,5,0,5
117900109,179,340,-161
117900110,21,0,21
117900111,196,4,192
117900112,22,24,-2
117900113,4611,1476,3135
117900114,7,0,7
117900115,97,26,71
117900116,996,715,281
117900117,367,343,24
117900118,7,0,7
117900119,78,473,-395
117900120,141,153,-12
117900121,13,40,-27
117900122,1045,1165,-120
117900123,394,992,-598
117900124,633,604,29
117900125,1022,639,383
117900126,301,674,-373
117900127,203,847,-644
117900128,140,1199,-1059
117900129,18,0,18
117900130,767,357,410
117900131,2,137,-135
117900132,4,158,-154
117900133,3,238,-235
117900134,64,262,-198
117900135,21,342,-321
117900136,1,55,-54
117900137,54,503,-449
117900138,0,54,-54
117900139,50,135,-85
117900140,5622,121,5501
117900141,120,235,-115
117900142,13,17,-4
117900144,54,72,-18
117900145,29,5,24
117900146,75,67,8
117900147,20,68,-48
117900148,2834,1126,1708
117900149,22,224,-202
117900150,20,204,-184
117900151,14,209,-195
117900152,59,108,-49
117900153,10,72,-62
117900154,168,642,-474
117900156,623,556,67
117900157,43,375,-332
117900158,79,104,-25
117900160,269,288,-19
117900161,2729,2455,274
117900162,76,281,-205
117900163,50,24,26
117900165,0,6,-6
117900166,76,158,-82
117900168,62,180,-118
117900169,2,175,-173
117900170,3,31,-28
117900171,4,34,-30
117900172,9,47,-38
117900173,186,36,150
117900174,31,53,-22
117900175,6,31,-25
117900176,6,70,-64
117900177,7,52,-45
117900178,83,33,50
117900180,319,25,294
117900181,177,175,2
117900182,0,12,-12
117900183,9,137,-128
117900184,6,76,-70
117900185,12,26,-14
117900186,20,34,-14
117900187,12,6,6
117900188,235,16,219
117900189,85,10,75
117900190,6,0,6
117900191,41,0,41
117900192,56,0,56
117900193,20,35,-15
117900194,0,12,-12
117900195,15,19,-4
117900196,6,22,-16
117900207,79,63,16
117900208,44,49,-5
117900209,129,148,-19
117900210,141,137,4
117900211,7,240,-233
117900212,82,176,-94
117900213,5,16,-11
117900214,1,47,-46
117900215,5,26,-21
117900216,5,9,-4
117900217,67,34,33
117900218,116,61,55
117900219,4,27,-23
117900220,26,65,-39
117900222,46,208,-162
117900223,23,56,-33
118000001,496,362,134
118000002,1422,2045,-623
118000003,1041,805,236
118000004,2682,2269,413
118000005,6020,1391,4629
118000006,9279,6735,2544
118000007,7064,1848,5216
118000008,5650,2955,2695
118000009,2231,4275,-2044
118000010,5875,4823,1052
118000011,752,3842,-3090
118000012,1028,3804,-2776
118000013,3942,3738,204
118000014,2376,4100,-1724
118000016,239,789,-550
118000017,163,399,-236
118000018,210,926,-716
118000019,1757,1458,299
118000020,1254,1286,-32
118000021,675,1395,-720
118000022,2180,609,1571
118000023,1266,290,976
118000024,1604,562,1042
118000027,18921,4634,14287
118000029,1487,506,981
118000032,1624,1179,445
118000033,2788,2020,768
118000034,5141,1932,3209
118000035,1560,1455,105
118000036,880,1066,-186
118000037,523,990,-467
118000038,127,150,-23
118000039,83,465,-382
118000040,1250,2509,-1259
118000041,1504,1605,-101
118000045,821,154,667
118000046,1505,480,1025
118000047,1531,321,1210
118000048,3490,1223,2267
118000051,2629,714,1915
118000052,2190,525,1665
118000053,811,465,346
118000054,3809,1369,2440
118000055,3255,1363,1892
118000056,441,239,202
118000057,501,272,229
118000058,3350,971,2379
118000059,1676,690,986
118000060,645,908,-263
118000061,746,1270,-524
118000062,401,232,169
118000063,300,396,-96
118000064,778,1128,-350
118000065,5694,1352,4342
118000066,662,879,-217
118000067,1626,1019,607
118000068,1721,2642,-921
118000069,3378,1425,1953
118000070,9192,1558,7634
118000071,4096,4005,91
118000072,1956,881,1075
118000073,2861,377,2484
118000074,285,284,1
118000075,833,345,488
118000076,988,924,64
118000077,1228,1083,145
118000078,1487,1935,-448
118000079,363,518,-155
118000080,975,819,156
118000081,1114,1072,42
118000082,310,582,-272
118000083,2723,1009,1714
118000084,3010,1752,1258
118000086,89,784,-695
118000087,7200,2633,4567
118000088,2190,2368,-178
118000089,4234,3128,1106
118000090,2648,2182,466
118000091,2090,1707,383
118000092,1473,350,1123
118000093,148,574,-426
118000096,366,441,-75
118000097,493,452,41
118000098,199,243,-44
118000099,251,1221,-970
118000101,441,414,27
118000102,256,2167,-1911
118000107,3806,421,3385
118000108,397,547,-150
118000110,2,18,-16
118000111,3,765,-762
118000112,114,0,114
118000113,6,1168,-1162
118000114,60,1,59
118000115,17,3,14
118000116,10,0,10
118000117,1214,950,264
118000118,571,677,-106
118000119,721,1405,-684
118000120,1274,1665,-391
118000121,33,511,-478
118000122,702,125,577
118000123,24,248,-224
118000125,1804,1351,453
118000126,443,1972,-1529
118000127,1391,665,726
118000128,635,1202,-567
118000129,606,270,336
118000130,3733,5922,-2189
118000131,665,1404,-739
118000132,2279,1597,682
118000133,311,501,-190
118000135,321,315,6
118000136,115,672,-557
118000137,507,86,421
118000138,166,1131,-965
118000139,115,119,-4
118000140,2258,2594,-336
118000141,1447,2186,-739
118000142,917,2624,-1707
118000143,841,987,-146
118000144,1736,1054,682
118000145,1161,3831,-2670
118000146,822,2215,-1393
118000147,552,2386,-1834
118000148,241,1349,-1108
118000149,506,1271,-765
118000150,201,231,-30
118000151,130,405,-275
118000153,470,1309,-839
118000154,468,1705,-1237
118000155,483,1385,-902
118000156,2306,2352,-46
118000157,328,420,-92
118000158,85,599,-514
118000159,23,57,-34
118000160,240,489,-249
118000161,242,1399,-1157
118000162,1111,738,373
118000163,361,709,-348
118000164,2132,1566,566
118000168,1922,223,1699
118000169,1169,2259,-1090
118000170,4447,8990,-4543
118000171,194,786,-592
118000172,63,322,-259
118000173,588,1149,-561
118000175,201,228,-27
118000176,145,385,-240
118000177,169,520,-351
118000178,42,27,15
118000179,2027,650,1377
118000180,748,838,-90
118000181,675,460,215
118000182,164,366,-202
118000183,162,238,-76
118000184,347,1513,-1166
118000185,1203,727,476
118000186,563,861,-298
118000187,519,1376,-857
118000188,198,336,-138
118000189,250,949,-699
118000190,3,10,-7
118000191,10,47,-37
118000192,171,181,-10
118000193,61,217,-156
118000194,2004,1058,946
118000195,794,522,272
118000196,283,72,211
118000197,189,78,111
118000198,698,317,381
118000199,507,276,231
118000200,41,219,-178
118000201,305,329,-24
118000202,19,54,-35
118000203,1402,289,1113
118000204,147,186,-39
118000205,270,319,-49
118000206,110,236,-126
118000207,0,116,-116
118000208,913,1616,-703
118000209,1032,2158,-1126
118000210,18,27,-9
118000211,3,27,-24
118000213,730,730,0
118000214,563,227,336
118000215,189,307,-118
118000216,989,3373,-2384
118000217,18,230,-212
118000218,29,151,-122
118000219,472,416,56
118000220,1,16,-15
118000221,58,195,-137
118000222,85,24,61
118000223,10,51,-41
118000224,243,186,57
118000225,68,929,-861
118000226,276,93,183
118000227,1169,400,769
118000228,250,115,135
118000229,126,21,105
118000230,36,309,-273
118000231,27,201,-174
118000232,423,1290,-867
118000233,463,974,-511
118000234,144,351,-207
118000236,167,468,-301
118000237,37,830,-793
118000238,51,377,-326
118000239,229,345,-116
118000240,615,61,554
118000241,79,344,-265
118000242,308,841,-533
118000243,68,208,-140
118000244,13,230,-217
118000246,0,13,-13
118000255,26,200,-174
118000256,38,216,-178
118000259,2,84,-82
118000260,97,106,-9
118000261,9,174,-165
118000263,47,221,-174
118000266,72,472,-400
118000267,2,106,-104
118000268,93,2,91
118000270,21,50,-29
118000271,85,401,-316
118000272,34,52,-18
118000273,34,79,-45
118000274,58,434,-376
118000276,187,354,-167
118000295,1,57,-56
118000298,139,635,-496
118000299,32,321,-289
118000301,1,58,-57
118000302,57,128,-71
118000311,90,166,-76
118000312,75,252,-177
118000313,38,229,-191
118000314,55,80,-25
118000315,24,68,-44
118000316,386,568,-182
118000325,18,111,-93
118000326,11,40,-29
118000331,13,90,-77
118000332,5,68,-63
118000333,7,93,-86
118000335,43,0,43
118000336,5,464,-459
118000407,73,84,-11
118000457,5,43,-38
118000465,3568,2247,1321
118000480,10,184,-174
118000489,59,102,-43
118000490,103,629,-526
118000492,157,213,-56
118000510,96,36,60
118000514,118,410,-292
118000515,411,250,161
118000517,464,215,249
118000524,747,141,606
118000525,887,1116,-229
118000530,41,129,-88
118000531,79,250,-171
118000532,120,459,-339
118000533,253,169,84
118000534,251,544,-293
118000535,82,100,-18
118000536,710,278,432
118000537,18,81,-63
118000538,17,97,-80
118000539,40,148,-108
118000540,237,352,-115
118000541,138,146,-8
118000542,72,165,-93
118000543,132,220,-88
118000546,6,34,-28
118000560,4147,535,3612
118000562,13,411,-398
118000563,2084,1677,407
118000576,45,256,-211
118000577,119,208,-89
118000578,96,90,6
118000579,763,1094,-331
118000595,90,88,2
118000596,0,70,-70
118000597,50,216,-166
118000598,5,0,5
118000599,20,33,-13
118000600,0,48,-48
118000601,4,0,4
118000602,0,34,-34
118000603,0,16,-16
118900001,1502,524,978
118900002,1191,460,731
118900003,60,11,49
118900004,20,72,-52
118900005,49,0,49
118900006,27,0,27
118900007,2,1,1
118900008,988,33,955
118900009,14,8,6
118900010,8,3,5
118900011,93,17,76
118900012,286,261,25
118900013,710,37,673
118900015,101,36,65
118900016,2,16,-14
118900017,76,65,11
118900018,1279,12,1267
118900019,37,7,30
118900020,66,98,-32
118900021,75,333,-258
118900022,56,131,-75
118900023,40,99,-59
118900024,34,171,-137
118900025,14,21,-7
118900026,36,111,-75
118900027,312,196,116
118900028,46,152,-106
118900029,62,446,-384
118900030,41,65,-24
118900031,53,137,-84
118900032,37,224,-187
118900033,247,745,-498
118900034,22,3,19
118900035,109,345,-236
118900036,424,718,-294
118900037,192,296,-104
118900038,143,498,-355
118900039,139,326,-187
118900040,96,179,-83
118900041,98,174,-76
118900042,52,93,-41
118900045,133,111,22
118900046,839,114,725
118900047,836,155,681
118900048,46,113,-67
118900049,43,28,15
118900050,7,199,-192
118900051,21,51,-30
118900052,160,265,-105
118900053,24,106,-82
118900054,41,66,-25
118900055,18,117,-99
118900056,19,69,-50
118900057,111,284,-173
118900058,189,470,-281
118900059,7,75,-68
118900060,15,108,-93
118900062,27,218,-191
118900064,628,269,359
118900065,18,110,-92
118900066,31,96,-65
118900067,9093,2808,6285
118900068,3,90,-87
118900069,168,265,-97
118900071,6,48,-42
118900072,185,439,-254
118900073,24,111,-87
118900074,43,118,-75
118900075,19,66,-47
118900076,80,49,31
118900077,95,172,-77
118900078,12,4,8
118900079,48,133,-85
118900080,4,69,-65
118900081,27,23,4
118900082,169,122,47
118900083,3,26,-23
118900084,0,18,-18
118900085,361,818,-457
118900086,10,25,-15
118900087,6,103,-97
118900088,1,40,-39
118900089,5,28,-23
118900090,315,472,-157
118900091,148,71,77
118900092,62,109,-47
118900093,85,7,78
118900096,36,7,29
118900097,88,710,-622
118900099,22,254,-232
118900100,91,189,-98
118900101,24,932,-908
118900102,8,57,-49
118900103,47,37,10
118900104,12,34,-22
118900105,124,165,-41
118900107,222,121,101
118900108,42,136,-94
118900110,1876,241,1635
118900111,173,647,-474
118900112,18,92,-74
118900113,23,750,-727
118900114,15,105,-90
118900115,84,362,-278
118900116,49,234,-185
118900117,43,209,-166
118900118,122,657,-535
118900119,39,363,-324
118900120,66,300,-234
118900121,1,376,-375
118900122,8,386,-378
118900123,78,254,-176
118900124,48,213,-165
118900126,8,192,-184
118900129,88,169,-81
118900130,19,30,-11
118900131,32,332,-300
118900132,186,184,2
118900133,3,71,-68
118900135,87,268,-181
118900136,209,960,-751
118900137,1,10,-9
118900139,64,657,-593
118900140,328,1130,-802
118900141,75,365,-290
118900144,43,820,-777
118900145,51,227,-176
118900146,193,885,-692
118900147,47,67,-20
118900148,23,73,-50
118900150,78,208,-130
118900152,230,1136,-906
118900157,105,137,-32
118900158,31,136,-105
118900159,2,227,-225
118900161,29,4,25
118900163,207,95,112
118900164,4,114,-110
118900165,30,508,-478
118900166,60,5,55
118900167,35,235,-200
118900168,6,72,-66
118900169,47,630,-583
118900170,52,144,-92
118900171,2,19,-17
118900174,22,83,-61
118900175,86,318,-232
118900176,42,184,-142
118900177,13,70,-57
118900178,12,167,-155
118900179,0,66,-66
118900181,47,124,-77
118900182,101,32,69
118900183,7,54,-47
118900184,164,85,79
118900185,31,139,-108
118900186,33,105,-72
118900187,87,287,-200
118900188,144,277,-133
118900189,13,316,-303
118900190,9,782,-773
118900191,31,30,1
118900192,85,38,47
118900193,88,10,78
118900195,267,1139,-872
118900196,11,168,-157
118900197,39,85,-46
118900198,3,54,-51
118900199,6,55,-49
118900200,15,8,7
118900201,4,9,-5
118900202,7,78,-71
118900203,2,64,-62
118900204,7,54,-47
118900205,4,16,-12
118900206,1,45,-44
119000001,810,950,-140
119000002,3778,2456,1322
119000003,1479,1886,-407
119000004,1590,1265,325
119000005,1074,1401,-327
119000006,1048,1424,-376
119000007,2412,2887,-475
119000008,1480,2659,-1179
119000009,5504,2429,3075
119000010,13822,4361,9461
119000011,8023,1846,6177
119000012,8185,3358,4827
119000013,2752,1244,1508
119000014,2869,4270,-1401
119000019,137,228,-91
119000020,903,1451,-548
119000021,2202,2199,3
119000022,4248,1359,2889
119000023,301,202,99
119000024,3094,5434,-2340
119000025,16368,1521,14847
119000026,436,236,200
119000027,1043,423,620
119000028,2317,1565,752
119000029,155,249,-94
119000030,446,1586,-1140
119000031,599,904,-305
119000032,2984,2808,176
119000033,1836,2145,-309
119000034,909,1414,-505
119000035,29,505,-476
119000036,588,1592,-1004
119000037,689,3335,-2646
119000038,90,1505,-1415
119000039,109,440,-331
119000040,1315,527,788
119000041,1035,1003,32
119000048,4760,4804,-44
119000049,1157,4678,-3521
119000050,1514,2857,-1343
119000051,1574,979,595
119000052,2316,3392,-1076
119000053,1730,1227,503
119000054,2356,4850,-2494
119000055,1789,4203,-2414
119000056,1346,2460,-1114
119000057,1228,3222,-1994
119000058,1512,2897,-1385
119000059,804,2151,-1347
119000060,860,906,-46
119000061,850,1092,-242
119000062,925,1755,-830
119000063,163,300,-137
119000064,1204,2220,-1016
119000065,1812,4219,-2407
119000066,1566,1108,458
119000067,1710,3402,-1692
119000068,1091,1258,-167
119000069,981,3422,-2441
119000070,1335,1422,-87
119000071,650,1362,-712
119000072,7401,4852,2549
119000073,5982,6063,-81
119000074,559,5016,-4457
119000075,620,3127,-2507
119000076,636,1177,-541
119000077,849,700,149
119000078,300,349,-49
119000079,95,1002,-907
119000080,96,372,-276
119000081,253,623,-370
119000082,543,414,129
119000083,190,435,-245
119000084,224,829,-605
119000085,642,380,262
119000086,192,539,-347
119000087,1591,1299,292
119000088,182,257,-75
119000089,48,175,-127
119000090,206,164,42
119000091,185,329,-144
119000092,860,215,645
119000093,4257,4591,-334
119000094,1555,4922,-3367
119000095,980,3733,-2753
119000097,4815,1921,2894
119000098,588,1315,-727
119000099,2034,2146,-112
119000100,1831,2164,-333
119000101,3558,3238,320
119000102,710,564,146
119000103,1676,533,1143
119000104,3849,1836,2013
119000105,582,880,-298
119000106,175,2766,-2591
119000107,296,531,-235
119000108,151,1795,-1644
119000109,106,419,-313
119000110,677,685,-8
119000111,52,560,-508
119000112,249,201,48
119000113,3563,316,3247
119000114,746,519,227
119000115,130,91,39
119000116,112,99,13
119000117,101,259,-158
119000118,4,3,1
119000123,2335,578,1757
119000124,217,253,-36
119000125,1221,1474,-253
119000126,136,1323,-1187
119000127,199,1469,-1270
119000128,101,6,95
119000131,369,1468,-1099
119000132,2,7,-5
119000133,1,10,-9
119000134,4110,592,3518
119000135,27,258,-231
119000136,60,408,-348
119000137,44,828,-784
119000138,112,703,-591
119000139,126,451,-325
119000140,86,236,-150
119000284,1620,2864,-1244
119000285,2994,2695,299
119000286,6942,6247,695
119000287,1719,3148,-1429
119000288,1293,2573,-1280
119000289,2629,5722,-3093
119000290,214,717,-503
119000291,6,480,-474
119000293,59,201,-142
119000294,27,37,-10
119000295,2387,762,1625
119000296,94,194,-100
119000302,5534,1498,4036
119000303,33,158,-125
119000314,1561,4998,-3437
119000315,8,1056,-1048
119000316,37,142,-105
119000317,20,754,-734
119900001,102,631,-529
119900002,33,323,-290
119900003,27,1730,-1703
119900004,358,236,122
119900005,74,188,-114
119900006,76,330,-254
119900007,471,60,411
119900008,118,37,81
119900009,254,665,-411
119900010,1978,1407,571
119900011,21,47,-26
119900012,10,50,-40
119900013,1423,629,794
119900014,1023,324,699
119900015,42,25,17
119900016,17,101,-84
119900017,24,52,-28
119900018,1239,141,1098
119900019,16,6,10
119900020,63,254,-191
119900021,67,92,-25
119900022,95,214,-119
119900023,968,284,684
119900025,39,19,20
119900026,928,63,865
119900027,16,60,-44
119900028,83,41,42
119900029,2,15,-13
119900030,532,456,76
119900031,17,151,-134
119900033,3142,184,2958
119900034,78,168,-90
119900037,19,34,-15
119900038,24,111,-87
119900039,21,0,21
119900040,23,9,14
119900041,42,54,-12
119900042,80,130,-50
119900043,10,230,-220
119900044,133,272,-139
119900046,49,112,-63
119900047,132,33,99
119900048,6,52,-46
119900049,13,13,0
119900050,71,44,27
119900051,134,10,124
119900052,13,86,-73
119900053,56,205,-149
119900054,18,4,14
119900055,479,241,238
119900057,59,118,-59
119900058,56,2,54
119900059,147,36,111
119900060,83,8,75
119900062,22,41,-19
119900063,14,41,-27
119900064,176,40,136
119900065,64,1,63
119900066,1,0,1
119900067,42,42,0
119900068,112,1,111
119900069,22,16,6
119900070,171,8,163
119900071,159,3,156
119900073,2117,568,1549
119900074,41,21,20
119900075,6699,1740,4959
119900076,150,673,-523
119900077,176,1896,-1720
119900078,152,970,-818
119900079,49,450,-401
119900080,497,1511,-1014
119900081,23,75,-52
119900082,339,537,-198
119900083,269,132,137
119900084,346,147,199
119900085,175,64,111
119900086,8,84,-76
119900087,165,174,-9
119900088,30,106,-76
119900089,7,800,-793
119900090,215,90,125
119900091,16,1491,-1475
119900092,10,579,-569
119900093,657,109,548
119900094,16,240,-224
119900095,140,66,74
119900096,96,93,3
119900097,313,163,150
119900098,19,42,-23
119900099,44,450,-406
119900100,3425,1501,1924
119900101,176,853,-677
119900102,21,482,-461
119900103,25,706,-681
119900104,21,335,-314
119900105,703,2205,-1502
119900106,9,338,-329
119900107,326,4527,-4201
119900108,2101,911,1190
119900109,10,344,-334
119900110,372,924,-552
119900111,59,477,-418
119900112,3606,537,3069
119900113,71,742,-671
119900114,150,2559,-2409
119900115,64,1641,-1577
119900116,153,237,-84
119900117,139,1497,-1358
119900118,10,1571,-1561
119900119,71,457,-386
119900120,706,861,-155
119900121,119,2171,-2052
119900122,208,481,-273
119900123,187,263,-76
119900124,26,1527,-1501
119900125,46,558,-512
119900126,8110,259,7851
119900127,2986,1044,1942
119900128,216,1391,-1175
119900129,57,1295,-1238
119900130,35,361,-326
119900131,20,548,-528
119900132,1,551,-550
119900133,4,24,-20
119900134,2855,336,2519
119900135,0,729,-729
119900136,181,822,-641
119900138,418,893,-475
119900139,31,98,-67
119900140,2,219,-217
119900141,148,376,-228
119900142,9,30,-21
119900143,15,226,-211
119900144,3140,306,2834
119900145,74,399,-325
119900146,216,113,103
119900147,0,99,-99
119900148,52,51,1
119900149,2493,2753,-260
119900150,144,255,-111
119900151,1714,1007,707
119900152,51,637,-586
119900153,67,49,18
119900154,5,403,-398
119900155,21,15,6
119900156,11,1,10
119900157,43,433,-390
119900158,42,91,-49
119900159,9,2118,-2109
119900160,6,400,-394
119900161,116,363,-247
119900162,407,515,-108
119900163,113,71,42
119900164,0,0,0
119900165,48,441,-393
119900166,48,46,2
119900167,65,189,-124
119900168,282,427,-145
119900169,153,135,18
119900170,167,165,2
119900171,619,752,-133
119900172,133,30,103
119900173,4,660,-656
119900174,7,408,-401
119900175,437,784,-347
119900177,21,282,-261
119900178,17,286,-269
119900179,30,175,-145
119900180,510,681,-171
119900181,14,46,-32
119900182,3,773,-770
119900183,101,1329,-1228
119900184,3998,625,3373
119900185,12,73,-61
119900186,53,259,-206
119900187,5,911,-906
119900188,17,379,-362
119900189,386,164,222
119900190,45,133,-88
119900191,157,93,64
119900192,3,264,-261
119900193,90,222,-132
119900194,6,22,-16
119900195,19,391,-372
119900196,2638,580,2058
119900197,78,109,-31
119900198,124,611,-487
119900199,202,16,186
119900200,196,722,-526
119900201,541,316,225
119900202,268,76,192
119900203,73,243,-170
119900204,109,416,-307
119900205,170,855,-685
119900206,31,177,-146
119900208,72,196,-124
119900209,260,455,-195
119900210,13,37,-24
119900211,65,14,51
119900212,79,338,-259
119900213,3,50,-47
119900214,5,141,-136
119900215,17,157,-140
119900216,14,193,-179
119900217,13,91,-78
119900218,19,61,-42
119900219,1,155,-154
119900220,3,187,-184
119900221,22,536,-514
119900222,13,441,-428
119900223,17,176,-159
119900224,37,44,-7
119900225,1801,50,1751
119900226,1542,1014,528
119900227,1979,384,1595
119900228,191,476,-285
119900229,205,474,-269
119900230,1705,715,990
119900231,37,261,-224
119900232,100,41,59
119900233,13,1,12
119900234,10,26,-16
119900235,10,16,-6
119900236,7,299,-292
119900237,71,716,-645
119900238,0,120,-120
119900240,33,219,-186
119900241,136,386,-250
119900242,2104,671,1433
119900244,902,1722,-820
119900245,38,156,-118
119900246,198,214,-16
119900247,14,37,-23
119900248,34,46,-12
119900249,124,44,80
119900253,5722,411,5311
119900254,29,163,-134
119900255,72,756,-684
119900256,130,1857,-1727
119900257,10,1,9
119900258,61,144,-83
119900259,3,278,-275
119900260,32,2,30
119900261,88,279,-191
119900262,0,451,-451
119900263,877,432,445
119900264,30,373,-343
119900265,163,677,-514
119900266,85,302,-217
119900267,62,540,-478
119900268,86,412,-326
119900269,218,2580,-2362
119900271,27,92,-65
119900272,96,33,63
119900275,71,12,59
119900276,7,8,-1
119900277,2,0,2
119900278,223,31,192
119900279,101,92,9
119900280,1112,179,933
119900281,0,44,-44
119900282,39,22,17
119900283,6,452,-446
119900284,43,369,-326
119900285,138,145,-7
119900286,23,24,-1
119900288,2,38,-36
119900289,0,35,-35
119900290,0,45,-45
119900291,1,43,-42
119900292,17,7,10
119900293,11,60,-49
119900294,11,84,-73
119900295,1,43,-42
119900296,18,402,-384
119900297,2,25,-23
119900298,1,6,-5
119900299,21,389,-368
119900300,113,302,-189
119900301,75,22,53
119900302,33,35,-2
119900303,170,365,-195
119900304,50,43,7
119900305,32,114,-82
119900306,18,1,17
119900307,15,206,-191
119900308,3,17,-14
119900309,6,37,-31
119900310,252,312,-60
119900311,18,233,-215
119900312,21,88,-67
119900313,116,461,-345
119900314,55,255,-200
119900315,292,3746,-3454
119900318,1,11,-10
119900319,3,519,-516
119900320,153,938,-785
119900321,16,2,14
119900322,4,1,3
119900323,0,11,-11
119900324,0,1,-1
119900325,0,36,-36
120000001,8454,6813,1641
120000002,2321,4206,-1885
120000003,3998,2707,1291
120000004,3465,3392,73
120000005,6421,2746,3675
120000006,1563,1588,-25
120000007,3657,2743,914
120000008,1123,1717,-594
120000009,6464,1267,5197
120000010,1240,4286,-3046
120000011,884,2764,-1880
120000012,1639,4008,-2369
120000013,1704,3408,-1704
120000014,449,2066,-1617
120000015,1992,2058,-66
120000016,2416,2299,117
120000017,1829,1585,244
120000018,6472,6278,194
120000019,740,997,-257
120000020,2612,2140,472
120000021,2383,1700,683
120000022,3582,3278,304
120000023,652,1804,-1152
120000024,1426,2591,-1165
120000025,1695,2888,-1193
120000026,789,2292,-1503
120000027,1063,1855,-792
120000028,648,447,201
120000029,4827,584,4243
120000030,1027,905,122
120000031,2235,6572,-4337
120000032,13967,4151,9816
120000033,2107,2094,13
120000034,918,3266,-2348
120000035,1151,3347,-2196
120000036,2215,4360,-2145
120000037,474,841,-367
120000038,14601,3797,10804
120000039,519,1203,-684
120000040,154,195,-41
120000041,516,2973,-2457
120000042,1745,7281,-5536
120000043,4716,4124,592
120000044,2332,1368,964
120000045,2596,1152,1444
120000046,1209,1981,-772
120000047,2698,3057,-359
120000048,10720,3212,7508
120000049,2000,3059,-1059
120000050,2380,5344,-2964
120000051,4569,4570,-1
120000052,19990,3158,16832
120000053,801,5652,-4851
120000054,1767,8871,-7104
120000055,854,5702,-4848
120000056,3958,6964,-3006
120000057,1982,1381,601
120000058,437,212,225
120000059,110,1363,-1253
120000061,52,787,-735
120000062,205,340,-135
120000063,2440,4587,-2147
120000064,306,2582,-2276
120000065,677,2499,-1822
120000066,87,656,-569
120000067,45,823,-778
120000068,128,1648,-1520
120000069,442,2327,-1885
120000070,25,1445,-1420
120000071,144,214,-70
120000072,169,632,-463
120000073,131,145,-14
120000074,105,102,3
120000075,209,261,-52
120000076,806,352,454
120000077,969,448,521
120000078,4409,601,3808
120000079,70,138,-68
120000080,37,115,-78
120000081,253,120,133
120000082,139,179,-40
120000083,39,175,-136
120000084,501,724,-223
120000085,468,483,-15
120000086,148,799,-651
120000087,81,1580,-1499
120000088,658,1453,-795
120000089,685,573,112
120000090,394,547,-153
120000091,462,949,-487
120000092,735,633,102
120000093,172,520,-348
120000094,66,412,-346
120000095,661,1001,-340
120000096,189,1781,-1592
120000098,559,1454,-895
120000099,147,1022,-875
120000100,539,1232,-693
120000101,303,670,-367
120000102,235,376,-141
120000103,606,395,211
120000104,793,264,529
120000105,903,240,663
120000106,1035,262,773
120000107,1081,412,669
120000108,308,106,202
120000109,394,58,336
120000110,57,1156,-1099
120000111,103,1928,-1825
120000112,520,5941,-5421
120000113,472,4192,-3720
120000114,382,3162,-2780
120000115,281,2747,-2466
120000116,583,2527,-1944
120000117,1479,2039,-560
120000118,20,9,11
120000119,59,56,3
120000120,39,22,17
120000121,25,29,-4
120000122,184,195,-11
120000123,8684,2076,6608
120000124,254,545,-291
120000125,236,759,-523
120000126,253,481,-228
120000127,1096,521,575
120000128,2439,1610,829
120000129,308,268,40
120000130,608,780,-172
120000131,163,469,-306
120000134,329,2000,-1671
120000135,81,460,-379
120000137,77,3377,-3300
120000138,179,792,-613
120000139,99,1578,-1479
120000140,196,951,-755
120000141,107,838,-731
120000142,158,867,-709
120000143,0,214,-214
120000144,22,0,22
120000145,68,0,68
120000146,1974,571,1403
120000149,402,1239,-837
120000150,7432,8747,-1315
120000151,483,431,52
120000152,225,450,-225
120000153,163,1271,-1108
120000154,471,450,21
120000155,116,127,-11
120000156,1939,408,1531
120000157,796,810,-14
120000158,574,1267,-693
120000159,2172,2907,-735
120000160,2156,1275,881
120000161,834,3063,-2229
120000162,68,237,-169
120000163,204,1989,-1785
120000164,195,669,-474
120000165,165,1420,-1255
120000166,396,851,-455
120000167,15,33,-18
120000168,10,109,-99
120000169,93,212,-119
120000170,99,140,-41
120000171,14,59,-45
120000172,24,15,9
120000173,2879,141,2738
120000174,345,6,339
120000175,514,6,508
120000176,143,61,82
120000177,1814,413,1401
120000178,117,10,107
120000179,461,12,449
120000180,798,55,743
120000181,178,97,81
120000182,66,97,-31
120000183,7,199,-192
120000184,167,2216,-2049
120000186,31,66,-35
120000187,41,32,9
120000188,228,62,166
120000190,1439,9,1430
120000191,2137,13,2124
120000192,2522,11,2511
120000193,1345,3,1342
120000195,143,4,139
120000196,461,56,405
120000197,114,193,-79
120000198,59,186,-127
120000199,32,0,32
120000200,19,0,19
120000201,3,6,-3
120000202,1,55,-54
120000203,26,534,-508
120000207,4,190,-186
120000208,11,430,-419
120000209,1,164,-163
120000210,271,116,155
120000211,36,2,34
120000212,22,2,20
120000213,50,581,-531
120000214,1,634,-633
120000215,2,219,-217
120000216,25,1,24
120000217,1182,1997,-815
120000218,283,1984,-1701
120000219,12,1374,-1362
120000220,30,4316,-4286
120000225,421,0,421
120000226,184,7,177
120000227,755,19,736
120000228,11287,1818,9469
120000230,82,1,81
120000231,382,3612,-3230
120000233,86,13,73
120000235,104,894,-790
120000236,346,1,345
120000237,12,3553,-3541
120000238,0,114,-114
120000241,1072,2485,-1413
120000412,2355,26,2329
120000413,90,616,-526
120000414,23,0,23
120000415,1,273,-272
120000416,36,8,28
120000417,0,151,-151
120000418,43,6,37
120000419,9,629,-620
120000420,46,45,1
120000421,20086,7427,12659
120000422,285,307,-22
120000423,2,65,-63
120000424,25,248,-223
120000436,92,267,-175
120000437,233,194,39
120000438,6490,343,6147
120000439,101,198,-97
120000443,73,0,73
120000444,364,748,-384
120000445,1286,1220,66
120000446,1002,309,693
120000447,89,10,79
120000449,32,17,15
120000450,10,563,-553
120000451,66,229,-163
120000452,86,2,84
120000453,2,578,-576
120000454,62,16,46
120000455,29,73,-44
120000456,4522,2587,1935
120000457,1971,1307,664
120000458,522,854,-332
120000459,92,79,13
120000665,1469,186,1283
120000668,93,149,-56
120000669,65,597,-532
120000670,290,492,-202
120000671,385,238,147
120000672,111,507,-396
120900001,44,15,29
120900002,112,242,-130
120900003,123,26,97
120900004,2,33,-31
120900005,7,1997,-1990
120900006,67,202,-135
120900007,88,260,-172
120900008,72,1579,-1507
120900009,52,30,22
120900010,140,28,112
120900011,333,94,239
120900012,1396,559,837
120900013,112,27,85
120900014,9,1092,-1083
120900015,404,98,306
120900016,195,61,134
120900017,4388,152,4236
120900018,43,641,-598
120900019,237,61,176
120900020,494,357,137
120900021,252,36,216
120900022,16,537,-521
120900023,72,59,13
120900024,1558,435,1123
120900025,2708,828,1880
120900026,40,223,-183
120900027,631,115,516
120900028,91,42,49
120900029,59,171,-112
120900030,441,482,-41
120900031,55,26,29
120900032,310,206,104
120900033,295,16,279
120900034,33,1615,-1582
120900035,25,290,-265
120900037,33,9,24
120900038,19,57,-38
120900039,18,14,4
120900040,56,2,54
120900041,112,32,80
120900042,72,79,-7
120900043,17,8,9
120900044,3,576,-573
120900045,132,214,-82
120900046,103,2,101
120900047,70,27,43
120900048,36,7,29
120900049,99,0,99
120900050,4977,608,4369
120900051,138,115,23
120900052,137,3,134
120900053,83,113,-30
120900054,1439,965,474
120900055,74,0,74
120900056,100,3,97
120900057,57,11,46
120900058,113,0,113
120900059,9,0,9
120900060,22,39,-17
120900061,211,346,-135
120900062,58,2,56
120900063,118,0,118
120900064,119,0,119
120900065,89,9,80
120900066,53,370,-317
120900067,78,18,60
120900068,60,0,60
120900069,71,97,-26
120900071,11,0,11
120900072,202,1,201
120900073,103,346,-243
120900074,173,6,167
120900076,73,0,73
120900077,5280,377,4903
120900078,256,730,-474
120900079,143,118,25
120900080,147,3556,-3409
120900081,182,1637,-1455
120900082,594,305,289
120900083,22,5,17
120900084,94,159,-65
120900085,103,80,23
120900086,183,180,3
120900087,159,61,98
120900088,125,161,-36
120900089,6204,901,5303
120900090,41,174,-133
120900091,325,242,83
120900092,504,961,-457
120900093,5885,381,5504
120900094,513,285,228
120900095,195,29,166
120900096,26,116,-90
120900097,695,1714,-1019
120900098,320,251,69
120900099,34,98,-64
120900100,75,483,-408
120900101,298,435,-137
120900102,16,144,-128
120900103,21,155,-134
120900104,15,51,-36
120900105,36,1248,-1212
120900106,1552,716,836
120900107,527,280,247
120900108,0,1392,-1392
120900109,21,1002,-981
120900110,2,726,-724
120900111,129,494,-365
120900112,9,2021,-2012
120900113,7,1428,-1421
120900114,14,314,-300
120900115,120,96,24
120900116,51,880,-829
120900117,1,757,-756
120900118,4,1413,-1409
120900119,5475,4023,1452
120900120,31,1072,-1041
120900121,92,509,-417
120900122,62,953,-891
120900123,1,752,-751
120900124,1,946,-945
120900125,4,1512,-1508
120900126,1179,855,324
120900127,4,774,-770
120900128,912,1004,-92
120900129,65,719,-654
120900130,5,839,-834
120900131,17,62,-45
120900132,206,575,-369
120900133,208,1718,-1510
120900134,203,685,-482
120900135,8,1051,-1043
120900136,34,32,2
120900137,43,182,-139
120900138,19,336,-317
120900139,7,1224,-1217
120900140,0,66,-66
120900141,74,119,-45
120900142,12,1322,-1310
120900143,5,1669,-1664
120900144,0,393,-393
120900145,248,1226,-978
120900146,4,1689,-1685
120900147,1,331,-330
120900148,44,120,-76
120900149,1,594,-593
120900150,28,767,-739
120900151,1,965,-964
120900152,2,87,-85
120900153,17,114,-97
120900154,1,413,-412
120900155,67,1597,-1530
120900156,18,674,-656
120900157,15,314,-299
120900158,15,782,-767
120900159,30,412,-382
120900160,17,470,-453
120900161,19,1790,-1771
120900162,15,1872,-1857
120900163,6,166,-160
120900164,0,0,0
120900165,0,4,-4
120900166,24,114,-90
120900167,100,60,40
120900169,29,844,-815
120900170,3901,1115,2786
120900171,1568,390,1178
120900172,2138,129,2009
120900173,1,103,-102
120900174,7,172,-165
120900175,474,266,208
120900176,8,151,-143
120900177,1,263,-262
120900178,0,210,-210
120900179,590,391,199
120900180,118,61,57
120900181,18,65,-47
120900182,26,468,-442
120900183,471,94,377
120900184,139,80,59
120900185,4,542,-538
120900186,2,730,-728
120900187,162,607,-445
120900188,52,12,40
120900189,115,210,-95
120900190,8,4,4
120900191,2,43,-41
120900192,18866,1791,17075
120900194,32,86,-54
120900195,136,386,-250
120900196,454,48,406
120900197,324,38,286
120900198,230,858,-628
120900199,249,1882,-1633
120900200,87,43,44
120900201,906,185,721
120900202,0,320,-320
120900203,8,56,-48
120900204,276,483,-207
120900205,57,116,-59
120900206,12,17,-5
121000001,1072,1368,-296
121000002,1676,865,811
121000003,5118,2443,2675
121000004,3037,2202,835
121000005,2467,3135,-668
121000006,2980,1220,1760
121000007,3715,3500,215
121000008,4798,2990,1808
121000009,13312,5753,7559
121000010,14458,3485,10973
121000011,19285,10848,8437
121000012,25333,6755,18578
121000013,6719,6969,-250
121000014,8751,5954,2797
121000015,5115,6470,-1355
121000016,5543,3769,1774
121000017,1926,4664,-2738
121000018,2249,2457,-208
121000019,23133,8748,14385
121000020,14122,7999,6123
121000021,3496,4281,-785
121000022,1924,1670,254
121000023,7557,4776,2781
121000024,4282,3383,899
121000025,1317,780,537
121000026,262,98,164
121000027,1970,1183,787
121000028,887,540,347
121000029,870,960,-90
121000030,395,445,-50
121000031,422,773,-351
121000032,168,109,59
121000034,140,122,18
121000035,88,65,23
121000036,659,924,-265
121000037,391,690,-299
121000038,586,709,-123
121000039,312,560,-248
121000041,257,692,-435
121000042,242,360,-118
121000043,1097,705,392
121000044,2450,794,1656
121000045,312,452,-140
121000046,293,764,-471
121000047,12,175,-163
121000049,2227,1035,1192
121000050,339,1101,-762
121000051,461,629,-168
121000052,208,599,-391
121000053,316,57,259
121000054,29,249,-220
121000055,2840,1175,1665
121000056,1058,1233,-175
121000057,204,501,-297
121000058,508,124,384
121000059,2192,1173,1019
121000060,492,1067,-575
121000061,50,139,-89
121000062,167,235,-68
121000063,636,441,195
121000064,348,574,-226
121000065,463,452,11
121000066,581,632,-51
121000067,1097,333,764
121000068,558,528,30
121000069,1312,253,1059
121000070,1831,1898,-67
121000071,851,780,71
121000072,1975,1181,794
121000073,925,765,160
121000074,144,101,43
121000075,184,23,161
121000076,2271,380,1891
121000077,128,56,72
121000078,152,152,0
121000080,3229,749,2480
121000081,2986,1549,1437
121000082,109,377,-268
121000083,299,124,175
121000084,175,122,53
121000085,559,597,-38
121000086,217,1094,-877
121000087,75,309,-234
121000088,353,743,-390
121000089,735,312,423
121000090,344,459,-115
121000091,2592,738,1854
121000092,110,106,4
121000093,119,269,-150
121000094,551,468,83
121000095,328,741,-413
121000096,3106,2456,650
121000097,2412,1584,828
121000098,294,1679,-1385
121000099,292,1053,-761
121000100,318,969,-651
121000101,132,339,-207
121000102,72,797,-725
121000103,64,405,-341
121000104,68,301,-233
121000105,228,490,-262
121000106,145,442,-297
121000107,2282,4557,-2275
121000109,1872,1155,717
121000110,319,422,-103
121000114,2486,2517,-31
121000115,868,824,44
121000116,503,762,-259
121000117,1485,269,1216
121000118,1295,406,889
121000119,207,501,-294
121000120,256,732,-476
121000121,506,1129,-623
121000123,1987,749,1238
121000126,111,343,-232
121000127,233,133,100
121000128,378,945,-567
121000129,351,732,-381
121000130,321,1397,-1076
121000131,2556,1105,1451
121000132,1162,1197,-35
121000135,829,520,309
121000136,1202,751,451
121000137,564,143,421
121000138,907,518,389
121000139,548,82,466
121000141,174,150,24
121000142,1264,695,569
121000143,225,29,196
121000144,1387,1080,307
121000145,368,1791,-1423
121000146,725,788,-63
121000147,493,504,-11
121000148,675,1377,-702
121000149,1565,1057,508
121000152,452,744,-292
121000153,2061,747,1314
121000154,667,655,12
121000155,971,1130,-159
121000156,379,966,-587
121000157,1848,2140,-292
121000158,461,738,-277
121000159,138,793,-655
121000160,335,923,-588
121000161,58,497,-439
121000162,17,445,-428
121000165,2322,1677,645
121000166,61,543,-482
121000168,202,330,-128
121000169,22,287,-265
121000170,143,71,72
121000171,39,183,-144
121000172,495,527,-32
121000173,1332,749,583
121000174,135,421,-286
121000175,488,534,-46
121000176,366,257,109
121000177,685,752,-67
121000178,45,75,-30
121000179,113,94,19
121000181,318,414,-96
121000182,55,142,-87
121000183,42,65,-23
121000184,39,90,-51
121000185,13,174,-161
121000186,150,310,-160
121000187,185,476,-291
121000188,53,472,-419
121000192,551,392,159
121000193,456,522,-66
121000194,3264,2678,586
121000195,457,1042,-585
121000196,666,229,437
121000197,202,1007,-805
121000198,145,67,78
121000199,68,715,-647
121000200,188,113,75
121000201,3,326,-323
121000202,212,70,142
121000203,381,3392,-3011
121000204,850,556,294
121000205,129,398,-269
121000206,106,50,56
121000207,726,540,186
121000208,5,655,-650
121000209,114,615,-501
121000210,158,696,-538
121000211,70,142,-72
121000212,212,973,-761
121000213,10659,2726,7933
121000214,785,1085,-300
121000215,1551,858,693
121000216,494,425,69
121000217,3427,2005,1422
121000218,495,2260,-1765
121000219,1094,342,752
121000220,347,69,278
121000221,151,244,-93
121000222,2561,2947,-386
121000223,434,300,134
121000224,290,98,192
121000225,1013,730,283
121000226,1256,569,687
121000227,3,258,-255
121000228,20,1196,-1176
121000229,61,672,-611
121000230,76,2472,-2396
121000231,160,17,143
121000232,409,147,262
121000233,386,257,129
121000234,6,28,-22
121000235,22,25,-3
121000236,0,46,-46
121000237,4,6,-2
121000238,4,108,-104
121000239,8,7,1
121000240,4,242,-238
121000241,33,6,27
121000242,14,186,-172
121000243,83,32,51
121000244,0,115,-115
121000245,12,7,5
121000246,2,88,-86
121000247,12,1,11
121000248,312,512,-200
121000249,24,294,-270
121000250,161,123,38
121000251,16,721,-705
121000252,48,38,10
121000253,118,720,-602
121000254,220,325,-105
121000255,155,146,9
121000256,220,173,47
121000257,37,81,-44
121000258,30,77,-47
121000259,17,41,-24
121000260,38,185,-147
121000261,21,60,-39
121000262,1679,557,1122
121000263,358,543,-185
121000271,231,1984,-1753
121000273,35,12,23
121000274,5,45,-40
121000275,4,34,-30
121000276,1,22,-21
121000278,9,75,-66
121000279,45,18,27
121000280,18,32,-14
121000289,114,35,79
121000290,981,795,186
121000294,29,334,-305
121000297,852,675,177
121000299,59,275,-216
121000300,1000,769,231
121000302,505,856,-351
121000303,1104,524,580
121000304,464,38,426
121000305,56,51,5
121000306,32,185,-153
121000308,171,471,-300
121000309,454,777,-323
121000310,33,588,-555
121000311,62,1066,-1004
121000312,355,200,155
121000313,662,633,29
121000314,274,135,139
121000315,111,87,24
121000530,695,1565,-870
121000531,1275,1659,-384
121000532,5209,4207,1002
121000533,2377,2491,-114
121000918,10,284,-274
121000919,2,46,-44
121000938,1549,419,1130
121000939,2297,285,2012
121000956,423,1570,-1147
121000957,3,4,-1
121000958,59,61,-2
121000959,218,1635,-1417
121000960,632,3160,-2528
121000961,140,14,126
121000962,272,707,-435
121000973,5,269,-264
121000976,21,230,-209
121000979,183,57,126
121000981,243,58,185
121000982,119,271,-152
121000983,142,579,-437
121000984,28,36,-8
121000985,177,800,-623
121000986,52,659,-607
121000987,201,2147,-1946
121000988,332,162,170
121001302,354,112,242
121001308,8,19,-11
121001309,62,66,-4
121001313,89,453,-364
121001314,4786,4809,-23
121001315,4724,1619,3105
121900001,76,189,-113
121900002,22,17,5
121900003,253,6,247
121900004,70,488,-418
121900005,6,9,-3
121900006,44,15,29
121900007,1868,2091,-223
121900008,2547,95,2452
121900009,329,10,319
121900010,265,2,263
121900011,478,554,-76
121900012,1,0,1
121900013,643,15,628
121900014,1071,372,699
121900015,78,213,-135
121900016,3,35,-32
121900017,285,508,-223
121900018,185,7,178
121900019,157,342,-185
121900020,47,0,47
121900021,436,2,434
121900022,270,138,132
121900023,46,305,-259
121900024,404,47,357
121900025,353,263,90
121900026,180,48,132
121900027,279,89,190
121900028,139,6,133
121900029,43,129,-86
121900030,317,362,-45
121900031,817,2250,-1433
121900032,76,67,9
121900033,127,78,49
121900034,110,76,34
121900035,2581,1377,1204
121900036,32,292,-260
121900037,88,655,-567
121900038,23,122,-99
121900039,240,22,218
121900040,14,71,-57
121900041,39,118,-79
121900042,193,92,101
121900043,1,3,-2
121900044,295,30,265
121900046,280,171,109
121900047,84,33,51
121900048,3,137,-134
121900050,11,18,-7
121900051,77,150,-73
121900052,55,30,25
121900053,244,180,64
121900054,624,819,-195
121900055,3,19,-16
121900058,47,339,-292
121900059,205,89,116
121900060,49,281,-232
121900061,138,141,-3
121900062,109,32,77
121900063,366,215,151
121900064,135,918,-783
121900066,12,24,-12
121900067,0,7,-7
121900069,175,190,-15
121900070,151,97,54
121900071,43,213,-170
121900072,21,163,-142
121900073,113,171,-58
121900074,645,300,345
121900075,279,157,122
121900076,147,797,-650
121900077,0,38,-38
121900078,17,51,-34
121900079,0,0,0
121900080,396,486,-90
121900082,21,115,-94
121900084,5,269,-264
121900085,0,17,-17
121900086,7,55,-48
121900087,241,81,160
121900088,3611,2007,1604
121900089,54,484,-430
121900090,17,137,-120
121900091,6,103,-97
121900092,104,109,-5
121900093,35,51,-16
121900094,8,6,2
121900095,119,86,33
121900096,1752,426,1326
121900097,165,137,28
121900098,4,3,1
121900099,61,74,-13
121900100,93,202,-109
121900101,53,74,-21
121900102,9,116,-107
121900103,495,186,309
121900104,839,210,629
121900105,38,66,-28
121900106,1,1,0
121900107,21,53,-32
121900108,0,0,0
121900109,255,76,179
121900110,141,1508,-1367
121900111,694,82,612
121900112,94,128,-34
121900113,27,131,-104
121900114,1,1,0
121900117,146,25,121
121900118,2616,295,2321
121900119,86,147,-61
121900120,14,1206,-1192
121900121,438,66,372
121900122,8,20,-12
121900123,370,350,20
121900124,87,214,-127
121900125,916,1020,-104
121900127,6,66,-60
121900128,41,178,-137
121900129,1519,61,1458
121900130,61,237,-176
121900131,110,94,16
121900132,14,197,-183
121900133,42,41,1
121900134,7,109,-102
121900135,2531,336,2195
121900136,130,604,-474
121900137,32,305,-273
121900138,49,256,-207
121900139,283,339,-56
121900140,19,165,-146
121900141,60,26,34
121900142,46,117,-71
121900143,11,177,-166
121900144,231,413,-182
121900145,99,123,-24
121900146,332,793,-461
121900147,39,229,-190
121900148,99,235,-136
121900149,185,885,-700
121900150,56,205,-149
121900151,74,218,-144
121900152,38,167,-129
121900153,69,496,-427
121900154,12,136,-124
121900155,0,77,-77
121900156,129,122,7
121900157,6,409,-403
121900158,60,70,-10
121900159,0,211,-211
121900160,19,301,-282
121900161,454,271,183
121900162,82,105,-23
121900163,51,975,-924
121900164,199,177,22
121900165,77,247,-170
121900166,84,219,-135
121900167,46,39,7
121900168,156,125,31
121900169,5,457,-452
121900170,6,174,-168
121900171,371,458,-87
121900172,196,226,-30
121900173,678,123,555
121900174,20,63,-43
121900175,29,163,-134
121900176,469,2000,-1531
121900177,116,60,56
121900178,16,63,-47
121900179,291,117,174
121900180,7227,2379,4848
121900182,221,268,-47
121900183,427,309,118
121900184,32,664,-632
121900186,3,377,-374
121900187,24,117,-93
121900188,673,328,345
121900189,52,139,-87
121900190,138,418,-280
121900191,63,87,-24
121900192,524,494,30
121900193,25,261,-236
121900194,6,174,-168
121900195,84,124,-40
121900196,679,995,-316
121900197,463,2306,-1843
121900198,1026,857,169
121900199,2,19,-17
121900200,47,209,-162
121900201,843,564,279
121900202,123,431,-308
121900203,281,641,-360
121900204,1095,638,457
121900205,2,125,-123
121900206,2,5,-3
121900207,223,17,206
121900208,89,255,-166
121900209,51,20,31
121900210,637,948,-311
121900211,6,111,-105
121900212,125,103,22
121900213,41,95,-54
121900214,1,361,-360
121900215,25,60,-35
121900216,22,55,-33
121900217,284,63,221
121900218,241,398,-157
121900220,158,11,147
121900221,239,536,-297
121900222,56,252,-196
121900223,91,69,22
121900224,13,50,-37
121900225,41,49,-8
121900226,205,2097,-1892
121900227,131,447,-316
121900228,174,274,-100
121900230,80,63,17
121900231,577,220,357
121900232,248,281,-33
121900233,280,316,-36
121900234,138,470,-332
121900235,215,264,-49
121900236,238,135,103
121900237,144,226,-82
121900238,98,177,-79
121900239,95,60,35
121900240,173,130,43
121900241,10,77,-67
121900242,0,0,0
121900243,0,0,0
121900244,1,2,-1
121900245,119,137,-18
121900246,1046,433,613
121900247,233,341,-108
121900248,1288,541,747
121900250,208,216,-8
121900251,269,11,258
121900252,751,111,640
121900253,83,785,-702
121900254,507,276,231
121900255,107,39,68
121900258,1912,1118,794
121900259,332,366,-34
121900260,42,183,-141
121900261,80,342,-262
121900262,337,552,-215
121900263,68,313,-245
121900264,2790,1207,1583
121900265,151,459,-308
121900266,131,227,-96
121900267,29,21,8
121900269,114,211,-97
121900270,7,146,-139
121900271,17,223,-206
121900273,334,867,-533
121900274,52,237,-185
121900277,212,1713,-1501
121900278,58,853,-795
121900279,101,261,-160
121900280,95,337,-242
121900281,879,54,825
121900284,106,5,101
121900286,27,261,-234
121900287,9,19,-10
121900290,202,226,-24
121900291,318,437,-119
121900292,63,66,-3
121900293,807,3065,-2258
121900294,268,2,266
121900295,41,281,-240
121900296,28,27,1
121900298,156,306,-150
121900299,0,0,0
121900300,1,1,0
121900301,11,0,11
121900302,0,66,-66
121900303,149,523,-374
121900304,2,0,2
121900305,2,0,2
121900306,24,0,24
121900307,2,47,-45
121900308,11,553,-542
121900309,14,330,-316
121900310,6,648,-642
121900311,92,14,78
121900312,50,6,44
121900313,119,14,105
121900314,2,74,-72
121900315,1,0,1
121900316,0,5,-5
121900317,0,0,0
121900318,5,15,-10
121900319,2,12,-10
121900320,73,85,-12
121900321,1,0,1
121900322,1,35,-34
121900323,6,11,-5
121900324,3,30,-27
121900325,3,0,3
121900326,1,30,-29
121900327,2,46,-44
121900328,0,31,-31
121900329,2,206,-204
121900330,0,24,-24
121900331,129,16,113
121900332,41,21,20
121900333,5,3,2
122000001,3086,3066,20
122000002,6676,1516,5160
122000003,2706,1624,1082
122000004,3463,1088,2375
122000005,2652,801,1851
122000006,2301,356,1945
122000007,967,718,249
122000008,7215,2970,4245
122000009,670,209,461
122000010,2277,2379,-102
122000011,4092,738,3354
122000012,1226,790,436
122000013,1605,906,699
122000014,1357,1438,-81
122000015,1250,1027,223
122000016,356,860,-504
122000017,1066,1091,-25
122000018,1238,1386,-148
122000019,580,1738,-1158
122000020,137,210,-73
122000021,786,403,383
122000022,1232,1512,-280
122000023,511,2972,-2461
122000024,1052,776,276
122000025,1402,903,499
122000026,2260,687,1573
122000027,549,3730,-3181
122000028,773,312,461
122000029,373,252,121
122000030,304,77,227
122000031,108,164,-56
122000032,969,2142,-1173
122000033,665,509,156
122000034,516,494,22
122000035,349,595,-246
122000036,406,663,-257
122000037,372,310,62
122000038,310,413,-103
122000039,512,503,9
122000040,366,249,117
122000041,322,483,-161
122000042,162,368,-206
122000043,131,119,12
122000044,118,142,-24
122000045,913,521,392
122000046,410,896,-486
122000047,220,144,76
122000048,3765,3079,686
122000049,5402,2599,2803
122000050,1367,475,892
122000051,355,210,145
122000052,437,134,303
122000053,133,405,-272
122000054,2032,1975,57
122000055,1837,2093,-256
122000056,4343,2856,1487
122000057,3630,2187,1443
122000058,3948,1070,2878
122000059,3191,1258,1933
122000060,1091,460,631
122000061,721,191,530
122000062,1297,285,1012
122000063,677,381,296
122000064,2927,2914,13
122000065,5635,3284,2351
122000066,1108,1124,-16
122000067,1195,1204,-9
122000068,724,1325,-601
122000069,527,905,-378
122000070,459,2723,-2264
122000071,886,1703,-817
122000072,253,267,-14
122000073,285,313,-28
122000074,1323,1402,-79
122000075,445,1038,-593
122000076,1263,992,271
122000077,1166,531,635
122000078,2995,1513,1482
122000079,1125,616,509
122000080,602,369,233
122000081,127,199,-72
122000082,1472,645,827
122000083,972,3570,-2598
122000084,842,742,100
122000085,267,2370,-2103
122000086,2249,3256,-1007
122000087,476,150,326
122000088,349,165,184
122000089,6503,3667,2836
122000090,295,403,-108
122000091,236,75,161
122000092,115,8,107
122000093,1176,1001,175
122000094,8154,1587,6567
122000095,4005,1349,2656
122000096,3058,912,2146
122000098,3514,1283,2231
122000099,1814,818,996
122000100,1547,738,809
122000101,214,1369,-1155
122000102,1574,1219,355
122000103,1084,1424,-340
122000104,220,175,45
122000105,243,298,-55
122000106,603,397,206
122000107,697,477,220
122000108,328,1006,-678
122000109,219,254,-35
122000110,253,566,-313
122000111,3006,1346,1660
122000112,616,1596,-980
122000113,387,821,-434
122000114,2462,1259,1203
122000115,1969,973,996
122000116,619,832,-213
122000117,1155,477,678
122000118,410,845,-435
122000119,3444,1862,1582
122000120,5968,2927,3041
122000121,8274,2534,5740
122000122,1197,1743,-546
122000123,5599,1354,4245
122000124,2338,543,1795
122000125,603,836,-233
122000126,1492,874,618
122000127,3697,1107,2590
122000128,1115,1433,-318
122000129,307,387,-80
122000130,3683,392,3291
122000131,3863,447,3416
122000132,1566,594,972
122000133,1402,2718,-1316
122000134,456,534,-78
122000135,804,1326,-522
122000136,414,153,261
122000137,885,638,247
122000139,1379,3107,-1728
122000140,1224,520,704
122000141,7225,920,6305
122000142,598,658,-60
122000143,1034,232,802
122000144,3894,844,3050
122000145,2036,820,1216
122000146,871,1014,-143
122000147,1048,439,609
122000148,2521,1420,1101
122000149,2811,1325,1486
122000150,1809,1109,700
122000151,467,358,109
122000152,628,437,191
122000153,664,320,344
122000154,532,238,294
122000155,2612,2140,472
122000156,2724,2027,697
122000157,1837,1339,498
122000158,299,575,-276
122000159,2373,1888,485
122000160,10843,695,10148
122000161,1975,691,1284
122000162,2482,1734,748
122000163,401,105,296
122000164,50,107,-57
122000165,897,681,216
122000166,797,691,106
122000167,215,222,-7
122000168,231,512,-281
122000169,400,139,261
122000170,204,276,-72
122000171,34,96,-62
122000172,1464,1439,25
122000173,1689,2055,-366
122000174,1466,785,681
122000175,1027,400,627
122000176,221,658,-437
122000177,1569,1216,353
122000178,2999,1740,1259
122000179,2303,2172,131
122000180,1818,846,972
122000181,2931,2240,691
122000182,4080,857,3223
122000183,2181,958,1223
122000184,5521,1974,3547
122000185,1657,1275,382
122000186,562,713,-151
122000187,1203,2251,-1048
122000188,849,209,640
122000189,283,296,-13
122000190,856,1269,-413
122000191,988,440,548
122000192,825,339,486
122000193,320,721,-401
122000194,467,198,269
122000195,120,409,-289
122000196,828,613,215
122000197,521,693,-172
122000198,461,1133,-672
122000199,359,298,61
122000200,1036,457,579
122000201,1483,1653,-170
122000202,885,1175,-290
122000203,3559,1621,1938
122000204,1881,2071,-190
122000205,1667,1086,581
122000206,2326,1093,1233
122000207,1231,1793,-562
122000208,1554,2046,-492
122000209,1851,349,1502
122000210,1211,2383,-1172
122000211,933,1575,-642
122000212,435,620,-185
122000213,914,1339,-425
122000214,1615,2401,-786
122000215,1622,1366,256
122000217,1999,1538,461
122000218,449,54,395
122000219,1623,1391,232
122000220,288,968,-680
122000221,92,410,-318
122000222,544,81,463
122000223,806,673,133
122000225,605,521,84
122000226,940,2437,-1497
122000227,286,1745,-1459
122000228,456,615,-159
122000229,18,428,-410
122000230,85,1444,-1359
122000231,291,996,-705
122000232,613,1190,-577
122000233,2,202,-200
122000234,68,252,-184
122000235,301,317,-16
122000236,344,260,84
122000237,57,58,-1
122000238,91,138,-47
122000239,438,164,274
122000240,805,353,452
122000241,416,399,17
122000242,406,47,359
122000243,18,26,-8
122000244,15,512,-497
122000245,9,170,-161
122000246,8,66,-58
122000247,806,760,46
122000248,1430,3452,-2022
122000249,247,593,-346
122000250,1441,471,970
122000251,334,357,-23
122000252,694,96,598
122000253,24,448,-424
122000254,142,75,67
122000255,626,2953,-2327
122000256,457,2024,-1567
122000257,147,630,-483
122000258,58,220,-162
122000259,25,861,-836
122000260,5,149,-144
122000261,2,211,-209
122000262,3,82,-79
122000263,34,137,-103
122000264,325,647,-322
122000265,1480,906,574
122000266,3106,523,2583
122000267,64,198,-134
122000268,71,615,-544
122000269,430,321,109
122000270,359,132,227
122000271,266,1272,-1006
122000272,285,1372,-1087
122000273,256,593,-337
122000274,40,234,-194
122000275,23,148,-125
122000276,238,654,-416
122000277,616,1482,-866
122000278,485,1333,-848
122000279,144,1181,-1037
122000280,749,1354,-605
122000281,489,1213,-724
122000282,105,284,-179
122000283,264,69,195
122000284,70,137,-67
122000285,230,147,83
122000286,103,216,-113
122000287,633,1198,-565
122000288,214,262,-48
122000291,516,355,161
122000293,375,721,-346
122000294,67,151,-84
122000295,1009,167,842
122000296,89,618,-529
122000297,3808,1857,1951
122000299,259,477,-218
122000300,366,526,-160
122000301,17784,2374,15410
122000302,1075,525,550
122000303,5166,1264,3902
122000304,8,217,-209
122000305,696,342,354
122000306,28,1093,-1065
122000307,161,133,28
122000309,38,58,-20
122000310,22,18,4
122000311,18,52,-34
122000312,25,25,0
122000313,5,33,-28
122000314,61,228,-167
122000315,95,11,84
122000316,202,215,-13
122000317,523,201,322
122000318,157,310,-153
122000319,332,708,-376
122000320,445,3002,-2557
122000321,72,335,-263
122000322,3043,1488,1555
122000323,1799,1125,674
122000324,1307,1135,172
122000325,871,889,-18
122000326,15,181,-166
122000327,181,413,-232
122000328,2351,1509,842
122000330,2374,689,1685
122000332,195,391,-196
122000333,12,214,-202
122000337,538,4323,-3785
122000338,164,888,-724
122000340,273,187,86
122000342,2982,1562,1420
122000343,471,2167,-1696
122000344,26,26,0
122000345,23,78,-55
122000346,425,938,-513
122000348,455,843,-388
122000349,227,1078,-851
122000351,58,271,-213
122000352,401,58,343
122000353,15,189,-174
122000355,120,172,-52
122000356,1482,908,574
122000357,18,27,-9
122000358,2,108,-106
122000359,1,73,-72
122000360,0,124,-124
122000362,14,141,-127
122000364,70,638,-568
122000365,1,28,-27
122000366,12,9,3
122000368,424,1070,-646
122000370,14,146,-132
122000371,4,0,4
122000372,3,0,3
122000381,35,355,-320
122000382,54,425,-371
122000384,3976,2025,1951
122000385,19,0,19
122000386,248,745,-497
122000387,332,704,-372
122000388,1578,374,1204
122000389,198,945,-747
122000390,300,252,48
122000391,203,62,141
122000392,230,354,-124
122000393,10,224,-214
122000394,209,424,-215
122000395,162,220,-58
122000396,175,117,58
122000397,27,168,-141
122000398,8,41,-33
122000399,46,109,-63
122000400,135,381,-246
122000401,91,119,-28
122000402,105,54,51
122000403,346,1688,-1342
122000404,76,319,-243
122000408,942,1296,-354
122000503,14,68,-54
122000524,219,88,131
122000544,30,1196,-1166
122000616,1059,4,1055
122000640,25,340,-315
122000641,36,694,-658
122000642,824,1607,-783
122000643,4,122,-118
122000644,214,58,156
122000645,89,124,-35
122000651,1518,555,963
122000664,162,44,118
122000665,1082,609,473
122000666,602,1556,-954
122000673,9,507,-498
122000674,72,68,4
122000675,1038,1576,-538
122000686,213,1885,-1672
122000687,373,468,-95
122000688,196,1329,-1133
122000689,277,872,-595
122000690,373,904,-531
122000691,276,3280,-3004
122000692,757,442,315
122000693,550,2815,-2265
122000695,101,754,-653
122000696,149,442,-293
122000698,98,1458,-1360
122000699,143,162,-19
122000701,726,398,328
122000702,442,2587,-2145
122000703,141,33,108
122000717,280,49,231
122000718,442,325,117
122000719,9,51,-42
122000720,83,312,-229
122000724,86,7,79
122900001,6,6,0
122900002,1024,1390,-366
122900003,178,42,136
122900004,436,16,420
122900005,52,46,6
122900006,507,221,286
122900007,181,7,174
122900008,453,72,381
122900009,940,268,672
122900010,152,84,68
122900012,361,398,-37
122900014,152,369,-217
122900015,2543,248,2295
122900016,70,372,-302
122900017,783,934,-151
122900018,138,23,115
122900019,9,232,-223
122900020,411,515,-104
122900021,56,651,-595
122900022,262,1195,-933
122900023,208,417,-209
122900024,156,72,84
122900025,17,187,-170
122900026,232,498,-266
122900027,53,789,-736
122900028,112,214,-102
122900029,4798,1344,3454
122900030,1540,511,1029
122900031,81,132,-51
122900032,130,209,-79
122900033,159,212,-53
122900034,4272,2997,1275
122900035,2,3,-1
122900036,7,104,-97
122900037,287,158,129
122900038,135,1460,-1325
122900039,203,360,-157
122900040,95,387,-292
122900041,155,270,-115
122900042,101,317,-216
122900043,186,164,22
122900044,74,364,-290
122900045,41,82,-41
122900046,140,54,86
122900047,96,129,-33
122900048,50,116,-66
122900049,1728,82,1646
122900051,40,94,-54
122900052,18,126,-108
122900053,30,22,8
122900055,193,102,91
122900057,216,13,203
122900061,408,90,318
122900062,281,397,-116
122900063,94,544,-450
122900064,823,830,-7
122900065,221,124,97
122900066,259,230,29
122900067,2231,1056,1175
122900068,183,527,-344
122900069,243,808,-565
122900070,100,30,70
122900071,64,648,-584
122900072,18,755,-737
122900073,54,332,-278
122900074,155,1126,-971
122900075,0,54,-54
122900076,13,226,-213
122900077,0,275,-275
122900078,32,280,-248
122900080,52,23,29
122900081,135,138,-3
122900082,403,231,172
122900083,144,139,5
122900084,4,268,-264
122900086,9,24,-15
122900087,67,799,-732
122900088,32,44,-12
122900089,11,138,-127
122900090,2,686,-684
122900091,45,0,45
122900092,1,417,-416
122900093,2,526,-524
122900094,10,370,-360
122900095,76,0,76
122900096,27,449,-422
122900097,19,5,14
122900098,134,145,-11
122900099,5,6,-1
122900100,218,116,102
122900101,788,199,589
122900102,10,8,2
122900103,25,7,18
122900104,38,6,32
122900105,4,1,3
122900106,4,111,-107
122900107,4,281,-277
122900108,1,248,-247
123000001,2304,472,1832
123000002,7359,2420,4939
123000003,4105,2376,1729
123000004,4279,5105,-826
123000005,2435,2216,219
123000006,3714,3552,162
123000007,2525,2442,83
123000008,2611,5087,-2476
123000009,4220,3173,1047
123000010,4853,4682,171
123000011,3474,1068,2406
123000012,1332,2971,-1639
123000013,3616,1109,2507
123000014,1518,4506,-2988
123000015,4908,787,4121
123000016,8586,3154,5432
123000017,3330,1567,1763
123000018,46,84,-38
123000019,81,467,-386
123000020,64,188,-124
123000021,28,140,-112
123000022,383,699,-316
123000023,1207,1200,7
123000024,841,549,292
123000025,13,74,-61
123000026,1,59,-58
123000027,100,393,-293
123000028,337,190,147
123000029,556,424,132
123000030,99,1081,-982
123000031,94,587,-493
123000032,152,358,-206
123000033,125,71,54
123000034,510,484,26
123000035,165,334,-169
123000036,184,563,-379
123000037,161,416,-255
123000038,90,207,-117
123000039,703,1014,-311
123000040,1166,505,661
123000041,724,510,214
123000042,661,675,-14
123000043,4262,4150,112
123000044,7073,2610,4463
123000045,14678,1786,12892
123000046,1131,1041,90
123000047,3291,1079,2212
123000048,93,260,-167
123000049,8603,3799,4804
123000050,739,1192,-453
123000051,101,147,-46
123000052,575,2132,-1557
123000053,2858,2444,414
123000054,1203,1226,-23
123000055,2396,1182,1214
123000056,1247,2455,-1208
123000057,21564,5110,16454
123000058,533,623,-90
123000059,345,579,-234
123000060,747,481,266
123000061,166,698,-532
123000063,878,565,313
123000064,851,273,578
123000065,11269,4060,7209
123000066,1197,932,265
123000067,346,677,-331
123000068,3520,4518,-998
123000069,12227,5505,6722
123000070,385,875,-490
123000071,479,1438,-959
123000072,852,2077,-1225
123000073,619,993,-374
123000074,1013,2904,-1891
123000075,364,704,-340
123000076,508,1855,-1347
123000077,1982,4592,-2610
123000078,797,2030,-1233
123000079,696,2401,-1705
123000080,1756,3467,-1711
123000081,253,788,-535
123000082,575,1416,-841
123000083,650,120,530
123000084,252,939,-687
123000085,39,150,-111
123000086,143,515,-372
123000087,107,707,-600
123000088,1190,1785,-595
123000089,335,1478,-1143
123000090,1135,1601,-466
123000091,1788,1407,381
123000092,1389,1353,36
123000094,358,378,-20
123000095,302,603,-301
123000096,243,619,-376
123000097,219,1669,-1450
123000098,426,653,-227
123000099,427,1091,-664
123000100,484,566,-82
123000101,596,408,188
123000102,573,678,-105
123000104,374,300,74
123000105,701,541,160
123000106,570,294,276
123000107,474,625,-151
123000108,1305,1281,24
123000111,461,230,231
123000112,492,700,-208
123000113,569,2300,-1731
123000114,419,395,24
123000115,185,357,-172
123000116,34,216,-182
123000117,1840,2994,-1154
123000118,434,1259,-825
123000119,222,1295,-1073
123000120,349,1323,-974
123000121,414,672,-258
123000122,275,336,-61
123000123,401,575,-174
123000124,672,626,46
123000125,1131,654,477
123000126,2361,1726,635
123000127,2132,891,1241
123000128,357,514,-157
123000129,333,216,117
123000130,280,63,217
123000131,478,436,42
123000132,511,684,-173
123000133,666,520,146
123000134,926,231,695
123000135,1172,1534,-362
123000136,146,1685,-1539
123000137,68,508,-440
123000138,64,671,-607
123000139,415,108,307
123000140,189,1059,-870
123000141,1213,98,1115
123000142,945,1249,-304
123000143,1081,3136,-2055
123000144,36,12,24
123000145,211,104,107
123000146,78,96,-18
123000147,63,118,-55
123000149,492,350,142
123000150,355,254,101
123000151,393,486,-93
123000152,61,410,-349
123000153,311,508,-197
123000154,3709,1670,2039
123000155,4075,1006,3069
123000156,96,118,-22
123000157,752,1133,-381
123000158,1031,510,521
123000159,2979,1799,1180
123000160,656,332,324
123000161,1193,680,513
123000162,708,1221,-513
123000163,164,35,129
123000164,626,159,467
123000165,263,2732,-2469
123000166,30,235,-205
123000167,66,354,-288
123000168,239,452,-213
123000169,359,100,259
123000170,31,453,-422
123000171,124,36,88
123000172,254,862,-608
123000173,824,140,684
123000174,750,168,582
123000175,1253,2039,-786
123000176,991,101,890
123000177,441,1456,-1015
123000178,460,113,347
123000179,22,1090,-1068
123000180,953,279,674
123000181,352,2046,-1694
123000182,111,738,-627
123000183,141,124,17
123000184,118,1315,-1197
123000185,210,442,-232
123000186,8,825,-817
123000187,253,4,249
123000188,77,0,77
123000189,105,292,-187
123000190,13,87,-74
123000192,13,554,-541
123000193,31,823,-792
123000194,405,324,81
123000195,233,9,224
123000196,120,22,98
123000197,17,122,-105
123000198,8,280,-272
123000199,2,614,-612
123000200,202,8,194
123000201,456,13,443
123000202,32,1639,-1607
123000203,440,28,412
123000204,41,1743,-1702
123000205,260,2801,-2541
123000206,756,85,671
123000207,62,1226,-1164
123000208,169,82,87
123000209,805,226,579
123000210,330,1882,-1552
123000211,685,3878,-3193
123000212,1046,221,825
123000213,265,49,216
123000215,115,92,23
123000216,276,726,-450
123000217,125,34,91
123000218,108,410,-302
123000219,1132,18,1114
123000220,367,68,299
123000221,117,161,-44
123000222,218,1022,-804
123000223,123,863,-740
123000224,434,882,-448
123000225,214,89,125
123000226,75,474,-399
123000227,86,499,-413
123000228,149,64,85
123000229,1242,2660,-1418
123000232,84,742,-658
123000233,444,141,303
123000234,172,928,-756
123000235,174,351,-177
123000236,139,1329,-1190
123000237,195,68,127
123000238,52,997,-945
123000239,484,2955,-2471
123000240,32,223,-191
123000241,1086,140,946
123000242,81,318,-237
123000243,413,1206,-793
123000244,691,551,140
123000245,55,177,-122
123000249,435,604,-169
123000252,494,131,363
123000253,338,322,16
123000254,516,1508,-992
123000255,714,805,-91
123000256,29,358,-329
123000257,4186,3101,1085
123000258,1255,1952,-697
123000259,124,399,-275
123000260,259,899,-640
123000261,69,364,-295
123000262,45,290,-245
123000263,192,120,72
123000264,178,29,149
123000265,59,153,-94
123000266,467,803,-336
123000267,248,287,-39
123000268,16,65,-49
123000269,25,53,-28
123000270,11,45,-34
123000271,38,93,-55
123000272,826,220,606
123000273,187,402,-215
123000274,823,360,463
123000275,286,1405,-1119
123000278,3949,2898,1051
123000279,33,119,-86
123000280,222,465,-243
123000281,164,78,86
123000282,87,351,-264
123000283,65,27,38
123000284,32,187,-155
123000286,457,252,205
123000287,694,198,496
123000288,588,356,232
123000289,405,451,-46
123000291,351,1045,-694
123000294,152,233,-81
123000295,695,897,-202
123000296,150,427,-277
123000297,217,1184,-967
123000298,210,972,-762
123000299,30,350,-320
123000300,560,677,-117
123000301,46,210,-164
123000302,80,242,-162
123000303,39,110,-71
123000305,1019,904,115
123000306,21,379,-358
123000309,33,72,-39
123000310,63,28,35
123000311,1,199,-198
123000312,786,1356,-570
123000313,135,305,-170
123000315,57,469,-412
123000316,1734,42,1692
123000317,225,46,179
123000318,36,429,-393
123000329,11,24,-13
123000337,74,295,-221
123000338,281,79,202
123000339,64,473,-409
123000340,180,615,-435
123000342,1,4,-3
123000343,17,0,17
123000344,960,512,448
123000345,454,841,-387
123000346,191,70,121
123000352,2696,874,1822
123000353,21,132,-111
123000354,113,25,88
123000355,1,455,-454
123000356,66,5,61
123000357,1,371,-370
123000359,0,322,-322
123000360,109,10,99
123000361,584,340,244
123000362,124,118,6
123000363,69,329,-260
123000364,407,287,120
123000365,42,267,-225
123000366,276,1248,-972
123000367,245,1675,-1430
123000370,26,400,-374
123000371,310,11,299
123000372,149,4,145
123000373,5,497,-492
123000374,6,261,-255
123000375,194,15,179
123000376,595,587,8
123000377,191,13,178
123000378,6,693,-687
123000379,3,221,-218
123000380,47,218,-171
123000381,104,29,75
123000382,1158,24,1134
123000383,233,681,-448
123000384,375,83,292
123000385,453,554,-101
123000436,29,1095,-1066
123000507,260,399,-139
123000508,280,454,-174
123000517,285,21,264
123000518,48,251,-203
123000519,139,78,61
123000520,63,238,-175
123000521,302,117,185
123000522,185,727,-542
123000541,1,0,1
123000542,2,55,-53
123000565,101,15,86
123000566,139,1109,-970
123000567,83,337,-254
123000573,37,1619,-1582
123000574,385,87,298
123000575,1201,1632,-431
123000576,658,2424,-1766
123000577,81,520,-439
123000578,806,145,661
123000579,7031,2414,4617
123000580,53,17,36
123000582,114,27,87
123000583,23,724,-701
123000584,147,338,-191
123000585,2,204,-202
123000586,14,1,13
123000596,103,144,-41
123000597,47,73,-26
123000602,5,0,5
123000603,215,950,-735
123000604,283,1679,-1396
123000605,614,133,481
123000606,0,212,-212
123000609,17,635,-618
123000610,134,113,21
123000613,41,117,-76
123000614,224,40,184
123000615,37,184,-147
123000616,405,47,358
123000617,31,950,-919
123000618,43,887,-844
123000619,552,15,537
123000620,11,860,-849
123000622,226,30,196
123000624,121,33,88
123000630,408,515,-107
123000631,178,2760,-2582
123000632,1195,1383,-188
123000633,1,219,-218
123000634,50,18,32
123000635,302,150,152
123000636,23,960,-937
123000637,178,187,-9
123000638,442,133,309
123000639,1217,2380,-1163
123000640,27,1435,-1408
123900001,1742,92,1650
123900002,22,951,-929
123900003,426,891,-465
123900005,148,102,46
123900006,109,15,94
124000001,1324,126,1198
124000002,125,2049,-1924
124000003,282,113,169
124000004,35,1042,-1007
124000005,431,229,202
124000006,214,2100,-1886
124000007,641,116,525
124000008,11,425,-414
124000009,135,360,-225
124000010,98,630,-532
124000011,429,332,97
124000012,208,1215,-1007
124000017,31,173,-142
124000018,74,217,-143
124000019,40,175,-135
124000020,50,314,-264
124000021,48,55,-7
124000022,128,382,-254
124000023,1165,1497,-332
124000024,966,674,292
124000025,842,1259,-417
124000026,1195,1179,16
124000027,5812,2997,2815
124000028,3640,3977,-337
124000030,3838,1337,2501
124000031,598,823,-225
124000032,6376,1438,4938
124000033,99,112,-13
124000034,2548,682,1866
124000035,19,63,-44
124000036,87,181,-94
124000037,385,257,128
124000038,82,15,67
124000039,1699,197,1502
124000040,869,477,392
124000041,389,90,299
124000042,123,388,-265
124000043,32,80,-48
124000044,48,385,-337
124000045,358,675,-317
124000046,177,877,-700
124000047,548,939,-391
124000048,359,2420,-2061
124000049,663,775,-112
124000050,363,3195,-2832
124000051,346,619,-273
124000052,334,1878,-1544
124000053,374,879,-505
124000054,590,888,-298
124000055,929,1136,-207
124000056,4780,1600,3180
124000057,483,420,63
124000058,414,1698,-1284
124000059,338,497,-159
124000060,1082,1055,27
124000061,1115,2006,-891
124000062,6469,1883,4586
124000063,1355,1831,-476
124000064,2921,2416,505
124000065,17,119,-102
124000066,106,33,73
124000067,41,240,-199
124000068,1,30,-29
124000069,70,8,62
124000070,16,212,-196
124000071,172,62,110
124000072,243,823,-580
124000073,533,73,460
124000074,147,1363,-1216
124000075,92,21,71
124000076,3,394,-391
124000077,2574,575,1999
124000078,3340,343,2997
124000079,1143,1021,122
124000080,392,137,255
124000081,147,1124,-977
124000082,97,156,-59
124000083,88,246,-158
124000084,16,131,-115
124000085,52,48,4
124000086,137,74,63
124000087,57,61,-4
124000088,291,325,-34
124000089,283,345,-62
124000090,58,495,-437
124000091,118,147,-29
124000092,30,681,-651
124000093,114,50,64
124000094,161,435,-274
124000095,71,77,-6
124000096,86,522,-436
124000097,38,78,-40
124000098,42,147,-105
124000099,96,128,-32
124000100,39,112,-73
124000101,17,126,-109
124000102,81,112,-31
124000103,22,108,-86
124000104,35,121,-86
124000105,21,53,-32
124000106,91,103,-12
124000107,4,76,-72
124000108,43,43,0
124000109,102,82,20
124000110,103,138,-35
124000111,109,165,-56
124000112,484,914,-430
124000113,34,50,-16
124000114,167,677,-510
124000115,330,944,-614
124000116,62,77,-15
124000117,117,112,5
124000118,40,43,-3
124000119,1162,701,461
124000120,612,592,20
124000121,1518,488,1030
124000122,576,1053,-477
124000123,823,338,485
124000124,557,979,-422
124000125,408,350,58
124000126,480,577,-97
124000127,773,445,328
124000128,609,1390,-781
124000129,1681,1296,385
124000130,882,756,126
124000131,1005,533,472
124000132,906,870,36
124000133,652,832,-180
124000134,814,1116,-302
124000135,1664,1583,81
124000136,1193,1307,-114
124000137,1619,619,1000
124000138,2255,1134,1121
124000139,301,22,279
124000140,20,521,-501
124000141,17,9,8
124000142,0,126,-126
124000143,18,17,1
124000144,16,44,-28
124000145,64,23,41
124000146,28,202,-174
124000148,55,20,35
124000149,749,260,489
124000150,445,644,-199
124000151,528,199,329
124000152,689,1303,-614
124000153,484,393,91
124000154,647,938,-291
124000155,869,499,370
124000156,1343,954,389
124000169,142,367,-225
124000170,651,508,143
124000171,192,265,-73
124000172,373,652,-279
124000173,238,395,-157
124000174,220,854,-634
124000175,7,217,-210
124000176,8,5,3
124000177,30,71,-41
124000178,74,17,57
124000190,232,28,204
124000191,217,31,186
124000192,1414,286,1128
124000193,315,1424,-1109
124000194,367,802,-435
124000195,167,462,-295
124000196,744,1555,-811
124000197,57,74,-17
124000198,22,28,-6
124000201,214,1363,-1149
124000202,248,93,155
124000203,108,1434,-1326
124000204,262,636,-374
124000205,64,824,-760
124000206,122,373,-251
124000207,1,63,-62
124000209,191,882,-691
124000210,130,198,-68
124000211,206,1,205
124000212,2,752,-750
124000213,106,489,-383
124000214,135,975,-840
124000215,68,2,66
124000216,3,796,-793
124000329,51,3206,-3155
124000338,37,1599,-1562
124000339,193,89,104
124000341,310,44,266
124000344,54,68,-14
124000357,779,1099,-320
124000358,780,784,-4
124000359,837,459,378
124000360,514,269,245
124000361,927,641,286
124000362,1567,2255,-688
124000363,341,648,-307
124000364,595,1607,-1012
124000365,771,1348,-577
124000366,2000,1117,883
124000367,124,834,-710
124000368,162,114,48
124000369,65,64,1
124000370,85,577,-492
124000402,14,10,4
124000403,24,20,4
124000404,4,132,-128
124000405,1461,649,812
124000406,1074,1109,-35
124000407,1,27,-26
124000411,0,740,-740
124000412,74,6,68
124000413,78,29,49
124000414,29,178,-149
124000415,58,330,-272
124000416,74,471,-397
124000417,91,133,-42
124000418,44,178,-134
124000419,36,260,-224
124000420,16,96,-80
124000421,13,445,-432
124000422,29,17,12
124000423,143,52,91
124000424,2,127,-125
124000425,14,1,13
124000426,6,44,-38
124000427,8,15,-7
124000428,8,39,-31
124000429,20,96,-76
124000430,518,822,-304
124000431,174,874,-700
124000432,115,930,-815
124000439,3,11,-8
124000442,10,273,-263
124000443,1,9,-8
124000445,136,213,-77
124000446,1937,50,1887
124900001,171,227,-56
124900002,142,614,-472
124900003,303,563,-260
124900004,155,344,-189
124900005,279,308,-29
124900006,206,333,-127
124900008,1083,470,613
124900009,79,100,-21
124900010,72,51,21
124900011,133,142,-9
124900012,205,44,161
124900013,285,83,202
124900014,85,87,-2
124900015,123,136,-13
124900016,14,49,-35
124900017,663,176,487
124900018,8,7,1
124900020,68,78,-10
124900021,107,23,84
124900022,9,0,9
124900024,107,21,86
124900026,39,7,32
124900027,35,122,-87
124900028,839,138,701
124900029,12,298,-286
124900030,8,206,-198
124900031,30,430,-400
124900032,281,179,102
124900033,97,580,-483
124900034,13,154,-141
124900035,109,532,-423
124900036,2,51,-49
124900037,109,495,-386
124900038,361,398,-37
124900039,0,28,-28
124900040,23,113,-90
124900041,139,1261,-1122
124900042,18,4,14
124900043,317,1288,-971
124900044,21,4,17
124900045,703,646,57
124900046,1948,189,1759
124900047,92,196,-104
124900048,111,164,-53
124900050,85,238,-153
124900052,70,497,-427
124900053,48,520,-472
124900054,3582,367,3215
124900055,2,115,-113
124900057,4,91,-87
124900060,61,263,-202
124900061,26,4,22
124900062,26,6,20
124900066,0,28,-28
124900067,2,176,-174
124900068,247,209,38
124900070,83,28,55
124900072,34,14,20
124900074,132,344,-212
124900075,55,196,-141
124900076,25,324,-299
124900077,15,91,-76
124900078,40,12,28
124900079,564,27,537
124900080,125,829,-704
124900081,278,165,113
124900082,205,972,-767
124900083,138,649,-511
124900084,2911,92,2819
124900085,1411,149,1262
124900086,79,380,-301
124900087,431,43,388
124900088,779,100,679
124900089,1380,31,1349
124900090,116,207,-91
124900091,160,822,-662
124900092,122,616,-494
124900093,134,202,-68
124900094,137,254,-117
124900095,49,357,-308
124900096,585,146,439
124900097,174,71,103
124900098,101,497,-396
124900099,692,297,395
124900100,241,63,178
124900101,24,573,-549
124900102,106,35,71
124900103,107,366,-259
124900104,40,232,-192
124900105,26,160,-134
124900106,261,37,224
124900107,51,11,40
124900108,169,17,152
124900109,13,114,-101
124900110,87,553,-466
124900111,0,49,-49
124900112,50,999,-949
124900113,160,142,18
124900114,345,59,286
124900115,83,41,42
124900116,73,204,-131
124900117,675,142,533
124900118,104,71,33
124900119,218,54,164
124900120,11,506,-495
124900121,96,136,-40
124900122,581,225,356
124900123,484,57,427
124900124,175,124,51
129000186,74,12,62
204000001,9,10,-1
204000002,3,11,-8
204000003,6,2,4
204000004,19,1,18
204000005,330,234,96
204000006,667,508,159
204000011,8,64,-56
204000012,28,125,-97
204000013,3,49,-46
204000019,367,602,-235
204000020,397,651,-254
204000021,1748,750,998
204000022,359,608,-249
204000023,302,1573,-1271
204000031,37,29,8
204000032,464,43,421
204000034,13,515,-502
204000035,1,8,-7
204000036,8,22,-14
204000037,1,23,-22
204000038,0,14,-14
204000039,1,101,-100
204000040,13,40,-27
204000041,3,83,-80
204000042,23,15,8
204000043,10,34,-24
204000044,12,15,-3
204000045,18,10,8
204000046,10,7,3
204000057,5,123,-118
204000062,2,37,-35
204000068,12,145,-133
204000069,8,128,-120
204000070,66,171,-105
204000080,8,70,-62
204000085,903,1846,-943
204000086,2937,2189,748
204000087,21,29,-8
204000088,7,98,-91
204000090,16,574,-558
204000093,215,35,180
204000096,413,588,-175
204000097,192,14,178
204000099,787,1158,-371
204000100,537,849,-312
204000105,1859,1557,302
204000110,692,1585,-893
204000111,266,924,-658
204000112,640,1174,-534
204000113,632,982,-350
204000114,799,335,464
204000115,282,257,25
204000116,1245,381,864
204000119,1248,1244,4
204000132,237,221,16
204000133,459,298,161
204000134,276,158,118
204000135,250,105,145
204000136,127,225,-98
204000138,228,270,-42
204000140,88,80,8
204000141,90,83,7
204000144,14,20,-6
204000145,774,23,751
204000146,49,529,-480
204000147,46,160,-114
204000148,610,40,570
204000154,3,0,3
204000155,0,11,-11
204000177,40,76,-36
204000179,10,1,9
204000180,0,47,-47
204000222,1,26,-25
204000235,11,9,2
204000236,87,380,-293
204000238,29,38,-9
204000240,413,78,335
204000263,343,1290,-947
204000268,831,318,513
204000308,182,14,168
204000317,10,70,-60
204000322,4,35,-31
204000323,40,13,27
204000328,165,43,122
204000329,69,96,-27
204000330,156,16,140
204000331,18,174,-156
204010341,27,364,-337
205000001,1292,1519,-227
205000013,16,132,-116
205000014,20,174,-154
205000015,32,354,-322
205000016,12,295,-283
205000017,63,151,-88
205000022,286,611,-325
205000025,1738,992,746
205000029,95,7,88
205000045,41,185,-144
205000046,53,533,-480
205000047,68,605,-537
205000048,125,1049,-924
205000049,95,747,-652
205000050,995,289,706
205000059,2,339,-337
205000060,3,46,-43
205000061,2,25,-23
205000062,1,38,-37
205000063,11,65,-54
205000064,22,144,-122
205000065,47,927,-880
205000066,84,1011,-927
205000067,106,1300,-1194
205000069,174,19,155
205000082,158,111,47
205000110,47,190,-143
205000111,125,279,-154
205000112,64,154,-90
205000113,258,277,-19
205000121,151,29,122
205000123,74,243,-169
205000126,252,48,204
205000127,339,86,253
205000128,265,16,249
205000129,170,33,137
205000130,95,5,90
205000131,75,1,74
205000132,89,1,88
205000133,33,0,33
205000134,62,1,61
205000137,144,154,-10
205000138,395,312,83
205000139,33,87,-54
205000144,33,38,-5
205000145,379,89,290
205000151,176,14,162
205000152,103,21,82
205000153,130,22,108
205000154,26,26,0
205000155,35,4,31
205000207,47,161,-114
205000233,7,1,6
205000234,0,1,-1
205000243,0,0,0
205000244,0,4,-4
205000245,30,463,-433
205000249,0,47,-47
205000250,1,1,0
205000264,3,132,-129
206000027,13,1,12
206000028,8,1,7
206000043,20,187,-167
206000053,15,25,-10
206000054,9,29,-20
206000055,4,61,-57
206000075,7,3,4
206000076,8,6,2
206000077,15,5,10
206000078,11,4,7
206000079,15,4,11
206000082,480,19,461
206000100,90,1081,-991
206000103,8,37,-29
206000104,18,31,-13
206000105,3,27,-24
206000106,18,36,-18
206000108,705,42,663
206000125,36,0,36
206000157,180,1005,-825
206000170,0,403,-403
206000171,5,340,-335
206000172,10,1358,-1348
206000173,5,449,-444
206000174,9,251,-242
206000175,3,384,-381
206000176,27,656,-629
206000177,5,392,-387
206000178,1,282,-281
206000179,6,179,-173
206000180,29,500,-471
206000181,8,534,-526
206000182,32,512,-480
206000183,48,1831,-1783
206000184,8,682,-674
206000185,8,513,-505
206000186,227,2474,-2247
206000223,5,390,-385
206000226,2,1,1
206000227,26,1,25
206000237,41,721,-680
206000238,101,1027,-926
206000239,852,3315,-2463
206000240,3,55,-52
206000241,0,212,-212
206000242,10,714,-704
206000243,9,644,-635
206000244,97,1420,-1323
206000245,354,73,281
206000246,41,12,29
206000247,55,7,48
206000248,131,15,116
206000252,127,20,107
206000258,18,31,-13
206000315,24,9,15
206000317,258,95,163
206000318,133,66,67
206000319,515,91,424
206000320,49,18,31
206000321,54,13,41
206000322,182,10,172
206000323,80,4,76
206000324,70,3,67
206000325,126,10,116
206000326,80,7,73
206000327,97,9,88
206000328,74,6,68
206000329,117,2,115
206000330,31,5,26
206000331,45,4,41
206000332,15,3,12
206000333,209,5,204
206000334,109,1,108
206000335,0,32,-32
206000361,6,387,-381
206000392,5,77,-72
206000405,91,2,89
206000441,17,7,10
206000498,22,0,22
206000515,203,36,167
206000530,84,32,52
206000531,93,64,29
206000532,1615,102,1513
206000535,501,2830,-2329
206000536,32,349,-317
206000537,8,242,-234
206000613,1323,193,1130
207000001,128,377,-249
207000002,60,290,-230
207000003,112,249,-137
207000007,429,308,121
207000008,46,9,37
207000009,43,32,11
207000010,525,745,-220
207000012,230,343,-113
207000015,312,2179,-1867
207000019,137,87,50
207000021,583,144,439
207000022,53,100,-47
207000023,69,41,28
207000024,2,12,-10
207000025,7,57,-50
207000026,107,79,28
207000027,13,121,-108
207000028,32,314,-282
207000029,255,466,-211
207000033,235,204,31
207000034,169,42,127
207000039,186,150,36
207000040,109,215,-106
207000041,150,111,39
207000042,175,84,91
207000043,138,209,-71
207000051,55,492,-437
207000052,122,240,-118
207000053,464,809,-345
207000054,35,133,-98
207000055,68,250,-182
207000056,254,469,-215
207000057,121,347,-226
207000058,52,493,-441
207000059,31,1010,-979
207000060,31,272,-241
207000061,55,142,-87
207000062,97,42,55
207000063,103,170,-67
207000064,321,256,65
207000065,273,284,-11
207000066,69,179,-110
207000067,26,124,-98
207000068,73,69,4
207000069,608,411,197
207000082,35,530,-495
207000083,85,557,-472
207000084,140,199,-59
207000085,115,13,102
207000086,66,5,61
207000106,10,51,-41
207000107,70,35,35
207000108,21,11,10
207000109,29,8,21
207000110,27,24,3
207000111,53,37,16
207000112,98,215,-117
207000114,10,37,-27
207000115,14,98,-84
207000116,17,280,-263
207000117,6,142,-136
207000118,0,130,-130
207000119,17,122,-105
207000123,221,22,199
207000124,40,25,15
207000125,40,18,22
207000126,63,22,41
207000134,23,331,-308
207000135,24,378,-354
207000148,25,137,-112
207000149,83,69,14
207000152,152,420,-268
207000153,1290,952,338
207000154,293,129,164
207000159,44,353,-309
207000160,70,831,-761
207000238,1,65,-64
207000242,1,252,-251
207000248,46,20,26
207000249,134,69,65
207000250,772,55,717
207000251,114,66,48
207000252,56,84,-28
207000278,40,92,-52
207000279,18,304,-286
207000280,166,73,93
207000281,77,1707,-1630
207000282,113,23,90
207000283,112,237,-125
207000284,44,69,-25
207000285,150,36,114
207000291,11,184,-173
207000304,85,67,18
207000306,52,549,-497
207000310,43,81,-38
207000353,97,2,95
207000356,3,20,-17
207000357,15,7,8
207000358,21,8,13
207000415,5,206,-201
207000417,14,2,12
207000418,71,146,-75
207000438,0,2,-2
207000439,1532,317,1215
207000446,69,0,69
207000460,3,9,-6
207000466,140,240,-100
207000467,128,171,-43
207000468,11,614,-603
207000476,0,122,-122
207000477,174,213,-39
207000478,7,12,-5
207000523,0,12,-12
207000524,36,32,4
207000527,63,152,-89
207000530,73,1,72
207000531,103,4,99
207000532,63,15,48
207000534,823,43,780
207000535,58,198,-140
207000537,31,145,-114
207000540,7,228,-221
207000541,0,394,-394
207000548,3,372,-369
207000549,94,5,89
207000561,92,57,35
207000562,55,208,-153
207000567,173,324,-151
207000568,27,163,-136
207000569,148,1576,-1428
207000584,474,147,327
207000585,68,133,-65
207000616,0,256,-256
207000617,45,0,45
207900008,52,291,-239
208000001,298,483,-185
208000002,333,335,-2
208000003,573,399,174
208000004,589,556,33
208000005,4,26,-22
208000019,435,920,-485
208000020,64,510,-446
208000021,81,646,-565
208000022,512,712,-200
208000028,1290,1225,65
208000033,377,685,-308
208000034,878,1450,-572
208000040,119,186,-67
208000041,501,477,24
208000042,601,580,21
208000047,89,391,-302
208000064,2738,1071,1667
208000066,1313,606,707
208000070,170,511,-341
208000071,174,836,-662
208000072,215,1168,-953
208000080,76,242,-166
208000081,98,128,-30
208000082,138,347,-209
208000083,76,355,-279
208000084,6,12,-6
208000085,521,520,1
208000086,297,859,-562
208000087,189,684,-495
208000089,419,679,-260
208000090,372,1009,-637
208000093,42,119,-77
208000094,271,598,-327
208000095,441,363,78
208000104,523,757,-234
208000105,540,1023,-483
208000114,33,131,-98
208000115,324,343,-19
208000116,118,931,-813
208000117,21,140,-119
208000118,46,93,-47
208000155,416,858,-442
208000158,1663,2348,-685
208000186,2951,1260,1691
208000204,278,759,-481
208000205,642,1369,-727
208000282,3245,952,2293
209000004,70,179,-109
209000005,12,27,-15
209000006,208,100,108
209000007,210,191,19
209000010,499,157,342
209000011,78,215,-137
209000012,211,203,8
209000013,134,762,-628
209000014,693,2106,-1413
209000025,112,28,84
209000026,376,79,297
209000027,367,1366,-999
209000028,335,1448,-1113
209000029,429,1180,-751
209000030,301,2110,-1809
209000031,4621,3241,1380
209000034,145,124,21
209000035,56,94,-38
209000036,66,80,-14
209000037,85,145,-60
209000038,46,121,-75
209000039,37,137,-100
209000040,308,472,-164
209000041,169,378,-209
209000042,281,364,-83
209000043,763,463,300
209000044,200,442,-242
209000045,587,294,293
209000046,167,308,-141
209000047,137,164,-27
209000048,205,160,45
209000049,101,118,-17
209000050,110,178,-68
209000051,179,304,-125
209000052,98,361,-263
209000062,25,196,-171
209000063,14,156,-142
209000064,16,191,-175
209000065,26,33,-7
209000066,21,42,-21
209000067,25,48,-23
209000080,19,188,-169
209000082,43,40,3
209000091,36,85,-49
209000093,113,42,71
209000094,177,124,53
209000110,45,52,-7
209000111,502,768,-266
209000112,359,316,43
209000113,740,321,419
209000114,221,172,49
209000115,50,165,-115
209000116,653,682,-29
209000118,7,50,-43
209000119,18,3,15
209000121,147,805,-658
209000135,45,60,-15
209000142,1070,630,440
209000143,40,100,-60
209000144,13,57,-44
209000229,85,136,-51
209000240,36,510,-474
209000259,69,137,-68
209000260,52,1252,-1200
209000261,4,779,-775
209000262,2,739,-737
209000263,1,160,-159
209000264,0,50,-50
209000265,206,0,206
209000266,40,0,40
209000267,188,4,184
209000268,369,24,345
210000037,90,21,69
210000047,37,41,-4
210000048,41,35,6
210000049,72,35,37
210000052,18,157,-139
210000053,23,101,-78
210000054,76,70,6
210000070,67,2,65
210000071,11,0,11
210000072,9,0,9
210000073,0,47,-47
210000074,2,117,-115
210000075,1,56,-55
210000076,9,245,-236
210000077,57,27,30
210000078,40,32,8
210000079,17,15,2
210000080,66,52,14
210000081,119,6,113
210000082,39,5,34
210000083,100,0,100
210000084,15,1,14
210000085,1,130,-129
210000086,4,145,-141
210000099,38,302,-264
210000100,27,296,-269
210000101,106,250,-144
210000105,48,130,-82
210000159,0,140,-140
210000163,201,165,36
210000164,357,75,282
210000168,156,23,133
210000187,0,4,-4
210000188,0,30,-30
210000214,20,0,20
210000219,26,50,-24
210000220,35,118,-83
210000232,1,36,-35
210000233,15,36,-21
210000234,26,155,-129
210000235,33,184,-151
210000245,2,20,-18
210000246,27,0,27
210000258,13,191,-178
210000259,126,28,98
210000282,37,305,-268
210000285,3,114,-111
210000286,12,181,-169
210000290,0,2,-2
210000295,34,110,-76
210000296,26,32,-6
210000320,117,176,-59
210000321,30,92,-62
210000338,45,101,-56
210000339,863,647,216
210000340,145,191,-46
210000341,119,216,-97
210000342,148,174,-26
210000343,107,189,-82
210000344,139,83,56
210000345,111,75,36
210000346,36,65,-29
210000347,48,27,21
210000348,59,11,48
210000349,28,21,7
210000350,56,56,0
210000351,69,107,-38
210000352,57,92,-35
210000353,27,144,-117
210000354,38,144,-106
210000355,47,108,-61
210000356,49,54,-5
210000357,21,22,-1
210000358,365,121,244
210000359,62,58,4
210000360,162,125,37
210000361,117,116,1
210000362,209,120,89
210000363,1015,101,914
210000364,108,106,2
210000365,106,40,66
210000366,60,48,12
210000367,51,20,31
210000368,127,30,97
210000369,34,16,18
210000370,38,58,-20
210000372,15,36,-21
210000373,16,11,5
210000374,64,10,54
210000375,36,104,-68
210000376,36,162,-126
210000404,121,124,-3
210000439,10,63,-53
210000472,84,6,78
210000482,96,50,46
210000564,896,118,778
210000567,0,9,-9
210000568,591,0,591
211000092,12,87,-75
211000094,40,6,34
211000169,131,12,119
211000172,10,239,-229
211000209,0,22,-22
211000226,2,3,-1
211000270,5,11,-6
211000275,4,34,-30
211000276,30,48,-18
211000279,9,93,-84
211000281,13,89,-76
211507980,0,21,-21
211977296,5,0,5
212000003,80,55,25
212000004,13,16,-3
212000005,7,23,-16
212000006,8,95,-87
212000008,80,241,-161
212000009,6,172,-166
212000012,33,82,-49
212000013,5,64,-59
212000014,177,197,-20
212000015,169,263,-94
212000016,438,659,-221
212000027,388,571,-183
212000028,188,420,-232
212000029,129,322,-193
212000030,25,33,-8
212000031,37,79,-42
212000048,19,99,-80
212000049,11,73,-62
212000050,21,20,1
212000051,117,292,-175
212000052,103,533,-430
212000053,265,809,-544
212000054,87,181,-94
212000055,108,321,-213
212000056,5,63,-58
212000057,25,29,-4
212000058,347,48,299
212000070,55,450,-395
212000077,72,849,-777
212000099,190,276,-86
212000108,109,163,-54
212000111,112,196,-84
212000120,64,125,-61
212000138,55,20,35
212000156,5,162,-157
212000158,3,8,-5
212000159,183,58,125
212000160,268,248,20
212000161,27,10,17
212000310,34,36,-2
212000311,13,113,-100
212000374,24,20,4
213000001,18,820,-802
213000005,455,48,407
213000006,1037,79,958
213000007,50,10,40
213000009,325,137,188
213000010,140,110,30
213000011,135,119,16
213000012,121,381,-260
213000014,32,2,30
213000015,84,2,82
213000016,109,2,107
213000017,8,0,8
213000018,0,344,-344
213000019,0,212,-212
213000020,77,349,-272
213000021,8,116,-108
213000023,214,120,94
213000033,178,620,-442
213000034,269,281,-12
213000035,81,74,7
213000045,83,232,-149
213000046,68,202,-134
213000047,347,733,-386
213000056,22,13,9
213000069,25,2,23
213000073,0,10,-10
213000074,166,705,-539
213000075,302,8,294
213000076,16,1,15
213000085,2,57,-55
213000086,18,233,-215
213000091,28,2,26
213000092,18,1,17
213000099,121,772,-651
213000100,1049,136,913
213000101,67,177,-110
213000102,115,528,-413
213000103,536,746,-210
213000104,30,569,-539
213000105,2,43,-41
213000106,8,248,-240
213000107,88,908,-820
213000108,9,608,-599
213000109,1,253,-252
213000110,3,55,-52
213000111,6,47,-41
213000112,248,141,107
213000115,8,1,7
213000116,71,794,-723
213000117,4,1064,-1060
213000118,190,373,-183
213000119,53,887,-834
213000120,63,794,-731
213000122,164,1008,-844
213000123,746,1443,-697
213000124,64,1973,-1909
213000125,167,17,150
213000126,172,65,107
213000127,257,110,147
213000128,952,441,511
213000129,557,152,405
213000130,256,90,166
213000132,115,44,71
213000133,128,63,65
213000134,388,15,373
213000136,207,6,201
213000137,413,57,356
213000139,156,3,153
213000147,7,1,6
213000148,11,3,8
213000149,21,0,21
213000150,1,71,-70
213000151,2,95,-93
213000152,2,93,-91
213000153,3,49,-46
213000154,11,258,-247
213000155,32,419,-387
213000156,65,567,-502
213000157,565,628,-63
213000158,198,876,-678
213000159,410,524,-114
213000163,331,127,204
213000165,700,103,597
213000171,1,194,-193
213000172,1,379,-378
213000173,4,460,-456
213000174,1,380,-379
213000175,7,275,-268
213000176,10,10,0
213000177,17,0,17
213000178,35,3,32
213000179,100,0,100
213000180,20,0,20
213000184,101,542,-441
213000188,365,56,309
213000189,165,20,145
213000190,813,793,20
213000191,151,584,-433
213000192,65,633,-568
213000193,1325,179,1146
213000194,0,31,-31
213000195,19,454,-435
213000196,81,676,-595
213000197,212,157,55
213000198,11,2,9
213000200,100,1176,-1076
213000201,145,54,91
213000202,12,774,-762
213000203,2450,282,2168
213000204,312,11,301
213000205,141,11,130
213000206,146,12,134
213000207,27,11,16
213000208,16,0,16
213000209,18,1,17
213000210,103,2,101
213000211,0,8,-8
213000212,2,19,-17
213000213,0,53,-53
213000218,134,1074,-940
213000219,419,24,395
213000220,335,8,327
213000223,161,79,82
213000224,7,8,-1
213000225,13,5,8
213000226,19,3,16
213000227,408,88,320
213000228,101,42,59
213000229,553,16,537
213000230,184,11,173
213000232,68,288,-220
213000233,8,25,-17
213000234,1,46,-45
213000293,4,60,-56
213000294,20,8,12
213000295,4,106,-102
213000296,88,15,73
213000297,4,62,-58
213000298,11,100,-89
213000299,35,34,1
213000300,5,2,3
213000303,4,42,-38
213000304,3,5,-2
213000305,0,12,-12
213000306,29,35,-6
213000307,127,84,43
213000308,83,311,-228
213000309,61,50,11
213000310,248,101,147
213000311,359,621,-262
213000315,61,182,-121
213000316,54,58,-4
213000322,46,163,-117
213000323,29,111,-82
213000324,26,161,-135
213000325,15,145,-130
213000326,15,65,-50
213000327,7,148,-141
213000328,19,85,-66
213000329,25,89,-64
213000340,96,1050,-954
213000341,175,71,104
213000347,975,115,860
213000348,11,167,-156
213000349,29,4,25
213000350,154,1623,-1469
213000366,20,387,-367
213000367,82,26,56
213000379,100,199,-99
213000386,2,169,-167
213000406,129,467,-338
213000417,636,251,385
213000425,63,57,6
213000426,78,103,-25
213000427,23,493,-470
213000428,21,299,-278
213000429,9,2,7
213000430,55,1151,-1096
213000431,73,0,73
213000432,0,5,-5
213000433,5,133,-128
213000434,35,146,-111
213000435,59,109,-50
213000436,14,80,-66
213000437,0,51,-51
213000438,65,122,-57
213000439,16,1,15
213000440,7,161,-154
213000441,0,0,0
213000442,2,61,-59
213000443,316,290,26
213000444,16,140,-124
213000445,0,134,-134
213000446,0,10,-10
213000447,1,18,-17
213000448,1,39,-38
213000449,66,0,66
213000450,18,58,-40
213000451,81,80,1
213000452,4,18,-14
213000453,23,319,-296
213000455,222,14,208
213000456,2,161,-159
213000481,67,20,47
213000484,58,0,58
213000489,428,19,409
213900002,1,32,-31
213900003,56,14,42
213900013,1,248,-247
213900015,0,6,-6
213900016,4,16,-12
213900020,8,256,-248
213900030,1,88,-87
213900032,126,20,106
213900033,25,22,3
213900034,139,108,31
213900035,82,934,-852
213900036,60,432,-372
213900037,20,511,-491
213900038,202,202,0
213900039,0,209,-209
213900041,0,53,-53
213900042,148,49,99
213900043,82,149,-67
213900244,6,1,5
213900245,0,32,-32
218000003,24,13,11
218000004,14,6,8
218000005,31,32,-1
218000006,58,25,33
218000007,9,15,-6
218000012,251,106,145
218000013,49,153,-104
218000014,621,403,218
218000019,942,489,453
218000020,422,422,0
218000021,28,165,-137
218000022,7,79,-72
218000023,2,76,-74
218000024,0,42,-42
218000025,19,56,-37
218000026,15,93,-78
218000027,1,31,-30
218000028,5,8,-3
218000029,6,7,-1
218000030,21,50,-29
218000031,7,91,-84
218000032,2,73,-71
218000040,5,3,2
218000046,26,241,-215
218000047,3,330,-327
218000048,45,400,-355
218000049,91,255,-164
218000050,359,515,-156
218000051,52,553,-501
218000052,1,128,-127
218000053,1,27,-26
218000054,44,39,5
218000055,2,34,-32
218000056,10,43,-33
218000057,0,67,-67
218000064,0,1,-1
218000065,25,62,-37
218000066,8,73,-65
218000067,13,75,-62
218000068,54,114,-60
218000069,121,215,-94
218000070,148,375,-227
218000071,143,288,-145
218000072,330,274,56
218000078,486,1531,-1045
218000079,32,75,-43
218000080,47,89,-42
218000081,186,373,-187
218000082,11,189,-178
218000083,15,46,-31
218000084,53,266,-213
218000085,97,564,-467
218000086,33,276,-243
218000087,189,320,-131
218000090,4,68,-64
218000091,652,415,237
218000092,35,149,-114
218000093,32,110,-78
218000094,429,1023,-594
218000099,350,431,-81
218000100,180,357,-177
218000101,131,212,-81
218000102,133,391,-258
218000103,35,220,-185
218000104,25,85,-60
218000105,29,8,21
218000106,22,11,11
218000107,36,168,-132
218000108,17,97,-80
218000112,55,12,43
218000117,37,58,-21
218000134,482,954,-472
218000135,26,90,-64
218000136,86,66,20
218000137,64,158,-94
218000138,36,125,-89
218000139,50,389,-339
218000140,112,169,-57
218000141,54,52,2
218000142,75,207,-132
218000143,14,224,-210
218000144,7,81,-74
218000145,166,648,-482
218000146,42,110,-68
218000151,18,22,-4
218000152,33,67,-34
218000153,2,7,-5
218000154,0,1,-1
218000155,7,5,2
218000156,38,19,19
218000157,9,19,-10
218000158,1,5,-4
218000159,2,3,-1
218000160,1,10,-9
218000161,4,3,1
218000162,12,24,-12
218000163,3,3,0
218000164,16,10,6
218000165,37,46,-9
218000170,1,42,-41
218000171,43,6,37
218000172,7,7,0
218000173,71,21,50
218000174,7,12,-5
218000176,107,14,93
218000177,281,78,203
218000178,66,92,-26
218000179,49,37,12
218000180,51,22,29
218000181,94,27,67
218000187,6,20,-14
218000188,31,49,-18
218000189,9,93,-84
218000190,6,40,-34
218000191,62,97,-35
218000192,77,599,-522
218000193,294,656,-362
218000194,40,550,-510
218000195,68,115,-47
218000196,190,327,-137
218000197,154,521,-367
218000198,3,147,-144
218000199,13,48,-35
218000200,55,37,18
218000201,16,7,9
218000202,102,115,-13
218000207,9,61,-52
218000208,15,93,-78
218000211,35,7,28
218000212,1,17,-16
218000213,126,67,59
218000214,1,20,-19
218000215,88,140,-52
218000217,7,148,-141
218000218,360,115,245
218000219,19,23,-4
218000220,87,342,-255
218000221,428,184,244
218000222,70,17,53
218000223,28,151,-123
218000224,0,39,-39
218000225,165,17,148
218000226,38,44,-6
218000230,2,5,-3
218000232,78,67,11
218000239,16,1,15
218000240,0,0,0
218000241,3,0,3
218000242,2,1,1
218000243,0,1,-1
218000244,7,0,7
218000245,0,1,-1
218000246,0,0,0
218000247,0,0,0
218000248,0,47,-47
218000249,0,4,-4
218000250,0,14,-14
218000251,0,13,-13
218000252,2,27,-25
218000253,3,10,-7
218000254,0,22,-22
218000255,1,6,-5
218000256,2,73,-71
218000267,758,1353,-595
218000268,6,114,-108
218000269,3,26,-23
218000270,18,80,-62
218000271,24,75,-51
218000273,8,9,-1
218000274,7,1,6
218000275,35,28,7
218000276,3,52,-49
218000278,10,34,-24
218000279,9,44,-35
218000280,14,13,1
218000281,4,9,-5
218000282,363,171,192
218000284,100,3,97
218000301,28,125,-97
218000302,63,47,16
218000303,20,90,-70
218000316,828,1394,-566
218000317,542,1454,-912
218000318,195,1280,-1085
218000319,593,1735,-1142
218000320,598,848,-250
218000338,13,25,-12
218000345,89,57,32
218000346,18,140,-122
218000459,73,462,-389
218000490,9,72,-63
218000501,24,28,-4
218000502,26,133,-107
218000503,39,18,21
218000504,85,9,76
218000505,22,181,-159
218000506,8,173,-165
218000508,1,4,-3
218000510,154,7,147
218000520,100,104,-4
218000521,1,71,-70
218000522,0,133,-133
218000523,59,1,58
218000524,53,119,-66
218000525,68,17,51
218000526,88,80,8
218000529,9,264,-255
218000530,4,11,-7
218000531,5,34,-29
218000532,11,35,-24
218000534,28,11,17
218000537,6,54,-48
218000538,100,164,-64
218000540,463,109,354
218000543,87,75,12
218000544,46,124,-78
218000545,21,116,-95
218000546,39,161,-122
218000547,47,137,-90
218000548,130,256,-126
218000549,297,101,196
218000550,301,846,-545
218000551,404,247,157
218000552,830,33,797
218000553,11,78,-67
218000554,23,26,-3
218000555,11,55,-44
218000556,88,561,-473
218000557,160,140,20
218000558,58,0,58
218000559,0,21,-21
218000560,0,13,-13
218000561,12,0,12
218000562,12,211,-199
218000563,88,13,75
218000564,16,126,-110
218000565,228,22,206
218000566,308,18,290
218000567,4,74,-70
218000568,13,1,12
218000569,7,55,-48
218000570,133,9,124
218000571,1,90,-89
218000572,33,1,32
218000573,50,36,14
218000574,203,76,127
218000575,33,0,33
218000576,0,59,-59
218000577,12,0,12
218000578,0,119,-119
218000579,78,1,77
218000581,0,92,-92
218000582,8,1,7
218000583,9,0,9
218000584,0,30,-30
218000585,1,6,-5
218000586,2,38,-36
218000587,0,2,-2
218000588,0,1,-1
218000589,0,0,0
218000590,0,0,0
218000591,0,2,-2
218000592,3,0,3
218000593,0,0,0
218000594,0,0,0
218000595,0,0,0
218000596,0,0,0
218000597,0,0,0
218000598,0,0,0
218000599,0,0,0
218000600,0,0,0
218000601,0,0,0
218000602,0,0,0
218000603,0,1,-1
218000604,2,0,2
218000605,0,15,-15
218000606,12,0,12
218000607,17,29,-12
218000608,5,5,0
218000609,4,43,-39
218000610,21,1,20
218000611,5,3,2
218000612,2,70,-68
218000613,11,0,11
218000614,0,72,-72
218000615,24,0,24
218000616,2,183,-181
218000617,8,2,6
218000618,0,15,-15
218000619,9,12,-3
218000620,2,38,-36
218000621,0,1,-1
218000622,0,6,-6
218000623,2,0,2
218000624,0,11,-11
218000625,3,2,1
218000626,4,6,-2
218000628,45,28,17
218000631,9,15,-6
218000632,0,80,-80
218000633,47,0,47
218000634,5,22,-17
218000635,4,5,-1
218000636,582,1875,-1293
218000637,536,829,-293
218000638,44,40,4
218000639,14,356,-342
218000640,137,32,105
218000641,35,584,-549
218000652,157,226,-69
218000653,115,57,58
218000663,0,114,-114
218000675,18,39,-21
218000676,2,46,-44
218000677,11,20,-9
218000680,102,638,-536
218000681,258,97,161
218000691,92,533,-441
218000693,76,66,10
218000703,9,97,-88
218000718,1094,311,783
218000719,1477,59,1418
218000720,4,30,-26
218000721,19,12,7
218000725,3,19,-16
218001214,13,45,-32
218001329,108,84,24
218001330,156,57,99
218001351,9,9,0
218001352,7,11,-4
218001353,11,11,0
218001354,2,12,-10
219000001,35,67,-32
219000002,18,96,-78
219000003,28,13,15
219000004,44,55,-11
219000017,74,20,54
219000020,59,22,37
219000022,114,6,108
219000023,84,1,83
219000029,0,134,-134
219000034,8,8,0
219000039,30,64,-34
219000040,36,18,18
219000041,82,28,54
219000051,1,82,-81
219000052,1,25,-24
219000053,1,292,-291
219000054,353,409,-56
219000055,44,0,44
219000056,2,0,2
219000057,27,1,26
219000062,5,243,-238
219000063,21,7,14
219000064,1,25,-24
219000110,201,49,152
219000111,86,45,41
219000112,172,68,104
219000113,109,52,57
219000114,619,37,582
219000116,57,23,34
219000117,140,86,54
219000118,61,86,-25
219000123,216,106,110
219000124,44,74,-30
219000125,8,34,-26
219000126,68,118,-50
219000127,0,5,-5
219000128,31,75,-44
219000129,17,114,-97
219000130,1091,655,436
219000131,922,734,188
219000133,50,36,14
219000134,5,16,-11
219000135,37,41,-4
219000136,53,153,-100
219000138,39,19,20
219000139,21,58,-37
219000140,10,0,10
219000141,8,152,-144
219000142,13,129,-116
219000143,32,144,-112
219000145,16,49,-33
219000146,9,67,-58
219000147,1,84,-83
219000148,3,120,-117
219000149,47,302,-255
219000150,2,182,-180
219000151,1,100,-99
219000157,130,207,-77
219000158,97,253,-156
219000161,107,7,100
219000163,1932,424,1508
219000166,53,198,-145
219000167,52,260,-208
219000168,702,104,598
219000174,168,69,99
219000175,26,1,25
219000176,35,0,35
219000177,13,3,10
219000178,16,1,15
219000179,2,14,-12
219000180,48,27,21
219000182,70,16,54
219000183,27,57,-30
219000184,28,9,19
219000185,0,152,-152
219000186,10,92,-82
219000187,6,239,-233
219000189,152,112,40
219000190,175,187,-12
219000191,1808,725,1083
219000192,96,105,-9
219000193,596,140,456
219000195,0,90,-90
219000196,5,149,-144
219000198,35,192,-157
219000199,118,246,-128
219000200,22,215,-193
219000201,80,330,-250
219000203,22,138,-116
219000204,68,228,-160
219000205,51,297,-246
219000207,342,274,68
219000209,15,106,-91
219000210,30,123,-93
219000213,13,339,-326
219000239,176,296,-120
219000240,182,355,-173
219000241,82,277,-195
219000242,46,262,-216
219000243,39,353,-314
219000244,6,134,-128
219000245,12,32,-20
219000246,9,21,-12
219000247,46,15,31
219000248,385,161,224
219000249,114,42,72
219000250,57,52,5
219000251,406,112,294
219000252,89,115,-26
219000253,71,21,50
219000255,31,68,-37
219000256,76,43,33
219000257,72,0,72
219000262,104,319,-215
219000263,46,256,-210
219000267,6,154,-148
219000268,2,7,-5
219000269,1,0,1
219000270,3,0,3
219000271,29,4,25
219000278,2,12,-10
219000279,0,3,-3
219000283,0,10,-10
219000295,7,124,-117
219000296,65,684,-619
219000297,19,220,-201
219000298,11,283,-272
219000299,322,52,270
219000300,36,431,-395
219000301,145,412,-267
219000302,6,236,-230
219000307,27,60,-33
219000308,42,27,15
219000311,88,39,49
219000312,181,34,147
219000313,140,18,122
219000314,122,764,-642
219000315,88,23,65
219000316,171,31,140
219000317,55,2,53
219000320,3,62,-59
219000321,0,15,-15
219000323,2,119,-117
219000325,0,46,-46
219000326,108,148,-40
219000327,53,62,-9
219000328,25,63,-38
219000329,327,66,261
219000330,44,33,11
219000331,35,52,-17
219000332,41,83,-42
219000333,6,5,1
219000335,72,1,71
219000337,5,0,5
219000338,26,0,26
219000344,39,138,-99
219000345,96,176,-80
219000346,28,239,-211
219000348,55,225,-170
219000349,12,310,-298
219000350,25,74,-49
219000351,2,0,2
219000352,209,59,150
219000353,95,46,49
219000354,113,152,-39
219000355,110,53,57
219000356,1986,269,1717
219000363,252,17,235
219000364,61,18,43
219000365,75,12,63
219000366,264,74,190
219000368,360,316,44
219000370,1022,125,897
219000371,3,6,-3
219000382,3,21,-18
219000383,705,602,103
219000385,666,436,230
219000386,1226,1277,-51
219000387,2,5,-3
219000390,1,0,1
219000391,0,0,0
219000397,91,134,-43
219000398,82,29,53
219000401,6,69,-63
219000402,5,105,-100
219000403,29,114,-85
219000404,18,82,-64
219000407,0,26,-26
219000409,19,42,-23
219000410,18,15,3
219000411,12,5,7
219000446,262,459,-197
219000447,0,17,-17
219000448,10,4,6
219000452,74,53,21
219000453,44,96,-52
219000454,247,205,42
219000556,96,52,44
219000558,69,423,-354
219000590,10,245,-235
219000591,26,46,-20
219000592,109,465,-356
219000595,1,55,-54
219000635,34,29,5
219000636,24,102,-78
219000657,37,18,19
219000658,9,32,-23
219000673,0,18,-18
219000676,8,2,6
219000679,12,11,1
219000684,17,1,16
219000685,1,138,-137
219000686,8,3,5
219000688,0,114,-114
219000689,79,177,-98
219000690,173,18,155
219000691,58,93,-35
219000692,115,31,84
219000693,1,43,-42
219000694,13,0,13
219000695,7,1,6
219000698,20,1,19
219000699,0,15,-15
219000727,5,251,-246
219000728,37,1,36
219000770,20,12,8
219000771,1,45,-44
219000788,13,18,-5
219001150,0,4,-4
219001151,0,2,-2
219001166,5,5,0
219001167,2,74,-72
220000001,3,36,-33
220000002,7,169,-162
220000003,358,285,73
220000004,569,720,-151
220000005,1721,1462,259
220000006,125,872,-747
220000007,182,973,-791
220000008,175,1302,-1127
220000009,138,567,-429
220000010,66,144,-78
220000011,849,1614,-765
220000012,40,155,-115
220000014,36,89,-53
220000015,16,151,-135
220000017,17,389,-372
220000018,5605,840,4765
220000019,37,209,-172
220000020,116,243,-127
220000021,340,179,161
220000022,356,500,-144
220000023,194,123,71
220000024,1448,274,1174
220000025,978,341,637
220000026,173,123,50
220000027,19,106,-87
220000028,15,35,-20
220000029,45,162,-117
220000030,61,80,-19
220000031,151,321,-170
220000064,10,1206,-1196
221000046,2,2,0
221000047,0,3,-3
221000048,0,1,-1
221000049,1,11,-10
221000050,7,0,7
221000055,26,56,-30
221000057,56,7,49
221000068,286,84,202
221000069,247,40,207
221000070,112,19,93
221000071,48,10,38
221000072,113,23,90
221000073,180,51,129
221000074,1,18,-17
221000075,15,18,-3
221000076,14,39,-25
221000077,32,94,-62
221000081,26,4,22
221000082,29,8,21
221000083,26,5,21
221000084,7,1,6
221000085,21,81,-60
221000086,9,137,-128
221000087,3,236,-233
221000088,15,195,-180
221000089,28,254,-226
221000090,125,508,-383
221000098,161,12,149
221000099,84,15,69
221000100,41,5,36
221000101,283,12,271
221000102,123,9,114
221000109,3,103,-100
221000110,7,155,-148
221000111,25,186,-161
221000112,6,104,-98
221000113,22,208,-186
221000114,20,207,-187
221000120,3,31,-28
221000121,4,50,-46
221000122,11,20,-9
221000123,4,8,-4
221000124,22,405,-383
221000155,108,1,107
221000156,6,19,-13
221000175,1,2,-1
221000176,0,2,-2
221000182,21,1,20
221000241,415,186,229
221000242,278,308,-30
221000243,268,89,179
221000244,254,340,-86
221000245,40,121,-81
221000246,11,199,-188
221000247,22,152,-130
221000248,42,129,-87
221000267,54,829,-775
221000325,71,45,26
221000331,3,115,-112
221000338,0,25,-25
221000378,88,33,55
221000381,51,73,-22
222000282,2,1,1
222000296,2,17,-15
222000568,226,9,217
222000569,92,14,78
222000570,71,1,70
222000571,96,6,90
222000577,11,310,-299
222000578,9,256,-247
222000579,17,152,-135
222000580,134,984,-850
222000599,0,199,-199
222000600,1,354,-353
222000601,11,1004,-993
222000603,8,13,-5
222000604,1,11,-10
222000605,2,10,-8
222000606,0,7,-7
222000607,1,3,-2
222000608,10,21,-11
222000609,41,382,-341
222000616,52,40,12
222000617,10,17,-7
222000618,3,1,2
222000620,28,3,25
222000621,17,2,15
222000623,410,2,408
222000624,139,3,136
222000625,269,73,196
222000636,35,1,34
222000686,5,11,-6
222000687,28,29,-1
222001066,192,2,190
222001067,11,8,3
222001068,14,54,-40
222001069,20,56,-36
222001082,13,82,-69
222001083,13,98,-85
222001084,0,23,-23
222001085,1,245,-244
222001111,12,287,-275
222001112,73,22,51
222001313,13,2,11
222001314,6,137,-131
222001464,17,76,-59
222001465,4,139,-135
222001484,36,65,-29
222001485,10,102,-92
222001494,117,159,-42
222001495,125,598,-473
222001496,128,66,62
222001497,67,882,-815
222001502,25,137,-112
222001503,7,1,6
222001504,15,276,-261
222001505,30,7,23
222001506,39,261,-222
222001507,40,3,37
222001510,48,8,40
222001511,27,510,-483
222001514,229,22,207
222001515,237,745,-508
222001518,33,16,17
222001519,45,504,-459
222001527,37,10,27
222001528,112,224,-112
222001529,41,2,39
222001530,43,300,-257
222001533,175,516,-341
222001534,31,9,22
222001535,67,101,-34
222001536,87,527,-440
222001537,51,12,39
222001538,51,563,-512
222001563,89,37,52
222001564,26,1014,-988
222001568,161,87,74
222001576,0,0,0
222001579,0,4,-4
222001583,11,331,-320
222001584,49,11,38
222001596,724,1992,-1268
222001597,1162,220,942
222001626,1,219,-218
222001650,97,86,11
222001651,78,151,-73
222001914,49,15,34
222001915,77,239,-162
222900004,427,168,259
222900009,417,934,-517
222900019,44,171,-127
222900024,8,41,-33
222900025,0,42,-42
225000001,319,70,249
225000002,174,52,122
225000003,197,49,148
225000004,128,157,-29
225000005,17,48,-31
225000006,0,95,-95
225000007,2600,914,1686
225000010,43,1,42
225000011,395,509,-114
225000012,98,295,-197
225000013,49,120,-71
225000014,401,39,362
225000015,110,199,-89
225000021,307,112,195
225000027,231,403,-172
225000032,462,93,369
225000042,41,631,-590
225000049,31,55,-24
225000050,28,6,22
225000053,0,158,-158
225000058,180,100,80
225000067,119,219,-100
225000068,90,482,-392
225000069,179,476,-297
225000070,57,424,-367
225000071,18,273,-255
225000075,23,858,-835
225000076,80,102,-22
225000078,41,8,33
225000085,20,53,-33
225000086,52,20,32
225000087,104,7,97
225000088,10,150,-140
225000089,327,390,-63
225000090,8,246,-238
225000091,38,210,-172
225000092,15,76,-61
225000093,122,338,-216
225000094,23,418,-395
225000095,191,540,-349
225000096,67,311,-244
225000098,229,88,141
225000099,144,92,52
225000100,93,78,15
225000104,25,418,-393
225000110,6,428,-422
225000111,76,1074,-998
225000112,188,952,-764
225000113,95,566,-471
225000114,38,275,-237
225000115,2472,550,1922
225000116,888,52,836
225000117,391,227,164
225000118,446,141,305
225000119,93,41,52
225000120,326,23,303
225000121,136,22,114
225000123,799,15,784
225000125,143,243,-100
225000126,675,166,509
225000127,904,366,538
225000128,205,302,-97
225000132,131,24,107
225000133,192,19,173
225000134,466,47,419
225000135,29,3,26
225000136,82,15,67
225000137,69,30,39
225000138,180,13,167
225000143,75,142,-67
225000144,3,302,-299
225000145,25,25,0
225000146,15,110,-95
225000147,5,392,-387
225000148,2,248,-246
225000149,71,409,-338
225000151,27,316,-289
225000155,111,278,-167
225000156,116,535,-419
225000157,86,412,-326
225000158,34,395,-361
225000171,2,161,-159
225000180,4,0,4
225000181,0,41,-41
225000182,20,7,13
225000185,6,213,-207
225000187,53,425,-372
225000191,14,1,13
225000194,0,3,-3
225000208,0,52,-52
225000209,23,28,-5
225000210,0,171,-171
225000217,0,12,-12
225000218,3,0,3
225000223,0,29,-29
225000224,13,0,13
225000225,0,1,-1
225000226,21,1,20
225000227,28,28,0
225000228,6,2,4
225000229,0,83,-83
225000230,50,2,48
225000231,0,94,-94
225000232,43,0,43
225000241,16,0,16
225000242,0,34,-34
225000249,3,1,2
225000250,38,1056,-1018
225000251,188,20,168
225000254,0,0,0
225000256,0,2,-2
225000257,0,4,-4
226000042,406,403,3
226000043,72,280,-208
226000044,143,727,-584
226000045,60,467,-407
226000046,132,40,92
226000047,198,42,156
226000048,200,24,176
226000049,99,40,59
226000070,1,46,-45
226000071,0,74,-74
226000072,0,12,-12
226000073,0,7,-7
226000074,0,5,-5
226000084,2,54,-52
226000085,2,4,-2
226000086,2,6,-4
226000087,0,5,-5
226000088,107,8,99
226000090,116,24,92
226000091,10,6,4
226000092,0,1,-1
226000093,5,1,4
226000094,7,1,6
226000095,2,1,1
226000105,1,1,0
226000106,4,0,4
226000107,5,0,5
226000108,5,0,5
226000109,33,0,33
226000124,83,37,46
226000134,275,241,34
226000135,606,401,205
226000136,163,287,-124
226000137,20,488,-468
226000138,8,317,-309
226000139,1,19,-18
226000156,32,1,31
226000157,97,5,92
226000163,26,23,3
226000202,3,472,-469
226000231,65,6,59
226000232,23,3,20
227000033,227,39,188
227000036,126,13,113
227000037,76,5,71
227000038,44,14,30
227000084,0,36,-36
227000085,2,33,-31
227000088,8,1,7
227000089,68,0,68
227000090,9,0,9
227000091,2,0,2
227000092,9,0,9
227000093,31,0,31
227000094,2,0,2
227000130,20,42,-22
227000131,6,253,-247
227000132,20,245,-225
227000133,8,259,-251
227000134,13,371,-358
227000152,0,4,-4
227000153,0,49,-49
227000154,0,37,-37
227000155,0,18,-18
227000156,0,15,-15
227000165,3,20,-17
227000196,150,443,-293
227000199,107,819,-712
227000230,37,634,-597
227000232,166,20,146
227000242,55,446,-391
227000243,353,34,319
227000245,11,340,-329
227000246,58,445,-387
227000247,135,76,59
227000248,31,23,8
227000249,13,283,-270
227000250,193,88,105
227000251,108,207,-99
227000252,11,400,-389
227000253,49,31,18
227000262,189,10,179
227000266,352,12,340
227000267,41,2994,-2953
227000282,5,357,-352
227000284,115,17,98
227000286,3,167,-164
227000291,38,801,-763
227000296,678,304,374
227000484,373,22,351
227000485,24,807,-783
227000655,55,10,45
227000656,621,13,608
227000657,25,10,15
227000704,77,17,60
229000265,3,4,-1
229000266,3,2,1
229000267,2,0,2
229000268,5,0,5
229000269,67,0,67
229000274,1,6,-5
229000275,1,21,-20
229000276,0,20,-20
229000277,0,2,-2
229000278,4,5,-1
229000295,16,20,-4
229000296,9,3,6
229000297,7,38,-31
229000298,4,83,-79
229000320,13,2,11
229000321,7,4,3
229000412,7,97,-90
229000414,4,54,-50
229000415,1,3,-2
229000416,1,1,0
229000417,1,9,-8
229000419,85,202,-117
229000440,172,56,116
229000442,2,13,-11
229000443,1,0,1
229000444,1,25,-24
229000445,15,3,12
229000446,14,22,-8
229000491,4,49,-45
229000492,14,207,-193
229000493,11,168,-157
229000494,16,4,12
229000495,74,21,53
229000496,17,8,9
229000507,0,37,-37
229000508,0,33,-33
229000509,1,60,-59
229000510,3,22,-19
229000511,6,75,-69
229000512,0,55,-55
229000513,0,6,-6
229000514,0,2,-2
229000517,1,16,-15
229000518,4,26,-22
229000519,0,14,-14
229000520,3,60,-57
229000521,8,42,-34
229000522,0,18,-18
229000523,1,29,-28
229000524,0,16,-16
229000527,1,1,0
229000528,0,0,0
229000529,4,1,3
229000530,128,3,125
229000531,32,2,30
229000532,26,3,23
229000533,108,4,104
229000534,71,1,70
229000564,39,1,38
229000565,8,1,7
229000566,0,52,-52
229000567,1,131,-130
229000582,148,2,146
229000583,2,4,-2
229000584,0,71,-71
229000585,8,85,-77
229000718,0,2,-2
229000719,0,1,-1
229000720,0,23,-23
229000721,0,14,-14
229000722,0,37,-37
229000723,0,23,-23
229000724,0,1,-1
229000725,0,2,-2
229000738,1,0,1
229000739,0,0,0
229000740,0,0,0
229000741,7,0,7
229000742,1,0,1
229000743,19,1,18
229000744,2,0,2
229000745,0,0,0
229000746,9,0,9
229000847,9,0,9
229000848,6,1,5
229000849,38,0,38
229000851,7,0,7
229000854,0,69,-69
229000856,1,171,-170
229000857,0,58,-58
229000858,0,165,-165
229000919,6,137,-131
229000930,5,196,-191
229000937,49,27,22
229000966,19,16,3
229000981,12,53,-41
229000985,3,18,-15
229000986,0,4,-4
229000987,0,0,0
229000988,0,4,-4
229000989,2,4,-2
229000990,0,1,-1
229000991,1,5,-4
229000992,7,22,-15
229000993,128,24,104
229000998,21,27,-6
229000999,53,8,45
229001034,0,16,-16
229001035,1,2,-1
229001036,1,33,-32
229001037,26,1,25
229001038,0,3,-3
229001039,1,0,1
229001040,1,55,-54
229001041,47,0,47
229001042,4,30,-26
229001047,5,45,-40
229001050,12,21,-9
229001168,0,14,-14
229001200,1,3,-2
229001338,0,25,-25
229001394,314,2,312
229001422,94,32,62
229001423,46,176,-130
229001431,53,39,14
229001432,57,90,-33
229001444,96,46,50
229001445,22,154,-132
229001479,2,8,-6
229001503,96,88,8
229001504,85,229,-144
229001505,62,71,-9
229001506,26,192,-166
229001509,24,11,13
229001510,5,32,-27
229001545,53,9,44
229001546,5,127,-122
229001553,20,14,6
229001554,17,142,-125
229001630,49,13,36
229001631,11,41,-30
229001635,0,3,-3
229001636,0,0,0
229001658,4,108,-104
229001659,143,1,142
229001660,0,3,-3
229001661,1,11,-10
229001662,7,0,7
229001663,0,18,-18
229002584,90,100,-10
229002831,115,110,5
229002841,1,24,-23
229002842,0,24,-24
229002843,6,16,-10
229002844,14,71,-57
229002845,0,75,-75
229002846,3,8,-5
229002847,3,6,-3
229002848,2,7,-5
229002849,0,46,-46
229002850,5,2,3
229002851,8,74,-66
229002852,19,25,-6
229002853,20,13,7
229002854,6,71,-65
229002855,2,26,-24
229002856,9,11,-2
229002857,0,49,-49
229002858,0,1,-1
229002859,16,24,-8
229002860,20,4,16
229002861,10,22,-12
229002862,4,46,-42
229002863,1,16,-15
229002864,0,29,-29
229002865,2,10,-8
229002866,1,11,-10
229002867,1,22,-21
229002868,2,9,-7
229002869,2,110,-108
229002870,3,12,-9
235000066,384,82,302
235000067,106,182,-76
235000072,21,51,-30
235000073,97,245,-148
235000074,17,106,-89
235000080,2,83,-81
235000081,64,279,-215
235000082,37,57,-20
235000083,100,120,-20
235000084,9,94,-85
235000085,72,117,-45
235000089,15,69,-54
235000092,8,153,-145
235000093,3,2,1
235000097,4,6,-2
235000098,32,31,1
235000099,13,54,-41
235000116,73,28,45
235000117,1164,5,1159
235000133,17,189,-172
235000134,10,75,-65
235000206,9,6,3
235000207,2,7,-5
235000208,2,1,1
235000209,0,2,-2
235000210,3,2,1
235000212,0,15,-15
235000213,0,4,-4
235000220,0,2,-2
235000221,16,17,-1
235000238,4,24,-20
235000239,1,1,0
235000242,117,232,-115
235000245,1315,191,1124
235000246,9,62,-53
235000284,2,81,-79
235000295,40,2,38
235000305,36,2,34
235000306,22,4,18
235000307,1,6,-5
235000308,4,0,4
235000309,10,0,10
235000310,32,0,32
235000311,18,3,15
235000322,0,27,-27
235000323,1,54,-53
235000324,0,20,-20
235000325,0,13,-13
235000326,4,398,-394
235000351,6,39,-33
235000352,12,55,-43
235000353,0,47,-47
235000354,3,44,-41
235000355,0,71,-71
235000356,11,3,8
235000357,3,4,-1
235000358,9,4,5
235000359,2,3,-1
235000360,19,3,16
235000361,15,2,13
235000381,25,406,-381
235000382,59,67,-8
235000390,8,14,-6
235000391,44,27,17
235000392,51,150,-99
235000393,68,82,-14
235000395,76,30,46
235000396,221,54,167
235000400,75,22,53
235000401,2,266,-264
235000405,63,609,-546
235000406,32,462,-430
235000407,72,170,-98
235000409,278,189,89
235000410,36,203,-167
235000411,3,100,-97
235000485,0,10,-10
235000486,4,0,4
235000549,41,92,-51
235000550,48,277,-229
235000599,39,92,-53
235000600,7,12,-5
235000601,31,37,-6
235000602,45,188,-143
235000614,0,3,-3
235000648,1,26,-25
235000649,22,1,21
235000685,1,6,-5
235000815,0,25,-25
235000834,0,1,-1
235000855,36,76,-40
235000862,12,287,-275
235000891,0,10,-10
235000892,5,1,4
235000901,66,128,-62
235000907,4,3,1
235001010,22,123,-101
235001029,966,342,624
235001030,509,201,308
235001078,63,63,0
235001079,78,196,-118
235001147,11,40,-29
235001166,21,102,-81
235001167,10,66,-56
235001169,9,305,-296
235001188,0,5,-5
235001189,1,0,1
235001197,2,14,-12
235001200,27,26,1
235001207,35,10,25
235001208,5,1,4
235001209,8,22,-14
235001210,12,245,-233
235001215,6,75,-69
235001239,1,43,-42
235001244,0,7,-7
235016267,0,16,-16
241900007,35,0,35
277101746,0,7,-7
277102712,5,4,1
277103813,0,0,0
277103898,0,3,-3
277104249,0,0,0
277104250,0,4,-4
277104251,0,4,-4
277104252,0,4,-4
990011530,0,276,-276
990014944,0,650,-650
990015176,3,3,0
990015618,0,112,-112
990016032,3,465,-462
990032570,3,100,-97
990070001,16,0,16
990070103,0,4,-4
990070601,0,70,-70
990070751,149,0,149
990070766,4,1156,-1152
990071180,174,216,-42
990071343,11,2,9
990071387,0,6,-6
990071823,175,3,172
990072600,0,658,-658
990072964,2,784,-782
990073285,0,4,-4
990074393,5,1348,-1343
990074870,243,3,240
990075106,305,132,173
990075746,90,2,88
990076437,172,3,169
990076458,5,1557,-1552
997000007,61,0,61
997000041,0,196,-196
997000058,7,0,7
997000062,12,0,12
997000069,0,4,-4
997000070,0,45,-45
997000100,8,0,8
997000141,4,509,-505
997000198,0,225,-225
998000475,0,33,-33
998000736,1,323,-322
998000965,0,7,-7
998001031,0,45,-45
998001700,0,24,-24
998001899,0,1,-1
998001900,5,0,5
998003073,1035,24,1011
998101900,0,0,0
998102850,0,133,-133
998501927,179,318,-139
998501929,80,1,79
998501930,58,0,58
998501931,47,3,44
998501932,7,0,7
998501933,21,3,18
998501937,7,1,6
998501944,1,0,1
998501950,0,0,0
998501970,9,3,6
998501971,0,65,-65
998501973,0,83,-83
998501974,1,247,-246
998501975,53,0,53
998501976,11,0,11
998501977,0,13,-13
998501978,45,0,45
998501979,0,5,-5
998501980,82,1,81
998501981,11,2,9
998501982,0,102,-102
998501983,0,0,0
998502006,0,0,0
998502024,0,1,-1
998502032,0,1,-1
998502062,10,0,10
998502063,0,0,0
998502173,29,2,27
998502269,0,1,-1
998601159,3,441,-438
998601292,0,15,-15
999033574,0,321,-321
999800001,16,10,6
999800002,0,5,-5
999800003,1,1,0
999800004,0,10,-10
999800005,0,14,-14
