dong,insum,outsum,diff
강남구 개포1동,1708,1760,-52
강남구 개포2동,27382,15932,11450
강남구 개포4동,22413,19588,2825
강남구 논현1동,60584,60198,386
강남구 논현2동,39863,55096,-15233
강남구 대치1동,19665,23247,-3582
강남구 대치2동,55892,83576,-27684
강남구 대치4동,53367,42263,11104
강남구 도곡1동,35436,41272,-5836
강남구 도곡2동,17382,16619,763
강남구 삼성1동,90865,101255,-10390
강남구 삼성2동,26457,63709,-37252
강남구 세곡동,62346,32933,29413
강남구 수서동,27749,45091,-17342
강남구 신사동,26297,26534,-237
강남구 압구정동,44165,59923,-15758
강남구 역삼1동,101005,124168,-23163
강남구 역삼2동,43386,59100,-15714
강남구 일원1동,18047,13039,5008
강남구 일원2동,5410,4069,1341
강남구 일원본동,22585,13296,9289
강남구 청담동,62755,71226,-8471
강동구 강일동,37639,14375,23264
강동구 고덕제1동,13191,6969,6222
강동구 고덕제2동,12379,33077,-20698
강동구 길동,22568,15486,7082
강동구 둔촌제1동,107,979,-872
강동구 둔촌제2동,12073,12773,-700
강동구 명일제1동,16447,17950,-1503
강동구 명일제2동,10265,10393,-128
강동구 상일동,18849,26723,-7874
강동구 성내제1동,15354,14740,614
강동구 성내제2동,16473,13712,2761
강동구 성내제3동,17277,19255,-1978
강동구 암사제1동,22481,6786,15695
강동구 암사제2동,3665,17994,-14329
강동구 암사제3동,4644,1187,3457
강동구 천호제1동,8476,4738,3738
강동구 천호제2동,23619,32062,-8443
강동구 천호제3동,9605,12828,-3223
강북구 미아동,22355,31443,-9088
강북구 번1동,42898,47067,-4169
강북구 번2동,20812,14240,6572
강북구 번3동,39708,17594,22114
강북구 삼각산동,12553,5668,6885
강북구 삼양동,27695,13164,14531
강북구 송중동,60586,62783,-2197
강북구 송천동,55988,46615,9373
강북구 수유1동,36203,25377,10826
강북구 수유2동,29367,12395,16972
강북구 수유3동,44187,88546,-44359
강북구 우이동,29134,16619,12515
강북구 월곡제1동,4136,3646,490
강북구 인수동,27836,14873,12963
강서구 가양제1동,23029,28088,-5059
강서구 가양제2동,5155,6040,-885
강서구 가양제3동,6906,6666,240
강서구 공항동,19352,17652,1700
강서구 등촌제1동,26862,41576,-14714
강서구 등촌제2동,17113,8315,8798
강서구 등촌제3동,30754,40651,-9897
강서구 발산제1동,38211,36262,1949
강서구 방화제1동,20349,18984,1365
강서구 방화제2동,15923,15840,83
강서구 방화제3동,3945,3473,472
강서구 염창동,22403,14776,7627
강서구 우장산동,29286,26368,2918
강서구 화곡본동,22485,15426,7059
강서구 화곡제1동,60688,59246,1442
강서구 화곡제2동,21130,8924,12206
강서구 화곡제3동,11892,17253,-5361
강서구 화곡제4동,21335,11128,10207
강서구 화곡제6동,34052,32721,1331
강서구 화곡제8동,17475,26089,-8614
관악구 낙성대동,41925,62232,-20307
관악구 난곡동,46773,6777,39996
관악구 난향동,21668,6404,15264
관악구 남현동,25072,18023,7049
관악구 대학동,48987,52775,-3788
관악구 미성동,46327,30026,16301
관악구 보라매동,34382,42198,-7816
관악구 삼성동,32802,19380,13422
관악구 서림동,52568,10805,41763
관악구 서원동,53327,110957,-57630
관악구 성현동,42873,12381,30492
관악구 신림동,62598,92642,-30044
관악구 신사동,33280,20478,12802
관악구 신원동,9622,5651,3971
관악구 은천동,38864,37454,1410
관악구 인헌동,20626,15617,5009
관악구 조원동,44480,112254,-67774
관악구 중앙동,11566,6116,5450
관악구 청룡동,37067,41840,-4773
관악구 청림동,17191,3518,13673
관악구 행운동,47319,53769,-6450
광진구 광장동,12603,8965,3638
광진구 구의제1동,19353,21159,-1806
광진구 구의제2동,25992,16614,9378
광진구 구의제3동,12044,29641,-17597
광진구 군자동,27043,20970,6073
광진구 능동,16057,11412,4645
광진구 자양제1동,12086,5070,7016
광진구 자양제2동,46860,26096,20764
광진구 자양제3동,12289,7108,5181
광진구 자양제4동,30912,31122,-210
광진구 중곡제1동,14826,12096,2730
광진구 중곡제2동,21972,17050,4922
광진구 중곡제3동,16487,8707,7780
광진구 중곡제4동,13673,6369,7304
광진구 화양동,19970,22957,-2987
구로구 가리봉동,14911,28330,-13419
구로구 개봉제1동,48330,42842,5488
구로구 개봉제2동,30180,27969,2211
구로구 개봉제3동,18363,7487,10876
구로구 고척제1동,37069,25280,11789
구로구 고척제2동,34704,13536,21168
구로구 구로제1동,25629,26002,-373
구로구 구로제2동,59152,61366,-2214
구로구 구로제3동,59039,114924,-55885
구로구 구로제4동,33484,30749,2735
구로구 구로제5동,43812,64180,-20368
구로구 수궁동,39655,46128,-6473
구로구 신도림동,45064,63512,-18448
구로구 오류제1동,21893,11417,10476
구로구 오류제2동,24541,19850,4691
구로구 항동,2046,1085,961
금천구 가산동,102981,141008,-38027
금천구 독산제1동,70299,92282,-21983
금천구 독산제2동,39256,18129,21127
금천구 독산제3동,42653,33493,9160
금천구 독산제4동,25353,15947,9406
금천구 미성동,269,162,107
금천구 시흥제1동,48873,56047,-7174
금천구 시흥제2동,23462,10811,12651
금천구 시흥제3동,21310,18400,2910
금천구 시흥제4동,27008,4587,22421
금천구 시흥제5동,46639,14898,31741
노원구 공릉1동,30246,28468,1778
노원구 공릉2동,32658,43830,-11172
노원구 상계10동,9322,9768,-446
노원구 상계1동,24472,17998,6474
노원구 상계2동,16952,31663,-14711
노원구 상계3.4동,6525,2751,3774
노원구 상계5동,20286,20327,-41
노원구 상계6.7동,17915,30228,-12313
노원구 상계8동,15462,5849,9613
노원구 상계9동,12995,8604,4391
노원구 월계1동,47605,53253,-5648
노원구 월계2동,22747,12300,10447
노원구 월계3동,19879,16924,2955
노원구 중계1동,16228,9490,6738
노원구 중계2.3동,19135,25549,-6414
노원구 중계4동,10789,18293,-7504
노원구 중계본동,20022,9076,10946
노원구 하계1동,25542,28369,-2827
노원구 하계2동,14737,17411,-2674
도봉구 도봉제1동,26250,12454,13796
도봉구 도봉제2동,17623,25647,-8024
도봉구 방학제1동,26686,23097,3589
도봉구 방학제2동,15763,6849,8914
도봉구 방학제3동,32562,6994,25568
도봉구 쌍문제1동,24627,11149,13478
도봉구 쌍문제2동,31589,25360,6229
도봉구 쌍문제3동,18822,40173,-21351
도봉구 쌍문제4동,21347,6915,14432
도봉구 창제1동,24008,44168,-20160
도봉구 창제2동,21825,11426,10399
도봉구 창제3동,24008,8976,15032
도봉구 창제4동,24650,33014,-8364
도봉구 창제5동,15393,19955,-4562
동대문구 답십리제1동,33861,37474,-3613
동대문구 답십리제2동,36831,25672,11159
동대문구 면목제5동,676,504,172
동대문구 용신동,67170,97130,-29960
동대문구 이문제1동,18567,16161,2406
동대문구 이문제2동,10367,9749,618
동대문구 장안제1동,49934,67449,-17515
동대문구 장안제2동,40434,29523,10911
동대문구 전농제1동,45103,40045,5058
동대문구 전농제2동,35894,18068,17826
동대문구 제기동,48612,66156,-17544
동대문구 청량리동,46000,63761,-17761
동대문구 회기동,12799,30518,-17719
동대문구 휘경제1동,49640,38794,10846
동대문구 휘경제2동,25554,18582,6972
동작구 노량진제1동,61787,117479,-55692
동작구 노량진제2동,30566,34734,-4168
동작구 대방동,89998,67639,22359
동작구 사당제1동,21103,17618,3485
동작구 사당제2동,24773,26486,-1713
동작구 사당제3동,18515,7148,11367
동작구 사당제4동,3072,4686,-1614
동작구 사당제5동,18713,8251,10462
동작구 상도제1동,79621,74244,5377
동작구 상도제2동,36739,30039,6700
동작구 상도제3동,33911,16434,17477
동작구 상도제4동,36915,8612,28303
동작구 신대방제1동,17080,17650,-570
동작구 신대방제2동,52135,59490,-7355
동작구 흑석동,45393,32462,12931
마포구 공덕동,38749,23174,15575
마포구 대흥동,39710,33430,6280
마포구 도화동,12764,14218,-1454
마포구 망원제1동,24402,12216,12186
마포구 망원제2동,19845,8613,11232
마포구 상암동,87879,128221,-40342
마포구 서강동,26218,11738,14480
마포구 서교동,92400,124543,-32143
마포구 성산제1동,27226,20004,7222
마포구 성산제2동,50409,22428,27981
마포구 신수동,11750,5871,5879
마포구 아현동,52643,34291,18352
마포구 연남동,23749,17038,6711
마포구 염리동,6045,8879,-2834
마포구 용강동,28444,22999,5445
마포구 합정동,16787,30974,-14187
서대문구 남가좌제1동,21381,13545,7836
서대문구 남가좌제2동,34009,15261,18748
서대문구 북가좌제1동,13004,10143,2861
서대문구 북가좌제2동,36772,11016,25756
서대문구 북아현동,13992,14633,-641
서대문구 신촌동,81100,111487,-30387
서대문구 연희동,68242,57378,10864
서대문구 천연동,43673,40387,3286
서대문구 충현동,45470,93893,-48423
서대문구 홍은제1동,33076,14147,18929
서대문구 홍은제2동,55197,33879,21318
서대문구 홍제제1동,43938,46744,-2806
서대문구 홍제제2동,17015,6577,10438
서대문구 홍제제3동,25694,24897,797
서초구 내곡동,19887,38111,-18224
서초구 반포1동,60092,28478,31614
서초구 반포2동,11335,9250,2085
서초구 반포3동,20343,16943,3400
서초구 반포4동,34924,58432,-23508
서초구 반포본동,15870,14381,1489
서초구 방배1동,39998,33398,6600
서초구 방배2동,38158,32977,5181
서초구 방배3동,42795,34788,8007
서초구 방배4동,34794,26641,8153
서초구 방배본동,23595,22279,1316
서초구 서초1동,27772,38223,-10451
서초구 서초2동,52384,90991,-38607
서초구 서초3동,64366,87185,-22819
서초구 서초4동,57990,46251,11739
서초구 양재1동,144812,118075,26737
서초구 양재2동,56291,69259,-12968
서초구 잠원동,35494,26545,8949
성동구 금호1가동,15391,8429,6962
성동구 금호2.3가동,18948,17668,1280
성동구 금호4가동,19163,6198,12965
성동구 마장동,18023,31158,-13135
성동구 사근동,8900,9893,-993
성동구 성수1가제1동,13430,15092,-1662
성동구 성수1가제2동,7503,13379,-5876
성동구 성수2가제1동,15204,10542,4662
성동구 성수2가제3동,11469,23480,-12011
성동구 송정동,15003,10493,4510
성동구 옥수동,22245,24174,-1929
성동구 왕십리도선동,25137,26235,-1098
성동구 왕십리제2동,18087,14985,3102
성동구 용답동,14745,20184,-5439
성동구 응봉동,19350,4974,14376
성동구 행당제1동,14075,29754,-15679
성동구 행당제2동,21475,12723,8752
성북구 길음제1동,48439,46780,1659
성북구 길음제2동,13597,28204,-14607
성북구 돈암제1동,37824,26766,11058
성북구 돈암제2동,19370,5914,13456
성북구 동선동,29507,45086,-15579
성북구 보문동,22571,17300,5271
성북구 삼선동,44615,37452,7163
성북구 석관동,18219,15275,2944
성북구 성북동,40822,40095,727
성북구 안암동,17360,24713,-7353
성북구 월곡제1동,28615,26266,2349
성북구 월곡제2동,12195,17737,-5542
성북구 장위제1동,29779,12697,17082
성북구 장위제2동,18971,22043,-3072
성북구 장위제3동,9812,9068,744
성북구 정릉제1동,24314,16268,8046
성북구 정릉제2동,40431,14575,25856
성북구 정릉제3동,12224,14300,-2076
성북구 정릉제4동,38816,19082,19734
성북구 종암동,57422,41958,15464
송파구 가락1동,4799,6211,-1412
송파구 가락2동,32971,21790,11181
송파구 가락본동,25485,37775,-12290
송파구 거여1동,8553,4968,3585
송파구 거여2동,3028,1027,2001
송파구 마천1동,14852,3326,11526
송파구 마천2동,22631,9967,12664
송파구 문정1동,12326,11295,1031
송파구 문정2동,27180,56411,-29231
송파구 방이1동,17784,10090,7694
송파구 방이2동,27030,29241,-2211
송파구 삼전동,43903,15566,28337
송파구 석촌동,43473,32834,10639
송파구 송파1동,31226,22023,9203
송파구 송파2동,9600,6927,2673
송파구 오금동,33429,35337,-1908
송파구 오륜동,9557,12379,-2822
송파구 위례동,26100,12556,13544
송파구 잠실2동,8347,14453,-6106
송파구 잠실3동,40078,75006,-34928
송파구 잠실4동,2046,2039,7
송파구 잠실6동,15082,45365,-30283
송파구 잠실7동,12350,16141,-3791
송파구 잠실본동,43388,33952,9436
송파구 장지동,32978,14706,18272
송파구 풍납1동,12026,5327,6699
송파구 풍납2동,18144,24120,-5976
양천구 목1동,29749,49841,-20092
양천구 목2동,39035,35879,3156
양천구 목3동,31644,33964,-2320
양천구 목4동,38783,10919,27864
양천구 목5동,33136,29310,3826
양천구 신월1동,17026,5174,11852
양천구 신월2동,17364,15957,1407
양천구 신월3동,12082,8631,3451
양천구 신월4동,17004,6992,10012
양천구 신월5동,14834,10736,4098
양천구 신월6동,9760,4334,5426
양천구 신월7동,28870,11657,17213
양천구 신정1동,14344,18638,-4294
양천구 신정2동,13274,7708,5566
양천구 신정3동,51152,31116,20036
양천구 신정4동,27130,66321,-39191
양천구 신정6동,8761,8556,205
양천구 신정7동,16652,12886,3766
영등포구 당산제1동,17522,31632,-14110
영등포구 당산제2동,50555,63200,-12645
영등포구 대림제1동,18987,15549,3438
영등포구 대림제2동,6643,10696,-4053
영등포구 대림제3동,32400,28572,3828
영등포구 도림동,29638,12063,17575
영등포구 문래동,34837,64050,-29213
영등포구 신길제1동,27016,14531,12485
영등포구 신길제3동,30508,11128,19380
영등포구 신길제4동,13075,3980,9095
영등포구 신길제5동,20045,20426,-381
영등포구 신길제6동,28046,20412,7634
영등포구 신길제7동,34414,19065,15349
영등포구 양평제1동,17250,20203,-2953
영등포구 양평제2동,28269,41449,-13180
영등포구 여의동,96062,255303,-159241
영등포구 영등포동,77714,93812,-16098
영등포구 영등포본동,33609,36882,-3273
용산구 남영동,61864,60149,1715
용산구 보광동,17566,5180,12386
용산구 서빙고동,19183,15265,3918
용산구 용문동,8638,4420,4218
용산구 용산2가동,24055,15229,8826
용산구 원효로제1동,26264,22812,3452
용산구 원효로제2동,20176,14544,5632
용산구 이촌제1동,15493,14842,651
용산구 이촌제2동,9353,4104,5249
용산구 이태원제1동,15182,16563,-1381
용산구 이태원제2동,15041,6775,8266
용산구 청파동,28951,20746,8205
용산구 필동,1317,400,917
용산구 한강로동,70729,90473,-19744
용산구 한남동,67457,65215,2242
용산구 효창동,16430,7579,8851
용산구 후암동,22845,13886,8959
은평구 갈현제1동,30418,11270,19148
은평구 갈현제2동,25384,15698,9686
은평구 구산동,38018,9671,28347
은평구 녹번동,33296,23425,9871
은평구 대조동,34300,74027,-39727
은평구 불광제1동,28908,20996,7912
은평구 불광제2동,31939,31083,856
은평구 수색동,19702,19344,358
은평구 신사제1동,25535,25459,76
은평구 신사제2동,31151,28210,2941
은평구 역촌동,43516,21988,21528
은평구 응암제1동,39268,57250,-17982
은평구 응암제2동,21107,6380,14727
은평구 응암제3동,23457,14721,8736
은평구 증산동,28011,31932,-3921
은평구 진관동,52840,47034,5806
종로구 가회동,6272,8649,-2377
종로구 교남동,9821,5744,4077
종로구 무악동,3439,2705,734
종로구 부암동,20077,18698,1379
종로구 사직동,49232,125697,-76465
종로구 삼청동,4713,12820,-8107
종로구 숭인제1동,1911,1131,780
종로구 숭인제2동,17529,22540,-5011
종로구 이화동,28178,42427,-14249
종로구 종로1.2.3.4가동,94665,235969,-141304
종로구 종로5.6가동,15008,35329,-20321
종로구 창신제1동,10869,9162,1707
종로구 창신제2동,9639,15622,-5983
종로구 창신제3동,6229,3879,2350
종로구 청운효자동,16088,20211,-4123
종로구 충현동,4284,3340,944
종로구 평창동,20771,19409,1362
종로구 혜화동,36650,42338,-5688
중구 광희동,18852,34475,-15623
중구 다산동,15560,9300,6260
중구 동화동,2738,2170,568
중구 명동,35031,80519,-45488
중구 소공동,27313,95792,-68479
중구 신당동,8559,9598,-1039
중구 신당제5동,10340,16349,-6009
중구 약수동,9416,5891,3525
중구 을지로동,2560,16093,-13533
중구 장충동,6613,15713,-9100
중구 중림동,11815,13105,-1290
중구 청구동,5782,4877,905
중구 필동,7610,11667,-4057
중구 황학동,12880,8519,4361
중구 회현동,62284,87760,-25476
중랑구 망우본동,40823,29260,11563
중랑구 망우제3동,18862,8708,10154
중랑구 면목본동,35325,47768,-12443
중랑구 면목제2동,18773,10755,8018
중랑구 면목제3.8동,33697,25776,7921
중랑구 면목제4동,18321,12253,6068
중랑구 면목제5동,17783,7429,10354
중랑구 면목제7동,10867,8559,2308
중랑구 묵제1동,20917,20376,541
중랑구 묵제2동,11286,4988,6298
중랑구 상봉제1동,20925,19510,1415
중랑구 상봉제2동,25920,30699,-4779
중랑구 신내1동,47791,22939,24852
중랑구 신내2동,30584,33086,-2502
중랑구 중화제1동,12251,17118,-4867
중랑구 중화제2동,34399,22768,11631
NA,775643,631356,144287
