ID,insum,outsum,diff
100000001,256,185,71
100000002,1142,2697,-1555
100000003,2012,2738,-726
100000004,98,729,-631
100000005,1433,2012,-579
100000006,210,175,35
100000007,662,884,-222
100000008,34,99,-65
100000009,88,494,-406
100000010,22,108,-86
100000011,152,55,97
100000012,15,79,-64
100000013,0,17,-17
100000014,17,100,-83
100000015,397,810,-413
100000016,83,684,-601
100000017,126,688,-562
100000018,190,271,-81
100000019,908,1030,-122
100000020,502,1929,-1427
100000021,1555,582,973
100000022,166,1091,-925
100000023,1008,592,416
100000025,163,743,-580
100000028,305,805,-500
100000029,2,391,-389
100000030,33,16,17
100000031,807,2944,-2137
100000032,719,1961,-1242
100000033,360,1417,-1057
100000034,48,553,-505
100000035,124,424,-300
100000036,241,661,-420
100000037,388,180,208
100000038,1206,466,740
100000039,91,105,-14
100000040,124,89,35
100000041,757,222,535
100000042,545,94,451
100000043,214,74,140
100000044,29,42,-13
100000045,57,165,-108
100000046,154,163,-9
100000047,76,106,-30
100000048,86,169,-83
100000049,425,298,127
100000051,152,150,2
100000053,53,0,53
100000054,90,5,85
100000055,193,143,50
100000056,159,200,-41
100000057,1220,176,1044
100000058,276,237,39
100000059,26,80,-54
100000060,328,161,167
100000061,1248,319,929
100000062,749,338,411
100000063,479,214,265
100000064,712,232,480
100000065,134,233,-99
100000066,87,182,-95
100000067,99,147,-48
100000068,138,409,-271
100000069,73,402,-329
100000072,42,146,-104
100000073,341,288,53
100000075,333,52,281
100000076,410,2759,-2349
100000077,33,276,-243
100000078,4,9,-5
100000079,2,51,-49
100000080,0,33,-33
100000081,0,17,-17
100000102,957,2251,-1294
100000103,706,1355,-649
100000104,1314,1078,236
100000105,575,626,-51
100000106,338,1511,-1173
100000107,25,737,-712
100000108,130,251,-121
100000109,249,556,-307
100000116,152,210,-58
100000117,7,63,-56
100000118,404,360,44
100000119,370,401,-31
100000121,51,258,-207
100000122,182,782,-600
100000123,524,864,-340
100000124,795,1044,-249
100000125,2228,1373,855
100000126,144,196,-52
100000127,316,380,-64
100000128,89,1601,-1512
100000129,91,290,-199
100000130,337,124,213
100000131,331,474,-143
100000132,308,755,-447
100000133,770,268,502
100000135,325,635,-310
100000139,76,288,-212
100000140,96,41,55
100000142,230,223,7
100000143,193,118,75
100000144,545,156,389
100000147,563,2376,-1813
100000150,43,173,-130
100000151,42,689,-647
100000153,14,203,-189
100000154,2,375,-373
100000155,0,17,-17
100000156,13,139,-126
100000157,153,123,30
100000158,86,78,8
100000159,15,568,-553
100000165,442,157,285
100000169,37,677,-640
100000174,143,539,-396
100000179,40,322,-282
100000180,245,487,-242
100000181,85,178,-93
100000188,15,83,-68
100000189,325,161,164
100000190,162,454,-292
100000191,265,198,67
100000192,0,66,-66
100000193,47,25,22
100000330,152,386,-234
100000355,90,182,-92
100000362,945,433,512
100000363,3557,3297,260
100000364,41,126,-85
100000365,3073,3972,-899
100000366,939,423,516
100000367,2669,2862,-193
100000368,468,500,-32
100000369,151,1097,-946
100000370,48,571,-523
100000376,18,291,-273
100000379,207,1338,-1131
100000380,1072,2976,-1904
100000384,2030,2796,-766
100000385,425,2150,-1725
100000386,708,2249,-1541
100000387,987,2992,-2005
100000388,850,1440,-590
100000389,1732,2429,-697
100000390,1168,1004,164
100000391,1261,2985,-1724
100000392,206,839,-633
100000393,135,1757,-1622
100000394,627,1796,-1169
100000395,336,1617,-1281
100000396,441,770,-329
100000397,544,2467,-1923
100000398,3864,1723,2141
100900002,9,4,5
100900003,267,206,61
100900004,2,148,-146
100900005,89,3,86
100900006,20,3,17
100900007,35,0,35
100900008,0,48,-48
100900009,15,6,9
100900010,29,9,20
100900011,155,87,68
100900012,0,28,-28
100900013,513,10,503
100900014,3,0,3
100900015,13,7,6
100900016,0,12,-12
100900017,465,43,422
100900018,0,4,-4
100900019,7,19,-12
100900020,114,0,114
100900021,234,1,233
100900022,0,7,-7
100900023,0,1,-1
100900024,114,1,113
100900025,0,0,0
100900026,99,17,82
100900027,82,1093,-1011
100900028,24,104,-80
100900029,33,0,33
100900030,1,42,-41
100900031,465,29,436
100900032,239,1,238
100900033,32,214,-182
100900034,371,0,371
100900035,67,0,67
100900036,0,0,0
100900037,62,23,39
100900038,4,16,-12
100900039,149,34,115
100900040,384,108,276
100900041,857,36,821
100900042,39,1140,-1101
100900043,0,10,-10
100900044,313,293,20
100900045,1,0,1
100900046,598,5,593
100900047,254,13,241
100900048,61,1,60
100900049,15,36,-21
100900050,2,1,1
100900051,60,101,-41
100900052,52,1,51
100900053,498,20,478
100900054,0,8,-8
100900055,60,446,-386
100900056,4,23,-19
100900057,738,67,671
100900058,134,35,99
100900059,71,0,71
100900060,156,4,152
100900061,30,52,-22
100900062,0,1,-1
100900063,138,405,-267
100900064,223,20,203
100900065,13,91,-78
100900066,31,17,14
100900067,2,1,1
100900068,51,14,37
100900069,7,0,7
100900070,325,11,314
100900071,86,26,60
100900072,0,1,-1
100900073,63,105,-42
100900074,0,21,-21
100900075,495,12,483
100900076,1,8,-7
100900077,13,7,6
100900078,34,89,-55
100900079,0,0,0
100900080,32,8,24
100900081,1,47,-46
100900082,150,55,95
100900083,2,20,-18
100900085,1,162,-161
100900086,6,157,-151
100900088,56,59,-3
100900089,0,38,-38
100900090,15,229,-214
100900091,1,4,-3
100900092,32,129,-97
100900093,175,188,-13
100900094,106,45,61
100900095,1,8,-7
100900096,15,48,-33
100900097,0,0,0
100900098,31,1,30
100900099,0,77,-77
100900100,0,61,-61
100900101,97,0,97
100900102,0,14,-14
100900103,0,0,0
100900104,0,16,-16
100900105,0,13,-13
100900106,0,1,-1
100900107,532,241,291
100900108,1,13,-12
100900109,10,4,6
100900110,0,13,-13
100900111,0,28,-28
100900112,2,8,-6
100900113,0,10,-10
100900114,1,12,-11
100900115,5,0,5
100900116,232,134,98
100900117,131,722,-591
100900118,3,61,-58
100900119,1,11,-10
100900120,0,0,0
100900121,189,159,30
100900122,10,19,-9
100900123,76,5,71
100900124,0,2,-2
100900125,5,4,1
100900126,162,5,157
100900127,0,0,0
100900128,10,89,-79
100900129,0,78,-78
100900131,3,18,-15
100900133,12,2,10
100900134,0,0,0
100900135,0,105,-105
100900137,39,14,25
100900138,38,100,-62
100900139,0,0,0
100900140,0,32,-32
100900141,0,147,-147
100900142,1,3,-2
100900143,82,130,-48
100900144,0,4,-4
100900145,8,69,-61
100900146,1,12,-11
100900147,1,308,-307
100900148,7,65,-58
100900149,2,160,-158
100900150,0,31,-31
100900151,0,111,-111
100900152,24,4,20
100900153,0,113,-113
100900154,6,22,-16
100900155,4,2,2
100900156,0,0,0
100900157,1,99,-98
100900158,117,11,106
100900159,0,3,-3
100900160,7,5,2
100900161,11,0,11
100900162,3,50,-47
100900163,0,27,-27
100900164,65,1,64
100900165,6,29,-23
100900166,1,0,1
100900167,25,6,19
100900168,0,8,-8
100900169,20,237,-217
100900170,0,0,0
100900171,1,171,-170
100900172,0,127,-127
100900173,0,38,-38
100900174,7,11,-4
100900176,330,43,287
100900177,63,25,38
100900178,86,139,-53
100900179,48,15,33
100900180,0,0,0
100900181,0,2,-2
100900182,1,6,-5
100900184,28,17,11
100900186,192,83,109
100900187,31,33,-2
100900188,3,9,-6
100900189,499,158,341
100900191,92,480,-388
100900192,37,146,-109
100900195,31,68,-37
100900197,28,52,-24
100900198,9,6,3
100900199,1,0,1
100900200,360,59,301
100900201,12,350,-338
100900202,9,0,9
100900203,0,4,-4
100900204,23,33,-10
100900205,29,322,-293
100900206,84,115,-31
100900207,133,73,60
100900210,2,46,-44
100900211,33,37,-4
100900213,45,36,9
100900214,72,20,52
100900215,7,3,4
101000001,663,1290,-627
101000002,2207,2720,-513
101000003,79,566,-487
101000004,2381,3907,-1526
101000005,2269,3636,-1367
101000006,2029,5721,-3692
101000007,874,2415,-1541
101000008,876,1298,-422
101000009,1082,212,870
101000010,444,283,161
101000011,164,141,23
101000012,125,182,-57
101000013,227,552,-325
101000014,169,218,-49
101000015,2005,641,1364
101000016,156,398,-242
101000017,100,171,-71
101000018,700,1588,-888
101000020,521,394,127
101000021,158,146,12
101000022,76,304,-228
101000023,312,341,-29
101000025,195,251,-56
101000026,136,21,115
101000027,801,1801,-1000
101000028,10,11,-1
101000029,5,530,-525
101000030,377,130,247
101000031,27,346,-319
101000032,1015,1805,-790
101000033,248,1570,-1322
101000034,142,1159,-1017
101000035,155,161,-6
101000036,158,742,-584
101000037,201,1191,-990
101000039,442,1148,-706
101000040,830,1967,-1137
101000041,827,2996,-2169
101000042,28,423,-395
101000043,1138,2282,-1144
101000045,104,323,-219
101000046,512,1526,-1014
101000047,523,2895,-2372
101000048,100,209,-109
101000049,163,413,-250
101000050,184,674,-490
101000051,271,1290,-1019
101000052,245,964,-719
101000053,128,463,-335
101000054,271,201,70
101000055,446,681,-235
101000056,4,91,-87
101000057,241,962,-721
101000058,168,763,-595
101000059,471,1498,-1027
101000060,443,412,31
101000061,127,1140,-1013
101000062,75,224,-149
101000063,70,695,-625
101000064,60,461,-401
101000065,26,365,-339
101000066,103,758,-655
101000067,152,268,-116
101000068,84,271,-187
101000069,71,38,33
101000070,265,203,62
101000071,1280,513,767
101000072,203,1093,-890
101000073,192,741,-549
101000074,871,1332,-461
101000075,1301,788,513
101000077,905,837,68
101000078,459,462,-3
101000079,554,464,90
101000080,627,256,371
101000081,646,696,-50
101000082,832,642,190
101000083,1385,851,534
101000084,440,226,214
101000085,794,540,254
101000086,305,245,60
101000087,253,362,-109
101000088,716,538,178
101000089,287,646,-359
101000090,642,196,446
101000091,235,187,48
101000092,977,379,598
101000093,380,226,154
101000094,247,196,51
101000095,270,257,13
101000096,268,187,81
101000097,170,171,-1
101000098,191,244,-53
101000099,231,494,-263
101000100,402,640,-238
101000101,43,245,-202
101000102,170,392,-222
101000103,174,225,-51
101000104,87,283,-196
101000105,369,255,114
101000106,28,888,-860
101000107,88,148,-60
101000108,140,39,101
101000109,313,32,281
101000110,4,69,-65
101000111,1,50,-49
101000113,25,372,-347
101000114,899,2626,-1727
101000115,0,0,0
101000116,0,0,0
101000117,0,0,0
101000119,13,70,-57
101000120,8,24,-16
101000121,5,26,-21
101000122,25,75,-50
101000123,6,57,-51
101000124,565,311,254
101000125,42,54,-12
101000128,77,709,-632
101000130,108,107,1
101000131,632,113,519
101000132,348,209,139
101000135,1,44,-43
101000136,15,52,-37
101000137,5,232,-227
101000141,202,1775,-1573
101000147,225,128,97
101000148,294,3,291
101000149,0,0,0
101000150,50,112,-62
101000151,282,11,271
101000152,140,183,-43
101000153,128,92,36
101000154,306,153,153
101000155,367,71,296
101000156,14,132,-118
101000157,4,41,-37
101000160,0,0,0
101000163,34,416,-382
101000164,69,46,23
101000165,115,182,-67
101000166,47,156,-109
101000168,402,104,298
101000252,1357,433,924
101000254,11,4,7
101000258,62,2,60
101000261,136,49,87
101000262,472,2337,-1865
101000263,69,773,-704
101000265,32,317,-285
101000266,87,131,-44
101000269,2,10,-8
101000290,72,1441,-1369
101000293,0,0,0
101000294,121,124,-3
101000295,101,81,20
101000301,94,442,-348
101000304,760,1256,-496
101000305,956,532,424
101900001,31,28,3
101900002,0,0,0
101900003,20,23,-3
101900004,0,51,-51
101900005,555,1574,-1019
101900006,344,29,315
101900007,93,85,8
101900008,8,60,-52
101900009,3,143,-140
101900010,190,330,-140
101900011,42,405,-363
101900012,58,17,41
101900013,79,28,51
101900017,2,44,-42
101900018,146,48,98
101900019,12,19,-7
101900020,122,27,95
101900021,0,3,-3
101900022,51,150,-99
101900023,17,28,-11
102000001,1313,3654,-2341
102000002,1086,570,516
102000003,671,3242,-2571
102000004,1289,1490,-201
102000005,533,1964,-1431
102000006,212,770,-558
102000007,527,2341,-1814
102000008,1986,819,1167
102000009,3260,3585,-325
102000010,1508,949,559
102000011,2400,2362,38
102000012,1573,1257,316
102000018,1124,1469,-345
102000019,811,641,170
102000026,138,153,-15
102000029,181,80,101
102000030,58,182,-124
102000031,17,49,-32
102000032,373,189,184
102000033,153,161,-8
102000034,131,141,-10
102000035,288,238,50
102000036,5,124,-119
102000037,56,9,47
102000038,54,70,-16
102000039,8,15,-7
102000040,36,93,-57
102000041,5,205,-200
102000042,8,108,-100
102000043,3,101,-98
102000044,142,323,-181
102000045,166,332,-166
102000046,606,153,453
102000047,275,220,55
102000048,244,246,-2
102000049,404,377,27
102000050,344,379,-35
102000051,87,166,-79
102000052,507,321,186
102000053,457,363,94
102000054,302,230,72
102000055,374,66,308
102000056,544,109,435
102000057,614,165,449
102000058,270,227,43
102000059,321,308,13
102000060,333,609,-276
102000061,749,513,236
102000062,1096,501,595
102000063,596,674,-78
102000064,181,310,-129
102000065,11,104,-93
102000066,175,165,10
102000067,1190,1720,-530
102000068,3019,1317,1702
102000069,31,830,-799
102000070,574,16,558
102000071,2695,5544,-2849
102000072,1021,1212,-191
102000073,213,90,123
102000074,230,164,66
102000075,81,29,52
102000076,177,103,74
102000077,311,125,186
102000078,782,154,628
102000079,48,16,32
102000080,212,64,148
102000081,102,401,-299
102000082,191,340,-149
102000083,278,62,216
102000084,543,55,488
102000085,499,259,240
102000086,949,373,576
102000087,173,500,-327
102000088,126,110,16
102000089,851,136,715
102000090,147,630,-483
102000091,449,357,92
102000092,76,281,-205
102000093,273,363,-90
102000094,239,87,152
102000095,157,399,-242
102000096,578,162,416
102000097,348,188,160
102000098,159,185,-26
102000099,420,229,191
102000100,91,304,-213
102000101,80,166,-86
102000102,45,407,-362
102000103,754,294,460
102000104,257,105,152
102000105,157,161,-4
102000106,359,136,223
102000107,824,68,756
102000108,298,118,180
102000109,269,125,144
102000110,606,207,399
102000111,7,91,-84
102000112,34,84,-50
102000113,1,9,-8
102000114,192,180,12
102000115,39,110,-71
102000116,159,369,-210
102000117,19,186,-167
102000118,376,929,-553
102000119,229,579,-350
102000120,130,345,-215
102000121,466,207,259
102000122,269,567,-298
102000123,365,288,77
102000124,644,568,76
102000125,197,233,-36
102000126,236,217,19
102000127,550,133,417
102000128,381,332,49
102000129,480,172,308
102000130,317,526,-209
102000131,482,528,-46
102000132,251,875,-624
102000133,1874,417,1457
102000134,642,254,388
102000135,161,408,-247
102000136,191,209,-18
102000137,214,107,107
102000138,51,39,12
102000139,19,46,-27
102000140,38,147,-109
102000141,16,149,-133
102000142,144,68,76
102000143,121,111,10
102000144,176,40,136
102000145,123,51,72
102000146,203,86,117
102000147,175,144,31
102000148,23,102,-79
102000149,171,54,117
102000150,369,17,352
102000151,24,27,-3
102000152,152,59,93
102000153,245,201,44
102000154,175,130,45
102000155,10,158,-148
102000156,100,51,49
102000157,18,119,-101
102000158,37,219,-182
102000159,357,509,-152
102000161,773,782,-9
102000162,35,48,-13
102000163,13,210,-197
102000164,90,333,-243
102000165,68,87,-19
102000166,0,76,-76
102000167,24,55,-31
102000168,32,60,-28
102000169,24,317,-293
102000170,131,19,112
102000171,0,30,-30
102000172,0,175,-175
102000173,236,144,92
102000174,89,26,63
102000175,51,14,37
102000176,18,4,14
102000178,62,116,-54
102000179,171,111,60
102000180,337,120,217
102000181,648,154,494
102000182,362,155,207
102000183,866,494,372
102000184,711,266,445
102000185,1332,211,1121
102000186,781,312,469
102000187,374,248,126
102000188,528,362,166
102000189,774,126,648
102000190,308,958,-650
102000191,412,168,244
102000192,432,507,-75
102000193,32,69,-37
102000194,33,89,-56
102000195,261,173,88
102000196,123,159,-36
102000197,705,90,615
102000198,95,198,-103
102000199,742,83,659
102000200,123,298,-175
102000201,1022,163,859
102000202,1,19,-18
102000203,174,55,119
102000204,433,145,288
102000205,578,162,416
102000206,162,107,55
102000207,312,205,107
102000208,104,151,-47
102000209,41,36,5
102000210,216,42,174
102000211,308,58,250
102000212,310,2,308
102000213,6,32,-26
102000214,251,0,251
102000215,0,73,-73
102000216,86,61,25
102000217,0,57,-57
102000218,151,60,91
102000219,47,29,18
102000225,116,409,-293
102000226,6,0,6
102000227,48,0,48
102000228,0,24,-24
102000229,28,37,-9
102000230,120,143,-23
102000231,184,181,3
102000232,14,77,-63
102000233,204,117,87
102000234,42,633,-591
102000236,26,21,5
102000237,219,57,162
102000238,82,111,-29
102000240,26,167,-141
102000241,70,19,51
102000243,1,13,-12
102000245,1,13,-12
102000246,13,68,-55
102000247,48,205,-157
102000248,78,522,-444
102000249,69,21,48
102000250,12,83,-71
102000254,279,34,245
102000266,0,58,-58
102000271,21,0,21
102000286,108,147,-39
102000297,573,161,412
102000299,0,0,0
102000302,0,0,0
102000305,0,0,0
102000306,0,0,0
102000307,0,3,-3
102000308,0,0,0
102900001,640,132,508
102900002,88,19,69
102900003,55,38,17
102900005,189,120,69
102900006,237,17,220
102900007,388,0,388
102900008,99,6,93
102900009,98,124,-26
102900010,154,496,-342
102900011,313,63,250
102900012,192,9,183
102900013,32,4,28
102900015,406,111,295
102900016,52,9,43
102900017,101,49,52
102900018,17,14,3
102900019,109,107,2
102900020,33,5,28
102900021,13,16,-3
102900022,5,7,-2
102900023,2,3,-1
102900024,3,11,-8
102900025,26,5,21
102900026,72,959,-887
102900027,23,12,11
102900028,47,481,-434
102900029,2,74,-72
102900030,127,174,-47
102900031,182,18,164
102900032,37,11,26
102900033,42,12,30
102900034,472,16,456
102900035,55,28,27
102900036,123,69,54
102900037,28,53,-25
102900038,100,57,43
102900039,43,266,-223
102900040,70,72,-2
102900041,43,13,30
102900042,91,18,73
102900043,113,27,86
102900044,136,235,-99
102900045,94,195,-101
102900046,114,119,-5
102900047,14,90,-76
102900048,195,56,139
102900049,22,49,-27
102900050,54,53,1
102900051,43,35,8
102900052,12,7,5
102900053,109,69,40
102900054,113,292,-179
102900055,28,127,-99
102900056,58,38,20
102900057,2,22,-20
102900058,334,32,302
102900059,6,3,3
102900060,14,43,-29
102900061,62,69,-7
102900062,131,138,-7
102900063,834,46,788
102900064,15,197,-182
102900065,242,130,112
102900066,50,3,47
102900068,7,54,-47
102900070,36,67,-31
102900072,0,11,-11
102900073,6,0,6
102900074,73,77,-4
102900075,0,13,-13
102900076,5,19,-14
102900077,8,3,5
102900078,15,1,14
102900079,108,0,108
102900080,166,10,156
102900081,7,36,-29
102900082,1,17,-16
102900083,20,5,15
102900084,2,1,1
102900085,40,11,29
102900086,0,4,-4
102900087,128,38,90
102900088,26,9,17
102900089,34,23,11
102900090,0,21,-21
102900091,170,0,170
102900092,156,59,97
102900093,110,41,69
102900094,0,18,-18
102900095,37,0,37
102900096,4,4,0
102900097,63,50,13
103000001,1266,1094,172
103000002,1524,1322,202
103000003,1330,1225,105
103000004,340,158,182
103000005,755,1594,-839
103000006,489,730,-241
103000007,173,162,11
103000008,393,318,75
103000009,829,471,358
103000010,76,21,55
103000011,497,233,264
103000012,536,772,-236
103000013,972,761,211
103000014,746,1402,-656
103000015,629,259,370
103000016,228,638,-410
103000017,150,401,-251
103000018,234,127,107
103000019,111,343,-232
103000020,661,527,134
103000021,1123,1851,-728
103000022,278,523,-245
103000023,509,1375,-866
103000024,28,64,-36
103000025,12,613,-601
103000026,63,40,23
103000027,38,365,-327
103000028,152,150,2
103000029,44,86,-42
103000030,591,645,-54
103000031,433,1235,-802
103000032,986,545,441
103000033,2104,1702,402
103000034,629,368,261
103000035,59,663,-604
103000036,71,114,-43
103000037,268,229,39
103000038,233,451,-218
103000039,202,83,119
103000040,372,185,187
103000041,904,767,137
103000042,712,103,609
103000043,397,253,144
103000044,115,35,80
103000046,111,178,-67
103000047,371,119,252
103000048,186,57,129
103000049,71,47,24
103000050,302,79,223
103000051,392,177,215
103000052,336,69,267
103000053,144,186,-42
103000054,884,258,626
103000055,956,465,491
103000056,320,408,-88
103000057,693,97,596
103000058,406,164,242
103000059,373,200,173
103000060,422,144,278
103000061,390,297,93
103000062,279,49,230
103000063,525,252,273
103000064,38,33,5
103000065,3,73,-70
103000066,69,4,65
103000069,145,61,84
103000070,333,97,236
103000071,583,303,280
103000072,105,207,-102
103000073,459,28,431
103000074,631,47,584
103000075,27,147,-120
103000076,136,514,-378
103000077,14,148,-134
103000078,339,570,-231
103000079,171,391,-220
103000080,201,274,-73
103000081,110,627,-517
103000082,326,57,269
103000083,54,91,-37
103000084,19,2,17
103000085,0,38,-38
103000086,370,296,74
103000087,119,433,-314
103000088,204,163,41
103000089,115,325,-210
103000090,2496,1110,1386
103000091,462,328,134
103000092,166,84,82
103000093,92,194,-102
103000094,152,31,121
103000095,37,159,-122
103000096,273,7,266
103000097,21,249,-228
103000098,277,16,261
103000099,32,179,-147
103000100,119,115,4
103000101,780,47,733
103000102,110,116,-6
103000103,514,50,464
103000104,95,31,64
103000105,130,18,112
103000106,20,61,-41
103000107,146,21,125
103000108,594,808,-214
103000109,249,335,-86
103000110,298,497,-199
103000111,114,282,-168
103000112,126,174,-48
103000113,102,514,-412
103000114,637,204,433
103000115,520,523,-3
103000116,707,262,445
103000117,360,289,71
103000118,178,211,-33
103000119,445,124,321
103000120,52,157,-105
103000121,8,151,-143
103000122,267,499,-232
103000125,7,48,-41
103000126,388,1,387
103000127,0,64,-64
103000128,63,0,63
103000129,1,29,-28
103000130,39,14,25
103000131,80,64,16
103000132,3,19,-16
103000133,8,75,-67
103000134,166,352,-186
103000135,215,99,116
103000136,128,107,21
103000137,122,245,-123
103000138,214,305,-91
103000139,0,20,-20
103000140,40,5,35
103000141,10,47,-37
103000142,30,11,19
103000143,27,57,-30
103000144,174,32,142
103000145,2,176,-174
103000150,28,11,17
103000152,68,105,-37
103000153,122,81,41
103000156,0,80,-80
103000157,225,1,224
103000159,120,44,76
103000162,32,26,6
103000163,6,13,-7
103000164,0,10,-10
103000165,46,96,-50
103000166,170,314,-144
103000167,101,57,44
103000168,56,24,32
103000169,197,337,-140
103000170,1114,121,993
103000171,30,37,-7
103000172,663,99,564
103000173,533,93,440
103000174,313,145,168
103000175,203,76,127
103000176,295,382,-87
103000177,95,246,-151
103000178,85,142,-57
103000179,39,2,37
103000183,256,19,237
103000185,80,29,51
103000186,203,14,189
103000187,602,70,532
103000188,19,98,-79
103000189,403,355,48
103000191,202,157,45
103000292,264,862,-598
103000293,376,1737,-1361
103000295,30,32,-2
103000296,74,2,72
103000297,6,15,-9
103000504,87,7,80
103000505,3,1,2
103000506,0,31,-31
103000507,99,4,95
103000508,26,29,-3
103000509,74,129,-55
103900001,45,22,23
103900002,242,66,176
103900003,276,88,188
103900004,48,0,48
103900005,0,15,-15
103900006,6,0,6
103900007,46,0,46
103900008,1,0,1
103900009,175,48,127
103900010,133,16,117
103900011,174,13,161
103900012,4,20,-16
103900013,7,5,2
103900014,19,2,17
103900015,54,1,53
103900016,44,16,28
103900017,27,18,9
103900018,110,23,87
103900019,2,205,-203
103900020,100,189,-89
103900021,155,10,145
103900022,215,90,125
103900023,175,0,175
103900024,18,71,-53
103900025,1,4,-3
103900026,2,0,2
103900027,143,43,100
103900028,22,102,-80
103900029,563,43,520
103900030,158,59,99
103900031,39,0,39
103900032,33,50,-17
103900033,32,34,-2
103900034,3,4,-1
103900035,25,39,-14
103900036,35,55,-20
103900037,41,6,35
103900038,34,133,-99
103900039,113,57,56
103900040,5,73,-68
103900041,37,3,34
103900042,113,64,49
103900043,107,5,102
103900044,39,243,-204
103900045,178,74,104
103900047,54,4,50
103900048,4,12,-8
103900049,28,346,-318
103900050,6,103,-97
103900051,1,26,-25
103900052,60,87,-27
103900053,113,44,69
103900054,79,68,11
103900055,179,47,132
103900056,6,1,5
103900057,97,17,80
103900058,250,82,168
103900059,0,5,-5
103900060,31,35,-4
103900061,162,4,158
103900062,300,92,208
103900063,0,0,0
103900064,119,3,116
103900065,81,47,34
103900066,144,25,119
103900067,140,3,137
103900068,1,0,1
103900069,22,5,17
103900070,52,40,12
103900071,2,9,-7
103900072,17,87,-70
103900073,32,23,9
103900074,45,6,39
103900075,82,8,74
103900076,323,140,183
103900077,43,97,-54
103900078,101,50,51
103900079,17,14,3
103900080,0,1,-1
103900081,5,7,-2
103900082,9,27,-18
103900083,774,925,-151
103900084,7,34,-27
103900085,5,32,-27
103900086,647,113,534
103900087,11,28,-17
103900088,64,177,-113
103900089,22,61,-39
103900090,12,18,-6
103900091,137,17,120
103900092,269,229,40
103900093,27,94,-67
103900094,4,39,-35
103900095,19,90,-71
103900096,42,11,31
103900097,3,65,-62
103900098,47,23,24
103900099,188,21,167
103900100,178,37,141
103900101,13,116,-103
103900102,0,16,-16
103900104,0,1,-1
103900105,11,18,-7
103900106,0,8,-8
103900107,123,30,93
103900108,11,47,-36
103900109,95,13,82
103900110,143,15,128
103900111,170,67,103
103900112,5,14,-9
103900113,50,72,-22
103900114,157,85,72
103900115,80,44,36
103900116,304,464,-160
103900117,30,3,27
103900119,7,135,-128
103900120,6,14,-8
103900122,77,36,41
103900123,95,202,-107
103900124,35,0,35
103900125,36,14,22
103900126,366,28,338
103900127,57,35,22
103900128,42,7,35
103900131,1,14,-13
103900133,369,3,366
103900134,0,1,-1
103900135,4,6,-2
103900137,0,3,-3
103900138,29,15,14
103900139,55,1417,-1362
103900140,0,215,-215
103900141,51,25,26
103900142,282,56,226
103900143,168,3,165
103900144,0,9,-9
103900145,24,42,-18
103900146,201,33,168
103900147,182,34,148
103900148,165,28,137
103900149,151,80,71
103900150,1161,2199,-1038
103900151,2,25,-23
103900152,590,64,526
103900153,3,1,2
103900154,46,806,-760
103900155,7,40,-33
103900156,7,18,-11
103900157,66,11,55
103900158,116,6,110
103900159,176,3,173
103900160,7,8,-1
103900161,17,54,-37
103900162,9,17,-8
103900163,13,83,-70
103900164,114,12,102
103900167,14,8,6
103900168,10,24,-14
103900169,2,22,-20
103900170,0,21,-21
103900171,0,4,-4
103900172,0,0,0
103900173,8,4,4
103900174,202,3,199
103900175,3,73,-70
103900176,1,11,-10
103900177,4,3,1
103900178,25,1,24
103900179,34,1,33
103900180,2,3,-1
103900181,10,6,4
103900182,3,2,1
103900184,28,16,12
103900185,4,260,-256
103900187,2,47,-45
103900188,46,13,33
103900189,19,0,19
103900190,29,1,28
103900191,0,11,-11
103900192,6,13,-7
103900193,25,0,25
103900194,12,13,-1
103900195,0,42,-42
103900196,7,5,2
103900197,2,6,-4
103900198,4,8,-4
103900199,122,7,115
103900200,83,5,78
103900201,22,12,10
103900202,1,18,-17
103900203,50,12,38
103900204,0,6,-6
103900207,0,13,-13
103900208,83,0,83
103900209,0,16,-16
103900210,34,16,18
103900211,364,72,292
103900212,38,24,14
103900213,1,85,-84
103900214,88,164,-76
103900215,22,131,-109
103900216,11,93,-82
103900217,130,16,114
103900218,0,64,-64
103900219,104,34,70
103900233,57,3,54
103900235,2,29,-27
103900236,2,19,-17
103900242,0,0,0
103900243,0,0,0
103900244,33,17,16
103900245,35,12,23
103900246,11,28,-17
103900247,14,1,13
103900248,0,6,-6
103900249,1,30,-29
103900250,4,0,4
103900251,0,19,-19
103900253,0,15,-15
103900254,9,23,-14
103900255,0,6,-6
103900256,0,41,-41
103900257,8,38,-30
103900258,3,3,0
103900259,0,0,0
103900261,34,0,34
103900262,16,0,16
103900263,7,20,-13
103900264,2,0,2
103900265,0,0,0
103900266,0,32,-32
103900267,0,4,-4
104000001,1311,779,532
104000002,1209,1155,54
104000003,1007,779,228
104000004,1476,1129,347
104000005,1111,815,296
104000006,1119,849,270
104000007,2644,1639,1005
104000008,157,194,-37
104000009,315,119,196
104000010,96,199,-103
104000011,93,98,-5
104000012,72,106,-34
104000013,136,269,-133
104000014,84,138,-54
104000015,204,101,103
104000016,90,79,11
104000018,529,94,435
104000019,512,111,401
104000020,87,115,-28
104000021,172,125,47
104000022,84,147,-63
104000023,810,189,621
104000024,104,91,13
104000026,53,28,25
104000027,198,77,121
104000028,428,93,335
104000029,78,114,-36
104000030,359,244,115
104000031,614,80,534
104000032,41,92,-51
104000033,541,95,446
104000034,192,94,98
104000035,826,74,752
104000036,625,117,508
104000037,112,52,60
104000038,214,84,130
104000039,95,93,2
104000040,47,251,-204
104000041,320,137,183
104000042,142,96,46
104000043,56,91,-35
104000044,187,130,57
104000045,319,147,172
104000046,251,287,-36
104000047,212,349,-137
104000048,270,405,-135
104000049,415,128,287
104000050,51,222,-171
104000051,93,267,-174
104000052,1158,674,484
104000053,619,162,457
104000054,322,58,264
104000055,1084,736,348
104000056,226,67,159
104000057,183,61,122
104000058,511,338,173
104000059,309,435,-126
104000060,660,613,47
104000061,468,293,175
104000062,149,35,114
104000064,333,98,235
104000065,49,239,-190
104000069,287,837,-550
104000070,19,285,-266
104000071,55,25,30
104000072,266,31,235
104000075,2,43,-41
104000076,168,4,164
104000082,1082,1412,-330
104000083,189,58,131
104000084,49,132,-83
104000085,181,95,86
104000086,159,186,-27
104000087,108,307,-199
104000090,397,221,176
104000092,792,385,407
104000094,224,295,-71
104000095,1242,556,686
104000096,1298,12,1286
104000097,1513,214,1299
104000098,2240,167,2073
104000100,1508,239,1269
104000101,723,558,165
104000106,26,304,-278
104000107,278,104,174
104000108,62,68,-6
104000109,128,34,94
104000110,233,626,-393
104000111,884,1668,-784
104000112,150,160,-10
104000116,0,284,-284
104000117,144,158,-14
104000118,621,55,566
104000119,327,100,227
104000120,227,141,86
104000121,115,221,-106
104000122,421,294,127
104000123,434,216,218
104000124,153,530,-377
104000125,766,1532,-766
104000126,370,302,68
104000127,828,732,96
104000128,389,75,314
104000129,30,0,30
104000130,0,342,-342
104000131,228,165,63
104000132,268,196,72
104000133,761,450,311
104000134,496,896,-400
104000135,184,673,-489
104000136,337,1193,-856
104000137,873,147,726
104000138,356,101,255
104000139,1097,997,100
104000141,306,246,60
104000142,298,196,102
104000143,386,152,234
104000144,37,53,-16
104000145,152,82,70
104000146,98,199,-101
104000147,54,141,-87
104000148,222,82,140
104000149,80,51,29
104000150,606,178,428
104000151,191,142,49
104000152,344,182,162
104000153,401,335,66
104000154,270,168,102
104000155,274,380,-106
104000157,560,457,103
104000158,57,174,-117
104000159,361,212,149
104000160,850,1314,-464
104000161,38,55,-17
104000162,72,30,42
104000165,254,270,-16
104000167,219,768,-549
104000168,462,0,462
104000169,88,25,63
104000170,92,140,-48
104000248,197,172,25
104000251,10,40,-30
104000272,0,0,0
104000273,0,0,0
104000274,0,0,0
104000275,0,0,0
104000279,314,470,-156
104000290,8,79,-71
104000291,286,465,-179
104000293,515,380,135
104000294,29,1,28
104000295,496,830,-334
104000296,193,236,-43
104000297,613,1433,-820
104000298,911,427,484
104000299,445,470,-25
104900001,16,30,-14
104900002,60,115,-55
104900003,19,38,-19
104900004,18,39,-21
104900005,157,52,105
104900006,234,26,208
104900007,110,41,69
104900009,40,52,-12
104900010,28,0,28
104900011,3,1,2
104900012,77,5,72
104900013,11,0,11
104900014,527,68,459
104900015,20,3,17
104900016,73,27,46
104900017,20,73,-53
104900018,0,13,-13
104900019,41,2716,-2675
104900020,25,63,-38
104900021,0,11,-11
104900022,1,230,-229
104900023,1,13,-12
104900024,2,253,-251
104900025,52,31,21
104900026,0,6,-6
104900027,605,170,435
104900028,10,41,-31
104900029,3,15,-12
104900030,247,143,104
104900031,5,34,-29
104900032,17,8,9
104900033,110,54,56
104900034,265,94,171
104900035,212,137,75
104900036,451,15,436
104900037,88,84,4
104900038,44,565,-521
104900039,105,885,-780
104900040,585,36,549
104900041,156,36,120
104900042,101,49,52
104900043,19,229,-210
104900044,633,34,599
104900045,140,24,116
104900046,325,15,310
104900047,309,28,281
104900048,319,45,274
104900049,101,31,70
104900050,298,8,290
104900051,123,9,114
104900052,186,1,185
104900053,209,21,188
104900054,198,12,186
104900055,292,2,290
104900056,194,6,188
104900057,20,1,19
104900058,113,58,55
104900059,68,20,48
104900060,0,90,-90
104900061,37,45,-8
104900063,0,42,-42
104900064,0,58,-58
104900065,1,41,-40
104900066,0,22,-22
104900067,1,24,-23
104900068,3,17,-14
104900070,12,42,-30
104900071,0,79,-79
104900072,2,62,-60
104900073,33,8,25
104900074,12,17,-5
104900075,7,7,0
104900076,26,26,0
104900077,94,59,35
104900078,26,77,-51
104900079,43,328,-285
104900080,21,37,-16
104900082,2,76,-74
104900085,1,43,-42
104900087,145,2,143
104900089,555,0,555
104900090,781,347,434
104900091,116,140,-24
104900093,40,50,-10
104900097,395,1055,-660
104900098,99,7,92
104900099,28,281,-253
104900100,63,38,25
104900102,26,27,-1
104900103,33,16,17
104900104,506,991,-485
104900106,57,33,24
104900107,44,34,10
104900108,0,36,-36
104900109,16,37,-21
104900110,2,23,-21
104900111,98,40,58
104900112,163,62,101
104900113,234,67,167
104900114,298,85,213
104900115,483,17,466
104900116,162,10,152
104900118,0,3,-3
104900119,0,28,-28
104900120,3,235,-232
104900121,0,25,-25
104900122,0,17,-17
104900123,134,0,134
104900124,54,0,54
104900125,119,3,116
104900126,6,13,-7
104900127,4,1,3
104900128,47,67,-20
104900129,511,1355,-844
105000001,1448,534,914
105000002,1090,721,369
105000003,1056,1505,-449
105000004,510,413,97
105000005,709,646,63
105000006,565,1038,-473
105000007,569,825,-256
105000008,285,1111,-826
105000009,1555,1525,30
105000010,1016,531,485
105000011,1926,1707,219
105000012,820,852,-32
105000013,535,538,-3
105000014,1638,1272,366
105000015,4008,6565,-2557
105000016,478,645,-167
105000017,862,643,219
105000018,293,460,-167
105000019,418,420,-2
105000020,18,222,-204
105000021,109,41,68
105000022,51,44,7
105000023,435,71,364
105000028,2,36,-34
105000029,236,531,-295
105000030,1312,942,370
105000033,398,514,-116
105000034,62,567,-505
105000037,255,68,187
105000038,380,527,-147
105000039,265,317,-52
105000040,522,515,7
105000041,362,280,82
105000042,983,576,407
105000043,353,315,38
105000044,491,170,321
105000045,218,245,-27
105000046,389,130,259
105000047,360,222,138
105000048,563,161,402
105000049,112,157,-45
105000050,581,204,377
105000051,80,145,-65
105000052,291,368,-77
105000053,29,54,-25
105000054,280,250,30
105000055,307,87,220
105000056,1122,664,458
105000057,907,251,656
105000058,481,399,82
105000059,784,325,459
105000060,277,125,152
105000061,973,203,770
105000062,221,257,-36
105000063,105,175,-70
105000064,1588,229,1359
105000065,216,133,83
105000066,364,427,-63
105000067,1067,338,729
105000068,122,276,-154
105000069,770,1265,-495
105000070,295,727,-432
105000071,138,1168,-1030
105000072,551,2204,-1653
105000073,625,410,215
105000074,194,211,-17
105000075,226,325,-99
105000076,625,315,310
105000077,746,275,471
105000078,299,383,-84
105000079,499,757,-258
105000080,1166,1117,49
105000081,570,483,87
105000082,379,873,-494
105000083,1199,1461,-262
105000084,217,326,-109
105000085,1693,1089,604
105000086,245,363,-118
105000087,401,807,-406
105000088,782,955,-173
105000089,881,485,396
105000090,157,153,4
105000091,229,206,23
105000092,196,217,-21
105000093,98,122,-24
105000094,72,36,36
105000095,57,208,-151
105000096,517,801,-284
105000097,255,170,85
105000098,622,614,8
105000099,290,343,-53
105000100,916,321,595
105000101,877,381,496
105000102,1012,426,586
105000103,507,443,64
105000104,1061,340,721
105000105,533,378,155
105000106,886,262,624
105000107,1099,221,878
105000108,1194,347,847
105000109,1295,238,1057
105000110,631,165,466
105000111,772,140,632
105000112,474,132,342
105000113,286,380,-94
105000114,501,609,-108
105000115,179,1005,-826
105000116,701,307,394
105000117,236,195,41
105000118,664,208,456
105000119,267,191,76
105000120,1241,299,942
105000121,462,180,282
105000122,237,177,60
105000123,227,219,8
105000124,1155,193,962
105000125,554,314,240
105000126,1092,465,627
105000127,1403,404,999
105000128,254,378,-124
105000129,690,121,569
105000130,100,1625,-1525
105000131,191,104,87
105000132,877,486,391
105000133,141,377,-236
105000134,744,179,565
105000135,130,70,60
105000136,5,16,-11
105000137,171,42,129
105000138,1,17,-16
105000139,306,108,198
105000140,250,95,155
105000141,95,88,7
105000142,203,78,125
105000143,69,169,-100
105000144,170,133,37
105000145,390,126,264
105000146,130,233,-103
105000147,382,94,288
105000148,293,652,-359
105000149,1576,943,633
105000150,407,190,217
105000151,451,133,318
105000152,101,163,-62
105000153,500,234,266
105000154,211,135,76
105000155,183,188,-5
105000156,74,267,-193
105000157,333,606,-273
105000158,1398,267,1131
105000159,147,351,-204
105000160,1911,239,1672
105000161,303,274,29
105000162,475,1538,-1063
105000163,462,300,162
105000164,38,142,-104
105000165,208,4405,-4197
105000166,1970,1124,846
105000167,447,1872,-1425
105000168,109,161,-52
105000169,442,82,360
105000170,240,456,-216
105000171,510,89,421
105000172,147,2,145
105000173,398,2,396
105000174,97,12,85
105000175,63,16,47
105000176,464,39,425
105000177,222,129,93
105000178,149,105,44
105000179,965,30,935
105000180,193,42,151
105000181,104,82,22
105000182,47,14,33
105000183,783,1274,-491
105000184,79,197,-118
105000185,132,547,-415
105000186,205,239,-34
105000187,278,156,122
105000188,90,196,-106
105000189,48,173,-125
105000190,113,117,-4
105000191,103,75,28
105000192,269,42,227
105000193,64,72,-8
105000194,248,18,230
105000195,76,145,-69
105000196,32,123,-91
105000197,70,101,-31
105000198,54,61,-7
105000199,48,165,-117
105000200,114,249,-135
105000201,52,11,41
105000203,6,51,-45
105000204,35,31,4
105000205,16,32,-16
105000207,75,22,53
105000208,102,163,-61
105000209,38,17,21
105000212,511,212,299
105000213,26,71,-45
105000214,97,57,40
105000215,99,60,39
105000216,85,60,25
105000217,105,17,88
105000218,1519,340,1179
105000221,60,47,13
105000222,90,32,58
105000223,168,49,119
105000226,22,29,-7
105000227,15,49,-34
105000228,27,709,-682
105000229,48,322,-274
105000231,148,99,49
105000233,363,324,39
105000234,244,347,-103
105000235,294,212,82
105000237,597,36,561
105000243,37,73,-36
105000248,5,25,-20
105000262,185,108,77
105000269,62,30,32
105000270,479,4,475
105000271,0,93,-93
105000282,3,24,-21
105000287,52,106,-54
105000288,453,197,256
105000289,356,895,-539
105000290,10,1,9
105000402,629,1515,-886
105000426,92,115,-23
105000438,411,462,-51
105000446,2124,1872,252
105000447,977,729,248
105000454,376,67,309
105000455,93,42,51
105000474,51,3,48
105000477,576,245,331
105000478,1059,2561,-1502
105000479,62,37,25
105000480,2406,2991,-585
105000481,2026,1596,430
105000482,956,1409,-453
105000483,684,896,-212
105000484,541,742,-201
105000485,612,1178,-566
105000486,483,636,-153
105000488,1161,1099,62
105000489,733,198,535
105000549,48,74,-26
105000550,70,414,-344
105000551,3,48,-45
105000552,746,322,424
105900001,5,878,-873
105900002,499,399,100
105900003,0,44,-44
105900004,31,9,22
105900005,2,39,-37
105900006,11,52,-41
105900007,9,12,-3
105900008,37,58,-21
105900009,23,23,0
105900011,44,36,8
105900012,177,38,139
105900013,5,21,-16
105900014,0,38,-38
105900015,23,64,-41
105900016,455,87,368
105900017,967,20,947
105900018,17,38,-21
105900019,30,32,-2
105900020,25,15,10
105900021,10,175,-165
105900022,69,87,-18
105900023,4,68,-64
105900024,1,70,-69
105900025,139,1,138
105900026,43,5,38
105900027,3185,905,2280
105900028,70,56,14
105900029,515,70,445
105900030,71,54,17
105900031,102,15,87
105900032,17,13,4
105900033,37,47,-10
105900034,74,42,32
105900035,130,35,95
105900036,47,33,14
105900037,117,12,105
105900038,53,86,-33
105900039,35,12,23
105900040,39,3,36
105900041,36,94,-58
105900042,15,27,-12
105900043,392,34,358
105900044,1,154,-153
105900045,1,273,-272
105900046,0,32,-32
105900047,1,8,-7
105900048,62,70,-8
105900050,220,1042,-822
105900051,8,283,-275
105900052,204,15,189
105900053,686,1546,-860
105900054,52,102,-50
105900056,215,262,-47
105900057,0,37,-37
105900058,2,3,-1
105900059,0,62,-62
106000001,1088,781,307
106000002,245,990,-745
106000003,1476,1669,-193
106000004,833,1310,-477
106000005,2463,2033,430
106000006,1994,905,1089
106000007,403,68,335
106000008,188,164,24
106000009,321,63,258
106000010,138,200,-62
106000011,912,457,455
106000012,436,342,94
106000013,1104,696,408
106000014,526,511,15
106000015,1455,443,1012
106000016,510,724,-214
106000017,887,306,581
106000018,209,241,-32
106000019,383,185,198
106000020,100,124,-24
106000021,284,113,171
106000022,160,111,49
106000023,771,269,502
106000024,298,200,98
106000025,190,150,40
106000026,58,77,-19
106000027,1442,617,825
106000028,197,116,81
106000029,145,194,-49
106000030,35,176,-141
106000034,22,133,-111
106000035,447,776,-329
106000036,31,269,-238
106000037,312,403,-91
106000038,11,25,-14
106000039,28,65,-37
106000040,42,674,-632
106000041,442,262,180
106000043,213,143,70
106000046,203,12,191
106000047,33,257,-224
106000049,658,58,600
106000050,75,103,-28
106000051,697,264,433
106000052,0,0,0
106000053,547,43,504
106000054,0,0,0
106000055,555,168,387
106000056,0,0,0
106000057,398,103,295
106000058,0,0,0
106000059,386,179,207
106000060,17,78,-61
106000061,135,407,-272
106000062,51,77,-26
106000063,483,381,102
106000064,0,0,0
106000065,286,110,176
106000066,49,17,32
106000067,332,25,307
106000068,59,17,42
106000069,276,22,254
106000070,58,30,28
106000071,517,105,412
106000072,846,618,228
106000073,691,2454,-1763
106000074,295,381,-86
106000075,197,330,-133
106000076,648,399,249
106000077,1071,298,773
106000078,779,171,608
106000079,570,223,347
106000080,580,170,410
106000081,626,225,401
106000082,808,222,586
106000083,181,464,-283
106000084,449,195,254
106000085,580,424,156
106000086,159,106,53
106000087,416,222,194
106000088,195,177,18
106000089,604,146,458
106000090,197,142,55
106000091,111,179,-68
106000092,330,109,221
106000093,328,38,290
106000094,59,28,31
106000095,797,258,539
106000096,1141,104,1037
106000097,873,309,564
106000098,690,98,592
106000099,107,110,-3
106000100,855,60,795
106000101,542,43,499
106000102,40,117,-77
106000103,93,162,-69
106000104,621,196,425
106000105,257,351,-94
106000106,683,130,553
106000107,86,147,-61
106000108,341,68,273
106000109,62,131,-69
106000110,247,36,211
106000111,66,61,5
106000112,201,382,-181
106000113,161,201,-40
106000114,211,366,-155
106000115,77,153,-76
106000116,218,52,166
106000117,354,147,207
106000118,647,747,-100
106000119,275,180,95
106000120,563,863,-300
106000121,181,60,121
106000122,185,90,95
106000123,574,37,537
106000124,98,53,45
106000125,17,82,-65
106000126,228,50,178
106000127,814,199,615
106000128,510,96,414
106000129,367,189,178
106000130,708,99,609
106000131,37,402,-365
106000132,356,55,301
106000133,524,822,-298
106000134,223,1506,-1283
106000135,72,281,-209
106000136,480,894,-414
106000137,54,289,-235
106000138,1254,45,1209
106000139,40,71,-31
106000140,4,1,3
106000141,13,3,10
106000142,68,119,-51
106000143,0,3,-3
106000144,21,80,-59
106000145,134,25,109
106000146,404,45,359
106000147,211,227,-16
106000148,227,530,-303
106000149,439,222,217
106000150,535,992,-457
106000151,1276,311,965
106000152,542,717,-175
106000153,10,567,-557
106000154,689,88,601
106000155,84,126,-42
106000156,1195,62,1133
106000157,215,739,-524
106000158,615,324,291
106000159,778,866,-88
106000160,330,1783,-1453
106000161,320,108,212
106000162,280,876,-596
106000163,135,110,25
106000164,485,74,411
106000165,51,154,-103
106000166,690,44,646
106000167,195,192,3
106000168,534,42,492
106000169,102,73,29
106000170,462,65,397
106000171,71,286,-215
106000172,1231,271,960
106000173,366,583,-217
106000174,839,106,733
106000175,115,95,20
106000176,1314,200,1114
106000177,482,405,77
106000178,1577,311,1266
106000179,297,227,70
106000180,411,318,93
106000181,1117,635,482
106000182,1165,127,1038
106000183,1261,146,1115
106000184,668,225,443
106000185,746,695,51
106000186,119,34,85
106000187,5,390,-385
106000188,0,1,-1
106000189,11,5,6
106000190,45,1,44
106000191,247,50,197
106000192,1,2,-1
106000193,55,55,0
106000194,32,87,-55
106000195,107,54,53
106000196,44,161,-117
106000197,353,70,283
106000198,108,38,70
106000199,249,731,-482
106000200,96,51,45
106000201,84,3535,-3451
106000202,1040,334,706
106000203,3,48,-45
106000204,47,0,47
106000205,2,68,-66
106000206,31,1,30
106000207,3,86,-83
106000208,962,38,924
106000209,1556,125,1431
106000210,123,227,-104
106000211,191,388,-197
106000212,848,212,636
106000213,72,561,-489
106000214,642,199,443
106000215,198,168,30
106000216,440,130,310
106000217,95,135,-40
106000218,230,75,155
106000219,48,107,-59
106000220,471,55,416
106000221,157,37,120
106000222,56,19,37
106000223,211,27,184
106000224,112,85,27
106000225,41,55,-14
106000226,28,74,-46
106000228,0,1,-1
106000229,34,116,-82
106000231,653,13,640
106000232,24,62,-38
106000233,272,34,238
106000234,14,51,-37
106000235,92,29,63
106000236,41,19,22
106000237,0,6,-6
106000238,1,17,-16
106000239,0,53,-53
106000240,3,2,1
106000241,1,289,-288
106000242,113,15,98
106000249,103,40,63
106000250,21,304,-283
106000251,125,11,114
106000252,4,9,-5
106000253,51,14,37
106000254,21,6,15
106000255,46,37,9
106000256,13,7,6
106000257,35,103,-68
106000258,48,4,44
106000259,4,7,-3
106000260,8,0,8
106000261,3,19,-16
106000262,21,0,21
106000263,21,4,17
106000264,208,1,207
106000265,8,15,-7
106000266,133,20,113
106000267,6,32,-26
106000268,118,9,109
106000269,4,15,-11
106000270,32,74,-42
106000271,44,24,20
106000272,44,17,27
106000273,17,44,-27
106000274,60,5,55
106000275,125,81,44
106000276,9,4,5
106000277,62,116,-54
106000278,35,5,30
106000279,4,3,1
106000280,41,7,34
106000281,19,2,17
106000282,59,13,46
106000283,16,16,0
106000284,89,5,84
106000285,54,28,26
106000286,67,7,60
106000287,19,11,8
106000288,76,10,66
106000289,42,5,37
106000290,55,4,51
106000291,15,10,5
106000292,15,4,11
106000293,34,29,5
106000294,52,8,44
106000295,26,5,21
106000296,13,5,8
106000297,11,50,-39
106000298,31,19,12
106000299,34,20,14
106000300,62,38,24
106000301,31,39,-8
106000303,55,8,47
106000304,12,1,11
106000305,57,20,37
106000306,31,10,21
106000307,94,3,91
106000308,5,19,-14
106000309,2,24,-22
106000310,117,122,-5
106000311,298,40,258
106000312,102,62,40
106000313,121,49,72
106000318,17,112,-95
106000319,434,99,335
106000320,1,84,-83
106000321,52,192,-140
106000322,75,29,46
106000324,114,107,7
106000325,1268,309,959
106000326,286,423,-137
106000327,195,32,163
106000328,9,9,0
106000329,26,89,-63
106000330,9,73,-64
106000428,51,112,-61
106000429,78,138,-60
106000430,315,390,-75
106000431,1723,146,1577
106000432,315,585,-270
106000433,1483,551,932
106000434,2064,691,1373
106000435,430,597,-167
106000436,2,72,-70
106000437,407,53,354
106000438,90,209,-119
106000439,13,307,-294
106000440,116,178,-62
106000441,0,0,0
106000442,63,3,60
106000443,210,78,132
106000450,0,81,-81
106000451,17,77,-60
106000454,1,23,-22
106000455,0,70,-70
106000456,24,13,11
106000457,6,93,-87
106000458,803,86,717
106000459,60,42,18
106000460,1285,40,1245
106000461,51,122,-71
106000462,0,20,-20
106000463,2,11,-9
106000464,0,93,-93
106000465,608,0,608
106000466,0,127,-127
106000467,18,107,-89
106000468,92,59,33
106000469,120,3,117
106000470,44,561,-517
106000471,1,150,-149
106000472,78,7,71
106000473,7,1,6
106000474,77,227,-150
106000475,221,149,72
106000476,105,203,-98
106000477,0,2,-2
106900001,0,1,-1
106900002,0,82,-82
106900003,10,287,-277
106900004,0,2,-2
106900006,0,2,-2
106900007,0,1,-1
106900008,321,28,293
106900009,327,70,257
106900010,197,56,141
106900012,339,1559,-1220
106900013,289,183,106
106900014,48,1,47
106900015,0,0,0
106900016,327,15,312
106900017,2,0,2
106900018,17,0,17
106900019,149,1,148
106900020,487,1026,-539
106900021,105,41,64
106900022,1272,16,1256
106900023,10,17,-7
106900024,313,51,262
106900025,2,79,-77
106900026,0,72,-72
106900027,635,0,635
107000001,1357,1754,-397
107000002,637,698,-61
107000003,4650,4069,581
107000004,1721,719,1002
107000005,4562,2861,1701
107000006,1316,743,573
107000007,2620,3038,-418
107000008,1682,1114,568
107000009,4868,3276,1592
107000010,2375,1750,625
107000011,293,286,7
107000012,960,608,352
107000013,26,13,13
107000014,33,24,9
107000015,119,101,18
107000016,337,186,151
107000017,313,310,3
107000018,0,220,-220
107000020,299,329,-30
107000021,330,130,200
107000022,385,460,-75
107000023,712,97,615
107000024,473,781,-308
107000025,172,146,26
107000026,193,258,-65
107000027,844,262,582
107000028,642,270,372
107000029,1895,1379,516
107000030,848,752,96
107000031,2960,1277,1683
107000032,109,444,-335
107000033,843,1156,-313
107000034,1064,355,709
107000035,174,112,62
107000036,186,493,-307
107000037,22,424,-402
107000038,72,67,5
107000039,316,468,-152
107000040,160,64,96
107000041,523,167,356
107000042,222,967,-745
107000043,522,234,288
107000044,112,109,3
107000045,25,104,-79
107000046,307,105,202
107000047,149,302,-153
107000048,243,89,154
107000049,186,214,-28
107000050,263,130,133
107000051,156,170,-14
107000052,394,731,-337
107000053,208,175,33
107000054,8,81,-73
107000055,78,80,-2
107000056,325,283,42
107000057,477,97,380
107000058,1463,1197,266
107000059,746,1076,-330
107000060,3411,2506,905
107000061,1822,866,956
107000062,4031,1360,2671
107000063,1220,1083,137
107000064,2863,1696,1167
107000065,1132,1354,-222
107000066,618,1330,-712
107000067,510,295,215
107000068,398,309,89
107000069,701,451,250
107000070,653,3,650
107000071,2214,19,2195
107000072,2,489,-487
107000073,622,346,276
107000074,27,179,-152
107000075,1327,68,1259
107000076,98,345,-247
107000077,1757,228,1529
107000078,239,377,-138
107000079,1686,427,1259
107000080,212,513,-301
107000081,2764,338,2426
107000082,215,308,-93
107000083,999,457,542
107000084,104,237,-133
107000085,1296,1103,193
107000086,1108,799,309
107000087,1346,820,526
107000088,892,849,43
107000089,837,707,130
107000090,451,274,177
107000091,1024,366,658
107000092,302,290,12
107000093,744,452,292
107000094,249,284,-35
107000095,891,411,480
107000096,261,339,-78
107000097,426,182,244
107000098,148,290,-142
107000099,242,314,-72
107000100,76,210,-134
107000101,104,131,-27
107000102,100,241,-141
107000103,175,117,58
107000104,102,150,-48
107000105,281,66,215
107000106,115,120,-5
107000107,417,105,312
107000108,98,166,-68
107000109,517,82,435
107000110,21,138,-117
107000111,289,33,256
107000112,10,110,-100
107000113,671,20,651
107000114,14,254,-240
107000115,538,122,416
107000116,41,251,-210
107000117,109,607,-498
107000118,51,68,-17
107000119,518,961,-443
107000120,460,292,168
107000121,478,226,252
107000122,271,278,-7
107000123,447,228,219
107000124,379,197,182
107000125,487,139,348
107000126,342,258,84
107000127,2,178,-176
107000129,79,273,-194
107000130,220,623,-403
107000131,215,570,-355
107000132,341,159,182
107000133,169,34,135
107000134,182,1,181
107000135,1,146,-145
107000136,233,0,233
107000137,2,75,-73
107000138,27,14,13
107000139,2,145,-143
107000140,671,32,639
107000141,30,205,-175
107000142,211,42,169
107000143,11,219,-208
107000144,135,402,-267
107000145,46,154,-108
107000146,78,166,-88
107000147,1513,236,1277
107000150,77,2344,-2267
107000151,17,6,11
107000152,231,1655,-1424
107000153,47,58,-11
107000154,1,87,-86
107000155,645,4,641
107000156,822,0,822
107000157,7,288,-281
107000158,365,1,364
107000159,0,123,-123
107000160,1386,74,1312
107000161,14,236,-222
107000162,114,355,-241
107000163,105,0,105
107000164,688,3,685
107000165,917,17,900
107000166,5,183,-178
107000167,376,65,311
107000168,629,162,467
107000169,111,130,-19
107000170,2367,383,1984
107000171,183,237,-54
107000172,969,1237,-268
107000173,198,167,31
107000174,609,3454,-2845
107000175,1204,267,937
107000176,0,0,0
107000177,5,0,5
107000178,4,0,4
107000179,180,574,-394
107000180,1476,103,1373
107000181,257,236,21
107000182,1198,253,945
107000183,80,181,-101
107000184,911,213,698
107000185,138,388,-250
107000186,592,93,499
107000187,615,532,83
107000188,357,139,218
107000189,464,253,211
107000190,477,203,274
107000191,556,306,250
107000192,809,141,668
107000193,236,133,103
107000194,184,117,67
107000197,516,56,460
107000198,151,458,-307
107000199,203,174,29
107000200,450,298,152
107000201,101,131,-30
107000202,77,237,-160
107000203,147,292,-145
107000204,125,633,-508
107000205,233,109,124
107000206,109,386,-277
107000207,142,215,-73
107000208,99,136,-37
107000209,207,190,17
107000210,54,78,-24
107000211,29,18,11
107000212,81,18,63
107000213,1,18,-17
107000214,6,20,-14
107000215,218,43,175
107000216,372,91,281
107000217,70,32,38
107000219,11,92,-81
107000220,64,39,25
107000222,96,94,2
107000224,262,41,221
107000225,35,121,-86
107000226,385,28,357
107000227,53,71,-18
107000228,14,140,-126
107000229,22,38,-16
107000230,297,176,121
107000231,191,474,-283
107000232,16,3,13
107000233,51,215,-164
107000234,0,59,-59
107000235,26,20,6
107000236,0,108,-108
107000237,56,0,56
107000238,25,1,24
107000239,656,177,479
107000240,16,70,-54
107000241,18,16,2
107000242,79,5,74
107000243,0,15,-15
107000244,4,1,3
107000246,1,196,-195
107000249,0,330,-330
107000251,0,11,-11
107000252,1,86,-85
107000255,56,66,-10
107000257,1,337,-336
107000258,0,112,-112
107000259,0,61,-61
107000260,1269,5,1264
107000262,1,110,-109
107000263,283,4,279
107000266,5,9,-4
107000267,27,58,-31
107000268,67,23,44
107000269,5,0,5
107000270,95,22,73
107000271,0,0,0
107000272,39,1,38
107000273,0,30,-30
107000274,282,17,265
107000275,3,170,-167
107000280,745,10,735
107000281,0,111,-111
107000282,1,163,-162
107000290,13,17,-4
107000291,1,0,1
107000292,0,22,-22
107000293,0,2,-2
107000294,0,28,-28
107000295,8,3,5
107000296,0,2,-2
107000444,140,1,139
107000496,1,5,-4
107000497,339,411,-72
107000500,148,63,85
107000501,29,66,-37
107000502,98,113,-15
107000505,91,266,-175
107000506,0,0,0
107000508,0,22,-22
107000509,34,246,-212
107000510,31,11,20
107000514,40,315,-275
107000515,7,46,-39
107000516,388,142,246
107000518,789,1239,-450
107000519,315,135,180
107000520,116,18,98
107900001,87,16,71
107900002,48,1,47
107900003,329,3,326
107900004,128,0,128
107900005,1672,26,1646
107900006,61,9,52
107900007,227,9,218
107900008,20,11,9
107900009,229,5,224
107900010,17,0,17
107900012,241,26,215
107900013,83,3,80
107900014,33,1,32
107900015,1264,4,1260
107900016,42,18,24
107900017,31,0,31
107900018,50,328,-278
107900019,22,13,9
107900020,2,41,-39
107900021,54,26,28
107900023,5,3,2
107900024,0,0,0
107900025,99,26,73
107900026,19,14,5
107900027,0,137,-137
107900028,117,9,108
107900030,179,2,177
107900031,74,12,62
107900032,41,2,39
107900033,6,8,-2
107900034,129,2,127
107900035,1138,35,1103
107900036,43,22,21
107900037,0,4,-4
107900038,11,164,-153
107900039,3,11,-8
107900040,5,500,-495
107900041,3,0,3
107900043,65,21,44
107900044,4,2,2
107900045,40,22,18
107900046,274,90,184
107900047,45,24,21
107900048,234,15,219
107900049,28,550,-522
107900050,6,57,-51
107900051,37,10,27
107900052,0,41,-41
107900053,85,13,72
107900055,174,85,89
107900056,40,66,-26
107900057,4,0,4
107900058,5,86,-81
107900060,3,5,-2
107900061,3,27,-24
107900063,74,35,39
107900064,78,241,-163
107900065,416,3,413
107900066,2,0,2
107900067,0,0,0
107900068,30,193,-163
107900069,3,1688,-1685
107900070,104,132,-28
107900071,0,67,-67
107900072,99,20,79
107900073,50,6,44
107900074,63,83,-20
107900076,93,14,79
107900077,32,0,32
107900078,78,15,63
107900079,12,8,4
107900080,6,91,-85
107900081,14,16,-2
107900082,1,0,1
107900083,237,136,101
107900084,96,98,-2
107900086,4,119,-115
107900087,64,17,47
107900088,49,2,47
107900089,53,178,-125
107900090,99,978,-879
107900091,29,63,-34
107900092,423,56,367
107900093,22,17,5
107900095,414,636,-222
107900097,36,27,9
107900098,121,108,13
107900100,147,871,-724
107900101,86,27,59
107900102,10,0,10
107900103,5,26,-21
107900104,263,1,262
107900105,6,38,-32
107900106,0,154,-154
107900107,198,123,75
107900108,25,4,21
107900109,1184,24,1160
107900110,23,9,14
107900111,0,66,-66
107900112,50,190,-140
107900113,171,12,159
107900114,260,40,220
107900115,0,2,-2
107900116,154,21,133
107900117,85,90,-5
107900118,8,32,-24
107900119,49,107,-58
107900120,58,1,57
107900121,2,15,-13
107900122,0,13,-13
107900123,1,21,-20
107900124,3,46,-43
107900125,13,28,-15
107900126,16,5,11
107900127,151,87,64
107900128,31,12,19
107900129,119,0,119
107900130,45,0,45
107900131,9,49,-40
107900132,2,51,-49
107900133,0,19,-19
107900134,2,21,-19
107900135,2,13,-11
107900136,1,6,-5
107900137,12,22,-10
107900138,66,4,62
107900139,55,10,45
107900140,65,23,42
107900141,13,6,7
107900142,5,105,-100
107900143,9,9,0
107900144,2,11,-9
107900145,0,11,-11
107900146,4,15,-11
107900147,7,6,1
107900148,118,138,-20
107900149,201,18,183
107900150,0,65,-65
107900151,22,13,9
107900152,0,35,-35
107900153,23,125,-102
107900154,18,18,0
107900155,22,9,13
107900156,6,27,-21
107900157,2,18,-16
107900158,821,49,772
107900159,3,123,-120
107900160,102,34,68
107900161,15,28,-13
107900162,0,22,-22
107900163,1,4,-3
107900164,8,9,-1
107900165,7,105,-98
107900166,21,34,-13
107900167,2,64,-62
107900168,41,12,29
107900169,5,99,-94
107900171,0,111,-111
107900172,6,41,-35
107900173,51,36,15
107900174,57,0,57
107900175,0,34,-34
107900176,12,2,10
107900177,1,31,-30
107900178,9,22,-13
107900179,2,20,-18
107900180,89,628,-539
107900181,76,450,-374
107900182,0,56,-56
107900183,16,22,-6
107900184,25,17,8
107900185,47,0,47
107900186,11,9,2
107900187,0,12,-12
107900188,119,10,109
107900189,2,4,-2
107900190,20,20,0
107900191,8,31,-23
107900193,1,18,-17
107900194,75,4,71
107900195,276,73,203
107900196,29,4,25
107900197,59,66,-7
107900199,0,89,-89
107900201,30,33,-3
107900203,33,16,17
107900204,80,95,-15
107900205,65,72,-7
107900206,39,258,-219
107900207,1,59,-58
107900208,0,52,-52
107900209,44,12,32
107900210,3,14,-11
107900213,92,89,3
107900214,17,17,0
107900215,50,161,-111
107900216,3,15,-12
107900217,37,19,18
107900218,1,111,-110
107900219,11,9,2
107900220,4,32,-28
107900221,32,40,-8
107900223,38,16,22
107900224,29,167,-138
107900225,0,48,-48
107900226,5,44,-39
107900227,37,59,-22
107900228,26,34,-8
107900229,3,32,-29
107900230,18,1,17
107900231,3,11,-8
107900232,77,16,61
107900233,1,24,-23
107900234,80,29,51
107900235,3,42,-39
107900236,161,17,144
107900237,28,225,-197
107900238,10,10,0
107900239,99,225,-126
107900240,5,20,-15
107900241,1,9,-8
107900242,3,20,-17
107900243,0,6,-6
107900244,235,2,233
107900245,567,12,555
107900246,147,48,99
107900248,333,21,312
107900249,702,64,638
107900250,0,120,-120
107900251,1,85,-84
107900252,357,36,321
107900253,125,14,111
107900254,7,98,-91
107900255,15,19,-4
107900256,124,228,-104
107900257,190,76,114
107900258,66,17,49
107900259,6,1576,-1570
107900261,0,51,-51
107900262,27,29,-2
107900264,330,7,323
107900265,30,31,-1
107900267,281,2,279
107900268,0,0,0
107900269,0,1,-1
107900270,1,0,1
107900271,1,11,-10
107900272,20,40,-20
107900273,27,30,-3
107900274,82,0,82
107900275,14,0,14
107900276,0,22,-22
107900277,0,22,-22
107900278,322,105,217
107900279,19,46,-27
107900280,493,403,90
107900281,255,3877,-3622
107900282,21,673,-652
107900283,313,426,-113
107900284,375,162,213
107900285,81,13,68
107900286,14,9,5
107900287,267,21,246
107900290,1,169,-168
107900291,391,2,389
107900292,66,19,47
107900293,40,78,-38
107900295,20,7,13
107900297,3,99,-96
107900298,236,154,82
107900299,2156,1537,619
107900300,106,190,-84
107900301,202,219,-17
107900302,44,3,41
107900303,305,133,172
107900304,226,59,167
107900305,147,0,147
107900306,0,17,-17
107900307,1,88,-87
107900308,138,72,66
107900309,20,0,20
107900310,28,0,28
107900311,169,234,-65
107900312,21,0,21
107900313,1,32,-31
107900314,0,56,-56
107900315,2,32,-30
107900316,35,2,33
107900317,17,1,16
107900318,2,197,-195
107900319,1,16,-15
107900320,1,21,-20
107900321,76,1,75
107900322,0,6,-6
107900323,3,31,-28
107900324,56,1,55
107900325,110,0,110
107900326,265,38,227
107900327,27,49,-22
107900328,0,0,0
107900329,2,14,-12
107900330,6,42,-36
107900331,353,4,349
107900332,287,1,286
107900333,88,9,79
107900334,4,73,-69
107900335,15,5,10
107900336,16,4,12
107900337,258,632,-374
107900338,0,25,-25
107900339,0,2,-2
107900340,0,53,-53
107900341,38,2,36
107900342,23,210,-187
107900343,26,2,24
107900344,2,546,-544
107900345,24,16,8
107900346,16,0,16
107900347,21,0,21
107900348,2,8,-6
107900349,5,12,-7
107900350,4,112,-108
108000001,2714,1247,1467
108000002,496,644,-148
108000003,1581,987,594
108000004,3936,3999,-63
108000005,4752,1980,2772
108000006,1249,1540,-291
108000007,3223,1423,1800
108000008,1120,1197,-77
108000009,3512,1797,1715
108000010,1168,1368,-200
108000011,7547,4688,2859
108000012,3352,3815,-463
108000014,228,647,-419
108000015,432,98,334
108000016,93,221,-128
108000017,698,142,556
108000018,881,202,679
108000019,279,129,150
108000020,471,122,349
108000021,135,250,-115
108000022,161,310,-149
108000023,829,105,724
108000024,161,116,45
108000025,261,44,217
108000026,515,91,424
108000027,388,47,341
108000028,503,77,426
108000029,304,88,216
108000030,311,89,222
108000031,86,204,-118
108000032,1534,244,1290
108000033,295,191,104
108000034,1346,191,1155
108000035,193,409,-216
108000036,129,326,-197
108000037,1587,137,1450
108000038,2435,116,2319
108000039,171,357,-186
108000040,1217,291,926
108000041,187,542,-355
108000042,464,65,399
108000043,63,58,5
108000044,669,20,649
108000045,46,65,-19
108000046,1194,86,1108
108000047,63,238,-175
108000048,59,98,-39
108000049,424,98,326
108000050,15,130,-115
108000051,249,100,149
108000052,48,134,-86
108000053,194,90,104
108000054,157,345,-188
108000055,594,202,392
108000056,197,331,-134
108000057,466,737,-271
108000058,856,2073,-1217
108000059,839,472,367
108000060,118,204,-86
108000061,24,55,-31
108000062,699,259,440
108000063,259,178,81
108000064,219,93,126
108000065,233,186,47
108000066,740,283,457
108000067,1234,301,933
108000068,694,87,607
108000069,83,301,-218
108000070,1615,147,1468
108000071,288,351,-63
108000072,964,229,735
108000073,397,355,42
108000074,574,163,411
108000075,171,154,17
108000076,691,172,519
108000077,165,153,12
108000078,2070,400,1670
108000079,153,323,-170
108000080,1235,160,1075
108000081,153,272,-119
108000082,179,332,-153
108000083,1162,254,908
108000084,57,259,-202
108000085,789,246,543
108000086,126,117,9
108000087,71,1469,-1398
108000088,157,0,157
108000089,105,130,-25
108000090,637,37,600
108000091,51,217,-166
108000092,212,14,198
108000093,137,172,-35
108000094,859,22,837
108000095,61,146,-85
108000096,573,84,489
108000097,35,144,-109
108000098,1417,395,1022
108000099,216,19,197
108000100,137,110,27
108000101,734,371,363
108000102,719,1555,-836
108000106,420,0,420
108000107,1,331,-330
108000108,463,57,406
108000109,0,165,-165
108000110,327,65,262
108000111,103,272,-169
108000112,24,71,-47
108000113,106,105,1
108000115,111,89,22
108000117,208,162,46
108000118,25,77,-52
108000119,299,99,200
108000120,99,464,-365
108000121,138,100,38
108000122,442,104,338
108000123,316,73,243
108000124,185,56,129
108000125,406,77,329
108000126,142,95,47
108000127,353,91,262
108000128,497,73,424
108000129,113,113,0
108000130,303,101,202
108000131,457,69,388
108000132,119,196,-77
108000133,1061,83,978
108000134,154,65,89
108000135,955,256,699
108000136,52,95,-43
108000137,374,74,300
108000138,186,125,61
108000139,418,96,322
108000140,373,7,366
108000141,8,23,-15
108000142,11,18,-7
108000143,20,12,8
108000144,115,3,112
108000145,47,3,44
108000146,129,2,127
108000147,28,13,15
108000148,87,3,84
108000149,4,14,-10
108000150,57,4,53
108000151,2,9,-7
108000152,27,45,-18
108000153,447,53,394
108000154,14,12,2
108000155,53,47,6
108000156,125,75,50
108000157,55,1025,-970
108000158,9,340,-331
108000159,69,60,9
108000160,728,832,-104
108000161,543,2120,-1577
108000165,3,213,-210
108000172,4,106,-102
108000173,310,1140,-830
108000175,313,30,283
108000178,103,69,34
108000179,59,488,-429
108000181,62,5,57
108000182,53,6,47
108000183,2,5,-3
108000184,105,1572,-1467
108000185,146,99,47
108000186,341,11,330
108000187,55,116,-61
108000188,947,46,901
108000189,90,966,-876
108000190,17,31,-14
108000192,128,103,25
108000193,182,14,168
108000194,9,2,7
108000195,0,228,-228
108000196,54,62,-8
108000197,13,34,-21
108000198,257,39,218
108000199,0,47,-47
108000200,686,31,655
108000202,1,56,-55
108000203,59,107,-48
108000204,140,59,81
108000205,58,117,-59
108000339,305,195,110
108000364,66,77,-11
108000365,10,90,-80
108000367,37,87,-50
108000368,7,22,-15
108000369,169,46,123
108000371,0,297,-297
108000372,422,1,421
108000373,114,24,90
108000376,77,13,64
108000377,521,66,455
108000378,5356,6674,-1318
108000379,7,45,-38
108000381,140,15,125
108000382,34,0,34
108000383,0,24,-24
108900001,14,119,-105
108900002,79,20,59
108900003,36,178,-142
108900004,3,266,-263
108900005,61,88,-27
108900006,408,101,307
108900007,266,42,224
108900008,187,28,159
108900009,69,53,16
108900010,333,49,284
108900011,722,94,628
108900012,346,106,240
108900013,122,80,42
108900014,4,42,-38
108900015,0,94,-94
108900016,0,92,-92
108900017,22,55,-33
108900018,110,167,-57
108900019,1,79,-78
108900020,27,27,0
108900021,29,44,-15
108900022,60,2,58
108900023,1,45,-44
108900024,15,23,-8
108900025,222,11,211
108900026,7,25,-18
108900027,0,17,-17
108900028,85,60,25
108900029,15,40,-25
108900030,0,10,-10
108900031,50,73,-23
108900032,1,25,-24
108900033,0,22,-22
108900034,0,21,-21
108900035,132,249,-117
108900036,55,109,-54
108900037,12,86,-74
108900038,0,64,-64
108900039,0,59,-59
108900040,3,45,-42
108900041,1699,1556,143
108900042,1,117,-116
108900043,35,202,-167
108900044,0,93,-93
108900045,147,76,71
108900046,4,112,-108
108900047,0,26,-26
108900048,21,146,-125
108900049,424,1014,-590
108900050,0,124,-124
108900051,0,15,-15
108900052,14,67,-53
108900053,61,108,-47
108900054,61,33,28
108900055,30,70,-40
108900056,0,22,-22
108900057,0,59,-59
108900058,34,89,-55
108900059,410,58,352
108900060,19,69,-50
108900061,16,7,9
108900062,0,64,-64
108900063,18,455,-437
108900064,175,11,164
108900065,10,71,-61
108900066,282,29,253
108900067,9,54,-45
108900068,0,121,-121
108900069,60,35,25
108900070,25,22,3
108900071,131,12,119
108900072,709,166,543
108900073,4,213,-209
108900074,266,44,222
108900075,3,7,-4
108900076,283,8,275
108900077,55,494,-439
108900078,43,19,24
108900079,101,37,64
108900080,21,588,-567
108900081,14,96,-82
108900082,83,18,65
108900083,10,177,-167
108900084,80,33,47
108900085,851,39,812
108900086,92,27,65
108900087,32,63,-31
108900088,197,124,73
108900089,20,50,-30
108900090,49,52,-3
108900091,59,23,36
108900092,175,105,70
108900093,41,15,26
108900094,80,36,44
108900095,3,61,-58
108900096,84,12,72
108900097,126,34,92
108900098,526,888,-362
108900099,175,47,128
108900100,69,37,32
108900101,99,109,-10
108900102,8,776,-768
108900103,113,61,52
108900104,39,62,-23
108900105,1,1220,-1219
108900106,255,56,199
108900108,170,18,152
108900109,37,12,25
108900110,62,44,18
108900111,227,107,120
108900112,137,16,121
108900113,53,23,30
108900114,1,3,-2
108900115,219,34,185
108900116,40,5,35
108900117,147,25,122
108900118,519,30,489
108900119,377,9,368
108900120,137,126,11
108900121,193,37,156
108900122,169,8,161
108900123,195,35,160
108900124,464,42,422
108900125,528,4,524
108900126,51,45,6
108900127,165,31,134
108900128,175,3,172
108900129,850,13,837
108900130,303,0,303
108900131,319,3,316
108900132,365,23,342
108900133,210,12,198
108900134,434,40,394
108900135,242,3,239
108900136,18,5,13
108900137,206,2,204
108900138,453,10,443
108900139,481,14,467
108900140,394,17,377
108900141,410,9,401
108900142,36,0,36
108900143,62,0,62
108900144,66,1,65
108900145,163,4,159
108900146,50,0,50
108900147,258,0,258
108900148,21,6,15
108900149,138,178,-40
108900150,121,2,119
108900151,7,4,3
108900152,73,17,56
108900153,170,51,119
108900154,3019,185,2834
108900155,67,13,54
108900156,81,0,81
108900157,1,75,-74
108900158,352,8,344
108900159,1,43,-42
108900160,8,91,-83
108900161,4,74,-70
108900162,166,36,130
108900163,2,263,-261
108900164,38,10,28
108900165,35,14,21
108900167,152,5791,-5639
108900168,2457,1022,1435
108900169,34,44,-10
108900171,1231,2254,-1023
108900172,107,22,85
108900173,90,74,16
108900174,708,75,633
108900176,35,204,-169
108900177,1146,4908,-3762
108900178,936,2464,-1528
108900179,78,639,-561
108900180,78,106,-28
108900182,97,164,-67
108900183,51,67,-16
108900184,138,102,36
108900185,16,95,-79
108900186,29,78,-49
108900187,479,10,469
108900188,494,23,471
108900189,120,14,106
108900190,2,431,-429
108900191,51,116,-65
108900192,28,92,-64
108900193,6,6,0
108900194,0,58,-58
108900195,12,55,-43
108900196,9,81,-72
108900198,1,93,-92
108900199,64,63,1
108900200,404,155,249
108900201,84,274,-190
108900203,413,34,379
108900204,262,0,262
108900205,117,8,109
108900206,247,27,220
108900207,197,131,66
108900208,3,53,-50
108900209,37,101,-64
108900210,154,37,117
108900211,41,266,-225
108900212,42,627,-585
108900215,10,121,-111
108900216,83,130,-47
108900217,47,0,47
108900218,30,4,26
108900219,30,5,25
108900220,23,6,17
108900221,12,43,-31
108900222,158,11,147
108900223,0,112,-112
108900224,50,122,-72
108900225,0,63,-63
108900226,266,12,254
108900227,102,102,0
108900230,34,49,-15
108900231,3,58,-55
108900232,1,72,-71
108900233,278,30,248
108900234,153,49,104
108900235,62,175,-113
108900236,16,148,-132
108900237,7,40,-33
108900240,160,33,127
108900241,68,42,26
108900245,1,1108,-1107
108900249,24,9,15
108900250,130,23,107
108900257,231,36,195
108900258,1,26,-25
108900259,17,17,0
108900260,1,3,-2
108900261,2,9,-7
108900262,42,10,32
108900263,11,16,-5
108900264,44,77,-33
108900265,205,267,-62
108900266,80,460,-380
108900267,2,146,-144
108900268,3,6,-3
108900269,31,10,21
108900270,42,7,35
108900271,16,2,14
108900272,125,2,123
108900273,87,300,-213
108900274,27,13,14
109000001,1552,1624,-72
109000002,246,718,-472
109000003,1787,256,1531
109000004,167,585,-418
109000005,1359,263,1096
109000006,281,474,-193
109000007,1299,183,1116
109000008,246,442,-196
109000009,2171,321,1850
109000010,266,599,-333
109000011,2965,857,2108
109000012,556,685,-129
109000013,3414,2665,749
109000014,621,541,80
109000015,1957,5945,-3988
109000016,976,648,328
109000017,2293,321,1972
109000018,271,570,-299
109000019,1596,378,1218
109000020,330,440,-110
109000023,60,6,54
109000024,22,84,-62
109000025,108,285,-177
109000026,167,129,38
109000027,73,196,-123
109000028,35,29,6
109000029,39,217,-178
109000030,6,66,-60
109000031,234,21,213
109000032,19,67,-48
109000033,450,55,395
109000034,31,18,13
109000035,0,3,-3
109000036,9,217,-208
109000037,312,2258,-1946
109000038,144,111,33
109000039,595,436,159
109000040,1283,10313,-9030
109000041,725,1413,-688
109000042,272,1056,-784
109000044,469,10,459
109000045,51,5,46
109000046,423,21,402
109000047,8,10,-2
109000048,230,103,127
109000049,42,27,15
109000050,315,76,239
109000051,29,7,22
109000052,277,291,-14
109000053,281,48,233
109000054,32,126,-94
109000055,99,127,-28
109000056,72,88,-16
109000057,597,299,298
109000058,143,47,96
109000059,8,563,-555
109000060,67,314,-247
109000061,128,973,-845
109000062,23,226,-203
109000063,60,28,32
109000064,349,21,328
109000065,161,32,129
109000066,343,33,310
109000067,28,31,-3
109000068,163,3,160
109000069,241,7,234
109000070,8,271,-263
109000071,178,7,171
109000072,32,119,-87
109000073,30,66,-36
109000074,11,90,-79
109000075,19,17,2
109000076,45,106,-61
109000077,131,104,27
109000078,38,134,-96
109000079,52,93,-41
109000080,134,36,98
109000081,95,136,-41
109000082,394,76,318
109000083,171,142,29
109000088,116,90,26
109000089,329,33,296
109000090,68,132,-64
109000091,434,82,352
109000092,78,108,-30
109000093,272,49,223
109000094,823,1,822
109000095,96,162,-66
109000096,692,26,666
109000097,11,26,-15
109000098,23,56,-33
109000099,388,60,328
109000100,149,139,10
109000101,1229,245,984
109000102,208,146,62
109000103,296,172,124
109000104,1879,143,1736
109000105,126,266,-140
109000106,1213,119,1094
109000107,268,290,-22
109000108,1717,161,1556
109000109,204,191,13
109000110,739,199,540
109000111,263,324,-61
109000112,65,38,27
109000113,93,53,40
109000114,84,51,33
109000115,292,2,290
109000116,6,110,-104
109000117,141,25,116
109000118,1,106,-105
109000119,1424,29,1395
109000120,94,137,-43
109000121,634,15,619
109000122,49,163,-114
109000123,18,33,-15
109000124,589,81,508
109000125,835,76,759
109000126,176,138,38
109000127,991,34,957
109000128,227,251,-24
109000129,2383,166,2217
109000130,134,267,-133
109000131,443,493,-50
109000132,151,515,-364
109000133,47,198,-151
109000134,210,322,-112
109000135,132,224,-92
109000136,76,87,-11
109000137,204,76,128
109000138,124,79,45
109000139,379,69,310
109000140,80,99,-19
109000141,265,117,148
109000142,55,148,-93
109000143,48,30,18
109000145,32,46,-14
109000146,11,37,-26
109000148,624,915,-291
109000149,5,33,-28
109000150,13,108,-95
109000155,508,437,71
109000156,385,85,300
109000158,14,101,-87
109000159,37,112,-75
109000160,910,35,875
109000161,333,200,133
109000162,1238,127,1111
109000163,656,284,372
109000164,770,568,202
109000165,1143,197,946
109000166,671,66,605
109000167,79,117,-38
109000170,11,22,-11
109000171,54,7,47
109000172,0,21,-21
109000173,0,56,-56
109000174,144,17,127
109000175,7,27,-20
109000176,174,30,144
109000177,12,26,-14
109000178,313,15,298
109000179,1142,3672,-2530
109000180,1164,1366,-202
109000181,3,2,1
109000182,29,8,21
109000183,44,8,36
109000184,46,15,31
109000185,17,25,-8
109000188,135,287,-152
109000189,1802,117,1685
109000190,209,169,40
109000191,209,167,42
109000192,323,31,292
109000193,168,48,120
109000194,175,31,144
109000195,191,53,138
109000196,105,15,90
109000197,151,78,73
109000198,256,25,231
109000199,51,88,-37
109000206,142,5,137
109000207,148,16,132
109000208,126,82,44
109000209,108,21,87
109000210,16,109,-93
109000211,220,63,157
109000214,139,79,60
109000215,122,44,78
109000216,233,265,-32
109000217,47,28,19
109000218,102,62,40
109000221,50,209,-159
109000222,344,42,302
109000223,331,262,69
109000224,61,37,24
109000225,91,24,67
109000226,31,38,-7
109000227,1428,194,1234
109000228,0,106,-106
109000231,0,82,-82
109000232,369,52,317
109000236,91,183,-92
109000241,844,235,609
109000242,657,166,491
109000293,40,36,4
109000361,28,51,-23
109000364,27,116,-89
109000396,4,138,-134
109000397,640,3,637
109000399,26,96,-70
109000400,52,64,-12
109000403,2,576,-574
109000406,306,36,270
109000407,22,62,-40
109000408,0,0,0
109000410,357,40,317
109000411,81,10,71
109900001,34,0,34
109900002,456,20,436
109900003,568,1,567
109900004,69,79,-10
109900005,10,3,7
109900006,385,40,345
109900007,963,84,879
109900008,0,9,-9
109900009,32,127,-95
109900010,443,6,437
109900011,33,22,11
109900012,172,39,133
109900013,196,19,177
109900014,117,17,100
109900015,55,4,51
109900016,53,1,52
109900017,162,46,116
109900018,74,4,70
109900019,48,8,40
109900020,63,2,61
109900021,37,5,32
109900022,26,42,-16
109900023,17,0,17
109900024,1,0,1
109900025,0,13,-13
109900026,0,52,-52
109900027,18,6,12
109900028,283,1075,-792
109900029,0,36,-36
109900030,6,32,-26
109900031,0,375,-375
109900032,0,62,-62
109900033,1,134,-133
109900034,5,10,-5
109900035,41,36,5
109900036,1,8,-7
109900037,8,107,-99
109900038,52,61,-9
109900039,1,0,1
109900040,9,123,-114
109900041,26,57,-31
109900042,1,79,-78
109900044,12,29,-17
109900045,55,3,52
109900046,94,25,69
109900047,58,39,19
109900048,0,27,-27
109900049,8,12,-4
109900050,0,22,-22
109900051,0,3,-3
109900052,20,75,-55
109900053,1,37,-36
109900054,954,45,909
109900055,53,110,-57
109900056,4,87,-83
109900057,1,38,-37
109900058,1,3,-2
109900059,1156,16,1140
109900060,489,18,471
109900061,33,32,1
109900062,0,22,-22
109900063,15,139,-124
109900064,240,39,201
109900065,33,17,16
109900066,44,135,-91
109900067,0,78,-78
109900068,57,5,52
109900069,1,1,0
109900070,10,30,-20
109900071,0,7,-7
109900072,1,14,-13
109900073,410,55,355
109900074,5,10,-5
109900075,4,4,0
109900076,1,19,-18
109900077,13,14,-1
109900078,29,39,-10
109900080,59,30,29
109900081,3,94,-91
109900082,26,42,-16
109900083,0,10,-10
109900084,5,40,-35
109900085,24,89,-65
109900086,21,469,-448
109900087,26,88,-62
109900089,440,41,399
109900090,108,245,-137
109900091,382,29,353
109900092,116,6,110
109900093,794,67,727
109900094,37,8,29
109900095,30,85,-55
109900096,15,6,9
109900097,95,0,95
109900098,421,8,413
109900099,334,0,334
109900100,13,0,13
109900101,1013,3,1010
109900102,178,18,160
109900103,10,35,-25
109900104,906,125,781
109900105,446,18,428
109900106,219,32,187
109900107,364,16,348
109900108,54,76,-22
109900109,24,12,12
109900110,12,47,-35
109900111,47,82,-35
109900112,95,85,10
109900113,729,231,498
109900114,215,680,-465
109900115,81,44,37
109900117,1081,16,1065
109900118,72,63,9
109900119,59,68,-9
109900120,22,3,19
109900121,132,39,93
109900122,628,4,624
109900123,8,12,-4
109900124,9,84,-75
109900125,0,54,-54
109900126,498,4,494
109900128,307,8,299
109900130,1151,1676,-525
109900131,3,15,-12
109900132,1,41,-40
109900133,48,63,-15
109900134,29,11,18
109900135,34,10,24
109900136,4,24,-20
109900137,92,65,27
109900138,352,56,296
109900140,56,39,17
109900141,751,86,665
109900142,1550,105,1445
109900145,2,305,-303
109900146,23,41,-18
109900148,0,20,-20
109900149,9,5,4
109900150,0,17,-17
109900151,2,37,-35
109900152,0,4,-4
109900153,0,0,0
109900154,17,0,17
109900155,7,16,-9
109900157,99,69,30
109900158,26,20,6
109900159,24,12,12
109900160,58,7,51
109900161,208,7,201
109900162,138,15,123
109900163,155,72,83
109900164,62,93,-31
109900165,25,1,24
109900166,0,22,-22
109900167,52,129,-77
109900168,65,120,-55
109900169,93,33,60
109900170,53,626,-573
109900171,176,56,120
109900172,115,159,-44
109900173,469,1310,-841
109900174,10,52,-42
109900175,43,37,6
109900176,41,18,23
109900177,11,22,-11
109900178,1,18,-17
109900179,1,31,-30
109900180,0,1,-1
110000001,170,132,38
110000002,403,280,123
110000003,214,355,-141
110000004,298,347,-49
110000005,205,1509,-1304
110000006,90,224,-134
110000007,44,32,12
110000008,12,109,-97
110000009,1,0,1
110000010,18,85,-67
110000011,9,7,2
110000012,197,137,60
110000013,10,223,-213
110000014,281,191,90
110000015,82,192,-110
110000016,231,668,-437
110000017,1099,164,935
110000018,936,124,812
110000019,14,37,-23
110000020,135,79,56
110000021,74,111,-37
110000022,731,43,688
110000023,0,21,-21
110000024,179,134,45
110000025,550,1,549
110000026,0,39,-39
110000027,195,263,-68
110000028,535,81,454
110000029,174,131,43
110000030,213,238,-25
110000031,83,127,-44
110000032,779,87,692
110000033,24,59,-35
110000034,592,106,486
110000035,174,150,24
110000036,991,182,809
110000037,50,108,-58
110000038,129,446,-317
110000039,345,2967,-2622
110000040,167,70,97
110000041,275,1665,-1390
110000042,26,105,-79
110000043,561,161,400
110000044,14,80,-66
110000045,54,61,-7
110000046,2,16,-14
110000047,19,21,-2
110000048,0,65,-65
110000049,2,7,-5
110000050,0,53,-53
110000051,14,5,9
110000052,29,49,-20
110000053,6,2,4
110000054,53,195,-142
110000055,96,34,62
110000056,34,43,-9
110000057,95,140,-45
110000058,301,131,170
110000059,259,174,85
110000060,608,286,322
110000061,218,201,17
110000062,347,231,116
110000063,29,98,-69
110000064,19,7,12
110000065,139,105,34
110000066,52,7,45
110000067,40,29,11
110000068,170,20,150
110000069,417,14,403
110000071,550,11,539
110000073,14,3,11
110000075,38,4,34
110000076,280,267,13
110000077,110,489,-379
110000078,80,8,72
110000080,76,109,-33
110000081,6,77,-71
110000082,0,129,-129
110000083,74,176,-102
110000084,598,536,62
110000085,401,402,-1
110000086,296,1020,-724
110000087,18,4,14
110000088,137,83,54
110000089,165,15,150
110000090,37,77,-40
110000091,195,65,130
110000092,0,18,-18
110000093,38,7,31
110000094,101,30,71
110000095,53,501,-448
110000096,540,1157,-617
110000097,310,1338,-1028
110000098,729,192,537
110000099,463,686,-223
110000100,1346,52,1294
110000101,68,49,19
110000102,53,23,30
110000104,182,96,86
110000105,88,66,22
110000106,150,272,-122
110000107,69,146,-77
110000108,41,123,-82
110000109,68,76,-8
110000110,761,1531,-770
110000111,1077,1462,-385
110000112,63,321,-258
110000113,41,1317,-1276
110000114,306,414,-108
110000115,364,79,285
110000116,34,24,10
110000117,323,72,251
110000118,581,32,549
110000119,498,76,422
110000120,168,20,148
110000121,14,324,-310
110000122,88,132,-44
110000123,272,189,83
110000124,1,208,-207
110000125,292,8,284
110000126,137,7,130
110000127,607,8,599
110000128,16,356,-340
110000129,1,108,-107
110000130,119,54,65
110000131,83,84,-1
110000132,1,135,-134
110000133,6,143,-137
110000134,23,122,-99
110000135,135,8,127
110000136,19,61,-42
110000137,463,119,344
110000138,506,125,381
110000139,869,159,710
110000140,296,319,-23
110000143,145,193,-48
110000144,854,676,178
110000145,530,412,118
110000146,412,211,201
110000147,128,414,-286
110000148,510,86,424
110000151,217,385,-168
110000152,169,161,8
110000153,368,28,340
110000154,3,40,-37
110000155,350,687,-337
110000156,281,371,-90
110000157,254,734,-480
110000160,110,104,6
110000161,54,98,-44
110000166,812,24,788
110000167,1053,333,720
110000168,432,409,23
110000169,382,183,199
110000170,99,46,53
110000171,286,46,240
110000172,198,198,0
110000173,172,150,22
110000174,72,94,-22
110000175,897,30,867
110000176,39,521,-482
110000177,89,871,-782
110000178,160,1585,-1425
110000179,541,108,433
110000180,161,128,33
110000181,594,103,491
110000182,76,88,-12
110000183,2544,4556,-2012
110000184,117,1908,-1791
110000185,191,204,-13
110000186,179,229,-50
110000191,1042,161,881
110000192,434,5,429
110000193,945,2,943
110000194,20,94,-74
110000195,321,13,308
110000196,482,33,449
110000197,58,20,38
110000198,44,9,35
110000199,27,36,-9
110000200,197,148,49
110000201,477,522,-45
110000202,548,212,336
110000203,62,98,-36
110000204,0,51,-51
110000205,203,25,178
110000206,95,167,-72
110000207,1199,87,1112
110000208,86,204,-118
110000209,55,128,-73
110000210,992,130,862
110000211,533,299,234
110000212,181,934,-753
110000213,176,3,173
110000214,264,14,250
110000215,48,90,-42
110000216,41,92,-51
110000217,394,26,368
110000218,65,51,14
110000219,278,15,263
110000220,31,21,10
110000221,393,0,393
110000222,35,77,-42
110000223,0,26,-26
110000224,1,0,1
110000225,64,212,-148
110000226,217,23,194
110000227,94,276,-182
110000228,165,12,153
110000229,3,74,-71
110000230,271,322,-51
110000231,149,203,-54
110000232,46,38,8
110000233,113,178,-65
110000234,245,92,153
110000235,657,313,344
110000236,210,150,60
110000237,906,646,260
110000238,597,280,317
110000239,861,252,609
110000240,0,12,-12
110000242,0,8,-8
110000243,133,26,107
110000244,34,107,-73
110000245,1,139,-138
110000246,782,104,678
110000247,414,479,-65
110000248,624,175,449
110000249,147,6,141
110000250,10,46,-36
110000251,249,66,183
110000252,391,61,330
110000253,1128,133,995
110000254,476,135,341
110000255,42,138,-96
110000256,234,79,155
110000257,108,45,63
110000258,0,38,-38
110000259,236,11,225
110000260,51,39,12
110000263,400,38,362
110000264,353,64,289
110000265,592,429,163
110000266,540,663,-123
110000267,41,32,9
110000268,161,57,104
110000269,0,20,-20
110000270,54,0,54
110000271,550,67,483
110000272,354,356,-2
110000273,323,386,-63
110000274,109,1535,-1426
110000275,449,258,191
110000276,88,380,-292
110000277,200,51,149
110000278,147,187,-40
110000279,512,122,390
110000280,550,111,439
110000281,51,18,33
110000282,80,2,78
110000283,2,24,-22
110000284,0,3,-3
110000285,0,48,-48
110000286,0,0,0
110000287,83,0,83
110000288,1,38,-37
110000289,158,1647,-1489
110000290,191,503,-312
110000291,855,306,549
110000292,207,4125,-3918
110000293,489,178,311
110000294,1031,1057,-26
110000295,48,174,-126
110000296,574,111,463
110000297,1535,50,1485
110000298,11,116,-105
110000299,135,14,121
110000301,370,15,355
110000302,190,142,48
110000303,496,4,492
110000304,108,66,42
110000305,1211,25,1186
110000306,301,237,64
110000307,1537,2,1535
110000308,437,2,435
110000309,0,159,-159
110000310,754,16,738
110000311,1,102,-101
110000312,363,37,326
110000313,1228,371,857
110000314,0,48,-48
110000315,444,746,-302
110000316,85,386,-301
110000317,45,132,-87
110000318,0,12,-12
110000319,6,2,4
110000320,4,22,-18
110000321,19,10,9
110000322,43,95,-52
110000323,507,61,446
110000324,536,490,46
110000325,882,2544,-1662
110000327,191,81,110
110000328,56,117,-61
110000333,615,596,19
110000334,91,330,-239
110000335,438,171,267
110000336,174,222,-48
110000337,1166,201,965
110000338,251,86,165
110000339,404,52,352
110000340,34,65,-31
110000341,261,101,160
110000342,19,0,19
110000343,0,0,0
110000344,6,73,-67
110000345,50,130,-80
110000346,546,737,-191
110000347,573,192,381
110000348,19,6,13
110000349,2,2,0
110000350,24,1,23
110000351,1126,211,915
110000352,296,784,-488
110000353,1308,195,1113
110000354,297,1562,-1265
110000355,170,34,136
110000356,216,9,207
110000357,539,3,536
110000361,53,38,15
110000362,120,27,93
110000363,413,12,401
110000364,232,285,-53
110000365,41,0,41
110000366,1,77,-76
110000367,189,141,48
110000368,0,52,-52
110000369,51,3,48
110000373,3,80,-77
110000374,29,18,11
110000375,24,275,-251
110000376,3,64,-61
110000377,47,150,-103
110000378,1,255,-254
110000379,903,1660,-757
110000380,105,16,89
110000383,0,241,-241
110000384,394,38,356
110000385,0,56,-56
110000387,106,2,104
110000388,25,42,-17
110000389,294,0,294
110000391,616,113,503
110000396,153,53,100
110000397,54,10,44
110000398,2,15,-13
110000399,91,0,91
110000587,192,76,116
110000589,124,19,105
110000640,94,23,71
110000652,2,178,-176
110000653,208,111,97
110000654,0,119,-119
110000656,0,80,-80
110000674,76,36,40
110000675,13,12,1
110000676,0,15,-15
110000679,24,248,-224
110000682,83,120,-37
110000683,136,79,57
110000684,0,10,-10
110000685,0,12,-12
110000686,0,17,-17
110000687,1,0,1
110000688,2,937,-935
110000689,25,13,12
110000692,3,31,-28
110000693,2,159,-157
110000694,0,17,-17
110000695,23,105,-82
110000696,15,21,-6
110900001,254,28,226
110900002,174,70,104
110900003,1019,77,942
110900004,326,17,309
110900005,717,2744,-2027
110900006,43,25,18
110900007,185,80,105
110900008,0,16,-16
110900009,139,295,-156
110900010,4,14,-10
110900011,0,5,-5
110900012,2,55,-53
110900013,763,43,720
110900014,274,5,269
110900015,108,326,-218
110900016,36,57,-21
110900017,419,12,407
110900018,406,10,396
110900019,243,9,234
110900020,202,46,156
110900021,82,104,-22
110900022,51,76,-25
110900023,7,114,-107
110900024,34,60,-26
110900025,2,2,0
110900027,13,8,5
110900028,2,5,-3
110900029,2,43,-41
110900030,7,12,-5
110900031,0,35,-35
110900032,0,9,-9
110900033,15,60,-45
110900035,0,223,-223
110900036,38,4,34
110900037,78,3,75
110900038,100,34,66
110900039,0,130,-130
110900040,191,6,185
110900041,9,8,1
110900042,23,12,11
110900043,5,4,1
110900044,14,1,13
110900045,64,93,-29
110900046,0,14,-14
110900047,41,240,-199
110900049,69,50,19
110900050,15,3,12
110900051,1,36,-35
110900052,0,50,-50
110900053,82,11,71
110900054,21,72,-51
110900055,3,0,3
110900056,21,58,-37
110900057,0,52,-52
110900058,201,21,180
110900059,164,85,79
110900060,155,13,142
110900061,1,15,-14
110900062,75,43,32
110900063,2,42,-40
110900064,10,0,10
110900065,32,14,18
110900066,4,8,-4
110900067,45,357,-312
110900068,49,40,9
110900069,1,6,-5
110900070,72,23,49
110900071,48,837,-789
110900073,0,1,-1
110900074,430,36,394
110900075,398,22,376
110900077,1036,81,955
110900078,118,13,105
110900079,352,160,192
110900080,77,24,53
110900081,7,6,1
110900082,141,45,96
110900083,81,38,43
110900084,58,24,34
110900085,25,62,-37
110900086,34,160,-126
110900087,282,17,265
110900088,17,0,17
110900090,16,51,-35
110900091,0,5,-5
110900093,118,45,73
110900095,12,4,8
110900097,40,2,38
110900098,0,2,-2
110900099,11,77,-66
110900100,1,2,-1
110900102,35,0,35
110900105,201,33,168
110900108,22,25,-3
110900111,114,34,80
110900112,390,3,387
110900113,73,36,37
110900115,1,14,-13
110900116,913,294,619
110900118,21,2461,-2440
110900119,664,32,632
110900120,101,4,97
110900121,45,0,45
110900122,294,67,227
110900125,185,361,-176
110900127,60,319,-259
110900128,16,54,-38
110900129,50,289,-239
110900130,85,96,-11
110900131,180,25,155
110900132,350,10,340
110900133,42,30,12
110900135,53,47,6
110900136,322,1,321
110900137,6,0,6
110900138,66,182,-116
110900139,0,41,-41
110900140,8,1,7
110900141,0,60,-60
110900142,12,10,2
110900143,200,20,180
110900144,0,114,-114
110900145,154,95,59
110900146,90,205,-115
110900147,20,56,-36
110900148,3,39,-36
110900149,1,12,-11
110900150,14,12,2
110900151,1,13,-12
110900152,8,104,-96
110900153,100,15,85
111000001,126,266,-140
111000002,137,408,-271
111000003,1087,562,525
111000004,338,495,-157
111000005,862,754,108
111000006,746,1200,-454
111000007,2150,1805,345
111000008,1554,1985,-431
111000009,230,489,-259
111000010,929,228,701
111000011,84,480,-396
111000012,103,217,-114
111000013,181,257,-76
111000014,903,228,675
111000017,7,359,-352
111000018,23,148,-125
111000020,135,461,-326
111000021,22,53,-31
111000023,43,26,17
111000025,1040,1546,-506
111000029,39,28,11
111000030,21,22,-1
111000031,741,438,303
111000032,226,109,117
111000033,166,37,129
111000034,107,94,13
111000037,276,392,-116
111000038,714,647,67
111000039,531,462,69
111000040,686,569,117
111000041,94,113,-19
111000042,1007,1053,-46
111000043,1141,2298,-1157
111000044,1173,215,958
111000045,1852,773,1079
111000046,1240,688,552
111000047,1512,3769,-2257
111000049,28,95,-67
111000050,209,164,45
111000051,202,172,30
111000052,175,189,-14
111000053,65,155,-90
111000054,82,116,-34
111000055,292,415,-123
111000056,72,130,-58
111000057,32,145,-113
111000058,490,77,413
111000059,401,150,251
111000060,3009,297,2712
111000061,601,79,522
111000062,753,172,581
111000063,853,520,333
111000064,895,180,715
111000065,891,317,574
111000066,525,143,382
111000067,594,109,485
111000068,505,114,391
111000069,467,646,-179
111000070,78,140,-62
111000071,74,76,-2
111000072,826,388,438
111000073,131,524,-393
111000074,764,444,320
111000075,355,157,198
111000076,421,177,244
111000077,574,316,258
111000078,704,224,480
111000079,457,217,240
111000080,352,165,187
111000081,851,2017,-1166
111000082,596,144,452
111000084,494,193,301
111000085,375,354,21
111000086,597,324,273
111000087,341,221,120
111000088,1648,1791,-143
111000089,388,354,34
111000090,214,345,-131
111000091,303,138,165
111000092,1116,219,897
111000093,700,315,385
111000094,842,362,480
111000095,419,1480,-1061
111000096,430,3997,-3567
111000097,1005,322,683
111000098,127,203,-76
111000099,182,472,-290
111000100,219,324,-105
111000101,108,200,-92
111000102,71,118,-47
111000104,873,68,805
111000107,24,203,-179
111000109,753,52,701
111000110,782,274,508
111000111,2318,101,2217
111000112,1756,89,1667
111000113,471,1530,-1059
111000114,371,2380,-2009
111000115,1499,346,1153
111000116,369,156,213
111000117,222,163,59
111000118,429,310,119
111000119,871,227,644
111000120,466,252,214
111000121,168,235,-67
111000122,99,219,-120
111000123,514,614,-100
111000124,194,690,-496
111000125,68,229,-161
111000126,21,135,-114
111000127,731,63,668
111000128,1935,80,1855
111000129,2366,128,2238
111000130,2142,162,1980
111000131,2032,139,1893
111000132,1525,1144,381
111000133,78,11,67
111000134,62,13,49
111000135,52,55,-3
111000136,296,54,242
111000138,4,4,0
111000140,9,0,9
111000141,73,145,-72
111000142,0,35,-35
111000143,0,53,-53
111000144,0,104,-104
111000145,4,0,4
111000146,61,0,61
111000147,18,2,16
111000148,55,29,26
111000149,7,9,-2
111000150,37,0,37
111000151,1,1,0
111000153,116,64,52
111000154,174,41,133
111000155,103,35,68
111000156,242,109,133
111000157,75,190,-115
111000158,491,216,275
111000159,962,349,613
111000160,255,53,202
111000161,7,237,-230
111000162,2,32,-30
111000163,436,308,128
111000164,146,885,-739
111000165,382,61,321
111000166,111,59,52
111000167,75,66,9
111000168,166,114,52
111000169,178,63,115
111000170,83,56,27
111000171,115,155,-40
111000172,24,160,-136
111000173,120,250,-130
111000174,170,41,129
111000175,21,46,-25
111000176,333,30,303
111000177,727,74,653
111000178,1371,68,1303
111000179,385,30,355
111000180,267,150,117
111000181,1368,75,1293
111000182,201,39,162
111000183,42,86,-44
111000184,145,43,102
111000185,101,76,25
111000186,72,25,47
111000187,77,48,29
111000188,231,88,143
111000189,64,99,-35
111000190,95,52,43
111000191,71,57,14
111000192,16,112,-96
111000193,58,46,12
111000194,21,31,-10
111000195,35,41,-6
111000196,53,43,10
111000197,486,34,452
111000198,262,24,238
111000199,224,65,159
111000200,552,129,423
111000201,553,38,515
111000202,298,20,278
111000203,307,71,236
111000204,223,592,-369
111000213,69,186,-117
111000214,569,791,-222
111000215,383,281,102
111000217,1044,317,727
111000218,927,353,574
111000219,111,58,53
111000220,441,295,146
111000221,54,107,-53
111000224,0,53,-53
111000225,246,46,200
111000226,37,0,37
111000227,23,0,23
111000228,1,675,-674
111000229,1,1434,-1433
111000230,69,68,1
111000231,374,64,310
111000232,603,128,475
111000233,1018,152,866
111000234,202,208,-6
111000239,28,9,19
111000240,67,306,-239
111000241,24,34,-10
111000242,229,48,181
111000243,122,59,63
111000244,652,55,597
111000245,275,54,221
111000246,472,98,374
111000247,417,77,340
111000248,509,80,429
111000249,402,100,302
111000250,39,19,20
111000251,126,31,95
111000253,18,7,11
111000255,18,1,17
111000257,19,7,12
111000260,2,247,-245
111000261,1219,14,1205
111000271,8,83,-75
111000273,1481,592,889
111000274,782,1104,-322
111000275,46,5,41
111000276,91,326,-235
111000277,128,81,47
111000278,280,70,210
111000291,559,6746,-6187
111000298,261,69,192
111000299,297,44,253
111000300,23,71,-48
111000302,274,19,255
111000303,78,44,34
111000312,12,12,0
111000315,0,115,-115
111000320,58,130,-72
111000321,344,74,270
111000322,356,79,277
111000323,258,23,235
111000324,189,43,146
111000325,10,18,-8
111000326,104,84,20
111000327,144,125,19
111000328,252,163,89
111000329,0,30,-30
111000330,5,22,-17
111000331,12,8,4
111000332,188,220,-32
111000334,103,258,-155
111000335,726,46,680
111000337,1413,86,1327
111000338,29,20,9
111000339,597,66,531
111000340,57,129,-72
111000341,1212,490,722
111000342,7,321,-314
111000344,709,263,446
111000345,36,88,-52
111000346,2,36,-34
111000347,101,4,97
111000350,31,39,-8
111000351,47,113,-66
111000352,100,23,77
111000353,50,90,-40
111000354,239,23,216
111000355,124,129,-5
111000358,73,208,-135
111000360,102,137,-35
111000361,84,77,7
111000546,547,54,493
111000547,476,57,419
111000548,62,47,15
111000549,164,35,129
111000550,18,371,-353
111000551,70,19,51
111000552,105,69,36
111000907,161,32,129
111000908,35,0,35
111000916,1898,62,1836
111000917,27,177,-150
111000918,60,90,-30
111000920,359,16,343
111000921,0,20,-20
111000922,561,26,535
111000924,2,135,-133
111000925,2369,1126,1243
111000926,684,380,304
111000927,1710,2217,-507
111000928,1836,518,1318
111000929,1447,382,1065
111000930,584,573,11
111000931,1481,606,875
111000932,1313,539,774
111000933,1700,1586,114
111000934,434,582,-148
111000935,1678,480,1198
111000936,395,451,-56
111000937,699,560,139
111000938,345,334,11
111000939,532,22,510
111000940,779,58,721
111000941,334,32,302
111000943,739,86,653
111000944,81,79,2
111000945,54,194,-140
111001109,284,554,-270
111001110,37,124,-87
111001111,92,0,92
111001112,194,5,189
111001113,3,74,-71
111001114,170,34,136
111001115,4,290,-286
111001116,521,3928,-3407
111001117,62,1127,-1065
111001120,67,40,27
111001121,25,67,-42
111001122,0,16,-16
111900001,29,6,23
111900002,46,36,10
111900003,0,34,-34
111900004,1,25,-24
111900006,12,27,-15
111900007,171,4,167
111900008,257,1,256
111900009,211,7,204
111900010,21,124,-103
111900012,25,19,6
111900013,13,22,-9
111900014,1055,4200,-3145
111900015,0,24,-24
111900016,1,22,-21
111900017,2,7,-5
111900018,150,8,142
111900019,7,128,-121
111900020,0,16,-16
111900021,3,9,-6
111900022,9,5,4
111900023,58,3,55
111900024,3,3,0
111900025,0,11,-11
111900026,0,19,-19
111900027,0,4,-4
111900028,0,35,-35
111900029,0,7,-7
111900030,3,126,-123
111900031,8,5,3
111900032,0,64,-64
111900033,4,16,-12
111900034,5,195,-190
111900035,63,33,30
111900036,1,57,-56
111900038,50,161,-111
111900039,3,31,-28
111900040,0,59,-59
111900042,1,26,-25
111900043,0,70,-70
111900044,9,82,-73
111900046,1,39,-38
111900048,278,121,157
111900049,0,87,-87
111900050,84,6,78
111900051,1,21,-20
111900052,103,98,5
111900053,306,1696,-1390
111900054,162,1,161
111900055,81,68,13
111900056,22,245,-223
111900057,177,3,174
111900058,493,191,302
111900059,522,479,43
111900060,264,0,264
111900061,0,51,-51
111900062,36,18,18
111900063,158,68,90
111900064,12,68,-56
111900065,155,23,132
111900066,154,50,104
111900067,0,84,-84
111900068,11,40,-29
111900069,46,22,24
111900070,221,7,214
111900071,1,30,-29
111900072,24,24,0
111900073,888,77,811
111900074,0,16,-16
111900075,15,1,14
111900076,195,33,162
111900077,76,0,76
111900078,436,28,408
111900079,24,43,-19
111900080,28,17,11
111900081,74,63,11
111900082,149,38,111
111900083,175,20,155
111900084,72,0,72
111900085,26,22,4
111900086,145,16,129
111900087,97,2,95
111900088,570,11,559
111900089,101,7,94
111900090,34,43,-9
111900091,565,10,555
111900092,192,0,192
111900093,539,13,526
111900094,126,9,117
111900095,352,7,345
111900096,297,7,290
111900097,158,0,158
111900098,379,14,365
111900099,73,0,73
111900100,67,1,66
111900101,74,7,67
111900102,580,55,525
111900103,20,17,3
111900104,42,6,36
111900105,94,215,-121
111900106,128,19,109
111900107,3,22,-19
111900108,38,200,-162
111900109,50,349,-299
111900110,365,109,256
111900111,254,3,251
111900112,135,2997,-2862
111900113,145,30,115
111900114,39,18,21
111900115,3,2,1
111900118,109,19,90
111900119,48,41,7
111900122,42,41,1
111900123,3,6,-3
111900124,3,7,-4
111900125,353,74,279
111900126,251,1,250
111900127,0,84,-84
111900128,1,39,-38
111900129,244,1,243
111900130,60,46,14
111900131,373,2,371
111900132,2,77,-75
111900133,10,54,-44
111900134,1,63,-62
111900135,6,11,-5
111900136,5,34,-29
111900137,21,0,21
111900138,16,5,11
111900139,9,32,-23
111900140,59,20,39
111900141,81,2,79
111900142,58,6,52
111900143,79,25,54
111900144,8,6,2
111900145,0,78,-78
111900146,1,42,-41
111900147,8,80,-72
111900148,0,91,-91
111900149,20,72,-52
111900150,13,28,-15
111900151,0,10,-10
111900152,33,23,10
111900153,208,439,-231
111900154,11,522,-511
111900155,42,63,-21
111900156,43,18,25
111900157,206,9,197
111900158,468,31,437
111900159,297,30,267
111900160,338,2,336
111900161,274,0,274
111900162,28,165,-137
111900163,3,134,-131
111900164,56,13,43
111901113,480,15,465
111901114,199,80,119
111901115,159,2,157
111901116,26,7,19
111901117,11,49,-38
111901118,28,229,-201
111901119,151,14,137
111901120,5,31,-26
111901121,52,45,7
111901122,6,59,-53
111901123,330,66,264
111901124,340,7,333
111901125,509,49,460
111901126,114,46,68
111901127,148,1126,-978
111901128,5,13,-8
111901129,4,28,-24
111901130,0,24,-24
111901131,1,204,-203
111901132,45,12,33
111901133,56,0,56
111901134,254,1,253
111901135,40,0,40
111901136,46,33,13
111901137,0,6,-6
111901138,8,7,1
111901139,2,24,-22
111901140,0,39,-39
111901141,0,9,-9
111901142,0,7,-7
111901143,3,36,-33
111901144,15,4,11
112000001,2019,573,1446
112000002,646,1459,-813
112000003,2141,402,1739
112000004,468,194,274
112000005,2325,2221,104
112000006,320,268,52
112000007,3295,1968,1327
112000008,1875,2451,-576
112000009,1312,697,615
112000010,1574,2184,-610
112000011,662,527,135
112000012,2290,2441,-151
112000013,956,805,151
112000014,533,1776,-1243
112000015,730,1378,-648
112000016,980,1668,-688
112000017,225,1498,-1273
112000024,779,110,669
112000026,1248,977,271
112000027,363,223,140
112000028,414,422,-8
112000029,290,432,-142
112000030,115,15,100
112000031,308,1488,-1180
112000032,82,14,68
112000033,562,1603,-1041
112000034,95,14,81
112000035,50,177,-127
112000036,111,412,-301
112000037,249,282,-33
112000038,522,503,19
112000039,48,36,12
112000040,25,53,-28
112000041,111,163,-52
112000042,208,33,175
112000050,598,344,254
112000051,578,875,-297
112000054,491,419,72
112000057,99,45,54
112000058,53,88,-35
112000059,302,132,170
112000061,942,300,642
112000062,210,547,-337
112000063,116,737,-621
112000064,1107,944,163
112000065,456,470,-14
112000066,1233,574,659
112000067,138,149,-11
112000068,1517,980,537
112000069,173,688,-515
112000070,548,348,200
112000071,359,654,-295
112000072,1426,452,974
112000073,319,678,-359
112000074,436,273,163
112000075,645,545,100
112000076,1097,644,453
112000077,531,253,278
112000078,1131,460,671
112000079,1033,658,375
112000080,308,325,-17
112000081,259,601,-342
112000082,738,139,599
112000083,322,531,-209
112000084,936,155,781
112000085,813,409,404
112000086,1478,447,1031
112000087,653,89,564
112000088,487,201,286
112000089,146,86,60
112000090,58,149,-91
112000091,199,204,-5
112000092,1906,265,1641
112000093,596,257,339
112000094,394,231,163
112000095,453,124,329
112000096,489,150,339
112000097,1395,243,1152
112000098,104,288,-184
112000099,462,1168,-706
112000100,1735,231,1504
112000101,283,102,181
112000102,1276,273,1003
112000103,289,165,124
112000105,170,1141,-971
112000106,1607,201,1406
112000107,22,104,-82
112000108,185,772,-587
112000109,68,40,28
112000110,1155,205,950
112000111,181,444,-263
112000112,1232,143,1089
112000113,238,349,-111
112000114,1305,235,1070
112000115,124,59,65
112000116,301,174,127
112000117,424,195,229
112000118,97,228,-131
112000119,114,152,-38
112000120,31,76,-45
112000121,93,158,-65
112000122,228,74,154
112000123,610,26,584
112000124,369,19,350
112000125,123,76,47
112000126,320,210,110
112000127,862,1068,-206
112000128,198,166,32
112000129,61,26,35
112000130,130,46,84
112000131,15,29,-14
112000132,143,71,72
112000133,297,30,267
112000134,220,105,115
112000135,742,148,594
112000136,338,285,53
112000137,836,323,513
112000138,551,202,349
112000139,172,190,-18
112000140,43,275,-232
112000141,645,88,557
112000142,40,199,-159
112000143,692,46,646
112000144,126,298,-172
112000145,2015,121,1894
112000146,302,736,-434
112000147,1390,581,809
112000148,300,970,-670
112000149,297,82,215
112000150,177,84,93
112000151,192,105,87
112000152,446,45,401
112000153,40,51,-11
112000154,71,126,-55
112000155,59,41,18
112000157,163,343,-180
112000158,125,80,45
112000159,694,93,601
112000167,106,131,-25
112000169,64,440,-376
112000173,949,87,862
112000175,280,137,143
112000176,558,471,87
112000177,741,180,561
112000178,23,152,-129
112000179,224,18,206
112000180,233,59,174
112000181,411,200,211
112000182,1555,156,1399
112000183,11,11,0
112000184,329,106,223
112000185,663,63,600
112000187,1951,1255,696
112000195,79,7,72
112000196,48,0,48
112000197,15,75,-60
112000198,2,110,-108
112000199,26,177,-151
112000202,450,0,450
112000216,57,57,0
112000230,81,1,80
112000231,0,65,-65
112000256,26,138,-112
112000313,9,8,1
112000314,18,54,-36
112000337,41,231,-190
112000352,31,53,-22
112000392,777,281,496
112000398,1089,219,870
112000399,404,2397,-1993
112000400,456,281,175
112000401,678,442,236
112000402,2403,2397,6
112000403,585,2593,-2008
112000404,739,477,262
112000405,1731,1476,255
112000406,766,420,346
112000407,5091,4345,746
112000408,2549,784,1765
112000409,404,648,-244
112000410,50,156,-106
112000411,626,917,-291
112000412,176,162,14
112000413,1352,4116,-2764
112000414,82,60,22
112000415,49,1,48
112000416,1736,415,1321
112000417,165,28,137
112000421,39,18,21
112000422,172,55,117
112000424,356,1157,-801
112000425,162,864,-702
112000426,120,202,-82
112000427,0,13,-13
112000428,301,45,256
112000429,868,762,106
112000430,1032,1142,-110
112000431,64,72,-8
112000432,142,679,-537
112000433,156,127,29
112000437,1,54,-53
112900001,98,0,98
112900002,558,107,451
112900003,27,14,13
112900004,60,74,-14
112900005,180,10,170
112900006,16,15,1
112900007,79,5,74
112900008,0,4,-4
112900009,173,104,69
112900010,202,52,150
112900011,23,22,1
112900012,1,5,-4
112900013,1,92,-91
112900014,3,30,-27
112900015,76,181,-105
112900016,4,22,-18
112900017,9,38,-29
112900018,0,33,-33
112900019,2,63,-61
112900020,91,228,-137
112900021,2,43,-41
112900022,10,10,0
112900023,0,15,-15
112900024,17,18,-1
112900025,18,81,-63
112900026,1,9,-8
112900027,3,88,-85
112900028,6,16,-10
112900029,8,38,-30
112900030,20,14,6
112900031,0,83,-83
112900032,46,36,10
112900034,0,13,-13
112900035,0,36,-36
112900036,2,49,-47
112900037,8,131,-123
112900038,536,10,526
112900039,0,63,-63
112900040,1,107,-106
112900041,39,372,-333
112900042,52,22,30
112900043,8,8,0
112900044,123,48,75
112900045,17,47,-30
112900046,39,14,25
112900047,0,14,-14
112900049,131,7,124
112900050,22,143,-121
112900051,51,95,-44
112900052,6,153,-147
112900053,11,97,-86
112900054,28,15,13
112900055,46,5,41
112900056,134,102,32
112900057,1,54,-53
112900058,176,153,23
112900059,42,67,-25
112900060,4,13,-9
112900061,13,27,-14
112900062,55,31,24
112900063,6,7,-1
112900064,4,5,-1
112900065,4,0,4
112900066,192,222,-30
112900067,99,6,93
112900068,34,61,-27
112900069,362,426,-64
112900071,11,5,6
112900072,1,1807,-1806
112900073,182,153,29
112900074,31,210,-179
112900075,257,663,-406
112900076,6,7,-1
112900078,116,530,-414
112900079,362,12,350
112900080,116,1,115
112900081,43,210,-167
112900082,371,8,363
112900083,89,96,-7
112900084,112,173,-61
112900085,1,1,0
112900086,87,1,86
112900087,908,41,867
112900088,162,2,160
112900089,1025,7,1018
112900090,40,72,-32
112900091,232,6,226
112900092,38,317,-279
112900093,622,5,617
112900094,121,0,121
112900095,77,0,77
112900096,407,91,316
112900097,48,57,-9
112900098,40,1,39
112900099,1013,22,991
112900100,97,4,93
112900101,261,2,259
112900102,25,28,-3
112900103,136,1,135
112900104,66,0,66
112900105,3,0,3
112900106,128,54,74
112900107,16,1,15
112900108,0,2,-2
112900109,132,0,132
112900110,1003,5,998
112900111,503,1,502
112900112,224,0,224
112900113,0,0,0
112900114,240,1,239
112900115,1406,3,1403
112900116,38,4,34
112900117,23,1,22
112900118,0,4,-4
112900119,64,4,60
112900120,184,69,115
112900121,15,10,5
112900122,0,2,-2
112900123,57,17,40
112900124,1,7,-6
112900125,2,27,-25
112900126,27,64,-37
112900127,189,24,165
112900128,85,182,-97
112900129,2,217,-215
112900130,61,7,54
112900131,2,536,-534
112900132,88,156,-68
112900133,9,927,-918
112900134,1,84,-83
112900135,55,4,51
112900136,0,47,-47
112900137,2,579,-577
112900138,1,28,-27
112900139,22,369,-347
112900140,0,61,-61
112900141,390,12,378
112900142,8,82,-74
112900143,6,234,-228
112900144,1,263,-262
112900145,4,128,-124
112900146,0,24,-24
112900147,0,231,-231
112900148,10,1,9
112900149,32,56,-24
112900151,0,11,-11
112900152,3508,175,3333
112900153,82,1024,-942
112900154,0,5,-5
112900155,58,5,53
112900156,331,155,176
112900157,341,1,340
112900158,49,1,48
112900159,87,90,-3
112900160,23,32,-9
112900161,44,11,33
112900162,2,3,-1
112900163,2,33,-31
112900164,4,49,-45
112900165,12,12,0
112900166,3,30,-27
112900167,1,11,-10
112900168,10,0,10
112900169,6,5,1
112900170,75,4,71
112900172,13,9,4
112900173,32,12,20
112900174,213,15,198
112900175,34,95,-61
112900176,8,9,-1
112900177,156,28,128
112900178,206,1569,-1363
112900179,8,381,-373
112900180,1119,1366,-247
112900181,644,8,636
112900182,10,167,-157
112900183,9,36,-27
112900184,110,90,20
112900185,26,82,-56
112900186,386,289,97
112900187,10,166,-156
112900188,282,655,-373
112900189,8,2,6
112900190,1,0,1
112900192,183,162,21
112900193,303,71,232
112900194,24,3,21
112900195,252,26,226
112900196,205,80,125
112900197,23,146,-123
112900199,319,59,260
112900200,186,24,162
112900201,184,21,163
112900202,267,151,116
112900203,131,32,99
112900204,115,58,57
112900205,2,0,2
112900206,3,7,-4
112900207,15,0,15
112900208,25,103,-78
112900209,24,80,-56
112900210,0,3,-3
112900211,28,4,24
112900212,1,2,-1
112900213,39,0,39
112900214,0,6,-6
112900215,3,6,-3
112900216,16,8,8
112900217,11,5,6
112900218,46,1,45
112900219,131,2,129
112900220,0,0,0
112900221,20,14,6
112900222,0,4,-4
112900223,375,10,365
112900224,540,101,439
112900225,368,90,278
112900226,10,35,-25
112900227,629,159,470
112900228,99,37,62
112900229,257,12,245
112900230,2685,955,1730
112900232,174,157,17
112900233,39,19,20
112900234,47,3,44
112900235,1,1,0
112900236,351,2,349
112900237,225,75,150
112900238,12,0,12
113000001,1811,1457,354
113000002,1975,1341,634
113000003,580,638,-58
113000004,669,736,-67
113000005,637,272,365
113000006,398,520,-122
113000007,937,279,658
113000008,800,358,442
113000009,573,206,367
113000010,576,304,272
113000011,252,305,-53
113000012,495,245,250
113000013,231,241,-10
113000014,220,345,-125
113000015,41,43,-2
113000016,30,242,-212
113000017,191,115,76
113000018,292,32,260
113000019,102,135,-33
113000020,90,22,68
113000021,722,231,491
113000022,475,730,-255
113000025,12,55,-43
113000026,363,296,67
113000027,291,289,2
113000028,341,267,74
113000029,306,256,50
113000030,59,177,-118
113000031,33,126,-93
113000032,88,100,-12
113000033,108,84,24
113000034,90,40,50
113000035,10,4,6
113000036,20,22,-2
113000037,12,7,5
113000038,1,21,-20
113000039,8,120,-112
113000040,38,15,23
113000042,211,174,37
113000051,497,913,-416
113000052,789,131,658
113000053,264,140,124
113000054,272,370,-98
113000055,917,108,809
113000056,1210,271,939
113000058,190,240,-50
113000059,548,107,441
113000060,127,201,-74
113000061,193,270,-77
113000062,214,135,79
113000063,191,27,164
113000064,95,118,-23
113000065,70,184,-114
113000066,572,58,514
113000067,1413,131,1282
113000068,242,203,39
113000069,228,131,97
113000070,1666,174,1492
113000071,280,132,148
113000072,528,82,446
113000073,219,360,-141
113000074,451,151,300
113000075,795,237,558
113000076,75,737,-662
113000077,219,319,-100
113000078,208,461,-253
113000079,135,272,-137
113000080,199,329,-130
113000081,452,324,128
113000082,325,175,150
113000083,446,334,112
113000084,551,242,309
113000085,607,171,436
113000086,204,220,-16
113000087,567,376,191
113000088,450,320,130
113000089,462,614,-152
113000090,43,227,-184
113000091,93,70,23
113000094,634,53,581
113000095,121,118,3
113000096,62,197,-135
113000097,312,96,216
113000098,13,2,11
113000099,434,126,308
113000100,102,28,74
113000101,29,101,-72
113000102,250,117,133
113000103,1213,153,1060
113000104,430,1209,-779
113000105,424,88,336
113000106,213,92,121
113000107,585,334,251
113000108,377,216,161
113000109,137,677,-540
113000110,1430,267,1163
113000111,63,238,-175
113000112,205,142,63
113000113,724,121,603
113000114,57,277,-220
113000116,96,123,-27
113000117,189,90,99
113000118,25,217,-192
113000119,130,189,-59
113000120,10,219,-209
113000121,196,170,26
113000124,92,56,36
113000125,0,778,-778
113000127,622,69,553
113000128,402,195,207
113000129,109,263,-154
113000133,615,77,538
113000134,1,544,-543
113000135,1768,1679,89
113000137,425,1210,-785
113000139,91,67,24
113000140,41,32,9
113000141,115,25,90
113000142,97,94,3
113000143,139,45,94
113000144,68,81,-13
113000145,100,52,48
113000146,11,8,3
113000147,65,17,48
113000148,209,40,169
113000149,74,122,-48
113000150,120,102,18
113000151,4,6,-2
113000152,30,103,-73
113000153,336,95,241
113000154,131,575,-444
113000155,190,288,-98
113000156,48,69,-21
113000157,82,105,-23
113000158,122,25,97
113000159,355,43,312
113000160,188,121,67
113000161,143,84,59
113000162,312,39,273
113000163,80,9,71
113000164,0,5,-5
113000166,76,18,58
113000167,36,10,26
113000168,121,23,98
113000169,124,8,116
113000170,64,15,49
113000171,15,30,-15
113000172,251,7,244
113000173,44,7,37
113000174,40,56,-16
113000175,254,10,244
113000176,401,22,379
113000177,56,43,13
113000178,19,40,-21
113000179,113,28,85
113000180,521,758,-237
113000181,857,420,437
113000182,27,91,-64
113000183,102,200,-98
113000184,6,3,3
113000189,85,139,-54
113000190,175,64,111
113000192,314,1329,-1015
113000193,813,725,88
113000194,352,910,-558
113000195,761,639,122
113000196,250,121,129
113000197,610,1149,-539
113000198,31,105,-74
113000199,583,134,449
113000201,125,135,-10
113000202,2190,543,1647
113000203,19,156,-137
113000204,66,1313,-1247
113000205,0,1,-1
113000206,6,3,3
113000207,16,5,11
113000208,24,29,-5
113000209,0,2,-2
113000210,1,4,-3
113000211,43,39,4
113000212,11,1,10
113000213,6,31,-25
113000214,19,52,-33
113000234,36,172,-136
113000410,5,108,-103
113000411,469,820,-351
113000412,1813,704,1109
113000413,1099,857,242
113000414,1615,4824,-3209
113000415,734,494,240
113000416,1145,699,446
113000417,248,379,-131
113000418,1812,1420,392
113000419,528,702,-174
113000420,1313,2013,-700
113000421,1844,3060,-1216
113000422,3898,3046,852
113000423,582,1359,-777
113000424,689,3817,-3128
113000425,1,17,-16
113000428,2,16,-14
113000430,0,39,-39
113000432,1669,62,1607
113000433,33,277,-244
113000434,10,44,-34
113000435,29,106,-77
113000436,2,385,-383
113000437,674,17,657
113000438,129,9,120
113000439,1,10,-9
113000440,74,1,73
113000441,87,41,46
113000442,97,27,70
113000443,273,29,244
113000444,189,11,178
113000445,69,7,62
113000446,3,41,-38
113000448,191,137,54
113000449,23,306,-283
113000450,145,992,-847
113000451,955,152,803
113000452,39,183,-144
113000453,3,161,-158
113000454,83,46,37
113000455,2,399,-397
113000456,327,525,-198
113000468,583,90,493
113000469,11,192,-181
113000470,108,16,92
113000471,1,192,-191
113000472,22,29,-7
113000474,697,279,418
113000475,466,425,41
113000476,893,922,-29
113000477,2816,726,2090
113000478,1114,1234,-120
113000479,65,46,19
113000480,115,72,43
113000482,0,0,0
113000484,1,0,1
113000485,0,0,0
113000486,0,0,0
113000487,0,0,0
113000489,0,0,0
113000490,0,0,0
113000491,0,0,0
113000492,0,0,0
113000493,0,0,0
113000495,40,31,9
113000496,26,45,-19
113000498,0,0,0
113000499,0,0,0
113000500,0,0,0
113900001,1,162,-161
113900002,1,26,-25
113900003,0,31,-31
113900004,0,69,-69
113900005,0,130,-130
113900006,2,4,-2
113900007,9,122,-113
113900008,4,0,4
113900009,6,0,6
113900010,10,0,10
113900011,33,0,33
113900012,19,1,18
113900013,9,1,8
113900014,174,1,173
113900015,0,8,-8
113900016,2,0,2
113900017,0,8,-8
113900018,13,67,-54
113900019,133,24,109
113900020,155,0,155
113900022,15,0,15
113900023,17,0,17
113900024,13,40,-27
113900025,20,3,17
113900026,33,0,33
113900027,6,2,4
113900028,15,77,-62
113900029,40,17,23
113900030,276,0,276
113900031,4,0,4
113900032,10,0,10
113900033,11,13,-2
113900035,10,0,10
113900036,4,6,-2
113900037,98,140,-42
113900038,7,79,-72
113900039,178,29,149
113900040,0,6,-6
113900041,4,0,4
113900042,7,1,6
113900043,80,16,64
113900044,11,117,-106
113900045,29,0,29
113900046,27,116,-89
113900047,81,16,65
113900048,11,23,-12
113900049,57,285,-228
113900050,50,40,10
113900051,60,13,47
113900052,15,6,9
113900053,154,398,-244
113900054,4,0,4
113900055,26,95,-69
113900056,27,16,11
113900057,2,23,-21
113900058,33,8,25
113900059,52,44,8
113900060,14,35,-21
113900061,161,47,114
113900062,57,0,57
113900063,57,9,48
113900064,9,12,-3
113900065,246,11,235
113900066,213,32,181
113900067,204,16,188
113900068,126,368,-242
113900069,3,4,-1
113900070,68,95,-27
113900071,55,22,33
113900072,3,7,-4
113900073,116,64,52
113900074,108,35,73
113900075,123,686,-563
113900076,29,0,29
113900077,9,69,-60
113900078,5,17,-12
113900079,0,8,-8
113900080,124,34,90
113900081,6,19,-13
113900082,41,44,-3
113900083,264,65,199
113900084,28,8,20
113900085,2,64,-62
113900086,31,11,20
113900087,51,103,-52
113900088,39,74,-35
113900089,234,7,227
113900090,107,70,37
113900091,0,1,-1
113900092,0,8,-8
113900093,1,371,-370
113900094,276,56,220
113900095,72,16,56
113900096,107,16,91
113900097,14,10,4
113900098,470,76,394
113900099,0,2,-2
113900100,0,0,0
113900101,0,17,-17
113900102,5,24,-19
113900103,54,153,-99
113900104,18,18,0
113900105,133,20,113
113900106,0,1,-1
113900107,0,2,-2
113900108,8,20,-12
113900109,47,27,20
113900110,15,1,14
113900111,41,6,35
113900112,80,29,51
113900113,262,46,216
113900114,0,2,-2
113900115,0,2,-2
113900116,6,16,-10
113900117,42,0,42
113900118,25,341,-316
113900119,48,78,-30
113900120,36,10,26
113900121,65,8,57
113900122,119,2010,-1891
113900123,142,15,127
113900124,0,22,-22
113900125,234,34,200
113900126,5,21,-16
113900127,64,235,-171
113900128,90,12,78
113900129,1,50,-49
113900130,1,24,-23
113900131,85,4,81
113900132,1,14,-13
113900133,2,11,-9
113900135,61,81,-20
113900136,29,4,25
113900137,78,73,5
113900138,3,40,-37
113900139,52,22,30
113900140,45,100,-55
113900141,245,69,176
113900142,47,2,45
113900143,10,23,-13
113900144,36,24,12
113900145,67,5,62
113900146,104,10,94
113900148,25,35,-10
113900149,31,31,0
113900150,390,107,283
113900151,133,34,99
113900152,2,52,-50
113900153,68,64,4
113900154,1,20,-19
113900155,10,29,-19
113900156,21,70,-49
113900157,21,153,-132
113900158,71,50,21
113900159,2,15,-13
113900160,87,55,32
113900161,21,55,-34
113900162,41,40,1
113900163,100,27,73
113900164,196,5,191
113900165,70,63,7
113900166,9,12,-3
113900167,180,17,163
113900168,13,11,2
113900169,82,59,23
113900171,127,26,101
113900172,1,14,-13
113900173,1,105,-104
113900174,46,94,-48
113900175,81,39,42
113900176,31,79,-48
113900177,10,43,-33
113900178,118,32,86
113900179,4,175,-171
113900180,24,25,-1
113900181,481,45,436
113900182,103,65,38
113900183,21,14,7
113900184,0,102,-102
113900185,10,6,4
113900186,0,6,-6
113900187,1,11,-10
113900188,11,9,2
113900189,101,42,59
113900190,65,11,54
113900191,3,17,-14
113900192,0,168,-168
113900193,0,74,-74
113900194,243,56,187
113900195,29,58,-29
113900196,0,24,-24
113900197,2,60,-58
113900198,2,26,-24
113900199,8,87,-79
113900200,2,4,-2
113900201,0,43,-43
113900202,15,1,14
113900203,0,32,-32
113900204,1,31,-30
113900205,0,2,-2
113900206,0,26,-26
113900207,0,17,-17
113900208,0,7,-7
113900209,1,10,-9
113900210,58,144,-86
113900211,116,5,111
113900212,284,78,206
113900214,47,17,30
113900215,145,11,134
113900216,75,57,18
113900217,29,85,-56
113900218,30,39,-9
113900219,28,72,-44
113900220,21,61,-40
113900221,43,159,-116
113900222,12,142,-130
113900223,63,87,-24
113900224,2,8,-6
113900225,112,25,87
113900226,48,36,12
113900227,63,43,20
113900228,94,154,-60
113900229,15,228,-213
113900230,456,665,-209
113900231,18,7,11
113900232,25,2,23
113900233,24,24,0
113900234,150,136,14
113900235,27,15,12
113900236,319,25,294
113900237,84,8,76
113900238,77,165,-88
113900239,8,16,-8
113900240,0,36,-36
113900241,22,10,12
113900242,6,16,-10
113900243,8,40,-32
113900244,57,22,35
113900245,154,69,85
113900246,0,10,-10
113900247,11,209,-198
113900248,351,518,-167
113900249,104,288,-184
113900250,6,52,-46
113900251,492,33,459
113900252,329,3,326
113900253,186,18,168
113900254,204,16,188
113900255,469,8,461
113900256,285,16,269
113900257,15,248,-233
113900258,0,144,-144
113900259,275,67,208
113900260,121,6,115
113900261,29,4,25
113900262,168,80,88
113900263,3,36,-33
113900264,1,51,-50
113900265,34,49,-15
113900266,13,44,-31
113900267,22,81,-59
113900268,49,99,-50
113900269,13,28,-15
113900270,27,91,-64
113900271,104,152,-48
113900273,2,2,0
113900274,51,4,47
113900275,1,30,-29
113900276,0,59,-59
113900277,168,2,166
113900278,58,37,21
113900279,21,8,13
113900280,201,66,135
113900281,37,434,-397
113900282,51,118,-67
113900283,62,138,-76
113900284,449,57,392
113900285,11,1,10
113900286,39,48,-9
113900287,15,7,8
113900288,0,13,-13
113900289,112,42,70
113900290,42,98,-56
113900291,16,31,-15
113900292,0,0,0
113900293,0,27,-27
113900294,375,8,367
113900295,122,42,80
113900296,366,139,227
113900297,882,4,878
113900298,3,130,-127
113900299,108,30,78
113900300,1349,1829,-480
113900301,109,256,-147
113900302,565,178,387
113900303,78,417,-339
113900304,0,25,-25
113900305,103,1,102
113900306,40,0,40
113900307,8,0,8
113900308,3,31,-28
113900309,1,100,-99
113900310,0,0,0
113900311,2,1,1
113900312,10,44,-34
113900313,1,0,1
114000001,364,563,-199
114000002,216,117,99
114000003,108,35,73
114000004,180,29,151
114000005,318,39,279
114000006,354,221,133
114000007,270,251,19
114000008,635,521,114
114000009,897,150,747
114000011,1651,772,879
114000012,2317,530,1787
114000013,1277,434,843
114000014,89,31,58
114000015,1018,23,995
114000016,126,15,111
114000017,79,517,-438
114000018,44,5,39
114000026,1994,399,1595
114000027,2843,893,1950
114000028,946,1443,-497
114000038,154,31,123
114000039,1,6,-5
114000040,81,258,-177
114000042,20,60,-40
114000043,17,16,1
114000044,317,6,311
114000045,3,4,-1
114000046,490,1058,-568
114000047,6,42,-36
114000048,45,21,24
114000049,1133,488,645
114000050,835,390,445
114000051,1517,784,733
114000052,1402,1126,276
114000053,4,317,-313
114000054,77,204,-127
114000055,143,4,139
114000056,32,152,-120
114000057,1179,647,532
114000058,19,281,-262
114000059,4,328,-324
114000060,165,159,6
114000061,799,908,-109
114000062,108,337,-229
114000063,288,303,-15
114000064,657,1311,-654
114000065,374,532,-158
114000066,300,274,26
114000067,6,718,-712
114000068,106,349,-243
114000069,548,88,460
114000070,821,713,108
114000071,488,52,436
114000072,555,67,488
114000073,9,46,-37
114000074,70,2,68
114000075,61,27,34
114000076,27,52,-25
114000077,0,8,-8
114000078,132,68,64
114000079,298,1,297
114000080,36,42,-6
114000081,41,33,8
114000082,16,90,-74
114000083,39,11,28
114000084,91,74,17
114000085,78,104,-26
114000086,143,33,110
114000087,128,5,123
114000088,48,24,24
114000089,191,64,127
114000090,458,246,212
114000091,372,300,72
114000092,195,135,60
114000093,830,144,686
114000094,303,84,219
114000095,116,101,15
114000096,34,99,-65
114000097,29,80,-51
114000098,608,37,571
114000099,417,65,352
114000100,1604,140,1464
114000101,237,155,82
114000102,513,70,443
114000103,62,83,-21
114000104,6,33,-27
114000105,151,51,100
114000106,284,1083,-799
114000107,335,62,273
114000108,677,272,405
114000109,388,574,-186
114000110,340,385,-45
114000111,1224,293,931
114000112,124,913,-789
114000113,682,339,343
114000114,146,679,-533
114000115,1070,775,295
114000116,659,2624,-1965
114000117,3008,212,2796
114000118,2262,136,2126
114000119,2112,302,1810
114000120,498,390,108
114000121,181,200,-19
114000122,289,27,262
114000123,1646,61,1585
114000124,877,115,762
114000125,424,479,-55
114000126,966,101,865
114000127,78,36,42
114000128,518,87,431
114000130,268,172,96
114000131,373,23,350
114000132,257,53,204
114000133,273,165,108
114000134,15,3,12
114000138,1,2,-1
114000139,203,54,149
114000144,306,157,149
114000145,12,10,2
114000146,20,7,13
114000147,458,1211,-753
114000148,556,816,-260
114000149,130,170,-40
114000150,51,61,-10
114000151,144,1068,-924
114000152,22,12,10
114000153,157,490,-333
114000154,153,76,77
114000155,331,1615,-1284
114000156,383,232,151
114000157,112,494,-382
114000158,169,159,10
114000159,53,76,-23
114000160,28,57,-29
114000161,503,674,-171
114000162,575,926,-351
114000163,7,3,4
114000165,106,128,-22
114000166,116,128,-12
114000167,893,522,371
114000168,218,113,105
114000169,374,618,-244
114000170,549,607,-58
114000171,828,4825,-3997
114000174,66,88,-22
114000176,79,70,9
114000177,409,175,234
114000178,41,18,23
114000179,356,384,-28
114000180,136,93,43
114000181,623,2430,-1807
114000182,541,774,-233
114000183,241,230,11
114000184,1174,226,948
114000185,696,411,285
114000189,1065,57,1008
114000190,2274,240,2034
114000191,54,283,-229
114000192,67,292,-225
114000193,140,454,-314
114000194,908,545,363
114000195,203,127,76
114000196,2,46,-44
114000197,1502,21,1481
114000198,160,106,54
114000199,373,847,-474
114000200,304,370,-66
114000201,114,230,-116
114000202,496,429,67
114000203,366,668,-302
114000204,15,101,-86
114000205,165,355,-190
114000206,245,401,-156
114000207,182,358,-176
114000208,263,376,-113
114000209,181,425,-244
114000210,95,364,-269
114000211,1274,495,779
114000212,810,593,217
114000213,1519,320,1199
114000214,45,27,18
114000215,55,20,35
114000216,995,293,702
114000217,271,157,114
114000218,207,60,147
114000219,669,69,600
114000220,18,208,-190
114000221,888,83,805
114000222,89,239,-150
114000223,451,51,400
114000224,43,210,-167
114000225,112,127,-15
114000226,249,101,148
114000227,787,378,409
114000228,795,186,609
114000229,1092,572,520
114000230,1206,377,829
114000231,699,702,-3
114000232,791,111,680
114000233,1556,46,1510
114000234,836,288,548
114000235,1023,540,483
114000236,0,207,-207
114000237,91,300,-209
114000238,47,223,-176
114000239,50,328,-278
114000240,643,697,-54
114000241,175,286,-111
114000242,417,285,132
114000243,1194,675,519
114000244,233,127,106
114000245,355,514,-159
114000246,29,14,15
114000247,330,293,37
114000248,1014,194,820
114000249,665,242,423
114000250,493,122,371
114000251,143,74,69
114000252,12,8,4
114000253,13,45,-32
114000254,11,2,9
114000255,107,53,54
114000256,132,247,-115
114000257,275,432,-157
114000258,250,84,166
114000259,77,86,-9
114000260,0,1,-1
114000261,67,13,54
114000262,253,14,239
114000263,2,0,2
114000264,1139,68,1071
114000265,0,0,0
114000267,1,1130,-1129
114000268,1,461,-460
114000270,125,2,123
114000271,117,78,39
114000283,1010,116,894
114000285,1,51,-50
114000288,48,44,4
114000289,1376,63,1313
114000293,190,108,82
114000294,116,151,-35
114000395,993,47,946
114000396,291,139,152
114000402,473,89,384
114000403,389,66,323
114000405,188,89,99
114000423,322,90,232
114000424,380,75,305
114000425,881,108,773
114000426,290,394,-104
114000427,82,10,72
114000428,21,52,-31
114000429,32,60,-28
114000432,46,23,23
114000434,0,4,-4
114000435,0,1,-1
114900001,391,107,284
114900002,133,9,124
114900003,530,165,365
114900004,100,180,-80
114900005,148,141,7
114900006,32,41,-9
114900007,62,2,60
114900008,300,14,286
114900010,259,780,-521
114900011,256,39,217
114900013,142,20,122
114900015,39,223,-184
114900018,424,12,412
114900020,26,43,-17
114900021,192,25,167
114900022,1,153,-152
114900024,52,70,-18
114900025,401,36,365
114900026,55,94,-39
114900027,125,45,80
114900029,82,10,72
114900030,203,27,176
114900031,352,2,350
114900032,442,8,434
114900033,179,1045,-866
114900034,4,11,-7
114900035,30,70,-40
114900036,89,48,41
114900037,26,6,20
114900038,96,65,31
114900039,354,79,275
114900040,103,10,93
114900041,765,26,739
114900042,642,112,530
114900043,256,41,215
114900044,70,21,49
114900045,39,204,-165
114900046,7,19,-12
114900047,19,1707,-1688
114900048,6,126,-120
114900049,29,18,11
114900050,50,57,-7
114900051,7,30,-23
114900052,33,82,-49
114900053,42,94,-52
114900054,3,15,-12
114900057,46,12,34
114900058,0,24,-24
114900059,136,22,114
114900060,44,116,-72
114900061,20,6,14
114900062,13,62,-49
114900063,22,2,20
114900064,1142,72,1070
114900065,184,387,-203
114900067,9,33,-24
114900068,4,20,-16
114900069,96,22,74
114900070,412,54,358
114900072,0,32,-32
114900073,0,13,-13
114900074,818,36,782
114900075,153,5,148
114900076,1,84,-83
114900080,279,61,218
114900082,983,804,179
114900083,20,157,-137
114900084,106,63,43
114900090,367,63,304
114900091,40,83,-43
114900095,47,77,-30
114900096,33,87,-54
114900097,58,3,55
114900098,0,29,-29
114900099,151,31,120
115000001,1397,1053,344
115000002,2210,3466,-1256
115000003,1286,645,641
115000004,2561,3530,-969
115000005,684,916,-232
115000006,654,576,78
115000007,72,161,-89
115000008,137,111,26
115000009,82,55,27
115000010,98,62,36
115000013,3,44,-41
115000015,5,70,-65
115000016,41,146,-105
115000019,23,375,-352
115000020,37,486,-449
115000021,69,153,-84
115000022,94,120,-26
115000023,203,243,-40
115000024,186,58,128
115000025,449,229,220
115000026,204,89,115
115000027,176,147,29
115000028,105,82,23
115000029,498,35,463
115000030,197,135,62
115000031,381,65,316
115000032,3,45,-42
115000033,44,6,38
115000034,10,234,-224
115000035,333,78,255
115000036,0,71,-71
115000037,394,62,332
115000038,16,98,-82
115000039,865,1429,-564
115000040,1429,969,460
115000041,461,1974,-1513
115000042,214,277,-63
115000043,1743,1099,644
115000044,1246,1095,151
115000045,1259,421,838
115000046,1982,999,983
115000047,1827,540,1287
115000048,928,774,154
115000049,637,931,-294
115000050,1754,470,1284
115000051,624,2209,-1585
115000052,514,560,-46
115000053,1268,1655,-387
115000054,407,422,-15
115000055,76,403,-327
115000056,155,119,36
115000057,327,554,-227
115000058,33,215,-182
115000059,77,290,-213
115000061,57,65,-8
115000062,112,215,-103
115000063,406,108,298
115000064,119,56,63
115000065,41,274,-233
115000067,84,13,71
115000069,59,96,-37
115000070,15,598,-583
115000071,50,21,29
115000072,6,35,-29
115000073,825,58,767
115000075,36,45,-9
115000076,903,605,298
115000077,981,505,476
115000078,788,272,516
115000079,677,486,191
115000080,1991,569,1422
115000081,86,243,-157
115000082,2870,1929,941
115000083,1135,562,573
115000084,2175,329,1846
115000085,608,205,403
115000086,615,192,423
115000087,263,654,-391
115000088,820,239,581
115000089,569,418,151
115000090,247,359,-112
115000091,117,246,-129
115000092,635,270,365
115000093,500,1,499
115000094,1826,3979,-2153
115000095,1496,3359,-1863
115000096,415,252,163
115000097,1071,764,307
115000098,1011,221,790
115000099,1484,540,944
115000100,1085,141,944
115000101,248,368,-120
115000102,329,89,240
115000103,205,258,-53
115000105,71,41,30
115000106,517,194,323
115000107,59,160,-101
115000108,722,624,98
115000109,1241,3774,-2533
115000110,500,1214,-714
115000111,93,308,-215
115000112,322,349,-27
115000113,141,230,-89
115000114,286,134,152
115000116,669,682,-13
115000117,680,601,79
115000118,737,525,212
115000119,524,643,-119
115000120,194,501,-307
115000121,262,235,27
115000122,267,707,-440
115000123,247,583,-336
115000124,358,303,55
115000125,142,315,-173
115000126,119,221,-102
115000127,214,63,151
115000128,131,381,-250
115000129,120,342,-222
115000130,179,100,79
115000131,405,104,301
115000132,198,29,169
115000133,353,39,314
115000134,193,32,161
115000135,59,27,32
115000136,88,48,40
115000137,32,23,9
115000138,144,59,85
115000139,71,35,36
115000140,338,49,289
115000141,128,50,78
115000142,57,41,16
115000143,623,245,378
115000144,219,56,163
115000145,97,64,33
115000146,311,77,234
115000147,112,80,32
115000148,96,191,-95
115000149,394,114,280
115000150,201,73,128
115000151,610,154,456
115000152,267,143,124
115000153,649,172,477
115000154,526,143,383
115000155,345,244,101
115000156,228,389,-161
115000157,136,151,-15
115000158,128,101,27
115000159,129,126,3
115000160,175,327,-152
115000161,283,183,100
115000162,284,576,-292
115000163,140,196,-56
115000164,186,179,7
115000165,120,251,-131
115000167,7,9,-2
115000168,266,104,162
115000169,79,328,-249
115000170,23,197,-174
115000171,155,290,-135
115000172,484,327,157
115000173,91,553,-462
115000174,24,242,-218
115000175,67,103,-36
115000176,24,137,-113
115000177,10,198,-188
115000178,3,145,-142
115000179,9,87,-78
115000180,61,140,-79
115000181,560,54,506
115000182,791,132,659
115000183,351,122,229
115000186,216,36,180
115000187,142,48,94
115000188,191,117,74
115000189,179,218,-39
115000190,318,298,20
115000191,94,287,-193
115000194,36,20,16
115000195,42,61,-19
115000196,183,16,167
115000197,115,71,44
115000198,484,25,459
115000199,393,59,334
115000200,203,35,168
115000201,94,50,44
115000206,494,5,489
115000207,92,31,61
115000208,68,194,-126
115000209,455,261,194
115000210,113,66,47
115000211,73,114,-41
115000212,378,153,225
115000218,9,62,-53
115000219,10,66,-56
115000224,93,7,86
115000225,28,18,10
115000229,114,16,98
115000230,26,88,-62
115000231,180,271,-91
115000232,1361,169,1192
115000233,57,50,7
115000234,31,87,-56
115000241,20,14,6
115000242,116,24,92
115000243,24,22,2
115000244,6,35,-29
115000246,11,20,-9
115000247,7,8,-1
115000248,16,1,15
115000249,5,3,2
115000250,160,9,151
115000251,202,26,176
115000252,34,96,-62
115000253,1,198,-197
115000258,98,15,83
115000259,29,13,16
115000261,44,1,43
115000262,3,4,-1
115000263,2,6,-4
115000264,6,1,5
115000267,14,9,5
115000268,12,45,-33
115000269,46,8,38
115000270,1,14,-13
115000272,22,27,-5
115000273,221,6,215
115000274,343,57,286
115000280,456,409,47
115000281,72,701,-629
115000282,274,1523,-1249
115000284,40,79,-39
115000296,177,0,177
115000297,18,378,-360
115000298,4,450,-446
115000300,99,58,41
115000302,227,37,190
115000303,487,38,449
115000304,697,50,647
115000305,81,67,14
115000306,176,47,129
115000307,112,44,68
115000308,1,8,-7
115000310,1045,208,837
115000311,895,385,510
115000313,55,102,-47
115000314,292,126,166
115000315,92,410,-318
115000316,33,93,-60
115000317,58,167,-109
115000318,730,180,550
115000319,21,40,-19
115000320,4,220,-216
115000321,217,17,200
115000322,43,33,10
115000449,81,48,33
115000557,2,1192,-1190
115000558,26,52,-26
115000587,470,120,350
115000588,810,916,-106
115000589,1823,1095,728
115000590,264,533,-269
115000591,707,315,392
115000592,297,413,-116
115000593,1142,264,878
115000594,245,843,-598
115000609,90,32,58
115000617,205,1489,-1284
115000624,179,9,170
115000633,316,730,-414
115000634,1404,291,1113
115000635,375,41,334
115000638,83,143,-60
115000641,15,60,-45
115000642,185,35,150
115000643,39,134,-95
115000644,72,130,-58
115000646,234,502,-268
115000647,28,188,-160
115000648,1356,290,1066
115000893,522,276,246
115000894,86,323,-237
115000895,161,260,-99
115000896,379,153,226
115000897,160,17,143
115000898,156,134,22
115000899,47,701,-654
115000900,3,117,-114
115000901,9,176,-167
115000912,152,77,75
115000913,3,10,-7
115000915,3,0,3
115000916,1,0,1
115000917,0,35,-35
115000918,8,668,-660
115000919,1,25,-24
115000920,4,49,-45
115000921,70,28,42
115000922,119,333,-214
115000923,27,618,-591
115000925,38,55,-17
115000927,17,16,1
115000933,18,127,-109
115900001,198,6,192
115900002,19,29,-10
115900003,144,15,129
115900004,1,2,-1
115900005,224,5,219
115900006,25,31,-6
115900008,104,1,103
115900009,21,35,-14
115900010,413,32,381
115900011,171,49,122
115900012,166,2,164
115900013,225,25,200
115900014,60,46,14
115900015,129,6,123
115900016,36,7,29
115900017,37,25,12
115900018,59,18,41
115900019,54,14,40
115900020,118,0,118
115900021,314,597,-283
115900022,154,5,149
115900023,2,1,1
115900025,19,43,-24
115900026,352,48,304
115900027,0,32,-32
115900028,90,18,72
115900029,14,82,-68
115900030,24,6,18
115900031,20,90,-70
115900032,46,170,-124
115900033,0,22,-22
115900034,18,61,-43
115900035,9,1,8
115900036,4,624,-620
115900037,24,84,-60
115900038,5,3,2
115900039,80,21,59
115900041,52,499,-447
115900042,34,4,30
115900043,35,4,31
115900044,84,294,-210
115900046,315,48,267
115900047,40,157,-117
115900049,136,66,70
115900051,3,3,0
115900052,2,68,-66
115900053,186,18,168
115900054,341,13,328
115900055,3,83,-80
115900056,54,23,31
115900057,0,11,-11
115900058,5,39,-34
115900060,5,22,-17
115900061,189,1,188
115900062,72,36,36
115900063,12,4,8
115900064,90,55,35
115900065,60,8,52
115900066,25,24,1
115900067,3,51,-48
115900068,855,974,-119
115900069,37,66,-29
115900070,98,18,80
115900071,0,118,-118
115900072,13,44,-31
115900073,146,110,36
115900074,2,41,-39
115900075,4,56,-52
115900076,0,41,-41
115900077,1,34,-33
115900078,11,29,-18
115900079,324,4,320
115900080,92,29,63
115900081,16,10,6
115900082,46,39,7
115900084,554,2,552
115900085,8,24,-16
115900086,290,89,201
115900088,0,29,-29
115900089,304,114,190
115900090,474,1,473
115900091,0,0,0
115900092,27,15,12
115900093,2,7,-5
115900094,10,58,-48
115900096,1,3,-2
115900097,0,96,-96
115900098,226,31,195
115900099,46,20,26
115900100,1,131,-130
115900101,124,43,81
115900102,75,13,62
115900103,123,21,102
115900104,35,16,19
115900105,215,63,152
115900106,100,6,94
115900107,72,68,4
115900108,100,0,100
115900109,1,156,-155
115900110,2,0,2
115900111,1,36,-35
115900112,25,209,-184
115900113,41,1,40
115900114,0,54,-54
115900115,62,23,39
115900116,54,142,-88
115900117,62,2,60
115900118,1,61,-60
115900119,87,12,75
115900120,30,44,-14
115900121,219,19,200
115900124,70,561,-491
115900125,386,18,368
115900126,585,7,578
115900127,551,5,546
115900128,0,43,-43
115900129,223,6,217
115900130,6,261,-255
115900131,252,10,242
115900132,439,2,437
115900134,251,2,249
115900135,115,200,-85
115900137,16,3,13
115900139,14,92,-78
115900140,417,16,401
115900141,1,34,-33
115900142,4,24,-20
115900143,109,70,39
115900144,75,54,21
115900146,17,17,0
115900147,40,160,-120
115900148,12,9,3
115900149,61,5,56
115900150,78,17,61
115900151,27,30,-3
115900152,76,90,-14
115900153,86,52,34
115900154,75,133,-58
115900155,0,0,0
115900156,194,220,-26
115900157,193,197,-4
115900158,1,0,1
115900159,172,43,129
115900160,0,2,-2
115900161,5,60,-55
115900163,160,24,136
115900164,553,17,536
115900165,2,108,-106
115900166,5,23,-18
115900168,212,9,203
115900171,33,43,-10
115900172,30,34,-4
115900173,56,56,0
115900174,49,62,-13
115900175,87,13,74
115900178,6,110,-104
115900179,273,2,271
115900180,15,50,-35
115900181,112,33,79
115900182,457,37,420
115900183,35,92,-57
115900184,136,0,136
115900187,3,143,-140
115900189,0,81,-81
115900190,57,304,-247
115900191,6,51,-45
115900192,14,45,-31
115900193,36,15,21
115900194,656,18,638
115900195,89,1590,-1501
115900198,87,56,31
115900199,173,26,147
115900200,96,49,47
115900201,69,180,-111
115900202,0,122,-122
115900203,2,4,-2
115900204,0,0,0
115900205,3,1,2
115900206,290,6,284
115900207,28,3,25
115900208,67,6,61
115900209,10,24,-14
115900210,1,46,-45
115900211,0,33,-33
115900212,124,16,108
115900213,13,130,-117
115900214,220,35,185
115900215,14,97,-83
115900216,2,31,-29
115900217,2,1,1
115900218,1,5,-4
115900219,174,0,174
115900220,269,4,265
115900221,260,15,245
115900222,99,20,79
115900223,2,289,-287
115900224,190,1198,-1008
115900225,30,30,0
115900226,1,2,-1
115900227,1,2,-1
115900228,1,1,0
115900229,1,7,-6
115900230,38,20,18
115900231,95,0,95
115900232,13,0,13
115900233,71,0,71
115900234,4,6,-2
115900235,15,29,-14
115900236,5,10,-5
115900237,3,15,-12
115900238,8,12,-4
115900239,5,8,-3
115900240,1,12,-11
115900241,243,3,240
115900242,124,241,-117
115900243,11,20,-9
115900244,6,0,6
115900245,0,0,0
115900246,0,0,0
115900247,1,0,1
115900248,1,0,1
115900249,3,3,0
115900250,13,0,13
115900251,0,0,0
115900252,1,0,1
115900253,9,3,6
115900254,4,15,-11
115900255,0,13,-13
115900256,0,6,-6
115900257,0,0,0
115900258,0,0,0
115900259,0,0,0
115900260,1,0,1
115900261,1,0,1
115900262,1,1,0
115900263,4,0,4
115900264,2,0,2
115900265,14,0,14
115900266,1,5,-4
115900267,0,2,-2
115900268,1,6,-5
115900269,676,13,663
115900270,147,19,128
116000001,2062,756,1306
116000002,2036,8976,-6940
116000003,474,298,176
116000004,1961,3868,-1907
116000005,418,1185,-767
116000006,981,1918,-937
116000007,756,827,-71
116000008,2310,1144,1166
116000009,419,686,-267
116000010,1992,684,1308
116000011,278,545,-267
116000012,1016,431,585
116000013,2249,941,1308
116000014,4186,10823,-6637
116000015,42,462,-420
116000016,1510,3279,-1769
116000017,36,283,-247
116000018,138,90,48
116000019,558,165,393
116000020,180,239,-59
116000021,543,124,419
116000022,205,157,48
116000023,738,674,64
116000024,417,255,162
116000025,485,300,185
116000026,633,921,-288
116000027,183,324,-141
116000028,352,340,12
116000029,284,134,150
116000030,346,217,129
116000031,8,20,-12
116000032,103,17,86
116000033,323,52,271
116000034,424,162,262
116000035,38,62,-24
116000036,174,610,-436
116000037,129,218,-89
116000038,68,231,-163
116000039,115,229,-114
116000040,211,278,-67
116000041,67,281,-214
116000042,477,293,184
116000043,108,334,-226
116000044,0,0,0
116000045,830,862,-32
116000046,441,484,-43
116000047,994,1028,-34
116000048,1342,747,595
116000049,1229,845,384
116000050,639,526,113
116000051,1699,724,975
116000052,1338,926,412
116000053,1665,203,1462
116000054,543,710,-167
116000055,348,227,121
116000056,1219,592,627
116000057,890,192,698
116000058,1160,1409,-249
116000059,1032,2902,-1870
116000060,732,507,225
116000061,74,875,-801
116000062,217,163,54
116000063,201,794,-593
116000066,80,487,-407
116000067,104,159,-55
116000068,87,177,-90
116000069,60,87,-27
116000078,173,602,-429
116000080,689,284,405
116000082,4,13,-9
116000083,914,178,736
116000084,809,867,-58
116000085,784,755,29
116000086,651,254,397
116000087,1786,924,862
116000088,467,369,98
116000089,67,16,51
116000090,69,80,-11
116000091,128,189,-61
116000093,570,126,444
116000094,418,183,235
116000095,440,89,351
116000096,699,1170,-471
116000097,438,200,238
116000098,6,4592,-4586
116000099,2010,90,1920
116000100,98,10,88
116000101,1017,149,868
116000102,193,252,-59
116000103,215,159,56
116000104,120,276,-156
116000105,816,52,764
116000106,295,376,-81
116000107,1172,183,989
116000108,4,163,-159
116000111,55,33,22
116000113,48,13,35
116000114,5,32,-27
116000115,177,37,140
116000116,95,59,36
116000117,880,572,308
116000118,719,385,334
116000119,2582,811,1771
116000120,1060,996,64
116000121,864,226,638
116000122,353,318,35
116000123,1636,229,1407
116000124,229,180,49
116000125,2010,154,1856
116000126,153,219,-66
116000127,331,253,78
116000128,1508,221,1287
116000129,958,78,880
116000130,516,272,244
116000133,1057,148,909
116000134,540,327,213
116000135,1990,346,1644
116000136,251,373,-122
116000137,658,241,417
116000138,315,108,207
116000139,1152,1732,-580
116000140,160,151,9
116000141,255,197,58
116000142,2636,1349,1287
116000143,1291,1017,274
116000144,1381,930,451
116000145,1943,614,1329
116000146,589,67,522
116000147,143,105,38
116000148,455,420,35
116000149,198,190,8
116000151,357,223,134
116000153,88,211,-123
116000155,128,222,-94
116000156,453,186,267
116000157,55,2,53
116000158,150,28,122
116000159,2,0,2
116000160,34,40,-6
116000161,6,52,-46
116000162,5,161,-156
116000163,25,5,20
116000164,6,7,-1
116000177,20,109,-89
116000194,47,160,-113
116000195,810,180,630
116000196,22,4,18
116000197,24,28,-4
116000198,909,549,360
116000200,287,466,-179
116000201,360,158,202
116000202,9,54,-45
116000203,5,13,-8
116000204,0,6,-6
116000205,0,34,-34
116000206,0,46,-46
116000207,4,12,-8
116000233,37,111,-74
116000287,228,85,143
116000288,269,132,137
116000292,46,43,3
116000296,2,230,-228
116000297,40,1,39
116000304,302,25,277
116000305,6,862,-856
116000346,230,43,187
116000352,109,42,67
116000354,32,5,27
116000357,2,3,-1
116000358,294,140,154
116000361,14,1,13
116000372,1508,3116,-1608
116000381,158,0,158
116000388,5,10,-5
116000389,381,47,334
116000445,698,81,617
116000446,562,53,509
116000447,9,365,-356
116000448,198,37,161
116000563,193,474,-281
116000565,97,100,-3
116000568,25,390,-365
116000579,9,113,-104
116000584,45,1,44
116000585,41,30,11
116000586,32,43,-11
116000587,102,93,9
116000589,19,44,-25
116000590,61,33,28
116000591,229,46,183
116000592,5,18,-13
116000593,0,2,-2
116000594,922,104,818
116000595,499,28,471
116000596,196,1,195
116000597,416,140,276
116000598,4,68,-64
116000602,3,338,-335
116000605,63,49,14
116000606,47,109,-62
116000607,2,13,-11
116000609,39,800,-761
116000611,184,87,97
116000612,1134,1728,-594
116000613,476,167,309
116000614,344,91,253
116000615,15,30,-15
116000616,21,24,-3
116000617,99,7,92
116000618,1,16,-15
116000619,30,73,-43
116000620,264,131,133
116000621,58,57,1
116000622,55,68,-13
116000624,45,31,14
116900001,53,22,31
116900002,104,0,104
116900003,52,2,50
116900004,25,73,-48
116900005,184,4,180
116900006,202,109,93
116900007,30,48,-18
116900008,397,33,364
116900009,8,32,-24
116900010,0,194,-194
116900011,1,30,-29
116900012,30,72,-42
116900013,2,37,-35
116900014,178,28,150
116900015,410,19,391
116900016,292,6,286
116900017,1,162,-161
116900018,55,17,38
116900019,1,34,-33
116900020,868,583,285
116900023,18,14,4
116900024,471,33,438
116900025,999,219,780
116900026,52,156,-104
116900027,28,1,27
116900028,3,10,-7
116900029,0,48,-48
116900031,1,4,-3
116900032,1,66,-65
116900033,8,3,5
116900034,0,3,-3
116900035,56,44,12
116900036,13,22,-9
116900038,4,1,3
116900041,125,3,122
116900042,52,77,-25
116900043,34,30,4
116900045,36,36,0
116900047,14,217,-203
116900049,11,30,-19
116900050,54,26,28
116900051,212,6,206
116900052,37,23,14
116900055,0,6,-6
116900057,23,20,3
116900058,3,32,-29
116900059,1,29,-28
116900060,80,108,-28
116900062,0,3,-3
116900064,10,43,-33
116900065,0,20,-20
116900067,31,20,11
116900068,77,126,-49
116900070,23,1,22
116900072,3,74,-71
116900073,1,34,-33
116900074,0,8,-8
116900076,8,22,-14
116900077,2,9,-7
116900078,36,14,22
116900079,9,96,-87
116900080,7,4,3
116900081,66,199,-133
116900082,48,374,-326
116900083,12,8,4
116900084,16,2,14
116900085,6,25,-19
116900086,5,189,-184
116900088,59,3,56
116900090,10,4,6
116900091,223,3,220
116900092,43,156,-113
116900093,651,447,204
116900094,1698,3525,-1827
116900095,123,12,111
116900096,159,131,28
116900097,649,1894,-1245
116900098,126,94,32
116900099,75,174,-99
116900100,869,18,851
116900101,54,195,-141
116900103,10,1,9
116900104,5,112,-107
116900105,210,115,95
116900106,2339,18,2321
116900107,694,2251,-1557
116900110,2,0,2
116900111,498,193,305
116900112,222,142,80
116900113,474,658,-184
116900116,13,106,-93
116900117,96,22,74
116900118,325,573,-248
116900120,335,15,320
116900121,112,20,92
116900122,889,109,780
116900123,198,136,62
116900124,45,124,-79
116900125,276,44,232
116900126,11,350,-339
116900128,5,3,2
116900129,0,63,-63
116900130,174,2921,-2747
116900131,15,77,-62
116900132,59,35,24
116900133,87,35,52
116900134,125,75,50
116900136,72,25,47
116900137,111,21,90
116900138,76,12,64
116900139,37,41,-4
116900140,48,33,15
116900141,167,67,100
116900142,4,19,-15
116900143,209,104,105
116900144,25,1,24
116900145,33,54,-21
116900147,21,195,-174
116900148,0,1,-1
116900149,59,134,-75
116900150,6,1,5
116900151,0,9,-9
116900153,126,42,84
116900154,59,251,-192
116900155,23,31,-8
116900157,830,21,809
116900158,86,250,-164
116900159,19,195,-176
116900160,537,275,262
116900161,1352,5215,-3863
116900162,7,27,-20
116900163,270,8,262
116900164,68,20,48
116900165,460,132,328
116900166,41,15,26
116900167,349,9,340
116900168,378,21,357
116900169,45,157,-112
116900170,506,108,398
116900171,67,102,-35
116900172,32,225,-193
116900173,419,16,403
116900174,34,69,-35
116900175,112,103,9
116900178,43,65,-22
116900179,31,302,-271
116900180,51,8,43
116900182,387,110,277
116900183,171,24,147
116900185,26,9,17
116900186,68,69,-1
116900187,27,50,-23
116900188,102,16,86
116900189,41,0,41
116900191,61,84,-23
116900192,258,61,197
116900194,18,580,-562
116900195,45,0,45
116900196,28,19,9
116900197,151,2,149
116900198,29,379,-350
116900200,48,5,43
116900201,217,15,202
116900202,30,14,16
116900203,81,0,81
116900204,69,185,-116
116900206,15,6,9
116900207,4,5,-1
116900208,1,96,-95
116900209,8,27,-19
116900210,171,32,139
116900211,181,1,180
116900212,117,5,112
116900213,87,17,70
116900214,162,26,136
116900215,25,7,18
116900216,61,59,2
116900218,1,85,-84
116900219,149,97,52
116900220,52,126,-74
116900221,111,212,-101
116900222,193,63,130
116900223,47,49,-2
116900226,176,11,165
116900227,209,14,195
116900228,289,29,260
116900230,25,65,-40
116900231,32,69,-37
116900232,4,60,-56
116900233,188,32,156
116900234,42,11,31
116900235,33,54,-21
116900238,205,91,114
116900239,7,929,-922
116900240,1570,2367,-797
116900241,128,416,-288
116900242,204,552,-348
116900243,1,20,-19
116900245,12,43,-31
116900246,108,14,94
116900247,736,15,721
116900248,71,5,66
116900249,311,35,276
116900250,252,30,222
116900251,80,560,-480
116900252,139,123,16
116900253,48,7,41
116900254,17,41,-24
116900255,162,83,79
116900256,422,57,365
116900257,2,55,-53
116900258,0,13,-13
116900259,219,2,217
116900260,7,4,3
116900261,25,0,25
116900262,51,38,13
116900263,0,2,-2
116900264,0,0,0
116900265,34,0,34
116900266,8,2,6
116900267,0,0,0
116900268,2,103,-101
116900269,211,359,-148
116900271,152,345,-193
116900272,120,77,43
116900273,21,38,-17
116900274,112,6,106
116900275,90,26,64
116900276,124,113,11
116900277,60,12,48
116900278,0,2,-2
116900279,0,3,-3
116900280,26,6,20
116900281,1382,3944,-2562
116900282,0,14,-14
116900283,1,8,-7
116900284,3,50,-47
116900285,24,162,-138
116900286,29,3,26
116900287,1,17,-16
116900288,190,17,173
116900289,38,2,36
116900290,27,1,26
116900291,40,7,33
116900292,0,48,-48
116900293,31,1,30
116900294,1,26,-25
116900295,3,2,1
116900296,22,42,-20
116900297,0,8,-8
116900298,2,36,-34
116900299,1,33,-32
116900300,0,10,-10
116900301,4,6,-2
116900302,85,217,-132
116900303,50,24,26
116900304,0,29,-29
116900305,2,10,-8
116900306,230,360,-130
117000001,1902,1257,645
117000002,1146,1379,-233
117000003,3196,1236,1960
117000004,1097,1518,-421
117000005,2110,751,1359
117000006,579,1443,-864
117000007,3671,727,2944
117000008,512,1110,-598
117000009,2213,741,1472
117000010,639,703,-64
117000011,1923,484,1439
117000012,1047,405,642
117000013,1327,379,948
117000014,877,1361,-484
117000015,1449,951,498
117000016,87,237,-150
117000017,82,184,-102
117000018,39,986,-947
117000019,8,0,8
117000020,269,2311,-2042
117000021,675,44,631
117000022,58,189,-131
117000023,70,96,-26
117000024,102,125,-23
117000025,164,1205,-1041
117000026,784,1298,-514
117000027,171,396,-225
117000028,179,305,-126
117000030,33,86,-53
117000032,546,555,-9
117000033,1002,779,223
117000034,86,23,63
117000036,110,45,65
117000038,74,113,-39
117000039,27,17,10
117000040,38,253,-215
117000041,980,37,943
117000044,16,129,-113
117000045,429,195,234
117000046,137,720,-583
117000047,260,475,-215
117000048,734,449,285
117000049,23,525,-502
117000050,79,510,-431
117000051,2165,39,2126
117000052,61,119,-58
117000053,847,8,839
117000054,1210,14,1196
117000055,4,610,-606
117000056,398,20,378
117000057,223,734,-511
117000060,240,597,-357
117000061,1387,652,735
117000062,80,391,-311
117000063,879,415,464
117000064,225,197,28
117000066,206,252,-46
117000067,36,340,-304
117000074,7,79,-72
117000076,9,14,-5
117000077,40,61,-21
117000078,125,184,-59
117000079,122,32,90
117000080,0,246,-246
117000081,262,40,222
117000082,37,31,6
117000083,38,4,34
117000084,87,0,87
117000085,300,299,1
117000086,340,227,113
117000087,76,243,-167
117000088,209,66,143
117000089,1788,96,1692
117000090,220,405,-185
117000091,918,63,855
117000092,377,413,-36
117000093,1383,116,1267
117000094,496,487,9
117000095,2098,131,1967
117000096,277,500,-223
117000097,1274,366,908
117000098,791,1000,-209
117000099,4078,498,3580
117000100,189,156,33
117000101,27,271,-244
117000102,1613,227,1386
117000103,219,431,-212
117000104,1413,121,1292
117000105,246,548,-302
117000106,1465,157,1308
117000107,176,522,-346
117000108,1616,650,966
117000109,422,948,-526
117000110,1238,1061,177
117000111,2101,2144,-43
117000112,2421,642,1779
117000113,45,57,-12
117000114,257,48,209
117000115,23,34,-11
117000116,129,59,70
117000117,796,517,279
117000118,273,183,90
117000119,82,267,-185
117000120,30,243,-213
117000121,9,350,-341
117000122,62,574,-512
117000123,491,111,380
117000124,33,57,-24
117000125,43,74,-31
117000126,8,46,-38
117000127,106,210,-104
117000128,70,199,-129
117000129,46,43,3
117000130,32,19,13
117000131,0,86,-86
117000132,2485,75,2410
117000133,2572,15,2557
117000134,0,0,0
117000135,0,31,-31
117000136,0,11,-11
117000137,177,80,97
117000138,0,0,0
117000140,136,285,-149
117000141,1618,149,1469
117000181,43,58,-15
117000182,412,710,-298
117000195,70,230,-160
117000196,362,142,220
117000225,0,68,-68
117000226,0,49,-49
117000276,330,6,324
117000277,0,95,-95
117000310,472,1703,-1231
117000315,23,219,-196
117000320,7,0,7
117000906,541,21,520
117000907,3,70,-67
117000908,3,90,-87
117000909,22,48,-26
117000910,157,89,68
117000911,4,58,-54
117000915,0,120,-120
117000916,34,9,25
117000917,954,17,937
117000918,63,45,18
117000919,0,31,-31
117000920,1,371,-370
117000921,1,372,-371
117000922,18,37,-19
117000924,804,288,516
117000926,339,101,238
117000927,123,258,-135
117000928,0,26,-26
117000929,214,53,161
117000930,242,5,237
117000931,58,40,18
117900002,32,344,-312
117900003,32,26,6
117900005,1,51,-50
117900006,0,1,-1
117900007,73,38,35
117900008,0,1,-1
117900010,303,69,234
117900011,0,123,-123
117900012,47,64,-17
117900013,0,59,-59
117900014,261,36,225
117900015,1,57,-56
117900016,248,678,-430
117900017,538,260,278
117900018,143,105,38
117900019,459,216,243
117900020,43,72,-29
117900021,24,28,-4
117900022,2,3,-1
117900023,326,19,307
117900024,13,22,-9
117900025,3,1,2
117900026,392,59,333
117900028,8,1,7
117900029,186,160,26
117900030,133,253,-120
117900031,177,49,128
117900032,563,236,327
117900033,354,191,163
117900034,1,1,0
117900035,144,56,88
117900036,174,127,47
117900037,196,10,186
117900038,49,42,7
117900039,0,15,-15
117900040,32,41,-9
117900041,0,18,-18
117900042,819,259,560
117900043,0,7,-7
117900044,6,2309,-2303
117900045,142,35,107
117900048,232,40,192
117900049,174,116,58
117900050,2,82,-80
117900051,15,1,14
117900052,32,486,-454
117900053,1403,115,1288
117900054,0,9,-9
117900055,169,42,127
117900056,14,3,11
117900057,352,351,1
117900058,6,230,-224
117900059,34,43,-9
117900060,1718,777,941
117900061,0,153,-153
117900063,203,119,84
117900065,110,307,-197
117900066,6,103,-97
117900067,533,86,447
117900069,426,87,339
117900070,5,86,-81
117900071,78,45,33
117900073,518,81,437
117900074,13,44,-31
117900075,113,51,62
117900076,0,28,-28
117900077,396,34,362
117900078,300,313,-13
117900080,104,26,78
117900081,114,64,50
117900082,558,157,401
117900083,495,104,391
117900086,119,55,64
117900087,145,16,129
117900088,334,244,90
117900089,1463,265,1198
117900090,292,827,-535
117900091,279,12,267
117900092,123,47,76
117900093,108,8,100
117900094,26,22,4
117900095,164,174,-10
117900096,95,199,-104
117900097,179,16,163
117900098,146,13,133
117900099,180,164,16
117900100,423,0,423
117900101,458,1646,-1188
117900102,60,7,53
117900103,73,2,71
117900104,12,81,-69
117900105,64,35,29
117900106,39,2,37
117900107,74,0,74
117900109,799,448,351
117900110,100,0,100
117900111,571,62,509
117900112,43,3,40
117900113,497,1482,-985
117900114,25,0,25
117900115,48,34,14
117900116,314,228,86
117900117,468,231,237
117900118,137,0,137
117900119,248,5,243
117900120,265,5,260
117900121,106,2,104
117900122,176,3592,-3416
117900123,516,174,342
117900124,120,166,-46
117900125,916,521,395
117900126,34,134,-100
117900127,305,149,156
117900128,269,173,96
117900129,90,0,90
117900130,300,65,235
117900131,0,9,-9
117900132,0,3,-3
117900133,19,28,-9
117900134,18,136,-118
117900135,3,48,-45
117900136,0,2,-2
117900137,0,31,-31
117900138,0,1,-1
117900139,31,15,16
117900140,1872,272,1600
117900141,15,132,-117
117900142,12,135,-123
117900144,10,104,-94
117900145,2,83,-81
117900146,17,221,-204
117900147,47,76,-29
117900148,881,1375,-494
117900149,31,14,17
117900150,20,19,1
117900151,32,68,-36
117900152,8,32,-24
117900153,18,86,-68
117900154,291,124,167
117900156,330,133,197
117900157,85,98,-13
117900158,202,57,145
117900160,688,306,382
117900161,541,404,137
117900162,365,191,174
117900163,36,186,-150
117900165,0,7,-7
117900166,3,87,-84
117900168,96,27,69
117900169,0,29,-29
117900170,0,3,-3
117900171,2,4,-2
117900172,0,0,0
117900173,30,9,21
117900174,5,13,-8
117900175,0,3,-3
117900176,9,8,1
117900177,12,6,6
117900178,13,6,7
117900180,61,14,47
117900181,4,462,-458
117900182,3,68,-65
117900183,138,118,20
117900184,50,35,15
117900185,74,2,72
117900186,98,2,96
117900187,45,1,44
117900188,94,9,85
117900189,75,29,46
117900190,29,0,29
117900191,69,0,69
117900192,96,1,95
117900193,7,10,-3
117900194,21,0,21
117900195,10,8,2
117900196,12,19,-7
117900207,14,61,-47
117900208,30,12,18
117900209,31,68,-37
117900210,34,27,7
117900211,0,32,-32
117900212,73,76,-3
117900213,44,2,42
117900214,0,0,0
117900216,8,30,-22
117900217,9,35,-26
117900218,28,90,-62
117900219,1,108,-107
117900220,0,24,-24
117900221,0,12,-12
118000001,339,680,-341
118000002,345,809,-464
118000003,753,1686,-933
118000004,605,801,-196
118000005,1233,1481,-248
118000006,618,1612,-994
118000007,2529,3662,-1133
118000008,622,2425,-1803
118000009,875,1443,-568
118000010,1064,1954,-890
118000011,1241,555,686
118000012,452,520,-68
118000013,793,911,-118
118000014,667,722,-55
118000016,170,85,85
118000017,506,211,295
118000018,202,130,72
118000019,550,954,-404
118000020,249,993,-744
118000021,273,1496,-1223
118000022,508,327,181
118000023,188,165,23
118000024,293,402,-109
118000025,175,310,-135
118000027,2828,3027,-199
118000029,290,594,-304
118000032,128,997,-869
118000033,1125,1953,-828
118000034,1110,994,116
118000035,778,842,-64
118000036,289,324,-35
118000037,291,615,-324
118000038,229,33,196
118000039,36,28,8
118000040,847,587,260
118000041,1120,713,407
118000045,47,202,-155
118000046,213,516,-303
118000047,185,883,-698
118000048,431,995,-564
118000051,984,1484,-500
118000052,610,981,-371
118000053,68,617,-549
118000054,1278,931,347
118000055,671,670,1
118000056,32,267,-235
118000057,65,175,-110
118000058,733,1963,-1230
118000059,307,1771,-1464
118000060,504,256,248
118000061,580,448,132
118000062,216,109,107
118000063,175,598,-423
118000064,218,469,-251
118000065,859,547,312
118000066,532,1319,-787
118000067,158,249,-91
118000068,272,4518,-4246
118000069,319,491,-172
118000070,1370,1068,302
118000071,1285,4564,-3279
118000072,237,1989,-1752
118000073,256,814,-558
118000074,219,1259,-1040
118000075,421,1021,-600
118000076,698,2315,-1617
118000077,374,458,-84
118000078,1032,1182,-150
118000079,27,277,-250
118000080,189,198,-9
118000081,634,647,-13
118000082,106,393,-287
118000083,438,687,-249
118000084,420,998,-578
118000086,94,277,-183
118000087,1198,1216,-18
118000088,599,589,10
118000089,1796,1466,330
118000090,493,1407,-914
118000091,338,1959,-1621
118000092,235,243,-8
118000093,25,405,-380
118000096,282,304,-22
118000097,118,274,-156
118000098,125,27,98
118000099,312,103,209
118000101,1022,107,915
118000102,220,270,-50
118000107,514,108,406
118000108,128,2029,-1901
118000110,0,14,-14
118000111,1,69,-68
118000112,541,0,541
118000113,1,83,-82
118000114,580,0,580
118000115,1,0,1
118000116,9,0,9
118000117,301,235,66
118000118,701,547,154
118000119,645,635,10
118000120,506,327,179
118000121,42,67,-25
118000122,85,49,36
118000123,30,64,-34
118000125,301,318,-17
118000126,272,907,-635
118000127,505,461,44
118000128,128,698,-570
118000129,410,330,80
118000130,685,1266,-581
118000131,126,220,-94
118000132,1440,1189,251
118000133,768,359,409
118000135,305,376,-71
118000136,32,225,-193
118000137,125,43,82
118000138,180,89,91
118000139,174,64,110
118000140,1460,4557,-3097
118000141,1880,898,982
118000142,1492,827,665
118000143,1819,648,1171
118000144,609,177,432
118000145,467,311,156
118000146,577,160,417
118000147,508,408,100
118000148,425,992,-567
118000149,494,260,234
118000150,483,73,410
118000151,530,110,420
118000153,1294,291,1003
118000154,726,702,24
118000155,1487,537,950
118000156,1098,1445,-347
118000157,263,76,187
118000158,67,271,-204
118000159,46,91,-45
118000160,370,175,195
118000161,354,155,199
118000162,569,495,74
118000163,546,599,-53
118000164,1160,1123,37
118000168,299,371,-72
118000169,287,371,-84
118000170,1149,1327,-178
118000171,242,212,30
118000172,51,111,-60
118000173,403,733,-330
118000175,64,119,-55
118000176,347,210,137
118000177,205,225,-20
118000178,3,24,-21
118000179,503,279,224
118000180,252,174,78
118000181,268,85,183
118000182,131,104,27
118000183,138,134,4
118000184,775,277,498
118000185,135,705,-570
118000186,78,649,-571
118000187,1240,146,1094
118000188,440,18,422
118000189,660,59,601
118000190,6,1,5
118000191,5,1,4
118000192,0,63,-63
118000193,8,96,-88
118000194,546,510,36
118000195,83,665,-582
118000196,14,112,-98
118000197,35,413,-378
118000198,228,1253,-1025
118000199,110,531,-421
118000200,14,154,-140
118000201,66,273,-207
118000202,6,79,-73
118000203,71,604,-533
118000204,4,204,-200
118000205,21,92,-71
118000206,80,42,38
118000207,0,25,-25
118000208,982,931,51
118000209,1173,476,697
118000210,76,12,64
118000211,61,23,38
118000213,210,1293,-1083
118000214,70,166,-96
118000215,232,30,202
118000216,2841,639,2202
118000217,13,32,-19
118000218,99,27,72
118000219,135,91,44
118000220,4,6,-2
118000221,370,244,126
118000222,35,1,34
118000223,33,15,18
118000224,57,23,34
118000225,35,216,-181
118000226,755,80,675
118000227,128,147,-19
118000228,12,98,-86
118000229,4,55,-51
118000230,39,103,-64
118000231,11,51,-40
118000232,347,160,187
118000233,839,239,600
118000234,243,43,200
118000236,125,92,33
118000237,107,109,-2
118000238,190,38,152
118000239,204,114,90
118000240,48,78,-30
118000241,108,27,81
118000242,293,66,227
118000243,88,74,14
118000244,61,16,45
118000246,0,5,-5
118000255,33,91,-58
118000256,54,176,-122
118000259,8,31,-23
118000260,152,38,114
118000261,12,6,6
118000263,67,50,17
118000266,27,74,-47
118000267,0,89,-89
118000268,138,17,121
118000270,91,1,90
118000271,132,109,23
118000272,32,6,26
118000273,115,20,95
118000274,58,56,2
118000276,230,49,181
118000295,12,31,-19
118000298,78,68,10
118000299,24,65,-41
118000301,0,40,-40
118000302,12,8,4
118000311,708,16,692
118000312,184,31,153
118000313,80,27,53
118000314,98,22,76
118000315,31,16,15
118000316,559,77,482
118000325,46,1,45
118000326,10,20,-10
118000331,33,2,31
118000332,20,4,16
118000333,22,3,19
118000335,501,2,499
118000336,0,50,-50
118000407,270,30,240
118000457,1,22,-21
118000465,279,1119,-840
118000480,7,13,-6
118000489,4,244,-240
118000490,2,53,-51
118000492,177,56,121
118000510,6,0,6
118000514,7,117,-110
118000515,275,604,-329
118000517,115,57,58
118000524,136,175,-39
118000525,146,253,-107
118000530,15,98,-83
118000531,237,118,119
118000532,110,133,-23
118000533,80,38,42
118000534,250,121,129
118000535,255,14,241
118000536,19,199,-180
118000537,33,76,-43
118000538,13,77,-64
118000539,6,52,-46
118000540,167,54,113
118000541,62,53,9
118000542,50,153,-103
118000543,130,92,38
118000546,19,9,10
118000560,347,806,-459
118000562,38,10,28
118000563,666,420,246
118000576,60,30,30
118000577,38,80,-42
118000578,25,16,9
118000579,190,804,-614
118000595,155,26,129
118000596,0,18,-18
118000597,64,40,24
118000598,17,0,17
118000599,133,2,131
118000600,0,12,-12
118000601,10,0,10
118000602,0,6,-6
118000603,0,0,0
118900001,296,280,16
118900002,278,409,-131
118900003,389,10,379
118900004,74,0,74
118900005,18,1,17
118900006,51,1,50
118900007,2,0,2
118900008,422,10,412
118900009,59,93,-34
118900010,23,2,21
118900011,31,1,30
118900012,105,57,48
118900013,264,201,63
118900015,288,2,286
118900016,0,3,-3
118900017,3,45,-42
118900018,496,44,452
118900019,3,0,3
118900020,5,25,-20
118900021,43,182,-139
118900022,58,15,43
118900023,20,34,-14
118900024,53,60,-7
118900025,5,23,-18
118900026,37,7,30
118900027,192,44,148
118900028,87,52,35
118900029,136,113,23
118900030,528,15,513
118900031,47,17,30
118900032,86,11,75
118900033,137,253,-116
118900034,107,14,93
118900035,52,52,0
118900036,677,177,500
118900037,96,216,-120
118900038,308,47,261
118900039,376,44,332
118900040,93,33,60
118900041,294,96,198
118900042,45,38,7
118900045,66,65,1
118900046,234,172,62
118900047,140,191,-51
118900048,4,177,-173
118900049,0,3,-3
118900050,12,11,1
118900051,30,43,-13
118900052,48,248,-200
118900053,1,8,-7
118900054,95,9,86
118900055,56,16,40
118900056,10,47,-37
118900057,486,155,331
118900058,140,104,36
118900059,0,21,-21
118900060,63,35,28
118900062,75,25,50
118900064,64,258,-194
118900065,5,88,-83
118900066,46,1,45
118900067,1102,2603,-1501
118900068,0,54,-54
118900069,419,32,387
118900071,0,1,-1
118900072,138,101,37
118900073,144,38,106
118900074,61,25,36
118900075,57,13,44
118900076,109,17,92
118900077,170,70,100
118900078,0,0,0
118900079,15,19,-4
118900080,29,11,18
118900081,11,12,-1
118900082,908,82,826
118900083,2,2,0
118900084,0,2,-2
118900085,229,105,124
118900086,33,17,16
118900087,27,353,-326
118900088,0,0,0
118900089,3,2,1
118900090,153,64,89
118900091,51,73,-22
118900092,80,8,72
118900093,32,1,31
118900096,0,1,-1
118900097,79,125,-46
118900099,63,51,12
118900100,7,34,-27
118900101,134,113,21
118900102,3,5,-2
118900103,6,35,-29
118900104,124,25,99
118900105,51,59,-8
118900107,56,34,22
118900108,39,51,-12
118900109,71,100,-29
118900110,295,462,-167
118900111,138,82,56
118900112,67,27,40
118900113,29,72,-43
118900114,0,14,-14
118900115,16,78,-62
118900116,49,33,16
118900117,27,34,-7
118900118,212,109,103
118900119,66,73,-7
118900120,25,50,-25
118900121,1,87,-86
118900122,0,289,-289
118900123,32,28,4
118900124,23,20,3
118900126,11,58,-47
118900129,136,29,107
118900130,2,25,-23
118900131,154,106,48
118900132,162,50,112
118900133,1,23,-22
118900135,80,62,18
118900136,135,127,8
118900137,1,10,-9
118900139,78,51,27
118900140,182,138,44
118900141,38,8,30
118900144,80,101,-21
118900145,2,41,-39
118900146,70,195,-125
118900147,24,90,-66
118900148,23,17,6
118900150,14,170,-156
118900152,210,197,13
118900157,7,31,-24
118900158,134,7,127
118900159,1,39,-38
118900161,18,21,-3
118900163,39,17,22
118900164,0,9,-9
118900165,43,47,-4
118900166,11,0,11
118900167,21,35,-14
118900168,17,20,-3
118900169,44,74,-30
118900170,211,4,207
118900171,47,6,41
118900174,12,7,5
118900175,348,118,230
118900176,136,88,48
118900177,93,6,87
118900178,30,20,10
118900179,5,6,-1
118900181,34,12,22
118900182,10,28,-18
118900183,3,59,-56
118900184,85,1,84
118900185,47,16,31
118900186,68,25,43
118900187,61,194,-133
118900188,101,128,-27
118900189,3,263,-260
118900190,19,33,-14
118900191,229,6,223
118900192,215,7,208
118900193,751,9,742
118900195,136,136,0
118900196,2,34,-32
118900197,301,17,284
118900198,26,4,22
118900199,50,1,49
118900200,17,15,2
118900201,22,21,1
118900202,1,12,-11
118900203,16,4,12
118900204,6,1,5
118900205,0,8,-8
118900206,0,4,-4
119000001,985,767,218
119000002,2025,1438,587
119000003,2316,406,1910
119000004,1538,1096,442
119000005,1167,1283,-116
119000006,2021,996,1025
119000007,2502,2066,436
119000008,835,539,296
119000009,1415,3192,-1777
119000010,1935,2024,-89
119000011,1500,1521,-21
119000012,631,1471,-840
119000013,2468,1364,1104
119000014,689,1299,-610
119000019,119,112,7
119000020,1450,1018,432
119000021,2963,2095,868
119000022,549,1656,-1107
119000023,113,141,-28
119000024,813,9203,-8390
119000025,1432,569,863
119000026,18,198,-180
119000027,36,224,-188
119000028,709,217,492
119000029,64,85,-21
119000030,216,330,-114
119000031,372,225,147
119000032,472,770,-298
119000033,1039,492,547
119000034,592,195,397
119000035,14,65,-51
119000036,1544,210,1334
119000037,912,340,572
119000038,128,236,-108
119000039,441,291,150
119000040,296,516,-220
119000041,377,863,-486
119000048,1131,808,323
119000049,1126,596,530
119000050,434,616,-182
119000051,975,477,498
119000052,832,792,40
119000053,1205,537,668
119000054,1604,501,1103
119000055,3076,636,2440
119000056,2465,743,1722
119000057,879,390,489
119000058,584,387,197
119000059,425,302,123
119000060,951,202,749
119000061,309,218,91
119000062,546,285,261
119000063,426,207,219
119000064,216,261,-45
119000065,416,816,-400
119000066,994,446,548
119000067,794,418,376
119000068,883,242,641
119000069,884,409,475
119000070,1493,290,1203
119000071,199,159,40
119000072,1328,749,579
119000073,1683,3919,-2236
119000074,928,404,524
119000075,2726,797,1929
119000076,82,340,-258
119000077,389,127,262
119000078,167,246,-79
119000079,60,431,-371
119000080,307,45,262
119000081,153,218,-65
119000082,316,52,264
119000083,267,129,138
119000084,113,111,2
119000085,525,44,481
119000086,213,104,109
119000087,355,137,218
119000088,232,44,188
119000089,54,29,25
119000090,41,43,-2
119000091,33,116,-83
119000092,107,114,-7
119000093,1268,915,353
119000094,2617,1852,765
119000095,1332,991,341
119000097,494,431,63
119000098,660,2557,-1897
119000099,842,323,519
119000100,2542,1328,1214
119000101,1473,819,654
119000102,73,829,-756
119000103,363,237,126
119000104,323,214,109
119000105,367,1125,-758
119000106,277,213,64
119000107,800,312,488
119000108,292,282,10
119000109,42,135,-93
119000110,55,63,-8
119000111,1,207,-206
119000112,30,19,11
119000113,238,45,193
119000114,321,623,-302
119000115,9,84,-75
119000116,28,68,-40
119000117,80,130,-50
119000118,11,0,11
119000123,440,1265,-825
119000124,633,132,501
119000125,2755,256,2499
119000126,542,194,348
119000127,550,66,484
119000128,25,3,22
119000131,643,116,527
119000132,5,0,5
119000133,0,19,-19
119000134,400,260,140
119000135,174,59,115
119000136,192,15,177
119000137,226,59,167
119000138,539,36,503
119000139,35,27,8
119000140,116,82,34
119000284,320,738,-418
119000285,697,417,280
119000286,1652,1011,641
119000287,815,697,118
119000288,1000,329,671
119000289,395,573,-178
119000290,66,131,-65
119000291,4,86,-82
119000293,67,127,-60
119000294,46,11,35
119000295,675,172,503
119000296,117,23,94
119000302,658,590,68
119000303,2,44,-42
119000314,783,7530,-6747
119000315,0,37,-37
119000316,45,8,37
119000317,65,46,19
119900001,69,453,-384
119900002,71,96,-25
119900003,1,77,-76
119900004,46,1232,-1186
119900005,214,10,204
119900006,87,196,-109
119900007,240,134,106
119900008,16,45,-29
119900009,164,58,106
119900010,272,161,111
119900011,6,175,-169
119900012,4,81,-77
119900013,722,582,140
119900014,196,46,150
119900015,268,33,235
119900016,45,15,30
119900017,34,17,17
119900018,310,685,-375
119900019,66,4,62
119900020,23,41,-18
119900021,36,7,29
119900022,38,579,-541
119900023,232,1302,-1070
119900025,234,1,233
119900026,90,44,46
119900027,1,8,-7
119900028,38,127,-89
119900029,3,0,3
119900030,275,93,182
119900031,27,506,-479
119900033,248,158,90
119900034,359,23,336
119900037,107,0,107
119900038,9,126,-117
119900039,47,1,46
119900040,104,17,87
119900041,103,6,97
119900042,24,36,-12
119900043,63,15,48
119900044,61,409,-348
119900046,145,19,126
119900047,133,108,25
119900048,13,25,-12
119900049,118,0,118
119900050,143,78,65
119900051,820,7,813
119900052,77,9,68
119900053,170,20,150
119900054,261,14,247
119900055,723,129,594
119900057,248,35,213
119900058,180,0,180
119900059,48,19,29
119900060,399,16,383
119900061,425,4,421
119900062,88,9,79
119900063,7,26,-19
119900064,455,42,413
119900065,135,1,134
119900066,0,0,0
119900067,24,2,22
119900068,586,0,586
119900069,99,4,95
119900070,955,15,940
119900071,806,25,781
119900072,262,151,111
119900073,369,42,327
119900074,2,25,-23
119900075,638,810,-172
119900076,534,131,403
119900077,805,125,680
119900078,293,106,187
119900079,221,39,182
119900080,183,83,100
119900081,48,37,11
119900082,1570,186,1384
119900083,189,68,121
119900084,138,46,92
119900085,28,12,16
119900086,28,83,-55
119900087,57,135,-78
119900088,1,14,-13
119900089,3,82,-79
119900090,42,11,31
119900091,8,101,-93
119900092,38,170,-132
119900093,420,63,357
119900094,2,77,-75
119900095,43,21,22
119900096,31,39,-8
119900097,9,79,-70
119900098,22,7,15
119900099,14,66,-52
119900100,382,1127,-745
119900101,39,208,-169
119900102,8,57,-49
119900103,22,40,-18
119900104,11,41,-30
119900105,211,503,-292
119900106,0,26,-26
119900107,60,497,-437
119900108,923,285,638
119900109,4,43,-39
119900110,210,66,144
119900111,115,33,82
119900112,396,414,-18
119900113,8,71,-63
119900114,141,133,8
119900115,314,111,203
119900116,29,207,-178
119900117,133,157,-24
119900118,88,133,-45
119900119,162,38,124
119900120,145,163,-18
119900121,335,161,174
119900122,8,29,-21
119900123,44,57,-13
119900124,111,188,-77
119900125,4,38,-34
119900126,930,112,818
119900127,263,118,145
119900128,145,128,17
119900129,176,42,134
119900130,0,11,-11
119900131,23,33,-10
119900132,24,20,4
119900133,66,25,41
119900134,205,42,163
119900135,0,49,-49
119900136,38,41,-3
119900138,43,50,-7
119900139,14,56,-42
119900140,1,10,-9
119900141,6,363,-357
119900142,8,7,1
119900143,6,343,-337
119900144,313,50,263
119900145,10,45,-35
119900146,41,36,5
119900147,1,77,-76
119900148,316,5,311
119900149,124,2538,-2414
119900150,23,27,-4
119900151,491,434,57
119900152,85,35,50
119900153,186,12,174
119900154,17,185,-168
119900155,25,2,23
119900156,3,1,2
119900157,110,61,49
119900158,145,17,128
119900159,1,190,-189
119900160,17,15,2
119900161,32,24,8
119900162,578,330,248
119900163,5,51,-46
119900164,0,0,0
119900165,168,47,121
119900166,95,8,87
119900167,1,7,-6
119900168,607,190,417
119900169,15,127,-112
119900170,62,37,25
119900171,261,128,133
119900172,16,9,7
119900173,3,45,-42
119900174,0,18,-18
119900175,1050,112,938
119900177,10,32,-22
119900178,1,13,-12
119900179,113,711,-598
119900180,458,222,236
119900181,5,54,-49
119900182,2,77,-75
119900183,27,184,-157
119900184,385,180,205
119900185,34,221,-187
119900186,5,767,-762
119900187,7,80,-73
119900188,33,83,-50
119900189,23,43,-20
119900190,35,157,-122
119900191,56,71,-15
119900192,15,74,-59
119900193,295,52,243
119900194,15,16,-1
119900195,6,65,-59
119900196,135,53,82
119900197,229,81,148
119900198,22,57,-35
119900199,114,1,113
119900200,455,92,363
119900201,70,65,5
119900202,27,119,-92
119900203,50,239,-189
119900204,106,49,57
119900205,644,124,520
119900206,229,41,188
119900208,46,15,31
119900209,306,648,-342
119900210,42,4,38
119900211,7,0,7
119900212,245,123,122
119900213,8,46,-38
119900214,42,12,30
119900215,48,7,41
119900216,2,9,-7
119900217,16,6,10
119900218,0,6,-6
119900219,5,6,-1
119900220,2,6,-4
119900221,11,30,-19
119900222,0,32,-32
119900223,1,9,-8
119900224,3,5,-2
119900225,122,5,117
119900226,131,881,-750
119900227,204,91,113
119900228,17,86,-69
119900229,37,68,-31
119900230,236,102,134
119900231,203,39,164
119900232,108,31,77
119900233,69,7,62
119900234,4,55,-51
119900235,11,21,-10
119900236,4,19,-15
119900237,29,120,-91
119900238,0,26,-26
119900240,61,14,47
119900241,59,44,15
119900242,575,323,252
119900244,144,311,-167
119900245,86,51,35
119900246,58,168,-110
119900247,4,23,-19
119900248,9,151,-142
119900249,184,20,164
119900253,428,279,149
119900254,65,501,-436
119900255,41,138,-97
119900256,644,209,435
119900257,111,1,110
119900258,343,43,300
119900259,2,11,-9
119900260,210,4,206
119900261,223,39,184
119900262,6,42,-36
119900263,492,71,421
119900264,94,27,67
119900265,314,102,212
119900266,292,28,264
119900267,41,43,-2
119900268,73,34,39
119900269,509,117,392
119900271,24,14,10
119900272,26,39,-13
119900275,107,17,90
119900276,60,1,59
119900277,11,2,9
119900278,131,38,93
119900279,37,167,-130
119900280,206,30,176
119900281,0,95,-95
119900282,6,29,-23
119900283,3,49,-46
119900284,9,35,-26
119900285,0,82,-82
119900286,0,17,-17
119900288,0,0,0
119900289,2,0,2
119900290,1,0,1
119900291,0,14,-14
119900292,11,35,-24
119900293,7,19,-12
119900294,25,26,-1
119900295,27,13,14
119900296,54,21,33
119900297,0,4,-4
119900298,3,4,-1
119900299,8,31,-23
119900300,203,70,133
119900301,17,124,-107
119900302,4,66,-62
119900303,146,62,84
119900304,115,0,115
119900305,0,5,-5
119900306,4,8,-4
119900307,46,8,38
119900308,0,2,-2
119900309,11,124,-113
119900310,64,42,22
119900311,94,9,85
119900312,32,16,16
119900313,58,65,-7
119900314,104,160,-56
119900315,1446,448,998
119900318,10,54,-44
119900319,4,59,-55
119900320,110,132,-22
119900321,95,4,91
120000001,4154,12701,-8547
120000002,1361,907,454
120000003,1020,476,544
120000004,1229,604,625
120000005,1064,407,657
120000006,605,371,234
120000007,1125,1754,-629
120000008,447,363,84
120000009,863,407,456
120000010,1280,773,507
120000011,407,561,-154
120000012,1066,745,321
120000013,1946,1185,761
120000014,418,554,-136
120000015,1559,676,883
120000016,2455,1299,1156
120000017,2054,1718,336
120000018,1674,9018,-7344
120000019,613,797,-184
120000020,1123,1690,-567
120000021,802,594,208
120000022,2067,2981,-914
120000023,927,778,149
120000024,605,977,-372
120000025,1902,694,1208
120000026,2096,1174,922
120000027,1522,1212,310
120000028,385,343,42
120000029,453,561,-108
120000030,105,376,-271
120000031,830,2147,-1317
120000032,2023,956,1067
120000033,1919,432,1487
120000034,1893,350,1543
120000035,1839,421,1418
120000036,1551,2023,-472
120000037,313,1165,-852
120000038,1179,1090,89
120000039,201,637,-436
120000040,31,733,-702
120000041,272,414,-142
120000042,1151,522,629
120000043,3214,495,2719
120000044,4345,837,3508
120000045,5114,356,4758
120000046,4007,2542,1465
120000047,291,3092,-2801
120000048,3493,1528,1965
120000049,2473,1019,1454
120000050,1582,1406,176
120000051,1150,2064,-914
120000052,3408,633,2775
120000053,650,989,-339
120000054,476,1578,-1102
120000055,848,1111,-263
120000056,1943,1612,331
120000057,1834,361,1473
120000058,554,407,147
120000059,31,1204,-1173
120000061,14,175,-161
120000062,40,153,-113
120000063,297,844,-547
120000064,200,361,-161
120000065,243,367,-124
120000066,104,136,-32
120000067,12,174,-162
120000068,80,145,-65
120000069,296,201,95
120000070,65,247,-182
120000071,766,42,724
120000072,828,121,707
120000073,824,25,799
120000074,84,33,51
120000075,860,87,773
120000076,1811,98,1713
120000077,2079,117,1962
120000078,1337,401,936
120000079,285,89,196
120000080,50,81,-31
120000081,262,38,224
120000082,310,101,209
120000083,28,514,-486
120000084,77,191,-114
120000085,119,200,-81
120000086,35,175,-140
120000087,145,109,36
120000088,391,399,-8
120000089,517,181,336
120000090,284,155,129
120000091,941,227,714
120000092,749,141,608
120000093,610,179,431
120000094,285,278,7
120000095,352,125,227
120000096,182,230,-48
120000098,318,170,148
120000099,166,206,-40
120000100,400,209,191
120000101,339,131,208
120000102,473,760,-287
120000103,764,496,268
120000104,1618,127,1491
120000105,1971,89,1882
120000106,2159,105,2054
120000107,3895,142,3753
120000108,1462,36,1426
120000109,693,31,662
120000110,9,258,-249
120000111,12,221,-209
120000112,139,861,-722
120000113,104,772,-668
120000114,130,411,-281
120000115,119,439,-320
120000116,100,381,-281
120000117,266,344,-78
120000118,12,7,5
120000119,1,20,-19
120000120,70,58,12
120000121,4,12,-8
120000122,60,363,-303
120000123,1151,5770,-4619
120000124,320,148,172
120000125,396,227,169
120000126,152,402,-250
120000127,274,261,13
120000128,798,1196,-398
120000129,105,75,30
120000130,261,229,32
120000131,265,126,139
120000134,116,102,14
120000135,749,359,390
120000137,199,76,123
120000138,954,46,908
120000139,100,74,26
120000140,1113,47,1066
120000141,219,112,107
120000142,499,168,331
120000143,2,46,-44
120000144,66,2,64
120000145,363,1,362
120000146,421,536,-115
120000149,197,221,-24
120000150,565,6179,-5614
120000151,379,141,238
120000152,1000,68,932
120000153,413,93,320
120000154,200,260,-60
120000155,139,188,-49
120000156,195,1000,-805
120000157,757,103,654
120000158,427,128,299
120000159,753,578,175
120000160,1222,1132,90
120000161,1841,1290,551
120000162,120,226,-106
120000163,390,91,299
120000164,505,47,458
120000165,697,137,560
120000166,1338,181,1157
120000167,13,62,-49
120000168,0,136,-136
120000169,4,451,-447
120000170,12,314,-302
120000171,2,157,-155
120000172,4,90,-86
120000173,124,169,-45
120000174,22,12,10
120000175,24,12,12
120000176,20,19,1
120000177,144,35,109
120000178,21,17,4
120000179,21,12,9
120000180,56,15,41
120000181,3,298,-295
120000182,18,178,-160
120000183,2,160,-158
120000184,11,312,-301
120000186,17,260,-243
120000187,16,48,-32
120000188,32,42,-10
120000190,125,19,106
120000191,112,23,89
120000192,48,14,34
120000193,42,1,41
120000195,2,2,0
120000196,55,2,53
120000197,24,21,3
120000198,265,4,261
120000199,209,0,209
120000200,216,1,215
120000201,21,65,-44
120000202,0,27,-27
120000203,38,16,22
120000207,0,24,-24
120000208,1,25,-24
120000209,2,5,-3
120000210,9,22,-13
120000211,110,0,110
120000212,252,2,250
120000213,186,37,149
120000214,1,24,-23
120000215,3,19,-16
120000216,130,0,130
120000217,141,242,-101
120000218,28,240,-212
120000219,10,255,-245
120000220,4,496,-492
120000225,2302,2,2300
120000226,497,4,493
120000227,616,96,520
120000228,3501,2275,1226
120000230,274,16,258
120000231,1029,331,698
120000233,371,39,332
120000235,111,122,-11
120000236,1151,0,1151
120000237,0,178,-178
120000238,0,114,-114
120000241,1033,2280,-1247
120000412,133,15,118
120000413,340,24,316
120000414,135,0,135
120000415,0,19,-19
120000416,113,0,113
120000417,0,15,-15
120000418,380,6,374
120000419,1,33,-32
120000420,8,0,8
120000421,3820,2038,1782
120000422,62,1221,-1159
120000423,1,40,-39
120000424,47,4,43
120000436,42,1006,-964
120000437,13,45,-32
120000438,656,140,516
120000439,64,294,-230
120000443,93,3,90
120000444,1205,115,1090
120000445,1073,538,535
120000446,207,86,121
120000447,372,1,371
120000449,208,0,208
120000450,1,7,-6
120000451,90,35,55
120000452,110,3,107
120000453,0,19,-19
120000454,7,20,-13
120000455,89,32,57
120000456,448,1923,-1475
120000457,300,149,151
120000458,105,111,-6
120000459,138,25,113
120000665,88,128,-40
120000668,20,316,-296
120000669,93,52,41
120000670,44,155,-111
120000671,656,259,397
120000672,6,110,-104
120900001,82,14,68
120900002,62,120,-58
120900003,65,4,61
120900004,6,86,-80
120900005,396,194,202
120900006,514,31,483
120900007,38,24,14
120900008,439,169,270
120900009,77,1,76
120900010,536,59,477
120900011,6,81,-75
120900012,26,887,-861
120900013,284,71,213
120900014,12,116,-104
120900015,918,28,890
120900016,1067,14,1053
120900017,811,53,758
120900018,143,97,46
120900019,271,199,72
120900020,219,312,-93
120900021,459,31,428
120900022,2,47,-45
120900023,406,15,391
120900024,517,153,364
120900025,425,237,188
120900026,70,63,7
120900027,130,26,104
120900028,496,72,424
120900029,18,770,-752
120900030,1501,166,1335
120900031,349,63,286
120900032,1327,55,1272
120900033,949,80,869
120900034,20,1236,-1216
120900035,36,45,-9
120900037,381,2,379
120900038,69,403,-334
120900039,78,23,55
120900040,388,2,386
120900041,5,4,1
120900042,376,25,351
120900043,33,23,10
120900044,3,217,-214
120900045,70,14,56
120900046,636,4,632
120900047,108,176,-68
120900048,129,17,112
120900049,568,0,568
120900050,445,1960,-1515
120900051,194,70,124
120900052,824,3,821
120900053,355,41,314
120900054,249,54,195
120900055,581,7,574
120900056,601,31,570
120900057,207,17,190
120900058,711,0,711
120900059,78,0,78
120900060,47,12,35
120900061,76,26,50
120900062,291,1,290
120900063,875,6,869
120900064,647,2,645
120900065,750,1,749
120900066,957,359,598
120900067,155,21,134
120900068,381,2,379
120900069,227,4,223
120900071,35,1,34
120900072,838,6,832
120900073,771,38,733
120900074,769,36,733
120900076,484,2,482
120900077,595,188,407
120900078,756,125,631
120900079,958,47,911
120900080,1157,305,852
120900081,1234,159,1075
120900082,165,187,-22
120900083,173,8,165
120900084,198,322,-124
120900085,9,25,-16
120900086,17,374,-357
120900087,419,93,326
120900088,59,661,-602
120900089,839,2817,-1978
120900090,143,18,125
120900091,69,460,-391
120900092,45,95,-50
120900093,688,110,578
120900094,53,79,-26
120900095,149,3,146
120900096,41,92,-51
120900097,225,195,30
120900098,117,61,56
120900099,3,31,-28
120900100,8,30,-22
120900101,16,45,-29
120900102,19,23,-4
120900103,32,45,-13
120900104,3,14,-11
120900105,2,85,-83
120900106,180,103,77
120900107,98,50,48
120900108,3,136,-133
120900109,19,143,-124
120900110,1,44,-43
120900111,65,70,-5
120900112,4,197,-193
120900113,23,133,-110
120900114,38,34,4
120900115,36,132,-96
120900116,425,90,335
120900117,5,105,-100
120900118,8,105,-97
120900119,2125,1225,900
120900120,14,115,-101
120900121,28,107,-79
120900122,716,130,586
120900123,1,52,-51
120900124,0,119,-119
120900125,1,206,-205
120900126,134,136,-2
120900127,3,72,-69
120900128,100,209,-109
120900129,41,92,-51
120900130,20,119,-99
120900131,26,64,-38
120900132,882,61,821
120900133,17,126,-109
120900134,19,172,-153
120900135,21,224,-203
120900136,15,43,-28
120900137,263,24,239
120900138,0,80,-80
120900139,0,138,-138
120900140,0,55,-55
120900141,190,30,160
120900142,1,107,-106
120900143,1,185,-184
120900144,0,40,-40
120900145,75,172,-97
120900146,0,156,-156
120900147,1,0,1
120900148,47,31,16
120900149,0,69,-69
120900150,26,69,-43
120900151,0,42,-42
120900152,4,1,3
120900153,39,2,37
120900154,0,55,-55
120900155,117,179,-62
120900156,138,110,28
120900157,0,0,0
120900158,7,87,-80
120900159,0,26,-26
120900160,5,92,-87
120900161,1,232,-231
120900162,3,132,-129
120900163,6,146,-140
120900164,0,25,-25
120900165,0,37,-37
120900166,6,229,-223
120900167,63,37,26
120900169,40,78,-38
120900170,133,2965,-2832
120900171,249,65,184
120900172,92,229,-137
120900173,0,23,-23
120900174,1,29,-28
120900175,42,35,7
120900176,0,273,-273
120900177,3,903,-900
120900178,0,532,-532
120900179,82,67,15
120900180,33,58,-25
120900181,6,9,-3
120900182,6,17,-11
120900183,215,56,159
120900184,78,28,50
120900185,67,601,-534
120900186,0,97,-97
120900187,450,152,298
120900188,201,21,180
120900189,9,2142,-2133
120900190,91,25,66
120900191,95,6,89
120900192,2643,7967,-5324
120900194,29,17,12
120900195,43,69,-26
120900196,96,4,92
120900197,652,40,612
120900198,48,135,-87
120900199,170,409,-239
120900200,13,54,-41
120900201,146,37,109
120900202,0,59,-59
120900203,31,6,25
120900204,32,71,-39
120900205,3,21,-18
120900206,4,16,-12
121000001,548,482,66
121000002,684,936,-252
121000003,2692,1103,1589
121000004,697,1525,-828
121000005,1467,1845,-378
121000006,836,1456,-620
121000007,1143,2112,-969
121000008,1617,2157,-540
121000009,2571,3195,-624
121000010,1879,1925,-46
121000011,2810,3514,-704
121000012,4785,2159,2626
121000013,2928,2567,361
121000014,2355,1494,861
121000015,2451,3219,-768
121000016,1626,1279,347
121000017,1032,1350,-318
121000018,1361,946,415
121000019,2728,3830,-1102
121000020,4569,7659,-3090
121000021,657,610,47
121000022,843,1848,-1005
121000023,805,383,422
121000024,1856,2175,-319
121000025,111,511,-400
121000026,49,56,-7
121000027,607,644,-37
121000028,214,311,-97
121000029,344,239,105
121000030,75,132,-57
121000031,197,228,-31
121000032,58,53,5
121000034,66,102,-36
121000035,59,95,-36
121000036,462,366,96
121000037,198,605,-407
121000038,168,398,-230
121000039,85,138,-53
121000041,145,300,-155
121000042,117,216,-99
121000043,153,392,-239
121000044,398,291,107
121000045,215,169,46
121000046,320,327,-7
121000047,20,76,-56
121000049,486,492,-6
121000050,79,1073,-994
121000051,394,132,262
121000052,184,1007,-823
121000053,93,89,4
121000054,13,162,-149
121000055,348,679,-331
121000056,379,722,-343
121000057,51,136,-85
121000058,60,56,4
121000059,1812,536,1276
121000060,346,577,-231
121000061,15,336,-321
121000062,29,181,-152
121000063,426,762,-336
121000064,281,325,-44
121000065,130,300,-170
121000066,126,150,-24
121000067,199,238,-39
121000068,169,341,-172
121000069,99,807,-708
121000070,392,412,-20
121000071,637,902,-265
121000072,327,199,128
121000073,334,550,-216
121000074,24,108,-84
121000075,20,27,-7
121000076,206,84,122
121000077,37,43,-6
121000078,26,145,-119
121000080,458,222,236
121000081,663,1565,-902
121000082,47,90,-43
121000083,35,27,8
121000084,56,130,-74
121000085,86,182,-96
121000086,191,260,-69
121000087,13,106,-93
121000088,226,173,53
121000089,39,241,-202
121000090,119,278,-159
121000091,529,402,127
121000092,83,13,70
121000093,80,36,44
121000094,141,191,-50
121000095,101,353,-252
121000096,2038,524,1514
121000097,212,671,-459
121000098,150,229,-79
121000099,315,310,5
121000100,528,120,408
121000101,128,43,85
121000102,145,40,105
121000103,110,129,-19
121000104,172,53,119
121000105,73,29,44
121000106,42,179,-137
121000107,879,1164,-285
121000109,572,611,-39
121000110,100,425,-325
121000114,1265,862,403
121000115,305,165,140
121000116,141,125,16
121000117,195,71,124
121000118,847,72,775
121000119,151,153,-2
121000120,138,251,-113
121000121,318,950,-632
121000123,252,95,157
121000126,10,255,-245
121000127,53,44,9
121000128,622,96,526
121000129,555,180,375
121000130,203,612,-409
121000131,411,561,-150
121000132,92,476,-384
121000135,120,408,-288
121000136,253,917,-664
121000137,138,211,-73
121000138,151,2028,-1877
121000139,60,443,-383
121000141,140,55,85
121000142,151,237,-86
121000143,8,24,-16
121000144,197,673,-476
121000145,215,306,-91
121000146,449,522,-73
121000147,513,241,272
121000148,229,203,26
121000149,855,624,231
121000152,128,125,3
121000153,679,219,460
121000154,667,184,483
121000155,853,370,483
121000156,244,247,-3
121000157,315,359,-44
121000158,179,159,20
121000159,118,179,-61
121000160,283,88,195
121000161,156,220,-64
121000162,53,63,-10
121000165,379,1024,-645
121000166,11,192,-181
121000168,220,87,133
121000169,9,23,-14
121000170,113,24,89
121000171,72,29,43
121000172,391,296,95
121000173,898,717,181
121000174,450,406,44
121000175,719,170,549
121000176,206,180,26
121000177,284,159,125
121000178,69,16,53
121000179,62,22,40
121000181,76,237,-161
121000182,75,348,-273
121000183,19,332,-313
121000184,19,209,-190
121000185,16,358,-342
121000186,192,418,-226
121000187,134,36,98
121000188,179,40,139
121000192,297,230,67
121000193,214,116,98
121000194,632,897,-265
121000195,166,447,-281
121000196,114,112,2
121000197,50,168,-118
121000198,58,96,-38
121000199,89,123,-34
121000200,361,83,278
121000201,7,192,-185
121000202,70,4,66
121000203,306,435,-129
121000204,1762,198,1564
121000205,171,187,-16
121000206,54,69,-15
121000207,1261,680,581
121000208,7,167,-160
121000209,593,96,497
121000210,541,184,357
121000211,170,47,123
121000212,242,248,-6
121000213,3674,1033,2641
121000214,274,1007,-733
121000215,501,481,20
121000216,111,372,-261
121000217,1549,1895,-346
121000218,193,516,-323
121000219,582,269,313
121000220,119,39,80
121000221,243,321,-78
121000222,2985,1946,1039
121000223,146,370,-224
121000224,84,190,-106
121000225,189,4455,-4266
121000226,473,1288,-815
121000227,12,161,-149
121000228,37,108,-71
121000229,53,151,-98
121000230,64,523,-459
121000231,984,25,959
121000232,147,59,88
121000233,335,141,194
121000234,1,36,-35
121000235,29,100,-71
121000236,1,16,-15
121000237,3,11,-8
121000238,0,15,-15
121000239,62,13,49
121000240,0,67,-67
121000241,46,1,45
121000242,5,58,-53
121000243,85,11,74
121000244,0,17,-17
121000245,24,0,24
121000246,1,34,-33
121000247,115,0,115
121000248,169,110,59
121000249,41,159,-118
121000250,522,612,-90
121000251,2,119,-117
121000252,69,92,-23
121000253,77,532,-455
121000254,522,204,318
121000255,18,210,-192
121000256,97,215,-118
121000257,15,104,-89
121000258,13,155,-142
121000259,16,57,-41
121000260,3,60,-57
121000261,31,144,-113
121000262,407,247,160
121000263,154,241,-87
121000271,274,542,-268
121000273,18,2,16
121000274,13,186,-173
121000275,0,1,-1
121000276,0,97,-97
121000278,27,15,12
121000279,3,63,-60
121000280,2,89,-87
121000289,204,32,172
121000290,339,503,-164
121000294,137,40,97
121000297,118,528,-410
121000299,65,729,-664
121000300,581,262,319
121000302,4,240,-236
121000303,152,54,98
121000304,193,25,168
121000305,141,43,98
121000306,77,72,5
121000308,58,62,-4
121000309,115,142,-27
121000310,101,98,3
121000311,41,153,-112
121000312,300,160,140
121000313,100,103,-3
121000314,2,5,-3
121000315,1,33,-32
121000530,1046,577,469
121000531,1151,577,574
121000532,2241,3399,-1158
121000533,1746,1126,620
121000918,15,95,-80
121000919,9,74,-65
121000938,4,75,-71
121000939,9,106,-97
121000956,1038,609,429
121000957,2,17,-15
121000958,4,89,-85
121000959,701,205,496
121000960,835,475,360
121000961,222,9,213
121000962,65,85,-20
121000973,0,169,-169
121000976,0,12,-12
121000979,51,94,-43
121000981,173,41,132
121000982,380,193,187
121000983,252,73,179
121000984,0,4,-4
121000985,560,292,268
121000986,470,399,71
121000987,93,525,-432
121000988,774,35,739
121001302,76,68,8
121001308,0,11,-11
121001309,50,234,-184
121001313,108,114,-6
121001314,362,1014,-652
121001315,2567,1614,953
121900001,59,233,-174
121900002,24,0,24
121900003,46,4,42
121900004,26,174,-148
121900005,7,0,7
121900006,29,1,28
121900007,1244,486,758
121900008,31,48,-17
121900009,537,76,461
121900010,68,0,68
121900011,57,58,-1
121900012,11,1,10
121900013,2,11,-9
121900014,489,121,368
121900015,29,22,7
121900016,5,1,4
121900017,107,250,-143
121900018,140,1,139
121900019,140,39,101
121900020,11,1,10
121900021,475,5,470
121900022,72,35,37
121900023,74,220,-146
121900024,52,16,36
121900025,248,53,195
121900026,28,5,23
121900027,164,97,67
121900028,112,3,109
121900029,32,216,-184
121900030,127,184,-57
121900031,142,2479,-2337
121900032,71,11,60
121900033,44,84,-40
121900034,136,32,104
121900035,1011,725,286
121900036,32,95,-63
121900037,47,472,-425
121900038,9,6,3
121900039,69,5,64
121900040,8,9,-1
121900041,30,136,-106
121900042,206,37,169
121900043,0,0,0
121900044,8,50,-42
121900045,105,99,6
121900046,32,70,-38
121900047,30,34,-4
121900048,26,7,19
121900050,19,7,12
121900051,78,131,-53
121900052,48,9,39
121900053,204,143,61
121900054,60,214,-154
121900055,0,5,-5
121900058,115,22,93
121900059,81,41,40
121900060,56,143,-87
121900061,41,506,-465
121900062,81,58,23
121900063,734,137,597
121900064,115,189,-74
121900066,5,2,3
121900067,6,0,6
121900069,25,42,-17
121900070,98,141,-43
121900071,264,92,172
121900072,27,7,20
121900073,39,77,-38
121900074,108,166,-58
121900075,147,336,-189
121900076,142,165,-23
121900077,3,4,-1
121900078,47,21,26
121900079,0,0,0
121900080,224,92,132
121900082,33,10,23
121900084,2,1,1
121900085,0,1,-1
121900086,4,18,-14
121900087,5,38,-33
121900088,356,508,-152
121900089,120,41,79
121900090,30,8,22
121900091,16,8,8
121900092,72,64,8
121900093,39,48,-9
121900094,0,0,0
121900095,72,41,31
121900096,312,154,158
121900097,187,9,178
121900098,4,2,2
121900099,77,14,63
121900100,1,25,-24
121900101,31,17,14
121900102,1,28,-27
121900103,164,87,77
121900104,733,83,650
121900105,76,36,40
121900106,3,11,-8
121900107,44,37,7
121900108,0,1,-1
121900109,55,35,20
121900110,256,62,194
121900111,34,77,-43
121900112,31,13,18
121900113,2,94,-92
121900114,3,4,-1
121900115,55,75,-20
121900117,4,8,-4
121900118,302,78,224
121900119,103,16,87
121900120,27,158,-131
121900121,33,1,32
121900122,38,14,24
121900123,56,52,4
121900124,20,22,-2
121900125,558,289,269
121900127,4,37,-33
121900128,34,5,29
121900129,114,22,92
121900130,15,730,-715
121900131,55,2,53
121900132,13,4,9
121900133,0,141,-141
121900134,0,148,-148
121900135,2533,307,2226
121900136,30,35,-5
121900137,1,51,-50
121900138,13,44,-31
121900139,109,387,-278
121900140,8,1,7
121900141,10,17,-7
121900142,4,0,4
121900143,3,39,-36
121900144,22,64,-42
121900145,25,71,-46
121900146,84,37,47
121900147,4,20,-16
121900148,29,39,-10
121900149,16,3,13
121900150,20,5,15
121900151,2,17,-15
121900152,44,0,44
121900153,0,123,-123
121900154,0,56,-56
121900155,0,38,-38
121900156,9,5,4
121900157,0,16,-16
121900158,0,8,-8
121900159,0,27,-27
121900160,2,43,-41
121900161,2,72,-70
121900162,6,12,-6
121900163,114,45,69
121900164,46,88,-42
121900165,43,39,4
121900166,100,22,78
121900167,53,15,38
121900168,35,11,24
121900169,1,0,1
121900170,9,17,-8
121900171,407,120,287
121900172,60,52,8
121900173,132,73,59
121900174,43,7,36
121900175,15,68,-53
121900176,154,381,-227
121900177,14,5,9
121900179,38,145,-107
121900180,670,3166,-2496
121900182,240,134,106
121900183,85,854,-769
121900184,18,531,-513
121900185,55,13,42
121900186,6,155,-149
121900187,0,26,-26
121900188,188,22,166
121900189,3,19,-16
121900190,56,175,-119
121900191,36,122,-86
121900192,67,290,-223
121900194,0,59,-59
121900195,11,15,-4
121900196,59,256,-197
121900197,66,266,-200
121900198,1418,408,1010
121900199,0,25,-25
121900200,1,34,-33
121900201,239,219,20
121900202,29,211,-182
121900203,29,244,-215
121900204,151,305,-154
121900205,80,44,36
121900206,1,28,-27
121900207,1,8,-7
121900208,5,78,-73
121900209,6,17,-11
121900210,473,347,126
121900211,10,24,-14
121900212,16,37,-21
121900213,81,1,80
121900214,0,159,-159
121900215,1,70,-69
121900216,3,98,-95
121900217,49,106,-57
121900218,61,149,-88
121900219,84,27,57
121900220,26,0,26
121900221,56,112,-56
121900222,64,10,54
121900223,43,4,39
121900224,36,14,22
121900225,18,67,-49
121900226,54,11,43
121900227,46,216,-170
121900228,24,34,-10
121900229,46,145,-99
121900230,25,113,-88
121900231,37,134,-97
121900232,34,78,-44
121900233,37,34,3
121900234,105,27,78
121900235,211,27,184
121900236,80,22,58
121900237,8,48,-40
121900238,13,48,-35
121900239,55,14,41
121900240,66,43,23
121900241,14,3,11
121900242,0,0,0
121900243,1,0,1
121900244,0,0,0
121900245,61,38,23
121900246,1277,76,1201
121900247,171,65,106
121900248,221,166,55
121900250,64,148,-84
121900251,85,14,71
121900252,87,46,41
121900253,6,323,-317
121900254,18,112,-94
121900255,159,30,129
121900258,1630,722,908
121900259,20,110,-90
121900260,39,24,15
121900261,5,105,-100
121900262,35,98,-63
121900263,31,39,-8
121900264,148,113,35
121900265,86,39,47
121900266,187,43,144
121900267,11,15,-4
121900269,94,205,-111
121900270,39,103,-64
121900271,8,29,-21
121900273,197,821,-624
121900274,173,65,108
121900276,309,38,271
121900277,71,162,-91
121900278,46,233,-187
121900279,79,23,56
121900280,28,74,-46
121900281,33,146,-113
121900284,8,18,-10
121900286,47,47,0
121900287,3,14,-11
121900290,17,150,-133
121900291,138,298,-160
121900292,42,53,-11
121900293,289,945,-656
121900294,37,0,37
121900295,50,10,40
121900296,40,74,-34
121900298,87,327,-240
121900299,2,59,-57
121900300,16,9,7
121900301,23,2,21
121900302,5,44,-39
121900303,27,42,-15
121900304,0,3,-3
121900305,0,2,-2
121900306,130,9,121
121900307,76,0,76
121900308,1,11,-10
121900309,1,19,-18
121900310,0,58,-58
121900311,230,6,224
121900312,199,0,199
121900313,223,1,222
121900314,0,9,-9
121900315,16,3,13
121900316,0,0,0
121900317,2,8,-6
121900318,0,0,0
121900319,25,92,-67
121900320,0,0,0
121900321,29,0,29
121900322,0,0,0
121900323,2,3,-1
121900324,0,1,-1
121900325,4,0,4
121900326,0,0,0
121900327,0,0,0
121900328,0,0,0
121900329,0,0,0
121900330,0,26,-26
121900331,26,78,-52
121900332,3,26,-23
122000001,295,761,-466
122000002,962,242,720
122000003,371,618,-247
122000004,345,332,13
122000005,1529,1723,-194
122000006,203,490,-287
122000007,192,533,-341
122000008,336,837,-501
122000009,96,80,16
122000010,1057,1160,-103
122000011,907,433,474
122000012,334,584,-250
122000013,103,554,-451
122000014,1457,337,1120
122000015,445,397,48
122000016,239,297,-58
122000017,324,521,-197
122000018,564,498,66
122000019,290,669,-379
122000020,93,155,-62
122000021,71,156,-85
122000022,224,305,-81
122000023,95,329,-234
122000024,179,628,-449
122000025,257,595,-338
122000026,195,348,-153
122000027,205,266,-61
122000028,310,257,53
122000029,106,164,-58
122000030,88,17,71
122000031,37,335,-298
122000032,675,545,130
122000033,102,441,-339
122000034,72,334,-262
122000035,60,171,-111
122000036,196,126,70
122000037,185,145,40
122000038,97,215,-118
122000039,241,183,58
122000040,106,58,48
122000041,223,502,-279
122000042,191,346,-155
122000043,69,29,40
122000044,34,73,-39
122000045,417,239,178
122000046,260,260,0
122000047,32,40,-8
122000048,1023,1904,-881
122000049,2551,1152,1399
122000050,259,328,-69
122000051,95,345,-250
122000052,158,307,-149
122000053,101,1141,-1040
122000054,906,863,43
122000055,1123,1675,-552
122000056,1236,987,249
122000057,951,1623,-672
122000058,304,606,-302
122000059,384,742,-358
122000060,126,180,-54
122000061,166,116,50
122000062,302,116,186
122000063,153,539,-386
122000064,1354,2153,-799
122000065,1032,1252,-220
122000066,272,424,-152
122000067,422,964,-542
122000068,729,747,-18
122000069,527,253,274
122000070,282,565,-283
122000071,992,511,481
122000072,170,175,-5
122000073,47,235,-188
122000074,795,577,218
122000075,272,327,-55
122000076,1077,474,603
122000077,254,596,-342
122000078,299,785,-486
122000079,106,1035,-929
122000080,139,152,-13
122000081,29,97,-68
122000082,113,458,-345
122000083,1151,518,633
122000084,1067,519,548
122000085,91,173,-82
122000086,802,2625,-1823
122000087,155,222,-67
122000088,111,183,-72
122000089,1265,1247,18
122000090,104,419,-315
122000091,72,167,-95
122000092,18,31,-13
122000093,548,1419,-871
122000094,2193,1159,1034
122000095,316,1216,-900
122000096,246,675,-429
122000098,1009,1655,-646
122000099,211,547,-336
122000100,329,247,82
122000101,127,164,-37
122000102,714,496,218
122000103,436,545,-109
122000104,257,91,166
122000105,136,131,5
122000106,173,432,-259
122000107,538,236,302
122000108,181,265,-84
122000109,136,173,-37
122000110,134,186,-52
122000111,989,493,496
122000112,362,586,-224
122000113,166,152,14
122000114,484,1327,-843
122000115,903,987,-84
122000116,54,232,-178
122000117,200,83,117
122000118,316,93,223
122000119,403,332,71
122000120,419,574,-155
122000121,346,476,-130
122000122,136,322,-186
122000123,313,702,-389
122000124,199,105,94
122000125,44,223,-179
122000126,75,132,-57
122000127,111,96,15
122000128,180,125,55
122000129,73,419,-346
122000130,776,229,547
122000131,345,99,246
122000132,145,73,72
122000133,378,189,189
122000134,386,449,-63
122000135,215,119,96
122000136,264,141,123
122000137,811,273,538
122000139,307,946,-639
122000140,64,379,-315
122000141,1445,434,1011
122000142,57,412,-355
122000143,159,77,82
122000144,874,205,669
122000145,364,190,174
122000146,144,618,-474
122000147,220,168,52
122000148,190,350,-160
122000149,505,153,352
122000150,726,217,509
122000151,31,106,-75
122000152,90,69,21
122000153,109,77,32
122000154,81,57,24
122000155,433,632,-199
122000156,1854,1500,354
122000157,339,1700,-1361
122000158,87,220,-133
122000159,450,263,187
122000160,933,505,428
122000161,392,238,154
122000162,141,374,-233
122000163,76,23,53
122000164,10,25,-15
122000165,183,434,-251
122000166,172,903,-731
122000167,73,122,-49
122000168,57,628,-571
122000169,167,90,77
122000170,82,106,-24
122000171,23,22,1
122000172,755,686,69
122000173,883,889,-6
122000174,385,1227,-842
122000175,196,127,69
122000176,136,854,-718
122000177,440,853,-413
122000178,1488,1109,379
122000179,1069,1339,-270
122000180,320,441,-121
122000181,331,889,-558
122000182,321,522,-201
122000183,445,229,216
122000184,1068,1133,-65
122000185,333,845,-512
122000186,133,377,-244
122000187,974,349,625
122000188,139,96,43
122000189,71,72,-1
122000190,357,644,-287
122000191,180,274,-94
122000192,404,134,270
122000193,348,289,59
122000194,174,67,107
122000195,52,497,-445
122000196,441,151,290
122000197,247,346,-99
122000198,140,830,-690
122000199,153,94,59
122000200,274,217,57
122000201,268,1135,-867
122000202,319,1031,-712
122000203,756,291,465
122000204,367,399,-32
122000205,188,270,-82
122000206,1550,498,1052
122000207,977,717,260
122000208,1040,607,433
122000209,563,112,451
122000210,666,729,-63
122000211,367,551,-184
122000212,293,244,49
122000213,312,724,-412
122000214,664,789,-125
122000215,1178,1107,71
122000217,526,575,-49
122000218,160,54,106
122000219,1374,240,1134
122000220,155,419,-264
122000221,151,366,-215
122000222,190,70,120
122000223,160,305,-145
122000225,260,157,103
122000226,549,482,67
122000227,39,294,-255
122000228,51,137,-86
122000229,6,189,-183
122000230,46,119,-73
122000231,91,364,-273
122000232,186,458,-272
122000233,0,46,-46
122000234,246,80,166
122000235,203,146,57
122000236,685,40,645
122000237,38,17,21
122000238,110,213,-103
122000239,270,44,226
122000240,377,126,251
122000241,24,150,-126
122000242,123,113,10
122000243,11,105,-94
122000244,6,1215,-1209
122000245,21,30,-9
122000246,15,106,-91
122000247,139,754,-615
122000248,2224,218,2006
122000249,358,258,100
122000250,546,216,330
122000251,15,28,-13
122000252,157,20,137
122000253,11,18,-7
122000254,160,38,122
122000255,178,259,-81
122000256,136,187,-51
122000257,126,51,75
122000258,148,148,0
122000259,37,503,-466
122000260,15,129,-114
122000261,8,59,-51
122000262,0,15,-15
122000263,75,136,-61
122000264,795,109,686
122000265,988,344,644
122000266,1740,192,1548
122000267,16,156,-140
122000268,126,23,103
122000269,428,65,363
122000270,201,66,135
122000271,209,385,-176
122000272,85,128,-43
122000273,137,68,69
122000274,75,153,-78
122000275,16,296,-280
122000276,632,288,344
122000277,251,862,-611
122000278,854,59,795
122000279,97,107,-10
122000280,220,155,65
122000281,300,159,141
122000282,17,568,-551
122000283,33,182,-149
122000284,48,35,13
122000285,316,78,238
122000286,10,112,-102
122000287,889,1269,-380
122000288,112,154,-42
122000291,1069,263,806
122000293,83,60,23
122000294,63,196,-133
122000295,816,131,685
122000296,29,490,-461
122000297,867,2880,-2013
122000299,232,249,-17
122000300,120,246,-126
122000301,3481,2065,1416
122000302,113,1692,-1579
122000303,731,507,224
122000304,6,142,-136
122000305,1081,114,967
122000306,33,167,-134
122000307,24,101,-77
122000309,46,52,-6
122000310,7,84,-77
122000311,54,48,6
122000312,71,189,-118
122000313,4,90,-86
122000314,79,193,-114
122000315,127,47,80
122000316,802,152,650
122000317,1523,192,1331
122000318,187,1297,-1110
122000319,51,177,-126
122000320,112,318,-206
122000321,59,57,2
122000322,473,564,-91
122000323,289,600,-311
122000324,364,789,-425
122000325,274,631,-357
122000326,117,27,90
122000327,87,200,-113
122000328,206,135,71
122000330,640,586,54
122000332,111,2237,-2126
122000333,22,32,-10
122000337,604,147,457
122000338,223,138,85
122000340,8,382,-374
122000342,753,292,461
122000343,127,167,-40
122000344,34,1,33
122000345,33,240,-207
122000346,49,17,32
122000348,308,385,-77
122000349,11,161,-150
122000351,98,136,-38
122000352,128,32,96
122000353,34,7,27
122000355,61,240,-179
122000356,95,469,-374
122000357,31,9,22
122000358,0,2,-2
122000359,0,1,-1
122000360,0,0,0
122000362,1,8,-7
122000364,216,109,107
122000365,0,6,-6
122000366,27,0,27
122000368,214,156,58
122000370,9,2,7
122000371,57,1,56
122000372,19,0,19
122000381,98,108,-10
122000382,19,211,-192
122000384,406,437,-31
122000385,54,0,54
122000386,54,648,-594
122000387,78,632,-554
122000388,438,283,155
122000389,44,275,-231
122000390,68,254,-186
122000391,14,343,-329
122000392,77,27,50
122000393,11,448,-437
122000394,278,188,90
122000395,59,23,36
122000396,89,18,71
122000397,11,21,-10
122000398,0,81,-81
122000399,57,35,22
122000400,3,226,-223
122000401,49,8,41
122000402,313,56,257
122000403,141,171,-30
122000404,257,53,204
122000408,110,420,-310
122000503,4,66,-62
122000524,14,34,-20
122000544,20,761,-741
122000616,67,0,67
122000640,57,20,37
122000641,43,101,-58
122000642,722,220,502
122000643,10,72,-62
122000644,20,10,10
122000645,18,54,-36
122000651,151,552,-401
122000664,79,36,43
122000665,204,174,30
122000666,109,192,-83
122000673,12,71,-59
122000674,336,142,194
122000675,1116,442,674
122000686,245,812,-567
122000687,1181,117,1064
122000688,198,168,30
122000689,762,113,649
122000690,2017,108,1909
122000691,635,248,387
122000692,758,67,691
122000693,270,419,-149
122000695,240,112,128
122000696,481,78,403
122000698,163,92,71
122000699,208,48,160
122000701,912,185,727
122000702,210,856,-646
122000703,50,25,25
122000717,4,51,-47
122000718,21,675,-654
122000719,9,45,-36
122000720,472,55,417
122900001,7,11,-4
122900002,294,3254,-2960
122900003,193,2,191
122900004,2300,94,2206
122900005,25,210,-185
122900006,47,1266,-1219
122900007,28,41,-13
122900008,57,295,-238
122900009,59,64,-5
122900010,156,70,86
122900012,159,149,10
122900014,24,41,-17
122900015,570,200,370
122900016,49,34,15
122900017,101,183,-82
122900018,19,1,18
122900019,1,65,-64
122900020,31,424,-393
122900021,29,152,-123
122900022,599,362,237
122900023,389,69,320
122900024,31,55,-24
122900025,1,34,-33
122900026,4,6,-2
122900027,2,311,-309
122900028,42,49,-7
122900029,2173,941,1232
122900030,330,45,285
122900031,13,207,-194
122900032,137,150,-13
122900033,41,70,-29
122900034,1037,1472,-435
122900035,5,2,3
122900036,42,9,33
122900037,70,61,9
122900038,24,862,-838
122900039,15,205,-190
122900040,151,277,-126
122900041,40,211,-171
122900042,90,95,-5
122900043,85,120,-35
122900044,44,240,-196
122900045,17,108,-91
122900046,66,174,-108
122900047,52,51,1
122900048,2,144,-142
122900049,1436,87,1349
122900051,8,112,-104
122900052,51,29,22
122900053,0,7,-7
122900055,110,25,85
122900057,126,2,124
122900061,185,4,181
122900062,193,342,-149
122900063,136,78,58
122900064,512,246,266
122900065,80,140,-60
122900066,229,61,168
122900067,234,74,160
122900068,3,22,-19
122900069,119,520,-401
122900070,167,13,154
122900071,20,69,-49
122900072,15,118,-103
122900073,13,25,-12
122900074,937,79,858
122900075,0,5,-5
122900076,0,38,-38
122900077,1,7,-6
122900078,212,21,191
122900080,7,15,-8
122900081,106,36,70
122900082,996,50,946
122900083,21,36,-15
122900084,1,30,-29
122900086,2,68,-66
122900087,188,504,-316
122900088,15,95,-80
122900089,0,184,-184
122900090,0,143,-143
122900091,253,4,249
122900092,0,47,-47
122900093,0,42,-42
122900094,0,41,-41
122900095,130,21,109
122900096,414,27,387
122900097,20,7,13
122900098,7,59,-52
122900099,63,33,30
122900100,8,481,-473
122900101,49,74,-25
123000001,378,260,118
123000002,1244,3331,-2087
123000003,2121,1535,586
123000004,1046,1723,-677
123000005,1811,1046,765
123000006,1008,1076,-68
123000007,1177,1096,81
123000008,851,1422,-571
123000009,2181,2022,159
123000010,1290,1831,-541
123000011,589,535,54
123000012,191,855,-664
123000013,1910,353,1557
123000014,214,1202,-988
123000015,1502,484,1018
123000016,1343,1465,-122
123000017,3373,1476,1897
123000018,88,47,41
123000019,385,11,374
123000020,265,10,255
123000021,164,196,-32
123000022,466,944,-478
123000023,1589,1290,299
123000024,703,449,254
123000025,5,41,-36
123000026,0,154,-154
123000027,3,416,-413
123000028,69,2556,-2487
123000029,64,1221,-1157
123000030,109,23,86
123000031,454,64,390
123000032,666,97,569
123000033,170,68,102
123000034,416,357,59
123000035,284,231,53
123000036,100,423,-323
123000037,86,82,4
123000038,90,133,-43
123000039,359,882,-523
123000040,411,95,316
123000041,153,418,-265
123000042,147,286,-139
123000043,743,5795,-5052
123000044,1942,890,1052
123000045,1615,708,907
123000046,84,362,-278
123000047,195,430,-235
123000048,62,1036,-974
123000049,2402,4006,-1604
123000050,912,663,249
123000051,9,86,-77
123000052,222,950,-728
123000053,806,1012,-206
123000054,720,1123,-403
123000055,1242,2415,-1173
123000056,330,378,-48
123000057,1683,2154,-471
123000058,172,635,-463
123000059,59,197,-138
123000060,475,196,279
123000061,69,274,-205
123000063,535,409,126
123000064,835,84,751
123000065,1622,1155,467
123000066,93,168,-75
123000067,307,200,107
123000068,605,502,103
123000069,1693,432,1261
123000070,34,156,-122
123000071,1042,341,701
123000072,477,205,272
123000073,1169,330,839
123000074,358,352,6
123000075,140,781,-641
123000076,358,132,226
123000077,705,539,166
123000078,1193,391,802
123000079,1379,495,884
123000080,1134,307,827
123000081,67,78,-11
123000082,70,462,-392
123000083,425,67,358
123000084,469,140,329
123000085,300,35,265
123000086,534,45,489
123000087,209,105,104
123000088,551,212,339
123000089,428,385,43
123000090,712,374,338
123000091,590,412,178
123000092,323,363,-40
123000094,463,58,405
123000095,491,230,261
123000096,449,88,361
123000097,376,265,111
123000098,284,166,118
123000099,262,175,87
123000100,123,482,-359
123000101,210,121,89
123000102,213,545,-332
123000104,89,164,-75
123000105,185,59,126
123000106,263,126,137
123000107,183,58,125
123000108,269,381,-112
123000111,489,49,440
123000112,677,144,533
123000113,192,189,3
123000114,197,275,-78
123000115,97,138,-41
123000116,33,34,-1
123000117,1122,487,635
123000118,226,170,56
123000119,104,148,-44
123000120,114,168,-54
123000121,241,218,23
123000122,137,65,72
123000123,279,149,130
123000124,149,81,68
123000125,683,444,239
123000126,452,1595,-1143
123000127,237,234,3
123000128,95,102,-7
123000129,711,56,655
123000130,479,8,471
123000131,1098,281,817
123000132,115,162,-47
123000133,85,32,53
123000134,192,15,177
123000135,1117,220,897
123000136,78,153,-75
123000137,39,70,-31
123000138,17,151,-134
123000139,376,36,340
123000140,22,150,-128
123000141,220,50,170
123000142,545,327,218
123000143,244,699,-455
123000144,1,50,-49
123000145,92,254,-162
123000146,30,121,-91
123000147,35,218,-183
123000149,111,176,-65
123000150,17,116,-99
123000151,55,215,-160
123000152,5,106,-101
123000153,14,615,-601
123000154,482,982,-500
123000155,765,729,36
123000156,17,9,8
123000157,241,346,-105
123000158,194,386,-192
123000159,662,1855,-1193
123000160,384,533,-149
123000161,671,556,115
123000162,701,941,-240
123000163,520,93,427
123000164,1303,71,1232
123000165,62,485,-423
123000166,12,53,-41
123000167,102,37,65
123000168,121,121,0
123000169,563,22,541
123000170,64,26,38
123000171,761,2,759
123000172,59,166,-107
123000173,363,70,293
123000174,420,209,211
123000175,105,228,-123
123000176,472,106,366
123000177,83,303,-220
123000178,639,115,524
123000179,2,306,-304
123000180,948,92,856
123000181,140,276,-136
123000182,174,50,124
123000183,51,185,-134
123000184,13,218,-205
123000185,617,183,434
123000186,22,136,-114
123000187,410,6,404
123000188,269,3,266
123000189,108,48,60
123000190,18,59,-41
123000192,0,76,-76
123000193,6,114,-108
123000194,94,68,26
123000195,214,4,210
123000196,301,8,293
123000197,46,56,-10
123000198,34,151,-117
123000199,30,123,-93
123000200,498,10,488
123000201,905,17,888
123000202,1,197,-196
123000203,625,9,616
123000204,55,317,-262
123000205,43,375,-332
123000206,1983,76,1907
123000207,46,255,-209
123000208,424,40,384
123000209,1076,191,885
123000210,79,309,-230
123000211,110,495,-385
123000212,2419,186,2233
123000213,238,38,200
123000215,20,77,-57
123000216,149,467,-318
123000217,69,30,39
123000218,46,150,-104
123000219,315,77,238
123000220,214,36,178
123000221,72,38,34
123000222,276,171,105
123000223,422,73,349
123000224,366,85,281
123000225,165,16,149
123000226,68,72,-4
123000227,49,48,1
123000228,258,29,229
123000229,228,212,16
123000232,10,108,-98
123000233,545,36,509
123000234,84,116,-32
123000235,790,152,638
123000236,128,176,-48
123000237,344,61,283
123000238,26,87,-61
123000239,135,175,-40
123000240,22,391,-369
123000241,141,23,118
123000242,237,68,169
123000243,276,376,-100
123000244,408,166,242
123000245,0,20,-20
123000249,138,269,-131
123000252,423,109,314
123000253,1021,254,767
123000254,325,199,126
123000255,313,227,86
123000256,3,42,-39
123000257,641,367,274
123000258,423,245,178
123000259,289,155,134
123000260,365,95,270
123000261,189,68,121
123000262,37,15,22
123000263,317,12,305
123000264,124,55,69
123000265,4,15,-11
123000266,186,153,33
123000267,541,135,406
123000268,8,13,-5
123000269,30,44,-14
123000270,11,19,-8
123000271,7,5,2
123000272,334,145,189
123000273,152,807,-655
123000274,759,262,497
123000275,62,191,-129
123000278,586,1254,-668
123000279,36,39,-3
123000280,160,144,16
123000281,107,45,62
123000282,17,118,-101
123000283,182,26,156
123000284,5,22,-17
123000286,54,179,-125
123000287,82,140,-58
123000288,422,803,-381
123000289,51,840,-789
123000291,51,215,-164
123000294,99,124,-25
123000295,475,970,-495
123000296,572,559,13
123000297,186,97,89
123000298,251,66,185
123000299,21,111,-90
123000300,587,235,352
123000301,57,184,-127
123000302,194,43,151
123000303,37,508,-471
123000305,238,278,-40
123000306,177,33,144
123000309,8,8,0
123000310,50,5,45
123000311,0,104,-104
123000312,117,176,-59
123000313,390,205,185
123000315,302,74,228
123000316,335,14,321
123000317,71,102,-31
123000318,1,125,-124
123000329,13,7,6
123000337,100,92,8
123000338,44,260,-216
123000339,297,30,267
123000340,8,96,-88
123000342,2,192,-190
123000343,62,3,59
123000344,285,124,161
123000345,101,194,-93
123000346,212,45,167
123000352,341,323,18
123000353,35,203,-168
123000354,379,9,370
123000355,0,692,-692
123000356,268,1,267
123000357,0,39,-39
123000359,0,18,-18
123000360,83,162,-79
123000361,569,70,499
123000362,292,29,263
123000363,127,22,105
123000364,236,154,82
123000365,3,101,-98
123000366,143,997,-854
123000367,89,143,-54
123000370,3,33,-30
123000371,452,6,446
123000372,152,9,143
123000373,0,29,-29
123000374,0,12,-12
123000375,241,33,208
123000376,518,354,164
123000377,520,2,518
123000378,2,104,-102
123000379,1,168,-167
123000380,0,50,-50
123000381,79,189,-110
123000382,511,92,419
123000383,16,178,-162
123000384,440,106,334
123000385,27,84,-57
123000436,111,690,-579
123000507,11,93,-82
123000508,40,771,-731
123000517,53,2,51
123000518,8,60,-52
123000519,47,20,27
123000520,8,34,-26
123000521,276,40,236
123000522,75,106,-31
123000541,13,3,10
123000542,0,0,0
123000565,441,10,431
123000566,202,188,14
123000567,157,132,25
123000573,3,29,-26
123000574,566,24,542
123000575,1772,40,1732
123000576,688,213,475
123000577,34,183,-149
123000578,254,93,161
123000579,483,2641,-2158
123000580,115,45,70
123000582,350,4,346
123000583,2,95,-93
123000584,71,75,-4
123000585,0,9,-9
123000586,66,1,65
123000596,27,11,16
123000597,58,74,-16
123000602,85,21,64
123000603,1016,108,908
123000604,308,54,254
123000605,399,163,236
123000606,0,98,-98
123000609,18,129,-111
123000610,14,18,-4
123000613,10,42,-32
123000614,251,37,214
123000615,14,31,-17
123000616,679,24,655
123000617,26,97,-71
123000618,1,202,-201
123000619,281,12,269
123000620,0,119,-119
123000622,484,5,479
123000624,173,14,159
123000630,1105,254,851
123000631,14,194,-180
123000632,210,205,5
123000633,0,158,-158
123000634,6,115,-109
123000635,6,46,-40
123000636,10,145,-135
123000637,48,44,4
123000638,212,15,197
123000639,618,3252,-2634
123000640,8,127,-119
123900001,627,25,602
123900002,18,576,-558
123900003,22,270,-248
123900005,117,145,-28
123900006,236,63,173
124000001,1181,108,1073
124000002,4,273,-269
124000003,931,136,795
124000004,6,78,-72
124000005,778,942,-164
124000006,43,127,-84
124000007,402,70,332
124000008,40,351,-311
124000009,524,280,244
124000010,110,379,-269
124000011,637,295,342
124000012,107,601,-494
124000017,130,63,67
124000018,4,2,2
124000019,128,20,108
124000020,4,3,1
124000021,89,17,72
124000022,14,9,5
124000023,593,789,-196
124000024,496,149,347
124000025,509,851,-342
124000026,593,795,-202
124000027,1856,1220,636
124000028,948,3241,-2293
124000030,686,327,359
124000031,627,5002,-4375
124000032,397,227,170
124000033,141,258,-117
124000034,655,551,104
124000035,5,142,-137
124000036,7,276,-269
124000037,55,349,-294
124000038,0,17,-17
124000039,120,107,13
124000040,50,299,-249
124000041,404,52,352
124000042,144,70,74
124000043,63,28,35
124000044,13,36,-23
124000045,622,60,562
124000046,98,302,-204
124000047,1367,160,1207
124000048,348,190,158
124000049,1209,129,1080
124000050,341,338,3
124000051,924,91,833
124000052,330,295,35
124000053,412,1130,-718
124000054,344,67,277
124000055,575,1987,-1412
124000056,767,165,602
124000057,766,151,615
124000058,247,234,13
124000059,569,551,18
124000060,187,200,-13
124000061,574,2896,-2322
124000062,827,485,342
124000063,683,399,284
124000064,683,433,250
124000065,32,200,-168
124000066,896,120,776
124000067,120,503,-383
124000068,0,0,0
124000069,146,88,58
124000070,0,0,0
124000071,57,52,5
124000072,43,89,-46
124000073,433,39,394
124000074,48,63,-15
124000075,362,24,338
124000076,0,0,0
124000077,139,509,-370
124000078,469,362,107
124000079,41,516,-475
124000080,561,51,510
124000081,64,33,31
124000082,33,81,-48
124000083,9,14,-5
124000084,11,329,-318
124000085,19,12,7
124000086,20,198,-178
124000087,29,54,-25
124000088,90,95,-5
124000089,279,78,201
124000090,32,143,-111
124000091,275,21,254
124000092,78,148,-70
124000093,75,131,-56
124000094,71,173,-102
124000095,101,29,72
124000096,105,46,59
124000097,111,44,67
124000098,61,70,-9
124000099,39,28,11
124000100,44,30,14
124000101,109,72,37
124000102,44,14,30
124000103,114,63,51
124000104,74,67,7
124000105,117,50,67
124000106,22,28,-6
124000107,15,150,-135
124000108,9,6,3
124000109,94,23,71
124000110,36,39,-3
124000111,122,54,68
124000112,433,233,200
124000113,110,62,48
124000114,288,230,58
124000115,162,420,-258
124000116,49,71,-22
124000117,11,15,-4
124000118,11,22,-11
124000119,332,205,127
124000120,258,125,133
124000121,442,376,66
124000122,139,837,-698
124000123,288,90,198
124000124,253,177,76
124000125,265,128,137
124000126,127,83,44
124000127,761,109,652
124000128,375,205,170
124000129,729,463,266
124000130,111,126,-15
124000131,367,275,92
124000132,155,214,-59
124000133,610,307,303
124000134,245,148,97
124000135,822,814,8
124000136,109,244,-135
124000137,272,241,31
124000138,260,368,-108
124000139,120,22,98
124000140,3,220,-217
124000141,16,72,-56
124000142,5,750,-745
124000143,43,10,33
124000144,1,159,-158
124000145,124,33,91
124000146,17,45,-28
124000148,15,65,-50
124000149,543,116,427
124000150,175,201,-26
124000151,573,184,389
124000152,194,317,-123
124000153,636,423,213
124000154,506,247,259
124000155,372,214,158
124000156,310,317,-7
124000169,50,227,-177
124000170,191,149,42
124000171,178,120,58
124000172,63,144,-81
124000173,338,79,259
124000174,269,175,94
124000175,0,0,0
124000176,40,12,28
124000177,0,0,0
124000178,11,67,-56
124000190,9,26,-17
124000191,12,83,-71
124000192,527,390,137
124000193,45,1199,-1154
124000194,85,155,-70
124000195,196,216,-20
124000196,224,306,-82
124000197,30,8,22
124000198,40,20,20
124000201,25,177,-152
124000202,378,34,344
124000203,464,79,385
124000204,1028,40,988
124000205,114,22,92
124000206,919,156,763
124000207,0,15,-15
124000209,108,16,92
124000210,861,136,725
124000211,884,7,877
124000212,0,69,-69
124000213,504,58,446
124000214,433,32,401
124000215,524,7,517
124000216,2,142,-140
124000329,14,257,-243
124000338,2,168,-166
124000339,1615,11,1604
124000341,1567,17,1550
124000344,76,32,44
124000357,687,1362,-675
124000358,530,1148,-618
124000359,907,344,563
124000360,953,294,659
124000361,1125,802,323
124000362,743,1519,-776
124000363,188,125,63
124000364,256,406,-150
124000365,208,458,-250
124000366,862,477,385
124000367,19,73,-54
124000368,108,579,-471
124000369,52,68,-16
124000370,6,563,-557
124000402,6,6,0
124000403,126,33,93
124000404,3,20,-17
124000405,391,143,248
124000406,233,106,127
124000407,6,5,1
124000411,4,112,-108
124000412,308,1,307
124000413,7,75,-68
124000414,78,28,50
124000415,47,43,4
124000416,123,92,31
124000417,155,35,120
124000418,171,10,161
124000419,100,18,82
124000420,82,9,73
124000421,58,26,32
124000422,11,24,-13
124000423,74,17,57
124000424,1,84,-83
124000425,3,26,-23
124000426,5,254,-249
124000427,18,0,18
124000428,0,136,-136
124000429,93,22,71
124000430,311,147,164
124000431,118,83,35
124000432,132,433,-301
124000439,10,13,-3
124000442,0,0,0
124000443,0,0,0
124000445,4,433,-429
124000446,155,62,93
124900001,433,49,384
124900002,69,27,42
124900003,458,44,414
124900004,443,49,394
124900005,136,20,116
124900006,347,43,304
124900008,115,123,-8
124900009,7,494,-487
124900010,195,82,113
124900011,711,99,612
124900012,204,60,144
124900013,286,51,235
124900014,153,30,123
124900015,89,317,-228
124900016,65,95,-30
124900017,984,2196,-1212
124900018,99,1,98
124900019,216,4,212
124900020,145,22,123
124900021,215,66,149
124900022,56,2,54
124900024,312,0,312
124900026,39,12,27
124900027,55,65,-10
124900028,113,12,101
124900029,18,229,-211
124900030,0,8,-8
124900031,33,109,-76
124900032,47,26,21
124900033,18,40,-22
124900034,15,50,-35
124900035,13,51,-38
124900036,0,35,-35
124900037,25,32,-7
124900038,58,63,-5
124900039,0,16,-16
124900040,30,19,11
124900041,134,92,42
124900042,1,0,1
124900043,142,75,67
124900044,25,0,25
124900045,182,229,-47
124900046,179,83,96
124900047,8,35,-27
124900048,133,29,104
124900050,95,31,64
124900052,15,78,-63
124900053,52,51,1
124900054,318,102,216
124900055,0,10,-10
124900057,0,1,-1
124900060,0,31,-31
124900061,87,0,87
124900062,143,6,137
124900066,0,0,0
124900067,1,0,1
124900068,104,551,-447
124900069,1,16,-15
124900070,3,2,1
124900072,179,16,163
124900074,246,1017,-771
124900075,155,54,101
124900076,10,472,-462
124900077,6,29,-23
124900078,66,0,66
124900079,84,62,22
124900080,131,52,79
124900081,682,35,647
124900082,121,85,36
124900083,127,80,47
124900084,345,19,326
124900085,145,125,20
124900086,18,272,-254
124900087,40,17,23
124900088,26,24,2
124900089,99,3,96
124900090,342,49,293
124900091,98,70,28
124900092,65,47,18
124900093,380,54,326
124900094,520,71,449
124900095,52,393,-341
124900096,156,148,8
124900097,346,17,329
124900098,21,101,-80
124900099,94,154,-60
124900100,145,9,136
124900101,47,31,16
124900102,207,6,201
124900103,23,28,-5
124900104,15,32,-17
124900105,21,11,10
124900106,191,14,177
124900107,111,4,107
124900108,34,30,4
124900109,11,115,-104
124900110,220,83,137
124900111,0,0,0
124900112,80,99,-19
129000186,69,163,-94
204000001,22,18,4
204000002,5,2,3
204000003,27,0,27
204000004,2,2,0
204000005,263,124,139
204000006,743,647,96
204000008,350,100,250
204000011,0,0,0
204000012,1,1,0
204000013,0,2,-2
204000019,772,184,588
204000020,448,92,356
204000021,406,442,-36
204000022,891,433,458
204000023,124,287,-163
204000031,0,11,-11
204000032,152,68,84
204000034,5,28,-23
204000035,0,0,0
204000036,0,1,-1
204000037,0,16,-16
204000038,0,5,-5
204000039,2,31,-29
204000040,18,29,-11
204000041,12,15,-3
204000042,10,15,-5
204000043,6,5,1
204000044,33,1,32
204000045,62,2,60
204000046,34,2,32
204000057,2,38,-36
204000062,0,36,-36
204000068,2,52,-50
204000069,0,61,-61
204000070,83,13,70
204000080,13,4,9
204000085,356,267,89
204000086,358,442,-84
204000087,20,3,17
204000088,0,0,0
204000090,0,21,-21
204000093,359,24,335
204000096,763,206,557
204000097,441,4,437
204000099,592,984,-392
204000100,1189,394,795
204000105,309,168,141
204000110,79,289,-210
204000111,143,198,-55
204000112,79,142,-63
204000113,98,113,-15
204000114,559,595,-36
204000115,434,137,297
204000116,235,91,144
204000119,1614,519,1095
204000132,387,305,82
204000133,391,80,311
204000134,89,41,48
204000135,370,40,330
204000136,356,104,252
204000138,171,369,-198
204000140,205,76,129
204000141,107,24,83
204000144,0,23,-23
204000145,259,4,255
204000146,0,6,-6
204000147,4,57,-53
204000148,61,37,24
204000154,12,0,12
204000155,0,2,-2
204000177,52,7,45
204000179,7,3,4
204000180,0,5,-5
204000222,22,32,-10
204000235,15,14,1
204000236,21,13,8
204000238,15,14,1
204000240,135,17,118
204000308,28,0,28
204000317,2,20,-18
204000322,11,10,1
204000323,2,2,0
204000328,190,11,179
204000329,25,45,-20
204000330,86,72,14
204000331,1,1,0
204010341,3,78,-75
205000001,90,173,-83
205000013,2,7,-5
205000014,10,7,3
205000015,10,13,-3
205000016,9,22,-13
205000017,7,7,0
205000022,55,111,-56
205000025,166,93,73
205000029,456,6,450
205000045,68,47,21
205000047,45,31,14
205000048,101,36,65
205000049,29,35,-6
205000050,49,21,28
205000059,0,35,-35
205000060,0,20,-20
205000061,0,69,-69
205000062,0,50,-50
205000063,7,119,-112
205000064,5,34,-29
205000065,16,183,-167
205000066,49,69,-20
205000067,38,123,-85
205000069,96,11,85
205000082,32,83,-51
205000110,2,15,-13
205000111,32,20,12
205000112,49,77,-28
205000113,26,34,-8
205000121,93,64,29
205000123,14,13,1
205000126,313,70,243
205000127,297,61,236
205000128,233,61,172
205000129,373,67,306
205000130,194,13,181
205000131,19,34,-15
205000132,32,10,22
205000133,300,3,297
205000134,190,2,188
205000137,11,7,4
205000138,5,19,-14
205000139,10,10,0
205000144,18,24,-6
205000145,92,19,73
205000151,53,47,6
205000152,51,29,22
205000153,140,46,94
205000154,33,35,-2
205000155,23,24,-1
205000207,0,0,0
205000233,7,0,7
205000234,0,0,0
205000243,0,3,-3
205000244,0,4,-4
205000245,0,15,-15
205000249,0,12,-12
205000250,0,2,-2
205000251,38,29,9
205000264,0,9,-9
206000027,1,7,-6
206000028,0,13,-13
206000043,2,15,-13
206000053,0,0,0
206000054,2,4,-2
206000055,0,2,-2
206000075,5,20,-15
206000076,9,0,9
206000077,54,3,51
206000078,9,0,9
206000079,15,3,12
206000082,219,93,126
206000100,3,125,-122
206000103,0,0,0
206000104,0,0,0
206000105,0,0,0
206000106,0,0,0
206000108,470,41,429
206000125,162,0,162
206000157,0,66,-66
206000170,0,88,-88
206000171,8,71,-63
206000172,13,89,-76
206000173,0,50,-50
206000174,8,20,-12
206000175,0,20,-20
206000176,12,33,-21
206000177,0,18,-18
206000178,1,56,-55
206000179,1,16,-15
206000180,3,31,-28
206000181,0,35,-35
206000182,5,21,-16
206000183,8,71,-63
206000184,0,21,-21
206000185,0,21,-21
206000186,8,146,-138
206000223,0,37,-37
206000226,27,0,27
206000227,23,1,22
206000237,17,46,-29
206000238,4,101,-97
206000239,50,382,-332
206000240,0,0,0
206000241,0,62,-62
206000242,2,31,-29
206000243,2,20,-18
206000244,6,54,-48
206000245,1892,20,1872
206000246,593,5,588
206000247,793,6,787
206000248,693,9,684
206000252,21,49,-28
206000258,0,0,0
206000315,27,0,27
206000317,551,151,400
206000318,658,89,569
206000319,3028,42,2986
206000320,1061,27,1034
206000321,1143,7,1136
206000322,1423,10,1413
206000323,457,3,454
206000324,463,0,463
206000325,322,7,315
206000326,400,16,384
206000327,17,2,15
206000328,312,2,310
206000329,793,5,788
206000330,112,8,104
206000331,329,3,326
206000332,54,2,52
206000333,1455,1,1454
206000334,739,0,739
206000335,0,12,-12
206000361,0,12,-12
206000392,0,6,-6
206000405,168,0,168
206000441,119,29,90
206000498,31,4,27
206000515,46,37,9
206000530,469,39,430
206000531,245,158,87
206000532,694,105,589
206000535,36,488,-452
206000536,13,30,-17
206000537,1,45,-44
206000613,1108,282,826
207000001,25,135,-110
207000002,28,73,-45
207000003,19,57,-38
207000007,1391,92,1299
207000008,313,0,313
207000009,36,4,32
207000010,49,115,-66
207000012,432,59,373
207000015,38,218,-180
207000019,202,14,188
207000021,248,138,110
207000022,133,102,31
207000023,216,43,173
207000024,3,11,-8
207000025,13,24,-11
207000026,0,0,0
207000027,0,0,0
207000028,2,40,-38
207000029,3,91,-88
207000033,152,133,19
207000034,164,43,121
207000039,651,25,626
207000040,655,11,644
207000041,139,10,129
207000042,446,8,438
207000043,178,66,112
207000051,5,9,-4
207000052,1,12,-11
207000053,84,144,-60
207000054,6,46,-40
207000055,28,24,4
207000056,83,147,-64
207000057,40,73,-33
207000058,39,99,-60
207000059,32,89,-57
207000060,9,127,-118
207000061,36,718,-682
207000062,379,15,364
207000063,452,31,421
207000064,367,51,316
207000065,236,63,173
207000066,372,65,307
207000067,78,23,55
207000068,129,19,110
207000069,518,122,396
207000082,5,54,-49
207000083,11,134,-123
207000084,431,86,345
207000085,313,38,275
207000086,573,7,566
207000106,74,10,64
207000107,141,5,136
207000108,172,5,167
207000109,99,2,97
207000110,34,1,33
207000111,62,4,58
207000112,42,198,-156
207000114,0,0,0
207000115,0,1,-1
207000116,0,4,-4
207000117,0,0,0
207000118,0,1,-1
207000119,0,0,0
207000123,213,0,213
207000124,142,0,142
207000125,41,2,39
207000126,68,2,66
207000134,204,54,150
207000135,40,77,-37
207000148,37,185,-148
207000149,0,0,0
207000152,1,152,-151
207000153,44,279,-235
207000154,153,62,91
207000159,2,11,-9
207000160,8,27,-19
207000238,0,0,0
207000242,0,0,0
207000248,0,0,0
207000249,0,0,0
207000250,0,0,0
207000251,0,0,0
207000252,0,0,0
207000278,100,44,56
207000279,1,16,-15
207000280,918,17,901
207000281,28,213,-185
207000282,35,409,-374
207000283,14,76,-62
207000284,38,1151,-1113
207000285,30,66,-36
207000291,0,0,0
207000304,32,14,18
207000306,3,192,-189
207000310,182,56,126
207000353,58,0,58
207000356,0,16,-16
207000357,0,25,-25
207000415,0,0,0
207000417,5,1,4
207000437,0,0,0
207000439,176,110,66
207000446,49,3,46
207000460,82,7,75
207000466,2,2,0
207000467,0,1,-1
207000468,0,1,-1
207000476,1,27,-26
207000477,203,37,166
207000523,0,0,0
207000524,34,3,31
207000527,154,45,109
207000530,198,0,198
207000531,106,3,103
207000532,32,12,20
207000534,59,14,45
207000535,0,0,0
207000537,0,0,0
207000540,0,0,0
207000541,0,0,0
207000548,0,0,0
207000549,101,1,100
207000561,92,67,25
207000562,0,0,0
207000567,13,105,-92
207000568,181,10,171
207000569,662,84,578
207000584,0,0,0
207000585,14,52,-38
207000616,0,31,-31
207000617,148,0,148
207000628,0,1,-1
207900008,677,49,628
208000001,259,445,-186
208000002,397,401,-4
208000003,418,226,192
208000004,443,315,128
208000005,0,0,0
208000019,694,223,471
208000020,190,125,65
208000021,99,140,-41
208000022,299,150,149
208000028,241,758,-517
208000033,148,68,80
208000034,146,436,-290
208000040,166,37,129
208000041,465,194,271
208000042,676,246,430
208000047,62,49,13
208000064,994,727,267
208000066,625,430,195
208000070,447,243,204
208000071,488,150,338
208000072,562,256,306
208000080,147,156,-9
208000081,227,42,185
208000082,67,46,21
208000083,85,49,36
208000084,4,43,-39
208000085,164,94,70
208000086,155,171,-16
208000087,158,202,-44
208000089,396,83,313
208000090,269,177,92
208000093,2,46,-44
208000094,96,135,-39
208000095,423,230,193
208000104,978,196,782
208000105,492,332,160
208000114,44,242,-198
208000115,298,188,110
208000116,845,876,-31
208000117,3,36,-33
208000118,103,126,-23
208000155,263,281,-18
208000158,475,964,-489
208000186,397,861,-464
208000204,367,400,-33
208000205,564,322,242
208000282,388,330,58
209000004,491,104,387
209000005,85,32,53
209000006,298,99,199
209000007,178,269,-91
209000010,0,0,0
209000011,0,0,0
209000012,6,24,-18
209000013,22,21,1
209000014,12,48,-36
209000025,501,27,474
209000026,1034,73,961
209000027,33,16,17
209000028,18,30,-12
209000029,57,29,28
209000030,32,45,-13
209000031,204,160,44
209000034,100,140,-40
209000035,175,73,102
209000036,289,46,243
209000037,467,69,398
209000038,223,24,199
209000039,73,47,26
209000040,230,178,52
209000041,125,152,-27
209000042,118,71,47
209000043,240,171,69
209000044,285,223,62
209000045,284,107,177
209000046,338,114,224
209000047,186,52,134
209000048,314,340,-26
209000049,20,11,9
209000050,65,10,55
209000051,63,14,49
209000052,30,16,14
209000062,0,0,0
209000063,0,0,0
209000064,0,0,0
209000065,251,21,230
209000066,161,20,141
209000067,175,17,158
209000080,0,17,-17
209000082,89,24,65
209000091,0,0,0
209000093,0,0,0
209000094,0,0,0
209000110,32,57,-25
209000111,279,1458,-1179
209000112,1177,294,883
209000113,1717,267,1450
209000114,849,266,583
209000115,3,11,-8
209000116,39,44,-5
209000118,3,54,-51
209000119,0,0,0
209000121,6,50,-44
209000135,52,52,0
209000142,321,1437,-1116
209000143,0,0,0
209000144,31,120,-89
209000229,104,35,69
209000240,4,12,-8
209000259,2,10,-8
209000260,11,202,-191
209000261,1,229,-228
209000262,0,164,-164
209000263,0,31,-31
209000264,0,18,-18
209000265,175,21,154
209000266,52,0,52
209000267,922,2,920
209000268,159,76,83
210000037,139,19,120
210000047,47,9,38
210000048,81,14,67
210000049,63,10,53
210000052,13,8,5
210000053,4,3,1
210000054,9,10,-1
210000070,105,6,99
210000071,76,3,73
210000072,35,0,35
210000073,0,0,0
210000074,0,0,0
210000075,0,0,0
210000076,0,5,-5
210000077,1,32,-31
210000078,1,32,-31
210000079,5,20,-15
210000080,113,149,-36
210000081,109,1,108
210000082,12,0,12
210000083,29,0,29
210000084,62,0,62
210000085,0,2,-2
210000086,0,0,0
210000099,1,8,-7
210000100,4,8,-4
210000101,2,5,-3
210000105,2,22,-20
210000159,0,4,-4
210000163,12,13,-1
210000164,264,84,180
210000168,140,13,127
210000187,0,0,0
210000188,0,0,0
210000214,10,0,10
210000219,140,42,98
210000220,134,21,113
210000232,0,1,-1
210000233,2,2,0
210000234,2,0,2
210000235,7,2,5
210000245,0,0,0
210000246,7,0,7
210000258,0,8,-8
210000259,161,14,147
210000282,0,4,-4
210000285,0,1,-1
210000286,1,5,-4
210000295,14,15,-1
210000296,10,6,4
210000320,173,9,164
210000321,116,7,109
210000338,10,7,3
210000339,5,34,-29
210000340,3,11,-8
210000341,21,21,0
210000342,50,5,45
210000343,28,30,-2
210000344,15,11,4
210000345,7,32,-25
210000346,4,12,-8
210000347,6,7,-1
210000348,17,20,-3
210000349,5,5,0
210000350,25,13,12
210000351,24,8,16
210000352,38,14,24
210000353,31,28,3
210000354,26,26,0
210000355,37,71,-34
210000356,34,69,-35
210000357,15,70,-55
210000358,116,154,-38
210000359,83,87,-4
210000360,130,104,26
210000361,185,69,116
210000362,295,86,209
210000363,447,112,335
210000364,160,57,103
210000365,138,23,115
210000366,214,22,192
210000367,72,9,63
210000368,120,44,76
210000369,28,38,-10
210000370,80,26,54
210000372,33,7,26
210000373,14,17,-3
210000374,73,28,45
210000375,37,27,10
210000376,22,73,-51
210000404,0,5,-5
210000439,50,16,34
210000472,23,3,20
210000482,103,43,60
210000564,210,87,123
210000568,173,0,173
211000092,52,24,28
211000094,33,8,25
211000169,192,7,185
211000172,11,185,-174
211000209,0,28,-28
211000275,35,6,29
211000276,108,22,86
211000279,12,8,4
211000281,53,4,49
211507980,1,19,-18
211977296,15,1,14
212000003,167,44,123
212000004,2,22,-20
212000005,0,61,-61
212000006,7,32,-25
212000008,32,47,-15
212000009,4,20,-16
212000012,19,16,3
212000013,2,3,-1
212000014,38,24,14
212000015,44,34,10
212000016,93,100,-7
212000027,414,195,219
212000028,313,194,119
212000029,147,157,-10
212000030,24,28,-4
212000031,26,22,4
212000048,1,57,-56
212000049,4,54,-50
212000050,9,1,8
212000051,85,24,61
212000052,57,20,37
212000053,39,51,-12
212000054,436,25,411
212000055,508,50,458
212000056,22,19,3
212000057,11,26,-15
212000058,111,36,75
212000070,69,27,42
212000077,47,74,-27
212000099,348,60,288
212000108,220,156,64
212000111,291,22,269
212000120,18,51,-33
212000138,35,9,26
212000156,0,16,-16
212000158,2,55,-53
212000159,438,23,415
212000160,532,62,470
212000161,137,4,133
212000310,19,8,11
212000311,15,43,-28
212000374,1,4,-3
213000001,9,264,-255
213000005,397,9,388
213000006,578,67,511
213000007,34,10,24
213000009,113,87,26
213000010,243,38,205
213000011,90,46,44
213000012,106,123,-17
213000014,49,12,37
213000015,158,3,155
213000016,186,1,185
213000017,30,6,24
213000018,0,8,-8
213000019,0,25,-25
213000020,77,65,12
213000021,0,25,-25
213000023,244,121,123
213000033,146,402,-256
213000034,300,121,179
213000035,115,219,-104
213000045,81,102,-21
213000046,37,54,-17
213000047,79,442,-363
213000056,76,1,75
213000069,43,0,43
213000073,0,44,-44
213000074,63,147,-84
213000075,423,1,422
213000085,0,5,-5
213000086,0,22,-22
213000091,225,10,215
213000092,9,2,7
213000099,76,477,-401
213000100,325,114,211
213000101,405,52,353
213000102,405,98,307
213000103,226,135,91
213000104,18,159,-141
213000105,45,556,-511
213000106,15,64,-49
213000107,80,160,-80
213000108,5,138,-133
213000109,7,114,-107
213000110,3,40,-37
213000111,0,75,-75
213000112,20,224,-204
213000115,40,0,40
213000116,4,107,-103
213000117,0,98,-98
213000118,815,177,638
213000119,5,178,-173
213000120,13,89,-76
213000122,58,210,-152
213000123,34,242,-208
213000124,59,319,-260
213000125,150,23,127
213000126,12,31,-19
213000127,6,55,-49
213000128,39,228,-189
213000129,214,740,-526
213000130,873,289,584
213000132,682,71,611
213000133,575,44,531
213000134,579,28,551
213000136,438,4,434
213000137,454,21,433
213000139,113,12,101
213000147,4,5,-1
213000148,17,12,5
213000149,4,4,0
213000150,0,132,-132
213000151,3,114,-111
213000152,0,90,-90
213000153,1,72,-71
213000154,25,128,-103
213000155,39,115,-76
213000156,80,188,-108
213000157,530,128,402
213000158,357,281,76
213000159,692,144,548
213000163,1506,120,1386
213000165,486,129,357
213000171,0,4,-4
213000172,0,7,-7
213000173,0,10,-10
213000174,0,12,-12
213000175,0,26,-26
213000176,264,23,241
213000177,340,6,334
213000178,319,2,317
213000179,288,0,288
213000180,374,0,374
213000184,26,126,-100
213000188,769,49,720
213000189,583,12,571
213000190,494,101,393
213000191,608,58,550
213000192,153,55,98
213000193,163,80,83
213000194,0,74,-74
213000195,22,139,-117
213000196,165,580,-415
213000197,360,255,105
213000198,15,0,15
213000200,81,188,-107
213000201,5,33,-28
213000202,9,141,-132
213000203,716,189,527
213000204,681,9,672
213000205,387,15,372
213000206,242,0,242
213000207,13,1,12
213000208,20,0,20
213000209,46,0,46
213000210,86,0,86
213000211,0,3,-3
213000212,0,31,-31
213000213,2,10,-8
213000218,263,293,-30
213000219,753,17,736
213000220,769,4,765
213000223,90,81,9
213000224,7,61,-54
213000225,19,10,9
213000226,12,10,2
213000227,879,56,823
213000228,452,17,435
213000229,85,16,69
213000230,332,12,320
213000232,21,525,-504
213000233,4,66,-62
213000234,0,3,-3
213000293,1,75,-74
213000294,63,5,58
213000295,0,42,-42
213000296,78,32,46
213000297,9,14,-5
213000298,2,41,-39
213000299,16,28,-12
213000300,0,18,-18
213000303,0,8,-8
213000304,0,8,-8
213000305,1,18,-17
213000306,11,31,-20
213000307,51,67,-16
213000308,31,69,-38
213000309,136,18,118
213000310,106,53,53
213000311,25,299,-274
213000315,28,34,-6
213000316,246,23,223
213000322,77,28,49
213000323,135,20,115
213000324,158,18,140
213000325,106,25,81
213000326,135,20,115
213000327,133,31,102
213000328,95,48,47
213000329,77,10,67
213000340,21,172,-151
213000341,768,17,751
213000347,164,325,-161
213000348,1,27,-26
213000349,0,4,-4
213000350,156,291,-135
213000366,9,101,-92
213000367,223,4,219
213000379,14,35,-21
213000386,9,265,-256
213000406,78,132,-54
213000417,1138,244,894
213000425,250,26,224
213000426,165,11,154
213000427,63,29,34
213000428,27,12,15
213000429,2,5,-3
213000430,18,61,-43
213000431,6,6,0
213000432,1,284,-283
213000433,21,21,0
213000434,126,40,86
213000435,84,12,72
213000436,64,18,46
213000437,1,31,-30
213000438,51,48,3
213000439,31,16,15
213000440,9,86,-77
213000441,0,9,-9
213000442,1,6,-5
213000443,293,363,-70
213000444,22,17,5
213000445,0,57,-57
213000446,0,288,-288
213000447,1,96,-95
213000448,25,30,-5
213000449,600,1,599
213000450,17,6,11
213000451,282,34,248
213000452,2,4,-2
213000453,3,34,-31
213000455,28,1,27
213000456,0,140,-140
213000481,1,0,1
213000484,30,1,29
213000489,36,16,20
213900002,0,216,-216
213900003,27,1,26
213900013,0,31,-31
213900015,0,1,-1
213900016,3,3,0
213900020,5,51,-46
213900030,0,35,-35
213900032,37,35,2
213900033,140,4,136
213900034,566,16,550
213900035,75,146,-71
213900036,46,54,-8
213900037,14,155,-141
213900038,362,60,302
213900039,0,8,-8
213900041,2,147,-145
213900042,56,241,-185
213900043,284,36,248
213900244,73,0,73
213900245,0,5,-5
218000003,11,3,8
218000004,11,1,10
218000005,0,38,-38
218000006,41,32,9
218000007,11,4,7
218000012,38,93,-55
218000013,55,33,22
218000014,73,88,-15
218000019,251,161,90
218000020,127,147,-20
218000021,12,4,8
218000022,10,3,7
218000023,0,12,-12
218000024,0,2,-2
218000025,1,9,-8
218000026,15,7,8
218000027,1,3,-2
218000028,1,4,-3
218000029,1,1,0
218000030,1,8,-7
218000031,3,2,1
218000032,0,1,-1
218000039,62,9,53
218000040,5,1,4
218000046,94,73,21
218000047,0,77,-77
218000048,102,100,2
218000049,59,80,-21
218000050,200,105,95
218000051,68,100,-32
218000052,0,37,-37
218000053,0,4,-4
218000054,12,8,4
218000055,1,32,-31
218000056,14,27,-13
218000057,9,34,-25
218000064,0,1,-1
218000065,63,8,55
218000066,5,38,-33
218000067,121,43,78
218000068,69,72,-3
218000069,330,37,293
218000070,163,103,60
218000071,174,82,92
218000072,73,78,-5
218000078,464,192,272
218000079,335,32,303
218000080,198,15,183
218000081,654,48,606
218000082,157,26,131
218000083,25,17,8
218000084,56,49,7
218000085,67,55,12
218000086,31,32,-1
218000087,76,56,20
218000090,7,72,-65
218000091,717,194,523
218000092,142,33,109
218000093,22,33,-11
218000094,55,26,29
218000099,82,147,-65
218000100,101,52,49
218000101,115,49,66
218000102,198,47,151
218000103,38,43,-5
218000104,61,14,47
218000105,30,12,18
218000106,7,2,5
218000107,78,17,61
218000108,0,42,-42
218000112,143,30,113
218000117,84,69,15
218000134,209,196,13
218000135,3,56,-53
218000136,108,113,-5
218000137,56,35,21
218000138,23,33,-10
218000139,100,128,-28
218000140,237,97,140
218000141,64,28,36
218000142,75,26,49
218000143,20,70,-50
218000144,15,116,-101
218000145,460,192,268
218000146,77,45,32
218000151,2,28,-26
218000152,36,29,7
218000153,4,8,-4
218000154,9,2,7
218000155,53,1,52
218000156,107,7,100
218000157,51,5,46
218000158,12,1,11
218000159,4,1,3
218000160,4,1,3
218000161,55,0,55
218000162,74,1,73
218000163,66,3,63
218000164,122,2,120
218000165,145,14,131
218000170,1,31,-30
218000171,64,18,46
218000172,5,12,-7
218000173,8,2,6
218000174,5,0,5
218000176,286,8,278
218000177,363,26,337
218000178,89,29,60
218000179,217,68,149
218000180,101,13,88
218000181,266,13,253
218000187,7,3,4
218000188,7,7,0
218000189,5,28,-23
218000190,21,5,16
218000191,13,0,13
218000192,69,34,35
218000193,119,86,33
218000194,61,113,-52
218000195,134,59,75
218000196,238,131,107
218000197,579,126,453
218000198,63,9,54
218000199,22,3,19
218000200,37,3,34
218000201,1,1,0
218000202,22,149,-127
218000207,3,5,-2
218000208,6,42,-36
218000211,14,6,8
218000212,0,1,-1
218000213,166,159,7
218000214,1,67,-66
218000215,48,83,-35
218000217,1,30,-29
218000218,219,87,132
218000219,1,24,-23
218000220,58,294,-236
218000221,521,244,277
218000222,0,37,-37
218000223,37,372,-335
218000224,6,181,-175
218000225,134,16,118
218000226,341,39,302
218000230,0,5,-5
218000232,78,19,59
218000234,3,5,-2
218000239,57,1,56
218000240,1,0,1
218000241,2,0,2
218000242,0,0,0
218000243,0,0,0
218000244,23,0,23
218000245,5,1,4
218000246,0,1,-1
218000247,0,1,-1
218000248,0,4,-4
218000249,0,1,-1
218000250,0,3,-3
218000251,1,5,-4
218000252,1,19,-18
218000253,0,5,-5
218000254,0,2,-2
218000255,0,2,-2
218000256,10,7,3
218000267,55,77,-22
218000268,1,10,-9
218000269,1,11,-10
218000270,10,1,9
218000271,9,8,1
218000273,60,8,52
218000274,9,0,9
218000275,34,51,-17
218000276,20,13,7
218000278,18,11,7
218000279,67,24,43
218000280,0,8,-8
218000281,2,3,-1
218000282,194,168,26
218000284,39,2,37
218000301,32,93,-61
218000302,51,25,26
218000303,8,29,-21
218000316,1124,293,831
218000317,1980,177,1803
218000318,964,123,841
218000319,420,195,225
218000320,279,132,147
218000338,33,10,23
218000339,1,3,-2
218000342,39,20,19
218000343,18,6,12
218000345,9,9,0
218000346,7,74,-67
218000353,11,4,7
218000354,57,6,51
218000459,39,155,-116
218000490,2,9,-7
218000501,50,32,18
218000502,20,4,16
218000503,106,8,98
218000504,51,7,44
218000505,20,19,1
218000506,40,35,5
218000508,0,2,-2
218000510,60,19,41
218000520,117,88,29
218000521,0,6,-6
218000522,13,177,-164
218000523,65,0,65
218000524,1,102,-101
218000525,23,13,10
218000526,1,110,-109
218000529,0,1,-1
218000530,17,4,13
218000531,31,18,13
218000532,30,3,27
218000534,91,1,90
218000537,6,26,-20
218000538,13,63,-50
218000539,27,4,23
218000540,29,84,-55
218000543,153,9,144
218000544,10,20,-10
218000545,147,28,119
218000546,2,7,-5
218000547,94,94,0
218000548,41,71,-30
218000549,665,82,583
218000550,52,81,-29
218000551,37,174,-137
218000552,148,26,122
218000553,15,9,6
218000554,0,0,0
218000555,2,28,-26
218000556,12,4,8
218000557,477,34,443
218000558,8,0,8
218000559,0,33,-33
218000560,0,15,-15
218000561,0,0,0
218000562,1,45,-44
218000563,85,42,43
218000564,0,52,-52
218000565,56,26,30
218000566,43,6,37
218000567,0,46,-46
218000568,0,1,-1
218000569,1,82,-81
218000570,7,14,-7
218000571,1,44,-43
218000572,3,7,-4
218000573,0,89,-89
218000574,9,6,3
218000575,45,0,45
218000576,0,45,-45
218000577,35,0,35
218000578,0,11,-11
218000579,1,2,-1
218000581,1,12,-11
218000582,11,0,11
218000583,0,0,0
218000584,0,8,-8
218000585,42,2,40
218000586,2,3,-1
218000587,0,0,0
218000588,0,0,0
218000589,1,2,-1
218000590,1,0,1
218000591,0,30,-30
218000592,0,2,-2
218000593,0,0,0
218000594,0,5,-5
218000595,0,0,0
218000596,0,0,0
218000597,0,0,0
218000598,0,0,0
218000599,1,43,-42
218000600,0,0,0
218000601,0,27,-27
218000602,0,0,0
218000603,0,4,-4
218000604,27,0,27
218000605,0,169,-169
218000606,120,0,120
218000607,1,29,-28
218000608,3,2,1
218000609,0,15,-15
218000610,65,0,65
218000611,0,0,0
218000612,0,15,-15
218000613,31,0,31
218000614,0,12,-12
218000615,98,0,98
218000616,9,142,-133
218000617,7,0,7
218000618,0,9,-9
218000619,18,3,15
218000620,0,11,-11
218000621,0,1,-1
218000622,0,60,-60
218000623,8,0,8
218000624,0,27,-27
218000625,7,1,6
218000626,0,14,-14
218000628,173,70,103
218000631,20,0,20
218000632,1,54,-53
218000633,25,1,24
218000634,0,6,-6
218000635,1,0,1
218000636,244,224,20
218000637,693,66,627
218000638,340,10,330
218000639,11,20,-9
218000640,539,7,532
218000641,56,68,-12
218000652,39,46,-7
218000653,227,19,208
218000663,1,7,-6
218000675,3,11,-8
218000676,3,3,0
218000677,27,2,25
218000680,15,21,-6
218000681,152,1,151
218000691,25,10,15
218000693,135,5,130
218000703,0,3,-3
218000718,10,73,-63
218000719,17,42,-25
218000720,0,63,-63
218000721,27,1,26
218000725,3,1,2
218001214,2,11,-9
218001329,6,7,-1
218001330,1,9,-8
219000001,0,0,0
219000002,0,0,0
219000003,33,15,18
219000004,14,42,-28
219000017,38,9,29
219000020,152,12,140
219000022,99,5,94
219000023,32,2,30
219000029,0,0,0
219000034,54,14,40
219000039,0,2,-2
219000040,8,18,-10
219000041,93,10,83
219000051,0,1,-1
219000052,0,0,0
219000053,0,0,0
219000054,65,90,-25
219000055,198,0,198
219000056,1,0,1
219000057,24,0,24
219000062,1,32,-31
219000063,252,0,252
219000064,0,1,-1
219000110,66,120,-54
219000111,64,37,27
219000112,151,12,139
219000113,149,14,135
219000114,95,4,91
219000116,52,31,21
219000117,60,11,49
219000118,25,17,8
219000123,60,1,59
219000124,2,0,2
219000125,0,0,0
219000126,0,0,0
219000127,0,0,0
219000128,0,3,-3
219000129,3,10,-7
219000130,43,49,-6
219000131,565,578,-13
219000133,14,32,-18
219000134,2,23,-21
219000135,5,23,-18
219000136,28,76,-48
219000138,52,7,45
219000139,55,1,54
219000140,114,2,112
219000141,17,5,12
219000142,2,0,2
219000143,18,1,17
219000145,2,3,-1
219000146,0,0,0
219000147,0,0,0
219000148,0,0,0
219000149,0,0,0
219000150,0,0,0
219000151,0,0,0
219000157,173,41,132
219000158,191,48,143
219000161,145,1,144
219000163,507,176,331
219000166,101,27,74
219000167,28,26,2
219000168,160,31,129
219000174,555,40,515
219000175,116,2,114
219000176,134,8,126
219000177,119,0,119
219000178,112,2,110
219000179,35,63,-28
219000180,20,1,19
219000182,62,4,58
219000183,24,2,22
219000184,50,2,48
219000185,0,0,0
219000186,42,3,39
219000187,25,14,11
219000189,0,3,-3
219000190,0,5,-5
219000191,21,73,-52
219000192,181,105,76
219000193,2,6,-4
219000195,0,0,0
219000196,0,1,-1
219000198,0,2,-2
219000199,1,2,-1
219000200,3,1,2
219000201,0,3,-3
219000203,4,6,-2
219000204,4,29,-25
219000205,0,29,-29
219000207,2,25,-23
219000209,0,0,0
219000210,0,9,-9
219000213,1,36,-35
219000239,11,34,-23
219000240,7,93,-86
219000241,46,35,11
219000242,13,36,-23
219000243,17,127,-110
219000244,10,14,-4
219000245,3,9,-6
219000246,3,9,-6
219000247,184,17,167
219000248,143,175,-32
219000249,136,77,59
219000250,100,52,48
219000251,423,95,328
219000252,79,38,41
219000253,157,22,135
219000255,99,77,22
219000256,374,36,338
219000257,83,0,83
219000262,10,6,4
219000263,9,14,-5
219000267,0,0,0
219000268,0,0,0
219000269,0,2,-2
219000270,20,0,20
219000271,64,2,62
219000278,0,0,0
219000279,0,0,0
219000283,0,7,-7
219000295,1,2,-1
219000296,1,15,-14
219000297,3,4,-1
219000298,5,8,-3
219000299,161,29,132
219000300,18,8,10
219000301,3,24,-21
219000302,10,20,-10
219000307,0,0,0
219000308,62,20,42
219000311,63,17,46
219000312,191,38,153
219000313,221,30,191
219000314,6,27,-21
219000315,237,17,220
219000316,313,31,282
219000317,98,1,97
219000320,0,0,0
219000321,0,0,0
219000323,0,0,0
219000325,0,0,0
219000326,2,1,1
219000327,1,0,1
219000328,0,0,0
219000329,195,57,138
219000330,8,3,5
219000331,30,6,24
219000332,153,17,136
219000333,12,1,11
219000335,58,6,52
219000337,7,1,6
219000338,24,0,24
219000344,0,0,0
219000345,0,0,0
219000346,0,0,0
219000348,10,8,2
219000349,2,9,-7
219000350,0,13,-13
219000351,0,0,0
219000352,13,43,-30
219000353,91,31,60
219000354,510,52,458
219000355,86,7,79
219000356,210,443,-233
219000363,120,14,106
219000364,124,4,120
219000365,44,2,42
219000366,66,404,-338
219000368,188,313,-125
219000370,334,279,55
219000371,0,0,0
219000382,2,8,-6
219000383,68,140,-72
219000385,33,138,-105
219000386,50,292,-242
219000387,0,2,-2
219000390,5,5,0
219000391,0,0,0
219000397,0,0,0
219000398,21,9,12
219000401,1,14,-13
219000402,0,1,-1
219000403,13,12,1
219000404,2,3,-1
219000407,1,0,1
219000409,16,13,3
219000410,60,7,53
219000411,48,0,48
219000446,3,28,-25
219000447,0,0,0
219000448,0,9,-9
219000452,38,71,-33
219000453,5,63,-58
219000454,150,195,-45
219000556,412,8,404
219000558,7,57,-50
219000590,1,111,-110
219000591,215,12,203
219000592,20,73,-53
219000595,0,0,0
219000635,47,21,26
219000636,5,2,3
219000657,2,8,-6
219000658,0,12,-12
219000673,0,0,0
219000676,0,0,0
219000679,13,1,12
219000684,70,1,69
219000685,0,7,-7
219000686,0,0,0
219000688,0,4,-4
219000689,4,5,-1
219000690,71,7,64
219000691,0,0,0
219000692,19,1,18
219000693,0,0,0
219000694,29,0,29
219000695,145,4,141
219000698,4,0,4
219000699,0,0,0
219000727,0,0,0
219000728,26,0,26
219000770,2,0,2
219000771,0,0,0
219001150,0,50,-50
219001151,0,0,0
219001166,16,5,11
219001167,0,6,-6
220000001,8,33,-25
220000002,2,15,-13
220000003,13,29,-16
220000004,47,62,-15
220000005,83,253,-170
220000006,12,134,-122
220000007,101,61,40
220000008,34,95,-61
220000009,32,36,-4
220000010,28,43,-15
220000011,121,1935,-1814
220000012,11,217,-206
220000014,59,54,5
220000015,19,216,-197
220000017,6,131,-125
220000018,3300,573,2727
220000019,81,264,-183
220000020,182,87,95
220000021,400,73,327
220000022,823,136,687
220000023,146,74,72
220000024,474,267,207
220000025,392,860,-468
220000026,195,312,-117
220000027,0,106,-106
220000028,22,146,-124
220000029,0,26,-26
220000030,0,12,-12
220000031,488,256,232
220000064,14,297,-283
221000046,0,0,0
221000047,0,0,0
221000048,0,0,0
221000049,0,1,-1
221000050,5,0,5
221000055,3,16,-13
221000057,111,3,108
221000068,160,68,92
221000069,197,17,180
221000070,148,14,134
221000071,88,4,84
221000072,173,2,171
221000073,136,11,125
221000074,0,0,0
221000075,0,7,-7
221000076,1,9,-8
221000077,0,4,-4
221000081,8,3,5
221000082,49,0,49
221000083,0,3,-3
221000084,1,5,-4
221000085,7,41,-34
221000086,1,41,-40
221000087,1,38,-37
221000088,3,65,-62
221000089,7,93,-86
221000090,12,113,-101
221000098,108,12,96
221000099,119,10,109
221000100,127,1,126
221000101,133,1,132
221000102,166,9,157
221000109,1,2,-1
221000110,1,23,-22
221000111,4,8,-4
221000112,0,12,-12
221000113,1,20,-19
221000114,2,33,-31
221000120,16,51,-35
221000121,1,5,-4
221000122,4,41,-37
221000123,2,46,-44
221000124,10,159,-149
221000155,84,8,76
221000156,17,26,-9
221000175,2,37,-35
221000176,0,0,0
221000182,37,1,36
221000241,212,225,-13
221000242,20,80,-60
221000243,224,112,112
221000244,35,187,-152
221000245,39,26,13
221000246,11,138,-127
221000247,69,19,50
221000248,33,46,-13
221000267,18,247,-229
221000325,48,43,5
221000331,0,58,-58
221000338,4,39,-35
221000378,340,18,322
221000381,34,58,-24
222000282,2,0,2
222000296,5,21,-16
222000568,356,23,333
222000569,105,24,81
222000570,71,11,60
222000571,289,3,286
222000577,1,24,-23
222000578,2,46,-44
222000579,27,57,-30
222000580,16,646,-630
222000599,0,60,-60
222000600,0,46,-46
222000601,0,173,-173
222000603,20,9,11
222000604,0,24,-24
222000605,1,28,-27
222000606,0,4,-4
222000607,0,7,-7
222000608,2,11,-9
222000609,32,32,0
222000616,482,33,449
222000617,1,7,-6
222000618,17,6,11
222000620,1,2,-1
222000621,10,8,2
222000623,452,2,450
222000624,415,8,407
222000625,603,4,599
222000636,20,2,18
222000686,1,17,-16
222000687,9,10,-1
222001066,393,0,393
222001067,51,0,51
222001068,224,0,224
222001069,179,5,174
222001082,27,30,-3
222001083,85,5,80
222001084,0,11,-11
222001085,0,162,-162
222001111,52,27,25
222001112,245,3,242
222001313,0,4,-4
222001314,0,48,-48
222001464,71,8,63
222001465,2,108,-106
222001484,131,22,109
222001485,14,7,7
222001494,749,39,710
222001495,69,96,-27
222001496,307,25,282
222001497,39,149,-110
222001502,0,9,-9
222001503,124,10,114
222001504,1,47,-46
222001505,288,5,283
222001506,3,6,-3
222001507,145,7,138
222001510,501,28,473
222001511,1,46,-45
222001514,502,36,466
222001515,13,62,-49
222001518,710,18,692
222001519,16,76,-60
222001527,100,11,89
222001528,0,31,-31
222001529,489,18,471
222001530,7,56,-49
222001533,2,57,-55
222001534,636,4,632
222001535,167,70,97
222001536,5,101,-96
222001537,232,23,209
222001538,5,62,-57
222001563,666,20,646
222001564,7,112,-105
222001568,73,14,59
222001576,0,0,0
222001579,0,17,-17
222001583,9,31,-22
222001584,125,50,75
222001596,72,584,-512
222001597,1184,58,1126
222001626,0,29,-29
222001650,12,27,-15
222001651,20,103,-83
222001914,248,7,241
222001915,0,11,-11
222900004,318,59,259
222900009,104,160,-56
222900019,58,94,-36
222900024,77,1,76
222900025,5,3,2
225000001,279,71,208
225000002,516,32,484
225000003,639,39,600
225000004,359,34,325
225000005,38,21,17
225000006,0,0,0
225000007,96,203,-107
225000010,144,19,125
225000011,111,611,-500
225000012,93,494,-401
225000013,59,59,0
225000014,403,42,361
225000015,15,27,-12
225000021,266,38,228
225000027,29,29,0
225000032,302,47,255
225000042,24,67,-43
225000049,1,8,-7
225000050,68,2,66
225000053,0,0,0
225000058,271,46,225
225000067,5,9,-4
225000068,13,23,-10
225000069,8,36,-28
225000070,5,37,-32
225000071,1,26,-25
225000075,6,148,-142
225000076,0,0,0
225000078,16,22,-6
225000085,71,10,61
225000086,209,24,185
225000087,70,18,52
225000088,0,13,-13
225000089,0,0,0
225000090,0,0,0
225000091,0,0,0
225000092,4,19,-15
225000093,33,11,22
225000094,3,8,-5
225000095,28,24,4
225000096,6,18,-12
225000098,526,53,473
225000099,373,17,356
225000100,406,84,322
225000104,11,82,-71
225000110,0,42,-42
225000111,63,38,25
225000112,65,122,-57
225000113,21,191,-170
225000114,23,107,-84
225000115,285,194,91
225000116,139,39,100
225000117,274,162,112
225000118,525,217,308
225000119,257,38,219
225000120,425,18,407
225000121,48,15,33
225000123,565,6,559
225000125,364,93,271
225000126,274,94,180
225000127,236,1203,-967
225000128,232,857,-625
225000132,450,1,449
225000133,105,4,101
225000134,502,77,425
225000135,69,6,63
225000136,357,11,346
225000137,220,31,189
225000138,234,42,192
225000143,0,0,0
225000144,0,0,0
225000145,62,28,34
225000146,0,0,0
225000147,0,0,0
225000148,0,0,0
225000149,0,0,0
225000151,0,0,0
225000155,7,12,-5
225000156,27,279,-252
225000157,95,86,9
225000158,12,16,-4
225000171,0,21,-21
225000180,2,0,2
225000181,0,0,0
225000182,19,3,16
225000185,0,42,-42
225000187,5,25,-20
225000191,6,0,6
225000194,0,6,-6
225000208,0,0,0
225000209,40,6,34
225000210,0,0,0
225000217,0,0,0
225000218,1,0,1
225000223,0,29,-29
225000224,8,0,8
225000225,0,25,-25
225000226,16,1,15
225000227,4,25,-21
225000228,5,9,-4
225000229,0,2,-2
225000230,1,0,1
225000231,0,2,-2
225000232,64,0,64
225000241,50,0,50
225000242,0,7,-7
225000249,8,4,4
225000250,0,0,0
225000251,491,6,485
225000254,0,43,-43
225000256,6,79,-73
225000257,0,22,-22
226000042,11,14,-3
226000043,0,13,-13
226000044,3,28,-25
226000045,2,27,-25
226000046,686,24,662
226000047,300,26,274
226000048,330,33,297
226000049,310,67,243
226000070,0,0,0
226000071,0,0,0
226000072,0,0,0
226000073,0,0,0
226000074,0,0,0
226000084,0,0,0
226000085,0,0,0
226000086,0,0,0
226000087,0,6,-6
226000088,0,1,-1
226000090,10,46,-36
226000091,7,12,-5
226000092,1,12,-11
226000093,0,25,-25
226000094,18,1,17
226000095,4,3,1
226000105,0,0,0
226000106,1,0,1
226000107,36,1,35
226000108,4,0,4
226000109,124,0,124
226000124,200,29,171
226000134,1104,173,931
226000135,1619,224,1395
226000136,630,141,489
226000137,0,2,-2
226000138,1,0,1
226000139,0,1,-1
226000156,182,2,180
226000157,273,2,271
226000163,0,3,-3
226000202,0,0,0
226000231,164,0,164
226000232,18,0,18
227000033,389,5,384
227000036,536,6,530
227000037,487,7,480
227000038,109,17,92
227000084,0,0,0
227000085,0,0,0
227000088,29,0,29
227000089,41,1,40
227000090,30,0,30
227000091,62,0,62
227000092,25,0,25
227000093,31,0,31
227000094,17,0,17
227000130,0,0,0
227000131,0,0,0
227000132,0,0,0
227000133,0,0,0
227000134,0,0,0
227000152,0,0,0
227000153,0,0,0
227000154,0,0,0
227000155,0,0,0
227000156,0,0,0
227000165,0,0,0
227000196,626,30,596
227000199,478,44,434
227000230,1,46,-45
227000232,801,36,765
227000242,0,0,0
227000243,313,30,283
227000245,0,4,-4
227000246,3,7,-4
227000247,566,13,553
227000248,108,47,61
227000249,0,24,-24
227000250,137,193,-56
227000251,4,52,-48
227000252,0,9,-9
227000253,202,25,177
227000262,545,14,531
227000266,1368,9,1359
227000267,2,122,-120
227000282,0,1,-1
227000284,602,11,591
227000286,0,1,-1
227000291,0,1,-1
227000296,48,63,-15
227000484,125,5,120
227000485,0,11,-11
227000655,299,6,293
227000656,519,21,498
227000657,173,16,157
227000704,55,0,55
229000265,15,7,8
229000266,1,0,1
229000267,6,0,6
229000268,7,10,-3
229000269,4,3,1
229000274,0,41,-41
229000275,0,55,-55
229000276,0,35,-35
229000277,0,3,-3
229000278,0,3,-3
229000295,1,16,-15
229000296,0,17,-17
229000297,4,16,-12
229000298,2,96,-94
229000320,5,3,2
229000321,6,3,3
229000412,19,15,4
229000414,9,13,-4
229000415,2,0,2
229000416,33,0,33
229000417,2,0,2
229000419,69,105,-36
229000440,96,38,58
229000442,32,2,30
229000443,18,1,17
229000444,0,13,-13
229000445,35,0,35
229000446,47,6,41
229000491,3,1,2
229000492,2,5,-3
229000493,0,21,-21
229000494,89,0,89
229000495,128,0,128
229000496,160,0,160
229000507,0,3,-3
229000508,0,1,-1
229000509,0,3,-3
229000510,0,0,0
229000511,0,2,-2
229000512,0,2,-2
229000513,0,0,0
229000514,0,0,0
229000517,3,3,0
229000518,0,5,-5
229000519,0,2,-2
229000520,1,3,-2
229000521,78,5,73
229000522,0,2,-2
229000523,21,0,21
229000524,9,1,8
229000527,0,0,0
229000528,0,0,0
229000529,11,0,11
229000530,103,0,103
229000531,31,1,30
229000532,12,0,12
229000533,43,0,43
229000534,28,4,24
229000564,85,1,84
229000565,91,0,91
229000566,0,0,0
229000567,0,1,-1
229000582,39,2,37
229000583,16,9,7
229000584,0,1,-1
229000585,1,7,-6
229000718,0,0,0
229000719,0,0,0
229000720,0,0,0
229000721,0,0,0
229000722,0,0,0
229000723,0,0,0
229000724,0,0,0
229000725,0,0,0
229000738,3,0,3
229000739,0,0,0
229000740,1,0,1
229000741,15,0,15
229000742,20,0,20
229000743,32,0,32
229000744,0,0,0
229000745,0,0,0
229000746,23,0,23
229000847,108,0,108
229000848,112,0,112
229000849,168,1,167
229000851,193,0,193
229000854,0,0,0
229000856,0,0,0
229000857,0,0,0
229000858,0,0,0
229000919,0,0,0
229000930,0,0,0
229000937,42,8,34
229000966,18,25,-7
229000981,0,0,0
229000985,2,5,-3
229000986,0,1,-1
229000987,0,0,0
229000988,2,10,-8
229000989,2,3,-1
229000990,0,0,0
229000991,1,2,-1
229000992,25,8,17
229000993,95,11,84
229000998,57,6,51
229000999,95,5,90
229001034,0,2,-2
229001035,13,6,7
229001036,3,10,-7
229001037,42,7,35
229001038,0,3,-3
229001039,19,0,19
229001040,1,24,-23
229001041,89,0,89
229001042,24,11,13
229001047,6,53,-47
229001050,39,11,28
229001168,0,0,0
229001200,42,0,42
229001338,0,1,-1
229001394,176,0,176
229001422,53,5,48
229001423,0,0,0
229001431,14,6,8
229001432,0,0,0
229001444,143,8,135
229001445,51,33,18
229001479,47,0,47
229001503,213,10,203
229001504,0,0,0
229001505,47,5,42
229001506,0,0,0
229001509,49,2,47
229001510,13,15,-2
229001545,18,10,8
229001546,0,0,0
229001553,28,4,24
229001554,0,0,0
229001630,44,0,44
229001631,16,5,11
229001635,0,19,-19
229001636,0,1,-1
229001658,0,0,0
229001659,31,8,23
229001660,1,0,1
229001661,0,9,-9
229001662,19,0,19
229001663,0,0,0
229002584,159,120,39
229002831,97,53,44
229002841,1,54,-53
229002842,6,2,4
229002843,55,10,45
229002844,5,58,-53
229002845,0,65,-65
229002846,3,17,-14
229002847,0,2,-2
229002848,2,9,-7
229002849,0,34,-34
229002850,1,1,0
229002851,2,106,-104
229002852,68,29,39
229002853,28,4,24
229002854,28,7,21
229002855,0,34,-34
229002856,20,8,12
229002857,20,31,-11
229002858,29,0,29
229002859,9,9,0
229002860,24,13,11
229002861,20,12,8
229002862,2,10,-8
229002863,5,1,4
229002864,32,43,-11
229002865,1,4,-3
229002866,22,6,16
229002867,0,9,-9
229002868,0,16,-16
229002869,1,23,-22
229002870,46,2,44
235000066,16,6,10
235000067,65,16,49
235000072,0,0,0
235000073,0,0,0
235000074,0,0,0
235000080,0,0,0
235000081,0,0,0
235000082,166,45,121
235000083,173,47,126
235000084,54,58,-4
235000085,166,37,129
235000089,8,1,7
235000092,0,0,0
235000093,0,0,0
235000097,0,3,-3
235000098,17,4,13
235000099,1,1,0
235000115,28,23,5
235000116,2,7,-5
235000117,280,3,277
235000133,0,0,0
235000134,0,0,0
235000206,0,1,-1
235000207,3,0,3
235000208,0,2,-2
235000209,4,0,4
235000210,11,0,11
235000212,0,0,0
235000213,0,0,0
235000220,0,0,0
235000221,0,0,0
235000238,9,179,-170
235000239,0,16,-16
235000242,174,735,-561
235000245,1,0,1
235000246,0,0,0
235000284,2,37,-35
235000295,16,0,16
235000305,134,16,118
235000306,387,3,384
235000307,23,5,18
235000308,3,0,3
235000309,59,0,59
235000310,29,0,29
235000311,34,6,28
235000322,0,14,-14
235000323,0,16,-16
235000324,0,5,-5
235000325,0,1,-1
235000326,0,13,-13
235000351,0,46,-46
235000352,4,28,-24
235000353,7,23,-16
235000354,0,6,-6
235000355,0,10,-10
235000356,51,0,51
235000357,38,0,38
235000358,3,3,0
235000359,0,0,0
235000360,14,2,12
235000361,29,1,28
235000381,0,0,0
235000382,197,6,191
235000390,0,1,-1
235000391,96,16,80
235000392,162,62,100
235000393,130,50,80
235000395,104,16,88
235000396,459,14,445
235000399,66,2,64
235000400,41,21,20
235000401,0,0,0
235000402,0,0,0
235000405,0,0,0
235000406,0,0,0
235000407,0,0,0
235000409,0,0,0
235000410,0,0,0
235000411,0,3,-3
235000485,0,0,0
235000486,2,4,-2
235000549,46,40,6
235000550,0,0,0
235000599,0,0,0
235000600,0,0,0
235000601,10,8,2
235000602,76,29,47
235000614,0,0,0
235000648,0,0,0
235000649,4,3,1
235000685,0,0,0
235000815,11,4,7
235000834,0,1,-1
235000855,20,20,0
235000862,0,0,0
235000891,0,0,0
235000892,18,7,11
235000901,0,0,0
235000907,0,0,0
235001010,20,15,5
235001029,0,0,0
235001030,139,42,97
235001078,108,25,83
235001079,0,0,0
235001147,0,8,-8
235001166,2,34,-32
235001167,0,0,0
235001169,2,71,-69
235001188,0,0,0
235001189,0,0,0
235001197,0,0,0
235001200,0,0,0
235001208,0,0,0
235001209,0,0,0
235001210,0,0,0
235001239,0,0,0
235001244,0,0,0
235016267,0,16,-16
235900013,0,0,0
235900014,2,1,1
241900007,33,1,32
277101746,0,1,-1
277102712,0,0,0
277103813,0,0,0
277103814,0,0,0
277103898,0,0,0
990010990,0,0,0
990011530,0,94,-94
990014944,0,51,-51
990015176,11,9,2
990015618,0,56,-56
990015888,0,0,0
990016032,0,73,-73
990032570,4,154,-150
990070001,124,33,91
990070103,0,1,-1
990070601,0,12,-12
990070751,1459,8,1451
990070766,0,63,-63
990071180,279,24,255
990071343,3,0,3
990071387,0,0,0
990071823,347,1,346
990072600,2,430,-428
990072964,0,74,-74
990073285,0,1,-1
990074393,0,204,-204
990074714,19,5,14
990074870,1051,8,1043
990075106,225,4,221
990075746,464,6,458
990076437,2538,19,2519
990076458,0,281,-281
997000007,104,1,103
997000041,3,251,-248
997000058,61,0,61
997000062,37,4,33
997000069,0,0,0
997000070,0,5,-5
997000100,45,0,45
997000141,0,0,0
997000198,0,0,0
998000475,0,0,0
998000736,0,33,-33
998000965,1,29,-28
998001031,0,21,-21
998001072,0,1,-1
998001091,5,1,4
998001093,1,0,1
998001103,0,0,0
998001105,0,0,0
998001700,0,11,-11
998001899,0,0,0
998001900,1,3,-2
998003073,1251,30,1221
998003124,3,2,1
998003125,0,0,0
998101900,0,0,0
998102850,1,31,-30
998501819,0,0,0
998501820,0,0,0
998501832,0,0,0
998501927,231,109,122
998501929,123,1,122
998501930,45,0,45
998501931,98,26,72
998501932,3,1,2
998501933,21,0,21
998501937,39,27,12
998501944,8,0,8
998501950,0,0,0
998501970,54,0,54
998501971,0,4,-4
998501972,171,0,171
998501973,0,4,-4
998501974,0,71,-71
998501975,114,1,113
998501976,48,5,43
998501977,3,15,-12
998501978,3,1,2
998501979,0,0,0
998501980,29,1,28
998501981,68,0,68
998501982,0,66,-66
998502006,0,0,0
998502024,0,2,-2
998502032,0,1,-1
998502062,14,3,11
998502063,0,0,0
998502173,3,1,2
998502269,0,0,0
998601159,0,21,-21
998601292,1,18,-17
999033574,0,448,-448
999800001,25,3,22
999800002,0,1,-1
999800003,3,1,2
999800004,0,3,-3
999800005,0,0,0
