dong,insum,outsum,diff
강남구 개포1동,1007,1683,-676
강남구 개포2동,16713,24012,-7299
강남구 개포4동,11403,14867,-3464
강남구 논현1동,47543,49383,-1840
강남구 논현2동,32234,33256,-1022
강남구 대치1동,31466,26859,4607
강남구 대치2동,52066,36025,16041
강남구 대치4동,33283,29624,3659
강남구 도곡1동,26994,24994,2000
강남구 도곡2동,9984,10028,-44
강남구 삼성1동,63792,44706,19086
강남구 삼성2동,24592,17870,6722
강남구 세곡동,21377,48017,-26640
강남구 수서동,45147,19921,25226
강남구 신사동,41471,31632,9839
강남구 압구정동,61997,44858,17139
강남구 역삼1동,99214,82687,16527
강남구 역삼2동,30627,28616,2011
강남구 일원1동,9643,14635,-4992
강남구 일원2동,5422,4157,1265
강남구 일원본동,12699,16929,-4230
강남구 청담동,47534,36682,10852
강동구 강일동,11592,31442,-19850
강동구 고덕제1동,6492,12579,-6087
강동구 고덕제2동,12964,9946,3018
강동구 길동,14058,16922,-2864
강동구 둔촌제1동,385,475,-90
강동구 둔촌제2동,12490,11731,759
강동구 명일제1동,16738,18049,-1311
강동구 명일제2동,12952,11215,1737
강동구 상일동,29580,16503,13077
강동구 성내제1동,10455,13170,-2715
강동구 성내제2동,11954,14285,-2331
강동구 성내제3동,14880,16118,-1238
강동구 암사제1동,8638,17204,-8566
강동구 암사제2동,3944,3850,94
강동구 암사제3동,1595,1304,291
강동구 천호제1동,5752,11538,-5786
강동구 천호제2동,28498,22827,5671
강동구 천호제3동,10647,10826,-179
강북구 미아동,29396,22874,6522
강북구 번1동,64021,51414,12607
강북구 번2동,9612,18873,-9261
강북구 번3동,18393,33642,-15249
강북구 삼각산동,7520,13776,-6256
강북구 삼양동,18066,27313,-9247
강북구 송중동,102645,78032,24613
강북구 송천동,28916,39651,-10735
강북구 수유1동,19582,22689,-3107
강북구 수유2동,13527,21726,-8199
강북구 수유3동,56326,47318,9008
강북구 우이동,19025,19919,-894
강북구 월곡제1동,1806,2371,-565
강북구 인수동,13643,24213,-10570
강서구 가양제1동,24543,18348,6195
강서구 가양제2동,3296,4290,-994
강서구 가양제3동,3297,4888,-1591
강서구 공항동,17521,15581,1940
강서구 등촌제1동,21253,28538,-7285
강서구 등촌제2동,10719,17884,-7165
강서구 등촌제3동,31546,31916,-370
강서구 발산제1동,29635,33230,-3595
강서구 방화제1동,12846,19385,-6539
강서구 방화제2동,15102,11649,3453
강서구 방화제3동,2431,2640,-209
강서구 염창동,13068,20693,-7625
강서구 우장산동,20096,25460,-5364
강서구 화곡본동,10040,16670,-6630
강서구 화곡제1동,48729,51182,-2453
강서구 화곡제2동,6040,12858,-6818
강서구 화곡제3동,15295,14199,1096
강서구 화곡제4동,8969,15479,-6510
강서구 화곡제6동,19976,28204,-8228
강서구 화곡제8동,26332,17336,8996
관악구 낙성대동,36148,61598,-25450
관악구 난곡동,12482,28705,-16223
관악구 난향동,7644,16440,-8796
관악구 남현동,13785,17543,-3758
관악구 대학동,53867,41770,12097
관악구 미성동,24748,43566,-18818
관악구 보라매동,22592,30683,-8091
관악구 삼성동,17584,45132,-27548
관악구 서림동,19918,33778,-13860
관악구 서원동,76681,54102,22579
관악구 성현동,13435,35984,-22549
관악구 신림동,79985,55323,24662
관악구 신사동,14216,23541,-9325
관악구 신원동,5522,7994,-2472
관악구 은천동,31539,33712,-2173
관악구 인헌동,13993,16117,-2124
관악구 조원동,47994,38251,9743
관악구 중앙동,10223,9587,636
관악구 청룡동,43365,23430,19935
관악구 청림동,4403,10373,-5970
관악구 행운동,57361,48129,9232
광진구 광장동,7912,9893,-1981
광진구 구의제1동,14353,17574,-3221
광진구 구의제2동,15287,23250,-7963
광진구 구의제3동,22013,12636,9377
광진구 군자동,17094,23610,-6516
광진구 능동,14144,18136,-3992
광진구 자양제1동,4286,5504,-1218
광진구 자양제2동,20674,34384,-13710
광진구 자양제3동,7995,10808,-2813
광진구 자양제4동,31240,28627,2613
광진구 중곡제1동,8663,9485,-822
광진구 중곡제2동,11367,14643,-3276
광진구 중곡제3동,9787,13146,-3359
광진구 중곡제4동,8300,12639,-4339
광진구 화양동,25110,25385,-275
구로구 가리봉동,13695,12523,1172
구로구 개봉제1동,49098,47879,1219
구로구 개봉제2동,30884,27478,3406
구로구 개봉제3동,6404,15851,-9447
구로구 고척제1동,22064,34626,-12562
구로구 고척제2동,16133,31662,-15529
구로구 구로제1동,10621,16169,-5548
구로구 구로제2동,41088,43147,-2059
구로구 구로제3동,93418,41752,51666
구로구 구로제4동,28294,21104,7190
구로구 구로제5동,44612,34327,10285
구로구 수궁동,36891,37411,-520
구로구 신도림동,43356,33458,9898
구로구 오류제1동,15801,19996,-4195
구로구 오류제2동,16941,18797,-1856
구로구 항동,1481,7086,-5605
금천구 가산동,80574,51978,28596
금천구 독산제1동,53594,70423,-16829
금천구 독산제2동,15943,26577,-10634
금천구 독산제3동,28259,35877,-7618
금천구 독산제4동,18209,13730,4479
금천구 미성동,179,692,-513
금천구 시흥제1동,47373,67551,-20178
금천구 시흥제2동,10445,24170,-13725
금천구 시흥제3동,16321,15051,1270
금천구 시흥제4동,8086,12074,-3988
금천구 시흥제5동,21079,28764,-7685
노원구 공릉1동,25617,28506,-2889
노원구 공릉2동,26319,29811,-3492
노원구 상계10동,15436,8272,7164
노원구 상계1동,18786,21483,-2697
노원구 상계2동,25641,22231,3410
노원구 상계3.4동,3607,6143,-2536
노원구 상계5동,17787,17255,532
노원구 상계6.7동,26044,23679,2365
노원구 상계8동,5924,6946,-1022
노원구 상계9동,9541,11789,-2248
노원구 월계1동,63204,41636,21568
노원구 월계2동,12547,20845,-8298
노원구 월계3동,14837,18392,-3555
노원구 중계1동,10236,20192,-9956
노원구 중계2.3동,22506,21168,1338
노원구 중계4동,14376,11989,2387
노원구 중계본동,12376,19216,-6840
노원구 하계1동,24840,21188,3652
노원구 하계2동,17636,14959,2677
도봉구 도봉제1동,16527,15324,1203
도봉구 도봉제2동,21318,20382,936
도봉구 방학제1동,20264,31019,-10755
도봉구 방학제2동,6498,16447,-9949
도봉구 방학제3동,10375,19989,-9614
도봉구 쌍문제1동,14007,24837,-10830
도봉구 쌍문제2동,13701,23289,-9588
도봉구 쌍문제3동,16861,14005,2856
도봉구 쌍문제4동,8002,19162,-11160
도봉구 창제1동,57843,24251,33592
도봉구 창제2동,9720,20474,-10754
도봉구 창제3동,10436,19416,-8980
도봉구 창제4동,31316,24419,6897
도봉구 창제5동,23276,25129,-1853
동대문구 답십리제1동,18995,25760,-6765
동대문구 답십리제2동,23999,28244,-4245
동대문구 면목제5동,230,111,119
동대문구 용신동,73535,59846,13689
동대문구 이문제1동,15765,20980,-5215
동대문구 이문제2동,9930,9002,928
동대문구 장안제1동,48543,38155,10388
동대문구 장안제2동,26449,43416,-16967
동대문구 전농제1동,25033,42337,-17304
동대문구 전농제2동,17201,25096,-7895
동대문구 제기동,41275,35064,6211
동대문구 청량리동,73247,47705,25542
동대문구 회기동,12980,16270,-3290
동대문구 휘경제1동,35135,27942,7193
동대문구 휘경제2동,17954,25100,-7146
동작구 노량진제1동,79664,63881,15783
동작구 노량진제2동,35259,23093,12166
동작구 대방동,54779,62508,-7729
동작구 사당제1동,19627,25508,-5881
동작구 사당제2동,43692,35367,8325
동작구 사당제3동,8247,19824,-11577
동작구 사당제4동,1663,2018,-355
동작구 사당제5동,9552,14813,-5261
동작구 상도제1동,71734,77193,-5459
동작구 상도제2동,26277,36762,-10485
동작구 상도제3동,16527,28135,-11608
동작구 상도제4동,10385,30558,-20173
동작구 신대방제1동,10708,14581,-3873
동작구 신대방제2동,31417,35753,-4336
동작구 흑석동,40311,45340,-5029
마포구 공덕동,19420,24527,-5107
마포구 대흥동,30309,27658,2651
마포구 도화동,12619,14480,-1861
마포구 망원제1동,12594,17531,-4937
마포구 망원제2동,8862,12556,-3694
마포구 상암동,66179,55006,11173
마포구 서강동,11637,19306,-7669
마포구 서교동,138262,116514,21748
마포구 성산제1동,14787,20470,-5683
마포구 성산제2동,24928,36671,-11743
마포구 신수동,4792,8940,-4148
마포구 아현동,24403,28045,-3642
마포구 연남동,8508,11284,-2776
마포구 염리동,4232,6638,-2406
마포구 용강동,17038,21257,-4219
마포구 합정동,20142,23815,-3673
서대문구 남가좌제1동,14088,18180,-4092
서대문구 남가좌제2동,19293,31844,-12551
서대문구 북가좌제1동,5511,13085,-7574
서대문구 북가좌제2동,13557,26410,-12853
서대문구 북아현동,18074,22065,-3991
서대문구 신촌동,120699,87593,33106
서대문구 연희동,58344,78649,-20305
서대문구 천연동,25966,28357,-2391
서대문구 충현동,40299,40963,-664
서대문구 홍은제1동,17760,28974,-11214
서대문구 홍은제2동,33496,47275,-13779
서대문구 홍제제1동,37309,29937,7372
서대문구 홍제제2동,18827,25886,-7059
서대문구 홍제제3동,20645,20119,526
서초구 내곡동,17653,16896,757
서초구 반포1동,27968,30123,-2155
서초구 반포2동,12538,12699,-161
서초구 반포3동,43141,28519,14622
서초구 반포4동,38975,32425,6550
서초구 반포본동,13392,14928,-1536
서초구 방배1동,22784,21402,1382
서초구 방배2동,23134,23693,-559
서초구 방배3동,15806,17157,-1351
서초구 방배4동,19898,23194,-3296
서초구 방배본동,12955,16088,-3133
서초구 서초1동,21743,20695,1048
서초구 서초2동,40224,45142,-4918
서초구 서초3동,46863,43930,2933
서초구 서초4동,37674,51085,-13411
서초구 양재1동,78571,83341,-4770
서초구 양재2동,36327,36880,-553
서초구 잠원동,23944,33640,-9696
성동구 금호1가동,8060,13297,-5237
성동구 금호2.3가동,17341,19843,-2502
성동구 금호4가동,8411,14101,-5690
성동구 마장동,13239,14763,-1524
성동구 사근동,11459,8190,3269
성동구 성수1가제1동,12570,9872,2698
성동구 성수1가제2동,8591,6924,1667
성동구 성수2가제1동,7382,9460,-2078
성동구 성수2가제3동,10673,7878,2795
성동구 송정동,5272,6301,-1029
성동구 옥수동,21249,22445,-1196
성동구 왕십리도선동,20672,14816,5856
성동구 왕십리제2동,10997,19770,-8773
성동구 용답동,16822,12886,3936
성동구 응봉동,5491,15291,-9800
성동구 행당제1동,26682,18446,8236
성동구 행당제2동,14070,15992,-1922
성북구 길음제1동,31771,38746,-6975
성북구 길음제2동,25118,26852,-1734
성북구 돈암제1동,35502,30644,4858
성북구 돈암제2동,6143,15366,-9223
성북구 동선동,47931,45777,2154
성북구 보문동,12927,13742,-815
성북구 삼선동,50959,53030,-2071
성북구 석관동,13957,19827,-5870
성북구 성북동,28546,30648,-2102
성북구 안암동,19144,18784,360
성북구 월곡제1동,22712,30785,-8073
성북구 월곡제2동,18374,13736,4638
성북구 장위제1동,13185,27137,-13952
성북구 장위제2동,19526,17471,2055
성북구 장위제3동,7094,7966,-872
성북구 정릉제1동,15628,24810,-9182
성북구 정릉제2동,19709,38115,-18406
성북구 정릉제3동,21872,15520,6352
성북구 정릉제4동,26444,32736,-6292
성북구 종암동,37147,49563,-12416
송파구 가락1동,4892,5828,-936
송파구 가락2동,18968,25744,-6776
송파구 가락본동,22869,21318,1551
송파구 거여1동,4662,6970,-2308
송파구 거여2동,1253,1562,-309
송파구 마천1동,4760,6517,-1757
송파구 마천2동,10204,17534,-7330
송파구 문정1동,6588,11640,-5052
송파구 문정2동,37600,30647,6953
송파구 방이1동,7849,12075,-4226
송파구 방이2동,15596,21061,-5465
송파구 삼전동,13808,25399,-11591
송파구 석촌동,23874,36946,-13072
송파구 송파1동,15538,22883,-7345
송파구 송파2동,6150,7972,-1822
송파구 오금동,23286,25618,-2332
송파구 오륜동,10879,9324,1555
송파구 위례동,11551,23790,-12239
송파구 잠실2동,5111,10836,-5725
송파구 잠실3동,76520,41231,35289
송파구 잠실4동,1166,1553,-387
송파구 잠실6동,29761,17688,12073
송파구 잠실7동,14159,8093,6066
송파구 잠실본동,29655,36327,-6672
송파구 장지동,14554,15950,-1396
송파구 풍납1동,6969,5285,1684
송파구 풍납2동,11005,14583,-3578
양천구 목1동,61964,36819,25145
양천구 목2동,34697,35948,-1251
양천구 목3동,22328,26879,-4551
양천구 목4동,14290,33155,-18865
양천구 목5동,24216,32706,-8490
양천구 신월1동,5952,6742,-790
양천구 신월2동,7078,16614,-9536
양천구 신월3동,7644,11202,-3558
양천구 신월4동,7789,17985,-10196
양천구 신월5동,6876,14414,-7538
양천구 신월6동,5237,7640,-2403
양천구 신월7동,11484,27158,-15674
양천구 신정1동,11121,14299,-3178
양천구 신정2동,5047,7571,-2524
양천구 신정3동,33352,45653,-12301
양천구 신정4동,41696,28060,13636
양천구 신정6동,5636,7955,-2319
양천구 신정7동,11242,15971,-4729
영등포구 당산제1동,17652,13378,4274
영등포구 당산제2동,47236,33480,13756
영등포구 대림제1동,11657,16493,-4836
영등포구 대림제2동,8405,8696,-291
영등포구 대림제3동,15214,20592,-5378
영등포구 도림동,8799,20032,-11233
영등포구 문래동,25162,23958,1204
영등포구 신길제1동,8406,12732,-4326
영등포구 신길제3동,11168,21281,-10113
영등포구 신길제4동,4157,7915,-3758
영등포구 신길제5동,14225,14048,177
영등포구 신길제6동,14385,24958,-10573
영등포구 신길제7동,13561,19816,-6255
영등포구 양평제1동,11667,11966,-299
영등포구 양평제2동,18900,17865,1035
영등포구 여의동,115405,74001,41404
영등포구 영등포동,87595,71375,16220
영등포구 영등포본동,27561,24413,3148
용산구 남영동,43417,42179,1238
용산구 보광동,8132,12045,-3913
용산구 서빙고동,11453,17838,-6385
용산구 용문동,5051,7105,-2054
용산구 용산2가동,14541,22483,-7942
용산구 원효로제1동,15693,19736,-4043
용산구 원효로제2동,11044,14233,-3189
용산구 이촌제1동,12870,15787,-2917
용산구 이촌제2동,3234,6270,-3036
용산구 이태원제1동,17621,23590,-5969
용산구 이태원제2동,8359,13129,-4770
용산구 청파동,17204,22799,-5595
용산구 필동,6658,1770,4888
용산구 한강로동,61416,49706,11710
용산구 한남동,58300,55403,2897
용산구 효창동,6879,12229,-5350
용산구 후암동,10640,17048,-6408
은평구 갈현제1동,8952,18702,-9750
은평구 갈현제2동,24965,26327,-1362
은평구 구산동,12092,16492,-4400
은평구 녹번동,40836,30395,10441
은평구 대조동,44794,41326,3468
은평구 불광제1동,41890,33759,8131
은평구 불광제2동,18046,29309,-11263
은평구 수색동,8420,12467,-4047
은평구 신사제1동,20129,25074,-4945
은평구 신사제2동,23368,23695,-327
은평구 역촌동,26078,28184,-2106
은평구 응암제1동,19492,36004,-16512
은평구 응암제2동,7232,17106,-9874
은평구 응암제3동,14351,24143,-9792
은평구 증산동,29470,20556,8914
은평구 진관동,40142,48768,-8626
종로구 가회동,3809,4572,-763
종로구 교남동,10069,8368,1701
종로구 무악동,6232,7292,-1060
종로구 부암동,23004,20929,2075
종로구 사직동,65136,45142,19994
종로구 삼청동,9582,5845,3737
종로구 숭인제1동,1721,3863,-2142
종로구 숭인제2동,16648,13377,3271
종로구 이화동,24642,23566,1076
종로구 종로1.2.3.4가동,160137,86951,73186
종로구 종로5.6가동,29463,14153,15310
종로구 창신제1동,22742,13786,8956
종로구 창신제2동,5028,11341,-6313
종로구 창신제3동,3784,5861,-2077
종로구 청운효자동,11350,13877,-2527
종로구 충현동,3065,2193,872
종로구 평창동,16350,21517,-5167
종로구 혜화동,38120,38349,-229
중구 광희동,29965,25201,4764
중구 다산동,7624,10555,-2931
중구 동화동,1878,2924,-1046
중구 명동,54051,33575,20476
중구 소공동,81852,33733,48119
중구 신당동,6410,9159,-2749
중구 신당제5동,17938,11299,6639
중구 약수동,7962,9190,-1228
중구 을지로동,9521,5472,4049
중구 장충동,9576,5971,3605
중구 중림동,13926,9421,4505
중구 청구동,7432,6712,720
중구 필동,8093,5397,2696
중구 황학동,7342,9287,-1945
중구 회현동,69110,51833,17277
중랑구 망우본동,29609,31412,-1803
중랑구 망우제3동,7471,12908,-5437
중랑구 면목본동,40162,37395,2767
중랑구 면목제2동,8252,14765,-6513
중랑구 면목제3.8동,30040,32016,-1976
중랑구 면목제4동,10815,13789,-2974
중랑구 면목제5동,8499,12181,-3682
중랑구 면목제7동,6361,11102,-4741
중랑구 묵제1동,18384,21395,-3011
중랑구 묵제2동,4968,5734,-766
중랑구 상봉제1동,14126,15940,-1814
중랑구 상봉제2동,38843,36764,2079
중랑구 신내1동,19063,42601,-23538
중랑구 신내2동,29015,24778,4237
중랑구 중화제1동,9054,14862,-5808
중랑구 중화제2동,24873,25547,-674
NA,496391,684542,-188151
