ID,insum,outsum,diff
100000001,775,589,186
100000002,2219,617,1602
100000003,8567,1977,6590
100000004,2267,745,1522
100000005,2236,2263,-27
100000006,301,83,218
100000007,874,324,550
100000008,236,685,-449
100000009,199,172,27
100000010,29,51,-22
100000011,687,49,638
100000012,69,922,-853
100000013,26,207,-181
100000014,319,353,-34
100000015,1410,929,481
100000016,1373,1531,-158
100000017,740,1211,-471
100000018,1417,556,861
100000019,6368,1468,4900
100000020,2155,2757,-602
100000021,8048,2107,5941
100000022,1873,869,1004
100000023,8458,883,7575
100000025,4223,429,3794
100000028,2203,793,1410
100000029,328,192,136
100000030,887,49,838
100000031,8025,4191,3834
100000032,3230,2755,475
100000033,693,1745,-1052
100000034,1080,245,835
100000035,1982,724,1258
100000036,3426,907,2519
100000037,351,395,-44
100000038,904,767,137
100000039,615,205,410
100000040,110,84,26
100000041,536,315,221
100000042,444,274,170
100000043,480,247,233
100000044,433,758,-325
100000045,502,1551,-1049
100000046,641,1463,-822
100000047,269,850,-581
100000048,470,727,-257
100000049,1740,2906,-1166
100000051,297,1188,-891
100000053,60,3,57
100000054,112,40,72
100000055,343,284,59
100000056,208,529,-321
100000057,1331,758,573
100000058,917,1586,-669
100000059,0,119,-119
100000060,272,281,-9
100000061,1135,544,591
100000062,1167,416,751
100000063,425,216,209
100000064,701,290,411
100000065,290,1238,-948
100000066,195,1019,-824
100000067,488,945,-457
100000068,532,2024,-1492
100000069,231,1911,-1680
100000072,459,1503,-1044
100000073,1163,1445,-282
100000075,457,340,117
100000076,2128,1654,474
100000077,825,111,714
100000078,186,23,163
100000079,69,57,12
100000080,18,8,10
100000081,71,59,12
100000102,2301,1184,1117
100000103,4119,674,3445
100000104,6364,1054,5310
100000105,5322,546,4776
100000106,3456,1243,2213
100000107,706,329,377
100000108,1168,1311,-143
100000109,4051,1180,2871
100000116,1416,529,887
100000117,47,69,-22
100000118,1298,772,526
100000119,568,476,92
100000121,176,674,-498
100000122,818,749,69
100000123,4583,4414,169
100000124,10356,5490,4866
100000125,4456,680,3776
100000126,715,223,492
100000127,1634,317,1317
100000128,1371,1111,260
100000129,598,330,268
100000130,376,659,-283
100000131,5100,2840,2260
100000132,2626,1466,1160
100000133,12380,3317,9063
100000135,452,612,-160
100000139,216,197,19
100000140,251,358,-107
100000142,248,505,-257
100000143,857,846,11
100000144,4941,1086,3855
100000147,877,1717,-840
100000150,15,499,-484
100000151,595,382,213
100000153,268,259,9
100000154,155,75,80
100000155,11,18,-7
100000156,69,107,-38
100000157,120,215,-95
100000158,49,122,-73
100000159,263,561,-298
100000165,1319,682,637
100000169,890,254,636
100000174,2679,426,2253
100000179,79,603,-524
100000180,1242,1031,211
100000181,176,359,-183
100000188,58,376,-318
100000189,492,276,216
100000190,432,393,39
100000191,792,421,371
100000192,118,74,44
100000193,152,129,23
100000330,2927,503,2424
100000355,127,524,-397
100000362,5342,3976,1366
100000363,2056,3078,-1022
100000364,374,172,202
100000365,3601,4961,-1360
100000366,5013,2555,2458
100000367,3133,3240,-107
100000368,2130,2068,62
100000369,1081,1164,-83
100000370,202,293,-91
100000376,67,103,-36
100000379,2834,1124,1710
100000380,3868,1454,2414
100000384,7368,2176,5192
100000385,8165,3264,4901
100000386,12235,2534,9701
100000387,9783,3162,6621
100000388,17103,3493,13610
100000389,15335,3269,12066
100000390,16757,2762,13995
100000391,9844,3290,6554
100000392,4070,1297,2773
100000393,1586,1211,375
100000394,6883,2958,3925
100000395,3463,951,2512
100000396,4800,1866,2934
100000397,2657,1845,812
100000398,12246,8599,3647
100900002,3,78,-75
100900003,179,80,99
100900004,21,1075,-1054
100900005,79,9,70
100900006,9,293,-284
100900007,536,17,519
100900008,5,571,-566
100900009,19,45,-26
100900010,35,218,-183
100900011,41,380,-339
100900012,1,314,-313
100900013,330,10,320
100900014,0,6,-6
100900015,142,81,61
100900016,2,67,-65
100900017,868,51,817
100900018,0,8,-8
100900019,33,75,-42
100900020,225,2,223
100900021,430,1,429
100900022,2,3,-1
100900023,1,21,-20
100900024,963,6,957
100900025,7,11,-4
100900026,27,205,-178
100900027,573,2082,-1509
100900028,78,164,-86
100900029,151,16,135
100900030,2,18,-16
100900031,251,96,155
100900032,129,0,129
100900033,207,71,136
100900034,303,2,301
100900035,772,4,768
100900036,23,3,20
100900037,28,318,-290
100900038,79,18,61
100900039,675,737,-62
100900040,173,1169,-996
100900041,236,1112,-876
100900042,463,179,284
100900043,0,8,-8
100900044,3339,315,3024
100900045,66,0,66
100900046,649,8,641
100900047,1150,261,889
100900048,53,17,36
100900049,77,303,-226
100900050,4,43,-39
100900051,49,38,11
100900052,106,12,94
100900053,152,50,102
100900054,12,129,-117
100900055,178,263,-85
100900056,81,245,-164
100900057,578,560,18
100900058,157,23,134
100900059,22,0,22
100900060,56,7,49
100900061,309,243,66
100900062,0,103,-103
100900063,114,356,-242
100900064,479,9,470
100900065,95,43,52
100900066,48,48,0
100900067,1,8,-7
100900068,40,152,-112
100900069,326,4,322
100900070,174,8,166
100900071,722,256,466
100900072,0,104,-104
100900073,47,659,-612
100900074,0,8,-8
100900075,2806,315,2491
100900076,34,25,9
100900077,10,152,-142
100900078,43,137,-94
100900079,4,33,-29
100900080,3,199,-196
100900081,21,62,-41
100900082,41,923,-882
100900083,4,49,-45
100900085,9,82,-73
100900086,115,509,-394
100900088,51,936,-885
100900089,0,29,-29
100900090,166,449,-283
100900091,2,14,-12
100900092,135,115,20
100900093,61,159,-98
100900094,55,802,-747
100900095,5,33,-28
100900096,20,168,-148
100900097,1,6,-5
100900098,11,28,-17
100900099,28,673,-645
100900100,15,208,-193
100900101,365,17,348
100900102,187,36,151
100900103,1,24,-23
100900104,14,212,-198
100900105,3,67,-64
100900106,35,1,34
100900107,1768,543,1225
100900108,1,9,-8
100900109,14,51,-37
100900110,6,49,-43
100900111,46,152,-106
100900112,1,6,-5
100900113,4,22,-18
100900114,0,23,-23
100900115,0,35,-35
100900116,750,329,421
100900117,205,464,-259
100900118,3,57,-54
100900119,5,29,-24
100900120,2,34,-32
100900121,285,280,5
100900122,159,185,-26
100900123,39,119,-80
100900124,3,6,-3
100900125,17,79,-62
100900126,54,256,-202
100900127,2,9,-7
100900128,87,104,-17
100900129,0,124,-124
100900131,94,111,-17
100900133,15,60,-45
100900134,2,14,-12
100900135,0,128,-128
100900137,287,272,15
100900138,505,263,242
100900139,2,8,-6
100900140,6,925,-919
100900141,0,279,-279
100900142,0,5,-5
100900143,1263,250,1013
100900144,9,5,4
100900145,18,117,-99
100900146,12,21,-9
100900147,8,320,-312
100900148,43,1239,-1196
100900149,23,89,-66
100900150,9,18,-9
100900151,76,503,-427
100900152,133,0,133
100900153,4,177,-173
100900154,7,25,-18
100900155,8,4,4
100900156,32,3,29
100900157,2,136,-134
100900158,1178,400,778
100900159,2,14,-12
100900160,6,24,-18
100900161,187,3,184
100900162,9,188,-179
100900163,153,218,-65
100900164,30,41,-11
100900165,20,65,-45
100900166,53,1,52
100900167,35,102,-67
100900168,44,114,-70
100900169,186,1229,-1043
100900170,9,3,6
100900171,30,863,-833
100900172,0,3,-3
100900173,5,806,-801
100900174,271,64,207
100900176,1409,74,1335
100900177,1043,187,856
100900178,296,175,121
100900179,118,25,93
100900180,4,3,1
100900181,107,21,86
100900182,22,7,15
100900184,3,123,-120
100900186,1099,622,477
100900187,8,221,-213
100900188,44,10,34
100900189,801,125,676
100900191,1158,581,577
100900192,322,190,132
100900195,79,138,-59
100900197,9,118,-109
100900198,21,220,-199
100900199,18,11,7
100900200,619,349,270
100900201,64,865,-801
100900202,10,0,10
100900203,0,54,-54
100900204,292,214,78
100900205,100,317,-217
100900206,41,27,14
100900207,118,69,49
100900210,99,948,-849
100900211,299,69,230
100900213,37,16,21
100900214,1198,50,1148
100900215,3,40,-37
100900217,75,29,46
101000001,5293,2343,2950
101000002,4069,3031,1038
101000003,947,1696,-749
101000004,11984,7106,4878
101000005,6185,4886,1299
101000006,10088,6525,3563
101000007,2870,2951,-81
101000008,3806,3152,654
101000009,1580,2468,-888
101000010,753,1819,-1066
101000011,2576,871,1705
101000012,2044,474,1570
101000013,563,895,-332
101000014,484,693,-209
101000015,884,820,64
101000016,349,367,-18
101000017,464,513,-49
101000018,4704,2785,1919
101000020,4433,1282,3151
101000021,1229,214,1015
101000022,596,95,501
101000023,2014,940,1074
101000025,123,364,-241
101000026,444,28,416
101000027,1439,1458,-19
101000028,643,158,485
101000029,41,968,-927
101000030,880,50,830
101000031,526,591,-65
101000032,5697,2359,3338
101000033,2771,1890,881
101000034,3147,1178,1969
101000035,1559,340,1219
101000036,1759,313,1446
101000037,6047,962,5085
101000039,4849,981,3868
101000040,5743,2333,3410
101000041,16079,3122,12957
101000042,1101,477,624
101000043,11988,2662,9326
101000045,1522,315,1207
101000046,2342,862,1480
101000047,1425,1175,250
101000048,1047,946,101
101000049,1008,965,43
101000050,3755,2674,1081
101000051,4641,1202,3439
101000052,1844,598,1246
101000053,1204,2303,-1099
101000054,2298,2228,70
101000055,1920,864,1056
101000056,62,57,5
101000057,4032,529,3503
101000058,2947,668,2279
101000059,4862,1424,3438
101000060,2504,235,2269
101000061,1779,747,1032
101000062,1618,434,1184
101000063,439,434,5
101000064,1363,358,1005
101000065,145,313,-168
101000066,373,224,149
101000067,647,369,278
101000068,265,174,91
101000069,281,86,195
101000070,2073,971,1102
101000071,2363,712,1651
101000072,1337,3514,-2177
101000073,867,541,326
101000074,5981,2913,3068
101000075,8168,3858,4310
101000077,1336,1276,60
101000078,1212,1922,-710
101000079,466,649,-183
101000080,611,741,-130
101000081,1252,1030,222
101000082,3521,2646,875
101000083,1719,1639,80
101000084,1357,1431,-74
101000085,1812,1063,749
101000086,1301,1087,214
101000087,909,1432,-523
101000088,868,1033,-165
101000089,950,1321,-371
101000090,3009,1879,1130
101000091,367,1853,-1486
101000092,973,1413,-440
101000093,1571,901,670
101000094,589,1331,-742
101000095,279,975,-696
101000096,264,713,-449
101000097,569,276,293
101000098,535,552,-17
101000099,1068,1252,-184
101000100,1070,536,534
101000101,500,446,54
101000102,950,332,618
101000103,921,573,348
101000104,278,375,-97
101000105,1256,283,973
101000106,1252,724,528
101000107,137,228,-91
101000108,1617,458,1159
101000109,110,52,58
101000110,54,871,-817
101000111,150,258,-108
101000113,142,925,-783
101000114,3032,1337,1695
101000115,388,246,142
101000116,113,296,-183
101000117,581,350,231
101000119,299,28,271
101000120,298,16,282
101000121,96,9,87
101000122,105,27,78
101000123,75,46,29
101000124,308,275,33
101000125,116,477,-361
101000128,1142,377,765
101000130,415,320,95
101000131,469,909,-440
101000132,350,1857,-1507
101000135,82,21,61
101000136,304,134,170
101000137,33,211,-178
101000141,3485,1518,1967
101000147,728,604,124
101000148,2965,35,2930
101000149,160,61,99
101000150,21,1319,-1298
101000151,98,56,42
101000152,392,370,22
101000153,665,569,96
101000154,110,2138,-2028
101000155,172,157,15
101000156,21,250,-229
101000157,60,35,25
101000160,48,100,-52
101000163,178,94,84
101000164,595,450,145
101000165,197,384,-187
101000166,415,595,-180
101000168,671,394,277
101000252,1187,644,543
101000254,570,33,537
101000258,40,3,37
101000261,131,139,-8
101000262,759,992,-233
101000263,215,1645,-1430
101000265,40,647,-607
101000266,303,258,45
101000269,108,5,103
101000290,2584,1718,866
101000293,34,121,-87
101000294,545,500,45
101000295,133,543,-410
101000301,983,205,778
101000304,2023,2420,-397
101000305,2662,1893,769
101900001,19,116,-97
101900002,0,20,-20
101900003,87,130,-43
101900004,4,29,-25
101900005,6581,989,5592
101900006,890,21,869
101900007,358,43,315
101900008,127,260,-133
101900009,67,374,-307
101900010,1335,437,898
101900011,299,1386,-1087
101900012,108,366,-258
101900013,1742,132,1610
101900017,21,120,-99
101900018,2017,181,1836
101900019,227,74,153
101900020,713,269,444
101900021,0,20,-20
101900022,42,1742,-1700
101900023,63,288,-225
102000001,2148,3976,-1828
102000002,3238,1380,1858
102000003,4914,4319,595
102000004,13057,2695,10362
102000005,1615,1895,-280
102000006,2097,1663,434
102000007,1556,3919,-2363
102000008,8140,1944,6196
102000009,6301,7152,-851
102000010,7425,3721,3704
102000011,2548,2251,297
102000012,3680,3823,-143
102000018,4119,2696,1423
102000019,3087,1385,1702
102000026,282,541,-259
102000029,484,177,307
102000030,65,270,-205
102000031,20,284,-264
102000032,291,427,-136
102000033,136,490,-354
102000034,600,476,124
102000035,1217,633,584
102000036,4,209,-205
102000037,127,94,33
102000038,89,77,12
102000039,98,51,47
102000040,548,123,425
102000041,220,178,42
102000042,235,104,131
102000043,412,192,220
102000044,271,476,-205
102000045,689,1228,-539
102000046,839,526,313
102000047,793,1295,-502
102000048,165,761,-596
102000049,833,631,202
102000050,1026,1188,-162
102000051,333,556,-223
102000052,1262,950,312
102000053,665,895,-230
102000054,232,911,-679
102000055,762,1186,-424
102000056,617,1738,-1121
102000057,1731,680,1051
102000058,1395,2333,-938
102000059,1282,1722,-440
102000060,1275,1243,32
102000061,1304,3181,-1877
102000062,977,1553,-576
102000063,1195,1665,-470
102000064,447,674,-227
102000065,32,121,-89
102000066,1564,1115,449
102000067,2840,2957,-117
102000068,9674,2770,6904
102000069,52,1771,-1719
102000070,2353,81,2272
102000071,7517,10326,-2809
102000072,3461,5096,-1635
102000073,1882,1472,410
102000074,1130,1040,90
102000075,266,313,-47
102000076,349,567,-218
102000077,306,1376,-1070
102000078,741,1180,-439
102000079,127,295,-168
102000080,325,260,65
102000081,277,952,-675
102000082,722,437,285
102000083,292,820,-528
102000084,165,477,-312
102000085,1571,1603,-32
102000086,1209,1291,-82
102000087,719,2464,-1745
102000088,166,338,-172
102000089,984,547,437
102000090,472,1473,-1001
102000091,1553,644,909
102000092,689,1196,-507
102000093,738,625,113
102000094,1410,479,931
102000095,1152,1554,-402
102000096,1867,786,1081
102000097,1940,1409,531
102000098,715,1177,-462
102000099,1081,576,505
102000100,1172,754,418
102000101,1698,332,1366
102000102,476,1602,-1126
102000103,1480,296,1184
102000104,1167,424,743
102000105,159,963,-804
102000106,652,1129,-477
102000107,544,623,-79
102000108,478,328,150
102000109,327,728,-401
102000110,476,1928,-1452
102000111,7,377,-370
102000112,150,65,85
102000113,13,48,-35
102000114,1041,333,708
102000115,225,169,56
102000116,555,256,299
102000117,318,565,-247
102000118,1810,1085,725
102000119,2900,504,2396
102000120,115,566,-451
102000121,1242,536,706
102000122,475,763,-288
102000123,1692,1148,544
102000124,1177,895,282
102000125,1096,949,147
102000126,609,692,-83
102000127,1085,777,308
102000128,436,1223,-787
102000129,1308,1116,192
102000130,482,823,-341
102000131,2742,735,2007
102000132,1101,733,368
102000133,1187,2973,-1786
102000134,425,797,-372
102000135,1128,670,458
102000136,1276,420,856
102000137,1289,939,350
102000138,288,494,-206
102000139,64,411,-347
102000140,233,213,20
102000141,214,597,-383
102000142,113,484,-371
102000143,75,575,-500
102000144,95,628,-533
102000145,254,614,-360
102000146,251,350,-99
102000147,309,384,-75
102000148,220,228,-8
102000149,113,778,-665
102000150,211,266,-55
102000151,95,449,-354
102000152,66,170,-104
102000153,822,300,522
102000154,441,708,-267
102000155,129,296,-167
102000156,378,46,332
102000157,74,181,-107
102000158,249,181,68
102000159,1969,253,1716
102000161,6024,1511,4513
102000162,249,150,99
102000163,128,477,-349
102000164,1688,841,847
102000165,298,174,124
102000166,27,93,-66
102000167,219,215,4
102000168,187,99,88
102000169,98,453,-355
102000170,939,127,812
102000171,146,80,66
102000172,99,201,-102
102000173,251,201,50
102000174,30,79,-49
102000175,142,188,-46
102000176,31,52,-21
102000178,262,720,-458
102000179,238,225,13
102000180,526,721,-195
102000181,354,843,-489
102000182,399,707,-308
102000183,1145,2394,-1249
102000184,1011,1035,-24
102000185,1479,1958,-479
102000186,674,2377,-1703
102000187,610,2165,-1555
102000188,518,1745,-1227
102000189,3646,1152,2494
102000190,875,2673,-1798
102000191,1603,677,926
102000192,757,1199,-442
102000193,57,236,-179
102000194,66,188,-122
102000195,342,746,-404
102000196,87,708,-621
102000197,350,682,-332
102000198,152,1123,-971
102000199,350,523,-173
102000200,266,1481,-1215
102000201,527,664,-137
102000202,4,197,-193
102000203,183,351,-168
102000204,257,1316,-1059
102000205,634,945,-311
102000206,478,860,-382
102000207,668,548,120
102000208,244,682,-438
102000209,23,55,-32
102000210,199,698,-499
102000211,273,518,-245
102000212,113,15,98
102000213,2,476,-474
102000214,125,26,99
102000215,2,810,-808
102000216,26,37,-11
102000217,19,261,-242
102000218,109,56,53
102000219,435,500,-65
102000225,842,927,-85
102000226,11774,1058,10716
102000227,120,5,115
102000228,0,89,-89
102000229,23,44,-21
102000230,313,747,-434
102000231,170,506,-336
102000232,11,153,-142
102000233,366,665,-299
102000234,84,1749,-1665
102000236,411,75,336
102000237,420,189,231
102000238,168,299,-131
102000240,664,541,123
102000241,269,153,116
102000243,14,76,-62
102000245,25,113,-88
102000246,21,37,-16
102000247,356,998,-642
102000248,167,390,-223
102000249,93,214,-121
102000250,31,544,-513
102000254,46,629,-583
102000266,51,199,-148
102000271,11,1,10
102000286,559,411,148
102000297,1607,953,654
102000299,0,0,0
102000300,0,0,0
102000301,0,1,-1
102000303,0,0,0
102000305,0,0,0
102000306,0,0,0
102000307,0,11,-11
102000308,8,11,-3
102900001,1157,1088,69
102900002,450,33,417
102900003,27,388,-361
102900005,235,388,-153
102900006,399,232,167
102900007,579,32,547
102900008,233,101,132
102900009,624,173,451
102900010,625,661,-36
102900011,2480,298,2182
102900012,350,62,288
102900013,11,101,-90
102900015,902,229,673
102900016,60,136,-76
102900017,88,797,-709
102900018,15,158,-143
102900019,368,534,-166
102900020,69,44,25
102900021,9,131,-122
102900022,340,55,285
102900023,24,46,-22
102900024,23,48,-25
102900025,390,120,270
102900026,670,1120,-450
102900027,68,60,8
102900028,84,420,-336
102900029,110,126,-16
102900030,312,188,124
102900031,84,194,-110
102900032,25,124,-99
102900033,129,212,-83
102900034,157,145,12
102900035,61,545,-484
102900036,189,757,-568
102900037,158,924,-766
102900038,436,616,-180
102900039,37,414,-377
102900040,105,209,-104
102900041,70,188,-118
102900042,156,333,-177
102900043,88,244,-156
102900044,579,2298,-1719
102900045,67,659,-592
102900046,71,377,-306
102900047,74,826,-752
102900048,542,865,-323
102900049,66,431,-365
102900050,333,396,-63
102900051,171,179,-8
102900052,72,39,33
102900053,315,859,-544
102900054,1055,843,212
102900055,81,125,-44
102900056,185,613,-428
102900057,2,31,-29
102900058,383,53,330
102900059,9,51,-42
102900060,50,454,-404
102900061,110,498,-388
102900062,95,1796,-1701
102900063,546,439,107
102900064,200,512,-312
102900065,1879,800,1079
102900066,363,39,324
102900068,64,87,-23
102900070,143,828,-685
102900072,7,19,-12
102900073,147,15,132
102900074,269,182,87
102900075,30,52,-22
102900076,352,78,274
102900077,58,40,18
102900078,40,89,-49
102900079,331,25,306
102900080,332,21,311
102900081,101,276,-175
102900082,14,295,-281
102900083,397,12,385
102900084,8,19,-11
102900085,149,56,93
102900086,5,33,-28
102900087,66,153,-87
102900088,23,36,-13
102900089,276,151,125
102900090,3,569,-566
102900091,85,6,79
102900092,249,1100,-851
102900093,224,208,16
102900094,0,64,-64
102900095,66,8,58
102900096,22,5,17
102900097,99,276,-177
103000001,2184,2731,-547
103000002,2024,2240,-216
103000003,3450,2684,766
103000004,1024,777,247
103000005,2362,2411,-49
103000006,536,1485,-949
103000007,370,962,-592
103000008,883,1056,-173
103000009,766,976,-210
103000010,83,134,-51
103000011,1990,1168,822
103000012,1225,1365,-140
103000013,8225,2184,6041
103000014,1492,1671,-179
103000015,2850,888,1962
103000016,661,853,-192
103000017,115,326,-211
103000018,1099,429,670
103000019,176,158,18
103000020,1762,1392,370
103000021,1242,1377,-135
103000022,859,1273,-414
103000023,371,1208,-837
103000024,122,203,-81
103000025,52,283,-231
103000026,2102,153,1949
103000027,248,397,-149
103000028,955,385,570
103000029,717,212,505
103000030,2418,582,1836
103000031,1761,1254,507
103000032,2079,1817,262
103000033,2707,2511,196
103000034,2318,1033,1285
103000035,516,989,-473
103000036,517,515,2
103000037,884,471,413
103000038,629,822,-193
103000039,256,604,-348
103000040,230,1526,-1296
103000041,1504,3427,-1923
103000042,623,842,-219
103000043,371,1400,-1029
103000044,160,350,-190
103000046,261,337,-76
103000047,508,1018,-510
103000048,121,159,-38
103000049,91,267,-176
103000050,530,766,-236
103000051,303,647,-344
103000052,629,479,150
103000053,134,481,-347
103000054,1839,1234,605
103000055,1483,1841,-358
103000056,522,2987,-2465
103000057,492,406,86
103000058,356,1134,-778
103000059,289,930,-641
103000060,625,924,-299
103000061,299,787,-488
103000062,1027,1019,8
103000063,612,747,-135
103000064,71,337,-266
103000065,2,416,-414
103000066,121,11,110
103000069,157,473,-316
103000070,722,1517,-795
103000071,648,386,262
103000072,86,1133,-1047
103000073,291,146,145
103000074,415,92,323
103000075,113,1093,-980
103000076,195,180,15
103000077,43,437,-394
103000078,1226,383,843
103000079,1536,467,1069
103000080,1436,199,1237
103000081,564,751,-187
103000082,350,167,183
103000083,105,468,-363
103000084,115,6,109
103000085,3,102,-99
103000086,656,306,350
103000087,138,502,-364
103000088,316,389,-73
103000089,185,278,-93
103000090,1666,1099,567
103000091,555,420,135
103000092,216,384,-168
103000093,367,622,-255
103000094,106,131,-25
103000095,29,485,-456
103000096,786,124,662
103000097,66,827,-761
103000098,1268,169,1099
103000099,472,743,-271
103000100,97,1083,-986
103000101,537,176,361
103000102,116,664,-548
103000103,490,242,248
103000104,39,196,-157
103000105,96,173,-77
103000106,4,137,-133
103000107,343,106,237
103000108,474,608,-134
103000109,418,368,50
103000110,393,445,-52
103000111,647,429,218
103000112,331,311,20
103000113,683,679,4
103000114,819,337,482
103000115,410,539,-129
103000116,443,529,-86
103000117,126,557,-431
103000118,1312,1249,63
103000119,2027,786,1241
103000120,75,99,-24
103000121,294,659,-365
103000122,312,226,86
103000125,10,548,-538
103000126,289,4,285
103000127,0,328,-328
103000128,87,1,86
103000129,1,201,-200
103000130,42,31,11
103000131,223,89,134
103000132,74,122,-48
103000133,8,232,-224
103000134,960,573,387
103000135,1094,254,840
103000136,790,361,429
103000137,593,611,-18
103000138,905,637,268
103000139,6,54,-48
103000140,158,31,127
103000141,26,137,-111
103000142,149,85,64
103000143,51,260,-209
103000144,111,97,14
103000145,63,29,34
103000150,65,76,-11
103000152,198,260,-62
103000153,147,177,-30
103000156,4,604,-600
103000157,203,3,200
103000159,141,126,15
103000162,91,41,50
103000163,6,14,-8
103000164,23,20,3
103000165,161,542,-381
103000166,123,162,-39
103000167,171,113,58
103000168,43,187,-144
103000169,186,342,-156
103000170,552,552,0
103000171,45,94,-49
103000172,247,405,-158
103000173,187,1058,-871
103000174,122,349,-227
103000175,127,544,-417
103000176,830,261,569
103000177,931,431,500
103000178,431,343,88
103000179,60,28,32
103000183,51,43,8
103000185,42,125,-83
103000186,46,208,-162
103000187,199,779,-580
103000188,21,114,-93
103000189,823,1061,-238
103000191,785,840,-55
103000292,3145,926,2219
103000293,1780,1149,631
103000295,108,76,32
103000296,201,0,201
103000297,82,13,69
103000504,176,14,162
103000505,5,6,-1
103000506,2,259,-257
103000507,81,1,80
103000508,78,22,56
103000509,192,670,-478
103900001,6,593,-587
103900002,2051,265,1786
103900003,2013,91,1922
103900004,25,3,22
103900005,3,291,-288
103900006,2,0,2
103900007,21,52,-31
103900008,5,0,5
103900009,164,260,-96
103900010,124,283,-159
103900011,63,301,-238
103900012,3,10,-7
103900013,25,91,-66
103900014,15,49,-34
103900015,28,13,15
103900016,226,307,-81
103900017,16,119,-103
103900018,831,174,657
103900019,44,209,-165
103900020,138,331,-193
103900021,1080,68,1012
103900022,840,758,82
103900023,90,2,88
103900024,129,807,-678
103900025,5,45,-40
103900026,5,1,4
103900027,398,326,72
103900028,15,225,-210
103900029,740,159,581
103900030,132,31,101
103900031,14,0,14
103900032,35,31,4
103900033,69,3,66
103900034,23,339,-316
103900035,36,96,-60
103900036,34,29,5
103900037,58,27,31
103900038,65,107,-42
103900039,38,575,-537
103900040,1,275,-274
103900041,21,31,-10
103900042,18,545,-527
103900043,54,135,-81
103900044,321,159,162
103900045,151,192,-41
103900047,16,40,-24
103900048,75,35,40
103900049,225,1448,-1223
103900050,3,89,-86
103900051,0,26,-26
103900052,115,733,-618
103900053,77,1335,-1258
103900054,37,785,-748
103900055,318,230,88
103900056,14,65,-51
103900057,12,371,-359
103900058,109,1042,-933
103900059,0,1,-1
103900060,20,254,-234
103900061,36,67,-31
103900062,77,40,37
103900063,2,0,2
103900064,32,4,28
103900065,916,325,591
103900066,71,22,49
103900067,53,11,42
103900068,4,2,2
103900069,75,3,72
103900070,90,299,-209
103900071,10,206,-196
103900072,3,368,-365
103900073,31,15,16
103900074,24,97,-73
103900075,205,139,66
103900076,203,858,-655
103900077,89,43,46
103900078,73,153,-80
103900079,95,292,-197
103900080,4,35,-31
103900081,111,6,105
103900082,3,111,-108
103900083,2605,424,2181
103900084,73,117,-44
103900085,97,123,-26
103900086,247,269,-22
103900087,17,103,-86
103900088,383,160,223
103900089,30,141,-111
103900090,1,280,-279
103900091,959,281,678
103900092,246,540,-294
103900093,114,543,-429
103900094,14,202,-188
103900095,130,162,-32
103900096,13,445,-432
103900097,3,693,-690
103900098,95,71,24
103900099,11,384,-373
103900100,112,456,-344
103900101,65,1098,-1033
103900102,2,42,-40
103900104,1,27,-26
103900105,99,191,-92
103900106,0,19,-19
103900107,46,270,-224
103900108,45,547,-502
103900109,51,87,-36
103900110,224,49,175
103900111,34,981,-947
103900112,8,53,-45
103900113,112,193,-81
103900114,505,347,158
103900115,256,69,187
103900116,8007,1416,6591
103900117,310,133,177
103900119,43,49,-6
103900120,43,103,-60
103900122,55,409,-354
103900123,1766,549,1217
103900124,28,703,-675
103900125,46,114,-68
103900126,283,614,-331
103900127,106,932,-826
103900128,49,272,-223
103900131,17,149,-132
103900133,790,16,774
103900134,1,0,1
103900135,42,9,33
103900137,0,85,-85
103900138,24,467,-443
103900139,195,1028,-833
103900140,1,33,-32
103900141,213,74,139
103900142,79,245,-166
103900143,12,2,10
103900144,1,83,-82
103900145,161,334,-173
103900146,278,416,-138
103900147,224,132,92
103900148,71,223,-152
103900149,88,948,-860
103900150,8910,2140,6770
103900151,51,188,-137
103900152,306,992,-686
103900153,6,1,5
103900154,1577,766,811
103900155,15,247,-232
103900156,6,259,-253
103900157,15,341,-326
103900158,17,215,-198
103900159,39,69,-30
103900160,10,18,-8
103900161,57,170,-113
103900162,45,288,-243
103900163,8,353,-345
103900164,17,5,12
103900167,19,57,-38
103900168,52,140,-88
103900169,21,30,-9
103900170,7,98,-91
103900171,4,94,-90
103900172,12,27,-15
103900173,8,16,-8
103900174,85,90,-5
103900175,64,33,31
103900176,7,17,-10
103900177,5,46,-41
103900178,30,98,-68
103900179,30,213,-183
103900180,11,92,-81
103900181,78,35,43
103900182,54,12,42
103900184,584,33,551
103900185,235,93,142
103900187,53,39,14
103900188,34,10,24
103900189,78,10,68
103900190,42,64,-22
103900191,24,59,-35
103900192,25,79,-54
103900193,220,182,38
103900194,53,482,-429
103900195,5,28,-23
103900196,19,14,5
103900197,12,36,-24
103900198,11,77,-66
103900199,104,85,19
103900200,118,218,-100
103900201,66,220,-154
103900202,10,72,-62
103900203,12,12,0
103900204,2,165,-163
103900207,1,231,-230
103900208,39,0,39
103900209,8,131,-123
103900210,21,26,-5
103900211,324,819,-495
103900212,58,547,-489
103900213,154,283,-129
103900214,224,81,143
103900215,751,282,469
103900216,9,514,-505
103900217,289,27,262
103900218,1,219,-218
103900219,39,308,-269
103900233,127,3,124
103900235,52,36,16
103900236,25,3,22
103900242,4,19,-15
103900243,3,3,0
103900244,64,445,-381
103900245,28,312,-284
103900246,24,32,-8
103900247,35,128,-93
103900248,7,23,-16
103900249,12,30,-18
103900250,27,11,16
103900251,5,26,-21
103900253,12,21,-9
103900254,0,12,-12
103900255,5,10,-5
103900256,25,10,15
103900257,34,85,-51
103900258,25,3,22
103900259,71,6,65
103900261,4,0,4
103900262,11,1,10
103900263,36,27,9
103900264,74,9,65
103900265,43,9,34
103900266,2,42,-40
103900267,4,65,-61
103900268,1,104,-103
103900269,87,259,-172
103900270,32,172,-140
104000001,1964,2546,-582
104000002,1560,2792,-1232
104000003,2734,2403,331
104000004,4088,2854,1234
104000005,918,2074,-1156
104000006,2963,3250,-287
104000007,4186,3950,236
104000008,269,586,-317
104000009,91,173,-82
104000010,116,221,-105
104000011,956,571,385
104000012,177,523,-346
104000013,122,172,-50
104000014,211,865,-654
104000015,238,196,42
104000016,585,530,55
104000018,460,160,300
104000019,380,104,276
104000020,214,1028,-814
104000021,299,957,-658
104000022,98,366,-268
104000023,374,385,-11
104000024,169,479,-310
104000026,39,313,-274
104000027,240,608,-368
104000028,277,321,-44
104000029,427,792,-365
104000030,195,288,-93
104000031,643,282,361
104000032,231,506,-275
104000033,421,434,-13
104000034,303,514,-211
104000035,473,534,-61
104000036,415,866,-451
104000037,265,382,-117
104000038,262,351,-89
104000039,202,631,-429
104000040,502,687,-185
104000041,443,355,88
104000042,210,500,-290
104000043,241,476,-235
104000044,184,958,-774
104000045,872,1447,-575
104000046,1589,1916,-327
104000047,791,1717,-926
104000048,1362,2573,-1211
104000049,298,343,-45
104000050,183,635,-452
104000051,65,751,-686
104000052,896,1617,-721
104000053,687,701,-14
104000054,498,799,-301
104000055,4237,3518,719
104000056,1826,243,1583
104000057,105,622,-517
104000058,517,804,-287
104000059,401,1313,-912
104000060,628,1120,-492
104000061,899,1552,-653
104000062,206,167,39
104000064,732,324,408
104000065,90,420,-330
104000069,1624,539,1085
104000070,67,430,-363
104000071,112,462,-350
104000072,663,227,436
104000075,43,328,-285
104000076,431,164,267
104000082,2171,2471,-300
104000083,740,186,554
104000084,145,540,-395
104000085,191,233,-42
104000086,164,456,-292
104000087,524,1111,-587
104000090,581,2082,-1501
104000092,591,3421,-2830
104000094,680,2828,-2148
104000095,1306,1501,-195
104000096,906,478,428
104000097,1149,1391,-242
104000098,1272,1570,-298
104000100,1025,828,197
104000101,710,2758,-2048
104000106,110,656,-546
104000107,528,738,-210
104000108,390,674,-284
104000109,244,57,187
104000110,963,991,-28
104000111,6835,1750,5085
104000112,3194,597,2597
104000116,5,1498,-1493
104000117,97,1276,-1179
104000118,307,256,51
104000119,404,259,145
104000120,169,1256,-1087
104000121,197,716,-519
104000122,504,800,-296
104000123,1034,1922,-888
104000124,2291,3325,-1034
104000125,6127,2866,3261
104000126,313,565,-252
104000127,1920,5721,-3801
104000128,1002,640,362
104000129,557,34,523
104000130,6,281,-275
104000131,1275,831,444
104000132,798,1185,-387
104000133,1075,941,134
104000134,893,1543,-650
104000135,517,996,-479
104000136,1040,2302,-1262
104000137,2385,292,2093
104000138,1474,461,1013
104000139,11974,3497,8477
104000141,1637,2298,-661
104000142,669,1356,-687
104000143,467,939,-472
104000144,43,224,-181
104000145,383,213,170
104000146,439,747,-308
104000147,110,456,-346
104000148,197,169,28
104000149,149,561,-412
104000150,620,451,169
104000151,335,819,-484
104000152,461,1025,-564
104000153,224,448,-224
104000154,1227,934,293
104000155,314,481,-167
104000157,1206,2155,-949
104000158,284,290,-6
104000159,555,341,214
104000160,1625,1402,223
104000161,202,177,25
104000162,59,107,-48
104000165,1423,1195,228
104000167,447,598,-151
104000168,558,3,555
104000169,42,61,-19
104000170,1172,354,818
104000248,197,934,-737
104000251,67,392,-325
104000272,0,0,0
104000273,0,0,0
104000274,0,0,0
104000275,0,0,0
104000279,789,701,88
104000290,56,413,-357
104000291,506,1183,-677
104000293,560,816,-256
104000294,11,1,10
104000295,428,871,-443
104000296,184,851,-667
104000297,860,1683,-823
104000298,2366,1119,1247
104000299,657,1481,-824
104900001,65,471,-406
104900002,49,81,-32
104900003,32,471,-439
104900004,78,469,-391
104900005,121,152,-31
104900006,100,98,2
104900007,168,277,-109
104900009,71,561,-490
104900010,25,10,15
104900011,11,1,10
104900012,113,3,110
104900013,65,4,61
104900014,4613,414,4199
104900015,81,2,79
104900016,99,421,-322
104900017,43,194,-151
104900018,4,230,-226
104900019,294,1239,-945
104900020,39,412,-373
104900021,3,465,-462
104900022,15,163,-148
104900023,4,215,-211
104900024,23,133,-110
104900025,34,440,-406
104900026,5,179,-174
104900027,245,232,13
104900028,27,130,-103
104900029,74,164,-90
104900030,313,185,128
104900031,188,225,-37
104900032,36,237,-201
104900033,91,298,-207
104900034,207,102,105
104900035,142,104,38
104900036,81,61,20
104900037,98,329,-231
104900038,806,515,291
104900039,1433,202,1231
104900040,162,72,90
104900041,173,138,35
104900042,98,446,-348
104900043,10,45,-35
104900044,292,186,106
104900045,297,67,230
104900046,77,133,-56
104900047,177,160,17
104900048,186,123,63
104900049,10,12,-2
104900050,102,131,-29
104900051,131,38,93
104900052,45,1,44
104900053,253,70,183
104900054,194,52,142
104900055,42,1,41
104900056,84,9,75
104900057,9,2,7
104900058,1254,114,1140
104900059,23,48,-25
104900060,1,382,-381
104900061,271,835,-564
104900063,0,147,-147
104900064,2,143,-141
104900065,0,118,-118
104900066,1,270,-269
104900067,2,236,-234
104900068,16,250,-234
104900070,115,337,-222
104900071,3,884,-881
104900072,51,251,-200
104900073,23,352,-329
104900074,26,266,-240
104900075,54,84,-30
104900076,70,539,-469
104900077,1583,98,1485
104900078,95,995,-900
104900079,149,184,-35
104900080,37,728,-691
104900082,15,298,-283
104900085,1,297,-296
104900087,321,2,319
104900089,114,0,114
104900090,437,446,-9
104900091,522,1152,-630
104900093,200,681,-481
104900097,4065,1395,2670
104900098,67,31,36
104900099,125,374,-249
104900100,826,297,529
104900102,15,282,-267
104900103,443,129,314
104900104,4770,1279,3491
104900106,27,165,-138
104900107,39,373,-334
104900108,24,455,-431
104900109,59,275,-216
104900110,13,39,-26
104900111,105,104,1
104900112,158,1185,-1027
104900113,485,577,-92
104900114,215,972,-757
104900115,375,641,-266
104900116,113,387,-274
104900118,11,87,-76
104900119,0,37,-37
104900120,62,98,-36
104900121,2,194,-192
104900122,2,151,-149
104900123,19,5,14
104900124,12,0,12
104900125,441,2,439
104900126,83,42,41
104900127,18,29,-11
104900128,62,205,-143
104900129,3327,965,2362
105000001,2043,1991,52
105000002,1796,2121,-325
105000003,2431,4507,-2076
105000004,474,1299,-825
105000005,710,1281,-571
105000006,864,1455,-591
105000007,749,1229,-480
105000008,1302,1604,-302
105000009,1155,2696,-1541
105000010,3301,2951,350
105000011,1817,1987,-170
105000012,4314,3893,421
105000013,538,870,-332
105000014,1164,1909,-745
105000015,8717,5822,2895
105000016,3774,2175,1599
105000017,1710,1236,474
105000018,1529,885,644
105000019,1791,1070,721
105000020,278,264,14
105000021,303,137,166
105000022,161,44,117
105000023,457,246,211
105000028,49,147,-98
105000029,319,891,-572
105000030,4479,4300,179
105000033,1007,2520,-1513
105000034,117,539,-422
105000037,693,571,122
105000038,1701,1221,480
105000039,3711,2382,1329
105000040,640,618,22
105000041,846,1646,-800
105000042,2485,1101,1384
105000043,2549,2811,-262
105000044,252,353,-101
105000045,329,1016,-687
105000046,534,413,121
105000047,399,1737,-1338
105000048,403,220,183
105000049,238,855,-617
105000050,318,349,-31
105000051,214,596,-382
105000052,539,950,-411
105000053,136,176,-40
105000054,197,1090,-893
105000055,293,542,-249
105000056,714,2961,-2247
105000057,963,1148,-185
105000058,1488,1769,-281
105000059,505,508,-3
105000060,388,807,-419
105000061,329,497,-168
105000062,789,1341,-552
105000063,290,868,-578
105000064,633,715,-82
105000065,331,1180,-849
105000066,1071,2524,-1453
105000067,789,686,103
105000068,442,1161,-719
105000069,3300,639,2661
105000070,944,819,125
105000071,176,449,-273
105000072,498,841,-343
105000073,705,614,91
105000074,1036,1170,-134
105000075,485,987,-502
105000076,1305,1316,-11
105000077,2437,914,1523
105000078,1581,1133,448
105000079,2008,1851,157
105000080,1932,1090,842
105000081,1238,852,386
105000082,498,434,64
105000083,1184,811,373
105000084,512,1289,-777
105000085,1096,1118,-22
105000086,526,899,-373
105000087,2369,2142,227
105000088,1481,1364,117
105000089,3594,2697,897
105000090,1246,1092,154
105000091,2133,2302,-169
105000092,743,1333,-590
105000093,352,193,159
105000094,295,237,58
105000095,54,408,-354
105000096,906,701,205
105000097,1000,711,289
105000098,529,591,-62
105000099,756,1003,-247
105000100,769,1365,-596
105000101,1513,2518,-1005
105000102,1401,1755,-354
105000103,1341,2588,-1247
105000104,1554,1114,440
105000105,926,2000,-1074
105000106,1122,1838,-716
105000107,774,1213,-439
105000108,957,2264,-1307
105000109,1051,1949,-898
105000110,563,1059,-496
105000111,359,608,-249
105000112,1078,1077,1
105000113,436,547,-111
105000114,4246,1064,3182
105000115,292,631,-339
105000116,540,595,-55
105000117,661,1711,-1050
105000118,233,446,-213
105000119,481,1539,-1058
105000120,618,708,-90
105000121,726,1391,-665
105000122,184,523,-339
105000123,1129,1892,-763
105000124,1180,1114,66
105000125,509,2129,-1620
105000126,1622,2487,-865
105000127,1972,2212,-240
105000128,320,1600,-1280
105000129,641,349,292
105000130,110,871,-761
105000131,512,432,80
105000132,588,405,183
105000133,303,1311,-1008
105000134,412,621,-209
105000135,367,745,-378
105000136,55,301,-246
105000137,203,332,-129
105000138,101,276,-175
105000139,1063,1343,-280
105000140,131,541,-410
105000141,207,843,-636
105000142,82,500,-418
105000143,259,752,-493
105000144,219,662,-443
105000145,389,632,-243
105000146,569,738,-169
105000147,345,393,-48
105000148,1284,641,643
105000149,1812,1746,66
105000150,2626,1451,1175
105000151,312,343,-31
105000152,215,772,-557
105000153,493,456,37
105000154,884,964,-80
105000155,245,586,-341
105000156,1146,953,193
105000157,1359,2283,-924
105000158,1839,865,974
105000159,426,1493,-1067
105000160,1128,677,451
105000161,747,2310,-1563
105000162,442,1238,-796
105000163,1403,1469,-66
105000164,224,398,-174
105000165,1648,3307,-1659
105000166,9221,308,8913
105000167,3404,1129,2275
105000168,246,1068,-822
105000169,254,611,-357
105000170,109,1347,-1238
105000171,1080,344,736
105000172,55,60,-5
105000173,35,19,16
105000174,31,33,-2
105000175,104,169,-65
105000176,77,84,-7
105000177,78,134,-56
105000178,117,881,-764
105000179,130,114,16
105000180,43,113,-70
105000181,50,560,-510
105000182,19,63,-44
105000183,2742,1393,1349
105000184,1318,841,477
105000185,1381,652,729
105000186,481,1030,-549
105000187,611,311,300
105000188,210,124,86
105000189,206,701,-495
105000190,173,383,-210
105000191,256,525,-269
105000192,104,91,13
105000193,73,170,-97
105000194,145,142,3
105000195,302,1372,-1070
105000196,19,57,-38
105000197,229,860,-631
105000198,607,355,252
105000199,218,161,57
105000200,101,254,-153
105000201,68,17,51
105000203,4,268,-264
105000204,45,119,-74
105000205,81,281,-200
105000207,784,301,483
105000208,282,362,-80
105000209,152,415,-263
105000212,877,1708,-831
105000213,242,192,50
105000214,84,261,-177
105000215,123,362,-239
105000216,56,437,-381
105000217,198,446,-248
105000218,599,1144,-545
105000221,100,281,-181
105000222,63,57,6
105000223,106,213,-107
105000226,17,506,-489
105000227,21,250,-229
105000228,237,751,-514
105000229,45,163,-118
105000231,121,292,-171
105000233,519,629,-110
105000234,501,1450,-949
105000235,241,478,-237
105000237,524,64,460
105000243,16,192,-176
105000248,97,54,43
105000262,212,2329,-2117
105000269,105,191,-86
105000270,215,109,106
105000271,1,337,-336
105000282,120,51,69
105000287,310,139,171
105000288,447,447,0
105000289,986,811,175
105000290,4,3,1
105000402,5751,1754,3997
105000426,641,546,95
105000438,837,580,257
105000446,15022,5267,9755
105000447,8727,3095,5632
105000454,141,1089,-948
105000455,218,251,-33
105000474,17,1,16
105000477,210,414,-204
105000478,1025,1833,-808
105000479,90,110,-20
105000480,1746,1931,-185
105000481,2251,2048,203
105000482,4852,3160,1692
105000483,986,1267,-281
105000484,2631,3070,-439
105000485,1294,1340,-46
105000486,4527,2681,1846
105000488,3226,3284,-58
105000489,530,842,-312
105000549,10,152,-142
105000550,516,1325,-809
105000551,50,120,-70
105000552,3963,2281,1682
105900001,10,810,-800
105900002,1861,314,1547
105900003,3,105,-102
105900004,352,180,172
105900005,4,287,-283
105900006,2,33,-31
105900007,30,8,22
105900008,48,868,-820
105900009,9,12,-3
105900011,107,57,50
105900012,424,164,260
105900013,4,11,-7
105900014,6,83,-77
105900015,155,348,-193
105900016,205,1073,-868
105900017,516,49,467
105900018,249,293,-44
105900019,151,660,-509
105900020,27,78,-51
105900021,13,500,-487
105900022,230,412,-182
105900023,2,155,-153
105900024,6,275,-269
105900025,60,42,18
105900026,184,43,141
105900027,5480,3570,1910
105900028,43,152,-109
105900029,2223,403,1820
105900030,144,311,-167
105900031,459,198,261
105900032,50,171,-121
105900033,80,120,-40
105900034,136,263,-127
105900035,196,210,-14
105900036,38,140,-102
105900037,39,88,-49
105900038,133,291,-158
105900039,44,149,-105
105900040,48,101,-53
105900041,179,399,-220
105900042,38,117,-79
105900043,1918,66,1852
105900044,3,170,-167
105900045,0,634,-634
105900046,1,179,-178
105900047,39,44,-5
105900048,54,495,-441
105900050,2261,879,1382
105900051,7,1364,-1357
105900052,275,63,212
105900053,4521,1104,3417
105900054,275,316,-41
105900056,996,246,750
105900057,30,151,-121
105900058,4,35,-31
105900059,0,41,-41
106000001,4294,1396,2898
106000002,3534,4435,-901
106000003,2890,2453,437
106000004,2326,2535,-209
106000005,2496,5091,-2595
106000006,6273,5245,1028
106000007,375,582,-207
106000008,492,287,205
106000009,377,410,-33
106000010,514,656,-142
106000011,657,1030,-373
106000012,666,1895,-1229
106000013,1401,1998,-597
106000014,2178,2093,85
106000015,1136,1192,-56
106000016,1130,2801,-1671
106000017,721,772,-51
106000018,523,798,-275
106000019,275,421,-146
106000020,209,613,-404
106000021,217,523,-306
106000022,247,410,-163
106000023,443,414,29
106000024,516,934,-418
106000025,74,182,-108
106000026,232,365,-133
106000027,792,1419,-627
106000028,424,911,-487
106000029,963,1890,-927
106000030,1163,420,743
106000034,160,635,-475
106000035,748,1065,-317
106000036,382,386,-4
106000037,1779,1645,134
106000038,708,111,597
106000039,241,56,185
106000040,212,663,-451
106000041,1033,323,710
106000043,522,95,427
106000046,363,47,316
106000047,35,336,-301
106000049,406,126,280
106000050,256,952,-696
106000051,394,347,47
106000052,57,834,-777
106000053,115,116,-1
106000054,385,600,-215
106000055,514,841,-327
106000056,280,582,-302
106000057,225,197,28
106000058,166,201,-35
106000059,135,271,-136
106000060,507,725,-218
106000061,181,406,-225
106000062,197,677,-480
106000063,479,393,86
106000064,24,460,-436
106000065,213,199,14
106000066,78,505,-427
106000067,191,112,79
106000068,44,771,-727
106000069,96,93,3
106000070,341,975,-634
106000071,556,265,291
106000072,5020,1513,3507
106000073,1984,2280,-296
106000074,251,607,-356
106000075,226,1208,-982
106000076,1198,1706,-508
106000077,3315,1338,1977
106000078,710,983,-273
106000079,548,1201,-653
106000080,893,940,-47
106000081,430,1254,-824
106000082,2357,1089,1268
106000083,308,1347,-1039
106000084,976,735,241
106000085,1637,1057,580
106000086,617,719,-102
106000087,784,652,132
106000088,439,762,-323
106000089,746,580,166
106000090,267,672,-405
106000091,221,775,-554
106000092,572,291,281
106000093,162,99,63
106000094,104,385,-281
106000095,340,1340,-1000
106000096,577,823,-246
106000097,591,1651,-1060
106000098,440,1138,-698
106000099,147,1043,-896
106000100,578,311,267
106000101,482,315,167
106000102,96,633,-537
106000103,289,699,-410
106000104,534,550,-16
106000105,349,1153,-804
106000106,391,578,-187
106000107,64,488,-424
106000108,161,409,-248
106000109,73,411,-338
106000110,113,404,-291
106000111,124,749,-625
106000112,145,455,-310
106000113,1095,794,301
106000114,394,507,-113
106000115,174,635,-461
106000116,130,275,-145
106000117,1028,828,200
106000118,899,1098,-199
106000119,2604,1336,1268
106000120,848,713,135
106000121,106,191,-85
106000122,48,334,-286
106000123,199,290,-91
106000124,36,461,-425
106000125,34,546,-512
106000126,110,233,-123
106000127,433,1094,-661
106000128,362,339,23
106000129,287,850,-563
106000130,493,426,67
106000131,94,672,-578
106000132,875,136,739
106000133,4279,957,3322
106000134,809,670,139
106000135,212,955,-743
106000136,526,397,129
106000137,54,1840,-1786
106000138,480,61,419
106000139,44,158,-114
106000140,18,178,-160
106000141,41,187,-146
106000142,46,85,-39
106000143,16,123,-107
106000144,16,101,-85
106000145,122,514,-392
106000146,169,259,-90
106000147,421,558,-137
106000148,651,846,-195
106000149,398,531,-133
106000150,503,1765,-1262
106000151,5196,907,4289
106000152,1755,1140,615
106000153,80,1429,-1349
106000154,1786,238,1548
106000155,66,181,-115
106000156,533,387,146
106000157,581,2104,-1523
106000158,3432,823,2609
106000159,5120,1419,3701
106000160,179,1878,-1699
106000161,1452,535,917
106000162,151,744,-593
106000163,200,649,-449
106000164,225,377,-152
106000165,197,868,-671
106000166,351,334,17
106000167,253,1664,-1411
106000168,159,316,-157
106000169,137,1023,-886
106000170,276,254,22
106000171,110,1043,-933
106000172,2265,945,1320
106000173,806,2778,-1972
106000174,968,376,592
106000175,283,1189,-906
106000176,974,678,296
106000177,658,2779,-2121
106000178,2788,1438,1350
106000179,1207,2570,-1363
106000180,786,2175,-1389
106000181,404,2460,-2056
106000182,571,723,-152
106000183,565,1133,-568
106000184,845,1206,-361
106000185,480,1119,-639
106000186,925,207,718
106000187,256,854,-598
106000188,0,3,-3
106000189,4,57,-53
106000190,7,8,-1
106000191,481,164,317
106000192,0,26,-26
106000193,257,179,78
106000194,110,385,-275
106000195,973,110,863
106000196,280,436,-156
106000197,204,300,-96
106000198,105,386,-281
106000199,935,535,400
106000200,539,170,369
106000201,486,1045,-559
106000202,7906,744,7162
106000203,231,227,4
106000204,20,14,6
106000205,10,191,-181
106000206,22,18,4
106000207,88,1103,-1015
106000208,565,83,482
106000209,1082,234,848
106000210,245,1647,-1402
106000211,424,1726,-1302
106000212,484,160,324
106000213,860,1272,-412
106000214,3235,527,2708
106000215,164,505,-341
106000216,310,332,-22
106000217,221,490,-269
106000218,370,361,9
106000219,72,324,-252
106000220,367,299,68
106000221,84,395,-311
106000222,30,154,-124
106000223,55,118,-63
106000224,128,414,-286
106000225,45,71,-26
106000226,154,447,-293
106000228,58,128,-70
106000229,47,879,-832
106000231,430,94,336
106000232,68,496,-428
106000233,269,104,165
106000234,30,259,-229
106000235,303,64,239
106000236,160,41,119
106000237,2,7,-5
106000238,5,3,2
106000239,5,66,-61
106000240,26,0,26
106000241,14,822,-808
106000242,193,18,175
106000249,38,96,-58
106000250,34,501,-467
106000251,33,25,8
106000252,39,88,-49
106000253,12,50,-38
106000254,47,84,-37
106000255,11,58,-47
106000256,85,124,-39
106000257,115,354,-239
106000258,123,9,114
106000259,3,20,-17
106000260,14,2,12
106000261,0,59,-59
106000262,38,12,26
106000263,3,95,-92
106000264,265,5,260
106000265,10,125,-115
106000266,85,7,78
106000267,9,111,-102
106000268,529,16,513
106000269,67,66,1
106000270,139,479,-340
106000271,40,230,-190
106000272,71,68,3
106000273,2,248,-246
106000274,214,51,163
106000275,71,178,-107
106000276,129,62,67
106000277,118,187,-69
106000278,176,57,119
106000279,20,64,-44
106000280,22,172,-150
106000281,80,78,2
106000282,70,64,6
106000283,98,102,-4
106000284,39,159,-120
106000285,116,163,-47
106000286,73,197,-124
106000287,92,94,-2
106000288,87,200,-113
106000289,71,105,-34
106000290,41,137,-96
106000291,61,118,-57
106000292,71,181,-110
106000293,85,86,-1
106000294,90,158,-68
106000295,57,54,3
106000296,57,180,-123
106000297,54,223,-169
106000298,183,84,99
106000299,59,172,-113
106000300,54,144,-90
106000301,65,113,-48
106000303,22,78,-56
106000304,54,33,21
106000305,22,29,-7
106000306,40,87,-47
106000307,34,19,15
106000308,27,253,-226
106000309,21,104,-83
106000310,173,761,-588
106000311,181,119,62
106000312,65,237,-172
106000313,94,194,-100
106000318,201,261,-60
106000319,395,39,356
106000320,0,65,-65
106000321,279,63,216
106000322,71,239,-168
106000324,3,188,-185
106000325,1036,1115,-79
106000326,818,2183,-1365
106000327,91,195,-104
106000328,4,114,-110
106000329,47,318,-271
106000330,22,48,-26
106000428,38,244,-206
106000429,91,541,-450
106000430,339,1590,-1251
106000431,1022,300,722
106000432,1424,2728,-1304
106000433,1345,760,585
106000434,3363,940,2423
106000435,2381,2688,-307
106000436,22,332,-310
106000437,160,38,122
106000438,270,126,144
106000439,48,700,-652
106000440,176,502,-326
106000441,0,0,0
106000442,73,7,66
106000443,80,678,-598
106000450,2,278,-276
106000451,13,22,-9
106000454,1,69,-68
106000455,30,221,-191
106000456,125,31,94
106000457,7,1419,-1412
106000458,252,156,96
106000459,66,467,-401
106000460,422,21,401
106000461,26,2336,-2310
106000462,0,25,-25
106000463,1,29,-28
106000464,3,623,-620
106000465,193,2,191
106000466,2,899,-897
106000467,464,690,-226
106000468,51,216,-165
106000469,221,3,218
106000470,296,1323,-1027
106000471,32,830,-798
106000472,73,7,66
106000473,27,33,-6
106000474,259,791,-532
106000475,220,156,64
106000476,183,112,71
106000477,13,63,-50
106900001,0,11,-11
106900002,5,673,-668
106900003,223,853,-630
106900004,1,112,-111
106900006,0,24,-24
106900007,0,20,-20
106900008,83,333,-250
106900009,148,497,-349
106900010,122,369,-247
106900012,2165,1185,980
106900013,235,91,144
106900014,13,0,13
106900015,29,2,27
106900016,124,2,122
106900017,3,1,2
106900018,0,0,0
106900019,12,3,9
106900020,3006,631,2375
106900021,52,66,-14
106900022,303,1,302
106900023,10,329,-319
106900024,227,31,196
106900025,60,699,-639
106900026,2,945,-943
106900027,270,1,269
107000001,1846,1641,205
107000002,2928,4047,-1119
107000003,3752,4668,-916
107000004,5459,7379,-1920
107000005,1763,3521,-1758
107000006,3804,8134,-4330
107000007,4634,5667,-1033
107000008,22098,13433,8665
107000009,4511,4619,-108
107000010,11973,14742,-2769
107000011,1269,1470,-201
107000012,4917,4322,595
107000013,46,206,-160
107000014,12,329,-317
107000015,393,1181,-788
107000016,390,1442,-1052
107000017,2796,996,1800
107000018,15,294,-279
107000020,1541,423,1118
107000021,736,1020,-284
107000022,648,1685,-1037
107000023,1109,313,796
107000024,401,2509,-2108
107000025,84,446,-362
107000026,122,865,-743
107000027,960,886,74
107000028,1397,1963,-566
107000029,1389,1588,-199
107000030,3641,3890,-249
107000031,2364,1822,542
107000032,314,1022,-708
107000033,3975,4069,-94
107000034,5379,2331,3048
107000035,242,158,84
107000036,355,1067,-712
107000037,95,582,-487
107000038,255,293,-38
107000039,589,470,119
107000040,138,393,-255
107000041,1322,587,735
107000042,750,1724,-974
107000043,3022,895,2127
107000044,626,432,194
107000045,79,365,-286
107000046,477,282,195
107000047,347,929,-582
107000048,551,284,267
107000049,614,850,-236
107000050,762,497,265
107000051,503,349,154
107000052,1040,683,357
107000053,279,156,123
107000054,43,283,-240
107000055,111,99,12
107000056,461,1047,-586
107000057,1661,213,1448
107000058,1621,2057,-436
107000059,2493,3379,-886
107000060,2984,4770,-1786
107000061,5862,4587,1275
107000062,2436,2730,-294
107000063,3795,7175,-3380
107000064,2351,2012,339
107000065,3439,6473,-3034
107000066,1458,2038,-580
107000067,690,1063,-373
107000068,1497,716,781
107000069,446,389,57
107000070,338,4,334
107000071,1312,31,1281
107000072,42,4540,-4498
107000073,331,157,174
107000074,152,1078,-926
107000075,910,306,604
107000076,900,2107,-1207
107000077,1833,569,1264
107000078,1840,3841,-2001
107000079,1601,572,1029
107000080,1252,4133,-2881
107000081,748,538,210
107000082,536,3382,-2846
107000083,855,258,597
107000084,527,3066,-2539
107000085,2794,3261,-467
107000086,3916,3130,786
107000087,2234,1971,263
107000088,2929,3590,-661
107000089,1169,1670,-501
107000090,924,1283,-359
107000091,821,1039,-218
107000092,610,1267,-657
107000093,754,816,-62
107000094,880,1753,-873
107000095,359,530,-171
107000096,550,1178,-628
107000097,381,243,138
107000098,344,524,-180
107000099,373,323,50
107000100,339,261,78
107000101,69,200,-131
107000102,371,358,13
107000103,264,195,69
107000104,237,291,-54
107000105,208,124,84
107000106,139,320,-181
107000107,338,170,168
107000108,108,971,-863
107000109,344,149,195
107000110,112,680,-568
107000111,113,53,60
107000112,25,470,-445
107000113,283,128,155
107000114,74,769,-695
107000115,243,83,160
107000116,84,1177,-1093
107000117,85,222,-137
107000118,143,281,-138
107000119,1896,994,902
107000120,2286,417,1869
107000121,548,736,-188
107000122,1004,1088,-84
107000123,255,850,-595
107000124,399,1042,-643
107000125,414,918,-504
107000126,465,1570,-1105
107000127,17,423,-406
107000129,125,374,-249
107000130,228,291,-63
107000131,374,544,-170
107000132,456,315,141
107000133,1165,149,1016
107000134,251,4,247
107000135,7,248,-241
107000136,670,8,662
107000137,11,438,-427
107000138,405,18,387
107000139,16,336,-320
107000140,839,45,794
107000141,118,993,-875
107000142,232,50,182
107000143,48,1166,-1118
107000144,304,392,-88
107000145,122,692,-570
107000146,128,328,-200
107000147,3020,758,2262
107000150,1129,1451,-322
107000151,57,65,-8
107000152,524,347,177
107000153,324,316,8
107000154,192,68,124
107000155,433,20,413
107000156,606,12,594
107000157,27,3169,-3142
107000158,238,14,224
107000159,34,1630,-1596
107000160,398,61,337
107000161,53,2568,-2515
107000162,157,201,-44
107000163,36,1,35
107000164,148,1,147
107000165,304,0,304
107000166,78,1794,-1716
107000167,321,332,-11
107000168,539,237,302
107000169,1060,1403,-343
107000170,906,519,387
107000171,687,3631,-2944
107000172,535,616,-81
107000173,868,1527,-659
107000174,959,1888,-929
107000175,13332,2004,11328
107000176,0,2,-2
107000177,1,2,-1
107000178,3,75,-72
107000179,248,3887,-3639
107000180,742,721,21
107000181,221,1631,-1410
107000182,917,1064,-147
107000183,102,1274,-1172
107000184,451,918,-467
107000185,441,1631,-1190
107000186,638,370,268
107000187,1060,1400,-340
107000188,537,455,82
107000189,365,950,-585
107000190,368,793,-425
107000191,353,851,-498
107000192,1193,1035,158
107000193,295,421,-126
107000194,1031,881,150
107000197,492,241,251
107000198,226,879,-653
107000199,648,846,-198
107000200,1122,568,554
107000201,346,304,42
107000202,176,454,-278
107000203,721,610,111
107000204,736,723,13
107000205,2905,1342,1563
107000206,821,904,-83
107000207,851,1039,-188
107000208,1565,357,1208
107000209,2891,665,2226
107000210,1922,312,1610
107000211,13,12,1
107000212,25,244,-219
107000213,20,14,6
107000214,15,159,-144
107000215,233,652,-419
107000216,137,538,-401
107000217,67,148,-81
107000219,54,159,-105
107000220,82,372,-290
107000222,284,867,-583
107000224,270,53,217
107000225,206,1045,-839
107000226,161,58,103
107000227,91,608,-517
107000228,65,134,-69
107000229,201,109,92
107000230,944,511,433
107000231,953,464,489
107000232,55,45,10
107000233,693,302,391
107000234,0,18,-18
107000235,54,9,45
107000236,23,468,-445
107000237,4,2,2
107000238,30,0,30
107000239,6071,469,5602
107000240,40,1361,-1321
107000241,119,22,97
107000242,779,50,729
107000243,5,68,-63
107000244,8,91,-83
107000246,2,1491,-1489
107000249,2,1096,-1094
107000251,2,349,-347
107000252,5,1780,-1775
107000255,750,95,655
107000257,6,748,-742
107000258,1,181,-180
107000259,3,308,-305
107000260,210,2,208
107000262,13,1146,-1133
107000263,157,3,154
107000266,4,4,0
107000267,68,224,-156
107000268,182,265,-83
107000269,219,42,177
107000270,2,10,-8
107000271,9,1303,-1294
107000272,9,319,-310
107000273,2,270,-268
107000274,580,249,331
107000275,103,791,-688
107000280,305,24,281
107000281,21,1451,-1430
107000282,14,1701,-1687
107000290,2,32,-30
107000291,16,18,-2
107000292,3,21,-18
107000293,46,13,33
107000294,1,65,-64
107000295,24,3,21
107000296,0,10,-10
107000444,106,4,102
107000496,1,29,-28
107000497,1441,3923,-2482
107000500,322,394,-72
107000501,79,188,-109
107000502,154,405,-251
107000505,552,937,-385
107000506,0,22,-22
107000508,4,875,-871
107000509,228,833,-605
107000510,12,28,-16
107000514,18,347,-329
107000515,34,459,-425
107000516,157,210,-53
107000518,506,507,-1
107000519,4067,1285,2782
107000520,44,9,35
107900001,24,374,-350
107900002,26,1,25
107900003,157,13,144
107900004,19,1,18
107900005,310,4,306
107900006,42,0,42
107900007,174,14,160
107900008,27,47,-20
107900009,99,3,96
107900010,12,1,11
107900012,196,3,193
107900013,237,80,157
107900014,14,11,3
107900015,295,5,290
107900016,503,155,348
107900017,4,0,4
107900018,22,48,-26
107900019,10,119,-109
107900020,50,9,41
107900021,32,179,-147
107900023,2,2,0
107900024,0,36,-36
107900025,265,445,-180
107900026,12,136,-124
107900027,59,107,-48
107900028,15,130,-115
107900030,154,8,146
107900031,44,270,-226
107900032,1,1,0
107900033,21,4,17
107900034,206,8,198
107900035,392,15,377
107900036,25,8,17
107900037,1,49,-48
107900038,201,116,85
107900039,9,78,-69
107900040,44,63,-19
107900041,2,0,2
107900043,34,150,-116
107900044,6,3,3
107900045,39,26,13
107900046,62,32,30
107900047,24,86,-62
107900048,61,3,58
107900049,368,450,-82
107900050,76,412,-336
107900051,44,103,-59
107900052,24,15,9
107900053,5,86,-81
107900055,511,208,303
107900056,49,20,29
107900057,1,0,1
107900058,21,906,-885
107900060,39,56,-17
107900061,28,7,21
107900063,99,111,-12
107900064,268,34,234
107900065,88,11,77
107900066,6,4,2
107900067,0,0,0
107900068,106,270,-164
107900069,15,586,-571
107900070,39,28,11
107900071,10,1308,-1298
107900072,48,247,-199
107900073,45,135,-90
107900074,1170,149,1021
107900076,97,108,-11
107900077,42,4,38
107900078,222,13,209
107900079,3,8,-5
107900080,84,208,-124
107900081,10,132,-122
107900082,32,14,18
107900083,185,101,84
107900084,55,140,-85
107900086,41,75,-34
107900087,390,57,333
107900088,5,7,-2
107900089,315,1193,-878
107900090,433,928,-495
107900091,137,628,-491
107900092,2428,570,1858
107900093,52,68,-16
107900095,3589,1183,2406
107900097,22,63,-41
107900098,42,113,-71
107900100,1431,618,813
107900101,1245,144,1101
107900102,28,6,22
107900103,31,178,-147
107900104,147,15,132
107900105,0,875,-875
107900106,3,1642,-1639
107900107,1871,202,1669
107900108,348,108,240
107900109,415,11,404
107900110,16,112,-96
107900111,11,1502,-1491
107900112,102,225,-123
107900113,70,155,-85
107900114,64,312,-248
107900115,2,68,-66
107900116,36,234,-198
107900117,247,502,-255
107900118,72,173,-101
107900119,31,87,-56
107900120,27,15,12
107900121,1,178,-177
107900122,0,92,-92
107900123,2,20,-18
107900124,3,69,-66
107900125,41,216,-175
107900126,2,28,-26
107900127,645,83,562
107900128,126,39,87
107900129,24,40,-16
107900130,38,31,7
107900131,355,42,313
107900132,117,465,-348
107900133,2,87,-85
107900134,29,15,14
107900135,4,245,-241
107900136,63,34,29
107900137,79,76,3
107900138,16,29,-13
107900139,13,48,-35
107900140,83,81,2
107900141,42,11,31
107900142,62,1227,-1165
107900143,81,93,-12
107900144,1,206,-205
107900145,16,131,-115
107900146,14,96,-82
107900147,24,12,12
107900148,109,178,-69
107900149,2095,180,1915
107900150,68,834,-766
107900151,20,140,-120
107900152,14,398,-384
107900153,133,194,-61
107900154,20,7,13
107900155,34,37,-3
107900156,2,540,-538
107900157,30,87,-57
107900158,265,14,251
107900159,43,1374,-1331
107900160,27,228,-201
107900161,10,302,-292
107900162,1,257,-256
107900163,80,45,35
107900164,2,20,-18
107900165,28,47,-19
107900166,12,372,-360
107900167,29,12,17
107900168,8,40,-32
107900169,3,195,-192
107900171,13,2186,-2173
107900172,3,429,-426
107900173,8,250,-242
107900174,35,10,25
107900175,10,7,3
107900176,6,44,-38
107900177,3,312,-309
107900178,11,315,-304
107900179,7,159,-152
107900180,1094,174,920
107900181,403,468,-65
107900182,8,2021,-2013
107900183,13,519,-506
107900184,39,380,-341
107900185,33,5,28
107900186,7,37,-30
107900187,0,175,-175
107900188,973,98,875
107900189,5,152,-147
107900190,105,56,49
107900191,46,182,-136
107900193,2,27,-25
107900194,220,8,212
107900195,4842,567,4275
107900196,27,105,-78
107900197,499,105,394
107900199,2,1446,-1444
107900201,67,127,-60
107900203,24,74,-50
107900204,266,242,24
107900205,222,548,-326
107900206,343,195,148
107900207,8,697,-689
107900208,8,1089,-1081
107900209,412,97,315
107900210,79,122,-43
107900213,491,479,12
107900214,4,182,-178
107900215,205,340,-135
107900216,92,71,21
107900217,21,54,-33
107900218,15,1961,-1946
107900219,16,202,-186
107900220,267,139,128
107900221,209,252,-43
107900223,54,763,-709
107900224,160,323,-163
107900225,15,1059,-1044
107900226,62,186,-124
107900227,72,576,-504
107900228,13,130,-117
107900229,5,310,-305
107900230,3,181,-178
107900231,9,256,-247
107900232,26,312,-286
107900233,12,177,-165
107900234,56,207,-151
107900235,49,116,-67
107900236,35,169,-134
107900237,101,484,-383
107900238,26,127,-101
107900239,1514,395,1119
107900240,11,211,-200
107900241,8,101,-93
107900242,7,479,-472
107900243,3,52,-49
107900244,111,0,111
107900245,153,22,131
107900246,54,11,43
107900248,168,748,-580
107900249,236,8,228
107900250,0,703,-703
107900251,42,1430,-1388
107900252,374,9,365
107900253,56,2,54
107900254,60,157,-97
107900255,518,72,446
107900256,478,676,-198
107900257,77,54,23
107900258,64,252,-188
107900259,116,673,-557
107900261,8,600,-592
107900262,29,130,-101
107900264,60,3,57
107900265,41,248,-207
107900267,58,15,43
107900268,59,8,51
107900269,1,7,-6
107900270,1,1,0
107900271,1,6,-5
107900272,122,27,95
107900273,34,107,-73
107900274,19,1,18
107900275,6,0,6
107900276,0,73,-73
107900277,2,242,-240
107900278,112,427,-315
107900279,153,81,72
107900280,2439,1161,1278
107900281,3915,929,2986
107900282,65,161,-96
107900283,1463,396,1067
107900284,139,1023,-884
107900285,54,141,-87
107900286,166,70,96
107900287,99,125,-26
107900290,0,34,-34
107900291,217,19,198
107900292,99,328,-229
107900293,36,632,-596
107900295,39,172,-133
107900297,3,380,-377
107900298,835,1109,-274
107900299,4356,1491,2865
107900300,35,231,-196
107900301,396,233,163
107900302,68,27,41
107900303,48,352,-304
107900304,75,584,-509
107900305,151,18,133
107900306,30,3,27
107900307,53,281,-228
107900308,146,30,116
107900309,10,0,10
107900310,0,0,0
107900311,154,74,80
107900312,0,0,0
107900313,0,96,-96
107900314,0,64,-64
107900315,1,70,-69
107900316,17,0,17
107900317,40,5,35
107900318,2,163,-161
107900319,3,311,-308
107900320,3,211,-208
107900321,51,4,47
107900322,3,217,-214
107900323,7,159,-152
107900324,82,0,82
107900325,49,0,49
107900326,97,450,-353
107900327,0,1,-1
107900328,0,0,0
107900329,0,0,0
107900330,5,775,-770
107900331,79,38,41
107900332,79,20,59
107900333,28,13,15
107900334,5,313,-308
107900335,48,54,-6
107900336,7,38,-31
107900337,1539,407,1132
107900338,3,174,-171
107900339,1,28,-27
107900340,0,64,-64
107900341,12,0,12
107900342,55,180,-125
107900343,45,0,45
107900344,2,133,-131
107900345,53,26,27
107900346,38,1,37
107900347,22,1,21
107900348,1,0,1
107900349,12,3,9
107900350,53,332,-279
108000001,2167,2758,-591
108000002,2702,3824,-1122
108000003,3674,1590,2084
108000004,18883,17850,1033
108000005,4361,2797,1564
108000006,5824,6755,-931
108000007,3856,3244,612
108000008,5496,6718,-1222
108000009,2426,3037,-611
108000010,2594,5813,-3219
108000011,10274,7531,2743
108000012,20305,18457,1848
108000014,845,550,295
108000015,424,346,78
108000016,163,797,-634
108000017,562,422,140
108000018,1006,454,552
108000019,1529,595,934
108000020,1046,392,654
108000021,455,1791,-1336
108000022,577,1767,-1190
108000023,928,188,740
108000024,201,850,-649
108000025,157,215,-58
108000026,241,739,-498
108000027,263,554,-291
108000028,182,302,-120
108000029,178,665,-487
108000030,347,223,124
108000031,288,620,-332
108000032,672,546,126
108000033,557,1512,-955
108000034,1012,411,601
108000035,1020,2953,-1933
108000036,311,1631,-1320
108000037,1130,342,788
108000038,1364,380,984
108000039,415,2780,-2365
108000040,998,619,379
108000041,662,3446,-2784
108000042,97,273,-176
108000043,121,333,-212
108000044,232,253,-21
108000045,167,892,-725
108000046,709,316,393
108000047,385,1440,-1055
108000048,123,646,-523
108000049,313,216,97
108000050,98,570,-472
108000051,108,92,16
108000052,398,928,-530
108000053,172,105,67
108000054,564,1087,-523
108000055,700,297,403
108000056,1103,1071,32
108000057,471,580,-109
108000058,1929,2291,-362
108000059,4164,1993,2171
108000060,100,296,-196
108000061,216,286,-70
108000062,387,384,3
108000063,367,750,-383
108000064,97,260,-163
108000065,375,815,-440
108000066,1651,714,937
108000067,1143,410,733
108000068,512,332,180
108000069,156,1388,-1232
108000070,979,640,339
108000071,578,2351,-1773
108000072,924,989,-65
108000073,1404,2430,-1026
108000074,216,281,-65
108000075,294,987,-693
108000076,491,435,56
108000077,698,948,-250
108000078,1485,1196,289
108000079,1059,2250,-1191
108000080,549,571,-22
108000081,501,3474,-2973
108000082,1161,2018,-857
108000083,1369,604,765
108000084,336,1608,-1272
108000085,294,291,3
108000086,1118,1062,56
108000087,145,1127,-982
108000088,100,8,92
108000089,335,309,26
108000090,235,125,110
108000091,92,647,-555
108000092,72,87,-15
108000093,96,1039,-943
108000094,296,108,188
108000095,95,626,-531
108000096,139,178,-39
108000097,73,712,-639
108000098,675,1617,-942
108000099,131,91,40
108000100,29,181,-152
108000101,730,806,-76
108000102,1110,1731,-621
108000106,835,2,833
108000107,4,874,-870
108000108,475,37,438
108000109,6,1031,-1025
108000110,93,215,-122
108000111,136,709,-573
108000112,59,89,-30
108000113,653,417,236
108000115,621,421,200
108000117,1079,319,760
108000118,176,120,56
108000119,908,511,397
108000120,84,537,-453
108000121,139,582,-443
108000122,253,279,-26
108000123,465,362,103
108000124,181,705,-524
108000125,112,555,-443
108000126,64,775,-711
108000127,193,574,-381
108000128,258,1000,-742
108000129,166,1796,-1630
108000130,140,386,-246
108000131,534,206,328
108000132,1785,1451,334
108000133,439,402,37
108000134,797,895,-98
108000135,530,314,216
108000136,887,1293,-406
108000137,160,459,-299
108000138,210,1316,-1106
108000139,118,464,-346
108000140,16,25,-9
108000141,25,230,-205
108000142,38,165,-127
108000143,22,40,-18
108000144,15,15,0
108000145,33,28,5
108000146,52,11,41
108000147,48,56,-8
108000148,38,12,26
108000149,28,32,-4
108000150,46,7,39
108000151,45,5,40
108000152,60,729,-669
108000153,141,93,48
108000154,26,11,15
108000155,4,10,-6
108000156,385,103,282
108000157,96,411,-315
108000158,131,447,-316
108000159,683,113,570
108000160,6176,780,5396
108000161,5778,1435,4343
108000165,5,108,-103
108000172,4,149,-145
108000173,3485,1149,2336
108000175,103,77,26
108000178,491,324,167
108000179,297,563,-266
108000181,28,35,-7
108000182,198,13,185
108000183,44,25,19
108000184,1388,1266,122
108000185,79,836,-757
108000186,39,62,-23
108000187,58,1045,-987
108000188,226,367,-141
108000189,540,739,-199
108000190,46,108,-62
108000192,69,906,-837
108000193,851,43,808
108000194,43,15,28
108000195,1,1456,-1455
108000196,102,119,-17
108000198,289,429,-140
108000199,1,150,-149
108000200,194,1112,-918
108000202,2,188,-186
108000203,68,1334,-1266
108000204,39,24,15
108000205,593,665,-72
108000339,1744,291,1453
108000364,184,190,-6
108000365,46,425,-379
108000367,131,509,-378
108000368,8,48,-40
108000369,1570,117,1453
108000371,3,783,-780
108000372,363,1,362
108000373,92,180,-88
108000376,77,29,48
108000377,170,338,-168
108000378,9184,7042,2142
108000379,40,199,-159
108000381,21,13,8
108000382,69,0,69
108000383,0,110,-110
108900001,134,1425,-1291
108900002,194,65,129
108900003,411,1065,-654
108900004,76,125,-49
108900005,36,109,-73
108900006,383,273,110
108900007,62,171,-109
108900008,38,161,-123
108900009,16,107,-91
108900010,72,188,-116
108900011,192,457,-265
108900012,148,541,-393
108900013,65,293,-228
108900014,7,67,-60
108900015,0,24,-24
108900016,0,269,-269
108900017,180,234,-54
108900018,56,637,-581
108900019,38,1430,-1392
108900020,22,355,-333
108900021,82,393,-311
108900022,42,6,36
108900023,3,32,-29
108900024,7,200,-193
108900025,25,131,-106
108900026,20,104,-84
108900027,1,150,-149
108900028,58,567,-509
108900029,38,247,-209
108900030,0,142,-142
108900031,26,693,-667
108900032,3,287,-284
108900033,0,128,-128
108900034,1,367,-366
108900035,204,2326,-2122
108900036,229,423,-194
108900037,40,599,-559
108900038,1,542,-541
108900039,2,765,-763
108900040,0,137,-137
108900041,6731,1949,4782
108900042,5,311,-306
108900043,48,647,-599
108900044,5,894,-889
108900045,16,809,-793
108900046,66,1232,-1166
108900047,1,60,-59
108900048,93,1383,-1290
108900049,6327,689,5638
108900050,3,401,-398
108900051,2,315,-313
108900052,10,416,-406
108900053,91,95,-4
108900054,25,281,-256
108900055,71,605,-534
108900056,0,208,-208
108900057,2,292,-290
108900058,5,636,-631
108900059,180,15,165
108900060,82,105,-23
108900061,59,20,39
108900062,4,409,-405
108900063,7,523,-516
108900064,54,60,-6
108900065,13,371,-358
108900066,142,94,48
108900067,74,221,-147
108900068,1,183,-182
108900069,18,131,-113
108900070,39,209,-170
108900071,40,64,-24
108900072,3005,351,2654
108900073,1,115,-114
108900074,45,596,-551
108900075,78,108,-30
108900076,117,60,57
108900077,119,158,-39
108900078,18,273,-255
108900079,1054,305,749
108900080,25,318,-293
108900081,59,265,-206
108900082,18,155,-137
108900083,17,166,-149
108900084,366,103,263
108900085,2148,173,1975
108900086,33,466,-433
108900087,150,309,-159
108900088,593,225,368
108900089,27,65,-38
108900090,17,629,-612
108900091,194,163,31
108900092,245,199,46
108900093,90,49,41
108900094,185,76,109
108900095,65,754,-689
108900096,558,37,521
108900097,140,253,-113
108900098,3987,362,3625
108900099,194,400,-206
108900100,26,157,-131
108900101,136,42,94
108900102,187,470,-283
108900103,40,55,-15
108900104,207,235,-28
108900105,8,517,-509
108900106,130,675,-545
108900108,142,40,102
108900109,5,15,-10
108900110,74,609,-535
108900111,140,920,-780
108900112,54,11,43
108900113,15,13,2
108900114,0,3,-3
108900115,65,58,7
108900116,23,10,13
108900117,37,41,-4
108900118,285,7,278
108900119,148,51,97
108900120,34,116,-82
108900121,278,36,242
108900122,44,51,-7
108900123,49,36,13
108900124,189,106,83
108900125,113,5,108
108900126,48,12,36
108900127,75,29,46
108900128,50,13,37
108900129,403,80,323
108900130,132,0,132
108900131,177,5,172
108900132,244,210,34
108900133,151,45,106
108900134,58,274,-216
108900135,56,4,52
108900136,27,1,26
108900137,40,2,38
108900138,203,22,181
108900139,226,96,130
108900140,52,247,-195
108900141,109,23,86
108900142,54,4,50
108900143,15,1,14
108900144,18,1,17
108900145,60,5,55
108900146,16,0,16
108900147,71,0,71
108900148,88,57,31
108900149,488,319,169
108900150,163,4,159
108900151,95,2,93
108900152,25,68,-43
108900153,65,743,-678
108900154,2974,404,2570
108900155,112,111,1
108900156,33,3,30
108900157,10,819,-809
108900158,91,20,71
108900159,20,493,-473
108900160,8,319,-311
108900161,8,643,-635
108900162,44,0,44
108900163,26,174,-148
108900164,34,68,-34
108900165,273,85,188
108900167,1951,2203,-252
108900168,11470,1763,9707
108900169,24,150,-126
108900171,11131,1415,9716
108900172,170,45,125
108900173,199,468,-269
108900174,203,360,-157
108900176,78,604,-526
108900177,10446,2029,8417
108900178,6186,1644,4542
108900179,586,760,-174
108900180,42,103,-61
108900182,31,138,-107
108900183,216,239,-23
108900184,305,169,136
108900185,50,342,-292
108900186,79,435,-356
108900187,147,63,84
108900188,209,53,156
108900189,262,157,105
108900190,56,3567,-3511
108900191,107,11,96
108900192,55,344,-289
108900193,320,37,283
108900194,24,421,-397
108900195,34,418,-384
108900196,5,643,-638
108900198,2,746,-744
108900199,117,377,-260
108900200,244,380,-136
108900201,297,1417,-1120
108900203,295,13,282
108900204,167,2,165
108900205,97,12,85
108900206,155,16,139
108900207,91,19,72
108900208,21,396,-375
108900209,181,669,-488
108900210,131,253,-122
108900211,126,284,-158
108900212,760,631,129
108900215,126,643,-517
108900216,548,74,474
108900217,59,0,59
108900218,79,8,71
108900219,54,5,49
108900220,40,19,21
108900221,43,69,-26
108900222,75,3,72
108900223,9,58,-49
108900224,37,139,-102
108900225,0,207,-207
108900226,112,4,108
108900227,87,90,-3
108900230,524,369,155
108900231,78,310,-232
108900232,4,512,-508
108900233,233,46,187
108900234,191,63,128
108900235,166,728,-562
108900236,29,379,-350
108900237,40,341,-301
108900240,75,91,-16
108900241,27,15,12
108900245,2,643,-641
108900249,63,16,47
108900250,77,133,-56
108900257,72,741,-669
108900258,15,358,-343
108900259,24,65,-41
108900260,4,133,-129
108900261,119,210,-91
108900262,410,150,260
108900263,63,374,-311
108900264,442,265,177
108900265,1909,255,1654
108900266,1427,252,1175
108900267,4,44,-40
108900268,4,2,2
108900269,18,7,11
108900270,26,14,12
108900271,7,3,4
108900272,91,6,85
108900273,1141,336,805
108900274,25,69,-44
109000001,2800,832,1968
109000002,2831,1585,1246
109000003,2016,547,1469
109000004,469,3169,-2700
109000005,1492,737,755
109000006,611,2527,-1916
109000007,779,676,103
109000008,347,2309,-1962
109000009,2910,1111,1799
109000010,1508,4531,-3023
109000011,1952,1381,571
109000012,1618,4621,-3003
109000013,2185,1749,436
109000014,1441,4276,-2835
109000015,2696,3636,-940
109000016,11228,4724,6504
109000017,1500,1126,374
109000018,694,3908,-3214
109000019,1743,912,831
109000020,1167,2626,-1459
109000023,156,18,138
109000024,7,158,-151
109000025,388,255,133
109000026,713,312,401
109000027,68,207,-139
109000028,77,108,-31
109000029,155,105,50
109000030,117,735,-618
109000031,145,90,55
109000032,64,631,-567
109000033,226,97,129
109000034,64,24,40
109000035,32,50,-18
109000036,58,373,-315
109000037,167,737,-570
109000038,512,328,184
109000039,634,347,287
109000040,5913,3185,2728
109000041,5761,1036,4725
109000042,998,1024,-26
109000044,175,70,105
109000045,86,473,-387
109000046,187,84,103
109000047,47,480,-433
109000048,852,111,741
109000049,251,641,-390
109000050,305,229,76
109000051,292,431,-139
109000052,359,1945,-1586
109000053,91,63,28
109000054,345,787,-442
109000055,102,189,-87
109000056,272,707,-435
109000057,327,201,126
109000058,788,266,522
109000059,615,908,-293
109000060,538,200,338
109000061,1872,431,1441
109000062,147,249,-102
109000063,239,273,-34
109000064,116,183,-67
109000065,67,451,-384
109000066,256,155,101
109000067,24,472,-448
109000068,319,6,313
109000069,537,12,525
109000070,7,970,-963
109000071,274,87,187
109000072,65,385,-320
109000073,41,85,-44
109000074,29,272,-243
109000075,63,477,-414
109000076,54,146,-92
109000077,362,351,11
109000078,23,140,-117
109000079,96,282,-186
109000080,54,125,-71
109000081,51,628,-577
109000082,210,353,-143
109000083,128,923,-795
109000088,148,447,-299
109000089,264,20,244
109000090,178,519,-341
109000091,183,62,121
109000092,396,748,-352
109000093,153,134,19
109000094,169,3,166
109000095,70,710,-640
109000096,293,133,160
109000097,98,127,-29
109000098,31,40,-9
109000099,643,408,235
109000100,221,657,-436
109000101,822,971,-149
109000102,220,1004,-784
109000103,286,670,-384
109000104,919,759,160
109000105,317,1914,-1597
109000106,1225,682,543
109000107,494,2454,-1960
109000108,887,506,381
109000109,404,2307,-1903
109000110,1137,391,746
109000111,982,2831,-1849
109000112,306,164,142
109000113,204,229,-25
109000114,138,399,-261
109000115,984,31,953
109000116,3,249,-246
109000117,86,129,-43
109000118,9,360,-351
109000119,506,374,132
109000120,143,1434,-1291
109000121,143,41,102
109000122,71,1366,-1295
109000123,14,111,-97
109000124,288,382,-94
109000125,361,386,-25
109000126,175,1261,-1086
109000127,356,190,166
109000128,338,2933,-2595
109000129,1076,430,646
109000130,473,3118,-2645
109000131,532,226,306
109000132,651,2090,-1439
109000133,288,1278,-990
109000134,608,1732,-1124
109000135,1005,1521,-516
109000136,190,519,-329
109000137,163,305,-142
109000138,281,673,-392
109000139,243,449,-206
109000140,88,675,-587
109000141,208,442,-234
109000142,60,583,-523
109000143,52,62,-10
109000145,67,134,-67
109000146,48,125,-77
109000148,5086,958,4128
109000149,45,35,10
109000150,53,154,-101
109000155,358,597,-239
109000156,1213,1077,136
109000158,139,316,-177
109000159,145,845,-700
109000160,482,350,132
109000161,197,1779,-1582
109000162,1284,1093,191
109000163,603,2076,-1473
109000164,800,2988,-2188
109000165,812,758,54
109000166,295,200,95
109000167,72,1079,-1007
109000170,48,73,-25
109000171,44,47,-3
109000172,28,43,-15
109000173,6,39,-33
109000174,29,70,-41
109000175,56,142,-86
109000176,146,356,-210
109000177,12,158,-146
109000178,169,63,106
109000179,9106,2684,6422
109000180,6721,3025,3696
109000181,7,43,-36
109000182,17,45,-28
109000183,17,70,-53
109000184,23,18,5
109000185,22,99,-77
109000188,369,3457,-3088
109000189,1474,984,490
109000190,392,555,-163
109000191,193,798,-605
109000192,154,335,-181
109000193,88,525,-437
109000194,49,147,-98
109000195,50,573,-523
109000196,181,126,55
109000197,132,616,-484
109000198,189,64,125
109000199,122,662,-540
109000206,113,31,82
109000207,55,40,15
109000208,89,41,48
109000209,147,84,63
109000210,168,481,-313
109000211,175,380,-205
109000214,194,842,-648
109000215,75,82,-7
109000216,198,151,47
109000217,126,79,47
109000218,141,120,21
109000221,214,1277,-1063
109000222,538,100,438
109000223,199,191,8
109000224,53,469,-416
109000225,40,63,-23
109000226,27,395,-368
109000227,591,1659,-1068
109000228,1,339,-338
109000231,3,581,-578
109000232,88,507,-419
109000236,184,1048,-864
109000241,1190,1872,-682
109000242,978,1438,-460
109000293,13,44,-31
109000361,49,297,-248
109000364,214,829,-615
109000396,2,1097,-1095
109000397,222,4,218
109000399,140,586,-446
109000400,29,271,-242
109000403,62,289,-227
109000406,107,2,105
109000407,162,301,-139
109000408,3,884,-881
109000410,596,191,405
109000411,44,29,15
109900001,55,9,46
109900002,339,8,331
109900003,77,0,77
109900004,551,193,358
109900005,12,5,7
109900006,212,236,-24
109900007,295,940,-645
109900008,0,32,-32
109900009,95,1048,-953
109900010,215,13,202
109900011,40,29,11
109900012,186,133,53
109900013,231,132,99
109900014,163,33,130
109900015,330,126,204
109900016,66,64,2
109900017,83,81,2
109900018,153,138,15
109900019,79,59,20
109900020,9,16,-7
109900021,21,3,18
109900022,80,415,-335
109900023,1,4,-3
109900024,8,0,8
109900025,5,83,-78
109900026,1,170,-169
109900027,25,9,16
109900028,2882,361,2521
109900029,7,617,-610
109900030,5,2,3
109900031,0,119,-119
109900032,2,358,-356
109900033,5,593,-588
109900034,6,0,6
109900035,12,18,-6
109900036,7,124,-117
109900037,17,715,-698
109900038,28,323,-295
109900039,8,0,8
109900040,17,886,-869
109900041,35,670,-635
109900042,15,528,-513
109900044,91,369,-278
109900045,44,29,15
109900046,5,65,-60
109900047,340,394,-54
109900048,0,59,-59
109900049,2,23,-21
109900050,3,414,-411
109900051,0,99,-99
109900052,47,294,-247
109900053,7,717,-710
109900054,334,132,202
109900055,34,319,-285
109900056,13,64,-51
109900057,6,283,-277
109900058,0,119,-119
109900059,195,92,103
109900060,238,153,85
109900061,67,344,-277
109900062,2,279,-277
109900063,3,402,-399
109900064,211,248,-37
109900065,93,134,-41
109900066,253,1156,-903
109900067,2,615,-613
109900068,22,3,19
109900069,4,39,-35
109900070,49,374,-325
109900071,4,51,-47
109900072,10,128,-118
109900073,128,884,-756
109900074,6,54,-48
109900075,13,18,-5
109900076,19,372,-353
109900077,23,88,-65
109900078,57,323,-266
109900080,93,403,-310
109900081,26,95,-69
109900082,40,571,-531
109900083,18,53,-35
109900084,23,197,-174
109900085,160,1350,-1190
109900086,84,154,-70
109900087,283,417,-134
109900089,277,110,167
109900090,511,1330,-819
109900091,122,79,43
109900092,256,16,240
109900093,304,139,165
109900094,29,89,-60
109900095,100,258,-158
109900096,7,0,7
109900097,112,1,111
109900098,122,24,98
109900099,61,1,60
109900100,23,1,22
109900101,120,7,113
109900102,230,18,212
109900103,3,49,-46
109900104,184,1422,-1238
109900105,275,26,249
109900106,139,70,69
109900107,159,83,76
109900108,67,728,-661
109900109,23,361,-338
109900110,47,640,-593
109900111,294,1443,-1149
109900112,440,1057,-617
109900113,463,230,233
109900114,650,385,265
109900115,89,73,16
109900117,344,116,228
109900118,219,571,-352
109900119,593,313,280
109900120,33,0,33
109900121,290,150,140
109900122,193,2,191
109900123,11,203,-192
109900124,31,969,-938
109900125,3,255,-252
109900126,65,190,-125
109900128,80,50,30
109900130,13466,1087,12379
109900131,45,147,-102
109900132,49,190,-141
109900133,60,444,-384
109900134,42,29,13
109900135,498,53,445
109900136,61,193,-132
109900137,30,442,-412
109900138,161,422,-261
109900140,88,401,-313
109900142,405,205,200
109900145,3,126,-123
109900146,402,34,368
109900148,28,99,-71
109900149,31,66,-35
109900150,1,86,-85
109900151,0,80,-80
109900152,0,16,-16
109900153,0,29,-29
109900154,2,0,2
109900155,16,9,7
109900157,36,304,-268
109900158,48,155,-107
109900159,76,15,61
109900160,78,34,44
109900161,111,51,60
109900162,117,86,31
109900163,775,248,527
109900164,36,206,-170
109900165,131,3,128
109900166,1,280,-279
109900167,96,803,-707
109900168,103,695,-592
109900169,102,128,-26
109900170,227,496,-269
109900171,99,86,13
109900172,53,211,-158
109900173,4948,1006,3942
109900174,30,128,-98
109900175,28,56,-28
109900176,39,206,-167
109900177,31,363,-332
109900178,1,106,-105
109900179,13,23,-10
109900180,3,3,0
110000001,688,610,78
110000002,467,517,-50
110000003,898,705,193
110000004,577,621,-44
110000005,707,1032,-325
110000006,706,371,335
110000007,82,219,-137
110000008,3,45,-42
110000009,15,48,-33
110000010,41,63,-22
110000011,11,90,-79
110000012,733,498,235
110000013,22,348,-326
110000014,647,401,246
110000015,430,451,-21
110000016,288,911,-623
110000017,4882,290,4592
110000018,4131,531,3600
110000019,9,190,-181
110000020,690,271,419
110000021,478,418,60
110000022,639,159,480
110000023,4,195,-191
110000024,577,399,178
110000025,112,0,112
110000026,11,698,-687
110000027,594,417,177
110000028,598,668,-70
110000029,361,1126,-765
110000030,138,326,-188
110000031,159,704,-545
110000032,423,418,5
110000033,107,115,-8
110000034,210,963,-753
110000035,280,1203,-923
110000036,370,994,-624
110000037,98,892,-794
110000038,204,817,-613
110000039,680,1472,-792
110000040,316,588,-272
110000041,157,811,-654
110000042,65,373,-308
110000043,367,202,165
110000044,54,89,-35
110000045,308,95,213
110000046,3,5,-2
110000047,3,9,-6
110000048,6,6,0
110000049,12,7,5
110000050,3,10,-7
110000051,12,9,3
110000052,23,51,-28
110000053,30,4,26
110000054,118,225,-107
110000055,131,27,104
110000056,327,46,281
110000057,270,853,-583
110000058,607,818,-211
110000059,539,683,-144
110000060,462,938,-476
110000061,1069,974,95
110000062,818,876,-58
110000063,18,90,-72
110000064,66,143,-77
110000065,22,89,-67
110000066,47,40,7
110000067,70,432,-362
110000068,91,578,-487
110000069,99,114,-15
110000071,74,148,-74
110000073,2,25,-23
110000075,8,128,-120
110000076,247,179,68
110000077,569,613,-44
110000078,6,66,-60
110000080,196,787,-591
110000081,13,338,-325
110000082,13,272,-259
110000083,194,663,-469
110000084,529,398,131
110000085,3501,1488,2013
110000086,1768,819,949
110000087,5,83,-78
110000088,36,263,-227
110000089,148,185,-37
110000090,51,303,-252
110000091,1897,330,1567
110000092,25,92,-67
110000093,32,5,27
110000094,414,313,101
110000095,146,463,-317
110000096,4326,1787,2539
110000097,867,1065,-198
110000098,1501,490,1011
110000099,890,1575,-685
110000100,296,991,-695
110000101,12,731,-719
110000102,29,45,-16
110000104,90,83,7
110000105,41,386,-345
110000106,395,183,212
110000107,362,432,-70
110000108,197,58,139
110000109,434,308,126
110000110,5598,3046,2552
110000111,10536,1905,8631
110000112,1359,368,991
110000113,1047,916,131
110000114,102,321,-219
110000115,226,312,-86
110000116,25,31,-6
110000117,147,723,-576
110000118,201,310,-109
110000119,115,411,-296
110000120,220,205,15
110000121,63,296,-233
110000122,238,648,-410
110000123,348,442,-94
110000124,2,1020,-1018
110000125,713,6,707
110000126,194,28,166
110000127,475,37,438
110000128,21,2032,-2011
110000129,4,624,-620
110000130,92,77,15
110000131,141,366,-225
110000132,4,1044,-1040
110000133,64,339,-275
110000134,21,367,-346
110000135,158,28,130
110000136,34,383,-349
110000137,277,858,-581
110000138,330,1057,-727
110000139,553,1772,-1219
110000140,669,349,320
110000143,785,426,359
110000144,5081,1019,4062
110000145,1389,750,639
110000146,3351,1109,2242
110000147,260,869,-609
110000148,431,415,16
110000151,1033,544,489
110000152,1034,312,722
110000153,17,68,-51
110000154,51,19,32
110000155,2458,1996,462
110000156,738,1217,-479
110000157,2095,1644,451
110000160,337,534,-197
110000161,121,511,-390
110000166,208,166,42
110000167,556,520,36
110000168,628,269,359
110000169,403,272,131
110000170,94,81,13
110000171,499,192,307
110000172,115,931,-816
110000173,1148,1717,-569
110000174,83,1574,-1491
110000175,212,100,112
110000176,49,292,-243
110000177,130,734,-604
110000178,476,793,-317
110000179,1666,403,1263
110000180,102,323,-221
110000181,179,456,-277
110000182,484,270,214
110000183,14598,4305,10293
110000184,633,1546,-913
110000185,889,708,181
110000186,703,592,111
110000191,259,435,-176
110000192,182,3,179
110000193,238,1,237
110000194,16,1708,-1692
110000195,139,511,-372
110000196,179,604,-425
110000197,27,278,-251
110000198,75,90,-15
110000199,33,125,-92
110000200,1598,821,777
110000201,576,588,-12
110000202,829,410,419
110000203,638,935,-297
110000204,1,379,-378
110000205,46,88,-42
110000206,584,1995,-1411
110000207,422,328,94
110000208,80,135,-55
110000209,80,895,-815
110000210,499,683,-184
110000211,339,790,-451
110000212,216,822,-606
110000213,35,65,-30
110000214,81,112,-31
110000215,68,742,-674
110000216,44,808,-764
110000217,122,312,-190
110000218,118,611,-493
110000219,175,109,66
110000220,20,647,-627
110000221,141,107,34
110000222,19,418,-399
110000223,1,95,-94
110000224,96,16,80
110000225,196,602,-406
110000226,149,49,100
110000227,622,414,208
110000228,345,538,-193
110000229,1,322,-321
110000230,355,533,-178
110000231,98,214,-116
110000232,101,232,-131
110000233,138,334,-196
110000234,486,540,-54
110000235,949,1067,-118
110000236,282,1120,-838
110000237,1168,1255,-87
110000238,764,1431,-667
110000239,1003,1552,-549
110000240,0,157,-157
110000242,0,18,-18
110000243,48,185,-137
110000244,121,310,-189
110000245,39,445,-406
110000246,432,778,-346
110000247,1973,4420,-2447
110000248,3487,1669,1818
110000249,98,5,93
110000250,10,287,-277
110000251,120,519,-399
110000252,154,344,-190
110000253,940,353,587
110000254,694,1445,-751
110000255,272,1384,-1112
110000256,409,176,233
110000257,829,461,368
110000258,6,700,-694
110000259,49,15,34
110000260,7,512,-505
110000263,865,99,766
110000264,159,758,-599
110000265,1103,1649,-546
110000266,2318,2012,306
110000267,17,232,-215
110000268,247,625,-378
110000269,7,115,-108
110000270,43,3,40
110000271,2575,341,2234
110000272,809,931,-122
110000273,3696,1417,2279
110000274,215,951,-736
110000275,3419,468,2951
110000276,172,220,-48
110000277,111,469,-358
110000278,187,947,-760
110000279,577,807,-230
110000280,211,569,-358
110000281,7,213,-206
110000282,335,59,276
110000283,50,69,-19
110000284,57,24,33
110000285,4,260,-256
110000286,29,0,29
110000287,28,0,28
110000288,2,110,-108
110000289,386,1408,-1022
110000290,1580,603,977
110000291,6977,1622,5355
110000292,1151,3647,-2496
110000293,386,1125,-739
110000294,434,919,-485
110000295,175,1074,-899
110000296,309,430,-121
110000297,2873,296,2577
110000298,330,479,-149
110000299,777,33,744
110000301,182,17,165
110000302,143,1571,-1428
110000303,316,2,314
110000304,72,325,-253
110000305,487,16,471
110000306,94,2387,-2293
110000307,671,2,669
110000308,405,27,378
110000309,7,1730,-1723
110000310,396,74,322
110000311,16,1129,-1113
110000312,639,41,598
110000313,4674,1825,2849
110000314,2,268,-266
110000315,3511,1803,1708
110000316,545,1200,-655
110000317,517,300,217
110000318,2,84,-82
110000319,12,20,-8
110000320,24,78,-54
110000321,27,47,-20
110000322,110,701,-591
110000323,277,303,-26
110000324,5665,1320,4345
110000325,2327,2088,239
110000327,584,224,360
110000328,230,556,-326
110000333,787,472,315
110000334,614,1613,-999
110000335,968,580,388
110000336,347,1552,-1205
110000337,863,646,217
110000338,119,253,-134
110000339,85,273,-188
110000340,61,206,-145
110000341,227,639,-412
110000342,669,10,659
110000343,1,18,-17
110000344,71,222,-151
110000345,108,60,48
110000346,2334,1329,1005
110000347,917,833,84
110000348,1,29,-28
110000349,4,28,-24
110000350,37,1,36
110000351,525,1011,-486
110000352,333,1475,-1142
110000353,3326,971,2355
110000354,765,1675,-910
110000355,94,108,-14
110000356,503,4,499
110000357,263,25,238
110000361,4,85,-81
110000362,28,276,-248
110000363,175,187,-12
110000364,116,431,-315
110000365,157,5,152
110000366,0,110,-110
110000367,328,367,-39
110000368,1,77,-76
110000369,62,2,60
110000373,7,410,-403
110000374,53,4,49
110000375,149,777,-628
110000376,31,90,-59
110000377,63,279,-216
110000378,43,289,-246
110000379,4008,998,3010
110000380,14,10,4
110000383,2,741,-739
110000384,2811,688,2123
110000385,3,249,-246
110000387,69,9,60
110000388,27,220,-193
110000389,396,2,394
110000391,213,462,-249
110000396,61,161,-100
110000397,51,226,-175
110000398,1,60,-59
110000399,159,1,158
110000587,24,60,-36
110000589,139,190,-51
110000640,129,119,10
110000652,15,133,-118
110000653,127,490,-363
110000654,0,27,-27
110000656,6,826,-820
110000674,21,14,7
110000675,29,11,18
110000676,16,42,-26
110000679,588,406,182
110000682,85,93,-8
110000683,418,566,-148
110000684,6,101,-95
110000685,7,13,-6
110000686,3,27,-24
110000687,70,3,67
110000688,58,441,-383
110000689,19,126,-107
110000692,48,337,-289
110000693,144,322,-178
110000694,0,111,-111
110000695,125,748,-623
110000696,124,174,-50
110900001,161,10,151
110900002,524,291,233
110900003,217,1241,-1024
110900004,113,303,-190
110900005,5006,1065,3941
110900006,34,3,31
110900007,50,12,38
110900008,19,31,-12
110900009,250,37,213
110900010,4,86,-82
110900011,8,104,-96
110900012,4,160,-156
110900013,576,199,377
110900014,99,9,90
110900015,882,223,659
110900016,12,218,-206
110900017,159,61,98
110900018,403,55,348
110900019,52,12,40
110900020,43,623,-580
110900021,79,827,-748
110900022,42,566,-524
110900023,73,582,-509
110900024,26,652,-626
110900025,24,41,-17
110900027,19,334,-315
110900028,36,219,-183
110900029,30,602,-572
110900030,21,433,-412
110900031,7,189,-182
110900032,0,125,-125
110900033,35,362,-327
110900035,35,450,-415
110900036,52,15,37
110900037,40,24,16
110900038,1526,200,1326
110900039,11,230,-219
110900040,129,33,96
110900041,12,210,-198
110900042,45,45,0
110900043,6,257,-251
110900044,279,20,259
110900045,38,989,-951
110900046,94,423,-329
110900047,813,108,705
110900049,85,26,59
110900050,5,3,2
110900051,37,234,-197
110900052,2,227,-225
110900053,59,73,-14
110900054,18,401,-383
110900055,3,1,2
110900056,73,117,-44
110900057,2,308,-306
110900058,85,337,-252
110900059,543,926,-383
110900060,282,102,180
110900061,38,33,5
110900062,40,414,-374
110900063,26,124,-98
110900064,3,0,3
110900065,377,107,270
110900066,8,124,-116
110900067,690,379,311
110900068,185,304,-119
110900069,1,23,-22
110900070,113,55,58
110900071,266,368,-102
110900073,1,16,-15
110900074,189,78,111
110900075,208,71,137
110900077,226,471,-245
110900078,11,164,-153
110900079,2362,539,1823
110900080,47,57,-10
110900081,6,128,-122
110900082,59,269,-210
110900083,52,46,6
110900084,17,217,-200
110900085,30,395,-365
110900086,63,187,-124
110900087,105,92,13
110900088,1,0,1
110900090,14,23,-9
110900091,0,82,-82
110900093,181,47,134
110900095,27,60,-33
110900097,1,17,-16
110900098,17,101,-84
110900099,65,704,-639
110900100,1,26,-25
110900102,11,16,-5
110900105,692,484,208
110900108,4,151,-147
110900111,241,86,155
110900112,391,5,386
110900113,660,38,622
110900115,8,93,-85
110900116,279,2981,-2702
110900118,231,1232,-1001
110900119,6867,317,6550
110900120,3,139,-136
110900121,73,0,73
110900122,222,215,7
110900125,210,239,-29
110900127,555,612,-57
110900128,244,142,102
110900129,255,236,19
110900130,1158,239,919
110900131,86,71,15
110900132,206,33,173
110900133,68,345,-277
110900135,113,614,-501
110900136,158,10,148
110900137,61,0,61
110900138,393,306,87
110900139,2,44,-42
110900140,36,4,32
110900141,4,55,-51
110900142,72,261,-189
110900143,102,67,35
110900144,4,816,-812
110900145,51,13,38
110900146,348,32,316
110900147,181,223,-42
110900148,1,333,-332
110900149,1,103,-102
110900150,44,36,8
110900151,0,83,-83
110900152,12,386,-374
110900153,63,29,34
111000001,252,212,40
111000002,362,625,-263
111000003,446,514,-68
111000004,443,1256,-813
111000005,858,694,164
111000006,806,1322,-516
111000007,4410,1521,2889
111000008,3336,3877,-541
111000009,300,956,-656
111000010,477,257,220
111000011,458,904,-446
111000012,630,366,264
111000013,273,1411,-1138
111000014,946,576,370
111000017,135,500,-365
111000018,194,333,-139
111000020,2518,2218,300
111000021,93,176,-83
111000023,108,193,-85
111000025,8232,2091,6141
111000029,104,180,-76
111000030,35,184,-149
111000031,2297,713,1584
111000032,593,209,384
111000033,328,174,154
111000034,361,131,230
111000037,3577,1475,2102
111000038,3477,2715,762
111000039,1401,2659,-1258
111000040,1646,2847,-1201
111000041,1959,1901,58
111000042,7063,3226,3837
111000043,1897,1602,295
111000044,1174,578,596
111000045,1156,1506,-350
111000046,1033,1119,-86
111000047,1469,1758,-289
111000049,374,557,-183
111000050,2022,1943,79
111000051,566,1293,-727
111000052,617,1573,-956
111000053,448,1302,-854
111000054,314,1237,-923
111000055,1167,2314,-1147
111000056,87,881,-794
111000057,88,995,-907
111000058,101,173,-72
111000059,201,340,-139
111000060,2521,1062,1459
111000061,421,435,-14
111000062,561,231,330
111000063,1469,857,612
111000064,434,607,-173
111000065,861,786,75
111000066,294,241,53
111000067,303,788,-485
111000068,330,706,-376
111000069,1846,1959,-113
111000070,2695,1464,1231
111000071,142,691,-549
111000072,548,250,298
111000073,106,454,-348
111000074,1420,1240,180
111000075,540,692,-152
111000076,285,863,-578
111000077,1095,1216,-121
111000078,1794,1143,651
111000079,1606,826,780
111000080,427,762,-335
111000081,2596,3133,-537
111000082,577,835,-258
111000084,540,523,17
111000085,813,2038,-1225
111000086,3742,1462,2280
111000087,726,1118,-392
111000088,7218,1934,5284
111000089,643,979,-336
111000090,1357,1671,-314
111000091,619,959,-340
111000092,881,1450,-569
111000093,501,814,-313
111000094,1390,923,467
111000095,748,1714,-966
111000096,3568,6112,-2544
111000097,6654,1164,5490
111000098,375,1632,-1257
111000099,404,3103,-2699
111000100,254,2860,-2606
111000101,354,1038,-684
111000102,92,1010,-918
111000104,188,250,-62
111000107,43,888,-845
111000109,230,254,-24
111000110,797,562,235
111000111,919,468,451
111000112,1006,305,701
111000113,494,473,21
111000114,1066,1212,-146
111000115,9253,1026,8227
111000116,980,746,234
111000117,465,804,-339
111000118,1529,1168,361
111000119,877,1973,-1096
111000120,296,651,-355
111000121,178,590,-412
111000122,428,1283,-855
111000123,773,4188,-3415
111000124,394,4507,-4113
111000125,149,2540,-2391
111000126,89,1046,-957
111000127,376,167,209
111000128,764,314,450
111000129,1343,480,863
111000130,872,716,156
111000131,733,698,35
111000132,560,459,101
111000133,63,156,-93
111000134,119,138,-19
111000135,29,156,-127
111000136,186,291,-105
111000138,4,10,-6
111000140,0,1,-1
111000141,201,385,-184
111000142,15,138,-123
111000143,5,97,-92
111000144,21,114,-93
111000145,184,7,177
111000146,23,12,11
111000147,312,22,290
111000148,148,197,-49
111000149,2,42,-40
111000150,2,8,-6
111000151,0,17,-17
111000153,581,580,1
111000154,843,233,610
111000155,115,176,-61
111000156,445,354,91
111000157,157,513,-356
111000158,1088,520,568
111000159,3138,676,2462
111000160,202,465,-263
111000161,12,279,-267
111000162,1,209,-208
111000163,341,891,-550
111000164,992,2200,-1208
111000165,1648,496,1152
111000166,1863,417,1446
111000167,206,701,-495
111000168,296,554,-258
111000169,309,646,-337
111000170,571,535,36
111000171,392,1217,-825
111000172,90,689,-599
111000173,183,1490,-1307
111000174,112,734,-622
111000175,45,341,-296
111000176,137,186,-49
111000177,102,284,-182
111000178,503,362,141
111000179,38,223,-185
111000180,151,282,-131
111000181,410,326,84
111000182,108,198,-90
111000183,228,318,-90
111000184,248,241,7
111000185,349,536,-187
111000186,191,470,-279
111000187,75,421,-346
111000188,117,618,-501
111000189,1878,629,1249
111000190,189,666,-477
111000191,167,652,-485
111000192,168,821,-653
111000193,410,467,-57
111000194,16,517,-501
111000195,80,630,-550
111000196,25,390,-365
111000197,158,250,-92
111000198,213,142,71
111000199,72,191,-119
111000200,104,323,-219
111000201,236,231,5
111000202,128,202,-74
111000203,129,184,-55
111000204,223,331,-108
111000213,159,393,-234
111000214,1154,1749,-595
111000215,648,1495,-847
111000217,714,882,-168
111000218,702,914,-212
111000219,438,194,244
111000220,3747,665,3082
111000221,700,334,366
111000224,0,283,-283
111000225,188,60,128
111000226,150,2,148
111000227,48,7,41
111000228,19,176,-157
111000229,31,310,-279
111000230,164,677,-513
111000231,470,1789,-1319
111000232,220,1248,-1028
111000233,257,811,-554
111000234,42,196,-154
111000239,200,239,-39
111000240,35,122,-87
111000241,24,550,-526
111000242,84,56,28
111000243,80,1115,-1035
111000244,149,90,59
111000245,448,732,-284
111000246,171,785,-614
111000247,100,1505,-1405
111000248,281,517,-236
111000249,370,1129,-759
111000250,31,215,-184
111000251,37,179,-142
111000253,8,8,0
111000255,21,7,14
111000257,14,14,0
111000260,92,1529,-1437
111000261,502,72,430
111000271,20,297,-277
111000273,7214,1598,5616
111000274,1159,1811,-652
111000275,92,100,-8
111000276,247,3046,-2799
111000277,144,558,-414
111000278,573,292,281
111000291,405,2557,-2152
111000298,263,300,-37
111000299,529,78,451
111000300,81,666,-585
111000302,151,91,60
111000303,60,376,-316
111000312,120,62,58
111000315,0,167,-167
111000320,382,756,-374
111000321,197,45,152
111000322,137,782,-645
111000323,71,23,48
111000324,335,285,50
111000325,19,85,-66
111000326,69,450,-381
111000327,457,741,-284
111000328,192,505,-313
111000329,2,13,-11
111000330,20,6,14
111000331,7,5,2
111000332,614,1296,-682
111000334,399,1773,-1374
111000335,232,143,89
111000337,308,473,-165
111000338,5,147,-142
111000339,180,916,-736
111000340,57,998,-941
111000341,545,267,278
111000342,71,514,-443
111000344,643,666,-23
111000345,349,34,315
111000346,16,108,-92
111000347,28,7,21
111000350,134,175,-41
111000351,59,303,-244
111000352,128,111,17
111000353,135,255,-120
111000354,448,119,329
111000355,417,767,-350
111000358,80,2134,-2054
111000360,103,1204,-1101
111000361,72,519,-447
111000546,232,888,-656
111000547,141,842,-701
111000548,65,201,-136
111000549,139,507,-368
111000550,69,342,-273
111000551,669,110,559
111000552,479,100,379
111000907,134,44,90
111000908,16,0,16
111000916,468,267,201
111000917,28,364,-336
111000918,93,1329,-1236
111000920,166,5,161
111000921,3,278,-275
111000922,159,403,-244
111000924,30,1347,-1317
111000925,1298,1750,-452
111000926,968,2676,-1708
111000927,3172,3163,9
111000928,6488,4032,2456
111000929,650,939,-289
111000930,573,2649,-2076
111000931,1322,1570,-248
111000932,4157,2635,1522
111000933,3171,1617,1554
111000934,2661,3052,-391
111000935,800,963,-163
111000936,663,2423,-1760
111000937,506,1138,-632
111000938,1606,2896,-1290
111000939,169,49,120
111000940,195,235,-40
111000941,148,817,-669
111000943,118,296,-178
111000944,73,736,-663
111000945,43,2892,-2849
111001109,300,157,143
111001110,148,806,-658
111001111,13,4,9
111001112,62,5,57
111001113,14,89,-75
111001114,1279,43,1236
111001115,36,322,-286
111001116,6855,1430,5425
111001117,665,666,-1
111001120,91,361,-270
111001121,123,421,-298
111001122,160,708,-548
111001123,47,78,-31
111900001,12,195,-183
111900002,7,1151,-1144
111900003,3,539,-536
111900004,19,252,-233
111900006,7,7,0
111900007,49,0,49
111900008,56,2,54
111900009,69,185,-116
111900010,258,652,-394
111900012,67,115,-48
111900013,3,111,-108
111900014,8921,1682,7239
111900015,2,148,-146
111900016,1,257,-256
111900017,3,226,-223
111900018,88,0,88
111900019,0,93,-93
111900020,3,49,-46
111900021,20,67,-47
111900022,7,51,-44
111900023,164,52,112
111900024,1,94,-93
111900025,0,66,-66
111900026,0,151,-151
111900027,7,242,-235
111900028,33,563,-530
111900029,3,127,-124
111900030,64,500,-436
111900031,19,206,-187
111900032,3,471,-468
111900033,11,156,-145
111900034,234,623,-389
111900035,4,304,-300
111900036,0,455,-455
111900038,361,672,-311
111900039,36,480,-444
111900040,8,780,-772
111900042,70,100,-30
111900043,3,515,-512
111900044,304,269,35
111900046,43,282,-239
111900048,61,1271,-1210
111900049,38,363,-325
111900050,58,12,46
111900051,3,350,-347
111900052,523,685,-162
111900053,1689,390,1299
111900054,77,1,76
111900055,45,747,-702
111900056,182,87,95
111900057,41,79,-38
111900058,96,1037,-941
111900059,2460,225,2235
111900060,223,1,222
111900061,15,364,-349
111900062,36,23,13
111900063,142,265,-123
111900064,147,293,-146
111900065,47,29,18
111900066,65,140,-75
111900067,5,415,-410
111900068,16,41,-25
111900069,38,21,17
111900070,73,181,-108
111900071,0,426,-426
111900072,24,7,17
111900073,222,46,176
111900074,12,308,-296
111900075,23,1,22
111900076,33,22,11
111900077,12,2,10
111900078,94,5,89
111900079,20,11,9
111900080,223,123,100
111900081,996,88,908
111900082,40,15,25
111900083,70,30,40
111900084,22,1,21
111900085,17,54,-37
111900086,12,3,9
111900087,17,0,17
111900088,176,4,172
111900089,29,0,29
111900090,88,17,71
111900091,54,1,53
111900092,30,0,30
111900093,117,1,116
111900094,23,0,23
111900095,107,8,99
111900096,75,0,75
111900097,11,0,11
111900098,47,1,46
111900099,16,0,16
111900100,74,2,72
111900101,46,9,37
111900102,138,979,-841
111900103,54,28,26
111900104,84,68,16
111900105,225,138,87
111900106,1973,65,1908
111900107,71,126,-55
111900108,63,60,3
111900109,480,219,261
111900110,4148,246,3902
111900111,48,278,-230
111900112,1118,917,201
111900113,378,82,296
111900114,246,156,90
111900115,15,43,-28
111900118,170,33,137
111900119,188,53,135
111900122,46,22,24
111900123,5,13,-8
111900124,34,124,-90
111900125,166,4,162
111900126,123,2,121
111900127,1,871,-870
111900128,2,774,-772
111900129,113,13,100
111900130,130,13,117
111900131,131,2,129
111900132,28,1736,-1708
111900133,5,514,-509
111900134,24,374,-350
111900135,4,14,-10
111900136,60,108,-48
111900137,58,68,-10
111900138,6,95,-89
111900139,19,207,-188
111900140,26,21,5
111900141,40,11,29
111900142,41,12,29
111900143,8,413,-405
111900144,0,147,-147
111900145,6,919,-913
111900146,2,491,-489
111900147,245,633,-388
111900148,50,1125,-1075
111900149,6,594,-588
111900150,15,300,-285
111900151,3,35,-32
111900152,131,73,58
111900153,1980,229,1751
111900154,4,90,-86
111900155,55,29,26
111900156,31,20,11
111900157,27,3,24
111900158,207,22,185
111900159,91,2,89
111900160,70,1,69
111900161,61,7,54
111900162,107,78,29
111900163,43,214,-171
111900164,80,23,57
111901113,94,238,-144
111901114,48,562,-514
111901115,17,1,16
111901116,21,1,20
111901117,4,13,-9
111901118,150,62,88
111901119,1773,68,1705
111901120,162,296,-134
111901121,248,496,-248
111901122,3,809,-806
111901123,80,616,-536
111901124,83,2,81
111901125,84,136,-52
111901126,46,21,25
111901127,1146,236,910
111901128,6,107,-101
111901129,3,183,-180
111901130,20,350,-330
111901131,1,274,-273
111901132,48,6,42
111901133,17,2,15
111901134,28,2,26
111901135,4,11,-7
111901136,23,12,11
111901137,0,13,-13
111901138,67,44,23
111901139,22,76,-54
111901140,8,199,-191
111901141,3,374,-371
111901142,4,201,-197
111901143,4,123,-119
111901144,14,25,-11
111901145,177,114,63
111901146,214,12,202
112000001,1254,819,435
112000002,757,2858,-2101
112000003,523,789,-266
112000004,582,2051,-1469
112000005,1459,1320,139
112000006,1327,2313,-986
112000007,1374,1247,127
112000008,2025,3162,-1137
112000009,4561,4146,415
112000010,1785,2301,-516
112000011,1960,2663,-703
112000012,6449,2099,4350
112000013,7191,3606,3585
112000014,3228,1018,2210
112000015,3430,2646,784
112000016,4531,1160,3371
112000017,2137,1672,465
112000024,1945,731,1214
112000026,5294,6401,-1107
112000027,620,355,265
112000028,1692,2085,-393
112000029,303,488,-185
112000030,242,151,91
112000031,1581,2400,-819
112000032,682,88,594
112000033,2356,966,1390
112000034,292,53,239
112000035,126,322,-196
112000036,977,799,178
112000037,954,1136,-182
112000038,847,1111,-264
112000039,25,100,-75
112000040,163,401,-238
112000041,515,684,-169
112000042,1033,318,715
112000050,552,1592,-1040
112000051,570,808,-238
112000054,1935,3136,-1201
112000057,745,345,400
112000058,325,530,-205
112000059,1148,385,763
112000061,7448,1785,5663
112000062,4005,687,3318
112000063,2608,813,1795
112000064,6707,6680,27
112000065,2685,3280,-595
112000066,2836,767,2069
112000067,818,771,47
112000068,1622,913,709
112000069,697,2823,-2126
112000070,1478,403,1075
112000071,662,3847,-3185
112000072,880,847,33
112000073,1347,1979,-632
112000074,807,795,12
112000075,805,941,-136
112000076,3370,3010,360
112000077,276,896,-620
112000078,835,777,58
112000079,1233,1559,-326
112000080,473,1214,-741
112000081,1133,2159,-1026
112000082,917,730,187
112000083,403,1803,-1400
112000084,836,791,45
112000085,856,1471,-615
112000086,1005,1898,-893
112000087,158,606,-448
112000088,259,877,-618
112000089,171,387,-216
112000090,143,513,-370
112000091,667,1549,-882
112000092,1069,894,175
112000093,1368,1308,60
112000094,373,919,-546
112000095,454,870,-416
112000096,267,851,-584
112000097,486,537,-51
112000098,740,2091,-1351
112000099,461,554,-93
112000100,832,957,-125
112000101,354,1292,-938
112000102,557,514,43
112000103,227,1688,-1461
112000105,345,2444,-2099
112000106,595,411,184
112000107,9,187,-178
112000108,123,1944,-1821
112000109,43,51,-8
112000110,770,396,374
112000111,1247,5493,-4246
112000112,2448,510,1938
112000113,955,2598,-1643
112000114,1552,916,636
112000115,136,685,-549
112000116,501,1182,-681
112000117,538,782,-244
112000118,808,1082,-274
112000119,387,1195,-808
112000120,140,507,-367
112000121,71,956,-885
112000122,189,180,9
112000123,301,183,118
112000124,159,92,67
112000125,69,90,-21
112000126,125,920,-795
112000127,3548,1195,2353
112000128,1704,729,975
112000129,61,157,-96
112000130,70,55,15
112000131,15,386,-371
112000132,55,402,-347
112000133,192,317,-125
112000134,350,469,-119
112000135,518,662,-144
112000136,767,1395,-628
112000137,677,1381,-704
112000138,1173,1487,-314
112000139,774,220,554
112000140,1199,1157,42
112000141,318,218,100
112000142,152,1112,-960
112000143,476,210,266
112000144,240,1999,-1759
112000145,1327,782,545
112000146,589,2588,-1999
112000147,1070,1625,-555
112000148,1535,2482,-947
112000149,189,880,-691
112000150,92,839,-747
112000151,274,894,-620
112000152,200,479,-279
112000153,181,358,-177
112000154,77,121,-44
112000155,104,74,30
112000157,840,560,280
112000158,187,863,-676
112000159,249,419,-170
112000167,174,48,126
112000169,412,326,86
112000173,435,318,117
112000175,211,442,-231
112000176,6533,2049,4484
112000177,284,116,168
112000178,58,683,-625
112000179,98,185,-87
112000180,217,308,-91
112000181,1151,2377,-1226
112000182,476,2702,-2226
112000183,33,68,-35
112000184,167,895,-728
112000185,209,767,-558
112000187,2841,2809,32
112000195,62,13,49
112000196,107,4,103
112000197,94,99,-5
112000198,25,569,-544
112000199,1098,1099,-1
112000202,252,12,240
112000216,52,149,-97
112000230,32,4,28
112000231,0,531,-531
112000256,29,124,-95
112000313,161,257,-96
112000314,16,25,-9
112000337,229,623,-394
112000352,261,203,58
112000392,2385,1294,1091
112000398,700,707,-7
112000399,2543,1461,1082
112000400,1770,5051,-3281
112000401,3167,3468,-301
112000402,1263,1935,-672
112000403,2194,1705,489
112000404,225,707,-482
112000405,1261,2396,-1135
112000406,3815,3969,-154
112000407,3751,5253,-1502
112000408,9107,8262,845
112000409,1827,5872,-4045
112000410,299,120,179
112000411,6116,671,5445
112000412,1065,342,723
112000413,11561,2356,9205
112000414,48,121,-73
112000415,71,48,23
112000416,1434,1341,93
112000417,102,103,-1
112000421,12,166,-154
112000422,204,598,-394
112000424,2706,1416,1290
112000425,304,1237,-933
112000426,48,276,-228
112000427,0,15,-15
112000428,91,644,-553
112000429,2072,3392,-1320
112000430,1930,3534,-1604
112000431,40,100,-60
112000432,544,2435,-1891
112000433,775,682,93
112000437,30,452,-422
112900001,32,1,31
112900002,137,1647,-1510
112900003,17,318,-301
112900004,24,555,-531
112900005,89,366,-277
112900006,7,553,-546
112900007,36,340,-304
112900008,3,23,-20
112900009,402,81,321
112900010,139,1099,-960
112900011,408,368,40
112900012,0,53,-53
112900013,2,159,-157
112900014,0,453,-453
112900015,514,1260,-746
112900016,2,345,-343
112900017,42,249,-207
112900018,0,542,-542
112900019,78,197,-119
112900020,677,1868,-1191
112900021,6,313,-307
112900022,4,116,-112
112900023,1,345,-344
112900024,25,282,-257
112900025,88,278,-190
112900026,4,380,-376
112900027,11,1602,-1591
112900028,18,168,-150
112900029,6,968,-962
112900030,372,245,127
112900031,5,715,-710
112900032,108,264,-156
112900034,2,65,-63
112900035,4,644,-640
112900036,20,150,-130
112900037,179,92,87
112900038,262,165,97
112900039,13,396,-383
112900040,1,377,-376
112900041,2057,816,1241
112900042,23,471,-448
112900043,10,45,-35
112900044,564,428,136
112900045,669,404,265
112900046,318,63,255
112900047,17,13,4
112900049,51,129,-78
112900050,82,742,-660
112900051,345,836,-491
112900052,17,1293,-1276
112900053,355,94,261
112900054,349,24,325
112900055,196,18,178
112900056,264,125,139
112900057,7,983,-976
112900058,315,136,179
112900059,81,117,-36
112900060,10,327,-317
112900061,62,156,-94
112900062,71,165,-94
112900063,46,2,44
112900064,241,154,87
112900065,77,13,64
112900066,159,58,101
112900067,794,167,627
112900068,30,18,12
112900069,3101,426,2675
112900071,33,0,33
112900072,236,656,-420
112900073,153,41,112
112900074,44,89,-45
112900075,2906,356,2550
112900076,51,8,43
112900078,116,162,-46
112900079,76,8,68
112900080,21,0,21
112900081,28,81,-53
112900082,283,14,269
112900083,26,53,-27
112900084,101,39,62
112900085,0,4,-4
112900086,17,1,16
112900087,295,64,231
112900088,35,9,26
112900089,379,11,368
112900090,33,19,14
112900091,63,2,61
112900092,147,101,46
112900093,610,10,600
112900094,20,3,17
112900095,15,1,14
112900096,266,75,191
112900097,31,516,-485
112900098,193,0,193
112900099,344,12,332
112900100,28,0,28
112900101,109,0,109
112900102,35,7,28
112900103,72,3,69
112900104,11,0,11
112900105,9,0,9
112900106,208,67,141
112900107,4,0,4
112900108,161,1,160
112900109,18,1,17
112900110,336,9,327
112900111,244,5,239
112900112,131,1,130
112900113,0,35,-35
112900114,30,25,5
112900115,349,3,346
112900116,82,39,43
112900117,126,152,-26
112900118,35,79,-44
112900119,57,3,54
112900120,778,227,551
112900121,312,266,46
112900122,16,211,-195
112900123,172,9,163
112900124,1,202,-201
112900125,102,341,-239
112900126,148,340,-192
112900127,175,64,111
112900128,574,830,-256
112900129,14,1318,-1304
112900130,108,43,65
112900131,44,223,-179
112900132,58,370,-312
112900133,34,1686,-1652
112900134,4,370,-366
112900135,25,13,12
112900136,1,48,-47
112900137,1,953,-952
112900138,11,686,-675
112900139,235,1353,-1118
112900140,2,109,-107
112900141,360,40,320
112900142,83,52,31
112900143,48,749,-701
112900144,1,296,-295
112900145,41,531,-490
112900146,11,1958,-1947
112900147,13,3016,-3003
112900148,39,0,39
112900149,163,703,-540
112900151,39,54,-15
112900152,6156,1524,4632
112900153,1853,966,887
112900154,0,95,-95
112900155,73,18,55
112900156,112,2593,-2481
112900157,69,1,68
112900158,14,13,1
112900159,169,32,137
112900160,24,268,-244
112900161,31,44,-13
112900162,45,10,35
112900163,139,17,122
112900164,26,100,-74
112900165,116,34,82
112900166,10,33,-23
112900167,0,22,-22
112900168,2,2,0
112900169,9,9,0
112900170,50,122,-72
112900172,63,6,57
112900173,330,78,252
112900174,222,32,190
112900175,178,77,101
112900176,5,20,-15
112900177,95,17,78
112900178,500,857,-357
112900179,33,618,-585
112900180,803,2994,-2191
112900181,252,6,246
112900182,23,1984,-1961
112900183,100,205,-105
112900184,402,293,109
112900185,300,431,-131
112900186,2252,683,1569
112900187,47,250,-203
112900188,780,308,472
112900189,25,21,4
112900190,10,55,-45
112900192,438,260,178
112900193,1099,267,832
112900194,11,77,-66
112900195,398,33,365
112900196,252,634,-382
112900197,160,507,-347
112900199,199,663,-464
112900200,273,306,-33
112900201,89,87,2
112900202,143,1193,-1050
112900203,69,360,-291
112900204,854,368,486
112900205,1,2,-1
112900206,11,59,-48
112900207,2,0,2
112900208,78,98,-20
112900209,332,488,-156
112900210,0,20,-20
112900211,48,52,-4
112900212,0,108,-108
112900213,7,4,3
112900214,27,10,17
112900215,1,296,-295
112900216,18,38,-20
112900217,1,80,-79
112900218,10,13,-3
112900219,10,25,-15
112900220,5,0,5
112900221,14,119,-105
112900222,0,8,-8
112900223,452,6,446
112900224,132,938,-806
112900225,224,698,-474
112900226,414,280,134
112900227,216,1872,-1656
112900228,36,17,19
112900229,59,74,-15
112900230,9838,3062,6776
112900232,177,150,27
112900233,23,218,-195
112900234,8,149,-141
112900235,43,23,20
112900236,59,14,45
112900237,46,366,-320
112900238,1,57,-56
112900239,471,209,262
113000001,5412,5741,-329
113000002,4107,4257,-150
113000003,2161,2270,-109
113000004,2397,2660,-263
113000005,1365,1250,115
113000006,1043,1549,-506
113000007,1216,1585,-369
113000008,1384,2145,-761
113000009,703,1033,-330
113000010,973,2122,-1149
113000011,681,2306,-1625
113000012,1205,755,450
113000013,1507,510,997
113000014,2429,1763,666
113000015,1350,321,1029
113000016,739,454,285
113000017,82,274,-192
113000018,170,46,124
113000019,69,290,-221
113000020,73,25,48
113000021,782,701,81
113000022,441,1495,-1054
113000025,81,277,-196
113000026,126,381,-255
113000027,731,379,352
113000028,1251,455,796
113000029,1001,543,458
113000030,489,757,-268
113000031,420,274,146
113000032,304,205,99
113000033,514,395,119
113000034,665,386,279
113000035,30,31,-1
113000036,13,56,-43
113000037,74,43,31
113000038,10,83,-73
113000039,108,599,-491
113000040,42,92,-50
113000042,1029,789,240
113000051,682,1882,-1200
113000052,2519,1485,1034
113000053,286,758,-472
113000054,167,899,-732
113000055,677,1238,-561
113000056,499,1642,-1143
113000058,808,1142,-334
113000059,1493,941,552
113000060,87,716,-629
113000061,861,1026,-165
113000062,1538,197,1341
113000063,84,296,-212
113000064,26,502,-476
113000065,118,1419,-1301
113000066,325,98,227
113000067,1027,1392,-365
113000068,327,2646,-2319
113000069,413,1830,-1417
113000070,1003,920,83
113000071,294,1017,-723
113000072,369,528,-159
113000073,631,1811,-1180
113000074,1068,292,776
113000075,2361,493,1868
113000076,1404,1891,-487
113000077,2183,392,1791
113000078,1593,1700,-107
113000079,908,611,297
113000080,672,528,144
113000081,1022,959,63
113000082,1421,858,563
113000083,568,746,-178
113000084,1521,1238,283
113000085,1020,587,433
113000086,1054,1110,-56
113000087,1287,851,436
113000088,2349,1330,1019
113000089,980,1500,-520
113000090,264,362,-98
113000091,1031,301,730
113000094,715,133,582
113000095,251,1327,-1076
113000096,124,1355,-1231
113000097,667,345,322
113000098,77,18,59
113000099,961,236,725
113000100,151,436,-285
113000101,360,613,-253
113000102,400,175,225
113000103,3045,632,2413
113000104,319,2342,-2023
113000105,643,449,194
113000106,343,648,-305
113000107,529,909,-380
113000108,883,1767,-884
113000109,544,3195,-2651
113000110,1581,408,1173
113000111,107,461,-354
113000112,270,317,-47
113000113,2593,270,2323
113000114,408,1314,-906
113000116,740,245,495
113000117,913,234,679
113000118,127,334,-207
113000119,176,466,-290
113000120,36,246,-210
113000121,511,1059,-548
113000124,151,175,-24
113000125,25,597,-572
113000127,3979,606,3373
113000128,453,545,-92
113000129,681,1339,-658
113000133,5365,1227,4138
113000134,14,566,-552
113000135,3264,2151,1113
113000137,3230,1603,1627
113000139,527,157,370
113000140,199,338,-139
113000141,533,127,406
113000142,855,882,-27
113000143,395,183,212
113000144,395,669,-274
113000145,71,234,-163
113000146,102,105,-3
113000147,155,179,-24
113000148,87,183,-96
113000149,112,188,-76
113000150,547,457,90
113000151,169,52,117
113000152,31,228,-197
113000153,2287,606,1681
113000154,912,1335,-423
113000155,244,406,-162
113000156,182,514,-332
113000157,280,884,-604
113000158,604,213,391
113000159,817,514,303
113000160,654,1431,-777
113000161,300,855,-555
113000162,623,392,231
113000163,46,26,20
113000164,15,109,-94
113000166,65,96,-31
113000167,22,258,-236
113000168,76,272,-196
113000169,102,69,33
113000170,65,74,-9
113000171,95,107,-12
113000172,220,124,96
113000173,40,10,30
113000174,163,621,-458
113000175,324,127,197
113000176,304,163,141
113000177,138,474,-336
113000178,217,475,-258
113000179,271,133,138
113000180,518,1554,-1036
113000181,664,1253,-589
113000182,348,401,-53
113000183,277,634,-357
113000184,10,188,-178
113000189,701,679,22
113000190,1969,483,1486
113000192,3056,1564,1492
113000193,5759,891,4868
113000194,2267,1226,1041
113000195,3048,595,2453
113000196,89,93,-4
113000197,1426,980,446
113000198,26,293,-267
113000199,1057,442,615
113000201,284,176,108
113000202,3680,1879,1801
113000203,493,173,320
113000204,2138,1320,818
113000205,16,36,-20
113000206,6,54,-48
113000207,64,23,41
113000208,58,95,-37
113000209,26,40,-14
113000210,7,44,-37
113000211,336,140,196
113000212,263,14,249
113000213,44,118,-74
113000214,63,201,-138
113000234,149,1589,-1440
113000410,150,159,-9
113000411,3256,4563,-1307
113000412,13087,1804,11283
113000413,5151,2217,2934
113000414,15089,8838,6251
113000415,3275,2507,768
113000416,12334,3366,8968
113000417,5357,3035,2322
113000418,3926,2647,1279
113000419,3105,2113,992
113000420,4879,3563,1316
113000421,5082,4730,352
113000422,21370,7824,13546
113000423,3339,3407,-68
113000424,5422,6503,-1081
113000425,10,79,-69
113000428,297,47,250
113000430,37,86,-49
113000432,975,92,883
113000433,153,1204,-1051
113000434,23,422,-399
113000435,20,1130,-1110
113000436,29,1829,-1800
113000437,309,14,295
113000438,88,6,82
113000439,15,212,-197
113000440,45,25,20
113000441,109,300,-191
113000442,108,380,-272
113000443,68,354,-286
113000444,73,424,-351
113000445,48,152,-104
113000446,9,101,-92
113000448,102,131,-29
113000449,314,885,-571
113000450,808,2083,-1275
113000451,1278,120,1158
113000452,510,279,231
113000453,102,242,-140
113000454,961,8,953
113000455,3,154,-151
113000456,4427,2041,2386
113000468,3165,447,2718
113000469,431,171,260
113000470,541,73,468
113000471,8,358,-350
113000472,57,331,-274
113000474,354,843,-489
113000475,1487,2284,-797
113000476,853,2224,-1371
113000477,1879,2545,-666
113000478,3806,7783,-3977
113000479,77,288,-211
113000480,143,85,58
113000481,0,0,0
113000482,0,0,0
113000483,0,0,0
113000484,0,1,-1
113000485,0,0,0
113000486,0,0,0
113000487,0,0,0
113000488,0,0,0
113000489,0,0,0
113000490,0,0,0
113000491,0,0,0
113000492,0,0,0
113000493,0,0,0
113000495,178,268,-90
113000496,41,74,-33
113000497,0,0,0
113000499,0,0,0
113000500,1,18,-17
113900001,0,116,-116
113900002,2,150,-148
113900003,0,87,-87
113900004,0,25,-25
113900005,1,19,-18
113900006,9,19,-10
113900007,33,12,21
113900008,37,0,37
113900009,256,0,256
113900010,118,1,117
113900011,11,1,10
113900012,12,0,12
113900013,649,6,643
113900014,706,2,704
113900015,0,56,-56
113900016,27,0,27
113900017,0,69,-69
113900018,643,98,545
113900019,53,68,-15
113900020,67,2,65
113900022,6,0,6
113900023,0,0,0
113900024,32,104,-72
113900025,496,26,470
113900026,35,1,34
113900027,2,64,-62
113900028,7,569,-562
113900029,55,346,-291
113900030,82,4,78
113900031,1,1,0
113900032,2,0,2
113900033,61,76,-15
113900035,30,0,30
113900036,15,117,-102
113900037,65,688,-623
113900038,70,50,20
113900039,77,2,75
113900040,3,6,-3
113900041,0,0,0
113900042,41,48,-7
113900043,187,128,59
113900044,240,51,189
113900045,27,3,24
113900046,280,812,-532
113900047,24,180,-156
113900048,315,49,266
113900049,1112,177,935
113900050,160,376,-216
113900051,192,533,-341
113900052,250,146,104
113900053,559,121,438
113900054,5,5,0
113900055,83,548,-465
113900056,42,160,-118
113900057,17,303,-286
113900058,27,262,-235
113900059,92,383,-291
113900060,162,338,-176
113900061,1474,115,1359
113900062,52,19,33
113900063,93,142,-49
113900064,54,199,-145
113900065,719,17,702
113900066,188,497,-309
113900067,55,465,-410
113900068,288,326,-38
113900069,111,25,86
113900070,275,541,-266
113900071,45,93,-48
113900072,33,193,-160
113900073,129,466,-337
113900074,36,562,-526
113900075,814,1017,-203
113900076,171,8,163
113900077,25,320,-295
113900078,53,58,-5
113900079,4,75,-71
113900080,315,167,148
113900081,42,281,-239
113900082,137,283,-146
113900083,166,972,-806
113900084,194,87,107
113900085,35,349,-314
113900086,14,16,-2
113900087,45,204,-159
113900088,42,79,-37
113900089,335,52,283
113900090,340,392,-52
113900091,25,21,4
113900092,33,67,-34
113900093,61,465,-404
113900094,171,623,-452
113900095,91,72,19
113900096,137,39,98
113900097,3,147,-144
113900098,344,58,286
113900099,1,52,-51
113900100,0,1,-1
113900101,10,46,-36
113900102,132,96,36
113900103,197,255,-58
113900104,135,139,-4
113900105,25,457,-432
113900106,0,97,-97
113900107,0,22,-22
113900108,245,135,110
113900109,394,88,306
113900110,29,8,21
113900111,85,116,-31
113900112,44,113,-69
113900113,549,416,133
113900114,1,155,-154
113900115,2,94,-92
113900116,65,111,-46
113900117,77,17,60
113900118,152,193,-41
113900119,359,294,65
113900120,32,35,-3
113900121,44,115,-71
113900122,265,1480,-1215
113900123,335,155,180
113900124,0,37,-37
113900125,1587,158,1429
113900126,71,35,36
113900127,184,421,-237
113900128,122,50,72
113900129,16,104,-88
113900130,0,5,-5
113900131,91,76,15
113900132,37,43,-6
113900133,11,20,-9
113900135,147,475,-328
113900136,89,105,-16
113900137,272,143,129
113900138,76,190,-114
113900139,661,68,593
113900140,628,172,456
113900141,189,572,-383
113900142,59,123,-64
113900143,11,14,-3
113900144,439,122,317
113900145,110,209,-99
113900146,71,74,-3
113900148,136,206,-70
113900149,116,45,71
113900150,1581,611,970
113900151,170,226,-56
113900152,20,72,-52
113900153,621,523,98
113900154,2,127,-125
113900155,269,98,171
113900156,188,663,-475
113900157,29,225,-196
113900158,526,152,374
113900159,17,305,-288
113900160,416,809,-393
113900161,36,156,-120
113900162,737,503,234
113900163,296,250,46
113900164,107,52,55
113900165,472,1012,-540
113900166,350,139,211
113900167,305,36,269
113900168,162,156,6
113900169,234,504,-270
113900171,116,46,70
113900172,8,298,-290
113900173,56,733,-677
113900174,360,766,-406
113900175,254,69,185
113900176,174,866,-692
113900177,159,267,-108
113900178,209,119,90
113900179,21,809,-788
113900180,137,175,-38
113900181,479,171,308
113900182,404,1013,-609
113900183,39,74,-35
113900184,21,661,-640
113900185,149,108,41
113900186,27,57,-30
113900187,29,166,-137
113900188,42,229,-187
113900189,258,70,188
113900190,363,116,247
113900191,116,298,-182
113900192,8,295,-287
113900193,25,317,-292
113900194,2223,1058,1165
113900195,341,508,-167
113900196,2,198,-196
113900197,5,338,-333
113900198,31,152,-121
113900199,198,806,-608
113900200,11,335,-324
113900201,1,309,-308
113900202,68,268,-200
113900203,1,289,-288
113900204,51,764,-713
113900205,10,146,-136
113900206,7,147,-140
113900207,1,66,-65
113900208,1,81,-80
113900209,1,125,-124
113900210,647,638,9
113900211,188,36,152
113900212,117,646,-529
113900214,517,352,165
113900215,12,161,-149
113900216,59,1677,-1618
113900217,21,390,-369
113900218,93,28,65
113900219,133,597,-464
113900220,89,57,32
113900221,274,130,144
113900222,443,340,103
113900223,55,1357,-1302
113900224,145,68,77
113900225,971,322,649
113900226,260,145,115
113900227,346,155,191
113900228,484,310,174
113900229,100,499,-399
113900230,6028,1501,4527
113900231,139,276,-137
113900232,54,152,-98
113900233,31,56,-25
113900234,143,327,-184
113900235,98,29,69
113900236,38,492,-454
113900237,76,6,70
113900238,183,317,-134
113900239,45,47,-2
113900240,5,88,-83
113900241,88,50,38
113900242,38,185,-147
113900243,188,450,-262
113900244,583,132,451
113900245,1732,262,1470
113900246,17,14,3
113900247,150,161,-11
113900248,5009,1016,3993
113900249,1554,212,1342
113900250,47,96,-49
113900251,336,205,131
113900252,304,13,291
113900253,445,32,413
113900254,323,76,247
113900255,299,23,276
113900256,322,17,305
113900257,28,871,-843
113900258,11,761,-750
113900259,323,279,44
113900260,83,21,62
113900261,18,144,-126
113900262,137,912,-775
113900263,92,541,-449
113900264,9,683,-674
113900265,92,255,-163
113900266,31,296,-265
113900267,103,489,-386
113900268,160,309,-149
113900269,69,121,-52
113900270,270,337,-67
113900271,487,1534,-1047
113900273,9,2,7
113900274,23,9,14
113900275,30,56,-26
113900276,4,350,-346
113900277,38,1,37
113900278,378,162,216
113900279,121,119,2
113900280,1599,835,764
113900281,310,974,-664
113900282,940,479,461
113900283,281,491,-210
113900284,799,119,680
113900285,132,31,101
113900286,70,205,-135
113900287,20,155,-135
113900288,2,75,-73
113900289,1798,71,1727
113900290,461,73,388
113900291,135,214,-79
113900292,4,2,2
113900293,1,282,-281
113900294,254,24,230
113900295,458,300,158
113900296,2960,377,2583
113900297,581,27,554
113900298,13,1737,-1724
113900299,11,115,-104
113900300,7616,2523,5093
113900301,1003,335,668
113900302,3057,666,2391
113900303,774,186,588
113900304,0,200,-200
113900305,28,0,28
113900306,19,0,19
113900307,21,0,21
113900308,70,114,-44
113900309,8,1179,-1171
113900310,0,12,-12
113900311,9,1,8
113900312,66,109,-43
113900313,14,10,4
114000001,1165,4304,-3139
114000002,129,491,-362
114000003,35,396,-361
114000004,289,486,-197
114000005,173,291,-118
114000006,3842,2315,1527
114000007,567,1608,-1041
114000008,1323,1070,253
114000009,299,225,74
114000011,2157,3758,-1601
114000012,1345,3249,-1904
114000013,1148,2447,-1299
114000014,361,515,-154
114000015,830,640,190
114000016,181,436,-255
114000017,113,240,-127
114000018,496,99,397
114000026,775,1959,-1184
114000027,1448,2353,-905
114000028,1829,2095,-266
114000038,99,188,-89
114000039,50,130,-80
114000040,76,223,-147
114000042,66,251,-185
114000043,30,235,-205
114000044,80,81,-1
114000045,22,87,-65
114000046,2527,5494,-2967
114000047,11,110,-99
114000048,71,89,-18
114000049,1534,1047,487
114000050,1705,1045,660
114000051,3587,1617,1970
114000052,2865,1359,1506
114000053,48,582,-534
114000054,65,1881,-1816
114000055,185,33,152
114000056,1857,681,1176
114000057,9926,2755,7171
114000058,769,565,204
114000059,407,164,243
114000060,389,847,-458
114000061,3531,1216,2315
114000062,2848,710,2138
114000063,4040,1948,2092
114000064,10799,2876,7923
114000065,2405,2447,-42
114000066,228,713,-485
114000067,20,365,-345
114000068,425,390,35
114000069,1026,425,601
114000070,2662,1313,1349
114000071,450,823,-373
114000072,169,484,-315
114000073,28,175,-147
114000074,7,21,-14
114000075,31,256,-225
114000076,14,297,-283
114000077,3,82,-79
114000078,100,1858,-1758
114000079,55,37,18
114000080,88,104,-16
114000081,47,106,-59
114000082,60,715,-655
114000083,23,433,-410
114000084,114,59,55
114000085,130,1077,-947
114000086,119,865,-746
114000087,18,274,-256
114000088,67,75,-8
114000089,1808,591,1217
114000090,633,485,148
114000091,1757,402,1355
114000092,974,251,723
114000093,745,585,160
114000094,244,411,-167
114000095,112,105,7
114000096,89,776,-687
114000097,97,1395,-1298
114000098,247,41,206
114000099,222,1119,-897
114000100,538,992,-454
114000101,235,1670,-1435
114000102,177,337,-160
114000103,105,636,-531
114000104,8,383,-375
114000105,29,55,-26
114000106,950,346,604
114000107,77,169,-92
114000108,2431,1573,858
114000109,273,448,-175
114000110,536,2066,-1530
114000111,819,551,268
114000112,252,1991,-1739
114000113,485,464,21
114000114,1150,1684,-534
114000115,1056,654,402
114000116,345,465,-120
114000117,1210,400,810
114000118,1032,348,684
114000119,758,278,480
114000120,539,1112,-573
114000121,358,712,-354
114000122,265,255,10
114000123,735,266,469
114000124,380,361,19
114000125,733,2044,-1311
114000126,819,201,618
114000127,95,288,-193
114000128,627,727,-100
114000130,312,615,-303
114000131,104,52,52
114000132,611,968,-357
114000133,1297,1576,-279
114000134,39,281,-242
114000138,34,234,-200
114000139,303,121,182
114000144,619,276,343
114000145,71,234,-163
114000146,132,389,-257
114000147,867,876,-9
114000148,2573,1277,1296
114000149,291,170,121
114000150,961,481,480
114000151,788,746,42
114000152,126,22,104
114000153,1071,1235,-164
114000154,678,549,129
114000155,1272,1445,-173
114000156,689,426,263
114000157,205,794,-589
114000158,2681,792,1889
114000159,195,399,-204
114000160,139,197,-58
114000161,1739,1167,572
114000162,866,944,-78
114000163,10,174,-164
114000165,178,136,42
114000166,634,192,442
114000167,4981,1218,3763
114000168,884,730,154
114000169,2121,628,1493
114000170,1236,431,805
114000171,599,856,-257
114000174,187,470,-283
114000176,644,370,274
114000177,2466,901,1565
114000178,31,76,-45
114000179,1372,740,632
114000180,436,655,-219
114000181,1614,2152,-538
114000182,7832,2289,5543
114000183,1250,873,377
114000184,659,2083,-1424
114000185,848,1030,-182
114000189,462,70,392
114000190,1155,153,1002
114000191,15,32,-17
114000192,378,1877,-1499
114000193,1163,3781,-2618
114000194,1184,1469,-285
114000195,45,13,32
114000196,0,339,-339
114000197,566,51,515
114000198,1408,468,940
114000199,2073,1172,901
114000200,576,2974,-2398
114000201,144,1337,-1193
114000202,872,1026,-154
114000203,425,1053,-628
114000204,115,502,-387
114000205,240,2152,-1912
114000206,413,1575,-1162
114000207,565,2796,-2231
114000208,374,3791,-3417
114000209,639,3978,-3339
114000210,389,1993,-1604
114000211,849,1689,-840
114000212,588,855,-267
114000213,983,675,308
114000214,78,261,-183
114000215,86,90,-4
114000216,742,342,400
114000217,104,400,-296
114000218,76,424,-348
114000219,655,436,219
114000220,5,1719,-1714
114000221,336,120,216
114000222,205,1435,-1230
114000223,375,80,295
114000224,126,777,-651
114000225,144,683,-539
114000226,48,246,-198
114000227,528,539,-11
114000228,532,1017,-485
114000229,573,1431,-858
114000230,1386,1712,-326
114000231,734,1320,-586
114000232,333,120,213
114000233,1240,113,1127
114000234,802,1188,-386
114000235,714,1883,-1169
114000236,0,655,-655
114000237,83,1325,-1242
114000238,25,159,-134
114000239,159,1770,-1611
114000240,576,750,-174
114000241,274,1176,-902
114000242,967,1002,-35
114000243,1010,780,230
114000244,449,418,31
114000245,301,734,-433
114000246,111,50,61
114000247,439,742,-303
114000248,652,561,91
114000249,414,471,-57
114000250,427,645,-218
114000251,198,384,-186
114000252,46,122,-76
114000253,51,242,-191
114000254,14,149,-135
114000255,562,163,399
114000256,2737,612,2125
114000257,578,2434,-1856
114000258,157,672,-515
114000259,74,304,-230
114000260,0,35,-35
114000261,40,33,7
114000262,30,208,-178
114000263,10,4,6
114000264,378,914,-536
114000265,0,1,-1
114000267,3,1273,-1270
114000268,6,2608,-2602
114000270,75,1,74
114000271,243,116,127
114000283,607,546,61
114000285,56,353,-297
114000288,55,447,-392
114000289,817,86,731
114000293,82,518,-436
114000294,167,357,-190
114000395,916,53,863
114000396,164,301,-137
114000402,220,364,-144
114000403,234,712,-478
114000405,101,794,-693
114000423,152,756,-604
114000424,257,299,-42
114000425,223,830,-607
114000426,241,624,-383
114000427,38,103,-65
114000428,278,84,194
114000429,10,225,-215
114000432,50,144,-94
114000434,17,128,-111
114000435,5,174,-169
114000436,5850,1732,4118
114000437,293,861,-568
114900001,279,1705,-1426
114900002,408,107,301
114900003,304,2758,-2454
114900004,143,220,-77
114900005,240,1183,-943
114900006,26,26,0
114900007,86,11,75
114900008,75,20,55
114900010,3187,1503,1684
114900011,69,105,-36
114900013,112,71,41
114900015,30,185,-155
114900018,643,18,625
114900020,73,44,29
114900022,13,792,-779
114900024,125,142,-17
114900025,214,269,-55
114900026,24,79,-55
114900027,160,259,-99
114900029,23,8,15
114900030,133,230,-97
114900031,106,24,82
114900032,118,48,70
114900033,1586,227,1359
114900034,43,278,-235
114900035,155,265,-110
114900036,195,1404,-1209
114900037,58,263,-205
114900038,170,1352,-1182
114900039,345,895,-550
114900040,38,278,-240
114900041,250,910,-660
114900042,418,1092,-674
114900043,930,374,556
114900044,61,17,44
114900046,58,191,-133
114900047,168,1015,-847
114900048,65,226,-161
114900049,10,284,-274
114900050,13,814,-801
114900051,28,677,-649
114900052,87,227,-140
114900053,81,225,-144
114900054,77,180,-103
114900057,183,11,172
114900058,0,68,-68
114900059,29,33,-4
114900060,1557,375,1182
114900061,70,217,-147
114900062,221,275,-54
114900063,50,294,-244
114900064,615,852,-237
114900065,204,690,-486
114900067,17,374,-357
114900068,74,272,-198
114900069,161,175,-14
114900070,186,773,-587
114900072,3,337,-334
114900073,1,204,-203
114900074,189,1184,-995
114900075,123,2,121
114900076,4,440,-436
114900080,3722,452,3270
114900082,4401,1356,3045
114900083,734,783,-49
114900090,132,129,3
114900091,101,189,-88
114900095,484,121,363
114900096,495,687,-192
114900097,57,1,56
114900098,1,245,-244
114900099,49,2,47
115000001,10412,7525,2887
115000002,2797,3178,-381
115000003,4051,5578,-1527
115000004,2277,4309,-2032
115000005,1583,3484,-1901
115000006,491,1446,-955
115000007,42,145,-103
115000008,564,521,43
115000009,98,304,-206
115000010,248,166,82
115000013,109,112,-3
115000015,101,176,-75
115000016,209,201,8
115000019,17,427,-410
115000020,181,413,-232
115000021,240,447,-207
115000022,568,414,154
115000023,277,366,-89
115000024,1243,583,660
115000025,758,439,319
115000026,160,496,-336
115000027,161,329,-168
115000028,127,788,-661
115000029,362,191,171
115000030,361,945,-584
115000031,752,305,447
115000032,1,299,-298
115000033,133,17,116
115000034,114,1291,-1177
115000035,977,42,935
115000036,2,533,-531
115000037,239,4,235
115000038,35,191,-156
115000039,3329,2008,1321
115000040,7972,3312,4660
115000041,854,2217,-1363
115000042,804,759,45
115000043,2927,2929,-2
115000044,3701,5208,-1507
115000045,2043,2890,-847
115000046,1285,2548,-1263
115000047,1305,2079,-774
115000048,1193,3585,-2392
115000049,1503,3355,-1852
115000050,2458,2030,428
115000051,2470,1587,883
115000052,3561,2333,1228
115000053,1386,1261,125
115000054,950,1485,-535
115000055,133,415,-282
115000056,171,283,-112
115000057,258,648,-390
115000058,174,178,-4
115000059,148,212,-64
115000061,204,94,110
115000062,125,345,-220
115000063,162,378,-216
115000064,289,205,84
115000065,15,216,-201
115000067,274,33,241
115000069,50,415,-365
115000070,36,883,-847
115000071,87,11,76
115000072,27,85,-58
115000073,1695,59,1636
115000075,42,54,-12
115000076,3671,4178,-507
115000077,1220,4520,-3300
115000078,561,2400,-1839
115000079,841,2754,-1913
115000080,1570,3394,-1824
115000081,408,1152,-744
115000082,2689,3152,-463
115000083,1770,4193,-2423
115000084,1036,1175,-139
115000085,487,1448,-961
115000086,606,1167,-561
115000087,683,1862,-1179
115000088,1562,750,812
115000089,1707,1735,-28
115000090,947,677,270
115000091,293,1624,-1331
115000092,251,323,-72
115000093,447,2,445
115000094,9185,4976,4209
115000095,7362,4711,2651
115000096,556,2629,-2073
115000097,397,842,-445
115000098,564,1099,-535
115000099,1496,3946,-2450
115000100,601,579,22
115000101,410,1947,-1537
115000102,313,197,116
115000103,374,1041,-667
115000105,55,262,-207
115000106,258,280,-22
115000107,107,729,-622
115000108,4836,3580,1256
115000109,6433,2701,3732
115000110,1298,756,542
115000111,880,1790,-910
115000112,878,509,369
115000113,1272,984,288
115000114,2074,988,1086
115000116,3629,1416,2213
115000117,4192,1968,2224
115000118,1832,1398,434
115000119,1884,1849,35
115000120,592,551,41
115000121,2253,1111,1142
115000122,5750,858,4892
115000123,2514,1261,1253
115000124,675,674,1
115000125,376,764,-388
115000126,153,328,-175
115000127,261,150,111
115000128,1159,762,397
115000129,210,121,89
115000130,318,1452,-1134
115000131,375,288,87
115000132,135,686,-551
115000133,204,425,-221
115000134,180,232,-52
115000135,105,321,-216
115000136,107,209,-102
115000137,61,250,-189
115000138,99,254,-155
115000139,148,277,-129
115000140,99,210,-111
115000141,106,451,-345
115000142,63,434,-371
115000143,316,579,-263
115000144,270,97,173
115000145,183,718,-535
115000146,254,223,31
115000147,339,665,-326
115000148,346,2072,-1726
115000149,397,237,160
115000150,683,1685,-1002
115000151,493,517,-24
115000152,553,2125,-1572
115000153,547,550,-3
115000154,425,373,52
115000155,422,1499,-1077
115000156,940,633,307
115000157,1178,1074,104
115000158,873,330,543
115000159,911,481,430
115000160,809,676,133
115000161,649,657,-8
115000162,714,500,214
115000163,697,669,28
115000164,634,544,90
115000165,432,357,75
115000167,86,53,33
115000168,667,272,395
115000169,760,387,373
115000170,97,141,-44
115000171,234,127,107
115000172,2151,650,1501
115000173,321,285,36
115000174,52,203,-151
115000175,39,55,-16
115000176,286,55,231
115000177,314,67,247
115000178,13,372,-359
115000179,22,17,5
115000180,60,948,-888
115000181,276,124,152
115000182,387,526,-139
115000183,160,1318,-1158
115000186,507,360,147
115000187,179,713,-534
115000188,437,550,-113
115000189,318,421,-103
115000190,750,614,136
115000191,267,505,-238
115000194,131,125,6
115000195,262,184,78
115000196,40,150,-110
115000197,80,554,-474
115000198,122,288,-166
115000199,175,471,-296
115000200,198,147,51
115000201,72,500,-428
115000206,170,95,75
115000207,26,467,-441
115000208,647,868,-221
115000209,544,199,345
115000210,81,151,-70
115000211,264,280,-16
115000212,1585,345,1240
115000224,143,72,71
115000225,108,56,52
115000229,306,187,119
115000230,110,498,-388
115000231,261,3176,-2915
115000232,754,420,334
115000233,83,266,-183
115000234,16,242,-226
115000241,28,327,-299
115000242,49,403,-354
115000243,17,354,-337
115000244,4,105,-101
115000246,15,12,3
115000247,26,10,16
115000248,10,6,4
115000249,24,5,19
115000250,136,60,76
115000251,78,162,-84
115000252,23,182,-159
115000253,15,169,-154
115000258,108,213,-105
115000259,364,178,186
115000261,4,30,-26
115000262,8,24,-16
115000263,7,50,-43
115000264,8,51,-43
115000267,42,75,-33
115000268,37,104,-67
115000269,96,73,23
115000270,5,15,-10
115000272,76,164,-88
115000273,283,54,229
115000280,3592,76,3516
115000281,1292,179,1113
115000282,1541,574,967
115000284,353,74,279
115000296,495,19,476
115000297,91,51,40
115000298,38,140,-102
115000300,45,283,-238
115000302,222,321,-99
115000303,294,200,94
115000304,326,103,223
115000305,70,1474,-1404
115000306,69,709,-640
115000307,77,382,-305
115000308,51,12,39
115000309,15,9,6
115000310,588,1726,-1138
115000311,363,1590,-1227
115000313,106,1094,-988
115000314,234,68,166
115000315,1491,258,1233
115000316,21,70,-49
115000317,185,913,-728
115000318,746,258,488
115000319,61,285,-224
115000320,14,225,-211
115000321,610,31,579
115000322,29,323,-294
115000449,469,128,341
115000557,3,487,-484
115000558,153,93,60
115000587,259,433,-174
115000588,2180,4430,-2250
115000589,2456,2788,-332
115000590,1006,1782,-776
115000591,1744,763,981
115000592,815,1609,-794
115000593,1315,537,778
115000594,1139,1644,-505
115000609,71,92,-21
115000617,2654,1576,1078
115000624,118,147,-29
115000633,459,2117,-1658
115000634,2884,937,1947
115000635,243,141,102
115000638,1547,963,584
115000641,105,153,-48
115000642,456,168,288
115000643,89,460,-371
115000644,129,481,-352
115000646,684,1137,-453
115000647,171,603,-432
115000648,977,2166,-1189
115000893,4121,1071,3050
115000894,74,1315,-1241
115000895,291,1067,-776
115000896,840,354,486
115000897,488,76,412
115000898,1031,214,817
115000899,1128,1075,53
115000900,149,339,-190
115000901,73,114,-41
115000912,178,100,78
115000913,1,48,-47
115000915,29,1,28
115000916,15,29,-14
115000917,0,11,-11
115000918,124,229,-105
115000919,24,7,17
115000920,9,41,-32
115000921,1869,124,1745
115000922,1000,541,459
115000923,437,828,-391
115000925,27,78,-51
115000927,8,16,-8
115000933,316,118,198
115000934,63,343,-280
115000935,101,153,-52
115000936,18,128,-110
115000937,268,50,218
115000938,31,49,-18
115000939,32,45,-13
115900001,27,90,-63
115900002,132,198,-66
115900003,77,155,-78
115900004,1,71,-70
115900005,62,6,56
115900006,86,435,-349
115900008,14,16,-2
115900009,51,338,-287
115900010,157,306,-149
115900011,160,321,-161
115900012,38,136,-98
115900013,424,206,218
115900014,86,219,-133
115900015,29,116,-87
115900016,68,27,41
115900017,1,5,-4
115900018,183,109,74
115900019,954,36,918
115900020,26,0,26
115900021,2355,107,2248
115900022,2280,24,2256
115900023,21,1,20
115900025,123,217,-94
115900026,1067,494,573
115900027,2,555,-553
115900028,688,70,618
115900029,9,707,-698
115900030,47,10,37
115900031,496,156,340
115900032,372,972,-600
115900033,0,50,-50
115900034,21,859,-838
115900035,28,234,-206
115900036,188,323,-135
115900037,18,668,-650
115900038,16,5,11
115900039,101,342,-241
115900041,286,264,22
115900042,7,2,5
115900043,35,154,-119
115900044,250,261,-11
115900046,151,339,-188
115900047,52,46,6
115900049,93,220,-127
115900051,1,100,-99
115900052,8,373,-365
115900053,71,322,-251
115900054,52,58,-6
115900055,16,136,-120
115900056,108,524,-416
115900057,20,0,20
115900058,38,93,-55
115900060,30,170,-140
115900061,87,4,83
115900062,26,472,-446
115900063,54,23,31
115900064,164,306,-142
115900065,37,209,-172
115900066,193,225,-32
115900067,5,1129,-1124
115900068,4487,100,4387
115900069,78,239,-161
115900070,112,360,-248
115900071,3,886,-883
115900072,110,315,-205
115900073,20,42,-22
115900074,6,425,-419
115900075,17,453,-436
115900076,1,96,-95
115900077,7,465,-458
115900078,25,181,-156
115900079,86,7,79
115900080,426,220,206
115900081,5,104,-99
115900082,165,159,6
115900084,162,83,79
115900085,63,59,4
115900086,1802,482,1320
115900088,62,45,17
115900089,141,991,-850
115900090,104,28,76
115900091,6,15,-9
115900092,25,335,-310
115900093,4,48,-44
115900094,8,586,-578
115900096,0,31,-31
115900097,13,711,-698
115900098,62,547,-485
115900099,13,120,-107
115900100,3,751,-748
115900101,90,502,-412
115900102,10,125,-115
115900103,172,314,-142
115900104,31,216,-185
115900105,62,1001,-939
115900106,20,36,-16
115900107,17,236,-219
115900108,29,39,-10
115900109,35,525,-490
115900110,0,13,-13
115900111,0,78,-78
115900112,37,1195,-1158
115900113,21,33,-12
115900114,6,191,-185
115900115,48,170,-122
115900116,95,1345,-1250
115900117,36,11,25
115900118,6,536,-530
115900119,70,98,-28
115900120,25,528,-503
115900121,110,313,-203
115900124,169,405,-236
115900125,129,42,87
115900126,379,94,285
115900127,428,37,391
115900128,7,54,-47
115900129,638,29,609
115900130,29,219,-190
115900131,170,27,143
115900132,224,3,221
115900134,138,8,130
115900135,644,526,118
115900137,2,8,-6
115900139,87,61,26
115900140,161,15,146
115900141,6,39,-33
115900142,18,20,-2
115900143,103,254,-151
115900144,36,255,-219
115900146,5,215,-210
115900147,201,230,-29
115900148,8,23,-15
115900149,11,45,-34
115900150,11,77,-66
115900151,16,60,-44
115900152,35,436,-401
115900153,36,326,-290
115900154,657,351,306
115900155,0,91,-91
115900156,464,854,-390
115900157,48,460,-412
115900158,46,5,41
115900159,27,296,-269
115900160,4,2,2
115900161,33,268,-235
115900163,82,142,-60
115900164,158,45,113
115900165,1,120,-119
115900166,182,216,-34
115900168,32,235,-203
115900171,58,456,-398
115900172,26,185,-159
115900173,131,170,-39
115900174,247,308,-61
115900175,66,202,-136
115900178,3,961,-958
115900179,105,41,64
115900180,35,365,-330
115900181,66,331,-265
115900182,190,407,-217
115900183,163,16,147
115900184,1980,16,1964
115900187,10,94,-84
115900189,2,79,-77
115900190,612,503,109
115900191,68,542,-474
115900192,5,62,-57
115900193,61,48,13
115900194,320,33,287
115900195,618,968,-350
115900198,192,295,-103
115900199,129,325,-196
115900200,259,376,-117
115900201,361,194,167
115900202,1,9,-8
115900203,2,16,-14
115900204,0,1,-1
115900205,35,14,21
115900206,46,152,-106
115900207,9,24,-15
115900208,45,418,-373
115900209,3,182,-179
115900210,9,190,-181
115900211,2,256,-254
115900212,52,315,-263
115900213,53,28,25
115900214,149,268,-119
115900215,23,37,-14
115900216,3,64,-61
115900217,0,54,-54
115900218,1,53,-52
115900219,26,8,18
115900220,45,13,32
115900221,10,9,1
115900222,31,5,26
115900223,21,77,-56
115900224,1816,304,1512
115900225,114,23,91
115900226,33,36,-3
115900227,11,37,-26
115900228,7,32,-25
115900229,8,54,-46
115900230,72,97,-25
115900231,61,1,60
115900232,12,0,12
115900233,55,7,48
115900234,23,22,1
115900235,1,19,-18
115900236,13,12,1
115900237,6,33,-27
115900238,12,12,0
115900239,12,16,-4
115900240,23,68,-45
115900241,90,99,-9
115900242,155,175,-20
115900243,12,4,8
115900244,8,13,-5
115900245,5,9,-4
115900246,15,2,13
115900247,4,3,1
115900248,2,1,1
115900249,4,7,-3
115900250,4,11,-7
115900251,0,2,-2
115900252,2,2,0
115900253,3,7,-4
115900254,13,18,-5
115900255,1,12,-11
115900256,14,7,7
115900257,0,2,-2
115900258,0,2,-2
115900259,6,2,4
115900260,14,1,13
115900261,5,0,5
115900262,1,2,-1
115900263,10,9,1
115900264,31,7,24
115900265,0,11,-11
115900266,6,3,3
115900267,0,7,-7
115900268,8,10,-2
115900269,199,551,-352
115900270,149,925,-776
115900271,15,0,15
115900272,7,0,7
115900273,14,2,12
115900274,0,24,-24
115900275,0,43,-43
115900276,0,70,-70
115900277,0,126,-126
115900278,3,107,-104
115900279,10,163,-153
115900280,13,124,-111
115900281,511,74,437
115900282,6,7,-1
116000001,22770,5708,17062
116000002,4919,5008,-89
116000003,1598,1958,-360
116000004,1382,2015,-633
116000005,2676,3508,-832
116000006,1534,1191,343
116000007,5680,4646,1034
116000008,5909,1443,4466
116000009,2004,3272,-1268
116000010,1330,907,423
116000011,738,2102,-1364
116000012,593,545,48
116000013,20406,5066,15340
116000014,23904,6560,17344
116000015,716,880,-164
116000016,10430,2085,8345
116000017,52,505,-453
116000018,962,424,538
116000019,846,290,556
116000020,463,1485,-1022
116000021,220,237,-17
116000022,372,652,-280
116000023,569,550,19
116000024,661,1757,-1096
116000025,574,536,38
116000026,1952,3097,-1145
116000027,570,595,-25
116000028,361,603,-242
116000029,1232,658,574
116000030,407,343,64
116000031,215,262,-47
116000032,384,318,66
116000033,226,705,-479
116000034,440,1149,-709
116000035,307,747,-440
116000036,2494,631,1863
116000037,776,601,175
116000038,616,407,209
116000039,851,371,480
116000040,995,533,462
116000041,371,737,-366
116000042,380,443,-63
116000043,79,496,-417
116000044,9,66,-57
116000045,1436,1401,35
116000046,1376,877,499
116000047,2175,2027,148
116000048,2154,1763,391
116000049,818,2165,-1347
116000050,1141,1601,-460
116000051,2386,1847,539
116000052,3072,3686,-614
116000053,1460,1194,266
116000054,542,2815,-2273
116000055,312,1755,-1443
116000056,530,1153,-623
116000057,3287,2652,635
116000058,3274,2161,1113
116000059,3140,3662,-522
116000060,3358,1001,2357
116000061,293,787,-494
116000062,726,304,422
116000063,499,1141,-642
116000066,112,332,-220
116000067,200,646,-446
116000068,127,207,-80
116000069,274,597,-323
116000078,212,1008,-796
116000080,1091,1178,-87
116000082,9,195,-186
116000083,885,303,582
116000084,2574,4489,-1915
116000085,1579,991,588
116000086,2377,1469,908
116000087,835,908,-73
116000088,784,1654,-870
116000089,160,103,57
116000090,132,141,-9
116000091,142,105,37
116000093,1350,880,470
116000094,420,908,-488
116000095,444,819,-375
116000096,491,1460,-969
116000097,393,964,-571
116000098,155,4449,-4294
116000099,11246,361,10885
116000100,84,10,74
116000101,325,2108,-1783
116000102,228,1677,-1449
116000103,297,219,78
116000104,133,1890,-1757
116000105,561,256,305
116000106,374,1325,-951
116000107,1577,503,1074
116000108,148,227,-79
116000111,44,19,25
116000113,160,66,94
116000114,33,170,-137
116000115,137,62,75
116000116,220,737,-517
116000117,940,1878,-938
116000118,980,1761,-781
116000119,1677,1591,86
116000120,2623,5973,-3350
116000121,511,463,48
116000122,1269,2971,-1702
116000123,449,385,64
116000124,330,1599,-1269
116000125,1342,534,808
116000126,343,1957,-1614
116000127,1029,1811,-782
116000128,928,741,187
116000129,600,238,362
116000130,240,254,-14
116000133,423,1038,-615
116000134,1253,3542,-2289
116000135,1168,1321,-153
116000136,1143,2830,-1687
116000137,534,550,-16
116000138,1895,452,1443
116000139,1746,2772,-1026
116000140,63,300,-237
116000141,436,1433,-997
116000142,4455,4944,-489
116000143,1996,1512,484
116000144,992,3676,-2684
116000145,1449,1649,-200
116000146,258,565,-307
116000147,181,155,26
116000148,353,428,-75
116000149,363,588,-225
116000151,394,1139,-745
116000153,67,417,-350
116000155,170,225,-55
116000156,1734,1572,162
116000157,33,27,6
116000158,400,478,-78
116000159,10,16,-6
116000160,10,203,-193
116000161,13,126,-113
116000162,113,54,59
116000163,9,12,-3
116000164,4,26,-22
116000177,226,121,105
116000194,63,503,-440
116000195,1314,664,650
116000196,11,17,-6
116000197,1,10,-9
116000198,2479,1124,1355
116000200,879,231,648
116000201,586,817,-231
116000202,1,384,-383
116000203,4,103,-99
116000204,8,53,-45
116000205,2,175,-173
116000206,1,123,-122
116000207,1,42,-41
116000233,187,1038,-851
116000287,82,764,-682
116000288,78,299,-221
116000292,41,249,-208
116000296,8,217,-209
116000297,37,4,33
116000304,42,26,16
116000305,3,180,-177
116000346,121,260,-139
116000352,90,64,26
116000354,37,19,18
116000357,9,6,3
116000358,128,38,90
116000361,117,0,117
116000372,10593,2281,8312
116000381,40,1,39
116000388,0,47,-47
116000389,559,622,-63
116000445,161,1045,-884
116000446,172,1404,-1232
116000447,13,541,-528
116000448,627,301,326
116000563,1102,622,480
116000565,68,561,-493
116000568,34,159,-125
116000579,26,167,-141
116000584,5,34,-29
116000585,23,17,6
116000586,268,116,152
116000587,406,832,-426
116000589,24,120,-96
116000590,63,46,17
116000591,91,373,-282
116000592,33,242,-209
116000593,1,53,-52
116000594,160,833,-673
116000595,351,238,113
116000596,49,8,41
116000597,115,38,77
116000598,4,281,-277
116000602,157,272,-115
116000605,252,159,93
116000606,27,128,-101
116000607,0,78,-78
116000609,254,577,-323
116000611,50,701,-651
116000612,463,1787,-1324
116000613,229,366,-137
116000614,464,1004,-540
116000615,2,133,-131
116000616,41,179,-138
116000617,25,132,-107
116000618,4,225,-221
116000619,1,70,-69
116000620,53,55,-2
116000621,21,99,-78
116000622,31,171,-140
116000624,36,77,-41
116000627,4,47,-43
116000628,16,945,-929
116000629,13,754,-741
116000630,94,68,26
116000631,21,52,-31
116000632,124,644,-520
116000633,24,1085,-1061
116000634,184,30,154
116000635,2226,1296,930
116000636,603,640,-37
116000637,4,0,4
116000638,0,71,-71
116900001,193,152,41
116900002,311,4,307
116900003,14,127,-113
116900004,33,34,-1
116900005,112,61,51
116900006,199,166,33
116900007,125,206,-81
116900008,185,594,-409
116900009,18,5,13
116900010,15,2374,-2359
116900011,9,56,-47
116900012,127,251,-124
116900013,8,359,-351
116900014,44,525,-481
116900015,114,97,17
116900016,79,2,77
116900017,7,934,-927
116900018,44,39,5
116900019,5,485,-480
116900020,2118,337,1781
116900023,38,4,34
116900024,251,80,171
116900025,386,1386,-1000
116900026,224,849,-625
116900027,5,38,-33
116900028,2,140,-138
116900029,1,9,-8
116900031,0,12,-12
116900032,7,503,-496
116900033,2,3,-1
116900034,7,87,-80
116900035,81,269,-188
116900036,0,124,-124
116900038,9,0,9
116900041,78,27,51
116900042,1136,238,898
116900043,7,92,-85
116900045,182,57,125
116900047,105,55,50
116900049,54,296,-242
116900050,65,434,-369
116900051,54,400,-346
116900052,162,93,69
116900055,0,10,-10
116900057,21,401,-380
116900058,29,458,-429
116900059,3,281,-278
116900060,109,288,-179
116900062,1,3,-2
116900064,70,1321,-1251
116900065,7,108,-101
116900067,65,159,-94
116900068,108,580,-472
116900070,1,6,-5
116900072,7,644,-637
116900073,8,260,-252
116900074,6,64,-58
116900076,6,25,-19
116900077,24,274,-250
116900078,256,164,92
116900079,10,436,-426
116900080,17,44,-27
116900081,384,1772,-1388
116900082,272,1347,-1075
116900083,60,71,-11
116900084,178,53,125
116900085,33,170,-137
116900086,26,292,-266
116900088,521,71,450
116900090,156,58,98
116900091,117,101,16
116900092,73,968,-895
116900093,2205,1897,308
116900094,9010,2230,6780
116900095,140,172,-32
116900096,76,133,-57
116900097,4556,1565,2991
116900098,1266,240,1026
116900099,646,377,269
116900100,370,30,340
116900101,340,900,-560
116900103,7,0,7
116900104,31,62,-31
116900105,289,43,246
116900106,740,307,433
116900107,5647,1204,4443
116900110,13,0,13
116900111,139,1542,-1403
116900112,123,1179,-1056
116900113,3684,765,2919
116900116,150,269,-119
116900117,18,82,-64
116900118,1330,633,697
116900120,86,147,-61
116900121,20,57,-37
116900122,283,1172,-889
116900123,77,1257,-1180
116900124,167,1001,-834
116900125,151,311,-160
116900126,376,558,-182
116900128,4,60,-56
116900129,0,387,-387
116900130,1261,1817,-556
116900131,58,189,-131
116900132,21,75,-54
116900133,79,147,-68
116900134,120,302,-182
116900136,199,160,39
116900137,197,238,-41
116900138,151,262,-111
116900139,67,534,-467
116900140,120,277,-157
116900141,430,437,-7
116900142,1,26,-25
116900143,169,629,-460
116900144,13,55,-42
116900145,116,416,-300
116900147,682,282,400
116900148,5,42,-37
116900149,28,166,-138
116900150,12,8,4
116900151,89,13,76
116900153,42,71,-29
116900154,797,205,592
116900155,63,52,11
116900157,173,367,-194
116900158,66,56,10
116900159,14,192,-178
116900160,610,269,341
116900161,11156,3987,7169
116900162,7,239,-232
116900163,50,173,-123
116900164,31,45,-14
116900165,102,82,20
116900166,9,128,-119
116900167,239,87,152
116900168,115,127,-12
116900169,675,206,469
116900170,139,296,-157
116900171,27,287,-260
116900172,270,87,183
116900173,69,87,-18
116900174,12,25,-13
116900175,117,79,38
116900178,11,260,-249
116900179,81,86,-5
116900180,44,31,13
116900182,306,190,116
116900183,98,89,9
116900185,19,25,-6
116900186,71,540,-469
116900187,23,13,10
116900188,133,9,124
116900189,38,1,37
116900191,279,452,-173
116900192,143,249,-106
116900194,49,460,-411
116900195,36,6,30
116900196,28,160,-132
116900197,54,3,51
116900198,453,137,316
116900200,8,72,-64
116900201,32,8,24
116900202,210,83,127
116900203,120,5,115
116900204,40,71,-31
116900206,3,51,-48
116900207,8,16,-8
116900208,6,215,-209
116900209,8,189,-181
116900210,362,253,109
116900211,183,13,170
116900212,13,85,-72
116900213,178,269,-91
116900214,62,165,-103
116900215,32,111,-79
116900216,104,482,-378
116900218,11,400,-389
116900219,889,465,424
116900220,52,239,-187
116900221,50,265,-215
116900222,443,380,63
116900223,96,217,-121
116900226,31,110,-79
116900227,70,66,4
116900228,158,331,-173
116900230,38,412,-374
116900231,19,588,-569
116900232,5,630,-625
116900233,87,78,9
116900234,15,8,7
116900235,115,464,-349
116900238,1603,425,1178
116900239,23,787,-764
116900240,7548,2456,5092
116900241,36,234,-198
116900242,591,194,397
116900243,3,186,-183
116900245,30,9,21
116900246,26,13,13
116900247,160,12,148
116900248,63,22,41
116900249,166,184,-18
116900250,134,53,81
116900251,478,186,292
116900252,43,1193,-1150
116900253,33,86,-53
116900254,9,95,-86
116900255,89,21,68
116900256,133,139,-6
116900257,9,837,-828
116900258,4,440,-436
116900259,29,2,27
116900260,1,158,-157
116900261,17,1,16
116900262,62,141,-79
116900263,0,10,-10
116900264,0,6,-6
116900265,7,0,7
116900266,9,75,-66
116900267,3,2,1
116900268,18,16,2
116900269,319,581,-262
116900271,3488,62,3426
116900272,510,727,-217
116900273,312,46,266
116900274,38,79,-41
116900275,85,225,-140
116900276,1183,56,1127
116900277,884,24,860
116900278,5,16,-11
116900279,1,20,-19
116900280,15,30,-15
116900281,9935,1997,7938
116900282,10,193,-183
116900283,15,157,-142
116900284,37,248,-211
116900285,409,121,288
116900286,269,8,261
116900287,4,100,-96
116900288,37,165,-128
116900289,4,31,-27
116900290,5,61,-56
116900291,3,26,-23
116900292,0,7,-7
116900293,12,94,-82
116900294,21,138,-117
116900295,113,121,-8
116900296,50,47,3
116900297,1,59,-58
116900298,97,27,70
116900299,43,109,-66
116900300,34,390,-356
116900301,48,69,-21
116900302,44,39,5
116900303,646,39,607
116900304,0,126,-126
116900305,9,32,-23
116900306,56,83,-27
117000001,1220,1192,28
117000002,1511,4976,-3465
117000003,6851,2874,3977
117000004,4928,6164,-1236
117000005,1171,1407,-236
117000006,990,5190,-4200
117000007,2185,1427,758
117000008,1383,5167,-3784
117000009,4270,1718,2552
117000010,2897,5331,-2434
117000011,1099,2295,-1196
117000012,1036,2159,-1123
117000013,883,1600,-717
117000014,770,2994,-2224
117000015,3326,1387,1939
117000016,560,79,481
117000017,494,259,235
117000018,273,400,-127
117000019,300,5,295
117000020,868,1197,-329
117000021,4304,448,3856
117000022,638,61,577
117000023,592,137,455
117000024,611,87,524
117000025,922,800,122
117000026,3397,910,2487
117000027,6303,1275,5028
117000028,6235,909,5326
117000030,1314,748,566
117000031,485,167,318
117000032,2321,1755,566
117000033,1465,1041,424
117000034,360,526,-166
117000035,229,196,33
117000036,370,486,-116
117000037,260,186,74
117000038,413,580,-167
117000039,379,350,29
117000040,115,1879,-1764
117000041,505,150,355
117000044,36,1477,-1441
117000045,259,70,189
117000046,405,890,-485
117000047,604,583,21
117000048,2323,1761,562
117000049,196,601,-405
117000050,118,3516,-3398
117000051,1355,213,1142
117000052,14,810,-796
117000053,117,78,39
117000054,1339,7,1332
117000055,24,4558,-4534
117000056,454,27,427
117000057,806,2513,-1707
117000060,459,2676,-2217
117000061,1121,801,320
117000062,231,580,-349
117000063,1417,665,752
117000064,1085,1013,72
117000066,1764,1087,677
117000067,173,335,-162
117000074,218,200,18
117000076,110,68,42
117000077,147,114,33
117000078,96,721,-625
117000079,247,183,64
117000080,4,432,-428
117000081,708,133,575
117000082,6,80,-74
117000083,101,13,88
117000084,353,4,349
117000085,176,568,-392
117000086,1453,819,634
117000087,91,585,-494
117000088,213,258,-45
117000089,1105,411,694
117000090,221,1782,-1561
117000091,448,484,-36
117000092,338,2413,-2075
117000093,764,796,-32
117000094,668,3304,-2636
117000095,1826,872,954
117000096,649,3243,-2594
117000097,973,1272,-299
117000098,3219,7326,-4107
117000099,1976,900,1076
117000100,128,179,-51
117000101,192,1729,-1537
117000102,924,563,361
117000103,1005,2491,-1486
117000104,1115,495,620
117000105,884,2701,-1817
117000106,853,918,-65
117000107,497,3100,-2603
117000108,973,865,108
117000109,1933,3722,-1789
117000110,1314,722,592
117000111,3896,5732,-1836
117000112,2196,2331,-135
117000113,107,592,-485
117000114,135,218,-83
117000115,51,234,-183
117000116,83,333,-250
117000117,1640,533,1107
117000118,215,213,2
117000119,194,48,146
117000120,514,85,429
117000121,456,384,72
117000122,783,884,-101
117000123,2329,29,2300
117000124,1564,40,1524
117000125,583,68,515
117000126,45,56,-11
117000127,190,497,-307
117000128,572,799,-227
117000129,511,25,486
117000130,135,2,133
117000131,1,26,-25
117000132,1255,108,1147
117000133,515,274,241
117000134,2,67,-65
117000135,14,35,-21
117000136,1,75,-74
117000137,47,48,-1
117000138,4,926,-922
117000140,475,2238,-1763
117000141,1169,618,551
117000181,1423,535,888
117000182,212,185,27
117000195,208,1763,-1555
117000196,142,48,94
117000225,188,1,187
117000226,6,114,-108
117000276,89,6,83
117000277,3,724,-721
117000310,2669,2813,-144
117000315,35,628,-593
117000320,32,0,32
117000906,112,13,99
117000907,11,503,-492
117000908,136,24,112
117000909,85,32,53
117000910,183,116,67
117000911,161,285,-124
117000915,12,906,-894
117000916,33,1,32
117000917,569,8,561
117000918,45,51,-6
117000919,32,224,-192
117000920,8,2031,-2023
117000921,12,2617,-2605
117000922,61,214,-153
117000924,131,466,-335
117000926,1947,154,1793
117000927,3720,357,3363
117000928,1,289,-288
117000929,100,633,-533
117000930,47,7,40
117000931,1373,79,1294
117900002,157,443,-286
117900003,1249,413,836
117900005,42,9,33
117900006,0,53,-53
117900007,73,202,-129
117900008,0,54,-54
117900010,197,184,13
117900011,26,34,-8
117900012,60,233,-173
117900013,4,493,-489
117900014,254,388,-134
117900015,29,271,-242
117900016,1794,395,1399
117900017,275,586,-311
117900018,314,36,278
117900019,284,700,-416
117900020,76,258,-182
117900021,30,152,-122
117900022,8,22,-14
117900023,972,113,859
117900024,86,226,-140
117900025,27,16,11
117900026,232,551,-319
117900028,50,4,46
117900029,178,1138,-960
117900030,211,232,-21
117900031,129,103,26
117900032,508,341,167
117900033,131,1166,-1035
117900034,33,62,-29
117900035,60,52,8
117900036,148,900,-752
117900037,44,208,-164
117900038,39,596,-557
117900039,6,124,-118
117900040,122,808,-686
117900041,9,76,-67
117900042,5940,501,5439
117900043,47,70,-23
117900044,95,2151,-2056
117900045,134,75,59
117900048,124,454,-330
117900049,90,817,-727
117900050,5,37,-32
117900051,16,6,10
117900052,83,287,-204
117900053,665,892,-227
117900054,2,19,-17
117900055,115,134,-19
117900056,797,20,777
117900057,887,1641,-754
117900058,105,10,95
117900059,319,98,221
117900060,681,7335,-6654
117900061,29,196,-167
117900063,184,311,-127
117900065,882,1425,-543
117900066,10,32,-22
117900067,288,499,-211
117900069,397,726,-329
117900070,252,3,249
117900071,52,163,-111
117900073,221,595,-374
117900074,124,8,116
117900075,45,84,-39
117900076,32,54,-22
117900077,172,213,-41
117900078,259,396,-137
117900080,151,70,81
117900081,693,615,78
117900082,255,226,29
117900083,229,856,-627
117900086,110,75,35
117900087,94,68,26
117900088,3249,2249,1000
117900089,1108,324,784
117900090,201,1184,-983
117900091,258,228,30
117900092,17,41,-24
117900093,37,75,-38
117900094,36,6,30
117900095,168,867,-699
117900096,50,306,-256
117900097,422,82,340
117900098,10,6,4
117900099,129,651,-522
117900100,88,4,84
117900101,365,924,-559
117900102,40,65,-25
117900103,15,1,14
117900104,5,165,-160
117900105,180,256,-76
117900106,92,78,14
117900107,8,2,6
117900109,266,387,-121
117900110,55,0,55
117900111,117,14,103
117900112,36,25,11
117900113,5099,1729,3370
117900114,9,0,9
117900115,456,39,417
117900116,1123,976,147
117900117,342,348,-6
117900118,19,1,18
117900119,82,427,-345
117900120,92,152,-60
117900121,78,35,43
117900122,1187,1547,-360
117900123,552,981,-429
117900124,865,765,100
117900125,1397,838,559
117900126,334,736,-402
117900127,265,908,-643
117900128,167,1174,-1007
117900129,21,0,21
117900130,743,456,287
117900131,10,148,-138
117900132,21,153,-132
117900133,4,192,-188
117900134,88,268,-180
117900135,16,330,-314
117900136,0,94,-94
117900137,90,455,-365
117900138,0,69,-69
117900139,49,161,-112
117900140,6872,246,6626
117900141,258,278,-20
117900142,23,6,17
117900144,81,79,2
117900145,62,10,52
117900146,175,82,93
117900147,17,71,-54
117900148,3712,989,2723
117900149,38,243,-205
117900150,28,158,-130
117900151,9,163,-154
117900152,65,103,-38
117900153,9,129,-120
117900154,260,835,-575
117900156,845,772,73
117900157,43,507,-464
117900158,182,129,53
117900160,372,340,32
117900161,3333,3025,308
117900162,166,514,-348
117900163,83,22,61
117900165,0,12,-12
117900166,105,219,-114
117900168,79,204,-125
117900169,0,153,-153
117900170,2,53,-51
117900171,3,25,-22
117900172,14,55,-41
117900173,181,81,100
117900174,15,90,-75
117900175,6,42,-36
117900176,8,77,-69
117900177,9,63,-54
117900178,149,40,109
117900180,344,23,321
117900181,192,256,-64
117900182,2,23,-21
117900183,33,142,-109
117900184,9,73,-64
117900185,21,23,-2
117900186,30,27,3
117900187,13,10,3
117900188,193,26,167
117900189,46,11,35
117900190,16,2,14
117900191,38,2,36
117900192,88,0,88
117900193,50,63,-13
117900194,4,4,0
117900195,16,29,-13
117900196,10,29,-19
117900207,114,63,51
117900208,29,51,-22
117900209,144,157,-13
117900210,170,169,1
117900211,28,262,-234
117900212,119,198,-79
117900213,3,13,-10
117900214,2,57,-55
117900215,12,40,-28
117900216,60,10,50
117900217,192,52,140
117900218,276,205,71
117900219,2,46,-44
117900220,108,85,23
117900222,112,282,-170
117900223,78,162,-84
118000001,909,503,406
118000002,1577,2302,-725
118000003,1676,1281,395
118000004,3229,2506,723
118000005,7886,1934,5952
118000006,11670,8578,3092
118000007,9401,2439,6962
118000008,7046,3526,3520
118000009,2377,3799,-1422
118000010,5095,4897,198
118000011,702,3539,-2837
118000012,1079,3553,-2474
118000013,3824,3556,268
118000014,2262,3758,-1496
118000016,251,761,-510
118000017,187,457,-270
118000018,333,1094,-761
118000019,2195,1378,817
118000020,2067,1486,581
118000021,822,1862,-1040
118000022,2840,559,2281
118000023,1536,268,1268
118000024,2923,673,2250
118000027,23595,6006,17589
118000029,1597,643,954
118000032,1983,1776,207
118000033,3496,2324,1172
118000034,6659,2216,4443
118000035,2048,1539,509
118000036,1378,999,379
118000037,635,1056,-421
118000038,150,160,-10
118000039,78,563,-485
118000040,1985,2426,-441
118000041,2135,1631,504
118000045,1185,110,1075
118000046,2483,755,1728
118000047,2218,559,1659
118000048,5231,1343,3888
118000051,3649,1065,2584
118000052,2492,620,1872
118000053,961,851,110
118000054,3574,2009,1565
118000055,3136,1894,1242
118000056,479,378,101
118000057,702,431,271
118000058,4568,1475,3093
118000059,2284,913,1371
118000060,791,912,-121
118000061,717,1523,-806
118000062,537,311,226
118000063,411,471,-60
118000064,1019,1267,-248
118000065,6804,1740,5064
118000066,892,985,-93
118000067,1924,1026,898
118000068,2338,3430,-1092
118000069,4270,1607,2663
118000070,10496,1828,8668
118000071,5081,4821,260
118000072,2641,1130,1511
118000073,3876,595,3281
118000074,356,404,-48
118000075,1074,316,758
118000076,1354,1358,-4
118000077,1573,1322,251
118000078,2010,1933,77
118000079,354,381,-27
118000080,1205,861,344
118000081,1549,1262,287
118000082,358,850,-492
118000083,2857,1258,1599
118000084,3232,1450,1782
118000086,205,646,-441
118000087,7662,2833,4829
118000088,2115,1957,158
118000089,4281,2477,1804
118000090,2785,2677,108
118000091,2345,1957,388
118000092,1468,404,1064
118000093,135,699,-564
118000096,487,522,-35
118000097,556,470,86
118000098,269,277,-8
118000099,305,1229,-924
118000101,642,438,204
118000102,340,2302,-1962
118000107,4389,532,3857
118000108,676,1087,-411
118000110,3,29,-26
118000111,4,839,-835
118000112,171,2,169
118000113,9,1330,-1321
118000114,143,3,140
118000115,16,5,11
118000116,47,0,47
118000117,1359,1085,274
118000118,765,687,78
118000119,959,1165,-206
118000120,1696,1839,-143
118000121,81,505,-424
118000122,1074,216,858
118000123,55,240,-185
118000125,2034,1486,548
118000126,701,1711,-1010
118000127,2126,703,1423
118000128,931,1383,-452
118000129,686,315,371
118000130,3575,5273,-1698
118000131,720,1331,-611
118000132,1975,1488,487
118000133,406,502,-96
118000135,445,334,111
118000136,91,614,-523
118000137,657,87,570
118000138,277,1051,-774
118000139,121,124,-3
118000140,2294,3311,-1017
118000141,1591,2475,-884
118000142,1208,2636,-1428
118000143,1270,1160,110
118000144,1810,1393,417
118000145,1536,3867,-2331
118000146,1113,2087,-974
118000147,642,2373,-1731
118000148,224,1476,-1252
118000149,688,1476,-788
118000150,328,249,79
118000151,231,610,-379
118000153,600,1350,-750
118000154,754,1705,-951
118000155,771,1437,-666
118000156,2763,2392,371
118000157,519,351,168
118000158,169,652,-483
118000159,32,80,-48
118000160,280,497,-217
118000161,390,1427,-1037
118000162,1113,1044,69
118000163,462,799,-337
118000164,2501,1426,1075
118000168,1939,240,1699
118000169,1178,2311,-1133
118000170,4583,8565,-3982
118000171,197,801,-604
118000172,111,401,-290
118000173,856,1389,-533
118000175,233,353,-120
118000176,207,450,-243
118000177,171,608,-437
118000178,55,34,21
118000179,1878,777,1101
118000180,938,819,119
118000181,811,441,370
118000182,265,381,-116
118000183,182,294,-112
118000184,443,1261,-818
118000185,1259,898,361
118000186,710,1096,-386
118000187,700,1176,-476
118000188,461,308,153
118000189,260,1198,-938
118000190,27,9,18
118000191,12,48,-36
118000192,223,182,41
118000193,107,336,-229
118000194,2104,1227,877
118000195,1869,574,1295
118000196,460,99,361
118000197,241,126,115
118000198,679,389,290
118000199,660,403,257
118000200,96,262,-166
118000201,549,314,235
118000202,73,69,4
118000203,2085,412,1673
118000204,179,206,-27
118000205,391,304,87
118000206,168,259,-91
118000207,0,124,-124
118000208,1141,1889,-748
118000209,1379,2297,-918
118000210,34,57,-23
118000211,16,39,-23
118000213,1040,894,146
118000214,758,300,458
118000215,200,367,-167
118000216,1425,4844,-3419
118000217,22,194,-172
118000218,59,164,-105
118000219,633,492,141
118000220,3,22,-19
118000221,61,284,-223
118000222,92,23,69
118000223,20,48,-28
118000224,281,229,52
118000225,63,1192,-1129
118000226,635,133,502
118000227,1276,276,1000
118000228,262,135,127
118000229,350,38,312
118000230,57,368,-311
118000231,55,255,-200
118000232,581,1371,-790
118000233,665,1242,-577
118000234,190,406,-216
118000236,305,513,-208
118000237,44,745,-701
118000238,90,358,-268
118000239,219,352,-133
118000240,764,76,688
118000241,90,333,-243
118000242,251,847,-596
118000243,99,263,-164
118000244,32,289,-257
118000246,0,13,-13
118000255,39,217,-178
118000256,43,215,-172
118000259,6,58,-52
118000260,91,136,-45
118000261,12,130,-118
118000263,85,252,-167
118000266,80,362,-282
118000267,0,107,-107
118000268,203,5,198
118000270,48,70,-22
118000271,124,348,-224
118000272,56,65,-9
118000273,112,104,8
118000274,80,492,-412
118000276,245,449,-204
118000295,3,72,-69
118000298,144,559,-415
118000299,45,334,-289
118000301,0,64,-64
118000302,80,139,-59
118000311,127,124,3
118000312,143,266,-123
118000313,43,324,-281
118000314,66,105,-39
118000315,43,93,-50
118000316,426,712,-286
118000325,21,123,-102
118000326,54,67,-13
118000331,8,78,-70
118000332,12,89,-77
118000333,16,109,-93
118000335,113,0,113
118000336,2,528,-526
118000407,51,92,-41
118000457,37,29,8
118000465,4873,2619,2254
118000480,6,203,-197
118000489,57,119,-62
118000490,114,567,-453
118000492,219,194,25
118000510,68,14,54
118000514,160,368,-208
118000515,718,428,290
118000517,475,176,299
118000524,878,168,710
118000525,1033,1138,-105
118000530,20,180,-160
118000531,128,346,-218
118000532,197,351,-154
118000533,311,158,153
118000534,487,489,-2
118000535,163,103,60
118000536,1311,497,814
118000537,18,72,-54
118000538,10,138,-128
118000539,34,139,-105
118000540,242,328,-86
118000541,122,164,-42
118000542,66,225,-159
118000543,202,272,-70
118000546,16,45,-29
118000560,4533,874,3659
118000562,13,439,-426
118000563,2139,1839,300
118000576,95,276,-181
118000577,167,142,25
118000578,123,102,21
118000579,841,1109,-268
118000595,113,103,10
118000596,0,104,-104
118000597,68,142,-74
118000598,4,0,4
118000599,26,73,-47
118000600,4,74,-70
118000601,8,0,8
118000602,0,44,-44
118000603,0,42,-42
118900001,1470,696,774
118900002,1434,752,682
118900003,116,9,107
118900004,36,95,-59
118900005,51,3,48
118900006,51,1,50
118900007,5,4,1
118900008,1216,33,1183
118900009,45,16,29
118900010,49,4,45
118900011,112,20,92
118900012,353,232,121
118900013,739,46,693
118900015,97,39,58
118900016,11,28,-17
118900017,149,152,-3
118900018,1348,16,1332
118900019,75,12,63
118900020,181,114,67
118900021,113,415,-302
118900022,79,173,-94
118900023,48,118,-70
118900024,38,228,-190
118900025,14,29,-15
118900026,42,113,-71
118900027,392,263,129
118900028,50,225,-175
118900029,110,519,-409
118900030,100,72,28
118900031,81,137,-56
118900032,56,261,-205
118900033,288,917,-629
118900034,98,7,91
118900035,94,371,-277
118900036,729,731,-2
118900037,291,383,-92
118900038,214,418,-204
118900039,244,275,-31
118900040,193,167,26
118900041,198,212,-14
118900042,162,137,25
118900045,176,138,38
118900046,1183,155,1028
118900047,1002,207,795
118900048,107,200,-93
118900049,42,52,-10
118900050,10,179,-169
118900051,48,44,4
118900052,124,347,-223
118900053,44,110,-66
118900054,53,76,-23
118900055,31,205,-174
118900056,32,131,-99
118900057,257,281,-24
118900058,278,613,-335
118900059,8,90,-82
118900060,36,121,-85
118900062,70,270,-200
118900064,749,409,340
118900065,23,154,-131
118900066,51,101,-50
118900067,8427,2160,6267
118900068,1,142,-141
118900069,213,319,-106
118900071,7,58,-51
118900072,274,461,-187
118900073,56,127,-71
118900074,53,200,-147
118900075,28,91,-63
118900076,205,79,126
118900077,251,235,16
118900078,52,6,46
118900079,44,234,-190
118900080,14,86,-72
118900081,38,13,25
118900082,367,219,148
118900083,1,36,-35
118900084,7,20,-13
118900085,557,1218,-661
118900086,22,28,-6
118900087,14,132,-118
118900088,2,34,-32
118900089,39,17,22
118900090,448,587,-139
118900091,207,127,80
118900092,52,137,-85
118900093,138,9,129
118900096,41,18,23
118900097,101,654,-553
118900099,62,292,-230
118900100,138,313,-175
118900101,26,930,-904
118900102,18,81,-63
118900103,39,62,-23
118900104,52,214,-162
118900105,167,117,50
118900107,246,91,155
118900108,45,117,-72
118900110,2029,473,1556
118900111,241,831,-590
118900112,32,156,-124
118900113,75,843,-768
118900114,18,114,-96
118900115,108,325,-217
118900116,77,252,-175
118900117,69,193,-124
118900118,153,684,-531
118900119,90,330,-240
118900120,98,315,-217
118900121,10,428,-418
118900122,10,651,-641
118900123,120,286,-166
118900124,50,218,-168
118900126,23,316,-293
118900129,146,247,-101
118900130,37,70,-33
118900131,132,310,-178
118900132,389,238,151
118900133,21,77,-56
118900135,123,311,-188
118900136,192,992,-800
118900137,3,19,-16
118900139,63,757,-694
118900140,378,1022,-644
118900141,41,371,-330
118900144,95,773,-678
118900145,40,230,-190
118900146,211,1085,-874
118900147,103,117,-14
118900148,30,69,-39
118900150,121,370,-249
118900152,517,1296,-779
118900157,113,116,-3
118900158,59,144,-85
118900159,2,264,-262
118900161,87,8,79
118900163,311,72,239
118900164,4,157,-153
118900165,22,360,-338
118900166,22,3,19
118900167,46,209,-163
118900168,2,53,-51
118900169,67,560,-493
118900170,66,186,-120
118900171,11,24,-13
118900174,31,64,-33
118900175,216,562,-346
118900176,54,178,-124
118900177,19,71,-52
118900178,15,123,-108
118900179,1,66,-65
118900181,48,113,-65
118900182,83,26,57
118900183,1,60,-59
118900184,188,65,123
118900185,59,142,-83
118900186,97,112,-15
118900187,119,296,-177
118900188,181,379,-198
118900189,26,463,-437
118900190,10,887,-877
118900191,65,49,16
118900192,67,34,33
118900193,136,26,110
118900195,431,1288,-857
118900196,27,276,-249
118900197,94,168,-74
118900198,3,102,-99
118900199,26,77,-51
118900200,13,3,10
118900201,4,13,-9
118900202,8,82,-74
118900203,5,64,-59
118900204,9,87,-78
118900205,5,25,-20
118900206,2,51,-49
119000001,1036,1407,-371
119000002,3281,3602,-321
119000003,1501,2007,-506
119000004,1726,1476,250
119000005,1435,1666,-231
119000006,1391,1781,-390
119000007,2927,3515,-588
119000008,1725,2550,-825
119000009,4226,2758,1468
119000010,10143,4300,5843
119000011,7703,2259,5444
119000012,7265,3801,3464
119000013,2906,1471,1435
119000014,3069,4818,-1749
119000019,244,234,10
119000020,1092,1558,-466
119000021,2664,2409,255
119000022,5081,1590,3491
119000023,260,242,18
119000024,2670,5726,-3056
119000025,15586,1629,13957
119000026,394,241,153
119000027,971,492,479
119000028,2628,1614,1014
119000029,156,317,-161
119000030,491,1501,-1010
119000031,739,1012,-273
119000032,3050,2829,221
119000033,1964,2200,-236
119000034,1057,1223,-166
119000035,27,490,-463
119000036,820,1559,-739
119000037,858,2955,-2097
119000038,81,1494,-1413
119000039,154,414,-260
119000040,1144,525,619
119000041,1052,1214,-162
119000048,4604,4908,-304
119000049,1144,4635,-3491
119000050,1759,2982,-1223
119000051,1980,1026,954
119000052,2398,3544,-1146
119000053,1787,1332,455
119000054,2840,4773,-1933
119000055,2349,4836,-2487
119000056,1926,2631,-705
119000057,1553,3249,-1696
119000058,1787,2716,-929
119000059,1025,1976,-951
119000060,807,903,-96
119000061,772,1034,-262
119000062,953,1510,-557
119000063,255,308,-53
119000064,1278,1921,-643
119000065,2014,3829,-1815
119000066,1395,1080,315
119000067,1857,3383,-1526
119000068,1065,1176,-111
119000069,1208,3362,-2154
119000070,1350,1372,-22
119000071,636,1119,-483
119000072,7310,4329,2981
119000073,4952,6018,-1066
119000074,719,4778,-4059
119000075,772,3005,-2233
119000076,410,988,-578
119000077,618,699,-81
119000078,282,348,-66
119000079,71,940,-869
119000080,135,299,-164
119000081,162,455,-293
119000082,397,335,62
119000083,261,327,-66
119000084,288,717,-429
119000085,732,393,339
119000086,316,435,-119
119000087,1848,1266,582
119000088,186,276,-90
119000089,72,183,-111
119000090,199,175,24
119000091,197,294,-97
119000092,930,307,623
119000093,4704,4537,167
119000094,1962,5778,-3816
119000095,1057,3708,-2651
119000097,3330,2156,1174
119000098,669,1552,-883
119000099,1944,2228,-284
119000100,2275,2422,-147
119000101,2736,2851,-115
119000102,805,684,121
119000103,1488,687,801
119000104,3808,1941,1867
119000105,682,908,-226
119000106,192,2678,-2486
119000107,350,572,-222
119000108,166,1787,-1621
119000109,98,384,-286
119000110,482,633,-151
119000111,52,584,-532
119000112,186,192,-6
119000113,3121,356,2765
119000114,776,530,246
119000115,245,157,88
119000116,126,115,11
119000117,117,361,-244
119000118,2,4,-2
119000123,3186,735,2451
119000124,262,309,-47
119000125,1634,1559,75
119000126,167,1335,-1168
119000127,271,1266,-995
119000128,50,5,45
119000131,563,1453,-890
119000132,1,5,-4
119000133,1,6,-5
119000134,3427,657,2770
119000135,58,294,-236
119000136,94,446,-352
119000137,115,832,-717
119000138,180,706,-526
119000139,163,421,-258
119000140,131,260,-129
119000284,1887,3484,-1597
119000285,3481,2874,607
119000286,8146,5933,2213
119000287,1404,2729,-1325
119000288,1649,2327,-678
119000289,2786,5500,-2714
119000290,202,723,-521
119000291,4,461,-457
119000293,59,235,-176
119000294,25,38,-13
119000295,2527,839,1688
119000296,144,165,-21
119000302,5563,1662,3901
119000303,29,179,-150
119000314,1894,5415,-3521
119000315,3,868,-865
119000316,31,176,-145
119000317,12,743,-731
119900001,145,733,-588
119900002,73,382,-309
119900003,64,1902,-1838
119900004,396,366,30
119900005,65,199,-134
119900006,150,327,-177
119900007,704,83,621
119900008,133,37,96
119900009,457,625,-168
119900010,1105,1250,-145
119900011,4,34,-30
119900012,4,61,-57
119900013,1437,673,764
119900014,647,231,416
119900015,51,21,30
119900016,25,144,-119
119900017,21,52,-31
119900018,1467,239,1228
119900019,15,5,10
119900020,59,181,-122
119900021,114,74,40
119900022,124,326,-202
119900023,1016,543,473
119900025,52,31,21
119900026,1175,54,1121
119900027,12,43,-31
119900028,165,39,126
119900029,3,11,-8
119900030,403,514,-111
119900031,28,234,-206
119900033,2614,204,2410
119900034,86,158,-72
119900037,53,49,4
119900038,31,175,-144
119900039,52,6,46
119900040,33,3,30
119900041,54,89,-35
119900042,78,143,-65
119900043,35,255,-220
119900044,175,351,-176
119900046,29,87,-58
119900047,204,152,52
119900048,3,59,-56
119900049,34,18,16
119900050,72,76,-4
119900051,228,8,220
119900052,27,71,-44
119900053,61,235,-174
119900054,71,3,68
119900055,679,328,351
119900057,92,113,-21
119900058,65,5,60
119900059,129,44,85
119900060,114,17,97
119900062,27,37,-10
119900063,9,45,-36
119900064,211,39,172
119900065,154,9,145
119900066,0,2,-2
119900067,34,34,0
119900068,141,1,140
119900069,35,23,12
119900070,291,33,258
119900071,268,21,247
119900073,2158,428,1730
119900074,41,17,24
119900075,8082,2146,5936
119900076,286,752,-466
119900077,316,1923,-1607
119900078,259,1077,-818
119900079,73,457,-384
119900080,666,1593,-927
119900081,347,352,-5
119900082,436,142,294
119900083,409,100,309
119900084,636,176,460
119900085,159,71,88
119900087,263,174,89
119900088,44,79,-35
119900089,8,742,-734
119900090,262,69,193
119900091,24,1430,-1406
119900092,93,526,-433
119900093,801,123,678
119900094,32,278,-246
119900095,216,67,149
119900096,111,136,-25
119900097,404,185,219
119900098,33,60,-27
119900099,58,428,-370
119900100,2925,1529,1396
119900101,281,1042,-761
119900102,30,424,-394
119900103,34,750,-716
119900104,39,412,-373
119900105,589,1674,-1085
119900106,17,307,-290
119900107,407,4959,-4552
119900108,2348,825,1523
119900109,17,345,-328
119900110,377,944,-567
119900111,48,560,-512
119900112,3834,545,3289
119900113,89,666,-577
119900114,128,2357,-2229
119900115,85,1705,-1620
119900116,183,258,-75
119900117,139,1503,-1364
119900118,27,1665,-1638
119900119,59,360,-301
119900120,730,955,-225
119900121,136,2049,-1913
119900122,223,480,-257
119900123,167,289,-122
119900124,63,1534,-1471
119900125,65,539,-474
119900126,7797,284,7513
119900127,3947,1073,2874
119900128,276,1128,-852
119900129,69,1354,-1285
119900130,55,345,-290
119900131,19,497,-478
119900132,3,498,-495
119900133,12,85,-73
119900134,3027,390,2637
119900135,0,677,-677
119900136,200,705,-505
119900138,488,801,-313
119900139,39,138,-99
119900140,3,237,-234
119900141,164,457,-293
119900142,11,27,-16
119900143,18,288,-270
119900144,2740,271,2469
119900145,74,358,-284
119900146,203,154,49
119900147,3,133,-130
119900148,68,69,-1
119900149,2124,2090,34
119900150,211,290,-79
119900151,1846,856,990
119900152,55,677,-622
119900153,76,70,6
119900154,18,422,-404
119900155,31,26,5
119900156,10,2,8
119900157,34,449,-415
119900158,80,66,14
119900159,17,2247,-2230
119900160,33,355,-322
119900161,151,471,-320
119900162,594,684,-90
119900163,255,121,134
119900164,0,3,-3
119900165,39,377,-338
119900166,41,21,20
119900167,82,206,-124
119900168,316,545,-229
119900169,168,223,-55
119900170,127,190,-63
119900171,620,687,-67
119900172,142,18,124
119900173,5,780,-775
119900174,7,446,-439
119900175,562,816,-254
119900177,20,284,-264
119900178,4,281,-277
119900179,36,202,-166
119900180,748,723,25
119900181,38,62,-24
119900182,5,740,-735
119900183,103,1258,-1155
119900184,4535,766,3769
119900185,50,118,-68
119900186,60,280,-220
119900187,6,885,-879
119900188,35,342,-307
119900189,462,270,192
119900190,64,133,-69
119900191,284,122,162
119900192,21,255,-234
119900193,120,250,-130
119900194,5,50,-45
119900195,17,367,-350
119900196,2961,711,2250
119900197,133,115,18
119900198,95,552,-457
119900199,204,32,172
119900200,310,688,-378
119900201,529,299,230
119900202,175,112,63
119900203,126,231,-105
119900204,153,576,-423
119900205,234,941,-707
119900206,34,167,-133
119900208,196,201,-5
119900209,265,703,-438
119900210,16,65,-49
119900211,106,20,86
119900212,60,337,-277
119900213,4,68,-64
119900214,11,178,-167
119900215,28,133,-105
119900216,16,169,-153
119900217,12,97,-85
119900218,18,91,-73
119900219,8,193,-185
119900220,10,211,-201
119900221,21,633,-612
119900222,12,417,-405
119900223,30,155,-125
119900224,23,48,-25
119900225,1806,63,1743
119900226,1278,1252,26
119900227,1945,488,1457
119900228,153,476,-323
119900229,312,551,-239
119900230,1597,709,888
119900231,72,237,-165
119900232,205,56,149
119900233,12,4,8
119900234,10,58,-48
119900235,10,31,-21
119900236,21,315,-294
119900237,57,829,-772
119900238,0,125,-125
119900240,69,213,-144
119900241,121,364,-243
119900242,2285,1082,1203
119900244,843,1412,-569
119900245,52,155,-103
119900246,322,293,29
119900247,10,72,-62
119900248,44,46,-2
119900249,169,63,106
119900253,5816,413,5403
119900254,42,223,-181
119900255,69,648,-579
119900256,147,1951,-1804
119900257,25,4,21
119900258,54,123,-69
119900259,2,330,-328
119900260,90,10,80
119900261,172,285,-113
119900262,2,440,-438
119900263,1055,493,562
119900264,46,371,-325
119900265,168,524,-356
119900266,115,437,-322
119900267,105,534,-429
119900268,123,327,-204
119900269,325,2224,-1899
119900271,21,105,-84
119900272,154,48,106
119900275,91,11,80
119900276,9,13,-4
119900277,52,52,0
119900278,325,41,284
119900279,170,214,-44
119900280,1209,261,948
119900281,0,76,-76
119900282,111,14,97
119900283,3,570,-567
119900284,30,188,-158
119900285,239,146,93
119900286,218,63,155
119900288,4,64,-60
119900289,0,52,-52
119900290,0,64,-64
119900291,0,39,-39
119900292,14,4,10
119900293,15,6,9
119900294,14,2,12
119900295,3,0,3
119900296,28,26,2
119900299,30,375,-345
119900300,171,266,-95
119900301,114,23,91
119900302,29,52,-23
119900303,293,552,-259
119900304,66,13,53
119900305,27,148,-121
119900306,47,36,11
119900307,36,245,-209
119900308,0,15,-15
119900309,14,63,-49
119900310,277,449,-172
119900311,18,271,-253
119900312,72,115,-43
119900313,141,533,-392
119900314,75,323,-248
119900315,634,4066,-3432
119900318,3,12,-9
119900319,1,512,-511
119900320,149,949,-800
119900321,26,0,26
119900322,71,57,14
119900323,0,91,-91
119900324,1,49,-48
119900325,3,484,-481
119900326,6,5,1
120000001,10517,9443,1074
120000002,2518,4390,-1872
120000003,4807,2392,2415
120000004,3699,3355,344
120000005,5978,2638,3340
120000006,1292,1512,-220
120000007,4455,2824,1631
120000008,1247,1698,-451
120000009,6383,1179,5204
120000010,1869,4391,-2522
120000011,1354,2911,-1557
120000012,1875,4031,-2156
120000013,2100,3493,-1393
120000014,587,2223,-1636
120000015,3043,2133,910
120000016,3562,2954,608
120000017,2770,2023,747
120000018,6536,7906,-1370
120000019,862,1057,-195
120000020,3442,2767,675
120000021,2082,1979,103
120000022,3612,3537,75
120000023,969,2040,-1071
120000024,1691,2675,-984
120000025,1951,2722,-771
120000026,725,2366,-1641
120000027,1372,2003,-631
120000028,695,426,269
120000029,4341,588,3753
120000030,264,763,-499
120000031,2612,6394,-3782
120000032,14240,4265,9975
120000033,2871,2266,605
120000034,1141,3354,-2213
120000035,1425,3098,-1673
120000036,2379,4706,-2327
120000037,568,915,-347
120000038,14339,3935,10404
120000039,568,1289,-721
120000040,101,225,-124
120000041,560,2604,-2044
120000042,1679,6265,-4586
120000043,4782,3579,1203
120000044,2925,1422,1503
120000045,3153,1171,1982
120000046,1715,2010,-295
120000047,2876,3050,-174
120000048,11128,4070,7058
120000049,2785,3372,-587
120000050,3055,5654,-2599
120000051,5026,5158,-132
120000052,18137,2986,15151
120000053,1019,5487,-4468
120000054,1625,8443,-6818
120000055,1180,6000,-4820
120000056,3099,6519,-3420
120000057,1670,1206,464
120000058,473,208,265
120000059,101,1289,-1188
120000061,102,1208,-1106
120000062,385,343,42
120000063,2456,4132,-1676
120000064,274,2242,-1968
120000065,456,2348,-1892
120000066,164,673,-509
120000067,75,884,-809
120000068,162,1620,-1458
120000069,461,2205,-1744
120000070,18,1443,-1425
120000071,132,190,-58
120000072,235,651,-416
120000073,260,123,137
120000074,119,113,6
120000075,286,256,30
120000076,808,363,445
120000077,1020,482,538
120000078,3343,686,2657
120000079,95,91,4
120000080,66,112,-46
120000081,210,124,86
120000082,108,133,-25
120000083,64,285,-221
120000084,572,750,-178
120000085,444,515,-71
120000086,254,887,-633
120000087,155,1577,-1422
120000088,717,1724,-1007
120000089,820,741,79
120000090,333,623,-290
120000091,487,1182,-695
120000092,802,739,63
120000093,212,701,-489
120000094,95,574,-479
120000095,772,970,-198
120000096,266,1745,-1479
120000098,695,1472,-777
120000099,332,1039,-707
120000100,540,1360,-820
120000101,438,697,-259
120000102,390,529,-139
120000103,966,450,516
120000104,1206,218,988
120000105,1368,289,1079
120000106,1110,370,740
120000107,1543,404,1139
120000108,540,125,415
120000109,679,69,610
120000110,65,1331,-1266
120000111,108,1878,-1770
120000112,638,6038,-5400
120000113,462,4328,-3866
120000114,674,3652,-2978
120000115,312,3135,-2823
120000116,678,2794,-2116
120000117,1634,2147,-513
120000118,37,27,10
120000119,66,53,13
120000120,81,48,33
120000121,79,40,39
120000122,338,284,54
120000123,8586,3138,5448
120000124,360,687,-327
120000125,309,808,-499
120000126,324,768,-444
120000127,1673,686,987
120000128,3356,2146,1210
120000129,386,337,49
120000130,897,989,-92
120000131,245,512,-267
120000134,375,2163,-1788
120000135,152,371,-219
120000137,111,3382,-3271
120000138,220,767,-547
120000139,116,1423,-1307
120000140,279,898,-619
120000141,128,770,-642
120000142,173,889,-716
120000143,7,167,-160
120000144,56,4,52
120000145,179,3,176
120000146,3035,912,2123
120000149,531,1364,-833
120000150,7864,9660,-1796
120000151,417,580,-163
120000152,323,396,-73
120000153,160,1105,-945
120000154,462,518,-56
120000155,128,266,-138
120000156,2145,548,1597
120000157,940,991,-51
120000158,639,1153,-514
120000159,2211,3046,-835
120000160,2291,1451,840
120000161,1110,3210,-2100
120000162,107,246,-139
120000163,291,1842,-1551
120000164,203,665,-462
120000165,236,1313,-1077
120000166,477,817,-340
120000167,19,36,-17
120000168,7,95,-88
120000169,119,273,-154
120000170,137,167,-30
120000171,26,43,-17
120000172,31,24,7
120000173,2387,153,2234
120000174,381,7,374
120000175,623,12,611
120000176,385,71,314
120000177,1592,435,1157
120000178,126,5,121
120000179,507,21,486
120000180,1044,88,956
120000181,176,150,26
120000182,122,82,40
120000183,7,204,-197
120000184,104,2062,-1958
120000186,96,92,4
120000187,55,35,20
120000188,200,55,145
120000190,1613,8,1605
120000191,2471,15,2456
120000192,2607,6,2601
120000193,773,5,768
120000195,105,3,102
120000196,485,33,452
120000197,143,132,11
120000198,146,266,-120
120000199,51,1,50
120000200,74,1,73
120000201,15,17,-2
120000202,3,107,-104
120000203,28,590,-562
120000207,1,165,-164
120000208,15,447,-432
120000209,4,143,-139
120000210,229,141,88
120000211,53,1,52
120000212,55,4,51
120000213,46,709,-663
120000214,1,745,-744
120000215,4,299,-295
120000216,46,10,36
120000217,1167,1924,-757
120000218,312,1875,-1563
120000219,8,1131,-1123
120000220,15,3974,-3959
120000225,734,0,734
120000226,145,5,140
120000227,747,47,700
120000228,10579,1965,8614
120000230,112,26,86
120000231,595,3533,-2938
120000233,113,33,80
120000235,124,1098,-974
120000236,613,2,611
120000237,8,3449,-3441
120000238,0,135,-135
120000241,1334,3896,-2562
120000412,2371,19,2352
120000413,101,557,-456
120000414,44,4,40
120000415,1,213,-212
120000416,63,11,52
120000417,1,163,-162
120000418,46,12,34
120000419,7,662,-655
120000420,78,33,45
120000421,20090,7697,12393
120000422,308,418,-110
120000423,3,52,-49
120000424,36,259,-223
120000436,119,331,-212
120000437,268,257,11
120000438,6249,472,5777
120000439,167,272,-105
120000443,77,0,77
120000444,584,768,-184
120000445,1677,1483,194
120000446,1247,441,806
120000447,115,6,109
120000449,42,17,25
120000450,12,640,-628
120000451,171,295,-124
120000452,108,4,104
120000453,0,480,-480
120000454,99,14,85
120000455,62,81,-19
120000456,4351,2694,1657
120000457,2354,1325,1029
120000458,590,953,-363
120000459,59,111,-52
120000665,1476,178,1298
120000668,81,257,-176
120000669,110,583,-473
120000670,345,460,-115
120000671,628,292,336
120000672,97,707,-610
120900001,24,35,-11
120900002,238,267,-29
120900003,158,23,135
120900004,15,38,-23
120900005,13,2047,-2034
120900006,138,252,-114
120900007,69,222,-153
120900008,107,1836,-1729
120900009,142,37,105
120900010,225,53,172
120900011,473,136,337
120900012,1614,800,814
120900013,241,25,216
120900014,5,1150,-1145
120900015,309,95,214
120900016,323,44,279
120900017,4009,129,3880
120900018,40,684,-644
120900019,357,119,238
120900020,625,630,-5
120900021,334,43,291
120900022,17,544,-527
120900023,67,43,24
120900024,1858,582,1276
120900025,2990,1033,1957
120900026,83,270,-187
120900027,619,101,518
120900028,133,27,106
120900029,106,184,-78
120900030,702,511,191
120900031,100,40,60
120900032,411,237,174
120900033,566,53,513
120900034,59,1771,-1712
120900035,43,304,-261
120900037,69,5,64
120900038,38,130,-92
120900039,33,22,11
120900040,94,3,91
120900041,106,25,81
120900042,158,115,43
120900043,18,11,7
120900044,10,585,-575
120900045,160,269,-109
120900046,185,3,182
120900047,94,40,54
120900048,43,17,26
120900049,146,1,145
120900050,5492,1021,4471
120900051,184,136,48
120900052,239,1,238
120900053,135,94,41
120900054,1628,1047,581
120900055,100,1,99
120900056,194,9,185
120900057,56,25,31
120900058,185,2,183
120900059,38,4,34
120900060,40,58,-18
120900061,280,389,-109
120900062,69,0,69
120900063,176,1,175
120900064,195,0,195
120900065,131,22,109
120900066,200,579,-379
120900067,94,33,61
120900068,84,0,84
120900069,82,91,-9
120900071,21,3,18
120900072,235,0,235
120900073,202,358,-156
120900074,331,7,324
120900076,96,1,95
120900077,5840,425,5415
120900078,346,1039,-693
120900079,289,179,110
120900080,257,3597,-3340
120900081,309,1668,-1359
120900082,660,239,421
120900083,65,9,56
120900084,185,167,18
120900085,160,99,61
120900086,225,199,26
120900087,231,96,135
120900088,149,166,-17
120900089,6484,1237,5247
120900090,56,233,-177
120900091,424,252,172
120900092,897,908,-11
120900093,6155,363,5792
120900094,622,319,303
120900095,299,27,272
120900096,25,162,-137
120900097,696,1497,-801
120900098,413,278,135
120900099,47,112,-65
120900100,77,516,-439
120900101,481,490,-9
120900102,17,114,-97
120900103,35,154,-119
120900104,108,66,42
120900105,34,1273,-1239
120900106,1737,938,799
120900107,536,312,224
120900108,6,1514,-1508
120900109,21,1125,-1104
120900110,6,660,-654
120900111,144,494,-350
120900112,5,2086,-2081
120900113,18,1426,-1408
120900114,27,345,-318
120900115,193,206,-13
120900116,109,950,-841
120900117,2,902,-900
120900118,5,1441,-1436
120900119,5005,3958,1047
120900120,58,1134,-1076
120900121,116,594,-478
120900122,160,852,-692
120900123,0,804,-804
120900124,8,1040,-1032
120900125,7,1710,-1703
120900126,1667,935,732
120900127,11,905,-894
120900128,1100,1189,-89
120900129,87,553,-466
120900130,11,618,-607
120900131,18,99,-81
120900132,384,698,-314
120900133,219,1697,-1478
120900134,310,655,-345
120900135,10,1015,-1005
120900136,24,35,-11
120900137,96,149,-53
120900138,15,336,-321
120900139,5,1199,-1194
120900140,3,118,-115
120900141,85,139,-54
120900142,11,1340,-1329
120900143,3,1518,-1515
120900144,1,342,-341
120900145,89,1203,-1114
120900146,8,1597,-1589
120900147,2,516,-514
120900148,98,140,-42
120900149,0,554,-554
120900150,22,836,-814
120900151,3,1076,-1073
120900152,10,96,-86
120900153,22,109,-87
120900154,3,445,-442
120900155,89,1736,-1647
120900156,18,587,-569
120900157,24,320,-296
120900158,24,718,-694
120900159,31,423,-392
120900160,28,498,-470
120900161,17,1441,-1424
120900162,17,1544,-1527
120900163,11,171,-160
120900164,0,1,-1
120900165,0,4,-4
120900166,31,147,-116
120900167,187,81,106
120900169,35,927,-892
120900170,3908,1374,2534
120900171,1756,539,1217
120900172,1436,96,1340
120900173,1,93,-92
120900174,4,179,-175
120900175,316,281,35
120900176,9,248,-239
120900177,2,427,-425
120900178,1,254,-253
120900179,969,555,414
120900180,130,128,2
120900181,63,76,-13
120900182,21,473,-452
120900183,482,78,404
120900184,178,76,102
120900185,8,540,-532
120900186,1,727,-726
120900187,282,616,-334
120900188,62,11,51
120900189,160,335,-175
120900190,17,14,3
120900191,6,32,-26
120900192,18806,2427,16379
120900194,34,79,-45
120900195,145,379,-234
120900196,517,30,487
120900197,327,69,258
120900198,240,788,-548
120900199,260,1992,-1732
120900200,218,142,76
120900201,910,169,741
120900202,3,321,-318
120900203,13,50,-37
120900204,445,567,-122
120900205,81,151,-70
120900206,6,22,-16
121000001,1205,1426,-221
121000002,2213,1175,1038
121000003,5297,2337,2960
121000004,3428,3146,282
121000005,2684,3110,-426
121000006,3915,1396,2519
121000007,4049,3478,571
121000008,6284,3077,3207
121000009,11272,6241,5031
121000010,12938,4143,8795
121000011,18832,11837,6995
121000012,25317,8892,16425
121000013,6712,7295,-583
121000014,9081,6776,2305
121000015,5441,6385,-944
121000016,5862,4095,1767
121000017,2136,4311,-2175
121000018,2460,2306,154
121000019,24460,9500,14960
121000020,15805,8781,7024
121000021,3449,3756,-307
121000022,1989,1733,256
121000023,5441,3774,1667
121000024,3078,3415,-337
121000025,815,858,-43
121000026,287,90,197
121000027,1860,1113,747
121000028,982,525,457
121000029,1046,834,212
121000030,610,474,136
121000031,527,680,-153
121000032,208,91,117
121000034,334,149,185
121000035,122,94,28
121000036,1233,925,308
121000037,601,654,-53
121000038,752,666,86
121000039,397,406,-9
121000041,529,509,20
121000042,282,368,-86
121000043,1050,686,364
121000044,2795,751,2044
121000045,447,344,103
121000046,390,785,-395
121000047,31,89,-58
121000049,2436,823,1613
121000050,404,1118,-714
121000051,590,435,155
121000052,262,594,-332
121000053,459,71,388
121000054,34,262,-228
121000055,2140,1203,937
121000056,1333,1196,137
121000057,196,461,-265
121000058,517,130,387
121000059,2418,975,1443
121000060,486,1043,-557
121000061,79,189,-110
121000062,151,262,-111
121000063,732,489,243
121000064,575,771,-196
121000065,518,360,158
121000066,715,556,159
121000067,1307,399,908
121000068,628,492,136
121000069,753,261,492
121000070,2230,1500,730
121000071,1012,872,140
121000072,1839,950,889
121000073,1005,828,177
121000074,92,115,-23
121000075,127,34,93
121000076,1556,392,1164
121000077,237,86,151
121000078,132,171,-39
121000080,3398,683,2715
121000081,2878,2003,875
121000082,192,297,-105
121000083,401,120,281
121000084,273,102,171
121000085,448,494,-46
121000086,194,1154,-960
121000087,55,265,-210
121000088,354,830,-476
121000089,864,294,570
121000090,581,393,188
121000091,2466,886,1580
121000092,121,123,-2
121000093,114,295,-181
121000094,557,576,-19
121000095,345,639,-294
121000096,2851,2791,60
121000097,2279,1792,487
121000098,344,1608,-1264
121000099,375,941,-566
121000100,421,788,-367
121000101,177,299,-122
121000102,132,541,-409
121000103,88,455,-367
121000104,76,244,-168
121000105,310,395,-85
121000106,194,521,-327
121000107,2820,4811,-1991
121000109,1821,1268,553
121000110,474,567,-93
121000114,3021,2756,265
121000115,920,908,12
121000116,575,990,-415
121000117,1473,301,1172
121000118,1278,380,898
121000119,271,354,-83
121000120,253,619,-366
121000121,536,1261,-725
121000123,1679,878,801
121000126,138,327,-189
121000127,199,145,54
121000128,442,673,-231
121000129,413,622,-209
121000130,409,1421,-1012
121000131,3292,1164,2128
121000132,1688,1238,450
121000135,804,572,232
121000136,1288,757,531
121000137,571,200,371
121000138,785,977,-192
121000139,687,165,522
121000141,232,138,94
121000142,934,594,340
121000143,240,19,221
121000144,1487,940,547
121000145,418,1550,-1132
121000146,943,882,61
121000147,584,468,116
121000148,727,1293,-566
121000149,1751,1207,544
121000152,474,740,-266
121000153,1907,691,1216
121000154,798,584,214
121000155,1099,1160,-61
121000156,379,938,-559
121000157,1879,2494,-615
121000158,522,731,-209
121000159,161,773,-612
121000160,261,882,-621
121000161,70,485,-415
121000162,27,501,-474
121000165,2331,1702,629
121000166,52,545,-493
121000168,200,365,-165
121000169,52,221,-169
121000170,202,101,101
121000171,31,205,-174
121000172,463,475,-12
121000173,1173,779,394
121000174,210,464,-254
121000175,545,700,-155
121000176,341,277,64
121000177,906,763,143
121000178,70,74,-4
121000179,115,79,36
121000181,400,442,-42
121000182,76,170,-94
121000183,26,79,-53
121000184,47,77,-30
121000185,21,166,-145
121000186,180,318,-138
121000187,152,417,-265
121000188,55,359,-304
121000192,602,371,231
121000193,728,484,244
121000194,3442,2809,633
121000195,560,1220,-660
121000196,905,242,663
121000197,252,979,-727
121000198,229,71,158
121000199,174,558,-384
121000200,326,90,236
121000201,2,288,-286
121000202,505,73,432
121000203,596,3272,-2676
121000204,1318,768,550
121000205,214,378,-164
121000206,200,48,152
121000207,1208,617,591
121000208,4,626,-622
121000209,96,605,-509
121000210,202,765,-563
121000211,101,147,-46
121000212,312,1014,-702
121000213,10886,3049,7837
121000214,982,1689,-707
121000215,1456,856,600
121000216,479,531,-52
121000217,4947,2412,2535
121000218,624,2108,-1484
121000219,1483,321,1162
121000220,435,110,325
121000221,238,225,13
121000222,3179,2728,451
121000223,560,394,166
121000224,279,111,168
121000225,1253,1112,141
121000226,1941,784,1157
121000227,8,237,-229
121000228,17,1018,-1001
121000229,94,682,-588
121000230,85,2336,-2251
121000231,442,24,418
121000232,416,236,180
121000233,513,373,140
121000234,13,72,-59
121000235,69,83,-14
121000236,2,58,-56
121000237,31,23,8
121000238,6,106,-100
121000239,13,19,-6
121000240,2,263,-261
121000241,133,30,103
121000242,49,145,-96
121000243,402,72,330
121000244,0,100,-100
121000245,17,12,5
121000246,4,83,-79
121000247,11,5,6
121000248,806,652,154
121000249,57,270,-213
121000250,227,114,113
121000251,17,716,-699
121000252,56,42,14
121000253,179,813,-634
121000254,295,352,-57
121000255,198,209,-11
121000256,260,189,71
121000257,77,80,-3
121000258,131,76,55
121000259,28,49,-21
121000260,47,141,-94
121000261,13,43,-30
121000262,1747,742,1005
121000263,354,589,-235
121000271,282,1894,-1612
121000273,59,13,46
121000274,7,54,-47
121000275,0,27,-27
121000276,3,29,-26
121000278,16,76,-60
121000279,52,19,33
121000280,32,53,-21
121000289,197,30,167
121000290,1242,710,532
121000294,79,294,-215
121000297,1234,726,508
121000299,95,269,-174
121000300,935,788,147
121000302,450,1155,-705
121000303,1098,668,430
121000304,503,73,430
121000305,108,58,50
121000306,62,129,-67
121000308,233,490,-257
121000309,504,799,-295
121000310,74,530,-456
121000311,80,1105,-1025
121000312,377,224,153
121000313,736,769,-33
121000314,352,148,204
121000315,79,104,-25
121000530,760,1621,-861
121000531,1121,1600,-479
121000532,6234,4545,1689
121000533,3074,2821,253
121000918,13,292,-279
121000919,11,42,-31
121000938,1811,588,1223
121000939,2445,500,1945
121000956,500,1725,-1225
121000957,1,6,-5
121000958,90,47,43
121000959,317,1248,-931
121000960,1333,2811,-1478
121000961,168,74,94
121000962,376,747,-371
121000973,1,301,-300
121000976,15,254,-239
121000979,361,59,302
121000981,404,122,282
121000982,166,267,-101
121000983,313,609,-296
121000984,19,50,-31
121000985,281,953,-672
121000986,67,537,-470
121000987,202,1904,-1702
121000988,375,114,261
121001302,433,147,286
121001308,3,14,-11
121001309,115,78,37
121001313,50,477,-427
121001314,5118,4944,174
121001315,4702,1685,3017
121900001,61,196,-135
121900002,40,22,18
121900003,328,6,322
121900004,158,434,-276
121900005,10,3,7
121900006,93,19,74
121900007,2239,2860,-621
121900008,2510,130,2380
121900009,671,19,652
121900010,264,2,262
121900011,458,503,-45
121900012,2,0,2
121900013,991,34,957
121900014,1053,395,658
121900015,172,202,-30
121900016,6,27,-21
121900017,254,590,-336
121900018,337,10,327
121900019,216,314,-98
121900020,12,2,10
121900021,693,12,681
121900022,111,175,-64
121900023,90,387,-297
121900024,502,80,422
121900025,517,334,183
121900026,235,41,194
121900027,310,123,187
121900028,226,28,198
121900029,94,168,-74
121900030,511,540,-29
121900031,1158,3808,-2650
121900032,84,85,-1
121900033,170,140,30
121900034,187,101,86
121900035,2751,1838,913
121900036,42,348,-306
121900037,118,742,-624
121900038,31,183,-152
121900039,451,48,403
121900040,47,109,-62
121900041,114,154,-40
121900042,261,166,95
121900043,5,8,-3
121900044,361,25,336
121900046,273,217,56
121900047,135,51,84
121900048,15,180,-165
121900050,12,38,-26
121900051,97,156,-59
121900052,76,48,28
121900053,305,211,94
121900054,528,761,-233
121900055,4,21,-17
121900058,94,390,-296
121900059,221,134,87
121900060,79,337,-258
121900061,125,132,-7
121900062,81,77,4
121900063,704,316,388
121900064,170,847,-677
121900066,13,29,-16
121900067,15,25,-10
121900069,225,171,54
121900070,232,115,117
121900071,91,339,-248
121900072,22,206,-184
121900073,216,192,24
121900074,829,531,298
121900075,527,269,258
121900076,213,647,-434
121900077,3,41,-38
121900078,33,92,-59
121900079,0,0,0
121900080,571,569,2
121900082,19,111,-92
121900084,6,339,-333
121900085,2,16,-14
121900086,3,69,-66
121900087,296,132,164
121900088,3954,2211,1743
121900089,81,449,-368
121900090,17,151,-134
121900091,15,142,-127
121900092,56,162,-106
121900093,71,68,3
121900094,13,4,9
121900095,195,108,87
121900096,2016,565,1451
121900097,195,118,77
121900098,2,5,-3
121900099,85,102,-17
121900100,204,232,-28
121900101,92,98,-6
121900102,5,113,-108
121900103,617,256,361
121900104,850,241,609
121900105,90,70,20
121900106,1,6,-5
121900107,22,54,-32
121900108,0,25,-25
121900109,529,133,396
121900110,167,1589,-1422
121900111,928,111,817
121900112,279,157,122
121900113,67,172,-105
121900114,12,38,-26
121900117,325,29,296
121900118,2328,361,1967
121900119,105,150,-45
121900120,37,1496,-1459
121900121,607,82,525
121900122,12,26,-14
121900123,295,635,-340
121900124,135,185,-50
121900125,1076,1338,-262
121900127,12,89,-77
121900128,51,249,-198
121900129,1540,82,1458
121900130,111,254,-143
121900131,187,77,110
121900132,43,214,-171
121900133,111,206,-95
121900134,22,104,-82
121900135,3026,327,2699
121900136,111,574,-463
121900137,31,307,-276
121900138,211,272,-61
121900139,363,435,-72
121900140,34,181,-147
121900141,46,28,18
121900142,49,136,-87
121900143,4,145,-141
121900144,224,353,-129
121900145,177,195,-18
121900146,592,816,-224
121900147,46,245,-199
121900148,124,252,-128
121900149,360,881,-521
121900150,54,182,-128
121900151,58,223,-165
121900152,66,175,-109
121900153,112,518,-406
121900154,15,141,-126
121900155,4,86,-82
121900156,196,121,75
121900157,2,434,-432
121900158,63,116,-53
121900159,1,202,-201
121900160,41,171,-130
121900161,582,334,248
121900162,177,97,80
121900163,59,839,-780
121900164,371,244,127
121900165,165,274,-109
121900166,92,230,-138
121900167,138,92,46
121900168,274,134,140
121900169,4,346,-342
121900170,9,214,-205
121900171,578,684,-106
121900172,214,299,-85
121900173,1075,209,866
121900174,23,49,-26
121900175,84,164,-80
121900176,497,1979,-1482
121900177,142,61,81
121900178,12,73,-61
121900179,225,145,80
121900180,7301,2599,4702
121900182,487,332,155
121900183,501,605,-104
121900184,52,715,-663
121900186,18,381,-363
121900187,25,131,-106
121900188,630,392,238
121900189,35,164,-129
121900190,142,501,-359
121900191,146,170,-24
121900192,550,536,14
121900193,19,231,-212
121900194,5,151,-146
121900195,113,129,-16
121900196,776,927,-151
121900197,313,2357,-2044
121900198,1079,1057,22
121900199,6,29,-23
121900200,81,253,-172
121900201,1316,608,708
121900202,184,373,-189
121900203,418,911,-493
121900204,1394,799,595
121900205,9,100,-91
121900206,3,5,-2
121900207,193,31,162
121900208,171,316,-145
121900209,38,15,23
121900210,976,1253,-277
121900211,11,81,-70
121900212,144,149,-5
121900213,106,159,-53
121900214,4,474,-470
121900215,43,76,-33
121900216,22,104,-82
121900217,260,107,153
121900218,286,592,-306
121900220,182,19,163
121900221,261,708,-447
121900222,65,232,-167
121900223,144,94,50
121900224,47,70,-23
121900225,92,51,41
121900226,258,1321,-1063
121900227,146,378,-232
121900228,207,323,-116
121900230,110,45,65
121900231,558,250,308
121900232,286,330,-44
121900233,284,309,-25
121900234,214,391,-177
121900235,236,266,-30
121900236,220,150,70
121900237,165,247,-82
121900238,129,242,-113
121900239,115,47,68
121900240,307,169,138
121900241,39,81,-42
121900242,3,0,3
121900243,3,0,3
121900244,14,2,12
121900245,193,189,4
121900246,1255,489,766
121900247,304,264,40
121900248,1591,742,849
121900250,364,250,114
121900251,353,36,317
121900252,924,143,781
121900253,140,862,-722
121900254,570,244,326
121900255,113,75,38
121900258,2770,1915,855
121900259,348,481,-133
121900260,45,224,-179
121900261,85,313,-228
121900262,380,590,-210
121900263,114,336,-222
121900264,2653,1414,1239
121900265,245,359,-114
121900266,210,228,-18
121900267,38,27,11
121900269,110,309,-199
121900270,17,155,-138
121900271,25,197,-172
121900273,442,1220,-778
121900274,155,236,-81
121900277,343,1531,-1188
121900278,63,940,-877
121900279,143,256,-113
121900280,200,301,-101
121900281,575,54,521
121900284,184,9,175
121900286,61,183,-122
121900287,10,25,-15
121900288,2,2,0
121900290,226,209,17
121900291,368,611,-243
121900292,143,77,66
121900293,1007,3304,-2297
121900294,353,1,352
121900295,48,305,-257
121900296,154,28,126
121900298,437,430,7
121900299,0,0,0
121900300,2,0,2
121900301,5,0,5
121900302,0,61,-61
121900303,215,603,-388
121900304,0,1,-1
121900305,0,1,-1
121900306,40,2,38
121900307,13,24,-11
121900308,18,406,-388
121900309,23,309,-286
121900310,38,533,-495
121900311,175,17,158
121900312,81,4,77
121900313,172,17,155
121900314,2,113,-111
121900315,2,0,2
121900316,0,15,-15
121900317,0,4,-4
121900318,1,15,-14
121900319,5,16,-11
121900320,62,75,-13
121900321,0,2,-2
121900322,2,29,-27
121900323,25,16,9
121900324,0,21,-21
121900325,3,0,3
121900326,2,19,-17
121900327,9,74,-65
121900328,0,26,-26
121900329,0,203,-203
121900330,0,56,-56
121900331,312,31,281
121900332,96,18,78
121900333,1,3,-2
122000001,3534,3436,98
122000002,7232,1371,5861
122000003,3038,1605,1433
122000004,3583,1175,2408
122000005,3279,1002,2277
122000006,2906,479,2427
122000007,1313,1088,225
122000008,8820,3907,4913
122000009,756,209,547
122000010,2398,2565,-167
122000011,4358,881,3477
122000012,1371,931,440
122000013,2107,1231,876
122000014,1543,2020,-477
122000015,1437,1046,391
122000016,481,894,-413
122000017,1141,1264,-123
122000018,1462,1336,126
122000019,862,1682,-820
122000020,261,231,30
122000021,812,461,351
122000022,1472,1614,-142
122000023,519,3042,-2523
122000024,1226,837,389
122000025,2419,1099,1320
122000026,2328,764,1564
122000027,738,4297,-3559
122000028,856,354,502
122000029,471,299,172
122000030,439,77,362
122000031,131,165,-34
122000032,1631,2981,-1350
122000033,835,689,146
122000034,589,677,-88
122000035,453,681,-228
122000036,421,739,-318
122000037,461,276,185
122000038,294,426,-132
122000039,681,518,163
122000040,458,289,169
122000041,528,562,-34
122000042,292,423,-131
122000043,161,135,26
122000044,198,169,29
122000045,1371,685,686
122000046,631,1264,-633
122000047,373,151,222
122000048,3600,3651,-51
122000049,5954,2653,3301
122000050,1715,670,1045
122000051,408,292,116
122000052,539,238,301
122000053,131,519,-388
122000054,2660,1897,763
122000055,2293,2497,-204
122000056,5419,3158,2261
122000057,4269,2626,1643
122000058,4403,1085,3318
122000059,4161,1392,2769
122000060,1318,577,741
122000061,852,286,566
122000062,1472,338,1134
122000063,1101,438,663
122000064,4050,3372,678
122000065,7056,3367,3689
122000066,1496,1237,259
122000067,1399,1516,-117
122000068,986,1368,-382
122000069,655,886,-231
122000070,539,3518,-2979
122000071,1097,2099,-1002
122000072,361,292,69
122000073,429,467,-38
122000074,2132,1376,756
122000075,544,1346,-802
122000076,1626,1187,439
122000077,1296,620,676
122000078,3434,1717,1717
122000079,1346,741,605
122000080,880,358,522
122000081,210,249,-39
122000082,1411,819,592
122000083,1393,4437,-3044
122000084,990,927,63
122000085,331,2208,-1877
122000086,2524,4430,-1906
122000087,628,148,480
122000088,471,289,182
122000089,8279,3535,4744
122000090,369,388,-19
122000091,380,103,277
122000092,245,31,214
122000093,1673,1202,471
122000094,9471,1848,7623
122000095,5515,1886,3629
122000096,4803,1031,3772
122000098,4832,1630,3202
122000099,2802,675,2127
122000100,2102,742,1360
122000101,319,1029,-710
122000102,1741,1271,470
122000103,1796,1461,335
122000104,281,219,62
122000105,273,297,-24
122000106,726,510,216
122000107,1015,579,436
122000108,378,1035,-657
122000109,272,357,-85
122000110,427,663,-236
122000111,2902,1272,1630
122000112,713,1375,-662
122000113,510,666,-156
122000114,3614,1561,2053
122000115,2231,1374,857
122000116,436,563,-127
122000117,1216,358,858
122000118,510,551,-41
122000119,3545,1824,1721
122000120,4770,2606,2164
122000121,5367,2731,2636
122000122,893,1438,-545
122000123,2808,1484,1324
122000124,1433,500,933
122000125,605,716,-111
122000126,915,838,77
122000127,2273,1049,1224
122000128,681,1084,-403
122000129,422,604,-182
122000130,2801,626,2175
122000131,3150,648,2502
122000132,1360,533,827
122000133,1234,2904,-1670
122000134,464,633,-169
122000135,599,1064,-465
122000136,465,281,184
122000137,1019,672,347
122000139,1746,3278,-1532
122000140,1381,560,821
122000141,7006,1007,5999
122000142,739,742,-3
122000143,748,191,557
122000144,2774,873,1901
122000145,3089,871,2218
122000146,1555,1030,525
122000147,1214,428,786
122000148,3294,1384,1910
122000149,2486,1178,1308
122000150,1610,922,688
122000151,468,380,88
122000152,750,395,355
122000153,631,333,298
122000154,452,226,226
122000155,1922,2251,-329
122000156,3280,2063,1217
122000157,2647,1443,1204
122000158,388,545,-157
122000159,1492,1685,-193
122000160,8359,853,7506
122000161,1918,717,1201
122000162,2585,1451,1134
122000163,339,76,263
122000164,60,104,-44
122000165,885,769,116
122000166,1003,1118,-115
122000167,290,245,45
122000168,210,509,-299
122000169,640,179,461
122000170,320,331,-11
122000171,64,132,-68
122000172,1580,1592,-12
122000173,1860,2338,-478
122000174,2238,817,1421
122000175,1514,403,1111
122000176,368,739,-371
122000177,1970,1337,633
122000178,3668,2389,1279
122000179,2490,2609,-119
122000180,2367,1040,1327
122000181,2677,2958,-281
122000182,3586,1105,2481
122000183,2281,988,1293
122000184,4607,1951,2656
122000185,2081,1207,874
122000186,720,891,-171
122000187,1727,1422,305
122000188,501,263,238
122000189,344,356,-12
122000190,1170,1115,55
122000191,1228,475,753
122000192,1083,398,685
122000193,437,758,-321
122000194,582,195,387
122000195,120,511,-391
122000196,1123,699,424
122000197,534,789,-255
122000198,672,1187,-515
122000199,365,367,-2
122000200,1271,615,656
122000201,1711,1849,-138
122000202,1380,1282,98
122000203,3475,1644,1831
122000204,1797,2308,-511
122000205,1721,1195,526
122000206,2256,1061,1195
122000207,1419,1512,-93
122000208,2451,1826,625
122000209,2854,343,2511
122000210,1539,2384,-845
122000211,1345,1561,-216
122000212,681,506,175
122000213,1210,1175,35
122000214,1967,1656,311
122000215,2289,1483,806
122000217,2239,1642,597
122000218,708,70,638
122000219,1722,1239,483
122000220,556,1083,-527
122000221,174,472,-298
122000222,692,97,595
122000223,1202,620,582
122000225,753,331,422
122000226,1317,2375,-1058
122000227,243,2144,-1901
122000228,342,547,-205
122000229,16,399,-383
122000230,86,1012,-926
122000231,283,944,-661
122000232,574,1184,-610
122000233,2,204,-202
122000234,111,209,-98
122000235,425,267,158
122000236,431,248,183
122000237,62,73,-11
122000238,159,193,-34
122000239,453,127,326
122000240,1055,414,641
122000241,657,428,229
122000242,713,67,646
122000243,41,28,13
122000244,10,342,-332
122000245,12,90,-78
122000246,6,63,-57
122000247,573,451,122
122000248,1263,2540,-1277
122000249,339,635,-296
122000250,1495,577,918
122000251,292,386,-94
122000252,749,104,645
122000253,21,285,-264
122000254,129,85,44
122000255,729,2824,-2095
122000256,319,1865,-1546
122000257,103,545,-442
122000258,104,256,-152
122000259,21,871,-850
122000260,5,142,-137
122000261,3,172,-169
122000262,0,69,-69
122000263,99,137,-38
122000264,479,474,5
122000265,1791,770,1021
122000266,4612,572,4040
122000267,80,149,-69
122000268,96,502,-406
122000269,590,331,259
122000270,676,136,540
122000271,346,1295,-949
122000272,266,1170,-904
122000273,212,497,-285
122000274,73,212,-139
122000275,33,162,-129
122000276,333,752,-419
122000277,641,1800,-1159
122000278,551,1262,-711
122000279,187,903,-716
122000280,618,1070,-452
122000281,712,848,-136
122000282,106,281,-175
122000283,239,98,141
122000284,87,102,-15
122000285,419,99,320
122000286,82,213,-131
122000287,608,1527,-919
122000288,286,269,17
122000291,783,593,190
122000293,379,496,-117
122000294,118,183,-65
122000295,1211,191,1020
122000296,44,630,-586
122000297,3627,1943,1684
122000299,457,508,-51
122000300,974,619,355
122000301,17053,2589,14464
122000302,1088,739,349
122000303,4957,1540,3417
122000304,24,199,-175
122000305,653,389,264
122000306,31,1004,-973
122000307,306,136,170
122000309,36,73,-37
122000310,15,18,-3
122000311,33,67,-34
122000312,55,24,31
122000313,21,42,-21
122000314,104,243,-139
122000315,196,15,181
122000316,318,297,21
122000317,754,188,566
122000318,505,480,25
122000319,423,684,-261
122000320,374,2827,-2453
122000321,133,397,-264
122000322,3030,2044,986
122000323,2295,1518,777
122000324,1643,1249,394
122000325,1035,1087,-52
122000326,28,182,-154
122000327,302,509,-207
122000328,1516,1356,160
122000330,2413,809,1604
122000332,221,356,-135
122000333,6,222,-216
122000337,603,2888,-2285
122000338,311,602,-291
122000340,435,268,167
122000342,3011,1415,1596
122000343,419,1828,-1409
122000344,36,26,10
122000345,32,74,-42
122000346,388,857,-469
122000348,613,855,-242
122000349,193,788,-595
122000351,68,242,-174
122000352,365,79,286
122000353,36,158,-122
122000355,98,203,-105
122000356,2040,1077,963
122000357,38,26,12
122000358,0,82,-82
122000359,0,47,-47
122000360,1,66,-65
122000362,13,107,-94
122000364,83,615,-532
122000365,0,18,-18
122000366,13,11,2
122000368,470,1118,-648
122000370,17,94,-77
122000371,7,0,7
122000372,2,0,2
122000381,42,392,-350
122000382,58,304,-246
122000384,4523,2261,2262
122000385,17,2,15
122000386,645,862,-217
122000387,419,713,-294
122000388,1717,365,1352
122000389,214,899,-685
122000390,376,230,146
122000391,285,107,178
122000392,242,271,-29
122000393,25,229,-204
122000394,249,350,-101
122000395,99,187,-88
122000396,216,122,94
122000397,34,108,-74
122000398,14,32,-18
122000399,58,84,-26
122000400,207,367,-160
122000401,107,94,13
122000402,207,108,99
122000403,318,1653,-1335
122000404,112,382,-270
122000408,1254,1624,-370
122000503,10,77,-67
122000524,220,103,117
122000544,50,1562,-1512
122000616,1050,3,1047
122000640,36,225,-189
122000641,35,593,-558
122000642,807,1695,-888
122000643,11,121,-110
122000644,205,26,179
122000645,102,188,-86
122000651,2374,681,1693
122000664,122,36,86
122000665,1223,609,614
122000666,663,1288,-625
122000673,25,428,-403
122000674,61,57,4
122000675,1009,1244,-235
122000686,234,1697,-1463
122000687,599,463,136
122000688,154,1022,-868
122000689,339,796,-457
122000690,530,832,-302
122000691,327,3321,-2994
122000692,1005,446,559
122000693,541,2390,-1849
122000695,139,673,-534
122000696,158,501,-343
122000698,136,1286,-1150
122000699,148,187,-39
122000701,1107,449,658
122000702,416,2625,-2209
122000703,242,66,176
122000717,188,97,91
122000718,381,396,-15
122000719,40,43,-3
122000720,129,377,-248
122000724,123,14,109
122900001,30,5,25
122900002,1251,1941,-690
122900003,202,36,166
122900004,905,14,891
122900005,46,59,-13
122900006,625,429,196
122900007,229,22,207
122900008,628,92,536
122900009,1016,363,653
122900010,205,154,51
122900012,351,447,-96
122900014,193,332,-139
122900015,3804,460,3344
122900016,60,332,-272
122900017,627,1051,-424
122900018,255,10,245
122900019,14,168,-154
122900020,344,531,-187
122900021,50,768,-718
122900022,348,1221,-873
122900023,278,390,-112
122900024,101,100,1
122900025,7,170,-163
122900026,174,475,-301
122900027,96,684,-588
122900028,150,167,-17
122900029,5352,2316,3036
122900030,1618,500,1118
122900031,160,140,20
122900032,141,241,-100
122900033,214,212,2
122900034,4550,3713,837
122900035,28,14,14
122900036,9,125,-116
122900037,298,186,112
122900038,193,1801,-1608
122900039,136,472,-336
122900040,164,444,-280
122900041,171,326,-155
122900042,147,417,-270
122900043,403,218,185
122900044,98,343,-245
122900045,104,103,1
122900046,67,160,-93
122900047,161,115,46
122900048,43,152,-109
122900049,1797,132,1665
122900051,75,123,-48
122900052,24,186,-162
122900053,24,27,-3
122900055,203,143,60
122900057,295,20,275
122900061,503,150,353
122900062,348,362,-14
122900063,114,446,-332
122900064,929,816,113
122900065,253,148,105
122900066,352,247,105
122900067,2033,1129,904
122900068,241,580,-339
122900069,221,1068,-847
122900070,182,38,144
122900071,103,536,-433
122900072,11,656,-645
122900073,55,350,-295
122900074,167,943,-776
122900075,2,74,-72
122900076,8,187,-179
122900077,0,228,-228
122900078,51,147,-96
122900080,64,20,44
122900081,181,145,36
122900082,626,202,424
122900083,160,134,26
122900084,11,293,-282
122900086,6,33,-27
122900087,71,758,-687
122900088,90,71,19
122900089,6,295,-289
122900090,10,692,-682
122900091,70,0,70
122900092,3,335,-332
122900093,4,492,-488
122900094,6,314,-308
122900095,107,3,104
122900096,76,365,-289
122900097,69,10,59
122900098,86,134,-48
122900099,5,6,-1
122900100,385,169,216
122900101,878,243,635
122900102,9,10,-1
122900103,23,6,17
122900104,43,5,38
122900105,0,5,-5
122900106,4,94,-90
122900107,6,287,-281
122900108,4,227,-223
123000001,2577,456,2121
123000002,7870,2678,5192
123000003,4523,2735,1788
123000004,4523,5450,-927
123000005,2399,2436,-37
123000006,3732,3858,-126
123000007,2990,2545,445
123000008,3029,5134,-2105
123000009,4591,3589,1002
123000010,4305,4882,-577
123000011,3695,1023,2672
123000012,1296,2975,-1679
123000013,3797,1028,2769
123000014,1506,4692,-3186
123000015,6377,734,5643
123000016,8455,2942,5513
123000017,3782,1616,2166
123000018,67,92,-25
123000019,103,523,-420
123000020,73,169,-96
123000021,80,145,-65
123000022,500,882,-382
123000023,1191,1212,-21
123000024,926,522,404
123000025,22,82,-60
123000026,8,95,-87
123000027,293,543,-250
123000028,727,645,82
123000029,660,674,-14
123000030,111,1025,-914
123000031,146,556,-410
123000032,198,408,-210
123000033,188,34,154
123000034,663,617,46
123000035,215,313,-98
123000036,340,669,-329
123000037,175,353,-178
123000038,100,283,-183
123000039,656,928,-272
123000040,1482,448,1034
123000041,1210,552,658
123000042,871,475,396
123000043,4912,4297,615
123000044,7998,2640,5358
123000045,15218,2023,13195
123000046,1294,784,510
123000047,3517,1193,2324
123000048,136,384,-248
123000049,9943,4618,5325
123000050,920,1179,-259
123000051,105,155,-50
123000052,658,2413,-1755
123000053,2854,2955,-101
123000054,1639,1294,345
123000055,4516,1474,3042
123000056,1335,2307,-972
123000057,21710,5728,15982
123000058,661,708,-47
123000059,442,583,-141
123000060,763,481,282
123000061,176,773,-597
123000063,863,633,230
123000064,857,250,607
123000065,12225,4262,7963
123000066,1578,917,661
123000067,408,805,-397
123000068,4139,4232,-93
123000069,11771,4697,7074
123000070,430,959,-529
123000071,640,1439,-799
123000072,1098,1989,-891
123000073,704,924,-220
123000074,967,2535,-1568
123000075,419,875,-456
123000076,475,1556,-1081
123000077,2192,4627,-2435
123000078,942,1996,-1054
123000079,954,2644,-1690
123000080,2084,3640,-1556
123000081,260,794,-534
123000082,445,1404,-959
123000083,921,144,777
123000084,312,842,-530
123000085,102,205,-103
123000086,209,531,-322
123000087,115,665,-550
123000088,964,1771,-807
123000089,371,1544,-1173
123000090,1190,1609,-419
123000091,1846,1510,336
123000092,1554,1384,170
123000094,447,362,85
123000095,371,670,-299
123000096,368,500,-132
123000097,268,1423,-1155
123000098,473,674,-201
123000099,526,1124,-598
123000100,507,652,-145
123000101,703,556,147
123000102,651,715,-64
123000104,435,357,78
123000105,818,672,146
123000106,671,289,382
123000107,662,643,19
123000108,1271,1384,-113
123000111,509,286,223
123000112,614,730,-116
123000113,577,2385,-1808
123000114,440,438,2
123000115,213,285,-72
123000116,25,170,-145
123000117,1619,2853,-1234
123000118,457,1113,-656
123000119,220,1341,-1121
123000120,431,1292,-861
123000121,392,712,-320
123000122,247,318,-71
123000123,461,657,-196
123000124,816,687,129
123000125,1487,821,666
123000126,2535,1981,554
123000127,1845,987,858
123000128,310,475,-165
123000129,284,250,34
123000130,379,62,317
123000131,621,469,152
123000132,486,654,-168
123000133,593,453,140
123000134,614,191,423
123000135,1380,1293,87
123000136,213,1918,-1705
123000137,101,559,-458
123000138,57,555,-498
123000139,285,130,155
123000140,178,936,-758
123000141,1002,77,925
123000142,1035,1335,-300
123000143,1164,3072,-1908
123000144,44,11,33
123000145,270,194,76
123000146,104,128,-24
123000147,178,148,30
123000149,309,356,-47
123000150,269,214,55
123000151,308,463,-155
123000152,41,416,-375
123000153,162,585,-423
123000154,2810,1629,1181
123000155,3311,910,2401
123000156,65,118,-53
123000157,586,1017,-431
123000158,928,564,364
123000159,3162,1689,1473
123000160,679,504,175
123000161,1260,841,419
123000162,480,1351,-871
123000163,275,66,209
123000164,908,236,672
123000165,299,2591,-2292
123000166,49,204,-155
123000167,87,414,-327
123000168,229,518,-289
123000169,399,117,282
123000170,35,397,-362
123000171,205,81,124
123000172,275,863,-588
123000173,580,168,412
123000174,712,177,535
123000175,1038,1831,-793
123000176,1081,154,927
123000177,433,1401,-968
123000178,630,99,531
123000179,60,994,-934
123000180,1140,303,837
123000181,386,1868,-1482
123000182,190,667,-477
123000183,161,181,-20
123000184,115,1156,-1041
123000185,274,357,-83
123000186,10,873,-863
123000187,416,9,407
123000188,143,1,142
123000189,129,234,-105
123000190,27,76,-49
123000192,22,483,-461
123000193,40,793,-753
123000194,580,331,249
123000195,229,18,211
123000196,232,7,225
123000197,46,153,-107
123000198,17,239,-222
123000199,2,607,-605
123000200,267,9,258
123000201,472,21,451
123000202,24,1739,-1715
123000203,533,30,503
123000204,68,1468,-1400
123000205,384,2616,-2232
123000206,1196,118,1078
123000207,76,1237,-1161
123000208,181,109,72
123000209,1087,274,813
123000210,423,1873,-1450
123000211,651,3757,-3106
123000212,1577,356,1221
123000213,313,64,249
123000215,133,98,35
123000216,239,338,-99
123000217,152,39,113
123000218,140,394,-254
123000219,1341,32,1309
123000220,501,90,411
123000221,164,209,-45
123000222,274,929,-655
123000223,118,928,-810
123000224,308,906,-598
123000225,353,83,270
123000226,182,513,-331
123000227,70,464,-394
123000228,243,71,172
123000229,1482,2298,-816
123000232,69,742,-673
123000233,572,157,415
123000234,147,848,-701
123000235,351,365,-14
123000236,140,1214,-1074
123000237,248,68,180
123000238,61,935,-874
123000239,471,2732,-2261
123000240,46,302,-256
123000241,1346,164,1182
123000242,99,292,-193
123000243,330,1161,-831
123000244,721,516,205
123000245,89,203,-114
123000249,466,767,-301
123000252,799,184,615
123000253,656,448,208
123000254,429,1370,-941
123000255,808,870,-62
123000256,25,319,-294
123000257,4145,2868,1277
123000258,1087,1635,-548
123000259,196,463,-267
123000260,386,805,-419
123000261,112,380,-268
123000262,144,278,-134
123000263,267,91,176
123000264,196,82,114
123000265,88,157,-69
123000266,422,783,-361
123000267,326,317,9
123000268,30,66,-36
123000269,30,58,-28
123000270,27,38,-11
123000271,44,126,-82
123000272,704,232,472
123000273,232,548,-316
123000274,988,427,561
123000275,318,1331,-1013
123000278,3755,2889,866
123000279,43,90,-47
123000280,204,451,-247
123000281,167,91,76
123000282,88,309,-221
123000283,119,36,83
123000284,34,172,-138
123000286,288,275,13
123000287,615,305,310
123000288,907,651,256
123000289,518,811,-293
123000291,441,1108,-667
123000294,167,258,-91
123000295,912,1340,-428
123000296,201,727,-526
123000297,217,1047,-830
123000298,226,1017,-791
123000299,42,459,-417
123000300,538,735,-197
123000301,63,153,-90
123000302,129,283,-154
123000303,54,168,-114
123000305,1149,1003,146
123000306,37,360,-323
123000309,82,65,17
123000310,58,42,16
123000311,2,181,-179
123000312,733,1202,-469
123000313,182,237,-55
123000315,230,464,-234
123000316,1861,45,1816
123000317,191,86,105
123000318,49,344,-295
123000329,10,14,-4
123000337,141,257,-116
123000338,589,122,467
123000339,81,278,-197
123000340,264,595,-331
123000342,8,7,1
123000343,61,0,61
123000344,1305,512,793
123000345,508,669,-161
123000346,163,65,98
123000352,2723,1042,1681
123000353,25,170,-145
123000354,131,8,123
123000355,3,497,-494
123000356,123,8,115
123000357,2,385,-383
123000359,2,321,-319
123000360,146,20,126
123000361,634,399,235
123000362,190,142,48
123000363,86,349,-263
123000364,482,355,127
123000365,34,284,-250
123000366,314,1399,-1085
123000367,277,1549,-1272
123000370,33,399,-366
123000371,440,26,414
123000372,197,15,182
123000373,11,576,-565
123000374,19,251,-232
123000375,268,19,249
123000376,602,562,40
123000377,335,10,325
123000378,13,555,-542
123000379,3,296,-293
123000380,87,248,-161
123000381,161,62,99
123000382,1894,46,1848
123000383,304,844,-540
123000384,579,144,435
123000385,613,762,-149
123000436,52,895,-843
123000507,231,410,-179
123000508,224,384,-160
123000517,364,24,340
123000518,29,313,-284
123000519,108,70,38
123000520,83,308,-225
123000521,317,121,196
123000522,186,753,-567
123000541,3,1,2
123000542,0,37,-37
123000565,4,0,4
123000566,292,1005,-713
123000567,90,347,-257
123000573,66,1227,-1161
123000574,332,65,267
123000575,1010,1553,-543
123000576,728,2415,-1687
123000577,160,621,-461
123000578,1005,169,836
123000579,6735,2659,4076
123000580,31,15,16
123000582,250,46,204
123000583,10,672,-662
123000584,124,229,-105
123000585,0,158,-158
123000586,42,7,35
123000596,137,165,-28
123000597,49,104,-55
123000602,11,2,9
123000603,284,944,-660
123000604,311,1423,-1112
123000605,624,93,531
123000606,1,228,-227
123000609,18,455,-437
123000610,144,104,40
123000613,58,156,-98
123000614,162,45,117
123000615,40,164,-124
123000616,266,71,195
123000617,47,662,-615
123000618,45,891,-846
123000619,540,25,515
123000620,18,861,-843
123000622,311,23,288
123000624,127,35,92
123000630,507,397,110
123000631,170,2296,-2126
123000632,1258,1476,-218
123000633,0,231,-231
123000634,78,45,33
123000635,306,119,187
123000636,10,799,-789
123000637,98,140,-42
123000638,293,110,183
123000639,1493,2022,-529
123000640,36,1303,-1267
123900001,2017,102,1915
123900002,13,1058,-1045
123900003,393,788,-395
123900005,141,99,42
123900006,227,12,215
124000001,1673,100,1573
124000002,109,2242,-2133
124000003,410,151,259
124000004,60,922,-862
124000005,557,184,373
124000006,251,1885,-1634
124000007,643,109,534
124000008,11,542,-531
124000009,162,355,-193
124000010,108,600,-492
124000011,577,352,225
124000012,277,1119,-842
124000017,53,93,-40
124000018,93,180,-87
124000019,51,117,-66
124000020,49,329,-280
124000021,64,58,6
124000022,153,386,-233
124000023,968,1315,-347
124000024,1262,828,434
124000025,1080,1258,-178
124000026,1344,1185,159
124000027,6339,3284,3055
124000028,3714,4201,-487
124000030,4222,1353,2869
124000031,703,928,-225
124000032,5680,1233,4447
124000033,50,97,-47
124000034,2470,692,1778
124000035,37,59,-22
124000036,109,221,-112
124000037,521,406,115
124000038,95,27,68
124000039,1258,263,995
124000040,869,663,206
124000041,285,53,232
124000042,98,450,-352
124000043,215,78,137
124000044,52,318,-266
124000045,433,585,-152
124000046,175,950,-775
124000047,752,809,-57
124000048,472,2486,-2014
124000049,829,742,87
124000050,522,3057,-2535
124000051,367,468,-101
124000052,445,1892,-1447
124000053,519,810,-291
124000054,785,906,-121
124000055,1198,1251,-53
124000056,4785,1791,2994
124000057,672,437,235
124000058,424,1778,-1354
124000059,495,567,-72
124000060,1383,1140,243
124000061,1547,2654,-1107
124000062,6245,1971,4274
124000063,1607,1932,-325
124000064,3221,2338,883
124000065,18,202,-184
124000066,308,100,208
124000067,52,331,-279
124000068,7,12,-5
124000069,44,33,11
124000070,15,190,-175
124000071,154,78,76
124000072,191,860,-669
124000073,559,79,480
124000074,163,1335,-1172
124000075,89,14,75
124000076,13,398,-385
124000077,2061,693,1368
124000078,2998,486,2512
124000079,708,1228,-520
124000080,262,224,38
124000081,220,1245,-1025
124000082,7,119,-112
124000083,32,164,-132
124000084,60,184,-124
124000085,169,32,137
124000086,76,120,-44
124000087,81,56,25
124000088,230,358,-128
124000089,305,388,-83
124000090,38,528,-490
124000091,230,122,108
124000092,67,829,-762
124000093,158,82,76
124000094,257,374,-117
124000095,54,100,-46
124000096,78,387,-309
124000097,53,73,-20
124000098,60,120,-60
124000099,180,100,80
124000100,77,167,-90
124000101,30,123,-93
124000102,88,76,12
124000103,33,130,-97
124000104,105,100,5
124000105,38,77,-39
124000106,137,115,22
124000107,12,65,-53
124000108,51,51,0
124000109,85,64,21
124000110,111,153,-42
124000111,226,174,52
124000112,401,962,-561
124000113,52,81,-29
124000114,179,828,-649
124000115,287,855,-568
124000116,61,86,-25
124000117,62,94,-32
124000118,36,85,-49
124000119,1032,710,322
124000120,479,477,2
124000121,1667,555,1112
124000122,639,1151,-512
124000123,974,418,556
124000124,660,1204,-544
124000125,396,400,-4
124000126,457,699,-242
124000127,699,389,310
124000128,703,1279,-576
124000129,1920,1287,633
124000130,951,734,217
124000131,988,556,432
124000132,973,896,77
124000133,602,821,-219
124000134,944,884,60
124000135,1526,1512,14
124000136,1104,1222,-118
124000137,1331,518,813
124000138,2303,1128,1175
124000139,385,23,362
124000140,36,457,-421
124000141,58,4,54
124000142,1,126,-125
124000143,22,11,11
124000144,10,77,-67
124000145,134,33,101
124000146,24,161,-137
124000148,19,41,-22
124000149,816,275,541
124000150,378,669,-291
124000151,511,250,261
124000152,743,1211,-468
124000153,949,429,520
124000154,1025,964,61
124000155,1173,587,586
124000156,1545,1015,530
124000169,306,370,-64
124000170,773,458,315
124000171,230,298,-68
124000172,449,726,-277
124000173,296,339,-43
124000174,219,985,-766
124000175,15,223,-208
124000176,15,6,9
124000177,36,56,-20
124000178,92,20,72
124000190,170,28,142
124000191,357,71,286
124000192,2524,319,2205
124000193,544,1422,-878
124000194,478,686,-208
124000195,204,464,-260
124000196,977,1498,-521
124000197,59,71,-12
124000198,34,45,-11
124000201,269,1270,-1001
124000202,343,117,226
124000203,88,1255,-1167
124000204,242,624,-382
124000205,56,861,-805
124000206,184,440,-256
124000207,0,54,-54
124000209,180,921,-741
124000210,155,213,-58
124000211,225,3,222
124000212,3,810,-807
124000213,163,441,-278
124000214,192,960,-768
124000215,106,8,98
124000216,2,751,-749
124000329,76,3091,-3015
124000338,52,1617,-1565
124000339,324,104,220
124000341,443,67,376
124000344,39,33,6
124000357,891,1524,-633
124000358,895,998,-103
124000359,930,446,484
124000360,615,394,221
124000361,1357,744,613
124000362,1893,2365,-472
124000363,399,566,-167
124000364,677,1351,-674
124000365,686,1448,-762
124000366,2215,1109,1106
124000367,88,713,-625
124000368,177,135,42
124000369,133,87,46
124000370,96,709,-613
124000402,14,6,8
124000403,33,21,12
124000404,7,135,-128
124000405,1255,748,507
124000406,1172,1013,159
124000407,3,31,-28
124000411,7,550,-543
124000412,161,20,141
124000413,288,52,236
124000414,37,154,-117
124000415,35,248,-213
124000416,96,388,-292
124000417,108,134,-26
124000418,68,178,-110
124000419,69,203,-134
124000420,22,80,-58
124000421,23,377,-354
124000422,16,23,-7
124000423,142,37,105
124000424,2,158,-156
124000425,19,8,11
124000426,3,64,-61
124000427,10,15,-5
124000428,18,31,-13
124000429,18,65,-47
124000430,404,920,-516
124000431,297,975,-678
124000432,146,872,-726
124000439,1,8,-7
124000442,6,244,-238
124000443,0,10,-10
124000445,106,246,-140
124000446,2101,80,2021
124900001,246,248,-2
124900002,119,573,-454
124900003,424,525,-101
124900004,244,391,-147
124900005,247,309,-62
124900006,334,418,-84
124900008,1144,512,632
124900009,166,187,-21
124900010,75,47,28
124900011,207,121,86
124900012,301,72,229
124900013,289,118,171
124900014,133,110,23
124900015,139,223,-84
124900016,16,70,-54
124900017,876,326,550
124900018,4,5,-1
124900020,59,40,19
124900021,156,29,127
124900022,14,5,9
124900024,157,7,150
124900026,185,68,117
124900027,61,194,-133
124900028,890,157,733
124900029,11,346,-335
124900030,6,185,-179
124900031,58,453,-395
124900032,308,161,147
124900033,65,576,-511
124900034,6,167,-161
124900035,139,541,-402
124900036,1,60,-59
124900037,142,400,-258
124900038,404,401,3
124900039,0,29,-29
124900040,31,109,-78
124900041,227,1475,-1248
124900042,32,0,32
124900043,324,1416,-1092
124900044,69,2,67
124900045,696,865,-169
124900046,2056,238,1818
124900047,120,252,-132
124900048,106,174,-68
124900050,160,296,-136
124900052,90,534,-444
124900053,62,548,-486
124900054,3397,346,3051
124900055,2,107,-105
124900057,10,105,-95
124900060,79,227,-148
124900061,16,5,11
124900062,44,13,31
124900066,0,18,-18
124900067,5,185,-180
124900068,197,246,-49
124900070,71,24,47
124900072,51,17,34
124900074,182,415,-233
124900075,68,252,-184
124900076,22,409,-387
124900077,18,140,-122
124900078,89,6,83
124900079,725,61,664
124900080,189,935,-746
124900081,470,220,250
124900082,283,1093,-810
124900083,151,650,-499
124900084,3255,100,3155
124900085,1464,237,1227
124900086,113,666,-553
124900087,717,73,644
124900088,1090,108,982
124900089,1696,27,1669
124900090,142,190,-48
124900091,235,761,-526
124900092,180,560,-380
124900093,155,247,-92
124900094,151,307,-156
124900095,77,370,-293
124900096,694,160,534
124900097,188,59,129
124900098,145,489,-344
124900099,792,413,379
124900100,244,40,204
124900101,24,639,-615
124900102,124,13,111
124900103,77,303,-226
124900104,48,251,-203
124900105,47,208,-161
124900106,267,31,236
124900107,48,13,35
124900108,210,40,170
124900109,35,107,-72
124900110,123,462,-339
124900111,0,69,-69
124900112,90,1016,-926
124900113,128,138,-10
124900114,218,64,154
124900115,49,39,10
124900116,84,130,-46
124900117,605,187,418
124900118,114,122,-8
124900119,265,68,197
124900120,22,497,-475
124900121,85,166,-81
124900122,572,256,316
124900123,415,66,349
124900124,158,233,-75
129000186,112,41,71
204000001,16,0,16
204000002,24,5,19
204000003,102,4,98
204000004,11,1,10
204000005,384,322,62
204000006,825,902,-77
204000011,9,56,-47
204000012,48,128,-80
204000013,0,41,-41
204000019,512,645,-133
204000020,379,748,-369
204000021,1528,788,740
204000022,356,581,-225
204000023,356,1555,-1199
204000031,97,25,72
204000032,589,57,532
204000034,6,385,-379
204000035,1,5,-4
204000036,4,15,-11
204000037,1,11,-10
204000038,3,9,-6
204000039,8,78,-70
204000040,7,45,-38
204000041,7,74,-67
204000042,29,17,12
204000043,23,9,14
204000044,32,1,31
204000045,22,20,2
204000046,30,11,19
204000057,12,72,-60
204000062,3,28,-25
204000068,23,153,-130
204000069,22,195,-173
204000070,33,175,-142
204000080,15,74,-59
204000085,1305,1849,-544
204000086,3011,2437,574
204000087,46,12,34
204000088,6,79,-73
204000090,14,520,-506
204000093,172,63,109
204000096,469,590,-121
204000097,207,25,182
204000099,875,1202,-327
204000100,763,1111,-348
204000105,2176,1641,535
204000110,570,1534,-964
204000111,309,939,-630
204000112,718,1016,-298
204000113,634,1044,-410
204000114,805,353,452
204000115,312,325,-13
204000116,430,422,8
204000119,1795,1506,289
204000132,346,181,165
204000133,459,319,140
204000134,116,139,-23
204000135,209,94,115
204000136,216,230,-14
204000138,170,173,-3
204000140,137,75,62
204000141,87,45,42
204000144,2,23,-21
204000145,633,46,587
204000146,34,517,-483
204000147,17,187,-170
204000148,479,18,461
204000154,3,3,0
204000155,1,8,-7
204000177,248,78,170
204000179,13,4,9
204000180,0,56,-56
204000222,3,34,-31
204000235,8,16,-8
204000236,96,336,-240
204000238,40,24,16
204000240,425,93,332
204000263,400,1194,-794
204000268,1084,400,684
204000308,189,15,174
204000317,17,111,-94
204000322,7,46,-39
204000323,21,6,15
204000328,205,64,141
204000329,66,113,-47
204000330,214,32,182
204000331,19,182,-163
204010341,4,270,-266
205000001,1381,1539,-158
205000013,8,118,-110
205000014,23,114,-91
205000015,31,285,-254
205000016,28,234,-206
205000017,36,132,-96
205000022,316,630,-314
205000025,1497,1007,490
205000029,202,2,200
205000045,49,211,-162
205000046,68,597,-529
205000047,74,563,-489
205000048,182,1103,-921
205000049,152,794,-642
205000050,1114,307,807
205000059,0,310,-310
205000060,0,66,-66
205000061,0,28,-28
205000062,3,47,-44
205000063,8,77,-69
205000064,19,136,-117
205000065,62,904,-842
205000066,86,831,-745
205000067,55,1226,-1171
205000069,189,30,159
205000082,178,193,-15
205000110,79,236,-157
205000111,183,267,-84
205000112,80,157,-77
205000113,221,253,-32
205000121,159,46,113
205000123,64,222,-158
205000126,354,103,251
205000127,484,140,344
205000128,516,65,451
205000129,348,83,265
205000130,197,15,182
205000131,202,2,200
205000132,313,5,308
205000133,109,0,109
205000134,110,1,109
205000137,174,166,8
205000138,280,361,-81
205000139,45,107,-62
205000144,50,65,-15
205000145,554,116,438
205000151,124,22,102
205000152,95,18,77
205000153,131,20,111
205000154,52,56,-4
205000155,57,14,43
205000207,9,125,-116
205000233,65,62,3
205000234,0,1,-1
205000243,0,0,0
205000244,0,4,-4
205000245,10,420,-410
205000249,1,40,-39
205000250,0,0,0
205000264,6,124,-118
206000027,5,1,4
206000028,5,0,5
206000043,15,193,-178
206000053,6,18,-12
206000054,5,26,-21
206000055,0,48,-48
206000075,9,5,4
206000076,22,7,15
206000077,25,3,22
206000078,9,2,7
206000079,13,1,12
206000082,464,23,441
206000100,87,1018,-931
206000103,7,17,-10
206000104,23,17,6
206000105,19,31,-12
206000106,11,39,-28
206000108,633,32,601
206000125,39,0,39
206000157,107,921,-814
206000170,1,292,-291
206000171,1,293,-292
206000172,12,1218,-1206
206000173,4,451,-447
206000174,9,232,-223
206000175,2,274,-272
206000176,15,522,-507
206000177,4,288,-284
206000178,1,270,-269
206000179,5,158,-153
206000180,22,374,-352
206000181,12,503,-491
206000182,26,456,-430
206000183,31,1530,-1499
206000184,6,596,-590
206000185,11,507,-496
206000186,128,2017,-1889
206000223,3,342,-339
206000226,12,5,7
206000227,28,2,26
206000237,15,492,-477
206000238,47,820,-773
206000239,614,2829,-2215
206000240,2,53,-51
206000241,2,173,-171
206000242,5,632,-627
206000243,11,574,-563
206000244,82,1272,-1190
206000245,287,62,225
206000246,55,8,47
206000247,94,2,92
206000248,218,14,204
206000252,62,26,36
206000258,18,47,-29
206000315,38,4,34
206000317,240,105,135
206000318,117,46,71
206000319,438,62,376
206000320,37,34,3
206000321,71,19,52
206000322,176,9,167
206000323,89,6,83
206000324,85,5,80
206000325,125,17,108
206000326,119,8,111
206000327,116,7,109
206000328,62,4,58
206000329,96,14,82
206000330,27,7,20
206000331,72,3,69
206000332,23,1,22
206000333,202,7,195
206000334,133,1,132
206000335,0,31,-31
206000361,13,272,-259
206000392,4,65,-61
206000405,123,1,122
206000441,21,12,9
206000498,24,1,23
206000515,166,22,144
206000530,61,59,2
206000531,169,67,102
206000532,2617,73,2544
206000535,372,2445,-2073
206000536,31,304,-273
206000537,7,221,-214
206000613,1355,155,1200
207000001,139,415,-276
207000002,38,336,-298
207000003,121,216,-95
207000007,545,221,324
207000008,42,7,35
207000009,72,32,40
207000010,508,656,-148
207000012,221,222,-1
207000015,377,2000,-1623
207000019,180,95,85
207000021,547,172,375
207000022,66,104,-38
207000023,130,77,53
207000024,4,14,-10
207000025,17,49,-32
207000026,96,58,38
207000027,18,84,-66
207000028,62,261,-199
207000029,257,415,-158
207000033,195,219,-24
207000034,227,67,160
207000039,223,107,116
207000040,158,156,2
207000041,38,66,-28
207000042,192,71,121
207000043,199,190,9
207000051,113,552,-439
207000052,7,250,-243
207000053,415,715,-300
207000054,45,174,-129
207000055,53,246,-193
207000056,264,496,-232
207000057,120,310,-190
207000058,55,494,-439
207000059,47,992,-945
207000060,32,259,-227
207000061,102,154,-52
207000062,139,44,95
207000063,126,145,-19
207000064,259,183,76
207000065,307,223,84
207000066,101,179,-78
207000067,47,114,-67
207000068,100,55,45
207000069,555,420,135
207000082,42,429,-387
207000083,63,504,-441
207000084,123,208,-85
207000085,133,7,126
207000086,80,10,70
207000106,19,48,-29
207000107,38,18,20
207000108,27,10,17
207000109,20,14,6
207000110,46,46,0
207000111,51,48,3
207000112,159,234,-75
207000114,15,48,-33
207000115,14,87,-73
207000116,23,273,-250
207000117,7,112,-105
207000118,5,76,-71
207000119,14,132,-118
207000123,161,21,140
207000124,77,18,59
207000125,44,28,16
207000126,85,32,53
207000134,28,279,-251
207000135,10,334,-324
207000148,45,138,-93
207000149,69,42,27
207000152,163,372,-209
207000153,1477,915,562
207000154,383,122,261
207000159,60,339,-279
207000160,77,809,-732
207000238,0,68,-68
207000242,5,196,-191
207000248,28,19,9
207000249,140,78,62
207000250,923,71,852
207000251,85,70,15
207000252,55,82,-27
207000278,57,87,-30
207000279,19,300,-281
207000280,171,62,109
207000281,53,1508,-1455
207000282,173,57,116
207000283,146,260,-114
207000284,62,78,-16
207000285,188,41,147
207000291,8,157,-149
207000304,127,52,75
207000306,59,430,-371
207000310,31,80,-49
207000353,172,6,166
207000356,5,22,-17
207000357,52,3,49
207000358,107,8,99
207000415,1,216,-215
207000417,26,3,23
207000418,67,142,-75
207000438,0,1,-1
207000439,1308,283,1025
207000446,152,20,132
207000460,8,12,-4
207000466,201,237,-36
207000467,82,105,-23
207000468,39,607,-568
207000476,1,129,-128
207000477,209,162,47
207000478,16,20,-4
207000523,0,21,-21
207000524,14,1,13
207000527,75,172,-97
207000530,165,9,156
207000531,134,10,124
207000532,82,18,64
207000534,803,51,752
207000535,42,211,-169
207000537,46,173,-127
207000540,10,250,-240
207000541,5,376,-371
207000548,6,443,-437
207000549,113,17,96
207000561,79,107,-28
207000562,36,235,-199
207000567,142,270,-128
207000568,63,144,-81
207000569,174,1549,-1375
207000584,582,154,428
207000585,95,176,-81
207000616,0,247,-247
207000617,109,25,84
207900008,85,309,-224
208000001,353,669,-316
208000002,421,502,-81
208000003,728,462,266
208000004,868,716,152
208000005,13,34,-21
208000019,616,1040,-424
208000020,152,477,-325
208000021,131,646,-515
208000022,657,879,-222
208000028,1376,976,400
208000033,426,727,-301
208000034,1103,1772,-669
208000040,179,204,-25
208000041,1733,554,1179
208000042,1146,632,514
208000047,94,422,-328
208000064,3196,1497,1699
208000066,1572,1193,379
208000070,218,505,-287
208000071,303,1006,-703
208000072,367,1443,-1076
208000080,150,358,-208
208000081,168,203,-35
208000082,247,428,-181
208000083,130,548,-418
208000084,18,17,1
208000085,856,608,248
208000086,403,898,-495
208000087,440,811,-371
208000089,661,692,-31
208000090,453,1203,-750
208000093,144,146,-2
208000094,287,647,-360
208000095,506,428,78
208000104,860,1067,-207
208000105,606,1291,-685
208000114,60,288,-228
208000115,485,515,-30
208000116,215,1129,-914
208000117,86,145,-59
208000118,58,96,-38
208000155,568,1042,-474
208000158,1824,2591,-767
208000186,3810,2203,1607
208000204,354,949,-595
208000205,839,1413,-574
208000282,3862,1282,2580
209000004,123,201,-78
209000005,19,22,-3
209000006,477,108,369
209000007,255,273,-18
209000010,533,169,364
209000011,127,265,-138
209000012,160,239,-79
209000013,184,748,-564
209000014,790,2165,-1375
209000025,155,30,125
209000026,481,92,389
209000027,283,1246,-963
209000028,402,1324,-922
209000029,818,1065,-247
209000030,528,2134,-1606
209000031,5009,3482,1527
209000034,133,136,-3
209000035,81,113,-32
209000036,108,90,18
209000037,135,188,-53
209000038,71,135,-64
209000039,42,124,-82
209000040,353,520,-167
209000041,158,424,-266
209000042,207,358,-151
209000043,787,641,146
209000044,207,521,-314
209000045,1059,579,480
209000046,262,592,-330
209000047,283,232,51
209000048,392,302,90
209000049,105,173,-68
209000050,200,259,-59
209000051,259,415,-156
209000052,156,462,-306
209000062,36,236,-200
209000063,17,160,-143
209000064,19,172,-153
209000065,19,55,-36
209000066,35,34,1
209000067,32,55,-23
209000080,20,201,-181
209000082,62,48,14
209000091,49,137,-88
209000093,139,45,94
209000094,321,209,112
209000110,43,59,-16
209000111,483,998,-515
209000112,580,469,111
209000113,1280,410,870
209000114,317,315,2
209000115,69,244,-175
209000116,901,726,175
209000118,18,48,-30
209000119,31,6,25
209000121,159,897,-738
209000135,68,76,-8
209000142,874,882,-8
209000143,84,108,-24
209000144,35,116,-81
209000229,208,224,-16
209000240,31,568,-537
209000259,172,128,44
209000260,93,1184,-1091
209000261,10,732,-722
209000262,1,686,-685
209000263,0,139,-139
209000264,0,73,-73
209000265,857,4,853
209000266,100,1,99
209000267,729,23,706
209000268,1135,65,1070
210000037,41,33,8
210000047,29,25,4
210000048,41,27,14
210000049,77,21,56
210000052,41,183,-142
210000053,10,79,-69
210000054,45,62,-17
210000070,50,2,48
210000071,27,0,27
210000072,11,0,11
210000073,0,35,-35
210000074,0,155,-155
210000075,2,70,-68
210000076,11,155,-144
210000077,71,36,35
210000078,50,26,24
210000079,51,19,32
210000080,118,64,54
210000081,112,25,87
210000082,46,0,46
210000083,65,1,64
210000084,27,0,27
210000085,0,121,-121
210000086,4,168,-164
210000099,42,311,-269
210000100,39,317,-278
210000101,57,286,-229
210000105,33,164,-131
210000159,0,146,-146
210000163,174,245,-71
210000164,392,123,269
210000168,194,32,162
210000187,0,7,-7
210000188,0,26,-26
210000214,117,0,117
210000219,30,38,-8
210000220,48,127,-79
210000232,1,17,-16
210000233,36,47,-11
210000234,33,212,-179
210000235,45,172,-127
210000245,0,36,-36
210000246,55,1,54
210000258,20,127,-107
210000259,296,24,272
210000282,62,235,-173
210000285,2,110,-108
210000286,18,256,-238
210000290,2,4,-2
210000295,39,160,-121
210000296,44,55,-11
210000320,140,200,-60
210000321,64,111,-47
210000338,37,95,-58
210000339,731,897,-166
210000340,152,273,-121
210000341,162,249,-87
210000342,174,183,-9
210000343,183,209,-26
210000344,261,107,154
210000345,182,136,46
210000346,64,78,-14
210000347,155,26,129
210000348,76,22,54
210000349,126,37,89
210000350,69,65,4
210000351,66,133,-67
210000352,32,90,-58
210000353,22,98,-76
210000354,27,101,-74
210000355,46,80,-34
210000356,42,78,-36
210000357,60,43,17
210000358,363,102,261
210000359,128,37,91
210000360,178,104,74
210000361,140,205,-65
210000362,221,173,48
210000363,975,151,824
210000364,96,127,-31
210000365,86,68,18
210000366,92,59,33
210000367,61,20,41
210000368,125,21,104
210000369,10,35,-25
210000370,49,81,-32
210000372,38,27,11
210000373,61,12,49
210000374,64,37,27
210000375,16,71,-55
210000376,43,150,-107
210000404,156,188,-32
210000439,39,77,-38
210000472,113,2,111
210000482,72,48,24
210000564,712,183,529
210000567,1,10,-9
210000568,592,11,581
211000092,17,80,-63
211000094,95,7,88
211000169,154,7,147
211000172,10,288,-278
211000209,3,29,-26
211000226,10,15,-5
211000270,6,5,1
211000275,7,25,-18
211000276,46,42,4
211000279,10,67,-57
211000281,50,69,-19
211507980,1,27,-26
211977296,9,0,9
212000003,114,48,66
212000004,97,21,76
212000005,10,29,-19
212000006,29,94,-65
212000008,101,206,-105
212000009,12,156,-144
212000012,66,81,-15
212000013,16,59,-43
212000014,234,208,26
212000015,157,261,-104
212000016,525,567,-42
212000027,410,561,-151
212000028,190,427,-237
212000029,132,285,-153
212000030,12,31,-19
212000031,26,70,-44
212000048,28,98,-70
212000049,12,74,-62
212000050,21,8,13
212000051,133,255,-122
212000052,122,461,-339
212000053,267,663,-396
212000054,102,164,-62
212000055,174,278,-104
212000056,15,50,-35
212000057,8,36,-28
212000058,334,52,282
212000070,83,370,-287
212000077,64,798,-734
212000099,175,243,-68
212000108,167,187,-20
212000111,81,162,-81
212000120,109,114,-5
212000138,87,26,61
212000156,4,152,-148
212000158,2,14,-12
212000159,156,62,94
212000160,333,217,116
212000161,34,8,26
212000310,34,22,12
212000311,8,92,-84
212000374,18,11,7
213000001,21,819,-798
213000005,343,100,243
213000006,1371,103,1268
213000007,75,6,69
213000009,586,190,396
213000010,192,148,44
213000011,254,110,144
213000012,144,626,-482
213000014,32,3,29
213000015,155,4,151
213000016,200,2,198
213000017,17,0,17
213000018,2,299,-297
213000019,3,189,-186
213000020,83,404,-321
213000021,9,120,-111
213000023,266,197,69
213000033,191,757,-566
213000034,472,301,171
213000035,120,134,-14
213000045,103,284,-181
213000046,112,249,-137
213000047,432,792,-360
213000056,41,36,5
213000069,32,2,30
213000073,3,25,-22
213000074,294,691,-397
213000075,591,16,575
213000076,31,0,31
213000085,4,49,-45
213000086,9,291,-282
213000091,73,3,70
213000092,76,17,59
213000099,126,944,-818
213000100,1477,216,1261
213000101,141,171,-30
213000102,205,461,-256
213000103,669,904,-235
213000104,47,665,-618
213000105,1,77,-76
213000106,15,231,-216
213000107,93,833,-740
213000108,10,659,-649
213000109,2,270,-268
213000110,5,68,-63
213000111,8,47,-39
213000112,196,123,73
213000115,41,14,27
213000116,140,887,-747
213000117,5,1061,-1056
213000118,312,341,-29
213000119,47,1031,-984
213000120,74,1011,-937
213000122,199,1338,-1139
213000123,962,2656,-1694
213000124,103,2459,-2356
213000125,155,12,143
213000126,124,96,28
213000127,200,147,53
213000128,891,625,266
213000129,636,414,222
213000130,397,198,199
213000132,122,109,13
213000133,211,85,126
213000134,584,32,552
213000136,300,23,277
213000137,469,78,391
213000139,373,4,369
213000147,37,2,35
213000148,14,10,4
213000149,39,3,36
213000150,1,75,-74
213000151,0,77,-77
213000152,2,81,-79
213000153,0,50,-50
213000154,22,213,-191
213000155,26,424,-398
213000156,72,656,-584
213000157,543,712,-169
213000158,284,873,-589
213000159,442,627,-185
213000163,386,155,231
213000165,1115,140,975
213000171,1,178,-177
213000172,9,462,-453
213000173,1,482,-481
213000174,3,354,-351
213000175,9,250,-241
213000176,24,25,-1
213000177,27,4,23
213000178,50,5,45
213000179,118,2,116
213000180,70,0,70
213000184,67,524,-457
213000188,451,87,364
213000189,221,43,178
213000190,815,1009,-194
213000191,160,808,-648
213000192,122,938,-816
213000193,1279,206,1073
213000194,0,39,-39
213000195,15,485,-470
213000196,133,999,-866
213000197,230,262,-32
213000198,29,1,28
213000200,94,1196,-1102
213000201,114,41,73
213000202,21,823,-802
213000203,2837,327,2510
213000204,365,29,336
213000205,180,59,121
213000206,193,38,155
213000207,36,5,31
213000208,96,2,94
213000209,75,2,73
213000210,210,1,209
213000211,2,5,-3
213000212,12,19,-7
213000213,7,41,-34
213000218,174,1249,-1075
213000219,458,19,439
213000220,438,20,418
213000223,231,111,120
213000224,70,27,43
213000225,25,6,19
213000226,44,6,38
213000227,509,154,355
213000228,108,51,57
213000229,848,21,827
213000230,171,11,160
213000232,55,340,-285
213000233,4,21,-17
213000234,1,44,-43
213000293,13,52,-39
213000294,72,7,65
213000295,13,54,-41
213000296,104,20,84
213000297,11,100,-89
213000298,20,90,-70
213000299,57,52,5
213000300,16,6,10
213000303,3,40,-37
213000304,1,8,-7
213000305,3,7,-4
213000306,60,37,23
213000307,323,112,211
213000308,72,347,-275
213000309,98,49,49
213000310,804,140,664
213000311,347,672,-325
213000315,50,178,-128
213000316,81,88,-7
213000322,64,175,-111
213000323,68,77,-9
213000324,21,119,-98
213000325,23,156,-133
213000326,22,65,-43
213000327,18,113,-95
213000328,11,119,-108
213000329,46,74,-28
213000340,119,1172,-1053
213000341,202,89,113
213000346,213,91,122
213000347,1214,142,1072
213000348,47,223,-176
213000349,128,37,91
213000350,212,1717,-1505
213000366,29,360,-331
213000367,107,38,69
213000379,227,378,-151
213000386,5,203,-198
213000406,107,367,-260
213000417,887,461,426
213000425,76,72,4
213000426,57,103,-46
213000427,27,493,-466
213000428,28,315,-287
213000429,51,2,49
213000430,86,1491,-1405
213000431,112,1,111
213000432,0,14,-14
213000433,14,179,-165
213000434,58,113,-55
213000435,84,124,-40
213000436,12,108,-96
213000437,2,50,-48
213000438,117,121,-4
213000439,47,9,38
213000440,4,278,-274
213000441,4,0,4
213000442,6,64,-58
213000443,536,404,132
213000444,24,108,-84
213000445,0,111,-111
213000446,0,11,-11
213000447,0,106,-106
213000448,4,64,-60
213000449,148,6,142
213000450,16,32,-16
213000451,115,91,24
213000452,9,24,-15
213000453,36,397,-361
213000455,864,90,774
213000456,1,408,-407
213000481,8,3,5
213000484,63,1,62
213000489,596,36,560
213000491,1,77,-76
213000492,243,36,207
213000493,0,69,-69
213000494,108,234,-126
213000495,0,201,-201
213000496,188,298,-110
213000497,14,590,-576
213000498,61,405,-344
213000499,142,938,-796
213000500,189,166,23
213000501,46,35,11
213000502,133,52,81
213000503,0,95,-95
213000504,14,333,-319
213000505,7,2,5
213000506,0,9,-9
213000507,5,216,-211
213900016,0,11,-11
213900244,13,0,13
213900245,0,41,-41
218000003,55,23,32
218000004,36,12,24
218000005,30,43,-13
218000006,75,31,44
218000007,5,9,-4
218000012,330,163,167
218000013,58,154,-96
218000014,480,425,55
218000019,950,523,427
218000020,291,423,-132
218000021,50,145,-95
218000022,14,63,-49
218000023,1,46,-45
218000024,5,27,-22
218000025,20,44,-24
218000026,8,80,-72
218000027,0,25,-25
218000028,2,7,-5
218000029,1,3,-2
218000030,31,35,-4
218000031,3,66,-63
218000032,4,51,-47
218000040,2,5,-3
218000046,25,185,-160
218000047,6,234,-228
218000048,76,281,-205
218000049,158,203,-45
218000050,398,440,-42
218000051,67,496,-429
218000052,3,145,-142
218000053,21,17,4
218000054,74,51,23
218000055,12,20,-8
218000056,12,58,-46
218000057,0,51,-51
218000064,3,6,-3
218000065,31,64,-33
218000066,15,87,-72
218000067,28,92,-64
218000068,103,98,5
218000069,93,246,-153
218000070,79,330,-251
218000071,139,327,-188
218000072,436,326,110
218000078,441,1405,-964
218000079,38,81,-43
218000080,57,77,-20
218000081,224,393,-169
218000082,21,145,-124
218000083,17,46,-29
218000084,51,235,-184
218000085,128,648,-520
218000086,52,307,-255
218000087,172,320,-148
218000090,12,83,-71
218000091,708,444,264
218000092,36,173,-137
218000093,52,122,-70
218000094,503,930,-427
218000099,345,521,-176
218000100,226,315,-89
218000101,102,241,-139
218000102,160,454,-294
218000103,75,219,-144
218000104,32,89,-57
218000105,17,7,10
218000106,11,9,2
218000107,30,138,-108
218000108,32,79,-47
218000112,57,12,45
218000117,39,87,-48
218000134,614,990,-376
218000135,23,104,-81
218000136,235,57,178
218000137,134,182,-48
218000138,19,117,-98
218000139,111,446,-335
218000140,141,168,-27
218000141,32,101,-69
218000142,126,225,-99
218000143,80,196,-116
218000144,18,79,-61
218000145,173,510,-337
218000146,41,164,-123
218000151,21,25,-4
218000152,61,66,-5
218000153,3,2,1
218000154,6,3,3
218000155,5,3,2
218000156,33,12,21
218000157,12,16,-4
218000158,0,12,-12
218000159,1,5,-4
218000160,1,4,-3
218000161,8,2,6
218000162,15,12,3
218000163,4,2,2
218000164,14,16,-2
218000165,31,34,-3
218000170,0,52,-52
218000171,37,15,22
218000172,15,26,-11
218000173,102,42,60
218000174,7,4,3
218000176,86,23,63
218000177,290,158,132
218000178,67,136,-69
218000179,53,56,-3
218000180,51,14,37
218000181,100,50,50
218000187,5,9,-4
218000188,21,61,-40
218000189,15,81,-66
218000190,4,25,-21
218000191,57,90,-33
218000192,88,632,-544
218000193,291,638,-347
218000194,50,670,-620
218000195,88,98,-10
218000196,223,321,-98
218000197,148,529,-381
218000198,2,133,-131
218000199,48,19,29
218000200,87,51,36
218000201,8,11,-3
218000202,130,159,-29
218000207,5,59,-54
218000208,24,75,-51
218000211,47,6,41
218000212,5,5,0
218000213,119,69,50
218000214,3,20,-17
218000215,58,176,-118
218000217,2,139,-137
218000218,338,102,236
218000219,38,27,11
218000220,106,317,-211
218000221,637,164,473
218000222,54,37,17
218000223,33,150,-117
218000224,4,79,-75
218000225,175,31,144
218000226,50,70,-20
218000230,0,4,-4
218000232,41,82,-41
218000239,91,5,86
218000240,20,3,17
218000241,12,0,12
218000242,57,0,57
218000243,144,1,143
218000244,16,5,11
218000245,1,2,-1
218000246,0,2,-2
218000247,0,0,0
218000248,0,51,-51
218000249,0,3,-3
218000250,1,13,-12
218000251,4,23,-19
218000252,12,25,-13
218000253,15,14,1
218000254,0,21,-21
218000255,3,13,-10
218000256,2,39,-37
218000267,859,1382,-523
218000268,10,65,-55
218000269,7,25,-18
218000270,23,43,-20
218000271,42,50,-8
218000273,5,6,-1
218000274,18,7,11
218000275,7,31,-24
218000276,4,63,-59
218000278,2,30,-28
218000279,17,31,-14
218000280,34,24,10
218000281,49,13,36
218000282,348,176,172
218000284,107,15,92
218000301,57,123,-66
218000302,80,51,29
218000303,117,42,75
218000316,630,1284,-654
218000317,536,1382,-846
218000318,274,1144,-870
218000319,625,1768,-1143
218000320,568,743,-175
218000338,55,21,34
218000345,118,57,61
218000346,43,146,-103
218000459,87,416,-329
218000490,70,76,-6
218000501,43,33,10
218000502,47,121,-74
218000503,51,7,44
218000504,115,16,99
218000505,36,193,-157
218000506,22,171,-149
218000508,85,1,84
218000510,170,7,163
218000520,91,120,-29
218000521,4,104,-100
218000522,2,170,-168
218000523,69,4,65
218000524,88,219,-131
218000525,167,12,155
218000526,76,106,-30
218000529,13,323,-310
218000530,6,6,0
218000531,2,26,-24
218000532,11,20,-9
218000534,43,11,32
218000537,7,57,-50
218000538,94,179,-85
218000540,258,72,186
218000543,80,71,9
218000544,39,131,-92
218000545,17,79,-62
218000546,44,162,-118
218000547,55,121,-66
218000548,80,261,-181
218000549,279,133,146
218000550,212,631,-419
218000551,281,333,-52
218000552,737,21,716
218000553,74,85,-11
218000554,18,28,-10
218000555,5,57,-52
218000556,91,526,-435
218000557,181,125,56
218000558,65,1,64
218000559,0,22,-22
218000560,0,16,-16
218000561,10,0,10
218000562,19,206,-187
218000563,90,33,57
218000564,4,124,-120
218000565,446,33,413
218000566,1155,46,1109
218000567,13,56,-43
218000568,8,2,6
218000569,2,155,-153
218000570,236,7,229
218000571,0,84,-84
218000572,96,0,96
218000573,49,99,-50
218000574,294,96,198
218000575,107,0,107
218000576,1,47,-46
218000577,32,1,31
218000578,0,106,-106
218000579,28,5,23
218000581,6,115,-109
218000582,23,0,23
218000583,17,0,17
218000584,1,30,-29
218000585,13,5,8
218000586,4,36,-32
218000587,1,4,-3
218000588,1,7,-6
218000589,0,1,-1
218000590,1,0,1
218000591,0,2,-2
218000592,0,2,-2
218000593,0,0,0
218000594,0,0,0
218000595,0,0,0
218000596,0,0,0
218000597,0,0,0
218000598,0,2,-2
218000599,0,0,0
218000600,0,1,-1
218000601,0,0,0
218000602,0,3,-3
218000603,0,5,-5
218000604,12,0,12
218000605,0,25,-25
218000606,30,1,29
218000607,18,31,-13
218000608,46,10,36
218000609,1,38,-37
218000610,23,1,22
218000611,18,2,16
218000612,3,32,-29
218000613,21,3,18
218000614,0,69,-69
218000615,28,1,27
218000616,4,176,-172
218000617,4,0,4
218000618,0,22,-22
218000619,19,32,-13
218000620,2,34,-32
218000621,0,8,-8
218000622,1,4,-3
218000623,5,0,5
218000624,1,22,-21
218000625,8,2,6
218000626,2,10,-8
218000628,91,27,64
218000631,18,9,9
218000632,1,64,-63
218000633,59,0,59
218000634,7,12,-5
218000635,0,6,-6
218000636,642,1862,-1220
218000637,692,780,-88
218000638,73,49,24
218000639,28,371,-343
218000640,101,35,66
218000641,34,505,-471
218000652,148,169,-21
218000653,157,75,82
218000663,3,113,-110
218000675,73,47,26
218000676,1,46,-45
218000677,4,19,-15
218000680,108,653,-545
218000681,220,85,135
218000691,77,540,-463
218000693,52,119,-67
218000703,7,78,-71
218000718,1553,384,1169
218000719,1929,62,1867
218000720,5,64,-59
218000721,52,14,38
218000725,5,12,-7
218001214,14,17,-3
218001329,64,93,-29
218001330,178,88,90
218001351,14,10,4
218001352,5,13,-8
218001353,36,3,33
218001354,3,9,-6
218001355,31,7,24
218001357,6,1,5
219000001,32,66,-34
219000002,29,108,-79
219000003,43,29,14
219000004,61,36,25
219000017,115,20,95
219000020,80,14,66
219000022,81,0,81
219000023,67,0,67
219000029,0,85,-85
219000034,12,16,-4
219000039,20,88,-68
219000040,53,33,20
219000041,83,49,34
219000051,0,95,-95
219000052,1,59,-58
219000053,2,277,-275
219000054,45,156,-111
219000055,45,1,44
219000056,3,0,3
219000057,36,0,36
219000062,10,255,-245
219000063,44,12,32
219000064,1,30,-29
219000110,213,50,163
219000111,91,26,65
219000112,171,43,128
219000113,98,33,65
219000114,310,41,269
219000116,64,26,38
219000117,137,81,56
219000118,79,43,36
219000123,236,92,144
219000124,60,73,-13
219000125,5,15,-10
219000126,43,123,-80
219000127,2,4,-2
219000128,32,109,-77
219000129,33,147,-114
219000130,1298,754,544
219000131,964,809,155
219000133,46,19,27
219000134,6,31,-25
219000135,35,61,-26
219000136,88,155,-67
219000138,80,17,63
219000139,15,69,-54
219000140,24,0,24
219000141,6,117,-111
219000142,10,116,-106
219000143,10,111,-101
219000145,15,49,-34
219000146,10,84,-74
219000147,0,55,-55
219000148,2,65,-63
219000149,24,218,-194
219000150,3,152,-149
219000151,3,133,-130
219000157,152,161,-9
219000158,77,277,-200
219000161,125,13,112
219000163,1826,427,1399
219000166,58,179,-121
219000167,85,279,-194
219000168,316,39,277
219000174,148,88,60
219000175,43,1,42
219000176,43,6,37
219000177,6,3,3
219000178,16,0,16
219000179,17,2,15
219000180,35,29,6
219000182,74,6,68
219000183,20,45,-25
219000184,20,7,13
219000185,3,113,-110
219000186,29,76,-47
219000187,13,201,-188
219000189,139,99,40
219000190,181,213,-32
219000191,2068,800,1268
219000192,147,105,42
219000193,510,155,355
219000195,3,71,-68
219000196,4,123,-119
219000198,33,164,-131
219000199,102,223,-121
219000200,43,218,-175
219000201,105,251,-146
219000203,22,146,-124
219000204,98,209,-111
219000205,39,282,-243
219000207,175,276,-101
219000209,15,121,-106
219000210,51,177,-126
219000213,5,316,-311
219000239,169,236,-67
219000240,201,427,-226
219000241,151,213,-62
219000242,66,248,-182
219000243,36,295,-259
219000244,21,89,-68
219000245,37,36,1
219000246,26,12,14
219000247,49,30,19
219000248,378,210,168
219000249,85,44,41
219000250,199,93,106
219000251,460,149,311
219000252,133,119,14
219000253,201,33,168
219000255,42,67,-25
219000256,77,53,24
219000257,66,0,66
219000262,52,339,-287
219000263,45,297,-252
219000267,1,136,-135
219000268,3,7,-4
219000269,9,3,6
219000270,1,0,1
219000271,46,2,44
219000278,1,25,-24
219000279,11,3,8
219000283,0,15,-15
219000295,9,97,-88
219000296,63,690,-627
219000297,22,178,-156
219000298,10,283,-273
219000299,366,51,315
219000300,26,391,-365
219000301,187,359,-172
219000302,11,234,-223
219000307,21,85,-64
219000308,39,36,3
219000311,85,24,61
219000312,272,30,242
219000313,163,12,151
219000314,96,714,-618
219000315,105,16,89
219000316,217,25,192
219000317,62,17,45
219000320,1,37,-36
219000321,0,20,-20
219000323,10,84,-74
219000325,0,39,-39
219000326,82,168,-86
219000327,55,49,6
219000328,22,58,-36
219000329,257,87,170
219000330,69,26,43
219000331,27,34,-7
219000332,67,59,8
219000333,5,1,4
219000335,42,4,38
219000337,5,0,5
219000338,50,1,49
219000344,33,78,-45
219000345,81,166,-85
219000346,32,214,-182
219000348,85,217,-132
219000349,23,328,-305
219000350,46,115,-69
219000351,4,7,-3
219000352,264,52,212
219000353,56,36,20
219000354,82,144,-62
219000355,62,31,31
219000356,2245,396,1849
219000363,238,19,219
219000364,66,9,57
219000365,87,11,76
219000366,268,94,174
219000368,360,380,-20
219000370,1117,194,923
219000371,7,26,-19
219000382,7,17,-10
219000383,864,677,187
219000385,739,458,281
219000386,1255,1446,-191
219000387,7,4,3
219000390,2,1,1
219000391,1,0,1
219000397,99,121,-22
219000398,88,47,41
219000401,4,93,-89
219000402,17,94,-77
219000403,58,153,-95
219000404,16,92,-76
219000407,2,30,-28
219000409,41,43,-2
219000410,42,23,19
219000411,39,13,26
219000446,260,411,-151
219000447,2,17,-15
219000448,9,10,-1
219000452,79,64,15
219000453,60,63,-3
219000454,271,182,89
219000556,93,68,25
219000558,114,301,-187
219000590,22,235,-213
219000591,36,54,-18
219000592,102,439,-337
219000595,1,28,-27
219000635,44,18,26
219000636,21,114,-93
219000657,37,15,22
219000658,44,64,-20
219000673,0,11,-11
219000676,42,27,15
219000679,8,6,2
219000684,51,4,47
219000685,0,117,-117
219000686,3,5,-2
219000688,0,116,-116
219000689,73,208,-135
219000690,238,14,224
219000691,69,132,-63
219000692,174,20,154
219000693,0,22,-22
219000694,3,0,3
219000695,20,7,13
219000698,7,0,7
219000699,0,8,-8
219000727,5,223,-218
219000728,140,2,138
219000770,10,1,9
219000771,2,37,-35
219000788,215,222,-7
219001150,0,15,-15
219001151,0,4,-4
219001166,21,7,14
219001167,1,73,-72
219001178,28,1,27
220000001,11,42,-31
220000002,7,207,-200
220000003,278,274,4
220000004,812,696,116
220000005,2039,1732,307
220000006,139,899,-760
220000007,257,883,-626
220000008,310,1188,-878
220000009,168,775,-607
220000010,144,134,10
220000011,757,2261,-1504
220000012,216,278,-62
220000014,51,76,-25
220000015,31,171,-140
220000017,50,441,-391
220000018,6800,1341,5459
220000019,54,261,-207
220000020,299,261,38
220000021,358,134,224
220000022,313,541,-228
220000023,150,143,7
220000024,1646,274,1372
220000025,1365,457,908
220000026,175,190,-15
220000027,25,106,-81
220000028,17,47,-30
220000029,74,190,-116
220000030,197,93,104
220000031,231,327,-96
220000064,28,1285,-1257
221000046,58,30,28
221000047,0,3,-3
221000048,0,0,0
221000049,0,21,-21
221000050,8,0,8
221000055,39,43,-4
221000057,43,5,38
221000068,422,110,312
221000069,341,47,294
221000070,175,32,143
221000071,41,7,34
221000072,144,11,133
221000073,173,76,97
221000074,1,41,-40
221000075,67,15,52
221000076,10,30,-20
221000077,44,79,-35
221000081,19,5,14
221000082,53,3,50
221000083,59,8,51
221000084,3,3,0
221000085,5,71,-66
221000086,13,113,-100
221000087,6,184,-178
221000088,19,179,-160
221000089,49,254,-205
221000090,121,495,-374
221000098,111,12,99
221000099,96,15,81
221000100,45,9,36
221000101,220,16,204
221000102,122,13,109
221000109,6,87,-81
221000110,8,132,-124
221000111,24,149,-125
221000112,5,134,-129
221000113,25,202,-177
221000114,34,178,-144
221000120,13,31,-18
221000121,3,18,-15
221000122,11,30,-19
221000123,7,12,-5
221000124,22,282,-260
221000155,86,10,76
221000156,11,26,-15
221000175,0,7,-7
221000176,0,3,-3
221000182,9,1,8
221000241,510,173,337
221000242,263,334,-71
221000243,330,120,210
221000244,240,351,-111
221000245,45,130,-85
221000246,14,225,-211
221000247,11,146,-135
221000248,35,143,-108
221000267,90,970,-880
221000325,79,48,31
221000331,1,72,-71
221000338,1,14,-13
221000378,93,33,60
221000381,75,58,17
222000282,4,2,2
222000296,1,22,-21
222000568,233,14,219
222000569,54,8,46
222000570,65,8,57
222000571,149,18,131
222000577,12,256,-244
222000578,12,273,-261
222000579,29,123,-94
222000580,147,1121,-974
222000599,0,174,-174
222000600,3,305,-302
222000601,13,862,-849
222000603,29,12,17
222000604,28,27,1
222000605,17,12,5
222000606,2,10,-8
222000607,5,7,-2
222000608,19,15,4
222000609,41,386,-345
222000616,68,29,39
222000617,30,12,18
222000618,4,4,0
222000620,111,22,89
222000621,88,16,72
222000623,451,8,443
222000624,278,7,271
222000625,299,48,251
222000636,42,1,41
222000686,21,14,7
222000687,29,40,-11
222001066,263,1,262
222001067,6,8,-2
222001068,20,51,-31
222001069,16,55,-39
222001082,6,64,-58
222001083,4,79,-75
222001084,0,16,-16
222001085,2,165,-163
222001111,10,261,-251
222001112,21,54,-33
222001313,18,1,17
222001314,0,126,-126
222001464,42,64,-22
222001465,38,130,-92
222001484,69,64,5
222001485,19,84,-65
222001494,167,128,39
222001495,146,471,-325
222001496,100,36,64
222001497,65,766,-701
222001502,28,137,-109
222001503,50,36,14
222001504,27,288,-261
222001505,135,9,126
222001506,54,295,-241
222001507,199,41,158
222001510,169,40,129
222001511,43,531,-488
222001514,699,109,590
222001515,290,779,-489
222001518,99,58,41
222001519,40,539,-499
222001527,165,44,121
222001528,91,235,-144
222001529,138,47,91
222001530,29,308,-279
222001533,145,530,-385
222001534,132,31,101
222001535,59,142,-83
222001536,75,489,-414
222001537,259,21,238
222001538,54,575,-521
222001563,247,110,137
222001564,43,1051,-1008
222001568,402,116,286
222001576,0,2,-2
222001579,0,10,-10
222001583,29,276,-247
222001584,51,10,41
222001596,621,1922,-1301
222001597,1262,349,913
222001626,0,189,-189
222001650,116,92,24
222001651,119,161,-42
222001914,269,64,205
222001915,102,261,-159
222001968,678,217,461
222001969,510,1082,-572
222001970,124,241,-117
222001971,7,29,-22
222001972,0,41,-41
225000001,264,70,194
225000002,280,83,197
225000003,225,69,156
225000004,159,221,-62
225000005,15,55,-40
225000006,1,138,-137
225000007,3330,1175,2155
225000010,188,7,181
225000011,456,629,-173
225000012,92,412,-320
225000013,68,172,-104
225000014,505,83,422
225000015,103,321,-218
225000021,706,131,575
225000027,245,479,-234
225000032,509,123,386
225000042,72,717,-645
225000049,24,58,-34
225000050,23,21,2
225000053,6,228,-222
225000058,409,110,299
225000067,194,262,-68
225000068,92,598,-506
225000069,180,590,-410
225000070,58,567,-509
225000071,13,386,-373
225000075,28,832,-804
225000076,56,135,-79
225000078,59,17,42
225000085,27,59,-32
225000086,79,28,51
225000087,174,21,153
225000088,12,172,-160
225000089,484,641,-157
225000090,38,330,-292
225000091,99,278,-179
225000092,21,100,-79
225000093,153,446,-293
225000094,12,553,-541
225000095,276,643,-367
225000096,95,513,-418
225000098,366,100,266
225000099,157,91,66
225000100,101,101,0
225000104,41,402,-361
225000110,12,515,-503
225000111,171,1262,-1091
225000112,274,1165,-891
225000113,134,625,-491
225000114,38,320,-282
225000115,2744,643,2101
225000116,1070,56,1014
225000117,921,298,623
225000118,714,202,512
225000119,94,71,23
225000120,519,43,476
225000121,207,18,189
225000123,922,11,911
225000125,205,282,-77
225000126,943,173,770
225000127,951,422,529
225000128,259,371,-112
225000132,211,25,186
225000133,262,17,245
225000134,456,94,362
225000135,34,13,21
225000136,102,15,87
225000137,95,31,64
225000138,203,30,173
225000143,96,169,-73
225000144,3,315,-312
225000145,25,47,-22
225000146,29,136,-107
225000147,9,437,-428
225000148,2,328,-326
225000149,76,541,-465
225000151,26,241,-215
225000155,222,345,-123
225000156,142,697,-555
225000157,118,392,-274
225000158,50,457,-407
225000171,3,159,-156
225000180,75,42,33
225000181,0,42,-42
225000182,34,2,32
225000185,9,266,-257
225000187,34,399,-365
225000191,86,0,86
225000194,0,1,-1
225000208,2,40,-38
225000209,18,15,3
225000210,1,194,-193
225000217,0,10,-10
225000218,14,5,9
225000223,0,39,-39
225000224,42,0,42
225000225,2,7,-5
225000226,30,3,27
225000227,43,56,-13
225000228,9,0,9
225000229,0,84,-84
225000230,13,0,13
225000231,0,90,-90
225000232,59,0,59
225000241,35,0,35
225000242,0,33,-33
225000249,0,0,0
225000250,56,1014,-958
225000251,287,28,259
225000254,1,0,1
225000256,0,3,-3
225000257,0,8,-8
226000042,481,464,17
226000043,62,304,-242
226000044,110,818,-708
226000045,48,519,-471
226000046,249,40,209
226000047,235,61,174
226000048,299,65,234
226000049,169,112,57
226000070,0,72,-72
226000071,0,79,-79
226000072,0,7,-7
226000073,0,13,-13
226000074,0,2,-2
226000084,1,75,-74
226000085,0,3,-3
226000086,15,8,7
226000087,0,15,-15
226000088,76,10,66
226000090,148,44,104
226000091,12,3,9
226000092,2,1,1
226000093,92,4,88
226000094,11,10,1
226000095,8,2,6
226000105,13,0,13
226000106,3,0,3
226000107,4,2,2
226000108,18,0,18
226000109,34,0,34
226000124,121,61,60
226000134,307,403,-96
226000135,622,524,98
226000136,157,293,-136
226000137,13,469,-456
226000138,10,266,-256
226000139,2,12,-10
226000156,49,3,46
226000157,97,9,88
226000163,50,40,10
226000202,5,494,-489
226000231,168,12,156
226000232,29,3,26
227000033,275,27,248
227000036,131,39,92
227000037,71,21,50
227000038,115,44,71
227000084,1,42,-41
227000085,1,43,-42
227000088,27,1,26
227000089,91,1,90
227000090,32,2,30
227000091,4,0,4
227000092,30,0,30
227000093,55,0,55
227000094,3,0,3
227000130,20,67,-47
227000131,14,335,-321
227000132,25,314,-289
227000133,20,275,-255
227000134,16,479,-463
227000152,0,2,-2
227000153,0,38,-38
227000154,0,34,-34
227000155,0,17,-17
227000156,0,24,-24
227000165,3,21,-18
227000196,131,415,-284
227000199,78,728,-650
227000230,37,580,-543
227000232,160,9,151
227000242,70,525,-455
227000243,322,40,282
227000245,21,422,-401
227000246,68,487,-419
227000247,134,58,76
227000248,54,17,37
227000249,10,297,-287
227000250,238,71,167
227000251,139,216,-77
227000252,15,477,-462
227000253,43,15,28
227000262,285,28,257
227000266,339,15,324
227000267,42,2474,-2432
227000282,8,314,-306
227000284,197,11,186
227000286,0,130,-130
227000291,15,789,-774
227000296,418,216,202
227000484,257,27,230
227000485,24,760,-736
227000655,71,12,59
227000656,549,35,514
227000657,13,10,3
227000704,99,14,85
229000265,2,5,-3
229000266,0,1,-1
229000267,6,0,6
229000268,10,1,9
229000269,47,0,47
229000274,0,21,-21
229000275,2,19,-17
229000276,1,19,-18
229000277,0,2,-2
229000278,1,6,-5
229000295,21,21,0
229000296,33,4,29
229000297,20,51,-31
229000298,4,191,-187
229000320,8,8,0
229000321,13,12,1
229000412,17,84,-67
229000414,14,61,-47
229000415,24,3,21
229000416,1,2,-1
229000417,5,11,-6
229000419,111,301,-190
229000440,181,80,101
229000442,5,7,-2
229000443,2,4,-2
229000444,0,34,-34
229000445,16,2,14
229000446,45,16,29
229000491,6,40,-34
229000492,17,198,-181
229000493,5,143,-138
229000494,13,6,7
229000495,59,15,44
229000496,17,8,9
229000507,1,34,-33
229000508,0,22,-22
229000509,0,59,-59
229000510,0,28,-28
229000511,1,56,-55
229000512,0,34,-34
229000513,0,4,-4
229000514,0,6,-6
229000517,3,16,-13
229000518,3,45,-42
229000519,0,18,-18
229000520,11,49,-38
229000521,20,23,-3
229000522,0,15,-15
229000523,5,16,-11
229000524,2,9,-7
229000527,7,0,7
229000528,1,0,1
229000529,3,0,3
229000530,66,4,62
229000531,29,4,25
229000532,39,3,36
229000533,118,2,116
229000534,74,2,72
229000564,26,0,26
229000565,4,0,4
229000566,0,25,-25
229000567,0,93,-93
229000582,157,4,153
229000583,4,1,3
229000584,0,45,-45
229000585,4,51,-47
229000718,0,4,-4
229000719,0,1,-1
229000720,0,23,-23
229000721,0,15,-15
229000722,0,30,-30
229000723,0,37,-37
229000724,0,7,-7
229000725,0,3,-3
229000738,0,0,0
229000739,1,0,1
229000740,3,0,3
229000741,2,0,2
229000742,1,0,1
229000743,11,0,11
229000744,1,0,1
229000745,3,0,3
229000746,17,0,17
229000847,6,1,5
229000848,7,0,7
229000849,37,0,37
229000851,8,0,8
229000854,0,57,-57
229000856,4,198,-194
229000857,0,53,-53
229000858,0,128,-128
229000919,17,66,-49
229000930,3,206,-203
229000937,39,41,-2
229000966,36,32,4
229000981,15,39,-24
229000985,3,53,-50
229000986,1,5,-4
229000987,0,1,-1
229000988,1,92,-91
229000989,3,5,-2
229000990,0,2,-2
229000991,0,3,-3
229000992,2,10,-8
229000993,159,14,145
229000998,15,48,-33
229000999,38,22,16
229001034,1,27,-26
229001035,0,0,0
229001036,6,70,-64
229001037,35,1,34
229001038,1,2,-1
229001039,13,3,10
229001040,0,83,-83
229001041,64,2,62
229001042,8,33,-25
229001047,4,69,-65
229001050,21,18,3
229001168,0,12,-12
229001200,2,2,0
229001338,15,28,-13
229001394,235,4,231
229001422,68,24,44
229001423,41,151,-110
229001431,29,36,-7
229001432,32,81,-49
229001444,89,63,26
229001445,32,232,-200
229001479,7,5,2
229001503,126,72,54
229001504,107,242,-135
229001505,56,48,8
229001506,28,179,-151
229001509,37,6,31
229001510,1,47,-46
229001545,51,10,41
229001546,7,107,-100
229001553,27,18,9
229001554,15,127,-112
229001630,66,14,52
229001631,19,21,-2
229001635,0,8,-8
229001636,0,1,-1
229001658,0,86,-86
229001659,83,1,82
229001660,1,1,0
229001661,1,20,-19
229001662,30,0,30
229001663,0,25,-25
229002584,205,164,41
229002831,263,128,135
229002841,1,18,-17
229002842,77,13,64
229002843,27,28,-1
229002844,30,76,-46
229002845,6,83,-77
229002846,7,9,-2
229002847,12,7,5
229002848,17,10,7
229002849,1,87,-86
229002850,1,0,1
229002851,20,135,-115
229002852,71,29,42
229002853,40,12,28
229002854,15,39,-24
229002855,5,55,-50
229002856,32,10,22
229002857,1,50,-49
229002858,6,6,0
229002859,18,20,-2
229002860,47,54,-7
229002861,9,29,-20
229002862,17,86,-69
229002863,10,34,-24
229002864,6,44,-38
229002865,7,10,-3
229002866,17,20,-3
229002867,15,43,-28
229002868,6,15,-9
229002869,3,165,-162
229002870,11,11,0
235000066,347,91,256
235000067,116,101,15
235000072,29,53,-24
235000073,72,211,-139
235000074,12,116,-104
235000080,10,100,-90
235000081,64,188,-124
235000082,44,65,-21
235000083,123,114,9
235000084,28,74,-46
235000085,75,126,-51
235000089,13,51,-38
235000092,10,155,-145
235000093,2,4,-2
235000097,5,3,2
235000098,34,18,16
235000099,20,41,-21
235000116,39,22,17
235000117,887,6,881
235000133,18,200,-182
235000134,10,68,-58
235000206,5,5,0
235000207,1,3,-2
235000208,2,1,1
235000209,2,3,-1
235000210,3,0,3
235000212,4,21,-17
235000213,0,8,-8
235000220,1,3,-2
235000221,25,9,16
235000238,6,12,-6
235000239,1,3,-2
235000242,162,208,-46
235000245,857,175,682
235000246,17,65,-48
235000284,11,122,-111
235000295,115,12,103
235000305,66,9,57
235000306,39,5,34
235000307,5,1,4
235000308,43,0,43
235000309,13,0,13
235000310,36,0,36
235000311,40,3,37
235000322,0,39,-39
235000323,1,67,-66
235000324,3,15,-12
235000325,0,15,-15
235000326,3,358,-355
235000351,16,68,-52
235000352,17,56,-39
235000353,2,62,-60
235000354,1,44,-43
235000355,4,123,-119
235000356,22,25,-3
235000357,11,12,-1
235000358,43,12,31
235000359,1,2,-1
235000360,82,13,69
235000361,29,6,23
235000381,51,257,-206
235000382,53,34,19
235000390,27,0,27
235000391,71,17,54
235000392,67,139,-72
235000393,43,108,-65
235000395,61,28,33
235000396,152,71,81
235000400,98,40,58
235000401,34,201,-167
235000405,81,392,-311
235000406,53,251,-198
235000407,50,126,-76
235000409,191,184,7
235000410,39,220,-181
235000411,0,115,-115
235000485,0,11,-11
235000486,3,0,3
235000549,30,79,-49
235000550,46,249,-203
235000599,58,106,-48
235000600,5,9,-4
235000601,26,72,-46
235000602,34,161,-127
235000614,0,2,-2
235000648,0,30,-30
235000649,19,2,17
235000685,0,4,-4
235000815,7,25,-18
235000834,0,6,-6
235000855,26,71,-45
235000862,13,194,-181
235000891,0,12,-12
235000892,8,4,4
235000901,37,120,-83
235000907,4,14,-10
235001010,20,113,-93
235001029,656,393,263
235001030,317,176,141
235001078,64,59,5
235001079,53,117,-64
235001147,74,44,30
235001166,11,86,-75
235001167,9,82,-73
235001169,25,377,-352
235001188,0,8,-8
235001189,2,0,2
235001197,8,10,-2
235001200,31,27,4
235001207,177,23,154
235001210,59,124,-65
235001215,39,87,-48
235001239,1,48,-47
235001244,0,9,-9
235016267,0,20,-20
277101746,0,3,-3
277102712,0,0,0
277103813,0,0,0
277103814,0,0,0
277103898,0,9,-9
277104249,0,2,-2
277104250,0,6,-6
277104251,0,5,-5
277104252,0,2,-2
990011530,1,291,-290
990014944,0,681,-681
990015176,5,0,5
990015618,1,94,-93
990016032,1,433,-432
990032570,2,150,-148
990070001,68,47,21
990070103,1,2,-1
990070601,0,61,-61
990070751,236,1,235
990070766,3,969,-966
990071180,401,201,200
990071343,36,2,34
990071387,0,22,-22
990071823,233,1,232
990072600,3,622,-619
990072964,3,650,-647
990073285,0,1,-1
990074393,8,1331,-1323
990074870,421,6,415
990075106,305,3,302
990075746,169,1,168
990076437,245,7,238
990076458,7,1364,-1357
997000007,135,0,135
997000041,0,164,-164
997000058,12,2,10
997000062,28,1,27
997000069,0,4,-4
997000070,0,71,-71
997000100,12,1,11
997000141,8,2033,-2025
997000198,33,1009,-976
998000475,0,37,-37
998000736,0,350,-350
998000965,0,14,-14
998001031,0,70,-70
998001700,0,36,-36
998001899,0,2,-2
998001900,5,0,5
998003073,437,37,400
998101900,0,0,0
998102850,2,101,-99
998501927,515,480,35
998501929,124,3,121
998501930,56,1,55
998501931,91,45,46
998501932,5,2,3
998501933,20,1,19
998501937,11,2,9
998501944,1,0,1
998501950,0,0,0
998501970,20,10,10
998501971,0,89,-89
998501973,1,93,-92
998501974,0,378,-378
998501975,93,0,93
998501976,20,1,19
998501977,1,21,-20
998501978,26,1,25
998501979,0,9,-9
998501980,155,3,152
998501981,12,1,11
998501982,2,149,-147
998502006,0,1,-1
998502024,0,0,0
998502032,0,6,-6
998502062,70,52,18
998502063,0,0,0
998502173,25,0,25
998502269,0,0,0
998601159,1,348,-347
998601292,0,20,-20
999033574,0,355,-355
999800001,22,1,21
999800002,0,3,-3
999800003,10,3,7
999800004,0,7,-7
999800005,0,6,-6
