ID,insum,outsum,diff
100000001,454,298,156
100000002,941,325,616
100000003,5595,1154,4441
100000004,830,195,635
100000005,849,1155,-306
100000006,63,45,18
100000007,216,135,81
100000008,73,410,-337
100000009,48,59,-11
100000010,3,36,-33
100000011,83,36,47
100000012,25,583,-558
100000013,11,127,-116
100000014,116,303,-187
100000015,198,318,-120
100000016,492,1013,-521
100000017,282,890,-608
100000018,540,312,228
100000019,2847,952,1895
100000020,721,1322,-601
100000021,5762,1336,4426
100000022,547,467,80
100000023,4280,607,3673
100000025,1930,253,1677
100000028,839,532,307
100000029,134,117,17
100000030,457,25,432
100000031,2247,1962,285
100000032,1615,1897,-282
100000033,277,1329,-1052
100000034,641,232,409
100000035,665,377,288
100000036,1211,549,662
100000037,160,191,-31
100000038,358,359,-1
100000039,306,105,201
100000040,232,34,198
100000041,200,158,42
100000042,153,175,-22
100000043,110,111,-1
100000044,225,567,-342
100000045,205,1073,-868
100000046,282,1050,-768
100000047,261,857,-596
100000048,665,838,-173
100000049,1122,2308,-1186
100000051,176,1114,-938
100000053,10,2,8
100000054,23,13,10
100000055,182,266,-84
100000056,94,282,-188
100000057,507,356,151
100000058,524,1432,-908
100000059,0,100,-100
100000060,90,220,-130
100000061,378,326,52
100000062,264,235,29
100000063,160,126,34
100000064,317,339,-22
100000065,169,1443,-1274
100000066,88,944,-856
100000067,142,751,-609
100000068,248,1203,-955
100000069,145,1283,-1138
100000072,253,1261,-1008
100000073,609,1090,-481
100000075,224,268,-44
100000076,681,894,-213
100000077,383,35,348
100000078,111,13,98
100000079,48,25,23
100000080,1,5,-4
100000081,7,5,2
100000102,613,600,13
100000103,1751,446,1305
100000104,2550,718,1832
100000105,2200,335,1865
100000106,998,624,374
100000107,163,143,20
100000108,554,1015,-461
100000109,2315,825,1490
100000116,854,293,561
100000117,13,7,6
100000118,880,592,288
100000119,272,648,-376
100000121,119,475,-356
100000122,313,497,-184
100000123,3102,2772,330
100000124,8398,3241,5157
100000125,2473,324,2149
100000126,304,158,146
100000127,795,224,571
100000128,762,659,103
100000129,430,279,151
100000130,261,492,-231
100000131,4947,2163,2784
100000132,1949,833,1116
100000133,10362,2434,7928
100000135,132,384,-252
100000139,68,421,-353
100000140,162,175,-13
100000142,132,200,-68
100000143,478,621,-143
100000144,3126,784,2342
100000147,461,973,-512
100000150,16,306,-290
100000151,198,322,-124
100000153,244,138,106
100000154,24,75,-51
100000155,2,13,-11
100000156,44,13,31
100000157,43,136,-93
100000158,26,97,-71
100000159,154,251,-97
100000165,646,483,163
100000169,278,112,166
100000174,932,201,731
100000179,23,440,-417
100000180,1435,1282,153
100000181,36,383,-347
100000188,72,274,-202
100000189,270,216,54
100000190,201,181,20
100000191,297,184,113
100000192,52,37,15
100000193,23,49,-26
100000330,1346,370,976
100000355,34,394,-360
100000362,2935,2526,409
100000363,718,1540,-822
100000364,350,416,-66
100000365,2392,5009,-2617
100000366,3328,2107,1221
100000367,1541,2256,-715
100000368,1226,1344,-118
100000369,227,701,-474
100000370,34,187,-153
100000376,36,66,-30
100000379,786,518,268
100000380,934,759,175
100000384,3272,1201,2071
100000385,2670,2076,594
100000386,4212,1114,3098
100000387,4079,1868,2211
100000388,10563,1657,8906
100000389,8531,1630,6901
100000390,9351,1713,7638
100000391,5100,1638,3462
100000392,2234,609,1625
100000393,760,520,240
100000394,3568,1581,1987
100000395,1482,575,907
100000396,2648,1046,1602
100000397,1420,639,781
100000398,9702,6507,3195
100900002,0,0,0
100900003,35,68,-33
100900004,30,1226,-1196
100900005,11,1,10
100900006,0,0,0
100900007,13,0,13
100900008,8,656,-648
100900009,3,11,-8
100900010,0,0,0
100900011,3,223,-220
100900012,0,335,-335
100900013,246,7,239
100900014,0,0,0
100900015,61,36,25
100900016,0,24,-24
100900017,107,40,67
100900018,0,0,0
100900019,0,0,0
100900020,20,0,20
100900021,807,1,806
100900022,0,0,0
100900023,0,0,0
100900024,27,0,27
100900025,0,0,0
100900026,2,92,-90
100900027,315,1334,-1019
100900028,10,90,-80
100900029,41,9,32
100900030,0,7,-7
100900031,72,12,60
100900032,55,1,54
100900033,88,38,50
100900034,44,0,44
100900035,26,1,25
100900036,0,0,0
100900037,5,214,-209
100900038,10,14,-4
100900039,129,564,-435
100900040,75,1091,-1016
100900041,47,894,-847
100900042,100,18,82
100900043,0,0,0
100900044,1193,139,1054
100900045,0,0,0
100900046,445,7,438
100900047,3,0,3
100900048,3,1,2
100900049,12,131,-119
100900050,0,6,-6
100900051,14,28,-14
100900052,42,3,39
100900053,76,32,44
100900054,1,85,-84
100900055,41,37,4
100900056,0,13,-13
100900057,163,183,-20
100900058,13,11,2
100900059,15,0,15
100900060,47,10,37
100900061,77,111,-34
100900062,0,38,-38
100900063,20,144,-124
100900064,317,8,309
100900065,18,12,6
100900066,6,11,-5
100900067,0,0,0
100900068,3,74,-71
100900069,20,0,20
100900070,53,6,47
100900071,219,120,99
100900072,0,33,-33
100900073,7,311,-304
100900074,0,2,-2
100900075,3051,151,2900
100900076,7,13,-6
100900077,0,0,0
100900078,12,33,-21
100900079,0,18,-18
100900080,0,0,0
100900081,1,5,-4
100900082,7,523,-516
100900083,0,20,-20
100900085,2,21,-19
100900086,35,248,-213
100900088,4,460,-456
100900089,0,18,-18
100900090,35,303,-268
100900091,0,0,0
100900092,23,43,-20
100900093,32,107,-75
100900094,27,514,-487
100900095,0,19,-19
100900096,5,57,-52
100900097,0,0,0
100900098,3,28,-25
100900099,5,328,-323
100900100,2,63,-61
100900101,147,0,147
100900102,1,6,-5
100900103,0,17,-17
100900104,7,97,-90
100900105,1,19,-18
100900106,5,0,5
100900107,996,168,828
100900108,0,4,-4
100900109,0,13,-13
100900110,0,0,0
100900111,33,76,-43
100900112,0,0,0
100900113,1,17,-16
100900114,1,7,-6
100900115,0,0,0
100900116,247,102,145
100900117,80,147,-67
100900118,0,24,-24
100900119,0,16,-16
100900120,0,0,0
100900121,140,75,65
100900122,104,149,-45
100900123,1,23,-22
100900124,0,7,-7
100900125,8,38,-30
100900126,1,20,-19
100900127,0,3,-3
100900128,55,67,-12
100900129,0,24,-24
100900131,13,38,-25
100900133,0,9,-9
100900134,0,2,-2
100900135,0,22,-22
100900137,275,101,174
100900138,49,55,-6
100900139,0,5,-5
100900140,2,683,-681
100900141,2,69,-67
100900142,0,0,0
100900143,582,140,442
100900144,9,0,9
100900145,2,37,-35
100900146,0,6,-6
100900147,1,140,-139
100900148,15,871,-856
100900149,1,4,-3
100900150,0,2,-2
100900151,34,379,-345
100900152,0,0,0
100900153,1,64,-63
100900154,1,4,-3
100900155,0,0,0
100900156,0,0,0
100900157,1,51,-50
100900158,1011,239,772
100900159,0,0,0
100900160,2,3,-1
100900161,0,0,0
100900162,9,82,-73
100900163,40,141,-101
100900164,1,5,-4
100900165,8,27,-19
100900166,0,0,0
100900167,0,44,-44
100900168,0,28,-28
100900169,174,1544,-1370
100900170,0,0,0
100900171,19,912,-893
100900172,0,4,-4
100900173,0,558,-558
100900174,9,4,5
100900176,550,12,538
100900177,709,101,608
100900178,2,66,-64
100900179,17,9,8
100900180,0,0,0
100900181,0,0,0
100900182,0,0,0
100900184,0,0,0
100900186,538,170,368
100900187,1,110,-109
100900188,45,4,41
100900189,264,47,217
100900191,787,308,479
100900192,79,61,18
100900195,24,152,-128
100900197,0,0,0
100900198,5,78,-73
100900199,0,0,0
100900200,367,242,125
100900201,18,739,-721
100900202,2,0,2
100900203,2,32,-30
100900204,186,89,97
100900205,41,113,-72
100900206,25,15,10
100900207,29,43,-14
100900210,49,699,-650
100900211,58,16,42
100900213,4,9,-5
100900214,715,18,697
100900215,0,5,-5
101000001,3458,1265,2193
101000002,2403,1382,1021
101000003,542,926,-384
101000004,8009,2406,5603
101000005,5157,3319,1838
101000006,6707,4242,2465
101000007,2223,1779,444
101000008,2100,1472,628
101000009,982,1827,-845
101000010,448,1009,-561
101000011,1440,349,1091
101000012,637,197,440
101000013,367,406,-39
101000014,221,259,-38
101000015,487,697,-210
101000016,88,268,-180
101000017,225,361,-136
101000018,1979,1762,217
101000020,2616,710,1906
101000021,445,135,310
101000022,583,33,550
101000023,964,692,272
101000025,77,139,-62
101000026,280,15,265
101000027,989,1144,-155
101000028,218,83,135
101000029,3,298,-295
101000030,526,54,472
101000031,250,119,131
101000032,2624,1235,1389
101000033,1719,864,855
101000034,1280,619,661
101000035,945,391,554
101000036,721,219,502
101000037,2205,495,1710
101000039,2054,475,1579
101000040,3023,1076,1947
101000041,5250,918,4332
101000042,486,249,237
101000043,7348,1278,6070
101000045,704,81,623
101000046,1427,728,699
101000047,584,739,-155
101000048,462,232,230
101000049,533,354,179
101000050,1841,901,940
101000051,3411,784,2627
101000052,1179,341,838
101000053,518,847,-329
101000054,1240,1025,215
101000055,1417,527,890
101000056,75,64,11
101000057,2602,463,2139
101000058,1446,311,1135
101000059,1590,516,1074
101000060,1552,136,1416
101000061,638,234,404
101000062,1573,227,1346
101000063,137,65,72
101000064,845,230,615
101000065,64,180,-116
101000066,47,47,0
101000067,457,217,240
101000068,161,93,68
101000069,212,59,153
101000070,1715,627,1088
101000071,1570,397,1173
101000072,1316,1763,-447
101000073,272,195,77
101000074,4389,1223,3166
101000075,7639,2278,5361
101000077,816,617,199
101000078,971,999,-28
101000079,260,1638,-1378
101000080,609,1509,-900
101000081,503,630,-127
101000082,2738,1619,1119
101000083,824,812,12
101000084,999,1022,-23
101000085,948,511,437
101000086,946,834,112
101000087,593,848,-255
101000088,494,443,51
101000089,411,676,-265
101000090,1913,858,1055
101000091,143,874,-731
101000092,735,720,15
101000093,953,555,398
101000094,375,742,-367
101000095,113,661,-548
101000096,108,413,-305
101000097,125,183,-58
101000098,226,341,-115
101000099,989,679,310
101000100,763,418,345
101000101,153,213,-60
101000102,377,143,234
101000103,560,355,205
101000104,134,197,-63
101000105,296,60,236
101000106,152,168,-16
101000107,44,117,-73
101000108,1030,174,856
101000109,72,63,9
101000110,19,495,-476
101000111,112,117,-5
101000113,75,271,-196
101000114,1456,742,714
101000115,30,67,-37
101000116,15,64,-49
101000117,18,173,-155
101000119,116,18,98
101000120,144,8,136
101000121,31,5,26
101000122,35,10,25
101000123,25,57,-32
101000124,474,858,-384
101000125,123,229,-106
101000128,568,196,372
101000130,356,177,179
101000131,481,575,-94
101000132,182,1389,-1207
101000135,69,7,62
101000136,193,157,36
101000137,22,233,-211
101000141,1679,734,945
101000147,413,424,-11
101000148,2350,20,2330
101000149,9,5,4
101000150,21,911,-890
101000151,36,59,-23
101000152,224,213,11
101000153,436,399,37
101000154,65,1773,-1708
101000155,69,84,-15
101000156,8,162,-154
101000157,19,19,0
101000160,7,20,-13
101000163,0,0,0
101000164,316,217,99
101000165,177,133,44
101000166,146,303,-157
101000168,295,162,133
101000252,287,375,-88
101000254,249,11,238
101000258,79,19,60
101000261,209,192,17
101000262,212,493,-281
101000263,71,603,-532
101000265,26,271,-245
101000266,184,128,56
101000269,115,6,109
101000290,801,876,-75
101000293,3,54,-51
101000294,249,354,-105
101000295,61,400,-339
101000301,392,143,249
101000304,1170,1703,-533
101000305,1245,995,250
101900001,11,41,-30
101900002,0,18,-18
101900003,28,57,-29
101900004,1,20,-19
101900005,4619,519,4100
101900006,333,3,330
101900007,203,11,192
101900008,62,43,19
101900009,6,23,-17
101900010,517,149,368
101900011,121,103,18
101900012,8,13,-5
101900013,863,37,826
101900017,7,29,-22
101900018,932,28,904
101900019,36,26,10
101900020,321,54,267
101900021,0,21,-21
101900022,11,919,-908
101900023,6,187,-181
102000001,1082,2437,-1355
102000002,1583,825,758
102000003,2906,2456,450
102000004,6226,1383,4843
102000005,845,1465,-620
102000006,1207,640,567
102000007,1507,3051,-1544
102000008,6186,986,5200
102000009,4452,4198,254
102000010,5340,1920,3420
102000011,1532,1548,-16
102000012,1775,2110,-335
102000018,2373,944,1429
102000019,1656,484,1172
102000026,153,143,10
102000029,351,91,260
102000030,60,133,-73
102000031,4,142,-138
102000032,115,269,-154
102000033,42,301,-259
102000034,311,225,86
102000035,594,221,373
102000036,4,107,-103
102000037,158,69,89
102000038,43,83,-40
102000039,5,19,-14
102000040,237,53,184
102000041,42,73,-31
102000042,34,38,-4
102000043,88,150,-62
102000044,76,295,-219
102000045,435,554,-119
102000046,545,227,318
102000047,471,633,-162
102000048,90,313,-223
102000049,331,267,64
102000050,400,634,-234
102000051,187,243,-56
102000052,586,625,-39
102000053,245,444,-199
102000054,187,448,-261
102000055,441,615,-174
102000056,268,505,-237
102000057,711,154,557
102000058,796,992,-196
102000059,504,1099,-595
102000060,372,315,57
102000061,608,2074,-1466
102000062,346,662,-316
102000063,709,844,-135
102000064,351,470,-119
102000065,39,90,-51
102000066,633,957,-324
102000067,1709,1838,-129
102000068,5180,1596,3584
102000069,16,764,-748
102000070,2591,58,2533
102000071,4872,7803,-2931
102000072,2493,4043,-1550
102000073,224,675,-451
102000074,183,913,-730
102000075,33,236,-203
102000076,57,506,-449
102000077,125,1013,-888
102000078,277,1091,-814
102000079,56,217,-161
102000080,184,196,-12
102000081,158,583,-425
102000082,342,244,98
102000083,115,622,-507
102000084,41,246,-205
102000085,1371,1018,353
102000086,744,922,-178
102000087,420,1593,-1173
102000088,123,169,-46
102000089,292,332,-40
102000090,204,821,-617
102000091,812,304,508
102000092,425,730,-305
102000093,405,380,25
102000094,351,77,274
102000095,552,1001,-449
102000096,906,278,628
102000097,1842,1285,557
102000098,372,841,-469
102000099,953,374,579
102000100,298,297,1
102000101,645,161,484
102000102,257,379,-122
102000103,873,208,665
102000104,948,296,652
102000105,75,789,-714
102000106,195,970,-775
102000107,215,307,-92
102000108,233,337,-104
102000109,146,370,-224
102000110,152,864,-712
102000111,4,91,-87
102000112,81,66,15
102000113,1,19,-18
102000114,462,126,336
102000115,169,65,104
102000116,52,157,-105
102000117,44,338,-294
102000118,670,701,-31
102000119,1571,328,1243
102000120,51,268,-217
102000121,354,335,19
102000122,126,376,-250
102000123,980,522,458
102000124,631,460,171
102000125,401,280,121
102000126,309,447,-138
102000127,429,384,45
102000128,238,738,-500
102000129,367,642,-275
102000130,196,441,-245
102000131,321,372,-51
102000132,173,290,-117
102000133,744,2277,-1533
102000134,267,559,-292
102000135,779,332,447
102000136,615,166,449
102000137,663,456,207
102000138,174,357,-183
102000139,56,366,-310
102000140,228,224,4
102000141,172,610,-438
102000142,102,300,-198
102000143,19,392,-373
102000144,36,384,-348
102000145,73,190,-117
102000146,138,242,-104
102000147,170,131,39
102000148,57,118,-61
102000149,63,419,-356
102000150,35,189,-154
102000151,37,241,-204
102000152,46,110,-64
102000153,287,131,156
102000154,205,304,-99
102000155,47,136,-89
102000156,167,36,131
102000157,27,93,-66
102000158,113,66,47
102000159,1424,64,1360
102000161,3154,516,2638
102000162,145,57,88
102000163,52,166,-114
102000164,726,289,437
102000165,191,68,123
102000166,10,68,-58
102000167,68,126,-58
102000168,78,94,-16
102000169,62,171,-109
102000170,597,60,537
102000171,78,48,30
102000172,9,84,-75
102000173,152,120,32
102000174,18,96,-78
102000175,43,64,-21
102000176,9,15,-6
102000178,81,466,-385
102000179,57,176,-119
102000180,261,481,-220
102000181,124,599,-475
102000182,183,778,-595
102000183,427,757,-330
102000184,410,970,-560
102000185,403,563,-160
102000186,308,1689,-1381
102000187,199,1711,-1512
102000188,170,601,-431
102000189,2924,774,2150
102000190,346,910,-564
102000191,826,174,652
102000192,395,722,-327
102000193,11,148,-137
102000194,24,102,-78
102000195,136,470,-334
102000196,25,466,-441
102000197,91,449,-358
102000198,41,722,-681
102000199,113,419,-306
102000200,90,859,-769
102000201,191,423,-232
102000202,1,106,-105
102000203,69,270,-201
102000204,109,466,-357
102000205,195,338,-143
102000206,198,606,-408
102000207,180,266,-86
102000208,113,455,-342
102000209,13,52,-39
102000210,41,548,-507
102000211,74,428,-354
102000212,33,7,26
102000213,7,339,-332
102000214,34,11,23
102000215,6,523,-517
102000216,6,10,-4
102000217,5,181,-176
102000218,33,20,13
102000219,183,451,-268
102000225,169,42,127
102000226,2530,128,2402
102000227,14,1,13
102000228,1,121,-120
102000229,10,34,-24
102000230,62,279,-217
102000231,103,293,-190
102000232,5,70,-65
102000233,220,398,-178
102000234,15,312,-297
102000236,324,70,254
102000237,143,141,2
102000238,69,110,-41
102000240,385,445,-60
102000241,215,70,145
102000243,8,20,-12
102000245,21,43,-22
102000246,19,12,7
102000247,169,467,-298
102000248,131,300,-169
102000249,59,135,-76
102000250,11,348,-337
102000254,26,293,-267
102000266,27,174,-147
102000271,0,1,-1
102000286,288,175,113
102000297,720,383,337
102000299,0,0,0
102000301,0,4,-4
102000303,0,0,0
102000305,0,0,0
102000307,1,11,-10
102000308,0,2,-2
102900001,318,206,112
102900002,85,9,76
102900003,5,261,-256
102900005,50,86,-36
102900006,127,47,80
102900007,93,9,84
102900008,20,15,5
102900009,0,0,0
102900010,117,216,-99
102900011,1584,159,1425
102900012,146,55,91
102900013,0,0,0
102900015,269,75,194
102900016,0,0,0
102900017,0,0,0
102900018,0,0,0
102900019,31,168,-137
102900020,12,14,-2
102900021,0,0,0
102900022,234,47,187
102900023,0,0,0
102900024,3,19,-16
102900025,0,0,0
102900026,189,418,-229
102900027,22,30,-8
102900028,25,133,-108
102900029,23,55,-32
102900030,45,71,-26
102900031,30,63,-33
102900032,5,129,-124
102900033,0,0,0
102900034,76,34,42
102900035,14,463,-449
102900036,47,420,-373
102900037,159,411,-252
102900038,191,275,-84
102900039,11,192,-181
102900040,98,105,-7
102900041,23,132,-109
102900042,70,357,-287
102900043,54,209,-155
102900044,254,1417,-1163
102900045,37,395,-358
102900046,35,272,-237
102900047,33,569,-536
102900048,211,620,-409
102900049,22,263,-241
102900050,107,228,-121
102900051,82,146,-64
102900052,0,0,0
102900053,125,492,-367
102900054,259,442,-183
102900055,0,0,0
102900056,55,237,-182
102900057,0,0,0
102900058,173,15,158
102900059,0,0,0
102900060,45,250,-205
102900061,42,361,-319
102900062,31,1338,-1307
102900063,167,136,31
102900064,47,143,-96
102900065,316,227,89
102900066,74,9,65
102900068,33,41,-8
102900070,57,564,-507
102900072,9,12,-3
102900073,52,3,49
102900074,62,29,33
102900075,0,0,0
102900076,0,0,0
102900077,0,0,0
102900078,0,0,0
102900079,48,3,45
102900080,28,5,23
102900081,26,133,-107
102900082,13,165,-152
102900083,0,0,0
102900084,0,1,-1
102900085,0,0,0
102900086,0,0,0
102900087,9,57,-48
102900088,0,13,-13
102900089,118,82,36
102900090,0,566,-566
102900091,18,0,18
102900092,74,840,-766
102900093,96,58,38
102900094,0,17,-17
102900095,11,1,10
102900096,12,3,9
102900097,31,96,-65
103000001,1347,1805,-458
103000002,1004,1275,-271
103000003,1867,1703,164
103000004,614,519,95
103000005,1200,1068,132
103000006,252,643,-391
103000007,168,549,-381
103000008,438,880,-442
103000009,263,562,-299
103000010,51,91,-40
103000011,1124,797,327
103000012,609,535,74
103000013,6080,1567,4513
103000014,855,757,98
103000015,1997,734,1263
103000016,231,476,-245
103000017,26,94,-68
103000018,628,262,366
103000019,61,41,20
103000020,754,910,-156
103000021,464,573,-109
103000022,642,1013,-371
103000023,221,560,-339
103000024,107,84,23
103000025,21,68,-47
103000026,1490,68,1422
103000027,136,96,40
103000028,642,203,439
103000029,494,107,387
103000030,2099,403,1696
103000031,930,516,414
103000032,1016,1022,-6
103000033,1519,1243,276
103000034,1292,608,684
103000035,268,625,-357
103000036,319,218,101
103000037,483,306,177
103000038,362,478,-116
103000039,76,378,-302
103000040,116,854,-738
103000041,880,2156,-1276
103000042,304,606,-302
103000043,149,969,-820
103000044,62,170,-108
103000046,181,180,1
103000047,194,496,-302
103000048,94,86,8
103000049,61,117,-56
103000050,243,526,-283
103000051,160,286,-126
103000052,340,354,-14
103000053,65,237,-172
103000054,963,618,345
103000055,727,898,-171
103000056,314,1367,-1053
103000057,274,250,24
103000058,164,694,-530
103000059,198,528,-330
103000060,493,675,-182
103000061,190,437,-247
103000062,386,638,-252
103000063,355,477,-122
103000064,62,263,-201
103000065,3,259,-256
103000066,28,9,19
103000069,37,304,-267
103000070,271,1015,-744
103000071,357,167,190
103000072,43,943,-900
103000073,122,96,26
103000074,97,52,45
103000075,96,940,-844
103000076,55,52,3
103000077,17,342,-325
103000078,492,103,389
103000079,1028,314,714
103000080,408,100,308
103000081,238,360,-122
103000082,145,70,75
103000083,33,317,-284
103000084,0,0,0
103000085,2,59,-57
103000086,215,120,95
103000087,93,235,-142
103000088,146,298,-152
103000089,99,170,-71
103000090,757,813,-56
103000091,242,270,-28
103000092,86,142,-56
103000093,164,468,-304
103000094,44,74,-30
103000095,13,317,-304
103000096,238,60,178
103000097,26,548,-522
103000098,506,39,467
103000099,118,393,-275
103000100,36,736,-700
103000101,194,159,35
103000102,48,565,-517
103000103,163,178,-15
103000104,15,112,-97
103000105,52,80,-28
103000106,26,112,-86
103000107,246,45,201
103000108,239,469,-230
103000109,185,225,-40
103000110,232,250,-18
103000111,333,272,61
103000112,180,198,-18
103000113,228,447,-219
103000114,299,306,-7
103000115,198,350,-152
103000116,182,369,-187
103000117,96,454,-358
103000118,883,828,55
103000119,1862,625,1237
103000120,28,114,-86
103000121,121,297,-176
103000122,89,119,-30
103000125,1,470,-469
103000126,136,2,134
103000127,0,267,-267
103000128,39,1,38
103000129,1,145,-144
103000130,37,8,29
103000131,185,54,131
103000132,67,103,-36
103000133,3,303,-300
103000134,302,262,40
103000135,705,51,654
103000136,433,187,246
103000137,304,263,41
103000138,323,213,110
103000139,7,37,-30
103000140,40,26,14
103000141,13,95,-82
103000142,52,31,21
103000143,8,193,-185
103000144,46,61,-15
103000145,9,23,-14
103000150,28,46,-18
103000152,62,166,-104
103000153,54,95,-41
103000156,5,491,-486
103000157,100,3,97
103000159,51,101,-50
103000162,19,2,17
103000163,2,6,-4
103000164,9,3,6
103000165,96,349,-253
103000166,42,29,13
103000167,60,97,-37
103000168,45,169,-124
103000169,41,108,-67
103000170,384,467,-83
103000171,15,61,-46
103000172,140,835,-695
103000173,113,472,-359
103000174,107,267,-160
103000175,69,501,-432
103000176,442,103,339
103000177,518,261,257
103000178,291,177,114
103000179,16,12,4
103000183,12,38,-26
103000185,20,46,-26
103000186,46,133,-87
103000187,168,586,-418
103000188,7,61,-54
103000189,316,871,-555
103000191,272,563,-291
103000292,2250,410,1840
103000293,1174,442,732
103000295,52,71,-19
103000296,147,2,145
103000297,119,11,108
103000504,81,8,73
103000505,8,3,5
103000506,1,118,-117
103000507,67,1,66
103000508,37,23,14
103000509,101,467,-366
103900001,0,137,-137
103900002,1091,82,1009
103900003,1004,26,978
103900004,1,4,-3
103900005,1,209,-208
103900006,0,0,0
103900007,0,0,0
103900008,1,0,1
103900009,28,136,-108
103900010,31,175,-144
103900011,19,225,-206
103900012,2,4,-2
103900013,4,86,-82
103900014,3,4,-1
103900015,5,13,-8
103900016,163,288,-125
103900017,9,87,-78
103900018,384,81,303
103900019,5,45,-40
103900020,36,115,-79
103900021,5,0,5
103900022,248,322,-74
103900023,9,0,9
103900024,77,657,-580
103900025,9,18,-9
103900026,0,0,0
103900027,76,146,-70
103900028,8,88,-80
103900029,304,103,201
103900030,44,6,38
103900031,2,3,-1
103900032,8,4,4
103900033,5,6,-1
103900034,2,190,-188
103900035,34,60,-26
103900036,9,8,1
103900037,1,14,-13
103900038,19,18,1
103900039,7,381,-374
103900040,5,183,-178
103900041,1,8,-7
103900042,5,418,-413
103900043,21,82,-61
103900044,123,36,87
103900045,46,82,-36
103900047,3,33,-30
103900048,24,7,17
103900049,139,938,-799
103900050,1,70,-69
103900051,0,25,-25
103900052,51,401,-350
103900053,20,1077,-1057
103900054,27,502,-475
103900055,89,123,-34
103900056,5,26,-21
103900057,6,239,-233
103900058,23,673,-650
103900059,0,1,-1
103900060,0,138,-138
103900061,8,31,-23
103900062,41,31,10
103900063,1,0,1
103900064,8,0,8
103900065,401,224,177
103900066,12,2,10
103900067,6,0,6
103900068,0,2,-2
103900069,5,1,4
103900070,22,203,-181
103900071,12,155,-143
103900072,5,292,-287
103900073,2,3,-1
103900074,4,74,-70
103900075,19,55,-36
103900076,108,577,-469
103900077,48,11,37
103900078,10,94,-84
103900079,55,174,-119
103900080,4,4,0
103900081,0,0,0
103900082,3,52,-49
103900083,1457,65,1392
103900084,12,92,-80
103900085,40,57,-17
103900086,75,160,-85
103900087,27,44,-17
103900088,172,75,97
103900089,26,112,-86
103900090,0,103,-103
103900091,368,128,240
103900092,51,285,-234
103900093,62,326,-264
103900094,4,134,-130
103900095,41,102,-61
103900096,2,283,-281
103900097,2,363,-361
103900098,101,29,72
103900099,2,271,-269
103900100,48,270,-222
103900101,42,504,-462
103900102,0,15,-15
103900104,3,4,-1
103900105,82,118,-36
103900106,0,14,-14
103900107,17,158,-141
103900108,18,344,-326
103900109,2,52,-50
103900110,94,30,64
103900111,11,688,-677
103900112,2,30,-28
103900113,60,82,-22
103900114,296,172,124
103900115,240,32,208
103900116,3659,208,3451
103900117,213,127,86
103900119,7,15,-8
103900120,2,33,-31
103900122,5,325,-320
103900123,710,233,477
103900124,9,10,-1
103900125,21,65,-44
103900126,52,316,-264
103900127,52,636,-584
103900128,18,211,-193
103900131,3,84,-81
103900133,350,8,342
103900134,0,0,0
103900135,0,2,-2
103900137,0,22,-22
103900138,0,123,-123
103900139,103,407,-304
103900140,0,0,0
103900141,94,36,58
103900142,2,43,-41
103900143,4,0,4
103900144,0,14,-14
103900145,60,278,-218
103900146,102,208,-106
103900147,68,73,-5
103900148,25,205,-180
103900149,11,608,-597
103900150,4741,615,4126
103900151,18,111,-93
103900152,61,687,-626
103900153,5,0,5
103900154,1039,240,799
103900155,3,113,-110
103900156,6,89,-83
103900157,3,172,-169
103900158,6,148,-142
103900159,30,54,-24
103900160,9,7,2
103900161,21,111,-90
103900162,26,181,-155
103900163,0,278,-278
103900164,22,14,8
103900167,2,16,-14
103900168,5,75,-70
103900169,1,13,-12
103900170,2,37,-35
103900171,2,31,-29
103900172,12,17,-5
103900173,0,1,-1
103900174,25,46,-21
103900175,28,13,15
103900176,6,7,-1
103900177,5,21,-16
103900178,4,44,-40
103900179,4,146,-142
103900180,6,112,-106
103900181,28,17,11
103900182,28,11,17
103900184,395,16,379
103900185,161,37,124
103900187,50,10,40
103900188,16,4,12
103900189,36,2,34
103900190,3,27,-24
103900191,2,38,-36
103900192,4,31,-27
103900193,86,54,32
103900194,8,218,-210
103900195,2,13,-11
103900196,3,11,-8
103900197,4,12,-8
103900198,3,27,-24
103900199,25,75,-50
103900200,11,100,-89
103900201,29,116,-87
103900202,1,35,-34
103900203,9,5,4
103900204,2,84,-82
103900207,0,89,-89
103900208,5,0,5
103900209,4,96,-92
103900210,7,22,-15
103900211,120,437,-317
103900212,19,413,-394
103900213,40,135,-95
103900214,5,0,5
103900215,567,207,360
103900216,2,866,-864
103900217,32,28,4
103900218,0,81,-81
103900219,3,126,-123
103900233,33,1,32
103900235,12,11,1
103900236,11,0,11
103900242,0,13,-13
103900243,1,1,0
103900244,7,199,-192
103900245,14,116,-102
103900246,29,12,17
103900247,9,38,-29
103900248,0,1,-1
103900249,0,11,-11
103900250,7,4,3
103900251,0,7,-7
103900253,6,11,-5
103900254,2,9,-7
103900255,0,3,-3
103900256,3,5,-2
103900257,21,23,-2
103900258,3,0,3
103900259,47,0,47
103900261,0,1,-1
103900262,6,1,5
103900263,5,7,-2
103900264,6,0,6
103900265,8,4,4
103900266,0,7,-7
103900267,2,27,-25
104000001,1270,1612,-342
104000002,952,1781,-829
104000003,1491,1563,-72
104000004,2723,1816,907
104000005,473,1112,-639
104000006,1652,1927,-275
104000007,2448,2222,226
104000008,213,483,-270
104000009,60,126,-66
104000010,42,119,-77
104000011,562,519,43
104000012,54,482,-428
104000013,33,63,-30
104000014,136,722,-586
104000015,65,58,7
104000016,115,433,-318
104000018,252,72,180
104000019,162,72,90
104000020,73,917,-844
104000021,161,849,-688
104000022,49,246,-197
104000023,241,230,11
104000024,37,175,-138
104000026,7,89,-82
104000027,90,421,-331
104000028,123,165,-42
104000029,200,606,-406
104000030,64,159,-95
104000031,192,153,39
104000032,77,390,-313
104000033,166,203,-37
104000034,100,350,-250
104000035,158,268,-110
104000036,239,517,-278
104000037,120,295,-175
104000038,148,211,-63
104000039,89,445,-356
104000040,321,440,-119
104000041,240,241,-1
104000042,121,365,-244
104000043,148,274,-126
104000044,104,592,-488
104000045,389,1054,-665
104000046,883,967,-84
104000047,469,991,-522
104000048,882,1562,-680
104000049,128,252,-124
104000050,135,445,-310
104000051,43,609,-566
104000052,434,1087,-653
104000053,330,393,-63
104000054,223,506,-283
104000055,2755,1841,914
104000056,922,98,824
104000057,46,434,-388
104000058,379,609,-230
104000059,143,723,-580
104000060,196,676,-480
104000061,427,824,-397
104000062,41,25,16
104000064,396,156,240
104000065,35,242,-207
104000069,1353,305,1048
104000070,51,243,-192
104000071,96,362,-266
104000072,127,30,97
104000075,21,99,-78
104000076,151,21,130
104000082,1012,1378,-366
104000083,325,84,241
104000084,92,352,-260
104000085,67,86,-19
104000086,126,346,-220
104000087,222,396,-174
104000090,337,1288,-951
104000092,288,2208,-1920
104000094,379,1750,-1371
104000095,1007,1087,-80
104000096,273,420,-147
104000097,442,485,-43
104000098,285,813,-528
104000100,306,435,-129
104000101,641,1301,-660
104000106,133,241,-108
104000107,215,426,-211
104000108,164,445,-281
104000109,95,12,83
104000110,613,592,21
104000111,3359,737,2622
104000112,1516,342,1174
104000116,4,1444,-1440
104000117,6,874,-868
104000118,90,225,-135
104000119,121,184,-63
104000120,10,917,-907
104000121,133,461,-328
104000122,303,546,-243
104000123,521,704,-183
104000124,1360,1517,-157
104000125,4809,1750,3059
104000126,180,350,-170
104000127,1180,2495,-1315
104000128,222,316,-94
104000129,290,10,280
104000130,21,163,-142
104000131,942,561,381
104000132,591,950,-359
104000133,744,572,172
104000134,619,883,-264
104000135,258,487,-229
104000136,700,1210,-510
104000137,1415,133,1282
104000138,1479,230,1249
104000139,9195,1945,7250
104000141,1375,1446,-71
104000142,334,869,-535
104000143,252,713,-461
104000144,29,69,-40
104000145,130,83,47
104000146,384,478,-94
104000147,76,276,-200
104000148,75,53,22
104000149,120,368,-248
104000150,269,194,75
104000151,278,721,-443
104000152,236,1046,-810
104000153,86,157,-71
104000154,858,803,55
104000155,103,248,-145
104000157,957,1557,-600
104000158,210,219,-9
104000159,213,254,-41
104000160,1133,841,292
104000161,98,41,57
104000162,29,47,-18
104000165,446,379,67
104000167,135,234,-99
104000168,167,1,166
104000169,0,0,0
104000170,1011,180,831
104000248,2,481,-479
104000251,34,300,-266
104000272,4,0,4
104000273,3,2,1
104000274,2,0,2
104000275,1,1,0
104000279,553,431,122
104000290,50,312,-262
104000291,501,584,-83
104000293,312,530,-218
104000294,0,0,0
104000295,279,655,-376
104000296,152,497,-345
104000297,636,1169,-533
104000298,1231,516,715
104000299,310,882,-572
104900001,10,106,-96
104900002,13,27,-14
104900003,21,372,-351
104900004,25,348,-323
104900005,42,90,-48
104900006,18,18,0
104900007,89,165,-76
104900009,33,370,-337
104900010,1,2,-1
104900011,4,0,4
104900012,10,0,10
104900013,20,0,20
104900014,2337,123,2214
104900015,18,1,17
104900016,44,258,-214
104900017,6,148,-142
104900018,3,151,-148
104900019,97,252,-155
104900020,13,171,-158
104900021,0,0,0
104900022,2,85,-83
104900023,0,0,0
104900024,7,76,-69
104900025,28,253,-225
104900026,0,0,0
104900027,35,28,7
104900028,19,59,-40
104900029,0,0,0
104900030,88,13,75
104900031,84,165,-81
104900032,11,105,-94
104900033,0,0,0
104900034,40,19,21
104900035,14,13,1
104900036,18,13,5
104900037,26,136,-110
104900038,276,106,170
104900039,0,0,0
104900040,21,39,-18
104900041,0,0,0
104900042,30,203,-173
104900043,0,0,0
104900044,41,39,2
104900045,0,0,0
104900046,15,60,-45
104900047,25,38,-13
104900048,16,29,-13
104900049,0,0,0
104900050,23,37,-14
104900051,8,10,-2
104900052,0,0,0
104900053,54,6,48
104900054,20,9,11
104900055,0,0,0
104900056,15,3,12
104900057,28,1,27
104900058,58,78,-20
104900059,0,0,0
104900060,0,275,-275
104900061,160,523,-363
104900063,1,83,-82
104900064,2,68,-66
104900065,2,65,-63
104900066,3,128,-125
104900067,2,167,-165
104900068,10,179,-169
104900070,33,326,-293
104900071,7,742,-735
104900072,9,175,-166
104900073,7,123,-116
104900074,16,195,-179
104900075,27,21,6
104900076,43,480,-437
104900077,472,21,451
104900078,36,730,-694
104900079,62,61,1
104900080,13,430,-417
104900082,1,59,-58
104900085,0,94,-94
104900087,66,1,65
104900089,0,0,0
104900090,86,61,25
104900091,178,554,-376
104900093,82,314,-232
104900097,1687,549,1138
104900098,8,7,1
104900099,439,376,63
104900100,505,118,387
104900102,13,175,-162
104900103,253,57,196
104900104,1449,347,1102
104900106,5,91,-86
104900107,19,271,-252
104900108,2,154,-152
104900109,12,78,-66
104900110,9,35,-26
104900111,39,42,-3
104900112,84,702,-618
104900113,182,324,-142
104900114,118,613,-495
104900115,130,349,-219
104900116,45,291,-246
104900118,2,51,-49
104900119,0,19,-19
104900120,0,0,0
104900121,0,0,0
104900122,0,0,0
104900123,0,0,0
104900124,0,0,0
104900125,84,2,82
104900126,20,30,-10
104900127,2,3,-1
104900128,0,18,-18
104900129,1541,337,1204
105000001,1350,1571,-221
105000002,851,1323,-472
105000003,1323,2744,-1421
105000004,214,815,-601
105000005,433,904,-471
105000006,458,814,-356
105000007,392,692,-300
105000008,371,1177,-806
105000009,556,1164,-608
105000010,2095,2201,-106
105000011,904,873,31
105000012,3245,2987,258
105000013,433,479,-46
105000014,693,1053,-360
105000015,4747,2951,1796
105000016,2807,1512,1295
105000017,819,812,7
105000018,606,722,-116
105000019,859,498,361
105000020,105,325,-220
105000021,205,165,40
105000022,59,19,40
105000023,192,90,102
105000028,34,125,-91
105000029,181,510,-329
105000030,3006,3421,-415
105000033,818,2130,-1312
105000034,81,252,-171
105000037,472,534,-62
105000038,672,629,43
105000039,3444,2503,941
105000040,202,370,-168
105000041,444,1624,-1180
105000042,1391,521,870
105000043,2489,3078,-589
105000044,141,259,-118
105000045,232,1110,-878
105000046,245,215,30
105000047,300,1739,-1439
105000048,160,90,70
105000049,184,712,-528
105000050,69,42,27
105000051,142,440,-298
105000052,129,719,-590
105000053,60,138,-78
105000054,69,760,-691
105000055,150,389,-239
105000056,456,2230,-1774
105000057,579,904,-325
105000058,683,1207,-524
105000059,98,263,-165
105000060,179,539,-360
105000061,70,233,-163
105000062,382,1003,-621
105000063,150,650,-500
105000064,224,496,-272
105000065,149,823,-674
105000066,503,1963,-1460
105000067,184,303,-119
105000068,321,757,-436
105000069,1946,308,1638
105000070,472,466,6
105000071,40,121,-81
105000072,167,224,-57
105000073,363,251,112
105000074,527,788,-261
105000075,283,515,-232
105000076,743,958,-215
105000077,1238,632,606
105000078,807,626,181
105000079,1130,1250,-120
105000080,742,711,31
105000081,655,664,-9
105000082,156,376,-220
105000083,466,484,-18
105000084,245,882,-637
105000085,496,518,-22
105000086,301,722,-421
105000087,2164,1486,678
105000088,1015,629,386
105000089,3872,2832,1040
105000090,1125,1194,-69
105000091,1929,2237,-308
105000092,403,1173,-770
105000093,307,203,104
105000094,150,134,16
105000095,64,367,-303
105000096,440,346,94
105000097,565,485,80
105000098,160,332,-172
105000099,327,689,-362
105000100,993,938,55
105000101,1105,1862,-757
105000102,2120,1086,1034
105000103,1139,2018,-879
105000104,526,779,-253
105000105,379,1512,-1133
105000106,598,1476,-878
105000107,311,652,-341
105000108,436,1188,-752
105000109,646,1562,-916
105000110,190,658,-468
105000111,192,352,-160
105000112,438,576,-138
105000113,122,289,-167
105000114,2749,556,2193
105000115,129,350,-221
105000116,136,188,-52
105000117,267,1116,-849
105000118,62,173,-111
105000119,333,1204,-871
105000120,121,312,-191
105000121,387,1007,-620
105000122,99,229,-130
105000123,495,1132,-637
105000124,381,628,-247
105000125,209,1448,-1239
105000126,777,1922,-1145
105000127,1127,1644,-517
105000128,161,1012,-851
105000129,188,266,-78
105000130,36,261,-225
105000131,262,198,64
105000132,278,175,103
105000133,145,984,-839
105000134,149,226,-77
105000135,165,587,-422
105000136,19,88,-69
105000137,102,163,-61
105000138,21,159,-138
105000139,540,1143,-603
105000140,24,95,-71
105000141,86,553,-467
105000142,19,142,-123
105000143,107,524,-417
105000144,133,531,-398
105000145,135,263,-128
105000146,145,487,-342
105000147,84,52,32
105000148,147,70,77
105000149,199,147,52
105000150,1034,1152,-118
105000151,118,253,-135
105000152,40,538,-498
105000153,160,321,-161
105000154,207,827,-620
105000155,76,351,-275
105000156,339,804,-465
105000157,655,1690,-1035
105000158,742,650,92
105000159,198,1189,-991
105000160,611,445,166
105000161,372,1649,-1277
105000162,180,654,-474
105000163,688,870,-182
105000164,129,196,-67
105000165,1059,1396,-337
105000166,5753,160,5593
105000167,2217,794,1423
105000168,32,707,-675
105000169,127,504,-377
105000170,29,710,-681
105000171,725,243,482
105000172,0,1,-1
105000173,3,2,1
105000174,6,2,4
105000175,47,152,-105
105000176,42,42,0
105000177,20,69,-49
105000178,23,190,-167
105000179,95,87,8
105000180,32,110,-78
105000181,23,120,-97
105000182,23,55,-32
105000183,2297,565,1732
105000184,1146,846,300
105000185,521,199,322
105000186,249,1287,-1038
105000187,234,101,133
105000188,56,36,20
105000189,84,696,-612
105000190,28,77,-49
105000191,166,509,-343
105000192,31,89,-58
105000193,46,135,-89
105000194,59,70,-11
105000195,109,1038,-929
105000196,14,28,-14
105000197,89,603,-514
105000198,345,208,137
105000199,81,82,-1
105000200,34,261,-227
105000201,21,9,12
105000203,7,280,-273
105000204,32,109,-77
105000205,103,238,-135
105000207,855,230,625
105000208,0,0,0
105000209,94,300,-206
105000212,340,1236,-896
105000213,122,173,-51
105000214,18,123,-105
105000215,13,190,-177
105000216,94,435,-341
105000217,70,435,-365
105000218,184,644,-460
105000221,43,251,-208
105000222,10,23,-13
105000223,41,113,-72
105000226,4,130,-126
105000227,2,68,-66
105000228,75,741,-666
105000229,17,88,-71
105000231,0,0,0
105000233,283,402,-119
105000234,434,1190,-756
105000235,83,293,-210
105000237,128,27,101
105000243,13,225,-212
105000248,87,42,45
105000262,111,1540,-1429
105000269,40,85,-45
105000270,82,166,-84
105000271,0,247,-247
105000282,11,43,-32
105000287,199,65,134
105000288,108,216,-108
105000289,400,535,-135
105000290,0,0,0
105000402,4065,1531,2534
105000426,179,339,-160
105000438,319,368,-49
105000446,10191,3519,6672
105000447,6558,1866,4692
105000454,58,360,-302
105000455,119,159,-40
105000474,0,0,0
105000477,48,234,-186
105000478,474,652,-178
105000479,50,138,-88
105000480,780,890,-110
105000481,880,1102,-222
105000482,3036,2160,876
105000483,435,709,-274
105000484,1507,2167,-660
105000485,730,1183,-453
105000486,1919,2064,-145
105000488,2153,1921,232
105000489,177,528,-351
105000549,0,17,-17
105000550,214,857,-643
105000551,9,58,-49
105000552,2949,1495,1454
105900001,4,554,-550
105900002,1308,151,1157
105900003,3,49,-46
105900004,407,82,325
105900005,1,228,-227
105900006,4,26,-22
105900007,34,8,26
105900008,23,657,-634
105900009,2,7,-5
105900011,80,46,34
105900012,157,170,-13
105900013,1,13,-12
105900014,0,59,-59
105900015,99,245,-146
105900016,80,636,-556
105900017,208,33,175
105900018,111,203,-92
105900019,30,587,-557
105900020,8,31,-23
105900021,17,452,-435
105900022,128,239,-111
105900023,9,149,-140
105900024,14,242,-228
105900025,7,27,-20
105900026,167,34,133
105900027,3044,2088,956
105900028,7,115,-108
105900029,1595,365,1230
105900030,120,254,-134
105900031,233,180,53
105900032,26,101,-75
105900033,16,117,-101
105900034,32,179,-147
105900035,66,119,-53
105900036,15,85,-70
105900037,38,49,-11
105900038,60,174,-114
105900039,10,139,-129
105900040,11,48,-37
105900041,136,278,-142
105900042,15,74,-59
105900043,1167,49,1118
105900044,0,90,-90
105900045,4,424,-420
105900046,1,123,-122
105900047,7,17,-10
105900048,8,443,-435
105900050,726,561,165
105900051,3,872,-869
105900052,104,24,80
105900053,3379,335,3044
105900054,166,227,-61
105900056,609,94,515
105900057,3,157,-154
105900058,3,19,-16
105900059,0,15,-15
106000001,1172,457,715
106000002,1518,2598,-1080
106000003,1806,867,939
106000004,1805,1643,162
106000005,1374,2135,-761
106000006,4201,3719,482
106000007,290,277,13
106000008,280,335,-55
106000009,242,243,-1
106000010,348,398,-50
106000011,346,536,-190
106000012,449,1346,-897
106000013,965,1104,-139
106000014,1282,1570,-288
106000015,407,656,-249
106000016,666,2100,-1434
106000017,425,530,-105
106000018,273,586,-313
106000019,129,344,-215
106000020,82,457,-375
106000021,163,343,-180
106000022,195,308,-113
106000023,223,214,9
106000024,295,814,-519
106000025,106,134,-28
106000026,84,241,-157
106000027,184,335,-151
106000028,299,750,-451
106000029,587,1561,-974
106000030,683,206,477
106000034,198,482,-284
106000035,213,479,-266
106000036,243,205,38
106000037,816,1123,-307
106000038,169,63,106
106000039,70,31,39
106000040,87,568,-481
106000041,376,221,155
106000043,173,57,116
106000046,169,25,144
106000047,17,293,-276
106000049,87,47,40
106000050,191,834,-643
106000051,110,144,-34
106000052,43,616,-573
106000053,1,0,1
106000054,257,388,-131
106000055,123,256,-133
106000056,184,549,-365
106000057,0,0,0
106000058,92,199,-107
106000059,45,92,-47
106000060,445,614,-169
106000061,33,160,-127
106000062,132,581,-449
106000063,96,161,-65
106000064,29,379,-350
106000065,18,69,-51
106000066,42,356,-314
106000067,11,43,-32
106000068,22,543,-521
106000069,18,55,-37
106000070,97,667,-570
106000071,74,145,-71
106000072,3119,784,2335
106000073,916,848,68
106000074,100,385,-285
106000075,113,535,-422
106000076,507,1013,-506
106000077,1241,696,545
106000078,178,540,-362
106000079,197,818,-621
106000080,354,514,-160
106000081,191,682,-491
106000082,1148,634,514
106000083,116,680,-564
106000084,171,420,-249
106000085,581,693,-112
106000086,166,410,-244
106000087,212,369,-157
106000088,73,564,-491
106000089,181,332,-151
106000090,63,490,-427
106000091,132,426,-294
106000092,153,127,26
106000093,42,18,24
106000094,59,374,-315
106000095,110,974,-864
106000096,132,586,-454
106000097,147,1296,-1149
106000098,134,732,-598
106000099,60,803,-743
106000100,253,231,22
106000101,298,203,95
106000102,66,500,-434
106000103,169,507,-338
106000104,316,216,100
106000105,154,815,-661
106000106,121,232,-111
106000107,41,355,-314
106000108,58,200,-142
106000109,25,344,-319
106000110,75,205,-130
106000111,87,502,-415
106000112,44,204,-160
106000113,867,540,327
106000114,382,183,199
106000115,112,426,-314
106000116,112,163,-51
106000117,595,686,-91
106000118,531,502,29
106000119,2323,903,1420
106000120,507,238,269
106000121,84,119,-35
106000122,25,234,-209
106000123,92,239,-147
106000124,13,278,-265
106000125,9,329,-320
106000126,34,181,-147
106000127,178,765,-587
106000128,90,189,-99
106000129,184,638,-454
106000130,144,182,-38
106000131,58,437,-379
106000132,343,66,277
106000133,3393,693,2700
106000134,225,338,-113
106000135,138,715,-577
106000136,135,102,33
106000137,54,1381,-1327
106000138,194,26,168
106000139,0,0,0
106000140,6,121,-115
106000141,18,121,-103
106000142,0,0,0
106000143,7,139,-132
106000144,0,0,0
106000145,74,427,-353
106000146,0,0,0
106000147,163,347,-184
106000148,277,488,-211
106000149,173,241,-68
106000150,224,907,-683
106000151,3081,435,2646
106000152,925,509,416
106000153,39,663,-624
106000154,1122,185,937
106000155,12,54,-42
106000156,218,219,-1
106000157,469,1668,-1199
106000158,2067,377,1690
106000159,4182,1213,2969
106000160,69,698,-629
106000161,1026,522,504
106000162,81,241,-160
106000163,90,558,-468
106000164,81,137,-56
106000165,115,754,-639
106000166,93,165,-72
106000167,122,1443,-1321
106000168,66,158,-92
106000169,59,779,-720
106000170,121,163,-42
106000171,41,801,-760
106000172,873,606,267
106000173,357,2235,-1878
106000174,105,151,-46
106000175,68,943,-875
106000176,234,381,-147
106000177,349,1888,-1539
106000178,1114,729,385
106000179,553,1560,-1007
106000180,394,1782,-1388
106000181,137,1822,-1685
106000182,188,554,-366
106000183,194,956,-762
106000184,504,874,-370
106000185,511,710,-199
106000186,397,127,270
106000187,105,452,-347
106000188,0,9,-9
106000189,2,44,-42
106000190,1,0,1
106000191,174,120,54
106000192,0,33,-33
106000193,134,99,35
106000194,59,209,-150
106000195,94,62,32
106000196,51,199,-148
106000197,120,271,-151
106000198,48,243,-195
106000199,615,243,372
106000200,364,100,264
106000201,286,529,-243
106000202,6068,326,5742
106000203,143,172,-29
106000204,2,3,-1
106000205,17,101,-84
106000206,10,10,0
106000207,29,946,-917
106000208,112,11,101
106000209,116,120,-4
106000210,97,1346,-1249
106000211,235,1524,-1289
106000212,100,24,76
106000213,362,723,-361
106000214,928,169,759
106000215,107,377,-270
106000216,181,185,-4
106000217,76,380,-304
106000218,161,160,1
106000219,33,208,-175
106000220,225,163,62
106000221,60,231,-171
106000222,21,65,-44
106000223,14,56,-42
106000224,56,331,-275
106000225,30,25,5
106000226,58,299,-241
106000228,9,124,-115
106000229,25,558,-533
106000231,157,55,102
106000232,17,337,-320
106000233,54,65,-11
106000234,7,197,-190
106000235,51,23,28
106000236,38,34,4
106000237,0,7,-7
106000238,2,2,0
106000239,1,57,-56
106000240,7,0,7
106000241,11,506,-495
106000242,16,4,12
106000249,0,0,0
106000250,20,283,-263
106000251,12,21,-9
106000252,11,147,-136
106000253,2,64,-62
106000254,36,63,-27
106000255,6,42,-36
106000256,45,127,-82
106000257,37,276,-239
106000258,20,2,18
106000259,2,18,-16
106000260,3,3,0
106000261,1,59,-58
106000262,6,1,5
106000263,0,43,-43
106000264,54,3,51
106000265,5,123,-118
106000266,37,6,31
106000267,4,96,-92
106000268,141,1,140
106000269,31,48,-17
106000270,76,311,-235
106000271,14,117,-103
106000272,47,56,-9
106000273,2,93,-91
106000274,109,56,53
106000275,31,90,-59
106000276,92,38,54
106000277,69,101,-32
106000278,168,37,131
106000279,3,63,-60
106000280,5,141,-136
106000281,54,85,-31
106000282,42,41,1
106000283,43,94,-51
106000284,25,80,-55
106000285,61,144,-83
106000286,33,99,-66
106000287,35,110,-75
106000288,44,138,-94
106000289,11,76,-65
106000290,38,149,-111
106000291,26,58,-32
106000292,59,128,-69
106000293,49,83,-34
106000294,64,92,-28
106000295,35,39,-4
106000296,59,81,-22
106000297,91,111,-20
106000298,119,46,73
106000299,47,54,-7
106000300,10,77,-67
106000301,42,68,-26
106000303,8,15,-7
106000304,18,35,-17
106000305,7,32,-25
106000306,37,58,-21
106000307,10,1,9
106000308,19,214,-195
106000309,12,71,-59
106000310,100,397,-297
106000311,123,83,40
106000312,35,119,-84
106000313,30,155,-125
106000318,135,128,7
106000319,97,11,86
106000320,2,29,-27
106000321,166,20,146
106000322,18,160,-142
106000324,3,111,-108
106000325,467,473,-6
106000326,590,1609,-1019
106000327,24,106,-82
106000328,0,72,-72
106000329,24,226,-202
106000330,14,33,-19
106000428,38,142,-104
106000429,45,426,-381
106000430,165,1280,-1115
106000431,235,176,59
106000432,633,1868,-1235
106000433,396,310,86
106000434,842,265,577
106000435,1545,1917,-372
106000436,18,371,-353
106000437,39,16,23
106000438,144,51,93
106000439,63,425,-362
106000440,100,361,-261
106000441,0,0,0
106000442,19,2,17
106000443,29,572,-543
106000450,0,167,-167
106000451,13,2,11
106000454,2,19,-17
106000455,8,97,-89
106000456,27,11,16
106000457,6,1092,-1086
106000458,66,39,27
106000459,24,361,-337
106000460,132,5,127
106000461,17,2061,-2044
106000462,0,11,-11
106000463,3,6,-3
106000464,4,540,-536
106000465,38,0,38
106000466,1,731,-730
106000467,384,382,2
106000468,11,214,-203
106000469,43,4,39
106000470,141,603,-462
106000471,7,494,-487
106000472,28,2,26
106000473,15,36,-21
106000474,166,689,-523
106000475,95,94,1
106000476,205,94,111
106000477,13,48,-35
106900001,0,5,-5
106900002,3,521,-518
106900003,114,502,-388
106900004,0,42,-42
106900006,0,4,-4
106900007,0,1,-1
106900008,49,122,-73
106900009,40,250,-210
106900010,30,208,-178
106900012,703,438,265
106900013,96,5,91
106900014,4,2,2
106900015,5,0,5
106900016,11,0,11
106900017,1,0,1
106900018,0,0,0
106900019,3,0,3
106900020,1972,237,1735
106900021,2,32,-30
106900022,26,0,26
106900023,1,237,-236
106900024,117,2,115
106900025,24,479,-455
106900026,2,873,-871
106900027,78,0,78
107000001,525,893,-368
107000002,1831,3162,-1331
107000003,1700,2931,-1231
107000004,4348,5716,-1368
107000005,776,1571,-795
107000006,2163,6197,-4034
107000007,2638,2429,209
107000008,17760,11128,6632
107000009,2378,2412,-34
107000010,9547,11651,-2104
107000011,802,1190,-388
107000012,2611,2897,-286
107000013,24,200,-176
107000014,25,277,-252
107000015,160,833,-673
107000016,167,1235,-1068
107000017,3067,891,2176
107000018,5,290,-285
107000020,1282,268,1014
107000021,1493,1353,140
107000022,747,2284,-1537
107000023,2086,469,1617
107000024,441,2778,-2337
107000025,106,254,-148
107000026,68,738,-670
107000027,670,634,36
107000028,757,1230,-473
107000029,677,932,-255
107000030,2312,2461,-149
107000031,719,1175,-456
107000032,109,258,-149
107000033,3288,5202,-1914
107000034,6052,1874,4178
107000035,155,117,38
107000036,294,778,-484
107000037,64,338,-274
107000038,182,255,-73
107000039,235,246,-11
107000040,66,339,-273
107000041,682,413,269
107000042,356,1126,-770
107000043,1889,458,1431
107000044,467,417,50
107000045,35,271,-236
107000046,274,211,63
107000047,171,670,-499
107000048,216,260,-44
107000049,118,584,-466
107000050,318,287,31
107000051,445,276,169
107000052,545,405,140
107000053,99,70,29
107000054,31,229,-198
107000055,17,21,-4
107000056,297,648,-351
107000057,1301,192,1109
107000058,443,576,-133
107000059,1160,2453,-1293
107000060,1170,2389,-1219
107000061,3618,3809,-191
107000062,949,1330,-381
107000063,2153,5184,-3031
107000064,959,1083,-124
107000065,2243,5655,-3412
107000066,1025,953,72
107000067,626,635,-9
107000068,1157,320,837
107000069,185,249,-64
107000070,19,2,17
107000071,292,5,287
107000072,32,3277,-3245
107000073,71,49,22
107000074,117,771,-654
107000075,302,39,263
107000076,525,1753,-1228
107000077,551,81,470
107000078,698,2985,-2287
107000079,467,175,292
107000080,721,2909,-2188
107000081,244,215,29
107000082,210,2776,-2566
107000083,198,92,106
107000084,235,2538,-2303
107000085,1500,2042,-542
107000086,2246,2117,129
107000087,1401,1373,28
107000088,1438,2384,-946
107000089,628,1065,-437
107000090,611,708,-97
107000091,362,656,-294
107000092,303,803,-500
107000093,349,588,-239
107000094,376,960,-584
107000095,124,80,44
107000096,292,761,-469
107000097,67,45,22
107000098,235,318,-83
107000099,146,150,-4
107000100,226,188,38
107000101,19,54,-35
107000102,282,255,27
107000103,83,75,8
107000104,174,262,-88
107000105,106,54,52
107000106,97,248,-151
107000107,100,71,29
107000108,87,752,-665
107000109,0,0,0
107000110,24,614,-590
107000111,0,0,0
107000112,10,408,-398
107000113,0,0,0
107000114,42,641,-599
107000115,0,0,0
107000116,53,991,-938
107000117,3,1,2
107000118,62,250,-188
107000119,1072,261,811
107000120,1965,399,1566
107000121,139,295,-156
107000122,375,736,-361
107000123,99,463,-364
107000124,269,766,-497
107000125,133,518,-385
107000126,338,1124,-786
107000127,11,278,-267
107000129,43,130,-87
107000130,19,84,-65
107000131,182,329,-147
107000132,93,176,-83
107000133,95,129,-34
107000134,59,1,58
107000135,3,173,-170
107000136,124,4,120
107000137,4,297,-293
107000138,93,5,88
107000139,14,320,-306
107000140,267,11,256
107000141,82,653,-571
107000142,116,9,107
107000143,14,806,-792
107000144,129,100,29
107000145,56,478,-422
107000146,121,56,65
107000147,2110,601,1509
107000150,882,1725,-843
107000151,23,60,-37
107000152,189,335,-146
107000153,204,215,-11
107000154,23,37,-14
107000155,376,33,343
107000156,735,51,684
107000157,25,2877,-2852
107000158,142,18,124
107000159,14,1312,-1298
107000160,152,74,78
107000161,48,1881,-1833
107000162,63,225,-162
107000163,3,0,3
107000164,64,1,63
107000165,119,0,119
107000166,35,1363,-1328
107000167,175,173,2
107000168,313,143,170
107000169,589,1061,-472
107000170,365,214,151
107000171,306,3051,-2745
107000172,198,312,-114
107000173,365,1181,-816
107000174,548,1890,-1342
107000175,10637,1575,9062
107000176,0,0,0
107000177,0,0,0
107000178,6,20,-14
107000179,167,3110,-2943
107000180,350,283,67
107000181,95,1245,-1150
107000182,288,534,-246
107000183,61,1002,-941
107000184,157,531,-374
107000185,161,1266,-1105
107000186,142,208,-66
107000187,549,744,-195
107000188,266,232,34
107000189,117,603,-486
107000190,182,621,-439
107000191,202,421,-219
107000192,518,827,-309
107000193,152,220,-68
107000194,443,666,-223
107000197,150,107,43
107000198,101,697,-596
107000199,499,772,-273
107000200,711,328,383
107000201,191,248,-57
107000202,163,314,-151
107000203,552,475,77
107000204,653,413,240
107000205,3095,1251,1844
107000206,593,267,326
107000207,719,715,4
107000208,1631,237,1394
107000209,1555,349,1206
107000210,1287,169,1118
107000211,2,7,-5
107000212,7,256,-249
107000213,12,8,4
107000214,5,140,-135
107000215,153,438,-285
107000216,68,551,-483
107000217,25,129,-104
107000219,18,98,-80
107000220,32,349,-317
107000222,165,741,-576
107000224,175,22,153
107000225,106,951,-845
107000226,104,55,49
107000227,67,631,-564
107000228,100,131,-31
107000229,139,117,22
107000230,964,397,567
107000231,176,204,-28
107000232,38,40,-2
107000233,184,187,-3
107000234,1,3,-2
107000235,0,2,-2
107000236,11,671,-660
107000237,0,0,0
107000238,0,1,-1
107000239,5741,262,5479
107000240,19,1131,-1112
107000241,68,13,55
107000242,563,57,506
107000243,0,53,-53
107000244,13,70,-57
107000246,3,1132,-1129
107000249,1,808,-807
107000251,0,259,-259
107000252,7,1503,-1496
107000255,588,64,524
107000257,1,604,-603
107000258,4,127,-123
107000259,3,326,-323
107000260,46,0,46
107000262,8,970,-962
107000263,47,0,47
107000266,2,0,2
107000267,24,168,-144
107000268,101,172,-71
107000269,69,13,56
107000270,2,17,-15
107000271,7,1199,-1192
107000272,2,250,-248
107000273,2,283,-281
107000274,1786,258,1528
107000275,184,775,-591
107000280,116,12,104
107000281,12,1132,-1120
107000282,26,2000,-1974
107000290,4,79,-75
107000291,5,9,-4
107000292,2,101,-99
107000293,76,2,74
107000294,0,51,-51
107000295,32,1,31
107000296,0,0,0
107000444,205,12,193
107000496,0,14,-14
107000497,724,3301,-2577
107000500,183,300,-117
107000501,42,118,-76
107000502,35,286,-251
107000505,425,601,-176
107000506,0,25,-25
107000508,3,743,-740
107000509,109,148,-39
107000510,9,6,3
107000514,3,232,-229
107000515,6,273,-267
107000516,50,101,-51
107000518,141,83,58
107000519,2615,1028,1587
107000520,11,10,1
107900001,14,329,-315
107900002,37,0,37
107900003,74,9,65
107900004,1,1,0
107900005,174,0,174
107900006,6,0,6
107900007,49,6,43
107900008,46,38,8
107900009,56,0,56
107900010,8,1,7
107900012,129,1,128
107900013,94,64,30
107900014,2,1,1
107900015,149,1,148
107900016,305,93,212
107900017,2,1,1
107900018,9,14,-5
107900019,6,67,-61
107900020,83,7,76
107900021,6,139,-133
107900023,0,0,0
107900024,0,11,-11
107900025,145,335,-190
107900026,8,140,-132
107900027,29,99,-70
107900028,4,98,-94
107900030,71,4,67
107900031,10,239,-229
107900032,0,1,-1
107900033,8,1,7
107900034,64,6,58
107900035,168,6,162
107900036,6,1,5
107900037,0,25,-25
107900038,111,36,75
107900039,0,54,-54
107900040,50,42,8
107900041,0,0,0
107900043,12,131,-119
107900044,3,1,2
107900045,9,4,5
107900046,43,20,23
107900047,1,42,-41
107900048,45,0,45
107900049,151,454,-303
107900050,35,292,-257
107900051,28,73,-45
107900052,1,0,1
107900053,17,82,-65
107900055,114,68,46
107900056,17,7,10
107900057,0,0,0
107900058,17,771,-754
107900060,0,18,-18
107900061,7,0,7
107900063,21,58,-37
107900064,140,8,132
107900065,36,0,36
107900066,2,6,-4
107900067,0,0,0
107900068,69,109,-40
107900069,14,182,-168
107900070,11,5,6
107900071,13,1104,-1091
107900072,6,201,-195
107900073,7,86,-79
107900074,760,57,703
107900076,39,54,-15
107900077,3,1,2
107900078,87,5,82
107900079,5,9,-4
107900080,84,97,-13
107900081,1,40,-39
107900082,12,11,1
107900083,57,62,-5
107900084,9,44,-35
107900086,18,50,-32
107900087,229,23,206
107900088,14,1,13
107900089,287,755,-468
107900090,184,260,-76
107900091,51,445,-394
107900092,2179,429,1750
107900093,11,32,-21
107900095,2292,813,1479
107900097,6,27,-21
107900098,28,51,-23
107900100,677,214,463
107900101,752,76,676
107900102,4,4,0
107900103,58,119,-61
107900104,29,3,26
107900105,1,446,-445
107900106,3,1668,-1665
107900107,1403,109,1294
107900108,226,28,198
107900109,116,4,112
107900110,5,96,-91
107900111,6,1338,-1332
107900112,50,129,-79
107900113,12,61,-49
107900114,43,252,-209
107900115,19,42,-23
107900116,20,224,-204
107900117,109,333,-224
107900118,25,140,-115
107900119,30,49,-19
107900120,12,4,8
107900121,0,108,-108
107900122,2,31,-29
107900123,1,28,-27
107900124,7,75,-68
107900125,6,147,-141
107900126,0,28,-28
107900127,493,45,448
107900128,70,26,44
107900129,3,23,-20
107900130,2,18,-16
107900131,68,18,50
107900132,45,400,-355
107900133,2,40,-38
107900134,12,8,4
107900135,4,196,-192
107900136,58,25,33
107900137,34,81,-47
107900138,1,34,-33
107900139,2,9,-7
107900140,49,72,-23
107900141,11,3,8
107900142,21,945,-924
107900143,28,36,-8
107900144,0,110,-110
107900145,14,75,-61
107900146,12,75,-63
107900147,5,14,-9
107900148,97,151,-54
107900149,1957,68,1889
107900150,49,604,-555
107900151,3,101,-98
107900152,15,274,-259
107900153,48,101,-53
107900154,1,6,-5
107900155,5,20,-15
107900156,2,299,-297
107900157,26,55,-29
107900158,108,1,107
107900159,23,1021,-998
107900160,16,167,-151
107900161,24,239,-215
107900162,1,199,-198
107900163,48,27,21
107900164,5,14,-9
107900165,38,21,17
107900166,2,228,-226
107900167,0,0,0
107900168,1,53,-52
107900169,1,216,-215
107900171,8,1603,-1595
107900172,0,284,-284
107900173,4,228,-224
107900174,15,1,14
107900175,2,2,0
107900176,1,31,-30
107900177,0,228,-228
107900178,0,220,-220
107900179,3,96,-93
107900180,991,79,912
107900181,202,312,-110
107900182,7,1375,-1368
107900183,6,412,-406
107900184,5,232,-227
107900185,18,1,17
107900186,2,22,-20
107900187,0,129,-129
107900188,519,72,447
107900189,9,141,-132
107900190,100,10,90
107900191,10,121,-111
107900193,0,23,-23
107900194,33,1,32
107900195,4128,358,3770
107900196,17,25,-8
107900197,170,56,114
107900199,3,1143,-1140
107900201,32,135,-103
107900203,7,76,-69
107900204,200,230,-30
107900205,66,466,-400
107900206,251,114,137
107900207,5,522,-517
107900208,12,929,-917
107900209,235,65,170
107900210,27,78,-51
107900213,143,300,-157
107900214,0,125,-125
107900215,114,254,-140
107900216,12,57,-45
107900217,5,21,-16
107900218,17,1419,-1402
107900219,2,111,-109
107900220,113,41,72
107900221,169,179,-10
107900223,23,379,-356
107900224,102,281,-179
107900225,3,670,-667
107900226,26,212,-186
107900227,33,416,-383
107900228,1,99,-98
107900229,4,250,-246
107900230,2,125,-123
107900231,1,130,-129
107900232,17,259,-242
107900233,2,159,-157
107900234,20,159,-139
107900235,34,105,-71
107900236,12,112,-100
107900237,130,467,-337
107900238,10,70,-60
107900239,1091,322,769
107900240,3,151,-148
107900241,5,128,-123
107900242,9,322,-313
107900243,1,44,-43
107900244,82,1,81
107900245,56,16,40
107900246,24,4,20
107900248,53,455,-402
107900249,86,2,84
107900250,2,596,-594
107900251,7,1147,-1140
107900252,94,3,91
107900253,15,0,15
107900254,17,109,-92
107900255,204,20,184
107900256,467,591,-124
107900257,21,13,8
107900258,30,242,-212
107900259,33,271,-238
107900261,0,573,-573
107900262,7,88,-81
107900264,59,0,59
107900265,17,235,-218
107900267,17,10,7
107900268,28,1,27
107900269,0,2,-2
107900270,0,0,0
107900271,1,0,1
107900272,3,1,2
107900273,14,94,-80
107900274,10,0,10
107900275,38,0,38
107900276,2,54,-52
107900277,1,233,-232
107900278,46,306,-260
107900279,132,42,90
107900280,1629,865,764
107900281,2519,427,2092
107900282,19,78,-59
107900283,1607,256,1351
107900284,60,684,-624
107900285,31,122,-91
107900286,57,45,12
107900287,33,46,-13
107900290,0,28,-28
107900291,101,0,101
107900292,61,191,-130
107900293,23,351,-328
107900295,9,101,-92
107900297,2,199,-197
107900298,386,728,-342
107900299,3159,587,2572
107900300,22,168,-146
107900301,127,157,-30
107900302,18,5,13
107900303,12,240,-228
107900304,45,536,-491
107900305,46,3,43
107900306,9,4,5
107900307,19,273,-254
107900308,76,11,65
107900309,8,0,8
107900310,1,0,1
107900311,88,41,47
107900312,0,0,0
107900313,0,21,-21
107900314,0,42,-42
107900315,0,29,-29
107900316,6,0,6
107900317,8,1,7
107900318,1,41,-40
107900319,4,316,-312
107900320,3,163,-160
107900321,11,2,9
107900322,1,176,-175
107900323,0,143,-143
107900324,57,0,57
107900325,19,0,19
107900326,42,393,-351
107900327,2,0,2
107900328,0,0,0
107900329,0,0,0
107900330,0,475,-475
107900331,28,23,5
107900332,54,19,35
107900333,16,2,14
107900334,6,233,-227
107900335,37,67,-30
107900336,10,17,-7
107900337,1144,188,956
107900338,1,155,-154
107900339,0,19,-19
107900340,0,55,-55
107900341,7,0,7
107900342,15,108,-93
107900343,1,0,1
107900344,2,54,-52
107900345,27,23,4
107900346,12,0,12
107900347,4,1,3
107900348,2,0,2
107900349,11,0,11
107900350,32,248,-216
108000001,1185,1313,-128
108000002,1838,3100,-1262
108000003,1405,793,612
108000004,15309,13988,1321
108000005,1682,1360,322
108000006,3046,5608,-2562
108000007,1472,1559,-87
108000008,2959,5085,-2126
108000009,894,1573,-679
108000010,1743,4936,-3193
108000011,4168,3347,821
108000012,15035,13867,1168
108000014,150,299,-149
108000015,104,220,-116
108000016,124,586,-462
108000017,113,221,-108
108000018,225,259,-34
108000019,324,355,-31
108000020,170,159,11
108000021,308,1530,-1222
108000022,394,1402,-1008
108000023,390,49,341
108000024,36,560,-524
108000025,80,143,-63
108000026,41,499,-458
108000027,78,499,-421
108000028,30,213,-183
108000029,70,646,-576
108000030,31,133,-102
108000031,59,592,-533
108000032,356,174,182
108000033,244,1052,-808
108000034,365,150,215
108000035,554,2602,-2048
108000036,153,1473,-1320
108000037,407,145,262
108000038,471,128,343
108000039,173,2318,-2145
108000040,381,182,199
108000041,372,2490,-2118
108000042,30,219,-189
108000043,55,373,-318
108000044,125,107,18
108000045,79,1967,-1888
108000046,249,142,107
108000047,219,1190,-971
108000048,41,490,-449
108000049,75,70,5
108000050,65,395,-330
108000051,31,20,11
108000052,284,619,-335
108000053,70,29,41
108000054,268,699,-431
108000055,186,191,-5
108000056,562,884,-322
108000057,156,343,-187
108000058,625,873,-248
108000059,2491,1218,1273
108000060,29,178,-149
108000061,77,262,-185
108000062,142,242,-100
108000063,173,661,-488
108000064,47,124,-77
108000065,167,637,-470
108000066,616,322,294
108000067,438,219,219
108000068,140,126,14
108000069,122,1078,-956
108000070,254,175,79
108000071,219,1807,-1588
108000072,273,262,11
108000073,695,1712,-1017
108000074,60,103,-43
108000075,193,822,-629
108000076,133,160,-27
108000077,316,967,-651
108000078,613,581,32
108000079,758,1754,-996
108000080,189,284,-95
108000081,271,2924,-2653
108000082,839,1421,-582
108000083,587,309,278
108000084,183,1009,-826
108000085,81,103,-22
108000086,623,663,-40
108000087,47,450,-403
108000088,41,2,39
108000089,131,219,-88
108000090,48,31,17
108000091,44,441,-397
108000092,43,16,27
108000093,78,841,-763
108000094,100,24,76
108000095,118,577,-459
108000096,24,29,-5
108000097,55,551,-496
108000098,152,500,-348
108000099,1,0,1
108000100,0,9,-9
108000101,165,297,-132
108000102,432,754,-322
108000106,161,0,161
108000107,4,606,-602
108000108,145,10,135
108000109,4,689,-685
108000110,39,130,-91
108000111,90,583,-493
108000112,8,13,-5
108000113,322,276,46
108000115,261,248,13
108000117,548,242,306
108000118,44,98,-54
108000119,313,393,-80
108000120,4,259,-255
108000121,54,438,-384
108000122,47,214,-167
108000123,105,233,-128
108000124,57,662,-605
108000125,65,332,-267
108000126,44,601,-557
108000127,50,371,-321
108000128,88,782,-694
108000129,75,1437,-1362
108000130,53,319,-266
108000131,176,111,65
108000132,567,826,-259
108000133,159,239,-80
108000134,296,922,-626
108000135,193,147,46
108000136,603,1096,-493
108000137,140,381,-241
108000138,129,1084,-955
108000139,57,332,-275
108000140,18,22,-4
108000141,4,179,-175
108000142,16,121,-105
108000143,20,10,10
108000144,14,10,4
108000145,9,25,-16
108000146,13,10,3
108000147,14,65,-51
108000148,13,4,9
108000149,6,25,-19
108000150,21,8,13
108000151,7,3,4
108000152,27,539,-512
108000153,62,49,13
108000154,19,5,14
108000155,4,11,-7
108000156,268,65,203
108000157,56,229,-173
108000158,34,185,-151
108000159,420,68,352
108000160,4173,348,3825
108000161,4355,631,3724
108000165,0,147,-147
108000172,1,96,-95
108000173,2505,1012,1493
108000175,6,50,-44
108000178,362,390,-28
108000179,138,274,-136
108000181,29,39,-10
108000182,57,5,52
108000183,2,16,-14
108000184,682,683,-1
108000185,24,785,-761
108000186,41,40,1
108000187,22,834,-812
108000188,115,183,-68
108000189,177,340,-163
108000190,11,110,-99
108000192,46,580,-534
108000193,484,30,454
108000194,0,4,-4
108000195,4,1009,-1005
108000196,5,54,-49
108000198,130,357,-227
108000199,0,80,-80
108000200,115,611,-496
108000202,1,226,-225
108000203,14,1103,-1089
108000204,61,24,37
108000205,518,544,-26
108000339,843,130,713
108000364,84,93,-9
108000365,28,315,-287
108000367,85,244,-159
108000368,7,59,-52
108000369,1688,68,1620
108000371,2,548,-546
108000372,56,0,56
108000373,0,0,0
108000376,73,18,55
108000377,143,315,-172
108000378,4966,2874,2092
108000379,20,111,-91
108000381,9,9,0
108000382,8,0,8
108000383,1,25,-24
108900001,124,929,-805
108900002,126,29,97
108900003,253,878,-625
108900004,438,206,232
108900005,6,67,-61
108900006,243,137,106
108900007,23,129,-106
108900008,15,107,-92
108900009,8,58,-50
108900010,23,113,-90
108900011,70,275,-205
108900012,91,485,-394
108900013,18,239,-221
108900014,0,56,-56
108900015,0,30,-30
108900016,4,136,-132
108900017,127,135,-8
108900018,32,583,-551
108900019,5,1219,-1214
108900020,8,269,-261
108900021,60,314,-254
108900022,1,294,-293
108900023,15,71,-56
108900024,0,130,-130
108900025,13,76,-63
108900026,4,67,-63
108900028,17,611,-594
108900029,14,171,-157
108900031,11,669,-658
108900032,0,251,-251
108900034,1,314,-313
108900035,65,1920,-1855
108900036,167,380,-213
108900037,19,427,-408
108900039,4,586,-582
108900040,2,109,-107
108900041,4909,813,4096
108900042,4,247,-243
108900043,17,391,-374
108900045,24,594,-570
108900046,4,122,-118
108900047,0,38,-38
108900048,43,866,-823
108900049,4586,340,4246
108900050,0,229,-229
108900051,0,218,-218
108900052,1,303,-302
108900053,61,50,11
108900054,12,198,-186
108900055,41,525,-484
108900056,1,203,-202
108900057,1,250,-249
108900058,8,680,-672
108900059,117,2,115
108900060,57,57,0
108900061,35,16,19
108900062,3,371,-368
108900063,4,474,-470
108900064,10,61,-51
108900065,1,316,-315
108900066,74,53,21
108900067,18,232,-214
108900068,2,151,-149
108900069,12,152,-140
108900070,19,208,-189
108900071,13,34,-21
108900072,1996,79,1917
108900073,1,92,-91
108900074,21,453,-432
108900075,36,88,-52
108900076,58,32,26
108900077,31,123,-92
108900078,3,173,-170
108900079,448,210,238
108900080,8,123,-115
108900081,27,185,-158
108900082,8,90,-82
108900083,5,71,-66
108900084,273,81,192
108900085,1441,61,1380
108900086,11,302,-291
108900087,99,128,-29
108900088,220,87,133
108900089,1,48,-47
108900090,5,391,-386
108900091,120,94,26
108900092,112,74,38
108900093,9,13,-4
108900094,79,60,19
108900095,24,610,-586
108900096,383,20,363
108900097,64,190,-126
108900098,2734,77,2657
108900099,80,332,-252
108900100,22,75,-53
108900101,54,13,41
108900102,101,208,-107
108900103,27,39,-12
108900104,212,252,-40
108900105,9,221,-212
108900106,80,539,-459
108900108,21,13,8
108900109,2,2,0
108900110,45,518,-473
108900111,39,724,-685
108900112,38,6,32
108900113,15,2,13
108900114,1,3,-2
108900115,18,17,1
108900116,3,0,3
108900117,6,3,3
108900119,45,18,27
108900120,19,38,-19
108900121,55,6,49
108900122,26,11,15
108900123,5,8,-3
108900124,35,35,0
108900126,10,1,9
108900127,24,11,13
108900128,17,4,13
108900129,111,46,65
108900131,64,1,63
108900132,69,20,49
108900133,79,17,62
108900134,34,133,-99
108900135,18,0,18
108900137,11,0,11
108900138,121,9,112
108900139,62,35,27
108900140,18,159,-141
108900141,41,0,41
108900142,5,0,5
108900143,0,0,0
108900144,3,0,3
108900145,18,2,16
108900146,6,0,6
108900147,27,0,27
108900148,39,19,20
108900149,287,253,34
108900150,133,5,128
108900151,17,2,15
108900152,5,21,-16
108900153,13,513,-500
108900154,998,111,887
108900155,40,64,-24
108900156,18,15,3
108900157,7,611,-604
108900158,49,27,22
108900159,10,295,-285
108900160,7,179,-172
108900161,6,428,-422
108900162,7,0,7
108900163,2,39,-37
108900164,6,61,-55
108900165,81,49,32
108900167,1150,753,397
108900168,9781,969,8812
108900169,21,51,-30
108900171,5859,651,5208
108900172,20,7,13
108900173,168,286,-118
108900174,126,232,-106
108900176,51,499,-448
108900177,10012,1274,8738
108900178,4892,586,4306
108900179,155,337,-182
108900180,24,73,-49
108900182,4,109,-105
108900183,74,163,-89
108900184,48,89,-41
108900185,17,201,-184
108900186,7,261,-254
108900187,55,29,26
108900188,61,32,29
108900189,28,84,-56
108900190,20,2793,-2773
108900191,48,1,47
108900192,24,269,-245
108900193,36,17,19
108900194,6,344,-338
108900195,24,308,-284
108900196,20,578,-558
108900198,2,541,-539
108900199,29,273,-244
108900200,188,250,-62
108900201,89,790,-701
108900203,72,1,71
108900204,75,0,75
108900205,34,1,33
108900206,60,4,56
108900207,43,4,39
108900208,32,270,-238
108900209,134,699,-565
108900210,55,190,-135
108900211,32,100,-68
108900212,425,268,157
108900215,46,582,-536
108900216,153,70,83
108900217,13,0,13
108900218,16,1,15
108900219,4,1,3
108900220,18,1,17
108900221,16,24,-8
108900222,38,7,31
108900223,3,24,-21
108900224,19,49,-30
108900225,0,97,-97
108900226,49,3,46
108900227,27,28,-1
108900230,234,289,-55
108900231,22,205,-183
108900232,1,915,-914
108900233,74,6,68
108900234,90,13,77
108900235,113,534,-421
108900236,17,359,-342
108900237,4,230,-226
108900240,10,51,-41
108900241,9,31,-22
108900245,0,175,-175
108900249,23,1,22
108900250,26,61,-35
108900257,13,517,-504
108900258,9,220,-211
108900259,6,70,-64
108900260,3,91,-88
108900261,88,134,-46
108900262,286,44,242
108900263,31,355,-324
108900264,179,170,9
108900265,1342,155,1187
108900266,742,106,636
108900267,3,32,-29
108900268,0,1,-1
108900269,11,3,8
108900270,10,2,8
108900271,0,3,-3
108900272,41,1,40
108900273,747,197,550
108900274,11,38,-27
108900275,5,1,4
108900276,0,36,-36
109000001,1544,439,1105
109000002,4073,1149,2924
109000003,689,334,355
109000004,377,2765,-2388
109000005,495,422,73
109000006,518,1993,-1475
109000007,336,346,-10
109000008,261,1956,-1695
109000009,1107,607,500
109000010,897,3570,-2673
109000011,562,704,-142
109000012,952,4102,-3150
109000013,995,577,418
109000014,839,3548,-2709
109000015,1201,1131,70
109000016,9622,3865,5757
109000017,626,556,70
109000018,531,3377,-2846
109000019,609,511,98
109000020,743,2184,-1441
109000023,5,2,3
109000024,6,99,-93
109000025,276,168,108
109000026,434,252,182
109000027,61,145,-84
109000028,30,91,-61
109000029,118,73,45
109000030,16,409,-393
109000031,0,0,0
109000032,27,370,-343
109000033,39,8,31
109000034,20,11,9
109000035,3,7,-4
109000036,29,352,-323
109000037,61,333,-272
109000038,538,278,260
109000039,255,163,92
109000040,3991,1188,2803
109000041,6120,644,5476
109000042,649,710,-61
109000044,34,37,-3
109000045,50,452,-402
109000046,20,36,-16
109000047,24,445,-421
109000048,120,43,77
109000049,126,510,-384
109000050,38,43,-5
109000051,181,284,-103
109000052,180,1593,-1413
109000053,71,32,39
109000054,27,625,-598
109000055,56,87,-31
109000056,91,517,-426
109000057,72,79,-7
109000058,546,206,340
109000059,244,687,-443
109000060,163,27,136
109000061,1284,310,974
109000062,69,93,-24
109000063,130,249,-119
109000064,48,84,-36
109000065,28,395,-367
109000066,86,104,-18
109000067,27,324,-297
109000068,3,0,3
109000069,5,0,5
109000070,5,632,-627
109000071,195,51,144
109000072,65,295,-230
109000073,30,62,-32
109000074,12,240,-228
109000075,38,370,-332
109000076,26,92,-66
109000077,151,207,-56
109000078,16,70,-54
109000079,23,203,-180
109000080,17,114,-97
109000081,6,424,-418
109000082,106,319,-213
109000083,52,798,-746
109000088,46,404,-358
109000089,47,17,30
109000090,104,467,-363
109000091,109,31,78
109000092,236,656,-420
109000093,100,32,68
109000094,79,5,74
109000095,41,774,-733
109000096,155,17,138
109000097,52,85,-33
109000098,2,5,-3
109000099,115,250,-135
109000100,63,417,-354
109000101,231,647,-416
109000102,97,818,-721
109000103,108,579,-471
109000104,292,368,-76
109000105,182,1575,-1393
109000106,352,285,67
109000107,206,1714,-1508
109000108,208,260,-52
109000109,298,1610,-1312
109000110,323,220,103
109000111,616,2304,-1688
109000112,113,154,-41
109000113,70,191,-121
109000114,34,174,-140
109000115,378,22,356
109000116,2,175,-173
109000117,43,43,0
109000118,4,290,-286
109000119,129,202,-73
109000120,27,1308,-1281
109000121,24,29,-5
109000122,38,1405,-1367
109000123,18,88,-70
109000124,170,312,-142
109000125,105,224,-119
109000126,108,1091,-983
109000127,152,94,58
109000128,193,2710,-2517
109000129,371,147,224
109000130,270,2707,-2437
109000131,194,97,97
109000132,431,1544,-1113
109000133,102,674,-572
109000134,265,1320,-1055
109000135,535,1045,-510
109000136,102,437,-335
109000137,67,201,-134
109000138,137,509,-372
109000139,158,264,-106
109000140,24,456,-432
109000141,85,353,-268
109000142,37,462,-425
109000143,16,20,-4
109000145,38,57,-19
109000146,25,47,-22
109000148,3658,421,3237
109000149,13,23,-10
109000150,26,111,-85
109000155,149,334,-185
109000156,755,809,-54
109000158,6,192,-186
109000159,32,495,-463
109000160,199,348,-149
109000161,90,1173,-1083
109000162,712,874,-162
109000163,310,1153,-843
109000164,445,1958,-1513
109000165,371,567,-196
109000166,144,114,30
109000167,38,778,-740
109000170,17,50,-33
109000171,19,38,-19
109000172,18,34,-16
109000173,4,13,-9
109000174,19,59,-40
109000175,11,90,-79
109000176,91,348,-257
109000177,21,122,-101
109000178,80,57,23
109000179,7131,1213,5918
109000180,4542,1726,2816
109000181,6,39,-33
109000182,16,70,-54
109000183,7,42,-35
109000184,9,26,-17
109000185,8,49,-41
109000188,118,2555,-2437
109000189,425,575,-150
109000190,189,462,-273
109000191,58,344,-286
109000192,51,230,-179
109000193,57,484,-427
109000194,28,119,-91
109000195,23,426,-403
109000196,55,59,-4
109000197,44,505,-461
109000198,42,37,5
109000199,74,456,-382
109000206,50,42,8
109000207,28,42,-14
109000208,87,37,50
109000209,79,30,49
109000210,137,380,-243
109000211,29,121,-92
109000214,88,594,-506
109000215,11,31,-20
109000216,20,32,-12
109000217,74,71,3
109000218,198,50,148
109000221,96,1066,-970
109000222,158,15,143
109000223,114,135,-21
109000224,33,334,-301
109000225,18,38,-20
109000226,22,251,-229
109000227,209,1306,-1097
109000228,2,284,-282
109000231,3,536,-533
109000232,53,514,-461
109000236,71,734,-663
109000241,492,1386,-894
109000242,240,815,-575
109000293,3,12,-9
109000361,18,162,-144
109000364,73,585,-512
109000396,3,968,-965
109000397,114,2,112
109000399,81,460,-379
109000400,16,356,-340
109000403,11,135,-124
109000406,0,3,-3
109000407,95,222,-127
109000408,2,400,-398
109000410,339,133,206
109000411,21,8,13
109900001,7,0,7
109900002,152,3,149
109900003,56,1,55
109900004,257,145,112
109900005,4,1,3
109900006,32,220,-188
109900007,83,1003,-920
109900008,0,17,-17
109900009,34,1517,-1483
109900010,138,4,134
109900011,22,24,-2
109900012,36,75,-39
109900013,99,27,72
109900014,48,29,19
109900015,57,35,22
109900016,19,38,-19
109900017,21,40,-19
109900018,40,150,-110
109900019,25,75,-50
109900020,7,6,1
109900021,5,8,-3
109900022,14,327,-313
109900023,1,1,0
109900024,5,0,5
109900025,4,76,-72
109900026,4,126,-122
109900027,14,3,11
109900028,2436,227,2209
109900029,4,644,-640
109900030,2,1,1
109900031,0,68,-68
109900032,5,196,-191
109900033,1,332,-331
109900034,4,0,4
109900035,3,12,-9
109900036,31,68,-37
109900037,6,497,-491
109900038,9,174,-165
109900039,0,0,0
109900040,12,666,-654
109900041,22,428,-406
109900042,17,480,-463
109900044,95,238,-143
109900045,3,39,-36
109900046,10,31,-21
109900047,218,243,-25
109900048,28,48,-20
109900049,4,24,-20
109900050,2,263,-261
109900051,1,30,-29
109900052,9,207,-198
109900053,10,492,-482
109900054,90,33,57
109900055,6,197,-191
109900056,10,50,-40
109900057,4,268,-264
109900058,2,94,-92
109900059,109,29,80
109900060,78,69,9
109900061,66,240,-174
109900062,0,216,-216
109900063,2,171,-169
109900064,40,121,-81
109900065,60,95,-35
109900066,151,1040,-889
109900067,0,415,-415
109900068,6,1,5
109900069,0,19,-19
109900070,40,236,-196
109900071,1,23,-22
109900072,18,86,-68
109900073,48,555,-507
109900074,0,48,-48
109900075,4,7,-3
109900076,4,260,-256
109900077,9,67,-58
109900078,32,263,-231
109900080,44,328,-284
109900081,4,70,-66
109900082,23,433,-410
109900083,4,28,-24
109900084,9,127,-118
109900085,50,1066,-1016
109900086,28,64,-36
109900087,59,229,-170
109900089,106,44,62
109900090,280,709,-429
109900091,36,19,17
109900092,321,5,316
109900093,183,46,137
109900094,8,69,-61
109900095,44,119,-75
109900096,3,0,3
109900097,17,0,17
109900098,57,3,54
109900099,20,1,19
109900100,2,0,2
109900101,39,1,38
109900102,147,14,133
109900103,3,30,-27
109900104,74,1189,-1115
109900105,87,16,71
109900106,132,42,90
109900107,233,34,199
109900108,36,1992,-1956
109900109,11,436,-425
109900110,20,467,-447
109900111,87,920,-833
109900112,142,843,-701
109900113,105,115,-10
109900114,348,49,299
109900115,17,38,-21
109900117,124,50,74
109900118,100,349,-249
109900119,232,204,28
109900120,5,0,5
109900121,116,43,73
109900122,31,1,30
109900123,1,181,-180
109900124,17,895,-878
109900125,1,221,-220
109900126,15,163,-148
109900128,46,37,9
109900130,9472,487,8985
109900131,20,72,-52
109900132,14,119,-105
109900133,9,324,-315
109900134,3,13,-10
109900135,209,26,183
109900136,25,128,-103
109900137,13,340,-327
109900138,50,233,-183
109900140,39,417,-378
109900141,27,82,-55
109900142,188,103,85
109900145,0,44,-44
109900146,112,20,92
109900148,6,30,-24
109900149,50,26,24
109900150,2,26,-24
109900151,5,28,-23
109900152,0,15,-15
109900153,0,18,-18
109900154,0,0,0
109900155,8,1,7
109900157,20,184,-164
109900158,32,78,-46
109900159,40,1,39
109900160,16,21,-5
109900161,45,39,6
109900162,47,32,15
109900163,555,126,429
109900164,17,135,-118
109900165,46,0,46
109900166,1,152,-151
109900167,37,614,-577
109900168,35,452,-417
109900169,40,87,-47
109900170,150,148,2
109900171,41,52,-11
109900172,41,94,-53
109900173,3601,386,3215
109900174,7,120,-113
109900175,9,77,-68
109900176,22,171,-149
109900177,19,284,-265
109900178,8,117,-109
109900179,6,15,-9
109900180,0,0,0
110000001,268,477,-209
110000002,246,323,-77
110000003,790,602,188
110000004,358,353,5
110000005,668,800,-132
110000006,544,349,195
110000007,63,139,-76
110000008,3,54,-51
110000009,4,34,-30
110000010,4,45,-41
110000011,14,82,-68
110000012,525,421,104
110000013,8,243,-235
110000014,642,329,313
110000015,306,336,-30
110000016,196,465,-269
110000017,4750,293,4457
110000018,3838,494,3344
110000019,3,136,-133
110000020,342,131,211
110000021,429,241,188
110000022,479,111,368
110000023,3,127,-124
110000024,499,330,169
110000025,51,0,51
110000026,4,594,-590
110000027,309,153,156
110000028,393,472,-79
110000029,240,831,-591
110000030,86,222,-136
110000031,104,565,-461
110000032,340,257,83
110000033,80,120,-40
110000034,124,697,-573
110000035,179,1116,-937
110000036,323,678,-355
110000037,51,1270,-1219
110000038,136,411,-275
110000039,184,618,-434
110000040,237,587,-350
110000041,30,175,-145
110000042,47,573,-526
110000043,84,24,60
110000044,48,113,-65
110000045,264,25,239
110000046,2,7,-5
110000047,1,8,-7
110000048,2,6,-4
110000049,0,0,0
110000050,2,11,-9
110000051,0,1,-1
110000052,23,37,-14
110000053,3,0,3
110000054,94,166,-72
110000055,73,12,61
110000056,20,35,-15
110000057,152,680,-528
110000058,362,658,-296
110000059,287,521,-234
110000060,222,429,-207
110000061,782,864,-82
110000062,471,395,76
110000063,13,55,-42
110000064,60,110,-50
110000065,26,37,-11
110000066,7,25,-18
110000067,39,365,-326
110000068,32,530,-498
110000069,43,63,-20
110000071,21,94,-73
110000073,0,14,-14
110000075,4,89,-85
110000076,195,171,24
110000077,285,525,-240
110000078,16,50,-34
110000080,112,523,-411
110000081,5,180,-175
110000082,11,143,-132
110000083,163,471,-308
110000084,198,246,-48
110000085,2748,990,1758
110000086,805,481,324
110000087,0,38,-38
110000088,8,173,-165
110000089,31,154,-123
110000090,60,264,-204
110000091,1598,253,1345
110000092,12,125,-113
110000093,22,0,22
110000094,293,193,100
110000095,41,240,-199
110000096,3843,1051,2792
110000097,509,471,38
110000098,626,194,432
110000099,543,1015,-472
110000100,74,841,-767
110000101,8,652,-644
110000102,23,16,7
110000104,37,33,4
110000105,12,216,-204
110000106,124,81,43
110000107,215,274,-59
110000108,22,20,2
110000109,160,257,-97
110000110,3265,1316,1949
110000111,8508,1173,7335
110000112,760,182,578
110000113,451,332,119
110000114,210,233,-23
110000115,80,184,-104
110000116,11,19,-8
110000117,36,580,-544
110000118,119,223,-104
110000119,90,473,-383
110000120,122,106,16
110000121,38,268,-230
110000122,161,372,-211
110000123,135,222,-87
110000124,1,790,-789
110000125,319,4,315
110000126,86,3,83
110000127,161,5,156
110000128,12,1517,-1505
110000129,3,438,-435
110000130,32,51,-19
110000131,60,297,-237
110000132,4,572,-568
110000133,35,171,-136
110000134,8,217,-209
110000135,76,10,66
110000136,11,266,-255
110000137,110,620,-510
110000138,166,862,-696
110000139,220,1221,-1001
110000140,417,142,275
110000143,333,191,142
110000144,2011,468,1543
110000145,611,401,210
110000146,1964,377,1587
110000147,99,555,-456
110000148,68,123,-55
110000151,521,307,214
110000152,341,209,132
110000153,19,53,-34
110000154,14,6,8
110000155,1143,1040,103
110000156,390,694,-304
110000157,1683,944,739
110000160,190,372,-182
110000161,73,469,-396
110000166,58,62,-4
110000167,177,235,-58
110000168,351,129,222
110000169,89,128,-39
110000170,36,37,-1
110000171,136,71,65
110000172,64,723,-659
110000173,632,885,-253
110000174,45,1290,-1245
110000175,77,48,29
110000176,41,90,-49
110000177,38,374,-336
110000178,571,378,193
110000179,1055,205,850
110000180,38,282,-244
110000181,237,292,-55
110000182,228,200,28
110000183,10971,2678,8293
110000184,385,1168,-783
110000185,1162,595,567
110000186,722,442,280
110000191,147,488,-341
110000192,83,3,80
110000193,105,1,104
110000194,9,1204,-1195
110000195,62,405,-343
110000196,97,551,-454
110000197,12,207,-195
110000198,49,61,-12
110000199,40,94,-54
110000200,1045,733,312
110000201,249,293,-44
110000202,358,213,145
110000203,332,860,-528
110000204,3,347,-344
110000205,10,60,-50
110000206,409,1770,-1361
110000207,174,148,26
110000208,35,50,-15
110000209,50,711,-661
110000210,0,0,0
110000211,0,0,0
110000212,91,620,-529
110000213,26,37,-11
110000214,50,56,-6
110000215,21,721,-700
110000216,20,692,-672
110000217,87,142,-55
110000218,32,538,-506
110000219,105,26,79
110000220,14,499,-485
110000221,87,53,34
110000222,12,285,-273
110000223,2,36,-34
110000224,34,5,29
110000225,78,355,-277
110000226,10,7,3
110000227,260,236,24
110000228,58,14,44
110000229,1,234,-233
110000230,210,428,-218
110000231,62,118,-56
110000232,58,190,-132
110000233,36,178,-142
110000234,426,314,112
110000235,514,703,-189
110000236,143,857,-714
110000237,803,808,-5
110000238,390,866,-476
110000239,657,1086,-429
110000240,1,107,-106
110000242,0,43,-43
110000243,32,215,-183
110000244,42,252,-210
110000245,16,285,-269
110000246,174,498,-324
110000247,720,3132,-2412
110000248,1139,1094,45
110000249,35,3,32
110000250,3,223,-220
110000251,52,511,-459
110000252,68,261,-193
110000253,372,327,45
110000254,336,1286,-950
110000255,114,1172,-1058
110000256,170,104,66
110000257,244,301,-57
110000258,6,528,-522
110000259,25,17,8
110000260,8,539,-531
110000263,250,164,86
110000264,86,640,-554
110000265,560,651,-91
110000266,1049,1117,-68
110000267,6,234,-228
110000268,31,400,-369
110000269,0,68,-68
110000270,0,1,-1
110000271,1095,138,957
110000272,356,729,-373
110000273,1179,993,186
110000274,209,496,-287
110000275,3115,386,2729
110000276,88,169,-81
110000277,65,294,-229
110000278,191,785,-594
110000279,148,421,-273
110000280,102,333,-231
110000281,11,120,-109
110000282,74,41,33
110000283,9,16,-7
110000284,9,14,-5
110000285,2,174,-172
110000286,0,0,0
110000287,23,2,21
110000288,2,89,-87
110000289,308,903,-595
110000290,1209,402,807
110000291,5801,873,4928
110000292,846,1920,-1074
110000293,182,883,-701
110000294,374,448,-74
110000295,30,798,-768
110000296,122,245,-123
110000297,1320,227,1093
110000298,80,325,-245
110000299,167,17,150
110000301,88,7,81
110000302,57,1272,-1215
110000303,121,3,118
110000304,57,208,-151
110000305,173,12,161
110000306,47,2359,-2312
110000307,347,8,339
110000308,128,17,111
110000309,8,1630,-1622
110000310,136,46,90
110000311,10,1086,-1076
110000312,229,17,212
110000313,1478,1209,269
110000314,1,224,-223
110000315,2117,1327,790
110000316,374,944,-570
110000317,465,467,-2
110000318,2,88,-86
110000319,13,6,7
110000320,9,56,-47
110000321,3,14,-11
110000322,65,599,-534
110000323,124,294,-170
110000324,4813,1024,3789
110000325,368,827,-459
110000327,133,174,-41
110000328,118,559,-441
110000333,163,241,-78
110000334,233,1304,-1071
110000335,350,352,-2
110000336,197,1341,-1144
110000337,260,319,-59
110000338,38,303,-265
110000339,38,220,-182
110000340,55,154,-99
110000341,67,578,-511
110000342,83,4,79
110000343,0,10,-10
110000344,19,126,-107
110000345,16,66,-50
110000346,1557,804,753
110000347,599,384,215
110000348,1,15,-14
110000349,2,25,-23
110000350,7,0,7
110000351,176,570,-394
110000352,158,1366,-1208
110000353,2151,589,1562
110000354,578,1713,-1135
110000355,33,87,-54
110000356,0,0,0
110000357,119,11,108
110000361,11,62,-51
110000362,22,105,-83
110000363,113,116,-3
110000364,39,230,-191
110000365,41,0,41
110000366,0,92,-92
110000367,202,313,-111
110000368,0,66,-66
110000369,9,0,9
110000373,1,290,-289
110000374,9,1,8
110000375,56,610,-554
110000376,36,90,-54
110000377,0,0,0
110000378,26,256,-230
110000379,2719,745,1974
110000380,20,9,11
110000383,1,306,-305
110000384,601,70,531
110000385,2,264,-262
110000387,1,10,-9
110000388,8,227,-219
110000389,69,3,66
110000391,8,340,-332
110000396,10,116,-106
110000397,18,207,-189
110000398,1,26,-25
110000399,6,0,6
110000587,15,40,-25
110000589,46,100,-54
110000640,75,71,4
110000652,4,85,-81
110000653,38,361,-323
110000654,0,8,-8
110000656,1,541,-540
110000674,3,4,-1
110000675,3,7,-4
110000676,0,44,-44
110000679,438,223,215
110000682,30,36,-6
110000683,372,289,83
110000684,0,44,-44
110000685,0,0,0
110000686,0,17,-17
110000687,1,0,1
110000688,20,176,-156
110000689,6,59,-53
110000692,59,241,-182
110000693,51,140,-89
110000694,0,94,-94
110000695,64,682,-618
110000696,99,109,-10
110900001,35,10,25
110900002,18,221,-203
110900003,66,998,-932
110900004,69,338,-269
110900005,4218,578,3640
110900006,8,4,4
110900007,5,3,2
110900008,6,29,-23
110900009,49,9,40
110900010,2,78,-76
110900011,7,95,-88
110900012,3,144,-141
110900013,243,111,132
110900014,22,1,21
110900015,510,73,437
110900016,2,233,-231
110900017,59,30,29
110900018,107,7,100
110900019,18,8,10
110900020,15,595,-580
110900021,20,629,-609
110900022,44,383,-339
110900023,61,567,-506
110900024,12,585,-573
110900025,1,51,-50
110900027,15,246,-231
110900028,12,205,-193
110900029,43,529,-486
110900030,13,347,-334
110900031,2,144,-142
110900032,1,103,-102
110900033,16,287,-271
110900035,25,286,-261
110900036,15,10,5
110900037,7,15,-8
110900038,1104,143,961
110900039,7,211,-204
110900040,95,21,74
110900041,4,189,-185
110900042,19,57,-38
110900043,0,228,-228
110900044,169,28,141
110900045,19,897,-878
110900046,118,247,-129
110900047,612,48,564
110900049,26,14,12
110900050,1,0,1
110900051,17,168,-151
110900052,2,211,-209
110900053,24,46,-22
110900054,16,279,-263
110900055,6,0,6
110900056,40,88,-48
110900057,2,187,-185
110900058,53,255,-202
110900059,233,809,-576
110900060,93,35,58
110900061,7,30,-23
110900062,14,310,-296
110900063,9,78,-69
110900064,0,0,0
110900065,217,64,153
110900066,3,82,-79
110900067,545,270,275
110900068,176,232,-56
110900069,1,18,-17
110900070,69,30,39
110900071,140,125,15
110900073,1,30,-29
110900074,82,24,58
110900075,50,35,15
110900077,78,215,-137
110900078,2,97,-95
110900079,1421,180,1241
110900080,50,53,-3
110900081,0,109,-109
110900082,12,173,-161
110900083,19,11,8
110900084,6,238,-232
110900085,14,328,-314
110900086,39,48,-9
110900087,50,77,-27
110900088,1,0,1
110900090,7,8,-1
110900091,1,39,-38
110900093,86,23,63
110900095,13,65,-52
110900097,1,13,-12
110900098,6,106,-100
110900099,39,636,-597
110900100,1,17,-16
110900102,3,18,-15
110900105,854,445,409
110900108,0,107,-107
110900111,166,59,107
110900112,138,3,135
110900113,336,8,328
110900115,1,59,-58
110900116,107,2365,-2258
110900118,178,326,-148
110900119,5611,166,5445
110900120,1,90,-89
110900121,43,0,43
110900122,63,72,-9
110900125,87,93,-6
110900127,278,339,-61
110900128,64,90,-26
110900129,133,106,27
110900130,634,116,518
110900131,23,65,-42
110900132,43,8,35
110900133,16,269,-253
110900135,79,549,-470
110900136,34,2,32
110900137,35,0,35
110900138,487,640,-153
110900139,6,29,-23
110900140,32,5,27
110900141,2,73,-71
110900142,25,194,-169
110900143,11,38,-27
110900144,7,479,-472
110900145,49,1,48
110900146,259,21,238
110900147,88,153,-65
110900148,2,242,-240
110900149,0,57,-57
110900150,1,5,-4
110900151,4,76,-72
110900152,8,341,-333
110900153,26,14,12
111000001,149,88,61
111000002,291,456,-165
111000003,147,135,12
111000004,240,996,-756
111000005,315,258,57
111000006,651,1041,-390
111000007,1941,712,1229
111000008,2828,2212,616
111000009,229,723,-494
111000010,237,123,114
111000011,509,650,-141
111000012,257,142,115
111000013,261,843,-582
111000014,374,239,135
111000017,76,432,-356
111000018,93,334,-241
111000020,2028,1887,141
111000021,47,44,3
111000023,33,29,4
111000025,5974,1069,4905
111000029,14,66,-52
111000030,17,61,-44
111000031,1173,275,898
111000032,245,116,129
111000033,118,45,73
111000034,219,106,113
111000037,2654,950,1704
111000038,1308,1669,-361
111000039,550,1723,-1173
111000040,741,1792,-1051
111000041,785,858,-73
111000042,6050,1988,4062
111000043,381,233,148
111000044,256,48,208
111000045,432,461,-29
111000046,304,463,-159
111000047,547,746,-199
111000049,158,408,-250
111000050,1269,1571,-302
111000051,233,889,-656
111000052,299,970,-671
111000053,148,883,-735
111000054,127,786,-659
111000055,716,1933,-1217
111000056,64,681,-617
111000057,45,808,-763
111000058,17,84,-67
111000059,54,123,-69
111000060,277,177,100
111000061,140,226,-86
111000062,86,146,-60
111000063,377,389,-12
111000064,94,260,-166
111000065,244,334,-90
111000066,31,96,-65
111000067,151,578,-427
111000068,146,541,-395
111000069,1145,1528,-383
111000070,1908,967,941
111000071,100,524,-424
111000072,36,10,26
111000073,0,26,-26
111000074,285,240,45
111000075,87,226,-139
111000076,64,253,-189
111000077,415,627,-212
111000078,851,908,-57
111000079,708,460,248
111000080,187,382,-195
111000081,1827,2251,-424
111000082,257,482,-225
111000084,246,324,-78
111000085,302,1029,-727
111000086,1249,699,550
111000087,421,516,-95
111000088,2743,722,2021
111000089,261,627,-366
111000090,870,1044,-174
111000091,300,665,-365
111000092,482,1203,-721
111000093,196,580,-384
111000094,520,598,-78
111000095,187,941,-754
111000096,2086,3684,-1598
111000097,5220,759,4461
111000098,205,1181,-976
111000099,187,2214,-2027
111000100,131,2204,-2073
111000101,271,881,-610
111000102,36,900,-864
111000104,47,56,-9
111000107,11,750,-739
111000109,34,28,6
111000110,216,167,49
111000111,311,114,197
111000112,293,83,210
111000113,178,128,50
111000114,384,307,77
111000115,5955,510,5445
111000116,359,462,-103
111000117,257,463,-206
111000118,858,724,134
111000119,421,1201,-780
111000120,158,370,-212
111000121,78,334,-256
111000122,184,852,-668
111000123,318,3341,-3023
111000124,178,3625,-3447
111000125,66,2110,-2044
111000126,25,941,-916
111000127,30,13,17
111000128,91,33,58
111000129,232,67,165
111000130,172,323,-151
111000131,156,254,-98
111000132,72,55,17
111000133,57,100,-43
111000134,48,76,-28
111000135,4,69,-65
111000136,58,131,-73
111000138,3,7,-4
111000140,1,2,-1
111000141,28,264,-236
111000142,4,97,-93
111000143,1,93,-92
111000144,5,81,-76
111000145,0,0,0
111000146,0,0,0
111000147,0,0,0
111000148,20,81,-61
111000149,3,35,-32
111000150,5,3,2
111000151,4,11,-7
111000153,289,318,-29
111000154,330,155,175
111000155,45,118,-73
111000156,97,48,49
111000157,24,67,-43
111000158,317,135,182
111000159,1391,256,1135
111000160,108,197,-89
111000161,3,174,-171
111000162,8,123,-115
111000163,158,648,-490
111000164,678,2157,-1479
111000165,753,301,452
111000166,635,264,371
111000167,65,403,-338
111000168,99,234,-135
111000169,86,168,-82
111000170,182,228,-46
111000171,224,711,-487
111000172,37,414,-377
111000173,95,1018,-923
111000174,34,505,-471
111000175,18,262,-244
111000176,34,126,-92
111000177,82,233,-151
111000178,147,286,-139
111000179,15,130,-115
111000180,33,156,-123
111000181,189,196,-7
111000182,26,95,-69
111000183,62,84,-22
111000184,57,86,-29
111000185,120,525,-405
111000186,49,277,-228
111000187,28,229,-201
111000188,47,310,-263
111000189,1157,555,602
111000190,123,526,-403
111000191,75,478,-403
111000192,92,710,-618
111000193,279,343,-64
111000194,13,329,-316
111000195,42,445,-403
111000196,12,297,-285
111000197,42,44,-2
111000198,60,55,5
111000199,21,53,-32
111000200,51,124,-73
111000201,120,102,18
111000202,33,84,-51
111000203,52,46,6
111000204,74,68,6
111000213,36,208,-172
111000214,561,1101,-540
111000215,417,935,-518
111000217,331,459,-128
111000218,256,489,-233
111000219,187,247,-60
111000220,2361,708,1653
111000221,389,103,286
111000224,0,157,-157
111000225,35,31,4
111000226,10,0,10
111000227,2,0,2
111000228,14,130,-116
111000229,20,206,-186
111000230,82,358,-276
111000231,95,1256,-1161
111000232,104,701,-597
111000233,125,588,-463
111000234,32,141,-109
111000239,115,206,-91
111000240,3,9,-6
111000241,23,542,-519
111000242,9,3,6
111000243,28,841,-813
111000244,7,23,-16
111000245,161,564,-403
111000246,47,490,-443
111000247,78,1194,-1116
111000248,165,274,-109
111000249,201,813,-612
111000250,25,178,-153
111000251,22,141,-119
111000253,0,0,0
111000255,0,0,0
111000257,0,0,0
111000260,20,1095,-1075
111000261,155,15,140
111000271,7,305,-298
111000273,5231,851,4380
111000274,661,1267,-606
111000275,14,22,-8
111000276,186,2281,-2095
111000277,112,424,-312
111000278,233,143,90
111000291,171,1015,-844
111000298,164,161,3
111000299,94,5,89
111000300,35,456,-421
111000302,80,58,22
111000303,55,265,-210
111000312,36,44,-8
111000315,0,91,-91
111000320,201,426,-225
111000321,86,37,49
111000322,72,437,-365
111000323,34,7,27
111000324,108,155,-47
111000325,5,30,-25
111000326,32,354,-322
111000327,112,338,-226
111000328,91,272,-181
111000329,3,14,-11
111000330,7,1,6
111000331,1,5,-4
111000332,224,830,-606
111000334,191,1316,-1125
111000335,136,78,58
111000337,129,387,-258
111000338,4,150,-146
111000339,81,819,-738
111000340,26,683,-657
111000341,322,86,236
111000342,41,197,-156
111000344,353,367,-14
111000345,11,14,-3
111000346,9,92,-83
111000347,7,4,3
111000350,84,26,58
111000351,41,160,-119
111000352,31,32,-1
111000353,43,274,-231
111000354,80,29,51
111000355,73,616,-543
111000358,34,1719,-1685
111000360,25,895,-870
111000361,25,399,-374
111000546,95,635,-540
111000547,43,389,-346
111000548,52,143,-91
111000549,54,246,-192
111000550,36,172,-136
111000551,265,43,222
111000552,38,5,33
111000907,28,8,20
111000908,0,0,0
111000916,213,229,-16
111000917,17,315,-298
111000918,27,988,-961
111000920,58,1,57
111000921,0,338,-338
111000922,82,310,-228
111000924,10,1159,-1149
111000925,522,681,-159
111000926,501,2252,-1751
111000927,2002,1412,590
111000928,6567,2755,3812
111000929,290,502,-212
111000930,375,2142,-1767
111000931,725,818,-93
111000932,2669,2045,624
111000933,1423,783,640
111000934,1700,2285,-585
111000935,347,512,-165
111000936,314,1857,-1543
111000937,256,553,-297
111000938,1035,2203,-1168
111000939,7,0,7
111000940,60,204,-144
111000941,60,373,-313
111000943,46,190,-144
111000944,20,474,-454
111000945,5,2147,-2142
111001109,44,22,22
111001110,57,774,-717
111001111,9,1,8
111001112,12,1,11
111001113,47,54,-7
111001114,208,10,198
111001115,21,334,-313
111001116,2589,313,2276
111001117,682,424,258
111001120,37,266,-229
111001121,53,229,-176
111001122,118,547,-429
111001123,6,38,-32
111900001,2,183,-181
111900002,1,861,-860
111900003,4,424,-420
111900004,12,183,-171
111900006,6,0,6
111900007,6,1,5
111900008,22,1,21
111900009,15,114,-99
111900010,127,450,-323
111900012,78,81,-3
111900013,0,45,-45
111900014,7634,749,6885
111900015,0,35,-35
111900016,0,161,-161
111900017,0,153,-153
111900018,11,2,9
111900019,1,46,-45
111900020,2,21,-19
111900021,16,64,-48
111900022,7,42,-35
111900023,102,35,67
111900024,0,129,-129
111900025,0,45,-45
111900026,0,82,-82
111900027,6,109,-103
111900028,4,560,-556
111900029,0,59,-59
111900030,42,245,-203
111900031,3,91,-88
111900032,6,452,-446
111900033,3,107,-104
111900034,37,241,-204
111900035,5,194,-189
111900036,3,443,-440
111900038,134,324,-190
111900039,35,290,-255
111900040,8,744,-736
111900042,28,44,-16
111900043,2,551,-549
111900044,74,138,-64
111900046,46,235,-189
111900048,34,947,-913
111900049,22,336,-314
111900050,17,10,7
111900051,1,263,-262
111900052,294,622,-328
111900053,1153,156,997
111900054,32,0,32
111900055,17,825,-808
111900056,77,61,16
111900057,19,35,-16
111900058,46,901,-855
111900059,1097,69,1028
111900060,51,0,51
111900061,9,327,-318
111900062,3,11,-8
111900063,33,170,-137
111900064,71,265,-194
111900065,21,8,13
111900066,15,25,-10
111900067,1,263,-262
111900068,14,3,11
111900069,30,5,25
111900070,9,49,-40
111900071,0,206,-206
111900072,9,6,3
111900073,112,12,100
111900074,6,183,-177
111900075,20,2,18
111900076,20,11,9
111900077,12,0,12
111900078,25,1,24
111900079,2,3,-1
111900080,102,12,90
111900081,600,31,569
111900082,19,3,16
111900083,9,0,9
111900084,2,0,2
111900085,2,6,-4
111900086,3,0,3
111900087,19,0,19
111900088,27,0,27
111900089,7,0,7
111900090,38,4,34
111900091,15,0,15
111900092,4,0,4
111900093,27,0,27
111900094,12,0,12
111900095,79,3,76
111900096,17,0,17
111900097,9,0,9
111900098,13,0,13
111900099,7,0,7
111900100,10,3,7
111900101,11,1,10
111900102,42,692,-650
111900103,17,11,6
111900104,15,45,-30
111900105,44,44,0
111900106,1547,34,1513
111900107,21,72,-51
111900108,53,16,37
111900109,155,45,110
111900110,3389,95,3294
111900111,14,185,-171
111900112,614,336,278
111900113,151,31,120
111900114,244,60,184
111900115,6,39,-33
111900118,18,2,16
111900119,46,16,30
111900122,18,7,11
111900123,3,1,2
111900124,13,96,-83
111900125,37,2,35
111900126,26,0,26
111900127,2,589,-587
111900128,1,427,-426
111900129,14,3,11
111900130,11,1,10
111900131,20,1,19
111900132,14,905,-891
111900133,3,250,-247
111900134,23,362,-339
111900135,0,2,-2
111900136,12,21,-9
111900137,18,31,-13
111900138,1,58,-57
111900139,9,119,-110
111900140,12,11,1
111900141,5,10,-5
111900142,24,11,13
111900143,0,298,-298
111900144,0,175,-175
111900145,5,853,-848
111900146,3,411,-408
111900147,129,554,-425
111900148,15,1044,-1029
111900149,3,493,-490
111900150,3,181,-178
111900151,0,16,-16
111900152,63,23,40
111900153,1266,32,1234
111900154,3,51,-48
111900155,11,10,1
111900156,1,7,-6
111900157,5,2,3
111900158,54,8,46
111900159,20,5,15
111900160,34,2,32
111900161,14,19,-5
111900162,38,18,20
111900163,21,115,-94
111900164,12,2,10
111901113,30,209,-179
111901114,18,462,-444
111901115,3,0,3
111901116,7,1,6
111901117,3,2,1
111901118,38,12,26
111901119,1376,99,1277
111901120,99,230,-131
111901121,107,361,-254
111901122,4,539,-535
111901123,11,382,-371
111901124,32,1,31
111901125,23,54,-31
111901126,39,4,35
111901127,899,105,794
111901128,7,106,-99
111901129,2,148,-146
111901130,13,265,-252
111901131,1,187,-186
111901132,1,2,-1
111901133,4,2,2
111901134,7,0,7
111901135,0,2,-2
111901136,5,3,2
111901137,0,1,-1
111901138,14,40,-26
111901139,4,60,-56
111901140,7,128,-121
111901141,0,209,-209
111901142,0,141,-141
111901143,1,85,-84
111901144,14,2,12
111901145,11,66,-55
112000001,537,391,146
112000002,501,1964,-1463
112000003,221,406,-185
112000004,333,1609,-1276
112000005,599,675,-76
112000006,941,1795,-854
112000007,512,587,-75
112000008,908,1797,-889
112000009,2470,2664,-194
112000010,1127,1477,-350
112000011,1413,2192,-779
112000012,5706,1023,4683
112000013,7502,3093,4409
112000014,1585,365,1220
112000015,2018,1607,411
112000016,2101,792,1309
112000017,999,1138,-139
112000024,1342,520,822
112000026,3705,4601,-896
112000027,129,181,-52
112000028,1152,1639,-487
112000029,194,292,-98
112000030,192,116,76
112000031,1537,1349,188
112000032,850,52,798
112000033,2826,441,2385
112000034,299,26,273
112000035,82,260,-178
112000036,350,315,35
112000037,513,1137,-624
112000038,448,672,-224
112000039,5,33,-28
112000040,94,375,-281
112000041,308,542,-234
112000042,584,220,364
112000050,142,530,-388
112000051,208,350,-142
112000054,1377,1974,-597
112000057,661,271,390
112000058,433,343,90
112000059,709,259,450
112000061,6695,1235,5460
112000062,4190,414,3776
112000063,1385,442,943
112000064,5117,5049,68
112000065,2247,2707,-460
112000066,1114,422,692
112000067,406,660,-254
112000068,471,354,117
112000069,270,3389,-3119
112000070,514,245,269
112000071,337,3552,-3215
112000072,334,517,-183
112000073,551,1535,-984
112000074,144,407,-263
112000075,256,423,-167
112000076,1975,2186,-211
112000077,202,802,-600
112000078,368,556,-188
112000079,700,1372,-672
112000080,249,739,-490
112000081,753,1406,-653
112000082,411,310,101
112000083,276,1592,-1316
112000084,423,331,92
112000085,311,1174,-863
112000086,346,816,-470
112000087,76,505,-429
112000088,111,516,-405
112000089,109,402,-293
112000090,127,314,-187
112000091,237,1212,-975
112000092,354,423,-69
112000093,728,1140,-412
112000094,108,391,-283
112000095,341,705,-364
112000096,90,385,-295
112000097,176,238,-62
112000098,301,1668,-1367
112000099,152,126,26
112000100,288,462,-174
112000101,218,933,-715
112000102,166,260,-94
112000103,144,1446,-1302
112000105,168,1864,-1696
112000106,237,200,37
112000107,1,83,-82
112000108,84,1439,-1355
112000109,9,14,-5
112000110,342,162,180
112000111,1129,6177,-5048
112000112,3005,244,2761
112000113,1092,3114,-2022
112000114,1337,444,893
112000115,42,462,-420
112000116,173,791,-618
112000117,122,409,-287
112000118,414,841,-427
112000119,218,951,-733
112000120,32,358,-326
112000121,19,505,-486
112000122,69,48,21
112000123,75,66,9
112000124,38,26,12
112000125,19,69,-50
112000126,25,535,-510
112000127,2032,569,1463
112000128,1068,522,546
112000129,12,91,-79
112000130,8,23,-15
112000131,20,246,-226
112000132,22,306,-284
112000133,51,171,-120
112000134,159,361,-202
112000135,362,229,133
112000136,489,1356,-867
112000137,422,398,24
112000138,798,1402,-604
112000139,214,89,125
112000140,384,990,-606
112000141,162,118,44
112000142,80,1036,-956
112000143,276,124,152
112000144,116,1812,-1696
112000145,667,451,216
112000146,450,2290,-1840
112000147,654,843,-189
112000148,807,2020,-1213
112000149,22,278,-256
112000150,27,512,-485
112000151,110,284,-174
112000152,63,241,-178
112000153,43,84,-41
112000154,23,78,-55
112000155,76,41,35
112000157,275,199,76
112000158,53,490,-437
112000159,127,281,-154
112000167,67,8,59
112000169,130,220,-90
112000173,161,233,-72
112000175,99,348,-249
112000176,5222,1520,3702
112000177,122,93,29
112000178,33,483,-450
112000179,42,184,-142
112000180,60,210,-150
112000181,428,1495,-1067
112000182,166,1866,-1700
112000183,17,91,-74
112000184,74,308,-234
112000185,98,431,-333
112000187,1509,1861,-352
112000195,33,1,32
112000196,18,1,17
112000197,39,67,-28
112000198,24,501,-477
112000199,266,1117,-851
112000202,0,2,-2
112000216,29,80,-51
112000230,6,0,6
112000231,0,445,-445
112000256,3,32,-29
112000313,106,249,-143
112000314,25,4,21
112000337,70,570,-500
112000352,48,89,-41
112000392,1621,837,784
112000398,314,364,-50
112000399,540,514,26
112000400,1351,3444,-2093
112000401,1524,2193,-669
112000402,554,857,-303
112000403,690,858,-168
112000404,178,296,-118
112000405,446,1078,-632
112000406,2056,2489,-433
112000407,1662,2897,-1235
112000408,7305,5339,1966
112000409,1126,3755,-2629
112000410,129,74,55
112000411,4339,486,3853
112000412,574,137,437
112000413,7364,618,6746
112000414,24,59,-35
112000415,23,19,4
112000416,564,617,-53
112000417,56,34,22
112000421,19,99,-80
112000422,109,446,-337
112000424,1453,677,776
112000425,175,720,-545
112000426,41,104,-63
112000427,1,18,-17
112000428,16,310,-294
112000429,938,2118,-1180
112000430,825,2389,-1564
112000431,9,17,-8
112000432,335,2127,-1792
112000433,518,360,158
112000437,23,360,-337
112900001,2,0,2
112900002,31,1410,-1379
112900003,5,182,-177
112900004,2,393,-391
112900005,18,260,-242
112900006,5,498,-493
112900007,0,153,-153
112900008,0,11,-11
112900009,84,21,63
112900010,21,601,-580
112900011,262,238,24
112900012,0,52,-52
112900013,0,91,-91
112900014,3,248,-245
112900015,262,951,-689
112900016,1,206,-205
112900017,22,102,-80
112900018,1,374,-373
112900019,31,73,-42
112900020,466,1688,-1222
112900021,0,254,-254
112900022,0,46,-46
112900023,2,278,-276
112900024,11,157,-146
112900025,27,123,-96
112900026,3,276,-273
112900027,1,1171,-1170
112900028,13,66,-53
112900029,0,447,-447
112900030,249,127,122
112900031,2,603,-601
112900032,59,178,-119
112900034,0,30,-30
112900035,1,435,-434
112900036,22,110,-88
112900037,76,31,45
112900038,75,137,-62
112900039,10,273,-263
112900040,7,360,-353
112900041,907,375,532
112900042,23,410,-387
112900043,6,28,-22
112900044,299,270,29
112900045,426,210,216
112900046,179,47,132
112900047,6,4,2
112900049,8,63,-55
112900050,62,646,-584
112900051,280,717,-437
112900052,3,930,-927
112900053,150,87,63
112900054,214,21,193
112900055,79,6,73
112900056,109,88,21
112900057,6,823,-817
112900058,204,34,170
112900059,16,73,-57
112900060,4,249,-245
112900061,19,94,-75
112900062,26,198,-172
112900063,30,2,28
112900064,90,60,30
112900065,0,1,-1
112900066,36,18,18
112900067,430,71,359
112900068,7,3,4
112900069,2498,159,2339
112900071,4,4,0
112900072,105,281,-176
112900073,58,7,51
112900074,8,13,-5
112900075,1813,153,1660
112900076,14,2,12
112900078,35,95,-60
112900079,31,4,27
112900080,3,0,3
112900081,2,33,-31
112900082,76,2,74
112900083,10,12,-2
112900084,17,6,11
112900085,0,3,-3
112900086,7,0,7
112900087,138,34,104
112900088,7,3,4
112900089,146,3,143
112900090,1,3,-2
112900091,12,2,10
112900092,82,45,37
112900093,265,4,261
112900094,3,0,3
112900095,2,0,2
112900096,77,36,41
112900097,17,277,-260
112900098,1,2,-1
112900099,101,3,98
112900100,2,0,2
112900101,16,0,16
112900102,51,2,49
112900103,22,1,21
112900104,0,0,0
112900105,1,0,1
112900106,98,68,30
112900107,2,0,2
112900108,0,0,0
112900109,6,1,5
112900110,74,2,72
112900111,98,0,98
112900112,40,0,40
112900113,0,7,-7
112900114,11,23,-12
112900115,172,2,170
112900116,6,17,-11
112900117,44,84,-40
112900118,13,65,-52
112900119,13,0,13
112900120,433,119,314
112900121,141,106,35
112900122,5,155,-150
112900123,78,4,74
112900124,1,121,-120
112900125,25,152,-127
112900126,59,239,-180
112900127,91,23,68
112900128,306,539,-233
112900129,2,1087,-1085
112900130,38,37,1
112900131,28,171,-143
112900132,68,530,-462
112900133,25,1343,-1318
112900134,1,327,-326
112900135,46,6,40
112900136,1,34,-33
112900137,1,962,-961
112900138,6,530,-524
112900139,136,1098,-962
112900140,0,88,-88
112900141,78,27,51
112900142,48,19,29
112900143,11,453,-442
112900144,0,231,-231
112900145,21,382,-361
112900146,3,1218,-1215
112900147,9,2324,-2315
112900148,5,0,5
112900149,93,322,-229
112900151,14,17,-3
112900152,5432,831,4601
112900153,677,215,462
112900154,0,48,-48
112900155,9,0,9
112900156,31,1757,-1726
112900157,21,7,14
112900158,7,4,3
112900159,22,25,-3
112900160,4,250,-246
112900161,11,14,-3
112900162,20,4,16
112900163,37,7,30
112900164,11,30,-19
112900165,40,22,18
112900166,6,19,-13
112900167,2,17,-15
112900168,0,0,0
112900169,3,2,1
112900170,6,55,-49
112900172,68,3,65
112900173,121,103,18
112900174,58,8,50
112900175,49,12,37
112900176,6,6,0
112900177,44,9,35
112900178,250,452,-202
112900179,19,587,-568
112900180,445,3935,-3490
112900181,67,1,66
112900182,23,1435,-1412
112900183,73,103,-30
112900184,252,240,12
112900185,154,183,-29
112900186,1478,343,1135
112900187,15,94,-79
112900188,859,218,641
112900189,1,18,-17
112900190,2,71,-69
112900192,160,80,80
112900193,448,85,363
112900194,4,110,-106
112900195,79,11,68
112900196,177,703,-526
112900197,63,377,-314
112900199,54,456,-402
112900200,98,128,-30
112900201,19,46,-27
112900202,32,855,-823
112900203,26,137,-111
112900204,333,156,177
112900205,0,6,-6
112900206,0,36,-36
112900207,1,0,1
112900208,21,43,-22
112900209,180,373,-193
112900210,0,25,-25
112900211,35,79,-44
112900212,0,41,-41
112900213,2,2,0
112900214,6,2,4
112900215,5,201,-196
112900216,9,21,-12
112900217,3,112,-109
112900218,1,4,-3
112900219,4,25,-21
112900220,0,0,0
112900221,0,119,-119
112900222,0,13,-13
112900223,227,4,223
112900224,31,780,-749
112900225,43,567,-524
112900226,177,138,39
112900227,53,1521,-1468
112900228,10,17,-7
112900229,11,19,-8
112900230,8621,1585,7036
112900232,142,72,70
112900233,10,166,-156
112900234,3,103,-100
112900235,12,1,11
112900236,19,9,10
112900237,18,328,-310
112900238,1,55,-54
112900239,152,63,89
113000001,3052,3003,49
113000002,1934,2261,-327
113000003,1293,995,298
113000004,1459,1032,427
113000005,583,652,-69
113000006,373,741,-368
113000007,860,895,-35
113000008,566,1105,-539
113000009,383,626,-243
113000010,433,1076,-643
113000011,431,1750,-1319
113000012,392,324,68
113000013,569,292,277
113000014,1098,934,164
113000015,276,129,147
113000016,194,227,-33
113000017,58,225,-167
113000018,67,34,33
113000019,69,207,-138
113000020,15,7,8
113000021,152,529,-377
113000022,188,1272,-1084
113000025,38,213,-175
113000026,62,273,-211
113000027,174,233,-59
113000028,628,415,213
113000029,625,242,383
113000030,494,552,-58
113000031,253,200,53
113000032,180,114,66
113000033,389,186,203
113000034,489,237,252
113000035,22,30,-8
113000036,12,36,-24
113000037,47,24,23
113000038,11,53,-42
113000039,47,330,-283
113000040,35,76,-41
113000042,396,218,178
113000051,366,1169,-803
113000052,1871,892,979
113000053,163,636,-473
113000054,123,497,-374
113000055,354,758,-404
113000056,439,1574,-1135
113000058,500,948,-448
113000059,432,349,83
113000060,63,496,-433
113000061,477,921,-444
113000062,795,57,738
113000063,36,192,-156
113000064,8,293,-285
113000065,72,1090,-1018
113000066,98,57,41
113000067,460,618,-158
113000068,160,1828,-1668
113000069,171,1372,-1201
113000070,355,434,-79
113000071,119,547,-428
113000072,158,256,-98
113000073,373,1216,-843
113000074,538,171,367
113000075,1042,259,783
113000076,823,1336,-513
113000077,879,209,670
113000078,768,1427,-659
113000079,906,430,476
113000080,516,219,297
113000081,603,488,115
113000082,877,634,243
113000083,238,381,-143
113000084,866,970,-104
113000085,291,328,-37
113000086,477,858,-381
113000087,357,428,-71
113000088,1475,1003,472
113000089,316,912,-596
113000090,53,128,-75
113000091,772,185,587
113000094,187,62,125
113000095,150,1194,-1044
113000096,125,814,-689
113000097,195,171,24
113000098,50,17,33
113000099,761,85,676
113000100,84,348,-264
113000101,243,457,-214
113000102,124,57,67
113000103,1747,610,1137
113000104,227,1350,-1123
113000105,149,246,-97
113000106,139,575,-436
113000107,231,572,-341
113000108,499,1226,-727
113000109,333,1385,-1052
113000110,932,193,739
113000111,41,262,-221
113000112,103,188,-85
113000113,2017,151,1866
113000114,319,643,-324
113000116,487,187,300
113000117,579,181,398
113000118,42,254,-212
113000119,86,400,-314
113000120,15,159,-144
113000121,341,747,-406
113000124,40,122,-82
113000125,19,259,-240
113000127,3192,467,2725
113000128,302,368,-66
113000129,606,775,-169
113000133,4068,694,3374
113000134,8,330,-322
113000135,1025,916,109
113000137,1135,552,583
113000139,388,79,309
113000140,213,221,-8
113000141,516,49,467
113000142,926,912,14
113000143,188,104,84
113000144,230,535,-305
113000145,40,121,-81
113000146,85,78,7
113000147,71,125,-54
113000148,65,182,-117
113000149,71,179,-108
113000150,407,268,139
113000151,104,49,55
113000152,52,185,-133
113000153,1301,424,877
113000154,368,605,-237
113000155,180,203,-23
113000156,122,365,-243
113000157,167,677,-510
113000158,382,95,287
113000159,547,254,293
113000160,356,1122,-766
113000161,103,714,-611
113000162,403,200,203
113000163,32,19,13
113000164,8,119,-111
113000166,20,21,-1
113000167,13,212,-199
113000168,42,226,-184
113000169,42,10,32
113000170,29,37,-8
113000171,56,103,-47
113000172,71,19,52
113000173,14,6,8
113000174,50,607,-557
113000175,86,37,49
113000176,97,30,67
113000177,59,422,-363
113000178,95,419,-324
113000179,40,37,3
113000180,234,895,-661
113000181,365,916,-551
113000182,164,128,36
113000183,132,518,-386
113000184,12,101,-89
113000189,371,501,-130
113000190,1696,344,1352
113000192,1542,1034,508
113000193,2487,585,1902
113000194,866,917,-51
113000195,829,344,485
113000196,33,37,-4
113000197,439,418,21
113000198,14,221,-207
113000199,462,350,112
113000201,40,127,-87
113000202,2515,555,1960
113000203,52,25,27
113000204,689,1004,-315
113000205,10,17,-7
113000206,9,32,-23
113000207,27,10,17
113000208,31,40,-9
113000209,6,22,-16
113000210,5,20,-15
113000211,121,61,60
113000212,207,9,198
113000213,3,52,-49
113000214,42,125,-83
113000234,76,1368,-1292
113000410,52,50,2
113000411,2526,3355,-829
113000412,10397,1360,9037
113000413,4944,1578,3366
113000414,12298,7222,5076
113000415,2468,1835,633
113000416,9123,2475,6648
113000417,2817,1919,898
113000418,2391,2003,388
113000419,1399,1421,-22
113000420,3396,1966,1430
113000421,2316,2383,-67
113000422,19076,3685,15391
113000423,3094,2226,868
113000424,4525,3475,1050
113000425,21,46,-25
113000428,402,88,314
113000430,54,59,-5
113000432,308,48,260
113000433,120,952,-832
113000434,20,380,-360
113000435,8,953,-945
113000436,18,1436,-1418
113000437,46,3,43
113000438,18,0,18
113000439,5,156,-151
113000440,12,21,-9
113000441,21,101,-80
113000442,45,351,-306
113000443,21,174,-153
113000444,24,338,-314
113000445,18,51,-33
113000446,3,86,-83
113000448,112,75,37
113000449,148,88,60
113000450,448,409,39
113000451,821,54,767
113000452,110,55,55
113000453,57,181,-124
113000454,122,8,114
113000455,8,108,-100
113000456,2814,1427,1387
113000468,2385,281,2104
113000469,212,100,112
113000470,446,54,392
113000471,11,176,-165
113000472,45,196,-151
113000474,169,560,-391
113000475,1013,1545,-532
113000476,558,1577,-1019
113000477,1003,2113,-1110
113000478,2441,4497,-2056
113000479,4,239,-235
113000480,55,84,-29
113000482,0,2,-2
113000485,0,0,0
113000486,0,0,0
113000487,0,0,0
113000488,0,0,0
113000489,0,0,0
113000490,0,0,0
113000491,0,0,0
113000492,0,0,0
113000493,0,0,0
113000495,77,202,-125
113000496,17,75,-58
113000497,0,0,0
113000499,0,0,0
113000500,0,8,-8
113900001,0,8,-8
113900002,1,29,-28
113900003,0,23,-23
113900004,0,7,-7
113900005,0,5,-5
113900006,0,2,-2
113900007,3,3,0
113900008,0,0,0
113900009,5,0,5
113900010,4,0,4
113900011,0,0,0
113900012,0,1,-1
113900013,31,0,31
113900014,487,2,485
113900015,0,45,-45
113900016,17,0,17
113900017,0,44,-44
113900018,326,22,304
113900019,6,23,-17
113900020,10,1,9
113900022,0,0,0
113900023,0,0,0
113900024,44,60,-16
113900025,182,9,173
113900026,7,0,7
113900027,7,32,-25
113900028,6,268,-262
113900029,6,272,-266
113900030,15,0,15
113900031,0,0,0
113900032,2,0,2
113900033,25,49,-24
113900035,8,0,8
113900036,5,55,-50
113900037,43,534,-491
113900038,6,8,-2
113900039,23,1,22
113900040,0,3,-3
113900041,0,1,-1
113900042,13,20,-7
113900043,103,62,41
113900044,65,17,48
113900045,8,4,4
113900046,268,724,-456
113900047,1,93,-92
113900048,378,19,359
113900049,809,48,761
113900050,96,280,-184
113900051,49,323,-274
113900052,90,74,16
113900053,164,29,135
113900054,1,2,-1
113900055,70,678,-608
113900056,3,109,-106
113900057,5,220,-215
113900058,16,150,-134
113900059,42,322,-280
113900060,42,226,-184
113900061,580,30,550
113900062,25,9,16
113900063,4,85,-81
113900064,8,108,-100
113900065,253,2,251
113900066,60,375,-315
113900067,16,352,-336
113900068,118,180,-62
113900069,73,6,67
113900070,172,433,-261
113900071,11,45,-34
113900072,10,146,-136
113900073,88,395,-307
113900074,12,381,-369
113900075,336,575,-239
113900076,51,5,46
113900077,19,255,-236
113900078,11,39,-28
113900079,0,55,-55
113900080,128,78,50
113900081,15,259,-244
113900082,23,155,-132
113900083,37,674,-637
113900084,72,37,35
113900085,17,337,-320
113900086,1,11,-10
113900087,14,231,-217
113900088,16,27,-11
113900089,124,18,106
113900090,174,161,13
113900091,15,15,0
113900092,5,37,-32
113900093,16,242,-226
113900094,32,445,-413
113900095,45,31,14
113900096,46,25,21
113900097,0,105,-105
113900098,113,23,90
113900099,0,36,-36
113900100,0,0,0
113900101,4,33,-29
113900102,31,34,-3
113900103,120,146,-26
113900104,29,65,-36
113900105,6,318,-312
113900106,1,73,-72
113900107,4,25,-21
113900108,96,108,-12
113900109,187,80,107
113900110,7,3,4
113900111,17,107,-90
113900112,18,68,-50
113900113,239,137,102
113900114,1,107,-106
113900115,0,61,-61
113900116,35,40,-5
113900117,21,8,13
113900118,47,113,-66
113900119,249,112,137
113900120,8,11,-3
113900121,12,71,-59
113900122,137,477,-340
113900123,106,76,30
113900124,0,54,-54
113900125,949,133,816
113900126,24,14,10
113900127,105,203,-98
113900128,26,28,-2
113900129,0,46,-46
113900130,0,4,-4
113900131,23,21,2
113900132,5,28,-23
113900133,14,22,-8
113900135,114,373,-259
113900136,34,40,-6
113900137,83,59,24
113900138,18,73,-55
113900139,538,47,491
113900140,417,116,301
113900141,98,393,-295
113900142,16,57,-41
113900143,27,4,23
113900144,257,75,182
113900145,46,105,-59
113900146,17,35,-18
113900148,82,104,-22
113900149,65,11,54
113900150,1560,382,1178
113900151,59,111,-52
113900152,8,47,-39
113900153,453,300,153
113900154,3,64,-61
113900155,181,31,150
113900156,90,670,-580
113900157,14,189,-175
113900158,554,89,465
113900159,5,106,-101
113900160,216,970,-754
113900161,9,63,-54
113900162,745,385,360
113900163,90,108,-18
113900164,55,14,41
113900165,420,400,20
113900166,164,48,116
113900167,69,39,30
113900168,90,82,8
113900169,73,351,-278
113900171,23,2,21
113900172,7,259,-252
113900173,50,601,-551
113900174,148,859,-711
113900175,55,20,35
113900176,70,718,-648
113900177,94,100,-6
113900178,36,33,3
113900179,18,622,-604
113900180,73,122,-49
113900181,92,35,57
113900182,125,770,-645
113900183,19,73,-54
113900184,11,529,-518
113900185,66,65,1
113900186,10,30,-20
113900187,20,150,-130
113900188,15,111,-96
113900189,56,19,37
113900190,210,63,147
113900191,114,187,-73
113900192,3,150,-147
113900193,27,307,-280
113900194,1713,736,977
113900195,179,405,-226
113900196,0,131,-131
113900197,2,308,-306
113900198,8,119,-111
113900199,169,539,-370
113900200,16,204,-188
113900201,1,284,-283
113900202,25,136,-111
113900203,4,309,-305
113900204,9,671,-662
113900205,16,53,-37
113900206,1,90,-89
113900207,1,67,-66
113900208,0,52,-52
113900209,0,117,-117
113900210,383,219,164
113900211,61,6,55
113900212,55,546,-491
113900214,304,252,52
113900215,9,103,-94
113900216,10,1182,-1172
113900217,20,329,-309
113900218,51,16,35
113900219,64,335,-271
113900220,53,38,15
113900221,130,65,65
113900222,52,123,-71
113900223,6,987,-981
113900224,58,39,19
113900225,491,98,393
113900226,113,85,28
113900227,136,95,41
113900228,352,179,173
113900229,9,333,-324
113900230,3713,606,3107
113900231,54,179,-125
113900232,25,84,-59
113900233,8,33,-25
113900234,54,139,-85
113900235,18,22,-4
113900236,3,246,-243
113900237,24,2,22
113900238,108,208,-100
113900239,12,13,-1
113900240,0,65,-65
113900241,78,65,13
113900242,22,113,-91
113900243,57,286,-229
113900244,452,117,335
113900245,1309,155,1154
113900246,8,1,7
113900247,130,144,-14
113900248,3684,538,3146
113900249,604,69,535
113900250,9,44,-35
113900251,157,163,-6
113900252,179,27,152
113900253,217,7,210
113900254,133,28,105
113900255,87,10,77
113900256,67,17,50
113900257,31,713,-682
113900258,5,545,-540
113900259,109,279,-170
113900260,28,22,6
113900261,5,139,-134
113900262,18,696,-678
113900263,30,452,-422
113900264,0,645,-645
113900265,47,282,-235
113900266,17,264,-247
113900267,54,381,-327
113900268,93,173,-80
113900269,24,98,-74
113900270,128,192,-64
113900271,153,1188,-1035
113900273,13,2,11
113900274,4,2,2
113900275,8,34,-26
113900276,2,264,-262
113900277,23,0,23
113900278,210,119,91
113900279,88,78,10
113900280,608,350,258
113900281,167,722,-555
113900282,558,179,379
113900283,187,321,-134
113900284,379,51,328
113900285,51,8,43
113900286,46,151,-105
113900287,9,87,-78
113900288,0,74,-74
113900289,1364,29,1335
113900290,371,17,354
113900291,135,204,-69
113900292,3,5,-2
113900293,1,153,-152
113900294,89,4,85
113900295,228,134,94
113900296,2201,293,1908
113900297,132,11,121
113900298,8,1437,-1429
113900299,8,145,-137
113900300,5686,1031,4655
113900301,312,47,265
113900302,1643,352,1291
113900303,372,51,321
113900304,0,184,-184
113900305,11,0,11
113900306,0,0,0
113900307,19,0,19
113900308,47,65,-18
113900309,4,886,-882
113900310,0,29,-29
113900311,0,0,0
113900312,13,48,-35
113900313,39,1,38
114000001,873,2554,-1681
114000002,96,345,-249
114000003,32,264,-232
114000004,114,454,-340
114000005,92,216,-124
114000006,2083,2061,22
114000007,315,1424,-1109
114000008,1203,832,371
114000009,95,80,15
114000011,1263,2279,-1016
114000012,548,2225,-1677
114000013,455,1838,-1383
114000014,191,268,-77
114000015,859,474,385
114000016,95,346,-251
114000017,79,113,-34
114000018,306,96,210
114000026,321,1256,-935
114000027,701,1382,-681
114000028,893,1167,-274
114000038,64,115,-51
114000039,63,91,-28
114000040,50,104,-54
114000042,34,160,-126
114000043,9,313,-304
114000044,35,33,2
114000045,19,91,-72
114000046,1600,4723,-3123
114000047,9,72,-63
114000048,10,27,-17
114000049,777,613,164
114000050,615,578,37
114000051,2040,902,1138
114000052,1704,560,1144
114000053,14,240,-226
114000054,20,1275,-1255
114000055,117,13,104
114000056,447,376,71
114000057,7206,1733,5473
114000058,207,236,-29
114000059,117,126,-9
114000060,147,645,-498
114000061,1622,442,1180
114000062,768,282,486
114000063,2183,1364,819
114000064,5865,1622,4243
114000065,1028,1480,-452
114000066,89,445,-356
114000067,14,115,-101
114000068,251,280,-29
114000069,341,329,12
114000070,1076,539,537
114000071,165,813,-648
114000072,85,378,-293
114000073,1,44,-43
114000074,7,11,-4
114000075,9,76,-67
114000076,1,71,-70
114000077,0,19,-19
114000078,55,1699,-1644
114000079,45,21,24
114000080,22,29,-7
114000081,4,14,-10
114000082,29,525,-496
114000083,13,266,-253
114000084,46,46,0
114000085,42,744,-702
114000086,58,697,-639
114000087,18,292,-274
114000088,5,39,-34
114000089,1067,272,795
114000090,188,184,4
114000091,581,231,350
114000092,467,162,305
114000093,327,427,-100
114000094,147,245,-98
114000095,31,29,2
114000096,46,439,-393
114000097,64,985,-921
114000098,74,23,51
114000099,73,1213,-1140
114000100,172,597,-425
114000101,220,1380,-1160
114000102,62,122,-60
114000103,49,449,-400
114000104,6,262,-256
114000105,24,50,-26
114000106,742,214,528
114000107,51,105,-54
114000108,1723,1120,603
114000109,62,91,-29
114000110,266,1485,-1219
114000111,161,168,-7
114000112,134,1316,-1182
114000113,130,135,-5
114000114,666,1280,-614
114000115,304,117,187
114000116,108,203,-95
114000117,332,120,212
114000118,349,148,201
114000119,221,121,100
114000120,312,985,-673
114000121,185,409,-224
114000122,173,188,-15
114000123,160,98,62
114000124,65,139,-74
114000125,503,1571,-1068
114000126,221,83,138
114000127,21,56,-35
114000128,113,196,-83
114000130,49,37,12
114000131,23,22,1
114000132,330,774,-444
114000133,728,1148,-420
114000134,42,204,-162
114000138,55,151,-96
114000139,106,76,30
114000144,170,167,3
114000145,30,199,-169
114000146,49,270,-221
114000147,496,445,51
114000148,1021,180,841
114000149,60,52,8
114000150,549,420,129
114000151,529,377,152
114000152,56,11,45
114000153,551,884,-333
114000154,425,482,-57
114000155,604,922,-318
114000156,257,223,34
114000157,74,385,-311
114000158,1858,518,1340
114000159,137,258,-121
114000160,76,162,-86
114000161,627,387,240
114000162,368,331,37
114000163,12,143,-131
114000165,92,73,19
114000166,289,67,222
114000167,2973,740,2233
114000168,343,502,-159
114000169,391,247,144
114000170,210,143,67
114000171,144,240,-96
114000174,95,345,-250
114000176,372,295,77
114000177,1902,591,1311
114000178,9,42,-33
114000179,390,90,300
114000180,196,439,-243
114000181,665,1089,-424
114000182,5607,1506,4101
114000183,671,581,90
114000184,618,1732,-1114
114000185,159,180,-21
114000189,73,14,59
114000190,315,26,289
114000191,16,14,2
114000192,204,1348,-1144
114000193,802,3234,-2432
114000194,625,1176,-551
114000195,20,3,17
114000196,3,247,-244
114000197,170,52,118
114000198,945,343,602
114000199,1402,707,695
114000200,313,2367,-2054
114000201,45,949,-904
114000202,578,713,-135
114000203,149,672,-523
114000204,54,346,-292
114000205,121,1480,-1359
114000206,195,1089,-894
114000207,405,2257,-1852
114000208,275,3068,-2793
114000209,320,3070,-2750
114000210,226,1618,-1392
114000211,374,952,-578
114000212,394,493,-99
114000213,466,360,106
114000214,15,181,-166
114000215,20,51,-31
114000216,94,13,81
114000217,9,254,-245
114000218,57,269,-212
114000219,201,250,-49
114000220,5,1172,-1167
114000221,96,48,48
114000222,98,1016,-918
114000223,98,17,81
114000224,50,630,-580
114000225,40,402,-362
114000226,20,227,-207
114000227,205,278,-73
114000228,183,739,-556
114000229,271,1149,-878
114000230,533,1170,-637
114000231,310,987,-677
114000232,92,62,30
114000233,438,37,401
114000234,381,778,-397
114000235,322,1306,-984
114000236,2,570,-568
114000237,31,1051,-1020
114000238,18,112,-94
114000239,151,1338,-1187
114000240,314,490,-176
114000241,136,839,-703
114000242,596,733,-137
114000243,358,420,-62
114000244,108,60,48
114000245,171,609,-438
114000246,94,22,72
114000247,247,444,-197
114000248,208,271,-63
114000249,188,268,-80
114000250,37,448,-411
114000251,45,279,-234
114000252,22,122,-100
114000253,6,46,-40
114000254,12,107,-95
114000255,338,90,248
114000256,609,272,337
114000257,487,2149,-1662
114000258,53,525,-472
114000259,12,302,-290
114000260,0,20,-20
114000261,1,0,1
114000262,52,209,-157
114000263,0,0,0
114000264,167,716,-549
114000265,1,13,-12
114000267,2,809,-807
114000268,3,1940,-1937
114000270,3,0,3
114000271,134,78,56
114000283,114,389,-275
114000285,43,288,-245
114000288,29,329,-300
114000289,476,89,387
114000293,40,272,-232
114000294,106,136,-30
114000395,101,10,91
114000396,78,120,-42
114000402,94,322,-228
114000403,123,505,-382
114000405,32,597,-565
114000423,37,549,-512
114000424,77,248,-171
114000425,101,752,-651
114000426,35,33,2
114000427,31,118,-87
114000428,85,46,39
114000429,5,178,-173
114000432,24,103,-79
114000434,12,79,-67
114000435,2,147,-145
114000436,4836,1137,3699
114000437,85,231,-146
114900001,140,1272,-1132
114900002,219,13,206
114900003,60,1765,-1705
114900004,48,76,-28
114900005,94,645,-551
114900006,7,11,-4
114900007,19,3,16
114900008,15,29,-14
114900010,1941,730,1211
114900011,20,50,-30
114900013,36,52,-16
114900015,14,77,-63
114900018,315,23,292
114900020,25,30,-5
114900022,8,436,-428
114900024,30,86,-56
114900025,101,163,-62
114900026,26,24,2
114900027,41,138,-97
114900029,20,4,16
114900030,61,181,-120
114900031,36,5,31
114900032,31,16,15
114900033,964,133,831
114900034,38,213,-175
114900035,81,197,-116
114900036,121,1257,-1136
114900037,41,186,-145
114900038,125,1511,-1386
114900039,174,932,-758
114900040,9,183,-174
114900041,154,753,-599
114900042,168,984,-816
114900043,685,215,470
114900044,17,9,8
114900046,27,105,-78
114900047,68,550,-482
114900048,12,134,-122
114900049,6,199,-193
114900050,2,557,-555
114900051,10,585,-575
114900052,95,84,11
114900053,64,163,-99
114900054,36,115,-79
114900057,42,0,42
114900058,0,70,-70
114900059,11,10,1
114900060,610,212,398
114900061,53,142,-89
114900062,193,206,-13
114900063,30,186,-156
114900064,205,776,-571
114900065,72,460,-388
114900067,3,216,-213
114900068,48,158,-110
114900069,157,143,14
114900070,109,488,-379
114900072,5,194,-189
114900073,0,187,-187
114900074,50,792,-742
114900075,20,3,17
114900076,1,416,-415
114900080,2136,218,1918
114900082,2394,608,1786
114900083,141,406,-265
114900090,47,67,-20
114900091,69,101,-32
114900095,341,91,250
114900096,367,367,0
114900097,7,0,7
114900098,0,104,-104
114900099,26,0,26
115000001,8133,6610,1523
115000002,1535,1286,249
115000003,2764,4604,-1840
115000004,846,1920,-1074
115000005,874,2916,-2042
115000006,230,699,-469
115000007,16,90,-74
115000008,198,153,45
115000009,67,192,-125
115000010,129,49,80
115000013,64,79,-15
115000015,45,104,-59
115000016,200,145,55
115000019,1,139,-138
115000020,116,82,34
115000021,171,269,-98
115000022,443,216,227
115000023,76,94,-18
115000024,850,415,435
115000025,135,133,2
115000026,107,287,-180
115000027,15,56,-41
115000028,80,499,-419
115000029,24,52,-28
115000030,129,679,-550
115000031,156,98,58
115000032,6,210,-204
115000033,36,5,31
115000034,59,694,-635
115000035,122,4,118
115000036,3,299,-296
115000037,27,0,27
115000038,21,115,-94
115000039,1279,924,355
115000040,4304,1483,2821
115000041,437,1171,-734
115000042,327,370,-43
115000043,1681,1463,218
115000044,2825,3601,-776
115000045,855,2183,-1328
115000046,532,1162,-630
115000047,603,945,-342
115000048,856,3093,-2237
115000049,1048,2621,-1573
115000050,1144,801,343
115000051,1312,695,617
115000052,2918,1637,1281
115000053,699,648,51
115000054,555,905,-350
115000055,28,308,-280
115000056,14,39,-25
115000057,126,321,-195
115000058,34,65,-31
115000059,4,168,-164
115000061,25,22,3
115000062,33,293,-260
115000063,38,320,-282
115000064,7,25,-18
115000065,15,133,-118
115000067,0,0,0
115000069,11,197,-186
115000070,17,335,-318
115000071,9,1,8
115000072,54,51,3
115000073,402,5,397
115000075,5,46,-41
115000076,2126,2913,-787
115000077,610,3991,-3381
115000078,261,1867,-1606
115000079,419,2301,-1882
115000080,691,2787,-2096
115000081,229,844,-615
115000082,1280,1974,-694
115000083,888,3324,-2436
115000084,254,602,-348
115000085,230,969,-739
115000086,109,469,-360
115000087,290,1251,-961
115000088,574,220,354
115000089,1382,1449,-67
115000090,420,75,345
115000091,264,990,-726
115000092,102,248,-146
115000093,1,0,1
115000094,5872,2123,3749
115000095,4737,2507,2230
115000096,220,1917,-1697
115000097,141,522,-381
115000098,202,728,-526
115000099,470,2468,-1998
115000100,140,299,-159
115000101,210,1464,-1254
115000102,105,112,-7
115000103,256,805,-549
115000105,40,229,-189
115000106,66,130,-64
115000107,67,555,-488
115000108,3179,2525,654
115000109,3946,800,3146
115000110,652,525,127
115000111,438,859,-421
115000112,286,342,-56
115000113,442,493,-51
115000114,989,507,482
115000116,2088,696,1392
115000117,2151,813,1338
115000118,642,830,-188
115000119,750,969,-219
115000120,281,382,-101
115000121,1270,547,723
115000122,2208,439,1769
115000123,1191,672,519
115000124,243,333,-90
115000125,185,383,-198
115000126,75,200,-125
115000127,115,92,23
115000128,712,396,316
115000129,54,79,-25
115000130,87,681,-594
115000131,59,190,-131
115000132,169,418,-249
115000133,146,288,-142
115000134,175,151,24
115000135,26,184,-158
115000136,35,114,-79
115000137,42,177,-135
115000138,47,100,-53
115000139,109,282,-173
115000140,40,115,-75
115000141,57,329,-272
115000142,29,337,-308
115000143,89,296,-207
115000144,101,55,46
115000145,45,570,-525
115000146,54,145,-91
115000147,91,497,-406
115000148,212,1303,-1091
115000149,185,162,23
115000150,335,1326,-991
115000151,225,326,-101
115000152,243,1955,-1712
115000153,202,313,-111
115000154,221,217,4
115000155,354,1270,-916
115000156,373,354,19
115000157,578,647,-69
115000158,336,176,160
115000159,284,235,49
115000160,443,266,177
115000161,352,487,-135
115000162,348,167,181
115000163,489,514,-25
115000164,349,394,-45
115000165,101,146,-45
115000167,24,17,7
115000168,183,125,58
115000169,350,389,-39
115000170,30,130,-100
115000171,101,66,35
115000172,1640,447,1193
115000173,49,76,-27
115000174,8,45,-37
115000175,25,43,-18
115000176,9,6,3
115000177,9,65,-56
115000178,7,295,-288
115000179,0,9,-9
115000180,23,643,-620
115000181,73,63,10
115000182,95,221,-126
115000183,77,930,-853
115000186,246,181,65
115000187,47,606,-559
115000188,114,211,-97
115000189,165,322,-157
115000190,158,148,10
115000191,141,241,-100
115000194,70,91,-21
115000195,107,25,82
115000196,9,54,-45
115000197,69,506,-437
115000198,27,132,-105
115000199,112,416,-304
115000200,75,43,32
115000201,41,397,-356
115000206,0,0,0
115000207,18,317,-299
115000208,468,633,-165
115000209,125,83,42
115000210,18,63,-45
115000211,117,189,-72
115000212,807,240,567
115000224,35,21,14
115000225,18,20,-2
115000229,85,69,16
115000230,10,243,-233
115000231,174,2259,-2085
115000232,154,307,-153
115000233,28,230,-202
115000234,1,149,-148
115000241,15,179,-164
115000242,28,114,-86
115000243,9,102,-93
115000244,1,97,-96
115000246,7,4,3
115000247,3,1,2
115000248,3,2,1
115000249,15,3,12
115000250,33,29,4
115000251,22,73,-51
115000252,7,77,-70
115000253,0,58,-58
115000258,46,50,-4
115000259,99,52,47
115000261,0,0,0
115000262,1,10,-9
115000263,1,5,-4
115000264,0,6,-6
115000267,5,8,-3
115000268,17,62,-45
115000269,10,31,-21
115000270,0,3,-3
115000272,13,68,-55
115000273,65,8,57
115000280,601,13,588
115000281,570,70,500
115000282,570,110,460
115000284,72,20,52
115000296,35,1,34
115000297,4,2,2
115000298,67,32,35
115000300,17,204,-187
115000302,40,102,-62
115000303,41,43,-2
115000304,85,26,59
115000305,33,1221,-1188
115000306,43,633,-590
115000307,18,235,-217
115000308,23,10,13
115000309,7,2,5
115000310,292,1283,-991
115000311,79,828,-749
115000313,110,719,-609
115000314,21,32,-11
115000315,956,165,791
115000316,16,33,-17
115000317,57,549,-492
115000318,176,128,48
115000319,18,299,-281
115000320,4,79,-75
115000321,51,14,37
115000322,13,242,-229
115000449,123,50,73
115000557,1,154,-153
115000558,19,23,-4
115000587,87,226,-139
115000588,1495,3813,-2318
115000589,1275,1219,56
115000590,380,1402,-1022
115000591,348,192,156
115000592,333,1204,-871
115000593,229,137,92
115000594,514,998,-484
115000609,35,64,-29
115000617,390,371,19
115000624,20,56,-36
115000633,109,1075,-966
115000634,914,352,562
115000635,52,37,15
115000638,793,259,534
115000641,48,70,-22
115000642,105,118,-13
115000643,38,312,-274
115000644,79,305,-226
115000646,434,556,-122
115000647,42,301,-259
115000648,242,1289,-1047
115000893,822,161,661
115000894,40,987,-947
115000895,83,801,-718
115000896,187,85,102
115000897,158,33,125
115000898,509,73,436
115000899,666,438,228
115000900,75,187,-112
115000901,44,39,5
115000912,60,26,34
115000913,1,39,-38
115000915,3,0,3
115000916,0,0,0
115000917,0,0,0
115000918,0,0,0
115000919,0,0,0
115000920,3,21,-18
115000921,1745,79,1666
115000922,130,57,73
115000923,180,559,-379
115000925,22,49,-27
115000927,4,21,-17
115000933,70,63,7
115000934,17,103,-86
115000935,11,92,-81
115900001,1,100,-99
115900002,31,132,-101
115900003,29,60,-31
115900004,1,33,-32
115900005,7,1,6
115900006,21,318,-297
115900008,6,3,3
115900009,16,180,-164
115900010,53,86,-33
115900011,63,202,-139
115900012,1,34,-33
115900013,182,90,92
115900014,57,139,-82
115900015,3,43,-40
115900016,12,13,-1
115900017,0,0,0
115900018,142,45,97
115900019,932,37,895
115900020,1,0,1
115900021,1472,33,1439
115900022,747,4,743
115900023,2,0,2
115900025,52,64,-12
115900026,975,341,634
115900027,0,368,-368
115900028,528,37,491
115900029,4,479,-475
115900030,28,25,3
115900031,158,43,115
115900032,154,464,-310
115900033,0,24,-24
115900034,7,458,-451
115900035,14,35,-21
115900036,70,103,-33
115900037,23,454,-431
115900038,0,2,-2
115900039,37,227,-190
115900041,92,91,1
115900042,0,1,-1
115900043,2,87,-85
115900044,78,63,15
115900046,58,201,-143
115900047,7,9,-2
115900049,51,118,-67
115900051,2,42,-40
115900052,5,268,-263
115900053,59,281,-222
115900054,10,69,-59
115900055,6,168,-162
115900056,30,440,-410
115900057,4,0,4
115900058,32,89,-57
115900060,35,109,-74
115900061,4,0,4
115900062,11,246,-235
115900063,33,25,8
115900064,85,112,-27
115900065,10,118,-108
115900066,166,167,-1
115900067,1,715,-714
115900068,3875,54,3821
115900069,45,95,-50
115900070,49,225,-176
115900071,2,648,-646
115900072,90,216,-126
115900073,8,12,-4
115900074,4,347,-343
115900075,14,364,-350
115900076,1,61,-60
115900077,3,339,-336
115900078,11,183,-172
115900079,14,11,3
115900080,211,57,154
115900081,6,104,-98
115900082,73,138,-65
115900084,26,10,16
115900085,39,19,20
115900086,1443,316,1127
115900088,7,12,-5
115900089,52,780,-728
115900090,17,4,13
115900091,1,17,-16
115900092,6,242,-236
115900093,1,31,-30
115900094,4,456,-452
115900096,0,12,-12
115900097,4,528,-524
115900098,39,447,-408
115900099,2,56,-54
115900100,3,586,-583
115900101,34,418,-384
115900102,1,50,-49
115900103,84,209,-125
115900104,4,90,-86
115900105,7,446,-439
115900106,5,17,-12
115900107,2,155,-153
115900108,8,19,-11
115900109,27,362,-335
115900110,0,15,-15
115900111,0,112,-112
115900112,13,815,-802
115900113,4,7,-3
115900114,1,150,-149
115900115,8,63,-55
115900116,73,978,-905
115900117,13,4,9
115900118,3,463,-460
115900119,12,54,-42
115900120,4,350,-346
115900121,28,229,-201
115900124,63,157,-94
115900125,89,10,79
115900126,192,24,168
115900127,165,16,149
115900128,6,37,-31
115900129,216,10,206
115900130,21,72,-51
115900131,48,3,45
115900132,38,14,24
115900134,55,16,39
115900135,348,231,117
115900137,3,5,-2
115900139,51,22,29
115900140,30,27,3
115900141,7,24,-17
115900142,2,10,-8
115900143,23,170,-147
115900144,3,133,-130
115900146,1,98,-97
115900147,62,79,-17
115900148,0,13,-13
115900149,1,32,-31
115900150,7,42,-35
115900151,3,48,-45
115900152,10,312,-302
115900153,18,187,-169
115900154,400,206,194
115900155,0,28,-28
115900156,284,457,-173
115900157,17,261,-244
115900158,8,6,2
115900159,12,183,-171
115900160,4,3,1
115900161,26,138,-112
115900163,45,76,-31
115900164,27,57,-30
115900165,0,57,-57
115900166,96,239,-143
115900168,6,94,-88
115900171,26,244,-218
115900172,13,102,-89
115900173,62,73,-11
115900174,125,92,33
115900175,19,108,-89
115900178,8,699,-691
115900179,25,3,22
115900180,11,212,-201
115900181,44,227,-183
115900182,67,247,-180
115900183,38,9,29
115900184,426,7,419
115900187,0,56,-56
115900189,0,46,-46
115900190,263,165,98
115900191,62,418,-356
115900192,6,40,-34
115900193,26,27,-1
115900194,151,10,141
115900195,269,261,8
115900198,50,164,-114
115900199,64,235,-171
115900200,184,256,-72
115900201,113,232,-119
115900202,0,0,0
115900203,1,2,-1
115900204,0,0,0
115900205,14,4,10
115900206,9,95,-86
115900207,2,18,-16
115900208,3,215,-212
115900209,2,121,-119
115900210,10,161,-151
115900211,1,193,-192
115900212,11,161,-150
115900213,1,4,-3
115900214,45,218,-173
115900215,11,3,8
115900216,0,85,-85
115900217,2,112,-110
115900218,0,69,-69
115900219,7,0,7
115900220,7,1,6
115900221,0,1,-1
115900222,0,1,-1
115900223,3,17,-14
115900224,563,35,528
115900225,60,3,57
115900226,5,9,-4
115900227,3,16,-13
115900228,0,38,-38
115900229,2,18,-16
115900230,19,18,1
115900231,18,0,18
115900232,9,0,9
115900233,10,1,9
115900234,13,5,8
115900235,1,12,-11
115900236,9,18,-9
115900237,1,71,-70
115900238,0,20,-20
115900239,1,38,-37
115900240,4,80,-76
115900241,26,53,-27
115900242,50,26,24
115900243,4,2,2
115900244,0,11,-11
115900245,1,6,-5
115900246,5,2,3
115900247,1,0,1
115900248,3,0,3
115900249,2,3,-1
115900250,2,7,-5
115900251,0,3,-3
115900252,0,0,0
115900253,2,0,2
115900254,2,3,-1
115900255,2,5,-3
115900256,12,6,6
115900257,1,0,1
115900258,0,1,-1
115900259,1,2,-1
115900260,9,4,5
115900261,5,5,0
115900262,0,2,-2
115900263,0,4,-4
115900264,1,1,0
115900265,0,4,-4
115900266,4,0,4
115900267,1,0,1
115900268,1,2,-1
115900269,79,225,-146
115900270,29,557,-528
115900271,3,0,3
115900272,3,0,3
115900273,6,1,5
115900274,0,13,-13
115900275,1,33,-32
115900276,0,41,-41
115900277,0,77,-77
115900278,0,46,-46
115900279,5,78,-73
115900280,22,68,-46
115900281,140,42,98
116000001,18848,3687,15161
116000002,1951,1847,104
116000003,1056,1640,-584
116000004,538,686,-148
116000005,1261,1842,-581
116000006,654,524,130
116000007,2495,3398,-903
116000008,1869,795,1074
116000009,1091,2214,-1123
116000010,485,383,102
116000011,370,1191,-821
116000012,256,321,-65
116000013,14740,3349,11391
116000014,18181,2496,15685
116000015,461,340,121
116000016,6981,757,6224
116000017,27,294,-267
116000018,457,256,201
116000019,134,195,-61
116000020,229,1026,-797
116000021,58,152,-94
116000022,110,331,-221
116000023,241,260,-19
116000024,389,1341,-952
116000025,182,325,-143
116000026,862,2015,-1153
116000027,351,323,28
116000028,95,224,-129
116000029,750,371,379
116000030,77,43,34
116000031,102,130,-28
116000032,49,243,-194
116000033,37,269,-232
116000034,64,327,-263
116000035,59,492,-433
116000036,830,207,623
116000037,194,195,-1
116000038,177,100,77
116000039,406,215,191
116000040,324,66,258
116000041,167,471,-304
116000042,169,77,92
116000043,42,348,-306
116000044,7,18,-11
116000045,242,243,-1
116000046,767,602,165
116000047,1200,1255,-55
116000048,491,575,-84
116000049,198,631,-433
116000050,739,1088,-349
116000051,494,565,-71
116000052,1569,2136,-567
116000053,360,242,118
116000054,322,1614,-1292
116000055,200,1092,-892
116000056,47,260,-213
116000057,2141,1596,545
116000058,2158,1064,1094
116000059,1487,1392,95
116000060,2827,562,2265
116000061,184,411,-227
116000062,299,158,141
116000063,177,489,-312
116000066,7,55,-48
116000067,159,563,-404
116000068,21,37,-16
116000069,127,365,-238
116000078,73,290,-217
116000080,523,812,-289
116000082,1,95,-94
116000083,422,224,198
116000084,1138,2419,-1281
116000085,970,489,481
116000086,1210,889,321
116000087,602,444,158
116000088,463,989,-526
116000089,71,65,6
116000090,47,64,-17
116000091,190,42,148
116000093,1188,540,648
116000094,181,613,-432
116000095,238,473,-235
116000096,256,900,-644
116000097,120,714,-594
116000098,62,2399,-2337
116000099,6443,277,6166
116000100,45,9,36
116000101,184,1146,-962
116000102,49,922,-873
116000103,128,166,-38
116000104,21,1222,-1201
116000105,232,148,84
116000106,51,1008,-957
116000107,297,416,-119
116000108,5,187,-182
116000111,19,15,4
116000113,45,24,21
116000114,5,97,-92
116000115,40,43,-3
116000116,124,566,-442
116000117,397,638,-241
116000118,485,1476,-991
116000119,515,560,-45
116000120,1312,4204,-2892
116000121,307,216,91
116000122,810,2738,-1928
116000123,175,214,-39
116000124,140,1153,-1013
116000125,401,326,75
116000126,204,1504,-1300
116000127,687,1478,-791
116000128,607,364,243
116000129,155,123,32
116000130,77,100,-23
116000133,162,630,-468
116000134,370,2584,-2214
116000135,443,867,-424
116000136,308,1777,-1469
116000137,255,364,-109
116000138,1498,300,1198
116000139,837,1618,-781
116000140,54,194,-140
116000141,208,827,-619
116000142,3057,3232,-175
116000143,961,767,194
116000144,707,2998,-2291
116000145,609,1192,-583
116000146,44,192,-148
116000147,104,62,42
116000148,100,237,-137
116000149,115,292,-177
116000151,282,924,-642
116000153,14,92,-78
116000155,22,79,-57
116000156,1006,921,85
116000157,5,5,0
116000158,49,336,-287
116000159,3,0,3
116000160,6,137,-131
116000161,10,96,-86
116000162,69,49,20
116000163,6,6,0
116000164,1,11,-10
116000177,10,112,-102
116000194,28,328,-300
116000195,462,393,69
116000196,0,5,-5
116000197,1,5,-4
116000198,709,454,255
116000200,497,159,338
116000201,310,531,-221
116000202,3,204,-201
116000203,2,79,-77
116000204,8,34,-26
116000205,0,142,-142
116000206,0,107,-107
116000207,0,32,-32
116000233,52,877,-825
116000287,21,552,-531
116000288,29,165,-136
116000292,6,265,-259
116000296,7,72,-65
116000297,11,2,9
116000304,13,9,4
116000305,3,93,-90
116000346,36,254,-218
116000352,12,70,-58
116000354,7,19,-12
116000357,1,13,-12
116000358,41,12,29
116000361,87,8,79
116000372,7423,1261,6162
116000381,17,0,17
116000388,1,39,-38
116000389,203,290,-87
116000445,64,862,-798
116000446,74,632,-558
116000447,3,273,-270
116000448,241,164,77
116000563,212,174,38
116000565,123,395,-272
116000568,16,60,-44
116000579,10,155,-145
116000584,8,18,-10
116000585,6,5,1
116000586,223,71,152
116000587,0,286,-286
116000589,13,99,-86
116000590,12,22,-10
116000591,32,194,-162
116000592,4,113,-109
116000593,1,14,-13
116000594,100,785,-685
116000595,128,239,-111
116000596,19,8,11
116000597,37,26,11
116000598,5,354,-349
116000602,49,35,14
116000605,71,132,-61
116000606,8,37,-29
116000607,6,63,-57
116000609,121,339,-218
116000611,11,576,-565
116000612,219,1076,-857
116000613,88,187,-99
116000614,249,850,-601
116000615,0,91,-91
116000616,15,136,-121
116000617,50,136,-86
116000618,1,269,-268
116000619,7,53,-46
116000620,0,0,0
116000621,2,19,-17
116000622,4,23,-19
116000624,2,59,-57
116000627,1,27,-26
116000628,18,535,-517
116000629,9,645,-636
116000630,35,29,6
116000631,1,23,-22
116000632,61,562,-501
116000633,5,659,-654
116000634,61,4,57
116000635,544,315,229
116900001,29,84,-55
116900002,152,4,148
116900003,3,121,-118
116900004,11,0,11
116900005,35,53,-18
116900006,87,74,13
116900007,34,125,-91
116900008,60,510,-450
116900009,6,0,6
116900010,5,1969,-1964
116900011,21,30,-9
116900012,25,136,-111
116900013,4,262,-258
116900014,5,411,-406
116900015,25,46,-21
116900016,16,0,16
116900017,2,768,-766
116900018,14,14,0
116900019,3,394,-391
116900020,1168,94,1074
116900023,4,3,1
116900024,27,56,-29
116900025,58,1044,-986
116900026,100,615,-515
116900027,2,28,-26
116900028,2,90,-88
116900029,0,4,-4
116900031,0,9,-9
116900032,3,302,-299
116900033,2,4,-2
116900034,7,70,-63
116900035,29,181,-152
116900036,0,72,-72
116900038,1,1,0
116900041,10,3,7
116900042,929,184,745
116900043,2,57,-55
116900045,78,11,67
116900047,69,22,47
116900049,28,269,-241
116900050,20,275,-255
116900051,4,242,-238
116900052,41,20,21
116900055,0,3,-3
116900057,19,274,-255
116900058,17,300,-283
116900059,2,132,-130
116900060,54,237,-183
116900062,0,3,-3
116900064,24,975,-951
116900065,1,62,-61
116900067,12,68,-56
116900068,63,442,-379
116900070,0,0,0
116900072,7,491,-484
116900073,3,207,-204
116900074,4,56,-52
116900076,0,6,-6
116900077,3,179,-176
116900078,143,128,15
116900079,6,314,-308
116900080,1,22,-21
116900081,136,1104,-968
116900082,113,770,-657
116900083,16,52,-36
116900084,55,36,19
116900085,12,146,-134
116900086,7,195,-188
116900088,150,22,128
116900090,116,27,89
116900091,34,76,-42
116900092,30,638,-608
116900093,1577,773,804
116900094,5884,983,4901
116900095,39,137,-98
116900096,103,63,40
116900097,2572,626,1946
116900098,862,60,802
116900099,290,203,87
116900100,169,6,163
116900101,180,697,-517
116900103,1,0,1
116900104,20,61,-41
116900105,84,11,73
116900106,198,219,-21
116900107,3530,462,3068
116900110,7,0,7
116900111,65,1198,-1133
116900112,31,633,-602
116900113,2300,349,1951
116900116,24,85,-61
116900117,13,83,-70
116900118,870,253,617
116900120,71,59,12
116900121,19,15,4
116900122,183,1009,-826
116900123,40,887,-847
116900124,36,604,-568
116900125,80,191,-111
116900126,174,354,-180
116900128,3,36,-33
116900129,1,285,-284
116900130,1022,1105,-83
116900131,44,76,-32
116900132,7,58,-51
116900133,6,78,-72
116900134,69,176,-107
116900136,46,113,-67
116900137,89,109,-20
116900138,48,153,-105
116900139,40,300,-260
116900140,72,128,-56
116900141,195,299,-104
116900142,1,7,-6
116900143,68,366,-298
116900144,7,13,-6
116900145,27,307,-280
116900147,284,257,27
116900148,1,19,-18
116900149,5,29,-24
116900150,7,3,4
116900151,8,0,8
116900153,10,27,-17
116900154,49,67,-18
116900155,11,18,-7
116900157,51,170,-119
116900158,13,27,-14
116900159,6,148,-142
116900160,350,119,231
116900161,7584,1392,6192
116900162,0,89,-89
116900163,17,123,-106
116900164,6,20,-14
116900165,24,61,-37
116900166,4,77,-73
116900167,50,47,3
116900168,78,80,-2
116900169,186,75,111
116900170,55,122,-67
116900171,9,205,-196
116900172,79,22,57
116900173,17,62,-45
116900174,1,11,-10
116900175,44,41,3
116900178,6,190,-184
116900179,33,18,15
116900180,7,30,-23
116900182,153,184,-31
116900183,38,52,-14
116900185,7,7,0
116900186,23,359,-336
116900187,8,3,5
116900188,30,14,16
116900189,3,0,3
116900191,102,232,-130
116900192,77,89,-12
116900194,8,193,-185
116900195,26,2,24
116900196,16,105,-89
116900197,15,1,14
116900198,200,61,139
116900200,5,39,-34
116900201,9,6,3
116900202,56,48,8
116900203,15,0,15
116900204,14,31,-17
116900206,1,59,-58
116900207,6,24,-18
116900208,3,70,-67
116900209,5,98,-93
116900210,143,85,58
116900211,83,4,79
116900212,1,82,-81
116900213,17,124,-107
116900214,28,90,-62
116900215,9,44,-35
116900216,74,295,-221
116900218,4,295,-291
116900219,616,343,273
116900220,34,73,-39
116900221,20,189,-169
116900222,96,137,-41
116900223,37,131,-94
116900226,11,63,-52
116900227,27,51,-24
116900228,72,329,-257
116900230,9,315,-306
116900231,6,424,-418
116900232,5,334,-329
116900233,46,38,8
116900234,1,6,-5
116900235,39,322,-283
116900238,923,204,719
116900239,12,241,-229
116900240,5407,873,4534
116900241,18,137,-119
116900242,264,99,165
116900243,8,151,-143
116900245,22,4,18
116900246,10,4,6
116900247,63,13,50
116900248,7,6,1
116900249,41,43,-2
116900250,44,42,2
116900251,152,35,117
116900252,9,841,-832
116900253,9,44,-35
116900254,3,64,-61
116900255,54,16,38
116900256,57,25,32
116900257,13,643,-630
116900258,0,380,-380
116900259,14,3,11
116900260,0,164,-164
116900261,2,1,1
116900262,30,118,-88
116900263,0,7,-7
116900264,0,0,0
116900265,1,0,1
116900266,2,35,-33
116900267,0,0,0
116900268,0,6,-6
116900269,73,279,-206
116900271,2844,47,2797
116900272,293,488,-195
116900273,94,11,83
116900274,7,26,-19
116900275,13,102,-89
116900276,638,26,612
116900277,375,9,366
116900278,0,8,-8
116900279,0,17,-17
116900280,4,19,-15
116900281,6582,830,5752
116900282,3,128,-125
116900283,11,82,-71
116900284,11,174,-163
116900285,156,32,124
116900286,78,3,75
116900287,1,73,-72
116900288,14,87,-73
116900289,1,36,-35
116900290,2,22,-20
116900291,0,8,-8
116900292,0,1,-1
116900293,1,77,-76
116900294,9,82,-73
116900295,11,5,6
116900296,2,6,-4
116900297,2,4,-2
116900298,2,3,-1
116900299,0,6,-6
116900300,13,35,-22
116900301,5,16,-11
116900302,5,23,-18
116900303,280,36,244
116900304,0,75,-75
116900305,1,9,-8
116900306,11,43,-32
117000001,473,572,-99
117000002,650,3171,-2521
117000003,1975,1035,940
117000004,2627,3894,-1267
117000005,431,599,-168
117000006,457,3251,-2794
117000007,813,404,409
117000008,770,3319,-2549
117000009,1395,582,813
117000010,1482,3053,-1571
117000011,352,827,-475
117000012,505,1564,-1059
117000013,233,522,-289
117000014,369,1774,-1405
117000015,1256,544,712
117000016,135,45,90
117000017,93,121,-28
117000018,36,256,-220
117000019,0,0,0
117000020,336,714,-378
117000021,2165,179,1986
117000022,123,30,93
117000023,112,69,43
117000024,268,110,158
117000025,362,569,-207
117000026,491,141,350
117000027,1153,920,233
117000028,127,108,19
117000030,169,281,-112
117000031,69,29,40
117000032,917,1069,-152
117000033,757,753,4
117000034,97,174,-77
117000035,45,33,12
117000036,119,152,-33
117000037,25,23,2
117000038,35,173,-138
117000039,50,170,-120
117000040,66,1581,-1515
117000041,173,43,130
117000044,31,1215,-1184
117000045,88,30,58
117000046,214,657,-443
117000047,79,199,-120
117000048,1447,1050,397
117000049,95,376,-281
117000050,48,3065,-3017
117000051,632,97,535
117000052,13,888,-875
117000053,64,65,-1
117000054,329,2,327
117000055,19,3686,-3667
117000056,151,2,149
117000057,508,1568,-1060
117000060,211,1738,-1527
117000061,257,262,-5
117000062,99,358,-259
117000063,285,203,82
117000064,551,522,29
117000066,974,570,404
117000067,31,148,-117
117000074,48,34,14
117000076,46,12,34
117000077,66,39,27
117000078,33,362,-329
117000079,34,44,-10
117000080,1,319,-318
117000081,142,65,77
117000082,14,47,-33
117000083,2,2,0
117000084,0,0,0
117000085,59,226,-167
117000086,302,581,-279
117000087,61,391,-330
117000088,59,38,21
117000089,417,134,283
117000090,113,1729,-1616
117000091,168,112,56
117000092,149,1974,-1825
117000093,177,193,-16
117000094,349,2243,-1894
117000095,462,280,182
117000096,315,2660,-2345
117000097,295,470,-175
117000098,2081,5539,-3458
117000099,636,290,346
117000100,45,84,-39
117000101,154,1099,-945
117000102,334,206,128
117000103,659,1767,-1108
117000104,298,250,48
117000105,398,2013,-1615
117000106,180,172,8
117000107,309,2574,-2265
117000108,224,265,-41
117000109,1117,3123,-2006
117000110,391,235,156
117000111,1217,2087,-870
117000112,855,1012,-157
117000113,63,344,-281
117000114,15,70,-55
117000115,29,176,-147
117000116,11,115,-104
117000117,541,121,420
117000118,48,93,-45
117000119,26,12,14
117000120,37,21,16
117000121,38,99,-61
117000122,306,197,109
117000123,805,6,799
117000124,117,11,106
117000125,91,48,43
117000126,12,25,-13
117000127,85,233,-148
117000128,140,346,-206
117000129,33,4,29
117000130,1,3,-2
117000131,0,14,-14
117000132,281,42,239
117000133,176,351,-175
117000134,1,97,-96
117000135,2,31,-29
117000136,1,63,-62
117000137,14,20,-6
117000138,4,314,-310
117000140,244,1654,-1410
117000141,327,137,190
117000181,738,156,582
117000182,62,53,9
117000195,81,1243,-1162
117000196,44,14,30
117000225,15,0,15
117000226,1,16,-15
117000276,50,0,50
117000277,2,545,-543
117000310,1959,1569,390
117000315,4,146,-142
117000320,0,0,0
117000906,31,1,30
117000907,3,534,-531
117000908,26,10,16
117000909,20,24,-4
117000910,117,96,21
117000911,105,148,-43
117000915,8,605,-597
117000916,4,0,4
117000917,177,7,170
117000918,4,19,-15
117000919,4,104,-100
117000920,2,1842,-1840
117000921,18,2452,-2434
117000922,0,0,0
117000924,232,35,197
117000926,1024,53,971
117000927,82,137,-55
117000928,0,251,-251
117000929,55,547,-492
117000930,31,23,8
117000931,247,22,225
117900002,116,231,-115
117900003,511,147,364
117900005,6,14,-8
117900006,0,19,-19
117900007,33,162,-129
117900008,0,37,-37
117900010,15,211,-196
117900011,1,9,-8
117900012,17,203,-186
117900013,3,332,-329
117900014,58,361,-303
117900015,3,229,-226
117900016,895,127,768
117900017,75,519,-444
117900018,77,10,67
117900019,45,608,-563
117900020,40,49,-9
117900021,13,132,-119
117900022,6,7,-1
117900023,533,38,495
117900024,30,191,-161
117900025,18,5,13
117900026,78,436,-358
117900028,12,2,10
117900029,52,956,-904
117900030,75,69,6
117900031,10,20,-10
117900032,86,125,-39
117900033,46,853,-807
117900034,20,22,-2
117900035,30,24,6
117900036,59,692,-633
117900037,4,48,-44
117900038,13,459,-446
117900039,1,79,-78
117900040,110,668,-558
117900041,2,53,-51
117900042,4448,371,4077
117900043,22,37,-15
117900044,86,368,-282
117900045,43,41,2
117900048,79,273,-194
117900049,22,552,-530
117900050,2,7,-5
117900051,10,3,7
117900052,24,65,-41
117900053,386,599,-213
117900054,0,23,-23
117900055,58,26,32
117900056,126,5,121
117900057,545,855,-310
117900058,32,3,29
117900059,42,18,24
117900060,306,5169,-4863
117900061,9,53,-44
117900063,31,157,-126
117900065,396,871,-475
117900066,0,19,-19
117900067,63,277,-214
117900069,111,411,-300
117900070,32,1,31
117900071,21,73,-52
117900073,111,373,-262
117900074,11,1,10
117900075,6,43,-37
117900076,5,12,-7
117900077,23,33,-10
117900078,98,215,-117
117900080,19,27,-8
117900081,304,378,-74
117900082,137,117,20
117900083,39,702,-663
117900086,34,20,14
117900087,7,35,-28
117900088,1828,1173,655
117900089,449,117,332
117900090,59,819,-760
117900091,89,49,40
117900092,6,34,-28
117900093,9,53,-44
117900094,4,1,3
117900095,46,522,-476
117900096,19,140,-121
117900097,11,30,-19
117900098,2,1,1
117900099,42,416,-374
117900100,18,0,18
117900101,236,398,-162
117900102,6,12,-6
117900103,7,0,7
117900104,5,68,-63
117900105,29,106,-77
117900106,6,21,-15
117900107,7,0,7
117900109,78,184,-106
117900110,10,0,10
117900111,37,1,36
117900112,9,5,4
117900113,2603,575,2028
117900114,3,0,3
117900115,38,18,20
117900116,488,462,26
117900117,246,346,-100
117900118,0,0,0
117900119,34,376,-342
117900120,36,89,-53
117900121,4,22,-18
117900122,722,469,253
117900123,151,946,-795
117900124,256,368,-112
117900125,480,464,16
117900126,197,440,-243
117900127,147,580,-433
117900128,68,932,-864
117900129,10,0,10
117900130,249,216,33
117900131,0,92,-92
117900132,8,122,-114
117900133,0,163,-163
117900134,30,240,-210
117900135,11,257,-246
117900136,0,58,-58
117900137,11,326,-315
117900138,0,51,-51
117900139,22,91,-69
117900140,4321,93,4228
117900141,60,201,-141
117900142,11,4,7
117900144,28,18,10
117900145,17,11,6
117900146,43,43,0
117900147,13,41,-28
117900148,2020,511,1509
117900149,17,109,-92
117900150,14,165,-151
117900151,6,200,-194
117900152,31,66,-35
117900153,3,102,-99
117900154,62,432,-370
117900156,281,249,32
117900157,19,172,-153
117900158,26,20,6
117900160,201,194,7
117900161,2057,1874,183
117900162,70,200,-130
117900163,43,6,37
117900165,0,8,-8
117900166,35,60,-25
117900168,57,138,-81
117900169,0,102,-102
117900170,1,25,-24
117900171,1,10,-9
117900172,6,27,-21
117900173,118,29,89
117900174,18,32,-14
117900175,1,34,-33
117900176,1,47,-46
117900177,3,74,-71
117900178,71,18,53
117900180,188,8,180
117900181,127,91,36
117900182,3,5,-2
117900183,6,75,-69
117900184,1,24,-23
117900185,3,20,-17
117900186,7,8,-1
117900187,1,4,-3
117900188,59,3,56
117900189,22,4,18
117900190,6,0,6
117900191,16,0,16
117900192,18,2,16
117900193,8,42,-34
117900194,1,1,0
117900195,2,7,-5
117900196,1,4,-3
117900207,54,36,18
117900208,13,40,-27
117900209,56,56,0
117900210,56,49,7
117900211,4,134,-130
117900212,29,86,-57
117900213,1,6,-5
117900214,0,64,-64
117900215,0,1,-1
117900216,1,2,-1
117900217,23,19,4
117900218,56,16,40
117900219,0,35,-35
117900220,7,5,2
118000001,244,203,41
118000002,836,1338,-502
118000003,417,508,-91
118000004,1373,1221,152
118000005,2029,907,1122
118000006,6023,3220,2803
118000007,2894,1312,1582
118000008,2766,1906,860
118000009,1237,2114,-877
118000010,2039,2571,-532
118000011,332,2265,-1933
118000012,465,2465,-2000
118000013,2421,2367,54
118000014,1072,2856,-1784
118000016,195,417,-222
118000017,59,151,-92
118000018,187,547,-360
118000019,1121,679,442
118000020,1214,810,404
118000021,556,1012,-456
118000022,1527,343,1184
118000023,912,183,729
118000024,919,368,551
118000025,47,20,27
118000027,12076,2328,9748
118000029,1116,336,780
118000032,688,693,-5
118000033,1251,1023,228
118000034,3114,1323,1791
118000035,667,1038,-371
118000036,405,815,-410
118000037,220,640,-420
118000038,53,178,-125
118000039,34,291,-257
118000040,511,2093,-1582
118000041,660,1090,-430
118000045,257,36,221
118000046,802,351,451
118000047,845,223,622
118000048,1794,824,970
118000051,1136,444,692
118000052,917,364,553
118000053,640,223,417
118000054,2986,689,2297
118000055,2516,537,1979
118000056,198,125,73
118000057,210,140,70
118000058,891,465,426
118000059,595,502,93
118000060,292,593,-301
118000061,396,779,-383
118000062,165,145,20
118000063,118,273,-155
118000064,466,655,-189
118000065,2625,693,1932
118000066,395,426,-31
118000067,772,479,293
118000068,989,1725,-736
118000069,1825,760,1065
118000070,5452,853,4599
118000071,2480,2145,335
118000072,1058,778,280
118000073,1014,246,768
118000074,99,211,-112
118000075,530,284,246
118000076,446,637,-191
118000077,728,806,-78
118000078,777,1077,-300
118000079,167,263,-96
118000080,823,584,239
118000081,582,683,-101
118000082,190,463,-273
118000083,1811,549,1262
118000084,1649,832,817
118000086,86,338,-252
118000087,5444,1660,3784
118000088,1111,1174,-63
118000089,2916,2335,581
118000090,2005,1121,884
118000091,1702,967,735
118000092,1168,263,905
118000093,97,362,-265
118000096,213,279,-66
118000097,141,311,-170
118000098,85,169,-84
118000099,168,859,-691
118000101,264,226,38
118000102,132,950,-818
118000107,2819,240,2579
118000108,60,182,-122
118000110,0,19,-19
118000111,3,692,-689
118000112,0,0,0
118000113,8,1070,-1062
118000114,0,0,0
118000115,1,1,0
118000116,0,0,0
118000117,607,641,-34
118000118,257,380,-123
118000119,282,570,-288
118000120,799,1237,-438
118000121,18,356,-338
118000122,381,62,319
118000123,14,244,-230
118000125,1022,1158,-136
118000126,254,957,-703
118000127,666,289,377
118000128,472,953,-481
118000129,273,148,125
118000130,2575,3913,-1338
118000131,472,1113,-641
118000132,828,584,244
118000133,146,300,-154
118000135,75,98,-23
118000136,47,534,-487
118000137,350,81,269
118000138,90,593,-503
118000139,109,91,18
118000140,1949,1475,474
118000141,754,1155,-401
118000142,642,1653,-1011
118000143,470,473,-3
118000144,1003,564,439
118000145,1256,2184,-928
118000146,446,1238,-792
118000147,398,1639,-1241
118000148,119,830,-711
118000149,281,832,-551
118000150,117,63,54
118000151,50,244,-194
118000153,180,629,-449
118000154,222,904,-682
118000155,266,723,-457
118000156,1671,1352,319
118000157,164,218,-54
118000158,33,338,-305
118000159,2,17,-15
118000160,90,170,-80
118000161,161,771,-610
118000162,318,438,-120
118000163,206,344,-138
118000164,994,718,276
118000168,1802,110,1692
118000169,611,1494,-883
118000170,2403,5667,-3264
118000171,23,200,-177
118000172,9,79,-70
118000173,298,814,-516
118000175,122,165,-43
118000176,60,153,-93
118000177,72,188,-116
118000178,16,38,-22
118000179,619,166,453
118000180,218,225,-7
118000181,384,220,164
118000182,171,174,-3
118000183,100,106,-6
118000184,115,469,-354
118000185,950,461,489
118000186,434,444,-10
118000187,329,758,-429
118000188,119,176,-57
118000189,93,724,-631
118000190,2,4,-2
118000191,7,24,-17
118000192,90,90,0
118000193,33,143,-110
118000194,1105,437,668
118000195,365,339,26
118000196,95,34,61
118000197,148,82,66
118000198,221,157,64
118000199,381,186,195
118000200,3,24,-21
118000201,169,241,-72
118000202,3,5,-2
118000203,649,162,487
118000204,166,94,72
118000205,155,89,66
118000206,90,106,-16
118000207,0,104,-104
118000208,447,854,-407
118000209,677,1584,-907
118000210,6,21,-15
118000211,0,30,-30
118000213,244,331,-87
118000214,367,190,177
118000215,146,219,-73
118000216,7,682,-675
118000217,12,69,-57
118000218,23,70,-47
118000219,138,293,-155
118000220,2,9,-7
118000221,37,147,-110
118000222,88,22,66
118000223,2,19,-17
118000224,143,83,60
118000225,37,814,-777
118000226,38,30,8
118000227,410,89,321
118000228,103,80,23
118000229,12,6,6
118000230,22,199,-177
118000231,11,165,-154
118000232,239,766,-527
118000233,214,486,-272
118000234,67,314,-247
118000236,124,476,-352
118000237,14,613,-599
118000238,38,328,-290
118000239,100,210,-110
118000240,430,66,364
118000241,30,255,-225
118000242,108,595,-487
118000243,38,142,-104
118000244,13,162,-149
118000246,0,10,-10
118000255,12,160,-148
118000256,20,169,-149
118000259,1,32,-31
118000260,17,54,-37
118000261,7,102,-95
118000263,22,159,-137
118000266,101,338,-237
118000267,0,109,-109
118000268,4,5,-1
118000270,17,25,-8
118000271,36,210,-174
118000272,16,10,6
118000273,12,90,-78
118000274,88,318,-230
118000276,78,326,-248
118000295,3,25,-22
118000298,78,407,-329
118000299,21,159,-138
118000301,0,42,-42
118000302,31,75,-44
118000311,37,101,-64
118000312,28,259,-231
118000313,18,178,-160
118000314,11,72,-61
118000315,24,64,-40
118000316,156,359,-203
118000325,11,74,-63
118000326,11,38,-27
118000331,3,83,-80
118000332,7,57,-50
118000333,3,66,-63
118000335,0,0,0
118000336,2,371,-369
118000407,10,23,-13
118000457,6,15,-9
118000465,1924,1138,786
118000480,1,125,-124
118000489,19,42,-23
118000490,54,407,-353
118000492,74,118,-44
118000510,58,23,35
118000514,30,283,-253
118000515,105,77,28
118000517,388,175,213
118000524,608,111,497
118000525,498,548,-50
118000530,5,74,-69
118000531,62,131,-69
118000532,61,293,-232
118000533,119,147,-28
118000534,160,354,-194
118000535,28,82,-54
118000536,196,125,71
118000537,5,27,-22
118000538,11,98,-87
118000539,3,47,-44
118000540,80,251,-171
118000541,37,100,-63
118000542,27,85,-58
118000543,75,108,-33
118000546,9,18,-9
118000560,2722,279,2443
118000562,4,217,-213
118000563,1037,685,352
118000576,65,230,-165
118000577,103,89,14
118000578,69,125,-56
118000579,439,503,-64
118000595,67,32,35
118000596,0,35,-35
118000597,32,111,-79
118000598,1,0,1
118000599,10,18,-8
118000600,2,53,-51
118000601,7,0,7
118000602,0,25,-25
118000603,0,16,-16
118900001,663,206,457
118900002,713,214,499
118900003,38,5,33
118900004,3,40,-37
118900005,14,0,14
118900006,1,0,1
118900007,6,0,6
118900008,789,15,774
118900009,3,2,1
118900010,0,0,0
118900011,25,7,18
118900012,125,134,-9
118900013,128,10,118
118900015,34,21,13
118900016,2,3,-1
118900017,5,16,-11
118900018,337,3,334
118900019,45,2,43
118900020,15,20,-5
118900021,50,244,-194
118900022,57,85,-28
118900023,12,19,-7
118900024,6,50,-44
118900025,2,0,2
118900026,20,63,-43
118900027,87,39,48
118900028,20,84,-64
118900029,34,164,-130
118900030,0,9,-9
118900031,46,96,-50
118900032,5,57,-52
118900033,105,336,-231
118900034,0,0,0
118900035,55,223,-168
118900036,292,488,-196
118900037,45,123,-78
118900038,73,342,-269
118900039,48,108,-60
118900040,75,119,-44
118900041,60,51,9
118900042,38,63,-25
118900045,55,73,-18
118900046,751,67,684
118900047,530,119,411
118900048,15,67,-52
118900049,7,5,2
118900050,7,182,-175
118900051,7,13,-6
118900052,25,112,-87
118900053,8,7,1
118900054,7,38,-31
118900055,19,108,-89
118900056,0,31,-31
118900057,46,196,-150
118900058,54,228,-174
118900059,0,13,-13
118900060,15,69,-54
118900062,19,120,-101
118900064,295,108,187
118900065,6,33,-27
118900066,5,35,-30
118900067,7911,1297,6614
118900068,1,38,-37
118900069,46,174,-128
118900071,0,20,-20
118900072,66,170,-104
118900073,27,52,-25
118900074,18,46,-28
118900075,1,37,-36
118900076,42,22,20
118900077,35,107,-72
118900078,5,3,2
118900079,16,88,-72
118900080,0,29,-29
118900081,5,8,-3
118900082,88,82,6
118900083,7,21,-14
118900084,4,16,-12
118900085,299,554,-255
118900086,1,8,-7
118900087,9,68,-59
118900088,0,21,-21
118900089,1,2,-1
118900090,145,281,-136
118900091,62,18,44
118900092,18,90,-72
118900093,27,4,23
118900096,15,8,7
118900097,47,641,-594
118900099,10,238,-228
118900100,41,98,-57
118900101,11,825,-814
118900102,9,63,-54
118900103,12,43,-31
118900104,18,160,-142
118900105,117,97,20
118900107,162,68,94
118900108,13,104,-91
118900109,23,12,11
118900110,219,81,138
118900111,70,390,-320
118900112,3,44,-41
118900113,15,384,-369
118900114,2,36,-34
118900115,78,219,-141
118900116,34,102,-68
118900117,24,110,-86
118900118,36,432,-396
118900119,19,271,-252
118900120,27,225,-198
118900121,1,181,-180
118900122,3,190,-187
118900123,56,213,-157
118900124,18,91,-73
118900126,3,146,-143
118900129,24,111,-87
118900130,3,18,-15
118900131,25,244,-219
118900132,62,93,-31
118900133,2,26,-24
118900135,41,147,-106
118900136,70,790,-720
118900137,0,5,-5
118900139,20,388,-368
118900140,102,823,-721
118900141,10,180,-170
118900144,16,861,-845
118900145,5,134,-129
118900146,79,619,-540
118900147,17,41,-24
118900148,7,26,-19
118900150,11,89,-78
118900152,113,668,-555
118900157,9,35,-26
118900158,7,44,-37
118900159,0,110,-110
118900161,8,0,8
118900163,98,21,77
118900164,0,40,-40
118900165,29,527,-498
118900166,14,0,14
118900167,15,213,-198
118900168,1,47,-46
118900169,30,492,-462
118900170,14,92,-78
118900171,0,14,-14
118900174,13,50,-37
118900175,33,323,-290
118900176,24,143,-119
118900177,5,35,-30
118900178,15,54,-39
118900179,1,39,-38
118900181,41,50,-9
118900182,30,34,-4
118900183,3,27,-24
118900184,65,31,34
118900185,20,78,-58
118900186,27,67,-40
118900187,49,166,-117
118900188,42,202,-160
118900189,5,136,-131
118900190,7,402,-395
118900191,11,5,6
118900192,13,5,8
118900193,25,3,22
118900195,58,507,-449
118900196,11,141,-130
118900197,24,21,3
118900198,3,58,-55
118900199,3,49,-46
118900200,3,0,3
118900201,5,2,3
118900202,5,56,-51
118900203,1,58,-57
118900204,2,49,-47
118900205,2,14,-12
118900206,1,36,-35
119000001,481,562,-81
119000002,1655,1628,27
119000003,640,1478,-838
119000004,632,827,-195
119000005,659,984,-325
119000006,555,1068,-513
119000007,1159,1692,-533
119000008,961,2177,-1216
119000009,2246,1542,704
119000010,7406,3755,3651
119000011,5508,1252,4256
119000012,4858,2033,2825
119000013,1777,927,850
119000014,1595,2502,-907
119000019,55,157,-102
119000020,361,1144,-783
119000021,1543,1546,-3
119000022,2558,690,1868
119000023,40,103,-63
119000024,1565,2881,-1316
119000025,12487,859,11628
119000026,230,156,74
119000027,441,261,180
119000028,1249,972,277
119000029,84,198,-114
119000030,326,1048,-722
119000031,386,616,-230
119000032,2326,1849,477
119000033,1387,1235,152
119000034,598,1025,-427
119000035,17,302,-285
119000036,388,996,-608
119000037,301,2058,-1757
119000038,51,1040,-989
119000039,108,221,-113
119000040,684,264,420
119000041,852,613,239
119000048,3544,3305,239
119000049,708,3792,-3084
119000050,697,1599,-902
119000051,949,741,208
119000052,1014,2056,-1042
119000053,956,903,53
119000054,1182,3106,-1924
119000055,1042,2659,-1617
119000056,628,1609,-981
119000057,665,2121,-1456
119000058,863,1826,-963
119000059,525,1135,-610
119000060,338,590,-252
119000061,310,638,-328
119000062,721,1206,-485
119000063,102,164,-62
119000064,803,1420,-617
119000065,1314,3591,-2277
119000066,1033,548,485
119000067,1109,2511,-1402
119000068,603,858,-255
119000069,591,2503,-1912
119000070,693,941,-248
119000071,353,847,-494
119000072,5674,3658,2016
119000073,4248,3785,463
119000074,414,3656,-3242
119000075,425,2432,-2007
119000076,443,738,-295
119000077,616,454,162
119000078,165,273,-108
119000079,44,438,-394
119000080,60,235,-175
119000081,98,335,-237
119000082,261,246,15
119000083,140,288,-148
119000084,109,410,-301
119000085,281,147,134
119000086,117,343,-226
119000087,866,577,289
119000088,161,188,-27
119000089,39,107,-68
119000090,89,45,44
119000091,146,261,-115
119000092,278,81,197
119000093,2985,3194,-209
119000094,1088,3393,-2305
119000095,480,2582,-2102
119000097,2578,1231,1347
119000098,393,889,-496
119000099,1267,1289,-22
119000100,1115,1524,-409
119000101,3253,2781,472
119000102,562,371,191
119000103,1089,323,766
119000104,2609,1402,1207
119000105,290,504,-214
119000106,115,2109,-1994
119000107,193,289,-96
119000108,98,1573,-1475
119000109,59,559,-500
119000110,682,817,-135
119000111,40,408,-368
119000112,272,207,65
119000113,3569,274,3295
119000114,499,213,286
119000115,115,59,56
119000116,87,61,26
119000117,50,198,-148
119000118,0,1,-1
119000123,1062,328,734
119000124,100,142,-42
119000125,646,779,-133
119000126,101,744,-643
119000127,148,1080,-932
119000128,131,7,124
119000131,253,1170,-917
119000132,4,11,-7
119000133,0,4,-4
119000134,1003,352,651
119000135,24,254,-230
119000136,45,412,-367
119000137,41,576,-535
119000138,81,486,-405
119000139,43,364,-321
119000140,45,219,-174
119000284,1214,2059,-845
119000285,2407,1890,517
119000286,4395,3011,1384
119000287,836,1723,-887
119000288,757,1411,-654
119000289,1159,3050,-1891
119000290,143,477,-334
119000291,9,271,-262
119000293,37,179,-142
119000294,23,21,2
119000295,1965,487,1478
119000296,51,154,-103
119000302,4525,1192,3333
119000303,1,48,-47
119000314,1207,3168,-1961
119000315,3,706,-703
119000316,26,123,-97
119000317,15,560,-545
119900001,54,368,-314
119900002,15,138,-123
119900003,24,1065,-1041
119900004,243,119,124
119900005,18,118,-100
119900006,32,231,-199
119900007,100,31,69
119900008,18,12,6
119900009,166,469,-303
119900010,1293,1320,-27
119900011,13,18,-5
119900012,7,25,-18
119900013,968,505,463
119900014,711,244,467
119900015,10,12,-2
119900016,8,75,-67
119900017,0,12,-12
119900018,618,65,553
119900019,8,5,3
119900020,49,100,-51
119900021,22,34,-12
119900022,44,124,-80
119900023,434,161,273
119900025,23,28,-5
119900026,611,50,561
119900027,3,10,-7
119900028,26,9,17
119900029,2,9,-7
119900030,63,273,-210
119900031,3,76,-73
119900033,2423,64,2359
119900034,28,144,-116
119900037,18,26,-8
119900038,14,56,-42
119900039,16,0,16
119900040,13,0,13
119900041,13,92,-79
119900042,25,111,-86
119900043,5,134,-129
119900044,88,123,-35
119900046,12,91,-79
119900047,62,32,30
119900048,1,38,-37
119900049,14,5,9
119900050,42,17,25
119900051,37,4,33
119900052,6,94,-88
119900053,88,125,-37
119900054,5,4,1
119900055,225,139,86
119900057,23,121,-98
119900058,54,1,53
119900059,69,26,43
119900060,27,4,23
119900061,0,0,0
119900062,5,53,-48
119900063,18,30,-12
119900064,55,41,14
119900065,21,2,19
119900066,0,0,0
119900067,9,84,-75
119900068,84,0,84
119900069,12,6,6
119900070,153,46,107
119900071,83,2,81
119900072,0,15,-15
119900073,1246,333,913
119900074,11,14,-3
119900075,5230,1313,3917
119900076,83,473,-390
119900077,117,1424,-1307
119900078,51,585,-534
119900079,46,234,-188
119900080,225,839,-614
119900081,9,39,-30
119900082,202,423,-221
119900083,0,41,-41
119900084,102,108,-6
119900085,124,29,95
119900086,15,147,-132
119900087,53,96,-43
119900088,22,60,-38
119900089,3,642,-639
119900090,174,68,106
119900091,14,1181,-1167
119900092,5,480,-475
119900093,408,37,371
119900094,21,214,-193
119900095,121,69,52
119900096,19,95,-76
119900097,284,132,152
119900098,6,30,-24
119900099,6,343,-337
119900100,2579,1039,1540
119900101,151,819,-668
119900102,14,388,-374
119900103,11,594,-583
119900104,17,280,-263
119900105,440,2063,-1623
119900106,11,285,-274
119900107,250,3021,-2771
119900108,1886,838,1048
119900109,7,141,-134
119900110,158,630,-472
119900111,14,328,-314
119900112,2362,338,2024
119900113,46,588,-542
119900114,55,1870,-1815
119900115,46,1293,-1247
119900116,18,175,-157
119900117,116,1095,-979
119900118,6,1305,-1299
119900119,21,337,-316
119900120,412,647,-235
119900121,73,1689,-1616
119900122,97,341,-244
119900123,63,164,-101
119900124,14,1149,-1135
119900125,12,361,-349
119900126,6739,106,6633
119900127,2119,596,1523
119900128,70,820,-750
119900129,19,870,-851
119900130,51,187,-136
119900131,22,348,-326
119900132,2,334,-332
119900133,2,20,-18
119900134,1874,198,1676
119900135,1,443,-442
119900136,135,528,-393
119900138,257,560,-303
119900139,4,69,-65
119900140,1,131,-130
119900141,86,166,-80
119900142,4,12,-8
119900143,2,271,-269
119900144,1951,125,1826
119900145,42,206,-164
119900146,75,62,13
119900147,1,69,-68
119900148,35,21,14
119900149,1379,1748,-369
119900150,90,193,-103
119900151,802,610,192
119900152,29,370,-341
119900153,16,16,0
119900154,2,356,-354
119900155,5,46,-41
119900156,10,4,6
119900157,18,247,-229
119900158,22,27,-5
119900159,7,1799,-1792
119900160,7,252,-245
119900161,118,267,-149
119900162,243,292,-49
119900163,81,86,-5
119900164,0,1,-1
119900165,11,241,-230
119900166,8,15,-7
119900167,24,149,-125
119900168,266,288,-22
119900169,84,69,15
119900170,63,74,-11
119900171,288,505,-217
119900172,45,11,34
119900173,2,618,-616
119900174,7,307,-300
119900175,182,369,-187
119900177,16,247,-231
119900178,5,271,-266
119900179,12,130,-118
119900180,250,419,-169
119900181,32,9,23
119900182,2,576,-574
119900183,82,1051,-969
119900184,2968,461,2507
119900185,17,40,-23
119900186,19,117,-98
119900187,8,701,-693
119900188,18,305,-287
119900189,147,81,66
119900190,8,108,-100
119900191,89,108,-19
119900192,6,191,-185
119900193,61,156,-95
119900194,4,12,-8
119900195,13,301,-288
119900196,1828,293,1535
119900197,41,44,-3
119900198,28,458,-430
119900199,84,10,74
119900200,89,265,-176
119900201,341,233,108
119900202,92,15,77
119900203,23,104,-81
119900204,43,198,-155
119900205,97,377,-280
119900206,4,132,-128
119900208,61,74,-13
119900209,122,206,-84
119900210,2,14,-12
119900211,27,4,23
119900212,26,256,-230
119900213,3,43,-40
119900214,2,112,-110
119900215,13,149,-136
119900216,3,111,-108
119900217,5,100,-95
119900218,9,96,-87
119900219,3,191,-188
119900220,5,157,-152
119900221,7,491,-484
119900222,17,314,-297
119900223,15,96,-81
119900224,53,32,21
119900225,1447,42,1405
119900226,713,561,152
119900227,1647,311,1336
119900228,20,356,-336
119900229,125,282,-157
119900230,941,424,517
119900231,7,120,-113
119900232,34,12,22
119900233,6,0,6
119900234,8,20,-12
119900235,7,7,0
119900236,12,240,-228
119900237,18,491,-473
119900238,0,96,-96
119900240,19,178,-159
119900241,45,256,-211
119900242,1362,388,974
119900244,495,1665,-1170
119900245,13,124,-111
119900246,35,50,-15
119900247,11,9,2
119900248,13,25,-12
119900249,41,17,24
119900253,3631,156,3475
119900254,11,78,-67
119900255,37,665,-628
119900256,57,1597,-1540
119900257,4,0,4
119900258,15,70,-55
119900259,2,208,-206
119900260,12,1,11
119900261,44,178,-134
119900262,2,358,-356
119900263,706,404,302
119900264,5,277,-272
119900265,84,430,-346
119900266,67,228,-161
119900267,22,369,-347
119900268,19,268,-249
119900269,134,2138,-2004
119900271,28,72,-44
119900272,34,27,7
119900275,68,16,52
119900276,7,1,6
119900277,1,4,-3
119900278,151,20,131
119900279,47,89,-42
119900280,842,216,626
119900281,0,35,-35
119900282,6,4,2
119900283,5,287,-282
119900284,35,280,-245
119900285,7,56,-49
119900286,3,21,-18
119900288,5,40,-35
119900289,0,31,-31
119900290,4,20,-16
119900291,0,31,-31
119900292,4,5,-1
119900293,2,26,-24
119900294,4,64,-60
119900295,2,30,-28
119900296,4,294,-290
119900297,0,19,-19
119900298,4,32,-28
119900299,9,354,-345
119900300,70,285,-215
119900301,13,14,-1
119900302,11,28,-17
119900303,35,181,-146
119900304,21,15,6
119900305,9,72,-63
119900306,4,1,3
119900307,8,108,-100
119900308,1,11,-10
119900309,3,21,-18
119900310,117,312,-195
119900311,7,143,-136
119900312,11,73,-62
119900313,42,355,-313
119900314,32,119,-87
119900315,117,2896,-2779
119900318,1,2,-1
119900319,1,404,-403
119900320,12,828,-816
119900321,11,0,11
120000001,5620,3616,2004
120000002,1455,3145,-1690
120000003,2782,2047,735
120000004,2416,2636,-220
120000005,4489,2143,2346
120000006,910,1138,-228
120000007,2258,1830,428
120000008,603,1209,-606
120000009,5007,945,4062
120000010,881,3440,-2559
120000011,539,2022,-1483
120000012,1485,3169,-1684
120000013,918,2517,-1599
120000014,296,1133,-837
120000015,1068,1323,-255
120000016,1244,886,358
120000017,549,733,-184
120000018,2703,3209,-506
120000019,296,550,-254
120000020,1123,1339,-216
120000021,1081,1195,-114
120000022,2568,2295,273
120000023,352,1038,-686
120000024,957,1446,-489
120000025,840,1653,-813
120000026,399,1571,-1172
120000027,627,1266,-639
120000028,583,399,184
120000029,4107,528,3579
120000030,69,681,-612
120000031,1518,4980,-3462
120000032,10318,2489,7829
120000033,1025,1420,-395
120000034,602,2078,-1476
120000035,904,2282,-1378
120000036,1174,2849,-1675
120000037,246,379,-133
120000038,10393,3026,7367
120000039,270,1085,-815
120000040,32,138,-106
120000041,204,2481,-2277
120000042,1057,6525,-5468
120000043,2651,3080,-429
120000044,1298,1139,159
120000045,1587,915,672
120000046,864,1324,-460
120000047,1663,1800,-137
120000048,7976,2073,5903
120000049,1209,2334,-1125
120000050,1542,3826,-2284
120000051,3877,3234,643
120000052,16632,1842,14790
120000053,494,4334,-3840
120000054,1111,7488,-6377
120000055,550,4334,-3784
120000056,2404,5432,-3028
120000057,1101,1338,-237
120000058,164,126,38
120000059,106,1512,-1406
120000061,53,588,-535
120000062,139,408,-269
120000063,1856,4087,-2231
120000064,188,2093,-1905
120000065,263,2029,-1766
120000066,62,475,-413
120000067,28,589,-561
120000068,79,1355,-1276
120000069,308,1643,-1335
120000070,7,1205,-1198
120000071,64,201,-137
120000072,138,464,-326
120000073,115,91,24
120000074,35,66,-31
120000075,78,175,-97
120000076,371,229,142
120000077,452,257,195
120000078,2787,340,2447
120000079,18,31,-13
120000080,6,18,-12
120000081,24,20,4
120000082,15,58,-43
120000083,5,55,-50
120000084,297,503,-206
120000085,170,329,-159
120000086,91,705,-614
120000087,55,1293,-1238
120000088,289,1050,-761
120000089,253,177,76
120000090,95,202,-107
120000091,117,390,-273
120000092,219,223,-4
120000093,68,233,-165
120000094,21,161,-140
120000095,373,780,-407
120000096,123,1382,-1259
120000098,312,1136,-824
120000099,82,651,-569
120000100,323,788,-465
120000101,138,474,-336
120000102,122,251,-129
120000103,181,159,22
120000104,338,131,207
120000105,370,127,243
120000106,317,147,170
120000107,447,182,265
120000108,176,77,99
120000109,188,28,160
120000110,43,932,-889
120000111,49,1376,-1327
120000112,259,4830,-4571
120000113,219,3446,-3227
120000114,242,2405,-2163
120000115,136,2046,-1910
120000116,302,1932,-1630
120000117,980,1737,-757
120000118,10,7,3
120000119,12,13,-1
120000120,10,15,-5
120000121,16,31,-15
120000122,40,42,-2
120000123,6353,906,5447
120000124,150,267,-117
120000125,118,576,-458
120000126,116,269,-153
120000127,498,185,313
120000128,1210,1370,-160
120000129,109,98,11
120000130,247,339,-92
120000131,90,411,-321
120000134,192,1221,-1029
120000135,51,276,-225
120000137,44,2354,-2310
120000138,122,583,-461
120000139,49,1133,-1084
120000140,118,754,-636
120000141,30,635,-605
120000142,79,677,-598
120000143,2,124,-122
120000144,16,1,15
120000145,43,2,41
120000146,1174,354,820
120000149,243,966,-723
120000150,4451,5885,-1434
120000151,174,231,-57
120000152,51,268,-217
120000153,109,812,-703
120000154,191,295,-104
120000155,51,104,-53
120000156,924,176,748
120000157,385,499,-114
120000158,259,798,-539
120000159,1098,2206,-1108
120000160,1169,786,383
120000161,515,2213,-1698
120000162,36,130,-94
120000163,114,1384,-1270
120000164,130,416,-286
120000165,95,979,-884
120000166,184,640,-456
120000167,8,33,-25
120000168,8,47,-39
120000169,133,181,-48
120000170,209,110,99
120000171,67,29,38
120000172,18,22,-4
120000173,2704,66,2638
120000174,205,6,199
120000175,515,10,505
120000176,104,72,32
120000177,1498,595,903
120000178,120,5,115
120000179,332,30,302
120000180,670,93,577
120000181,180,48,132
120000182,58,51,7
120000183,12,161,-149
120000184,95,2853,-2758
120000186,9,20,-11
120000187,17,14,3
120000188,141,32,109
120000190,819,4,815
120000191,1380,6,1374
120000192,1473,4,1469
120000193,516,3,513
120000195,65,2,63
120000196,203,25,178
120000197,58,123,-65
120000198,23,223,-200
120000199,17,0,17
120000200,6,0,6
120000201,5,4,1
120000202,0,74,-74
120000203,3,367,-364
120000207,2,135,-133
120000208,10,318,-308
120000209,1,111,-110
120000210,147,123,24
120000211,26,1,25
120000212,11,1,10
120000213,24,421,-397
120000214,2,454,-452
120000215,1,119,-118
120000216,28,4,24
120000217,801,1869,-1068
120000218,285,2143,-1858
120000219,16,1305,-1289
120000220,30,4402,-4372
120000225,149,0,149
120000226,39,1,38
120000227,290,4,286
120000228,11358,1570,9788
120000230,50,4,46
120000231,218,2677,-2459
120000233,42,24,18
120000235,103,743,-640
120000236,0,1,-1
120000237,8,3534,-3526
120000238,0,94,-94
120000241,425,872,-447
120000412,973,4,969
120000413,32,395,-363
120000414,5,5,0
120000415,1,189,-188
120000416,4,11,-7
120000417,3,109,-106
120000418,6,1,5
120000419,6,441,-435
120000420,11,32,-21
120000421,15310,5837,9473
120000422,280,318,-38
120000423,0,41,-41
120000424,12,130,-118
120000436,59,141,-82
120000437,169,148,21
120000438,5659,384,5275
120000439,41,115,-74
120000443,50,0,50
120000444,124,545,-421
120000445,355,439,-84
120000446,564,105,459
120000447,0,7,-7
120000449,8,3,5
120000450,4,351,-347
120000451,11,144,-133
120000452,20,0,20
120000453,2,652,-650
120000454,11,1,10
120000455,8,49,-41
120000456,3629,2142,1487
120000457,1289,825,464
120000458,379,630,-251
120000459,27,38,-11
120000665,775,138,637
120000668,65,126,-61
120000669,38,390,-352
120000670,229,386,-157
120000671,217,197,20
120000672,49,376,-327
120900001,13,14,-1
120900002,35,141,-106
120900003,81,15,66
120900004,0,9,-9
120900005,1,1794,-1793
120900006,42,99,-57
120900007,43,175,-132
120900008,53,1301,-1248
120900009,40,16,24
120900010,64,16,48
120900011,195,49,146
120900012,848,289,559
120900013,71,15,56
120900014,2,821,-819
120900015,113,87,26
120900016,91,32,59
120900017,3032,110,2922
120900018,23,504,-481
120900019,91,25,66
120900020,251,214,37
120900021,88,16,72
120900022,3,359,-356
120900023,28,22,6
120900024,1032,367,665
120900025,1902,622,1280
120900026,17,174,-157
120900027,428,107,321
120900028,54,20,34
120900029,21,91,-70
120900030,242,296,-54
120900031,25,11,14
120900032,161,111,50
120900033,174,8,166
120900034,17,915,-898
120900035,13,297,-284
120900037,19,1,18
120900038,14,35,-21
120900039,5,4,1
120900040,29,1,28
120900041,70,14,56
120900042,42,39,3
120900043,9,3,6
120900044,4,341,-337
120900045,85,231,-146
120900046,57,0,57
120900047,15,13,2
120900048,12,4,8
120900049,55,0,55
120900050,3731,455,3276
120900051,73,88,-15
120900052,64,0,64
120900053,34,38,-4
120900054,922,675,247
120900055,34,1,33
120900056,45,3,42
120900057,20,10,10
120900058,67,1,66
120900059,12,1,11
120900060,10,15,-5
120900061,101,274,-173
120900062,54,1,53
120900063,66,2,64
120900064,58,0,58
120900065,39,23,16
120900066,36,436,-400
120900067,30,10,20
120900068,37,0,37
120900069,17,65,-48
120900071,5,2,3
120900072,104,0,104
120900073,58,267,-209
120900074,79,1,78
120900076,20,1,19
120900077,3447,190,3257
120900078,84,609,-525
120900079,101,102,-1
120900080,90,3307,-3217
120900081,119,1104,-985
120900082,350,172,178
120900083,2,2,0
120900084,40,71,-31
120900085,62,45,17
120900086,109,67,42
120900087,89,24,65
120900088,71,81,-10
120900089,5339,445,4894
120900090,19,177,-158
120900091,151,83,68
120900092,285,690,-405
120900093,4826,243,4583
120900094,375,214,161
120900095,44,19,25
120900096,15,86,-71
120900097,450,1448,-998
120900098,218,161,57
120900099,29,100,-71
120900100,37,536,-499
120900101,132,336,-204
120900102,4,167,-163
120900103,11,100,-89
120900104,6,56,-50
120900105,18,1003,-985
120900106,938,626,312
120900107,444,178,266
120900108,4,1171,-1167
120900109,17,961,-944
120900110,4,639,-635
120900111,62,426,-364
120900112,4,1677,-1673
120900113,3,1054,-1051
120900114,16,304,-288
120900115,87,86,1
120900116,19,850,-831
120900117,2,728,-726
120900118,4,1093,-1089
120900119,5413,3478,1935
120900120,19,870,-851
120900121,53,412,-359
120900122,31,783,-752
120900123,4,615,-611
120900124,2,831,-829
120900125,10,1237,-1227
120900126,801,697,104
120900127,5,709,-704
120900128,725,897,-172
120900129,43,596,-553
120900130,4,744,-740
120900131,23,56,-33
120900132,140,517,-377
120900133,149,1102,-953
120900134,142,633,-491
120900135,4,897,-893
120900136,10,25,-15
120900137,14,143,-129
120900138,1,226,-225
120900139,6,1089,-1083
120900140,0,34,-34
120900141,24,67,-43
120900142,27,1163,-1136
120900143,5,1373,-1368
120900144,4,346,-342
120900145,47,1107,-1060
120900146,5,1251,-1246
120900147,0,199,-199
120900148,9,65,-56
120900149,0,463,-463
120900150,7,616,-609
120900151,6,853,-847
120900152,0,86,-86
120900153,2,80,-78
120900154,1,354,-353
120900155,50,1369,-1319
120900156,4,379,-375
120900157,6,244,-238
120900158,5,680,-675
120900159,3,466,-463
120900160,52,446,-394
120900161,19,3290,-3271
120900162,12,2382,-2370
120900163,6,73,-67
120900164,0,0,0
120900165,0,1,-1
120900166,9,44,-35
120900167,48,69,-21
120900169,13,734,-721
120900170,2162,597,1565
120900171,1278,212,1066
120900172,1093,65,1028
120900173,0,59,-59
120900174,5,135,-130
120900175,292,178,114
120900176,2,93,-91
120900177,0,131,-131
120900178,0,136,-136
120900179,351,344,7
120900180,45,44,1
120900181,8,145,-137
120900182,16,453,-437
120900183,629,80,549
120900184,114,82,32
120900185,4,449,-445
120900186,0,574,-574
120900187,73,381,-308
120900188,20,3,17
120900189,58,105,-47
120900190,1,9,-8
120900191,2,8,-6
120900192,15820,1013,14807
120900194,8,95,-87
120900195,45,327,-282
120900196,351,40,311
120900197,137,23,114
120900198,114,577,-463
120900199,105,1315,-1210
120900200,81,49,32
120900201,657,135,522
120900202,2,275,-273
120900203,13,40,-27
120900204,372,483,-111
120900205,45,90,-45
120900206,8,0,8
121000001,705,1057,-352
121000002,852,685,167
121000003,4361,2021,2340
121000004,2028,1308,720
121000005,1690,2298,-608
121000006,1798,742,1056
121000007,2819,2951,-132
121000008,2513,1367,1146
121000009,7783,4398,3385
121000010,6890,1811,5079
121000011,13683,7749,5934
121000012,15418,3742,11676
121000013,5948,5352,596
121000014,6846,4075,2771
121000015,3787,4955,-1168
121000016,3658,2813,845
121000017,1171,2780,-1609
121000018,1406,1349,57
121000019,13117,4503,8614
121000020,9411,4115,5296
121000021,1937,2378,-441
121000022,1311,1096,215
121000023,2402,2393,9
121000024,1452,2193,-741
121000025,550,382,168
121000026,130,51,79
121000027,1604,987,617
121000028,422,398,24
121000029,295,501,-206
121000030,63,138,-75
121000031,372,556,-184
121000032,87,61,26
121000034,14,18,-4
121000035,48,66,-18
121000036,306,309,-3
121000037,208,494,-286
121000038,333,431,-98
121000039,145,198,-53
121000041,132,292,-160
121000042,59,209,-150
121000043,566,314,252
121000044,937,287,650
121000045,214,410,-196
121000046,95,214,-119
121000047,14,87,-73
121000049,1370,635,735
121000050,166,815,-649
121000051,188,189,-1
121000052,167,495,-328
121000053,117,6,111
121000054,17,199,-182
121000055,1498,901,597
121000056,587,687,-100
121000057,89,180,-91
121000058,303,76,227
121000059,850,392,458
121000060,304,732,-428
121000061,46,62,-16
121000062,62,131,-69
121000063,303,357,-54
121000064,146,168,-22
121000065,238,232,6
121000066,203,297,-94
121000067,771,227,544
121000068,143,114,29
121000069,225,118,107
121000070,636,882,-246
121000071,279,476,-197
121000072,874,478,396
121000073,488,578,-90
121000074,114,184,-70
121000075,69,20,49
121000076,914,249,665
121000077,37,14,23
121000078,58,114,-56
121000080,2374,502,1872
121000081,792,790,2
121000082,122,266,-144
121000083,95,53,42
121000084,147,86,61
121000085,386,436,-50
121000086,127,584,-457
121000087,36,153,-117
121000088,182,368,-186
121000089,154,185,-31
121000090,169,223,-54
121000091,2146,594,1552
121000092,104,72,32
121000093,58,185,-127
121000094,226,160,66
121000095,130,192,-62
121000096,2329,1842,487
121000097,1592,1247,345
121000098,222,932,-710
121000099,181,834,-653
121000100,171,499,-328
121000101,16,46,-30
121000102,45,398,-353
121000103,4,38,-34
121000104,69,191,-122
121000105,88,272,-184
121000106,12,40,-28
121000107,1641,3178,-1537
121000109,1612,862,750
121000110,200,294,-94
121000114,2050,1846,204
121000115,913,627,286
121000116,433,692,-259
121000117,1114,133,981
121000118,782,225,557
121000119,95,261,-166
121000120,146,382,-236
121000121,122,321,-199
121000123,302,248,54
121000126,78,287,-209
121000127,52,97,-45
121000128,185,536,-351
121000129,227,374,-147
121000130,219,782,-563
121000131,553,462,91
121000132,406,525,-119
121000135,359,297,62
121000136,1008,480,528
121000137,332,81,251
121000138,400,293,107
121000139,337,68,269
121000141,92,103,-11
121000142,619,415,204
121000143,133,14,119
121000144,643,560,83
121000145,201,1000,-799
121000146,446,657,-211
121000147,317,374,-57
121000148,320,869,-549
121000149,763,847,-84
121000152,159,317,-158
121000153,1564,421,1143
121000154,582,360,222
121000155,901,572,329
121000156,365,669,-304
121000157,1657,874,783
121000158,266,464,-198
121000159,106,657,-551
121000160,189,696,-507
121000161,56,388,-332
121000162,44,297,-253
121000165,1115,678,437
121000166,45,267,-222
121000168,95,187,-92
121000169,17,226,-209
121000170,71,41,30
121000171,52,214,-162
121000172,258,485,-227
121000173,1154,672,482
121000174,108,404,-296
121000175,245,360,-115
121000176,265,207,58
121000177,320,569,-249
121000178,33,58,-25
121000179,45,93,-48
121000181,163,248,-85
121000182,53,134,-81
121000183,26,31,-5
121000184,5,67,-62
121000185,13,145,-132
121000186,99,320,-221
121000187,131,273,-142
121000188,96,266,-170
121000192,344,326,18
121000193,285,277,8
121000194,2129,1637,492
121000195,219,749,-530
121000196,294,149,145
121000197,90,606,-516
121000198,64,78,-14
121000199,35,614,-579
121000200,125,73,52
121000201,1,295,-294
121000202,79,30,49
121000203,121,2116,-1995
121000204,405,237,168
121000205,66,355,-289
121000206,53,96,-43
121000207,372,350,22
121000208,5,471,-466
121000209,44,510,-466
121000210,138,638,-500
121000211,25,92,-67
121000212,149,715,-566
121000213,6079,1371,4708
121000214,496,559,-63
121000215,976,514,462
121000216,258,280,-22
121000217,1962,1058,904
121000218,393,1865,-1472
121000219,478,234,244
121000220,288,77,211
121000221,125,190,-65
121000222,1713,2439,-726
121000223,129,302,-173
121000224,63,41,22
121000225,615,509,106
121000226,693,287,406
121000227,12,249,-237
121000228,11,1036,-1025
121000229,18,540,-522
121000230,71,2043,-1972
121000231,0,0,0
121000232,133,49,84
121000233,127,219,-92
121000234,3,25,-22
121000235,28,10,18
121000236,2,48,-46
121000237,2,0,2
121000238,0,89,-89
121000239,4,0,4
121000240,4,174,-170
121000241,64,5,59
121000242,3,134,-131
121000243,20,12,8
121000244,3,66,-63
121000245,6,5,1
121000246,0,81,-81
121000247,12,3,9
121000248,110,354,-244
121000249,35,203,-168
121000250,91,64,27
121000251,17,484,-467
121000252,22,22,0
121000253,56,564,-508
121000254,188,216,-28
121000255,79,125,-46
121000256,41,136,-95
121000257,21,55,-34
121000258,28,49,-21
121000259,10,25,-15
121000260,23,112,-89
121000261,22,17,5
121000262,987,359,628
121000263,412,460,-48
121000271,240,1353,-1113
121000273,18,15,3
121000274,1,24,-23
121000275,3,26,-23
121000276,0,9,-9
121000278,10,29,-19
121000279,9,11,-2
121000280,2,47,-45
121000289,26,2,24
121000290,672,444,228
121000294,24,291,-267
121000297,457,304,153
121000299,110,174,-64
121000300,675,544,131
121000302,196,242,-46
121000303,503,215,288
121000304,63,7,56
121000305,33,5,28
121000306,6,26,-20
121000308,116,261,-145
121000309,234,553,-319
121000310,58,385,-327
121000311,42,575,-533
121000312,89,38,51
121000313,560,244,316
121000314,93,51,42
121000315,56,49,7
121000530,446,1212,-766
121000531,509,1168,-659
121000532,3579,2312,1267
121000533,1359,1274,85
121000918,4,245,-241
121000919,8,16,-8
121000938,1100,165,935
121000939,1297,118,1179
121000956,225,1226,-1001
121000957,3,21,-18
121000958,14,61,-47
121000959,138,874,-736
121000960,360,1740,-1380
121000961,70,6,64
121000962,207,425,-218
121000973,3,189,-186
121000976,1,60,-59
121000979,10,4,6
121000981,108,14,94
121000982,38,73,-35
121000983,88,383,-295
121000984,11,25,-14
121000985,112,556,-444
121000986,27,442,-415
121000987,97,1853,-1756
121000988,265,123,142
121001302,193,106,87
121001308,11,17,-6
121001309,37,51,-14
121001313,35,371,-336
121001314,4714,3300,1414
121001315,3879,1254,2625
121900001,53,135,-82
121900002,4,10,-6
121900003,10,4,6
121900004,10,139,-129
121900005,3,17,-14
121900006,3,3,0
121900007,34,272,-238
121900008,51,6,45
121900009,0,0,0
121900010,29,0,29
121900011,32,95,-63
121900012,0,0,0
121900013,112,0,112
121900014,152,33,119
121900015,7,14,-7
121900016,0,0,0
121900017,18,71,-53
121900018,32,1,31
121900019,43,78,-35
121900020,2,2,0
121900021,99,1,98
121900022,11,11,0
121900023,1,21,-20
121900024,147,21,126
121900025,54,57,-3
121900026,3,2,1
121900027,56,22,34
121900028,91,0,91
121900029,0,9,-9
121900030,90,108,-18
121900031,149,641,-492
121900032,29,25,4
121900033,42,26,16
121900034,23,15,8
121900035,424,174,250
121900036,2,25,-23
121900037,14,153,-139
121900038,6,34,-28
121900039,12,1,11
121900040,0,12,-12
121900041,9,28,-19
121900042,26,26,0
121900043,0,2,-2
121900044,195,8,187
121900046,4,14,-10
121900047,21,5,16
121900048,2,42,-40
121900050,0,4,-4
121900051,9,57,-48
121900052,9,5,4
121900053,62,46,16
121900054,65,137,-72
121900055,0,3,-3
121900058,2,95,-93
121900059,13,12,1
121900060,10,68,-58
121900061,22,50,-28
121900062,0,0,0
121900063,64,80,-16
121900064,11,151,-140
121900066,4,4,0
121900067,0,0,0
121900069,163,82,81
121900070,30,38,-8
121900071,28,71,-43
121900072,2,58,-56
121900073,22,34,-12
121900074,24,40,-16
121900075,55,45,10
121900076,18,169,-151
121900077,1,17,-16
121900078,2,5,-3
121900079,0,0,0
121900080,65,109,-44
121900082,5,43,-38
121900084,2,197,-195
121900085,0,10,-10
121900086,0,6,-6
121900087,72,20,52
121900088,669,701,-32
121900089,15,75,-60
121900090,0,82,-82
121900091,1,24,-23
121900092,0,5,-5
121900093,5,16,-11
121900094,6,2,4
121900095,61,30,31
121900096,233,25,208
121900097,23,14,9
121900098,0,0,0
121900099,5,11,-6
121900100,9,35,-26
121900101,26,34,-8
121900102,1,19,-18
121900103,22,14,8
121900104,157,71,86
121900105,5,5,0
121900106,0,0,0
121900107,0,1,-1
121900108,0,0,0
121900109,60,22,38
121900110,47,492,-445
121900111,412,80,332
121900112,6,11,-5
121900113,2,19,-17
121900114,0,0,0
121900115,19,85,-66
121900117,9,5,4
121900118,740,76,664
121900119,13,141,-128
121900120,3,684,-681
121900121,0,0,0
121900122,2,0,2
121900123,52,82,-30
121900124,20,75,-55
121900125,377,449,-72
121900127,2,22,-20
121900128,15,103,-88
121900129,645,31,614
121900130,4,31,-27
121900131,38,31,7
121900132,5,48,-43
121900133,10,10,0
121900134,0,31,-31
121900135,605,83,522
121900136,21,216,-195
121900137,17,73,-56
121900138,11,70,-59
121900139,184,87,97
121900140,3,36,-33
121900141,2,4,-2
121900142,1,20,-19
121900143,0,25,-25
121900144,319,224,95
121900145,25,44,-19
121900146,81,247,-166
121900147,25,122,-97
121900148,26,86,-60
121900149,84,209,-125
121900150,51,139,-88
121900151,11,73,-62
121900152,8,28,-20
121900153,9,94,-85
121900154,7,50,-43
121900155,0,46,-46
121900156,70,81,-11
121900157,0,166,-166
121900158,34,61,-27
121900159,0,61,-61
121900160,0,76,-76
121900161,117,70,47
121900162,29,57,-28
121900163,12,440,-428
121900164,69,45,24
121900165,9,53,-44
121900166,33,63,-30
121900167,13,36,-23
121900168,32,38,-6
121900169,3,345,-342
121900170,1,64,-63
121900171,66,105,-39
121900172,35,122,-87
121900173,136,26,110
121900174,1,3,-2
121900175,7,48,-41
121900176,160,1279,-1119
121900177,36,27,9
121900178,0,17,-17
121900179,28,23,5
121900180,4812,1233,3579
121900182,62,77,-15
121900183,83,76,7
121900184,7,182,-175
121900186,1,205,-204
121900187,4,55,-51
121900188,224,49,175
121900189,4,50,-46
121900190,47,96,-49
121900191,5,21,-16
121900192,303,80,223
121900193,0,45,-45
121900194,0,76,-76
121900195,10,26,-16
121900196,58,92,-34
121900197,126,1238,-1112
121900198,395,96,299
121900199,3,8,-5
121900200,9,31,-22
121900201,142,112,30
121900202,21,76,-55
121900203,18,49,-31
121900204,323,130,193
121900205,0,32,-32
121900206,2,5,-3
121900207,50,9,41
121900208,18,76,-58
121900209,7,5,2
121900210,31,79,-48
121900211,1,23,-22
121900212,9,32,-23
121900213,10,24,-14
121900214,4,192,-188
121900215,1,2,-1
121900216,9,16,-7
121900217,30,18,12
121900218,10,29,-19
121900220,16,1,15
121900221,48,152,-104
121900222,7,44,-37
121900223,2,5,-3
121900224,0,1,-1
121900225,6,4,2
121900226,1,152,-151
121900227,17,61,-44
121900228,30,56,-26
121900229,49,196,-147
121900230,19,12,7
121900231,101,35,66
121900232,26,61,-35
121900233,89,107,-18
121900234,28,107,-79
121900235,24,40,-16
121900236,36,23,13
121900237,77,191,-114
121900238,68,69,-1
121900239,18,8,10
121900240,25,31,-6
121900241,3,18,-15
121900242,0,0,0
121900243,0,0,0
121900244,0,0,0
121900245,57,25,32
121900246,16,8,8
121900247,60,78,-18
121900248,228,178,50
121900250,49,37,12
121900251,30,1,29
121900252,386,22,364
121900253,40,308,-268
121900254,152,50,102
121900255,8,8,0
121900258,177,52,125
121900259,61,35,26
121900260,7,77,-70
121900261,13,105,-92
121900262,73,195,-122
121900263,14,63,-49
121900264,758,269,489
121900265,38,97,-59
121900266,19,36,-17
121900267,0,0,0
121900269,16,67,-51
121900270,5,57,-52
121900271,3,53,-50
121900273,114,309,-195
121900274,12,85,-73
121900276,1,3,-2
121900277,64,812,-748
121900278,17,434,-417
121900279,30,179,-149
121900280,32,139,-107
121900281,86,4,82
121900284,12,0,12
121900286,8,139,-131
121900287,1,7,-6
121900290,76,84,-8
121900291,117,223,-106
121900292,29,25,4
121900293,464,2040,-1576
121900294,82,0,82
121900295,6,72,-66
121900296,3,0,3
121900298,23,96,-73
121900299,0,0,0
121900300,0,0,0
121900301,8,0,8
121900302,0,6,-6
121900303,33,89,-56
121900304,6,1,5
121900305,0,0,0
121900306,0,0,0
121900307,0,8,-8
121900308,6,253,-247
121900309,5,159,-154
121900310,4,393,-389
121900311,23,3,20
121900312,34,0,34
121900313,22,0,22
121900314,2,43,-41
121900315,0,0,0
121900316,0,0,0
121900317,0,0,0
121900318,2,9,-7
121900319,0,0,0
121900320,16,29,-13
121900321,0,0,0
121900322,0,5,-5
121900323,3,11,-8
121900324,0,0,0
121900325,0,0,0
121900326,0,3,-3
121900327,0,3,-3
121900328,0,11,-11
121900329,1,91,-90
121900330,0,5,-5
121900331,30,4,26
121900332,3,1,2
121900333,1,0,1
122000001,1599,1974,-375
122000002,3193,773,2420
122000003,1102,783,319
122000004,1513,590,923
122000005,1606,621,985
122000006,1036,290,746
122000007,567,479,88
122000008,3633,1456,2177
122000009,507,103,404
122000010,1569,1580,-11
122000011,1963,544,1419
122000012,566,783,-217
122000013,719,657,62
122000014,949,768,181
122000015,735,540,195
122000016,273,529,-256
122000017,817,742,75
122000018,808,1072,-264
122000019,399,1261,-862
122000020,135,127,8
122000021,505,262,243
122000022,473,401,72
122000023,177,666,-489
122000024,538,563,-25
122000025,593,705,-112
122000026,1061,480,581
122000027,442,1811,-1369
122000028,393,170,223
122000029,115,147,-32
122000030,228,64,164
122000031,87,89,-2
122000032,558,964,-406
122000033,303,369,-66
122000034,353,327,26
122000035,248,408,-160
122000036,172,495,-323
122000037,198,131,67
122000038,147,224,-77
122000039,242,293,-51
122000040,227,160,67
122000041,241,312,-71
122000042,77,320,-243
122000043,44,46,-2
122000044,55,74,-19
122000045,603,304,299
122000046,292,492,-200
122000047,184,76,108
122000048,1708,1640,68
122000049,3182,1692,1490
122000050,586,420,166
122000051,140,160,-20
122000052,183,115,68
122000053,40,334,-294
122000054,1349,968,381
122000055,1045,1369,-324
122000056,2597,1686,911
122000057,2519,1577,942
122000058,2120,979,1141
122000059,2025,1129,896
122000060,712,359,353
122000061,306,124,182
122000062,678,165,513
122000063,278,269,9
122000064,2053,2345,-292
122000065,2537,1827,710
122000066,577,631,-54
122000067,562,790,-228
122000068,412,558,-146
122000069,377,541,-164
122000070,198,889,-691
122000071,509,639,-130
122000072,151,198,-47
122000073,183,233,-50
122000074,496,431,65
122000075,234,368,-134
122000076,690,507,183
122000077,545,454,91
122000078,1579,1493,86
122000079,499,443,56
122000080,312,218,94
122000081,89,76,13
122000082,445,403,42
122000083,701,1604,-903
122000084,572,514,58
122000085,128,1069,-941
122000086,1349,1571,-222
122000087,178,122,56
122000088,169,152,17
122000089,2997,1510,1487
122000090,221,316,-95
122000091,103,61,42
122000092,67,6,61
122000093,776,1114,-338
122000094,3635,1070,2565
122000095,1870,757,1113
122000096,1149,374,775
122000098,1487,1051,436
122000099,718,451,267
122000100,434,316,118
122000101,86,290,-204
122000102,1128,872,256
122000103,480,973,-493
122000104,160,125,35
122000105,89,160,-71
122000106,251,271,-20
122000107,279,249,30
122000108,258,415,-157
122000109,111,136,-25
122000110,162,281,-119
122000111,1599,667,932
122000112,334,582,-248
122000113,188,450,-262
122000114,1444,1329,115
122000115,1278,608,670
122000116,310,290,20
122000117,506,166,340
122000118,281,253,28
122000119,1816,1063,753
122000120,1771,1645,126
122000121,2071,1463,608
122000122,501,788,-287
122000123,1010,401,609
122000124,322,196,126
122000125,293,509,-216
122000126,332,474,-142
122000127,839,616,223
122000128,329,531,-202
122000129,141,156,-15
122000130,1052,215,837
122000131,1035,250,785
122000132,715,302,413
122000133,555,1777,-1222
122000134,262,321,-59
122000135,386,773,-387
122000136,139,89,50
122000137,336,346,-10
122000139,777,1371,-594
122000140,616,316,300
122000141,3600,538,3062
122000142,128,474,-346
122000143,264,101,163
122000144,1024,529,495
122000145,410,336,74
122000146,130,455,-325
122000147,352,161,191
122000148,1416,619,797
122000149,1236,470,766
122000150,580,423,157
122000151,119,233,-114
122000152,215,233,-18
122000153,96,78,18
122000154,90,41,49
122000155,803,868,-65
122000156,2088,1644,444
122000157,1130,1080,50
122000158,151,392,-241
122000159,455,1149,-694
122000160,2125,432,1693
122000161,492,225,267
122000162,986,555,431
122000163,324,57,267
122000164,22,103,-81
122000165,450,387,63
122000166,313,474,-161
122000167,171,239,-68
122000168,145,340,-195
122000169,314,125,189
122000170,151,245,-94
122000171,27,63,-36
122000172,739,797,-58
122000173,730,1064,-334
122000174,847,611,236
122000175,790,264,526
122000176,192,407,-215
122000177,869,1278,-409
122000178,1781,697,1084
122000179,1571,1235,336
122000180,1067,743,324
122000181,1201,1438,-237
122000182,2024,323,1701
122000183,818,182,636
122000184,3809,1484,2325
122000185,1311,983,328
122000186,416,517,-101
122000187,489,701,-212
122000188,311,154,157
122000189,118,82,36
122000190,192,712,-520
122000191,455,223,232
122000192,351,114,237
122000193,127,319,-192
122000194,272,93,179
122000195,90,387,-297
122000196,499,313,186
122000197,147,164,-17
122000198,278,738,-460
122000199,205,129,76
122000200,649,182,467
122000201,1033,1554,-521
122000202,693,831,-138
122000203,1262,1150,112
122000204,739,1538,-799
122000205,737,776,-39
122000206,1118,363,755
122000207,510,626,-116
122000208,645,975,-330
122000209,854,115,739
122000210,621,1776,-1155
122000211,359,985,-626
122000212,238,274,-36
122000213,559,565,-6
122000214,619,736,-117
122000215,768,732,36
122000217,966,1145,-179
122000218,42,8,34
122000219,1276,873,403
122000220,141,731,-590
122000221,95,332,-237
122000222,445,64,381
122000223,498,440,58
122000225,352,148,204
122000226,499,1653,-1154
122000227,110,941,-831
122000228,192,394,-202
122000229,13,246,-233
122000230,57,749,-692
122000231,126,484,-358
122000232,202,732,-530
122000233,1,73,-72
122000234,36,208,-172
122000235,205,150,55
122000236,232,135,97
122000237,27,43,-16
122000238,55,45,10
122000239,97,68,29
122000240,237,129,108
122000241,234,171,63
122000242,99,49,50
122000243,2,13,-11
122000244,10,277,-267
122000245,1,53,-52
122000246,1,29,-28
122000247,295,244,51
122000248,838,1331,-493
122000249,99,194,-95
122000250,607,167,440
122000251,211,169,42
122000252,345,29,316
122000253,17,267,-250
122000254,45,39,6
122000255,321,1237,-916
122000256,266,1328,-1062
122000257,64,330,-266
122000258,50,204,-154
122000259,8,686,-678
122000260,5,140,-135
122000261,1,87,-86
122000262,2,56,-54
122000263,24,75,-51
122000264,48,105,-57
122000265,351,179,172
122000266,935,129,806
122000267,39,58,-19
122000268,60,192,-132
122000269,214,200,14
122000270,123,84,39
122000271,138,917,-779
122000272,148,991,-843
122000273,98,481,-383
122000274,29,117,-88
122000275,14,104,-90
122000276,51,364,-313
122000277,250,742,-492
122000278,224,677,-453
122000279,70,469,-399
122000280,441,611,-170
122000281,241,659,-418
122000282,66,85,-19
122000283,392,30,362
122000284,47,52,-5
122000285,210,84,126
122000286,98,117,-19
122000287,280,383,-103
122000288,115,116,-1
122000291,341,196,145
122000293,361,261,100
122000294,32,39,-7
122000295,443,92,351
122000296,21,267,-246
122000297,2186,1015,1171
122000299,81,383,-302
122000300,138,273,-135
122000301,11334,1145,10189
122000302,771,507,264
122000303,4103,757,3346
122000304,1,91,-90
122000305,559,153,406
122000306,14,925,-911
122000307,43,108,-65
122000309,18,68,-50
122000310,4,7,-3
122000311,41,46,-5
122000312,60,23,37
122000313,9,43,-34
122000314,41,127,-86
122000315,38,6,32
122000316,118,155,-37
122000317,310,100,210
122000318,69,131,-62
122000319,214,406,-192
122000320,228,2490,-2262
122000321,23,295,-272
122000322,1540,704,836
122000323,1076,632,444
122000324,697,778,-81
122000325,427,543,-116
122000326,0,50,-50
122000327,98,272,-174
122000328,540,771,-231
122000330,1011,321,690
122000332,159,319,-160
122000333,6,158,-152
122000337,265,2073,-1808
122000338,93,411,-318
122000340,159,167,-8
122000342,2016,909,1107
122000343,139,897,-758
122000344,3,6,-3
122000345,15,43,-28
122000346,246,354,-108
122000348,162,672,-510
122000349,45,571,-526
122000351,9,79,-70
122000352,147,37,110
122000353,12,142,-130
122000355,42,109,-67
122000356,834,516,318
122000357,9,6,3
122000358,0,54,-54
122000359,0,31,-31
122000360,0,28,-28
122000362,7,91,-84
122000364,24,315,-291
122000365,2,11,-9
122000366,8,5,3
122000368,198,501,-303
122000370,3,56,-53
122000371,0,0,0
122000372,0,0,0
122000381,7,202,-195
122000382,38,197,-159
122000384,1937,1168,769
122000385,0,0,0
122000386,68,254,-186
122000387,121,477,-356
122000388,320,186,134
122000389,136,645,-509
122000390,118,131,-13
122000391,20,18,2
122000392,146,260,-114
122000393,10,269,-259
122000394,59,373,-314
122000395,59,202,-143
122000396,100,94,6
122000397,17,79,-62
122000398,2,13,-11
122000399,24,66,-42
122000400,40,93,-53
122000401,63,99,-36
122000402,19,2,17
122000403,177,1419,-1242
122000404,40,119,-79
122000408,481,745,-264
122000503,8,21,-13
122000524,114,64,50
122000544,5,365,-360
122000616,702,2,700
122000640,22,199,-177
122000641,21,479,-458
122000642,672,1100,-428
122000643,5,20,-15
122000644,143,22,121
122000645,92,120,-28
122000651,658,435,223
122000664,83,28,55
122000665,708,381,327
122000666,338,657,-319
122000673,15,368,-353
122000674,80,51,29
122000675,520,1223,-703
122000686,73,994,-921
122000687,142,379,-237
122000688,68,552,-484
122000689,175,683,-508
122000690,208,763,-555
122000691,149,1839,-1690
122000692,302,524,-222
122000693,160,1961,-1801
122000695,80,527,-447
122000696,58,193,-135
122000698,58,1068,-1010
122000699,112,52,60
122000701,385,366,19
122000702,257,1106,-849
122000703,20,8,12
122000717,241,33,208
122000718,386,55,331
122000719,16,39,-23
122000720,25,147,-122
122000724,50,8,42
122900001,1,0,1
122900002,260,258,2
122900003,48,15,33
122900004,136,5,131
122900005,39,11,28
122900006,183,47,136
122900007,36,5,31
122900008,194,5,189
122900009,92,21,71
122900010,0,0,0
122900012,19,16,3
122900014,60,172,-112
122900015,894,79,815
122900016,40,256,-216
122900017,102,463,-361
122900018,58,4,54
122900019,4,110,-106
122900020,292,231,61
122900021,33,227,-194
122900022,119,854,-735
122900023,89,329,-240
122900024,36,49,-13
122900025,8,79,-71
122900026,149,247,-98
122900027,20,509,-489
122900028,46,67,-21
122900029,1756,420,1336
122900030,1588,164,1424
122900031,24,50,-26
122900032,90,175,-85
122900033,34,42,-8
122900034,873,819,54
122900035,0,1,-1
122900036,2,18,-16
122900037,79,69,10
122900038,31,722,-691
122900039,34,124,-90
122900040,7,40,-33
122900041,11,23,-12
122900042,4,23,-19
122900043,44,35,9
122900044,5,26,-21
122900045,11,19,-8
122900046,12,13,-1
122900047,27,52,-25
122900048,5,67,-62
122900049,1175,54,1121
122900051,46,78,-32
122900052,13,45,-32
122900053,4,16,-12
122900055,53,55,-2
122900057,41,6,35
122900061,242,32,210
122900062,193,189,4
122900063,35,327,-292
122900064,458,377,81
122900065,148,83,65
122900066,200,136,64
122900067,1114,418,696
122900068,114,273,-159
122900069,129,313,-184
122900070,24,10,14
122900071,29,378,-349
122900072,18,663,-645
122900073,28,142,-114
122900074,25,492,-467
122900075,1,70,-69
122900076,2,147,-145
122900077,0,248,-248
122900078,7,184,-177
122900080,10,4,6
122900081,42,1,41
122900082,43,1,42
122900083,2,0,2
122900084,2,134,-132
122900086,0,4,-4
122900087,22,617,-595
122900088,9,22,-13
122900089,1,61,-60
122900090,4,706,-702
122900091,0,0,0
122900092,1,160,-159
122900093,1,184,-183
122900094,2,93,-91
122900095,0,0,0
122900096,0,84,-84
122900097,0,0,0
122900098,20,32,-12
122900099,1,0,1
122900100,131,48,83
122900101,59,19,40
122900102,2,3,-1
122900103,4,3,1
122900104,4,2,2
122900105,0,0,0
122900106,1,43,-42
122900107,1,119,-118
122900108,2,119,-117
123000001,1171,279,892
123000002,4009,1292,2717
123000003,2471,1294,1177
123000004,3119,3889,-770
123000005,873,1111,-238
123000006,2628,2779,-151
123000007,766,966,-200
123000008,1661,3935,-2274
123000009,2053,1588,465
123000010,3447,3477,-30
123000011,760,415,345
123000012,661,2287,-1626
123000013,1328,438,890
123000014,1242,3672,-2430
123000015,1056,303,753
123000016,7462,2383,5079
123000017,2274,1006,1268
123000018,20,86,-66
123000019,50,331,-281
123000020,41,102,-61
123000021,12,99,-87
123000022,225,480,-255
123000023,760,842,-82
123000024,435,345,90
123000025,2,41,-39
123000026,0,45,-45
123000027,45,211,-166
123000028,319,52,267
123000029,597,249,348
123000030,41,967,-926
123000031,39,385,-346
123000032,51,213,-162
123000033,52,34,18
123000034,359,361,-2
123000035,125,155,-30
123000036,153,215,-62
123000037,135,320,-185
123000038,91,183,-92
123000039,697,670,27
123000040,894,392,502
123000041,390,200,190
123000042,346,427,-81
123000043,1985,1957,28
123000044,3970,1478,2492
123000045,8894,1226,7668
123000046,543,534,9
123000047,2673,749,1924
123000048,46,152,-106
123000049,5488,1920,3568
123000050,451,619,-168
123000051,23,44,-21
123000052,388,1008,-620
123000053,2345,1499,846
123000054,889,745,144
123000055,597,601,-4
123000056,950,1476,-526
123000057,15698,3189,12509
123000058,380,349,31
123000059,194,328,-134
123000060,303,225,78
123000061,96,428,-332
123000063,357,377,-20
123000064,404,109,295
123000065,6564,2304,4260
123000066,1060,558,502
123000067,189,364,-175
123000068,2525,2288,237
123000069,11455,2572,8883
123000070,130,637,-507
123000071,294,797,-503
123000072,656,1568,-912
123000073,317,539,-222
123000074,633,1820,-1187
123000075,134,388,-254
123000076,300,895,-595
123000077,1142,3377,-2235
123000078,451,1009,-558
123000079,467,1256,-789
123000080,1160,2402,-1242
123000081,144,617,-473
123000082,207,1048,-841
123000083,293,60,233
123000084,138,470,-332
123000085,31,111,-80
123000086,92,416,-324
123000087,25,536,-511
123000088,432,1298,-866
123000089,166,625,-459
123000090,669,906,-237
123000091,968,807,161
123000092,824,854,-30
123000094,212,150,62
123000095,115,338,-223
123000096,124,295,-171
123000097,147,1168,-1021
123000098,171,298,-127
123000099,249,675,-426
123000100,334,295,39
123000101,473,235,238
123000102,257,318,-61
123000104,201,250,-49
123000105,424,399,25
123000106,398,214,184
123000107,294,395,-101
123000108,853,1136,-283
123000111,227,134,93
123000112,377,409,-32
123000113,350,1652,-1302
123000114,316,237,79
123000115,109,190,-81
123000116,15,137,-122
123000117,686,2035,-1349
123000118,214,1058,-844
123000119,135,1093,-958
123000120,239,918,-679
123000121,280,554,-274
123000122,236,219,17
123000123,301,484,-183
123000124,325,400,-75
123000125,483,337,146
123000126,1426,983,443
123000127,1771,722,1049
123000128,141,402,-261
123000129,13,20,-7
123000130,48,8,40
123000131,173,234,-61
123000132,183,429,-246
123000133,123,288,-165
123000134,330,127,203
123000135,557,897,-340
123000136,126,1476,-1350
123000137,44,473,-429
123000138,40,464,-424
123000139,26,26,0
123000140,92,675,-583
123000141,62,13,49
123000142,548,806,-258
123000143,792,2509,-1717
123000144,16,3,13
123000145,118,79,39
123000146,21,72,-51
123000147,26,78,-52
123000149,131,150,-19
123000150,114,111,3
123000151,206,292,-86
123000152,69,305,-236
123000153,170,228,-58
123000154,1637,721,916
123000155,2004,505,1499
123000156,45,73,-28
123000157,227,657,-430
123000158,362,321,41
123000159,1798,909,889
123000160,308,161,147
123000161,589,366,223
123000162,202,527,-325
123000163,83,21,62
123000164,298,87,211
123000165,155,1960,-1805
123000166,15,134,-119
123000167,25,269,-244
123000168,78,433,-355
123000169,129,37,92
123000170,0,407,-407
123000171,14,30,-16
123000172,118,787,-669
123000173,123,40,83
123000174,104,57,47
123000175,794,1378,-584
123000176,340,44,296
123000177,257,1080,-823
123000178,128,25,103
123000179,13,873,-860
123000180,636,160,476
123000181,229,1345,-1116
123000182,45,499,-454
123000183,103,85,18
123000184,73,933,-860
123000185,79,220,-141
123000186,4,647,-643
123000187,94,1,93
123000188,15,2,13
123000189,89,284,-195
123000190,6,64,-58
123000192,6,400,-394
123000193,17,458,-441
123000194,304,204,100
123000195,61,1,60
123000196,48,0,48
123000197,29,133,-104
123000198,8,197,-189
123000199,5,376,-371
123000200,64,5,59
123000201,224,3,221
123000202,27,1360,-1333
123000203,170,15,155
123000204,36,1398,-1362
123000205,211,2173,-1962
123000206,466,37,429
123000207,52,989,-937
123000208,68,25,43
123000209,451,103,348
123000210,280,1310,-1030
123000211,570,3025,-2455
123000212,542,114,428
123000213,106,25,81
123000215,41,49,-8
123000216,97,177,-80
123000217,39,2,37
123000218,82,176,-94
123000219,277,9,268
123000220,105,5,100
123000221,74,82,-8
123000222,127,586,-459
123000223,60,378,-318
123000224,154,477,-323
123000225,43,87,-44
123000226,15,447,-432
123000227,29,428,-399
123000228,13,73,-60
123000229,708,1905,-1197
123000232,57,547,-490
123000233,131,29,102
123000234,71,682,-611
123000235,47,136,-89
123000236,97,939,-842
123000237,96,10,86
123000238,26,713,-687
123000239,284,2306,-2022
123000240,43,137,-94
123000241,466,60,406
123000242,48,183,-135
123000243,325,891,-566
123000244,614,335,279
123000245,25,143,-118
123000249,419,417,2
123000252,150,62,88
123000253,198,95,103
123000254,216,1049,-833
123000255,398,327,71
123000256,44,227,-183
123000257,3015,2201,814
123000258,542,1199,-657
123000259,81,282,-201
123000260,192,707,-515
123000261,41,309,-268
123000262,43,279,-236
123000263,172,83,89
123000264,102,19,83
123000265,31,154,-123
123000266,262,604,-342
123000267,102,121,-19
123000268,18,52,-34
123000269,10,13,-3
123000270,9,28,-19
123000271,36,58,-22
123000272,314,64,250
123000273,25,187,-162
123000274,271,130,141
123000275,187,927,-740
123000278,2883,1934,949
123000279,24,53,-29
123000280,97,355,-258
123000281,97,45,52
123000282,81,220,-139
123000283,16,20,-4
123000284,21,117,-96
123000286,252,171,81
123000287,459,204,255
123000288,145,142,3
123000289,189,206,-17
123000291,298,801,-503
123000294,147,240,-93
123000295,356,513,-157
123000296,99,257,-158
123000297,107,696,-589
123000298,118,658,-540
123000299,4,114,-110
123000300,220,303,-83
123000301,21,105,-84
123000302,48,206,-158
123000303,27,68,-41
123000305,794,750,44
123000306,12,360,-348
123000309,33,59,-26
123000310,51,13,38
123000311,1,135,-134
123000312,575,977,-402
123000313,61,210,-149
123000315,33,312,-279
123000316,536,11,525
123000317,54,21,33
123000318,9,261,-252
123000329,40,20,20
123000337,34,180,-146
123000338,231,38,193
123000339,52,490,-438
123000340,80,295,-215
123000342,3,4,-1
123000343,0,0,0
123000344,652,285,367
123000345,157,534,-377
123000346,21,15,6
123000352,1930,764,1166
123000353,7,122,-115
123000354,59,2,57
123000355,0,321,-321
123000356,18,2,16
123000357,1,246,-245
123000359,0,245,-245
123000360,0,0,0
123000361,461,208,253
123000362,53,149,-96
123000363,8,286,-278
123000364,251,126,125
123000365,13,166,-153
123000366,157,600,-443
123000367,140,1062,-922
123000370,12,335,-323
123000371,21,3,18
123000372,27,3,24
123000373,2,357,-355
123000374,2,175,-173
123000375,62,5,57
123000376,240,362,-122
123000377,58,6,52
123000378,10,583,-573
123000379,4,183,-179
123000380,8,148,-140
123000381,27,7,20
123000382,247,10,237
123000383,110,435,-325
123000384,110,28,82
123000385,333,521,-188
123000436,65,813,-748
123000507,119,136,-17
123000508,186,213,-27
123000517,235,29,206
123000518,33,245,-212
123000519,135,79,56
123000520,73,214,-141
123000521,232,75,157
123000522,236,664,-428
123000541,0,0,0
123000542,0,53,-53
123000565,105,9,96
123000566,24,977,-953
123000567,65,289,-224
123000573,26,1380,-1354
123000574,80,33,47
123000575,454,1346,-892
123000576,143,2305,-2162
123000577,74,364,-290
123000578,267,31,236
123000579,3097,1250,1847
123000580,57,6,51
123000582,37,11,26
123000583,8,552,-544
123000584,34,107,-73
123000585,1,121,-120
123000586,0,0,0
123000596,122,100,22
123000597,23,41,-18
123000602,0,0,0
123000603,55,679,-624
123000604,176,1223,-1047
123000605,210,75,135
123000606,2,470,-468
123000609,15,387,-372
123000610,26,36,-10
123000613,105,152,-47
123000614,54,8,46
123000615,53,291,-238
123000616,48,4,44
123000617,50,1212,-1162
123000618,23,914,-891
123000619,53,2,51
123000620,32,830,-798
123000622,73,3,70
123000624,43,12,31
123000630,192,267,-75
123000631,102,1944,-1842
123000632,802,1120,-318
123000633,0,109,-109
123000634,5,9,-4
123000635,182,86,96
123000636,9,659,-650
123000637,84,129,-45
123000638,161,62,99
123000639,277,494,-217
123000640,2,1059,-1057
123900001,1369,80,1289
123900002,16,554,-538
123900003,181,435,-254
123900005,61,30,31
123900006,29,10,19
124000001,508,18,490
124000002,84,1466,-1382
124000003,88,29,59
124000004,39,717,-678
124000005,144,56,88
124000006,155,1558,-1403
124000007,158,24,134
124000008,9,290,-281
124000009,63,76,-13
124000010,31,561,-530
124000011,76,86,-10
124000012,100,1032,-932
124000017,0,0,0
124000018,61,140,-79
124000019,0,0,0
124000020,35,191,-156
124000021,0,0,0
124000022,106,203,-97
124000023,764,795,-31
124000024,774,486,288
124000025,660,667,-7
124000026,1096,913,183
124000027,3753,1422,2331
124000028,2693,3178,-485
124000030,2413,936,1477
124000031,193,149,44
124000032,5738,977,4761
124000033,62,29,33
124000034,2346,469,1877
124000035,8,12,-4
124000036,32,101,-69
124000037,56,78,-22
124000038,15,16,-1
124000039,431,119,312
124000040,341,316,25
124000041,90,24,66
124000042,58,323,-265
124000043,7,23,-16
124000044,15,383,-368
124000045,178,278,-100
124000046,79,728,-649
124000047,326,410,-84
124000048,205,2124,-1919
124000049,397,338,59
124000050,290,2495,-2205
124000051,150,227,-77
124000052,232,1492,-1260
124000053,179,360,-181
124000054,437,772,-335
124000055,531,531,0
124000056,3353,1265,2088
124000057,293,219,74
124000058,284,1177,-893
124000059,168,288,-120
124000060,569,723,-154
124000061,756,1355,-599
124000062,5551,1394,4157
124000063,1112,1420,-308
124000064,1885,1804,81
124000065,5,88,-83
124000066,55,37,18
124000067,37,138,-101
124000068,0,21,-21
124000069,0,0,0
124000070,11,209,-198
124000071,19,37,-18
124000072,83,583,-500
124000073,218,22,196
124000074,94,956,-862
124000075,0,0,0
124000076,7,249,-242
124000077,1000,305,695
124000078,1546,100,1446
124000079,429,604,-175
124000080,29,69,-40
124000081,50,721,-671
124000082,2,22,-20
124000083,19,144,-125
124000084,2,45,-43
124000085,25,30,-5
124000086,12,34,-22
124000087,20,21,-1
124000088,80,96,-16
124000089,186,210,-24
124000090,25,405,-380
124000091,37,63,-26
124000092,32,503,-471
124000093,58,25,33
124000094,35,254,-219
124000095,44,65,-21
124000096,54,384,-330
124000097,17,53,-36
124000098,41,121,-80
124000099,21,35,-14
124000100,16,102,-86
124000101,22,74,-52
124000102,55,84,-29
124000103,33,53,-20
124000104,17,71,-54
124000105,22,37,-15
124000106,41,104,-63
124000107,9,58,-49
124000108,19,43,-24
124000109,46,27,19
124000110,73,106,-33
124000111,86,133,-47
124000112,279,721,-442
124000113,32,32,0
124000114,103,620,-517
124000115,281,714,-433
124000116,28,60,-32
124000117,58,38,20
124000118,24,46,-22
124000119,342,510,-168
124000120,68,289,-221
124000121,938,295,643
124000122,548,774,-226
124000123,465,206,259
124000124,249,636,-387
124000125,183,187,-4
124000126,233,472,-239
124000127,330,238,92
124000128,322,1073,-751
124000129,1139,902,237
124000130,630,529,101
124000131,617,374,243
124000132,651,750,-99
124000133,234,377,-143
124000134,412,694,-282
124000135,867,729,138
124000136,806,844,-38
124000137,697,306,391
124000138,1075,748,327
124000139,102,13,89
124000140,19,350,-331
124000141,3,2,1
124000142,1,74,-73
124000143,13,8,5
124000144,6,37,-31
124000145,35,19,16
124000146,12,157,-145
124000148,44,9,35
124000149,373,151,222
124000150,231,409,-178
124000151,240,80,160
124000152,352,972,-620
124000153,191,134,57
124000154,265,771,-506
124000155,468,202,266
124000156,800,744,56
124000169,49,123,-74
124000170,434,354,80
124000171,46,102,-56
124000172,203,584,-381
124000173,86,190,-104
124000174,131,708,-577
124000175,6,143,-137
124000176,0,0,0
124000177,10,31,-21
124000178,0,0,0
124000190,40,13,27
124000191,90,17,73
124000192,231,53,178
124000193,148,1123,-975
124000194,173,575,-402
124000195,66,265,-199
124000196,455,1126,-671
124000197,35,34,1
124000198,14,25,-11
124000201,40,1027,-987
124000202,1,52,-51
124000203,59,1138,-1079
124000204,12,422,-410
124000205,43,736,-693
124000206,30,267,-237
124000207,0,78,-78
124000209,91,655,-564
124000210,58,159,-101
124000211,24,1,23
124000212,1,676,-675
124000213,43,386,-343
124000214,11,703,-692
124000215,0,0,0
124000216,0,590,-590
124000329,30,2253,-2223
124000338,18,1188,-1170
124000339,120,14,106
124000341,188,20,168
124000344,1,0,1
124000357,351,316,35
124000358,557,374,183
124000359,432,172,260
124000360,213,134,79
124000361,367,203,164
124000362,1147,1814,-667
124000363,217,636,-419
124000364,434,1348,-914
124000365,663,1231,-568
124000366,1926,1000,926
124000367,71,545,-474
124000368,52,43,9
124000369,31,30,1
124000370,40,361,-321
124000402,7,6,1
124000403,21,8,13
124000404,4,104,-100
124000405,668,375,293
124000406,622,836,-214
124000407,0,24,-24
124000411,5,413,-408
124000412,37,14,23
124000413,33,48,-15
124000414,29,91,-62
124000415,57,216,-159
124000416,64,285,-221
124000417,60,74,-14
124000418,22,124,-102
124000419,13,170,-157
124000420,10,77,-67
124000421,22,298,-276
124000422,14,10,4
124000423,32,37,-5
124000424,1,90,-89
124000425,13,3,10
124000426,3,41,-38
124000427,14,2,12
124000428,5,24,-19
124000429,11,82,-71
124000430,259,615,-356
124000431,126,858,-732
124000432,118,812,-694
124000439,0,1,-1
124000442,8,223,-215
124000443,1,5,-4
124000445,54,27,27
124000446,1177,47,1130
124900001,74,110,-36
124900002,48,384,-336
124900003,153,286,-133
124900004,85,145,-60
124900005,119,194,-75
124900006,133,207,-74
124900008,594,276,318
124900009,16,26,-10
124900010,13,9,4
124900011,78,40,38
124900012,108,28,80
124900013,110,45,65
124900014,38,42,-4
124900015,31,47,-16
124900016,5,19,-14
124900017,337,90,247
124900018,3,0,3
124900020,10,12,-2
124900021,7,3,4
124900022,8,1,7
124900024,18,0,18
124900026,5,5,0
124900027,30,67,-37
124900028,560,131,429
124900029,41,168,-127
124900030,1,133,-132
124900031,24,374,-350
124900032,162,96,66
124900033,61,377,-316
124900034,2,83,-81
124900035,83,343,-260
124900036,1,35,-34
124900037,56,278,-222
124900038,300,256,44
124900039,0,26,-26
124900040,15,109,-94
124900041,86,1011,-925
124900042,10,2,8
124900043,183,852,-669
124900044,15,6,9
124900045,550,456,94
124900046,1393,140,1253
124900047,31,115,-84
124900048,45,88,-43
124900050,84,171,-87
124900052,39,389,-350
124900053,24,351,-327
124900054,2746,226,2520
124900055,1,96,-95
124900057,1,71,-70
124900060,31,195,-164
124900061,9,1,8
124900062,17,3,14
124900066,0,28,-28
124900067,4,148,-144
124900068,122,108,14
124900070,2,4,-2
124900072,13,7,6
124900074,51,158,-107
124900075,17,122,-105
124900076,20,126,-106
124900077,8,75,-67
124900078,20,4,16
124900079,285,18,267
124900080,72,659,-587
124900081,175,108,67
124900082,171,737,-566
124900083,95,413,-318
124900084,2257,49,2208
124900085,1022,82,940
124900086,18,257,-239
124900087,243,46,197
124900088,538,63,475
124900089,869,10,859
124900090,38,41,-3
124900091,97,507,-410
124900092,78,381,-303
124900093,31,44,-13
124900094,27,81,-54
124900095,19,100,-81
124900096,153,36,117
124900097,38,26,12
124900098,66,265,-199
124900099,324,200,124
124900100,41,5,36
124900101,3,35,-32
124900102,26,0,26
124900103,23,222,-199
124900104,6,172,-166
124900105,19,137,-118
124900106,28,7,21
124900107,14,5,9
124900108,71,4,67
124900109,15,84,-69
124900110,54,427,-373
124900111,0,34,-34
124900112,38,807,-769
124900113,7,50,-43
124900114,6,30,-24
124900115,7,3,4
124900116,28,52,-24
124900117,328,67,261
124900118,33,5,28
124900119,75,19,56
124900120,10,350,-340
124900121,47,48,-1
124900122,450,112,338
124900123,145,17,128
124900124,100,72,28
129000186,26,15,11
204000001,1,1,0
204000002,0,0,0
204000003,1,0,1
204000004,1,0,1
204000005,97,88,9
204000006,287,211,76
204000011,13,74,-61
204000012,12,179,-167
204000013,0,46,-46
204000019,213,302,-89
204000020,235,404,-169
204000021,1062,407,655
204000022,151,260,-109
204000023,256,1179,-923
204000031,4,3,1
204000032,179,9,170
204000034,45,544,-499
204000035,7,9,-2
204000036,16,28,-12
204000037,0,23,-23
204000038,1,17,-16
204000039,6,79,-73
204000040,4,38,-34
204000041,6,93,-87
204000042,0,3,-3
204000043,0,5,-5
204000044,5,1,4
204000045,2,2,0
204000046,1,1,0
204000057,2,116,-114
204000062,4,42,-38
204000068,31,195,-164
204000069,3,65,-62
204000070,27,54,-27
204000080,29,52,-23
204000085,635,1236,-601
204000086,2083,1412,671
204000087,51,44,7
204000088,15,72,-57
204000090,28,684,-656
204000093,29,5,24
204000096,180,165,15
204000097,27,2,25
204000099,374,316,58
204000100,233,234,-1
204000105,952,1368,-416
204000110,695,1270,-575
204000111,262,745,-483
204000112,536,944,-408
204000113,221,729,-508
204000114,173,159,14
204000115,135,150,-15
204000116,521,258,263
204000119,363,359,4
204000132,210,133,77
204000133,216,107,109
204000134,264,73,191
204000135,175,42,133
204000136,65,79,-14
204000138,153,291,-138
204000140,85,112,-27
204000141,55,50,5
204000144,6,19,-13
204000145,69,9,60
204000146,52,516,-464
204000147,17,182,-165
204000148,198,6,192
204000154,0,0,0
204000155,0,17,-17
204000177,25,21,4
204000179,3,0,3
204000180,0,67,-67
204000222,2,16,-14
204000235,26,17,9
204000236,36,360,-324
204000238,5,3,2
204000240,95,62,33
204000263,242,994,-752
204000268,346,147,199
204000308,3,3,0
204000317,42,51,-9
204000322,16,27,-11
204000323,2,1,1
204000328,22,4,18
204000329,71,149,-78
204000330,22,0,22
204000331,75,143,-68
204010341,25,240,-215
205000001,949,1081,-132
205000013,6,117,-111
205000014,23,174,-151
205000015,29,327,-298
205000016,19,234,-215
205000017,95,103,-8
205000022,223,610,-387
205000025,2023,878,1145
205000029,92,8,84
205000045,26,172,-146
205000046,47,417,-370
205000047,92,480,-388
205000048,61,616,-555
205000049,71,579,-508
205000050,1039,239,800
205000059,0,376,-376
205000060,0,51,-51
205000061,5,24,-19
205000062,1,41,-40
205000063,6,28,-22
205000064,15,126,-111
205000065,53,835,-782
205000066,64,1041,-977
205000067,33,1318,-1285
205000069,274,52,222
205000082,24,21,3
205000110,26,153,-127
205000111,93,195,-102
205000112,6,22,-16
205000113,267,197,70
205000121,3,1,2
205000123,87,196,-109
205000126,0,0,0
205000127,0,0,0
205000128,0,0,0
205000129,0,0,0
205000130,0,0,0
205000131,0,0,0
205000132,0,0,0
205000133,0,0,0
205000134,0,0,0
205000137,124,132,-8
205000138,201,203,-2
205000139,15,50,-35
205000144,15,10,5
205000145,38,9,29
205000151,1,0,1
205000152,3,0,3
205000153,0,0,0
205000154,0,0,0
205000155,0,0,0
205000207,113,147,-34
205000233,0,1,-1
205000234,0,0,0
205000243,0,0,0
205000244,1,7,-6
205000245,18,406,-388
205000249,0,38,-38
205000250,0,0,0
205000264,11,120,-109
206000027,0,0,0
206000028,0,0,0
206000043,23,286,-263
206000053,25,30,-5
206000054,21,43,-22
206000055,8,88,-80
206000075,10,9,1
206000076,15,20,-5
206000077,17,15,2
206000078,10,18,-8
206000079,19,8,11
206000082,364,30,334
206000100,106,918,-812
206000103,9,38,-29
206000104,23,48,-25
206000105,6,42,-36
206000106,15,75,-60
206000108,478,57,421
206000125,27,0,27
206000157,341,1029,-688
206000170,6,580,-574
206000171,5,448,-443
206000172,15,1899,-1884
206000173,3,453,-450
206000174,13,331,-318
206000175,4,474,-470
206000176,27,885,-858
206000177,4,530,-526
206000178,3,364,-361
206000179,13,222,-209
206000180,94,359,-265
206000181,20,537,-517
206000182,51,553,-502
206000183,57,1527,-1470
206000184,8,889,-881
206000185,17,716,-699
206000186,156,2756,-2600
206000223,11,549,-538
206000226,0,0,0
206000227,0,0,0
206000237,57,754,-697
206000238,97,1112,-1015
206000239,1049,3392,-2343
206000240,1,79,-78
206000241,4,280,-276
206000242,12,1023,-1011
206000243,9,851,-842
206000244,79,1835,-1756
206000245,144,33,111
206000246,20,2,18
206000247,44,12,32
206000248,59,27,32
206000252,67,25,42
206000258,29,52,-23
206000315,33,9,24
206000317,138,37,101
206000318,59,23,36
206000319,192,32,160
206000320,38,22,16
206000321,38,10,28
206000322,96,21,75
206000323,56,22,34
206000324,30,5,25
206000325,65,15,50
206000326,80,5,75
206000327,31,6,25
206000328,47,5,42
206000329,75,9,66
206000330,25,5,20
206000331,28,4,24
206000332,16,2,14
206000333,110,3,107
206000334,62,0,62
206000335,0,49,-49
206000361,16,415,-399
206000392,10,94,-84
206000405,75,1,74
206000441,1,0,1
206000498,11,2,9
206000515,354,59,295
206000530,20,12,8
206000531,31,27,4
206000532,436,36,400
206000535,489,2601,-2112
206000536,41,398,-357
206000537,13,291,-278
206000613,325,41,284
207000001,89,405,-316
207000002,45,316,-271
207000003,68,306,-238
207000007,182,51,131
207000008,24,17,7
207000009,55,52,3
207000010,419,652,-233
207000012,31,22,9
207000015,397,2125,-1728
207000019,145,66,79
207000021,345,155,190
207000022,50,66,-16
207000023,48,40,8
207000024,5,11,-6
207000025,39,57,-18
207000026,79,93,-14
207000027,8,102,-94
207000028,35,313,-278
207000029,236,449,-213
207000033,202,211,-9
207000034,121,52,69
207000039,2,1,1
207000040,0,0,0
207000041,0,0,0
207000042,0,0,0
207000043,0,0,0
207000051,48,459,-411
207000052,5,269,-264
207000053,375,821,-446
207000054,16,142,-126
207000055,52,286,-234
207000056,122,540,-418
207000057,106,364,-258
207000058,59,557,-498
207000059,38,1025,-987
207000060,32,248,-216
207000061,51,71,-20
207000062,76,51,25
207000063,89,138,-49
207000064,407,208,199
207000065,199,211,-12
207000066,81,186,-105
207000067,23,128,-105
207000068,54,67,-13
207000069,594,434,160
207000082,33,478,-445
207000083,77,585,-508
207000084,34,50,-16
207000085,95,11,84
207000086,68,12,56
207000106,0,0,0
207000107,0,0,0
207000108,0,0,0
207000109,0,0,0
207000110,0,0,0
207000111,0,0,0
207000112,0,0,0
207000114,13,35,-22
207000115,12,123,-111
207000116,17,264,-247
207000117,5,169,-164
207000118,4,166,-162
207000119,15,207,-192
207000123,0,0,0
207000124,0,0,0
207000125,0,0,0
207000126,0,0,0
207000134,16,304,-288
207000135,25,345,-320
207000148,0,0,0
207000149,95,64,31
207000152,110,436,-326
207000153,1150,894,256
207000154,288,113,175
207000159,52,330,-278
207000160,78,884,-806
207000238,0,65,-65
207000242,1,138,-137
207000248,33,26,7
207000249,105,91,14
207000250,500,75,425
207000251,83,77,6
207000252,26,100,-74
207000278,3,4,-1
207000279,7,349,-342
207000280,70,21,49
207000281,56,1399,-1343
207000282,7,11,-4
207000283,59,223,-164
207000284,15,19,-4
207000285,111,18,93
207000291,14,159,-145
207000304,115,85,30
207000306,15,548,-533
207000310,0,0,0
207000353,0,0,0
207000356,1,30,-29
207000357,0,2,-2
207000358,1,4,-3
207000415,1,165,-164
207000417,0,0,0
207000418,37,140,-103
207000438,1,2,-1
207000439,1538,305,1233
207000446,0,0,0
207000460,6,19,-13
207000466,99,246,-147
207000467,0,0,0
207000468,19,601,-582
207000476,3,59,-56
207000477,54,95,-41
207000478,0,11,-11
207000523,0,12,-12
207000524,0,0,0
207000527,93,171,-78
207000530,0,0,0
207000531,0,0,0
207000532,0,0,0
207000534,0,0,0
207000535,73,181,-108
207000537,18,107,-89
207000540,9,180,-171
207000541,1,295,-294
207000548,7,288,-281
207000549,0,0,0
207000561,0,0,0
207000562,22,151,-129
207000567,160,328,-168
207000568,23,96,-73
207000569,94,1302,-1208
207000584,288,115,173
207000585,0,0,0
207000616,0,265,-265
207000617,11,0,11
207900008,49,303,-254
208000001,164,194,-30
208000002,80,137,-57
208000003,277,185,92
208000004,356,210,146
208000005,1,22,-21
208000019,59,229,-170
208000020,23,121,-98
208000021,41,440,-399
208000022,330,660,-330
208000028,1034,800,234
208000033,167,537,-370
208000034,749,1089,-340
208000040,9,64,-55
208000041,127,190,-63
208000042,95,206,-111
208000047,52,298,-246
208000064,884,252,632
208000066,364,144,220
208000070,81,221,-140
208000071,105,442,-337
208000072,145,511,-366
208000080,56,113,-57
208000081,35,75,-40
208000082,133,255,-122
208000083,79,325,-246
208000084,0,12,-12
208000085,517,468,49
208000086,224,821,-597
208000087,99,577,-478
208000089,430,554,-124
208000090,309,1086,-777
208000093,27,76,-49
208000094,206,484,-278
208000095,597,354,243
208000104,221,284,-63
208000105,126,273,-147
208000114,0,0,0
208000115,86,252,-166
208000116,67,499,-432
208000117,13,93,-80
208000118,11,81,-70
208000155,216,725,-509
208000158,1529,1863,-334
208000186,1206,328,878
208000204,178,688,-510
208000205,479,1097,-618
208000282,3245,783,2462
209000004,53,98,-45
209000005,19,17,2
209000006,123,93,30
209000007,147,138,9
209000010,256,139,117
209000011,57,173,-116
209000012,80,252,-172
209000013,114,923,-809
209000014,493,2043,-1550
209000025,95,32,63
209000026,328,59,269
209000027,210,1576,-1366
209000028,256,1579,-1323
209000029,362,1406,-1044
209000030,268,2192,-1924
209000031,4837,2762,2075
209000034,159,236,-77
209000035,66,124,-58
209000036,82,122,-40
209000037,87,227,-140
209000038,59,149,-90
209000039,48,142,-94
209000040,205,578,-373
209000041,214,459,-245
209000042,193,521,-328
209000043,413,504,-91
209000044,321,435,-114
209000045,121,217,-96
209000046,55,297,-242
209000047,36,103,-67
209000048,25,112,-87
209000049,64,155,-91
209000050,107,220,-113
209000051,91,308,-217
209000052,52,309,-257
209000062,16,188,-172
209000063,21,154,-133
209000064,10,217,-207
209000065,26,68,-42
209000066,19,56,-37
209000067,25,41,-16
209000080,17,159,-142
209000082,38,29,9
209000091,15,80,-65
209000093,30,29,1
209000094,184,120,64
209000110,14,37,-23
209000111,259,484,-225
209000112,231,192,39
209000113,320,227,93
209000114,103,133,-30
209000115,31,132,-101
209000116,704,608,96
209000118,6,39,-33
209000119,26,15,11
209000121,84,738,-654
209000135,73,51,22
209000142,655,334,321
209000143,24,70,-46
209000144,8,45,-37
209000229,33,129,-96
209000240,15,459,-444
209000259,63,144,-81
209000260,39,900,-861
209000261,1,623,-622
209000262,2,518,-516
209000263,0,108,-108
209000264,0,34,-34
209000265,0,1,-1
209000266,0,0,0
209000267,0,0,0
209000268,0,0,0
210000037,19,14,5
210000047,7,9,-2
210000048,7,6,1
210000049,6,4,2
210000052,15,189,-174
210000053,15,99,-84
210000054,46,66,-20
210000070,42,0,42
210000071,4,0,4
210000072,4,0,4
210000073,1,29,-28
210000074,0,73,-73
210000075,0,55,-55
210000076,4,157,-153
210000077,15,26,-11
210000078,25,39,-14
210000079,10,2,8
210000080,29,16,13
210000081,24,2,22
210000082,5,1,4
210000083,41,0,41
210000084,9,0,9
210000085,1,74,-73
210000086,5,136,-131
210000099,33,250,-217
210000100,34,216,-182
210000101,56,191,-135
210000105,57,130,-73
210000159,0,77,-77
210000163,246,232,14
210000164,178,37,141
210000168,66,14,52
210000187,0,9,-9
210000188,0,15,-15
210000214,0,0,0
210000219,4,21,-17
210000220,13,19,-6
210000232,0,31,-31
210000233,2,40,-38
210000234,19,115,-96
210000235,18,165,-147
210000245,0,26,-26
210000246,2,5,-3
210000258,7,140,-133
210000259,59,8,51
210000282,31,215,-184
210000285,0,65,-65
210000286,12,156,-144
210000290,0,0,0
210000295,21,120,-99
210000296,33,60,-27
210000320,40,32,8
210000321,4,30,-26
210000338,29,121,-92
210000339,643,510,133
210000340,80,180,-100
210000341,81,165,-84
210000342,81,125,-44
210000343,80,160,-80
210000344,96,98,-2
210000345,122,49,73
210000346,11,33,-22
210000347,8,11,-3
210000348,20,9,11
210000349,6,17,-11
210000350,36,48,-12
210000351,34,89,-55
210000352,32,100,-68
210000353,20,120,-100
210000354,57,126,-69
210000355,21,112,-91
210000356,4,46,-42
210000357,23,21,2
210000358,285,75,210
210000359,38,33,5
210000360,81,68,13
210000361,63,77,-14
210000362,73,90,-17
210000363,632,54,578
210000364,44,27,17
210000365,23,19,4
210000366,18,14,4
210000367,15,7,8
210000368,28,10,18
210000369,2,6,-4
210000370,9,36,-27
210000372,17,10,7
210000373,7,4,3
210000374,15,8,7
210000375,19,108,-89
210000376,29,151,-122
210000404,112,122,-10
210000439,4,5,-1
210000472,25,1,24
210000482,36,19,17
210000564,521,61,460
210000567,0,3,-3
210000568,99,0,99
211000092,1,57,-56
211000094,0,6,-6
211000169,55,9,46
211000172,3,150,-147
211000209,0,6,-6
211000226,3,4,-1
211000270,7,0,7
211000275,6,18,-12
211000276,20,24,-4
211000279,7,42,-35
211000281,9,57,-48
211507980,0,17,-17
211977296,1,2,-1
212000003,32,28,4
212000004,8,14,-6
212000005,8,22,-14
212000006,3,93,-90
212000008,63,289,-226
212000009,2,148,-146
212000012,19,73,-54
212000013,5,51,-46
212000014,189,201,-12
212000015,132,277,-145
212000016,312,580,-268
212000027,324,295,29
212000028,118,242,-124
212000029,79,188,-109
212000030,20,34,-14
212000031,35,76,-41
212000048,29,41,-12
212000049,11,45,-34
212000050,9,6,3
212000051,103,200,-97
212000052,107,452,-345
212000053,229,668,-439
212000054,54,102,-48
212000055,75,172,-97
212000056,1,56,-55
212000057,2,19,-17
212000058,198,14,184
212000070,61,395,-334
212000077,100,705,-605
212000099,156,167,-11
212000108,54,122,-68
212000111,48,74,-26
212000120,52,124,-72
212000138,19,21,-2
212000156,6,123,-117
212000158,2,13,-11
212000159,142,52,90
212000160,208,159,49
212000161,8,6,2
212000310,12,19,-7
212000311,3,48,-45
212000374,8,22,-14
213000001,18,657,-639
213000005,133,21,112
213000006,355,35,320
213000007,9,0,9
213000009,66,24,42
213000010,36,26,10
213000011,40,33,7
213000012,57,294,-237
213000014,7,0,7
213000015,9,0,9
213000016,17,1,16
213000017,3,0,3
213000018,1,165,-164
213000019,1,116,-115
213000020,53,349,-296
213000021,2,72,-70
213000023,0,0,0
213000033,110,424,-314
213000034,136,160,-24
213000035,12,22,-10
213000045,66,209,-143
213000046,62,125,-63
213000047,352,431,-79
213000056,4,1,3
213000069,7,0,7
213000073,1,15,-14
213000074,108,495,-387
213000075,64,0,64
213000076,0,0,0
213000085,0,31,-31
213000086,24,149,-125
213000091,0,0,0
213000092,0,0,0
213000099,73,489,-416
213000100,159,17,142
213000101,4,133,-129
213000102,8,428,-420
213000103,110,618,-508
213000104,18,478,-460
213000105,0,23,-23
213000106,4,234,-230
213000107,66,741,-675
213000108,15,543,-528
213000109,1,217,-216
213000110,5,63,-58
213000111,2,65,-63
213000112,113,152,-39
213000115,0,0,0
213000116,51,603,-552
213000117,3,886,-883
213000118,127,186,-59
213000119,35,619,-584
213000120,39,619,-580
213000122,96,715,-619
213000123,542,989,-447
213000124,47,1594,-1547
213000125,0,0,0
213000126,50,67,-17
213000127,140,97,43
213000128,768,365,403
213000129,0,0,0
213000130,29,8,21
213000132,14,1,13
213000133,9,2,7
213000134,55,7,48
213000136,46,4,42
213000137,112,11,101
213000139,14,0,14
213000147,1,0,1
213000148,2,1,1
213000149,2,0,2
213000150,0,54,-54
213000151,1,53,-52
213000152,0,55,-55
213000153,0,27,-27
213000154,12,224,-212
213000155,30,403,-373
213000156,27,504,-477
213000157,503,600,-97
213000158,192,692,-500
213000159,161,186,-25
213000163,65,13,52
213000165,145,9,136
213000171,1,132,-131
213000172,1,354,-353
213000173,3,308,-305
213000174,1,360,-359
213000175,2,262,-260
213000176,0,0,0
213000177,0,0,0
213000178,0,0,0
213000179,0,0,0
213000180,0,0,0
213000184,49,432,-383
213000188,172,22,150
213000189,94,13,81
213000190,274,429,-155
213000191,45,456,-411
213000192,33,499,-466
213000193,1261,143,1118
213000194,1,32,-31
213000195,6,336,-330
213000196,68,634,-566
213000197,74,32,42
213000198,1,0,1
213000200,56,1002,-946
213000201,67,55,12
213000202,12,610,-598
213000203,875,65,810
213000204,105,3,102
213000205,50,5,45
213000206,29,7,22
213000207,5,0,5
213000208,2,0,2
213000209,4,0,4
213000210,6,0,6
213000211,0,2,-2
213000212,4,15,-11
213000213,1,55,-54
213000218,84,805,-721
213000219,73,3,70
213000220,75,4,71
213000223,57,16,41
213000224,1,2,-1
213000225,20,2,18
213000226,1,4,-3
213000227,128,26,102
213000228,24,11,13
213000229,57,4,53
213000230,35,1,34
213000232,18,228,-210
213000233,3,28,-25
213000234,0,27,-27
213000293,1,24,-23
213000294,9,1,8
213000295,3,31,-28
213000296,24,3,21
213000297,0,61,-61
213000298,6,74,-68
213000299,22,7,15
213000300,3,0,3
213000303,1,33,-32
213000304,3,8,-5
213000305,1,6,-5
213000306,24,20,4
213000307,33,30,3
213000308,52,236,-184
213000309,40,25,15
213000310,85,13,72
213000311,149,545,-396
213000315,47,160,-113
213000316,18,36,-18
213000322,30,153,-123
213000323,14,68,-54
213000324,17,121,-104
213000325,8,120,-112
213000326,33,77,-44
213000327,10,149,-139
213000328,11,105,-94
213000329,20,96,-76
213000340,56,836,-780
213000341,21,2,19
213000347,287,25,262
213000348,3,142,-139
213000349,1,7,-6
213000350,101,1517,-1416
213000366,13,293,-280
213000367,31,7,24
213000379,22,94,-72
213000386,3,176,-173
213000406,50,279,-229
213000417,253,146,107
213000425,30,18,12
213000426,32,55,-23
213000427,9,453,-444
213000428,9,215,-206
213000429,2,1,1
213000430,36,816,-780
213000431,45,0,45
213000432,0,9,-9
213000433,6,122,-116
213000434,24,24,0
213000435,17,36,-19
213000436,4,48,-44
213000437,2,68,-66
213000438,52,100,-48
213000439,3,5,-2
213000440,4,138,-134
213000441,0,0,0
213000442,1,33,-32
213000443,144,154,-10
213000444,12,88,-76
213000445,0,104,-104
213000446,3,6,-3
213000447,3,7,-4
213000448,1,13,-12
213000449,17,0,17
213000450,3,5,-2
213000451,12,24,-12
213000452,1,7,-6
213000453,26,253,-227
213000455,36,19,17
213000456,0,41,-41
213000481,4,2,2
213000484,18,0,18
213000489,229,15,214
213900002,1,35,-34
213900003,4,2,2
213900013,3,178,-175
213900015,0,9,-9
213900016,0,19,-19
213900020,4,176,-172
213900030,1,42,-41
213900032,33,7,26
213900033,1,5,-4
213900034,13,10,3
213900035,54,842,-788
213900036,64,288,-224
213900037,24,384,-360
213900038,15,1,14
213900039,0,143,-143
213900041,1,49,-48
213900042,37,11,26
213900043,9,2,7
213900244,0,0,0
213900245,0,42,-42
218000003,12,19,-7
218000004,12,17,-5
218000005,9,4,5
218000006,27,27,0
218000007,5,8,-3
218000012,238,86,152
218000013,36,102,-66
218000014,382,304,78
218000019,693,325,368
218000020,204,285,-81
218000021,47,161,-114
218000022,6,68,-62
218000023,2,75,-73
218000024,2,28,-26
218000025,12,62,-50
218000026,20,121,-101
218000027,0,38,-38
218000028,3,9,-6
218000029,0,14,-14
218000030,25,65,-40
218000031,2,80,-78
218000032,4,76,-72
218000040,10,1,9
218000046,19,211,-192
218000047,3,260,-257
218000048,31,350,-319
218000049,84,254,-170
218000050,225,534,-309
218000051,36,567,-531
218000052,5,86,-81
218000053,1,23,-22
218000054,23,45,-22
218000055,3,21,-18
218000056,18,41,-23
218000057,2,43,-41
218000064,1,3,-2
218000065,45,24,21
218000066,14,54,-40
218000067,19,82,-63
218000068,26,100,-74
218000069,66,200,-134
218000070,95,303,-208
218000071,126,248,-122
218000072,370,245,125
218000078,354,1355,-1001
218000079,34,44,-10
218000080,49,63,-14
218000081,142,177,-35
218000082,12,100,-88
218000083,14,99,-85
218000084,72,282,-210
218000085,111,595,-484
218000086,26,228,-202
218000087,161,357,-196
218000090,11,48,-37
218000091,355,214,141
218000092,46,145,-99
218000093,43,137,-94
218000094,314,733,-419
218000099,280,305,-25
218000100,154,213,-59
218000101,137,156,-19
218000102,126,268,-142
218000103,29,146,-117
218000104,21,42,-21
218000105,11,12,-1
218000106,16,18,-2
218000107,25,112,-87
218000108,5,53,-48
218000112,49,17,32
218000117,37,43,-6
218000134,412,873,-461
218000135,25,83,-58
218000136,84,48,36
218000137,34,247,-213
218000138,3,105,-102
218000139,49,363,-314
218000140,52,70,-18
218000141,17,43,-26
218000142,64,127,-63
218000143,14,133,-119
218000144,4,52,-48
218000145,130,396,-266
218000146,45,83,-38
218000151,13,26,-13
218000152,55,135,-80
218000153,5,10,-5
218000154,6,1,5
218000155,13,4,9
218000156,46,33,13
218000157,6,31,-25
218000158,3,5,-2
218000159,2,5,-3
218000160,1,8,-7
218000161,27,14,13
218000162,26,22,4
218000163,7,6,1
218000164,47,17,30
218000165,72,70,2
218000170,3,49,-46
218000171,33,24,9
218000172,7,15,-8
218000173,55,35,20
218000174,5,13,-8
218000176,87,19,68
218000177,552,116,436
218000178,189,78,111
218000179,133,34,99
218000180,75,7,68
218000181,203,9,194
218000187,1,19,-18
218000188,19,19,0
218000189,3,45,-42
218000190,4,23,-19
218000191,34,108,-74
218000192,50,681,-631
218000193,286,583,-297
218000194,20,470,-450
218000195,60,75,-15
218000196,172,253,-81
218000197,125,305,-180
218000198,0,125,-125
218000199,20,23,-3
218000200,12,30,-18
218000201,2,22,-20
218000202,140,143,-3
218000207,0,34,-34
218000208,11,44,-33
218000211,9,18,-9
218000212,2,13,-11
218000213,98,49,49
218000214,1,15,-14
218000215,40,190,-150
218000217,2,136,-134
218000218,549,88,461
218000219,10,13,-3
218000220,51,261,-210
218000221,151,91,60
218000222,46,21,25
218000223,70,347,-277
218000224,5,113,-108
218000225,184,37,147
218000226,65,106,-41
218000230,0,0,0
218000232,30,56,-26
218000239,0,0,0
218000240,0,0,0
218000241,0,0,0
218000242,0,0,0
218000243,0,0,0
218000244,0,0,0
218000245,0,0,0
218000246,0,0,0
218000247,0,0,0
218000248,0,30,-30
218000249,1,0,1
218000250,0,21,-21
218000251,1,7,-6
218000252,2,16,-14
218000253,2,10,-8
218000254,0,12,-12
218000255,0,1,-1
218000256,1,45,-44
218000267,646,842,-196
218000268,2,51,-49
218000269,2,10,-8
218000270,16,66,-50
218000271,15,61,-46
218000273,7,2,5
218000274,6,1,5
218000275,11,27,-16
218000276,7,56,-49
218000278,8,12,-4
218000279,17,71,-54
218000280,3,17,-14
218000281,3,10,-7
218000282,150,62,88
218000284,38,0,38
218000301,19,144,-125
218000302,46,34,12
218000303,8,24,-16
218000316,492,983,-491
218000317,455,1072,-617
218000318,219,905,-686
218000319,511,1507,-996
218000320,334,822,-488
218000338,4,21,-17
218000345,68,62,6
218000346,2,33,-31
218000459,93,517,-424
218000490,7,52,-45
218000501,28,28,0
218000502,7,94,-87
218000503,31,15,16
218000504,61,9,52
218000505,33,183,-150
218000506,34,117,-83
218000508,1,1,0
218000510,172,8,164
218000520,58,76,-18
218000521,4,47,-43
218000522,1,124,-123
218000523,14,0,14
218000524,14,76,-62
218000525,12,12,0
218000526,15,90,-75
218000529,19,225,-206
218000530,9,16,-7
218000531,6,18,-12
218000532,7,35,-28
218000534,12,1,11
218000537,0,5,-5
218000538,115,163,-48
218000540,369,142,227
218000543,49,65,-16
218000544,26,124,-98
218000545,19,87,-68
218000546,35,143,-108
218000547,30,92,-62
218000548,41,245,-204
218000549,226,66,160
218000550,260,733,-473
218000551,142,165,-23
218000552,131,19,112
218000553,4,46,-42
218000554,18,18,0
218000555,9,28,-19
218000556,33,463,-430
218000557,218,72,146
218000558,13,32,-19
218000559,0,14,-14
218000560,0,4,-4
218000561,0,0,0
218000562,6,170,-164
218000563,22,25,-3
218000564,7,131,-124
218000565,10,21,-11
218000566,57,3,54
218000567,1,60,-59
218000568,0,0,0
218000569,0,62,-62
218000570,2,2,0
218000571,0,87,-87
218000572,0,0,0
218000573,5,18,-13
218000574,4,33,-29
218000575,0,0,0
218000576,2,52,-50
218000577,0,0,0
218000578,1,77,-76
218000579,54,6,48
218000581,1,83,-82
218000582,6,0,6
218000583,9,0,9
218000584,0,28,-28
218000585,3,9,-6
218000586,2,42,-40
218000587,1,2,-1
218000588,0,7,-7
218000589,0,9,-9
218000590,0,0,0
218000591,1,19,-18
218000592,0,1,-1
218000593,0,1,-1
218000594,0,0,0
218000595,1,0,1
218000596,0,0,0
218000597,0,0,0
218000598,0,0,0
218000599,0,0,0
218000600,0,1,-1
218000601,0,0,0
218000602,0,2,-2
218000603,0,3,-3
218000604,5,5,0
218000605,0,12,-12
218000606,8,0,8
218000607,4,21,-17
218000608,2,4,-2
218000609,0,40,-40
218000610,7,2,5
218000611,1,0,1
218000612,1,35,-34
218000613,9,0,9
218000614,0,61,-61
218000615,14,0,14
218000616,0,121,-121
218000617,5,3,2
218000618,0,15,-15
218000619,9,7,2
218000620,8,41,-33
218000621,0,3,-3
218000622,0,3,-3
218000623,2,4,-2
218000624,0,8,-8
218000625,0,0,0
218000626,0,5,-5
218000628,22,20,2
218000631,3,4,-1
218000632,0,46,-46
218000633,0,0,0
218000634,0,19,-19
218000635,2,6,-4
218000636,564,1636,-1072
218000637,450,520,-70
218000638,31,24,7
218000639,14,384,-370
218000640,29,10,19
218000641,16,529,-513
218000652,139,211,-72
218000653,187,139,48
218000663,1,104,-103
218000675,3,16,-13
218000676,1,47,-46
218000677,7,14,-7
218000680,69,509,-440
218000681,14,10,4
218000691,72,509,-437
218000693,5,1,4
218000703,6,98,-92
218000718,161,226,-65
218000719,106,25,81
218000720,3,16,-13
218000721,2,3,-1
218000725,2,22,-20
218001214,33,32,1
218001329,2,4,-2
218001330,41,55,-14
218001351,0,2,-2
218001352,2,10,-8
218001353,1,2,-1
218001354,1,8,-7
219000001,17,50,-33
219000002,15,81,-66
219000003,69,31,38
219000004,95,71,24
219000017,47,5,42
219000020,59,10,49
219000022,31,3,28
219000023,29,2,27
219000029,1,97,-96
219000034,1,4,-3
219000039,29,77,-48
219000040,4,10,-6
219000041,50,16,34
219000051,0,75,-75
219000052,0,26,-26
219000053,6,236,-230
219000054,241,347,-106
219000055,62,0,62
219000056,0,1,-1
219000057,29,0,29
219000062,3,265,-262
219000063,11,5,6
219000064,4,24,-20
219000110,113,16,97
219000111,53,23,30
219000112,176,26,150
219000113,49,23,26
219000114,205,11,194
219000116,51,35,16
219000117,141,91,50
219000118,40,71,-31
219000123,202,52,150
219000124,24,57,-33
219000125,9,37,-28
219000126,31,88,-57
219000127,0,8,-8
219000128,43,113,-70
219000129,25,101,-76
219000130,1220,688,532
219000131,1540,808,732
219000133,31,26,5
219000134,14,17,-3
219000135,51,37,14
219000136,118,144,-26
219000138,40,12,28
219000139,12,62,-50
219000140,13,1,12
219000141,9,126,-117
219000142,5,88,-83
219000143,9,110,-101
219000145,1,29,-28
219000146,6,82,-76
219000147,2,73,-71
219000148,2,87,-85
219000149,32,280,-248
219000150,0,121,-121
219000151,3,148,-145
219000157,99,121,-22
219000158,111,271,-160
219000161,132,11,121
219000163,1342,287,1055
219000166,40,128,-88
219000167,50,293,-243
219000168,176,33,143
219000174,114,84,30
219000175,41,5,36
219000176,44,1,43
219000177,2,1,1
219000178,6,1,5
219000179,10,2,8
219000180,20,32,-12
219000182,26,4,22
219000183,13,68,-55
219000184,7,4,3
219000185,0,168,-168
219000186,8,73,-65
219000187,6,173,-167
219000189,98,119,-21
219000190,165,207,-42
219000191,1268,570,698
219000192,114,143,-29
219000193,640,184,456
219000195,0,46,-46
219000196,4,99,-95
219000198,18,202,-184
219000199,49,251,-202
219000200,25,210,-185
219000201,61,280,-219
219000203,10,118,-108
219000204,57,181,-124
219000205,25,252,-227
219000207,81,286,-205
219000209,15,99,-84
219000210,19,117,-98
219000213,12,279,-267
219000239,89,109,-20
219000240,128,263,-135
219000241,28,237,-209
219000242,11,217,-206
219000243,24,235,-211
219000244,11,101,-90
219000245,6,46,-40
219000246,7,2,5
219000247,24,8,16
219000248,199,48,151
219000249,18,8,10
219000250,17,6,11
219000251,122,10,112
219000252,0,0,0
219000253,0,0,0
219000255,16,18,-2
219000256,48,41,7
219000257,7,0,7
219000262,41,338,-297
219000263,42,253,-211
219000267,6,144,-138
219000268,4,5,-1
219000269,8,1,7
219000270,5,0,5
219000271,95,10,85
219000278,1,14,-13
219000279,0,3,-3
219000283,0,12,-12
219000295,12,110,-98
219000296,50,523,-473
219000297,20,146,-126
219000298,24,260,-236
219000299,157,14,143
219000300,23,436,-413
219000301,77,352,-275
219000302,12,193,-181
219000307,22,56,-34
219000308,64,27,37
219000311,49,24,25
219000312,121,23,98
219000313,78,10,68
219000314,115,549,-434
219000315,21,9,12
219000316,49,2,47
219000317,6,0,6
219000320,0,64,-64
219000321,0,28,-28
219000323,2,99,-97
219000325,2,62,-60
219000326,58,164,-106
219000327,42,36,6
219000328,17,53,-36
219000329,343,91,252
219000330,18,26,-8
219000331,21,46,-25
219000332,22,33,-11
219000333,8,15,-7
219000335,5,0,5
219000337,1,1,0
219000338,4,1,3
219000344,31,71,-40
219000345,66,164,-98
219000346,28,167,-139
219000348,65,192,-127
219000349,22,287,-265
219000350,38,63,-25
219000351,1,4,-3
219000352,131,40,91
219000353,54,42,12
219000354,74,96,-22
219000355,47,21,26
219000356,1582,331,1251
219000363,279,38,241
219000364,92,30,62
219000365,88,13,75
219000366,403,88,315
219000368,348,204,144
219000370,741,143,598
219000371,13,9,4
219000382,4,14,-10
219000383,649,530,119
219000385,712,483,229
219000386,1171,1062,109
219000387,0,1,-1
219000390,15,0,15
219000391,5,1,4
219000397,62,119,-57
219000398,92,25,67
219000401,5,60,-55
219000402,6,71,-65
219000403,14,82,-68
219000404,21,35,-14
219000407,4,22,-18
219000409,0,0,0
219000410,0,0,0
219000411,0,0,0
219000446,188,435,-247
219000447,1,24,-23
219000448,3,0,3
219000452,19,29,-10
219000453,41,80,-39
219000454,266,158,108
219000556,35,3,32
219000558,41,307,-266
219000590,12,162,-150
219000591,6,3,3
219000592,81,344,-263
219000595,0,37,-37
219000635,12,4,8
219000636,10,115,-105
219000657,15,11,4
219000658,12,38,-26
219000673,0,19,-19
219000676,0,0,0
219000679,15,31,-16
219000684,22,1,21
219000685,0,141,-141
219000686,0,4,-4
219000688,0,115,-115
219000689,81,102,-21
219000690,0,0,0
219000691,63,81,-18
219000692,0,18,-18
219000693,0,26,-26
219000694,3,0,3
219000695,6,0,6
219000698,0,0,0
219000699,1,14,-13
219000727,11,198,-187
219000728,50,1,49
219000770,4,0,4
219000771,0,52,-52
219001150,1,7,-6
219001151,0,2,-2
219001166,0,0,0
219001167,1,57,-56
220000001,3,18,-15
220000002,6,114,-108
220000003,203,277,-74
220000004,437,595,-158
220000005,1192,1383,-191
220000006,100,714,-614
220000007,148,878,-730
220000008,111,1026,-915
220000009,119,507,-388
220000010,33,123,-90
220000011,395,840,-445
220000012,31,94,-63
220000014,35,86,-51
220000015,2,44,-42
220000017,46,320,-274
220000018,3216,377,2839
220000019,41,176,-135
220000020,104,221,-117
220000021,189,117,72
220000022,261,369,-108
220000023,76,121,-45
220000024,1163,231,932
220000025,941,312,629
220000026,126,115,11
220000027,5,63,-58
220000028,24,30,-6
220000029,71,118,-47
220000030,38,68,-30
220000031,101,170,-69
220000064,4,690,-686
221000046,9,17,-8
221000047,0,0,0
221000048,0,0,0
221000049,0,22,-22
221000050,6,0,6
221000055,31,47,-16
221000057,29,3,26
221000068,231,61,170
221000069,134,43,91
221000070,83,16,67
221000071,21,6,15
221000072,81,11,70
221000073,99,50,49
221000074,3,16,-13
221000075,6,14,-8
221000076,22,53,-31
221000077,40,100,-60
221000081,13,5,8
221000082,26,5,21
221000083,34,3,31
221000084,3,1,2
221000085,11,56,-45
221000086,16,215,-199
221000087,8,226,-218
221000088,19,197,-178
221000089,28,169,-141
221000090,164,359,-195
221000098,93,7,86
221000099,131,5,126
221000100,22,6,16
221000101,151,8,143
221000102,97,8,89
221000109,4,88,-84
221000110,9,175,-166
221000111,12,137,-125
221000112,6,108,-102
221000113,14,184,-170
221000114,13,175,-162
221000120,0,30,-30
221000121,0,13,-13
221000122,21,10,11
221000123,0,9,-9
221000124,12,503,-491
221000155,73,4,69
221000156,2,5,-3
221000175,0,1,-1
221000176,1,2,-1
221000182,13,2,11
221000241,478,132,346
221000242,331,215,116
221000243,273,90,183
221000244,132,257,-125
221000245,15,106,-91
221000246,14,128,-114
221000247,10,120,-110
221000248,21,130,-109
221000267,21,641,-620
221000325,37,33,4
221000331,0,103,-103
221000338,2,12,-10
221000378,51,7,44
221000381,24,60,-36
222000282,1,0,1
222000296,4,22,-18
222000568,91,5,86
222000569,23,5,18
222000570,21,3,18
222000571,21,4,17
222000577,3,276,-273
222000578,11,195,-184
222000579,21,96,-75
222000580,102,869,-767
222000599,1,150,-149
222000600,0,249,-249
222000601,9,796,-787
222000603,4,5,-1
222000604,2,18,-16
222000605,3,0,3
222000606,0,11,-11
222000607,2,5,-3
222000608,3,30,-27
222000609,24,367,-343
222000616,8,7,1
222000617,0,0,0
222000618,1,0,1
222000620,2,0,2
222000621,2,2,0
222000623,60,0,60
222000624,9,0,9
222000625,13,40,-27
222000636,38,2,36
222000686,0,0,0
222000687,0,3,-3
222001066,56,0,56
222001067,2,3,-1
222001068,3,4,-1
222001069,7,19,-12
222001082,1,87,-86
222001083,10,101,-91
222001084,0,20,-20
222001085,1,256,-255
222001111,5,330,-325
222001112,11,4,7
222001313,0,0,0
222001314,5,72,-67
222001464,1,6,-5
222001465,7,125,-118
222001484,2,12,-10
222001485,12,86,-74
222001494,39,23,16
222001495,38,542,-504
222001496,18,14,4
222001497,35,776,-741
222001502,20,153,-133
222001503,0,0,0
222001504,15,257,-242
222001505,0,0,0
222001506,24,147,-123
222001507,0,0,0
222001510,0,0,0
222001511,29,545,-516
222001514,0,0,0
222001515,149,808,-659
222001518,0,0,0
222001519,29,587,-558
222001527,0,0,0
222001528,46,138,-92
222001529,0,0,0
222001530,29,251,-222
222001533,103,548,-445
222001534,0,0,0
222001535,29,16,13
222001536,47,473,-426
222001537,0,0,0
222001538,53,557,-504
222001563,0,0,0
222001564,23,973,-950
222001568,18,50,-32
222001576,1,0,1
222001579,0,0,0
222001583,10,381,-371
222001584,2,2,0
222001596,326,1703,-1377
222001597,209,22,187
222001626,1,189,-188
222001650,11,30,-19
222001651,11,75,-64
222001914,0,0,0
222001915,24,192,-168
222900004,54,40,14
222900009,239,961,-722
222900019,11,132,-121
222900024,0,13,-13
222900025,1,38,-37
225000001,54,23,31
225000002,63,12,51
225000003,79,10,69
225000004,51,33,18
225000005,13,2,11
225000006,0,94,-94
225000007,3484,711,2773
225000010,73,2,71
225000011,163,158,5
225000012,43,106,-63
225000013,3,32,-29
225000014,53,20,33
225000015,82,196,-114
225000021,74,43,31
225000027,145,340,-195
225000032,109,29,80
225000042,29,525,-496
225000049,19,36,-17
225000050,28,5,23
225000053,3,106,-103
225000058,27,16,11
225000067,56,210,-154
225000068,38,567,-529
225000069,80,475,-395
225000070,50,504,-454
225000071,17,280,-263
225000075,15,625,-610
225000076,18,88,-70
225000078,15,16,-1
225000085,0,0,0
225000086,0,0,0
225000087,0,0,0
225000088,8,70,-62
225000089,270,322,-52
225000090,12,252,-240
225000091,17,238,-221
225000092,21,88,-67
225000093,38,413,-375
225000094,6,465,-459
225000095,221,505,-284
225000096,63,385,-322
225000098,111,33,78
225000099,78,25,53
225000100,44,27,17
225000104,22,347,-325
225000110,5,359,-354
225000111,98,922,-824
225000112,120,728,-608
225000113,40,481,-441
225000114,29,248,-219
225000115,2412,389,2023
225000116,116,12,104
225000117,105,56,49
225000118,185,36,149
225000119,11,16,-5
225000120,46,2,44
225000121,165,5,160
225000123,47,2,45
225000125,66,105,-39
225000126,362,64,298
225000127,530,138,392
225000128,70,84,-14
225000132,111,29,82
225000133,124,21,103
225000134,257,55,202
225000135,24,12,12
225000136,59,6,53
225000137,54,24,30
225000138,172,10,162
225000143,89,103,-14
225000144,1,224,-223
225000145,0,0,0
225000146,13,98,-85
225000147,12,307,-295
225000148,3,191,-188
225000149,33,359,-326
225000151,18,258,-240
225000155,109,291,-182
225000156,75,348,-273
225000157,91,246,-155
225000158,24,443,-419
225000171,3,151,-148
225000180,9,2,7
225000181,0,36,-36
225000182,1,0,1
225000185,3,179,-176
225000187,30,400,-370
225000191,0,2,-2
225000194,0,2,-2
225000208,2,35,-33
225000209,0,0,0
225000210,3,145,-142
225000217,1,16,-15
225000218,0,0,0
225000223,1,26,-25
225000224,2,0,2
225000225,3,1,2
225000226,6,1,5
225000227,37,50,-13
225000228,0,0,0
225000229,0,66,-66
225000230,2,0,2
225000231,0,71,-71
225000232,10,0,10
225000241,1,0,1
225000242,1,35,-34
225000249,0,0,0
225000250,44,829,-785
225000251,161,20,141
225000254,0,0,0
225000256,0,0,0
225000257,0,1,-1
226000042,302,375,-73
226000043,40,206,-166
226000044,58,775,-717
226000045,66,592,-526
226000046,136,28,108
226000047,101,43,58
226000048,180,41,139
226000049,84,68,16
226000070,0,66,-66
226000071,0,57,-57
226000072,0,11,-11
226000073,0,2,-2
226000074,0,5,-5
226000084,0,39,-39
226000085,3,9,-6
226000086,1,9,-8
226000087,1,11,-10
226000088,17,9,8
226000090,57,12,45
226000091,3,2,1
226000092,0,2,-2
226000093,3,0,3
226000094,4,4,0
226000095,6,0,6
226000105,2,0,2
226000106,6,1,5
226000107,5,0,5
226000108,13,0,13
226000109,52,13,39
226000124,117,55,62
226000134,212,176,36
226000135,474,347,127
226000136,80,159,-79
226000137,15,386,-371
226000138,6,277,-271
226000139,1,12,-11
226000156,38,2,36
226000157,159,5,154
226000163,22,34,-12
226000202,2,345,-343
226000231,92,3,89
226000232,28,5,23
227000033,126,45,81
227000036,92,16,76
227000037,82,12,70
227000038,49,11,38
227000084,0,25,-25
227000085,0,26,-26
227000088,13,0,13
227000089,42,2,40
227000090,8,1,7
227000091,4,0,4
227000092,8,1,7
227000093,39,0,39
227000094,2,0,2
227000130,11,49,-38
227000131,12,273,-261
227000132,9,244,-235
227000133,7,289,-282
227000134,9,389,-380
227000152,0,4,-4
227000153,1,73,-72
227000154,0,23,-23
227000155,0,17,-17
227000156,0,6,-6
227000165,2,37,-35
227000196,83,375,-292
227000199,21,676,-655
227000230,27,574,-547
227000232,12,2,10
227000242,44,441,-397
227000243,273,38,235
227000245,8,375,-367
227000246,54,449,-395
227000247,125,63,62
227000248,64,40,24
227000249,14,240,-226
227000250,249,86,163
227000251,100,205,-105
227000252,15,408,-393
227000253,27,20,7
227000262,118,45,73
227000266,44,2,42
227000267,27,2603,-2576
227000282,7,320,-313
227000284,41,4,37
227000286,8,114,-106
227000291,19,724,-705
227000296,153,154,-1
227000484,102,10,92
227000485,26,827,-801
227000655,8,2,6
227000656,139,4,135
227000657,2,9,-7
227000704,8,0,8
229000265,1,0,1
229000266,0,2,-2
229000267,0,0,0
229000268,2,0,2
229000269,7,0,7
229000274,0,8,-8
229000275,0,11,-11
229000276,0,13,-13
229000277,0,5,-5
229000278,2,2,0
229000295,20,17,3
229000296,0,4,-4
229000297,11,35,-24
229000298,17,86,-69
229000320,2,2,0
229000321,1,1,0
229000412,2,50,-48
229000414,0,82,-82
229000415,1,0,1
229000416,2,0,2
229000417,0,15,-15
229000419,70,248,-178
229000440,120,37,83
229000442,0,4,-4
229000443,0,0,0
229000444,0,24,-24
229000445,5,2,3
229000446,5,10,-5
229000491,7,86,-79
229000492,27,208,-181
229000493,6,203,-197
229000494,38,27,11
229000495,113,167,-54
229000496,32,144,-112
229000507,0,29,-29
229000508,6,45,-39
229000509,1,68,-67
229000510,6,32,-26
229000511,6,118,-112
229000512,0,63,-63
229000513,0,8,-8
229000514,0,3,-3
229000517,2,30,-28
229000518,8,63,-55
229000519,3,23,-20
229000520,3,69,-66
229000521,17,42,-25
229000522,2,37,-35
229000523,8,51,-43
229000524,4,33,-29
229000527,9,6,3
229000528,2,5,-3
229000529,13,1,12
229000530,128,50,78
229000531,25,34,-9
229000532,26,24,2
229000533,228,66,162
229000534,128,32,96
229000564,94,26,68
229000565,17,17,0
229000566,0,46,-46
229000567,1,142,-141
229000582,353,27,326
229000583,7,30,-23
229000584,2,72,-70
229000585,6,68,-62
229000718,0,4,-4
229000719,0,2,-2
229000720,0,33,-33
229000721,0,20,-20
229000722,0,32,-32
229000723,0,12,-12
229000724,0,0,0
229000725,0,4,-4
229000738,6,2,4
229000739,1,2,-1
229000740,3,0,3
229000741,42,2,40
229000742,20,4,16
229000743,63,0,63
229000744,7,0,7
229000745,7,0,7
229000746,73,2,71
229000847,17,1,16
229000848,13,0,13
229000849,123,5,118
229000851,8,1,7
229000854,0,64,-64
229000856,2,184,-182
229000857,0,46,-46
229000858,0,173,-173
229000919,4,103,-99
229000930,1,148,-147
229000937,178,20,158
229000966,64,25,39
229000981,11,46,-35
229000985,3,25,-22
229000986,0,4,-4
229000987,0,0,0
229000988,0,3,-3
229000989,1,5,-4
229000990,0,0,0
229000991,0,0,0
229000992,8,1,7
229000993,52,5,47
229000998,17,15,2
229000999,25,7,18
229001034,0,10,-10
229001035,0,0,0
229001036,5,31,-26
229001037,10,1,9
229001038,0,3,-3
229001039,0,0,0
229001040,0,51,-51
229001041,10,0,10
229001042,4,2,2
229001047,1,26,-25
229001050,5,5,0
229001168,0,13,-13
229001200,8,0,8
229001338,1,38,-37
229001394,296,4,292
229001422,226,40,186
229001423,17,142,-125
229001431,104,66,38
229001432,25,68,-43
229001444,68,18,50
229001445,17,193,-176
229001479,12,37,-25
229001503,151,81,70
229001504,53,167,-114
229001505,182,54,128
229001506,33,145,-112
229001509,8,2,6
229001510,5,11,-6
229001545,110,13,97
229001546,6,95,-89
229001553,40,10,30
229001554,11,84,-73
229001630,19,1,18
229001631,13,26,-13
229001635,0,5,-5
229001636,0,1,-1
229001658,0,66,-66
229001659,169,11,158
229001660,0,0,0
229001661,0,13,-13
229001662,29,0,29
229001663,1,12,-11
229002584,69,49,20
229002831,83,66,17
229002841,1,24,-23
229002842,0,9,-9
229002843,3,6,-3
229002844,17,69,-52
229002845,0,93,-93
229002846,1,14,-13
229002847,2,6,-4
229002848,0,4,-4
229002849,0,30,-30
229002850,2,0,2
229002851,5,71,-66
229002852,14,20,-6
229002853,10,8,2
229002854,6,38,-32
229002855,2,72,-70
229002856,3,8,-5
229002857,2,49,-47
229002858,0,0,0
229002859,14,14,0
229002860,3,4,-1
229002861,5,18,-13
229002862,1,37,-36
229002863,3,12,-9
229002864,3,16,-13
229002865,0,8,-8
229002866,0,16,-16
229002867,1,8,-7
229002868,1,4,-3
229002869,4,129,-125
229002870,6,3,3
235000066,207,154,53
235000067,64,136,-72
235000072,41,53,-12
235000073,67,285,-218
235000074,20,121,-101
235000080,2,63,-61
235000081,72,175,-103
235000082,32,55,-23
235000083,47,66,-19
235000084,5,33,-28
235000085,54,36,18
235000089,13,56,-43
235000092,3,191,-188
235000093,1,2,-1
235000097,5,4,1
235000098,28,24,4
235000099,15,20,-5
235000116,12,21,-9
235000117,534,9,525
235000133,14,176,-162
235000134,1,58,-57
235000206,3,1,2
235000207,1,0,1
235000208,0,1,-1
235000209,1,2,-1
235000210,4,8,-4
235000212,2,10,-8
235000213,0,7,-7
235000220,1,1,0
235000221,9,7,2
235000238,4,10,-6
235000239,1,3,-2
235000242,133,145,-12
235000245,1018,200,818
235000246,4,43,-39
235000284,2,95,-93
235000295,0,0,0
235000305,0,0,0
235000306,0,0,0
235000307,0,0,0
235000308,0,0,0
235000309,0,0,0
235000310,0,0,0
235000311,0,2,-2
235000322,0,12,-12
235000323,0,34,-34
235000324,0,18,-18
235000325,0,8,-8
235000326,1,249,-248
235000351,0,27,-27
235000352,5,48,-43
235000353,0,43,-43
235000354,1,27,-26
235000355,1,56,-55
235000356,0,0,0
235000357,0,0,0
235000358,0,0,0
235000359,0,0,0
235000360,0,0,0
235000361,0,0,0
235000381,39,316,-277
235000382,62,38,24
235000390,40,6,34
235000391,73,30,43
235000392,53,104,-51
235000393,77,57,20
235000395,45,28,17
235000396,121,74,47
235000400,49,18,31
235000401,4,208,-204
235000405,43,494,-451
235000406,21,333,-312
235000407,49,118,-69
235000409,210,185,25
235000410,34,180,-146
235000411,2,69,-67
235000485,1,23,-22
235000486,4,0,4
235000549,25,45,-20
235000550,75,222,-147
235000599,52,90,-38
235000600,6,7,-1
235000601,12,14,-2
235000602,23,69,-46
235000614,0,1,-1
235000648,0,23,-23
235000649,13,0,13
235000685,0,4,-4
235000815,2,33,-31
235000834,0,4,-4
235000855,29,41,-12
235000862,5,237,-232
235000891,0,1,-1
235000892,5,2,3
235000901,108,140,-32
235000907,2,4,-2
235001010,17,38,-21
235001029,555,357,198
235001030,583,121,462
235001078,109,57,52
235001079,43,121,-78
235001147,0,42,-42
235001166,22,39,-17
235001167,7,92,-85
235001169,8,296,-288
235001188,0,4,-4
235001189,0,3,-3
235001197,2,9,-7
235001200,20,30,-10
235001208,8,8,0
235001209,25,38,-13
235001210,5,202,-197
235001239,0,51,-51
235001244,0,3,-3
235016267,0,5,-5
241900007,21,0,21
277101746,0,45,-45
277102712,0,1,-1
277103813,0,0,0
277103814,0,0,0
277103898,0,6,-6
277104249,0,1,-1
277104250,0,1,-1
277104251,0,2,-2
277104252,0,1,-1
990011530,1,251,-250
990014944,4,473,-469
990015176,7,11,-4
990015618,1,81,-80
990016032,0,329,-329
990032570,32,81,-49
990070001,0,0,0
990070103,0,2,-2
990070601,0,65,-65
990070751,51,0,51
990070766,0,942,-942
990071180,0,149,-149
990071343,0,0,0
990071387,1,1,0
990071823,23,0,23
990072600,3,619,-616
990072964,1,656,-655
990073285,0,0,0
990074393,5,1088,-1083
990074870,99,10,89
990075106,73,14,59
990075746,21,9,12
990076437,53,2,51
990076458,0,1214,-1214
997000007,39,5,34
997000041,0,133,-133
997000058,0,2,-2
997000062,1,0,1
997000069,0,5,-5
997000070,1,54,-53
997000100,1,0,1
997000141,1,42,-41
997000198,0,22,-22
998000475,0,9,-9
998000736,1,296,-295
998000965,0,0,0
998001031,1,26,-25
998001700,0,28,-28
998001899,0,2,-2
998001900,13,1,12
998003073,55,1,54
998101900,0,0,0
998102850,1,96,-95
998501927,0,242,-242
998501929,55,1,54
998501930,41,0,41
998501931,60,48,12
998501932,9,0,9
998501933,39,44,-5
998501937,0,0,0
998501944,3,0,3
998501950,0,0,0
998501970,1,3,-2
998501971,1,84,-83
998501973,1,113,-112
998501974,1,209,-208
998501975,14,0,14
998501976,6,1,5
998501977,0,15,-15
998501978,0,0,0
998501979,0,7,-7
998501980,0,1,-1
998501981,1,0,1
998501982,0,98,-98
998502006,0,0,0
998502024,0,3,-3
998502032,0,4,-4
998502062,3,0,3
998502063,0,0,0
998502173,11,1,10
998502269,0,2,-2
998601159,0,307,-307
998601292,0,17,-17
999033574,1,269,-268
999800001,0,2,-2
999800002,0,1,-1
999800003,3,3,0
999800004,0,7,-7
999800005,0,14,-14
