ID,insum,outsum,diff
100000001,825,1070,-245
100000002,3326,3184,142
100000003,6878,5967,911
100000004,1466,1530,-64
100000005,2917,5813,-2896
100000006,647,220,427
100000007,2233,860,1373
100000008,321,753,-432
100000009,718,413,305
100000010,133,90,43
100000011,1172,211,961
100000012,115,1076,-961
100000013,56,318,-262
100000014,537,457,80
100000015,2085,2952,-867
100000016,971,1911,-940
100000017,652,1350,-698
100000018,1499,767,732
100000019,4961,2486,2475
100000020,2408,7676,-5268
100000021,6134,3056,3078
100000022,1676,3511,-1835
100000023,5759,2473,3286
100000025,1252,1722,-470
100000028,1684,1703,-19
100000029,294,506,-212
100000030,185,103,82
100000031,4542,7780,-3238
100000032,2579,4604,-2025
100000033,1126,3015,-1889
100000034,354,714,-360
100000035,1642,2203,-561
100000036,2057,1727,330
100000037,853,502,351
100000038,2537,1201,1336
100000039,725,587,138
100000040,292,201,91
100000041,1517,612,905
100000042,1324,564,760
100000043,1102,525,577
100000044,347,976,-629
100000045,524,1205,-681
100000046,697,889,-192
100000047,407,550,-143
100000048,706,601,105
100000049,1600,1563,37
100000051,599,862,-263
100000053,252,11,241
100000054,570,46,524
100000055,1223,271,952
100000056,576,482,94
100000057,2244,703,1541
100000058,1048,1012,36
100000059,27,139,-112
100000060,480,424,56
100000061,2462,559,1903
100000062,2223,642,1581
100000063,924,280,644
100000064,1450,344,1106
100000065,438,829,-391
100000066,194,606,-412
100000067,561,693,-132
100000068,500,1476,-976
100000069,356,1219,-863
100000072,271,895,-624
100000073,1170,1039,131
100000075,869,336,533
100000076,2191,3374,-1183
100000077,250,247,3
100000078,52,33,19
100000079,38,90,-52
100000080,25,53,-28
100000081,167,164,3
100000102,2883,2699,184
100000103,2498,2416,82
100000104,4368,3409,959
100000105,2490,2154,336
100000106,2634,2895,-261
100000107,663,1469,-806
100000108,802,1590,-788
100000109,2037,1421,616
100000116,1223,1141,82
100000117,96,143,-47
100000118,1199,1573,-374
100000119,686,982,-296
100000121,489,560,-71
100000122,870,1464,-594
100000123,3060,4803,-1743
100000124,4090,6875,-2785
100000125,4112,2182,1930
100000126,897,637,260
100000127,1615,479,1136
100000128,1343,3223,-1880
100000129,566,653,-87
100000130,665,624,41
100000131,2336,3022,-686
100000132,1483,3769,-2286
100000133,4284,2531,1753
100000135,755,1379,-624
100000139,450,415,35
100000140,491,431,60
100000142,594,618,-24
100000143,1791,594,1197
100000144,3638,839,2799
100000147,1425,3751,-2326
100000150,56,347,-291
100000151,1362,1470,-108
100000153,357,468,-111
100000154,71,421,-350
100000155,25,48,-23
100000156,400,483,-83
100000157,148,146,2
100000158,349,172,177
100000159,247,829,-582
100000165,1706,998,708
100000169,255,788,-533
100000174,672,862,-190
100000179,118,768,-650
100000180,4173,5119,-946
100000181,819,352,467
100000188,90,305,-215
100000189,1404,501,903
100000190,738,1198,-460
100000191,866,750,116
100000192,80,109,-29
100000193,348,210,138
100000330,1301,1069,232
100000355,236,1155,-919
100000362,4157,2912,1245
100000363,5099,5159,-60
100000364,205,369,-164
100000365,6533,7789,-1256
100000366,6184,3329,2855
100000367,6344,7627,-1283
100000368,2183,1524,659
100000369,1345,2513,-1168
100000370,256,1019,-763
100000376,65,235,-170
100000379,2417,2402,15
100000380,4567,5840,-1273
100000384,5896,6596,-700
100000385,4133,5747,-1614
100000386,7411,6261,1150
100000387,5404,7089,-1685
100000388,6633,7802,-1169
100000389,8183,7791,392
100000390,9199,7738,1461
100000391,7138,10199,-3061
100000392,3276,4676,-1400
100000393,3160,5861,-2701
100000394,8184,10113,-1929
100000395,6337,4802,1535
100000396,6933,4108,2825
100000397,5276,7658,-2382
100000398,11032,8306,2726
100900002,18,33,-15
100900003,394,289,105
100900004,34,1277,-1243
100900005,119,24,95
100900006,40,86,-46
100900007,549,20,529
100900008,2,464,-462
100900009,116,161,-45
100900010,86,101,-15
100900011,170,200,-30
100900012,4,189,-185
100900013,1359,10,1349
100900014,4,12,-8
100900015,132,84,48
100900016,1,34,-33
100900017,1088,131,957
100900018,0,17,-17
100900019,32,160,-128
100900020,371,16,355
100900021,557,3,554
100900022,39,58,-19
100900023,0,37,-37
100900024,799,5,794
100900025,55,22,33
100900026,166,120,46
100900027,762,3282,-2520
100900028,123,292,-169
100900029,46,13,33
100900030,28,125,-97
100900031,764,56,708
100900032,251,2,249
100900033,287,308,-21
100900034,678,3,675
100900035,548,2,546
100900036,17,2,15
100900037,153,236,-83
100900038,81,53,28
100900039,271,446,-175
100900040,457,606,-149
100900041,931,546,385
100900042,1234,1869,-635
100900043,0,7,-7
100900044,1635,672,963
100900045,4,2,2
100900046,1591,18,1573
100900047,881,272,609
100900048,185,69,116
100900049,106,181,-75
100900050,5,20,-15
100900051,54,153,-99
100900052,477,49,428
100900053,491,15,476
100900054,6,56,-50
100900055,377,825,-448
100900056,132,243,-111
100900057,1834,1050,784
100900058,391,65,326
100900059,131,11,120
100900060,235,10,225
100900061,364,215,149
100900062,10,30,-20
100900063,276,696,-420
100900064,861,36,825
100900065,115,108,7
100900066,231,163,68
100900067,10,21,-11
100900068,102,95,7
100900069,422,14,408
100900070,454,3,451
100900071,733,235,498
100900072,5,23,-18
100900073,135,292,-157
100900074,5,8,-3
100900075,1973,439,1534
100900076,40,38,2
100900077,56,75,-19
100900078,122,366,-244
100900079,9,18,-9
100900080,59,196,-137
100900081,39,174,-135
100900082,166,350,-184
100900083,16,31,-15
100900085,17,414,-397
100900086,181,854,-673
100900088,136,452,-316
100900089,5,16,-11
100900090,197,692,-495
100900091,10,29,-19
100900092,314,200,114
100900093,263,438,-175
100900094,166,428,-262
100900095,9,37,-28
100900096,79,125,-46
100900097,6,3,3
100900098,18,15,3
100900099,35,559,-524
100900100,29,770,-741
100900101,329,82,247
100900102,81,189,-108
100900103,10,21,-11
100900104,11,199,-188
100900105,57,831,-774
100900106,23,7,16
100900107,2107,894,1213
100900108,5,55,-50
100900109,13,24,-11
100900110,4,29,-25
100900111,66,188,-122
100900112,5,12,-7
100900113,21,45,-24
100900114,20,11,9
100900115,6,38,-32
100900116,1030,778,252
100900117,396,1146,-750
100900118,23,36,-13
100900119,23,11,12
100900120,10,4,6
100900121,535,708,-173
100900122,166,203,-37
100900123,181,169,12
100900124,16,18,-2
100900125,26,110,-84
100900126,246,181,65
100900127,12,17,-5
100900128,114,243,-129
100900129,1,259,-258
100900131,193,340,-147
100900133,55,40,15
100900134,16,12,4
100900135,1,268,-267
100900137,361,189,172
100900138,608,492,116
100900139,5,2,3
100900140,3,503,-500
100900141,10,770,-760
100900142,1,10,-9
100900143,795,586,209
100900144,33,5,28
100900145,140,199,-59
100900146,12,81,-69
100900147,34,880,-846
100900148,29,399,-370
100900149,31,426,-395
100900150,5,45,-40
100900151,152,464,-312
100900152,403,10,393
100900153,18,311,-293
100900154,13,104,-91
100900155,13,19,-6
100900156,56,10,46
100900157,23,270,-247
100900158,298,52,246
100900159,16,32,-16
100900160,57,19,38
100900161,82,13,69
100900162,35,496,-461
100900163,195,192,3
100900164,75,37,38
100900165,32,22,10
100900166,69,4,65
100900167,47,108,-61
100900168,75,171,-96
100900169,145,1094,-949
100900170,28,2,26
100900171,22,490,-468
100900172,3,38,-35
100900173,7,294,-287
100900174,487,73,414
100900176,2035,240,1795
100900177,674,379,295
100900178,290,181,109
100900179,338,525,-187
100900180,9,3,6
100900181,132,157,-25
100900182,109,39,70
100900184,28,215,-187
100900186,574,414,160
100900187,6,56,-50
100900188,32,13,19
100900189,2070,315,1755
100900191,1166,1207,-41
100900192,261,420,-159
100900195,125,202,-77
100900197,42,77,-35
100900198,44,154,-110
100900199,6,12,-6
100900200,811,605,206
100900201,122,716,-594
100900202,88,4,84
100900203,2,161,-159
100900204,654,1731,-1077
100900205,208,677,-469
100900206,254,152,102
100900207,367,175,192
100900210,181,853,-672
100900211,792,179,613
100900213,217,52,165
100900214,489,156,333
100900215,20,59,-39
100900217,126,131,-5
101000001,3975,2715,1260
101000002,7082,7392,-310
101000003,491,1542,-1051
101000004,8165,6935,1230
101000005,4273,5383,-1110
101000006,7204,7249,-45
101000007,3836,4411,-575
101000008,2542,2644,-102
101000009,2092,1086,1006
101000010,964,1063,-99
101000011,1609,606,1003
101000012,1208,971,237
101000013,843,1399,-556
101000014,583,699,-116
101000015,1530,1001,529
101000016,422,627,-205
101000017,647,636,11
101000018,2285,2967,-682
101000020,2415,1342,1073
101000021,884,614,270
101000022,292,153,139
101000023,1314,736,578
101000025,329,484,-155
101000026,293,34,259
101000027,2223,3087,-864
101000028,1082,312,770
101000029,267,2035,-1768
101000030,1999,216,1783
101000031,1358,1459,-101
101000032,8620,5577,3043
101000033,2593,4650,-2057
101000034,2083,1949,134
101000035,1099,757,342
101000036,1610,1150,460
101000037,2420,2080,340
101000039,2693,3709,-1016
101000040,3311,4021,-710
101000041,9929,9894,35
101000042,746,1609,-863
101000043,7958,10904,-2946
101000045,1753,1220,533
101000046,3989,2272,1717
101000047,2754,5169,-2415
101000048,876,722,154
101000049,739,2256,-1517
101000050,2523,3323,-800
101000051,1895,3656,-1761
101000052,1750,1649,101
101000053,1583,1967,-384
101000054,2600,1280,1320
101000055,1537,1706,-169
101000056,41,116,-75
101000057,2166,1462,704
101000058,1366,1622,-256
101000059,2390,2470,-80
101000060,1955,803,1152
101000061,911,1664,-753
101000062,758,901,-143
101000063,549,1106,-557
101000064,1053,1186,-133
101000065,453,562,-109
101000066,1109,1029,80
101000067,1312,1229,83
101000068,319,545,-226
101000069,280,86,194
101000070,1077,1305,-228
101000071,2202,1262,940
101000072,970,3508,-2538
101000073,975,1354,-379
101000074,5824,4852,972
101000075,4719,6176,-1457
101000077,1842,1355,487
101000078,1065,1930,-865
101000079,782,459,323
101000080,598,739,-141
101000081,1989,1771,218
101000082,3060,2890,170
101000083,3043,2394,649
101000084,1359,849,510
101000085,1683,1235,448
101000086,1102,1189,-87
101000087,922,1015,-93
101000088,1677,1354,323
101000089,1321,1638,-317
101000090,2087,1227,860
101000091,611,741,-130
101000092,1199,873,326
101000093,1670,808,862
101000094,1250,1063,187
101000095,524,609,-85
101000096,434,514,-80
101000097,484,621,-137
101000098,494,596,-102
101000099,1346,1429,-83
101000100,1076,1273,-197
101000101,393,457,-64
101000102,929,714,215
101000103,885,731,154
101000104,449,732,-283
101000105,427,466,-39
101000106,940,1254,-314
101000107,288,385,-97
101000108,782,276,506
101000109,526,93,433
101000110,52,392,-340
101000111,140,255,-115
101000113,293,821,-528
101000114,9430,9534,-104
101000115,246,197,49
101000116,162,181,-19
101000117,1842,442,1400
101000119,78,80,-2
101000120,191,81,110
101000121,85,75,10
101000122,130,146,-16
101000123,64,151,-87
101000124,682,288,394
101000125,213,507,-294
101000128,528,715,-187
101000130,337,443,-106
101000131,925,508,417
101000132,912,1062,-150
101000135,59,53,6
101000136,439,221,218
101000137,46,443,-397
101000141,1270,3839,-2569
101000147,1017,413,604
101000148,993,49,944
101000149,253,416,-163
101000150,116,606,-490
101000151,281,40,241
101000152,351,361,-10
101000153,479,306,173
101000154,304,938,-634
101000155,407,198,209
101000156,32,357,-325
101000157,73,48,25
101000160,103,64,39
101000163,226,328,-102
101000164,414,323,91
101000165,335,375,-40
101000166,342,400,-58
101000168,943,418,525
101000252,2287,922,1365
101000254,362,165,197
101000258,42,16,26
101000261,116,60,56
101000262,1328,3129,-1801
101000263,664,1667,-1003
101000265,87,885,-798
101000266,400,579,-179
101000269,51,23,28
101000290,1444,3255,-1811
101000293,45,105,-60
101000294,911,513,398
101000295,172,422,-250
101000301,781,671,110
101000304,2207,3145,-938
101000305,2969,1529,1440
101900001,38,70,-32
101900002,0,16,-16
101900003,49,137,-88
101900004,7,92,-85
101900005,2980,2898,82
101900006,1393,123,1270
101900007,1073,304,769
101900008,97,453,-356
101900009,112,528,-416
101900010,909,812,97
101900011,311,1313,-1002
101900012,358,303,55
101900013,928,186,742
101900017,17,159,-142
101900018,1378,302,1076
101900019,252,155,97
101900020,135,92,43
101900021,2,58,-56
101900022,188,1220,-1032
101900023,166,162,4
101900026,83,35,48
101900027,23,79,-56
102000001,2920,5010,-2090
102000002,2855,1080,1775
102000003,3218,7752,-4534
102000004,5970,3018,2952
102000005,1391,2456,-1065
102000006,1117,1986,-869
102000007,2110,5224,-3114
102000008,4413,1658,2755
102000009,7499,8872,-1373
102000010,5420,3372,2048
102000011,3984,3266,718
102000012,3340,3253,87
102000018,2857,2932,-75
102000019,2475,1580,895
102000026,304,550,-246
102000029,291,205,86
102000030,217,408,-191
102000031,86,179,-93
102000032,592,374,218
102000033,267,434,-167
102000034,739,604,135
102000035,2091,967,1124
102000036,22,270,-248
102000037,158,50,108
102000038,278,407,-129
102000039,252,133,119
102000040,394,280,114
102000041,219,389,-170
102000042,265,346,-81
102000043,278,273,5
102000044,363,439,-76
102000045,707,938,-231
102000046,1325,597,728
102000047,921,1054,-133
102000048,485,782,-297
102000049,1151,988,163
102000050,1209,1231,-22
102000051,492,688,-196
102000052,1248,900,348
102000053,959,927,32
102000054,734,1195,-461
102000055,1590,546,1044
102000056,1193,1018,175
102000057,1633,683,950
102000058,1326,1224,102
102000059,1588,1434,154
102000060,1280,1128,152
102000061,1625,1652,-27
102000062,1830,1157,673
102000063,1276,1570,-294
102000064,618,769,-151
102000065,81,233,-152
102000066,893,983,-90
102000067,2173,2969,-796
102000068,9555,2857,6698
102000069,93,2158,-2065
102000070,1449,44,1405
102000071,6476,9129,-2653
102000072,2857,3809,-952
102000073,1660,1314,346
102000074,767,1418,-651
102000075,185,355,-170
102000076,237,414,-177
102000077,829,575,254
102000078,947,646,301
102000079,197,270,-73
102000080,279,245,34
102000081,356,850,-494
102000082,746,423,323
102000083,602,280,322
102000084,419,251,168
102000085,2926,985,1941
102000086,1428,1379,49
102000087,1094,1815,-721
102000088,420,379,41
102000089,1446,480,966
102000090,615,1324,-709
102000091,1429,775,654
102000092,387,748,-361
102000093,604,720,-116
102000094,1038,779,259
102000095,1106,1456,-350
102000096,900,965,-65
102000097,879,1012,-133
102000098,668,894,-226
102000099,1001,977,24
102000100,607,1346,-739
102000101,919,859,60
102000102,385,1371,-986
102000103,1557,468,1089
102000104,675,382,293
102000105,296,511,-215
102000106,917,593,324
102000107,1514,461,1053
102000108,741,181,560
102000109,595,577,18
102000110,1189,1013,176
102000111,15,250,-235
102000112,153,126,27
102000113,24,37,-13
102000114,753,335,418
102000115,283,370,-87
102000116,583,595,-12
102000117,185,678,-493
102000118,1219,1408,-189
102000119,1284,920,364
102000120,235,522,-287
102000121,1242,605,637
102000122,944,1030,-86
102000123,1304,1449,-145
102000124,1674,1247,427
102000125,1034,1029,5
102000126,955,877,78
102000127,1401,844,557
102000128,802,1048,-246
102000129,1416,708,708
102000130,768,1101,-333
102000131,2797,1105,1692
102000132,1398,1844,-446
102000133,2277,1561,716
102000134,932,864,68
102000135,1224,1016,208
102000136,1773,661,1112
102000137,1098,1691,-593
102000138,488,629,-141
102000139,264,1244,-980
102000140,437,1310,-873
102000141,680,2090,-1410
102000142,417,468,-51
102000143,258,412,-154
102000144,371,394,-23
102000145,487,421,66
102000146,488,438,50
102000147,638,485,153
102000148,231,455,-224
102000149,194,357,-163
102000150,503,145,358
102000151,111,242,-131
102000152,253,160,93
102000153,1166,584,582
102000154,272,566,-294
102000155,96,308,-212
102000156,343,169,174
102000157,119,382,-263
102000158,575,653,-78
102000159,902,562,340
102000161,3383,2340,1043
102000162,188,156,32
102000163,186,754,-568
102000164,1063,1225,-162
102000165,374,203,171
102000166,120,210,-90
102000167,323,254,69
102000168,377,178,199
102000169,127,552,-425
102000170,521,339,182
102000171,287,436,-149
102000172,212,693,-481
102000173,526,389,137
102000174,112,103,9
102000175,155,97,58
102000176,78,24,54
102000178,259,483,-224
102000179,371,306,65
102000180,912,447,465
102000181,929,544,385
102000182,668,522,146
102000183,1784,1406,378
102000184,1966,720,1246
102000185,3094,1136,1958
102000186,1477,1480,-3
102000187,1141,1389,-248
102000188,1354,1326,28
102000189,2201,782,1419
102000190,726,3051,-2325
102000191,1485,559,926
102000192,1203,1518,-315
102000193,59,157,-98
102000194,57,101,-44
102000195,432,435,-3
102000196,217,302,-85
102000197,693,356,337
102000198,266,626,-360
102000199,1222,326,896
102000200,353,965,-612
102000201,1267,440,827
102000202,2,101,-99
102000203,389,169,220
102000204,592,635,-43
102000205,1157,472,685
102000206,750,476,274
102000207,834,642,192
102000208,441,558,-117
102000209,88,111,-23
102000210,426,380,46
102000211,515,253,262
102000212,430,11,419
102000213,7,238,-231
102000214,316,8,308
102000215,5,324,-319
102000216,69,94,-25
102000217,15,123,-108
102000218,299,259,40
102000219,337,222,115
102000225,468,715,-247
102000226,4263,2184,2079
102000227,165,3,162
102000228,0,78,-78
102000229,42,70,-28
102000230,325,388,-63
102000231,406,388,18
102000232,44,209,-165
102000233,462,757,-295
102000234,181,1074,-893
102000236,445,87,358
102000237,491,225,266
102000238,171,269,-98
102000240,496,625,-129
102000241,545,161,384
102000243,90,81,9
102000245,25,145,-120
102000246,15,40,-25
102000247,604,800,-196
102000248,465,837,-372
102000249,121,126,-5
102000250,90,332,-242
102000254,123,270,-147
102000266,44,600,-556
102000271,25,0,25
102000286,516,364,152
102000297,2152,940,1212
102000299,0,0,0
102000301,0,0,0
102000305,0,0,0
102000307,0,1,-1
102000308,0,2,-2
102900001,1399,791,608
102900002,548,45,503
102900003,78,226,-148
102900005,430,235,195
102900006,525,157,368
102900007,537,32,505
102900008,228,59,169
102900009,460,497,-37
102900010,349,844,-495
102900011,1647,414,1233
102900012,379,139,240
102900013,59,76,-17
102900015,745,614,131
102900016,121,117,4
102900017,288,480,-192
102900018,46,97,-51
102900019,426,445,-19
102900020,198,48,150
102900021,48,89,-41
102900022,444,154,290
102900023,42,54,-12
102900024,55,81,-26
102900025,230,95,135
102900026,430,1978,-1548
102900027,132,55,77
102900028,205,839,-634
102900029,233,247,-14
102900030,426,281,145
102900031,201,146,55
102900032,122,123,-1
102900033,115,197,-82
102900034,643,88,555
102900035,168,289,-121
102900036,314,379,-65
102900037,322,432,-110
102900038,483,438,45
102900039,25,607,-582
102900040,187,302,-115
102900041,133,189,-56
102900042,263,276,-13
102900043,243,227,16
102900044,619,1637,-1018
102900045,181,479,-298
102900046,224,204,20
102900047,172,582,-410
102900048,710,458,252
102900049,147,317,-170
102900050,258,307,-49
102900051,227,199,28
102900052,85,101,-16
102900053,355,613,-258
102900054,669,1426,-757
102900055,186,322,-136
102900056,122,374,-252
102900057,12,78,-66
102900058,367,127,240
102900059,34,78,-44
102900060,167,476,-309
102900061,199,359,-160
102900062,348,777,-429
102900063,1308,348,960
102900064,144,486,-342
102900065,1132,529,603
102900066,351,26,325
102900068,90,63,27
102900070,372,836,-464
102900072,6,37,-31
102900073,105,8,97
102900075,21,74,-53
102900076,141,161,-20
102900077,65,36,29
102900078,41,63,-22
102900079,219,9,210
102900080,396,47,349
102900081,105,262,-157
102900082,22,248,-226
102900083,182,15,167
102900084,17,46,-29
102900085,419,94,325
102900086,17,92,-75
102900087,244,139,105
102900088,58,44,14
102900089,279,120,159
102900090,4,276,-272
102900091,211,9,202
102900092,525,679,-154
102900093,300,295,5
102900094,3,163,-160
102900095,175,5,170
102900096,43,8,35
102900097,60,172,-112
103000001,2401,2224,177
103000002,2129,2466,-337
103000003,3462,2862,600
103000004,857,699,158
103000005,1743,2803,-1060
103000006,908,1522,-614
103000007,510,691,-181
103000008,1216,726,490
103000009,1544,1239,305
103000010,168,98,70
103000011,1505,1209,296
103000012,1597,1533,64
103000013,3606,2112,1494
103000014,1666,2868,-1202
103000015,1675,678,997
103000016,505,1467,-962
103000017,230,388,-158
103000018,872,342,530
103000019,391,307,84
103000020,2310,1346,964
103000021,1877,2048,-171
103000022,759,967,-208
103000023,701,1797,-1096
103000024,99,147,-48
103000025,119,705,-586
103000026,803,131,672
103000027,293,781,-488
103000028,557,392,165
103000029,237,377,-140
103000030,1589,1225,364
103000031,1404,2201,-797
103000032,2397,1633,764
103000033,3045,2816,229
103000034,1466,1141,325
103000035,463,1483,-1020
103000036,385,572,-187
103000037,594,709,-115
103000038,616,1095,-479
103000039,523,367,156
103000040,426,817,-391
103000041,1731,1824,-93
103000042,1302,460,842
103000043,619,769,-150
103000044,327,196,131
103000046,438,477,-39
103000047,580,607,-27
103000048,283,211,72
103000049,111,159,-48
103000050,775,438,337
103000051,610,523,87
103000052,800,363,437
103000053,193,574,-381
103000054,2657,1186,1471
103000055,2053,1937,116
103000056,824,1305,-481
103000057,728,257,471
103000058,733,783,-50
103000059,570,697,-127
103000060,867,482,385
103000061,411,847,-436
103000062,1115,525,590
103000063,947,976,-29
103000064,143,155,-12
103000065,7,369,-362
103000066,283,20,263
103000069,469,330,139
103000070,1061,637,424
103000071,1423,549,874
103000072,128,616,-488
103000073,709,102,607
103000074,824,100,724
103000075,125,617,-492
103000076,400,475,-75
103000077,60,350,-290
103000078,957,788,169
103000079,719,759,-40
103000080,1103,467,636
103000081,496,1373,-877
103000082,547,234,313
103000083,125,256,-131
103000084,119,12,107
103000085,4,110,-106
103000086,601,430,171
103000087,142,583,-441
103000088,271,280,-9
103000089,314,553,-239
103000090,2373,879,1494
103000091,684,448,236
103000092,320,269,51
103000093,283,369,-86
103000094,232,99,133
103000095,59,295,-236
103000096,570,79,491
103000097,64,622,-558
103000098,836,160,676
103000099,312,699,-387
103000100,138,608,-470
103000101,1065,106,959
103000102,156,422,-266
103000103,713,160,553
103000104,108,109,-1
103000105,171,75,96
103000106,6,139,-133
103000107,218,75,143
103000108,839,544,295
103000109,406,373,33
103000110,494,604,-110
103000111,495,466,29
103000112,458,188,270
103000113,536,593,-57
103000114,1292,468,824
103000115,648,451,197
103000116,632,409,223
103000117,408,474,-66
103000118,638,574,64
103000119,1070,430,640
103000120,125,121,4
103000121,275,598,-323
103000122,456,681,-225
103000125,32,265,-233
103000126,960,5,955
103000127,1,193,-192
103000128,250,5,245
103000129,4,162,-158
103000130,100,55,45
103000131,362,119,243
103000132,66,270,-204
103000133,24,234,-210
103000134,401,927,-526
103000135,655,323,332
103000136,620,433,187
103000137,499,589,-90
103000138,680,721,-41
103000139,9,73,-64
103000140,150,31,119
103000141,132,132,0
103000142,160,106,54
103000143,69,176,-107
103000144,230,67,163
103000145,46,515,-469
103000150,90,49,41
103000152,178,244,-66
103000153,242,133,109
103000156,17,351,-334
103000157,641,9,632
103000159,215,75,140
103000162,90,39,51
103000163,18,78,-60
103000164,32,15,17
103000165,116,209,-93
103000166,280,263,17
103000167,221,110,111
103000168,138,143,-5
103000169,227,442,-215
103000170,917,397,520
103000171,36,109,-73
103000172,710,294,416
103000173,908,474,434
103000174,235,310,-75
103000175,415,250,165
103000176,871,680,191
103000177,536,372,164
103000178,222,288,-66
103000179,216,47,169
103000183,175,29,146
103000185,141,49,92
103000186,157,122,35
103000187,753,293,460
103000188,13,94,-81
103000189,749,695,54
103000191,707,581,126
103000292,1314,2212,-898
103000293,1354,2635,-1281
103000295,81,128,-47
103000296,481,7,474
103000297,104,206,-102
103000504,128,24,104
103000505,12,42,-30
103000506,2,203,-201
103000507,259,1,258
103000508,59,111,-52
103000509,261,562,-301
103900001,19,202,-183
103900002,1155,160,995
103900003,1364,192,1172
103900004,157,1,156
103900005,3,202,-199
103900006,2,2,0
103900007,61,0,61
103900008,12,1,11
103900009,337,446,-109
103900010,165,325,-160
103900011,386,183,203
103900012,19,14,5
103900013,67,61,6
103900014,91,20,71
103900015,109,8,101
103900016,216,211,5
103900017,44,64,-20
103900018,682,235,447
103900019,102,381,-279
103900020,277,502,-225
103900021,439,63,376
103900022,1283,664,619
103900023,199,0,199
103900024,143,497,-354
103900025,17,68,-51
103900026,100,0,100
103900027,855,237,618
103900028,29,302,-273
103900029,1186,156,1030
103900030,270,121,149
103900031,53,16,37
103900032,98,88,10
103900033,96,23,73
103900034,48,112,-64
103900035,61,50,11
103900036,42,38,4
103900037,84,72,12
103900038,150,229,-79
103900039,106,226,-120
103900040,16,218,-202
103900041,100,93,7
103900042,103,279,-176
103900043,219,52,167
103900044,103,290,-187
103900045,335,149,186
103900047,103,17,86
103900048,56,34,22
103900049,203,1204,-1001
103900050,11,153,-142
103900051,2,62,-60
103900052,239,368,-129
103900053,323,522,-199
103900054,193,376,-183
103900055,506,250,256
103900056,91,52,39
103900057,48,138,-90
103900058,344,517,-173
103900059,0,44,-44
103900060,55,138,-83
103900061,185,33,152
103900062,437,118,319
103900063,30,0,30
103900064,118,3,115
103900065,784,437,347
103900066,253,44,209
103900067,228,14,214
103900068,1,1,0
103900069,77,27,50
103900070,179,226,-47
103900071,18,125,-107
103900072,38,191,-153
103900073,41,36,5
103900074,73,89,-16
103900075,306,77,229
103900076,610,500,110
103900077,58,111,-53
103900078,377,111,266
103900079,168,196,-28
103900080,28,69,-41
103900081,57,18,39
103900082,25,127,-102
103900083,1065,1112,-47
103900084,94,180,-86
103900085,97,152,-55
103900086,852,421,431
103900087,33,69,-36
103900088,356,561,-205
103900089,83,135,-52
103900090,5,123,-118
103900091,1153,300,853
103900092,708,499,209
103900093,103,287,-184
103900094,20,152,-132
103900095,322,261,61
103900096,42,152,-110
103900097,13,431,-418
103900098,292,120,172
103900099,94,118,-24
103900100,267,276,-9
103900101,192,1004,-812
103900102,2,31,-29
103900104,6,34,-28
103900105,105,186,-81
103900106,1,140,-139
103900107,156,182,-26
103900108,84,290,-206
103900109,171,80,91
103900110,284,55,229
103900111,126,486,-360
103900112,96,153,-57
103900113,130,275,-145
103900114,478,284,194
103900115,269,236,33
103900116,4458,2989,1469
103900117,133,76,57
103900119,51,82,-31
103900120,96,124,-28
103900122,129,187,-58
103900123,1061,682,379
103900124,67,406,-339
103900125,113,73,40
103900126,649,371,278
103900127,211,476,-265
103900128,167,197,-30
103900131,28,103,-75
103900133,930,66,864
103900134,1,8,-7
103900135,4,1,3
103900137,0,28,-28
103900138,172,174,-2
103900139,167,2126,-1959
103900140,2,205,-203
103900141,257,52,205
103900142,217,125,92
103900143,76,0,76
103900144,1,49,-48
103900145,195,235,-40
103900146,372,230,142
103900147,461,133,328
103900148,282,231,51
103900149,397,547,-150
103900150,5529,4637,892
103900151,36,168,-132
103900152,648,360,288
103900153,6,1,5
103900154,775,2004,-1229
103900155,76,178,-102
103900156,56,115,-59
103900157,64,144,-80
103900158,123,146,-23
103900159,197,66,131
103900160,81,29,52
103900161,111,155,-44
103900162,63,187,-124
103900163,17,398,-381
103900167,24,98,-74
103900168,140,113,27
103900169,55,50,5
103900170,1,64,-63
103900171,1,49,-48
103900172,4,26,-22
103900173,8,9,-1
103900174,269,75,194
103900175,65,89,-24
103900176,12,36,-24
103900177,14,73,-59
103900178,44,38,6
103900179,49,83,-34
103900180,18,87,-69
103900181,46,37,9
103900182,37,21,16
103900184,403,116,287
103900185,118,426,-308
103900187,15,109,-94
103900188,63,27,36
103900189,112,7,105
103900190,99,64,35
103900191,26,68,-42
103900192,40,78,-38
103900193,118,205,-87
103900194,83,203,-120
103900195,8,86,-78
103900196,83,52,31
103900197,28,29,-1
103900198,11,48,-37
103900199,206,44,162
103900200,224,121,103
103900201,120,215,-95
103900202,23,56,-33
103900203,52,26,26
103900204,1,80,-79
103900207,0,66,-66
103900208,120,1,119
103900209,6,109,-103
103900210,57,41,16
103900211,626,269,357
103900212,127,313,-186
103900213,66,196,-130
103900214,204,202,2
103900215,236,281,-45
103900216,8,293,-285
103900217,500,97,403
103900218,1,254,-253
103900219,207,301,-94
103900233,77,0,77
103900235,28,37,-9
103900236,20,3,17
103900242,3,9,-6
103900243,2,5,-3
103900244,130,229,-99
103900245,116,140,-24
103900246,48,41,7
103900247,15,81,-66
103900248,5,81,-76
103900249,29,101,-72
103900250,43,25,18
103900251,5,33,-28
103900253,12,85,-73
103900254,6,34,-28
103900255,12,25,-13
103900256,39,23,16
103900257,73,121,-48
103900258,40,4,36
103900259,95,7,88
103900261,15,4,11
103900262,23,4,19
103900263,28,57,-29
103900264,60,29,31
103900265,62,18,44
103900266,2,144,-142
103900267,10,66,-56
103900268,10,52,-42
103900269,163,32,131
103900270,46,111,-65
103900271,75,98,-23
104000001,2498,2008,490
104000002,1937,2252,-315
104000003,2469,1960,509
104000004,2776,2741,35
104000005,1672,1763,-91
104000006,3258,2359,899
104000007,3989,4139,-150
104000008,193,178,15
104000009,181,104,77
104000010,182,282,-100
104000011,387,223,164
104000012,113,250,-137
104000013,308,225,83
104000014,170,441,-271
104000015,471,174,297
104000016,589,307,282
104000018,1011,177,834
104000019,665,252,413
104000020,150,464,-314
104000021,274,429,-155
104000022,152,262,-110
104000023,766,326,440
104000024,243,291,-48
104000026,48,277,-229
104000027,264,194,70
104000028,380,212,168
104000029,334,270,64
104000030,300,210,90
104000031,1542,446,1096
104000032,219,241,-22
104000033,737,456,281
104000034,369,262,107
104000035,958,394,564
104000036,883,515,368
104000037,366,226,140
104000038,477,288,189
104000039,255,187,68
104000040,249,330,-81
104000041,615,373,242
104000042,247,292,-45
104000043,229,271,-42
104000044,285,469,-184
104000045,977,778,199
104000046,917,1225,-308
104000047,939,1122,-183
104000048,1128,1081,47
104000049,413,378,35
104000050,205,666,-461
104000051,122,455,-333
104000052,1728,1675,53
104000053,936,410,526
104000054,649,357,292
104000055,3554,2379,1175
104000056,1030,241,789
104000057,202,390,-188
104000058,871,717,154
104000059,553,924,-371
104000060,1104,1143,-39
104000061,1187,1011,176
104000062,403,112,291
104000064,517,361,156
104000065,265,790,-525
104000069,824,1074,-250
104000070,63,568,-505
104000071,144,353,-209
104000072,576,248,328
104000075,102,261,-159
104000076,469,130,339
104000082,2439,3546,-1107
104000083,788,225,563
104000084,118,472,-354
104000085,358,409,-51
104000086,270,417,-147
104000087,458,2175,-1717
104000090,826,999,-173
104000092,1397,1575,-178
104000094,906,1221,-315
104000095,1711,1353,358
104000096,1784,201,1583
104000097,1965,689,1276
104000098,2609,809,1800
104000100,1858,621,1237
104000101,1204,1433,-229
104000106,61,668,-607
104000107,698,388,310
104000108,274,451,-177
104000109,426,123,303
104000110,895,1157,-262
104000111,3295,2510,785
104000112,1757,573,1184
104000116,1,893,-892
104000117,200,533,-333
104000118,756,185,571
104000119,705,318,387
104000120,290,630,-340
104000121,267,708,-441
104000122,686,741,-55
104000123,644,773,-129
104000124,763,1631,-868
104000125,3061,4573,-1512
104000126,538,435,103
104000127,1188,1911,-723
104000128,667,387,280
104000129,386,34,352
104000130,21,299,-278
104000131,370,344,26
104000132,330,408,-78
104000133,1377,817,560
104000134,1066,1832,-766
104000135,524,2115,-1591
104000136,854,4514,-3660
104000137,1769,489,1280
104000138,969,396,573
104000139,4848,2844,2004
104000141,1078,1271,-193
104000142,667,625,42
104000143,658,442,216
104000144,102,205,-103
104000145,406,249,157
104000146,256,465,-209
104000147,128,269,-141
104000148,469,220,249
104000149,163,223,-60
104000150,1316,584,732
104000151,428,343,85
104000152,665,557,108
104000153,845,571,274
104000154,758,511,247
104000155,551,529,22
104000157,1153,1194,-41
104000158,669,924,-255
104000159,1014,789,225
104000160,2055,2053,2
104000161,184,157,27
104000162,69,138,-69
104000165,982,922,60
104000167,774,1092,-318
104000168,602,6,596
104000169,179,24,155
104000170,409,624,-215
104000248,393,503,-110
104000251,85,181,-96
104000272,0,0,0
104000273,0,0,0
104000274,0,0,0
104000275,0,0,0
104000279,713,498,215
104000290,100,315,-215
104000291,467,1057,-590
104000293,840,683,157
104000294,39,0,39
104000295,637,705,-68
104000296,410,593,-183
104000297,907,1940,-1033
104000298,1829,794,1035
104000299,738,1355,-617
104900001,220,305,-85
104900002,107,218,-111
104900003,80,305,-225
104900004,87,212,-125
104900005,372,333,39
104900006,361,123,238
104900007,373,218,155
104900009,151,282,-131
104900010,103,47,56
104900011,21,27,-6
104900012,334,66,268
104900013,200,22,178
104900014,2120,315,1805
104900015,107,12,95
104900016,240,168,72
104900017,232,184,48
104900018,8,186,-178
104900019,283,3339,-3056
104900020,57,303,-246
104900021,2,133,-131
104900022,16,69,-53
104900023,0,44,-44
104900024,23,91,-68
104900025,65,247,-182
104900026,4,64,-60
104900027,618,334,284
104900028,23,82,-59
104900029,39,77,-38
104900030,522,251,271
104900031,78,199,-121
104900032,54,106,-52
104900033,236,329,-93
104900034,403,222,181
104900035,384,234,150
104900036,244,75,169
104900037,132,203,-71
104900038,389,816,-427
104900039,639,574,65
104900040,564,125,439
104900041,368,179,189
104900042,203,191,12
104900043,14,245,-231
104900044,773,177,596
104900045,498,65,433
104900046,262,159,103
104900047,380,140,240
104900048,357,62,295
104900049,31,26,5
104900050,350,113,237
104900051,340,31,309
104900052,79,1,78
104900053,424,104,320
104900054,242,44,198
104900055,125,0,125
104900056,177,22,155
104900057,70,1,69
104900058,840,667,173
104900059,272,79,193
104900060,3,424,-421
104900061,213,422,-209
104900063,1,102,-101
104900064,0,71,-71
104900065,0,200,-200
104900066,1,108,-107
104900067,12,295,-283
104900068,18,168,-150
104900070,167,213,-46
104900071,2,423,-421
104900072,39,218,-179
104900073,100,206,-106
104900074,63,172,-109
104900075,100,64,36
104900076,121,223,-102
104900077,838,349,489
104900078,202,346,-144
104900079,146,533,-387
104900080,90,397,-307
104900082,19,379,-360
104900085,5,177,-172
104900087,340,9,331
104900089,221,1,220
104900090,1064,752,312
104900091,632,618,14
104900093,251,414,-163
104900097,2058,2383,-325
104900098,170,65,105
104900099,275,709,-434
104900100,397,249,148
104900102,56,100,-44
104900103,409,84,325
104900104,2701,2308,393
104900106,109,117,-8
104900107,125,201,-76
104900108,85,264,-179
104900109,118,206,-88
104900110,11,55,-44
104900111,251,136,115
104900112,332,522,-190
104900113,762,308,454
104900114,414,408,6
104900115,842,376,466
104900116,275,176,99
104900118,17,50,-33
104900119,10,67,-57
104900120,25,237,-212
104900121,1,71,-70
104900122,6,59,-53
104900123,65,16,49
104900124,55,0,55
104900125,516,8,508
104900126,65,36,29
104900127,42,69,-27
104900128,83,152,-69
104900129,1634,2233,-599
105000001,2704,1468,1236
105000002,2344,1565,779
105000003,3349,3765,-416
105000004,652,855,-203
105000005,1058,1203,-145
105000006,1677,1789,-112
105000007,1331,1755,-424
105000008,1693,3651,-1958
105000009,2664,3540,-876
105000010,2718,1777,941
105000011,4012,3379,633
105000012,3293,2573,720
105000013,1137,1254,-117
105000014,2137,3081,-944
105000015,10589,16892,-6303
105000016,2549,2368,181
105000017,1735,852,883
105000018,1292,1572,-280
105000019,1210,892,318
105000020,237,487,-250
105000021,310,117,193
105000022,321,155,166
105000023,628,444,184
105000028,75,103,-28
105000029,627,1542,-915
105000030,3816,2559,1257
105000033,977,1764,-787
105000034,153,1111,-958
105000037,659,282,377
105000038,2216,2025,191
105000039,2115,1784,331
105000040,1268,1559,-291
105000041,836,1281,-445
105000042,4458,2023,2435
105000043,1852,2308,-456
105000044,798,577,221
105000045,417,684,-267
105000046,1268,417,851
105000047,567,1105,-538
105000048,663,206,457
105000049,224,360,-136
105000050,726,360,366
105000051,159,282,-123
105000052,635,867,-232
105000053,114,130,-16
105000054,433,881,-448
105000055,712,331,381
105000056,1365,1768,-403
105000057,1088,674,414
105000058,1353,1005,348
105000059,842,564,278
105000060,500,593,-93
105000061,908,529,379
105000062,534,705,-171
105000063,304,455,-151
105000064,1739,845,894
105000065,399,532,-133
105000066,1139,1216,-77
105000067,1713,820,893
105000068,428,814,-386
105000069,1539,1991,-452
105000070,500,909,-409
105000071,240,972,-732
105000072,1055,2503,-1448
105000073,975,719,256
105000074,1230,684,546
105000075,491,874,-383
105000076,1109,994,115
105000077,2444,1255,1189
105000078,1409,1551,-142
105000079,1288,3394,-2106
105000080,2307,1771,536
105000081,3922,1499,2423
105000082,1292,2152,-860
105000083,5149,4474,675
105000084,612,810,-198
105000085,1979,2498,-519
105000086,650,884,-234
105000087,1458,1944,-486
105000088,1588,1666,-78
105000089,3430,2403,1027
105000090,963,1017,-54
105000091,1185,1559,-374
105000092,667,840,-173
105000093,370,286,84
105000094,399,333,66
105000095,131,510,-379
105000096,1136,1237,-101
105000097,915,794,121
105000098,1024,759,265
105000099,823,772,51
105000100,1541,1004,537
105000101,1985,2701,-716
105000102,2890,1850,1040
105000103,1932,3768,-1836
105000104,2325,1165,1160
105000105,1140,1720,-580
105000106,1389,1415,-26
105000107,1814,741,1073
105000108,1897,1158,739
105000109,1716,1402,314
105000110,1061,530,531
105000111,979,650,329
105000112,1416,661,755
105000113,537,683,-146
105000114,2233,1096,1137
105000115,296,1227,-931
105000116,929,540,389
105000117,997,845,152
105000118,608,440,168
105000119,607,692,-85
105000120,1124,559,565
105000121,774,763,11
105000122,427,660,-233
105000123,913,1087,-174
105000124,2181,798,1383
105000125,904,1516,-612
105000126,2371,1520,851
105000127,2404,1604,800
105000128,676,876,-200
105000129,930,389,541
105000130,409,3453,-3044
105000131,675,341,334
105000132,1124,793,331
105000133,493,835,-342
105000134,950,762,188
105000135,501,576,-75
105000136,126,298,-172
105000137,522,256,266
105000138,223,289,-66
105000139,1058,846,212
105000140,527,485,42
105000141,372,594,-222
105000142,285,454,-169
105000143,255,682,-427
105000144,300,749,-449
105000145,760,363,397
105000146,402,848,-446
105000147,713,341,372
105000148,1140,612,528
105000149,2645,2368,277
105000150,1809,1396,413
105000151,479,344,135
105000152,219,439,-220
105000153,586,640,-54
105000154,572,433,139
105000155,417,986,-569
105000156,701,545,156
105000157,780,1268,-488
105000158,1828,696,1132
105000159,262,835,-573
105000160,1798,563,1235
105000161,675,777,-102
105000162,543,1668,-1125
105000163,884,696,188
105000164,287,208,79
105000165,737,4995,-4258
105000166,4428,979,3449
105000167,1650,1756,-106
105000168,455,480,-25
105000169,560,284,276
105000170,246,1146,-900
105000171,1059,237,822
105000172,218,35,183
105000173,206,33,173
105000174,84,51,33
105000175,102,132,-30
105000176,553,148,405
105000177,383,153,230
105000178,183,493,-310
105000179,688,185,503
105000180,182,159,23
105000181,141,273,-132
105000182,99,62,37
105000183,1807,1955,-148
105000184,926,1454,-528
105000185,1634,1365,269
105000186,429,945,-516
105000187,1077,248,829
105000188,345,217,128
105000189,209,598,-389
105000190,396,421,-25
105000191,419,430,-11
105000192,479,78,401
105000193,117,239,-122
105000194,464,109,355
105000195,403,899,-496
105000196,55,223,-168
105000197,295,636,-341
105000198,647,391,256
105000199,233,630,-397
105000200,150,315,-165
105000201,149,37,112
105000203,3,156,-153
105000204,87,94,-7
105000205,151,227,-76
105000207,558,234,324
105000208,343,648,-305
105000209,229,334,-105
105000212,1256,1098,158
105000213,174,224,-50
105000214,212,345,-133
105000215,350,164,186
105000216,167,275,-108
105000217,151,240,-89
105000218,1435,998,437
105000221,242,218,24
105000222,434,186,248
105000223,290,174,116
105000226,100,244,-144
105000227,129,181,-52
105000228,281,2342,-2061
105000229,195,598,-403
105000231,435,325,110
105000233,837,732,105
105000234,504,1182,-678
105000235,434,521,-87
105000237,881,97,784
105000243,41,120,-79
105000248,58,90,-32
105000262,409,1082,-673
105000269,184,248,-64
105000270,411,50,361
105000271,0,253,-253
105000282,62,42,20
105000287,450,85,365
105000288,660,381,279
105000289,2714,2206,508
105000290,32,15,17
105000402,3353,4556,-1203
105000426,562,724,-162
105000438,4034,1721,2313
105000446,12187,5762,6425
105000447,5942,2799,3143
105000454,577,601,-24
105000455,308,173,135
105000474,61,1,60
105000477,564,667,-103
105000478,2224,5196,-2972
105000479,112,145,-33
105000480,9968,7790,2178
105000481,5132,4217,915
105000482,4925,7902,-2977
105000483,1783,2171,-388
105000484,2338,3092,-754
105000485,1794,3808,-2014
105000486,3352,2495,857
105000488,9727,5350,4377
105000489,1019,868,151
105000549,91,118,-27
105000550,378,1567,-1189
105000551,49,151,-102
105000552,2388,1533,855
105900001,13,2682,-2669
105900002,967,698,269
105900003,16,95,-79
105900004,268,133,135
105900005,10,224,-214
105900006,19,148,-129
105900007,145,51,94
105900008,91,542,-451
105900009,33,19,14
105900011,399,117,282
105900012,691,196,495
105900013,0,34,-34
105900014,15,86,-71
105900015,238,488,-250
105900016,602,667,-65
105900017,1365,41,1324
105900018,249,172,77
105900019,94,571,-477
105900020,57,63,-6
105900021,60,1342,-1282
105900022,315,215,100
105900023,15,220,-205
105900024,26,456,-430
105900025,183,23,160
105900026,277,25,252
105900027,14739,7577,7162
105900028,511,429,82
105900029,1883,366,1517
105900030,200,252,-52
105900031,408,202,206
105900032,90,176,-86
105900033,96,123,-27
105900034,261,217,44
105900035,233,186,47
105900036,111,156,-45
105900037,82,71,11
105900038,217,275,-58
105900039,143,75,68
105900040,61,123,-62
105900041,212,189,23
105900042,83,145,-62
105900043,1476,95,1381
105900044,4,260,-256
105900045,9,807,-798
105900046,6,249,-243
105900047,19,50,-31
105900048,102,454,-352
105900050,5571,8168,-2597
105900051,91,1236,-1145
105900052,631,195,436
105900053,2621,2910,-289
105900054,371,202,169
105900056,898,538,360
105900057,57,210,-153
105900058,31,20,11
105900059,0,34,-34
106000001,4228,2520,1708
106000002,2039,5265,-3226
106000003,3190,3791,-601
106000004,1442,2557,-1115
106000005,3804,5425,-1621
106000006,5347,3182,2165
106000007,539,488,51
106000008,553,336,217
106000009,618,377,241
106000010,718,572,146
106000011,1278,1079,199
106000012,998,1095,-97
106000013,2064,1997,67
106000014,1766,1389,377
106000015,2046,1389,657
106000016,1427,1716,-289
106000017,602,756,-154
106000018,559,435,124
106000019,366,437,-71
106000020,360,325,35
106000021,299,415,-116
106000022,341,206,135
106000023,805,316,489
106000024,593,402,191
106000025,132,156,-24
106000026,60,149,-89
106000027,1632,1260,372
106000028,581,308,273
106000029,659,834,-175
106000030,498,701,-203
106000034,254,489,-235
106000035,938,2086,-1148
106000036,282,496,-214
106000037,1823,1251,572
106000038,317,145,172
106000039,121,120,1
106000040,134,875,-741
106000041,712,624,88
106000043,652,324,328
106000046,437,90,347
106000047,55,438,-383
106000049,928,225,703
106000050,297,546,-249
106000051,789,623,166
106000052,118,527,-409
106000053,395,155,240
106000054,383,374,9
106000055,1298,997,301
106000056,280,313,-33
106000057,404,280,124
106000058,164,164,0
106000059,362,268,94
106000060,323,429,-106
106000061,247,511,-264
106000062,164,559,-395
106000063,797,554,243
106000064,37,313,-276
106000065,479,418,61
106000066,104,282,-178
106000067,365,135,230
106000068,77,516,-439
106000069,303,78,225
106000070,452,702,-250
106000071,1076,333,743
106000072,2709,1619,1090
106000073,1443,3096,-1653
106000074,720,631,89
106000075,348,1290,-942
106000076,1778,1964,-186
106000077,3396,1321,2075
106000078,1237,877,360
106000079,681,830,-149
106000080,1294,607,687
106000081,689,1066,-377
106000082,2344,806,1538
106000083,425,1331,-906
106000084,1316,669,647
106000085,1402,1391,11
106000086,633,839,-206
106000087,1152,491,661
106000088,456,732,-276
106000089,1125,298,827
106000090,277,707,-430
106000091,298,485,-187
106000092,765,310,455
106000093,327,108,219
106000094,103,256,-153
106000095,907,584,323
106000096,1028,609,419
106000097,1381,706,675
106000098,729,881,-152
106000099,299,1078,-779
106000100,1747,229,1518
106000101,1342,557,785
106000102,233,1291,-1058
106000103,338,636,-298
106000104,861,383,478
106000105,614,679,-65
106000106,744,460,284
106000107,153,208,-55
106000108,312,283,29
106000109,196,174,22
106000110,280,294,-14
106000111,296,317,-21
106000112,219,526,-307
106000113,716,508,208
106000114,418,590,-172
106000115,230,352,-122
106000116,318,190,128
106000117,1147,614,533
106000118,1320,1345,-25
106000119,1215,874,341
106000120,1037,1231,-194
106000121,205,141,64
106000122,118,191,-73
106000123,590,143,447
106000124,66,164,-98
106000125,20,202,-182
106000126,279,107,172
106000127,910,753,157
106000128,806,155,651
106000129,512,454,58
106000130,924,318,606
106000131,125,601,-476
106000132,567,178,389
106000133,1985,1072,913
106000134,590,1969,-1379
106000135,198,519,-321
106000136,699,996,-297
106000137,62,662,-600
106000138,1033,124,909
106000139,61,135,-74
106000140,57,52,5
106000141,102,50,52
106000142,99,77,22
106000143,49,42,7
106000144,25,73,-48
106000145,275,197,78
106000146,451,180,271
106000147,401,395,6
106000148,454,731,-277
106000149,638,306,332
106000150,545,1760,-1215
106000151,3584,882,2702
106000152,1413,1825,-412
106000153,79,1656,-1577
106000154,1347,217,1130
106000155,150,256,-106
106000156,1021,236,785
106000157,699,1343,-644
106000158,2040,946,1094
106000159,2675,1843,832
106000160,460,2688,-2228
106000161,1477,302,1175
106000162,338,920,-582
106000163,431,271,160
106000164,524,321,203
106000165,217,385,-168
106000166,849,286,563
106000167,382,782,-400
106000168,546,258,288
106000169,380,459,-79
106000170,921,200,721
106000171,240,1031,-791
106000172,2847,1294,1553
106000173,1146,2522,-1376
106000174,1226,423,803
106000175,305,771,-466
106000176,1755,758,997
106000177,755,2201,-1446
106000178,3270,1640,1630
106000179,1048,1838,-790
106000180,856,1223,-367
106000181,966,1888,-922
106000182,1562,647,915
106000183,1540,605,935
106000184,1657,692,965
106000185,986,1707,-721
106000186,858,134,724
106000187,205,899,-694
106000188,1,3,-2
106000189,22,36,-14
106000190,38,1,37
106000191,659,187,472
106000192,15,29,-14
106000193,483,214,269
106000194,198,480,-282
106000195,963,328,635
106000196,318,844,-526
106000197,640,338,302
106000198,185,212,-27
106000199,644,808,-164
106000200,330,255,75
106000201,451,2724,-2273
106000202,3377,618,2759
106000203,45,176,-131
106000204,91,7,84
106000205,5,124,-119
106000206,83,20,63
106000207,49,596,-547
106000208,1456,206,1250
106000209,1711,356,1355
106000210,525,795,-270
106000211,309,1035,-726
106000212,1035,492,543
106000213,755,2308,-1553
106000214,2375,905,1470
106000215,244,522,-278
106000216,329,325,4
106000217,318,359,-41
106000218,422,402,20
106000219,199,243,-44
106000220,484,273,211
106000221,183,211,-28
106000222,84,101,-17
106000223,325,127,198
106000224,192,159,33
106000225,103,131,-28
106000226,110,228,-118
106000228,85,106,-21
106000229,90,654,-564
106000231,923,124,799
106000232,74,345,-271
106000233,668,122,546
106000234,55,276,-221
106000235,587,134,453
106000236,150,110,40
106000237,2,15,-13
106000238,10,15,-5
106000239,6,79,-73
106000240,85,4,81
106000241,18,514,-496
106000242,302,29,273
106000249,84,81,3
106000250,67,508,-441
106000251,103,34,69
106000252,27,94,-67
106000253,90,64,26
106000254,103,30,73
106000255,29,159,-130
106000256,76,47,29
106000257,163,253,-90
106000258,181,42,139
106000259,2,53,-51
106000260,37,4,33
106000261,2,64,-62
106000262,92,12,80
106000263,16,67,-51
106000264,311,10,301
106000265,14,138,-124
106000266,170,28,142
106000267,5,86,-81
106000268,454,45,409
106000269,58,42,16
106000270,142,388,-246
106000271,87,171,-84
106000272,191,70,121
106000273,13,217,-204
106000274,140,46,94
106000275,175,294,-119
106000276,173,57,116
106000277,121,256,-135
106000278,260,50,210
106000279,16,45,-29
106000280,95,76,19
106000281,88,50,38
106000282,61,80,-19
106000283,141,54,87
106000284,106,118,-12
106000285,155,78,77
106000286,111,152,-41
106000287,135,77,58
106000288,121,139,-18
106000289,114,47,67
106000290,70,89,-19
106000291,137,67,70
106000292,106,84,22
106000293,185,87,98
106000294,140,103,37
106000295,78,65,13
106000296,53,74,-21
106000297,94,286,-192
106000298,131,70,61
106000299,75,154,-79
106000300,65,120,-55
106000301,74,144,-70
106000303,47,97,-50
106000304,35,23,12
106000305,60,40,20
106000306,44,50,-6
106000307,60,17,43
106000308,50,129,-79
106000309,19,70,-51
106000310,329,426,-97
106000311,376,178,198
106000312,122,146,-24
106000313,230,216,14
106000318,98,506,-408
106000319,1041,251,790
106000320,6,132,-126
106000321,318,141,177
106000322,190,131,59
106000324,27,199,-172
106000325,1794,951,843
106000326,1121,1436,-315
106000327,228,96,132
106000328,34,94,-60
106000329,122,299,-177
106000330,40,81,-41
106000428,103,157,-54
106000429,132,353,-221
106000430,382,1127,-745
106000431,2476,378,2098
106000432,1466,2217,-751
106000433,2456,1355,1101
106000434,3390,1638,1752
106000435,1399,2244,-845
106000436,16,150,-134
106000437,252,73,179
106000438,377,235,142
106000439,50,664,-614
106000440,276,679,-403
106000441,6,1,5
106000442,176,5,171
106000443,191,230,-39
106000450,2,132,-130
106000451,26,61,-35
106000454,5,96,-91
106000455,12,167,-155
106000456,75,25,50
106000457,24,769,-745
106000458,1010,89,921
106000459,154,220,-66
106000460,1679,27,1652
106000461,81,787,-706
106000462,0,20,-20
106000463,5,16,-11
106000464,8,355,-347
106000465,755,1,754
106000466,1,399,-398
106000467,263,368,-105
106000468,92,148,-56
106000469,130,5,125
106000470,340,1685,-1345
106000471,24,513,-489
106000472,168,15,153
106000473,42,11,31
106000474,306,370,-64
106000475,275,183,92
106000476,131,223,-92
106000477,23,24,-1
106900001,0,13,-13
106900002,3,373,-370
106900003,217,2113,-1896
106900004,0,22,-22
106900006,0,9,-9
106900007,2,5,-3
106900008,481,153,328
106900009,333,246,87
106900010,238,251,-13
106900012,1429,2683,-1254
106900013,658,156,502
106900014,19,1,18
106900015,16,4,12
106900016,356,19,337
106900017,2,1,1
106900018,3,0,3
106900019,55,1,54
106900020,3706,1669,2037
106900021,128,102,26
106900022,992,9,983
106900023,62,247,-185
106900024,962,50,912
106900025,117,1120,-1003
106900026,3,440,-437
106900027,785,5,780
107000001,4555,5082,-527
107000002,3044,4399,-1355
107000003,6679,7427,-748
107000004,4854,4128,726
107000005,5372,6034,-662
107000006,3931,3250,681
107000007,6597,11154,-4557
107000008,9952,7051,2901
107000009,8784,8428,356
107000010,8919,8031,888
107000011,1092,1238,-146
107000012,3678,2508,1170
107000013,67,90,-23
107000014,68,238,-170
107000015,515,705,-190
107000016,801,784,17
107000017,5412,5067,345
107000018,71,3951,-3880
107000020,3702,5410,-1708
107000021,1708,534,1174
107000022,1408,2872,-1464
107000023,1960,278,1682
107000024,906,1506,-600
107000025,287,380,-93
107000026,408,429,-21
107000027,1457,1092,365
107000028,1667,1075,592
107000029,4061,3274,787
107000030,3323,2853,470
107000031,4563,3094,1469
107000032,590,968,-378
107000033,3032,5371,-2339
107000034,5550,1598,3952
107000035,426,315,111
107000036,763,1345,-582
107000037,105,793,-688
107000038,215,244,-29
107000039,981,896,85
107000040,230,316,-86
107000041,1928,1078,850
107000042,891,2143,-1252
107000043,2891,1197,1694
107000044,625,495,130
107000045,104,335,-231
107000046,946,480,466
107000047,609,858,-249
107000048,809,299,510
107000049,736,770,-34
107000050,1230,565,665
107000051,320,337,-17
107000052,1261,961,300
107000053,433,223,210
107000054,61,247,-186
107000055,167,133,34
107000056,413,728,-315
107000057,1457,268,1189
107000058,2438,2785,-347
107000059,2106,3134,-1028
107000060,5137,5718,-581
107000061,4990,3346,1644
107000062,5573,3322,2251
107000063,4128,4183,-55
107000064,5509,3206,2303
107000065,3661,4227,-566
107000066,2794,3870,-1076
107000067,1500,1446,54
107000068,1598,917,681
107000069,993,599,394
107000070,1366,9,1357
107000071,3656,50,3606
107000072,46,2274,-2228
107000073,1049,433,616
107000074,143,727,-584
107000075,2153,556,1597
107000076,760,1285,-525
107000077,4291,1544,2747
107000078,2453,2751,-298
107000079,3205,1224,1981
107000080,1083,2787,-1704
107000081,2202,693,1509
107000082,585,1701,-1116
107000083,1527,546,981
107000084,332,1495,-1163
107000085,3387,3411,-24
107000086,3613,3249,364
107000087,3219,2163,1056
107000088,3387,3530,-143
107000089,1714,1806,-92
107000090,1226,1009,217
107000091,1559,782,777
107000092,1015,957,58
107000093,1345,887,458
107000094,835,1010,-175
107000095,1000,702,298
107000096,605,775,-170
107000097,473,324,149
107000098,315,502,-187
107000099,483,301,182
107000100,306,432,-126
107000101,82,159,-77
107000102,216,343,-127
107000103,312,152,160
107000104,202,276,-74
107000105,399,125,274
107000106,149,263,-114
107000107,586,187,399
107000108,161,414,-253
107000109,773,158,615
107000110,66,485,-419
107000111,400,68,332
107000112,36,271,-235
107000113,720,122,598
107000114,101,474,-373
107000115,634,138,496
107000116,142,620,-478
107000117,165,637,-472
107000118,149,133,16
107000119,1724,1623,101
107000120,1092,529,563
107000121,1120,679,441
107000122,1257,858,399
107000123,505,675,-170
107000124,560,738,-178
107000125,1245,631,614
107000126,960,569,391
107000129,389,362,27
107000130,794,414,380
107000131,498,527,-29
107000132,683,380,303
107000133,562,101,461
107000134,347,2,345
107000135,9,352,-343
107000136,844,8,836
107000137,20,571,-551
107000138,387,32,355
107000139,22,549,-527
107000140,1583,172,1411
107000141,144,750,-606
107000142,477,137,340
107000143,56,633,-577
107000144,566,582,-16
107000145,162,525,-363
107000146,298,365,-67
107000147,3814,962,2852
107000150,800,4632,-3832
107000151,24,131,-107
107000152,450,1885,-1435
107000153,147,457,-310
107000154,237,282,-45
107000155,1054,42,1012
107000156,1419,33,1386
107000157,142,1311,-1169
107000158,720,22,698
107000159,36,801,-765
107000160,1214,236,978
107000161,91,1140,-1049
107000162,439,780,-341
107000163,247,2,245
107000164,964,8,956
107000165,1323,17,1306
107000166,37,901,-864
107000167,816,262,554
107000168,1061,572,489
107000169,797,815,-18
107000170,2853,922,1931
107000171,851,1859,-1008
107000172,1188,1516,-328
107000173,687,866,-179
107000174,1181,6205,-5024
107000175,6475,1482,4993
107000176,1,1,0
107000177,11,4,7
107000178,10,49,-39
107000179,383,1738,-1355
107000180,1660,308,1352
107000181,457,891,-434
107000182,2157,827,1330
107000183,197,749,-552
107000184,1194,639,555
107000185,626,1266,-640
107000186,1479,507,972
107000187,1404,1355,49
107000188,762,610,152
107000189,579,1025,-446
107000190,741,728,13
107000191,844,887,-43
107000192,1964,730,1234
107000193,463,578,-115
107000194,761,658,103
107000197,1012,357,655
107000198,389,660,-271
107000199,1042,662,380
107000200,770,755,15
107000201,632,447,185
107000202,451,537,-86
107000203,980,1475,-495
107000204,1189,1776,-587
107000205,2152,1322,830
107000206,1181,2042,-861
107000207,723,1232,-509
107000208,1208,763,445
107000209,2303,1587,716
107000210,702,307,395
107000211,14,51,-37
107000212,22,303,-281
107000213,9,32,-23
107000214,29,165,-136
107000215,598,361,237
107000216,437,417,20
107000217,251,160,91
107000219,129,309,-180
107000220,260,226,34
107000222,253,608,-355
107000224,1094,124,970
107000225,178,519,-341
107000226,804,92,712
107000227,87,280,-193
107000228,337,272,65
107000229,119,139,-20
107000230,1050,407,643
107000231,1634,2107,-473
107000232,130,43,87
107000233,1201,1033,168
107000234,4,51,-47
107000235,116,15,101
107000236,6,573,-567
107000237,37,1,36
107000238,37,1,36
107000239,3910,600,3310
107000240,101,912,-811
107000241,139,18,121
107000242,349,56,293
107000243,2,35,-33
107000244,4,65,-61
107000246,4,956,-952
107000249,3,993,-990
107000251,1,275,-274
107000252,6,827,-821
107000255,369,128,241
107000257,2,326,-324
107000258,3,113,-110
107000259,7,165,-158
107000260,801,3,798
107000262,7,366,-359
107000263,368,4,364
107000266,11,14,-3
107000267,99,117,-18
107000268,148,150,-2
107000269,707,89,618
107000270,4,36,-32
107000271,27,510,-483
107000272,20,115,-95
107000273,11,382,-371
107000274,4099,1081,3018
107000275,340,3403,-3063
107000280,980,46,934
107000281,35,660,-625
107000282,131,634,-503
107000290,28,54,-26
107000291,24,11,13
107000292,2,319,-317
107000293,113,6,107
107000294,0,39,-39
107000295,27,4,23
107000296,0,24,-24
107000444,414,9,405
107000496,1,12,-11
107000497,1457,2045,-588
107000500,385,319,66
107000501,150,121,29
107000502,191,256,-65
107000505,316,711,-395
107000506,2,143,-141
107000508,7,469,-462
107000509,287,759,-472
107000510,44,23,21
107000514,46,401,-355
107000515,23,168,-145
107000516,437,273,164
107000518,1310,1599,-289
107000519,1509,847,662
107000520,65,41,24
107900001,112,116,-4
107900002,83,11,72
107900003,307,22,285
107900004,141,31,110
107900005,1389,11,1378
107900006,285,15,270
107900007,405,34,371
107900008,158,24,134
107900009,323,29,294
107900010,78,2,76
107900012,358,76,282
107900013,335,42,293
107900014,45,19,26
107900015,1018,9,1009
107900016,770,123,647
107900017,55,9,46
107900018,97,178,-81
107900019,34,51,-17
107900020,189,36,153
107900021,115,110,5
107900023,4,1,3
107900024,1,30,-29
107900025,300,272,28
107900026,79,48,31
107900027,41,86,-45
107900028,127,60,67
107900030,253,39,214
107900031,104,88,16
107900032,30,10,20
107900033,31,10,21
107900034,452,34,418
107900035,977,40,937
107900036,72,41,31
107900037,1,33,-32
107900038,138,271,-133
107900039,37,49,-12
107900040,33,252,-219
107900041,1,2,-1
107900043,42,102,-60
107900044,7,5,2
107900045,136,56,80
107900046,191,156,35
107900047,39,33,6
107900048,244,22,222
107900049,451,1747,-1296
107900050,112,381,-269
107900051,126,72,54
107900052,46,35,11
107900053,61,80,-19
107900055,1005,413,592
107900056,159,54,105
107900057,7,0,7
107900058,28,533,-505
107900060,40,174,-134
107900061,10,7,3
107900063,105,163,-58
107900064,351,204,147
107900065,283,16,267
107900066,36,7,29
107900067,1,0,1
107900068,116,1003,-887
107900069,67,2180,-2113
107900070,178,66,112
107900071,29,724,-695
107900072,201,151,50
107900073,165,102,63
107900074,647,380,267
107900076,154,73,81
107900077,120,3,117
107900078,232,49,183
107900079,12,13,-1
107900080,213,917,-704
107900081,83,79,4
107900082,18,13,5
107900083,329,234,95
107900084,139,167,-28
107900086,39,159,-120
107900087,666,207,459
107900088,60,14,46
107900089,333,1260,-927
107900090,1505,3280,-1775
107900091,174,273,-99
107900092,1896,458,1438
107900093,84,42,42
107900095,3287,2408,879
107900097,34,103,-69
107900098,58,293,-235
107900100,968,1398,-430
107900101,945,237,708
107900102,59,7,52
107900103,76,183,-107
107900104,299,9,290
107900105,0,184,-184
107900106,3,769,-766
107900107,2252,556,1696
107900108,274,119,155
107900109,1675,17,1658
107900110,79,60,19
107900111,6,676,-670
107900112,117,433,-316
107900113,275,74,201
107900114,173,118,55
107900115,2,40,-38
107900116,228,135,93
107900117,304,301,3
107900118,97,207,-110
107900119,115,302,-187
107900120,30,39,-9
107900121,2,155,-153
107900122,4,197,-193
107900123,0,78,-78
107900124,11,86,-75
107900125,65,230,-165
107900126,14,92,-78
107900127,676,390,286
107900128,84,95,-11
107900129,65,16,49
107900130,84,28,56
107900131,666,348,318
107900132,112,398,-286
107900133,4,91,-87
107900134,34,113,-79
107900135,6,138,-132
107900136,62,60,2
107900137,128,106,22
107900138,51,53,-2
107900139,40,34,6
107900140,136,58,78
107900141,68,53,15
107900142,63,724,-661
107900143,62,26,36
107900144,1,116,-115
107900145,16,94,-78
107900146,87,134,-47
107900147,54,71,-17
107900148,208,107,101
107900149,1021,249,772
107900150,40,584,-544
107900151,49,76,-27
107900152,16,172,-156
107900153,119,374,-255
107900154,45,29,16
107900155,111,59,52
107900156,6,237,-231
107900157,51,38,13
107900158,977,24,953
107900159,50,693,-643
107900160,128,187,-59
107900161,40,127,-87
107900162,12,160,-148
107900163,81,105,-24
107900164,23,57,-34
107900165,37,146,-109
107900166,26,143,-117
107900167,78,35,43
107900168,41,52,-11
107900169,1,190,-189
107900171,9,1144,-1135
107900172,15,356,-341
107900173,17,139,-122
107900174,180,11,169
107900175,30,62,-32
107900176,30,28,2
107900177,6,382,-376
107900178,0,137,-137
107900179,12,165,-153
107900180,538,778,-240
107900181,342,310,32
107900182,3,889,-886
107900183,63,184,-121
107900184,127,261,-134
107900185,196,11,185
107900186,53,54,-1
107900187,0,136,-136
107900188,516,149,367
107900189,24,111,-87
107900190,51,145,-94
107900191,75,97,-22
107900193,3,68,-65
107900194,328,26,302
107900195,1870,359,1511
107900196,98,130,-32
107900197,765,459,306
107900199,0,742,-742
107900201,109,82,27
107900203,38,59,-21
107900204,180,248,-68
107900205,248,374,-126
107900206,782,505,277
107900207,5,534,-529
107900208,11,572,-561
107900209,380,165,215
107900210,48,89,-41
107900213,905,751,154
107900214,52,125,-73
107900215,189,323,-134
107900216,148,53,95
107900217,54,110,-56
107900218,26,2444,-2418
107900219,37,88,-51
107900220,207,305,-98
107900221,174,238,-64
107900223,127,496,-369
107900224,122,426,-304
107900225,6,683,-677
107900226,84,78,6
107900227,112,321,-209
107900228,15,84,-69
107900229,4,201,-197
107900230,19,75,-56
107900231,24,195,-171
107900232,85,109,-24
107900233,27,122,-95
107900234,104,74,30
107900235,43,153,-110
107900236,119,53,66
107900237,67,381,-314
107900238,50,109,-59
107900239,693,596,97
107900240,42,80,-38
107900241,19,85,-66
107900242,42,187,-145
107900243,5,90,-85
107900244,354,3,351
107900245,771,58,713
107900246,255,17,238
107900248,597,365,232
107900249,885,43,842
107900250,2,429,-427
107900251,56,1134,-1078
107900252,1013,31,982
107900253,218,2,216
107900254,105,440,-335
107900255,254,86,168
107900256,1745,2632,-887
107900257,266,147,119
107900258,110,191,-81
107900259,90,2294,-2204
107900261,8,273,-265
107900262,59,101,-42
107900264,354,6,348
107900265,137,157,-20
107900267,257,18,239
107900268,18,5,13
107900269,0,14,-14
107900270,0,0,0
107900271,0,17,-17
107900272,94,32,62
107900273,62,106,-44
107900274,174,3,171
107900275,35,1,34
107900276,0,87,-87
107900277,0,137,-137
107900278,372,426,-54
107900279,63,227,-164
107900280,2384,1672,712
107900281,1225,2963,-1738
107900282,51,523,-472
107900283,1006,782,224
107900284,539,588,-49
107900285,142,75,67
107900286,147,108,39
107900287,256,194,62
107900290,2,159,-157
107900291,618,30,588
107900292,158,146,12
107900293,82,353,-271
107900295,59,41,18
107900297,0,313,-313
107900298,713,679,34
107900299,2393,2505,-112
107900300,112,299,-187
107900301,826,708,118
107900302,151,49,102
107900303,305,314,-9
107900304,448,422,26
107900305,429,4,425
107900306,14,36,-22
107900307,50,243,-193
107900308,163,166,-3
107900309,95,2,93
107900310,1088,11,1077
107900311,25,941,-916
107900312,147,16,131
107900313,3,249,-246
107900314,2,56,-54
107900315,0,65,-65
107900316,68,1,67
107900317,120,42,78
107900318,15,146,-131
107900319,8,150,-142
107900320,1,132,-131
107900321,169,12,157
107900322,2,88,-86
107900323,13,142,-129
107900324,177,1,176
107900325,102,4,98
107900326,386,223,163
107900327,0,83,-83
107900328,89,10,79
107900329,142,141,1
107900330,7,221,-214
107900331,234,25,209
107900332,295,24,271
107900333,54,26,28
107900334,20,108,-88
107900335,143,41,102
107900336,42,64,-22
107900337,853,919,-66
107900338,6,155,-149
107900339,0,26,-26
107900340,11,68,-57
107900341,74,2,72
107900342,111,90,21
107900343,104,6,98
107900344,6,124,-118
107900345,106,27,79
107900346,32,2,30
107900347,20,3,17
107900348,14,4,10
107900349,28,12,16
107900350,35,221,-186
108000001,3249,3842,-593
108000002,1904,2147,-243
108000003,3959,3766,193
108000004,11141,13220,-2079
108000005,9752,7464,2288
108000006,8387,7288,1099
108000007,5580,4254,1326
108000008,4246,5559,-1313
108000009,4268,4977,-709
108000010,2891,3974,-1083
108000011,13089,12468,621
108000012,14786,13501,1285
108000014,923,916,7
108000015,810,266,544
108000016,307,604,-297
108000017,1114,426,688
108000018,1881,714,1167
108000019,2724,1085,1639
108000020,1408,524,884
108000021,367,1831,-1464
108000022,448,1236,-788
108000023,1495,264,1231
108000024,383,455,-72
108000025,343,272,71
108000026,746,351,395
108000027,870,414,456
108000028,686,212,474
108000029,591,538,53
108000030,793,211,582
108000031,223,719,-496
108000032,1849,680,1169
108000033,705,823,-118
108000034,1899,560,1339
108000035,791,1999,-1208
108000036,444,871,-427
108000037,1973,487,1486
108000038,2940,623,2317
108000039,519,1518,-999
108000040,2153,962,1191
108000041,660,1907,-1247
108000042,378,199,179
108000043,220,286,-66
108000044,673,147,526
108000045,346,459,-113
108000046,1782,339,1443
108000047,497,832,-335
108000048,237,381,-144
108000049,1169,368,801
108000050,123,357,-234
108000051,380,120,260
108000052,300,568,-268
108000053,482,226,256
108000054,586,1088,-502
108000055,1269,661,608
108000056,910,1182,-272
108000057,681,1324,-643
108000058,2195,4313,-2118
108000059,3007,1783,1224
108000060,234,451,-217
108000061,138,278,-140
108000062,1017,624,393
108000063,633,475,158
108000064,307,256,51
108000065,537,451,86
108000066,1472,763,709
108000067,1963,698,1265
108000068,821,428,393
108000069,180,802,-622
108000070,2189,868,1321
108000071,641,1271,-630
108000072,1920,1245,675
108000073,1343,1534,-191
108000074,869,474,395
108000075,395,752,-357
108000076,991,601,390
108000077,594,649,-55
108000078,2874,1372,1502
108000079,817,1180,-363
108000080,1510,548,962
108000081,556,1325,-769
108000082,1038,1560,-522
108000083,2134,1007,1127
108000084,341,983,-642
108000085,1011,479,532
108000086,855,697,158
108000087,245,2218,-1973
108000088,200,20,180
108000089,362,372,-10
108000090,502,205,297
108000091,355,372,-17
108000092,173,89,84
108000093,233,405,-172
108000094,677,97,580
108000095,148,278,-130
108000096,309,166,143
108000097,162,324,-162
108000098,1919,1285,634
108000099,253,111,142
108000100,72,219,-147
108000101,1498,1437,61
108000102,1878,3385,-1507
108000106,976,1,975
108000107,3,833,-830
108000108,934,77,857
108000109,20,793,-773
108000110,251,304,-53
108000111,177,420,-243
108000112,47,178,-131
108000113,447,255,192
108000115,450,311,139
108000117,780,409,371
108000118,74,271,-197
108000119,578,326,252
108000120,164,730,-566
108000121,246,427,-181
108000122,599,305,294
108000123,962,233,729
108000124,328,484,-156
108000125,406,254,152
108000126,184,364,-180
108000127,571,264,307
108000128,611,348,263
108000129,295,770,-475
108000130,571,216,355
108000131,961,553,408
108000132,1904,1185,719
108000133,1012,454,558
108000134,442,414,28
108000135,1151,543,608
108000136,361,755,-394
108000137,499,299,200
108000138,445,899,-454
108000139,529,290,239
108000140,141,20,121
108000141,48,63,-15
108000142,63,80,-17
108000143,32,21,11
108000144,63,14,49
108000145,65,10,55
108000146,96,19,77
108000147,79,21,58
108000148,117,40,77
108000149,31,16,15
108000150,53,4,49
108000151,19,16,3
108000152,115,412,-297
108000153,566,104,462
108000154,48,11,37
108000155,23,27,-4
108000156,319,131,188
108000157,219,1083,-864
108000158,80,913,-833
108000159,390,255,135
108000160,2367,1120,1247
108000161,2213,3045,-832
108000165,3,250,-247
108000172,4,264,-260
108000173,1433,2008,-575
108000175,343,132,211
108000178,440,295,145
108000179,171,966,-795
108000181,77,28,49
108000182,103,23,80
108000183,47,24,23
108000184,851,2243,-1392
108000185,307,443,-136
108000186,266,71,195
108000187,128,503,-375
108000188,778,220,558
108000189,589,1618,-1029
108000190,39,160,-121
108000192,204,469,-265
108000193,786,57,729
108000194,48,9,39
108000195,4,847,-843
108000196,206,212,-6
108000198,488,233,255
108000199,1,196,-195
108000200,550,429,121
108000202,0,257,-257
108000203,168,535,-367
108000204,212,93,119
108000205,243,379,-136
108000339,1379,400,979
108000364,127,313,-186
108000365,88,321,-233
108000367,212,340,-128
108000368,14,58,-44
108000369,768,270,498
108000371,4,630,-626
108000372,766,8,758
108000373,282,166,116
108000376,112,59,53
108000377,536,265,271
108000378,9614,10832,-1218
108000379,48,296,-248
108000381,76,7,69
108000382,153,3,150
108000383,0,140,-140
108900001,83,808,-725
108900002,220,74,146
108900003,315,592,-277
108900004,308,469,-161
108900005,66,408,-342
108900006,774,218,556
108900007,385,232,153
108900008,185,144,41
108900009,120,121,-1
108900010,282,153,129
108900011,668,424,244
108900012,447,419,28
108900013,216,256,-40
108900014,17,128,-111
108900015,0,116,-116
108900016,4,255,-251
108900017,248,436,-188
108900018,166,372,-206
108900019,58,643,-585
108900020,79,178,-99
108900021,157,217,-60
108900022,142,8,134
108900023,16,43,-27
108900024,48,112,-64
108900025,156,109,47
108900026,26,85,-59
108900027,1,63,-62
108900028,84,236,-152
108900029,80,215,-135
108900030,0,96,-96
108900031,148,308,-160
108900032,15,226,-211
108900033,0,72,-72
108900034,0,141,-141
108900035,337,1095,-758
108900036,216,232,-16
108900037,66,279,-213
108900038,2,245,-243
108900039,0,346,-346
108900040,23,85,-62
108900041,4626,3527,1099
108900042,9,357,-348
108900043,83,396,-313
108900044,4,374,-370
108900045,102,380,-278
108900046,53,570,-517
108900047,0,146,-146
108900048,107,719,-612
108900049,2229,1474,755
108900050,0,150,-150
108900051,2,123,-121
108900052,39,151,-112
108900053,76,214,-138
108900054,121,205,-84
108900055,62,357,-295
108900056,0,123,-123
108900057,2,124,-122
108900058,35,277,-242
108900059,505,55,450
108900060,110,135,-25
108900061,97,41,56
108900062,6,181,-175
108900063,29,206,-177
108900064,297,52,245
108900065,8,149,-141
108900066,509,119,390
108900067,15,178,-163
108900068,0,79,-79
108900069,79,94,-15
108900070,40,77,-37
108900071,126,75,51
108900072,1978,770,1208
108900073,8,79,-71
108900074,208,246,-38
108900075,48,42,6
108900076,459,88,371
108900077,72,114,-42
108900078,50,130,-80
108900079,714,175,539
108900080,68,846,-778
108900081,85,248,-163
108900082,99,86,13
108900083,44,314,-270
108900084,401,174,227
108900085,1859,187,1672
108900086,178,186,-8
108900087,107,187,-80
108900088,1067,475,592
108900089,26,168,-142
108900090,49,236,-187
108900091,102,82,20
108900092,628,358,270
108900093,133,113,20
108900094,295,104,191
108900095,59,301,-242
108900096,286,16,270
108900097,305,180,125
108900098,1761,921,840
108900099,479,232,247
108900100,114,101,13
108900101,200,312,-112
108900102,108,1268,-1160
108900103,142,140,2
108900104,118,336,-218
108900105,10,1325,-1315
108900106,516,298,218
108900108,432,71,361
108900109,44,37,7
108900110,260,358,-98
108900111,495,467,28
108900112,305,33,272
108900113,52,64,-12
108900114,4,2,2
108900115,96,104,-8
108900116,123,13,110
108900117,250,19,231
108900118,749,32,717
108900119,299,34,265
108900120,151,189,-38
108900121,391,133,258
108900122,137,25,112
108900123,184,120,64
108900124,540,235,305
108900125,569,5,564
108900126,117,28,89
108900127,224,22,202
108900128,165,31,134
108900129,924,172,752
108900130,618,2,616
108900131,426,1,425
108900132,580,107,473
108900133,278,65,213
108900134,464,264,200
108900135,196,8,188
108900136,202,1,201
108900137,146,3,143
108900138,855,80,775
108900139,660,130,530
108900140,319,192,127
108900141,457,14,443
108900142,154,8,146
108900143,78,0,78
108900144,143,0,143
108900145,228,21,207
108900146,101,0,101
108900147,277,1,276
108900148,85,45,40
108900149,545,270,275
108900150,301,11,290
108900151,173,38,135
108900152,300,15,285
108900153,217,311,-94
108900154,5279,528,4751
108900155,232,96,136
108900156,83,5,78
108900157,24,431,-407
108900158,429,20,409
108900159,6,190,-184
108900160,13,207,-194
108900161,11,362,-351
108900162,194,1,193
108900163,15,295,-280
108900164,43,85,-42
108900165,129,102,27
108900167,1297,7344,-6047
108900168,5862,2741,3121
108900169,75,110,-35
108900171,5946,3173,2773
108900172,251,39,212
108900173,216,365,-149
108900174,891,560,331
108900176,127,309,-182
108900177,4653,7278,-2625
108900178,3186,3926,-740
108900179,551,1885,-1334
108900180,131,320,-189
108900182,57,379,-322
108900183,186,238,-52
108900184,550,216,334
108900185,85,367,-282
108900186,142,385,-243
108900187,443,77,366
108900188,749,98,651
108900189,486,156,330
108900190,67,1963,-1896
108900191,228,49,179
108900192,98,220,-122
108900193,211,56,155
108900194,41,532,-491
108900195,187,246,-59
108900196,41,337,-296
108900198,4,343,-339
108900199,301,409,-108
108900200,576,440,136
108900201,451,1258,-807
108900203,516,155,361
108900204,408,20,388
108900205,154,29,125
108900206,664,99,565
108900207,258,132,126
108900208,20,329,-309
108900209,213,553,-340
108900210,194,216,-22
108900211,233,682,-449
108900212,553,1833,-1280
108900215,66,369,-303
108900216,562,218,344
108900217,149,1,148
108900218,118,26,92
108900219,126,11,115
108900220,87,23,64
108900221,49,182,-133
108900222,304,31,273
108900223,19,143,-124
108900224,46,211,-165
108900225,1,251,-250
108900226,349,41,308
108900227,161,433,-272
108900230,206,207,-1
108900231,38,189,-151
108900232,1,196,-195
108900233,546,131,415
108900234,385,178,207
108900235,240,545,-305
108900236,73,525,-452
108900237,97,216,-119
108900240,132,112,20
108900241,63,40,23
108900245,10,1653,-1643
108900249,213,73,140
108900250,329,155,174
108900257,263,388,-125
108900258,8,181,-173
108900259,109,54,55
108900260,20,70,-50
108900261,99,162,-63
108900262,141,136,5
108900263,52,159,-107
108900264,525,326,199
108900265,1056,566,490
108900266,611,703,-92
108900267,9,161,-152
108900268,19,8,11
108900269,125,38,87
108900270,72,9,63
108900271,75,11,64
108900272,252,13,239
108900273,771,971,-200
108900274,47,65,-18
109000001,2910,1627,1283
109000002,1180,1751,-571
109000003,2667,473,2194
109000004,477,1821,-1344
109000005,2334,674,1660
109000006,652,1703,-1051
109000007,1767,635,1132
109000008,574,1553,-979
109000009,3726,1157,2569
109000010,1157,2913,-1756
109000011,3515,2362,1153
109000012,1722,2698,-976
109000013,4072,3494,578
109000014,2009,2897,-888
109000015,4164,7623,-3459
109000016,4983,3206,1777
109000017,2737,1386,1351
109000018,929,2477,-1548
109000019,2614,1250,1364
109000020,889,1617,-728
109000023,292,36,256
109000024,11,176,-165
109000025,389,487,-98
109000026,635,343,292
109000027,62,360,-298
109000028,174,108,66
109000029,165,228,-63
109000030,56,522,-466
109000031,248,153,95
109000032,137,444,-307
109000033,388,221,167
109000034,62,42,20
109000035,6,68,-62
109000036,78,357,-279
109000037,335,1532,-1197
109000038,586,359,227
109000039,1086,996,90
109000040,4351,9823,-5472
109000041,2179,1919,260
109000042,513,1235,-722
109000044,382,87,295
109000045,93,318,-225
109000046,366,79,287
109000047,55,393,-338
109000048,900,279,621
109000049,314,646,-332
109000050,391,313,78
109000051,281,274,7
109000052,608,684,-76
109000053,307,94,213
109000054,278,427,-149
109000055,257,384,-127
109000056,470,429,41
109000057,822,553,269
109000058,924,330,594
109000059,794,1543,-749
109000060,476,354,122
109000061,759,1463,-704
109000062,120,413,-293
109000063,269,152,117
109000064,322,150,172
109000065,196,220,-24
109000066,429,83,346
109000067,100,248,-148
109000068,2531,21,2510
109000069,893,45,848
109000070,16,1399,-1383
109000071,388,132,256
109000072,101,277,-176
109000073,40,116,-76
109000074,29,118,-89
109000075,71,320,-249
109000076,140,300,-160
109000077,364,236,128
109000078,121,186,-65
109000079,140,153,-13
109000080,233,130,103
109000081,170,437,-267
109000082,755,225,530
109000083,291,580,-289
109000088,131,405,-274
109000089,284,69,215
109000090,136,360,-224
109000091,384,269,115
109000092,395,391,4
109000093,274,221,53
109000094,707,4,703
109000095,117,376,-259
109000096,760,277,483
109000097,99,148,-49
109000098,57,191,-134
109000099,1113,324,789
109000100,312,546,-234
109000101,1993,712,1281
109000102,547,730,-183
109000103,473,572,-99
109000104,2059,588,1471
109000105,507,1167,-660
109000106,2305,867,1438
109000107,623,1764,-1141
109000108,1998,644,1354
109000109,508,1489,-981
109000110,1537,600,937
109000111,893,1662,-769
109000112,404,118,286
109000113,362,221,141
109000114,208,352,-144
109000115,1253,46,1207
109000116,12,261,-249
109000117,256,78,178
109000118,8,265,-257
109000119,1557,210,1347
109000120,212,646,-434
109000121,583,42,541
109000122,130,571,-441
109000123,40,41,-1
109000124,757,324,433
109000125,793,279,514
109000126,457,614,-157
109000127,1126,206,920
109000128,533,1053,-520
109000129,2755,786,1969
109000130,524,1467,-943
109000131,1001,701,300
109000132,820,1611,-791
109000133,339,871,-532
109000134,853,1146,-293
109000135,1331,1695,-364
109000136,336,303,33
109000137,357,384,-27
109000138,468,315,153
109000139,560,452,108
109000140,218,350,-132
109000141,614,512,102
109000142,142,542,-400
109000143,158,96,62
109000145,145,276,-131
109000146,50,155,-105
109000148,3301,2154,1147
109000149,33,58,-25
109000150,65,286,-221
109000155,922,725,197
109000156,1031,685,346
109000158,186,299,-113
109000159,188,593,-405
109000160,1116,272,844
109000161,429,889,-460
109000162,2164,631,1533
109000163,1202,1524,-322
109000164,1273,2031,-758
109000165,1427,495,932
109000166,785,121,664
109000167,135,429,-294
109000170,57,43,14
109000171,67,52,15
109000172,35,65,-30
109000173,46,96,-50
109000174,107,55,52
109000175,66,71,-5
109000176,340,243,97
109000177,19,104,-85
109000178,824,357,467
109000179,4374,5202,-828
109000180,5396,4046,1350
109000181,18,34,-16
109000182,42,26,16
109000183,60,38,22
109000184,27,20,7
109000185,43,37,6
109000188,500,1423,-923
109000189,2353,872,1481
109000190,671,430,241
109000191,369,413,-44
109000192,512,148,364
109000193,221,193,28
109000194,319,69,250
109000195,179,278,-99
109000196,386,106,280
109000197,211,328,-117
109000198,379,65,314
109000199,172,470,-298
109000206,271,51,220
109000207,134,44,90
109000208,105,100,5
109000209,196,174,22
109000210,211,522,-311
109000211,668,449,219
109000214,467,288,179
109000215,136,84,52
109000216,237,329,-92
109000217,281,133,148
109000218,482,216,266
109000221,585,879,-294
109000222,1014,221,793
109000223,396,393,3
109000224,42,97,-55
109000225,87,25,62
109000226,75,160,-85
109000227,1218,956,262
109000228,10,1242,-1232
109000231,6,238,-232
109000232,430,271,159
109000236,359,580,-221
109000241,2384,1945,439
109000242,2139,1154,985
109000293,19,70,-51
109000361,79,251,-172
109000364,413,521,-108
109000396,4,411,-407
109000397,728,19,709
109000399,106,373,-267
109000400,76,231,-155
109000403,140,1018,-878
109000406,314,9,305
109000407,327,181,146
109000408,1,370,-369
109000410,1063,278,785
109000411,176,16,160
109900001,136,0,136
109900002,682,22,660
109900003,295,0,295
109900004,815,161,654
109900005,32,7,25
109900006,775,195,580
109900007,947,400,547
109900008,0,49,-49
109900009,162,519,-357
109900010,662,23,639
109900011,102,51,51
109900012,349,214,135
109900013,391,178,213
109900014,444,50,394
109900015,448,274,174
109900016,186,23,163
109900017,188,204,-16
109900018,345,56,289
109900019,307,53,254
109900020,58,43,15
109900021,70,30,40
109900022,164,206,-42
109900023,26,13,13
109900024,30,5,25
109900025,15,68,-53
109900026,5,138,-133
109900027,47,68,-21
109900028,1135,1037,98
109900029,3,243,-240
109900030,50,9,41
109900031,1,298,-297
109900032,12,307,-295
109900033,3,496,-493
109900034,52,5,47
109900035,19,18,1
109900036,49,60,-11
109900037,36,354,-318
109900038,122,280,-158
109900039,15,1,14
109900040,44,428,-384
109900041,90,324,-234
109900042,71,1268,-1197
109900044,209,204,5
109900045,228,136,92
109900046,21,54,-33
109900047,346,285,61
109900048,6,105,-99
109900049,26,41,-15
109900050,2,109,-107
109900051,1,47,-46
109900052,112,265,-153
109900053,1,209,-208
109900054,843,248,595
109900055,73,264,-191
109900056,20,232,-212
109900057,5,114,-109
109900058,1,60,-59
109900059,883,128,755
109900060,543,90,453
109900061,108,265,-157
109900062,0,151,-151
109900063,28,491,-463
109900064,510,225,285
109900065,68,152,-84
109900066,313,677,-364
109900067,1,188,-187
109900068,97,14,83
109900069,5,41,-36
109900070,59,259,-200
109900071,4,33,-29
109900072,23,141,-118
109900073,588,398,190
109900074,7,33,-26
109900075,34,72,-38
109900076,7,123,-116
109900077,61,39,22
109900078,116,166,-50
109900080,110,295,-185
109900081,10,276,-266
109900082,46,295,-249
109900083,15,50,-35
109900084,80,151,-71
109900085,191,527,-336
109900086,166,515,-349
109900087,255,541,-286
109900089,798,230,568
109900090,430,877,-447
109900091,428,199,229
109900092,1646,86,1560
109900093,1148,158,990
109900094,88,94,-6
109900095,190,253,-63
109900096,49,9,40
109900097,119,3,116
109900098,385,53,332
109900099,229,5,224
109900100,46,1,45
109900101,505,13,492
109900102,581,35,546
109900103,32,48,-16
109900104,693,606,87
109900105,610,19,591
109900106,864,84,780
109900107,1185,137,1048
109900108,169,347,-178
109900109,38,178,-140
109900110,99,334,-235
109900111,280,754,-474
109900112,330,489,-159
109900113,1008,665,343
109900114,1081,1539,-458
109900115,214,118,96
109900117,1072,137,935
109900118,203,425,-222
109900119,517,433,84
109900120,111,30,81
109900121,387,533,-146
109900122,515,14,501
109900123,32,148,-116
109900124,67,364,-297
109900125,2,153,-151
109900126,261,83,178
109900128,319,44,275
109900130,5272,2400,2872
109900131,47,126,-79
109900132,54,147,-93
109900133,103,230,-127
109900134,87,116,-29
109900135,322,73,249
109900136,59,119,-60
109900137,236,305,-69
109900138,91,80,11
109900140,238,146,92
109900142,1409,310,1099
109900145,9,604,-595
109900146,478,53,425
109900148,45,86,-41
109900149,46,54,-8
109900150,10,103,-93
109900151,10,53,-43
109900152,1,48,-47
109900153,0,81,-81
109900154,132,2,130
109900155,78,24,54
109900157,70,199,-129
109900158,89,156,-67
109900159,108,36,72
109900160,163,45,118
109900161,212,63,149
109900162,212,101,111
109900163,686,332,354
109900164,125,215,-90
109900165,333,4,329
109900166,3,153,-150
109900167,174,436,-262
109900168,218,517,-299
109900169,237,163,74
109900170,209,1091,-882
109900171,221,119,102
109900172,223,278,-55
109900173,2435,2597,-162
109900174,61,162,-101
109900175,87,71,16
109900176,162,163,-1
109900177,54,164,-110
109900178,41,256,-215
109900179,92,21,71
109900180,12,16,-4
110000001,1014,549,465
110000002,636,825,-189
110000003,927,664,263
110000004,475,713,-238
110000005,433,2092,-1659
110000006,330,318,12
110000007,171,120,51
110000008,29,96,-67
110000009,34,23,11
110000010,38,59,-21
110000011,65,75,-10
110000012,691,340,351
110000013,56,590,-534
110000014,555,372,183
110000015,273,694,-421
110000016,260,1608,-1348
110000017,2543,240,2303
110000018,2456,447,2009
110000019,16,144,-128
110000020,808,228,580
110000021,561,566,-5
110000022,1227,253,974
110000023,21,188,-167
110000024,718,556,162
110000025,342,4,338
110000026,9,331,-322
110000027,821,1352,-531
110000028,1019,679,340
110000029,528,576,-48
110000030,265,379,-114
110000031,271,395,-124
110000032,788,381,407
110000033,270,220,50
110000034,498,573,-75
110000035,1068,514,554
110000036,1141,641,500
110000037,327,465,-138
110000038,338,598,-260
110000039,716,3467,-2751
110000040,315,361,-46
110000041,309,1491,-1182
110000042,72,555,-483
110000043,939,416,523
110000044,210,715,-505
110000045,1395,173,1222
110000046,5,41,-36
110000047,60,81,-21
110000048,8,60,-52
110000049,73,21,52
110000050,8,37,-29
110000051,38,19,19
110000052,50,24,26
110000053,127,10,117
110000054,324,567,-243
110000055,825,85,740
110000056,184,122,62
110000057,457,620,-163
110000058,1294,497,797
110000059,1090,513,577
110000060,904,1061,-157
110000061,892,733,159
110000062,766,847,-81
110000063,43,119,-76
110000064,84,62,22
110000065,73,66,7
110000066,58,38,20
110000067,128,159,-31
110000068,335,144,191
110000069,329,67,262
110000071,237,85,152
110000073,8,20,-12
110000075,50,76,-26
110000076,355,476,-121
110000077,452,1383,-931
110000078,32,42,-10
110000080,221,659,-438
110000081,69,226,-157
110000082,43,358,-315
110000083,233,522,-289
110000084,1378,878,500
110000085,1505,1573,-68
110000086,1417,2158,-741
110000087,14,49,-35
110000088,91,223,-132
110000089,260,115,145
110000090,124,225,-101
110000091,992,231,761
110000092,14,81,-67
110000093,52,12,40
110000094,562,265,297
110000095,313,582,-269
110000096,1853,1853,0
110000097,1044,1381,-337
110000098,2217,622,1595
110000099,773,1479,-706
110000100,998,386,612
110000101,24,257,-233
110000102,100,31,69
110000104,358,144,214
110000105,54,262,-208
110000106,736,369,367
110000107,215,360,-145
110000108,152,106,46
110000109,288,252,36
110000110,2672,4847,-2175
110000111,5607,3263,2344
110000112,1138,1486,-348
110000113,253,2380,-2127
110000114,231,592,-361
110000115,415,354,61
110000116,49,61,-12
110000117,293,303,-10
110000118,514,167,347
110000119,295,289,6
110000120,476,177,299
110000121,80,395,-315
110000122,502,664,-162
110000123,715,744,-29
110000124,2,771,-769
110000125,1032,8,1024
110000126,314,32,282
110000127,1173,100,1073
110000128,51,1274,-1223
110000129,6,514,-508
110000130,235,203,32
110000131,105,263,-158
110000132,3,637,-634
110000133,49,393,-344
110000134,39,365,-326
110000135,217,19,198
110000136,97,256,-159
110000137,602,601,1
110000138,929,619,310
110000139,926,926,0
110000140,936,710,226
110000143,585,390,195
110000144,4918,1960,2958
110000145,1928,1398,530
110000146,2335,910,1425
110000147,671,783,-112
110000148,573,237,336
110000151,1038,1416,-378
110000152,807,391,416
110000153,146,39,107
110000154,38,36,2
110000155,1594,4053,-2459
110000156,966,2556,-1590
110000157,1975,2489,-514
110000160,522,287,235
110000161,271,261,10
110000166,688,133,555
110000167,1036,509,527
110000168,1047,535,512
110000169,990,319,671
110000170,133,81,52
110000171,632,147,485
110000172,190,710,-520
110000173,883,974,-91
110000174,151,799,-648
110000175,841,75,766
110000176,95,386,-291
110000177,275,945,-670
110000178,419,1650,-1231
110000179,1306,387,919
110000180,223,268,-45
110000181,548,372,176
110000182,332,136,196
110000183,8275,8104,171
110000184,367,2711,-2344
110000185,1468,943,525
110000186,877,660,217
110000191,1196,280,916
110000192,684,17,667
110000193,1218,4,1214
110000194,14,944,-930
110000195,545,230,315
110000196,424,281,143
110000197,139,159,-20
110000198,141,66,75
110000199,135,141,-6
110000200,885,490,395
110000201,917,1136,-219
110000202,1491,611,880
110000203,635,631,4
110000204,2,196,-194
110000205,184,63,121
110000206,636,1171,-535
110000207,1276,478,798
110000208,321,286,35
110000209,165,1699,-1534
110000210,1483,484,999
110000211,1031,1202,-171
110000212,543,1101,-558
110000213,295,77,218
110000214,312,77,235
110000215,171,341,-170
110000216,121,260,-139
110000217,350,167,183
110000218,213,265,-52
110000219,374,64,310
110000220,66,242,-176
110000221,386,74,312
110000222,77,213,-136
110000223,4,221,-217
110000224,48,8,40
110000225,244,666,-422
110000226,229,56,173
110000227,937,890,47
110000228,294,161,133
110000229,2,186,-184
110000230,722,879,-157
110000231,155,184,-29
110000232,226,302,-76
110000233,213,290,-77
110000234,1120,2022,-902
110000235,1202,1230,-28
110000236,642,712,-70
110000237,2501,1763,738
110000238,1163,1338,-175
110000239,1917,1159,758
110000240,0,88,-88
110000242,0,30,-30
110000243,106,110,-4
110000244,159,774,-615
110000245,30,472,-442
110000246,935,524,411
110000247,1254,4827,-3573
110000248,2132,1769,363
110000249,67,16,51
110000250,68,174,-106
110000251,377,477,-100
110000252,217,181,36
110000253,1271,547,724
110000254,625,1120,-495
110000255,253,949,-696
110000256,497,299,198
110000257,622,413,209
110000258,5,566,-561
110000259,182,29,153
110000260,21,225,-204
110000263,705,136,569
110000264,330,451,-121
110000265,1435,2159,-724
110000266,2218,3233,-1015
110000267,30,197,-167
110000268,329,499,-170
110000269,9,71,-62
110000270,104,8,96
110000271,1411,357,1054
110000272,1431,1132,299
110000273,3380,1857,1523
110000274,225,1797,-1572
110000275,2100,621,1479
110000276,262,407,-145
110000277,335,374,-39
110000278,414,753,-339
110000279,948,756,192
110000280,515,482,33
110000281,91,402,-311
110000282,347,27,320
110000283,72,152,-80
110000284,47,60,-13
110000285,7,778,-771
110000286,39,1,38
110000287,75,4,71
110000288,2,96,-94
110000289,532,1927,-1395
110000290,773,553,220
110000291,4585,1252,3333
110000292,1494,4787,-3293
110000293,649,630,19
110000294,1139,1120,19
110000295,214,865,-651
110000296,565,330,235
110000297,2534,328,2206
110000298,207,447,-240
110000299,228,140,88
110000301,388,33,355
110000302,419,663,-244
110000303,576,10,566
110000304,223,170,53
110000305,1347,30,1317
110000306,197,937,-740
110000307,1670,8,1662
110000308,694,4,690
110000309,11,672,-661
110000310,800,50,750
110000311,27,613,-586
110000312,493,129,364
110000313,2844,3099,-255
110000314,3,220,-217
110000315,2882,3177,-295
110000316,481,1377,-896
110000317,426,1301,-875
110000318,4,57,-53
110000319,9,60,-51
110000320,62,66,-4
110000321,25,63,-38
110000322,349,405,-56
110000323,538,260,278
110000324,3025,1698,1327
110000325,2595,2942,-347
110000327,570,387,183
110000328,200,487,-287
110000333,1060,836,224
110000334,756,1416,-660
110000335,874,538,336
110000336,780,1032,-252
110000337,1617,644,973
110000338,467,219,248
110000339,348,241,107
110000340,76,205,-129
110000341,505,418,87
110000342,548,2,546
110000343,0,15,-15
110000344,455,228,227
110000345,373,267,106
110000346,2475,2050,425
110000347,1258,814,444
110000348,14,12,2
110000349,12,22,-10
110000350,42,10,32
110000351,1261,762,499
110000352,709,1427,-718
110000353,3339,660,2679
110000354,1188,3318,-2130
110000355,121,94,27
110000356,1376,14,1362
110000357,604,25,579
110000361,47,38,9
110000362,72,80,-8
110000363,543,90,453
110000364,281,367,-86
110000365,206,2,204
110000366,2,108,-106
110000367,489,235,254
110000368,9,59,-50
110000369,68,1,67
110000373,1,283,-282
110000374,146,6,140
110000375,139,802,-663
110000376,59,158,-99
110000377,112,582,-470
110000378,22,341,-319
110000379,2976,2139,837
110000380,81,17,64
110000383,2,1290,-1288
110000384,1825,1203,622
110000385,1,235,-234
110000387,110,12,98
110000388,65,209,-144
110000389,920,16,904
110000391,798,265,533
110000396,191,150,41
110000397,140,120,20
110000398,4,44,-40
110000399,135,1,134
110000587,124,81,43
110000589,212,123,89
110000640,137,54,83
110000652,23,354,-331
110000653,299,423,-124
110000654,102,420,-318
110000656,3,456,-453
110000674,48,13,35
110000675,23,48,-25
110000676,3,54,-51
110000679,287,1328,-1041
110000682,122,202,-80
110000683,348,534,-186
110000684,6,82,-76
110000685,10,23,-13
110000686,4,44,-40
110000687,102,8,94
110000688,60,1074,-1014
110000689,23,44,-21
110000692,43,250,-207
110000693,95,460,-365
110000694,0,122,-122
110000695,176,761,-585
110000696,71,73,-2
110900001,386,28,358
110900002,344,210,134
110900003,978,531,447
110900004,537,154,383
110900005,2159,2637,-478
110900006,60,36,24
110900007,191,43,148
110900008,9,36,-27
110900009,509,155,354
110900010,7,79,-72
110900011,54,76,-22
110900012,27,103,-76
110900013,1124,133,991
110900014,285,24,261
110900015,500,614,-114
110900016,74,109,-35
110900017,481,34,447
110900018,521,78,443
110900019,233,23,210
110900020,151,208,-57
110900021,121,404,-283
110900022,87,257,-170
110900023,203,707,-504
110900024,31,294,-263
110900025,29,68,-39
110900027,56,240,-184
110900028,55,141,-86
110900029,22,273,-251
110900030,77,187,-110
110900031,10,138,-128
110900032,0,64,-64
110900033,59,194,-135
110900035,30,434,-404
110900036,102,29,73
110900037,84,21,63
110900038,1061,154,907
110900039,17,276,-259
110900040,220,51,169
110900041,35,83,-48
110900042,189,41,148
110900043,4,95,-91
110900044,221,22,199
110900045,58,282,-224
110900046,48,198,-150
110900047,501,409,92
110900049,123,113,10
110900050,33,1,32
110900051,35,202,-167
110900052,2,142,-140
110900053,157,42,115
110900054,42,186,-144
110900055,64,4,60
110900056,56,106,-50
110900057,25,139,-114
110900058,315,257,58
110900059,505,473,32
110900060,480,128,352
110900061,20,52,-32
110900062,171,210,-39
110900063,45,170,-125
110900064,12,0,12
110900065,310,148,162
110900066,9,86,-77
110900067,371,626,-255
110900068,254,212,42
110900069,10,16,-6
110900070,116,58,58
110900071,240,741,-501
110900073,0,24,-24
110900074,428,133,295
110900075,433,67,366
110900077,945,607,338
110900078,69,70,-1
110900079,1697,1803,-106
110900080,168,98,70
110900081,16,43,-27
110900082,161,90,71
110900083,116,85,31
110900084,56,79,-23
110900085,105,216,-111
110900086,96,364,-268
110900087,324,61,263
110900088,5,2,3
110900090,56,66,-10
110900091,0,67,-67
110900093,264,115,149
110900095,84,78,6
110900097,17,14,3
110900098,65,61,4
110900099,136,397,-261
110900100,1,35,-34
110900102,52,16,36
110900105,1942,259,1683
110900108,27,61,-34
110900111,576,209,367
110900112,848,15,833
110900113,426,74,352
110900115,50,63,-13
110900116,762,1372,-610
110900118,172,3372,-3200
110900119,2991,298,2693
110900120,25,40,-15
110900121,148,1,147
110900122,569,228,341
110900125,494,546,-52
110900127,543,1504,-961
110900128,257,282,-25
110900129,399,1017,-618
110900130,919,676,243
110900131,312,44,268
110900132,421,102,319
110900133,68,140,-72
110900135,77,317,-240
110900136,333,19,314
110900137,64,2,62
110900138,1234,1185,49
110900139,28,330,-302
110900140,62,9,53
110900141,8,328,-320
110900142,72,145,-73
110900143,288,102,186
110900144,0,582,-582
110900145,177,60,117
110900146,386,236,150
110900147,90,554,-464
110900148,1,267,-266
110900149,3,76,-73
110900150,109,37,72
110900151,12,138,-126
110900152,35,240,-205
110900153,180,38,142
111000001,659,376,283
111000002,492,442,50
111000003,1185,652,533
111000004,339,794,-455
111000005,1282,1049,233
111000006,813,1511,-698
111000007,4746,2836,1910
111000008,1897,3097,-1200
111000009,411,795,-384
111000010,880,301,579
111000011,331,1257,-926
111000012,581,428,153
111000013,403,1144,-741
111000014,1270,508,762
111000017,125,935,-810
111000018,204,354,-150
111000020,863,2257,-1394
111000021,97,98,-1
111000023,102,118,-16
111000025,3905,3813,92
111000029,123,96,27
111000030,32,133,-101
111000031,2241,1395,846
111000032,519,367,152
111000033,328,352,-24
111000034,153,279,-126
111000037,1194,717,477
111000038,3403,2340,1063
111000039,1942,1945,-3
111000040,1652,1924,-272
111000041,1516,1566,-50
111000042,2551,2156,395
111000043,2239,3377,-1138
111000044,2192,1156,1036
111000045,2635,2443,192
111000046,1818,2057,-239
111000047,3014,4499,-1485
111000049,491,495,-4
111000050,1384,1219,165
111000051,613,881,-268
111000052,560,1390,-830
111000053,346,854,-508
111000054,404,612,-208
111000055,937,1365,-428
111000056,148,386,-238
111000057,114,432,-318
111000058,458,75,383
111000059,525,334,191
111000060,4305,958,3347
111000061,741,339,402
111000062,1009,353,656
111000063,1814,1045,769
111000064,804,565,239
111000065,1257,899,358
111000066,579,433,146
111000067,643,543,100
111000068,682,975,-293
111000069,1852,1886,-34
111000070,1093,936,157
111000071,243,503,-260
111000072,1363,522,841
111000073,355,892,-537
111000074,1637,1767,-130
111000075,1130,666,464
111000076,594,731,-137
111000077,1840,1680,160
111000078,3074,1478,1596
111000079,1316,712,604
111000080,547,645,-98
111000081,1511,4470,-2959
111000082,848,570,278
111000084,837,535,302
111000085,993,981,12
111000086,2783,780,2003
111000087,750,570,180
111000088,6240,2657,3583
111000089,776,746,30
111000090,793,1280,-487
111000091,843,438,405
111000092,1554,783,771
111000093,831,1069,-238
111000094,1810,1073,737
111000095,672,2145,-1473
111000096,1792,7750,-5958
111000097,4288,1607,2681
111000098,866,1070,-204
111000099,735,1561,-826
111000100,451,1206,-755
111000101,487,942,-455
111000102,259,689,-430
111000104,743,192,551
111000107,135,762,-627
111000109,863,240,623
111000110,1709,728,981
111000111,2586,566,2020
111000112,2168,626,1542
111000113,1034,1637,-603
111000114,1898,3355,-1457
111000115,5051,1322,3729
111000116,854,819,35
111000117,389,890,-501
111000118,1277,814,463
111000119,1139,927,212
111000120,491,615,-124
111000121,387,668,-281
111000122,598,1015,-417
111000123,1120,2257,-1137
111000124,405,2082,-1677
111000125,285,1188,-903
111000126,93,728,-635
111000127,1027,182,845
111000128,2257,309,1948
111000129,3055,521,2534
111000130,2632,701,1931
111000131,2032,559,1473
111000132,1872,891,981
111000133,248,143,105
111000134,187,110,77
111000135,64,163,-99
111000136,330,343,-13
111000138,15,7,8
111000140,3,10,-7
111000141,186,376,-190
111000142,14,145,-131
111000143,5,177,-172
111000144,28,676,-648
111000145,840,13,827
111000146,144,20,124
111000147,228,23,205
111000148,154,81,73
111000149,4,31,-27
111000150,22,8,14
111000151,2,31,-29
111000153,603,776,-173
111000154,748,197,551
111000155,131,189,-58
111000156,481,711,-230
111000157,277,1203,-926
111000158,998,830,168
111000159,2961,838,2123
111000160,469,313,156
111000161,22,290,-268
111000162,85,126,-41
111000163,740,820,-80
111000164,650,3497,-2847
111000165,946,503,443
111000166,1835,431,1404
111000167,211,364,-153
111000168,247,434,-187
111000169,319,650,-331
111000170,485,456,29
111000171,471,595,-124
111000172,171,393,-222
111000173,359,690,-331
111000174,267,272,-5
111000175,58,488,-430
111000176,427,102,325
111000177,360,206,154
111000178,1332,265,1067
111000179,193,136,57
111000180,296,536,-240
111000181,1540,266,1274
111000182,261,214,47
111000183,324,321,3
111000184,381,219,162
111000185,385,366,19
111000186,324,228,96
111000187,158,169,-11
111000188,317,295,22
111000189,900,532,368
111000190,264,291,-27
111000191,203,236,-33
111000192,208,482,-274
111000193,344,237,107
111000194,46,264,-218
111000195,154,303,-149
111000196,73,170,-97
111000197,518,122,396
111000198,682,99,583
111000199,205,160,45
111000200,466,364,102
111000201,720,223,497
111000202,407,196,211
111000203,387,224,163
111000204,397,1322,-925
111000213,226,407,-181
111000214,1536,1206,330
111000215,1171,1076,95
111000217,1661,915,746
111000218,1373,1059,314
111000219,470,199,271
111000220,1312,810,502
111000221,464,127,337
111000224,6,216,-210
111000225,370,386,-16
111000226,112,5,107
111000227,39,11,28
111000228,27,408,-381
111000229,75,916,-841
111000230,278,299,-21
111000231,1022,575,447
111000232,775,835,-60
111000233,990,567,423
111000234,154,422,-268
111000239,94,153,-59
111000240,78,212,-134
111000241,54,267,-213
111000242,248,76,172
111000243,153,519,-366
111000244,749,76,673
111000245,1102,319,783
111000246,680,310,370
111000247,424,701,-277
111000248,806,354,452
111000249,431,550,-119
111000250,42,108,-66
111000251,46,129,-83
111000253,13,27,-14
111000255,75,15,60
111000257,45,28,17
111000260,83,991,-908
111000261,1292,96,1196
111000271,66,276,-210
111000273,3191,1237,1954
111000274,1341,2414,-1073
111000275,183,48,135
111000276,226,1420,-1194
111000277,183,324,-141
111000278,667,199,468
111000291,743,6360,-5617
111000298,499,227,272
111000299,796,140,656
111000300,124,495,-371
111000302,340,64,276
111000303,99,131,-32
111000312,52,72,-20
111000315,0,87,-87
111000320,274,639,-365
111000321,513,172,341
111000322,432,390,42
111000323,320,28,292
111000324,421,197,224
111000325,51,49,2
111000326,195,245,-50
111000327,449,355,94
111000328,333,495,-162
111000329,2,25,-23
111000330,63,11,52
111000331,14,6,8
111000332,659,1227,-568
111000334,327,1230,-903
111000335,898,261,637
111000337,1487,416,1071
111000338,107,110,-3
111000339,714,281,433
111000340,110,479,-369
111000341,1347,628,719
111000342,242,1026,-784
111000344,1039,672,367
111000345,189,73,116
111000346,29,140,-111
111000347,136,27,109
111000350,192,140,52
111000351,105,356,-251
111000352,258,150,108
111000353,183,289,-106
111000354,573,139,434
111000355,275,685,-410
111000358,157,851,-694
111000360,215,466,-251
111000361,175,185,-10
111000546,920,598,322
111000547,473,404,69
111000548,150,356,-206
111000549,370,260,110
111000550,52,960,-908
111000551,699,183,516
111000552,1458,198,1260
111000907,479,76,403
111000908,38,1,37
111000916,1715,285,1430
111000917,26,328,-302
111000918,298,638,-340
111000920,586,30,556
111000921,6,156,-150
111000922,561,234,327
111000924,80,587,-507
111000925,2892,1759,1133
111000926,1002,1313,-311
111000927,2796,4031,-1235
111000928,3939,2471,1468
111000929,1390,1128,262
111000930,732,1859,-1127
111000931,2231,2495,-264
111000932,3875,1911,1964
111000933,3770,2578,1192
111000934,1817,3109,-1292
111000935,1881,918,963
111000936,1129,1799,-670
111000937,1184,1320,-136
111000938,1325,1302,23
111000939,695,58,637
111000940,615,130,485
111000941,427,446,-19
111000943,530,262,268
111000944,209,251,-42
111000945,145,1036,-891
111001109,573,494,79
111001110,146,437,-291
111001111,98,9,89
111001112,109,5,104
111001113,0,146,-146
111001114,745,170,575
111001115,36,614,-578
111001116,4105,3674,431
111001117,521,2537,-2016
111001120,122,333,-211
111001121,211,190,21
111001122,225,373,-148
111001123,299,75,224
111001124,102,116,-14
111900001,30,142,-112
111900002,12,565,-553
111900003,4,280,-276
111900004,46,134,-88
111900006,20,59,-39
111900007,151,6,145
111900008,303,7,296
111900009,235,155,80
111900010,345,404,-59
111900012,90,95,-5
111900013,13,57,-44
111900014,4102,4595,-493
111900015,0,47,-47
111900016,0,79,-79
111900017,0,91,-91
111900018,219,7,212
111900019,6,160,-154
111900020,7,63,-56
111900021,50,113,-63
111900022,22,77,-55
111900023,134,87,47
111900024,1,86,-85
111900025,0,42,-42
111900026,1,51,-50
111900027,4,101,-97
111900028,3,271,-268
111900029,9,63,-54
111900030,41,372,-331
111900031,23,27,-4
111900032,0,224,-224
111900033,11,82,-71
111900034,204,411,-207
111900035,71,186,-115
111900036,1,172,-171
111900038,260,481,-221
111900039,54,356,-302
111900040,3,389,-386
111900042,47,103,-56
111900043,3,273,-270
111900044,287,174,113
111900046,48,171,-123
111900048,338,486,-148
111900049,28,190,-162
111900050,129,44,85
111900051,4,299,-295
111900052,350,393,-43
111900053,1023,1934,-911
111900054,205,11,194
111900055,18,308,-290
111900056,157,336,-179
111900057,199,32,167
111900058,481,484,-3
111900059,1424,724,700
111900060,452,6,446
111900061,10,164,-154
111900062,36,76,-40
111900063,413,232,181
111900064,107,176,-69
111900065,107,38,69
111900066,184,225,-41
111900067,3,268,-265
111900068,57,41,16
111900069,89,35,54
111900070,190,104,86
111900071,0,209,-209
111900072,62,35,27
111900073,1014,157,857
111900074,26,199,-173
111900075,121,13,108
111900076,200,65,135
111900077,65,6,59
111900078,390,21,369
111900079,51,53,-2
111900080,302,283,19
111900081,266,103,163
111900082,125,25,100
111900083,196,8,188
111900084,104,6,98
111900085,61,111,-50
111900086,71,12,59
111900087,80,2,78
111900088,599,13,586
111900089,110,5,105
111900090,51,41,10
111900091,334,6,328
111900092,145,3,142
111900093,441,12,429
111900094,132,0,132
111900095,309,42,267
111900096,252,1,251
111900097,77,0,77
111900098,290,3,287
111900099,66,0,66
111900100,131,5,126
111900101,154,36,118
111900102,720,478,242
111900103,92,158,-66
111900104,264,153,111
111900105,316,239,77
111900106,903,64,839
111900107,64,48,16
111900108,82,114,-32
111900109,248,256,-8
111900110,1549,534,1015
111900111,266,123,143
111900112,508,3296,-2788
111900113,281,109,172
111900114,91,73,18
111900115,5,9,-4
111900118,336,81,255
111900119,412,166,246
111900122,163,88,75
111900123,28,33,-5
111900124,62,99,-37
111900125,586,48,538
111900126,324,16,308
111900127,0,535,-535
111900128,5,411,-406
111900129,407,5,402
111900130,214,49,165
111900131,572,11,561
111900132,26,782,-756
111900133,6,250,-244
111900134,13,216,-203
111900135,30,46,-16
111900136,83,185,-102
111900137,81,82,-1
111900138,27,94,-67
111900139,26,124,-98
111900140,173,33,140
111900141,81,5,76
111900142,119,39,80
111900143,75,188,-113
111900144,2,114,-112
111900145,1,313,-312
111900146,2,204,-202
111900147,160,370,-210
111900148,30,465,-435
111900149,6,218,-212
111900150,19,145,-126
111900151,18,23,-5
111900152,83,89,-6
111900153,1067,618,449
111900154,28,364,-336
111900155,65,85,-20
111900156,82,73,9
111900157,138,20,118
111900158,574,91,483
111900159,357,25,332
111900160,354,1,353
111900161,171,4,167
111900162,92,135,-43
111900163,72,161,-89
111900164,136,67,69
111901113,598,122,476
111901114,255,207,48
111901115,78,6,72
111901116,54,5,49
111901117,43,43,0
111901118,52,287,-235
111901119,569,52,517
111901120,61,67,-6
111901121,189,171,18
111901122,1,398,-397
111901123,282,302,-20
111901124,276,4,272
111901125,398,173,225
111901126,74,47,27
111901127,553,707,-154
111901128,12,90,-78
111901129,11,174,-163
111901130,18,180,-162
111901131,6,249,-243
111901132,87,20,67
111901133,44,3,41
111901134,156,5,151
111901135,44,22,22
111901136,70,83,-13
111901137,2,48,-46
111901138,226,46,180
111901139,30,30,0
111901140,5,88,-83
111901141,6,143,-137
111901142,9,87,-78
111901143,0,151,-151
111901144,60,52,8
111901145,271,354,-83
111901146,388,29,359
112000001,2019,686,1333
112000002,696,1919,-1223
112000003,1843,1013,830
112000004,652,768,-116
112000005,3757,3872,-115
112000006,1875,1456,419
112000007,3995,2480,1515
112000008,2793,3765,-972
112000009,2907,2253,654
112000010,3580,4101,-521
112000011,1538,1435,103
112000012,5437,6175,-738
112000013,3526,3506,20
112000014,2341,3445,-1104
112000015,2512,4006,-1494
112000016,5851,3027,2824
112000017,2812,4561,-1749
112000024,2261,811,1450
112000026,2684,3197,-513
112000027,863,669,194
112000028,1067,1395,-328
112000029,731,894,-163
112000030,139,96,43
112000031,1617,5750,-4133
112000032,264,68,196
112000033,2131,3018,-887
112000034,155,74,81
112000035,111,787,-676
112000036,893,1609,-716
112000037,1245,1249,-4
112000038,1463,1701,-238
112000039,106,87,19
112000040,75,216,-141
112000041,487,388,99
112000042,1016,503,513
112000050,1340,1597,-257
112000051,1153,1751,-598
112000054,1629,1719,-90
112000057,852,489,363
112000058,417,664,-247
112000059,672,840,-168
112000061,2804,1842,962
112000062,1540,1232,308
112000063,1049,1891,-842
112000064,3765,4825,-1060
112000065,1705,2173,-468
112000066,3829,1553,2276
112000067,667,758,-91
112000068,3538,2719,819
112000069,628,1662,-1034
112000070,2220,997,1223
112000071,1196,2342,-1146
112000072,2858,969,1889
112000073,1997,2337,-340
112000074,1872,1188,684
112000075,1369,1346,23
112000076,3494,2731,763
112000077,651,525,126
112000078,2009,717,1292
112000079,1589,1360,229
112000080,962,896,66
112000081,1399,2348,-949
112000082,1675,913,762
112000083,617,1088,-471
112000084,1511,795,716
112000085,1442,916,526
112000086,2039,1109,930
112000087,539,443,96
112000088,886,446,440
112000089,445,366,79
112000090,424,379,45
112000091,737,820,-83
112000092,2205,1062,1143
112000093,1513,770,743
112000094,748,893,-145
112000095,757,767,-10
112000096,696,569,127
112000097,1300,827,473
112000098,965,897,68
112000099,933,2020,-1087
112000100,2135,833,1302
112000101,639,749,-110
112000102,1498,496,1002
112000103,372,814,-442
112000105,430,1006,-576
112000106,1959,397,1562
112000107,18,233,-215
112000108,276,1516,-1240
112000109,58,66,-8
112000110,2056,575,1481
112000111,1286,5892,-4606
112000112,6136,813,5323
112000113,1190,1823,-633
112000114,3040,1117,1923
112000115,356,443,-87
112000116,839,1068,-229
112000117,1145,821,324
112000118,908,769,139
112000119,424,607,-183
112000120,97,276,-179
112000121,149,347,-198
112000122,346,144,202
112000123,920,150,770
112000124,467,92,375
112000125,272,321,-49
112000126,323,332,-9
112000127,2544,2795,-251
112000128,959,926,33
112000129,114,88,26
112000130,259,89,170
112000131,35,248,-213
112000132,177,256,-79
112000133,419,166,253
112000134,518,328,190
112000135,1421,821,600
112000136,1047,1771,-724
112000137,2261,3882,-1621
112000138,2086,2351,-265
112000139,1062,734,328
112000140,846,1133,-287
112000141,1052,415,637
112000142,160,536,-376
112000143,1214,245,969
112000144,294,885,-591
112000145,2819,552,2267
112000146,543,1333,-790
112000147,2918,1901,1017
112000148,1570,2017,-447
112000149,594,570,24
112000150,287,538,-251
112000151,409,333,76
112000152,457,350,107
112000153,186,267,-81
112000154,132,281,-149
112000155,141,158,-17
112000157,781,654,127
112000158,403,359,44
112000159,591,345,246
112000167,518,101,417
112000169,278,495,-217
112000173,856,263,593
112000175,469,383,86
112000176,2504,1974,530
112000177,815,249,566
112000178,83,300,-217
112000179,303,92,211
112000180,272,332,-60
112000181,1470,1612,-142
112000182,1648,1328,320
112000183,18,46,-28
112000184,456,339,117
112000185,659,366,293
112000187,4318,2879,1439
112000195,195,33,162
112000196,265,4,261
112000197,277,265,12
112000198,38,330,-292
112000199,1091,767,324
112000202,507,1,506
112000216,94,221,-127
112000230,120,5,115
112000231,2,203,-201
112000256,65,264,-199
112000313,59,126,-67
112000314,76,47,29
112000337,498,617,-119
112000352,356,419,-63
112000392,1626,1313,313
112000398,1582,907,675
112000399,1582,2574,-992
112000400,1785,2439,-654
112000401,2397,1991,406
112000402,3946,4160,-214
112000403,1711,3546,-1835
112000404,980,1130,-150
112000405,2201,3051,-850
112000406,2764,1938,826
112000407,8367,8712,-345
112000408,7127,4970,2157
112000409,1600,3374,-1774
112000410,547,467,80
112000411,3479,2097,1382
112000412,1554,640,914
112000413,6922,6815,107
112000414,116,62,54
112000415,108,62,46
112000416,3075,1414,1661
112000417,318,102,216
112000421,61,114,-53
112000422,354,287,67
112000424,1861,2941,-1080
112000425,482,664,-182
112000426,193,307,-114
112000427,1,14,-13
112000428,248,304,-56
112000429,2305,2487,-182
112000430,2567,3026,-459
112000431,74,189,-115
112000432,611,978,-367
112000433,441,935,-494
112000437,97,159,-62
112900001,121,2,119
112900002,581,731,-150
112900003,127,322,-195
112900004,56,259,-203
112900005,244,191,53
112900006,16,270,-254
112900007,57,194,-137
112900008,0,48,-48
112900009,458,157,301
112900010,476,755,-279
112900011,133,223,-90
112900012,3,67,-64
112900013,14,347,-333
112900014,8,299,-291
112900015,426,626,-200
112900016,7,214,-207
112900017,59,249,-190
112900018,1,178,-177
112900019,35,180,-145
112900020,394,944,-550
112900021,6,194,-188
112900022,16,57,-41
112900023,0,131,-131
112900024,15,218,-203
112900025,138,324,-186
112900026,4,170,-166
112900027,6,833,-827
112900028,30,135,-105
112900029,29,509,-480
112900030,99,120,-21
112900031,2,339,-337
112900032,224,267,-43
112900034,6,54,-48
112900035,3,348,-345
112900036,82,155,-73
112900037,195,251,-56
112900038,703,156,547
112900039,13,276,-263
112900040,10,851,-841
112900041,751,1251,-500
112900042,106,309,-203
112900043,54,99,-45
112900044,469,484,-15
112900045,270,347,-77
112900046,179,66,113
112900047,9,35,-26
112900049,225,97,128
112900050,43,569,-526
112900051,305,528,-223
112900052,3,605,-602
112900053,278,223,55
112900054,236,54,182
112900055,182,54,128
112900056,456,288,168
112900057,34,451,-417
112900058,346,361,-15
112900059,138,185,-47
112900060,51,172,-121
112900061,95,129,-34
112900062,92,129,-37
112900063,129,18,111
112900064,197,181,16
112900065,51,33,18
112900066,387,220,167
112900067,334,146,188
112900068,76,53,23
112900069,2015,992,1023
112900071,56,7,49
112900072,197,2219,-2022
112900073,622,150,472
112900074,105,291,-186
112900075,1172,1144,28
112900076,82,66,16
112900078,367,440,-73
112900079,297,33,264
112900080,85,11,74
112900081,46,242,-196
112900082,648,23,625
112900083,131,147,-16
112900084,292,148,144
112900085,0,1,-1
112900086,94,1,93
112900087,929,151,778
112900088,230,75,155
112900089,1069,42,1027
112900090,78,47,31
112900091,370,8,362
112900092,188,386,-198
112900093,1698,27,1671
112900094,22,0,22
112900095,79,1,78
112900096,559,193,366
112900097,82,384,-302
112900098,307,7,300
112900099,936,28,908
112900100,73,3,70
112900101,442,3,439
112900102,285,13,272
112900103,195,9,186
112900104,134,2,132
112900105,32,0,32
112900106,459,162,297
112900107,11,0,11
112900108,44,3,41
112900109,135,1,134
112900110,1450,22,1428
112900111,681,7,674
112900112,402,1,401
112900113,1,13,-12
112900114,181,37,144
112900115,1597,2,1595
112900116,176,32,144
112900117,111,71,40
112900118,36,75,-39
112900119,202,7,195
112900120,817,354,463
112900121,80,172,-92
112900122,12,112,-100
112900123,134,8,126
112900124,36,90,-54
112900125,91,657,-566
112900126,201,247,-46
112900127,389,128,261
112900128,234,714,-480
112900129,4,677,-673
112900130,268,80,188
112900131,56,502,-446
112900132,96,469,-373
112900133,34,1534,-1500
112900134,1,342,-341
112900135,112,67,45
112900136,1,8,-7
112900137,3,474,-471
112900138,4,268,-264
112900139,246,992,-746
112900140,0,52,-52
112900141,903,52,851
112900142,129,206,-77
112900143,28,410,-382
112900144,0,227,-227
112900145,23,399,-376
112900146,9,902,-893
112900147,7,1237,-1230
112900148,88,2,86
112900149,266,555,-289
112900151,25,74,-49
112900152,4180,824,3356
112900153,1737,2767,-1030
112900154,0,113,-113
112900155,243,50,193
112900156,360,902,-542
112900157,487,45,442
112900158,109,24,85
112900159,246,149,97
112900160,87,303,-216
112900161,122,66,56
112900162,40,27,13
112900163,123,60,63
112900164,31,215,-184
112900165,205,50,155
112900166,33,94,-61
112900167,10,79,-69
112900168,2,3,-1
112900169,6,21,-15
112900170,212,143,69
112900172,46,22,24
112900173,196,88,108
112900174,228,51,177
112900175,173,171,2
112900176,10,79,-69
112900177,279,62,217
112900178,803,3058,-2255
112900179,37,604,-567
112900180,2518,1799,719
112900181,748,8,740
112900182,68,812,-744
112900183,185,374,-189
112900184,441,557,-116
112900185,398,811,-413
112900186,1527,1338,189
112900187,94,704,-610
112900188,600,1264,-664
112900189,14,26,-12
112900190,10,74,-64
112900192,798,779,19
112900193,1594,372,1222
112900194,79,68,11
112900195,1227,65,1162
112900196,269,389,-120
112900197,222,434,-212
112900199,803,441,362
112900200,605,199,406
112900201,151,102,49
112900202,432,757,-325
112900203,287,230,57
112900204,969,590,379
112900205,15,11,4
112900206,56,119,-63
112900207,16,0,16
112900208,104,364,-260
112900209,465,309,156
112900210,0,23,-23
112900211,104,74,30
112900212,1,96,-95
112900213,63,16,47
112900214,25,22,3
112900215,9,158,-149
112900216,25,62,-37
112900217,1,45,-44
112900218,148,14,134
112900219,68,0,68
112900220,9,0,9
112900221,115,92,23
112900222,5,48,-43
112900223,1229,27,1202
112900224,455,382,73
112900225,514,317,197
112900226,427,362,65
112900227,869,792,77
112900228,72,34,38
112900229,310,61,249
112900230,7496,4605,2891
112900232,447,340,107
112900233,44,136,-92
112900234,28,70,-42
112900235,124,26,98
112900236,402,9,393
112900237,203,131,72
112900238,8,23,-15
112900239,507,485,22
113000001,6707,4369,2338
113000002,4223,3532,691
113000003,2096,1507,589
113000004,1711,2330,-619
113000005,2218,1055,1163
113000006,1238,1396,-158
113000007,2643,1158,1485
113000008,1781,1720,61
113000009,1378,813,565
113000010,1158,1374,-216
113000011,969,1651,-682
113000012,2142,735,1407
113000013,1424,819,605
113000014,1533,2070,-537
113000015,400,385,15
113000016,450,1190,-740
113000017,101,379,-278
113000018,450,69,381
113000019,246,321,-75
113000020,399,80,319
113000021,1088,505,583
113000022,707,1160,-453
113000025,164,653,-489
113000026,525,612,-87
113000027,668,747,-79
113000028,985,825,160
113000029,1130,789,341
113000030,374,606,-232
113000031,253,304,-51
113000032,320,321,-1
113000033,365,530,-165
113000034,353,325,28
113000035,41,48,-7
113000036,33,102,-69
113000037,74,55,19
113000038,22,79,-57
113000039,142,316,-174
113000040,69,72,-3
113000042,841,567,274
113000051,963,2256,-1293
113000052,2226,729,1497
113000053,588,449,139
113000054,418,666,-248
113000055,1257,560,697
113000056,1264,860,404
113000058,761,794,-33
113000059,1231,665,566
113000060,289,571,-282
113000061,629,859,-230
113000062,730,276,454
113000063,242,65,177
113000064,62,234,-172
113000065,129,634,-505
113000066,832,101,731
113000067,2404,1097,1307
113000068,321,899,-578
113000069,510,931,-421
113000070,2692,938,1754
113000071,497,528,-31
113000072,907,506,401
113000073,371,1242,-871
113000074,1042,399,643
113000075,1779,664,1115
113000076,534,2109,-1575
113000077,1290,861,429
113000078,800,2469,-1669
113000079,1333,1124,209
113000080,872,1206,-334
113000081,1313,1389,-76
113000082,1645,1385,260
113000083,627,973,-346
113000084,1751,1424,327
113000085,944,787,157
113000086,1262,1159,103
113000087,963,1032,-69
113000088,2457,1356,1101
113000089,1052,1637,-585
113000090,392,658,-266
113000091,500,412,88
113000094,1392,212,1180
113000095,259,734,-475
113000096,156,817,-661
113000097,1143,437,706
113000098,185,32,153
113000099,1258,420,838
113000100,117,394,-277
113000101,378,605,-227
113000102,717,501,216
113000103,1843,454,1389
113000104,629,2023,-1394
113000105,919,550,369
113000106,325,466,-141
113000107,1055,738,317
113000108,766,1032,-266
113000109,617,1703,-1086
113000110,1873,585,1288
113000111,124,606,-482
113000112,331,364,-33
113000113,1659,369,1290
113000114,378,1498,-1120
113000116,941,345,596
113000117,1671,145,1526
113000118,133,780,-647
113000119,469,586,-117
113000120,93,321,-228
113000121,1131,1887,-756
113000124,245,139,106
113000125,110,862,-752
113000127,2008,336,1672
113000128,713,646,67
113000129,648,873,-225
113000133,2202,1977,225
113000134,3,1162,-1159
113000135,4852,4711,141
113000137,2079,3702,-1623
113000139,543,367,176
113000140,133,286,-153
113000141,412,382,30
113000142,836,1861,-1025
113000143,343,254,89
113000144,310,759,-449
113000145,105,161,-56
113000146,149,79,70
113000147,226,108,118
113000148,240,154,86
113000149,162,169,-7
113000150,639,363,276
113000151,103,48,55
113000152,52,106,-54
113000153,1538,647,891
113000154,969,1830,-861
113000155,595,656,-61
113000156,200,404,-204
113000157,351,868,-517
113000158,911,249,662
113000159,1225,717,508
113000160,731,1029,-298
113000161,333,448,-115
113000162,1040,379,661
113000163,149,69,80
113000164,30,64,-34
113000166,210,148,62
113000167,74,81,-7
113000168,109,93,16
113000169,233,57,176
113000170,129,88,41
113000171,66,104,-38
113000172,371,70,301
113000173,106,31,75
113000174,134,337,-203
113000175,399,109,290
113000176,594,157,437
113000177,228,396,-168
113000178,210,233,-23
113000179,385,178,207
113000180,779,1175,-396
113000181,1061,769,292
113000182,178,386,-208
113000183,109,589,-480
113000184,5,119,-114
113000189,500,1240,-740
113000190,802,578,224
113000192,994,2890,-1896
113000193,2937,1818,1119
113000194,1126,1337,-211
113000195,1974,1406,568
113000196,187,56,131
113000197,1359,1479,-120
113000198,87,293,-206
113000199,2201,620,1581
113000201,225,277,-52
113000202,4026,1161,2865
113000203,124,153,-29
113000204,971,2600,-1629
113000205,15,24,-9
113000206,22,59,-37
113000207,84,32,52
113000208,80,86,-6
113000209,31,24,7
113000210,3,23,-20
113000211,137,216,-79
113000212,97,32,65
113000213,51,211,-160
113000214,153,260,-107
113000234,220,741,-521
113000410,447,271,176
113000411,2954,4918,-1964
113000412,5734,2557,3177
113000413,2343,3500,-1157
113000414,5628,15335,-9707
113000415,2537,3184,-647
113000416,7729,4339,3390
113000417,2791,2990,-199
113000418,5061,4097,964
113000419,2062,2545,-483
113000420,4866,6696,-1830
113000421,4648,7688,-3040
113000422,13053,11969,1084
113000423,2254,6049,-3795
113000424,3237,9663,-6426
113000425,4,91,-87
113000428,120,104,16
113000430,21,553,-532
113000432,2048,182,1866
113000433,135,555,-420
113000434,19,172,-153
113000435,46,451,-405
113000436,28,1003,-975
113000437,1190,26,1164
113000438,289,19,270
113000439,35,123,-88
113000440,114,34,80
113000441,296,193,103
113000442,123,156,-33
113000443,305,206,99
113000444,186,139,47
113000445,187,79,108
113000446,25,94,-69
113000448,183,154,29
113000449,164,685,-521
113000450,662,2035,-1373
113000451,1249,209,1040
113000452,266,390,-124
113000453,32,434,-402
113000454,460,93,367
113000455,18,361,-343
113000456,4149,2929,1220
113000468,1520,253,1267
113000469,148,211,-63
113000470,298,27,271
113000471,12,358,-346
113000472,105,327,-222
113000474,873,646,227
113000475,1532,1824,-292
113000476,1606,1952,-346
113000477,3887,2107,1780
113000478,3570,4585,-1015
113000479,103,141,-38
113000480,117,316,-199
113000483,0,0,0
113000485,19,0,19
113000486,1,0,1
113000487,0,0,0
113000488,0,0,0
113000489,0,6,-6
113000490,0,8,-8
113000491,5,32,-27
113000492,3,0,3
113000493,0,0,0
113000495,153,182,-29
113000496,163,112,51
113000499,0,0,0
113000500,0,3,-3
113900001,4,278,-274
113900002,2,78,-76
113900003,0,68,-68
113900004,5,75,-70
113900005,3,100,-97
113900006,1,17,-16
113900007,50,25,25
113900008,40,0,40
113900009,85,0,85
113900010,98,2,96
113900011,69,1,68
113900012,42,0,42
113900013,254,3,251
113900014,598,3,595
113900015,0,110,-110
113900016,51,0,51
113900017,0,47,-47
113900018,410,199,211
113900019,129,51,78
113900020,170,0,170
113900022,38,1,37
113900023,46,1,45
113900024,59,53,6
113900025,395,54,341
113900026,89,0,89
113900027,13,46,-33
113900028,30,404,-374
113900029,87,196,-109
113900030,265,4,261
113900031,23,1,22
113900032,44,0,44
113900033,74,92,-18
113900035,78,2,76
113900036,25,71,-46
113900037,245,392,-147
113900038,36,124,-88
113900039,154,29,125
113900040,12,16,-4
113900041,12,3,9
113900042,77,37,40
113900043,166,127,39
113900044,304,325,-21
113900045,87,6,81
113900046,326,718,-392
113900047,49,79,-30
113900048,150,90,60
113900049,464,324,140
113900050,261,363,-102
113900051,240,333,-93
113900052,176,176,0
113900053,692,444,248
113900054,25,1,24
113900055,137,437,-300
113900056,90,158,-68
113900057,18,267,-249
113900058,73,110,-37
113900059,221,288,-67
113900060,100,299,-199
113900061,852,193,659
113900062,114,22,92
113900063,133,111,22
113900064,30,122,-92
113900065,429,16,413
113900066,420,265,155
113900067,202,375,-173
113900068,587,538,49
113900069,69,52,17
113900070,181,458,-277
113900071,64,50,14
113900072,92,162,-70
113900073,309,356,-47
113900074,319,923,-604
113900075,1249,1348,-99
113900076,277,30,247
113900077,47,125,-78
113900078,79,52,27
113900079,2,50,-48
113900080,508,190,318
113900081,75,197,-122
113900082,143,223,-80
113900083,504,305,199
113900084,273,103,170
113900085,46,260,-214
113900086,66,29,37
113900087,115,165,-50
113900088,69,88,-19
113900089,461,57,404
113900090,705,397,308
113900091,14,23,-9
113900092,48,92,-44
113900093,98,877,-779
113900094,556,411,145
113900095,177,122,55
113900096,354,62,292
113900097,31,110,-79
113900098,699,84,615
113900099,0,48,-48
113900100,3,5,-2
113900101,16,76,-60
113900102,150,159,-9
113900103,342,345,-3
113900104,134,213,-79
113900105,141,183,-42
113900106,0,56,-56
113900107,0,31,-31
113900108,231,287,-56
113900109,374,189,185
113900110,56,15,41
113900111,165,95,70
113900112,170,67,103
113900113,1106,416,690
113900114,0,70,-70
113900115,0,75,-75
113900116,122,136,-14
113900117,111,25,86
113900118,264,434,-170
113900119,200,519,-319
113900120,61,68,-7
113900121,101,84,17
113900122,641,2195,-1554
113900123,581,171,410
113900124,1,112,-111
113900125,871,125,746
113900126,136,60,76
113900127,314,838,-524
113900128,146,73,73
113900129,16,162,-146
113900130,11,224,-213
113900131,311,71,240
113900132,56,86,-30
113900133,35,73,-38
113900135,343,330,13
113900136,138,72,66
113900137,393,283,110
113900138,74,273,-199
113900139,281,186,95
113900140,244,527,-283
113900141,616,230,386
113900142,179,63,116
113900143,33,59,-26
113900144,287,529,-242
113900145,536,175,361
113900146,175,58,117
113900148,124,327,-203
113900149,233,101,132
113900150,612,554,58
113900151,523,204,319
113900152,58,86,-28
113900153,259,610,-351
113900154,6,188,-182
113900155,202,195,7
113900156,254,384,-130
113900157,59,348,-289
113900158,430,784,-354
113900159,20,260,-240
113900160,531,486,45
113900161,69,285,-216
113900162,602,1532,-930
113900163,315,295,20
113900164,291,50,241
113900165,796,461,335
113900166,150,178,-28
113900167,326,51,275
113900168,96,73,23
113900169,244,350,-106
113900171,201,81,120
113900172,14,161,-147
113900173,32,485,-453
113900174,528,598,-70
113900175,357,159,198
113900176,439,473,-34
113900177,315,152,163
113900178,324,120,204
113900179,23,362,-339
113900180,170,98,72
113900181,920,187,733
113900182,716,865,-149
113900183,58,91,-33
113900184,17,440,-423
113900185,184,80,104
113900186,81,40,41
113900187,28,107,-79
113900188,63,202,-139
113900189,285,129,156
113900190,266,169,97
113900191,108,285,-177
113900192,32,648,-616
113900193,19,190,-171
113900194,1438,816,622
113900195,282,341,-59
113900196,28,290,-262
113900197,1,139,-138
113900198,31,233,-202
113900199,186,612,-426
113900200,42,327,-285
113900201,1,125,-124
113900202,56,329,-273
113900203,0,55,-55
113900204,54,430,-376
113900205,28,172,-144
113900206,8,153,-145
113900207,1,62,-61
113900208,2,48,-46
113900209,0,95,-95
113900210,511,788,-277
113900211,219,80,139
113900212,228,355,-127
113900214,410,508,-98
113900215,267,105,162
113900216,154,665,-511
113900217,81,183,-102
113900218,172,66,106
113900219,158,539,-381
113900220,243,148,95
113900221,482,327,155
113900222,258,590,-332
113900223,181,641,-460
113900224,77,80,-3
113900225,976,280,696
113900226,476,198,278
113900227,477,238,239
113900228,376,636,-260
113900229,94,1008,-914
113900230,3869,3843,26
113900231,163,168,-5
113900232,103,89,14
113900233,134,75,59
113900234,384,469,-85
113900235,171,38,133
113900236,250,256,-6
113900237,280,17,263
113900238,315,652,-337
113900239,86,98,-12
113900240,4,180,-176
113900241,91,64,27
113900242,49,162,-113
113900243,120,384,-264
113900244,359,207,152
113900245,1061,294,767
113900246,17,30,-13
113900247,127,461,-334
113900248,2383,1904,479
113900249,851,462,389
113900250,78,187,-109
113900251,750,126,624
113900252,632,30,602
113900253,735,76,659
113900254,1062,188,874
113900255,540,28,512
113900256,434,36,398
113900257,29,450,-421
113900258,17,374,-357
113900259,608,121,487
113900260,278,19,259
113900261,25,58,-33
113900262,130,471,-341
113900263,162,599,-437
113900264,9,419,-410
113900265,182,340,-158
113900266,40,143,-103
113900267,119,570,-451
113900268,346,399,-53
113900269,62,133,-71
113900270,294,758,-464
113900271,577,832,-255
113900273,65,12,53
113900274,126,40,86
113900275,44,72,-28
113900276,1,127,-126
113900277,186,4,182
113900278,269,262,7
113900279,183,129,54
113900280,1565,559,1006
113900281,635,1516,-881
113900282,982,757,225
113900283,461,546,-85
113900284,897,410,487
113900285,256,82,174
113900286,35,95,-60
113900287,64,103,-39
113900288,1,139,-138
113900289,820,87,733
113900290,194,214,-20
113900291,139,150,-11
113900292,9,5,4
113900293,4,225,-221
113900294,572,27,545
113900295,556,480,76
113900296,2147,415,1732
113900297,1910,58,1852
113900298,16,1426,-1410
113900299,82,88,-6
113900300,4469,3759,710
113900301,733,513,220
113900302,2116,1025,1091
113900303,440,534,-94
113900304,1,115,-114
113900305,118,1,117
113900306,69,0,69
113900307,39,0,39
113900308,104,138,-34
113900309,1,621,-620
113900310,0,6,-6
113900311,8,0,8
113900312,208,267,-59
113900313,19,7,12
114000001,995,2305,-1310
114000002,370,293,77
114000003,60,348,-288
114000004,380,401,-21
114000005,312,248,64
114000006,2472,2178,294
114000007,703,1289,-586
114000008,1374,1887,-513
114000009,834,288,546
114000011,2775,2153,622
114000012,2734,1504,1230
114000013,1909,1254,655
114000014,507,233,274
114000015,1933,328,1605
114000016,293,232,61
114000017,89,398,-309
114000018,186,36,150
114000026,2140,1237,903
114000027,3418,1905,1513
114000028,2729,2715,14
114000038,294,159,135
114000039,129,38,91
114000040,152,262,-110
114000042,230,159,71
114000043,48,85,-37
114000044,310,47,263
114000045,46,62,-16
114000046,2768,5130,-2362
114000047,14,109,-95
114000048,71,47,24
114000049,1666,1805,-139
114000050,1729,2172,-443
114000051,3039,2152,887
114000052,3701,2288,1413
114000053,88,750,-662
114000054,188,902,-714
114000055,225,42,183
114000056,810,919,-109
114000057,4437,2232,2205
114000058,485,1531,-1046
114000059,259,284,-25
114000060,538,769,-231
114000061,2843,2990,-147
114000062,1936,2071,-135
114000063,2144,1530,614
114000064,4551,3712,839
114000065,1343,2256,-913
114000066,502,733,-231
114000067,35,873,-838
114000068,636,705,-69
114000069,1149,600,549
114000070,2247,1901,346
114000071,866,590,276
114000072,445,246,199
114000073,16,70,-54
114000074,85,23,62
114000075,59,66,-7
114000076,36,110,-74
114000077,12,24,-12
114000078,315,636,-321
114000079,145,11,134
114000080,36,96,-60
114000081,79,90,-11
114000082,28,361,-333
114000083,87,177,-90
114000084,360,80,280
114000085,83,504,-421
114000086,267,332,-65
114000087,145,179,-34
114000088,42,33,9
114000089,822,353,469
114000090,953,932,21
114000091,1503,849,654
114000092,1031,532,499
114000093,1580,726,854
114000094,358,413,-55
114000095,325,189,136
114000096,177,375,-198
114000097,158,517,-359
114000098,639,127,512
114000099,740,427,313
114000100,1784,611,1173
114000101,481,575,-94
114000102,575,291,284
114000103,184,297,-113
114000104,32,222,-190
114000105,194,103,91
114000106,851,1312,-461
114000107,467,148,319
114000108,1137,893,244
114000109,697,1025,-328
114000110,685,1198,-513
114000111,2040,866,1174
114000112,509,1420,-911
114000113,1156,596,560
114000114,1215,1133,82
114000115,2160,1139,1021
114000116,1178,824,354
114000117,3544,507,3037
114000118,2902,485,2417
114000119,1864,488,1376
114000120,582,665,-83
114000121,522,701,-179
114000122,388,374,14
114000123,2315,302,2013
114000124,1016,296,720
114000125,728,1049,-321
114000126,1825,252,1573
114000127,277,199,78
114000128,817,327,490
114000130,543,560,-17
114000131,314,119,195
114000132,660,486,174
114000133,951,1399,-448
114000134,96,117,-21
114000138,31,184,-153
114000139,537,343,194
114000144,969,566,403
114000145,97,153,-56
114000146,125,228,-103
114000147,1654,2074,-420
114000148,1713,1954,-241
114000149,412,292,120
114000150,514,703,-189
114000151,739,1552,-813
114000152,154,38,116
114000153,705,2394,-1689
114000154,729,695,34
114000155,1421,2472,-1051
114000156,821,698,123
114000157,249,1165,-916
114000158,1440,679,761
114000159,136,453,-317
114000160,114,578,-464
114000161,1375,3311,-1936
114000162,1272,2806,-1534
114000163,18,76,-58
114000165,564,395,169
114000166,948,471,477
114000167,2976,1522,1454
114000168,618,640,-22
114000169,1507,1499,8
114000170,1092,1017,75
114000171,1702,2177,-475
114000174,223,457,-234
114000176,391,590,-199
114000177,1525,637,888
114000178,58,51,7
114000179,1290,757,533
114000180,452,568,-116
114000181,1741,4103,-2362
114000182,2717,2315,402
114000183,753,615,138
114000184,540,952,-412
114000185,1301,891,410
114000189,1322,157,1165
114000190,3234,446,2788
114000191,73,102,-29
114000192,197,1071,-874
114000193,548,1880,-1332
114000194,1408,730,678
114000195,189,30,159
114000196,1,184,-183
114000197,1417,25,1392
114000198,769,402,367
114000199,1966,1561,405
114000200,603,1422,-819
114000201,183,731,-548
114000202,1164,418,746
114000203,381,490,-109
114000204,158,452,-294
114000205,211,1142,-931
114000206,738,1226,-488
114000207,666,1402,-736
114000208,475,1987,-1512
114000209,622,1646,-1024
114000210,242,926,-684
114000211,1040,1170,-130
114000212,897,813,84
114000213,1349,564,785
114000214,93,204,-111
114000215,201,93,108
114000216,1424,356,1068
114000217,376,173,203
114000218,146,212,-66
114000219,1368,205,1163
114000220,28,881,-853
114000221,1031,188,843
114000222,162,937,-775
114000223,531,145,386
114000224,111,511,-400
114000225,262,529,-267
114000226,231,258,-27
114000227,802,516,286
114000228,967,758,209
114000229,1247,1272,-25
114000230,1954,1158,796
114000231,1162,1269,-107
114000232,863,133,730
114000233,2485,138,2347
114000234,1075,837,238
114000235,1056,1152,-96
114000236,1,353,-352
114000237,172,768,-596
114000238,88,153,-65
114000239,185,918,-733
114000240,818,750,68
114000241,330,689,-359
114000242,800,702,98
114000243,1462,779,683
114000244,604,315,289
114000245,327,620,-293
114000246,105,43,62
114000247,652,586,66
114000248,1115,476,639
114000249,545,400,145
114000250,574,637,-63
114000251,514,220,294
114000252,80,53,27
114000253,70,168,-98
114000254,51,78,-27
114000255,723,291,432
114000256,1248,2477,-1229
114000257,316,1056,-740
114000258,302,390,-88
114000259,117,198,-81
114000260,0,25,-25
114000261,54,45,9
114000262,222,152,70
114000263,5,1,4
114000264,1240,521,719
114000265,0,0,0
114000267,3,1549,-1546
114000268,2,1046,-1044
114000270,122,8,114
114000271,381,58,323
114000283,1437,445,992
114000285,31,165,-134
114000288,109,283,-174
114000289,1449,101,1348
114000293,265,550,-285
114000294,186,289,-103
114000395,1314,51,1263
114000396,701,631,70
114000402,643,266,377
114000403,326,325,1
114000405,251,360,-109
114000423,365,309,56
114000424,478,274,204
114000425,959,385,574
114000426,346,762,-416
114000427,123,79,44
114000428,162,201,-39
114000429,7,165,-158
114000432,128,67,61
114000434,18,87,-69
114000435,17,148,-131
114000436,2238,740,1498
114000437,581,3528,-2947
114900001,773,694,79
114900002,667,130,537
114900003,875,1015,-140
114900004,240,493,-253
114900005,630,667,-37
114900006,109,91,18
114900007,386,44,342
114900008,217,102,115
114900010,1631,1729,-98
114900011,218,136,82
114900013,279,188,91
114900015,103,437,-334
114900018,894,33,861
114900020,181,74,107
114900022,72,630,-558
114900024,296,136,160
114900025,618,186,432
114900026,46,160,-114
114900027,306,247,59
114900029,22,24,-2
114900030,281,241,40
114900031,359,22,337
114900032,390,21,369
114900033,735,987,-252
114900034,33,176,-143
114900035,147,250,-103
114900036,218,487,-269
114900037,128,130,-2
114900038,165,507,-342
114900039,516,405,111
114900040,61,106,-45
114900041,769,343,426
114900042,924,451,473
114900043,537,249,288
114900044,262,74,188
114900046,44,111,-67
114900047,283,1935,-1652
114900048,135,241,-106
114900049,6,111,-105
114900050,49,306,-257
114900051,21,338,-317
114900052,148,282,-134
114900053,93,234,-141
114900054,56,118,-62
114900057,238,11,227
114900058,0,71,-71
114900059,112,59,53
114900060,834,851,-17
114900061,139,130,9
114900062,261,354,-93
114900063,93,154,-61
114900064,1598,395,1203
114900065,461,714,-253
114900067,87,352,-265
114900068,73,145,-72
114900069,194,88,106
114900070,571,354,217
114900072,10,255,-245
114900073,2,148,-146
114900074,789,516,273
114900075,316,7,309
114900076,35,420,-385
114900080,1574,281,1293
114900082,3093,2326,767
114900083,1264,1095,169
114900090,464,234,230
114900091,138,165,-27
114900095,342,134,208
114900096,466,661,-195
114900097,190,2,188
114900098,6,163,-157
114900099,252,20,232
115000001,4887,3134,1753
115000002,4314,4154,160
115000003,4457,2374,2083
115000004,4631,5649,-1018
115000005,1415,1862,-447
115000006,1119,1434,-315
115000007,125,230,-105
115000008,448,517,-69
115000009,248,250,-2
115000010,315,217,98
115000013,81,174,-93
115000015,69,279,-210
115000016,186,362,-176
115000019,61,509,-448
115000020,132,788,-656
115000021,238,403,-165
115000022,553,374,179
115000023,510,702,-192
115000024,1129,490,639
115000025,1062,798,264
115000026,174,423,-249
115000027,344,403,-59
115000028,302,832,-530
115000029,743,151,592
115000030,1028,1185,-157
115000031,1466,460,1006
115000032,14,246,-232
115000033,164,46,118
115000034,129,1192,-1063
115000035,1313,89,1224
115000036,3,476,-473
115000037,685,20,665
115000038,65,198,-133
115000039,3249,3281,-32
115000040,4776,2924,1852
115000041,1416,3940,-2524
115000042,845,658,187
115000043,3829,2256,1573
115000044,3414,3148,266
115000045,2740,1417,1323
115000046,2580,2405,175
115000047,2446,1441,1005
115000048,1690,1709,-19
115000049,1547,2616,-1069
115000050,3178,1671,1507
115000051,1781,2758,-977
115000052,1581,1617,-36
115000053,1976,1718,258
115000054,596,1005,-409
115000055,150,652,-502
115000056,179,459,-280
115000057,511,1207,-696
115000058,316,309,7
115000059,192,150,42
115000061,126,243,-117
115000062,171,217,-46
115000063,379,228,151
115000064,219,129,90
115000065,60,457,-397
115000067,150,24,126
115000069,112,306,-194
115000070,53,903,-850
115000071,113,11,102
115000072,16,74,-58
115000073,1483,66,1417
115000075,110,52,58
115000076,3013,2563,450
115000077,2012,1818,194
115000078,1380,1123,257
115000079,1356,1464,-108
115000080,2629,1858,771
115000081,424,805,-381
115000082,4340,3727,613
115000083,2051,1612,439
115000084,2911,1017,1894
115000085,814,724,90
115000086,1403,844,559
115000087,452,1414,-962
115000088,2118,776,1342
115000089,1471,1193,278
115000090,632,928,-296
115000091,197,734,-537
115000092,820,369,451
115000093,581,4,577
115000094,6121,5763,358
115000095,4429,6105,-1676
115000096,820,1209,-389
115000097,1299,923,376
115000098,1396,675,721
115000099,2717,2127,590
115000100,1196,376,820
115000101,449,1222,-773
115000102,556,247,309
115000103,282,545,-263
115000105,77,115,-38
115000106,718,327,391
115000107,256,400,-144
115000108,2703,1999,704
115000109,4026,4809,-783
115000110,1441,1835,-394
115000111,694,1390,-696
115000112,836,853,-17
115000113,851,835,16
115000114,1692,729,963
115000116,4300,2572,1728
115000117,3762,3325,437
115000118,2178,1670,508
115000119,1549,2364,-815
115000120,628,1533,-905
115000121,1184,951,233
115000122,3244,2162,1082
115000123,1649,2778,-1129
115000124,888,945,-57
115000125,470,748,-278
115000126,200,368,-168
115000127,363,168,195
115000128,491,819,-328
115000129,295,405,-110
115000130,467,663,-196
115000131,1056,302,754
115000132,336,337,-1
115000133,593,227,366
115000134,371,285,86
115000135,338,224,114
115000136,289,269,20
115000137,136,212,-76
115000138,433,247,186
115000139,232,237,-5
115000140,419,220,199
115000141,226,236,-10
115000142,217,212,5
115000143,890,566,324
115000144,528,51,477
115000145,337,307,30
115000146,483,354,129
115000147,454,393,61
115000148,301,805,-504
115000149,666,270,396
115000150,610,628,-18
115000151,1256,474,782
115000152,743,872,-129
115000153,1081,546,535
115000154,931,259,672
115000155,591,776,-185
115000156,1133,809,324
115000157,718,753,-35
115000158,705,414,291
115000159,774,713,61
115000160,622,686,-64
115000161,601,453,148
115000162,669,856,-187
115000163,549,624,-75
115000164,643,545,98
115000165,367,582,-215
115000167,157,66,91
115000168,566,301,265
115000169,489,337,152
115000170,121,137,-16
115000171,325,229,96
115000172,1132,611,521
115000173,341,710,-369
115000174,149,324,-175
115000175,165,180,-15
115000176,206,179,27
115000177,159,268,-109
115000178,20,197,-177
115000179,31,54,-23
115000180,157,473,-316
115000181,746,131,615
115000182,890,339,551
115000183,536,664,-128
115000186,760,301,459
115000187,239,731,-492
115000188,444,503,-59
115000189,218,434,-216
115000190,771,458,313
115000191,214,548,-334
115000194,129,178,-49
115000195,322,332,-10
115000196,192,94,98
115000197,194,250,-56
115000198,445,154,291
115000199,400,160,240
115000200,342,101,241
115000201,173,315,-142
115000206,405,83,322
115000207,172,335,-163
115000208,458,585,-127
115000209,905,316,589
115000210,205,121,84
115000211,262,297,-35
115000212,1234,391,843
115000224,448,55,393
115000225,67,94,-27
115000229,177,189,-12
115000230,107,424,-317
115000231,290,1179,-889
115000232,1877,311,1566
115000233,143,205,-62
115000234,32,385,-353
115000241,103,252,-149
115000242,171,210,-39
115000243,62,162,-100
115000244,14,111,-97
115000246,61,36,25
115000247,37,29,8
115000248,40,17,23
115000249,28,12,16
115000250,284,18,266
115000251,254,138,116
115000252,123,198,-75
115000253,33,411,-378
115000258,432,163,269
115000259,324,140,184
115000261,28,13,15
115000262,25,30,-5
115000263,19,41,-22
115000264,22,33,-11
115000267,96,72,24
115000268,44,90,-46
115000269,168,76,92
115000270,4,16,-12
115000272,78,182,-104
115000273,421,31,390
115000280,2727,349,2378
115000281,815,1018,-203
115000282,1277,1130,147
115000284,274,164,110
115000296,837,10,827
115000297,139,387,-248
115000298,51,666,-615
115000300,240,153,87
115000302,564,108,456
115000303,736,113,623
115000304,868,55,813
115000305,153,657,-504
115000306,192,327,-135
115000307,92,181,-89
115000308,31,15,16
115000309,17,77,-60
115000310,1070,684,386
115000311,1150,1106,44
115000313,133,475,-342
115000314,452,116,336
115000315,671,512,159
115000316,47,135,-88
115000317,180,444,-264
115000318,861,324,537
115000319,75,306,-231
115000320,15,337,-322
115000321,373,33,340
115000322,50,221,-171
115000449,278,196,82
115000557,7,1351,-1344
115000558,354,100,254
115000587,532,371,161
115000588,1817,2258,-441
115000589,3465,2063,1402
115000590,1088,1311,-223
115000591,1648,701,947
115000592,630,1705,-1075
115000593,1582,621,961
115000594,692,2197,-1505
115000609,155,107,48
115000617,1567,3483,-1916
115000624,315,67,248
115000633,510,1931,-1421
115000634,2707,985,1722
115000635,487,154,333
115000638,669,532,137
115000641,55,124,-69
115000642,327,265,62
115000643,109,391,-282
115000644,127,333,-206
115000646,960,1757,-797
115000647,168,464,-296
115000648,2162,1472,690
115000893,2413,1258,1155
115000894,177,890,-713
115000895,290,737,-447
115000896,861,316,545
115000897,569,168,401
115000898,564,267,297
115000899,390,1007,-617
115000900,79,283,-204
115000901,58,126,-68
115000912,371,94,277
115000913,5,14,-9
115000915,23,0,23
115000916,5,4,1
115000917,0,5,-5
115000918,102,323,-221
115000919,5,40,-35
115000920,15,38,-23
115000921,485,66,419
115000922,574,778,-204
115000923,215,882,-667
115000925,95,106,-11
115000927,23,61,-38
115000933,173,225,-52
115000934,162,207,-45
115000935,186,101,85
115000936,59,622,-563
115000937,486,135,351
115000938,58,178,-120
115000939,43,134,-91
115900001,124,35,89
115900002,81,136,-55
115900003,215,87,128
115900004,1,62,-61
115900005,263,13,250
115900006,190,246,-56
115900008,61,7,54
115900009,91,223,-132
115900010,455,158,297
115900011,735,267,468
115900012,186,46,140
115900013,396,153,243
115900014,145,145,0
115900015,161,71,90
115900016,201,29,172
115900017,24,8,16
115900018,234,92,142
115900019,275,13,262
115900020,109,4,105
115900021,969,182,787
115900022,1188,8,1180
115900023,21,20,1
115900025,81,220,-139
115900026,964,238,726
115900027,1,277,-276
115900028,576,76,500
115900029,32,330,-298
115900030,26,39,-13
115900031,282,327,-45
115900032,596,642,-46
115900033,0,59,-59
115900034,32,362,-330
115900035,33,19,14
115900036,68,779,-711
115900037,52,355,-303
115900038,53,11,42
115900039,174,144,30
115900041,389,627,-238
115900042,25,7,18
115900043,108,72,36
115900044,200,316,-116
115900046,330,196,134
115900047,188,191,-3
115900049,165,160,5
115900051,0,20,-20
115900052,7,244,-237
115900053,256,165,91
115900054,305,42,263
115900055,17,106,-89
115900056,210,232,-22
115900057,44,13,31
115900058,38,68,-30
115900060,147,298,-151
115900061,290,6,284
115900062,30,250,-220
115900063,82,17,65
115900064,206,231,-25
115900065,179,143,36
115900066,202,136,66
115900067,11,455,-444
115900068,2311,1016,1295
115900069,79,180,-101
115900070,235,120,115
115900071,1,310,-309
115900072,38,179,-141
115900073,112,109,3
115900074,8,202,-194
115900075,55,249,-194
115900076,6,52,-46
115900077,7,182,-175
115900078,83,138,-55
115900079,254,13,241
115900080,425,211,214
115900081,23,83,-60
115900082,140,133,7
115900084,549,34,515
115900085,41,28,13
115900086,1549,531,1018
115900088,16,42,-26
115900089,473,549,-76
115900090,421,20,401
115900091,15,26,-11
115900092,29,129,-100
115900093,6,19,-13
115900094,9,268,-259
115900096,3,6,-3
115900097,12,332,-320
115900098,213,229,-16
115900099,93,64,29
115900100,16,409,-393
115900101,204,224,-20
115900102,103,85,18
115900103,368,157,211
115900104,111,86,25
115900105,291,526,-235
115900106,88,31,57
115900107,100,96,4
115900108,157,47,110
115900109,38,382,-344
115900110,3,26,-23
115900111,8,92,-84
115900112,38,800,-762
115900113,84,26,58
115900114,8,146,-138
115900115,53,190,-137
115900116,71,777,-706
115900117,108,21,87
115900118,8,211,-203
115900119,116,121,-5
115900120,34,292,-258
115900121,228,192,36
115900124,306,626,-320
115900125,358,65,293
115900126,840,99,741
115900127,788,65,723
115900128,19,161,-142
115900129,771,57,714
115900130,25,181,-156
115900131,338,36,302
115900132,596,8,588
115900134,267,10,257
115900135,322,1216,-894
115900137,26,17,9
115900139,28,51,-23
115900140,307,34,273
115900141,3,30,-27
115900142,13,40,-27
115900143,359,437,-78
115900144,74,228,-154
115900146,8,60,-52
115900147,258,245,13
115900148,38,8,30
115900149,133,22,111
115900150,86,34,52
115900151,11,109,-98
115900152,157,279,-122
115900153,136,210,-74
115900154,433,396,37
115900155,0,73,-73
115900156,786,800,-14
115900157,189,471,-282
115900158,22,9,13
115900159,157,192,-35
115900160,21,9,12
115900161,100,387,-287
115900163,213,181,32
115900164,612,27,585
115900165,1,140,-139
115900166,186,210,-24
115900168,125,148,-23
115900171,117,349,-232
115900172,54,132,-78
115900173,270,108,162
115900174,262,228,34
115900175,136,179,-43
115900178,5,368,-363
115900179,378,17,361
115900180,51,90,-39
115900181,196,121,75
115900182,351,148,203
115900183,33,34,-1
115900184,1442,9,1433
115900187,16,135,-119
115900189,0,346,-346
115900190,174,1370,-1196
115900191,28,305,-277
115900192,10,98,-88
115900193,248,98,150
115900194,796,64,732
115900195,640,2215,-1575
115900198,238,307,-69
115900199,252,206,46
115900200,244,282,-38
115900201,609,410,199
115900202,3,63,-60
115900203,8,22,-14
115900204,0,10,-10
115900205,75,10,65
115900206,235,198,37
115900207,56,26,30
115900208,144,131,13
115900209,4,127,-123
115900210,3,173,-170
115900211,4,193,-189
115900212,161,236,-75
115900213,97,112,-15
115900214,443,211,232
115900215,40,210,-170
115900216,6,99,-93
115900217,5,34,-29
115900218,4,29,-25
115900219,121,3,118
115900220,242,3,239
115900221,140,13,127
115900222,70,37,33
115900223,10,489,-479
115900224,770,1332,-562
115900225,112,88,24
115900226,17,58,-41
115900227,15,48,-33
115900228,11,63,-52
115900229,16,49,-33
115900230,36,120,-84
115900231,106,7,99
115900232,51,7,44
115900233,103,23,80
115900234,84,40,44
115900235,56,40,16
115900236,42,39,3
115900237,35,25,10
115900238,25,25,0
115900239,18,38,-20
115900240,7,59,-52
115900241,241,119,122
115900242,276,322,-46
115900243,7,10,-3
115900244,14,8,6
115900245,68,9,59
115900246,11,11,0
115900247,32,7,25
115900248,22,2,20
115900249,4,22,-18
115900250,16,33,-17
115900251,4,12,-8
115900252,1,4,-3
115900253,10,17,-7
115900254,7,29,-22
115900255,9,12,-3
115900256,29,25,4
115900257,6,21,-15
115900258,3,5,-2
115900259,2,6,-4
115900260,6,4,2
115900261,15,3,12
115900262,7,1,6
115900263,23,6,17
115900264,37,5,32
115900265,8,7,1
115900266,4,28,-24
115900267,12,22,-10
115900268,7,6,1
115900269,587,350,237
115900270,368,349,19
115900271,164,0,164
115900272,27,2,25
115900273,11,39,-28
115900274,0,16,-16
115900275,0,19,-19
115900276,0,26,-26
115900277,0,49,-49
115900278,46,141,-95
115900279,27,217,-190
115900280,20,491,-471
115900281,244,293,-49
115900282,18,13,5
115900283,1,4,-3
115900284,0,0,0
116000001,10076,4027,6049
116000002,5351,11987,-6636
116000003,1734,1436,298
116000004,2734,4114,-1380
116000005,2016,3262,-1246
116000006,2582,2865,-283
116000007,2533,4258,-1725
116000008,4866,3205,1661
116000009,1441,1691,-250
116000010,2630,2010,620
116000011,864,1657,-793
116000012,1650,1164,486
116000013,6805,3800,3005
116000014,9536,12730,-3194
116000015,351,1691,-1340
116000016,6529,4503,2026
116000017,42,836,-794
116000018,759,394,365
116000019,1234,371,863
116000020,838,1273,-435
116000021,591,401,190
116000022,439,366,73
116000023,1385,837,548
116000024,685,860,-175
116000025,975,883,92
116000026,1703,2874,-1171
116000027,793,753,40
116000028,495,1094,-599
116000029,720,745,-25
116000030,921,588,333
116000031,242,323,-81
116000032,445,206,239
116000033,510,513,-3
116000034,764,825,-61
116000035,444,738,-294
116000036,1787,1540,247
116000037,598,569,29
116000038,410,622,-212
116000039,566,514,52
116000040,942,389,553
116000041,201,590,-389
116000042,721,369,352
116000043,112,653,-541
116000044,13,52,-39
116000045,2161,1543,618
116000046,1128,1721,-593
116000047,1818,2134,-316
116000048,2119,1905,214
116000049,1443,3407,-1964
116000050,1630,1265,365
116000051,6195,2994,3201
116000052,5403,5168,235
116000053,2296,894,1402
116000054,905,2823,-1918
116000055,826,979,-153
116000056,1146,1285,-139
116000057,2997,1470,1527
116000058,3209,2820,389
116000059,2873,4740,-1867
116000060,2354,1009,1345
116000061,501,1061,-560
116000062,613,239,374
116000063,576,1180,-604
116000066,301,664,-363
116000067,198,389,-191
116000068,276,327,-51
116000069,257,332,-75
116000078,559,1180,-621
116000080,1853,851,1002
116000082,11,49,-38
116000083,1724,384,1340
116000084,2142,3402,-1260
116000085,2205,2143,62
116000086,1525,869,656
116000087,2236,1696,540
116000088,778,1042,-264
116000089,163,98,65
116000090,101,174,-73
116000091,363,359,4
116000093,1448,595,853
116000094,755,591,164
116000095,859,680,179
116000096,812,1521,-709
116000097,927,859,68
116000098,99,6534,-6435
116000099,6371,293,6078
116000100,345,17,328
116000101,982,807,175
116000102,250,1166,-916
116000103,498,313,185
116000104,248,1218,-970
116000105,1197,172,1025
116000106,445,840,-395
116000107,2590,326,2264
116000108,176,157,19
116000111,149,42,107
116000113,214,114,100
116000114,59,175,-116
116000115,457,128,329
116000116,359,531,-172
116000117,1756,1936,-180
116000118,1584,1154,430
116000119,3980,1950,2030
116000120,2864,3263,-399
116000121,1033,679,354
116000122,1221,1537,-316
116000123,1260,500,760
116000124,415,857,-442
116000125,3380,880,2500
116000126,318,1286,-968
116000127,1058,1082,-24
116000128,2135,949,1186
116000129,1756,278,1478
116000130,667,611,56
116000133,1320,735,585
116000134,1717,1651,66
116000135,2942,1505,1437
116000136,1065,1800,-735
116000137,1261,875,386
116000138,1120,748,372
116000139,1544,2520,-976
116000140,141,195,-54
116000141,365,552,-187
116000142,2609,2132,477
116000143,1887,1769,118
116000144,1499,1753,-254
116000145,1898,1180,718
116000146,594,159,435
116000147,171,101,70
116000148,535,535,0
116000149,789,877,-88
116000151,464,458,6
116000153,119,370,-251
116000155,218,269,-51
116000156,1083,1013,70
116000157,99,23,76
116000158,444,354,90
116000159,22,23,-1
116000160,21,69,-48
116000161,8,83,-75
116000162,83,145,-62
116000163,49,22,27
116000164,21,26,-5
116000177,190,99,91
116000194,122,388,-266
116000195,1432,595,837
116000196,10,8,2
116000197,11,8,3
116000198,2527,1208,1319
116000200,807,573,234
116000201,655,697,-42
116000202,10,282,-272
116000203,5,83,-78
116000204,18,50,-32
116000205,0,149,-149
116000206,2,96,-94
116000207,9,43,-34
116000233,204,418,-214
116000287,153,373,-220
116000288,329,187,142
116000292,76,120,-44
116000296,24,229,-205
116000297,150,23,127
116000304,187,41,146
116000305,27,80,-53
116000346,186,104,82
116000352,88,49,39
116000354,45,11,34
116000357,11,16,-5
116000358,401,78,323
116000361,71,4,67
116000372,3900,4276,-376
116000381,125,2,123
116000388,0,65,-65
116000389,994,578,416
116000445,576,436,140
116000446,670,577,93
116000447,23,632,-609
116000448,522,168,354
116000563,943,903,40
116000565,39,414,-375
116000566,7,18,-11
116000568,47,322,-275
116000579,24,122,-98
116000584,16,15,1
116000585,38,22,16
116000586,83,93,-10
116000587,638,730,-92
116000589,35,56,-21
116000590,93,66,27
116000591,337,208,129
116000592,12,91,-79
116000593,0,24,-24
116000594,674,420,254
116000595,606,137,469
116000596,143,5,138
116000597,515,130,385
116000598,23,184,-161
116000602,69,412,-343
116000605,268,151,117
116000606,144,239,-95
116000607,5,54,-49
116000609,260,944,-684
116000611,196,426,-230
116000612,762,1842,-1080
116000613,705,338,367
116000614,448,497,-49
116000615,4,378,-374
116000616,73,72,1
116000617,91,23,68
116000618,8,67,-59
116000619,58,71,-13
116000620,195,112,83
116000621,77,164,-87
116000622,109,129,-20
116000624,234,100,134
116000627,61,20,41
116000628,42,217,-175
116000629,24,232,-208
116000630,457,33,424
116000631,144,38,106
116000632,605,213,392
116000633,97,275,-178
116000634,538,46,492
116000635,2374,2495,-121
116000636,545,1095,-550
116000637,320,15,305
116000638,34,317,-283
116900001,267,146,121
116900002,238,2,236
116900003,43,50,-7
116900004,61,65,-4
116900005,340,59,281
116900006,129,401,-272
116900007,140,180,-40
116900008,500,321,179
116900009,30,8,22
116900010,1,971,-970
116900011,20,40,-20
116900012,189,216,-27
116900013,0,179,-179
116900014,180,187,-7
116900015,467,59,408
116900016,273,1,272
116900017,4,429,-425
116900018,97,62,35
116900019,4,291,-287
116900020,933,1186,-253
116900023,83,11,72
116900024,689,50,639
116900025,1325,846,479
116900026,154,513,-359
116900027,41,76,-35
116900028,9,118,-109
116900029,0,65,-65
116900031,2,11,-9
116900032,11,267,-256
116900033,24,11,13
116900034,27,87,-60
116900035,169,153,16
116900036,0,113,-113
116900038,23,1,22
116900041,56,31,25
116900042,520,290,230
116900043,39,45,-6
116900047,36,162,-126
116900049,29,299,-270
116900050,132,375,-243
116900051,206,180,26
116900052,180,106,74
116900055,2,15,-13
116900057,22,180,-158
116900058,54,335,-281
116900059,32,193,-161
116900060,249,165,84
116900062,2,6,-4
116900064,89,505,-416
116900065,21,105,-84
116900067,142,74,68
116900068,122,201,-79
116900070,2,3,-1
116900072,26,315,-289
116900073,9,103,-94
116900074,10,47,-37
116900076,8,36,-28
116900077,21,124,-103
116900078,229,106,123
116900079,36,220,-184
116900080,12,28,-16
116900081,395,929,-534
116900082,346,1051,-705
116900083,45,52,-7
116900084,130,71,59
116900085,53,166,-113
116900086,65,192,-127
116900088,351,117,234
116900090,127,63,64
116900091,446,15,431
116900092,107,642,-535
116900093,1737,1909,-172
116900094,4254,4154,100
116900095,240,111,129
116900096,186,389,-203
116900097,2208,3032,-824
116900098,810,456,354
116900099,767,722,45
116900100,961,65,896
116900101,313,528,-215
116900103,6,0,6
116900104,77,84,-7
116900105,324,183,141
116900106,2240,280,1960
116900107,3076,2872,204
116900110,15,3,12
116900111,675,582,93
116900112,344,806,-462
116900113,1810,1356,454
116900116,114,613,-499
116900117,121,123,-2
116900118,719,861,-142
116900120,405,76,329
116900121,145,29,116
116900122,834,539,295
116900123,258,598,-340
116900124,217,975,-758
116900125,430,176,254
116900126,208,563,-355
116900128,8,41,-33
116900129,1,308,-307
116900130,629,3696,-3067
116900131,109,419,-310
116900132,58,96,-38
116900133,200,173,27
116900134,241,286,-45
116900136,187,222,-35
116900137,294,167,127
116900138,200,168,32
116900139,192,402,-210
116900140,200,155,45
116900141,862,405,457
116900142,3,78,-75
116900143,314,278,36
116900144,27,87,-60
116900145,147,198,-51
116900147,447,552,-105
116900148,11,45,-34
116900149,69,272,-203
116900150,31,21,10
116900151,60,21,39
116900153,158,94,64
116900154,507,663,-156
116900155,104,82,22
116900157,700,188,512
116900158,115,303,-188
116900159,108,273,-165
116900160,902,898,4
116900161,5383,7406,-2023
116900162,8,104,-96
116900163,212,123,89
116900164,101,89,12
116900165,299,340,-41
116900166,33,67,-34
116900167,452,63,389
116900168,425,58,367
116900169,568,563,5
116900170,361,630,-269
116900171,39,146,-107
116900172,164,432,-268
116900173,244,49,195
116900174,55,72,-17
116900175,198,238,-40
116900178,39,121,-82
116900179,81,305,-224
116900180,60,32,28
116900182,504,262,242
116900183,201,103,98
116900185,31,59,-28
116900186,55,227,-172
116900187,97,53,44
116900188,138,39,99
116900189,93,4,89
116900191,479,603,-124
116900192,309,125,184
116900194,150,1478,-1328
116900195,66,30,36
116900196,18,61,-43
116900197,113,7,106
116900198,149,340,-191
116900200,74,36,38
116900201,166,4,162
116900202,118,50,68
116900203,185,4,181
116900204,38,168,-130
116900206,23,28,-5
116900207,29,36,-7
116900208,10,121,-111
116900209,28,83,-55
116900210,613,308,305
116900211,185,11,174
116900212,74,63,11
116900213,251,126,125
116900214,247,153,94
116900215,101,74,27
116900216,276,219,57
116900218,6,223,-217
116900219,1220,375,845
116900220,139,270,-131
116900221,115,325,-210
116900222,426,318,108
116900223,156,317,-161
116900226,117,53,64
116900227,238,81,157
116900228,332,187,145
116900230,65,215,-150
116900231,32,269,-237
116900232,17,327,-310
116900233,280,112,168
116900234,64,15,49
116900235,131,242,-111
116900238,1333,347,986
116900239,27,1381,-1354
116900240,4662,3173,1489
116900241,87,153,-66
116900242,298,700,-402
116900243,3,76,-73
116900245,47,30,17
116900246,146,15,131
116900247,883,21,862
116900248,98,44,54
116900249,422,83,339
116900250,406,60,346
116900251,397,628,-231
116900252,171,702,-531
116900253,142,53,89
116900254,22,59,-37
116900255,105,70,35
116900256,429,109,320
116900257,22,319,-297
116900258,4,167,-163
116900259,325,8,317
116900260,2,84,-82
116900261,107,4,103
116900262,223,153,70
116900263,0,11,-11
116900264,0,1,-1
116900265,66,5,61
116900266,12,21,-9
116900267,4,1,3
116900268,346,307,39
116900269,276,555,-279
116900271,1390,284,1106
116900272,294,259,35
116900273,142,102,40
116900274,125,57,68
116900275,128,84,44
116900276,670,185,485
116900277,506,40,466
116900278,12,10,2
116900279,3,22,-19
116900280,39,36,3
116900281,4803,4759,44
116900282,5,98,-93
116900283,29,100,-71
116900284,39,206,-167
116900285,258,219,39
116900286,173,26,147
116900287,9,39,-30
116900288,105,130,-25
116900289,19,13,6
116900290,3,36,-33
116900291,29,9,20
116900292,0,19,-19
116900293,65,34,31
116900294,40,169,-129
116900295,154,83,71
116900296,75,66,9
116900297,9,127,-118
116900298,68,78,-10
116900299,21,61,-40
116900300,1,82,-81
116900301,52,109,-57
116900302,33,61,-28
116900303,151,54,97
116900304,0,134,-134
116900305,3,29,-26
116900306,150,61,89
117000001,2183,1653,530
117000002,1754,3451,-1697
117000003,7265,3357,3908
117000004,3263,4506,-1243
117000005,2391,1869,522
117000006,1188,2721,-1533
117000007,4079,1188,2891
117000008,1076,3056,-1980
117000009,5175,2105,3070
117000010,2529,3285,-756
117000011,2174,1666,508
117000012,1247,997,250
117000013,1792,802,990
117000014,1206,1863,-657
117000015,2503,1222,1281
117000016,287,160,127
117000017,210,134,76
117000018,141,618,-477
117000019,59,5,54
117000020,474,1508,-1034
117000021,1393,372,1021
117000022,286,160,126
117000023,186,200,-14
117000024,268,250,18
117000025,411,1079,-668
117000026,1796,1427,369
117000027,2059,5306,-3247
117000028,3180,2099,1081
117000030,437,431,6
117000031,416,320,96
117000032,1512,1251,261
117000033,1254,719,535
117000034,318,301,17
117000035,466,324,142
117000036,399,334,65
117000037,320,196,124
117000038,240,512,-272
117000039,689,289,400
117000040,231,792,-561
117000041,1186,192,994
117000044,9,619,-610
117000045,465,115,350
117000046,389,797,-408
117000047,984,603,381
117000048,1816,857,959
117000049,134,601,-467
117000050,139,1471,-1332
117000051,2243,123,2120
117000052,50,220,-170
117000053,556,44,512
117000054,2166,17,2149
117000055,15,2467,-2452
117000056,926,27,899
117000057,577,2277,-1700
117000060,502,1199,-697
117000061,1878,980,898
117000062,255,599,-344
117000063,1904,1097,807
117000064,677,534,143
117000066,1072,884,188
117000067,165,732,-567
117000074,159,177,-18
117000076,99,57,42
117000077,138,204,-66
117000078,162,662,-500
117000079,432,247,185
117000080,2,269,-267
117000081,1149,150,999
117000082,19,91,-72
117000083,147,7,140
117000084,218,2,216
117000085,325,790,-465
117000086,957,454,503
117000087,96,460,-364
117000088,316,175,141
117000089,1867,297,1570
117000090,303,1007,-704
117000091,912,329,583
117000092,474,1048,-574
117000093,1469,936,533
117000094,1273,2383,-1110
117000095,3974,975,2999
117000096,736,1945,-1209
117000097,1921,1294,627
117000098,2464,3814,-1350
117000099,4169,1392,2777
117000100,312,399,-87
117000101,271,1134,-863
117000102,2049,707,1342
117000103,745,1427,-682
117000104,1655,731,924
117000105,900,1386,-486
117000106,1483,859,624
117000107,572,1590,-1018
117000108,2252,1005,1247
117000109,1418,2246,-828
117000110,1877,1248,629
117000111,3632,4029,-397
117000112,3914,1725,2189
117000113,158,193,-35
117000114,277,147,130
117000115,94,85,9
117000116,161,258,-97
117000117,1684,1255,429
117000118,289,153,136
117000119,217,207,10
117000120,181,653,-472
117000121,93,1395,-1302
117000122,346,768,-422
117000123,1587,52,1535
117000124,496,86,410
117000125,208,169,39
117000126,44,16,28
117000127,138,357,-219
117000128,429,801,-372
117000129,292,511,-219
117000130,108,1,107
117000131,1,118,-117
117000132,3277,71,3206
117000133,1851,50,1801
117000134,0,103,-103
117000135,1,71,-70
117000136,2,28,-26
117000137,147,161,-14
117000138,1,739,-738
117000140,591,1340,-749
117000141,1978,568,1410
117000181,590,236,354
117000182,544,777,-233
117000195,246,1002,-756
117000196,428,175,253
117000225,79,41,38
117000226,3,103,-100
117000276,439,34,405
117000277,0,259,-259
117000310,1475,1985,-510
117000315,53,645,-592
117000320,56,0,56
117000906,380,27,353
117000907,6,313,-307
117000908,14,69,-55
117000909,39,38,1
117000910,232,241,-9
117000911,118,226,-108
117000915,9,472,-463
117000916,49,12,37
117000917,1343,31,1312
117000918,77,64,13
117000919,7,86,-79
117000920,3,1211,-1208
117000921,3,899,-896
117000922,22,100,-78
117000924,387,869,-482
117000926,661,141,520
117000927,1399,1199,200
117000928,0,126,-126
117000929,338,280,58
117000930,234,14,220
117000931,298,200,98
117900002,105,403,-298
117900003,749,460,289
117900005,8,38,-30
117900006,0,106,-106
117900007,126,126,0
117900008,0,30,-30
117900010,257,82,175
117900011,19,150,-131
117900012,81,59,22
117900013,0,162,-162
117900014,462,102,360
117900015,10,94,-84
117900016,1213,1048,165
117900017,508,233,275
117900018,168,162,6
117900019,544,208,336
117900020,109,545,-436
117900021,35,61,-26
117900022,55,19,36
117900023,780,125,655
117900024,58,59,-1
117900025,52,12,40
117900026,394,213,181
117900028,54,6,48
117900029,298,505,-207
117900030,525,204,321
117900031,129,73,56
117900032,971,657,314
117900033,304,417,-113
117900034,48,21,27
117900035,173,96,77
117900036,268,337,-69
117900037,166,88,78
117900038,24,251,-227
117900039,4,76,-72
117900040,135,353,-218
117900041,9,76,-67
117900042,3742,382,3360
117900043,23,56,-33
117900044,28,2934,-2906
117900045,222,123,99
117900048,453,297,156
117900049,236,373,-137
117900050,9,130,-121
117900051,27,2,25
117900052,92,471,-379
117900053,1825,649,1176
117900054,2,44,-42
117900055,352,145,207
117900056,213,94,119
117900057,1218,1151,67
117900058,52,30,22
117900059,370,106,264
117900060,2793,4344,-1551
117900061,25,191,-166
117900063,466,177,289
117900065,678,1273,-595
117900066,12,117,-105
117900067,553,156,397
117900069,753,238,515
117900070,190,37,153
117900071,93,121,-28
117900073,559,250,309
117900074,113,76,37
117900075,114,92,22
117900076,15,79,-64
117900077,592,144,448
117900078,399,940,-541
117900080,110,55,55
117900081,514,445,69
117900082,515,426,89
117900083,444,323,121
117900086,158,19,139
117900087,183,38,145
117900088,3058,2179,879
117900089,2631,839,1792
117900090,478,381,97
117900091,141,195,-54
117900092,65,23,42
117900093,123,41,82
117900094,51,29,22
117900095,292,290,2
117900096,121,267,-146
117900097,289,87,202
117900098,56,10,46
117900099,144,207,-63
117900100,351,6,345
117900101,486,2100,-1614
117900102,68,36,32
117900103,64,2,62
117900104,11,137,-126
117900105,179,216,-37
117900106,119,29,90
117900107,66,1,65
117900109,759,469,290
117900110,116,1,115
117900111,402,37,365
117900112,83,17,66
117900113,2282,1898,384
117900114,30,1,29
117900115,212,96,116
117900116,812,765,47
117900117,692,325,367
117900118,133,3,130
117900119,224,163,61
117900120,255,48,207
117900121,255,114,141
117900122,1511,4536,-3025
117900123,658,400,258
117900124,703,650,53
117900125,2160,2006,154
117900126,279,542,-263
117900127,471,375,96
117900128,410,559,-149
117900129,76,2,74
117900130,910,442,468
117900131,1,122,-121
117900132,8,82,-74
117900133,7,81,-74
117900134,47,359,-312
117900135,20,202,-182
117900136,1,47,-46
117900137,53,318,-265
117900138,0,34,-34
117900139,161,107,54
117900140,2956,253,2703
117900141,160,183,-23
117900142,62,77,-15
117900144,79,257,-178
117900145,27,55,-28
117900146,210,187,23
117900147,78,51,27
117900148,2431,1716,715
117900149,176,195,-19
117900150,62,40,22
117900151,30,101,-71
117900152,82,64,18
117900153,11,88,-77
117900154,416,533,-117
117900156,1029,741,288
117900157,85,519,-434
117900158,381,132,249
117900160,718,894,-176
117900161,2480,2071,409
117900162,508,438,70
117900163,37,140,-103
117900165,0,20,-20
117900166,139,583,-444
117900168,38,147,-109
117900169,2,141,-139
117900170,3,34,-31
117900171,3,14,-11
117900172,20,40,-20
117900173,179,75,104
117900174,36,56,-20
117900175,5,27,-22
117900176,19,41,-22
117900177,27,48,-21
117900178,79,43,36
117900180,245,30,215
117900181,99,473,-374
117900182,1,39,-38
117900183,80,195,-115
117900184,25,65,-40
117900185,54,68,-14
117900186,72,34,38
117900187,33,4,29
117900188,194,50,144
117900189,88,40,48
117900190,50,4,46
117900191,99,3,96
117900192,304,1,303
117900193,18,79,-61
117900194,12,9,3
117900195,37,102,-65
117900196,23,31,-8
117900207,221,143,78
117900208,42,47,-5
117900209,206,151,55
117900210,165,251,-86
117900211,11,182,-171
117900212,152,137,15
117900213,17,22,-5
117900214,18,44,-26
117900215,27,35,-8
117900216,30,20,10
117900217,74,345,-271
117900218,92,101,-9
117900219,11,144,-133
117900220,103,111,-8
117900222,236,257,-21
117900223,131,316,-185
118000001,849,996,-147
118000002,818,1755,-937
118000003,2022,3421,-1399
118000004,1991,2015,-24
118000005,4374,6107,-1733
118000006,4819,9091,-4272
118000007,5357,4205,1152
118000008,3168,4356,-1188
118000009,1621,3328,-1707
118000010,6230,4203,2027
118000011,1551,1816,-265
118000012,1105,1862,-757
118000013,2402,2336,66
118000014,1717,1917,-200
118000016,166,298,-132
118000017,547,432,115
118000018,376,405,-29
118000019,2130,1752,378
118000020,1341,4385,-3044
118000021,626,3833,-3207
118000022,1617,924,693
118000023,733,276,457
118000024,1368,1717,-349
118000027,12630,14290,-1660
118000029,1035,938,97
118000032,1010,3963,-2953
118000033,2599,7580,-4981
118000034,4926,2994,1932
118000035,2067,3569,-1502
118000036,921,1558,-637
118000037,732,948,-216
118000038,270,123,147
118000039,84,233,-149
118000040,1766,1380,386
118000041,2534,1274,1260
118000045,329,270,59
118000046,1283,862,421
118000047,674,1068,-394
118000048,2237,2425,-188
118000051,2731,1980,751
118000052,1597,1074,523
118000053,437,937,-500
118000054,1469,1817,-348
118000055,1415,1867,-452
118000056,214,524,-310
118000057,207,408,-201
118000058,2292,2088,204
118000059,1649,1539,110
118000060,1158,632,526
118000061,1193,1381,-188
118000062,667,344,323
118000063,448,855,-407
118000064,899,1156,-257
118000065,2934,1598,1336
118000066,903,1550,-647
118000067,731,819,-88
118000068,1483,4637,-3154
118000069,2314,1099,1215
118000070,4597,2018,2579
118000071,3274,6737,-3463
118000072,1250,1371,-121
118000073,1176,806,370
118000074,486,389,97
118000075,637,371,266
118000076,1395,2916,-1521
118000077,1229,1347,-118
118000078,1835,2637,-802
118000079,248,455,-207
118000080,809,832,-23
118000081,1800,1281,519
118000082,302,1293,-991
118000083,1743,1696,47
118000084,3046,1710,1336
118000086,293,527,-234
118000087,4042,2583,1459
118000088,1693,1550,143
118000089,3707,2267,1440
118000090,1698,2783,-1085
118000091,1338,2488,-1150
118000092,875,433,442
118000093,112,645,-533
118000096,435,532,-97
118000097,772,632,140
118000098,303,219,84
118000099,750,708,42
118000101,1173,345,828
118000102,443,889,-446
118000107,1620,511,1109
118000108,882,2461,-1579
118000110,1,27,-26
118000111,3,245,-242
118000112,546,3,543
118000113,2,496,-494
118000114,574,7,567
118000115,20,10,10
118000116,34,1,33
118000117,783,726,57
118000118,1053,1022,31
118000119,944,1165,-221
118000120,1507,1107,400
118000121,106,697,-591
118000122,1429,398,1031
118000123,65,284,-219
118000125,1564,820,744
118000126,638,1521,-883
118000127,1649,685,964
118000128,519,1070,-551
118000129,988,477,511
118000130,2067,2860,-793
118000131,447,615,-168
118000132,2849,2078,771
118000133,989,455,534
118000135,730,391,339
118000136,138,421,-283
118000137,551,102,449
118000138,438,569,-131
118000139,494,111,383
118000140,2776,5033,-2257
118000141,2340,1819,521
118000142,2096,1479,617
118000143,2308,1248,1060
118000144,1091,705,386
118000145,1597,1471,126
118000146,1332,773,559
118000147,935,1190,-255
118000148,577,1103,-526
118000149,1055,842,213
118000150,629,265,364
118000151,562,448,114
118000153,1541,1260,281
118000154,1575,1355,220
118000155,1636,1497,139
118000156,2287,2424,-137
118000157,641,364,277
118000158,254,428,-174
118000159,37,98,-61
118000160,548,402,146
118000161,515,653,-138
118000162,2041,1010,1031
118000163,965,895,70
118000164,2064,1387,677
118000168,865,755,110
118000169,1021,1065,-44
118000170,3176,4092,-916
118000171,388,582,-194
118000172,115,239,-124
118000173,887,1277,-390
118000175,383,424,-41
118000176,359,507,-148
118000177,330,706,-376
118000178,53,58,-5
118000179,1356,1679,-323
118000180,988,715,273
118000181,826,339,487
118000182,335,282,53
118000183,264,346,-82
118000184,1075,652,423
118000185,1471,1325,146
118000186,921,1338,-417
118000187,1542,589,953
118000188,730,179,551
118000189,879,573,306
118000190,6,20,-14
118000191,38,41,-3
118000192,238,307,-69
118000193,105,371,-266
118000194,1290,940,350
118000195,654,1286,-632
118000196,350,208,142
118000197,131,205,-74
118000198,397,818,-421
118000199,440,391,49
118000200,135,366,-231
118000201,474,520,-46
118000202,86,72,14
118000203,604,692,-88
118000204,98,428,-330
118000205,171,333,-162
118000206,249,199,50
118000207,0,42,-42
118000208,1558,1721,-163
118000209,2107,1338,769
118000210,83,30,53
118000211,34,29,5
118000213,1264,2079,-815
118000214,555,610,-55
118000215,365,110,255
118000216,2427,2030,397
118000217,30,97,-67
118000218,97,76,21
118000219,395,236,159
118000220,2,42,-40
118000221,299,398,-99
118000222,101,11,90
118000223,33,37,-4
118000224,182,78,104
118000225,149,612,-463
118000226,982,198,784
118000227,659,476,183
118000228,124,258,-134
118000229,187,145,42
118000230,157,178,-21
118000231,111,204,-93
118000232,932,723,209
118000233,1272,778,494
118000234,584,249,335
118000236,466,341,125
118000237,119,402,-283
118000238,322,162,160
118000239,324,255,69
118000240,360,210,150
118000241,186,205,-19
118000242,479,364,115
118000243,314,204,110
118000244,48,105,-57
118000246,1,25,-24
118000255,64,257,-193
118000256,139,185,-46
118000259,7,65,-58
118000260,242,83,159
118000261,30,42,-12
118000263,104,208,-104
118000266,154,248,-94
118000267,0,132,-132
118000268,291,3,288
118000270,71,29,42
118000271,179,262,-83
118000272,100,45,55
118000273,154,65,89
118000274,120,318,-198
118000276,502,419,83
118000295,15,142,-127
118000298,187,257,-70
118000299,48,133,-85
118000301,0,46,-46
118000302,119,50,69
118000311,560,111,449
118000312,313,238,75
118000313,96,131,-35
118000314,123,57,66
118000315,85,51,34
118000316,706,437,269
118000325,93,64,29
118000326,24,32,-8
118000331,25,65,-40
118000332,33,29,4
118000333,42,81,-39
118000335,432,2,430
118000336,1,177,-176
118000407,241,60,181
118000457,4,34,-30
118000465,2632,3863,-1231
118000480,42,75,-33
118000489,37,434,-397
118000490,32,198,-166
118000492,372,185,187
118000510,43,21,22
118000514,185,287,-102
118000515,791,712,79
118000517,380,194,186
118000524,293,256,37
118000525,782,841,-59
118000530,32,164,-132
118000531,332,322,10
118000532,253,248,5
118000533,335,100,235
118000534,547,408,139
118000535,353,148,205
118000536,601,1873,-1272
118000537,10,185,-175
118000538,30,67,-37
118000539,20,81,-61
118000540,319,169,150
118000541,183,96,87
118000542,126,246,-120
118000543,248,205,43
118000546,49,43,6
118000560,2431,2632,-201
118000562,20,147,-127
118000563,1463,1135,328
118000576,172,126,46
118000577,141,116,25
118000578,139,75,64
118000579,590,1299,-709
118000595,234,117,117
118000596,0,61,-61
118000597,101,90,11
118000598,30,1,29
118000599,83,46,37
118000600,1,44,-43
118000601,20,1,19
118000602,2,33,-31
118000603,1,21,-20
118900001,611,1332,-721
118900002,954,848,106
118900003,540,8,532
118900004,49,39,10
118900005,84,6,78
118900006,204,14,190
118900007,24,3,21
118900008,1815,87,1728
118900009,76,67,9
118900010,76,9,67
118900011,199,32,167
118900012,458,199,259
118900013,603,214,389
118900015,284,79,205
118900016,18,16,2
118900017,196,338,-142
118900018,1003,37,966
118900019,51,29,22
118900020,297,181,116
118900021,204,425,-221
118900022,173,121,52
118900023,222,119,103
118900024,118,136,-18
118900025,55,35,20
118900026,79,69,10
118900027,482,184,298
118900028,209,173,36
118900029,438,512,-74
118900030,448,93,355
118900031,196,78,118
118900032,114,69,45
118900033,391,474,-83
118900034,167,39,128
118900035,156,144,12
118900036,1380,704,676
118900037,429,334,95
118900038,533,165,368
118900039,679,221,458
118900040,248,195,53
118900041,618,161,457
118900042,232,104,128
118900045,321,165,156
118900046,886,478,408
118900047,472,261,211
118900048,122,252,-130
118900049,59,44,15
118900050,39,90,-51
118900051,67,104,-37
118900052,316,290,26
118900053,32,91,-59
118900054,149,54,95
118900055,136,52,84
118900056,25,399,-374
118900057,810,526,284
118900058,442,312,130
118900059,18,72,-54
118900060,62,118,-56
118900062,516,180,336
118900064,523,611,-88
118900065,44,151,-107
118900066,75,94,-19
118900067,4197,3707,490
118900068,17,199,-182
118900069,444,225,219
118900071,5,69,-64
118900072,464,378,86
118900073,162,120,42
118900074,136,124,12
118900075,87,91,-4
118900076,213,130,83
118900077,204,168,36
118900078,32,17,15
118900079,61,176,-115
118900080,27,132,-105
118900081,81,16,65
118900082,957,158,799
118900083,41,5,36
118900084,14,18,-4
118900085,586,667,-81
118900086,45,125,-80
118900087,35,296,-261
118900088,0,11,-11
118900089,40,37,3
118900090,508,371,137
118900091,190,180,10
118900092,187,90,97
118900093,98,18,80
118900096,45,19,26
118900097,257,442,-185
118900099,67,253,-186
118900100,110,198,-88
118900101,172,328,-156
118900102,65,85,-20
118900103,56,123,-67
118900104,267,117,150
118900105,247,117,130
118900107,143,63,80
118900108,103,127,-24
118900110,1344,893,451
118900111,499,446,53
118900112,116,183,-67
118900113,130,399,-269
118900114,21,80,-59
118900115,118,513,-395
118900116,143,208,-65
118900117,125,197,-72
118900118,313,268,45
118900119,137,210,-73
118900120,117,263,-146
118900121,9,119,-110
118900122,12,991,-979
118900123,115,213,-98
118900124,89,162,-73
118900126,29,404,-375
118900129,302,213,89
118900130,53,227,-174
118900131,227,217,10
118900132,352,209,143
118900133,19,102,-83
118900135,244,199,45
118900136,223,396,-173
118900137,7,31,-24
118900139,232,289,-57
118900140,409,553,-144
118900141,67,137,-70
118900144,145,362,-217
118900145,20,116,-96
118900146,301,534,-233
118900147,181,173,8
118900148,105,71,34
118900150,180,532,-352
118900152,566,703,-137
118900157,85,162,-77
118900158,60,44,16
118900159,0,119,-119
118900161,118,10,108
118900163,97,85,12
118900164,6,88,-82
118900165,56,149,-93
118900166,48,4,44
118900167,140,78,62
118900168,17,188,-171
118900169,174,270,-96
118900170,183,103,80
118900171,33,64,-31
118900174,57,65,-8
118900175,476,486,-10
118900176,245,213,32
118900177,64,50,14
118900178,58,152,-94
118900179,3,21,-18
118900181,158,112,46
118900182,100,43,57
118900183,37,162,-125
118900184,409,128,281
118900185,125,102,23
118900186,145,93,52
118900187,234,330,-96
118900188,329,370,-41
118900189,28,865,-837
118900190,26,332,-306
118900191,182,43,139
118900192,254,18,236
118900193,594,17,577
118900195,319,579,-260
118900196,29,135,-106
118900197,204,53,151
118900198,33,19,14
118900199,109,31,78
118900200,42,26,16
118900201,38,44,-6
118900202,7,62,-55
118900203,10,27,-17
118900204,21,22,-1
118900205,1,8,-7
118900206,3,29,-26
119000001,1534,2162,-628
119000002,4551,4091,460
119000003,3003,973,2030
119000004,2381,1388,993
119000005,1883,1946,-63
119000006,2863,1476,1387
119000007,3658,3341,317
119000008,2045,1772,273
119000009,3742,4998,-1256
119000010,5889,4692,1197
119000011,4351,3473,878
119000012,3355,3843,-488
119000013,3336,1932,1404
119000014,1844,2964,-1120
119000019,277,201,76
119000020,2079,1610,469
119000021,4935,2584,2351
119000022,2775,3058,-283
119000023,256,271,-15
119000024,2382,13094,-10712
119000025,6188,1313,4875
119000026,198,619,-421
119000027,379,510,-131
119000028,1671,901,770
119000029,158,347,-189
119000030,541,1061,-520
119000031,915,642,273
119000032,2624,2673,-49
119000033,2209,1332,877
119000034,1155,960,195
119000035,34,251,-217
119000036,1939,637,1302
119000037,1460,1454,6
119000038,183,704,-521
119000039,378,339,39
119000040,916,764,152
119000041,750,1360,-610
119000048,2821,2474,347
119000049,1932,1909,23
119000050,1787,1650,137
119000051,2058,1030,1028
119000052,1979,2682,-703
119000053,1857,1157,700
119000054,3545,2549,996
119000055,4933,2877,2056
119000056,3155,1976,1179
119000057,1854,1645,209
119000058,2137,1592,545
119000059,1302,1540,-238
119000060,1840,1212,628
119000061,1089,753,336
119000062,1287,1347,-60
119000063,629,442,187
119000064,1041,1256,-215
119000065,1662,3511,-1849
119000066,2474,1139,1335
119000067,2136,1934,202
119000068,1862,1041,821
119000069,1625,2282,-657
119000070,2913,896,2017
119000071,556,810,-254
119000072,5345,3906,1439
119000073,5902,7629,-1727
119000074,1396,1994,-598
119000075,2772,2183,589
119000076,546,1695,-1149
119000077,1061,775,286
119000078,561,330,231
119000079,205,943,-738
119000080,383,208,175
119000081,467,1129,-662
119000082,1330,278,1052
119000083,651,423,228
119000084,384,809,-425
119000085,1106,210,896
119000086,338,488,-150
119000087,1649,768,881
119000088,407,272,135
119000089,83,193,-110
119000090,164,121,43
119000091,136,480,-344
119000092,505,222,283
119000093,3383,2366,1017
119000094,3499,4882,-1383
119000095,1918,2961,-1043
119000097,2132,1280,852
119000098,1052,3328,-2276
119000099,2422,1452,970
119000100,4222,3200,1022
119000101,4791,2323,2468
119000102,810,1439,-629
119000103,1454,764,690
119000104,2168,1198,970
119000105,1378,2104,-726
119000106,405,1118,-713
119000107,1140,485,655
119000108,411,785,-374
119000109,169,1050,-881
119000110,678,894,-216
119000111,67,890,-823
119000112,247,212,35
119000113,3027,381,2646
119000114,1320,1201,119
119000115,175,161,14
119000116,137,127,10
119000117,188,472,-284
119000118,4,0,4
119000123,3273,2382,891
119000124,815,230,585
119000125,4076,618,3458
119000126,741,578,163
119000127,573,452,121
119000128,38,5,33
119000131,894,520,374
119000132,3,4,-1
119000133,5,9,-4
119000134,1830,615,1215
119000135,150,266,-116
119000136,273,177,96
119000137,289,274,15
119000138,565,267,298
119000139,347,195,152
119000140,254,458,-204
119000284,1159,2464,-1305
119000285,2071,1829,242
119000286,6497,4862,1635
119000287,1128,1890,-762
119000288,1819,1160,659
119000289,1458,2330,-872
119000290,234,399,-165
119000291,11,229,-218
119000293,210,195,15
119000294,48,25,23
119000295,1561,387,1174
119000296,248,184,64
119000302,1964,1196,768
119000303,47,150,-103
119000314,1628,10803,-9175
119000315,5,286,-281
119000316,174,98,76
119000317,116,269,-153
119900001,283,1224,-941
119900002,158,294,-136
119900003,48,839,-791
119900004,287,1306,-1019
119900005,247,80,167
119900006,275,399,-124
119900007,1340,280,1060
119900008,39,49,-10
119900009,638,633,5
119900010,1718,2054,-336
119900011,24,133,-109
119900012,33,87,-54
119900013,2482,1557,925
119900014,636,388,248
119900015,124,34,90
119900016,42,83,-41
119900017,72,34,38
119900018,1881,850,1031
119900019,58,10,48
119900020,211,207,4
119900021,250,120,130
119900022,142,1061,-919
119900023,564,1758,-1194
119900025,231,38,193
119900026,744,178,566
119900027,34,24,10
119900028,236,153,83
119900029,5,5,0
119900030,676,469,207
119900031,97,479,-382
119900033,2236,362,1874
119900034,469,125,344
119900037,211,46,165
119900038,60,338,-278
119900039,85,19,66
119900040,123,21,102
119900041,151,38,113
119900042,134,175,-41
119900043,109,157,-48
119900044,221,1080,-859
119900046,136,55,81
119900047,356,89,267
119900048,29,16,13
119900049,137,14,123
119900050,202,148,54
119900051,668,10,658
119900052,82,56,26
119900053,187,175,12
119900054,160,6,154
119900055,1408,463,945
119900057,265,70,195
119900058,289,6,283
119900059,137,39,98
119900060,325,40,285
119900062,115,46,69
119900063,26,50,-24
119900064,554,106,448
119900065,229,11,218
119900066,2,1,1
119900067,108,36,72
119900068,573,6,567
119900069,159,38,121
119900070,975,13,962
119900071,749,40,709
119900073,1781,574,1207
119900074,71,60,11
119900075,4239,2495,1744
119900076,859,392,467
119900077,932,811,121
119900078,694,974,-280
119900079,366,202,164
119900080,1557,1080,477
119900081,286,32,254
119900082,1952,378,1574
119900083,530,164,366
119900084,813,395,418
119900085,55,68,-13
119900087,533,445,88
119900088,31,53,-22
119900089,65,408,-343
119900090,139,86,53
119900091,40,681,-641
119900092,206,431,-225
119900093,1536,325,1211
119900094,43,207,-164
119900095,215,128,87
119900096,36,151,-115
119900097,471,242,229
119900098,61,49,12
119900099,38,231,-193
119900100,1819,3334,-1515
119900101,222,1946,-1724
119900102,42,256,-214
119900103,48,293,-245
119900104,53,250,-197
119900105,1152,5674,-4522
119900106,13,130,-117
119900107,337,2064,-1727
119900108,4946,706,4240
119900109,27,144,-117
119900110,1063,473,590
119900111,175,260,-85
119900112,1138,595,543
119900113,68,207,-139
119900114,311,1014,-703
119900115,433,839,-406
119900116,150,442,-292
119900117,379,660,-281
119900118,149,791,-642
119900119,280,185,95
119900120,864,680,184
119900121,421,852,-431
119900122,488,340,148
119900123,244,255,-11
119900124,232,710,-478
119900125,77,298,-221
119900126,4318,419,3899
119900127,1944,1026,918
119900128,458,554,-96
119900129,255,516,-261
119900130,29,216,-187
119900131,49,277,-228
119900132,1,159,-158
119900133,72,116,-44
119900134,1529,215,1314
119900135,2,350,-348
119900136,213,405,-192
119900138,376,530,-154
119900139,27,116,-89
119900140,6,171,-165
119900141,102,745,-643
119900142,24,43,-19
119900143,15,245,-230
119900144,1597,276,1321
119900145,110,190,-80
119900146,213,197,16
119900147,3,161,-158
119900148,346,76,270
119900149,957,4984,-4027
119900150,152,193,-41
119900151,1933,980,953
119900152,163,302,-139
119900153,194,69,125
119900154,51,195,-144
119900155,54,55,-1
119900156,20,6,14
119900157,153,260,-107
119900158,252,79,173
119900159,1,1186,-1185
119900160,38,143,-105
119900161,195,196,-1
119900162,1104,1201,-97
119900163,122,148,-26
119900164,0,2,-2
119900165,144,176,-32
119900166,131,64,67
119900167,103,124,-21
119900168,1059,533,526
119900169,158,349,-191
119900170,242,306,-64
119900171,891,518,373
119900172,165,34,131
119900173,8,339,-331
119900174,9,227,-218
119900175,1456,668,788
119900177,14,195,-181
119900178,23,178,-155
119900179,113,564,-451
119900180,1099,1076,23
119900181,62,114,-52
119900182,13,320,-307
119900183,146,646,-500
119900184,1961,558,1403
119900185,71,220,-149
119900186,96,1176,-1080
119900187,35,425,-390
119900188,117,307,-190
119900189,535,524,11
119900190,100,325,-225
119900191,352,305,47
119900192,58,156,-98
119900193,482,171,311
119900194,41,92,-51
119900195,222,301,-79
119900196,1380,555,825
119900197,267,219,48
119900198,191,340,-149
119900199,187,17,170
119900200,876,626,250
119900201,414,302,112
119900202,98,303,-205
119900203,219,519,-300
119900204,372,276,96
119900205,813,489,324
119900206,155,147,8
119900208,202,165,37
119900209,559,1462,-903
119900210,33,24,9
119900211,98,11,87
119900212,197,223,-26
119900213,5,90,-85
119900214,27,83,-56
119900215,75,61,14
119900216,24,50,-26
119900217,17,81,-64
119900218,31,75,-44
119900219,11,99,-88
119900220,5,64,-59
119900221,45,218,-173
119900222,18,196,-178
119900223,15,85,-70
119900224,7,27,-20
119900225,777,54,723
119900226,604,2251,-1647
119900227,1149,385,764
119900228,30,279,-249
119900229,360,417,-57
119900230,1420,581,839
119900231,413,170,243
119900232,296,165,131
119900233,145,6,139
119900234,21,117,-96
119900235,16,56,-40
119900236,20,193,-173
119900237,82,615,-533
119900238,7,103,-96
119900240,92,133,-41
119900241,204,245,-41
119900242,1810,1650,160
119900244,673,1491,-818
119900245,165,170,-5
119900246,367,634,-267
119900247,51,129,-78
119900248,119,341,-222
119900249,323,143,180
119900253,2328,371,1957
119900254,96,791,-695
119900255,162,745,-583
119900256,705,806,-101
119900257,69,3,66
119900258,256,44,212
119900259,18,140,-122
119900260,255,10,245
119900261,326,212,114
119900262,3,180,-177
119900263,1087,452,635
119900264,110,184,-74
119900265,773,330,443
119900266,439,304,135
119900267,243,443,-200
119900268,181,148,33
119900269,1462,1041,421
119900271,59,146,-87
119900272,357,334,23
119900275,168,15,153
119900276,59,4,55
119900277,7,9,-2
119900278,288,128,160
119900279,144,276,-132
119900280,769,191,578
119900281,0,271,-271
119900282,81,136,-55
119900283,22,212,-190
119900284,46,214,-168
119900285,34,118,-84
119900286,1,29,-28
119900288,3,17,-14
119900289,0,42,-42
119900290,2,22,-20
119900291,0,89,-89
119900292,52,37,15
119900293,42,8,34
119900294,28,0,28
119900295,2,0,2
119900296,17,7,10
119900299,46,141,-95
119900300,219,279,-60
119900301,109,231,-122
119900302,217,95,122
119900303,264,193,71
119900304,217,31,186
119900305,14,124,-110
119900306,25,7,18
119900307,93,111,-18
119900308,8,29,-21
119900309,73,160,-87
119900310,302,282,20
119900311,119,108,11
119900312,161,96,65
119900313,230,334,-104
119900314,235,445,-210
119900315,1727,1690,37
119900318,12,49,-37
119900319,127,312,-185
119900320,288,542,-254
119900321,108,12,96
119900322,15,105,-90
119900323,4,106,-102
119900324,4,45,-41
119900325,108,253,-145
119900326,62,73,-11
120000001,6638,15526,-8888
120000002,2727,2232,495
120000003,3217,1541,1676
120000004,2669,1761,908
120000005,3923,1955,1968
120000006,1199,1189,10
120000007,3638,3059,579
120000008,1075,1237,-162
120000009,2279,1266,1013
120000010,1972,2494,-522
120000011,1200,1587,-387
120000012,1697,2392,-695
120000013,3310,2710,600
120000014,779,1507,-728
120000015,2783,1573,1210
120000016,4007,2229,1778
120000017,3561,2633,928
120000018,3750,12651,-8901
120000019,1227,1500,-273
120000020,3620,3298,322
120000021,2030,2260,-230
120000022,2918,4000,-1082
120000023,1135,1696,-561
120000024,1487,2451,-964
120000025,2726,2037,689
120000026,2273,1887,386
120000027,2450,2345,105
120000028,939,1798,-859
120000029,3959,1876,2083
120000030,555,1302,-747
120000031,2508,7501,-4993
120000032,7510,3796,3714
120000033,4740,1953,2787
120000034,2251,1654,597
120000035,2533,1944,589
120000036,3125,4972,-1847
120000037,769,1713,-944
120000038,6189,4308,1881
120000039,883,1087,-204
120000040,177,635,-458
120000041,1340,1911,-571
120000042,2396,2648,-252
120000043,5675,1648,4027
120000044,6020,1552,4468
120000045,6508,1123,5385
120000046,3706,3024,682
120000047,1089,5997,-4908
120000048,7033,4639,2394
120000049,3648,3139,509
120000050,3774,3594,180
120000051,3112,4342,-1230
120000052,7660,2281,5379
120000053,1551,2084,-533
120000054,1461,3304,-1843
120000055,1921,4147,-2226
120000056,5166,4075,1091
120000057,4049,1342,2707
120000058,3338,1387,1951
120000059,13,1777,-1764
120000061,128,531,-403
120000062,293,458,-165
120000063,1443,2425,-982
120000064,305,1001,-696
120000065,496,1237,-741
120000066,532,644,-112
120000067,99,635,-536
120000068,192,731,-539
120000069,637,902,-265
120000070,105,546,-441
120000071,515,130,385
120000072,992,420,572
120000073,1008,125,883
120000074,347,146,201
120000075,1106,423,683
120000076,2416,416,2000
120000077,2131,792,1339
120000078,3989,1312,2677
120000079,354,184,170
120000080,177,239,-62
120000081,393,143,250
120000082,222,246,-24
120000083,54,711,-657
120000084,420,538,-118
120000085,472,522,-50
120000086,286,482,-196
120000087,256,554,-298
120000088,887,1097,-210
120000089,1312,662,650
120000090,921,608,313
120000091,1096,945,151
120000092,1436,600,836
120000093,572,514,58
120000094,223,786,-563
120000095,1027,525,502
120000096,320,723,-403
120000098,1046,814,232
120000099,550,804,-254
120000100,964,766,198
120000101,737,486,251
120000102,709,945,-236
120000103,1779,886,893
120000104,2149,506,1643
120000105,3295,672,2623
120000106,2692,654,2038
120000107,4644,705,3939
120000108,1776,160,1616
120000109,1219,110,1109
120000110,98,909,-811
120000111,109,973,-864
120000112,807,2124,-1317
120000113,590,1719,-1129
120000114,833,2097,-1264
120000115,317,1779,-1462
120000116,705,1759,-1054
120000117,884,1363,-479
120000118,83,33,50
120000119,21,56,-35
120000120,103,90,13
120000121,27,64,-37
120000122,247,437,-190
120000123,3931,6111,-2180
120000124,479,444,35
120000125,664,676,-12
120000126,434,1100,-666
120000127,2497,1217,1280
120000128,3178,4754,-1576
120000129,339,313,26
120000130,900,531,369
120000131,331,769,-438
120000134,370,903,-533
120000135,666,491,175
120000137,297,1103,-806
120000138,1135,402,733
120000139,362,527,-165
120000140,1009,498,511
120000141,392,444,-52
120000142,705,628,77
120000143,0,111,-111
120000144,133,2,131
120000145,432,3,429
120000146,971,879,92
120000149,816,968,-152
120000150,2964,12099,-9135
120000151,485,413,72
120000152,640,170,470
120000153,449,556,-107
120000154,595,442,153
120000155,138,285,-147
120000156,775,1240,-465
120000157,1042,655,387
120000158,909,798,111
120000159,1947,2195,-248
120000160,2436,1843,593
120000161,2333,2164,169
120000162,107,245,-138
120000163,936,1080,-144
120000164,777,359,418
120000165,554,653,-99
120000166,1509,573,936
120000167,207,356,-149
120000168,45,1003,-958
120000169,150,2189,-2039
120000170,121,1507,-1386
120000171,46,629,-583
120000172,50,286,-236
120000173,2116,2145,-29
120000174,415,38,377
120000175,168,31,137
120000176,211,73,138
120000177,1520,192,1328
120000178,117,39,78
120000179,271,108,163
120000180,1896,149,1747
120000181,430,2519,-2089
120000182,126,1046,-920
120000183,44,972,-928
120000184,224,1978,-1754
120000186,62,710,-648
120000187,35,334,-299
120000188,110,657,-547
120000190,741,112,629
120000191,897,137,760
120000192,860,68,792
120000193,388,22,366
120000195,97,10,87
120000196,465,88,377
120000197,229,112,117
120000198,201,97,104
120000199,127,0,127
120000200,134,1,133
120000201,14,24,-10
120000202,3,56,-53
120000203,61,181,-120
120000207,2,78,-76
120000208,7,192,-185
120000209,4,55,-51
120000210,54,72,-18
120000211,217,3,214
120000212,259,1,258
120000213,189,283,-94
120000214,1,235,-234
120000215,8,135,-127
120000216,105,30,75
120000217,686,1347,-661
120000218,146,685,-539
120000219,8,427,-419
120000220,31,1283,-1252
120000225,1934,4,1930
120000226,456,7,449
120000227,1008,102,906
120000228,12624,3676,8948
120000230,420,34,386
120000231,1509,1866,-357
120000233,488,7,481
120000235,276,477,-201
120000236,1299,2,1297
120000237,3,1278,-1275
120000238,4,1339,-1335
120000241,1379,3963,-2584
120000412,837,14,823
120000413,310,262,48
120000414,184,6,178
120000415,1,76,-75
120000416,196,8,188
120000417,8,61,-53
120000418,217,29,188
120000419,25,284,-259
120000420,51,25,26
120000421,9044,5607,3437
120000422,168,1654,-1486
120000423,1,78,-77
120000424,102,113,-11
120000436,142,781,-639
120000437,151,128,23
120000438,2128,296,1832
120000439,278,604,-326
120000443,238,5,233
120000444,1573,473,1100
120000445,1849,1019,830
120000446,668,194,474
120000447,306,2,304
120000449,174,6,168
120000450,6,182,-176
120000451,142,281,-139
120000452,438,1,437
120000453,0,403,-403
120000454,86,46,40
120000455,81,46,35
120000456,2767,3908,-1141
120000457,1237,487,750
120000458,596,615,-19
120000459,137,65,72
120000665,1779,376,1403
120000668,140,1617,-1477
120000669,119,189,-70
120000670,368,1251,-883
120000671,1433,474,959
120000672,103,519,-416
120900001,101,135,-34
120900002,518,758,-240
120900003,265,30,235
120900004,27,108,-81
120900005,121,961,-840
120900006,461,310,151
120900007,229,129,100
120900008,635,1437,-802
120900009,771,59,712
120900010,613,140,473
120900011,330,225,105
120900012,256,1640,-1384
120900013,400,145,255
120900014,3,455,-452
120900015,993,103,890
120900016,927,91,836
120900017,2310,97,2213
120900018,198,442,-244
120900019,846,374,472
120900020,800,1534,-734
120900021,943,304,639
120900022,24,285,-261
120900023,370,42,328
120900024,2133,576,1557
120900025,1651,1125,526
120900026,408,252,156
120900027,1042,41,1001
120900028,418,130,288
120900029,136,580,-444
120900030,1553,901,652
120900031,282,119,163
120900032,1322,115,1207
120900033,1247,79,1168
120900034,55,2808,-2753
120900035,98,162,-64
120900037,328,16,312
120900038,76,382,-306
120900039,200,66,134
120900040,347,7,340
120900041,143,34,109
120900042,621,69,552
120900043,157,66,91
120900044,19,364,-345
120900045,141,163,-22
120900046,559,9,550
120900047,152,163,-11
120900048,140,34,106
120900049,571,7,564
120900050,1926,1841,85
120900051,396,116,280
120900052,709,8,701
120900053,421,72,349
120900054,1662,620,1042
120900055,464,2,462
120900056,636,28,608
120900057,204,23,181
120900058,581,0,581
120900059,93,2,91
120900060,110,26,84
120900061,309,293,16
120900062,255,3,252
120900063,725,10,715
120900064,693,3,690
120900065,607,0,607
120900066,793,408,385
120900067,223,74,149
120900068,369,0,369
120900069,277,53,224
120900071,126,4,122
120900072,846,4,842
120900073,675,138,537
120900074,765,13,752
120900076,389,2,387
120900077,2878,341,2537
120900078,831,372,459
120900079,883,127,756
120900080,997,1417,-420
120900081,1203,568,635
120900082,408,414,-6
120900083,109,9,100
120900084,356,517,-161
120900085,101,136,-35
120900086,75,390,-315
120900087,574,476,98
120900088,200,483,-283
120900089,2399,3264,-865
120900090,304,112,192
120900091,791,951,-160
120900092,1248,477,771
120900093,2002,187,1815
120900094,473,180,293
120900095,448,26,422
120900096,82,236,-154
120900097,928,714,214
120900098,254,161,93
120900099,86,88,-2
120900100,127,216,-89
120900101,583,285,298
120900102,60,98,-38
120900103,83,278,-195
120900104,26,54,-28
120900105,50,527,-477
120900106,1046,495,551
120900107,306,177,129
120900108,5,488,-483
120900109,38,502,-464
120900110,24,631,-607
120900111,204,339,-135
120900112,20,672,-652
120900113,11,687,-676
120900114,47,148,-101
120900115,193,327,-134
120900116,484,339,145
120900117,9,392,-383
120900118,18,543,-525
120900119,7920,4828,3092
120900120,93,465,-372
120900121,313,524,-211
120900122,629,377,252
120900123,6,350,-344
120900124,2,429,-427
120900125,8,536,-528
120900126,1565,825,740
120900127,31,391,-360
120900128,1043,1304,-261
120900129,56,253,-197
120900130,27,580,-553
120900131,105,145,-40
120900132,1291,287,1004
120900133,242,736,-494
120900134,750,439,311
120900135,11,503,-492
120900136,59,386,-327
120900137,343,111,232
120900138,36,215,-179
120900139,6,568,-562
120900140,3,230,-227
120900141,228,251,-23
120900142,23,386,-363
120900143,4,664,-660
120900144,0,164,-164
120900145,113,659,-546
120900146,5,844,-839
120900147,2,466,-464
120900148,191,138,53
120900149,2,259,-257
120900150,61,386,-325
120900151,0,492,-492
120900152,0,41,-41
120900153,102,124,-22
120900154,1,440,-439
120900155,232,819,-587
120900156,58,296,-238
120900157,144,319,-175
120900158,92,490,-398
120900159,472,529,-57
120900160,22,581,-559
120900161,107,599,-492
120900162,112,904,-792
120900163,148,1881,-1733
120900164,0,34,-34
120900165,25,159,-134
120900166,185,800,-615
120900167,451,201,250
120900169,59,219,-160
120900170,910,3232,-2322
120900171,1072,267,805
120900172,1057,2058,-1001
120900173,2,513,-511
120900174,13,107,-94
120900175,279,162,117
120900176,17,439,-422
120900177,3,1400,-1397
120900178,1,597,-596
120900179,785,423,362
120900180,105,157,-52
120900181,184,54,130
120900182,29,323,-294
120900183,803,98,705
120900184,432,61,371
120900185,20,377,-357
120900186,0,300,-300
120900187,578,1102,-524
120900188,251,8,243
120900189,100,1530,-1430
120900190,127,15,112
120900191,29,13,16
120900192,8278,8618,-340
120900194,91,108,-17
120900195,159,356,-197
120900196,882,44,838
120900197,877,125,752
120900198,279,472,-193
120900199,389,563,-174
120900200,72,128,-56
120900201,447,227,220
120900202,5,140,-135
120900203,42,92,-50
120900204,162,251,-89
120900205,44,56,-12
120900206,24,73,-49
120900207,197,1181,-984
121000001,840,1177,-337
121000002,2817,1373,1444
121000003,3036,2145,891
121000004,2730,3346,-616
121000005,1944,2846,-902
121000006,3462,1848,1614
121000007,2569,3147,-578
121000008,5052,4286,766
121000009,5484,5777,-293
121000010,8324,6253,2071
121000011,9178,11864,-2686
121000012,16321,10454,5867
121000013,4993,6670,-1677
121000014,6075,5164,911
121000015,4116,7071,-2955
121000016,4148,3580,568
121000017,2366,3929,-1563
121000018,3060,1851,1209
121000019,15623,12039,3584
121000020,14521,17710,-3189
121000021,2824,3120,-296
121000022,2528,3675,-1147
121000023,3481,2651,830
121000024,4819,4942,-123
121000025,763,1548,-785
121000026,410,186,224
121000027,1716,1223,493
121000028,1009,588,421
121000029,1004,697,307
121000030,732,510,222
121000031,745,821,-76
121000032,293,116,177
121000034,334,278,56
121000035,171,228,-57
121000036,1030,929,101
121000037,616,602,14
121000038,575,1012,-437
121000039,329,503,-174
121000041,640,552,88
121000042,344,455,-111
121000043,694,543,151
121000044,1533,947,586
121000045,570,322,248
121000046,798,1016,-218
121000047,53,134,-81
121000049,1384,659,725
121000050,396,1181,-785
121000051,655,353,302
121000052,463,674,-211
121000053,442,149,293
121000054,47,396,-349
121000055,1138,1284,-146
121000056,814,1009,-195
121000057,330,654,-324
121000058,426,265,161
121000059,2648,1409,1239
121000060,678,1006,-328
121000061,108,519,-411
121000062,189,436,-247
121000063,930,842,88
121000064,862,810,52
121000065,390,506,-116
121000066,775,676,99
121000067,540,687,-147
121000068,814,506,308
121000069,676,1138,-462
121000070,1653,1400,253
121000071,1314,1502,-188
121000072,1297,782,515
121000073,1187,1092,95
121000074,130,159,-29
121000075,77,517,-440
121000076,797,508,289
121000077,139,252,-113
121000078,103,236,-133
121000080,2029,713,1316
121000081,5067,3310,1757
121000082,96,330,-234
121000083,142,137,5
121000084,184,135,49
121000085,348,505,-157
121000086,382,688,-306
121000087,70,323,-253
121000088,499,603,-104
121000089,456,478,-22
121000090,658,473,185
121000091,1509,1020,489
121000092,286,80,206
121000093,218,263,-45
121000094,552,802,-250
121000095,399,839,-440
121000096,2346,2308,38
121000097,985,2370,-1385
121000098,696,1116,-420
121000099,769,810,-41
121000100,993,439,554
121000101,477,321,156
121000102,280,275,5
121000103,240,345,-105
121000104,285,132,153
121000105,473,231,242
121000106,408,412,-4
121000107,2084,3074,-990
121000109,1292,1132,160
121000110,373,709,-336
121000114,3039,2045,994
121000115,1000,575,425
121000116,262,775,-513
121000117,673,201,472
121000118,1615,241,1374
121000119,258,463,-205
121000120,319,524,-205
121000121,647,1434,-787
121000123,1418,821,597
121000126,71,347,-276
121000127,189,125,64
121000128,933,408,525
121000129,1017,538,479
121000130,591,844,-253
121000131,2495,2080,415
121000132,1815,2188,-373
121000135,502,967,-465
121000136,1302,1408,-106
121000137,513,437,76
121000138,976,1727,-751
121000139,452,645,-193
121000141,226,176,50
121000142,775,897,-122
121000143,136,41,95
121000144,1102,1850,-748
121000145,576,1048,-472
121000146,1423,1146,277
121000147,1135,604,531
121000148,974,1055,-81
121000149,2246,1353,893
121000152,459,488,-29
121000153,1822,595,1227
121000154,1290,586,704
121000155,1854,929,925
121000156,472,907,-435
121000157,1025,1657,-632
121000158,357,438,-81
121000159,212,349,-137
121000160,301,419,-118
121000161,248,309,-61
121000162,122,215,-93
121000165,1654,2100,-446
121000166,27,450,-423
121000168,491,234,257
121000169,96,160,-64
121000170,355,89,266
121000171,122,221,-99
121000172,718,527,191
121000173,1480,1302,178
121000174,380,464,-84
121000175,1070,358,712
121000176,399,330,69
121000177,919,699,220
121000178,110,59,51
121000179,84,63,21
121000181,439,452,-13
121000182,228,316,-88
121000183,76,216,-140
121000184,122,247,-125
121000185,48,252,-204
121000186,232,808,-576
121000187,243,190,53
121000188,190,166,24
121000192,1079,468,611
121000193,692,475,217
121000194,2093,2252,-159
121000195,256,872,-616
121000196,662,363,299
121000197,344,837,-493
121000198,273,178,95
121000199,243,410,-167
121000200,859,100,759
121000201,6,192,-186
121000202,1107,135,972
121000203,894,1725,-831
121000204,3176,728,2448
121000205,177,315,-138
121000206,237,56,181
121000207,2066,414,1652
121000208,11,295,-284
121000209,423,214,209
121000210,680,346,334
121000211,294,121,173
121000212,444,661,-217
121000213,10370,2952,7418
121000214,887,2249,-1362
121000215,1125,1158,-33
121000216,635,689,-54
121000217,4449,2450,1999
121000218,368,1598,-1230
121000219,1488,472,1016
121000220,200,112,88
121000221,127,288,-161
121000222,2223,2791,-568
121000223,349,375,-26
121000224,293,264,29
121000225,959,2251,-1292
121000226,2054,1203,851
121000227,10,111,-101
121000228,17,456,-439
121000229,377,281,96
121000230,59,1279,-1220
121000231,1167,23,1144
121000232,436,283,153
121000233,545,343,202
121000234,25,42,-17
121000235,61,88,-27
121000236,12,62,-50
121000237,65,21,44
121000238,17,73,-56
121000239,83,8,75
121000240,8,153,-145
121000241,100,20,80
121000242,81,395,-314
121000243,612,139,473
121000244,20,63,-43
121000245,83,36,47
121000246,11,123,-112
121000247,132,4,128
121000248,1173,553,620
121000249,104,351,-247
121000250,543,222,321
121000251,35,322,-287
121000252,128,87,41
121000253,313,372,-59
121000254,669,194,475
121000255,151,249,-98
121000256,308,153,155
121000257,23,97,-74
121000258,108,84,24
121000259,50,82,-32
121000260,70,170,-100
121000261,98,90,8
121000262,1094,745,349
121000263,473,394,79
121000271,323,1433,-1110
121000273,40,5,35
121000274,9,49,-40
121000275,1,13,-12
121000276,8,18,-10
121000278,56,40,16
121000279,29,43,-14
121000280,45,40,5
121000289,239,23,216
121000290,1124,1024,100
121000294,183,149,34
121000297,742,1100,-358
121000299,134,789,-655
121000300,994,579,415
121000302,88,1259,-1171
121000303,478,422,56
121000304,556,77,479
121000305,177,54,123
121000306,113,156,-43
121000308,152,314,-162
121000309,385,453,-68
121000310,101,331,-230
121000311,98,646,-548
121000312,496,274,222
121000313,333,449,-116
121000314,108,153,-45
121000315,56,148,-92
121000530,1719,1360,359
121000531,1510,1429,81
121000532,6929,7872,-943
121000533,3459,3569,-110
121000918,49,99,-50
121000919,46,79,-33
121000938,163,290,-127
121000939,163,359,-196
121000956,1602,1085,517
121000957,8,10,-2
121000958,42,75,-33
121000959,858,595,263
121000960,1398,1679,-281
121000961,272,146,126
121000962,277,450,-173
121000973,0,155,-155
121000976,14,240,-226
121000979,654,222,432
121000981,399,209,190
121000982,355,217,138
121000983,381,351,30
121000984,35,100,-65
121000985,746,474,272
121000986,393,172,221
121000987,175,741,-566
121000988,894,109,785
121001302,292,138,154
121001308,5,23,-18
121001309,66,109,-43
121001313,162,144,18
121001314,1769,2588,-819
121001315,5048,2735,2313
121900001,124,202,-78
121900002,36,43,-7
121900003,450,53,397
121900004,141,461,-320
121900005,28,6,22
121900006,137,40,97
121900007,2288,2013,275
121900008,1461,795,666
121900009,736,26,710
121900010,247,7,240
121900011,283,415,-132
121900012,15,0,15
121900013,1190,121,1069
121900014,1496,332,1164
121900015,238,269,-31
121900016,3,29,-26
121900017,493,448,45
121900018,372,9,363
121900019,557,279,278
121900020,31,2,29
121900021,988,18,970
121900022,346,262,84
121900023,184,490,-306
121900024,386,75,311
121900025,721,453,268
121900026,393,53,340
121900027,505,224,281
121900028,246,24,222
121900029,126,226,-100
121900030,514,595,-81
121900031,963,6633,-5670
121900032,105,94,11
121900033,226,276,-50
121900034,295,76,219
121900035,3216,2440,776
121900036,91,277,-186
121900037,235,1086,-851
121900038,44,130,-86
121900039,399,64,335
121900040,119,154,-35
121900041,135,240,-105
121900042,427,184,243
121900043,2,8,-6
121900044,117,44,73
121900046,255,423,-168
121900047,224,53,171
121900048,64,110,-46
121900050,47,76,-29
121900051,201,194,7
121900052,160,53,107
121900053,506,359,147
121900054,495,1030,-535
121900055,19,22,-3
121900058,239,144,95
121900059,444,192,252
121900060,156,319,-163
121900061,288,230,58
121900062,163,140,23
121900063,1835,416,1419
121900064,284,597,-313
121900066,57,41,16
121900067,56,77,-21
121900069,162,192,-30
121900070,287,141,146
121900071,412,282,130
121900072,64,136,-72
121900073,327,295,32
121900074,899,1102,-203
121900075,505,630,-125
121900076,455,692,-237
121900077,30,30,0
121900078,99,53,46
121900079,1,0,1
121900080,970,428,542
121900082,83,101,-18
121900084,25,110,-85
121900085,0,9,-9
121900086,28,91,-63
121900087,185,125,60
121900088,2228,3206,-978
121900089,226,312,-86
121900090,44,99,-55
121900091,86,85,1
121900092,75,185,-110
121900093,85,93,-8
121900094,31,8,23
121900095,305,181,124
121900096,1348,978,370
121900097,623,198,425
121900098,7,7,0
121900099,222,67,155
121900100,251,548,-297
121900101,233,225,8
121900102,10,199,-189
121900103,537,336,201
121900104,1606,295,1311
121900105,320,196,124
121900106,15,6,9
121900107,54,42,12
121900108,1,19,-18
121900109,280,157,123
121900110,610,743,-133
121900111,774,331,443
121900112,171,201,-30
121900113,113,428,-315
121900114,87,69,18
121900117,285,271,14
121900118,1691,517,1174
121900119,152,76,76
121900120,74,1226,-1152
121900121,460,46,414
121900122,34,55,-21
121900123,279,452,-173
121900124,146,165,-19
121900125,2226,934,1292
121900127,28,96,-68
121900128,124,106,18
121900129,543,232,311
121900130,116,228,-112
121900131,260,99,161
121900132,61,103,-42
121900133,97,1073,-976
121900134,36,224,-188
121900135,3763,553,3210
121900136,461,371,90
121900137,81,403,-322
121900138,122,180,-58
121900139,337,678,-341
121900140,74,159,-85
121900141,78,89,-11
121900142,193,125,68
121900143,20,134,-114
121900144,159,306,-147
121900145,252,410,-158
121900146,615,729,-114
121900147,66,192,-126
121900148,179,357,-178
121900149,383,492,-109
121900150,71,175,-104
121900151,70,222,-152
121900152,136,127,9
121900153,124,812,-688
121900154,10,221,-211
121900155,5,237,-232
121900156,241,190,51
121900157,2,306,-304
121900158,63,130,-67
121900159,3,202,-199
121900160,23,215,-192
121900161,323,305,18
121900162,93,191,-98
121900163,261,400,-139
121900164,391,258,133
121900165,224,171,53
121900166,158,177,-19
121900167,101,170,-69
121900168,141,174,-33
121900169,4,165,-161
121900170,19,220,-201
121900171,887,696,191
121900172,540,213,327
121900173,926,314,612
121900174,81,53,28
121900175,196,401,-205
121900176,522,1338,-816
121900177,274,101,173
121900178,40,48,-8
121900179,481,250,231
121900180,3388,4558,-1170
121900182,768,320,448
121900183,580,1619,-1039
121900184,67,753,-686
121900186,8,449,-441
121900187,46,199,-153
121900188,791,344,447
121900189,32,109,-77
121900190,303,398,-95
121900191,154,209,-55
121900192,350,852,-502
121900193,50,142,-92
121900194,13,264,-251
121900195,68,88,-20
121900196,993,977,16
121900197,413,1300,-887
121900198,1326,1096,230
121900199,4,37,-33
121900200,102,235,-133
121900201,957,906,51
121900202,143,780,-637
121900203,227,1037,-810
121900204,819,1218,-399
121900205,11,98,-87
121900206,38,54,-16
121900207,144,52,92
121900208,161,392,-231
121900209,82,52,30
121900210,1493,942,551
121900211,26,77,-51
121900212,149,157,-8
121900213,238,81,157
121900214,16,521,-505
121900215,69,129,-60
121900216,32,305,-273
121900217,268,175,93
121900218,232,385,-153
121900220,173,17,156
121900221,386,680,-294
121900222,174,149,25
121900223,268,84,184
121900224,81,75,6
121900225,129,136,-7
121900226,263,710,-447
121900227,323,530,-207
121900228,203,281,-78
121900230,74,446,-372
121900231,351,2586,-2235
121900232,279,449,-170
121900233,227,234,-7
121900234,366,266,100
121900235,545,155,390
121900236,347,172,175
121900237,225,324,-99
121900238,169,332,-163
121900239,231,40,191
121900240,269,169,100
121900241,45,54,-9
121900242,10,2,8
121900243,21,0,21
121900244,20,5,15
121900245,201,69,132
121900246,2628,439,2189
121900247,367,259,108
121900248,1434,1407,27
121900250,300,345,-45
121900251,571,58,513
121900252,606,162,444
121900253,129,653,-524
121900254,417,311,106
121900255,524,123,401
121900258,3989,2052,1937
121900259,402,613,-211
121900260,190,150,40
121900261,157,564,-407
121900262,450,873,-423
121900263,284,234,50
121900264,1632,1344,288
121900265,318,218,100
121900266,487,166,321
121900267,83,66,17
121900269,333,710,-377
121900270,35,234,-199
121900271,64,186,-122
121900273,560,1920,-1360
121900274,374,249,125
121900277,630,1465,-835
121900278,118,1100,-982
121900279,181,226,-45
121900280,165,438,-273
121900281,480,676,-196
121900284,130,15,115
121900286,136,90,46
121900287,21,34,-13
121900288,1,0,1
121900290,329,498,-169
121900291,335,693,-358
121900292,158,156,2
121900293,1017,2627,-1610
121900294,295,4,291
121900295,168,222,-54
121900296,63,345,-282
121900298,336,895,-559
121900299,0,21,-21
121900300,155,12,143
121900301,100,16,84
121900302,5,42,-37
121900303,290,562,-272
121900304,3,11,-8
121900305,3,8,-5
121900306,228,1,227
121900307,67,21,46
121900308,61,283,-222
121900309,11,240,-229
121900310,9,398,-389
121900311,504,18,486
121900312,479,15,464
121900313,407,28,379
121900314,3,51,-48
121900315,24,0,24
121900316,0,4,-4
121900317,29,5,24
121900318,1,9,-8
121900319,63,170,-107
121900320,31,46,-15
121900321,22,0,22
121900322,1,7,-6
121900323,29,25,4
121900324,6,42,-36
121900325,10,14,-4
121900326,3,29,-26
121900327,4,52,-48
121900328,4,30,-26
121900329,1,120,-119
121900330,0,33,-33
121900331,137,60,77
121900332,106,52,54
121900333,17,4,13
122000001,1989,4900,-2911
122000002,3448,1531,1917
122000003,1917,2904,-987
122000004,2797,1744,1053
122000005,2572,2091,481
122000006,1456,1152,304
122000007,901,1615,-714
122000008,2898,4462,-1564
122000009,440,448,-8
122000010,2103,2692,-589
122000011,3243,1525,1718
122000012,911,1589,-678
122000013,1122,1011,111
122000014,1731,1047,684
122000015,1498,1123,375
122000016,622,866,-244
122000017,1226,1102,124
122000018,1435,1428,7
122000019,787,1118,-331
122000020,199,242,-43
122000021,277,505,-228
122000022,1155,1069,86
122000023,716,1689,-973
122000024,700,1310,-610
122000025,776,1847,-1071
122000026,816,1253,-437
122000027,596,1656,-1060
122000028,966,436,530
122000029,573,548,25
122000030,259,175,84
122000031,144,315,-171
122000032,1865,1784,81
122000033,764,1556,-792
122000034,633,616,17
122000035,346,723,-377
122000036,600,524,76
122000037,389,243,146
122000038,220,340,-120
122000039,543,418,125
122000040,260,302,-42
122000041,566,548,18
122000042,365,368,-3
122000043,113,115,-2
122000044,131,140,-9
122000045,1199,497,702
122000046,798,757,41
122000047,222,256,-34
122000048,3517,4535,-1018
122000049,5797,3581,2216
122000050,1342,814,528
122000051,261,324,-63
122000052,497,434,63
122000053,183,896,-713
122000054,2217,2051,166
122000055,2091,3269,-1178
122000056,4381,3324,1057
122000057,3054,3539,-485
122000058,2003,1571,432
122000059,2269,2058,211
122000060,521,796,-275
122000061,452,657,-205
122000062,765,355,410
122000063,1028,711,317
122000064,3145,3123,22
122000065,3053,2301,752
122000066,985,1038,-53
122000067,1493,1254,239
122000068,1743,1132,611
122000069,769,692,77
122000070,863,1399,-536
122000071,2018,1218,800
122000072,390,486,-96
122000073,319,879,-560
122000074,2945,1705,1240
122000075,845,1269,-424
122000076,2834,1295,1539
122000077,974,1048,-74
122000078,1641,2719,-1078
122000079,839,1462,-623
122000080,666,380,286
122000081,193,262,-69
122000082,543,1087,-544
122000083,1893,1563,330
122000084,1595,941,654
122000085,297,1001,-704
122000086,2373,5151,-2778
122000087,429,363,66
122000088,374,496,-122
122000089,4738,2503,2235
122000090,274,598,-324
122000091,150,105,45
122000092,98,42,56
122000093,1740,2207,-467
122000094,5415,3016,2399
122000095,2093,4100,-2007
122000096,1859,1816,43
122000098,3198,2798,400
122000099,1422,844,578
122000100,794,525,269
122000101,418,668,-250
122000102,2216,1261,955
122000103,2019,1700,319
122000104,484,245,239
122000105,531,260,271
122000106,516,644,-128
122000107,1125,468,657
122000108,510,757,-247
122000109,545,334,211
122000110,512,594,-82
122000111,2806,1403,1403
122000112,982,1387,-405
122000113,699,645,54
122000114,2835,1486,1349
122000115,1966,1264,702
122000116,519,617,-98
122000117,1420,476,944
122000118,637,889,-252
122000119,4120,2999,1121
122000120,2223,5698,-3475
122000121,2455,3649,-1194
122000122,820,1843,-1023
122000123,1852,1894,-42
122000124,1052,526,526
122000125,673,855,-182
122000126,600,1101,-501
122000127,1022,1436,-414
122000128,581,840,-259
122000129,545,1588,-1043
122000130,3600,1701,1899
122000131,2052,1435,617
122000132,598,659,-61
122000133,1060,1299,-239
122000134,991,856,135
122000135,672,711,-39
122000136,837,704,133
122000137,1908,853,1055
122000139,1233,3753,-2520
122000140,656,659,-3
122000141,4331,1218,3113
122000142,308,1064,-756
122000143,492,760,-268
122000144,1723,1227,496
122000145,1403,925,478
122000146,805,1599,-794
122000147,597,491,106
122000148,1615,2332,-717
122000149,2376,1804,572
122000150,1264,1176,88
122000151,178,435,-257
122000152,395,372,23
122000153,388,410,-22
122000154,307,265,42
122000155,1613,2651,-1038
122000156,2572,2957,-385
122000157,1202,2675,-1473
122000158,399,744,-345
122000159,890,1940,-1050
122000160,4463,2995,1468
122000161,1329,1346,-17
122000162,2477,2092,385
122000163,325,104,221
122000164,42,105,-63
122000165,732,665,67
122000166,763,1073,-310
122000167,331,265,66
122000168,214,571,-357
122000169,316,190,126
122000170,349,261,88
122000171,76,113,-37
122000172,2019,1434,585
122000173,1707,2275,-568
122000174,2295,1156,1139
122000175,932,274,658
122000176,342,814,-472
122000177,1558,1565,-7
122000178,3039,2325,714
122000179,1715,2324,-609
122000180,1809,1441,368
122000181,1678,3138,-1460
122000182,1912,1931,-19
122000183,2186,1064,1122
122000184,3248,2655,593
122000185,1614,1987,-373
122000186,492,773,-281
122000187,1885,1055,830
122000188,480,230,250
122000189,318,302,16
122000190,874,1292,-418
122000191,912,823,89
122000192,1239,395,844
122000193,507,851,-344
122000194,504,170,334
122000195,204,523,-319
122000196,1250,692,558
122000197,526,781,-255
122000198,507,966,-459
122000199,349,369,-20
122000200,910,625,285
122000201,1435,1706,-271
122000202,1320,1632,-312
122000203,3067,1594,1473
122000204,1636,1985,-349
122000205,1378,1554,-176
122000206,2414,1112,1302
122000207,1788,1625,163
122000208,2201,1514,687
122000209,1849,386,1463
122000210,2250,1596,654
122000211,1453,1562,-109
122000212,751,553,198
122000213,1071,1337,-266
122000214,2070,1707,363
122000215,2430,1726,704
122000217,1954,1451,503
122000218,765,75,690
122000219,1204,908,296
122000220,456,753,-297
122000221,76,453,-377
122000222,550,157,393
122000223,1283,573,710
122000225,752,295,457
122000226,1729,1986,-257
122000227,323,2271,-1948
122000228,394,430,-36
122000229,41,588,-547
122000230,212,508,-296
122000231,355,785,-430
122000232,582,946,-364
122000233,2,137,-135
122000234,389,48,341
122000235,493,129,364
122000236,1335,110,1225
122000237,139,87,52
122000238,542,393,149
122000239,695,205,490
122000240,1204,675,529
122000241,2004,583,1421
122000242,963,144,819
122000243,121,57,64
122000244,25,394,-369
122000245,28,129,-101
122000246,82,145,-63
122000247,608,323,285
122000248,1083,1609,-526
122000249,1052,997,55
122000250,2785,1078,1707
122000251,274,422,-148
122000252,569,156,413
122000253,64,222,-158
122000254,333,130,203
122000255,802,1470,-668
122000256,377,768,-391
122000257,180,239,-59
122000258,320,309,11
122000259,14,482,-468
122000260,4,60,-56
122000261,20,209,-189
122000262,1,32,-31
122000263,512,186,326
122000264,1623,292,1331
122000265,2682,939,1743
122000266,4424,658,3766
122000267,171,103,68
122000268,209,296,-87
122000269,1049,353,696
122000270,607,157,450
122000271,303,1023,-720
122000272,378,857,-479
122000273,441,333,108
122000274,281,222,59
122000275,82,229,-147
122000276,867,581,286
122000277,1314,1734,-420
122000278,1740,649,1091
122000279,231,437,-206
122000280,963,686,277
122000281,962,696,266
122000282,242,459,-217
122000283,225,202,23
122000284,250,99,151
122000285,302,98,204
122000286,77,207,-130
122000287,1288,1321,-33
122000288,492,250,242
122000291,2161,721,1440
122000293,263,253,10
122000294,157,254,-97
122000295,1296,217,1079
122000296,37,437,-400
122000297,2504,3124,-620
122000299,676,389,287
122000300,635,588,47
122000301,8311,3417,4894
122000302,597,1671,-1074
122000303,2873,1294,1579
122000304,110,263,-153
122000305,1214,292,922
122000306,47,511,-464
122000307,126,110,16
122000309,45,46,-1
122000310,17,101,-84
122000311,156,129,27
122000312,101,169,-68
122000313,82,82,0
122000314,169,216,-47
122000315,253,64,189
122000316,826,242,584
122000317,1602,260,1342
122000318,373,994,-621
122000319,272,418,-146
122000320,335,1003,-668
122000321,79,182,-103
122000322,2037,2116,-79
122000323,1069,2400,-1331
122000324,1233,1251,-18
122000325,993,1940,-947
122000326,96,90,6
122000327,547,868,-321
122000328,807,598,209
122000330,2287,1041,1246
122000332,188,360,-172
122000333,15,69,-54
122000337,1145,1226,-81
122000338,579,398,181
122000340,357,571,-214
122000342,1701,1009,692
122000343,487,1019,-532
122000344,68,20,48
122000345,56,24,32
122000346,379,390,-11
122000348,981,765,216
122000349,164,933,-769
122000351,163,184,-21
122000352,299,162,137
122000353,153,59,94
122000355,139,481,-342
122000356,1088,1338,-250
122000357,82,36,46
122000358,0,57,-57
122000359,0,21,-21
122000360,1,31,-30
122000362,13,54,-41
122000364,188,334,-146
122000365,5,46,-41
122000366,15,9,6
122000368,412,730,-318
122000370,34,48,-14
122000371,30,4,26
122000372,8,4,4
122000381,126,343,-217
122000382,88,215,-127
122000384,2232,1145,1087
122000385,83,2,81
122000386,306,1433,-1127
122000387,516,690,-174
122000388,1394,655,739
122000389,200,652,-452
122000390,331,259,72
122000391,380,310,70
122000392,108,182,-74
122000393,31,136,-105
122000394,531,206,325
122000395,138,127,11
122000396,287,98,189
122000397,31,61,-30
122000398,20,57,-37
122000399,155,79,76
122000400,105,605,-500
122000401,153,56,97
122000402,355,132,223
122000403,495,660,-165
122000404,201,239,-38
122000408,858,1340,-482
122000503,8,127,-119
122000524,204,207,-3
122000544,105,2197,-2092
122000616,303,7,296
122000640,95,136,-41
122000641,166,292,-126
122000642,1217,865,352
122000643,62,251,-189
122000644,172,62,110
122000645,85,175,-90
122000651,1231,1021,210
122000664,144,60,84
122000665,1298,529,769
122000666,776,1198,-422
122000673,32,234,-202
122000674,207,102,105
122000675,1717,694,1023
122000686,372,1057,-685
122000687,1401,285,1116
122000688,399,459,-60
122000689,865,357,508
122000690,2171,361,1810
122000691,1001,1291,-290
122000692,1731,426,1305
122000693,422,1586,-1164
122000695,329,342,-13
122000696,529,224,305
122000698,347,447,-100
122000699,171,110,61
122000701,1446,303,1143
122000702,435,975,-540
122000703,183,73,110
122000717,156,77,79
122000718,401,771,-370
122000719,114,112,2
122000720,584,172,412
122000724,106,22,84
122900001,60,11,49
122900002,1127,5382,-4255
122900003,441,41,400
122900004,2198,110,2088
122900005,118,146,-28
122900006,606,1246,-640
122900007,169,107,62
122900008,421,280,141
122900009,826,570,256
122900010,284,157,127
122900012,254,527,-273
122900014,158,234,-76
122900015,1496,1265,231
122900016,124,295,-171
122900017,341,993,-652
122900018,196,23,173
122900019,21,105,-84
122900020,165,458,-293
122900021,55,440,-385
122900022,1069,772,297
122900023,604,301,303
122900024,177,138,39
122900025,8,423,-415
122900026,70,321,-251
122900027,83,557,-474
122900028,138,156,-18
122900029,3995,2834,1161
122900030,975,620,355
122900031,54,286,-232
122900032,200,453,-253
122900033,223,153,70
122900034,4053,4883,-830
122900035,44,26,18
122900036,52,109,-57
122900037,389,196,193
122900038,125,2859,-2734
122900039,98,589,-491
122900040,239,541,-302
122900041,275,419,-144
122900042,241,323,-82
122900043,337,233,104
122900044,107,341,-234
122900045,128,112,16
122900046,179,407,-228
122900047,157,206,-49
122900048,69,228,-159
122900049,1290,123,1167
122900051,104,132,-28
122900052,115,137,-22
122900053,37,36,1
122900055,393,125,268
122900057,307,57,250
122900061,466,236,230
122900062,537,617,-80
122900063,173,240,-67
122900064,838,467,371
122900065,567,215,352
122900066,753,336,417
122900067,1116,764,352
122900068,164,331,-167
122900069,413,1446,-1033
122900070,347,58,289
122900071,98,375,-277
122900072,27,426,-399
122900073,54,177,-123
122900074,1057,537,520
122900075,0,74,-74
122900076,6,204,-198
122900077,2,116,-114
122900078,207,60,147
122900080,39,38,1
122900081,256,198,58
122900082,828,313,515
122900083,174,178,-4
122900084,10,202,-192
122900086,21,107,-86
122900087,310,466,-156
122900088,37,230,-193
122900089,78,263,-185
122900090,11,357,-346
122900091,328,3,325
122900092,1,183,-182
122900093,0,173,-173
122900094,7,174,-167
122900095,214,14,200
122900096,405,137,268
122900097,39,46,-7
122900098,55,155,-100
122900099,84,17,67
122900100,294,431,-137
122900101,573,290,283
122900102,26,50,-24
122900103,154,18,136
122900104,317,13,304
122900105,33,15,18
122900106,14,72,-58
122900107,3,158,-155
122900108,7,125,-118
123000001,1129,489,640
123000002,3180,5375,-2195
123000003,4164,4250,-86
123000004,2898,3760,-862
123000005,2806,2763,43
123000006,2137,2267,-130
123000007,4375,2562,1813
123000008,2645,3099,-454
123000009,4416,2805,1611
123000010,3158,3295,-137
123000011,2029,852,1177
123000012,746,2038,-1292
123000013,3468,884,2584
123000014,688,3110,-2422
123000015,3135,1156,1979
123000016,3915,4248,-333
123000017,3549,1786,1763
123000018,139,119,20
123000019,498,177,321
123000020,264,58,206
123000021,146,200,-54
123000022,450,1509,-1059
123000023,1797,1990,-193
123000024,1527,775,752
123000025,85,97,-12
123000026,12,118,-106
123000027,104,736,-632
123000028,1138,1341,-203
123000029,651,1805,-1154
123000030,254,270,-16
123000031,400,261,139
123000032,596,169,427
123000033,284,84,200
123000034,1033,824,209
123000035,434,400,34
123000036,281,850,-569
123000037,258,295,-37
123000038,76,245,-169
123000039,475,1552,-1077
123000040,704,300,404
123000041,1046,1192,-146
123000042,661,598,63
123000043,2837,10513,-7676
123000044,4250,2472,1778
123000045,6334,3267,3067
123000046,781,1741,-960
123000047,1742,1112,630
123000048,87,984,-897
123000049,6471,10208,-3737
123000050,1742,1692,50
123000051,89,216,-127
123000052,910,3642,-2732
123000053,2789,3164,-375
123000054,1745,2194,-449
123000055,1587,4076,-2489
123000056,1126,1756,-630
123000057,9429,7373,2056
123000058,652,1067,-415
123000059,443,576,-133
123000060,1048,456,592
123000061,260,652,-392
123000063,901,871,30
123000064,1125,295,830
123000065,4105,3538,567
123000066,804,656,148
123000067,930,524,406
123000068,2708,2765,-57
123000069,6155,2924,3231
123000070,297,499,-202
123000071,1409,815,594
123000072,1252,787,465
123000073,1623,714,909
123000074,1222,911,311
123000075,602,1374,-772
123000076,919,663,256
123000077,2090,2230,-140
123000078,1936,1381,555
123000079,1822,1839,-17
123000080,2399,1496,903
123000081,242,361,-119
123000082,456,977,-521
123000083,1041,256,785
123000084,741,477,264
123000085,360,73,287
123000086,693,179,514
123000087,450,327,123
123000088,1289,698,591
123000089,673,961,-288
123000090,1162,847,315
123000091,1416,1310,106
123000092,1060,1119,-59
123000094,603,224,379
123000095,643,631,12
123000096,858,377,481
123000097,576,649,-73
123000098,889,547,342
123000099,652,704,-52
123000100,534,761,-227
123000101,491,714,-223
123000102,561,747,-186
123000104,509,446,63
123000105,633,543,90
123000106,469,447,22
123000107,438,419,19
123000108,671,1022,-351
123000111,975,354,621
123000112,1453,554,899
123000113,645,1088,-443
123000114,430,594,-164
123000115,289,280,9
123000116,39,134,-95
123000117,1714,1579,135
123000118,512,713,-201
123000119,271,698,-427
123000120,334,714,-380
123000121,539,456,83
123000122,313,319,-6
123000123,471,472,-1
123000124,450,425,25
123000125,1267,1408,-141
123000126,1204,4289,-3085
123000127,718,669,49
123000128,362,312,50
123000129,908,229,679
123000130,741,97,644
123000131,945,705,240
123000132,389,683,-294
123000133,290,359,-69
123000134,373,189,184
123000135,2432,1179,1253
123000136,219,681,-462
123000137,118,291,-173
123000138,142,393,-251
123000139,653,114,539
123000140,112,685,-573
123000141,853,173,680
123000142,1057,975,82
123000143,876,1707,-831
123000144,34,26,8
123000145,179,244,-65
123000146,48,102,-54
123000147,87,114,-27
123000149,423,493,-70
123000150,147,285,-138
123000151,312,662,-350
123000152,96,429,-333
123000153,224,857,-633
123000154,1683,2316,-633
123000155,2106,1373,733
123000156,37,123,-86
123000157,706,970,-264
123000158,638,828,-190
123000159,3274,3065,209
123000160,1115,919,196
123000161,1748,1256,492
123000162,1128,1583,-455
123000163,693,145,548
123000164,1660,338,1322
123000165,525,1380,-855
123000166,57,125,-68
123000167,226,268,-42
123000168,304,212,92
123000169,935,171,764
123000170,96,136,-40
123000171,840,8,832
123000172,179,531,-352
123000173,721,368,353
123000174,1181,440,741
123000175,525,1170,-645
123000176,1330,310,1020
123000177,287,1074,-787
123000178,835,172,663
123000179,61,567,-506
123000180,1771,358,1413
123000181,297,1151,-854
123000182,243,353,-110
123000183,234,478,-244
123000184,97,513,-416
123000185,992,364,628
123000186,1,450,-449
123000187,578,9,569
123000188,183,1,182
123000189,232,214,18
123000190,104,91,13
123000192,39,379,-340
123000193,91,708,-617
123000194,404,344,60
123000195,471,46,425
123000196,362,30,332
123000197,64,120,-56
123000198,40,646,-606
123000199,13,702,-689
123000200,668,11,657
123000201,1255,26,1229
123000202,19,897,-878
123000203,1084,97,987
123000204,80,889,-809
123000205,646,1334,-688
123000206,2496,265,2231
123000207,102,677,-575
123000208,611,226,385
123000209,2454,644,1810
123000210,482,1675,-1193
123000211,603,2150,-1547
123000212,3475,574,2901
123000213,743,106,637
123000215,53,213,-160
123000216,226,1080,-854
123000217,241,41,200
123000218,83,896,-813
123000219,784,100,684
123000220,569,97,472
123000221,181,102,79
123000222,549,396,153
123000223,477,301,176
123000224,451,374,77
123000225,299,68,231
123000226,103,389,-286
123000227,107,298,-191
123000228,322,67,255
123000229,818,1266,-448
123000232,75,491,-416
123000233,841,186,655
123000234,189,515,-326
123000235,1299,345,954
123000236,350,673,-323
123000237,374,113,261
123000238,80,477,-397
123000239,463,1213,-750
123000240,56,441,-385
123000241,415,142,273
123000242,231,230,1
123000243,665,825,-160
123000244,876,737,139
123000245,63,175,-112
123000249,1046,523,523
123000252,1034,308,726
123000253,1381,580,801
123000254,732,919,-187
123000255,1237,991,246
123000256,29,328,-299
123000257,2428,1713,715
123000258,863,745,118
123000259,432,457,-25
123000260,483,398,85
123000261,305,143,162
123000262,114,152,-38
123000263,476,103,373
123000264,209,121,88
123000265,66,136,-70
123000266,611,635,-24
123000267,801,368,433
123000268,85,92,-7
123000269,64,110,-46
123000270,33,71,-38
123000271,87,76,11
123000272,781,280,501
123000273,293,718,-425
123000274,1159,614,545
123000275,359,787,-428
123000278,2371,2433,-62
123000279,151,102,49
123000280,317,330,-13
123000281,293,105,188
123000282,119,286,-167
123000283,137,70,67
123000284,78,76,2
123000286,212,412,-200
123000287,468,329,139
123000288,1498,1120,378
123000289,396,1246,-850
123000291,305,875,-570
123000294,156,234,-78
123000295,1002,924,78
123000296,591,406,185
123000297,723,454,269
123000298,759,448,311
123000299,68,161,-93
123000300,1112,929,183
123000301,147,287,-140
123000302,135,143,-8
123000303,129,247,-118
123000305,841,882,-41
123000306,185,126,59
123000309,78,66,12
123000310,56,43,13
123000311,0,60,-60
123000312,456,604,-148
123000313,588,319,269
123000315,316,270,46
123000316,900,88,812
123000317,191,71,120
123000318,56,192,-136
123000329,17,16,1
123000337,1035,381,654
123000338,380,118,262
123000339,301,100,201
123000340,140,336,-196
123000342,9,21,-12
123000343,52,7,45
123000344,1114,378,736
123000345,320,613,-293
123000346,377,43,334
123000352,1175,809,366
123000353,40,87,-47
123000354,222,3,219
123000355,2,234,-232
123000356,496,23,473
123000357,2,129,-127
123000359,8,142,-134
123000360,259,80,179
123000361,196,300,-104
123000362,510,75,435
123000363,135,180,-45
123000364,585,504,81
123000365,28,399,-371
123000366,461,2075,-1614
123000367,304,932,-628
123000370,35,294,-259
123000371,510,58,452
123000372,453,47,406
123000373,9,388,-379
123000374,8,195,-187
123000375,435,56,379
123000376,1090,708,382
123000377,513,17,496
123000378,13,238,-225
123000379,7,208,-201
123000380,58,431,-373
123000381,163,70,93
123000382,959,141,818
123000383,216,1328,-1112
123000384,470,118,352
123000385,204,566,-362
123000436,57,1077,-1020
123000507,125,311,-186
123000508,211,1099,-888
123000517,298,37,261
123000518,30,219,-189
123000519,196,51,145
123000520,68,192,-124
123000521,400,87,313
123000522,119,307,-188
123000541,16,5,11
123000542,0,14,-14
123000565,0,0,0
123000566,954,420,534
123000567,105,180,-75
123000573,48,655,-607
123000574,777,76,701
123000575,1587,964,623
123000576,1032,1122,-90
123000577,79,608,-529
123000578,502,67,435
123000579,1798,5487,-3689
123000580,110,47,63
123000582,633,57,576
123000583,26,400,-374
123000584,187,452,-265
123000585,0,90,-90
123000586,92,0,92
123000596,57,85,-28
123000597,63,143,-80
123000602,63,11,52
123000603,880,484,396
123000604,445,549,-104
123000605,853,168,685
123000606,0,408,-408
123000609,14,316,-302
123000610,194,139,55
123000613,26,179,-153
123000614,291,74,217
123000615,26,86,-60
123000616,879,57,822
123000617,115,269,-154
123000618,85,589,-504
123000619,562,68,494
123000620,26,378,-352
123000622,442,29,413
123000624,188,51,137
123000630,1175,442,733
123000631,228,754,-526
123000632,718,668,50
123000633,0,147,-147
123000634,109,160,-51
123000635,116,113,3
123000636,30,476,-446
123000637,198,61,137
123000638,503,33,470
123000639,883,4541,-3658
123000640,20,528,-508
123900001,1277,66,1211
123900002,41,1213,-1172
123900003,236,441,-205
123900005,239,194,45
123900006,300,51,249
124000001,1982,173,1809
124000002,115,1561,-1446
124000003,970,167,803
124000004,92,487,-395
124000005,1125,389,736
124000006,207,911,-704
124000007,384,126,258
124000008,17,396,-379
124000009,586,230,356
124000010,223,356,-133
124000011,804,244,560
124000012,261,472,-211
124000017,247,159,88
124000018,141,69,72
124000019,120,117,3
124000020,45,159,-114
124000021,121,89,32
124000022,95,212,-117
124000023,1351,1711,-360
124000024,967,405,562
124000025,1228,2005,-777
124000026,1100,1040,60
124000027,4966,4932,34
124000028,1777,3957,-2180
124000030,2289,1444,845
124000031,1191,3200,-2009
124000032,1919,766,1153
124000033,5,194,-189
124000034,959,559,400
124000035,37,316,-279
124000036,41,163,-122
124000037,664,1141,-477
124000038,53,117,-64
124000039,981,520,461
124000040,443,1175,-732
124000041,470,93,377
124000042,94,410,-316
124000043,102,119,-17
124000044,75,233,-158
124000045,876,476,400
124000046,300,593,-293
124000047,1719,802,917
124000048,965,1312,-347
124000049,1647,577,1070
124000050,881,1594,-713
124000051,997,473,524
124000052,579,875,-296
124000053,664,1499,-835
124000054,952,437,515
124000055,1506,2713,-1207
124000056,2121,1214,907
124000057,1116,614,502
124000058,438,974,-536
124000059,846,1350,-504
124000060,1097,575,522
124000061,1422,5760,-4338
124000062,3437,1577,1860
124000063,1229,1428,-199
124000064,1867,1150,717
124000065,17,369,-352
124000066,185,546,-361
124000067,215,163,52
124000068,9,11,-2
124000069,140,13,127
124000070,48,90,-42
124000071,469,89,380
124000072,279,401,-122
124000073,1122,168,954
124000074,235,729,-494
124000075,385,28,357
124000076,7,146,-139
124000077,1233,1283,-50
124000078,2439,1178,1261
124000079,299,1599,-1300
124000080,594,193,401
124000081,296,541,-245
124000082,106,167,-61
124000083,85,98,-13
124000084,77,530,-453
124000085,96,57,39
124000086,56,130,-74
124000087,207,144,63
124000088,437,644,-207
124000089,1014,300,714
124000090,203,379,-176
124000091,583,125,458
124000092,137,557,-420
124000093,141,108,33
124000094,165,576,-411
124000095,154,91,63
124000096,180,273,-93
124000097,173,122,51
124000098,42,95,-53
124000099,312,162,150
124000100,81,159,-78
124000101,111,132,-21
124000102,63,56,7
124000103,119,132,-13
124000104,76,49,27
124000105,88,114,-26
124000106,160,45,115
124000107,26,200,-174
124000108,59,33,26
124000109,189,107,82
124000110,183,70,113
124000111,254,153,101
124000112,748,629,119
124000113,97,115,-18
124000114,307,394,-87
124000115,399,680,-281
124000116,130,173,-43
124000117,66,97,-31
124000118,51,152,-101
124000119,1003,634,369
124000120,662,481,181
124000121,1343,625,718
124000122,564,1382,-818
124000123,1095,465,630
124000124,494,1053,-559
124000125,539,531,8
124000126,348,613,-265
124000127,1078,406,672
124000128,641,895,-254
124000129,2422,1612,810
124000130,897,518,379
124000131,989,760,229
124000132,885,732,153
124000133,1073,913,160
124000134,1005,572,433
124000135,1874,1935,-61
124000136,917,858,59
124000137,1714,1171,543
124000138,2061,1330,731
124000139,563,36,527
124000140,33,398,-365
124000141,127,11,116
124000142,5,170,-165
124000143,66,14,52
124000144,17,54,-37
124000145,129,24,105
124000146,13,68,-55
124000148,23,95,-72
124000149,1125,447,678
124000150,284,634,-350
124000151,880,400,480
124000152,871,1217,-346
124000153,928,915,13
124000154,597,826,-229
124000155,1581,843,738
124000156,1635,1116,519
124000169,261,534,-273
124000170,469,503,-34
124000171,316,278,38
124000172,390,502,-112
124000173,529,238,291
124000174,401,593,-192
124000175,10,150,-140
124000176,75,24,51
124000177,16,51,-35
124000178,67,68,-1
124000190,109,103,6
124000191,147,201,-54
124000192,1364,370,994
124000193,252,1015,-763
124000194,403,435,-32
124000195,317,611,-294
124000196,987,817,170
124000197,41,69,-28
124000198,45,106,-61
124000201,276,906,-630
124000202,619,388,231
124000203,467,408,59
124000204,1003,297,706
124000205,113,362,-249
124000206,751,327,424
124000207,0,47,-47
124000209,200,357,-157
124000210,587,218,369
124000211,862,2,860
124000212,3,366,-363
124000213,535,208,327
124000214,484,514,-30
124000215,436,28,408
124000216,2,346,-344
124000329,159,1290,-1131
124000338,156,672,-516
124000339,1253,106,1147
124000341,1636,88,1548
124000344,73,68,5
124000357,1210,2041,-831
124000358,918,1251,-333
124000359,1082,597,485
124000360,849,420,429
124000361,1615,865,750
124000362,975,1326,-351
124000363,220,290,-70
124000364,516,595,-79
124000365,527,890,-363
124000366,1117,782,335
124000367,109,505,-396
124000368,405,329,76
124000369,178,81,97
124000370,61,521,-460
124000402,29,20,9
124000403,193,25,168
124000404,37,91,-54
124000405,1161,783,378
124000406,852,787,65
124000407,1,20,-19
124000411,8,284,-276
124000412,532,4,528
124000413,142,33,109
124000414,68,99,-31
124000415,86,103,-17
124000416,163,241,-78
124000417,230,94,136
124000418,201,82,119
124000419,129,120,9
124000420,131,68,63
124000421,96,133,-37
124000422,29,22,7
124000423,157,38,119
124000424,5,68,-63
124000425,73,19,54
124000426,3,45,-42
124000427,31,2,29
124000428,11,66,-55
124000429,89,65,24
124000430,813,447,366
124000431,224,596,-372
124000432,309,631,-322
124000439,1,5,-4
124000443,1,9,-8
124000445,195,927,-732
124000446,933,174,759
124900001,615,382,233
124900002,184,285,-101
124900003,1193,578,615
124900004,752,325,427
124900005,271,165,106
124900006,711,302,409
124900008,1171,673,498
124900009,220,335,-115
124900010,248,122,126
124900011,670,328,342
124900012,442,88,354
124900013,593,132,461
124900014,316,56,260
124900015,195,460,-265
124900016,87,119,-32
124900017,518,1729,-1211
124900018,59,7,52
124900020,117,66,51
124900021,344,48,296
124900022,84,5,79
124900024,305,15,290
124900026,118,61,57
124900027,128,521,-393
124900028,530,97,433
124900029,22,582,-560
124900030,24,127,-103
124900031,47,275,-228
124900032,305,249,56
124900033,138,313,-175
124900034,22,164,-142
124900035,244,461,-217
124900036,2,102,-100
124900037,251,289,-38
124900038,256,267,-11
124900039,4,176,-172
124900040,127,70,57
124900041,290,773,-483
124900042,187,4,183
124900043,547,773,-226
124900044,108,5,103
124900045,741,1124,-383
124900046,913,274,639
124900047,145,244,-99
124900048,240,122,118
124900050,166,223,-57
124900052,65,418,-353
124900053,164,326,-162
124900054,1155,515,640
124900055,0,201,-201
124900057,9,74,-65
124900060,78,174,-96
124900061,137,10,127
124900062,229,17,212
124900066,0,16,-16
124900067,12,134,-122
124900068,224,526,-302
124900070,96,27,69
124900072,139,31,108
124900074,602,169,433
124900075,280,221,59
124900076,28,1221,-1193
124900077,55,131,-76
124900078,128,30,98
124900079,460,224,236
124900080,332,461,-129
124900081,1109,279,830
124900082,345,600,-255
124900083,280,431,-151
124900084,1428,141,1287
124900085,885,611,274
124900086,115,1562,-1447
124900087,595,118,477
124900088,616,91,525
124900089,1087,47,1040
124900090,435,271,164
124900091,365,327,38
124900092,240,213,27
124900093,426,203,223
124900094,496,230,266
124900095,138,559,-421
124900096,606,299,307
124900097,503,102,401
124900098,175,304,-129
124900099,585,499,86
124900100,361,63,298
124900101,98,550,-452
124900102,253,20,233
124900103,128,197,-69
124900104,79,153,-74
124900105,113,112,1
124900106,466,53,413
124900107,162,18,144
124900108,182,99,83
124900109,97,106,-9
124900110,295,316,-21
124900111,6,113,-107
124900112,44,498,-454
124900113,138,291,-153
124900114,156,167,-11
124900115,66,34,32
124900116,289,265,24
124900117,350,265,85
124900118,167,389,-222
124900119,419,162,257
124900120,35,322,-287
124900121,124,480,-356
124900122,291,279,12
124900123,265,131,134
124900124,200,290,-90
129000186,134,42,92
204000001,51,13,38
204000002,2,3,-1
204000003,39,3,36
204000004,9,2,7
204000005,622,444,178
204000006,1225,1028,197
204000011,15,31,-16
204000012,60,72,-12
204000013,0,7,-7
204000019,631,439,192
204000020,713,710,3
204000021,1871,954,917
204000022,563,473,90
204000023,545,595,-50
204000031,47,9,38
204000032,392,51,341
204000034,10,174,-164
204000035,0,5,-5
204000036,9,20,-11
204000037,0,13,-13
204000038,1,5,-4
204000039,3,20,-17
204000040,3,17,-14
204000041,9,21,-12
204000042,49,20,29
204000043,37,13,24
204000044,29,3,26
204000045,52,3,49
204000046,10,6,4
204000057,7,18,-11
204000062,13,25,-12
204000068,32,184,-152
204000069,64,369,-305
204000070,88,68,20
204000080,51,44,7
204000085,1932,1296,636
204000086,1860,1587,273
204000087,47,13,34
204000088,6,79,-73
204000090,22,289,-267
204000093,458,44,414
204000096,902,891,11
204000097,411,6,405
204000099,1126,1289,-163
204000100,1533,1776,-243
204000105,1909,1210,699
204000110,791,1053,-262
204000111,507,609,-102
204000112,1024,1615,-591
204000113,425,1060,-635
204000114,850,829,21
204000115,636,337,299
204000116,1949,1048,901
204000119,1990,2508,-518
204000132,772,378,394
204000133,869,174,695
204000134,361,86,275
204000135,675,130,545
204000136,720,195,525
204000138,414,531,-117
204000140,253,134,119
204000141,215,82,133
204000144,9,26,-17
204000145,560,48,512
204000146,27,317,-290
204000147,31,134,-103
204000148,239,19,220
204000154,6,3,3
204000155,0,10,-10
204000177,68,74,-6
204000179,14,3,11
204000180,1,22,-21
204000222,0,18,-18
204000235,17,13,4
204000236,105,234,-129
204000238,25,30,-5
204000240,386,67,319
204000263,535,825,-290
204000268,939,615,324
204000308,171,15,156
204000317,10,102,-92
204000322,7,32,-25
204000323,27,3,24
204000328,256,44,212
204000329,40,155,-115
204000330,164,13,151
204000331,33,112,-79
204010341,19,156,-137
205000001,672,1543,-871
205000013,10,60,-50
205000014,25,93,-68
205000015,26,176,-150
205000016,25,147,-122
205000017,18,92,-74
205000022,255,718,-463
205000025,969,989,-20
205000029,268,15,253
205000045,160,552,-392
205000046,110,519,-409
205000047,80,537,-457
205000048,302,674,-372
205000049,152,619,-467
205000050,690,252,438
205000059,0,172,-172
205000060,0,80,-80
205000061,5,79,-74
205000062,0,86,-86
205000063,26,117,-91
205000064,21,60,-39
205000065,65,432,-367
205000066,104,525,-421
205000067,30,682,-652
205000069,198,23,175
205000082,178,156,22
205000110,82,188,-106
205000111,163,168,-5
205000112,160,213,-53
205000113,183,370,-187
205000121,252,41,211
205000123,55,226,-171
205000126,441,81,360
205000127,779,111,668
205000128,422,61,361
205000129,602,55,547
205000130,144,33,111
205000131,48,8,40
205000132,120,4,116
205000133,67,1,66
205000134,298,0,298
205000137,79,159,-80
205000138,146,295,-149
205000139,29,116,-87
205000144,105,75,30
205000145,481,164,317
205000151,204,30,174
205000152,218,19,199
205000153,247,17,230
205000154,134,30,104
205000155,105,7,98
205000207,11,156,-145
205000233,17,0,17
205000234,0,0,0
205000243,0,0,0
205000244,1,5,-4
205000245,6,164,-158
205000249,0,18,-18
205000250,9,1,8
205000264,7,91,-84
206000027,16,8,8
206000028,5,2,3
206000043,13,50,-37
206000053,2,10,-8
206000054,0,13,-13
206000055,1,23,-22
206000075,10,38,-28
206000076,13,22,-9
206000077,32,13,19
206000078,14,12,2
206000079,21,17,4
206000082,408,55,353
206000100,20,439,-419
206000103,3,15,-12
206000104,14,17,-3
206000105,5,10,-5
206000106,6,15,-9
206000108,601,42,559
206000125,55,0,55
206000157,51,503,-452
206000170,0,137,-137
206000171,4,140,-136
206000172,12,319,-307
206000173,3,154,-151
206000174,13,46,-33
206000175,9,67,-58
206000176,12,137,-125
206000177,0,121,-121
206000178,1,154,-153
206000179,5,103,-98
206000180,8,112,-104
206000181,5,113,-108
206000182,4,114,-110
206000183,19,323,-304
206000184,9,221,-212
206000185,13,99,-86
206000186,82,629,-547
206000223,6,211,-205
206000226,23,2,21
206000227,29,5,24
206000237,41,220,-179
206000238,34,346,-312
206000239,206,1312,-1106
206000240,2,54,-52
206000241,0,62,-62
206000242,6,173,-167
206000243,3,109,-106
206000244,42,381,-339
206000245,873,55,818
206000246,229,15,214
206000247,283,9,274
206000248,468,15,453
206000252,51,56,-5
206000258,25,61,-36
206000315,32,4,28
206000317,567,125,442
206000318,599,60,539
206000319,1782,97,1685
206000320,197,39,158
206000321,291,18,273
206000322,557,11,546
206000323,195,14,181
206000324,208,5,203
206000325,224,10,214
206000326,198,10,188
206000327,137,8,129
206000328,213,9,204
206000329,335,6,329
206000330,60,7,53
206000331,257,3,254
206000332,63,2,61
206000333,698,2,696
206000334,277,3,274
206000335,0,18,-18
206000361,7,158,-151
206000392,4,21,-17
206000405,147,1,146
206000441,27,21,6
206000498,30,1,29
206000515,70,34,36
206000530,324,55,269
206000531,219,246,-27
206000532,1803,306,1497
206000535,160,1345,-1185
206000536,19,122,-103
206000537,14,153,-139
206000613,1671,262,1409
207000001,134,536,-402
207000002,117,270,-153
207000003,120,148,-28
207000007,1076,246,830
207000008,138,9,129
207000009,40,53,-13
207000010,328,317,11
207000012,411,222,189
207000015,250,896,-646
207000019,203,54,149
207000021,541,164,377
207000022,204,99,105
207000023,235,57,178
207000024,3,22,-19
207000025,20,64,-44
207000026,101,47,54
207000027,14,66,-52
207000028,52,159,-107
207000029,165,330,-165
207000033,159,421,-262
207000034,303,114,189
207000039,486,99,387
207000040,433,93,340
207000041,179,52,127
207000042,263,62,201
207000043,278,151,127
207000051,149,212,-63
207000052,51,129,-78
207000053,412,406,6
207000054,42,89,-47
207000055,158,97,61
207000056,275,247,28
207000057,135,276,-141
207000058,137,237,-100
207000059,74,343,-269
207000060,48,146,-98
207000061,227,519,-292
207000062,322,31,291
207000063,307,76,231
207000064,477,113,364
207000065,324,221,103
207000066,232,142,90
207000067,60,59,1
207000068,136,47,89
207000069,631,268,363
207000082,11,206,-195
207000083,76,200,-124
207000084,278,221,57
207000085,241,18,223
207000086,203,9,194
207000106,65,20,45
207000107,76,15,61
207000108,66,20,46
207000109,59,9,50
207000110,62,92,-30
207000111,91,118,-27
207000112,158,698,-540
207000114,22,34,-12
207000115,27,54,-27
207000116,17,320,-303
207000117,8,99,-91
207000118,5,67,-62
207000119,51,58,-7
207000123,190,15,175
207000124,79,22,57
207000125,54,41,13
207000126,71,61,10
207000134,76,138,-62
207000135,16,191,-175
207000148,75,289,-214
207000149,56,42,14
207000152,120,282,-162
207000153,725,1158,-433
207000154,330,148,182
207000159,97,116,-19
207000160,119,307,-188
207000238,0,166,-166
207000242,5,114,-109
207000248,15,23,-8
207000249,104,32,72
207000250,490,55,435
207000251,91,71,20
207000252,57,54,3
207000278,100,73,27
207000279,16,113,-97
207000280,657,62,595
207000281,120,639,-519
207000282,155,93,62
207000283,76,167,-91
207000284,61,271,-210
207000285,89,59,30
207000291,12,85,-73
207000304,104,61,43
207000306,90,306,-216
207000310,121,55,66
207000353,276,5,271
207000356,11,34,-23
207000357,22,21,1
207000358,10,11,-1
207000415,12,101,-89
207000417,40,5,35
207000418,116,153,-37
207000438,0,2,-2
207000439,913,871,42
207000446,149,3,146
207000460,48,6,42
207000466,187,117,70
207000467,297,90,207
207000468,42,194,-152
207000476,8,49,-41
207000477,609,83,526
207000478,3,37,-34
207000523,0,8,-8
207000524,55,15,40
207000527,173,122,51
207000530,554,9,545
207000531,364,6,358
207000532,125,44,81
207000534,300,49,251
207000535,34,397,-363
207000537,16,86,-70
207000540,11,129,-118
207000541,4,231,-227
207000548,15,177,-162
207000549,519,15,504
207000561,204,245,-41
207000562,44,154,-110
207000567,209,219,-10
207000568,227,70,157
207000569,515,486,29
207000584,277,190,87
207000585,80,447,-367
207000616,0,94,-94
207000617,234,0,234
207900008,249,71,178
208000001,513,1094,-581
208000002,602,530,72
208000003,1111,384,727
208000004,1036,721,315
208000005,1,15,-14
208000019,703,849,-146
208000020,144,430,-286
208000021,245,310,-65
208000022,1165,383,782
208000028,1609,1363,246
208000033,605,598,7
208000034,1225,1170,55
208000037,176,12,164
208000040,280,137,143
208000041,805,529,276
208000042,1307,628,679
208000047,148,160,-12
208000064,2347,1319,1028
208000066,1587,2663,-1076
208000070,334,318,16
208000071,453,577,-124
208000072,357,895,-538
208000080,281,375,-94
208000081,338,117,221
208000082,229,168,61
208000083,176,301,-125
208000084,10,11,-1
208000085,725,601,124
208000086,382,948,-566
208000087,315,687,-372
208000089,1044,293,751
208000090,894,486,408
208000093,94,151,-57
208000094,613,340,273
208000095,545,475,70
208000104,1064,739,325
208000105,627,860,-233
208000114,117,394,-277
208000115,530,276,254
208000116,618,1029,-411
208000117,60,146,-86
208000118,93,148,-55
208000155,559,1052,-493
208000158,1314,3759,-2445
208000186,3340,3728,-388
208000204,594,1024,-430
208000205,1243,830,413
208000282,4615,3137,1478
209000004,356,178,178
209000005,32,33,-1
209000006,435,149,286
209000007,296,286,10
209000010,316,127,189
209000011,131,187,-56
209000012,138,149,-11
209000013,255,249,6
209000014,412,806,-394
209000025,329,36,293
209000026,671,97,574
209000027,381,635,-254
209000028,368,484,-116
209000029,489,582,-93
209000030,365,1001,-636
209000031,1965,1630,335
209000034,184,241,-57
209000035,133,159,-26
209000036,229,95,134
209000037,323,161,162
209000038,166,116,50
209000039,73,136,-63
209000040,319,401,-82
209000041,144,346,-202
209000042,224,358,-134
209000043,584,777,-193
209000044,208,798,-590
209000045,1255,433,822
209000046,585,431,154
209000047,420,199,221
209000048,506,380,126
209000049,70,63,7
209000050,177,109,68
209000051,325,206,119
209000052,160,165,-5
209000062,39,65,-26
209000063,22,50,-28
209000064,44,80,-36
209000065,78,23,55
209000066,107,21,86
209000067,106,40,66
209000080,16,174,-158
209000082,78,30,48
209000091,28,77,-49
209000093,55,30,25
209000094,121,158,-37
209000110,41,144,-103
209000111,684,1471,-787
209000112,1073,419,654
209000113,1687,423,1264
209000114,778,500,278
209000115,57,78,-21
209000116,367,297,70
209000118,13,42,-29
209000119,21,16,5
209000121,101,376,-275
209000135,72,218,-146
209000142,696,1472,-776
209000143,72,66,6
209000144,51,126,-75
209000229,228,143,85
209000240,33,195,-162
209000259,44,61,-17
209000260,53,792,-739
209000261,9,466,-457
209000262,2,338,-336
209000263,0,120,-120
209000264,0,128,-128
209000265,496,1,495
209000266,177,1,176
209000267,1210,15,1195
209000268,670,89,581
210000037,51,23,28
210000047,58,33,25
210000048,122,17,105
210000049,45,9,36
210000052,60,55,5
210000053,23,34,-11
210000054,41,79,-38
210000070,183,4,179
210000071,99,0,99
210000072,40,0,40
210000073,1,46,-45
210000074,0,112,-112
210000075,11,107,-96
210000076,28,140,-112
210000077,9,32,-23
210000078,26,40,-14
210000079,16,11,5
210000080,65,75,-10
210000081,213,15,198
210000082,90,4,86
210000083,96,4,92
210000084,48,2,46
210000085,0,44,-44
210000086,4,123,-119
210000099,48,162,-114
210000100,56,112,-56
210000101,77,123,-46
210000105,35,138,-103
210000159,0,128,-128
210000163,112,167,-55
210000164,263,199,64
210000168,103,35,68
210000187,0,23,-23
210000188,0,30,-30
210000214,30,0,30
210000219,36,43,-7
210000220,95,43,52
210000232,6,24,-18
210000233,46,39,7
210000234,28,99,-71
210000235,53,57,-4
210000245,0,35,-35
210000246,23,2,21
210000258,10,92,-82
210000259,377,80,297
210000282,88,203,-115
210000285,1,95,-94
210000286,29,186,-157
210000290,5,13,-8
210000295,38,105,-67
210000296,39,31,8
210000320,184,66,118
210000321,132,65,67
210000338,39,51,-12
210000339,296,959,-663
210000340,105,315,-210
210000341,160,228,-68
210000342,174,141,33
210000343,140,106,34
210000344,126,98,28
210000345,132,177,-45
210000346,78,93,-15
210000347,35,37,-2
210000348,95,20,75
210000349,47,31,16
210000350,134,46,88
210000351,162,75,87
210000352,88,57,31
210000353,45,84,-39
210000354,76,78,-2
210000355,46,84,-38
210000356,35,74,-39
210000357,30,63,-33
210000358,226,126,100
210000359,80,70,10
210000360,152,97,55
210000361,174,112,62
210000362,234,182,52
210000363,679,256,423
210000364,109,155,-46
210000365,141,88,53
210000366,176,51,125
210000367,90,31,59
210000368,168,47,121
210000369,22,34,-12
210000370,49,34,15
210000372,18,23,-5
210000373,26,14,12
210000374,56,28,28
210000375,40,53,-13
210000376,59,116,-57
210000404,49,90,-41
210000439,39,46,-7
210000472,85,4,81
210000482,62,87,-25
210000564,294,348,-54
210000567,0,32,-32
210000568,325,1,324
211000092,43,103,-60
211000094,43,11,32
211000169,207,17,190
211000172,16,179,-163
211000209,1,24,-23
211000226,7,16,-9
211000270,27,16,11
211000275,19,13,6
211000276,101,27,74
211000279,32,32,0
211000281,63,60,3
211507980,5,57,-52
211977296,39,2,37
212000003,87,34,53
212000004,16,25,-9
212000005,4,19,-15
212000006,19,40,-21
212000008,120,83,37
212000009,50,67,-17
212000012,85,62,23
212000013,28,36,-8
212000014,186,124,62
212000015,226,213,13
212000016,375,413,-38
212000027,472,303,169
212000028,260,285,-25
212000029,238,188,50
212000030,46,18,28
212000031,85,39,46
212000048,33,144,-111
212000049,18,101,-83
212000050,32,7,25
212000051,163,152,11
212000052,165,216,-51
212000053,353,361,-8
212000054,278,72,206
212000055,301,176,125
212000056,26,20,6
212000057,17,19,-2
212000058,171,28,143
212000070,93,171,-78
212000077,110,381,-271
212000099,272,207,65
212000108,127,122,5
212000111,215,69,146
212000120,89,40,49
212000138,117,25,92
212000156,3,87,-84
212000158,10,21,-11
212000159,443,24,419
212000160,644,222,422
212000161,64,10,54
212000310,53,15,38
212000311,19,53,-34
212000374,33,5,28
213000001,33,358,-325
213000005,522,204,318
213000006,1062,291,771
213000007,102,4,98
213000009,822,520,302
213000010,246,299,-53
213000011,201,105,96
213000012,120,292,-172
213000014,105,12,93
213000015,310,14,296
213000016,384,1,383
213000017,89,0,89
213000018,2,119,-117
213000019,3,148,-145
213000020,123,304,-181
213000021,4,119,-115
213000023,472,190,282
213000033,378,1578,-1200
213000034,961,292,669
213000035,144,186,-42
213000045,208,234,-26
213000046,252,194,58
213000047,581,1345,-764
213000056,114,24,90
213000069,81,3,78
213000073,2,50,-48
213000074,65,326,-261
213000075,580,9,571
213000076,28,6,22
213000085,6,49,-43
213000086,29,150,-121
213000091,271,27,244
213000092,104,20,84
213000099,135,1022,-887
213000100,1099,302,797
213000101,450,127,323
213000102,554,201,353
213000103,971,741,230
213000104,56,386,-330
213000105,5,227,-222
213000106,28,79,-51
213000107,158,439,-281
213000108,33,404,-371
213000109,7,193,-186
213000110,17,83,-66
213000111,3,80,-77
213000112,135,101,34
213000115,74,10,64
213000116,33,357,-324
213000117,3,580,-577
213000118,500,243,257
213000119,47,545,-498
213000120,111,405,-294
213000122,90,503,-413
213000123,260,975,-715
213000124,136,1202,-1066
213000125,151,28,123
213000126,81,152,-71
213000127,134,300,-166
213000128,379,1144,-765
213000129,371,674,-303
213000130,774,330,444
213000132,493,103,390
213000133,639,107,532
213000134,931,25,906
213000136,567,27,540
213000137,774,94,680
213000139,176,18,158
213000147,68,11,57
213000148,28,7,21
213000149,42,5,37
213000150,1,131,-130
213000151,3,114,-111
213000152,3,85,-82
213000153,6,82,-76
213000154,37,377,-340
213000155,38,244,-206
213000156,120,331,-211
213000157,586,324,262
213000158,401,953,-552
213000159,737,552,185
213000163,1074,137,937
213000165,1118,325,793
213000171,2,58,-56
213000172,0,179,-179
213000173,2,164,-162
213000174,3,111,-108
213000175,11,77,-66
213000176,69,38,31
213000177,143,11,132
213000178,206,8,198
213000179,266,2,264
213000180,260,0,260
213000184,139,437,-298
213000188,571,84,487
213000189,386,62,324
213000190,830,670,160
213000191,488,341,147
213000192,305,316,-11
213000193,602,286,316
213000194,1,73,-72
213000195,30,298,-268
213000196,245,1088,-843
213000197,520,395,125
213000198,45,1,44
213000200,136,743,-607
213000201,70,41,29
213000202,10,370,-360
213000203,3172,667,2505
213000204,769,71,698
213000205,439,81,358
213000206,449,48,401
213000207,128,20,108
213000208,103,9,94
213000209,154,2,152
213000210,362,2,360
213000211,5,30,-25
213000212,10,47,-37
213000213,21,62,-41
213000218,236,443,-207
213000219,574,19,555
213000220,477,15,462
213000223,194,254,-60
213000224,58,66,-8
213000225,126,17,109
213000226,78,16,62
213000227,1051,225,826
213000228,484,68,416
213000229,176,24,152
213000230,407,24,383
213000232,56,856,-800
213000233,7,433,-426
213000234,9,51,-42
213000293,15,67,-52
213000294,137,31,106
213000295,2,73,-71
213000296,64,13,51
213000297,5,93,-88
213000298,21,118,-97
213000299,71,34,37
213000300,30,12,18
213000303,5,41,-36
213000304,1,20,-19
213000305,6,11,-5
213000306,51,32,19
213000307,104,56,48
213000308,113,152,-39
213000309,172,47,125
213000310,407,230,177
213000311,202,832,-630
213000315,82,89,-7
213000316,183,49,134
213000322,126,163,-37
213000323,97,85,12
213000324,101,40,61
213000325,48,74,-26
213000326,48,28,20
213000327,52,44,8
213000328,37,107,-70
213000329,157,29,128
213000340,120,438,-318
213000341,526,91,435
213000346,374,276,98
213000347,635,443,192
213000348,9,89,-80
213000349,32,8,24
213000350,321,818,-497
213000366,56,296,-240
213000367,293,28,265
213000379,87,44,43
213000386,8,321,-313
213000406,69,424,-355
213000417,1387,458,929
213000425,220,37,183
213000426,211,73,138
213000427,48,181,-133
213000428,40,145,-105
213000429,14,5,9
213000430,146,572,-426
213000431,66,7,59
213000432,3,72,-69
213000433,18,111,-93
213000434,121,100,21
213000435,167,96,71
213000436,41,69,-28
213000437,1,13,-12
213000438,210,76,134
213000439,56,10,46
213000440,21,291,-270
213000441,10,2,8
213000442,3,30,-27
213000443,432,392,40
213000444,55,47,8
213000445,2,100,-98
213000446,0,64,-64
213000447,7,53,-46
213000448,13,175,-162
213000449,493,4,489
213000450,30,37,-7
213000451,321,81,240
213000452,23,17,6
213000453,50,239,-189
213000455,494,9,485
213000456,0,281,-281
213000481,16,1,15
213000482,38,1,37
213000489,295,37,258
213000491,1,155,-154
213000492,168,1,167
213000493,0,108,-108
213000494,326,107,219
213000495,0,61,-61
213000496,514,124,390
213000497,44,228,-184
213000498,128,164,-36
213000499,220,353,-133
213000500,617,62,555
213000501,143,53,90
213000502,182,151,31
213000503,0,62,-62
213000504,18,73,-55
213000505,10,5,5
213000506,0,10,-10
213000507,5,111,-106
213900016,0,2,-2
213900244,70,0,70
213900245,0,18,-18
218000003,18,16,2
218000004,42,21,21
218000005,38,21,17
218000006,57,25,32
218000007,22,20,2
218000012,152,110,42
218000013,139,150,-11
218000014,446,337,109
218000019,705,543,162
218000020,282,354,-72
218000021,36,44,-8
218000022,25,14,11
218000023,7,12,-5
218000024,5,5,0
218000025,2,8,-6
218000026,15,27,-12
218000027,5,11,-6
218000028,2,6,-4
218000029,3,6,-3
218000030,19,29,-10
218000031,4,20,-16
218000032,5,20,-15
218000040,14,2,12
218000046,43,75,-32
218000047,15,120,-105
218000048,51,72,-21
218000049,97,71,26
218000050,297,187,110
218000051,48,178,-130
218000052,1,70,-69
218000053,4,8,-4
218000054,18,43,-25
218000055,3,24,-21
218000056,10,31,-21
218000057,6,25,-19
218000064,4,10,-6
218000065,58,20,38
218000066,8,50,-42
218000067,48,55,-7
218000068,170,71,99
218000069,267,104,163
218000070,197,201,-4
218000071,174,177,-3
218000072,253,194,59
218000078,884,610,274
218000079,115,74,41
218000080,181,55,126
218000081,583,217,366
218000082,48,108,-60
218000083,88,39,49
218000084,168,94,74
218000085,173,321,-148
218000086,87,124,-37
218000087,164,155,9
218000090,13,94,-81
218000091,811,437,374
218000092,96,103,-7
218000093,65,49,16
218000094,431,385,46
218000099,297,593,-296
218000100,269,290,-21
218000101,265,159,106
218000102,403,196,207
218000103,147,198,-51
218000104,89,54,35
218000105,37,24,13
218000106,15,7,8
218000107,65,61,4
218000108,4,47,-43
218000112,46,39,7
218000117,59,61,-2
218000134,476,460,16
218000135,26,73,-47
218000136,217,97,120
218000137,176,126,50
218000138,36,78,-42
218000139,209,246,-37
218000140,460,248,212
218000141,71,86,-15
218000142,211,109,102
218000143,162,333,-171
218000144,52,96,-44
218000145,355,302,53
218000146,114,179,-65
218000151,1,20,-19
218000152,146,53,93
218000153,26,4,22
218000154,27,3,24
218000155,29,0,29
218000156,53,6,47
218000157,40,10,30
218000158,10,10,0
218000159,2,3,-1
218000160,6,1,5
218000161,31,3,28
218000162,26,15,11
218000163,15,0,15
218000164,48,5,43
218000165,43,16,27
218000170,2,44,-42
218000171,31,12,19
218000172,9,14,-5
218000173,25,20,5
218000174,25,8,17
218000176,137,24,113
218000177,217,175,42
218000178,56,217,-161
218000179,53,78,-25
218000180,63,29,34
218000181,104,47,57
218000187,8,22,-14
218000188,26,41,-15
218000189,31,43,-12
218000190,21,24,-3
218000191,136,47,89
218000192,213,181,32
218000193,388,239,149
218000194,85,220,-135
218000195,112,40,72
218000196,372,214,158
218000197,411,210,201
218000198,23,102,-79
218000199,49,18,31
218000200,110,22,88
218000201,17,11,6
218000202,80,217,-137
218000207,3,23,-20
218000208,25,23,2
218000211,61,27,34
218000212,3,21,-18
218000213,98,167,-69
218000214,4,48,-44
218000215,38,48,-10
218000217,5,48,-43
218000218,231,65,166
218000219,35,21,14
218000220,85,385,-300
218000221,612,141,471
218000222,5,29,-24
218000223,41,432,-391
218000224,6,184,-178
218000225,120,23,97
218000226,96,57,39
218000230,0,6,-6
218000232,58,46,12
218000239,124,17,107
218000240,28,6,22
218000241,54,3,51
218000242,91,4,87
218000243,53,6,47
218000244,57,10,47
218000245,26,3,23
218000246,0,1,-1
218000247,0,0,0
218000248,0,18,-18
218000249,1,4,-3
218000250,1,30,-29
218000251,1,28,-27
218000252,2,58,-56
218000253,22,49,-27
218000254,2,28,-26
218000255,0,22,-22
218000256,5,63,-58
218000267,453,775,-322
218000268,17,35,-18
218000269,2,14,-12
218000270,101,47,54
218000271,17,53,-36
218000273,17,4,13
218000274,19,9,10
218000275,24,40,-16
218000276,14,34,-20
218000278,14,31,-17
218000279,75,51,24
218000280,2,35,-33
218000281,15,24,-9
218000282,373,513,-140
218000284,77,8,69
218000301,89,121,-32
218000302,113,39,74
218000303,42,60,-18
218000316,657,845,-188
218000317,1129,757,372
218000318,860,584,276
218000319,965,722,243
218000320,784,536,248
218000338,24,17,7
218000345,108,56,52
218000346,22,119,-97
218000459,31,179,-148
218000490,19,28,-9
218000501,97,24,73
218000502,47,49,-2
218000503,81,19,62
218000504,203,28,175
218000505,59,133,-74
218000506,35,192,-157
218000508,0,5,-5
218000510,184,17,167
218000520,119,70,49
218000521,7,35,-28
218000522,2,104,-102
218000523,103,3,100
218000524,63,219,-156
218000525,142,17,125
218000526,39,121,-82
218000529,18,79,-61
218000530,19,2,17
218000531,8,14,-6
218000532,32,19,13
218000534,135,16,119
218000537,27,41,-14
218000538,139,375,-236
218000540,300,120,180
218000543,150,42,108
218000544,25,60,-35
218000545,47,55,-8
218000546,56,49,7
218000547,80,143,-63
218000548,164,103,61
218000549,469,501,-32
218000550,192,263,-71
218000551,124,946,-822
218000552,333,53,280
218000553,30,85,-55
218000554,34,27,7
218000555,46,35,11
218000556,98,169,-71
218000557,250,87,163
218000558,48,0,48
218000559,0,40,-40
218000560,1,41,-40
218000561,17,0,17
218000562,31,132,-101
218000563,219,10,209
218000564,9,116,-107
218000565,208,37,171
218000566,373,29,344
218000567,9,70,-61
218000568,56,2,54
218000569,15,196,-181
218000570,206,19,187
218000571,0,89,-89
218000572,135,5,130
218000573,21,171,-150
218000574,133,36,97
218000575,114,0,114
218000576,0,65,-65
218000577,142,2,140
218000578,1,63,-62
218000579,78,41,37
218000581,8,29,-21
218000582,51,1,50
218000583,12,0,12
218000584,2,12,-10
218000585,44,10,34
218000586,17,33,-16
218000587,6,0,6
218000588,6,8,-2
218000589,0,3,-3
218000590,0,0,0
218000591,4,4,0
218000592,5,0,5
218000593,1,1,0
218000594,0,0,0
218000595,0,0,0
218000596,0,0,0
218000597,0,0,0
218000598,1,1,0
218000599,1,0,1
218000600,4,0,4
218000601,0,0,0
218000602,0,4,-4
218000603,0,4,-4
218000604,12,0,12
218000605,0,38,-38
218000606,87,0,87
218000607,10,28,-18
218000608,48,20,28
218000609,14,51,-37
218000610,86,12,74
218000611,26,2,24
218000612,2,27,-25
218000613,48,1,47
218000614,4,34,-30
218000615,165,3,162
218000616,3,95,-92
218000617,20,3,17
218000618,1,23,-22
218000619,47,29,18
218000620,28,29,-1
218000621,0,3,-3
218000622,0,13,-13
218000623,81,2,79
218000624,1,15,-14
218000625,9,2,7
218000626,2,15,-13
218000628,165,36,129
218000631,14,10,4
218000632,5,106,-101
218000633,164,6,158
218000634,3,10,-7
218000635,5,2,3
218000636,721,788,-67
218000637,864,416,448
218000638,189,22,167
218000639,17,126,-109
218000640,310,30,280
218000641,72,300,-228
218000652,31,55,-24
218000653,132,38,94
218000663,12,125,-113
218000675,70,41,29
218000676,3,17,-14
218000677,13,3,10
218000680,127,390,-263
218000681,401,84,317
218000691,124,197,-73
218000693,213,97,116
218000703,5,32,-27
218000718,303,1203,-900
218000719,575,719,-144
218000720,18,214,-196
218000721,222,29,193
218000725,10,2,8
218001214,5,178,-173
218001258,88,3,85
218001329,97,77,20
218001330,54,49,5
218001351,32,9,23
218001352,12,13,-1
218001353,11,5,6
218001354,5,18,-13
218001356,469,25,444
218001358,242,15,227
218001361,248,34,214
219000001,57,58,-1
219000002,39,56,-17
219000003,98,39,59
219000004,42,48,-6
219000017,76,56,20
219000020,119,48,71
219000022,151,8,143
219000023,101,2,99
219000029,0,50,-50
219000034,34,18,16
219000039,50,180,-130
219000040,74,96,-22
219000041,126,19,107
219000051,0,41,-41
219000052,0,19,-19
219000053,0,43,-43
219000054,22,77,-55
219000055,209,1,208
219000056,15,1,14
219000057,69,0,69
219000062,27,76,-49
219000063,74,4,70
219000064,1,59,-58
219000110,303,95,208
219000111,101,31,70
219000112,230,37,193
219000113,133,45,88
219000114,216,114,102
219000116,92,42,50
219000117,162,60,102
219000118,138,42,96
219000123,196,70,126
219000124,71,69,2
219000125,16,19,-3
219000126,68,83,-15
219000127,0,8,-8
219000128,9,97,-88
219000129,18,112,-94
219000130,322,457,-135
219000131,565,737,-172
219000133,61,47,14
219000134,7,22,-15
219000135,33,66,-33
219000136,83,166,-83
219000138,76,19,57
219000139,66,56,10
219000140,83,1,82
219000141,34,97,-63
219000142,27,62,-35
219000143,13,66,-53
219000145,18,41,-23
219000146,4,19,-15
219000147,32,29,3
219000148,4,26,-22
219000149,6,65,-59
219000150,0,38,-38
219000151,3,19,-16
219000157,190,125,65
219000158,203,187,16
219000161,117,3,114
219000163,1151,481,670
219000166,119,166,-47
219000167,113,117,-4
219000168,245,99,146
219000174,318,143,175
219000175,103,11,92
219000176,108,4,104
219000177,47,3,44
219000178,43,0,43
219000179,20,1,19
219000180,27,35,-8
219000182,125,17,108
219000183,84,40,44
219000184,113,14,99
219000185,1,31,-30
219000186,71,32,39
219000187,31,77,-46
219000189,58,154,-96
219000190,76,205,-129
219000191,588,1203,-615
219000192,162,124,38
219000193,174,125,49
219000195,0,45,-45
219000196,6,93,-87
219000198,14,76,-62
219000199,47,210,-163
219000200,25,125,-100
219000201,65,179,-114
219000203,30,117,-87
219000204,119,275,-156
219000205,83,207,-124
219000207,104,181,-77
219000209,50,50,0
219000210,27,62,-35
219000213,3,120,-117
219000239,170,169,1
219000240,217,407,-190
219000241,159,92,67
219000242,52,99,-47
219000243,86,169,-83
219000244,9,64,-55
219000245,32,39,-7
219000246,41,16,25
219000247,159,25,134
219000248,475,424,51
219000249,131,101,30
219000250,190,99,91
219000251,502,242,260
219000252,194,150,44
219000253,456,118,338
219000255,125,123,2
219000256,193,81,112
219000257,116,0,116
219000262,91,89,2
219000263,94,148,-54
219000267,2,66,-64
219000268,0,1,-1
219000269,5,3,2
219000270,10,0,10
219000271,128,8,120
219000278,0,3,-3
219000279,2,7,-5
219000283,0,12,-12
219000295,19,71,-52
219000296,63,274,-211
219000297,15,95,-80
219000298,8,96,-88
219000299,371,44,327
219000300,16,129,-113
219000301,216,334,-118
219000302,48,297,-249
219000307,24,12,12
219000308,55,50,5
219000311,202,61,141
219000312,675,119,556
219000313,384,46,338
219000314,42,289,-247
219000315,295,31,264
219000316,548,65,483
219000317,125,18,107
219000320,1,64,-63
219000321,1,19,-18
219000323,4,44,-40
219000325,1,7,-6
219000326,100,66,34
219000327,58,21,37
219000328,34,56,-22
219000329,299,135,164
219000330,59,33,26
219000331,86,39,47
219000332,125,96,29
219000333,25,1,24
219000335,66,0,66
219000337,19,1,18
219000338,43,0,43
219000344,30,53,-23
219000345,75,48,27
219000346,30,131,-101
219000348,145,89,56
219000349,41,121,-80
219000350,89,367,-278
219000351,6,13,-7
219000352,242,129,113
219000353,114,56,58
219000354,203,61,142
219000355,187,40,147
219000356,854,1240,-386
219000363,155,75,80
219000364,97,51,46
219000365,90,21,69
219000366,207,251,-44
219000368,302,540,-238
219000370,841,562,279
219000371,7,24,-17
219000382,16,11,5
219000383,511,1100,-589
219000385,399,418,-19
219000386,632,1435,-803
219000387,5,8,-3
219000390,4,0,4
219000391,0,3,-3
219000397,71,49,22
219000398,64,70,-6
219000401,9,62,-53
219000402,23,74,-51
219000403,157,266,-109
219000404,19,121,-102
219000407,5,38,-33
219000409,49,45,4
219000410,152,43,109
219000411,59,12,47
219000446,101,385,-284
219000447,1,18,-17
219000448,13,6,7
219000452,90,85,5
219000453,57,189,-132
219000454,184,252,-68
219000556,275,83,192
219000558,175,136,39
219000590,29,146,-117
219000591,95,89,6
219000592,100,249,-149
219000595,0,22,-22
219000635,200,51,149
219000636,16,54,-38
219000657,40,35,5
219000658,40,152,-112
219000673,0,27,-27
219000676,29,7,22
219000679,33,7,26
219000684,89,0,89
219000685,3,36,-33
219000686,1,6,-5
219000688,1,72,-71
219000689,13,158,-145
219000690,128,27,101
219000691,54,149,-95
219000692,202,42,160
219000693,0,38,-38
219000694,10,0,10
219000695,28,0,28
219000698,21,0,21
219000699,0,14,-14
219000727,1,60,-59
219000728,54,0,54
219000770,94,1,93
219000771,3,36,-33
219000788,214,174,40
219001150,3,26,-23
219001151,0,5,-5
219001166,23,34,-11
219001167,0,66,-66
219001178,41,2,39
220000001,32,62,-30
220000002,1,101,-100
220000003,322,194,128
220000004,495,363,132
220000005,1021,1459,-438
220000006,166,604,-438
220000007,372,361,11
220000008,264,575,-311
220000009,221,308,-87
220000010,146,87,59
220000011,395,2403,-2008
220000012,104,282,-178
220000014,92,41,51
220000015,41,239,-198
220000017,70,280,-210
220000018,4352,1888,2464
220000019,90,313,-223
220000020,397,217,180
220000021,624,163,461
220000022,917,365,552
220000023,315,151,164
220000024,1672,386,1286
220000025,1184,1233,-49
220000026,236,415,-179
220000027,27,121,-94
220000028,60,36,24
220000029,49,81,-32
220000030,56,53,3
220000031,522,344,178
220000064,24,833,-809
221000046,7,0,7
221000047,0,4,-4
221000048,0,4,-4
221000049,1,6,-5
221000050,26,1,25
221000055,22,46,-24
221000057,66,14,52
221000068,351,133,218
221000069,436,53,383
221000070,246,28,218
221000071,141,16,125
221000072,246,14,232
221000073,218,43,175
221000074,0,21,-21
221000075,19,14,5
221000076,12,37,-25
221000077,27,84,-57
221000081,27,9,18
221000082,79,4,75
221000083,16,2,14
221000084,7,8,-1
221000085,34,66,-32
221000086,14,58,-44
221000087,1,123,-122
221000088,17,129,-112
221000089,27,237,-210
221000090,95,415,-320
221000098,129,11,118
221000099,183,12,171
221000100,89,4,85
221000101,222,11,211
221000102,126,20,106
221000109,7,90,-83
221000110,11,83,-72
221000111,21,147,-126
221000112,6,121,-115
221000113,17,126,-109
221000114,8,111,-103
221000120,48,32,16
221000121,3,23,-20
221000122,41,42,-1
221000123,18,15,3
221000124,24,142,-118
221000155,86,19,67
221000156,71,36,35
221000175,1,8,-7
221000176,0,3,-3
221000182,41,15,26
221000241,523,346,177
221000242,169,381,-212
221000243,500,284,216
221000244,239,411,-172
221000245,95,99,-4
221000246,32,228,-196
221000247,117,100,17
221000248,156,80,76
221000267,49,498,-449
221000325,67,67,0
221000331,24,60,-36
221000338,10,22,-12
221000378,200,32,168
221000381,24,42,-18
222000282,8,1,7
222000296,7,20,-13
222000568,325,36,289
222000569,209,63,146
222000570,128,32,96
222000571,425,66,359
222000577,34,127,-93
222000578,30,145,-115
222000579,30,146,-116
222000580,78,800,-722
222000599,2,123,-121
222000600,2,197,-195
222000601,7,753,-746
222000603,20,40,-20
222000604,9,33,-24
222000605,16,36,-20
222000606,4,22,-18
222000607,8,10,-2
222000608,38,9,29
222000609,76,122,-46
222000616,320,21,299
222000617,27,20,7
222000618,13,7,6
222000620,43,12,31
222000621,63,47,16
222000623,588,12,576
222000624,348,2,346
222000625,633,11,622
222000636,92,7,85
222000686,111,17,94
222000687,44,32,12
222001066,410,7,403
222001067,34,12,22
222001068,74,28,46
222001069,46,45,1
222001082,20,44,-24
222001083,36,31,5
222001084,0,26,-26
222001085,1,235,-234
222001111,66,118,-52
222001112,130,44,86
222001313,14,9,5
222001314,5,101,-96
222001464,68,38,30
222001465,8,65,-57
222001484,144,41,103
222001485,30,33,-3
222001494,498,109,389
222001495,97,172,-75
222001496,292,62,230
222001497,65,257,-192
222001502,23,77,-54
222001503,125,29,96
222001504,45,252,-207
222001505,340,18,322
222001506,56,341,-285
222001507,307,36,271
222001510,524,43,481
222001511,73,277,-204
222001514,727,216,511
222001515,181,476,-295
222001518,332,57,275
222001519,39,164,-125
222001527,266,80,186
222001528,62,121,-59
222001529,304,33,271
222001530,54,213,-159
222001533,136,259,-123
222001534,335,61,274
222001535,213,191,22
222001536,75,142,-67
222001537,460,58,402
222001538,73,417,-344
222001563,766,99,667
222001564,70,382,-312
222001568,268,149,119
222001576,3,7,-4
222001579,0,6,-6
222001583,15,73,-58
222001584,118,11,107
222001596,756,1133,-377
222001597,2550,510,2040
222001626,1,120,-119
222001650,67,168,-101
222001651,131,300,-169
222001914,171,71,100
222001915,87,213,-126
222001968,423,196,227
222001969,289,460,-171
222001970,179,172,7
222001971,20,27,-7
222001972,5,20,-15
225000001,416,127,289
225000002,552,109,443
225000003,508,50,458
225000004,392,195,197
225000005,79,90,-11
225000006,1,156,-155
225000007,1038,1067,-29
225000010,304,36,268
225000011,366,791,-425
225000012,260,479,-219
225000013,105,104,1
225000014,605,70,535
225000015,73,126,-53
225000021,755,154,601
225000027,185,328,-143
225000032,716,148,568
225000042,55,459,-404
225000049,28,43,-15
225000050,81,11,70
225000053,11,218,-207
225000058,572,168,404
225000067,175,128,47
225000068,96,224,-128
225000069,94,342,-248
225000070,82,332,-250
225000071,28,116,-88
225000075,15,385,-370
225000076,44,119,-75
225000078,57,48,9
225000085,82,137,-55
225000086,294,70,224
225000087,149,22,127
225000088,5,152,-147
225000089,166,807,-641
225000090,45,407,-362
225000091,158,111,47
225000092,23,42,-19
225000093,194,193,1
225000094,14,173,-159
225000095,186,298,-112
225000096,252,313,-61
225000098,743,234,509
225000099,355,117,238
225000100,366,87,279
225000104,86,342,-256
225000110,17,276,-259
225000111,171,728,-557
225000112,220,853,-633
225000113,172,503,-331
225000114,48,223,-175
225000115,1034,450,584
225000116,829,203,626
225000117,740,210,530
225000118,989,208,781
225000119,216,93,123
225000120,689,37,652
225000121,224,15,209
225000123,495,39,456
225000125,412,115,297
225000126,541,166,375
225000127,523,1094,-571
225000128,486,618,-132
225000132,269,17,252
225000133,240,17,223
225000134,635,166,469
225000135,80,13,67
225000136,322,28,294
225000137,170,45,125
225000138,394,81,313
225000143,53,161,-108
225000144,3,215,-212
225000145,53,28,25
225000146,56,64,-8
225000147,26,169,-143
225000148,12,147,-135
225000149,36,329,-293
225000151,26,125,-99
225000155,283,309,-26
225000156,132,616,-484
225000157,208,260,-52
225000158,72,190,-118
225000171,1,115,-114
225000180,30,6,24
225000181,0,33,-33
225000182,64,12,52
225000185,7,252,-245
225000187,29,253,-224
225000191,108,10,98
225000194,0,2,-2
225000208,0,37,-37
225000209,75,26,49
225000210,6,217,-211
225000217,1,11,-10
225000218,15,2,13
225000223,0,29,-29
225000224,36,2,34
225000225,4,21,-17
225000226,25,4,21
225000227,24,63,-39
225000228,5,8,-3
225000229,0,50,-50
225000230,25,0,25
225000231,0,43,-43
225000232,181,0,181
225000241,82,1,81
225000242,0,22,-22
225000249,5,0,5
225000250,37,441,-404
225000251,326,26,300
225000254,5,17,-12
225000256,1,27,-26
225000257,0,33,-33
226000042,225,322,-97
226000043,32,193,-161
226000044,90,308,-218
226000045,60,228,-168
226000046,389,68,321
226000047,340,83,257
226000048,357,102,255
226000049,316,156,160
226000070,0,40,-40
226000071,0,48,-48
226000072,0,10,-10
226000073,0,3,-3
226000074,0,10,-10
226000084,12,53,-41
226000085,3,9,-6
226000086,6,25,-19
226000087,0,15,-15
226000088,27,47,-20
226000090,192,87,105
226000091,23,39,-16
226000092,1,14,-13
226000093,26,4,22
226000094,7,2,5
226000095,4,5,-1
226000105,11,0,11
226000106,10,0,10
226000107,11,0,11
226000108,9,1,8
226000109,71,0,71
226000124,127,57,70
226000134,632,472,160
226000135,1443,465,978
226000136,471,352,119
226000137,9,239,-230
226000138,7,128,-121
226000139,0,17,-17
226000156,170,0,170
226000157,172,10,162
226000163,77,149,-72
226000202,4,195,-191
226000231,377,7,370
226000232,61,12,49
227000033,280,38,242
227000036,284,34,250
227000037,307,31,276
227000038,210,28,182
227000084,5,77,-72
227000085,2,43,-41
227000088,43,5,38
227000089,116,0,116
227000090,32,0,32
227000091,21,2,19
227000092,35,1,34
227000093,125,0,125
227000094,16,0,16
227000130,26,71,-45
227000131,28,147,-119
227000132,9,138,-129
227000133,9,126,-117
227000134,12,187,-175
227000152,0,11,-11
227000153,0,56,-56
227000154,0,21,-21
227000155,1,10,-9
227000156,2,7,-5
227000165,4,21,-17
227000196,374,171,203
227000199,357,339,18
227000230,18,332,-314
227000232,435,22,413
227000242,64,334,-270
227000243,377,61,316
227000245,19,246,-227
227000246,107,285,-178
227000247,358,64,294
227000248,147,29,118
227000249,23,103,-80
227000250,246,134,112
227000251,45,116,-71
227000252,23,210,-187
227000253,139,26,113
227000262,315,42,273
227000266,1071,16,1055
227000267,27,1064,-1037
227000282,8,120,-112
227000284,404,16,388
227000286,4,57,-53
227000287,18,95,-77
227000291,21,402,-381
227000296,162,188,-26
227000484,175,12,163
227000485,20,717,-697
227000655,180,7,173
227000656,495,34,461
227000657,110,9,101
227000661,192,10,182
229000265,19,34,-15
229000296,2,21,-19
229000297,4,41,-37
229000298,12,128,-116
229000320,14,0,14
229000321,22,2,20
229000412,14,48,-34
229000414,11,39,-28
229000415,29,5,24
229000416,2,11,-9
229000417,0,8,-8
229000419,84,290,-206
229000440,344,55,289
229000442,22,9,13
229000443,3,4,-1
229000444,2,34,-32
229000445,50,4,46
229000446,63,12,51
229000491,6,8,-2
229000492,7,51,-44
229000493,3,46,-43
229000494,30,2,28
229000495,87,8,79
229000496,45,1,44
229000507,0,47,-47
229000508,0,29,-29
229000509,0,57,-57
229000510,2,20,-18
229000511,0,33,-33
229000512,0,19,-19
229000513,0,5,-5
229000514,0,3,-3
229000517,1,7,-6
229000518,9,20,-11
229000519,1,5,-4
229000520,15,53,-38
229000521,75,18,57
229000522,21,8,13
229000523,18,8,10
229000524,8,7,1
229000527,0,0,0
229000528,0,0,0
229000529,8,0,8
229000530,63,0,63
229000531,27,0,27
229000532,22,1,21
229000533,56,0,56
229000534,42,0,42
229000564,77,0,77
229000565,12,0,12
229000566,0,8,-8
229000567,0,21,-21
229000582,86,2,84
229000583,11,1,10
229000584,1,24,-23
229000585,2,56,-54
229000718,0,1,-1
229000719,0,6,-6
229000720,0,9,-9
229000721,0,2,-2
229000722,0,2,-2
229000723,0,4,-4
229000724,0,2,-2
229000725,0,7,-7
229000738,0,0,0
229000739,3,0,3
229000740,3,0,3
229000741,20,0,20
229000742,7,0,7
229000743,15,0,15
229000744,1,0,1
229000745,1,0,1
229000746,17,1,16
229000847,31,0,31
229000848,14,1,13
229000849,69,0,69
229000851,32,0,32
229000854,0,17,-17
229000856,2,61,-59
229000857,0,26,-26
229000858,0,31,-31
229000919,9,52,-43
229000930,3,185,-182
229000937,78,15,63
229000966,52,29,23
229000981,39,24,15
229000985,15,40,-25
229000986,3,9,-6
229000987,0,0,0
229000988,0,1,-1
229000989,11,3,8
229000990,1,0,1
229000991,3,1,2
229000992,17,9,8
229000993,112,5,107
229000998,14,39,-25
229000999,51,5,46
229001034,0,10,-10
229001035,5,2,3
229001037,30,8,22
229001042,16,4,12
229001047,4,41,-37
229001050,21,36,-15
229001168,0,21,-21
229001200,14,3,11
229001338,8,15,-7
229001394,198,5,193
229001422,114,25,89
229001423,33,117,-84
229001431,63,60,3
229001432,43,76,-33
229001444,122,26,96
229001445,43,94,-51
229001479,21,3,18
229001503,160,71,89
229001504,117,143,-26
229001505,110,31,79
229001506,71,79,-8
229001509,22,18,4
229001545,104,3,101
229001546,16,58,-42
229001553,69,19,50
229001554,38,67,-29
229001630,43,6,37
229001631,6,37,-31
229001635,0,24,-24
229001636,14,0,14
229001658,1,86,-85
229001659,43,1,42
229001660,29,39,-10
229001661,7,16,-9
229001662,9,0,9
229001663,0,25,-25
229002584,173,143,30
229002831,98,150,-52
229002841,15,21,-6
229002842,28,20,8
229002843,92,15,77
229002844,59,59,0
229002845,5,98,-93
229002846,55,16,39
229002847,14,6,8
229002848,21,16,5
229002849,5,112,-107
229002850,38,36,2
229002851,70,287,-217
229002852,308,27,281
229002853,192,20,172
229002854,49,65,-16
229002855,10,68,-58
229002856,31,17,14
229002857,9,276,-267
229002858,17,11,6
229002859,61,219,-158
229002860,489,31,458
229002861,83,20,63
229002862,46,36,10
229002863,24,14,10
229002864,26,32,-6
229002865,17,11,6
229002866,25,11,14
229002867,1,22,-21
229002868,13,8,5
229002869,22,100,-78
229002870,68,8,60
235000066,340,67,273
235000067,90,100,-10
235000072,33,46,-13
235000073,68,320,-252
235000074,45,52,-7
235000080,14,67,-53
235000081,137,94,43
235000082,115,31,84
235000083,186,82,104
235000084,41,47,-6
235000085,156,65,91
235000089,18,24,-6
235000092,35,126,-91
235000093,8,4,4
235000097,7,11,-4
235000098,67,8,59
235000099,28,23,5
235000116,66,16,50
235000117,513,11,502
235000133,7,439,-432
235000134,11,180,-169
235000206,5,2,3
235000207,4,3,1
235000208,6,2,4
235000209,9,3,6
235000210,16,3,13
235000212,2,18,-16
235000213,3,12,-9
235000220,0,1,-1
235000221,43,32,11
235000238,18,86,-68
235000239,0,24,-24
235000242,377,735,-358
235000245,553,196,357
235000246,7,67,-60
235000284,3,101,-98
235000295,143,9,134
235000305,258,32,226
235000306,273,7,266
235000307,36,0,36
235000308,37,0,37
235000309,75,0,75
235000310,32,2,30
235000311,122,28,94
235000322,0,14,-14
235000323,0,48,-48
235000324,1,15,-14
235000325,0,10,-10
235000326,4,122,-118
235000351,5,77,-72
235000352,6,32,-26
235000353,4,26,-22
235000354,7,47,-40
235000355,12,67,-55
235000356,98,3,95
235000357,37,9,28
235000358,143,8,135
235000359,17,4,13
235000360,54,25,29
235000361,50,9,41
235000381,74,91,-17
235000382,159,12,147
235000390,19,4,15
235000391,177,16,161
235000392,236,264,-28
235000393,163,180,-17
235000395,121,37,84
235000396,427,68,359
235000400,73,33,40
235000401,16,87,-71
235000405,82,231,-149
235000406,32,234,-202
235000407,77,70,7
235000409,171,123,48
235000410,56,213,-157
235000411,1,58,-57
235000485,0,8,-8
235000486,18,0,18
235000549,173,124,49
235000550,94,173,-79
235000599,144,58,86
235000600,15,10,5
235000601,19,40,-21
235000602,113,71,42
235000614,3,5,-2
235000648,1,19,-18
235000649,46,14,32
235000685,0,11,-11
235000815,40,55,-15
235000834,0,11,-11
235000855,104,50,54
235000862,21,107,-86
235000891,0,10,-10
235000892,11,3,8
235000901,154,91,63
235000907,8,16,-8
235001010,107,79,28
235001029,424,337,87
235001030,416,284,132
235001078,80,87,-7
235001079,94,80,14
235001147,3,41,-38
235001166,12,69,-57
235001167,45,64,-19
235001169,22,226,-204
235001188,0,7,-7
235001189,9,1,8
235001197,6,16,-10
235001200,73,43,30
235001207,147,26,121
235001210,18,61,-43
235001215,31,84,-53
235001239,0,38,-38
235001244,2,9,-7
235016267,0,52,-52
277101746,0,1,-1
277102712,0,0,0
277103813,0,0,0
277103814,0,0,0
277103898,0,3,-3
277104249,0,1,-1
277104250,0,8,-8
277104251,0,5,-5
277104252,0,3,-3
990011530,0,188,-188
990014944,0,374,-374
990015176,36,5,31
990015618,1,99,-98
990016032,0,229,-229
990032570,11,289,-278
990070001,43,3,40
990070103,0,5,-5
990070601,0,48,-48
990070751,981,1,980
990070766,1,356,-355
990071180,543,168,375
990071343,25,1,24
990071387,0,10,-10
990071823,508,3,505
990072600,5,937,-932
990072964,0,336,-336
990073285,0,1,-1
990074393,4,565,-561
990074870,1484,7,1477
990075106,1398,14,1384
990075746,648,26,622
990076437,1423,9,1414
990076458,4,435,-431
997000007,624,11,613
997000041,2,238,-236
997000058,90,9,81
997000062,30,2,28
997000069,0,8,-8
997000070,0,42,-42
997000100,32,0,32
997000141,11,2817,-2806
997000198,1,1022,-1021
998000475,10,52,-42
998000736,1,152,-151
998000965,0,8,-8
998001031,1,82,-81
998001700,0,0,0
998001899,0,4,-4
998001900,19,2,17
998003073,1602,3,1599
998101900,0,0,0
998102850,8,258,-250
998501927,920,737,183
998501929,206,45,161
998501930,39,0,39
998501931,131,15,116
998501932,6,1,5
998501933,121,9,112
998501937,97,68,29
998501944,5,0,5
998501970,85,4,81
998501971,0,60,-60
998501973,0,47,-47
998501974,2,186,-184
998501975,113,0,113
998501976,89,26,63
998501977,0,27,-27
998501978,24,2,22
998501979,0,13,-13
998501980,74,1,73
998501981,40,1,39
998501982,0,119,-119
998502006,0,0,0
998502024,0,4,-4
998502032,0,5,-5
998502062,11,2,9
998502063,0,0,0
998502173,34,0,34
998502269,0,1,-1
998601159,0,83,-83
998601292,0,13,-13
999033574,1,313,-312
999800001,95,25,70
999800002,0,8,-8
999800003,2,0,2
999800004,0,2,-2
999800005,0,6,-6
