ID,insum,outsum,diff
100000001,397,418,-21
100000002,905,307,598
100000003,4691,1094,3597
100000004,956,216,740
100000005,722,1073,-351
100000006,61,37,24
100000007,206,143,63
100000008,40,467,-427
100000009,26,68,-42
100000010,6,16,-10
100000011,93,24,69
100000012,10,507,-497
100000013,10,121,-111
100000014,78,273,-195
100000015,221,276,-55
100000016,434,1016,-582
100000017,195,991,-796
100000018,486,284,202
100000019,3121,986,2135
100000020,702,1013,-311
100000021,5618,1268,4350
100000022,456,427,29
100000023,4087,584,3503
100000025,1998,347,1651
100000028,898,502,396
100000029,137,122,15
100000030,533,21,512
100000031,2181,1686,495
100000032,1698,1942,-244
100000033,246,1068,-822
100000034,749,303,446
100000035,651,375,276
100000036,1137,474,663
100000037,194,183,11
100000038,313,299,14
100000039,244,82,162
100000040,147,42,105
100000041,159,148,11
100000042,121,148,-27
100000043,90,107,-17
100000044,160,507,-347
100000045,181,1121,-940
100000046,313,1096,-783
100000047,201,839,-638
100000048,477,675,-198
100000049,1125,2272,-1147
100000051,193,1103,-910
100000053,14,2,12
100000054,32,6,26
100000055,150,303,-153
100000056,98,215,-117
100000057,664,293,371
100000058,366,1184,-818
100000059,0,73,-73
100000060,80,186,-106
100000061,438,235,203
100000062,334,240,94
100000063,157,110,47
100000064,236,295,-59
100000065,162,1185,-1023
100000066,102,769,-667
100000067,142,672,-530
100000068,235,1044,-809
100000069,146,1279,-1133
100000072,227,1035,-808
100000073,673,1057,-384
100000075,243,239,4
100000076,1025,906,119
100000077,359,33,326
100000078,117,37,80
100000079,29,37,-8
100000080,10,6,4
100000081,15,3,12
100000102,616,587,29
100000103,1657,507,1150
100000104,2470,617,1853
100000105,2275,350,1925
100000106,989,693,296
100000107,124,143,-19
100000108,551,928,-377
100000109,2242,926,1316
100000116,812,293,519
100000117,26,5,21
100000118,694,641,53
100000119,207,524,-317
100000121,88,374,-286
100000122,264,491,-227
100000123,2450,2521,-71
100000124,7537,3081,4456
100000125,2191,330,1861
100000126,217,152,65
100000127,709,295,414
100000128,750,561,189
100000129,266,275,-9
100000130,221,433,-212
100000131,4757,2018,2739
100000132,1970,780,1190
100000133,9937,2498,7439
100000135,101,323,-222
100000139,56,372,-316
100000140,131,183,-52
100000142,114,188,-74
100000143,1195,842,353
100000144,2790,835,1955
100000147,406,1010,-604
100000150,15,361,-346
100000151,235,230,5
100000153,185,134,51
100000154,18,85,-67
100000155,2,12,-10
100000156,74,25,49
100000157,30,69,-39
100000158,21,121,-100
100000159,111,215,-104
100000165,596,484,112
100000169,278,111,167
100000174,1026,131,895
100000179,33,388,-355
100000180,894,1172,-278
100000181,40,360,-320
100000188,75,301,-226
100000189,204,179,25
100000190,151,139,12
100000191,257,191,66
100000192,61,77,-16
100000193,36,58,-22
100000330,1550,319,1231
100000355,71,327,-256
100000362,3070,2620,450
100000363,845,1470,-625
100000364,277,379,-102
100000365,1986,4868,-2882
100000366,2997,2083,914
100000367,1152,2113,-961
100000368,1205,1412,-207
100000369,305,758,-453
100000370,71,168,-97
100000376,26,54,-28
100000379,848,529,319
100000380,1078,773,305
100000384,3644,1346,2298
100000385,3156,1942,1214
100000386,5034,1254,3780
100000387,4578,1849,2729
100000388,13688,1739,11949
100000389,9640,1969,7671
100000390,9937,1829,8108
100000391,5094,1848,3246
100000392,1854,641,1213
100000393,559,617,-58
100000394,3797,1812,1985
100000395,1694,572,1122
100000396,2649,1094,1555
100000397,1475,696,779
100000398,9033,6498,2535
100900002,0,0,0
100900003,37,76,-39
100900004,35,1136,-1101
100900005,24,1,23
100900006,0,0,0
100900007,14,0,14
100900008,4,603,-599
100900009,20,16,4
100900010,0,0,0
100900011,8,226,-218
100900012,3,371,-368
100900013,216,1,215
100900014,0,0,0
100900015,70,41,29
100900016,6,15,-9
100900017,91,36,55
100900018,0,0,0
100900019,0,0,0
100900020,28,0,28
100900021,753,1,752
100900022,0,0,0
100900023,0,0,0
100900024,29,0,29
100900025,0,0,0
100900026,1,97,-96
100900027,318,1258,-940
100900028,16,83,-67
100900029,35,4,31
100900030,0,10,-10
100900031,69,9,60
100900032,27,1,26
100900033,76,37,39
100900034,78,0,78
100900035,12,0,12
100900036,0,0,0
100900037,3,279,-276
100900038,11,2,9
100900039,137,522,-385
100900040,75,1056,-981
100900041,68,891,-823
100900042,136,9,127
100900043,0,0,0
100900044,1165,126,1039
100900045,4,0,4
100900046,502,2,500
100900047,4,3,1
100900048,15,5,10
100900049,11,113,-102
100900050,0,10,-10
100900051,15,19,-4
100900052,23,14,9
100900053,85,19,66
100900054,0,77,-77
100900055,38,50,-12
100900056,2,4,-2
100900057,150,201,-51
100900058,12,13,-1
100900059,10,0,10
100900060,28,6,22
100900061,48,113,-65
100900062,0,41,-41
100900063,38,211,-173
100900064,368,5,363
100900065,4,21,-17
100900066,8,14,-6
100900067,0,0,0
100900068,3,100,-97
100900069,22,1,21
100900070,37,1,36
100900071,258,96,162
100900072,1,39,-38
100900073,12,306,-294
100900074,0,3,-3
100900075,2913,122,2791
100900076,12,10,2
100900077,0,0,0
100900078,37,61,-24
100900079,0,8,-8
100900080,0,0,0
100900081,5,21,-16
100900082,12,495,-483
100900083,1,38,-37
100900085,0,31,-31
100900086,20,177,-157
100900088,5,432,-427
100900089,0,12,-12
100900090,25,316,-291
100900091,0,0,0
100900092,37,45,-8
100900093,21,84,-63
100900094,15,479,-464
100900095,2,12,-10
100900096,9,61,-52
100900097,0,0,0
100900098,6,31,-25
100900099,4,425,-421
100900100,0,47,-47
100900101,154,9,145
100900102,0,3,-3
100900103,0,7,-7
100900104,4,100,-96
100900105,0,15,-15
100900106,26,0,26
100900107,981,137,844
100900108,0,4,-4
100900109,0,8,-8
100900110,0,0,0
100900111,23,83,-60
100900112,0,0,0
100900113,0,11,-11
100900114,0,6,-6
100900115,0,0,0
100900116,326,81,245
100900117,123,153,-30
100900118,3,28,-25
100900119,0,11,-11
100900120,0,0,0
100900121,145,65,80
100900122,85,138,-53
100900123,1,18,-17
100900124,0,6,-6
100900125,2,42,-40
100900126,9,26,-17
100900127,0,5,-5
100900128,43,59,-16
100900129,0,28,-28
100900131,20,41,-21
100900133,5,7,-2
100900134,0,3,-3
100900135,0,33,-33
100900137,166,103,63
100900138,54,64,-10
100900139,0,3,-3
100900140,3,797,-794
100900141,0,95,-95
100900142,0,0,0
100900143,594,180,414
100900144,1,5,-4
100900145,0,40,-40
100900146,0,6,-6
100900147,0,159,-159
100900148,19,837,-818
100900149,2,6,-4
100900150,0,3,-3
100900151,29,421,-392
100900152,0,0,0
100900153,3,105,-102
100900154,0,3,-3
100900155,0,7,-7
100900156,0,0,0
100900157,0,74,-74
100900159,1,1,0
100900160,0,8,-8
100900161,0,0,0
100900162,1,74,-73
100900163,51,166,-115
100900164,1,8,-7
100900165,14,49,-35
100900166,0,0,0
100900167,2,71,-69
100900168,0,29,-29
100900169,212,1443,-1231
100900170,0,0,0
100900171,8,786,-778
100900172,0,3,-3
100900173,6,558,-552
100900174,2,1,1
100900176,546,19,527
100900177,826,84,742
100900178,1,62,-61
100900179,28,16,12
100900180,0,0,0
100900181,0,0,0
100900182,0,0,0
100900184,0,0,0
100900186,533,269,264
100900187,1,130,-129
100900188,45,5,40
100900189,307,44,263
100900191,824,285,539
100900192,155,74,81
100900195,22,176,-154
100900197,0,0,0
100900198,4,86,-82
100900199,0,0,0
100900200,378,204,174
100900201,14,769,-755
100900202,8,0,8
100900203,0,28,-28
100900204,167,59,108
100900205,29,97,-68
100900206,29,18,11
100900207,17,14,3
100900210,67,645,-578
100900211,123,12,111
100900213,8,5,3
100900214,750,52,698
100900215,0,8,-8
100900217,20,23,-3
101000001,3289,1204,2085
101000002,2457,1401,1056
101000003,581,726,-145
101000004,7373,2464,4909
101000005,4718,2698,2020
101000006,5864,3785,2079
101000007,2020,1819,201
101000008,2088,1657,431
101000009,611,1849,-1238
101000010,367,975,-608
101000011,1596,300,1296
101000012,521,162,359
101000013,391,354,37
101000014,255,286,-31
101000015,461,649,-188
101000016,133,262,-129
101000017,212,345,-133
101000018,2185,1884,301
101000020,2607,705,1902
101000021,403,110,293
101000022,492,60,432
101000023,1050,603,447
101000025,55,138,-83
101000026,270,24,246
101000027,910,1005,-95
101000028,549,172,377
101000029,1,274,-273
101000030,406,91,315
101000031,240,82,158
101000032,2864,1432,1432
101000033,1975,943,1032
101000034,1416,651,765
101000035,1002,336,666
101000036,757,217,540
101000037,2513,525,1988
101000039,2405,419,1986
101000040,3493,1102,2391
101000041,5970,975,4995
101000042,473,237,236
101000043,7772,1367,6405
101000045,549,79,470
101000046,1200,650,550
101000047,594,575,19
101000048,326,178,148
101000049,440,330,110
101000050,1854,547,1307
101000051,3847,706,3141
101000052,1289,308,981
101000053,597,610,-13
101000054,1174,801,373
101000055,1244,502,742
101000056,73,36,37
101000057,2860,371,2489
101000058,1453,343,1110
101000059,1636,563,1073
101000060,1462,150,1312
101000061,470,219,251
101000062,1655,198,1457
101000063,145,78,67
101000064,912,294,618
101000065,77,199,-122
101000066,43,18,25
101000067,347,214,133
101000068,170,93,77
101000069,204,45,159
101000070,1677,584,1093
101000071,1524,427,1097
101000072,1133,1565,-432
101000073,251,113,138
101000074,3839,1037,2802
101000075,7250,2028,5222
101000077,880,673,207
101000078,818,1069,-251
101000079,256,1477,-1221
101000080,550,1298,-748
101000081,488,553,-65
101000082,2494,1568,926
101000083,758,700,58
101000084,660,1185,-525
101000085,897,457,440
101000086,908,749,159
101000087,580,941,-361
101000088,405,351,54
101000089,356,584,-228
101000090,2036,1010,1026
101000091,149,782,-633
101000092,676,742,-66
101000093,861,480,381
101000094,329,823,-494
101000095,163,503,-340
101000096,120,381,-261
101000097,159,225,-66
101000098,344,389,-45
101000099,926,647,279
101000100,560,426,134
101000101,173,263,-90
101000102,413,184,229
101000103,507,437,70
101000104,135,171,-36
101000105,416,70,346
101000106,244,207,37
101000107,42,118,-76
101000108,1070,235,835
101000109,84,37,47
101000110,8,587,-579
101000111,51,97,-46
101000113,53,208,-155
101000114,1388,694,694
101000115,16,44,-28
101000116,10,24,-14
101000117,47,144,-97
101000119,158,25,133
101000120,153,17,136
101000121,30,3,27
101000122,40,10,30
101000123,19,36,-17
101000124,363,534,-171
101000125,140,257,-117
101000128,635,211,424
101000130,369,211,158
101000131,414,590,-176
101000132,194,1286,-1092
101000135,57,5,52
101000136,188,126,62
101000137,33,172,-139
101000141,1827,668,1159
101000147,606,546,60
101000148,2363,20,2343
101000149,20,9,11
101000150,20,893,-873
101000151,40,59,-19
101000152,198,225,-27
101000153,401,355,46
101000154,53,1638,-1585
101000155,60,123,-63
101000156,23,164,-141
101000157,21,9,12
101000160,5,12,-7
101000163,0,1,-1
101000164,348,217,131
101000165,169,126,43
101000166,161,314,-153
101000168,224,182,42
101000252,346,321,25
101000254,225,7,218
101000258,44,18,26
101000261,129,174,-45
101000262,207,488,-281
101000263,70,372,-302
101000265,32,272,-240
101000266,138,197,-59
101000269,121,9,112
101000290,895,757,138
101000293,6,45,-39
101000294,383,360,23
101000295,79,352,-273
101000301,642,121,521
101000304,1228,1639,-411
101000305,1273,1064,209
101000328,24,206,-182
101900001,2,38,-36
101900002,0,17,-17
101900003,37,71,-34
101900004,5,10,-5
101900005,4460,416,4044
101900006,377,3,374
101900007,235,10,225
101900008,61,30,31
101900009,11,35,-24
101900010,531,130,401
101900011,147,141,6
101900012,8,17,-9
101900013,788,28,760
101900017,19,35,-16
101900018,1111,47,1064
101900019,29,14,15
101900020,101,58,43
101900021,1,14,-13
101900022,15,915,-900
101900023,7,187,-180
101900026,36,42,-6
101900027,5,94,-89
102000001,1047,2215,-1168
102000002,1522,938,584
102000003,2613,2124,489
102000004,6636,1324,5312
102000005,1011,1364,-353
102000006,1354,600,754
102000007,1567,2904,-1337
102000008,6304,948,5356
102000009,4210,3876,334
102000010,5574,2019,3555
102000011,1465,1493,-28
102000012,1968,2142,-174
102000018,2528,878,1650
102000019,1679,515,1164
102000026,187,198,-11
102000029,353,110,243
102000030,31,119,-88
102000031,4,137,-133
102000032,145,219,-74
102000033,48,331,-283
102000034,309,201,108
102000035,688,260,428
102000036,3,83,-80
102000037,132,66,66
102000038,50,84,-34
102000039,15,42,-27
102000040,265,72,193
102000041,68,65,3
102000042,51,26,25
102000043,117,140,-23
102000044,59,276,-217
102000045,438,681,-243
102000046,522,195,327
102000047,392,785,-393
102000048,103,339,-236
102000049,300,268,32
102000050,493,699,-206
102000051,177,210,-33
102000052,549,683,-134
102000053,277,431,-154
102000054,187,468,-281
102000055,401,547,-146
102000056,239,423,-184
102000057,683,168,515
102000058,735,963,-228
102000059,543,1022,-479
102000060,390,391,-1
102000061,533,2101,-1568
102000062,308,681,-373
102000063,763,955,-192
102000064,455,559,-104
102000065,22,99,-77
102000066,464,964,-500
102000067,1431,1858,-427
102000068,5013,1613,3400
102000069,13,669,-656
102000070,2341,71,2270
102000071,4913,7314,-2401
102000072,2680,4073,-1393
102000073,177,714,-537
102000074,181,841,-660
102000075,36,213,-177
102000076,50,427,-377
102000077,136,980,-844
102000078,355,1035,-680
102000079,33,228,-195
102000080,94,176,-82
102000081,217,599,-382
102000082,532,243,289
102000083,124,641,-517
102000084,42,230,-188
102000085,1135,960,175
102000086,680,940,-260
102000087,412,1758,-1346
102000088,155,186,-31
102000089,287,271,16
102000090,194,682,-488
102000091,768,309,459
102000092,398,466,-68
102000093,365,334,31
102000094,415,108,307
102000095,523,865,-342
102000096,970,337,633
102000097,2131,1285,846
102000098,363,919,-556
102000099,904,374,530
102000100,389,331,58
102000101,784,179,605
102000102,251,474,-223
102000103,844,260,584
102000104,970,271,699
102000105,92,780,-688
102000106,194,835,-641
102000107,221,349,-128
102000108,208,278,-70
102000109,129,422,-293
102000110,121,860,-739
102000111,3,124,-121
102000112,62,41,21
102000113,1,20,-19
102000114,562,125,437
102000115,163,124,39
102000116,72,133,-61
102000117,43,332,-289
102000118,860,661,199
102000119,1731,366,1365
102000120,46,327,-281
102000121,416,333,83
102000122,129,400,-271
102000123,809,529,280
102000124,636,450,186
102000125,555,365,190
102000126,324,447,-123
102000127,534,313,221
102000128,251,772,-521
102000129,363,589,-226
102000130,170,481,-311
102000131,319,431,-112
102000132,182,304,-122
102000133,500,2221,-1721
102000134,214,506,-292
102000135,873,409,464
102000136,635,134,501
102000137,699,581,118
102000138,215,332,-117
102000139,24,329,-305
102000140,198,156,42
102000141,102,529,-427
102000142,67,224,-157
102000143,21,361,-340
102000144,27,364,-337
102000145,90,210,-120
102000146,135,247,-112
102000147,152,143,9
102000148,63,56,7
102000149,91,435,-344
102000150,62,179,-117
102000151,43,223,-180
102000152,43,110,-67
102000153,403,161,242
102000154,218,358,-140
102000155,52,158,-106
102000156,158,29,129
102000157,52,98,-46
102000158,220,104,116
102000159,1528,77,1451
102000161,3235,409,2826
102000162,158,67,91
102000163,73,147,-74
102000164,672,216,456
102000165,164,107,57
102000166,17,54,-37
102000167,56,139,-83
102000168,72,81,-9
102000169,57,165,-108
102000170,525,69,456
102000171,68,54,14
102000172,5,85,-80
102000173,163,105,58
102000174,14,88,-74
102000175,31,63,-32
102000176,6,28,-22
102000178,54,400,-346
102000179,57,121,-64
102000180,149,436,-287
102000181,73,611,-538
102000182,210,692,-482
102000183,468,770,-302
102000184,478,962,-484
102000185,470,627,-157
102000186,292,1755,-1463
102000187,231,1589,-1358
102000188,125,664,-539
102000189,2839,762,2077
102000190,432,1008,-576
102000191,825,148,677
102000192,414,699,-285
102000193,3,155,-152
102000194,29,119,-90
102000195,124,445,-321
102000196,40,431,-391
102000197,123,488,-365
102000198,44,725,-681
102000199,129,314,-185
102000200,85,758,-673
102000201,150,396,-246
102000202,2,99,-97
102000203,83,249,-166
102000204,121,521,-400
102000205,197,403,-206
102000206,175,555,-380
102000207,130,304,-174
102000208,113,444,-331
102000209,11,70,-59
102000210,48,618,-570
102000211,79,429,-350
102000212,16,11,5
102000213,9,326,-317
102000214,31,6,25
102000215,2,608,-606
102000216,7,4,3
102000217,5,227,-222
102000218,45,13,32
102000219,220,413,-193
102000225,279,82,197
102000226,1269,148,1121
102000227,9,1,8
102000228,0,97,-97
102000229,16,38,-22
102000230,65,342,-277
102000231,90,247,-157
102000232,6,68,-62
102000233,286,304,-18
102000234,21,371,-350
102000236,401,65,336
102000237,181,147,34
102000238,130,138,-8
102000240,438,478,-40
102000241,190,76,114
102000243,10,30,-20
102000245,6,60,-54
102000246,5,7,-2
102000247,278,527,-249
102000248,174,294,-120
102000249,96,139,-43
102000250,15,290,-275
102000254,17,280,-263
102000266,46,132,-86
102000271,2,0,2
102000286,267,161,106
102000297,721,392,329
102000299,0,0,0
102000301,0,0,0
102000303,0,0,0
102000305,0,2,-2
102000307,0,4,-4
102900001,294,209,85
102900002,81,13,68
102900003,3,231,-228
102900005,47,84,-37
102900006,81,52,29
102900007,84,6,78
102900008,52,20,32
102900009,0,1,-1
102900010,148,204,-56
102900011,1865,157,1708
102900012,158,32,126
102900013,0,0,0
102900015,287,55,232
102900016,0,0,0
102900017,0,0,0
102900018,0,0,0
102900019,86,207,-121
102900020,15,20,-5
102900021,0,0,0
102900022,240,44,196
102900023,0,0,0
102900024,1,18,-17
102900025,0,0,0
102900026,182,374,-192
102900027,20,31,-11
102900028,26,120,-94
102900029,31,61,-30
102900030,62,56,6
102900031,42,37,5
102900032,15,140,-125
102900033,0,0,0
102900034,81,57,24
102900035,12,474,-462
102900036,34,357,-323
102900037,36,350,-314
102900038,147,228,-81
102900039,14,210,-196
102900040,81,105,-24
102900041,35,106,-71
102900042,110,300,-190
102900043,79,250,-171
102900044,250,1522,-1272
102900045,46,444,-398
102900046,33,321,-288
102900047,36,531,-495
102900048,204,681,-477
102900049,15,247,-232
102900050,90,236,-146
102900051,68,155,-87
102900052,0,0,0
102900053,117,508,-391
102900054,299,468,-169
102900055,2,0,2
102900056,47,288,-241
102900057,0,0,0
102900058,152,25,127
102900059,0,0,0
102900060,24,297,-273
102900061,18,361,-343
102900062,28,1288,-1260
102900063,117,122,-5
102900064,49,168,-119
102900065,359,265,94
102900066,74,17,57
102900068,29,40,-11
102900070,47,620,-573
102900072,13,12,1
102900073,58,3,55
102900075,0,0,0
102900076,0,0,0
102900077,0,0,0
102900078,0,0,0
102900079,16,3,13
102900080,60,5,55
102900081,28,153,-125
102900082,7,136,-129
102900083,0,0,0
102900084,0,1,-1
102900085,0,0,0
102900086,0,1,-1
102900087,31,66,-35
102900088,8,27,-19
102900089,140,87,53
102900090,4,507,-503
102900091,31,1,30
102900092,55,981,-926
102900093,106,76,30
102900094,1,12,-11
102900095,1,0,1
102900096,11,3,8
102900097,0,146,-146
103000001,1378,1663,-285
103000002,903,1220,-317
103000003,1957,1597,360
103000004,648,473,175
103000005,1249,1044,205
103000006,308,713,-405
103000007,288,604,-316
103000008,348,933,-585
103000009,247,548,-301
103000010,71,114,-43
103000011,1227,782,445
103000012,743,530,213
103000013,6031,1457,4574
103000014,822,674,148
103000015,2066,778,1288
103000016,265,371,-106
103000017,32,74,-42
103000018,654,287,367
103000019,44,31,13
103000020,906,1023,-117
103000021,431,623,-192
103000022,487,1030,-543
103000023,171,547,-376
103000024,101,88,13
103000025,28,72,-44
103000026,1451,73,1378
103000027,144,57,87
103000028,645,148,497
103000029,510,116,394
103000030,2085,363,1722
103000031,1004,494,510
103000032,1031,1157,-126
103000033,1566,1249,317
103000034,1230,542,688
103000035,283,522,-239
103000036,334,182,152
103000037,483,304,179
103000038,345,418,-73
103000039,57,322,-265
103000040,129,874,-745
103000041,882,2407,-1525
103000042,379,590,-211
103000043,147,969,-822
103000044,56,201,-145
103000046,166,180,-14
103000047,208,439,-231
103000048,108,99,9
103000049,52,130,-78
103000050,207,526,-319
103000051,157,340,-183
103000052,334,359,-25
103000053,30,216,-186
103000054,911,714,197
103000055,796,816,-20
103000056,327,1276,-949
103000057,284,200,84
103000058,122,637,-515
103000059,204,527,-323
103000060,504,667,-163
103000061,174,505,-331
103000062,402,630,-228
103000063,304,449,-145
103000064,54,249,-195
103000065,3,257,-254
103000066,46,8,38
103000069,66,348,-282
103000070,232,1167,-935
103000071,276,164,112
103000072,59,930,-871
103000073,87,64,23
103000074,125,32,93
103000075,108,824,-716
103000076,59,41,18
103000077,39,335,-296
103000078,534,83,451
103000079,1089,231,858
103000080,385,87,298
103000081,211,350,-139
103000082,133,73,60
103000083,43,258,-215
103000084,3,0,3
103000085,5,56,-51
103000086,211,93,118
103000087,33,262,-229
103000088,117,220,-103
103000089,70,188,-118
103000090,863,938,-75
103000091,258,252,6
103000092,94,193,-99
103000093,166,465,-299
103000094,33,67,-34
103000095,16,310,-294
103000096,232,60,172
103000097,21,469,-448
103000098,552,36,516
103000099,124,338,-214
103000100,29,825,-796
103000101,245,93,152
103000102,52,582,-530
103000103,127,168,-41
103000104,21,148,-127
103000105,30,72,-42
103000106,1,104,-103
103000107,184,64,120
103000108,307,376,-69
103000109,229,240,-11
103000110,264,285,-21
103000111,265,241,24
103000112,151,186,-35
103000113,140,402,-262
103000114,246,264,-18
103000115,205,324,-119
103000116,162,399,-237
103000117,81,363,-282
103000118,870,951,-81
103000119,1888,618,1270
103000120,38,96,-58
103000121,69,365,-296
103000122,74,91,-17
103000125,13,581,-568
103000126,145,12,133
103000127,1,361,-360
103000128,49,0,49
103000129,1,157,-156
103000130,21,20,1
103000131,270,69,201
103000132,59,109,-50
103000133,12,324,-312
103000134,242,213,29
103000135,794,96,698
103000136,419,164,255
103000137,264,267,-3
103000138,355,228,127
103000139,0,29,-29
103000140,77,11,66
103000141,28,65,-37
103000142,63,35,28
103000143,22,153,-131
103000144,97,49,48
103000145,20,51,-31
103000150,44,48,-4
103000152,87,160,-73
103000153,46,113,-67
103000156,6,604,-598
103000157,96,2,94
103000159,59,134,-75
103000162,13,4,9
103000163,1,9,-8
103000164,2,3,-1
103000165,79,363,-284
103000166,30,29,1
103000167,31,82,-51
103000168,35,156,-121
103000169,35,63,-28
103000170,434,434,0
103000171,15,64,-49
103000172,83,183,-100
103000173,103,669,-566
103000174,79,204,-125
103000175,66,447,-381
103000176,420,115,305
103000177,530,307,223
103000178,266,173,93
103000179,50,27,23
103000183,37,54,-17
103000185,33,68,-35
103000186,43,97,-54
103000187,137,583,-446
103000188,15,54,-39
103000189,318,909,-591
103000191,319,506,-187
103000292,2165,506,1659
103000293,1402,361,1041
103000295,26,49,-23
103000296,139,6,133
103000297,152,23,129
103000504,100,40,60
103000505,12,14,-2
103000506,3,131,-128
103000507,55,0,55
103000508,42,30,12
103000509,110,452,-342
103900001,2,176,-174
103900002,1130,58,1072
103900003,987,51,936
103900004,1,0,1
103900005,2,221,-219
103900006,0,0,0
103900007,0,5,-5
103900008,0,0,0
103900009,33,174,-141
103900010,46,155,-109
103900011,28,217,-189
103900012,11,2,9
103900013,4,97,-93
103900014,3,8,-5
103900015,24,7,17
103900016,127,282,-155
103900017,9,93,-84
103900018,476,95,381
103900019,14,82,-68
103900020,38,86,-48
103900021,5,0,5
103900022,316,384,-68
103900023,12,0,12
103900024,48,659,-611
103900025,4,27,-23
103900026,0,0,0
103900027,74,158,-84
103900028,7,157,-150
103900029,330,149,181
103900030,20,6,14
103900031,3,0,3
103900032,9,10,-1
103900033,20,2,18
103900034,8,212,-204
103900035,25,46,-21
103900036,8,5,3
103900037,11,23,-12
103900038,12,50,-38
103900039,5,355,-350
103900040,1,141,-140
103900041,4,10,-6
103900042,9,346,-337
103900043,11,59,-48
103900044,83,43,40
103900045,44,83,-39
103900047,4,23,-19
103900048,10,10,0
103900049,189,973,-784
103900050,0,73,-73
103900051,0,27,-27
103900052,51,478,-427
103900053,42,1107,-1065
103900054,14,516,-502
103900055,76,146,-70
103900056,6,48,-42
103900057,3,264,-261
103900058,24,631,-607
103900059,0,1,-1
103900060,2,123,-121
103900061,7,27,-20
103900062,29,29,0
103900063,1,0,1
103900064,3,0,3
103900065,456,199,257
103900066,9,20,-11
103900067,4,1,3
103900068,0,0,0
103900069,18,5,13
103900070,31,196,-165
103900071,6,173,-167
103900072,1,327,-326
103900073,3,8,-5
103900074,10,78,-68
103900075,32,47,-15
103900076,131,621,-490
103900077,32,10,22
103900078,16,59,-43
103900079,16,169,-153
103900080,5,5,0
103900081,0,0,0
103900082,4,50,-46
103900083,1459,82,1377
103900084,7,85,-78
103900085,42,44,-2
103900086,84,136,-52
103900088,204,91,113
103900089,33,157,-124
103900090,1,142,-141
103900091,421,117,304
103900092,68,274,-206
103900093,61,358,-297
103900094,1,148,-147
103900095,24,99,-75
103900096,9,283,-274
103900097,2,397,-395
103900098,82,41,41
103900099,6,227,-221
103900100,33,253,-220
103900101,29,558,-529
103900102,1,26,-25
103900104,0,15,-15
103900105,42,119,-77
103900106,0,6,-6
103900107,7,119,-112
103900108,38,413,-375
103900109,12,40,-28
103900110,77,27,50
103900111,9,799,-790
103900112,4,26,-22
103900113,61,132,-71
103900114,367,207,160
103900115,174,34,140
103900116,4709,322,4387
103900117,247,114,133
103900119,19,18,1
103900120,5,58,-53
103900122,18,331,-313
103900123,884,324,560
103900124,10,558,-548
103900125,22,73,-51
103900126,74,283,-209
103900127,63,747,-684
103900128,10,232,-222
103900131,13,97,-84
103900133,298,4,294
103900134,0,0,0
103900135,1,4,-3
103900137,0,17,-17
103900138,1,117,-116
103900139,140,379,-239
103900140,0,0,0
103900141,78,45,33
103900142,0,45,-45
103900143,1,0,1
103900144,0,18,-18
103900145,61,307,-246
103900146,84,244,-160
103900147,80,82,-2
103900148,29,183,-154
103900149,21,581,-560
103900150,5032,569,4463
103900151,9,98,-89
103900152,78,684,-606
103900153,0,0,0
103900154,1046,270,776
103900155,9,112,-103
103900156,1,82,-81
103900157,3,204,-201
103900158,11,168,-157
103900159,11,56,-45
103900160,7,8,-1
103900161,22,130,-108
103900162,45,193,-148
103900163,3,231,-228
103900167,2,18,-16
103900168,8,69,-61
103900169,1,10,-9
103900170,0,44,-44
103900171,0,57,-57
103900172,3,26,-23
103900173,0,2,-2
103900174,21,52,-31
103900175,30,13,17
103900176,1,12,-11
103900177,3,15,-12
103900178,7,59,-52
103900179,11,212,-201
103900180,0,138,-138
103900181,28,20,8
103900182,28,2,26
103900184,448,13,435
103900185,151,38,113
103900187,46,9,37
103900188,24,3,21
103900189,44,5,39
103900190,10,13,-3
103900191,5,34,-29
103900192,8,69,-61
103900193,74,87,-13
103900194,11,240,-229
103900195,1,10,-9
103900196,8,3,5
103900197,3,29,-26
103900198,3,33,-30
103900199,36,76,-40
103900200,11,92,-81
103900201,11,148,-137
103900202,2,44,-42
103900203,6,6,0
103900204,1,96,-95
103900207,0,114,-114
103900208,5,0,5
103900209,1,68,-67
103900210,2,18,-16
103900211,94,428,-334
103900212,23,465,-442
103900213,39,119,-80
103900214,15,4,11
103900215,579,156,423
103900216,8,371,-363
103900217,3,11,-8
103900218,0,86,-86
103900219,9,125,-116
103900233,27,1,26
103900235,12,10,2
103900236,7,0,7
103900242,3,6,-3
103900243,1,1,0
103900244,9,207,-198
103900245,16,161,-145
103900246,16,6,10
103900247,17,79,-62
103900248,0,2,-2
103900249,0,3,-3
103900250,2,3,-1
103900251,0,3,-3
103900253,13,3,10
103900254,3,1,2
103900255,3,1,2
103900256,0,4,-4
103900257,43,15,28
103900258,7,0,7
103900259,27,1,26
103900261,3,1,2
103900262,3,1,2
103900263,18,8,10
103900264,9,2,7
103900265,7,1,6
103900266,1,10,-9
103900267,1,41,-40
103900268,5,96,-91
103900269,49,22,27
103900270,0,105,-105
103900271,13,135,-122
103900272,0,0,0
103900273,0,0,0
103900274,0,0,0
103900275,0,0,0
103900276,0,0,0
103900277,0,0,0
103900278,0,0,0
103900279,0,0,0
104000001,1148,1701,-553
104000002,1056,1846,-790
104000003,1333,1537,-204
104000004,2551,1707,844
104000005,499,1073,-574
104000006,1580,1868,-288
104000007,2289,2255,34
104000008,136,488,-352
104000009,48,108,-60
104000010,23,69,-46
104000011,544,503,41
104000012,59,529,-470
104000013,31,42,-11
104000014,148,792,-644
104000015,53,70,-17
104000016,132,383,-251
104000018,256,79,177
104000019,179,50,129
104000020,85,931,-846
104000021,168,767,-599
104000022,63,259,-196
104000023,253,152,101
104000024,85,157,-72
104000026,10,65,-55
104000027,106,373,-267
104000028,137,149,-12
104000029,209,518,-309
104000030,60,143,-83
104000031,172,148,24
104000032,108,321,-213
104000033,155,171,-16
104000034,132,393,-261
104000035,182,322,-140
104000036,164,488,-324
104000037,125,254,-129
104000038,159,187,-28
104000039,93,445,-352
104000040,348,470,-122
104000041,191,167,24
104000042,140,412,-272
104000043,102,265,-163
104000044,109,640,-531
104000045,376,969,-593
104000046,813,1109,-296
104000047,378,991,-613
104000048,905,1675,-770
104000049,106,231,-125
104000050,100,430,-330
104000051,39,637,-598
104000052,446,989,-543
104000053,257,379,-122
104000054,243,602,-359
104000055,2991,1839,1152
104000056,1038,95,943
104000057,43,515,-472
104000058,402,543,-141
104000059,169,731,-562
104000060,196,675,-479
104000061,440,851,-411
104000062,33,40,-7
104000064,314,207,107
104000065,32,170,-138
104000069,1183,301,882
104000070,21,185,-164
104000071,48,337,-289
104000072,67,37,30
104000075,5,105,-100
104000076,163,38,125
104000082,1033,1287,-254
104000083,355,99,256
104000084,57,386,-329
104000085,62,115,-53
104000086,99,420,-321
104000087,205,327,-122
104000090,284,1240,-956
104000092,303,2044,-1741
104000094,407,1724,-1317
104000095,892,1089,-197
104000096,226,526,-300
104000097,347,600,-253
104000098,298,843,-545
104000100,266,414,-148
104000101,577,1169,-592
104000106,127,252,-125
104000107,173,417,-244
104000108,144,466,-322
104000109,105,16,89
104000110,379,526,-147
104000111,3578,796,2782
104000112,1461,386,1075
104000116,3,1423,-1420
104000117,7,911,-904
104000118,119,197,-78
104000119,122,178,-56
104000120,23,1031,-1008
104000121,116,486,-370
104000122,270,493,-223
104000123,552,819,-267
104000124,1249,1603,-354
104000125,5154,1785,3369
104000126,119,363,-244
104000127,1164,2522,-1358
104000128,267,379,-112
104000129,227,27,200
104000130,2,135,-133
104000131,950,572,378
104000132,501,966,-465
104000133,767,577,190
104000134,633,853,-220
104000135,292,529,-237
104000136,683,1254,-571
104000137,1513,116,1397
104000138,1290,226,1064
104000139,9162,1862,7300
104000141,1098,1655,-557
104000142,313,910,-597
104000143,284,846,-562
104000144,30,102,-72
104000145,126,93,33
104000146,395,412,-17
104000147,52,249,-197
104000148,55,40,15
104000149,135,403,-268
104000150,225,235,-10
104000151,234,832,-598
104000152,227,1044,-817
104000153,67,167,-100
104000154,930,798,132
104000155,117,214,-97
104000157,948,1567,-619
104000158,188,237,-49
104000159,199,289,-90
104000160,1314,807,507
104000161,123,47,76
104000162,10,55,-45
104000165,522,409,113
104000167,105,175,-70
104000168,161,1,160
104000169,0,0,0
104000170,1059,193,866
104000248,4,527,-523
104000251,29,275,-246
104000272,4,0,4
104000273,0,2,-2
104000274,0,0,0
104000275,4,3,1
104000279,446,340,106
104000290,35,301,-266
104000291,555,482,73
104000293,290,506,-216
104000294,0,0,0
104000295,209,704,-495
104000296,131,468,-337
104000297,555,1044,-489
104000298,1251,577,674
104000299,274,934,-660
104900001,9,116,-107
104900002,6,17,-11
104900003,9,323,-314
104900004,25,318,-293
104900005,68,115,-47
104900006,36,20,16
104900007,79,143,-64
104900009,33,380,-347
104900010,5,0,5
104900011,0,0,0
104900012,9,1,8
104900013,9,0,9
104900014,2569,146,2423
104900015,14,1,13
104900016,29,347,-318
104900017,7,126,-119
104900018,2,158,-156
104900019,113,235,-122
104900020,15,150,-135
104900021,0,0,0
104900022,0,95,-95
104900023,0,0,0
104900024,2,101,-99
104900025,36,334,-298
104900026,0,0,0
104900027,27,26,1
104900028,12,79,-67
104900029,0,0,0
104900030,72,42,30
104900031,70,148,-78
104900032,7,101,-94
104900033,0,0,0
104900034,47,25,22
104900035,22,20,2
104900036,20,14,6
104900037,16,203,-187
104900038,233,130,103
104900039,0,0,0
104900040,18,27,-9
104900041,0,0,0
104900042,52,315,-263
104900043,0,0,0
104900044,48,44,4
104900045,0,0,0
104900046,12,40,-28
104900047,31,43,-12
104900048,19,27,-8
104900049,0,0,0
104900050,29,46,-17
104900051,10,6,4
104900052,0,0,0
104900053,53,6,47
104900054,34,5,29
104900055,0,0,0
104900056,19,1,18
104900057,4,0,4
104900058,89,36,53
104900059,0,0,0
104900060,1,279,-278
104900061,177,588,-411
104900063,0,89,-89
104900064,2,113,-111
104900065,0,77,-77
104900066,2,126,-124
104900067,4,207,-203
104900068,6,198,-192
104900070,32,286,-254
104900071,2,899,-897
104900072,9,154,-145
104900073,6,162,-156
104900074,27,206,-179
104900075,8,43,-35
104900076,68,466,-398
104900077,590,17,573
104900078,62,733,-671
104900079,77,57,20
104900080,13,475,-462
104900082,2,62,-60
104900085,1,113,-112
104900087,70,0,70
104900089,0,0,0
104900090,64,51,13
104900091,177,666,-489
104900093,88,341,-253
104900097,2101,555,1546
104900098,9,5,4
104900099,92,224,-132
104900100,625,100,525
104900102,4,203,-199
104900103,249,64,185
104900104,1248,368,880
104900106,17,106,-89
104900107,14,321,-307
104900108,1,156,-155
104900109,14,68,-54
104900110,0,24,-24
104900111,47,52,-5
104900112,94,834,-740
104900113,178,276,-98
104900114,73,595,-522
104900115,127,357,-230
104900116,39,278,-239
104900118,4,74,-70
104900119,0,17,-17
104900120,0,0,0
104900121,0,0,0
104900122,0,0,0
104900123,0,0,0
104900124,0,0,0
104900125,60,1,59
104900126,28,37,-9
104900127,2,6,-4
104900128,1,10,-9
104900129,1309,246,1063
105000001,1380,1417,-37
105000002,866,1216,-350
105000003,1312,2472,-1160
105000004,218,743,-525
105000005,394,827,-433
105000006,508,872,-364
105000007,340,670,-330
105000008,354,905,-551
105000009,421,1289,-868
105000010,2110,2364,-254
105000011,887,1011,-124
105000012,3160,3003,157
105000013,363,473,-110
105000014,611,1004,-393
105000015,4182,2341,1841
105000016,2962,1258,1704
105000017,784,816,-32
105000018,544,636,-92
105000019,768,563,205
105000020,80,339,-259
105000021,188,93,95
105000022,73,23,50
105000023,194,111,83
105000028,63,169,-106
105000029,205,500,-295
105000030,2866,3120,-254
105000033,753,2086,-1333
105000034,56,250,-194
105000037,363,514,-151
105000038,689,630,59
105000039,3382,2074,1308
105000040,215,363,-148
105000041,346,1494,-1148
105000042,1223,504,719
105000043,2119,2657,-538
105000044,140,179,-39
105000045,178,950,-772
105000046,223,233,-10
105000047,222,1615,-1393
105000048,98,86,12
105000049,198,679,-481
105000050,88,70,18
105000051,119,414,-295
105000052,123,676,-553
105000053,63,149,-86
105000054,88,825,-737
105000055,128,369,-241
105000056,307,2075,-1768
105000057,503,911,-408
105000058,634,1104,-470
105000059,165,229,-64
105000060,189,540,-351
105000061,70,193,-123
105000062,372,1035,-663
105000063,129,646,-517
105000064,213,431,-218
105000065,166,994,-828
105000066,395,1869,-1474
105000067,210,281,-71
105000068,348,706,-358
105000069,1782,247,1535
105000070,495,443,52
105000071,71,123,-52
105000072,365,272,93
105000073,393,313,80
105000074,467,857,-390
105000075,294,563,-269
105000076,592,964,-372
105000077,1135,625,510
105000078,710,663,47
105000079,1089,1245,-156
105000080,599,555,44
105000081,523,511,12
105000082,137,326,-189
105000083,463,287,176
105000084,330,937,-607
105000085,461,478,-17
105000086,247,687,-440
105000087,1967,1316,651
105000088,790,544,246
105000089,2742,2358,384
105000090,798,1041,-243
105000091,1737,2050,-313
105000092,339,1278,-939
105000093,353,205,148
105000094,105,120,-15
105000095,63,392,-329
105000096,361,410,-49
105000097,484,460,24
105000098,161,254,-93
105000099,263,762,-499
105000100,703,881,-178
105000101,1151,1848,-697
105000102,1276,1164,112
105000103,1003,1941,-938
105000104,485,658,-173
105000105,407,1520,-1113
105000106,425,1240,-815
105000107,308,583,-275
105000108,458,1058,-600
105000109,508,1276,-768
105000110,277,580,-303
105000111,170,442,-272
105000112,467,605,-138
105000113,108,374,-266
105000114,2641,624,2017
105000115,163,394,-231
105000116,98,178,-80
105000117,364,1243,-879
105000118,87,204,-117
105000119,245,1004,-759
105000120,149,328,-179
105000121,401,918,-517
105000122,114,212,-98
105000123,466,1052,-586
105000124,431,637,-206
105000125,204,1370,-1166
105000126,809,1764,-955
105000127,1094,1536,-442
105000128,118,948,-830
105000129,167,243,-76
105000130,34,311,-277
105000131,318,250,68
105000132,252,190,62
105000133,180,1023,-843
105000134,127,264,-137
105000135,149,617,-468
105000136,33,285,-252
105000137,53,42,11
105000138,187,307,-120
105000139,495,1041,-546
105000140,26,156,-130
105000141,95,566,-471
105000142,16,195,-179
105000143,102,506,-404
105000144,150,552,-402
105000145,135,300,-165
105000146,171,512,-341
105000147,55,61,-6
105000148,193,106,87
105000149,247,268,-21
105000150,1122,1117,5
105000151,144,223,-79
105000152,52,540,-488
105000153,140,341,-201
105000154,185,841,-656
105000155,64,311,-247
105000156,384,839,-455
105000157,684,1630,-946
105000158,826,633,193
105000159,208,1294,-1086
105000160,588,446,142
105000161,349,1969,-1620
105000162,165,617,-452
105000163,789,951,-162
105000164,184,211,-27
105000165,1039,1374,-335
105000166,6379,168,6211
105000167,2272,746,1526
105000168,23,666,-643
105000169,125,456,-331
105000170,28,690,-662
105000171,709,279,430
105000172,2,4,-2
105000173,1,2,-1
105000174,2,0,2
105000175,34,129,-95
105000176,25,37,-12
105000177,27,66,-39
105000178,37,229,-192
105000179,62,71,-9
105000180,42,91,-49
105000181,8,125,-117
105000182,20,44,-24
105000183,2260,675,1585
105000184,1093,584,509
105000185,521,241,280
105000186,216,1198,-982
105000187,209,99,110
105000188,39,48,-9
105000189,70,617,-547
105000190,15,91,-76
105000191,153,411,-258
105000192,18,75,-57
105000193,23,167,-144
105000194,57,61,-4
105000195,131,1071,-940
105000196,10,36,-26
105000197,134,567,-433
105000198,399,191,208
105000199,73,97,-24
105000200,39,297,-258
105000201,20,13,7
105000203,0,225,-225
105000204,39,80,-41
105000205,55,157,-102
105000207,655,210,445
105000208,46,36,10
105000209,71,410,-339
105000212,342,1186,-844
105000213,125,117,8
105000214,6,147,-141
105000215,15,175,-160
105000216,45,346,-301
105000217,49,378,-329
105000218,150,605,-455
105000221,43,228,-185
105000222,11,24,-13
105000223,48,112,-64
105000226,4,130,-126
105000227,1,81,-80
105000228,69,558,-489
105000229,25,107,-82
105000231,7,21,-14
105000233,306,407,-101
105000234,400,1083,-683
105000235,50,254,-204
105000237,199,18,181
105000243,12,189,-177
105000248,53,43,10
105000262,87,1599,-1512
105000269,14,122,-108
105000270,95,110,-15
105000271,0,246,-246
105000282,46,30,16
105000287,211,116,95
105000288,98,246,-148
105000289,437,474,-37
105000290,0,0,0
105000402,4014,1339,2675
105000426,150,338,-188
105000438,301,372,-71
105000446,9846,3228,6618
105000447,5769,1866,3903
105000454,33,749,-716
105000455,100,158,-58
105000474,1,0,1
105000477,39,242,-203
105000478,450,605,-155
105000479,27,110,-83
105000480,860,891,-31
105000481,903,1021,-118
105000482,2967,2150,817
105000483,422,680,-258
105000484,1436,2109,-673
105000485,698,1029,-331
105000486,1934,1861,73
105000488,1916,1932,-16
105000489,196,536,-340
105000549,0,14,-14
105000550,235,856,-621
105000551,7,51,-44
105000552,3111,1586,1525
105000555,167,292,-125
105900001,13,548,-535
105900002,1391,197,1194
105900003,4,58,-54
105900004,409,96,313
105900005,5,259,-254
105900006,3,38,-35
105900007,18,10,8
105900008,19,660,-641
105900009,2,16,-14
105900011,68,55,13
105900012,398,234,164
105900013,3,12,-9
105900014,1,61,-60
105900015,98,314,-216
105900016,59,676,-617
105900017,164,38,126
105900018,179,172,7
105900019,81,534,-453
105900020,13,37,-24
105900021,17,356,-339
105900022,98,273,-175
105900023,0,105,-105
105900024,4,130,-126
105900025,17,54,-37
105900026,191,37,154
105900027,2835,2141,694
105900028,13,124,-111
105900029,1771,364,1407
105900030,105,259,-154
105900031,203,164,39
105900032,26,109,-83
105900033,12,114,-102
105900034,33,204,-171
105900035,71,126,-55
105900036,12,105,-93
105900037,45,66,-21
105900038,36,150,-114
105900039,18,105,-87
105900040,22,80,-58
105900041,109,344,-235
105900042,18,75,-57
105900043,1225,71,1154
105900044,1,87,-86
105900045,0,333,-333
105900046,1,128,-127
105900047,16,7,9
105900048,6,313,-307
105900050,698,462,236
105900051,2,957,-955
105900052,67,36,31
105900053,3201,312,2889
105900054,180,241,-61
105900056,690,125,565
105900057,6,188,-182
105900058,2,6,-4
105900059,0,5,-5
106000001,1270,493,777
106000002,1622,2624,-1002
106000003,2092,970,1122
106000004,1927,1775,152
106000005,1262,2101,-839
106000006,4116,3596,520
106000007,373,275,98
106000008,237,233,4
106000009,210,162,48
106000010,305,371,-66
106000011,204,484,-280
106000012,426,1332,-906
106000013,847,952,-105
106000014,1309,1541,-232
106000015,447,577,-130
106000016,608,1803,-1195
106000017,411,469,-58
106000018,261,558,-297
106000019,92,277,-185
106000020,74,421,-347
106000021,160,338,-178
106000022,162,342,-180
106000023,208,207,1
106000024,270,709,-439
106000025,115,103,12
106000026,102,290,-188
106000027,186,297,-111
106000028,259,781,-522
106000029,492,1451,-959
106000030,613,181,432
106000034,198,488,-290
106000035,225,483,-258
106000036,277,173,104
106000037,731,1138,-407
106000038,157,41,116
106000039,63,26,37
106000040,89,581,-492
106000041,370,216,154
106000043,154,37,117
106000046,159,9,150
106000047,14,299,-285
106000049,107,61,46
106000050,146,816,-670
106000051,99,122,-23
106000052,23,710,-687
106000053,7,8,-1
106000054,179,374,-195
106000055,152,273,-121
106000056,155,521,-366
106000057,16,14,2
106000058,80,171,-91
106000059,37,88,-51
106000060,513,608,-95
106000061,58,175,-117
106000062,160,543,-383
106000063,129,177,-48
106000064,48,352,-304
106000065,37,52,-15
106000066,53,357,-304
106000067,27,32,-5
106000068,21,580,-559
106000069,28,38,-10
106000070,89,654,-565
106000071,130,167,-37
106000072,3107,710,2397
106000073,1027,837,190
106000074,140,381,-241
106000075,135,505,-370
106000076,457,1018,-561
106000077,1278,659,619
106000078,159,544,-385
106000079,194,795,-601
106000080,388,597,-209
106000081,164,693,-529
106000082,1204,674,530
106000083,179,680,-501
106000084,162,390,-228
106000085,638,587,51
106000086,201,384,-183
106000087,167,337,-170
106000088,101,645,-544
106000089,191,343,-152
106000090,70,507,-437
106000091,157,437,-280
106000092,135,131,4
106000093,43,32,11
106000094,90,356,-266
106000095,96,1053,-957
106000096,156,525,-369
106000097,174,1332,-1158
106000098,97,668,-571
106000099,31,794,-763
106000100,169,225,-56
106000101,159,179,-20
106000102,32,441,-409
106000103,172,559,-387
106000104,231,184,47
106000105,148,797,-649
106000106,117,290,-173
106000107,47,408,-361
106000108,46,228,-182
106000109,38,351,-313
106000110,61,158,-97
106000111,62,548,-486
106000112,56,230,-174
106000113,922,497,425
106000114,300,202,98
106000115,114,473,-359
106000116,99,141,-42
106000117,644,721,-77
106000118,538,606,-68
106000119,2259,925,1334
106000120,502,302,200
106000121,35,108,-73
106000122,19,249,-230
106000123,82,251,-169
106000124,11,334,-323
106000125,12,344,-332
106000126,47,187,-140
106000127,125,771,-646
106000128,95,181,-86
106000129,151,715,-564
106000130,169,195,-26
106000131,64,428,-364
106000132,396,78,318
106000133,3654,593,3061
106000134,255,237,18
106000135,124,698,-574
106000136,148,96,52
106000137,42,1414,-1372
106000138,117,12,105
106000139,0,0,0
106000140,8,84,-76
106000141,33,136,-103
106000142,0,0,0
106000143,13,140,-127
106000144,0,0,0
106000145,74,412,-338
106000146,6,14,-8
106000147,213,330,-117
106000148,305,447,-142
106000149,213,214,-1
106000150,235,861,-626
106000151,3106,443,2663
106000152,927,462,465
106000153,33,609,-576
106000154,1069,151,918
106000155,18,69,-51
106000156,198,173,25
106000157,282,1389,-1107
106000158,2090,381,1709
106000159,4106,1085,3021
106000160,62,577,-515
106000161,844,520,324
106000162,45,244,-199
106000163,75,511,-436
106000164,90,158,-68
106000165,49,656,-607
106000166,91,138,-47
106000167,145,1402,-1257
106000168,63,163,-100
106000169,35,705,-670
106000170,95,169,-74
106000171,22,711,-689
106000172,831,629,202
106000173,323,2034,-1711
106000174,99,168,-69
106000175,106,921,-815
106000176,319,257,62
106000177,301,1819,-1518
106000178,1054,746,308
106000179,559,1513,-954
106000180,466,1719,-1253
106000181,186,1714,-1528
106000182,172,541,-369
106000183,193,951,-758
106000184,499,923,-424
106000185,388,649,-261
106000186,341,116,225
106000187,92,493,-401
106000188,0,2,-2
106000189,1,27,-26
106000190,0,0,0
106000191,133,125,8
106000192,0,31,-31
106000193,131,84,47
106000194,75,266,-191
106000195,126,49,77
106000196,24,202,-178
106000197,114,260,-146
106000198,26,220,-194
106000199,556,208,348
106000200,301,87,214
106000201,266,469,-203
106000202,6416,294,6122
106000203,141,200,-59
106000204,5,1,4
106000205,22,174,-152
106000206,7,5,2
106000207,24,782,-758
106000208,110,19,91
106000209,123,142,-19
106000210,115,1304,-1189
106000211,173,1511,-1338
106000212,70,54,16
106000213,354,661,-307
106000214,1090,154,936
106000215,66,367,-301
106000216,123,179,-56
106000217,97,354,-257
106000218,139,206,-67
106000219,28,194,-166
106000220,150,177,-27
106000221,39,262,-223
106000222,38,100,-62
106000223,16,60,-44
106000224,73,286,-213
106000225,18,47,-29
106000226,71,327,-256
106000228,11,81,-70
106000229,31,630,-599
106000231,142,66,76
106000232,8,361,-353
106000233,62,69,-7
106000234,31,194,-163
106000235,52,37,15
106000236,28,26,2
106000237,0,8,-8
106000238,2,6,-4
106000239,1,62,-61
106000240,4,0,4
106000241,18,489,-471
106000242,16,6,10
106000249,0,0,0
106000250,15,249,-234
106000251,11,12,-1
106000252,18,119,-101
106000253,5,54,-49
106000254,23,87,-64
106000255,4,72,-68
106000256,34,125,-91
106000257,33,261,-228
106000258,30,6,24
106000259,1,11,-10
106000260,0,1,-1
106000261,0,17,-17
106000262,6,4,2
106000263,0,52,-52
106000264,31,2,29
106000265,9,100,-91
106000266,39,4,35
106000267,6,83,-77
106000268,140,6,134
106000269,44,48,-4
106000270,104,324,-220
106000271,21,119,-98
106000272,41,79,-38
106000273,1,66,-65
106000274,127,43,84
106000275,55,131,-76
106000276,55,63,-8
106000277,120,103,17
106000278,125,30,95
106000279,20,84,-64
106000280,14,168,-154
106000281,41,87,-46
106000282,48,41,7
106000283,23,82,-59
106000284,19,61,-42
106000285,53,145,-92
106000286,19,89,-70
106000287,31,94,-63
106000288,45,127,-82
106000289,33,82,-49
106000290,15,120,-105
106000291,22,75,-53
106000292,25,120,-95
106000293,39,59,-20
106000294,81,87,-6
106000295,15,24,-9
106000296,63,68,-5
106000297,97,93,4
106000298,104,33,71
106000299,31,57,-26
106000300,23,58,-35
106000301,52,89,-37
106000303,3,34,-31
106000304,15,31,-16
106000305,19,24,-5
106000306,43,68,-25
106000307,14,10,4
106000308,26,173,-147
106000309,4,62,-58
106000310,71,369,-298
106000311,135,61,74
106000312,41,115,-74
106000313,34,161,-127
106000318,140,147,-7
106000319,119,9,110
106000320,0,18,-18
106000321,188,42,146
106000322,21,194,-173
106000324,6,111,-105
106000325,516,518,-2
106000326,466,1422,-956
106000327,18,105,-87
106000328,6,59,-53
106000329,10,230,-220
106000330,27,34,-7
106000428,55,149,-94
106000429,22,433,-411
106000430,161,1319,-1158
106000431,266,163,103
106000432,593,2001,-1408
106000433,486,348,138
106000434,867,250,617
106000435,1706,1911,-205
106000436,21,422,-401
106000437,75,10,65
106000438,142,49,93
106000439,67,415,-348
106000440,107,406,-299
106000441,0,1,-1
106000442,29,2,27
106000443,38,554,-516
106000450,6,138,-132
106000451,25,2,23
106000454,4,25,-21
106000455,5,126,-121
106000456,25,20,5
106000457,3,1051,-1048
106000458,46,46,0
106000459,20,369,-349
106000460,109,7,102
106000461,29,1853,-1824
106000462,1,25,-24
106000463,3,1,2
106000464,6,570,-564
106000465,60,0,60
106000466,2,600,-598
106000467,473,381,92
106000468,7,130,-123
106000469,55,4,51
106000470,106,591,-485
106000471,6,502,-496
106000472,11,3,8
106000473,21,32,-11
106000474,147,693,-546
106000475,82,97,-15
106000476,210,139,71
106000477,9,74,-65
106000480,0,63,-63
106900001,0,3,-3
106900002,2,509,-507
106900003,94,577,-483
106900004,0,36,-36
106900006,0,7,-7
106900007,0,5,-5
106900008,48,133,-85
106900009,42,270,-228
106900010,36,208,-172
106900012,859,382,477
106900013,44,8,36
106900014,0,0,0
106900015,2,0,2
106900016,29,0,29
106900017,0,0,0
106900018,1,0,1
106900019,1,0,1
106900020,2071,252,1819
106900021,0,19,-19
106900022,24,0,24
106900023,1,195,-194
106900024,47,0,47
106900025,30,531,-501
106900026,0,847,-847
106900027,59,0,59
107000001,454,748,-294
107000002,1812,3088,-1276
107000003,1580,2555,-975
107000004,3656,5369,-1713
107000005,646,1367,-721
107000006,2063,6237,-4174
107000007,2800,2053,747
107000008,18333,11087,7246
107000009,2021,2098,-77
107000010,8354,11350,-2996
107000011,735,1142,-407
107000012,2669,2989,-320
107000013,20,165,-145
107000014,12,264,-252
107000015,157,841,-684
107000016,129,1130,-1001
107000017,2754,707,2047
107000018,3,329,-326
107000020,1040,293,747
107000021,836,1058,-222
107000022,416,1725,-1309
107000023,1096,462,634
107000024,288,2309,-2021
107000025,88,339,-251
107000026,89,770,-681
107000027,622,652,-30
107000028,714,1141,-427
107000029,601,965,-364
107000030,2245,2540,-295
107000031,681,1012,-331
107000032,86,312,-226
107000033,3169,4001,-832
107000034,5582,1835,3747
107000035,139,93,46
107000036,209,681,-472
107000037,39,386,-347
107000038,140,193,-53
107000039,239,285,-46
107000040,85,292,-207
107000041,746,315,431
107000042,392,1141,-749
107000043,2225,423,1802
107000044,500,408,92
107000045,64,251,-187
107000046,157,152,5
107000047,150,735,-585
107000048,111,243,-132
107000049,160,491,-331
107000050,224,349,-125
107000051,397,231,166
107000052,461,402,59
107000053,65,37,28
107000054,38,259,-221
107000055,18,10,8
107000056,289,586,-297
107000057,1114,145,969
107000058,392,641,-249
107000059,1015,2268,-1253
107000060,1077,2217,-1140
107000061,2912,3349,-437
107000062,913,1336,-423
107000063,2109,4767,-2658
107000064,862,1022,-160
107000065,2122,5509,-3387
107000066,946,960,-14
107000067,419,566,-147
107000068,902,295,607
107000069,212,240,-28
107000070,11,0,11
107000071,299,13,286
107000072,27,3188,-3161
107000073,48,50,-2
107000074,117,822,-705
107000075,197,42,155
107000076,609,1810,-1201
107000077,568,106,462
107000078,761,3046,-2285
107000079,415,161,254
107000080,570,2884,-2314
107000081,229,213,16
107000082,208,2783,-2575
107000083,135,86,49
107000084,206,2477,-2271
107000085,1447,1922,-475
107000086,2169,1858,311
107000087,1441,1330,111
107000088,1204,2302,-1098
107000089,753,1114,-361
107000090,625,819,-194
107000091,391,747,-356
107000092,279,964,-685
107000093,253,635,-382
107000094,359,1026,-667
107000095,141,134,7
107000096,316,822,-506
107000097,134,121,13
107000098,233,686,-453
107000099,106,106,0
107000100,170,360,-190
107000101,21,61,-40
107000102,325,269,56
107000103,86,79,7
107000104,113,220,-107
107000105,86,54,32
107000106,64,271,-207
107000107,101,63,38
107000108,51,792,-741
107000109,14,6,8
107000110,24,544,-520
107000111,11,5,6
107000112,9,406,-397
107000113,32,11,21
107000114,22,642,-620
107000115,17,2,15
107000116,48,873,-825
107000117,9,24,-15
107000118,49,230,-181
107000119,1321,249,1072
107000120,2321,318,2003
107000121,132,336,-204
107000122,422,715,-293
107000123,62,595,-533
107000124,169,701,-532
107000125,171,647,-476
107000126,382,1154,-772
107000129,64,1021,-957
107000130,46,112,-66
107000131,146,587,-441
107000132,101,142,-41
107000133,101,77,24
107000134,51,2,49
107000135,13,215,-202
107000136,106,1,105
107000137,4,352,-348
107000138,137,8,129
107000139,12,285,-273
107000140,282,16,266
107000141,73,824,-751
107000142,152,18,134
107000143,24,724,-700
107000144,125,104,21
107000145,47,443,-396
107000146,84,54,30
107000147,2298,476,1822
107000150,576,1036,-460
107000151,9,32,-23
107000152,220,206,14
107000153,238,201,37
107000154,38,46,-8
107000155,260,20,240
107000156,444,11,433
107000157,21,2814,-2793
107000158,146,11,135
107000159,22,1517,-1495
107000160,172,41,131
107000161,41,2007,-1966
107000162,60,137,-77
107000163,8,6,2
107000164,27,0,27
107000165,119,0,119
107000166,28,1288,-1260
107000167,193,160,33
107000168,298,98,200
107000169,741,968,-227
107000170,305,241,64
107000171,206,3109,-2903
107000172,208,331,-123
107000173,404,1188,-784
107000174,454,1117,-663
107000175,10937,1447,9490
107000176,0,1,-1
107000177,0,0,0
107000178,0,28,-28
107000179,167,2952,-2785
107000180,289,268,21
107000181,100,1238,-1138
107000182,252,534,-282
107000183,81,883,-802
107000184,156,423,-267
107000185,80,1212,-1132
107000186,106,143,-37
107000187,487,753,-266
107000188,276,280,-4
107000189,156,617,-461
107000190,220,590,-370
107000191,189,442,-253
107000192,514,883,-369
107000193,159,235,-76
107000194,493,675,-182
107000197,130,113,17
107000198,100,709,-609
107000199,411,634,-223
107000200,800,359,441
107000201,179,214,-35
107000202,84,323,-239
107000203,613,403,210
107000204,690,413,277
107000205,2465,1034,1431
107000206,411,313,98
107000207,658,808,-150
107000208,1367,206,1161
107000209,1646,295,1351
107000210,1332,140,1192
107000211,4,4,0
107000212,2,237,-235
107000213,50,12,38
107000214,16,151,-135
107000215,143,522,-379
107000216,56,512,-456
107000217,23,131,-108
107000219,27,82,-55
107000220,40,372,-332
107000222,113,656,-543
107000224,106,20,86
107000225,85,912,-827
107000226,62,34,28
107000227,70,703,-633
107000228,52,118,-66
107000229,145,85,60
107000230,1049,372,677
107000231,141,175,-34
107000232,26,53,-27
107000233,167,193,-26
107000234,0,7,-7
107000235,0,0,0
107000236,17,373,-356
107000237,0,0,0
107000238,0,1,-1
107000239,5894,301,5593
107000240,29,1235,-1206
107000241,79,45,34
107000242,488,60,428
107000243,0,31,-31
107000244,6,59,-53
107000246,7,1167,-1160
107000249,2,647,-645
107000251,0,260,-260
107000252,2,1341,-1339
107000255,622,98,524
107000257,4,564,-560
107000258,0,115,-115
107000259,0,267,-267
107000260,58,1,57
107000262,2,899,-897
107000263,39,1,38
107000266,4,2,2
107000267,33,190,-157
107000268,72,182,-110
107000269,53,19,34
107000270,0,7,-7
107000271,9,1082,-1073
107000272,3,321,-318
107000273,2,249,-247
107000274,577,269,308
107000275,28,650,-622
107000280,98,5,93
107000281,16,1123,-1107
107000282,25,1616,-1591
107000290,7,29,-22
107000291,4,12,-8
107000292,0,51,-51
107000293,71,2,69
107000294,0,61,-61
107000295,25,1,24
107000296,0,1,-1
107000444,126,2,124
107000496,0,10,-10
107000497,656,3181,-2525
107000500,224,207,17
107000501,48,135,-87
107000502,47,285,-238
107000505,508,558,-50
107000506,0,22,-22
107000508,2,681,-679
107000509,58,130,-72
107000510,17,4,13
107000514,4,238,-234
107000515,3,309,-306
107000516,50,63,-13
107000518,139,123,16
107000519,2990,1129,1861
107000520,19,8,11
107000521,184,536,-352
107000522,97,593,-496
107900001,6,255,-249
107900002,46,0,46
107900003,103,5,98
107900004,13,0,13
107900005,148,5,143
107900006,9,0,9
107900007,51,3,48
107900008,22,38,-16
107900009,39,3,36
107900010,7,0,7
107900012,111,1,110
107900013,57,64,-7
107900014,1,2,-1
107900015,161,0,161
107900016,311,85,226
107900017,14,6,8
107900018,12,12,0
107900019,3,107,-104
107900020,58,8,50
107900021,6,139,-133
107900023,1,1,0
107900024,0,2,-2
107900025,158,381,-223
107900026,10,130,-120
107900027,7,110,-103
107900028,4,86,-82
107900030,38,1,37
107900031,9,214,-205
107900032,0,0,0
107900033,2,3,-1
107900034,37,2,35
107900035,165,3,162
107900036,33,1,32
107900037,0,22,-22
107900038,84,62,22
107900039,1,87,-86
107900040,27,30,-3
107900041,0,0,0
107900043,15,78,-63
107900044,1,0,1
107900045,15,9,6
107900046,30,6,24
107900047,0,42,-42
107900048,30,1,29
107900049,164,347,-183
107900050,46,288,-242
107900051,23,56,-33
107900052,0,2,-2
107900053,5,70,-65
107900055,106,75,31
107900056,30,7,23
107900057,0,0,0
107900058,20,777,-757
107900060,6,19,-13
107900061,10,3,7
107900063,18,63,-45
107900064,171,12,159
107900065,25,6,19
107900066,1,6,-5
107900067,0,0,0
107900068,69,146,-77
107900069,17,177,-160
107900070,17,5,12
107900071,8,1016,-1008
107900072,7,152,-145
107900073,6,93,-87
107900074,670,68,602
107900076,28,25,3
107900077,5,0,5
107900078,83,8,75
107900079,6,2,4
107900080,134,86,48
107900081,0,46,-46
107900082,15,8,7
107900083,81,52,29
107900084,12,33,-21
107900086,32,31,1
107900087,177,12,165
107900088,0,8,-8
107900089,306,730,-424
107900090,246,293,-47
107900091,69,390,-321
107900092,1885,373,1512
107900093,15,17,-2
107900095,1929,619,1310
107900097,11,36,-25
107900098,14,38,-24
107900100,682,170,512
107900101,640,99,541
107900102,2,1,1
107900103,30,191,-161
107900104,27,0,27
107900105,1,630,-629
107900106,2,1489,-1487
107900107,1313,70,1243
107900108,180,29,151
107900109,124,1,123
107900110,1,120,-119
107900111,13,1411,-1398
107900112,56,162,-106
107900113,8,42,-34
107900114,20,184,-164
107900115,0,24,-24
107900116,8,238,-230
107900117,116,356,-240
107900118,24,131,-107
107900119,21,59,-38
107900120,10,2,8
107900121,0,97,-97
107900122,2,43,-41
107900123,0,7,-7
107900124,2,57,-55
107900125,10,154,-144
107900126,1,21,-20
107900127,436,49,387
107900128,80,13,67
107900129,2,55,-53
107900130,1,10,-9
107900131,53,11,42
107900132,30,382,-352
107900133,0,47,-47
107900134,6,9,-3
107900135,2,169,-167
107900136,37,22,15
107900137,61,55,6
107900138,4,19,-15
107900139,1,9,-8
107900140,80,44,36
107900141,14,6,8
107900142,19,936,-917
107900143,17,40,-23
107900144,0,103,-103
107900145,6,76,-70
107900146,20,77,-57
107900147,6,5,1
107900148,90,141,-51
107900149,2308,105,2203
107900150,35,564,-529
107900151,3,114,-111
107900152,8,243,-235
107900153,61,85,-24
107900154,8,4,4
107900155,11,19,-8
107900156,3,241,-238
107900157,27,45,-18
107900158,79,8,71
107900159,16,1052,-1036
107900160,18,220,-202
107900161,2,222,-220
107900162,0,134,-134
107900163,21,13,8
107900164,0,13,-13
107900165,33,14,19
107900166,3,273,-270
107900167,0,1,-1
107900168,8,36,-28
107900169,2,175,-173
107900171,6,1637,-1631
107900172,0,313,-313
107900173,6,222,-216
107900174,16,2,14
107900175,12,4,8
107900176,1,38,-37
107900177,1,180,-179
107900178,1,269,-268
107900179,1,95,-94
107900180,986,61,925
107900181,205,426,-221
107900182,6,1420,-1414
107900183,3,379,-376
107900184,12,186,-174
107900185,10,3,7
107900186,2,34,-32
107900187,0,160,-160
107900188,476,38,438
107900189,5,98,-93
107900190,96,17,79
107900191,11,131,-120
107900193,1,15,-14
107900194,41,2,39
107900195,4219,289,3930
107900196,10,34,-24
107900197,155,35,120
107900199,3,1104,-1101
107900201,29,123,-94
107900203,21,41,-20
107900204,223,201,22
107900205,48,485,-437
107900206,173,117,56
107900207,1,594,-593
107900208,5,901,-896
107900209,232,82,150
107900210,48,80,-32
107900213,101,238,-137
107900214,1,162,-161
107900215,76,305,-229
107900216,19,31,-12
107900217,1,20,-19
107900218,11,1604,-1593
107900219,5,152,-147
107900220,93,55,38
107900221,142,208,-66
107900223,19,406,-387
107900224,118,295,-177
107900225,1,667,-666
107900226,15,181,-166
107900227,62,373,-311
107900228,1,104,-103
107900229,3,265,-262
107900230,0,166,-166
107900231,2,131,-129
107900232,4,205,-201
107900233,1,164,-163
107900234,11,152,-141
107900235,25,97,-72
107900236,20,81,-61
107900237,158,398,-240
107900238,3,86,-83
107900239,997,337,660
107900240,9,125,-116
107900241,2,114,-112
107900242,3,316,-313
107900243,0,41,-41
107900244,30,1,29
107900245,52,21,31
107900246,16,1,15
107900248,43,479,-436
107900249,105,2,103
107900250,0,494,-494
107900251,14,1047,-1033
107900252,77,6,71
107900253,18,0,18
107900254,32,99,-67
107900255,188,32,156
107900256,345,628,-283
107900257,40,21,19
107900258,33,258,-225
107900259,52,276,-224
107900261,2,465,-463
107900262,21,68,-47
107900264,49,1,48
107900265,18,213,-195
107900267,9,7,2
107900268,25,0,25
107900269,1,3,-2
107900270,0,0,0
107900271,0,0,0
107900272,3,1,2
107900273,4,56,-52
107900274,5,0,5
107900275,29,0,29
107900276,0,62,-62
107900277,0,179,-179
107900278,43,265,-222
107900279,135,25,110
107900280,1751,811,940
107900281,2596,425,2171
107900282,27,74,-47
107900283,1313,240,1073
107900284,33,689,-656
107900285,31,127,-96
107900286,47,60,-13
107900287,38,44,-6
107900290,0,27,-27
107900291,93,1,92
107900292,37,213,-176
107900293,19,427,-408
107900295,9,121,-112
107900297,1,207,-206
107900298,319,741,-422
107900299,3215,513,2702
107900300,18,122,-104
107900301,110,109,1
107900302,19,9,10
107900303,21,248,-227
107900304,37,490,-453
107900305,60,6,54
107900306,4,2,2
107900307,19,256,-237
107900308,59,18,41
107900309,4,0,4
107900310,0,0,0
107900311,41,14,27
107900312,0,0,0
107900313,0,41,-41
107900314,0,27,-27
107900315,0,26,-26
107900316,6,0,6
107900317,7,0,7
107900318,3,60,-57
107900319,2,236,-234
107900320,2,169,-167
107900321,23,1,22
107900322,1,237,-236
107900323,0,153,-153
107900324,63,2,61
107900325,20,0,20
107900326,29,435,-406
107900327,1,0,1
107900328,0,0,0
107900329,0,0,0
107900330,5,626,-621
107900331,25,15,10
107900332,35,15,20
107900333,18,4,14
107900334,9,253,-244
107900335,35,53,-18
107900336,4,31,-27
107900337,1057,151,906
107900338,1,115,-114
107900339,0,16,-16
107900340,0,27,-27
107900341,3,0,3
107900342,21,139,-118
107900343,7,0,7
107900344,1,72,-71
107900345,16,12,4
107900346,17,0,17
107900347,8,2,6
107900348,7,1,6
107900349,9,3,6
107900350,30,241,-211
107900351,1,79,-78
108000001,1127,1231,-104
108000002,1940,2926,-986
108000003,1353,804,549
108000004,15436,12890,2546
108000005,1803,1398,405
108000006,2909,5025,-2116
108000007,1435,1491,-56
108000008,2777,4816,-2039
108000009,880,1519,-639
108000010,1240,4413,-3173
108000011,4399,3533,866
108000012,15079,13361,1718
108000014,145,311,-166
108000015,101,156,-55
108000016,103,497,-394
108000017,93,148,-55
108000018,205,223,-18
108000019,274,284,-10
108000020,192,172,20
108000021,221,1512,-1291
108000022,384,1332,-948
108000023,317,34,283
108000024,33,628,-595
108000025,48,157,-109
108000026,63,550,-487
108000027,99,466,-367
108000028,22,270,-248
108000029,51,594,-543
108000030,23,140,-117
108000031,37,523,-486
108000032,260,178,82
108000033,293,1069,-776
108000034,285,155,130
108000035,517,2255,-1738
108000036,197,1578,-1381
108000037,414,130,284
108000038,444,80,364
108000039,190,2262,-2072
108000040,345,168,177
108000041,403,2452,-2049
108000042,8,200,-192
108000043,46,301,-255
108000044,20,106,-86
108000045,66,796,-730
108000046,205,127,78
108000047,214,1026,-812
108000048,52,450,-398
108000049,55,65,-10
108000050,61,338,-277
108000051,31,14,17
108000052,213,581,-368
108000053,55,34,21
108000054,303,692,-389
108000055,223,192,31
108000056,512,845,-333
108000057,157,324,-167
108000058,733,797,-64
108000059,2565,1171,1394
108000060,18,156,-138
108000061,98,364,-266
108000062,139,209,-70
108000063,129,707,-578
108000064,51,103,-52
108000065,162,517,-355
108000066,600,273,327
108000067,335,168,167
108000068,134,115,19
108000069,79,983,-904
108000070,222,165,57
108000071,265,1571,-1306
108000072,277,261,16
108000073,670,1679,-1009
108000074,76,101,-25
108000075,109,714,-605
108000076,135,117,18
108000077,405,955,-550
108000078,568,525,43
108000079,701,1817,-1116
108000080,203,285,-82
108000081,250,2858,-2608
108000082,730,1458,-728
108000083,626,305,321
108000084,203,1025,-822
108000085,73,97,-24
108000086,510,587,-77
108000087,78,515,-437
108000088,27,0,27
108000089,127,155,-28
108000090,54,24,30
108000091,41,465,-424
108000092,20,27,-7
108000093,64,813,-749
108000094,80,28,52
108000095,76,417,-341
108000096,43,29,14
108000097,31,409,-378
108000098,123,478,-355
108000099,1,0,1
108000100,0,7,-7
108000101,170,257,-87
108000102,358,739,-381
108000106,137,1,136
108000107,0,541,-541
108000108,126,7,119
108000109,9,648,-639
108000110,31,141,-110
108000111,68,485,-417
108000112,10,10,0
108000113,321,307,14
108000115,420,274,146
108000117,590,225,365
108000118,55,59,-4
108000119,382,375,7
108000120,6,275,-269
108000121,46,535,-489
108000122,37,124,-87
108000123,97,233,-136
108000124,49,483,-434
108000125,54,320,-266
108000126,54,584,-530
108000127,73,306,-233
108000128,86,786,-700
108000129,91,1376,-1285
108000130,48,223,-175
108000131,163,101,62
108000132,594,849,-255
108000133,190,185,5
108000134,409,870,-461
108000135,189,164,25
108000136,562,977,-415
108000137,146,381,-235
108000138,109,902,-793
108000139,19,293,-274
108000140,14,17,-3
108000141,6,154,-148
108000142,24,101,-77
108000143,10,18,-8
108000144,17,11,6
108000145,6,38,-32
108000146,19,10,9
108000147,15,43,-28
108000148,2,4,-2
108000149,4,19,-15
108000150,11,1,10
108000151,3,5,-2
108000152,33,607,-574
108000153,55,50,5
108000154,18,13,5
108000155,9,1,8
108000156,169,76,93
108000157,43,189,-146
108000158,52,203,-151
108000159,424,94,330
108000160,4699,355,4344
108000161,3828,577,3251
108000165,3,77,-74
108000172,0,73,-73
108000173,2480,792,1688
108000175,22,50,-28
108000178,331,368,-37
108000179,108,250,-142
108000181,31,32,-1
108000182,95,16,79
108000183,3,8,-5
108000184,735,565,170
108000185,23,738,-715
108000186,39,45,-6
108000187,19,790,-771
108000188,98,221,-123
108000189,117,290,-173
108000190,11,95,-84
108000192,43,546,-503
108000193,401,44,357
108000194,0,0,0
108000195,2,1109,-1107
108000196,3,66,-63
108000198,131,300,-169
108000199,0,87,-87
108000200,91,672,-581
108000202,2,189,-187
108000203,23,1002,-979
108000204,62,18,44
108000205,535,607,-72
108000339,909,136,773
108000364,156,74,82
108000365,27,303,-276
108000367,48,252,-204
108000368,5,47,-42
108000369,1764,90,1674
108000371,2,493,-491
108000372,88,0,88
108000373,0,0,0
108000376,53,2,51
108000377,101,235,-134
108000378,4890,2876,2014
108000379,21,104,-83
108000381,18,11,7
108000382,17,0,17
108000383,0,76,-76
108900001,130,909,-779
108900002,113,31,82
108900003,287,902,-615
108900004,449,93,356
108900005,7,46,-39
108900006,173,107,66
108900007,28,117,-89
108900008,15,82,-67
108900009,5,69,-64
108900010,26,137,-111
108900011,54,279,-225
108900012,53,373,-320
108900013,17,213,-196
108900014,2,58,-56
108900015,0,4,-4
108900016,0,123,-123
108900017,74,101,-27
108900018,24,606,-582
108900019,12,1271,-1259
108900020,17,338,-321
108900021,38,290,-252
108900022,10,2,8
108900023,3,27,-24
108900024,4,141,-137
108900025,16,82,-66
108900026,12,52,-40
108900027,0,134,-134
108900028,23,637,-614
108900029,8,158,-150
108900030,0,151,-151
108900031,15,639,-624
108900032,3,266,-263
108900033,0,51,-51
108900034,1,246,-245
108900035,93,2098,-2005
108900036,100,398,-298
108900037,7,515,-508
108900038,1,337,-336
108900039,0,569,-569
108900040,1,85,-84
108900041,4976,813,4163
108900042,0,196,-196
108900043,8,420,-412
108900044,3,707,-704
108900045,9,586,-577
108900046,29,902,-873
108900047,2,78,-76
108900048,26,641,-615
108900049,4596,305,4291
108900050,1,227,-226
108900051,0,200,-200
108900052,0,329,-329
108900053,43,55,-12
108900054,11,181,-170
108900055,40,483,-443
108900056,0,215,-215
108900057,3,185,-182
108900058,1,544,-543
108900059,67,6,61
108900060,52,28,24
108900061,24,21,3
108900062,3,451,-448
108900063,4,403,-399
108900064,21,45,-24
108900065,2,325,-323
108900066,65,57,8
108900067,8,306,-298
108900068,2,278,-276
108900069,9,141,-132
108900070,14,194,-180
108900071,11,30,-19
108900072,2072,102,1970
108900073,17,552,-535
108900074,27,468,-441
108900075,43,88,-45
108900076,50,50,0
108900077,53,609,-556
108900078,6,180,-174
108900079,482,183,299
108900080,10,104,-94
108900081,33,197,-164
108900082,9,99,-90
108900083,6,55,-49
108900084,310,71,239
108900085,1985,88,1897
108900086,17,290,-273
108900087,104,132,-28
108900088,153,81,72
108900089,0,38,-38
108900090,0,387,-387
108900091,93,79,14
108900092,75,101,-26
108900093,24,11,13
108900094,62,31,31
108900095,22,633,-611
108900096,401,15,386
108900097,87,236,-149
108900098,2468,43,2425
108900099,84,319,-235
108900100,17,87,-70
108900101,59,10,49
108900102,99,206,-107
108900103,22,15,7
108900104,242,254,-12
108900105,4,179,-175
108900106,58,579,-521
108900108,24,8,16
108900109,85,15,70
108900110,17,424,-407
108900111,52,653,-601
108900112,52,6,46
108900113,12,7,5
108900114,8,10,-2
108900115,11,21,-10
108900116,8,0,8
108900117,23,3,20
108900118,57,2,55
108900119,57,9,48
108900120,29,13,16
108900121,40,10,30
108900122,7,5,2
108900123,11,10,1
108900124,69,29,40
108900125,29,1,28
108900126,18,2,16
108900127,12,10,2
108900128,11,0,11
108900129,86,37,49
108900130,21,3,18
108900131,61,0,61
108900132,69,14,55
108900133,33,14,19
108900134,24,104,-80
108900135,17,2,15
108900136,1,0,1
108900137,9,0,9
108900138,116,5,111
108900139,19,29,-10
108900140,20,129,-109
108900141,23,0,23
108900142,7,3,4
108900143,5,0,5
108900144,11,0,11
108900145,16,1,15
108900146,5,0,5
108900147,34,0,34
108900148,19,8,11
108900149,257,310,-53
108900150,140,3,137
108900151,7,1,6
108900152,9,4,5
108900153,14,479,-465
108900154,868,109,759
108900155,52,47,5
108900156,29,22,7
108900157,4,596,-592
108900158,26,8,18
108900159,4,265,-261
108900160,6,173,-167
108900161,2,418,-416
108900162,26,0,26
108900163,2,41,-39
108900164,18,76,-58
108900165,88,46,42
108900167,1182,717,465
108900168,10766,881,9885
108900169,13,57,-44
108900171,5997,598,5399
108900172,43,11,32
108900173,135,255,-120
108900174,106,214,-108
108900176,67,733,-666
108900177,9129,1072,8057
108900178,4816,517,4299
108900179,193,313,-120
108900180,15,58,-43
108900182,5,64,-59
108900183,75,164,-89
108900184,68,77,-9
108900185,10,191,-181
108900186,4,234,-230
108900187,44,21,23
108900188,59,26,33
108900189,34,80,-46
108900190,5,2546,-2541
108900191,42,1,41
108900192,19,256,-237
108900193,8,11,-3
108900194,2,287,-285
108900195,15,304,-289
108900196,3,522,-519
108900198,4,540,-536
108900199,43,265,-222
108900200,141,237,-96
108900201,67,783,-716
108900203,79,5,74
108900204,57,0,57
108900205,37,5,32
108900206,41,4,37
108900207,30,7,23
108900208,14,325,-311
108900209,149,560,-411
108900210,87,199,-112
108900211,40,88,-48
108900212,508,289,219
108900215,50,607,-557
108900216,171,46,125
108900217,29,1,28
108900218,13,4,9
108900219,6,0,6
108900220,12,0,12
108900221,8,32,-24
108900222,30,3,27
108900223,6,25,-19
108900224,11,66,-55
108900225,0,125,-125
108900226,31,1,30
108900227,28,38,-10
108900230,343,331,12
108900231,26,254,-228
108900232,1,320,-319
108900233,74,21,53
108900234,55,23,32
108900235,125,557,-432
108900236,26,283,-257
108900237,13,234,-221
108900240,8,56,-48
108900241,1,8,-7
108900245,1,132,-131
108900249,18,4,14
108900250,71,108,-37
108900257,8,530,-522
108900258,4,184,-180
108900259,10,36,-26
108900260,3,117,-114
108900261,59,105,-46
108900262,270,64,206
108900263,39,385,-346
108900264,146,191,-45
108900265,1186,145,1041
108900266,777,104,673
108900267,0,12,-12
108900268,0,1,-1
108900269,9,3,6
108900270,19,2,17
108900271,1,2,-1
108900272,22,1,21
108900273,693,180,513
108900274,8,33,-25
109000001,1553,436,1117
109000002,4000,1127,2873
109000003,751,315,436
109000004,303,2646,-2343
109000005,587,441,146
109000006,493,1883,-1390
109000007,243,355,-112
109000008,250,1813,-1563
109000009,1132,534,598
109000010,1070,3520,-2450
109000011,545,623,-78
109000012,913,4012,-3099
109000013,962,568,394
109000014,846,3645,-2799
109000015,1217,1233,-16
109000016,9793,3817,5976
109000017,709,562,147
109000018,490,3306,-2816
109000019,653,473,180
109000020,824,1965,-1141
109000023,5,0,5
109000024,7,115,-108
109000025,205,152,53
109000026,327,202,125
109000027,38,161,-123
109000028,37,83,-46
109000029,112,44,68
109000030,23,398,-375
109000031,0,0,0
109000032,29,400,-371
109000033,26,12,14
109000034,25,15,10
109000035,2,11,-9
109000036,47,286,-239
109000037,65,344,-279
109000038,560,315,245
109000039,275,170,105
109000040,4072,1195,2877
109000041,5836,638,5198
109000042,570,590,-20
109000044,29,33,-4
109000045,20,392,-372
109000046,26,37,-11
109000047,32,372,-340
109000048,122,27,95
109000049,136,456,-320
109000050,28,19,9
109000051,149,339,-190
109000052,141,1743,-1602
109000053,42,58,-16
109000054,41,718,-677
109000055,51,97,-46
109000056,106,663,-557
109000057,88,70,18
109000058,356,189,167
109000059,150,550,-400
109000060,192,32,160
109000061,1482,313,1169
109000062,50,65,-15
109000063,130,237,-107
109000064,34,77,-43
109000065,25,469,-444
109000066,81,77,4
109000067,31,427,-396
109000068,3,0,3
109000069,3,1,2
109000070,8,556,-548
109000071,186,56,130
109000072,58,323,-265
109000073,20,68,-48
109000074,13,261,-248
109000075,22,381,-359
109000076,28,75,-47
109000077,162,196,-34
109000078,12,74,-62
109000079,32,195,-163
109000080,31,105,-74
109000081,10,449,-439
109000082,122,254,-132
109000083,56,801,-745
109000088,48,373,-325
109000089,44,15,29
109000090,182,518,-336
109000091,142,42,100
109000092,213,643,-430
109000093,95,26,69
109000094,42,0,42
109000095,47,755,-708
109000096,174,22,152
109000097,41,95,-54
109000098,3,4,-1
109000099,133,224,-91
109000100,49,472,-423
109000101,205,567,-362
109000102,98,704,-606
109000103,94,513,-419
109000104,322,338,-16
109000105,217,1474,-1257
109000106,387,297,90
109000107,205,1609,-1404
109000108,230,229,1
109000109,278,1605,-1327
109000110,264,220,44
109000111,504,2030,-1526
109000112,126,131,-5
109000113,85,141,-56
109000114,35,191,-156
109000115,386,21,365
109000116,2,122,-120
109000117,27,53,-26
109000118,5,250,-245
109000119,175,193,-18
109000120,29,1319,-1290
109000121,42,24,18
109000122,34,1433,-1399
109000123,23,65,-42
109000124,145,249,-104
109000125,123,189,-66
109000126,134,1141,-1007
109000127,131,96,35
109000128,132,2726,-2594
109000129,423,152,271
109000130,248,2606,-2358
109000131,247,90,157
109000132,432,1497,-1065
109000133,96,662,-566
109000134,248,1364,-1116
109000135,440,1043,-603
109000136,109,430,-321
109000137,61,108,-47
109000138,114,516,-402
109000139,143,246,-103
109000140,28,515,-487
109000141,82,292,-210
109000142,71,531,-460
109000143,31,19,12
109000145,28,45,-17
109000146,26,40,-14
109000148,3847,420,3427
109000149,16,14,2
109000150,29,103,-74
109000155,159,357,-198
109000156,854,803,51
109000158,10,172,-162
109000159,27,489,-462
109000160,155,222,-67
109000161,95,1147,-1052
109000162,704,1046,-342
109000163,285,1105,-820
109000164,414,1949,-1535
109000165,364,435,-71
109000166,148,110,38
109000167,34,782,-748
109000170,7,49,-42
109000171,34,41,-7
109000172,20,32,-12
109000173,7,31,-24
109000174,20,59,-39
109000175,5,87,-82
109000176,98,453,-355
109000177,15,77,-62
109000178,136,304,-168
109000179,7462,1063,6399
109000180,4171,1638,2533
109000181,6,44,-38
109000182,8,60,-52
109000183,7,43,-36
109000184,20,20,0
109000185,8,63,-55
109000188,128,2500,-2372
109000189,318,591,-273
109000190,185,493,-308
109000191,79,380,-301
109000192,40,179,-139
109000193,60,424,-364
109000194,23,97,-74
109000195,33,423,-390
109000196,50,68,-18
109000197,48,559,-511
109000198,34,41,-7
109000199,48,430,-382
109000206,47,48,-1
109000207,19,25,-6
109000208,79,19,60
109000209,94,37,57
109000210,136,413,-277
109000211,63,203,-140
109000214,97,666,-569
109000215,19,21,-2
109000216,16,36,-20
109000217,70,51,19
109000218,56,51,5
109000221,72,969,-897
109000222,98,13,85
109000223,126,139,-13
109000224,32,317,-285
109000225,32,52,-20
109000226,17,294,-277
109000227,214,1237,-1023
109000228,0,248,-248
109000231,1,552,-551
109000232,71,475,-404
109000236,89,710,-621
109000241,480,1388,-908
109000242,320,811,-491
109000293,4,21,-17
109000361,47,163,-116
109000364,74,638,-564
109000396,11,940,-929
109000397,85,0,85
109000399,91,472,-381
109000400,33,350,-317
109000403,27,115,-88
109000406,1,2,-1
109000407,68,224,-156
109000408,0,412,-412
109000410,351,113,238
109000411,17,14,3
109900001,8,1,7
109900002,164,5,159
109900003,47,0,47
109900004,201,246,-45
109900005,13,6,7
109900006,36,232,-196
109900007,88,988,-900
109900008,0,30,-30
109900009,30,1276,-1246
109900010,115,5,110
109900011,18,18,0
109900012,37,73,-36
109900013,103,42,61
109900014,33,19,14
109900015,92,38,54
109900016,37,49,-12
109900017,18,22,-4
109900018,29,147,-118
109900019,32,92,-60
109900020,5,3,2
109900021,4,1,3
109900022,28,313,-285
109900023,7,0,7
109900024,1,0,1
109900025,2,91,-89
109900026,4,127,-123
109900027,23,0,23
109900028,2579,243,2336
109900029,7,572,-565
109900030,1,1,0
109900031,0,21,-21
109900032,7,242,-235
109900033,1,381,-380
109900034,4,0,4
109900035,2,19,-17
109900036,10,56,-46
109900037,12,481,-469
109900038,7,178,-171
109900039,1,0,1
109900040,9,669,-660
109900041,24,453,-429
109900042,22,396,-374
109900044,28,214,-186
109900045,3,28,-25
109900046,6,30,-24
109900047,194,195,-1
109900048,0,73,-73
109900049,2,24,-22
109900050,1,283,-282
109900051,0,35,-35
109900052,27,220,-193
109900053,3,480,-477
109900054,102,47,55
109900055,8,204,-196
109900056,4,17,-13
109900057,1,246,-245
109900058,0,120,-120
109900059,85,33,52
109900060,55,76,-21
109900061,76,265,-189
109900062,1,282,-281
109900063,11,137,-126
109900064,35,101,-66
109900065,84,79,5
109900066,98,955,-857
109900067,2,468,-466
109900068,5,1,4
109900069,2,24,-22
109900070,39,186,-147
109900071,1,13,-12
109900072,9,84,-75
109900073,37,670,-633
109900074,1,44,-43
109900075,0,33,-33
109900076,5,285,-280
109900077,9,51,-42
109900078,23,227,-204
109900080,27,341,-314
109900081,1,48,-47
109900082,20,504,-484
109900083,2,28,-26
109900084,5,113,-108
109900085,48,1096,-1048
109900086,20,50,-30
109900087,87,221,-134
109900089,86,52,34
109900090,276,772,-496
109900091,31,21,10
109900092,340,1,339
109900093,167,59,108
109900094,8,31,-23
109900095,48,138,-90
109900096,2,0,2
109900097,2,1,1
109900098,39,4,35
109900099,13,0,13
109900100,4,0,4
109900101,29,3,26
109900102,152,14,138
109900103,3,26,-23
109900104,60,1079,-1019
109900105,108,13,95
109900106,139,64,75
109900107,155,86,69
109900108,45,1420,-1375
109900109,14,370,-356
109900110,15,503,-488
109900111,103,943,-840
109900112,134,930,-796
109900113,96,117,-21
109900114,327,79,248
109900115,17,28,-11
109900117,140,46,94
109900118,117,338,-221
109900119,295,189,106
109900120,16,1,15
109900121,130,60,70
109900122,40,1,39
109900123,5,172,-167
109900124,20,831,-811
109900125,2,204,-202
109900126,27,166,-139
109900128,22,18,4
109900130,10189,470,9719
109900131,49,63,-14
109900132,19,108,-89
109900133,15,372,-357
109900134,5,6,-1
109900135,217,22,195
109900136,30,89,-59
109900137,12,325,-313
109900140,56,404,-348
109900142,158,126,32
109900145,0,60,-60
109900146,74,12,62
109900148,7,49,-42
109900149,26,32,-6
109900150,2,33,-31
109900151,1,41,-40
109900152,0,14,-14
109900153,0,32,-32
109900154,1,0,1
109900155,7,1,6
109900157,21,202,-181
109900158,38,95,-57
109900159,34,8,26
109900160,36,18,18
109900161,31,31,0
109900162,33,18,15
109900163,649,190,459
109900164,21,181,-160
109900165,39,5,34
109900166,0,177,-177
109900167,38,636,-598
109900168,52,504,-452
109900169,27,67,-40
109900170,144,130,14
109900171,12,44,-32
109900172,42,74,-32
109900173,3656,370,3286
109900174,12,118,-106
109900175,3,66,-63
109900176,28,226,-198
109900177,12,333,-321
109900178,0,92,-92
109900179,2,26,-24
109900180,2,0,2
110000001,247,401,-154
110000002,176,281,-105
110000003,586,452,134
110000004,332,344,-12
110000005,670,718,-48
110000006,442,326,116
110000007,45,127,-82
110000008,7,49,-42
110000009,7,31,-24
110000010,8,55,-47
110000011,6,71,-65
110000012,474,414,60
110000013,7,142,-135
110000014,539,262,277
110000015,254,339,-85
110000016,228,442,-214
110000017,3494,211,3283
110000018,3736,433,3303
110000019,4,124,-120
110000020,382,150,232
110000021,363,237,126
110000022,418,160,258
110000023,3,142,-139
110000024,504,354,150
110000025,35,1,34
110000026,1,559,-558
110000027,236,138,98
110000028,394,479,-85
110000029,231,831,-600
110000030,70,239,-169
110000031,104,559,-455
110000032,349,242,107
110000033,58,95,-37
110000034,151,595,-444
110000035,199,1187,-988
110000036,268,595,-327
110000037,49,1097,-1048
110000038,139,416,-277
110000039,202,540,-338
110000040,204,558,-354
110000041,30,106,-76
110000042,35,432,-397
110000043,93,25,68
110000044,49,87,-38
110000045,205,9,196
110000046,1,6,-5
110000047,0,0,0
110000048,0,12,-12
110000049,0,0,0
110000050,0,14,-14
110000051,0,0,0
110000052,12,26,-14
110000053,2,0,2
110000054,63,211,-148
110000055,55,3,52
110000056,6,13,-7
110000057,214,692,-478
110000058,344,589,-245
110000059,321,509,-188
110000060,200,427,-227
110000061,736,869,-133
110000062,396,453,-57
110000063,16,34,-18
110000064,27,124,-97
110000065,10,35,-25
110000066,13,33,-20
110000067,38,365,-327
110000068,107,598,-491
110000069,39,41,-2
110000071,10,93,-83
110000073,2,14,-12
110000075,4,64,-60
110000076,210,189,21
110000077,314,460,-146
110000078,163,86,77
110000080,121,406,-285
110000081,13,176,-163
110000082,10,164,-154
110000083,148,442,-294
110000084,191,244,-53
110000085,2580,889,1691
110000086,888,550,338
110000087,2,28,-26
110000088,7,173,-166
110000089,30,147,-117
110000090,19,246,-227
110000091,1661,236,1425
110000092,17,102,-85
110000093,18,4,14
110000094,277,168,109
110000095,53,248,-195
110000096,3683,1137,2546
110000097,529,468,61
110000098,563,223,340
110000099,514,888,-374
110000100,93,742,-649
110000101,11,625,-614
110000102,30,25,5
110000104,36,44,-8
110000105,38,232,-194
110000106,155,80,75
110000107,269,329,-60
110000108,21,33,-12
110000109,204,307,-103
110000110,3316,1323,1993
110000111,9391,1241,8150
110000112,965,176,789
110000113,665,387,278
110000114,46,213,-167
110000115,53,141,-88
110000116,24,21,3
110000117,48,559,-511
110000118,146,248,-102
110000119,98,431,-333
110000120,144,122,22
110000121,33,227,-194
110000122,154,481,-327
110000123,209,213,-4
110000124,1,710,-709
110000125,389,2,387
110000126,74,10,64
110000127,140,11,129
110000128,11,1597,-1586
110000129,2,478,-476
110000130,32,46,-14
110000131,89,264,-175
110000132,2,598,-596
110000133,41,155,-114
110000134,17,176,-159
110000135,42,21,21
110000136,22,247,-225
110000137,112,580,-468
110000138,173,885,-712
110000139,226,1230,-1004
110000140,310,118,192
110000143,291,218,73
110000144,2051,461,1590
110000145,641,377,264
110000146,1713,384,1329
110000147,77,536,-459
110000148,57,138,-81
110000151,471,246,225
110000152,355,190,165
110000153,41,64,-23
110000154,16,4,12
110000155,900,1035,-135
110000156,391,669,-278
110000157,1441,943,498
110000160,201,360,-159
110000161,106,564,-458
110000166,66,104,-38
110000167,189,238,-49
110000168,296,131,165
110000169,105,173,-68
110000170,48,52,-4
110000171,126,108,18
110000172,55,597,-542
110000173,640,775,-135
110000174,31,1189,-1158
110000175,77,33,44
110000176,26,81,-55
110000177,45,354,-309
110000178,369,336,33
110000179,1012,239,773
110000180,27,328,-301
110000181,143,228,-85
110000182,232,263,-31
110000183,10192,2337,7855
110000184,344,897,-553
110000185,778,600,178
110000186,501,345,156
110000191,109,382,-273
110000192,65,0,65
110000193,77,0,77
110000194,4,1185,-1181
110000195,57,352,-295
110000196,52,531,-479
110000197,13,168,-155
110000198,33,52,-19
110000199,21,110,-89
110000200,949,665,284
110000201,241,270,-29
110000202,297,190,107
110000203,322,841,-519
110000204,2,324,-322
110000205,21,87,-66
110000206,391,1689,-1298
110000207,145,182,-37
110000208,42,62,-20
110000209,62,715,-653
110000210,18,11,7
110000211,21,10,11
110000212,64,513,-449
110000213,9,27,-18
110000214,44,54,-10
110000215,17,655,-638
110000216,18,628,-610
110000217,57,147,-90
110000218,53,494,-441
110000219,75,45,30
110000220,20,485,-465
110000221,63,45,18
110000222,14,290,-276
110000223,1,23,-22
110000224,17,8,9
110000225,54,349,-295
110000226,19,15,4
110000227,249,216,33
110000228,81,33,48
110000229,2,206,-204
110000230,214,530,-316
110000231,73,115,-42
110000232,67,205,-138
110000233,38,160,-122
110000234,325,312,13
110000235,617,618,-1
110000236,100,837,-737
110000237,716,730,-14
110000238,348,838,-490
110000239,564,981,-417
110000240,1,98,-97
110000242,0,34,-34
110000243,26,221,-195
110000244,59,256,-197
110000245,14,322,-308
110000246,198,505,-307
110000247,736,3289,-2553
110000248,841,1198,-357
110000249,19,3,16
110000250,7,244,-237
110000251,29,467,-438
110000252,43,278,-235
110000253,326,246,80
110000254,283,1473,-1190
110000255,101,1220,-1119
110000256,167,86,81
110000257,146,252,-106
110000258,4,427,-423
110000259,30,5,25
110000260,7,444,-437
110000263,249,110,139
110000264,75,442,-367
110000265,483,604,-121
110000266,909,976,-67
110000267,16,254,-238
110000268,54,406,-352
110000269,0,112,-112
110000270,1,1,0
110000271,966,171,795
110000272,319,581,-262
110000273,1079,942,137
110000274,144,516,-372
110000275,2669,360,2309
110000276,61,140,-79
110000277,64,296,-232
110000278,114,763,-649
110000279,103,473,-370
110000280,59,322,-263
110000281,10,114,-104
110000282,35,33,2
110000283,10,29,-19
110000284,5,24,-19
110000285,0,143,-143
110000286,0,0,0
110000287,6,1,5
110000288,4,90,-86
110000289,268,704,-436
110000290,1230,413,817
110000291,5823,1057,4766
110000292,959,1338,-379
110000293,159,1057,-898
110000294,273,378,-105
110000295,48,835,-787
110000296,87,255,-168
110000297,1064,257,807
110000298,165,387,-222
110000299,205,20,185
110000301,63,3,60
110000302,76,1194,-1118
110000303,69,2,67
110000304,40,236,-196
110000305,174,14,160
110000306,75,2393,-2318
110000307,404,2,402
110000308,77,10,67
110000309,7,1691,-1684
110000310,152,65,87
110000311,20,944,-924
110000312,132,33,99
110000313,1106,1217,-111
110000314,2,200,-198
110000315,1578,1186,392
110000316,321,851,-530
110000317,339,357,-18
110000318,1,76,-75
110000319,5,14,-9
110000320,14,67,-53
110000321,8,15,-7
110000322,84,635,-551
110000323,98,388,-290
110000324,5097,919,4178
110000325,296,773,-477
110000327,123,122,1
110000328,106,499,-393
110000333,191,141,50
110000334,280,1343,-1063
110000335,292,393,-101
110000336,183,1283,-1100
110000337,215,332,-117
110000338,75,223,-148
110000339,45,202,-157
110000340,13,152,-139
110000341,82,569,-487
110000342,73,5,68
110000343,1,18,-17
110000344,14,109,-95
110000345,10,50,-40
110000346,1587,725,862
110000347,630,397,233
110000348,2,28,-26
110000349,3,13,-10
110000350,4,1,3
110000351,127,571,-444
110000352,148,1180,-1032
110000353,1967,471,1496
110000354,451,1323,-872
110000355,55,73,-18
110000356,0,0,0
110000357,94,7,87
110000361,15,94,-79
110000362,19,97,-78
110000363,96,71,25
110000364,46,256,-210
110000365,37,1,36
110000366,0,66,-66
110000367,163,224,-61
110000368,0,37,-37
110000369,7,0,7
110000373,1,241,-240
110000374,11,0,11
110000375,33,497,-464
110000376,25,115,-90
110000377,0,0,0
110000378,29,277,-248
110000379,2834,665,2169
110000380,7,11,-4
110000383,0,245,-245
110000384,331,93,238
110000385,1,250,-249
110000387,0,10,-10
110000388,8,216,-208
110000389,100,2,98
110000391,20,350,-330
110000396,26,125,-99
110000397,17,206,-189
110000398,7,16,-9
110000399,8,1,7
110000587,12,32,-20
110000589,52,118,-66
110000640,59,71,-12
110000652,3,96,-93
110000653,64,448,-384
110000654,0,11,-11
110000656,2,447,-445
110000674,3,8,-5
110000675,0,29,-29
110000676,2,26,-24
110000679,510,162,348
110000682,44,38,6
110000683,345,324,21
110000684,0,50,-50
110000685,1,1,0
110000686,6,21,-15
110000687,1,0,1
110000688,34,232,-198
110000689,13,23,-10
110000692,69,259,-190
110000693,58,124,-66
110000694,0,106,-106
110000695,86,766,-680
110000696,101,106,-5
110900001,27,9,18
110900002,9,210,-201
110900003,51,1098,-1047
110900004,58,331,-273
110900005,3992,502,3490
110900006,20,5,15
110900007,7,5,2
110900008,10,50,-40
110900009,70,8,62
110900010,0,80,-80
110900011,6,82,-76
110900012,0,130,-130
110900013,263,116,147
110900014,25,11,14
110900015,519,87,432
110900016,2,204,-202
110900017,59,33,26
110900018,128,20,108
110900019,26,2,24
110900020,6,549,-543
110900021,36,689,-653
110900022,31,367,-336
110900023,81,529,-448
110900024,14,620,-606
110900025,3,68,-65
110900027,11,241,-230
110900028,14,195,-181
110900029,30,534,-504
110900030,9,282,-273
110900031,0,136,-136
110900032,0,122,-122
110900033,25,283,-258
110900035,30,256,-226
110900036,25,17,8
110900037,11,18,-7
110900038,1042,146,896
110900039,7,178,-171
110900040,71,14,57
110900041,3,179,-176
110900042,38,57,-19
110900043,0,196,-196
110900044,214,30,184
110900045,31,685,-654
110900046,134,297,-163
110900047,620,51,569
110900049,16,14,2
110900050,0,1,-1
110900051,32,128,-96
110900052,3,208,-205
110900053,20,56,-36
110900054,10,307,-297
110900055,9,0,9
110900056,43,112,-69
110900057,2,244,-242
110900058,57,385,-328
110900059,274,928,-654
110900060,110,35,75
110900061,29,31,-2
110900062,20,342,-322
110900063,10,73,-63
110900064,2,0,2
110900065,339,57,282
110900066,1,55,-54
110900067,694,337,357
110900068,93,208,-115
110900069,0,26,-26
110900070,41,20,21
110900071,208,117,91
110900073,2,12,-10
110900074,88,32,56
110900075,74,56,18
110900077,78,244,-166
110900078,1,143,-142
110900079,1493,205,1288
110900080,12,23,-11
110900081,1,155,-154
110900082,23,176,-153
110900083,34,11,23
110900084,5,218,-213
110900085,42,311,-269
110900086,23,53,-30
110900087,49,55,-6
110900088,2,0,2
110900090,11,29,-18
110900091,2,62,-60
110900093,98,18,80
110900095,11,52,-41
110900097,1,17,-16
110900098,10,78,-68
110900099,52,614,-562
110900100,0,15,-15
110900102,10,18,-8
110900105,700,395,305
110900108,1,140,-139
110900111,217,50,167
110900112,141,1,140
110900113,376,10,366
110900115,2,83,-81
110900116,103,2463,-2360
110900118,82,417,-335
110900119,6106,182,5924
110900120,2,118,-116
110900121,26,0,26
110900122,43,68,-25
110900125,65,111,-46
110900127,303,300,3
110900128,69,79,-10
110900129,153,126,27
110900130,757,116,641
110900131,25,38,-13
110900132,59,16,43
110900133,21,305,-284
110900135,73,547,-474
110900136,80,2,78
110900137,41,0,41
110900138,389,526,-137
110900139,7,30,-23
110900140,25,4,21
110900141,3,54,-51
110900142,19,169,-150
110900143,16,24,-8
110900144,5,509,-504
110900145,22,6,16
110900146,229,15,214
110900147,107,133,-26
110900148,1,226,-225
110900149,0,74,-74
110900150,2,11,-9
110900151,0,55,-55
110900152,5,371,-366
110900153,24,2,22
111000001,184,229,-45
111000002,313,490,-177
111000003,175,143,32
111000004,268,896,-628
111000005,269,281,-12
111000006,525,943,-418
111000007,1884,683,1201
111000008,2892,2383,509
111000009,218,734,-516
111000010,185,95,90
111000011,476,645,-169
111000012,292,187,105
111000013,185,1049,-864
111000014,363,279,84
111000017,84,316,-232
111000018,114,293,-179
111000020,2267,1481,786
111000021,41,48,-7
111000023,26,32,-6
111000025,6378,1155,5223
111000029,21,93,-72
111000030,15,46,-31
111000031,1356,285,1071
111000032,241,117,124
111000033,84,60,24
111000034,280,173,107
111000037,2460,845,1615
111000038,1396,1740,-344
111000039,623,1768,-1145
111000040,777,1789,-1012
111000041,870,873,-3
111000042,6224,2022,4202
111000043,399,242,157
111000044,270,58,212
111000045,462,503,-41
111000046,290,416,-126
111000047,597,749,-152
111000049,161,368,-207
111000050,1409,1449,-40
111000051,204,860,-656
111000052,321,1006,-685
111000053,182,799,-617
111000054,167,840,-673
111000055,685,1790,-1105
111000056,43,659,-616
111000057,21,771,-750
111000058,27,56,-29
111000059,40,125,-85
111000060,250,158,92
111000061,131,231,-100
111000062,89,143,-54
111000063,357,427,-70
111000064,122,298,-176
111000065,260,402,-142
111000066,55,132,-77
111000067,162,574,-412
111000068,112,429,-317
111000069,1166,1393,-227
111000070,2110,1092,1018
111000071,183,739,-556
111000072,78,29,49
111000073,1,43,-42
111000074,338,303,35
111000075,110,216,-106
111000076,74,270,-196
111000077,462,706,-244
111000078,812,886,-74
111000079,664,480,184
111000080,183,431,-248
111000081,1942,1947,-5
111000082,270,533,-263
111000084,316,326,-10
111000085,345,839,-494
111000086,1220,654,566
111000087,338,503,-165
111000088,2848,718,2130
111000089,216,626,-410
111000090,832,878,-46
111000091,316,583,-267
111000092,393,1007,-614
111000093,151,486,-335
111000094,441,558,-117
111000095,170,938,-768
111000096,2137,3102,-965
111000097,6098,791,5307
111000098,247,1226,-979
111000099,157,2332,-2175
111000100,171,2430,-2259
111000101,228,791,-563
111000102,20,899,-879
111000104,67,46,21
111000107,16,714,-698
111000109,31,45,-14
111000110,206,151,55
111000111,309,148,161
111000112,250,64,186
111000113,203,143,60
111000114,471,384,87
111000115,6701,472,6229
111000116,418,493,-75
111000117,188,496,-308
111000118,714,772,-58
111000119,440,1256,-816
111000120,189,354,-165
111000121,93,304,-211
111000122,197,813,-616
111000123,301,3274,-2973
111000124,196,3697,-3501
111000125,61,2097,-2036
111000126,32,1018,-986
111000127,55,19,36
111000128,80,45,35
111000129,134,53,81
111000130,207,343,-136
111000131,156,252,-96
111000132,87,58,29
111000133,34,73,-39
111000134,55,90,-35
111000135,35,77,-42
111000136,75,86,-11
111000138,4,2,2
111000140,0,4,-4
111000141,25,231,-206
111000142,5,108,-103
111000143,3,80,-77
111000144,1,96,-95
111000145,0,0,0
111000146,0,0,0
111000147,0,0,0
111000148,36,72,-36
111000149,3,31,-28
111000150,5,7,-2
111000151,2,9,-7
111000153,312,242,70
111000154,280,139,141
111000155,25,97,-72
111000156,86,75,11
111000157,24,141,-117
111000158,309,180,129
111000159,1137,264,873
111000160,64,199,-135
111000161,1,131,-130
111000162,2,152,-150
111000163,164,625,-461
111000164,644,1596,-952
111000165,796,258,538
111000166,715,226,489
111000167,86,396,-310
111000168,105,280,-175
111000169,93,231,-138
111000170,201,196,5
111000171,248,773,-525
111000172,49,540,-491
111000173,100,1071,-971
111000174,43,486,-443
111000175,33,266,-233
111000176,51,211,-160
111000177,64,309,-245
111000178,157,337,-180
111000179,23,160,-137
111000180,33,155,-122
111000181,167,195,-28
111000182,23,83,-60
111000183,31,77,-46
111000184,88,69,19
111000185,122,414,-292
111000186,49,219,-170
111000187,22,264,-242
111000188,31,285,-254
111000189,1534,516,1018
111000190,128,547,-419
111000191,79,459,-380
111000192,100,641,-541
111000193,282,347,-65
111000194,10,415,-405
111000195,26,435,-409
111000196,5,318,-313
111000197,61,65,-4
111000198,54,40,14
111000199,18,57,-39
111000200,37,120,-83
111000201,115,99,16
111000202,33,88,-55
111000203,57,69,-12
111000204,113,128,-15
111000213,36,224,-188
111000214,573,1151,-578
111000215,509,1025,-516
111000217,430,569,-139
111000218,373,550,-177
111000219,179,220,-41
111000220,2339,475,1864
111000221,385,113,272
111000224,63,220,-157
111000225,65,81,-16
111000226,11,1,10
111000227,3,0,3
111000228,11,136,-125
111000229,30,199,-169
111000230,39,408,-369
111000231,84,1147,-1063
111000232,111,630,-519
111000233,122,537,-415
111000234,18,120,-102
111000239,144,206,-62
111000240,11,3,8
111000241,9,459,-450
111000242,2,11,-9
111000243,27,905,-878
111000244,15,17,-2
111000245,140,431,-291
111000246,39,510,-471
111000247,61,1154,-1093
111000248,95,221,-126
111000249,200,820,-620
111000250,21,143,-122
111000251,7,123,-116
111000253,0,0,0
111000255,0,0,0
111000257,0,0,0
111000260,18,1221,-1203
111000261,211,15,196
111000271,10,300,-290
111000273,5464,874,4590
111000274,728,1177,-449
111000275,36,15,21
111000276,133,2263,-2130
111000277,85,518,-433
111000278,182,117,65
111000291,128,1017,-889
111000298,151,223,-72
111000299,120,14,106
111000300,54,480,-426
111000302,96,55,41
111000303,43,235,-192
111000312,18,52,-34
111000315,13,181,-168
111000320,173,457,-284
111000321,91,16,75
111000322,53,444,-391
111000323,38,11,27
111000324,117,161,-44
111000325,8,71,-63
111000326,23,319,-296
111000327,102,305,-203
111000328,55,235,-180
111000329,3,11,-8
111000330,10,5,5
111000331,4,1,3
111000332,258,869,-611
111000334,210,1396,-1186
111000335,105,77,28
111000337,155,358,-203
111000338,6,119,-113
111000339,93,874,-781
111000340,29,750,-721
111000341,303,84,219
111000342,22,191,-169
111000344,373,403,-30
111000345,16,7,9
111000346,2,72,-70
111000347,13,2,11
111000350,63,21,42
111000351,34,195,-161
111000352,44,29,15
111000353,21,239,-218
111000354,66,28,38
111000355,70,498,-428
111000358,35,1757,-1722
111000360,27,929,-902
111000361,22,426,-404
111000546,120,667,-547
111000547,43,449,-406
111000548,46,143,-97
111000549,41,329,-288
111000550,39,207,-168
111000551,332,60,272
111000552,69,13,56
111000907,34,23,11
111000908,0,0,0
111000916,229,170,59
111000917,11,255,-244
111000918,26,1028,-1002
111000920,81,5,76
111000921,2,456,-454
111000922,81,362,-281
111000924,8,1170,-1162
111000925,561,795,-234
111000926,488,2690,-2202
111000927,2092,1418,674
111000928,6775,2925,3850
111000929,267,487,-220
111000930,345,2054,-1709
111000931,639,775,-136
111000932,2625,1861,764
111000933,1404,711,693
111000934,1731,2306,-575
111000935,290,620,-330
111000936,382,1869,-1487
111000937,335,520,-185
111000938,1161,2276,-1115
111000939,7,1,6
111000940,100,277,-177
111000941,59,409,-350
111000943,60,188,-128
111000944,50,436,-386
111000945,8,1948,-1940
111001109,42,21,21
111001110,51,552,-501
111001111,5,1,4
111001112,23,3,20
111001113,30,84,-54
111001114,300,44,256
111001115,64,319,-255
111001116,2700,316,2384
111001117,713,389,324
111001120,68,330,-262
111001121,68,351,-283
111001122,129,769,-640
111001123,12,25,-13
111001124,27,434,-407
111001125,0,6,-6
111900001,2,228,-226
111900002,5,839,-834
111900003,0,478,-478
111900004,24,176,-152
111900006,6,2,4
111900007,2,0,2
111900008,12,4,8
111900009,9,120,-111
111900010,93,484,-391
111900012,110,82,28
111900013,1,33,-32
111900014,7366,744,6622
111900015,0,67,-67
111900016,2,152,-150
111900017,1,151,-150
111900018,6,1,5
111900019,0,54,-54
111900020,1,26,-25
111900021,15,61,-46
111900022,5,52,-47
111900023,78,41,37
111900024,0,136,-136
111900025,0,32,-32
111900026,0,46,-46
111900027,1,95,-94
111900028,2,538,-536
111900029,3,42,-39
111900030,31,280,-249
111900031,4,73,-69
111900032,5,519,-514
111900033,2,92,-90
111900034,29,369,-340
111900035,4,199,-195
111900036,3,428,-425
111900038,134,398,-264
111900039,21,345,-324
111900040,3,789,-786
111900042,40,47,-7
111900043,6,525,-519
111900044,64,162,-98
111900046,46,232,-186
111900048,23,822,-799
111900049,11,356,-345
111900050,19,1,18
111900051,3,201,-198
111900052,279,633,-354
111900053,1048,129,919
111900054,17,0,17
111900055,13,838,-825
111900056,89,56,33
111900057,31,23,8
111900058,53,772,-719
111900059,1246,70,1176
111900060,60,1,59
111900061,14,312,-298
111900062,16,13,3
111900063,26,165,-139
111900064,80,334,-254
111900065,5,1,4
111900066,16,36,-20
111900067,1,228,-227
111900068,8,16,-8
111900069,8,2,6
111900070,12,61,-49
111900071,0,253,-253
111900072,26,2,24
111900073,85,17,68
111900074,4,210,-206
111900075,21,0,21
111900076,30,2,28
111900077,6,1,5
111900078,37,3,34
111900079,8,2,6
111900080,67,18,49
111900082,20,6,14
111900083,10,0,10
111900084,6,0,6
111900085,12,7,5
111900086,0,0,0
111900087,13,0,13
111900088,80,2,78
111900089,6,0,6
111900090,24,4,20
111900091,4,0,4
111900092,3,0,3
111900093,34,3,31
111900094,12,0,12
111900095,49,2,47
111900096,21,1,20
111900097,6,0,6
111900098,16,0,16
111900099,7,0,7
111900100,9,3,6
111900101,18,2,16
111900102,48,727,-679
111900103,22,6,16
111900104,14,18,-4
111900105,44,42,2
111900106,1594,20,1574
111900110,3554,87,3467
111900111,11,169,-158
111900112,613,294,319
111900113,171,33,138
111900118,30,4,26
111900119,39,11,28
111900122,15,7,8
111900123,4,3,1
111900124,7,71,-64
111900125,54,1,53
111900126,18,0,18
111900127,0,482,-482
111900128,2,444,-442
111900129,12,5,7
111900130,22,2,20
111900131,15,0,15
111900132,10,1043,-1033
111900133,0,178,-178
111900134,32,350,-318
111900135,0,5,-5
111900136,20,30,-10
111900137,35,17,18
111900138,7,48,-41
111900139,31,144,-113
111900140,19,8,11
111900141,3,4,-1
111900142,28,13,15
111900143,1,344,-343
111900144,1,185,-184
111900145,5,825,-820
111900146,3,419,-416
111900147,115,586,-471
111900148,18,945,-927
111900149,17,450,-433
111900150,8,184,-176
111900151,0,26,-26
111900152,87,24,63
111900153,1101,36,1065
111900154,1,43,-42
111900155,3,33,-30
111900156,2,13,-11
111900157,5,5,0
111900158,42,4,38
111900159,43,1,42
111900160,31,0,31
111900161,16,2,14
111900162,50,28,22
111900163,37,123,-86
111900164,11,2,9
111901113,29,166,-137
111901114,26,374,-348
111901115,2,0,2
111901116,6,0,6
111901117,6,2,4
111901118,30,21,9
111901119,1363,70,1293
111901121,89,337,-248
111901122,4,647,-643
111901123,16,382,-366
111901124,33,0,33
111901125,38,26,12
111901127,847,107,740
111901128,10,128,-118
111901129,1,140,-139
111901130,6,307,-301
111901131,0,183,-183
111901132,14,0,14
111901133,4,5,-1
111901134,2,1,1
111901135,0,2,-2
111901136,13,11,2
111901137,0,5,-5
111901138,27,62,-35
111901139,18,44,-26
111901140,4,153,-149
111901141,2,205,-203
111901142,2,144,-142
111901143,1,65,-64
111901144,20,10,10
111901145,46,63,-17
111901146,80,1,79
112000001,555,402,153
112000002,521,2094,-1573
112000003,252,382,-130
112000004,270,1601,-1331
112000005,613,621,-8
112000006,927,1750,-823
112000007,579,535,44
112000008,936,1725,-789
112000009,2401,2778,-377
112000010,1069,1415,-346
112000011,1348,2112,-764
112000012,4767,850,3917
112000013,6521,2655,3866
112000014,1333,364,969
112000015,1711,1518,193
112000016,1810,789,1021
112000017,1047,986,61
112000024,1518,507,1011
112000026,3909,4588,-679
112000027,192,141,51
112000028,1174,1649,-475
112000029,188,216,-28
112000030,250,129,121
112000031,1489,1406,83
112000032,1151,73,1078
112000033,2280,414,1866
112000034,346,19,327
112000035,65,243,-178
112000036,317,331,-14
112000037,477,1160,-683
112000038,374,688,-314
112000039,8,50,-42
112000040,98,353,-255
112000041,212,454,-242
112000042,538,201,337
112000050,106,470,-364
112000051,229,314,-85
112000054,1174,1875,-701
112000057,558,241,317
112000058,446,347,99
112000059,650,261,389
112000061,6370,1141,5229
112000062,2906,258,2648
112000063,1182,325,857
112000064,5639,5364,275
112000065,2165,2830,-665
112000066,1246,429,817
112000067,377,656,-279
112000068,572,439,133
112000069,286,2838,-2552
112000070,489,213,276
112000071,384,3468,-3084
112000072,319,487,-168
112000073,551,1609,-1058
112000074,162,425,-263
112000075,286,388,-102
112000076,2025,2257,-232
112000077,187,690,-503
112000078,396,633,-237
112000079,732,1312,-580
112000080,195,825,-630
112000081,685,1345,-660
112000082,355,268,87
112000083,286,1425,-1139
112000084,390,275,115
112000085,351,1024,-673
112000086,468,793,-325
112000087,83,568,-485
112000088,103,527,-424
112000089,85,364,-279
112000090,83,341,-258
112000091,327,1245,-918
112000092,449,443,6
112000093,722,1120,-398
112000094,147,425,-278
112000095,241,748,-507
112000096,121,392,-271
112000097,144,256,-112
112000098,361,1717,-1356
112000099,147,181,-34
112000100,282,455,-173
112000101,172,999,-827
112000102,162,230,-68
112000103,83,1447,-1364
112000105,284,1840,-1556
112000106,244,215,29
112000107,3,54,-51
112000108,98,1409,-1311
112000109,4,20,-16
112000110,377,178,199
112000111,1032,5691,-4659
112000112,2010,258,1752
112000113,929,2847,-1918
112000114,832,500,332
112000115,66,538,-472
112000116,172,935,-763
112000117,143,420,-277
112000118,319,896,-577
112000119,183,932,-749
112000120,25,431,-406
112000121,50,535,-485
112000122,44,46,-2
112000123,51,56,-5
112000124,46,31,15
112000125,13,56,-43
112000126,55,566,-511
112000127,1819,519,1300
112000128,847,363,484
112000129,21,73,-52
112000130,23,30,-7
112000131,2,198,-196
112000132,28,308,-280
112000133,52,195,-143
112000134,122,396,-274
112000135,190,259,-69
112000136,400,1229,-829
112000137,382,528,-146
112000138,655,1359,-704
112000139,251,117,134
112000140,402,1096,-694
112000141,193,131,62
112000142,72,1060,-988
112000143,246,138,108
112000144,133,1751,-1618
112000145,607,437,170
112000146,487,2236,-1749
112000147,571,931,-360
112000148,917,1804,-887
112000149,42,268,-226
112000150,25,631,-606
112000151,74,284,-210
112000152,58,226,-168
112000153,69,120,-51
112000154,16,85,-69
112000155,84,29,55
112000157,246,188,58
112000158,69,463,-394
112000159,129,246,-117
112000167,77,6,71
112000169,151,202,-51
112000173,112,222,-110
112000175,53,265,-212
112000176,5055,1411,3644
112000177,91,37,54
112000178,47,434,-387
112000179,59,159,-100
112000180,73,252,-179
112000181,539,1516,-977
112000182,172,1826,-1654
112000183,19,75,-56
112000184,87,252,-165
112000185,103,520,-417
112000187,1185,1626,-441
112000195,7,3,4
112000196,50,0,50
112000197,48,56,-8
112000198,27,395,-368
112000199,343,999,-656
112000202,9,1,8
112000216,33,69,-36
112000230,14,3,11
112000231,1,468,-467
112000256,6,15,-9
112000313,90,209,-119
112000314,5,2,3
112000337,67,485,-418
112000352,66,97,-31
112000392,1286,696,590
112000398,328,365,-37
112000399,614,559,55
112000400,1384,3247,-1863
112000401,1464,2290,-826
112000402,612,847,-235
112000403,711,762,-51
112000404,160,252,-92
112000405,541,1022,-481
112000406,2157,2523,-366
112000407,1627,2532,-905
112000408,7224,5548,1676
112000409,938,3746,-2808
112000410,62,42,20
112000411,4489,344,4145
112000412,767,133,634
112000413,7622,631,6991
112000414,21,56,-35
112000415,21,15,6
112000416,565,639,-74
112000417,57,39,18
112000421,27,94,-67
112000422,108,356,-248
112000424,1500,618,882
112000425,202,993,-791
112000426,44,123,-79
112000427,0,6,-6
112000428,18,313,-295
112000429,887,2153,-1266
112000430,815,2366,-1551
112000431,9,17,-8
112000432,303,2055,-1752
112000433,622,330,292
112000437,13,347,-334
112900001,1,5,-4
112900002,45,1243,-1198
112900003,7,191,-184
112900004,17,359,-342
112900005,22,228,-206
112900006,3,496,-493
112900007,2,121,-119
112900008,0,5,-5
112900009,93,20,73
112900010,20,576,-556
112900011,227,189,38
112900012,0,46,-46
112900013,0,115,-115
112900014,0,275,-275
112900015,175,941,-766
112900016,0,153,-153
112900017,23,138,-115
112900018,0,335,-335
112900019,48,80,-32
112900020,438,1598,-1160
112900021,1,271,-270
112900022,4,49,-45
112900023,0,254,-254
112900024,6,170,-164
112900025,31,125,-94
112900026,5,200,-195
112900027,3,1189,-1186
112900028,25,109,-84
112900029,2,380,-378
112900030,178,188,-10
112900031,7,498,-491
112900032,60,195,-135
112900034,0,44,-44
112900035,1,461,-460
112900036,23,131,-108
112900037,54,38,16
112900038,108,137,-29
112900039,5,338,-333
112900040,8,294,-286
112900041,1016,276,740
112900042,15,409,-394
112900043,2,32,-30
112900044,359,271,88
112900045,418,211,207
112900046,231,40,191
112900047,9,6,3
112900049,3,82,-79
112900050,80,631,-551
112900051,222,804,-582
112900052,3,1057,-1054
112900053,197,98,99
112900054,240,11,229
112900055,126,3,123
112900056,62,49,13
112900057,1,788,-787
112900058,104,41,63
112900059,35,105,-70
112900060,2,252,-250
112900061,13,158,-145
112900062,18,141,-123
112900063,32,0,32
112900064,72,51,21
112900065,2,2,0
112900066,41,24,17
112900067,443,79,364
112900068,11,3,8
112900069,2406,175,2231
112900071,11,1,10
112900072,130,348,-218
112900073,124,14,110
112900074,8,21,-13
112900075,2042,122,1920
112900076,18,2,16
112900078,29,99,-70
112900079,31,4,27
112900080,2,0,2
112900081,14,53,-39
112900082,62,2,60
112900083,8,16,-8
112900084,19,19,0
112900086,3,0,3
112900087,140,24,116
112900088,2,2,0
112900089,163,6,157
112900090,1,5,-4
112900091,21,0,21
112900092,55,35,20
112900093,181,7,174
112900095,1,0,1
112900096,85,30,55
112900097,12,320,-308
112900098,0,0,0
112900099,93,3,90
112900100,2,0,2
112900101,29,0,29
112900102,59,1,58
112900103,41,0,41
112900104,2,1,1
112900105,0,0,0
112900106,118,38,80
112900107,1,0,1
112900108,0,0,0
112900109,7,0,7
112900110,81,0,81
112900111,125,2,123
112900112,33,0,33
112900113,0,8,-8
112900114,4,20,-16
112900115,114,0,114
112900116,18,17,1
112900117,79,93,-14
112900118,9,55,-46
112900119,9,0,9
112900120,519,102,417
112900121,154,101,53
112900122,3,123,-120
112900123,97,1,96
112900124,5,120,-115
112900125,43,148,-105
112900126,69,255,-186
112900127,75,4,71
112900128,309,558,-249
112900129,3,1030,-1027
112900130,40,29,11
112900131,44,233,-189
112900132,32,499,-467
112900133,9,1285,-1276
112900134,3,317,-314
112900135,25,8,17
112900137,1,899,-898
112900138,3,517,-514
112900139,110,1127,-1017
112900141,62,24,38
112900142,36,13,23
112900143,16,506,-490
112900144,3,367,-364
112900145,15,400,-385
112900146,5,1303,-1298
112900147,8,2477,-2469
112900148,12,2,10
112900149,112,405,-293
112900151,13,23,-10
112900152,4951,793,4158
112900153,654,232,422
112900154,0,41,-41
112900155,11,0,11
112900156,18,1829,-1811
112900157,25,112,-87
112900158,1,9,-8
112900159,49,22,27
112900160,7,227,-220
112900161,9,15,-6
112900162,15,1,14
112900163,41,5,36
112900164,7,38,-31
112900165,23,24,-1
112900166,12,6,6
112900167,8,12,-4
112900168,1,1,0
112900169,2,5,-3
112900170,7,32,-25
112900172,60,1,59
112900173,124,59,65
112900174,58,3,55
112900175,71,25,46
112900176,8,6,2
112900177,31,8,23
112900178,169,374,-205
112900179,28,557,-529
112900180,407,3057,-2650
112900181,75,3,72
112900182,16,1460,-1444
112900183,48,70,-22
112900184,181,197,-16
112900185,176,178,-2
112900186,1316,327,989
112900187,7,71,-64
112900188,641,178,463
112900189,0,16,-16
112900190,0,51,-51
112900192,155,74,81
112900193,394,101,293
112900194,6,117,-111
112900195,93,6,87
112900196,133,566,-433
112900197,56,423,-367
112900199,56,504,-448
112900200,82,167,-85
112900201,7,52,-45
112900202,41,870,-829
112900203,24,144,-120
112900204,320,191,129
112900205,0,11,-11
112900206,2,28,-26
112900207,0,0,0
112900208,30,25,5
112900209,156,315,-159
112900210,0,19,-19
112900211,12,35,-23
112900212,0,29,-29
112900213,3,15,-12
112900214,9,3,6
112900215,2,206,-204
112900216,13,16,-3
112900217,0,116,-116
112900218,0,4,-4
112900219,2,0,2
112900220,0,0,0
112900221,1,95,-94
112900222,0,8,-8
112900223,193,4,189
112900224,27,786,-759
112900225,52,664,-612
112900226,184,83,101
112900227,64,1486,-1422
112900228,4,13,-9
112900229,22,17,5
112900230,8391,1600,6791
112900232,110,49,61
112900233,8,236,-228
112900234,1,113,-112
112900235,9,2,7
112900236,19,21,-2
112900237,13,329,-316
112900238,2,44,-42
112900239,343,168,175
113000001,3068,2695,373
113000002,1962,1955,7
113000003,1304,865,439
113000004,1427,1118,309
113000005,650,640,10
113000006,424,721,-297
113000007,742,845,-103
113000008,554,1107,-553
113000009,311,569,-258
113000010,403,1008,-605
113000011,423,1754,-1331
113000012,355,269,86
113000013,330,208,122
113000014,864,770,94
113000015,166,108,58
113000016,153,209,-56
113000017,38,223,-185
113000018,36,27,9
113000019,20,202,-182
113000020,6,8,-2
113000021,174,501,-327
113000022,198,1122,-924
113000025,13,147,-134
113000026,41,257,-216
113000027,162,249,-87
113000028,590,314,276
113000029,579,296,283
113000030,596,521,75
113000031,405,186,219
113000032,168,107,61
113000033,267,207,60
113000034,497,237,260
113000035,13,22,-9
113000036,9,32,-23
113000037,25,29,-4
113000038,11,38,-27
113000039,35,295,-260
113000040,49,59,-10
113000042,430,264,166
113000051,397,964,-567
113000052,1811,821,990
113000053,113,597,-484
113000054,80,382,-302
113000055,293,715,-422
113000056,353,1391,-1038
113000058,517,808,-291
113000059,513,383,130
113000060,36,488,-452
113000061,571,939,-368
113000062,848,82,766
113000063,31,211,-180
113000064,9,293,-284
113000065,65,1165,-1100
113000066,96,66,30
113000067,449,654,-205
113000068,139,1832,-1693
113000069,150,1233,-1083
113000070,366,469,-103
113000071,91,642,-551
113000072,166,280,-114
113000073,373,1194,-821
113000074,482,122,360
113000075,1014,216,798
113000076,1076,1185,-109
113000077,912,291,621
113000078,691,1165,-474
113000079,896,505,391
113000080,536,294,242
113000081,534,550,-16
113000082,882,713,169
113000083,224,392,-168
113000084,804,954,-150
113000085,264,359,-95
113000086,427,772,-345
113000087,347,507,-160
113000088,1535,866,669
113000089,391,936,-545
113000090,78,164,-86
113000091,761,191,570
113000094,256,72,184
113000095,162,1151,-989
113000096,135,854,-719
113000097,192,155,37
113000098,51,34,17
113000099,602,102,500
113000100,109,366,-257
113000101,253,454,-201
113000102,159,101,58
113000103,1521,437,1084
113000104,188,1279,-1091
113000105,173,205,-32
113000106,140,507,-367
113000107,205,500,-295
113000108,532,1220,-688
113000109,285,1490,-1205
113000110,842,182,660
113000111,61,300,-239
113000112,153,214,-61
113000113,1791,165,1626
113000114,298,574,-276
113000116,468,210,258
113000117,583,160,423
113000118,63,198,-135
113000119,68,436,-368
113000120,18,175,-157
113000121,410,792,-382
113000124,46,107,-61
113000125,12,246,-234
113000127,3544,454,3090
113000128,307,410,-103
113000129,798,650,148
113000133,4208,659,3549
113000134,12,313,-301
113000135,1487,1023,464
113000137,1452,639,813
113000139,375,90,285
113000140,260,241,19
113000141,354,60,294
113000142,712,675,37
113000143,207,99,108
113000144,279,403,-124
113000145,61,111,-50
113000146,50,54,-4
113000147,58,115,-57
113000148,36,160,-124
113000149,53,109,-56
113000150,322,306,16
113000151,108,61,47
113000152,33,142,-109
113000153,1506,405,1101
113000154,430,527,-97
113000155,227,163,64
113000156,136,341,-205
113000157,248,723,-475
113000158,396,150,246
113000159,536,289,247
113000160,431,1104,-673
113000161,121,801,-680
113000162,419,224,195
113000163,31,31,0
113000164,12,71,-59
113000166,17,28,-11
113000167,27,224,-197
113000168,28,248,-220
113000169,77,27,50
113000170,26,22,4
113000171,53,104,-51
113000172,80,18,62
113000173,18,7,11
113000174,79,622,-543
113000175,125,33,92
113000176,98,31,67
113000177,55,418,-363
113000178,77,423,-346
113000179,45,28,17
113000180,270,908,-638
113000181,282,911,-629
113000182,136,137,-1
113000183,112,453,-341
113000184,18,83,-65
113000189,296,397,-101
113000190,1843,255,1588
113000192,1394,850,544
113000193,2061,560,1501
113000194,733,866,-133
113000195,711,308,403
113000196,48,48,0
113000197,343,462,-119
113000198,25,184,-159
113000199,454,315,139
113000201,64,99,-35
113000202,2597,583,2014
113000203,52,27,25
113000204,640,971,-331
113000205,8,20,-12
113000206,6,22,-16
113000207,25,8,17
113000208,17,34,-17
113000209,6,30,-24
113000210,7,12,-5
113000211,191,107,84
113000212,249,16,233
113000213,6,41,-35
113000214,25,158,-133
113000234,84,1507,-1423
113000410,15,40,-25
113000411,2140,3150,-1010
113000412,9661,1292,8369
113000413,4805,1577,3228
113000414,11997,5647,6350
113000415,2265,1582,683
113000416,8985,2298,6687
113000417,2705,1879,826
113000418,2284,1808,476
113000419,1441,1165,276
113000420,3375,1956,1419
113000421,2388,2296,92
113000422,19043,3622,15421
113000423,3170,2128,1042
113000424,4406,3343,1063
113000425,7,34,-27
113000428,12,4,8
113000430,3,5,-2
113000432,372,42,330
113000433,100,838,-738
113000434,11,442,-431
113000435,8,1044,-1036
113000436,60,1416,-1356
113000437,48,0,48
113000438,44,8,36
113000439,13,203,-190
113000440,30,15,15
113000441,39,157,-118
113000442,46,442,-396
113000443,31,164,-133
113000444,36,418,-382
113000445,24,94,-70
113000446,8,110,-102
113000448,197,79,118
113000449,158,215,-57
113000450,422,432,-10
113000451,1319,77,1242
113000452,129,130,-1
113000453,131,195,-64
113000454,174,16,158
113000455,65,115,-50
113000456,2558,1430,1128
113000468,2399,264,2135
113000469,182,80,102
113000470,397,53,344
113000471,6,170,-164
113000472,30,190,-160
113000474,116,587,-471
113000475,613,1297,-684
113000476,416,1681,-1265
113000477,983,1936,-953
113000478,2046,4327,-2281
113000479,8,246,-238
113000480,45,58,-13
113000484,0,0,0
113000485,0,0,0
113000486,0,0,0
113000487,0,0,0
113000488,0,0,0
113000489,0,0,0
113000490,0,0,0
113000491,0,0,0
113000492,0,0,0
113000493,0,0,0
113000495,137,241,-104
113000496,46,56,-10
113000499,0,0,0
113900001,0,20,-20
113900002,0,24,-24
113900003,0,13,-13
113900004,0,6,-6
113900005,0,3,-3
113900006,0,1,-1
113900007,2,3,-1
113900008,0,0,0
113900009,0,0,0
113900010,3,0,3
113900011,1,0,1
113900012,1,0,1
113900013,41,0,41
113900014,194,2,192
113900015,0,59,-59
113900016,8,0,8
113900017,0,35,-35
113900018,307,28,279
113900019,6,40,-34
113900020,23,0,23
113900022,1,1,0
113900023,7,0,7
113900024,11,59,-48
113900025,233,11,222
113900026,21,0,21
113900027,5,47,-42
113900028,10,289,-279
113900029,2,246,-244
113900030,34,3,31
113900031,0,0,0
113900032,2,0,2
113900033,38,64,-26
113900035,12,0,12
113900036,5,68,-63
113900037,13,403,-390
113900038,49,21,28
113900039,15,3,12
113900040,0,4,-4
113900041,0,1,-1
113900042,9,22,-13
113900043,125,67,58
113900044,43,12,31
113900045,7,2,5
113900046,249,707,-458
113900047,9,101,-92
113900048,296,18,278
113900049,802,71,731
113900050,109,306,-197
113900051,62,355,-293
113900052,80,64,16
113900053,170,20,150
113900054,1,0,1
113900055,58,709,-651
113900056,11,75,-64
113900057,9,87,-78
113900058,21,171,-150
113900059,46,368,-322
113900060,86,214,-128
113900061,566,18,548
113900062,25,3,22
113900063,9,140,-131
113900064,18,147,-129
113900065,100,5,95
113900066,61,434,-373
113900067,5,356,-351
113900068,164,153,11
113900069,46,13,33
113900070,74,485,-411
113900071,11,56,-45
113900072,13,115,-102
113900073,87,384,-297
113900074,15,385,-370
113900075,348,254,94
113900076,50,4,46
113900077,9,311,-302
113900078,25,47,-22
113900079,0,41,-41
113900080,138,78,60
113900081,15,226,-211
113900082,45,170,-125
113900083,37,661,-624
113900084,97,31,66
113900085,15,419,-404
113900086,6,7,-1
113900087,6,165,-159
113900088,1,15,-14
113900089,125,19,106
113900090,210,129,81
113900091,12,15,-3
113900092,18,48,-30
113900093,31,266,-235
113900094,28,427,-399
113900095,36,31,5
113900096,41,14,27
113900097,1,111,-110
113900098,136,25,111
113900099,1,58,-57
113900100,2,0,2
113900101,7,31,-24
113900102,46,40,6
113900103,110,131,-21
113900104,29,70,-41
113900105,6,352,-346
113900106,0,85,-85
113900107,0,20,-20
113900108,88,130,-42
113900109,235,81,154
113900110,8,14,-6
113900111,25,93,-68
113900112,12,89,-77
113900113,269,169,100
113900114,1,131,-130
113900115,1,90,-89
113900116,41,43,-2
113900117,23,9,14
113900118,59,108,-49
113900119,284,129,155
113900120,9,25,-16
113900121,9,64,-55
113900122,127,308,-181
113900123,160,67,93
113900124,0,102,-102
113900125,1132,102,1030
113900126,41,18,23
113900127,107,210,-103
113900128,32,35,-3
113900129,8,51,-43
113900130,0,9,-9
113900131,31,33,-2
113900132,26,31,-5
113900133,6,17,-11
113900135,123,366,-243
113900136,39,61,-22
113900137,120,76,44
113900138,25,41,-16
113900139,562,54,508
113900140,339,81,258
113900141,72,339,-267
113900142,35,55,-20
113900143,9,11,-2
113900144,225,59,166
113900145,79,130,-51
113900146,18,33,-15
113900148,85,134,-49
113900149,45,26,19
113900150,1528,471,1057
113900151,64,134,-70
113900152,10,39,-29
113900153,660,335,325
113900154,1,91,-90
113900155,203,40,163
113900156,145,681,-536
113900157,9,150,-141
113900158,443,95,348
113900159,2,85,-83
113900160,157,783,-626
113900161,5,110,-105
113900162,596,310,286
113900163,138,123,15
113900164,82,13,69
113900165,390,485,-95
113900166,156,46,110
113900167,88,32,56
113900168,65,107,-42
113900169,100,383,-283
113900171,29,14,15
113900172,5,255,-250
113900173,62,597,-535
113900174,136,781,-645
113900175,88,23,65
113900176,70,756,-686
113900177,109,100,9
113900178,68,36,32
113900179,12,666,-654
113900180,92,110,-18
113900181,94,29,65
113900182,91,722,-631
113900183,23,61,-38
113900184,14,517,-503
113900185,75,91,-16
113900186,22,30,-8
113900187,9,170,-161
113900188,16,116,-100
113900189,45,29,16
113900190,277,92,185
113900191,54,197,-143
113900192,35,202,-167
113900193,18,253,-235
113900194,1788,778,1010
113900195,232,395,-163
113900196,2,106,-104
113900197,3,342,-339
113900198,4,75,-71
113900199,163,673,-510
113900200,10,211,-201
113900201,1,294,-293
113900202,22,165,-143
113900203,0,284,-284
113900204,21,610,-589
113900205,26,51,-25
113900206,4,63,-59
113900207,0,43,-43
113900208,0,50,-50
113900209,0,81,-81
113900210,371,213,158
113900211,50,5,45
113900212,30,566,-536
113900214,469,229,240
113900215,13,83,-70
113900216,7,1167,-1160
113900217,41,334,-293
113900218,30,10,20
113900219,60,434,-374
113900220,29,31,-2
113900221,106,79,27
113900222,141,104,37
113900223,17,1199,-1182
113900224,90,38,52
113900225,592,125,467
113900226,133,100,33
113900227,123,77,46
113900228,291,217,74
113900229,9,327,-318
113900230,3627,639,2988
113900231,51,145,-94
113900232,29,103,-74
113900233,7,40,-33
113900234,89,175,-86
113900235,13,10,3
113900236,8,274,-266
113900237,21,5,16
113900238,99,214,-115
113900239,19,19,0
113900240,2,34,-32
113900241,71,38,33
113900242,34,116,-82
113900243,83,275,-192
113900244,497,99,398
113900245,1459,203,1256
113900246,14,4,10
113900247,127,133,-6
113900248,3534,464,3070
113900249,807,105,702
113900250,24,31,-7
113900251,119,199,-80
113900252,197,4,193
113900253,141,15,126
113900254,85,44,41
113900255,61,4,57
113900256,57,10,47
113900257,39,767,-728
113900258,15,567,-552
113900259,89,243,-154
113900260,29,5,24
113900261,3,129,-126
113900262,38,738,-700
113900263,45,409,-364
113900264,8,668,-660
113900265,61,371,-310
113900266,11,295,-284
113900267,51,385,-334
113900268,96,134,-38
113900269,14,73,-59
113900270,117,196,-79
113900271,189,1320,-1131
113900273,6,1,5
113900274,1,2,-1
113900275,7,33,-26
113900276,6,272,-266
113900277,15,0,15
113900278,274,147,127
113900279,80,79,1
113900280,627,376,251
113900281,181,738,-557
113900282,616,193,423
113900283,147,255,-108
113900284,162,84,78
113900285,47,18,29
113900286,7,136,-129
113900287,4,21,-17
113900288,0,47,-47
113900289,1498,31,1467
113900290,479,28,451
113900291,99,209,-110
113900292,3,4,-1
113900293,1,179,-178
113900294,68,14,54
113900295,242,176,66
113900296,2288,239,2049
113900297,118,13,105
113900298,12,1216,-1204
113900299,9,174,-165
113900300,6359,993,5366
113900301,405,93,312
113900302,1585,314,1271
113900303,435,45,390
113900304,2,179,-177
113900305,17,0,17
113900306,1,0,1
113900307,60,0,60
113900308,36,82,-46
113900309,5,856,-851
113900310,0,19,-19
113900311,0,0,0
113900312,25,53,-28
113900313,31,4,27
114000001,714,2619,-1905
114000002,65,412,-347
114000003,28,209,-181
114000004,136,473,-337
114000005,108,215,-107
114000006,1583,2004,-421
114000007,333,1372,-1039
114000008,982,692,290
114000009,103,103,0
114000011,1337,2378,-1041
114000012,604,2186,-1582
114000013,465,1740,-1275
114000014,195,313,-118
114000015,567,456,111
114000016,112,337,-225
114000017,62,109,-47
114000018,325,85,240
114000026,321,1390,-1069
114000027,653,1400,-747
114000028,743,1110,-367
114000038,53,121,-68
114000039,33,136,-103
114000040,49,105,-56
114000042,48,158,-110
114000043,5,217,-212
114000044,35,37,-2
114000045,17,112,-95
114000046,1349,4505,-3156
114000047,5,50,-45
114000048,16,29,-13
114000049,759,647,112
114000050,496,552,-56
114000051,1755,988,767
114000052,1497,530,967
114000053,11,320,-309
114000054,31,1265,-1234
114000055,77,8,69
114000056,485,388,97
114000057,7748,1912,5836
114000058,313,265,48
114000059,172,113,59
114000060,163,619,-456
114000061,1842,531,1311
114000062,952,275,677
114000063,2070,1256,814
114000064,7123,1830,5293
114000065,1059,1449,-390
114000066,89,365,-276
114000067,7,77,-70
114000068,272,290,-18
114000069,305,381,-76
114000070,1085,461,624
114000071,218,829,-611
114000072,68,416,-348
114000073,4,52,-48
114000074,6,6,0
114000075,3,100,-97
114000076,3,69,-66
114000077,2,21,-19
114000078,58,1574,-1516
114000079,34,22,12
114000080,15,35,-20
114000081,1,1,0
114000082,61,602,-541
114000083,13,355,-342
114000084,31,57,-26
114000085,69,924,-855
114000086,69,837,-768
114000087,27,349,-322
114000088,9,26,-17
114000089,1251,292,959
114000090,87,86,1
114000091,574,221,353
114000092,359,208,151
114000093,318,447,-129
114000094,146,226,-80
114000095,32,29,3
114000096,30,594,-564
114000097,38,1027,-989
114000098,55,20,35
114000099,79,1204,-1125
114000100,234,557,-323
114000101,197,1398,-1201
114000102,35,111,-76
114000103,42,451,-409
114000104,0,226,-226
114000105,9,70,-61
114000106,906,252,654
114000107,40,105,-65
114000108,2040,1060,980
114000109,35,114,-79
114000110,286,1356,-1070
114000111,171,122,49
114000112,122,1412,-1290
114000113,154,143,11
114000114,856,1353,-497
114000115,327,158,169
114000116,103,234,-131
114000117,299,128,171
114000118,284,137,147
114000119,231,113,118
114000120,380,875,-495
114000121,255,407,-152
114000122,187,193,-6
114000123,169,80,89
114000124,64,125,-61
114000125,479,1455,-976
114000126,248,73,175
114000127,25,66,-41
114000128,119,252,-133
114000130,50,62,-12
114000131,34,22,12
114000132,335,760,-425
114000133,564,1140,-576
114000134,24,252,-228
114000138,24,184,-160
114000139,60,90,-30
114000144,229,161,68
114000145,32,166,-134
114000146,39,246,-207
114000147,507,443,64
114000148,1183,230,953
114000149,30,26,4
114000150,532,369,163
114000151,594,356,238
114000152,25,16,9
114000153,472,830,-358
114000154,397,370,27
114000155,465,751,-286
114000156,204,194,10
114000157,100,389,-289
114000158,2659,542,2117
114000159,191,301,-110
114000160,64,229,-165
114000161,530,432,98
114000162,304,284,20
114000163,5,230,-225
114000165,105,82,23
114000166,147,55,92
114000167,3167,756,2411
114000168,507,541,-34
114000169,473,221,252
114000170,252,169,83
114000171,189,256,-67
114000174,90,351,-261
114000176,269,288,-19
114000177,1855,525,1330
114000178,9,42,-33
114000179,367,96,271
114000180,168,443,-275
114000181,696,1132,-436
114000182,4228,1476,2752
114000183,799,817,-18
114000184,6136,1470,4666
114000185,189,213,-24
114000189,51,23,28
114000190,364,61,303
114000191,9,19,-10
114000192,219,1442,-1223
114000193,852,3450,-2598
114000194,620,1000,-380
114000195,20,4,16
114000196,3,283,-280
114000197,182,6,176
114000198,952,360,592
114000199,1392,660,732
114000200,320,2393,-2073
114000201,57,967,-910
114000202,504,715,-211
114000203,146,674,-528
114000204,69,409,-340
114000205,128,1300,-1172
114000206,214,1062,-848
114000207,431,2154,-1723
114000208,264,2914,-2650
114000209,370,3158,-2788
114000210,225,1705,-1480
114000211,369,990,-621
114000212,337,542,-205
114000213,350,391,-41
114000214,29,170,-141
114000215,23,34,-11
114000216,136,40,96
114000217,17,221,-204
114000218,35,236,-201
114000219,202,308,-106
114000220,8,1248,-1240
114000221,120,59,61
114000222,97,1044,-947
114000223,87,12,75
114000224,84,681,-597
114000225,63,429,-366
114000226,27,224,-197
114000227,175,303,-128
114000228,214,712,-498
114000229,305,1075,-770
114000230,588,1123,-535
114000231,290,939,-649
114000232,115,64,51
114000233,424,45,379
114000234,327,766,-439
114000235,367,1208,-841
114000236,1,610,-609
114000237,62,1077,-1015
114000238,14,67,-53
114000239,98,1381,-1283
114000240,291,487,-196
114000241,143,863,-720
114000242,619,749,-130
114000243,334,381,-47
114000244,70,68,2
114000245,161,606,-445
114000246,82,32,50
114000247,179,524,-345
114000248,212,266,-54
114000249,171,305,-134
114000250,42,399,-357
114000251,46,344,-298
114000252,42,133,-91
114000253,2,65,-63
114000254,5,115,-110
114000255,305,110,195
114000256,767,230,537
114000257,405,1817,-1412
114000258,53,480,-427
114000259,16,268,-252
114000260,0,20,-20
114000261,4,1,3
114000262,33,247,-214
114000263,0,0,0
114000264,220,817,-597
114000265,0,4,-4
114000267,6,656,-650
114000268,5,1840,-1835
114000270,8,1,7
114000271,141,66,75
114000283,148,344,-196
114000285,28,291,-263
114000288,5,419,-414
114000289,409,63,346
114000293,42,260,-218
114000294,43,144,-101
114000395,103,21,82
114000396,81,118,-37
114000402,94,324,-230
114000403,105,450,-345
114000405,53,636,-583
114000423,25,542,-517
114000424,51,252,-201
114000425,88,688,-600
114000426,39,70,-31
114000427,26,97,-71
114000428,135,62,73
114000429,4,192,-188
114000432,39,113,-74
114000434,28,105,-77
114000435,2,174,-172
114900001,113,1268,-1155
114900002,198,23,175
114900003,71,1768,-1697
114900004,34,36,-2
114900005,96,715,-619
114900006,12,6,6
114900007,12,1,11
114900008,23,39,-16
114900010,2400,658,1742
114900011,11,43,-32
114900013,43,57,-14
114900015,13,64,-51
114900018,271,18,253
114900020,23,44,-21
114900022,0,377,-377
114900024,45,93,-48
114900025,76,197,-121
114900026,23,31,-8
114900027,44,142,-98
114900029,8,15,-7
114900030,47,167,-120
114900031,29,12,17
114900032,36,14,22
114900033,1044,172,872
114900034,51,321,-270
114900035,100,207,-107
114900036,84,1364,-1280
114900037,35,181,-146
114900038,90,1444,-1354
114900039,180,969,-789
114900040,13,193,-180
114900041,123,932,-809
114900042,165,1081,-916
114900043,784,197,587
114900044,29,8,21
114900046,17,138,-121
114900047,94,574,-480
114900048,26,173,-147
114900049,2,241,-239
114900050,12,517,-505
114900051,9,585,-576
114900052,79,132,-53
114900053,66,154,-88
114900054,39,121,-82
114900057,41,1,40
114900058,0,97,-97
114900059,11,12,-1
114900060,823,228,595
114900061,58,266,-208
114900062,148,196,-48
114900063,21,251,-230
114900064,240,753,-513
114900065,102,458,-356
114900067,3,210,-207
114900068,57,193,-136
114900069,97,135,-38
114900070,121,545,-424
114900072,10,200,-190
114900073,3,169,-166
114900074,51,768,-717
114900075,33,0,33
114900076,3,372,-369
114900080,2324,209,2115
114900082,2546,716,1830
114900083,156,369,-213
114900090,66,75,-9
114900091,37,105,-68
114900095,304,92,212
114900096,328,393,-65
114900097,33,2,31
114900098,0,139,-139
114900099,25,1,24
115000001,8368,6350,2018
115000002,1493,1154,339
115000003,2828,4478,-1650
115000004,757,1927,-1170
115000005,793,2758,-1965
115000006,174,660,-486
115000007,17,84,-67
115000008,196,142,54
115000009,63,268,-205
115000010,111,45,66
115000013,51,70,-19
115000015,86,93,-7
115000016,278,158,120
115000019,2,156,-154
115000020,133,76,57
115000021,215,289,-74
115000022,319,294,25
115000023,49,94,-45
115000024,927,450,477
115000025,158,134,24
115000026,85,306,-221
115000027,21,63,-42
115000028,89,517,-428
115000029,28,37,-9
115000030,126,591,-465
115000031,199,76,123
115000032,4,197,-193
115000033,8,1,7
115000034,83,671,-588
115000035,120,4,116
115000036,2,343,-341
115000037,14,0,14
115000038,35,83,-48
115000039,1548,1045,503
115000040,4452,1277,3175
115000041,333,1155,-822
115000042,277,364,-87
115000043,1759,1458,301
115000044,2991,3871,-880
115000045,1070,2358,-1288
115000046,486,1318,-832
115000047,597,1060,-463
115000048,758,2983,-2225
115000049,931,2406,-1475
115000050,1242,812,430
115000051,1290,695,595
115000052,3364,1452,1912
115000053,643,569,74
115000054,694,995,-301
115000055,19,355,-336
115000056,17,78,-61
115000057,132,303,-171
115000058,55,75,-20
115000059,17,133,-116
115000061,8,19,-11
115000062,25,275,-250
115000063,49,336,-287
115000064,20,21,-1
115000065,6,105,-99
115000067,0,0,0
115000069,10,169,-159
115000070,11,238,-227
115000071,11,0,11
115000072,43,28,15
115000073,286,16,270
115000075,7,33,-26
115000076,2129,2799,-670
115000077,559,3919,-3360
115000078,194,1830,-1636
115000079,450,1971,-1521
115000080,533,2261,-1728
115000081,182,775,-593
115000082,1210,1800,-590
115000083,860,3311,-2451
115000084,265,580,-315
115000085,253,850,-597
115000086,167,587,-420
115000087,330,1066,-736
115000088,587,286,301
115000089,1240,1325,-85
115000090,577,94,483
115000091,240,1031,-791
115000092,118,221,-103
115000093,40,1,39
115000094,5833,2143,3690
115000095,5091,2365,2726
115000096,193,1859,-1666
115000097,171,584,-413
115000098,190,722,-532
115000099,425,2466,-2041
115000100,130,294,-164
115000101,252,1471,-1219
115000102,134,107,27
115000103,259,883,-624
115000105,33,150,-117
115000106,79,129,-50
115000107,61,593,-532
115000108,3354,2586,768
115000109,3867,747,3120
115000110,660,409,251
115000111,347,785,-438
115000112,294,312,-18
115000113,344,453,-109
115000114,949,421,528
115000116,2176,697,1479
115000117,2464,797,1667
115000118,591,832,-241
115000119,652,815,-163
115000120,273,356,-83
115000121,1178,452,726
115000122,2261,449,1812
115000123,1319,535,784
115000124,314,380,-66
115000125,176,449,-273
115000126,85,193,-108
115000127,141,100,41
115000128,861,408,453
115000129,58,98,-40
115000130,126,848,-722
115000131,82,157,-75
115000132,37,457,-420
115000133,123,246,-123
115000134,115,203,-88
115000135,21,154,-133
115000136,48,126,-78
115000137,34,181,-147
115000138,37,104,-67
115000139,112,286,-174
115000140,63,85,-22
115000141,96,265,-169
115000142,53,320,-267
115000143,79,237,-158
115000144,111,25,86
115000145,56,558,-502
115000146,51,147,-96
115000147,89,557,-468
115000148,178,1322,-1144
115000149,185,124,61
115000150,370,1314,-944
115000151,167,267,-100
115000152,242,1853,-1611
115000153,124,220,-96
115000154,169,212,-43
115000155,241,1178,-937
115000156,322,295,27
115000157,489,614,-125
115000158,345,182,163
115000159,331,208,123
115000160,437,271,166
115000161,384,381,3
115000162,253,158,95
115000163,498,416,82
115000164,319,401,-82
115000165,130,143,-13
115000167,13,25,-12
115000168,118,99,19
115000169,259,360,-101
115000170,68,133,-65
115000171,59,51,8
115000172,1618,414,1204
115000173,49,62,-13
115000174,12,47,-35
115000175,26,51,-25
115000176,10,15,-5
115000177,7,38,-31
115000178,4,268,-264
115000179,5,12,-7
115000180,31,656,-625
115000181,93,75,18
115000182,121,198,-77
115000183,65,863,-798
115000186,129,134,-5
115000187,40,639,-599
115000188,102,156,-54
115000189,127,354,-227
115000190,187,110,77
115000191,151,230,-79
115000194,91,73,18
115000195,89,31,58
115000196,11,57,-46
115000197,59,509,-450
115000198,35,102,-67
115000199,82,437,-355
115000200,50,34,16
115000201,30,401,-371
115000206,15,6,9
115000207,13,294,-281
115000208,496,622,-126
115000209,97,86,11
115000210,14,57,-43
115000211,115,169,-54
115000212,857,242,615
115000224,27,11,16
115000225,29,10,19
115000229,103,49,54
115000230,12,227,-215
115000231,202,2424,-2222
115000232,258,336,-78
115000233,46,278,-232
115000234,1,178,-177
115000241,8,117,-109
115000242,24,154,-130
115000243,5,126,-121
115000244,2,66,-64
115000246,6,4,2
115000247,3,2,1
115000248,6,2,4
115000249,9,4,5
115000250,50,31,19
115000251,13,52,-39
115000252,0,82,-82
115000253,0,60,-60
115000258,39,62,-23
115000259,132,52,80
115000261,0,1,-1
115000262,0,9,-9
115000263,2,13,-11
115000264,4,2,2
115000267,14,19,-5
115000268,22,83,-61
115000269,11,26,-15
115000270,0,4,-4
115000272,8,67,-59
115000273,46,8,38
115000280,560,15,545
115000281,639,50,589
115000282,536,126,410
115000284,124,14,110
115000296,56,0,56
115000297,17,5,12
115000298,77,35,42
115000300,18,214,-196
115000302,27,50,-23
115000303,36,46,-10
115000304,63,11,52
115000305,24,1353,-1329
115000306,40,705,-665
115000307,26,315,-289
115000308,91,17,74
115000309,9,8,1
115000310,311,1135,-824
115000311,86,883,-797
115000313,85,772,-687
115000314,7,9,-2
115000315,1067,214,853
115000316,14,13,1
115000317,54,551,-497
115000318,157,112,45
115000319,19,316,-297
115000320,5,65,-60
115000321,41,0,41
115000322,10,246,-236
115000449,132,43,89
115000557,0,112,-112
115000558,9,20,-11
115000587,101,202,-101
115000588,1481,3839,-2358
115000589,1343,1174,169
115000590,358,1421,-1063
115000591,228,208,20
115000592,366,1184,-818
115000593,313,143,170
115000594,605,995,-390
115000609,60,84,-24
115000617,332,398,-66
115000624,23,76,-53
115000633,91,1150,-1059
115000634,975,373,602
115000635,56,42,14
115000638,915,277,638
115000641,46,97,-51
115000642,118,120,-2
115000643,31,368,-337
115000644,64,309,-245
115000646,378,570,-192
115000647,63,292,-229
115000648,287,1261,-974
115000893,699,129,570
115000894,49,987,-938
115000895,112,708,-596
115000896,205,108,97
115000897,75,10,65
115000898,267,34,233
115000899,1002,459,543
115000900,10,251,-241
115000901,49,50,-1
115000912,9,10,-1
115000913,6,52,-46
115000915,2,0,2
115000916,1,0,1
115000917,0,0,0
115000918,0,0,0
115000919,0,0,0
115000920,5,12,-7
115000921,1461,31,1430
115000922,142,46,96
115000923,261,448,-187
115000925,27,28,-1
115000927,8,25,-17
115000933,198,62,136
115000934,18,118,-100
115000935,11,77,-66
115000936,0,0,0
115000937,769,67,702
115000938,29,52,-23
115000939,29,48,-19
115900001,7,100,-93
115900002,55,187,-132
115900003,37,83,-46
115900004,1,20,-19
115900005,12,2,10
115900006,30,304,-274
115900008,5,10,-5
115900009,32,198,-166
115900010,36,115,-79
115900011,61,223,-162
115900012,0,53,-53
115900013,162,74,88
115900014,76,166,-90
115900015,4,64,-60
115900016,20,15,5
115900017,0,1,-1
115900018,141,54,87
115900019,315,32,283
115900020,2,0,2
115900021,1381,52,1329
115900022,1730,6,1724
115900023,0,0,0
115900025,63,84,-21
115900026,1019,331,688
115900027,1,440,-439
115900028,405,45,360
115900029,4,500,-496
115900030,15,3,12
115900031,133,37,96
115900032,210,518,-308
115900033,0,50,-50
115900034,7,470,-463
115900035,15,50,-35
115900036,133,116,17
115900037,4,493,-489
115900038,0,3,-3
115900039,30,368,-338
115900041,75,117,-42
115900042,0,0,0
115900043,12,139,-127
115900044,98,82,16
115900046,46,221,-175
115900047,8,6,2
115900049,28,180,-152
115900051,0,40,-40
115900052,8,362,-354
115900053,20,255,-235
115900054,13,34,-21
115900055,1,197,-196
115900056,39,411,-372
115900057,1,0,1
115900058,39,78,-39
115900060,49,132,-83
115900061,8,0,8
115900062,3,226,-223
115900063,23,11,12
115900064,127,113,14
115900065,12,127,-115
115900066,124,123,1
115900067,2,748,-746
115900068,4111,40,4071
115900069,73,103,-30
115900070,44,280,-236
115900071,2,696,-694
115900072,78,202,-124
115900073,4,13,-9
115900074,3,426,-423
115900075,23,366,-343
115900076,1,64,-63
115900077,0,324,-324
115900078,16,150,-134
115900079,30,11,19
115900080,203,101,102
115900081,6,85,-79
115900082,74,149,-75
115900084,32,16,16
115900085,46,25,21
115900086,1437,314,1123
115900088,5,6,-1
115900089,46,794,-748
115900090,40,7,33
115900091,0,8,-8
115900092,3,215,-212
115900093,0,20,-20
115900094,2,500,-498
115900096,0,15,-15
115900097,11,578,-567
115900098,35,420,-385
115900099,1,74,-73
115900100,2,536,-534
115900101,33,369,-336
115900102,2,37,-35
115900103,70,184,-114
115900104,6,97,-91
115900105,30,542,-512
115900106,4,12,-8
115900107,3,182,-179
115900108,17,13,4
115900109,32,394,-362
115900110,0,8,-8
115900111,2,162,-160
115900112,37,782,-745
115900113,6,3,3
115900114,2,219,-217
115900115,13,81,-68
115900116,41,1143,-1102
115900117,3,4,-1
115900118,4,406,-402
115900119,5,52,-47
115900120,3,364,-361
115900121,40,236,-196
115900124,53,187,-134
115900125,95,10,85
115900126,196,25,171
115900127,223,13,210
115900128,7,46,-39
115900129,189,15,174
115900130,33,106,-73
115900131,36,5,31
115900132,36,14,22
115900134,49,8,41
115900135,358,246,112
115900137,3,1,2
115900139,68,29,39
115900140,22,17,5
115900141,7,19,-12
115900142,4,7,-3
115900143,28,126,-98
115900144,9,139,-130
115900146,0,117,-117
115900147,78,99,-21
115900148,1,2,-1
115900149,8,35,-27
115900150,4,63,-59
115900151,5,27,-22
115900152,9,395,-386
115900153,9,217,-208
115900154,426,184,242
115900155,0,58,-58
115900156,296,506,-210
115900157,20,230,-210
115900158,12,0,12
115900159,5,177,-172
115900160,1,1,0
115900161,2,96,-94
115900163,40,72,-32
115900164,22,35,-13
115900165,2,54,-52
115900166,76,201,-125
115900168,2,136,-134
115900171,24,245,-221
115900172,17,107,-90
115900173,68,102,-34
115900174,173,146,27
115900175,28,84,-56
115900178,6,658,-652
115900179,40,14,26
115900180,21,254,-233
115900181,28,252,-224
115900182,85,249,-164
115900183,45,6,39
115900184,442,4,438
115900187,4,71,-67
115900189,0,40,-40
115900190,364,200,164
115900191,71,469,-398
115900192,2,57,-55
115900193,36,21,15
115900194,168,10,158
115900195,259,273,-14
115900198,89,194,-105
115900199,58,251,-193
115900200,140,252,-112
115900201,111,223,-112
115900202,1,0,1
115900203,2,0,2
115900204,0,1,-1
115900205,14,3,11
115900206,13,119,-106
115900207,1,2,-1
115900208,17,270,-253
115900209,2,124,-122
115900210,1,143,-142
115900211,1,170,-169
115900212,18,195,-177
115900213,4,7,-3
115900214,63,242,-179
115900215,6,11,-5
115900216,4,130,-126
115900217,1,98,-97
115900218,0,74,-74
115900219,6,2,4
115900220,10,4,6
115900221,3,2,1
115900222,6,2,4
115900223,2,14,-12
115900224,696,49,647
115900225,66,8,58
115900226,7,29,-22
115900227,3,9,-6
115900228,0,20,-20
115900229,11,12,-1
115900230,29,40,-11
115900231,20,1,19
115900232,3,0,3
115900233,5,11,-6
115900234,9,9,0
115900235,0,7,-7
115900236,4,8,-4
115900237,1,65,-64
115900238,5,19,-14
115900239,1,37,-36
115900240,1,92,-91
115900241,13,52,-39
115900242,48,31,17
115900243,4,6,-2
115900244,1,11,-10
115900245,7,12,-5
115900246,2,1,1
115900247,5,0,5
115900248,4,0,4
115900249,1,0,1
115900250,2,1,1
115900251,0,1,-1
115900252,1,0,1
115900253,3,5,-2
115900254,19,7,12
115900255,1,16,-15
115900256,10,14,-4
115900257,1,3,-2
115900258,0,4,-4
115900259,1,0,1
115900260,8,0,8
115900261,1,0,1
115900262,0,0,0
115900263,1,2,-1
115900264,0,2,-2
115900265,2,1,1
115900266,0,1,-1
115900267,0,0,0
115900268,2,2,0
115900269,48,291,-243
115900270,56,692,-636
115900271,10,0,10
115900272,0,1,-1
115900273,3,3,0
115900274,0,26,-26
115900275,0,51,-51
115900276,0,104,-104
115900277,1,228,-227
115900278,8,53,-45
115900279,3,82,-79
115900280,7,63,-56
115900281,297,43,254
115900282,8,7,1
115900283,0,3,-3
115900284,2,3,-1
116000001,20052,3774,16278
116000002,1844,1871,-27
116000003,1127,1751,-624
116000004,592,820,-228
116000005,1230,2079,-849
116000006,619,599,20
116000007,2413,3587,-1174
116000008,1782,920,862
116000009,1018,2317,-1299
116000010,504,460,44
116000011,371,1311,-940
116000012,288,343,-55
116000013,15653,3225,12428
116000014,20217,2685,17532
116000015,379,371,8
116000016,6930,725,6205
116000017,25,282,-257
116000018,510,355,155
116000019,125,186,-61
116000020,190,1077,-887
116000021,73,131,-58
116000022,102,261,-159
116000023,253,237,16
116000024,358,1262,-904
116000025,221,331,-110
116000026,804,1882,-1078
116000027,385,345,40
116000028,109,149,-40
116000029,745,386,359
116000030,47,55,-8
116000031,125,154,-29
116000032,33,304,-271
116000033,33,210,-177
116000034,64,379,-315
116000035,61,479,-418
116000036,846,189,657
116000037,146,99,47
116000038,110,59,51
116000039,387,235,152
116000040,279,48,231
116000041,90,499,-409
116000042,124,70,54
116000043,32,407,-375
116000044,6,34,-28
116000045,251,253,-2
116000046,671,524,147
116000047,1147,1230,-83
116000048,536,648,-112
116000049,276,718,-442
116000050,695,989,-294
116000051,561,577,-16
116000052,1662,2135,-473
116000053,406,334,72
116000054,266,1550,-1284
116000055,164,963,-799
116000056,99,384,-285
116000057,1889,1534,355
116000058,1836,970,866
116000059,1287,1301,-14
116000060,2486,612,1874
116000061,263,374,-111
116000062,289,154,135
116000063,151,368,-217
116000066,18,74,-56
116000067,127,635,-508
116000068,40,45,-5
116000069,134,403,-269
116000078,87,357,-270
116000080,522,821,-299
116000082,2,94,-92
116000083,574,248,326
116000084,1279,2585,-1306
116000085,1097,504,593
116000086,1237,968,269
116000087,663,532,131
116000088,482,940,-458
116000089,53,64,-11
116000090,67,53,14
116000091,143,67,76
116000093,1307,404,903
116000094,174,552,-378
116000095,243,412,-169
116000096,230,851,-621
116000097,151,640,-489
116000098,213,2430,-2217
116000099,6256,244,6012
116000100,37,15,22
116000101,181,1236,-1055
116000102,62,991,-929
116000103,102,150,-48
116000104,27,1285,-1258
116000105,178,173,5
116000106,51,1129,-1078
116000107,252,415,-163
116000108,23,132,-109
116000111,20,10,10
116000113,23,29,-6
116000114,26,113,-87
116000115,120,18,102
116000116,144,587,-443
116000117,359,776,-417
116000118,520,1534,-1014
116000119,483,673,-190
116000120,1305,4317,-3012
116000121,262,203,59
116000122,826,2650,-1824
116000123,165,218,-53
116000124,187,1133,-946
116000125,447,301,146
116000126,181,1308,-1127
116000127,668,1435,-767
116000128,562,332,230
116000129,162,147,15
116000130,43,104,-61
116000133,155,679,-524
116000134,432,2787,-2355
116000135,373,871,-498
116000136,320,1918,-1598
116000137,180,345,-165
116000138,1558,248,1310
116000139,703,1559,-856
116000140,45,186,-141
116000141,197,739,-542
116000142,2792,2861,-69
116000143,950,746,204
116000144,700,2651,-1951
116000145,634,962,-328
116000146,51,217,-166
116000147,68,41,27
116000148,116,291,-175
116000149,159,361,-202
116000151,277,1005,-728
116000153,13,94,-81
116000155,19,79,-60
116000156,1262,768,494
116000157,0,6,-6
116000158,52,415,-363
116000159,2,3,-1
116000160,3,147,-144
116000161,12,103,-91
116000162,49,20,29
116000163,4,2,2
116000164,1,4,-3
116000177,1,85,-84
116000194,20,312,-292
116000195,508,399,109
116000196,5,1,4
116000197,3,2,1
116000198,685,458,227
116000200,540,88,452
116000201,281,451,-170
116000202,2,215,-213
116000203,1,93,-92
116000204,16,35,-19
116000205,0,197,-197
116000206,0,130,-130
116000207,0,26,-26
116000233,46,890,-844
116000287,21,593,-572
116000288,31,212,-181
116000292,7,232,-225
116000296,4,185,-181
116000297,18,4,14
116000304,8,26,-18
116000305,4,83,-79
116000346,26,259,-233
116000352,5,64,-59
116000354,4,11,-7
116000357,1,3,-2
116000358,44,9,35
116000361,87,5,82
116000372,8931,1270,7661
116000381,38,1,37
116000388,3,46,-43
116000389,172,381,-209
116000445,54,910,-856
116000446,76,645,-569
116000447,4,286,-282
116000448,357,164,193
116000563,216,169,47
116000565,135,419,-284
116000568,18,48,-30
116000579,18,119,-101
116000584,1,8,-7
116000585,7,4,3
116000586,202,40,162
116000587,8,274,-266
116000589,6,92,-86
116000590,7,4,3
116000591,31,190,-159
116000592,9,108,-99
116000593,1,32,-31
116000594,81,611,-530
116000595,103,225,-122
116000596,3,7,-4
116000597,33,29,4
116000598,6,244,-238
116000602,70,47,23
116000605,70,132,-62
116000606,8,52,-44
116000607,1,50,-49
116000609,103,353,-250
116000611,13,520,-507
116000612,226,1056,-830
116000613,147,240,-93
116000614,248,863,-615
116000615,0,73,-73
116000616,9,132,-123
116000617,22,147,-125
116000618,1,249,-248
116000619,5,40,-35
116000620,2,1,1
116000621,9,18,-9
116000622,1,26,-25
116000624,9,46,-37
116000627,5,33,-28
116000628,22,1095,-1073
116000629,19,645,-626
116000630,68,98,-30
116000631,21,61,-40
116000632,79,722,-643
116000633,5,664,-659
116000634,65,17,48
116000635,1052,474,578
116000636,526,455,71
116000637,38,12,26
116000638,8,483,-475
116900001,50,81,-31
116900002,162,1,161
116900003,0,91,-91
116900004,10,3,7
116900005,35,54,-19
116900006,118,105,13
116900007,43,116,-73
116900008,78,600,-522
116900009,9,1,8
116900010,4,1956,-1952
116900011,12,16,-4
116900012,48,162,-114
116900013,6,178,-172
116900014,5,367,-362
116900015,24,38,-14
116900016,16,1,15
116900017,0,708,-708
116900018,17,15,2
116900019,1,386,-385
116900020,1467,90,1377
116900023,9,5,4
116900024,47,59,-12
116900025,68,1029,-961
116900026,81,604,-523
116900027,2,26,-24
116900028,6,100,-94
116900029,2,6,-4
116900031,0,7,-7
116900032,3,316,-313
116900033,0,2,-2
116900034,5,55,-50
116900035,54,191,-137
116900036,1,103,-102
116900038,0,2,-2
116900041,5,9,-4
116900042,972,135,837
116900043,5,53,-48
116900047,101,22,79
116900049,21,183,-162
116900050,22,240,-218
116900051,15,213,-198
116900052,36,27,9
116900055,0,3,-3
116900057,7,274,-267
116900058,17,329,-312
116900059,0,125,-125
116900060,45,281,-236
116900062,0,5,-5
116900064,17,1089,-1072
116900065,2,54,-52
116900067,22,63,-41
116900068,46,506,-460
116900070,0,0,0
116900072,6,515,-509
116900073,2,159,-157
116900074,0,40,-40
116900076,1,7,-6
116900077,9,173,-164
116900078,160,135,25
116900079,9,350,-341
116900080,0,10,-10
116900081,121,1021,-900
116900082,126,785,-659
116900083,4,57,-53
116900084,37,25,12
116900085,12,141,-129
116900086,30,224,-194
116900088,167,23,144
116900090,131,22,109
116900091,40,111,-71
116900092,25,675,-650
116900093,1817,713,1104
116900094,5726,1025,4701
116900095,28,173,-145
116900096,50,46,4
116900097,2253,507,1746
116900098,999,60,939
116900099,304,278,26
116900100,128,2,126
116900101,156,642,-486
116900103,2,0,2
116900104,10,75,-65
116900105,85,15,70
116900106,209,269,-60
116900107,3746,443,3303
116900110,0,0,0
116900111,51,1252,-1201
116900112,35,588,-553
116900113,2274,384,1890
116900116,25,83,-58
116900117,10,74,-64
116900118,1058,308,750
116900120,45,69,-24
116900121,4,26,-22
116900122,112,1014,-902
116900123,41,933,-892
116900124,32,635,-603
116900125,88,174,-86
116900126,172,287,-115
116900128,0,36,-36
116900129,1,302,-301
116900130,1063,929,134
116900131,23,80,-57
116900132,8,45,-37
116900133,28,65,-37
116900134,72,148,-76
116900136,51,80,-29
116900137,94,137,-43
116900138,66,191,-125
116900139,44,287,-243
116900140,85,157,-72
116900141,179,294,-115
116900142,1,5,-4
116900143,76,485,-409
116900144,11,9,2
116900145,21,380,-359
116900147,313,214,99
116900148,0,7,-7
116900149,10,59,-49
116900150,4,3,1
116900151,16,5,11
116900153,6,37,-31
116900154,55,77,-22
116900155,17,12,5
116900157,51,220,-169
116900158,9,34,-25
116900159,33,142,-109
116900160,340,125,215
116900161,8091,1443,6648
116900162,2,119,-117
116900163,18,128,-110
116900164,20,19,1
116900165,49,39,10
116900166,1,78,-77
116900167,54,47,7
116900168,48,96,-48
116900169,169,77,92
116900170,82,129,-47
116900171,7,201,-194
116900172,108,29,79
116900173,20,63,-43
116900174,4,14,-10
116900175,41,39,2
116900178,4,133,-129
116900179,51,29,22
116900180,10,32,-22
116900182,126,172,-46
116900183,38,68,-30
116900185,6,17,-11
116900186,39,312,-273
116900187,4,3,1
116900188,26,17,9
116900189,3,0,3
116900191,79,242,-163
116900192,68,98,-30
116900194,8,185,-177
116900195,2,10,-8
116900196,6,129,-123
116900197,16,2,14
116900198,223,89,134
116900200,3,87,-84
116900201,10,4,6
116900202,56,63,-7
116900203,38,1,37
116900204,10,49,-39
116900206,0,40,-40
116900207,3,24,-21
116900208,2,92,-90
116900209,5,84,-79
116900210,158,138,20
116900211,88,4,84
116900212,1,76,-75
116900213,47,96,-49
116900214,11,115,-104
116900215,14,50,-36
116900216,56,389,-333
116900218,7,328,-321
116900219,549,345,204
116900220,31,136,-105
116900221,21,224,-203
116900222,125,137,-12
116900223,32,129,-97
116900226,7,55,-48
116900227,32,37,-5
116900228,87,308,-221
116900230,8,288,-280
116900231,1,389,-388
116900232,3,376,-373
116900233,20,25,-5
116900234,2,1,1
116900235,56,255,-199
116900238,899,224,675
116900239,30,251,-221
116900240,5138,885,4253
116900241,6,291,-285
116900242,267,77,190
116900243,0,33,-33
116900245,15,2,13
116900246,4,3,1
116900247,56,14,42
116900248,21,25,-4
116900249,32,26,6
116900250,63,46,17
116900251,164,24,140
116900252,13,829,-816
116900253,15,47,-32
116900254,2,58,-56
116900255,49,11,38
116900256,52,72,-20
116900257,8,549,-541
116900258,1,439,-438
116900259,11,2,9
116900260,0,149,-149
116900261,3,2,1
116900262,37,128,-91
116900263,0,3,-3
116900264,1,1,0
116900265,1,0,1
116900266,1,68,-67
116900267,1,0,1
116900268,0,10,-10
116900269,84,214,-130
116900271,2579,54,2525
116900272,296,548,-252
116900273,112,14,98
116900274,17,57,-40
116900275,12,97,-85
116900276,905,32,873
116900277,372,13,359
116900278,3,11,-8
116900279,2,12,-10
116900280,0,16,-16
116900281,6740,835,5905
116900282,2,114,-112
116900283,15,83,-68
116900284,15,171,-156
116900285,179,33,146
116900286,87,4,83
116900287,3,111,-108
116900288,15,82,-67
116900289,2,50,-48
116900290,0,23,-23
116900291,3,9,-6
116900292,8,2,6
116900293,5,123,-118
116900294,10,76,-66
116900295,82,3,79
116900296,1,8,-7
116900297,1,10,-9
116900298,13,12,1
116900299,0,37,-37
116900300,7,69,-62
116900301,10,41,-31
116900302,7,14,-7
116900303,332,19,313
116900304,0,60,-60
116900305,1,7,-6
116900306,10,87,-77
117000001,396,604,-208
117000002,739,3400,-2661
117000003,1948,1093,855
117000004,2730,3583,-853
117000005,399,625,-226
117000006,434,3264,-2830
117000007,873,458,415
117000008,794,3725,-2931
117000009,1540,624,916
117000010,1559,2933,-1374
117000011,362,791,-429
117000012,416,1830,-1414
117000013,307,639,-332
117000014,296,1827,-1531
117000015,1527,569,958
117000016,160,36,124
117000017,82,128,-46
117000018,28,235,-207
117000019,3,0,3
117000020,436,658,-222
117000021,2143,126,2017
117000022,143,36,107
117000023,146,60,86
117000024,203,88,115
117000025,324,524,-200
117000026,411,181,230
117000027,1090,823,267
117000028,83,130,-47
117000030,245,360,-115
117000031,116,25,91
117000032,1131,811,320
117000033,444,433,11
117000034,118,205,-87
117000035,41,33,8
117000036,104,209,-105
117000037,21,31,-10
117000038,37,233,-196
117000039,60,206,-146
117000040,59,1600,-1541
117000041,134,59,75
117000044,15,1117,-1102
117000045,69,15,54
117000046,199,838,-639
117000047,80,134,-54
117000048,1359,1115,244
117000049,72,215,-143
117000050,68,2865,-2797
117000051,678,135,543
117000052,7,759,-752
117000053,81,71,10
117000054,317,5,312
117000055,15,3386,-3371
117000056,149,4,145
117000057,453,1674,-1221
117000060,198,2137,-1939
117000061,244,266,-22
117000062,83,464,-381
117000063,288,206,82
117000064,646,629,17
117000066,827,429,398
117000067,18,141,-123
117000074,60,53,7
117000076,33,14,19
117000077,46,40,6
117000078,44,346,-302
117000079,35,77,-42
117000080,3,296,-293
117000081,209,46,163
117000082,9,43,-34
117000083,9,2,7
117000084,10,0,10
117000085,38,245,-207
117000086,344,522,-178
117000087,63,337,-274
117000088,53,75,-22
117000089,456,141,315
117000090,131,1567,-1436
117000091,171,156,15
117000092,152,1911,-1759
117000093,210,205,5
117000094,343,2354,-2011
117000095,476,255,221
117000096,296,2652,-2356
117000097,276,491,-215
117000098,2111,5393,-3282
117000099,599,313,286
117000100,39,100,-61
117000101,165,1265,-1100
117000102,301,213,88
117000103,626,1686,-1060
117000104,299,228,71
117000105,383,1951,-1568
117000106,159,171,-12
117000107,305,2578,-2273
117000108,234,296,-62
117000109,1065,3049,-1984
117000110,305,247,58
117000111,1155,1954,-799
117000112,788,875,-87
117000113,59,301,-242
117000114,17,35,-18
117000115,40,158,-118
117000116,17,107,-90
117000117,596,127,469
117000118,45,92,-47
117000119,15,17,-2
117000120,42,8,34
117000121,18,72,-54
117000122,276,159,117
117000123,708,8,700
117000124,69,3,66
117000125,140,32,108
117000126,14,30,-16
117000127,63,243,-180
117000128,160,298,-138
117000129,154,118,36
117000130,1,0,1
117000131,1,201,-200
117000132,249,86,163
117000133,200,328,-128
117000134,1,64,-63
117000135,1,31,-30
117000136,1,42,-41
117000137,9,27,-18
117000138,1,256,-255
117000140,233,1656,-1423
117000141,306,202,104
117000181,777,170,607
117000182,74,54,20
117000195,94,1437,-1343
117000196,30,17,13
117000225,47,0,47
117000226,0,47,-47
117000276,45,2,43
117000277,2,578,-576
117000310,1826,1529,297
117000315,5,151,-146
117000320,2,0,2
117000906,40,3,37
117000907,7,483,-476
117000908,17,8,9
117000909,19,25,-6
117000910,104,112,-8
117000911,103,177,-74
117000915,9,596,-587
117000916,7,0,7
117000917,129,6,123
117000918,14,13,1
117000919,2,102,-100
117000920,8,1675,-1667
117000921,4,2272,-2268
117000922,2,11,-9
117000924,125,201,-76
117000926,936,62,874
117000927,70,98,-28
117000928,2,323,-321
117000929,49,555,-506
117000930,35,16,19
117000931,108,35,73
117900002,94,251,-157
117900003,709,139,570
117900005,0,30,-30
117900006,0,28,-28
117900007,28,174,-146
117900008,0,40,-40
117900010,41,157,-116
117900011,4,11,-7
117900012,13,224,-211
117900013,3,383,-380
117900014,71,350,-279
117900015,21,324,-303
117900016,908,161,747
117900017,69,455,-386
117900018,128,17,111
117900019,64,571,-507
117900020,23,43,-20
117900021,7,127,-120
117900022,14,16,-2
117900023,563,26,537
117900024,27,251,-224
117900025,21,8,13
117900026,54,440,-386
117900028,9,0,9
117900029,49,1100,-1051
117900030,63,82,-19
117900031,18,44,-26
117900032,122,89,33
117900033,44,971,-927
117900034,27,61,-34
117900035,34,26,8
117900036,56,761,-705
117900037,3,105,-102
117900038,6,525,-519
117900039,5,81,-76
117900040,75,548,-473
117900041,0,39,-39
117900042,4375,416,3959
117900043,11,39,-28
117900044,2,470,-468
117900045,40,29,11
117900048,92,280,-188
117900049,30,586,-556
117900050,2,16,-14
117900051,7,6,1
117900052,21,74,-53
117900053,354,626,-272
117900054,1,28,-27
117900055,58,26,32
117900056,156,17,139
117900057,487,1013,-526
117900058,29,1,28
117900059,51,28,23
117900060,279,4666,-4387
117900061,2,36,-34
117900063,48,131,-83
117900065,503,899,-396
117900066,4,22,-18
117900067,52,252,-200
117900069,150,400,-250
117900070,38,3,35
117900071,27,92,-65
117900073,81,420,-339
117900074,14,2,12
117900075,7,59,-52
117900076,8,27,-19
117900077,34,43,-9
117900078,94,189,-95
117900080,22,39,-17
117900081,390,352,38
117900082,101,135,-34
117900083,57,738,-681
117900086,12,43,-31
117900087,8,26,-18
117900088,1917,1215,702
117900089,470,127,343
117900090,44,850,-806
117900091,78,64,14
117900092,2,22,-20
117900093,5,59,-54
117900094,23,2,21
117900095,54,606,-552
117900096,16,149,-133
117900097,9,27,-18
117900098,1,2,-1
117900099,31,364,-333
117900100,14,0,14
117900101,326,477,-151
117900102,7,21,-14
117900103,4,1,3
117900104,1,54,-53
117900105,35,98,-63
117900106,16,29,-13
117900107,7,1,6
117900109,76,182,-106
117900110,9,0,9
117900111,18,1,17
117900112,12,5,7
117900113,2613,632,1981
117900114,5,0,5
117900115,25,6,19
117900116,526,499,27
117900117,165,260,-95
117900118,5,0,5
117900119,16,347,-331
117900120,16,76,-60
117900121,6,24,-18
117900122,589,386,203
117900123,148,896,-748
117900124,229,350,-121
117900125,463,436,27
117900126,213,498,-285
117900127,197,611,-414
117900128,74,897,-823
117900129,5,0,5
117900130,335,186,149
117900131,0,76,-76
117900132,1,92,-91
117900133,2,180,-178
117900134,9,192,-183
117900135,9,287,-278
117900136,0,37,-37
117900137,6,396,-390
117900138,0,43,-43
117900139,20,103,-83
117900140,4612,52,4560
117900141,95,225,-130
117900142,8,2,6
117900144,18,30,-12
117900145,14,2,12
117900146,83,61,22
117900147,14,65,-51
117900148,2011,545,1466
117900149,16,101,-85
117900150,13,164,-151
117900151,5,207,-202
117900152,19,86,-67
117900153,2,62,-60
117900154,71,482,-411
117900156,388,350,38
117900157,21,193,-172
117900158,21,29,-8
117900160,221,211,10
117900161,1950,1929,21
117900162,27,192,-165
117900163,35,1,34
117900165,0,4,-4
117900166,16,62,-46
117900168,46,106,-60
117900169,1,102,-101
117900170,3,18,-15
117900171,3,13,-10
117900172,11,34,-23
117900173,121,28,93
117900174,12,43,-31
117900175,1,30,-29
117900176,3,54,-51
117900177,3,62,-59
117900178,35,25,10
117900180,262,17,245
117900181,113,45,68
117900182,1,10,-9
117900183,8,74,-66
117900184,0,26,-26
117900185,1,17,-16
117900186,3,7,-4
117900187,6,6,0
117900188,29,9,20
117900189,22,3,19
117900190,0,0,0
117900191,0,0,0
117900192,32,6,26
117900193,22,79,-57
117900194,1,0,1
117900195,1,7,-6
117900196,2,8,-6
117900207,35,26,9
117900208,5,12,-7
117900209,77,66,11
117900210,62,65,-3
117900211,2,178,-176
117900212,27,96,-69
117900213,1,13,-12
117900214,11,72,-61
117900215,0,8,-8
117900216,12,5,7
117900217,23,25,-2
117900218,116,28,88
117900219,0,34,-34
117900220,7,5,2
117900222,50,229,-179
117900223,60,100,-40
118000001,262,269,-7
118000002,845,1296,-451
118000003,504,509,-5
118000004,1379,1101,278
118000005,2467,838,1629
118000006,6726,3085,3641
118000007,2590,1249,1341
118000008,2313,1524,789
118000009,1098,1953,-855
118000010,2329,2735,-406
118000011,324,2416,-2092
118000012,423,2355,-1932
118000013,2276,2367,-91
118000014,1078,2779,-1701
118000016,159,417,-258
118000017,59,169,-110
118000018,152,404,-252
118000019,1212,713,499
118000020,1254,790,464
118000021,684,1009,-325
118000022,1862,319,1543
118000023,1005,221,784
118000024,1031,371,660
118000027,13849,2393,11456
118000029,1106,232,874
118000032,701,579,122
118000033,1258,1102,156
118000034,3419,1269,2150
118000035,673,805,-132
118000036,372,729,-357
118000037,254,704,-450
118000038,78,149,-71
118000039,46,203,-157
118000040,530,2172,-1642
118000041,642,1029,-387
118000045,368,52,316
118000046,880,413,467
118000047,849,209,640
118000048,1824,640,1184
118000051,753,466,287
118000052,474,367,107
118000053,144,200,-56
118000054,736,486,250
118000055,455,760,-305
118000056,43,125,-82
118000057,87,175,-88
118000058,1235,436,799
118000059,920,521,399
118000060,227,635,-408
118000061,209,764,-555
118000062,195,142,53
118000063,146,283,-137
118000064,482,768,-286
118000065,2831,854,1977
118000066,471,446,25
118000067,641,414,227
118000068,1093,1603,-510
118000069,1671,743,928
118000070,6070,756,5314
118000071,2653,2055,598
118000072,1005,739,266
118000073,1261,209,1052
118000074,90,163,-73
118000075,245,294,-49
118000076,461,597,-136
118000077,793,761,32
118000078,704,950,-246
118000079,204,266,-62
118000080,649,556,93
118000081,592,635,-43
118000082,178,483,-305
118000083,1874,642,1232
118000084,1756,746,1010
118000086,88,280,-192
118000087,5452,1541,3911
118000088,1221,1059,162
118000089,3415,1764,1651
118000090,1901,1125,776
118000091,1533,887,646
118000092,1246,232,1014
118000093,72,433,-361
118000096,195,296,-101
118000097,194,326,-132
118000098,114,154,-40
118000099,115,782,-667
118000101,269,230,39
118000102,92,1038,-946
118000107,3310,234,3076
118000108,86,179,-93
118000110,1,19,-18
118000111,1,718,-717
118000112,4,0,4
118000113,17,1145,-1128
118000114,2,1,1
118000115,4,1,3
118000116,3,0,3
118000117,547,601,-54
118000118,265,359,-94
118000119,276,599,-323
118000120,942,1269,-327
118000121,17,327,-310
118000122,278,81,197
118000123,25,246,-221
118000125,890,1086,-196
118000126,235,935,-700
118000127,599,262,337
118000128,396,918,-522
118000129,202,141,61
118000130,2436,3742,-1306
118000131,274,1077,-803
118000132,643,496,147
118000133,163,354,-191
118000135,80,93,-13
118000136,80,504,-424
118000137,311,58,253
118000138,67,617,-550
118000139,70,100,-30
118000140,1420,1589,-169
118000141,647,1076,-429
118000142,699,1795,-1096
118000143,453,462,-9
118000144,937,668,269
118000145,946,2400,-1454
118000146,475,1246,-771
118000147,410,1586,-1176
118000148,123,947,-824
118000149,303,911,-608
118000150,73,57,16
118000151,48,183,-135
118000153,286,610,-324
118000154,247,895,-648
118000155,249,592,-343
118000156,1588,1341,247
118000157,139,198,-59
118000158,40,339,-299
118000159,1,3,-2
118000160,42,134,-92
118000161,146,837,-691
118000162,337,594,-257
118000163,193,404,-211
118000164,1071,799,272
118000168,1662,158,1504
118000169,483,1579,-1096
118000170,2535,5861,-3326
118000171,72,249,-177
118000172,25,103,-78
118000173,321,789,-468
118000175,83,134,-51
118000176,84,120,-36
118000177,75,183,-108
118000178,19,21,-2
118000179,699,172,527
118000180,245,273,-28
118000181,383,232,151
118000182,216,184,32
118000183,103,116,-13
118000184,91,510,-419
118000185,1013,410,603
118000186,462,553,-91
118000187,301,907,-606
118000188,91,222,-131
118000189,97,697,-600
118000190,0,3,-3
118000191,11,25,-14
118000192,7,64,-57
118000193,19,89,-70
118000194,1135,389,746
118000195,459,293,166
118000196,67,31,36
118000197,85,46,39
118000198,341,155,186
118000199,163,148,15
118000200,9,27,-18
118000201,194,194,0
118000202,0,4,-4
118000203,687,134,553
118000204,152,92,60
118000205,297,125,172
118000206,76,100,-24
118000207,0,90,-90
118000208,323,751,-428
118000209,813,1412,-599
118000210,7,13,-6
118000211,4,11,-7
118000213,191,322,-131
118000214,356,160,196
118000215,129,265,-136
118000216,7,692,-685
118000217,7,85,-78
118000218,11,70,-59
118000219,175,183,-8
118000220,0,7,-7
118000221,45,160,-115
118000222,90,34,56
118000223,2,6,-4
118000224,145,40,105
118000225,40,929,-889
118000226,60,26,34
118000227,521,76,445
118000228,90,86,4
118000229,13,1,12
118000230,23,229,-206
118000231,8,179,-171
118000232,245,839,-594
118000233,308,497,-189
118000234,74,310,-236
118000236,154,503,-349
118000237,31,615,-584
118000238,56,384,-328
118000239,71,148,-77
118000240,494,68,426
118000241,17,218,-201
118000242,88,736,-648
118000243,61,178,-117
118000244,10,177,-167
118000246,0,12,-12
118000255,21,133,-112
118000256,33,172,-139
118000259,2,27,-25
118000260,21,57,-36
118000261,4,86,-82
118000263,16,160,-144
118000266,60,381,-321
118000267,1,93,-92
118000268,7,2,5
118000270,9,31,-22
118000271,30,236,-206
118000272,23,18,5
118000273,10,103,-93
118000274,74,339,-265
118000276,94,223,-129
118000295,2,47,-45
118000298,67,450,-383
118000299,29,185,-156
118000301,0,49,-49
118000302,18,47,-29
118000311,47,143,-96
118000312,37,287,-250
118000313,21,172,-151
118000314,10,92,-82
118000315,10,66,-56
118000316,124,388,-264
118000325,10,67,-57
118000326,3,36,-33
118000331,3,80,-77
118000332,3,41,-38
118000333,3,75,-72
118000335,3,0,3
118000336,3,463,-460
118000407,12,55,-43
118000457,11,11,0
118000465,2352,1326,1026
118000480,7,120,-113
118000489,12,49,-37
118000490,19,360,-341
118000492,63,132,-69
118000510,56,22,34
118000514,56,295,-239
118000515,126,96,30
118000517,367,207,160
118000524,627,89,538
118000525,540,671,-131
118000530,4,56,-52
118000531,41,122,-81
118000532,65,275,-210
118000533,154,146,8
118000534,116,350,-234
118000535,58,64,-6
118000536,211,128,83
118000537,9,36,-27
118000538,7,103,-96
118000539,2,31,-29
118000540,102,338,-236
118000541,40,131,-91
118000542,19,94,-75
118000543,47,130,-83
118000546,11,39,-28
118000553,0,2,-2
118000557,0,0,0
118000560,2982,324,2658
118000562,1,234,-233
118000563,943,781,162
118000576,79,198,-119
118000577,97,79,18
118000578,79,108,-29
118000579,531,525,6
118000583,0,1,-1
118000595,96,41,55
118000596,1,69,-68
118000597,44,78,-34
118000598,1,0,1
118000599,6,19,-13
118000600,2,15,-13
118000601,2,0,2
118000602,1,10,-9
118000603,0,48,-48
118900001,756,271,485
118900002,785,212,573
118900003,13,9,4
118900004,0,57,-57
118900005,14,1,13
118900006,3,0,3
118900007,3,2,1
118900008,733,35,698
118900009,5,0,5
118900010,1,0,1
118900011,39,8,31
118900012,129,183,-54
118900013,145,2,143
118900015,49,15,34
118900016,3,22,-19
118900017,9,16,-7
118900018,336,5,331
118900019,49,6,43
118900020,49,33,16
118900021,40,255,-215
118900022,65,70,-5
118900023,17,32,-15
118900024,10,56,-46
118900025,2,5,-3
118900026,20,81,-61
118900027,112,46,66
118900028,32,122,-90
118900029,22,223,-201
118900030,3,3,0
118900031,56,92,-36
118900032,4,63,-59
118900033,93,359,-266
118900034,3,0,3
118900035,41,247,-206
118900036,236,510,-274
118900037,25,91,-66
118900038,61,414,-353
118900039,37,126,-89
118900040,82,110,-28
118900041,44,62,-18
118900042,34,66,-32
118900045,67,115,-48
118900046,866,91,775
118900047,564,106,458
118900048,30,99,-69
118900049,14,7,7
118900050,4,197,-193
118900051,1,16,-15
118900052,24,115,-91
118900053,5,14,-9
118900054,13,65,-52
118900055,10,123,-113
118900056,4,55,-51
118900057,47,165,-118
118900058,72,287,-215
118900059,3,11,-8
118900060,1,94,-93
118900062,29,169,-140
118900064,280,96,184
118900065,3,41,-38
118900066,13,20,-7
118900067,8187,1136,7051
118900068,0,47,-47
118900069,58,165,-107
118900071,3,29,-26
118900072,116,196,-80
118900073,22,64,-42
118900074,38,67,-29
118900075,4,24,-20
118900076,40,34,6
118900077,26,91,-65
118900078,4,4,0
118900079,29,77,-48
118900080,6,45,-39
118900081,18,10,8
118900082,123,67,56
118900083,3,17,-14
118900084,9,12,-3
118900085,231,755,-524
118900086,0,10,-10
118900087,22,76,-54
118900088,0,23,-23
118900089,4,7,-3
118900090,125,328,-203
118900091,41,28,13
118900092,24,93,-69
118900093,46,9,37
118900096,4,7,-3
118900097,88,698,-610
118900099,8,248,-240
118900100,49,107,-58
118900101,23,699,-676
118900102,1,92,-91
118900103,22,57,-35
118900104,27,196,-169
118900105,115,82,33
118900107,108,70,38
118900108,11,93,-82
118900110,265,101,164
118900111,40,368,-328
118900112,5,52,-47
118900113,9,462,-453
118900114,6,47,-41
118900115,45,265,-220
118900116,27,139,-112
118900117,37,159,-122
118900118,55,480,-425
118900119,29,258,-229
118900120,33,237,-204
118900121,2,211,-209
118900122,2,157,-155
118900123,91,182,-91
118900124,15,120,-105
118900126,1,122,-121
118900129,32,113,-81
118900130,13,21,-8
118900131,37,262,-225
118900132,37,73,-36
118900133,4,15,-11
118900135,33,203,-170
118900136,73,751,-678
118900137,2,6,-4
118900139,44,506,-462
118900140,102,891,-789
118900141,13,205,-192
118900144,26,955,-929
118900145,10,133,-123
118900146,105,663,-558
118900147,18,41,-23
118900148,4,17,-13
118900150,5,122,-117
118900152,157,625,-468
118900157,11,30,-19
118900158,4,31,-27
118900159,0,116,-116
118900161,5,3,2
118900163,102,19,83
118900164,0,43,-43
118900165,15,474,-459
118900166,7,3,4
118900167,18,175,-157
118900168,2,26,-24
118900169,24,465,-441
118900170,10,73,-63
118900171,6,32,-26
118900174,24,39,-15
118900175,51,266,-215
118900176,13,150,-137
118900177,1,53,-52
118900178,7,61,-54
118900179,1,47,-46
118900181,64,75,-11
118900182,19,21,-2
118900183,3,28,-25
118900184,93,17,76
118900185,3,93,-90
118900186,39,80,-41
118900187,64,225,-161
118900188,75,213,-138
118900189,8,129,-121
118900190,2,416,-414
118900191,4,13,-9
118900192,15,6,9
118900193,14,10,4
118900195,65,600,-535
118900196,24,225,-201
118900197,10,46,-36
118900198,1,69,-68
118900199,6,45,-39
118900200,3,1,2
118900201,7,5,2
118900202,9,54,-45
118900203,2,50,-48
118900204,3,42,-39
118900205,2,15,-13
118900206,0,50,-50
119000001,365,563,-198
119000002,1502,1768,-266
119000003,592,1570,-978
119000004,634,815,-181
119000005,635,1006,-371
119000006,526,993,-467
119000007,1083,1525,-442
119000008,917,2037,-1120
119000009,2625,1571,1054
119000010,8331,3669,4662
119000011,5440,1105,4335
119000012,5166,1943,3223
119000013,1527,898,629
119000014,1391,2379,-988
119000019,45,164,-119
119000020,433,1054,-621
119000021,1499,1541,-42
119000022,2571,585,1986
119000023,41,77,-36
119000024,1665,2839,-1174
119000025,12187,943,11244
119000026,270,158,112
119000027,416,253,163
119000028,1151,932,219
119000029,105,150,-45
119000030,380,1001,-621
119000031,426,647,-221
119000032,2270,1897,373
119000033,1147,1010,137
119000034,587,1021,-434
119000035,5,323,-318
119000036,351,1029,-678
119000037,358,2215,-1857
119000038,36,966,-930
119000039,129,272,-143
119000040,670,251,419
119000041,868,678,190
119000048,3444,3506,-62
119000049,810,3710,-2900
119000050,751,1518,-767
119000051,981,668,313
119000052,1036,1780,-744
119000053,1087,921,166
119000054,1185,2968,-1783
119000055,1001,2411,-1410
119000056,614,1459,-845
119000057,628,2101,-1473
119000058,858,2002,-1144
119000059,410,1077,-667
119000060,460,602,-142
119000061,327,570,-243
119000062,648,1160,-512
119000063,103,161,-58
119000064,603,1351,-748
119000065,1408,3494,-2086
119000066,1076,594,482
119000067,1054,2438,-1384
119000068,538,762,-224
119000069,588,2367,-1779
119000070,714,963,-249
119000071,331,669,-338
119000072,5073,3576,1497
119000073,3815,3480,335
119000074,352,3539,-3187
119000075,392,2255,-1863
119000076,364,716,-352
119000077,537,375,162
119000078,136,259,-123
119000079,40,413,-373
119000080,81,230,-149
119000081,69,256,-187
119000082,165,278,-113
119000083,143,267,-124
119000084,83,352,-269
119000085,225,126,99
119000086,109,337,-228
119000087,964,593,371
119000088,193,169,24
119000089,32,102,-70
119000090,65,58,7
119000091,145,209,-64
119000092,315,57,258
119000093,2909,3141,-232
119000094,1043,3283,-2240
119000095,462,2419,-1957
119000097,2635,1105,1530
119000098,348,915,-567
119000099,1239,1290,-51
119000100,1193,1403,-210
119000101,2591,2721,-130
119000102,459,426,33
119000103,990,380,610
119000104,2738,1438,1300
119000105,256,429,-173
119000106,112,2129,-2017
119000107,194,317,-123
119000108,104,1514,-1410
119000109,69,409,-340
119000110,544,761,-217
119000111,64,376,-312
119000112,274,231,43
119000113,3022,262,2760
119000114,470,261,209
119000115,89,52,37
119000116,38,49,-11
119000117,54,241,-187
119000118,1,4,-3
119000123,1016,321,695
119000124,102,174,-72
119000125,496,785,-289
119000126,178,746,-568
119000127,112,976,-864
119000128,58,4,54
119000131,203,1241,-1038
119000132,2,7,-5
119000133,0,1,-1
119000134,1028,281,747
119000135,30,218,-188
119000136,55,385,-330
119000137,46,593,-547
119000138,86,585,-499
119000139,46,334,-288
119000140,44,189,-145
119000284,1233,1884,-651
119000285,2540,1743,797
119000286,4695,2959,1736
119000287,697,1441,-744
119000288,816,1308,-492
119000289,1090,2960,-1870
119000290,92,484,-392
119000291,11,265,-254
119000293,31,146,-115
119000294,9,7,2
119000295,1908,495,1413
119000296,66,102,-36
119000302,4902,1137,3765
119000303,2,36,-34
119000304,0,0,0
119000310,0,0,0
119000314,1321,2620,-1299
119000315,7,765,-758
119000316,28,120,-92
119000317,17,602,-585
119900001,74,346,-272
119900002,14,159,-145
119900003,20,1337,-1317
119900004,286,152,134
119900005,22,126,-104
119900006,43,203,-160
119900007,108,42,66
119900008,22,12,10
119900009,233,406,-173
119900010,1319,1103,216
119900011,9,19,-10
119900012,4,31,-27
119900013,827,468,359
119900014,608,198,410
119900015,20,13,7
119900016,11,75,-64
119900017,2,26,-24
119900018,490,74,416
119900019,4,8,-4
119900020,34,103,-69
119900021,28,39,-11
119900022,47,85,-38
119900023,370,123,247
119900025,26,31,-5
119900026,658,44,614
119900027,1,17,-16
119900028,35,13,22
119900029,1,11,-10
119900030,69,264,-195
119900031,7,73,-66
119900033,1767,90,1677
119900034,39,127,-88
119900037,11,28,-17
119900038,11,39,-28
119900039,8,0,8
119900040,13,4,9
119900041,14,107,-93
119900042,5,98,-93
119900043,17,161,-144
119900044,123,145,-22
119900046,16,88,-72
119900047,44,17,27
119900048,8,28,-20
119900049,12,6,6
119900050,27,12,15
119900051,52,3,49
119900052,9,97,-88
119900053,73,215,-142
119900054,12,1,11
119900055,265,111,154
119900057,56,92,-36
119900058,51,0,51
119900059,51,31,20
119900060,21,3,18
119900062,4,69,-65
119900063,0,40,-40
119900065,28,2,26
119900066,1,1,0
119900067,10,54,-44
119900068,83,0,83
119900069,14,22,-8
119900070,105,35,70
119900071,91,4,87
119900073,1280,299,981
119900074,7,23,-16
119900075,5875,1387,4488
119900076,49,413,-364
119900077,131,1602,-1471
119900078,76,673,-597
119900079,30,254,-224
119900080,271,991,-720
119900081,27,35,-8
119900082,123,37,86
119900083,0,21,-21
119900084,133,91,42
119900085,142,30,112
119900087,75,86,-11
119900088,42,59,-17
119900089,2,526,-524
119900090,142,78,64
119900091,5,1137,-1132
119900092,6,527,-521
119900093,377,52,325
119900094,13,242,-229
119900095,111,79,32
119900096,20,99,-79
119900097,153,121,32
119900098,12,42,-30
119900099,11,414,-403
119900100,2420,961,1459
119900101,188,691,-503
119900102,29,425,-396
119900103,13,619,-606
119900104,18,307,-289
119900105,396,1779,-1383
119900106,5,243,-238
119900107,188,3087,-2899
119900108,1701,818,883
119900109,10,150,-140
119900110,152,704,-552
119900111,11,365,-354
119900112,2360,302,2058
119900113,37,603,-566
119900114,56,1839,-1783
119900115,32,1317,-1285
119900116,53,183,-130
119900117,84,1223,-1139
119900118,61,1190,-1129
119900119,37,288,-251
119900120,489,846,-357
119900121,55,1515,-1460
119900122,161,449,-288
119900123,82,218,-136
119900124,20,1216,-1196
119900125,19,446,-427
119900126,6664,120,6544
119900127,2294,630,1664
119900128,68,951,-883
119900129,30,979,-949
119900130,37,226,-189
119900131,12,389,-377
119900132,3,323,-320
119900133,13,22,-9
119900134,1948,181,1767
119900135,2,450,-448
119900136,107,588,-481
119900138,219,615,-396
119900139,0,53,-53
119900140,2,134,-132
119900141,103,146,-43
119900142,1,14,-13
119900143,6,276,-270
119900144,2183,151,2032
119900145,32,220,-188
119900146,72,84,-12
119900147,0,58,-58
119900148,48,18,30
119900149,1389,1498,-109
119900150,79,149,-70
119900151,698,551,147
119900152,15,285,-270
119900153,7,19,-12
119900154,54,455,-401
119900155,3,23,-20
119900156,0,3,-3
119900157,14,252,-238
119900158,25,24,1
119900159,8,1786,-1778
119900160,2,390,-388
119900161,138,285,-147
119900162,271,331,-60
119900163,85,62,23
119900164,0,1,-1
119900165,19,209,-190
119900166,20,24,-4
119900167,19,124,-105
119900168,192,290,-98
119900169,96,113,-17
119900170,38,52,-14
119900171,290,590,-300
119900172,49,7,42
119900173,10,693,-683
119900174,1,372,-371
119900175,188,398,-210
119900177,8,235,-227
119900178,8,267,-259
119900179,9,127,-118
119900180,290,444,-154
119900181,34,7,27
119900182,2,563,-561
119900183,102,959,-857
119900184,3023,423,2600
119900185,8,44,-36
119900186,15,97,-82
119900187,10,719,-709
119900188,8,249,-241
119900189,124,99,25
119900190,46,73,-27
119900191,80,109,-29
119900192,5,188,-183
119900193,55,111,-56
119900194,3,32,-29
119900195,10,245,-235
119900196,2082,364,1718
119900197,41,63,-22
119900198,15,489,-474
119900199,126,14,112
119900200,94,328,-234
119900201,309,179,130
119900202,135,48,87
119900203,21,89,-68
119900204,45,185,-140
119900205,63,318,-255
119900206,7,129,-122
119900208,38,95,-57
119900209,137,219,-82
119900210,4,32,-28
119900211,52,6,46
119900212,43,347,-304
119900213,3,24,-21
119900214,6,91,-85
119900215,17,122,-105
119900216,6,118,-112
119900217,3,98,-95
119900218,19,97,-78
119900219,6,187,-181
119900220,5,176,-171
119900221,13,545,-532
119900222,9,362,-353
119900223,11,140,-129
119900224,11,37,-26
119900225,1426,25,1401
119900226,730,470,260
119900227,1606,364,1242
119900228,10,293,-283
119900229,127,335,-208
119900230,916,423,493
119900231,14,105,-91
119900232,56,18,38
119900233,6,0,6
119900234,4,23,-19
119900235,3,7,-4
119900236,12,248,-236
119900237,26,575,-549
119900238,1,81,-80
119900240,6,166,-160
119900241,61,300,-239
119900242,1519,377,1142
119900244,467,1320,-853
119900245,28,81,-53
119900246,70,60,10
119900247,6,10,-4
119900248,11,14,-3
119900249,86,32,54
119900253,3296,155,3141
119900254,13,80,-67
119900255,40,609,-569
119900256,62,1808,-1746
119900257,2,0,2
119900258,4,3,1
119900259,1,287,-286
119900260,6,1,5
119900261,36,161,-125
119900262,26,314,-288
119900263,540,406,134
119900264,8,236,-228
119900265,121,364,-243
119900266,47,258,-211
119900267,24,382,-358
119900268,14,304,-290
119900269,138,2130,-1992
119900271,17,81,-64
119900272,34,46,-12
119900275,15,2,13
119900276,6,1,5
119900277,0,0,0
119900278,209,27,182
119900279,67,126,-59
119900280,779,188,591
119900281,0,41,-41
119900282,8,5,3
119900283,11,320,-309
119900284,16,239,-223
119900285,15,25,-10
119900286,8,16,-8
119900288,2,20,-18
119900289,0,21,-21
119900290,0,25,-25
119900291,0,38,-38
119900292,12,2,10
119900293,1,1,0
119900294,1,0,1
119900295,1,0,1
119900296,6,0,6
119900299,15,324,-309
119900300,49,301,-252
119900301,48,19,29
119900302,20,37,-17
119900303,34,191,-157
119900304,14,20,-6
119900305,23,82,-59
119900306,6,0,6
119900307,15,147,-132
119900308,1,10,-9
119900309,10,25,-15
119900310,138,296,-158
119900311,10,155,-145
119900312,41,98,-57
119900313,89,373,-284
119900314,23,109,-86
119900315,173,3307,-3134
119900318,8,5,3
119900319,2,436,-434
119900320,15,965,-950
119900321,9,0,9
119900322,52,52,0
119900323,1,91,-90
119900324,0,44,-44
119900325,14,361,-347
119900326,158,54,104
120000001,6288,3309,2979
120000002,1444,2925,-1481
120000003,2967,1863,1104
120000004,2595,2375,220
120000005,4468,2036,2432
120000006,865,1121,-256
120000007,2319,1707,612
120000008,637,1238,-601
120000009,5279,879,4400
120000010,827,3353,-2526
120000011,479,1995,-1516
120000012,1404,2931,-1527
120000013,929,2591,-1662
120000014,260,1248,-988
120000015,1075,1323,-248
120000016,1282,774,508
120000017,387,713,-326
120000018,2982,3224,-242
120000019,315,549,-234
120000020,1086,1274,-188
120000021,904,1143,-239
120000022,2171,1892,279
120000023,336,976,-640
120000024,920,1276,-356
120000025,764,1501,-737
120000026,326,1484,-1158
120000027,617,1125,-508
120000028,486,309,177
120000029,2721,402,2319
120000030,64,490,-426
120000031,1477,3688,-2211
120000032,10213,2254,7959
120000033,970,1212,-242
120000034,577,2005,-1428
120000035,775,2114,-1339
120000036,1022,2946,-1924
120000037,225,370,-145
120000038,10260,2979,7281
120000039,292,989,-697
120000040,31,116,-85
120000041,210,2210,-2000
120000042,829,5852,-5023
120000043,2351,2705,-354
120000044,1204,1142,62
120000045,1490,925,565
120000046,842,1067,-225
120000047,1606,1693,-87
120000048,7934,1962,5972
120000049,1175,2218,-1043
120000050,1415,3690,-2275
120000051,3698,2915,783
120000052,16928,1919,15009
120000053,498,4413,-3915
120000054,1195,7989,-6794
120000055,625,4441,-3816
120000056,1971,5053,-3082
120000057,878,1302,-424
120000058,123,177,-54
120000059,87,1015,-928
120000061,51,623,-572
120000062,159,303,-144
120000063,1640,3879,-2239
120000064,129,2021,-1892
120000065,214,2033,-1819
120000066,34,454,-420
120000067,17,485,-468
120000068,75,1261,-1186
120000069,320,1683,-1363
120000070,12,1131,-1119
120000071,61,202,-141
120000072,147,366,-219
120000073,125,76,49
120000074,28,42,-14
120000075,67,181,-114
120000076,386,212,174
120000077,361,262,99
120000078,2196,305,1891
120000079,19,23,-4
120000080,7,32,-25
120000081,29,22,7
120000082,16,23,-7
120000083,12,28,-16
120000084,213,594,-381
120000085,203,503,-300
120000086,131,777,-646
120000087,71,1435,-1364
120000088,284,1002,-718
120000089,205,154,51
120000090,89,194,-105
120000091,180,335,-155
120000092,174,189,-15
120000093,38,223,-185
120000094,8,150,-142
120000095,376,779,-403
120000096,127,1406,-1279
120000098,305,1144,-839
120000099,106,670,-564
120000100,244,833,-589
120000101,158,518,-360
120000102,81,234,-153
120000103,215,219,-4
120000104,320,123,197
120000105,417,159,258
120000106,409,132,277
120000107,558,191,367
120000108,171,55,116
120000109,256,31,225
120000110,68,966,-898
120000111,63,1551,-1488
120000112,342,4851,-4509
120000113,290,3334,-3044
120000114,232,2397,-2165
120000115,166,2226,-2060
120000116,307,2112,-1805
120000117,939,1839,-900
120000118,11,9,2
120000119,8,20,-12
120000120,10,8,2
120000121,14,29,-15
120000122,43,32,11
120000123,6372,935,5437
120000124,153,265,-112
120000125,118,572,-454
120000126,65,309,-244
120000127,478,244,234
120000128,1136,1254,-118
120000129,64,76,-12
120000130,279,309,-30
120000131,143,432,-289
120000134,211,1270,-1059
120000135,45,360,-315
120000137,38,2299,-2261
120000138,91,490,-399
120000139,43,1182,-1139
120000140,108,703,-595
120000141,47,524,-477
120000142,59,619,-560
120000143,2,94,-92
120000144,14,2,12
120000145,31,4,27
120000146,1198,354,844
120000149,286,884,-598
120000150,4464,4062,402
120000151,211,262,-51
120000152,72,225,-153
120000153,57,675,-618
120000154,189,346,-157
120000155,43,128,-85
120000156,975,174,801
120000157,329,398,-69
120000158,245,840,-595
120000159,1174,2242,-1068
120000160,1007,848,159
120000161,449,2288,-1839
120000162,19,119,-100
120000163,128,1462,-1334
120000164,121,467,-346
120000165,97,987,-890
120000166,174,571,-397
120000167,12,26,-14
120000168,6,43,-37
120000169,147,117,30
120000170,231,87,144
120000171,89,34,55
120000172,8,12,-4
120000173,2259,65,2194
120000174,248,4,244
120000175,390,10,380
120000176,95,94,1
120000177,1135,603,532
120000178,91,6,85
120000179,240,16,224
120000180,408,66,342
120000181,108,33,75
120000182,65,36,29
120000183,1,124,-123
120000184,42,2339,-2297
120000186,7,25,-18
120000187,20,17,3
120000188,107,27,80
120000190,702,0,702
120000191,1101,8,1093
120000192,968,8,960
120000193,496,3,493
120000195,46,1,45
120000196,187,20,167
120000197,42,74,-32
120000198,20,279,-259
120000199,15,0,15
120000200,25,0,25
120000201,8,3,5
120000202,8,58,-50
120000203,9,395,-386
120000207,1,98,-97
120000208,2,348,-346
120000209,0,103,-103
120000210,203,81,122
120000211,30,2,28
120000212,14,0,14
120000213,28,582,-554
120000214,2,611,-609
120000215,2,144,-142
120000216,20,1,19
120000217,768,1598,-830
120000218,236,1993,-1757
120000219,20,1249,-1229
120000220,20,3979,-3959
120000225,134,0,134
120000226,28,3,25
120000227,226,2,224
120000228,10488,1479,9009
120000230,37,6,31
120000231,217,2562,-2345
120000233,21,12,9
120000235,92,713,-621
120000236,37,2,35
120000237,3,3006,-3003
120000238,1,85,-84
120000241,413,789,-376
120000412,1107,11,1096
120000413,41,387,-346
120000414,12,5,7
120000415,0,168,-168
120000416,3,20,-17
120000417,0,93,-93
120000418,9,1,8
120000419,4,519,-515
120000420,11,14,-3
120000421,16149,5630,10519
120000422,322,362,-40
120000423,5,47,-42
120000424,14,240,-226
120000436,77,119,-42
120000437,154,170,-16
120000438,5604,385,5219
120000439,45,140,-95
120000443,47,0,47
120000444,121,546,-425
120000445,439,464,-25
120000446,675,135,540
120000447,5,1,4
120000449,12,3,9
120000450,8,416,-408
120000451,14,148,-134
120000452,9,2,7
120000453,2,450,-448
120000454,11,9,2
120000455,11,44,-33
120000456,3384,2001,1383
120000457,1153,897,256
120000458,340,695,-355
120000459,27,33,-6
120000665,538,121,417
120000668,55,104,-49
120000669,16,402,-386
120000670,190,326,-136
120000671,161,127,34
120000672,53,433,-380
120900001,19,18,1
120900002,39,166,-127
120900003,68,20,48
120900004,3,20,-17
120900005,14,1331,-1317
120900006,38,105,-67
120900007,28,177,-149
120900008,69,1237,-1168
120900009,170,87,83
120900010,87,23,64
120900011,184,74,110
120900012,903,267,636
120900013,51,15,36
120900014,2,913,-911
120900015,67,78,-11
120900016,122,56,66
120900017,2844,111,2733
120900018,15,516,-501
120900019,119,47,72
120900020,175,191,-16
120900021,88,21,67
120900022,7,383,-376
120900023,26,26,0
120900024,1075,380,695
120900025,1693,497,1196
120900026,12,161,-149
120900027,392,122,270
120900028,48,18,30
120900029,15,63,-48
120900030,275,277,-2
120900031,43,11,32
120900032,154,128,26
120900033,152,7,145
120900034,128,909,-781
120900035,25,122,-97
120900037,31,1,30
120900038,15,45,-30
120900039,5,16,-11
120900040,24,0,24
120900041,52,14,38
120900042,33,51,-18
120900043,9,5,4
120900044,78,413,-335
120900045,66,184,-118
120900046,61,9,52
120900047,17,9,8
120900048,20,7,13
120900049,43,0,43
120900050,3667,430,3237
120900051,108,58,50
120900052,73,0,73
120900053,48,44,4
120900054,786,740,46
120900055,32,4,28
120900056,68,0,68
120900057,35,17,18
120900058,64,1,63
120900059,14,0,14
120900060,11,15,-4
120900061,159,282,-123
120900062,42,0,42
120900063,71,0,71
120900064,80,0,80
120900065,55,0,55
120900066,23,342,-319
120900067,29,11,18
120900068,26,0,26
120900069,17,100,-83
120900071,4,1,3
120900072,128,0,128
120900073,49,254,-205
120900074,114,1,113
120900076,38,1,37
120900077,3331,149,3182
120900078,122,834,-712
120900079,98,87,11
120900080,68,3309,-3241
120900081,102,1513,-1411
120900082,340,143,197
120900083,4,1,3
120900084,50,82,-32
120900085,56,28,28
120900086,123,74,49
120900087,98,44,54
120900088,110,71,39
120900089,5483,457,5026
120900090,34,238,-204
120900091,167,76,91
120900092,298,766,-468
120900093,5038,228,4810
120900094,319,267,52
120900095,36,21,15
120900096,22,88,-66
120900097,449,1603,-1154
120900098,210,187,23
120900099,42,141,-99
120900100,19,532,-513
120900101,165,366,-201
120900102,4,136,-132
120900103,17,99,-82
120900104,17,54,-37
120900105,25,1111,-1086
120900106,971,664,307
120900107,414,203,211
120900108,3,1336,-1333
120900109,8,991,-983
120900110,7,594,-587
120900111,100,471,-371
120900112,7,1743,-1736
120900113,5,1063,-1058
120900114,19,380,-361
120900115,61,66,-5
120900116,26,773,-747
120900117,3,663,-660
120900118,2,1122,-1120
120900119,4803,2963,1840
120900120,21,869,-848
120900121,44,386,-342
120900122,37,916,-879
120900123,4,609,-605
120900124,0,826,-826
120900125,6,1100,-1094
120900126,762,650,112
120900127,2,783,-781
120900128,711,936,-225
120900129,27,536,-509
120900130,2,428,-426
120900131,20,80,-60
120900132,86,439,-353
120900133,170,1309,-1139
120900134,132,493,-361
120900135,6,929,-923
120900136,11,10,1
120900137,29,116,-87
120900138,6,283,-277
120900139,4,1137,-1133
120900140,2,37,-35
120900141,34,78,-44
120900142,11,1029,-1018
120900143,12,1320,-1308
120900144,1,330,-329
120900145,14,1023,-1009
120900146,2,1315,-1313
120900147,2,245,-243
120900148,13,73,-60
120900149,2,464,-462
120900150,9,589,-580
120900151,4,926,-922
120900152,1,66,-65
120900153,0,96,-96
120900154,0,371,-371
120900155,51,1361,-1310
120900156,6,454,-448
120900157,4,289,-285
120900158,8,638,-630
120900159,28,1055,-1027
120900160,20,356,-336
120900161,13,2176,-2163
120900162,10,2192,-2182
120900163,3,74,-71
120900164,0,0,0
120900165,4,3,1
120900166,5,33,-28
120900167,56,63,-7
120900169,19,679,-660
120900170,2139,643,1496
120900171,1224,288,936
120900172,1038,55,983
120900173,1,42,-41
120900174,2,137,-135
120900175,279,186,93
120900176,7,125,-118
120900177,0,169,-169
120900178,0,128,-128
120900179,340,419,-79
120900180,83,60,23
120900181,3,80,-77
120900182,10,345,-335
120900183,647,71,576
120900184,147,64,83
120900185,2,477,-475
120900186,2,568,-566
120900187,112,331,-219
120900188,9,8,1
120900189,51,129,-78
120900190,4,34,-30
120900191,2,20,-18
120900192,16201,959,15242
120900194,17,99,-82
120900195,67,354,-287
120900196,301,108,193
120900197,90,15,75
120900198,89,736,-647
120900199,65,67,-2
120900200,116,33,83
120900201,619,138,481
120900202,0,268,-268
120900203,9,19,-10
120900204,329,427,-98
120900205,47,110,-63
120900206,3,5,-2
120900207,50,1228,-1178
121000001,678,1105,-427
121000002,856,785,71
121000003,5083,1881,3202
121000004,2226,1516,710
121000005,1644,2257,-613
121000006,2126,836,1290
121000007,2369,3111,-742
121000008,2391,1190,1201
121000009,8047,4266,3781
121000010,7343,1816,5527
121000011,15525,7587,7938
121000012,17664,3911,13753
121000013,6703,5154,1549
121000014,7714,4433,3281
121000015,4060,5044,-984
121000016,3920,3141,779
121000017,1025,2979,-1954
121000018,1336,1266,70
121000019,11560,5092,6468
121000020,7603,3729,3874
121000021,1584,2444,-860
121000022,972,1168,-196
121000023,2136,2271,-135
121000024,1233,2320,-1087
121000025,542,422,120
121000026,147,69,78
121000027,1548,792,756
121000028,518,341,177
121000029,225,582,-357
121000030,83,141,-58
121000031,298,633,-335
121000032,116,73,43
121000034,25,9,16
121000035,42,49,-7
121000036,346,349,-3
121000037,271,536,-265
121000038,301,337,-36
121000039,169,189,-20
121000041,130,270,-140
121000042,88,217,-129
121000043,574,412,162
121000044,823,317,506
121000045,194,437,-243
121000046,70,222,-152
121000047,23,61,-38
121000049,1154,518,636
121000050,158,742,-584
121000051,246,238,8
121000052,158,431,-273
121000053,118,6,112
121000054,14,156,-142
121000055,1428,987,441
121000056,557,720,-163
121000057,99,203,-104
121000058,333,97,236
121000059,866,444,422
121000060,246,404,-158
121000061,28,77,-49
121000062,61,81,-20
121000063,398,392,6
121000064,203,258,-55
121000065,217,274,-57
121000066,320,509,-189
121000067,633,222,411
121000068,247,159,88
121000069,249,128,121
121000070,630,905,-275
121000071,364,525,-161
121000072,598,518,80
121000073,441,576,-135
121000074,104,192,-88
121000075,58,101,-43
121000076,810,222,588
121000077,26,16,10
121000078,93,91,2
121000080,2313,458,1855
121000081,899,826,73
121000082,126,184,-58
121000083,159,58,101
121000084,112,81,31
121000085,399,409,-10
121000086,159,541,-382
121000087,24,167,-143
121000088,265,428,-163
121000089,151,122,29
121000090,177,276,-99
121000091,2371,546,1825
121000092,95,96,-1
121000093,67,174,-107
121000094,261,204,57
121000095,126,256,-130
121000096,2741,1791,950
121000097,1690,1313,377
121000098,183,990,-807
121000099,212,846,-634
121000100,173,561,-388
121000101,14,64,-50
121000102,40,399,-359
121000103,6,54,-48
121000104,51,168,-117
121000105,109,264,-155
121000106,8,53,-45
121000107,1786,3320,-1534
121000109,1926,954,972
121000110,171,299,-128
121000114,2044,1725,319
121000115,1072,634,438
121000116,578,724,-146
121000117,1230,175,1055
121000118,970,174,796
121000119,98,214,-116
121000120,172,332,-160
121000121,190,357,-167
121000123,438,314,124
121000126,101,261,-160
121000127,46,71,-25
121000128,129,580,-451
121000129,135,414,-279
121000130,236,759,-523
121000131,443,468,-25
121000132,454,432,22
121000135,305,364,-59
121000136,984,334,650
121000137,270,95,175
121000138,438,286,152
121000139,294,53,241
121000141,116,102,14
121000142,626,347,279
121000143,112,17,95
121000144,654,606,48
121000145,189,1106,-917
121000146,467,649,-182
121000147,309,403,-94
121000148,380,754,-374
121000149,869,909,-40
121000152,160,262,-102
121000153,1647,436,1211
121000154,514,355,159
121000155,890,547,343
121000156,418,585,-167
121000157,1790,1064,726
121000158,232,468,-236
121000159,139,647,-508
121000160,150,848,-698
121000161,41,282,-241
121000162,15,326,-311
121000165,1329,694,635
121000166,55,239,-184
121000168,104,237,-133
121000169,18,229,-211
121000170,61,39,22
121000171,63,187,-124
121000172,240,436,-196
121000173,1166,544,622
121000174,114,303,-189
121000175,278,372,-94
121000176,266,191,75
121000177,296,569,-273
121000178,65,71,-6
121000179,28,78,-50
121000181,152,273,-121
121000182,58,106,-48
121000183,33,45,-12
121000184,2,48,-46
121000185,7,133,-126
121000186,122,370,-248
121000187,115,328,-213
121000188,46,211,-165
121000192,340,318,22
121000193,243,257,-14
121000194,2181,1706,475
121000195,247,785,-538
121000196,260,137,123
121000197,72,689,-617
121000198,62,102,-40
121000199,42,674,-632
121000200,127,76,51
121000201,6,266,-260
121000202,57,36,21
121000203,128,2313,-2185
121000204,421,239,182
121000205,71,396,-325
121000206,57,74,-17
121000207,392,373,19
121000208,1,507,-506
121000209,52,569,-517
121000210,125,737,-612
121000211,31,133,-102
121000212,179,775,-596
121000213,6252,1135,5117
121000214,514,518,-4
121000215,1097,576,521
121000216,243,273,-30
121000217,2334,964,1370
121000218,363,1726,-1363
121000219,469,283,186
121000220,282,85,197
121000221,78,184,-106
121000222,1813,2316,-503
121000223,228,344,-116
121000224,66,47,19
121000225,513,551,-38
121000226,661,283,378
121000227,7,181,-174
121000228,9,929,-920
121000229,9,518,-509
121000230,76,2003,-1927
121000231,0,0,0
121000232,127,55,72
121000233,134,261,-127
121000234,0,20,-20
121000235,5,5,0
121000236,0,30,-30
121000237,2,3,-1
121000238,0,65,-65
121000239,5,2,3
121000240,0,123,-123
121000241,36,8,28
121000242,1,128,-127
121000243,26,5,21
121000244,1,49,-48
121000245,0,1,-1
121000246,0,67,-67
121000247,28,0,28
121000248,99,365,-266
121000249,34,223,-189
121000250,66,36,30
121000251,10,568,-558
121000252,26,15,11
121000253,86,671,-585
121000254,238,185,53
121000255,72,100,-28
121000256,49,102,-53
121000257,17,56,-39
121000258,23,29,-6
121000259,18,29,-11
121000260,15,131,-116
121000261,8,15,-7
121000262,1120,365,755
121000263,371,421,-50
121000271,222,1448,-1226
121000273,14,12,2
121000274,2,27,-25
121000275,3,23,-20
121000276,3,3,0
121000278,6,51,-45
121000279,17,42,-25
121000280,4,40,-36
121000289,27,5,22
121000290,795,532,263
121000294,32,286,-254
121000297,466,312,154
121000299,133,158,-25
121000300,696,380,316
121000302,15,212,-197
121000303,151,182,-31
121000304,50,3,47
121000305,16,17,-1
121000306,6,30,-24
121000308,127,223,-96
121000309,205,468,-263
121000310,22,433,-411
121000311,34,532,-498
121000312,107,64,43
121000313,604,275,329
121000314,109,63,46
121000315,41,44,-3
121000530,476,1208,-732
121000531,512,1180,-668
121000532,3922,2306,1616
121000533,1468,1390,78
121000918,5,231,-226
121000919,4,9,-5
121000938,61,84,-23
121000939,120,64,56
121000956,234,1209,-975
121000957,8,24,-16
121000958,11,69,-58
121000959,109,993,-884
121000960,344,1775,-1431
121000961,99,10,89
121000962,225,394,-169
121000973,2,147,-145
121000976,0,68,-68
121000979,13,4,9
121000981,118,21,97
121000982,52,98,-46
121000983,69,393,-324
121000984,9,26,-17
121000985,125,578,-453
121000986,21,510,-489
121000987,67,1503,-1436
121000988,250,109,141
121001302,254,85,169
121001308,3,10,-7
121001309,24,31,-7
121001311,0,0,0
121001313,39,475,-436
121001314,5106,3040,2066
121001315,3349,1235,2114
121001318,0,0,0
121900001,45,116,-71
121900002,0,10,-10
121900003,7,5,2
121900004,10,141,-131
121900005,1,4,-3
121900006,0,2,-2
121900007,36,295,-259
121900008,102,89,13
121900009,0,0,0
121900010,48,1,47
121900011,45,147,-102
121900012,0,0,0
121900013,79,1,78
121900014,132,44,88
121900015,5,24,-19
121900016,0,0,0
121900017,35,48,-13
121900018,53,1,52
121900019,35,79,-44
121900020,0,1,-1
121900021,168,2,166
121900022,13,15,-2
121900023,2,25,-23
121900024,125,11,114
121900025,27,59,-32
121900026,5,6,-1
121900027,32,31,1
121900028,127,1,126
121900029,0,9,-9
121900030,122,123,-1
121900031,238,647,-409
121900032,25,28,-3
121900033,20,28,-8
121900034,26,15,11
121900035,338,147,191
121900036,0,22,-22
121900037,24,162,-138
121900038,4,58,-54
121900039,15,2,13
121900040,1,8,-7
121900041,12,27,-15
121900042,43,29,14
121900043,0,1,-1
121900044,278,15,263
121900046,10,18,-8
121900047,39,9,30
121900048,3,57,-54
121900050,2,5,-3
121900051,10,42,-32
121900052,3,14,-11
121900053,44,74,-30
121900054,47,119,-72
121900055,0,2,-2
121900058,31,81,-50
121900059,5,27,-22
121900060,7,89,-82
121900061,12,22,-10
121900062,0,0,0
121900063,43,98,-55
121900064,12,158,-146
121900066,2,4,-2
121900067,0,0,0
121900069,160,124,36
121900070,17,37,-20
121900071,35,101,-66
121900072,3,49,-46
121900073,20,33,-13
121900074,29,57,-28
121900075,43,60,-17
121900076,13,118,-105
121900077,0,17,-17
121900078,5,3,2
121900079,0,0,0
121900080,86,107,-21
121900082,2,32,-30
121900084,3,181,-178
121900085,0,6,-6
121900086,0,3,-3
121900087,53,31,22
121900088,742,646,96
121900089,7,129,-122
121900090,2,107,-105
121900091,0,44,-44
121900092,1,13,-12
121900093,14,15,-1
121900094,2,3,-1
121900095,60,33,27
121900096,247,31,216
121900097,18,14,4
121900098,0,0,0
121900099,9,13,-4
121900100,4,17,-13
121900101,21,19,2
121900102,3,13,-10
121900103,49,12,37
121900104,149,52,97
121900105,5,2,3
121900106,0,0,0
121900107,0,7,-7
121900108,0,0,0
121900109,71,40,31
121900110,30,471,-441
121900111,439,100,339
121900112,10,6,4
121900113,0,16,-16
121900114,0,0,0
121900117,15,8,7
121900118,662,72,590
121900119,17,158,-141
121900120,4,601,-597
121900121,0,0,0
121900122,1,2,-1
121900123,32,75,-43
121900124,13,97,-84
121900125,442,546,-104
121900127,1,20,-19
121900128,25,108,-83
121900129,744,59,685
121900130,13,50,-37
121900131,51,53,-2
121900132,7,49,-42
121900133,3,10,-7
121900134,0,41,-41
121900135,622,99,523
121900136,3,200,-197
121900137,16,90,-74
121900138,19,50,-31
121900139,158,119,39
121900140,5,15,-10
121900141,6,3,3
121900142,1,10,-9
121900143,1,23,-22
121900144,274,221,53
121900145,8,39,-31
121900146,83,258,-175
121900147,46,157,-111
121900148,46,76,-30
121900149,35,259,-224
121900150,37,116,-79
121900151,22,81,-59
121900152,7,36,-29
121900153,4,141,-137
121900154,1,40,-39
121900155,0,31,-31
121900156,89,54,35
121900157,2,194,-192
121900158,29,32,-3
121900159,0,65,-65
121900160,0,89,-89
121900161,164,61,103
121900162,30,35,-5
121900163,10,435,-425
121900164,42,36,6
121900165,16,60,-44
121900166,33,80,-47
121900167,47,29,18
121900168,42,35,7
121900169,1,354,-353
121900170,0,84,-84
121900171,79,138,-59
121900172,35,135,-100
121900173,122,14,108
121900174,0,0,0
121900175,6,61,-55
121900176,165,1209,-1044
121900177,35,24,11
121900178,0,22,-22
121900179,16,35,-19
121900180,5136,1159,3977
121900182,39,88,-49
121900183,99,84,15
121900184,4,176,-172
121900186,2,193,-191
121900187,4,36,-32
121900188,239,43,196
121900189,4,34,-30
121900190,28,127,-99
121900191,5,13,-8
121900192,242,101,141
121900193,0,39,-39
121900194,1,72,-71
121900195,3,22,-19
121900196,58,157,-99
121900197,113,1252,-1139
121900198,473,86,387
121900199,2,24,-22
121900200,14,30,-16
121900201,185,118,67
121900202,36,71,-35
121900203,21,63,-42
121900204,398,119,279
121900205,0,15,-15
121900206,1,7,-6
121900207,33,8,25
121900208,14,45,-31
121900209,10,7,3
121900210,71,70,1
121900211,2,17,-15
121900212,15,30,-15
121900213,6,21,-15
121900214,2,120,-118
121900215,3,7,-4
121900216,10,19,-9
121900217,32,15,17
121900218,18,54,-36
121900220,38,3,35
121900221,45,128,-83
121900222,1,47,-46
121900223,4,3,1
121900224,4,9,-5
121900225,7,7,0
121900226,29,528,-499
121900227,15,52,-37
121900228,10,42,-32
121900230,10,3,7
121900231,99,47,52
121900232,53,51,2
121900233,113,104,9
121900234,23,71,-48
121900235,25,60,-35
121900236,22,26,-4
121900237,68,234,-166
121900238,53,69,-16
121900239,22,11,11
121900240,37,37,0
121900241,1,12,-11
121900242,0,0,0
121900243,0,0,0
121900244,0,0,0
121900245,37,28,9
121900246,6,10,-4
121900247,69,100,-31
121900248,197,146,51
121900250,72,54,18
121900251,18,0,18
121900252,423,52,371
121900253,46,320,-274
121900254,138,69,69
121900255,19,12,7
121900258,226,34,192
121900259,56,42,14
121900260,0,76,-76
121900261,29,86,-57
121900262,82,153,-71
121900263,12,56,-44
121900264,787,250,537
121900265,50,107,-57
121900266,12,36,-24
121900267,0,0,0
121900269,3,55,-52
121900270,12,42,-30
121900271,4,60,-56
121900273,76,311,-235
121900274,16,107,-91
121900277,68,788,-720
121900278,10,431,-421
121900279,34,225,-191
121900280,43,109,-66
121900281,129,26,103
121900284,123,2,121
121900286,8,143,-135
121900287,2,7,-5
121900288,0,0,0
121900290,56,86,-30
121900291,149,235,-86
121900292,24,18,6
121900293,444,2077,-1633
121900294,67,2,65
121900295,11,71,-60
121900296,2,3,-1
121900298,37,103,-66
121900299,0,0,0
121900300,0,1,-1
121900301,0,0,0
121900302,0,40,-40
121900303,22,88,-66
121900304,0,0,0
121900305,0,0,0
121900306,0,0,0
121900307,0,0,0
121900308,5,227,-222
121900309,5,207,-202
121900310,3,323,-320
121900311,27,7,20
121900312,15,7,8
121900313,39,6,33
121900314,0,56,-56
121900315,0,0,0
121900316,0,3,-3
121900317,0,0,0
121900318,0,3,-3
121900319,0,0,0
121900320,3,17,-14
121900321,0,0,0
121900322,0,10,-10
121900323,8,4,4
121900324,0,0,0
121900325,0,0,0
121900326,0,4,-4
121900327,0,14,-14
121900328,1,11,-10
121900329,0,60,-60
121900330,0,34,-34
121900331,9,1,8
121900332,1,2,-1
121900333,0,0,0
121900334,0,0,0
122000001,1283,1818,-535
122000002,2863,792,2071
122000003,1200,763,437
122000004,1689,654,1035
122000005,1667,530,1137
122000006,942,303,639
122000007,673,496,177
122000008,3865,1651,2214
122000009,598,113,485
122000010,1628,1765,-137
122000011,2382,635,1747
122000012,760,820,-60
122000013,929,728,201
122000014,848,842,6
122000015,814,651,163
122000016,289,469,-180
122000017,789,669,120
122000018,817,966,-149
122000019,445,1378,-933
122000020,131,174,-43
122000021,595,237,358
122000022,652,397,255
122000023,240,815,-575
122000024,585,593,-8
122000025,774,798,-24
122000026,1475,441,1034
122000027,440,2084,-1644
122000028,457,190,267
122000029,149,135,14
122000030,255,58,197
122000031,105,97,8
122000032,567,1013,-446
122000033,400,454,-54
122000034,369,271,98
122000035,245,333,-88
122000036,207,480,-273
122000037,206,165,41
122000038,173,213,-40
122000039,275,290,-15
122000040,277,155,122
122000041,157,284,-127
122000042,61,239,-178
122000043,85,69,16
122000044,60,81,-21
122000045,740,314,426
122000046,335,525,-190
122000047,192,109,83
122000048,1717,1775,-58
122000049,3055,1499,1556
122000050,707,400,307
122000051,163,139,24
122000052,224,129,95
122000053,53,280,-227
122000054,1369,1073,296
122000055,1020,1386,-366
122000056,2955,1987,968
122000057,2633,1647,986
122000058,2951,986,1965
122000059,2859,1293,1566
122000060,750,417,333
122000061,444,142,302
122000062,757,235,522
122000063,391,305,86
122000064,2372,2530,-158
122000065,2972,2088,884
122000066,717,876,-159
122000067,672,888,-216
122000068,395,612,-217
122000069,373,560,-187
122000070,200,979,-779
122000071,361,591,-230
122000072,181,232,-51
122000073,185,318,-133
122000074,484,423,61
122000075,188,401,-213
122000076,717,605,112
122000077,520,530,-10
122000078,2078,1668,410
122000079,575,406,169
122000080,292,220,72
122000081,57,99,-42
122000082,726,435,291
122000083,685,1571,-886
122000084,482,490,-8
122000085,165,1113,-948
122000086,1329,1862,-533
122000087,314,147,167
122000088,265,207,58
122000089,3601,1612,1989
122000090,159,189,-30
122000091,101,53,48
122000092,51,5,46
122000093,926,1205,-279
122000094,4133,1452,2681
122000095,2198,839,1359
122000096,1353,425,928
122000098,1799,1214,585
122000099,776,530,246
122000100,604,321,283
122000101,103,282,-179
122000102,1152,782,370
122000103,491,925,-434
122000104,138,145,-7
122000105,87,172,-85
122000106,313,269,44
122000107,316,279,37
122000108,184,471,-287
122000109,69,109,-40
122000110,194,283,-89
122000111,1791,766,1025
122000112,359,603,-244
122000113,215,460,-245
122000114,1353,1483,-130
122000115,1351,702,649
122000116,315,268,47
122000117,560,190,370
122000118,237,239,-2
122000119,1753,1087,666
122000120,1555,1668,-113
122000121,2053,1436,617
122000122,367,750,-383
122000123,976,464,512
122000124,337,209,128
122000125,302,471,-169
122000126,304,408,-104
122000127,681,651,30
122000128,271,580,-309
122000129,177,164,13
122000130,1029,263,766
122000131,898,291,607
122000132,622,282,340
122000133,531,1926,-1395
122000134,312,323,-11
122000135,345,854,-509
122000136,114,103,11
122000137,323,412,-89
122000139,838,1477,-639
122000140,590,283,307
122000141,3811,533,3278
122000142,155,512,-357
122000143,269,133,136
122000144,921,543,378
122000145,372,351,21
122000146,119,397,-278
122000147,281,147,134
122000148,1547,682,865
122000149,1136,459,677
122000150,525,306,219
122000151,129,257,-128
122000152,257,234,23
122000153,88,92,-4
122000154,134,47,87
122000155,975,867,108
122000156,2142,1597,545
122000157,1203,979,224
122000158,144,341,-197
122000159,480,921,-441
122000160,1829,428,1401
122000161,496,262,234
122000162,820,549,271
122000163,434,71,363
122000164,47,91,-44
122000165,400,319,81
122000166,436,500,-64
122000167,119,270,-151
122000168,121,338,-217
122000169,304,119,185
122000170,120,195,-75
122000171,27,60,-33
122000172,828,849,-21
122000173,771,1197,-426
122000174,905,720,185
122000175,783,296,487
122000176,211,371,-160
122000177,987,1387,-400
122000178,2008,741,1267
122000179,1735,1209,526
122000180,1127,686,441
122000181,1456,1297,159
122000182,2272,344,1928
122000183,967,202,765
122000184,3981,1135,2846
122000185,1347,935,412
122000186,472,512,-40
122000187,404,679,-275
122000188,273,129,144
122000189,108,82,26
122000190,302,701,-399
122000191,363,222,141
122000192,366,124,242
122000193,72,284,-212
122000194,254,103,151
122000195,114,320,-206
122000196,470,273,197
122000197,147,131,16
122000198,268,797,-529
122000199,159,104,55
122000200,557,217,340
122000201,1227,1603,-376
122000202,732,869,-137
122000203,1604,1153,451
122000204,802,1538,-736
122000205,791,795,-4
122000206,1181,365,816
122000207,472,700,-228
122000208,615,933,-318
122000209,875,118,757
122000210,608,1936,-1328
122000211,404,1132,-728
122000212,225,291,-66
122000213,528,617,-89
122000214,780,818,-38
122000215,797,730,67
122000217,1067,1053,14
122000218,29,18,11
122000219,1328,994,334
122000220,166,790,-624
122000221,121,313,-192
122000222,401,50,351
122000223,498,494,4
122000225,401,186,215
122000226,460,1589,-1129
122000227,127,936,-809
122000228,168,400,-232
122000229,18,309,-291
122000230,32,669,-637
122000231,80,543,-463
122000232,169,846,-677
122000233,1,75,-74
122000234,45,171,-126
122000235,185,174,11
122000236,274,180,94
122000237,18,47,-29
122000238,28,55,-27
122000239,135,54,81
122000240,263,120,143
122000241,369,147,222
122000242,195,49,146
122000243,76,40,36
122000244,22,430,-408
122000245,32,214,-182
122000246,48,54,-6
122000247,292,849,-557
122000248,1197,1304,-107
122000249,167,236,-69
122000250,594,259,335
122000251,166,240,-74
122000252,315,45,270
122000253,19,294,-275
122000254,55,46,9
122000255,350,1126,-776
122000256,197,1290,-1093
122000257,60,364,-304
122000258,43,154,-111
122000259,5,733,-728
122000260,9,121,-112
122000261,3,91,-88
122000262,1,58,-57
122000263,48,114,-66
122000264,44,72,-28
122000265,306,183,123
122000266,977,177,800
122000267,22,41,-19
122000268,35,136,-101
122000269,171,143,28
122000270,180,87,93
122000271,161,991,-830
122000272,162,1007,-845
122000273,104,475,-371
122000274,32,130,-98
122000275,16,108,-92
122000276,103,354,-251
122000277,388,723,-335
122000278,277,823,-546
122000279,62,418,-356
122000280,470,594,-124
122000281,240,618,-378
122000282,32,72,-40
122000283,410,25,385
122000284,60,83,-23
122000285,256,77,179
122000286,104,103,1
122000287,268,447,-179
122000288,117,111,6
122000291,361,242,119
122000293,338,208,130
122000294,40,29,11
122000295,488,102,386
122000296,43,196,-153
122000297,2280,965,1315
122000299,101,363,-262
122000300,136,292,-156
122000301,11737,1022,10715
122000302,940,553,387
122000303,4254,743,3511
122000304,9,99,-90
122000305,574,149,425
122000306,9,814,-805
122000307,55,133,-78
122000309,15,74,-59
122000310,1,11,-10
122000311,43,27,16
122000312,52,16,36
122000313,10,46,-36
122000314,47,137,-90
122000315,34,4,30
122000316,150,92,58
122000317,367,85,282
122000318,75,130,-55
122000319,244,487,-243
122000320,147,2416,-2269
122000321,25,357,-332
122000322,1717,849,868
122000323,1135,763,372
122000324,786,759,27
122000325,464,630,-166
122000326,3,36,-33
122000327,111,259,-148
122000328,421,668,-247
122000330,1060,322,738
122000332,165,319,-154
122000333,8,194,-186
122000337,251,1762,-1511
122000338,64,410,-346
122000340,215,144,71
122000342,2350,831,1519
122000343,134,1457,-1323
122000344,8,2,6
122000345,16,39,-23
122000346,165,441,-276
122000348,248,744,-496
122000349,57,680,-623
122000351,16,94,-78
122000352,172,50,122
122000353,12,139,-127
122000355,56,101,-45
122000356,886,575,311
122000357,14,16,-2
122000358,0,50,-50
122000359,0,35,-35
122000360,1,28,-27
122000362,9,105,-96
122000364,21,350,-329
122000365,1,9,-8
122000366,3,7,-4
122000368,224,475,-251
122000370,9,52,-43
122000371,0,0,0
122000372,0,1,-1
122000381,8,252,-244
122000382,37,195,-158
122000384,2530,1187,1343
122000385,0,0,0
122000386,62,294,-232
122000387,140,431,-291
122000388,416,173,243
122000389,182,763,-581
122000390,95,102,-7
122000391,16,27,-11
122000392,111,213,-102
122000393,5,272,-267
122000394,53,299,-246
122000395,74,201,-127
122000396,98,114,-16
122000397,12,70,-58
122000398,4,9,-5
122000399,15,82,-67
122000400,72,116,-44
122000401,73,99,-26
122000402,8,4,4
122000403,138,1379,-1241
122000404,31,155,-124
122000408,359,819,-460
122000503,4,15,-11
122000524,133,39,94
122000544,9,345,-336
122000616,788,7,781
122000640,9,168,-159
122000641,24,481,-457
122000642,614,1047,-433
122000643,0,18,-18
122000644,102,20,82
122000645,102,143,-41
122000651,854,452,402
122000664,98,25,73
122000665,685,446,239
122000666,323,699,-376
122000673,14,392,-378
122000674,113,38,75
122000675,377,1072,-695
122000686,97,1036,-939
122000687,168,419,-251
122000688,74,576,-502
122000689,161,717,-556
122000690,197,669,-472
122000691,118,1700,-1582
122000692,425,468,-43
122000693,194,1752,-1558
122000695,102,639,-537
122000696,60,179,-119
122000698,55,1230,-1175
122000699,98,63,35
122000701,386,362,24
122000702,234,1170,-936
122000703,13,3,10
122000717,295,45,250
122000718,474,74,400
122000719,8,13,-5
122000720,27,106,-79
122000724,152,15,137
122900001,1,1,0
122900002,325,242,83
122900003,31,20,11
122900004,148,4,144
122900005,61,5,56
122900006,181,28,153
122900007,10,1,9
122900008,206,11,195
122900009,80,21,59
122900010,0,0,0
122900012,3,20,-17
122900014,39,181,-142
122900015,1082,88,994
122900016,21,317,-296
122900017,100,518,-418
122900018,50,7,43
122900019,7,139,-132
122900020,263,270,-7
122900021,30,251,-221
122900022,107,783,-676
122900023,157,234,-77
122900024,63,38,25
122900025,5,103,-98
122900026,87,253,-166
122900027,16,568,-552
122900028,31,90,-59
122900029,1811,541,1270
122900030,1567,163,1404
122900031,25,76,-51
122900032,69,195,-126
122900033,43,34,9
122900034,852,797,55
122900035,0,2,-2
122900036,1,10,-9
122900037,94,61,33
122900038,40,704,-664
122900039,41,139,-98
122900040,9,46,-37
122900041,13,17,-4
122900042,13,31,-18
122900043,48,41,7
122900044,3,29,-26
122900045,15,36,-21
122900046,11,16,-5
122900047,28,30,-2
122900048,12,65,-53
122900049,1309,58,1251
122900051,31,64,-33
122900052,16,50,-34
122900053,5,16,-11
122900055,47,40,7
122900057,23,1,22
122900061,377,69,308
122900062,234,170,64
122900063,48,308,-260
122900064,524,425,99
122900065,126,91,35
122900066,170,137,33
122900067,1329,382,947
122900068,217,297,-80
122900069,112,369,-257
122900070,40,19,21
122900071,20,458,-438
122900072,22,556,-534
122900073,28,146,-118
122900074,26,505,-479
122900075,0,72,-72
122900076,4,125,-121
122900077,1,204,-203
122900078,9,199,-190
122900080,7,2,5
122900081,41,0,41
122900082,30,2,28
122900083,1,0,1
122900084,2,129,-127
122900086,0,4,-4
122900087,50,657,-607
122900088,4,27,-23
122900089,1,53,-52
122900090,5,592,-587
122900091,0,0,0
122900092,0,80,-80
122900093,1,156,-155
122900094,2,113,-111
122900095,0,0,0
122900096,2,126,-124
122900097,0,0,0
122900098,18,29,-11
122900099,0,3,-3
122900100,68,49,19
122900101,98,10,88
122900102,0,5,-5
122900103,11,1,10
122900104,1,0,1
122900105,1,0,1
122900106,1,43,-42
122900107,3,142,-139
122900108,4,138,-134
123000001,1112,262,850
123000002,3681,1244,2437
123000003,2329,1454,875
123000004,2797,3518,-721
123000005,830,1067,-237
123000006,2562,2536,26
123000007,881,952,-71
123000008,1586,3561,-1975
123000009,2296,1655,641
123000010,3454,3319,135
123000011,727,560,167
123000012,586,2022,-1436
123000013,1540,452,1088
123000014,1322,3539,-2217
123000015,904,299,605
123000016,7085,2065,5020
123000017,2233,1081,1152
123000018,33,85,-52
123000019,72,327,-255
123000020,35,125,-90
123000021,29,87,-58
123000022,210,578,-368
123000023,788,890,-102
123000024,416,399,17
123000025,9,47,-38
123000026,0,26,-26
123000027,59,252,-193
123000028,438,46,392
123000029,827,308,519
123000030,34,967,-933
123000031,49,403,-354
123000032,92,192,-100
123000033,40,59,-19
123000034,454,362,92
123000035,94,140,-46
123000036,130,221,-91
123000037,92,238,-146
123000038,52,195,-143
123000039,805,830,-25
123000040,916,318,598
123000041,362,277,85
123000042,341,440,-99
123000043,2070,2177,-107
123000044,3802,1347,2455
123000045,9228,1185,8043
123000046,569,549,20
123000047,3204,833,2371
123000048,39,124,-85
123000049,5292,2115,3177
123000050,433,576,-143
123000051,72,97,-25
123000052,422,949,-527
123000053,2187,1546,641
123000054,1015,695,320
123000055,556,491,65
123000056,736,1522,-786
123000057,14999,3355,11644
123000058,305,359,-54
123000059,184,293,-109
123000060,232,274,-42
123000061,82,471,-389
123000063,342,294,48
123000064,583,137,446
123000065,6429,2267,4162
123000066,1084,583,501
123000067,184,360,-176
123000068,2629,2313,316
123000069,10931,2443,8488
123000070,126,634,-508
123000071,312,718,-406
123000072,581,1458,-877
123000073,308,573,-265
123000074,517,2027,-1510
123000075,133,364,-231
123000076,240,732,-492
123000077,1367,3045,-1678
123000078,468,884,-416
123000079,404,1167,-763
123000080,1130,2229,-1099
123000081,129,626,-497
123000082,243,1263,-1020
123000083,319,68,251
123000084,139,508,-369
123000085,32,125,-93
123000086,95,532,-437
123000087,37,542,-505
123000088,471,1337,-866
123000089,146,568,-422
123000090,674,883,-209
123000091,937,736,201
123000092,1005,807,198
123000094,173,157,16
123000095,110,334,-224
123000096,162,322,-160
123000097,128,1211,-1083
123000098,214,305,-91
123000099,323,869,-546
123000100,374,325,49
123000101,417,283,134
123000102,254,321,-67
123000104,232,236,-4
123000105,464,381,83
123000106,316,210,106
123000107,285,390,-105
123000108,925,1171,-246
123000111,246,124,122
123000112,374,419,-45
123000113,375,1730,-1355
123000114,307,317,-10
123000115,105,197,-92
123000116,13,146,-133
123000117,599,2334,-1735
123000118,209,1080,-871
123000119,94,1007,-913
123000120,224,810,-586
123000121,198,533,-335
123000122,238,206,32
123000123,371,510,-139
123000124,395,421,-26
123000125,418,342,76
123000126,1603,1289,314
123000127,2441,762,1679
123000128,132,403,-271
123000129,40,40,0
123000130,75,9,66
123000131,223,198,25
123000132,215,446,-231
123000133,190,351,-161
123000134,365,145,220
123000135,589,945,-356
123000136,142,1360,-1218
123000137,52,458,-406
123000138,31,489,-458
123000139,22,14,8
123000140,57,784,-727
123000141,102,19,83
123000142,611,869,-258
123000143,752,2311,-1559
123000144,14,12,2
123000145,136,103,33
123000146,20,105,-85
123000147,23,104,-81
123000149,175,180,-5
123000150,119,167,-48
123000151,119,321,-202
123000152,51,257,-206
123000153,155,270,-115
123000154,1750,878,872
123000155,2222,671,1551
123000156,43,51,-8
123000157,219,701,-482
123000158,441,337,104
123000159,1953,969,984
123000160,251,180,71
123000161,681,296,385
123000162,243,564,-321
123000163,66,10,56
123000164,214,82,132
123000165,194,1836,-1642
123000166,17,147,-130
123000167,43,277,-234
123000168,82,454,-372
123000169,97,53,44
123000170,2,467,-465
123000171,13,90,-77
123000172,131,700,-569
123000173,157,32,125
123000174,126,54,72
123000175,831,1297,-466
123000176,303,29,274
123000177,284,1059,-775
123000178,155,22,133
123000179,11,802,-791
123000180,694,154,540
123000181,194,1353,-1159
123000182,37,468,-431
123000183,92,100,-8
123000184,28,736,-708
123000185,60,164,-104
123000186,2,628,-626
123000187,85,10,75
123000188,16,3,13
123000189,65,225,-160
123000190,9,50,-41
123000192,10,412,-402
123000193,27,471,-444
123000194,365,194,171
123000195,51,2,49
123000196,64,1,63
123000197,13,74,-61
123000198,3,185,-182
123000199,1,463,-462
123000200,54,2,52
123000201,217,3,214
123000202,22,1310,-1288
123000203,169,20,149
123000204,29,1329,-1300
123000205,196,2118,-1922
123000206,419,47,372
123000207,47,973,-926
123000208,89,41,48
123000209,485,112,373
123000210,300,1461,-1161
123000211,522,2761,-2239
123000212,512,114,398
123000213,75,19,56
123000215,44,50,-6
123000216,66,145,-79
123000217,58,8,50
123000218,96,187,-91
123000219,263,7,256
123000220,112,14,98
123000221,94,96,-2
123000222,126,361,-235
123000223,57,378,-321
123000224,178,557,-379
123000225,41,65,-24
123000226,13,388,-375
123000227,37,390,-353
123000228,34,48,-14
123000229,677,1649,-972
123000232,66,519,-453
123000233,127,45,82
123000234,74,674,-600
123000235,33,128,-95
123000236,85,956,-871
123000237,83,16,67
123000238,51,645,-594
123000239,282,2289,-2007
123000240,4,120,-116
123000241,570,78,492
123000242,56,195,-139
123000243,213,831,-618
123000244,549,310,239
123000245,38,158,-120
123000249,401,520,-119
123000252,192,86,106
123000253,178,129,49
123000254,201,958,-757
123000255,326,327,-1
123000256,35,220,-185
123000257,2798,2105,693
123000258,676,1106,-430
123000259,131,345,-214
123000260,148,641,-493
123000261,45,291,-246
123000262,74,291,-217
123000263,140,67,73
123000264,111,24,87
123000265,33,197,-164
123000266,182,536,-354
123000267,97,146,-49
123000268,13,45,-32
123000269,13,16,-3
123000270,5,32,-27
123000271,23,72,-49
123000272,364,38,326
123000273,41,206,-165
123000274,241,101,140
123000275,179,1013,-834
123000278,2516,1928,588
123000279,12,54,-42
123000280,103,324,-221
123000281,77,68,9
123000282,84,199,-115
123000283,19,27,-8
123000284,13,149,-136
123000286,258,166,92
123000287,420,200,220
123000288,146,149,-3
123000289,175,215,-40
123000291,283,771,-488
123000294,100,197,-97
123000295,364,603,-239
123000296,97,223,-126
123000297,115,822,-707
123000298,111,798,-687
123000299,13,121,-108
123000300,315,283,32
123000301,31,119,-88
123000302,39,198,-159
123000303,17,72,-55
123000305,702,745,-43
123000306,27,311,-284
123000309,16,82,-66
123000310,51,31,20
123000311,1,168,-167
123000312,593,918,-325
123000313,99,131,-32
123000315,32,356,-324
123000316,515,15,500
123000317,56,30,26
123000318,10,235,-225
123000329,40,11,29
123000337,23,198,-175
123000338,254,34,220
123000339,40,531,-491
123000340,85,323,-238
123000342,1,63,-62
123000343,0,0,0
123000344,631,288,343
123000345,189,502,-313
123000346,26,15,11
123000352,2254,654,1600
123000353,18,151,-133
123000354,69,1,68
123000355,1,302,-301
123000356,31,4,27
123000357,3,300,-297
123000359,0,266,-266
123000360,0,0,0
123000361,529,204,325
123000362,29,107,-78
123000363,15,250,-235
123000364,283,154,129
123000365,24,191,-167
123000366,162,589,-427
123000367,170,965,-795
123000370,6,337,-331
123000371,39,8,31
123000372,28,2,26
123000373,1,378,-377
123000374,3,161,-158
123000375,51,0,51
123000376,289,353,-64
123000377,48,18,30
123000378,6,462,-456
123000379,0,204,-204
123000380,19,154,-135
123000381,28,3,25
123000382,246,9,237
123000383,162,417,-255
123000384,156,12,144
123000385,298,564,-266
123000436,48,622,-574
123000507,92,145,-53
123000508,41,188,-147
123000517,284,20,264
123000518,28,235,-207
123000519,132,86,46
123000520,67,192,-125
123000521,155,102,53
123000522,206,573,-367
123000541,0,0,0
123000542,0,47,-47
123000565,171,12,159
123000566,42,1011,-969
123000567,89,250,-161
123000573,38,1145,-1107
123000574,84,22,62
123000575,517,1253,-736
123000576,149,2370,-2221
123000577,76,377,-301
123000578,338,62,276
123000579,3141,1130,2011
123000580,79,4,75
123000582,33,5,28
123000583,15,529,-514
123000584,35,114,-79
123000585,0,88,-88
123000586,0,0,0
123000596,59,119,-60
123000597,29,51,-22
123000602,0,0,0
123000603,73,671,-598
123000604,153,1149,-996
123000605,289,80,209
123000606,1,463,-462
123000609,7,351,-344
123000610,37,39,-2
123000613,74,149,-75
123000614,50,15,35
123000615,62,266,-204
123000616,84,14,70
123000617,57,1115,-1058
123000618,20,826,-806
123000619,79,8,71
123000620,43,681,-638
123000622,134,11,123
123000624,47,7,40
123000630,213,272,-59
123000631,101,1928,-1827
123000632,1010,1198,-188
123000633,0,87,-87
123000634,8,2,6
123000635,268,128,140
123000636,26,644,-618
123000637,56,106,-50
123000638,119,65,54
123000639,303,558,-255
123000640,4,1163,-1159
123000648,53,18,35
123000649,22,545,-523
123900001,1331,55,1276
123900002,9,528,-519
123900003,171,398,-227
123900005,24,31,-7
123900006,23,8,15
124000001,580,13,567
124000002,93,1326,-1233
124000003,155,70,85
124000004,30,701,-671
124000005,206,49,157
124000006,219,1583,-1364
124000007,217,42,175
124000008,11,302,-291
124000009,58,142,-84
124000010,61,534,-473
124000011,133,113,20
124000012,142,1057,-915
124000017,1,13,-12
124000018,81,111,-30
124000019,8,20,-12
124000020,23,201,-178
124000021,10,16,-6
124000022,60,179,-119
124000023,745,788,-43
124000024,850,573,277
124000025,585,633,-48
124000026,1132,1037,95
124000027,3948,1627,2321
124000028,3015,2693,322
124000030,2849,961,1888
124000031,176,175,1
124000032,4864,831,4033
124000033,187,82,105
124000034,2135,591,1544
124000035,71,23,48
124000036,69,509,-440
124000037,82,67,15
124000038,8,120,-112
124000039,487,106,381
124000040,363,292,71
124000041,89,46,43
124000042,36,313,-277
124000043,22,35,-13
124000044,30,333,-303
124000045,183,294,-111
124000046,85,733,-648
124000047,295,427,-132
124000048,253,2092,-1839
124000049,420,356,64
124000050,244,2463,-2219
124000051,155,226,-71
124000052,177,1526,-1349
124000053,219,364,-145
124000054,451,749,-298
124000055,585,438,147
124000056,3684,1257,2427
124000057,269,217,52
124000058,212,1259,-1047
124000059,169,292,-123
124000060,576,791,-215
124000061,705,1311,-606
124000062,8500,1452,7048
124000063,1072,1227,-155
124000064,1912,1622,290
124000065,63,133,-70
124000066,123,35,88
124000067,17,89,-72
124000068,16,87,-71
124000069,108,122,-14
124000070,54,565,-511
124000071,34,22,12
124000072,107,585,-478
124000073,228,59,169
124000074,68,1018,-950
124000075,8,6,2
124000076,10,228,-218
124000077,760,457,303
124000078,1178,88,1090
124000079,353,561,-208
124000080,49,51,-2
124000081,55,839,-784
124000082,2,36,-34
124000083,5,173,-168
124000084,17,60,-43
124000085,28,73,-45
124000086,27,47,-20
124000087,41,23,18
124000088,101,180,-79
124000089,182,198,-16
124000090,42,489,-447
124000091,109,83,26
124000092,67,850,-783
124000093,46,41,5
124000094,26,340,-314
124000095,52,24,28
124000096,59,250,-191
124000097,30,52,-22
124000098,45,118,-73
124000099,25,41,-16
124000100,23,121,-98
124000101,35,77,-42
124000102,63,75,-12
124000103,29,57,-28
124000104,37,88,-51
124000105,7,28,-21
124000106,61,142,-81
124000107,13,52,-39
124000108,25,49,-24
124000109,50,33,17
124000110,56,112,-56
124000111,76,129,-53
124000112,228,606,-378
124000113,29,40,-11
124000114,105,643,-538
124000115,227,697,-470
124000116,29,80,-51
124000117,58,39,19
124000118,22,28,-6
124000119,300,559,-259
124000120,112,387,-275
124000121,1078,336,742
124000122,664,720,-56
124000123,338,201,137
124000124,227,702,-475
124000125,265,201,64
124000126,238,436,-198
124000127,288,214,74
124000128,285,983,-698
124000129,1069,851,218
124000130,713,538,175
124000131,585,339,246
124000132,702,632,70
124000133,199,487,-288
124000134,463,686,-223
124000135,938,816,122
124000136,766,949,-183
124000137,648,326,322
124000138,969,705,264
124000139,173,8,165
124000140,25,292,-267
124000141,12,3,9
124000142,1,81,-80
124000143,14,11,3
124000144,8,39,-31
124000145,42,12,30
124000146,6,146,-140
124000148,7,8,-1
124000149,292,130,162
124000150,159,449,-290
124000151,207,121,86
124000152,387,938,-551
124000153,193,285,-92
124000154,269,889,-620
124000155,469,241,228
124000156,990,783,207
124000169,88,116,-28
124000170,550,343,207
124000171,79,67,12
124000172,213,564,-351
124000173,79,212,-133
124000174,106,699,-593
124000175,2,114,-112
124000176,2,1,1
124000177,11,43,-32
124000178,2,1,1
124000190,79,33,46
124000191,235,45,190
124000192,293,86,207
124000193,163,1114,-951
124000194,278,636,-358
124000195,61,343,-282
124000196,443,963,-520
124000197,42,34,8
124000198,9,17,-8
124000201,88,868,-780
124000202,53,62,-9
124000203,48,1043,-995
124000204,56,464,-408
124000205,39,654,-615
124000206,35,384,-349
124000207,1,110,-109
124000209,128,523,-395
124000210,65,209,-144
124000211,46,0,46
124000212,4,676,-672
124000213,47,337,-290
124000214,28,637,-609
124000215,13,2,11
124000216,1,526,-525
124000329,45,2351,-2306
124000338,30,1305,-1275
124000339,113,23,90
124000341,154,20,134
124000344,2,1,1
124000357,387,493,-106
124000358,757,578,179
124000359,360,186,174
124000360,179,125,54
124000361,462,300,162
124000362,1024,1958,-934
124000363,173,629,-456
124000364,366,1368,-1002
124000365,601,1201,-600
124000366,2180,1020,1160
124000367,78,466,-388
124000368,63,21,42
124000369,49,50,-1
124000370,60,605,-545
124000402,1,7,-6
124000403,18,5,13
124000404,7,140,-133
124000405,729,379,350
124000406,733,835,-102
124000407,2,26,-24
124000411,6,367,-361
124000412,64,25,39
124000413,31,51,-20
124000414,41,123,-82
124000415,28,183,-155
124000416,65,312,-247
124000417,46,86,-40
124000418,23,101,-78
124000419,37,228,-191
124000420,16,57,-41
124000421,7,324,-317
124000422,10,8,2
124000423,28,22,6
124000424,1,105,-104
124000425,3,3,0
124000426,6,71,-65
124000427,13,33,-20
124000428,10,22,-12
124000429,12,98,-86
124000430,261,635,-374
124000431,100,835,-735
124000432,84,830,-746
124000439,0,2,-2
124000443,2,11,-9
124000445,229,121,108
124000446,2184,54,2130
124900001,93,76,17
124900002,52,354,-302
124900003,172,304,-132
124900004,96,206,-110
124900005,87,175,-88
124900006,109,227,-118
124900008,597,225,372
124900009,11,24,-13
124900010,27,7,20
124900011,65,56,9
124900012,66,22,44
124900013,64,45,19
124900014,26,28,-2
124900015,38,28,10
124900016,5,9,-4
124900017,120,61,59
124900018,2,1,1
124900020,6,4,2
124900021,10,10,0
124900022,7,1,6
124900024,12,0,12
124900026,9,3,6
124900027,24,86,-62
124900028,519,97,422
124900029,7,127,-120
124900030,2,124,-122
124900031,11,352,-341
124900032,176,102,74
124900033,44,317,-273
124900034,1,88,-87
124900035,84,306,-222
124900036,1,24,-23
124900037,77,248,-171
124900038,360,363,-3
124900039,0,22,-22
124900040,29,80,-51
124900041,156,1364,-1208
124900042,9,0,9
124900043,229,1105,-876
124900044,8,0,8
124900045,439,557,-118
124900046,1448,201,1247
124900047,98,213,-115
124900048,93,107,-14
124900050,71,214,-143
124900052,37,348,-311
124900053,23,360,-337
124900054,3030,222,2808
124900055,0,76,-76
124900057,2,55,-53
124900060,40,211,-171
124900061,3,0,3
124900062,8,1,7
124900066,0,24,-24
124900067,1,119,-118
124900068,117,95,22
124900070,0,0,0
124900072,7,6,1
124900075,44,141,-97
124900076,10,145,-135
124900077,11,92,-81
124900078,33,9,24
124900079,355,25,330
124900080,83,783,-700
124900081,211,94,117
124900082,160,1018,-858
124900083,90,586,-496
124900085,1234,87,1147
124900086,19,288,-269
124900087,235,62,173
124900088,703,125,578
124900089,980,18,962
124900090,27,57,-30
124900091,66,462,-396
124900092,67,357,-290
124900093,20,54,-34
124900094,35,87,-52
124900095,26,105,-79
124900096,145,32,113
124900097,69,23,46
124900098,72,203,-131
124900099,241,173,68
124900100,27,1,26
124900101,1,18,-17
124900102,14,0,14
124900103,29,224,-195
124900104,18,225,-207
124900105,17,147,-130
124900106,42,2,40
124900107,13,2,11
124900108,50,5,45
124900111,0,37,-37
124900112,44,843,-799
124900113,1,57,-56
124900114,4,31,-27
124900115,0,1,-1
124900116,19,35,-16
124900117,472,62,410
124900118,30,15,15
124900119,99,28,71
124900120,12,346,-334
124900121,39,37,2
124900122,703,185,518
124900123,212,16,196
124900124,94,85,9
204000001,7,8,-1
204000002,2,0,2
204000003,1,1,0
204000004,0,0,0
204000005,157,105,52
204000006,320,212,108
204000011,21,60,-39
204000012,9,206,-197
204000019,217,315,-98
204000020,202,517,-315
204000021,1162,489,673
204000022,164,350,-186
204000023,239,1081,-842
204000031,15,6,9
204000032,149,11,138
204000034,43,459,-416
204000035,0,5,-5
204000036,10,42,-32
204000037,1,15,-14
204000038,2,47,-45
204000039,7,112,-105
204000040,0,41,-41
204000041,9,77,-68
204000042,2,3,-1
204000043,3,1,2
204000044,1,1,0
204000045,4,1,3
204000046,0,1,-1
204000057,3,76,-73
204000062,9,294,-285
204000068,49,162,-113
204000069,21,138,-117
204000070,26,51,-25
204000080,28,56,-28
204000085,687,1334,-647
204000086,2565,1425,1140
204000087,52,28,24
204000088,9,86,-77
204000090,33,643,-610
204000093,30,3,27
204000096,266,192,74
204000097,27,1,26
204000099,384,388,-4
204000100,245,289,-44
204000105,950,1263,-313
204000110,613,1147,-534
204000111,275,778,-503
204000112,351,958,-607
204000113,230,826,-596
204000114,233,185,48
204000115,122,188,-66
204000116,274,312,-38
204000119,396,391,5
204000132,200,116,84
204000133,267,112,155
204000134,183,45,138
204000135,175,45,130
204000136,85,63,22
204000138,112,257,-145
204000140,64,67,-3
204000141,96,45,51
204000144,0,5,-5
204000145,138,3,135
204000146,112,445,-333
204000147,15,124,-109
204000148,162,9,153
204000154,0,0,0
204000155,1,14,-13
204000177,15,19,-4
204000179,1,0,1
204000180,1,82,-81
204000222,2,25,-23
204000235,24,21,3
204000236,47,390,-343
204000238,8,4,4
204000240,117,72,45
204000263,326,1039,-713
204000268,411,188,223
204000308,15,2,13
204000317,20,61,-41
204000322,11,24,-13
204000323,1,0,1
204000328,40,10,30
204000329,85,117,-32
204000330,9,0,9
204000331,70,176,-106
204010341,33,218,-185
205000001,1017,1061,-44
205000013,5,119,-114
205000014,17,189,-172
205000015,35,357,-322
205000016,16,244,-228
205000017,60,121,-61
205000022,264,508,-244
205000025,1865,777,1088
205000029,81,8,73
205000045,39,179,-140
205000046,31,454,-423
205000047,44,458,-414
205000048,84,811,-727
205000049,77,613,-536
205000050,1141,227,914
205000059,2,297,-295
205000060,0,47,-47
205000061,0,24,-24
205000062,0,33,-33
205000063,7,53,-46
205000064,28,152,-124
205000065,48,723,-675
205000066,34,904,-870
205000067,26,1261,-1235
205000069,348,42,306
205000082,27,21,6
205000110,34,174,-140
205000111,89,214,-125
205000112,7,12,-5
205000113,346,141,205
205000121,4,1,3
205000123,149,228,-79
205000126,0,0,0
205000127,0,0,0
205000128,0,0,0
205000129,0,0,0
205000130,0,0,0
205000131,0,0,0
205000132,0,0,0
205000133,0,0,0
205000134,0,0,0
205000137,148,122,26
205000138,220,245,-25
205000139,31,66,-35
205000144,4,4,0
205000145,47,8,39
205000151,0,0,0
205000152,0,0,0
205000153,0,0,0
205000154,0,0,0
205000155,0,0,0
205000207,92,157,-65
205000233,8,13,-5
205000234,0,0,0
205000243,0,0,0
205000244,0,3,-3
205000245,24,399,-375
205000249,0,30,-30
205000250,0,0,0
205000264,13,143,-130
206000027,0,0,0
206000028,0,0,0
206000043,29,250,-221
206000053,21,24,-3
206000054,11,39,-28
206000055,12,80,-68
206000075,11,14,-3
206000076,11,24,-13
206000077,32,13,19
206000078,9,12,-3
206000079,14,7,7
206000082,364,27,337
206000100,95,863,-768
206000103,13,39,-26
206000104,18,65,-47
206000105,19,34,-15
206000106,18,64,-46
206000108,436,53,383
206000125,18,0,18
206000157,360,978,-618
206000170,2,471,-469
206000171,9,421,-412
206000172,7,1630,-1623
206000173,4,468,-464
206000174,8,341,-333
206000175,6,450,-444
206000176,21,733,-712
206000177,5,443,-438
206000178,3,319,-316
206000179,12,221,-209
206000180,83,394,-311
206000181,27,552,-525
206000182,66,472,-406
206000183,54,1590,-1536
206000184,11,850,-839
206000185,13,673,-660
206000186,169,2804,-2635
206000223,10,549,-539
206000226,0,0,0
206000227,0,0,0
206000237,64,713,-649
206000238,130,1020,-890
206000239,1153,3059,-1906
206000240,1,84,-83
206000241,3,275,-272
206000242,15,925,-910
206000243,6,830,-824
206000244,72,1823,-1751
206000245,198,34,164
206000246,38,7,31
206000247,41,8,33
206000248,66,17,49
206000252,91,45,46
206000258,29,51,-22
206000315,46,6,40
206000317,135,34,101
206000318,58,30,28
206000319,190,59,131
206000320,32,22,10
206000321,28,19,9
206000322,100,21,79
206000323,52,28,24
206000324,44,8,36
206000325,57,14,43
206000326,45,7,38
206000327,29,7,22
206000328,50,3,47
206000329,57,6,51
206000330,16,9,7
206000331,40,0,40
206000332,16,2,14
206000333,98,2,96
206000334,52,4,48
206000335,1,36,-35
206000361,19,363,-344
206000392,6,118,-112
206000405,91,3,88
206000441,0,0,0
206000498,14,9,5
206000515,379,84,295
206000530,25,12,13
206000531,38,22,16
206000532,392,50,342
206000535,480,2299,-1819
206000536,22,389,-367
206000537,17,240,-223
206000613,355,38,317
207000001,76,352,-276
207000002,45,372,-327
207000003,88,325,-237
207000007,162,58,104
207000008,27,17,10
207000009,49,28,21
207000010,475,716,-241
207000012,12,22,-10
207000015,494,2019,-1525
207000019,158,60,98
207000021,243,105,138
207000022,33,37,-4
207000023,48,34,14
207000024,4,6,-2
207000025,6,39,-33
207000026,77,65,12
207000027,13,106,-93
207000028,34,260,-226
207000029,207,476,-269
207000033,233,154,79
207000034,115,26,89
207000039,0,0,0
207000040,0,0,0
207000041,0,0,0
207000042,0,0,0
207000043,0,0,0
207000051,68,421,-353
207000052,5,265,-260
207000053,345,815,-470
207000054,21,210,-189
207000055,62,258,-196
207000056,140,494,-354
207000057,103,364,-261
207000058,66,571,-505
207000059,36,1031,-995
207000060,32,297,-265
207000061,45,77,-32
207000062,90,39,51
207000063,93,164,-71
207000064,275,144,131
207000065,133,199,-66
207000066,70,159,-89
207000067,19,97,-78
207000068,42,60,-18
207000069,583,376,207
207000082,44,428,-384
207000083,85,548,-463
207000084,31,40,-9
207000085,108,14,94
207000086,62,20,42
207000106,0,0,0
207000107,0,0,0
207000108,0,0,0
207000109,0,0,0
207000110,0,0,0
207000111,0,0,0
207000112,0,0,0
207000114,26,33,-7
207000115,15,83,-68
207000116,21,182,-161
207000117,9,145,-136
207000118,1,110,-109
207000119,5,131,-126
207000123,0,0,0
207000124,0,0,0
207000125,0,0,0
207000126,0,0,0
207000134,20,302,-282
207000135,28,306,-278
207000148,0,0,0
207000149,91,48,43
207000152,125,434,-309
207000153,1098,926,172
207000154,296,124,172
207000159,49,330,-281
207000160,51,971,-920
207000238,0,65,-65
207000242,0,155,-155
207000248,30,40,-10
207000249,69,74,-5
207000250,481,96,385
207000251,83,79,4
207000252,34,103,-69
207000278,2,8,-6
207000279,27,314,-287
207000280,58,16,42
207000281,67,1310,-1243
207000282,9,8,1
207000283,61,166,-105
207000284,12,37,-25
207000285,122,18,104
207000291,5,127,-122
207000304,89,69,20
207000306,32,420,-388
207000310,0,0,0
207000353,0,0,0
207000356,2,22,-20
207000357,2,1,1
207000358,1,1,0
207000415,8,152,-144
207000417,0,0,0
207000418,136,148,-12
207000438,0,3,-3
207000439,1410,324,1086
207000446,0,0,0
207000460,9,23,-14
207000466,102,212,-110
207000467,0,0,0
207000468,12,720,-708
207000476,1,71,-70
207000477,96,100,-4
207000478,1,10,-9
207000523,0,11,-11
207000524,0,0,0
207000527,45,111,-66
207000530,0,0,0
207000531,0,0,0
207000532,0,0,0
207000534,0,0,0
207000535,106,158,-52
207000537,23,91,-68
207000540,11,186,-175
207000541,0,304,-304
207000548,11,308,-297
207000549,0,0,0
207000561,0,0,0
207000562,21,155,-134
207000567,165,298,-133
207000568,17,115,-98
207000569,70,1416,-1346
207000584,418,136,282
207000585,0,0,0
207000587,0,0,0
207000616,5,327,-322
207000617,4,0,4
207900008,58,350,-292
208000001,152,206,-54
208000002,101,169,-68
208000003,276,236,40
208000004,377,224,153
208000005,0,24,-24
208000019,110,346,-236
208000020,37,161,-124
208000021,38,406,-368
208000022,335,614,-279
208000028,867,781,86
208000033,212,559,-347
208000034,736,1050,-314
208000037,50,3,47
208000040,9,120,-111
208000041,162,245,-83
208000042,126,271,-145
208000047,47,268,-221
208000064,1094,280,814
208000066,391,181,210
208000070,53,299,-246
208000071,89,433,-344
208000072,99,513,-414
208000080,80,139,-59
208000081,33,114,-81
208000082,62,232,-170
208000083,71,301,-230
208000084,3,6,-3
208000085,557,499,58
208000086,240,854,-614
208000087,121,584,-463
208000089,389,456,-67
208000090,290,955,-665
208000093,21,71,-50
208000094,197,489,-292
208000095,629,316,313
208000104,311,343,-32
208000105,180,377,-197
208000114,6,12,-6
208000115,126,265,-139
208000116,73,569,-496
208000117,8,63,-55
208000118,25,82,-57
208000155,238,714,-476
208000158,1482,1697,-215
208000186,1402,341,1061
208000204,149,647,-498
208000205,453,1165,-712
208000282,3359,779,2580
209000004,38,103,-65
209000005,7,21,-14
209000006,121,99,22
209000007,118,129,-11
209000010,228,123,105
209000011,75,202,-127
209000012,80,278,-198
209000013,108,839,-731
209000014,547,2024,-1477
209000025,95,23,72
209000026,311,69,242
209000027,243,1542,-1299
209000028,248,1778,-1530
209000029,337,1552,-1215
209000030,264,2226,-1962
209000031,5109,2726,2383
209000034,133,281,-148
209000035,74,148,-74
209000036,70,132,-62
209000037,100,224,-124
209000038,96,181,-85
209000039,49,165,-116
209000040,265,560,-295
209000041,236,467,-231
209000042,226,531,-305
209000043,373,590,-217
209000044,343,489,-146
209000045,252,263,-11
209000046,91,302,-211
209000047,60,150,-90
209000048,45,169,-124
209000049,75,212,-137
209000050,117,351,-234
209000051,109,440,-331
209000052,51,398,-347
209000062,11,205,-194
209000063,17,134,-117
209000064,9,197,-188
209000065,28,46,-18
209000066,10,57,-47
209000067,20,82,-62
209000080,6,187,-181
209000082,23,34,-11
209000091,23,69,-46
209000093,55,54,1
209000094,137,110,27
209000110,35,44,-9
209000111,217,511,-294
209000112,186,206,-20
209000113,327,221,106
209000114,140,138,2
209000115,47,196,-149
209000116,1070,690,380
209000118,10,31,-21
209000119,14,8,6
209000121,110,840,-730
209000135,54,69,-15
209000142,940,437,503
209000143,14,33,-19
209000144,19,37,-18
209000229,43,129,-86
209000240,20,562,-542
209000259,87,155,-68
209000260,38,845,-807
209000261,4,526,-522
209000262,0,539,-539
209000263,0,114,-114
209000264,1,27,-26
209000265,6,0,6
209000266,3,0,3
209000267,7,1,6
209000268,46,0,46
210000037,10,13,-3
210000047,4,7,-3
210000048,5,6,-1
210000049,9,7,2
210000052,9,167,-158
210000053,10,77,-67
210000054,34,81,-47
210000070,0,0,0
210000071,0,0,0
210000072,0,0,0
210000073,0,19,-19
210000074,0,89,-89
210000075,1,40,-39
210000076,5,138,-133
210000077,13,26,-13
210000078,24,28,-4
210000079,2,2,0
210000080,11,10,1
210000081,10,0,10
210000082,14,1,13
210000083,29,0,29
210000084,3,0,3
210000085,0,76,-76
210000086,2,106,-104
210000099,38,240,-202
210000100,53,217,-164
210000101,79,206,-127
210000105,55,134,-79
210000159,0,74,-74
210000163,237,200,37
210000164,140,40,100
210000168,54,12,42
210000187,0,4,-4
210000188,0,21,-21
210000214,0,0,0
210000219,2,8,-6
210000220,13,11,2
210000232,3,21,-18
210000233,4,17,-13
210000234,21,132,-111
210000235,23,145,-122
210000245,0,22,-22
210000246,6,0,6
210000258,12,138,-126
210000259,46,1,45
210000282,31,164,-133
210000285,1,83,-82
210000286,8,113,-105
210000290,4,3,1
210000295,11,93,-82
210000296,40,57,-17
210000320,36,25,11
210000321,4,23,-19
210000338,29,136,-107
210000339,690,561,129
210000340,100,140,-40
210000341,82,158,-76
210000342,86,158,-72
210000343,58,193,-135
210000344,77,71,6
210000345,145,106,39
210000346,10,40,-30
210000347,7,20,-13
210000348,42,5,37
210000349,6,15,-9
210000350,53,59,-6
210000351,50,115,-65
210000352,22,84,-62
210000353,14,93,-79
210000354,32,97,-65
210000355,11,70,-59
210000356,1,34,-33
210000357,18,15,3
210000358,253,69,184
210000359,27,29,-2
210000360,79,63,16
210000361,40,63,-23
210000362,52,67,-15
210000363,366,37,329
210000364,27,17,10
210000365,22,10,12
210000366,20,9,11
210000367,9,4,5
210000368,33,6,27
210000369,10,9,1
210000370,13,22,-9
210000372,3,12,-9
210000373,8,4,4
210000374,10,3,7
210000375,16,82,-66
210000376,30,124,-94
210000404,101,122,-21
210000439,0,11,-11
210000472,27,1,26
210000482,30,31,-1
210000564,277,27,250
210000567,0,8,-8
210000568,104,0,104
211000092,25,59,-34
211000094,3,14,-11
211000169,106,3,103
211000172,5,134,-129
211000209,0,9,-9
211000226,4,5,-1
211000270,5,8,-3
211000275,17,13,4
211000276,39,26,13
211000279,3,44,-41
211000281,11,34,-23
211507980,2,18,-16
211977296,2,1,1
212000003,19,36,-17
212000004,9,18,-9
212000005,2,23,-21
212000006,19,83,-64
212000008,93,329,-236
212000009,10,156,-146
212000012,20,76,-56
212000013,8,61,-53
212000014,165,171,-6
212000015,156,238,-82
212000016,367,466,-99
212000027,264,207,57
212000028,77,152,-75
212000029,62,92,-30
212000030,12,22,-10
212000031,27,48,-21
212000048,15,65,-50
212000049,11,48,-37
212000050,12,11,1
212000051,140,211,-71
212000052,105,412,-307
212000053,240,680,-440
212000054,42,102,-60
212000055,57,172,-115
212000056,2,12,-10
212000057,0,15,-15
212000058,93,6,87
212000070,57,365,-308
212000077,122,689,-567
212000099,72,117,-45
212000108,52,108,-56
212000111,53,66,-13
212000120,97,161,-64
212000138,52,24,28
212000156,5,111,-106
212000158,3,6,-3
212000159,97,34,63
212000160,155,115,40
212000161,4,2,2
212000310,11,26,-15
212000311,0,19,-19
212000374,8,24,-16
213000001,31,690,-659
213000005,81,38,43
213000006,385,62,323
213000007,15,1,14
213000009,85,51,34
213000010,43,46,-3
213000011,38,20,18
213000012,73,276,-203
213000014,12,2,10
213000015,21,0,21
213000016,9,0,9
213000017,2,0,2
213000018,1,196,-195
213000019,3,137,-134
213000020,75,339,-264
213000021,3,113,-110
213000023,0,0,0
213000033,144,429,-285
213000034,146,101,45
213000035,33,41,-8
213000045,85,261,-176
213000046,93,152,-59
213000047,531,434,97
213000056,7,10,-3
213000069,9,0,9
213000073,0,18,-18
213000074,112,530,-418
213000075,22,1,21
213000076,2,0,2
213000085,3,37,-34
213000086,12,206,-194
213000091,3,1,2
213000092,0,1,-1
213000099,102,582,-480
213000100,201,16,185
213000101,23,195,-172
213000102,27,508,-481
213000103,187,584,-397
213000104,32,445,-413
213000105,0,39,-39
213000106,3,250,-247
213000107,39,813,-774
213000108,13,562,-549
213000109,2,245,-243
213000110,9,70,-61
213000111,0,63,-63
213000112,86,134,-48
213000115,3,1,2
213000116,62,525,-463
213000117,4,737,-733
213000118,95,242,-147
213000119,50,715,-665
213000120,43,758,-715
213000122,164,697,-533
213000123,731,1039,-308
213000124,46,1583,-1537
213000125,2,1,1
213000126,51,79,-28
213000127,124,128,-4
213000128,791,442,349
213000129,0,0,0
213000130,31,15,16
213000132,13,7,6
213000133,17,18,-1
213000134,28,7,21
213000136,77,14,63
213000137,137,17,120
213000139,36,4,32
213000147,3,0,3
213000148,0,0,0
213000149,0,4,-4
213000150,1,69,-68
213000151,1,75,-74
213000152,0,81,-81
213000153,1,42,-41
213000154,9,268,-259
213000155,23,423,-400
213000156,45,565,-520
213000157,723,587,136
213000158,134,571,-437
213000159,175,237,-62
213000163,61,18,43
213000165,167,17,150
213000171,1,164,-163
213000172,1,397,-396
213000173,4,340,-336
213000174,1,292,-291
213000175,6,129,-123
213000176,1,1,0
213000177,3,0,3
213000178,2,0,2
213000179,14,0,14
213000180,0,0,0
213000184,58,464,-406
213000188,71,35,36
213000189,50,16,34
213000190,248,482,-234
213000191,42,455,-413
213000192,33,543,-510
213000193,1430,131,1299
213000194,1,26,-25
213000195,13,494,-481
213000196,93,649,-556
213000197,91,45,46
213000198,2,0,2
213000200,63,1058,-995
213000201,128,58,70
213000202,12,666,-654
213000203,1059,114,945
213000204,163,10,153
213000205,55,20,35
213000206,67,3,64
213000207,9,4,5
213000208,0,1,-1
213000209,4,1,3
213000210,18,0,18
213000211,0,8,-8
213000212,3,14,-11
213000213,2,25,-23
213000218,70,825,-755
213000219,0,0,0
213000220,0,0,0
213000223,100,47,53
213000224,4,6,-2
213000225,31,2,29
213000226,5,2,3
213000227,122,31,91
213000228,35,4,31
213000229,70,5,65
213000230,42,0,42
213000232,13,257,-244
213000233,0,28,-28
213000234,1,28,-27
213000293,1,32,-31
213000294,10,1,9
213000295,1,57,-56
213000296,25,7,18
213000297,3,57,-54
213000298,8,80,-72
213000299,23,10,13
213000300,5,2,3
213000303,1,30,-29
213000304,1,3,-2
213000305,1,8,-7
213000306,22,22,0
213000307,30,46,-16
213000308,54,208,-154
213000309,45,25,20
213000310,89,14,75
213000311,179,486,-307
213000315,24,160,-136
213000316,18,29,-11
213000322,19,145,-126
213000323,21,52,-31
213000324,10,70,-60
213000325,8,106,-98
213000326,20,45,-25
213000327,2,54,-52
213000328,0,73,-73
213000329,23,32,-9
213000340,63,939,-876
213000341,22,12,10
213000346,35,7,28
213000347,405,19,386
213000348,2,144,-142
213000349,1,3,-2
213000350,156,1552,-1396
213000366,14,215,-201
213000367,18,10,8
213000379,25,115,-90
213000386,0,154,-154
213000406,62,260,-198
213000417,299,150,149
213000425,48,17,31
213000426,34,51,-17
213000427,13,416,-403
213000428,8,221,-213
213000429,4,1,3
213000430,26,808,-782
213000431,46,1,45
213000432,0,5,-5
213000433,2,114,-112
213000434,26,23,3
213000435,38,45,-7
213000436,5,58,-53
213000437,0,37,-37
213000438,18,66,-48
213000439,13,7,6
213000440,1,103,-102
213000441,0,1,-1
213000442,1,35,-34
213000443,144,135,9
213000444,18,85,-67
213000445,0,80,-80
213000446,0,8,-8
213000447,2,13,-11
213000448,0,15,-15
213000449,42,0,42
213000450,0,20,-20
213000451,17,32,-15
213000452,3,5,-2
213000453,29,177,-148
213000455,26,2,24
213000456,1,55,-54
213000481,6,6,0
213000482,16,2,14
213000489,205,8,197
213000491,0,38,-38
213000492,40,4,36
213000493,0,18,-18
213000494,10,10,0
213000495,0,125,-125
213000496,10,3,7
213000497,13,359,-346
213000498,43,276,-233
213000499,89,803,-714
213000500,30,5,25
213000501,4,0,4
213000502,24,7,17
213000503,1,68,-67
213000504,11,204,-193
213000505,0,5,-5
213000506,1,6,-5
213000507,3,205,-202
213900016,0,10,-10
213900244,2,0,2
213900245,0,61,-61
218000003,7,13,-6
218000004,22,23,-1
218000005,5,8,-3
218000006,14,44,-30
218000007,9,23,-14
218000012,264,56,208
218000013,50,121,-71
218000014,494,268,226
218000019,732,274,458
218000020,200,294,-94
218000021,22,161,-139
218000022,11,114,-103
218000023,1,82,-81
218000024,1,40,-39
218000025,15,69,-54
218000026,15,127,-112
218000027,2,26,-24
218000028,3,12,-9
218000029,0,7,-7
218000030,29,72,-43
218000031,3,103,-100
218000032,3,61,-58
218000040,4,8,-4
218000046,35,184,-149
218000047,2,199,-197
218000048,34,310,-276
218000049,71,204,-133
218000050,225,414,-189
218000051,32,498,-466
218000052,0,84,-84
218000053,0,16,-16
218000054,25,33,-8
218000055,2,17,-15
218000056,4,34,-30
218000057,0,34,-34
218000064,0,4,-4
218000065,87,31,56
218000066,5,51,-46
218000067,16,86,-70
218000068,35,89,-54
218000069,60,209,-149
218000070,137,281,-144
218000071,127,246,-119
218000072,364,250,114
218000078,341,1324,-983
218000079,40,46,-6
218000080,33,84,-51
218000081,150,210,-60
218000082,13,138,-125
218000083,14,77,-63
218000084,68,271,-203
218000085,175,581,-406
218000086,31,235,-204
218000087,146,382,-236
218000090,10,68,-58
218000091,339,182,157
218000092,46,125,-79
218000093,52,144,-92
218000094,332,756,-424
218000099,356,316,40
218000100,182,228,-46
218000101,118,120,-2
218000102,128,259,-131
218000103,34,212,-178
218000104,23,52,-29
218000105,8,12,-4
218000106,7,19,-12
218000107,30,90,-60
218000108,6,59,-53
218000112,17,9,8
218000117,17,98,-81
218000134,348,753,-405
218000135,9,58,-49
218000136,78,58,20
218000137,42,184,-142
218000138,4,85,-81
218000139,45,309,-264
218000140,71,151,-80
218000141,16,52,-36
218000142,48,99,-51
218000143,18,157,-139
218000144,4,59,-55
218000145,152,390,-238
218000146,23,106,-83
218000151,9,40,-31
218000152,52,113,-61
218000153,2,12,-10
218000154,3,10,-7
218000155,9,4,5
218000156,106,56,50
218000157,3,44,-41
218000158,3,13,-10
218000159,12,15,-3
218000160,3,16,-13
218000161,30,9,21
218000162,57,22,35
218000163,11,9,2
218000164,49,22,27
218000165,77,69,8
218000170,5,44,-39
218000171,31,18,13
218000172,4,15,-11
218000173,38,17,21
218000174,2,8,-6
218000176,133,23,110
218000177,367,79,288
218000178,116,54,62
218000179,107,30,77
218000180,81,13,68
218000181,140,17,123
218000187,7,13,-6
218000188,5,14,-9
218000189,4,36,-32
218000190,4,21,-17
218000191,33,99,-66
218000192,58,571,-513
218000193,305,547,-242
218000194,34,435,-401
218000195,70,114,-44
218000196,216,251,-35
218000197,130,306,-176
218000198,1,124,-123
218000199,14,17,-3
218000200,9,28,-19
218000201,6,27,-21
218000202,154,165,-11
218000207,1,21,-20
218000208,24,40,-16
218000211,9,19,-10
218000212,2,10,-8
218000213,88,32,56
218000214,15,15,0
218000215,73,173,-100
218000217,5,137,-132
218000218,436,88,348
218000219,18,6,12
218000220,36,255,-219
218000221,178,115,63
218000222,16,21,-5
218000223,42,194,-152
218000224,5,138,-133
218000225,191,44,147
218000226,65,99,-34
218000230,0,2,-2
218000232,17,60,-43
218000239,0,0,0
218000240,0,0,0
218000241,0,0,0
218000242,0,0,0
218000243,0,0,0
218000244,0,0,0
218000245,0,0,0
218000246,0,0,0
218000247,0,0,0
218000248,0,37,-37
218000249,0,0,0
218000250,1,5,-4
218000251,0,14,-14
218000252,1,20,-19
218000253,0,5,-5
218000254,0,7,-7
218000255,1,10,-9
218000256,0,45,-45
218000267,815,790,25
218000268,3,32,-29
218000269,0,4,-4
218000270,31,101,-70
218000271,12,78,-66
218000273,9,12,-3
218000274,4,9,-5
218000275,29,23,6
218000276,5,56,-51
218000278,35,32,3
218000279,29,84,-55
218000280,1,24,-23
218000281,4,26,-22
218000282,157,57,100
218000284,81,6,75
218000301,15,103,-88
218000302,23,40,-17
218000303,6,33,-27
218000316,447,869,-422
218000317,391,1017,-626
218000318,266,752,-486
218000319,558,1526,-968
218000320,345,744,-399
218000338,5,20,-15
218000345,79,62,17
218000346,0,22,-22
218000459,103,457,-354
218000490,3,41,-38
218000501,36,15,21
218000502,6,106,-100
218000503,59,6,53
218000504,84,6,78
218000505,17,148,-131
218000506,45,91,-46
218000508,0,2,-2
218000510,158,18,140
218000520,68,113,-45
218000521,3,71,-68
218000522,2,122,-120
218000523,4,0,4
218000524,31,48,-17
218000525,9,7,2
218000526,10,58,-48
218000529,19,240,-221
218000530,13,7,6
218000531,4,21,-17
218000532,0,21,-21
218000534,7,2,5
218000537,4,5,-1
218000538,104,162,-58
218000540,387,123,264
218000543,85,52,33
218000544,33,106,-73
218000545,23,57,-34
218000546,34,147,-113
218000547,30,84,-54
218000548,69,250,-181
218000549,265,68,197
218000550,301,801,-500
218000551,211,169,42
218000552,262,27,235
218000553,6,49,-43
218000554,23,20,3
218000555,14,26,-12
218000556,39,428,-389
218000557,148,62,86
218000558,1,0,1
218000559,0,9,-9
218000560,0,13,-13
218000561,0,0,0
218000562,10,116,-106
218000563,35,45,-10
218000564,9,78,-69
218000565,17,18,-1
218000566,44,17,27
218000567,1,45,-44
218000568,0,0,0
218000569,4,57,-53
218000570,5,3,2
218000571,0,60,-60
218000572,0,0,0
218000573,3,22,-19
218000574,7,29,-22
218000575,0,0,0
218000576,2,56,-54
218000577,0,0,0
218000578,2,62,-60
218000579,75,2,73
218000581,0,81,-81
218000582,7,2,5
218000583,8,1,7
218000584,0,24,-24
218000585,11,5,6
218000586,2,46,-44
218000587,0,1,-1
218000588,0,1,-1
218000589,0,1,-1
218000590,0,0,0
218000591,0,16,-16
218000592,0,2,-2
218000593,0,0,0
218000594,6,0,6
218000597,1,1,0
218000598,0,0,0
218000599,0,0,0
218000600,0,0,0
218000601,0,0,0
218000602,0,2,-2
218000603,0,1,-1
218000604,17,32,-15
218000605,0,16,-16
218000606,11,1,10
218000607,7,30,-23
218000608,5,5,0
218000609,4,45,-41
218000610,9,2,7
218000611,1,6,-5
218000612,1,40,-39
218000613,0,2,-2
218000614,3,34,-31
218000615,17,1,16
218000616,0,132,-132
218000617,1,0,1
218000618,0,10,-10
218000619,7,5,2
218000620,0,22,-22
218000621,0,0,0
218000622,0,5,-5
218000623,2,1,1
218000624,0,9,-9
218000625,0,0,0
218000626,0,2,-2
218000628,18,14,4
218000631,3,7,-4
218000632,2,38,-36
218000633,0,0,0
218000634,2,12,-10
218000635,1,8,-7
218000636,488,1506,-1018
218000637,406,523,-117
218000638,14,33,-19
218000639,26,303,-277
218000640,20,19,1
218000641,19,432,-413
218000652,127,195,-68
218000653,178,113,65
218000663,2,69,-67
218000675,5,17,-12
218000676,3,61,-58
218000677,8,24,-16
218000680,76,532,-456
218000681,11,1,10
218000691,49,396,-347
218000693,3,4,-1
218000703,12,135,-123
218000718,112,188,-76
218000719,57,27,30
218000720,2,10,-8
218000721,0,6,-6
218000725,3,19,-16
218001147,4,188,-184
218001214,21,36,-15
218001258,5,0,5
218001329,0,1,-1
218001330,137,98,39
218001351,1,1,0
218001352,7,8,-1
218001353,0,1,-1
218001354,0,8,-8
218001355,12,515,-503
218001356,56,3,53
218001357,6,320,-314
218001358,38,1,37
218001361,11,5,6
218001362,4,282,-278
219000001,16,71,-55
219000002,20,80,-60
219000003,102,32,70
219000004,95,46,49
219000017,40,16,24
219000020,66,12,54
219000022,22,0,22
219000023,38,4,34
219000029,1,130,-129
219000034,6,12,-6
219000039,26,76,-50
219000040,12,34,-22
219000041,50,37,13
219000051,1,85,-84
219000052,2,40,-38
219000053,1,288,-287
219000054,18,107,-89
219000055,46,2,44
219000056,1,2,-1
219000057,29,1,28
219000062,11,284,-273
219000063,21,16,5
219000064,8,36,-28
219000110,113,25,88
219000111,73,42,31
219000112,200,23,177
219000113,56,21,35
219000114,189,16,173
219000116,63,36,27
219000117,179,69,110
219000118,64,58,6
219000123,189,87,102
219000124,34,34,0
219000125,3,18,-15
219000126,17,68,-51
219000127,0,9,-9
219000128,10,100,-90
219000129,19,111,-92
219000130,1391,728,663
219000131,1583,945,638
219000133,23,29,-6
219000134,9,22,-13
219000135,48,63,-15
219000136,183,134,49
219000138,24,25,-1
219000139,10,52,-42
219000140,8,0,8
219000141,6,164,-158
219000142,13,113,-100
219000143,15,103,-88
219000145,2,24,-22
219000146,3,76,-73
219000147,8,74,-66
219000148,1,104,-103
219000149,39,260,-221
219000150,6,120,-114
219000151,2,103,-101
219000157,104,93,11
219000158,91,272,-181
219000161,140,9,131
219000163,1249,312,937
219000166,40,180,-140
219000167,57,301,-244
219000168,138,18,120
219000174,94,47,47
219000175,42,3,39
219000176,35,4,31
219000177,1,2,-1
219000178,5,1,4
219000179,14,18,-4
219000180,26,31,-5
219000182,9,1,8
219000183,1,59,-58
219000184,10,0,10
219000185,22,121,-99
219000186,1,46,-45
219000187,2,121,-119
219000189,119,142,-23
219000190,169,184,-15
219000191,1252,624,628
219000192,143,143,0
219000193,586,185,401
219000195,2,29,-27
219000196,4,101,-97
219000198,13,180,-167
219000199,43,198,-155
219000200,25,199,-174
219000201,77,266,-189
219000203,9,112,-103
219000204,48,152,-104
219000205,32,239,-207
219000207,73,216,-143
219000209,19,103,-84
219000210,17,140,-123
219000213,12,251,-239
219000239,116,146,-30
219000240,68,257,-189
219000241,20,208,-188
219000242,28,235,-207
219000243,46,309,-263
219000244,9,107,-98
219000245,8,44,-36
219000246,6,4,2
219000247,34,7,27
219000248,216,64,152
219000249,42,11,31
219000250,17,6,11
219000251,149,12,137
219000252,0,0,0
219000253,0,0,0
219000255,18,40,-22
219000256,34,61,-27
219000257,0,0,0
219000262,41,280,-239
219000263,40,259,-219
219000267,5,130,-125
219000268,4,12,-8
219000269,8,1,7
219000270,8,0,8
219000271,105,4,101
219000278,0,8,-8
219000279,0,1,-1
219000283,0,6,-6
219000295,12,111,-99
219000296,46,547,-501
219000297,9,141,-132
219000298,12,239,-227
219000299,135,23,112
219000300,14,358,-344
219000301,79,349,-270
219000302,23,166,-143
219000307,7,62,-55
219000308,59,38,21
219000311,27,20,7
219000312,152,15,137
219000313,42,12,30
219000314,107,527,-420
219000315,16,7,9
219000316,79,4,75
219000317,13,1,12
219000320,0,48,-48
219000321,0,15,-15
219000323,8,80,-72
219000325,1,42,-41
219000326,77,140,-63
219000327,33,53,-20
219000328,27,48,-21
219000329,358,103,255
219000330,27,27,0
219000331,22,31,-9
219000332,26,34,-8
219000333,10,5,5
219000335,14,1,13
219000337,0,0,0
219000338,0,0,0
219000344,12,50,-38
219000345,108,144,-36
219000346,24,182,-158
219000348,35,180,-145
219000349,22,295,-273
219000350,58,86,-28
219000351,0,2,-2
219000352,170,36,134
219000353,55,41,14
219000354,73,112,-39
219000355,41,25,16
219000356,1541,368,1173
219000363,303,40,263
219000364,57,30,27
219000365,71,18,53
219000366,500,152,348
219000368,467,228,239
219000370,740,183,557
219000371,8,9,-1
219000382,3,4,-1
219000383,545,536,9
219000385,642,440,202
219000386,954,994,-40
219000387,0,1,-1
219000390,7,1,6
219000391,7,1,6
219000397,71,120,-49
219000398,93,46,47
219000401,2,61,-59
219000402,10,87,-77
219000403,57,81,-24
219000404,22,35,-13
219000407,3,12,-9
219000409,0,0,0
219000410,0,0,0
219000411,0,0,0
219000446,251,425,-174
219000447,0,16,-16
219000448,0,0,0
219000452,29,37,-8
219000453,41,67,-26
219000454,237,111,126
219000556,24,7,17
219000558,40,343,-303
219000590,16,135,-119
219000591,14,0,14
219000592,86,377,-291
219000595,3,46,-43
219000635,9,5,4
219000636,11,142,-131
219000657,13,18,-5
219000658,7,24,-17
219000673,0,56,-56
219000676,20,2,18
219000679,19,20,-1
219000684,32,0,32
219000685,0,92,-92
219000686,0,0,0
219000688,0,160,-160
219000689,77,129,-52
219000690,0,0,0
219000691,72,59,13
219000692,2,32,-30
219000693,0,36,-36
219000694,1,0,1
219000695,3,0,3
219000698,0,0,0
219000699,0,13,-13
219000727,3,183,-180
219000728,100,3,97
219000770,0,0,0
219000771,0,24,-24
219000788,208,143,65
219001150,0,7,-7
219001151,1,3,-2
219001166,0,0,0
219001167,2,68,-66
219001178,22,0,22
220000001,6,27,-21
220000002,6,133,-127
220000003,233,379,-146
220000004,488,675,-187
220000005,1100,1433,-333
220000006,105,782,-677
220000007,162,907,-745
220000008,154,1187,-1033
220000009,120,511,-391
220000010,35,124,-89
220000011,448,733,-285
220000012,43,59,-16
220000014,39,81,-42
220000015,10,78,-68
220000017,17,326,-309
220000018,3571,378,3193
220000019,19,171,-152
220000020,72,180,-108
220000021,277,129,148
220000022,288,433,-145
220000023,66,146,-80
220000024,1097,277,820
220000025,638,308,330
220000026,200,94,106
220000027,3,54,-51
220000028,10,31,-21
220000029,55,141,-86
220000030,40,80,-40
220000031,179,208,-29
220000064,4,554,-550
221000046,4,0,4
221000047,0,0,0
221000048,0,1,-1
221000049,0,9,-9
221000050,10,0,10
221000055,37,48,-11
221000057,66,7,59
221000068,257,71,186
221000069,150,35,115
221000070,97,18,79
221000071,50,7,43
221000072,97,20,77
221000073,62,37,25
221000074,2,14,-12
221000075,6,17,-11
221000076,5,47,-42
221000077,25,93,-68
221000081,8,3,5
221000082,17,1,16
221000083,8,3,5
221000084,3,2,1
221000085,13,69,-56
221000086,13,186,-173
221000087,3,190,-187
221000088,31,146,-115
221000089,42,205,-163
221000090,216,268,-52
221000098,64,14,50
221000099,138,18,120
221000100,47,8,39
221000101,168,6,162
221000102,81,13,68
221000109,15,117,-102
221000110,8,188,-180
221000111,17,149,-132
221000112,8,125,-117
221000113,33,193,-160
221000114,17,198,-181
221000120,9,23,-14
221000121,0,30,-30
221000122,1,7,-6
221000123,10,39,-29
221000124,13,410,-397
221000155,35,2,33
221000156,5,5,0
221000175,0,7,-7
221000176,1,2,-1
221000182,19,4,15
221000241,540,140,400
221000242,353,257,96
221000243,259,96,163
221000244,130,267,-137
221000245,25,86,-61
221000246,21,156,-135
221000247,26,114,-88
221000248,14,145,-131
221000267,33,534,-501
221000325,18,32,-14
221000331,0,70,-70
221000338,0,4,-4
221000378,40,13,27
221000381,37,94,-57
222000282,0,0,0
222000296,1,16,-15
222000568,81,5,76
222000569,37,6,31
222000570,21,0,21
222000571,30,3,27
222000577,8,204,-196
222000578,8,153,-145
222000579,32,100,-68
222000580,104,604,-500
222000599,0,120,-120
222000600,1,200,-199
222000601,11,663,-652
222000603,3,13,-10
222000604,0,22,-22
222000605,0,1,-1
222000606,0,15,-15
222000607,0,5,-5
222000608,5,18,-13
222000609,21,335,-314
222000616,4,1,3
222000617,0,0,0
222000618,0,0,0
222000620,0,0,0
222000621,0,0,0
222000623,0,0,0
222000624,0,0,0
222000625,1,42,-41
222000636,17,1,16
222000686,0,0,0
222000687,0,0,0
222001066,47,0,47
222001067,1,1,0
222001068,0,5,-5
222001069,17,12,5
222001082,3,63,-60
222001083,1,87,-86
222001084,0,52,-52
222001085,0,175,-175
222001111,1,312,-311
222001112,4,2,2
222001313,0,0,0
222001314,3,52,-49
222001464,2,6,-4
222001465,6,122,-116
222001484,4,0,4
222001485,8,103,-95
222001494,27,21,6
222001495,52,343,-291
222001496,10,9,1
222001497,40,582,-542
222001502,27,133,-106
222001503,0,0,0
222001504,15,277,-262
222001505,0,0,0
222001506,23,226,-203
222001507,0,0,0
222001510,0,0,0
222001511,18,386,-368
222001514,0,0,0
222001515,174,696,-522
222001518,0,0,0
222001519,41,367,-326
222001527,0,0,0
222001528,80,172,-92
222001529,0,0,0
222001530,42,238,-196
222001533,112,499,-387
222001534,0,0,0
222001535,8,15,-7
222001536,66,391,-325
222001537,0,0,0
222001538,49,538,-489
222001563,0,0,0
222001564,24,836,-812
222001568,12,58,-46
222001576,0,2,-2
222001579,0,5,-5
222001583,4,297,-293
222001584,1,0,1
222001596,251,1291,-1040
222001597,77,20,57
222001626,0,147,-147
222001650,2,35,-33
222001651,5,52,-47
222001914,0,0,0
222001915,51,171,-120
222001968,44,18,26
222001969,206,693,-487
222001970,22,124,-102
222001971,0,12,-12
222001972,1,31,-30
225000001,65,27,38
225000002,81,10,71
225000003,91,10,81
225000004,45,44,1
225000005,6,6,0
225000006,0,110,-110
225000007,3771,750,3021
225000010,49,2,47
225000011,154,159,-5
225000012,27,82,-55
225000013,5,43,-38
225000014,58,10,48
225000015,81,175,-94
225000021,76,25,51
225000027,169,415,-246
225000032,104,16,88
225000042,41,554,-513
225000049,12,57,-45
225000050,38,10,28
225000053,3,129,-126
225000058,60,20,40
225000067,64,234,-170
225000068,53,579,-526
225000069,71,504,-433
225000070,39,523,-484
225000071,8,307,-299
225000075,16,618,-602
225000076,24,84,-60
225000078,21,7,14
225000085,0,0,0
225000086,0,0,0
225000087,3,1,2
225000088,2,109,-107
225000089,323,324,-1
225000090,11,281,-270
225000091,38,224,-186
225000092,4,53,-49
225000093,63,402,-339
225000094,10,532,-522
225000095,175,526,-351
225000096,75,423,-348
225000098,130,70,60
225000099,93,34,59
225000100,74,39,35
225000104,17,348,-331
225000110,8,417,-409
225000111,73,926,-853
225000112,119,729,-610
225000113,33,534,-501
225000114,21,218,-197
225000115,2675,326,2349
225000116,176,9,167
225000117,66,39,27
225000118,119,23,96
225000119,19,10,9
225000120,40,5,35
225000121,59,1,58
225000123,82,2,80
225000125,77,122,-45
225000126,514,80,434
225000127,655,181,474
225000128,87,125,-38
225000132,107,13,94
225000133,101,23,78
225000134,303,65,238
225000135,12,4,8
225000136,38,6,32
225000137,34,19,15
225000138,203,9,194
225000143,81,129,-48
225000144,2,281,-279
225000145,0,1,-1
225000146,11,111,-100
225000147,6,273,-267
225000148,0,197,-197
225000149,27,391,-364
225000151,41,251,-210
225000155,123,272,-149
225000156,78,421,-343
225000157,79,226,-147
225000158,23,479,-456
225000171,0,154,-154
225000180,13,1,12
225000181,1,30,-29
225000182,2,1,1
225000185,6,201,-195
225000187,42,362,-320
225000191,0,1,-1
225000194,0,15,-15
225000208,0,33,-33
225000209,0,0,0
225000210,3,136,-133
225000217,1,17,-16
225000218,1,0,1
225000223,0,21,-21
225000224,2,0,2
225000225,0,0,0
225000226,1,0,1
225000227,16,48,-32
225000228,5,1,4
225000229,0,71,-71
225000230,4,0,4
225000231,2,95,-93
225000232,17,0,17
225000241,2,1,1
225000242,0,17,-17
225000249,0,0,0
225000250,24,725,-701
225000251,180,11,169
225000254,0,0,0
225000256,0,1,-1
225000257,0,1,-1
226000042,278,421,-143
226000043,36,235,-199
226000044,55,684,-629
226000045,46,512,-466
226000046,118,35,83
226000047,130,30,100
226000048,194,45,149
226000049,77,57,20
226000070,1,48,-47
226000071,0,56,-56
226000072,0,8,-8
226000073,0,8,-8
226000074,0,9,-9
226000084,2,48,-46
226000085,0,5,-5
226000086,0,13,-13
226000087,1,29,-28
226000088,41,9,32
226000090,61,9,52
226000091,3,2,1
226000092,0,1,-1
226000093,3,1,2
226000094,3,3,0
226000095,2,5,-3
226000105,1,1,0
226000106,8,0,8
226000107,5,0,5
226000108,15,0,15
226000109,49,0,49
226000124,103,40,63
226000134,226,185,41
226000135,478,359,119
226000136,93,144,-51
226000137,6,413,-407
226000138,2,233,-231
226000139,0,13,-13
226000156,70,1,69
226000157,93,11,82
226000163,11,47,-36
226000202,2,401,-399
226000231,104,11,93
226000232,12,9,3
227000033,182,50,132
227000036,124,12,112
227000037,117,9,108
227000038,66,8,58
227000084,0,32,-32
227000085,1,23,-22
227000088,11,1,10
227000089,24,2,22
227000090,7,0,7
227000091,4,0,4
227000092,13,0,13
227000093,22,0,22
227000094,3,0,3
227000130,10,51,-41
227000131,4,269,-265
227000132,15,289,-274
227000133,12,291,-279
227000134,4,402,-398
227000152,0,1,-1
227000153,0,46,-46
227000154,0,30,-30
227000155,1,26,-25
227000156,0,29,-29
227000165,1,24,-23
227000196,48,348,-300
227000199,30,567,-537
227000230,25,540,-515
227000232,14,2,12
227000242,55,387,-332
227000243,366,62,304
227000245,19,369,-350
227000246,57,434,-377
227000247,165,110,55
227000248,108,36,72
227000249,19,264,-245
227000250,375,113,262
227000251,116,277,-161
227000252,12,381,-369
227000253,62,37,25
227000262,246,19,227
227000266,60,0,60
227000267,26,2140,-2114
227000282,10,269,-259
227000284,31,9,22
227000286,8,123,-115
227000287,16,193,-177
227000291,24,603,-579
227000296,113,143,-30
227000484,91,4,87
227000485,29,562,-533
227000655,21,10,11
227000656,149,4,145
227000657,8,24,-16
227000661,7,5,2
227000680,44,19,25
229000265,1,7,-6
229000296,2,3,-1
229000297,7,26,-19
229000298,5,30,-25
229000320,3,3,0
229000321,3,0,3
229000412,2,27,-25
229000414,0,33,-33
229000415,2,0,2
229000416,0,0,0
229000417,0,18,-18
229000419,44,177,-133
229000440,100,31,69
229000442,1,1,0
229000443,0,0,0
229000444,0,21,-21
229000445,3,6,-3
229000446,11,9,2
229000491,1,59,-58
229000492,23,190,-167
229000493,4,179,-175
229000494,45,37,8
229000495,190,135,55
229000496,23,113,-90
229000507,0,29,-29
229000508,3,24,-21
229000509,1,71,-70
229000510,7,44,-37
229000511,1,122,-121
229000512,0,55,-55
229000513,0,6,-6
229000514,0,8,-8
229000517,2,23,-21
229000518,6,43,-37
229000519,0,14,-14
229000520,5,67,-62
229000521,25,78,-53
229000522,4,31,-27
229000523,10,36,-26
229000524,4,32,-28
229000527,7,4,3
229000528,2,1,1
229000529,21,0,21
229000530,88,38,50
229000531,23,34,-11
229000532,40,16,24
229000533,293,57,236
229000534,115,18,97
229000564,52,10,42
229000565,21,13,8
229000566,0,33,-33
229000567,1,127,-126
229000582,387,24,363
229000583,11,25,-14
229000584,0,48,-48
229000585,6,40,-34
229000718,0,4,-4
229000719,0,1,-1
229000720,0,25,-25
229000721,0,23,-23
229000722,0,54,-54
229000723,1,30,-29
229000724,1,3,-2
229000725,0,6,-6
229000738,8,2,6
229000739,0,1,-1
229000740,7,1,6
229000741,45,0,45
229000742,21,0,21
229000743,41,2,39
229000744,3,1,2
229000745,2,0,2
229000746,88,1,87
229000847,19,1,18
229000848,10,0,10
229000849,124,3,121
229000851,14,0,14
229000854,0,69,-69
229000856,4,175,-171
229000857,0,49,-49
229000858,0,124,-124
229000919,3,101,-98
229000930,7,160,-153
229000937,196,37,159
229000966,55,41,14
229000981,26,46,-20
229000985,1,13,-12
229000986,1,8,-7
229000987,0,1,-1
229000988,0,0,0
229000989,1,2,-1
229000990,1,0,1
229000991,0,1,-1
229000992,2,1,1
229000993,64,3,61
229000998,14,12,2
229000999,51,6,45
229001034,0,3,-3
229001035,1,1,0
229001037,13,6,7
229001042,7,4,3
229001047,0,14,-14
229001050,10,27,-17
229001168,0,9,-9
229001200,3,1,2
229001338,0,22,-22
229001394,299,3,296
229001422,245,39,206
229001423,25,144,-119
229001431,96,62,34
229001432,24,53,-29
229001444,52,31,21
229001445,5,130,-125
229001479,16,40,-24
229001503,194,81,113
229001504,59,167,-108
229001505,190,62,128
229001506,27,194,-167
229001509,14,30,-16
229001545,86,13,73
229001546,8,102,-94
229001553,58,19,39
229001554,2,99,-97
229001559,0,7,-7
229001560,0,8,-8
229001630,33,3,30
229001631,4,18,-14
229001635,0,5,-5
229001636,0,1,-1
229001658,3,81,-78
229001659,137,12,125
229001660,1,0,1
229001661,0,11,-11
229001662,35,0,35
229001663,0,16,-16
229002584,67,45,22
229002831,36,41,-5
229002841,0,26,-26
229002842,1,1,0
229002843,2,10,-8
229002844,8,77,-69
229002845,0,78,-78
229002846,2,5,-3
229002847,2,12,-10
229002848,1,2,-1
229002849,0,34,-34
229002850,0,1,-1
229002851,5,62,-57
229002852,13,15,-2
229002853,21,3,18
229002854,3,45,-42
229002855,2,73,-71
229002856,4,2,2
229002857,7,39,-32
229002858,1,14,-13
229002859,3,19,-16
229002860,1,1,0
229002861,8,8,0
229002862,0,26,-26
229002863,3,26,-23
229002864,2,19,-17
229002865,1,4,-3
229002866,1,8,-7
229002867,1,12,-11
229002868,1,9,-8
229002869,0,91,-91
229002870,1,4,-3
235000066,88,105,-17
235000067,53,153,-100
235000072,43,62,-19
235000073,69,206,-137
235000074,7,89,-82
235000080,3,66,-63
235000081,70,177,-107
235000082,18,22,-4
235000083,25,43,-18
235000084,5,30,-25
235000085,36,14,22
235000089,5,53,-48
235000092,8,129,-121
235000093,1,1,0
235000097,0,2,-2
235000098,26,37,-11
235000099,2,22,-20
235000116,10,15,-5
235000117,616,15,601
235000133,10,185,-175
235000134,14,66,-52
235000206,2,3,-1
235000207,1,1,0
235000208,0,1,-1
235000209,1,0,1
235000210,2,2,0
235000212,0,15,-15
235000213,0,6,-6
235000220,1,2,-1
235000221,14,11,3
235000238,1,4,-3
235000239,2,5,-3
235000242,152,97,55
235000245,981,171,810
235000246,3,54,-51
235000284,0,47,-47
235000295,0,0,0
235000305,0,0,0
235000306,0,0,0
235000307,0,0,0
235000308,0,0,0
235000309,0,0,0
235000310,0,0,0
235000311,0,7,-7
235000322,1,15,-14
235000323,0,47,-47
235000324,2,10,-8
235000325,0,14,-14
235000326,4,282,-278
235000351,0,29,-29
235000352,6,46,-40
235000353,1,37,-36
235000354,3,39,-36
235000355,1,63,-62
235000356,0,0,0
235000357,0,0,0
235000358,0,0,0
235000359,0,0,0
235000360,0,0,0
235000361,0,0,0
235000381,32,303,-271
235000382,46,33,13
235000390,5,4,1
235000391,48,22,26
235000392,30,92,-62
235000393,44,37,7
235000395,36,24,12
235000396,99,45,54
235000400,20,3,17
235000401,10,171,-161
235000405,49,508,-459
235000406,16,348,-332
235000407,41,123,-82
235000409,193,148,45
235000410,30,151,-121
235000411,2,68,-66
235000485,0,10,-10
235000486,2,2,0
235000549,25,39,-14
235000550,37,191,-154
235000599,62,137,-75
235000600,2,2,0
235000601,7,23,-16
235000602,44,79,-35
235000614,0,3,-3
235000648,1,24,-23
235000649,5,0,5
235000685,2,2,0
235000815,0,17,-17
235000834,0,2,-2
235000855,25,17,8
235000862,14,181,-167
235000891,0,5,-5
235000892,30,18,12
235000901,95,146,-51
235000907,11,5,6
235001010,20,47,-27
235001029,612,303,309
235001030,561,95,466
235001078,32,43,-11
235001079,34,134,-100
235001147,5,27,-22
235001166,10,48,-38
235001167,8,73,-65
235001169,4,291,-287
235001188,0,5,-5
235001189,1,1,0
235001197,3,8,-5
235001200,21,15,6
235001207,37,10,27
235001210,12,124,-112
235001215,7,120,-113
235001239,0,46,-46
235001244,0,0,0
235016267,0,12,-12
277101746,0,41,-41
277102712,0,0,0
277103813,1,0,1
277103814,0,2,-2
277103898,0,2,-2
277104249,0,2,-2
277104250,0,1,-1
277104251,0,6,-6
277104252,0,0,0
990011530,2,254,-252
990014944,1,494,-493
990015176,5,6,-1
990015618,3,118,-115
990016032,1,275,-274
990032570,5,23,-18
990070001,0,2,-2
990070103,0,1,-1
990070601,0,59,-59
990070751,38,1,37
990070766,0,958,-958
990071180,2,98,-96
990071343,0,0,0
990071387,0,2,-2
990071823,37,1,36
990072600,2,516,-514
990072964,3,667,-664
990073285,0,22,-22
990074393,6,1021,-1015
990074870,107,0,107
990075106,47,2,45
990075746,19,5,14
990076437,67,2,65
990076458,7,1110,-1103
997000007,22,1,21
997000041,0,118,-118
997000058,0,0,0
997000062,0,0,0
997000069,0,2,-2
997000070,0,25,-25
997000100,2,0,2
997000141,0,35,-35
997000198,90,39,51
998000475,0,19,-19
998000736,4,282,-278
998000965,0,1,-1
998001031,0,51,-51
998001700,0,23,-23
998001899,0,1,-1
998001900,5,1,4
998003073,44,20,24
998101900,0,0,0
998102850,0,78,-78
998501927,5,217,-212
998501929,60,3,57
998501930,63,6,57
998501931,21,24,-3
998501932,25,0,25
998501933,0,0,0
998501937,0,1,-1
998501944,0,3,-3
998501950,0,1,-1
998501970,0,4,-4
998501971,1,78,-77
998501973,1,93,-92
998501974,3,206,-203
998501975,9,0,9
998501976,3,2,1
998501977,2,21,-19
998501978,1,1,0
998501979,0,16,-16
998501980,5,0,5
998501981,18,0,18
998501982,0,99,-99
998501983,0,0,0
998502006,0,0,0
998502024,0,2,-2
998502032,0,0,0
998502062,1,0,1
998502063,0,0,0
998502173,19,0,19
998502269,0,2,-2
998502546,1,105,-104
998601159,0,262,-262
998601292,0,28,-28
999033574,3,569,-566
999800001,0,1,-1
999800002,0,1,-1
999800003,0,6,-6
999800004,0,6,-6
999800005,0,7,-7
