ID,insum,outsum,diff
100000001,802,1213,-411
100000002,3003,953,2050
100000003,7504,3665,3839
100000004,1932,1052,880
100000005,1993,4713,-2720
100000006,490,112,378
100000007,1958,689,1269
100000008,288,791,-503
100000009,357,269,88
100000010,58,53,5
100000011,675,65,610
100000012,56,1064,-1008
100000013,38,283,-245
100000014,380,399,-19
100000015,1732,1777,-45
100000016,1235,2158,-923
100000017,908,1486,-578
100000018,1775,765,1010
100000019,6787,2541,4246
100000020,2109,5926,-3817
100000021,9013,3370,5643
100000022,2132,1380,752
100000023,7846,1634,6212
100000025,3705,826,2879
100000028,2169,1115,1054
100000029,328,303,25
100000030,766,97,669
100000031,6707,7567,-860
100000032,2838,4349,-1511
100000033,1003,2650,-1647
100000034,1166,447,719
100000035,2337,1090,1247
100000036,3117,1168,1949
100000037,515,545,-30
100000038,1670,1141,529
100000039,1127,249,878
100000040,277,185,92
100000041,849,476,373
100000042,794,365,429
100000043,1047,375,672
100000044,442,960,-518
100000045,604,1937,-1333
100000046,1093,1978,-885
100000047,539,1046,-507
100000048,1223,821,402
100000049,2414,3587,-1173
100000051,672,1555,-883
100000053,65,5,60
100000054,209,25,184
100000055,727,260,467
100000056,298,745,-447
100000057,2050,1256,794
100000058,1166,1932,-766
100000059,12,167,-155
100000060,351,541,-190
100000061,1913,741,1172
100000062,1553,773,780
100000063,480,376,104
100000064,1170,509,661
100000065,397,1538,-1141
100000066,221,1450,-1229
100000067,560,1434,-874
100000068,522,2645,-2123
100000069,397,2362,-1965
100000072,625,1560,-935
100000073,1494,1757,-263
100000075,584,375,209
100000076,2852,2171,681
100000077,778,206,572
100000078,84,64,20
100000079,121,79,42
100000080,20,18,2
100000081,71,62,9
100000102,4837,1555,3282
100000103,4400,1136,3264
100000104,5637,1824,3813
100000105,4332,1128,3204
100000106,3444,2087,1357
100000107,1044,483,561
100000108,1391,1284,107
100000109,5437,1527,3910
100000116,1842,997,845
100000117,71,41,30
100000118,1535,1151,384
100000119,841,636,205
100000121,402,784,-382
100000122,1895,1161,734
100000123,4128,6407,-2279
100000124,7283,9738,-2455
100000125,3727,1347,2380
100000126,884,399,485
100000127,2374,384,1990
100000128,1507,1974,-467
100000129,677,454,223
100000130,457,787,-330
100000131,4073,4488,-415
100000132,1812,3545,-1733
100000133,8695,3849,4846
100000135,523,978,-455
100000139,337,336,1
100000140,336,310,26
100000142,477,641,-164
100000143,2320,1106,1214
100000144,6046,1134,4912
100000147,1278,2602,-1324
100000150,43,609,-566
100000151,1098,768,330
100000153,609,324,285
100000154,250,144,106
100000155,14,52,-38
100000156,109,98,11
100000157,36,302,-266
100000158,58,150,-92
100000159,709,574,135
100000165,1461,859,602
100000169,996,472,524
100000174,2110,568,1542
100000179,91,794,-703
100000180,5010,2367,2643
100000181,141,409,-268
100000188,116,665,-549
100000189,1711,356,1355
100000190,625,498,127
100000191,836,457,379
100000192,81,173,-92
100000193,196,160,36
100000330,2487,813,1674
100000355,154,868,-714
100000362,6217,4363,1854
100000363,2946,4153,-1207
100000364,615,183,432
100000365,4309,9764,-5455
100000366,5685,2956,2729
100000367,3971,5102,-1131
100000368,2475,2168,307
100000369,1325,1775,-450
100000370,278,420,-142
100000376,104,134,-30
100000379,3595,1573,2022
100000380,5000,2678,2322
100000384,7183,3999,3184
100000385,7159,4785,2374
100000386,10654,4829,5825
100000387,9156,5090,4066
100000388,10714,7069,3645
100000389,11335,6689,4646
100000390,12090,4974,7116
100000391,8616,6786,1830
100000392,5792,2209,3583
100000393,2811,2541,270
100000394,10176,5646,4530
100000395,5625,1858,3767
100000396,7231,2593,4638
100000397,4404,2442,1962
100000398,13393,9416,3977
100900002,5,112,-107
100900003,276,123,153
100900004,54,1273,-1219
100900005,130,11,119
100900006,19,376,-357
100900007,715,12,703
100900008,3,595,-592
100900009,43,72,-29
100900010,112,181,-69
100900011,83,423,-340
100900012,1,334,-333
100900013,1262,10,1252
100900014,6,9,-3
100900015,170,160,10
100900016,1,79,-78
100900017,973,124,849
100900018,0,21,-21
100900019,40,249,-209
100900020,449,2,447
100900021,420,2,418
100900022,10,24,-14
100900023,2,72,-70
100900024,1156,2,1154
100900025,23,32,-9
100900026,78,170,-92
100900027,735,3301,-2566
100900028,123,216,-93
100900029,137,21,116
100900030,10,34,-24
100900031,422,69,353
100900032,202,0,202
100900033,286,173,113
100900034,382,4,378
100900035,701,2,699
100900036,36,1,35
100900037,53,427,-374
100900038,105,17,88
100900039,489,842,-353
100900040,331,1142,-811
100900041,398,1424,-1026
100900042,724,341,383
100900043,0,21,-21
100900044,3884,506,3378
100900045,54,0,54
100900046,1441,6,1435
100900047,976,135,841
100900048,139,32,107
100900049,81,291,-210
100900050,0,24,-24
100900051,95,86,9
100900052,319,25,294
100900053,366,27,339
100900054,4,147,-143
100900055,287,517,-230
100900056,126,293,-167
100900057,814,1031,-217
100900058,298,52,246
100900059,74,6,68
100900060,96,15,81
100900061,392,395,-3
100900062,4,123,-119
100900063,183,476,-293
100900064,802,8,794
100900065,129,72,57
100900066,47,84,-37
100900067,4,11,-7
100900068,161,185,-24
100900069,631,4,627
100900070,288,5,283
100900071,813,405,408
100900072,0,86,-86
100900073,129,819,-690
100900074,2,8,-6
100900075,3132,469,2663
100900076,57,96,-39
100900077,53,212,-159
100900078,56,295,-239
100900079,3,67,-64
100900080,36,293,-257
100900081,41,153,-112
100900082,56,1042,-986
100900083,3,50,-47
100900085,6,143,-137
100900086,193,965,-772
100900088,93,1087,-994
100900089,1,22,-21
100900090,144,684,-540
100900091,2,35,-33
100900092,263,237,26
100900093,268,474,-206
100900094,78,1033,-955
100900095,0,40,-40
100900096,44,127,-83
100900097,1,9,-8
100900098,10,23,-13
100900099,32,942,-910
100900100,14,427,-413
100900101,537,54,483
100900102,97,87,10
100900103,4,21,-17
100900104,15,291,-276
100900105,14,176,-162
100900106,77,6,71
100900107,2771,775,1996
100900108,4,34,-30
100900109,5,37,-32
100900110,5,51,-46
100900111,72,231,-159
100900112,1,19,-18
100900113,11,25,-14
100900114,5,19,-14
100900115,1,59,-58
100900116,880,869,11
100900117,313,1046,-733
100900118,29,73,-44
100900119,5,34,-29
100900120,6,14,-8
100900121,292,630,-338
100900122,145,211,-66
100900123,64,147,-83
100900124,3,4,-1
100900125,30,144,-114
100900126,99,297,-198
100900127,0,9,-9
100900128,112,197,-85
100900129,0,179,-179
100900131,64,237,-173
100900133,52,72,-20
100900134,3,4,-1
100900135,1,201,-200
100900137,410,214,196
100900138,617,423,194
100900139,19,11,8
100900140,5,1171,-1166
100900141,4,528,-524
100900142,0,19,-19
100900143,1220,514,706
100900144,11,6,5
100900145,67,138,-71
100900146,7,25,-18
100900147,18,344,-326
100900148,30,1516,-1486
100900149,10,96,-86
100900150,2,17,-15
100900151,141,891,-750
100900152,188,8,180
100900153,10,190,-180
100900154,0,23,-23
100900155,3,17,-14
100900156,36,2,34
100900157,17,163,-146
100900159,3,19,-16
100900160,11,19,-8
100900161,223,12,211
100900162,22,239,-217
100900163,181,293,-112
100900164,45,53,-8
100900165,31,34,-3
100900166,54,6,48
100900167,14,132,-118
100900168,43,160,-117
100900169,198,1423,-1225
100900170,50,14,36
100900171,26,850,-824
100900172,0,10,-10
100900173,8,948,-940
100900174,393,51,342
100900176,1658,165,1493
100900177,1305,427,878
100900178,434,174,260
100900179,133,128,5
100900180,1,2,-1
100900181,117,87,30
100900182,52,24,28
100900184,5,235,-230
100900186,1267,781,486
100900187,12,256,-244
100900188,43,13,30
100900189,1298,235,1063
100900191,1732,1003,729
100900192,350,255,95
100900195,117,203,-86
100900197,181,282,-101
100900198,23,436,-413
100900199,14,19,-5
100900200,694,550,144
100900201,133,1353,-1220
100900202,4,0,4
100900203,0,77,-77
100900204,674,785,-111
100900205,143,549,-406
100900206,131,88,43
100900207,190,120,70
100900210,121,1200,-1079
100900211,418,108,310
100900213,77,47,30
100900214,1317,149,1168
100900215,7,54,-47
100900217,151,67,84
101000001,5074,2422,2652
101000002,5182,5989,-807
101000003,1076,2594,-1518
101000004,12429,9670,2759
101000005,6112,5947,165
101000006,10458,8899,1559
101000007,3306,3679,-373
101000008,5541,3342,2199
101000009,2086,2840,-754
101000010,1195,2164,-969
101000011,3155,1054,2101
101000012,3101,868,2233
101000013,647,1202,-555
101000014,754,939,-185
101000015,963,991,-28
101000016,753,521,232
101000017,746,756,-10
101000018,5676,3414,2262
101000020,5311,1485,3826
101000021,1848,345,1503
101000022,747,96,651
101000023,2227,825,1402
101000025,245,488,-243
101000026,417,17,400
101000027,2338,1762,576
101000028,1036,178,858
101000029,144,966,-822
101000030,1582,92,1490
101000031,825,604,221
101000032,8122,2735,5387
101000033,3523,2681,842
101000034,3600,1514,2086
101000035,1521,498,1023
101000036,2050,533,1517
101000037,5724,1413,4311
101000039,4763,2357,2406
101000040,5594,4132,1462
101000041,18838,5833,13005
101000042,1276,1027,249
101000043,13240,5651,7589
101000045,2398,647,1751
101000046,2945,764,2181
101000047,1831,1799,32
101000048,1368,1204,164
101000049,1229,1433,-204
101000050,3950,3721,229
101000051,3869,2143,1726
101000052,2147,785,1362
101000053,1446,2270,-824
101000054,2624,2062,562
101000055,2025,1535,490
101000056,112,96,16
101000057,3510,854,2656
101000058,2855,1057,1798
101000059,4975,1964,3011
101000060,2514,462,2052
101000061,1361,1237,124
101000062,1306,645,661
101000063,719,703,16
101000064,1887,529,1358
101000065,316,364,-48
101000066,533,321,212
101000067,1231,637,594
101000068,494,407,87
101000069,457,74,383
101000070,2107,1413,694
101000071,2535,1053,1482
101000072,1428,4381,-2953
101000073,1007,853,154
101000074,6319,5135,1184
101000075,8237,5198,3039
101000077,1394,2611,-1217
101000078,1232,2543,-1311
101000079,344,1057,-713
101000080,641,606,35
101000081,1376,1961,-585
101000082,4191,3525,666
101000083,2364,2115,249
101000084,1682,1433,249
101000085,1870,1479,391
101000086,1419,1486,-67
101000087,1108,1690,-582
101000088,1243,1497,-254
101000089,1024,1783,-759
101000090,3083,1965,1118
101000091,451,2379,-1928
101000092,878,1518,-640
101000093,1982,1141,841
101000094,767,1982,-1215
101000095,269,1291,-1022
101000096,331,920,-589
101000097,1009,450,559
101000098,852,676,176
101000099,1531,1641,-110
101000100,1185,832,353
101000101,562,560,2
101000102,1520,371,1149
101000103,1104,574,530
101000104,485,542,-57
101000105,1155,311,844
101000106,1213,622,591
101000107,207,455,-248
101000108,2246,453,1793
101000109,222,109,113
101000110,52,1109,-1057
101000111,185,324,-139
101000113,251,924,-673
101000114,4888,2190,2698
101000115,215,231,-16
101000116,238,339,-101
101000117,1078,340,738
101000119,189,90,99
101000120,224,36,188
101000121,94,25,69
101000122,174,76,98
101000123,82,75,7
101000124,181,278,-97
101000125,174,587,-413
101000128,1321,372,949
101000130,311,499,-188
101000131,657,1014,-357
101000132,463,2628,-2165
101000135,90,33,57
101000136,399,159,240
101000137,44,337,-293
101000141,2693,2549,144
101000147,1135,730,405
101000148,2448,25,2423
101000149,114,102,12
101000150,69,1715,-1646
101000151,130,95,35
101000152,371,441,-70
101000153,717,660,57
101000154,200,2831,-2631
101000155,161,277,-116
101000156,29,325,-296
101000157,89,46,43
101000160,92,76,16
101000163,223,111,112
101000164,558,526,32
101000165,344,605,-261
101000166,390,573,-183
101000168,862,443,419
101000252,1607,1181,426
101000254,684,45,639
101000258,19,34,-15
101000261,62,202,-140
101000262,1318,1156,162
101000263,430,1626,-1196
101000265,73,686,-613
101000266,440,458,-18
101000269,182,18,164
101000290,2623,3590,-967
101000293,27,98,-71
101000294,645,684,-39
101000295,147,700,-553
101000301,1079,438,641
101000304,2625,2957,-332
101000305,3087,2155,932
101000328,10,67,-57
101900001,17,87,-70
101900002,0,18,-18
101900003,124,130,-6
101900004,8,37,-29
101900005,8221,1938,6283
101900006,1194,60,1134
101900007,732,73,659
101900008,213,351,-138
101900009,76,637,-561
101900010,1526,857,669
101900011,555,1746,-1191
101900012,185,548,-363
101900013,1784,162,1622
101900017,30,123,-93
101900018,2921,320,2601
101900019,387,121,266
101900020,35,164,-129
101900021,0,71,-71
101900022,165,2234,-2069
101900023,101,360,-259
101900026,118,55,63
101900027,12,136,-124
102000001,3333,5068,-1735
102000002,3449,1867,1582
102000003,4504,7218,-2714
102000004,10842,4025,6817
102000005,1792,2830,-1038
102000006,1983,2377,-394
102000007,1874,6325,-4451
102000008,7095,2631,4464
102000009,6684,9409,-2725
102000010,7148,5323,1825
102000011,3133,2867,266
102000012,4284,4645,-361
102000018,4944,3526,1418
102000019,3825,2282,1543
102000026,384,1336,-952
102000029,544,328,216
102000030,99,453,-354
102000031,45,361,-316
102000032,341,543,-202
102000033,223,683,-460
102000034,756,845,-89
102000035,1399,875,524
102000036,4,498,-494
102000037,221,156,65
102000038,454,200,254
102000039,478,107,371
102000040,881,205,676
102000041,404,321,83
102000042,391,199,192
102000043,651,340,311
102000044,708,769,-61
102000045,945,1819,-874
102000046,1343,719,624
102000047,803,1914,-1111
102000048,274,1244,-970
102000049,1497,949,548
102000050,1582,1632,-50
102000051,555,814,-259
102000052,1863,1341,522
102000053,1140,1094,46
102000054,480,1163,-683
102000055,905,1888,-983
102000056,807,2793,-1986
102000057,1335,839,496
102000058,1389,3391,-2002
102000059,1297,2515,-1218
102000060,1316,1329,-13
102000061,1293,3502,-2209
102000062,1231,1692,-461
102000063,1732,1940,-208
102000064,605,823,-218
102000065,63,215,-152
102000066,829,2227,-1398
102000067,3188,4348,-1160
102000068,14939,4166,10773
102000069,63,2938,-2875
102000070,2168,82,2086
102000071,9719,12801,-3082
102000072,3788,8479,-4691
102000073,1391,1662,-271
102000074,656,1390,-734
102000075,272,531,-259
102000076,182,762,-580
102000077,362,1845,-1483
102000078,774,1409,-635
102000079,193,471,-278
102000080,272,344,-72
102000081,362,1253,-891
102000082,949,513,436
102000083,456,759,-303
102000084,144,529,-385
102000085,2276,1731,545
102000086,1389,2018,-629
102000087,1043,2572,-1529
102000088,285,417,-132
102000089,1090,735,355
102000090,456,1459,-1003
102000091,1560,582,978
102000092,437,1105,-668
102000093,572,760,-188
102000094,1409,887,522
102000095,1245,1940,-695
102000096,1279,1227,52
102000097,1639,1876,-237
102000098,811,1690,-879
102000099,1540,855,685
102000100,1009,1637,-628
102000101,1768,775,993
102000102,447,4211,-3764
102000103,1915,592,1323
102000104,1581,531,1050
102000105,328,1286,-958
102000106,752,1367,-615
102000107,939,820,119
102000108,543,500,43
102000109,391,945,-554
102000110,667,2781,-2114
102000111,14,613,-599
102000112,141,96,45
102000113,7,50,-43
102000114,1947,611,1336
102000115,219,273,-54
102000116,664,326,338
102000117,351,736,-385
102000118,2321,1298,1023
102000119,3446,874,2572
102000120,236,775,-539
102000121,1040,810,230
102000122,543,1143,-600
102000123,1764,1317,447
102000124,2134,1225,909
102000125,942,1254,-312
102000126,932,1004,-72
102000127,1054,973,81
102000128,783,1747,-964
102000129,1047,1449,-402
102000130,441,1323,-882
102000131,1831,1610,221
102000132,642,2258,-1616
102000133,1424,3106,-1682
102000134,596,997,-401
102000135,1354,1418,-64
102000136,1611,813,798
102000137,1430,1287,143
102000138,365,604,-239
102000139,198,537,-339
102000140,550,476,74
102000141,745,734,11
102000142,232,532,-300
102000143,100,735,-635
102000144,180,634,-454
102000145,334,676,-342
102000146,323,520,-197
102000147,374,449,-75
102000148,245,375,-130
102000149,217,974,-757
102000150,205,521,-316
102000151,199,578,-379
102000152,116,238,-122
102000153,1085,483,602
102000154,664,968,-304
102000155,165,346,-181
102000156,563,109,454
102000157,204,212,-8
102000158,936,579,357
102000159,2544,470,2074
102000161,6619,2513,4106
102000162,261,162,99
102000163,140,648,-508
102000164,1525,1017,508
102000165,250,198,52
102000166,30,147,-117
102000167,149,205,-56
102000168,211,148,63
102000169,156,610,-454
102000170,951,213,738
102000171,175,190,-15
102000172,89,359,-270
102000173,584,293,291
102000174,22,86,-64
102000175,184,239,-55
102000176,47,65,-18
102000178,252,845,-593
102000179,271,306,-35
102000180,649,884,-235
102000181,421,972,-551
102000182,535,990,-455
102000183,1615,3118,-1503
102000184,1503,1266,237
102000185,1959,2551,-592
102000186,1002,3049,-2047
102000187,721,2817,-2096
102000188,849,2331,-1482
102000189,4244,1630,2614
102000190,794,3622,-2828
102000191,1762,742,1020
102000192,985,1479,-494
102000193,50,270,-220
102000194,73,226,-153
102000195,521,844,-323
102000196,181,1006,-825
102000197,508,837,-329
102000198,201,1641,-1440
102000199,580,657,-77
102000200,313,2101,-1788
102000201,604,826,-222
102000202,1,243,-242
102000203,304,450,-146
102000204,386,1534,-1148
102000205,1063,910,153
102000206,782,1056,-274
102000207,1265,638,627
102000208,469,774,-305
102000209,49,106,-57
102000210,465,922,-457
102000211,655,872,-217
102000212,201,17,184
102000213,3,648,-645
102000214,187,32,155
102000215,7,1008,-1001
102000216,56,100,-44
102000217,21,356,-335
102000218,172,184,-12
102000219,760,575,185
102000225,893,1119,-226
102000226,8503,1296,7207
102000227,195,7,188
102000228,0,216,-216
102000229,13,32,-19
102000230,328,982,-654
102000231,481,730,-249
102000232,20,336,-316
102000233,582,1136,-554
102000234,130,1559,-1429
102000236,421,106,315
102000237,818,230,588
102000238,215,580,-365
102000240,837,753,84
102000241,288,238,50
102000243,14,100,-86
102000245,33,115,-82
102000246,11,38,-27
102000247,945,1237,-292
102000248,705,776,-71
102000249,153,297,-144
102000250,45,774,-729
102000254,98,571,-473
102000266,101,322,-221
102000271,27,1,26
102000286,737,535,202
102000297,2255,1515,740
102000299,0,0,0
102000301,0,0,0
102000305,0,0,0
102000307,0,13,-13
102000308,0,2,-2
102900001,1569,1686,-117
102900002,341,32,309
102900003,54,423,-369
102900005,294,596,-302
102900006,484,446,38
102900007,363,32,331
102900008,318,213,105
102900009,683,303,380
102900010,762,680,82
102900011,2694,504,2190
102900012,398,91,307
102900013,34,72,-38
102900015,1102,428,674
102900016,34,136,-102
102900017,90,861,-771
102900018,9,182,-173
102900019,517,957,-440
102900020,90,65,25
102900021,22,158,-136
102900022,614,140,474
102900023,21,68,-47
102900024,23,49,-26
102900025,438,124,314
102900026,1048,1755,-707
102900027,42,87,-45
102900028,129,731,-602
102900029,233,198,35
102900030,321,321,0
102900031,176,221,-45
102900032,92,220,-128
102900033,56,206,-150
102900034,312,208,104
102900035,106,678,-572
102900036,201,945,-744
102900037,211,1039,-828
102900038,433,1034,-601
102900039,59,483,-424
102900040,165,410,-245
102900041,60,314,-254
102900042,213,596,-383
102900043,137,365,-228
102900044,820,2899,-2079
102900045,123,831,-708
102900046,110,473,-363
102900047,82,1171,-1089
102900048,721,1085,-364
102900049,134,572,-438
102900050,344,534,-190
102900051,228,358,-130
102900052,43,27,16
102900053,439,1131,-692
102900054,1265,1270,-5
102900055,173,142,31
102900056,198,716,-518
102900057,9,46,-37
102900058,488,74,414
102900059,22,69,-47
102900060,122,602,-480
102900061,127,801,-674
102900062,185,1843,-1658
102900063,904,542,362
102900064,179,496,-317
102900065,2514,621,1893
102900066,533,137,396
102900068,101,107,-6
102900070,239,1098,-859
102900072,29,51,-22
102900073,186,15,171
102900075,35,33,2
102900076,364,77,287
102900077,45,36,9
102900078,62,91,-29
102900079,195,17,178
102900080,425,33,392
102900081,84,464,-380
102900082,12,345,-333
102900083,317,7,310
102900084,3,21,-18
102900085,182,98,84
102900086,8,63,-55
102900087,115,217,-102
102900088,52,50,2
102900089,331,205,126
102900090,3,778,-775
102900091,221,6,215
102900092,274,1585,-1311
102900093,354,326,28
102900094,0,92,-92
102900095,96,1,95
102900096,36,22,14
102900097,4,176,-172
103000001,2881,3504,-623
103000002,3088,3111,-23
103000003,7154,3728,3426
103000004,1431,929,502
103000005,3495,3635,-140
103000006,1013,2111,-1098
103000007,442,1249,-807
103000008,1296,1437,-141
103000009,1358,1397,-39
103000010,175,190,-15
103000011,2207,1598,609
103000012,1564,1797,-233
103000013,8494,2650,5844
103000014,1706,2887,-1181
103000015,3680,1097,2583
103000016,645,1512,-867
103000017,221,470,-249
103000018,1764,593,1171
103000019,279,262,17
103000020,2589,2082,507
103000021,1875,1938,-63
103000022,1472,1641,-169
103000023,702,1924,-1222
103000024,204,254,-50
103000025,96,552,-456
103000026,2489,214,2275
103000027,413,682,-269
103000028,809,540,269
103000029,514,373,141
103000030,2854,945,1909
103000031,2170,2147,23
103000032,2313,2643,-330
103000033,3098,3599,-501
103000034,2075,1383,692
103000035,612,1499,-887
103000036,600,691,-91
103000037,709,638,71
103000038,608,1361,-753
103000039,294,691,-397
103000040,381,1936,-1555
103000041,1998,3950,-1952
103000042,1077,1175,-98
103000043,464,1971,-1507
103000044,173,407,-234
103000046,364,545,-181
103000047,724,892,-168
103000048,179,252,-73
103000049,118,306,-188
103000050,977,1166,-189
103000051,487,793,-306
103000052,1034,783,251
103000053,209,689,-480
103000054,2420,1836,584
103000055,1792,2680,-888
103000056,805,3514,-2709
103000057,347,405,-58
103000058,544,1415,-871
103000059,324,1159,-835
103000060,946,1302,-356
103000061,408,1340,-932
103000062,1125,1124,1
103000063,714,938,-224
103000064,115,417,-302
103000065,5,509,-504
103000066,143,20,123
103000069,271,513,-242
103000070,1032,1699,-667
103000071,1104,556,548
103000072,134,1413,-1279
103000073,692,202,490
103000074,765,148,617
103000075,131,1481,-1350
103000076,313,412,-99
103000077,63,639,-576
103000078,2082,776,1306
103000079,2624,710,1914
103000080,1626,445,1181
103000081,710,1130,-420
103000082,649,384,265
103000083,107,476,-369
103000084,243,4,239
103000085,3,96,-93
103000086,1110,561,549
103000087,196,582,-386
103000088,554,480,74
103000089,308,529,-221
103000090,1876,1217,659
103000091,570,611,-41
103000092,364,439,-75
103000093,385,735,-350
103000094,207,188,19
103000095,66,586,-520
103000096,793,199,594
103000097,101,979,-878
103000098,1096,296,800
103000099,412,897,-485
103000100,95,1520,-1425
103000101,833,240,593
103000102,109,1336,-1227
103000103,646,442,204
103000104,88,255,-167
103000105,165,312,-147
103000106,18,122,-104
103000107,431,118,313
103000108,604,708,-104
103000109,487,391,96
103000110,539,566,-27
103000111,790,546,244
103000112,388,326,62
103000113,997,1033,-36
103000114,1410,560,850
103000115,546,851,-305
103000116,532,901,-369
103000117,257,799,-542
103000118,2322,1390,932
103000119,3000,776,2224
103000120,50,77,-27
103000121,344,894,-550
103000122,463,339,124
103000125,11,699,-688
103000126,537,12,525
103000127,0,370,-370
103000128,166,10,156
103000129,5,236,-231
103000130,24,39,-15
103000131,351,150,201
103000132,67,228,-161
103000133,11,223,-212
103000134,844,1016,-172
103000135,1394,367,1027
103000136,1100,508,592
103000137,937,783,154
103000138,1196,983,213
103000139,2,58,-56
103000140,199,19,180
103000141,37,178,-141
103000142,122,112,10
103000143,109,313,-204
103000144,213,170,43
103000145,40,57,-17
103000150,119,98,21
103000152,379,315,64
103000153,308,171,137
103000156,5,706,-701
103000157,382,10,372
103000159,145,172,-27
103000162,83,14,69
103000163,8,26,-18
103000164,39,17,22
103000165,336,662,-326
103000166,213,238,-25
103000167,296,162,134
103000168,89,206,-117
103000169,230,450,-220
103000170,467,744,-277
103000171,50,114,-64
103000172,409,416,-7
103000173,438,1297,-859
103000174,159,476,-317
103000175,182,665,-483
103000176,1238,448,790
103000177,1113,548,565
103000178,468,439,29
103000179,227,41,186
103000183,108,45,63
103000185,79,186,-107
103000186,105,274,-169
103000187,417,1117,-700
103000188,15,96,-81
103000189,1095,1761,-666
103000191,734,1194,-460
103000292,3606,1481,2125
103000293,2064,1997,67
103000295,125,106,19
103000296,280,3,277
103000297,229,80,149
103000504,405,102,303
103000505,16,18,-2
103000506,2,342,-340
103000507,163,0,163
103000508,68,44,24
103000509,291,643,-352
103900001,2,709,-707
103900002,2735,248,2487
103900003,2862,207,2655
103900004,84,1,83
103900005,6,417,-411
103900006,2,1,1
103900007,23,12,11
103900008,35,0,35
103900009,207,449,-242
103900010,150,408,-258
103900011,184,327,-143
103900012,6,21,-15
103900013,47,139,-92
103900014,41,30,11
103900015,38,13,25
103900016,389,344,45
103900017,43,136,-93
103900018,940,285,655
103900019,60,382,-322
103900020,302,572,-270
103900021,1188,57,1131
103900022,1365,858,507
103900023,125,3,122
103900024,110,1361,-1251
103900025,6,72,-66
103900026,36,0,36
103900027,529,444,85
103900028,27,284,-257
103900029,1196,194,1002
103900030,271,59,212
103900031,19,0,19
103900032,87,59,28
103900033,114,13,101
103900034,30,498,-468
103900035,85,105,-20
103900036,43,43,0
103900037,58,58,0
103900038,100,194,-94
103900039,40,698,-658
103900040,8,328,-320
103900041,26,82,-56
103900042,43,686,-643
103900043,143,238,-95
103900044,447,222,225
103900045,234,283,-49
103900047,57,42,15
103900048,42,28,14
103900049,289,2208,-1919
103900050,14,146,-132
103900051,1,34,-33
103900052,281,934,-653
103900053,183,1823,-1640
103900054,86,1019,-933
103900055,382,365,17
103900056,37,76,-39
103900057,27,466,-439
103900058,167,1127,-960
103900059,0,5,-5
103900060,40,407,-367
103900061,88,115,-27
103900062,285,90,195
103900063,2,0,2
103900064,65,1,64
103900065,996,640,356
103900066,89,6,83
103900067,110,8,102
103900068,3,0,3
103900069,98,15,83
103900070,170,486,-316
103900071,28,235,-207
103900072,19,465,-446
103900073,52,43,9
103900074,81,137,-56
103900075,276,173,103
103900076,397,1251,-854
103900077,92,110,-18
103900078,149,157,-8
103900079,163,374,-211
103900080,16,37,-21
103900081,124,13,111
103900082,11,166,-155
103900083,2712,734,1978
103900084,49,315,-266
103900085,98,143,-45
103900086,488,411,77
103900087,9,57,-48
103900088,498,398,100
103900089,51,313,-262
103900090,2,373,-371
103900091,1139,372,767
103900092,599,726,-127
103900093,143,592,-449
103900094,4,217,-213
103900095,261,210,51
103900096,25,426,-401
103900097,11,790,-779
103900098,218,125,93
103900099,74,532,-458
103900100,183,534,-351
103900101,78,1447,-1369
103900102,0,81,-81
103900104,1,68,-67
103900105,104,286,-182
103900106,0,17,-17
103900107,182,458,-276
103900108,31,611,-580
103900109,69,163,-94
103900110,279,68,211
103900111,68,1387,-1319
103900112,25,83,-58
103900113,170,272,-102
103900114,805,572,233
103900115,316,143,173
103900116,10662,2661,8001
103900117,287,185,102
103900119,49,60,-11
103900120,82,175,-93
103900122,65,509,-444
103900123,2482,719,1763
103900124,85,826,-741
103900125,79,103,-24
103900126,475,915,-440
103900127,123,1408,-1285
103900128,90,375,-285
103900131,27,155,-128
103900133,1349,33,1316
103900134,0,7,-7
103900135,6,12,-6
103900137,0,66,-66
103900138,74,567,-493
103900139,290,1443,-1153
103900140,5,67,-62
103900141,336,117,219
103900142,93,277,-184
103900143,53,8,45
103900144,3,85,-82
103900145,210,589,-379
103900146,304,565,-261
103900147,405,208,197
103900148,205,335,-130
103900149,174,1169,-995
103900150,11849,3532,8317
103900151,65,286,-221
103900152,348,1204,-856
103900153,7,4,3
103900154,1925,1534,391
103900155,15,382,-367
103900156,9,256,-247
103900157,22,453,-431
103900158,50,372,-322
103900159,106,129,-23
103900160,55,22,33
103900161,91,302,-211
103900162,68,434,-366
103900163,11,641,-630
103900167,30,122,-92
103900168,117,235,-118
103900169,23,90,-67
103900170,4,175,-171
103900171,2,123,-121
103900172,11,81,-70
103900173,12,17,-5
103900174,101,102,-1
103900175,83,46,37
103900176,9,43,-34
103900177,7,62,-55
103900178,50,196,-146
103900179,47,405,-358
103900180,30,259,-229
103900181,59,95,-36
103900182,42,17,25
103900184,962,76,886
103900185,726,247,479
103900187,124,53,71
103900188,40,22,18
103900189,132,15,117
103900190,128,85,43
103900191,34,97,-63
103900192,83,151,-68
103900193,217,292,-75
103900194,96,620,-524
103900195,2,35,-33
103900196,46,38,8
103900197,4,44,-40
103900198,16,99,-83
103900199,104,99,5
103900200,153,197,-44
103900201,82,276,-194
103900202,6,80,-74
103900203,39,29,10
103900204,4,214,-210
103900207,2,316,-314
103900208,65,0,65
103900209,8,205,-197
103900210,69,37,32
103900211,502,1064,-562
103900212,95,800,-705
103900213,126,277,-151
103900214,401,208,193
103900215,646,265,381
103900216,14,615,-601
103900217,459,105,354
103900218,2,442,-440
103900219,118,561,-443
103900233,102,6,96
103900235,29,24,5
103900236,21,2,19
103900242,9,13,-4
103900243,8,11,-3
103900244,100,595,-495
103900245,142,357,-215
103900246,106,54,52
103900247,108,172,-64
103900248,5,44,-39
103900249,33,59,-26
103900250,111,29,82
103900251,6,51,-45
103900253,46,99,-53
103900254,4,53,-49
103900255,9,25,-16
103900256,30,33,-3
103900257,135,157,-22
103900258,63,4,59
103900259,87,8,79
103900261,14,4,10
103900262,18,6,12
103900263,104,92,12
103900264,116,30,86
103900265,55,17,38
103900266,0,81,-81
103900267,3,89,-86
103900268,1,136,-135
103900269,145,66,79
103900270,27,267,-240
103900271,13,389,-376
103900272,53,160,-107
103900273,28,153,-125
103900274,65,34,31
103900275,39,15,24
103900276,20,388,-368
103900277,11,367,-356
103900278,0,9,-9
103900279,0,4,-4
104000001,2473,3140,-667
104000002,2342,4619,-2277
104000003,2706,3082,-376
104000004,4204,3889,315
104000005,1584,2676,-1092
104000006,3200,4394,-1194
104000007,5373,5748,-375
104000008,358,657,-299
104000009,108,146,-38
104000010,184,283,-99
104000011,1356,548,808
104000012,184,741,-557
104000013,208,195,13
104000014,365,1192,-827
104000015,292,244,48
104000016,752,684,68
104000018,704,258,446
104000019,526,150,376
104000020,249,1128,-879
104000021,386,1071,-685
104000022,169,475,-306
104000023,625,551,74
104000024,325,604,-279
104000026,72,524,-452
104000027,478,744,-266
104000028,379,406,-27
104000029,587,821,-234
104000030,330,375,-45
104000031,1068,481,587
104000032,319,510,-191
104000033,634,705,-71
104000034,425,589,-164
104000035,792,700,92
104000036,743,1064,-321
104000037,364,508,-144
104000038,391,447,-56
104000039,215,614,-399
104000040,832,698,134
104000041,565,537,28
104000042,184,652,-468
104000043,332,682,-350
104000044,340,1179,-839
104000045,1382,1928,-546
104000046,2096,2490,-394
104000047,925,2103,-1178
104000048,1517,2746,-1229
104000049,434,408,26
104000050,243,871,-628
104000051,107,1170,-1063
104000052,1288,2353,-1065
104000053,825,951,-126
104000054,598,822,-224
104000055,4638,4152,486
104000056,2262,382,1880
104000057,175,765,-590
104000058,696,1124,-428
104000059,572,1807,-1235
104000060,895,1739,-844
104000061,1518,2111,-593
104000062,254,227,27
104000064,702,471,231
104000065,219,627,-408
104000069,2336,1011,1325
104000070,101,491,-390
104000071,223,634,-411
104000072,570,300,270
104000075,96,499,-403
104000076,655,148,507
104000082,2391,3733,-1342
104000083,868,324,544
104000084,143,678,-535
104000085,371,370,1
104000086,230,644,-414
104000087,568,1727,-1159
104000090,813,2383,-1570
104000092,935,4555,-3620
104000094,1135,3230,-2095
104000095,1836,2112,-276
104000096,1321,741,580
104000097,1546,1922,-376
104000098,1466,2206,-740
104000100,1457,1061,396
104000101,1030,3964,-2934
104000106,113,822,-709
104000107,676,716,-40
104000108,512,1016,-504
104000109,302,66,236
104000110,895,1445,-550
104000111,8698,2909,5789
104000112,3571,1001,2570
104000116,4,2176,-2172
104000117,115,2131,-2016
104000118,541,386,155
104000119,524,387,137
104000120,259,1920,-1661
104000121,215,1027,-812
104000122,623,911,-288
104000123,1338,1870,-532
104000124,1682,4312,-2630
104000125,8596,4713,3883
104000126,430,657,-227
104000127,2023,5087,-3064
104000128,1111,725,386
104000129,740,25,715
104000130,14,336,-322
104000131,1474,846,628
104000132,776,1150,-374
104000133,1301,1477,-176
104000134,1133,2091,-958
104000135,447,1977,-1530
104000136,946,4656,-3710
104000137,1747,454,1293
104000138,1883,598,1285
104000139,12360,4249,8111
104000141,1543,2818,-1275
104000142,827,1488,-661
104000143,715,1158,-443
104000144,93,296,-203
104000145,487,288,199
104000146,443,889,-446
104000147,145,511,-366
104000148,321,262,59
104000149,233,584,-351
104000150,998,751,247
104000151,474,933,-459
104000152,581,1202,-621
104000153,507,678,-171
104000154,1333,1200,133
104000155,598,597,1
104000157,1383,2819,-1436
104000158,540,528,12
104000159,719,551,168
104000160,2000,2230,-230
104000161,440,253,187
104000162,89,246,-157
104000165,2184,1593,591
104000167,641,989,-348
104000168,586,6,580
104000169,118,99,19
104000170,992,609,383
104000248,410,1973,-1563
104000251,94,533,-439
104000272,0,0,0
104000273,0,0,0
104000274,0,0,0
104000275,0,0,0
104000279,890,632,258
104000290,88,627,-539
104000291,648,1630,-982
104000293,849,1118,-269
104000294,9,1,8
104000295,693,1236,-543
104000296,390,1195,-805
104000297,1075,2429,-1354
104000298,2310,1275,1035
104000299,913,2384,-1471
104900001,148,754,-606
104900002,59,169,-110
104900003,48,520,-472
104900004,109,546,-437
104900005,170,258,-88
104900006,205,111,94
104900007,242,406,-164
104900009,163,733,-570
104900010,37,37,0
104900011,7,6,1
104900012,129,23,106
104900013,172,13,159
104900014,5761,619,5142
104900015,107,4,103
104900016,202,604,-402
104900017,138,291,-153
104900018,16,317,-301
104900019,443,2071,-1628
104900020,59,456,-397
104900021,1,468,-467
104900022,24,172,-148
104900023,2,224,-222
104900024,24,179,-155
104900025,63,789,-726
104900026,4,254,-250
104900027,330,369,-39
104900028,45,138,-93
104900029,63,162,-99
104900030,586,311,275
104900031,217,342,-125
104900032,33,275,-242
104900033,141,366,-225
104900034,399,170,229
104900035,226,240,-14
104900036,154,133,21
104900037,127,667,-540
104900038,889,617,272
104900039,1731,246,1485
104900040,242,92,150
104900041,227,320,-93
104900042,173,771,-598
104900043,14,117,-103
104900044,369,314,55
104900045,403,92,311
104900046,158,162,-4
104900047,317,228,89
104900048,263,139,124
104900049,11,17,-6
104900050,188,159,29
104900051,288,61,227
104900052,28,0,28
104900053,375,100,275
104900054,164,68,96
104900055,58,0,58
104900056,258,19,239
104900057,19,1,18
104900058,921,318,603
104900059,22,68,-46
104900060,3,707,-704
104900061,481,1067,-586
104900063,3,283,-280
104900064,0,240,-240
104900065,0,230,-230
104900066,8,486,-478
104900067,4,484,-480
104900068,18,360,-342
104900070,225,434,-209
104900071,12,1395,-1383
104900072,84,343,-259
104900073,76,677,-601
104900074,63,336,-273
104900075,64,211,-147
104900076,172,627,-455
104900077,2507,177,2330
104900078,215,1190,-975
104900079,204,355,-151
104900080,90,837,-747
104900082,23,554,-531
104900085,21,423,-402
104900087,515,10,505
104900089,102,0,102
104900090,663,798,-135
104900091,630,1666,-1036
104900093,258,984,-726
104900097,5175,1765,3410
104900098,71,40,31
104900099,369,676,-307
104900100,1421,355,1066
104900102,26,534,-508
104900103,537,227,310
104900104,5570,1811,3759
104900106,79,191,-112
104900107,88,528,-440
104900108,34,607,-573
104900109,82,293,-211
104900110,22,80,-58
104900111,226,280,-54
104900112,215,1723,-1508
104900113,637,775,-138
104900114,245,1295,-1050
104900115,686,957,-271
104900116,188,393,-205
104900118,23,135,-112
104900119,2,53,-51
104900120,173,122,51
104900121,3,224,-221
104900122,1,177,-176
104900123,41,3,38
104900124,17,0,17
104900125,601,53,548
104900126,107,86,21
104900127,32,55,-23
104900128,63,154,-91
104900129,4276,1621,2655
105000001,3019,2389,630
105000002,3195,2701,494
105000003,4580,5174,-594
105000004,624,1787,-1163
105000005,769,1632,-863
105000006,1366,2458,-1092
105000007,1473,1843,-370
105000008,1492,2843,-1351
105000009,1679,3935,-2256
105000010,4530,4649,-119
105000011,2532,3161,-629
105000012,5248,4935,313
105000013,953,1343,-390
105000014,1633,2729,-1096
105000015,11796,9823,1973
105000016,5972,2766,3206
105000017,2139,1727,412
105000018,1822,1380,442
105000019,2020,1189,831
105000020,303,428,-125
105000021,369,228,141
105000022,262,77,185
105000023,636,304,332
105000028,122,232,-110
105000029,461,1523,-1062
105000030,5182,5508,-326
105000033,1228,3368,-2140
105000034,271,803,-532
105000037,803,983,-180
105000038,2109,1945,164
105000039,3779,2918,861
105000040,913,1244,-331
105000041,746,2236,-1490
105000042,3611,1764,1847
105000043,2656,3422,-766
105000044,443,558,-115
105000045,400,1342,-942
105000046,926,545,381
105000047,686,2230,-1544
105000048,661,340,321
105000049,271,1065,-794
105000050,574,535,39
105000051,354,856,-502
105000052,535,1721,-1186
105000053,194,309,-115
105000054,314,1670,-1356
105000055,512,777,-265
105000056,1142,4601,-3459
105000057,1320,1580,-260
105000058,1832,2339,-507
105000059,662,838,-176
105000060,635,1136,-501
105000061,536,835,-299
105000062,1362,2112,-750
105000063,499,1281,-782
105000064,1263,1042,221
105000065,513,1834,-1321
105000066,1644,3658,-2014
105000067,1334,780,554
105000068,903,1524,-621
105000069,6006,1367,4639
105000070,1490,1188,302
105000071,511,750,-239
105000072,1176,1788,-612
105000073,1101,993,108
105000074,1120,1295,-175
105000075,737,1125,-388
105000076,1946,1478,468
105000077,2373,1015,1358
105000078,1978,1677,301
105000079,2336,2262,74
105000080,2426,1326,1100
105000081,1881,1011,870
105000082,1018,697,321
105000083,1961,1046,915
105000084,778,1665,-887
105000085,1578,1374,204
105000086,695,1281,-586
105000087,4774,2802,1972
105000088,1819,1893,-74
105000089,4354,3475,879
105000090,1222,1278,-56
105000091,2043,2583,-540
105000092,737,1540,-803
105000093,416,269,147
105000094,334,397,-63
105000095,115,529,-414
105000096,1427,928,499
105000097,1617,1006,611
105000098,1170,846,324
105000099,1320,1339,-19
105000100,1286,1816,-530
105000101,2119,3776,-1657
105000102,2272,2480,-208
105000103,2098,4277,-2179
105000104,2046,1896,150
105000105,1217,3703,-2486
105000106,1453,2780,-1327
105000107,944,1876,-932
105000108,1299,3776,-2477
105000109,1574,2967,-1393
105000110,771,1843,-1072
105000111,748,981,-233
105000112,1354,1593,-239
105000113,484,960,-476
105000114,7955,1695,6260
105000115,327,1188,-861
105000116,710,784,-74
105000117,1018,2643,-1625
105000118,360,539,-179
105000119,576,2223,-1647
105000120,719,917,-198
105000121,973,2375,-1402
105000122,419,722,-303
105000123,1584,2745,-1161
105000124,1471,1557,-86
105000125,739,3229,-2490
105000126,2570,4273,-1703
105000127,3065,3110,-45
105000128,599,2564,-1965
105000129,1018,541,477
105000130,183,1792,-1609
105000131,988,691,297
105000132,798,630,168
105000133,388,1844,-1456
105000134,616,800,-184
105000135,453,1032,-579
105000136,168,566,-398
105000137,306,336,-30
105000138,293,569,-276
105000139,1319,1858,-539
105000140,263,717,-454
105000141,282,1299,-1017
105000142,171,788,-617
105000143,329,1351,-1022
105000144,457,1243,-786
105000145,771,797,-26
105000146,920,1338,-418
105000147,520,689,-169
105000148,1307,1056,251
105000149,2343,3281,-938
105000150,2944,2641,303
105000151,513,590,-77
105000152,295,1243,-948
105000153,882,875,7
105000154,858,1962,-1104
105000155,412,1158,-746
105000156,1265,1845,-580
105000157,1284,4642,-3358
105000158,2515,1300,1215
105000159,313,2765,-2452
105000160,2024,929,1095
105000161,1091,3695,-2604
105000162,903,2019,-1116
105000163,3062,2004,1058
105000164,233,510,-277
105000165,3543,5998,-2455
105000166,12971,696,12275
105000167,6164,1785,4379
105000168,324,1757,-1433
105000169,389,652,-263
105000170,159,2136,-1977
105000171,1638,763,875
105000172,102,89,13
105000173,81,60,21
105000174,54,51,3
105000175,125,190,-65
105000176,223,97,126
105000177,214,201,13
105000178,134,1532,-1398
105000179,241,195,46
105000180,122,175,-53
105000181,122,961,-839
105000182,49,102,-53
105000183,4838,2440,2398
105000184,1290,1315,-25
105000185,1680,1053,627
105000186,446,1266,-820
105000187,947,337,610
105000188,382,173,209
105000189,237,761,-524
105000190,259,434,-175
105000191,360,495,-135
105000192,260,111,149
105000193,118,240,-122
105000194,212,86,126
105000195,376,1883,-1507
105000196,47,150,-103
105000197,321,1181,-860
105000198,795,445,350
105000199,397,414,-17
105000200,140,333,-193
105000201,94,30,64
105000203,17,501,-484
105000204,66,117,-51
105000205,117,429,-312
105000207,781,297,484
105000208,394,694,-300
105000209,317,393,-76
105000212,1127,2894,-1767
105000213,329,245,84
105000214,145,356,-211
105000215,273,421,-148
105000216,104,449,-345
105000217,129,478,-349
105000218,846,1651,-805
105000221,331,541,-210
105000222,161,87,74
105000223,207,303,-96
105000226,113,747,-634
105000227,60,345,-285
105000228,500,1228,-728
105000229,155,303,-148
105000231,246,454,-208
105000233,709,799,-90
105000234,648,2094,-1446
105000235,379,784,-405
105000237,993,127,866
105000243,32,605,-573
105000248,106,84,22
105000262,315,3468,-3153
105000269,115,274,-159
105000270,385,189,196
105000271,4,485,-481
105000282,235,81,154
105000287,366,319,47
105000288,437,834,-397
105000289,2153,1331,822
105000290,11,2,9
105000402,7732,3187,4545
105000426,446,585,-139
105000438,1945,941,1004
105000446,23408,7295,16113
105000447,12666,4231,8435
105000454,387,1418,-1031
105000455,296,360,-64
105000474,15,4,11
105000477,378,588,-210
105000478,1574,2958,-1384
105000479,185,199,-14
105000480,3183,2756,427
105000481,3488,2760,728
105000482,6638,4019,2619
105000483,1573,1664,-91
105000484,3163,3474,-311
105000485,1441,1994,-553
105000486,4125,3133,992
105000488,5359,4413,946
105000489,1000,1264,-264
105000549,40,267,-227
105000550,557,2051,-1494
105000551,32,151,-119
105000552,5524,2894,2630
105000555,201,433,-232
105900001,18,1923,-1905
105900002,2793,604,2189
105900003,13,127,-114
105900004,432,162,270
105900005,7,317,-310
105900006,18,81,-63
105900007,113,28,85
105900008,75,1052,-977
105900009,16,12,4
105900011,268,65,203
105900012,579,239,340
105900013,1,25,-24
105900014,6,136,-130
105900015,178,595,-417
105900016,354,1216,-862
105900017,957,86,871
105900018,304,473,-169
105900019,164,869,-705
105900020,50,85,-35
105900021,43,709,-666
105900022,276,627,-351
105900023,3,185,-182
105900024,5,294,-289
105900025,53,88,-35
105900026,382,106,276
105900027,9715,6384,3331
105900028,149,220,-71
105900029,3022,440,2582
105900030,271,400,-129
105900031,793,277,516
105900032,71,240,-169
105900033,72,166,-94
105900034,185,401,-216
105900035,190,305,-115
105900036,39,262,-223
105900037,63,108,-45
105900038,208,577,-369
105900039,102,290,-188
105900040,82,136,-54
105900041,211,1006,-795
105900042,59,135,-76
105900043,3414,175,3239
105900044,21,233,-212
105900045,4,771,-767
105900046,21,256,-235
105900047,2,58,-56
105900048,95,672,-577
105900050,4721,2860,1861
105900051,16,2203,-2187
105900052,443,130,313
105900053,6239,2154,4085
105900054,405,600,-195
105900056,1234,402,832
105900057,43,255,-212
105900058,8,83,-75
105900059,0,52,-52
106000001,5446,2500,2946
106000002,4431,7759,-3328
106000003,4126,4128,-2
106000004,3783,4394,-611
106000005,3026,7368,-4342
106000006,7861,7796,65
106000007,440,565,-125
106000008,420,412,8
106000009,495,422,73
106000010,657,807,-150
106000011,791,1179,-388
106000012,931,2466,-1535
106000013,2052,2290,-238
106000014,2553,2766,-213
106000015,1507,1484,23
106000016,1397,3552,-2155
106000017,801,861,-60
106000018,692,812,-120
106000019,285,641,-356
106000020,316,709,-393
106000021,290,712,-422
106000022,411,453,-42
106000023,799,615,184
106000024,981,1371,-390
106000025,98,320,-222
106000026,141,410,-269
106000027,1222,2025,-803
106000028,771,1053,-282
106000029,1102,2027,-925
106000030,1293,583,710
106000034,270,868,-598
106000035,1147,1579,-432
106000036,613,660,-47
106000037,2581,2851,-270
106000038,740,118,622
106000039,317,71,246
106000040,273,1157,-884
106000041,1011,424,587
106000043,702,147,555
106000046,528,70,458
106000047,107,619,-512
106000049,718,240,478
106000050,379,1566,-1187
106000051,603,586,17
106000052,149,1034,-885
106000053,223,146,77
106000054,502,750,-248
106000055,922,1878,-956
106000056,372,669,-297
106000057,240,404,-164
106000058,210,342,-132
106000059,311,455,-144
106000060,888,890,-2
106000061,264,663,-399
106000062,172,898,-726
106000063,886,808,78
106000064,62,665,-603
106000065,444,385,59
106000066,180,677,-497
106000067,452,172,280
106000068,84,1166,-1082
106000069,249,202,47
106000070,471,1409,-938
106000071,1081,643,438
106000072,8554,2565,5989
106000073,2790,3257,-467
106000074,563,1266,-703
106000075,561,1717,-1156
106000076,2295,2709,-414
106000077,5512,2165,3347
106000078,1264,1678,-414
106000079,800,1637,-837
106000080,1485,1298,187
106000081,781,1622,-841
106000082,3237,1513,1724
106000083,491,2174,-1683
106000084,1305,1062,243
106000085,2541,1786,755
106000086,792,1235,-443
106000087,1060,904,156
106000088,455,1253,-798
106000089,1305,729,576
106000090,346,935,-589
106000091,361,1310,-949
106000092,809,429,380
106000093,397,113,284
106000094,115,641,-526
106000095,639,2380,-1741
106000096,1111,1144,-33
106000097,984,2316,-1332
106000098,679,1537,-858
106000099,208,1732,-1524
106000100,1418,446,972
106000101,2132,538,1594
106000102,310,1303,-993
106000103,364,1058,-694
106000104,994,652,342
106000105,476,1590,-1114
106000106,608,661,-53
106000107,166,727,-561
106000108,211,469,-258
106000109,184,635,-451
106000110,141,437,-296
106000111,188,1038,-850
106000112,163,647,-484
106000113,1917,904,1013
106000114,638,628,10
106000115,260,861,-601
106000116,252,428,-176
106000117,1242,1301,-59
106000118,1487,1395,92
106000119,4026,2003,2023
106000120,781,1035,-254
106000121,195,374,-179
106000122,248,633,-385
106000123,326,595,-269
106000124,44,603,-559
106000125,22,581,-559
106000126,171,320,-149
106000127,885,1569,-684
106000128,823,582,241
106000129,609,1212,-603
106000130,780,843,-63
106000131,289,1492,-1203
106000132,1366,282,1084
106000133,7038,1977,5061
106000134,1564,2122,-558
106000135,357,1755,-1398
106000136,884,1078,-194
106000137,103,2861,-2758
106000138,1120,138,982
106000139,91,187,-96
106000140,42,210,-168
106000141,90,158,-68
106000142,78,142,-64
106000143,30,158,-128
106000144,22,97,-75
106000145,327,510,-183
106000146,287,369,-82
106000147,583,930,-347
106000148,711,1362,-651
106000149,581,708,-127
106000150,683,2897,-2214
106000151,8215,1146,7069
106000152,2177,2169,8
106000153,113,2406,-2293
106000154,2278,430,1848
106000155,64,384,-320
106000156,895,577,318
106000157,854,3239,-2385
106000158,4993,1207,3786
106000159,7695,2134,5561
106000160,411,2541,-2130
106000161,2350,969,1381
106000162,241,888,-647
106000163,388,1027,-639
106000164,296,419,-123
106000165,291,1321,-1030
106000166,884,388,496
106000167,445,2326,-1881
106000168,325,346,-21
106000169,245,1347,-1102
106000170,458,390,68
106000171,140,1776,-1636
106000172,2560,1601,959
106000173,876,5195,-4319
106000174,1073,402,671
106000175,385,2034,-1649
106000176,1419,1178,241
106000177,948,4354,-3406
106000178,3062,3094,-32
106000179,1443,4007,-2564
106000180,991,2911,-1920
106000181,641,3304,-2663
106000182,977,1461,-484
106000183,980,1910,-930
106000184,1356,2196,-840
106000185,839,1564,-725
106000186,1211,256,955
106000187,327,1199,-872
106000188,0,0,0
106000189,2,106,-104
106000190,10,3,7
106000191,663,301,362
106000192,0,29,-29
106000193,457,233,224
106000194,225,492,-267
106000195,621,228,393
106000196,153,744,-591
106000197,419,676,-257
106000198,132,494,-362
106000199,1508,654,854
106000200,1025,200,825
106000201,757,2268,-1511
106000202,13656,1095,12561
106000203,332,325,7
106000204,59,9,50
106000205,24,242,-218
106000206,72,33,39
106000207,76,1390,-1314
106000208,971,147,824
106000209,1256,496,760
106000210,340,2344,-2004
106000211,430,2570,-2140
106000212,902,312,590
106000213,1250,2025,-775
106000214,4533,701,3832
106000215,361,782,-421
106000216,412,488,-76
106000217,365,702,-337
106000218,700,592,108
106000219,196,430,-234
106000220,567,491,76
106000221,156,519,-363
106000222,57,215,-158
106000223,155,184,-29
106000224,231,512,-281
106000225,71,99,-28
106000226,231,554,-323
106000228,60,254,-194
106000229,108,1197,-1089
106000231,989,264,725
106000232,101,650,-549
106000233,392,261,131
106000234,83,313,-230
106000235,388,111,277
106000236,242,90,152
106000237,1,23,-22
106000238,15,15,0
106000239,8,158,-150
106000240,26,3,23
106000241,12,1155,-1143
106000242,195,38,157
106000249,121,137,-16
106000250,62,593,-531
106000251,59,45,14
106000252,31,166,-135
106000253,39,61,-22
106000254,47,97,-50
106000255,19,171,-152
106000256,64,114,-50
106000257,146,461,-315
106000258,201,25,176
106000259,10,46,-36
106000260,11,8,3
106000261,1,68,-67
106000262,68,9,59
106000263,7,120,-113
106000264,207,17,190
106000265,17,236,-219
106000266,139,22,117
106000267,5,170,-165
106000268,590,35,555
106000269,100,135,-35
106000270,212,575,-363
106000271,57,268,-211
106000272,148,88,60
106000273,6,256,-250
106000274,242,96,146
106000275,220,274,-54
106000276,214,111,103
106000277,193,218,-25
106000278,199,62,137
106000279,15,159,-144
106000280,41,298,-257
106000281,140,197,-57
106000282,109,92,17
106000283,119,210,-91
106000284,81,184,-103
106000285,161,259,-98
106000286,95,286,-191
106000287,92,193,-101
106000288,163,219,-56
106000289,135,162,-27
106000290,74,136,-62
106000291,81,221,-140
106000292,104,208,-104
106000293,127,190,-63
106000294,172,227,-55
106000295,81,106,-25
106000296,107,193,-86
106000297,84,379,-295
106000298,199,83,116
106000299,111,284,-173
106000300,79,150,-71
106000301,106,188,-82
106000303,14,116,-102
106000304,41,107,-66
106000305,29,84,-55
106000306,49,146,-97
106000307,48,28,20
106000308,26,322,-296
106000309,38,114,-76
106000310,248,986,-738
106000311,344,183,161
106000312,78,412,-334
106000313,166,329,-163
106000318,351,405,-54
106000319,848,126,722
106000320,1,63,-62
106000321,649,94,555
106000322,128,316,-188
106000324,5,311,-306
106000325,1386,1028,358
106000326,1153,2924,-1771
106000327,103,238,-135
106000328,14,141,-127
106000329,66,532,-466
106000330,72,66,6
106000428,50,255,-205
106000429,157,852,-695
106000430,502,2505,-2003
106000431,1827,498,1329
106000432,2308,4687,-2379
106000433,1956,1222,734
106000434,3640,1467,2173
106000435,3247,4376,-1129
106000436,30,565,-535
106000437,292,22,270
106000438,350,148,202
106000439,50,1014,-964
106000440,347,850,-503
106000441,0,1,-1
106000442,152,8,144
106000443,156,828,-672
106000450,5,472,-467
106000451,24,30,-6
106000454,5,142,-137
106000455,20,215,-195
106000456,122,29,93
106000457,10,1946,-1936
106000458,348,311,37
106000459,96,823,-727
106000460,815,100,715
106000461,106,3548,-3442
106000462,0,30,-30
106000463,3,46,-43
106000464,4,1078,-1074
106000465,331,0,331
106000466,5,1412,-1407
106000467,774,962,-188
106000468,66,399,-333
106000469,447,4,443
106000470,307,2072,-1765
106000471,50,1292,-1242
106000472,197,17,180
106000473,38,61,-23
106000474,392,1222,-830
106000475,284,217,67
106000476,234,230,4
106000477,19,77,-58
106000480,0,95,-95
106900001,1,37,-36
106900002,5,1059,-1054
106900003,405,2006,-1601
106900004,0,148,-148
106900006,0,53,-53
106900007,0,51,-51
106900008,252,592,-340
106900009,324,852,-528
106900010,255,636,-381
106900012,4186,2933,1253
106900013,875,106,769
106900014,28,3,25
106900015,20,2,18
106900016,238,4,234
106900017,4,0,4
106900018,2,0,2
106900019,36,7,29
106900020,5236,1439,3797
106900021,33,127,-94
106900022,413,0,413
106900023,13,455,-442
106900024,731,39,692
106900025,62,1347,-1285
106900026,11,1433,-1422
106900027,389,8,381
107000001,4200,2771,1429
107000002,6403,6008,395
107000003,4662,6358,-1696
107000004,6637,8145,-1508
107000005,2958,5563,-2605
107000006,4903,9854,-4951
107000007,5106,11296,-6190
107000008,20660,16136,4524
107000009,5721,7157,-1436
107000010,12640,16292,-3652
107000011,1449,1974,-525
107000012,6561,6108,453
107000013,73,207,-134
107000014,38,357,-319
107000015,447,1292,-845
107000016,583,1949,-1366
107000017,7675,1941,5734
107000018,39,1055,-1016
107000020,4235,1133,3102
107000021,1780,1112,668
107000022,1591,2381,-790
107000023,2146,474,1672
107000024,669,2681,-2012
107000025,211,605,-394
107000026,223,1052,-829
107000027,1185,1433,-248
107000028,1590,2864,-1274
107000029,2582,2900,-318
107000030,4279,5497,-1218
107000031,3459,2912,547
107000032,508,1236,-728
107000033,5570,8036,-2466
107000034,8737,3476,5261
107000035,374,285,89
107000036,595,1602,-1007
107000037,75,980,-905
107000038,304,401,-97
107000039,804,1060,-256
107000040,188,478,-290
107000041,2165,1005,1160
107000042,1138,2483,-1345
107000043,4916,1342,3574
107000044,939,542,397
107000045,145,463,-318
107000046,899,567,332
107000047,673,1409,-736
107000048,774,422,352
107000049,770,1328,-558
107000050,1147,753,394
107000051,1047,624,423
107000052,1486,1212,274
107000053,564,283,281
107000054,77,453,-376
107000055,152,147,5
107000056,625,1309,-684
107000057,2256,264,1992
107000058,2378,2837,-459
107000059,3297,5320,-2023
107000060,3845,6985,-3140
107000061,7920,6792,1128
107000062,3431,3974,-543
107000063,5220,10530,-5310
107000064,3935,2576,1359
107000065,5233,9244,-4011
107000066,2227,2893,-666
107000067,1201,1325,-124
107000068,1956,794,1162
107000069,1129,591,538
107000070,457,4,453
107000071,2212,18,2194
107000072,78,5966,-5888
107000073,371,226,145
107000074,221,1516,-1295
107000075,1418,572,846
107000076,1321,2556,-1235
107000077,3246,1269,1977
107000078,2766,5275,-2509
107000079,2239,746,1493
107000080,1648,4988,-3340
107000081,1116,686,430
107000082,753,4350,-3597
107000083,1007,408,599
107000084,712,3900,-3188
107000085,2903,3722,-819
107000086,4230,4783,-553
107000087,2912,2517,395
107000088,3128,5087,-1959
107000089,1748,2221,-473
107000090,1376,1714,-338
107000091,1238,1109,129
107000092,842,1784,-942
107000093,1153,1029,124
107000094,1185,2082,-897
107000095,642,914,-272
107000096,806,1979,-1173
107000097,610,465,145
107000098,617,1302,-685
107000099,778,384,394
107000100,579,635,-56
107000101,100,218,-118
107000102,583,597,-14
107000103,440,255,185
107000104,430,651,-221
107000105,439,219,220
107000106,199,634,-435
107000107,530,297,233
107000108,177,1507,-1330
107000109,464,193,271
107000110,96,1200,-1104
107000111,239,51,188
107000112,40,750,-710
107000113,649,185,464
107000114,125,1493,-1368
107000115,731,192,539
107000116,142,1667,-1525
107000117,142,635,-493
107000118,268,518,-250
107000119,3410,1739,1671
107000120,5301,490,4811
107000121,693,1161,-468
107000122,1466,1367,99
107000123,373,1580,-1207
107000124,684,1365,-681
107000125,767,1626,-859
107000126,929,1483,-554
107000129,287,1652,-1365
107000130,508,341,167
107000131,712,1189,-477
107000132,764,455,309
107000133,448,193,255
107000134,197,1,196
107000135,3,377,-374
107000136,463,6,457
107000137,21,714,-693
107000138,265,19,246
107000139,18,596,-578
107000140,1197,66,1131
107000141,156,1263,-1107
107000142,296,79,217
107000143,81,1457,-1376
107000144,294,344,-50
107000145,172,906,-734
107000146,192,238,-46
107000147,4038,945,3093
107000150,1215,3730,-2515
107000151,75,96,-21
107000152,820,933,-113
107000153,859,671,188
107000154,266,213,53
107000155,893,38,855
107000156,1289,63,1226
107000157,67,3589,-3522
107000158,467,28,439
107000159,43,2433,-2390
107000160,718,143,575
107000161,154,3254,-3100
107000162,214,443,-229
107000163,61,1,60
107000164,262,0,262
107000165,723,7,716
107000166,90,2455,-2365
107000167,535,393,142
107000168,853,533,320
107000169,1554,1389,165
107000170,1422,793,629
107000171,677,4544,-3867
107000172,927,1296,-369
107000173,960,2264,-1304
107000174,1007,5066,-4059
107000175,14859,2571,12288
107000176,3,3,0
107000177,4,3,1
107000178,13,54,-41
107000179,282,4655,-4373
107000180,1410,600,810
107000181,551,2235,-1684
107000182,1629,1604,25
107000183,136,1500,-1364
107000184,1024,1284,-260
107000185,686,1883,-1197
107000186,1298,558,740
107000187,1388,2111,-723
107000188,527,803,-276
107000189,452,1482,-1030
107000190,560,1437,-877
107000191,588,1351,-763
107000192,1816,1934,-118
107000193,438,573,-135
107000194,1098,1444,-346
107000197,877,377,500
107000198,466,1092,-626
107000199,731,941,-210
107000200,1844,793,1051
107000201,299,265,34
107000202,259,643,-384
107000203,1141,706,435
107000204,1525,689,836
107000205,3031,1492,1539
107000206,1275,1581,-306
107000207,1062,1804,-742
107000208,2048,623,1425
107000209,3443,1453,1990
107000210,1576,605,971
107000211,15,40,-25
107000212,52,504,-452
107000213,11,35,-24
107000214,26,283,-257
107000215,419,767,-348
107000216,287,749,-462
107000217,137,302,-165
107000219,76,165,-89
107000220,152,506,-354
107000222,299,1021,-722
107000224,591,85,506
107000225,289,1131,-842
107000226,286,141,145
107000227,138,754,-616
107000228,163,180,-17
107000229,707,339,368
107000230,1790,733,1057
107000231,2245,1055,1190
107000232,180,231,-51
107000233,1694,791,903
107000234,0,31,-31
107000235,89,7,82
107000236,22,896,-874
107000237,8,2,6
107000238,22,0,22
107000239,8994,800,8194
107000240,168,1974,-1806
107000241,182,31,151
107000242,1295,73,1222
107000243,0,104,-104
107000244,14,99,-85
107000246,6,1759,-1753
107000249,4,1563,-1559
107000251,0,487,-487
107000252,12,2189,-2177
107000255,1447,168,1279
107000257,1,944,-943
107000258,4,332,-328
107000259,3,455,-452
107000260,466,4,462
107000262,15,1281,-1266
107000263,210,7,203
107000266,10,9,1
107000267,86,402,-316
107000268,180,319,-139
107000269,543,44,499
107000270,0,19,-19
107000271,8,1669,-1661
107000272,7,303,-296
107000273,12,398,-386
107000274,3166,510,2656
107000275,165,1432,-1267
107000280,588,40,548
107000281,61,2168,-2107
107000282,64,1813,-1749
107000290,9,35,-26
107000291,37,22,15
107000292,2,73,-71
107000293,189,1,188
107000294,0,49,-49
107000295,69,1,68
107000296,0,20,-20
107000444,256,12,244
107000496,3,42,-39
107000497,1875,4841,-2966
107000500,412,499,-87
107000501,75,321,-246
107000502,244,588,-344
107000505,1570,1221,349
107000506,2,29,-27
107000508,8,1167,-1159
107000509,229,603,-374
107000510,28,30,-2
107000514,40,436,-396
107000515,21,533,-512
107000516,350,346,4
107000518,1163,888,275
107000519,6741,1755,4986
107000520,95,22,73
107000521,455,902,-447
107000522,542,1578,-1036
107900001,36,350,-314
107900002,38,5,33
107900003,134,11,123
107900004,47,2,45
107900005,699,5,694
107900006,137,4,133
107900007,239,39,200
107900008,79,82,-3
107900009,210,5,205
107900010,28,1,27
107900012,590,32,558
107900013,465,158,307
107900014,22,5,17
107900015,695,9,686
107900016,663,164,499
107900017,11,3,8
107900018,81,111,-30
107900019,25,174,-149
107900020,90,11,79
107900021,70,258,-188
107900023,1,0,1
107900024,0,24,-24
107900025,232,556,-324
107900026,34,210,-176
107900027,98,115,-17
107900028,34,134,-100
107900030,204,29,175
107900031,86,460,-374
107900032,4,12,-8
107900033,11,8,3
107900034,362,15,347
107900035,604,34,570
107900036,32,11,21
107900037,1,85,-84
107900038,204,208,-4
107900039,13,122,-109
107900040,63,170,-107
107900041,0,2,-2
107900043,85,493,-408
107900044,11,8,3
107900045,93,38,55
107900046,140,163,-23
107900047,13,166,-153
107900048,246,18,228
107900049,448,1948,-1500
107900050,123,519,-396
107900051,118,167,-49
107900052,15,45,-30
107900053,27,144,-117
107900055,1091,478,613
107900056,149,34,115
107900057,0,0,0
107900058,55,1178,-1123
107900060,12,56,-44
107900061,21,10,11
107900063,128,228,-100
107900064,593,102,491
107900065,156,9,147
107900066,3,12,-9
107900067,0,0,0
107900068,225,327,-102
107900069,37,1157,-1120
107900070,114,32,82
107900071,31,1579,-1548
107900072,50,379,-329
107900073,76,178,-102
107900074,1347,175,1172
107900076,240,161,79
107900077,39,0,39
107900078,276,49,227
107900079,6,32,-26
107900080,159,295,-136
107900081,19,112,-93
107900082,44,28,16
107900083,410,247,163
107900084,141,209,-68
107900086,57,150,-93
107900087,657,84,573
107900088,17,16,1
107900089,380,1363,-983
107900090,826,1771,-945
107900091,241,849,-608
107900092,2809,682,2127
107900093,84,108,-24
107900095,4186,2011,2175
107900097,21,101,-80
107900098,64,306,-242
107900100,1452,1112,340
107900101,1643,194,1449
107900102,49,6,43
107900103,39,211,-172
107900104,204,4,200
107900105,5,1039,-1034
107900106,10,2324,-2314
107900107,2286,372,1914
107900108,603,210,393
107900109,967,14,953
107900110,22,208,-186
107900111,23,1913,-1890
107900112,231,591,-360
107900113,145,195,-50
107900114,103,377,-274
107900115,0,74,-74
107900116,73,435,-362
107900117,318,698,-380
107900118,78,227,-149
107900119,36,256,-220
107900120,29,15,14
107900121,1,217,-216
107900122,1,94,-93
107900123,0,40,-40
107900124,58,61,-3
107900125,43,240,-197
107900126,1,37,-36
107900127,717,198,519
107900128,140,98,42
107900129,36,71,-35
107900130,48,41,7
107900131,750,185,565
107900132,161,754,-593
107900133,5,136,-131
107900134,25,22,3
107900135,9,294,-285
107900136,63,45,18
107900137,141,131,10
107900138,42,52,-10
107900139,28,58,-30
107900140,177,114,63
107900141,63,74,-11
107900142,76,2019,-1943
107900143,86,76,10
107900144,4,246,-242
107900145,15,182,-167
107900146,39,239,-200
107900147,72,49,23
107900148,272,285,-13
107900149,3160,287,2873
107900150,85,1560,-1475
107900151,9,143,-134
107900152,23,482,-459
107900153,144,385,-241
107900154,40,17,23
107900155,68,50,18
107900156,7,548,-541
107900157,51,137,-86
107900158,534,20,514
107900159,47,2142,-2095
107900160,47,217,-170
107900161,43,368,-325
107900162,3,256,-253
107900163,109,77,32
107900164,5,30,-25
107900165,9,72,-63
107900166,18,487,-469
107900167,28,61,-33
107900168,16,74,-58
107900169,1,238,-237
107900171,8,3591,-3583
107900172,3,497,-494
107900173,37,375,-338
107900174,60,11,49
107900175,13,43,-30
107900176,7,68,-61
107900177,21,400,-379
107900178,0,357,-357
107900179,14,228,-214
107900180,1495,366,1129
107900181,433,827,-394
107900182,9,2554,-2545
107900183,28,552,-524
107900184,71,454,-383
107900185,92,9,83
107900186,12,59,-47
107900187,0,166,-166
107900188,1190,154,1036
107900189,24,233,-209
107900190,168,109,59
107900191,73,261,-188
107900193,21,51,-30
107900194,151,3,148
107900195,6862,882,5980
107900196,72,81,-9
107900197,1262,257,1005
107900199,5,1571,-1566
107900201,130,219,-89
107900203,32,90,-58
107900204,338,383,-45
107900205,285,670,-385
107900206,728,260,468
107900207,1,1011,-1010
107900208,3,1353,-1350
107900209,561,170,391
107900210,83,236,-153
107900213,952,840,112
107900214,8,241,-233
107900215,258,448,-190
107900216,134,114,20
107900217,30,81,-51
107900218,26,2506,-2480
107900219,26,265,-239
107900220,263,207,56
107900221,309,262,47
107900223,103,903,-800
107900224,235,535,-300
107900225,8,1525,-1517
107900226,73,189,-116
107900227,172,705,-533
107900228,11,117,-106
107900229,3,529,-526
107900230,7,229,-222
107900231,17,315,-298
107900232,56,275,-219
107900233,6,171,-165
107900234,156,281,-125
107900235,48,153,-105
107900236,79,104,-25
107900237,156,802,-646
107900238,21,181,-160
107900239,2048,583,1465
107900240,6,225,-219
107900241,12,153,-141
107900242,16,584,-568
107900243,0,63,-63
107900244,215,2,213
107900245,406,52,354
107900246,140,16,124
107900248,330,805,-475
107900249,465,19,446
107900250,2,1004,-1002
107900251,77,2375,-2298
107900252,740,23,717
107900253,118,0,118
107900254,85,612,-527
107900255,458,79,379
107900256,2615,1141,1474
107900257,145,110,35
107900258,73,412,-339
107900259,113,1413,-1300
107900261,1,670,-669
107900262,30,255,-225
107900264,115,5,110
107900265,56,365,-309
107900267,177,29,148
107900268,98,12,86
107900269,0,8,-8
107900270,0,0,0
107900271,10,6,4
107900272,180,11,169
107900273,10,126,-116
107900274,42,5,37
107900275,12,3,9
107900276,0,96,-96
107900277,3,325,-322
107900278,199,508,-309
107900279,185,184,1
107900280,2651,2279,372
107900281,5959,1684,4275
107900282,151,336,-185
107900283,2181,561,1620
107900284,332,1216,-884
107900285,50,246,-196
107900286,136,134,2
107900287,117,216,-99
107900290,2,148,-146
107900291,550,15,535
107900292,100,488,-388
107900293,69,982,-913
107900295,101,229,-128
107900297,6,417,-411
107900298,1060,1517,-457
107900299,6356,3124,3232
107900300,63,296,-233
107900301,660,564,96
107900302,113,27,86
107900303,79,432,-353
107900304,256,947,-691
107900305,259,9,250
107900306,15,20,-5
107900307,44,419,-375
107900308,256,127,129
107900309,56,0,56
107900310,40,1,39
107900311,340,108,232
107900312,15,0,15
107900313,0,94,-94
107900314,1,56,-55
107900315,0,100,-100
107900316,89,4,85
107900317,114,7,107
107900318,4,249,-245
107900319,3,481,-478
107900320,2,354,-352
107900321,140,5,135
107900322,2,320,-318
107900323,18,350,-332
107900324,168,1,167
107900325,79,0,79
107900326,227,626,-399
107900327,0,2,-2
107900328,5,0,5
107900329,5,1,4
107900330,9,1095,-1086
107900331,155,42,113
107900332,167,82,85
107900333,46,32,14
107900334,15,429,-414
107900335,52,94,-42
107900336,21,60,-39
107900337,2268,699,1569
107900338,3,186,-183
107900339,2,36,-34
107900340,1,87,-86
107900341,24,0,24
107900342,181,299,-118
107900343,55,6,49
107900344,3,134,-131
107900345,112,28,84
107900346,78,4,74
107900347,24,3,21
107900348,3,5,-2
107900349,37,4,33
107900350,40,405,-365
108000001,2619,4382,-1763
108000002,2937,5020,-2083
108000003,3478,2738,740
108000004,22838,22793,45
108000005,7037,4507,2530
108000006,9126,10074,-948
108000007,5059,4116,943
108000008,6848,8945,-2097
108000009,3612,4224,-612
108000010,3951,7579,-3628
108000011,11996,12002,-6
108000012,25596,24320,1276
108000014,884,749,135
108000015,507,420,87
108000016,215,819,-604
108000017,746,481,265
108000018,1536,665,871
108000019,2051,920,1131
108000020,1295,608,687
108000021,559,2415,-1856
108000022,758,2405,-1647
108000023,1224,245,979
108000024,204,1142,-938
108000025,253,297,-44
108000026,442,896,-454
108000027,542,646,-104
108000028,285,471,-186
108000029,427,666,-239
108000030,490,288,202
108000031,265,724,-459
108000032,1129,695,434
108000033,692,2303,-1611
108000034,1409,545,864
108000035,1463,4245,-2782
108000036,488,2409,-1921
108000037,1885,479,1406
108000038,2375,562,1813
108000039,709,4482,-3773
108000040,1650,897,753
108000041,823,4499,-3676
108000042,187,390,-203
108000043,213,383,-170
108000044,339,252,87
108000045,288,964,-676
108000046,1079,432,647
108000047,462,1837,-1375
108000048,149,573,-424
108000049,563,219,344
108000050,116,655,-539
108000051,214,110,104
108000052,377,1036,-659
108000053,385,159,226
108000054,725,1669,-944
108000055,1224,501,723
108000056,1035,1695,-660
108000057,619,1069,-450
108000058,2462,3410,-948
108000059,5277,3077,2200
108000060,199,442,-243
108000061,212,421,-209
108000062,663,604,59
108000063,391,1041,-650
108000064,201,323,-122
108000065,570,1110,-540
108000066,2386,1072,1314
108000067,1865,735,1130
108000068,666,347,319
108000069,323,1604,-1281
108000070,1803,783,1020
108000071,855,2682,-1827
108000072,1426,1148,278
108000073,2092,3100,-1008
108000074,332,450,-118
108000075,435,1230,-795
108000076,916,691,225
108000077,994,1005,-11
108000078,1936,2222,-286
108000079,1136,2550,-1414
108000080,803,839,-36
108000081,520,4126,-3606
108000082,1477,3201,-1724
108000083,1838,988,850
108000084,513,2153,-1640
108000085,620,498,122
108000086,1248,1458,-210
108000087,179,1937,-1758
108000088,170,17,153
108000089,282,425,-143
108000090,320,211,109
108000091,108,1076,-968
108000092,67,143,-76
108000093,153,1661,-1508
108000094,712,175,537
108000095,285,1080,-795
108000096,185,215,-30
108000097,145,1219,-1074
108000098,1189,2185,-996
108000099,170,131,39
108000100,31,312,-281
108000101,887,1766,-879
108000102,1698,3210,-1512
108000106,939,0,939
108000107,2,1362,-1360
108000108,493,60,433
108000109,13,1346,-1333
108000110,177,342,-165
108000111,202,1339,-1137
108000112,61,158,-97
108000113,643,476,167
108000115,632,710,-78
108000117,1016,513,503
108000118,150,193,-43
108000119,909,670,239
108000120,150,926,-776
108000121,186,959,-773
108000122,392,488,-96
108000123,512,431,81
108000124,245,912,-667
108000125,277,563,-286
108000126,119,974,-855
108000127,362,496,-134
108000128,515,1038,-523
108000129,236,1950,-1714
108000130,259,362,-103
108000131,793,420,373
108000132,2334,2212,122
108000133,787,650,137
108000134,730,1012,-282
108000135,1184,459,725
108000136,1417,1638,-221
108000137,324,730,-406
108000138,373,1625,-1252
108000139,249,473,-224
108000140,26,30,-4
108000141,35,330,-295
108000142,53,308,-255
108000143,24,107,-83
108000144,37,13,24
108000145,53,140,-87
108000146,69,12,57
108000147,37,173,-136
108000148,40,5,35
108000149,47,96,-49
108000150,39,6,33
108000151,34,27,7
108000152,131,1277,-1146
108000153,362,145,217
108000154,69,56,13
108000155,19,20,-1
108000156,475,236,239
108000157,211,814,-603
108000158,96,735,-639
108000159,1052,254,798
108000160,8353,1182,7171
108000161,8294,2020,6274
108000165,3,158,-155
108000172,2,344,-342
108000173,4238,2047,2191
108000175,192,133,59
108000178,462,481,-19
108000179,360,703,-343
108000181,64,51,13
108000182,258,24,234
108000183,51,74,-23
108000184,1976,2186,-210
108000185,158,1023,-865
108000186,88,107,-19
108000187,73,1319,-1246
108000188,333,340,-7
108000189,910,1108,-198
108000190,42,169,-127
108000192,180,939,-759
108000193,1295,69,1226
108000194,29,21,8
108000195,4,1947,-1943
108000196,285,206,79
108000198,546,457,89
108000199,0,152,-152
108000200,286,1167,-881
108000202,1,206,-205
108000203,87,1586,-1499
108000204,89,47,42
108000205,545,1105,-560
108000339,2114,399,1715
108000364,196,355,-159
108000365,62,565,-503
108000367,265,676,-411
108000368,11,74,-63
108000369,2606,186,2420
108000371,4,926,-922
108000372,535,2,533
108000373,110,283,-173
108000376,53,35,18
108000377,326,566,-240
108000378,9665,10909,-1244
108000379,41,304,-263
108000381,51,19,32
108000382,121,1,120
108000383,1,211,-210
108900001,189,1781,-1592
108900002,262,133,129
108900003,458,1713,-1255
108900004,130,261,-131
108900005,55,289,-234
108900006,707,229,478
108900007,115,207,-92
108900008,59,131,-72
108900009,68,130,-62
108900010,120,216,-96
108900011,363,526,-163
108900012,333,679,-346
108900013,148,376,-228
108900014,17,120,-103
108900015,0,21,-21
108900016,0,288,-288
108900017,179,232,-53
108900018,80,884,-804
108900019,63,2177,-2114
108900020,31,472,-441
108900021,77,504,-427
108900022,116,63,53
108900023,2,29,-27
108900024,12,232,-220
108900025,85,186,-101
108900026,19,129,-110
108900027,0,126,-126
108900028,46,748,-702
108900029,84,261,-177
108900030,3,149,-146
108900031,58,878,-820
108900032,6,503,-497
108900033,0,103,-103
108900034,0,446,-446
108900035,305,2439,-2134
108900036,216,619,-403
108900037,54,820,-766
108900038,4,622,-618
108900039,1,897,-896
108900040,3,226,-223
108900041,7988,3149,4839
108900042,11,356,-345
108900043,63,809,-746
108900044,1,1156,-1155
108900045,30,1072,-1042
108900046,86,1987,-1901
108900047,0,130,-130
108900048,146,2057,-1911
108900049,9384,1201,8183
108900050,2,393,-391
108900051,2,344,-342
108900052,17,544,-527
108900053,162,206,-44
108900054,87,384,-297
108900055,91,784,-693
108900056,0,256,-256
108900057,0,340,-340
108900058,22,738,-716
108900059,334,43,291
108900060,76,219,-143
108900061,73,65,8
108900062,11,544,-533
108900063,9,665,-656
108900064,112,88,24
108900065,23,546,-523
108900066,267,134,133
108900067,34,344,-310
108900068,3,401,-398
108900069,43,178,-135
108900070,45,233,-188
108900071,52,83,-31
108900072,4061,435,3626
108900073,46,859,-813
108900074,88,937,-849
108900075,76,90,-14
108900076,280,122,158
108900077,137,868,-731
108900078,23,264,-241
108900079,1266,458,808
108900080,39,707,-668
108900081,56,418,-362
108900082,46,147,-101
108900083,28,247,-219
108900084,469,232,237
108900085,4084,253,3831
108900086,79,531,-452
108900087,175,398,-223
108900088,851,308,543
108900089,19,155,-136
108900090,28,599,-571
108900091,195,195,0
108900092,426,429,-3
108900093,79,86,-7
108900094,264,132,132
108900095,68,1024,-956
108900096,629,52,577
108900097,510,284,226
108900098,5003,596,4407
108900099,254,515,-261
108900100,80,282,-202
108900101,270,138,132
108900102,210,973,-763
108900103,82,95,-13
108900104,235,728,-493
108900105,13,1058,-1045
108900106,318,956,-638
108900108,345,62,283
108900109,235,48,187
108900110,162,844,-682
108900111,307,1164,-857
108900112,198,27,171
108900113,102,34,68
108900114,48,12,36
108900115,77,85,-8
108900116,55,8,47
108900117,100,6,94
108900118,583,7,576
108900119,161,45,116
108900120,231,181,50
108900121,417,82,335
108900122,91,50,41
108900123,133,84,49
108900124,345,192,153
108900125,262,2,260
108900126,125,21,104
108900127,142,33,109
108900128,91,28,63
108900129,691,146,545
108900130,234,4,230
108900131,336,1,335
108900132,374,79,295
108900133,254,64,190
108900134,246,395,-149
108900135,90,11,79
108900136,6,0,6
108900137,110,1,109
108900138,405,38,367
108900139,306,102,204
108900140,182,319,-137
108900141,225,25,200
108900142,50,1,49
108900143,24,0,24
108900144,70,1,69
108900145,118,7,111
108900146,33,0,33
108900147,162,3,159
108900148,54,45,9
108900149,689,750,-61
108900150,210,6,204
108900151,38,2,36
108900152,59,9,50
108900153,111,764,-653
108900154,4040,526,3514
108900155,241,102,139
108900156,74,18,56
108900157,15,1095,-1080
108900158,278,57,221
108900159,9,656,-647
108900160,14,367,-353
108900161,9,758,-749
108900162,65,1,64
108900163,5,253,-248
108900164,82,108,-26
108900165,263,142,121
108900167,3215,4359,-1144
108900168,14853,2635,12218
108900169,46,243,-197
108900171,14032,2773,11259
108900172,216,54,162
108900173,273,688,-415
108900174,567,593,-26
108900176,198,1083,-885
108900177,13717,4818,8899
108900178,8203,3447,4756
108900179,562,1268,-706
108900180,83,273,-190
108900182,39,296,-257
108900183,307,326,-19
108900184,524,268,256
108900185,61,491,-430
108900186,58,565,-507
108900187,254,71,183
108900188,367,53,314
108900189,260,174,86
108900190,77,6183,-6106
108900191,213,36,177
108900192,79,395,-316
108900193,250,56,194
108900194,20,638,-618
108900195,77,625,-548
108900196,67,1135,-1068
108900198,2,1207,-1205
108900199,235,409,-174
108900200,466,371,95
108900201,479,1653,-1174
108900203,524,53,471
108900204,574,21,553
108900205,244,21,223
108900206,395,45,350
108900207,175,84,91
108900208,33,589,-556
108900209,361,1060,-699
108900210,209,368,-159
108900211,118,486,-368
108900212,1205,1154,51
108900215,133,1036,-903
108900216,614,252,362
108900217,72,1,71
108900218,183,7,176
108900219,69,2,67
108900220,44,20,24
108900221,38,119,-81
108900222,243,14,229
108900223,14,106,-92
108900224,44,193,-149
108900225,1,226,-225
108900226,271,7,264
108900227,169,228,-59
108900230,785,513,272
108900231,64,399,-335
108900232,3,740,-737
108900233,327,94,233
108900234,287,120,167
108900235,367,985,-618
108900236,64,582,-518
108900237,62,446,-384
108900240,64,101,-37
108900241,35,31,4
108900245,1,1022,-1021
108900249,104,30,74
108900250,209,150,59
108900257,148,978,-830
108900258,9,479,-470
108900259,61,157,-96
108900260,17,152,-135
108900261,206,192,14
108900262,271,193,78
108900263,43,424,-381
108900264,669,494,175
108900265,2150,409,1741
108900266,2305,548,1757
108900267,4,113,-109
108900268,9,10,-1
108900269,42,15,27
108900270,80,12,68
108900271,33,6,27
108900272,150,6,144
108900273,1564,651,913
108900274,13,115,-102
109000001,5785,1579,4206
109000002,5033,1809,3224
109000003,2452,1056,1396
109000004,702,3954,-3252
109000005,2266,1307,959
109000006,805,3245,-2440
109000007,1418,1154,264
109000008,635,2894,-2259
109000009,3725,1703,2022
109000010,1713,6795,-5082
109000011,2704,2295,409
109000012,1947,6410,-4463
109000013,2905,2903,2
109000014,1652,6165,-4513
109000015,3621,6032,-2411
109000016,17801,6701,11100
109000017,2229,1530,699
109000018,1016,5026,-4010
109000019,2685,1863,822
109000020,1571,3264,-1693
109000023,320,39,281
109000024,11,229,-218
109000025,408,493,-85
109000026,1130,429,701
109000027,108,383,-275
109000028,163,123,40
109000029,134,163,-29
109000030,95,800,-705
109000031,144,141,3
109000032,146,854,-708
109000033,409,135,274
109000034,69,76,-7
109000035,19,82,-63
109000036,124,543,-419
109000037,185,982,-797
109000038,686,643,43
109000039,890,589,301
109000040,9787,5351,4436
109000041,8664,1554,7110
109000042,1557,1600,-43
109000044,279,66,213
109000045,79,629,-550
109000046,341,125,216
109000047,66,669,-603
109000048,827,232,595
109000049,243,771,-528
109000050,358,332,26
109000051,451,384,67
109000052,549,3168,-2619
109000053,165,70,95
109000054,258,1485,-1227
109000055,186,305,-119
109000056,307,1118,-811
109000057,502,274,228
109000058,989,399,590
109000059,668,992,-324
109000060,608,271,337
109000061,2074,828,1246
109000062,163,320,-157
109000063,221,326,-105
109000064,127,326,-199
109000065,97,479,-382
109000066,311,218,93
109000067,33,629,-596
109000068,875,17,858
109000069,826,42,784
109000070,8,1207,-1199
109000071,401,121,280
109000072,92,485,-393
109000073,53,155,-102
109000074,17,384,-367
109000075,109,571,-462
109000076,77,229,-152
109000077,445,413,32
109000078,30,184,-154
109000079,136,355,-219
109000080,116,157,-41
109000081,82,899,-817
109000082,510,373,137
109000083,323,1249,-926
109000088,153,1073,-920
109000089,204,46,158
109000090,200,968,-768
109000091,266,196,70
109000092,415,1125,-710
109000093,210,202,8
109000094,309,1,308
109000095,199,1028,-829
109000096,606,306,300
109000097,107,195,-88
109000098,52,98,-46
109000099,733,686,47
109000100,200,817,-617
109000101,1023,1470,-447
109000102,318,1204,-886
109000103,320,862,-542
109000104,1124,1031,93
109000105,535,2361,-1826
109000106,1541,1037,504
109000107,695,3298,-2603
109000108,1386,726,660
109000109,548,3291,-2743
109000110,1514,674,840
109000111,1331,3617,-2286
109000112,354,240,114
109000113,327,266,61
109000114,184,569,-385
109000115,1486,46,1440
109000116,3,257,-254
109000117,125,164,-39
109000118,18,428,-410
109000119,805,753,52
109000120,143,1883,-1740
109000121,258,106,152
109000122,113,1893,-1780
109000123,23,122,-99
109000124,476,566,-90
109000125,499,389,110
109000126,371,1504,-1133
109000127,542,273,269
109000128,555,4072,-3517
109000129,1637,789,848
109000130,695,4499,-3804
109000131,727,509,218
109000132,799,3406,-2607
109000133,457,1437,-980
109000134,1027,2074,-1047
109000135,1446,1984,-538
109000136,350,654,-304
109000137,321,397,-76
109000138,427,677,-250
109000139,434,612,-178
109000140,100,858,-758
109000141,271,643,-372
109000142,116,1007,-891
109000143,100,66,34
109000145,66,216,-150
109000146,82,183,-101
109000148,6537,1550,4987
109000149,15,51,-36
109000150,110,255,-145
109000155,641,775,-134
109000156,2104,1388,716
109000158,122,332,-210
109000159,121,1137,-1016
109000160,849,386,463
109000161,381,2477,-2096
109000162,1783,1395,388
109000163,953,2919,-1966
109000164,977,4075,-3098
109000165,1129,980,149
109000166,594,200,394
109000167,124,1556,-1432
109000170,49,65,-16
109000171,63,48,15
109000172,44,57,-13
109000173,31,77,-46
109000174,75,94,-19
109000175,58,175,-117
109000176,288,417,-129
109000177,19,252,-233
109000178,621,952,-331
109000179,13086,3977,9109
109000180,7875,3544,4331
109000181,6,59,-53
109000182,25,88,-63
109000183,25,87,-62
109000184,30,32,-2
109000185,27,123,-96
109000188,453,5025,-4572
109000189,1846,1371,475
109000190,597,716,-119
109000191,238,1032,-794
109000192,315,319,-4
109000193,182,742,-560
109000194,180,176,4
109000195,113,828,-715
109000196,223,149,74
109000197,165,842,-677
109000198,236,102,134
109000199,113,874,-761
109000206,291,34,257
109000207,148,54,94
109000208,107,87,20
109000209,158,143,15
109000210,183,968,-785
109000211,367,480,-113
109000214,301,948,-647
109000215,81,98,-17
109000216,367,179,188
109000217,267,116,151
109000218,226,185,41
109000221,480,1946,-1466
109000222,808,248,560
109000223,276,340,-64
109000224,52,437,-385
109000225,61,56,5
109000226,62,579,-517
109000227,900,2503,-1603
109000228,1,493,-492
109000231,1,802,-801
109000232,232,683,-451
109000236,282,1139,-857
109000241,2164,3291,-1127
109000242,1678,2275,-597
109000293,11,58,-47
109000361,112,387,-275
109000364,286,956,-670
109000396,14,1396,-1382
109000397,393,19,374
109000399,139,1038,-899
109000400,79,442,-363
109000403,60,529,-469
109000406,321,12,309
109000407,282,312,-30
109000408,1,1201,-1200
109000410,824,196,628
109000411,131,37,94
109900001,69,1,68
109900002,547,13,534
109900003,182,0,182
109900004,607,355,252
109900005,8,6,2
109900006,301,549,-248
109900007,574,1399,-825
109900008,0,47,-47
109900009,127,1480,-1353
109900010,441,22,419
109900011,56,53,3
109900012,219,222,-3
109900013,343,172,171
109900014,310,68,242
109900015,482,202,280
109900016,124,88,36
109900017,134,198,-64
109900018,218,262,-44
109900019,166,150,16
109900020,26,16,10
109900021,17,10,7
109900022,83,657,-574
109900023,17,4,13
109900024,26,0,26
109900025,14,168,-154
109900026,2,329,-327
109900027,30,9,21
109900028,4609,665,3944
109900029,9,1055,-1046
109900030,33,0,33
109900031,4,104,-100
109900032,10,413,-403
109900033,6,1022,-1016
109900034,10,0,10
109900035,16,14,2
109900036,16,120,-104
109900037,63,979,-916
109900038,64,383,-319
109900039,9,0,9
109900040,25,1026,-1001
109900041,42,811,-769
109900042,53,728,-675
109900044,85,439,-354
109900045,44,42,2
109900046,11,92,-81
109900047,450,451,-1
109900048,23,111,-88
109900049,13,22,-9
109900050,0,521,-521
109900051,1,52,-51
109900052,95,465,-370
109900053,4,975,-971
109900054,501,260,241
109900055,62,427,-365
109900056,40,162,-122
109900057,11,392,-381
109900058,1,201,-200
109900059,466,151,315
109900060,465,253,212
109900061,164,465,-301
109900062,1,556,-555
109900063,8,470,-462
109900064,404,510,-106
109900065,251,152,99
109900066,338,1701,-1363
109900067,3,749,-746
109900068,39,2,37
109900069,3,57,-54
109900070,61,451,-390
109900071,2,40,-38
109900072,27,189,-162
109900073,344,1413,-1069
109900074,8,62,-54
109900075,27,35,-8
109900076,16,517,-501
109900077,27,91,-64
109900078,189,562,-373
109900080,142,617,-475
109900081,8,126,-118
109900082,39,796,-757
109900083,11,72,-61
109900084,53,290,-237
109900085,251,2166,-1915
109900086,133,334,-201
109900087,354,587,-233
109900089,599,211,388
109900090,547,2303,-1756
109900091,214,101,113
109900092,1484,15,1469
109900093,636,160,476
109900094,61,123,-62
109900095,124,470,-346
109900096,32,5,27
109900097,84,2,82
109900098,270,33,237
109900099,123,4,119
109900100,30,0,30
109900101,239,18,221
109900102,371,25,346
109900103,23,68,-45
109900104,358,1934,-1576
109900105,558,38,520
109900106,509,125,384
109900107,505,151,354
109900108,105,1119,-1014
109900109,24,332,-308
109900110,73,974,-901
109900111,451,2717,-2266
109900112,506,1742,-1236
109900113,586,442,144
109900114,1021,670,351
109900115,143,138,5
109900117,672,136,536
109900118,304,734,-430
109900119,649,445,204
109900120,51,8,43
109900121,374,434,-60
109900122,252,4,248
109900123,17,289,-272
109900124,63,1333,-1270
109900125,4,412,-408
109900126,156,298,-142
109900128,213,88,125
109900130,21270,1946,19324
109900131,92,228,-136
109900132,36,251,-215
109900133,53,667,-614
109900134,44,80,-36
109900135,596,94,502
109900136,51,183,-132
109900137,72,769,-697
109900140,152,740,-588
109900142,945,380,565
109900145,6,192,-186
109900146,353,42,311
109900148,56,116,-60
109900149,35,71,-36
109900150,6,79,-73
109900151,6,80,-74
109900152,0,14,-14
109900153,0,50,-50
109900154,8,0,8
109900155,26,11,15
109900157,76,544,-468
109900158,62,189,-127
109900159,153,52,101
109900160,123,79,44
109900161,221,101,120
109900162,187,118,69
109900163,950,691,259
109900164,49,321,-272
109900165,269,8,261
109900166,1,299,-298
109900167,114,1012,-898
109900168,164,798,-634
109900169,119,177,-58
109900170,348,674,-326
109900171,144,124,20
109900172,152,238,-86
109900173,7164,2119,5045
109900174,41,258,-217
109900175,48,90,-42
109900176,84,319,-235
109900177,28,518,-490
109900178,6,153,-147
109900179,21,55,-34
109900180,3,9,-6
110000001,875,861,14
110000002,644,640,4
110000003,1140,835,305
110000004,683,625,58
110000005,927,1819,-892
110000006,955,543,412
110000007,173,252,-79
110000008,12,49,-37
110000009,44,87,-43
110000010,51,55,-4
110000011,34,264,-230
110000012,1107,821,286
110000013,50,529,-479
110000014,807,521,286
110000015,337,664,-327
110000016,319,1437,-1118
110000017,6056,381,5675
110000018,5861,723,5138
110000019,16,338,-322
110000020,1218,475,743
110000021,850,502,348
110000022,1050,279,771
110000023,13,405,-392
110000024,694,672,22
110000025,222,7,215
110000026,11,1315,-1304
110000027,804,706,98
110000028,772,874,-102
110000029,651,1696,-1045
110000030,168,376,-208
110000031,325,1213,-888
110000032,694,499,195
110000033,193,168,25
110000034,310,843,-533
110000035,830,1682,-852
110000036,837,803,34
110000037,184,1207,-1023
110000038,235,654,-419
110000039,704,2588,-1884
110000040,305,765,-460
110000041,295,1192,-897
110000042,120,698,-578
110000043,709,270,439
110000044,129,226,-97
110000045,1245,136,1109
110000046,4,16,-12
110000047,7,31,-24
110000048,3,18,-15
110000049,30,5,25
110000050,13,46,-33
110000051,18,5,13
110000052,22,20,2
110000053,221,3,218
110000054,179,449,-270
110000055,422,32,390
110000056,177,66,111
110000057,345,1503,-1158
110000058,1136,1051,85
110000059,838,702,136
110000060,563,1069,-506
110000061,976,1111,-135
110000062,843,971,-128
110000063,47,99,-52
110000064,64,280,-216
110000065,48,94,-46
110000066,72,42,30
110000067,45,832,-787
110000068,219,1200,-981
110000069,139,145,-6
110000071,67,193,-126
110000073,9,33,-24
110000075,12,129,-117
110000076,360,434,-74
110000077,789,1516,-727
110000078,27,67,-40
110000080,348,897,-549
110000081,23,397,-374
110000082,34,385,-351
110000083,226,796,-570
110000084,845,750,95
110000085,3134,1924,1210
110000086,1544,1789,-245
110000087,4,85,-81
110000088,49,325,-276
110000089,235,300,-65
110000090,138,555,-417
110000091,3285,428,2857
110000092,23,164,-141
110000093,42,8,34
110000094,797,298,499
110000095,157,876,-719
110000096,6217,2117,4100
110000097,983,1315,-332
110000098,1972,753,1219
110000099,1053,2074,-1021
110000100,595,1457,-862
110000101,19,923,-904
110000102,49,43,6
110000104,191,119,72
110000105,45,393,-348
110000106,577,336,241
110000107,555,597,-42
110000108,193,60,133
110000109,348,510,-162
110000110,6054,4790,1264
110000111,12132,2887,9245
110000112,2049,790,1259
110000113,911,1964,-1053
110000114,110,592,-482
110000115,280,439,-159
110000116,50,86,-36
110000117,149,999,-850
110000118,276,536,-260
110000119,216,732,-516
110000120,259,298,-39
110000121,114,480,-366
110000122,355,895,-540
110000123,483,737,-254
110000124,3,1066,-1063
110000125,913,8,905
110000126,245,20,225
110000127,928,66,862
110000128,51,2292,-2241
110000129,5,762,-757
110000130,170,164,6
110000131,134,432,-298
110000132,2,876,-874
110000133,77,495,-418
110000134,55,446,-391
110000135,230,40,190
110000136,67,510,-443
110000137,492,1028,-536
110000138,718,1345,-627
110000139,734,2394,-1660
110000140,1156,627,529
110000143,1026,490,536
110000144,5401,1696,3705
110000145,1459,1388,71
110000146,2695,1804,891
110000147,322,966,-644
110000148,295,541,-246
110000151,885,566,319
110000152,740,380,360
110000153,109,77,32
110000154,69,36,33
110000155,2897,3523,-626
110000156,843,2299,-1456
110000157,1842,2517,-675
110000160,377,680,-303
110000161,178,897,-719
110000166,378,190,188
110000167,719,580,139
110000168,862,428,434
110000169,750,400,350
110000170,96,124,-28
110000171,713,252,461
110000172,194,1235,-1041
110000173,1684,1614,70
110000174,166,2424,-2258
110000175,393,139,254
110000176,90,267,-177
110000177,224,919,-695
110000178,725,983,-258
110000179,2411,634,1777
110000180,181,533,-352
110000181,257,795,-538
110000182,466,524,-58
110000183,20411,7262,13149
110000184,2064,2634,-570
110000185,2004,991,1013
110000186,1019,900,119
110000191,569,690,-121
110000192,318,5,313
110000193,611,5,606
110000194,17,2276,-2259
110000195,325,656,-331
110000196,232,930,-698
110000197,61,377,-316
110000198,109,142,-33
110000199,72,165,-93
110000200,1933,809,1124
110000201,848,841,7
110000202,1459,612,847
110000203,961,1394,-433
110000204,4,577,-573
110000205,108,61,47
110000206,945,2905,-1960
110000207,660,474,186
110000208,277,179,98
110000209,172,1618,-1446
110000210,687,981,-294
110000211,805,1280,-475
110000212,475,1129,-654
110000213,103,69,34
110000214,147,126,21
110000215,132,1077,-945
110000216,87,1179,-1092
110000217,264,412,-148
110000218,171,876,-705
110000219,258,82,176
110000220,63,734,-671
110000221,203,91,112
110000222,58,528,-470
110000223,3,119,-116
110000224,72,18,54
110000225,215,863,-648
110000226,226,77,149
110000227,1009,642,367
110000228,514,395,119
110000229,0,393,-393
110000230,718,814,-96
110000231,169,231,-62
110000232,140,290,-150
110000233,185,470,-285
110000234,1035,701,334
110000235,2150,1297,853
110000236,383,1434,-1051
110000237,2266,1470,796
110000238,1107,2018,-911
110000239,1492,1842,-350
110000240,0,173,-173
110000242,0,10,-10
110000243,93,360,-267
110000244,137,824,-687
110000245,31,783,-752
110000246,663,1257,-594
110000247,1779,7718,-5939
110000248,2765,2621,144
110000249,39,8,31
110000250,22,489,-467
110000251,240,989,-749
110000252,209,403,-194
110000253,1126,837,289
110000254,624,2589,-1965
110000255,241,2139,-1898
110000256,510,346,164
110000257,687,616,71
110000258,8,988,-980
110000259,90,27,63
110000260,14,721,-707
110000263,683,182,501
110000264,214,1206,-992
110000265,1181,1918,-737
110000266,2524,2739,-215
110000267,14,308,-294
110000268,382,964,-582
110000269,1,136,-135
110000270,60,2,58
110000271,3502,435,3067
110000272,1158,1381,-223
110000273,3828,1928,1900
110000274,249,1201,-952
110000275,5732,773,4959
110000276,168,311,-143
110000277,236,898,-662
110000278,258,1490,-1232
110000279,635,864,-229
110000280,286,585,-299
110000281,13,307,-294
110000282,354,58,296
110000283,52,128,-76
110000284,58,97,-39
110000285,3,423,-420
110000286,20,0,20
110000287,64,2,62
110000288,3,175,-172
110000289,670,2090,-1420
110000290,1902,786,1116
110000291,10674,1836,8838
110000292,1555,4011,-2456
110000293,556,1559,-1003
110000294,712,980,-268
110000295,143,1766,-1623
110000296,244,497,-253
110000297,2988,407,2581
110000298,412,958,-546
110000299,520,56,464
110000301,281,18,263
110000302,372,2410,-2038
110000303,347,5,342
110000304,122,488,-366
110000305,711,23,688
110000306,119,3431,-3312
110000307,1071,8,1063
110000308,461,12,449
110000309,8,2297,-2289
110000310,543,122,421
110000311,23,1468,-1445
110000312,424,103,321
110000313,3429,3885,-456
110000314,2,482,-480
110000315,4759,2711,2048
110000316,964,1415,-451
110000317,740,566,174
110000318,1,192,-191
110000319,5,32,-27
110000320,36,109,-73
110000321,13,39,-26
110000322,280,997,-717
110000323,317,277,40
110000324,8645,1699,6946
110000325,3004,2304,700
110000327,596,452,144
110000328,185,814,-629
110000333,839,572,267
110000334,701,2391,-1690
110000335,855,818,37
110000336,591,2098,-1507
110000337,1064,864,200
110000338,270,390,-120
110000339,182,361,-179
110000340,49,338,-289
110000341,280,859,-579
110000342,722,4,718
110000343,0,18,-18
110000344,156,321,-165
110000345,215,113,102
110000346,3227,1655,1572
110000347,1206,993,213
110000348,0,3,-3
110000349,1,3,-2
110000350,58,6,52
110000351,683,1147,-464
110000352,478,1979,-1501
110000353,5041,926,4115
110000354,1223,3028,-1805
110000355,97,103,-6
110000356,1323,14,1309
110000357,309,12,297
110000361,21,115,-94
110000362,57,327,-270
110000363,256,205,51
110000364,147,711,-564
110000365,188,4,184
110000366,2,148,-146
110000367,307,382,-75
110000368,1,88,-87
110000369,45,0,45
110000373,12,526,-514
110000374,180,8,172
110000375,189,1281,-1092
110000376,35,94,-59
110000377,83,549,-466
110000378,41,405,-364
110000379,6582,1773,4809
110000380,58,30,28
110000383,1,1242,-1241
110000384,2256,1058,1198
110000385,5,350,-345
110000387,53,5,48
110000388,55,319,-264
110000389,715,5,710
110000391,501,505,-4
110000396,96,186,-90
110000397,84,459,-375
110000398,6,58,-52
110000399,188,1,187
110000587,113,87,26
110000589,170,237,-67
110000640,156,152,4
110000652,38,207,-169
110000653,213,715,-502
110000654,4,45,-41
110000656,2,957,-955
110000674,21,37,-16
110000675,15,25,-10
110000676,3,127,-124
110000679,593,1024,-431
110000682,153,161,-8
110000683,519,689,-170
110000684,2,86,-84
110000685,20,21,-1
110000686,5,31,-26
110000687,14,5,9
110000688,57,841,-784
110000689,1,5,-4
110000692,137,550,-413
110000693,214,308,-94
110000694,0,169,-169
110000695,243,1327,-1084
110000696,243,323,-80
110900001,157,30,127
110900002,171,384,-213
110900003,434,1622,-1188
110900004,301,385,-84
110900005,5874,1931,3943
110900006,45,6,39
110900007,98,24,74
110900008,23,36,-13
110900009,388,45,343
110900010,9,100,-91
110900011,5,181,-176
110900012,12,138,-126
110900013,915,271,644
110900014,150,12,138
110900015,1748,617,1131
110900016,21,248,-227
110900017,345,71,274
110900018,485,80,405
110900019,98,35,63
110900020,84,809,-725
110900021,127,1050,-923
110900022,123,640,-517
110900023,137,1057,-920
110900024,27,836,-809
110900025,7,96,-89
110900027,69,459,-390
110900028,28,384,-356
110900029,39,904,-865
110900030,37,695,-658
110900031,0,248,-248
110900032,1,173,-172
110900033,19,571,-552
110900035,60,642,-582
110900036,122,57,65
110900037,53,36,17
110900038,2218,353,1865
110900039,15,387,-372
110900040,239,78,161
110900041,22,309,-287
110900042,67,107,-40
110900043,1,239,-238
110900044,383,43,340
110900045,75,1052,-977
110900046,231,427,-196
110900047,1384,218,1166
110900049,114,49,65
110900050,15,4,11
110900051,49,304,-255
110900052,7,327,-320
110900053,84,96,-12
110900054,28,517,-489
110900055,25,3,22
110900056,39,174,-135
110900057,6,348,-342
110900058,175,463,-288
110900059,766,1433,-667
110900060,485,132,353
110900061,34,88,-54
110900062,148,510,-362
110900063,25,158,-133
110900064,23,0,23
110900065,488,191,297
110900066,21,152,-131
110900067,986,739,247
110900068,890,340,550
110900069,3,69,-66
110900071,425,505,-80
110900073,0,47,-47
110900074,313,129,184
110900075,368,105,263
110900077,476,635,-159
110900078,20,238,-218
110900079,2549,892,1657
110900080,74,125,-51
110900081,6,166,-160
110900082,64,467,-403
110900083,95,42,53
110900084,42,337,-295
110900085,50,708,-658
110900086,50,292,-242
110900087,264,93,171
110900088,16,2,14
110900090,63,46,17
110900091,1,84,-83
110900093,443,91,352
110900095,41,78,-37
110900097,11,20,-9
110900098,35,259,-224
110900099,91,1229,-1138
110900100,0,27,-27
110900102,51,40,11
110900105,1470,764,706
110900108,14,242,-228
110900111,397,137,260
110900112,712,3,709
110900113,747,51,696
110900115,8,204,-196
110900116,406,4512,-4106
110900118,132,2120,-1988
110900119,8921,387,8534
110900120,13,260,-247
110900121,76,1,75
110900122,259,166,93
110900125,317,381,-64
110900127,409,1056,-647
110900128,177,251,-74
110900129,383,535,-152
110900130,1840,601,1239
110900131,201,59,142
110900132,333,63,270
110900133,103,496,-393
110900135,136,1084,-948
110900136,267,16,251
110900137,94,2,92
110900138,1342,625,717
110900139,50,108,-58
110900140,72,7,65
110900141,15,167,-152
110900142,71,320,-249
110900143,106,113,-7
110900144,4,1004,-1000
110900145,76,21,55
110900146,645,86,559
110900147,347,358,-11
110900148,1,482,-481
110900149,3,130,-127
110900150,49,23,26
110900151,9,113,-104
110900152,20,750,-730
110900153,94,65,29
111000001,414,449,-35
111000002,607,983,-376
111000003,901,834,67
111000004,729,1499,-770
111000005,1253,1189,64
111000006,1187,1840,-653
111000007,7480,3103,4377
111000008,6503,4810,1693
111000009,441,1324,-883
111000010,786,330,456
111000011,471,1214,-743
111000012,663,380,283
111000013,380,1770,-1390
111000014,1037,740,297
111000017,138,955,-817
111000018,287,490,-203
111000020,3972,3251,721
111000021,151,193,-42
111000023,150,235,-85
111000025,11731,3430,8301
111000029,88,154,-66
111000030,38,136,-98
111000031,2388,1030,1358
111000032,593,274,319
111000033,383,198,185
111000034,607,255,352
111000037,5842,1890,3952
111000038,4103,4376,-273
111000039,1664,3943,-2279
111000040,1711,4440,-2729
111000041,1907,2748,-841
111000042,9907,3834,6073
111000043,2915,2243,672
111000044,1409,1221,188
111000045,1779,2535,-756
111000046,1071,1898,-827
111000047,1849,3058,-1209
111000049,418,779,-361
111000050,2705,2495,210
111000051,538,1733,-1195
111000052,678,1994,-1316
111000053,497,1807,-1310
111000054,299,1986,-1687
111000055,1624,3102,-1478
111000056,117,1230,-1113
111000057,90,1487,-1397
111000058,225,154,71
111000059,307,354,-47
111000060,3190,885,2305
111000061,475,461,14
111000062,670,308,362
111000063,1731,1187,544
111000064,467,859,-392
111000065,1096,997,99
111000066,301,400,-99
111000067,554,917,-363
111000068,369,1030,-661
111000069,1946,2613,-667
111000070,3771,1484,2287
111000071,335,1389,-1054
111000072,819,466,353
111000073,258,714,-456
111000074,1528,1976,-448
111000075,794,1283,-489
111000076,441,1466,-1025
111000077,1211,1809,-598
111000078,2325,1579,746
111000079,1585,930,655
111000080,479,883,-404
111000081,3064,4771,-1707
111000082,565,918,-353
111000084,637,780,-143
111000085,1046,2105,-1059
111000086,5694,1682,4012
111000087,802,1130,-328
111000088,11416,2520,8896
111000089,740,1177,-437
111000090,1524,1792,-268
111000091,805,972,-167
111000092,1285,1539,-254
111000093,530,966,-436
111000094,1779,1216,563
111000095,952,2556,-1604
111000096,3588,7734,-4146
111000097,10064,1438,8626
111000098,834,2146,-1312
111000099,604,3776,-3172
111000100,412,3626,-3214
111000101,475,1322,-847
111000102,168,1453,-1285
111000104,379,378,1
111000107,102,1415,-1313
111000109,272,279,-7
111000110,943,753,190
111000111,1483,612,871
111000112,1273,385,888
111000113,773,922,-149
111000114,2073,2202,-129
111000115,11749,1513,10236
111000116,947,1369,-422
111000117,617,1149,-532
111000118,1609,1454,155
111000119,921,2692,-1771
111000120,395,758,-363
111000121,230,686,-456
111000122,605,1317,-712
111000123,1091,5333,-4242
111000124,543,5670,-5127
111000125,288,3271,-2983
111000126,116,1593,-1477
111000127,628,188,440
111000128,1215,446,769
111000129,1950,584,1366
111000130,1407,750,657
111000131,1148,644,504
111000132,876,558,318
111000133,152,216,-64
111000134,129,172,-43
111000135,40,133,-93
111000136,372,330,42
111000138,4,11,-7
111000140,1,4,-3
111000141,202,526,-324
111000142,12,182,-170
111000143,0,127,-127
111000144,11,114,-103
111000145,623,3,620
111000146,32,11,21
111000147,146,18,128
111000148,157,175,-18
111000149,1,43,-42
111000150,15,5,10
111000151,6,33,-27
111000153,709,735,-26
111000154,746,253,493
111000155,86,227,-141
111000156,471,499,-28
111000157,185,753,-568
111000158,1066,650,416
111000159,3889,823,3066
111000160,186,454,-268
111000161,12,363,-351
111000162,6,273,-267
111000163,400,1159,-759
111000164,955,3886,-2931
111000165,1603,618,985
111000166,2120,474,1646
111000167,210,685,-475
111000168,232,583,-351
111000169,356,860,-504
111000170,460,623,-163
111000171,429,1592,-1163
111000172,133,1050,-917
111000173,253,2444,-2191
111000174,179,1263,-1084
111000175,55,459,-404
111000176,242,316,-74
111000177,249,425,-176
111000178,776,447,329
111000179,90,281,-191
111000180,155,437,-282
111000181,807,431,376
111000182,149,237,-88
111000183,289,286,3
111000184,352,271,81
111000185,443,591,-148
111000186,275,374,-99
111000187,119,358,-239
111000188,136,716,-580
111000189,2467,651,1816
111000190,211,793,-582
111000191,138,698,-560
111000192,306,975,-669
111000193,696,631,65
111000194,33,653,-620
111000195,79,746,-667
111000196,56,493,-437
111000197,234,199,35
111000198,365,123,242
111000199,169,160,9
111000200,211,406,-195
111000201,472,254,218
111000202,182,284,-102
111000203,287,283,4
111000204,326,771,-445
111000213,198,497,-299
111000214,1467,2959,-1492
111000215,1105,2096,-991
111000217,1191,1548,-357
111000218,897,1248,-351
111000219,370,318,52
111000220,4707,971,3736
111000221,880,278,602
111000224,76,415,-339
111000225,287,182,105
111000226,180,3,177
111000227,74,4,70
111000228,17,236,-219
111000229,43,510,-467
111000230,231,968,-737
111000231,765,2372,-1607
111000232,410,1084,-674
111000233,521,974,-453
111000234,62,290,-228
111000239,157,291,-134
111000240,45,179,-134
111000241,43,667,-624
111000242,82,77,5
111000243,76,1275,-1199
111000244,291,144,147
111000245,850,876,-26
111000246,311,1011,-700
111000247,165,1644,-1479
111000248,500,651,-151
111000249,481,1227,-746
111000250,33,223,-190
111000251,28,203,-175
111000253,8,10,-2
111000255,14,8,6
111000257,31,14,17
111000260,82,2086,-2004
111000261,674,91,583
111000271,78,429,-351
111000273,12097,2186,9911
111000274,1474,2368,-894
111000275,115,107,8
111000276,335,3550,-3215
111000277,186,678,-492
111000278,653,313,340
111000291,473,4008,-3535
111000298,479,371,108
111000299,702,174,528
111000300,131,1004,-873
111000302,289,139,150
111000303,121,536,-415
111000312,61,99,-38
111000315,24,594,-570
111000320,463,1080,-617
111000321,264,131,133
111000322,278,908,-630
111000323,165,21,144
111000324,408,471,-63
111000325,30,76,-46
111000326,105,441,-336
111000327,395,771,-376
111000328,158,503,-345
111000329,1,24,-23
111000330,26,19,7
111000331,7,5,2
111000332,472,1992,-1520
111000334,522,2510,-1988
111000335,544,179,365
111000337,635,612,23
111000338,27,200,-173
111000339,223,1045,-822
111000340,81,1479,-1398
111000341,840,463,377
111000342,109,397,-288
111000344,824,1102,-278
111000345,139,57,82
111000346,17,164,-147
111000347,64,3,61
111000350,146,234,-88
111000351,123,278,-155
111000352,176,399,-223
111000353,132,300,-168
111000354,372,438,-66
111000355,334,1125,-791
111000358,109,3277,-3168
111000360,131,1807,-1676
111000361,135,762,-627
111000546,471,1074,-603
111000547,244,1563,-1319
111000548,106,282,-176
111000549,218,880,-662
111000550,73,584,-511
111000551,1000,346,654
111000552,792,74,718
111000907,597,111,486
111000908,25,1,24
111000916,987,330,657
111000917,35,629,-594
111000918,163,2063,-1900
111000920,281,13,268
111000921,5,571,-566
111000922,275,423,-148
111000924,49,2165,-2116
111000925,1863,2343,-480
111000926,1055,3931,-2876
111000927,2849,4776,-1927
111000928,8530,5810,2720
111000929,1003,1233,-230
111000930,912,3782,-2870
111000931,1707,2328,-621
111000932,5887,3517,2370
111000933,3576,2096,1480
111000934,2912,4234,-1322
111000935,969,1084,-115
111000936,1098,3184,-2086
111000937,796,1476,-680
111000938,2361,3189,-828
111000939,260,55,205
111000940,276,286,-10
111000941,248,1316,-1068
111000943,254,389,-135
111000944,120,1023,-903
111000945,70,4167,-4097
111001109,457,232,225
111001110,241,749,-508
111001111,42,1,41
111001112,167,106,61
111001113,1,145,-144
111001114,1671,106,1565
111001115,164,464,-300
111001116,8272,2729,5543
111001117,1239,1200,39
111001120,142,654,-512
111001121,156,564,-408
111001122,196,1070,-874
111001123,137,140,-3
111001124,47,525,-478
111001125,0,10,-10
111900001,1,202,-201
111900002,14,1590,-1576
111900003,5,829,-824
111900004,40,274,-234
111900006,12,25,-13
111900007,78,7,71
111900008,81,3,78
111900009,112,380,-268
111900010,298,918,-620
111900012,106,208,-102
111900013,21,86,-65
111900014,11981,2784,9197
111900015,1,115,-114
111900016,0,232,-232
111900017,1,255,-254
111900018,73,4,69
111900019,4,161,-157
111900020,5,114,-109
111900021,36,153,-117
111900022,15,104,-89
111900023,216,111,105
111900024,0,94,-94
111900025,0,61,-61
111900026,1,137,-136
111900027,7,209,-202
111900028,6,667,-661
111900029,0,184,-184
111900030,58,915,-857
111900031,9,56,-47
111900032,4,698,-694
111900033,22,210,-188
111900034,335,1383,-1048
111900035,28,357,-329
111900036,1,603,-602
111900038,487,1157,-670
111900039,35,765,-730
111900040,8,1086,-1078
111900042,65,214,-149
111900043,5,782,-777
111900044,313,503,-190
111900046,76,378,-302
111900048,156,1383,-1227
111900049,41,412,-371
111900050,95,18,77
111900051,2,472,-470
111900052,526,967,-441
111900053,1927,690,1237
111900054,121,2,119
111900055,35,1063,-1028
111900056,332,138,194
111900057,32,59,-27
111900058,241,1389,-1148
111900059,5348,452,4896
111900060,310,0,310
111900061,14,473,-459
111900062,23,25,-2
111900063,100,430,-330
111900064,152,547,-395
111900065,62,37,25
111900066,129,176,-47
111900067,1,619,-618
111900068,33,25,8
111900069,45,29,16
111900070,124,160,-36
111900071,0,564,-564
111900072,55,18,37
111900073,436,109,327
111900074,22,384,-362
111900075,71,12,59
111900076,110,49,61
111900077,11,0,11
111900078,172,18,154
111900079,42,16,26
111900080,263,158,105
111900082,90,17,73
111900083,74,9,65
111900084,51,4,47
111900085,39,105,-66
111900086,16,7,9
111900087,21,1,20
111900088,392,4,388
111900089,123,16,107
111900090,70,44,26
111900091,113,18,95
111900092,37,0,37
111900093,274,6,268
111900094,65,2,63
111900095,187,26,161
111900096,77,0,77
111900097,25,1,24
111900098,111,2,109
111900099,39,0,39
111900100,80,8,72
111900101,76,24,52
111900102,298,1421,-1123
111900103,83,75,8
111900104,113,74,39
111900105,315,157,158
111900106,2646,66,2580
111900110,4590,476,4114
111900111,159,471,-312
111900112,1692,1690,2
111900113,400,105,295
111900118,264,71,193
111900119,215,121,94
111900122,108,84,24
111900123,22,13,9
111900124,23,151,-128
111900125,373,16,357
111900126,230,0,230
111900127,2,1128,-1126
111900128,7,1001,-994
111900129,161,19,142
111900130,242,26,216
111900131,265,2,263
111900132,79,2819,-2740
111900133,7,705,-698
111900134,26,506,-480
111900135,11,26,-15
111900136,128,165,-37
111900137,100,84,16
111900138,20,223,-203
111900139,19,338,-319
111900140,67,36,31
111900141,76,17,59
111900142,91,22,69
111900143,39,385,-346
111900144,3,225,-222
111900145,7,1118,-1111
111900146,6,626,-620
111900147,260,844,-584
111900148,29,1584,-1555
111900149,25,652,-627
111900150,14,287,-273
111900151,7,18,-11
111900152,105,69,36
111900153,2587,317,2270
111900154,18,243,-225
111900155,64,66,-2
111900156,30,36,-6
111900157,54,11,43
111900158,257,25,232
111900159,214,10,204
111900160,201,0,201
111900161,69,3,66
111900162,136,192,-56
111900163,62,619,-557
111900164,108,55,53
111901113,273,530,-257
111901114,163,626,-463
111901115,81,0,81
111901116,70,5,65
111901117,25,35,-10
111901118,336,220,116
111901119,2832,222,2610
111901121,267,854,-587
111901122,4,1152,-1148
111901123,133,704,-571
111901124,141,1,140
111901125,309,328,-19
111901127,1877,513,1364
111901128,11,216,-205
111901129,10,361,-351
111901130,24,621,-597
111901131,2,390,-388
111901132,86,10,76
111901133,52,1,51
111901134,73,1,72
111901135,12,8,4
111901136,22,33,-11
111901137,1,27,-26
111901138,139,64,75
111901139,16,80,-64
111901140,7,277,-270
111901141,7,568,-561
111901142,4,487,-483
111901143,0,138,-138
111901144,60,54,6
111901145,197,291,-94
111901146,554,18,536
112000001,1825,1279,546
112000002,816,3618,-2802
112000003,886,1575,-689
112000004,666,2676,-2010
112000005,2200,2415,-215
112000006,2133,3333,-1200
112000007,1874,1559,315
112000008,2344,4375,-2031
112000009,5080,5780,-700
112000010,2541,3432,-891
112000011,2424,3444,-1020
112000012,6392,3311,3081
112000013,7226,4813,2413
112000014,3171,1120,2051
112000015,3405,4018,-613
112000016,6538,1248,5290
112000017,2932,2596,336
112000024,3261,1157,2104
112000026,6581,7886,-1305
112000027,993,523,470
112000028,2403,2643,-240
112000029,512,703,-191
112000030,231,164,67
112000031,2053,4392,-2339
112000032,662,108,554
112000033,2429,1524,905
112000034,286,75,211
112000035,112,565,-453
112000036,983,1173,-190
112000037,1434,1143,291
112000038,1520,1276,244
112000039,29,131,-102
112000040,162,351,-189
112000041,655,676,-21
112000042,1581,437,1144
112000050,897,1902,-1005
112000051,981,1235,-254
112000054,2230,3589,-1359
112000057,831,572,259
112000058,424,951,-527
112000059,794,850,-56
112000061,6245,2816,3429
112000062,3034,1154,1880
112000063,2163,1436,727
112000064,6086,8811,-2725
112000065,2666,4009,-1343
112000066,3943,1445,2498
112000067,866,1116,-250
112000068,2522,1836,686
112000069,835,3383,-2548
112000070,1920,913,1007
112000071,747,4737,-3990
112000072,1328,1312,16
112000073,1383,2635,-1252
112000074,927,1323,-396
112000075,1224,1484,-260
112000076,3854,3932,-78
112000077,427,977,-550
112000078,1248,1027,221
112000079,1227,1650,-423
112000080,691,1366,-675
112000081,1593,2677,-1084
112000082,1338,1038,300
112000083,644,1953,-1309
112000084,1188,949,239
112000085,996,1790,-794
112000086,1360,2288,-928
112000087,278,745,-467
112000088,417,1031,-614
112000089,321,416,-95
112000090,213,563,-350
112000091,638,1913,-1275
112000092,1426,1140,286
112000093,1520,1539,-19
112000094,487,996,-509
112000095,450,1177,-727
112000096,402,933,-531
112000097,793,653,140
112000098,1172,2792,-1620
112000099,611,1021,-410
112000100,1173,1673,-500
112000101,544,1551,-1007
112000102,667,942,-275
112000103,359,2047,-1688
112000105,556,3212,-2656
112000106,1034,666,368
112000107,6,284,-278
112000108,152,2714,-2562
112000109,54,91,-37
112000110,1626,638,988
112000111,1861,6602,-4741
112000112,5310,902,4408
112000113,1393,2938,-1545
112000114,3368,1581,1787
112000115,295,901,-606
112000116,582,1801,-1219
112000117,916,1273,-357
112000118,1115,1268,-153
112000119,414,1462,-1048
112000120,64,675,-611
112000121,92,1255,-1163
112000122,155,193,-38
112000123,430,215,215
112000124,218,80,138
112000125,89,207,-118
112000126,147,1298,-1151
112000127,3244,2097,1147
112000128,1442,1046,396
112000129,91,137,-46
112000130,134,72,62
112000131,41,719,-678
112000132,96,392,-296
112000133,324,704,-380
112000134,418,515,-97
112000135,1025,983,42
112000136,1368,1660,-292
112000137,1878,2463,-585
112000138,2561,1772,789
112000139,1124,391,733
112000140,1177,1561,-384
112000141,605,265,340
112000142,161,1562,-1401
112000143,889,284,605
112000144,402,3067,-2665
112000145,1794,874,920
112000146,740,3687,-2947
112000147,1778,2228,-450
112000148,1821,3640,-1819
112000149,292,1361,-1069
112000150,148,983,-835
112000151,362,1217,-855
112000152,213,582,-369
112000153,276,519,-243
112000154,126,240,-114
112000155,165,189,-24
112000157,885,633,252
112000158,306,1623,-1317
112000159,374,419,-45
112000167,262,41,221
112000169,454,484,-30
112000173,432,319,113
112000175,362,635,-273
112000176,5255,2843,2412
112000177,520,161,359
112000178,61,1035,-974
112000179,182,237,-55
112000180,242,382,-140
112000181,1460,3077,-1617
112000182,793,3556,-2763
112000183,50,82,-32
112000184,288,1125,-837
112000185,404,738,-334
112000187,3670,2824,846
112000195,137,22,115
112000196,251,0,251
112000197,210,147,63
112000198,34,557,-523
112000199,1441,1354,87
112000202,232,0,232
112000216,57,280,-223
112000230,70,10,60
112000231,6,565,-559
112000256,30,185,-155
112000313,285,183,102
112000314,26,22,4
112000337,239,888,-649
112000352,368,314,54
112000392,2531,2097,434
112000398,917,998,-81
112000399,4157,2020,2137
112000400,2631,5792,-3161
112000401,3161,3979,-818
112000402,1845,2540,-695
112000403,2653,2310,343
112000404,449,759,-310
112000405,1536,2948,-1412
112000406,4553,4713,-160
112000407,4351,6655,-2304
112000408,10906,10243,663
112000409,2005,7427,-5422
112000410,442,233,209
112000411,8937,1544,7393
112000412,1721,584,1137
112000413,15278,3511,11767
112000414,94,170,-76
112000415,100,96,4
112000416,1701,1442,259
112000417,217,68,149
112000421,53,264,-211
112000422,363,1169,-806
112000424,4483,2215,2268
112000425,524,2065,-1541
112000426,114,360,-246
112000427,1,23,-22
112000428,139,948,-809
112000429,2627,3911,-1284
112000430,2744,3796,-1052
112000431,102,188,-86
112000432,734,3745,-3011
112000433,813,1319,-506
112000437,68,435,-367
112900001,58,4,54
112900002,191,1741,-1550
112900003,38,505,-467
112900004,22,404,-382
112900005,173,308,-135
112900006,11,742,-731
112900007,23,288,-265
112900008,0,32,-32
112900009,438,81,357
112900010,208,1185,-977
112900011,507,540,-33
112900012,1,78,-77
112900013,1,391,-390
112900014,12,486,-474
112900015,472,1591,-1119
112900016,3,507,-504
112900017,46,388,-342
112900018,3,520,-517
112900019,84,213,-129
112900020,621,2379,-1758
112900021,3,502,-499
112900022,18,131,-113
112900023,0,470,-470
112900024,55,439,-384
112900025,152,465,-313
112900026,7,558,-551
112900027,11,1943,-1932
112900028,20,228,-208
112900029,11,980,-969
112900030,295,318,-23
112900031,12,933,-921
112900032,143,388,-245
112900034,0,106,-106
112900035,6,870,-864
112900036,50,194,-144
112900037,162,188,-26
112900038,414,250,164
112900039,12,558,-546
112900040,6,633,-627
112900041,2155,1249,906
112900042,49,833,-784
112900043,34,68,-34
112900044,1307,612,695
112900045,765,489,276
112900046,268,106,162
112900047,25,41,-16
112900049,121,107,14
112900050,97,854,-757
112900051,448,1427,-979
112900052,11,2095,-2084
112900053,416,208,208
112900054,484,46,438
112900055,195,20,175
112900056,412,243,169
112900057,16,1299,-1283
112900058,332,202,130
112900059,170,197,-27
112900060,20,524,-504
112900061,61,256,-195
112900062,73,223,-150
112900063,98,2,96
112900064,228,351,-123
112900065,45,11,34
112900066,236,118,118
112900067,813,285,528
112900068,45,30,15
112900069,3886,683,3203
112900071,22,2,20
112900072,464,1509,-1045
112900073,298,40,258
112900074,73,132,-59
112900075,3263,762,2501
112900076,117,14,103
112900078,237,285,-48
112900079,219,23,196
112900080,24,1,23
112900081,35,147,-112
112900082,206,22,184
112900083,98,53,45
112900084,113,69,44
112900086,68,0,68
112900087,448,145,303
112900088,111,12,99
112900089,507,28,479
112900090,15,11,4
112900091,116,2,114
112900092,223,169,54
112900093,1485,19,1466
112900095,35,0,35
112900096,238,134,104
112900097,47,722,-675
112900098,100,3,97
112900099,422,22,400
112900100,50,1,49
112900101,183,2,181
112900102,165,9,156
112900103,114,0,114
112900104,47,6,41
112900105,6,0,6
112900106,408,155,253
112900107,2,0,2
112900108,27,3,24
112900109,50,0,50
112900110,538,9,529
112900111,418,6,412
112900112,260,0,260
112900113,0,17,-17
112900114,91,55,36
112900115,600,1,599
112900116,72,50,22
112900117,184,138,46
112900118,40,136,-96
112900119,146,3,143
112900120,1058,322,736
112900121,436,281,155
112900122,22,234,-212
112900123,184,17,167
112900124,18,244,-226
112900125,92,601,-509
112900126,221,277,-56
112900127,350,79,271
112900128,649,1309,-660
112900129,6,1448,-1442
112900130,238,69,169
112900131,56,376,-320
112900132,74,681,-607
112900133,41,1915,-1874
112900134,2,490,-488
112900135,83,64,19
112900137,4,1135,-1131
112900138,9,722,-713
112900139,289,1849,-1560
112900141,514,38,476
112900142,79,165,-86
112900143,60,1147,-1087
112900144,2,617,-615
112900145,51,730,-679
112900146,14,2394,-2380
112900147,8,3819,-3811
112900148,69,1,68
112900149,194,906,-712
112900151,32,55,-23
112900152,6910,1199,5711
112900153,2545,1486,1059
112900154,0,172,-172
112900155,166,7,159
112900156,234,2799,-2565
112900157,150,129,21
112900158,24,18,6
112900159,205,74,131
112900160,42,487,-445
112900161,99,34,65
112900162,51,16,35
112900163,141,24,117
112900164,43,110,-67
112900165,126,60,66
112900166,16,58,-42
112900167,3,46,-43
112900168,3,3,0
112900169,7,10,-3
112900170,36,204,-168
112900172,106,7,99
112900173,344,158,186
112900174,293,46,247
112900175,179,203,-24
112900176,6,30,-24
112900177,268,29,239
112900178,664,2242,-1578
112900179,65,806,-741
112900180,1882,2979,-1097
112900181,367,3,364
112900182,49,2155,-2106
112900183,232,389,-157
112900184,639,500,139
112900185,378,575,-197
112900186,2193,1002,1191
112900187,103,508,-405
112900188,926,730,196
112900189,85,58,27
112900190,1,89,-88
112900192,598,427,171
112900193,1343,370,973
112900194,39,219,-180
112900195,620,32,588
112900196,312,824,-512
112900197,235,689,-454
112900199,376,1011,-635
112900200,383,470,-87
112900201,71,142,-71
112900202,370,1583,-1213
112900203,149,562,-413
112900204,1315,646,669
112900205,1,14,-13
112900206,3,96,-93
112900207,4,0,4
112900208,65,162,-97
112900209,566,713,-147
112900210,0,64,-64
112900211,121,149,-28
112900212,0,113,-113
112900213,9,8,1
112900214,54,6,48
112900215,7,343,-336
112900216,40,77,-37
112900217,2,82,-80
112900218,24,55,-31
112900219,31,35,-4
112900220,4,1,3
112900221,23,266,-243
112900222,9,48,-39
112900223,731,11,720
112900224,172,1618,-1446
112900225,298,1038,-740
112900226,259,414,-155
112900227,281,2087,-1806
112900228,28,32,-4
112900229,129,90,39
112900230,12050,4936,7114
112900232,199,159,40
112900233,39,416,-377
112900234,6,274,-268
112900235,59,8,51
112900236,195,19,176
112900237,90,549,-459
112900238,3,68,-65
112900239,818,516,302
113000001,5496,7898,-2402
113000002,4053,5545,-1492
113000003,2367,3206,-839
113000004,2278,3399,-1121
113000005,1503,1654,-151
113000006,1193,1901,-708
113000007,1720,1908,-188
113000008,1740,2780,-1040
113000009,1051,1281,-230
113000010,1214,2428,-1214
113000011,1113,2440,-1327
113000012,1283,1485,-202
113000013,1217,685,532
113000014,2154,1847,307
113000015,859,334,525
113000016,549,630,-81
113000017,136,359,-223
113000018,358,68,290
113000019,106,307,-201
113000020,171,45,126
113000021,1915,684,1231
113000022,695,1893,-1198
113000025,93,457,-364
113000026,362,759,-397
113000027,1557,675,882
113000028,2101,650,1451
113000029,1092,833,259
113000030,861,896,-35
113000031,339,440,-101
113000032,352,399,-47
113000033,391,574,-183
113000034,581,522,59
113000035,36,54,-18
113000036,35,59,-24
113000037,82,58,24
113000038,5,60,-55
113000039,93,843,-750
113000040,51,123,-72
113000042,1060,802,258
113000051,985,3048,-2063
113000052,3092,1677,1415
113000053,355,1022,-667
113000054,289,1383,-1094
113000055,1124,1509,-385
113000056,882,2001,-1119
113000058,992,1004,-12
113000059,1519,1025,494
113000060,186,753,-567
113000061,917,1278,-361
113000062,2002,393,1609
113000063,105,456,-351
113000064,55,842,-787
113000065,225,2043,-1818
113000066,551,133,418
113000067,1574,2051,-477
113000068,461,3436,-2975
113000069,587,2411,-1824
113000070,1768,1606,162
113000071,358,1161,-803
113000072,660,779,-119
113000073,738,2528,-1790
113000074,1067,485,582
113000075,2427,836,1591
113000076,1740,2672,-932
113000077,1702,697,1005
113000078,1182,3297,-2115
113000079,1031,1051,-20
113000080,880,806,74
113000081,1029,1134,-105
113000082,1687,1102,585
113000083,692,1031,-339
113000084,2132,1555,577
113000085,970,967,3
113000086,1229,2040,-811
113000087,1103,1036,67
113000088,3133,1861,1272
113000089,1056,1737,-681
113000090,314,750,-436
113000091,1000,482,518
113000094,1217,301,916
113000095,294,2011,-1717
113000096,199,1503,-1304
113000097,1243,504,739
113000098,129,51,78
113000099,1407,400,1007
113000100,208,708,-500
113000101,505,936,-431
113000102,560,375,185
113000103,3165,811,2354
113000104,437,3956,-3519
113000105,647,664,-17
113000106,457,713,-256
113000107,784,1335,-551
113000108,1162,2316,-1154
113000109,592,5437,-4845
113000110,1881,644,1237
113000111,251,1222,-971
113000112,324,497,-173
113000113,2259,399,1860
113000114,377,2187,-1810
113000116,1076,342,734
113000117,1362,155,1207
113000118,299,576,-277
113000119,283,624,-341
113000120,66,280,-214
113000121,965,1594,-629
113000124,304,178,126
113000125,75,734,-659
113000127,5266,800,4466
113000128,868,942,-74
113000129,758,2387,-1629
113000133,6670,2249,4421
113000134,5,1437,-1432
113000135,3716,4434,-718
113000137,2583,3473,-890
113000139,548,223,325
113000140,284,444,-160
113000141,561,244,317
113000142,973,1778,-805
113000143,350,306,44
113000144,423,1130,-707
113000145,87,200,-113
113000146,146,161,-15
113000147,202,215,-13
113000148,105,241,-136
113000149,42,189,-147
113000150,668,659,9
113000151,86,93,-7
113000152,31,162,-131
113000153,2864,882,1982
113000154,933,2246,-1313
113000155,428,703,-275
113000156,171,712,-541
113000157,337,1518,-1181
113000158,702,385,317
113000159,983,941,42
113000160,748,1958,-1210
113000161,252,1093,-841
113000162,667,653,14
113000163,96,74,22
113000164,18,136,-118
113000166,125,93,32
113000167,25,295,-270
113000168,65,275,-210
113000169,128,90,38
113000170,92,141,-49
113000171,58,140,-82
113000172,232,97,135
113000173,47,27,20
113000174,202,821,-619
113000175,432,163,269
113000176,501,189,312
113000177,204,620,-416
113000178,181,571,-390
113000179,268,227,41
113000180,808,2147,-1339
113000181,1134,1573,-439
113000182,310,559,-249
113000183,232,729,-497
113000184,16,120,-104
113000189,687,1211,-524
113000190,1729,784,945
113000192,3622,1908,1714
113000193,8393,1168,7225
113000194,2738,1516,1222
113000195,3266,837,2429
113000196,145,160,-15
113000197,2190,1499,691
113000198,85,482,-397
113000199,1668,738,930
113000201,1069,209,860
113000202,6416,4541,1875
113000203,622,447,175
113000204,2703,2153,550
113000205,23,29,-6
113000206,7,30,-23
113000207,79,21,58
113000208,35,67,-32
113000209,32,37,-5
113000210,7,23,-16
113000211,365,304,61
113000212,396,62,334
113000213,30,213,-183
113000214,185,330,-145
113000234,218,2039,-1821
113000410,433,259,174
113000411,3903,6112,-2209
113000412,12099,3018,9081
113000413,4807,3999,808
113000414,11286,16795,-5509
113000415,3398,4557,-1159
113000416,12923,5951,6972
113000417,4563,4862,-299
113000418,4237,3498,739
113000419,2103,2791,-688
113000420,4498,6518,-2020
113000421,4479,7328,-2849
113000422,20483,13077,7406
113000423,3217,6061,-2844
113000424,5423,11484,-6061
113000425,21,103,-82
113000428,305,81,224
113000430,42,165,-123
113000432,2045,219,1826
113000433,151,1692,-1541
113000434,26,470,-444
113000435,17,1538,-1521
113000436,70,2483,-2413
113000437,709,35,674
113000438,205,20,185
113000439,13,249,-236
113000440,110,36,74
113000441,231,383,-152
113000442,157,525,-368
113000443,136,605,-469
113000444,157,513,-356
113000445,121,298,-177
113000446,25,128,-103
113000448,527,205,322
113000449,499,1479,-980
113000450,1311,5299,-3988
113000451,2870,251,2619
113000452,780,804,-24
113000453,195,460,-265
113000454,1969,51,1918
113000455,84,259,-175
113000456,5460,3172,2288
113000468,4454,463,3991
113000469,718,314,404
113000470,1041,129,912
113000471,29,772,-743
113000472,164,390,-226
113000474,316,855,-539
113000475,1820,2745,-925
113000476,1075,2341,-1266
113000477,2282,2436,-154
113000478,4665,8218,-3553
113000479,72,385,-313
113000480,187,154,33
113000484,0,0,0
113000485,5,0,5
113000486,1,0,1
113000487,0,0,0
113000488,1,0,1
113000489,0,0,0
113000490,0,6,-6
113000491,5,22,-17
113000492,1,0,1
113000493,2,0,2
113000495,287,389,-102
113000496,163,144,19
113000497,0,0,0
113000499,0,0,0
113000500,0,0,0
113900001,3,316,-313
113900002,3,464,-461
113900003,4,356,-352
113900004,1,116,-115
113900005,0,92,-92
113900006,2,51,-49
113900007,139,34,105
113900008,174,0,174
113900009,648,0,648
113900010,401,3,398
113900011,56,6,50
113900012,23,5,18
113900013,1984,23,1961
113900014,577,3,574
113900015,1,64,-63
113900016,48,1,47
113900017,6,78,-72
113900018,708,209,499
113900019,80,76,4
113900020,83,1,82
113900022,16,0,16
113900023,27,0,27
113900024,46,176,-130
113900025,437,42,395
113900026,79,2,77
113900027,5,182,-177
113900028,18,661,-643
113900029,28,456,-428
113900030,139,5,134
113900031,7,4,3
113900032,13,0,13
113900033,85,160,-75
113900035,108,0,108
113900036,26,238,-212
113900037,92,902,-810
113900038,100,115,-15
113900039,156,13,143
113900040,3,5,-2
113900041,3,4,-1
113900042,84,72,12
113900043,236,152,84
113900044,185,109,76
113900045,76,1,75
113900046,272,963,-691
113900047,33,209,-176
113900048,347,77,270
113900049,1322,423,899
113900050,235,650,-415
113900051,285,659,-374
113900052,238,194,44
113900053,637,393,244
113900054,17,24,-7
113900055,94,839,-745
113900056,104,313,-209
113900057,15,201,-186
113900058,72,358,-286
113900059,281,559,-278
113900060,93,398,-305
113900061,1547,328,1219
113900062,107,29,78
113900063,93,266,-173
113900064,31,247,-216
113900065,476,35,441
113900066,386,728,-342
113900067,97,554,-457
113900068,494,486,8
113900069,130,43,87
113900070,181,634,-453
113900071,87,152,-65
113900072,76,245,-169
113900073,214,515,-301
113900074,44,691,-647
113900075,1318,1195,123
113900076,163,11,152
113900077,48,406,-358
113900078,67,132,-65
113900079,0,117,-117
113900080,392,218,174
113900081,47,343,-296
113900082,113,349,-236
113900083,187,1156,-969
113900084,328,140,188
113900085,58,529,-471
113900086,31,22,9
113900087,58,261,-203
113900088,41,74,-33
113900089,415,70,345
113900090,605,446,159
113900091,42,64,-22
113900092,37,119,-82
113900093,109,856,-747
113900094,362,670,-308
113900095,162,181,-19
113900096,219,81,138
113900097,13,226,-213
113900098,688,81,607
113900099,0,131,-131
113900100,0,2,-2
113900101,19,69,-50
113900102,185,128,57
113900103,307,322,-15
113900104,168,243,-75
113900105,71,698,-627
113900106,1,173,-172
113900107,0,53,-53
113900108,371,266,105
113900109,444,195,249
113900110,63,45,18
113900111,99,170,-71
113900112,110,137,-27
113900113,877,622,255
113900114,4,230,-226
113900115,2,173,-171
113900116,123,197,-74
113900117,105,26,79
113900118,236,307,-71
113900119,310,509,-199
113900120,99,47,52
113900121,48,102,-54
113900122,461,1819,-1358
113900123,583,249,334
113900124,1,156,-155
113900125,1995,208,1787
113900126,187,76,111
113900127,253,628,-375
113900128,107,72,35
113900129,11,178,-167
113900130,12,19,-7
113900131,202,129,73
113900132,69,60,9
113900133,18,46,-28
113900135,323,798,-475
113900136,181,128,53
113900137,479,284,195
113900138,64,267,-203
113900139,794,119,675
113900140,528,349,179
113900141,442,847,-405
113900142,72,147,-75
113900143,10,33,-23
113900144,436,260,176
113900145,381,311,70
113900146,103,83,20
113900148,237,323,-86
113900149,186,75,111
113900150,1140,974,166
113900151,364,381,-17
113900152,32,71,-39
113900153,539,814,-275
113900154,3,125,-122
113900155,275,125,150
113900156,306,948,-642
113900157,30,207,-177
113900158,778,396,382
113900159,19,247,-228
113900160,526,1032,-506
113900161,47,374,-327
113900162,905,1011,-106
113900163,432,330,102
113900164,317,71,246
113900165,674,644,30
113900166,295,201,94
113900167,237,65,172
113900168,193,160,33
113900169,346,545,-199
113900171,119,92,27
113900172,12,333,-321
113900173,63,1173,-1110
113900174,491,976,-485
113900175,410,145,265
113900176,333,955,-622
113900177,332,322,10
113900178,265,154,111
113900179,18,1009,-991
113900180,206,190,16
113900181,595,122,473
113900182,668,1327,-659
113900183,65,117,-52
113900184,18,1074,-1056
113900185,159,101,58
113900186,23,78,-55
113900187,43,211,-168
113900188,72,233,-161
113900189,353,92,261
113900190,356,172,184
113900191,162,287,-125
113900192,6,513,-507
113900193,36,489,-453
113900194,3521,1181,2340
113900195,382,726,-344
113900196,2,170,-168
113900197,5,497,-492
113900198,13,229,-216
113900199,277,986,-709
113900200,14,332,-318
113900201,4,472,-468
113900202,41,482,-441
113900203,1,261,-260
113900204,45,903,-858
113900205,12,250,-238
113900206,4,180,-176
113900207,1,70,-69
113900208,1,72,-71
113900209,1,119,-118
113900210,871,917,-46
113900211,185,64,121
113900212,145,967,-822
113900214,572,612,-40
113900215,57,259,-202
113900216,161,2195,-2034
113900217,55,495,-440
113900218,104,31,73
113900219,161,821,-660
113900220,136,82,54
113900221,391,171,220
113900222,568,617,-49
113900223,125,1671,-1546
113900224,171,113,58
113900225,1306,309,997
113900226,306,227,79
113900227,315,206,109
113900228,425,412,13
113900229,74,687,-613
113900230,6711,3015,3696
113900231,178,341,-163
113900232,90,140,-50
113900233,40,83,-43
113900234,377,611,-234
113900235,79,47,32
113900236,68,653,-585
113900237,167,20,147
113900238,301,607,-306
113900239,82,111,-29
113900240,10,168,-158
113900241,135,100,35
113900242,81,271,-190
113900243,233,604,-371
113900244,613,316,297
113900245,1770,350,1420
113900246,33,28,5
113900247,181,412,-231
113900248,5277,2089,3188
113900249,2028,416,1612
113900250,71,139,-68
113900251,533,363,170
113900252,507,11,496
113900253,663,46,617
113900254,741,140,601
113900255,368,27,341
113900256,320,45,275
113900257,46,1201,-1155
113900258,10,913,-903
113900259,454,389,65
113900260,211,43,168
113900261,38,139,-101
113900262,191,1238,-1047
113900263,219,796,-577
113900264,19,946,-927
113900265,174,438,-264
113900266,26,427,-401
113900267,113,731,-618
113900268,287,484,-197
113900269,65,178,-113
113900270,515,503,12
113900271,644,1912,-1268
113900273,334,8,326
113900274,38,30,8
113900275,24,89,-65
113900276,2,410,-408
113900277,79,0,79
113900278,358,208,150
113900279,134,162,-28
113900280,1475,923,552
113900281,433,1402,-969
113900282,1071,570,501
113900283,391,560,-169
113900284,685,244,441
113900285,137,67,70
113900286,11,141,-130
113900287,40,69,-29
113900288,1,93,-92
113900289,2157,150,2007
113900290,667,193,474
113900291,164,215,-51
113900292,10,9,1
113900293,2,468,-466
113900294,422,52,370
113900295,619,481,138
113900296,3580,477,3103
113900297,1150,47,1103
113900298,18,2450,-2432
113900299,80,363,-283
113900300,9599,3553,6046
113900301,1531,489,1042
113900302,3446,873,2573
113900303,854,442,412
113900304,0,236,-236
113900305,63,0,63
113900306,37,1,36
113900307,126,0,126
113900308,99,170,-71
113900309,6,1302,-1296
113900310,0,33,-33
113900311,3,4,-1
113900312,170,191,-21
113900313,28,34,-6
114000001,1427,6199,-4772
114000002,162,780,-618
114000003,37,603,-566
114000004,317,672,-355
114000005,208,333,-125
114000006,3526,3696,-170
114000007,777,2351,-1574
114000008,1686,1857,-171
114000009,516,372,144
114000011,2803,6069,-3266
114000012,1890,4897,-3007
114000013,1529,3550,-2021
114000014,393,791,-398
114000015,1375,1005,370
114000016,227,632,-405
114000017,152,211,-59
114000018,1006,105,901
114000026,1132,2824,-1692
114000027,2233,3108,-875
114000028,2485,2842,-357
114000038,184,169,15
114000039,85,263,-178
114000040,80,194,-114
114000042,179,311,-132
114000043,82,277,-195
114000044,114,82,32
114000045,62,158,-96
114000046,3142,7554,-4412
114000047,18,128,-110
114000048,94,66,28
114000049,1618,2076,-458
114000050,1674,2293,-619
114000051,3761,2455,1306
114000052,3513,1581,1932
114000053,94,889,-795
114000054,155,2692,-2537
114000055,304,44,260
114000056,1515,1024,491
114000057,16051,3406,12645
114000058,781,1358,-577
114000059,484,340,144
114000060,716,1024,-308
114000061,4971,2412,2559
114000062,3022,1550,1472
114000063,3982,2162,1820
114000064,9980,4007,5973
114000065,2386,3507,-1121
114000066,416,940,-524
114000067,25,505,-480
114000068,491,637,-146
114000069,848,906,-58
114000070,2482,1790,692
114000071,687,979,-292
114000072,334,961,-627
114000073,10,268,-258
114000074,24,19,5
114000075,35,371,-336
114000076,20,470,-450
114000077,12,133,-121
114000078,247,1674,-1427
114000079,83,27,56
114000080,76,139,-63
114000081,58,123,-65
114000082,40,900,-860
114000083,90,525,-435
114000084,240,111,129
114000085,129,1418,-1289
114000086,277,1065,-788
114000087,70,382,-312
114000088,59,89,-30
114000089,2949,674,2275
114000090,636,756,-120
114000091,1411,796,615
114000092,1080,545,535
114000093,975,980,-5
114000094,290,484,-194
114000095,114,129,-15
114000096,129,864,-735
114000097,119,1376,-1257
114000098,300,98,202
114000099,348,1694,-1346
114000100,888,1538,-650
114000101,328,1714,-1386
114000102,280,421,-141
114000103,132,783,-651
114000104,11,591,-580
114000105,57,51,6
114000106,2418,723,1695
114000107,187,160,27
114000108,4720,1856,2864
114000109,430,760,-330
114000110,673,2685,-2012
114000111,1154,729,425
114000112,426,3062,-2636
114000113,686,586,100
114000114,1423,2367,-944
114000115,1434,935,499
114000116,517,1167,-650
114000117,2114,471,1643
114000118,1868,495,1373
114000119,1163,470,693
114000120,599,1468,-869
114000121,438,870,-432
114000122,338,366,-28
114000123,1395,473,922
114000124,755,470,285
114000125,1037,3098,-2061
114000126,1488,296,1192
114000127,150,266,-116
114000128,962,1032,-70
114000130,442,763,-321
114000131,169,100,69
114000132,681,1092,-411
114000133,1191,2523,-1332
114000134,50,365,-315
114000138,37,321,-284
114000139,303,160,143
114000144,661,507,154
114000145,77,285,-208
114000146,104,497,-393
114000147,1219,1520,-301
114000148,3070,1800,1270
114000149,312,344,-32
114000150,1040,843,197
114000151,1171,1197,-26
114000152,93,41,52
114000153,907,1903,-996
114000154,840,795,45
114000155,1378,2216,-838
114000156,887,555,332
114000157,337,1046,-709
114000158,3566,976,2590
114000159,240,560,-320
114000160,119,351,-232
114000161,1699,2221,-522
114000162,893,1687,-794
114000163,10,223,-213
114000165,282,187,95
114000166,677,357,320
114000167,6576,1425,5151
114000168,919,878,41
114000169,2307,940,1367
114000170,1195,1047,148
114000171,884,2328,-1444
114000174,173,623,-450
114000176,831,502,329
114000177,3913,1022,2891
114000178,51,117,-66
114000179,1416,1053,363
114000180,709,745,-36
114000181,2108,3204,-1096
114000182,9716,3157,6559
114000183,1153,1500,-347
114000184,10129,2052,8077
114000185,1023,1329,-306
114000189,567,139,428
114000190,1857,291,1566
114000191,31,68,-37
114000192,397,3255,-2858
114000193,1339,6137,-4798
114000194,1552,2075,-523
114000195,117,32,85
114000196,7,736,-729
114000197,930,14,916
114000198,2068,573,1495
114000199,2881,1381,1500
114000200,675,4244,-3569
114000201,235,1795,-1560
114000202,1167,1431,-264
114000203,580,1379,-799
114000204,100,797,-697
114000205,236,2819,-2583
114000206,542,1728,-1186
114000207,825,3967,-3142
114000208,607,6014,-5407
114000209,839,5856,-5017
114000210,494,3007,-2513
114000211,962,2509,-1547
114000212,661,1101,-440
114000213,1176,986,190
114000214,83,399,-316
114000215,168,116,52
114000216,1372,590,782
114000217,204,600,-396
114000218,104,477,-373
114000219,1076,528,548
114000220,21,2887,-2866
114000221,660,227,433
114000222,306,2324,-2018
114000223,461,149,312
114000224,174,1472,-1298
114000225,179,930,-751
114000226,70,338,-268
114000227,666,737,-71
114000228,677,1598,-921
114000229,1115,1892,-777
114000230,1878,2306,-428
114000231,900,1857,-957
114000232,546,181,365
114000233,1689,148,1541
114000234,1014,1577,-563
114000235,981,2561,-1580
114000236,2,839,-837
114000237,104,1954,-1850
114000238,106,302,-196
114000239,246,2617,-2371
114000240,939,1008,-69
114000241,345,1878,-1533
114000242,1215,1648,-433
114000243,1510,1198,312
114000244,657,442,215
114000245,461,706,-245
114000246,222,46,176
114000247,868,950,-82
114000248,865,937,-72
114000249,505,760,-255
114000250,378,1058,-680
114000251,253,571,-318
114000252,101,209,-108
114000253,44,548,-504
114000254,33,170,-137
114000255,1138,297,841
114000256,2545,1646,899
114000257,708,2688,-1980
114000258,156,758,-602
114000259,90,498,-408
114000260,0,31,-31
114000261,35,50,-15
114000262,87,243,-156
114000263,21,2,19
114000264,794,1227,-433
114000265,0,19,-19
114000267,6,2129,-2123
114000268,9,3261,-3252
114000270,70,5,65
114000271,608,136,472
114000283,796,762,34
114000285,80,555,-475
114000288,59,810,-751
114000289,872,171,701
114000293,124,643,-519
114000294,166,300,-134
114000395,1518,152,1366
114000396,349,561,-212
114000402,357,586,-229
114000403,288,1009,-721
114000405,127,943,-816
114000423,187,797,-610
114000424,252,398,-146
114000425,437,1056,-619
114000426,365,943,-578
114000427,56,112,-56
114000428,293,176,117
114000429,33,296,-263
114000432,84,269,-185
114000434,45,178,-133
114000435,5,184,-179
114900001,392,2338,-1946
114900002,443,167,276
114900003,471,3795,-3324
114900004,141,424,-283
114900005,397,1422,-1025
114900006,34,63,-29
114900007,137,33,104
114900008,103,88,15
114900010,3311,2033,1278
114900011,123,177,-54
114900013,138,133,5
114900015,60,330,-270
114900018,1052,57,995
114900020,192,74,118
114900022,7,1123,-1116
114900024,327,142,185
114900025,350,414,-64
114900026,51,102,-51
114900027,163,333,-170
114900029,26,34,-8
114900030,211,397,-186
114900031,251,38,213
114900032,266,46,220
114900033,2579,468,2111
114900034,69,367,-298
114900035,126,485,-359
114900036,359,1646,-1287
114900037,123,349,-226
114900038,191,1558,-1367
114900039,472,1074,-602
114900040,102,576,-474
114900041,490,886,-396
114900042,622,1125,-503
114900043,1562,503,1059
114900044,119,22,97
114900046,58,210,-152
114900047,268,1516,-1248
114900048,85,367,-282
114900049,16,401,-385
114900050,46,1098,-1052
114900051,22,956,-934
114900052,94,331,-237
114900053,96,403,-307
114900054,40,213,-173
114900057,285,17,268
114900058,0,78,-78
114900059,59,62,-3
114900060,1765,722,1043
114900061,189,243,-54
114900062,301,468,-167
114900063,84,409,-325
114900064,937,868,69
114900065,292,866,-574
114900067,53,536,-483
114900068,83,302,-219
114900069,302,332,-30
114900070,441,1211,-770
114900072,17,470,-453
114900073,0,260,-260
114900074,336,1759,-1423
114900075,221,10,211
114900076,14,495,-481
114900080,5693,578,5115
114900082,5091,2010,3081
114900083,1309,1212,97
114900090,267,258,9
114900091,242,235,7
114900095,657,164,493
114900096,481,1001,-520
114900097,106,1,105
114900098,7,378,-371
114900099,115,6,109
115000001,13532,8981,4551
115000002,3571,3733,-162
115000003,5396,6393,-997
115000004,3321,5480,-2159
115000005,1686,4494,-2808
115000006,757,1883,-1126
115000007,47,251,-204
115000008,561,695,-134
115000009,186,753,-567
115000010,350,183,167
115000013,80,193,-113
115000015,98,317,-219
115000016,260,383,-123
115000019,27,447,-420
115000020,288,503,-215
115000021,418,558,-140
115000022,638,472,166
115000023,300,570,-270
115000024,1667,721,946
115000025,940,682,258
115000026,165,594,-429
115000027,267,395,-128
115000028,205,1042,-837
115000029,465,249,216
115000030,605,1232,-627
115000031,1046,547,499
115000032,6,318,-312
115000033,152,27,125
115000034,203,1384,-1181
115000035,1214,75,1139
115000036,2,498,-496
115000037,410,9,401
115000038,86,285,-199
115000039,4306,2984,1322
115000040,9879,5127,4752
115000041,1117,3202,-2085
115000042,807,1035,-228
115000043,3168,3959,-791
115000044,3636,6586,-2950
115000045,2115,3677,-1562
115000046,1611,4468,-2857
115000047,1515,3184,-1669
115000048,1498,3821,-2323
115000049,1818,4264,-2446
115000050,4059,2679,1380
115000051,3181,2785,396
115000052,5458,2811,2647
115000053,1637,2124,-487
115000054,989,2138,-1149
115000055,150,489,-339
115000056,140,260,-120
115000057,361,640,-279
115000058,121,130,-9
115000059,124,151,-27
115000061,253,108,145
115000062,225,440,-215
115000063,234,573,-339
115000064,192,197,-5
115000065,41,394,-353
115000067,324,49,275
115000069,79,349,-270
115000070,34,892,-858
115000071,110,11,99
115000072,24,83,-59
115000073,1855,44,1811
115000075,74,72,2
115000076,5368,5264,104
115000077,1668,5685,-4017
115000078,1026,3048,-2022
115000079,1300,3617,-2317
115000080,2057,4296,-2239
115000081,479,1438,-959
115000082,3398,4633,-1235
115000083,2500,5333,-2833
115000084,1621,2013,-392
115000085,725,1486,-761
115000086,898,1711,-813
115000087,619,2158,-1539
115000088,2305,1121,1184
115000089,1888,2021,-133
115000090,992,1123,-131
115000091,642,1695,-1053
115000092,346,454,-108
115000093,592,1,591
115000094,14676,6472,8204
115000095,10097,5992,4105
115000096,651,3876,-3225
115000097,671,1008,-337
115000098,893,1188,-295
115000099,2195,6480,-4285
115000100,788,921,-133
115000101,493,2236,-1743
115000102,398,235,163
115000103,472,1559,-1087
115000105,67,416,-349
115000106,390,384,6
115000107,199,896,-697
115000108,6281,3551,2730
115000109,9102,3974,5128
115000110,1676,1226,450
115000111,937,2004,-1067
115000112,727,837,-110
115000113,883,1159,-276
115000114,2078,1135,943
115000116,5488,2153,3335
115000117,6615,3030,3585
115000118,2195,2227,-32
115000119,2106,2707,-601
115000120,669,1250,-581
115000121,1854,1176,678
115000122,4797,2298,2499
115000123,2820,2259,561
115000124,866,1142,-276
115000125,584,814,-230
115000126,195,352,-157
115000127,407,255,152
115000128,2081,1045,1036
115000129,340,279,61
115000130,362,1917,-1555
115000131,645,305,340
115000132,251,1182,-931
115000133,564,535,29
115000134,301,385,-84
115000135,361,381,-20
115000136,135,273,-138
115000137,88,306,-218
115000138,217,334,-117
115000139,238,432,-194
115000140,173,209,-36
115000141,174,535,-361
115000142,149,574,-425
115000143,397,695,-298
115000144,317,123,194
115000145,188,711,-523
115000146,390,328,62
115000147,540,767,-227
115000148,378,2643,-2265
115000149,543,366,177
115000150,860,2348,-1488
115000151,829,682,147
115000152,880,2830,-1950
115000153,1022,689,333
115000154,684,555,129
115000155,829,1947,-1118
115000156,1410,844,566
115000157,1374,1381,-7
115000158,975,597,378
115000159,1025,765,260
115000160,985,1080,-95
115000161,629,920,-291
115000162,770,627,143
115000163,1104,731,373
115000164,809,607,202
115000165,434,424,10
115000167,175,93,82
115000168,696,273,423
115000169,830,422,408
115000170,118,141,-23
115000171,266,184,82
115000172,3483,797,2686
115000173,435,438,-3
115000174,86,274,-188
115000175,174,171,3
115000176,170,183,-13
115000177,139,216,-77
115000178,17,343,-326
115000179,28,75,-47
115000180,75,1303,-1228
115000181,448,219,229
115000182,567,698,-131
115000183,249,1771,-1522
115000186,611,385,226
115000187,220,1117,-897
115000188,488,823,-335
115000189,214,513,-299
115000190,1340,647,693
115000191,328,498,-170
115000194,211,179,32
115000195,336,376,-40
115000196,117,245,-128
115000197,187,654,-467
115000198,187,522,-335
115000199,238,524,-286
115000200,311,155,156
115000201,157,706,-549
115000206,290,219,71
115000207,103,622,-519
115000208,1021,1128,-107
115000209,570,249,321
115000210,145,143,2
115000211,287,442,-155
115000212,2264,341,1923
115000224,249,104,145
115000225,65,65,0
115000229,337,202,135
115000230,97,941,-844
115000231,364,4432,-4068
115000232,1203,506,697
115000233,135,259,-124
115000234,36,366,-330
115000241,69,461,-392
115000242,115,516,-401
115000243,20,348,-328
115000244,6,156,-150
115000246,57,14,43
115000247,13,20,-7
115000248,24,36,-12
115000249,49,19,30
115000250,193,91,102
115000251,185,223,-38
115000252,106,232,-126
115000253,8,402,-394
115000258,240,326,-86
115000259,483,277,206
115000261,15,37,-22
115000262,19,42,-23
115000263,12,56,-44
115000264,12,42,-30
115000267,65,132,-67
115000268,39,199,-160
115000269,128,92,36
115000270,10,34,-24
115000272,66,223,-157
115000273,406,41,365
115000280,2911,185,2726
115000281,883,446,437
115000282,2278,575,1703
115000284,388,158,230
115000296,819,11,808
115000297,269,122,147
115000298,114,277,-163
115000300,99,302,-203
115000302,315,336,-21
115000303,617,214,403
115000304,531,109,422
115000305,95,2121,-2026
115000306,162,1102,-940
115000307,80,500,-420
115000308,127,17,110
115000309,23,28,-5
115000310,925,1594,-669
115000311,588,2425,-1837
115000313,158,1400,-1242
115000314,327,75,252
115000315,1570,459,1111
115000316,47,120,-73
115000317,147,1128,-981
115000318,702,353,349
115000319,66,428,-362
115000320,7,263,-256
115000321,467,15,452
115000322,60,436,-376
115000449,596,207,389
115000557,0,1002,-1002
115000558,197,85,112
115000587,420,553,-133
115000588,2938,5985,-3047
115000589,3219,3739,-520
115000590,844,2661,-1817
115000591,1169,1174,-5
115000592,704,2470,-1766
115000593,1429,1081,348
115000594,912,2418,-1506
115000609,86,157,-71
115000617,2904,2607,297
115000624,147,135,12
115000633,456,1952,-1496
115000634,3433,1079,2354
115000635,388,153,235
115000638,2505,1101,1404
115000641,89,138,-49
115000642,428,407,21
115000643,124,724,-600
115000644,175,536,-361
115000646,945,1514,-569
115000647,201,751,-550
115000648,1244,2485,-1241
115000893,4183,1712,2471
115000894,97,1329,-1232
115000895,411,1035,-624
115000896,1408,413,995
115000897,620,152,468
115000898,809,329,480
115000899,1400,1532,-132
115000900,157,607,-450
115000901,110,165,-55
115000912,289,124,165
115000913,4,118,-114
115000915,80,2,78
115000916,12,1,11
115000917,0,4,-4
115000918,108,298,-190
115000919,22,20,2
115000920,72,54,18
115000921,2211,150,2061
115000922,1264,777,487
115000923,497,886,-389
115000925,46,91,-45
115000927,38,38,0
115000933,368,166,202
115000934,81,380,-299
115000935,105,142,-37
115000936,79,386,-307
115000937,1588,221,1367
115000938,102,257,-155
115000939,87,191,-104
115900001,42,158,-116
115900002,112,328,-216
115900003,128,206,-78
115900004,0,83,-83
115900005,123,11,112
115900006,104,944,-840
115900008,47,24,23
115900009,82,661,-579
115900010,183,342,-159
115900011,340,408,-68
115900012,88,155,-67
115900013,415,313,102
115900014,117,339,-222
115900015,58,201,-143
115900016,73,57,16
115900017,3,1,2
115900018,183,153,30
115900019,917,41,876
115900020,7,0,7
115900021,2239,200,2039
115900022,4102,13,4089
115900023,2,1,1
115900025,104,326,-222
115900026,1189,531,658
115900027,1,703,-702
115900028,792,93,699
115900029,21,768,-747
115900030,25,64,-39
115900031,402,288,114
115900032,495,1381,-886
115900033,0,41,-41
115900034,49,958,-909
115900035,18,73,-55
115900036,631,604,27
115900037,43,713,-670
115900038,29,6,23
115900039,129,593,-464
115900041,638,512,126
115900042,32,5,27
115900043,108,261,-153
115900044,527,298,229
115900046,214,442,-228
115900047,127,110,17
115900049,157,458,-301
115900051,2,91,-89
115900052,14,436,-422
115900053,190,573,-383
115900054,131,78,53
115900055,15,212,-197
115900056,173,655,-482
115900057,23,9,14
115900058,13,82,-69
115900060,61,289,-228
115900061,137,1,136
115900062,50,562,-512
115900063,32,21,11
115900064,174,346,-172
115900065,124,251,-127
115900066,291,283,8
115900067,14,1675,-1661
115900068,4910,466,4444
115900069,70,263,-193
115900070,205,427,-222
115900071,1,1268,-1267
115900072,75,350,-275
115900073,63,46,17
115900074,4,499,-495
115900075,21,537,-516
115900076,4,149,-145
115900077,3,418,-415
115900078,29,174,-145
115900079,185,34,151
115900080,854,423,431
115900081,19,96,-77
115900082,286,262,24
115900084,193,31,162
115900085,76,57,19
115900086,2843,807,2036
115900088,19,67,-48
115900089,251,1103,-852
115900090,179,34,145
115900091,5,61,-56
115900092,40,399,-359
115900093,1,51,-50
115900094,4,619,-615
115900096,7,8,-1
115900097,11,727,-716
115900098,141,952,-811
115900099,66,144,-78
115900100,14,1093,-1079
115900101,155,746,-591
115900102,73,139,-66
115900103,327,460,-133
115900104,43,256,-213
115900105,163,1408,-1245
115900106,43,52,-9
115900107,58,293,-235
115900108,84,42,42
115900109,60,730,-670
115900110,0,20,-20
115900111,2,127,-125
115900112,49,2015,-1966
115900113,39,38,1
115900114,1,274,-273
115900115,58,238,-180
115900116,89,1986,-1897
115900117,42,29,13
115900118,6,508,-502
115900119,156,135,21
115900120,23,774,-751
115900121,111,433,-322
115900124,237,475,-238
115900125,240,42,198
115900126,549,85,464
115900127,556,66,490
115900128,7,106,-99
115900129,624,44,580
115900130,36,258,-222
115900131,173,45,128
115900132,351,10,341
115900134,325,12,313
115900135,816,931,-115
115900137,27,0,27
115900139,62,66,-4
115900140,138,52,86
115900141,14,62,-48
115900142,5,22,-17
115900143,206,564,-358
115900144,73,390,-317
115900146,12,263,-251
115900147,334,271,63
115900148,11,6,5
115900149,62,29,33
115900150,37,128,-91
115900151,8,137,-129
115900152,86,735,-649
115900153,108,423,-315
115900154,1272,368,904
115900155,0,157,-157
115900156,577,1008,-431
115900157,104,600,-496
115900158,54,14,40
115900159,100,441,-341
115900160,9,1,8
115900161,50,424,-374
115900163,170,221,-51
115900164,316,19,297
115900165,2,135,-133
115900166,260,495,-235
115900168,79,220,-141
115900171,115,807,-692
115900172,59,173,-114
115900173,180,183,-3
115900174,644,229,415
115900175,126,278,-152
115900178,12,1147,-1135
115900179,156,19,137
115900180,52,771,-719
115900181,151,350,-199
115900182,303,488,-185
115900183,81,48,33
115900184,1938,20,1918
115900187,16,137,-121
115900189,2,174,-172
115900190,722,1415,-693
115900191,63,850,-787
115900192,16,111,-95
115900193,93,146,-53
115900194,377,51,326
115900195,723,1316,-593
115900198,239,399,-160
115900199,176,439,-263
115900200,293,544,-251
115900201,427,291,136
115900202,4,9,-5
115900203,3,1,2
115900204,0,1,-1
115900205,53,15,38
115900206,132,235,-103
115900207,24,35,-11
115900208,111,687,-576
115900209,2,216,-214
115900210,6,217,-211
115900211,4,392,-388
115900212,137,402,-265
115900213,75,40,35
115900214,232,305,-73
115900215,39,66,-27
115900216,13,104,-91
115900217,5,150,-145
115900218,2,69,-67
115900219,74,9,65
115900220,63,7,56
115900221,43,18,25
115900222,55,28,27
115900223,9,162,-153
115900224,2762,569,2193
115900225,71,34,37
115900226,12,103,-91
115900227,7,60,-53
115900228,7,93,-86
115900229,8,86,-78
115900230,68,147,-79
115900231,93,7,86
115900232,55,3,52
115900233,44,6,38
115900234,48,32,16
115900235,2,35,-33
115900236,23,17,6
115900237,15,42,-27
115900238,9,36,-27
115900239,22,32,-10
115900240,8,62,-54
115900241,161,120,41
115900242,286,286,0
115900243,16,15,1
115900244,5,34,-29
115900245,43,10,33
115900246,7,3,4
115900247,15,26,-11
115900248,5,8,-3
115900249,5,8,-3
115900250,4,21,-17
115900251,1,13,-12
115900252,1,3,-2
115900253,8,13,-5
115900254,17,28,-11
115900255,7,22,-15
115900256,21,16,5
115900257,0,5,-5
115900258,0,3,-3
115900259,5,1,4
115900260,8,0,8
115900261,3,7,-4
115900262,0,0,0
115900263,1,2,-1
115900264,1,8,-7
115900265,5,6,-1
115900266,1,6,-5
115900267,7,9,-2
115900268,5,2,3
115900269,325,608,-283
115900270,369,1540,-1171
115900271,69,0,69
115900272,21,0,21
115900273,6,18,-12
115900274,0,41,-41
115900275,7,45,-38
115900276,1,137,-136
115900277,3,310,-307
115900278,20,208,-188
115900279,11,267,-256
115900280,8,289,-281
115900281,875,167,708
115900282,28,7,21
115900283,1,19,-18
115900284,5,11,-6
116000001,24445,7678,16767
116000002,5217,9409,-4192
116000003,1926,3045,-1119
116000004,3193,3042,151
116000005,3900,5426,-1526
116000006,2986,1712,1274
116000007,5295,7436,-2141
116000008,4581,2290,2291
116000009,2476,3993,-1517
116000010,1778,1587,191
116000011,1151,2853,-1702
116000012,779,888,-109
116000013,27416,6980,20436
116000014,30022,11689,18333
116000015,966,1264,-298
116000016,13284,3386,9898
116000017,44,692,-648
116000018,1064,852,212
116000019,776,424,352
116000020,536,2317,-1781
116000021,417,410,7
116000022,279,923,-644
116000023,926,780,146
116000024,738,2363,-1625
116000025,908,641,267
116000026,1645,3457,-1812
116000027,832,809,23
116000028,521,819,-298
116000029,1256,744,512
116000030,654,489,165
116000031,130,304,-174
116000032,452,288,164
116000033,382,874,-492
116000034,667,1302,-635
116000035,503,772,-269
116000036,2927,814,2113
116000037,946,975,-29
116000038,931,475,456
116000039,809,303,506
116000040,1863,299,1564
116000041,378,707,-329
116000042,582,272,310
116000043,63,689,-626
116000044,59,282,-223
116000045,2163,1582,581
116000046,1668,1412,256
116000047,2918,2587,331
116000048,2744,2058,686
116000049,1072,2708,-1636
116000050,1478,1780,-302
116000051,4250,2703,1547
116000052,4217,4801,-584
116000053,1949,1539,410
116000054,939,2939,-2000
116000055,530,1957,-1427
116000056,731,1543,-812
116000057,3903,2616,1287
116000058,4072,2556,1516
116000059,3109,5377,-2268
116000060,3617,1219,2398
116000061,637,1035,-398
116000062,961,340,621
116000063,631,1384,-753
116000066,219,649,-430
116000067,299,969,-670
116000068,277,340,-63
116000069,443,641,-198
116000078,352,1545,-1193
116000080,1503,1483,20
116000082,23,233,-210
116000083,1308,498,810
116000084,3499,5859,-2360
116000085,2099,1542,557
116000086,3496,1960,1536
116000087,1251,1606,-355
116000088,1265,2248,-983
116000089,167,198,-31
116000090,179,198,-19
116000091,280,155,125
116000093,680,2203,-1523
116000094,422,1108,-686
116000095,609,1792,-1183
116000096,825,1564,-739
116000097,756,1697,-941
116000098,761,5283,-4522
116000099,19338,728,18610
116000100,135,14,121
116000101,599,2912,-2313
116000102,277,2628,-2351
116000103,451,354,97
116000104,178,3198,-3020
116000105,819,219,600
116000106,437,2443,-2006
116000107,1763,630,1133
116000108,301,294,7
116000111,106,26,80
116000113,103,115,-12
116000114,22,221,-199
116000115,264,154,110
116000116,234,806,-572
116000117,1332,3395,-2063
116000118,1311,2596,-1285
116000119,2391,2608,-217
116000120,3293,7507,-4214
116000121,675,640,35
116000122,1688,4053,-2365
116000123,568,781,-213
116000124,408,1931,-1523
116000125,2208,1045,1163
116000126,431,2318,-1887
116000127,1482,2810,-1328
116000128,1444,1287,157
116000129,886,253,633
116000130,370,376,-6
116000133,512,1402,-890
116000134,1836,5284,-3448
116000135,1665,2033,-368
116000136,1096,4228,-3132
116000137,790,878,-88
116000138,1386,618,768
116000139,1879,3084,-1205
116000140,196,369,-173
116000141,486,1821,-1335
116000142,5897,6033,-136
116000143,2274,1925,349
116000144,1323,4905,-3582
116000145,1659,2128,-469
116000146,313,707,-394
116000147,340,222,118
116000148,440,562,-122
116000149,439,718,-279
116000151,631,1684,-1053
116000153,112,796,-684
116000155,386,372,14
116000156,791,2760,-1969
116000157,48,65,-17
116000158,475,435,40
116000159,15,23,-8
116000160,31,242,-211
116000161,8,199,-191
116000162,97,95,2
116000163,23,29,-6
116000164,10,36,-26
116000177,417,188,229
116000194,87,669,-582
116000195,2366,926,1440
116000196,4,2,2
116000197,2,4,-2
116000198,2751,1325,1426
116000200,1170,327,843
116000201,802,942,-140
116000202,14,642,-628
116000203,2,117,-115
116000204,18,59,-41
116000205,0,180,-180
116000206,3,116,-113
116000207,2,54,-52
116000233,235,1615,-1380
116000287,140,991,-851
116000288,143,461,-318
116000292,56,200,-144
116000296,14,591,-577
116000297,87,9,78
116000304,61,91,-30
116000305,38,184,-146
116000346,229,340,-111
116000352,85,159,-74
116000354,52,75,-23
116000357,10,110,-100
116000358,224,47,177
116000361,223,7,216
116000372,16620,3721,12899
116000381,69,2,67
116000388,1,35,-34
116000389,626,992,-366
116000445,314,1083,-769
116000446,485,2117,-1632
116000447,16,599,-583
116000448,810,464,346
116000563,1200,965,235
116000565,188,535,-347
116000568,41,298,-257
116000579,28,227,-199
116000584,45,16,29
116000585,18,28,-10
116000586,260,156,104
116000587,598,894,-296
116000589,21,132,-111
116000590,61,127,-66
116000591,129,549,-420
116000592,16,177,-161
116000593,0,150,-150
116000594,398,799,-401
116000595,727,293,434
116000596,63,12,51
116000597,236,98,138
116000598,14,292,-278
116000602,72,414,-342
116000605,440,335,105
116000606,66,216,-150
116000607,0,54,-54
116000609,374,945,-571
116000611,104,844,-740
116000612,629,2394,-1765
116000613,454,557,-103
116000614,728,1427,-699
116000615,1,209,-208
116000616,49,208,-159
116000617,94,161,-67
116000618,2,268,-266
116000619,22,86,-64
116000620,66,56,10
116000621,17,126,-109
116000622,34,194,-160
116000624,96,95,1
116000627,16,109,-93
116000628,46,2429,-2383
116000629,24,1304,-1280
116000630,235,431,-196
116000631,82,254,-172
116000632,306,915,-609
116000633,49,1223,-1174
116000634,233,62,171
116000635,3715,2194,1521
116000636,2287,1246,1041
116000637,197,15,182
116000638,33,1063,-1030
116900001,194,229,-35
116900002,380,4,376
116900003,17,113,-96
116900004,29,55,-26
116900005,173,108,65
116900006,315,176,139
116900007,134,279,-145
116900008,267,851,-584
116900009,14,3,11
116900010,4,3045,-3041
116900011,20,87,-67
116900012,173,299,-126
116900013,10,321,-311
116900014,54,566,-512
116900015,240,132,108
116900016,131,1,130
116900017,8,1517,-1509
116900018,124,60,64
116900019,14,795,-781
116900020,3180,656,2524
116900023,57,7,50
116900024,357,141,216
116900025,562,1760,-1198
116900026,342,1394,-1052
116900027,20,110,-90
116900028,7,277,-270
116900029,2,18,-16
116900031,0,16,-16
116900032,7,752,-745
116900033,11,16,-5
116900034,12,136,-124
116900035,103,485,-382
116900036,1,138,-137
116900038,22,3,19
116900041,23,19,4
116900042,1490,380,1110
116900043,12,182,-170
116900047,159,79,80
116900049,62,492,-430
116900050,81,1017,-936
116900051,117,633,-516
116900052,188,115,73
116900055,0,14,-14
116900057,21,567,-546
116900058,30,918,-888
116900059,4,480,-476
116900060,374,442,-68
116900062,2,5,-3
116900064,89,1964,-1875
116900065,7,243,-236
116900067,98,275,-177
116900068,115,544,-429
116900070,1,6,-5
116900072,18,844,-826
116900073,10,473,-463
116900074,8,89,-81
116900076,14,38,-24
116900077,8,460,-452
116900078,342,237,105
116900079,30,858,-828
116900080,8,33,-25
116900081,415,3022,-2607
116900082,291,1259,-968
116900083,41,109,-68
116900084,262,87,175
116900085,28,240,-212
116900086,38,459,-421
116900088,722,126,596
116900090,151,106,45
116900091,220,155,65
116900092,127,1629,-1502
116900093,2184,2723,-539
116900094,9005,3313,5692
116900095,297,335,-38
116900096,109,258,-149
116900097,7714,2591,5123
116900098,1025,309,716
116900099,872,890,-18
116900100,628,32,596
116900101,367,1077,-710
116900103,2,2,0
116900104,45,146,-101
116900105,298,76,222
116900106,1118,1156,-38
116900107,7857,1876,5981
116900110,7,0,7
116900111,322,2236,-1914
116900112,217,2538,-2321
116900113,6415,1272,5143
116900116,140,360,-220
116900117,48,149,-101
116900118,1348,809,539
116900120,158,317,-159
116900121,43,90,-47
116900122,481,1420,-939
116900123,151,1729,-1578
116900124,141,1993,-1852
116900125,278,464,-186
116900126,577,804,-227
116900128,1,52,-51
116900129,1,570,-569
116900130,1935,2490,-555
116900131,102,261,-159
116900132,26,123,-97
116900133,97,114,-17
116900134,197,290,-93
116900136,173,220,-47
116900137,342,231,111
116900138,144,331,-187
116900139,75,641,-566
116900140,150,222,-72
116900141,600,338,262
116900142,2,52,-50
116900143,249,647,-398
116900144,16,59,-43
116900145,115,612,-497
116900147,913,418,495
116900148,3,28,-25
116900149,25,211,-186
116900150,11,12,-1
116900151,134,27,107
116900153,80,125,-45
116900154,736,384,352
116900155,89,82,7
116900157,360,593,-233
116900158,145,203,-58
116900159,54,321,-267
116900160,884,352,532
116900161,15290,5479,9811
116900162,14,238,-224
116900163,102,275,-173
116900164,63,46,17
116900165,187,160,27
116900166,22,192,-170
116900167,395,130,265
116900168,234,151,83
116900169,1026,327,699
116900170,243,465,-222
116900171,24,487,-463
116900172,355,111,244
116900173,106,88,18
116900174,14,18,-4
116900175,279,130,149
116900178,15,322,-307
116900179,105,190,-85
116900180,97,62,35
116900182,350,299,51
116900183,149,137,12
116900185,12,25,-13
116900186,129,634,-505
116900187,22,54,-32
116900188,142,30,112
116900189,47,0,47
116900191,320,554,-234
116900192,212,402,-190
116900194,117,758,-641
116900195,38,17,21
116900196,16,169,-153
116900197,89,4,85
116900198,400,168,232
116900200,25,27,-2
116900201,57,5,52
116900202,138,74,64
116900203,124,3,121
116900204,76,127,-51
116900206,6,44,-38
116900207,17,52,-35
116900208,13,274,-261
116900209,20,259,-239
116900210,363,295,68
116900211,331,12,319
116900212,22,133,-111
116900213,169,369,-200
116900214,81,159,-78
116900215,65,145,-80
116900216,417,529,-112
116900218,3,449,-446
116900219,995,413,582
116900220,84,288,-204
116900221,52,379,-327
116900222,422,404,18
116900223,144,253,-109
116900226,38,151,-113
116900227,162,175,-13
116900228,221,476,-255
116900230,56,750,-694
116900231,36,921,-885
116900232,9,1264,-1255
116900233,239,136,103
116900234,14,4,10
116900235,199,515,-316
116900238,2134,659,1475
116900239,28,824,-796
116900240,12230,3825,8405
116900241,58,507,-449
116900242,694,404,290
116900243,2,201,-199
116900245,36,6,30
116900246,75,14,61
116900247,405,24,381
116900248,73,50,23
116900249,203,204,-1
116900250,254,49,205
116900251,777,429,348
116900252,78,1948,-1870
116900253,102,149,-47
116900254,44,180,-136
116900255,104,52,52
116900256,248,166,82
116900257,16,1164,-1148
116900258,1,533,-532
116900259,88,5,83
116900260,1,208,-207
116900261,25,1,24
116900262,177,200,-23
116900263,0,4,-4
116900264,0,4,-4
116900265,23,0,23
116900266,8,153,-145
116900267,4,0,4
116900268,25,6,19
116900269,325,769,-444
116900271,2463,110,2353
116900272,600,1010,-410
116900273,484,109,375
116900274,99,176,-77
116900275,101,242,-141
116900276,2786,91,2695
116900277,1214,31,1183
116900278,5,26,-21
116900279,1,24,-23
116900280,17,31,-14
116900281,14740,3541,11199
116900282,4,392,-388
116900283,20,308,-288
116900284,21,431,-410
116900285,636,324,312
116900286,298,16,282
116900287,5,162,-157
116900288,41,192,-151
116900289,9,62,-53
116900290,4,98,-94
116900291,22,21,1
116900292,1,3,-2
116900293,32,138,-106
116900294,50,210,-160
116900295,373,58,315
116900296,98,118,-20
116900297,7,134,-127
116900298,219,58,161
116900299,48,76,-28
116900300,7,274,-267
116900301,122,177,-55
116900302,104,73,31
116900303,849,94,755
116900304,1,225,-224
116900305,48,104,-56
116900306,77,322,-245
117000001,1889,1871,18
117000002,2582,7268,-4686
117000003,10060,3903,6157
117000004,7124,9914,-2790
117000005,2121,2050,71
117000006,1776,7676,-5900
117000007,3508,1616,1892
117000008,1979,8960,-6981
117000009,5184,2175,3009
117000010,3969,8806,-4837
117000011,1905,3028,-1123
117000012,1699,3420,-1721
117000013,1652,1981,-329
117000014,1377,4410,-3033
117000015,5695,1760,3935
117000016,932,72,860
117000017,782,386,396
117000018,299,495,-196
117000019,431,3,428
117000020,1263,1459,-196
117000021,5192,753,4439
117000022,985,81,904
117000023,1145,174,971
117000024,1193,175,1018
117000025,1997,772,1225
117000026,6205,1063,5142
117000027,4428,2636,1792
117000028,5909,1589,4320
117000030,1126,1087,39
117000031,443,322,121
117000032,2874,2028,846
117000033,1911,1329,582
117000034,466,675,-209
117000035,389,325,64
117000036,569,743,-174
117000037,454,283,171
117000038,499,1123,-624
117000039,496,459,37
117000040,205,2590,-2385
117000041,653,202,451
117000044,52,2401,-2349
117000045,532,61,471
117000046,796,1221,-425
117000047,923,561,362
117000048,3388,3236,152
117000049,188,636,-448
117000050,213,4457,-4244
117000051,2057,224,1833
117000052,17,1059,-1042
117000053,273,152,121
117000054,1419,13,1406
117000055,29,6718,-6689
117000056,638,37,601
117000057,970,4085,-3115
117000060,515,2692,-2177
117000061,1839,1361,478
117000062,256,940,-684
117000063,2078,971,1107
117000064,1330,1847,-517
117000066,1885,1356,529
117000067,297,483,-186
117000074,215,291,-76
117000076,134,77,57
117000077,140,130,10
117000078,201,1270,-1069
117000079,369,305,64
117000080,4,509,-505
117000081,1073,165,908
117000082,33,110,-77
117000083,127,27,100
117000084,523,7,516
117000085,221,791,-570
117000086,1612,1065,547
117000087,130,940,-810
117000088,307,313,-6
117000089,1519,498,1021
117000090,390,2781,-2391
117000091,658,421,237
117000092,503,2990,-2487
117000093,1077,1019,58
117000094,1202,4787,-3585
117000095,2782,1186,1596
117000096,744,4920,-4176
117000097,1209,1620,-411
117000098,4126,10078,-5952
117000099,2998,1279,1719
117000100,212,282,-70
117000101,319,2418,-2099
117000102,1672,720,952
117000103,1109,3652,-2543
117000104,1449,830,619
117000105,1364,3386,-2022
117000106,1366,1426,-60
117000107,778,3698,-2920
117000108,1467,1278,189
117000109,3202,5135,-1933
117000110,1423,1039,384
117000111,5344,8499,-3155
117000112,3418,3624,-206
117000113,126,662,-536
117000114,218,352,-134
117000115,70,364,-294
117000116,141,415,-274
117000117,2364,759,1605
117000118,525,222,303
117000119,433,114,319
117000120,568,307,261
117000121,304,1158,-854
117000122,1052,1385,-333
117000123,3345,40,3305
117000124,1273,60,1213
117000125,972,107,865
117000126,108,60,48
117000127,388,638,-250
117000128,749,1243,-494
117000129,1171,477,694
117000130,129,4,125
117000131,0,345,-345
117000132,2091,41,2050
117000133,1022,323,699
117000134,7,94,-87
117000135,4,30,-26
117000136,3,75,-72
117000137,75,76,-1
117000138,2,1012,-1010
117000140,745,2934,-2189
117000141,1953,849,1104
117000181,2311,1008,1303
117000182,381,375,6
117000195,285,2456,-2171
117000196,158,105,53
117000225,478,9,469
117000226,37,174,-137
117000276,177,10,167
117000277,7,1182,-1175
117000310,4081,4668,-587
117000315,40,1567,-1527
117000320,106,0,106
117000906,173,22,151
117000907,29,864,-835
117000908,215,22,193
117000909,91,38,53
117000910,195,252,-57
117000911,135,283,-148
117000915,7,1345,-1338
117000916,23,12,11
117000917,862,30,832
117000918,25,97,-72
117000919,9,312,-303
117000920,14,2867,-2853
117000921,12,3137,-3125
117000922,107,243,-136
117000924,497,965,-468
117000926,1964,105,1859
117000927,2909,777,2132
117000928,1,624,-623
117000929,136,1306,-1170
117000930,134,29,105
117000931,828,221,607
117900002,332,631,-299
117900003,1292,764,528
117900005,6,14,-8
117900006,0,43,-43
117900007,166,334,-168
117900008,0,100,-100
117900010,443,243,200
117900011,83,27,56
117900012,76,342,-266
117900013,9,807,-798
117900014,873,483,390
117900015,31,399,-368
117900016,3103,830,2273
117900017,824,871,-47
117900018,451,88,363
117900019,367,1003,-636
117900020,73,384,-311
117900021,57,207,-150
117900022,42,13,29
117900023,1086,593,493
117900024,118,283,-165
117900025,40,17,23
117900026,325,1053,-728
117900028,157,6,151
117900029,284,2174,-1890
117900030,413,241,172
117900031,474,250,224
117900032,772,589,183
117900033,224,1598,-1374
117900034,86,163,-77
117900035,184,87,97
117900036,207,1277,-1070
117900037,96,169,-73
117900038,41,658,-617
117900039,5,191,-186
117900040,159,1170,-1011
117900041,12,85,-73
117900042,8612,843,7769
117900043,41,108,-67
117900044,21,4225,-4204
117900045,266,195,71
117900048,177,515,-338
117900049,146,1476,-1330
117900050,33,120,-87
117900051,78,14,64
117900052,92,432,-340
117900053,1175,1094,81
117900054,2,23,-21
117900055,240,334,-94
117900056,590,86,504
117900057,1058,1903,-845
117900058,262,20,242
117900059,801,122,679
117900060,1333,8749,-7416
117900061,16,404,-388
117900063,286,421,-135
117900065,1057,1996,-939
117900066,11,67,-56
117900067,416,599,-183
117900069,586,913,-327
117900070,493,8,485
117900071,127,291,-164
117900073,350,994,-644
117900074,367,7,360
117900075,95,154,-59
117900076,21,70,-49
117900077,231,183,48
117900078,262,620,-358
117900080,310,82,228
117900081,647,839,-192
117900082,369,386,-17
117900083,338,1483,-1145
117900086,173,68,105
117900087,98,99,-1
117900088,3528,3728,-200
117900089,1574,629,945
117900090,443,1714,-1271
117900091,334,240,94
117900092,74,62,12
117900093,42,127,-85
117900094,44,20,24
117900095,478,1037,-559
117900096,68,357,-289
117900097,218,171,47
117900098,20,8,12
117900099,209,905,-696
117900100,141,4,137
117900101,651,1482,-831
117900102,58,81,-23
117900103,30,0,30
117900104,11,300,-289
117900105,204,488,-284
117900106,69,88,-19
117900107,36,1,35
117900109,423,383,40
117900110,65,1,64
117900111,321,11,310
117900112,58,17,41
117900113,9310,3197,6113
117900114,12,1,11
117900115,472,99,373
117900116,1277,1736,-459
117900117,374,613,-239
117900118,39,1,38
117900119,107,550,-443
117900120,125,281,-156
117900121,50,43,7
117900122,2029,2334,-305
117900123,1149,1340,-191
117900124,820,1061,-241
117900125,1488,1416,72
117900126,347,1097,-750
117900127,498,1264,-766
117900128,321,2037,-1716
117900129,39,1,38
117900130,1111,663,448
117900131,1,130,-129
117900132,13,155,-142
117900133,18,235,-217
117900134,81,528,-447
117900135,32,369,-337
117900136,0,64,-64
117900137,48,552,-504
117900138,0,74,-74
117900139,53,233,-180
117900140,9261,406,8855
117900141,503,513,-10
117900142,138,21,117
117900144,193,171,22
117900145,103,10,93
117900146,395,158,237
117900147,91,110,-19
117900148,5283,1102,4181
117900149,34,239,-205
117900150,44,191,-147
117900151,58,298,-240
117900152,132,165,-33
117900153,26,188,-162
117900154,474,1390,-916
117900156,1229,1741,-512
117900157,105,633,-528
117900158,123,182,-59
117900160,459,512,-53
117900161,3650,4734,-1084
117900162,379,751,-372
117900163,209,28,181
117900165,0,12,-12
117900166,131,398,-267
117900168,51,262,-211
117900169,3,209,-206
117900170,1,56,-55
117900171,3,30,-27
117900172,25,80,-55
117900173,206,104,102
117900174,41,136,-95
117900175,5,91,-86
117900176,13,103,-90
117900177,16,113,-97
117900178,140,76,64
117900180,570,40,530
117900181,329,382,-53
117900182,1,29,-28
117900183,46,209,-163
117900184,9,49,-40
117900185,35,48,-13
117900186,54,18,36
117900187,26,38,-12
117900188,281,46,235
117900189,78,33,45
117900190,7,3,4
117900191,65,2,63
117900192,203,2,201
117900193,2,83,-81
117900194,14,7,7
117900195,31,66,-35
117900196,14,24,-10
117900207,198,114,84
117900208,23,49,-26
117900209,199,232,-33
117900210,169,377,-208
117900211,11,444,-433
117900212,75,246,-171
117900213,28,20,8
117900214,8,126,-118
117900215,21,82,-61
117900216,100,38,62
117900217,264,188,76
117900218,505,402,103
117900219,19,105,-86
117900220,285,151,134
117900222,176,434,-258
117900223,205,351,-146
118000001,1121,818,303
118000002,1461,2550,-1089
118000003,3022,2131,891
118000004,3660,2461,1199
118000005,6902,4651,2251
118000006,9668,11522,-1854
118000007,9389,3121,6268
118000008,7033,3967,3066
118000009,3237,3968,-731
118000010,4966,5820,-854
118000011,1337,5009,-3672
118000012,1353,5156,-3803
118000013,5435,4898,537
118000014,2200,4819,-2619
118000016,236,608,-372
118000017,265,548,-283
118000018,311,689,-378
118000019,2814,1658,1156
118000020,1941,2237,-296
118000021,889,3040,-2151
118000022,2444,973,1471
118000023,1225,369,856
118000024,2481,1119,1362
118000027,24079,11411,12668
118000029,1471,916,555
118000032,1838,3969,-2131
118000033,3230,3915,-685
118000034,6822,2763,4059
118000035,1810,2597,-787
118000036,1499,1221,278
118000037,838,1451,-613
118000038,142,189,-47
118000039,134,682,-548
118000040,1562,3580,-2018
118000041,2526,2189,337
118000045,787,166,621
118000046,2993,597,2396
118000047,2768,622,2146
118000048,5143,1626,3517
118000051,2714,1648,1066
118000052,1842,930,912
118000053,1172,790,382
118000054,2557,2259,298
118000055,1921,2638,-717
118000056,313,597,-284
118000057,274,543,-269
118000058,5147,2270,2877
118000059,3509,1192,2317
118000060,1009,1127,-118
118000061,853,2410,-1557
118000062,624,525,99
118000063,390,824,-434
118000064,1271,1900,-629
118000065,6506,2710,3796
118000066,1451,1887,-436
118000067,1524,910,614
118000068,2324,5254,-2930
118000069,4427,1670,2757
118000070,10251,2362,7889
118000071,5031,8295,-3264
118000072,3158,1205,1953
118000073,3349,564,2785
118000074,600,552,48
118000075,789,439,350
118000076,2001,1615,386
118000077,1608,1621,-13
118000078,2375,2019,356
118000079,404,528,-124
118000080,1239,1331,-92
118000081,2301,1218,1083
118000082,486,1125,-639
118000083,3405,1677,1728
118000084,3540,2067,1473
118000086,282,659,-377
118000087,10526,3541,6985
118000088,2346,2549,-203
118000089,6542,3706,2836
118000090,3358,3608,-250
118000091,3109,2953,156
118000092,1976,604,1372
118000093,161,911,-750
118000096,683,764,-81
118000097,913,960,-47
118000098,298,346,-48
118000099,384,1381,-997
118000101,960,422,538
118000102,305,1949,-1644
118000107,6569,705,5864
118000108,1022,1936,-914
118000110,1,38,-37
118000111,4,1115,-1111
118000112,237,5,232
118000113,27,2046,-2019
118000114,231,7,224
118000115,22,12,10
118000116,67,1,66
118000117,1536,1658,-122
118000118,1009,724,285
118000119,989,1436,-447
118000120,2130,2662,-532
118000121,157,781,-624
118000122,1851,411,1440
118000123,71,422,-351
118000125,2639,1960,679
118000126,1225,1576,-351
118000127,2676,784,1892
118000128,992,1844,-852
118000129,1133,331,802
118000130,4226,6419,-2193
118000131,775,1467,-692
118000132,2321,1715,606
118000133,978,573,405
118000135,823,483,340
118000136,149,819,-670
118000137,1151,97,1054
118000138,342,1566,-1224
118000139,340,198,142
118000140,3024,4373,-1349
118000141,2035,2582,-547
118000142,1473,2937,-1464
118000143,1778,1532,246
118000144,2048,1501,547
118000145,1510,3411,-1901
118000146,1068,1747,-679
118000147,744,2344,-1600
118000148,403,2048,-1645
118000149,730,1972,-1242
118000150,355,429,-74
118000151,367,582,-215
118000153,1023,1891,-868
118000154,925,2487,-1562
118000155,898,1920,-1022
118000156,4053,3586,467
118000157,646,674,-28
118000158,130,634,-504
118000159,16,90,-74
118000160,474,608,-134
118000161,397,1012,-615
118000162,1227,1299,-72
118000163,594,1007,-413
118000164,3394,2037,1357
118000168,2553,501,2052
118000169,1223,2468,-1245
118000170,4990,9927,-4937
118000171,296,950,-654
118000172,110,509,-399
118000173,1028,1882,-854
118000175,251,491,-240
118000176,265,524,-259
118000177,187,673,-486
118000178,203,93,110
118000179,2260,1132,1128
118000180,1068,1170,-102
118000181,1052,408,644
118000182,308,374,-66
118000183,254,365,-111
118000184,625,1637,-1012
118000185,1416,1070,346
118000186,786,975,-189
118000187,1223,1099,124
118000188,595,422,173
118000189,483,1645,-1162
118000190,13,28,-15
118000191,16,105,-89
118000192,76,169,-93
118000193,72,407,-335
118000194,3117,1426,1691
118000195,1297,734,563
118000196,677,132,545
118000197,330,131,199
118000198,746,564,182
118000199,1085,406,679
118000200,104,477,-373
118000201,708,656,52
118000202,52,79,-27
118000203,1592,467,1125
118000204,222,340,-118
118000205,363,428,-65
118000206,271,302,-31
118000207,1,254,-253
118000208,1122,2061,-939
118000209,1978,2938,-960
118000210,45,58,-13
118000211,13,48,-35
118000213,1365,1642,-277
118000214,884,549,335
118000215,236,417,-181
118000216,2485,5291,-2806
118000217,15,166,-151
118000218,62,203,-141
118000219,530,691,-161
118000220,6,40,-34
118000221,104,339,-235
118000222,100,28,72
118000223,27,52,-25
118000224,453,103,350
118000225,112,1818,-1706
118000226,1152,222,930
118000227,1341,454,887
118000228,221,206,15
118000229,301,67,234
118000230,150,465,-315
118000231,91,461,-370
118000232,668,1611,-943
118000233,883,1394,-511
118000234,337,450,-113
118000236,449,804,-355
118000237,72,985,-913
118000238,156,611,-455
118000239,273,543,-270
118000240,1045,151,894
118000241,83,474,-391
118000242,352,1005,-653
118000243,137,343,-206
118000244,62,330,-268
118000246,0,12,-12
118000255,42,329,-287
118000256,116,317,-201
118000259,22,101,-79
118000260,124,203,-79
118000261,49,208,-159
118000263,69,415,-346
118000266,93,813,-720
118000267,1,183,-182
118000268,480,0,480
118000270,53,52,1
118000271,159,441,-282
118000272,82,51,31
118000273,169,158,11
118000274,112,588,-476
118000276,293,638,-345
118000295,5,136,-131
118000298,199,608,-409
118000299,52,271,-219
118000301,1,150,-149
118000302,77,126,-49
118000311,265,181,84
118000312,229,280,-51
118000313,67,378,-311
118000314,60,171,-111
118000315,39,147,-108
118000316,638,911,-273
118000325,65,123,-58
118000326,25,46,-21
118000331,37,117,-80
118000332,12,105,-93
118000333,24,133,-109
118000335,211,0,211
118000336,1,665,-664
118000407,115,88,27
118000457,13,46,-33
118000465,4417,4377,40
118000480,43,294,-251
118000489,49,253,-204
118000490,46,740,-694
118000492,198,396,-198
118000510,113,9,104
118000514,278,710,-432
118000515,814,663,151
118000517,688,305,383
118000524,1836,471,1365
118000525,924,1186,-262
118000530,20,176,-156
118000531,228,379,-151
118000532,193,432,-239
118000533,435,217,218
118000534,626,525,101
118000535,216,186,30
118000536,1386,1630,-244
118000537,32,176,-144
118000538,19,235,-216
118000539,27,118,-91
118000540,409,502,-93
118000541,282,177,105
118000542,160,282,-122
118000543,359,380,-21
118000546,39,50,-11
118000553,0,0,0
118000560,5339,1468,3871
118000562,21,872,-851
118000563,2961,1917,1044
118000576,169,323,-154
118000577,197,143,54
118000578,144,187,-43
118000579,1123,1374,-251
118000583,0,0,0
118000595,159,114,45
118000596,0,120,-120
118000597,75,165,-90
118000598,20,1,19
118000599,20,64,-44
118000600,1,51,-50
118000601,6,0,6
118000602,0,44,-44
118000603,0,72,-72
118900001,2194,1432,762
118900002,1910,942,968
118900003,215,69,146
118900004,22,118,-96
118900005,62,5,57
118900006,112,5,107
118900007,9,7,2
118900008,1560,79,1481
118900009,40,29,11
118900010,55,2,53
118900011,204,51,153
118900012,417,443,-26
118900013,1119,113,1006
118900015,232,86,146
118900016,7,43,-36
118900017,226,290,-64
118900018,2151,29,2122
118900019,65,15,50
118900020,164,164,0
118900021,176,631,-455
118900022,135,147,-12
118900023,129,172,-43
118900024,98,323,-225
118900025,80,40,40
118900026,53,136,-83
118900027,727,412,315
118900028,106,264,-158
118900029,215,904,-689
118900030,188,151,37
118900031,111,197,-86
118900032,195,339,-144
118900033,503,1389,-886
118900034,115,7,108
118900035,145,360,-215
118900036,1008,1198,-190
118900037,430,432,-2
118900038,361,482,-121
118900039,417,379,38
118900040,178,251,-73
118900041,356,308,48
118900042,222,231,-9
118900045,324,206,118
118900046,1042,289,753
118900047,1271,367,904
118900048,346,219,127
118900049,97,68,29
118900050,14,211,-197
118900051,77,90,-13
118900052,326,470,-144
118900053,33,107,-74
118900054,108,160,-52
118900055,24,146,-122
118900056,38,345,-307
118900057,506,460,46
118900058,419,738,-319
118900059,27,130,-103
118900060,58,229,-171
118900062,119,295,-176
118900064,779,679,100
118900065,60,234,-174
118900066,68,235,-167
118900067,8206,3045,5161
118900068,2,407,-405
118900069,358,394,-36
118900071,8,88,-80
118900072,475,647,-172
118900073,46,194,-148
118900074,96,247,-151
118900075,70,119,-49
118900076,308,80,228
118900077,168,289,-121
118900078,36,6,30
118900079,73,306,-233
118900080,15,117,-102
118900081,75,32,43
118900082,698,323,375
118900083,12,23,-11
118900084,28,38,-10
118900085,661,1347,-686
118900086,25,110,-85
118900087,41,295,-254
118900088,0,20,-20
118900089,25,13,12
118900090,418,730,-312
118900091,245,250,-5
118900092,86,128,-42
118900093,168,17,151
118900096,41,20,21
118900097,252,1580,-1328
118900099,47,765,-718
118900100,201,380,-179
118900101,97,1026,-929
118900102,20,91,-71
118900103,72,98,-26
118900104,147,294,-147
118900105,210,195,15
118900107,253,138,115
118900108,96,152,-56
118900110,2704,742,1962
118900111,375,1117,-742
118900112,71,178,-107
118900113,112,1294,-1182
118900114,18,181,-163
118900115,128,766,-638
118900116,128,200,-72
118900117,82,216,-134
118900118,223,732,-509
118900119,103,404,-301
118900120,84,337,-253
118900121,20,564,-544
118900122,15,826,-811
118900123,132,298,-166
118900124,110,240,-130
118900126,36,384,-348
118900129,437,243,194
118900130,51,174,-123
118900131,97,374,-277
118900132,477,252,225
118900133,28,130,-102
118900135,168,342,-174
118900136,186,1276,-1090
118900137,8,32,-24
118900139,160,1118,-958
118900140,436,1149,-713
118900141,88,574,-486
118900144,130,843,-713
118900145,34,354,-320
118900146,284,1380,-1096
118900147,240,95,145
118900148,49,150,-101
118900150,159,560,-401
118900152,424,1445,-1021
118900157,179,274,-95
118900158,54,161,-107
118900159,6,415,-409
118900161,161,11,150
118900163,500,118,382
118900164,9,157,-148
118900165,41,521,-480
118900166,76,7,69
118900167,56,266,-210
118900168,9,115,-106
118900169,91,748,-657
118900170,86,222,-136
118900171,13,44,-31
118900174,42,144,-102
118900175,326,512,-186
118900176,131,276,-145
118900177,45,68,-23
118900178,51,144,-93
118900179,3,47,-44
118900181,78,233,-155
118900182,147,53,94
118900183,9,83,-74
118900184,255,104,151
118900185,68,151,-83
118900186,73,112,-39
118900187,223,567,-344
118900188,236,468,-232
118900189,41,726,-685
118900190,15,1061,-1046
118900191,162,71,91
118900192,177,70,107
118900193,299,12,287
118900195,552,1859,-1307
118900196,33,294,-261
118900197,126,197,-71
118900198,12,72,-60
118900199,39,74,-35
118900200,1,15,-14
118900201,28,15,13
118900202,4,90,-86
118900203,8,56,-48
118900204,22,73,-51
118900205,11,38,-27
118900206,3,52,-49
119000001,1497,2458,-961
119000002,3236,6189,-2953
119000003,1986,2687,-701
119000004,2135,2240,-105
119000005,2338,2948,-610
119000006,2113,2095,18
119000007,3410,4237,-827
119000008,1815,3151,-1336
119000009,4516,3996,520
119000010,11380,5637,5743
119000011,7638,3116,4522
119000012,5909,4122,1787
119000013,2423,1595,828
119000014,3076,4687,-1611
119000019,278,342,-64
119000020,1403,2087,-684
119000021,3606,2953,653
119000022,6402,2487,3915
119000023,291,348,-57
119000024,2944,9654,-6710
119000025,20247,1812,18435
119000026,369,404,-35
119000027,768,603,165
119000028,2985,1975,1010
119000029,156,393,-237
119000030,595,2100,-1505
119000031,824,1007,-183
119000032,3376,4018,-642
119000033,2503,3102,-599
119000034,1021,1649,-628
119000035,60,610,-550
119000036,1265,1950,-685
119000037,1013,3547,-2534
119000038,129,1994,-1865
119000039,220,490,-270
119000040,1857,751,1106
119000041,1581,1621,-40
119000048,4589,6340,-1751
119000049,1447,5956,-4509
119000050,1972,4060,-2088
119000051,2666,1474,1192
119000052,3466,4796,-1330
119000053,2042,1669,373
119000054,3041,6930,-3889
119000055,3263,5677,-2414
119000056,1974,3116,-1142
119000057,1510,4663,-3153
119000058,2291,3526,-1235
119000059,1177,2953,-1776
119000060,1195,1203,-8
119000061,1049,1283,-234
119000062,1263,1801,-538
119000063,463,389,74
119000064,1936,2785,-849
119000065,2322,4552,-2230
119000066,2497,1384,1113
119000067,2396,4513,-2117
119000068,1521,1441,80
119000069,1667,5150,-3483
119000070,1945,1649,296
119000071,720,1817,-1097
119000072,11820,6327,5493
119000073,9065,7830,1235
119000074,1133,6806,-5673
119000075,1248,3351,-2103
119000076,817,1608,-791
119000077,1111,910,201
119000078,523,484,39
119000079,154,1192,-1038
119000080,286,439,-153
119000081,347,816,-469
119000082,955,430,525
119000083,499,579,-80
119000084,346,1113,-767
119000085,1057,514,543
119000086,253,603,-350
119000087,2407,1535,872
119000088,277,335,-58
119000089,65,282,-217
119000090,264,233,31
119000091,151,431,-280
119000092,940,304,636
119000093,6232,6184,48
119000094,2326,8193,-5867
119000095,1539,5501,-3962
119000097,3435,2729,706
119000098,727,2388,-1661
119000099,2988,3143,-155
119000100,3123,2921,202
119000101,4425,3298,1127
119000102,924,1090,-166
119000103,1861,723,1138
119000104,5569,2613,2956
119000105,945,1590,-645
119000106,339,3705,-3366
119000107,587,757,-170
119000108,265,2321,-2056
119000109,186,630,-444
119000110,921,987,-66
119000111,63,886,-823
119000112,282,218,64
119000113,4042,478,3564
119000114,1349,1094,255
119000115,201,183,18
119000116,102,138,-36
119000117,199,481,-282
119000118,6,9,-3
119000123,5222,1216,4006
119000124,516,424,92
119000125,2255,1829,426
119000126,664,1840,-1176
119000127,461,1695,-1234
119000128,49,5,44
119000131,870,1816,-946
119000132,3,10,-7
119000133,3,17,-14
119000134,4592,910,3682
119000135,113,312,-199
119000136,131,502,-371
119000137,155,821,-666
119000138,222,728,-506
119000139,252,499,-247
119000140,217,415,-198
119000284,1733,4492,-2759
119000285,3186,3205,-19
119000286,9303,7269,2034
119000287,1760,3187,-1427
119000288,2254,2499,-245
119000289,3418,6349,-2931
119000290,197,1043,-846
119000291,13,643,-630
119000293,80,297,-217
119000294,26,51,-25
119000295,4127,897,3230
119000296,167,194,-27
119000299,0,0,0
119000302,6452,1885,4567
119000303,56,467,-411
119000314,1868,9322,-7454
119000315,3,1086,-1083
119000316,78,232,-154
119000317,45,900,-855
119900001,306,1159,-853
119900002,122,415,-293
119900003,90,2247,-2157
119900004,388,672,-284
119900005,122,328,-206
119900006,255,536,-281
119900007,853,151,702
119900008,37,42,-5
119900009,518,774,-256
119900010,2300,1824,476
119900011,21,66,-45
119900012,15,82,-67
119900013,2156,1101,1055
119900014,768,379,389
119900015,99,33,66
119900016,60,157,-97
119900017,17,65,-48
119900018,2249,555,1694
119900019,44,10,34
119900020,97,245,-148
119900021,144,119,25
119900022,217,436,-219
119900023,1441,918,523
119900025,93,35,58
119900026,1534,173,1361
119900027,8,33,-25
119900028,175,75,100
119900029,1,10,-9
119900030,598,771,-173
119900031,31,266,-235
119900033,2812,274,2538
119900034,277,283,-6
119900037,76,65,11
119900038,44,279,-235
119900039,49,7,42
119900040,95,12,83
119900041,99,80,19
119900042,81,304,-223
119900043,51,354,-303
119900044,285,564,-279
119900046,51,114,-63
119900047,252,50,202
119900048,17,67,-50
119900049,70,21,49
119900050,96,102,-6
119900051,466,12,454
119900052,32,77,-45
119900053,130,395,-265
119900054,66,6,60
119900055,1043,437,606
119900057,117,136,-19
119900058,166,4,162
119900059,231,75,156
119900060,186,11,175
119900062,49,52,-3
119900063,23,70,-47
119900065,215,5,210
119900066,0,1,-1
119900067,52,49,3
119900068,360,0,360
119900069,70,40,30
119900070,606,13,593
119900071,490,42,448
119900073,3078,753,2325
119900074,63,22,41
119900075,9836,2997,6839
119900076,441,1071,-630
119900077,474,2298,-1824
119900078,423,1482,-1059
119900079,141,580,-439
119900080,1281,2294,-1013
119900081,189,124,65
119900082,944,786,158
119900083,491,119,372
119900084,1123,405,718
119900085,296,150,146
119900087,785,501,284
119900088,79,92,-13
119900089,31,1042,-1011
119900090,316,89,227
119900091,76,2392,-2316
119900092,36,687,-651
119900093,1467,237,1230
119900094,54,353,-299
119900095,223,170,53
119900096,87,147,-60
119900097,779,278,501
119900098,42,150,-108
119900099,42,466,-424
119900100,4536,2993,1543
119900101,283,1824,-1541
119900102,42,651,-609
119900103,32,1114,-1082
119900104,42,515,-473
119900105,1466,3192,-1726
119900106,19,384,-365
119900107,618,7034,-6416
119900108,3870,1137,2733
119900109,27,610,-583
119900110,651,1289,-638
119900111,102,687,-585
119900112,5817,838,4979
119900113,80,767,-687
119900114,243,3033,-2790
119900115,195,2377,-2182
119900116,226,671,-445
119900117,252,1638,-1386
119900118,55,2437,-2382
119900119,238,518,-280
119900120,839,1188,-349
119900121,274,2643,-2369
119900122,426,582,-156
119900123,304,477,-173
119900124,198,1874,-1676
119900125,85,755,-670
119900126,9086,392,8694
119900127,5045,1680,3365
119900128,436,1634,-1198
119900129,199,1830,-1631
119900130,61,529,-468
119900131,37,610,-573
119900132,7,884,-877
119900133,80,62,18
119900134,3891,364,3527
119900135,7,1061,-1054
119900136,217,982,-765
119900138,589,1138,-549
119900139,24,147,-123
119900140,13,248,-235
119900141,216,645,-429
119900142,17,35,-18
119900143,11,395,-384
119900144,3848,442,3406
119900145,116,407,-291
119900146,249,271,-22
119900147,13,203,-190
119900148,148,104,44
119900149,2913,3492,-579
119900150,234,337,-103
119900151,2444,1215,1229
119900152,125,870,-745
119900153,98,93,5
119900154,9,686,-677
119900155,32,54,-22
119900156,17,7,10
119900157,78,452,-374
119900158,97,87,10
119900159,5,3332,-3327
119900160,44,512,-468
119900161,264,668,-404
119900162,755,1123,-368
119900163,190,187,3
119900164,0,5,-5
119900165,114,515,-401
119900166,102,37,65
119900167,206,229,-23
119900168,566,585,-19
119900169,246,476,-230
119900170,226,190,36
119900171,901,833,68
119900172,146,31,115
119900173,7,909,-902
119900174,28,560,-532
119900175,939,955,-16
119900177,41,391,-350
119900178,11,517,-506
119900179,109,303,-194
119900180,977,1017,-40
119900181,57,102,-45
119900182,6,1247,-1241
119900183,123,1434,-1311
119900184,6020,914,5106
119900185,39,142,-103
119900186,135,578,-443
119900187,22,1331,-1309
119900188,49,383,-334
119900189,561,383,178
119900190,54,194,-140
119900191,468,299,169
119900192,41,361,-320
119900193,287,335,-48
119900194,17,71,-54
119900195,17,457,-440
119900196,3211,751,2460
119900197,112,162,-50
119900198,107,682,-575
119900199,209,29,180
119900200,501,745,-244
119900201,636,326,310
119900202,346,149,197
119900203,195,454,-259
119900204,145,525,-380
119900205,334,1166,-832
119900206,74,253,-179
119900208,178,202,-24
119900209,428,1134,-706
119900210,35,63,-28
119900211,124,23,101
119900212,126,443,-317
119900213,7,46,-39
119900214,26,169,-143
119900215,43,133,-90
119900216,24,168,-144
119900217,24,115,-91
119900218,26,130,-104
119900219,7,272,-265
119900220,11,195,-184
119900221,49,737,-688
119900222,9,536,-527
119900223,29,200,-171
119900224,13,60,-47
119900225,1976,52,1924
119900226,1535,2014,-479
119900227,1891,630,1261
119900228,88,559,-471
119900229,387,843,-456
119900230,2182,1074,1108
119900231,177,288,-111
119900232,223,81,142
119900233,108,52,56
119900234,15,102,-87
119900235,19,54,-35
119900236,17,467,-450
119900237,56,1357,-1301
119900238,1,187,-186
119900240,69,232,-163
119900241,237,407,-170
119900242,3689,2424,1265
119900244,1260,1966,-706
119900245,113,235,-122
119900246,274,501,-227
119900247,17,58,-41
119900248,64,140,-76
119900249,203,108,95
119900253,7445,578,6867
119900254,68,381,-313
119900255,90,899,-809
119900256,363,2468,-2105
119900257,36,6,30
119900258,66,19,47
119900259,9,399,-390
119900260,70,7,63
119900261,347,323,24
119900262,1,541,-540
119900263,1223,553,670
119900264,49,564,-515
119900265,417,741,-324
119900266,192,656,-464
119900267,216,657,-441
119900268,145,430,-285
119900269,907,3004,-2097
119900271,26,170,-144
119900272,289,114,175
119900275,107,14,93
119900276,29,2,27
119900277,10,10,0
119900278,541,95,446
119900279,192,271,-79
119900280,1658,323,1335
119900281,0,123,-123
119900282,54,48,6
119900283,10,710,-700
119900284,53,393,-340
119900285,20,74,-54
119900286,13,35,-22
119900288,5,55,-50
119900289,0,69,-69
119900290,0,83,-83
119900291,0,82,-82
119900292,28,18,10
119900293,25,0,25
119900294,23,0,23
119900295,0,0,0
119900296,0,0,0
119900299,63,529,-466
119900300,194,510,-316
119900301,124,93,31
119900302,158,151,7
119900303,207,512,-305
119900304,136,39,97
119900305,32,179,-147
119900306,36,3,33
119900307,39,374,-335
119900308,7,39,-32
119900309,28,66,-38
119900310,272,498,-226
119900311,36,360,-324
119900312,76,194,-118
119900313,187,689,-502
119900314,150,340,-190
119900315,942,4971,-4029
119900318,11,28,-17
119900319,17,545,-528
119900320,144,1377,-1233
119900321,45,4,41
119900322,69,75,-6
119900323,5,203,-198
119900324,0,107,-107
119900325,34,755,-721
119900326,347,71,276
120000001,13747,15332,-1585
120000002,2698,5005,-2307
120000003,4446,3006,1440
120000004,3297,3679,-382
120000005,5987,3022,2965
120000006,1425,1968,-543
120000007,5036,3574,1462
120000008,1282,2134,-852
120000009,7860,1309,6551
120000010,2401,4909,-2508
120000011,1931,3786,-1855
120000012,1851,5373,-3522
120000013,2790,4462,-1672
120000014,729,2857,-2128
120000015,3343,2531,812
120000016,3864,4212,-348
120000017,3371,3545,-174
120000018,8637,12994,-4357
120000019,963,1897,-934
120000020,4517,4054,463
120000021,2572,2973,-401
120000022,3769,4840,-1071
120000023,875,2589,-1714
120000024,1861,3550,-1689
120000025,2516,3504,-988
120000026,1111,2800,-1689
120000027,1475,2550,-1075
120000028,1196,814,382
120000029,7060,1040,6020
120000030,273,1375,-1102
120000031,2290,15212,-12922
120000032,16658,5440,11218
120000033,4223,3127,1096
120000034,1891,4089,-2198
120000035,2232,4739,-2507
120000036,3563,7020,-3457
120000037,703,1855,-1152
120000038,18302,5388,12914
120000039,621,1577,-956
120000040,88,286,-198
120000041,821,3149,-2328
120000042,1848,7428,-5580
120000043,5270,5379,-109
120000044,4282,1927,2355
120000045,4133,1386,2747
120000046,2270,2740,-470
120000047,3593,4744,-1151
120000048,14029,5749,8280
120000049,4010,4799,-789
120000050,4338,8254,-3916
120000051,5554,7345,-1791
120000052,25452,4245,21207
120000053,1172,7528,-6356
120000054,1760,12056,-10296
120000055,1733,9654,-7921
120000056,3811,8801,-4990
120000057,1921,1245,676
120000058,627,351,276
120000059,65,1443,-1378
120000061,177,1321,-1144
120000062,236,500,-264
120000063,2402,5450,-3048
120000064,275,3133,-2858
120000065,747,3535,-2788
120000066,197,810,-613
120000067,44,1065,-1021
120000068,233,2280,-2047
120000069,887,3009,-2122
120000070,52,1829,-1777
120000071,218,371,-153
120000072,368,804,-436
120000073,518,161,357
120000074,48,97,-49
120000075,516,400,116
120000076,1208,616,592
120000077,1299,764,535
120000078,3522,1150,2372
120000079,173,166,7
120000080,113,222,-109
120000081,211,146,65
120000082,149,154,-5
120000083,75,431,-356
120000084,544,1080,-536
120000085,307,796,-489
120000086,354,1193,-839
120000087,211,2352,-2141
120000088,917,2455,-1538
120000089,1265,1273,-8
120000090,615,946,-331
120000091,868,1632,-764
120000092,1410,935,475
120000093,399,841,-442
120000094,208,783,-575
120000095,1012,1275,-263
120000096,262,1931,-1669
120000098,987,1905,-918
120000099,417,1291,-874
120000100,863,1416,-553
120000101,443,818,-375
120000102,459,856,-397
120000103,1019,728,291
120000104,1612,452,1160
120000105,2125,559,1566
120000106,1700,529,1171
120000107,2547,735,1812
120000108,719,176,543
120000109,838,83,755
120000110,144,1924,-1780
120000111,183,2565,-2382
120000112,1004,8157,-7153
120000113,693,5942,-5249
120000114,993,5975,-4982
120000115,541,4712,-4171
120000116,820,4007,-3187
120000117,2320,2936,-616
120000118,55,65,-10
120000119,103,118,-15
120000120,116,89,27
120000121,40,85,-45
120000122,416,397,19
120000123,11443,4898,6545
120000124,427,969,-542
120000125,506,1118,-612
120000126,370,1221,-851
120000127,2874,1361,1513
120000128,4948,4175,773
120000129,362,614,-252
120000130,1030,1513,-483
120000131,300,759,-459
120000134,503,2734,-2231
120000135,317,533,-216
120000137,246,4439,-4193
120000138,510,886,-376
120000139,225,2144,-1919
120000140,520,1171,-651
120000141,249,1048,-799
120000142,270,1068,-798
120000143,2,180,-178
120000144,71,5,66
120000145,308,8,300
120000146,3999,1358,2641
120000149,646,1633,-987
120000150,8228,11459,-3231
120000151,416,904,-488
120000152,385,614,-229
120000153,177,1918,-1741
120000154,561,687,-126
120000155,129,412,-283
120000156,3187,902,2285
120000157,1112,1142,-30
120000158,932,1965,-1033
120000159,2319,3727,-1408
120000160,2483,2013,470
120000161,1560,4158,-2598
120000162,163,395,-232
120000163,534,3078,-2544
120000164,412,839,-427
120000165,387,1795,-1408
120000166,995,1224,-229
120000167,75,159,-84
120000168,24,579,-555
120000169,132,832,-700
120000170,202,410,-208
120000171,58,122,-64
120000172,40,75,-35
120000173,4537,323,4214
120000174,950,16,934
120000175,948,20,928
120000176,612,88,524
120000177,2921,438,2483
120000178,284,14,270
120000179,791,64,727
120000180,1187,170,1017
120000181,283,691,-408
120000182,138,275,-137
120000183,14,359,-345
120000184,212,1640,-1428
120000186,63,95,-32
120000187,118,74,44
120000188,509,129,380
120000190,2064,23,2041
120000191,3378,61,3317
120000192,3535,25,3510
120000193,1177,10,1167
120000195,286,5,281
120000196,502,137,365
120000197,156,375,-219
120000198,137,269,-132
120000199,78,0,78
120000200,88,0,88
120000201,26,25,1
120000202,4,117,-113
120000203,49,661,-612
120000207,7,176,-169
120000208,8,656,-648
120000209,10,121,-111
120000210,304,173,131
120000211,51,3,48
120000212,97,2,95
120000213,67,710,-643
120000214,6,828,-822
120000215,4,335,-331
120000216,47,8,39
120000217,1369,2404,-1035
120000218,341,2015,-1674
120000219,21,1290,-1269
120000220,26,4741,-4715
120000225,776,3,773
120000226,161,1,160
120000227,629,31,598
120000228,11714,3754,7960
120000230,353,11,342
120000231,962,4551,-3589
120000233,188,69,119
120000235,146,1388,-1242
120000236,661,3,658
120000237,9,4020,-4011
120000238,7,276,-269
120000241,1786,5928,-4142
120000412,3314,24,3290
120000413,205,857,-652
120000414,83,3,80
120000415,2,372,-370
120000416,41,16,25
120000417,1,221,-220
120000418,96,47,49
120000419,24,1126,-1102
120000420,112,101,11
120000421,24666,8852,15814
120000422,392,830,-438
120000423,3,66,-63
120000424,107,359,-252
120000436,143,440,-297
120000437,261,317,-56
120000438,8616,646,7970
120000439,205,456,-251
120000443,169,1,168
120000444,921,1289,-368
120000445,2155,2063,92
120000446,1873,496,1377
120000447,141,9,132
120000449,73,44,29
120000450,8,717,-709
120000451,139,485,-346
120000452,128,2,126
120000453,0,705,-705
120000454,165,65,100
120000455,122,118,4
120000456,5171,4545,626
120000457,2330,1700,630
120000458,811,1299,-488
120000459,65,149,-84
120000665,2007,233,1774
120000668,135,422,-287
120000669,60,708,-648
120000670,292,698,-406
120000671,1150,395,755
120000672,117,763,-646
120900001,62,53,9
120900002,596,558,38
120900003,182,42,140
120900004,17,96,-79
120900005,24,2925,-2901
120900006,218,259,-41
120900007,102,335,-233
120900008,215,2042,-1827
120900009,614,88,526
120900010,266,94,172
120900011,668,198,470
120900012,2440,1169,1271
120900013,296,78,218
120900014,8,1732,-1724
120900015,475,132,343
120900016,592,84,508
120900017,5298,149,5149
120900018,92,1011,-919
120900019,676,218,458
120900020,1306,1047,259
120900021,588,142,446
120900022,28,885,-857
120900023,134,79,55
120900024,1941,642,1299
120900025,2876,1495,1381
120900026,149,441,-292
120900027,1042,112,930
120900028,255,55,200
120900029,174,332,-158
120900030,1000,674,326
120900031,202,104,98
120900032,590,298,292
120900033,864,95,769
120900034,75,3014,-2939
120900035,95,273,-178
120900037,232,15,217
120900038,90,147,-57
120900039,96,31,65
120900040,186,6,180
120900041,197,50,147
120900042,260,136,124
120900043,38,28,10
120900044,14,776,-762
120900045,198,321,-123
120900046,320,4,316
120900047,154,69,85
120900048,75,29,46
120900049,298,2,296
120900050,7493,1669,5824
120900051,292,197,95
120900052,482,5,477
120900053,153,182,-29
120900054,1828,1729,99
120900055,284,4,280
120900056,449,12,437
120900057,113,22,91
120900058,405,0,405
120900059,71,4,67
120900060,75,66,9
120900061,272,949,-677
120900062,158,2,156
120900063,370,5,365
120900064,339,1,338
120900065,302,2,300
120900066,153,424,-271
120900067,233,46,187
120900068,216,0,216
120900069,121,110,11
120900071,9,9,0
120900072,495,11,484
120900073,307,506,-199
120900074,557,5,552
120900076,207,0,207
120900077,7615,467,7148
120900078,545,1347,-802
120900079,474,183,291
120900080,406,4030,-3624
120900081,731,2269,-1538
120900082,1043,452,591
120900083,53,1,52
120900084,227,384,-157
120900085,201,210,-9
120900086,391,353,38
120900087,384,157,227
120900088,312,366,-54
120900089,8066,2146,5920
120900090,139,383,-244
120900091,578,461,117
120900092,1661,1378,283
120900093,6947,391,6556
120900094,597,465,132
120900095,490,41,449
120900096,55,303,-248
120900097,798,1798,-1000
120900098,292,285,7
120900099,78,124,-46
120900100,96,744,-648
120900101,764,575,189
120900102,24,205,-181
120900103,65,214,-149
120900104,32,88,-56
120900105,58,1360,-1302
120900106,1871,975,896
120900107,458,211,247
120900108,11,1633,-1622
120900109,20,1263,-1243
120900110,13,1657,-1644
120900111,152,791,-639
120900112,19,2560,-2541
120900113,20,1673,-1653
120900114,51,313,-262
120900115,210,261,-51
120900116,243,1445,-1202
120900117,5,1035,-1030
120900118,13,1586,-1573
120900119,5293,7544,-2251
120900120,54,1360,-1306
120900121,113,873,-760
120900122,310,1504,-1194
120900123,5,1095,-1090
120900124,1,1340,-1339
120900125,5,2435,-2430
120900126,2000,1483,517
120900127,7,1126,-1119
120900128,1271,1789,-518
120900129,60,675,-615
120900130,10,825,-815
120900131,29,150,-121
120900132,625,820,-195
120900133,328,2409,-2081
120900134,681,739,-58
120900135,12,1281,-1269
120900136,21,57,-36
120900137,171,248,-77
120900138,16,410,-394
120900139,4,1706,-1702
120900140,3,138,-135
120900141,135,244,-109
120900142,19,2066,-2047
120900143,5,1930,-1925
120900144,1,415,-414
120900145,89,1649,-1560
120900146,6,2183,-2177
120900147,1,556,-555
120900148,121,255,-134
120900149,3,858,-855
120900150,37,1213,-1176
120900151,3,1397,-1394
120900152,0,75,-75
120900153,33,133,-100
120900154,2,804,-802
120900155,171,2137,-1966
120900156,35,682,-647
120900157,25,457,-432
120900158,36,964,-928
120900159,117,784,-667
120900160,53,723,-670
120900161,47,1080,-1033
120900162,22,1062,-1040
120900163,27,392,-365
120900164,0,0,0
120900165,18,7,11
120900166,78,439,-361
120900167,547,173,374
120900169,66,1129,-1063
120900170,5662,2403,3259
120900171,1980,647,1333
120900172,2470,416,2054
120900173,0,113,-113
120900174,3,223,-220
120900175,354,515,-161
120900176,6,373,-367
120900177,1,773,-772
120900178,3,391,-388
120900179,1205,753,452
120900180,177,129,48
120900181,42,82,-40
120900182,16,1228,-1212
120900183,625,302,323
120900184,184,179,5
120900185,8,741,-733
120900186,2,1076,-1074
120900187,439,1445,-1006
120900188,114,30,84
120900189,315,699,-384
120900190,27,42,-15
120900191,2,40,-38
120900192,22947,4167,18780
120900194,33,158,-125
120900195,174,457,-283
120900196,949,92,857
120900197,501,119,382
120900198,394,1128,-734
120900199,294,311,-17
120900200,136,284,-148
120900201,936,256,680
120900202,3,423,-420
120900203,16,83,-67
120900204,261,682,-421
120900205,76,219,-143
120900206,7,24,-17
120900207,83,2661,-2578
121000001,1172,1716,-544
121000002,3536,2353,1183
121000003,6228,2743,3485
121000004,3975,7279,-3304
121000005,2798,3893,-1095
121000006,4655,2234,2421
121000007,4049,4360,-311
121000008,8971,4504,4467
121000009,8564,9818,-1254
121000010,13185,8597,4588
121000011,13360,22872,-9512
121000012,21315,16694,4621
121000013,7938,13786,-5848
121000014,9587,10499,-912
121000015,8098,10516,-2418
121000016,6702,5967,735
121000017,2901,5367,-2466
121000018,2813,2812,1
121000019,28298,13147,15151
121000020,18222,14594,3628
121000021,3952,5203,-1251
121000022,2218,2573,-355
121000023,5629,5040,589
121000024,4246,5173,-927
121000025,856,1776,-920
121000026,344,180,164
121000027,2206,1514,692
121000028,1107,728,379
121000029,1126,1218,-92
121000030,789,764,25
121000031,886,1037,-151
121000032,224,93,131
121000034,438,266,172
121000035,253,97,156
121000036,1405,1138,267
121000037,745,965,-220
121000038,891,1025,-134
121000039,569,527,42
121000041,587,800,-213
121000042,287,513,-226
121000043,1023,1043,-20
121000044,2278,962,1316
121000045,524,621,-97
121000046,643,1497,-854
121000047,61,120,-59
121000049,2732,962,1770
121000050,358,1340,-982
121000051,961,546,415
121000052,310,936,-626
121000053,627,121,506
121000054,41,305,-264
121000055,2002,2161,-159
121000056,1102,1361,-259
121000057,227,489,-262
121000058,398,153,245
121000059,2619,1540,1079
121000060,516,1168,-652
121000061,266,244,22
121000062,180,394,-214
121000063,831,829,2
121000064,642,970,-328
121000065,638,634,4
121000066,765,796,-31
121000067,1194,545,649
121000068,732,549,183
121000069,871,1052,-181
121000070,2084,2016,68
121000071,1421,1426,-5
121000072,1816,1341,475
121000073,1323,1179,144
121000074,124,206,-82
121000075,87,439,-352
121000076,1734,716,1018
121000077,156,235,-79
121000078,109,124,-15
121000080,3763,1015,2748
121000081,6369,3612,2757
121000082,150,325,-175
121000083,314,207,107
121000084,166,129,37
121000085,393,593,-200
121000086,251,1114,-863
121000087,101,421,-320
121000088,413,1260,-847
121000089,653,504,149
121000090,502,599,-97
121000091,2214,1408,806
121000092,198,211,-13
121000093,139,376,-237
121000094,631,846,-215
121000095,422,737,-315
121000096,3005,5041,-2036
121000097,1829,3215,-1386
121000098,534,2174,-1640
121000099,570,1499,-929
121000100,969,1044,-75
121000101,247,488,-241
121000102,169,648,-479
121000103,137,564,-427
121000104,256,254,2
121000105,380,363,17
121000106,280,693,-413
121000107,3095,5631,-2536
121000109,1980,1592,388
121000110,608,927,-319
121000114,3608,3031,577
121000115,1380,1275,105
121000116,621,1649,-1028
121000117,1171,384,787
121000118,1674,447,1227
121000119,383,553,-170
121000120,291,674,-383
121000121,580,1601,-1021
121000123,2352,1018,1334
121000126,157,588,-431
121000127,218,208,10
121000128,838,749,89
121000129,734,715,19
121000130,515,1861,-1346
121000131,3034,2155,879
121000132,2110,2383,-273
121000135,697,914,-217
121000136,1614,832,782
121000137,565,346,219
121000138,1058,785,273
121000139,758,203,555
121000141,329,221,108
121000142,1049,905,144
121000143,217,42,175
121000144,1593,1696,-103
121000145,646,2058,-1412
121000146,1270,1381,-111
121000147,998,852,146
121000148,1206,1542,-336
121000149,2526,1799,727
121000152,589,988,-399
121000153,2425,950,1475
121000154,1165,1022,143
121000155,2112,1564,548
121000156,527,1708,-1181
121000157,2191,3617,-1426
121000158,396,1217,-821
121000159,170,1018,-848
121000160,378,1262,-884
121000161,144,539,-395
121000162,64,475,-411
121000165,2486,2266,220
121000166,54,1004,-950
121000168,362,456,-94
121000169,85,271,-186
121000170,282,170,112
121000171,130,262,-132
121000172,648,751,-103
121000173,1678,1172,506
121000174,235,507,-272
121000175,791,869,-78
121000176,385,314,71
121000177,1297,1021,276
121000178,142,85,57
121000179,226,92,134
121000181,526,601,-75
121000182,140,174,-34
121000183,59,107,-48
121000184,59,95,-36
121000185,34,202,-168
121000186,155,638,-483
121000187,180,410,-230
121000188,164,448,-284
121000192,764,605,159
121000193,665,615,50
121000194,3751,2936,815
121000195,521,1546,-1025
121000196,1346,371,975
121000197,429,1405,-976
121000198,432,117,315
121000199,175,809,-634
121000200,482,157,325
121000201,4,367,-363
121000202,1461,187,1274
121000203,852,3927,-3075
121000204,2413,1042,1371
121000205,267,675,-408
121000206,349,81,268
121000207,1849,737,1112
121000208,15,803,-788
121000209,227,783,-556
121000210,395,1185,-790
121000211,256,252,4
121000212,317,1711,-1394
121000213,15856,4186,11670
121000214,1211,2861,-1650
121000215,1829,1762,67
121000216,559,744,-185
121000217,5670,4084,1586
121000218,684,2631,-1947
121000219,2104,663,1441
121000220,356,110,246
121000221,202,404,-202
121000222,3659,3522,137
121000223,662,384,278
121000224,356,178,178
121000225,2687,1400,1287
121000226,6323,981,5342
121000227,7,470,-463
121000228,34,1293,-1259
121000229,247,822,-575
121000230,102,3067,-2965
121000231,791,55,736
121000232,575,339,236
121000233,550,438,112
121000234,15,69,-54
121000235,66,41,25
121000236,4,83,-79
121000237,15,19,-4
121000238,1,130,-129
121000239,30,6,24
121000240,3,364,-361
121000241,70,11,59
121000242,36,193,-157
121000243,250,67,183
121000244,1,73,-72
121000245,8,25,-17
121000246,5,105,-100
121000247,39,2,37
121000248,687,858,-171
121000249,146,344,-198
121000250,574,93,481
121000251,20,1015,-995
121000252,92,34,58
121000253,383,925,-542
121000254,851,443,408
121000255,239,358,-119
121000256,403,221,182
121000257,64,112,-48
121000258,147,84,63
121000259,76,50,26
121000260,112,260,-148
121000261,97,60,37
121000262,1402,1402,0
121000263,478,633,-155
121000271,394,2859,-2465
121000273,191,14,177
121000274,15,54,-39
121000275,8,49,-41
121000276,2,11,-9
121000278,68,107,-39
121000279,67,24,43
121000280,64,53,11
121000289,305,26,279
121000290,1921,1068,853
121000294,100,366,-266
121000297,1410,1393,17
121000299,301,334,-33
121000300,1169,862,307
121000302,203,1579,-1376
121000303,752,651,101
121000304,503,88,415
121000305,192,57,135
121000306,130,211,-81
121000308,173,558,-385
121000309,548,863,-315
121000310,123,581,-458
121000311,98,1266,-1168
121000312,468,393,75
121000313,713,733,-20
121000314,123,177,-54
121000315,52,153,-101
121000530,1166,2292,-1126
121000531,1432,2238,-806
121000532,7668,7074,594
121000533,3137,4265,-1128
121000918,53,237,-184
121000919,34,87,-53
121000938,384,289,95
121000939,453,285,168
121000956,802,3021,-2219
121000957,9,12,-3
121000958,303,131,172
121000959,745,1646,-901
121000960,1766,3701,-1935
121000961,185,105,80
121000962,528,1307,-779
121000963,0,0,0
121000973,0,601,-601
121000976,18,225,-207
121000979,476,131,345
121000981,295,159,136
121000982,222,487,-265
121000983,620,744,-124
121000984,61,78,-17
121000985,561,1640,-1079
121000986,250,889,-639
121000987,382,2643,-2261
121000988,685,171,514
121001302,417,198,219
121001308,13,17,-4
121001309,172,99,73
121001313,170,407,-237
121001314,4768,5413,-645
121001315,6002,2841,3161
121900001,121,235,-114
121900002,55,28,27
121900003,381,34,347
121900004,174,673,-499
121900005,36,29,7
121900006,93,22,71
121900007,3870,2886,984
121900008,1626,870,756
121900009,895,19,876
121900010,271,4,267
121900011,316,712,-396
121900012,12,0,12
121900013,1494,76,1418
121900014,1791,457,1334
121900015,206,323,-117
121900016,14,42,-28
121900017,483,973,-490
121900018,299,10,289
121900019,355,405,-50
121900020,35,2,33
121900021,929,22,907
121900022,265,274,-9
121900023,149,756,-607
121900024,606,92,514
121900025,633,600,33
121900026,470,71,399
121900027,343,197,146
121900028,351,26,325
121900029,181,422,-241
121900030,686,751,-65
121900031,2213,8047,-5834
121900032,118,154,-36
121900033,222,253,-31
121900034,481,140,341
121900035,4213,2370,1843
121900036,97,612,-515
121900037,212,1018,-806
121900038,30,237,-207
121900039,416,61,355
121900040,43,104,-61
121900041,84,278,-194
121900042,350,217,133
121900043,3,8,-5
121900044,382,73,309
121900046,389,371,18
121900047,210,114,96
121900048,50,259,-209
121900050,32,63,-31
121900051,156,309,-153
121900052,139,63,76
121900053,433,341,92
121900054,690,1241,-551
121900055,2,23,-21
121900058,236,520,-284
121900059,320,171,149
121900060,152,493,-341
121900061,227,219,8
121900062,128,157,-29
121900063,1062,452,610
121900064,260,1078,-818
121900066,62,42,20
121900067,30,63,-33
121900069,214,223,-9
121900070,414,239,175
121900071,205,345,-140
121900072,17,246,-229
121900073,287,277,10
121900074,1108,927,181
121900075,1006,437,569
121900076,443,1080,-637
121900077,14,89,-75
121900078,59,81,-22
121900079,0,0,0
121900080,869,619,250
121900082,36,184,-148
121900084,8,320,-312
121900085,2,21,-19
121900086,14,72,-58
121900087,141,113,28
121900088,2807,4180,-1373
121900089,175,690,-515
121900090,28,180,-152
121900091,41,190,-149
121900092,108,164,-56
121900093,49,90,-41
121900094,25,12,13
121900095,199,123,76
121900096,1896,869,1027
121900097,385,229,156
121900098,3,4,-1
121900099,254,125,129
121900100,302,399,-97
121900101,203,152,51
121900102,13,148,-135
121900103,763,281,482
121900104,1206,435,771
121900105,221,178,43
121900106,4,6,-2
121900107,35,43,-8
121900108,0,21,-21
121900109,460,180,280
121900110,339,1961,-1622
121900111,1108,145,963
121900112,131,166,-35
121900113,138,397,-259
121900114,52,130,-78
121900117,315,43,272
121900118,3536,609,2927
121900119,196,215,-19
121900120,54,2009,-1955
121900121,912,116,796
121900122,22,56,-34
121900123,278,695,-417
121900124,96,253,-157
121900125,1805,1681,124
121900127,30,142,-112
121900128,65,214,-149
121900129,1028,223,805
121900130,161,387,-226
121900131,237,134,103
121900132,69,152,-83
121900133,108,602,-494
121900134,19,197,-178
121900135,3520,431,3089
121900136,489,687,-198
121900137,62,425,-363
121900138,132,418,-286
121900139,498,839,-341
121900140,85,280,-195
121900141,66,34,32
121900142,88,216,-128
121900143,10,228,-218
121900144,193,435,-242
121900145,319,324,-5
121900146,688,1063,-375
121900147,66,238,-172
121900148,214,376,-162
121900149,520,1114,-594
121900150,85,200,-115
121900151,73,294,-221
121900152,73,171,-98
121900153,149,763,-614
121900154,11,254,-243
121900155,7,221,-214
121900156,145,139,6
121900157,4,725,-721
121900158,98,77,21
121900159,4,344,-340
121900160,55,279,-224
121900161,466,584,-118
121900162,127,183,-56
121900163,152,1092,-940
121900164,458,347,111
121900165,199,302,-103
121900166,215,305,-90
121900167,156,148,8
121900168,297,212,85
121900169,4,512,-508
121900170,9,266,-257
121900171,606,979,-373
121900172,405,479,-74
121900173,1285,303,982
121900174,37,85,-48
121900175,223,194,29
121900176,655,2975,-2320
121900177,207,106,101
121900178,28,138,-110
121900179,361,207,154
121900180,7879,4021,3858
121900182,1303,487,816
121900183,578,785,-207
121900184,41,808,-767
121900186,31,700,-669
121900187,29,206,-177
121900188,833,573,260
121900189,55,199,-144
121900190,308,676,-368
121900191,75,294,-219
121900192,470,1076,-606
121900193,49,336,-287
121900194,10,313,-303
121900195,175,153,22
121900196,1196,1304,-108
121900197,447,3271,-2824
121900198,1637,1960,-323
121900199,2,39,-37
121900200,118,297,-179
121900201,1802,763,1039
121900202,168,501,-333
121900203,355,1534,-1179
121900204,1776,1323,453
121900205,14,132,-118
121900206,19,22,-3
121900207,231,46,185
121900208,298,489,-191
121900209,47,32,15
121900210,2089,1972,117
121900211,25,134,-109
121900212,179,171,8
121900213,150,160,-10
121900214,18,686,-668
121900215,52,127,-75
121900216,55,145,-90
121900217,260,163,97
121900218,422,864,-442
121900220,234,16,218
121900221,414,869,-455
121900222,218,240,-22
121900223,255,109,146
121900224,132,92,40
121900225,160,97,63
121900226,429,976,-547
121900227,163,595,-432
121900228,224,442,-218
121900230,174,465,-291
121900231,444,2907,-2463
121900232,390,628,-238
121900233,421,422,-1
121900234,312,649,-337
121900235,461,449,12
121900236,370,230,140
121900237,194,289,-95
121900238,172,284,-112
121900239,131,74,57
121900240,222,196,26
121900241,28,100,-72
121900242,5,1,4
121900243,6,0,6
121900244,13,5,8
121900245,225,195,30
121900246,2654,615,2039
121900247,337,401,-64
121900248,2169,1372,797
121900250,395,425,-30
121900251,455,46,409
121900252,733,182,551
121900253,165,1236,-1071
121900254,621,498,123
121900255,213,150,63
121900258,4271,2301,1970
121900259,447,721,-274
121900260,86,336,-250
121900261,192,647,-455
121900262,596,1361,-765
121900263,174,387,-213
121900264,2976,1982,994
121900265,253,483,-230
121900266,263,264,-1
121900267,69,38,31
121900269,210,480,-270
121900270,31,253,-222
121900271,39,245,-206
121900273,640,2119,-1479
121900274,208,341,-133
121900277,416,2063,-1647
121900278,188,1294,-1106
121900279,171,453,-282
121900280,307,654,-347
121900281,686,624,62
121900284,132,17,115
121900286,110,305,-195
121900287,22,28,-6
121900288,2,3,-1
121900290,298,524,-226
121900291,546,1007,-461
121900292,464,161,303
121900293,1243,5440,-4197
121900294,302,6,296
121900295,60,336,-276
121900296,150,368,-218
121900298,599,642,-43
121900299,0,0,0
121900300,12,0,12
121900301,28,0,28
121900302,1,29,-28
121900303,603,824,-221
121900304,1,12,-11
121900305,2,4,-2
121900306,77,2,75
121900307,50,35,15
121900308,32,503,-471
121900309,16,391,-375
121900310,38,694,-656
121900311,278,14,264
121900312,191,13,178
121900313,332,22,310
121900314,3,87,-84
121900315,17,1,16
121900316,0,19,-19
121900317,9,1,8
121900318,0,26,-26
121900319,24,144,-120
121900320,101,166,-65
121900321,3,2,1
121900322,1,70,-69
121900323,54,30,24
121900324,5,80,-75
121900325,8,2,6
121900326,0,40,-40
121900327,11,92,-81
121900328,3,67,-64
121900329,1,403,-402
121900330,1,22,-21
121900331,127,89,38
121900332,63,27,36
121900333,26,0,26
122000001,2933,5600,-2667
122000002,6624,2653,3971
122000003,2780,2727,53
122000004,4407,2402,2005
122000005,4302,1778,2524
122000006,3593,867,2726
122000007,2090,2426,-336
122000008,8225,7902,323
122000009,729,528,201
122000010,3045,4468,-1423
122000011,4463,2149,2314
122000012,1906,1673,233
122000013,4260,1741,2519
122000014,2380,3526,-1146
122000015,2342,1477,865
122000016,816,1481,-665
122000017,1477,1402,75
122000018,2091,1508,583
122000019,1230,2334,-1104
122000020,280,309,-29
122000021,548,872,-324
122000022,2232,2373,-141
122000023,732,4682,-3950
122000024,1460,1458,2
122000025,2770,1973,797
122000026,2409,1219,1190
122000027,770,7583,-6813
122000028,1211,719,492
122000029,685,495,190
122000030,444,207,237
122000031,254,393,-139
122000032,2596,5641,-3045
122000033,1582,1398,184
122000034,1048,888,160
122000035,429,1235,-806
122000036,623,773,-150
122000037,546,353,193
122000038,376,538,-162
122000039,731,736,-5
122000040,482,604,-122
122000041,864,716,148
122000042,692,645,47
122000043,186,183,3
122000044,195,281,-86
122000045,1962,757,1205
122000046,1333,1452,-119
122000047,441,305,136
122000048,4088,7512,-3424
122000049,7249,3247,4002
122000050,2974,1070,1904
122000051,645,491,154
122000052,796,358,438
122000053,204,609,-405
122000054,2893,2806,87
122000055,3646,3438,208
122000056,7311,5649,1662
122000057,5374,4271,1103
122000058,6081,1506,4575
122000059,5272,2100,3172
122000060,1190,773,417
122000061,771,504,267
122000062,1563,442,1121
122000063,2635,795,1840
122000064,5775,3718,2057
122000065,8321,4078,4243
122000066,1768,1456,312
122000067,2909,1776,1133
122000068,1700,2280,-580
122000069,754,1034,-280
122000070,931,6581,-5650
122000071,1575,2948,-1373
122000072,679,599,80
122000073,818,751,67
122000074,2596,2029,567
122000075,823,2282,-1459
122000076,2721,1611,1110
122000077,2252,852,1400
122000078,4000,3020,980
122000079,3423,1310,2113
122000080,2258,525,1733
122000081,442,647,-205
122000082,1441,992,449
122000083,1766,6197,-4431
122000084,1468,1298,170
122000085,373,3056,-2683
122000086,3249,7666,-4417
122000087,659,233,426
122000088,379,492,-113
122000089,9713,4820,4893
122000090,374,573,-199
122000091,430,107,323
122000092,304,19,285
122000093,3228,1104,2124
122000094,11852,2524,9328
122000095,5047,4159,888
122000096,4092,2786,1306
122000098,5306,1951,3355
122000099,5376,893,4483
122000100,1792,996,796
122000101,314,1588,-1274
122000102,2584,1598,986
122000103,1753,1868,-115
122000104,451,290,161
122000105,426,373,53
122000106,550,728,-178
122000107,1345,853,492
122000108,404,1163,-759
122000109,532,557,-25
122000110,535,711,-176
122000111,3539,1331,2208
122000112,1128,1719,-591
122000113,820,978,-158
122000114,7205,2247,4958
122000115,2157,3209,-1052
122000116,597,707,-110
122000117,1609,491,1118
122000118,489,840,-351
122000119,4410,2480,1930
122000120,3572,4571,-999
122000121,4446,3462,984
122000122,1197,2123,-926
122000123,3423,2536,887
122000124,1927,858,1069
122000125,748,958,-210
122000126,1002,1684,-682
122000127,2509,1618,891
122000128,1006,1299,-293
122000129,447,1185,-738
122000130,3594,1013,2581
122000131,2276,1306,970
122000132,1021,638,383
122000133,1560,3242,-1682
122000134,714,783,-69
122000135,886,1159,-273
122000136,699,564,135
122000137,1566,994,572
122000139,2889,4127,-1238
122000140,2556,717,1839
122000141,7607,1715,5892
122000142,827,1215,-388
122000143,818,446,372
122000144,2025,1476,549
122000145,2461,949,1512
122000146,1057,1572,-515
122000147,1404,523,881
122000148,3891,1786,2105
122000149,2404,1839,565
122000150,1281,1344,-63
122000151,291,394,-103
122000152,606,409,197
122000153,548,421,127
122000154,446,324,122
122000155,1657,2791,-1134
122000156,2249,2449,-200
122000157,2684,1811,873
122000158,564,851,-287
122000159,1523,2339,-816
122000160,6742,2051,4691
122000161,1344,1010,334
122000162,3124,2279,845
122000163,388,112,276
122000164,34,158,-124
122000165,977,1071,-94
122000166,1593,1773,-180
122000167,236,304,-68
122000168,229,744,-515
122000169,828,246,582
122000170,364,429,-65
122000171,52,118,-66
122000172,2174,2345,-171
122000173,1979,3458,-1479
122000174,3111,1218,1893
122000175,1733,412,1321
122000176,403,1134,-731
122000177,2565,2119,446
122000178,3922,4385,-463
122000179,2832,4596,-1764
122000180,2494,1752,742
122000181,2067,5294,-3227
122000182,2701,2263,438
122000183,2456,1903,553
122000184,3333,2763,570
122000185,1554,1795,-241
122000186,956,1399,-443
122000187,2763,1715,1048
122000188,535,265,270
122000189,347,588,-241
122000190,1347,1525,-178
122000191,1634,907,727
122000192,1023,513,510
122000193,468,992,-524
122000194,944,255,689
122000195,233,822,-589
122000196,1100,797,303
122000197,615,1066,-451
122000198,717,1494,-777
122000199,513,514,-1
122000200,2144,928,1216
122000201,1562,1959,-397
122000202,1224,1494,-270
122000203,3642,2222,1420
122000204,1871,2855,-984
122000205,1925,1868,57
122000206,2994,1323,1671
122000207,1634,1888,-254
122000208,3104,2315,789
122000209,3819,502,3317
122000210,2363,2874,-511
122000211,2084,1707,377
122000212,1027,627,400
122000213,1309,1782,-473
122000214,2467,2294,173
122000215,2885,1865,1020
122000217,2727,1910,817
122000218,1028,87,941
122000219,2174,1279,895
122000220,411,957,-546
122000221,200,656,-456
122000222,613,140,473
122000223,1543,639,904
122000225,1139,361,778
122000226,1872,2719,-847
122000227,478,3359,-2881
122000228,516,601,-85
122000229,30,651,-621
122000230,74,1069,-995
122000231,348,1312,-964
122000232,811,1931,-1120
122000233,0,187,-187
122000234,198,326,-128
122000235,595,262,333
122000236,719,259,460
122000237,128,91,37
122000238,207,311,-104
122000239,568,137,431
122000240,1240,641,599
122000241,1169,799,370
122000242,687,168,519
122000243,183,84,99
122000244,42,883,-841
122000245,77,393,-316
122000246,177,257,-80
122000247,740,1271,-531
122000248,2294,3010,-716
122000249,708,875,-167
122000250,2008,1107,901
122000251,278,594,-316
122000252,757,141,616
122000253,52,417,-365
122000254,247,120,127
122000255,923,2482,-1559
122000256,462,2044,-1582
122000257,157,618,-461
122000258,144,306,-162
122000259,19,1140,-1121
122000260,18,213,-195
122000261,14,423,-409
122000262,0,110,-110
122000263,169,212,-43
122000264,1102,653,449
122000265,3115,1198,1917
122000266,6475,825,5650
122000267,124,212,-88
122000268,186,639,-453
122000269,1366,411,955
122000270,1406,184,1222
122000271,434,2043,-1609
122000272,440,2106,-1666
122000273,388,790,-402
122000274,170,289,-119
122000275,58,296,-238
122000276,650,1012,-362
122000277,1128,1910,-782
122000278,1070,1425,-355
122000279,211,818,-607
122000280,1155,1115,40
122000281,778,1210,-432
122000282,207,195,12
122000283,413,89,324
122000284,166,149,17
122000285,484,141,343
122000286,112,241,-129
122000287,1043,2066,-1023
122000288,378,362,16
122000291,1225,661,564
122000293,669,386,283
122000294,132,232,-100
122000295,1702,348,1354
122000296,86,806,-720
122000297,5362,3061,2301
122000299,443,857,-414
122000300,637,837,-200
122000301,24680,3816,20864
122000302,1518,1363,155
122000303,6642,1756,4886
122000304,73,299,-226
122000305,954,561,393
122000306,31,1279,-1248
122000307,180,221,-41
122000309,118,84,34
122000310,52,52,0
122000311,196,137,59
122000312,136,79,57
122000313,80,61,19
122000314,145,338,-193
122000315,312,24,288
122000316,575,371,204
122000317,991,266,725
122000318,313,743,-430
122000319,336,1083,-747
122000320,380,4141,-3761
122000321,162,519,-357
122000322,3465,5435,-1970
122000323,2244,3452,-1208
122000324,2260,2281,-21
122000325,1351,2035,-684
122000326,30,234,-204
122000327,595,765,-170
122000328,1778,1292,486
122000330,3402,1064,2338
122000332,249,486,-237
122000333,8,277,-269
122000337,997,2646,-1649
122000338,557,836,-279
122000340,656,502,154
122000342,5156,1563,3593
122000343,677,3036,-2359
122000344,52,41,11
122000345,23,101,-78
122000346,372,957,-585
122000348,571,1353,-782
122000349,182,1240,-1058
122000351,197,508,-311
122000352,322,147,175
122000353,126,218,-92
122000355,183,241,-58
122000356,3711,1137,2574
122000357,51,24,27
122000358,0,110,-110
122000359,0,85,-85
122000360,4,92,-88
122000362,21,190,-169
122000364,136,661,-525
122000365,2,51,-49
122000366,15,12,3
122000368,632,1249,-617
122000370,30,157,-127
122000371,16,0,16
122000372,7,0,7
122000381,85,647,-562
122000382,67,338,-271
122000384,6961,3071,3890
122000385,53,1,52
122000386,1105,1339,-234
122000387,867,944,-77
122000388,2771,553,2218
122000389,325,1210,-885
122000390,623,353,270
122000391,545,206,339
122000392,210,358,-148
122000393,28,301,-273
122000394,463,551,-88
122000395,142,309,-167
122000396,261,193,68
122000397,57,179,-122
122000398,11,77,-66
122000399,90,105,-15
122000400,201,424,-223
122000401,121,137,-16
122000402,300,190,110
122000403,759,1968,-1209
122000404,173,490,-317
122000408,1154,1875,-721
122000503,13,145,-132
122000524,246,166,80
122000544,79,4146,-4067
122000616,555,2,553
122000640,42,226,-184
122000641,58,718,-660
122000642,1084,2038,-954
122000643,27,177,-150
122000644,299,22,277
122000645,104,346,-242
122000651,3519,1024,2495
122000664,163,70,93
122000665,1252,708,544
122000666,771,1602,-831
122000673,31,623,-592
122000674,95,44,51
122000675,1753,1962,-209
122000686,388,2399,-2011
122000687,1419,518,901
122000688,163,1409,-1246
122000689,722,891,-169
122000690,1050,1085,-35
122000691,393,4500,-4107
122000692,1544,580,964
122000693,724,3754,-3030
122000695,233,935,-702
122000696,328,618,-290
122000698,243,1857,-1614
122000699,208,200,8
122000701,1340,540,800
122000702,673,3430,-2757
122000703,204,113,91
122000717,252,100,152
122000718,425,809,-384
122000719,65,110,-45
122000720,262,467,-205
122000724,138,24,114
122900001,48,5,43
122900002,1792,4375,-2583
122900003,348,76,272
122900004,1379,33,1346
122900005,61,67,-6
122900006,899,568,331
122900007,179,59,120
122900008,871,141,730
122900009,1194,647,547
122900010,292,282,10
122900012,243,520,-277
122900014,157,494,-337
122900015,3627,750,2877
122900016,114,553,-439
122900017,530,1390,-860
122900018,264,15,249
122900019,11,165,-154
122900020,514,637,-123
122900021,55,987,-932
122900022,604,1259,-655
122900023,433,519,-86
122900024,178,144,34
122900025,15,299,-284
122900026,262,444,-182
122900027,145,1041,-896
122900028,145,315,-170
122900029,7585,3340,4245
122900030,2564,598,1966
122900031,190,195,-5
122900032,152,409,-257
122900033,162,239,-77
122900034,5818,6670,-852
122900035,94,23,71
122900036,66,291,-225
122900037,469,172,297
122900038,205,3011,-2806
122900039,114,635,-521
122900040,318,729,-411
122900041,241,290,-49
122900042,220,393,-173
122900043,546,363,183
122900044,139,449,-310
122900045,85,194,-109
122900046,177,187,-10
122900047,542,193,349
122900048,64,304,-240
122900049,2789,206,2583
122900051,116,203,-87
122900052,84,221,-137
122900053,32,25,7
122900055,312,182,130
122900057,330,33,297
122900061,484,240,244
122900062,440,657,-217
122900063,152,582,-430
122900064,1260,929,331
122900065,586,172,414
122900066,528,338,190
122900067,2851,1203,1648
122900068,174,710,-536
122900069,343,1707,-1364
122900070,291,47,244
122900071,149,680,-531
122900072,12,1111,-1099
122900073,50,425,-375
122900074,430,1292,-862
122900075,1,94,-93
122900076,9,306,-297
122900077,4,292,-288
122900078,122,264,-142
122900080,105,20,85
122900081,176,295,-119
122900082,773,391,382
122900083,219,173,46
122900084,7,395,-388
122900086,16,84,-68
122900087,181,798,-617
122900088,47,141,-94
122900089,59,242,-183
122900090,24,1222,-1198
122900091,150,0,150
122900092,4,473,-469
122900093,5,707,-702
122900094,3,482,-479
122900095,227,6,221
122900096,199,615,-416
122900097,43,20,23
122900098,122,221,-99
122900099,8,8,0
122900100,637,645,-8
122900101,1311,379,932
122900102,26,19,7
122900103,53,10,43
122900104,59,9,50
122900105,9,12,-3
122900106,3,161,-158
122900107,5,367,-362
122900108,7,384,-377
123000001,3179,523,2656
123000002,8781,4019,4762
123000003,4580,3673,907
123000004,4036,6947,-2911
123000005,3200,3277,-77
123000006,3920,4980,-1060
123000007,3787,3205,582
123000008,3437,5830,-2393
123000009,5367,3801,1566
123000010,4720,5831,-1111
123000011,4713,994,3719
123000012,1504,3549,-2045
123000013,3824,1079,2745
123000014,1707,5826,-4119
123000015,6284,1305,4979
123000016,12160,4823,7337
123000017,4548,1786,2762
123000018,64,167,-103
123000019,165,408,-243
123000020,102,155,-53
123000021,75,260,-185
123000022,725,1692,-967
123000023,1365,1760,-395
123000024,1300,691,609
123000025,31,111,-80
123000026,1,54,-53
123000027,347,766,-419
123000028,1243,278,965
123000029,1286,882,404
123000030,265,974,-709
123000031,128,788,-660
123000032,240,595,-355
123000033,225,70,155
123000034,1012,893,119
123000035,320,374,-54
123000036,289,903,-614
123000037,303,386,-83
123000038,96,278,-182
123000039,533,1194,-661
123000040,1698,421,1277
123000041,1805,895,910
123000042,1364,627,737
123000043,5758,6917,-1159
123000044,8748,2821,5927
123000045,17259,3310,13949
123000046,1218,1170,48
123000047,2678,2120,558
123000048,95,501,-406
123000049,11576,6916,4660
123000050,1123,1812,-689
123000051,85,224,-139
123000052,757,4008,-3251
123000053,2609,4687,-2078
123000054,1298,1804,-506
123000055,1314,1932,-618
123000056,1707,2720,-1013
123000057,27365,8241,19124
123000058,1025,982,43
123000059,599,735,-136
123000060,898,463,435
123000061,287,1172,-885
123000063,789,980,-191
123000064,1020,318,702
123000065,12136,5306,6830
123000066,1321,1489,-168
123000067,708,882,-174
123000068,4085,5994,-1909
123000069,10400,5733,4667
123000070,358,1398,-1040
123000071,932,1662,-730
123000072,1106,2666,-1560
123000073,1046,1241,-195
123000074,994,3776,-2782
123000075,354,1319,-965
123000076,762,1889,-1127
123000077,2803,5924,-3121
123000078,1400,2378,-978
123000079,1232,2888,-1656
123000080,2505,4268,-1763
123000081,249,1107,-858
123000082,543,2260,-1717
123000083,1020,251,769
123000084,607,1406,-799
123000085,161,213,-52
123000086,384,803,-419
123000087,262,853,-591
123000088,1194,1972,-778
123000089,581,1910,-1329
123000090,1376,1794,-418
123000091,2139,1928,211
123000092,1499,1620,-121
123000094,541,442,99
123000095,507,837,-330
123000096,529,594,-65
123000097,358,1927,-1569
123000098,684,932,-248
123000099,622,1549,-927
123000100,584,801,-217
123000101,889,677,212
123000102,710,767,-57
123000104,375,443,-68
123000105,686,773,-87
123000106,541,451,90
123000107,396,821,-425
123000108,927,2453,-1526
123000111,655,327,328
123000112,748,1026,-278
123000113,647,3354,-2707
123000114,518,586,-68
123000115,273,394,-121
123000116,25,332,-307
123000117,1722,3704,-1982
123000118,475,1680,-1205
123000119,253,1856,-1603
123000120,458,1640,-1182
123000121,490,856,-366
123000122,526,380,146
123000123,515,786,-271
123000124,530,770,-240
123000125,1382,1256,126
123000126,1665,3614,-1949
123000127,1192,1163,29
123000128,420,726,-306
123000129,494,328,166
123000130,504,81,423
123000131,759,851,-92
123000132,532,1006,-474
123000133,420,635,-215
123000134,577,292,285
123000135,1693,2226,-533
123000136,256,2254,-1998
123000137,163,727,-564
123000138,93,701,-608
123000139,441,212,229
123000140,193,1112,-919
123000141,1039,214,825
123000142,1311,1613,-302
123000143,1513,3659,-2146
123000144,55,52,3
123000145,367,262,105
123000146,114,201,-87
123000147,153,251,-98
123000149,351,516,-165
123000150,245,312,-67
123000151,290,503,-213
123000152,104,788,-684
123000153,194,612,-418
123000154,2971,2065,906
123000155,5032,1818,3214
123000156,38,136,-98
123000157,825,1144,-319
123000158,1115,832,283
123000159,4995,2797,2198
123000160,814,646,168
123000161,1508,1209,299
123000162,683,2022,-1339
123000163,377,70,307
123000164,1277,302,975
123000165,425,3247,-2822
123000166,41,253,-212
123000167,141,500,-359
123000168,165,476,-311
123000169,695,146,549
123000170,71,721,-650
123000171,394,152,242
123000172,213,1079,-866
123000173,518,253,265
123000174,1120,399,721
123000175,1249,1907,-658
123000176,875,200,675
123000177,527,1592,-1065
123000178,687,171,516
123000179,61,1354,-1293
123000180,1369,477,892
123000181,429,2276,-1847
123000182,187,863,-676
123000183,116,426,-310
123000184,119,1277,-1158
123000185,528,762,-234
123000186,5,920,-915
123000187,457,5,452
123000188,115,1,114
123000189,204,241,-37
123000190,47,106,-59
123000192,27,512,-485
123000193,58,867,-809
123000194,718,435,283
123000195,228,26,202
123000196,293,13,280
123000197,60,111,-51
123000198,27,293,-266
123000199,12,860,-848
123000200,417,13,404
123000201,768,19,749
123000202,45,1848,-1803
123000203,875,82,793
123000204,81,1571,-1490
123000205,614,3083,-2469
123000206,1752,243,1509
123000207,135,1550,-1415
123000208,496,136,360
123000209,1644,454,1190
123000210,528,2601,-2073
123000211,723,4707,-3984
123000212,2348,474,1874
123000213,460,58,402
123000215,197,204,-7
123000216,403,1008,-605
123000217,186,53,133
123000218,150,567,-417
123000219,1696,89,1607
123000220,508,98,410
123000221,159,324,-165
123000222,419,1167,-748
123000223,197,1106,-909
123000224,459,1032,-573
123000225,230,187,43
123000226,65,627,-562
123000227,93,565,-472
123000228,175,91,84
123000229,1612,3486,-1874
123000232,120,873,-753
123000233,638,224,414
123000234,214,1033,-819
123000235,567,511,56
123000236,247,1332,-1085
123000237,319,117,202
123000238,65,1152,-1087
123000239,545,3552,-3007
123000240,63,491,-428
123000241,1439,188,1251
123000242,151,380,-229
123000243,679,1365,-686
123000244,956,841,115
123000245,140,281,-141
123000249,660,1168,-508
123000252,774,222,552
123000253,853,516,337
123000254,586,1696,-1110
123000255,1049,1044,5
123000256,52,421,-369
123000257,6044,3719,2325
123000258,1178,1886,-708
123000259,258,608,-350
123000260,430,1074,-644
123000261,161,534,-373
123000262,114,382,-268
123000263,388,164,224
123000264,152,55,97
123000265,89,240,-151
123000266,546,1076,-530
123000267,467,497,-30
123000268,41,120,-79
123000269,68,46,22
123000270,55,42,13
123000271,69,143,-74
123000272,1104,270,834
123000273,256,594,-338
123000274,1187,608,579
123000275,318,1581,-1263
123000278,5027,3487,1540
123000279,129,190,-61
123000280,354,507,-153
123000281,257,123,134
123000282,132,328,-196
123000283,110,67,43
123000284,84,192,-108
123000286,274,333,-59
123000287,607,338,269
123000288,1047,704,343
123000289,658,937,-279
123000291,426,1153,-727
123000294,228,251,-23
123000295,865,958,-93
123000296,313,476,-163
123000297,400,1613,-1213
123000298,433,1277,-844
123000299,52,467,-415
123000300,987,1156,-169
123000301,79,305,-226
123000302,97,403,-306
123000303,118,137,-19
123000305,1231,1286,-55
123000306,96,421,-325
123000309,54,88,-34
123000310,111,35,76
123000311,0,232,-232
123000312,1467,1505,-38
123000313,302,502,-200
123000315,80,682,-602
123000316,3624,68,3556
123000317,319,63,256
123000318,49,518,-469
123000329,12,23,-11
123000337,286,356,-70
123000338,742,71,671
123000339,164,504,-340
123000340,189,695,-506
123000342,32,27,5
123000343,94,3,91
123000344,1586,727,859
123000345,411,1122,-711
123000346,289,131,158
123000352,3615,1101,2514
123000353,18,188,-170
123000354,340,34,306
123000355,0,898,-898
123000356,232,8,224
123000357,2,519,-517
123000359,6,390,-384
123000360,336,47,289
123000361,1230,404,826
123000362,329,256,73
123000363,129,395,-266
123000364,686,361,325
123000365,27,408,-381
123000366,426,1998,-1572
123000367,322,1878,-1556
123000370,47,608,-561
123000371,324,32,292
123000372,200,18,182
123000373,22,721,-699
123000374,17,381,-364
123000375,319,38,281
123000376,818,789,29
123000377,313,31,282
123000378,24,795,-771
123000379,4,366,-362
123000380,70,338,-268
123000381,229,58,171
123000382,1851,89,1762
123000383,552,976,-424
123000384,518,165,353
123000385,334,1054,-720
123000436,202,1392,-1190
123000507,149,632,-483
123000508,133,633,-500
123000517,261,33,228
123000518,29,507,-478
123000519,133,77,56
123000520,84,435,-351
123000521,361,118,243
123000522,202,1042,-840
123000541,4,0,4
123000542,0,72,-72
123000565,467,39,428
123000566,108,1255,-1147
123000567,151,404,-253
123000573,52,1455,-1403
123000574,471,135,336
123000575,1153,2000,-847
123000576,756,4896,-4140
123000577,138,1149,-1011
123000578,978,110,868
123000579,6913,4856,2057
123000580,80,39,41
123000582,346,60,286
123000583,13,972,-959
123000584,113,315,-202
123000585,1,243,-242
123000586,114,0,114
123000596,110,210,-100
123000597,50,101,-51
123000602,21,5,16
123000603,385,1217,-832
123000604,503,2114,-1611
123000605,1225,228,997
123000606,1,249,-248
123000609,17,412,-395
123000610,244,139,105
123000613,23,283,-260
123000614,125,102,23
123000615,42,220,-178
123000616,345,102,243
123000617,124,1024,-900
123000618,127,1239,-1112
123000619,735,51,684
123000620,30,1059,-1029
123000622,284,16,268
123000624,81,139,-58
123000630,571,570,1
123000631,397,4043,-3646
123000632,1469,2247,-778
123000633,0,400,-400
123000634,140,81,59
123000635,456,114,342
123000636,30,1329,-1299
123000637,143,508,-365
123000638,527,273,254
123000639,1534,3217,-1683
123000640,51,1771,-1720
123000648,191,114,77
123000649,24,930,-906
123900001,1933,64,1869
123900002,22,1255,-1233
123900003,456,1222,-766
123900005,292,113,179
123900006,245,41,204
124000001,1908,177,1731
124000002,180,3733,-3553
124000003,580,203,377
124000004,100,1411,-1311
124000005,838,281,557
124000006,433,2096,-1663
124000007,1308,195,1113
124000008,26,766,-740
124000009,441,647,-206
124000010,172,665,-493
124000011,1016,633,383
124000012,413,1260,-847
124000017,155,125,30
124000018,96,126,-30
124000019,134,138,-4
124000020,90,253,-163
124000021,118,71,47
124000022,94,301,-207
124000023,1512,1526,-14
124000024,1387,1081,306
124000025,1502,1815,-313
124000026,1901,1612,289
124000027,6051,5421,630
124000028,4179,5963,-1784
124000030,4840,1650,3190
124000031,928,1772,-844
124000032,8978,1316,7662
124000033,429,418,11
124000034,6741,1049,5692
124000035,202,156,46
124000036,150,649,-499
124000037,470,855,-385
124000038,56,160,-104
124000039,1212,384,828
124000040,823,962,-139
124000041,291,87,204
124000042,95,614,-519
124000043,75,115,-40
124000044,72,424,-352
124000045,596,941,-345
124000046,347,1313,-966
124000047,1227,1556,-329
124000048,889,3612,-2723
124000049,1223,969,254
124000050,780,4390,-3610
124000051,567,639,-72
124000052,692,2308,-1616
124000053,592,1242,-650
124000054,1096,1100,-4
124000055,1404,1903,-499
124000056,6967,2022,4945
124000057,772,576,196
124000058,429,2284,-1855
124000059,643,958,-315
124000060,1565,1461,104
124000061,1619,4415,-2796
124000062,9499,2488,7011
124000063,1600,2416,-816
124000064,3357,2322,1035
124000065,459,282,177
124000066,530,69,461
124000067,75,469,-394
124000068,50,158,-108
124000069,580,514,66
124000070,182,859,-677
124000071,124,101,23
124000072,238,800,-562
124000073,991,165,826
124000074,262,1471,-1209
124000075,239,52,187
124000076,7,319,-312
124000077,2808,1253,1555
124000078,2703,875,1828
124000079,703,1625,-922
124000080,375,180,195
124000081,215,1219,-1004
124000082,13,113,-100
124000083,52,288,-236
124000084,57,366,-309
124000085,53,132,-79
124000086,42,172,-130
124000087,85,139,-54
124000088,147,2344,-2197
124000089,705,676,29
124000090,114,568,-454
124000091,793,218,575
124000092,221,1185,-964
124000093,96,106,-10
124000094,157,673,-516
124000095,101,107,-6
124000096,138,637,-499
124000097,61,106,-45
124000098,83,242,-159
124000099,191,224,-33
124000100,45,187,-142
124000101,59,132,-73
124000102,135,173,-38
124000103,80,109,-29
124000104,97,170,-73
124000105,42,85,-43
124000106,186,226,-40
124000107,24,134,-110
124000108,90,74,16
124000109,107,109,-2
124000110,314,219,95
124000111,238,168,70
124000112,667,1241,-574
124000113,62,76,-14
124000114,251,977,-726
124000115,443,1476,-1033
124000116,78,97,-19
124000117,125,120,5
124000118,56,60,-4
124000119,1283,1372,-89
124000120,672,912,-240
124000121,2695,774,1921
124000122,953,1642,-689
124000123,1123,485,638
124000124,622,1287,-665
124000125,468,542,-74
124000126,385,750,-365
124000127,928,578,350
124000128,819,1424,-605
124000129,2261,1829,432
124000130,884,871,13
124000131,900,603,297
124000132,966,1077,-111
124000133,955,1042,-87
124000134,971,1044,-73
124000135,2472,2682,-210
124000136,1367,1534,-167
124000137,1314,1873,-559
124000138,1708,1827,-119
124000139,605,33,572
124000140,36,645,-609
124000141,88,5,83
124000142,4,228,-224
124000143,26,9,17
124000144,5,75,-70
124000145,102,66,36
124000146,36,153,-117
124000148,20,72,-52
124000149,903,430,473
124000150,386,830,-444
124000151,719,466,253
124000152,926,1922,-996
124000153,566,918,-352
124000154,383,1437,-1054
124000155,1413,880,533
124000156,2192,1543,649
124000169,223,506,-283
124000170,1162,597,565
124000171,223,405,-182
124000172,448,981,-533
124000173,316,517,-201
124000174,290,1370,-1080
124000175,11,158,-147
124000176,47,16,31
124000177,17,39,-22
124000178,20,35,-15
124000190,266,74,192
124000191,1309,134,1175
124000192,2619,443,2176
124000193,680,1758,-1078
124000194,474,721,-247
124000195,340,790,-450
124000196,998,1597,-599
124000197,61,99,-38
124000198,27,32,-5
124000201,473,2040,-1567
124000202,596,360,236
124000203,193,1845,-1652
124000204,418,1431,-1013
124000205,51,1208,-1157
124000206,369,915,-546
124000207,0,86,-86
124000209,514,1219,-705
124000210,224,373,-149
124000211,261,2,259
124000212,3,1078,-1075
124000213,199,639,-440
124000214,237,1904,-1667
124000215,166,11,155
124000216,3,929,-926
124000329,181,4915,-4734
124000338,121,3088,-2967
124000339,539,172,367
124000341,720,144,576
124000344,80,65,15
124000357,1138,2373,-1235
124000358,816,1556,-740
124000359,895,741,154
124000360,535,506,29
124000361,1881,863,1018
124000362,2322,3624,-1302
124000363,274,632,-358
124000364,606,1453,-847
124000365,635,1616,-981
124000366,2681,1137,1544
124000367,171,1269,-1098
124000368,305,258,47
124000369,173,111,62
124000370,142,1385,-1243
124000402,37,13,24
124000403,100,12,88
124000404,9,174,-165
124000405,1207,1091,116
124000406,1226,1043,183
124000407,11,52,-41
124000411,17,734,-717
124000412,216,15,201
124000413,424,102,322
124000414,47,111,-64
124000415,55,347,-292
124000416,153,537,-384
124000417,143,175,-32
124000418,106,136,-30
124000419,90,309,-219
124000420,45,63,-18
124000421,55,461,-406
124000422,24,19,5
124000423,99,57,42
124000424,0,151,-151
124000425,45,28,17
124000426,12,92,-80
124000427,28,6,22
124000428,45,60,-15
124000429,32,68,-36
124000430,779,1291,-512
124000431,316,1317,-1001
124000432,182,1403,-1221
124000439,7,22,-15
124000443,0,8,-8
124000445,344,866,-522
124000446,3729,161,3568
124900001,430,330,100
124900002,145,778,-633
124900003,754,694,60
124900004,512,497,15
124900005,315,426,-111
124900006,477,615,-138
124900008,1617,771,846
124900009,143,280,-137
124900010,96,92,4
124900011,437,196,241
124900012,469,94,375
124900013,488,162,326
124900014,257,139,118
124900015,164,338,-174
124900016,98,150,-52
124900017,900,675,225
124900018,19,7,12
124900020,69,70,-1
124900021,167,46,121
124900022,21,1,20
124900024,191,47,144
124900026,53,10,43
124900027,77,330,-253
124900028,1355,245,1110
124900029,16,481,-465
124900030,3,293,-290
124900031,50,666,-616
124900032,344,255,89
124900033,140,706,-566
124900034,11,173,-162
124900035,284,792,-508
124900036,0,70,-70
124900037,242,700,-458
124900038,449,708,-259
124900039,1,49,-48
124900040,97,158,-61
124900041,311,2237,-1926
124900042,45,0,45
124900043,472,2096,-1624
124900044,80,3,77
124900045,997,1385,-388
124900046,2938,376,2562
124900047,126,413,-287
124900048,233,319,-86
124900050,218,576,-358
124900052,144,608,-464
124900053,56,586,-530
124900054,7385,437,6948
124900055,2,235,-233
124900057,10,169,-159
124900060,135,473,-338
124900061,29,10,19
124900062,110,20,90
124900066,1,9,-8
124900067,12,450,-438
124900068,262,476,-214
124900070,61,27,34
124900072,75,21,54
124900075,134,303,-169
124900076,43,695,-652
124900077,40,129,-89
124900078,91,26,65
124900079,1357,136,1221
124900080,363,1293,-930
124900081,823,362,461
124900082,475,1842,-1367
124900083,262,1016,-754
124900084,3371,128,3243
124900085,1645,337,1308
124900086,136,1133,-997
124900087,841,136,705
124900088,764,184,580
124900089,2224,44,2180
124900090,278,282,-4
124900091,325,1069,-744
124900092,314,754,-440
124900093,245,249,-4
124900094,317,355,-38
124900095,82,479,-397
124900096,603,305,298
124900097,284,80,204
124900098,152,602,-450
124900099,974,687,287
124900100,238,88,150
124900101,16,366,-350
124900102,195,61,134
124900103,106,522,-416
124900104,56,314,-258
124900105,95,274,-179
124900106,437,67,370
124900107,79,26,53
124900108,328,51,277
124900111,0,64,-64
124900112,91,1550,-1459
124900113,144,248,-104
124900114,248,119,129
124900115,43,23,20
124900116,196,157,39
124900117,1186,206,980
124900118,195,137,58
124900119,385,143,242
124900120,74,725,-651
124900121,137,257,-120
124900122,986,417,569
124900123,432,83,349
124900124,169,258,-89
204000001,44,35,9
204000002,25,15,10
204000003,19,5,14
204000004,10,1,9
204000005,535,605,-70
204000006,1125,2076,-951
204000011,21,120,-99
204000012,49,136,-87
204000019,568,691,-123
204000020,760,1205,-445
204000021,3319,1203,2116
204000022,539,618,-79
204000023,525,1417,-892
204000031,111,30,81
204000032,575,42,533
204000034,22,383,-361
204000035,1,7,-6
204000036,6,25,-19
204000037,0,17,-17
204000038,1,36,-35
204000039,3,72,-69
204000040,6,49,-43
204000041,17,94,-77
204000042,45,16,29
204000043,27,3,24
204000044,16,2,14
204000045,74,6,68
204000046,15,4,11
204000057,7,42,-35
204000062,14,208,-194
204000068,20,234,-214
204000069,22,295,-273
204000070,95,108,-13
204000080,38,67,-29
204000085,1543,2298,-755
204000086,3771,2963,808
204000087,24,8,16
204000088,5,163,-158
204000090,13,524,-511
204000093,187,103,84
204000096,674,1149,-475
204000097,337,75,262
204000099,905,1648,-743
204000100,1054,1635,-581
204000105,2069,2629,-560
204000110,1332,1714,-382
204000111,397,1108,-711
204000112,959,1333,-374
204000113,457,1515,-1058
204000114,810,942,-132
204000115,508,589,-81
204000116,1614,927,687
204000119,1835,2798,-963
204000132,492,313,179
204000133,607,345,262
204000134,436,185,251
204000135,439,200,239
204000136,231,384,-153
204000138,246,561,-315
204000140,136,124,12
204000141,160,86,74
204000144,7,21,-14
204000145,606,69,537
204000146,45,620,-575
204000147,32,183,-151
204000148,315,71,244
204000154,1,2,-1
204000155,6,10,-4
204000177,71,89,-18
204000179,6,13,-7
204000180,0,26,-26
204000222,4,33,-29
204000235,15,23,-8
204000236,136,558,-422
204000238,15,94,-79
204000240,307,120,187
204000263,615,1775,-1160
204000268,1327,902,425
204000308,383,51,332
204000317,21,99,-78
204000322,6,68,-62
204000323,43,39,4
204000328,252,174,78
204000329,59,256,-197
204000330,212,84,128
204000331,14,207,-193
204010341,34,728,-694
205000001,1265,2013,-748
205000013,15,101,-86
205000014,21,146,-125
205000015,27,198,-171
205000016,28,173,-145
205000017,26,79,-53
205000022,282,832,-550
205000025,1933,1339,594
205000029,241,4,237
205000045,107,366,-259
205000046,119,771,-652
205000047,105,747,-642
205000048,279,1443,-1164
205000049,203,967,-764
205000050,1768,365,1403
205000059,1,394,-393
205000060,0,109,-109
205000061,4,46,-42
205000062,6,56,-50
205000063,18,117,-99
205000064,35,160,-125
205000065,80,867,-787
205000066,134,1268,-1134
205000067,46,1501,-1455
205000069,145,20,125
205000082,132,493,-361
205000110,76,218,-142
205000111,176,274,-98
205000112,176,272,-96
205000113,132,326,-194
205000121,206,137,69
205000123,47,221,-174
205000126,541,220,321
205000127,621,349,272
205000128,659,173,486
205000129,928,194,734
205000130,1048,57,991
205000131,745,8,737
205000132,741,0,741
205000133,386,0,386
205000134,205,0,205
205000137,115,154,-39
205000138,199,367,-168
205000139,21,113,-92
205000144,73,101,-28
205000145,340,325,15
205000151,256,91,165
205000152,241,76,165
205000153,159,106,53
205000154,69,131,-62
205000155,111,24,87
205000207,14,259,-245
205000233,15,0,15
205000234,0,0,0
205000243,0,0,0
205000244,0,5,-5
205000245,16,543,-527
205000249,1,40,-39
205000250,1,1,0
205000264,8,93,-85
206000027,13,5,8
206000028,2,4,-2
206000043,12,196,-184
206000053,0,29,-29
206000054,6,46,-40
206000055,0,44,-44
206000075,12,15,-3
206000076,26,11,15
206000077,18,6,12
206000078,10,8,2
206000079,14,4,10
206000082,531,20,511
206000100,120,1267,-1147
206000103,5,31,-26
206000104,8,24,-16
206000105,12,38,-26
206000106,23,42,-19
206000108,641,43,598
206000125,24,0,24
206000157,106,1262,-1156
206000170,1,346,-345
206000171,5,271,-266
206000172,7,1376,-1369
206000173,2,434,-432
206000174,6,164,-158
206000175,4,273,-269
206000176,22,499,-477
206000177,4,312,-308
206000178,6,274,-268
206000179,3,149,-146
206000180,18,374,-356
206000181,11,630,-619
206000182,13,620,-607
206000183,26,1785,-1759
206000184,3,688,-685
206000185,14,589,-575
206000186,112,2828,-2716
206000223,11,392,-381
206000226,13,8,5
206000227,26,0,26
206000237,27,710,-683
206000238,43,1105,-1062
206000239,990,4062,-3072
206000240,0,95,-95
206000241,0,175,-175
206000242,11,658,-647
206000243,5,611,-606
206000244,89,1547,-1458
206000245,409,57,352
206000246,53,8,45
206000247,106,19,87
206000248,186,25,161
206000252,65,30,35
206000258,17,58,-41
206000315,33,4,29
206000317,253,90,163
206000318,212,50,162
206000319,531,110,421
206000320,48,42,6
206000321,48,11,37
206000322,218,15,203
206000323,71,7,64
206000324,58,1,57
206000325,161,9,152
206000326,138,8,130
206000327,253,14,239
206000328,71,2,69
206000329,120,9,111
206000330,36,3,33
206000331,38,4,34
206000332,15,11,4
206000333,281,3,278
206000334,144,1,143
206000335,0,24,-24
206000361,7,408,-401
206000392,8,69,-61
206000405,122,0,122
206000441,19,22,-3
206000498,25,74,-49
206000515,118,30,88
206000530,118,79,39
206000531,131,93,38
206000532,3657,116,3541
206000535,441,4199,-3758
206000536,18,476,-458
206000537,12,345,-333
206000613,1323,161,1162
207000001,183,672,-489
207000002,110,490,-380
207000003,187,354,-167
207000007,507,317,190
207000008,54,4,50
207000009,40,26,14
207000010,432,906,-474
207000012,231,308,-77
207000015,439,2705,-2266
207000019,231,104,127
207000021,576,157,419
207000022,217,110,107
207000023,161,54,107
207000024,3,27,-24
207000025,21,86,-65
207000026,109,39,70
207000027,19,122,-103
207000028,103,316,-213
207000029,394,623,-229
207000033,305,379,-74
207000034,274,90,184
207000039,336,122,214
207000040,245,143,102
207000041,81,66,15
207000042,242,112,130
207000043,302,238,64
207000051,137,489,-352
207000052,27,283,-256
207000053,532,1141,-609
207000054,54,226,-172
207000055,177,322,-145
207000056,359,648,-289
207000057,178,459,-281
207000058,122,724,-602
207000059,98,1462,-1364
207000060,71,490,-419
207000061,173,254,-81
207000062,202,52,150
207000063,192,153,39
207000064,438,199,239
207000065,326,309,17
207000066,130,175,-45
207000067,57,134,-77
207000068,126,78,48
207000069,692,479,213
207000082,35,581,-546
207000083,76,669,-593
207000084,163,296,-133
207000085,136,7,129
207000086,97,7,90
207000106,19,38,-19
207000107,65,24,41
207000108,31,14,17
207000109,48,21,27
207000110,59,83,-24
207000111,50,63,-13
207000112,264,517,-253
207000114,19,41,-22
207000115,21,107,-86
207000116,21,414,-393
207000117,21,159,-138
207000118,1,165,-164
207000119,31,146,-115
207000123,201,32,169
207000124,77,34,43
207000125,61,65,-4
207000126,85,71,14
207000134,22,318,-296
207000135,19,459,-440
207000148,49,348,-299
207000149,56,99,-43
207000152,234,508,-274
207000153,1268,1575,-307
207000154,430,217,213
207000159,82,444,-362
207000160,150,1026,-876
207000238,3,120,-117
207000242,2,324,-322
207000248,37,41,-4
207000249,165,66,99
207000250,1235,93,1142
207000251,85,101,-16
207000252,47,121,-74
207000278,75,149,-74
207000279,17,399,-382
207000280,263,69,194
207000281,100,2059,-1959
207000282,165,50,115
207000283,176,445,-269
207000284,50,93,-43
207000285,172,49,123
207000291,17,156,-139
207000304,117,55,62
207000306,98,590,-492
207000310,58,66,-8
207000353,391,10,381
207000356,14,31,-17
207000357,13,8,5
207000358,53,18,35
207000415,6,300,-294
207000417,36,4,32
207000418,123,162,-39
207000438,0,2,-2
207000439,1109,560,549
207000446,114,6,108
207000460,7,7,0
207000466,277,281,-4
207000467,150,129,21
207000468,47,889,-842
207000476,4,117,-113
207000477,462,142,320
207000478,2,31,-29
207000523,0,6,-6
207000524,19,0,19
207000527,90,230,-140
207000530,277,8,269
207000531,361,12,349
207000532,139,36,103
207000534,668,50,618
207000535,55,458,-403
207000537,36,195,-159
207000540,11,229,-218
207000541,0,498,-498
207000548,11,436,-425
207000549,323,17,306
207000561,127,231,-104
207000562,34,281,-247
207000567,255,405,-150
207000568,100,212,-112
207000569,338,1973,-1635
207000584,439,271,168
207000585,109,387,-278
207000616,1,375,-374
207000617,100,19,81
207900008,95,358,-263
208000001,526,1057,-531
208000002,487,750,-263
208000003,993,849,144
208000004,1448,945,503
208000005,17,17,0
208000019,505,1088,-583
208000020,147,635,-488
208000021,170,993,-823
208000022,706,1191,-485
208000028,1966,1156,810
208000033,502,1186,-684
208000034,1528,3064,-1536
208000037,663,79,584
208000040,63,204,-141
208000041,797,611,186
208000042,831,678,153
208000047,146,732,-586
208000064,3031,2120,911
208000066,1831,1922,-91
208000070,302,542,-240
208000071,368,1234,-866
208000072,331,1743,-1412
208000080,231,405,-174
208000081,258,299,-41
208000082,289,445,-156
208000083,149,579,-430
208000084,22,21,1
208000085,1141,713,428
208000086,453,1262,-809
208000087,282,1127,-845
208000089,869,1317,-448
208000090,817,1912,-1095
208000093,83,202,-119
208000094,510,1049,-539
208000095,685,654,31
208000104,940,1377,-437
208000105,740,1501,-761
208000114,82,257,-175
208000115,575,569,6
208000116,362,1105,-743
208000117,69,168,-99
208000118,102,145,-43
208000155,671,1465,-794
208000158,1857,4626,-2769
208000186,3565,3847,-282
208000204,526,1714,-1188
208000205,1157,2341,-1184
208000282,5353,2930,2423
209000004,217,273,-56
209000005,40,23,17
209000006,658,147,511
209000007,445,270,175
209000010,563,149,414
209000011,183,259,-76
209000012,160,291,-131
209000013,226,975,-749
209000014,753,2548,-1795
209000025,222,56,166
209000026,687,127,560
209000027,411,1773,-1362
209000028,299,1594,-1295
209000029,756,1711,-955
209000030,544,3007,-2463
209000031,6432,3883,2549
209000034,177,250,-73
209000035,119,189,-70
209000036,161,144,17
209000037,184,352,-168
209000038,98,234,-136
209000039,69,218,-149
209000040,447,726,-279
209000041,219,497,-278
209000042,296,483,-187
209000043,1093,840,253
209000044,204,821,-617
209000045,1366,576,790
209000046,523,659,-136
209000047,331,315,16
209000048,453,311,142
209000049,86,242,-156
209000050,225,355,-130
209000051,279,651,-372
209000052,168,656,-488
209000062,65,280,-215
209000063,32,249,-217
209000064,26,240,-214
209000065,52,61,-9
209000066,31,65,-34
209000067,50,115,-65
209000080,59,282,-223
209000082,60,87,-27
209000091,29,190,-161
209000093,86,75,11
209000094,232,326,-94
209000110,64,94,-30
209000111,338,1462,-1124
209000112,744,689,55
209000113,1644,569,1075
209000114,327,531,-204
209000115,68,294,-226
209000116,1166,1225,-59
209000118,40,48,-8
209000119,66,6,60
209000121,171,942,-771
209000135,130,141,-11
209000142,785,1380,-595
209000143,110,100,10
209000144,103,116,-13
209000229,188,290,-102
209000240,47,781,-734
209000259,90,223,-133
209000260,97,1529,-1432
209000261,5,997,-992
209000262,2,922,-920
209000263,1,240,-239
209000264,0,109,-109
209000265,294,2,292
209000266,57,1,56
209000267,630,9,621
209000268,805,48,757
210000037,58,32,26
210000047,52,90,-38
210000048,86,71,15
210000049,47,58,-11
210000052,32,202,-170
210000053,17,124,-107
210000054,45,123,-78
210000070,111,2,109
210000071,59,1,58
210000072,21,0,21
210000073,2,53,-51
210000074,2,170,-168
210000075,0,64,-64
210000076,16,152,-136
210000077,32,51,-19
210000078,51,34,17
210000079,54,17,37
210000080,275,80,195
210000081,212,23,189
210000082,60,1,59
210000083,66,0,66
210000084,36,0,36
210000085,1,124,-123
210000086,3,175,-172
210000099,39,311,-272
210000100,48,321,-273
210000101,89,375,-286
210000105,77,349,-272
210000159,1,182,-181
210000163,224,367,-143
210000164,329,139,190
210000168,206,24,182
210000187,0,48,-48
210000188,0,25,-25
210000214,37,0,37
210000219,32,80,-48
210000220,70,196,-126
210000232,7,23,-16
210000233,39,85,-46
210000234,51,185,-134
210000235,43,235,-192
210000245,0,157,-157
210000246,18,2,16
210000258,16,123,-107
210000259,332,31,301
210000282,82,290,-208
210000285,3,146,-143
210000286,12,191,-179
210000290,4,4,0
210000295,38,265,-227
210000296,47,100,-53
210000320,170,230,-60
210000321,122,201,-79
210000338,72,145,-73
210000339,628,1288,-660
210000340,130,440,-310
210000341,145,345,-200
210000342,144,266,-122
210000343,144,252,-108
210000344,280,176,104
210000345,264,255,9
210000346,66,183,-117
210000347,216,63,153
210000348,202,19,183
210000349,166,22,144
210000350,87,80,7
210000351,109,130,-21
210000352,59,145,-86
210000353,47,182,-135
210000354,88,177,-89
210000355,106,160,-54
210000356,129,118,11
210000357,95,78,17
210000358,654,134,520
210000359,247,75,172
210000360,184,157,27
210000361,154,240,-86
210000362,271,263,8
210000363,1118,225,893
210000364,155,213,-58
210000365,99,55,44
210000366,137,78,59
210000367,125,49,76
210000368,206,53,153
210000369,30,36,-6
210000370,75,111,-36
210000372,87,48,39
210000373,158,12,146
210000374,79,23,56
210000375,39,142,-103
210000376,79,241,-162
210000404,123,266,-143
210000439,48,132,-84
210000472,106,9,97
210000482,73,89,-16
210000564,669,352,317
210000567,1,16,-15
210000568,909,4,905
211000092,45,128,-83
211000094,29,16,13
211000169,242,8,234
211000172,11,423,-412
211000209,0,28,-28
211000226,22,36,-14
211000270,15,18,-3
211000275,32,50,-18
211000276,77,52,25
211000279,11,100,-89
211000281,19,161,-142
211507980,0,57,-57
211977296,25,12,13
212000003,141,69,72
212000004,104,33,71
212000005,27,46,-19
212000006,30,143,-113
212000008,139,343,-204
212000009,18,257,-239
212000012,43,88,-45
212000013,14,51,-37
212000014,206,235,-29
212000015,252,351,-99
212000016,454,893,-439
212000027,546,886,-340
212000028,315,749,-434
212000029,208,487,-279
212000030,25,61,-36
212000031,48,139,-91
212000048,38,140,-102
212000049,7,85,-78
212000050,18,5,13
212000051,168,361,-193
212000052,132,627,-495
212000053,302,1006,-704
212000054,162,184,-22
212000055,277,423,-146
212000056,10,63,-53
212000057,10,55,-45
212000058,633,41,592
212000070,96,542,-446
212000077,96,1236,-1140
212000099,284,403,-119
212000108,290,271,19
212000111,179,169,10
212000120,229,190,39
212000138,117,31,86
212000156,2,223,-221
212000158,5,18,-13
212000159,292,68,224
212000160,512,334,178
212000161,33,15,18
212000310,18,24,-6
212000311,10,152,-142
212000374,16,21,-5
213000001,25,1307,-1282
213000005,330,152,178
213000006,1069,229,840
213000007,101,20,81
213000009,663,404,259
213000010,184,256,-72
213000011,221,194,27
213000012,184,499,-315
213000014,52,7,45
213000015,208,4,204
213000016,414,3,411
213000017,48,0,48
213000018,0,283,-283
213000019,4,261,-257
213000020,114,634,-520
213000021,5,196,-191
213000023,314,321,-7
213000033,318,1544,-1226
213000034,697,488,209
213000035,129,323,-194
213000045,162,358,-196
213000046,227,321,-94
213000047,805,1136,-331
213000056,70,36,34
213000069,96,0,96
213000073,0,40,-40
213000074,210,852,-642
213000075,459,5,454
213000076,27,0,27
213000085,10,50,-40
213000086,13,442,-429
213000091,101,20,81
213000092,63,13,50
213000099,182,1285,-1103
213000100,1570,305,1265
213000101,203,221,-18
213000102,293,615,-322
213000103,831,1339,-508
213000104,42,917,-875
213000105,1,109,-108
213000106,21,283,-262
213000107,143,1235,-1092
213000108,21,798,-777
213000109,0,374,-374
213000110,10,96,-86
213000111,16,75,-59
213000112,189,175,14
213000115,42,3,39
213000116,85,1466,-1381
213000117,21,2071,-2050
213000118,331,570,-239
213000119,107,1457,-1350
213000120,165,1520,-1355
213000122,528,1325,-797
213000123,1200,2236,-1036
213000124,91,2106,-2015
213000125,148,14,134
213000126,111,164,-53
213000127,195,235,-40
213000128,1378,1177,201
213000129,706,555,151
213000130,340,245,95
213000132,262,98,164
213000133,310,122,188
213000134,681,18,663
213000136,365,17,348
213000137,557,83,474
213000139,427,26,401
213000147,80,3,77
213000148,27,11,16
213000149,76,14,62
213000150,0,159,-159
213000151,2,123,-121
213000152,2,112,-110
213000153,1,63,-62
213000154,37,348,-311
213000155,39,669,-630
213000156,129,1407,-1278
213000157,1592,824,768
213000158,311,1095,-784
213000159,489,1064,-575
213000163,486,108,378
213000165,684,222,462
213000171,2,237,-235
213000172,4,525,-521
213000173,3,404,-401
213000174,1,352,-351
213000175,8,224,-216
213000176,17,23,-6
213000177,24,6,18
213000178,77,4,73
213000179,153,2,151
213000180,91,0,91
213000184,85,913,-828
213000188,249,119,130
213000189,273,37,236
213000190,841,1511,-670
213000191,183,937,-754
213000192,184,1064,-880
213000193,3214,310,2904
213000194,0,46,-46
213000195,23,807,-784
213000196,304,1552,-1248
213000197,310,824,-514
213000198,35,5,30
213000200,147,1739,-1592
213000201,104,80,24
213000202,14,1390,-1376
213000203,5105,671,4434
213000204,539,72,467
213000205,273,86,187
213000206,1172,40,1132
213000207,165,8,157
213000208,82,1,81
213000209,121,3,118
213000210,292,1,291
213000211,9,14,-5
213000212,16,26,-10
213000213,3,36,-33
213000218,236,1485,-1249
213000219,479,12,467
213000220,343,9,334
213000223,207,184,23
213000224,35,33,2
213000225,60,5,55
213000226,44,20,24
213000227,644,274,370
213000228,217,102,115
213000229,458,40,418
213000230,312,57,255
213000232,121,616,-495
213000233,12,24,-12
213000234,5,47,-42
213000293,34,86,-52
213000294,128,9,119
213000295,12,97,-85
213000296,67,28,39
213000297,7,147,-140
213000298,19,157,-138
213000299,72,52,20
213000300,9,3,6
213000303,6,54,-48
213000304,4,4,0
213000305,1,9,-8
213000306,116,58,58
213000307,498,108,390
213000308,138,484,-346
213000309,205,83,122
213000310,295,136,159
213000311,309,1170,-861
213000315,71,307,-236
213000316,107,76,31
213000322,129,297,-168
213000323,69,179,-110
213000324,35,75,-40
213000325,36,205,-169
213000326,22,25,-3
213000327,21,94,-73
213000328,18,172,-154
213000329,66,71,-5
213000340,189,1553,-1364
213000341,274,114,160
213000346,207,200,7
213000347,1094,318,776
213000348,15,202,-187
213000349,19,11,8
213000350,286,2453,-2167
213000366,42,694,-652
213000367,151,26,125
213000379,45,192,-147
213000386,19,302,-283
213000406,152,483,-331
213000417,1273,422,851
213000425,100,72,28
213000426,70,124,-54
213000427,69,736,-667
213000428,38,413,-375
213000429,8,6,2
213000430,92,2229,-2137
213000431,28,0,28
213000432,3,23,-20
213000433,21,237,-216
213000434,69,154,-85
213000435,61,159,-98
213000436,5,159,-154
213000437,0,42,-42
213000438,118,156,-38
213000439,70,16,54
213000440,20,330,-310
213000441,2,1,1
213000442,0,48,-48
213000443,447,761,-314
213000444,39,133,-94
213000445,0,203,-203
213000446,1,13,-12
213000447,18,53,-35
213000448,10,108,-98
213000449,213,2,211
213000450,33,80,-47
213000451,231,135,96
213000452,7,31,-24
213000453,82,612,-530
213000455,248,2,246
213000456,4,144,-140
213000481,19,15,4
213000482,35,9,26
213000489,799,86,713
213000491,2,122,-120
213000492,269,2,267
213000493,1,94,-93
213000494,187,245,-58
213000495,2,170,-168
213000496,322,403,-81
213000497,60,491,-431
213000498,100,374,-274
213000499,153,1203,-1050
213000500,271,138,133
213000501,108,43,65
213000502,280,118,162
213000503,2,109,-107
213000504,4,311,-307
213000505,4,1,3
213000506,0,9,-9
213000507,5,192,-187
213900016,0,12,-12
213900244,33,0,33
213900245,0,33,-33
218000003,24,23,1
218000004,33,55,-22
218000005,24,69,-45
218000006,78,31,47
218000007,22,12,10
218000012,625,235,390
218000013,71,164,-93
218000014,530,531,-1
218000019,1031,944,87
218000020,369,800,-431
218000021,50,154,-104
218000022,24,99,-75
218000023,0,84,-84
218000024,2,34,-32
218000025,17,40,-23
218000026,17,83,-66
218000027,1,45,-44
218000028,4,14,-10
218000029,4,6,-2
218000030,21,62,-41
218000031,6,99,-93
218000032,2,48,-46
218000040,17,4,13
218000046,34,268,-234
218000047,16,301,-285
218000048,76,322,-246
218000049,159,299,-140
218000050,383,490,-107
218000051,116,553,-437
218000052,3,256,-253
218000053,5,22,-17
218000054,31,55,-24
218000055,6,29,-23
218000056,23,52,-29
218000057,2,58,-56
218000064,2,20,-18
218000065,39,90,-51
218000066,1,67,-66
218000067,55,190,-135
218000068,88,184,-96
218000069,169,308,-139
218000070,140,408,-268
218000071,171,348,-177
218000072,327,479,-152
218000078,780,2169,-1389
218000079,51,121,-70
218000080,52,186,-134
218000081,308,519,-211
218000082,27,204,-177
218000083,40,83,-43
218000084,89,289,-200
218000085,102,794,-692
218000086,50,302,-252
218000087,141,437,-296
218000090,12,100,-88
218000091,887,613,274
218000092,47,231,-184
218000093,66,123,-57
218000094,515,1098,-583
218000099,303,703,-400
218000100,191,432,-241
218000101,196,259,-63
218000102,239,511,-272
218000103,99,327,-228
218000104,77,50,27
218000105,36,11,25
218000106,7,22,-15
218000107,42,122,-80
218000108,2,76,-74
218000112,87,35,52
218000117,39,49,-10
218000134,704,1608,-904
218000135,67,236,-169
218000136,324,101,223
218000137,203,164,39
218000138,29,190,-161
218000139,131,488,-357
218000140,286,337,-51
218000141,85,98,-13
218000142,140,267,-127
218000143,116,261,-145
218000144,66,93,-27
218000145,350,529,-179
218000146,56,234,-178
218000151,11,41,-30
218000152,88,93,-5
218000153,5,13,-8
218000154,3,3,0
218000155,12,4,8
218000156,79,62,17
218000157,8,20,-12
218000158,9,21,-12
218000159,3,3,0
218000160,6,10,-4
218000161,7,18,-11
218000162,28,21,7
218000163,8,3,5
218000164,22,20,2
218000165,59,54,5
218000170,1,34,-33
218000171,27,11,16
218000172,22,22,0
218000173,28,26,2
218000174,23,10,13
218000176,77,43,34
218000177,241,229,12
218000178,50,218,-168
218000179,72,64,8
218000180,44,35,9
218000181,119,69,50
218000187,2,20,-18
218000188,24,62,-38
218000189,11,117,-106
218000190,13,42,-29
218000191,64,96,-32
218000192,132,733,-601
218000193,385,1076,-691
218000194,75,1048,-973
218000195,157,146,11
218000196,295,430,-135
218000197,205,485,-280
218000198,10,199,-189
218000199,55,42,13
218000200,69,71,-2
218000201,21,12,9
218000202,414,307,107
218000207,4,211,-207
218000208,39,149,-110
218000211,75,12,63
218000212,2,15,-13
218000213,149,149,0
218000214,3,54,-51
218000215,56,162,-106
218000217,4,226,-222
218000218,390,185,205
218000219,138,28,110
218000220,218,552,-334
218000221,1495,229,1266
218000222,77,28,49
218000223,38,217,-179
218000224,8,159,-151
218000225,118,35,83
218000226,66,108,-42
218000230,1,8,-7
218000232,39,143,-104
218000239,63,1,62
218000240,25,6,19
218000241,11,1,10
218000242,43,2,41
218000243,10,1,9
218000244,12,0,12
218000245,15,3,12
218000246,0,1,-1
218000247,0,0,0
218000248,0,32,-32
218000249,0,5,-5
218000250,2,68,-66
218000251,2,38,-36
218000252,0,6,-6
218000253,2,11,-9
218000254,1,13,-12
218000255,3,10,-7
218000256,3,41,-38
218000267,1409,1603,-194
218000268,22,89,-67
218000269,5,15,-10
218000270,62,107,-45
218000271,15,130,-115
218000273,25,38,-13
218000274,18,29,-11
218000275,15,60,-45
218000276,22,67,-45
218000278,16,43,-27
218000279,51,110,-59
218000280,5,45,-40
218000281,15,15,0
218000282,765,328,437
218000284,284,46,238
218000301,85,124,-39
218000302,113,66,47
218000303,38,136,-98
218000316,721,1705,-984
218000317,857,1694,-837
218000318,360,1277,-917
218000319,1072,2878,-1806
218000320,715,1212,-497
218000338,36,30,6
218000345,77,54,23
218000346,48,187,-139
218000459,73,536,-463
218000490,24,98,-74
218000501,61,71,-10
218000502,44,112,-68
218000503,75,31,44
218000504,155,15,140
218000505,49,237,-188
218000506,33,296,-263
218000508,0,3,-3
218000510,191,6,185
218000520,178,144,34
218000521,8,167,-159
218000522,0,202,-202
218000523,131,4,127
218000524,44,235,-191
218000525,69,33,36
218000526,22,136,-114
218000529,41,677,-636
218000530,6,7,-1
218000531,7,19,-12
218000532,18,45,-27
218000534,59,15,44
218000537,33,59,-26
218000538,211,182,29
218000540,526,91,435
218000543,80,58,22
218000544,36,188,-152
218000545,32,83,-51
218000546,30,225,-195
218000547,105,131,-26
218000548,96,343,-247
218000549,367,253,114
218000550,220,802,-582
218000551,275,816,-541
218000552,469,59,410
218000553,50,90,-40
218000554,21,39,-18
218000555,26,63,-37
218000556,98,699,-601
218000557,200,230,-30
218000558,64,2,62
218000559,0,27,-27
218000560,0,18,-18
218000561,12,0,12
218000562,25,271,-246
218000563,223,36,187
218000564,22,158,-136
218000565,151,32,119
218000566,294,57,237
218000567,2,61,-59
218000568,12,6,6
218000569,2,209,-207
218000570,175,11,164
218000571,1,170,-169
218000572,171,2,169
218000573,19,87,-68
218000574,88,64,24
218000575,88,1,87
218000576,0,66,-66
218000577,102,1,101
218000578,0,56,-56
218000579,77,11,66
218000581,12,123,-111
218000582,30,6,24
218000583,7,0,7
218000584,0,15,-15
218000585,21,2,19
218000586,11,48,-37
218000587,0,4,-4
218000588,0,2,-2
218000589,0,1,-1
218000590,2,1,1
218000591,1,5,-4
218000592,5,3,2
218000593,0,2,-2
218000594,0,1,-1
218000595,0,0,0
218000596,0,0,0
218000597,0,0,0
218000598,0,0,0
218000599,0,2,-2
218000600,0,1,-1
218000601,0,1,-1
218000602,0,4,-4
218000603,0,2,-2
218000604,4,0,4
218000605,0,26,-26
218000606,72,0,72
218000607,16,63,-47
218000608,74,16,58
218000609,3,57,-54
218000610,104,4,100
218000611,15,5,10
218000612,2,52,-50
218000613,53,1,52
218000614,5,67,-62
218000615,100,3,97
218000616,19,249,-230
218000617,18,3,15
218000618,0,14,-14
218000619,35,59,-24
218000620,12,24,-12
218000621,0,4,-4
218000622,0,8,-8
218000623,22,1,21
218000624,0,19,-19
218000625,23,2,21
218000626,0,10,-10
218000628,90,43,47
218000631,20,28,-8
218000632,1,185,-184
218000633,44,1,43
218000634,2,15,-13
218000635,5,16,-11
218000636,974,2778,-1804
218000637,832,904,-72
218000638,114,165,-51
218000639,20,397,-377
218000640,184,58,126
218000641,50,677,-627
218000652,110,271,-161
218000653,138,96,42
218000663,12,254,-242
218000675,37,67,-30
218000676,3,47,-44
218000677,3,23,-20
218000680,275,958,-683
218000681,311,182,129
218000691,137,790,-653
218000693,109,199,-90
218000703,13,140,-127
218000718,1017,917,100
218000719,1582,262,1320
218000720,14,64,-50
218000721,39,23,16
218000725,9,14,-5
218001147,0,230,-230
218001214,32,61,-29
218001258,44,4,40
218001329,139,159,-20
218001330,136,185,-49
218001351,20,33,-13
218001352,20,11,9
218001353,8,9,-1
218001354,3,18,-15
218001355,16,571,-555
218001356,176,7,169
218001357,2,318,-316
218001358,122,5,117
218001361,69,78,-9
218001362,1,339,-338
219000001,43,199,-156
219000002,39,124,-85
219000003,43,43,0
219000004,73,90,-17
219000017,214,37,177
219000020,84,50,34
219000022,119,4,115
219000023,109,1,108
219000029,1,86,-85
219000034,37,9,28
219000039,53,96,-43
219000040,65,26,39
219000041,108,37,71
219000051,0,79,-79
219000052,0,18,-18
219000053,2,303,-301
219000054,26,273,-247
219000055,79,2,77
219000056,21,1,20
219000057,65,0,65
219000062,13,463,-450
219000063,60,6,54
219000064,3,89,-86
219000110,272,40,232
219000111,62,52,10
219000112,135,63,72
219000113,89,55,34
219000114,244,80,164
219000116,79,66,13
219000117,185,199,-14
219000118,129,145,-16
219000123,416,115,301
219000124,65,79,-14
219000125,8,27,-19
219000126,113,155,-42
219000127,0,4,-4
219000128,7,131,-124
219000129,30,227,-197
219000130,733,1167,-434
219000131,709,986,-277
219000133,59,42,17
219000134,12,32,-20
219000135,17,74,-57
219000136,223,183,40
219000138,36,42,-6
219000139,20,81,-61
219000140,45,6,39
219000141,14,156,-142
219000142,35,148,-113
219000143,21,132,-111
219000145,18,61,-43
219000146,6,101,-95
219000147,3,91,-88
219000148,1,132,-131
219000149,23,362,-339
219000150,4,185,-181
219000151,4,141,-137
219000157,122,142,-20
219000158,179,364,-185
219000161,156,9,147
219000163,2203,536,1667
219000166,86,308,-222
219000167,76,350,-274
219000168,324,87,237
219000174,311,138,173
219000175,75,6,69
219000176,66,2,64
219000177,47,1,46
219000178,15,1,14
219000179,10,5,5
219000180,40,20,20
219000182,109,13,96
219000183,38,71,-33
219000184,68,14,54
219000185,2,109,-107
219000186,50,81,-31
219000187,9,206,-197
219000189,218,325,-107
219000190,182,472,-290
219000191,1422,1659,-237
219000192,187,155,32
219000193,735,262,473
219000195,4,97,-93
219000196,9,186,-177
219000198,31,205,-174
219000199,143,226,-83
219000200,45,195,-150
219000201,73,372,-299
219000203,26,189,-163
219000204,117,260,-143
219000205,51,297,-246
219000207,169,361,-192
219000209,24,123,-99
219000210,95,150,-55
219000213,7,606,-599
219000239,197,314,-117
219000240,232,472,-240
219000241,78,465,-387
219000242,44,309,-265
219000243,139,559,-420
219000244,61,184,-123
219000245,28,68,-40
219000246,54,11,43
219000247,78,37,41
219000248,427,253,174
219000249,95,65,30
219000250,106,97,9
219000251,433,209,224
219000252,231,155,76
219000253,213,56,157
219000255,64,104,-40
219000256,132,115,17
219000257,77,53,24
219000262,109,338,-229
219000263,35,348,-313
219000267,5,281,-276
219000268,12,16,-4
219000269,11,0,11
219000270,7,0,7
219000271,92,2,90
219000278,0,9,-9
219000279,1,8,-7
219000283,0,15,-15
219000295,12,144,-132
219000296,86,735,-649
219000297,15,189,-174
219000298,10,251,-241
219000299,409,87,322
219000300,19,389,-370
219000301,275,408,-133
219000302,28,238,-210
219000307,39,70,-31
219000308,36,36,0
219000311,121,51,70
219000312,459,56,403
219000313,188,48,140
219000314,100,797,-697
219000315,173,53,120
219000316,409,76,333
219000317,94,26,68
219000320,1,60,-59
219000321,0,28,-28
219000323,4,149,-145
219000325,1,46,-45
219000326,80,171,-91
219000327,59,39,20
219000328,43,79,-36
219000329,349,112,237
219000330,36,32,4
219000331,29,49,-20
219000332,82,85,-3
219000333,16,6,10
219000335,95,9,86
219000337,10,1,9
219000338,54,24,30
219000344,54,75,-21
219000345,71,194,-123
219000346,60,212,-152
219000348,145,318,-173
219000349,53,518,-465
219000350,48,145,-97
219000351,7,4,3
219000352,247,79,168
219000353,103,48,55
219000354,109,153,-44
219000355,113,53,60
219000356,1712,811,901
219000363,309,51,258
219000364,100,24,76
219000365,117,7,110
219000366,280,223,57
219000368,474,404,70
219000370,1413,269,1144
219000371,11,25,-14
219000382,10,22,-12
219000383,893,1222,-329
219000385,705,730,-25
219000386,1239,2144,-905
219000387,1,5,-4
219000390,9,4,5
219000391,4,2,2
219000397,80,88,-8
219000398,72,48,24
219000401,8,139,-131
219000402,24,99,-75
219000403,122,219,-97
219000404,14,73,-59
219000407,3,61,-58
219000409,58,46,12
219000410,65,36,29
219000411,49,7,42
219000446,319,858,-539
219000447,3,20,-17
219000448,6,7,-1
219000452,111,49,62
219000453,69,204,-135
219000454,358,223,135
219000556,139,103,36
219000558,127,523,-396
219000590,30,344,-314
219000591,37,92,-55
219000592,152,521,-369
219000595,1,54,-53
219000635,83,70,13
219000636,29,122,-93
219000657,19,14,5
219000658,25,63,-38
219000673,1,22,-21
219000676,28,2,26
219000679,55,16,39
219000684,77,3,74
219000685,1,133,-132
219000686,2,0,2
219000688,2,96,-94
219000689,51,315,-264
219000690,193,32,161
219000691,60,173,-113
219000692,185,41,144
219000693,0,24,-24
219000694,6,1,5
219000695,13,8,5
219000698,151,1,150
219000699,0,12,-12
219000727,3,281,-278
219000728,63,7,56
219000770,26,0,26
219000771,0,92,-92
219000788,292,285,7
219001150,2,26,-24
219001151,1,9,-8
219001166,31,11,20
219001167,4,89,-85
219001178,71,47,24
220000001,62,44,18
220000002,15,308,-293
220000003,488,389,99
220000004,722,787,-65
220000005,1665,2354,-689
220000006,193,1152,-959
220000007,367,850,-483
220000008,464,1579,-1115
220000009,326,920,-594
220000010,253,254,-1
220000011,1038,3577,-2539
220000012,248,507,-259
220000014,84,60,24
220000015,62,281,-219
220000017,74,675,-601
220000018,9874,2830,7044
220000019,97,330,-233
220000020,474,312,162
220000021,516,286,230
220000022,447,663,-216
220000023,206,187,19
220000024,1762,359,1403
220000025,931,991,-60
220000026,251,209,42
220000027,11,112,-101
220000028,9,57,-48
220000029,65,336,-271
220000030,114,91,23
220000031,293,406,-113
220000064,53,1558,-1505
221000046,0,0,0
221000047,0,1,-1
221000048,0,6,-6
221000049,0,19,-19
221000050,15,0,15
221000055,43,52,-9
221000057,60,13,47
221000068,391,147,244
221000069,338,92,246
221000070,242,39,203
221000071,120,11,109
221000072,203,21,182
221000073,171,58,113
221000074,0,25,-25
221000075,30,18,12
221000076,10,39,-29
221000077,37,113,-76
221000081,49,14,35
221000082,43,8,35
221000083,35,2,33
221000084,2,4,-2
221000085,24,77,-53
221000086,10,199,-189
221000087,9,297,-288
221000088,20,261,-241
221000089,27,386,-359
221000090,130,748,-618
221000098,98,14,84
221000099,131,27,104
221000100,77,14,63
221000101,168,17,151
221000102,115,14,101
221000109,6,110,-104
221000110,7,119,-112
221000111,16,196,-180
221000112,9,168,-159
221000113,25,239,-214
221000114,17,244,-227
221000120,35,44,-9
221000121,5,24,-19
221000122,34,61,-27
221000123,15,27,-12
221000124,44,476,-432
221000155,86,11,75
221000156,35,22,13
221000175,2,3,-1
221000176,0,3,-3
221000182,27,7,20
221000241,687,274,413
221000242,330,658,-328
221000243,405,148,257
221000244,224,666,-442
221000245,82,132,-50
221000246,45,364,-319
221000247,65,132,-67
221000248,134,248,-114
221000267,36,1122,-1086
221000325,42,102,-60
221000331,9,210,-201
221000338,24,20,4
221000378,164,39,125
221000381,40,161,-121
222000282,5,0,5
222000296,0,21,-21
222000568,295,6,289
222000569,79,22,57
222000570,120,8,112
222000571,232,22,210
222000577,14,421,-407
222000578,35,352,-317
222000579,34,211,-177
222000580,218,1311,-1093
222000599,2,167,-165
222000600,1,444,-443
222000601,5,1148,-1143
222000603,13,18,-5
222000604,5,42,-37
222000605,10,22,-12
222000606,0,10,-10
222000607,4,6,-2
222000608,13,13,0
222000609,45,595,-550
222000616,198,49,149
222000617,8,14,-6
222000618,2,2,0
222000620,72,6,66
222000621,60,19,41
222000623,436,16,420
222000624,240,3,237
222000625,300,63,237
222000636,55,7,48
222000686,28,11,17
222000687,10,13,-3
222001066,647,3,644
222001067,14,27,-13
222001068,53,189,-136
222001069,17,131,-114
222001082,9,74,-65
222001083,24,80,-56
222001084,1,76,-75
222001085,0,183,-183
222001111,41,313,-272
222001112,44,100,-56
222001313,13,6,7
222001314,2,146,-144
222001464,32,60,-28
222001465,17,219,-202
222001484,58,50,8
222001485,28,115,-87
222001494,225,185,40
222001495,136,762,-626
222001496,183,92,91
222001497,82,1013,-931
222001502,16,137,-121
222001503,62,40,22
222001504,29,394,-365
222001505,295,26,269
222001506,28,299,-271
222001507,248,17,231
222001510,235,37,198
222001511,67,673,-606
222001514,533,191,342
222001515,279,1019,-740
222001518,113,86,27
222001519,47,565,-518
222001527,178,97,81
222001528,69,276,-207
222001529,146,53,93
222001530,71,384,-313
222001533,147,534,-387
222001534,147,72,75
222001535,149,155,-6
222001536,125,695,-570
222001537,246,40,206
222001538,93,1006,-913
222001563,304,111,193
222001564,62,1147,-1085
222001568,181,120,61
222001576,2,1,1
222001579,9,7,2
222001583,19,420,-401
222001584,55,15,40
222001596,971,2513,-1542
222001597,1982,289,1693
222001626,4,299,-295
222001650,46,71,-25
222001651,66,215,-149
222001914,179,108,71
222001915,70,394,-324
222001968,354,245,109
222001969,459,1568,-1109
222001970,126,503,-377
222001971,28,102,-74
222001972,4,30,-26
225000001,397,173,224
225000002,311,133,178
225000003,302,74,228
225000004,258,289,-31
225000005,32,64,-32
225000006,1,183,-182
225000007,4852,1506,3346
225000010,132,4,128
225000011,675,1024,-349
225000012,123,577,-454
225000013,78,195,-117
225000014,734,62,672
225000015,92,319,-227
225000021,659,254,405
225000027,307,731,-424
225000032,583,160,423
225000042,119,1045,-926
225000049,40,63,-23
225000050,50,21,29
225000053,4,361,-357
225000058,642,143,499
225000067,150,320,-170
225000068,127,743,-616
225000069,142,838,-696
225000070,77,776,-699
225000071,28,475,-447
225000075,24,1475,-1451
225000076,95,209,-114
225000078,82,41,41
225000085,23,113,-90
225000086,267,60,207
225000087,152,22,130
225000088,14,192,-178
225000089,335,994,-659
225000090,21,680,-659
225000091,177,394,-217
225000092,31,78,-47
225000093,148,593,-445
225000094,22,723,-701
225000095,288,882,-594
225000096,307,771,-464
225000098,535,218,317
225000099,241,145,96
225000100,184,115,69
225000104,92,545,-453
225000110,12,645,-633
225000111,250,1684,-1434
225000112,479,1286,-807
225000113,159,726,-567
225000114,50,461,-411
225000115,3693,712,2981
225000116,1097,166,931
225000117,1089,369,720
225000118,918,365,553
225000119,202,110,92
225000120,507,41,466
225000121,206,30,176
225000123,1025,28,997
225000125,317,402,-85
225000126,1328,207,1121
225000127,1015,726,289
225000128,367,616,-249
225000132,262,30,232
225000133,271,39,232
225000134,565,132,433
225000135,29,18,11
225000136,185,17,168
225000137,126,72,54
225000138,362,25,337
225000143,145,170,-25
225000144,1,336,-335
225000145,37,43,-6
225000146,50,152,-102
225000147,25,408,-383
225000148,5,342,-337
225000149,83,619,-536
225000151,13,398,-385
225000155,333,592,-259
225000156,282,1038,-756
225000157,222,479,-257
225000158,104,616,-512
225000171,4,225,-221
225000180,16,0,16
225000181,0,92,-92
225000182,83,21,62
225000185,11,521,-510
225000187,63,702,-639
225000191,88,1,87
225000194,0,7,-7
225000208,2,46,-44
225000209,61,16,45
225000210,1,360,-359
225000217,1,29,-28
225000218,6,0,6
225000223,0,120,-120
225000224,524,0,524
225000225,6,58,-52
225000226,131,2,129
225000227,74,123,-49
225000228,24,11,13
225000229,0,112,-112
225000230,14,1,13
225000231,1,130,-129
225000232,119,0,119
225000241,55,2,53
225000242,0,51,-51
225000249,6,0,6
225000250,39,1106,-1067
225000251,327,36,291
225000254,5,0,5
225000256,9,18,-9
225000257,1,97,-96
226000042,559,694,-135
226000043,64,431,-367
226000044,143,1082,-939
226000045,47,662,-615
226000046,373,57,316
226000047,303,80,223
226000048,260,70,190
226000049,300,124,176
226000070,0,102,-102
226000071,0,110,-110
226000072,0,22,-22
226000073,0,17,-17
226000074,1,27,-26
226000084,1,75,-74
226000085,4,5,-1
226000086,0,21,-21
226000087,0,16,-16
226000088,46,44,2
226000090,116,34,82
226000091,10,8,2
226000092,1,8,-7
226000093,42,1,41
226000094,22,1,21
226000095,25,2,23
226000105,9,2,7
226000106,4,0,4
226000107,6,1,5
226000108,23,0,23
226000109,32,0,32
226000124,105,69,36
226000134,273,576,-303
226000135,886,766,120
226000136,281,465,-184
226000137,14,813,-799
226000138,5,410,-405
226000139,4,14,-10
226000156,105,2,103
226000157,120,4,116
226000163,42,68,-26
226000202,21,782,-761
226000231,221,7,214
226000232,39,4,35
227000033,221,58,163
227000036,163,36,127
227000037,155,40,115
227000038,152,34,118
227000084,3,51,-48
227000085,0,58,-58
227000088,127,1,126
227000089,89,1,88
227000090,52,0,52
227000091,5,1,4
227000092,36,0,36
227000093,91,1,90
227000094,13,1,12
227000130,27,72,-45
227000131,6,275,-269
227000132,7,228,-221
227000133,13,301,-288
227000134,13,459,-446
227000152,0,2,-2
227000153,0,48,-48
227000154,0,16,-16
227000155,2,18,-16
227000156,0,27,-27
227000165,1,24,-23
227000196,161,755,-594
227000199,183,1274,-1091
227000230,43,1321,-1278
227000232,244,37,207
227000242,44,561,-517
227000243,266,78,188
227000245,9,474,-465
227000246,76,624,-548
227000247,239,81,158
227000248,157,31,126
227000249,14,300,-286
227000250,440,127,313
227000251,134,257,-123
227000252,11,453,-442
227000253,74,26,48
227000262,248,42,206
227000266,710,20,690
227000267,67,5177,-5110
227000282,12,638,-626
227000284,208,58,150
227000286,3,181,-178
227000287,10,259,-249
227000291,18,1430,-1412
227000296,318,666,-348
227000484,258,30,228
227000485,27,1698,-1671
227000655,72,78,-6
227000656,638,90,548
227000657,48,47,1
227000661,196,16,180
227000680,254,50,204
229000265,18,70,-52
229000296,3,27,-24
229000297,7,55,-48
229000298,10,285,-275
229000320,11,13,-2
229000321,19,9,10
229000412,18,80,-62
229000414,13,61,-48
229000415,5,0,5
229000416,5,7,-2
229000417,2,11,-9
229000419,65,384,-319
229000440,286,80,206
229000442,43,10,33
229000443,5,6,-1
229000444,5,34,-29
229000445,32,6,26
229000446,37,9,28
229000491,4,48,-44
229000492,9,240,-231
229000493,6,187,-181
229000494,25,8,17
229000495,143,12,131
229000496,34,7,27
229000507,0,57,-57
229000508,2,43,-41
229000509,0,72,-72
229000510,0,45,-45
229000511,3,92,-89
229000512,1,68,-67
229000513,0,6,-6
229000514,0,4,-4
229000517,1,11,-10
229000518,1,51,-50
229000519,0,29,-29
229000520,9,54,-45
229000521,27,33,-6
229000522,1,23,-22
229000523,6,20,-14
229000524,3,5,-2
229000527,2,0,2
229000528,1,0,1
229000529,1,2,-1
229000530,40,4,36
229000531,19,1,18
229000532,18,4,14
229000533,58,0,58
229000534,72,0,72
229000564,61,1,60
229000565,18,0,18
229000566,0,13,-13
229000567,0,87,-87
229000582,118,1,117
229000583,5,1,4
229000584,0,57,-57
229000585,2,89,-87
229000718,0,4,-4
229000719,0,1,-1
229000720,0,13,-13
229000721,0,14,-14
229000722,1,46,-45
229000723,0,13,-13
229000724,0,6,-6
229000725,0,2,-2
229000738,0,0,0
229000739,0,0,0
229000740,0,0,0
229000741,11,0,11
229000742,10,0,10
229000743,6,1,5
229000744,0,0,0
229000745,0,0,0
229000746,23,0,23
229000847,16,0,16
229000848,10,0,10
229000849,67,0,67
229000851,12,1,11
229000854,0,95,-95
229000856,5,224,-219
229000857,0,52,-52
229000858,3,191,-188
229000919,46,99,-53
229000930,3,423,-420
229000937,39,17,22
229000966,33,44,-11
229000981,19,67,-48
229000985,6,58,-52
229000986,8,5,3
229000987,0,1,-1
229000988,5,8,-3
229000989,4,8,-4
229000990,0,1,-1
229000991,0,5,-5
229000992,8,15,-7
229000993,228,17,211
229000998,15,94,-79
229000999,60,14,46
229001034,0,24,-24
229001035,61,1,60
229001037,57,8,49
229001042,11,30,-19
229001047,7,109,-102
229001050,43,89,-46
229001168,0,10,-10
229001200,17,1,16
229001338,1,18,-17
229001394,238,2,236
229001422,99,24,75
229001423,49,187,-138
229001431,30,52,-22
229001432,73,118,-45
229001444,133,57,76
229001445,48,319,-271
229001479,7,5,2
229001503,166,84,82
229001504,98,263,-165
229001505,95,57,38
229001506,47,218,-171
229001509,40,26,14
229001545,67,3,64
229001546,7,121,-114
229001553,47,9,38
229001554,41,138,-97
229001559,1,3,-2
229001560,3,14,-11
229001630,87,13,74
229001631,9,70,-61
229001635,0,4,-4
229001636,2,1,1
229001658,4,146,-142
229001659,60,1,59
229001660,1,2,-1
229001661,4,25,-21
229001662,60,0,60
229001663,0,21,-21
229002584,177,208,-31
229002831,289,171,118
229002841,11,21,-10
229002842,16,19,-3
229002843,65,27,38
229002844,39,77,-38
229002845,10,44,-34
229002846,25,40,-15
229002847,3,11,-8
229002848,4,9,-5
229002849,1,64,-63
229002850,6,1,5
229002851,19,105,-86
229002852,101,32,69
229002853,95,25,70
229002854,79,61,18
229002855,14,29,-15
229002856,17,22,-5
229002857,1,72,-71
229002858,9,7,2
229002859,53,32,21
229002860,40,27,13
229002861,41,41,0
229002862,49,98,-49
229002863,14,43,-29
229002864,21,38,-17
229002865,44,14,30
229002866,21,28,-7
229002867,2,24,-22
229002868,22,8,14
229002869,9,203,-194
229002870,36,8,28
235000066,394,62,332
235000067,86,115,-29
235000072,15,82,-67
235000073,45,317,-272
235000074,18,108,-90
235000080,26,109,-83
235000081,72,208,-136
235000082,73,90,-17
235000083,108,107,1
235000084,30,68,-38
235000085,38,105,-67
235000089,29,38,-9
235000092,14,174,-160
235000093,5,9,-4
235000097,4,11,-7
235000098,41,18,23
235000099,32,32,0
235000116,49,18,31
235000117,765,11,754
235000133,24,277,-253
235000134,8,99,-91
235000206,3,5,-2
235000207,2,5,-3
235000208,0,1,-1
235000209,6,0,6
235000210,2,7,-5
235000212,0,24,-24
235000213,1,8,-7
235000220,0,12,-12
235000221,27,10,17
235000238,9,37,-28
235000239,1,8,-7
235000242,216,388,-172
235000245,954,202,752
235000246,25,59,-34
235000284,1,102,-101
235000295,150,15,135
235000305,97,15,82
235000306,126,9,117
235000307,9,3,6
235000308,11,1,10
235000309,29,0,29
235000310,27,0,27
235000311,52,7,45
235000322,1,49,-48
235000323,1,77,-76
235000324,3,24,-21
235000325,0,17,-17
235000326,9,421,-412
235000351,12,80,-68
235000352,26,65,-39
235000353,2,30,-28
235000354,8,56,-48
235000355,5,125,-120
235000356,63,11,52
235000357,15,33,-18
235000358,14,16,-2
235000359,2,2,0
235000360,62,13,49
235000361,39,2,37
235000381,43,353,-310
235000382,76,54,22
235000390,5,7,-2
235000391,74,22,52
235000392,91,179,-88
235000393,61,110,-49
235000395,71,18,53
235000396,205,67,138
235000400,165,18,147
235000401,90,239,-149
235000405,82,295,-213
235000406,57,339,-282
235000407,53,143,-90
235000409,149,237,-88
235000410,23,303,-280
235000411,1,130,-129
235000485,0,8,-8
235000486,3,0,3
235000549,44,79,-35
235000550,70,257,-187
235000599,66,119,-53
235000600,8,31,-23
235000601,31,31,0
235000602,60,193,-133
235000614,4,2,2
235000648,1,21,-20
235000649,18,8,10
235000685,2,3,-1
235000815,4,25,-21
235000834,0,4,-4
235000855,29,61,-32
235000862,31,208,-177
235000891,0,13,-13
235000892,20,6,14
235000901,98,158,-60
235000907,2,19,-17
235001010,22,134,-112
235001029,528,517,11
235001030,236,244,-8
235001078,65,50,15
235001079,64,143,-79
235001147,3,35,-32
235001166,6,117,-111
235001167,15,96,-81
235001169,20,445,-425
235001188,0,8,-8
235001189,1,1,0
235001197,8,23,-15
235001200,19,33,-14
235001207,84,10,74
235001210,21,138,-117
235001215,48,165,-117
235001239,1,59,-58
235001244,0,2,-2
235016267,0,26,-26
277101746,0,0,0
277102712,0,0,0
277103813,0,0,0
277103898,0,4,-4
277104249,0,6,-6
277104250,0,5,-5
277104251,0,17,-17
277104252,0,2,-2
990011530,0,328,-328
990014944,2,609,-607
990015176,48,59,-11
990015618,0,133,-133
990016032,4,993,-989
990032570,5,232,-227
990070001,56,3,53
990070103,0,5,-5
990070601,0,123,-123
990070751,257,1,256
990070766,1,1229,-1228
990071180,923,286,637
990071343,39,4,35
990071387,0,11,-11
990071823,209,2,207
990072600,3,1034,-1031
990072964,3,836,-833
990073285,0,2,-2
990074393,5,1963,-1958
990074870,694,5,689
990075106,615,6,609
990075746,279,3,276
990076437,682,41,641
990076458,7,1945,-1938
997000007,127,6,121
997000041,0,125,-125
997000058,33,1,32
997000062,50,0,50
997000069,0,3,-3
997000070,0,228,-228
997000100,27,0,27
997000141,10,2710,-2700
997000198,0,1241,-1241
998000475,2,16,-14
998000736,1,444,-443
998000965,0,6,-6
998001031,0,68,-68
998001700,0,45,-45
998001899,0,0,0
998001900,10,2,8
998003073,1995,6,1989
998101900,0,0,0
998102850,2,113,-111
998501927,537,407,130
998501929,112,11,101
998501930,97,0,97
998501931,111,13,98
998501932,17,14,3
998501933,54,3,51
998501937,59,92,-33
998501944,2,0,2
998501950,0,0,0
998501970,321,185,136
998501971,0,108,-108
998501973,0,150,-150
998501974,2,325,-323
998501975,244,0,244
998501976,48,0,48
998501977,0,19,-19
998501978,55,2,53
998501979,0,4,-4
998501980,109,5,104
998501981,21,62,-41
998501982,0,158,-158
998502006,0,0,0
998502024,0,3,-3
998502032,0,1,-1
998502062,19,6,13
998502063,0,0,0
998502173,30,0,30
998502269,0,0,0
998601159,4,439,-435
998601292,1,28,-27
999033574,6,1966,-1960
999800001,17,1,16
999800002,0,2,-2
999800003,1,0,1
999800004,0,2,-2
999800005,0,7,-7
