ID,insum,outsum,diff
100000001,405,299,106
100000002,854,299,555
100000003,4895,1093,3802
100000004,828,207,621
100000005,778,1117,-339
100000006,74,39,35
100000007,179,148,31
100000008,84,366,-282
100000009,62,69,-7
100000010,7,23,-16
100000011,96,43,53
100000012,20,603,-583
100000013,14,145,-131
100000014,126,357,-231
100000015,211,323,-112
100000016,424,906,-482
100000017,230,831,-601
100000018,513,253,260
100000019,2701,903,1798
100000020,587,1058,-471
100000021,5153,1183,3970
100000022,505,422,83
100000023,3993,476,3517
100000025,1966,279,1687
100000028,800,484,316
100000029,127,95,32
100000030,434,22,412
100000031,2393,1746,647
100000032,1382,1785,-403
100000033,282,1164,-882
100000034,581,252,329
100000035,642,374,268
100000036,1049,529,520
100000037,142,193,-51
100000038,379,340,39
100000039,267,95,172
100000040,158,61,97
100000041,178,156,22
100000042,129,142,-13
100000043,100,92,8
100000044,171,445,-274
100000045,185,1023,-838
100000046,251,953,-702
100000047,213,717,-504
100000048,537,712,-175
100000049,1046,2137,-1091
100000051,162,989,-827
100000053,8,1,7
100000054,32,7,25
100000055,157,255,-98
100000056,86,276,-190
100000057,515,324,191
100000058,483,1233,-750
100000059,0,107,-107
100000060,79,213,-134
100000061,386,247,139
100000062,232,191,41
100000063,178,133,45
100000064,232,265,-33
100000065,159,1267,-1108
100000066,92,894,-802
100000067,147,714,-567
100000068,262,1145,-883
100000069,142,1063,-921
100000072,226,1101,-875
100000073,556,955,-399
100000075,238,237,1
100000076,695,814,-119
100000077,345,31,314
100000078,110,5,105
100000079,50,14,36
100000080,2,8,-6
100000081,10,3,7
100000102,537,573,-36
100000103,1600,459,1141
100000104,2311,625,1686
100000105,2080,338,1742
100000106,1019,613,406
100000107,199,127,72
100000108,474,911,-437
100000109,2085,733,1352
100000116,755,269,486
100000117,13,12,1
100000118,894,539,355
100000119,201,570,-369
100000121,75,397,-322
100000122,270,446,-176
100000123,2741,2543,198
100000124,8017,3005,5012
100000125,2389,282,2107
100000126,288,149,139
100000127,724,213,511
100000128,709,568,141
100000129,238,250,-12
100000130,205,432,-227
100000131,4505,2016,2489
100000132,1726,694,1032
100000133,9803,2278,7525
100000135,94,318,-224
100000139,70,350,-280
100000140,156,174,-18
100000142,72,216,-144
100000143,468,568,-100
100000144,2754,751,2003
100000147,431,894,-463
100000150,15,298,-283
100000151,197,255,-58
100000153,329,88,241
100000154,26,65,-39
100000155,7,11,-4
100000156,35,13,22
100000157,37,87,-50
100000158,14,75,-61
100000159,107,218,-111
100000165,600,494,106
100000169,273,128,145
100000174,937,190,747
100000179,24,355,-331
100000180,1131,959,172
100000181,39,273,-234
100000188,68,206,-138
100000189,202,186,16
100000190,144,154,-10
100000191,223,183,40
100000192,41,29,12
100000193,19,48,-29
100000330,1261,303,958
100000355,66,333,-267
100000362,2637,2357,280
100000363,714,1272,-558
100000364,282,454,-172
100000365,2251,4505,-2254
100000366,3161,2125,1036
100000367,1351,2110,-759
100000368,1212,1389,-177
100000369,234,616,-382
100000370,46,183,-137
100000376,44,46,-2
100000379,760,531,229
100000380,927,821,106
100000384,3458,1120,2338
100000385,2654,1913,741
100000386,4236,1073,3163
100000387,3977,1777,2200
100000388,10454,1722,8732
100000389,8219,1722,6497
100000390,9278,1671,7607
100000391,5048,1613,3435
100000392,2162,600,1562
100000393,738,541,197
100000394,3439,1626,1813
100000395,1695,471,1224
100000396,2256,945,1311
100000397,1321,558,763
100000398,8790,6233,2557
100900002,0,0,0
100900003,33,47,-14
100900004,26,1136,-1110
100900005,10,3,7
100900006,0,0,0
100900007,7,0,7
100900008,5,510,-505
100900009,1,13,-12
100900010,0,0,0
100900011,5,251,-246
100900012,2,259,-257
100900013,168,7,161
100900014,0,0,0
100900015,72,32,40
100900016,0,17,-17
100900017,46,28,18
100900018,0,0,0
100900019,0,0,0
100900020,17,0,17
100900021,626,1,625
100900022,0,0,0
100900023,0,0,0
100900024,19,0,19
100900025,0,0,0
100900026,1,86,-85
100900027,238,1148,-910
100900028,8,79,-71
100900029,47,15,32
100900030,0,7,-7
100900031,91,8,83
100900032,37,1,36
100900033,99,15,84
100900034,56,0,56
100900035,20,0,20
100900036,0,0,0
100900037,6,161,-155
100900038,9,5,4
100900039,175,508,-333
100900040,51,866,-815
100900041,36,795,-759
100900042,90,21,69
100900043,0,0,0
100900044,1175,130,1045
100900045,7,0,7
100900046,439,6,433
100900047,3,1,2
100900048,7,2,5
100900049,5,132,-127
100900050,1,4,-3
100900051,15,17,-2
100900052,33,8,25
100900053,77,29,48
100900054,1,78,-77
100900055,28,42,-14
100900056,0,12,-12
100900057,134,186,-52
100900058,23,12,11
100900059,6,1,5
100900060,30,14,16
100900061,78,103,-25
100900062,0,28,-28
100900063,20,126,-106
100900064,315,5,310
100900065,15,3,12
100900066,10,11,-1
100900067,0,0,0
100900068,7,74,-67
100900069,14,2,12
100900070,39,4,35
100900071,194,80,114
100900072,0,33,-33
100900073,8,335,-327
100900074,0,1,-1
100900075,2602,162,2440
100900076,13,5,8
100900077,0,0,0
100900078,22,30,-8
100900079,0,11,-11
100900080,0,0,0
100900081,3,10,-7
100900082,11,502,-491
100900083,0,22,-22
100900085,0,30,-30
100900086,20,186,-166
100900088,3,399,-396
100900089,0,18,-18
100900090,14,273,-259
100900091,0,0,0
100900092,26,32,-6
100900093,25,68,-43
100900094,24,485,-461
100900095,0,9,-9
100900096,5,52,-47
100900097,0,0,0
100900098,8,24,-16
100900099,4,331,-327
100900100,0,49,-49
100900101,147,6,141
100900102,2,4,-2
100900103,0,9,-9
100900104,4,92,-88
100900105,0,12,-12
100900106,12,0,12
100900107,955,161,794
100900108,0,1,-1
100900109,2,25,-23
100900110,0,0,0
100900111,29,46,-17
100900112,0,0,0
100900113,0,15,-15
100900114,0,5,-5
100900115,0,0,0
100900116,227,105,122
100900117,70,147,-77
100900118,0,15,-15
100900119,0,9,-9
100900120,0,0,0
100900121,117,76,41
100900122,133,138,-5
100900123,1,11,-10
100900124,0,7,-7
100900125,2,38,-36
100900126,3,14,-11
100900127,0,3,-3
100900128,36,68,-32
100900129,0,34,-34
100900131,13,35,-22
100900133,1,9,-8
100900134,0,0,0
100900135,1,22,-21
100900137,250,154,96
100900138,47,74,-27
100900139,0,1,-1
100900140,1,712,-711
100900141,0,69,-69
100900142,0,0,0
100900143,535,122,413
100900144,2,1,1
100900145,0,38,-38
100900146,0,2,-2
100900147,0,134,-134
100900148,18,830,-812
100900149,1,4,-3
100900150,1,6,-5
100900151,36,337,-301
100900152,0,0,0
100900153,2,87,-85
100900154,0,3,-3
100900155,1,0,1
100900156,0,0,0
100900157,1,56,-55
100900158,982,202,780
100900159,0,4,-4
100900160,0,5,-5
100900161,0,0,0
100900162,9,87,-78
100900163,46,133,-87
100900164,2,8,-6
100900165,8,35,-27
100900166,0,0,0
100900167,0,59,-59
100900168,2,17,-15
100900169,172,1348,-1176
100900170,0,0,0
100900171,8,816,-808
100900172,0,4,-4
100900173,2,499,-497
100900174,4,0,4
100900176,477,19,458
100900177,708,44,664
100900178,0,59,-59
100900179,25,12,13
100900180,0,0,0
100900181,0,0,0
100900182,0,0,0
100900184,0,0,0
100900186,528,195,333
100900187,4,113,-109
100900188,50,6,44
100900189,244,32,212
100900191,779,273,506
100900192,97,78,19
100900195,20,118,-98
100900197,0,0,0
100900198,1,49,-48
100900199,0,0,0
100900200,353,199,154
100900201,12,768,-756
100900202,8,0,8
100900203,0,35,-35
100900204,164,87,77
100900205,72,101,-29
100900206,25,12,13
100900207,28,48,-20
100900210,35,604,-569
100900211,90,23,67
100900213,7,7,0
100900214,679,24,655
100900215,0,9,-9
100900217,0,1,-1
101000001,3169,1141,2028
101000002,2378,1214,1164
101000003,567,740,-173
101000004,7603,2237,5366
101000005,4544,2843,1701
101000006,6111,3758,2353
101000007,2151,1550,601
101000008,2062,1460,602
101000009,959,1863,-904
101000010,389,876,-487
101000011,1364,278,1086
101000012,537,148,389
101000013,318,406,-88
101000014,226,277,-51
101000015,474,696,-222
101000016,101,272,-171
101000017,176,357,-181
101000018,1833,1769,64
101000020,2446,692,1754
101000021,358,126,232
101000022,521,45,476
101000023,966,647,319
101000025,48,124,-76
101000026,200,26,174
101000027,772,1066,-294
101000028,452,160,292
101000029,3,310,-307
101000030,416,50,366
101000031,251,154,97
101000032,2326,1180,1146
101000033,1514,807,707
101000034,1207,591,616
101000035,824,267,557
101000036,620,212,408
101000037,2162,499,1663
101000039,1934,424,1510
101000040,3017,1143,1874
101000041,5325,829,4496
101000042,477,222,255
101000043,7476,1183,6293
101000045,629,76,553
101000046,1166,691,475
101000047,619,709,-90
101000048,423,226,197
101000049,561,363,198
101000050,1826,924,902
101000051,3481,664,2817
101000052,1189,320,869
101000053,502,863,-361
101000054,1184,1263,-79
101000055,1154,473,681
101000056,64,46,18
101000057,2503,311,2192
101000058,1380,326,1054
101000059,1561,458,1103
101000060,1382,132,1250
101000061,533,154,379
101000062,1501,208,1293
101000063,123,76,47
101000064,763,268,495
101000065,70,192,-122
101000066,40,39,1
101000067,379,224,155
101000068,137,79,58
101000069,223,55,168
101000070,1642,692,950
101000071,1486,376,1110
101000072,1153,1676,-523
101000073,217,133,84
101000074,3927,1060,2867
101000075,7314,2202,5112
101000077,529,583,-54
101000078,624,954,-330
101000079,211,1552,-1341
101000080,470,1398,-928
101000081,439,603,-164
101000082,2325,1507,818
101000083,848,699,149
101000084,779,967,-188
101000085,740,451,289
101000086,896,834,62
101000087,626,864,-238
101000088,401,477,-76
101000089,339,662,-323
101000090,1846,884,962
101000091,141,821,-680
101000092,687,689,-2
101000093,892,537,355
101000094,387,802,-415
101000095,122,603,-481
101000096,97,361,-264
101000097,116,199,-83
101000098,184,341,-157
101000099,848,694,154
101000100,666,373,293
101000101,155,249,-94
101000102,383,180,203
101000103,480,433,47
101000104,121,160,-39
101000105,320,76,244
101000106,178,183,-5
101000107,58,124,-66
101000108,943,201,742
101000109,75,33,42
101000110,12,449,-437
101000111,135,116,19
101000113,63,229,-166
101000114,1411,629,782
101000115,14,60,-46
101000116,21,74,-53
101000117,45,191,-146
101000119,136,28,108
101000120,161,13,148
101000121,29,4,25
101000122,31,14,17
101000123,23,41,-18
101000124,435,746,-311
101000125,83,217,-134
101000128,566,205,361
101000130,380,162,218
101000131,375,495,-120
101000132,164,1309,-1145
101000135,88,12,76
101000136,189,130,59
101000137,35,158,-123
101000141,1564,637,927
101000147,385,414,-29
101000148,2053,14,2039
101000149,31,15,16
101000150,19,899,-880
101000151,41,42,-1
101000152,215,215,0
101000153,433,414,19
101000154,63,1601,-1538
101000155,64,78,-14
101000156,14,135,-121
101000157,21,6,15
101000160,8,45,-37
101000163,0,0,0
101000164,279,192,87
101000165,147,142,5
101000166,131,342,-211
101000168,277,148,129
101000252,323,275,48
101000254,291,10,281
101000258,59,21,38
101000261,154,187,-33
101000262,163,471,-308
101000263,71,611,-540
101000265,33,289,-256
101000266,182,158,24
101000269,114,11,103
101000290,724,769,-45
101000293,3,56,-53
101000294,312,356,-44
101000295,56,397,-341
101000301,418,91,327
101000304,1235,1642,-407
101000305,1244,1032,212
101900001,18,44,-26
101900002,0,12,-12
101900003,25,77,-52
101900004,4,18,-14
101900005,4394,475,3919
101900006,295,5,290
101900007,186,7,179
101900008,60,29,31
101900009,16,29,-13
101900010,476,139,337
101900011,107,102,5
101900012,13,14,-1
101900013,728,30,698
101900017,17,24,-7
101900018,666,19,647
101900019,52,88,-36
101900020,439,172,267
101900021,1,26,-25
101900022,5,692,-687
101900023,3,191,-188
102000001,1078,2399,-1321
102000002,1540,792,748
102000003,2814,2343,471
102000004,6548,1258,5290
102000005,833,1334,-501
102000006,1096,585,511
102000007,1408,2982,-1574
102000008,5504,1002,4502
102000009,4087,4005,82
102000010,5053,1710,3343
102000011,1512,1353,159
102000012,1745,1951,-206
102000018,2128,854,1274
102000019,1559,439,1120
102000026,115,144,-29
102000029,321,107,214
102000030,71,119,-48
102000031,9,166,-157
102000032,132,223,-91
102000033,32,268,-236
102000034,340,206,134
102000035,608,253,355
102000036,2,91,-89
102000037,120,57,63
102000038,45,57,-12
102000039,6,18,-12
102000040,210,74,136
102000041,48,51,-3
102000042,48,33,15
102000043,105,120,-15
102000044,80,284,-204
102000045,437,602,-165
102000046,539,206,333
102000047,449,659,-210
102000048,60,281,-221
102000049,316,276,40
102000050,401,639,-238
102000051,169,251,-82
102000052,572,639,-67
102000053,238,403,-165
102000054,158,435,-277
102000055,431,608,-177
102000056,286,524,-238
102000057,641,148,493
102000058,874,1019,-145
102000059,448,1051,-603
102000060,375,297,78
102000061,677,1941,-1264
102000062,306,625,-319
102000063,720,883,-163
102000064,348,428,-80
102000065,27,88,-61
102000066,544,895,-351
102000067,1450,1674,-224
102000068,4869,1696,3173
102000069,12,767,-755
102000070,2311,100,2211
102000071,4458,6875,-2417
102000072,2311,4003,-1692
102000073,223,744,-521
102000074,215,824,-609
102000075,50,213,-163
102000076,52,459,-407
102000077,120,1006,-886
102000078,340,1002,-662
102000079,66,235,-169
102000080,210,182,28
102000081,148,566,-418
102000082,419,270,149
102000083,103,524,-421
102000084,39,254,-215
102000085,1081,970,111
102000086,598,794,-196
102000087,443,1678,-1235
102000088,101,190,-89
102000089,310,333,-23
102000090,168,754,-586
102000091,817,303,514
102000092,391,616,-225
102000093,414,397,17
102000094,366,80,286
102000095,550,1105,-555
102000096,940,286,654
102000097,1824,1329,495
102000098,318,853,-535
102000099,931,380,551
102000100,260,314,-54
102000101,593,150,443
102000102,240,373,-133
102000103,675,199,476
102000104,830,273,557
102000105,95,737,-642
102000106,210,949,-739
102000107,190,348,-158
102000108,231,271,-40
102000109,137,396,-259
102000110,149,745,-596
102000111,2,103,-101
102000112,97,54,43
102000113,3,25,-22
102000114,376,141,235
102000115,155,67,88
102000116,44,127,-83
102000117,53,327,-274
102000118,649,635,14
102000119,1570,301,1269
102000120,78,276,-198
102000121,305,265,40
102000122,136,393,-257
102000123,904,508,396
102000124,605,454,151
102000125,449,318,131
102000126,335,424,-89
102000127,437,334,103
102000128,248,673,-425
102000129,358,526,-168
102000130,200,425,-225
102000131,265,406,-141
102000132,156,271,-115
102000133,660,2171,-1511
102000134,251,453,-202
102000135,776,323,453
102000136,579,148,431
102000137,633,458,175
102000138,192,352,-160
102000139,54,334,-280
102000140,210,199,11
102000141,132,465,-333
102000142,103,246,-143
102000143,26,364,-338
102000144,38,363,-325
102000145,93,200,-107
102000146,167,271,-104
102000147,177,137,40
102000148,51,99,-48
102000149,85,374,-289
102000150,50,158,-108
102000151,49,205,-156
102000152,21,109,-88
102000153,291,136,155
102000154,236,309,-73
102000155,32,159,-127
102000156,144,14,130
102000157,22,80,-58
102000158,106,87,19
102000159,1361,64,1297
102000161,3176,460,2716
102000162,155,57,98
102000163,87,126,-39
102000164,824,289,535
102000165,186,65,121
102000166,9,51,-42
102000167,65,110,-45
102000168,59,84,-25
102000169,52,179,-127
102000170,595,71,524
102000171,49,33,16
102000172,7,72,-65
102000173,139,96,43
102000174,19,74,-55
102000175,44,39,5
102000176,11,16,-5
102000178,97,400,-303
102000179,65,151,-86
102000180,244,487,-243
102000181,72,530,-458
102000182,219,724,-505
102000183,425,695,-270
102000184,391,936,-545
102000185,393,556,-163
102000186,270,1660,-1390
102000187,183,1555,-1372
102000188,93,647,-554
102000189,2627,781,1846
102000190,361,852,-491
102000191,816,172,644
102000192,357,612,-255
102000193,8,133,-125
102000194,23,104,-81
102000195,162,442,-280
102000196,29,381,-352
102000197,108,412,-304
102000198,37,726,-689
102000199,130,407,-277
102000200,100,757,-657
102000201,154,424,-270
102000202,0,104,-104
102000203,74,226,-152
102000204,102,437,-335
102000205,259,375,-116
102000206,197,566,-369
102000207,139,251,-112
102000208,113,455,-342
102000209,9,58,-49
102000210,41,537,-496
102000211,111,416,-305
102000212,30,7,23
102000213,9,359,-350
102000214,59,11,48
102000215,2,532,-530
102000216,3,10,-7
102000217,5,182,-177
102000218,28,21,7
102000219,244,421,-177
102000225,127,47,80
102000226,2707,164,2543
102000227,8,1,7
102000228,0,100,-100
102000229,11,18,-7
102000230,61,277,-216
102000231,86,295,-209
102000232,6,74,-68
102000233,211,350,-139
102000234,16,294,-278
102000236,333,58,275
102000237,136,138,-2
102000238,76,146,-70
102000240,413,348,65
102000241,175,75,100
102000243,6,14,-8
102000245,19,41,-22
102000246,13,9,4
102000247,172,463,-291
102000248,101,235,-134
102000249,59,135,-76
102000250,22,334,-312
102000254,23,281,-258
102000266,50,193,-143
102000271,2,1,1
102000286,286,175,111
102000297,696,346,350
102000299,0,0,0
102000301,0,1,-1
102000302,0,0,0
102000303,0,1,-1
102000304,0,0,0
102000305,0,0,0
102000306,0,0,0
102000307,0,9,-9
102000308,0,3,-3
102900001,325,238,87
102900002,87,4,83
102900003,5,242,-237
102900005,56,86,-30
102900006,128,40,88
102900007,68,5,63
102900008,29,23,6
102900009,0,0,0
102900010,102,252,-150
102900011,1521,136,1385
102900012,139,58,81
102900013,0,0,0
102900015,259,81,178
102900016,0,0,0
102900017,0,0,0
102900018,0,0,0
102900019,24,159,-135
102900020,17,17,0
102900021,0,0,0
102900022,178,35,143
102900023,0,0,0
102900024,4,21,-17
102900025,0,0,0
102900026,202,409,-207
102900027,14,21,-7
102900028,22,145,-123
102900029,46,56,-10
102900030,71,81,-10
102900031,22,56,-34
102900032,8,115,-107
102900033,0,0,0
102900034,66,44,22
102900035,18,421,-403
102900036,27,362,-335
102900037,134,421,-287
102900038,170,227,-57
102900039,17,191,-174
102900040,58,110,-52
102900041,32,80,-48
102900042,60,337,-277
102900043,54,197,-143
102900044,198,1475,-1277
102900045,45,374,-329
102900046,30,245,-215
102900047,41,485,-444
102900048,227,589,-362
102900049,35,241,-206
102900050,133,270,-137
102900051,55,125,-70
102900052,0,0,0
102900053,108,473,-365
102900054,279,360,-81
102900055,0,0,0
102900056,56,235,-179
102900057,0,0,0
102900058,171,18,153
102900059,0,0,0
102900060,20,257,-237
102900061,23,377,-354
102900062,26,1285,-1259
102900063,179,126,53
102900064,50,144,-94
102900065,371,261,110
102900066,68,13,55
102900068,47,36,11
102900070,42,560,-518
102900072,6,20,-14
102900073,56,4,52
102900074,73,30,43
102900075,0,0,0
102900076,0,0,0
102900077,0,0,0
102900078,0,0,0
102900079,36,8,28
102900080,44,4,40
102900081,33,140,-107
102900082,6,125,-119
102900083,0,0,0
102900084,0,0,0
102900085,0,0,0
102900086,0,1,-1
102900087,13,39,-26
102900088,3,20,-17
102900089,150,81,69
102900090,0,441,-441
102900091,21,1,20
102900092,126,735,-609
102900093,97,89,8
102900094,0,23,-23
102900095,6,0,6
102900096,7,3,4
102900097,59,167,-108
103000001,1290,1698,-408
103000002,963,1152,-189
103000003,1968,1596,372
103000004,592,518,74
103000005,1135,1002,133
103000006,242,621,-379
103000007,144,551,-407
103000008,371,814,-443
103000009,246,556,-310
103000010,68,85,-17
103000011,1053,730,323
103000012,654,513,141
103000013,5821,1535,4286
103000014,845,745,100
103000015,1742,666,1076
103000016,238,391,-153
103000017,24,78,-54
103000018,627,248,379
103000019,50,45,5
103000020,694,928,-234
103000021,481,478,3
103000022,513,918,-405
103000023,184,500,-316
103000024,93,80,13
103000025,16,76,-60
103000026,1368,70,1298
103000027,120,90,30
103000028,570,184,386
103000029,438,124,314
103000030,1983,393,1590
103000031,929,457,472
103000032,987,963,24
103000033,1493,1234,259
103000034,1261,624,637
103000035,224,517,-293
103000036,387,198,189
103000037,498,303,195
103000038,329,432,-103
103000039,82,348,-266
103000040,112,843,-731
103000041,849,2051,-1202
103000042,303,550,-247
103000043,151,952,-801
103000044,69,135,-66
103000046,119,182,-63
103000047,201,511,-310
103000048,87,109,-22
103000049,67,124,-57
103000050,207,483,-276
103000051,136,285,-149
103000052,415,333,82
103000053,65,218,-153
103000054,940,627,313
103000055,739,869,-130
103000056,313,1302,-989
103000057,292,202,90
103000058,173,650,-477
103000059,194,489,-295
103000060,528,634,-106
103000061,200,474,-274
103000062,372,616,-244
103000063,299,400,-101
103000064,54,277,-223
103000065,4,260,-256
103000066,26,8,18
103000069,40,310,-270
103000070,306,1006,-700
103000071,320,190,130
103000072,32,853,-821
103000073,99,114,-15
103000074,118,69,49
103000075,75,791,-716
103000076,77,61,16
103000077,16,305,-289
103000078,452,87,365
103000079,908,233,675
103000080,406,95,311
103000081,216,374,-158
103000082,98,69,29
103000083,28,317,-289
103000084,0,0,0
103000085,0,66,-66
103000086,192,111,81
103000087,65,300,-235
103000088,134,249,-115
103000089,70,171,-101
103000090,868,777,91
103000091,237,285,-48
103000092,75,133,-58
103000093,174,504,-330
103000094,68,82,-14
103000095,17,305,-288
103000096,219,54,165
103000097,27,473,-446
103000098,495,39,456
103000099,101,383,-282
103000100,43,733,-690
103000101,196,121,75
103000102,50,526,-476
103000103,156,135,21
103000104,6,94,-88
103000105,34,69,-35
103000106,3,117,-114
103000107,216,34,182
103000108,244,444,-200
103000109,185,207,-22
103000110,215,231,-16
103000111,281,224,57
103000112,119,184,-65
103000113,156,385,-229
103000114,261,238,23
103000115,214,324,-110
103000116,152,359,-207
103000117,87,350,-263
103000118,821,820,1
103000119,1768,639,1129
103000120,27,100,-73
103000121,153,243,-90
103000122,101,106,-5
103000125,4,423,-419
103000126,121,2,119
103000127,0,236,-236
103000128,39,2,37
103000129,4,143,-139
103000130,16,13,3
103000131,150,56,94
103000132,80,104,-24
103000133,4,225,-221
103000134,305,223,82
103000135,643,52,591
103000136,375,171,204
103000137,245,213,32
103000138,284,180,104
103000139,3,38,-35
103000140,49,22,27
103000141,20,90,-70
103000142,58,31,27
103000143,5,161,-156
103000144,64,51,13
103000145,11,30,-19
103000150,36,53,-17
103000152,67,185,-118
103000153,55,134,-79
103000156,3,427,-424
103000157,103,2,101
103000159,57,102,-45
103000162,8,5,3
103000163,0,3,-3
103000164,3,3,0
103000165,92,318,-226
103000166,20,26,-6
103000167,44,94,-50
103000168,31,144,-113
103000169,54,88,-34
103000170,373,402,-29
103000171,17,61,-44
103000172,177,600,-423
103000173,123,510,-387
103000174,89,242,-153
103000175,91,480,-389
103000176,439,103,336
103000177,547,288,259
103000178,327,157,170
103000179,30,14,16
103000183,10,27,-17
103000185,35,35,0
103000186,41,144,-103
103000187,149,582,-433
103000188,4,43,-39
103000189,320,805,-485
103000191,248,469,-221
103000292,2074,378,1696
103000293,1045,464,581
103000295,48,67,-19
103000296,125,2,123
103000297,130,20,110
103000504,152,12,140
103000505,6,4,2
103000506,0,140,-140
103000507,57,2,55
103000508,34,23,11
103000509,89,440,-351
103900001,3,180,-177
103900002,1008,75,933
103900003,975,56,919
103900004,3,0,3
103900005,3,182,-179
103900006,0,0,0
103900007,0,0,0
103900008,3,0,3
103900009,29,150,-121
103900010,25,193,-168
103900011,30,192,-162
103900012,10,0,10
103900013,6,66,-60
103900014,8,6,2
103900015,1,12,-11
103900016,123,275,-152
103900017,20,66,-46
103900018,394,66,328
103900019,13,67,-54
103900020,35,77,-42
103900021,5,2,3
103900022,264,332,-68
103900023,14,1,13
103900024,68,556,-488
103900025,6,22,-16
103900026,0,0,0
103900027,82,127,-45
103900028,9,115,-106
103900029,355,113,242
103900030,69,3,66
103900031,0,0,0
103900032,3,7,-4
103900033,10,0,10
103900034,23,184,-161
103900035,36,65,-29
103900036,9,5,4
103900037,4,16,-12
103900038,31,25,6
103900039,7,329,-322
103900040,5,168,-163
103900041,1,9,-8
103900042,5,398,-393
103900043,13,76,-63
103900044,125,52,73
103900045,35,74,-39
103900047,8,38,-30
103900048,21,5,16
103900049,147,879,-732
103900050,2,65,-63
103900051,0,30,-30
103900052,43,362,-319
103900053,24,999,-975
103900054,19,432,-413
103900055,103,114,-11
103900056,5,20,-15
103900057,2,212,-210
103900058,35,631,-596
103900059,0,4,-4
103900060,3,155,-152
103900061,8,20,-12
103900062,20,32,-12
103900063,0,0,0
103900064,5,0,5
103900065,475,164,311
103900066,14,1,13
103900067,9,0,9
103900068,0,0,0
103900069,2,3,-1
103900070,22,181,-159
103900071,14,158,-144
103900072,4,307,-303
103900073,13,5,8
103900074,6,59,-53
103900075,24,45,-21
103900076,104,598,-494
103900077,30,14,16
103900078,28,82,-54
103900079,60,140,-80
103900080,3,8,-5
103900081,0,0,0
103900082,2,46,-44
103900083,1364,104,1260
103900084,11,73,-62
103900085,26,42,-16
103900086,90,160,-70
103900087,19,53,-34
103900088,205,95,110
103900089,15,106,-91
103900090,0,134,-134
103900091,361,104,257
103900092,63,274,-211
103900093,53,350,-297
103900094,7,126,-119
103900095,24,82,-58
103900096,11,254,-243
103900097,5,378,-373
103900098,86,49,37
103900099,4,207,-203
103900100,41,245,-204
103900101,48,517,-469
103900102,0,17,-17
103900104,2,14,-12
103900105,71,95,-24
103900106,1,7,-6
103900107,6,153,-147
103900108,21,363,-342
103900109,12,40,-28
103900110,61,30,31
103900111,9,675,-666
103900112,4,22,-18
103900113,41,99,-58
103900114,309,171,138
103900115,183,26,157
103900116,3524,309,3215
103900117,225,128,97
103900119,8,6,2
103900120,4,59,-55
103900122,8,316,-308
103900123,700,228,472
103900124,13,135,-122
103900125,25,56,-31
103900126,57,263,-206
103900127,46,605,-559
103900128,15,188,-173
103900131,1,67,-66
103900133,287,11,276
103900134,0,0,0
103900135,2,4,-2
103900137,0,17,-17
103900138,0,103,-103
103900139,51,397,-346
103900140,0,0,0
103900141,100,45,55
103900142,1,38,-37
103900143,10,2,8
103900144,0,15,-15
103900145,55,274,-219
103900146,88,199,-111
103900147,59,88,-29
103900148,25,147,-122
103900149,21,545,-524
103900150,4328,530,3798
103900151,19,97,-78
103900152,43,595,-552
103900153,5,0,5
103900154,997,235,762
103900155,8,102,-94
103900156,7,95,-88
103900157,1,182,-181
103900158,8,124,-116
103900159,20,45,-25
103900160,13,6,7
103900161,30,90,-60
103900162,21,173,-152
103900163,4,250,-246
103900164,17,19,-2
103900167,2,17,-15
103900168,6,60,-54
103900169,0,15,-15
103900170,0,41,-41
103900171,0,43,-43
103900172,6,16,-10
103900173,0,1,-1
103900174,21,33,-12
103900175,25,9,16
103900176,6,6,0
103900177,2,30,-28
103900178,4,62,-58
103900179,5,159,-154
103900180,4,85,-81
103900181,36,15,21
103900182,24,4,20
103900184,367,19,348
103900185,149,36,113
103900187,43,9,34
103900188,21,2,19
103900189,44,1,43
103900190,0,22,-22
103900191,6,43,-37
103900192,6,25,-19
103900193,98,55,43
103900194,7,199,-192
103900195,1,9,-8
103900196,5,7,-2
103900197,2,13,-11
103900198,4,28,-24
103900199,37,58,-21
103900200,19,77,-58
103900201,22,110,-88
103900202,1,29,-28
103900203,3,9,-6
103900204,0,78,-78
103900207,0,116,-116
103900208,10,0,10
103900209,1,77,-76
103900210,7,32,-25
103900211,85,484,-399
103900212,26,418,-392
103900213,40,129,-89
103900214,4,3,1
103900215,564,187,377
103900216,8,790,-782
103900217,44,16,28
103900218,2,80,-78
103900219,7,148,-141
103900233,33,2,31
103900235,12,4,8
103900236,10,0,10
103900242,1,5,-4
103900243,2,0,2
103900244,6,149,-143
103900245,8,129,-121
103900246,10,14,-4
103900247,11,37,-26
103900248,4,4,0
103900249,1,6,-5
103900250,10,4,6
103900251,0,7,-7
103900253,4,16,-12
103900254,1,7,-6
103900255,0,5,-5
103900256,1,1,0
103900257,20,16,4
103900258,1,1,0
103900259,51,0,51
103900261,0,2,-2
103900262,4,0,4
103900263,3,4,-1
103900264,9,0,9
103900265,6,6,0
103900266,1,19,-18
103900267,1,29,-28
103900268,0,13,-13
103900269,2,17,-15
103900270,0,15,-15
104000001,1197,1579,-382
104000002,958,1624,-666
104000003,1390,1465,-75
104000004,2607,1711,896
104000005,469,1090,-621
104000006,1618,1863,-245
104000007,2352,2149,203
104000008,187,455,-268
104000009,54,118,-64
104000010,29,139,-110
104000011,519,474,45
104000012,67,479,-412
104000013,37,48,-11
104000014,140,647,-507
104000015,67,60,7
104000016,120,397,-277
104000018,250,62,188
104000019,144,36,108
104000020,58,756,-698
104000021,136,710,-574
104000022,57,252,-195
104000023,226,162,64
104000024,44,175,-131
104000026,16,90,-74
104000027,93,377,-284
104000028,116,153,-37
104000029,211,580,-369
104000030,64,109,-45
104000031,163,142,21
104000032,82,361,-279
104000033,137,169,-32
104000034,126,420,-294
104000035,165,246,-81
104000036,203,470,-267
104000037,161,262,-101
104000038,138,203,-65
104000039,96,370,-274
104000040,251,384,-133
104000041,208,182,26
104000042,117,343,-226
104000043,141,269,-128
104000044,107,566,-459
104000045,350,917,-567
104000046,775,1000,-225
104000047,432,930,-498
104000048,929,1545,-616
104000049,113,239,-126
104000050,110,407,-297
104000051,52,529,-477
104000052,466,1124,-658
104000053,304,334,-30
104000054,229,538,-309
104000055,2585,1697,888
104000056,923,68,855
104000057,39,458,-419
104000058,369,558,-189
104000059,148,708,-560
104000060,201,647,-446
104000061,433,842,-409
104000062,33,24,9
104000064,448,166,282
104000065,59,220,-161
104000069,1206,345,861
104000070,23,207,-184
104000071,110,295,-185
104000072,110,38,72
104000075,12,98,-86
104000076,131,37,94
104000082,959,1249,-290
104000083,333,86,247
104000084,82,336,-254
104000085,60,91,-31
104000086,112,376,-264
104000087,206,324,-118
104000090,364,1258,-894
104000092,261,2097,-1836
104000094,388,1643,-1255
104000095,895,1061,-166
104000096,246,349,-103
104000097,425,486,-61
104000098,298,736,-438
104000100,271,389,-118
104000101,538,1195,-657
104000106,130,272,-142
104000107,185,388,-203
104000108,129,413,-284
104000109,106,16,90
104000110,583,586,-3
104000111,3222,752,2470
104000112,1517,347,1170
104000116,5,1277,-1272
104000117,8,863,-855
104000118,94,198,-104
104000119,169,142,27
104000120,14,842,-828
104000121,146,437,-291
104000122,282,520,-238
104000123,508,656,-148
104000124,1229,1650,-421
104000125,4391,1694,2697
104000126,159,382,-223
104000127,1110,2367,-1257
104000128,231,284,-53
104000129,279,16,263
104000130,19,151,-132
104000131,919,560,359
104000132,493,805,-312
104000133,682,532,150
104000134,591,888,-297
104000135,265,555,-290
104000136,679,1157,-478
104000137,1244,104,1140
104000138,1251,196,1055
104000139,8409,1823,6586
104000141,1110,1372,-262
104000142,292,844,-552
104000143,241,738,-497
104000144,25,88,-63
104000145,138,74,64
104000146,349,439,-90
104000147,64,283,-219
104000148,70,64,6
104000149,104,316,-212
104000150,222,166,56
104000151,233,735,-502
104000152,245,989,-744
104000153,82,144,-62
104000154,799,721,78
104000155,102,185,-83
104000157,888,1549,-661
104000158,234,211,23
104000159,215,203,12
104000160,1146,792,354
104000161,107,54,53
104000162,23,44,-21
104000165,459,387,72
104000167,103,242,-139
104000168,156,2,154
104000169,0,0,0
104000170,895,158,737
104000248,6,514,-508
104000251,30,264,-234
104000272,0,0,0
104000273,2,0,2
104000274,0,0,0
104000275,9,0,9
104000279,529,433,96
104000290,48,254,-206
104000291,480,573,-93
104000293,292,538,-246
104000294,0,0,0
104000295,253,603,-350
104000296,148,457,-309
104000297,565,1092,-527
104000298,1189,542,647
104000299,291,863,-572
104900001,9,111,-102
104900002,7,35,-28
104900003,14,357,-343
104900004,35,334,-299
104900005,53,74,-21
104900006,29,24,5
104900007,61,157,-96
104900009,17,354,-337
104900010,4,4,0
104900011,2,4,-2
104900012,20,1,19
104900013,13,2,11
104900014,2074,140,1934
104900015,26,3,23
104900016,36,243,-207
104900017,8,110,-102
104900018,3,139,-136
104900019,89,246,-157
104900020,14,167,-153
104900021,0,0,0
104900022,3,82,-79
104900023,0,0,0
104900024,2,36,-34
104900025,31,227,-196
104900026,0,0,0
104900027,41,15,26
104900028,19,62,-43
104900029,0,0,0
104900030,65,23,42
104900031,69,105,-36
104900032,15,90,-75
104900033,0,0,0
104900034,39,22,17
104900035,13,18,-5
104900036,19,5,14
104900037,26,123,-97
104900038,193,86,107
104900039,0,0,0
104900040,24,24,0
104900041,0,0,0
104900042,44,235,-191
104900043,0,0,0
104900044,55,37,18
104900045,0,0,0
104900046,10,52,-42
104900047,17,40,-23
104900048,17,21,-4
104900049,0,0,0
104900050,20,51,-31
104900051,7,10,-3
104900052,0,0,0
104900053,27,10,17
104900054,26,1,25
104900055,0,0,0
104900056,15,0,15
104900057,24,1,23
104900058,69,54,15
104900059,0,0,0
104900060,1,268,-267
104900061,114,459,-345
104900063,1,82,-81
104900064,0,66,-66
104900065,0,64,-64
104900066,4,106,-102
104900067,4,141,-137
104900068,4,187,-183
104900070,29,275,-246
104900071,2,667,-665
104900072,8,154,-146
104900073,1,92,-91
104900074,14,178,-164
104900075,6,14,-8
104900076,44,501,-457
104900077,468,28,440
104900078,51,613,-562
104900079,49,62,-13
104900080,9,357,-348
104900082,3,53,-50
104900085,0,97,-97
104900087,79,2,77
104900089,0,0,0
104900090,69,57,12
104900091,165,480,-315
104900093,58,271,-213
104900097,1795,612,1183
104900098,14,8,6
104900099,68,250,-182
104900100,444,93,351
104900102,8,145,-137
104900103,229,47,182
104900104,1304,348,956
104900106,8,91,-83
104900107,19,204,-185
104900108,7,168,-161
104900109,8,60,-52
104900110,6,18,-12
104900111,33,43,-10
104900112,94,618,-524
104900113,160,297,-137
104900114,101,554,-453
104900115,137,359,-222
104900116,28,278,-250
104900118,1,51,-50
104900119,0,21,-21
104900120,0,0,0
104900121,0,0,0
104900122,0,0,0
104900123,0,0,0
104900124,0,0,0
104900125,75,0,75
104900126,27,30,-3
104900127,4,2,2
104900128,0,10,-10
104900129,1341,295,1046
105000001,1305,1426,-121
105000002,868,1238,-370
105000003,1253,2563,-1310
105000004,233,732,-499
105000005,385,829,-444
105000006,440,738,-298
105000007,359,655,-296
105000008,344,989,-645
105000009,506,1139,-633
105000010,1902,2062,-160
105000011,881,822,59
105000012,2960,2767,193
105000013,395,428,-33
105000014,675,991,-316
105000015,4588,2613,1975
105000016,2458,1316,1142
105000017,760,770,-10
105000018,578,581,-3
105000019,783,465,318
105000020,100,310,-210
105000021,193,110,83
105000022,46,21,25
105000023,152,104,48
105000028,37,136,-99
105000029,198,499,-301
105000030,2827,3069,-242
105000033,703,2119,-1416
105000034,49,240,-191
105000037,435,411,24
105000038,520,578,-58
105000039,2946,2378,568
105000040,231,335,-104
105000041,525,1493,-968
105000042,1146,428,718
105000043,2175,2736,-561
105000044,152,230,-78
105000045,191,936,-745
105000046,230,205,25
105000047,256,1582,-1326
105000048,119,100,19
105000049,184,674,-490
105000050,53,28,25
105000051,129,404,-275
105000052,99,646,-547
105000053,73,154,-81
105000054,69,733,-664
105000055,180,404,-224
105000056,467,2089,-1622
105000057,552,925,-373
105000058,648,1085,-437
105000059,91,235,-144
105000060,165,483,-318
105000061,76,178,-102
105000062,372,982,-610
105000063,124,565,-441
105000064,232,429,-197
105000065,126,887,-761
105000066,462,1817,-1355
105000067,191,299,-108
105000068,298,629,-331
105000069,1735,260,1475
105000070,432,427,5
105000071,42,117,-75
105000072,179,185,-6
105000073,401,267,134
105000074,476,729,-253
105000075,264,525,-261
105000076,602,891,-289
105000077,1171,637,534
105000078,727,626,101
105000079,959,1247,-288
105000080,725,617,108
105000081,588,602,-14
105000082,137,272,-135
105000083,399,470,-71
105000084,228,885,-657
105000085,502,479,23
105000086,278,696,-418
105000087,1719,1430,289
105000088,771,541,230
105000089,3037,2402,635
105000090,893,1111,-218
105000091,1709,1977,-268
105000092,388,1153,-765
105000093,271,175,96
105000094,139,122,17
105000095,44,321,-277
105000096,383,378,5
105000097,486,399,87
105000098,171,279,-108
105000099,279,641,-362
105000100,717,732,-15
105000101,1086,1810,-724
105000102,1525,1187,338
105000103,993,1883,-890
105000104,452,707,-255
105000105,368,1372,-1004
105000106,563,1419,-856
105000107,303,562,-259
105000108,408,1075,-667
105000109,677,1410,-733
105000110,225,590,-365
105000111,196,288,-92
105000112,452,522,-70
105000113,131,277,-146
105000114,2528,549,1979
105000115,124,370,-246
105000116,120,179,-59
105000117,330,1032,-702
105000118,59,162,-103
105000119,289,1170,-881
105000120,146,279,-133
105000121,420,970,-550
105000122,105,212,-107
105000123,487,965,-478
105000124,404,566,-162
105000125,199,1362,-1163
105000126,724,1795,-1071
105000127,1136,1444,-308
105000128,209,961,-752
105000129,180,239,-59
105000130,43,257,-214
105000131,268,232,36
105000132,213,149,64
105000133,123,869,-746
105000134,159,196,-37
105000135,143,518,-375
105000136,17,84,-67
105000137,107,183,-76
105000138,34,153,-119
105000139,543,987,-444
105000140,19,111,-92
105000141,80,598,-518
105000142,21,134,-113
105000143,99,548,-449
105000144,114,480,-366
105000145,138,253,-115
105000146,165,465,-300
105000147,57,38,19
105000148,153,74,79
105000149,224,133,91
105000150,1046,1094,-48
105000151,141,205,-64
105000152,36,496,-460
105000153,156,306,-150
105000154,146,726,-580
105000155,77,292,-215
105000156,345,782,-437
105000157,628,1514,-886
105000158,712,606,106
105000159,197,1020,-823
105000160,531,443,88
105000161,333,1614,-1281
105000162,130,583,-453
105000163,702,788,-86
105000164,156,201,-45
105000165,923,1330,-407
105000166,5334,158,5176
105000167,2242,851,1391
105000168,14,624,-610
105000169,118,453,-335
105000170,12,690,-678
105000171,691,270,421
105000172,1,2,-1
105000173,3,0,3
105000174,1,3,-2
105000175,47,124,-77
105000176,27,39,-12
105000177,20,85,-65
105000178,32,167,-135
105000179,70,68,2
105000180,34,97,-63
105000181,23,102,-79
105000182,25,42,-17
105000183,2111,579,1532
105000184,891,728,163
105000185,331,166,165
105000186,196,1137,-941
105000187,196,91,105
105000188,39,40,-1
105000189,59,628,-569
105000190,21,58,-37
105000191,147,486,-339
105000192,24,91,-67
105000193,30,139,-109
105000194,52,55,-3
105000195,118,1012,-894
105000196,9,21,-12
105000197,96,559,-463
105000198,367,167,200
105000199,64,90,-26
105000200,41,216,-175
105000201,19,7,12
105000203,6,237,-231
105000204,35,111,-76
105000205,66,213,-147
105000207,638,195,443
105000208,0,0,0
105000209,93,291,-198
105000212,344,1043,-699
105000213,99,148,-49
105000214,16,131,-115
105000215,9,174,-165
105000216,90,377,-287
105000217,83,398,-315
105000218,192,538,-346
105000221,35,218,-183
105000222,2,19,-17
105000223,35,108,-73
105000226,4,115,-111
105000227,1,68,-67
105000228,88,621,-533
105000229,20,96,-76
105000231,0,0,0
105000233,217,336,-119
105000234,441,1097,-656
105000235,73,255,-182
105000237,120,20,100
105000243,22,206,-184
105000248,76,47,29
105000262,73,1406,-1333
105000269,30,77,-47
105000270,68,103,-35
105000271,1,240,-239
105000282,17,49,-32
105000287,161,73,88
105000288,109,215,-106
105000289,284,424,-140
105000290,0,0,0
105000402,3723,1283,2440
105000426,141,301,-160
105000438,291,330,-39
105000446,9209,3164,6045
105000447,6031,1600,4431
105000454,44,418,-374
105000455,99,136,-37
105000474,0,0,0
105000477,25,199,-174
105000478,414,632,-218
105000479,47,146,-99
105000480,694,823,-129
105000481,840,1052,-212
105000482,2879,1940,939
105000483,402,708,-306
105000484,1379,1989,-610
105000485,727,1007,-280
105000486,1924,1845,79
105000488,1733,1680,53
105000489,177,482,-305
105000549,4,13,-9
105000550,257,807,-550
105000551,7,68,-61
105000552,2866,1318,1548
105900001,0,441,-441
105900002,1159,126,1033
105900003,1,43,-42
105900004,347,71,276
105900005,2,197,-195
105900006,0,35,-35
105900007,15,8,7
105900008,18,610,-592
105900009,1,5,-4
105900011,59,44,15
105900012,118,131,-13
105900013,0,9,-9
105900014,1,56,-55
105900015,61,254,-193
105900016,52,556,-504
105900017,216,37,179
105900018,120,185,-65
105900019,19,475,-456
105900020,6,41,-35
105900021,15,403,-388
105900022,120,221,-101
105900023,1,117,-116
105900024,1,147,-146
105900025,7,25,-18
105900026,123,19,104
105900027,2414,1247,1167
105900028,10,95,-85
105900029,1586,310,1276
105900030,65,210,-145
105900031,238,138,100
105900032,15,118,-103
105900033,14,117,-103
105900034,26,143,-117
105900035,63,101,-38
105900036,7,110,-103
105900037,27,46,-19
105900038,55,183,-128
105900039,11,127,-116
105900040,12,77,-65
105900041,119,239,-120
105900042,18,53,-35
105900043,1083,42,1041
105900044,0,83,-83
105900045,2,373,-371
105900046,0,116,-116
105900047,9,13,-4
105900048,13,383,-370
105900050,421,409,12
105900051,1,774,-773
105900052,78,5,73
105900053,2999,301,2698
105900054,186,185,1
105900056,533,70,463
105900057,8,107,-99
105900058,0,12,-12
105900059,0,7,-7
106000001,1129,478,651
106000002,1478,2521,-1043
106000003,1618,852,766
106000004,1697,1549,148
106000005,1353,1978,-625
106000006,3940,3451,489
106000007,220,243,-23
106000008,234,246,-12
106000009,214,187,27
106000010,312,360,-48
106000011,226,518,-292
106000012,403,1302,-899
106000013,758,935,-177
106000014,1101,1421,-320
106000015,459,573,-114
106000016,645,1918,-1273
106000017,384,465,-81
106000018,287,589,-302
106000019,119,304,-185
106000020,84,425,-341
106000021,141,306,-165
106000022,175,327,-152
106000023,237,229,8
106000024,233,714,-481
106000025,120,114,6
106000026,72,239,-167
106000027,171,282,-111
106000028,295,710,-415
106000029,487,1399,-912
106000030,637,163,474
106000034,212,430,-218
106000035,229,469,-240
106000036,220,238,-18
106000037,830,970,-140
106000038,153,54,99
106000039,63,26,37
106000040,91,523,-432
106000041,367,185,182
106000043,182,46,136
106000046,133,18,115
106000047,17,260,-243
106000049,82,55,27
106000050,124,713,-589
106000051,140,117,23
106000052,65,575,-510
106000053,0,0,0
106000054,229,388,-159
106000055,101,231,-130
106000056,201,477,-276
106000057,0,0,0
106000058,90,195,-105
106000059,53,96,-43
106000060,406,552,-146
106000061,28,171,-143
106000062,134,555,-421
106000063,90,151,-61
106000064,28,424,-396
106000065,25,45,-20
106000066,44,337,-293
106000067,14,40,-26
106000068,11,510,-499
106000069,17,49,-32
106000070,79,608,-529
106000071,78,158,-80
106000072,2884,717,2167
106000073,876,708,168
106000074,90,402,-312
106000075,124,492,-368
106000076,453,986,-533
106000077,1155,687,468
106000078,170,519,-349
106000079,188,809,-621
106000080,328,533,-205
106000081,200,605,-405
106000082,1125,621,504
106000083,118,658,-540
106000084,157,425,-268
106000085,528,628,-100
106000086,144,363,-219
106000087,192,367,-175
106000088,81,507,-426
106000089,190,327,-137
106000090,68,424,-356
106000091,120,348,-228
106000092,128,113,15
106000093,49,21,28
106000094,66,299,-233
106000095,110,863,-753
106000096,154,476,-322
106000097,124,1125,-1001
106000098,92,644,-552
106000099,25,811,-786
106000100,161,186,-25
106000101,184,222,-38
106000102,58,461,-403
106000103,149,474,-325
106000104,236,193,43
106000105,143,757,-614
106000106,137,231,-94
106000107,39,368,-329
106000108,50,175,-125
106000109,35,364,-329
106000110,58,218,-160
106000111,70,477,-407
106000112,45,210,-165
106000113,820,494,326
106000114,250,189,61
106000115,100,406,-306
106000116,107,181,-74
106000117,498,633,-135
106000118,482,482,0
106000119,2075,875,1200
106000120,473,269,204
106000121,53,102,-49
106000122,18,203,-185
106000123,101,193,-92
106000124,8,256,-248
106000125,9,324,-315
106000126,25,142,-117
106000127,173,776,-603
106000128,92,142,-50
106000129,138,597,-459
106000130,117,166,-49
106000131,33,390,-357
106000132,293,59,234
106000133,3099,566,2533
106000134,175,241,-66
106000135,101,608,-507
106000136,118,92,26
106000137,39,1294,-1255
106000138,162,16,146
106000139,0,0,0
106000140,6,93,-87
106000141,12,125,-113
106000142,0,0,0
106000143,10,112,-102
106000144,0,0,0
106000145,61,426,-365
106000146,0,0,0
106000147,158,319,-161
106000148,284,495,-211
106000149,173,195,-22
106000150,218,894,-676
106000151,2692,385,2307
106000152,940,497,443
106000153,30,569,-539
106000154,1072,142,930
106000155,19,48,-29
106000156,181,217,-36
106000157,292,1444,-1152
106000158,1885,355,1530
106000159,3610,1048,2562
106000160,49,592,-543
106000161,912,484,428
106000162,60,223,-163
106000163,74,488,-414
106000164,55,161,-106
106000165,84,652,-568
106000166,109,186,-77
106000167,106,1158,-1052
106000168,49,171,-122
106000169,47,673,-626
106000170,110,151,-41
106000171,25,703,-678
106000172,812,518,294
106000173,276,2044,-1768
106000174,75,164,-89
106000175,94,897,-803
106000176,310,319,-9
106000177,320,1749,-1429
106000178,1096,693,403
106000179,508,1503,-995
106000180,420,1568,-1148
106000181,141,1650,-1509
106000182,166,466,-300
106000183,178,848,-670
106000184,540,775,-235
106000185,472,622,-150
106000186,386,103,283
106000187,79,419,-340
106000188,0,0,0
106000189,2,57,-55
106000190,0,0,0
106000191,184,123,61
106000192,2,33,-31
106000193,138,78,60
106000194,61,216,-155
106000195,168,59,109
106000196,66,212,-146
106000197,104,233,-129
106000198,54,218,-164
106000199,578,247,331
106000200,328,93,235
106000201,224,500,-276
106000202,5599,259,5340
106000203,129,199,-70
106000204,2,2,0
106000205,14,134,-120
106000206,6,7,-1
106000207,25,809,-784
106000208,122,14,108
106000209,139,119,20
106000210,86,1292,-1206
106000211,234,1431,-1197
106000212,74,39,35
106000213,347,664,-317
106000214,940,182,758
106000215,95,305,-210
106000216,169,187,-18
106000217,94,300,-206
106000218,167,159,8
106000219,31,172,-141
106000220,177,164,13
106000221,36,234,-198
106000222,15,65,-50
106000223,16,59,-43
106000224,32,318,-286
106000225,18,22,-4
106000226,86,331,-245
106000228,7,115,-108
106000229,21,589,-568
106000231,163,53,110
106000232,21,352,-331
106000233,70,55,15
106000234,7,185,-178
106000235,57,19,38
106000236,33,27,6
106000237,0,3,-3
106000238,0,2,-2
106000239,1,43,-42
106000240,5,0,5
106000241,16,508,-492
106000242,12,7,5
106000249,0,0,0
106000250,16,256,-240
106000251,9,17,-8
106000252,13,112,-99
106000253,7,67,-60
106000254,15,82,-67
106000255,6,51,-45
106000256,37,104,-67
106000257,37,273,-236
106000258,14,3,11
106000259,0,20,-20
106000260,4,2,2
106000261,0,48,-48
106000262,3,3,0
106000263,0,51,-51
106000264,53,1,52
106000265,4,97,-93
106000266,36,3,33
106000267,2,101,-99
106000268,146,7,139
106000269,20,42,-22
106000270,73,275,-202
106000271,12,112,-100
106000272,36,35,1
106000273,6,78,-72
106000274,100,33,67
106000275,49,127,-78
106000276,57,43,14
106000277,81,84,-3
106000278,120,31,89
106000279,9,55,-46
106000280,14,152,-138
106000281,39,57,-18
106000282,22,27,-5
106000283,19,73,-54
106000284,23,64,-41
106000285,54,151,-97
106000286,40,101,-61
106000287,33,91,-58
106000288,33,119,-86
106000289,8,70,-62
106000290,32,134,-102
106000291,21,62,-41
106000292,38,135,-97
106000293,45,52,-7
106000294,47,91,-44
106000295,12,25,-13
106000296,46,75,-29
106000297,105,105,0
106000298,122,56,66
106000299,28,74,-46
106000300,22,56,-34
106000301,47,70,-23
106000303,6,24,-18
106000304,16,36,-20
106000305,5,26,-21
106000306,49,66,-17
106000307,11,6,5
106000308,28,166,-138
106000309,7,74,-67
106000310,85,346,-261
106000311,97,63,34
106000312,48,113,-65
106000313,32,140,-108
106000318,112,160,-48
106000319,128,11,117
106000320,3,14,-11
106000321,138,31,107
106000322,17,182,-165
106000324,1,103,-102
106000325,419,480,-61
106000326,482,1554,-1072
106000327,7,97,-90
106000328,1,63,-62
106000329,12,214,-202
106000330,15,30,-15
106000428,43,138,-95
106000429,35,389,-354
106000430,166,1155,-989
106000431,235,160,75
106000432,587,1785,-1198
106000433,415,334,81
106000434,769,235,534
106000435,1515,1850,-335
106000436,21,367,-346
106000437,42,12,30
106000438,174,32,142
106000439,81,380,-299
106000440,102,417,-315
106000441,0,1,-1
106000442,14,2,12
106000443,42,475,-433
106000450,2,141,-139
106000451,6,2,4
106000454,3,17,-14
106000455,6,105,-99
106000456,29,5,24
106000457,7,1026,-1019
106000458,60,47,13
106000459,22,388,-366
106000460,123,4,119
106000461,13,1935,-1922
106000462,0,6,-6
106000463,0,7,-7
106000464,4,580,-576
106000465,26,0,26
106000466,4,636,-632
106000467,355,384,-29
106000468,20,153,-133
106000469,58,4,54
106000470,113,562,-449
106000471,9,461,-452
106000472,15,3,12
106000473,16,21,-5
106000474,159,653,-494
106000475,81,91,-10
106000476,153,118,35
106000477,20,48,-28
106900001,1,5,-4
106900002,2,444,-442
106900003,119,484,-365
106900004,0,25,-25
106900006,0,16,-16
106900007,0,8,-8
106900008,41,147,-106
106900009,39,197,-158
106900010,36,179,-143
106900012,648,336,312
106900013,60,2,58
106900014,2,0,2
106900015,5,0,5
106900016,12,1,11
106900017,3,0,3
106900018,0,0,0
106900019,3,0,3
106900020,1814,230,1584
106900021,3,11,-8
106900022,36,0,36
106900023,3,168,-165
106900024,60,1,59
106900025,42,509,-467
106900026,5,780,-775
106900027,67,0,67
107000001,510,921,-411
107000002,1648,2965,-1317
107000003,1598,2851,-1253
107000004,3788,5267,-1479
107000005,710,1552,-842
107000006,2027,5748,-3721
107000007,2450,2229,221
107000008,16399,10581,5818
107000009,1973,2081,-108
107000010,8360,10602,-2242
107000011,696,1037,-341
107000012,2448,2705,-257
107000013,22,183,-161
107000014,15,234,-219
107000015,143,772,-629
107000016,172,1167,-995
107000017,2753,739,2014
107000018,8,309,-301
107000020,1008,258,750
107000021,1040,1113,-73
107000022,520,1877,-1357
107000023,1072,354,718
107000024,315,2306,-1991
107000025,109,345,-236
107000026,54,747,-693
107000027,643,583,60
107000028,739,1118,-379
107000029,597,875,-278
107000030,2159,2372,-213
107000031,783,1060,-277
107000032,77,213,-136
107000033,3020,4126,-1106
107000034,5488,1742,3746
107000035,146,111,35
107000036,297,691,-394
107000037,55,336,-281
107000038,210,235,-25
107000039,169,203,-34
107000040,89,284,-195
107000041,670,325,345
107000042,382,1089,-707
107000043,1739,400,1339
107000044,449,392,57
107000045,43,242,-199
107000046,180,148,32
107000047,155,667,-512
107000048,128,205,-77
107000049,106,521,-415
107000050,235,263,-28
107000051,462,221,241
107000052,456,313,143
107000053,87,66,21
107000054,32,205,-173
107000055,18,16,2
107000056,299,623,-324
107000057,1168,151,1017
107000058,427,543,-116
107000059,1084,2314,-1230
107000060,1106,2100,-994
107000061,3185,3397,-212
107000062,904,1266,-362
107000063,2002,4642,-2640
107000064,861,960,-99
107000065,2080,5366,-3286
107000066,860,979,-119
107000067,424,569,-145
107000068,836,317,519
107000069,176,220,-44
107000070,18,0,18
107000071,289,9,280
107000072,31,3076,-3045
107000073,63,51,12
107000074,97,788,-691
107000075,261,46,215
107000076,503,1687,-1184
107000077,490,88,402
107000078,766,2889,-2123
107000079,409,163,246
107000080,614,2804,-2190
107000081,270,213,57
107000082,210,2452,-2242
107000083,177,106,71
107000084,208,2351,-2143
107000085,1402,1904,-502
107000086,2017,1854,163
107000087,1302,1184,118
107000088,1223,2122,-899
107000089,600,949,-349
107000090,578,634,-56
107000091,394,597,-203
107000092,293,848,-555
107000093,283,489,-206
107000094,309,871,-562
107000095,98,67,31
107000096,338,718,-380
107000097,35,64,-29
107000098,234,320,-86
107000099,113,131,-18
107000100,240,210,30
107000101,21,49,-28
107000102,298,210,88
107000103,83,61,22
107000104,129,272,-143
107000105,89,59,30
107000106,90,238,-148
107000107,97,65,32
107000108,61,679,-618
107000109,0,0,0
107000110,25,490,-465
107000111,0,0,0
107000112,5,339,-334
107000113,0,0,0
107000114,21,576,-555
107000115,0,0,0
107000116,38,936,-898
107000117,0,1,-1
107000118,49,225,-176
107000119,944,241,703
107000120,1744,323,1421
107000121,123,268,-145
107000122,433,681,-248
107000123,91,397,-306
107000124,222,749,-527
107000125,149,522,-373
107000126,313,1131,-818
107000127,14,293,-279
107000129,43,130,-87
107000130,18,90,-72
107000131,188,307,-119
107000132,100,145,-45
107000133,92,106,-14
107000134,39,1,38
107000135,1,175,-174
107000136,105,1,104
107000137,2,229,-227
107000138,116,7,109
107000139,5,284,-279
107000140,253,8,245
107000141,86,640,-554
107000142,91,21,70
107000143,17,705,-688
107000144,134,66,68
107000145,50,417,-367
107000146,123,53,70
107000147,1985,546,1439
107000150,654,1089,-435
107000151,26,46,-20
107000152,161,211,-50
107000153,187,169,18
107000154,47,46,1
107000155,327,18,309
107000156,549,21,528
107000157,22,2641,-2619
107000158,113,8,105
107000159,16,1214,-1198
107000160,144,55,89
107000161,25,1719,-1694
107000162,56,147,-91
107000163,7,0,7
107000164,58,1,57
107000165,146,0,146
107000166,23,1228,-1205
107000167,162,186,-24
107000168,340,100,240
107000169,646,982,-336
107000170,295,216,79
107000171,282,2920,-2638
107000172,209,331,-122
107000173,355,1097,-742
107000174,477,1404,-927
107000175,9884,1288,8596
107000176,0,0,0
107000177,0,0,0
107000178,3,21,-18
107000179,163,2981,-2818
107000180,330,215,115
107000181,96,1222,-1126
107000182,286,489,-203
107000183,75,902,-827
107000184,172,442,-270
107000185,94,1122,-1028
107000186,123,153,-30
107000187,554,694,-140
107000188,225,241,-16
107000189,135,526,-391
107000190,167,545,-378
107000191,191,387,-196
107000192,486,678,-192
107000193,128,202,-74
107000194,365,575,-210
107000197,149,112,37
107000198,98,781,-683
107000199,470,634,-164
107000200,683,264,419
107000201,191,226,-35
107000202,157,311,-154
107000203,650,432,218
107000204,626,343,283
107000205,2449,1166,1283
107000206,358,230,128
107000207,616,701,-85
107000208,1247,200,1047
107000209,1403,295,1108
107000210,1250,160,1090
107000211,11,9,2
107000212,5,219,-214
107000213,13,6,7
107000214,8,110,-102
107000215,117,440,-323
107000216,38,435,-397
107000217,28,106,-78
107000219,22,88,-66
107000220,62,292,-230
107000222,155,667,-512
107000224,157,23,134
107000225,77,797,-720
107000226,68,46,22
107000227,67,607,-540
107000228,81,123,-42
107000229,131,91,40
107000230,802,339,463
107000231,186,176,10
107000232,31,31,0
107000233,165,139,26
107000234,0,6,-6
107000235,0,1,-1
107000236,14,517,-503
107000237,0,0,0
107000238,0,1,-1
107000239,5277,286,4991
107000240,26,1015,-989
107000241,62,12,50
107000242,494,51,443
107000243,0,25,-25
107000244,8,84,-76
107000246,5,1081,-1076
107000249,1,727,-726
107000251,0,263,-263
107000252,7,1332,-1325
107000255,452,70,382
107000257,3,607,-604
107000258,1,107,-106
107000259,0,284,-284
107000260,65,3,62
107000262,8,861,-853
107000263,47,4,43
107000266,2,3,-1
107000267,48,196,-148
107000268,95,169,-74
107000269,45,21,24
107000270,1,15,-14
107000271,6,1067,-1061
107000272,5,274,-269
107000273,0,248,-248
107000274,729,182,547
107000275,175,816,-641
107000280,110,6,104
107000281,7,1039,-1032
107000282,14,1807,-1793
107000290,1,60,-59
107000291,10,14,-4
107000292,3,85,-82
107000293,71,9,62
107000294,0,52,-52
107000295,20,1,19
107000296,0,3,-3
107000444,150,7,143
107000496,1,5,-4
107000497,689,2978,-2289
107000500,192,227,-35
107000501,38,106,-68
107000502,54,258,-204
107000505,379,590,-211
107000506,0,13,-13
107000508,6,692,-686
107000509,67,138,-71
107000510,3,8,-5
107000514,3,211,-208
107000515,8,276,-268
107000516,40,116,-76
107000518,121,92,29
107000519,2460,979,1481
107000520,16,5,11
107900001,9,293,-284
107900002,41,0,41
107900003,75,8,67
107900004,22,0,22
107900005,141,0,141
107900006,4,0,4
107900007,38,11,27
107900008,39,41,-2
107900009,54,2,52
107900010,6,0,6
107900012,99,1,98
107900013,97,52,45
107900014,6,0,6
107900015,167,1,166
107900016,243,82,161
107900017,4,0,4
107900018,13,13,0
107900019,4,64,-60
107900020,77,2,75
107900021,5,127,-122
107900023,1,0,1
107900024,0,10,-10
107900025,175,304,-129
107900026,11,132,-121
107900027,19,55,-36
107900028,5,106,-101
107900030,51,1,50
107900031,23,191,-168
107900032,2,1,1
107900033,8,2,6
107900034,69,2,67
107900035,187,5,182
107900036,18,0,18
107900037,0,6,-6
107900038,82,41,41
107900039,2,62,-60
107900040,7,33,-26
107900041,0,0,0
107900043,6,102,-96
107900044,4,2,2
107900045,22,6,16
107900046,25,13,12
107900047,1,32,-31
107900048,31,1,30
107900049,168,301,-133
107900050,44,272,-228
107900051,20,63,-43
107900052,0,0,0
107900053,18,75,-57
107900055,108,50,58
107900056,27,5,22
107900057,0,0,0
107900058,11,712,-701
107900060,5,32,-27
107900061,11,1,10
107900063,17,61,-44
107900064,133,12,121
107900065,33,9,24
107900066,2,7,-5
107900067,0,0,0
107900068,62,117,-55
107900069,9,175,-166
107900070,15,3,12
107900071,1,930,-929
107900072,13,181,-168
107900073,8,99,-91
107900074,727,38,689
107900076,37,50,-13
107900077,3,0,3
107900078,92,6,86
107900079,4,7,-3
107900080,122,104,18
107900081,5,25,-20
107900082,15,9,6
107900083,76,54,22
107900084,12,29,-17
107900086,15,48,-33
107900087,214,23,191
107900088,12,4,8
107900089,248,670,-422
107900090,207,269,-62
107900091,65,435,-370
107900092,2035,425,1610
107900093,14,16,-2
107900095,2211,665,1546
107900097,10,40,-30
107900098,13,43,-30
107900100,666,216,450
107900101,699,65,634
107900102,3,4,-1
107900103,35,150,-115
107900104,33,2,31
107900105,6,744,-738
107900106,2,1231,-1229
107900107,1300,71,1229
107900108,210,29,181
107900109,157,0,157
107900110,3,76,-73
107900111,8,1361,-1353
107900112,52,155,-103
107900113,15,40,-25
107900114,20,239,-219
107900115,16,41,-25
107900116,17,199,-182
107900117,92,274,-182
107900118,46,130,-84
107900119,21,53,-32
107900120,10,3,7
107900121,2,93,-91
107900122,0,40,-40
107900123,0,13,-13
107900124,6,62,-56
107900125,7,108,-101
107900126,0,16,-16
107900127,466,33,433
107900128,37,20,17
107900129,2,28,-26
107900130,4,5,-1
107900131,64,24,40
107900132,32,365,-333
107900133,3,65,-62
107900134,16,12,4
107900135,0,166,-166
107900136,52,19,33
107900137,30,61,-31
107900138,10,14,-4
107900139,2,18,-16
107900140,31,51,-20
107900141,12,10,2
107900142,28,855,-827
107900143,25,34,-9
107900144,1,137,-136
107900145,6,75,-69
107900146,11,83,-72
107900147,9,7,2
107900148,78,152,-74
107900149,1841,65,1776
107900150,36,487,-451
107900151,3,110,-107
107900152,15,232,-217
107900153,53,83,-30
107900154,14,1,13
107900155,7,39,-32
107900156,3,340,-337
107900157,17,67,-50
107900158,119,1,118
107900159,39,917,-878
107900160,36,170,-134
107900161,2,201,-199
107900162,0,188,-188
107900163,14,24,-10
107900164,22,30,-8
107900165,73,27,46
107900166,4,218,-214
107900167,0,5,-5
107900168,3,35,-32
107900169,1,162,-161
107900171,3,1473,-1470
107900172,0,318,-318
107900173,3,216,-213
107900174,16,4,12
107900175,3,4,-1
107900176,0,15,-15
107900177,2,227,-225
107900178,1,218,-217
107900179,0,97,-97
107900180,909,84,825
107900181,181,260,-79
107900182,3,1410,-1407
107900183,4,379,-375
107900184,6,229,-223
107900185,10,1,9
107900186,2,18,-16
107900187,0,142,-142
107900188,568,60,508
107900189,4,119,-115
107900190,116,9,107
107900191,10,108,-98
107900193,3,19,-16
107900194,19,1,18
107900195,3927,334,3593
107900196,15,45,-30
107900197,120,54,66
107900199,2,1023,-1021
107900201,32,98,-66
107900203,8,59,-51
107900204,226,186,40
107900205,62,449,-387
107900206,183,120,63
107900207,1,567,-566
107900208,3,803,-800
107900209,237,74,163
107900210,26,86,-60
107900213,86,251,-165
107900214,1,129,-128
107900215,145,304,-159
107900216,9,50,-41
107900217,4,31,-27
107900218,7,1433,-1426
107900219,1,135,-134
107900220,82,41,41
107900221,153,172,-19
107900223,25,368,-343
107900224,121,238,-117
107900225,6,633,-627
107900226,16,201,-185
107900227,49,401,-352
107900228,2,76,-74
107900229,6,247,-241
107900230,2,147,-145
107900231,8,134,-126
107900232,14,202,-188
107900233,3,152,-149
107900234,21,199,-178
107900235,30,87,-57
107900236,14,93,-79
107900237,97,388,-291
107900238,12,73,-61
107900239,1000,340,660
107900240,1,139,-138
107900241,7,107,-100
107900242,1,307,-306
107900243,0,28,-28
107900244,54,2,52
107900245,36,13,23
107900246,18,10,8
107900248,64,389,-325
107900249,118,1,117
107900250,4,606,-602
107900251,4,1092,-1088
107900252,83,2,81
107900253,13,2,11
107900254,12,109,-97
107900255,315,26,289
107900256,291,511,-220
107900257,30,15,15
107900258,23,215,-192
107900259,50,215,-165
107900261,1,569,-568
107900262,6,68,-62
107900264,31,1,30
107900265,20,181,-161
107900267,24,13,11
107900268,19,0,19
107900269,1,8,-7
107900270,0,0,0
107900271,0,1,-1
107900272,0,0,0
107900273,3,69,-66
107900274,11,0,11
107900275,28,0,28
107900276,0,70,-70
107900277,0,234,-234
107900278,59,293,-234
107900279,139,45,94
107900280,1552,869,683
107900281,2225,416,1809
107900282,21,74,-53
107900283,1443,223,1220
107900284,41,646,-605
107900285,28,109,-81
107900286,59,46,13
107900287,27,35,-8
107900290,0,28,-28
107900291,100,3,97
107900292,39,217,-178
107900293,20,353,-333
107900295,15,65,-50
107900297,0,193,-193
107900298,337,608,-271
107900299,2798,549,2249
107900300,17,140,-123
107900301,141,140,1
107900302,26,3,23
107900303,18,204,-186
107900304,36,480,-444
107900305,49,2,47
107900306,5,0,5
107900307,15,247,-232
107900308,93,4,89
107900309,4,0,4
107900310,0,0,0
107900311,42,28,14
107900312,0,0,0
107900313,0,21,-21
107900314,0,30,-30
107900315,0,29,-29
107900316,9,0,9
107900317,10,1,9
107900318,0,64,-64
107900319,2,269,-267
107900320,3,165,-162
107900321,21,1,20
107900322,2,194,-192
107900323,6,163,-157
107900324,50,0,50
107900325,18,0,18
107900326,30,349,-319
107900327,0,0,0
107900328,0,0,0
107900329,0,0,0
107900330,6,551,-545
107900331,23,15,8
107900332,47,17,30
107900333,17,0,17
107900334,6,212,-206
107900335,23,62,-39
107900336,7,6,1
107900337,1077,162,915
107900338,0,105,-105
107900339,0,12,-12
107900340,0,50,-50
107900341,3,0,3
107900342,26,87,-61
107900343,4,0,4
107900344,0,47,-47
107900345,39,12,27
107900346,17,3,14
107900347,3,5,-2
107900348,1,0,1
107900349,7,1,6
107900350,21,225,-204
108000001,1131,1283,-152
108000002,1838,2996,-1158
108000003,1369,731,638
108000004,14034,12944,1090
108000005,1584,1223,361
108000006,2723,5122,-2399
108000007,1490,1585,-95
108000008,2963,4714,-1751
108000009,800,1527,-727
108000010,1427,4572,-3145
108000011,4227,3310,917
108000012,14355,12856,1499
108000014,118,316,-198
108000015,128,169,-41
108000016,116,520,-404
108000017,107,188,-81
108000018,202,215,-13
108000019,261,295,-34
108000020,163,158,5
108000021,270,1416,-1146
108000022,361,1307,-946
108000023,397,29,368
108000024,36,565,-529
108000025,78,132,-54
108000026,66,466,-400
108000027,99,472,-373
108000028,26,199,-173
108000029,62,572,-510
108000030,36,149,-113
108000031,46,595,-549
108000032,281,166,115
108000033,215,1069,-854
108000034,284,128,156
108000035,473,2119,-1646
108000036,143,1381,-1238
108000037,380,143,237
108000038,521,133,388
108000039,171,2127,-1956
108000040,363,174,189
108000041,378,2190,-1812
108000042,12,221,-209
108000043,95,322,-227
108000044,23,92,-69
108000045,67,805,-738
108000046,187,142,45
108000047,175,1137,-962
108000048,65,454,-389
108000049,72,54,18
108000050,52,376,-324
108000051,33,19,14
108000052,236,619,-383
108000053,70,44,26
108000054,248,711,-463
108000055,188,175,13
108000056,488,778,-290
108000057,110,308,-198
108000058,637,873,-236
108000059,2463,1162,1301
108000060,18,156,-138
108000061,89,273,-184
108000062,127,260,-133
108000063,122,585,-463
108000064,44,147,-103
108000065,149,596,-447
108000066,564,289,275
108000067,429,180,249
108000068,152,127,25
108000069,88,1064,-976
108000070,262,170,92
108000071,270,1571,-1301
108000072,261,259,2
108000073,674,1701,-1027
108000074,60,99,-39
108000075,127,715,-588
108000076,132,158,-26
108000077,293,908,-615
108000078,551,478,73
108000079,765,1662,-897
108000080,177,250,-73
108000081,325,2606,-2281
108000082,730,1246,-516
108000083,617,299,318
108000084,204,979,-775
108000085,83,88,-5
108000086,516,633,-117
108000087,76,476,-400
108000088,31,7,24
108000089,105,174,-69
108000090,39,33,6
108000091,34,402,-368
108000092,38,22,16
108000093,61,736,-675
108000094,78,24,54
108000095,78,456,-378
108000096,34,20,14
108000097,33,477,-444
108000098,148,514,-366
108000099,0,0,0
108000100,0,2,-2
108000101,136,259,-123
108000102,367,727,-360
108000106,146,1,145
108000107,3,591,-588
108000108,125,20,105
108000109,8,694,-686
108000110,38,152,-114
108000111,70,494,-424
108000112,3,14,-11
108000113,320,280,40
108000115,313,217,96
108000117,497,207,290
108000118,39,72,-33
108000119,312,321,-9
108000120,7,222,-215
108000121,67,405,-338
108000122,44,181,-137
108000123,91,246,-155
108000124,57,564,-507
108000125,48,307,-259
108000126,59,562,-503
108000127,45,412,-367
108000128,96,801,-705
108000129,58,1372,-1314
108000130,52,260,-208
108000131,193,87,106
108000132,666,820,-154
108000133,168,192,-24
108000134,341,915,-574
108000135,163,137,26
108000136,568,973,-405
108000137,126,318,-192
108000138,130,1038,-908
108000139,38,313,-275
108000140,21,15,6
108000141,7,181,-174
108000142,11,103,-92
108000143,17,20,-3
108000144,25,8,17
108000145,23,25,-2
108000146,10,10,0
108000147,35,60,-25
108000148,18,8,10
108000149,5,35,-30
108000150,20,8,12
108000151,15,8,7
108000152,19,575,-556
108000153,79,48,31
108000154,17,13,4
108000155,4,15,-11
108000156,259,60,199
108000157,47,201,-154
108000158,38,171,-133
108000159,404,69,335
108000160,3728,378,3350
108000161,3982,588,3394
108000165,1,105,-104
108000172,1,95,-94
108000173,2348,945,1403
108000175,8,33,-25
108000178,358,354,4
108000179,163,259,-96
108000181,30,27,3
108000182,72,9,63
108000183,12,6,6
108000184,658,669,-11
108000185,26,697,-671
108000186,41,39,2
108000187,17,854,-837
108000188,128,233,-105
108000189,137,328,-191
108000190,15,107,-92
108000192,27,563,-536
108000193,385,26,359
108000194,0,4,-4
108000195,2,966,-964
108000196,23,49,-26
108000198,119,336,-217
108000199,0,81,-81
108000200,97,619,-522
108000202,1,190,-189
108000203,24,1081,-1057
108000204,58,23,35
108000205,523,476,47
108000339,847,126,721
108000364,101,85,16
108000365,21,284,-263
108000367,50,203,-153
108000368,4,58,-54
108000369,1624,73,1551
108000371,2,556,-554
108000372,65,0,65
108000373,0,0,0
108000376,82,4,78
108000377,110,317,-207
108000378,4536,2742,1794
108000379,12,92,-80
108000381,19,7,12
108000382,14,1,13
108000383,0,42,-42
108900001,141,930,-789
108900002,128,29,99
108900003,221,755,-534
108900004,361,120,241
108900005,5,66,-61
108900006,251,144,107
108900007,20,112,-92
108900008,10,85,-75
108900009,10,65,-55
108900010,27,106,-79
108900011,75,263,-188
108900012,63,485,-422
108900013,30,211,-181
108900014,1,61,-60
108900015,0,16,-16
108900016,0,114,-114
108900017,46,110,-64
108900018,22,471,-449
108900019,17,1139,-1122
108900020,5,284,-279
108900021,34,241,-207
108900022,10,20,-10
108900023,1,26,-25
108900024,2,107,-105
108900025,12,54,-42
108900026,16,64,-48
108900027,0,100,-100
108900028,16,517,-501
108900029,6,189,-183
108900030,0,73,-73
108900031,12,652,-640
108900032,5,216,-211
108900033,0,98,-98
108900034,1,290,-289
108900035,79,1855,-1776
108900036,149,294,-145
108900037,19,448,-429
108900038,0,279,-279
108900039,1,591,-590
108900040,0,92,-92
108900041,4380,823,3557
108900042,3,226,-223
108900043,33,457,-424
108900044,0,664,-664
108900045,22,565,-543
108900046,18,803,-785
108900047,0,40,-40
108900048,27,737,-710
108900049,4293,356,3937
108900050,3,232,-229
108900051,1,200,-199
108900052,3,291,-288
108900053,39,49,-10
108900054,22,193,-171
108900055,40,397,-357
108900056,1,207,-206
108900057,1,207,-206
108900058,4,576,-572
108900059,134,5,129
108900060,56,40,16
108900061,41,19,22
108900062,5,310,-305
108900063,2,410,-408
108900064,22,45,-23
108900065,6,271,-265
108900066,57,60,-3
108900067,21,232,-211
108900068,1,175,-174
108900069,8,128,-120
108900070,16,165,-149
108900071,25,28,-3
108900072,1881,74,1807
108900073,0,91,-91
108900074,12,465,-453
108900075,23,108,-85
108900076,46,31,15
108900077,35,82,-47
108900078,4,190,-186
108900079,424,176,248
108900080,13,128,-115
108900081,12,179,-167
108900082,8,87,-79
108900083,7,48,-41
108900084,326,56,270
108900085,1369,73,1296
108900086,18,288,-270
108900087,81,142,-61
108900088,243,87,156
108900089,0,23,-23
108900090,6,330,-324
108900091,95,70,25
108900092,93,95,-2
108900093,13,14,-1
108900094,78,53,25
108900095,43,571,-528
108900096,341,16,325
108900097,64,177,-113
108900098,2572,73,2499
108900099,64,299,-235
108900100,13,69,-56
108900101,56,9,47
108900102,96,195,-99
108900103,4,30,-26
108900104,169,181,-12
108900105,1,202,-201
108900106,92,495,-403
108900108,36,8,28
108900109,1,5,-4
108900110,38,430,-392
108900111,41,688,-647
108900112,24,10,14
108900113,7,5,2
108900114,0,3,-3
108900115,14,18,-4
108900116,9,0,9
108900117,13,6,7
108900118,75,1,74
108900119,41,9,32
108900120,15,78,-63
108900121,56,6,50
108900122,20,25,-5
108900123,9,8,1
108900124,76,31,45
108900125,44,0,44
108900126,24,2,22
108900127,31,7,24
108900128,10,3,7
108900129,99,40,59
108900130,21,0,21
108900131,63,3,60
108900132,75,16,59
108900133,70,11,59
108900134,39,126,-87
108900135,18,5,13
108900136,3,0,3
108900137,22,0,22
108900138,119,4,115
108900139,53,38,15
108900140,19,156,-137
108900141,30,5,25
108900142,18,0,18
108900143,4,0,4
108900144,13,0,13
108900145,27,1,26
108900146,3,0,3
108900147,27,0,27
108900148,69,9,60
108900149,193,153,40
108900150,115,3,112
108900151,13,1,12
108900152,9,27,-18
108900153,14,498,-484
108900154,1001,122,879
108900155,35,47,-12
108900156,23,4,19
108900157,2,576,-574
108900158,46,16,30
108900159,7,271,-264
108900160,4,163,-159
108900161,3,407,-404
108900162,7,0,7
108900163,6,44,-38
108900164,12,48,-36
108900165,70,46,24
108900167,1022,770,252
108900168,9128,920,8208
108900169,8,43,-35
108900171,5514,624,4890
108900172,33,9,24
108900173,187,231,-44
108900174,88,260,-172
108900176,48,479,-431
108900177,8482,1093,7389
108900178,4489,580,3909
108900179,228,342,-114
108900180,15,60,-45
108900182,4,70,-66
108900183,75,165,-90
108900184,61,70,-9
108900185,11,187,-176
108900186,10,192,-182
108900187,39,20,19
108900188,59,25,34
108900189,40,86,-46
108900190,8,2549,-2541
108900191,43,0,43
108900192,24,278,-254
108900193,32,14,18
108900194,0,320,-320
108900195,23,262,-239
108900196,21,519,-498
108900198,2,503,-501
108900199,36,190,-154
108900200,176,245,-69
108900201,91,616,-525
108900203,101,7,94
108900204,52,0,52
108900205,36,0,36
108900206,51,4,47
108900207,42,10,32
108900208,26,296,-270
108900209,100,535,-435
108900210,71,130,-59
108900211,31,118,-87
108900212,398,289,109
108900215,39,516,-477
108900216,148,89,59
108900217,12,1,11
108900218,17,5,12
108900219,8,1,7
108900220,11,3,8
108900221,16,24,-8
108900222,31,4,27
108900223,0,30,-30
108900224,12,69,-57
108900225,0,87,-87
108900226,41,2,39
108900227,22,39,-17
108900230,283,303,-20
108900231,12,222,-210
108900232,1,387,-386
108900233,65,20,45
108900234,56,18,38
108900235,111,511,-400
108900236,22,346,-324
108900237,19,216,-197
108900240,14,69,-55
108900241,2,28,-26
108900245,0,171,-171
108900249,23,4,19
108900250,26,48,-22
108900257,16,474,-458
108900258,12,188,-176
108900259,12,57,-45
108900260,4,77,-73
108900261,114,127,-13
108900262,281,54,227
108900263,19,285,-266
108900264,183,154,29
108900265,1135,134,1001
108900266,795,102,693
108900267,0,21,-21
108900268,0,1,-1
108900269,0,3,-3
108900270,7,2,5
108900271,0,2,-2
108900272,25,6,19
108900273,679,187,492
108900274,7,28,-21
108900275,1,0,1
108900276,0,2,-2
109000001,1456,443,1013
109000002,3641,1075,2566
109000003,734,298,436
109000004,324,2592,-2268
109000005,571,445,126
109000006,461,1969,-1508
109000007,311,303,8
109000008,221,1816,-1595
109000009,1094,524,570
109000010,787,3036,-2249
109000011,496,664,-168
109000012,884,3605,-2721
109000013,1000,560,440
109000014,905,3368,-2463
109000015,1192,1158,34
109000016,8581,3586,4995
109000017,577,495,82
109000018,422,3135,-2713
109000019,602,498,104
109000020,714,1872,-1158
109000023,4,1,3
109000024,1,104,-103
109000025,278,165,113
109000026,407,228,179
109000027,52,127,-75
109000028,31,99,-68
109000029,118,82,36
109000030,13,414,-401
109000031,0,0,0
109000032,30,413,-383
109000033,38,11,27
109000034,13,16,-3
109000035,0,6,-6
109000036,38,277,-239
109000037,59,342,-283
109000038,503,264,239
109000039,241,173,68
109000040,3737,1067,2670
109000041,5600,641,4959
109000042,557,642,-85
109000044,28,37,-9
109000045,39,414,-375
109000046,16,45,-29
109000047,15,372,-357
109000048,118,46,72
109000049,108,488,-380
109000050,47,45,2
109000051,130,294,-164
109000052,149,1486,-1337
109000053,54,49,5
109000054,43,656,-613
109000055,65,81,-16
109000056,102,478,-376
109000057,59,96,-37
109000058,433,177,256
109000059,209,668,-459
109000060,159,35,124
109000061,1178,322,856
109000062,58,65,-7
109000063,122,225,-103
109000064,36,62,-26
109000065,20,375,-355
109000066,88,115,-27
109000067,25,347,-322
109000068,3,2,1
109000069,9,0,9
109000070,4,597,-593
109000071,187,44,143
109000072,49,269,-220
109000073,26,76,-50
109000074,13,224,-211
109000075,34,368,-334
109000076,15,84,-69
109000077,175,208,-33
109000078,15,57,-42
109000079,25,177,-152
109000080,25,76,-51
109000081,11,390,-379
109000082,71,272,-201
109000083,46,686,-640
109000088,41,343,-302
109000089,46,9,37
109000090,120,481,-361
109000091,108,34,74
109000092,217,598,-381
109000093,90,31,59
109000094,76,0,76
109000095,43,681,-638
109000096,138,36,102
109000097,39,74,-35
109000098,8,5,3
109000099,119,192,-73
109000100,76,397,-321
109000101,224,584,-360
109000102,92,710,-618
109000103,110,549,-439
109000104,270,363,-93
109000105,160,1397,-1237
109000106,310,269,41
109000107,206,1549,-1343
109000108,215,267,-52
109000109,294,1645,-1351
109000110,262,179,83
109000111,550,2038,-1488
109000112,110,135,-25
109000113,74,124,-50
109000114,23,198,-175
109000115,361,22,339
109000116,2,153,-151
109000117,33,48,-15
109000118,2,272,-270
109000119,150,170,-20
109000120,32,1270,-1238
109000121,25,30,-5
109000122,26,1215,-1189
109000123,15,64,-49
109000124,129,321,-192
109000125,137,263,-126
109000126,116,1067,-951
109000127,152,100,52
109000128,167,2459,-2292
109000129,352,124,228
109000130,267,2449,-2182
109000131,249,82,167
109000132,359,1446,-1087
109000133,96,676,-580
109000134,268,1256,-988
109000135,522,970,-448
109000136,102,394,-292
109000137,59,167,-108
109000138,104,491,-387
109000139,149,259,-110
109000140,29,405,-376
109000141,84,291,-207
109000142,33,471,-438
109000143,29,30,-1
109000145,30,57,-27
109000146,20,42,-22
109000148,3572,462,3110
109000149,17,15,2
109000150,31,89,-58
109000155,125,319,-194
109000156,744,710,34
109000158,9,150,-141
109000159,16,450,-434
109000160,181,321,-140
109000161,94,1058,-964
109000162,661,845,-184
109000163,249,1033,-784
109000164,410,1821,-1411
109000165,385,492,-107
109000166,141,120,21
109000167,51,710,-659
109000170,26,35,-9
109000171,17,35,-18
109000172,16,28,-12
109000173,7,19,-12
109000174,14,68,-54
109000175,14,77,-63
109000176,66,349,-283
109000177,15,88,-73
109000178,88,75,13
109000179,6444,1098,5346
109000180,4329,1734,2595
109000181,7,42,-35
109000182,8,45,-37
109000183,3,51,-48
109000184,9,20,-11
109000185,2,56,-54
109000188,119,2353,-2234
109000189,440,560,-120
109000190,224,463,-239
109000191,48,335,-287
109000192,46,178,-132
109000193,60,375,-315
109000194,34,96,-62
109000195,28,403,-375
109000196,60,70,-10
109000197,45,484,-439
109000198,31,42,-11
109000199,65,433,-368
109000206,47,39,8
109000207,26,44,-18
109000208,86,35,51
109000209,71,25,46
109000210,140,301,-161
109000211,56,128,-72
109000214,106,631,-525
109000215,16,24,-8
109000216,8,23,-15
109000217,79,49,30
109000218,170,39,131
109000221,67,975,-908
109000222,160,9,151
109000223,117,131,-14
109000224,20,336,-316
109000225,22,40,-18
109000226,26,239,-213
109000227,210,1164,-954
109000228,1,257,-256
109000231,2,402,-400
109000232,49,509,-460
109000236,80,740,-660
109000241,476,1266,-790
109000242,268,786,-518
109000293,2,11,-9
109000361,31,146,-115
109000364,64,521,-457
109000396,3,853,-850
109000397,110,2,108
109000399,65,393,-328
109000400,15,283,-268
109000403,19,109,-90
109000406,0,3,-3
109000407,90,173,-83
109000408,1,393,-392
109000410,313,109,204
109000411,24,4,20
109900001,11,0,11
109900002,180,2,178
109900003,69,1,68
109900004,207,132,75
109900005,9,1,8
109900006,32,192,-160
109900007,100,954,-854
109900008,0,13,-13
109900009,29,1257,-1228
109900010,122,6,116
109900011,24,14,10
109900012,47,62,-15
109900013,111,34,77
109900014,54,25,29
109900015,56,27,29
109900016,22,32,-10
109900017,23,35,-12
109900018,39,94,-55
109900019,27,60,-33
109900020,3,0,3
109900021,0,1,-1
109900022,12,317,-305
109900023,5,0,5
109900024,1,1,0
109900025,3,64,-61
109900026,0,117,-117
109900027,12,0,12
109900028,2081,230,1851
109900029,4,582,-578
109900030,0,0,0
109900031,0,59,-59
109900032,7,214,-207
109900033,1,346,-345
109900034,3,0,3
109900035,4,20,-16
109900036,44,67,-23
109900037,4,470,-466
109900038,14,177,-163
109900039,0,0,0
109900040,9,673,-664
109900041,22,359,-337
109900042,13,472,-459
109900044,94,223,-129
109900045,1,37,-36
109900046,12,22,-10
109900047,222,231,-9
109900048,12,52,-40
109900049,3,21,-18
109900050,1,283,-282
109900051,0,31,-31
109900052,10,223,-213
109900053,8,409,-401
109900054,78,29,49
109900055,7,151,-144
109900056,11,34,-23
109900057,1,200,-199
109900058,1,90,-89
109900059,92,33,59
109900060,78,77,1
109900061,83,238,-155
109900062,1,226,-225
109900063,1,192,-191
109900064,35,124,-89
109900065,79,65,14
109900066,130,915,-785
109900067,0,414,-414
109900068,16,1,15
109900069,0,16,-16
109900070,49,210,-161
109900071,0,19,-19
109900072,17,125,-108
109900073,28,567,-539
109900074,3,38,-35
109900075,5,11,-6
109900076,7,208,-201
109900077,10,75,-65
109900078,26,227,-201
109900080,60,279,-219
109900081,12,62,-50
109900082,32,454,-422
109900083,2,27,-25
109900084,10,91,-81
109900085,38,944,-906
109900086,27,66,-39
109900087,55,207,-152
109900089,96,34,62
109900090,248,749,-501
109900091,34,28,6
109900092,334,5,329
109900093,159,48,111
109900094,7,57,-50
109900095,23,151,-128
109900096,6,0,6
109900097,4,0,4
109900098,46,4,42
109900099,15,2,13
109900100,5,0,5
109900101,31,1,30
109900102,150,6,144
109900103,9,17,-8
109900104,77,1064,-987
109900105,100,3,97
109900106,94,57,37
109900107,167,33,134
109900108,27,1320,-1293
109900109,12,351,-339
109900110,18,443,-425
109900111,95,795,-700
109900112,132,863,-731
109900113,86,104,-18
109900114,258,40,218
109900115,16,22,-6
109900117,129,46,83
109900118,104,328,-224
109900119,289,203,86
109900120,10,0,10
109900121,97,48,49
109900122,29,1,28
109900123,0,148,-148
109900124,19,802,-783
109900125,2,213,-211
109900126,7,131,-124
109900128,31,27,4
109900130,8962,451,8511
109900131,32,78,-46
109900132,10,93,-83
109900133,12,296,-284
109900134,12,5,7
109900135,206,24,182
109900136,13,84,-71
109900137,9,343,-334
109900138,45,221,-176
109900140,45,351,-306
109900141,26,61,-35
109900142,161,109,52
109900145,0,36,-36
109900146,109,20,89
109900148,12,35,-23
109900149,46,18,28
109900150,0,42,-42
109900151,4,35,-31
109900152,0,10,-10
109900153,1,24,-23
109900154,3,0,3
109900155,4,1,3
109900157,23,142,-119
109900158,30,87,-57
109900159,30,8,22
109900160,21,18,3
109900161,35,47,-12
109900162,36,26,10
109900163,506,140,366
109900164,30,129,-99
109900165,45,0,45
109900166,0,148,-148
109900167,15,511,-496
109900168,25,471,-446
109900169,27,77,-50
109900170,166,131,35
109900171,26,55,-29
109900172,49,92,-43
109900173,3055,378,2677
109900174,20,110,-90
109900175,10,62,-52
109900176,31,137,-106
109900177,24,279,-255
109900178,4,112,-108
109900179,3,9,-6
109900180,1,1,0
110000001,272,450,-178
110000002,199,261,-62
110000003,601,487,114
110000004,303,289,14
110000005,629,762,-133
110000006,418,325,93
110000007,62,117,-55
110000008,2,39,-37
110000009,5,39,-34
110000010,6,62,-56
110000011,12,81,-69
110000012,431,371,60
110000013,9,216,-207
110000014,573,270,303
110000015,329,348,-19
110000016,198,536,-338
110000017,3941,268,3673
110000018,3661,458,3203
110000019,4,143,-139
110000020,351,129,222
110000021,406,244,162
110000022,411,133,278
110000023,1,135,-134
110000024,436,264,172
110000025,46,0,46
110000026,4,512,-508
110000027,292,160,132
110000028,397,458,-61
110000029,227,762,-535
110000030,84,173,-89
110000031,83,530,-447
110000032,293,224,69
110000033,65,103,-38
110000034,103,628,-525
110000035,224,933,-709
110000036,280,654,-374
110000037,56,915,-859
110000038,132,440,-308
110000039,172,645,-473
110000040,207,524,-317
110000041,48,155,-107
110000042,29,489,-460
110000043,90,26,64
110000044,48,90,-42
110000045,306,19,287
110000046,2,4,-2
110000047,0,4,-4
110000048,6,9,-3
110000049,1,1,0
110000050,4,5,-1
110000051,0,0,0
110000052,18,36,-18
110000053,5,2,3
110000054,111,230,-119
110000055,78,12,66
110000056,12,31,-19
110000057,179,642,-463
110000058,352,528,-176
110000059,319,502,-183
110000060,186,346,-160
110000061,705,824,-119
110000062,345,442,-97
110000063,8,55,-47
110000064,36,116,-80
110000065,33,51,-18
110000066,5,24,-19
110000067,41,301,-260
110000068,45,466,-421
110000069,59,85,-26
110000071,17,84,-67
110000073,0,17,-17
110000075,5,66,-61
110000076,149,128,21
110000077,234,393,-159
110000078,6,51,-45
110000080,108,464,-356
110000081,10,171,-161
110000082,12,108,-96
110000083,145,384,-239
110000084,180,256,-76
110000085,2547,871,1676
110000086,812,430,382
110000087,0,41,-41
110000088,9,160,-151
110000089,55,136,-81
110000090,45,236,-191
110000091,1410,207,1203
110000092,14,98,-84
110000093,14,1,13
110000094,271,191,80
110000095,37,272,-235
110000096,3495,1090,2405
110000097,474,456,18
110000098,555,197,358
110000099,513,978,-465
110000100,100,752,-652
110000101,4,551,-547
110000102,14,18,-4
110000104,35,43,-8
110000105,16,207,-191
110000106,126,86,40
110000107,201,277,-76
110000108,21,31,-10
110000109,175,275,-100
110000110,3260,1438,1822
110000111,7927,1112,6815
110000112,812,166,646
110000113,501,334,167
110000114,40,182,-142
110000115,57,182,-125
110000116,11,19,-8
110000117,42,516,-474
110000118,148,212,-64
110000119,98,456,-358
110000120,112,136,-24
110000121,31,214,-183
110000122,155,368,-213
110000123,138,185,-47
110000124,4,703,-699
110000125,395,1,394
110000126,80,7,73
110000127,142,14,128
110000128,14,1473,-1459
110000129,2,404,-402
110000130,36,57,-21
110000131,69,232,-163
110000132,1,546,-545
110000133,33,149,-116
110000134,10,185,-175
110000135,91,35,56
110000136,16,229,-213
110000137,124,573,-449
110000138,167,787,-620
110000139,209,1203,-994
110000140,370,163,207
110000143,325,211,114
110000144,2028,453,1575
110000145,546,347,199
110000146,1569,404,1165
110000147,122,557,-435
110000148,60,126,-66
110000151,405,292,113
110000152,296,174,122
110000153,27,62,-35
110000154,8,4,4
110000155,1016,1046,-30
110000156,413,673,-260
110000157,1352,883,469
110000160,152,284,-132
110000161,59,368,-309
110000166,88,91,-3
110000167,154,255,-101
110000168,296,127,169
110000169,115,121,-6
110000170,31,30,1
110000171,139,87,52
110000172,61,640,-579
110000173,611,869,-258
110000174,60,1136,-1076
110000175,61,53,8
110000176,51,105,-54
110000177,40,391,-351
110000178,490,388,102
110000179,883,195,688
110000180,35,240,-205
110000181,188,284,-96
110000182,268,210,58
110000183,9741,2462,7279
110000184,316,1004,-688
110000185,958,489,469
110000186,515,407,108
110000191,115,381,-266
110000192,100,0,100
110000193,122,3,119
110000194,3,1093,-1090
110000195,51,384,-333
110000196,103,485,-382
110000197,10,187,-177
110000198,32,70,-38
110000199,31,75,-44
110000200,965,680,285
110000201,299,276,23
110000202,332,215,117
110000203,299,899,-600
110000204,1,315,-314
110000205,11,57,-46
110000206,317,1652,-1335
110000207,155,132,23
110000208,36,64,-28
110000209,51,663,-612
110000210,0,0,0
110000211,0,0,0
110000212,95,576,-481
110000213,15,25,-10
110000214,30,67,-37
110000215,22,635,-613
110000216,16,620,-604
110000217,78,139,-61
110000218,45,466,-421
110000219,86,38,48
110000220,12,463,-451
110000221,71,42,29
110000222,15,273,-258
110000223,1,22,-21
110000224,35,5,30
110000225,69,304,-235
110000226,10,11,-1
110000227,271,207,64
110000228,51,22,29
110000229,1,215,-214
110000230,223,457,-234
110000231,49,113,-64
110000232,61,196,-135
110000233,32,149,-117
110000234,417,286,131
110000235,413,561,-148
110000236,126,789,-663
110000237,789,709,80
110000238,332,764,-432
110000239,577,928,-351
110000240,2,99,-97
110000242,0,37,-37
110000243,36,172,-136
110000244,88,225,-137
110000245,13,279,-266
110000246,198,512,-314
110000247,801,2847,-2046
110000248,1275,1032,243
110000249,28,1,27
110000250,8,227,-219
110000251,44,460,-416
110000252,63,217,-154
110000253,340,235,105
110000254,356,1160,-804
110000255,106,1101,-995
110000256,169,84,85
110000257,268,285,-17
110000258,2,464,-462
110000259,40,31,9
110000260,12,465,-453
110000263,270,123,147
110000264,100,531,-431
110000265,512,647,-135
110000266,922,1059,-137
110000267,8,201,-193
110000268,35,344,-309
110000269,0,76,-76
110000270,3,0,3
110000271,994,139,855
110000272,350,653,-303
110000273,1100,928,172
110000274,180,509,-329
110000275,2786,337,2449
110000276,103,166,-63
110000277,78,241,-163
110000278,194,691,-497
110000279,128,398,-270
110000280,78,332,-254
110000281,3,127,-124
110000282,40,38,2
110000283,2,21,-19
110000284,24,28,-4
110000285,0,138,-138
110000286,0,0,0
110000287,16,2,14
110000288,2,85,-83
110000289,283,807,-524
110000290,1050,389,661
110000291,5074,854,4220
110000292,897,1851,-954
110000293,147,863,-716
110000294,274,438,-164
110000295,41,791,-750
110000296,101,245,-144
110000297,1445,208,1237
110000298,120,337,-217
110000299,178,10,168
110000301,104,4,100
110000302,64,1150,-1086
110000303,97,3,94
110000304,61,219,-158
110000305,214,3,211
110000306,70,2100,-2030
110000307,329,3,326
110000308,139,25,114
110000309,7,1458,-1451
110000310,179,42,137
110000311,13,915,-902
110000312,205,14,191
110000313,1761,1107,654
110000314,1,167,-166
110000315,2049,1215,834
110000316,352,790,-438
110000317,380,326,54
110000318,0,76,-76
110000319,6,6,0
110000320,13,41,-28
110000321,8,9,-1
110000322,82,487,-405
110000323,81,315,-234
110000324,4204,975,3229
110000325,363,844,-481
110000327,110,120,-10
110000328,96,499,-403
110000333,182,207,-25
110000334,199,1183,-984
110000335,357,351,6
110000336,193,1215,-1022
110000337,280,298,-18
110000338,47,231,-184
110000339,39,194,-155
110000340,39,172,-133
110000341,75,532,-457
110000342,72,0,72
110000343,0,16,-16
110000344,12,151,-139
110000345,19,47,-28
110000346,1422,818,604
110000347,532,380,152
110000348,1,23,-22
110000349,3,31,-28
110000350,3,0,3
110000351,152,538,-386
110000352,173,1257,-1084
110000353,1949,501,1448
110000354,553,1434,-881
110000355,19,80,-61
110000356,0,0,0
110000357,112,14,98
110000361,11,67,-56
110000362,13,84,-71
110000363,94,80,14
110000364,50,193,-143
110000365,38,1,37
110000366,1,72,-71
110000367,190,319,-129
110000368,0,67,-67
110000369,10,1,9
110000373,2,230,-228
110000374,12,1,11
110000375,63,546,-483
110000376,25,95,-70
110000377,0,0,0
110000378,13,229,-216
110000379,2491,767,1724
110000380,9,5,4
110000383,2,329,-327
110000384,526,56,470
110000385,3,193,-190
110000387,0,9,-9
110000388,18,229,-211
110000389,67,4,63
110000391,8,310,-302
110000396,16,127,-111
110000397,18,215,-197
110000398,1,18,-17
110000399,9,0,9
110000587,18,33,-15
110000589,57,117,-60
110000640,62,63,-1
110000652,12,77,-65
110000653,41,334,-293
110000654,0,19,-19
110000656,3,504,-501
110000674,3,5,-2
110000675,1,8,-7
110000676,0,29,-29
110000679,436,220,216
110000682,25,37,-12
110000683,327,382,-55
110000684,0,35,-35
110000685,1,1,0
110000686,0,16,-16
110000687,1,0,1
110000688,13,192,-179
110000689,14,56,-42
110000692,43,248,-205
110000693,50,136,-86
110000694,2,108,-106
110000695,78,592,-514
110000696,103,122,-19
110900001,79,44,35
110900002,23,216,-193
110900003,45,968,-923
110900004,62,313,-251
110900005,3740,574,3166
110900006,9,4,5
110900007,4,2,2
110900008,8,20,-12
110900009,70,10,60
110900010,2,59,-57
110900011,3,90,-87
110900012,2,134,-132
110900013,255,89,166
110900014,24,4,20
110900015,448,91,357
110900016,3,204,-201
110900017,45,21,24
110900018,87,10,77
110900019,14,4,10
110900020,2,548,-546
110900021,29,559,-530
110900022,47,365,-318
110900023,64,484,-420
110900024,6,507,-501
110900025,3,53,-50
110900027,12,240,-228
110900028,12,183,-171
110900029,53,408,-355
110900030,6,343,-337
110900031,1,137,-136
110900032,0,95,-95
110900033,25,212,-187
110900035,31,283,-252
110900036,12,8,4
110900037,5,18,-13
110900038,937,139,798
110900039,3,180,-177
110900040,81,23,58
110900041,3,159,-156
110900042,15,41,-26
110900043,0,187,-187
110900044,168,13,155
110900045,26,717,-691
110900046,124,256,-132
110900047,538,52,486
110900049,15,12,3
110900050,1,0,1
110900051,7,145,-138
110900052,1,194,-193
110900053,29,60,-31
110900054,14,264,-250
110900055,9,0,9
110900056,44,85,-41
110900057,3,196,-193
110900058,49,284,-235
110900059,276,806,-530
110900060,109,39,70
110900061,12,36,-24
110900062,13,297,-284
110900063,5,82,-77
110900064,1,0,1
110900065,246,65,181
110900066,1,63,-62
110900067,570,233,337
110900068,171,179,-8
110900069,0,21,-21
110900070,70,26,44
110900071,125,122,3
110900073,0,21,-21
110900074,98,37,61
110900075,74,42,32
110900077,77,225,-148
110900078,3,99,-96
110900079,1308,212,1096
110900080,31,43,-12
110900081,0,113,-113
110900082,9,148,-139
110900083,23,10,13
110900084,3,186,-183
110900085,18,341,-323
110900086,26,53,-27
110900087,45,72,-27
110900088,4,0,4
110900090,12,11,1
110900091,0,68,-68
110900093,108,24,84
110900095,8,50,-42
110900097,1,11,-10
110900098,6,88,-82
110900099,49,551,-502
110900100,0,21,-21
110900102,5,24,-19
110900105,653,344,309
110900108,3,85,-82
110900111,174,39,135
110900112,129,2,127
110900113,373,16,357
110900115,3,49,-46
110900116,76,2195,-2119
110900118,108,401,-293
110900119,5141,148,4993
110900120,1,86,-85
110900121,35,1,34
110900122,68,79,-11
110900125,88,83,5
110900127,242,303,-61
110900128,72,98,-26
110900129,141,101,40
110900130,648,102,546
110900131,21,55,-34
110900132,49,12,37
110900133,9,263,-254
110900135,83,431,-348
110900136,47,3,44
110900137,45,0,45
110900138,394,468,-74
110900139,1,28,-27
110900140,23,1,22
110900141,0,48,-48
110900142,11,170,-159
110900143,11,37,-26
110900144,3,488,-485
110900145,63,8,55
110900146,214,28,186
110900147,94,159,-65
110900148,0,265,-265
110900149,0,44,-44
110900150,1,4,-3
110900151,3,68,-65
110900152,11,285,-274
110900153,14,6,8
111000001,156,86,70
111000002,259,478,-219
111000003,177,141,36
111000004,266,897,-631
111000005,225,313,-88
111000006,517,895,-378
111000007,1738,620,1118
111000008,2511,2047,464
111000009,182,667,-485
111000010,259,159,100
111000011,555,546,9
111000012,364,183,181
111000013,226,868,-642
111000014,352,245,107
111000017,67,371,-304
111000018,113,326,-213
111000020,1996,1674,322
111000021,43,29,14
111000023,32,17,15
111000025,5338,993,4345
111000029,7,69,-62
111000030,22,42,-20
111000031,1250,258,992
111000032,283,144,139
111000033,93,41,52
111000034,180,103,77
111000037,2449,862,1587
111000038,1253,1572,-319
111000039,519,1533,-1014
111000040,704,1588,-884
111000041,737,852,-115
111000042,5489,1830,3659
111000043,334,236,98
111000044,289,53,236
111000045,432,448,-16
111000046,313,442,-129
111000047,535,722,-187
111000049,173,374,-201
111000050,1255,1550,-295
111000051,214,873,-659
111000052,300,935,-635
111000053,187,849,-662
111000054,143,768,-625
111000055,769,1952,-1183
111000056,76,613,-537
111000057,35,786,-751
111000058,15,82,-67
111000059,51,113,-62
111000060,242,144,98
111000061,125,234,-109
111000062,89,173,-84
111000063,424,372,52
111000064,120,264,-144
111000065,264,347,-83
111000066,33,94,-61
111000067,133,595,-462
111000068,146,526,-380
111000069,1201,1401,-200
111000070,1781,905,876
111000071,91,533,-442
111000072,32,15,17
111000073,4,31,-27
111000074,251,240,11
111000075,70,170,-100
111000076,53,205,-152
111000077,458,613,-155
111000078,887,843,44
111000079,648,466,182
111000080,210,389,-179
111000081,1694,1984,-290
111000082,271,434,-163
111000084,269,299,-30
111000085,367,910,-543
111000086,1091,706,385
111000087,456,559,-103
111000088,2687,731,1956
111000089,231,669,-438
111000090,769,998,-229
111000091,289,616,-327
111000092,408,1122,-714
111000093,208,548,-340
111000094,492,512,-20
111000095,189,881,-692
111000096,1987,3437,-1450
111000097,4800,741,4059
111000098,183,1150,-967
111000099,155,2114,-1959
111000100,117,2007,-1890
111000101,267,805,-538
111000102,44,882,-838
111000104,45,56,-11
111000107,16,667,-651
111000109,30,49,-19
111000110,210,147,63
111000111,306,112,194
111000112,317,77,240
111000113,143,111,32
111000114,314,287,27
111000115,5437,468,4969
111000116,353,413,-60
111000117,215,469,-254
111000118,830,638,192
111000119,417,1156,-739
111000120,130,351,-221
111000121,81,322,-241
111000122,193,777,-584
111000123,326,3104,-2778
111000124,194,3378,-3184
111000125,69,2029,-1960
111000126,20,890,-870
111000127,33,14,19
111000128,76,31,45
111000129,204,42,162
111000130,184,319,-135
111000131,112,247,-135
111000132,94,62,32
111000133,66,80,-14
111000134,44,100,-56
111000135,8,66,-58
111000136,58,100,-42
111000138,0,3,-3
111000140,0,1,-1
111000141,58,259,-201
111000142,3,83,-80
111000143,2,61,-59
111000144,2,119,-117
111000145,0,0,0
111000146,0,0,0
111000147,0,0,0
111000148,18,91,-73
111000149,3,37,-34
111000150,1,8,-7
111000151,5,12,-7
111000153,276,262,14
111000154,272,147,125
111000155,51,107,-56
111000156,79,52,27
111000157,29,71,-42
111000158,333,138,195
111000159,1407,243,1164
111000160,93,203,-110
111000161,3,160,-157
111000162,19,129,-110
111000163,154,623,-469
111000164,621,1630,-1009
111000165,729,303,426
111000166,676,257,419
111000167,81,362,-281
111000168,74,242,-168
111000169,73,189,-116
111000170,183,206,-23
111000171,241,735,-494
111000172,45,381,-336
111000173,71,874,-803
111000174,42,477,-435
111000175,19,256,-237
111000176,52,147,-95
111000177,66,229,-163
111000178,154,305,-151
111000179,14,142,-128
111000180,39,192,-153
111000181,135,167,-32
111000182,36,85,-49
111000183,60,78,-18
111000184,58,63,-5
111000185,100,384,-284
111000186,63,237,-174
111000187,26,238,-212
111000188,39,289,-250
111000189,1074,440,634
111000190,91,458,-367
111000191,72,441,-369
111000192,97,598,-501
111000193,232,292,-60
111000194,11,326,-315
111000195,24,383,-359
111000196,8,280,-272
111000197,48,40,8
111000198,59,52,7
111000199,27,61,-34
111000200,39,137,-98
111000201,105,93,12
111000202,23,63,-40
111000203,57,57,0
111000204,76,90,-14
111000213,30,194,-164
111000214,531,962,-431
111000215,368,875,-507
111000217,339,448,-109
111000218,240,484,-244
111000219,189,208,-19
111000220,2212,522,1690
111000221,326,117,209
111000224,0,171,-171
111000225,46,24,22
111000226,14,0,14
111000227,3,0,3
111000228,13,142,-129
111000229,26,219,-193
111000230,88,311,-223
111000231,115,1233,-1118
111000232,134,777,-643
111000233,94,543,-449
111000234,25,120,-95
111000239,121,184,-63
111000240,0,9,-9
111000241,10,446,-436
111000242,4,7,-3
111000243,31,866,-835
111000244,13,15,-2
111000245,120,500,-380
111000246,57,508,-451
111000247,56,1127,-1071
111000248,155,254,-99
111000249,183,804,-621
111000250,20,158,-138
111000251,12,127,-115
111000253,0,0,0
111000255,0,0,0
111000257,0,0,0
111000260,31,1123,-1092
111000261,169,23,146
111000271,18,268,-250
111000273,4711,753,3958
111000274,583,1116,-533
111000275,27,17,10
111000276,182,2222,-2040
111000277,134,407,-273
111000278,210,155,55
111000291,131,999,-868
111000298,153,161,-8
111000299,103,12,91
111000300,34,421,-387
111000302,90,65,25
111000303,58,246,-188
111000312,25,28,-3
111000315,0,85,-85
111000320,153,424,-271
111000321,100,43,57
111000322,75,398,-323
111000323,37,9,28
111000324,131,145,-14
111000325,6,24,-18
111000326,28,325,-297
111000327,133,328,-195
111000328,112,234,-122
111000329,0,19,-19
111000330,5,5,0
111000331,2,3,-1
111000332,222,713,-491
111000334,198,1173,-975
111000335,122,71,51
111000337,125,342,-217
111000338,2,110,-108
111000339,70,722,-652
111000340,30,608,-578
111000341,308,68,240
111000342,30,200,-170
111000344,329,322,7
111000345,19,11,8
111000346,4,88,-84
111000347,27,2,25
111000350,58,18,40
111000351,29,164,-135
111000352,46,35,11
111000353,29,239,-210
111000354,90,37,53
111000355,66,527,-461
111000358,27,1482,-1455
111000360,20,866,-846
111000361,40,376,-336
111000546,87,647,-560
111000547,47,392,-345
111000548,43,121,-78
111000549,55,210,-155
111000550,32,170,-138
111000551,279,59,220
111000552,56,8,48
111000907,16,3,13
111000908,0,0,0
111000916,222,182,40
111000917,24,254,-230
111000918,36,952,-916
111000920,71,1,70
111000921,3,279,-276
111000922,97,279,-182
111000924,10,1037,-1027
111000925,551,722,-171
111000926,528,2161,-1633
111000927,1865,1440,425
111000928,6229,2735,3494
111000929,314,444,-130
111000930,342,1950,-1608
111000931,684,779,-95
111000932,2736,1956,780
111000933,1362,781,581
111000934,1616,2267,-651
111000935,346,480,-134
111000936,370,1675,-1305
111000937,271,555,-284
111000938,971,2071,-1100
111000939,12,1,11
111000940,56,216,-160
111000941,55,319,-264
111000943,29,198,-169
111000944,24,399,-375
111000945,0,1841,-1841
111001109,32,34,-2
111001110,65,665,-600
111001111,8,4,4
111001112,29,3,26
111001113,35,66,-31
111001114,173,2,171
111001115,22,256,-234
111001116,2483,311,2172
111001117,621,462,159
111001120,28,295,-267
111001121,41,231,-190
111001122,133,566,-433
111001123,12,31,-19
111900001,1,146,-145
111900002,3,749,-746
111900003,3,375,-372
111900004,8,147,-139
111900006,1,1,0
111900007,7,0,7
111900008,44,2,42
111900009,8,136,-128
111900010,129,470,-341
111900012,77,64,13
111900013,0,50,-50
111900014,6938,735,6203
111900015,0,40,-40
111900016,2,161,-159
111900017,2,159,-157
111900018,9,1,8
111900019,0,28,-28
111900020,2,19,-17
111900021,1,59,-58
111900022,9,40,-31
111900023,116,43,73
111900024,0,99,-99
111900025,0,28,-28
111900026,0,84,-84
111900027,1,98,-97
111900028,1,446,-445
111900029,0,67,-67
111900030,32,199,-167
111900031,2,115,-113
111900032,4,419,-415
111900033,2,98,-96
111900034,50,233,-183
111900035,5,176,-171
111900036,1,404,-403
111900038,126,301,-175
111900039,33,320,-287
111900040,1,714,-713
111900042,44,45,-1
111900043,2,455,-453
111900044,62,151,-89
111900046,31,200,-169
111900048,28,956,-928
111900049,25,317,-292
111900050,17,3,14
111900051,0,272,-272
111900052,269,583,-314
111900053,1047,169,878
111900054,15,0,15
111900055,23,703,-680
111900056,103,53,50
111900057,19,30,-11
111900058,83,873,-790
111900059,967,69,898
111900060,61,1,60
111900061,8,339,-331
111900062,1,10,-9
111900063,15,179,-164
111900064,79,221,-142
111900065,24,4,20
111900066,13,38,-25
111900067,1,276,-275
111900068,15,14,1
111900069,27,11,16
111900070,12,41,-29
111900071,3,254,-251
111900072,7,1,6
111900073,101,16,85
111900074,12,167,-155
111900075,19,1,18
111900076,18,10,8
111900077,9,0,9
111900078,17,2,15
111900079,2,2,0
111900080,110,19,91
111900081,638,36,602
111900082,14,4,10
111900083,13,0,13
111900084,6,0,6
111900085,3,2,1
111900086,6,0,6
111900087,10,0,10
111900088,28,0,28
111900089,9,0,9
111900090,50,7,43
111900091,28,0,28
111900092,5,0,5
111900093,25,0,25
111900094,13,0,13
111900095,79,4,75
111900096,25,0,25
111900097,0,1,-1
111900098,14,0,14
111900099,3,0,3
111900100,11,1,10
111900101,15,1,14
111900102,58,679,-621
111900103,25,10,15
111900104,17,42,-25
111900105,42,60,-18
111900106,1383,19,1364
111900107,27,80,-53
111900108,38,21,17
111900109,187,30,157
111900110,3231,94,3137
111900111,3,172,-169
111900112,580,338,242
111900113,109,19,90
111900114,198,64,134
111900115,4,26,-22
111900118,27,2,25
111900119,32,16,16
111900122,25,1,24
111900123,1,1,0
111900124,20,69,-49
111900125,39,2,37
111900126,43,0,43
111900127,2,584,-582
111900128,2,428,-426
111900129,18,1,17
111900130,11,2,9
111900131,22,0,22
111900132,13,933,-920
111900133,3,245,-242
111900134,18,304,-286
111900135,0,4,-4
111900136,13,23,-10
111900137,19,31,-12
111900138,2,53,-51
111900139,7,131,-124
111900140,9,12,-3
111900141,2,9,-7
111900142,29,7,22
111900143,1,292,-291
111900144,0,180,-180
111900145,0,825,-825
111900146,3,398,-395
111900147,132,503,-371
111900148,15,839,-824
111900149,3,424,-421
111900150,3,190,-187
111900151,0,22,-22
111900152,53,17,36
111900153,1112,50,1062
111900154,2,61,-59
111900155,6,14,-8
111900156,4,5,-1
111900157,8,1,7
111900158,68,1,67
111900159,18,0,18
111900160,28,0,28
111900161,15,7,8
111900162,55,26,29
111900163,30,102,-72
111900164,4,8,-4
111901113,33,169,-136
111901114,12,350,-338
111901115,11,0,11
111901116,3,1,2
111901117,7,1,6
111901118,44,14,30
111901119,1337,107,1230
111901120,105,215,-110
111901121,142,328,-186
111901122,4,605,-601
111901123,20,374,-354
111901124,22,2,20
111901125,21,37,-16
111901126,38,7,31
111901127,768,90,678
111901128,8,89,-81
111901129,3,140,-137
111901130,4,276,-272
111901131,0,181,-181
111901132,1,3,-2
111901133,5,0,5
111901134,10,3,7
111901135,0,1,-1
111901136,4,4,0
111901137,0,4,-4
111901138,12,53,-41
111901139,5,59,-54
111901140,13,142,-129
111901141,3,185,-182
111901142,0,113,-113
111901143,1,67,-66
111901144,24,7,17
111901145,18,60,-42
112000001,478,347,131
112000002,552,1859,-1307
112000003,238,398,-160
112000004,289,1431,-1142
112000005,588,602,-14
112000006,906,1523,-617
112000007,510,570,-60
112000008,906,1743,-837
112000009,2345,2457,-112
112000010,1010,1408,-398
112000011,1336,2095,-759
112000012,4499,921,3578
112000013,6363,2787,3576
112000014,1287,358,929
112000015,1805,1517,288
112000016,1848,639,1209
112000017,1017,1136,-119
112000024,1353,422,931
112000026,3680,4242,-562
112000027,105,200,-95
112000028,1155,1557,-402
112000029,155,246,-91
112000030,169,103,66
112000031,1273,1250,23
112000032,782,39,743
112000033,2279,440,1839
112000034,276,18,258
112000035,54,240,-186
112000036,310,241,69
112000037,453,959,-506
112000038,433,621,-188
112000039,10,41,-31
112000040,94,377,-283
112000041,219,492,-273
112000042,517,190,327
112000050,139,465,-326
112000051,191,355,-164
112000054,1347,1860,-513
112000057,480,231,249
112000058,358,346,12
112000059,619,233,386
112000061,6217,1214,5003
112000062,3226,330,2896
112000063,1398,419,979
112000064,4953,4863,90
112000065,1939,2405,-466
112000066,1141,359,782
112000067,398,656,-258
112000068,486,386,100
112000069,269,2854,-2585
112000070,480,248,232
112000071,262,3115,-2853
112000072,283,463,-180
112000073,502,1390,-888
112000074,124,359,-235
112000075,244,354,-110
112000076,1893,2072,-179
112000077,180,656,-476
112000078,389,550,-161
112000079,689,1274,-585
112000080,202,736,-534
112000081,760,1371,-611
112000082,369,268,101
112000083,272,1370,-1098
112000084,391,275,116
112000085,394,1056,-662
112000086,405,804,-399
112000087,104,434,-330
112000088,100,451,-351
112000089,89,356,-267
112000090,131,264,-133
112000091,249,1175,-926
112000092,393,372,21
112000093,729,1100,-371
112000094,143,368,-225
112000095,316,686,-370
112000096,85,403,-318
112000097,190,231,-41
112000098,333,1575,-1242
112000099,157,135,22
112000100,263,433,-170
112000101,207,856,-649
112000102,210,264,-54
112000103,146,1303,-1157
112000105,169,1715,-1546
112000106,233,232,1
112000107,1,54,-53
112000108,68,1304,-1236
112000109,19,13,6
112000110,396,171,225
112000111,875,5435,-4560
112000112,2316,237,2079
112000113,887,2744,-1857
112000114,1082,434,648
112000115,63,475,-412
112000116,179,753,-574
112000117,119,339,-220
112000118,378,830,-452
112000119,191,861,-670
112000120,20,365,-345
112000121,10,494,-484
112000122,68,59,9
112000123,64,66,-2
112000124,20,23,-3
112000125,20,60,-40
112000126,27,452,-425
112000127,1867,519,1348
112000128,918,405,513
112000129,6,77,-71
112000130,15,40,-25
112000131,9,221,-212
112000132,22,269,-247
112000133,49,173,-124
112000134,100,367,-267
112000135,253,225,28
112000136,462,1204,-742
112000137,425,395,30
112000138,766,1344,-578
112000139,275,102,173
112000140,346,935,-589
112000141,148,109,39
112000142,61,923,-862
112000143,273,106,167
112000144,130,1657,-1527
112000145,514,420,94
112000146,450,2081,-1631
112000147,551,748,-197
112000148,779,1821,-1042
112000149,32,242,-210
112000150,35,482,-447
112000151,112,227,-115
112000152,79,220,-141
112000153,38,73,-35
112000154,29,77,-48
112000155,79,49,30
112000157,235,191,44
112000158,34,444,-410
112000159,120,235,-115
112000167,80,6,74
112000169,124,198,-74
112000173,152,211,-59
112000175,81,267,-186
112000176,4757,1555,3202
112000177,123,74,49
112000178,36,419,-383
112000179,54,149,-95
112000180,104,177,-73
112000181,416,1474,-1058
112000182,194,1695,-1501
112000183,6,79,-73
112000184,64,268,-204
112000185,132,352,-220
112000187,1315,1613,-298
112000195,17,1,16
112000196,30,4,26
112000197,18,54,-36
112000198,25,474,-449
112000199,277,992,-715
112000202,3,1,2
112000216,19,72,-53
112000230,12,1,11
112000231,3,417,-414
112000256,5,25,-20
112000313,95,247,-152
112000314,10,6,4
112000337,60,499,-439
112000352,54,80,-26
112000392,1500,886,614
112000398,294,384,-90
112000399,504,469,35
112000400,1258,3210,-1952
112000401,1409,2041,-632
112000402,484,944,-460
112000403,577,686,-109
112000404,141,298,-157
112000405,431,1049,-618
112000406,1989,2378,-389
112000407,1641,2849,-1208
112000408,6836,4954,1882
112000409,1108,3641,-2533
112000410,122,60,62
112000411,3966,386,3580
112000412,524,139,385
112000413,6913,573,6340
112000414,36,65,-29
112000415,17,21,-4
112000416,538,622,-84
112000417,77,27,50
112000421,10,109,-99
112000422,107,315,-208
112000424,1345,610,735
112000425,166,749,-583
112000426,29,136,-107
112000427,0,9,-9
112000428,20,322,-302
112000429,870,1888,-1018
112000430,806,2093,-1287
112000431,38,12,26
112000432,299,1976,-1677
112000433,482,354,128
112000437,20,339,-319
112900001,8,0,8
112900002,38,1244,-1206
112900003,4,173,-169
112900004,6,334,-328
112900005,32,239,-207
112900006,9,459,-450
112900007,4,132,-128
112900008,1,9,-8
112900009,61,18,43
112900010,30,610,-580
112900011,233,205,28
112900012,0,47,-47
112900013,0,97,-97
112900014,1,210,-209
112900015,253,835,-582
112900016,3,193,-190
112900017,27,126,-99
112900018,3,348,-345
112900019,48,65,-17
112900020,420,1402,-982
112900021,4,220,-216
112900022,0,46,-46
112900023,0,253,-253
112900024,16,126,-110
112900025,44,114,-70
112900026,4,244,-240
112900027,5,1147,-1142
112900028,19,81,-62
112900029,0,422,-422
112900030,251,151,100
112900031,2,499,-497
112900032,51,187,-136
112900034,1,26,-25
112900035,1,379,-378
112900036,13,109,-96
112900037,48,22,26
112900038,92,123,-31
112900039,14,240,-226
112900040,2,325,-323
112900041,882,376,506
112900042,24,382,-358
112900043,5,28,-23
112900044,298,270,28
112900045,444,203,241
112900046,158,45,113
112900047,7,6,1
112900049,9,47,-38
112900050,59,713,-654
112900051,253,618,-365
112900052,0,879,-879
112900053,151,92,59
112900054,220,20,200
112900055,90,3,87
112900056,107,83,24
112900057,1,730,-729
112900058,157,38,119
112900059,22,95,-73
112900060,1,215,-214
112900061,20,72,-52
112900062,23,154,-131
112900063,20,0,20
112900064,76,68,8
112900065,0,2,-2
112900066,36,34,2
112900067,482,58,424
112900068,7,2,5
112900069,2253,162,2091
112900071,4,0,4
112900072,94,342,-248
112900073,140,18,122
112900074,7,18,-11
112900075,1705,124,1581
112900076,10,0,10
112900078,28,85,-57
112900079,23,3,20
112900080,4,0,4
112900081,10,38,-28
112900082,72,2,70
112900083,18,10,8
112900084,13,11,2
112900085,0,1,-1
112900086,3,0,3
112900087,122,35,87
112900088,3,0,3
112900089,184,26,158
112900090,1,5,-4
112900091,20,0,20
112900092,53,34,19
112900093,186,5,181
112900094,4,0,4
112900095,1,1,0
112900096,80,36,44
112900097,16,300,-284
112900098,2,0,2
112900099,122,6,116
112900100,3,0,3
112900101,26,0,26
112900102,25,1,24
112900103,12,3,9
112900104,4,0,4
112900105,3,0,3
112900106,59,61,-2
112900107,1,0,1
112900108,0,0,0
112900109,5,0,5
112900110,81,1,80
112900111,108,0,108
112900112,41,0,41
112900113,0,7,-7
112900114,16,30,-14
112900115,170,0,170
112900116,15,16,-1
112900117,78,82,-4
112900118,17,52,-35
112900119,18,1,17
112900120,461,66,395
112900121,102,79,23
112900122,9,137,-128
112900123,49,1,48
112900124,2,117,-115
112900125,51,151,-100
112900126,66,232,-166
112900127,93,16,77
112900128,264,471,-207
112900129,6,969,-963
112900130,30,22,8
112900131,29,167,-138
112900132,43,366,-323
112900133,10,1271,-1261
112900134,0,337,-337
112900135,37,4,33
112900136,0,29,-29
112900137,3,853,-850
112900138,3,484,-481
112900139,118,964,-846
112900140,0,98,-98
112900141,91,29,62
112900142,53,21,32
112900143,28,503,-475
112900144,1,205,-204
112900145,33,359,-326
112900146,3,1162,-1159
112900147,2,2484,-2482
112900148,4,0,4
112900149,99,347,-248
112900151,11,13,-2
112900152,4708,865,3843
112900153,675,324,351
112900154,0,37,-37
112900155,16,0,16
112900156,27,1694,-1667
112900157,12,2,10
112900158,6,6,0
112900159,38,32,6
112900160,9,226,-217
112900161,22,8,14
112900162,12,3,9
112900163,25,10,15
112900164,11,33,-22
112900165,36,26,10
112900166,9,11,-2
112900167,4,10,-6
112900168,4,1,3
112900169,2,1,1
112900170,6,63,-57
112900172,72,1,71
112900173,149,83,66
112900174,61,3,58
112900175,80,24,56
112900176,12,1,11
112900177,44,9,35
112900178,180,340,-160
112900179,23,502,-479
112900180,366,3069,-2703
112900181,71,0,71
112900182,36,1344,-1308
112900183,55,78,-23
112900184,249,180,69
112900185,152,160,-8
112900186,1383,358,1025
112900187,11,100,-89
112900188,762,184,578
112900189,0,17,-17
112900190,0,63,-63
112900192,182,85,97
112900193,391,96,295
112900194,4,106,-102
112900195,82,6,76
112900196,154,641,-487
112900197,52,376,-324
112900199,53,409,-356
112900200,77,116,-39
112900201,15,35,-20
112900202,22,760,-738
112900203,27,135,-108
112900204,353,155,198
112900205,0,10,-10
112900206,1,40,-39
112900207,0,1,-1
112900208,17,36,-19
112900209,174,279,-105
112900210,0,18,-18
112900211,24,72,-48
112900212,0,29,-29
112900213,3,3,0
112900214,0,1,-1
112900215,2,201,-199
112900216,18,28,-10
112900217,0,74,-74
112900218,0,8,-8
112900219,2,21,-19
112900220,0,0,0
112900221,1,131,-130
112900222,0,8,-8
112900223,205,4,201
112900224,17,689,-672
112900225,41,555,-514
112900226,231,107,124
112900227,50,1478,-1428
112900228,12,8,4
112900229,18,31,-13
112900230,7286,1332,5954
112900232,115,53,62
112900233,6,180,-174
112900234,8,83,-75
112900235,14,1,13
112900236,17,13,4
112900237,13,325,-312
112900238,1,36,-35
112900239,242,116,126
113000001,2708,2835,-127
113000002,1770,2156,-386
113000003,1314,923,391
113000004,1270,1152,118
113000005,637,675,-38
113000006,371,715,-344
113000007,790,845,-55
113000008,626,1136,-510
113000009,363,646,-283
113000010,397,1006,-609
113000011,364,1578,-1214
113000012,409,336,73
113000013,523,274,249
113000014,1044,938,106
113000015,265,155,110
113000016,203,369,-166
113000017,56,193,-137
113000018,48,39,9
113000019,49,170,-121
113000020,34,2,32
113000021,172,482,-310
113000022,176,1130,-954
113000025,41,204,-163
113000026,43,240,-197
113000027,183,209,-26
113000028,644,308,336
113000029,630,268,362
113000030,437,526,-89
113000031,217,192,25
113000032,156,136,20
113000033,264,216,48
113000034,460,249,211
113000035,29,25,4
113000036,12,35,-23
113000037,73,30,43
113000038,14,46,-32
113000039,39,314,-275
113000040,25,82,-57
113000042,375,205,170
113000051,353,1020,-667
113000052,1662,867,795
113000053,119,524,-405
113000054,106,398,-292
113000055,292,682,-390
113000056,381,1322,-941
113000058,527,835,-308
113000059,432,343,89
113000060,41,438,-397
113000061,627,1019,-392
113000062,693,81,612
113000063,33,172,-139
113000064,6,280,-274
113000065,75,1060,-985
113000066,99,61,38
113000067,417,577,-160
113000068,128,1611,-1483
113000069,194,1248,-1054
113000070,348,387,-39
113000071,145,587,-442
113000072,172,231,-59
113000073,362,1199,-837
113000074,537,136,401
113000075,911,238,673
113000076,837,1217,-380
113000077,742,212,530
113000078,643,1196,-553
113000079,885,431,454
113000080,569,220,349
113000081,609,442,167
113000082,946,643,303
113000083,219,333,-114
113000084,734,907,-173
113000085,298,303,-5
113000086,470,897,-427
113000087,345,447,-102
113000088,1484,1001,483
113000089,406,876,-470
113000090,46,170,-124
113000091,681,196,485
113000094,189,75,114
113000095,162,1089,-927
113000096,154,775,-621
113000097,230,145,85
113000098,68,8,60
113000099,968,85,883
113000100,93,305,-212
113000101,252,413,-161
113000102,89,87,2
113000103,1661,545,1116
113000104,249,1308,-1059
113000105,152,222,-70
113000106,152,530,-378
113000107,224,535,-311
113000108,519,1113,-594
113000109,272,1271,-999
113000110,817,192,625
113000111,46,231,-185
113000112,124,153,-29
113000113,1806,127,1679
113000114,291,605,-314
113000116,438,164,274
113000117,531,123,408
113000118,37,218,-181
113000119,72,375,-303
113000120,13,150,-137
113000121,391,711,-320
113000124,42,127,-85
113000125,12,261,-249
113000127,2843,417,2426
113000128,317,387,-70
113000129,705,698,7
113000133,3632,686,2946
113000134,10,396,-386
113000135,953,873,80
113000137,996,445,551
113000139,327,103,224
113000140,205,233,-28
113000141,401,66,335
113000142,700,734,-34
113000143,175,86,89
113000144,260,516,-256
113000145,42,115,-73
113000146,78,55,23
113000147,94,110,-16
113000148,44,159,-115
113000149,81,181,-100
113000150,330,222,108
113000151,112,57,55
113000152,51,220,-169
113000153,1237,469,768
113000154,458,658,-200
113000155,128,161,-33
113000156,103,345,-242
113000157,143,615,-472
113000158,405,105,300
113000159,566,296,270
113000160,377,1079,-702
113000161,110,737,-627
113000162,388,206,182
113000163,41,21,20
113000164,9,95,-86
113000166,20,23,-3
113000167,25,216,-191
113000168,48,231,-183
113000169,49,22,27
113000170,29,31,-2
113000171,50,93,-43
113000172,98,19,79
113000173,10,3,7
113000174,62,547,-485
113000175,92,40,52
113000176,71,35,36
113000177,59,407,-348
113000178,97,386,-289
113000179,52,27,25
113000180,217,932,-715
113000181,366,806,-440
113000182,185,138,47
113000183,140,498,-358
113000184,5,105,-100
113000189,248,413,-165
113000190,1575,369,1206
113000192,1499,940,559
113000193,2333,550,1783
113000194,753,854,-101
113000195,794,335,459
113000196,21,46,-25
113000197,421,371,50
113000198,14,160,-146
113000199,589,278,311
113000201,58,114,-56
113000202,2128,560,1568
113000203,48,25,23
113000204,665,925,-260
113000205,14,24,-10
113000206,4,35,-31
113000207,31,13,18
113000208,36,33,3
113000209,5,8,-3
113000210,4,19,-15
113000211,164,56,108
113000212,203,12,191
113000213,5,46,-41
113000214,38,110,-72
113000234,58,1267,-1209
113000410,63,58,5
113000411,1963,2980,-1017
113000412,10137,1252,8885
113000413,4512,1458,3054
113000414,11326,6149,5177
113000415,2330,1681,649
113000416,8257,2210,6047
113000417,2653,1825,828
113000418,2245,1805,440
113000419,1355,1343,12
113000420,2967,1913,1054
113000421,2301,2376,-75
113000422,17961,3649,14312
113000423,2773,2173,600
113000424,4045,3227,818
113000425,6,66,-60
113000428,411,80,331
113000430,61,69,-8
113000432,278,42,236
113000433,114,860,-746
113000434,23,389,-366
113000435,12,864,-852
113000436,22,1271,-1249
113000437,27,1,26
113000438,22,3,19
113000439,7,162,-155
113000440,13,14,-1
113000441,34,104,-70
113000442,55,328,-273
113000443,22,132,-110
113000444,34,293,-259
113000445,11,36,-25
113000446,4,56,-52
113000448,107,87,20
113000449,100,75,25
113000450,377,335,42
113000451,806,67,739
113000452,66,48,18
113000453,60,167,-107
113000454,113,6,107
113000455,5,137,-132
113000456,2398,1321,1077
113000468,2219,256,1963
113000469,187,85,102
113000470,360,57,303
113000471,16,201,-185
113000472,25,179,-154
113000474,145,509,-364
113000475,874,1437,-563
113000476,499,1474,-975
113000477,1038,1895,-857
113000478,2150,4239,-2089
113000479,14,222,-208
113000480,39,68,-29
113000481,0,0,0
113000482,0,0,0
113000483,0,0,0
113000484,0,0,0
113000485,0,0,0
113000486,0,0,0
113000487,0,0,0
113000488,0,0,0
113000489,0,0,0
113000490,0,0,0
113000491,0,0,0
113000492,0,0,0
113000493,0,0,0
113000495,81,205,-124
113000496,26,45,-19
113000500,0,5,-5
113900001,0,13,-13
113900002,0,30,-30
113900003,0,8,-8
113900004,0,4,-4
113900005,0,1,-1
113900006,0,2,-2
113900007,1,2,-1
113900008,0,0,0
113900009,4,0,4
113900010,6,0,6
113900011,0,0,0
113900012,0,0,0
113900013,30,0,30
113900014,487,3,484
113900015,0,25,-25
113900016,10,0,10
113900017,0,18,-18
113900018,300,22,278
113900019,14,29,-15
113900020,20,0,20
113900022,1,0,1
113900023,1,0,1
113900024,14,63,-49
113900025,177,9,168
113900026,20,1,19
113900027,3,26,-23
113900028,4,238,-234
113900029,11,260,-249
113900030,14,0,14
113900031,0,0,0
113900032,9,0,9
113900033,20,71,-51
113900035,18,0,18
113900036,3,46,-43
113900037,17,487,-470
113900038,13,22,-9
113900039,18,5,13
113900040,0,1,-1
113900041,0,0,0
113900042,12,23,-11
113900043,98,73,25
113900044,85,13,72
113900045,28,1,27
113900046,328,662,-334
113900047,3,81,-78
113900048,289,25,264
113900049,755,54,701
113900050,78,246,-168
113900051,44,278,-234
113900052,70,53,17
113900053,112,34,78
113900054,1,0,1
113900055,52,579,-527
113900056,5,77,-72
113900057,15,188,-173
113900058,26,150,-124
113900059,53,315,-262
113900060,76,256,-180
113900061,550,26,524
113900062,18,5,13
113900063,10,91,-81
113900064,27,125,-98
113900065,261,3,258
113900066,55,379,-324
113900067,17,334,-317
113900068,103,197,-94
113900069,51,7,44
113900070,141,353,-212
113900071,8,45,-37
113900072,22,137,-115
113900073,85,368,-283
113900074,7,316,-309
113900075,316,535,-219
113900076,44,4,40
113900077,15,209,-194
113900078,13,23,-10
113900079,1,53,-52
113900080,122,84,38
113900081,6,177,-171
113900082,33,145,-112
113900083,39,673,-634
113900084,74,36,38
113900085,18,329,-311
113900086,1,7,-6
113900087,10,200,-190
113900088,10,31,-21
113900089,105,12,93
113900090,147,128,19
113900091,17,13,4
113900092,5,34,-29
113900093,15,256,-241
113900094,50,403,-353
113900095,25,38,-13
113900096,53,22,31
113900097,1,90,-89
113900098,119,24,95
113900099,0,48,-48
113900100,0,1,-1
113900101,3,25,-22
113900102,30,31,-1
113900103,98,147,-49
113900104,38,73,-35
113900105,10,266,-256
113900106,1,85,-84
113900107,5,33,-28
113900108,78,107,-29
113900109,200,63,137
113900110,6,3,3
113900111,13,90,-77
113900112,20,55,-35
113900113,226,160,66
113900114,0,72,-72
113900115,0,61,-61
113900116,22,53,-31
113900117,16,7,9
113900118,39,102,-63
113900119,229,122,107
113900120,8,6,2
113900121,8,69,-61
113900122,98,496,-398
113900123,112,56,56
113900124,2,55,-53
113900125,871,125,746
113900126,56,19,37
113900127,91,188,-97
113900128,30,17,13
113900129,4,25,-21
113900130,0,6,-6
113900131,31,32,-1
113900132,9,14,-5
113900133,6,16,-10
113900135,95,295,-200
113900136,45,45,0
113900137,117,67,50
113900138,13,66,-53
113900139,455,46,409
113900140,390,103,287
113900141,82,315,-233
113900142,23,59,-36
113900143,22,7,15
113900144,249,42,207
113900145,48,113,-65
113900146,14,42,-28
113900148,82,106,-24
113900149,64,21,43
113900150,1366,365,1001
113900151,53,106,-53
113900152,8,33,-25
113900153,426,291,135
113900154,1,66,-65
113900155,142,25,117
113900156,113,548,-435
113900157,5,182,-177
113900158,457,104,353
113900159,1,86,-85
113900160,214,718,-504
113900161,11,70,-59
113900162,616,297,319
113900163,77,116,-39
113900164,53,19,34
113900165,521,367,154
113900166,134,37,97
113900167,69,41,28
113900168,85,89,-4
113900169,73,347,-274
113900171,20,6,14
113900172,2,208,-206
113900173,49,527,-478
113900174,158,841,-683
113900175,49,23,26
113900176,67,742,-675
113900177,99,117,-18
113900178,35,27,8
113900179,13,552,-539
113900180,57,69,-12
113900181,119,26,93
113900182,134,708,-574
113900183,17,54,-37
113900184,17,487,-470
113900185,67,48,19
113900186,9,21,-12
113900187,16,118,-102
113900188,9,113,-104
113900189,42,23,19
113900190,260,59,201
113900191,87,182,-95
113900192,4,156,-152
113900193,16,287,-271
113900194,1430,640,790
113900195,196,368,-172
113900196,0,122,-122
113900197,1,260,-259
113900198,5,89,-84
113900199,158,535,-377
113900200,12,205,-193
113900201,8,234,-226
113900202,15,138,-123
113900203,3,270,-267
113900204,14,620,-606
113900205,8,51,-43
113900206,5,70,-65
113900207,0,56,-56
113900208,0,52,-52
113900209,1,109,-108
113900210,332,302,30
113900211,65,12,53
113900212,29,426,-397
113900214,335,220,115
113900215,12,55,-43
113900216,11,1077,-1066
113900217,16,319,-303
113900218,38,14,24
113900219,54,338,-284
113900220,39,33,6
113900221,100,61,39
113900222,64,116,-52
113900223,20,938,-918
113900224,73,33,40
113900225,498,96,402
113900226,93,71,22
113900227,120,70,50
113900228,257,150,107
113900229,11,355,-344
113900230,3336,585,2751
113900231,55,135,-80
113900232,18,75,-57
113900233,4,39,-35
113900234,59,148,-89
113900235,15,14,1
113900236,3,268,-265
113900237,25,3,22
113900238,118,217,-99
113900239,10,13,-3
113900240,2,41,-39
113900241,66,41,25
113900242,27,96,-69
113900243,87,300,-213
113900244,410,81,329
113900245,1235,131,1104
113900246,11,1,10
113900247,123,139,-16
113900248,3337,494,2843
113900249,623,104,519
113900250,19,44,-25
113900251,179,170,9
113900252,182,19,163
113900253,196,20,176
113900254,123,37,86
113900255,110,1,109
113900256,70,8,62
113900257,26,680,-654
113900258,5,469,-464
113900259,145,247,-102
113900260,36,10,26
113900261,3,119,-116
113900262,25,673,-648
113900263,27,382,-355
113900264,7,534,-527
113900265,65,286,-221
113900266,13,254,-241
113900267,38,353,-315
113900268,133,132,1
113900269,25,101,-76
113900270,101,157,-56
113900271,177,1190,-1013
113900273,11,2,9
113900274,1,0,1
113900275,13,40,-27
113900276,2,228,-226
113900277,22,2,20
113900278,202,116,86
113900279,63,57,6
113900280,518,283,235
113900281,137,696,-559
113900282,507,169,338
113900283,150,255,-105
113900284,331,61,270
113900285,41,9,32
113900286,40,131,-91
113900287,4,96,-92
113900288,1,63,-62
113900289,1154,30,1124
113900290,365,23,342
113900291,106,173,-67
113900292,1,1,0
113900293,1,168,-167
113900294,81,5,76
113900295,178,102,76
113900296,2121,202,1919
113900297,141,20,121
113900298,4,1324,-1320
113900299,1,141,-140
113900300,5283,1117,4166
113900301,278,53,225
113900302,1435,273,1162
113900303,364,60,304
113900304,0,208,-208
113900305,12,1,11
113900306,0,0,0
113900307,49,0,49
113900308,54,62,-8
113900309,1,768,-767
113900310,0,17,-17
113900311,0,0,0
113900312,17,71,-54
113900313,44,4,40
114000001,775,2480,-1705
114000002,117,408,-291
114000003,37,235,-198
114000004,103,418,-315
114000005,87,192,-105
114000006,2224,1861,363
114000007,359,1206,-847
114000008,1040,737,303
114000009,124,72,52
114000011,1299,2073,-774
114000012,527,2016,-1489
114000013,472,1650,-1178
114000014,186,258,-72
114000015,711,407,304
114000016,149,281,-132
114000017,81,123,-42
114000018,260,80,180
114000026,304,1291,-987
114000027,657,1299,-642
114000028,848,1135,-287
114000038,64,120,-56
114000039,44,86,-42
114000040,46,105,-59
114000042,29,180,-151
114000043,6,224,-218
114000044,36,34,2
114000045,16,92,-76
114000046,1598,4056,-2458
114000047,4,68,-64
114000048,14,28,-14
114000049,683,562,121
114000050,703,541,162
114000051,2036,891,1145
114000052,1785,495,1290
114000053,10,241,-231
114000054,27,1107,-1080
114000055,99,15,84
114000056,449,397,52
114000057,6653,1662,4991
114000058,207,249,-42
114000059,132,102,30
114000060,155,635,-480
114000061,1584,472,1112
114000062,828,265,563
114000063,2259,1185,1074
114000064,5721,1599,4122
114000065,1030,1410,-380
114000066,104,390,-286
114000067,10,102,-92
114000068,245,267,-22
114000069,363,292,71
114000070,1066,555,511
114000071,201,681,-480
114000072,78,404,-326
114000073,5,31,-26
114000074,1,13,-12
114000075,10,77,-67
114000076,1,52,-51
114000077,0,12,-12
114000078,69,1577,-1508
114000079,14,25,-11
114000080,31,17,14
114000081,5,10,-5
114000082,29,552,-523
114000083,23,215,-192
114000084,60,48,12
114000085,54,705,-651
114000086,44,672,-628
114000087,29,302,-273
114000088,14,19,-5
114000089,1015,284,731
114000090,163,132,31
114000091,593,187,406
114000092,462,177,285
114000093,359,482,-123
114000094,167,229,-62
114000095,39,27,12
114000096,47,476,-429
114000097,51,911,-860
114000098,90,15,75
114000099,84,1069,-985
114000100,209,621,-412
114000101,180,1323,-1143
114000102,42,146,-104
114000103,28,446,-418
114000104,3,272,-269
114000105,46,51,-5
114000106,725,207,518
114000107,32,122,-90
114000108,1558,938,620
114000109,52,77,-25
114000110,241,1372,-1131
114000111,128,154,-26
114000112,104,1188,-1084
114000113,142,123,19
114000114,641,1141,-500
114000115,280,118,162
114000116,95,179,-84
114000117,277,146,131
114000118,270,153,117
114000119,240,105,135
114000120,253,900,-647
114000121,195,470,-275
114000122,146,195,-49
114000123,137,87,50
114000124,103,135,-32
114000125,483,1396,-913
114000126,219,67,152
114000127,13,56,-43
114000128,88,166,-78
114000130,44,36,8
114000131,24,23,1
114000132,331,717,-386
114000133,765,1035,-270
114000134,31,245,-214
114000138,51,164,-113
114000139,130,72,58
114000144,179,159,20
114000145,44,150,-106
114000146,61,259,-198
114000147,422,418,4
114000148,1051,212,839
114000149,80,56,24
114000150,573,444,129
114000151,507,402,105
114000152,67,5,62
114000153,632,844,-212
114000154,407,435,-28
114000155,588,771,-183
114000156,241,189,52
114000157,116,387,-271
114000158,1790,457,1333
114000159,145,229,-84
114000160,70,129,-59
114000161,629,371,258
114000162,323,298,25
114000163,7,128,-121
114000165,92,57,35
114000166,308,53,255
114000167,2665,745,1920
114000168,386,505,-119
114000169,452,215,237
114000170,188,149,39
114000171,123,217,-94
114000174,112,318,-206
114000176,354,262,92
114000177,1710,520,1190
114000178,14,40,-26
114000179,368,82,286
114000180,184,408,-224
114000181,651,1016,-365
114000182,4850,1508,3342
114000183,663,549,114
114000184,499,1496,-997
114000185,175,167,8
114000189,57,23,34
114000190,341,43,298
114000191,13,5,8
114000192,188,1237,-1049
114000193,758,2970,-2212
114000194,544,1105,-561
114000195,22,2,20
114000196,1,252,-251
114000197,139,35,104
114000198,845,326,519
114000199,1371,723,648
114000200,315,2119,-1804
114000201,52,891,-839
114000202,489,638,-149
114000203,139,665,-526
114000204,69,314,-245
114000205,124,1447,-1323
114000206,186,1122,-936
114000207,337,2085,-1748
114000208,250,2795,-2545
114000209,378,2774,-2396
114000210,206,1512,-1306
114000211,331,949,-618
114000212,350,413,-63
114000213,420,317,103
114000214,18,189,-171
114000215,22,51,-29
114000216,103,13,90
114000217,4,226,-222
114000218,58,225,-167
114000219,188,242,-54
114000220,5,1044,-1039
114000221,95,67,28
114000222,92,911,-819
114000223,72,20,52
114000224,63,535,-472
114000225,39,419,-380
114000226,15,203,-188
114000227,161,246,-85
114000228,186,696,-510
114000229,257,919,-662
114000230,558,1128,-570
114000231,311,933,-622
114000232,118,72,46
114000233,392,36,356
114000234,366,783,-417
114000235,352,1188,-836
114000236,1,571,-570
114000237,40,1051,-1011
114000238,25,111,-86
114000239,158,1154,-996
114000240,292,472,-180
114000241,107,825,-718
114000242,612,670,-58
114000243,337,434,-97
114000244,136,69,67
114000245,173,596,-423
114000246,81,30,51
114000247,209,481,-272
114000248,195,284,-89
114000249,179,278,-99
114000250,39,378,-339
114000251,32,261,-229
114000252,28,93,-65
114000253,5,64,-59
114000254,3,101,-98
114000255,295,125,170
114000256,669,280,389
114000257,428,1919,-1491
114000258,34,480,-446
114000259,7,240,-233
114000260,0,16,-16
114000261,2,0,2
114000262,32,184,-152
114000263,0,0,0
114000264,186,702,-516
114000265,0,15,-15
114000267,7,784,-777
114000268,1,1793,-1792
114000270,4,0,4
114000271,132,84,48
114000283,112,351,-239
114000285,38,290,-252
114000288,18,339,-321
114000289,449,71,378
114000293,33,274,-241
114000294,82,132,-50
114000395,116,22,94
114000396,44,113,-69
114000402,95,351,-256
114000403,135,430,-295
114000405,49,532,-483
114000423,32,520,-488
114000424,55,236,-181
114000425,71,629,-558
114000426,18,32,-14
114000427,32,137,-105
114000428,92,45,47
114000429,1,131,-130
114000432,23,93,-70
114000434,7,66,-59
114000435,0,150,-150
114000436,4504,1062,3442
114000437,89,208,-119
114900001,152,1207,-1055
114900002,250,17,233
114900003,73,1536,-1463
114900004,43,49,-6
114900005,112,603,-491
114900006,6,11,-5
114900007,22,0,22
114900008,18,26,-8
114900010,2010,783,1227
114900011,26,55,-29
114900013,31,45,-14
114900015,12,65,-53
114900018,274,17,257
114900020,20,44,-24
114900022,0,352,-352
114900024,18,78,-60
114900025,97,180,-83
114900026,25,20,5
114900027,59,153,-94
114900029,20,13,7
114900030,44,144,-100
114900031,42,6,36
114900032,35,12,23
114900033,839,125,714
114900034,35,245,-210
114900035,56,165,-109
114900036,109,1190,-1081
114900037,42,130,-88
114900038,112,1344,-1232
114900039,179,800,-621
114900040,17,166,-149
114900041,144,725,-581
114900042,192,929,-737
114900043,554,196,358
114900044,27,1,26
114900046,21,102,-81
114900047,50,586,-536
114900048,20,98,-78
114900049,6,160,-154
114900050,12,532,-520
114900051,9,489,-480
114900052,130,113,17
114900053,74,164,-90
114900054,28,135,-107
114900057,30,0,30
114900058,0,72,-72
114900059,13,17,-4
114900060,612,233,379
114900061,50,159,-109
114900062,197,191,6
114900063,34,165,-131
114900064,209,753,-544
114900065,74,462,-388
114900067,11,207,-196
114900068,38,154,-116
114900069,218,160,58
114900070,98,410,-312
114900072,4,181,-177
114900073,0,198,-198
114900074,56,747,-691
114900075,14,0,14
114900076,4,417,-413
114900080,1886,199,1687
114900082,2232,745,1487
114900083,144,395,-251
114900090,36,64,-28
114900091,79,87,-8
114900095,340,105,235
114900096,382,347,35
114900097,9,0,9
114900098,0,74,-74
114900099,16,4,12
115000001,7368,6081,1287
115000002,1365,1216,149
115000003,2655,4167,-1512
115000004,873,1856,-983
115000005,815,2607,-1792
115000006,216,650,-434
115000007,31,95,-64
115000008,168,155,13
115000009,69,174,-105
115000010,95,54,41
115000013,55,71,-16
115000015,68,75,-7
115000016,219,156,63
115000019,5,170,-165
115000020,116,63,53
115000021,145,290,-145
115000022,404,220,184
115000023,57,91,-34
115000024,732,404,328
115000025,116,99,17
115000026,134,260,-126
115000027,15,44,-29
115000028,86,482,-396
115000029,18,34,-16
115000030,144,657,-513
115000031,145,72,73
115000032,6,179,-173
115000033,60,8,52
115000034,81,728,-647
115000035,145,3,142
115000036,1,350,-349
115000037,37,0,37
115000038,27,107,-80
115000039,1424,933,491
115000040,4248,1421,2827
115000041,321,1024,-703
115000042,289,328,-39
115000043,1491,1387,104
115000044,2736,3532,-796
115000045,818,2142,-1324
115000046,470,1116,-646
115000047,623,934,-311
115000048,910,2947,-2037
115000049,957,2511,-1554
115000050,1035,752,283
115000051,1203,590,613
115000052,2770,1509,1261
115000053,623,585,38
115000054,504,835,-331
115000055,20,326,-306
115000056,14,63,-49
115000057,109,310,-201
115000058,31,58,-27
115000059,9,137,-128
115000061,31,27,4
115000062,21,197,-176
115000063,37,318,-281
115000064,16,18,-2
115000065,15,121,-106
115000067,0,0,0
115000069,11,174,-163
115000070,16,291,-275
115000071,11,0,11
115000072,44,32,12
115000073,384,12,372
115000075,13,37,-24
115000076,1990,2721,-731
115000077,601,3579,-2978
115000078,252,1633,-1381
115000079,408,2061,-1653
115000080,640,2388,-1748
115000081,217,831,-614
115000082,1357,1821,-464
115000083,796,3096,-2300
115000084,258,488,-230
115000085,205,939,-734
115000086,100,487,-387
115000087,357,1141,-784
115000088,524,211,313
115000089,1266,1386,-120
115000090,424,84,340
115000091,234,1032,-798
115000092,140,269,-129
115000093,2,0,2
115000094,5239,2056,3183
115000095,4560,2407,2153
115000096,200,1621,-1421
115000097,157,510,-353
115000098,213,637,-424
115000099,454,2340,-1886
115000100,143,297,-154
115000101,170,1403,-1233
115000102,109,100,9
115000103,253,866,-613
115000105,47,198,-151
115000106,59,114,-55
115000107,59,513,-454
115000108,2937,2484,453
115000109,3436,816,2620
115000110,643,415,228
115000111,442,825,-383
115000112,273,292,-19
115000113,363,503,-140
115000114,943,506,437
115000116,2018,711,1307
115000117,2051,751,1300
115000118,614,770,-156
115000119,765,843,-78
115000120,345,345,0
115000121,1219,526,693
115000122,2083,374,1709
115000123,1132,666,466
115000124,263,366,-103
115000125,143,428,-285
115000126,80,173,-93
115000127,115,96,19
115000128,599,380,219
115000129,68,70,-2
115000130,82,759,-677
115000131,61,201,-140
115000132,163,357,-194
115000133,155,281,-126
115000134,196,107,89
115000135,26,205,-179
115000136,45,121,-76
115000137,38,213,-175
115000138,56,110,-54
115000139,112,250,-138
115000140,41,125,-84
115000141,63,333,-270
115000142,30,284,-254
115000143,84,285,-201
115000144,131,52,79
115000145,63,536,-473
115000146,59,134,-75
115000147,132,499,-367
115000148,191,1288,-1097
115000149,196,128,68
115000150,344,1254,-910
115000151,212,318,-106
115000152,232,1699,-1467
115000153,201,341,-140
115000154,198,201,-3
115000155,300,1234,-934
115000156,363,333,30
115000157,519,637,-118
115000158,296,194,102
115000159,269,244,25
115000160,441,269,172
115000161,343,426,-83
115000162,299,178,121
115000163,435,409,26
115000164,351,384,-33
115000165,107,137,-30
115000167,27,15,12
115000168,210,137,73
115000169,265,375,-110
115000170,40,124,-84
115000171,82,67,15
115000172,1468,402,1066
115000173,36,80,-44
115000174,8,44,-36
115000175,19,57,-38
115000176,11,14,-3
115000177,12,47,-35
115000178,6,301,-295
115000179,4,6,-2
115000180,19,594,-575
115000181,73,58,15
115000182,101,196,-95
115000183,72,849,-777
115000186,190,188,2
115000187,40,552,-512
115000188,129,198,-69
115000189,143,300,-157
115000190,155,159,-4
115000191,135,198,-63
115000194,75,68,7
115000195,104,33,71
115000196,15,44,-29
115000197,94,467,-373
115000198,32,98,-66
115000199,94,367,-273
115000200,82,30,52
115000201,33,382,-349
115000206,0,0,0
115000207,12,307,-295
115000208,384,616,-232
115000209,141,111,30
115000210,24,59,-35
115000211,111,169,-58
115000212,753,183,570
115000224,29,19,10
115000225,10,32,-22
115000229,90,54,36
115000230,11,216,-205
115000231,201,2204,-2003
115000232,162,302,-140
115000233,24,236,-212
115000234,2,166,-164
115000241,12,109,-97
115000242,30,127,-97
115000243,12,128,-116
115000244,0,61,-61
115000246,7,9,-2
115000247,4,4,0
115000248,5,3,2
115000249,21,5,16
115000250,53,44,9
115000251,26,51,-25
115000252,9,58,-49
115000253,7,65,-58
115000258,29,52,-23
115000259,82,44,38
115000261,0,0,0
115000262,0,8,-8
115000263,1,4,-3
115000264,0,1,-1
115000267,7,19,-12
115000268,11,65,-54
115000269,10,32,-22
115000270,3,4,-1
115000272,14,60,-46
115000273,51,6,45
115000280,695,10,685
115000281,565,50,515
115000282,498,91,407
115000284,72,19,53
115000296,40,1,39
115000297,5,3,2
115000298,65,37,28
115000300,15,196,-181
115000302,32,77,-45
115000303,33,73,-40
115000304,69,39,30
115000305,46,1158,-1112
115000306,35,526,-491
115000307,16,254,-238
115000308,29,19,10
115000309,5,1,4
115000310,264,1141,-877
115000311,95,760,-665
115000313,105,648,-543
115000314,27,12,15
115000315,877,225,652
115000316,6,28,-22
115000317,70,503,-433
115000318,211,113,98
115000319,18,253,-235
115000320,8,92,-84
115000321,53,16,37
115000322,8,234,-226
115000449,136,27,109
115000557,6,158,-152
115000558,22,17,5
115000587,104,204,-100
115000588,1372,3457,-2085
115000589,1254,1150,104
115000590,348,1291,-943
115000591,284,185,99
115000592,327,1129,-802
115000593,252,142,110
115000594,453,863,-410
115000609,38,64,-26
115000617,383,400,-17
115000624,24,65,-41
115000633,98,971,-873
115000634,962,347,615
115000635,40,40,0
115000638,654,269,385
115000641,51,63,-12
115000642,95,119,-24
115000643,29,301,-272
115000644,94,276,-182
115000646,406,548,-142
115000647,32,317,-285
115000648,247,1210,-963
115000893,785,142,643
115000894,57,938,-881
115000895,99,793,-694
115000896,195,88,107
115000897,157,41,116
115000898,542,85,457
115000899,674,472,202
115000900,80,193,-113
115000901,50,39,11
115000912,58,18,40
115000913,4,51,-47
115000915,2,0,2
115000916,0,0,0
115000917,0,1,-1
115000918,0,0,0
115000919,0,0,0
115000920,5,18,-13
115000921,1622,64,1558
115000922,133,57,76
115000923,137,509,-372
115000925,10,80,-70
115000927,3,26,-23
115000933,95,46,49
115000934,7,110,-103
115000935,9,103,-94
115900001,4,96,-92
115900002,96,139,-43
115900003,34,60,-26
115900004,0,26,-26
115900005,6,4,2
115900006,30,246,-216
115900008,2,13,-11
115900009,14,181,-167
115900010,61,110,-49
115900011,50,220,-170
115900012,2,40,-38
115900013,198,56,142
115900014,39,132,-93
115900015,4,62,-58
115900016,5,4,1
115900017,0,0,0
115900018,98,53,45
115900019,769,14,755
115900020,4,0,4
115900021,1376,30,1346
115900022,706,6,700
115900023,2,0,2
115900025,68,95,-27
115900026,898,331,567
115900027,2,380,-378
115900028,488,27,461
115900029,4,429,-425
115900030,6,25,-19
115900031,145,56,89
115900032,179,482,-303
115900033,0,35,-35
115900034,12,414,-402
115900035,7,34,-27
115900036,61,95,-34
115900037,7,435,-428
115900038,5,1,4
115900039,44,233,-189
115900041,97,100,-3
115900042,1,0,1
115900043,8,115,-107
115900044,113,75,38
115900046,53,197,-144
115900047,11,8,3
115900049,34,185,-151
115900051,1,52,-51
115900052,5,276,-271
115900053,38,258,-220
115900054,7,47,-40
115900055,10,129,-119
115900056,46,430,-384
115900057,2,0,2
115900058,37,75,-38
115900060,15,107,-92
115900061,11,0,11
115900062,4,269,-265
115900063,20,19,1
115900064,100,113,-13
115900065,20,113,-93
115900066,136,133,3
115900067,4,666,-662
115900068,3546,36,3510
115900069,52,100,-48
115900070,44,206,-162
115900071,0,637,-637
115900072,89,209,-120
115900073,12,16,-4
115900074,4,356,-352
115900075,12,358,-346
115900076,2,54,-52
115900077,5,333,-328
115900078,12,170,-158
115900079,19,9,10
115900080,220,67,153
115900081,8,85,-77
115900082,60,130,-70
115900084,32,20,12
115900085,36,21,15
115900086,1280,323,957
115900088,4,11,-7
115900089,40,748,-708
115900090,35,7,28
115900091,1,12,-11
115900092,5,204,-199
115900093,0,37,-37
115900094,4,414,-410
115900096,1,6,-5
115900097,7,480,-473
115900098,37,356,-319
115900099,4,48,-44
115900100,2,582,-580
115900101,48,357,-309
115900102,1,36,-35
115900103,66,186,-120
115900104,7,88,-81
115900105,12,369,-357
115900106,4,6,-2
115900107,2,148,-146
115900108,6,31,-25
115900109,25,343,-318
115900110,1,13,-12
115900111,1,125,-124
115900112,17,683,-666
115900113,12,6,6
115900114,2,133,-131
115900115,10,58,-48
115900116,85,973,-888
115900117,6,6,0
115900118,6,415,-409
115900119,12,52,-40
115900120,12,330,-318
115900121,34,203,-169
115900124,89,164,-75
115900125,88,10,78
115900126,207,29,178
115900127,153,10,143
115900128,6,24,-18
115900129,218,7,211
115900130,31,65,-34
115900131,55,2,53
115900132,45,9,36
115900134,38,13,25
115900135,253,241,12
115900137,1,0,1
115900139,59,29,30
115900140,39,21,18
115900141,12,33,-21
115900142,3,13,-10
115900143,15,107,-92
115900144,17,112,-95
115900146,0,101,-101
115900147,62,88,-26
115900148,0,5,-5
115900149,5,28,-23
115900150,3,56,-53
115900151,1,32,-31
115900152,7,298,-291
115900153,9,196,-187
115900154,423,208,215
115900155,0,35,-35
115900156,262,462,-200
115900157,9,263,-254
115900158,10,9,1
115900159,7,166,-159
115900160,0,6,-6
115900161,13,148,-135
115900163,58,62,-4
115900164,24,37,-13
115900165,0,52,-52
115900166,88,172,-84
115900168,16,88,-72
115900171,14,236,-222
115900172,15,99,-84
115900173,55,57,-2
115900174,101,97,4
115900175,34,74,-40
115900178,1,679,-678
115900179,22,10,12
115900180,18,182,-164
115900181,37,264,-227
115900182,58,265,-207
115900183,33,7,26
115900184,292,5,287
115900187,3,48,-45
115900189,0,33,-33
115900190,373,207,166
115900191,59,412,-353
115900192,5,30,-25
115900193,11,32,-21
115900194,193,12,181
115900195,240,276,-36
115900198,58,196,-138
115900199,57,223,-166
115900200,174,219,-45
115900201,69,200,-131
115900202,0,3,-3
115900203,1,1,0
115900204,0,0,0
115900205,20,0,20
115900206,8,112,-104
115900207,5,7,-2
115900208,5,178,-173
115900209,2,133,-131
115900210,4,141,-137
115900211,0,167,-167
115900212,12,117,-105
115900213,4,4,0
115900214,65,175,-110
115900215,8,11,-3
115900216,1,93,-92
115900217,2,84,-82
115900218,0,62,-62
115900219,6,1,5
115900220,7,5,2
115900221,0,2,-2
115900222,2,1,1
115900223,4,7,-3
115900224,537,33,504
115900225,33,5,28
115900226,3,12,-9
115900227,2,10,-8
115900228,1,18,-17
115900229,1,15,-14
115900230,18,32,-14
115900231,22,0,22
115900232,6,0,6
115900233,13,2,11
115900234,12,11,1
115900235,0,15,-15
115900236,2,5,-3
115900237,1,44,-43
115900238,6,20,-14
115900239,1,37,-36
115900240,2,74,-72
115900241,30,46,-16
115900242,51,27,24
115900243,3,3,0
115900244,4,13,-9
115900245,10,14,-4
115900246,15,0,15
115900247,1,2,-1
115900248,16,2,14
115900249,2,8,-6
115900250,2,9,-7
115900251,0,13,-13
115900252,0,1,-1
115900253,2,0,2
115900254,6,7,-1
115900255,0,12,-12
115900256,6,5,1
115900257,0,1,-1
115900258,0,1,-1
115900259,2,1,1
115900260,12,4,8
115900261,8,2,6
115900262,0,1,-1
115900263,0,2,-2
115900264,1,4,-3
115900265,0,0,0
115900266,4,2,2
115900267,1,0,1
115900268,2,5,-3
115900269,62,275,-213
115900270,63,562,-499
115900271,3,0,3
115900272,2,0,2
115900273,1,1,0
115900274,1,19,-18
115900275,0,40,-40
115900276,0,55,-55
115900277,0,94,-94
115900278,5,66,-61
115900279,2,69,-67
115900280,19,48,-29
115900281,235,46,189
116000001,17595,3358,14237
116000002,1815,1752,63
116000003,956,1428,-472
116000004,536,684,-148
116000005,1221,1822,-601
116000006,706,541,165
116000007,2261,3179,-918
116000008,1663,823,840
116000009,1057,2193,-1136
116000010,431,348,83
116000011,349,1181,-832
116000012,249,311,-62
116000013,13448,3141,10307
116000014,16932,2433,14499
116000015,393,321,72
116000016,6620,809,5811
116000017,17,283,-266
116000018,498,255,243
116000019,122,154,-32
116000020,221,934,-713
116000021,68,171,-103
116000022,141,327,-186
116000023,222,256,-34
116000024,392,1164,-772
116000025,189,324,-135
116000026,838,1796,-958
116000027,300,303,-3
116000028,104,167,-63
116000029,690,355,335
116000030,70,46,24
116000031,114,138,-24
116000032,37,251,-214
116000033,35,246,-211
116000034,70,308,-238
116000035,46,424,-378
116000036,696,167,529
116000037,193,144,49
116000038,184,84,100
116000039,341,196,145
116000040,328,76,252
116000041,132,367,-235
116000042,164,79,85
116000043,29,303,-274
116000044,4,33,-29
116000045,238,271,-33
116000046,671,616,55
116000047,1238,1117,121
116000048,434,550,-116
116000049,251,648,-397
116000050,603,1000,-397
116000051,534,556,-22
116000052,1542,2040,-498
116000053,369,265,104
116000054,309,1510,-1201
116000055,187,984,-797
116000056,72,219,-147
116000057,2000,1566,434
116000058,1884,940,944
116000059,1356,1263,93
116000060,2482,518,1964
116000061,165,414,-249
116000062,291,119,172
116000063,150,422,-272
116000066,6,59,-53
116000067,148,465,-317
116000068,15,18,-3
116000069,96,336,-240
116000078,61,292,-231
116000080,546,745,-199
116000082,6,111,-105
116000083,386,261,125
116000084,1060,2364,-1304
116000085,974,443,531
116000086,1183,868,315
116000087,551,450,101
116000088,487,895,-408
116000089,98,48,50
116000090,33,70,-37
116000091,162,43,119
116000093,1109,467,642
116000094,188,596,-408
116000095,246,392,-146
116000096,217,837,-620
116000097,168,680,-512
116000098,62,2198,-2136
116000099,5729,230,5499
116000100,31,2,29
116000101,219,1171,-952
116000102,41,906,-865
116000103,94,147,-53
116000104,22,1078,-1056
116000105,226,173,53
116000106,42,935,-893
116000107,348,422,-74
116000108,9,178,-169
116000111,16,10,6
116000113,29,26,3
116000114,6,100,-94
116000115,55,32,23
116000116,129,510,-381
116000117,373,548,-175
116000118,501,1470,-969
116000119,456,525,-69
116000120,1257,3883,-2626
116000121,280,192,88
116000122,747,2661,-1914
116000123,151,205,-54
116000124,185,1044,-859
116000125,418,282,136
116000126,172,1323,-1151
116000127,593,1351,-758
116000128,558,351,207
116000129,129,139,-10
116000130,73,102,-29
116000133,155,592,-437
116000134,358,2360,-2002
116000135,524,845,-321
116000136,239,1732,-1493
116000137,208,331,-123
116000138,1216,286,930
116000139,715,1567,-852
116000140,62,209,-147
116000141,179,637,-458
116000142,2753,2945,-192
116000143,945,731,214
116000144,722,2693,-1971
116000145,584,1005,-421
116000146,50,168,-118
116000147,90,62,28
116000148,80,235,-155
116000149,91,285,-194
116000151,270,817,-547
116000153,11,89,-78
116000155,22,69,-47
116000156,989,861,128
116000157,3,5,-2
116000158,42,311,-269
116000159,0,0,0
116000160,11,113,-102
116000161,12,74,-62
116000162,41,47,-6
116000163,3,8,-5
116000164,0,15,-15
116000177,9,102,-93
116000194,33,289,-256
116000195,493,373,120
116000196,0,1,-1
116000197,3,2,1
116000198,643,452,191
116000200,498,130,368
116000201,286,425,-139
116000202,3,212,-209
116000203,1,72,-71
116000204,6,30,-24
116000205,0,147,-147
116000206,0,77,-77
116000207,1,32,-31
116000233,54,770,-716
116000287,22,536,-514
116000288,25,134,-109
116000292,4,243,-239
116000296,5,70,-65
116000297,11,8,3
116000304,12,16,-4
116000305,1,117,-116
116000346,31,247,-216
116000352,15,71,-56
116000354,10,32,-22
116000357,0,16,-16
116000358,66,15,51
116000361,65,1,64
116000372,6837,1207,5630
116000381,25,0,25
116000388,1,37,-36
116000389,155,276,-121
116000445,67,784,-717
116000446,77,634,-557
116000447,8,331,-323
116000448,297,130,167
116000563,212,175,37
116000565,94,424,-330
116000568,11,56,-45
116000579,14,121,-107
116000584,5,17,-12
116000585,10,7,3
116000586,192,62,130
116000587,0,266,-266
116000589,7,91,-84
116000590,5,20,-15
116000591,41,157,-116
116000592,14,113,-99
116000593,0,13,-13
116000594,103,707,-604
116000595,133,224,-91
116000596,13,10,3
116000597,38,29,9
116000598,2,218,-216
116000602,57,56,1
116000605,78,116,-38
116000606,7,41,-34
116000607,3,59,-56
116000609,111,310,-199
116000611,21,493,-472
116000612,204,1086,-882
116000613,112,207,-95
116000614,271,844,-573
116000615,0,82,-82
116000616,20,111,-91
116000617,55,126,-71
116000618,1,241,-240
116000619,6,51,-45
116000620,0,0,0
116000621,0,12,-12
116000622,3,18,-15
116000624,9,50,-41
116000627,0,28,-28
116000628,6,634,-628
116000629,4,631,-627
116000630,31,45,-14
116000631,3,25,-22
116000632,65,567,-502
116000633,2,685,-683
116000634,60,9,51
116000635,645,362,283
116900001,41,56,-15
116900002,148,3,145
116900003,2,119,-117
116900004,13,7,6
116900005,29,65,-36
116900006,90,95,-5
116900007,36,124,-88
116900008,57,510,-453
116900009,22,15,7
116900010,17,1696,-1679
116900011,14,24,-10
116900012,38,139,-101
116900013,6,237,-231
116900014,3,392,-389
116900015,21,44,-23
116900016,10,0,10
116900017,7,706,-699
116900018,7,9,-2
116900019,5,327,-322
116900020,1175,94,1081
116900023,11,1,10
116900024,52,43,9
116900025,52,878,-826
116900026,83,554,-471
116900027,0,18,-18
116900028,4,94,-90
116900029,0,3,-3
116900031,0,5,-5
116900032,1,290,-289
116900033,0,3,-3
116900034,2,38,-36
116900035,29,163,-134
116900036,0,77,-77
116900038,5,2,3
116900041,7,3,4
116900042,883,143,740
116900043,0,50,-50
116900045,88,18,70
116900047,59,32,27
116900049,19,181,-162
116900050,27,238,-211
116900051,4,236,-232
116900052,51,30,21
116900055,0,2,-2
116900057,10,268,-258
116900058,13,236,-223
116900059,1,116,-115
116900060,62,219,-157
116900062,0,1,-1
116900064,20,893,-873
116900065,3,90,-87
116900067,10,63,-53
116900068,52,405,-353
116900070,0,0,0
116900072,2,405,-403
116900073,1,179,-178
116900074,2,21,-19
116900076,0,7,-7
116900077,3,149,-146
116900078,142,138,4
116900079,2,293,-291
116900080,3,18,-15
116900081,115,1052,-937
116900082,100,702,-602
116900083,4,35,-31
116900084,64,38,26
116900085,6,125,-119
116900086,15,186,-171
116900088,177,16,161
116900090,92,26,66
116900091,42,83,-41
116900092,24,554,-530
116900093,1435,784,651
116900094,5110,982,4128
116900095,24,110,-86
116900096,58,48,10
116900097,2227,470,1757
116900098,785,61,724
116900099,279,211,68
116900100,146,3,143
116900101,170,537,-367
116900103,1,0,1
116900104,4,52,-48
116900105,61,9,52
116900106,208,281,-73
116900107,3264,488,2776
116900110,4,0,4
116900111,47,1196,-1149
116900112,25,626,-601
116900113,2218,325,1893
116900116,39,74,-35
116900117,18,59,-41
116900118,849,279,570
116900120,65,64,1
116900121,14,12,2
116900122,186,974,-788
116900123,45,811,-766
116900124,38,601,-563
116900125,66,203,-137
116900126,142,314,-172
116900128,1,53,-52
116900129,3,248,-245
116900130,1044,1014,30
116900131,20,91,-71
116900132,9,45,-36
116900133,23,79,-56
116900134,48,185,-137
116900136,64,100,-36
116900137,93,92,1
116900138,42,144,-102
116900139,40,245,-205
116900140,67,114,-47
116900141,202,208,-6
116900142,1,12,-11
116900143,63,325,-262
116900144,10,15,-5
116900145,21,302,-281
116900147,255,221,34
116900148,2,17,-15
116900149,5,38,-33
116900150,4,1,3
116900151,3,1,2
116900153,5,26,-21
116900154,44,55,-11
116900155,15,14,1
116900157,62,169,-107
116900158,10,46,-36
116900159,5,134,-129
116900160,349,122,227
116900161,6941,1626,5315
116900162,1,96,-95
116900163,10,104,-94
116900164,6,27,-21
116900165,30,54,-24
116900166,2,63,-61
116900167,57,41,16
116900168,56,76,-20
116900169,206,57,149
116900170,32,106,-74
116900171,12,160,-148
116900172,93,29,64
116900173,27,48,-21
116900174,4,10,-6
116900175,32,34,-2
116900178,6,176,-170
116900179,35,15,20
116900180,6,28,-22
116900182,109,139,-30
116900183,63,46,17
116900185,5,14,-9
116900186,24,327,-303
116900187,2,7,-5
116900188,43,6,37
116900189,5,0,5
116900191,99,235,-136
116900192,78,79,-1
116900194,14,180,-166
116900195,19,4,15
116900196,9,88,-79
116900197,15,1,14
116900198,187,38,149
116900200,2,40,-38
116900201,6,3,3
116900202,71,51,20
116900203,11,2,9
116900204,13,18,-5
116900206,6,48,-42
116900207,3,12,-9
116900208,5,58,-53
116900209,5,84,-79
116900210,145,98,47
116900211,101,6,95
116900212,4,74,-70
116900213,31,119,-88
116900214,28,116,-88
116900215,12,38,-26
116900216,77,330,-253
116900218,6,323,-317
116900219,537,302,235
116900220,30,95,-65
116900221,29,169,-140
116900222,97,158,-61
116900223,34,127,-93
116900226,9,58,-49
116900227,29,56,-27
116900228,59,270,-211
116900230,13,285,-272
116900231,2,339,-337
116900232,1,294,-293
116900233,29,30,-1
116900234,0,2,-2
116900235,44,272,-228
116900238,879,184,695
116900239,41,279,-238
116900240,4736,883,3853
116900241,21,163,-142
116900242,270,94,176
116900243,1,120,-119
116900245,18,0,18
116900246,5,2,3
116900247,61,8,53
116900248,14,11,3
116900249,40,43,-3
116900250,54,49,5
116900251,152,58,94
116900252,10,806,-796
116900253,14,34,-20
116900254,4,61,-57
116900255,52,8,44
116900256,44,20,24
116900257,10,582,-572
116900258,2,379,-377
116900259,16,7,9
116900260,0,168,-168
116900261,4,2,2
116900262,43,131,-88
116900263,0,11,-11
116900264,0,2,-2
116900265,2,0,2
116900266,0,29,-29
116900267,0,0,0
116900268,2,5,-3
116900269,72,275,-203
116900271,2489,48,2441
116900272,314,415,-101
116900273,108,15,93
116900274,8,28,-20
116900275,18,118,-100
116900276,710,18,692
116900277,323,20,303
116900278,3,11,-8
116900279,0,18,-18
116900280,0,20,-20
116900281,6030,800,5230
116900282,2,146,-144
116900283,17,75,-58
116900284,11,150,-139
116900285,127,24,103
116900286,77,4,73
116900287,1,41,-40
116900288,11,71,-60
116900289,1,19,-18
116900290,2,25,-23
116900291,2,15,-13
116900292,0,0,0
116900293,2,96,-94
116900294,26,87,-61
116900295,3,1,2
116900296,0,1,-1
116900297,1,5,-4
116900298,9,6,3
116900299,1,6,-5
116900300,11,21,-10
116900301,20,9,11
116900302,5,16,-11
116900303,288,16,272
116900304,0,60,-60
116900305,0,8,-8
116900306,5,30,-25
117000001,405,495,-90
117000002,758,2981,-2223
117000003,2004,988,1016
117000004,2515,3563,-1048
117000005,386,506,-120
117000006,414,3238,-2824
117000007,810,385,425
117000008,754,3143,-2389
117000009,1344,522,822
117000010,1353,2952,-1599
117000011,344,752,-408
117000012,487,1396,-909
117000013,236,457,-221
117000014,339,1729,-1390
117000015,1058,482,576
117000016,121,50,71
117000017,97,95,2
117000018,35,255,-220
117000019,0,0,0
117000020,316,611,-295
117000021,1891,133,1758
117000022,98,35,63
117000023,117,63,54
117000024,233,86,147
117000025,282,554,-272
117000026,483,139,344
117000027,1051,924,127
117000028,104,109,-5
117000030,148,275,-127
117000031,76,17,59
117000032,895,899,-4
117000033,728,718,10
117000034,88,210,-122
117000035,42,27,15
117000036,125,169,-44
117000037,33,25,8
117000038,17,185,-168
117000039,32,166,-134
117000040,59,1458,-1399
117000041,151,48,103
117000044,15,1108,-1093
117000045,72,22,50
117000046,170,592,-422
117000047,80,162,-82
117000048,1491,1041,450
117000049,89,372,-283
117000050,36,2753,-2717
117000051,576,115,461
117000052,11,731,-720
117000053,40,62,-22
117000054,271,0,271
117000055,17,3275,-3258
117000056,177,5,172
117000057,547,1498,-951
117000060,190,1592,-1402
117000061,221,237,-16
117000062,89,339,-250
117000063,276,196,80
117000064,584,511,73
117000066,882,488,394
117000067,63,197,-134
117000074,33,37,-4
117000076,54,8,46
117000077,76,29,47
117000078,46,344,-298
117000079,48,78,-30
117000080,0,288,-288
117000081,170,58,112
117000082,17,30,-13
117000083,5,0,5
117000084,1,0,1
117000085,50,258,-208
117000086,298,541,-243
117000087,60,345,-285
117000088,72,54,18
117000089,465,160,305
117000090,119,1586,-1467
117000091,189,129,60
117000092,160,1817,-1657
117000093,182,231,-49
117000094,340,2180,-1840
117000095,458,247,211
117000096,335,2512,-2177
117000097,265,431,-166
117000098,1986,5186,-3200
117000099,617,313,304
117000100,37,69,-32
117000101,145,1133,-988
117000102,326,191,135
117000103,639,1712,-1073
117000104,296,206,90
117000105,396,1944,-1548
117000106,174,120,54
117000107,332,2474,-2142
117000108,282,252,30
117000109,1045,2756,-1711
117000110,359,267,92
117000111,1130,1914,-784
117000112,760,893,-133
117000113,49,345,-296
117000114,17,45,-28
117000115,48,137,-89
117000116,19,92,-73
117000117,503,140,363
117000118,52,85,-33
117000119,22,13,9
117000120,25,21,4
117000121,31,78,-47
117000122,229,167,62
117000123,844,13,831
117000124,103,6,97
117000125,97,44,53
117000126,13,13,0
117000127,83,247,-164
117000128,188,295,-107
117000129,57,1,56
117000130,0,0,0
117000131,0,13,-13
117000132,265,29,236
117000133,223,348,-125
117000134,0,66,-66
117000135,3,23,-20
117000136,0,47,-47
117000137,11,28,-17
117000138,1,258,-257
117000140,229,1665,-1436
117000141,361,152,209
117000181,643,151,492
117000182,63,62,1
117000195,96,1293,-1197
117000196,54,15,39
117000225,22,1,21
117000226,1,27,-26
117000276,41,1,40
117000277,1,490,-489
117000310,1826,1471,355
117000315,10,137,-127
117000320,0,0,0
117000906,36,8,28
117000907,9,474,-465
117000908,25,12,13
117000909,30,23,7
117000910,90,83,7
117000911,86,124,-38
117000915,8,535,-527
117000916,3,1,2
117000917,148,2,146
117000918,3,15,-12
117000919,5,63,-58
117000920,5,1659,-1654
117000921,4,2235,-2231
117000922,0,0,0
117000924,192,49,143
117000926,934,49,885
117000927,67,93,-26
117000928,0,225,-225
117000929,56,636,-580
117000930,25,7,18
117000931,199,29,170
117900002,84,211,-127
117900003,630,174,456
117900005,2,3,-1
117900006,0,29,-29
117900007,31,148,-117
117900008,0,31,-31
117900010,27,148,-121
117900011,8,10,-2
117900012,23,205,-182
117900013,0,267,-267
117900014,42,320,-278
117900015,6,217,-211
117900016,865,119,746
117900017,70,474,-404
117900018,95,9,86
117900019,52,555,-503
117900020,49,54,-5
117900021,13,140,-127
117900022,5,10,-5
117900023,500,28,472
117900024,21,190,-169
117900025,11,10,1
117900026,51,445,-394
117900028,4,0,4
117900029,69,899,-830
117900030,81,75,6
117900031,20,10,10
117900032,95,124,-29
117900033,66,773,-707
117900034,28,37,-9
117900035,20,21,-1
117900036,61,714,-653
117900037,9,53,-44
117900038,18,490,-472
117900039,3,80,-77
117900040,79,606,-527
117900041,1,53,-52
117900042,3913,311,3602
117900043,13,50,-37
117900044,76,393,-317
117900045,30,41,-11
117900048,98,311,-213
117900049,18,506,-488
117900050,1,9,-8
117900051,3,5,-2
117900052,18,70,-52
117900053,387,614,-227
117900054,0,23,-23
117900055,59,37,22
117900056,149,9,140
117900057,527,885,-358
117900058,21,1,20
117900059,69,22,47
117900060,258,4829,-4571
117900061,2,52,-50
117900063,38,127,-89
117900065,525,856,-331
117900066,2,16,-14
117900067,69,293,-224
117900069,107,402,-295
117900070,28,6,22
117900071,10,112,-102
117900073,101,328,-227
117900074,22,3,19
117900075,10,42,-32
117900076,1,16,-15
117900077,25,23,2
117900078,108,212,-104
117900080,34,27,7
117900081,284,346,-62
117900082,110,113,-3
117900083,48,594,-546
117900086,39,21,18
117900087,6,22,-16
117900088,1811,1045,766
117900089,440,117,323
117900090,75,731,-656
117900091,103,61,42
117900092,6,33,-27
117900093,5,62,-57
117900094,6,1,5
117900095,45,536,-491
117900096,14,147,-133
117900097,13,25,-12
117900098,2,0,2
117900099,38,430,-392
117900100,15,1,14
117900101,242,412,-170
117900102,5,13,-8
117900103,3,0,3
117900104,2,60,-58
117900105,36,95,-59
117900106,11,20,-9
117900107,4,0,4
117900109,73,183,-110
117900110,6,0,6
117900111,76,3,73
117900112,7,5,2
117900113,2284,542,1742
117900114,3,1,2
117900115,53,13,40
117900116,484,401,83
117900117,223,232,-9
117900118,3,0,3
117900119,29,324,-295
117900120,38,67,-29
117900121,3,17,-14
117900122,582,419,163
117900123,155,872,-717
117900124,293,356,-63
117900125,454,466,-12
117900126,171,411,-240
117900127,141,530,-389
117900128,62,809,-747
117900129,8,0,8
117900130,270,214,56
117900131,1,81,-80
117900132,2,87,-85
117900133,1,141,-140
117900134,18,224,-206
117900135,4,246,-242
117900136,0,62,-62
117900137,19,337,-318
117900138,0,64,-64
117900139,18,77,-59
117900140,3966,60,3906
117900141,68,187,-119
117900142,9,1,8
117900144,11,24,-13
117900145,11,8,3
117900146,54,36,18
117900147,16,36,-20
117900148,1757,574,1183
117900149,19,110,-91
117900150,14,169,-155
117900151,1,184,-183
117900152,22,42,-20
117900153,4,81,-77
117900154,57,441,-384
117900156,287,212,75
117900157,12,179,-167
117900158,21,27,-6
117900160,196,215,-19
117900161,1895,1719,176
117900162,29,152,-123
117900163,35,8,27
117900165,1,5,-4
117900166,17,85,-68
117900168,67,137,-70
117900169,3,119,-116
117900170,1,29,-28
117900171,0,10,-10
117900172,8,22,-14
117900173,119,15,104
117900174,23,27,-4
117900175,0,13,-13
117900176,3,34,-31
117900177,2,76,-74
117900178,59,11,48
117900180,194,12,182
117900181,104,74,30
117900182,1,9,-8
117900183,5,92,-87
117900184,1,23,-22
117900185,7,19,-12
117900186,4,10,-6
117900187,7,3,4
117900188,69,11,58
117900189,14,6,8
117900190,2,0,2
117900191,6,0,6
117900192,20,6,14
117900193,11,47,-36
117900194,1,0,1
117900195,2,8,-6
117900196,1,19,-18
117900207,34,27,7
117900208,10,29,-19
117900209,77,68,9
117900210,71,46,25
117900211,8,143,-135
117900212,67,67,0
117900213,0,0,0
117900214,0,62,-62
117900215,1,2,-1
117900216,1,3,-2
117900217,21,23,-2
117900218,63,17,46
117900219,0,37,-37
117900220,12,11,1
117900222,36,116,-80
117900223,19,30,-11
118000001,275,164,111
118000002,843,1257,-414
118000003,421,545,-124
118000004,1364,1221,143
118000005,1812,793,1019
118000006,5892,3068,2824
118000007,2905,1205,1700
118000008,2702,1880,822
118000009,1191,1960,-769
118000010,1989,2497,-508
118000011,320,2052,-1732
118000012,434,2172,-1738
118000013,2226,2284,-58
118000014,961,2747,-1786
118000016,151,430,-279
118000017,68,165,-97
118000018,171,483,-312
118000019,1035,730,305
118000020,1169,757,412
118000021,566,1035,-469
118000022,1401,320,1081
118000023,897,150,747
118000024,846,351,495
118000027,12014,2382,9632
118000029,1098,288,810
118000032,713,656,57
118000033,1338,1008,330
118000034,2942,1189,1753
118000035,643,923,-280
118000036,401,748,-347
118000037,245,636,-391
118000038,56,148,-92
118000039,24,271,-247
118000040,499,1835,-1336
118000041,652,925,-273
118000045,232,44,188
118000046,801,384,417
118000047,728,199,529
118000048,1569,777,792
118000051,1090,396,694
118000052,927,314,613
118000053,574,227,347
118000054,2458,608,1850
118000055,2052,458,1594
118000056,172,101,71
118000057,225,93,132
118000058,886,381,505
118000059,504,447,57
118000060,230,550,-320
118000061,365,737,-372
118000062,187,119,68
118000063,146,249,-103
118000064,419,625,-206
118000065,2404,651,1753
118000066,388,371,17
118000067,655,404,251
118000068,1036,1602,-566
118000069,1707,663,1044
118000070,5475,816,4659
118000071,2277,2119,158
118000072,958,646,312
118000073,1052,249,803
118000074,110,183,-73
118000075,461,266,195
118000076,413,583,-170
118000077,716,740,-24
118000078,742,1047,-305
118000079,144,234,-90
118000080,696,496,200
118000081,503,629,-126
118000082,160,429,-269
118000083,1620,514,1106
118000084,1617,815,802
118000086,74,348,-274
118000087,5045,1631,3414
118000088,1055,1157,-102
118000089,2733,1990,743
118000090,1763,1141,622
118000091,1461,959,502
118000092,1095,210,885
118000093,71,370,-299
118000096,192,260,-68
118000097,197,285,-88
118000098,73,182,-109
118000099,142,798,-656
118000101,226,212,14
118000102,109,948,-839
118000107,2640,252,2388
118000108,64,158,-94
118000110,1,7,-6
118000111,1,648,-647
118000112,0,0,0
118000113,4,1021,-1017
118000114,0,0,0
118000115,2,1,1
118000116,1,0,1
118000117,547,605,-58
118000118,255,295,-40
118000119,298,615,-317
118000120,797,1169,-372
118000121,18,327,-309
118000122,344,48,296
118000123,24,234,-210
118000125,940,1059,-119
118000126,238,1027,-789
118000127,639,305,334
118000128,397,951,-554
118000129,236,153,83
118000130,2421,3732,-1311
118000131,431,1071,-640
118000132,793,583,210
118000133,165,321,-156
118000135,72,101,-29
118000136,85,496,-411
118000137,277,70,207
118000138,80,605,-525
118000139,90,76,14
118000140,1849,1447,402
118000141,722,1013,-291
118000142,611,1656,-1045
118000143,442,485,-43
118000144,971,475,496
118000145,1118,2109,-991
118000146,438,1071,-633
118000147,345,1481,-1136
118000148,125,768,-643
118000149,260,786,-526
118000150,94,74,20
118000151,51,217,-166
118000153,199,657,-458
118000154,232,777,-545
118000155,251,654,-403
118000156,1486,1355,131
118000157,169,199,-30
118000158,40,316,-276
118000159,1,7,-6
118000160,79,145,-66
118000161,136,755,-619
118000162,315,417,-102
118000163,171,392,-221
118000164,978,592,386
118000168,1517,135,1382
118000169,553,1341,-788
118000170,2286,5200,-2914
118000171,23,217,-194
118000172,9,100,-91
118000173,297,778,-481
118000175,117,131,-14
118000176,60,154,-94
118000177,77,207,-130
118000178,14,28,-14
118000179,567,143,424
118000180,199,209,-10
118000181,432,188,244
118000182,232,159,73
118000183,97,109,-12
118000184,88,450,-362
118000185,837,342,495
118000186,418,462,-44
118000187,303,830,-527
118000188,148,188,-40
118000189,130,630,-500
118000190,3,5,-2
118000191,4,19,-15
118000192,96,66,30
118000193,33,130,-97
118000194,1053,377,676
118000195,388,274,114
118000196,107,26,81
118000197,123,63,60
118000198,242,159,83
118000199,272,177,95
118000200,2,23,-21
118000201,155,189,-34
118000202,2,7,-5
118000203,559,139,420
118000204,162,105,57
118000205,155,101,54
118000206,73,98,-25
118000207,0,119,-119
118000208,406,851,-445
118000209,627,1393,-766
118000210,4,19,-15
118000211,2,20,-18
118000213,204,291,-87
118000214,344,210,134
118000215,118,248,-130
118000216,12,577,-565
118000217,8,72,-64
118000218,11,42,-31
118000219,168,226,-58
118000220,0,1,-1
118000221,23,163,-140
118000222,81,12,69
118000223,0,14,-14
118000224,133,85,48
118000225,40,795,-755
118000226,36,30,6
118000227,398,112,286
118000228,101,71,30
118000229,11,8,3
118000230,26,207,-181
118000231,8,123,-115
118000232,233,709,-476
118000233,242,467,-225
118000234,57,244,-187
118000236,110,453,-343
118000237,15,603,-588
118000238,36,314,-278
118000239,89,150,-61
118000240,447,67,380
118000241,22,229,-207
118000242,104,540,-436
118000243,40,155,-115
118000244,9,133,-124
118000246,0,14,-14
118000255,22,140,-118
118000256,21,132,-111
118000259,2,47,-45
118000260,13,47,-34
118000261,3,109,-106
118000263,20,143,-123
118000266,42,239,-197
118000267,0,91,-91
118000268,9,1,8
118000270,8,25,-17
118000271,32,237,-205
118000272,14,2,12
118000273,15,91,-76
118000274,71,309,-238
118000276,83,292,-209
118000295,7,31,-24
118000298,78,389,-311
118000299,20,118,-98
118000301,0,30,-30
118000302,45,68,-23
118000311,41,101,-60
118000312,38,240,-202
118000313,16,176,-160
118000314,16,51,-35
118000315,9,64,-55
118000316,138,336,-198
118000325,7,66,-59
118000326,8,27,-19
118000331,2,93,-91
118000332,4,53,-49
118000333,4,67,-63
118000335,0,0,0
118000336,2,366,-364
118000407,11,34,-23
118000457,6,20,-14
118000465,1941,1192,749
118000480,5,121,-116
118000489,33,39,-6
118000490,79,438,-359
118000492,53,109,-56
118000510,48,15,33
118000514,39,233,-194
118000515,89,68,21
118000517,347,200,147
118000524,545,103,442
118000525,453,555,-102
118000530,4,79,-75
118000531,45,133,-88
118000532,59,270,-211
118000533,126,135,-9
118000534,115,387,-272
118000535,43,54,-11
118000536,218,148,70
118000537,6,28,-22
118000538,9,74,-65
118000539,14,58,-44
118000540,80,209,-129
118000541,34,85,-51
118000542,12,70,-58
118000543,55,104,-49
118000546,14,38,-24
118000560,2620,268,2352
118000562,7,181,-174
118000563,926,634,292
118000576,83,203,-120
118000577,112,109,3
118000578,52,103,-51
118000579,388,511,-123
118000595,62,37,25
118000596,0,35,-35
118000597,28,84,-56
118000598,0,0,0
118000599,24,24,0
118000600,2,38,-36
118000601,11,0,11
118000602,0,42,-42
118000603,0,21,-21
118900001,595,176,419
118900002,642,195,447
118900003,36,2,34
118900004,1,31,-30
118900005,6,0,6
118900006,2,0,2
118900007,1,0,1
118900008,716,20,696
118900009,2,2,0
118900010,2,2,0
118900011,33,5,28
118900012,128,127,1
118900013,83,4,79
118900015,35,17,18
118900016,6,17,-11
118900017,5,11,-6
118900018,317,3,314
118900019,52,4,48
118900020,21,36,-15
118900021,45,193,-148
118900022,70,60,10
118900023,18,22,-4
118900024,4,41,-37
118900025,3,0,3
118900026,19,62,-43
118900027,77,38,39
118900028,23,74,-51
118900029,22,174,-152
118900030,2,6,-4
118900031,51,67,-16
118900032,6,48,-42
118900033,112,350,-238
118900034,1,0,1
118900035,47,209,-162
118900036,260,409,-149
118900037,33,106,-73
118900038,63,301,-238
118900039,41,94,-53
118900040,81,111,-30
118900041,55,60,-5
118900042,25,42,-17
118900045,70,82,-12
118900046,717,85,632
118900047,475,107,368
118900048,6,74,-68
118900049,7,4,3
118900050,3,153,-150
118900051,2,11,-9
118900052,24,110,-86
118900053,3,11,-8
118900054,23,38,-15
118900055,6,101,-95
118900056,7,36,-29
118900057,59,189,-130
118900058,64,252,-188
118900059,2,15,-13
118900060,3,66,-63
118900062,19,128,-109
118900064,234,68,166
118900065,5,33,-28
118900066,8,31,-23
118900067,6890,1334,5556
118900068,0,51,-51
118900069,63,158,-95
118900071,1,19,-18
118900072,89,179,-90
118900073,11,67,-56
118900074,9,54,-45
118900075,4,25,-21
118900076,41,15,26
118900077,32,71,-39
118900078,2,4,-2
118900079,16,49,-33
118900080,0,27,-27
118900081,7,9,-2
118900082,99,82,17
118900083,5,21,-16
118900084,3,7,-4
118900085,243,546,-303
118900086,4,10,-6
118900087,12,67,-55
118900088,1,20,-19
118900089,3,6,-3
118900090,122,297,-175
118900091,49,12,37
118900092,22,96,-74
118900093,28,3,25
118900096,11,4,7
118900097,58,456,-398
118900099,1,180,-179
118900100,51,100,-49
118900101,11,717,-706
118900102,8,57,-49
118900103,16,55,-39
118900104,8,29,-21
118900105,115,116,-1
118900107,109,66,43
118900108,14,103,-89
118900110,221,97,124
118900111,57,312,-255
118900112,5,43,-38
118900113,9,346,-337
118900114,4,47,-43
118900115,53,209,-156
118900116,28,114,-86
118900117,15,112,-97
118900118,40,445,-405
118900119,26,192,-166
118900120,34,222,-188
118900121,1,120,-119
118900122,1,169,-168
118900123,62,191,-129
118900124,22,102,-80
118900126,5,126,-121
118900129,22,116,-94
118900130,3,25,-22
118900131,24,272,-248
118900132,51,62,-11
118900133,1,22,-21
118900135,29,127,-98
118900136,66,747,-681
118900137,0,6,-6
118900139,22,387,-365
118900140,98,808,-710
118900141,13,182,-169
118900144,24,838,-814
118900145,6,126,-120
118900146,83,498,-415
118900147,7,23,-16
118900148,5,18,-13
118900150,12,102,-90
118900152,91,594,-503
118900157,16,29,-13
118900158,2,27,-25
118900159,0,108,-108
118900161,8,1,7
118900163,79,19,60
118900164,1,35,-34
118900165,25,409,-384
118900166,20,0,20
118900167,12,164,-152
118900168,0,29,-29
118900169,44,419,-375
118900170,16,89,-73
118900171,8,15,-7
118900174,13,36,-23
118900175,43,325,-282
118900176,14,147,-133
118900177,2,37,-35
118900178,3,40,-37
118900179,1,52,-51
118900181,40,54,-14
118900182,30,20,10
118900183,4,38,-34
118900184,58,29,29
118900185,6,81,-75
118900186,41,53,-12
118900187,59,144,-85
118900188,54,168,-114
118900189,4,116,-112
118900190,4,397,-393
118900191,19,17,2
118900192,10,5,5
118900193,18,2,16
118900195,53,443,-390
118900196,16,128,-112
118900197,8,18,-10
118900198,3,62,-59
118900199,17,54,-37
118900200,9,0,9
118900201,3,3,0
118900202,9,53,-44
118900203,3,53,-50
118900204,4,49,-45
118900205,1,15,-14
118900206,0,51,-51
119000001,412,460,-48
119000002,1510,1435,75
119000003,640,1312,-672
119000004,623,785,-162
119000005,609,923,-314
119000006,535,951,-416
119000007,1030,1626,-596
119000008,934,2076,-1142
119000009,2242,1630,612
119000010,7065,3622,3443
119000011,5316,1122,4194
119000012,4649,1926,2723
119000013,1658,853,805
119000014,1568,2391,-823
119000019,58,178,-120
119000020,348,1071,-723
119000021,1488,1556,-68
119000022,2423,571,1852
119000023,50,100,-50
119000024,1519,2851,-1332
119000025,11427,838,10589
119000026,147,148,-1
119000027,403,222,181
119000028,1175,896,279
119000029,77,183,-106
119000030,380,1026,-646
119000031,409,607,-198
119000032,1955,1833,122
119000033,1329,1140,189
119000034,655,1089,-434
119000035,8,308,-300
119000036,374,928,-554
119000037,324,2003,-1679
119000038,58,932,-874
119000039,103,268,-165
119000040,698,299,399
119000041,835,582,253
119000048,3421,3281,140
119000049,718,3392,-2674
119000050,689,1488,-799
119000051,852,718,134
119000052,993,2006,-1013
119000053,881,781,100
119000054,1090,2899,-1809
119000055,1027,2504,-1477
119000056,631,1633,-1002
119000057,667,1953,-1286
119000058,832,1756,-924
119000059,483,1096,-613
119000060,358,556,-198
119000061,292,606,-314
119000062,693,1177,-484
119000063,104,134,-30
119000064,669,1338,-669
119000065,1263,3373,-2110
119000066,1077,517,560
119000067,1044,2492,-1448
119000068,568,815,-247
119000069,573,2273,-1700
119000070,680,849,-169
119000071,316,701,-385
119000072,4728,3292,1436
119000073,3662,3459,203
119000074,389,3404,-3015
119000075,415,2200,-1785
119000076,425,692,-267
119000077,508,410,98
119000078,162,221,-59
119000079,36,445,-409
119000080,50,171,-121
119000081,87,297,-210
119000082,172,212,-40
119000083,140,284,-144
119000084,74,365,-291
119000085,225,142,83
119000086,122,370,-248
119000087,860,590,270
119000088,139,162,-23
119000089,40,122,-82
119000090,52,61,-9
119000091,179,258,-79
119000092,353,68,285
119000093,2996,3010,-14
119000094,1031,3297,-2266
119000095,481,2271,-1790
119000097,2404,1161,1243
119000098,312,805,-493
119000099,1259,1286,-27
119000100,989,1437,-448
119000101,3070,2568,502
119000102,483,361,122
119000103,978,370,608
119000104,2401,1261,1140
119000105,264,496,-232
119000106,104,2026,-1922
119000107,218,279,-61
119000108,117,1472,-1355
119000109,70,368,-298
119000110,633,611,22
119000111,48,391,-343
119000112,295,219,76
119000113,2942,226,2716
119000114,494,204,290
119000115,110,53,57
119000116,64,41,23
119000117,35,181,-146
119000118,1,3,-2
119000123,979,311,668
119000124,135,144,-9
119000125,572,716,-144
119000126,94,674,-580
119000127,134,1029,-895
119000128,67,11,56
119000131,257,1160,-903
119000132,2,4,-2
119000133,0,4,-4
119000134,928,309,619
119000135,25,238,-213
119000136,45,323,-278
119000137,38,580,-542
119000138,75,455,-380
119000139,55,293,-238
119000140,52,189,-137
119000284,1145,2054,-909
119000285,2307,1801,506
119000286,4108,3155,953
119000287,797,1638,-841
119000288,708,1329,-621
119000289,1207,3005,-1798
119000290,107,517,-410
119000291,18,314,-296
119000293,46,161,-115
119000294,24,19,5
119000295,1813,488,1325
119000296,69,109,-40
119000302,4316,1129,3187
119000303,19,51,-32
119000314,1235,3014,-1779
119000315,3,651,-648
119000316,25,95,-70
119000317,11,457,-446
119900001,79,361,-282
119900002,12,132,-120
119900003,12,1118,-1106
119900004,223,136,87
119900005,17,111,-94
119900006,47,217,-170
119900007,127,31,96
119900008,29,11,18
119900009,158,384,-226
119900010,1493,950,543
119900011,8,19,-11
119900012,13,30,-17
119900013,853,461,392
119900014,741,177,564
119900015,18,15,3
119900016,9,71,-62
119900017,4,14,-10
119900018,537,85,452
119900019,1,5,-4
119900020,43,79,-36
119900021,18,49,-31
119900022,44,106,-62
119900023,330,150,180
119900025,34,48,-14
119900026,517,47,470
119900027,2,10,-8
119900028,27,12,15
119900029,1,12,-11
119900030,80,236,-156
119900031,12,62,-50
119900033,1754,61,1693
119900034,40,166,-126
119900037,10,21,-11
119900038,20,46,-26
119900039,9,0,9
119900040,18,2,16
119900041,8,67,-59
119900042,45,95,-50
119900043,5,114,-109
119900044,112,114,-2
119900046,9,89,-80
119900047,43,10,33
119900048,7,23,-16
119900049,6,6,0
119900050,10,11,-1
119900051,73,2,71
119900052,10,71,-61
119900053,93,110,-17
119900054,8,2,6
119900055,240,147,93
119900057,27,104,-77
119900058,50,0,50
119900059,67,22,45
119900060,44,1,43
119900062,2,51,-49
119900063,13,26,-13
119900064,46,38,8
119900065,28,1,27
119900066,0,0,0
119900067,5,71,-66
119900068,81,1,80
119900069,13,5,8
119900070,92,1,91
119900071,104,16,88
119900073,1088,304,784
119900074,9,11,-2
119900075,5083,1239,3844
119900076,64,366,-302
119900077,87,1310,-1223
119900078,46,540,-494
119900079,36,233,-197
119900080,201,893,-692
119900081,13,38,-25
119900082,169,132,37
119900083,0,10,-10
119900084,92,72,20
119900085,104,32,72
119900086,4,75,-71
119900087,40,84,-44
119900088,40,54,-14
119900089,3,641,-638
119900090,171,61,110
119900091,25,1014,-989
119900092,11,444,-433
119900093,343,64,279
119900094,20,238,-218
119900095,106,45,61
119900096,48,99,-51
119900097,227,93,134
119900098,3,37,-34
119900099,6,344,-338
119900100,2189,1027,1162
119900101,173,684,-511
119900102,22,352,-330
119900103,17,500,-483
119900104,18,276,-258
119900105,505,1850,-1345
119900106,3,222,-219
119900107,244,2951,-2707
119900108,1589,760,829
119900109,16,135,-119
119900110,147,664,-517
119900111,11,349,-338
119900112,2225,299,1926
119900113,34,528,-494
119900114,75,1663,-1588
119900115,37,1244,-1207
119900116,24,179,-155
119900117,95,1098,-1003
119900118,3,1141,-1138
119900119,29,327,-298
119900120,376,613,-237
119900121,65,1591,-1526
119900122,128,298,-170
119900123,40,170,-130
119900124,18,1084,-1066
119900125,21,327,-306
119900126,6122,116,6006
119900127,2143,504,1639
119900128,82,822,-740
119900129,34,781,-747
119900130,58,202,-144
119900131,14,344,-330
119900132,3,311,-308
119900133,5,8,-3
119900134,1751,199,1552
119900135,0,428,-428
119900136,103,493,-390
119900138,216,521,-305
119900139,9,61,-52
119900140,2,141,-139
119900141,85,149,-64
119900142,0,16,-16
119900143,2,224,-222
119900144,1765,113,1652
119900145,18,229,-211
119900146,84,81,3
119900147,0,69,-69
119900148,53,17,36
119900149,1168,1633,-465
119900150,95,181,-86
119900151,752,601,151
119900152,28,344,-316
119900153,14,17,-3
119900154,2,317,-315
119900155,2,39,-37
119900156,0,1,-1
119900157,27,238,-211
119900158,27,36,-9
119900159,3,1696,-1693
119900160,3,287,-284
119900161,111,248,-137
119900162,277,279,-2
119900163,90,68,22
119900164,0,0,0
119900165,24,247,-223
119900166,25,15,10
119900167,29,125,-96
119900168,257,263,-6
119900169,70,57,13
119900170,50,66,-16
119900171,308,521,-213
119900172,41,9,32
119900173,3,554,-551
119900174,1,314,-313
119900175,180,351,-171
119900177,15,277,-262
119900178,5,218,-213
119900179,13,128,-115
119900180,277,433,-156
119900181,24,5,19
119900182,0,546,-546
119900183,75,956,-881
119900184,2847,403,2444
119900185,9,50,-41
119900186,28,112,-84
119900187,4,621,-617
119900188,19,299,-280
119900189,155,67,88
119900190,33,108,-75
119900191,98,82,16
119900192,6,190,-184
119900193,51,109,-58
119900194,2,7,-5
119900195,10,251,-241
119900196,1782,282,1500
119900197,39,39,0
119900198,45,445,-400
119900199,112,10,102
119900200,67,311,-244
119900201,363,210,153
119900202,104,26,78
119900203,25,95,-70
119900204,30,201,-171
119900205,110,291,-181
119900206,9,99,-90
119900208,40,85,-45
119900209,110,236,-126
119900210,4,20,-16
119900211,29,3,26
119900212,34,289,-255
119900213,1,29,-28
119900214,1,84,-83
119900215,4,115,-111
119900216,2,117,-115
119900217,2,105,-103
119900218,8,85,-77
119900219,4,180,-176
119900220,4,183,-179
119900221,6,484,-478
119900222,9,330,-321
119900223,15,98,-83
119900224,44,37,7
119900225,1396,45,1351
119900226,662,562,100
119900227,1517,259,1258
119900228,31,308,-277
119900229,113,275,-162
119900230,830,385,445
119900231,19,102,-83
119900232,48,11,37
119900233,7,0,7
119900234,3,16,-13
119900235,11,12,-1
119900236,14,216,-202
119900237,17,457,-440
119900238,1,103,-102
119900240,24,159,-135
119900241,73,278,-205
119900242,1302,298,1004
119900244,422,1266,-844
119900245,16,94,-78
119900246,47,66,-19
119900247,9,17,-8
119900248,12,13,-1
119900249,49,15,34
119900253,3279,152,3127
119900254,18,68,-50
119900255,34,569,-535
119900256,49,1593,-1544
119900257,14,0,14
119900258,15,58,-43
119900259,0,219,-219
119900260,20,0,20
119900261,74,158,-84
119900262,2,391,-389
119900263,586,457,129
119900264,10,242,-232
119900265,93,378,-285
119900266,64,188,-124
119900267,34,336,-302
119900268,22,268,-246
119900269,110,1992,-1882
119900271,25,59,-34
119900272,34,22,12
119900275,50,14,36
119900276,7,0,7
119900277,6,2,4
119900278,148,19,129
119900279,54,90,-36
119900280,809,208,601
119900281,0,36,-36
119900282,9,2,7
119900283,5,277,-272
119900284,51,330,-279
119900285,94,107,-13
119900286,24,21,3
119900288,0,23,-23
119900289,0,21,-21
119900290,1,14,-13
119900291,1,32,-31
119900292,4,8,-4
119900293,4,35,-31
119900294,2,61,-59
119900295,5,37,-32
119900296,2,270,-268
119900297,0,23,-23
119900298,2,40,-38
119900299,0,339,-339
119900300,66,280,-214
119900301,16,9,7
119900302,8,23,-15
119900303,30,177,-147
119900304,11,15,-4
119900305,15,61,-46
119900306,8,2,6
119900307,5,93,-88
119900308,1,5,-4
119900309,3,20,-17
119900310,135,265,-130
119900311,6,117,-111
119900312,12,60,-48
119900313,50,324,-274
119900314,26,108,-82
119900315,113,3047,-2934
119900318,2,3,-1
119900319,4,374,-370
119900320,18,729,-711
119900321,7,3,4
119900322,4,3,1
119900323,0,3,-3
119900324,0,3,-3
119900325,0,36,-36
120000001,5213,3443,1770
120000002,1260,2950,-1690
120000003,2735,1902,833
120000004,2330,2452,-122
120000005,4330,2068,2262
120000006,936,1035,-99
120000007,2066,1654,412
120000008,575,1171,-596
120000009,4845,902,3943
120000010,777,3278,-2501
120000011,498,1947,-1449
120000012,1243,2940,-1697
120000013,841,2324,-1483
120000014,280,1129,-849
120000015,1054,1311,-257
120000016,1178,852,326
120000017,541,749,-208
120000018,2743,3162,-419
120000019,264,509,-245
120000020,1081,1271,-190
120000021,1025,1137,-112
120000022,2355,2110,245
120000023,378,1017,-639
120000024,952,1334,-382
120000025,731,1642,-911
120000026,380,1399,-1019
120000027,592,1111,-519
120000028,500,400,100
120000029,3459,457,3002
120000030,75,633,-558
120000031,1481,4421,-2940
120000032,9723,2402,7321
120000033,1013,1240,-227
120000034,620,1994,-1374
120000035,832,2065,-1233
120000036,1123,2712,-1589
120000037,214,452,-238
120000038,9273,2974,6299
120000039,233,935,-702
120000040,31,150,-119
120000041,258,2228,-1970
120000042,964,5852,-4888
120000043,2653,2795,-142
120000044,1275,1048,227
120000045,1638,949,689
120000046,808,1246,-438
120000047,1598,1811,-213
120000048,7813,1959,5854
120000049,1121,2186,-1065
120000050,1482,3700,-2218
120000051,3552,3127,425
120000052,15567,1930,13637
120000053,495,4005,-3510
120000054,1196,7217,-6021
120000055,535,4225,-3690
120000056,2146,5217,-3071
120000057,1080,1241,-161
120000058,193,153,40
120000059,123,1266,-1143
120000061,48,549,-501
120000062,141,367,-226
120000063,1748,3828,-2080
120000064,196,2098,-1902
120000065,334,1886,-1552
120000066,75,443,-368
120000067,27,588,-561
120000068,75,1372,-1297
120000069,286,1768,-1482
120000070,12,1223,-1211
120000071,84,155,-71
120000072,117,470,-353
120000073,101,76,25
120000074,32,56,-24
120000075,73,186,-113
120000076,348,224,124
120000077,456,250,206
120000078,2435,318,2117
120000079,9,31,-22
120000080,3,19,-16
120000081,31,23,8
120000082,20,46,-26
120000083,17,64,-47
120000084,332,467,-135
120000085,224,341,-117
120000086,85,656,-571
120000087,52,1157,-1105
120000088,326,968,-642
120000089,244,218,26
120000090,85,161,-76
120000091,131,386,-255
120000092,210,203,7
120000093,62,248,-186
120000094,13,136,-123
120000095,362,765,-403
120000096,158,1302,-1144
120000098,353,1053,-700
120000099,76,589,-513
120000100,249,748,-499
120000101,167,423,-256
120000102,92,249,-157
120000103,169,166,3
120000104,343,106,237
120000105,360,94,266
120000106,357,113,244
120000107,538,161,377
120000108,162,67,95
120000109,194,35,159
120000110,50,881,-831
120000111,60,1413,-1353
120000112,271,4528,-4257
120000113,237,3226,-2989
120000114,233,2329,-2096
120000115,146,2088,-1942
120000116,350,1922,-1572
120000117,899,1650,-751
120000118,8,8,0
120000119,14,23,-9
120000120,15,11,4
120000121,7,16,-9
120000122,35,28,7
120000123,5921,821,5100
120000124,139,298,-159
120000125,97,529,-432
120000126,94,305,-211
120000127,401,221,180
120000128,1153,1329,-176
120000129,108,69,39
120000130,260,316,-56
120000131,82,375,-293
120000134,191,1075,-884
120000135,50,272,-222
120000137,38,2338,-2300
120000138,125,478,-353
120000139,56,1017,-961
120000140,124,739,-615
120000141,31,554,-523
120000142,49,628,-579
120000143,1,150,-149
120000144,13,0,13
120000145,35,1,34
120000146,988,315,673
120000149,267,881,-614
120000150,4200,5127,-927
120000151,170,185,-15
120000152,53,254,-201
120000153,82,701,-619
120000154,211,306,-95
120000155,50,114,-64
120000156,775,186,589
120000157,355,484,-129
120000158,263,851,-588
120000159,1110,2095,-985
120000160,1066,797,269
120000161,481,2192,-1711
120000162,18,111,-93
120000163,131,1232,-1101
120000164,136,444,-308
120000165,104,930,-826
120000166,167,555,-388
120000167,7,25,-18
120000168,8,70,-62
120000169,116,152,-36
120000170,166,123,43
120000171,93,31,62
120000172,14,14,0
120000173,2321,68,2253
120000174,195,3,192
120000175,443,7,436
120000176,67,85,-18
120000177,1340,456,884
120000178,95,5,90
120000179,268,26,242
120000180,591,80,511
120000181,118,57,61
120000182,30,64,-34
120000183,1,116,-115
120000184,69,2220,-2151
120000186,2,24,-22
120000187,11,20,-9
120000188,115,26,89
120000190,1035,5,1030
120000191,1293,3,1290
120000192,1247,5,1242
120000193,454,2,452
120000195,64,1,63
120000196,142,28,114
120000197,44,105,-61
120000198,31,205,-174
120000199,18,2,16
120000200,13,1,12
120000201,0,5,-5
120000202,0,54,-54
120000203,4,370,-366
120000207,0,111,-111
120000208,10,303,-293
120000209,2,123,-121
120000210,153,38,115
120000211,29,0,29
120000212,23,0,23
120000213,23,456,-433
120000214,0,530,-530
120000215,2,145,-143
120000216,33,6,27
120000217,748,1663,-915
120000218,272,2042,-1770
120000219,19,1216,-1197
120000220,8,3928,-3920
120000225,182,0,182
120000226,21,1,20
120000227,349,10,339
120000228,10321,1463,8858
120000230,48,3,45
120000231,198,2541,-2343
120000233,34,7,27
120000235,91,685,-594
120000236,0,0,0
120000237,7,3279,-3272
120000238,0,83,-83
120000241,397,821,-424
120000412,884,6,878
120000413,35,346,-311
120000414,8,2,6
120000415,4,159,-155
120000416,6,9,-3
120000417,1,110,-109
120000418,9,2,7
120000419,1,408,-407
120000420,9,17,-8
120000421,14618,5826,8792
120000422,308,317,-9
120000423,0,33,-33
120000424,6,176,-170
120000436,62,137,-75
120000437,144,144,0
120000438,5219,339,4880
120000439,22,105,-83
120000443,75,0,75
120000444,106,496,-390
120000445,442,509,-67
120000446,622,119,503
120000447,0,10,-10
120000449,9,8,1
120000450,3,333,-330
120000451,14,128,-114
120000452,8,1,7
120000453,1,584,-583
120000454,5,10,-5
120000455,7,34,-27
120000456,3338,2061,1277
120000457,1237,765,472
120000458,345,513,-168
120000459,52,41,11
120000665,659,139,520
120000668,43,118,-75
120000669,27,345,-318
120000670,215,315,-100
120000671,137,124,13
120000672,75,343,-268
120900001,11,16,-5
120900002,29,167,-138
120900003,48,20,28
120900004,2,7,-5
120900005,9,1442,-1433
120900006,58,123,-65
120900007,75,184,-109
120900008,35,1138,-1103
120900009,40,8,32
120900010,51,14,37
120900011,183,45,138
120900012,826,300,526
120900013,57,16,41
120900014,5,740,-735
120900015,102,73,29
120900016,99,34,65
120900017,2906,149,2757
120900018,14,470,-456
120900019,108,36,72
120900020,275,206,69
120900021,66,15,51
120900022,8,330,-322
120900023,27,27,0
120900024,1090,350,740
120900025,1852,582,1270
120900026,18,200,-182
120900027,303,69,234
120900028,52,15,37
120900029,12,81,-69
120900030,279,287,-8
120900031,11,8,3
120900032,173,102,71
120900033,197,6,191
120900034,42,879,-837
120900035,21,259,-238
120900037,27,0,27
120900038,5,26,-21
120900039,10,7,3
120900040,28,0,28
120900041,62,26,36
120900042,33,55,-22
120900043,10,1,9
120900044,12,343,-331
120900045,57,190,-133
120900046,46,1,45
120900047,33,5,28
120900048,18,5,13
120900049,50,0,50
120900050,3351,397,2954
120900051,92,76,16
120900052,79,1,78
120900053,25,44,-19
120900054,857,631,226
120900055,33,1,32
120900056,39,2,37
120900057,14,7,7
120900058,49,0,49
120900059,3,0,3
120900060,11,23,-12
120900061,104,221,-117
120900062,45,0,45
120900063,58,0,58
120900064,72,0,72
120900065,36,7,29
120900066,26,362,-336
120900067,20,10,10
120900068,26,0,26
120900069,16,63,-47
120900071,3,0,3
120900072,87,0,87
120900073,70,185,-115
120900074,99,2,97
120900076,32,0,32
120900077,3176,205,2971
120900078,97,652,-555
120900079,81,88,-7
120900080,96,3167,-3071
120900081,97,1227,-1130
120900082,321,166,155
120900083,17,0,17
120900084,32,36,-4
120900085,58,32,26
120900086,81,57,24
120900087,74,36,38
120900088,69,76,-7
120900089,4915,449,4466
120900090,22,190,-168
120900091,153,80,73
120900092,261,614,-353
120900093,4543,300,4243
120900094,339,187,152
120900095,42,21,21
120900096,19,118,-99
120900097,414,1382,-968
120900098,209,175,34
120900099,35,110,-75
120900100,33,444,-411
120900101,117,315,-198
120900102,11,165,-154
120900103,12,108,-96
120900104,5,46,-41
120900105,20,960,-940
120900106,898,543,355
120900107,402,147,255
120900108,5,1075,-1070
120900109,5,891,-886
120900110,5,586,-581
120900111,76,418,-342
120900112,8,1633,-1625
120900113,4,1041,-1037
120900114,9,262,-253
120900115,78,82,-4
120900116,22,723,-701
120900117,3,712,-709
120900118,8,1025,-1017
120900119,4089,3202,887
120900120,19,747,-728
120900121,72,416,-344
120900122,42,723,-681
120900123,1,601,-600
120900124,0,791,-791
120900125,4,1123,-1119
120900126,715,652,63
120900127,1,716,-715
120900128,766,816,-50
120900129,26,542,-516
120900130,4,574,-570
120900131,14,50,-36
120900132,113,430,-317
120900133,125,1165,-1040
120900134,117,541,-424
120900135,4,786,-782
120900136,4,15,-11
120900137,19,149,-130
120900138,5,228,-223
120900139,10,1024,-1014
120900140,0,32,-32
120900141,37,83,-46
120900142,29,1076,-1047
120900143,5,1198,-1193
120900144,1,306,-305
120900145,32,988,-956
120900146,6,1350,-1344
120900147,1,230,-229
120900148,18,87,-69
120900149,1,445,-444
120900150,2,564,-562
120900151,8,778,-770
120900152,1,58,-57
120900153,3,79,-76
120900154,0,329,-329
120900155,43,1304,-1261
120900156,1,383,-382
120900157,5,213,-208
120900158,5,614,-609
120900159,2,367,-365
120900160,33,373,-340
120900161,10,2225,-2215
120900162,10,2058,-2048
120900163,3,57,-54
120900164,0,0,0
120900165,0,3,-3
120900166,9,35,-26
120900167,40,52,-12
120900169,12,702,-690
120900170,2175,616,1559
120900171,1294,215,1079
120900172,1144,49,1095
120900173,0,48,-48
120900174,0,131,-131
120900175,263,153,110
120900176,3,87,-84
120900177,0,137,-137
120900178,0,114,-114
120900179,336,388,-52
120900180,48,47,1
120900181,11,79,-68
120900182,14,408,-394
120900183,504,57,447
120900184,106,69,37
120900185,1,367,-366
120900186,4,529,-525
120900187,76,349,-273
120900188,24,8,16
120900189,62,107,-45
120900190,2,7,-5
120900191,2,16,-14
120900192,14537,1055,13482
120900194,13,70,-57
120900195,67,311,-244
120900196,374,25,349
120900197,123,26,97
120900198,110,565,-455
120900199,120,1278,-1158
120900200,90,46,44
120900201,527,138,389
120900202,1,291,-290
120900203,10,44,-34
120900204,345,385,-40
120900205,43,74,-31
120900206,2,5,-3
121000001,599,1069,-470
121000002,863,690,173
121000003,3998,1774,2224
121000004,1889,1311,578
121000005,1591,2241,-650
121000006,1885,741,1144
121000007,2433,2818,-385
121000008,2266,1318,948
121000009,7438,3940,3498
121000010,6719,1826,4893
121000011,13779,7213,6566
121000012,15126,3594,11532
121000013,5750,4928,822
121000014,6332,3745,2587
121000015,3403,4743,-1340
121000016,3497,2536,961
121000017,1043,2650,-1607
121000018,1373,1310,63
121000019,12179,4609,7570
121000020,8963,3961,5002
121000021,1762,2260,-498
121000022,1215,1099,116
121000023,2514,2293,221
121000024,1610,2153,-543
121000025,551,374,177
121000026,146,45,101
121000027,1462,780,682
121000028,400,393,7
121000029,261,561,-300
121000030,85,124,-39
121000031,228,586,-358
121000032,96,64,32
121000034,19,13,6
121000035,47,62,-15
121000036,277,319,-42
121000037,224,475,-251
121000038,264,389,-125
121000039,133,157,-24
121000041,94,297,-203
121000042,47,195,-148
121000043,565,332,233
121000044,902,354,548
121000045,218,353,-135
121000046,64,173,-109
121000047,20,72,-52
121000049,1218,573,645
121000050,166,803,-637
121000051,172,180,-8
121000052,140,411,-271
121000053,121,4,117
121000054,16,168,-152
121000055,1499,915,584
121000056,537,695,-158
121000057,90,195,-105
121000058,331,91,240
121000059,713,318,395
121000060,263,632,-369
121000061,17,73,-56
121000062,94,134,-40
121000063,301,309,-8
121000064,210,230,-20
121000065,257,276,-19
121000066,260,475,-215
121000067,665,241,424
121000068,163,87,76
121000069,135,106,29
121000070,662,853,-191
121000071,242,443,-201
121000072,812,448,364
121000073,420,583,-163
121000074,90,169,-79
121000075,72,29,43
121000076,672,276,396
121000077,24,19,5
121000078,37,94,-57
121000080,2086,378,1708
121000081,801,741,60
121000082,125,223,-98
121000083,98,51,47
121000084,129,65,64
121000085,313,420,-107
121000086,120,538,-418
121000087,33,145,-112
121000088,223,369,-146
121000089,155,174,-19
121000090,172,203,-31
121000091,2077,575,1502
121000092,110,75,35
121000093,46,162,-116
121000094,234,151,83
121000095,147,178,-31
121000096,2376,1835,541
121000097,1717,1264,453
121000098,220,871,-651
121000099,197,806,-609
121000100,181,496,-315
121000101,4,54,-50
121000102,48,418,-370
121000103,6,57,-51
121000104,48,177,-129
121000105,96,306,-210
121000106,13,38,-25
121000107,1456,2807,-1351
121000109,1571,834,737
121000110,175,274,-99
121000114,2022,1783,239
121000115,782,680,102
121000116,420,650,-230
121000117,1120,142,978
121000118,842,173,669
121000119,102,271,-169
121000120,177,355,-178
121000121,158,321,-163
121000123,342,278,64
121000126,63,264,-201
121000127,73,97,-24
121000128,217,487,-270
121000129,179,430,-251
121000130,204,715,-511
121000131,582,468,114
121000132,409,527,-118
121000135,338,257,81
121000136,1008,432,576
121000137,304,85,219
121000138,368,267,101
121000139,297,72,225
121000141,100,99,1
121000142,660,425,235
121000143,114,6,108
121000144,686,475,211
121000145,209,1047,-838
121000146,400,594,-194
121000147,313,376,-63
121000148,343,768,-425
121000149,777,833,-56
121000152,191,308,-117
121000153,1424,384,1040
121000154,562,307,255
121000155,728,555,173
121000156,367,633,-266
121000157,1626,894,732
121000158,255,482,-227
121000159,146,634,-488
121000160,211,657,-446
121000161,69,336,-267
121000162,17,293,-276
121000165,1057,607,450
121000166,50,230,-180
121000168,74,194,-120
121000169,15,218,-203
121000170,75,37,38
121000171,50,193,-143
121000172,257,481,-224
121000173,1158,602,556
121000174,107,394,-287
121000175,224,383,-159
121000176,252,190,62
121000177,292,549,-257
121000178,25,63,-38
121000179,38,85,-47
121000181,179,208,-29
121000182,65,126,-61
121000183,31,37,-6
121000184,4,67,-63
121000185,6,138,-132
121000186,93,281,-188
121000187,111,256,-145
121000188,76,228,-152
121000192,334,289,45
121000193,288,242,46
121000194,1915,1559,356
121000195,203,677,-474
121000196,338,138,200
121000197,121,666,-545
121000198,73,90,-17
121000199,29,658,-629
121000200,125,78,47
121000201,3,262,-259
121000202,62,27,35
121000203,152,2027,-1875
121000204,416,232,184
121000205,68,389,-321
121000206,61,82,-21
121000207,356,345,11
121000208,5,520,-515
121000209,39,534,-495
121000210,122,645,-523
121000211,25,112,-87
121000212,152,682,-530
121000213,5562,1314,4248
121000214,505,543,-38
121000215,979,501,478
121000216,245,296,-51
121000217,1956,1016,940
121000218,375,1555,-1180
121000219,530,260,270
121000220,263,94,169
121000221,85,173,-88
121000222,1597,2237,-640
121000223,137,309,-172
121000224,61,38,23
121000225,595,494,101
121000226,620,321,299
121000227,3,223,-220
121000228,10,895,-885
121000229,17,483,-466
121000230,56,1840,-1784
121000231,0,0,0
121000232,103,42,61
121000233,149,208,-59
121000234,1,16,-15
121000235,7,13,-6
121000236,2,34,-32
121000237,4,1,3
121000238,0,75,-75
121000239,2,0,2
121000240,0,167,-167
121000241,67,5,62
121000242,2,137,-135
121000243,39,10,29
121000244,1,57,-56
121000245,11,3,8
121000246,1,67,-66
121000247,7,1,6
121000248,107,310,-203
121000249,22,205,-183
121000250,79,44,35
121000251,14,445,-431
121000252,32,27,5
121000253,64,542,-478
121000254,190,208,-18
121000255,53,110,-57
121000256,34,117,-83
121000257,16,66,-50
121000258,23,33,-10
121000259,9,31,-22
121000260,27,115,-88
121000261,13,13,0
121000262,942,378,564
121000263,402,481,-79
121000271,240,1254,-1014
121000273,19,10,9
121000274,1,36,-35
121000275,2,18,-16
121000276,2,4,-2
121000278,5,31,-26
121000279,14,17,-3
121000280,5,40,-35
121000289,80,10,70
121000290,608,434,174
121000294,25,236,-211
121000297,447,254,193
121000299,103,158,-55
121000300,639,512,127
121000302,266,292,-26
121000303,498,197,301
121000304,52,17,35
121000305,17,6,11
121000306,0,29,-29
121000308,89,241,-152
121000309,229,465,-236
121000310,27,342,-315
121000311,32,632,-600
121000312,108,43,65
121000313,428,222,206
121000314,135,70,65
121000315,79,46,33
121000530,381,1059,-678
121000531,600,1024,-424
121000532,3628,2226,1402
121000533,1335,1241,94
121000918,4,215,-211
121000919,2,9,-7
121000938,826,215,611
121000939,1035,223,812
121000956,223,1171,-948
121000957,3,15,-12
121000958,12,75,-63
121000959,108,883,-775
121000960,282,1705,-1423
121000961,104,16,88
121000962,179,482,-303
121000973,1,216,-215
121000976,3,43,-40
121000979,6,1,5
121000981,133,11,122
121000982,34,72,-38
121000983,91,343,-252
121000984,7,24,-17
121000985,95,538,-443
121000986,33,424,-391
121000987,111,1606,-1495
121000988,209,126,83
121001302,218,82,136
121001308,9,15,-6
121001309,25,23,2
121001313,12,380,-368
121001314,4301,3260,1041
121001315,3524,1213,2311
121900001,62,135,-73
121900002,2,17,-15
121900003,8,3,5
121900004,14,145,-131
121900005,0,1,-1
121900006,0,0,0
121900007,33,302,-269
121900008,0,1,-1
121900009,1,0,1
121900010,31,0,31
121900011,44,111,-67
121900012,0,1,-1
121900013,111,0,111
121900014,137,33,104
121900015,15,16,-1
121900016,0,0,0
121900017,35,52,-17
121900018,41,1,40
121900019,42,76,-34
121900020,0,0,0
121900021,141,2,139
121900022,19,17,2
121900023,1,23,-22
121900024,145,13,132
121900025,46,45,1
121900026,2,1,1
121900027,59,11,48
121900028,77,2,75
121900029,0,8,-8
121900030,89,117,-28
121900031,173,551,-378
121900032,41,16,25
121900033,22,24,-2
121900034,23,12,11
121900035,384,178,206
121900036,4,25,-21
121900037,20,130,-110
121900038,2,33,-31
121900039,12,4,8
121900040,1,6,-5
121900041,7,26,-19
121900042,36,18,18
121900043,0,2,-2
121900044,193,8,185
121900046,14,13,1
121900047,12,9,3
121900048,9,61,-52
121900050,0,3,-3
121900051,15,44,-29
121900052,1,0,1
121900053,59,66,-7
121900054,64,149,-85
121900055,0,0,0
121900058,4,104,-100
121900059,13,7,6
121900060,7,65,-58
121900061,10,21,-11
121900062,1,2,-1
121900063,63,78,-15
121900064,15,132,-117
121900066,2,6,-4
121900067,0,0,0
121900069,132,85,47
121900070,16,31,-15
121900071,38,92,-54
121900072,5,64,-59
121900073,23,35,-12
121900074,16,41,-25
121900075,28,48,-20
121900076,8,136,-128
121900077,1,14,-13
121900078,1,8,-7
121900079,0,0,0
121900080,79,92,-13
121900082,1,48,-47
121900084,1,162,-161
121900085,0,3,-3
121900086,0,4,-4
121900087,36,21,15
121900088,641,608,33
121900089,2,76,-74
121900090,0,75,-75
121900091,2,49,-47
121900092,4,6,-2
121900093,6,27,-21
121900094,8,4,4
121900095,53,31,22
121900096,263,22,241
121900097,28,19,9
121900098,0,0,0
121900099,4,7,-3
121900100,10,30,-20
121900101,22,26,-4
121900102,1,17,-16
121900103,35,11,24
121900104,167,55,112
121900105,5,9,-4
121900106,0,1,-1
121900107,1,2,-1
121900108,0,0,0
121900109,65,30,35
121900110,39,534,-495
121900111,384,68,316
121900112,11,6,5
121900113,5,13,-8
121900114,0,0,0
121900117,27,7,20
121900118,602,41,561
121900119,14,119,-105
121900120,0,596,-596
121900121,0,0,0
121900122,0,5,-5
121900123,63,61,2
121900124,15,61,-46
121900125,302,455,-153
121900127,2,20,-18
121900128,12,66,-54
121900129,643,44,599
121900130,9,35,-26
121900131,19,28,-9
121900132,2,58,-56
121900133,5,6,-1
121900134,0,35,-35
121900135,477,78,399
121900136,15,212,-197
121900137,11,68,-57
121900138,15,56,-41
121900139,142,95,47
121900140,2,29,-27
121900141,4,0,4
121900142,3,32,-29
121900143,0,23,-23
121900144,275,244,31
121900145,20,38,-18
121900146,85,210,-125
121900147,23,151,-128
121900148,24,80,-56
121900149,55,238,-183
121900150,40,122,-82
121900151,10,63,-53
121900152,11,44,-33
121900153,5,122,-117
121900154,2,30,-28
121900155,0,32,-32
121900156,57,52,5
121900157,3,154,-151
121900158,26,47,-21
121900159,0,53,-53
121900160,0,59,-59
121900161,100,55,45
121900162,20,27,-7
121900163,19,408,-389
121900164,63,34,29
121900165,13,38,-25
121900166,20,53,-33
121900167,13,20,-7
121900168,31,23,8
121900169,2,268,-266
121900170,0,59,-59
121900171,89,88,1
121900172,49,86,-37
121900173,134,27,107
121900174,1,2,-1
121900175,2,43,-41
121900176,173,1093,-920
121900177,17,25,-8
121900178,1,9,-8
121900179,27,22,5
121900180,4578,1094,3484
121900182,37,82,-45
121900183,78,86,-8
121900184,11,130,-119
121900186,1,184,-183
121900187,3,52,-49
121900188,223,44,179
121900189,7,43,-36
121900190,46,102,-56
121900191,3,9,-6
121900192,233,70,163
121900193,0,40,-40
121900194,1,82,-81
121900195,9,46,-37
121900196,62,59,3
121900197,161,1021,-860
121900198,451,92,359
121900199,2,3,-1
121900200,11,35,-24
121900201,132,122,10
121900202,18,52,-34
121900203,22,52,-30
121900204,350,114,236
121900205,0,27,-27
121900206,2,6,-4
121900207,34,6,28
121900208,12,79,-67
121900209,12,5,7
121900210,21,102,-81
121900211,0,24,-24
121900212,13,33,-20
121900213,8,23,-15
121900214,1,136,-135
121900215,2,5,-3
121900216,4,13,-9
121900217,55,8,47
121900218,18,23,-5
121900220,38,2,36
121900221,55,108,-53
121900222,6,34,-28
121900223,5,1,4
121900224,0,1,-1
121900225,3,5,-2
121900226,0,0,0
121900227,11,71,-60
121900228,29,50,-21
121900230,8,7,1
121900231,108,22,86
121900232,24,57,-33
121900233,70,88,-18
121900234,29,97,-68
121900235,29,36,-7
121900236,16,25,-9
121900237,52,184,-132
121900238,64,59,5
121900239,23,17,6
121900240,36,23,13
121900241,0,24,-24
121900242,0,0,0
121900243,0,0,0
121900244,0,0,0
121900245,41,29,12
121900246,9,2,7
121900247,68,56,12
121900248,206,146,60
121900250,33,39,-6
121900251,8,0,8
121900252,329,38,291
121900253,28,273,-245
121900254,131,57,74
121900255,12,6,6
121900258,184,18,166
121900259,62,41,21
121900260,6,69,-63
121900261,9,98,-89
121900262,77,151,-74
121900263,16,72,-56
121900264,725,258,467
121900265,42,117,-75
121900266,14,29,-15
121900267,0,0,0
121900269,7,59,-52
121900270,3,47,-44
121900271,1,65,-64
121900273,88,304,-216
121900274,13,87,-74
121900277,59,745,-686
121900278,14,403,-389
121900279,27,143,-116
121900280,31,103,-72
121900281,36,4,32
121900284,12,1,11
121900286,7,142,-135
121900287,2,4,-2
121900290,77,111,-34
121900291,98,222,-124
121900292,23,22,1
121900293,382,1912,-1530
121900294,71,0,71
121900295,8,82,-74
121900296,1,0,1
121900298,16,97,-81
121900299,0,0,0
121900300,0,0,0
121900301,0,0,0
121900302,0,12,-12
121900303,37,99,-62
121900304,3,2,1
121900305,0,0,0
121900306,0,0,0
121900307,0,2,-2
121900308,4,248,-244
121900309,6,155,-149
121900310,6,358,-352
121900311,18,4,14
121900312,26,0,26
121900313,24,1,23
121900314,1,50,-49
121900315,0,0,0
121900316,0,1,-1
121900317,0,0,0
121900318,0,9,-9
121900319,0,0,0
121900320,18,34,-16
121900321,0,0,0
121900322,0,8,-8
121900323,0,3,-3
121900324,0,0,0
121900325,0,0,0
121900326,0,11,-11
121900327,0,17,-17
121900328,0,2,-2
121900329,2,108,-106
121900330,0,0,0
121900331,19,5,14
121900332,0,1,-1
121900333,0,0,0
122000001,1534,1795,-261
122000002,3230,750,2480
122000003,1151,759,392
122000004,1680,563,1117
122000005,1406,585,821
122000006,910,250,660
122000007,532,446,86
122000008,3556,1347,2209
122000009,522,107,415
122000010,1511,1478,33
122000011,1959,528,1431
122000012,528,694,-166
122000013,663,648,15
122000014,855,734,121
122000015,692,590,102
122000016,277,513,-236
122000017,764,694,70
122000018,823,1001,-178
122000019,376,1187,-811
122000020,104,133,-29
122000021,474,234,240
122000022,434,359,75
122000023,161,683,-522
122000024,552,522,30
122000025,620,792,-172
122000026,1037,439,598
122000027,371,1700,-1329
122000028,382,169,213
122000029,121,130,-9
122000030,236,63,173
122000031,78,80,-2
122000032,595,997,-402
122000033,275,380,-105
122000034,331,363,-32
122000035,226,450,-224
122000036,159,448,-289
122000037,231,171,60
122000038,132,230,-98
122000039,253,250,3
122000040,222,164,58
122000041,206,391,-185
122000042,74,247,-173
122000043,57,63,-6
122000044,67,85,-18
122000045,635,274,361
122000046,285,514,-229
122000047,203,81,122
122000048,1834,1476,358
122000049,2991,1493,1498
122000050,532,369,163
122000051,154,161,-7
122000052,169,101,68
122000053,65,302,-237
122000054,1185,941,244
122000055,986,1364,-378
122000056,2609,1634,975
122000057,2518,1550,968
122000058,2066,992,1074
122000059,1975,1059,916
122000060,596,356,240
122000061,336,117,219
122000062,673,184,489
122000063,302,208,94
122000064,1836,2227,-391
122000065,2401,1787,614
122000066,576,691,-115
122000067,589,690,-101
122000068,402,542,-140
122000069,341,415,-74
122000070,211,771,-560
122000071,411,564,-153
122000072,125,187,-62
122000073,171,217,-46
122000074,528,442,86
122000075,223,344,-121
122000076,620,500,120
122000077,554,426,128
122000078,1648,1438,210
122000079,563,443,120
122000080,315,210,105
122000081,87,83,4
122000082,455,353,102
122000083,620,1590,-970
122000084,549,503,46
122000085,160,1059,-899
122000086,1403,1569,-166
122000087,203,100,103
122000088,178,143,35
122000089,2871,1386,1485
122000090,176,202,-26
122000091,103,47,56
122000092,51,8,43
122000093,787,1064,-277
122000094,3390,1009,2381
122000095,1824,744,1080
122000096,1128,345,783
122000098,1469,1027,442
122000099,646,399,247
122000100,435,294,141
122000101,88,326,-238
122000102,1049,755,294
122000103,481,850,-369
122000104,155,118,37
122000105,102,182,-80
122000106,224,266,-42
122000107,254,281,-27
122000108,208,399,-191
122000109,98,130,-32
122000110,125,265,-140
122000111,1428,649,779
122000112,364,579,-215
122000113,163,407,-244
122000114,1241,1099,142
122000115,1203,582,621
122000116,299,273,26
122000117,524,157,367
122000118,264,255,9
122000119,1726,1073,653
122000120,1793,1627,166
122000121,2200,1335,865
122000122,436,761,-325
122000123,966,407,559
122000124,338,177,161
122000125,309,495,-186
122000126,241,444,-203
122000127,669,573,96
122000128,291,532,-241
122000129,158,202,-44
122000130,975,218,757
122000131,1011,266,745
122000132,744,284,460
122000133,518,1603,-1085
122000134,247,323,-76
122000135,359,664,-305
122000136,114,93,21
122000137,353,320,33
122000139,737,1277,-540
122000140,678,267,411
122000141,3290,526,2764
122000142,140,469,-329
122000143,295,119,176
122000144,914,517,397
122000145,430,333,97
122000146,135,378,-243
122000147,304,161,143
122000148,1393,535,858
122000149,1274,475,799
122000150,559,423,136
122000151,89,235,-146
122000152,258,201,57
122000153,85,77,8
122000154,58,36,22
122000155,787,881,-94
122000156,1895,1558,337
122000157,973,986,-13
122000158,144,330,-186
122000159,477,967,-490
122000160,1923,430,1493
122000161,500,238,262
122000162,985,497,488
122000163,331,74,257
122000164,24,107,-83
122000165,405,299,106
122000166,309,405,-96
122000167,138,199,-61
122000168,117,289,-172
122000169,291,109,182
122000170,127,201,-74
122000171,20,65,-45
122000172,774,665,109
122000173,768,1104,-336
122000174,877,632,245
122000175,707,264,443
122000176,185,416,-231
122000177,909,1120,-211
122000178,1616,576,1040
122000179,1309,1116,193
122000180,1008,663,345
122000181,1162,1422,-260
122000182,2068,386,1682
122000183,846,145,701
122000184,3740,1304,2436
122000185,1214,891,323
122000186,430,465,-35
122000187,449,643,-194
122000188,290,126,164
122000189,100,72,28
122000190,236,653,-417
122000191,391,209,182
122000192,321,92,229
122000193,142,291,-149
122000194,300,103,197
122000195,78,309,-231
122000196,509,293,216
122000197,134,101,33
122000198,250,750,-500
122000199,184,104,80
122000200,550,178,372
122000201,986,1482,-496
122000202,644,837,-193
122000203,1320,1098,222
122000204,722,1518,-796
122000205,726,702,24
122000206,963,315,648
122000207,567,600,-33
122000208,596,829,-233
122000209,817,112,705
122000210,581,1663,-1082
122000211,375,930,-555
122000212,252,281,-29
122000213,503,586,-83
122000214,697,724,-27
122000215,739,729,10
122000217,927,1102,-175
122000218,31,6,25
122000219,1202,948,254
122000220,152,712,-560
122000221,71,287,-216
122000222,418,62,356
122000223,518,478,40
122000225,346,156,190
122000226,465,1547,-1082
122000227,162,912,-750
122000228,188,378,-190
122000229,21,264,-243
122000230,38,622,-584
122000231,114,501,-387
122000232,175,782,-607
122000233,0,56,-56
122000234,29,183,-154
122000235,161,137,24
122000236,234,129,105
122000237,34,37,-3
122000238,45,62,-17
122000239,122,58,64
122000240,233,125,108
122000241,284,174,110
122000242,147,44,103
122000243,5,20,-15
122000244,5,265,-260
122000245,5,54,-49
122000246,0,11,-11
122000247,260,245,15
122000248,855,1405,-550
122000249,101,202,-101
122000250,593,151,442
122000251,195,225,-30
122000252,281,31,250
122000253,20,267,-247
122000254,51,32,19
122000255,296,1153,-857
122000256,261,1251,-990
122000257,72,300,-228
122000258,49,187,-138
122000259,8,639,-631
122000260,7,118,-111
122000261,1,98,-97
122000262,0,51,-51
122000263,27,105,-78
122000264,37,83,-46
122000265,374,187,187
122000266,871,111,760
122000267,22,62,-40
122000268,36,209,-173
122000269,170,135,35
122000270,174,94,80
122000271,149,809,-660
122000272,179,873,-694
122000273,88,460,-372
122000274,33,99,-66
122000275,12,76,-64
122000276,64,349,-285
122000277,263,616,-353
122000278,236,736,-500
122000279,63,481,-418
122000280,432,629,-197
122000281,211,549,-338
122000282,62,83,-21
122000283,356,51,305
122000284,48,75,-27
122000285,214,84,130
122000286,113,126,-13
122000287,250,405,-155
122000288,136,96,40
122000291,372,207,165
122000293,347,239,108
122000294,41,37,4
122000295,426,118,308
122000296,20,238,-218
122000297,2068,925,1143
122000299,83,318,-235
122000300,146,288,-142
122000301,10731,1081,9650
122000302,762,435,327
122000303,3826,742,3084
122000304,2,100,-98
122000305,554,150,404
122000306,11,839,-828
122000307,61,125,-64
122000309,11,65,-54
122000310,5,14,-9
122000311,27,32,-5
122000312,55,26,29
122000313,7,25,-18
122000314,38,146,-108
122000315,30,2,28
122000316,133,181,-48
122000317,302,79,223
122000318,68,134,-66
122000319,225,373,-148
122000320,194,2421,-2227
122000321,24,275,-251
122000322,1483,722,761
122000323,1010,661,349
122000324,647,692,-45
122000325,348,536,-188
122000326,0,35,-35
122000327,93,279,-186
122000328,515,747,-232
122000330,888,295,593
122000332,167,321,-154
122000333,6,154,-148
122000337,262,1860,-1598
122000338,74,407,-333
122000340,146,184,-38
122000342,1818,826,992
122000343,130,976,-846
122000344,4,10,-6
122000345,14,37,-23
122000346,239,365,-126
122000348,179,604,-425
122000349,68,534,-466
122000351,9,70,-61
122000352,113,29,84
122000353,7,109,-102
122000355,53,105,-52
122000356,913,466,447
122000357,10,10,0
122000358,0,49,-49
122000359,0,29,-29
122000360,0,24,-24
122000362,10,100,-90
122000364,22,305,-283
122000365,0,12,-12
122000366,11,3,8
122000368,193,462,-269
122000370,9,65,-56
122000371,0,0,0
122000372,0,0,0
122000381,9,188,-179
122000382,26,155,-129
122000384,1723,1166,557
122000385,1,0,1
122000386,44,309,-265
122000387,121,433,-312
122000388,338,207,131
122000389,128,618,-490
122000390,87,126,-39
122000391,16,12,4
122000392,123,224,-101
122000393,14,244,-230
122000394,85,339,-254
122000395,73,171,-98
122000396,104,101,3
122000397,7,79,-72
122000398,4,8,-4
122000399,26,64,-38
122000400,48,92,-44
122000401,59,100,-41
122000402,15,5,10
122000403,177,1398,-1221
122000404,41,119,-78
122000408,454,687,-233
122000503,6,47,-41
122000524,96,51,45
122000544,7,333,-326
122000616,600,3,597
122000640,25,202,-177
122000641,9,456,-447
122000642,577,986,-409
122000643,2,16,-14
122000644,148,27,121
122000645,76,101,-25
122000651,697,459,238
122000664,69,28,41
122000665,769,411,358
122000666,280,621,-341
122000673,13,411,-398
122000674,82,35,47
122000675,527,1120,-593
122000686,75,850,-775
122000687,119,329,-210
122000688,81,536,-455
122000689,175,616,-441
122000690,173,738,-565
122000691,151,1806,-1655
122000692,377,495,-118
122000693,207,1662,-1455
122000695,80,531,-451
122000696,68,202,-134
122000698,44,1041,-997
122000699,101,45,56
122000701,391,304,87
122000702,237,1076,-839
122000703,15,2,13
122000717,247,47,200
122000718,392,71,321
122000719,12,41,-29
122000720,16,123,-107
122000724,87,6,81
122900001,6,2,4
122900002,279,260,19
122900003,33,12,21
122900004,120,5,115
122900005,20,9,11
122900006,168,33,135
122900007,48,1,47
122900008,180,4,176
122900009,83,18,65
122900010,0,0,0
122900012,22,14,8
122900014,49,153,-104
122900015,848,87,761
122900016,21,265,-244
122900017,148,418,-270
122900018,53,2,51
122900019,4,100,-96
122900020,320,252,68
122900021,16,238,-222
122900022,123,763,-640
122900023,70,292,-222
122900024,51,55,-4
122900025,6,92,-86
122900026,114,229,-115
122900027,20,447,-427
122900028,45,72,-27
122900029,1643,411,1232
122900030,1351,150,1201
122900031,26,55,-29
122900032,62,140,-78
122900033,31,33,-2
122900034,861,665,196
122900035,0,1,-1
122900036,1,14,-13
122900037,68,46,22
122900038,39,654,-615
122900039,22,141,-119
122900040,7,30,-23
122900041,8,29,-21
122900042,2,28,-26
122900043,59,50,9
122900044,7,38,-31
122900045,9,17,-8
122900046,12,9,3
122900047,28,37,-9
122900048,11,55,-44
122900049,1055,53,1002
122900051,33,79,-46
122900052,10,30,-20
122900053,13,10,3
122900055,42,33,9
122900057,33,2,31
122900061,238,33,205
122900062,190,161,29
122900063,41,262,-221
122900064,451,400,51
122900065,148,83,65
122900066,154,147,7
122900067,1030,444,586
122900068,131,205,-74
122900069,132,289,-157
122900070,30,12,18
122900071,40,380,-340
122900072,6,623,-617
122900073,27,153,-126
122900074,40,523,-483
122900075,2,50,-48
122900076,5,143,-138
122900077,2,225,-223
122900078,9,166,-157
122900080,8,4,4
122900081,37,2,35
122900082,37,1,36
122900083,1,5,-4
122900084,2,106,-104
122900086,0,0,0
122900087,19,575,-556
122900088,14,22,-8
122900089,1,66,-65
122900090,7,669,-662
122900091,0,0,0
122900092,0,94,-94
122900093,1,181,-180
122900094,2,114,-112
122900095,0,0,0
122900096,0,91,-91
122900097,0,0,0
122900098,21,37,-16
122900099,1,1,0
122900100,91,32,59
122900101,51,16,35
122900102,2,2,0
122900103,1,1,0
122900104,1,0,1
122900105,1,0,1
122900106,0,42,-42
122900107,5,95,-90
122900108,2,120,-118
123000001,1147,298,849
123000002,3818,1296,2522
123000003,2323,1358,965
123000004,2927,3650,-723
123000005,971,1219,-248
123000006,2308,2566,-258
123000007,787,1101,-314
123000008,1491,3700,-2209
123000009,2046,1509,537
123000010,3158,3235,-77
123000011,652,440,212
123000012,611,2014,-1403
123000013,1409,427,982
123000014,1190,3428,-2238
123000015,919,362,557
123000016,6928,2160,4768
123000017,2024,952,1072
123000018,26,86,-60
123000019,45,278,-233
123000020,41,132,-91
123000021,18,95,-77
123000022,233,429,-196
123000023,742,841,-99
123000024,499,326,173
123000025,6,29,-23
123000026,0,47,-47
123000027,44,183,-139
123000028,364,50,314
123000029,530,227,303
123000030,39,888,-849
123000031,45,351,-306
123000032,70,200,-130
123000033,42,24,18
123000034,353,355,-2
123000035,101,155,-54
123000036,155,259,-104
123000037,101,239,-138
123000038,72,157,-85
123000039,632,760,-128
123000040,862,328,534
123000041,369,234,135
123000042,314,366,-52
123000043,1947,1880,67
123000044,3612,1389,2223
123000045,8446,1091,7355
123000046,600,602,-2
123000047,2621,734,1887
123000048,36,160,-124
123000049,5023,1888,3135
123000050,458,505,-47
123000051,21,68,-47
123000052,377,1024,-647
123000053,2047,1436,611
123000054,838,675,163
123000055,834,667,167
123000056,961,1417,-456
123000057,13700,2974,10726
123000058,337,331,6
123000059,177,330,-153
123000060,280,190,90
123000061,99,399,-300
123000063,282,321,-39
123000064,431,107,324
123000065,6323,2235,4088
123000066,998,486,512
123000067,234,447,-213
123000068,2466,2295,171
123000069,10152,2474,7678
123000070,125,541,-416
123000071,268,664,-396
123000072,595,1307,-712
123000073,296,486,-190
123000074,513,1826,-1313
123000075,153,403,-250
123000076,298,859,-561
123000077,1108,3056,-1948
123000078,441,1047,-606
123000079,432,1200,-768
123000080,1098,2118,-1020
123000081,125,650,-525
123000082,256,980,-724
123000083,265,53,212
123000084,101,439,-338
123000085,45,111,-66
123000086,84,405,-321
123000087,30,535,-505
123000088,476,1106,-630
123000089,127,577,-450
123000090,650,933,-283
123000091,1060,761,299
123000092,758,808,-50
123000094,192,131,61
123000095,118,334,-216
123000096,141,291,-150
123000097,156,1069,-913
123000098,176,333,-157
123000099,250,675,-425
123000100,385,309,76
123000101,510,232,278
123000102,231,332,-101
123000104,195,234,-39
123000105,358,361,-3
123000106,395,186,209
123000107,284,379,-95
123000108,856,998,-142
123000111,201,138,63
123000112,329,385,-56
123000113,315,1593,-1278
123000114,331,273,58
123000115,109,204,-95
123000116,20,107,-87
123000117,741,2002,-1261
123000118,219,1027,-808
123000119,151,928,-777
123000120,205,759,-554
123000121,239,521,-282
123000122,151,205,-54
123000123,278,480,-202
123000124,381,399,-18
123000125,402,350,52
123000126,1222,1024,198
123000127,1593,703,890
123000128,154,370,-216
123000129,36,22,14
123000130,69,12,57
123000131,165,204,-39
123000132,173,423,-250
123000133,168,270,-102
123000134,313,162,151
123000135,550,847,-297
123000136,113,1214,-1101
123000137,31,433,-402
123000138,22,490,-468
123000139,29,34,-5
123000140,83,638,-555
123000141,80,28,52
123000142,489,725,-236
123000143,757,2264,-1507
123000144,18,16,2
123000145,112,73,39
123000146,28,50,-22
123000147,30,70,-40
123000149,131,169,-38
123000150,123,124,-1
123000151,176,306,-130
123000152,69,266,-197
123000153,134,234,-100
123000154,1820,838,982
123000155,2272,529,1743
123000156,36,65,-29
123000157,294,681,-387
123000158,428,322,106
123000159,1674,918,756
123000160,328,178,150
123000161,597,307,290
123000162,244,502,-258
123000163,92,25,67
123000164,274,63,211
123000165,148,1830,-1682
123000166,15,124,-109
123000167,30,258,-228
123000168,90,383,-293
123000169,96,36,60
123000170,2,342,-340
123000171,9,34,-25
123000172,99,715,-616
123000173,90,33,57
123000174,115,52,63
123000175,711,1416,-705
123000176,372,48,324
123000177,273,923,-650
123000178,110,24,86
123000179,15,804,-789
123000180,651,148,503
123000181,186,1272,-1086
123000182,37,468,-431
123000183,98,71,27
123000184,55,908,-853
123000185,79,218,-139
123000186,6,571,-565
123000187,88,0,88
123000188,12,0,12
123000189,80,241,-161
123000190,12,65,-53
123000192,3,416,-413
123000193,19,502,-483
123000194,291,172,119
123000195,73,4,69
123000196,65,11,54
123000197,29,97,-68
123000198,6,187,-181
123000199,3,402,-399
123000200,48,4,44
123000201,239,8,231
123000202,29,1391,-1362
123000203,183,18,165
123000204,24,1273,-1249
123000205,189,2057,-1868
123000206,436,36,400
123000207,36,914,-878
123000208,60,40,20
123000209,443,103,340
123000210,281,1379,-1098
123000211,469,2839,-2370
123000212,501,129,372
123000213,102,21,81
123000215,54,38,16
123000216,97,138,-41
123000217,45,4,41
123000218,73,155,-82
123000219,250,15,235
123000220,139,4,135
123000221,57,72,-15
123000222,129,417,-288
123000223,68,367,-299
123000224,142,435,-293
123000225,38,73,-35
123000226,10,380,-370
123000227,32,358,-326
123000228,13,36,-23
123000229,671,1805,-1134
123000232,66,482,-416
123000233,130,28,102
123000234,73,531,-458
123000235,41,123,-82
123000236,90,940,-850
123000237,80,13,67
123000238,37,680,-643
123000239,278,2003,-1725
123000240,44,132,-88
123000241,408,38,370
123000242,38,196,-158
123000243,322,857,-535
123000244,530,298,232
123000245,24,137,-113
123000249,376,479,-103
123000252,193,57,136
123000253,151,94,57
123000254,221,1002,-781
123000255,307,353,-46
123000256,50,208,-158
123000257,2608,2016,592
123000258,583,1135,-552
123000259,85,274,-189
123000260,140,552,-412
123000261,32,305,-273
123000262,36,265,-229
123000263,144,84,60
123000264,110,35,75
123000265,41,139,-98
123000266,255,547,-292
123000267,90,102,-12
123000268,11,42,-31
123000269,11,16,-5
123000270,14,26,-12
123000271,27,59,-32
123000272,298,58,240
123000273,36,220,-184
123000274,240,137,103
123000275,151,878,-727
123000278,2663,1818,845
123000279,21,48,-27
123000280,95,292,-197
123000281,106,43,63
123000282,58,201,-143
123000283,18,31,-13
123000284,18,124,-106
123000286,227,144,83
123000287,403,165,238
123000288,131,128,3
123000289,165,160,5
123000291,239,710,-471
123000294,137,206,-69
123000295,352,454,-102
123000296,88,253,-165
123000297,125,612,-487
123000298,96,578,-482
123000299,4,113,-109
123000300,263,300,-37
123000301,16,99,-83
123000302,25,174,-149
123000303,23,66,-43
123000305,842,701,141
123000306,9,313,-304
123000309,30,65,-35
123000310,62,18,44
123000311,1,141,-140
123000312,501,878,-377
123000313,58,132,-74
123000315,30,271,-241
123000316,444,8,436
123000317,52,30,22
123000318,13,242,-229
123000329,45,31,14
123000337,35,216,-181
123000338,239,25,214
123000339,63,433,-370
123000340,90,296,-206
123000342,0,1,-1
123000343,0,0,0
123000344,558,292,266
123000345,174,419,-245
123000346,30,14,16
123000352,1861,683,1178
123000353,14,77,-63
123000354,59,13,46
123000355,0,294,-294
123000356,20,2,18
123000357,1,216,-215
123000359,1,195,-194
123000360,0,0,0
123000361,386,189,197
123000362,34,144,-110
123000363,7,213,-206
123000364,265,131,134
123000365,17,141,-124
123000366,158,544,-386
123000367,133,1037,-904
123000370,13,320,-307
123000371,17,1,16
123000372,30,2,28
123000373,0,325,-325
123000374,4,163,-159
123000375,73,8,65
123000376,261,299,-38
123000377,34,0,34
123000378,3,539,-536
123000379,1,175,-174
123000380,17,130,-113
123000381,23,0,23
123000382,234,9,225
123000383,83,414,-331
123000384,108,23,85
123000385,324,465,-141
123000436,54,721,-667
123000507,127,151,-24
123000508,156,189,-33
123000517,223,15,208
123000518,31,241,-210
123000519,99,53,46
123000520,51,209,-158
123000521,184,97,87
123000522,192,548,-356
123000541,0,0,0
123000542,0,31,-31
123000565,52,3,49
123000566,55,831,-776
123000567,84,244,-160
123000573,24,1219,-1195
123000574,104,16,88
123000575,431,1190,-759
123000576,163,2160,-1997
123000577,67,409,-342
123000578,283,42,241
123000579,2996,1177,1819
123000580,47,4,43
123000582,28,8,20
123000583,12,563,-551
123000584,49,119,-70
123000585,0,101,-101
123000586,0,0,0
123000596,118,94,24
123000597,23,53,-30
123000602,0,0,0
123000603,62,571,-509
123000604,151,1197,-1046
123000605,226,92,134
123000606,0,389,-389
123000609,10,369,-359
123000610,30,16,14
123000613,63,141,-78
123000614,55,8,47
123000615,56,215,-159
123000616,53,7,46
123000617,51,1107,-1056
123000618,27,819,-792
123000619,61,5,56
123000620,23,716,-693
123000622,83,7,76
123000624,36,6,30
123000630,178,264,-86
123000631,96,1816,-1720
123000632,748,1114,-366
123000633,1,113,-112
123000634,7,5,2
123000635,154,74,80
123000636,18,631,-613
123000637,66,93,-27
123000638,145,46,99
123000639,239,473,-234
123000640,3,1011,-1008
123900001,1197,92,1105
123900002,19,514,-495
123900003,159,363,-204
123900005,46,32,14
123900006,34,2,32
124000001,606,19,587
124000002,102,1365,-1263
124000003,113,33,80
124000004,28,654,-626
124000005,118,48,70
124000006,135,1394,-1259
124000007,126,20,106
124000008,9,279,-270
124000009,53,64,-11
124000010,43,452,-409
124000011,91,71,20
124000012,125,898,-773
124000017,0,0,0
124000018,68,122,-54
124000019,0,0,0
124000020,23,203,-180
124000021,0,0,0
124000022,83,232,-149
124000023,722,828,-106
124000024,738,529,209
124000025,701,702,-1
124000026,1018,882,136
124000027,3776,1431,2345
124000028,2652,2912,-260
124000030,2346,928,1418
124000031,185,157,28
124000032,5091,925,4166
124000033,51,32,19
124000034,1991,383,1608
124000035,6,11,-5
124000036,15,101,-86
124000037,84,77,7
124000038,18,11,7
124000039,492,99,393
124000040,305,300,5
124000041,105,23,82
124000042,51,251,-200
124000043,12,21,-9
124000044,9,295,-286
124000045,197,217,-20
124000046,83,661,-578
124000047,307,415,-108
124000048,232,1966,-1734
124000049,409,289,120
124000050,291,2270,-1979
124000051,179,214,-35
124000052,182,1375,-1193
124000053,186,334,-148
124000054,404,700,-296
124000055,515,542,-27
124000056,2969,1278,1691
124000057,251,188,63
124000058,258,1124,-866
124000059,168,252,-84
124000060,578,666,-88
124000061,702,1362,-660
124000062,4857,1328,3529
124000063,1120,1242,-122
124000064,1841,1686,155
124000065,14,70,-56
124000066,45,28,17
124000067,32,101,-69
124000068,0,17,-17
124000069,0,0,0
124000070,17,202,-185
124000071,34,33,1
124000072,95,596,-501
124000073,195,31,164
124000074,102,945,-843
124000075,0,0,0
124000076,2,267,-265
124000077,994,292,702
124000078,1732,136,1596
124000079,436,553,-117
124000080,39,72,-33
124000081,50,710,-660
124000082,7,14,-7
124000083,17,137,-120
124000084,0,43,-43
124000085,34,23,11
124000086,16,34,-18
124000087,39,15,24
124000088,58,124,-66
124000089,172,192,-20
124000090,16,383,-367
124000091,30,58,-28
124000092,28,466,-438
124000093,58,31,27
124000094,26,295,-269
124000095,28,62,-34
124000096,56,349,-293
124000097,37,69,-32
124000098,31,115,-84
124000099,12,32,-20
124000100,22,100,-78
124000101,13,103,-90
124000102,51,69,-18
124000103,31,54,-23
124000104,25,74,-49
124000105,11,30,-19
124000106,29,88,-59
124000107,4,51,-47
124000108,30,44,-14
124000109,50,43,7
124000110,59,84,-25
124000111,72,151,-79
124000112,240,668,-428
124000113,21,44,-23
124000114,101,595,-494
124000115,213,715,-502
124000116,34,49,-15
124000117,66,52,14
124000118,18,50,-32
124000119,366,472,-106
124000120,82,251,-169
124000121,892,283,609
124000122,386,682,-296
124000123,476,259,217
124000124,217,612,-395
124000125,166,223,-57
124000126,226,450,-224
124000127,304,252,52
124000128,304,987,-683
124000129,992,870,122
124000130,609,523,86
124000131,588,310,278
124000132,669,720,-51
124000133,291,409,-118
124000134,430,666,-236
124000135,934,784,150
124000136,734,789,-55
124000137,627,293,334
124000138,1005,783,222
124000139,116,19,97
124000140,15,320,-305
124000141,6,3,3
124000142,1,94,-93
124000143,12,4,8
124000144,7,54,-47
124000145,24,16,8
124000146,6,138,-132
124000148,43,7,36
124000149,382,189,193
124000150,214,419,-205
124000151,292,127,165
124000152,351,816,-465
124000153,214,142,72
124000154,219,713,-494
124000155,429,264,165
124000156,783,736,47
124000169,51,97,-46
124000170,411,317,94
124000171,52,106,-54
124000172,256,499,-243
124000173,54,163,-109
124000174,107,673,-566
124000175,6,146,-140
124000176,0,0,0
124000177,20,39,-19
124000178,0,0,0
124000190,35,7,28
124000191,95,11,84
124000192,205,60,145
124000193,143,1030,-887
124000194,193,551,-358
124000195,82,274,-192
124000196,400,1051,-651
124000197,34,34,0
124000198,11,18,-7
124000201,63,881,-818
124000202,2,63,-61
124000203,55,979,-924
124000204,4,421,-417
124000205,34,648,-614
124000206,19,246,-227
124000207,0,88,-88
124000209,97,613,-516
124000210,52,160,-108
124000211,45,0,45
124000212,2,587,-585
124000213,53,368,-315
124000214,11,650,-639
124000215,0,0,0
124000216,9,571,-562
124000329,39,2133,-2094
124000338,16,1119,-1103
124000339,102,15,87
124000341,153,21,132
124000344,45,32,13
124000357,320,357,-37
124000358,485,372,113
124000359,412,182,230
124000360,184,129,55
124000361,359,200,159
124000362,1091,1746,-655
124000363,205,590,-385
124000364,437,1272,-835
124000365,664,1226,-562
124000366,1608,978,630
124000367,75,491,-416
124000368,45,41,4
124000369,21,18,3
124000370,34,415,-381
124000402,2,5,-3
124000403,22,3,19
124000404,6,104,-98
124000405,685,371,314
124000406,620,764,-144
124000407,0,19,-19
124000411,2,411,-409
124000412,48,10,38
124000413,40,44,-4
124000414,25,98,-73
124000415,39,185,-146
124000416,38,258,-220
124000417,68,53,15
124000418,16,115,-99
124000419,21,156,-135
124000420,6,76,-70
124000421,8,285,-277
124000422,9,4,5
124000423,41,17,24
124000424,1,98,-97
124000425,13,2,11
124000426,6,52,-46
124000427,16,7,9
124000428,4,9,-5
124000429,9,100,-91
124000430,254,612,-358
124000431,81,775,-694
124000432,109,768,-659
124000439,2,1,1
124000442,14,176,-162
124000443,1,3,-2
124000445,63,55,8
124000446,1052,34,1018
124900001,84,123,-39
124900002,37,342,-305
124900003,158,322,-164
124900004,90,156,-66
124900005,108,196,-88
124900006,139,175,-36
124900008,560,212,348
124900009,9,36,-27
124900010,26,10,16
124900011,61,59,2
124900012,90,31,59
124900013,119,25,94
124900014,41,34,7
124900015,33,29,4
124900016,3,13,-10
124900017,263,61,202
124900018,3,0,3
124900020,18,7,11
124900021,12,1,11
124900022,6,0,6
124900024,6,1,5
124900026,6,4,2
124900027,22,68,-46
124900028,461,115,346
124900029,15,142,-127
124900030,3,134,-131
124900031,16,328,-312
124900032,169,88,81
124900033,69,323,-254
124900034,5,87,-82
124900035,80,369,-289
124900036,0,20,-20
124900037,58,210,-152
124900038,271,219,52
124900039,0,13,-13
124900040,25,84,-59
124900041,96,1040,-944
124900042,7,4,3
124900043,236,780,-544
124900044,5,3,2
124900045,472,407,65
124900046,1256,162,1094
124900047,37,127,-90
124900048,53,86,-33
124900050,77,157,-80
124900052,34,382,-348
124900053,12,388,-376
124900054,2375,203,2172
124900055,2,83,-81
124900057,2,69,-67
124900060,37,149,-112
124900061,9,2,7
124900062,9,3,6
124900066,0,22,-22
124900067,2,103,-101
124900068,127,116,11
124900070,2,1,1
124900072,18,2,16
124900074,52,141,-89
124900075,29,109,-80
124900076,16,144,-128
124900077,10,74,-64
124900078,6,7,-1
124900079,301,15,286
124900080,68,578,-510
124900081,173,82,91
124900082,160,668,-508
124900083,78,379,-301
124900084,2012,66,1946
124900085,943,78,865
124900086,10,247,-237
124900087,277,27,250
124900088,481,54,427
124900089,811,13,798
124900090,41,77,-36
124900091,69,469,-400
124900092,70,339,-269
124900093,27,53,-26
124900094,25,74,-49
124900095,22,105,-83
124900096,168,43,125
124900097,60,34,26
124900098,49,233,-184
124900099,324,194,130
124900100,52,13,39
124900101,4,36,-32
124900102,21,3,18
124900103,20,220,-200
124900104,8,160,-152
124900105,15,135,-120
124900106,24,7,17
124900107,17,7,10
124900108,54,9,45
124900109,4,58,-54
124900110,35,424,-389
124900111,0,25,-25
124900112,34,700,-666
124900113,3,60,-57
124900114,15,30,-15
124900115,3,2,1
124900116,35,80,-45
124900117,372,51,321
124900118,43,9,34
124900119,92,38,54
124900120,5,318,-313
124900121,36,42,-6
124900122,445,125,320
124900123,158,18,140
124900124,68,79,-11
129000186,22,6,16
204000001,1,0,1
204000002,1,1,0
204000003,1,0,1
204000004,0,0,0
204000005,134,94,40
204000006,268,237,31
204000011,11,76,-65
204000012,1,145,-144
204000013,0,46,-46
204000019,229,295,-66
204000020,199,416,-217
204000021,1146,459,687
204000022,152,267,-115
204000023,255,1062,-807
204000031,5,9,-4
204000032,200,14,186
204000034,45,513,-468
204000035,0,12,-12
204000036,19,36,-17
204000037,0,10,-10
204000038,1,12,-11
204000039,3,75,-72
204000040,4,41,-37
204000041,7,78,-71
204000042,3,0,3
204000043,7,2,5
204000044,1,0,1
204000045,2,2,0
204000046,0,0,0
204000057,6,124,-118
204000062,5,28,-23
204000068,31,177,-146
204000069,7,93,-86
204000070,30,57,-27
204000080,43,42,1
204000085,669,1181,-512
204000086,1978,1374,604
204000087,41,34,7
204000088,17,69,-52
204000090,25,572,-547
204000093,23,6,17
204000096,194,163,31
204000097,20,0,20
204000099,353,353,0
204000100,247,279,-32
204000105,1007,1246,-239
204000110,545,1130,-585
204000111,252,682,-430
204000112,443,949,-506
204000113,195,682,-487
204000114,179,181,-2
204000115,134,183,-49
204000116,415,292,123
204000119,359,392,-33
204000132,245,113,132
204000133,237,126,111
204000134,210,85,125
204000135,163,39,124
204000136,63,112,-49
204000138,148,211,-63
204000140,77,99,-22
204000141,60,63,-3
204000144,0,9,-9
204000145,59,7,52
204000146,55,527,-472
204000147,15,148,-133
204000148,234,3,231
204000154,0,0,0
204000155,0,13,-13
204000177,20,12,8
204000179,0,0,0
204000180,0,62,-62
204000222,0,17,-17
204000235,31,26,5
204000236,22,317,-295
204000238,4,6,-2
204000240,84,59,25
204000263,230,1004,-774
204000268,354,176,178
204000308,19,1,18
204000317,19,73,-54
204000322,14,19,-5
204000323,5,1,4
204000328,15,4,11
204000329,88,139,-51
204000330,16,1,15
204000331,63,152,-89
204010341,20,204,-184
205000001,964,1113,-149
205000013,5,131,-126
205000014,22,169,-147
205000015,37,322,-285
205000016,14,219,-205
205000017,101,102,-1
205000022,206,555,-349
205000025,1970,806,1164
205000029,73,9,64
205000045,26,130,-104
205000046,25,376,-351
205000047,45,425,-380
205000048,55,671,-616
205000049,64,518,-454
205000050,930,212,718
205000059,3,338,-335
205000060,0,54,-54
205000061,1,26,-25
205000062,0,50,-50
205000063,11,47,-36
205000064,17,134,-117
205000065,57,826,-769
205000066,59,1037,-978
205000067,71,1267,-1196
205000069,240,49,191
205000082,16,18,-2
205000110,18,161,-143
205000111,87,183,-96
205000112,6,21,-15
205000113,263,126,137
205000121,3,3,0
205000123,104,183,-79
205000126,0,0,0
205000127,0,0,0
205000128,0,0,0
205000129,0,0,0
205000130,0,0,0
205000131,0,0,0
205000132,0,0,0
205000133,0,0,0
205000134,0,0,0
205000137,161,115,46
205000138,214,229,-15
205000139,20,50,-30
205000144,3,3,0
205000145,50,12,38
205000151,0,0,0
205000152,0,0,0
205000153,0,0,0
205000154,0,0,0
205000155,0,0,0
205000207,110,135,-25
205000233,0,2,-2
205000234,0,0,0
205000243,0,0,0
205000244,0,5,-5
205000245,27,360,-333
205000249,1,35,-34
205000250,0,0,0
205000264,17,112,-95
206000027,0,0,0
206000028,0,0,0
206000043,23,221,-198
206000053,32,15,17
206000054,26,48,-22
206000055,8,113,-105
206000075,4,8,-4
206000076,20,21,-1
206000077,25,15,10
206000078,6,11,-5
206000079,22,12,10
206000082,303,29,274
206000100,73,847,-774
206000103,9,32,-23
206000104,13,31,-18
206000105,10,41,-31
206000106,15,54,-39
206000108,465,40,425
206000125,13,0,13
206000157,327,1028,-701
206000170,4,575,-571
206000171,11,373,-362
206000172,16,1614,-1598
206000173,3,386,-383
206000174,13,315,-302
206000175,4,430,-426
206000176,31,792,-761
206000177,4,448,-444
206000178,3,285,-282
206000179,13,196,-183
206000180,71,367,-296
206000181,24,518,-494
206000182,74,502,-428
206000183,60,1424,-1364
206000184,8,811,-803
206000185,20,632,-612
206000186,207,2582,-2375
206000223,6,459,-453
206000226,0,0,0
206000227,0,0,0
206000237,73,652,-579
206000238,110,941,-831
206000239,1036,3062,-2026
206000240,0,75,-75
206000241,1,272,-271
206000242,19,896,-877
206000243,13,748,-735
206000244,69,1635,-1566
206000245,167,18,149
206000246,20,10,10
206000247,46,3,43
206000248,61,11,50
206000252,53,33,20
206000258,22,53,-31
206000315,28,9,19
206000317,93,29,64
206000318,55,25,30
206000319,160,35,125
206000320,31,21,10
206000321,41,10,31
206000322,97,18,79
206000323,63,25,38
206000324,24,1,23
206000325,44,7,37
206000326,77,11,66
206000327,39,7,32
206000328,33,4,29
206000329,81,7,74
206000330,24,7,17
206000331,30,6,24
206000332,6,3,3
206000333,107,5,102
206000334,51,0,51
206000335,0,40,-40
206000361,10,385,-375
206000392,10,90,-80
206000405,82,1,81
206000441,0,0,0
206000498,15,6,9
206000515,356,55,301
206000530,24,10,14
206000531,33,18,15
206000532,403,30,373
206000535,477,2259,-1782
206000536,25,344,-319
206000537,9,192,-183
206000613,348,30,318
207000001,94,326,-232
207000002,38,297,-259
207000003,64,256,-192
207000007,162,50,112
207000008,28,13,15
207000009,54,49,5
207000010,372,605,-233
207000012,21,40,-19
207000015,390,1901,-1511
207000019,137,55,82
207000021,302,123,179
207000022,44,58,-14
207000023,48,60,-12
207000024,3,11,-8
207000025,6,58,-52
207000026,99,91,8
207000027,5,107,-102
207000028,24,280,-256
207000029,208,471,-263
207000033,191,207,-16
207000034,104,37,67
207000039,0,1,-1
207000040,3,0,3
207000041,0,0,0
207000042,0,0,0
207000043,0,0,0
207000051,51,429,-378
207000052,5,251,-246
207000053,310,787,-477
207000054,14,145,-131
207000055,60,235,-175
207000056,149,491,-342
207000057,102,294,-192
207000058,54,478,-424
207000059,37,860,-823
207000060,33,282,-249
207000061,43,75,-32
207000062,68,30,38
207000063,88,139,-51
207000064,284,190,94
207000065,171,191,-20
207000066,65,186,-121
207000067,24,112,-88
207000068,45,70,-25
207000069,567,417,150
207000082,24,485,-461
207000083,71,487,-416
207000084,38,43,-5
207000085,97,10,87
207000086,65,12,53
207000106,0,0,0
207000107,0,0,0
207000108,0,0,0
207000109,0,0,0
207000110,0,0,0
207000111,0,0,0
207000112,0,0,0
207000114,31,28,3
207000115,17,78,-61
207000116,24,208,-184
207000117,5,141,-136
207000118,0,133,-133
207000119,12,165,-153
207000123,0,0,0
207000124,0,0,0
207000125,0,0,0
207000126,0,0,0
207000134,12,318,-306
207000135,32,307,-275
207000148,0,0,0
207000149,68,65,3
207000152,106,366,-260
207000153,1131,791,340
207000154,257,82,175
207000159,49,281,-232
207000160,70,879,-809
207000238,0,82,-82
207000242,2,140,-138
207000248,17,22,-5
207000249,96,76,20
207000250,433,86,347
207000251,86,69,17
207000252,30,66,-36
207000278,1,7,-6
207000279,15,275,-260
207000280,60,27,33
207000281,63,1207,-1144
207000282,23,6,17
207000283,41,196,-155
207000284,10,25,-15
207000285,124,29,95
207000291,10,124,-114
207000304,86,77,9
207000306,17,455,-438
207000310,0,0,0
207000353,0,0,0
207000356,3,26,-23
207000357,0,2,-2
207000358,0,4,-4
207000415,3,137,-134
207000417,0,0,0
207000418,93,143,-50
207000438,0,2,-2
207000439,1420,314,1106
207000446,0,0,0
207000460,6,24,-18
207000466,86,200,-114
207000467,0,1,-1
207000468,15,563,-548
207000476,2,55,-53
207000477,85,78,7
207000478,4,20,-16
207000523,0,9,-9
207000524,37,24,13
207000527,68,120,-52
207000530,0,0,0
207000531,0,0,0
207000532,0,0,0
207000534,0,0,0
207000535,75,162,-87
207000537,34,78,-44
207000540,7,199,-192
207000541,4,270,-266
207000548,10,267,-257
207000549,0,0,0
207000561,0,0,0
207000562,14,142,-128
207000567,126,278,-152
207000568,26,98,-72
207000569,112,1198,-1086
207000584,330,111,219
207000585,0,0,0
207000616,0,219,-219
207000617,4,0,4
207900008,52,276,-224
208000001,131,176,-45
208000002,90,138,-48
208000003,293,183,110
208000004,271,165,106
208000005,0,34,-34
208000019,52,264,-212
208000020,18,139,-121
208000021,51,427,-376
208000022,359,581,-222
208000028,896,672,224
208000033,193,519,-326
208000034,673,1074,-401
208000040,12,53,-41
208000041,148,182,-34
208000042,106,180,-74
208000047,50,276,-226
208000064,786,218,568
208000066,353,139,214
208000070,68,238,-170
208000071,87,372,-285
208000072,116,467,-351
208000080,66,87,-21
208000081,41,68,-27
208000082,84,212,-128
208000083,81,311,-230
208000084,2,9,-7
208000085,462,519,-57
208000086,183,812,-629
208000087,89,529,-440
208000089,351,470,-119
208000090,291,926,-635
208000093,74,109,-35
208000094,256,479,-223
208000095,552,332,220
208000104,210,266,-56
208000105,174,270,-96
208000114,0,0,0
208000115,92,252,-160
208000116,69,481,-412
208000117,14,73,-59
208000118,22,61,-39
208000155,241,687,-446
208000158,1434,1770,-336
208000186,1014,281,733
208000204,210,668,-458
208000205,495,1022,-527
208000282,3303,743,2560
209000004,49,126,-77
209000005,14,10,4
209000006,135,107,28
209000007,136,137,-1
209000010,265,118,147
209000011,82,165,-83
209000012,82,217,-135
209000013,97,809,-712
209000014,472,1904,-1432
209000025,82,30,52
209000026,328,54,274
209000027,174,1290,-1116
209000028,261,1500,-1239
209000029,331,1205,-874
209000030,296,1952,-1656
209000031,4021,2507,1514
209000034,154,180,-26
209000035,76,137,-61
209000036,77,113,-36
209000037,93,181,-88
209000038,61,132,-71
209000039,36,107,-71
209000040,265,608,-343
209000041,187,455,-268
209000042,236,472,-236
209000043,404,492,-88
209000044,359,438,-79
209000045,113,190,-77
209000046,37,227,-190
209000047,34,116,-82
209000048,28,124,-96
209000049,72,134,-62
209000050,91,189,-98
209000051,94,296,-202
209000052,55,271,-216
209000062,17,177,-160
209000063,25,119,-94
209000064,14,177,-163
209000065,18,46,-28
209000066,17,73,-56
209000067,20,42,-22
209000080,11,154,-143
209000082,57,35,22
209000091,13,64,-51
209000093,58,43,15
209000094,159,109,50
209000110,23,53,-30
209000111,264,521,-257
209000112,194,209,-15
209000113,358,211,147
209000114,133,160,-27
209000115,42,147,-105
209000116,613,593,20
209000118,7,31,-24
209000119,15,13,2
209000121,75,687,-612
209000135,53,51,2
209000142,645,361,284
209000143,30,56,-26
209000144,11,36,-25
209000229,24,131,-107
209000240,17,371,-354
209000259,53,133,-80
209000260,39,1024,-985
209000261,1,560,-559
209000262,0,532,-532
209000263,0,92,-92
209000264,1,29,-28
209000265,0,0,0
209000266,0,0,0
209000267,0,0,0
209000268,0,0,0
210000037,37,10,27
210000047,5,6,-1
210000048,9,6,3
210000049,5,3,2
210000052,17,198,-181
210000053,11,78,-67
210000054,38,84,-46
210000070,26,0,26
210000071,1,0,1
210000072,1,0,1
210000073,0,22,-22
210000074,0,81,-81
210000075,1,44,-43
210000076,5,158,-153
210000077,15,31,-16
210000078,20,19,1
210000079,3,5,-2
210000080,11,25,-14
210000081,27,1,26
210000082,3,1,2
210000083,37,0,37
210000084,20,0,20
210000085,0,69,-69
210000086,2,114,-112
210000099,33,220,-187
210000100,23,242,-219
210000101,89,190,-101
210000105,49,102,-53
210000159,0,96,-96
210000163,232,212,20
210000164,152,35,117
210000168,94,11,83
210000187,0,6,-6
210000188,2,20,-18
210000214,0,1,-1
210000219,7,12,-5
210000220,19,21,-2
210000232,2,29,-27
210000233,4,43,-39
210000234,37,120,-83
210000235,13,162,-149
210000245,0,25,-25
210000246,5,2,3
210000258,12,150,-138
210000259,35,6,29
210000282,36,219,-183
210000285,0,79,-79
210000286,9,152,-143
210000290,0,0,0
210000295,25,113,-88
210000296,30,51,-21
210000320,42,25,17
210000321,8,33,-25
210000338,18,117,-99
210000339,613,583,30
210000340,78,185,-107
210000341,70,157,-87
210000342,79,106,-27
210000343,83,158,-75
210000344,80,81,-1
210000345,102,57,45
210000346,15,38,-23
210000347,3,15,-12
210000348,27,4,23
210000349,9,11,-2
210000350,42,47,-5
210000351,34,68,-34
210000352,28,80,-52
210000353,24,107,-83
210000354,60,97,-37
210000355,20,88,-68
210000356,6,72,-66
210000357,15,12,3
210000358,252,86,166
210000359,32,40,-8
210000360,98,65,33
210000361,44,85,-41
210000362,103,71,32
210000363,534,43,491
210000364,50,27,23
210000365,19,18,1
210000366,32,8,24
210000367,20,6,14
210000368,32,3,29
210000369,8,13,-5
210000370,11,25,-14
210000372,5,23,-18
210000373,5,6,-1
210000374,5,4,1
210000375,15,87,-72
210000376,23,110,-87
210000404,114,130,-16
210000439,0,8,-8
210000472,34,0,34
210000482,51,31,20
210000564,445,63,382
210000567,1,2,-1
210000568,90,0,90
211000092,9,47,-38
211000094,1,1,0
211000169,61,5,56
211000172,2,122,-120
211000209,1,5,-4
211000226,0,4,-4
211000270,5,1,4
211000275,5,16,-11
211000276,25,19,6
211000279,4,41,-37
211000281,15,48,-33
211507980,0,11,-11
211977296,1,0,1
212000003,31,29,2
212000004,7,19,-12
212000005,2,18,-16
212000006,14,78,-64
212000008,52,236,-184
212000009,5,167,-162
212000012,14,76,-62
212000013,4,63,-59
212000014,168,189,-21
212000015,128,213,-85
212000016,283,501,-218
212000027,294,308,-14
212000028,118,208,-90
212000029,86,146,-60
212000030,17,37,-20
212000031,28,64,-36
212000048,23,89,-66
212000049,10,41,-31
212000050,20,9,11
212000051,101,192,-91
212000052,97,410,-313
212000053,267,653,-386
212000054,57,134,-77
212000055,93,204,-111
212000056,2,38,-36
212000057,1,10,-9
212000058,149,19,130
212000070,75,338,-263
212000077,81,667,-586
212000099,132,145,-13
212000108,44,102,-58
212000111,52,84,-32
212000120,73,130,-57
212000138,40,18,22
212000156,5,109,-104
212000158,6,9,-3
212000159,133,54,79
212000160,205,155,50
212000161,6,5,1
212000310,21,21,0
212000311,1,31,-30
212000374,23,22,1
213000001,11,626,-615
213000005,120,24,96
213000006,288,23,265
213000007,6,0,6
213000009,78,25,53
213000010,23,40,-17
213000011,30,17,13
213000012,48,283,-235
213000014,16,2,14
213000015,11,0,11
213000016,26,0,26
213000017,3,0,3
213000018,2,206,-204
213000019,2,133,-131
213000020,68,257,-189
213000021,5,86,-81
213000023,0,0,0
213000033,117,435,-318
213000034,125,110,15
213000035,22,21,1
213000045,71,220,-149
213000046,62,145,-83
213000047,370,407,-37
213000056,8,4,4
213000069,5,0,5
213000073,0,10,-10
213000074,118,476,-358
213000075,73,1,72
213000076,0,0,0
213000085,1,41,-40
213000086,23,158,-135
213000091,0,0,0
213000092,0,0,0
213000099,90,574,-484
213000100,168,9,159
213000101,6,123,-117
213000102,10,431,-421
213000103,123,534,-411
213000104,29,428,-399
213000105,0,27,-27
213000106,4,238,-234
213000107,62,819,-757
213000108,14,567,-553
213000109,2,206,-204
213000110,3,44,-41
213000111,1,52,-51
213000112,96,122,-26
213000115,0,0,0
213000116,46,584,-538
213000117,3,743,-740
213000118,105,209,-104
213000119,36,652,-616
213000120,32,620,-588
213000122,97,663,-566
213000123,506,1009,-503
213000124,43,1500,-1457
213000125,0,0,0
213000126,53,100,-47
213000127,127,102,25
213000128,773,330,443
213000129,0,0,0
213000130,26,8,18
213000132,9,3,6
213000133,11,3,8
213000134,64,6,58
213000136,38,3,35
213000137,129,9,120
213000139,31,0,31
213000147,2,0,2
213000148,2,1,1
213000149,0,0,0
213000150,0,47,-47
213000151,0,62,-62
213000152,0,66,-66
213000153,0,41,-41
213000154,15,186,-171
213000155,20,358,-338
213000156,37,447,-410
213000157,404,506,-102
213000158,169,669,-500
213000159,119,199,-80
213000163,62,31,31
213000165,181,9,172
213000171,1,154,-153
213000172,2,314,-312
213000173,2,365,-363
213000174,1,316,-315
213000175,0,186,-186
213000176,0,0,0
213000177,0,0,0
213000178,0,0,0
213000179,0,0,0
213000180,0,0,0
213000184,64,382,-318
213000188,57,16,41
213000189,90,8,82
213000190,232,454,-222
213000191,40,425,-385
213000192,41,443,-402
213000193,1198,129,1069
213000194,0,20,-20
213000195,4,303,-299
213000196,64,599,-535
213000197,83,24,59
213000198,4,1,3
213000200,72,983,-911
213000201,83,53,30
213000202,11,578,-567
213000203,784,77,707
213000204,103,3,100
213000205,49,7,42
213000206,45,10,35
213000207,7,1,6
213000208,1,0,1
213000209,11,0,11
213000210,10,1,9
213000211,0,2,-2
213000212,4,23,-19
213000213,1,39,-38
213000218,67,688,-621
213000219,74,1,73
213000220,78,0,78
213000223,59,19,40
213000224,1,4,-3
213000225,16,1,15
213000226,6,2,4
213000227,112,18,94
213000228,28,10,18
213000229,53,7,46
213000230,20,0,20
213000232,27,275,-248
213000233,4,24,-20
213000234,2,17,-15
213000293,2,37,-35
213000294,4,1,3
213000295,4,38,-34
213000296,29,1,28
213000297,2,54,-52
213000298,8,63,-55
213000299,16,10,6
213000300,1,0,1
213000303,1,31,-30
213000304,1,1,0
213000305,0,2,-2
213000306,32,21,11
213000307,29,35,-6
213000308,57,213,-156
213000309,39,18,21
213000310,76,6,70
213000311,182,585,-403
213000315,33,113,-80
213000316,19,22,-3
213000322,16,138,-122
213000323,13,56,-43
213000324,17,80,-63
213000325,6,91,-85
213000326,30,48,-18
213000327,4,106,-102
213000328,5,65,-60
213000329,21,53,-32
213000340,58,761,-703
213000341,19,4,15
213000347,225,19,206
213000348,5,130,-125
213000349,0,4,-4
213000350,101,1359,-1258
213000366,21,251,-230
213000367,33,7,26
213000379,45,125,-80
213000386,0,165,-165
213000406,35,265,-230
213000417,258,128,130
213000425,38,17,21
213000426,28,74,-46
213000427,16,444,-428
213000428,3,204,-201
213000429,4,0,4
213000430,20,761,-741
213000431,53,1,52
213000432,0,6,-6
213000433,1,119,-118
213000434,26,34,-8
213000435,21,50,-29
213000436,4,57,-53
213000437,2,51,-49
213000438,36,83,-47
213000439,5,3,2
213000440,7,148,-141
213000441,0,0,0
213000442,2,34,-32
213000443,164,150,14
213000444,18,75,-57
213000445,0,101,-101
213000446,0,2,-2
213000447,0,11,-11
213000448,0,31,-31
213000449,26,1,25
213000450,27,9,18
213000451,15,25,-10
213000452,2,2,0
213000453,13,228,-215
213000455,21,0,21
213000456,0,58,-58
213000481,32,20,12
213000484,27,1,26
213000489,221,10,211
213900002,0,25,-25
213900003,19,6,13
213900013,1,173,-172
213900015,0,19,-19
213900016,0,12,-12
213900020,6,168,-162
213900030,0,53,-53
213900032,37,6,31
213900033,5,6,-1
213900034,13,4,9
213900035,63,758,-695
213900036,75,279,-204
213900037,12,317,-305
213900038,9,0,9
213900039,0,150,-150
213900041,1,35,-34
213900042,36,13,23
213900043,6,8,-2
213900244,0,0,0
213900245,1,39,-38
218000003,11,9,2
218000004,15,13,2
218000005,4,8,-4
218000006,18,41,-23
218000007,8,9,-1
218000012,238,59,179
218000013,45,126,-81
218000014,409,222,187
218000019,678,302,376
218000020,197,304,-107
218000021,34,131,-97
218000022,5,85,-80
218000023,2,59,-57
218000024,1,24,-23
218000025,11,64,-53
218000026,15,111,-96
218000027,0,39,-39
218000028,3,9,-6
218000029,2,4,-2
218000030,19,72,-53
218000031,4,98,-94
218000032,2,91,-89
218000040,3,6,-3
218000046,20,175,-155
218000047,8,268,-260
218000048,17,314,-297
218000049,68,246,-178
218000050,220,488,-268
218000051,46,579,-533
218000052,1,83,-82
218000053,0,22,-22
218000054,19,51,-32
218000055,1,17,-16
218000056,13,27,-14
218000057,0,38,-38
218000064,1,1,0
218000065,44,29,15
218000066,9,53,-44
218000067,22,81,-59
218000068,35,79,-44
218000069,61,197,-136
218000070,90,261,-171
218000071,145,210,-65
218000072,339,248,91
218000078,268,1207,-939
218000079,38,46,-8
218000080,34,59,-25
218000081,179,181,-2
218000082,5,105,-100
218000083,8,83,-75
218000084,62,237,-175
218000085,114,549,-435
218000086,17,271,-254
218000087,145,277,-132
218000090,6,43,-37
218000091,374,171,203
218000092,50,138,-88
218000093,37,101,-64
218000094,284,752,-468
218000099,283,299,-16
218000100,149,220,-71
218000101,133,125,8
218000102,110,253,-143
218000103,30,143,-113
218000104,38,47,-9
218000105,8,3,5
218000106,11,16,-5
218000107,25,97,-72
218000108,3,51,-48
218000112,38,10,28
218000117,26,65,-39
218000134,379,800,-421
218000135,8,68,-60
218000136,74,56,18
218000137,41,224,-183
218000138,6,116,-110
218000139,43,296,-253
218000140,58,96,-38
218000141,26,41,-15
218000142,55,143,-88
218000143,7,128,-121
218000144,7,61,-54
218000145,121,323,-202
218000146,30,131,-101
218000151,6,32,-26
218000152,57,128,-71
218000153,0,9,-9
218000154,4,3,1
218000155,6,2,4
218000156,57,31,26
218000157,6,17,-11
218000158,0,16,-16
218000159,7,4,3
218000160,1,1,0
218000161,24,19,5
218000162,32,26,6
218000163,5,4,1
218000164,32,25,7
218000165,65,59,6
218000170,3,41,-38
218000171,34,11,23
218000172,11,15,-4
218000173,60,40,20
218000174,4,10,-6
218000176,115,32,83
218000177,437,123,314
218000178,139,91,48
218000179,111,27,84
218000180,90,6,84
218000181,183,8,175
218000187,0,12,-12
218000188,19,37,-18
218000189,3,60,-57
218000190,1,28,-27
218000191,22,84,-62
218000192,44,647,-603
218000193,249,515,-266
218000194,43,487,-444
218000195,70,94,-24
218000196,175,245,-70
218000197,175,322,-147
218000198,4,105,-101
218000199,35,25,10
218000200,3,32,-29
218000201,3,27,-24
218000202,148,131,17
218000207,7,39,-32
218000208,14,38,-24
218000211,17,25,-8
218000212,2,11,-9
218000213,111,58,53
218000214,7,22,-15
218000215,57,199,-142
218000217,5,132,-127
218000218,616,94,522
218000219,3,14,-11
218000220,43,230,-187
218000221,165,82,83
218000222,31,25,6
218000223,82,345,-263
218000224,2,95,-93
218000225,194,24,170
218000226,83,90,-7
218000230,0,1,-1
218000232,36,30,6
218000239,0,0,0
218000240,0,0,0
218000241,0,0,0
218000242,0,0,0
218000243,0,0,0
218000244,0,0,0
218000245,0,0,0
218000246,0,0,0
218000247,0,0,0
218000248,0,41,-41
218000249,1,0,1
218000250,0,19,-19
218000251,0,11,-11
218000252,1,13,-12
218000253,0,8,-8
218000254,0,12,-12
218000255,0,8,-8
218000256,2,57,-55
218000267,550,821,-271
218000268,3,55,-52
218000269,5,16,-11
218000270,13,53,-40
218000271,22,54,-32
218000273,4,1,3
218000274,7,1,6
218000275,9,21,-12
218000276,3,53,-50
218000278,13,25,-12
218000279,11,34,-23
218000280,1,17,-16
218000281,3,11,-8
218000282,124,66,58
218000284,38,1,37
218000301,15,131,-116
218000302,31,35,-4
218000303,6,30,-24
218000316,485,922,-437
218000317,490,1045,-555
218000318,199,896,-697
218000319,457,1522,-1065
218000320,380,723,-343
218000338,9,24,-15
218000345,64,58,6
218000346,2,40,-38
218000459,78,489,-411
218000490,2,40,-38
218000501,29,14,15
218000502,8,116,-108
218000503,29,12,17
218000504,68,6,62
218000505,26,181,-155
218000506,38,115,-77
218000508,1,3,-2
218000510,126,17,109
218000520,51,79,-28
218000521,0,46,-46
218000522,1,108,-107
218000523,4,0,4
218000524,33,60,-27
218000525,8,7,1
218000526,20,96,-76
218000529,13,219,-206
218000530,6,12,-6
218000531,8,19,-11
218000532,5,30,-25
218000534,13,1,12
218000537,0,7,-7
218000538,59,196,-137
218000540,364,95,269
218000543,59,36,23
218000544,33,139,-106
218000545,19,49,-30
218000546,17,133,-116
218000547,26,99,-73
218000548,46,274,-228
218000549,224,62,162
218000550,247,748,-501
218000551,137,168,-31
218000552,175,28,147
218000553,8,59,-51
218000554,21,19,2
218000555,11,28,-17
218000556,70,488,-418
218000557,144,72,72
218000558,0,0,0
218000559,0,11,-11
218000560,0,8,-8
218000561,0,0,0
218000562,16,192,-176
218000563,25,22,3
218000564,5,123,-118
218000565,10,13,-3
218000566,56,10,46
218000567,2,52,-50
218000568,0,0,0
218000569,5,66,-61
218000570,7,3,4
218000571,0,83,-83
218000572,0,0,0
218000573,1,22,-21
218000574,0,49,-49
218000575,0,0,0
218000576,0,43,-43
218000577,0,0,0
218000578,2,85,-83
218000579,74,4,70
218000581,1,72,-71
218000582,4,3,1
218000583,7,0,7
218000584,0,20,-20
218000585,7,4,3
218000586,10,29,-19
218000587,1,0,1
218000588,0,3,-3
218000589,0,0,0
218000590,0,0,0
218000591,0,16,-16
218000592,0,0,0
218000593,1,0,1
218000594,1,1,0
218000595,0,0,0
218000596,1,0,1
218000597,0,0,0
218000598,0,0,0
218000599,1,0,1
218000600,0,1,-1
218000601,0,0,0
218000602,0,4,-4
218000603,0,3,-3
218000604,2,0,2
218000605,0,22,-22
218000606,5,0,5
218000607,5,28,-23
218000608,3,8,-5
218000609,2,48,-46
218000610,6,2,4
218000611,0,0,0
218000612,1,29,-28
218000613,2,0,2
218000614,0,64,-64
218000615,18,0,18
218000616,0,148,-148
218000617,3,0,3
218000618,1,18,-17
218000619,11,5,6
218000620,0,32,-32
218000621,0,2,-2
218000622,0,3,-3
218000623,1,0,1
218000624,0,1,-1
218000625,1,0,1
218000626,0,8,-8
218000628,19,14,5
218000631,0,1,-1
218000632,0,50,-50
218000633,0,0,0
218000634,2,21,-19
218000635,2,5,-3
218000636,515,1448,-933
218000637,450,516,-66
218000638,31,25,6
218000639,16,334,-318
218000640,31,29,2
218000641,12,536,-524
218000652,173,209,-36
218000653,202,119,83
218000663,2,87,-85
218000675,4,13,-9
218000676,4,51,-47
218000677,6,13,-7
218000680,64,490,-426
218000681,3,5,-2
218000691,60,383,-323
218000693,2,6,-4
218000703,9,112,-103
218000718,195,187,8
218000719,103,28,75
218000720,2,19,-17
218000721,1,0,1
218000725,7,18,-11
218001214,14,39,-25
218001329,0,1,-1
218001330,57,44,13
218001351,0,1,-1
218001352,1,14,-13
218001353,1,5,-4
218001354,0,12,-12
219000001,14,40,-26
219000002,24,75,-51
219000003,79,25,54
219000004,82,42,40
219000017,51,11,40
219000020,54,9,45
219000022,30,0,30
219000023,31,2,29
219000029,0,104,-104
219000034,4,8,-4
219000039,17,71,-54
219000040,18,13,5
219000041,50,40,10
219000051,0,57,-57
219000052,0,35,-35
219000053,1,241,-240
219000054,247,221,26
219000055,65,0,65
219000056,3,0,3
219000057,19,1,18
219000062,4,209,-205
219000063,20,10,10
219000064,5,35,-30
219000110,112,33,79
219000111,54,21,33
219000112,206,31,175
219000113,80,28,52
219000114,214,14,200
219000116,52,36,16
219000117,175,91,84
219000118,39,50,-11
219000123,188,64,124
219000124,17,60,-43
219000125,7,14,-7
219000126,17,70,-53
219000127,1,3,-2
219000128,47,85,-38
219000129,16,101,-85
219000130,1151,619,532
219000131,1394,863,531
219000133,35,35,0
219000134,11,13,-2
219000135,18,47,-29
219000136,106,131,-25
219000138,50,13,37
219000139,8,50,-42
219000140,11,1,10
219000141,7,104,-97
219000142,16,76,-60
219000143,18,86,-68
219000145,2,25,-23
219000146,16,60,-44
219000147,2,57,-55
219000148,1,98,-97
219000149,35,254,-219
219000150,1,139,-138
219000151,2,125,-123
219000157,106,113,-7
219000158,100,200,-100
219000161,136,13,123
219000163,1335,302,1033
219000166,28,119,-91
219000167,46,255,-209
219000168,218,38,180
219000174,120,82,38
219000175,41,2,39
219000176,32,3,29
219000177,2,1,1
219000178,1,0,1
219000179,10,3,7
219000180,30,36,-6
219000182,21,5,16
219000183,17,68,-51
219000184,21,5,16
219000185,0,150,-150
219000186,3,43,-40
219000187,4,141,-137
219000189,77,122,-45
219000190,160,191,-31
219000191,1185,571,614
219000192,122,134,-12
219000193,526,168,358
219000195,1,48,-47
219000196,3,94,-91
219000198,14,166,-152
219000199,68,163,-95
219000200,23,234,-211
219000201,79,325,-246
219000203,12,117,-105
219000204,48,134,-86
219000205,24,249,-225
219000207,110,230,-120
219000209,12,68,-56
219000210,14,120,-106
219000213,8,251,-243
219000239,89,128,-39
219000240,73,253,-180
219000241,25,183,-158
219000242,23,204,-181
219000243,20,226,-206
219000244,9,97,-88
219000245,5,31,-26
219000246,2,3,-1
219000247,17,9,8
219000248,199,43,156
219000249,26,10,16
219000250,14,10,4
219000251,128,5,123
219000252,0,0,0
219000253,0,0,0
219000255,16,23,-7
219000256,45,36,9
219000257,10,0,10
219000262,48,289,-241
219000263,30,205,-175
219000267,3,144,-141
219000268,2,4,-2
219000269,7,5,2
219000270,8,1,7
219000271,103,2,101
219000278,1,8,-7
219000279,2,8,-6
219000283,0,15,-15
219000295,14,95,-81
219000296,38,502,-464
219000297,21,121,-100
219000298,20,197,-177
219000299,175,23,152
219000300,23,375,-352
219000301,46,276,-230
219000302,15,182,-167
219000307,20,51,-31
219000308,50,24,26
219000311,53,37,16
219000312,113,16,97
219000313,72,7,65
219000314,111,506,-395
219000315,31,6,25
219000316,64,6,58
219000317,13,0,13
219000320,1,63,-62
219000321,0,35,-35
219000323,3,83,-80
219000325,0,37,-37
219000326,71,126,-55
219000327,51,46,5
219000328,25,55,-30
219000329,326,71,255
219000330,18,20,-2
219000331,23,27,-4
219000332,26,43,-17
219000333,8,8,0
219000335,10,2,8
219000337,4,1,3
219000338,6,0,6
219000344,33,80,-47
219000345,92,180,-88
219000346,32,171,-139
219000348,50,188,-138
219000349,19,239,-220
219000350,25,70,-45
219000351,0,4,-4
219000352,164,38,126
219000353,63,31,32
219000354,85,79,6
219000355,43,21,22
219000356,1619,279,1340
219000363,245,37,208
219000364,82,31,51
219000365,87,18,69
219000366,361,119,242
219000368,365,234,131
219000370,682,126,556
219000371,4,11,-7
219000382,3,13,-10
219000383,542,564,-22
219000385,616,456,160
219000386,1049,982,67
219000387,1,9,-8
219000390,11,0,11
219000391,5,0,5
219000397,61,106,-45
219000398,103,41,62
219000401,2,62,-60
219000402,13,58,-45
219000403,22,84,-62
219000404,12,29,-17
219000407,3,26,-23
219000409,0,0,0
219000410,0,0,0
219000411,0,0,0
219000446,155,406,-251
219000447,0,22,-22
219000448,4,2,2
219000452,41,30,11
219000453,32,68,-36
219000454,255,160,95
219000556,36,4,32
219000558,41,304,-263
219000590,9,152,-143
219000591,13,3,10
219000592,68,336,-268
219000595,0,32,-32
219000635,14,2,12
219000636,17,124,-107
219000657,10,16,-6
219000658,11,33,-22
219000673,0,12,-12
219000676,1,2,-1
219000679,11,18,-7
219000684,21,0,21
219000685,0,116,-116
219000686,2,1,1
219000688,1,96,-95
219000689,73,127,-54
219000690,0,0,0
219000691,48,69,-21
219000692,0,32,-32
219000693,0,34,-34
219000694,1,0,1
219000695,12,2,10
219000698,0,1,-1
219000699,0,14,-14
219000727,10,188,-178
219000728,52,3,49
219000770,2,0,2
219000771,0,37,-37
219000788,18,18,0
219001150,0,10,-10
219001151,0,2,-2
219001166,0,0,0
219001167,5,48,-43
220000001,8,14,-6
220000002,6,109,-103
220000003,208,247,-39
220000004,426,529,-103
220000005,1040,1158,-118
220000006,97,606,-509
220000007,179,804,-625
220000008,111,936,-825
220000009,91,370,-279
220000010,35,82,-47
220000011,380,682,-302
220000012,21,78,-57
220000014,10,76,-66
220000015,6,36,-30
220000017,24,265,-241
220000018,3069,359,2710
220000019,40,151,-111
220000020,76,202,-126
220000021,164,113,51
220000022,262,377,-115
220000023,92,140,-48
220000024,1055,265,790
220000025,892,288,604
220000026,149,134,15
220000027,4,61,-57
220000028,12,39,-27
220000029,51,115,-64
220000030,22,61,-39
220000031,155,177,-22
220000064,4,634,-630
221000046,6,0,6
221000047,0,0,0
221000048,0,0,0
221000049,0,10,-10
221000050,14,0,14
221000055,23,43,-20
221000057,36,7,29
221000068,210,51,159
221000069,144,36,108
221000070,82,15,67
221000071,23,9,14
221000072,88,13,75
221000073,69,41,28
221000074,3,19,-16
221000075,4,14,-10
221000076,16,42,-26
221000077,32,85,-53
221000081,6,2,4
221000082,18,4,14
221000083,13,1,12
221000084,1,3,-2
221000085,14,64,-50
221000086,20,189,-169
221000087,5,169,-164
221000088,14,145,-131
221000089,16,197,-181
221000090,137,319,-182
221000098,59,8,51
221000099,104,15,89
221000100,26,3,23
221000101,151,6,145
221000102,87,8,79
221000109,6,90,-84
221000110,2,138,-136
221000111,13,118,-105
221000112,11,108,-97
221000113,12,181,-169
221000114,18,163,-145
221000120,6,34,-28
221000121,0,20,-20
221000122,13,7,6
221000123,3,10,-7
221000124,10,472,-462
221000155,79,1,78
221000156,12,6,6
221000175,1,3,-2
221000176,1,1,0
221000182,9,5,4
221000241,441,114,327
221000242,289,189,100
221000243,275,79,196
221000244,128,225,-97
221000245,33,83,-50
221000246,15,111,-96
221000247,24,106,-82
221000248,26,121,-95
221000267,27,627,-600
221000325,23,25,-2
221000331,1,97,-96
221000338,2,6,-4
221000378,44,28,16
221000381,34,71,-37
222000282,0,0,0
222000296,0,12,-12
222000568,103,9,94
222000569,16,6,10
222000570,30,0,30
222000571,46,5,41
222000577,7,271,-264
222000578,3,168,-165
222000579,21,103,-82
222000580,118,680,-562
222000599,1,125,-124
222000600,0,240,-240
222000601,10,722,-712
222000603,6,6,0
222000604,1,14,-13
222000605,2,7,-5
222000606,0,6,-6
222000607,0,0,0
222000608,6,19,-13
222000609,11,308,-297
222000616,10,10,0
222000617,0,2,-2
222000618,1,1,0
222000620,2,1,1
222000621,1,4,-3
222000623,65,2,63
222000624,10,1,9
222000625,11,29,-18
222000636,13,0,13
222000686,1,0,1
222000687,1,0,1
222001066,93,1,92
222001067,1,4,-3
222001068,3,25,-22
222001069,2,13,-11
222001082,5,73,-68
222001083,4,84,-80
222001084,0,17,-17
222001085,1,235,-234
222001111,4,265,-261
222001112,8,8,0
222001313,0,0,0
222001314,2,52,-50
222001464,0,7,-7
222001465,7,110,-103
222001484,3,4,-1
222001485,16,72,-56
222001494,33,17,16
222001495,45,451,-406
222001496,17,9,8
222001497,24,653,-629
222001502,18,117,-99
222001503,0,0,0
222001504,17,236,-219
222001505,0,0,0
222001506,25,171,-146
222001507,0,0,0
222001510,0,0,0
222001511,29,428,-399
222001514,0,0,0
222001515,149,675,-526
222001518,0,0,0
222001519,26,478,-452
222001527,0,0,0
222001528,70,147,-77
222001529,0,0,0
222001530,21,230,-209
222001533,95,476,-381
222001534,0,0,0
222001535,12,20,-8
222001536,67,465,-398
222001537,0,0,0
222001538,57,446,-389
222001563,0,0,0
222001564,16,871,-855
222001568,9,45,-36
222001576,0,2,-2
222001579,0,6,-6
222001583,8,326,-318
222001584,3,3,0
222001596,305,1463,-1158
222001597,232,34,198
222001626,2,197,-195
222001650,8,39,-31
222001651,5,87,-82
222001914,0,0,0
222001915,22,171,-149
222900004,72,38,34
222900009,282,819,-537
222900019,20,146,-126
222900024,5,8,-3
222900025,2,41,-39
225000001,41,23,18
225000002,69,7,62
225000003,89,6,83
225000004,56,20,36
225000005,8,6,2
225000006,1,91,-90
225000007,3191,672,2519
225000010,56,3,53
225000011,138,116,22
225000012,31,67,-36
225000013,4,29,-25
225000014,31,23,8
225000015,79,160,-81
225000021,54,39,15
225000027,148,333,-185
225000032,68,14,54
225000042,32,474,-442
225000049,11,44,-33
225000050,33,4,29
225000053,6,116,-110
225000058,33,10,23
225000067,52,204,-152
225000068,28,503,-475
225000069,62,444,-382
225000070,40,415,-375
225000071,16,291,-275
225000075,10,606,-596
225000076,26,80,-54
225000078,19,15,4
225000085,0,0,0
225000086,0,0,0
225000087,0,0,0
225000088,10,66,-56
225000089,263,326,-63
225000090,6,254,-248
225000091,37,228,-191
225000092,11,73,-62
225000093,42,343,-301
225000094,14,399,-385
225000095,223,458,-235
225000096,57,307,-250
225000098,128,49,79
225000099,86,26,60
225000100,46,20,26
225000104,11,288,-277
225000110,7,401,-394
225000111,94,930,-836
225000112,118,676,-558
225000113,58,423,-365
225000114,21,204,-183
225000115,2249,324,1925
225000116,122,21,101
225000117,80,49,31
225000118,156,29,127
225000119,16,14,2
225000120,34,3,31
225000121,143,5,138
225000123,49,3,46
225000125,49,107,-58
225000126,365,44,321
225000127,473,149,324
225000128,67,67,0
225000132,125,26,99
225000133,112,26,86
225000134,292,49,243
225000135,11,4,7
225000136,75,9,66
225000137,48,16,32
225000138,141,7,134
225000143,76,80,-4
225000144,0,209,-209
225000145,0,0,0
225000146,4,113,-109
225000147,7,314,-307
225000148,0,162,-162
225000149,40,325,-285
225000151,26,252,-226
225000155,109,260,-151
225000156,65,346,-281
225000157,59,264,-205
225000158,33,420,-387
225000171,3,121,-118
225000180,2,0,2
225000181,0,28,-28
225000182,4,0,4
225000185,3,184,-181
225000187,39,366,-327
225000191,1,0,1
225000194,0,6,-6
225000208,2,15,-13
225000209,0,0,0
225000210,3,122,-119
225000217,0,11,-11
225000218,0,0,0
225000223,0,28,-28
225000224,2,0,2
225000225,0,7,-7
225000226,6,1,5
225000227,29,38,-9
225000228,1,0,1
225000229,1,55,-54
225000230,0,0,0
225000231,0,91,-91
225000232,13,0,13
225000241,1,0,1
225000242,0,28,-28
225000249,1,0,1
225000250,34,730,-696
225000251,180,14,166
225000254,2,0,2
225000256,0,0,0
225000257,0,1,-1
226000042,225,321,-96
226000043,34,180,-146
226000044,65,718,-653
226000045,70,491,-421
226000046,123,31,92
226000047,113,61,52
226000048,204,43,161
226000049,99,67,32
226000070,0,39,-39
226000071,0,58,-58
226000072,0,10,-10
226000073,0,14,-14
226000074,0,1,-1
226000084,0,41,-41
226000085,1,3,-2
226000086,2,12,-10
226000087,0,12,-12
226000088,36,8,28
226000090,53,8,45
226000091,6,2,4
226000092,0,0,0
226000093,1,2,-1
226000094,1,1,0
226000095,5,0,5
226000105,0,0,0
226000106,6,0,6
226000107,7,0,7
226000108,13,0,13
226000109,51,1,50
226000124,86,34,52
226000134,238,188,50
226000135,474,339,135
226000136,84,149,-65
226000137,5,367,-362
226000138,5,254,-249
226000139,0,10,-10
226000156,51,0,51
226000157,132,4,128
226000163,17,36,-19
226000202,2,321,-319
226000231,81,3,78
226000232,17,2,15
227000033,109,29,80
227000036,69,14,55
227000037,62,10,52
227000038,46,11,35
227000084,1,18,-17
227000085,0,21,-21
227000088,1,0,1
227000089,30,3,27
227000090,10,0,10
227000091,4,0,4
227000092,13,1,12
227000093,35,1,34
227000094,3,0,3
227000130,11,68,-57
227000131,7,247,-240
227000132,8,245,-237
227000133,5,290,-285
227000134,8,330,-322
227000152,0,4,-4
227000153,0,61,-61
227000154,0,26,-26
227000155,0,8,-8
227000156,1,8,-7
227000165,1,25,-24
227000196,97,344,-247
227000199,17,585,-568
227000230,30,539,-509
227000232,22,0,22
227000242,44,403,-359
227000243,229,40,189
227000245,8,355,-347
227000246,49,397,-348
227000247,87,45,42
227000248,51,19,32
227000249,16,190,-174
227000250,255,68,187
227000251,106,261,-155
227000252,13,384,-371
227000253,27,19,8
227000262,126,30,96
227000266,56,4,52
227000267,29,2356,-2327
227000282,11,288,-277
227000284,30,7,23
227000286,1,98,-97
227000291,17,673,-656
227000296,145,142,3
227000484,82,3,79
227000485,37,668,-631
227000655,13,3,10
227000656,105,4,101
227000657,9,16,-7
227000704,2,1,1
229000265,1,2,-1
229000266,0,1,-1
229000267,1,0,1
229000268,2,0,2
229000269,2,0,2
229000274,0,6,-6
229000275,1,21,-20
229000276,0,16,-16
229000277,1,3,-2
229000278,2,5,-3
229000295,17,12,5
229000296,1,2,-1
229000297,11,34,-23
229000298,16,68,-52
229000320,5,3,2
229000321,1,0,1
229000412,2,58,-56
229000414,1,69,-68
229000415,2,0,2
229000416,0,3,-3
229000417,1,13,-12
229000419,68,208,-140
229000440,82,27,55
229000442,0,7,-7
229000443,0,0,0
229000444,1,32,-31
229000445,3,2,1
229000446,8,14,-6
229000491,2,72,-70
229000492,25,147,-122
229000493,5,153,-148
229000494,32,24,8
229000495,151,112,39
229000496,19,102,-83
229000507,0,27,-27
229000508,6,32,-26
229000509,0,57,-57
229000510,3,44,-41
229000511,11,75,-64
229000512,2,43,-41
229000513,0,9,-9
229000514,0,3,-3
229000517,1,11,-10
229000518,9,28,-19
229000519,1,35,-34
229000520,6,54,-48
229000521,17,62,-45
229000522,3,32,-29
229000523,11,39,-28
229000524,2,22,-20
229000527,6,3,3
229000528,0,3,-3
229000529,11,4,7
229000530,85,17,68
229000531,27,13,14
229000532,28,10,18
229000533,208,43,165
229000534,71,27,44
229000564,97,16,81
229000565,19,9,10
229000566,0,22,-22
229000567,0,146,-146
229000582,350,31,319
229000583,3,36,-33
229000584,1,55,-54
229000585,8,74,-66
229000718,0,0,0
229000719,0,0,0
229000720,0,16,-16
229000721,0,26,-26
229000722,1,37,-36
229000723,0,26,-26
229000724,0,1,-1
229000725,0,6,-6
229000738,13,1,12
229000739,0,0,0
229000740,10,1,9
229000741,43,1,42
229000742,27,1,26
229000743,34,2,32
229000744,5,1,4
229000745,1,0,1
229000746,85,1,84
229000847,15,2,13
229000848,19,0,19
229000849,153,5,148
229000851,12,1,11
229000854,0,56,-56
229000856,1,140,-139
229000857,0,57,-57
229000858,0,144,-144
229000919,6,80,-74
229000930,4,151,-147
229000937,149,32,117
229000966,52,21,31
229000981,6,38,-32
229000985,5,24,-19
229000986,0,11,-11
229000987,0,0,0
229000988,0,3,-3
229000989,2,5,-3
229000990,0,1,-1
229000991,0,0,0
229000992,6,0,6
229000993,77,3,74
229000998,24,16,8
229000999,25,8,17
229001034,1,17,-16
229001035,0,0,0
229001036,2,27,-25
229001037,11,1,10
229001038,0,0,0
229001039,0,0,0
229001040,0,48,-48
229001041,13,0,13
229001042,4,1,3
229001047,2,23,-21
229001050,1,2,-1
229001168,0,7,-7
229001200,2,0,2
229001338,3,42,-39
229001394,282,7,275
229001422,194,53,141
229001423,23,130,-107
229001431,103,56,47
229001432,24,55,-31
229001444,54,26,28
229001445,21,168,-147
229001479,7,24,-17
229001503,160,94,66
229001504,55,160,-105
229001505,147,48,99
229001506,24,101,-77
229001509,20,2,18
229001510,3,22,-19
229001545,75,13,62
229001546,3,92,-89
229001553,41,20,21
229001554,8,94,-86
229001630,21,6,15
229001631,19,37,-18
229001635,0,2,-2
229001636,0,1,-1
229001658,0,59,-59
229001659,183,6,177
229001660,0,3,-3
229001661,0,5,-5
229001662,29,0,29
229001663,0,15,-15
229002584,54,71,-17
229002831,58,85,-27
229002841,4,25,-21
229002842,2,3,-1
229002843,6,3,3
229002844,2,67,-65
229002845,2,77,-75
229002846,0,13,-13
229002847,1,5,-4
229002848,0,5,-5
229002849,0,36,-36
229002850,1,0,1
229002851,6,78,-72
229002852,12,20,-8
229002853,12,9,3
229002854,4,47,-43
229002855,0,57,-57
229002856,5,10,-5
229002857,17,49,-32
229002858,4,2,2
229002859,19,8,11
229002860,5,5,0
229002861,6,5,1
229002862,3,31,-28
229002863,4,16,-12
229002864,1,8,-7
229002865,0,11,-11
229002866,1,9,-8
229002867,2,15,-13
229002868,0,8,-8
229002869,3,150,-147
229002870,0,2,-2
235000066,173,139,34
235000067,59,141,-82
235000072,50,53,-3
235000073,114,268,-154
235000074,22,106,-84
235000080,4,76,-72
235000081,57,149,-92
235000082,25,46,-21
235000083,33,61,-28
235000084,3,21,-18
235000085,48,44,4
235000089,6,31,-25
235000092,8,146,-138
235000093,2,3,-1
235000097,2,2,0
235000098,33,31,2
235000099,16,24,-8
235000116,15,22,-7
235000117,476,6,470
235000133,16,246,-230
235000134,12,68,-56
235000206,5,0,5
235000207,0,3,-3
235000208,1,1,0
235000209,1,0,1
235000210,2,4,-2
235000212,2,8,-6
235000213,0,4,-4
235000220,1,1,0
235000221,4,8,-4
235000238,3,17,-14
235000239,0,3,-3
235000242,154,125,29
235000245,1015,189,826
235000246,4,44,-40
235000284,0,67,-67
235000295,0,0,0
235000305,0,0,0
235000306,0,0,0
235000307,0,0,0
235000308,0,0,0
235000309,0,0,0
235000310,0,0,0
235000311,0,5,-5
235000322,0,21,-21
235000323,0,28,-28
235000324,4,15,-11
235000325,0,5,-5
235000326,5,241,-236
235000351,2,33,-31
235000352,3,34,-31
235000353,0,37,-37
235000354,0,41,-41
235000355,2,59,-57
235000356,0,0,0
235000357,0,0,0
235000358,0,0,0
235000359,0,0,0
235000360,0,0,0
235000361,0,0,0
235000381,44,284,-240
235000382,72,29,43
235000390,14,2,12
235000391,61,23,38
235000392,57,117,-60
235000393,66,51,15
235000395,45,31,14
235000396,134,66,68
235000400,44,21,23
235000401,8,194,-186
235000405,42,511,-469
235000406,12,338,-326
235000407,55,160,-105
235000409,170,174,-4
235000410,32,169,-137
235000411,9,64,-55
235000485,0,11,-11
235000486,2,0,2
235000549,24,36,-12
235000550,41,201,-160
235000599,61,114,-53
235000600,5,7,-2
235000601,11,12,-1
235000602,23,77,-54
235000614,0,1,-1
235000648,0,33,-33
235000649,22,2,20
235000685,0,4,-4
235000815,5,39,-34
235000834,0,4,-4
235000855,26,25,1
235000862,15,207,-192
235000891,0,15,-15
235000892,6,3,3
235000901,103,130,-27
235000907,1,3,-2
235001010,23,27,-4
235001029,704,336,368
235001030,627,129,498
235001078,81,47,34
235001079,56,124,-68
235001147,0,33,-33
235001166,49,30,19
235001167,7,97,-90
235001169,6,289,-283
235001188,0,3,-3
235001189,0,1,-1
235001197,3,7,-4
235001200,30,16,14
235001207,12,6,6
235001208,3,6,-3
235001209,8,21,-13
235001210,4,179,-175
235001215,11,91,-80
235001239,1,47,-46
235001244,0,2,-2
235016267,0,19,-19
241900007,13,2,11
277101746,0,38,-38
277102712,8,1,7
277103813,0,0,0
277103898,0,3,-3
277104249,0,1,-1
277104250,0,1,-1
277104251,0,6,-6
277104252,0,0,0
990011530,0,281,-281
990014944,1,487,-486
990015176,3,7,-4
990015618,0,101,-101
990016032,0,324,-324
990032570,28,77,-49
990070001,0,1,-1
990070103,0,3,-3
990070601,0,39,-39
990070751,49,0,49
990070766,2,974,-972
990071180,0,115,-115
990071343,0,0,0
990071387,0,5,-5
990071823,30,1,29
990072600,2,496,-494
990072964,3,567,-564
990073285,0,2,-2
990074393,11,1028,-1017
990074870,99,5,94
990075106,113,53,60
990075746,18,1,17
990076437,59,0,59
990076458,4,1073,-1069
997000007,42,4,38
997000041,0,141,-141
997000058,0,3,-3
997000062,1,0,1
997000069,0,5,-5
997000070,0,51,-51
997000100,1,1,0
997000141,0,46,-46
997000198,0,32,-32
998000475,0,29,-29
998000736,3,255,-252
998000965,0,2,-2
998001031,0,30,-30
998001700,0,20,-20
998001899,0,3,-3
998001900,5,1,4
998003073,18,7,11
998101900,0,0,0
998102850,0,102,-102
998501927,0,229,-229
998501929,41,4,37
998501930,42,1,41
998501931,5,2,3
998501932,29,0,29
998501933,0,0,0
998501937,0,0,0
998501944,6,0,6
998501950,0,0,0
998501970,2,5,-3
998501971,0,82,-82
998501973,0,91,-91
998501974,2,170,-168
998501975,11,1,10
998501976,3,0,3
998501977,0,18,-18
998501978,0,0,0
998501979,0,4,-4
998501980,6,3,3
998501981,0,1,-1
998501982,0,98,-98
998501983,0,0,0
998502006,0,0,0
998502024,0,5,-5
998502032,0,0,0
998502062,1,0,1
998502063,0,0,0
998502173,37,0,37
998502269,0,1,-1
998601159,1,261,-260
998601292,0,17,-17
999033574,3,273,-270
999800001,5,0,5
999800002,1,1,0
999800003,1,3,-2
999800004,0,9,-9
999800005,0,13,-13
