ID,insum,outsum,diff
100000001,721,1035,-314
100000002,6261,1945,4316
100000003,9421,4831,4590
100000004,1767,1695,72
100000005,3170,5566,-2396
100000006,1774,352,1422
100000007,4175,1395,2780
100000008,1266,609,657
100000009,2365,1516,849
100000010,510,176,334
100000011,1675,209,1466
100000012,191,1095,-904
100000013,1567,396,1171
100000014,2079,406,1673
100000015,2221,4115,-1894
100000016,1605,1811,-206
100000017,2375,1149,1226
100000018,3357,963,2394
100000019,7882,3009,4873
100000020,3700,13163,-9463
100000021,7528,3251,4277
100000022,2963,2843,120
100000023,7068,2200,4868
100000025,3020,1383,1637
100000028,2546,1360,1186
100000029,305,362,-57
100000030,343,89,254
100000031,6703,10347,-3644
100000032,4958,5673,-715
100000033,1445,3557,-2112
100000034,685,510,175
100000035,2589,1570,1019
100000036,4031,1905,2126
100000037,934,625,309
100000038,3348,1515,1833
100000039,2645,351,2294
100000040,468,276,192
100000041,1439,678,761
100000042,1946,734,1212
100000043,1659,565,1094
100000044,448,961,-513
100000045,820,1586,-766
100000046,786,1442,-656
100000047,728,1238,-510
100000048,2586,980,1606
100000049,2798,3430,-632
100000051,720,1590,-870
100000053,451,12,439
100000054,742,50,692
100000055,1852,380,1472
100000056,785,727,58
100000057,2828,1031,1797
100000058,1904,1886,18
100000059,20,197,-177
100000060,477,617,-140
100000061,2839,689,2150
100000062,3527,737,2790
100000063,1005,368,637
100000064,1986,542,1444
100000065,570,1488,-918
100000066,322,1054,-732
100000067,684,1084,-400
100000068,873,2726,-1853
100000069,502,2303,-1801
100000072,726,2005,-1279
100000073,1744,1928,-184
100000075,946,433,513
100000076,4399,3513,886
100000077,400,276,124
100000078,94,54,40
100000079,83,69,14
100000080,35,65,-30
100000081,197,283,-86
100000102,3570,2622,948
100000103,6772,1840,4932
100000104,7468,3165,4303
100000105,3460,2059,1401
100000106,3599,2895,704
100000107,1295,1220,75
100000108,1192,1321,-129
100000109,4347,1662,2685
100000116,2243,1397,846
100000117,139,186,-47
100000118,2398,1356,1042
100000119,832,1089,-257
100000121,461,611,-150
100000122,1059,1342,-283
100000123,6069,5929,140
100000124,9126,8580,546
100000125,4947,1906,3041
100000126,1308,489,819
100000127,2533,527,2006
100000128,2824,2738,86
100000129,822,788,34
100000130,636,803,-167
100000131,3988,4653,-665
100000132,2222,4103,-1881
100000133,9545,3522,6023
100000135,829,1629,-800
100000139,739,334,405
100000140,634,464,170
100000142,577,876,-299
100000143,1265,627,638
100000144,5357,1388,3969
100000147,1309,3351,-2042
100000150,65,570,-505
100000151,1520,1316,204
100000153,371,562,-191
100000154,155,251,-96
100000155,36,77,-41
100000156,817,438,379
100000157,182,144,38
100000158,354,96,258
100000159,463,592,-129
100000165,2314,981,1333
100000169,549,407,142
100000174,1293,442,851
100000179,146,774,-628
100000180,11088,3018,8070
100000181,875,394,481
100000188,95,548,-453
100000189,3856,537,3319
100000190,1401,1086,315
100000191,844,641,203
100000192,74,180,-106
100000193,314,270,44
100000330,1618,1283,335
100000355,324,939,-615
100000362,7947,4607,3340
100000363,5024,6653,-1629
100000364,527,252,275
100000365,6911,7234,-323
100000366,8797,4152,4645
100000367,6687,6559,128
100000368,4346,2193,2153
100000369,2147,2774,-627
100000370,616,987,-371
100000376,231,129,102
100000379,3947,1949,1998
100000380,7317,4077,3240
100000384,7838,5844,1994
100000385,6139,5203,936
100000386,10766,6128,4638
100000387,6930,6866,64
100000388,9640,8091,1549
100000389,9995,7564,2431
100000390,11657,7013,4644
100000391,9410,9145,265
100000392,5404,4324,1080
100000393,4262,5086,-824
100000394,11219,9045,2174
100000395,7595,3911,3684
100000396,11815,4239,7576
100000397,7950,6123,1827
100000398,15493,10431,5062
100900002,12,58,-46
100900003,508,203,305
100900004,33,1208,-1175
100900005,321,42,279
100900006,32,173,-141
100900007,811,15,796
100900008,9,464,-455
100900009,70,181,-111
100900010,240,196,44
100900011,202,346,-144
100900012,1,237,-236
100900013,2498,24,2474
100900014,6,33,-27
100900015,192,150,42
100900016,1,79,-78
100900017,1648,158,1490
100900018,0,45,-45
100900019,62,392,-330
100900020,507,26,481
100900021,484,1,483
100900022,61,185,-124
100900023,8,213,-205
100900024,1335,14,1321
100900025,32,37,-5
100900026,164,186,-22
100900027,1133,4200,-3067
100900028,209,296,-87
100900029,102,26,76
100900030,5,39,-34
100900031,1180,124,1056
100900032,277,1,276
100900033,424,258,166
100900034,530,8,522
100900035,1024,4,1020
100900036,29,2,27
100900037,104,272,-168
100900038,146,63,83
100900039,387,721,-334
100900040,497,1040,-543
100900041,879,876,3
100900042,2005,634,1371
100900043,1,32,-31
100900044,3484,886,2598
100900045,142,1,141
100900046,1724,21,1703
100900047,1471,868,603
100900048,298,110,188
100900049,119,265,-146
100900050,8,18,-10
100900051,88,167,-79
100900052,754,68,686
100900053,397,68,329
100900054,17,107,-90
100900055,597,768,-171
100900056,248,400,-152
100900057,921,1766,-845
100900058,375,86,289
100900059,179,15,164
100900060,180,18,162
100900061,498,353,145
100900062,9,77,-68
100900063,317,755,-438
100900064,872,32,840
100900065,123,134,-11
100900066,70,263,-193
100900067,5,17,-12
100900068,389,129,260
100900069,1553,19,1534
100900070,489,5,484
100900071,1108,514,594
100900072,3,72,-69
100900073,185,549,-364
100900074,3,17,-14
100900075,2581,520,2061
100900076,44,36,8
100900077,33,159,-126
100900078,172,591,-419
100900079,6,54,-48
100900080,35,288,-253
100900081,52,240,-188
100900082,127,779,-652
100900083,19,52,-33
100900085,13,151,-138
100900086,294,1995,-1701
100900088,107,812,-705
100900089,9,30,-21
100900090,246,888,-642
100900091,2,37,-35
100900092,480,484,-4
100900093,222,991,-769
100900094,151,751,-600
100900095,13,50,-37
100900096,68,172,-104
100900097,1,6,-5
100900098,33,31,2
100900099,60,705,-645
100900100,31,588,-557
100900101,465,68,397
100900102,864,238,626
100900103,25,26,-1
100900104,11,266,-255
100900105,31,468,-437
100900106,70,12,58
100900107,2339,1092,1247
100900108,34,64,-30
100900109,20,45,-25
100900110,7,56,-49
100900111,71,269,-198
100900112,37,31,6
100900113,18,39,-21
100900114,18,40,-22
100900115,3,54,-51
100900116,1058,1502,-444
100900117,443,1175,-732
100900118,36,67,-31
100900119,43,39,4
100900120,4,17,-13
100900121,360,1020,-660
100900122,329,352,-23
100900123,89,429,-340
100900124,3,13,-10
100900125,36,118,-82
100900126,245,1260,-1015
100900127,18,18,0
100900128,127,166,-39
100900129,5,161,-156
100900131,137,377,-240
100900133,107,154,-47
100900134,8,18,-10
100900135,1,189,-188
100900137,471,339,132
100900138,941,562,379
100900139,2,6,-4
100900140,3,620,-617
100900141,9,486,-477
100900142,8,22,-14
100900143,2392,600,1792
100900144,56,19,37
100900145,721,279,442
100900146,10,122,-112
100900147,33,550,-517
100900148,64,942,-878
100900149,66,259,-193
100900150,6,88,-82
100900151,181,799,-618
100900152,455,35,420
100900153,6,249,-243
100900154,11,87,-76
100900155,29,23,6
100900156,53,13,40
100900157,8,283,-275
100900158,1289,423,866
100900159,2,56,-54
100900160,24,16,8
100900161,160,27,133
100900162,57,541,-484
100900163,357,408,-51
100900164,28,129,-101
100900165,9,72,-63
100900166,59,20,39
100900167,21,118,-97
100900168,86,235,-149
100900169,217,1189,-972
100900170,120,24,96
100900171,27,868,-841
100900172,11,18,-7
100900173,14,664,-650
100900174,824,73,751
100900176,1722,291,1431
100900177,942,444,498
100900178,600,272,328
100900179,217,358,-141
100900180,9,8,1
100900181,246,182,64
100900182,74,36,38
100900184,33,275,-242
100900186,1077,929,148
100900187,22,160,-138
100900188,28,18,10
100900189,1854,243,1611
100900191,1548,1563,-15
100900192,491,439,52
100900195,153,229,-76
100900197,15,132,-117
100900198,37,223,-186
100900199,20,40,-20
100900200,956,695,261
100900201,250,1107,-857
100900202,99,1,98
100900203,2,161,-159
100900204,1568,1169,399
100900205,337,722,-385
100900206,149,178,-29
100900207,324,212,112
100900210,152,769,-617
100900211,521,264,257
100900213,152,75,77
100900214,1744,222,1522
100900215,12,95,-83
101000001,5954,3226,2728
101000002,6331,7254,-923
101000003,823,3078,-2255
101000004,12559,9996,2563
101000005,6028,6285,-257
101000006,9760,9856,-96
101000007,3589,4786,-1197
101000008,4900,3845,1055
101000009,3289,1883,1406
101000010,1400,1673,-273
101000011,2828,968,1860
101000012,1704,1023,681
101000013,979,1521,-542
101000014,783,1065,-282
101000015,1300,1137,163
101000016,571,630,-59
101000017,857,691,166
101000018,4567,3716,851
101000020,6698,1565,5133
101000021,1173,549,624
101000022,470,150,320
101000023,1987,969,1018
101000025,204,526,-322
101000026,540,42,498
101000027,2769,3322,-553
101000028,549,118,431
101000029,371,2181,-1810
101000030,3007,190,2817
101000031,1744,1099,645
101000032,14814,5419,9395
101000033,3357,4285,-928
101000034,3647,2248,1399
101000035,1430,951,479
101000036,2188,1027,1161
101000037,4550,2288,2262
101000039,3430,2743,687
101000040,3965,3694,271
101000041,17327,9968,7359
101000042,1083,1826,-743
101000043,12212,9617,2595
101000045,2905,1214,1691
101000046,6962,1809,5153
101000047,4242,4108,134
101000048,1402,1058,344
101000049,1265,2565,-1300
101000050,3997,3616,381
101000051,3759,3324,435
101000052,1986,1238,748
101000053,1553,2439,-886
101000054,3155,2071,1084
101000055,1975,1716,259
101000056,83,160,-77
101000057,2983,1423,1560
101000058,1925,1658,267
101000059,3614,2700,914
101000060,2084,682,1402
101000061,1309,1625,-316
101000062,957,907,50
101000063,778,1302,-524
101000064,1383,1107,276
101000065,493,481,12
101000066,1319,872,447
101000067,1676,986,690
101000068,516,585,-69
101000069,554,116,438
101000070,1763,1351,412
101000071,2743,1089,1654
101000072,1225,4135,-2910
101000073,1485,1043,442
101000074,11162,4552,6610
101000075,8797,5284,3513
101000077,2624,1294,1330
101000078,2410,2817,-407
101000079,1456,533,923
101000080,1277,529,748
101000081,1918,1843,75
101000082,4463,4121,342
101000083,3237,2714,523
101000084,1978,1172,806
101000085,2263,1539,724
101000086,1235,1529,-294
101000087,1130,1511,-381
101000088,1547,1590,-43
101000089,1264,2214,-950
101000090,2769,1885,884
101000091,537,1414,-877
101000092,1130,1531,-401
101000093,1953,1180,773
101000094,1230,1605,-375
101000095,556,981,-425
101000096,386,811,-425
101000097,584,539,45
101000098,685,689,-4
101000099,1655,1610,45
101000100,1585,1255,330
101000101,452,546,-94
101000102,1106,605,501
101000103,1477,725,752
101000104,556,689,-133
101000105,1088,501,587
101000106,1262,1019,243
101000107,262,442,-180
101000108,1276,492,784
101000109,324,109,215
101000110,44,808,-764
101000111,221,381,-160
101000113,285,1135,-850
101000114,13349,6252,7097
101000115,238,174,64
101000116,354,256,98
101000117,1867,541,1326
101000119,190,102,88
101000120,129,55,74
101000121,88,65,23
101000122,163,110,53
101000123,146,163,-17
101000124,1012,245,767
101000125,287,632,-345
101000128,1043,613,430
101000130,453,480,-27
101000131,842,853,-11
101000132,704,1555,-851
101000135,89,64,25
101000136,791,198,593
101000137,64,442,-378
101000141,1906,3708,-1802
101000147,1083,557,526
101000148,2035,41,1994
101000149,259,386,-127
101000150,97,1021,-924
101000151,317,67,250
101000152,442,435,7
101000153,1785,585,1200
101000154,306,1620,-1314
101000155,356,177,179
101000156,33,362,-329
101000157,99,69,30
101000160,148,79,69
101000163,414,288,126
101000164,607,476,131
101000165,446,511,-65
101000166,378,693,-315
101000168,970,413,557
101000252,1979,1139,840
101000254,835,103,732
101000258,95,5,90
101000261,235,62,173
101000262,1807,2141,-334
101000263,493,1797,-1304
101000265,103,1086,-983
101000266,481,454,27
101000269,74,17,57
101000290,2150,4465,-2315
101000293,44,137,-93
101000294,874,564,310
101000295,174,786,-612
101000301,920,557,363
101000304,2833,3274,-441
101000305,4502,2127,2375
101900001,27,111,-84
101900002,0,22,-22
101900003,81,149,-68
101900004,4,92,-88
101900005,5706,2378,3328
101900006,1322,80,1242
101900007,1048,336,712
101900008,133,480,-347
101900009,103,783,-680
101900010,1276,866,410
101900011,588,2039,-1451
101900012,314,682,-368
101900013,1649,235,1414
101900017,16,239,-223
101900018,1887,381,1506
101900019,350,166,184
101900020,318,154,164
101900021,1,121,-120
101900022,303,1663,-1360
101900023,333,396,-63
102000001,4044,5663,-1619
102000002,5827,1746,4081
102000003,5888,10026,-4138
102000004,12769,4471,8298
102000005,1639,2934,-1295
102000006,1606,2483,-877
102000007,2224,6697,-4473
102000008,7470,2353,5117
102000009,9006,9816,-810
102000010,10622,4647,5975
102000011,4057,3743,314
102000012,4893,4795,98
102000018,4971,3939,1032
102000019,3599,2088,1511
102000026,309,792,-483
102000029,487,310,177
102000030,182,529,-347
102000031,171,207,-36
102000032,527,449,78
102000033,318,515,-197
102000034,1010,501,509
102000035,2160,912,1248
102000036,20,317,-297
102000037,384,105,279
102000038,298,347,-49
102000039,342,86,256
102000040,689,300,389
102000041,312,356,-44
102000042,345,320,25
102000043,436,293,143
102000044,527,561,-34
102000045,1784,1283,501
102000046,1220,824,396
102000047,1228,1595,-367
102000048,491,1128,-637
102000049,1357,980,377
102000050,1604,1915,-311
102000051,558,776,-218
102000052,1822,1380,442
102000053,1113,1217,-104
102000054,760,1366,-606
102000055,1447,984,463
102000056,1222,1764,-542
102000057,2264,915,1349
102000058,1651,2309,-658
102000059,2234,2157,77
102000060,1753,1527,226
102000061,2246,3096,-850
102000062,2131,1923,208
102000063,1701,2113,-412
102000064,693,990,-297
102000065,79,193,-114
102000066,2045,1293,752
102000067,4037,5129,-1092
102000068,11624,3657,7967
102000069,75,1945,-1870
102000070,2805,91,2714
102000071,10211,13282,-3071
102000072,4663,5301,-638
102000073,2572,1476,1096
102000074,1294,1324,-30
102000075,203,462,-259
102000076,326,812,-486
102000077,927,1066,-139
102000078,2147,1122,1025
102000079,285,357,-72
102000080,447,407,40
102000081,559,1133,-574
102000082,1009,527,482
102000083,761,516,245
102000084,312,399,-87
102000085,2886,1611,1275
102000086,1546,3291,-1745
102000087,1358,2423,-1065
102000088,393,499,-106
102000089,1524,675,849
102000090,1006,1790,-784
102000091,2266,858,1408
102000092,628,1245,-617
102000093,1048,896,152
102000094,1461,1002,459
102000095,1592,1823,-231
102000096,1199,1319,-120
102000097,1319,1397,-78
102000098,815,1368,-553
102000099,1328,1050,278
102000100,1075,1519,-444
102000101,1742,973,769
102000102,696,2466,-1770
102000103,2343,656,1687
102000104,910,388,522
102000105,298,743,-445
102000106,942,1009,-67
102000107,1204,784,420
102000108,1503,325,1178
102000109,800,736,64
102000110,1225,1539,-314
102000111,12,361,-349
102000112,599,158,441
102000113,34,51,-17
102000114,1050,493,557
102000115,315,412,-97
102000116,1883,728,1155
102000117,923,1429,-506
102000118,2509,1354,1155
102000119,2702,1256,1446
102000120,251,648,-397
102000121,1266,815,451
102000122,795,1225,-430
102000123,1828,1767,61
102000124,2075,1500,575
102000125,1713,1527,186
102000126,2113,1005,1108
102000127,2220,1195,1025
102000128,1245,1407,-162
102000129,1835,1251,584
102000130,843,1190,-347
102000131,2165,1199,966
102000132,854,1885,-1031
102000133,2406,2544,-138
102000134,840,1113,-273
102000135,1229,1216,13
102000136,1377,705,672
102000137,1945,1025,920
102000138,763,673,90
102000139,815,744,71
102000140,1243,631,612
102000141,2087,1008,1079
102000142,623,523,100
102000143,219,574,-355
102000144,403,657,-254
102000145,673,729,-56
102000146,512,513,-1
102000147,688,891,-203
102000148,281,1115,-834
102000149,214,811,-597
102000150,454,191,263
102000151,173,483,-310
102000152,207,179,28
102000153,1461,716,745
102000154,532,934,-402
102000155,161,418,-257
102000156,392,218,174
102000157,164,494,-330
102000158,494,429,65
102000159,1674,578,1096
102000161,5552,3123,2429
102000162,306,213,93
102000163,154,797,-643
102000164,1699,1624,75
102000165,725,262,463
102000166,311,232,79
102000167,606,408,198
102000168,486,248,238
102000169,193,786,-593
102000170,935,364,571
102000171,696,437,259
102000172,677,583,94
102000173,712,487,225
102000174,130,113,17
102000175,460,149,311
102000176,154,70,84
102000178,591,681,-90
102000179,487,316,171
102000180,1589,743,846
102000181,863,817,46
102000182,978,783,195
102000183,2588,2535,53
102000184,2787,1329,1458
102000185,2970,2029,941
102000186,1622,2711,-1089
102000187,1669,2218,-549
102000188,1765,2001,-236
102000189,3407,1162,2245
102000190,982,3873,-2891
102000191,1772,747,1025
102000192,1492,2057,-565
102000193,47,228,-181
102000194,91,182,-91
102000195,526,635,-109
102000196,216,623,-407
102000197,740,660,80
102000198,297,1111,-814
102000199,1196,493,703
102000200,355,1604,-1249
102000201,1132,712,420
102000202,11,148,-137
102000203,415,391,24
102000204,530,1043,-513
102000205,1284,672,612
102000206,779,1206,-427
102000207,1454,651,803
102000208,826,776,50
102000209,256,98,158
102000210,564,441,123
102000211,870,651,219
102000212,499,27,472
102000213,9,461,-452
102000214,299,18,281
102000215,9,618,-609
102000216,61,66,-5
102000217,18,179,-161
102000218,306,158,148
102000219,597,507,90
102000225,871,783,88
102000226,7062,1599,5463
102000227,209,3,206
102000228,0,156,-156
102000229,48,96,-48
102000230,372,582,-210
102000231,360,677,-317
102000232,32,205,-173
102000233,696,1124,-428
102000234,147,1748,-1601
102000236,805,115,690
102000237,717,217,500
102000238,216,436,-220
102000240,794,1036,-242
102000241,512,166,346
102000243,48,106,-58
102000245,31,106,-75
102000246,17,31,-14
102000247,710,1101,-391
102000248,372,745,-373
102000249,223,203,20
102000250,125,431,-306
102000254,105,555,-450
102000266,257,502,-245
102000271,41,1,40
102000286,609,607,2
102000297,2375,1561,814
102000299,0,0,0
102000301,0,1,-1
102000303,0,0,0
102000305,0,0,0
102000307,0,3,-3
102000308,0,7,-7
102900001,2637,1310,1327
102900002,475,68,407
102900003,66,287,-221
102900005,491,413,78
102900006,699,221,478
102900007,886,48,838
102900008,243,96,147
102900009,779,359,420
102900010,1024,901,123
102900011,2614,421,2193
102900012,497,118,379
102900013,22,96,-74
102900015,1115,699,416
102900016,88,151,-63
102900017,193,875,-682
102900018,33,197,-164
102900019,538,787,-249
102900020,171,57,114
102900021,21,177,-156
102900022,874,229,645
102900023,27,81,-54
102900024,58,85,-27
102900025,370,158,212
102900026,790,2699,-1909
102900027,103,72,31
102900028,240,1145,-905
102900029,230,248,-18
102900030,1119,449,670
102900031,225,203,22
102900032,119,198,-79
102900033,245,292,-47
102900034,717,155,562
102900035,198,540,-342
102900036,401,563,-162
102900037,891,791,100
102900038,1024,770,254
102900039,32,975,-943
102900040,218,387,-169
102900041,121,273,-152
102900042,316,409,-93
102900043,287,417,-130
102900044,1638,2864,-1226
102900045,171,782,-611
102900046,167,336,-169
102900047,118,827,-709
102900048,1141,940,201
102900049,142,539,-397
102900050,564,485,79
102900051,282,276,6
102900052,62,51,11
102900053,439,928,-489
102900054,1261,2318,-1057
102900055,173,226,-53
102900056,112,534,-422
102900057,11,67,-56
102900058,479,90,389
102900059,13,134,-121
102900060,136,797,-661
102900061,173,662,-489
102900062,294,1296,-1002
102900063,1204,643,561
102900064,330,682,-352
102900065,1935,895,1040
102900066,341,48,293
102900068,195,121,74
102900070,545,770,-225
102900072,116,55,61
102900073,464,12,452
102900074,345,296,49
102900075,38,78,-40
102900076,218,252,-34
102900077,84,66,18
102900078,58,128,-70
102900079,348,10,338
102900080,383,68,315
102900081,128,405,-277
102900082,18,298,-280
102900083,337,18,319
102900084,11,29,-18
102900085,644,195,449
102900086,34,78,-44
102900087,196,176,20
102900088,42,53,-11
102900089,314,185,129
102900090,2,531,-529
102900091,192,16,176
102900092,489,1622,-1133
102900093,355,357,-2
102900094,0,128,-128
102900095,158,3,155
102900096,75,21,54
102900097,14,227,-213
103000001,2882,3338,-456
103000002,2900,3279,-379
103000003,4881,3676,1205
103000004,1246,1044,202
103000005,2092,3525,-1433
103000006,741,1765,-1024
103000007,491,973,-482
103000008,1151,928,223
103000009,1296,1532,-236
103000010,246,147,99
103000011,2085,2162,-77
103000012,1699,2113,-414
103000013,6237,2822,3415
103000014,1991,3262,-1271
103000015,2076,836,1240
103000016,657,1676,-1019
103000017,242,649,-407
103000018,1177,685,492
103000019,355,335,20
103000020,3331,1904,1427
103000021,2151,1913,238
103000022,868,1372,-504
103000023,681,2070,-1389
103000024,218,229,-11
103000025,265,791,-526
103000026,1989,234,1755
103000027,757,682,75
103000028,751,552,199
103000029,551,464,87
103000030,3394,1276,2118
103000031,3062,2412,650
103000032,2822,2809,13
103000033,4429,3651,778
103000034,2425,1737,688
103000035,579,2001,-1422
103000036,645,886,-241
103000037,722,745,-23
103000038,756,1473,-717
103000039,456,633,-177
103000040,589,1519,-930
103000041,1950,3077,-1127
103000042,1324,781,543
103000043,913,1418,-505
103000044,447,270,177
103000046,388,724,-336
103000047,879,998,-119
103000048,290,369,-79
103000049,352,257,95
103000050,793,835,-42
103000051,724,770,-46
103000052,996,565,431
103000053,220,812,-592
103000054,3211,2243,968
103000055,2467,3237,-770
103000056,751,2265,-1514
103000057,613,415,198
103000058,853,1438,-585
103000059,591,1512,-921
103000060,943,1147,-204
103000061,573,1341,-768
103000062,1322,1057,265
103000063,954,1284,-330
103000064,212,388,-176
103000065,3,513,-510
103000066,233,28,205
103000069,928,538,390
103000070,1575,1271,304
103000071,1416,732,684
103000072,170,979,-809
103000073,606,195,411
103000074,658,120,538
103000075,204,989,-785
103000076,379,384,-5
103000077,152,613,-461
103000078,1620,736,884
103000079,1320,1075,245
103000080,1777,409,1368
103000081,950,1456,-506
103000082,885,275,610
103000083,225,396,-171
103000084,251,12,239
103000085,5,181,-176
103000086,1390,472,918
103000087,203,824,-621
103000088,431,463,-32
103000089,299,553,-254
103000090,2427,1030,1397
103000091,748,528,220
103000092,347,474,-127
103000093,312,575,-263
103000094,275,136,139
103000095,94,546,-452
103000096,707,183,524
103000097,131,969,-838
103000098,1282,276,1006
103000099,459,916,-457
103000100,186,1081,-895
103000101,1056,229,827
103000102,165,891,-726
103000103,830,332,498
103000104,73,178,-105
103000105,147,172,-25
103000106,45,178,-133
103000107,330,80,250
103000108,750,704,46
103000109,396,351,45
103000110,515,519,-4
103000111,560,648,-88
103000112,365,294,71
103000113,1341,1071,270
103000114,1897,780,1117
103000115,684,524,160
103000116,710,552,158
103000117,401,640,-239
103000118,1175,1050,125
103000119,1886,841,1045
103000120,91,203,-112
103000121,1454,1037,417
103000122,962,974,-12
103000125,16,466,-450
103000126,787,6,781
103000127,3,261,-258
103000128,226,8,218
103000129,4,158,-154
103000130,105,63,42
103000131,345,150,195
103000132,153,268,-115
103000133,50,160,-110
103000134,1056,1033,23
103000135,1150,497,653
103000136,949,621,328
103000137,741,802,-61
103000138,997,973,24
103000139,3,92,-89
103000140,144,48,96
103000141,126,142,-16
103000142,450,84,366
103000143,91,230,-139
103000144,313,106,207
103000145,218,122,96
103000150,164,65,99
103000152,258,304,-46
103000153,198,236,-38
103000156,9,491,-482
103000157,561,3,558
103000159,200,86,114
103000162,163,69,94
103000163,32,104,-72
103000164,82,20,62
103000165,170,414,-244
103000166,216,432,-216
103000167,222,146,76
103000168,113,324,-211
103000169,289,851,-562
103000170,818,665,153
103000171,217,165,52
103000172,978,1447,-469
103000173,629,808,-179
103000174,187,536,-349
103000175,285,540,-255
103000176,1015,881,134
103000177,943,633,310
103000178,574,420,154
103000179,857,91,766
103000183,229,68,161
103000185,93,70,23
103000186,142,230,-88
103000187,553,702,-149
103000188,17,125,-108
103000189,1121,1007,114
103000191,814,888,-74
103000292,2664,2451,213
103000293,1438,2719,-1281
103000295,179,145,34
103000296,938,3,935
103000297,295,148,147
103000504,109,17,92
103000505,11,26,-15
103000506,2,309,-307
103000507,304,4,300
103000508,101,118,-17
103000509,242,729,-487
103900001,6,327,-321
103900002,1916,309,1607
103900003,2256,247,2009
103900004,111,5,106
103900005,2,401,-399
103900006,5,0,5
103900007,44,3,41
103900008,19,6,13
103900009,346,823,-477
103900010,181,688,-507
103900011,302,300,2
103900012,12,18,-6
103900013,142,127,15
103900014,69,31,38
103900015,46,28,18
103900016,700,347,353
103900017,86,144,-58
103900018,699,251,448
103900019,171,285,-114
103900020,245,674,-429
103900021,855,91,764
103900022,1215,842,373
103900023,134,0,134
103900024,174,541,-367
103900025,19,55,-36
103900026,482,2,480
103900027,861,383,478
103900028,27,466,-439
103900029,1156,134,1022
103900030,645,111,534
103900031,50,20,30
103900032,101,59,42
103900033,161,35,126
103900034,28,276,-248
103900035,111,83,28
103900036,42,41,1
103900037,149,87,62
103900038,139,202,-63
103900039,78,491,-413
103900040,7,219,-212
103900041,108,78,30
103900042,87,478,-391
103900043,130,168,-38
103900044,234,338,-104
103900045,534,257,277
103900047,67,47,20
103900048,376,40,336
103900049,480,1855,-1375
103900050,21,175,-154
103900051,9,42,-33
103900052,209,636,-427
103900053,122,1004,-882
103900054,106,604,-498
103900055,551,327,224
103900056,160,57,103
103900057,50,258,-208
103900058,364,1065,-701
103900059,0,38,-38
103900060,47,285,-238
103900061,151,61,90
103900062,326,142,184
103900063,56,2,54
103900064,97,13,84
103900065,1335,561,774
103900066,169,27,142
103900067,196,4,192
103900068,42,4,38
103900069,127,15,112
103900070,195,311,-116
103900071,21,203,-182
103900072,14,274,-260
103900073,29,29,0
103900074,112,114,-2
103900075,133,115,18
103900076,498,843,-345
103900077,46,119,-73
103900078,547,209,338
103900079,261,359,-98
103900080,19,59,-40
103900081,149,22,127
103900082,18,187,-169
103900083,2071,1257,814
103900084,125,245,-120
103900085,120,180,-60
103900086,762,522,240
103900087,34,135,-101
103900088,560,608,-48
103900089,64,144,-80
103900090,0,238,-238
103900091,1573,368,1205
103900092,1454,634,820
103900093,147,474,-327
103900094,36,190,-154
103900095,620,277,343
103900096,56,322,-266
103900097,18,701,-683
103900098,278,185,93
103900099,83,291,-208
103900100,243,713,-470
103900101,128,1277,-1149
103900102,6,43,-37
103900104,1,47,-46
103900105,129,339,-210
103900106,2,92,-90
103900107,143,329,-186
103900108,30,545,-515
103900109,106,118,-12
103900110,288,64,224
103900111,139,858,-719
103900112,106,172,-66
103900113,146,273,-127
103900114,438,451,-13
103900115,340,324,16
103900116,7697,2989,4708
103900117,225,138,87
103900119,42,95,-53
103900120,44,102,-58
103900122,85,406,-321
103900123,1820,1013,807
103900124,35,40,-5
103900125,103,109,-6
103900126,545,625,-80
103900127,199,750,-551
103900128,418,218,200
103900131,47,140,-93
103900133,1442,302,1140
103900134,0,4,-4
103900135,12,12,0
103900137,1,51,-50
103900138,106,453,-347
103900139,310,2054,-1744
103900140,12,122,-110
103900141,414,110,304
103900142,134,243,-109
103900143,36,1,35
103900144,9,74,-65
103900145,208,373,-165
103900146,371,395,-24
103900147,412,169,243
103900148,244,608,-364
103900149,262,1029,-767
103900150,9336,4569,4767
103900151,91,192,-101
103900152,640,897,-257
103900153,10,0,10
103900154,1770,2205,-435
103900155,55,296,-241
103900156,54,259,-205
103900157,51,287,-236
103900158,92,302,-210
103900159,161,146,15
103900160,88,47,41
103900161,125,261,-136
103900162,90,379,-289
103900163,11,555,-544
103900164,337,93,244
103900167,28,186,-158
103900168,133,178,-45
103900169,48,54,-6
103900170,7,135,-128
103900171,2,66,-64
103900172,14,32,-18
103900173,10,25,-15
103900174,199,110,89
103900175,71,84,-13
103900176,24,49,-25
103900177,18,117,-99
103900178,77,90,-13
103900179,61,207,-146
103900180,16,108,-92
103900181,83,79,4
103900182,125,25,100
103900184,642,109,533
103900185,280,368,-88
103900187,29,78,-49
103900188,43,20,23
103900189,117,6,111
103900190,103,97,6
103900191,72,93,-21
103900192,48,195,-147
103900193,266,294,-28
103900194,93,493,-400
103900195,16,95,-79
103900196,84,61,23
103900197,19,74,-55
103900198,17,122,-105
103900199,183,122,61
103900200,145,321,-176
103900201,310,454,-144
103900202,50,118,-68
103900203,46,21,25
103900204,0,185,-185
103900207,3,171,-168
103900208,157,1,156
103900209,7,142,-135
103900210,63,60,3
103900211,570,545,25
103900212,111,597,-486
103900213,140,302,-162
103900214,297,196,101
103900215,563,474,89
103900216,37,1151,-1114
103900217,558,127,431
103900218,1,462,-461
103900219,232,501,-269
103900233,173,7,166
103900235,55,32,23
103900236,17,6,11
103900242,67,34,33
103900243,12,17,-5
103900244,153,340,-187
103900245,121,356,-235
103900246,65,36,29
103900247,33,146,-113
103900248,44,67,-23
103900249,60,68,-8
103900250,41,32,9
103900251,3,33,-30
103900253,31,115,-84
103900254,7,47,-40
103900255,19,21,-2
103900256,10,60,-50
103900257,53,181,-128
103900258,100,7,93
103900259,107,7,100
103900261,18,8,10
103900262,36,7,29
103900263,43,53,-10
103900264,137,38,99
103900265,137,43,94
103900266,3,122,-119
103900267,15,66,-51
104000001,2359,2582,-223
104000002,2001,3403,-1402
104000003,2893,3348,-455
104000004,3871,3643,228
104000005,1737,2965,-1228
104000006,4046,3841,205
104000007,5523,5624,-101
104000008,295,402,-107
104000009,163,158,5
104000010,157,318,-161
104000011,626,519,107
104000012,132,578,-446
104000013,199,218,-19
104000014,279,952,-673
104000015,371,187,184
104000016,661,642,19
104000018,818,192,626
104000019,659,234,425
104000020,179,805,-626
104000021,313,891,-578
104000022,136,323,-187
104000023,1310,468,842
104000024,267,540,-273
104000026,80,606,-526
104000027,318,386,-68
104000028,390,335,55
104000029,468,591,-123
104000030,280,303,-23
104000031,1512,483,1029
104000032,228,377,-149
104000033,632,636,-4
104000034,386,381,5
104000035,812,548,264
104000036,767,723,44
104000037,326,277,49
104000038,568,347,221
104000039,176,311,-135
104000040,412,444,-32
104000041,1826,483,1343
104000042,215,496,-281
104000043,449,471,-22
104000044,412,843,-431
104000045,1259,1514,-255
104000046,1712,2357,-645
104000047,1731,1711,20
104000048,1226,2186,-960
104000049,1140,445,695
104000050,376,950,-574
104000051,177,745,-568
104000052,3021,2030,991
104000053,2664,737,1927
104000054,1452,611,841
104000055,5392,3439,1953
104000056,1684,268,1416
104000057,196,663,-467
104000058,1140,915,225
104000059,673,1606,-933
104000060,1241,1496,-255
104000061,1619,1474,145
104000062,390,156,234
104000064,593,371,222
104000065,430,877,-447
104000069,1418,1202,216
104000070,77,678,-601
104000071,157,778,-621
104000072,681,267,414
104000075,129,391,-262
104000076,649,155,494
104000082,2813,4048,-1235
104000083,1043,242,801
104000084,168,667,-499
104000085,264,380,-116
104000086,216,531,-315
104000087,675,2376,-1701
104000090,835,1903,-1068
104000092,1245,3084,-1839
104000094,1613,2255,-642
104000095,2235,1872,363
104000096,2092,367,1725
104000097,1952,1134,818
104000098,2305,1511,794
104000100,2173,831,1342
104000101,1638,2393,-755
104000106,107,672,-565
104000107,763,739,24
104000108,433,814,-381
104000109,401,143,258
104000110,1219,1349,-130
104000111,5420,3085,2335
104000112,3301,706,2595
104000116,8,1694,-1686
104000117,163,823,-660
104000118,619,316,303
104000119,944,406,538
104000120,308,1052,-744
104000121,239,1028,-789
104000122,827,1037,-210
104000123,1026,1335,-309
104000124,1287,3008,-1721
104000125,5109,4720,389
104000126,654,554,100
104000127,1850,3792,-1942
104000128,886,628,258
104000129,628,45,583
104000130,36,429,-393
104000131,807,639,168
104000132,700,692,8
104000133,1548,1062,486
104000134,1446,1965,-519
104000135,543,2236,-1693
104000136,1231,4445,-3214
104000137,2119,499,1620
104000138,1625,447,1178
104000139,8967,3990,4977
104000141,1682,1900,-218
104000142,775,1052,-277
104000143,633,847,-214
104000144,86,235,-149
104000145,400,257,143
104000146,407,729,-322
104000147,216,463,-247
104000148,360,168,192
104000149,174,436,-262
104000150,1441,643,798
104000151,563,749,-186
104000152,769,908,-139
104000153,655,665,-10
104000154,1254,966,288
104000155,515,597,-82
104000157,1551,2263,-712
104000158,1114,712,402
104000159,894,641,253
104000160,2008,2201,-193
104000161,249,317,-68
104000162,63,213,-150
104000165,1268,1530,-262
104000167,694,1258,-564
104000168,717,11,706
104000169,87,62,25
104000170,618,621,-3
104000248,312,800,-488
104000251,76,423,-347
104000272,0,0,0
104000273,0,0,0
104000274,0,0,0
104000275,0,0,0
104000279,947,673,274
104000290,169,397,-228
104000291,737,1360,-623
104000293,721,1012,-291
104000294,38,2,36
104000295,777,1173,-396
104000296,553,1157,-604
104000297,1061,2589,-1528
104000298,3600,1211,2389
104000299,1144,1973,-829
104900001,253,801,-548
104900002,60,205,-145
104900003,38,572,-534
104900004,157,587,-430
104900005,260,246,14
104900006,313,130,183
104900007,243,362,-119
104900009,143,449,-306
104900010,80,122,-42
104900011,101,28,73
104900012,441,33,408
104900013,218,19,199
104900014,3837,478,3359
104900015,134,7,127
104900016,308,307,1
104900017,168,324,-156
104900018,29,242,-213
104900019,430,3151,-2721
104900020,128,440,-312
104900021,0,290,-290
104900022,19,169,-150
104900023,3,120,-117
104900024,39,119,-80
104900025,96,382,-286
104900026,9,138,-129
104900027,630,399,231
104900028,40,129,-89
104900029,81,111,-30
104900030,660,299,361
104900031,159,286,-127
104900032,50,167,-117
104900033,191,320,-129
104900034,447,257,190
104900035,398,291,107
104900036,194,139,55
104900037,296,327,-31
104900038,781,1200,-419
104900039,993,398,595
104900040,508,181,327
104900041,287,214,73
104900042,231,304,-73
104900043,25,156,-131
104900044,629,357,272
104900045,479,53,426
104900046,260,202,58
104900047,414,186,228
104900048,246,116,130
104900049,22,32,-10
104900050,768,170,598
104900051,353,82,271
104900052,91,2,89
104900053,506,145,361
104900054,190,59,131
104900055,108,4,104
104900056,560,37,523
104900057,73,3,70
104900058,1372,520,852
104900059,199,79,120
104900060,1,601,-600
104900061,354,981,-627
104900063,0,163,-163
104900064,1,116,-115
104900065,0,197,-197
104900066,6,274,-268
104900067,8,404,-396
104900068,48,308,-260
104900070,244,449,-205
104900071,0,786,-786
104900072,74,465,-391
104900073,80,332,-252
104900074,96,400,-304
104900075,81,127,-46
104900076,173,573,-400
104900077,1426,369,1057
104900078,244,945,-701
104900079,143,473,-330
104900080,139,851,-712
104900082,13,718,-705
104900085,9,294,-285
104900087,1085,20,1065
104900089,196,0,196
104900090,1869,778,1091
104900091,3451,1036,2415
104900093,271,830,-559
104900097,3723,2840,883
104900098,312,55,257
104900099,119,830,-711
104900100,648,372,276
104900102,127,254,-127
104900103,620,106,514
104900104,4438,3322,1116
104900106,171,188,-17
104900107,262,279,-17
104900108,90,332,-242
104900109,140,363,-223
104900110,16,63,-47
104900111,223,187,36
104900112,285,938,-653
104900113,774,585,189
104900114,422,672,-250
104900115,803,610,193
104900116,313,250,63
104900118,46,163,-117
104900119,32,97,-65
104900120,29,256,-227
104900121,4,106,-102
104900122,5,136,-131
104900123,54,9,45
104900124,40,2,38
104900125,572,6,566
104900126,97,100,-3
104900127,28,120,-92
104900128,85,247,-162
104900129,3094,2270,824
105000001,2923,2051,872
105000002,2436,2133,303
105000003,3883,4452,-569
105000004,879,1305,-426
105000005,1096,1304,-208
105000006,1759,1858,-99
105000007,1294,1617,-323
105000008,2247,3210,-963
105000009,2380,3700,-1320
105000010,4168,3328,840
105000011,4113,3252,861
105000012,6682,4357,2325
105000013,1146,1310,-164
105000014,3149,3305,-156
105000015,13208,17995,-4787
105000016,4797,3113,1684
105000017,2378,1241,1137
105000018,1850,1702,148
105000019,2251,1092,1159
105000020,274,519,-245
105000021,358,149,209
105000022,395,116,279
105000023,778,543,235
105000028,132,172,-40
105000029,707,1708,-1001
105000030,5799,4019,1780
105000033,1543,2619,-1076
105000034,254,1334,-1080
105000037,861,651,210
105000038,3183,2087,1096
105000039,4548,2710,1838
105000040,1686,1265,421
105000041,2001,2113,-112
105000042,5808,1898,3910
105000043,3203,3457,-254
105000044,840,669,171
105000045,494,1458,-964
105000046,1177,526,651
105000047,705,2464,-1759
105000048,859,280,579
105000049,330,974,-644
105000050,653,436,217
105000051,215,657,-442
105000052,1056,1109,-53
105000053,176,234,-58
105000054,808,1222,-414
105000055,1881,507,1374
105000056,3885,3354,531
105000057,3276,1199,2077
105000058,1659,1849,-190
105000059,885,924,-39
105000060,543,876,-333
105000061,615,810,-195
105000062,734,1188,-454
105000063,376,752,-376
105000064,1370,1297,73
105000065,365,813,-448
105000066,1355,2204,-849
105000067,1422,1280,142
105000068,677,1201,-524
105000069,2644,1867,777
105000070,955,1130,-175
105000071,318,1033,-715
105000072,726,2036,-1310
105000073,993,868,125
105000074,1796,1188,608
105000075,823,1133,-310
105000076,1416,1363,53
105000077,3353,1260,2093
105000078,1736,1620,116
105000079,1928,3337,-1409
105000080,2620,1971,649
105000081,4459,1500,2959
105000082,1500,1892,-392
105000083,5440,3774,1666
105000084,1592,1232,360
105000085,2941,2117,824
105000086,676,1325,-649
105000087,2066,2607,-541
105000088,2166,2108,58
105000089,5218,3536,1682
105000090,1708,1137,571
105000091,2092,2046,46
105000092,1271,1263,8
105000093,422,341,81
105000094,322,294,28
105000095,149,539,-390
105000096,1384,1240,144
105000097,1284,832,452
105000098,1051,1002,49
105000099,1107,890,217
105000100,1634,1630,4
105000101,3522,2605,917
105000102,5866,2019,3847
105000103,3514,3266,248
105000104,5647,1291,4356
105000105,3483,2973,510
105000106,3503,3175,328
105000107,1508,1546,-38
105000108,1833,2326,-493
105000109,1931,2892,-961
105000110,739,957,-218
105000111,638,1073,-435
105000112,1486,1048,438
105000113,535,1098,-563
105000114,3718,1365,2353
105000115,397,1341,-944
105000116,845,796,49
105000117,982,1355,-373
105000118,980,814,166
105000119,1171,1875,-704
105000120,1242,980,262
105000121,1123,1989,-866
105000122,644,1021,-377
105000123,2369,2061,308
105000124,2343,1200,1143
105000125,1006,2785,-1779
105000126,2293,2500,-207
105000127,2997,3081,-84
105000128,1888,1564,324
105000129,1528,454,1074
105000130,425,2657,-2232
105000131,1110,596,514
105000132,1021,687,334
105000133,732,1409,-677
105000134,729,675,54
105000135,547,826,-279
105000136,89,178,-89
105000137,351,458,-107
105000138,49,147,-98
105000139,1324,1372,-48
105000140,280,548,-268
105000141,367,949,-582
105000142,174,540,-366
105000143,330,1041,-711
105000144,273,1106,-833
105000145,714,564,150
105000146,499,1208,-709
105000147,678,412,266
105000148,1798,736,1062
105000149,3055,2624,431
105000150,2590,2421,169
105000151,612,610,2
105000152,218,656,-438
105000153,699,1103,-404
105000154,814,691,123
105000155,646,1654,-1008
105000156,1301,896,405
105000157,1114,2269,-1155
105000158,2494,1146,1348
105000159,266,1338,-1072
105000160,2058,905,1153
105000161,858,1413,-555
105000162,638,2193,-1555
105000163,1268,1228,40
105000164,276,389,-113
105000165,1569,5938,-4369
105000166,7428,1065,6363
105000167,2962,1781,1181
105000168,436,985,-549
105000169,478,921,-443
105000170,254,2325,-2071
105000171,1451,374,1077
105000172,377,192,185
105000173,196,432,-236
105000174,68,270,-202
105000175,89,188,-99
105000176,372,257,115
105000177,265,272,-7
105000178,165,785,-620
105000179,518,592,-74
105000180,186,229,-43
105000181,128,432,-304
105000182,137,80,57
105000183,4037,2344,1693
105000184,2371,1412,959
105000185,2950,996,1954
105000186,1413,988,425
105000187,1557,243,1314
105000188,673,238,435
105000189,492,612,-120
105000190,422,666,-244
105000191,541,516,25
105000192,522,114,408
105000193,144,208,-64
105000194,379,189,190
105000195,560,1183,-623
105000196,72,273,-201
105000197,307,826,-519
105000198,687,491,196
105000199,400,791,-391
105000200,325,314,11
105000201,320,42,278
105000203,14,241,-227
105000204,107,142,-35
105000205,159,260,-101
105000207,1007,432,575
105000208,402,801,-399
105000209,267,537,-270
105000212,1625,1992,-367
105000213,279,375,-96
105000214,219,567,-348
105000215,283,295,-12
105000216,155,927,-772
105000217,240,629,-389
105000218,1532,1595,-63
105000221,159,306,-147
105000222,1076,108,968
105000223,953,271,682
105000226,106,375,-269
105000227,97,244,-147
105000228,445,2232,-1787
105000229,240,567,-327
105000231,273,391,-118
105000233,1020,921,99
105000234,1245,1513,-268
105000235,591,847,-256
105000237,833,88,745
105000243,45,305,-260
105000248,106,92,14
105000262,439,1863,-1424
105000269,184,291,-107
105000270,468,95,373
105000271,2,268,-266
105000282,66,64,2
105000287,483,175,308
105000288,1597,655,942
105000289,3462,2453,1009
105000290,105,10,95
105000402,5183,4853,330
105000426,720,869,-149
105000438,4689,1801,2888
105000446,17405,7917,9488
105000447,10311,4160,6151
105000454,447,531,-84
105000455,427,353,74
105000474,34,9,25
105000477,466,773,-307
105000478,2230,5167,-2937
105000479,248,162,86
105000480,9553,6353,3200
105000481,5433,4014,1419
105000482,7850,8524,-674
105000483,1741,2322,-581
105000484,2922,3833,-911
105000485,2100,3277,-1177
105000486,5729,3278,2451
105000488,11341,6753,4588
105000489,1046,1299,-253
105000549,351,177,174
105000550,605,1997,-1392
105000551,37,234,-197
105000552,3491,2270,1221
105900001,18,1857,-1839
105900002,1988,834,1154
105900003,19,142,-123
105900004,826,154,672
105900005,60,436,-376
105900006,10,112,-102
105900007,470,27,443
105900008,86,662,-576
105900009,30,34,-4
105900011,890,58,832
105900012,1074,195,879
105900013,9,46,-37
105900014,15,83,-68
105900015,286,428,-142
105900016,681,882,-201
105900017,2138,75,2063
105900018,294,223,71
105900019,96,902,-806
105900020,52,82,-30
105900021,90,635,-545
105900022,543,293,250
105900023,5,204,-199
105900024,55,292,-237
105900025,294,88,206
105900026,443,44,399
105900027,9801,14542,-4741
105900028,937,407,530
105900029,2074,543,1531
105900030,291,333,-42
105900031,511,300,211
105900032,114,217,-103
105900033,117,178,-61
105900034,536,428,108
105900035,341,309,32
105900036,73,176,-103
105900037,87,74,13
105900038,189,380,-191
105900039,108,170,-62
105900040,138,139,-1
105900041,231,303,-72
105900042,80,188,-108
105900043,1635,80,1555
105900044,4,427,-423
105900045,14,1226,-1212
105900046,13,379,-366
105900047,7,90,-83
105900048,143,814,-671
105900050,11738,3881,7857
105900051,34,1410,-1376
105900052,744,517,227
105900053,5022,3821,1201
105900054,459,293,166
105900056,987,639,348
105900057,87,213,-126
105900058,18,23,-5
105900059,0,47,-47
106000001,6033,3335,2698
106000002,3463,6791,-3328
106000003,3264,4470,-1206
106000004,2166,3470,-1304
106000005,3670,7746,-4076
106000006,7085,5618,1467
106000007,839,797,42
106000008,544,500,44
106000009,635,504,131
106000010,652,852,-200
106000011,1036,1581,-545
106000012,1018,1793,-775
106000013,2496,3005,-509
106000014,2581,2256,325
106000015,1784,1904,-120
106000016,1496,3023,-1527
106000017,764,1090,-326
106000018,795,619,176
106000019,513,711,-198
106000020,354,517,-163
106000021,367,585,-218
106000022,446,318,128
106000023,732,533,199
106000024,725,707,18
106000025,123,258,-135
106000026,227,311,-84
106000027,1414,1906,-492
106000028,779,616,163
106000029,1076,1616,-540
106000030,968,631,337
106000034,300,758,-458
106000035,1322,2427,-1105
106000036,308,579,-271
106000037,2434,2071,363
106000038,622,147,475
106000039,261,102,159
106000040,195,1393,-1198
106000041,1002,655,347
106000043,805,277,528
106000046,466,98,368
106000047,81,591,-510
106000049,951,406,545
106000050,588,1115,-527
106000051,706,728,-22
106000052,136,931,-795
106000053,331,268,63
106000054,425,721,-296
106000055,1368,1656,-288
106000056,355,660,-305
106000057,388,506,-118
106000058,195,272,-77
106000059,311,626,-315
106000060,492,712,-220
106000061,215,706,-491
106000062,171,688,-517
106000063,671,636,35
106000064,56,515,-459
106000065,380,415,-35
106000066,185,480,-295
106000067,1280,135,1145
106000068,69,805,-736
106000069,294,99,195
106000070,548,1151,-603
106000071,1224,458,766
106000072,4167,1958,2209
106000073,2029,3498,-1469
106000074,653,765,-112
106000075,384,1949,-1565
106000076,2088,2908,-820
106000077,4356,1722,2634
106000078,1083,1214,-131
106000079,750,1513,-763
106000080,1431,893,538
106000081,804,1626,-822
106000082,2779,1095,1684
106000083,448,1941,-1493
106000084,1284,738,546
106000085,1906,1962,-56
106000086,699,1104,-405
106000087,964,592,372
106000088,473,993,-520
106000089,1173,459,714
106000090,313,915,-602
106000091,294,663,-369
106000092,782,392,390
106000093,369,311,58
106000094,150,357,-207
106000095,774,1086,-312
106000096,984,958,26
106000097,1238,1248,-10
106000098,1204,1595,-391
106000099,388,1369,-981
106000100,2699,361,2338
106000101,4848,486,4362
106000102,834,1082,-248
106000103,831,800,31
106000104,2029,762,1267
106000105,696,984,-288
106000106,839,752,87
106000107,133,438,-305
106000108,418,450,-32
106000109,160,313,-153
106000110,229,559,-330
106000111,341,495,-154
106000112,194,768,-574
106000113,821,702,119
106000114,612,967,-355
106000115,231,637,-406
106000116,301,256,45
106000117,1429,923,506
106000118,1455,1906,-451
106000119,1980,1411,569
106000120,1022,1548,-526
106000121,170,227,-57
106000122,98,411,-313
106000123,417,279,138
106000124,77,370,-293
106000125,59,414,-355
106000126,274,234,40
106000127,931,1348,-417
106000128,710,347,363
106000129,431,1058,-627
106000130,692,525,167
106000131,147,1118,-971
106000132,653,338,315
106000133,3029,1610,1419
106000134,825,4505,-3680
106000135,297,827,-530
106000136,838,1416,-578
106000137,94,1264,-1170
106000138,1554,154,1400
106000139,47,137,-90
106000140,62,85,-23
106000141,88,99,-11
106000142,59,62,-3
106000143,124,105,19
106000144,44,75,-31
106000145,288,340,-52
106000146,409,249,160
106000147,619,591,28
106000148,935,1155,-220
106000149,632,554,78
106000150,628,2394,-1766
106000151,4791,1210,3581
106000152,1991,2758,-767
106000153,102,2434,-2332
106000154,1794,329,1465
106000155,154,342,-188
106000156,1025,640,385
106000157,1087,2304,-1217
106000158,3048,1478,1570
106000159,4410,2263,2147
106000160,528,3375,-2847
106000161,2093,603,1490
106000162,278,1141,-863
106000163,717,601,116
106000164,369,472,-103
106000165,286,792,-506
106000166,849,530,319
106000167,455,1428,-973
106000168,531,469,62
106000169,300,872,-572
106000170,1472,350,1122
106000171,552,1718,-1166
106000172,3623,2329,1294
106000173,1614,3823,-2209
106000174,1443,508,935
106000175,363,1232,-869
106000176,2017,1259,758
106000177,1080,3327,-2247
106000178,4310,2523,1787
106000179,1501,3509,-2008
106000180,1105,1836,-731
106000181,854,2312,-1458
106000182,1207,1213,-6
106000183,1443,1151,292
106000184,2742,1191,1551
106000185,1531,1584,-53
106000186,1203,345,858
106000187,365,1500,-1135
106000188,3,4,-1
106000189,17,100,-83
106000190,85,2,83
106000191,719,389,330
106000192,4,37,-33
106000193,609,323,286
106000194,221,582,-361
106000195,1747,279,1468
106000196,361,851,-490
106000197,1202,444,758
106000198,365,362,3
106000199,2727,1229,1498
106000200,361,354,7
106000201,562,3147,-2585
106000202,5933,951,4982
106000203,106,278,-172
106000204,73,14,59
106000205,12,213,-201
106000206,75,26,49
106000207,51,1109,-1058
106000208,1568,194,1374
106000209,1809,565,1244
106000210,472,1404,-932
106000211,506,1583,-1077
106000212,1246,431,815
106000213,1020,2332,-1312
106000214,3724,920,2804
106000215,750,561,189
106000216,1018,455,563
106000217,285,559,-274
106000218,533,544,-11
106000219,155,398,-243
106000220,768,482,286
106000221,229,469,-240
106000222,99,135,-36
106000223,221,190,31
106000224,219,340,-121
106000225,76,192,-116
106000226,177,375,-198
106000228,62,117,-55
106000229,112,879,-767
106000231,1025,258,767
106000232,122,446,-324
106000233,1182,128,1054
106000234,668,260,408
106000235,3554,124,3430
106000236,1547,126,1421
106000237,31,30,1
106000238,704,17,687
106000239,4,303,-299
106000240,60,4,56
106000241,36,985,-949
106000242,325,37,288
106000249,85,107,-22
106000250,92,773,-681
106000251,234,51,183
106000252,72,131,-59
106000253,56,92,-36
106000254,53,57,-4
106000255,23,206,-183
106000256,51,88,-37
106000257,214,463,-249
106000258,1490,13,1477
106000259,51,62,-11
106000260,33,6,27
106000261,1,66,-65
106000262,201,23,178
106000263,29,106,-77
106000264,316,21,295
106000265,32,257,-225
106000266,163,46,117
106000267,8,136,-128
106000268,697,133,564
106000269,112,86,26
106000270,197,722,-525
106000271,107,320,-213
106000272,430,88,342
106000273,17,430,-413
106000274,259,80,179
106000275,195,413,-218
106000276,308,58,250
106000277,212,463,-251
106000278,442,44,398
106000279,26,42,-16
106000280,86,95,-9
106000281,161,95,66
106000282,98,95,3
106000283,166,97,69
106000284,112,128,-16
106000285,182,118,64
106000286,110,206,-96
106000287,249,82,167
106000288,161,229,-68
106000289,157,73,84
106000290,74,154,-80
106000291,145,133,12
106000292,116,142,-26
106000293,196,112,84
106000294,153,181,-28
106000295,71,107,-36
106000296,74,181,-107
106000297,102,348,-246
106000298,209,85,124
106000299,80,219,-139
106000300,62,142,-80
106000301,80,140,-60
106000303,31,171,-140
106000304,40,62,-22
106000305,125,81,44
106000306,42,82,-40
106000307,71,48,23
106000308,46,236,-190
106000309,35,124,-89
106000310,340,706,-366
106000311,422,261,161
106000312,90,224,-134
106000313,205,327,-122
106000318,156,726,-570
106000319,1221,289,932
106000320,2,97,-95
106000321,840,163,677
106000322,207,278,-71
106000324,22,199,-177
106000325,1853,1409,444
106000326,1346,2531,-1185
106000327,210,175,35
106000328,123,173,-50
106000329,527,357,170
106000330,251,123,128
106000428,118,179,-61
106000429,165,453,-288
106000430,470,1414,-944
106000431,3062,579,2483
106000432,2193,3292,-1099
106000433,2378,1704,674
106000434,3645,2148,1497
106000435,2215,3187,-972
106000436,18,391,-373
106000437,436,55,381
106000438,508,225,283
106000439,119,530,-411
106000440,695,629,66
106000441,0,0,0
106000442,150,10,140
106000443,165,444,-279
106000450,4,248,-244
106000451,32,53,-21
106000454,5,754,-749
106000455,19,309,-290
106000456,160,56,104
106000457,10,1473,-1463
106000458,774,189,585
106000459,143,676,-533
106000460,1977,92,1885
106000461,108,2148,-2040
106000462,0,42,-42
106000463,3,36,-33
106000464,6,666,-660
106000465,646,2,644
106000466,5,870,-865
106000467,683,989,-306
106000468,99,347,-248
106000469,349,1,348
106000470,339,2126,-1787
106000471,38,898,-860
106000472,175,29,146
106000473,32,39,-7
106000474,361,711,-350
106000475,315,239,76
106000476,155,226,-71
106000477,36,51,-15
106900001,0,22,-22
106900002,2,648,-646
106900003,355,1723,-1368
106900004,0,52,-52
106900006,0,18,-18
106900007,1,11,-10
106900008,353,391,-38
106900009,374,545,-171
106900010,339,445,-106
106900012,2406,5032,-2626
106900013,1983,168,1815
106900014,25,7,18
106900015,23,0,23
106900016,359,9,350
106900017,7,0,7
106900018,3,0,3
106900019,40,4,36
106900020,4259,1734,2525
106900021,136,118,18
106900022,820,1,819
106900023,66,311,-245
106900024,2309,58,2251
106900025,77,1036,-959
106900026,5,830,-825
106900027,984,8,976
107000001,5487,5007,480
107000002,5434,7878,-2444
107000003,6633,8520,-1887
107000004,7434,8379,-945
107000005,5202,7632,-2430
107000006,8527,7663,864
107000007,7375,13905,-6530
107000008,17991,13139,4852
107000009,8969,10010,-1041
107000010,18506,15677,2829
107000011,1625,2209,-584
107000012,6520,5041,1479
107000013,81,165,-84
107000014,49,332,-283
107000015,637,1067,-430
107000016,812,1106,-294
107000017,14983,2437,12546
107000018,168,2028,-1860
107000020,9468,2392,7076
107000021,3694,824,2870
107000022,3476,2639,837
107000023,4790,485,4305
107000024,1098,2218,-1120
107000025,313,694,-381
107000026,510,837,-327
107000027,1391,2032,-641
107000028,1748,2259,-511
107000029,4150,4609,-459
107000030,4906,4952,-46
107000031,4390,4495,-105
107000032,802,1309,-507
107000033,4560,11604,-7044
107000034,6322,2730,3592
107000035,516,311,205
107000036,580,1713,-1133
107000037,79,1191,-1112
107000038,353,450,-97
107000039,828,1033,-205
107000040,221,604,-383
107000041,2242,1101,1141
107000042,974,2853,-1879
107000043,4421,1469,2952
107000044,909,499,410
107000045,197,399,-202
107000046,1262,546,716
107000047,686,1164,-478
107000048,794,409,385
107000049,695,1103,-408
107000050,1170,764,406
107000051,614,540,74
107000052,1391,1405,-14
107000053,487,244,243
107000054,76,389,-313
107000055,183,178,5
107000056,555,1107,-552
107000057,1633,368,1265
107000058,2745,2987,-242
107000059,2964,4728,-1764
107000060,5324,7714,-2390
107000061,6940,5698,1242
107000062,4446,3893,553
107000063,5256,7722,-2466
107000064,6004,3392,2612
107000065,8865,6868,1997
107000066,3110,4182,-1072
107000067,1485,1666,-181
107000068,2053,962,1091
107000069,900,760,140
107000070,1474,21,1453
107000071,3468,71,3397
107000072,127,4257,-4130
107000073,946,399,547
107000074,270,1551,-1281
107000075,1808,620,1188
107000076,1081,2341,-1260
107000077,4261,1578,2683
107000078,3903,5150,-1247
107000079,3359,1247,2112
107000080,1764,5051,-3287
107000081,2025,835,1190
107000082,704,3155,-2451
107000083,1677,637,1040
107000084,712,3175,-2463
107000085,3768,4689,-921
107000086,4690,4750,-60
107000087,3508,2861,647
107000088,5162,4803,359
107000089,1631,2483,-852
107000090,1372,1516,-144
107000091,1309,1105,204
107000092,881,1403,-522
107000093,1363,1156,207
107000094,1338,1495,-157
107000095,1322,929,393
107000096,852,1494,-642
107000097,1221,309,912
107000098,1359,677,682
107000099,906,462,444
107000100,414,382,32
107000101,95,236,-141
107000102,435,504,-69
107000103,337,238,99
107000104,261,407,-146
107000105,511,290,221
107000106,650,385,265
107000107,690,319,371
107000108,321,866,-545
107000109,893,255,638
107000110,94,773,-679
107000111,437,72,365
107000112,38,437,-399
107000113,721,198,523
107000114,126,727,-601
107000115,633,190,443
107000116,171,1047,-876
107000117,187,652,-465
107000118,145,287,-142
107000119,1925,2061,-136
107000120,1800,627,1173
107000121,912,924,-12
107000122,1540,1310,230
107000123,493,858,-365
107000124,656,1234,-578
107000125,888,929,-41
107000126,956,1157,-201
107000127,80,432,-352
107000129,696,225,471
107000130,821,435,386
107000131,615,425,190
107000132,863,566,297
107000133,1505,150,1355
107000134,625,5,620
107000135,9,370,-361
107000136,990,12,978
107000137,12,611,-599
107000138,707,68,639
107000139,49,592,-543
107000140,3383,236,3147
107000141,241,1125,-884
107000142,675,201,474
107000143,126,1034,-908
107000144,1200,877,323
107000145,259,734,-475
107000146,270,541,-271
107000147,4060,1219,2841
107000150,1137,5142,-4005
107000151,79,156,-77
107000152,584,1548,-964
107000153,300,688,-388
107000154,345,335,10
107000155,1125,37,1088
107000156,1510,44,1466
107000157,106,2399,-2293
107000158,692,41,651
107000159,56,1298,-1242
107000160,982,315,667
107000161,110,2266,-2156
107000162,283,884,-601
107000163,475,7,468
107000164,845,0,845
107000165,1040,22,1018
107000166,70,1660,-1590
107000167,726,422,304
107000168,1061,751,310
107000169,991,1320,-329
107000170,2185,1247,938
107000171,1042,3019,-1977
107000172,1212,1725,-513
107000173,871,1488,-617
107000174,1250,6787,-5537
107000175,10518,2730,7788
107000176,1,2,-1
107000177,31,1,30
107000178,20,97,-77
107000179,367,3121,-2754
107000180,1403,613,790
107000181,407,1575,-1168
107000182,1868,1439,429
107000183,198,1416,-1218
107000184,1074,1045,29
107000185,679,2201,-1522
107000186,1479,748,731
107000187,1955,1873,82
107000188,776,847,-71
107000189,568,1612,-1044
107000190,830,984,-154
107000191,848,1399,-551
107000192,1969,1207,762
107000193,503,690,-187
107000194,929,1045,-116
107000197,1177,560,617
107000198,440,1006,-566
107000199,902,1132,-230
107000200,974,1001,-27
107000201,786,375,411
107000202,499,719,-220
107000203,2536,1054,1482
107000204,2598,1121,1477
107000205,3504,1749,1755
107000206,1595,1779,-184
107000207,946,1565,-619
107000208,1789,638,1151
107000209,3167,1454,1713
107000210,1212,531,681
107000211,9,50,-41
107000212,30,421,-391
107000213,11,25,-14
107000214,22,242,-220
107000215,570,576,-6
107000216,446,459,-13
107000217,534,208,326
107000219,142,183,-41
107000220,760,299,461
107000222,364,1120,-756
107000224,1002,110,892
107000225,1270,867,403
107000226,669,136,533
107000227,266,486,-220
107000228,152,250,-98
107000229,177,268,-91
107000230,1436,686,750
107000231,2453,2079,374
107000232,133,92,41
107000233,2295,1253,1042
107000234,4,83,-79
107000235,106,11,95
107000236,19,1313,-1294
107000237,30,2,28
107000238,91,1,90
107000239,4717,624,4093
107000240,92,1595,-1503
107000241,136,36,100
107000242,572,94,478
107000243,0,110,-110
107000244,10,86,-76
107000246,2,1425,-1423
107000249,8,1468,-1460
107000251,2,431,-429
107000252,8,1780,-1772
107000255,836,134,702
107000257,7,487,-480
107000258,0,199,-199
107000259,11,290,-279
107000260,735,21,714
107000262,21,724,-703
107000263,254,39,215
107000266,8,34,-26
107000267,114,198,-84
107000268,178,246,-68
107000269,895,82,813
107000270,4,34,-30
107000271,44,1010,-966
107000272,52,258,-206
107000273,14,259,-245
107000274,6701,557,6144
107000275,316,1656,-1340
107000280,820,61,759
107000281,91,1240,-1149
107000282,80,1212,-1132
107000290,8,28,-20
107000291,54,27,27
107000292,0,115,-115
107000293,436,3,433
107000294,0,27,-27
107000295,321,6,315
107000296,0,30,-30
107000444,353,16,337
107000496,6,38,-32
107000497,2002,3792,-1790
107000500,308,365,-57
107000501,182,202,-20
107000502,256,419,-163
107000505,554,1131,-577
107000506,8,71,-63
107000508,21,1037,-1016
107000509,312,1648,-1336
107000510,173,28,145
107000514,55,442,-387
107000515,40,293,-253
107000516,339,440,-101
107000518,1242,1409,-167
107000519,2854,1467,1387
107000520,84,36,48
107900001,61,259,-198
107900002,69,7,62
107900003,437,27,410
107900004,114,2,112
107900005,1456,7,1449
107900006,227,3,224
107900007,317,40,277
107900008,304,42,262
107900009,416,13,403
107900010,44,2,42
107900012,332,25,307
107900013,359,68,291
107900014,53,26,27
107900015,1062,13,1049
107900016,678,116,562
107900017,59,7,52
107900018,71,159,-88
107900019,36,60,-24
107900020,218,13,205
107900021,78,212,-134
107900023,8,1,7
107900024,0,13,-13
107900025,220,411,-191
107900026,96,82,14
107900027,126,108,18
107900028,105,95,10
107900030,216,30,186
107900031,72,176,-104
107900032,43,16,27
107900033,23,19,4
107900034,477,35,442
107900035,869,97,772
107900036,72,22,50
107900037,0,18,-18
107900038,163,270,-107
107900039,38,56,-18
107900040,140,505,-365
107900041,3,3,0
107900043,34,210,-176
107900044,76,61,15
107900045,153,59,94
107900046,187,234,-47
107900047,21,31,-10
107900048,166,11,155
107900049,499,3059,-2560
107900050,234,571,-337
107900051,77,105,-28
107900052,22,31,-9
107900053,50,127,-77
107900055,1069,475,594
107900056,305,83,222
107900057,4,0,4
107900058,92,791,-699
107900060,215,59,156
107900061,34,7,27
107900063,106,168,-62
107900064,432,185,247
107900065,190,23,167
107900066,42,17,25
107900067,0,0,0
107900068,321,458,-137
107900069,35,1975,-1940
107900070,158,80,78
107900071,30,962,-932
107900072,133,256,-123
107900073,547,166,381
107900074,1217,352,865
107900076,132,65,67
107900077,99,23,76
107900078,300,126,174
107900079,28,37,-9
107900080,356,540,-184
107900081,66,196,-130
107900082,43,42,1
107900083,706,210,496
107900084,119,142,-23
107900086,226,212,14
107900087,964,205,759
107900088,23,11,12
107900089,428,1549,-1121
107900090,1524,4039,-2515
107900091,335,838,-503
107900092,2986,781,2205
107900093,183,188,-5
107900095,4802,3368,1434
107900097,32,87,-55
107900098,59,197,-138
107900100,1608,1400,208
107900101,1607,359,1248
107900102,28,10,18
107900103,81,411,-330
107900104,411,10,401
107900105,3,684,-681
107900106,8,1569,-1561
107900107,3066,733,2333
107900108,418,251,167
107900109,1169,25,1144
107900110,60,247,-187
107900111,8,1287,-1279
107900112,95,459,-364
107900113,233,237,-4
107900114,178,249,-71
107900115,1,67,-66
107900116,147,274,-127
107900117,508,723,-215
107900118,101,260,-159
107900119,125,522,-397
107900120,36,31,5
107900121,2,519,-517
107900122,6,189,-183
107900123,2,52,-50
107900124,64,52,12
107900125,53,242,-189
107900126,7,94,-87
107900127,882,469,413
107900128,189,138,51
107900129,64,123,-59
107900130,81,79,2
107900131,1231,446,785
107900132,185,668,-483
107900133,3,109,-106
107900134,67,81,-14
107900135,8,259,-251
107900136,52,98,-46
107900137,405,188,217
107900138,71,158,-87
107900139,32,188,-156
107900140,136,79,57
107900141,81,73,8
107900142,277,1362,-1085
107900143,372,48,324
107900144,2,212,-210
107900145,16,220,-204
107900146,100,149,-49
107900147,69,85,-16
107900148,201,216,-15
107900149,1490,443,1047
107900150,111,1112,-1001
107900151,48,187,-139
107900152,23,382,-359
107900153,138,413,-275
107900154,90,31,59
107900155,63,141,-78
107900156,4,494,-490
107900157,81,77,4
107900158,953,38,915
107900159,49,1334,-1285
107900160,139,235,-96
107900161,40,278,-238
107900162,1,278,-277
107900163,232,256,-24
107900164,4,51,-47
107900165,26,118,-92
107900166,20,291,-271
107900167,31,63,-32
107900168,39,59,-20
107900169,7,312,-305
107900171,44,2044,-2000
107900172,10,493,-483
107900173,16,184,-168
107900174,123,10,113
107900175,127,90,37
107900176,26,40,-14
107900177,3,495,-492
107900178,0,230,-230
107900179,30,235,-205
107900180,929,521,408
107900181,997,356,641
107900182,119,1772,-1653
107900183,59,459,-400
107900184,428,361,67
107900185,102,1,101
107900186,37,71,-34
107900187,2,168,-166
107900188,999,220,779
107900189,58,224,-166
107900190,119,156,-37
107900191,104,181,-77
107900193,8,98,-90
107900194,322,16,306
107900195,4249,739,3510
107900196,94,178,-84
107900197,1307,515,792
107900199,4,1232,-1228
107900201,115,139,-24
107900203,75,156,-81
107900204,264,401,-137
107900205,296,573,-277
107900206,1225,230,995
107900207,5,586,-581
107900208,21,881,-860
107900209,560,243,317
107900210,101,166,-65
107900213,1245,1122,123
107900214,62,158,-96
107900215,198,450,-252
107900216,256,114,142
107900217,102,123,-21
107900218,37,3020,-2983
107900219,47,177,-130
107900220,380,439,-59
107900221,266,272,-6
107900223,96,850,-754
107900224,162,527,-365
107900225,25,1113,-1088
107900226,133,165,-32
107900227,127,567,-440
107900228,23,186,-163
107900229,8,403,-395
107900230,20,199,-179
107900231,27,296,-269
107900232,87,218,-131
107900233,8,207,-199
107900234,107,271,-164
107900235,61,158,-97
107900236,112,158,-46
107900237,114,785,-671
107900238,26,156,-130
107900239,1094,698,396
107900240,36,207,-171
107900241,19,135,-116
107900242,43,353,-310
107900243,12,98,-86
107900244,396,3,393
107900245,618,60,558
107900246,1278,31,1247
107900248,331,752,-421
107900249,782,57,725
107900250,3,831,-828
107900251,49,1443,-1394
107900252,1019,69,950
107900253,175,7,168
107900254,100,981,-881
107900255,447,142,305
107900256,4251,3062,1189
107900257,291,204,87
107900258,161,241,-80
107900259,124,2037,-1913
107900261,25,986,-961
107900262,110,192,-82
107900264,569,20,549
107900265,650,217,433
107900267,200,38,162
107900268,19,0,19
107900269,0,6,-6
107900270,0,0,0
107900271,0,6,-6
107900272,93,20,73
107900273,71,150,-79
107900274,76,1,75
107900275,27,0,27
107900276,1,101,-100
107900277,1,263,-262
107900278,405,507,-102
107900279,148,254,-106
107900280,2433,3491,-1058
107900281,2865,2796,69
107900282,70,581,-511
107900283,1612,714,898
107900284,1003,1041,-38
107900285,120,122,-2
107900286,216,126,90
107900287,194,288,-94
107900290,0,146,-146
107900291,503,14,489
107900292,249,339,-90
107900293,55,646,-591
107900295,45,68,-23
107900297,4,523,-519
107900298,1041,1203,-162
107900299,4619,2955,1664
107900300,73,307,-234
107900301,1995,712,1283
107900302,125,75,50
107900303,448,471,-23
107900304,291,776,-485
107900305,350,15,335
107900306,40,34,6
107900307,72,336,-264
107900308,204,155,49
107900309,144,6,138
107900310,1185,9,1176
107900311,19,502,-483
107900312,140,4,136
107900313,5,234,-229
107900314,2,79,-77
107900315,5,77,-72
107900316,67,6,61
107900317,216,32,184
107900318,43,298,-255
107900319,5,289,-284
107900320,3,212,-209
107900321,149,16,133
107900322,2,170,-168
107900323,10,211,-201
107900324,182,4,178
107900325,111,1,110
107900326,450,382,68
107900327,2,87,-85
107900328,280,3,277
107900329,314,235,79
107900330,9,584,-575
107900331,189,53,136
107900332,277,50,227
107900333,59,15,44
107900334,52,266,-214
107900335,111,61,50
107900336,181,72,109
107900337,1826,1145,681
107900338,2,248,-246
107900339,6,46,-40
107900340,0,76,-76
107900341,70,1,69
107900342,138,224,-86
107900343,151,4,147
107900344,6,125,-119
107900345,127,52,75
107900346,72,4,68
107900347,31,5,26
107900348,98,1,97
107900349,26,21,5
107900350,36,374,-338
108000001,3425,4437,-1012
108000002,2585,3725,-1140
108000003,4289,3881,408
108000004,17122,21512,-4390
108000005,9872,7429,2443
108000006,11248,11479,-231
108000007,6387,5512,875
108000008,5948,9211,-3263
108000009,4762,5761,-999
108000010,5635,7013,-1378
108000011,15684,14566,1118
108000012,25990,23748,2242
108000014,1455,1012,443
108000015,704,406,298
108000016,356,800,-444
108000017,1113,527,586
108000018,2752,876,1876
108000019,4596,1118,3478
108000020,1855,665,1190
108000021,540,2465,-1925
108000022,576,1740,-1164
108000023,1340,356,984
108000024,328,799,-471
108000025,377,377,0
108000026,616,610,6
108000027,863,719,144
108000028,682,348,334
108000029,776,888,-112
108000030,740,380,360
108000031,265,971,-706
108000032,1694,868,826
108000033,828,1683,-855
108000034,1787,756,1031
108000035,1100,3303,-2203
108000036,392,1360,-968
108000037,1618,745,873
108000038,2676,859,1817
108000039,737,3051,-2314
108000040,1877,1253,624
108000041,866,3661,-2795
108000042,434,360,74
108000043,303,522,-219
108000044,1347,214,1133
108000045,368,1686,-1318
108000046,1579,508,1071
108000047,552,1570,-1018
108000048,488,558,-70
108000049,2133,441,1692
108000050,117,601,-484
108000051,328,148,180
108000052,451,903,-452
108000053,487,296,191
108000054,602,1339,-737
108000055,1317,651,666
108000056,1256,1518,-262
108000057,754,1488,-734
108000058,2264,4366,-2102
108000059,4233,2891,1342
108000060,188,519,-331
108000061,147,424,-277
108000062,916,711,205
108000063,612,732,-120
108000064,292,432,-140
108000065,652,969,-317
108000066,2024,1051,973
108000067,1947,901,1046
108000068,860,523,337
108000069,276,1433,-1157
108000070,2132,1024,1108
108000071,856,2353,-1497
108000072,1970,1665,305
108000073,1777,2875,-1098
108000074,789,509,280
108000075,461,1383,-922
108000076,883,799,84
108000077,771,1071,-300
108000078,2263,1964,299
108000079,1041,2296,-1255
108000080,1760,850,910
108000081,995,2474,-1479
108000082,1257,2675,-1418
108000083,2006,1262,744
108000084,720,1736,-1016
108000085,1024,642,382
108000086,1470,1060,410
108000087,186,2335,-2149
108000088,223,14,209
108000089,540,724,-184
108000090,622,231,391
108000091,421,699,-278
108000092,155,122,33
108000093,228,956,-728
108000094,705,128,577
108000095,124,639,-515
108000096,355,194,161
108000097,197,714,-517
108000098,1934,2158,-224
108000099,460,141,319
108000100,63,306,-243
108000101,2372,1918,454
108000102,2187,3876,-1689
108000106,1300,2,1298
108000107,1,1208,-1207
108000108,1034,71,963
108000109,22,937,-915
108000110,185,490,-305
108000111,221,984,-763
108000112,64,148,-84
108000113,563,320,243
108000115,452,434,18
108000117,929,467,462
108000118,99,306,-207
108000119,867,566,301
108000120,189,870,-681
108000121,291,759,-468
108000122,796,414,382
108000123,2864,337,2527
108000124,1123,1113,10
108000125,592,393,199
108000126,174,614,-440
108000127,610,673,-63
108000128,794,876,-82
108000129,1293,1670,-377
108000130,1448,498,950
108000131,967,862,105
108000132,2808,2084,724
108000133,1003,886,117
108000134,641,806,-165
108000135,1222,936,286
108000136,808,1396,-588
108000137,452,545,-93
108000138,494,1562,-1068
108000139,587,388,199
108000140,121,47,74
108000141,46,147,-101
108000142,57,138,-81
108000143,29,35,-6
108000144,47,16,31
108000145,45,31,14
108000146,78,18,60
108000147,77,48,29
108000148,104,36,68
108000149,29,20,9
108000150,46,22,24
108000151,82,45,37
108000152,128,700,-572
108000153,462,272,190
108000154,79,15,64
108000155,93,40,53
108000156,465,160,305
108000157,317,1160,-843
108000158,96,851,-755
108000159,635,233,402
108000160,4337,1565,2772
108000161,4114,3291,823
108000165,11,234,-223
108000172,13,360,-347
108000173,2645,2609,36
108000175,283,176,107
108000178,500,427,73
108000179,233,1123,-890
108000181,83,44,39
108000182,138,22,116
108000183,103,36,67
108000184,1331,2724,-1393
108000185,334,871,-537
108000186,212,118,94
108000187,240,906,-666
108000188,778,350,428
108000189,953,1758,-805
108000190,33,151,-118
108000192,263,746,-483
108000193,1241,86,1155
108000194,49,8,41
108000195,5,1506,-1501
108000196,1210,223,987
108000198,521,506,15
108000199,0,183,-183
108000200,659,812,-153
108000202,5,297,-292
108000203,157,988,-831
108000204,201,122,79
108000205,521,767,-246
108000339,2163,515,1648
108000364,158,438,-280
108000365,138,449,-311
108000367,214,578,-364
108000368,18,92,-74
108000369,1678,332,1346
108000371,4,765,-761
108000372,635,7,628
108000373,285,231,54
108000376,96,43,53
108000377,475,428,47
108000378,11625,12860,-1235
108000379,55,263,-208
108000381,71,44,27
108000382,112,0,112
108000383,0,93,-93
108900001,156,1419,-1263
108900002,273,101,172
108900003,392,960,-568
108900004,279,609,-330
108900005,90,456,-366
108900006,1008,225,783
108900007,311,331,-20
108900008,144,230,-86
108900009,67,174,-107
108900010,233,258,-25
108900011,508,550,-42
108900012,364,636,-272
108900013,172,332,-160
108900014,9,142,-133
108900015,0,73,-73
108900016,4,347,-343
108900017,449,504,-55
108900018,163,625,-462
108900019,41,1309,-1268
108900020,40,283,-243
108900021,155,365,-210
108900022,45,354,-309
108900023,297,65,232
108900024,49,152,-103
108900025,140,206,-66
108900026,52,141,-89
108900028,86,407,-321
108900029,77,350,-273
108900031,139,578,-439
108900032,16,289,-273
108900034,0,288,-288
108900035,426,1788,-1362
108900036,274,437,-163
108900037,132,459,-327
108900039,1,591,-590
108900040,10,182,-172
108900041,7034,3638,3396
108900042,15,511,-496
108900043,118,590,-472
108900045,69,855,-786
108900046,10,174,-164
108900047,0,73,-73
108900048,160,1275,-1115
108900049,5146,1955,3191
108900050,2,265,-263
108900051,1,221,-220
108900052,38,336,-298
108900053,127,257,-130
108900054,78,292,-214
108900055,61,610,-549
108900056,1,200,-199
108900057,2,245,-243
108900058,40,552,-512
108900059,431,37,394
108900060,86,142,-56
108900061,116,55,61
108900062,0,310,-310
108900063,24,462,-438
108900064,207,84,123
108900065,25,353,-328
108900066,411,158,253
108900067,55,174,-119
108900068,0,112,-112
108900069,82,144,-62
108900070,71,151,-80
108900071,81,111,-30
108900072,2995,835,2160
108900073,20,104,-84
108900074,183,540,-357
108900075,103,64,39
108900076,338,109,229
108900077,157,155,2
108900078,25,252,-227
108900079,1246,324,922
108900080,59,1026,-967
108900081,64,313,-249
108900082,66,133,-67
108900083,53,384,-331
108900084,473,185,288
108900085,2970,311,2659
108900086,88,375,-287
108900087,148,347,-199
108900088,1181,515,666
108900089,29,186,-157
108900090,28,464,-436
108900091,154,150,4
108900092,531,569,-38
108900093,108,122,-14
108900094,254,110,144
108900095,107,535,-428
108900096,464,39,425
108900097,317,316,1
108900098,3452,985,2467
108900099,387,394,-7
108900100,82,194,-112
108900101,237,141,96
108900102,134,974,-840
108900103,247,133,114
108900104,188,527,-339
108900105,2,1203,-1201
108900106,422,573,-151
108900108,666,85,581
108900109,192,35,157
108900110,256,750,-494
108900111,498,836,-338
108900112,342,47,295
108900113,31,91,-60
108900114,2,2,0
108900115,149,156,-7
108900116,177,22,155
108900117,170,16,154
108900119,229,39,190
108900120,522,225,297
108900121,379,204,175
108900122,134,60,74
108900123,149,177,-28
108900124,381,300,81
108900126,130,35,95
108900127,167,33,134
108900128,110,61,49
108900129,778,255,523
108900131,527,10,517
108900132,552,97,455
108900133,227,82,145
108900134,394,374,20
108900135,159,16,143
108900137,137,4,133
108900138,622,55,567
108900139,637,197,440
108900140,294,360,-66
108900141,333,26,307
108900142,154,22,132
108900143,0,0,0
108900144,112,0,112
108900145,171,10,161
108900146,81,2,79
108900147,264,1,263
108900148,84,66,18
108900149,844,568,276
108900150,303,6,297
108900151,430,16,414
108900152,245,76,169
108900153,173,541,-368
108900154,5992,689,5303
108900155,291,154,137
108900156,89,19,70
108900157,36,692,-656
108900158,801,65,736
108900159,10,340,-330
108900160,28,327,-299
108900161,23,561,-538
108900162,108,3,105
108900163,1,344,-343
108900164,60,108,-48
108900165,229,123,106
108900167,2677,6790,-4113
108900168,10167,3387,6780
108900169,90,177,-87
108900171,11442,3537,7905
108900172,210,65,145
108900173,281,527,-246
108900174,772,825,-53
108900176,175,550,-375
108900177,8284,8498,-214
108900178,5132,3934,1198
108900179,672,1648,-976
108900180,132,304,-172
108900182,66,347,-281
108900183,218,303,-85
108900184,585,343,242
108900185,378,523,-145
108900186,89,501,-412
108900187,400,109,291
108900188,516,123,393
108900189,599,286,313
108900190,92,4099,-4007
108900191,291,56,235
108900192,92,293,-201
108900193,618,106,512
108900194,97,654,-557
108900195,154,473,-319
108900196,26,668,-642
108900198,4,594,-590
108900199,302,553,-251
108900200,727,419,308
108900201,661,1823,-1162
108900203,652,104,548
108900204,467,20,447
108900205,184,45,139
108900206,894,56,838
108900207,187,53,134
108900208,18,434,-416
108900209,305,763,-458
108900210,249,310,-61
108900211,189,577,-388
108900212,861,1818,-957
108900215,124,682,-558
108900216,719,254,465
108900217,220,2,218
108900218,265,117,148
108900219,126,23,103
108900220,80,40,40
108900221,57,181,-124
108900222,261,36,225
108900223,13,146,-133
108900224,44,305,-261
108900225,0,239,-239
108900226,371,7,364
108900227,134,313,-179
108900230,267,344,-77
108900231,43,321,-278
108900232,3,748,-745
108900233,495,132,363
108900234,387,267,120
108900235,268,863,-595
108900236,95,451,-356
108900237,131,304,-173
108900240,240,160,80
108900241,51,58,-7
108900245,14,1884,-1870
108900249,201,54,147
108900250,265,174,91
108900257,252,675,-423
108900258,17,264,-247
108900259,230,146,84
108900260,19,127,-108
108900261,143,211,-68
108900262,197,223,-26
108900263,21,250,-229
108900264,598,288,310
108900265,1353,410,943
108900266,1365,547,818
108900267,2,96,-94
108900268,16,4,12
108900269,69,13,56
108900270,71,14,57
108900271,41,17,24
108900272,204,12,192
108900273,1264,722,542
108900274,46,77,-31
108900275,60,4,56
108900276,12,105,-93
109000001,4944,1500,3444
109000002,2422,1852,570
109000003,3067,662,2405
109000004,540,2774,-2234
109000005,2938,941,1997
109000006,959,2665,-1706
109000007,1750,837,913
109000008,616,2249,-1633
109000009,4650,1879,2771
109000010,1737,4709,-2972
109000011,3508,2729,779
109000012,2374,4437,-2063
109000013,4213,3889,324
109000014,2893,4347,-1454
109000015,4378,7986,-3608
109000016,9306,4877,4429
109000017,2495,1673,822
109000018,1050,4107,-3057
109000019,2927,1707,1220
109000020,1233,2386,-1153
109000023,404,41,363
109000024,10,226,-216
109000025,440,554,-114
109000026,903,476,427
109000027,141,392,-251
109000028,164,165,-1
109000029,168,244,-76
109000030,103,673,-570
109000031,284,317,-33
109000032,172,675,-503
109000033,412,276,136
109000034,63,57,6
109000035,17,122,-105
109000036,362,521,-159
109000037,291,1474,-1183
109000038,942,589,353
109000039,1189,772,417
109000040,6365,9287,-2922
109000041,5033,2015,3018
109000042,856,1775,-919
109000044,565,97,468
109000045,157,487,-330
109000046,438,116,322
109000047,92,611,-519
109000048,1141,353,788
109000049,451,853,-402
109000050,560,438,122
109000051,401,509,-108
109000052,708,1630,-922
109000053,295,166,129
109000054,2374,874,1500
109000055,1016,477,539
109000056,655,1031,-376
109000057,719,582,137
109000058,1523,543,980
109000059,1194,1789,-595
109000060,574,352,222
109000061,1514,1407,107
109000062,404,537,-133
109000063,341,361,-20
109000064,715,355,360
109000065,184,407,-223
109000066,445,215,230
109000067,105,503,-398
109000068,3563,23,3540
109000069,2463,55,2408
109000070,14,1460,-1446
109000071,465,108,357
109000072,142,448,-306
109000073,68,116,-48
109000074,40,225,-185
109000075,106,435,-329
109000076,119,300,-181
109000077,492,403,89
109000078,67,202,-135
109000079,136,348,-212
109000080,112,154,-42
109000081,106,734,-628
109000082,552,301,251
109000083,300,1303,-1003
109000088,154,738,-584
109000089,345,90,255
109000090,250,579,-329
109000091,428,167,261
109000092,421,713,-292
109000093,256,279,-23
109000094,537,1,536
109000095,128,619,-491
109000096,749,427,322
109000097,85,176,-91
109000098,65,165,-100
109000099,1146,473,673
109000100,338,846,-508
109000101,1999,1076,923
109000102,507,1181,-674
109000103,537,1001,-464
109000104,1819,803,1016
109000105,555,1986,-1431
109000106,2405,1203,1202
109000107,754,3198,-2444
109000108,1942,985,957
109000109,552,2814,-2262
109000110,1706,861,845
109000111,1421,3069,-1648
109000112,870,265,605
109000113,746,323,423
109000114,451,616,-165
109000115,1860,47,1813
109000116,7,310,-303
109000117,225,105,120
109000118,21,496,-475
109000119,1610,353,1257
109000120,234,1320,-1086
109000121,443,84,359
109000122,159,1249,-1090
109000123,38,58,-20
109000124,647,790,-143
109000125,1385,510,875
109000126,541,1193,-652
109000127,887,330,557
109000128,606,2326,-1720
109000129,2462,1057,1405
109000130,747,3041,-2294
109000131,953,718,235
109000132,955,2650,-1695
109000133,368,1365,-997
109000134,1102,2123,-1021
109000135,2158,2305,-147
109000136,519,486,33
109000137,456,612,-156
109000138,593,564,29
109000139,721,598,123
109000140,557,555,2
109000141,629,574,55
109000142,135,768,-633
109000143,116,99,17
109000145,120,326,-206
109000146,54,167,-113
109000148,4770,3516,1254
109000149,35,71,-36
109000150,178,365,-187
109000155,903,762,141
109000156,1473,924,549
109000158,212,424,-212
109000159,220,871,-651
109000160,1151,466,685
109000161,377,1586,-1209
109000162,2304,1218,1086
109000163,1248,2536,-1288
109000164,1458,3388,-1930
109000165,1440,911,529
109000166,697,198,499
109000167,129,871,-742
109000170,72,90,-18
109000171,65,64,1
109000172,44,101,-57
109000173,24,101,-77
109000174,106,79,27
109000175,62,124,-62
109000176,305,272,33
109000177,46,161,-115
109000178,453,152,301
109000179,7543,6407,1136
109000180,7268,4783,2485
109000181,21,43,-22
109000182,60,27,33
109000183,34,69,-35
109000184,42,27,15
109000185,43,85,-42
109000188,1225,3082,-1857
109000189,5705,1564,4141
109000190,1283,671,612
109000191,509,738,-229
109000192,381,770,-389
109000193,286,487,-201
109000194,258,347,-89
109000195,192,524,-332
109000196,328,295,33
109000197,259,541,-282
109000198,494,168,326
109000199,195,640,-445
109000206,272,36,236
109000207,133,62,71
109000208,142,114,28
109000209,176,142,34
109000210,228,792,-564
109000211,218,426,-208
109000214,404,553,-149
109000215,200,121,79
109000216,257,312,-55
109000217,1103,229,874
109000218,1769,337,1432
109000221,552,1469,-917
109000222,1107,372,735
109000223,319,456,-137
109000224,33,185,-152
109000225,81,66,15
109000226,54,339,-285
109000227,1032,1699,-667
109000228,1,931,-930
109000231,2,472,-470
109000232,334,466,-132
109000236,382,1058,-676
109000241,2458,2961,-503
109000242,2067,2101,-34
109000293,115,96,19
109000361,168,450,-282
109000364,432,808,-376
109000396,10,773,-763
109000397,572,13,559
109000399,148,602,-454
109000400,99,347,-248
109000403,267,1074,-807
109000406,603,2,601
109000407,413,311,102
109000408,2,670,-668
109000410,1172,358,814
109000411,139,16,123
109900001,108,1,107
109900002,1028,33,995
109900003,251,0,251
109900004,1452,220,1232
109900005,24,10,14
109900006,574,480,94
109900007,698,834,-136
109900008,1,80,-79
109900009,209,818,-609
109900010,799,27,772
109900011,100,60,40
109900012,797,311,486
109900013,449,328,121
109900014,405,128,277
109900015,675,290,385
109900016,188,46,142
109900017,254,325,-71
109900018,411,143,268
109900019,628,110,518
109900020,60,66,-6
109900021,28,33,-5
109900022,90,363,-273
109900023,12,22,-10
109900024,22,16,6
109900025,15,114,-99
109900026,4,227,-223
109900027,41,95,-54
109900028,2362,940,1422
109900029,5,466,-461
109900030,42,28,14
109900031,2,229,-227
109900032,18,639,-621
109900033,4,630,-626
109900034,25,2,23
109900035,40,44,-4
109900036,61,150,-89
109900037,34,728,-694
109900038,84,240,-156
109900039,23,3,20
109900040,24,743,-719
109900041,97,515,-418
109900042,390,800,-410
109900044,720,447,273
109900045,395,151,244
109900046,17,137,-120
109900047,897,577,320
109900048,9,111,-102
109900049,19,69,-50
109900050,0,220,-220
109900051,1,46,-45
109900052,166,554,-388
109900053,10,489,-479
109900054,608,350,258
109900055,62,384,-322
109900056,49,442,-393
109900057,10,224,-214
109900058,0,120,-120
109900059,594,214,380
109900060,500,265,235
109900061,59,397,-338
109900062,0,274,-274
109900063,20,627,-607
109900064,573,394,179
109900065,154,194,-40
109900066,425,1145,-720
109900067,2,432,-430
109900068,82,4,78
109900069,5,58,-53
109900070,74,517,-443
109900071,10,50,-40
109900072,31,230,-199
109900073,407,777,-370
109900074,27,90,-63
109900075,61,70,-9
109900076,51,309,-258
109900077,62,105,-43
109900078,147,328,-181
109900080,246,471,-225
109900081,63,339,-276
109900082,80,559,-479
109900083,26,123,-97
109900084,85,274,-189
109900085,283,1031,-748
109900086,191,601,-410
109900087,401,680,-279
109900089,915,460,455
109900090,709,1429,-720
109900091,380,137,243
109900092,4826,49,4777
109900093,1101,297,804
109900094,86,160,-74
109900095,720,310,410
109900096,63,5,58
109900097,118,1,117
109900098,436,47,389
109900099,142,0,142
109900100,67,3,64
109900101,518,21,497
109900102,431,20,411
109900103,31,81,-50
109900104,550,1079,-529
109900105,547,39,508
109900106,820,96,724
109900107,1029,131,898
109900108,185,590,-405
109900109,40,227,-187
109900110,172,599,-427
109900111,524,1260,-736
109900112,449,899,-450
109900113,865,570,295
109900114,1448,963,485
109900115,299,209,90
109900117,1161,260,901
109900118,395,698,-303
109900119,747,547,200
109900120,91,40,51
109900121,539,516,23
109900122,531,7,524
109900123,25,227,-202
109900124,55,830,-775
109900125,2,282,-280
109900126,332,171,161
109900128,344,115,229
109900130,10347,2714,7633
109900131,80,269,-189
109900132,34,181,-147
109900133,110,450,-340
109900134,279,153,126
109900135,461,110,351
109900136,276,222,54
109900137,176,507,-331
109900138,504,605,-101
109900140,261,319,-58
109900141,466,355,111
109900142,1603,428,1175
109900145,6,641,-635
109900146,679,70,609
109900148,52,189,-137
109900149,65,105,-40
109900150,14,103,-89
109900151,22,70,-48
109900152,3,40,-37
109900153,0,96,-96
109900154,135,3,132
109900155,91,53,38
109900157,84,307,-223
109900158,55,217,-162
109900159,155,103,52
109900160,185,71,114
109900161,261,116,145
109900162,206,209,-3
109900163,980,392,588
109900164,96,271,-175
109900165,866,12,854
109900166,20,217,-197
109900167,225,766,-541
109900168,206,865,-659
109900169,278,245,33
109900170,398,873,-475
109900171,349,142,207
109900172,335,357,-22
109900173,4391,2642,1749
109900174,75,196,-121
109900175,261,132,129
109900176,161,361,-200
109900177,59,324,-265
109900178,56,270,-214
109900179,470,51,419
109900180,8,29,-21
110000001,1020,606,414
110000002,705,1070,-365
110000003,1264,928,336
110000004,606,1070,-464
110000005,629,2682,-2053
110000006,563,638,-75
110000007,195,164,31
110000008,31,80,-49
110000009,77,25,52
110000010,35,80,-45
110000011,71,110,-39
110000012,782,534,248
110000013,47,837,-790
110000014,886,529,357
110000015,394,1385,-991
110000016,319,2233,-1914
110000017,3706,382,3324
110000018,3784,586,3198
110000019,12,127,-115
110000020,531,217,314
110000021,1831,799,1032
110000022,1880,361,1519
110000023,9,169,-160
110000024,865,495,370
110000025,328,20,308
110000026,15,440,-425
110000027,1698,602,1096
110000028,1155,1216,-61
110000029,569,924,-355
110000030,250,748,-498
110000031,256,727,-471
110000032,776,806,-30
110000033,375,148,227
110000034,864,1763,-899
110000035,1439,799,640
110000036,1472,1929,-457
110000037,283,797,-514
110000038,359,1472,-1113
110000039,1083,4792,-3709
110000040,499,472,27
110000041,354,1828,-1474
110000042,187,407,-220
110000043,1080,490,590
110000044,500,363,137
110000045,2201,179,2022
110000046,19,37,-18
110000047,143,43,100
110000048,25,34,-9
110000049,231,26,205
110000050,10,90,-80
110000051,67,20,47
110000052,16,26,-10
110000053,193,20,173
110000054,812,441,371
110000055,1875,68,1807
110000056,431,68,363
110000057,428,722,-294
110000058,1627,806,821
110000059,1737,724,1013
110000060,1246,1576,-330
110000061,1140,1084,56
110000062,862,1097,-235
110000063,33,177,-144
110000064,81,134,-53
110000065,110,149,-39
110000066,87,101,-14
110000067,132,325,-193
110000068,400,331,69
110000069,291,190,101
110000071,170,197,-27
110000073,10,32,-22
110000075,15,260,-245
110000076,389,734,-345
110000077,585,3353,-2768
110000078,27,109,-82
110000080,375,951,-576
110000081,192,354,-162
110000082,27,488,-461
110000083,424,842,-418
110000084,1357,1026,331
110000085,3183,2246,937
110000086,2804,2803,1
110000087,12,75,-63
110000088,108,323,-215
110000089,386,176,210
110000090,867,481,386
110000091,1853,499,1354
110000092,49,105,-56
110000093,76,12,64
110000094,708,389,319
110000095,243,809,-566
110000096,3015,2459,556
110000097,1272,1549,-277
110000098,2545,960,1585
110000099,1003,2117,-1114
110000100,849,829,20
110000101,35,523,-488
110000102,63,30,33
110000104,1347,135,1212
110000105,201,356,-155
110000106,827,451,376
110000107,360,570,-210
110000108,165,63,102
110000109,369,410,-41
110000110,4093,5857,-1764
110000111,9034,3695,5339
110000112,1793,1679,114
110000113,586,2833,-2247
110000114,265,997,-732
110000115,444,579,-135
110000116,54,95,-41
110000117,251,604,-353
110000118,419,372,47
110000119,252,543,-291
110000120,439,297,142
110000121,103,601,-498
110000122,531,787,-256
110000123,623,875,-252
110000124,4,1683,-1679
110000125,1109,10,1099
110000126,373,94,279
110000127,1406,86,1320
110000128,66,2251,-2185
110000129,6,681,-675
110000130,353,216,137
110000131,354,537,-183
110000132,5,1096,-1091
110000133,61,994,-933
110000134,38,555,-517
110000135,216,70,146
110000136,94,432,-338
110000137,688,933,-245
110000138,841,1060,-219
110000139,843,1695,-852
110000140,1245,741,504
110000143,776,640,136
110000144,7142,2512,4630
110000145,2737,1386,1351
110000146,3267,1326,1941
110000147,690,1087,-397
110000148,1296,477,819
110000151,1423,1167,256
110000152,1394,419,975
110000153,124,94,30
110000154,168,43,125
110000155,2642,5027,-2385
110000156,1354,3174,-1820
110000157,2769,2675,94
110000160,609,437,172
110000161,229,480,-251
110000166,795,223,572
110000167,1109,743,366
110000168,1288,551,737
110000169,991,479,512
110000170,463,125,338
110000171,942,183,759
110000172,167,1003,-836
110000173,1351,1612,-261
110000174,251,1631,-1380
110000175,773,124,649
110000176,704,445,259
110000177,267,1018,-751
110000178,683,2993,-2310
110000179,1655,464,1191
110000180,219,342,-123
110000181,582,1086,-504
110000182,440,214,226
110000183,13256,9975,3281
110000184,720,3881,-3161
110000185,2943,1015,1928
110000186,1109,1461,-352
110000191,1051,562,489
110000192,1274,14,1260
110000193,2235,18,2217
110000194,27,1695,-1668
110000195,466,741,-275
110000196,428,523,-95
110000197,110,369,-259
110000198,522,145,377
110000199,354,213,141
110000200,3216,791,2425
110000201,3000,1312,1688
110000202,1727,655,1072
110000203,1435,1115,320
110000204,4,314,-310
110000205,135,65,70
110000206,1212,1976,-764
110000207,1174,475,699
110000208,612,297,315
110000209,211,1492,-1281
110000210,1303,875,428
110000211,2161,1245,916
110000212,447,1796,-1349
110000213,183,290,-107
110000214,311,294,17
110000215,246,543,-297
110000216,104,552,-448
110000217,303,223,80
110000218,149,474,-325
110000219,368,110,258
110000220,91,413,-322
110000221,471,153,318
110000222,64,359,-295
110000223,8,260,-252
110000224,100,24,76
110000225,421,1167,-746
110000226,309,107,202
110000227,1193,1315,-122
110000228,521,398,123
110000229,0,360,-360
110000230,1524,893,631
110000231,237,413,-176
110000232,1096,274,822
110000233,838,403,435
110000234,1660,1179,481
110000235,1136,1518,-382
110000236,937,1040,-103
110000237,5104,1916,3188
110000238,2155,2019,136
110000239,2700,1643,1057
110000240,0,122,-122
110000242,0,24,-24
110000243,139,214,-75
110000244,242,495,-253
110000245,42,491,-449
110000246,1964,1113,851
110000247,1998,6297,-4299
110000248,3173,1995,1178
110000249,123,17,106
110000250,285,313,-28
110000251,466,790,-324
110000252,694,302,392
110000253,1633,1058,575
110000254,1018,1986,-968
110000255,449,1448,-999
110000256,585,567,18
110000257,856,627,229
110000258,9,607,-598
110000259,164,39,125
110000260,17,485,-468
110000263,795,148,647
110000264,531,759,-228
110000265,1878,3253,-1375
110000266,3298,4103,-805
110000267,34,413,-379
110000268,409,646,-237
110000269,13,139,-126
110000270,117,13,104
110000271,2339,397,1942
110000272,1573,1429,144
110000273,5176,2302,2874
110000274,548,1888,-1340
110000275,3074,766,2308
110000276,1026,535,491
110000277,803,530,273
110000278,973,1086,-113
110000279,1236,998,238
110000280,924,589,335
110000281,66,422,-356
110000282,499,55,444
110000283,119,198,-79
110000284,110,74,36
110000285,3,691,-688
110000286,53,0,53
110000287,122,4,118
110000288,48,138,-90
110000289,565,2180,-1615
110000290,1613,994,619
110000291,6313,1837,4476
110000292,1753,5717,-3964
110000293,1295,994,301
110000294,1269,1599,-330
110000295,373,1163,-790
110000296,599,564,35
110000297,3540,459,3081
110000298,229,692,-463
110000299,404,136,268
110000301,1289,53,1236
110000302,711,1437,-726
110000303,1356,22,1334
110000304,301,368,-67
110000305,2138,55,2083
110000306,258,1991,-1733
110000307,1896,11,1885
110000308,795,38,757
110000309,18,1260,-1242
110000310,1089,94,995
110000311,32,882,-850
110000312,443,135,308
110000313,3944,4101,-157
110000314,1,357,-356
110000315,5121,3881,1240
110000316,774,1958,-1184
110000317,1504,520,984
110000318,15,85,-70
110000319,124,39,85
110000320,97,47,50
110000321,69,76,-7
110000322,372,590,-218
110000323,752,309,443
110000324,4223,2059,2164
110000325,4280,4191,89
110000327,1054,659,395
110000328,265,550,-285
110000333,1538,981,557
110000334,1276,1685,-409
110000335,1615,743,872
110000336,2225,1367,858
110000337,3493,802,2691
110000338,646,333,313
110000339,653,385,268
110000340,762,263,499
110000341,608,654,-46
110000342,870,16,854
110000343,0,42,-42
110000344,2865,217,2648
110000345,2872,271,2601
110000346,3709,2672,1037
110000347,1480,1337,143
110000348,34,51,-17
110000349,17,61,-44
110000350,66,21,45
110000351,1201,1279,-78
110000352,673,2512,-1839
110000353,4075,1114,2961
110000354,1721,5778,-4057
110000355,157,182,-25
110000356,902,9,893
110000357,584,28,556
110000361,51,105,-54
110000362,54,147,-93
110000363,409,210,199
110000364,410,498,-88
110000365,336,7,329
110000366,2,159,-157
110000367,849,343,506
110000368,4,58,-54
110000369,415,2,413
110000373,5,401,-396
110000374,1114,41,1073
110000375,201,2238,-2037
110000376,52,114,-62
110000377,119,898,-779
110000378,40,555,-515
110000379,4380,2978,1402
110000380,163,27,136
110000383,9,1321,-1312
110000384,3488,1333,2155
110000385,1,340,-339
110000387,187,16,171
110000388,48,316,-268
110000389,807,31,776
110000391,1604,501,1103
110000396,196,185,11
110000397,249,294,-45
110000398,1,84,-83
110000399,191,5,186
110000587,370,91,279
110000589,237,300,-63
110000640,275,74,201
110000652,32,263,-231
110000653,369,560,-191
110000654,89,155,-66
110000656,4,898,-894
110000674,42,33,9
110000675,80,31,49
110000676,9,58,-49
110000679,481,1527,-1046
110000682,160,211,-51
110000683,859,1017,-158
110000684,13,95,-82
110000685,41,19,22
110000686,1,53,-52
110000687,146,10,136
110000688,98,1044,-946
110000689,51,78,-27
110000692,242,274,-32
110000693,321,555,-234
110000694,1,399,-398
110000695,542,785,-243
110000696,119,138,-19
110900001,365,26,339
110900002,1458,291,1167
110900003,828,853,-25
110900004,481,253,228
110900005,4212,2957,1255
110900006,28,9,19
110900007,164,39,125
110900008,18,49,-31
110900009,485,122,363
110900010,12,86,-74
110900011,19,111,-92
110900012,15,138,-123
110900013,1500,282,1218
110900014,723,25,698
110900015,824,639,185
110900016,45,162,-117
110900017,438,74,364
110900018,564,93,471
110900019,228,45,183
110900020,144,439,-295
110900021,127,849,-722
110900022,136,490,-354
110900023,171,640,-469
110900024,18,534,-516
110900025,54,76,-22
110900027,31,332,-301
110900028,67,237,-170
110900029,27,484,-457
110900030,72,323,-251
110900031,1,239,-238
110900032,1,114,-113
110900033,81,334,-253
110900035,27,712,-685
110900036,104,36,68
110900037,67,37,30
110900038,1391,280,1111
110900039,16,343,-327
110900040,269,73,196
110900041,25,183,-158
110900042,127,76,51
110900043,5,157,-152
110900044,293,30,263
110900045,55,677,-622
110900046,76,364,-288
110900047,702,301,401
110900049,161,118,43
110900050,43,15,28
110900051,70,259,-189
110900052,5,222,-217
110900053,121,54,67
110900054,51,331,-280
110900055,43,9,34
110900056,79,139,-60
110900057,11,214,-203
110900058,317,403,-86
110900059,778,832,-54
110900060,515,244,271
110900061,26,42,-16
110900062,161,404,-243
110900063,66,857,-791
110900064,24,0,24
110900065,390,159,231
110900066,13,227,-214
110900067,525,1010,-485
110900068,242,326,-84
110900069,17,52,-35
110900070,155,90,65
110900071,371,905,-534
110900073,2,49,-47
110900074,372,130,242
110900075,475,133,342
110900077,862,993,-131
110900078,48,111,-63
110900079,3124,1762,1362
110900080,128,129,-1
110900081,7,79,-72
110900082,158,233,-75
110900083,154,81,73
110900084,61,161,-100
110900085,72,448,-376
110900086,71,303,-232
110900087,444,138,306
110900088,22,0,22
110900090,24,44,-20
110900091,0,87,-87
110900093,875,155,720
110900095,73,82,-9
110900097,14,20,-6
110900098,38,102,-64
110900099,81,540,-459
110900100,0,36,-36
110900102,67,41,26
110900105,1136,385,751
110900108,36,77,-41
110900111,599,1009,-410
110900112,1029,17,1012
110900113,687,84,603
110900115,31,91,-60
110900116,849,2395,-1546
110900118,203,3153,-2950
110900119,5419,526,4893
110900120,23,134,-111
110900121,147,1,146
110900122,461,200,261
110900125,498,535,-37
110900127,1234,1545,-311
110900128,336,266,70
110900129,581,897,-316
110900130,1379,573,806
110900131,959,100,859
110900132,405,98,307
110900133,639,317,322
110900135,145,583,-438
110900136,309,27,282
110900137,164,0,164
110900138,2686,518,2168
110900139,119,114,5
110900140,240,14,226
110900141,30,180,-150
110900142,82,258,-176
110900143,198,123,75
110900144,6,995,-989
110900145,470,79,391
110900146,1239,224,1015
110900147,199,495,-296
110900148,3,423,-420
110900149,1,104,-103
110900150,106,28,78
110900151,11,120,-109
110900152,35,352,-317
110900153,152,107,45
111000001,514,302,212
111000002,575,713,-138
111000003,1115,903,212
111000004,767,1534,-767
111000005,2044,1500,544
111000006,1372,2169,-797
111000007,5883,4101,1782
111000008,3404,4729,-1325
111000009,441,1498,-1057
111000010,1001,359,642
111000011,440,1364,-924
111000012,854,417,437
111000013,758,1265,-507
111000014,2184,778,1406
111000017,142,1236,-1094
111000018,284,565,-281
111000020,1523,2978,-1455
111000021,85,127,-42
111000023,109,171,-62
111000025,6846,5830,1016
111000029,114,161,-47
111000030,51,152,-101
111000031,3042,2257,785
111000032,1407,619,788
111000033,423,514,-91
111000034,396,276,120
111000037,2636,1576,1060
111000038,5217,3922,1295
111000039,2823,3323,-500
111000040,2279,3491,-1212
111000041,2219,2435,-216
111000042,5164,3726,1438
111000043,2237,4036,-1799
111000044,2079,1620,459
111000045,2667,3347,-680
111000046,1870,2318,-448
111000047,3013,5347,-2334
111000049,739,891,-152
111000050,1757,1773,-16
111000051,582,1430,-848
111000052,897,2064,-1167
111000053,523,1124,-601
111000054,470,1151,-681
111000055,1351,2416,-1065
111000056,291,771,-480
111000057,87,834,-747
111000058,358,116,242
111000059,1890,412,1478
111000060,6927,1020,5907
111000061,727,495,232
111000062,892,454,438
111000063,3101,1385,1716
111000064,647,1009,-362
111000065,1194,1595,-401
111000066,626,842,-216
111000067,1226,940,286
111000068,813,1709,-896
111000069,3154,4245,-1091
111000070,1751,1448,303
111000071,279,926,-647
111000072,984,535,449
111000073,343,968,-625
111000074,1854,2175,-321
111000075,1604,1047,557
111000076,793,910,-117
111000077,2258,2253,5
111000078,3514,2237,1277
111000079,1677,1103,574
111000080,678,1002,-324
111000081,2497,8771,-6274
111000082,816,996,-180
111000084,1219,941,278
111000085,1478,1929,-451
111000086,3709,1606,2103
111000087,841,971,-130
111000088,8417,2879,5538
111000089,909,1512,-603
111000090,1346,2030,-684
111000091,819,754,65
111000092,1416,1370,46
111000093,1264,1428,-164
111000094,2894,1445,1449
111000095,781,2908,-2127
111000096,3256,9427,-6171
111000097,6495,1841,4654
111000098,952,1556,-604
111000099,865,2643,-1778
111000100,597,2302,-1705
111000101,585,1174,-589
111000102,324,900,-576
111000104,1297,427,870
111000107,199,1014,-815
111000109,895,461,434
111000110,1799,1156,643
111000111,3523,1149,2374
111000112,2777,1003,1774
111000113,949,1768,-819
111000114,2178,4189,-2011
111000115,8819,1773,7046
111000116,1175,1444,-269
111000117,500,1168,-668
111000118,2499,1425,1074
111000119,1248,1785,-537
111000120,407,914,-507
111000121,330,866,-536
111000122,665,2096,-1431
111000123,1466,4459,-2993
111000124,600,3983,-3383
111000125,374,2042,-1668
111000126,129,1333,-1204
111000127,1121,250,871
111000128,3070,540,2530
111000129,3121,915,2206
111000130,2043,1319,724
111000131,1715,1121,594
111000132,1364,1063,301
111000133,193,319,-126
111000134,164,223,-59
111000135,71,269,-198
111000136,370,378,-8
111000138,78,16,62
111000140,4,15,-11
111000141,295,519,-224
111000142,18,164,-146
111000143,6,145,-139
111000144,60,294,-234
111000145,2346,32,2314
111000146,134,17,117
111000147,343,79,264
111000148,250,148,102
111000149,7,57,-50
111000150,47,11,36
111000151,7,55,-48
111000153,835,1010,-175
111000154,820,346,474
111000155,96,277,-181
111000156,490,783,-293
111000157,253,1254,-1001
111000158,1204,981,223
111000159,3587,872,2715
111000160,433,479,-46
111000161,19,363,-344
111000162,95,297,-202
111000163,838,1429,-591
111000164,995,6282,-5287
111000165,1513,699,814
111000166,3072,637,2435
111000167,204,724,-520
111000168,302,741,-439
111000169,396,855,-459
111000170,689,681,8
111000171,658,1078,-420
111000172,198,552,-354
111000173,461,1135,-674
111000174,207,513,-306
111000175,45,421,-376
111000176,1370,210,1160
111000177,403,339,64
111000178,1491,516,975
111000179,258,423,-165
111000180,259,695,-436
111000181,1339,366,973
111000182,295,274,21
111000183,1835,403,1432
111000184,566,304,262
111000185,937,846,91
111000186,1440,434,1006
111000187,181,298,-117
111000188,228,530,-302
111000189,1449,811,638
111000190,217,469,-252
111000191,201,533,-332
111000192,301,695,-394
111000193,400,401,-1
111000194,71,416,-345
111000195,289,409,-120
111000196,67,277,-210
111000197,653,269,384
111000198,1660,234,1426
111000199,209,250,-41
111000200,412,446,-34
111000201,550,510,40
111000202,245,385,-140
111000203,301,552,-251
111000204,451,1227,-776
111000213,223,640,-417
111000214,2164,1893,271
111000215,1157,1539,-382
111000217,1672,1523,149
111000218,2026,1686,340
111000219,488,289,199
111000220,2682,1817,865
111000221,1067,164,903
111000224,0,290,-290
111000225,303,95,208
111000226,169,4,165
111000227,53,7,46
111000228,38,381,-343
111000229,69,1143,-1074
111000230,570,625,-55
111000231,933,1223,-290
111000232,1664,1247,417
111000233,915,1356,-441
111000234,166,492,-326
111000239,228,268,-40
111000240,66,251,-185
111000241,63,405,-342
111000242,218,69,149
111000243,560,931,-371
111000244,1032,135,897
111000245,3735,798,2937
111000246,542,662,-120
111000247,287,1175,-888
111000248,661,778,-117
111000249,538,1048,-510
111000250,79,198,-119
111000251,80,185,-105
111000253,14,29,-15
111000255,42,35,7
111000257,29,46,-17
111000260,92,1547,-1455
111000261,1330,262,1068
111000271,57,352,-295
111000273,5934,2368,3566
111000274,1615,3771,-2156
111000275,345,121,224
111000276,406,2782,-2376
111000277,255,666,-411
111000278,789,475,314
111000291,976,7018,-6042
111000298,624,465,159
111000299,680,214,466
111000300,155,785,-630
111000302,380,182,198
111000303,76,361,-285
111000312,63,136,-73
111000315,1,68,-67
111000320,542,1079,-537
111000321,525,116,409
111000322,393,692,-299
111000323,207,16,191
111000324,473,361,112
111000325,49,99,-50
111000326,155,498,-343
111000327,1128,611,517
111000328,268,715,-447
111000329,0,45,-45
111000330,101,10,91
111000331,219,15,204
111000332,648,1691,-1043
111000334,602,1964,-1362
111000335,2933,420,2513
111000337,1186,690,496
111000338,189,186,3
111000339,678,656,22
111000340,1033,967,66
111000341,1693,998,695
111000342,436,728,-292
111000344,1407,947,460
111000345,351,96,255
111000346,30,157,-127
111000347,184,17,167
111000350,496,163,333
111000351,155,353,-198
111000352,215,154,61
111000353,182,351,-169
111000354,1082,168,914
111000355,636,822,-186
111000358,420,1806,-1386
111000360,212,996,-784
111000361,136,521,-385
111000546,2004,887,1117
111000547,808,890,-82
111000548,176,491,-315
111000549,453,598,-145
111000550,96,1150,-1054
111000551,910,260,650
111000552,3395,207,3188
111000907,529,30,499
111000908,22,0,22
111000916,1912,535,1377
111000917,116,562,-446
111000918,249,1198,-949
111000920,982,38,944
111000921,9,312,-303
111000922,719,456,263
111000924,84,1250,-1166
111000925,3341,2826,515
111000926,1367,2220,-853
111000927,4166,6428,-2262
111000928,5832,4684,1148
111000929,4284,2025,2259
111000930,1589,2937,-1348
111000931,2516,3556,-1040
111000932,5261,3360,1901
111000933,4599,3274,1325
111000934,2551,4669,-2118
111000935,1578,1937,-359
111000936,1240,2673,-1433
111000937,971,2739,-1768
111000938,2160,2331,-171
111000939,698,92,606
111000940,457,237,220
111000941,861,740,121
111000943,480,551,-71
111000944,248,555,-307
111000945,135,2262,-2127
111001109,530,415,115
111001110,185,647,-462
111001111,76,7,69
111001112,171,5,166
111001113,3,198,-195
111001114,1323,87,1236
111001115,20,501,-481
111001116,7267,5287,1980
111001117,832,3638,-2806
111001120,110,371,-261
111001121,164,342,-178
111001122,282,549,-267
111001123,185,98,87
111900001,5,128,-123
111900002,27,1047,-1020
111900003,1,572,-571
111900004,101,192,-91
111900006,17,26,-9
111900007,108,6,102
111900008,184,6,178
111900009,206,326,-120
111900010,493,689,-196
111900012,103,158,-55
111900013,22,142,-120
111900014,7401,3729,3672
111900015,0,121,-121
111900016,0,200,-200
111900017,0,212,-212
111900018,261,11,250
111900019,7,238,-231
111900020,7,98,-91
111900021,60,154,-94
111900022,25,105,-80
111900023,171,123,48
111900024,0,112,-112
111900025,0,62,-62
111900026,0,160,-160
111900027,10,243,-233
111900028,2,462,-460
111900029,2,143,-141
111900030,75,447,-372
111900031,120,97,23
111900032,1,427,-426
111900033,11,121,-110
111900034,347,628,-281
111900035,275,287,-12
111900036,1,335,-334
111900038,437,682,-245
111900039,110,514,-404
111900040,21,765,-744
111900042,72,173,-101
111900043,5,453,-448
111900044,402,323,79
111900046,95,242,-147
111900048,172,873,-701
111900049,56,306,-250
111900050,186,46,140
111900051,1,244,-243
111900052,546,589,-43
111900053,1881,1629,252
111900054,191,11,180
111900055,26,555,-529
111900056,342,292,50
111900057,202,58,144
111900058,375,820,-445
111900059,2486,709,1777
111900060,635,7,628
111900061,13,330,-317
111900062,82,85,-3
111900063,443,342,101
111900064,180,362,-182
111900065,86,46,40
111900066,137,173,-36
111900067,8,521,-513
111900068,68,73,-5
111900069,66,70,-4
111900070,173,182,-9
111900071,1,322,-321
111900072,50,37,13
111900073,757,142,615
111900074,31,296,-265
111900075,105,6,99
111900076,154,43,111
111900077,47,2,45
111900078,290,20,270
111900079,33,44,-11
111900080,245,309,-64
111900081,785,307,478
111900082,124,25,99
111900083,100,17,83
111900084,121,21,100
111900085,68,143,-75
111900086,47,5,42
111900087,74,5,69
111900088,454,7,447
111900089,128,8,120
111900090,112,124,-12
111900091,243,5,238
111900092,109,6,103
111900093,336,7,329
111900094,113,0,113
111900095,245,85,160
111900096,161,1,160
111900097,75,0,75
111900098,229,2,227
111900099,121,0,121
111900100,383,11,372
111900101,126,34,92
111900102,1067,762,305
111900103,110,125,-15
111900104,196,87,109
111900105,535,240,295
111900106,2135,136,1999
111900107,183,190,-7
111900108,178,226,-48
111900109,764,638,126
111900110,2441,596,1845
111900111,369,194,175
111900112,847,3427,-2580
111900113,339,137,202
111900114,251,211,40
111900115,24,52,-28
111900118,379,132,247
111900119,345,185,160
111900122,182,105,77
111900123,20,43,-23
111900124,52,130,-78
111900125,556,33,523
111900126,393,4,389
111900127,7,895,-888
111900128,8,633,-625
111900129,327,24,303
111900130,361,27,334
111900131,520,4,516
111900132,38,1481,-1443
111900133,42,532,-490
111900134,27,270,-243
111900135,19,59,-40
111900136,84,129,-45
111900137,64,111,-47
111900138,20,88,-68
111900139,31,178,-147
111900140,95,58,37
111900141,55,24,31
111900142,85,38,47
111900143,45,331,-286
111900144,0,137,-137
111900145,3,637,-634
111900146,1,310,-309
111900147,206,653,-447
111900148,39,756,-717
111900149,8,369,-361
111900150,18,231,-213
111900151,1,32,-31
111900152,139,86,53
111900153,2154,496,1658
111900154,12,252,-240
111900155,77,95,-18
111900156,37,105,-68
111900157,118,29,89
111900158,620,46,574
111900159,252,13,239
111900160,307,0,307
111900161,199,14,185
111900162,47,206,-159
111900163,37,194,-157
111900164,134,108,26
111901113,569,251,318
111901114,1651,451,1200
111901115,70,10,60
111901116,121,21,100
111901117,40,125,-85
111901118,138,1580,-1442
111901119,1093,266,827
111901120,154,345,-191
111901121,266,327,-61
111901122,5,613,-608
111901123,196,515,-319
111901124,177,2,175
111901125,365,186,179
111901126,126,100,26
111901127,942,543,399
111901128,15,114,-99
111901129,7,231,-224
111901130,11,260,-249
111901131,11,383,-372
111901132,115,22,93
111901133,45,3,42
111901134,93,11,82
111901135,33,18,15
111901136,36,68,-32
111901137,0,28,-28
111901138,283,51,232
111901139,35,34,1
111901140,21,151,-130
111901141,8,231,-223
111901142,1,152,-151
111901143,3,136,-133
111901144,37,46,-9
111901145,81,246,-165
112000001,2051,1059,992
112000002,864,3506,-2642
112000003,1603,1392,211
112000004,979,1632,-653
112000005,3553,4527,-974
112000006,2874,3060,-186
112000007,3173,2400,773
112000008,2791,4501,-1710
112000009,4980,5101,-121
112000010,3296,3960,-664
112000011,2743,3009,-266
112000012,7825,4396,3429
112000013,8869,5335,3534
112000014,4893,1897,2996
112000015,7200,5438,1762
112000016,11368,1804,9564
112000017,5944,3898,2046
112000024,3223,1628,1595
112000026,6066,7582,-1516
112000027,1128,733,395
112000028,2424,2295,129
112000029,543,1007,-464
112000030,278,234,44
112000031,2268,6061,-3793
112000032,714,120,594
112000033,4075,1983,2092
112000034,397,158,239
112000035,494,511,-17
112000036,1765,1362,403
112000037,5492,1054,4438
112000038,3607,1427,2180
112000039,76,85,-9
112000040,144,378,-234
112000041,751,756,-5
112000042,1578,608,970
112000050,1389,2508,-1119
112000051,1399,1588,-189
112000054,2207,2599,-392
112000057,653,507,146
112000058,669,964,-295
112000059,840,1174,-334
112000061,4227,2683,1544
112000062,2167,977,1190
112000063,1607,2164,-557
112000064,5092,6847,-1755
112000065,2787,3255,-468
112000066,4213,1913,2300
112000067,956,944,12
112000068,4151,2936,1215
112000069,1843,2616,-773
112000070,4986,1150,3836
112000071,1545,3817,-2272
112000072,3319,1305,2014
112000073,2809,3275,-466
112000074,2570,1507,1063
112000075,1815,1596,219
112000076,5129,4001,1128
112000077,919,899,20
112000078,1965,1031,934
112000079,2022,2142,-120
112000080,1038,1340,-302
112000081,2053,3333,-1280
112000082,1742,1229,513
112000083,724,1876,-1152
112000084,1339,1539,-200
112000085,1688,1571,117
112000086,2782,2610,172
112000087,445,589,-144
112000088,827,1063,-236
112000089,551,552,-1
112000090,494,457,37
112000091,650,1541,-891
112000092,1945,1596,349
112000093,1946,1398,548
112000094,734,1222,-488
112000095,724,1320,-596
112000096,626,969,-343
112000097,1443,1026,417
112000098,1417,1867,-450
112000099,877,2050,-1173
112000100,2527,1228,1299
112000101,901,1669,-768
112000102,1287,691,596
112000103,384,1836,-1452
112000105,756,2434,-1678
112000106,2504,566,1938
112000107,28,463,-435
112000108,598,2428,-1830
112000109,308,158,150
112000110,2176,958,1218
112000111,2371,5925,-3554
112000112,10260,1055,9205
112000113,1528,2747,-1219
112000114,7397,1565,5832
112000115,552,739,-187
112000116,1194,1738,-544
112000117,1408,1075,333
112000118,1496,1344,152
112000119,713,1166,-453
112000120,74,492,-418
112000121,128,773,-645
112000122,333,191,142
112000123,654,225,429
112000124,351,127,224
112000125,239,391,-152
112000126,286,794,-508
112000127,3942,2835,1107
112000128,1899,936,963
112000129,163,215,-52
112000130,195,127,68
112000131,64,473,-409
112000132,200,356,-156
112000133,428,346,82
112000134,839,508,331
112000135,4731,1085,3646
112000136,3995,1880,2115
112000137,6939,2445,4494
112000138,8615,1833,6782
112000139,1207,711,496
112000140,1689,1368,321
112000141,881,405,476
112000142,215,958,-743
112000143,1339,341,998
112000144,405,1733,-1328
112000145,2635,935,1700
112000146,735,2528,-1793
112000147,3644,2438,1206
112000148,2124,2846,-722
112000149,699,959,-260
112000150,601,1237,-636
112000151,326,626,-300
112000152,462,932,-470
112000153,192,441,-249
112000154,147,560,-413
112000155,201,155,46
112000157,1182,912,270
112000158,389,862,-473
112000159,666,669,-3
112000167,535,123,412
112000169,444,571,-127
112000173,914,289,625
112000175,1290,607,683
112000176,4256,2853,1403
112000177,746,256,490
112000178,144,699,-555
112000179,331,165,166
112000180,349,674,-325
112000181,1788,2736,-948
112000182,1237,2538,-1301
112000183,45,78,-33
112000184,461,636,-175
112000185,683,908,-225
112000187,6018,3839,2179
112000195,213,33,180
112000196,378,10,368
112000197,319,235,84
112000198,70,409,-339
112000199,1902,1776,126
112000202,514,0,514
112000216,114,333,-219
112000230,81,9,72
112000231,4,288,-284
112000256,79,389,-310
112000313,181,360,-179
112000314,122,42,80
112000337,602,837,-235
112000352,511,473,38
112000392,1784,1934,-150
112000398,1448,1298,150
112000399,2500,2761,-261
112000400,2092,5014,-2922
112000401,4175,3839,336
112000402,3799,3690,109
112000403,3056,3901,-845
112000404,813,1015,-202
112000405,2228,4213,-1985
112000406,4442,3336,1106
112000407,7814,12102,-4288
112000408,10493,10849,-356
112000409,2012,7367,-5355
112000410,826,361,465
112000411,6586,2847,3739
112000412,2058,992,1066
112000413,12338,6591,5747
112000414,92,160,-68
112000415,148,71,77
112000416,2583,2172,411
112000417,235,108,127
112000421,55,224,-169
112000422,441,716,-275
112000424,3129,3841,-712
112000425,668,1207,-539
112000426,164,547,-383
112000427,1,29,-28
112000428,357,562,-205
112000429,2879,3587,-708
112000430,2779,3746,-967
112000431,93,206,-113
112000432,816,1855,-1039
112000433,838,1451,-613
112000437,57,240,-183
112900001,64,4,60
112900002,457,1703,-1246
112900003,63,552,-489
112900004,98,528,-430
112900005,266,476,-210
112900006,16,529,-513
112900007,50,310,-260
112900008,1,32,-31
112900009,581,139,442
112900010,422,1210,-788
112900011,284,368,-84
112900012,1,74,-73
112900013,12,275,-263
112900014,10,650,-640
112900015,542,1155,-613
112900016,8,442,-434
112900017,70,268,-198
112900018,0,392,-392
112900019,87,337,-250
112900020,548,1687,-1139
112900021,1,345,-344
112900022,17,117,-100
112900023,3,316,-313
112900024,49,293,-244
112900025,150,359,-209
112900026,13,330,-317
112900027,17,1505,-1488
112900028,34,197,-163
112900029,29,867,-838
112900030,276,284,-8
112900031,20,818,-798
112900032,363,418,-55
112900034,5,107,-102
112900035,18,601,-583
112900036,159,190,-31
112900037,234,298,-64
112900038,839,274,565
112900039,37,401,-364
112900040,5,584,-579
112900041,1246,1739,-493
112900042,103,560,-457
112900043,282,112,170
112900044,831,689,142
112900045,586,502,84
112900046,275,97,178
112900047,29,59,-30
112900049,264,125,139
112900050,75,779,-704
112900051,494,1101,-607
112900052,11,1504,-1493
112900053,1271,198,1073
112900054,239,69,170
112900055,234,48,186
112900056,541,359,182
112900057,32,829,-797
112900058,450,365,85
112900059,215,202,13
112900060,11,391,-380
112900061,119,207,-88
112900062,137,193,-56
112900063,160,17,143
112900064,331,307,24
112900065,55,26,29
112900066,400,185,215
112900067,770,284,486
112900068,103,42,61
112900069,2548,899,1649
112900071,44,1,43
112900072,291,2888,-2597
112900073,1179,122,1057
112900074,165,305,-140
112900075,2075,1031,1044
112900076,137,29,108
112900078,386,847,-461
112900079,708,44,664
112900080,79,3,76
112900081,41,307,-266
112900082,680,45,635
112900083,141,113,28
112900084,254,180,74
112900085,0,25,-25
112900086,107,2,105
112900087,899,269,630
112900088,208,22,186
112900089,1087,49,1038
112900090,62,31,31
112900091,206,10,196
112900092,302,376,-74
112900093,3090,64,3026
112900094,672,9,663
112900095,54,1,53
112900096,627,335,292
112900097,129,503,-374
112900098,370,5,365
112900099,902,18,884
112900100,81,0,81
112900101,938,5,933
112900102,351,13,338
112900103,371,15,356
112900104,60,2,58
112900105,18,0,18
112900106,584,294,290
112900107,6,0,6
112900108,40,2,38
112900109,122,0,122
112900110,1356,15,1341
112900111,980,30,950
112900112,382,5,377
112900113,0,16,-16
112900114,142,172,-30
112900115,1160,4,1156
112900116,174,46,128
112900117,141,127,14
112900118,67,119,-52
112900119,242,6,236
112900120,1120,398,722
112900121,223,305,-82
112900122,123,181,-58
112900123,244,24,220
112900124,16,195,-179
112900125,132,830,-698
112900126,268,382,-114
112900127,472,127,345
112900128,596,1088,-492
112900129,6,1273,-1267
112900130,356,127,229
112900131,82,327,-245
112900132,605,547,58
112900133,52,1535,-1483
112900134,2,488,-486
112900135,227,83,144
112900136,1,45,-44
112900137,2,666,-664
112900138,12,437,-425
112900139,350,1728,-1378
112900140,1,88,-87
112900141,1013,69,944
112900142,125,201,-76
112900143,71,734,-663
112900144,1,348,-347
112900145,49,758,-709
112900146,10,1696,-1686
112900147,7,2563,-2556
112900148,71,1,70
112900149,392,1323,-931
112900151,30,78,-48
112900152,5005,1446,3559
112900153,2847,2945,-98
112900154,1,182,-181
112900155,329,68,261
112900156,434,1791,-1357
112900157,247,22,225
112900158,72,50,22
112900159,318,167,151
112900160,99,488,-389
112900161,169,53,116
112900162,57,42,15
112900163,169,57,112
112900164,32,414,-382
112900165,517,46,471
112900166,28,115,-87
112900167,19,99,-80
112900168,6,2,4
112900169,13,7,6
112900170,123,124,-1
112900172,83,19,64
112900173,341,151,190
112900174,384,53,331
112900175,203,166,37
112900176,12,51,-39
112900177,292,85,207
112900178,1234,4411,-3177
112900179,50,569,-519
112900180,3862,2306,1556
112900181,615,3,612
112900182,82,1599,-1517
112900183,228,498,-270
112900184,625,522,103
112900185,592,1065,-473
112900186,2163,1380,783
112900187,178,1093,-915
112900188,1195,545,650
112900189,16,63,-47
112900190,22,64,-42
112900192,873,1029,-156
112900193,1607,573,1034
112900194,80,145,-65
112900195,1339,100,1239
112900196,335,496,-161
112900197,277,609,-332
112900199,659,767,-108
112900200,631,390,241
112900201,163,149,14
112900202,407,1280,-873
112900203,301,397,-96
112900204,1330,1009,321
112900205,10,28,-18
112900206,28,91,-63
112900207,17,2,15
112900208,115,305,-190
112900209,703,599,104
112900210,1,54,-53
112900211,109,232,-123
112900212,1,167,-166
112900213,46,19,27
112900214,62,16,46
112900215,28,279,-251
112900216,80,121,-41
112900217,3,77,-74
112900218,167,36,131
112900219,203,7,196
112900220,31,0,31
112900221,81,198,-117
112900222,0,36,-36
112900223,1267,32,1235
112900224,400,764,-364
112900225,604,553,51
112900226,324,644,-320
112900227,615,1793,-1178
112900228,83,51,32
112900229,187,70,117
112900230,9552,7077,2475
112900232,440,404,36
112900233,236,241,-5
112900234,21,174,-153
112900235,137,23,114
112900236,283,26,257
112900237,146,337,-191
112900238,14,76,-62
112900239,1141,240,901
113000001,6538,6572,-34
113000002,4377,5353,-976
113000003,2267,2182,85
113000004,2601,3149,-548
113000005,1940,1165,775
113000006,1448,1891,-443
113000007,2353,1505,848
113000008,2358,2483,-125
113000009,1360,1064,296
113000010,1860,1983,-123
113000011,978,2225,-1247
113000012,2267,1227,1040
113000013,2492,1049,1443
113000014,2399,2554,-155
113000015,1263,511,752
113000016,761,1358,-597
113000017,176,606,-430
113000018,589,115,474
113000019,348,391,-43
113000020,691,78,613
113000021,1384,700,684
113000022,960,1774,-814
113000025,209,698,-489
113000026,650,776,-126
113000027,1105,778,327
113000028,1528,776,752
113000029,1096,819,277
113000030,574,1007,-433
113000031,312,390,-78
113000032,345,411,-66
113000033,409,533,-124
113000034,514,521,-7
113000035,48,80,-32
113000036,45,120,-75
113000037,87,51,36
113000038,30,109,-79
113000039,115,584,-469
113000040,107,120,-13
113000042,1063,1043,20
113000051,1140,3424,-2284
113000052,2356,1488,868
113000053,452,630,-178
113000054,349,1124,-775
113000055,1538,855,683
113000056,999,1339,-340
113000058,904,1254,-350
113000059,1353,1003,350
113000060,235,700,-465
113000061,572,1548,-976
113000062,1561,410,1151
113000063,152,193,-41
113000064,54,541,-487
113000065,203,1358,-1155
113000066,821,149,672
113000067,2109,2281,-172
113000068,414,2504,-2090
113000069,843,1975,-1132
113000070,3404,1926,1478
113000071,641,1088,-447
113000072,857,799,58
113000073,696,2362,-1666
113000074,1279,805,474
113000075,2340,1006,1334
113000076,990,2488,-1498
113000077,1711,791,920
113000078,1244,3710,-2466
113000079,1903,1186,717
113000080,1154,886,268
113000081,1865,1169,696
113000082,2804,1264,1540
113000083,770,1213,-443
113000084,2516,1729,787
113000085,1264,1203,61
113000086,2827,1863,964
113000087,2570,1277,1293
113000088,3189,2023,1166
113000089,1251,2190,-939
113000090,345,779,-434
113000091,714,516,198
113000094,1761,232,1529
113000095,330,1056,-726
113000096,249,906,-657
113000097,1297,541,756
113000098,310,59,251
113000099,1776,476,1300
113000100,323,610,-287
113000101,395,827,-432
113000102,707,463,244
113000103,2847,1002,1845
113000104,546,2529,-1983
113000105,1306,623,683
113000106,596,953,-357
113000107,996,947,49
113000108,1139,2050,-911
113000109,733,3112,-2379
113000110,2016,615,1401
113000111,178,643,-465
113000112,372,419,-47
113000113,2436,462,1974
113000114,457,2008,-1551
113000116,1123,446,677
113000117,1372,183,1189
113000118,171,1132,-961
113000119,609,507,102
113000120,176,438,-262
113000121,1707,1414,293
113000124,424,159,265
113000125,92,911,-819
113000127,4266,573,3693
113000128,614,806,-192
113000129,778,1273,-495
113000133,3601,2894,707
113000134,5,1640,-1635
113000135,4524,5835,-1311
113000137,2699,3916,-1217
113000139,591,313,278
113000140,231,377,-146
113000141,741,259,482
113000142,1211,1856,-645
113000143,416,276,140
113000144,417,881,-464
113000145,86,262,-176
113000146,166,122,44
113000147,223,188,35
113000148,201,186,15
113000149,113,188,-75
113000150,709,479,230
113000151,128,88,40
113000152,34,135,-101
113000153,1983,837,1146
113000154,1050,2131,-1081
113000155,451,772,-321
113000156,223,592,-369
113000157,350,1174,-824
113000158,942,411,531
113000159,1149,967,182
113000160,806,1485,-679
113000161,338,681,-343
113000162,862,664,198
113000163,530,60,470
113000164,23,107,-84
113000166,184,186,-2
113000167,82,185,-103
113000168,123,194,-71
113000169,168,135,33
113000170,86,133,-47
113000171,62,136,-74
113000172,255,113,142
113000173,68,28,40
113000174,164,635,-471
113000175,513,154,359
113000176,644,228,416
113000177,210,630,-420
113000178,252,528,-276
113000179,337,331,6
113000180,1071,1568,-497
113000181,1389,1270,119
113000182,296,699,-403
113000183,251,839,-588
113000184,51,172,-121
113000189,592,1227,-635
113000190,1478,745,733
113000192,2097,2531,-434
113000193,5624,1444,4180
113000194,2985,1603,1382
113000195,3746,1118,2628
113000196,302,132,170
113000197,4604,1463,3141
113000198,87,630,-543
113000199,2871,533,2338
113000201,570,410,160
113000202,5616,2473,3143
113000203,353,278,75
113000204,2144,2738,-594
113000205,29,27,2
113000206,8,79,-71
113000207,118,37,81
113000208,53,109,-56
113000209,20,38,-18
113000210,15,52,-37
113000211,149,247,-98
113000212,125,18,107
113000213,52,207,-155
113000214,202,314,-112
113000234,217,1202,-985
113000410,572,408,164
113000411,4397,6395,-1998
113000412,9465,3211,6254
113000413,4050,3635,415
113000414,10585,22092,-11507
113000415,3318,4673,-1355
113000416,12945,6623,6322
113000417,3857,4491,-634
113000418,6836,4378,2458
113000419,2252,2654,-402
113000420,5755,7598,-1843
113000421,5322,8421,-3099
113000422,17621,13846,3775
113000423,2872,6217,-3345
113000424,4577,10873,-6296
113000425,24,128,-104
113000428,543,150,393
113000430,141,783,-642
113000432,2699,305,2394
113000433,197,1424,-1227
113000434,22,194,-172
113000435,78,1084,-1006
113000436,46,1950,-1904
113000437,1073,28,1045
113000438,364,22,342
113000439,28,154,-126
113000440,139,26,113
113000441,148,296,-148
113000442,123,262,-139
113000443,215,387,-172
113000444,147,310,-163
113000445,95,143,-48
113000446,27,93,-66
113000448,191,247,-56
113000449,370,862,-492
113000450,862,3164,-2302
113000451,1598,213,1385
113000452,513,507,6
113000453,54,379,-325
113000454,1417,29,1388
113000455,8,296,-288
113000456,5948,3793,2155
113000468,2547,441,2106
113000469,217,241,-24
113000470,538,44,494
113000471,12,491,-479
113000472,140,502,-362
113000474,556,713,-157
113000475,2189,2454,-265
113000476,1577,2503,-926
113000477,3884,2927,957
113000478,6501,7423,-922
113000479,92,321,-229
113000480,140,150,-10
113000482,0,0,0
113000485,1,0,1
113000486,9,0,9
113000487,0,1,-1
113000488,0,1,-1
113000489,0,2,-2
113000490,0,18,-18
113000491,24,36,-12
113000492,8,4,4
113000493,0,1,-1
113000495,166,172,-6
113000496,75,110,-35
113000497,0,0,0
113000499,0,0,0
113000500,0,0,0
113900001,3,399,-396
113900002,4,254,-250
113900003,0,192,-192
113900004,2,67,-65
113900005,2,102,-100
113900006,7,34,-27
113900007,188,27,161
113900008,133,1,132
113900009,266,0,266
113900010,248,1,247
113900011,130,2,128
113900012,39,0,39
113900013,682,8,674
113900014,826,7,819
113900015,0,75,-75
113900016,39,0,39
113900017,2,46,-44
113900018,572,319,253
113900019,168,105,63
113900020,187,4,183
113900022,40,1,39
113900023,29,0,29
113900024,184,81,103
113900025,443,48,395
113900026,81,1,80
113900027,3,60,-57
113900028,43,598,-555
113900029,78,250,-172
113900030,275,4,271
113900031,9,0,9
113900032,18,0,18
113900033,64,108,-44
113900035,52,2,50
113900036,49,85,-36
113900037,205,562,-357
113900038,54,159,-105
113900039,194,16,178
113900040,12,11,1
113900041,17,3,14
113900042,82,72,10
113900043,186,230,-44
113900044,419,357,62
113900045,123,8,115
113900046,546,705,-159
113900047,56,77,-21
113900048,330,121,209
113900049,872,412,460
113900050,264,500,-236
113900051,266,523,-257
113900052,233,218,15
113900053,935,900,35
113900054,27,1,26
113900055,112,502,-390
113900056,48,109,-61
113900057,21,168,-147
113900058,111,270,-159
113900059,293,507,-214
113900060,412,292,120
113900061,1577,369,1208
113900062,86,18,68
113900063,64,65,-1
113900064,31,186,-155
113900065,762,26,736
113900066,357,440,-83
113900067,317,369,-52
113900068,496,535,-39
113900069,84,46,38
113900070,224,712,-488
113900071,36,34,2
113900072,100,245,-145
113900073,286,545,-259
113900074,101,435,-334
113900075,1570,1381,189
113900076,169,27,142
113900077,96,237,-141
113900078,22,29,-7
113900079,10,66,-56
113900080,796,334,462
113900081,114,281,-167
113900082,117,339,-222
113900083,305,702,-397
113900084,318,144,174
113900085,83,320,-237
113900086,13,15,-2
113900087,102,263,-161
113900088,55,141,-86
113900089,542,63,479
113900090,778,545,233
113900091,45,29,16
113900092,113,111,2
113900093,100,858,-758
113900094,557,669,-112
113900095,168,155,13
113900096,328,82,246
113900097,187,172,15
113900098,719,102,617
113900099,2,62,-60
113900100,1,3,-2
113900101,42,120,-78
113900102,195,229,-34
113900103,376,481,-105
113900104,131,262,-131
113900105,104,382,-278
113900106,1,106,-105
113900107,1,41,-40
113900108,263,377,-114
113900109,460,217,243
113900110,87,18,69
113900111,140,111,29
113900112,161,152,9
113900113,2190,670,1520
113900114,3,112,-109
113900115,2,137,-135
113900116,141,295,-154
113900117,149,44,105
113900118,306,448,-142
113900119,290,606,-316
113900120,42,50,-8
113900121,75,176,-101
113900122,529,2304,-1775
113900123,534,269,265
113900124,3,116,-113
113900125,1363,147,1216
113900126,397,62,335
113900127,450,859,-409
113900128,102,101,1
113900129,19,167,-148
113900130,22,51,-29
113900131,245,94,151
113900132,58,48,10
113900133,21,48,-27
113900135,310,520,-210
113900136,170,107,63
113900137,392,334,58
113900138,92,192,-100
113900139,510,177,333
113900140,491,454,37
113900141,723,516,207
113900142,189,123,66
113900143,11,31,-20
113900144,516,325,191
113900145,409,262,147
113900146,181,64,117
113900148,181,386,-205
113900149,184,101,83
113900150,1056,774,282
113900151,482,293,189
113900152,45,51,-6
113900153,466,1002,-536
113900154,1,133,-132
113900155,283,226,57
113900156,278,653,-375
113900157,72,385,-313
113900158,879,653,226
113900159,48,341,-293
113900160,2012,798,1214
113900161,215,264,-49
113900162,1137,1272,-135
113900163,321,343,-22
113900164,357,70,287
113900165,1745,707,1038
113900166,451,226,225
113900167,292,50,242
113900168,191,160,31
113900169,395,581,-186
113900171,301,107,194
113900172,7,267,-260
113900173,96,830,-734
113900174,701,869,-168
113900175,497,231,266
113900176,672,992,-320
113900177,423,234,189
113900178,1422,209,1213
113900179,21,634,-613
113900180,202,127,75
113900181,616,153,463
113900182,1246,1886,-640
113900183,55,91,-36
113900184,23,988,-965
113900185,177,115,62
113900186,89,85,4
113900187,43,207,-164
113900188,67,256,-189
113900189,357,157,200
113900190,277,159,118
113900191,132,398,-266
113900192,2,664,-662
113900193,45,399,-354
113900194,2331,1377,954
113900195,321,520,-199
113900196,28,235,-207
113900197,106,268,-162
113900198,24,298,-274
113900199,336,965,-629
113900200,23,442,-419
113900201,0,175,-175
113900202,47,377,-330
113900203,2,157,-155
113900204,68,708,-640
113900205,15,207,-192
113900206,13,212,-199
113900207,1,81,-80
113900208,2,69,-67
113900209,0,93,-93
113900210,887,1307,-420
113900211,297,104,193
113900212,232,653,-421
113900214,523,459,64
113900215,43,216,-173
113900216,93,1338,-1245
113900217,64,357,-293
113900218,299,104,195
113900219,108,439,-331
113900220,145,109,36
113900221,502,353,149
113900222,345,1047,-702
113900223,150,1289,-1139
113900224,117,87,30
113900225,792,340,452
113900226,441,146,295
113900227,1144,314,830
113900228,445,640,-195
113900229,94,1137,-1043
113900230,6179,4282,1897
113900231,281,292,-11
113900232,166,179,-13
113900233,180,100,80
113900234,458,665,-207
113900235,144,28,116
113900236,114,403,-289
113900237,242,19,223
113900238,262,713,-451
113900239,68,103,-35
113900240,8,211,-203
113900241,147,80,67
113900242,61,130,-69
113900243,182,567,-385
113900244,479,314,165
113900245,1540,329,1211
113900246,29,20,9
113900247,179,590,-411
113900248,3670,2475,1195
113900249,1092,466,626
113900250,68,164,-96
113900251,591,303,288
113900252,655,31,624
113900253,770,71,699
113900254,1063,181,882
113900255,445,28,417
113900256,560,41,519
113900257,34,746,-712
113900258,17,617,-600
113900259,507,297,210
113900260,178,16,162
113900261,40,129,-89
113900262,158,756,-598
113900263,319,828,-509
113900264,11,607,-596
113900265,429,394,35
113900266,37,249,-212
113900267,112,600,-488
113900268,483,528,-45
113900269,85,309,-224
113900270,481,971,-490
113900271,886,2024,-1138
113900273,189,36,153
113900274,85,59,26
113900275,45,121,-76
113900276,5,257,-252
113900277,174,6,168
113900278,431,221,210
113900279,181,145,36
113900280,1856,687,1169
113900281,870,1605,-735
113900282,1148,863,285
113900283,499,658,-159
113900284,1190,239,951
113900285,230,56,174
113900286,122,198,-76
113900287,73,276,-203
113900288,7,286,-279
113900289,1465,157,1308
113900290,376,226,150
113900291,198,306,-108
113900292,28,9,19
113900293,7,425,-418
113900294,445,40,405
113900295,633,477,156
113900296,2797,575,2222
113900297,3796,71,3725
113900298,19,2161,-2142
113900299,76,193,-117
113900300,6199,5127,1072
113900301,744,283,461
113900302,3396,1118,2278
113900303,920,567,353
113900304,2,190,-188
113900305,97,0,97
113900306,25,1,24
113900307,108,2,106
113900308,144,185,-41
113900309,4,1639,-1635
113900310,2,20,-18
113900311,8,0,8
113900312,240,227,13
113900313,25,16,9
114000001,1215,3803,-2588
114000002,339,459,-120
114000003,64,513,-449
114000004,517,616,-99
114000005,313,437,-124
114000006,3316,3341,-25
114000007,863,1908,-1045
114000008,1751,2603,-852
114000009,774,369,405
114000011,3125,3567,-442
114000012,3490,2837,653
114000013,2238,2213,25
114000014,641,539,102
114000015,3331,691,2640
114000016,301,396,-95
114000017,126,398,-272
114000018,336,70,266
114000026,1908,1790,118
114000027,3312,2615,697
114000028,3475,3460,15
114000038,313,304,9
114000039,106,84,22
114000040,125,376,-251
114000042,163,221,-58
114000043,102,190,-88
114000044,208,75,133
114000045,87,144,-57
114000046,6061,6874,-813
114000047,34,135,-101
114000048,92,49,43
114000049,1964,2497,-533
114000050,2040,3501,-1461
114000051,3626,2849,777
114000052,6785,1915,4870
114000053,322,712,-390
114000054,252,1154,-902
114000055,868,53,815
114000056,1854,1195,659
114000057,7865,2823,5042
114000058,1055,1860,-805
114000059,548,431,117
114000060,745,1262,-517
114000061,4871,3618,1253
114000062,3329,2050,1279
114000063,3682,2398,1284
114000064,8585,5137,3448
114000065,2221,3327,-1106
114000066,806,708,98
114000067,43,772,-729
114000068,555,988,-433
114000069,1139,1009,130
114000070,2615,2190,425
114000071,894,836,58
114000072,1253,529,724
114000073,13,120,-107
114000074,32,32,0
114000075,27,193,-166
114000076,10,168,-158
114000077,9,74,-65
114000078,1196,1210,-14
114000079,252,64,188
114000080,131,137,-6
114000081,138,132,6
114000082,47,687,-640
114000083,102,533,-431
114000084,464,99,365
114000085,152,994,-842
114000086,424,684,-260
114000087,195,245,-50
114000088,83,53,30
114000089,1510,635,875
114000090,1229,1306,-77
114000091,1959,1278,681
114000092,1341,1007,334
114000093,1709,1294,415
114000094,448,584,-136
114000095,328,165,163
114000096,260,534,-274
114000097,205,1004,-799
114000098,497,96,401
114000099,652,863,-211
114000100,1548,1016,532
114000101,540,1283,-743
114000102,783,488,295
114000103,275,572,-297
114000104,375,388,-13
114000105,339,148,191
114000106,1200,1173,27
114000107,526,230,296
114000108,2090,1515,575
114000109,553,1489,-936
114000110,754,1902,-1148
114000111,2061,1588,473
114000112,744,2456,-1712
114000113,1713,831,882
114000114,1851,1859,-8
114000115,2680,1442,1238
114000116,1467,818,649
114000117,2980,634,2346
114000118,2543,719,1824
114000119,1909,650,1259
114000120,653,1460,-807
114000121,457,1008,-551
114000122,487,439,48
114000123,2074,708,1366
114000124,859,435,424
114000125,1196,2037,-841
114000126,5409,382,5027
114000127,516,285,231
114000128,1046,626,420
114000130,706,769,-63
114000131,370,238,132
114000132,804,939,-135
114000133,1259,1997,-738
114000134,74,249,-175
114000138,75,298,-223
114000139,563,290,273
114000144,951,639,312
114000145,131,304,-173
114000146,129,374,-245
114000147,1651,2101,-450
114000148,2687,2538,149
114000149,573,586,-13
114000150,746,965,-219
114000151,980,1364,-384
114000152,202,63,139
114000153,1026,2764,-1738
114000154,1078,1092,-14
114000155,3997,2757,1240
114000156,1323,924,399
114000157,499,1185,-686
114000158,2178,1106,1072
114000159,220,679,-459
114000160,125,534,-409
114000161,1712,3539,-1827
114000162,1223,3072,-1849
114000163,11,167,-156
114000165,671,338,333
114000166,1342,721,621
114000167,4699,2169,2530
114000168,1098,985,113
114000169,2028,1536,492
114000170,1698,1191,507
114000171,1286,2126,-840
114000174,321,749,-428
114000176,807,634,173
114000177,2739,1384,1355
114000178,106,75,31
114000179,1257,974,283
114000180,654,1131,-477
114000181,2260,4534,-2274
114000182,6403,3155,3248
114000183,1382,1154,228
114000184,749,1798,-1049
114000185,1859,1316,543
114000189,1052,123,929
114000190,2800,388,2412
114000191,42,85,-43
114000192,495,2030,-1535
114000193,1085,4225,-3140
114000194,1502,1684,-182
114000195,178,43,135
114000196,4,375,-371
114000197,1335,78,1257
114000198,1066,480,586
114000199,2694,2123,571
114000200,708,2296,-1588
114000201,200,1137,-937
114000202,2692,776,1916
114000203,567,1002,-435
114000204,228,601,-373
114000205,460,1909,-1449
114000206,828,1827,-999
114000207,907,2798,-1891
114000208,540,4033,-3493
114000209,794,3243,-2449
114000210,364,1910,-1546
114000211,1118,3424,-2306
114000212,982,967,15
114000213,1718,772,946
114000214,118,307,-189
114000215,231,129,102
114000216,2796,986,1810
114000217,302,499,-197
114000218,141,397,-256
114000219,1474,418,1056
114000220,28,1210,-1182
114000221,1041,269,772
114000222,221,1423,-1202
114000223,509,192,317
114000224,145,804,-659
114000225,337,860,-523
114000226,157,303,-146
114000227,1170,672,498
114000228,930,1172,-242
114000229,1371,1862,-491
114000230,2447,1662,785
114000231,1151,1729,-578
114000232,640,176,464
114000233,2443,148,2295
114000234,1416,1432,-16
114000235,1406,2180,-774
114000236,2,583,-581
114000237,105,1235,-1130
114000238,532,230,302
114000239,419,1638,-1219
114000240,1265,1021,244
114000241,377,1147,-770
114000242,1269,1212,57
114000243,2500,1112,1388
114000244,2255,578,1677
114000245,560,818,-258
114000246,242,80,162
114000247,2840,1069,1771
114000248,2625,680,1945
114000249,598,958,-360
114000250,611,1223,-612
114000251,399,355,44
114000252,69,125,-56
114000253,174,258,-84
114000254,48,132,-84
114000255,900,311,589
114000256,2329,2349,-20
114000257,545,1900,-1355
114000258,1022,681,341
114000259,724,373,351
114000260,1,33,-32
114000261,57,70,-13
114000262,813,194,619
114000263,26,1,25
114000264,1606,755,851
114000265,0,9,-9
114000267,10,4222,-4212
114000268,9,2141,-2132
114000270,192,2,190
114000271,1111,135,976
114000283,2159,800,1359
114000285,47,328,-281
114000288,84,367,-283
114000289,1404,318,1086
114000293,200,549,-349
114000294,224,411,-187
114000395,3332,71,3261
114000396,590,620,-30
114000402,501,434,67
114000403,370,514,-144
114000405,161,749,-588
114000423,415,680,-265
114000424,731,286,445
114000425,709,666,43
114000426,331,1230,-899
114000427,75,100,-25
114000428,302,207,95
114000429,31,331,-300
114000432,142,119,23
114000434,40,161,-121
114000435,8,391,-383
114000436,4643,1477,3166
114000437,447,2879,-2432
114900001,887,1604,-717
114900002,2574,194,2380
114900003,653,2242,-1589
114900004,408,524,-116
114900005,642,1170,-528
114900006,361,134,227
114900007,392,26,366
114900008,228,169,59
114900010,3192,2116,1076
114900011,275,281,-6
114900013,302,241,61
114900015,92,709,-617
114900018,1063,16,1047
114900020,321,110,211
114900022,52,813,-761
114900024,294,332,-38
114900025,748,386,362
114900026,51,157,-106
114900027,333,344,-11
114900029,15,27,-12
114900030,384,340,44
114900031,323,35,288
114900032,406,60,346
114900033,1494,767,727
114900034,82,306,-224
114900035,214,430,-216
114900036,304,958,-654
114900037,148,306,-158
114900038,267,961,-694
114900039,670,740,-70
114900040,125,225,-100
114900041,716,654,62
114900042,859,953,-94
114900043,830,432,398
114900044,377,77,300
114900046,76,156,-80
114900047,280,1943,-1663
114900048,148,314,-166
114900049,7,223,-216
114900050,42,588,-546
114900051,39,465,-426
114900052,369,301,68
114900053,491,375,116
114900054,87,205,-118
114900057,308,5,303
114900058,1,148,-147
114900059,71,80,-9
114900060,1667,1083,584
114900061,135,295,-160
114900062,412,451,-39
114900063,55,331,-276
114900064,1282,722,560
114900065,438,840,-402
114900067,518,593,-75
114900068,90,194,-104
114900069,248,232,16
114900070,596,710,-114
114900072,3,532,-529
114900073,2,365,-363
114900074,675,957,-282
114900075,390,9,381
114900076,13,608,-595
114900080,2491,625,1866
114900082,4780,2297,2483
114900083,2701,1456,1245
114900090,425,359,66
114900091,160,269,-109
114900095,449,207,242
114900096,551,928,-377
114900097,93,1,92
114900098,9,318,-309
114900099,361,17,344
115000001,7644,6217,1427
115000002,3969,4960,-991
115000003,6285,5081,1204
115000004,4219,7649,-3430
115000005,2148,3031,-883
115000006,1514,2286,-772
115000007,112,246,-134
115000008,776,597,179
115000009,200,297,-97
115000010,358,211,147
115000013,110,220,-110
115000015,49,376,-327
115000016,335,433,-98
115000019,142,724,-582
115000020,184,932,-748
115000021,341,733,-392
115000022,790,486,304
115000023,489,749,-260
115000024,1533,658,875
115000025,964,964,0
115000026,228,609,-381
115000027,339,384,-45
115000028,368,1290,-922
115000029,648,166,482
115000030,1254,1531,-277
115000031,1559,673,886
115000032,26,324,-298
115000033,332,63,269
115000034,145,1386,-1241
115000035,1641,108,1533
115000036,0,618,-618
115000037,899,24,875
115000038,64,226,-162
115000039,4613,4082,531
115000040,10876,4157,6719
115000041,2154,4253,-2099
115000042,2509,988,1521
115000043,4361,2659,1702
115000044,4545,5396,-851
115000045,3216,2682,534
115000046,2398,3091,-693
115000047,2357,2188,169
115000048,1801,3742,-1941
115000049,2206,4919,-2713
115000050,3746,3178,568
115000051,2066,3982,-1916
115000052,2969,2493,476
115000053,2057,2212,-155
115000054,833,1744,-911
115000055,179,610,-431
115000056,275,731,-456
115000057,927,965,-38
115000058,586,306,280
115000059,292,158,134
115000061,359,154,205
115000062,269,410,-141
115000063,436,523,-87
115000064,334,169,165
115000065,69,584,-515
115000067,297,21,276
115000069,114,452,-338
115000070,59,1378,-1319
115000071,175,35,140
115000072,25,150,-125
115000073,1669,73,1596
115000075,90,109,-19
115000076,5525,4138,1387
115000077,3769,3487,282
115000078,1485,2125,-640
115000079,2824,2754,70
115000080,4093,3398,695
115000081,578,1456,-878
115000082,4462,4601,-139
115000083,2589,3430,-841
115000084,2316,1562,754
115000085,955,1413,-458
115000086,1245,1215,30
115000087,639,2005,-1366
115000088,1944,986,958
115000089,1792,1693,99
115000090,659,1222,-563
115000091,336,1320,-984
115000092,541,388,153
115000093,496,9,487
115000094,8906,6691,2215
115000095,6459,7656,-1197
115000096,795,2177,-1382
115000097,1013,1213,-200
115000098,1217,1203,14
115000099,2783,4055,-1272
115000100,1051,539,512
115000101,508,2211,-1703
115000102,472,358,114
115000103,401,960,-559
115000105,75,273,-198
115000106,666,379,287
115000107,228,770,-542
115000108,4461,3564,897
115000109,5993,5096,897
115000110,2108,1733,375
115000111,995,2894,-1899
115000112,967,913,54
115000113,935,1229,-294
115000114,3536,1157,2379
115000116,6169,3190,2979
115000117,6295,5023,1272
115000118,3643,2523,1120
115000119,3292,3583,-291
115000120,883,1544,-661
115000121,2178,1500,678
115000122,6371,2901,3470
115000123,2542,3216,-674
115000124,1412,1317,95
115000125,742,805,-63
115000126,193,339,-146
115000127,448,171,277
115000128,768,1061,-293
115000129,290,446,-156
115000130,525,1239,-714
115000131,916,386,530
115000132,505,543,-38
115000133,792,439,353
115000134,1342,423,919
115000135,1264,338,926
115000136,560,372,188
115000137,271,274,-3
115000138,386,341,45
115000139,262,311,-49
115000140,334,330,4
115000141,260,375,-115
115000142,263,378,-115
115000143,822,788,34
115000144,554,76,478
115000145,270,499,-229
115000146,1357,480,877
115000147,915,658,257
115000148,327,1574,-1247
115000149,601,372,229
115000150,744,1450,-706
115000151,1171,998,173
115000152,857,1823,-966
115000153,1314,1364,-50
115000154,856,671,185
115000155,721,1259,-538
115000156,1328,1098,230
115000157,894,1054,-160
115000158,928,463,465
115000159,1049,711,338
115000160,999,812,187
115000161,582,727,-145
115000162,920,1066,-146
115000163,752,706,46
115000164,886,669,217
115000165,517,577,-60
115000167,229,96,133
115000168,906,474,432
115000169,859,465,394
115000170,601,181,420
115000171,478,293,185
115000172,1835,898,937
115000173,542,663,-121
115000174,516,470,46
115000175,402,189,213
115000176,276,170,106
115000177,212,218,-6
115000178,44,320,-276
115000179,72,51,21
115000180,153,884,-731
115000181,766,274,492
115000182,1084,559,525
115000183,393,1101,-708
115000186,907,365,542
115000187,277,1086,-809
115000188,473,652,-179
115000189,288,576,-288
115000190,979,540,439
115000191,394,694,-300
115000194,227,287,-60
115000195,377,380,-3
115000196,560,146,414
115000197,780,361,419
115000198,408,245,163
115000199,478,269,209
115000200,612,156,456
115000201,299,501,-202
115000206,1028,118,910
115000207,122,434,-312
115000208,730,913,-183
115000209,1995,634,1361
115000210,234,262,-28
115000211,498,348,150
115000212,1722,407,1315
115000224,615,89,526
115000225,81,141,-60
115000229,254,202,52
115000230,181,578,-397
115000231,332,2317,-1985
115000232,1652,396,1256
115000233,298,329,-31
115000234,32,390,-358
115000241,103,354,-251
115000242,121,440,-319
115000243,48,344,-296
115000244,10,160,-150
115000246,49,37,12
115000247,81,30,51
115000248,24,34,-10
115000249,75,40,35
115000250,332,66,266
115000251,313,284,29
115000252,133,408,-275
115000253,33,580,-547
115000258,330,378,-48
115000259,493,272,221
115000261,12,41,-29
115000262,24,20,4
115000263,26,57,-31
115000264,32,38,-6
115000267,93,126,-33
115000268,48,119,-71
115000269,148,62,86
115000270,110,24,86
115000272,94,174,-80
115000273,574,41,533
115000280,2085,223,1862
115000281,564,715,-151
115000282,1943,1175,768
115000284,369,234,135
115000296,1452,20,1432
115000297,269,179,90
115000298,157,468,-311
115000300,280,290,-10
115000302,799,243,556
115000303,880,248,632
115000304,889,119,770
115000305,161,1103,-942
115000306,297,546,-249
115000307,245,210,35
115000308,49,19,30
115000309,12,23,-11
115000310,1153,1401,-248
115000311,793,1582,-789
115000313,175,1010,-835
115000314,449,192,257
115000315,1081,540,541
115000316,106,177,-71
115000317,287,720,-433
115000318,1037,563,474
115000319,77,386,-309
115000320,31,471,-440
115000321,580,28,552
115000322,69,321,-252
115000449,406,240,166
115000557,33,1146,-1113
115000558,526,118,408
115000587,490,800,-310
115000588,2978,3780,-802
115000589,4374,3081,1293
115000590,1635,1721,-86
115000591,2309,986,1323
115000592,856,2154,-1298
115000593,1742,776,966
115000594,1287,2545,-1258
115000609,112,271,-159
115000617,3253,4386,-1133
115000624,314,108,206
115000633,656,3147,-2491
115000634,3486,1165,2321
115000635,618,163,455
115000638,1207,1073,134
115000641,55,163,-108
115000642,515,468,47
115000643,175,852,-677
115000644,161,680,-519
115000646,1213,2115,-902
115000647,254,685,-431
115000648,2034,2707,-673
115000893,4080,1596,2484
115000894,249,1659,-1410
115000895,576,1112,-536
115000896,1492,398,1094
115000897,794,235,559
115000898,1195,319,876
115000899,713,1249,-536
115000900,226,530,-304
115000901,130,198,-68
115000912,424,186,238
115000913,3,35,-32
115000915,24,0,24
115000916,5,0,5
115000917,1,6,-5
115000918,111,1054,-943
115000919,8,26,-18
115000920,54,87,-33
115000921,1257,184,1073
115000922,1213,841,372
115000923,555,980,-425
115000925,103,121,-18
115000927,43,68,-25
115000933,222,253,-31
115000934,167,298,-131
115000935,110,158,-48
115900001,97,82,15
115900002,98,202,-104
115900003,253,166,87
115900004,2,62,-60
115900005,155,15,140
115900006,202,368,-166
115900008,62,20,42
115900009,103,306,-203
115900010,362,226,136
115900011,818,318,500
115900012,168,84,84
115900013,586,221,365
115900014,145,222,-77
115900015,239,96,143
115900016,164,43,121
115900017,12,13,-1
115900018,289,117,172
115900019,997,40,957
115900020,56,1,55
115900021,1959,215,1744
115900022,1452,29,1423
115900023,85,7,78
115900025,57,270,-213
115900026,1206,389,817
115900027,0,433,-433
115900028,1124,113,1011
115900029,26,645,-619
115900030,42,56,-14
115900031,443,389,54
115900032,617,986,-369
115900033,0,76,-76
115900034,36,660,-624
115900035,50,44,6
115900036,114,762,-648
115900037,93,592,-499
115900038,52,13,39
115900039,185,279,-94
115900041,626,695,-69
115900042,33,12,21
115900043,110,119,-9
115900044,497,354,143
115900046,314,430,-116
115900047,193,169,24
115900049,169,346,-177
115900051,7,64,-57
115900052,22,241,-219
115900053,288,368,-80
115900054,249,99,150
115900055,27,132,-105
115900056,308,505,-197
115900057,119,29,90
115900058,65,62,3
115900060,229,303,-74
115900061,276,1,275
115900062,22,396,-374
115900063,96,11,85
115900064,252,274,-22
115900065,159,254,-95
115900066,252,218,34
115900067,12,947,-935
115900068,3847,1233,2614
115900069,118,236,-118
115900070,231,341,-110
115900071,2,616,-614
115900072,83,270,-187
115900073,96,77,19
115900074,4,388,-384
115900075,84,364,-280
115900076,16,94,-78
115900077,4,356,-352
115900078,318,192,126
115900079,174,26,148
115900080,658,398,260
115900081,13,76,-63
115900082,210,237,-27
115900084,386,38,348
115900085,96,69,27
115900086,2110,853,1257
115900088,10,46,-36
115900089,423,920,-497
115900090,331,26,305
115900091,41,67,-26
115900092,35,275,-240
115900093,13,60,-47
115900094,7,424,-417
115900096,13,20,-7
115900097,15,457,-442
115900098,132,459,-327
115900099,511,112,399
115900100,22,684,-662
115900101,135,399,-264
115900102,145,104,41
115900103,392,284,108
115900104,89,152,-63
115900105,245,869,-624
115900106,70,73,-3
115900107,203,245,-42
115900108,139,134,5
115900109,82,636,-554
115900110,0,30,-30
115900111,3,160,-157
115900112,64,1282,-1218
115900113,59,99,-40
115900114,5,222,-217
115900115,100,348,-248
115900116,145,1245,-1100
115900117,68,49,19
115900118,3,351,-348
115900119,145,255,-110
115900120,50,516,-466
115900121,176,569,-393
115900124,1039,985,54
115900125,309,107,202
115900126,718,125,593
115900127,824,90,734
115900128,18,173,-155
115900129,990,83,907
115900130,38,240,-202
115900131,1278,41,1237
115900132,655,16,639
115900134,503,19,484
115900135,533,1344,-811
115900137,38,4,34
115900139,55,68,-13
115900140,299,39,260
115900141,8,40,-32
115900142,9,19,-10
115900143,391,414,-23
115900144,80,278,-198
115900146,42,177,-135
115900147,356,299,57
115900148,102,27,75
115900149,91,41,50
115900150,104,64,40
115900151,17,103,-86
115900152,115,377,-262
115900153,134,346,-212
115900154,657,429,228
115900155,0,106,-106
115900156,822,1303,-481
115900157,221,679,-458
115900158,26,18,8
115900159,159,412,-253
115900160,20,5,15
115900161,116,328,-212
115900163,202,242,-40
115900164,594,93,501
115900165,0,174,-174
115900166,297,261,36
115900168,125,331,-206
115900171,123,555,-432
115900172,76,166,-90
115900173,260,201,59
115900174,305,249,56
115900175,121,346,-225
115900178,17,825,-808
115900179,289,19,270
115900180,55,282,-227
115900181,186,312,-126
115900182,436,406,30
115900183,111,33,78
115900184,2350,19,2331
115900187,17,121,-104
115900189,1,336,-335
115900190,636,1550,-914
115900191,62,580,-518
115900192,19,152,-133
115900193,1054,238,816
115900194,777,98,679
115900195,965,2610,-1645
115900198,298,569,-271
115900199,200,455,-255
115900200,319,819,-500
115900201,579,503,76
115900202,2,61,-59
115900203,9,16,-7
115900204,9,5,4
115900205,124,18,106
115900206,209,297,-88
115900207,31,52,-21
115900208,285,249,36
115900209,6,193,-187
115900210,30,205,-175
115900211,4,327,-323
115900212,159,497,-338
115900213,216,83,133
115900214,497,436,61
115900215,34,135,-101
115900216,20,148,-128
115900217,84,66,18
115900218,3,39,-36
115900219,98,9,89
115900220,140,41,99
115900221,74,22,52
115900222,51,33,18
115900223,2,431,-429
115900224,1895,1270,625
115900225,68,40,28
115900226,33,63,-30
115900227,6,50,-44
115900228,14,45,-31
115900229,7,76,-69
115900230,73,194,-121
115900231,122,6,116
115900232,57,3,54
115900233,114,19,95
115900234,93,38,55
115900235,68,41,27
115900236,394,54,340
115900237,97,45,52
115900238,259,47,212
115900239,49,59,-10
115900240,18,65,-47
115900241,258,269,-11
115900242,271,418,-147
115900243,8,14,-6
115900244,21,35,-14
115900245,55,12,43
115900246,76,12,64
115900247,56,16,40
115900248,26,8,18
115900249,4,23,-19
115900250,11,43,-32
115900251,0,22,-22
115900252,8,7,1
115900253,9,51,-42
115900254,15,49,-34
115900255,9,23,-14
115900256,34,21,13
115900257,22,26,-4
115900258,0,6,-6
115900259,6,4,2
115900260,17,3,14
115900261,18,10,8
115900262,2,2,0
115900263,6,1,5
115900264,23,17,6
115900265,4,11,-7
115900266,7,13,-6
115900267,9,23,-14
115900268,10,13,-3
115900269,446,865,-419
115900270,410,611,-201
115900271,45,0,45
115900272,33,6,27
115900273,3,15,-12
115900274,0,15,-15
115900275,3,59,-56
115900276,0,34,-34
115900277,0,40,-40
115900278,38,128,-90
115900279,16,193,-177
115900280,25,411,-386
115900281,332,194,138
116000001,17199,6772,10427
116000002,6089,12993,-6904
116000003,2206,2408,-202
116000004,2578,4383,-1805
116000005,5882,4426,1456
116000006,3790,2992,798
116000007,6921,5885,1036
116000008,9848,2946,6902
116000009,2984,3840,-856
116000010,2679,1978,701
116000011,1341,2748,-1407
116000012,1680,1312,368
116000013,13334,5934,7400
116000014,16830,11646,5184
116000015,567,1559,-992
116000016,8808,4227,4581
116000017,43,851,-808
116000018,1071,467,604
116000019,1027,384,643
116000020,778,1196,-418
116000021,529,373,156
116000022,521,495,26
116000023,1292,939,353
116000024,1044,1195,-151
116000025,966,945,21
116000026,2350,3277,-927
116000027,1133,764,369
116000028,512,967,-455
116000029,1244,1154,90
116000030,953,620,333
116000031,292,496,-204
116000032,456,300,156
116000033,428,603,-175
116000034,845,1136,-291
116000035,473,1070,-597
116000036,2235,1280,955
116000037,795,740,55
116000038,551,507,44
116000039,708,420,288
116000040,1227,363,864
116000041,392,616,-224
116000042,782,308,474
116000043,123,702,-579
116000044,51,62,-11
116000045,2175,1545,630
116000046,1694,1991,-297
116000047,2492,2928,-436
116000048,2403,2147,256
116000049,1416,3065,-1649
116000050,1804,1893,-89
116000051,7169,2956,4213
116000052,7066,6544,522
116000053,2427,1169,1258
116000054,829,3314,-2485
116000055,784,1455,-671
116000056,1218,1542,-324
116000057,4406,2623,1783
116000058,4949,4013,936
116000059,4500,6511,-2011
116000060,3279,1204,2075
116000061,421,1088,-667
116000062,955,350,605
116000063,737,1205,-468
116000066,285,679,-394
116000067,465,667,-202
116000068,278,363,-85
116000069,348,510,-162
116000078,656,1334,-678
116000080,2403,1785,618
116000082,6,129,-123
116000083,1717,586,1131
116000084,3474,5591,-2117
116000085,2864,2408,456
116000086,2624,1794,830
116000087,2249,2021,228
116000088,987,1701,-714
116000089,256,151,105
116000090,167,282,-115
116000091,1143,473,670
116000093,1031,650,381
116000094,771,1176,-405
116000095,996,794,202
116000096,1136,2515,-1379
116000097,2641,1173,1468
116000098,102,9991,-9889
116000099,9753,357,9396
116000100,270,27,243
116000101,1260,1497,-237
116000102,363,2071,-1708
116000103,745,493,252
116000104,389,2204,-1815
116000105,1370,265,1105
116000106,2062,1396,666
116000107,6037,528,5509
116000108,2692,289,2403
116000111,171,55,116
116000113,188,161,27
116000114,93,243,-150
116000115,424,164,260
116000116,461,974,-513
116000117,1727,2394,-667
116000118,1689,2076,-387
116000119,3540,2384,1156
116000120,3674,6971,-3297
116000121,1075,779,296
116000122,1685,2843,-1158
116000123,1356,782,574
116000124,565,1641,-1076
116000125,3737,1154,2583
116000126,639,2281,-1642
116000127,1334,1876,-542
116000128,1824,1175,649
116000129,1280,291,989
116000130,509,514,-5
116000133,1178,1153,25
116000134,2176,3347,-1171
116000135,2563,1871,692
116000136,1681,3123,-1442
116000137,1262,891,371
116000138,1380,779,601
116000139,2719,2631,88
116000140,163,253,-90
116000141,416,982,-566
116000142,4634,3959,675
116000143,2097,2314,-217
116000144,1904,3250,-1346
116000145,1930,1733,197
116000146,715,369,346
116000147,281,152,129
116000148,580,783,-203
116000149,896,912,-16
116000151,1089,819,270
116000153,116,468,-352
116000155,256,396,-140
116000156,792,1517,-725
116000157,83,24,59
116000158,399,465,-66
116000159,18,14,4
116000160,37,121,-84
116000161,9,122,-113
116000162,168,125,43
116000163,29,11,18
116000164,12,24,-12
116000177,2795,167,2628
116000194,121,678,-557
116000195,1972,934,1038
116000196,27,26,1
116000197,10,8,2
116000198,3589,1403,2186
116000200,911,519,392
116000201,828,1009,-181
116000202,13,454,-441
116000203,2,185,-183
116000204,14,83,-69
116000205,0,284,-284
116000206,2,178,-176
116000207,10,104,-94
116000233,344,787,-443
116000287,224,715,-491
116000288,282,302,-20
116000292,78,224,-146
116000296,33,261,-228
116000297,168,26,142
116000304,412,44,368
116000305,9,204,-195
116000346,224,157,67
116000352,153,47,106
116000354,55,30,25
116000357,55,61,-6
116000358,492,65,427
116000361,131,3,128
116000372,8351,4548,3803
116000381,135,1,134
116000388,4,90,-86
116000389,1234,726,508
116000445,404,874,-470
116000446,614,1000,-386
116000447,17,612,-595
116000448,759,309,450
116000563,1480,1157,323
116000565,78,668,-590
116000568,64,391,-327
116000579,61,217,-156
116000584,14,9,5
116000585,28,26,2
116000586,162,182,-20
116000587,627,932,-305
116000589,69,97,-28
116000590,118,149,-31
116000591,298,393,-95
116000592,25,151,-126
116000593,1,19,-18
116000594,726,782,-56
116000595,959,302,657
116000596,108,10,98
116000597,397,165,232
116000598,36,355,-319
116000602,67,541,-474
116000605,883,241,642
116000606,122,516,-394
116000607,6,107,-101
116000609,266,1040,-774
116000611,151,830,-679
116000612,891,2283,-1392
116000613,721,450,271
116000614,486,907,-421
116000615,1,292,-291
116000616,70,126,-56
116000617,93,75,18
116000618,1,159,-158
116000619,201,95,106
116000620,86,83,3
116000621,63,160,-97
116000622,57,242,-185
116000624,643,157,486
116000627,16,36,-20
116000628,43,340,-297
116000629,12,484,-472
116000630,302,33,269
116000631,101,43,58
116000632,800,384,416
116000633,57,633,-576
116000634,716,24,692
116000635,2711,1879,832
116900001,344,265,79
116900002,361,6,355
116900003,35,134,-99
116900004,45,87,-42
116900005,298,89,209
116900006,292,372,-80
116900007,162,234,-72
116900008,454,483,-29
116900009,24,15,9
116900010,3,2062,-2059
116900011,23,82,-59
116900012,715,280,435
116900013,7,261,-254
116900014,90,427,-337
116900015,411,103,308
116900016,200,6,194
116900017,3,960,-957
116900018,56,56,0
116900019,16,477,-461
116900020,1488,1515,-27
116900023,239,29,210
116900024,743,97,646
116900025,1490,1229,261
116900026,275,878,-603
116900027,42,82,-40
116900028,8,207,-199
116900029,0,80,-80
116900031,1,7,-6
116900032,25,564,-539
116900033,17,24,-7
116900034,41,104,-63
116900035,209,280,-71
116900036,6,135,-129
116900038,150,2,148
116900041,67,35,32
116900042,1002,367,635
116900043,28,95,-67
116900045,334,78,256
116900047,58,163,-105
116900049,75,521,-446
116900050,158,676,-518
116900051,116,279,-163
116900052,293,62,231
116900055,1,10,-9
116900057,24,382,-358
116900058,50,528,-478
116900059,1,254,-253
116900060,240,271,-31
116900062,2,34,-32
116900064,116,1073,-957
116900065,65,165,-100
116900067,118,138,-20
116900068,185,345,-160
116900070,8,5,3
116900072,37,545,-508
116900073,12,213,-201
116900074,13,64,-51
116900076,9,49,-40
116900077,35,256,-221
116900078,391,190,201
116900079,32,426,-394
116900080,25,42,-17
116900081,578,1765,-1187
116900082,615,1211,-596
116900083,89,55,34
116900084,159,55,104
116900085,57,223,-166
116900086,117,308,-191
116900088,611,164,447
116900090,290,82,208
116900091,517,56,461
116900092,102,873,-771
116900093,2146,2193,-47
116900094,6304,4128,2176
116900095,199,109,90
116900096,140,503,-363
116900097,4590,3434,1156
116900098,873,355,518
116900099,1358,882,476
116900100,976,44,932
116900101,427,690,-263
116900103,7,1,6
116900104,150,120,30
116900105,364,178,186
116900106,2119,529,1590
116900107,5623,3068,2555
116900110,15,1,14
116900111,530,1187,-657
116900112,293,1407,-1114
116900113,2784,1793,991
116900116,129,485,-356
116900117,322,186,136
116900118,848,859,-11
116900120,374,137,237
116900121,597,61,536
116900122,1540,1309,231
116900123,177,1107,-930
116900124,170,1272,-1102
116900125,417,334,83
116900126,293,741,-448
116900128,1,73,-72
116900129,3,443,-440
116900130,968,3995,-3027
116900131,140,473,-333
116900132,72,134,-62
116900133,169,190,-21
116900134,326,401,-75
116900136,677,272,405
116900137,473,235,238
116900138,271,236,35
116900139,162,426,-264
116900140,282,221,61
116900141,1140,575,565
116900142,3,68,-65
116900143,314,471,-157
116900144,42,120,-78
116900145,143,330,-187
116900147,724,486,238
116900148,15,49,-34
116900149,66,323,-257
116900150,25,18,7
116900151,41,18,23
116900153,140,144,-4
116900154,872,844,28
116900155,201,116,85
116900157,570,537,33
116900158,222,415,-193
116900159,72,372,-300
116900160,1259,742,517
116900161,8253,6236,2017
116900162,14,149,-135
116900163,192,244,-52
116900164,263,86,177
116900165,259,258,1
116900166,25,103,-78
116900167,558,124,434
116900168,406,124,282
116900169,697,439,258
116900170,373,799,-426
116900171,67,289,-222
116900172,348,394,-46
116900173,212,50,162
116900174,112,60,52
116900175,228,221,7
116900178,50,215,-165
116900179,132,326,-194
116900180,127,34,93
116900182,447,548,-101
116900183,226,208,18
116900185,35,61,-26
116900186,114,421,-307
116900187,127,69,58
116900188,147,52,95
116900189,218,0,218
116900191,532,1075,-543
116900192,366,183,183
116900194,169,1264,-1095
116900195,29,28,1
116900196,49,139,-90
116900197,100,40,60
116900198,321,234,87
116900200,61,53,8
116900201,92,18,74
116900202,201,97,104
116900203,176,23,153
116900204,63,121,-58
116900206,3,43,-40
116900207,57,67,-10
116900208,20,161,-141
116900209,27,133,-106
116900210,584,433,151
116900211,480,13,467
116900212,79,126,-47
116900213,265,210,55
116900214,212,225,-13
116900215,62,101,-39
116900216,453,388,65
116900218,21,352,-331
116900219,1919,666,1253
116900220,113,301,-188
116900221,131,521,-390
116900222,400,565,-165
116900223,131,481,-350
116900226,104,110,-6
116900227,178,95,83
116900228,417,355,62
116900230,95,353,-258
116900231,32,522,-490
116900232,11,584,-573
116900233,360,142,218
116900234,38,4,34
116900235,208,468,-260
116900238,2353,509,1844
116900239,9,1527,-1518
116900240,8189,4604,3585
116900241,360,279,81
116900242,448,664,-216
116900243,5,143,-138
116900245,27,21,6
116900246,207,25,182
116900247,1369,106,1263
116900248,95,66,29
116900249,394,161,233
116900250,940,90,850
116900251,808,634,174
116900252,242,1384,-1142
116900253,170,151,19
116900254,74,150,-76
116900255,138,102,36
116900256,520,105,415
116900257,74,732,-658
116900258,19,390,-371
116900259,642,35,607
116900260,6,216,-210
116900261,135,9,126
116900262,421,325,96
116900263,1,25,-24
116900264,0,5,-5
116900265,52,0,52
116900266,9,97,-88
116900267,5,7,-2
116900268,318,111,207
116900269,406,794,-388
116900271,2584,273,2311
116900272,462,430,32
116900273,205,69,136
116900274,93,125,-32
116900275,171,196,-25
116900276,806,148,658
116900277,853,33,820
116900278,4,28,-24
116900279,0,44,-44
116900280,25,60,-35
116900281,9699,4690,5009
116900282,4,183,-179
116900283,24,164,-140
116900284,29,284,-255
116900285,352,186,166
116900286,270,37,233
116900287,10,104,-94
116900288,98,152,-54
116900289,9,20,-11
116900290,1,58,-57
116900291,14,14,0
116900292,0,19,-19
116900293,39,98,-59
116900294,63,239,-176
116900295,124,43,81
116900296,61,55,6
116900297,6,70,-64
116900298,88,39,49
116900299,46,21,25
116900300,6,70,-64
116900301,53,88,-35
116900302,21,49,-28
116900303,324,118,206
116900304,1,144,-143
116900305,16,56,-40
116900306,343,80,263
117000001,2340,2046,294
117000002,2730,6595,-3865
117000003,7994,4236,3758
117000004,5032,7238,-2206
117000005,2565,2538,27
117000006,1762,4767,-3005
117000007,3992,1655,2337
117000008,1505,5187,-3682
117000009,6681,2675,4006
117000010,3654,5577,-1923
117000011,3640,2365,1275
117000012,1940,1803,137
117000013,2279,1154,1125
117000014,1755,2975,-1220
117000015,4108,1697,2411
117000016,411,112,299
117000017,431,155,276
117000018,385,606,-221
117000019,145,2,143
117000020,522,1982,-1460
117000021,2532,559,1973
117000022,560,87,473
117000023,394,194,200
117000024,530,252,278
117000025,548,994,-446
117000026,2786,1100,1686
117000027,3960,4997,-1037
117000028,6010,1995,4015
117000030,799,707,92
117000031,456,296,160
117000032,2272,1463,809
117000033,2126,1596,530
117000034,445,436,9
117000035,454,337,117
117000036,514,389,125
117000037,313,262,51
117000038,306,752,-446
117000039,446,317,129
117000040,231,1479,-1248
117000041,959,181,778
117000044,24,1072,-1048
117000045,430,101,329
117000046,534,796,-262
117000047,991,655,336
117000048,2841,1547,1294
117000049,247,879,-632
117000050,225,3007,-2782
117000051,2911,179,2732
117000052,72,507,-435
117000053,574,87,487
117000054,2572,21,2551
117000055,25,4717,-4692
117000056,847,58,789
117000057,882,3197,-2315
117000060,778,2150,-1372
117000061,1901,1261,640
117000062,371,887,-516
117000063,1955,1075,880
117000064,1119,1144,-25
117000066,1993,1321,672
117000067,162,624,-462
117000074,294,189,105
117000076,372,56,316
117000077,304,246,58
117000078,154,1053,-899
117000079,869,285,584
117000080,0,424,-424
117000081,1766,150,1616
117000082,15,101,-86
117000083,200,22,178
117000084,389,6,383
117000085,508,1007,-499
117000086,1679,696,983
117000087,138,621,-483
117000088,410,261,149
117000089,1956,467,1489
117000090,388,1752,-1364
117000091,1127,540,587
117000092,496,1863,-1367
117000093,1269,1079,190
117000094,1740,3982,-2242
117000095,4051,1416,2635
117000096,835,3037,-2202
117000097,1584,1872,-288
117000098,3333,6470,-3137
117000099,3802,1902,1900
117000100,195,444,-249
117000101,208,1629,-1421
117000102,1696,965,731
117000103,787,2475,-1688
117000104,1450,992,458
117000105,1038,2396,-1358
117000106,1258,1301,-43
117000107,934,2752,-1818
117000108,1942,1215,727
117000109,2347,3810,-1463
117000110,1839,1207,632
117000111,4919,5674,-755
117000112,4179,2435,1744
117000113,580,551,29
117000114,371,195,176
117000115,334,243,91
117000116,191,358,-167
117000117,2199,1522,677
117000118,308,240,68
117000119,398,232,166
117000120,281,496,-215
117000121,244,1367,-1123
117000122,485,878,-393
117000123,2308,69,2239
117000124,1234,65,1169
117000125,492,105,387
117000126,96,15,81
117000127,206,333,-127
117000128,574,1048,-474
117000129,345,117,228
117000130,151,4,147
117000131,0,50,-50
117000132,6146,38,6108
117000133,1477,92,1385
117000134,1,62,-61
117000135,1,40,-39
117000136,6,49,-43
117000137,96,121,-25
117000138,3,864,-861
117000140,621,2290,-1669
117000141,1817,794,1023
117000181,1014,540,474
117000182,336,853,-517
117000195,300,1607,-1307
117000196,410,113,297
117000225,143,18,125
117000226,15,135,-120
117000276,322,19,303
117000277,1,501,-500
117000310,2205,3227,-1022
117000315,83,949,-866
117000320,47,0,47
117000906,357,14,343
117000907,16,480,-464
117000908,49,35,14
117000909,40,39,1
117000910,301,192,109
117000911,162,226,-64
117000915,9,799,-790
117000916,44,18,26
117000917,1346,83,1263
117000918,136,135,1
117000919,20,171,-151
117000920,4,1961,-1957
117000921,8,1934,-1926
117000922,54,160,-106
117000924,734,873,-139
117000926,1331,110,1221
117000927,3105,1265,1840
117000928,2,196,-194
117000929,240,463,-223
117000930,185,21,164
117000931,974,176,798
117900002,183,577,-394
117900003,1222,623,599
117900005,8,28,-20
117900006,0,52,-52
117900007,243,175,68
117900008,0,43,-43
117900010,297,162,135
117900011,75,56,19
117900012,97,144,-47
117900013,2,324,-322
117900014,383,163,220
117900015,11,100,-89
117900016,1833,1206,627
117900017,1264,370,894
117900018,204,98,106
117900019,506,348,158
117900020,113,522,-409
117900021,34,112,-78
117900022,33,28,5
117900023,839,198,641
117900024,59,82,-23
117900025,41,20,21
117900026,501,395,106
117900028,66,6,60
117900029,311,826,-515
117900030,495,335,160
117900031,237,129,108
117900032,1719,654,1065
117900033,267,757,-490
117900034,37,29,8
117900035,886,127,759
117900036,303,533,-230
117900037,165,403,-238
117900038,31,517,-486
117900039,4,120,-116
117900040,156,702,-546
117900041,11,73,-62
117900042,5824,598,5226
117900043,66,80,-14
117900044,182,3347,-3165
117900045,238,153,85
117900048,351,421,-70
117900049,284,541,-257
117900050,7,73,-66
117900051,98,1,97
117900052,79,482,-403
117900053,1688,996,692
117900054,0,25,-25
117900055,220,179,41
117900056,584,49,535
117900057,1797,2119,-322
117900058,115,35,80
117900059,445,117,328
117900060,2898,8577,-5679
117900061,27,209,-182
117900063,388,266,122
117900065,2095,1957,138
117900066,9,83,-74
117900067,441,292,149
117900069,754,367,387
117900070,232,18,214
117900071,97,216,-119
117900073,491,406,85
117900074,227,28,199
117900075,66,149,-83
117900076,18,60,-42
117900077,506,350,156
117900078,403,1018,-615
117900080,128,80,48
117900081,707,562,145
117900082,469,465,4
117900083,375,573,-198
117900086,121,37,84
117900087,300,220,80
117900088,4560,2761,1799
117900089,2275,866,1409
117900090,533,680,-147
117900091,158,228,-70
117900092,75,71,4
117900093,113,288,-175
117900094,46,11,35
117900095,297,369,-72
117900096,110,400,-290
117900097,290,309,-19
117900098,40,9,31
117900099,176,310,-134
117900100,273,8,265
117900101,562,2271,-1709
117900102,67,235,-168
117900103,204,4,200
117900104,44,118,-74
117900105,166,331,-165
117900106,129,146,-17
117900107,62,0,62
117900109,676,548,128
117900110,437,13,424
117900111,863,23,840
117900112,134,58,76
117900113,5221,2087,3134
117900114,42,0,42
117900115,396,90,306
117900116,1203,1212,-9
117900117,636,735,-99
117900118,119,0,119
117900119,135,315,-180
117900120,255,133,122
117900121,186,63,123
117900122,2095,4739,-2644
117900123,705,607,98
117900124,2273,1143,1130
117900125,2408,2366,42
117900126,394,731,-337
117900127,501,750,-249
117900128,444,1046,-602
117900129,170,7,163
117900130,3327,547,2780
117900131,1,193,-192
117900132,14,200,-186
117900133,19,197,-178
117900134,104,270,-166
117900135,40,315,-275
117900136,0,64,-64
117900137,102,520,-418
117900138,0,66,-66
117900139,121,206,-85
117900140,4226,444,3782
117900141,291,282,9
117900142,207,29,178
117900144,89,177,-88
117900145,60,23,37
117900146,227,183,44
117900147,57,94,-37
117900148,3514,2027,1487
117900149,170,270,-100
117900150,77,74,3
117900151,62,124,-62
117900152,120,94,26
117900153,40,153,-113
117900154,402,813,-411
117900156,1237,1009,228
117900157,172,701,-529
117900158,258,304,-46
117900160,801,803,-2
117900161,4028,3121,907
117900162,372,522,-150
117900163,144,90,54
117900165,0,14,-14
117900166,163,598,-435
117900168,15,379,-364
117900169,0,228,-228
117900170,7,50,-43
117900171,3,48,-45
117900172,19,79,-60
117900173,219,149,70
117900174,127,157,-30
117900175,8,84,-76
117900176,18,51,-33
117900177,33,77,-44
117900178,310,55,255
117900180,330,105,225
117900181,245,632,-387
117900182,9,57,-48
117900183,85,287,-202
117900184,115,112,3
117900185,50,83,-33
117900186,60,21,39
117900187,22,9,13
117900188,412,73,339
117900189,167,104,63
117900190,78,10,68
117900191,125,1,124
117900192,356,4,352
117900193,41,193,-152
117900194,26,12,14
117900195,205,151,54
117900196,30,58,-28
117900207,202,177,25
117900208,27,88,-61
117900209,160,333,-173
117900210,183,322,-139
117900211,38,339,-301
117900212,151,232,-81
117900213,22,20,2
117900214,22,45,-23
117900215,17,13,4
117900216,23,25,-2
117900217,95,261,-166
117900218,90,125,-35
117900219,9,116,-107
117900220,140,71,69
118000001,1194,1052,142
118000002,1520,3020,-1500
118000003,2720,3254,-534
118000004,4399,3279,1120
118000005,7476,6070,1406
118000006,10009,12297,-2288
118000007,8386,4429,3957
118000008,7163,5352,1811
118000009,2912,5119,-2207
118000010,7437,6307,1130
118000011,1911,3588,-1677
118000012,1780,3550,-1770
118000013,5176,3626,1550
118000014,4748,4154,594
118000016,279,652,-373
118000017,552,577,-25
118000018,843,715,128
118000019,3512,1800,1712
118000020,2878,3759,-881
118000021,1127,3450,-2323
118000022,2859,948,1911
118000023,1390,301,1089
118000024,3117,1465,1652
118000025,135,144,-9
118000027,22649,14380,8269
118000029,1623,1007,616
118000032,1993,4161,-2168
118000033,4080,5627,-1547
118000034,8271,3399,4872
118000035,2327,3144,-817
118000036,1719,1293,426
118000037,965,1225,-260
118000038,249,99,150
118000039,130,394,-264
118000040,2362,1694,668
118000041,2775,2157,618
118000045,688,341,347
118000046,2308,703,1605
118000047,1646,829,817
118000048,4392,2113,2279
118000051,4142,1992,2150
118000052,3192,934,2258
118000053,905,1673,-768
118000054,4235,3929,306
118000055,2961,3610,-649
118000056,1844,660,1184
118000057,742,730,12
118000058,4521,2356,2165
118000059,2931,1245,1686
118000060,1341,814,527
118000061,3110,2021,1089
118000062,793,496,297
118000063,436,782,-346
118000064,958,1500,-542
118000065,5362,2378,2984
118000066,990,1874,-884
118000067,1338,1100,238
118000068,2341,5680,-3339
118000069,4904,1712,3192
118000070,7040,2506,4534
118000071,4315,9013,-4698
118000072,2365,1368,997
118000073,3998,865,3133
118000074,1108,795,313
118000075,1924,527,1397
118000076,1627,2529,-902
118000077,1873,1652,221
118000078,2163,2461,-298
118000079,523,598,-75
118000080,1513,1249,264
118000081,2198,1351,847
118000082,419,1541,-1122
118000083,2559,2182,377
118000084,4262,2287,1975
118000086,329,889,-560
118000087,6061,3520,2541
118000088,2303,2100,203
118000089,4543,2728,1815
118000090,2729,3562,-833
118000091,1709,2762,-1053
118000092,1364,599,765
118000093,152,915,-763
118000096,673,991,-318
118000097,1020,784,236
118000098,333,274,59
118000099,666,1067,-401
118000101,1296,494,802
118000102,468,1735,-1267
118000107,2957,721,2236
118000108,959,2863,-1904
118000110,0,31,-31
118000111,2,489,-487
118000112,775,7,768
118000113,7,1025,-1018
118000114,574,17,557
118000115,26,8,18
118000116,55,1,54
118000117,1500,1014,486
118000118,1070,894,176
118000119,1202,1240,-38
118000120,2087,1782,305
118000121,128,767,-639
118000122,1685,523,1162
118000123,67,324,-257
118000125,2277,1344,933
118000126,885,1867,-982
118000127,2781,756,2025
118000128,1223,1552,-329
118000129,1708,652,1056
118000130,4001,5796,-1795
118000131,1323,1217,106
118000132,2977,2192,785
118000133,875,537,338
118000135,924,551,373
118000136,161,649,-488
118000137,914,109,805
118000138,658,793,-135
118000139,432,148,284
118000140,4847,5188,-341
118000141,2574,2510,64
118000142,2045,2263,-218
118000143,2572,1434,1138
118000144,2686,1305,1381
118000145,2632,2900,-268
118000146,1462,1402,60
118000147,1236,2380,-1144
118000148,1047,1711,-664
118000149,1027,1298,-271
118000150,600,322,278
118000151,636,585,51
118000153,1688,1575,113
118000154,1639,1999,-360
118000155,1288,1801,-513
118000156,3417,3485,-68
118000157,735,506,229
118000158,298,536,-238
118000159,36,109,-73
118000160,579,487,92
118000161,728,1303,-575
118000162,2218,1051,1167
118000163,1082,1011,71
118000164,2562,1878,684
118000168,1867,763,1104
118000169,1490,1849,-359
118000170,5809,8773,-2964
118000171,423,1122,-699
118000172,150,471,-321
118000173,1390,1718,-328
118000175,471,364,107
118000176,317,532,-215
118000177,277,655,-378
118000178,44,68,-24
118000179,1854,1428,426
118000180,1095,968,127
118000181,1004,487,517
118000182,386,344,42
118000183,254,394,-140
118000184,838,1043,-205
118000185,1698,1406,292
118000186,1086,1513,-427
118000187,1448,1100,348
118000188,748,300,448
118000189,717,1204,-487
118000190,18,22,-4
118000191,23,52,-29
118000192,842,650,192
118000193,665,693,-28
118000194,2052,1411,641
118000195,1003,994,9
118000196,530,195,335
118000197,1121,235,886
118000198,773,803,-30
118000199,1011,594,417
118000200,170,300,-130
118000201,538,566,-28
118000202,86,97,-11
118000203,1205,675,530
118000204,265,391,-126
118000205,307,386,-79
118000206,288,233,55
118000207,1,85,-84
118000208,1607,2014,-407
118000209,2985,2578,407
118000210,98,70,28
118000211,39,52,-13
118000213,1564,1857,-293
118000214,815,646,169
118000215,402,283,119
118000216,2594,3958,-1364
118000217,44,203,-159
118000218,75,249,-174
118000219,841,492,349
118000220,7,60,-53
118000221,136,376,-240
118000222,77,18,59
118000223,50,58,-8
118000224,269,166,103
118000225,189,967,-778
118000226,1458,266,1192
118000227,1113,504,609
118000228,249,261,-12
118000229,252,95,157
118000230,171,298,-127
118000231,168,312,-144
118000232,904,1388,-484
118000233,1270,978,292
118000234,505,340,165
118000236,472,419,53
118000237,159,621,-462
118000238,360,288,72
118000239,313,331,-18
118000240,701,206,495
118000241,239,286,-47
118000242,434,918,-484
118000243,341,291,50
118000244,65,210,-145
118000246,1,35,-34
118000255,85,288,-203
118000256,113,265,-152
118000259,21,95,-74
118000260,300,175,125
118000261,52,92,-40
118000263,112,219,-107
118000266,178,375,-197
118000267,0,134,-134
118000268,347,3,344
118000270,153,47,106
118000271,192,397,-205
118000272,244,79,165
118000273,176,107,69
118000274,170,404,-234
118000276,503,446,57
118000295,9,130,-121
118000298,228,368,-140
118000299,82,209,-127
118000301,0,67,-67
118000302,140,144,-4
118000311,413,127,286
118000312,316,264,52
118000313,105,257,-152
118000314,108,92,16
118000315,73,74,-1
118000316,691,640,51
118000325,94,101,-7
118000326,48,51,-3
118000331,44,71,-27
118000332,22,70,-48
118000333,61,128,-67
118000335,323,3,320
118000336,1,409,-408
118000407,161,157,4
118000457,6,54,-48
118000465,5050,5014,36
118000480,31,150,-119
118000489,145,414,-269
118000490,103,478,-375
118000492,366,299,67
118000510,97,26,71
118000514,238,496,-258
118000515,808,926,-118
118000517,514,266,248
118000524,598,309,289
118000525,1232,1058,174
118000530,26,111,-85
118000531,304,320,-16
118000532,280,503,-223
118000533,355,162,193
118000534,905,711,194
118000535,287,157,130
118000536,1328,1900,-572
118000537,36,162,-126
118000538,52,100,-48
118000539,19,158,-139
118000540,387,242,145
118000541,198,97,101
118000542,189,250,-61
118000543,272,306,-34
118000546,60,32,28
118000560,4111,2381,1730
118000562,28,309,-281
118000563,2548,1811,737
118000576,170,206,-36
118000577,196,161,35
118000578,152,118,34
118000579,738,1361,-623
118000595,258,90,168
118000596,0,81,-81
118000597,107,123,-16
118000598,20,0,20
118000599,67,61,6
118000600,3,57,-54
118000601,11,0,11
118000602,0,44,-44
118000603,0,17,-17
118900001,988,1986,-998
118900002,1141,1165,-24
118900003,538,19,519
118900004,118,94,24
118900005,90,4,86
118900006,203,9,194
118900007,9,5,4
118900008,1783,82,1701
118900009,76,44,32
118900010,109,8,101
118900011,205,67,138
118900012,590,284,306
118900013,614,126,488
118900015,261,143,118
118900016,8,38,-30
118900017,342,357,-15
118900018,1016,30,986
118900019,79,48,31
118900020,279,196,83
118900021,200,426,-226
118900022,112,111,1
118900023,179,127,52
118900024,126,226,-100
118900025,42,45,-3
118900026,63,92,-29
118900027,540,323,217
118900028,162,237,-75
118900029,435,434,1
118900030,340,141,199
118900031,197,149,48
118900032,192,245,-53
118900033,544,508,36
118900034,311,46,265
118900035,129,215,-86
118900036,1277,830,447
118900037,622,330,292
118900038,466,238,228
118900039,699,285,414
118900040,230,251,-21
118900041,1031,241,790
118900042,262,111,151
118900045,454,174,280
118900046,1335,437,898
118900047,780,258,522
118900048,373,228,145
118900049,105,69,36
118900050,21,142,-121
118900051,100,152,-52
118900052,440,280,160
118900053,64,124,-60
118900054,174,72,102
118900055,57,130,-73
118900056,35,437,-402
118900057,831,541,290
118900058,422,391,31
118900059,16,117,-101
118900060,329,150,179
118900062,708,227,481
118900064,1085,805,280
118900065,72,196,-124
118900066,126,148,-22
118900067,7004,3892,3112
118900068,14,332,-318
118900069,354,378,-24
118900071,14,147,-133
118900072,436,518,-82
118900073,107,151,-44
118900074,103,261,-158
118900075,267,151,116
118900076,274,123,151
118900077,313,291,22
118900078,44,16,28
118900079,72,306,-234
118900080,33,217,-184
118900081,101,49,52
118900082,700,265,435
118900083,44,15,29
118900084,22,33,-11
118900085,894,1237,-343
118900086,43,98,-55
118900087,22,244,-222
118900088,0,13,-13
118900089,28,25,3
118900090,556,565,-9
118900091,274,294,-20
118900092,152,181,-29
118900093,168,43,125
118900096,87,46,41
118900097,247,600,-353
118900099,127,319,-192
118900100,223,360,-137
118900101,162,1151,-989
118900102,95,153,-58
118900103,102,137,-35
118900104,296,243,53
118900105,352,157,195
118900107,367,160,207
118900108,195,190,5
118900109,129,73,56
118900110,1836,1182,654
118900111,1233,885,348
118900112,87,312,-225
118900113,170,651,-481
118900114,50,100,-50
118900115,191,497,-306
118900116,145,292,-147
118900117,99,227,-128
118900118,288,506,-218
118900119,127,317,-190
118900120,136,292,-156
118900121,10,268,-258
118900122,29,1040,-1011
118900123,264,274,-10
118900124,89,405,-316
118900126,41,522,-481
118900129,315,283,32
118900130,79,269,-190
118900131,170,267,-97
118900132,476,289,187
118900133,29,150,-121
118900135,258,339,-81
118900136,175,670,-495
118900137,33,55,-22
118900139,342,642,-300
118900140,362,692,-330
118900141,134,243,-109
118900144,131,470,-339
118900145,354,192,162
118900146,407,841,-434
118900147,315,189,126
118900148,104,96,8
118900150,176,776,-600
118900152,815,1151,-336
118900157,121,219,-98
118900158,106,109,-3
118900159,2,275,-273
118900161,102,15,87
118900163,181,209,-28
118900164,10,265,-255
118900165,62,400,-338
118900166,74,10,64
118900167,153,173,-20
118900168,17,226,-209
118900169,114,691,-577
118900170,167,272,-105
118900171,16,66,-50
118900174,113,97,16
118900175,408,602,-194
118900176,220,309,-89
118900177,43,94,-51
118900178,57,199,-142
118900179,2,61,-59
118900181,116,138,-22
118900182,221,83,138
118900183,50,187,-137
118900184,402,270,132
118900185,83,141,-58
118900186,121,136,-15
118900187,303,350,-47
118900188,395,339,56
118900189,47,965,-918
118900190,16,511,-495
118900191,147,68,79
118900192,148,28,120
118900193,494,8,486
118900195,452,1070,-618
118900196,39,215,-176
118900197,116,57,59
118900198,33,28,5
118900199,86,103,-17
118900200,36,11,25
118900201,50,33,17
118900202,14,88,-74
118900203,4,41,-37
118900204,27,48,-21
118900205,9,25,-16
118900206,1,32,-31
119000001,1623,2089,-466
119000002,5344,3817,1527
119000003,2855,1718,1137
119000004,4669,1698,2971
119000005,2339,2389,-50
119000006,3443,2096,1347
119000007,4450,4253,197
119000008,2539,2698,-159
119000009,5120,6164,-1044
119000010,8945,5640,3305
119000011,5931,4339,1592
119000012,4832,4717,115
119000013,2877,1862,1015
119000014,3264,4827,-1563
119000019,399,254,145
119000020,3031,1863,1168
119000021,5062,3282,1780
119000022,4396,3614,782
119000023,329,287,42
119000024,2083,12349,-10266
119000025,10533,2086,8447
119000026,242,512,-270
119000027,447,662,-215
119000028,2637,1688,949
119000029,158,441,-283
119000030,745,1580,-835
119000031,1139,1045,94
119000032,2873,3535,-662
119000033,2821,2078,743
119000034,1384,1666,-282
119000035,35,532,-497
119000036,1734,1233,501
119000037,1231,2562,-1331
119000038,210,1370,-1160
119000039,386,447,-61
119000040,1434,736,698
119000041,1381,1480,-99
119000048,4121,4282,-161
119000049,1851,3513,-1662
119000050,3669,2639,1030
119000051,4921,1376,3545
119000052,2395,3967,-1572
119000053,2263,1592,671
119000054,3760,4444,-684
119000055,4421,4660,-239
119000056,2686,3004,-318
119000057,1893,2948,-1055
119000058,2527,2484,43
119000059,1790,2232,-442
119000060,1740,1532,208
119000061,1195,1137,58
119000062,1464,2011,-547
119000063,604,524,80
119000064,1558,2227,-669
119000065,3108,5343,-2235
119000066,3721,1623,2098
119000067,2131,3055,-924
119000068,1908,1680,228
119000069,1630,3550,-1920
119000070,2872,1560,1312
119000071,705,880,-175
119000072,8511,4766,3745
119000073,10857,9549,1308
119000074,1541,3732,-2191
119000075,2327,3344,-1017
119000076,1176,1173,3
119000077,2472,804,1668
119000078,961,301,660
119000079,480,945,-465
119000080,615,307,308
119000081,667,738,-71
119000082,2012,315,1697
119000083,898,601,297
119000084,511,689,-178
119000085,838,316,522
119000086,404,808,-404
119000087,1974,1452,522
119000088,459,328,131
119000089,118,300,-182
119000090,152,230,-78
119000091,184,693,-509
119000092,684,199,485
119000093,4807,3571,1236
119000094,3184,7059,-3875
119000095,1844,3635,-1791
119000097,2851,2075,776
119000098,1080,2963,-1883
119000099,3066,2478,588
119000100,3968,3538,430
119000101,7684,3054,4630
119000102,1320,1439,-119
119000103,2500,803,1697
119000104,3841,2505,1336
119000105,1530,2290,-760
119000106,395,2404,-2009
119000107,861,634,227
119000108,652,1418,-766
119000109,357,704,-347
119000110,1583,603,980
119000111,199,980,-781
119000112,317,220,97
119000113,5112,528,4584
119000114,1113,1340,-227
119000115,218,246,-28
119000116,151,142,9
119000117,205,499,-294
119000118,3,1,2
119000123,5964,1437,4527
119000124,870,302,568
119000125,3998,1175,2823
119000126,664,959,-295
119000127,612,1006,-394
119000128,76,8,68
119000131,1060,1150,-90
119000132,9,4,5
119000133,3,2,1
119000134,2534,747,1787
119000135,123,235,-112
119000136,176,300,-124
119000137,208,502,-294
119000138,434,478,-44
119000139,314,442,-128
119000140,223,564,-341
119000284,1551,3697,-2146
119000285,2769,3206,-437
119000286,10337,8047,2290
119000287,2205,3228,-1023
119000288,2328,2197,131
119000289,2280,4749,-2469
119000290,302,784,-482
119000291,16,412,-396
119000293,137,259,-122
119000294,84,38,46
119000295,2400,620,1780
119000296,208,228,-20
119000302,3381,1968,1413
119000303,83,225,-142
119000314,1869,12361,-10492
119000315,2,726,-724
119000316,134,188,-54
119000317,88,464,-376
119900001,356,1464,-1108
119900002,303,471,-168
119900003,87,1683,-1596
119900004,445,1376,-931
119900005,205,193,12
119900006,356,598,-242
119900007,1469,292,1177
119900008,1008,92,916
119900009,1349,1418,-69
119900010,3703,1936,1767
119900011,18,135,-117
119900012,45,149,-104
119900013,2388,1218,1170
119900014,960,402,558
119900015,140,47,93
119900016,68,138,-70
119900017,33,109,-76
119900018,2666,948,1718
119900019,41,12,29
119900020,242,335,-93
119900021,216,348,-132
119900022,179,693,-514
119900023,892,1465,-573
119900025,167,35,132
119900026,1092,177,915
119900027,72,57,15
119900028,912,150,762
119900029,4,11,-7
119900030,770,827,-57
119900031,121,390,-269
119900033,3227,406,2821
119900034,379,233,146
119900037,278,72,206
119900038,89,333,-244
119900039,62,13,49
119900040,502,19,483
119900041,144,61,83
119900042,1196,250,946
119900043,108,250,-142
119900044,312,933,-621
119900046,134,114,20
119900047,372,93,279
119900048,213,40,173
119900049,188,7,181
119900050,227,163,64
119900051,611,21,590
119900052,54,89,-35
119900053,258,258,0
119900054,127,18,109
119900055,1426,679,747
119900057,235,124,111
119900058,319,9,310
119900059,349,108,241
119900060,324,42,282
119900061,7,1,6
119900062,69,41,28
119900063,41,114,-73
119900064,616,188,428
119900065,273,16,257
119900066,3,2,1
119900067,545,57,488
119900068,488,3,485
119900069,123,48,75
119900070,1201,90,1111
119900071,640,28,612
119900072,12,24,-12
119900073,2523,1107,1416
119900074,145,60,85
119900075,7653,4236,3417
119900076,472,484,-12
119900077,999,1742,-743
119900078,794,1199,-405
119900079,244,430,-186
119900080,2016,1749,267
119900081,98,48,50
119900082,1541,556,985
119900083,566,238,328
119900084,891,500,391
119900085,130,121,9
119900086,172,311,-139
119900087,908,492,416
119900088,41,109,-68
119900089,82,964,-882
119900090,180,104,76
119900091,118,1393,-1275
119900092,416,672,-256
119900093,1420,396,1024
119900094,132,342,-210
119900095,281,139,142
119900096,103,201,-98
119900097,919,278,641
119900098,101,69,32
119900099,46,372,-326
119900100,3343,4169,-826
119900101,379,1777,-1398
119900102,63,442,-379
119900103,56,607,-551
119900104,75,361,-286
119900105,2554,2835,-281
119900106,13,261,-248
119900107,494,4251,-3757
119900108,3402,903,2499
119900109,82,353,-271
119900110,794,702,92
119900111,120,514,-394
119900112,2563,783,1780
119900113,126,467,-341
119900114,301,1898,-1597
119900115,345,1606,-1261
119900116,469,691,-222
119900117,351,1131,-780
119900118,134,1305,-1171
119900119,344,461,-117
119900120,788,853,-65
119900121,454,1721,-1267
119900122,782,518,264
119900123,466,595,-129
119900124,269,1358,-1089
119900125,63,428,-365
119900126,6217,408,5809
119900127,3390,1544,1846
119900128,892,1282,-390
119900129,348,909,-561
119900130,46,347,-301
119900131,59,395,-336
119900132,5,369,-364
119900133,71,192,-121
119900134,2751,388,2363
119900135,4,638,-634
119900136,266,512,-246
119900138,610,722,-112
119900139,231,254,-23
119900140,8,207,-199
119900141,160,1141,-981
119900142,15,65,-50
119900143,34,434,-400
119900144,2163,321,1842
119900145,106,321,-215
119900146,329,555,-226
119900147,5,229,-224
119900148,228,151,77
119900149,2050,5153,-3103
119900150,197,227,-30
119900151,2537,1038,1499
119900152,149,614,-465
119900153,213,133,80
119900154,20,330,-310
119900155,69,64,5
119900156,18,5,13
119900157,196,417,-221
119900158,203,143,60
119900159,46,2186,-2140
119900160,29,327,-298
119900161,248,383,-135
119900162,968,1256,-288
119900163,243,284,-41
119900164,0,8,-8
119900165,278,338,-60
119900166,101,91,10
119900167,137,266,-129
119900168,862,814,48
119900169,249,391,-142
119900170,258,393,-135
119900171,3261,733,2528
119900172,303,64,239
119900173,17,606,-589
119900174,4,350,-346
119900175,1330,1278,52
119900177,53,289,-236
119900178,5,227,-222
119900179,109,573,-464
119900180,1124,1294,-170
119900181,91,175,-84
119900182,15,688,-673
119900183,250,957,-707
119900184,3912,920,2992
119900185,56,187,-131
119900186,151,1121,-970
119900187,26,712,-686
119900188,129,750,-621
119900189,868,665,203
119900190,57,423,-366
119900191,473,249,224
119900192,96,275,-179
119900193,361,362,-1
119900194,31,132,-101
119900195,136,421,-285
119900196,2384,772,1612
119900197,214,174,40
119900198,1205,454,751
119900199,198,38,160
119900200,1357,1024,333
119900201,592,385,207
119900202,332,226,106
119900203,258,853,-595
119900204,262,481,-219
119900205,763,823,-60
119900206,198,215,-17
119900208,236,303,-67
119900209,618,1351,-733
119900210,51,61,-10
119900211,157,22,135
119900212,321,556,-235
119900213,11,140,-129
119900214,42,164,-122
119900215,80,108,-28
119900216,22,135,-113
119900217,22,102,-80
119900218,164,121,43
119900219,42,224,-182
119900220,10,170,-160
119900221,65,448,-383
119900222,18,390,-372
119900223,25,118,-93
119900224,23,38,-15
119900225,1562,92,1470
119900226,719,2566,-1847
119900227,1543,497,1046
119900228,1036,508,528
119900229,496,527,-31
119900230,2190,985,1205
119900231,266,410,-144
119900232,363,149,214
119900233,143,12,131
119900234,59,132,-73
119900235,53,152,-99
119900236,91,369,-278
119900237,90,904,-814
119900238,15,132,-117
119900240,212,310,-98
119900241,221,429,-208
119900242,2183,2173,10
119900244,1108,2429,-1321
119900245,248,332,-84
119900246,442,840,-398
119900247,39,145,-106
119900248,116,255,-139
119900249,302,133,169
119900253,4741,653,4088
119900254,114,821,-707
119900255,186,853,-667
119900256,669,1545,-876
119900257,72,7,65
119900258,159,14,145
119900259,10,213,-203
119900260,133,7,126
119900261,858,275,583
119900262,35,427,-392
119900263,1362,620,742
119900264,111,339,-228
119900265,955,706,249
119900266,397,523,-126
119900267,343,756,-413
119900268,610,343,267
119900269,1357,2097,-740
119900271,45,160,-115
119900272,515,142,373
119900275,170,23,147
119900276,50,1,49
119900277,55,47,8
119900278,358,171,187
119900279,288,736,-448
119900280,1163,292,871
119900281,0,202,-202
119900282,141,139,2
119900283,17,428,-411
119900284,75,453,-378
119900285,39,103,-64
119900286,17,53,-36
119900288,3,37,-34
119900289,1,39,-38
119900290,3,31,-28
119900291,0,114,-114
119900292,54,57,-3
119900293,25,172,-147
119900294,47,162,-115
119900295,8,56,-48
119900296,55,440,-385
119900297,4,39,-35
119900298,13,20,-7
119900299,314,307,7
119900300,1134,316,818
119900301,213,75,138
119900302,193,209,-16
119900303,586,710,-124
119900304,447,164,283
119900305,23,203,-180
119900306,29,7,22
119900307,125,165,-40
119900308,5,36,-31
119900309,58,210,-152
119900310,382,457,-75
119900311,90,176,-86
119900312,113,163,-50
119900313,357,499,-142
119900314,204,608,-404
119900315,1309,3181,-1872
119900318,39,42,-3
119900319,6,400,-394
119900320,319,857,-538
119900321,92,8,84
120000001,8332,16009,-7677
120000002,3614,3862,-248
120000003,4863,2321,2542
120000004,3550,2948,602
120000005,6038,2990,3048
120000006,1598,1889,-291
120000007,5366,4006,1360
120000008,1259,1986,-727
120000009,4900,1337,3563
120000010,2541,3826,-1285
120000011,1890,2908,-1018
120000012,1982,4051,-2069
120000013,3696,3787,-91
120000014,924,1919,-995
120000015,3294,2053,1241
120000016,3939,2906,1033
120000017,5164,3035,2129
120000018,5277,12270,-6993
120000019,1079,1713,-634
120000020,3852,4052,-200
120000021,2239,3094,-855
120000022,3911,4909,-998
120000023,1181,2311,-1130
120000024,1940,3264,-1324
120000025,3307,3087,220
120000026,1912,2381,-469
120000027,2161,2800,-639
120000028,1471,930,541
120000029,9655,1254,8401
120000030,5733,1758,3975
120000031,3309,12150,-8841
120000032,11248,6285,4963
120000033,6145,3120,3025
120000034,2046,3002,-956
120000035,2099,2927,-828
120000036,3490,6702,-3212
120000037,875,1753,-878
120000038,9722,5055,4667
120000039,819,1159,-340
120000040,1172,415,757
120000041,3517,2256,1261
120000042,4690,3462,1228
120000043,6927,2874,4053
120000044,5932,2660,3272
120000045,6030,1793,4237
120000046,3033,3879,-846
120000047,1873,6372,-4499
120000048,10128,5491,4637
120000049,3993,3889,104
120000050,5163,5553,-390
120000051,3946,6166,-2220
120000052,12463,3249,9214
120000053,1392,3553,-2161
120000054,1889,5981,-4092
120000055,2454,6959,-4505
120000056,5000,5350,-350
120000057,4666,1001,3665
120000058,5828,892,4936
120000059,74,2330,-2256
120000061,251,841,-590
120000062,284,448,-164
120000063,2179,3669,-1490
120000064,303,1765,-1462
120000065,1839,2627,-788
120000066,640,786,-146
120000067,283,747,-464
120000068,264,1398,-1134
120000069,1027,2103,-1076
120000070,69,1319,-1250
120000071,469,284,185
120000072,788,642,146
120000073,882,122,760
120000074,694,176,518
120000075,1543,525,1018
120000076,4689,632,4057
120000077,3045,834,2211
120000078,4257,1421,2836
120000079,231,268,-37
120000080,122,350,-228
120000081,512,311,201
120000082,227,293,-66
120000083,90,687,-597
120000084,485,432,53
120000085,549,393,156
120000086,424,658,-234
120000087,199,948,-749
120000088,1151,1781,-630
120000089,1327,1052,275
120000090,999,818,181
120000091,1817,1609,208
120000092,1580,954,626
120000093,496,756,-260
120000094,180,1023,-843
120000095,1576,858,718
120000096,322,1206,-884
120000098,1768,1479,289
120000099,836,1195,-359
120000100,962,1399,-437
120000101,704,760,-56
120000102,666,980,-314
120000103,2039,1164,875
120000104,1889,680,1209
120000105,3054,996,2058
120000106,2972,966,2006
120000107,4270,918,3352
120000108,1793,225,1568
120000109,1478,128,1350
120000110,101,1280,-1179
120000111,507,1538,-1031
120000112,937,4603,-3666
120000113,952,3236,-2284
120000114,1110,4076,-2966
120000115,483,3397,-2914
120000116,1175,3015,-1840
120000117,1520,2147,-627
120000118,61,30,31
120000119,17,89,-72
120000120,86,70,16
120000121,49,73,-24
120000122,379,411,-32
120000123,7964,5919,2045
120000124,603,526,77
120000125,695,993,-298
120000126,500,1012,-512
120000127,4019,1227,2792
120000128,4733,4416,317
120000129,330,362,-32
120000130,1333,823,510
120000131,366,854,-488
120000134,596,1764,-1168
120000135,639,907,-268
120000137,308,2410,-2102
120000138,861,840,21
120000139,486,1189,-703
120000140,953,876,77
120000141,2006,798,1208
120000142,1928,917,1011
120000143,6,193,-187
120000144,142,6,136
120000145,388,3,385
120000146,1898,1188,710
120000149,862,1861,-999
120000150,4974,16652,-11678
120000151,546,709,-163
120000152,770,349,421
120000153,408,979,-571
120000154,557,658,-101
120000155,127,389,-262
120000156,1363,1456,-93
120000157,1518,1205,313
120000158,1366,1292,74
120000159,2391,3681,-1290
120000160,2805,1983,822
120000161,2536,3244,-708
120000162,99,300,-201
120000163,797,2289,-1492
120000164,585,869,-284
120000165,602,1708,-1106
120000166,1687,1142,545
120000167,98,161,-63
120000168,47,485,-438
120000169,69,1182,-1113
120000170,78,711,-633
120000171,34,287,-253
120000172,72,133,-61
120000173,4729,936,3793
120000174,1319,21,1298
120000175,714,66,648
120000176,667,59,608
120000177,2725,232,2493
120000178,464,16,448
120000179,908,46,862
120000180,1740,134,1606
120000181,319,853,-534
120000182,133,415,-282
120000183,36,413,-377
120000184,207,1251,-1044
120000186,116,269,-153
120000187,96,149,-53
120000188,361,240,121
120000190,2058,43,2015
120000191,2779,51,2728
120000192,2158,33,2125
120000193,834,5,829
120000195,194,13,181
120000196,630,74,556
120000197,298,274,24
120000198,180,105,75
120000199,118,3,115
120000200,110,0,110
120000201,21,25,-4
120000202,4,63,-59
120000203,45,284,-239
120000207,8,102,-94
120000208,18,371,-353
120000209,11,102,-91
120000210,160,237,-77
120000211,100,7,93
120000212,103,1,102
120000213,130,404,-274
120000214,1,500,-499
120000215,9,207,-198
120000216,82,15,67
120000217,934,1463,-529
120000218,236,1028,-792
120000219,12,668,-656
120000220,13,2299,-2286
120000225,1919,5,1914
120000226,385,4,381
120000227,887,42,845
120000228,9442,4322,5120
120000230,420,24,396
120000231,1503,3006,-1503
120000233,402,4,398
120000235,336,968,-632
120000236,1537,3,1534
120000237,6,2022,-2016
120000238,2,733,-731
120000241,1604,4599,-2995
120000412,1509,65,1444
120000413,416,266,150
120000414,113,5,108
120000415,6,128,-122
120000416,429,18,411
120000417,8,118,-110
120000418,152,39,113
120000419,18,373,-355
120000420,53,38,15
120000421,15217,8003,7214
120000422,208,1360,-1152
120000423,7,72,-65
120000424,73,232,-159
120000436,149,826,-677
120000437,190,218,-28
120000438,4406,424,3982
120000439,267,587,-320
120000443,184,1,183
120000444,1790,952,838
120000445,2339,1548,791
120000446,903,288,615
120000447,250,7,243
120000449,76,18,58
120000450,5,254,-249
120000451,205,332,-127
120000452,153,4,149
120000453,1,476,-475
120000454,94,62,32
120000455,115,77,38
120000456,3210,5156,-1946
120000457,1895,931,964
120000458,1002,1104,-102
120000459,129,92,37
120000665,2847,375,2472
120000668,201,606,-405
120000669,57,271,-214
120000670,420,619,-199
120000671,2650,594,2056
120000672,131,741,-610
120900001,103,106,-3
120900002,621,664,-43
120900003,398,58,340
120900004,12,92,-80
120900005,4,1892,-1888
120900006,694,428,266
120900007,254,167,87
120900008,260,1760,-1500
120900009,797,35,762
120900010,530,106,424
120900011,495,207,288
120900012,702,1821,-1119
120900013,490,110,380
120900014,8,875,-867
120900015,2816,200,2616
120900016,855,131,724
120900017,3520,150,3370
120900018,153,788,-635
120900019,777,316,461
120900020,1111,1572,-461
120900021,704,210,494
120900022,34,498,-464
120900023,535,77,458
120900024,3116,733,2383
120900025,2681,1567,1114
120900026,441,348,93
120900027,1116,50,1066
120900028,400,104,296
120900029,295,450,-155
120900030,1493,1099,394
120900031,301,114,187
120900032,1133,208,925
120900033,1487,110,1377
120900034,39,3543,-3504
120900035,54,268,-214
120900037,221,13,208
120900038,74,257,-183
120900039,83,68,15
120900040,349,10,339
120900041,160,43,117
120900042,524,90,434
120900043,220,44,176
120900044,23,624,-601
120900045,222,203,19
120900046,1057,7,1050
120900047,194,105,89
120900048,118,23,95
120900049,369,8,361
120900050,3470,1517,1953
120900051,392,224,168
120900052,755,12,743
120900053,343,198,145
120900054,2479,940,1539
120900055,425,3,422
120900056,489,18,471
120900057,143,17,126
120900058,473,3,470
120900059,126,4,122
120900060,98,69,29
120900061,369,460,-91
120900062,205,2,203
120900063,430,7,423
120900064,536,3,533
120900065,431,7,424
120900066,526,454,72
120900067,195,48,147
120900068,304,0,304
120900069,232,51,181
120900071,48,15,33
120900072,646,2,644
120900073,511,313,198
120900074,586,9,577
120900076,341,1,340
120900077,4740,573,4167
120900078,817,1384,-567
120900079,668,181,487
120900080,714,2517,-1803
120900081,1035,740,295
120900082,988,954,34
120900083,92,8,84
120900084,315,424,-109
120900085,131,224,-93
120900086,165,412,-247
120900087,488,341,147
120900088,226,454,-228
120900089,5120,3283,1837
120900090,235,252,-17
120900091,668,1147,-479
120900092,1976,822,1154
120900093,3482,337,3145
120900094,729,303,426
120900095,797,58,739
120900096,51,303,-252
120900097,1058,1056,2
120900098,451,336,115
120900099,103,142,-39
120900100,235,414,-179
120900101,1166,518,648
120900102,57,131,-74
120900103,62,343,-281
120900104,44,55,-11
120900105,85,863,-778
120900106,1915,816,1099
120900107,373,212,161
120900108,13,904,-891
120900109,96,1030,-934
120900110,10,1083,-1073
120900111,218,558,-340
120900112,21,1289,-1268
120900113,37,1274,-1237
120900114,104,343,-239
120900115,217,333,-116
120900116,423,736,-313
120900117,6,725,-719
120900118,21,1060,-1039
120900119,5559,9437,-3878
120900120,201,1108,-907
120900121,373,880,-507
120900122,526,816,-290
120900123,8,618,-610
120900124,5,871,-866
120900125,26,1252,-1226
120900126,2491,1958,533
120900127,12,681,-669
120900128,1524,1950,-426
120900129,116,555,-439
120900130,6,436,-430
120900131,54,201,-147
120900132,955,522,433
120900133,300,1369,-1069
120900134,1109,646,463
120900135,22,883,-861
120900136,99,365,-266
120900137,244,176,68
120900138,30,297,-267
120900139,8,1032,-1024
120900140,14,253,-239
120900141,234,331,-97
120900142,41,928,-887
120900143,9,1420,-1411
120900144,0,234,-234
120900145,1566,1246,320
120900146,3,1598,-1595
120900147,1,703,-702
120900148,161,232,-71
120900149,0,414,-414
120900150,90,795,-705
120900151,4,874,-870
120900152,0,61,-61
120900153,55,170,-115
120900154,1,408,-407
120900155,254,1515,-1261
120900156,82,612,-530
120900157,77,351,-274
120900158,97,980,-883
120900159,101,351,-250
120900160,65,1173,-1108
120900161,60,636,-576
120900162,43,702,-659
120900163,64,626,-562
120900164,1,9,-8
120900165,15,19,-4
120900166,169,354,-185
120900167,614,249,365
120900169,93,608,-515
120900170,2157,3267,-1110
120900171,1782,458,1324
120900172,3737,1115,2622
120900173,0,101,-101
120900174,5,203,-198
120900175,367,255,112
120900176,22,452,-430
120900177,3,1301,-1298
120900178,3,577,-574
120900179,1464,818,646
120900180,151,204,-53
120900181,579,98,481
120900182,28,489,-461
120900183,461,269,192
120900184,249,116,133
120900185,23,760,-737
120900186,3,691,-688
120900187,632,1829,-1197
120900188,188,20,168
120900189,223,1046,-823
120900190,83,15,68
120900191,9,32,-23
120900192,15355,8280,7075
120900194,30,141,-111
120900195,175,467,-292
120900196,1213,82,1131
120900197,1008,167,841
120900198,485,815,-330
120900199,885,2582,-1697
120900200,135,108,27
120900201,730,272,458
120900202,5,296,-291
120900203,55,155,-100
120900204,196,382,-186
120900205,59,71,-12
120900206,37,101,-64
121000001,1105,1383,-278
121000002,2829,1945,884
121000003,4280,2573,1707
121000004,4075,5695,-1620
121000005,2540,3647,-1107
121000006,5041,2174,2867
121000007,3449,3618,-169
121000008,7065,4293,2772
121000009,7814,7296,518
121000010,10835,7170,3665
121000011,12290,16496,-4206
121000012,21552,12934,8618
121000013,6114,9224,-3110
121000014,8046,7101,945
121000015,5236,9193,-3957
121000016,5615,4362,1253
121000017,3172,5320,-2148
121000018,3247,2965,282
121000019,26512,16625,9887
121000020,18695,23512,-4817
121000021,6686,4611,2075
121000022,7828,4235,3593
121000023,8279,4839,3440
121000024,8098,7403,695
121000025,869,1707,-838
121000026,432,160,272
121000027,1996,1500,496
121000028,920,717,203
121000029,1265,1006,259
121000030,810,677,133
121000031,945,907,38
121000032,319,161,158
121000034,621,331,290
121000035,289,183,106
121000036,1176,1146,30
121000037,745,996,-251
121000038,835,1100,-265
121000039,755,584,171
121000041,922,681,241
121000042,741,492,249
121000043,862,745,117
121000044,1665,1229,436
121000045,792,410,382
121000046,961,1457,-496
121000047,321,110,211
121000049,2776,786,1990
121000050,520,1375,-855
121000051,944,462,482
121000052,714,966,-252
121000053,660,117,543
121000054,55,459,-404
121000055,1587,1366,221
121000056,1085,1361,-276
121000057,493,778,-285
121000058,563,236,327
121000059,3263,1749,1514
121000060,803,1484,-681
121000061,262,394,-132
121000062,318,445,-127
121000063,1205,933,272
121000064,727,781,-54
121000065,491,595,-104
121000066,415,447,-32
121000067,1206,648,558
121000068,991,547,444
121000069,1024,829,195
121000070,3780,1832,1948
121000071,3104,1958,1146
121000072,5343,1047,4296
121000073,3326,1298,2028
121000074,1186,202,984
121000075,96,318,-222
121000076,1639,575,1064
121000077,206,218,-12
121000078,188,204,-16
121000080,3216,935,2281
121000081,5265,4849,416
121000082,102,329,-227
121000083,206,179,27
121000084,197,213,-16
121000085,359,584,-225
121000086,254,1131,-877
121000087,86,512,-426
121000088,533,797,-264
121000089,654,533,121
121000090,564,497,67
121000091,2142,1070,1072
121000092,229,107,122
121000093,237,346,-109
121000094,678,1181,-503
121000095,401,1129,-728
121000096,2623,3257,-634
121000097,1526,2556,-1030
121000098,841,1592,-751
121000099,721,1104,-383
121000100,1221,865,356
121000101,457,412,45
121000102,411,603,-192
121000103,366,430,-64
121000104,394,356,38
121000105,719,532,187
121000106,606,565,41
121000107,2534,4398,-1864
121000109,1724,1472,252
121000110,380,997,-617
121000114,3121,2468,653
121000115,1275,1125,150
121000116,388,1146,-758
121000117,992,277,715
121000118,1719,300,1419
121000119,821,470,351
121000120,424,782,-358
121000121,800,1662,-862
121000123,2728,887,1841
121000126,263,434,-171
121000127,365,131,234
121000128,1400,864,536
121000129,1190,1087,103
121000130,762,1387,-625
121000131,4235,3221,1014
121000132,2534,2603,-69
121000135,748,1322,-574
121000136,2990,1026,1964
121000137,715,347,368
121000138,2050,1220,830
121000139,1063,310,753
121000141,369,388,-19
121000142,1049,1433,-384
121000143,186,28,158
121000144,1573,2321,-748
121000145,832,1906,-1074
121000146,1677,1262,415
121000147,1338,1062,276
121000148,1313,1784,-471
121000149,2524,2065,459
121000152,1119,848,271
121000153,3361,1160,2201
121000154,1241,916,325
121000155,1706,1505,201
121000156,526,1368,-842
121000157,1716,2998,-1282
121000158,776,929,-153
121000159,207,650,-443
121000160,397,607,-210
121000161,240,489,-249
121000162,134,344,-210
121000165,2654,2200,454
121000166,21,732,-711
121000168,539,530,9
121000169,106,279,-173
121000170,519,157,362
121000171,100,281,-181
121000172,1614,720,894
121000173,2475,1523,952
121000174,473,648,-175
121000175,1057,524,533
121000176,526,303,223
121000177,1327,919,408
121000178,181,95,86
121000179,248,67,181
121000181,558,676,-118
121000182,195,302,-107
121000183,383,142,241
121000184,479,197,282
121000185,52,237,-185
121000186,294,666,-372
121000187,294,341,-47
121000188,272,311,-39
121000192,1199,650,549
121000193,814,785,29
121000194,4041,3084,957
121000195,335,1122,-787
121000196,908,303,605
121000197,330,1107,-777
121000198,270,155,115
121000199,217,476,-259
121000200,860,92,768
121000201,18,294,-276
121000202,1003,183,820
121000203,1173,3059,-1886
121000204,2953,1168,1785
121000205,274,384,-110
121000206,350,39,311
121000207,3575,514,3061
121000208,13,509,-496
121000209,499,523,-24
121000210,641,635,6
121000211,419,318,101
121000212,409,909,-500
121000213,13228,3884,9344
121000214,1142,3357,-2215
121000215,1410,1221,189
121000216,581,938,-357
121000217,5849,3260,2589
121000218,715,2100,-1385
121000219,2398,587,1811
121000220,348,80,268
121000221,163,240,-77
121000222,3356,3133,223
121000223,896,432,464
121000224,425,240,185
121000225,2542,1851,691
121000226,6486,1564,4922
121000227,5,213,-208
121000228,21,766,-745
121000229,376,439,-63
121000230,69,1752,-1683
121000231,1373,39,1334
121000232,422,379,43
121000233,789,456,333
121000234,62,71,-9
121000235,131,103,28
121000236,14,89,-75
121000237,82,28,54
121000238,21,140,-119
121000239,167,18,149
121000240,19,252,-233
121000241,143,30,113
121000242,63,354,-291
121000243,691,207,484
121000244,22,109,-87
121000245,130,31,99
121000246,3,158,-155
121000247,204,10,194
121000248,1874,723,1151
121000249,209,423,-214
121000250,1068,235,833
121000251,9,518,-509
121000252,122,79,43
121000253,598,497,101
121000254,1003,415,588
121000255,1858,257,1601
121000256,1354,446,908
121000257,202,131,71
121000258,402,85,317
121000259,119,101,18
121000260,170,183,-13
121000261,333,84,249
121000262,1263,1124,139
121000263,1460,613,847
121000271,400,1848,-1448
121000273,152,11,141
121000274,19,45,-26
121000275,8,10,-2
121000276,9,17,-8
121000278,61,53,8
121000279,142,24,118
121000280,253,55,198
121000289,322,41,281
121000290,1459,1310,149
121000294,193,300,-107
121000297,1105,1424,-319
121000299,308,492,-184
121000300,1062,979,83
121000302,208,1979,-1771
121000303,686,712,-26
121000304,680,103,577
121000305,228,35,193
121000306,134,204,-70
121000308,259,596,-337
121000309,596,923,-327
121000310,138,566,-428
121000311,118,1515,-1397
121000312,450,314,136
121000313,592,782,-190
121000314,267,296,-29
121000315,107,174,-67
121000530,1695,1883,-188
121000531,4265,2169,2096
121000532,9209,10060,-851
121000533,3899,4456,-557
121000918,123,215,-92
121000919,102,72,30
121000938,457,1058,-601
121000939,739,923,-184
121000956,1640,1834,-194
121000957,11,22,-11
121000958,150,61,89
121000959,823,1236,-413
121000960,4378,3316,1062
121000961,262,238,24
121000962,355,845,-490
121000973,3,162,-159
121000976,46,256,-210
121000979,643,277,366
121000981,446,329,117
121000982,370,209,161
121000983,608,754,-146
121000984,79,90,-11
121000985,798,759,39
121000986,708,268,440
121000987,367,1564,-1197
121000988,891,233,658
121001302,471,250,221
121001308,8,24,-16
121001309,149,126,23
121001313,338,266,72
121001314,3045,4433,-1388
121001315,5815,3454,2361
121900001,284,282,2
121900002,107,33,74
121900003,469,61,408
121900004,244,576,-332
121900005,30,10,20
121900006,143,29,114
121900007,2630,3141,-511
121900008,1946,706,1240
121900009,864,36,828
121900010,282,2,280
121900011,512,729,-217
121900012,16,5,11
121900013,1944,98,1846
121900014,1656,466,1190
121900015,203,320,-117
121900016,9,54,-45
121900017,2690,767,1923
121900018,397,15,382
121900019,470,415,55
121900020,44,7,37
121900021,962,32,930
121900022,396,333,63
121900023,217,464,-247
121900024,510,150,360
121900025,828,493,335
121900026,485,70,415
121900027,563,230,333
121900028,373,23,350
121900029,201,234,-33
121900030,612,814,-202
121900031,1595,7570,-5975
121900032,201,173,28
121900033,208,243,-35
121900034,404,100,304
121900035,3401,3393,8
121900036,117,444,-327
121900037,233,1030,-797
121900038,64,194,-130
121900039,559,55,504
121900040,92,132,-40
121900041,120,247,-127
121900042,429,184,245
121900043,25,5,20
121900044,208,79,129
121900046,484,607,-123
121900047,258,125,133
121900048,92,221,-129
121900050,33,64,-31
121900051,199,229,-30
121900052,257,59,198
121900053,1599,538,1061
121900054,989,1296,-307
121900055,2,25,-23
121900058,275,243,32
121900059,602,246,356
121900060,236,490,-254
121900061,767,279,488
121900062,283,184,99
121900063,2189,486,1703
121900064,361,925,-564
121900066,84,64,20
121900067,196,97,99
121900069,261,194,67
121900070,480,172,308
121900071,434,701,-267
121900072,67,233,-166
121900073,286,271,15
121900074,1105,1300,-195
121900075,574,468,106
121900076,501,908,-407
121900077,34,78,-44
121900078,403,61,342
121900079,1,1,0
121900080,1378,901,477
121900082,63,137,-74
121900084,22,221,-199
121900085,6,22,-16
121900086,28,53,-25
121900087,232,134,98
121900088,2993,4027,-1034
121900089,199,473,-274
121900090,358,129,229
121900091,80,248,-168
121900092,171,135,36
121900093,70,178,-108
121900094,26,10,16
121900095,282,208,74
121900096,1831,1335,496
121900097,588,577,11
121900098,15,9,6
121900099,219,160,59
121900100,489,700,-211
121900101,192,218,-26
121900102,11,251,-240
121900103,1112,395,717
121900104,2415,482,1933
121900105,296,399,-103
121900106,8,11,-3
121900107,60,82,-22
121900108,11,79,-68
121900109,290,184,106
121900110,658,1379,-721
121900111,1508,199,1309
121900112,217,210,7
121900113,101,356,-255
121900114,155,184,-29
121900115,183,398,-215
121900117,673,114,559
121900118,3314,1045,2269
121900119,512,141,371
121900120,64,1876,-1812
121900121,614,71,543
121900122,43,123,-80
121900123,613,463,150
121900124,464,233,231
121900125,2182,1646,536
121900127,31,159,-128
121900128,122,234,-112
121900129,952,252,700
121900130,141,303,-162
121900131,1074,119,955
121900132,95,220,-125
121900133,145,885,-740
121900134,35,274,-239
121900135,3274,701,2573
121900136,1472,533,939
121900137,58,550,-492
121900138,239,390,-151
121900139,400,545,-145
121900140,91,361,-270
121900141,88,60,28
121900142,266,331,-65
121900143,48,243,-195
121900144,158,305,-147
121900145,539,439,100
121900146,785,1312,-527
121900147,79,230,-151
121900148,297,526,-229
121900149,483,1192,-709
121900150,72,194,-122
121900151,112,323,-211
121900152,114,214,-100
121900153,169,991,-822
121900154,17,306,-289
121900155,9,226,-217
121900156,262,150,112
121900157,4,615,-611
121900158,110,172,-62
121900159,3,396,-393
121900160,84,504,-420
121900161,512,557,-45
121900162,100,279,-179
121900163,449,1282,-833
121900164,697,306,391
121900165,631,299,332
121900166,260,255,5
121900167,127,167,-40
121900168,184,363,-179
121900169,10,364,-354
121900170,22,312,-290
121900171,1155,820,335
121900172,1162,393,769
121900173,1812,307,1505
121900174,46,137,-91
121900175,187,293,-106
121900176,1184,2070,-886
121900177,379,122,257
121900178,60,64,-4
121900179,1411,300,1111
121900180,6143,5153,990
121900182,750,420,330
121900183,1053,1219,-166
121900184,105,1174,-1069
121900186,6,414,-408
121900187,76,323,-247
121900188,665,833,-168
121900189,56,180,-124
121900190,355,564,-209
121900191,289,231,58
121900192,415,742,-327
121900193,53,188,-135
121900194,17,232,-215
121900195,131,170,-39
121900196,1576,1541,35
121900197,767,2291,-1524
121900198,1428,1198,230
121900199,7,66,-59
121900200,110,449,-339
121900201,1587,1003,584
121900202,366,955,-589
121900203,353,1156,-803
121900204,1204,1731,-527
121900205,18,207,-189
121900206,24,33,-9
121900207,182,66,116
121900208,300,381,-81
121900209,115,67,48
121900210,1339,1272,67
121900211,14,125,-111
121900212,652,191,461
121900213,182,111,71
121900214,8,715,-707
121900215,99,155,-56
121900216,50,291,-241
121900217,334,238,96
121900218,292,441,-149
121900220,249,12,237
121900221,388,909,-521
121900222,232,235,-3
121900223,216,80,136
121900224,128,80,48
121900225,171,126,45
121900226,469,1105,-636
121900227,715,766,-51
121900228,425,624,-199
121900229,380,376,4
121900230,187,460,-273
121900231,606,2116,-1510
121900232,390,603,-213
121900233,311,359,-48
121900234,389,493,-104
121900235,690,285,405
121900236,857,353,504
121900237,236,343,-107
121900238,187,430,-243
121900239,780,67,713
121900240,337,180,157
121900241,85,104,-19
121900242,13,1,12
121900243,26,0,26
121900244,122,6,116
121900245,224,112,112
121900246,2405,439,1966
121900247,918,314,604
121900248,2166,2205,-39
121900250,342,352,-10
121900251,510,75,435
121900252,929,169,760
121900253,254,927,-673
121900254,540,410,130
121900255,363,148,215
121900258,4158,2973,1185
121900259,602,759,-157
121900260,230,311,-81
121900261,280,1006,-726
121900262,578,1410,-832
121900263,614,459,155
121900264,2706,2051,655
121900265,337,404,-67
121900266,635,260,375
121900267,114,51,63
121900269,395,1258,-863
121900270,32,277,-245
121900271,92,257,-165
121900273,556,2172,-1616
121900274,237,401,-164
121900276,42,15,27
121900277,837,1782,-945
121900278,165,1235,-1070
121900279,186,263,-77
121900280,265,501,-236
121900281,772,443,329
121900284,252,13,239
121900286,1072,227,845
121900287,12,45,-33
121900290,244,463,-219
121900291,480,757,-277
121900292,200,151,49
121900293,1219,3354,-2135
121900294,320,3,317
121900295,146,340,-194
121900296,210,294,-84
121900298,270,832,-562
121900299,3,4,-1
121900300,196,7,189
121900301,86,6,80
121900302,2,33,-31
121900303,450,605,-155
121900304,1,19,-18
121900305,4,17,-13
121900306,174,4,170
121900307,86,62,24
121900308,58,401,-343
121900309,30,451,-421
121900310,62,734,-672
121900311,458,30,428
121900312,396,20,376
121900313,502,46,456
121900314,4,79,-75
121900315,15,1,14
121900316,1,19,-18
121900317,19,3,16
121900318,1,37,-36
121900319,30,200,-170
121900320,68,96,-28
121900321,7,11,-4
121900322,0,36,-36
121900323,16,22,-6
121900324,8,77,-69
121900325,11,4,7
121900326,9,14,-5
121900327,6,132,-126
121900328,2,52,-50
121900329,2,319,-317
121900330,1,16,-15
121900331,49,40,9
121900332,81,39,42
121900333,30,11,19
122000001,3485,6176,-2691
122000002,7749,2772,4977
122000003,4271,3177,1094
122000004,5306,2420,2886
122000005,3590,2277,1313
122000006,2406,1098,1308
122000007,1561,2299,-738
122000008,6201,6584,-383
122000009,505,433,72
122000010,2452,3521,-1069
122000011,4158,1939,2219
122000012,1614,1727,-113
122000013,1768,1059,709
122000014,1793,1578,215
122000015,1872,1436,436
122000016,776,1108,-332
122000017,1364,1422,-58
122000018,1920,1367,553
122000019,945,1571,-626
122000020,253,242,11
122000021,432,696,-264
122000022,1610,1359,251
122000023,931,2211,-1280
122000024,877,1538,-661
122000025,1554,1929,-375
122000026,1407,1204,203
122000027,788,3419,-2631
122000028,1028,604,424
122000029,606,590,16
122000030,438,158,280
122000031,514,343,171
122000032,2029,2485,-456
122000033,1142,1285,-143
122000034,1066,845,221
122000035,384,974,-590
122000036,699,773,-74
122000037,495,357,138
122000038,293,532,-239
122000039,743,518,225
122000040,515,321,194
122000041,673,799,-126
122000042,362,645,-283
122000043,164,158,6
122000044,191,198,-7
122000045,1375,599,776
122000046,964,904,60
122000047,374,311,63
122000048,7165,6231,934
122000049,8623,4287,4336
122000050,1914,1032,882
122000051,462,294,168
122000052,759,479,280
122000053,335,998,-663
122000054,3257,2733,524
122000055,2984,3662,-678
122000056,6645,4432,2213
122000057,5312,4445,867
122000058,4051,1708,2343
122000059,3812,1960,1852
122000060,926,779,147
122000061,690,608,82
122000062,1561,423,1138
122000063,2246,833,1413
122000064,4006,3207,799
122000065,5352,3277,2075
122000066,1512,1187,325
122000067,2147,1630,517
122000068,2970,1700,1270
122000069,1144,822,322
122000070,2025,2534,-509
122000071,2023,1750,273
122000072,428,481,-53
122000073,514,676,-162
122000074,3615,2069,1546
122000075,1207,1696,-489
122000076,2699,1481,1218
122000077,1705,931,774
122000078,2969,2886,83
122000079,3153,1595,1558
122000080,1051,455,596
122000081,290,494,-204
122000082,1243,926,317
122000083,1992,2858,-866
122000084,2592,1185,1407
122000085,629,1722,-1093
122000086,2873,6398,-3525
122000087,774,316,458
122000088,652,636,16
122000089,7478,3304,4174
122000090,312,554,-242
122000091,322,110,212
122000092,202,33,169
122000093,2086,1846,240
122000094,9021,3132,5889
122000095,5306,5099,207
122000096,3869,2192,1677
122000098,5222,2666,2556
122000099,2264,730,1534
122000100,1236,752,484
122000101,522,985,-463
122000102,2512,1722,790
122000103,3054,2333,721
122000104,868,294,574
122000105,2601,439,2162
122000106,717,775,-58
122000107,1665,668,997
122000108,660,1096,-436
122000109,452,432,20
122000110,676,690,-14
122000111,3489,1706,1783
122000112,1083,1673,-590
122000113,802,884,-82
122000114,3829,1693,2136
122000115,2406,1723,683
122000116,1234,752,482
122000117,4941,685,4256
122000118,987,1500,-513
122000119,5119,4195,924
122000120,2922,8120,-5198
122000121,2997,6290,-3293
122000122,1156,3349,-2193
122000123,2444,3324,-880
122000124,1392,1241,151
122000125,1342,1236,106
122000126,901,2693,-1792
122000127,1527,2830,-1303
122000128,690,1371,-681
122000129,963,1830,-867
122000130,4637,2494,2143
122000131,1860,2652,-792
122000132,648,882,-234
122000133,1200,2567,-1367
122000134,1102,1385,-283
122000135,915,1529,-614
122000136,1114,1201,-87
122000137,2121,1826,295
122000139,1750,3951,-2201
122000140,1178,786,392
122000141,6343,1412,4931
122000142,667,1281,-614
122000143,586,787,-201
122000144,1931,2537,-606
122000145,2801,1195,1606
122000146,2822,1776,1046
122000147,1079,605,474
122000148,2778,2473,305
122000149,2724,2730,-6
122000150,1499,1404,95
122000151,332,497,-165
122000152,451,667,-216
122000153,560,458,102
122000154,419,329,90
122000155,2577,2966,-389
122000156,3387,2896,491
122000157,1908,2382,-474
122000158,409,1171,-762
122000159,1167,3106,-1939
122000160,4664,4310,354
122000161,1394,1402,-8
122000162,3593,2509,1084
122000163,316,111,205
122000164,49,103,-54
122000165,1151,807,344
122000166,1102,1051,51
122000167,314,303,11
122000168,292,685,-393
122000169,546,268,278
122000170,370,403,-33
122000171,75,118,-43
122000172,2082,1698,384
122000173,1903,2876,-973
122000174,3191,1216,1975
122000175,1329,409,920
122000176,305,859,-554
122000177,1761,1701,60
122000178,3206,2719,487
122000179,2249,3037,-788
122000180,2149,1708,441
122000181,2308,4032,-1724
122000182,2538,2116,422
122000183,2394,1210,1184
122000184,3993,2601,1392
122000185,1755,1589,166
122000186,568,813,-245
122000187,1999,1580,419
122000188,623,271,352
122000189,312,391,-79
122000190,1377,1242,135
122000191,990,1091,-101
122000192,1326,499,827
122000193,522,1000,-478
122000194,862,245,617
122000195,178,596,-418
122000196,1456,846,610
122000197,719,1150,-431
122000198,562,1078,-516
122000199,423,465,-42
122000200,1285,747,538
122000201,1591,1534,57
122000202,1563,1677,-114
122000203,7154,2279,4875
122000204,2404,3003,-599
122000205,2078,2003,75
122000206,2914,1300,1614
122000207,2539,1878,661
122000208,2877,2056,821
122000209,2489,444,2045
122000210,2684,2349,335
122000211,2079,1472,607
122000212,974,807,167
122000213,1443,1986,-543
122000214,2774,2283,491
122000215,2756,1990,766
122000217,3967,1814,2153
122000218,850,73,777
122000219,1725,1226,499
122000220,554,978,-424
122000221,109,564,-455
122000222,758,214,544
122000223,2600,777,1823
122000225,1397,389,1008
122000226,3505,2556,949
122000227,512,3306,-2794
122000228,867,718,149
122000229,251,716,-465
122000230,499,829,-330
122000231,1822,1168,654
122000232,1141,1446,-305
122000233,1,134,-133
122000234,437,194,243
122000235,2014,269,1745
122000236,1409,228,1181
122000237,324,121,203
122000238,1116,459,657
122000239,2520,338,2182
122000240,1703,1034,669
122000241,1794,663,1131
122000242,1063,192,871
122000243,1059,62,997
122000244,71,376,-305
122000245,13,110,-97
122000246,236,156,80
122000247,1999,336,1663
122000248,1440,2312,-872
122000249,3982,1691,2291
122000250,3344,2521,823
122000251,420,696,-276
122000252,763,513,250
122000253,78,438,-360
122000254,451,305,146
122000255,1126,2775,-1649
122000256,650,1551,-901
122000257,261,420,-159
122000258,482,470,12
122000259,37,651,-614
122000260,13,115,-102
122000261,39,298,-259
122000262,1,70,-69
122000263,456,216,240
122000264,1443,660,783
122000265,3130,1289,1841
122000266,4971,861,4110
122000267,396,206,190
122000268,210,749,-539
122000269,1070,614,456
122000270,897,264,633
122000271,411,1508,-1097
122000272,503,1463,-960
122000273,533,589,-56
122000274,319,281,38
122000275,310,291,19
122000276,1164,921,243
122000277,2306,2276,30
122000278,4295,1746,2549
122000279,287,740,-453
122000280,1614,1198,416
122000281,1206,1233,-27
122000282,624,274,350
122000283,927,139,788
122000284,469,194,275
122000285,746,178,568
122000286,174,221,-47
122000287,1780,2105,-325
122000288,769,539,230
122000291,2488,1321,1167
122000293,536,319,217
122000294,241,369,-128
122000295,3044,325,2719
122000296,147,722,-575
122000297,4595,3761,834
122000299,648,593,55
122000300,589,705,-116
122000301,16140,4424,11716
122000302,1227,2337,-1110
122000303,5449,1943,3506
122000304,89,459,-370
122000305,1346,437,909
122000306,44,1365,-1321
122000307,380,255,125
122000309,225,83,142
122000310,32,97,-65
122000311,342,228,114
122000312,182,147,35
122000313,122,81,41
122000314,145,351,-206
122000315,444,51,393
122000316,811,384,427
122000317,1862,323,1539
122000318,394,1061,-667
122000319,367,714,-347
122000320,665,2692,-2027
122000321,123,283,-160
122000322,3108,2437,671
122000323,1898,2467,-569
122000324,1275,1368,-93
122000325,1278,1757,-479
122000326,69,193,-124
122000327,734,1188,-454
122000328,1325,1069,256
122000330,2860,1126,1734
122000332,479,583,-104
122000333,9,128,-119
122000337,1446,2361,-915
122000338,590,672,-82
122000340,402,573,-171
122000342,2864,1365,1499
122000343,592,1302,-710
122000344,94,37,57
122000345,362,67,295
122000346,852,748,104
122000348,1058,1160,-102
122000349,158,1163,-1005
122000351,118,305,-187
122000352,559,171,388
122000353,95,144,-49
122000355,212,284,-72
122000356,1876,1439,437
122000357,143,40,103
122000358,1,92,-91
122000359,1,65,-64
122000360,0,95,-95
122000362,23,104,-81
122000364,205,510,-305
122000365,11,69,-58
122000366,48,15,33
122000368,592,877,-285
122000370,87,82,5
122000371,25,0,25
122000372,21,4,17
122000381,97,478,-381
122000382,135,457,-322
122000384,4152,1959,2193
122000385,149,2,147
122000386,514,1634,-1120
122000387,724,747,-23
122000388,1616,1134,482
122000389,263,722,-459
122000390,449,368,81
122000391,453,243,210
122000392,556,380,176
122000393,496,279,217
122000394,802,647,155
122000395,251,324,-73
122000396,356,190,166
122000397,65,73,-8
122000398,59,66,-7
122000399,163,109,54
122000400,164,574,-410
122000401,141,141,0
122000402,353,114,239
122000403,717,1402,-685
122000404,235,463,-228
122000408,1206,1670,-464
122000503,20,167,-147
122000524,874,184,690
122000544,165,3466,-3301
122000616,503,4,499
122000640,104,201,-97
122000641,144,481,-337
122000642,1860,1585,275
122000643,96,183,-87
122000644,245,54,191
122000645,209,225,-16
122000651,2255,953,1302
122000664,170,69,101
122000665,1643,904,739
122000666,815,1368,-553
122000673,40,400,-360
122000674,164,108,56
122000675,2225,1703,522
122000686,1919,1583,336
122000687,3773,544,3229
122000688,460,1367,-907
122000689,1285,872,413
122000690,3011,774,2237
122000691,1982,2904,-922
122000692,2277,613,1664
122000693,782,2769,-1987
122000695,344,714,-370
122000696,492,506,-14
122000698,407,1283,-876
122000699,316,244,72
122000701,1718,524,1194
122000702,753,1620,-867
122000703,191,63,128
122000717,232,96,136
122000718,480,965,-485
122000719,115,141,-26
122000720,478,415,63
122000724,57,12,45
122900001,37,19,18
122900002,2059,5861,-3802
122900003,553,115,438
122900004,1093,63,1030
122900005,242,57,185
122900006,1775,450,1325
122900007,592,108,484
122900008,1197,68,1129
122900009,1056,571,485
122900010,319,168,151
122900012,280,596,-316
122900014,264,483,-219
122900015,3105,1304,1801
122900016,136,455,-319
122900017,491,1308,-817
122900018,268,31,237
122900019,32,243,-211
122900020,627,582,45
122900021,157,805,-648
122900022,1106,1127,-21
122900023,579,373,206
122900024,237,158,79
122900025,37,398,-361
122900026,141,655,-514
122900027,96,1270,-1174
122900028,197,301,-104
122900029,6090,3628,2462
122900030,1633,914,719
122900031,147,342,-195
122900032,140,474,-334
122900033,293,212,81
122900034,7172,6893,279
122900035,103,102,1
122900036,71,153,-82
122900037,455,170,285
122900038,169,3691,-3522
122900039,166,635,-469
122900040,360,643,-283
122900041,512,360,152
122900042,284,526,-242
122900043,474,298,176
122900044,125,469,-344
122900045,134,165,-31
122900046,375,204,171
122900047,206,285,-79
122900048,65,328,-263
122900049,2089,260,1829
122900051,110,204,-94
122900052,92,250,-158
122900053,108,52,56
122900055,702,315,387
122900057,331,114,217
122900061,683,274,409
122900062,755,1013,-258
122900063,203,516,-313
122900064,1602,619,983
122900065,704,285,419
122900066,928,542,386
122900067,2377,1254,1123
122900068,351,424,-73
122900069,1469,2488,-1019
122900070,615,89,526
122900071,186,603,-417
122900072,32,836,-804
122900073,59,452,-393
122900074,731,1055,-324
122900075,2,85,-83
122900076,14,268,-254
122900077,0,224,-224
122900078,351,191,160
122900080,78,40,38
122900081,326,308,18
122900082,994,743,251
122900083,206,578,-372
122900084,17,452,-435
122900086,33,169,-136
122900087,548,938,-390
122900088,27,178,-151
122900089,155,370,-215
122900090,25,709,-684
122900091,184,1,183
122900092,0,261,-261
122900093,2,454,-452
122900094,8,309,-301
122900095,207,6,201
122900096,469,301,168
122900097,29,34,-5
122900098,205,161,44
122900099,37,21,16
122900100,962,340,622
122900101,585,312,273
122900102,26,31,-5
122900103,112,9,103
122900104,141,21,120
122900105,26,7,19
122900106,22,154,-132
122900107,12,332,-320
122900108,6,345,-339
123000001,2192,622,1570
123000002,5566,5810,-244
123000003,4657,4972,-315
123000004,3756,5276,-1520
123000005,3550,3680,-130
123000006,3031,3670,-639
123000007,7272,3546,3726
123000008,6305,4391,1914
123000009,5627,4012,1615
123000010,4261,4629,-368
123000011,2875,983,1892
123000012,1073,2892,-1819
123000013,4519,1152,3367
123000014,1442,4284,-2842
123000015,6909,1457,5452
123000016,7716,6280,1436
123000017,4021,2351,1670
123000018,60,164,-104
123000019,360,487,-127
123000020,263,228,35
123000021,89,374,-285
123000022,401,2588,-2187
123000023,3128,1987,1141
123000024,1937,798,1139
123000025,409,299,110
123000026,443,110,333
123000027,678,565,113
123000028,2531,378,2153
123000029,1973,796,1177
123000030,380,758,-378
123000031,277,444,-167
123000032,402,294,108
123000033,338,132,206
123000034,1498,1461,37
123000035,505,714,-209
123000036,452,1380,-928
123000037,612,735,-123
123000038,222,254,-32
123000039,451,1452,-1001
123000040,1173,601,572
123000041,1552,1455,97
123000042,1521,985,536
123000043,4531,9840,-5309
123000044,6526,3646,2880
123000045,12567,4261,8306
123000046,1127,1842,-715
123000047,3102,1463,1639
123000048,148,747,-599
123000049,10088,11675,-1587
123000050,1586,1906,-320
123000051,166,250,-84
123000052,1260,4141,-2881
123000053,4039,4195,-156
123000054,1932,2409,-477
123000055,2468,3530,-1062
123000056,2290,3030,-740
123000057,20076,9557,10519
123000058,1102,1305,-203
123000059,787,934,-147
123000060,1541,618,923
123000061,856,1073,-217
123000063,1041,1132,-91
123000064,1205,503,702
123000065,14123,4855,9268
123000066,1049,929,120
123000067,1450,1148,302
123000068,4221,4209,12
123000069,9823,5642,4181
123000070,371,1013,-642
123000071,1307,1421,-114
123000072,1321,1681,-360
123000073,1332,1045,287
123000074,1323,1786,-463
123000075,414,1390,-976
123000076,1531,1082,449
123000077,2233,4104,-1871
123000078,1865,2259,-394
123000079,1861,2432,-571
123000080,2691,3048,-357
123000081,196,680,-484
123000082,534,1633,-1099
123000083,1100,358,742
123000084,639,657,-18
123000085,363,141,222
123000086,593,391,202
123000087,463,528,-65
123000088,3772,1470,2302
123000089,604,1519,-915
123000090,1525,1166,359
123000091,1858,1850,8
123000092,1098,1530,-432
123000094,656,433,223
123000095,1082,1146,-64
123000096,923,658,265
123000097,632,1094,-462
123000098,878,850,28
123000099,756,1041,-285
123000100,834,1125,-291
123000101,941,772,169
123000102,993,970,23
123000104,495,515,-20
123000105,593,607,-14
123000106,510,491,19
123000107,444,538,-94
123000108,903,1449,-546
123000111,1190,488,702
123000112,1303,930,373
123000113,685,2092,-1407
123000114,855,973,-118
123000115,587,404,183
123000116,65,175,-110
123000117,4321,3278,1043
123000118,535,1524,-989
123000119,562,1237,-675
123000120,1725,1369,356
123000121,564,744,-180
123000122,334,330,4
123000123,522,822,-300
123000124,550,581,-31
123000125,1413,1421,-8
123000126,1647,4490,-2843
123000127,993,811,182
123000128,369,367,2
123000129,784,306,478
123000130,726,123,603
123000131,944,799,145
123000132,498,870,-372
123000133,401,570,-169
123000134,442,287,155
123000135,2958,1752,1206
123000136,346,1268,-922
123000137,148,504,-356
123000138,137,564,-427
123000139,496,162,334
123000140,234,1176,-942
123000141,953,190,763
123000142,1351,1607,-256
123000143,1964,2605,-641
123000144,165,58,107
123000145,681,180,501
123000146,60,137,-77
123000147,183,167,16
123000149,457,643,-186
123000150,232,324,-92
123000151,430,569,-139
123000152,467,573,-106
123000153,682,1011,-329
123000154,2716,2664,52
123000155,3315,1645,1670
123000156,97,164,-67
123000157,765,1268,-503
123000158,882,973,-91
123000159,4766,3319,1447
123000160,1221,995,226
123000161,2126,1540,586
123000162,1370,2387,-1017
123000163,750,178,572
123000164,1870,431,1439
123000165,591,2581,-1990
123000166,55,199,-144
123000167,197,396,-199
123000168,294,356,-62
123000169,895,176,719
123000170,77,329,-252
123000171,711,69,642
123000172,467,821,-354
123000173,832,367,465
123000174,1235,461,774
123000175,1393,1930,-537
123000176,1561,363,1198
123000177,726,1596,-870
123000178,836,162,674
123000179,48,1061,-1013
123000180,2049,455,1594
123000181,415,2448,-2033
123000182,492,956,-464
123000183,191,573,-382
123000184,335,1306,-971
123000185,977,668,309
123000186,9,1110,-1101
123000187,654,15,639
123000188,260,3,257
123000189,221,284,-63
123000190,88,121,-33
123000192,39,826,-787
123000193,131,1288,-1157
123000194,619,583,36
123000195,440,54,386
123000196,410,44,366
123000197,80,211,-131
123000198,62,510,-448
123000199,45,844,-799
123000200,784,12,772
123000201,1135,33,1102
123000202,24,1789,-1765
123000203,1103,102,1001
123000204,141,2020,-1879
123000205,799,3164,-2365
123000206,2338,298,2040
123000207,123,1458,-1335
123000208,681,206,475
123000209,2315,682,1633
123000210,670,3327,-2657
123000211,934,4588,-3654
123000212,3257,690,2567
123000213,778,115,663
123000215,220,287,-67
123000216,303,1981,-1678
123000217,300,56,244
123000218,112,980,-868
123000219,1647,193,1454
123000220,1091,183,908
123000221,686,196,490
123000222,591,852,-261
123000223,465,623,-158
123000224,568,825,-257
123000225,757,177,580
123000226,151,620,-469
123000227,105,491,-386
123000228,434,108,326
123000229,1349,2660,-1311
123000232,329,799,-470
123000233,1101,318,783
123000234,216,1029,-813
123000235,1068,548,520
123000236,446,1361,-915
123000237,351,149,202
123000238,135,821,-686
123000239,679,2494,-1815
123000240,82,528,-446
123000241,715,133,582
123000242,261,316,-55
123000243,1064,1192,-128
123000244,1392,933,459
123000245,80,253,-173
123000249,510,1012,-502
123000252,957,373,584
123000253,1343,695,648
123000254,1142,2043,-901
123000255,1616,1414,202
123000256,34,439,-405
123000257,4441,3327,1114
123000258,1905,1689,216
123000259,425,530,-105
123000260,475,752,-277
123000261,275,337,-62
123000262,98,268,-170
123000263,465,137,328
123000264,221,181,40
123000265,124,212,-88
123000266,918,1388,-470
123000267,811,520,291
123000268,75,133,-58
123000269,71,98,-27
123000270,27,78,-51
123000271,116,126,-10
123000272,878,325,553
123000273,291,846,-555
123000274,1519,792,727
123000275,471,1301,-830
123000278,7240,3695,3545
123000279,104,143,-39
123000280,1096,555,541
123000281,428,157,271
123000282,186,379,-193
123000283,87,65,22
123000284,74,143,-69
123000286,296,388,-92
123000287,717,383,334
123000288,1611,941,670
123000289,602,1699,-1097
123000291,401,984,-583
123000294,172,286,-114
123000295,1307,1274,33
123000296,702,638,64
123000297,564,974,-410
123000298,673,561,112
123000299,57,254,-197
123000300,1043,1138,-95
123000301,190,276,-86
123000302,86,288,-202
123000303,146,153,-7
123000305,1234,1198,36
123000306,169,289,-120
123000309,40,83,-43
123000310,34,41,-7
123000311,0,178,-178
123000312,848,1530,-682
123000313,736,539,197
123000315,109,526,-417
123000316,1897,162,1735
123000317,248,107,141
123000318,85,396,-311
123000329,9,26,-17
123000337,1230,323,907
123000338,1317,74,1243
123000339,260,328,-68
123000340,251,752,-501
123000342,192,39,153
123000343,61,17,44
123000344,1827,1088,739
123000345,439,1296,-857
123000346,344,69,275
123000352,2183,1190,993
123000353,31,222,-191
123000354,654,9,645
123000355,4,851,-847
123000356,717,33,684
123000357,4,246,-242
123000359,6,282,-276
123000360,285,166,119
123000361,529,524,5
123000362,558,153,405
123000363,178,326,-148
123000364,1070,639,431
123000365,47,514,-467
123000366,670,2315,-1645
123000367,444,1882,-1438
123000370,84,401,-317
123000371,2173,80,2093
123000372,775,37,738
123000373,17,599,-582
123000374,152,354,-202
123000375,799,82,717
123000376,1066,770,296
123000377,648,54,594
123000378,25,462,-437
123000379,22,326,-304
123000380,105,619,-514
123000381,238,59,179
123000382,1971,232,1739
123000383,365,1705,-1340
123000384,529,113,416
123000385,466,669,-203
123000436,56,1171,-1115
123000507,209,423,-214
123000508,281,1198,-917
123000517,366,71,295
123000518,39,351,-312
123000519,212,98,114
123000520,72,295,-223
123000521,405,130,275
123000522,167,632,-465
123000541,13,11,2
123000542,0,24,-24
123000565,735,99,636
123000566,317,1169,-852
123000567,143,378,-235
123000573,51,1256,-1205
123000574,1268,120,1148
123000575,1666,1794,-128
123000576,1047,2314,-1267
123000577,92,953,-861
123000578,838,118,720
123000579,4281,6787,-2506
123000580,117,37,80
123000582,519,64,455
123000583,55,591,-536
123000584,224,380,-156
123000585,0,377,-377
123000586,161,46,115
123000596,169,150,19
123000597,99,141,-42
123000602,35,10,25
123000603,733,931,-198
123000604,619,1205,-586
123000605,1303,179,1124
123000606,1,564,-563
123000609,36,506,-470
123000610,289,198,91
123000613,29,251,-222
123000614,339,74,265
123000615,98,179,-81
123000616,964,66,898
123000617,119,862,-743
123000618,96,995,-899
123000619,674,57,617
123000620,26,725,-699
123000622,562,26,536
123000624,151,64,87
123000630,1195,608,587
123000631,346,1819,-1473
123000632,1031,1211,-180
123000633,0,291,-291
123000634,88,136,-48
123000635,174,174,0
123000636,38,973,-935
123000637,227,203,24
123000638,879,81,798
123000639,1703,4912,-3209
123000640,40,969,-929
123900001,1914,74,1840
123900002,72,1940,-1868
123900003,589,674,-85
123900005,296,208,88
123900006,375,99,276
124000001,2582,226,2356
124000002,183,2568,-2385
124000003,956,229,727
124000004,94,874,-780
124000005,1550,720,830
124000006,324,1639,-1315
124000007,1112,241,871
124000008,45,836,-791
124000009,819,531,288
124000010,260,588,-328
124000011,2277,612,1665
124000012,460,730,-270
124000017,230,309,-79
124000018,126,152,-26
124000019,164,242,-78
124000020,81,309,-228
124000021,141,265,-124
124000022,138,363,-225
124000023,2135,1812,323
124000024,1488,604,884
124000025,1433,1984,-551
124000026,1313,1415,-102
124000027,6215,6240,-25
124000028,3084,5691,-2607
124000030,4078,1834,2244
124000031,1627,3853,-2226
124000032,4452,1386,3066
124000033,334,742,-408
124000034,1796,884,912
124000035,82,233,-151
124000036,108,279,-171
124000037,1437,1547,-110
124000038,93,100,-7
124000039,2148,730,1418
124000040,957,1454,-497
124000041,1005,137,868
124000042,290,629,-339
124000043,321,120,201
124000044,189,359,-170
124000045,1099,957,142
124000046,381,847,-466
124000047,1691,1471,220
124000048,1351,1994,-643
124000049,2796,1252,1544
124000050,1420,2585,-1165
124000051,1073,957,116
124000052,826,1520,-694
124000053,647,1876,-1229
124000054,1076,797,279
124000055,1650,3259,-1609
124000056,3389,2211,1178
124000057,1155,843,312
124000058,576,1973,-1397
124000059,670,1583,-913
124000060,1733,1071,662
124000061,1860,5757,-3897
124000062,5521,2407,3114
124000063,1756,2393,-637
124000064,3727,1944,1783
124000065,13,1127,-1114
124000066,133,70,63
124000067,347,374,-27
124000068,16,33,-17
124000069,251,24,227
124000070,127,176,-49
124000071,2567,162,2405
124000072,1039,668,371
124000073,1119,243,876
124000074,344,1038,-694
124000075,367,77,290
124000076,14,331,-317
124000077,2390,961,1429
124000078,4423,1626,2797
124000079,906,1755,-849
124000080,1736,303,1433
124000081,412,819,-407
124000082,62,307,-245
124000083,124,170,-46
124000084,71,427,-356
124000085,204,79,125
124000086,91,137,-46
124000087,761,132,629
124000088,337,522,-185
124000089,1101,505,596
124000090,150,391,-241
124000091,413,113,300
124000092,77,583,-506
124000093,187,216,-29
124000094,354,693,-339
124000095,98,204,-106
124000096,202,508,-306
124000097,123,264,-141
124000098,90,125,-35
124000099,321,216,105
124000100,60,115,-55
124000101,94,211,-117
124000102,142,103,39
124000103,106,145,-39
124000104,107,79,28
124000105,86,107,-21
124000106,141,91,50
124000107,23,156,-133
124000108,108,25,83
124000109,133,162,-29
124000110,219,168,51
124000111,245,218,27
124000112,761,943,-182
124000113,113,156,-43
124000114,384,623,-239
124000115,487,821,-334
124000116,116,287,-171
124000117,84,108,-24
124000118,35,92,-57
124000119,1275,829,446
124000120,736,556,180
124000121,2023,962,1061
124000122,731,1731,-1000
124000123,2037,908,1129
124000124,701,1427,-726
124000125,440,751,-311
124000126,368,885,-517
124000127,1038,605,433
124000128,659,1366,-707
124000129,2609,2150,459
124000130,970,903,67
124000131,1232,818,414
124000132,1188,1055,133
124000133,896,1208,-312
124000134,1215,879,336
124000135,2153,2263,-110
124000136,1288,1470,-182
124000137,1816,1077,739
124000138,2020,1798,222
124000139,1773,43,1730
124000140,118,769,-651
124000141,960,19,941
124000142,10,286,-276
124000143,67,51,16
124000144,24,91,-67
124000145,436,114,322
124000146,251,131,120
124000148,180,243,-63
124000149,2305,765,1540
124000150,665,824,-159
124000151,1116,595,521
124000152,1168,1656,-488
124000153,1193,1058,135
124000154,642,1067,-425
124000155,1705,1363,342
124000156,2098,1459,639
124000169,269,579,-310
124000170,840,670,170
124000171,299,322,-23
124000172,464,913,-449
124000173,564,274,290
124000174,450,796,-346
124000175,29,238,-209
124000176,161,31,130
124000177,19,73,-54
124000178,210,94,116
124000190,90,99,-9
124000191,141,61,80
124000192,3459,576,2883
124000193,1423,1189,234
124000194,483,753,-270
124000195,304,774,-470
124000196,1309,1471,-162
124000197,67,71,-4
124000198,58,65,-7
124000201,582,1391,-809
124000202,981,590,391
124000203,969,1077,-108
124000204,1133,700,433
124000205,470,773,-303
124000206,1744,589,1155
124000207,2,93,-91
124000209,368,795,-427
124000210,569,278,291
124000211,679,2,677
124000212,0,737,-737
124000213,599,520,79
124000214,364,1134,-770
124000215,826,35,791
124000216,11,619,-608
124000329,218,2625,-2407
124000338,239,1353,-1114
124000339,1403,386,1017
124000341,1472,447,1025
124000344,93,7,86
124000357,1061,2385,-1324
124000358,896,1598,-702
124000359,1536,1037,499
124000360,923,804,119
124000361,2650,1029,1621
124000362,1935,2241,-306
124000363,422,554,-132
124000364,861,1422,-561
124000365,796,1395,-599
124000366,1971,1063,908
124000367,221,727,-506
124000368,672,565,107
124000369,212,228,-16
124000370,112,648,-536
124000402,63,39,24
124000403,271,160,111
124000404,31,185,-154
124000405,1382,1188,194
124000406,1104,1376,-272
124000407,9,62,-53
124000411,12,482,-470
124000412,550,20,530
124000413,394,82,312
124000414,90,160,-70
124000415,98,164,-66
124000416,165,311,-146
124000417,223,164,59
124000418,133,173,-40
124000419,102,173,-71
124000420,61,115,-54
124000421,64,256,-192
124000422,44,20,24
124000423,160,56,104
124000424,1,109,-108
124000425,44,88,-44
124000426,7,60,-53
124000427,80,31,49
124000428,25,85,-60
124000429,76,98,-22
124000430,999,859,140
124000431,708,758,-50
124000432,344,1176,-832
124000439,5,11,-6
124000442,5,163,-158
124000443,2,6,-4
124000445,224,908,-684
124000446,1226,83,1143
124900001,538,617,-79
124900002,254,590,-336
124900003,1186,1073,113
124900004,632,613,19
124900005,737,304,433
124900006,811,611,200
124900008,2664,1003,1661
124900009,209,453,-244
124900010,269,235,34
124900011,673,556,117
124900012,717,227,490
124900013,890,199,691
124900014,1070,155,915
124900015,225,589,-364
124900016,110,126,-16
124900017,1054,1855,-801
124900018,95,19,76
124900020,138,154,-16
124900021,721,123,598
124900022,262,20,242
124900024,306,106,200
124900026,541,51,490
124900027,142,619,-477
124900028,904,218,686
124900029,7,754,-747
124900030,21,252,-231
124900031,90,466,-376
124900032,283,385,-102
124900033,415,608,-193
124900034,13,160,-147
124900035,243,704,-461
124900036,4,86,-82
124900037,218,525,-307
124900038,436,458,-22
124900039,3,74,-71
124900040,203,135,68
124900041,265,1260,-995
124900042,334,6,328
124900043,554,1176,-622
124900044,120,3,117
124900045,1637,1491,146
124900046,1690,292,1398
124900047,176,251,-75
124900048,228,157,71
124900050,160,271,-111
124900052,131,673,-542
124900053,447,579,-132
124900054,2880,1214,1666
124900055,2,308,-306
124900057,14,67,-53
124900060,196,392,-196
124900061,175,16,159
124900062,450,51,399
124900066,0,27,-27
124900067,12,274,-262
124900068,317,888,-571
124900070,114,23,91
124900072,131,82,49
124900074,945,381,564
124900075,275,360,-85
124900076,59,1474,-1415
124900077,50,317,-267
124900078,110,22,88
124900079,823,386,437
124900080,269,722,-453
124900081,848,638,210
124900082,417,959,-542
124900083,270,613,-343
124900084,2466,174,2292
124900085,1521,501,1020
124900086,163,1790,-1627
124900087,817,135,682
124900088,1025,185,840
124900089,1577,57,1520
124900090,390,383,7
124900091,351,636,-285
124900092,288,421,-133
124900093,418,379,39
124900094,439,444,-5
124900095,122,607,-485
124900096,772,444,328
124900097,396,132,264
124900098,198,698,-500
124900099,1102,811,291
124900100,371,274,97
124900101,135,579,-444
124900102,280,138,142
124900103,199,384,-185
124900104,102,222,-120
124900105,105,248,-143
124900106,492,133,359
124900107,182,19,163
124900108,161,129,32
124900109,152,333,-181
124900110,1450,590,860
124900111,2,146,-144
124900112,108,869,-761
124900113,169,327,-158
124900114,262,121,141
124900115,471,40,431
124900116,192,210,-18
124900117,622,197,425
124900118,307,257,50
124900119,443,218,225
124900120,95,520,-425
124900121,145,509,-364
124900122,426,346,80
124900123,322,196,126
124900124,227,405,-178
129000186,226,62,164
204000001,64,5,59
204000002,22,4,18
204000003,55,1,54
204000004,6,5,1
204000005,620,525,95
204000006,1689,1368,321
204000011,13,76,-63
204000012,74,84,-10
204000013,8,28,-20
204000019,619,642,-23
204000020,876,672,204
204000021,3062,952,2110
204000022,663,501,162
204000023,729,984,-255
204000031,78,23,55
204000032,765,47,718
204000034,19,315,-296
204000035,1,8,-7
204000036,7,30,-23
204000037,2,17,-15
204000038,2,10,-8
204000039,102,26,76
204000040,3,29,-26
204000041,18,55,-37
204000042,93,19,74
204000043,38,8,30
204000044,101,8,93
204000045,71,3,68
204000046,18,1,17
204000057,7,24,-17
204000062,13,22,-9
204000068,46,294,-248
204000069,24,406,-382
204000070,198,211,-13
204000080,109,70,39
204000085,2290,2379,-89
204000086,2756,2653,103
204000087,46,13,33
204000088,5,154,-149
204000090,53,435,-382
204000093,427,72,355
204000096,868,1115,-247
204000097,544,13,531
204000099,1189,1606,-417
204000100,1514,2174,-660
204000105,2387,1917,470
204000110,1824,2012,-188
204000111,439,1011,-572
204000112,2514,859,1655
204000113,604,810,-206
204000114,1045,866,179
204000115,747,373,374
204000116,5181,640,4541
204000119,2133,3201,-1068
204000132,858,474,384
204000133,840,467,373
204000134,742,225,517
204000135,908,140,768
204000136,936,405,531
204000138,482,1154,-672
204000140,231,214,17
204000141,199,81,118
204000144,11,38,-27
204000145,699,42,657
204000146,34,432,-398
204000147,40,238,-198
204000148,1356,41,1315
204000154,7,2,5
204000155,7,4,3
204000177,123,63,60
204000179,17,15,2
204000180,0,33,-33
204000222,33,14,19
204000235,25,25,0
204000236,97,309,-212
204000238,36,26,10
204000240,416,97,319
204000263,491,1227,-736
204000268,1488,842,646
204000308,248,11,237
204000317,15,117,-102
204000322,19,67,-48
204000323,27,14,13
204000328,288,53,235
204000329,48,218,-170
204000330,244,27,217
204000331,169,141,28
204010341,17,204,-187
205000001,1218,2115,-897
205000013,8,71,-63
205000014,11,107,-96
205000015,32,236,-204
205000016,57,208,-151
205000017,19,112,-93
205000022,261,970,-709
205000025,1414,1454,-40
205000029,288,18,270
205000045,162,375,-213
205000046,180,548,-368
205000047,153,535,-382
205000048,425,1237,-812
205000049,194,985,-791
205000050,826,398,428
205000059,1,268,-267
205000060,0,83,-83
205000061,3,65,-62
205000062,5,45,-40
205000063,20,69,-49
205000064,16,119,-103
205000065,43,625,-582
205000066,104,810,-706
205000067,22,952,-930
205000069,216,13,203
205000082,179,215,-36
205000110,75,265,-190
205000111,229,270,-41
205000112,253,255,-2
205000113,243,450,-207
205000121,286,56,230
205000123,36,282,-246
205000126,482,149,333
205000127,671,223,448
205000128,528,78,450
205000129,694,101,593
205000130,641,32,609
205000131,231,12,219
205000132,257,2,255
205000133,219,1,218
205000134,310,1,309
205000137,79,196,-117
205000138,286,385,-99
205000139,25,124,-99
205000144,157,85,72
205000145,745,213,532
205000151,197,37,160
205000152,333,34,299
205000153,249,31,218
205000154,140,57,83
205000155,114,15,99
205000207,10,196,-186
205000233,12,0,12
205000234,0,1,-1
205000243,0,4,-4
205000244,0,5,-5
205000245,18,244,-226
205000249,1,40,-39
205000250,9,4,5
205000264,17,115,-98
206000027,11,2,9
206000028,4,4,0
206000043,21,80,-59
206000053,5,20,-15
206000054,4,30,-26
206000055,4,36,-32
206000075,11,12,-1
206000076,50,19,31
206000077,28,2,26
206000078,15,4,11
206000079,11,2,9
206000082,448,35,413
206000100,41,787,-746
206000103,5,22,-17
206000104,6,20,-14
206000105,7,46,-39
206000106,23,32,-9
206000108,736,54,682
206000125,52,0,52
206000157,91,855,-764
206000170,1,283,-282
206000171,4,306,-302
206000172,7,776,-769
206000173,6,321,-315
206000174,23,103,-80
206000175,6,161,-155
206000176,29,299,-270
206000177,2,214,-212
206000178,8,260,-252
206000179,12,119,-107
206000180,24,224,-200
206000181,37,223,-186
206000182,12,201,-189
206000183,25,847,-822
206000184,7,498,-491
206000185,10,290,-280
206000186,120,1338,-1218
206000223,7,291,-284
206000226,39,7,32
206000227,17,1,16
206000237,24,492,-468
206000238,28,604,-576
206000239,351,2727,-2376
206000240,2,89,-87
206000241,0,141,-141
206000242,10,324,-314
206000243,17,283,-266
206000244,91,870,-779
206000245,804,62,742
206000246,193,8,185
206000247,227,22,205
206000248,353,12,341
206000252,91,29,62
206000258,31,52,-21
206000315,23,6,17
206000317,631,110,521
206000318,503,65,438
206000319,1291,105,1186
206000320,211,44,167
206000321,202,12,190
206000322,464,17,447
206000323,138,5,133
206000324,184,14,170
206000325,228,20,208
206000326,268,11,257
206000327,465,7,458
206000328,159,5,154
206000329,334,6,328
206000330,58,11,47
206000331,175,1,174
206000332,63,4,59
206000333,643,5,638
206000334,235,2,233
206000335,1,23,-22
206000361,9,241,-232
206000392,4,27,-23
206000405,130,0,130
206000441,52,27,25
206000498,55,6,49
206000515,140,24,116
206000530,224,69,155
206000531,215,226,-11
206000532,2108,325,1783
206000535,462,2390,-1928
206000536,23,254,-231
206000537,23,219,-196
206000613,1620,223,1397
207000001,160,625,-465
207000002,122,289,-167
207000003,144,172,-28
207000007,863,286,577
207000008,96,15,81
207000009,88,29,59
207000010,521,494,27
207000012,326,322,4
207000015,404,1593,-1189
207000019,310,134,176
207000021,808,200,608
207000022,161,140,21
207000023,275,40,235
207000024,13,17,-4
207000025,33,70,-37
207000026,136,63,73
207000027,31,91,-60
207000028,82,235,-153
207000029,327,496,-169
207000033,323,402,-79
207000034,385,103,282
207000039,422,190,232
207000040,265,121,144
207000041,230,58,172
207000042,313,61,252
207000043,421,226,195
207000051,151,399,-248
207000052,137,219,-82
207000053,422,567,-145
207000054,46,110,-64
207000055,230,163,67
207000056,342,349,-7
207000057,165,316,-151
207000058,234,378,-144
207000059,81,637,-556
207000060,95,268,-173
207000061,296,419,-123
207000062,267,53,214
207000063,263,180,83
207000064,746,202,544
207000065,566,298,268
207000066,230,205,25
207000067,74,110,-36
207000068,150,70,80
207000069,769,426,343
207000082,12,285,-273
207000083,122,340,-218
207000084,258,238,20
207000085,235,22,213
207000086,160,6,154
207000106,54,33,21
207000107,135,21,114
207000108,62,16,46
207000109,72,18,54
207000110,106,95,11
207000111,107,83,24
207000112,245,679,-434
207000114,23,60,-37
207000115,32,120,-88
207000116,24,538,-514
207000117,11,171,-160
207000118,7,152,-145
207000119,44,129,-85
207000123,198,19,179
207000124,79,37,42
207000125,113,60,53
207000126,75,120,-45
207000134,80,147,-67
207000135,30,257,-227
207000148,81,363,-282
207000149,80,58,22
207000152,162,402,-240
207000153,1281,1414,-133
207000154,419,156,263
207000159,127,261,-134
207000160,198,613,-415
207000238,0,216,-216
207000242,14,257,-243
207000248,91,51,40
207000249,189,65,124
207000250,1139,91,1048
207000251,153,88,65
207000252,234,119,115
207000278,86,89,-3
207000279,25,225,-200
207000280,512,69,443
207000281,110,1133,-1023
207000282,243,86,157
207000283,148,249,-101
207000284,76,207,-131
207000285,111,48,63
207000291,16,194,-178
207000304,192,74,118
207000306,95,487,-392
207000310,85,107,-22
207000353,330,7,323
207000356,15,68,-53
207000357,34,14,20
207000358,27,14,13
207000415,3,314,-311
207000417,48,4,44
207000418,61,159,-98
207000438,0,0,0
207000439,1195,719,476
207000446,185,6,179
207000460,33,7,26
207000466,218,260,-42
207000467,213,126,87
207000468,68,414,-346
207000476,8,87,-79
207000477,750,103,647
207000478,3,36,-33
207000523,0,7,-7
207000524,101,0,101
207000527,127,213,-86
207000530,432,15,417
207000531,392,18,374
207000532,201,17,184
207000534,534,73,461
207000535,46,435,-389
207000537,347,207,140
207000540,2,304,-302
207000541,8,527,-519
207000548,28,430,-402
207000549,619,11,608
207000561,159,238,-79
207000562,59,342,-283
207000567,190,280,-90
207000568,231,124,107
207000569,405,1163,-758
207000584,468,341,127
207000585,128,465,-337
207000616,0,155,-155
207000617,235,4,231
207900008,182,126,56
208000001,814,1084,-270
208000002,1321,571,750
208000003,1116,480,636
208000004,1857,709,1148
208000005,11,17,-6
208000019,718,1556,-838
208000020,194,754,-560
208000021,258,534,-276
208000022,1217,674,543
208000028,2792,1385,1407
208000033,679,1182,-503
208000034,1395,1958,-563
208000040,225,250,-25
208000041,1200,819,381
208000042,1828,995,833
208000047,160,345,-185
208000064,4001,1787,2214
208000066,2642,2734,-92
208000070,418,453,-35
208000071,343,1151,-808
208000072,299,1619,-1320
208000080,331,366,-35
208000081,312,179,133
208000082,330,366,-36
208000083,175,512,-337
208000084,29,17,12
208000085,1204,703,501
208000086,581,1079,-498
208000087,728,927,-199
208000089,900,569,331
208000090,902,955,-53
208000093,151,140,11
208000094,1844,549,1295
208000095,983,566,417
208000104,1210,1271,-61
208000105,1310,1368,-58
208000114,162,376,-214
208000115,568,672,-104
208000116,661,1361,-700
208000117,192,193,-1
208000118,128,132,-4
208000155,1094,1198,-104
208000158,1820,3913,-2093
208000186,5302,4465,837
208000204,636,1117,-481
208000205,1208,1342,-134
208000282,7649,3484,4165
209000004,846,224,622
209000005,84,54,30
209000006,472,201,271
209000007,321,331,-10
209000010,592,196,396
209000011,257,354,-97
209000012,850,251,599
209000013,524,572,-48
209000014,596,1509,-913
209000025,269,37,232
209000026,740,116,624
209000027,557,1168,-611
209000028,598,933,-335
209000029,680,886,-206
209000030,566,1998,-1432
209000031,3734,2905,829
209000034,241,201,40
209000035,135,155,-20
209000036,160,105,55
209000037,253,223,30
209000038,69,162,-93
209000039,31,165,-134
209000040,353,670,-317
209000041,206,543,-337
209000042,342,459,-117
209000043,930,992,-62
209000044,308,865,-557
209000045,1492,868,624
209000046,551,1440,-889
209000047,697,339,358
209000048,556,388,168
209000049,101,142,-41
209000050,240,217,23
209000051,359,409,-50
209000052,177,405,-228
209000062,21,130,-109
209000063,71,117,-46
209000064,76,136,-60
209000065,77,38,39
209000066,63,42,21
209000067,71,57,14
209000080,68,295,-227
209000082,105,29,76
209000091,45,135,-90
209000093,58,29,29
209000094,237,280,-43
209000110,24,113,-89
209000111,569,1767,-1198
209000112,975,1433,-458
209000113,1716,1240,476
209000114,747,584,163
209000115,86,186,-100
209000116,735,582,153
209000118,32,33,-1
209000119,37,11,26
209000121,121,644,-523
209000135,72,181,-109
209000142,677,1483,-806
209000143,85,118,-33
209000144,41,152,-111
209000229,325,425,-100
209000240,29,401,-372
209000259,112,125,-13
209000260,68,1560,-1492
209000261,5,866,-861
209000262,5,647,-642
209000263,0,225,-225
209000264,0,212,-212
209000265,1500,16,1484
209000266,638,5,633
209000267,2080,29,2051
209000268,676,74,602
210000037,80,26,54
210000047,80,34,46
210000048,90,25,65
210000049,61,21,40
210000052,50,123,-73
210000053,35,76,-41
210000054,63,95,-32
210000070,187,3,184
210000071,157,1,156
210000072,97,2,95
210000073,0,32,-32
210000074,0,137,-137
210000075,9,101,-92
210000076,27,165,-138
210000077,35,48,-13
210000078,37,31,6
210000079,37,20,17
210000080,78,43,35
210000081,297,33,264
210000082,181,8,173
210000083,131,2,129
210000084,48,0,48
210000085,1,109,-108
210000086,7,139,-132
210000099,54,268,-214
210000100,58,172,-114
210000101,94,199,-105
210000105,75,245,-170
210000159,3,152,-149
210000163,213,206,7
210000164,286,165,121
210000168,171,37,134
210000187,0,21,-21
210000188,0,20,-20
210000214,115,1,114
210000219,36,39,-3
210000220,102,58,44
210000232,3,17,-14
210000233,36,65,-29
210000234,21,113,-92
210000235,56,93,-37
210000245,4,52,-48
210000246,52,3,49
210000258,24,134,-110
210000259,591,64,527
210000282,154,289,-135
210000285,0,98,-98
210000286,22,217,-195
210000290,0,6,-6
210000295,70,147,-77
210000296,43,49,-6
210000320,197,135,62
210000321,125,119,6
210000338,85,75,10
210000339,463,1221,-758
210000340,148,428,-280
210000341,238,295,-57
210000342,177,220,-43
210000343,171,192,-21
210000344,214,83,131
210000345,169,200,-31
210000346,70,123,-53
210000347,107,38,69
210000348,139,24,115
210000349,87,11,76
210000350,216,100,116
210000351,150,147,3
210000352,65,78,-13
210000353,79,98,-19
210000354,199,116,83
210000355,49,100,-51
210000356,47,74,-27
210000357,79,35,44
210000358,285,105,180
210000359,102,70,32
210000360,178,100,78
210000361,150,146,4
210000362,263,242,21
210000363,913,308,605
210000364,193,183,10
210000365,134,78,56
210000366,135,77,58
210000367,94,31,63
210000368,194,56,138
210000369,37,19,18
210000370,66,32,34
210000372,49,34,15
210000373,44,9,35
210000374,53,12,41
210000375,36,67,-31
210000376,99,152,-53
210000404,108,129,-21
210000439,32,66,-34
210000472,122,9,113
210000482,75,109,-34
210000564,594,319,275
210000567,0,20,-20
210000568,432,8,424
211000092,83,76,7
211000094,21,18,3
211000169,193,35,158
211000172,13,261,-248
211000209,1,35,-34
211000226,6,8,-2
211000270,8,9,-1
211000275,30,35,-5
211000276,108,37,71
211000279,40,37,3
211000281,56,47,9
211507980,2,62,-60
211977296,77,12,65
212000003,149,47,102
212000004,48,23,25
212000005,13,31,-18
212000006,46,67,-21
212000008,162,153,9
212000009,54,173,-119
212000012,107,123,-16
212000013,32,91,-59
212000014,259,182,77
212000015,302,304,-2
212000016,548,642,-94
212000027,602,626,-24
212000028,322,538,-216
212000029,225,335,-110
212000030,56,38,18
212000031,73,71,2
212000048,60,162,-102
212000049,16,123,-107
212000050,15,12,3
212000051,239,273,-34
212000052,217,367,-150
212000053,417,719,-302
212000054,253,187,66
212000055,258,280,-22
212000056,23,62,-39
212000057,11,45,-34
212000058,352,49,303
212000070,148,319,-171
212000077,184,884,-700
212000099,376,334,42
212000108,194,180,14
212000111,176,140,36
212000120,107,78,29
212000138,143,31,112
212000156,13,157,-144
212000158,20,15,5
212000159,408,66,342
212000160,562,316,246
212000161,94,8,86
212000310,65,18,47
212000311,28,98,-70
212000374,46,8,38
213000001,65,720,-655
213000005,588,182,406
213000006,1214,354,860
213000007,250,15,235
213000009,949,540,409
213000010,242,351,-109
213000011,324,161,163
213000012,160,485,-325
213000014,86,11,75
213000015,261,7,254
213000016,750,5,745
213000017,47,1,46
213000018,1,231,-230
213000019,2,238,-236
213000020,160,541,-381
213000021,12,160,-148
213000023,357,194,163
213000033,391,2046,-1655
213000034,885,439,446
213000035,166,280,-114
213000045,210,326,-116
213000046,282,291,-9
213000047,785,1448,-663
213000056,209,66,143
213000069,124,3,121
213000073,0,56,-56
213000074,103,568,-465
213000075,649,25,624
213000076,17,3,14
213000085,22,65,-43
213000086,11,203,-192
213000091,194,23,171
213000092,115,19,96
213000099,181,1325,-1144
213000100,1487,314,1173
213000101,294,180,114
213000102,428,428,0
213000103,1029,1106,-77
213000104,108,594,-486
213000105,6,135,-129
213000106,77,172,-95
213000107,172,661,-489
213000108,48,624,-576
213000109,8,318,-310
213000110,18,113,-95
213000111,6,78,-72
213000112,153,145,8
213000115,58,27,31
213000116,87,635,-548
213000117,13,1056,-1043
213000118,405,354,51
213000119,62,857,-795
213000120,162,699,-537
213000122,171,823,-652
213000123,540,1918,-1378
213000124,111,1847,-1736
213000125,153,19,134
213000126,109,153,-44
213000127,209,263,-54
213000128,714,1229,-515
213000129,462,615,-153
213000130,615,295,320
213000132,344,99,245
213000133,635,153,482
213000134,762,19,743
213000136,655,21,634
213000137,656,89,567
213000139,507,23,484
213000147,85,14,71
213000148,25,9,16
213000149,61,13,48
213000150,0,150,-150
213000151,2,128,-126
213000152,4,123,-119
213000153,9,128,-119
213000154,65,327,-262
213000155,73,375,-302
213000156,146,662,-516
213000157,696,629,67
213000158,398,1270,-872
213000159,662,655,7
213000163,878,142,736
213000165,978,300,678
213000171,0,100,-100
213000172,6,409,-403
213000173,4,293,-289
213000174,5,292,-287
213000175,20,183,-163
213000176,75,29,46
213000177,97,13,84
213000178,134,7,127
213000179,233,4,229
213000180,184,0,184
213000184,141,547,-406
213000188,441,94,347
213000189,439,46,393
213000190,993,1057,-64
213000191,316,528,-212
213000192,261,555,-294
213000193,1027,399,628
213000194,3,100,-97
213000195,26,520,-494
213000196,285,1558,-1273
213000197,427,801,-374
213000198,186,1,185
213000200,137,1214,-1077
213000201,72,59,13
213000202,17,598,-581
213000203,3556,843,2713
213000204,634,103,531
213000205,504,159,345
213000206,690,82,608
213000207,242,18,224
213000208,178,1,177
213000209,184,2,182
213000210,818,9,809
213000211,2,10,-8
213000212,26,35,-9
213000213,13,62,-49
213000218,280,884,-604
213000219,542,33,509
213000220,454,10,444
213000223,280,247,33
213000224,86,57,29
213000225,103,14,89
213000226,129,21,108
213000227,1122,329,793
213000228,703,125,578
213000229,517,39,478
213000230,533,23,510
213000232,113,756,-643
213000233,17,250,-233
213000234,4,46,-42
213000293,17,49,-32
213000294,199,20,179
213000295,17,74,-57
213000296,92,35,57
213000297,7,129,-122
213000298,40,93,-53
213000299,72,52,20
213000300,31,9,22
213000303,7,39,-32
213000304,2,3,-1
213000305,4,24,-20
213000306,76,29,47
213000307,213,110,103
213000308,207,288,-81
213000309,187,72,115
213000310,590,187,403
213000311,302,753,-451
213000315,77,177,-100
213000316,123,92,31
213000322,123,176,-53
213000323,80,106,-26
213000324,95,109,-14
213000325,61,196,-135
213000326,69,54,15
213000327,70,125,-55
213000328,65,186,-121
213000329,132,72,60
213000340,165,748,-583
213000341,622,162,460
213000347,975,529,446
213000348,38,195,-157
213000349,45,20,25
213000350,305,1246,-941
213000366,90,434,-344
213000367,239,29,210
213000379,171,109,62
213000386,15,308,-293
213000406,82,540,-458
213000417,1128,530,598
213000425,149,50,99
213000426,183,88,95
213000427,67,352,-285
213000428,67,310,-243
213000429,43,9,34
213000430,84,1138,-1054
213000431,154,2,152
213000432,4,18,-14
213000433,33,187,-154
213000434,102,180,-78
213000435,142,74,68
213000436,34,96,-62
213000437,6,45,-39
213000438,161,139,22
213000439,53,26,27
213000440,17,351,-334
213000441,5,2,3
213000442,4,71,-67
213000443,586,417,169
213000444,40,92,-52
213000445,0,105,-105
213000446,2,31,-29
213000447,2,71,-69
213000448,8,176,-168
213000449,346,6,340
213000450,37,78,-41
213000451,307,200,107
213000452,40,31,9
213000453,37,422,-385
213000455,608,29,579
213000456,5,390,-385
213000481,10,4,6
213000484,43,4,39
213000489,573,97,476
213900002,0,119,-119
213900003,421,60,361
213900013,1,152,-151
213900015,0,9,-9
213900016,19,15,4
213900020,11,136,-125
213900030,2,71,-69
213900032,327,196,131
213900033,105,44,61
213900034,527,114,413
213900035,216,730,-514
213900036,189,251,-62
213900037,52,384,-332
213900038,340,218,122
213900039,0,150,-150
213900041,1,166,-165
213900042,292,264,28
213900043,244,226,18
213900244,38,0,38
213900245,0,48,-48
218000003,27,30,-3
218000004,63,24,39
218000005,288,37,251
218000006,81,30,51
218000007,23,20,3
218000012,227,220,7
218000013,126,160,-34
218000014,492,445,47
218000019,887,808,79
218000020,256,589,-333
218000021,17,83,-66
218000022,8,25,-17
218000023,3,34,-31
218000024,4,19,-15
218000025,19,22,-3
218000026,14,40,-26
218000027,1,6,-5
218000028,21,4,17
218000029,18,6,12
218000030,12,49,-37
218000031,4,41,-37
218000032,1,33,-32
218000040,23,41,-18
218000046,108,124,-16
218000047,11,202,-191
218000048,77,219,-142
218000049,168,213,-45
218000050,521,380,141
218000051,113,398,-285
218000052,1,178,-177
218000053,6,13,-7
218000054,11,48,-37
218000055,15,13,2
218000056,25,48,-23
218000057,2,64,-62
218000064,0,22,-22
218000065,57,89,-32
218000066,13,87,-74
218000067,74,99,-25
218000068,108,130,-22
218000069,337,169,168
218000070,232,321,-89
218000071,180,212,-32
218000072,346,236,110
218000078,758,1215,-457
218000079,146,156,-10
218000080,133,150,-17
218000081,406,305,101
218000082,32,178,-146
218000083,64,91,-27
218000084,148,190,-42
218000085,184,503,-319
218000086,125,251,-126
218000087,243,303,-60
218000090,26,201,-175
218000091,779,486,293
218000092,69,160,-91
218000093,77,122,-45
218000094,439,721,-282
218000099,368,790,-422
218000100,271,305,-34
218000101,319,169,150
218000102,361,296,65
218000103,69,184,-115
218000104,88,62,26
218000105,35,32,3
218000106,14,12,2
218000107,41,82,-41
218000108,6,44,-38
218000112,100,45,55
218000117,104,67,37
218000134,687,1034,-347
218000135,31,128,-97
218000136,376,131,245
218000137,373,175,198
218000138,36,128,-92
218000139,225,407,-182
218000140,615,265,350
218000141,127,109,18
218000142,356,187,169
218000143,147,289,-142
218000144,119,91,28
218000145,422,432,-10
218000146,120,266,-146
218000151,17,40,-23
218000152,203,87,116
218000153,20,5,15
218000154,24,4,20
218000155,18,1,17
218000156,62,15,47
218000157,40,12,28
218000158,22,6,16
218000159,7,10,-3
218000160,2,5,-3
218000161,28,4,24
218000162,40,15,25
218000163,22,3,19
218000164,42,8,34
218000165,65,36,29
218000170,4,53,-49
218000171,76,19,57
218000172,14,19,-5
218000173,128,13,115
218000174,49,11,38
218000176,231,67,164
218000177,386,412,-26
218000178,102,314,-212
218000179,78,92,-14
218000180,88,34,54
218000181,190,97,93
218000187,11,38,-27
218000188,28,64,-36
218000189,26,94,-68
218000190,34,32,2
218000191,152,66,86
218000192,236,395,-159
218000193,490,484,6
218000194,102,493,-391
218000195,110,85,25
218000196,416,469,-53
218000197,436,493,-57
218000198,27,206,-179
218000199,67,42,25
218000200,84,46,38
218000201,9,26,-17
218000202,115,280,-165
218000207,11,86,-75
218000208,59,60,-1
218000211,83,18,65
218000212,3,6,-3
218000213,153,111,42
218000214,5,21,-16
218000215,110,94,16
218000217,6,124,-118
218000218,314,123,191
218000219,65,30,35
218000220,133,410,-277
218000221,868,244,624
218000222,49,40,9
218000223,48,508,-460
218000224,23,179,-156
218000225,193,77,116
218000226,185,101,84
218000230,0,7,-7
218000232,67,77,-10
218000239,198,22,176
218000240,39,5,34
218000241,98,1,97
218000242,110,6,104
218000243,174,5,169
218000244,57,4,53
218000245,873,3,870
218000246,45,5,40
218000247,22,0,22
218000248,1,30,-29
218000249,2,3,-1
218000250,6,7,-1
218000251,6,17,-11
218000252,1,19,-18
218000253,4,22,-18
218000254,5,23,-18
218000255,4,24,-20
218000256,4,59,-55
218000267,719,1140,-421
218000268,9,67,-58
218000269,17,12,5
218000270,33,36,-3
218000271,15,32,-17
218000273,27,7,20
218000274,13,4,9
218000275,32,81,-49
218000276,12,65,-53
218000278,21,42,-21
218000279,39,22,17
218000280,22,10,12
218000281,12,6,6
218000282,456,380,76
218000284,105,10,95
218000301,138,200,-62
218000302,237,125,112
218000303,77,68,9
218000316,767,1309,-542
218000317,1083,1381,-298
218000318,623,993,-370
218000319,1021,1481,-460
218000320,872,782,90
218000338,100,36,64
218000345,197,103,94
218000346,56,209,-153
218000459,56,356,-300
218000490,40,41,-1
218000501,123,180,-57
218000502,52,90,-38
218000503,86,28,58
218000504,131,23,108
218000505,55,149,-94
218000506,44,234,-190
218000508,18,9,9
218000510,116,18,98
218000520,124,166,-42
218000521,7,52,-45
218000522,1,188,-187
218000523,161,3,158
218000524,57,185,-128
218000525,250,21,229
218000526,60,204,-144
218000529,32,177,-145
218000530,12,5,7
218000531,25,32,-7
218000532,58,29,29
218000534,182,9,173
218000537,17,100,-83
218000538,356,286,70
218000540,932,125,807
218000543,108,87,21
218000544,56,108,-52
218000545,62,78,-16
218000546,61,101,-40
218000547,134,154,-20
218000548,222,144,78
218000549,532,447,85
218000550,215,429,-214
218000551,171,768,-597
218000552,564,42,522
218000553,42,90,-48
218000554,53,49,4
218000555,45,47,-2
218000556,167,338,-171
218000557,260,134,126
218000558,112,71,41
218000559,0,51,-51
218000560,0,26,-26
218000561,20,0,20
218000562,35,242,-207
218000563,327,26,301
218000564,16,201,-185
218000565,266,45,221
218000566,502,24,478
218000567,1,149,-148
218000568,79,7,72
218000569,27,155,-128
218000570,156,10,146
218000571,19,129,-110
218000572,196,2,194
218000573,15,171,-156
218000574,155,59,96
218000575,103,4,99
218000576,0,87,-87
218000577,141,2,139
218000578,3,76,-73
218000579,246,21,225
218000581,11,78,-67
218000582,95,17,78
218000583,28,0,28
218000584,0,46,-46
218000585,37,14,23
218000586,12,58,-46
218000587,10,1,9
218000588,1,4,-3
218000589,1,7,-6
218000590,12,4,8
218000591,6,5,1
218000592,92,0,92
218000593,0,1,-1
218000594,1,0,1
218000595,0,0,0
218000596,0,0,0
218000597,0,0,0
218000598,2,0,2
218000599,1,0,1
218000600,228,0,228
218000601,0,0,0
218000602,0,22,-22
218000603,0,7,-7
218000604,46,2,44
218000605,0,265,-265
218000606,328,13,315
218000607,11,49,-38
218000608,63,23,40
218000609,8,78,-70
218000610,54,6,48
218000611,24,6,18
218000612,0,31,-31
218000613,74,3,71
218000614,2,39,-37
218000615,214,4,210
218000616,12,199,-187
218000617,35,2,33
218000618,0,27,-27
218000619,86,51,35
218000620,5,41,-36
218000621,0,0,0
218000622,0,22,-22
218000623,419,3,416
218000624,53,38,15
218000625,40,0,40
218000626,4,12,-8
218000628,131,34,97
218000631,37,10,27
218000632,1,136,-135
218000633,124,2,122
218000634,11,33,-22
218000635,15,15,0
218000636,1026,1775,-749
218000637,944,717,227
218000638,196,48,148
218000639,51,255,-204
218000640,405,35,370
218000641,148,415,-267
218000652,55,136,-81
218000653,205,86,119
218000663,5,70,-65
218000675,47,47,0
218000676,1,26,-25
218000677,13,6,7
218000680,249,443,-194
218000681,361,77,284
218000691,191,254,-63
218000693,242,125,117
218000703,14,52,-38
218000718,972,1049,-77
218000719,1589,545,1044
218000720,43,219,-176
218000721,425,38,387
218000725,7,8,-1
218001214,42,70,-28
218001329,84,91,-7
218001330,69,77,-8
218001351,45,6,39
218001352,13,13,0
218001353,18,9,9
218001354,5,21,-16
219000001,85,44,41
219000002,53,87,-34
219000003,56,19,37
219000004,56,35,21
219000017,210,21,189
219000020,205,400,-195
219000022,122,48,74
219000023,1133,13,1120
219000029,0,74,-74
219000034,32,27,5
219000039,102,87,15
219000040,38,56,-18
219000041,123,42,81
219000051,0,59,-59
219000052,0,31,-31
219000053,3,180,-177
219000054,899,327,572
219000055,134,1,133
219000056,24,0,24
219000057,90,1,89
219000062,19,118,-99
219000063,74,7,67
219000064,2,74,-72
219000110,689,83,606
219000111,254,72,182
219000112,284,112,172
219000113,140,310,-170
219000114,289,744,-455
219000116,93,94,-1
219000117,198,102,96
219000118,977,79,898
219000123,275,133,142
219000124,204,85,119
219000125,11,13,-2
219000126,140,107,33
219000127,0,2,-2
219000128,22,108,-86
219000129,51,115,-64
219000130,672,520,152
219000131,755,987,-232
219000133,145,55,90
219000134,20,19,1
219000135,54,77,-23
219000136,141,233,-92
219000138,133,13,120
219000139,58,40,18
219000140,69,3,66
219000141,16,120,-104
219000142,16,96,-80
219000143,18,118,-100
219000145,36,59,-23
219000146,14,41,-27
219000147,9,46,-37
219000148,4,52,-48
219000149,25,117,-92
219000150,1,96,-95
219000151,2,39,-37
219000157,367,174,193
219000158,371,297,74
219000161,120,5,115
219000163,1775,654,1121
219000166,273,221,52
219000167,266,259,7
219000168,352,210,142
219000174,392,130,262
219000175,93,10,83
219000176,89,16,73
219000177,63,6,57
219000178,60,11,49
219000179,39,13,26
219000180,38,34,4
219000182,141,28,113
219000183,86,40,46
219000184,100,12,88
219000185,0,77,-77
219000186,53,54,-1
219000187,79,106,-27
219000189,147,169,-22
219000190,164,237,-73
219000191,1362,1427,-65
219000192,219,178,41
219000193,379,192,187
219000195,5,74,-69
219000196,11,124,-113
219000198,29,181,-152
219000199,77,324,-247
219000200,74,358,-284
219000201,66,306,-240
219000203,74,140,-66
219000204,334,229,105
219000205,203,186,17
219000207,145,278,-133
219000209,37,92,-55
219000210,54,116,-62
219000213,19,236,-217
219000239,259,311,-52
219000240,290,464,-174
219000241,129,222,-93
219000242,96,173,-77
219000243,120,292,-172
219000244,49,85,-36
219000245,34,43,-9
219000246,45,30,15
219000247,177,27,150
219000248,761,417,344
219000249,144,107,37
219000250,102,123,-21
219000251,622,269,353
219000252,229,205,24
219000253,546,90,456
219000255,120,109,11
219000256,416,111,305
219000257,142,0,142
219000262,291,169,122
219000263,71,172,-101
219000267,5,114,-109
219000268,2,11,-9
219000269,14,1,13
219000270,12,0,12
219000271,104,7,97
219000278,9,7,2
219000279,17,5,12
219000283,0,16,-16
219000295,17,148,-131
219000296,81,580,-499
219000297,7,129,-122
219000298,24,184,-160
219000299,479,155,324
219000300,26,280,-254
219000301,257,450,-193
219000302,40,288,-248
219000307,71,38,33
219000308,32,127,-95
219000311,207,76,131
219000312,675,123,552
219000313,362,54,308
219000314,44,527,-483
219000315,264,69,195
219000316,520,83,437
219000317,106,22,84
219000320,0,65,-65
219000321,0,31,-31
219000323,9,74,-65
219000325,2,17,-15
219000326,51,94,-43
219000327,59,58,1
219000328,35,74,-39
219000329,343,121,222
219000330,51,49,2
219000331,44,61,-17
219000332,155,104,51
219000333,27,4,23
219000335,83,11,72
219000337,23,3,20
219000338,110,0,110
219000344,89,84,5
219000345,61,119,-58
219000346,29,169,-140
219000348,110,154,-44
219000349,64,238,-174
219000350,121,192,-71
219000351,9,13,-4
219000352,547,165,382
219000353,71,58,13
219000354,227,111,116
219000355,201,88,113
219000356,2304,1564,740
219000363,394,36,358
219000364,104,47,57
219000365,139,14,125
219000366,318,384,-66
219000368,436,658,-222
219000370,1481,464,1017
219000371,18,43,-25
219000382,19,36,-17
219000383,727,1138,-411
219000385,771,510,261
219000386,868,1717,-849
219000387,6,13,-7
219000390,44,1,43
219000391,1,4,-3
219000397,56,75,-19
219000398,111,112,-1
219000401,14,146,-132
219000402,60,196,-136
219000403,220,383,-163
219000404,24,191,-167
219000407,2,62,-60
219000409,90,70,20
219000410,207,49,158
219000411,78,21,57
219000446,222,425,-203
219000447,0,19,-19
219000448,55,16,39
219000452,148,77,71
219000453,64,143,-79
219000454,296,318,-22
219000556,202,88,114
219000558,358,234,124
219000590,73,204,-131
219000591,58,85,-27
219000592,114,351,-237
219000595,1,24,-23
219000635,292,63,229
219000636,27,78,-51
219000657,52,65,-13
219000658,55,109,-54
219000673,2,41,-39
219000676,254,18,236
219000679,53,18,35
219000684,118,9,109
219000685,2,115,-113
219000686,1,6,-5
219000688,0,93,-93
219000689,33,294,-261
219000690,180,26,154
219000691,70,250,-180
219000692,190,35,155
219000693,0,23,-23
219000694,11,0,11
219000695,43,5,38
219000698,29,0,29
219000699,0,22,-22
219000727,0,144,-144
219000728,329,3,326
219000770,39,0,39
219000771,1,43,-42
219001150,7,37,-30
219001151,3,2,1
219001166,4,26,-22
219001167,5,132,-127
220000001,78,76,2
220000002,14,133,-119
220000003,880,280,600
220000004,905,703,202
220000005,1644,2110,-466
220000006,424,980,-556
220000007,463,685,-222
220000008,456,1021,-565
220000009,372,447,-75
220000010,303,175,128
220000011,706,3998,-3292
220000012,170,451,-281
220000014,143,61,82
220000015,56,148,-92
220000017,50,361,-311
220000018,6005,2790,3215
220000019,134,312,-178
220000020,576,368,208
220000021,767,234,533
220000022,788,484,304
220000023,446,204,242
220000024,1965,397,1568
220000025,1097,895,202
220000026,262,361,-99
220000027,77,142,-65
220000028,58,52,6
220000029,62,176,-114
220000030,169,80,89
220000031,438,325,113
220000064,20,1291,-1271
221000046,19,0,19
221000047,0,5,-5
221000048,0,0,0
221000049,0,11,-11
221000050,35,0,35
221000055,56,57,-1
221000057,52,16,36
221000068,298,152,146
221000069,326,69,257
221000070,206,27,179
221000071,60,16,44
221000072,170,16,154
221000073,318,63,255
221000074,5,19,-14
221000075,19,25,-6
221000076,17,59,-42
221000077,30,145,-115
221000081,15,8,7
221000082,64,15,49
221000083,18,7,11
221000084,2,2,0
221000085,81,80,1
221000086,21,123,-102
221000087,6,180,-174
221000088,9,190,-181
221000089,23,295,-272
221000090,136,541,-405
221000098,82,15,67
221000099,252,18,234
221000100,65,11,54
221000101,176,19,157
221000102,121,28,93
221000109,7,116,-109
221000110,9,127,-118
221000111,25,181,-156
221000112,5,142,-137
221000113,20,197,-177
221000114,16,157,-141
221000120,46,58,-12
221000121,7,31,-24
221000122,52,22,30
221000123,7,7,0
221000124,41,312,-271
221000155,84,14,70
221000156,55,29,26
221000175,2,3,-1
221000176,1,10,-9
221000182,70,13,57
221000241,543,292,251
221000242,239,469,-230
221000243,480,162,318
221000244,299,469,-170
221000245,192,109,83
221000246,62,217,-155
221000247,64,109,-45
221000248,69,117,-48
221000267,66,762,-696
221000325,102,47,55
221000331,9,111,-102
221000338,12,17,-5
221000378,163,37,126
221000381,36,36,0
222000282,17,1,16
222000296,3,52,-49
222000568,295,18,277
222000569,210,54,156
222000570,154,23,131
222000571,311,43,268
222000577,16,215,-199
222000578,40,232,-192
222000579,34,194,-160
222000580,121,1204,-1083
222000599,1,229,-228
222000600,4,453,-449
222000601,8,1374,-1366
222000603,28,30,-2
222000604,5,46,-41
222000605,24,23,1
222000606,0,8,-8
222000607,8,2,6
222000608,47,27,20
222000609,69,294,-225
222000616,424,61,363
222000617,21,28,-7
222000618,9,10,-1
222000620,53,11,42
222000621,116,11,105
222000623,544,15,529
222000624,396,6,390
222000625,658,37,621
222000636,37,5,32
222000686,30,35,-5
222000687,63,41,22
222001066,372,5,367
222001067,18,12,6
222001068,61,26,35
222001069,33,63,-30
222001082,16,81,-65
222001083,17,79,-62
222001084,0,23,-23
222001085,1,219,-218
222001111,41,196,-155
222001112,81,49,32
222001313,31,11,20
222001314,7,201,-194
222001464,82,71,11
222001465,22,130,-108
222001484,113,74,39
222001485,39,69,-30
222001494,455,157,298
222001495,172,375,-203
222001496,338,107,231
222001497,171,665,-494
222001502,22,143,-121
222001503,148,87,61
222001504,38,352,-314
222001505,423,26,397
222001506,46,410,-364
222001507,372,23,349
222001510,328,66,262
222001511,56,561,-505
222001514,684,278,406
222001515,352,868,-516
222001518,369,170,199
222001519,61,400,-339
222001527,215,121,94
222001528,50,200,-150
222001529,295,95,200
222001530,62,350,-288
222001533,229,437,-208
222001534,371,112,259
222001535,230,253,-23
222001536,179,362,-183
222001537,274,72,202
222001538,99,695,-596
222001563,667,101,566
222001564,91,781,-690
222001568,692,140,552
222001576,1,3,-2
222001579,4,3,1
222001583,9,225,-216
222001584,91,12,79
222001596,1716,1728,-12
222001597,3988,353,3635
222001626,1,309,-308
222001650,372,128,244
222001651,188,171,17
222001914,292,104,188
222001915,49,343,-294
222900004,449,262,187
222900009,528,989,-461
222900019,228,278,-50
222900024,26,27,-1
222900025,5,27,-22
225000001,547,229,318
225000002,1443,218,1225
225000003,798,122,676
225000004,348,291,57
225000005,367,85,282
225000006,0,191,-191
225000007,2292,1443,849
225000010,370,12,358
225000011,478,938,-460
225000012,213,480,-267
225000013,132,116,16
225000014,1093,110,983
225000015,83,179,-96
225000021,788,196,592
225000027,233,659,-426
225000032,634,156,478
225000042,89,797,-708
225000049,90,75,15
225000050,76,16,60
225000053,6,343,-337
225000058,592,179,413
225000067,431,218,213
225000068,109,379,-270
225000069,143,508,-365
225000070,88,518,-430
225000071,31,212,-181
225000075,19,1039,-1020
225000076,69,114,-45
225000078,100,66,34
225000085,59,154,-95
225000086,258,68,190
225000087,217,26,191
225000088,5,283,-278
225000089,325,1033,-708
225000090,93,557,-464
225000091,158,186,-28
225000092,262,123,139
225000093,330,298,32
225000094,22,317,-295
225000095,316,469,-153
225000096,399,587,-188
225000098,707,399,308
225000099,371,218,153
225000100,304,195,109
225000104,140,513,-373
225000110,10,450,-440
225000111,335,1277,-942
225000112,347,1262,-915
225000113,214,624,-410
225000114,80,327,-247
225000115,1786,715,1071
225000116,1233,231,1002
225000117,773,325,448
225000118,1042,285,757
225000119,229,92,137
225000120,1192,61,1131
225000121,302,27,275
225000123,570,38,532
225000125,359,226,133
225000126,803,199,604
225000127,770,1398,-628
225000128,382,774,-392
225000132,301,64,237
225000133,310,74,236
225000134,695,202,493
225000135,77,40,37
225000136,266,17,249
225000137,305,67,238
225000138,388,91,297
225000143,56,518,-462
225000144,2,554,-552
225000145,205,95,110
225000146,77,147,-70
225000147,47,295,-248
225000148,22,296,-274
225000149,67,619,-552
225000151,40,252,-212
225000155,372,516,-144
225000156,223,967,-744
225000157,253,437,-184
225000158,56,416,-360
225000171,5,244,-239
225000180,69,23,46
225000181,0,68,-68
225000182,68,30,38
225000185,8,417,-409
225000187,162,413,-251
225000191,178,2,176
225000194,0,14,-14
225000208,0,91,-91
225000209,108,32,76
225000210,11,320,-309
225000217,0,15,-15
225000218,60,1,59
225000223,0,34,-34
225000224,46,0,46
225000225,0,13,-13
225000226,81,2,79
225000227,50,128,-78
225000228,9,25,-16
225000229,2,77,-75
225000230,234,2,232
225000231,1,83,-82
225000232,216,0,216
225000241,75,0,75
225000242,0,59,-59
225000249,59,50,9
225000250,64,962,-898
225000251,387,38,349
225000254,5,2,3
225000256,7,87,-80
225000257,4,92,-88
226000042,357,476,-119
226000043,56,293,-237
226000044,137,655,-518
226000045,98,492,-394
226000046,319,111,208
226000047,330,96,234
226000048,322,68,254
226000049,248,146,102
226000070,0,51,-51
226000071,0,62,-62
226000072,0,17,-17
226000073,1,13,-12
226000074,0,16,-16
226000084,2,69,-67
226000085,9,13,-4
226000086,0,15,-15
226000087,18,20,-2
226000088,43,42,1
226000090,285,79,206
226000091,29,25,4
226000092,29,16,13
226000093,26,3,23
226000094,15,4,11
226000095,29,10,19
226000105,13,2,11
226000106,18,0,18
226000107,7,1,6
226000108,59,2,57
226000109,81,17,64
226000124,129,73,56
226000134,620,499,121
226000135,1482,552,930
226000136,2253,463,1790
226000137,16,369,-353
226000138,11,210,-199
226000139,0,28,-28
226000156,106,6,100
226000157,294,8,286
226000163,173,115,58
226000202,12,425,-413
226000231,209,13,196
226000232,82,1,81
227000033,284,69,215
227000036,249,33,216
227000037,280,22,258
227000038,222,34,188
227000084,4,119,-115
227000085,0,66,-66
227000088,47,5,42
227000089,109,2,107
227000090,54,3,51
227000091,21,1,20
227000092,35,10,25
227000093,99,1,98
227000094,27,1,26
227000130,42,81,-39
227000131,69,225,-156
227000132,12,245,-233
227000133,19,210,-191
227000134,28,361,-333
227000152,0,7,-7
227000153,1,68,-67
227000154,1,31,-30
227000155,0,14,-14
227000156,0,15,-15
227000165,20,35,-15
227000196,415,319,96
227000199,324,760,-436
227000230,31,547,-516
227000232,740,29,711
227000242,75,735,-660
227000243,455,51,404
227000245,12,375,-363
227000246,119,600,-481
227000247,363,121,242
227000248,127,32,95
227000249,49,205,-156
227000250,479,120,359
227000251,148,183,-35
227000252,31,352,-321
227000253,128,24,104
227000262,292,34,258
227000266,1355,32,1323
227000267,65,1911,-1846
227000282,9,249,-240
227000284,571,28,543
227000286,3,97,-94
227000291,16,709,-693
227000296,316,242,74
227000484,230,15,215
227000485,24,1010,-986
227000655,143,13,130
227000656,714,49,665
227000657,126,13,113
227000704,292,19,273
229000265,3,9,-6
229000266,5,1,4
229000267,12,0,12
229000268,35,0,35
229000269,234,2,232
229000274,6,42,-36
229000275,0,33,-33
229000276,0,20,-20
229000277,1,0,1
229000278,1,9,-8
229000295,15,45,-30
229000296,118,10,108
229000297,16,45,-29
229000298,9,176,-167
229000320,26,19,7
229000321,44,17,27
229000412,28,72,-44
229000414,17,65,-48
229000415,62,6,56
229000416,0,4,-4
229000417,3,38,-35
229000419,226,388,-162
229000440,588,77,511
229000442,25,20,5
229000443,3,3,0
229000444,19,32,-13
229000445,82,27,55
229000446,86,22,64
229000491,1,16,-15
229000492,11,132,-121
229000493,2,91,-89
229000494,47,2,45
229000495,100,7,93
229000496,45,2,43
229000507,0,81,-81
229000508,1,37,-36
229000509,0,66,-66
229000510,1,52,-51
229000511,3,57,-54
229000512,1,50,-49
229000513,0,6,-6
229000514,0,5,-5
229000517,5,13,-8
229000518,15,33,-18
229000519,2,13,-11
229000520,21,29,-8
229000521,45,13,32
229000522,7,4,3
229000523,14,16,-2
229000524,6,1,5
229000527,0,0,0
229000528,0,1,-1
229000529,13,0,13
229000530,59,2,57
229000531,49,3,46
229000532,62,0,62
229000533,93,1,92
229000534,64,0,64
229000564,54,1,53
229000565,20,0,20
229000566,0,15,-15
229000567,0,73,-73
229000582,86,5,81
229000583,6,2,4
229000584,0,40,-40
229000585,1,73,-72
229000718,0,3,-3
229000719,0,1,-1
229000720,0,8,-8
229000721,0,13,-13
229000722,0,11,-11
229000723,0,5,-5
229000724,0,2,-2
229000725,1,1,0
229000738,2,0,2
229000739,2,0,2
229000740,5,0,5
229000741,7,0,7
229000742,7,0,7
229000743,12,0,12
229000744,7,0,7
229000745,5,0,5
229000746,34,0,34
229000847,45,0,45
229000848,20,0,20
229000849,82,0,82
229000851,26,0,26
229000854,0,31,-31
229000856,2,129,-127
229000857,0,39,-39
229000858,1,75,-74
229000919,40,87,-47
229000930,7,353,-346
229000937,84,11,73
229000966,60,17,43
229000981,16,48,-32
229000985,13,56,-43
229000986,9,9,0
229000987,0,0,0
229000988,3,8,-5
229000989,11,21,-10
229000990,4,5,-1
229000991,1,0,1
229000992,29,15,14
229000993,191,49,142
229000998,12,65,-53
229000999,66,37,29
229001034,5,34,-29
229001035,12,2,10
229001036,8,73,-65
229001037,43,11,32
229001038,0,6,-6
229001039,9,0,9
229001040,0,89,-89
229001041,66,0,66
229001042,12,38,-26
229001047,9,84,-75
229001050,33,51,-18
229001168,0,26,-26
229001200,16,7,9
229001338,3,96,-93
229001394,178,2,176
229001422,122,32,90
229001423,40,185,-145
229001431,72,53,19
229001432,76,117,-41
229001444,261,64,197
229001445,38,214,-176
229001479,9,3,6
229001503,142,115,27
229001504,116,230,-114
229001505,87,57,30
229001506,136,191,-55
229001509,70,36,34
229001510,4,59,-55
229001545,98,3,95
229001546,52,141,-89
229001553,113,22,91
229001554,129,152,-23
229001630,118,51,67
229001631,27,27,0
229001635,3,10,-7
229001636,20,2,18
229001658,0,172,-172
229001659,57,2,55
229001660,19,3,16
229001661,28,29,-1
229001662,62,45,17
229001663,0,59,-59
229002584,274,247,27
229002831,239,229,10
229002841,7,16,-9
229002842,10,39,-29
229002843,115,29,86
229002844,60,66,-6
229002845,13,98,-85
229002846,27,30,-3
229002847,2,12,-10
229002848,13,23,-10
229002849,3,99,-96
229002850,32,3,29
229002851,30,116,-86
229002852,222,41,181
229002853,156,41,115
229002854,45,65,-20
229002855,6,23,-17
229002856,66,29,37
229002857,13,84,-71
229002858,18,30,-12
229002859,52,46,6
229002860,323,31,292
229002861,366,29,337
229002862,78,56,22
229002863,55,33,22
229002864,26,53,-27
229002865,20,21,-1
229002866,11,35,-24
229002867,13,35,-22
229002868,21,25,-4
229002869,32,130,-98
229002870,62,5,57
235000066,544,100,444
235000067,143,119,24
235000072,27,92,-65
235000073,102,545,-443
235000074,55,99,-44
235000080,39,102,-63
235000081,139,144,-5
235000082,131,109,22
235000083,167,130,37
235000084,56,100,-44
235000085,128,91,37
235000089,114,33,81
235000092,46,210,-164
235000093,7,10,-3
235000097,8,6,2
235000098,69,23,46
235000099,79,27,52
235000116,64,20,44
235000117,1068,16,1052
235000133,16,457,-441
235000134,8,157,-149
235000206,10,4,6
235000207,3,2,1
235000208,12,3,9
235000209,4,3,1
235000210,4,3,1
235000212,5,21,-16
235000213,3,11,-8
235000220,0,3,-3
235000221,76,21,55
235000238,8,59,-51
235000239,7,18,-11
235000242,480,488,-8
235000245,659,192,467
235000246,28,88,-60
235000284,24,102,-78
235000295,256,22,234
235000305,313,19,294
235000306,180,19,161
235000307,120,3,117
235000308,95,0,95
235000309,97,0,97
235000310,60,1,59
235000311,169,11,158
235000322,0,41,-41
235000323,0,62,-62
235000324,1,23,-22
235000325,0,11,-11
235000326,9,281,-272
235000351,5,71,-66
235000352,16,49,-33
235000353,2,32,-30
235000354,20,62,-42
235000355,22,71,-49
235000356,1054,18,1036
235000357,182,22,160
235000358,130,5,125
235000359,11,8,3
235000360,125,17,108
235000361,72,13,59
235000381,81,293,-212
235000382,144,72,72
235000390,12,11,1
235000391,86,37,49
235000392,204,286,-82
235000393,163,188,-25
235000395,110,48,62
235000396,381,131,250
235000400,245,61,184
235000401,36,206,-170
235000405,80,370,-290
235000406,84,355,-271
235000407,235,114,121
235000409,359,180,179
235000410,27,261,-234
235000411,3,75,-72
235000485,1,12,-11
235000486,4,0,4
235000549,262,176,86
235000550,129,241,-112
235000599,115,49,66
235000600,15,11,4
235000601,20,27,-7
235000602,151,82,69
235000614,3,4,-1
235000648,1,28,-27
235000649,42,10,32
235000685,1,8,-7
235000815,14,43,-29
235000834,0,15,-15
235000855,131,116,15
235000862,42,193,-151
235000891,0,12,-12
235000892,21,1,20
235000901,377,115,262
235000907,8,15,-7
235001010,82,125,-43
235001029,631,457,174
235001030,327,320,7
235001078,89,110,-21
235001079,74,135,-61
235001147,11,99,-88
235001166,14,108,-94
235001167,28,41,-13
235001169,27,295,-268
235001188,0,6,-6
235001189,3,1,2
235001197,6,13,-7
235001200,29,51,-22
235001208,40,40,0
235001209,34,51,-17
235001210,39,178,-139
235001239,4,70,-66
235001244,0,6,-6
235016267,0,52,-52
241900007,106,29,77
277101746,0,3,-3
277102712,13,0,13
277103813,0,0,0
277103814,0,0,0
277103898,0,9,-9
277104249,0,2,-2
277104250,0,7,-7
277104251,0,7,-7
277104252,0,4,-4
990011530,1,202,-201
990014944,6,833,-827
990015176,65,0,65
990015618,4,246,-242
990016032,7,573,-566
990032570,11,294,-283
990070001,80,5,75
990070103,0,3,-3
990070601,0,87,-87
990070751,913,3,910
990070766,1,652,-651
990071180,626,298,328
990071343,27,1,26
990071387,0,29,-29
990071823,844,51,793
990072600,9,848,-839
990072964,26,657,-631
990073285,0,8,-8
990074393,4,1105,-1101
990074870,1530,81,1449
990075106,2112,108,2004
990075746,528,17,511
990076437,1211,0,1211
990076458,3,1061,-1058
997000007,698,10,688
997000041,0,261,-261
997000058,52,0,52
997000062,79,6,73
997000069,0,7,-7
997000070,0,28,-28
997000100,36,1,35
997000141,11,2958,-2947
997000198,28,1622,-1594
998000475,9,49,-40
998000736,1,263,-262
998000965,0,36,-36
998001031,0,78,-78
998001700,0,38,-38
998001899,0,2,-2
998001900,11,4,7
998003073,3682,5,3677
998101900,0,0,0
998102850,10,240,-230
998501927,1598,636,962
998501929,98,5,93
998501930,56,0,56
998501931,173,29,144
998501932,9,2,7
998501933,50,2,48
998501937,18,1,17
998501944,59,4,55
998501950,0,0,0
998501970,287,32,255
998501971,2,95,-93
998501973,1,77,-76
998501974,1,317,-316
998501975,291,2,289
998501976,192,24,168
998501977,3,40,-37
998501978,67,2,65
998501979,0,14,-14
998501980,79,14,65
998501981,49,10,39
998501982,0,117,-117
998502006,0,0,0
998502024,1,10,-9
998502032,0,4,-4
998502062,34,4,30
998502063,0,0,0
998502173,43,0,43
998502269,0,3,-3
998601159,14,249,-235
998601292,0,31,-31
999033574,1,356,-355
999800001,78,7,71
999800002,0,5,-5
999800003,1,3,-2
999800004,0,3,-3
999800005,0,15,-15
