ID,insum,outsum,diff
100000001,1549,533,1016
100000002,4408,7449,-3041
100000003,4805,5711,-906
100000004,359,1369,-1010
100000005,3799,4709,-910
100000006,684,950,-266
100000007,2641,1896,745
100000008,118,734,-616
100000009,340,1349,-1009
100000010,55,2992,-2937
100000011,570,407,163
100000012,35,287,-252
100000013,9,318,-309
100000014,113,2441,-2328
100000015,1128,2014,-886
100000016,425,2799,-2374
100000017,248,4205,-3957
100000018,722,989,-267
100000019,2617,2565,52
100000020,1236,6087,-4851
100000021,7545,1644,5901
100000022,681,4384,-3703
100000023,5381,1554,3827
100000025,560,1697,-1137
100000028,347,2542,-2195
100000029,52,880,-828
100000030,68,29,39
100000031,2160,7975,-5815
100000032,1969,4959,-2990
100000033,1372,4000,-2628
100000034,128,1623,-1495
100000035,649,1460,-811
100000036,525,2390,-1865
100000037,913,406,507
100000038,3492,1083,2409
100000039,300,526,-226
100000040,890,327,563
100000041,2448,1510,938
100000042,1626,327,1299
100000043,733,134,599
100000044,127,263,-136
100000045,249,471,-222
100000046,366,489,-123
100000047,155,212,-57
100000048,193,619,-426
100000049,1269,974,295
100000051,530,416,114
100000053,65,26,39
100000054,376,25,351
100000055,647,217,430
100000056,334,431,-97
100000057,2823,422,2401
100000058,1069,471,598
100000059,65,234,-169
100000060,1051,430,621
100000061,3240,704,2536
100000062,2155,1000,1155
100000063,1485,507,978
100000064,2442,428,2014
100000065,307,456,-149
100000066,190,408,-218
100000067,206,621,-415
100000068,294,1659,-1365
100000069,358,1030,-672
100000072,236,494,-258
100000073,1036,736,300
100000075,914,122,792
100000076,1733,10796,-9063
100000077,68,585,-517
100000078,4,48,-44
100000079,21,79,-58
100000080,4,21,-17
100000081,26,61,-35
100000102,2124,5113,-2989
100000103,1401,6676,-5275
100000104,3362,2742,620
100000105,1345,1807,-462
100000106,772,3531,-2759
100000107,127,1314,-1187
100000108,464,1031,-567
100000109,438,1573,-1135
100000116,175,470,-295
100000117,37,133,-96
100000118,524,1220,-696
100000119,930,944,-14
100000121,241,488,-247
100000122,520,2178,-1658
100000123,1156,2143,-987
100000124,2051,2172,-121
100000125,6599,2116,4483
100000126,383,666,-283
100000127,1455,893,562
100000128,596,3606,-3010
100000129,296,798,-502
100000130,990,234,756
100000131,728,1060,-332
100000132,1056,1180,-124
100000133,1279,791,488
100000135,608,997,-389
100000139,146,547,-401
100000140,164,123,41
100000142,764,491,273
100000143,1773,363,1410
100000144,1503,356,1147
100000147,1478,5107,-3629
100000150,219,443,-224
100000151,237,1764,-1527
100000153,41,489,-448
100000154,15,758,-743
100000155,1,37,-36
100000156,56,201,-145
100000157,217,179,38
100000158,191,172,19
100000159,59,1029,-970
100000165,648,485,163
100000169,18,2803,-2785
100000174,400,1466,-1066
100000179,28,817,-789
100000180,1029,3819,-2790
100000181,415,245,170
100000188,76,66,10
100000189,1127,726,401
100000190,400,1403,-1003
100000191,673,407,266
100000192,5,176,-171
100000193,342,211,131
100000330,613,876,-263
100000355,262,476,-214
100000362,1891,747,1144
100000363,7368,7731,-363
100000364,83,277,-194
100000365,5227,7894,-2667
100000366,1532,975,557
100000367,5230,5750,-520
100000368,1665,1317,348
100000369,563,2257,-1694
100000370,121,1054,-933
100000376,48,534,-486
100000379,720,4029,-3309
100000380,2779,7366,-4587
100000384,4839,5948,-1109
100000385,1130,4618,-3488
100000386,1159,6524,-5365
100000387,3189,7174,-3985
100000388,1573,3913,-2340
100000389,4565,6299,-1734
100000390,2390,2253,137
100000391,2296,6103,-3807
100000392,460,1688,-1228
100000393,484,3458,-2974
100000394,1401,4181,-2780
100000395,680,3865,-3185
100000396,683,1559,-876
100000397,1296,6075,-4779
100000398,5238,3345,1893
100900002,27,1,26
100900003,701,313,388
100900004,5,451,-446
100900005,157,42,115
100900006,19,10,9
100900007,266,0,266
100900008,1,176,-175
100900009,52,20,32
100900010,53,4,49
100900011,160,168,-8
100900012,5,24,-19
100900013,1286,8,1278
100900014,1,1,0
100900015,64,57,7
100900016,0,14,-14
100900017,1875,78,1797
100900018,0,15,-15
100900019,65,86,-21
100900020,432,2,430
100900021,656,2,654
100900022,6,7,-1
100900023,0,65,-65
100900024,462,10,452
100900025,30,2,28
100900026,98,82,16
100900027,332,3286,-2954
100900028,147,378,-231
100900029,14,0,14
100900030,1,144,-143
100900031,1508,67,1441
100900032,552,1,551
100900033,86,662,-576
100900034,2174,0,2174
100900035,287,2,285
100900036,156,0,156
100900037,173,57,116
100900038,13,45,-32
100900039,267,85,182
100900040,831,488,343
100900041,2305,153,2152
100900042,259,2456,-2197
100900043,0,43,-43
100900044,1111,997,114
100900045,46,0,46
100900046,1595,11,1584
100900047,960,200,760
100900048,102,16,86
100900049,152,42,110
100900050,3,14,-11
100900051,13,146,-133
100900052,334,1,333
100900053,958,18,940
100900054,8,22,-14
100900055,373,1721,-1348
100900056,36,74,-38
100900057,1867,346,1521
100900058,206,49,157
100900059,229,0,229
100900060,314,6,308
100900061,175,196,-21
100900062,15,2,13
100900063,515,1399,-884
100900064,759,11,748
100900065,44,236,-192
100900066,94,46,48
100900067,115,1,114
100900068,355,932,-577
100900069,68,4,64
100900070,926,3,923
100900071,223,89,134
100900072,14,24,-10
100900073,203,73,130
100900074,1,24,-23
100900075,1776,97,1679
100900076,9,13,-4
100900077,149,17,132
100900078,105,328,-223
100900079,2,6,-4
100900080,244,273,-29
100900081,6,95,-89
100900082,326,195,131
100900083,44,17,27
100900085,0,357,-357
100900086,12,383,-371
100900088,373,84,289
100900089,0,11,-11
100900090,124,1304,-1180
100900091,1,10,-9
100900092,63,194,-131
100900093,506,698,-192
100900094,596,50,546
100900095,16,14,2
100900096,9,146,-137
100900097,0,0,0
100900098,10,13,-3
100900099,0,193,-193
100900100,2,155,-153
100900101,474,40,434
100900102,3,132,-129
100900103,16,10,6
100900104,0,101,-101
100900105,4,371,-367
100900106,1,1,0
100900107,2016,831,1185
100900108,11,11,0
100900109,22,19,3
100900110,16,14,2
100900111,10,180,-170
100900112,3,50,-47
100900113,30,32,-2
100900114,16,35,-19
100900115,21,29,-8
100900116,1121,334,787
100900117,318,1273,-955
100900118,41,37,4
100900119,3,72,-69
100900120,74,10,64
100900121,692,302,390
100900122,54,76,-22
100900123,255,15,240
100900124,0,4,-4
100900125,2,20,-18
100900126,797,571,226
100900127,0,0,0
100900128,66,304,-238
100900129,0,231,-231
100900131,5,69,-64
100900133,130,50,80
100900134,19,1,18
100900135,2,339,-337
100900137,266,231,35
100900138,986,315,671
100900139,1,56,-55
100900140,2,82,-80
100900141,1,333,-332
100900142,1,14,-13
100900143,138,797,-659
100900144,7,6,1
100900145,62,1244,-1182
100900146,3,37,-34
100900147,13,1642,-1629
100900148,97,89,8
100900149,4,713,-709
100900150,1,112,-111
100900151,28,396,-368
100900152,312,8,304
100900153,1,247,-246
100900154,2,161,-159
100900155,22,6,16
100900156,27,0,27
100900157,3,815,-812
100900159,6,46,-40
100900160,31,0,31
100900161,90,2,88
100900162,4,442,-438
100900163,49,49,0
100900164,257,32,225
100900165,40,6,34
100900166,31,2,29
100900167,8,47,-39
100900168,4,124,-120
100900169,38,635,-597
100900170,9,14,-5
100900171,1,466,-465
100900172,0,129,-129
100900173,2,75,-73
100900174,29,16,13
100900176,1151,212,939
100900177,248,164,84
100900178,180,317,-137
100900179,184,182,2
100900180,5,3,2
100900181,89,64,25
100900182,82,19,63
100900184,136,347,-211
100900186,614,413,201
100900187,44,32,12
100900188,12,18,-6
100900189,3194,331,2863
100900191,406,1227,-821
100900192,93,257,-164
100900195,64,272,-208
100900197,77,51,26
100900198,15,19,-4
100900199,3,4,-1
100900200,671,170,501
100900201,30,1417,-1387
100900202,56,0,56
100900203,0,52,-52
100900204,135,528,-393
100900205,131,641,-510
100900206,481,454,27
100900207,504,105,399
100900210,117,429,-312
100900211,331,140,191
100900213,132,34,98
100900214,244,144,100
100900215,132,36,96
100900217,28,69,-41
101000001,1709,2294,-585
101000002,7209,8501,-1292
101000003,320,1201,-881
101000004,6713,7695,-982
101000005,5545,7702,-2157
101000006,6158,11454,-5296
101000007,3045,5177,-2132
101000008,1656,2138,-482
101000009,2854,811,2043
101000010,1166,634,532
101000011,924,265,659
101000012,274,435,-161
101000013,417,1417,-1000
101000014,345,355,-10
101000015,3063,1378,1685
101000016,256,726,-470
101000017,282,392,-110
101000018,1397,6129,-4732
101000020,1321,1152,169
101000021,436,659,-223
101000022,84,525,-441
101000023,923,800,123
101000025,431,700,-269
101000026,510,46,464
101000027,1593,3284,-1691
101000028,779,294,485
101000029,16,1090,-1074
101000030,646,163,483
101000031,51,557,-506
101000032,2199,3987,-1788
101000033,1026,4927,-3901
101000034,456,2698,-2242
101000035,353,497,-144
101000036,302,2401,-2099
101000037,595,3685,-3090
101000039,1698,3096,-1398
101000040,2470,6905,-4435
101000041,1626,6290,-4664
101000042,37,860,-823
101000043,2772,6804,-4032
101000045,229,848,-619
101000046,878,1858,-980
101000047,956,4552,-3596
101000048,448,321,127
101000049,652,1910,-1258
101000050,362,2095,-1733
101000051,645,2206,-1561
101000052,1327,1670,-343
101000053,299,1193,-894
101000054,1563,741,822
101000055,1351,1253,98
101000056,8,140,-132
101000057,516,3039,-2523
101000058,560,2084,-1524
101000059,2317,3874,-1557
101000060,2197,1028,1169
101000061,240,2367,-2127
101000062,122,1029,-907
101000063,122,1484,-1362
101000064,187,1746,-1559
101000065,73,873,-800
101000066,262,1095,-833
101000067,214,656,-442
101000068,50,344,-294
101000069,80,64,16
101000070,318,631,-313
101000071,3170,1257,1913
101000072,465,2202,-1737
101000073,360,922,-562
101000074,1534,2596,-1062
101000075,1594,2198,-604
101000077,1593,2680,-1087
101000078,711,840,-129
101000079,755,814,-59
101000080,861,914,-53
101000081,1306,1475,-169
101000082,1234,1119,115
101000083,3277,1940,1337
101000084,975,389,586
101000085,1674,702,972
101000086,692,665,27
101000087,536,626,-90
101000088,1867,977,890
101000089,1026,1833,-807
101000090,1118,598,520
101000091,461,467,-6
101000092,2010,438,1572
101000093,1687,478,1209
101000094,831,706,125
101000095,575,536,39
101000096,909,267,642
101000097,358,626,-268
101000098,297,691,-394
101000099,452,1146,-694
101000100,763,1154,-391
101000101,173,808,-635
101000102,381,1041,-660
101000103,278,890,-612
101000104,196,693,-497
101000105,198,475,-277
101000106,132,1613,-1481
101000107,347,518,-171
101000108,624,113,511
101000109,1095,214,881
101000110,39,172,-133
101000111,14,241,-227
101000113,97,1046,-949
101000114,1562,5898,-4336
101000115,17,2,15
101000116,68,3,65
101000117,734,143,591
101000119,16,118,-102
101000120,37,148,-111
101000121,29,58,-29
101000122,58,136,-78
101000123,52,107,-55
101000124,584,549,35
101000125,125,80,45
101000128,234,1849,-1615
101000130,124,343,-219
101000131,2032,274,1758
101000132,838,457,381
101000135,3,21,-18
101000136,54,165,-111
101000137,12,409,-397
101000141,654,4340,-3686
101000147,1541,249,1292
101000148,926,26,900
101000149,3,24,-21
101000150,123,209,-86
101000151,598,44,554
101000152,406,323,83
101000153,257,177,80
101000154,713,392,321
101000155,853,275,578
101000156,86,1063,-977
101000157,8,237,-229
101000160,1,16,-15
101000163,52,573,-521
101000164,301,102,199
101000165,247,449,-202
101000166,250,208,42
101000168,1376,316,1060
101000252,3179,574,2605
101000254,34,63,-29
101000258,89,6,83
101000261,62,67,-5
101000262,1103,6274,-5171
101000263,243,1254,-1011
101000265,68,538,-470
101000266,474,181,293
101000269,34,61,-27
101000290,240,3564,-3324
101000293,2,10,-8
101000294,347,430,-83
101000295,312,123,189
101000301,182,621,-439
101000304,1987,3808,-1821
101000305,2191,1287,904
101000328,11,899,-888
101900001,37,63,-26
101900002,1,15,-14
101900003,58,63,-5
101900004,0,185,-185
101900005,1033,4875,-3842
101900006,1423,121,1302
101900007,314,293,21
101900008,35,277,-242
101900009,15,460,-445
101900010,1027,874,153
101900011,88,1603,-1515
101900012,343,102,241
101900013,268,79,189
101900017,15,77,-62
101900018,2066,370,1696
101900019,29,203,-174
101900020,120,153,-33
101900021,1,37,-36
101900022,226,1851,-1625
101900023,166,219,-53
101900026,127,19,108
101900027,32,124,-92
102000001,4407,8596,-4189
102000002,2798,2495,303
102000003,1701,6135,-4434
102000004,4390,3489,901
102000005,1369,3940,-2571
102000006,817,1337,-520
102000007,1662,4930,-3268
102000008,5236,1382,3854
102000009,8716,10353,-1637
102000010,3593,2608,985
102000011,5297,4748,549
102000012,4095,2622,1473
102000018,2654,3598,-944
102000019,3171,2166,1005
102000026,624,437,187
102000029,291,285,6
102000030,139,469,-330
102000031,111,80,31
102000032,905,443,462
102000033,746,260,486
102000034,600,331,269
102000035,1134,470,664
102000036,14,194,-180
102000037,173,18,155
102000038,197,153,44
102000039,110,61,49
102000040,211,193,18
102000041,18,324,-306
102000042,69,200,-131
102000043,79,315,-236
102000044,449,1015,-566
102000045,813,590,223
102000046,1741,674,1067
102000047,1582,484,1098
102000048,870,503,367
102000049,1129,814,315
102000050,1432,877,555
102000051,186,357,-171
102000052,1407,823,584
102000053,1006,848,158
102000054,947,1097,-150
102000055,1383,184,1199
102000056,1683,295,1388
102000057,1923,507,1416
102000058,758,828,-70
102000059,763,888,-125
102000060,711,837,-126
102000061,2684,1255,1429
102000062,2700,1046,1654
102000063,978,1638,-660
102000064,561,647,-86
102000065,29,141,-112
102000066,775,362,413
102000067,5513,4969,544
102000068,8668,3285,5383
102000069,103,2507,-2404
102000070,1984,49,1935
102000071,5759,12845,-7086
102000072,2751,3791,-1040
102000073,496,380,116
102000074,765,510,255
102000075,259,127,132
102000076,572,160,412
102000077,946,1092,-146
102000078,1722,517,1205
102000079,216,80,136
102000080,355,160,195
102000081,281,588,-307
102000082,682,508,174
102000083,1032,167,865
102000084,1062,102,960
102000085,1896,541,1355
102000086,1940,597,1343
102000087,522,932,-410
102000088,445,199,246
102000089,1817,212,1605
102000090,300,1382,-1082
102000091,1068,757,311
102000092,288,691,-403
102000093,629,581,48
102000094,486,283,203
102000095,647,860,-213
102000096,666,355,311
102000097,659,306,353
102000098,306,260,46
102000099,734,418,316
102000100,224,419,-195
102000101,392,315,77
102000102,182,1303,-1121
102000103,3401,410,2991
102000104,464,331,133
102000105,398,300,98
102000106,1000,348,652
102000107,2534,90,2444
102000108,744,919,-175
102000109,768,1200,-432
102000110,1777,403,1374
102000111,11,1872,-1861
102000112,103,214,-111
102000113,9,106,-97
102000114,2683,558,2125
102000115,290,456,-166
102000116,208,776,-568
102000117,84,732,-648
102000118,744,2232,-1488
102000119,458,1057,-599
102000120,243,422,-179
102000121,1476,310,1166
102000122,689,757,-68
102000123,1020,822,198
102000124,1756,1198,558
102000125,524,679,-155
102000126,495,844,-349
102000127,1474,953,521
102000128,886,868,18
102000129,1652,668,984
102000130,639,995,-356
102000131,1709,777,932
102000132,798,1068,-270
102000133,5292,2285,3007
102000134,1843,579,1264
102000135,508,798,-290
102000136,817,564,253
102000137,392,388,4
102000138,354,205,149
102000139,47,416,-369
102000140,168,288,-120
102000141,265,638,-373
102000142,332,145,187
102000143,315,107,208
102000144,527,89,438
102000145,394,153,241
102000146,782,180,602
102000147,704,362,342
102000148,206,412,-206
102000149,610,129,481
102000150,1224,43,1181
102000151,166,86,80
102000152,454,115,339
102000153,897,373,524
102000154,175,172,3
102000155,55,282,-227
102000156,289,116,173
102000157,14,490,-476
102000158,417,534,-117
102000159,1056,1506,-450
102000161,2716,2748,-32
102000162,129,356,-227
102000163,151,413,-262
102000164,624,733,-109
102000165,249,662,-413
102000166,28,408,-380
102000167,190,191,-1
102000168,227,249,-22
102000169,231,613,-382
102000170,723,131,592
102000171,123,80,43
102000172,8,462,-454
102000173,568,405,163
102000174,223,95,128
102000175,99,39,60
102000176,64,38,26
102000178,233,394,-161
102000179,501,235,266
102000180,1119,300,819
102000181,1502,275,1227
102000182,1004,1233,-229
102000183,2295,767,1528
102000184,2319,720,1599
102000185,3608,392,3216
102000186,2148,629,1519
102000187,1169,456,713
102000188,1638,1274,364
102000189,1631,248,1383
102000190,702,2267,-1565
102000191,984,283,701
102000192,2201,1829,372
102000193,166,178,-12
102000194,44,373,-329
102000195,908,478,430
102000196,436,293,143
102000197,1779,127,1652
102000198,365,276,89
102000199,2159,119,2040
102000200,640,322,318
102000201,2661,504,2157
102000202,8,232,-224
102000203,822,112,710
102000204,1288,716,572
102000205,1901,1418,483
102000206,931,674,257
102000207,952,1077,-125
102000208,460,1348,-888
102000209,154,250,-96
102000210,1018,800,218
102000211,1008,227,781
102000212,766,25,741
102000213,8,407,-399
102000214,849,1,848
102000215,5,173,-168
102000216,320,205,115
102000217,24,43,-19
102000218,323,320,3
102000219,233,59,174
102000225,351,1066,-715
102000226,135,435,-300
102000227,226,10,216
102000228,0,130,-130
102000229,167,56,111
102000230,547,344,203
102000231,550,285,265
102000232,24,212,-188
102000233,1278,310,968
102000234,66,1171,-1105
102000236,426,31,395
102000237,1169,372,797
102000238,422,267,155
102000240,305,887,-582
102000241,121,134,-13
102000243,15,54,-39
102000245,2,127,-125
102000246,6,31,-25
102000247,209,401,-192
102000248,199,965,-766
102000249,136,64,72
102000250,150,209,-59
102000254,681,135,546
102000266,18,376,-358
102000271,23,0,23
102000286,403,250,153
102000297,2860,875,1985
102000299,0,0,0
102000301,0,0,0
102000303,0,0,0
102000305,0,0,0
102000307,0,2,-2
102900001,1352,727,625
102900002,227,37,190
102900003,149,50,99
102900005,674,195,479
102900006,738,39,699
102900007,876,3,873
102900008,351,33,318
102900009,209,418,-209
102900010,254,1085,-831
102900011,1038,572,466
102900012,626,114,512
102900013,108,31,77
102900015,1131,555,576
102900016,217,9,208
102900017,400,85,315
102900018,103,35,68
102900019,744,411,333
102900020,211,9,202
102900021,80,9,71
102900022,52,29,23
102900023,6,4,2
102900024,23,27,-4
102900025,48,17,31
102900026,301,2768,-2467
102900027,65,52,13
102900028,280,1142,-862
102900029,61,488,-427
102900030,458,583,-125
102900031,381,115,266
102900032,227,25,202
102900033,152,100,52
102900034,926,29,897
102900035,233,100,133
102900036,347,122,225
102900037,187,395,-208
102900038,243,163,80
102900039,50,944,-894
102900040,283,297,-14
102900041,167,61,106
102900042,443,93,350
102900043,454,96,358
102900044,666,1749,-1083
102900045,256,313,-57
102900046,196,65,131
102900047,197,1126,-929
102900048,781,126,655
102900049,47,184,-137
102900050,221,1123,-902
102900051,328,280,48
102900052,57,103,-46
102900053,436,497,-61
102900054,230,1418,-1188
102900055,204,526,-322
102900056,144,211,-67
102900057,2,147,-145
102900058,498,92,406
102900059,16,14,2
102900060,102,389,-287
102900061,216,676,-460
102900062,205,359,-154
102900063,2379,333,2046
102900064,39,376,-337
102900065,1287,210,1077
102900066,321,5,316
102900068,72,141,-69
102900070,343,240,103
102900072,3,82,-79
102900073,19,1,18
102900075,3,63,-60
102900076,19,118,-99
102900077,29,0,29
102900078,15,38,-23
102900079,257,7,250
102900080,538,14,524
102900081,13,79,-66
102900082,14,53,-39
102900083,78,9,69
102900084,4,26,-22
102900085,91,60,31
102900086,12,22,-10
102900087,366,30,336
102900088,97,17,80
102900089,282,128,154
102900090,6,153,-147
102900091,565,4,561
102900092,1377,345,1032
102900093,340,159,181
102900094,1,51,-50
102900095,42,0,42
102900096,90,10,80
102900097,155,52,103
103000001,2506,2222,284
103000002,2977,2669,308
103000003,3007,2031,976
103000004,821,474,347
103000005,1368,4121,-2753
103000006,1786,2062,-276
103000007,409,300,109
103000008,956,651,305
103000009,3061,1197,1864
103000010,139,90,49
103000011,1368,466,902
103000012,1347,1381,-34
103000013,2357,1629,728
103000014,1054,3099,-2045
103000015,1407,884,523
103000016,484,1898,-1414
103000017,254,1159,-905
103000018,762,185,577
103000019,559,879,-320
103000020,1363,1204,159
103000021,2462,3199,-737
103000022,672,1077,-405
103000023,1187,2430,-1243
103000024,115,70,45
103000025,164,1980,-1816
103000026,270,286,-16
103000027,217,631,-414
103000028,122,212,-90
103000029,98,279,-181
103000030,1902,1100,802
103000031,704,2858,-2154
103000032,1911,1474,437
103000033,4362,3660,702
103000034,1180,683,497
103000035,110,943,-833
103000036,242,229,13
103000037,626,383,243
103000038,660,806,-146
103000039,952,282,670
103000040,1040,328,712
103000041,3316,1393,1923
103000042,2593,199,2394
103000043,1249,440,809
103000044,298,112,186
103000046,362,577,-215
103000047,988,349,639
103000048,284,412,-128
103000049,113,108,5
103000050,1217,111,1106
103000051,897,335,562
103000052,1164,140,1024
103000053,309,336,-27
103000054,2010,235,1775
103000055,2036,736,1300
103000056,784,691,93
103000057,1754,104,1650
103000058,1359,246,1113
103000059,1080,373,707
103000060,858,218,640
103000061,1209,636,573
103000062,941,124,817
103000063,1486,557,929
103000064,211,52,159
103000065,4,134,-130
103000066,220,13,207
103000069,386,579,-193
103000070,770,245,525
103000071,2311,707,1604
103000072,136,364,-228
103000073,1707,65,1642
103000074,1260,84,1176
103000075,97,398,-301
103000076,493,1300,-807
103000077,4,246,-242
103000078,931,1640,-709
103000079,566,989,-423
103000080,432,544,-112
103000081,290,914,-624
103000082,830,180,650
103000083,202,292,-90
103000084,226,5,221
103000085,1,160,-159
103000086,530,638,-108
103000087,222,813,-591
103000088,133,244,-111
103000089,425,901,-476
103000090,3804,953,2851
103000091,905,547,358
103000092,480,158,322
103000093,410,587,-177
103000094,564,107,457
103000095,108,400,-292
103000096,661,46,615
103000097,29,625,-596
103000098,660,47,613
103000099,113,814,-701
103000100,191,421,-230
103000101,2208,117,2091
103000102,107,192,-85
103000103,907,99,808
103000104,243,62,181
103000105,437,74,363
103000106,22,131,-109
103000107,455,71,384
103000108,1521,1578,-57
103000109,545,916,-371
103000110,347,925,-578
103000111,439,637,-198
103000112,326,570,-244
103000113,526,1254,-728
103000114,1922,1099,823
103000115,957,842,115
103000116,1021,334,687
103000117,480,398,82
103000118,400,253,147
103000119,1005,270,735
103000120,63,184,-121
103000121,26,172,-146
103000122,424,1059,-635
103000125,10,48,-38
103000126,1542,6,1536
103000127,1,62,-61
103000128,280,1,279
103000129,2,63,-61
103000130,110,76,34
103000131,57,117,-60
103000132,55,87,-32
103000133,34,72,-38
103000134,218,1625,-1407
103000135,783,191,592
103000136,362,455,-93
103000137,305,489,-184
103000138,491,545,-54
103000139,1,55,-54
103000140,70,7,63
103000141,29,280,-251
103000142,135,99,36
103000143,64,96,-32
103000144,270,26,244
103000145,13,67,-54
103000150,60,53,7
103000152,206,397,-191
103000153,222,279,-57
103000156,6,96,-90
103000157,582,1,581
103000159,291,88,203
103000162,26,31,-5
103000163,21,16,5
103000164,4,9,-5
103000165,63,116,-53
103000166,346,740,-394
103000167,238,273,-35
103000168,308,210,98
103000169,526,1162,-636
103000170,2254,273,1981
103000171,47,138,-91
103000172,1343,88,1255
103000173,1853,200,1653
103000174,660,188,472
103000175,477,93,384
103000176,983,1394,-411
103000177,203,857,-654
103000178,79,328,-249
103000179,164,47,117
103000183,727,3,724
103000185,435,81,354
103000186,573,78,495
103000187,2391,79,2312
103000188,18,102,-84
103000189,858,574,284
103000191,513,304,209
103000292,400,2570,-2170
103000293,593,4416,-3823
103000295,39,156,-117
103000296,142,4,138
103000297,8,47,-39
103000504,104,8,96
103000505,2,19,-17
103000506,10,88,-78
103000507,285,4,281
103000508,116,108,8
103000509,264,510,-246
103900001,77,25,52
103900002,658,61,597
103900003,940,370,570
103900004,179,0,179
103900005,10,71,-61
103900006,4,6,-2
103900007,233,1,232
103900008,10,0,10
103900009,548,109,439
103900010,202,59,143
103900011,1236,77,1159
103900012,7,117,-110
103900013,55,12,43
103900014,233,17,216
103900015,122,3,119
103900016,268,148,120
103900017,124,62,62
103900018,304,26,278
103900019,61,861,-800
103900020,408,408,0
103900021,54,19,35
103900022,699,536,163
103900023,445,1,444
103900024,247,190,57
103900025,2,7,-5
103900026,2,2,0
103900027,286,160,126
103900028,122,443,-321
103900029,1523,111,1412
103900030,290,61,229
103900031,159,4,155
103900032,147,165,-18
103900033,169,31,138
103900034,116,11,105
103900035,161,180,-19
103900036,23,67,-44
103900037,249,129,120
103900038,81,264,-183
103900039,342,76,266
103900040,40,141,-101
103900041,206,13,193
103900042,258,57,201
103900043,662,13,649
103900044,9,698,-689
103900045,428,319,109
103900047,177,16,161
103900048,0,48,-48
103900049,61,945,-884
103900050,18,184,-166
103900051,1,126,-125
103900052,353,278,75
103900053,674,147,527
103900054,318,78,240
103900055,662,91,571
103900056,246,89,157
103900057,409,76,333
103900058,694,149,545
103900059,4,241,-237
103900060,97,38,59
103900061,301,4,297
103900062,1258,297,961
103900063,0,0,0
103900064,269,1,268
103900065,158,488,-330
103900066,358,52,306
103900067,458,29,429
103900068,0,0,0
103900069,78,1,77
103900070,182,164,18
103900071,34,34,0
103900072,73,95,-22
103900073,91,79,12
103900074,199,50,149
103900075,357,18,339
103900076,1041,148,893
103900077,24,160,-136
103900078,541,184,357
103900079,42,117,-75
103900080,0,22,-22
103900081,3,5,-2
103900082,45,90,-45
103900083,1069,2715,-1646
103900084,5,291,-286
103900085,58,54,4
103900086,2314,296,2018
103900088,285,469,-184
103900089,87,93,-6
103900090,1,28,-27
103900091,753,81,672
103900092,847,413,434
103900093,77,289,-212
103900094,15,64,-49
103900095,178,315,-137
103900096,311,24,287
103900097,33,182,-149
103900098,476,103,373
103900099,637,33,604
103900100,499,54,445
103900101,2106,653,1453
103900102,5,183,-178
103900104,1,5,-4
103900105,19,26,-7
103900106,8,2329,-2321
103900107,377,9,368
103900108,81,68,13
103900109,405,8,397
103900110,504,26,478
103900111,614,141,473
103900112,17,22,-5
103900113,29,48,-19
103900114,580,156,424
103900115,177,214,-37
103900116,1082,3344,-2262
103900117,28,21,7
103900119,21,327,-306
103900120,149,30,119
103900122,238,47,191
103900123,229,943,-714
103900124,42,108,-66
103900125,119,42,77
103900126,965,61,904
103900127,251,94,157
103900128,291,77,214
103900131,51,37,14
103900133,897,8,889
103900134,0,37,-37
103900135,2,0,2
103900137,1,27,-26
103900138,386,8,378
103900139,164,4981,-4817
103900140,10,654,-644
103900141,222,26,196
103900142,848,52,796
103900143,270,4,266
103900144,3,43,-40
103900145,127,121,6
103900146,424,172,252
103900147,710,132,578
103900148,826,182,644
103900149,449,126,323
103900150,3349,6866,-3517
103900151,1,60,-59
103900152,1817,187,1630
103900153,26,7,19
103900154,221,2962,-2741
103900155,18,45,-27
103900156,45,9,36
103900157,365,20,345
103900158,631,15,616
103900159,670,2,668
103900160,52,18,34
103900161,65,79,-14
103900162,65,36,29
103900163,16,341,-325
103900167,5,130,-125
103900168,73,25,48
103900169,22,27,-5
103900170,0,16,-16
103900171,5,12,-7
103900172,0,2,-2
103900173,9,12,-3
103900174,541,16,525
103900175,33,197,-164
103900176,4,26,-22
103900177,12,2,10
103900178,99,2,97
103900179,59,12,47
103900180,23,22,1
103900181,1,24,-23
103900182,14,8,6
103900184,97,55,42
103900185,18,1556,-1538
103900187,9,200,-191
103900188,200,133,67
103900189,232,6,226
103900190,223,26,197
103900191,13,26,-13
103900192,51,50,1
103900193,42,29,13
103900194,129,55,74
103900195,5,206,-201
103900196,117,65,52
103900197,11,58,-47
103900198,1,17,-16
103900199,149,51,98
103900200,432,37,395
103900201,93,29,64
103900202,6,78,-72
103900203,93,121,-28
103900204,0,25,-25
103900207,0,35,-35
103900208,288,3,285
103900209,3,32,-29
103900210,105,49,56
103900211,1326,192,1134
103900212,236,106,130
103900213,9,259,-250
103900214,181,511,-330
103900215,65,346,-281
103900216,3,86,-83
103900217,469,143,326
103900218,0,333,-333
103900219,414,108,306
103900233,67,11,56
103900235,36,69,-33
103900236,25,0,25
103900242,1,10,-9
103900243,0,3,-3
103900244,176,70,106
103900245,299,70,229
103900246,10,76,-66
103900247,21,23,-2
103900248,0,23,-23
103900249,1,58,-57
103900250,40,36,4
103900251,0,3,-3
103900253,22,77,-55
103900254,0,24,-24
103900255,1,40,-39
103900256,27,25,2
103900257,70,174,-104
103900258,8,9,-1
103900259,11,6,5
103900261,111,4,107
103900262,48,10,38
103900263,33,120,-87
103900264,30,1,29
103900265,7,1,6
103900266,0,89,-89
103900267,9,80,-71
103900268,32,10,22
103900269,393,17,376
103900270,142,60,82
103900271,158,15,143
103900272,96,15,81
103900273,153,1,152
103900274,396,3,393
103900275,403,5,398
103900276,10,7,3
103900277,5,8,-3
103900278,0,2,-2
103900279,4,96,-92
104000001,3983,1706,2277
104000002,2950,1552,1398
104000003,2242,1372,870
104000004,3465,1667,1798
104000005,2605,1543,1062
104000006,2948,2234,714
104000007,5162,3575,1587
104000008,227,183,44
104000009,256,130,126
104000010,205,644,-439
104000011,162,133,29
104000012,159,123,36
104000013,285,619,-334
104000014,277,141,136
104000015,574,102,472
104000016,341,80,261
104000018,1034,274,760
104000019,1034,328,706
104000020,108,211,-103
104000021,572,158,414
104000022,502,508,-6
104000023,1933,452,1481
104000024,213,224,-11
104000026,61,154,-93
104000027,343,147,196
104000028,663,297,366
104000029,424,226,198
104000030,648,323,325
104000031,1899,89,1810
104000032,173,110,63
104000033,1104,288,816
104000034,238,104,134
104000035,1672,333,1339
104000036,1531,301,1230
104000037,229,127,102
104000038,556,384,172
104000039,263,74,189
104000040,54,757,-703
104000041,764,529,235
104000042,159,106,53
104000043,133,220,-87
104000044,296,1591,-1295
104000045,794,587,207
104000046,677,564,113
104000047,745,591,154
104000048,1039,424,615
104000049,975,399,576
104000050,112,532,-420
104000051,288,813,-525
104000052,2455,2393,62
104000053,1507,497,1010
104000054,876,293,583
104000055,2129,1778,351
104000056,684,98,586
104000057,291,142,149
104000058,1474,760,714
104000059,907,1008,-101
104000060,1574,2321,-747
104000061,1418,706,712
104000062,459,105,354
104000064,600,178,422
104000065,165,446,-281
104000069,297,1858,-1561
104000070,34,669,-635
104000071,232,155,77
104000072,954,155,799
104000075,61,266,-205
104000076,841,55,786
104000082,2090,3413,-1323
104000083,669,156,513
104000084,117,179,-62
104000085,577,238,339
104000086,399,198,201
104000087,401,1734,-1333
104000090,1523,503,1020
104000092,2174,456,1718
104000094,895,570,325
104000095,3340,1446,1894
104000096,3850,45,3805
104000097,3875,396,3479
104000098,5828,426,5402
104000100,3599,878,2721
104000101,2282,1151,1131
104000106,32,484,-452
104000107,487,228,259
104000108,322,316,6
104000109,510,144,366
104000110,845,1977,-1132
104000111,2184,5628,-3444
104000112,576,457,119
104000116,1,360,-359
104000117,457,231,226
104000118,2743,146,2597
104000119,1850,309,1541
104000120,524,639,-115
104000121,420,260,160
104000122,853,328,525
104000123,1001,493,508
104000124,273,1130,-857
104000125,1760,6572,-4812
104000126,718,493,225
104000127,1675,1197,478
104000128,720,70,650
104000129,502,11,491
104000130,15,429,-414
104000131,223,575,-352
104000132,311,723,-412
104000133,2058,806,1252
104000134,888,1701,-813
104000135,457,1293,-836
104000136,653,2721,-2068
104000137,1774,369,1405
104000138,1123,369,754
104000139,2145,2580,-435
104000141,804,406,398
104000142,963,314,649
104000143,978,147,831
104000144,208,291,-83
104000145,305,130,175
104000146,139,438,-299
104000147,198,376,-178
104000148,535,140,395
104000149,131,74,57
104000150,1608,228,1380
104000151,544,140,404
104000152,821,136,685
104000153,1283,484,799
104000154,609,181,428
104000155,558,968,-410
104000157,1347,664,683
104000158,145,388,-243
104000159,1071,395,676
104000160,2077,2933,-856
104000161,133,111,22
104000162,87,77,10
104000165,1136,716,420
104000167,776,1893,-1117
104000168,1648,4,1644
104000169,375,20,355
104000170,141,264,-123
104000248,536,464,72
104000251,67,115,-48
104000272,0,0,0
104000273,0,0,0
104000274,0,0,0
104000275,0,0,0
104000279,772,460,312
104000290,116,336,-220
104000291,379,1171,-792
104000293,1643,1026,617
104000294,244,1,243
104000295,1123,916,207
104000296,887,690,197
104000297,1248,1831,-583
104000298,2035,662,1373
104000299,1682,636,1046
104900001,98,107,-9
104900002,41,389,-348
104900003,82,102,-20
104900004,193,51,142
104900005,1147,216,931
104900006,1240,142,1098
104900007,1044,283,761
104900009,266,142,124
104900010,209,10,199
104900011,6,48,-42
104900012,342,48,294
104900013,68,19,49
104900014,1052,193,859
104900015,148,4,144
104900016,191,79,112
104900017,157,127,30
104900018,1,57,-56
104900019,102,6957,-6855
104900020,55,207,-152
104900021,4,8,-4
104900022,1,101,-100
104900023,0,36,-36
104900024,23,178,-155
104900025,108,137,-29
104900026,0,24,-24
104900027,1092,408,684
104900028,36,103,-67
104900029,11,38,-27
104900030,581,134,447
104900031,51,137,-86
104900032,31,60,-29
104900033,420,98,322
104900034,475,180,295
104900035,677,312,365
104900036,571,35,536
104900037,373,61,312
104900038,106,2439,-2333
104900039,174,887,-713
104900040,880,25,855
104900041,637,60,577
104900042,302,114,188
104900043,90,603,-513
104900044,1741,94,1647
104900045,624,41,583
104900046,1069,64,1005
104900047,870,52,818
104900048,979,52,927
104900049,106,48,58
104900050,1129,101,1028
104900051,563,25,538
104900052,388,4,384
104900053,982,55,927
104900054,504,54,450
104900055,578,3,575
104900056,599,19,580
104900057,123,1,122
104900058,466,164,302
104900059,242,7,235
104900060,1,202,-201
104900061,260,77,183
104900063,0,151,-151
104900064,0,86,-86
104900065,4,275,-271
104900066,1,35,-34
104900067,3,776,-773
104900068,69,435,-366
104900070,52,259,-207
104900071,0,191,-191
104900072,42,82,-40
104900073,149,134,15
104900074,114,74,40
104900075,90,23,67
104900076,246,77,169
104900077,453,121,332
104900078,317,140,177
104900079,143,1711,-1568
104900080,333,126,207
104900082,4,194,-190
104900085,6,89,-83
104900087,428,3,425
104900089,931,3,928
104900090,2043,1390,653
104900091,410,415,-5
104900093,213,198,15
104900097,896,3611,-2715
104900098,340,101,239
104900099,302,1623,-1321
104900100,269,106,163
104900102,55,73,-18
104900103,314,44,270
104900104,1611,1668,-57
104900106,288,85,203
104900107,52,130,-78
104900108,7,325,-318
104900109,116,185,-69
104900110,25,23,2
104900111,223,17,206
104900112,573,131,442
104900113,1431,112,1319
104900114,999,390,609
104900115,1549,101,1448
104900116,887,62,825
104900118,31,25,6
104900119,0,95,-95
104900120,8,1457,-1449
104900121,0,28,-28
104900122,0,18,-18
104900123,449,45,404
104900124,267,4,263
104900125,484,4,480
104900126,32,21,11
104900127,36,10,26
104900128,226,72,154
104900129,707,3829,-3122
105000001,3012,978,2034
105000002,2522,1538,984
105000003,2554,3460,-906
105000004,1665,800,865
105000005,2280,1359,921
105000006,1276,1799,-523
105000007,2129,2389,-260
105000008,674,3392,-2718
105000009,4853,4841,12
105000010,3163,877,2286
105000011,3606,4112,-506
105000012,1954,1561,393
105000013,1260,1722,-462
105000014,4750,4057,693
105000015,7967,15370,-7403
105000016,825,840,-15
105000017,1681,1112,569
105000018,616,2347,-1731
105000019,1017,1313,-296
105000020,42,563,-521
105000021,250,119,131
105000022,102,155,-53
105000023,1023,86,937
105000028,34,57,-23
105000029,784,1175,-391
105000030,2716,2163,553
105000033,1032,743,289
105000034,166,1799,-1633
105000037,1054,142,912
105000038,933,1933,-1000
105000039,632,908,-276
105000040,1070,2210,-1140
105000041,263,705,-442
105000042,2132,1509,623
105000043,735,576,159
105000044,1015,287,728
105000045,177,207,-30
105000046,1661,262,1399
105000047,494,231,263
105000048,1570,345,1225
105000049,271,477,-206
105000050,1341,675,666
105000051,198,255,-57
105000052,798,1818,-1020
105000053,82,86,-4
105000054,636,977,-341
105000055,964,635,329
105000056,2621,2754,-133
105000057,2193,2170,23
105000058,1843,1256,587
105000059,2221,727,1494
105000060,814,490,324
105000061,2699,439,2260
105000062,976,471,505
105000063,505,246,259
105000064,4230,694,3536
105000065,748,303,445
105000066,1441,787,654
105000067,2409,814,1595
105000068,331,694,-363
105000069,1161,4334,-3173
105000070,570,1514,-944
105000071,227,2698,-2471
105000072,1770,9924,-8154
105000073,1728,982,746
105000074,462,348,114
105000075,654,459,195
105000076,1182,780,402
105000077,2013,624,1389
105000078,956,1013,-57
105000079,759,1771,-1012
105000080,2015,1836,179
105000081,811,1065,-254
105000082,759,1218,-459
105000083,1651,1887,-236
105000084,561,926,-365
105000085,2973,2157,816
105000086,853,732,121
105000087,1774,1811,-37
105000088,2417,4003,-1586
105000089,1828,1222,606
105000090,506,435,71
105000091,624,590,34
105000092,637,347,290
105000093,351,401,-50
105000094,265,128,137
105000095,187,606,-419
105000096,1501,2006,-505
105000097,593,479,114
105000098,1860,1483,377
105000099,715,781,-66
105000100,2788,1776,1012
105000101,3565,921,2644
105000102,2912,1341,1571
105000103,1327,1664,-337
105000104,3829,3721,108
105000105,1741,3125,-1384
105000106,2550,517,2033
105000107,2913,1299,1614
105000108,3259,949,2310
105000109,4499,518,3981
105000110,1666,283,1383
105000111,2781,305,2476
105000112,1495,373,1122
105000113,888,772,116
105000114,1183,1555,-372
105000115,348,2895,-2547
105000116,1796,760,1036
105000117,1623,375,1248
105000118,1991,347,1644
105000119,1178,357,821
105000120,3354,562,2792
105000121,1666,503,1163
105000122,684,1095,-411
105000123,728,442,286
105000124,3304,564,2740
105000125,1685,829,856
105000126,3385,1237,2148
105000127,3984,1175,2809
105000128,1206,1488,-282
105000129,2154,1609,545
105000130,145,4994,-4849
105000131,352,121,231
105000132,2657,1270,1387
105000133,464,546,-82
105000134,2481,343,2138
105000135,320,300,20
105000136,106,58,48
105000137,982,189,793
105000138,173,75,98
105000139,1086,296,790
105000140,1034,287,747
105000141,662,244,418
105000142,537,518,19
105000143,311,305,6
105000144,432,301,131
105000145,1133,248,885
105000146,605,275,330
105000147,960,293,667
105000148,1010,477,533
105000149,4902,1286,3616
105000150,1897,522,1375
105000151,1429,305,1124
105000152,374,645,-271
105000153,2105,250,1855
105000154,1571,467,1104
105000155,1070,310,760
105000156,570,381,189
105000157,1083,670,413
105000158,4440,524,3916
105000159,399,465,-66
105000160,6377,555,5822
105000161,1145,658,487
105000162,1037,4763,-3726
105000163,1285,597,688
105000164,194,345,-151
105000165,820,15022,-14202
105000166,3328,3063,265
105000167,1418,5353,-3935
105000168,1042,351,691
105000169,1463,107,1356
105000170,905,1093,-188
105000171,1911,336,1575
105000172,736,9,727
105000173,1175,5,1170
105000174,327,23,304
105000175,410,50,360
105000176,1229,99,1130
105000177,743,441,302
105000178,725,128,597
105000179,2638,62,2576
105000180,983,40,943
105000181,364,132,232
105000182,123,41,82
105000183,2228,3748,-1520
105000184,272,616,-344
105000185,358,1082,-724
105000186,520,864,-344
105000187,941,833,108
105000188,158,179,-21
105000189,93,375,-282
105000190,326,223,103
105000191,524,237,287
105000192,530,45,485
105000193,120,92,28
105000194,738,46,692
105000195,693,356,337
105000196,72,239,-167
105000197,117,379,-262
105000198,132,93,39
105000199,62,528,-466
105000200,121,874,-753
105000201,133,103,30
105000203,40,88,-48
105000204,136,45,91
105000205,96,68,28
105000207,145,49,96
105000208,121,263,-142
105000209,179,54,125
105000212,1673,387,1286
105000213,104,56,48
105000214,228,117,111
105000215,848,158,690
105000216,366,82,284
105000217,362,76,286
105000218,3962,1071,2891
105000221,174,130,44
105000222,667,84,583
105000223,863,213,650
105000226,322,128,194
105000227,95,110,-15
105000228,38,1711,-1673
105000229,345,735,-390
105000231,647,159,488
105000233,1535,1368,167
105000234,315,621,-306
105000235,728,508,220
105000237,2170,120,2050
105000243,91,67,24
105000248,66,77,-11
105000262,861,288,573
105000269,128,170,-42
105000270,1061,13,1048
105000271,0,206,-206
105000282,99,42,57
105000287,175,107,68
105000288,1603,1414,189
105000289,472,1143,-671
105000290,76,0,76
105000402,1540,5002,-3462
105000426,170,320,-150
105000438,719,837,-118
105000446,5598,3030,2568
105000447,1534,1061,473
105000454,838,92,746
105000455,189,72,117
105000474,98,3,95
105000477,1830,463,1367
105000478,2900,6089,-3189
105000479,161,94,67
105000480,3775,5915,-2140
105000481,4979,4488,491
105000482,1907,1869,38
105000483,1976,3394,-1418
105000484,1214,1214,0
105000485,997,3714,-2717
105000486,1181,1822,-641
105000488,1825,1408,417
105000489,2513,816,1697
105000549,217,304,-87
105000550,486,432,54
105000551,24,72,-48
105000552,1825,739,1086
105000555,203,1145,-942
105900001,9,3160,-3151
105900002,745,1937,-1192
105900003,26,162,-136
105900004,305,37,268
105900005,113,871,-758
105900006,8,41,-33
105900007,73,55,18
105900008,179,154,25
105900009,102,44,58
105900011,229,34,195
105900012,540,65,475
105900013,2,47,-45
105900014,0,51,-51
105900015,80,404,-324
105900016,1317,276,1041
105900017,3304,46,3258
105900018,230,175,55
105900019,85,78,7
105900020,132,35,97
105900021,59,175,-116
105900022,430,151,279
105900023,23,91,-68
105900024,6,549,-543
105900025,630,2,628
105900026,113,5,108
105900027,11041,4214,6827
105900028,281,466,-185
105900029,1593,270,1323
105900030,293,205,88
105900031,619,90,529
105900032,182,46,136
105900033,117,146,-29
105900034,673,134,539
105900035,832,306,526
105900036,188,121,67
105900037,277,13,264
105900038,297,209,88
105900039,218,107,111
105900040,260,53,207
105900041,341,80,261
105900042,206,247,-41
105900043,877,68,809
105900044,2,668,-666
105900045,4,2073,-2069
105900046,0,122,-122
105900047,24,30,-6
105900048,109,345,-236
105900050,1138,4128,-2990
105900051,29,1009,-980
105900052,1388,146,1242
105900053,3172,6325,-3153
105900054,253,235,18
105900056,541,849,-308
105900057,3,111,-108
105900058,6,4,2
105900059,2,271,-269
106000001,2082,2687,-605
106000002,959,2160,-1201
106000003,3969,4657,-688
106000004,1646,2265,-619
106000005,5477,3487,1990
106000006,5151,1279,3872
106000007,645,190,455
106000008,296,262,34
106000009,639,179,460
106000010,243,382,-139
106000011,2597,908,1689
106000012,1081,503,578
106000013,2005,1224,781
106000014,1576,1003,573
106000015,3211,756,2455
106000016,1691,1009,682
106000017,1181,523,658
106000018,686,439,247
106000019,697,331,366
106000020,474,242,232
106000021,628,311,317
106000022,373,199,174
106000023,1164,218,946
106000024,774,349,425
106000025,215,210,5
106000026,137,160,-23
106000027,2863,1246,1617
106000028,1208,259,949
106000029,1129,669,460
106000030,165,587,-422
106000034,132,329,-197
106000035,1326,1298,28
106000036,75,424,-349
106000037,974,844,130
106000038,78,286,-208
106000039,36,304,-268
106000040,90,690,-600
106000041,804,499,305
106000043,237,185,52
106000046,350,38,312
106000047,70,325,-255
106000049,1641,98,1543
106000050,222,368,-146
106000051,1676,877,799
106000052,136,148,-12
106000053,1022,137,885
106000054,295,130,165
106000055,1676,330,1346
106000056,332,122,210
106000057,950,146,804
106000058,301,28,273
106000059,597,257,340
106000060,144,245,-101
106000061,216,852,-636
106000062,135,179,-44
106000063,1581,1207,374
106000064,6,240,-234
106000065,793,211,582
106000066,157,634,-477
106000067,925,75,850
106000068,178,241,-63
106000069,843,42,801
106000070,559,167,392
106000071,1174,120,1054
106000072,2409,1382,1027
106000073,1621,7870,-6249
106000074,916,623,293
106000075,552,916,-364
106000076,1152,1312,-160
106000077,1900,450,1450
106000078,2141,275,1866
106000079,1327,345,982
106000080,1770,262,1508
106000081,1546,462,1084
106000082,1852,439,1413
106000083,724,691,33
106000084,851,375,476
106000085,1338,835,503
106000086,468,348,120
106000087,960,284,676
106000088,471,328,143
106000089,1569,169,1400
106000090,543,274,269
106000091,318,416,-98
106000092,1334,206,1128
106000093,990,52,938
106000094,127,220,-93
106000095,2008,420,1588
106000096,2382,299,2083
106000097,2527,942,1585
106000098,1819,420,1399
106000099,173,347,-174
106000100,3075,209,2866
106000101,1475,269,1206
106000102,83,484,-401
106000103,333,596,-263
106000104,1742,544,1198
106000105,562,605,-43
106000106,1703,195,1508
106000107,313,211,102
106000108,741,82,659
106000109,379,86,293
106000110,686,112,574
106000111,319,117,202
106000112,435,1139,-704
106000113,581,411,170
106000114,536,1257,-721
106000115,326,237,89
106000116,585,122,463
106000117,1253,525,728
106000118,2136,1384,752
106000119,807,444,363
106000120,1394,2118,-724
106000121,794,179,615
106000122,755,80,675
106000123,1630,39,1591
106000124,635,79,556
106000125,151,117,34
106000126,857,55,802
106000127,3128,590,2538
106000128,2541,210,2331
106000129,1501,293,1208
106000130,2636,168,2468
106000131,476,1121,-645
106000132,934,92,842
106000133,1227,2615,-1388
106000134,749,5871,-5122
106000135,273,655,-382
106000136,1464,2805,-1341
106000137,243,987,-744
106000138,5208,62,5146
106000139,111,69,42
106000140,86,27,59
106000141,210,17,193
106000142,204,80,124
106000143,36,30,6
106000144,78,64,14
106000145,930,151,779
106000146,1111,94,1017
106000147,684,306,378
106000148,547,554,-7
106000149,1414,288,1126
106000150,1686,2988,-1302
106000151,3624,523,3101
106000152,968,2907,-1939
106000153,166,1876,-1710
106000154,1311,117,1194
106000155,405,368,37
106000156,2881,121,2760
106000157,607,1927,-1320
106000158,1414,505,909
106000159,2574,2924,-350
106000160,1052,6446,-5394
106000161,668,203,465
106000162,630,2268,-1638
106000163,451,97,354
106000164,1224,249,975
106000165,289,225,64
106000166,2264,165,2099
106000167,809,397,412
106000168,1508,115,1393
106000169,571,664,-93
106000170,1813,294,1519
106000171,463,983,-520
106000172,3555,1292,2263
106000173,1418,1712,-294
106000174,2190,239,1951
106000175,316,272,44
106000176,4664,559,4105
106000177,1949,1107,842
106000178,5038,847,4191
106000179,1186,805,381
106000180,1868,505,1363
106000181,3950,1225,2725
106000182,3444,314,3130
106000183,3235,186,3049
106000184,2212,380,1832
106000185,3531,2055,1476
106000186,470,31,439
106000187,137,2429,-2292
106000188,0,4,-4
106000189,24,28,-4
106000190,39,2,37
106000191,602,54,548
106000192,0,5,-5
106000193,379,375,4
106000194,133,483,-350
106000195,294,183,111
106000196,93,1165,-1072
106000197,1114,821,293
106000198,313,386,-73
106000199,855,3267,-2412
106000200,354,364,-10
106000201,534,12720,-12186
106000202,2687,929,1758
106000203,27,104,-77
106000204,137,7,130
106000205,12,167,-155
106000206,127,19,108
106000207,17,348,-331
106000208,3177,59,3118
106000209,3846,154,3692
106000210,625,334,291
106000211,224,1023,-799
106000212,2452,353,2099
106000213,258,902,-644
106000214,1447,335,1112
106000215,513,674,-161
106000216,1088,375,713
106000217,183,407,-224
106000218,463,155,308
106000219,217,108,109
106000220,906,234,672
106000221,475,65,410
106000222,258,43,215
106000223,782,43,739
106000224,475,90,385
106000225,135,223,-88
106000226,105,69,36
106000228,48,73,-25
106000229,339,490,-151
106000231,2233,113,2120
106000232,155,429,-274
106000233,1241,342,899
106000234,61,1769,-1708
106000235,475,2159,-1684
106000236,133,1916,-1783
106000237,0,36,-36
106000238,1,179,-178
106000239,1,150,-149
106000240,37,31,6
106000241,6,555,-549
106000242,537,18,519
106000249,232,61,171
106000250,110,1201,-1091
106000251,275,11,264
106000252,55,391,-336
106000253,144,74,70
106000254,233,59,174
106000255,152,228,-76
106000256,208,26,182
106000257,155,196,-41
106000258,97,472,-375
106000259,7,945,-938
106000260,60,6,54
106000261,19,152,-133
106000262,163,18,145
106000263,103,197,-94
106000264,379,7,372
106000265,46,143,-97
106000266,327,56,271
106000267,24,57,-33
106000268,429,35,394
106000269,189,39,150
106000270,201,214,-13
106000271,71,58,13
106000272,207,77,130
106000273,15,124,-109
106000274,160,16,144
106000275,295,61,234
106000276,28,20,8
106000277,180,119,61
106000278,133,11,122
106000279,50,11,39
106000280,298,15,283
106000281,128,20,108
106000282,189,45,144
106000283,259,26,233
106000284,407,31,376
106000285,98,97,1
106000286,198,36,162
106000287,83,18,65
106000288,217,41,176
106000289,142,39,103
106000290,239,34,205
106000291,176,49,127
106000292,288,21,267
106000293,198,103,95
106000294,126,26,100
106000295,48,143,-95
106000296,32,50,-18
106000297,44,141,-97
106000298,19,161,-142
106000299,39,29,10
106000300,48,92,-44
106000301,55,147,-92
106000303,160,36,124
106000304,187,2,185
106000305,283,23,260
106000306,145,33,112
106000307,513,18,495
106000308,140,93,47
106000309,18,8,10
106000310,582,124,458
106000311,739,121,618
106000312,378,66,312
106000313,559,61,498
106000318,108,500,-392
106000319,3791,648,3143
106000320,2,294,-292
106000321,261,793,-532
106000322,700,62,638
106000324,181,128,53
106000325,2472,399,2073
106000326,821,585,236
106000327,683,65,618
106000328,23,502,-479
106000329,19,931,-912
106000330,10,176,-166
106000428,127,289,-162
106000429,144,190,-46
106000430,277,1150,-873
106000431,3564,346,3218
106000432,791,1411,-620
106000433,3198,1002,2196
106000434,4649,1017,3632
106000435,1191,1222,-31
106000436,18,265,-247
106000437,1842,96,1746
106000438,302,997,-695
106000439,52,835,-783
106000440,247,216,31
106000441,9,1,8
106000442,2122,25,2097
106000443,566,123,443
106000450,2,126,-124
106000451,61,290,-229
106000454,2,119,-117
106000455,13,104,-91
106000456,332,54,278
106000457,93,231,-138
106000458,2927,68,2859
106000459,1183,56,1127
106000460,4891,29,4862
106000461,965,243,722
106000462,2,93,-91
106000463,11,7,4
106000464,1,268,-267
106000465,1575,11,1564
106000466,0,255,-255
106000467,116,322,-206
106000468,370,105,265
106000469,114,0,114
106000470,260,2835,-2575
106000471,13,208,-195
106000472,685,16,669
106000473,78,2,76
106000474,437,335,102
106000475,691,211,480
106000476,166,560,-394
106000477,15,31,-16
106000480,0,2029,-2029
106900001,0,2,-2
106900002,1,147,-146
106900003,82,1317,-1235
106900004,1,16,-15
106900006,0,3,-3
106900007,0,4,-4
106900008,1245,51,1194
106900009,932,89,843
106900010,798,149,649
106900012,555,5102,-4547
106900013,1230,280,950
106900014,178,0,178
106900015,39,0,39
106900016,865,79,786
106900017,22,1,21
106900018,17,0,17
106900019,468,1,467
106900020,1385,3898,-2513
106900021,368,73,295
106900022,2907,16,2891
106900023,264,57,207
106900024,1132,69,1063
106900025,19,339,-320
106900026,0,92,-92
106900027,2638,6,2632
107000001,3346,3529,-183
107000002,1437,1319,118
107000003,11519,9155,2364
107000004,3299,1180,2119
107000005,13807,8472,5335
107000006,3237,1557,1680
107000007,5992,8138,-2146
107000008,3488,2367,1121
107000009,11805,8275,3530
107000010,4987,3338,1649
107000011,594,771,-177
107000012,1894,3430,-1536
107000013,186,52,134
107000014,267,85,182
107000015,820,228,592
107000016,1595,430,1165
107000017,756,1485,-729
107000018,5,1064,-1059
107000020,766,1018,-252
107000021,1108,424,684
107000022,1480,3550,-2070
107000023,2439,193,2246
107000024,1145,2957,-1812
107000025,572,195,377
107000026,416,529,-113
107000027,3145,461,2684
107000028,2289,373,1916
107000029,5930,3368,2562
107000030,2918,1143,1775
107000031,8224,3335,4889
107000032,326,604,-278
107000033,1902,4506,-2604
107000034,3217,751,2466
107000035,582,140,442
107000036,596,1557,-961
107000037,198,488,-290
107000038,349,114,235
107000039,1616,788,828
107000040,464,162,302
107000041,1032,435,597
107000042,692,2738,-2046
107000043,1219,530,689
107000044,209,181,28
107000045,40,169,-129
107000046,1000,231,769
107000047,413,372,41
107000048,616,146,470
107000049,592,349,243
107000050,932,350,582
107000051,281,356,-75
107000052,748,2910,-2162
107000053,375,817,-442
107000054,37,154,-117
107000055,294,85,209
107000056,500,594,-94
107000057,1231,108,1123
107000058,2587,1985,602
107000059,2305,1897,408
107000060,8554,3864,4690
107000061,4266,1566,2700
107000062,11098,3571,7527
107000063,3563,1481,2082
107000064,8575,7340,1235
107000065,1894,3097,-1203
107000066,2068,3741,-1673
107000067,1708,916,792
107000068,802,1001,-199
107000069,1471,1098,373
107000070,1596,5,1591
107000071,7990,64,7926
107000072,7,662,-655
107000073,2268,1311,957
107000074,47,292,-245
107000075,3288,139,3149
107000076,170,532,-362
107000077,4470,500,3970
107000078,584,517,67
107000079,5093,808,4285
107000080,313,824,-511
107000081,6776,795,5981
107000082,550,607,-57
107000083,2417,1817,600
107000084,205,750,-545
107000085,2591,2848,-257
107000086,2865,1656,1209
107000087,3654,3179,475
107000088,2892,2373,519
107000089,1740,2222,-482
107000090,1555,623,932
107000091,2701,668,2033
107000092,1077,474,603
107000093,1957,1075,882
107000094,842,480,362
107000095,2867,1112,1755
107000096,885,723,162
107000097,3232,810,2422
107000098,590,569,21
107000099,818,421,397
107000100,363,334,29
107000101,184,227,-43
107000102,296,262,34
107000103,640,335,305
107000104,203,275,-72
107000105,739,911,-172
107000106,217,144,73
107000107,1708,265,1443
107000108,322,304,18
107000109,2398,170,2228
107000110,115,181,-66
107000111,1571,32,1539
107000112,39,204,-165
107000113,2169,57,2112
107000114,123,320,-197
107000115,1524,1287,237
107000116,180,295,-115
107000117,217,5646,-5429
107000118,71,93,-22
107000119,1583,2315,-732
107000120,676,1528,-852
107000121,1281,470,811
107000122,710,607,103
107000123,969,386,583
107000124,939,168,771
107000125,2142,338,1804
107000126,2607,241,2366
107000129,509,343,166
107000130,1512,150,1362
107000131,528,284,244
107000132,1045,211,834
107000133,335,157,178
107000134,233,1,232
107000135,3,176,-173
107000136,653,1,652
107000137,5,277,-272
107000138,159,35,124
107000139,3,460,-457
107000140,2565,65,2500
107000141,71,1235,-1164
107000142,801,57,744
107000143,29,2136,-2107
107000144,722,891,-169
107000145,57,783,-726
107000146,205,450,-245
107000147,3946,554,3392
107000150,153,6225,-6072
107000151,2,58,-56
107000152,505,4565,-4060
107000153,59,168,-109
107000154,12,82,-70
107000155,1721,12,1709
107000156,2184,28,2156
107000157,23,431,-408
107000158,2261,26,2235
107000159,32,288,-256
107000160,3660,309,3351
107000161,88,267,-179
107000162,395,1390,-995
107000163,710,4,706
107000164,2308,5,2303
107000165,2927,4,2923
107000166,32,258,-226
107000167,2076,408,1668
107000168,1693,729,964
107000169,332,287,45
107000170,6889,827,6062
107000171,795,352,443
107000172,2519,3106,-587
107000173,495,246,249
107000174,1474,10252,-8778
107000175,2624,425,2199
107000176,0,0,0
107000177,5,1,4
107000178,373,7,366
107000179,699,754,-55
107000180,3119,169,2950
107000181,865,289,576
107000182,2937,354,2583
107000183,440,269,171
107000184,2724,326,2398
107000185,545,434,111
107000186,1159,127,1032
107000187,1748,1171,577
107000188,766,319,447
107000189,1689,348,1341
107000190,1460,488,972
107000191,1475,445,1030
107000192,2222,263,1959
107000193,451,355,96
107000194,504,182,322
107000197,1377,118,1259
107000198,531,301,230
107000199,830,644,186
107000200,1310,983,327
107000201,357,269,88
107000202,567,381,186
107000203,503,862,-359
107000204,655,2808,-2153
107000205,670,369,301
107000206,263,1099,-836
107000207,479,592,-113
107000208,1443,459,984
107000209,670,564,106
107000210,95,109,-14
107000211,10,71,-61
107000212,15,71,-56
107000213,3,4,-1
107000214,30,34,-4
107000215,923,342,581
107000216,599,128,471
107000217,407,2019,-1612
107000219,121,261,-140
107000220,128,657,-529
107000222,287,201,86
107000224,727,320,407
107000225,144,162,-18
107000226,1330,627,703
107000227,225,111,114
107000228,146,745,-599
107000229,71,224,-153
107000230,744,456,288
107000231,313,865,-552
107000232,125,25,100
107000233,140,331,-191
107000234,1,109,-108
107000235,48,18,30
107000236,5,703,-698
107000237,138,0,138
107000238,40,2,38
107000239,1902,657,1245
107000240,130,186,-56
107000241,36,3,33
107000242,188,12,176
107000243,0,59,-59
107000244,14,271,-257
107000246,0,293,-293
107000249,0,381,-381
107000251,0,93,-93
107000252,1,198,-197
107000255,301,291,10
107000257,3,1162,-1159
107000258,0,208,-208
107000259,9,89,-80
107000260,3102,18,3084
107000262,41,164,-123
107000263,985,6,979
107000266,71,19,52
107000267,66,46,20
107000268,412,48,364
107000269,30,4,26
107000270,703,149,554
107000271,7,0,7
107000272,333,0,333
107000273,5,970,-965
107000274,671,198,473
107000275,31,1004,-973
107000280,2965,42,2923
107000281,81,359,-278
107000282,18,504,-486
107000290,3,34,-31
107000291,10,12,-2
107000292,0,148,-148
107000293,30,8,22
107000294,0,631,-631
107000295,36,4,32
107000296,0,41,-41
107000444,416,3,413
107000496,26,12,14
107000497,982,889,93
107000500,599,158,441
107000501,95,153,-58
107000502,321,227,94
107000505,347,425,-78
107000506,0,0,0
107000508,0,102,-102
107000509,158,827,-669
107000510,120,372,-252
107000514,63,725,-662
107000515,40,58,-18
107000516,830,518,312
107000518,2968,5658,-2690
107000519,736,442,294
107000520,292,70,222
107000521,2239,154,2085
107000522,2805,429,2376
107900001,161,22,139
107900002,49,2,47
107900003,826,17,809
107900004,416,0,416
107900005,6634,42,6592
107900006,437,17,420
107900007,472,59,413
107900008,26,4,22
107900009,135,3,132
107900010,162,1,161
107900012,618,71,547
107900013,392,15,377
107900014,438,15,423
107900015,4081,47,4034
107900016,160,43,117
107900017,67,6,61
107900018,81,611,-530
107900019,10,9,1
107900020,36,50,-14
107900021,414,22,392
107900023,24,18,6
107900024,1,1,0
107900025,311,66,245
107900026,154,13,141
107900027,23,102,-79
107900028,411,16,395
107900030,344,17,327
107900031,364,64,300
107900032,138,3,135
107900033,49,33,16
107900034,417,31,386
107900035,3391,208,3183
107900036,58,74,-16
107900037,0,12,-12
107900038,38,545,-507
107900039,102,28,74
107900040,10,287,-277
107900041,1,2,-1
107900043,216,66,150
107900044,18,16,2
107900045,227,63,164
107900046,563,487,76
107900047,106,8,98
107900048,603,27,576
107900049,359,1889,-1530
107900050,31,115,-84
107900051,115,42,73
107900052,2,179,-177
107900053,196,49,147
107900055,529,187,342
107900056,157,252,-95
107900057,0,0,0
107900058,44,241,-197
107900060,6,145,-139
107900061,5,16,-11
107900063,79,77,2
107900064,218,1291,-1073
107900065,1100,24,1076
107900066,51,4,47
107900067,9,0,9
107900068,165,917,-752
107900069,6,5808,-5802
107900070,225,304,-79
107900071,51,235,-184
107900072,313,32,281
107900073,177,355,-178
107900074,122,621,-499
107900076,196,14,182
107900077,209,1,208
107900078,198,27,171
107900079,6,110,-104
107900080,104,625,-521
107900081,18,26,-8
107900082,5,11,-6
107900083,676,131,545
107900084,320,184,136
107900086,28,707,-679
107900087,447,36,411
107900088,132,13,119
107900089,144,567,-423
107900090,1265,3088,-1823
107900091,92,75,17
107900092,823,110,713
107900093,37,51,-14
107900095,2215,1269,946
107900097,56,76,-20
107900098,324,290,34
107900100,272,2079,-1807
107900101,354,31,323
107900102,52,4,48
107900103,55,91,-36
107900104,610,6,604
107900105,1,53,-52
107900106,0,146,-146
107900107,929,365,564
107900108,163,28,135
107900109,3743,102,3641
107900110,105,5,100
107900111,2,152,-150
107900112,54,827,-773
107900113,452,21,431
107900114,382,30,352
107900115,0,4,-4
107900116,522,54,468
107900117,260,170,90
107900118,36,165,-129
107900119,293,517,-224
107900120,116,8,108
107900121,3,188,-185
107900122,0,68,-68
107900123,23,270,-247
107900124,8,36,-28
107900125,1,85,-84
107900126,39,107,-68
107900127,1294,238,1056
107900128,82,48,34
107900129,202,5,197
107900130,318,6,312
107900131,57,59,-2
107900132,8,416,-408
107900133,0,24,-24
107900134,19,39,-20
107900135,3,17,-14
107900136,28,28,0
107900137,102,35,67
107900138,214,7,207
107900139,213,32,181
107900140,84,36,48
107900141,17,10,7
107900142,27,792,-765
107900143,46,43,3
107900144,0,20,-20
107900145,3,37,-34
107900146,59,43,16
107900147,51,20,31
107900148,143,136,7
107900149,526,12,514
107900150,12,203,-191
107900151,39,11,28
107900152,10,78,-68
107900153,263,200,63
107900154,93,40,53
107900155,238,29,209
107900156,6,29,-23
107900157,36,61,-25
107900158,3364,212,3152
107900159,47,397,-350
107900160,298,29,269
107900161,132,30,102
107900162,1,88,-87
107900163,33,35,-2
107900164,46,26,20
107900165,30,423,-393
107900166,43,47,-4
107900167,37,74,-37
107900168,144,15,129
107900169,0,3254,-3254
107900171,31,294,-263
107900172,1,136,-135
107900173,79,40,39
107900174,257,1,256
107900175,4,142,-138
107900176,185,20,165
107900177,4,249,-245
107900178,0,200,-200
107900179,60,48,12
107900180,195,2057,-1862
107900181,194,248,-54
107900182,0,188,-188
107900183,171,60,111
107900184,352,804,-452
107900185,268,5,263
107900186,56,21,35
107900187,1,90,-89
107900188,1101,70,1031
107900189,120,433,-313
107900190,27,133,-106
107900191,75,58,17
107900193,6,119,-113
107900194,258,8,250
107900195,2836,187,2649
107900196,118,30,88
107900197,122,105,17
107900199,0,288,-288
107900201,87,28,59
107900203,39,36,3
107900204,87,110,-23
107900205,361,163,198
107900206,232,763,-531
107900207,0,150,-150
107900208,1,146,-145
107900209,488,171,317
107900210,50,44,6
107900213,417,125,292
107900214,10,68,-58
107900215,133,305,-172
107900216,1,9,-8
107900217,58,35,23
107900218,20,1112,-1092
107900219,276,18,258
107900220,122,94,28
107900221,43,93,-50
107900223,451,106,345
107900224,108,431,-323
107900225,14,203,-189
107900226,12,28,-16
107900227,108,140,-32
107900228,85,67,18
107900229,13,29,-16
107900230,88,7,81
107900231,51,43,8
107900232,472,22,450
107900233,5,10,-5
107900234,696,29,667
107900235,12,48,-36
107900236,803,40,763
107900237,40,170,-130
107900238,128,14,114
107900239,172,750,-578
107900240,138,16,122
107900241,6,31,-25
107900242,41,85,-44
107900243,0,21,-21
107900244,304,0,304
107900245,1669,76,1593
107900246,381,108,273
107900248,1422,87,1335
107900249,1918,251,1667
107900250,0,188,-188
107900251,39,246,-207
107900252,1245,88,1157
107900253,339,27,312
107900254,72,304,-232
107900255,253,22,231
107900256,906,2675,-1769
107900257,742,303,439
107900258,145,45,100
107900259,50,6138,-6088
107900261,0,120,-120
107900262,244,29,215
107900264,886,43,843
107900265,79,492,-413
107900267,729,12,717
107900268,8,1,7
107900269,0,3,-3
107900270,1,1,0
107900271,0,61,-61
107900272,13,54,-41
107900273,62,8,54
107900274,249,0,249
107900275,65,1,64
107900276,0,9,-9
107900277,0,14,-14
107900278,650,54,596
107900279,11,25,-14
107900280,3746,883,2863
107900281,1307,13717,-12410
107900282,33,1531,-1498
107900283,315,1110,-795
107900284,1396,444,952
107900285,338,45,293
107900286,14,24,-10
107900287,934,107,827
107900290,0,1338,-1338
107900291,604,17,587
107900292,125,81,44
107900293,83,88,-5
107900295,159,42,117
107900297,1,303,-302
107900298,513,318,195
107900299,1333,4989,-3656
107900300,49,404,-355
107900301,1104,820,284
107900302,100,33,67
107900303,782,234,548
107900304,1273,61,1212
107900305,681,10,671
107900306,1,60,-59
107900307,2,111,-109
107900308,264,102,162
107900309,22,1,21
107900310,28,1,27
107900311,231,254,-23
107900312,9,1,8
107900313,0,120,-120
107900314,0,177,-177
107900315,0,83,-83
107900316,48,3,45
107900317,154,17,137
107900318,10,223,-213
107900319,0,25,-25
107900320,2,60,-58
107900321,380,5,375
107900322,4,45,-41
107900323,4,89,-85
107900324,108,4,104
107900325,478,4,474
107900326,1706,164,1542
107900327,2,79,-77
107900328,8,0,8
107900329,2,147,-145
107900330,20,46,-26
107900331,938,25,913
107900332,923,5,918
107900333,192,14,178
107900334,4,26,-22
107900335,26,97,-71
107900336,27,73,-46
107900337,506,1839,-1333
107900338,4,40,-36
107900339,0,26,-26
107900340,1,209,-208
107900341,69,0,69
107900342,228,93,135
107900343,70,1,69
107900344,24,34,-10
107900345,152,45,107
107900346,23,0,23
107900347,28,0,28
107900348,2,0,2
107900349,30,9,21
107900350,1,68,-67
107900351,0,8,-8
108000001,6333,3447,2886
108000002,1142,1100,42
108000003,3114,1679,1435
108000004,7230,7440,-210
108000005,9379,4205,5174
108000006,2581,2012,569
108000007,7141,3466,3675
108000008,2223,2564,-341
108000009,7610,4836,2774
108000010,1901,2338,-437
108000011,15927,11266,4661
108000012,6126,7879,-1753
108000014,463,1608,-1145
108000015,1187,208,979
108000016,359,385,-26
108000017,1700,237,1463
108000018,2646,611,2035
108000019,921,354,567
108000020,1528,249,1279
108000021,245,814,-569
108000022,622,419,203
108000023,2687,373,2314
108000024,703,201,502
108000025,832,122,710
108000026,1530,114,1416
108000027,1489,114,1375
108000028,1045,124,921
108000029,1242,216,1026
108000030,806,110,696
108000031,264,435,-171
108000032,4299,540,3759
108000033,568,320,248
108000034,2741,608,2133
108000035,534,682,-148
108000036,622,396,226
108000037,4385,276,4109
108000038,6203,342,5861
108000039,529,626,-97
108000040,4065,1178,2887
108000041,404,931,-527
108000042,1092,110,982
108000043,232,142,90
108000044,1167,92,1075
108000045,171,135,36
108000046,3817,176,3641
108000047,308,257,51
108000048,121,405,-284
108000049,1219,195,1024
108000050,111,267,-156
108000051,418,362,56
108000052,265,147,118
108000053,611,334,277
108000054,285,371,-86
108000055,1526,321,1205
108000056,547,651,-104
108000057,922,1271,-349
108000058,2121,6956,-4835
108000059,1430,791,639
108000060,246,364,-118
108000061,84,149,-65
108000062,2212,531,1681
108000063,540,325,215
108000064,535,181,354
108000065,787,320,467
108000066,2505,1266,1239
108000067,4071,1064,3007
108000068,1607,287,1320
108000069,119,442,-323
108000070,3569,409,3160
108000071,461,495,-34
108000072,1833,475,1358
108000073,573,433,140
108000074,1171,311,860
108000075,260,184,76
108000076,1375,307,1068
108000077,404,271,133
108000078,4383,880,3503
108000079,439,389,50
108000080,3699,680,3019
108000081,613,854,-241
108000082,419,470,-51
108000083,3551,643,2908
108000084,389,757,-368
108000085,2076,733,1343
108000086,431,394,37
108000087,226,4002,-3776
108000088,470,6,464
108000089,413,437,-24
108000090,1526,38,1488
108000091,145,398,-253
108000092,906,116,790
108000093,377,317,60
108000094,2510,152,2358
108000095,322,225,97
108000096,1528,210,1318
108000097,297,451,-154
108000098,4650,1087,3563
108000099,331,47,284
108000100,84,201,-117
108000101,1821,1386,435
108000102,1286,2989,-1703
108000106,1490,1,1489
108000107,3,360,-357
108000108,1261,136,1125
108000109,3,278,-275
108000110,1134,220,914
108000111,339,527,-188
108000112,47,155,-108
108000113,369,117,252
108000115,401,203,198
108000117,355,257,98
108000118,16,344,-328
108000119,661,177,484
108000120,353,1416,-1063
108000121,448,293,155
108000122,1924,353,1571
108000123,2047,974,1073
108000124,563,1060,-497
108000125,1470,191,1279
108000126,537,575,-38
108000127,1261,1286,-25
108000128,1625,195,1430
108000129,360,833,-473
108000130,1066,392,674
108000131,1164,134,1030
108000132,481,284,197
108000133,2119,189,1930
108000134,744,164,580
108000135,2188,1133,1055
108000136,803,474,329
108000137,849,154,695
108000138,841,345,496
108000139,969,177,792
108000140,1262,9,1253
108000141,24,18,6
108000142,24,44,-20
108000143,61,8,53
108000144,250,10,240
108000145,112,9,103
108000146,270,12,258
108000147,40,7,33
108000148,271,2,269
108000149,4,13,-9
108000150,102,1,101
108000151,0,6,-6
108000152,122,93,29
108000153,2252,146,2106
108000154,38,2,36
108000155,161,22,139
108000156,343,90,253
108000157,217,3549,-3332
108000158,40,1455,-1415
108000159,100,165,-65
108000160,1712,2161,-449
108000161,1783,6921,-5138
108000165,5,742,-737
108000172,0,344,-344
108000173,389,3010,-2621
108000175,685,143,542
108000178,283,122,161
108000179,73,797,-724
108000181,128,8,120
108000182,65,10,55
108000183,2,3,-1
108000184,293,5073,-4780
108000185,703,67,636
108000186,680,68,612
108000187,236,247,-11
108000188,2302,347,1955
108000189,298,2822,-2524
108000190,39,52,-13
108000192,365,122,243
108000193,319,24,295
108000194,22,13,9
108000195,0,697,-697
108000196,222,1734,-1512
108000198,925,86,839
108000199,1,317,-316
108000200,1754,166,1588
108000202,1,456,-455
108000203,648,216,432
108000204,528,129,399
108000205,99,315,-216
108000339,560,261,299
108000364,87,148,-61
108000365,93,452,-359
108000367,97,100,-3
108000368,46,70,-24
108000369,482,58,424
108000371,3,344,-341
108000372,1221,1,1220
108000373,242,46,196
108000376,412,18,394
108000377,1622,102,1520
108000378,10468,16815,-6347
108000379,73,283,-210
108000381,442,23,419
108000382,85,1,84
108000383,2,245,-243
108900001,97,167,-70
108900002,140,31,109
108900003,280,282,-2
108900004,6,628,-622
108900005,76,433,-357
108900006,1249,209,1040
108900007,630,171,459
108900008,358,65,293
108900009,284,190,94
108900010,817,86,731
108900011,1337,130,1207
108900012,810,205,605
108900013,246,232,14
108900014,94,131,-37
108900015,0,66,-66
108900016,1,95,-94
108900017,206,482,-276
108900018,165,236,-71
108900019,31,202,-171
108900020,122,67,55
108900021,136,83,53
108900022,142,6,136
108900023,10,69,-59
108900024,78,22,56
108900025,698,27,671
108900026,33,43,-10
108900027,0,34,-34
108900028,229,63,166
108900029,148,228,-80
108900030,0,17,-17
108900031,265,63,202
108900032,4,90,-86
108900033,0,30,-30
108900034,3,33,-30
108900035,390,326,64
108900036,194,189,5
108900037,55,166,-111
108900038,1,53,-52
108900039,0,57,-57
108900040,17,37,-20
108900041,3211,3978,-767
108900042,0,329,-329
108900043,46,395,-349
108900044,0,116,-116
108900045,79,47,32
108900046,9,110,-101
108900047,0,123,-123
108900048,91,191,-100
108900049,645,4314,-3669
108900050,4,48,-44
108900051,1,32,-31
108900052,25,80,-55
108900053,96,809,-713
108900054,37,67,-30
108900055,30,345,-315
108900056,1,52,-51
108900057,0,46,-46
108900058,35,96,-61
108900059,2204,68,2136
108900060,88,84,4
108900061,25,10,15
108900062,18,78,-60
108900063,41,74,-33
108900064,859,34,825
108900065,46,55,-9
108900066,871,76,795
108900067,1,93,-92
108900068,20,51,-31
108900069,226,21,205
108900070,32,34,-2
108900071,404,23,381
108900072,1405,118,1287
108900073,25,111,-86
108900074,747,45,702
108900075,32,26,6
108900076,877,19,858
108900077,100,215,-115
108900078,121,17,104
108900079,435,44,391
108900080,4,1431,-1427
108900081,35,91,-56
108900082,137,26,111
108900083,2,310,-308
108900084,204,81,123
108900085,763,68,695
108900086,432,53,379
108900087,100,96,4
108900088,537,579,-42
108900089,14,81,-67
108900090,67,62,5
108900091,223,33,190
108900092,662,428,234
108900093,164,54,110
108900094,523,67,456
108900095,24,102,-78
108900096,209,15,194
108900097,409,56,353
108900098,926,2187,-1261
108900099,698,76,622
108900100,60,51,9
108900101,406,974,-568
108900102,7,2059,-2052
108900103,482,176,306
108900104,68,203,-135
108900105,9,4124,-4115
108900106,879,64,815
108900108,401,11,390
108900109,1996,80,1916
108900110,296,128,168
108900111,708,97,611
108900112,700,9,691
108900113,124,67,57
108900114,485,32,453
108900115,278,237,41
108900116,130,7,123
108900117,703,19,684
108900118,1738,29,1709
108900119,1011,35,976
108900120,790,254,536
108900121,423,77,346
108900122,539,19,520
108900123,604,59,545
108900124,1608,147,1461
108900125,1729,4,1725
108900126,319,127,192
108900127,512,18,494
108900128,455,36,419
108900129,2589,124,2465
108900130,1517,8,1509
108900131,1044,13,1031
108900132,997,70,927
108900133,628,17,611
108900134,1380,165,1215
108900135,766,16,750
108900136,15,3,12
108900137,603,1,602
108900138,1527,53,1474
108900139,1561,49,1512
108900140,1583,55,1528
108900141,1117,8,1109
108900142,58,30,28
108900143,244,2,242
108900144,309,0,309
108900145,543,38,505
108900146,157,1,156
108900147,754,0,754
108900148,61,11,50
108900149,272,125,147
108900150,381,3,378
108900151,36,1,35
108900152,270,16,254
108900153,300,46,254
108900154,10375,372,10003
108900155,748,65,683
108900156,359,4,355
108900157,26,168,-142
108900158,1281,101,1180
108900159,102,92,10
108900160,38,150,-112
108900161,129,690,-561
108900162,468,5,463
108900163,11,547,-536
108900164,61,33,28
108900165,53,55,-2
108900167,623,22257,-21634
108900168,3633,2097,1536
108900169,46,64,-18
108900171,2707,5385,-2678
108900172,249,91,158
108900173,71,178,-107
108900174,1386,346,1040
108900176,78,144,-66
108900177,2323,13885,-11562
108900178,1301,7977,-6676
108900179,294,2287,-1993
108900180,160,217,-57
108900182,95,634,-539
108900183,228,95,133
108900184,429,207,222
108900185,66,197,-131
108900186,82,252,-170
108900187,1748,33,1715
108900188,1762,44,1718
108900189,566,146,420
108900190,24,749,-725
108900191,142,354,-212
108900192,44,104,-60
108900193,8,13,-5
108900194,1,55,-54
108900195,134,55,79
108900196,11,120,-109
108900198,0,181,-181
108900199,341,251,90
108900200,1130,486,644
108900201,411,683,-272
108900203,732,147,585
108900204,656,6,650
108900205,376,20,356
108900206,901,165,736
108900207,512,565,-53
108900208,12,131,-119
108900209,90,255,-165
108900210,88,84,4
108900211,190,860,-670
108900212,112,2628,-2516
108900215,136,166,-30
108900216,232,540,-308
108900217,148,1,147
108900218,29,36,-7
108900219,19,12,7
108900220,32,15,17
108900221,24,90,-66
108900222,329,7,322
108900223,2,103,-101
108900224,14,122,-108
108900225,1,143,-142
108900226,1025,33,992
108900227,214,285,-71
108900230,53,156,-103
108900231,9,94,-85
108900232,1,51,-50
108900233,571,233,338
108900234,427,274,153
108900235,78,179,-101
108900236,57,155,-98
108900237,13,35,-22
108900240,206,46,160
108900241,100,31,69
108900245,8,3282,-3274
108900249,117,22,95
108900250,480,118,362
108900257,566,100,466
108900258,6,36,-30
108900259,16,28,-12
108900260,13,7,6
108900261,26,50,-24
108900262,92,85,7
108900263,11,119,-108
108900264,104,134,-30
108900265,428,446,-18
108900266,118,2884,-2766
108900267,2,662,-660
108900268,19,48,-29
108900269,274,26,248
108900270,321,14,307
108900271,139,13,126
108900272,858,18,840
108900273,165,671,-506
108900274,128,28,100
109000001,5370,6019,-649
109000002,711,4412,-3701
109000003,5195,536,4659
109000004,1023,2398,-1375
109000005,2474,448,2026
109000006,1247,976,271
109000007,3700,482,3218
109000008,1417,920,497
109000009,5342,812,4530
109000010,1287,1639,-352
109000011,9081,2025,7056
109000012,1761,1713,48
109000013,8226,7484,742
109000014,1665,1078,587
109000015,4705,19708,-15003
109000016,2821,1230,1591
109000017,5472,1056,4416
109000018,1387,1311,76
109000019,4371,1386,2985
109000020,1808,1027,781
109000023,236,9,227
109000024,4,289,-285
109000025,147,843,-696
109000026,456,256,200
109000027,48,585,-537
109000028,134,15,119
109000029,30,523,-493
109000030,292,317,-25
109000031,757,75,682
109000032,147,282,-135
109000033,1006,189,817
109000034,60,76,-16
109000035,65,15,50
109000036,57,270,-213
109000037,534,5267,-4733
109000038,221,97,124
109000039,1318,952,366
109000040,2747,24896,-22149
109000041,860,4565,-3705
109000042,822,3000,-2178
109000044,737,11,726
109000045,243,144,99
109000046,829,18,811
109000047,141,204,-63
109000048,519,173,346
109000049,236,317,-81
109000050,414,265,149
109000051,305,139,166
109000052,552,473,79
109000053,643,151,492
109000054,119,779,-660
109000055,1049,1826,-777
109000056,262,432,-170
109000057,2195,563,1632
109000058,175,72,103
109000059,73,1061,-988
109000060,127,481,-354
109000061,350,2830,-2480
109000062,237,480,-243
109000063,333,116,217
109000064,1086,97,989
109000065,659,174,485
109000066,1007,53,954
109000067,258,178,80
109000068,719,23,696
109000069,610,10,600
109000070,19,2123,-2104
109000071,588,78,510
109000072,100,184,-84
109000073,143,78,65
109000074,19,146,-127
109000075,76,147,-71
109000076,140,423,-283
109000077,294,90,204
109000078,293,172,121
109000079,188,57,131
109000080,528,58,470
109000081,378,211,167
109000082,1919,78,1841
109000083,608,250,358
109000088,216,119,97
109000089,524,158,366
109000090,116,140,-24
109000091,1003,134,869
109000092,125,80,45
109000093,706,77,629
109000094,2021,19,2002
109000095,486,140,346
109000096,2002,122,1880
109000097,60,40,20
109000098,97,148,-51
109000099,1546,96,1450
109000100,706,289,417
109000101,3420,310,3110
109000102,849,245,604
109000103,1419,270,1149
109000104,5616,121,5495
109000105,706,336,370
109000106,3494,277,3217
109000107,787,613,174
109000108,4689,416,4273
109000109,550,605,-55
109000110,2156,414,1742
109000111,635,957,-322
109000112,526,73,453
109000113,862,468,394
109000114,104,517,-413
109000115,776,16,760
109000116,12,356,-344
109000117,510,26,484
109000118,27,231,-204
109000119,3992,74,3918
109000120,957,197,760
109000121,1441,42,1399
109000122,487,218,269
109000123,55,23,32
109000124,1868,292,1576
109000125,1494,317,1177
109000126,711,507,204
109000127,2423,95,2328
109000128,818,311,507
109000129,6027,317,5710
109000130,454,294,160
109000131,1275,789,486
109000132,402,554,-152
109000133,268,339,-71
109000134,480,481,-1
109000135,367,656,-289
109000136,399,213,186
109000137,357,157,200
109000138,408,137,271
109000139,1280,269,1011
109000140,168,262,-94
109000141,912,675,237
109000142,165,276,-111
109000143,275,161,114
109000145,114,203,-89
109000146,4,34,-30
109000148,1548,3341,-1793
109000149,14,74,-60
109000150,32,202,-170
109000155,1632,1113,519
109000156,757,219,538
109000158,22,282,-260
109000159,137,290,-153
109000160,3201,121,3080
109000161,1419,582,837
109000162,3413,230,3183
109000163,2786,515,2271
109000164,2394,1102,1292
109000165,2565,364,2201
109000166,2213,76,2137
109000167,179,208,-29
109000170,25,34,-9
109000171,193,17,176
109000172,26,67,-41
109000173,20,263,-243
109000174,569,28,541
109000175,26,30,-4
109000176,838,104,734
109000177,28,57,-29
109000178,2103,161,1942
109000179,3077,10666,-7589
109000180,2933,5121,-2188
109000181,56,4,52
109000182,57,15,42
109000183,126,1,125
109000184,120,7,113
109000185,14,10,4
109000188,721,2994,-2273
109000189,5609,3422,2187
109000190,1171,340,831
109000191,396,1037,-641
109000192,1306,56,1250
109000193,675,53,622
109000194,654,18,636
109000195,482,43,439
109000196,412,26,386
109000197,537,117,420
109000198,510,67,443
109000199,508,162,346
109000206,233,4,229
109000207,411,10,401
109000208,157,149,8
109000209,326,67,259
109000210,365,243,122
109000211,3145,358,2787
109000214,612,99,513
109000215,176,33,143
109000216,443,532,-89
109000217,179,237,-58
109000218,369,321,48
109000221,206,246,-40
109000222,819,140,679
109000223,1273,633,640
109000224,245,52,193
109000225,462,13,449
109000226,175,99,76
109000227,4092,320,3772
109000228,1,376,-375
109000231,4,97,-93
109000232,1937,130,1807
109000236,326,316,10
109000241,2379,446,1933
109000242,1799,276,1523
109000293,139,157,-18
109000361,219,108,111
109000364,118,698,-580
109000396,11,168,-157
109000397,1321,24,1297
109000399,181,201,-20
109000400,143,143,0
109000403,16,1945,-1929
109000406,1767,1,1766
109000407,214,66,148
109000408,0,267,-267
109000410,1318,192,1126
109000411,666,33,633
109900001,275,3,272
109900002,1429,12,1417
109900003,1397,7,1390
109900004,288,78,210
109900005,48,15,33
109900006,1616,72,1544
109900007,2930,116,2814
109900008,1,0,1
109900009,312,292,20
109900010,1362,84,1278
109900011,31,15,16
109900012,628,256,372
109900013,790,125,665
109900014,298,86,212
109900015,200,24,176
109900016,126,14,112
109900017,354,79,275
109900018,265,28,237
109900019,209,72,137
109900020,99,21,78
109900021,129,9,120
109900022,132,86,46
109900023,46,1,45
109900024,14,1,13
109900025,8,154,-146
109900026,1,61,-60
109900027,46,21,25
109900028,478,5041,-4563
109900029,1,95,-94
109900030,77,0,77
109900031,2,882,-880
109900032,43,110,-67
109900033,3,254,-251
109900034,14,2,12
109900035,326,261,65
109900036,102,589,-487
109900037,24,199,-175
109900038,85,120,-35
109900039,3,0,3
109900040,23,162,-139
109900041,96,262,-166
109900042,46,1874,-1828
109900044,131,553,-422
109900045,84,7,77
109900046,122,65,57
109900047,218,262,-44
109900048,4,52,-48
109900049,82,23,59
109900050,0,5,-5
109900051,0,6,-6
109900052,126,595,-469
109900053,0,59,-59
109900054,2244,115,2129
109900055,318,233,85
109900056,245,491,-246
109900057,2,60,-58
109900058,0,27,-27
109900059,2853,68,2785
109900060,1769,74,1695
109900061,122,81,41
109900062,0,71,-71
109900063,15,472,-457
109900064,1225,72,1153
109900065,73,62,11
109900066,450,225,225
109900067,3,93,-90
109900068,170,8,162
109900069,2,23,-21
109900070,35,55,-20
109900071,2,5,-3
109900072,4,20,-16
109900073,1221,195,1026
109900074,4,9,-5
109900075,81,125,-44
109900076,42,46,-4
109900077,11,37,-26
109900078,220,35,185
109900080,116,81,35
109900081,1,166,-165
109900082,76,100,-24
109900083,9,10,-1
109900084,72,167,-95
109900085,66,140,-74
109900086,141,1706,-1565
109900087,40,283,-243
109900089,1255,129,1126
109900090,178,304,-126
109900091,955,452,503
109900092,457,350,107
109900093,1955,150,1805
109900094,70,46,24
109900095,52,58,-6
109900096,198,2,196
109900097,370,0,370
109900098,1358,65,1293
109900099,801,5,796
109900100,196,1,195
109900101,1917,2,1915
109900102,1066,26,1040
109900103,52,123,-71
109900104,2401,74,2327
109900105,1049,12,1037
109900106,689,19,670
109900107,1447,27,1420
109900108,246,137,109
109900109,37,80,-43
109900110,50,108,-58
109900111,78,239,-161
109900112,99,140,-41
109900113,1255,435,820
109900114,445,1455,-1010
109900115,257,106,151
109900117,2988,64,2924
109900118,175,85,90
109900119,146,181,-35
109900120,129,19,110
109900121,217,80,137
109900122,1882,5,1877
109900123,14,42,-28
109900124,27,79,-52
109900125,0,79,-79
109900126,931,7,924
109900128,693,68,625
109900130,2767,5547,-2780
109900131,19,45,-26
109900132,10,37,-27
109900133,156,96,60
109900134,102,91,11
109900135,387,27,360
109900136,101,67,34
109900137,468,122,346
109900140,138,104,34
109900142,4690,446,4244
109900145,7,882,-875
109900146,109,52,57
109900148,8,23,-15
109900149,5,14,-9
109900150,3,17,-14
109900151,0,8,-8
109900152,1,7,-6
109900153,0,33,-33
109900154,7,0,7
109900155,59,37,22
109900157,136,63,73
109900158,102,31,71
109900159,75,18,57
109900160,296,30,266
109900161,701,33,668
109900162,455,32,423
109900163,291,100,191
109900164,68,151,-83
109900165,438,1,437
109900166,0,446,-446
109900167,222,277,-55
109900168,82,259,-177
109900169,356,138,218
109900170,436,2370,-1934
109900171,827,122,705
109900172,735,765,-30
109900173,2144,3827,-1683
109900174,93,97,-4
109900175,200,566,-366
109900176,214,119,95
109900177,15,56,-41
109900178,1,267,-266
109900179,2,28,-26
109900180,7,13,-6
110000001,917,215,702
110000002,755,427,328
110000003,741,553,188
110000004,286,422,-136
110000005,243,3031,-2788
110000006,442,315,127
110000007,161,35,126
110000008,20,490,-470
110000009,86,4,82
110000010,70,221,-151
110000011,112,37,75
110000012,970,118,852
110000013,55,901,-846
110000014,635,404,231
110000015,155,760,-605
110000016,443,1861,-1418
110000017,2477,261,2216
110000018,2639,594,2045
110000019,22,56,-34
110000020,971,505,466
110000021,157,168,-11
110000022,2546,121,2425
110000023,10,68,-58
110000024,892,187,705
110000025,2493,5,2488
110000026,3,174,-171
110000027,720,1319,-599
110000028,1587,213,1374
110000029,927,310,617
110000030,641,550,91
110000031,590,208,382
110000032,1748,84,1664
110000033,388,185,203
110000034,1551,373,1178
110000035,1308,350,958
110000036,2627,450,2177
110000037,692,165,527
110000038,574,1332,-758
110000039,1258,11695,-10437
110000040,470,343,127
110000041,454,3723,-3269
110000042,73,392,-319
110000043,734,553,181
110000044,26,387,-361
110000045,106,88,18
110000046,2,112,-110
110000047,12,41,-29
110000048,0,138,-138
110000049,9,18,-9
110000050,2,110,-108
110000051,13,27,-14
110000052,68,37,31
110000053,9,8,1
110000054,96,1179,-1083
110000055,139,351,-212
110000056,100,258,-158
110000057,477,229,248
110000058,2502,285,2217
110000059,1028,483,545
110000060,1600,739,861
110000061,562,442,120
110000062,718,547,171
110000063,107,518,-411
110000064,227,23,204
110000065,258,335,-77
110000066,138,14,124
110000067,111,75,36
110000068,846,73,773
110000069,1503,16,1487
110000071,1468,19,1449
110000073,55,2,53
110000075,52,135,-83
110000076,652,1004,-352
110000077,263,2536,-2273
110000078,211,10,201
110000080,177,289,-112
110000081,54,482,-428
110000082,45,707,-662
110000083,352,263,89
110000084,2236,1934,302
110000085,793,1834,-1041
110000086,748,2562,-1814
110000087,51,49,2
110000088,224,356,-132
110000089,865,31,834
110000090,122,801,-679
110000091,699,178,521
110000092,39,39,0
110000093,83,19,64
110000094,669,160,509
110000095,138,737,-599
110000096,1183,3611,-2428
110000097,949,2006,-1057
110000098,2844,560,2284
110000099,1712,1690,22
110000100,3606,88,3518
110000101,454,98,356
110000102,127,45,82
110000104,620,331,289
110000105,67,808,-741
110000106,861,602,259
110000107,167,305,-138
110000108,193,266,-73
110000109,260,166,94
110000110,1712,3603,-1891
110000111,3321,3208,113
110000112,156,1339,-1183
110000113,60,4251,-4191
110000114,1166,1061,105
110000115,1544,179,1365
110000116,141,135,6
110000117,1260,162,1098
110000118,1495,147,1348
110000119,1410,99,1311
110000120,609,131,478
110000121,127,802,-675
110000122,326,107,219
110000123,834,265,569
110000124,1,455,-454
110000125,1600,3,1597
110000126,412,57,355
110000127,1737,85,1652
110000128,26,495,-469
110000129,1,176,-175
110000130,357,297,60
110000131,59,70,-11
110000132,0,170,-170
110000133,45,460,-415
110000134,72,405,-333
110000135,317,22,295
110000136,118,92,26
110000137,1360,140,1220
110000138,1806,224,1582
110000139,2554,237,2317
110000140,937,800,137
110000143,912,437,475
110000144,1791,1614,177
110000145,2008,1344,664
110000146,1330,767,563
110000147,326,1014,-688
110000148,1145,288,857
110000151,693,970,-277
110000152,303,430,-127
110000153,1085,38,1047
110000154,106,113,-7
110000155,738,1250,-512
110000156,1136,833,303
110000157,1045,2232,-1187
110000160,618,232,386
110000161,308,229,79
110000166,1868,63,1805
110000167,3233,1035,2198
110000168,743,1524,-781
110000169,922,668,254
110000170,370,222,148
110000171,795,145,650
110000172,479,356,123
110000173,496,355,141
110000174,160,201,-41
110000175,2523,299,2224
110000176,44,1907,-1863
110000177,320,3219,-2899
110000178,428,5184,-4756
110000179,1532,455,1077
110000180,1067,334,733
110000181,2081,244,1837
110000182,934,101,833
110000183,5915,10683,-4768
110000184,348,5023,-4675
110000185,516,903,-387
110000186,516,1932,-1416
110000191,2021,79,1942
110000192,1631,35,1596
110000193,2265,12,2253
110000194,5,1533,-1528
110000195,1025,74,951
110000196,1283,115,1168
110000197,234,39,195
110000198,106,50,56
110000199,163,347,-184
110000200,800,2147,-1347
110000201,1646,3408,-1762
110000202,1623,471,1152
110000203,412,558,-146
110000204,5,118,-113
110000205,693,64,629
110000206,377,343,34
110000207,2867,179,2688
110000208,240,392,-152
110000209,45,239,-194
110000210,2022,631,1391
110000211,1107,599,508
110000212,864,2112,-1248
110000213,910,26,884
110000214,853,60,793
110000215,325,78,247
110000216,279,101,178
110000217,1119,84,1035
110000218,500,92,408
110000219,838,33,805
110000220,75,60,15
110000221,960,24,936
110000222,58,93,-35
110000223,49,78,-29
110000224,4,6,-2
110000225,284,768,-484
110000226,580,107,473
110000227,1060,1231,-171
110000228,504,87,417
110000229,0,102,-102
110000230,695,539,156
110000231,444,963,-519
110000232,219,390,-171
110000233,175,1148,-973
110000234,437,724,-287
110000235,1329,1039,290
110000236,1160,694,466
110000237,3619,1842,1777
110000238,1328,662,666
110000239,3024,784,2240
110000240,2,26,-24
110000242,0,18,-18
110000243,487,113,374
110000244,117,391,-274
110000245,33,411,-378
110000246,2311,779,1532
110000247,1585,2312,-727
110000248,1427,472,955
110000249,308,7,301
110000250,33,287,-254
110000251,743,194,549
110000252,977,229,748
110000253,3905,349,3556
110000254,1514,325,1189
110000255,267,387,-120
110000256,846,239,607
110000257,332,293,39
110000258,6,453,-447
110000259,659,21,638
110000260,189,72,117
110000263,1200,42,1158
110000264,1428,286,1142
110000265,1723,1587,136
110000266,1250,1620,-370
110000267,46,102,-56
110000268,329,141,188
110000269,9,99,-90
110000270,224,0,224
110000271,1503,196,1307
110000272,1345,1097,248
110000273,1907,861,1046
110000274,622,5531,-4909
110000275,2211,1184,1027
110000276,332,1626,-1294
110000277,755,1376,-621
110000278,772,1205,-433
110000279,1162,424,738
110000280,1162,429,733
110000281,161,98,63
110000282,178,28,150
110000283,9,97,-88
110000284,11,13,-2
110000285,1,187,-186
110000286,45,0,45
110000287,260,10,250
110000288,2,153,-151
110000289,478,3978,-3500
110000290,304,1428,-1124
110000291,3235,936,2299
110000292,1040,12837,-11797
110000293,980,739,241
110000294,2388,3878,-1490
110000295,276,544,-268
110000296,1313,396,917
110000297,4521,126,4395
110000298,132,474,-342
110000299,201,67,134
110000301,547,23,524
110000302,1189,3568,-2379
110000303,1165,34,1131
110000304,522,667,-145
110000305,2496,67,2429
110000306,758,647,111
110000307,5577,25,5552
110000308,1122,2,1120
110000309,0,1067,-1067
110000310,1814,32,1782
110000311,3,297,-294
110000312,995,76,919
110000313,3865,1139,2726
110000314,2,65,-63
110000315,1801,1340,461
110000316,439,1058,-619
110000317,252,1267,-1015
110000318,1,138,-137
110000319,12,30,-18
110000320,24,71,-47
110000321,104,95,9
110000322,249,442,-193
110000323,1547,166,1381
110000324,2140,1103,1037
110000325,1685,7832,-6147
110000327,741,246,495
110000328,81,444,-363
110000333,1779,2521,-742
110000334,406,2050,-1644
110000335,1024,355,669
110000336,539,1729,-1190
110000337,3023,1001,2022
110000338,536,1563,-1027
110000339,970,238,732
110000340,99,251,-152
110000341,1121,323,798
110000342,141,7,134
110000343,1,9,-8
110000344,60,1946,-1886
110000345,155,2366,-2211
110000346,1758,2377,-619
110000347,1855,687,1168
110000348,70,20,50
110000349,15,6,9
110000350,203,5,198
110000351,2259,339,1920
110000352,1043,2692,-1649
110000353,3052,326,2726
110000354,1718,7009,-5291
110000355,438,52,386
110000356,737,24,713
110000357,1423,15,1408
110000361,225,11,214
110000362,552,14,538
110000363,1464,67,1397
110000364,594,184,410
110000365,122,0,122
110000366,0,185,-185
110000367,1046,228,818
110000368,29,72,-43
110000369,130,33,97
110000373,5,1151,-1146
110000374,165,43,122
110000375,270,1067,-797
110000376,35,81,-46
110000377,107,272,-165
110000378,21,450,-429
110000379,2126,3540,-1414
110000380,371,12,359
110000383,0,533,-533
110000384,1492,128,1364
110000385,1,85,-84
110000387,620,5,615
110000388,144,135,9
110000389,1356,13,1343
110000391,1633,1033,600
110000396,565,213,352
110000397,146,48,98
110000398,8,25,-17
110000399,517,7,510
110000587,298,603,-305
110000589,309,77,232
110000640,302,8,294
110000652,4,428,-424
110000653,789,231,558
110000654,3,191,-188
110000656,0,184,-184
110000674,115,9,106
110000675,10,21,-11
110000676,0,40,-40
110000679,124,1181,-1057
110000682,281,303,-22
110000683,369,142,227
110000684,0,43,-43
110000685,7,37,-30
110000686,5,194,-189
110000687,14,1,13
110000688,70,2033,-1963
110000689,41,7,34
110000692,14,127,-113
110000693,12,388,-376
110000694,1,104,-103
110000695,119,589,-470
110000696,181,13,168
110900001,711,58,653
110900002,458,181,277
110900003,3252,132,3120
110900004,1280,31,1249
110900005,1694,9958,-8264
110900006,164,135,29
110900007,605,361,244
110900008,5,6,-1
110900009,542,1438,-896
110900010,1,6,-5
110900011,1,31,-30
110900012,4,38,-34
110900013,2279,113,2166
110900014,561,80,481
110900015,251,740,-489
110900016,155,71,84
110900017,1026,26,1000
110900018,771,11,760
110900019,1122,26,1096
110900020,614,34,580
110900021,252,169,83
110900022,47,79,-32
110900023,72,164,-92
110900024,282,82,200
110900025,7,48,-41
110900027,129,51,78
110900028,15,42,-27
110900029,36,80,-44
110900030,30,57,-27
110900031,1,96,-95
110900032,0,24,-24
110900033,22,116,-94
110900035,53,485,-432
110900036,202,5,197
110900037,318,2,316
110900038,371,237,134
110900039,0,265,-265
110900040,504,9,495
110900041,25,26,-1
110900042,217,83,134
110900043,2,35,-33
110900044,318,52,266
110900045,338,174,164
110900046,10,79,-69
110900047,170,1017,-847
110900049,263,53,210
110900050,122,0,122
110900051,73,30,43
110900052,4,417,-413
110900053,589,29,560
110900054,40,571,-531
110900055,29,1,28
110900056,81,51,30
110900057,8,217,-209
110900058,794,71,723
110900059,500,166,334
110900060,403,89,314
110900061,27,42,-15
110900062,389,101,288
110900063,45,76,-31
110900064,18,0,18
110900065,42,50,-8
110900066,14,71,-57
110900067,148,874,-726
110900068,257,66,191
110900069,4,0,4
110900070,173,14,159
110900071,136,2297,-2161
110900073,0,2,-2
110900074,1419,108,1311
110900075,1253,98,1155
110900077,3138,419,2719
110900078,483,31,452
110900079,873,921,-48
110900080,384,96,288
110900081,23,6,17
110900082,384,29,355
110900083,268,23,245
110900084,390,13,377
110900085,49,74,-25
110900086,74,288,-214
110900087,773,391,382
110900088,6,1,5
110900090,97,254,-157
110900091,0,13,-13
110900093,344,86,258
110900095,106,27,79
110900097,65,8,57
110900098,45,17,28
110900099,45,116,-71
110900100,0,5,-5
110900102,136,61,75
110900105,1124,54,1070
110900108,35,15,20
110900111,1821,50,1771
110900112,889,4,885
110900113,515,188,327
110900115,2,19,-17
110900116,3247,903,2344
110900118,107,6202,-6095
110900119,1512,94,1418
110900120,413,66,347
110900121,111,2,109
110900122,659,145,514
110900125,314,1833,-1519
110900127,354,1359,-1005
110900128,34,156,-122
110900129,137,1098,-961
110900130,174,263,-89
110900131,794,889,-95
110900132,1047,54,993
110900133,143,1234,-1091
110900135,81,89,-8
110900136,630,28,602
110900137,1,0,1
110900138,186,344,-158
110900139,0,54,-54
110900140,6,0,6
110900141,2,257,-255
110900142,78,92,-14
110900143,527,12,515
110900144,0,142,-142
110900145,531,228,303
110900146,124,755,-631
110900147,301,557,-256
110900148,1,347,-346
110900149,3,18,-15
110900150,71,20,51
110900151,3,75,-72
110900152,32,59,-27
110900153,263,21,242
111000001,1692,795,897
111000002,721,527,194
111000003,4120,1728,2392
111000004,807,921,-114
111000005,1197,2182,-985
111000006,800,2059,-1259
111000007,4772,8071,-3299
111000008,3375,5750,-2375
111000009,358,785,-427
111000010,2814,544,2270
111000011,117,776,-659
111000012,497,665,-168
111000013,583,1535,-952
111000014,3494,989,2505
111000017,48,693,-645
111000018,223,391,-168
111000020,400,1097,-697
111000021,37,147,-110
111000023,119,610,-491
111000025,3005,5789,-2784
111000029,125,86,39
111000030,20,32,-12
111000031,1771,849,922
111000032,821,1168,-347
111000033,373,19,354
111000034,100,168,-68
111000037,1127,296,831
111000038,2138,1121,1017
111000039,2399,965,1434
111000040,1952,822,1130
111000041,560,518,42
111000042,2071,2363,-292
111000043,1953,8687,-6734
111000044,2342,573,1769
111000045,5110,1083,4027
111000046,4252,974,3278
111000047,3846,8641,-4795
111000049,545,217,328
111000050,1449,440,1009
111000051,899,806,93
111000052,722,2105,-1383
111000053,269,266,3
111000054,278,433,-155
111000055,693,1514,-821
111000056,227,1268,-1041
111000057,150,178,-28
111000058,1539,109,1430
111000059,1103,529,574
111000060,8584,1237,7347
111000061,1436,246,1190
111000062,1727,640,1087
111000063,1503,1672,-169
111000064,1482,335,1147
111000065,1856,475,1381
111000066,1501,200,1301
111000067,2596,215,2381
111000068,1522,247,1275
111000069,1677,1726,-49
111000070,566,391,175
111000071,455,138,317
111000072,2435,998,1437
111000073,201,2147,-1946
111000074,2977,1973,1004
111000075,1073,360,713
111000076,1263,624,639
111000077,1297,570,727
111000078,2167,429,1738
111000079,1067,541,526
111000080,939,492,447
111000081,1376,9410,-8034
111000082,1391,328,1063
111000084,1144,301,843
111000085,1820,845,975
111000086,2574,897,1677
111000087,907,428,479
111000088,4509,6771,-2262
111000089,1317,453,864
111000090,631,530,101
111000091,972,229,743
111000092,3572,694,2878
111000093,1532,2338,-806
111000094,2636,1182,1454
111000095,1516,4063,-2547
111000096,1267,10897,-9630
111000097,2292,699,1593
111000098,293,575,-282
111000099,581,976,-395
111000100,893,767,126
111000101,382,411,-29
111000102,575,265,310
111000104,1919,102,1817
111000107,167,235,-68
111000109,1612,248,1364
111000110,1997,510,1487
111000111,6981,167,6814
111000112,3729,331,3398
111000113,1078,4091,-3013
111000114,1604,8871,-7267
111000115,2939,922,2017
111000116,830,529,301
111000117,286,940,-654
111000118,807,1374,-567
111000119,2843,386,2457
111000120,1021,688,333
111000121,391,1001,-610
111000122,627,407,220
111000123,1822,898,924
111000124,630,1338,-708
111000125,464,1399,-935
111000126,167,370,-203
111000127,2474,135,2339
111000128,5462,312,5150
111000129,5964,300,5664
111000130,5693,307,5386
111000131,5348,308,5040
111000132,3556,3177,379
111000133,166,45,121
111000134,214,27,187
111000135,139,151,-12
111000136,590,182,408
111000138,115,2,113
111000140,18,4,14
111000141,174,344,-170
111000142,1,93,-92
111000143,5,143,-138
111000144,3,261,-258
111000145,39,1,38
111000146,224,5,219
111000147,125,27,98
111000148,230,104,126
111000149,3,23,-20
111000150,226,4,222
111000151,2,219,-217
111000153,465,250,215
111000154,432,117,315
111000155,266,87,179
111000156,850,204,646
111000157,502,312,190
111000158,1699,484,1215
111000159,2517,831,1686
111000160,937,91,846
111000161,11,251,-240
111000162,12,39,-27
111000163,1625,834,791
111000164,406,2863,-2457
111000165,778,159,619
111000166,327,98,229
111000167,115,221,-106
111000168,200,195,5
111000169,517,145,372
111000170,385,213,172
111000171,682,276,406
111000172,411,287,124
111000173,402,311,91
111000174,705,84,621
111000175,28,733,-705
111000176,1362,29,1333
111000177,2407,92,2315
111000178,3178,150,3028
111000179,559,42,517
111000180,298,179,119
111000181,3360,190,3170
111000182,407,346,61
111000183,338,1771,-1433
111000184,491,95,396
111000185,309,545,-236
111000186,304,1749,-1445
111000187,345,92,253
111000188,548,350,198
111000189,232,163,69
111000190,476,95,381
111000191,408,158,250
111000192,260,234,26
111000193,295,107,188
111000194,104,258,-154
111000195,309,518,-209
111000196,165,97,68
111000197,1440,86,1354
111000198,887,55,832
111000199,843,491,352
111000200,1422,870,552
111000201,1808,58,1750
111000202,825,127,698
111000203,649,312,337
111000204,300,2727,-2427
111000213,426,207,219
111000214,1672,1027,645
111000215,1451,529,922
111000217,2772,459,2313
111000218,3672,836,2836
111000219,401,88,313
111000220,845,601,244
111000221,164,91,73
111000224,21,153,-132
111000225,516,385,131
111000226,425,4,421
111000227,10,0,10
111000228,3,937,-934
111000229,18,2367,-2349
111000230,266,104,162
111000231,1583,246,1337
111000232,1732,1953,-221
111000233,3142,277,2865
111000234,318,700,-382
111000239,85,31,54
111000240,77,820,-743
111000241,96,119,-23
111000242,612,85,527
111000243,431,410,21
111000244,2385,571,1814
111000245,900,679,221
111000246,1143,84,1059
111000247,1104,436,668
111000248,1231,108,1123
111000249,618,104,514
111000250,136,11,125
111000251,149,65,84
111000253,34,22,12
111000255,136,2,134
111000257,99,6,93
111000260,187,440,-253
111000261,3515,75,3440
111000271,143,302,-159
111000273,2479,759,1720
111000274,1312,3565,-2253
111000275,199,12,187
111000276,289,492,-203
111000277,312,179,133
111000278,459,131,328
111000291,1701,22381,-20680
111000298,873,148,725
111000299,1202,116,1086
111000300,112,251,-139
111000302,577,24,553
111000303,224,69,155
111000312,136,53,83
111000315,15,61,-46
111000320,371,142,229
111000321,628,211,417
111000322,1142,121,1021
111000323,566,102,464
111000324,214,87,127
111000325,57,32,25
111000326,317,233,84
111000327,481,268,213
111000328,525,647,-122
111000329,0,15,-15
111000330,405,5,400
111000331,119,2,117
111000332,428,641,-213
111000334,173,705,-532
111000335,2460,542,1918
111000337,4240,222,4018
111000338,286,56,230
111000339,1779,93,1686
111000340,140,1611,-1471
111000341,3427,2384,1043
111000342,43,652,-609
111000344,1835,341,1494
111000345,96,107,-11
111000346,22,87,-65
111000347,406,12,394
111000350,304,148,156
111000351,188,715,-527
111000352,250,100,150
111000353,148,238,-90
111000354,830,122,708
111000355,699,394,305
111000358,154,389,-235
111000360,303,127,176
111000361,311,124,187
111000546,2237,467,1770
111000547,921,811,110
111000548,608,204,404
111000549,463,87,376
111000550,18,1907,-1889
111000551,257,57,200
111000552,643,210,433
111000907,3766,25,3741
111000908,108,3,105
111000916,5820,417,5403
111000917,127,457,-330
111000918,299,219,80
111000920,1885,5,1880
111000921,0,45,-45
111000922,2339,115,2224
111000924,100,184,-84
111000925,7176,3236,3940
111000926,1656,3387,-1731
111000927,2015,6375,-4360
111000928,5243,2276,2967
111000929,2444,1234,1210
111000930,1956,4868,-2912
111000931,2298,921,1377
111000932,2652,1354,1298
111000933,3142,3489,-347
111000934,1567,989,578
111000935,4478,1325,3153
111000936,2097,839,1258
111000937,1771,1474,297
111000938,2226,1054,1172
111000939,1712,28,1684
111000940,2332,33,2299
111000941,770,220,550
111000943,1233,87,1146
111000944,331,155,176
111000945,538,1227,-689
111001109,851,1537,-686
111001110,278,296,-18
111001111,572,9,563
111001112,128,1,127
111001113,0,274,-274
111001114,822,109,713
111001115,18,631,-613
111001116,2651,9807,-7156
111001117,285,4620,-4335
111001120,130,208,-78
111001121,442,64,378
111001122,432,88,344
111001123,808,110,698
111001124,139,69,70
111001125,8,476,-468
111900001,145,14,131
111900002,267,73,194
111900003,11,85,-74
111900004,11,35,-24
111900006,133,167,-34
111900007,785,2,783
111900008,919,2,917
111900009,692,10,682
111900010,29,134,-105
111900012,42,29,13
111900013,113,7,106
111900014,1656,11616,-9960
111900015,0,10,-10
111900016,0,24,-24
111900017,0,29,-29
111900018,260,11,249
111900019,4,107,-103
111900020,0,4,-4
111900021,3,8,-5
111900022,8,20,-12
111900023,44,24,20
111900024,125,386,-261
111900025,0,14,-14
111900026,0,26,-26
111900027,3,49,-46
111900028,0,39,-39
111900029,8,12,-4
111900030,13,211,-198
111900031,39,68,-29
111900032,2,76,-74
111900033,12,8,4
111900034,29,185,-156
111900035,132,1649,-1517
111900036,0,63,-63
111900038,39,124,-85
111900039,25,310,-285
111900040,3,110,-107
111900042,12,29,-17
111900043,0,148,-148
111900044,25,107,-82
111900046,8,72,-64
111900048,929,614,315
111900049,3,45,-42
111900050,425,12,413
111900051,3,73,-70
111900052,102,66,36
111900053,497,4148,-3651
111900054,834,0,834
111900055,1,53,-52
111900056,91,490,-399
111900057,458,5,453
111900058,1776,275,1501
111900059,1068,1549,-481
111900060,785,2,783
111900061,2,38,-36
111900062,114,465,-351
111900063,671,54,617
111900064,12,46,-34
111900065,410,66,344
111900066,192,134,58
111900067,0,119,-119
111900068,65,162,-97
111900069,177,23,154
111900070,420,42,378
111900071,0,63,-63
111900072,56,98,-42
111900073,2573,279,2294
111900074,2,78,-76
111900075,57,8,49
111900076,884,162,722
111900077,52,3,49
111900078,1020,113,907
111900079,37,109,-72
111900080,80,170,-90
111900082,493,79,414
111900083,594,75,519
111900084,412,38,374
111900085,40,75,-35
111900086,321,19,302
111900087,227,6,221
111900088,1784,66,1718
111900089,141,1,140
111900090,55,173,-118
111900091,1618,11,1607
111900092,349,0,349
111900093,1164,49,1115
111900094,228,0,228
111900095,938,71,867
111900096,418,3,415
111900097,219,0,219
111900098,1136,30,1106
111900099,147,0,147
111900100,278,6,272
111900101,649,11,638
111900102,1553,1394,159
111900103,44,99,-55
111900104,140,13,127
111900105,165,367,-202
111900106,183,12,171
111900110,3291,162,3129
111900111,548,6,542
111900112,156,8583,-8427
111900113,374,82,292
111900118,1108,111,997
111900119,276,155,121
111900122,14,30,-16
111900123,11,18,-7
111900124,25,19,6
111900125,1509,167,1342
111900126,1544,10,1534
111900127,2,141,-139
111900128,32,148,-116
111900129,715,6,709
111900130,268,50,218
111900131,1443,0,1443
111900132,24,325,-301
111900133,2,142,-140
111900134,3,62,-59
111900135,3,21,-18
111900136,23,81,-58
111900137,27,8,19
111900138,3,29,-26
111900139,31,33,-2
111900140,210,22,188
111900141,173,2,171
111900142,134,3,131
111900143,884,165,719
111900144,29,77,-48
111900145,0,132,-132
111900146,0,62,-62
111900147,12,193,-181
111900148,8,462,-454
111900149,4,181,-177
111900150,15,34,-19
111900151,4,24,-20
111900152,81,49,32
111900153,401,660,-259
111900154,40,1399,-1359
111900155,74,333,-259
111900156,67,44,23
111900157,271,25,246
111900158,1018,110,908
111900159,1031,164,867
111900160,723,11,712
111900161,644,2,642
111900162,124,732,-608
111900163,27,66,-39
111900164,259,54,205
111901113,1827,76,1751
111901114,721,2101,-1380
111901115,681,4,677
111901116,58,2,56
111901117,22,152,-130
111901118,18,1305,-1287
111901119,203,9,194
111901121,23,45,-22
111901122,17,88,-71
111901123,1141,63,1078
111901124,665,17,648
111901125,2297,318,1979
111901127,2110,3061,-951
111901128,9,31,-22
111901129,7,39,-32
111901130,5,179,-174
111901131,2,91,-89
111901132,114,32,82
111901133,294,0,294
111901134,425,3,422
111901135,120,1,119
111901136,72,31,41
111901137,2,36,-34
111901138,5,22,-17
111901139,0,25,-25
111901140,4,27,-23
111901141,1,63,-62
111901142,0,35,-35
111901143,1,73,-72
111901144,31,25,6
111901145,47,421,-374
111901146,22,7,15
112000001,3833,844,2989
112000002,1084,2241,-1157
112000003,7074,1225,5849
112000004,1950,467,1483
112000005,5355,5156,199
112000006,793,503,290
112000007,6568,4316,2252
112000008,5173,4958,215
112000009,2912,952,1960
112000010,5754,5709,45
112000011,1630,834,796
112000012,3612,4767,-1155
112000013,1318,1690,-372
112000014,822,3995,-3173
112000015,1175,3017,-1842
112000016,2483,4578,-2095
112000017,423,4726,-4303
112000024,504,137,367
112000026,2327,991,1336
112000027,644,550,94
112000028,588,772,-184
112000029,831,909,-78
112000030,198,21,177
112000031,969,4502,-3533
112000032,147,10,137
112000033,1554,4038,-2484
112000034,72,28,44
112000035,80,885,-805
112000036,130,1370,-1240
112000037,626,2728,-2102
112000038,999,1500,-501
112000039,220,41,179
112000040,26,192,-166
112000041,332,348,-16
112000042,560,100,460
112000050,1442,646,796
112000051,1505,3773,-2268
112000054,1202,1110,92
112000057,782,116,666
112000058,372,257,115
112000059,505,373,132
112000061,2650,447,2203
112000062,389,1109,-720
112000063,160,2646,-2486
112000064,2542,1898,644
112000065,725,893,-168
112000066,3300,1120,2180
112000067,435,400,35
112000068,3675,1951,1724
112000069,555,1884,-1329
112000070,1590,891,699
112000071,1404,1378,26
112000072,4374,793,3581
112000073,1454,1696,-242
112000074,1206,1047,159
112000075,1667,1438,229
112000076,3906,2092,1814
112000077,1748,455,1293
112000078,3505,636,2869
112000079,3298,1184,2114
112000080,1403,624,779
112000081,1165,1145,20
112000082,1845,360,1485
112000083,1461,540,921
112000084,1547,319,1228
112000085,2319,342,1977
112000086,3370,493,2877
112000087,1351,158,1193
112000088,1487,203,1284
112000089,483,251,232
112000090,265,227,38
112000091,774,260,514
112000092,3445,491,2954
112000093,2066,335,1731
112000094,834,350,484
112000095,1312,250,1062
112000096,1203,391,812
112000097,4698,395,4303
112000098,503,355,148
112000099,1203,2584,-1381
112000100,4241,598,3643
112000101,1144,421,723
112000102,3315,273,3042
112000103,625,386,239
112000105,565,357,208
112000106,4747,258,4489
112000107,76,119,-43
112000108,1503,641,862
112000109,101,41,60
112000110,3837,586,3251
112000111,662,1494,-832
112000112,3236,256,2980
112000113,1373,1469,-96
112000114,4168,640,3528
112000115,576,188,388
112000116,1041,417,624
112000117,1973,470,1503
112000118,580,494,86
112000119,711,283,428
112000120,69,76,-7
112000121,571,152,419
112000122,1059,46,1013
112000123,1603,51,1552
112000124,982,65,917
112000125,588,349,239
112000126,1689,172,1517
112000127,2255,2234,21
112000128,809,595,214
112000129,312,71,241
112000130,767,94,673
112000131,34,70,-36
112000132,339,72,267
112000133,1070,50,1020
112000134,1067,182,885
112000135,2064,1350,714
112000136,1183,3785,-2602
112000137,2483,3800,-1317
112000138,1649,993,656
112000139,664,626,38
112000140,169,349,-180
112000141,1799,317,1482
112000142,203,274,-71
112000143,2516,145,2371
112000144,410,609,-199
112000145,4937,376,4561
112000146,1041,509,532
112000147,2958,1369,1589
112000148,902,557,345
112000149,1266,438,828
112000150,876,211,665
112000151,918,198,720
112000152,1396,179,1217
112000153,902,76,826
112000154,282,860,-578
112000155,101,63,38
112000157,329,875,-546
112000158,457,109,348
112000159,2437,270,2167
112000167,424,341,83
112000169,147,927,-780
112000173,2392,141,2251
112000175,1258,302,956
112000176,716,772,-56
112000177,2271,530,1741
112000178,77,108,-31
112000179,564,207,357
112000180,581,116,465
112000181,1150,394,756
112000182,3465,265,3200
112000183,88,6,82
112000184,903,223,680
112000185,2106,165,1941
112000187,5376,4355,1021
112000195,392,6,386
112000196,175,1,174
112000197,182,99,83
112000198,40,200,-160
112000199,448,418,30
112000202,1839,10,1829
112000216,35,102,-67
112000230,344,0,344
112000231,0,47,-47
112000256,100,469,-369
112000313,435,13,422
112000314,82,74,8
112000337,458,692,-234
112000352,197,284,-87
112000392,1684,393,1291
112000398,3722,455,3267
112000399,1069,5884,-4815
112000400,1239,758,481
112000401,1166,1003,163
112000402,4817,4827,-10
112000403,1656,9174,-7518
112000404,2599,1386,1213
112000405,4769,2571,2198
112000406,2827,965,1862
112000407,13002,7824,5178
112000408,5158,1333,3825
112000409,1667,1029,638
112000410,194,377,-183
112000411,1544,2046,-502
112000412,282,238,44
112000413,3746,9625,-5879
112000414,301,41,260
112000415,241,12,229
112000416,6211,616,5595
112000417,354,76,278
112000421,171,35,136
112000422,479,135,344
112000424,891,4822,-3931
112000425,607,467,140
112000426,712,461,251
112000427,1,21,-20
112000428,692,771,-79
112000429,1947,1405,542
112000430,2392,3339,-947
112000431,292,231,61
112000432,1004,559,445
112000433,219,339,-120
112000437,106,85,21
112900001,75,1,74
112900002,1460,169,1291
112900003,52,43,9
112900004,130,102,28
112900005,661,32,629
112900006,96,66,30
112900007,74,38,36
112900008,0,109,-109
112900009,591,291,300
112900010,703,176,527
112900011,80,106,-26
112900012,2,9,-7
112900013,1,317,-316
112900014,10,47,-37
112900015,42,146,-104
112900016,3,332,-329
112900017,55,155,-100
112900018,1,440,-439
112900019,11,121,-110
112900020,261,279,-18
112900021,0,79,-79
112900022,27,36,-9
112900023,0,62,-62
112900024,4,71,-67
112900025,183,67,116
112900026,0,31,-31
112900027,2,149,-147
112900028,249,36,213
112900029,13,75,-62
112900030,325,26,299
112900031,2,261,-259
112900032,268,75,193
112900034,1,23,-22
112900035,1,62,-61
112900036,23,96,-73
112900037,138,167,-29
112900038,1406,53,1353
112900039,4,102,-98
112900040,2,289,-287
112900041,439,801,-362
112900042,339,131,208
112900043,56,38,18
112900044,158,111,47
112900045,140,113,27
112900046,20,34,-14
112900047,1,16,-15
112900049,848,20,828
112900050,11,221,-210
112900051,177,183,-6
112900052,2,274,-272
112900053,86,375,-289
112900054,84,92,-8
112900055,38,21,17
112900056,219,152,67
112900057,62,185,-123
112900058,372,528,-156
112900059,149,148,1
112900060,50,38,12
112900061,45,60,-15
112900062,130,20,110
112900063,8,32,-24
112900064,17,21,-4
112900065,23,11,12
112900066,311,473,-162
112900067,273,47,226
112900068,46,164,-118
112900069,863,1563,-700
112900071,48,24,24
112900072,55,8470,-8415
112900073,482,364,118
112900074,197,638,-441
112900075,642,2476,-1834
112900076,8,23,-15
112900078,257,733,-476
112900079,259,95,164
112900080,437,9,428
112900081,51,745,-694
112900082,612,32,580
112900083,343,358,-15
112900084,583,520,63
112900086,362,0,362
112900087,3106,250,2856
112900088,661,7,654
112900089,1310,24,1286
112900090,180,155,25
112900091,663,13,650
112900092,29,1060,-1031
112900093,1478,25,1453
112900095,382,1,381
112900096,1125,277,848
112900097,137,114,23
112900098,206,1,205
112900099,2474,21,2453
112900100,242,4,238
112900101,780,7,773
112900102,87,122,-35
112900103,405,8,397
112900104,271,5,266
112900105,94,1,93
112900106,887,197,690
112900107,18,1,17
112900108,1,0,1
112900109,384,2,382
112900110,2664,21,2643
112900111,1099,6,1093
112900112,570,1,569
112900113,0,3,-3
112900114,948,3,945
112900115,4453,6,4447
112900116,201,9,192
112900117,171,15,156
112900118,3,19,-16
112900119,769,8,761
112900120,436,238,198
112900121,65,50,15
112900122,2,42,-40
112900123,797,27,770
112900124,7,7,0
112900125,5,183,-178
112900126,31,57,-26
112900127,1027,32,995
112900128,37,222,-185
112900129,0,297,-297
112900130,320,91,229
112900131,4,150,-146
112900132,49,524,-475
112900133,25,1372,-1347
112900134,2,174,-172
112900135,95,121,-26
112900137,6,191,-185
112900138,2,145,-143
112900139,24,437,-413
112900141,1173,8,1165
112900142,37,453,-416
112900143,1,277,-276
112900144,6,809,-803
112900145,4,154,-150
112900146,3,157,-154
112900147,1,248,-247
112900148,34,2,32
112900149,313,166,147
112900151,0,31,-31
112900152,2870,204,2666
112900153,775,6802,-6027
112900154,0,25,-25
112900155,117,15,102
112900156,1379,219,1160
112900157,1158,23,1135
112900158,123,1,122
112900159,211,434,-223
112900160,31,95,-64
112900161,311,18,293
112900162,1,25,-24
112900163,5,67,-62
112900164,17,139,-122
112900165,26,18,8
112900166,31,92,-61
112900167,15,1211,-1196
112900168,6,5,1
112900169,6,16,-10
112900170,212,11,201
112900172,31,44,-13
112900173,96,90,6
112900174,661,31,630
112900175,125,258,-133
112900176,31,86,-55
112900177,330,68,262
112900178,328,4184,-3856
112900179,8,374,-366
112900180,2784,784,2000
112900181,1657,4,1653
112900182,61,241,-180
112900183,12,115,-103
112900184,138,177,-39
112900185,28,282,-254
112900186,704,746,-42
112900187,25,277,-252
112900188,352,1486,-1134
112900189,19,0,19
112900190,6,1,5
112900192,544,441,103
112900193,945,167,778
112900194,90,1,89
112900195,928,39,889
112900196,254,208,46
112900197,82,302,-220
112900199,1321,123,1198
112900200,803,59,744
112900201,209,200,9
112900202,1131,325,806
112900203,541,70,471
112900204,554,191,363
112900205,7,6,1
112900206,45,39,6
112900207,4,0,4
112900208,68,962,-894
112900209,91,92,-1
112900210,2,21,-19
112900211,136,10,126
112900212,1,9,-8
112900213,57,4,53
112900214,6,12,-6
112900215,10,14,-4
112900216,65,19,46
112900217,7,27,-20
112900218,57,4,53
112900219,279,45,234
112900220,1,0,1
112900221,47,53,-6
112900222,0,546,-546
112900223,1195,41,1154
112900224,1861,131,1730
112900225,1196,144,1052
112900226,65,149,-84
112900227,2017,1506,511
112900228,133,36,97
112900229,733,10,723
112900230,6693,2765,3928
112900232,564,370,194
112900233,122,30,92
112900234,105,0,105
112900235,3,4,-1
112900236,1606,17,1589
112900237,977,86,891
112900238,8,1,7
112900239,313,1241,-928
113000001,6191,4149,2042
113000002,7159,3073,4086
113000003,1995,1483,512
113000004,2793,1303,1490
113000005,2319,1169,1150
113000006,2340,1148,1192
113000007,2864,1041,1823
113000008,2963,1196,1767
113000009,1727,672,1055
113000010,2233,692,1541
113000011,1091,838,253
113000012,1643,863,780
113000013,454,422,32
113000014,848,1059,-211
113000015,101,155,-54
113000016,302,462,-160
113000017,218,328,-110
113000018,778,35,743
113000019,370,452,-82
113000020,200,51,149
113000021,3111,645,2466
113000022,1385,2708,-1323
113000025,59,161,-102
113000026,1194,566,628
113000027,833,817,16
113000028,799,1142,-343
113000029,562,552,10
113000030,105,533,-428
113000031,194,225,-31
113000032,133,85,48
113000033,193,143,50
113000034,90,60,30
113000035,19,9,10
113000036,17,35,-18
113000037,30,20,10
113000038,11,57,-46
113000039,31,219,-188
113000040,102,16,86
113000042,1107,545,562
113000051,2068,2837,-769
113000052,2705,395,2310
113000053,724,380,344
113000054,1086,976,110
113000055,3090,302,2788
113000056,3148,760,2388
113000058,567,819,-252
113000059,857,230,627
113000060,514,655,-141
113000061,946,874,72
113000062,327,344,-17
113000063,675,21,654
113000064,219,264,-45
113000065,268,269,-1
113000066,1882,101,1781
113000067,5479,267,5212
113000068,560,347,213
113000069,964,242,722
113000070,4820,398,4422
113000071,957,317,640
113000072,2173,366,1807
113000073,650,770,-120
113000074,1163,408,755
113000075,2364,661,1703
113000076,501,1615,-1114
113000077,479,442,37
113000078,276,1026,-750
113000079,410,534,-124
113000080,551,726,-175
113000081,1203,1915,-712
113000082,939,517,422
113000083,657,746,-89
113000084,1413,765,648
113000085,1282,560,722
113000086,767,1884,-1117
113000087,1535,1846,-311
113000088,1777,1266,511
113000089,839,1277,-438
113000090,72,928,-856
113000091,196,213,-17
113000094,2122,193,1929
113000095,213,331,-118
113000096,83,464,-381
113000097,1317,436,881
113000098,66,63,3
113000099,1308,450,858
113000100,136,300,-164
113000101,98,395,-297
113000102,825,358,467
113000103,3253,342,2911
113000104,1034,2826,-1792
113000105,1532,441,1091
113000106,695,117,578
113000107,1917,961,956
113000108,1182,531,651
113000109,425,1034,-609
113000110,6713,767,5946
113000111,363,417,-54
113000112,1497,282,1215
113000113,2161,217,1944
113000114,157,604,-447
113000116,414,153,261
113000117,468,163,305
113000118,21,899,-878
113000119,404,351,53
113000120,84,433,-349
113000121,354,645,-291
113000124,283,118,165
113000125,12,1833,-1821
113000127,888,114,774
113000128,1629,214,1415
113000129,273,990,-717
113000133,1701,351,1350
113000134,6,2215,-2209
113000135,4829,4447,382
113000137,766,2319,-1553
113000139,254,111,143
113000140,93,56,37
113000141,87,52,35
113000142,183,153,30
113000143,441,52,389
113000144,185,134,51
113000145,106,53,53
113000146,160,26,134
113000147,286,27,259
113000148,415,39,376
113000149,204,186,18
113000150,408,156,252
113000151,20,24,-4
113000152,69,285,-216
113000153,747,173,574
113000154,408,2203,-1795
113000155,320,900,-580
113000156,213,129,84
113000157,356,157,199
113000158,747,72,675
113000159,1134,122,1012
113000160,629,232,397
113000161,558,103,455
113000162,1083,85,998
113000163,101,22,79
113000164,50,146,-96
113000166,513,24,489
113000167,124,32,92
113000168,259,55,204
113000169,310,19,291
113000170,80,35,45
113000171,25,80,-55
113000172,499,11,488
113000173,93,24,69
113000174,188,100,88
113000175,917,33,884
113000176,955,58,897
113000177,174,50,124
113000178,259,90,169
113000179,537,35,502
113000180,1403,1751,-348
113000181,2229,944,1285
113000182,83,640,-557
113000183,169,888,-719
113000184,23,100,-77
113000189,249,294,-45
113000190,249,75,174
113000192,456,2880,-2424
113000193,1478,2174,-696
113000194,932,4396,-3464
113000195,1773,2155,-382
113000196,959,90,869
113000197,2070,3768,-1698
113000198,153,428,-275
113000199,2587,435,2152
113000201,1118,368,750
113000202,9310,2825,6485
113000203,171,565,-394
113000204,396,3372,-2976
113000205,13,1,12
113000206,0,32,-32
113000207,111,19,92
113000208,28,40,-12
113000209,6,11,-5
113000210,19,19,0
113000211,58,105,-47
113000212,19,10,9
113000213,31,109,-78
113000214,303,247,56
113000234,397,294,103
113000410,18,181,-163
113000411,1254,1249,5
113000412,5274,780,4494
113000413,932,1318,-386
113000414,3554,13962,-10408
113000415,2005,956,1049
113000416,1521,1087,434
113000417,687,748,-61
113000418,3946,2827,1119
113000419,1394,1111,283
113000420,2396,4958,-2562
113000421,4586,6022,-1436
113000422,6703,9134,-2431
113000423,1004,2969,-1965
113000424,1330,8413,-7083
113000425,47,148,-101
113000428,18,3,15
113000430,3,69,-66
113000432,4726,330,4396
113000433,61,411,-350
113000434,23,85,-62
113000435,18,98,-80
113000436,10,462,-452
113000437,2910,45,2865
113000438,922,9,913
113000439,37,35,2
113000440,341,25,316
113000441,418,198,220
113000442,487,44,443
113000443,760,96,664
113000444,1190,31,1159
113000445,172,111,61
113000446,102,233,-131
113000448,316,645,-329
113000449,172,1906,-1734
113000450,786,5814,-5028
113000451,2982,999,1983
113000452,45,952,-907
113000453,12,647,-635
113000454,151,117,34
113000455,10,793,-783
113000456,726,1364,-638
113000468,628,110,518
113000469,140,345,-205
113000470,385,14,371
113000471,13,533,-520
113000472,51,134,-83
113000474,1901,837,1064
113000475,1355,638,717
113000476,3811,2321,1490
113000477,5639,2312,3327
113000478,2397,2562,-165
113000479,224,116,108
113000480,148,274,-126
113000484,1,0,1
113000485,0,0,0
113000486,0,0,0
113000487,0,0,0
113000488,0,0,0
113000489,0,0,0
113000490,0,0,0
113000491,0,0,0
113000492,0,0,0
113000493,0,0,0
113000495,346,91,255
113000496,141,198,-57
113000499,0,0,0
113900001,11,2006,-1995
113900002,25,124,-99
113900003,2,215,-213
113900004,5,274,-269
113900005,3,592,-589
113900006,1,124,-123
113900007,60,251,-191
113900008,15,0,15
113900009,38,1,37
113900010,66,2,64
113900011,550,1,549
113900012,163,2,161
113900013,107,0,107
113900014,1159,3,1156
113900015,1,11,-10
113900016,35,0,35
113900017,0,9,-9
113900018,37,199,-162
113900019,478,5,473
113900020,562,1,561
113900022,139,1,138
113900023,98,0,98
113900024,21,12,9
113900025,342,49,293
113900026,170,2,168
113900027,13,20,-7
113900028,14,198,-184
113900029,133,19,114
113900030,1021,1,1020
113900031,51,5,46
113900032,52,0,52
113900033,71,16,55
113900035,125,8,117
113900036,45,51,-6
113900037,146,1081,-935
113900038,30,221,-191
113900039,541,9,532
113900040,6,20,-14
113900041,65,2,63
113900042,92,13,79
113900043,164,16,148
113900044,33,186,-153
113900045,125,6,119
113900046,113,398,-285
113900047,383,26,357
113900048,155,96,59
113900049,97,551,-454
113900050,244,110,134
113900051,337,51,286
113900052,58,63,-5
113900053,359,1210,-851
113900054,20,0,20
113900055,73,441,-368
113900056,118,30,88
113900057,10,64,-54
113900058,55,13,42
113900059,318,100,218
113900060,58,1045,-987
113900061,413,97,316
113900062,127,54,73
113900063,224,45,179
113900064,31,32,-1
113900065,944,28,916
113900066,1224,94,1130
113900067,695,188,507
113900068,288,1321,-1033
113900069,58,83,-25
113900070,58,124,-66
113900071,290,10,280
113900072,63,21,42
113900073,930,160,770
113900074,668,678,-10
113900075,386,2983,-2597
113900076,179,5,174
113900077,37,57,-20
113900078,60,6,54
113900079,0,9,-9
113900080,652,116,536
113900081,183,49,134
113900082,375,250,125
113900083,1077,88,989
113900084,185,42,143
113900085,16,104,-88
113900086,140,45,95
113900087,110,113,-3
113900088,100,95,5
113900089,654,21,633
113900090,317,131,186
113900091,4,16,-12
113900092,44,89,-45
113900093,29,2016,-1987
113900094,1190,237,953
113900095,179,102,77
113900096,501,192,309
113900097,29,110,-81
113900098,1167,285,882
113900099,0,6,-6
113900100,0,0,0
113900101,8,84,-76
113900102,46,90,-44
113900103,159,555,-396
113900104,105,191,-86
113900105,604,10,594
113900106,0,11,-11
113900107,0,1,-1
113900108,51,232,-181
113900109,251,299,-48
113900110,31,53,-22
113900111,390,42,348
113900112,348,40,308
113900113,1354,356,998
113900114,2,11,-9
113900115,0,8,-8
113900116,5,183,-178
113900117,19,22,-3
113900118,87,1464,-1377
113900119,22,224,-202
113900120,168,22,146
113900121,240,33,207
113900122,137,5872,-5735
113900123,525,53,472
113900124,0,70,-70
113900125,502,51,451
113900126,65,70,-5
113900127,448,688,-240
113900128,443,43,400
113900129,1,75,-74
113900130,2,17,-15
113900131,284,6,278
113900132,31,100,-69
113900133,49,50,-1
113900135,380,166,214
113900136,80,15,65
113900137,404,130,274
113900138,18,192,-174
113900139,517,371,146
113900140,19,85,-66
113900141,888,149,739
113900142,112,41,71
113900143,48,81,-33
113900144,34,68,-34
113900145,357,54,303
113900146,343,172,171
113900148,30,98,-68
113900149,141,148,-7
113900150,405,144,261
113900151,570,79,491
113900152,37,58,-21
113900153,72,89,-17
113900154,0,88,-88
113900155,119,185,-66
113900156,180,235,-55
113900157,64,378,-314
113900158,104,130,-26
113900159,1,309,-308
113900160,365,636,-271
113900161,223,261,-38
113900162,125,162,-37
113900163,519,62,457
113900164,565,63,502
113900165,411,324,87
113900166,33,35,-2
113900167,594,57,537
113900168,69,25,44
113900169,144,198,-54
113900171,370,35,335
113900172,23,43,-20
113900173,9,162,-153
113900174,412,263,149
113900175,264,198,66
113900176,220,166,54
113900177,128,70,58
113900178,290,255,35
113900179,8,134,-126
113900180,70,42,28
113900181,1429,141,1288
113900182,758,247,511
113900183,131,13,118
113900184,44,174,-130
113900185,28,25,3
113900186,16,6,10
113900187,13,47,-34
113900188,3,26,-23
113900189,353,117,236
113900190,131,29,102
113900191,16,51,-35
113900192,4,1087,-1083
113900193,3,66,-63
113900194,686,238,448
113900195,257,160,97
113900196,0,39,-39
113900197,2,44,-42
113900198,4,188,-184
113900199,22,123,-101
113900200,4,30,-26
113900201,0,66,-66
113900202,20,25,-5
113900203,0,41,-41
113900204,12,146,-134
113900205,3,12,-9
113900206,0,68,-68
113900207,0,33,-33
113900208,0,10,-10
113900209,0,16,-16
113900210,401,839,-438
113900211,179,20,159
113900212,518,142,376
113900214,111,81,30
113900215,157,60,97
113900216,191,192,-1
113900217,189,105,84
113900218,82,28,54
113900219,46,223,-177
113900220,266,226,40
113900221,199,949,-750
113900222,33,711,-678
113900223,525,154,371
113900224,32,53,-21
113900225,1133,94,1039
113900226,322,147,175
113900227,237,298,-61
113900228,258,554,-296
113900229,15,1363,-1348
113900230,1807,3204,-1397
113900231,108,45,63
113900232,75,6,69
113900233,164,32,132
113900234,424,420,4
113900235,182,38,144
113900236,664,85,579
113900237,276,11,265
113900238,77,323,-246
113900239,68,77,-9
113900240,4,148,-144
113900241,51,56,-5
113900242,31,116,-85
113900243,11,81,-70
113900244,143,77,66
113900245,273,152,121
113900246,2,30,-28
113900247,33,650,-617
113900248,1703,2325,-622
113900249,177,833,-656
113900250,59,577,-518
113900251,1744,28,1716
113900252,1120,12,1108
113900253,874,32,842
113900254,490,148,342
113900255,1670,10,1660
113900256,825,18,807
113900257,8,266,-258
113900258,30,150,-120
113900259,1082,62,1020
113900260,401,15,386
113900261,41,39,2
113900262,325,136,189
113900263,2,92,-90
113900264,2,157,-155
113900265,155,2327,-2172
113900266,23,114,-91
113900267,81,322,-241
113900268,61,1799,-1738
113900269,76,240,-164
113900270,178,266,-88
113900271,675,240,435
113900273,16,12,4
113900274,66,64,2
113900275,5,53,-48
113900276,9,42,-33
113900277,459,0,459
113900278,207,77,130
113900279,76,77,-1
113900280,605,340,265
113900281,74,723,-649
113900282,114,161,-47
113900283,497,386,111
113900284,1768,141,1627
113900285,114,17,97
113900286,15,34,-19
113900287,162,26,136
113900288,0,52,-52
113900289,233,182,51
113900290,360,752,-392
113900291,94,63,31
113900292,0,24,-24
113900293,24,196,-172
113900294,1139,9,1130
113900295,442,113,329
113900296,816,152,664
113900297,2673,60,2613
113900298,34,1472,-1438
113900299,175,5,170
113900300,5157,5578,-421
113900301,243,1216,-973
113900302,1973,1338,635
113900303,89,1718,-1629
113900304,4,96,-92
113900305,384,0,384
113900306,212,1,211
113900307,7,0,7
113900308,17,63,-46
113900309,2,192,-190
113900310,0,1,-1
113900311,25,1,24
113900312,55,192,-137
113900313,2,2,0
114000001,950,828,122
114000002,772,174,598
114000003,308,169,139
114000004,1340,154,1186
114000005,1024,145,879
114000006,1430,534,896
114000007,1432,451,981
114000008,2745,1326,1419
114000009,2312,266,2046
114000011,4157,1600,2557
114000012,6831,1884,4947
114000013,3731,1669,2062
114000014,1486,115,1371
114000015,3872,265,3607
114000016,805,78,727
114000017,99,1574,-1475
114000018,88,14,74
114000026,6009,1125,4884
114000027,7968,3493,4475
114000028,1911,3695,-1784
114000038,604,131,473
114000039,116,13,103
114000040,245,620,-375
114000042,286,116,170
114000043,43,62,-19
114000044,887,11,876
114000045,70,25,45
114000046,1894,3712,-1818
114000047,20,145,-125
114000048,235,18,217
114000049,3715,961,2754
114000050,2779,833,1946
114000051,4556,1757,2799
114000052,4482,4364,118
114000053,38,820,-782
114000054,290,804,-514
114000055,666,115,551
114000056,78,477,-399
114000057,3363,1267,2096
114000058,94,1208,-1114
114000059,63,2247,-2184
114000060,842,567,275
114000061,2319,2416,-97
114000062,445,740,-295
114000063,1411,856,555
114000064,1684,4783,-3099
114000065,1199,1166,33
114000066,1350,783,567
114000067,58,2018,-1960
114000068,430,1101,-671
114000069,2005,240,1765
114000070,2228,972,1256
114000071,1633,273,1360
114000072,2278,466,1812
114000073,14,27,-13
114000074,196,3,193
114000075,150,74,76
114000076,64,37,27
114000077,12,7,5
114000078,865,740,125
114000079,639,228,411
114000080,266,127,139
114000081,154,90,64
114000082,450,124,326
114000083,67,32,35
114000084,404,121,283
114000085,152,188,-36
114000086,369,478,-109
114000087,704,70,634
114000088,55,27,28
114000089,678,281,397
114000090,1033,944,89
114000091,1111,759,352
114000092,866,302,564
114000093,2131,417,1714
114000094,931,437,494
114000095,424,369,55
114000096,109,168,-59
114000097,145,147,-2
114000098,1604,130,1474
114000099,2064,109,1955
114000100,3169,287,2882
114000101,894,267,627
114000102,1838,202,1636
114000103,347,125,222
114000104,14,394,-380
114000105,579,215,364
114000106,1276,4372,-3096
114000107,926,295,631
114000108,685,391,294
114000109,1123,4057,-2934
114000110,1789,414,1375
114000111,4632,2184,2448
114000112,745,637,108
114000113,1954,245,1709
114000114,491,390,101
114000115,2723,548,2175
114000116,1150,7315,-6165
114000117,7253,782,6471
114000118,6971,375,6596
114000119,6093,419,5674
114000120,1447,588,859
114000121,584,316,268
114000122,499,369,130
114000123,4750,297,4453
114000124,3373,316,3057
114000125,1407,1457,-50
114000126,3491,443,3048
114000127,416,111,305
114000128,1554,202,1352
114000130,961,467,494
114000131,797,88,709
114000132,1809,162,1647
114000133,1268,476,792
114000134,320,6,314
114000138,55,32,23
114000139,728,327,401
114000144,865,683,182
114000145,161,26,135
114000146,407,32,375
114000147,1187,2933,-1746
114000148,932,2376,-1444
114000149,374,269,105
114000150,345,534,-189
114000151,375,3023,-2648
114000152,84,39,45
114000153,802,1577,-775
114000154,1190,370,820
114000155,932,5417,-4485
114000156,976,598,378
114000157,776,1831,-1055
114000158,683,373,310
114000159,418,166,252
114000160,205,188,17
114000161,900,1187,-287
114000162,1345,1552,-207
114000163,83,18,65
114000165,537,315,222
114000166,350,220,130
114000167,2397,2490,-93
114000168,446,124,322
114000169,1123,789,334
114000170,1603,917,686
114000171,2348,19566,-17218
114000174,128,278,-150
114000176,172,244,-72
114000177,518,268,250
114000178,233,161,72
114000179,1082,1014,68
114000180,169,164,5
114000181,1368,10504,-9136
114000182,872,2303,-1431
114000183,919,854,65
114000184,2108,314,1794
114000185,1984,751,1233
114000189,3272,132,3140
114000190,5916,547,5369
114000191,269,935,-666
114000192,82,368,-286
114000193,145,538,-393
114000194,3931,664,3267
114000195,753,759,-6
114000196,2,76,-74
114000197,3756,38,3718
114000198,1141,296,845
114000199,1468,1359,109
114000200,1283,599,684
114000201,371,678,-307
114000202,1265,644,621
114000203,1218,473,745
114000204,309,286,23
114000205,792,4817,-4025
114000206,1299,912,387
114000207,396,688,-292
114000208,916,568,348
114000209,583,900,-317
114000210,293,519,-226
114000211,3022,794,2228
114000212,1624,2793,-1169
114000213,3113,468,2645
114000214,321,44,277
114000215,152,115,37
114000216,3443,454,2989
114000217,699,192,507
114000218,970,318,652
114000219,3242,159,3083
114000220,59,450,-391
114000221,2415,186,2229
114000222,216,364,-148
114000223,1513,180,1333
114000224,53,296,-243
114000225,798,209,589
114000226,351,119,232
114000227,1390,689,701
114000228,1795,314,1481
114000229,2945,694,2251
114000230,2113,527,1586
114000231,1330,1486,-156
114000232,1860,208,1652
114000233,4205,90,4115
114000234,2035,567,1468
114000235,3020,826,2194
114000236,0,182,-182
114000237,101,325,-224
114000238,133,512,-379
114000239,202,647,-445
114000240,1438,5449,-4011
114000241,457,779,-322
114000242,882,1108,-226
114000243,4143,1262,2881
114000244,694,428,266
114000245,587,2324,-1737
114000246,177,394,-217
114000247,775,433,342
114000248,3166,619,2547
114000249,1043,331,712
114000250,1617,162,1455
114000251,478,119,359
114000252,71,23,48
114000253,267,145,122
114000254,109,22,87
114000255,607,253,354
114000256,506,683,-177
114000257,1316,934,382
114000258,1239,284,955
114000259,354,443,-89
114000260,0,47,-47
114000261,91,22,69
114000262,760,628,132
114000263,23,0,23
114000264,3607,235,3372
114000265,0,1,-1
114000267,7,5546,-5539
114000268,8,467,-459
114000270,593,60,533
114000271,322,94,228
114000283,3618,347,3271
114000285,32,90,-58
114000288,289,282,7
114000289,3372,188,3184
114000293,596,564,32
114000294,249,488,-239
114000395,5086,79,5007
114000396,865,398,467
114000402,1748,103,1645
114000403,757,130,627
114000405,687,147,540
114000423,1496,105,1391
114000424,1122,194,928
114000425,2754,118,2636
114000426,481,1151,-670
114000427,128,96,32
114000428,86,77,9
114000429,20,128,-108
114000432,255,13,242
114000434,53,48,5
114000435,2,20,-18
114900001,1513,206,1307
114900002,430,593,-163
114900003,1239,218,1021
114900004,285,1222,-937
114900005,599,136,463
114900006,123,376,-253
114900007,257,7,250
114900008,645,100,545
114900010,831,2246,-1415
114900011,766,108,658
114900013,661,70,591
114900015,59,1166,-1107
114900018,1401,35,1366
114900020,146,106,40
114900022,91,984,-893
114900024,172,170,2
114900025,980,98,882
114900026,125,131,-6
114900027,286,105,181
114900029,28,2,26
114900030,483,145,338
114900031,1253,16,1237
114900032,1097,6,1091
114900033,299,3002,-2703
114900034,41,38,3
114900035,106,127,-21
114900036,301,197,104
114900037,183,38,145
114900038,541,322,219
114900039,1551,108,1443
114900040,271,12,259
114900041,2730,181,2549
114900042,2650,156,2494
114900043,627,90,537
114900044,332,76,256
114900046,18,26,-8
114900047,230,7083,-6853
114900048,51,55,-4
114900049,14,57,-43
114900050,60,85,-25
114900051,42,198,-156
114900052,13,1632,-1619
114900053,48,428,-380
114900054,64,12,52
114900057,329,23,306
114900058,0,14,-14
114900059,302,89,213
114900060,205,290,-85
114900061,127,21,106
114900062,188,168,20
114900063,290,20,270
114900064,3608,141,3467
114900065,340,1115,-775
114900067,66,206,-140
114900068,47,55,-8
114900069,399,17,382
114900070,1053,104,949
114900072,0,123,-123
114900073,0,24,-24
114900074,2265,111,2154
114900075,595,6,589
114900076,1,123,-122
114900080,415,64,351
114900082,1608,3235,-1627
114900083,177,617,-440
114900090,1244,127,1117
114900091,174,123,51
114900095,211,36,175
114900096,98,243,-145
114900097,720,1,719
114900098,3,100,-97
114900099,458,15,443
115000001,4628,1672,2956
115000002,5315,8006,-2691
115000003,4480,1262,3218
115000004,6879,7271,-392
115000005,2027,2098,-71
115000006,2005,1172,833
115000007,208,241,-33
115000008,541,653,-112
115000009,551,359,192
115000010,233,322,-89
115000013,32,210,-178
115000015,62,375,-313
115000016,137,253,-116
115000019,65,749,-684
115000020,178,1572,-1394
115000021,112,364,-252
115000022,182,144,38
115000023,462,809,-347
115000024,397,195,202
115000025,1227,592,635
115000026,236,127,109
115000027,546,267,279
115000028,414,190,224
115000029,1545,66,1479
115000030,664,414,250
115000031,751,136,615
115000032,17,269,-252
115000033,229,15,214
115000034,59,1593,-1534
115000035,1141,256,885
115000036,2,200,-198
115000037,1164,147,1017
115000038,97,79,18
115000039,1961,6493,-4532
115000040,4002,3045,957
115000041,1597,7806,-6209
115000042,704,742,-38
115000043,4113,3221,892
115000044,2995,3201,-206
115000045,3957,658,3299
115000046,4897,2393,2504
115000047,3991,1377,2614
115000048,4354,1999,2355
115000049,2189,2947,-758
115000050,4179,981,3198
115000051,1940,7541,-5601
115000052,1678,929,749
115000053,3698,3885,-187
115000054,968,811,157
115000055,288,1243,-955
115000056,219,352,-133
115000057,575,1279,-704
115000058,71,755,-684
115000059,60,393,-333
115000061,213,298,-85
115000062,458,523,-65
115000063,812,259,553
115000064,446,99,347
115000065,196,743,-547
115000067,359,25,334
115000069,122,272,-150
115000070,29,1261,-1232
115000071,113,30,83
115000072,24,30,-6
115000073,1951,130,1821
115000075,179,64,115
115000076,2552,1479,1073
115000077,3227,987,2240
115000078,3522,675,2847
115000079,3039,1423,1616
115000080,6883,1031,5852
115000081,187,349,-162
115000082,8740,5782,2958
115000083,4303,717,3586
115000084,5067,448,4619
115000085,2739,567,2172
115000086,2306,391,1915
115000087,718,2293,-1575
115000088,1577,386,1191
115000089,1877,861,1016
115000090,556,1057,-501
115000091,356,233,123
115000092,1179,1765,-586
115000093,1610,2,1608
115000094,5020,13597,-8577
115000095,3161,11138,-7977
115000096,2018,545,1473
115000097,3384,2843,541
115000098,3462,372,3090
115000099,4405,958,3447
115000100,3152,428,2724
115000101,964,415,549
115000102,813,176,637
115000103,414,304,110
115000105,196,34,162
115000106,1559,857,702
115000107,226,165,61
115000108,1666,1312,354
115000109,3542,7828,-4286
115000110,1014,3001,-1987
115000111,196,462,-266
115000112,615,568,47
115000113,367,321,46
115000114,763,241,522
115000116,2295,1667,628
115000117,1446,2484,-1038
115000118,2048,2655,-607
115000119,1847,3871,-2024
115000120,793,818,-25
115000121,425,624,-199
115000122,469,1909,-1440
115000123,1216,1233,-17
115000124,1061,1179,-118
115000125,572,842,-270
115000126,115,361,-246
115000127,439,111,328
115000128,883,804,79
115000129,198,1013,-815
115000130,577,515,62
115000131,1537,297,1240
115000132,1080,1408,-328
115000133,1638,922,716
115000134,536,1095,-559
115000135,265,780,-515
115000136,261,222,39
115000137,62,327,-265
115000138,655,400,255
115000139,248,139,109
115000140,620,144,476
115000141,307,71,236
115000142,310,60,250
115000143,1297,591,706
115000144,761,68,693
115000145,333,87,246
115000146,697,690,7
115000147,467,1055,-588
115000148,612,394,218
115000149,1102,296,806
115000150,1247,276,971
115000151,2266,224,2042
115000152,1803,450,1353
115000153,2709,295,2414
115000154,1859,180,1679
115000155,1525,788,737
115000156,1019,498,521
115000157,527,584,-57
115000158,356,248,108
115000159,629,273,356
115000160,595,617,-22
115000161,1044,824,220
115000162,440,1616,-1176
115000163,470,344,126
115000164,240,342,-102
115000165,131,496,-365
115000167,118,94,24
115000168,678,463,215
115000169,335,735,-400
115000170,39,163,-124
115000171,291,319,-28
115000172,662,712,-50
115000173,343,2043,-1700
115000174,59,555,-496
115000175,198,183,15
115000176,53,170,-117
115000177,39,234,-195
115000178,7,194,-187
115000179,15,165,-150
115000180,159,191,-32
115000181,1883,151,1732
115000182,2140,179,1961
115000183,749,343,406
115000186,760,113,647
115000187,260,243,17
115000188,586,326,260
115000189,504,586,-82
115000190,764,834,-70
115000191,287,949,-662
115000194,170,83,87
115000195,209,288,-79
115000196,701,376,325
115000197,582,313,269
115000198,1132,146,986
115000199,1413,82,1331
115000200,998,119,879
115000201,567,483,84
115000206,759,55,704
115000207,1159,308,851
115000208,417,984,-567
115000209,1090,875,215
115000210,478,188,290
115000211,463,240,223
115000212,964,369,595
115000224,315,18,297
115000225,143,68,75
115000229,128,44,84
115000230,175,235,-60
115000231,653,430,223
115000232,5213,419,4794
115000233,202,120,82
115000234,36,216,-180
115000241,246,56,190
115000242,492,37,455
115000243,428,67,361
115000244,2,127,-125
115000246,72,47,25
115000247,21,31,-10
115000248,44,4,40
115000249,17,54,-37
115000250,375,8,367
115000251,636,73,563
115000252,270,300,-30
115000253,10,720,-710
115000258,675,53,622
115000259,272,27,245
115000261,51,9,42
115000262,29,35,-6
115000263,30,46,-16
115000264,0,29,-29
115000267,46,29,17
115000268,41,53,-12
115000269,92,16,76
115000270,50,23,27
115000272,134,42,92
115000273,1325,27,1298
115000280,1053,421,632
115000281,255,1152,-897
115000282,762,2346,-1584
115000284,154,419,-265
115000296,422,4,418
115000297,77,306,-229
115000298,85,905,-820
115000300,319,85,234
115000302,1165,181,984
115000303,2009,51,1958
115000304,2152,156,1996
115000305,96,216,-120
115000306,590,164,426
115000307,420,473,-53
115000308,31,22,9
115000309,8,324,-316
115000310,4424,216,4208
115000311,2460,601,1859
115000313,312,144,168
115000314,945,453,492
115000315,271,1141,-870
115000316,188,261,-73
115000317,342,321,21
115000318,1610,480,1130
115000319,207,74,133
115000320,12,709,-697
115000321,538,30,508
115000322,135,97,38
115000449,144,272,-128
115000557,5,4683,-4678
115000558,131,105,26
115000587,1500,285,1215
115000588,1937,2492,-555
115000589,6368,2647,3721
115000590,890,2248,-1358
115000591,2256,995,1261
115000592,740,1256,-516
115000593,2137,698,1439
115000594,361,2018,-1657
115000609,380,112,268
115000617,538,3920,-3382
115000624,653,30,623
115000633,571,1514,-943
115000634,3565,720,2845
115000635,1043,116,927
115000638,235,266,-31
115000641,33,622,-589
115000642,747,228,519
115000643,226,160,66
115000644,209,214,-5
115000646,680,1764,-1084
115000647,436,571,-135
115000648,5573,581,4992
115000893,1463,802,661
115000894,207,622,-415
115000895,357,707,-350
115000896,1113,319,794
115000897,422,102,320
115000898,624,232,392
115000899,248,1295,-1047
115000900,50,284,-234
115000901,54,181,-127
115000912,866,104,762
115000913,2,6,-4
115000915,11,0,11
115000916,0,0,0
115000917,0,57,-57
115000918,71,1134,-1063
115000919,35,84,-49
115000920,7,26,-19
115000921,296,95,201
115000922,288,727,-439
115000923,51,1252,-1201
115000925,243,265,-22
115000927,58,181,-123
115000933,24,236,-212
115000934,111,206,-95
115000935,200,28,172
115000936,62,1767,-1705
115000937,440,303,137
115000938,4,86,-82
115000939,6,78,-72
115900001,499,4,495
115900002,45,43,2
115900003,415,67,348
115900004,0,8,-8
115900005,503,18,485
115900006,272,164,108
115900008,406,9,397
115900009,94,121,-27
115900010,1260,63,1197
115900011,547,69,478
115900012,664,8,656
115900013,705,58,647
115900014,195,50,145
115900015,456,26,430
115900016,156,26,130
115900017,276,76,200
115900018,197,13,184
115900019,89,6,83
115900020,642,3,639
115900021,379,437,-58
115900022,642,2,640
115900023,4,13,-9
115900025,14,336,-322
115900026,1099,42,1057
115900027,0,119,-119
115900028,125,20,105
115900029,38,93,-55
115900030,72,90,-18
115900031,32,341,-309
115900032,620,710,-90
115900033,0,24,-24
115900034,25,78,-53
115900035,117,12,105
115900036,28,5150,-5122
115900037,25,82,-57
115900038,38,3,35
115900039,563,85,478
115900041,155,1889,-1734
115900042,97,4,93
115900043,282,86,196
115900044,158,1202,-1044
115900046,1374,65,1309
115900047,37,241,-204
115900049,378,202,176
115900051,0,28,-28
115900052,40,49,-9
115900053,952,81,871
115900054,741,31,710
115900055,34,37,-3
115900056,645,66,579
115900057,4,35,-31
115900058,3,26,-23
115900060,83,38,45
115900061,708,4,704
115900062,151,72,79
115900063,31,0,31
115900064,133,187,-54
115900065,403,34,369
115900066,42,43,-1
115900067,14,34,-20
115900068,1608,2702,-1094
115900069,33,199,-166
115900070,632,22,610
115900071,2,124,-122
115900072,17,71,-54
115900073,217,182,35
115900074,3,48,-45
115900075,124,102,22
115900076,2,18,-16
115900077,6,58,-52
115900078,64,1019,-955
115900079,850,7,843
115900080,125,27,98
115900081,50,23,27
115900082,209,704,-495
115900084,1215,12,1203
115900085,51,65,-14
115900086,960,320,640
115900088,7,177,-170
115900089,1263,154,1109
115900090,1669,6,1663
115900091,26,18,8
115900092,85,55,30
115900093,3,18,-15
115900094,4,64,-60
115900096,23,14,9
115900097,9,72,-63
115900098,588,170,418
115900099,235,446,-211
115900100,10,157,-147
115900101,567,95,472
115900102,233,77,156
115900103,416,64,352
115900104,130,46,84
115900105,436,111,325
115900106,272,1,271
115900107,172,40,132
115900108,373,3,370
115900109,6,129,-123
115900110,21,0,21
115900111,1,20,-19
115900112,56,319,-263
115900113,127,8,119
115900114,2,27,-25
115900115,140,69,71
115900116,164,346,-182
115900117,279,3,276
115900118,1,63,-62
115900119,348,77,271
115900120,33,101,-68
115900121,492,49,443
115900124,294,1422,-1128
115900125,727,294,433
115900126,1742,70,1672
115900127,1877,83,1794
115900128,2,121,-119
115900129,939,12,927
115900130,4,326,-322
115900131,974,167,807
115900132,1123,15,1108
115900134,1057,15,1042
115900135,254,449,-195
115900137,7,5,2
115900139,42,167,-125
115900140,856,30,826
115900141,3,73,-70
115900142,0,6,-6
115900143,468,73,395
115900144,447,59,388
115900146,33,61,-28
115900147,223,565,-342
115900148,20,26,-6
115900149,533,7,526
115900150,326,18,308
115900151,160,74,86
115900152,406,80,326
115900153,168,36,132
115900154,192,310,-118
115900155,2,16,-14
115900156,841,626,215
115900157,671,502,169
115900158,13,3,10
115900159,732,103,629
115900160,1,12,-11
115900161,32,33,-1
115900163,569,42,527
115900164,2058,11,2047
115900165,5,581,-576
115900166,183,83,100
115900168,874,125,749
115900171,185,143,42
115900172,37,76,-39
115900173,380,145,235
115900174,102,126,-24
115900175,422,77,345
115900178,26,99,-73
115900179,867,14,853
115900180,56,39,17
115900181,538,65,473
115900182,1267,69,1198
115900183,22,351,-329
115900184,335,4,331
115900187,1,214,-213
115900189,2,173,-171
115900190,378,944,-566
115900191,15,171,-156
115900192,40,174,-134
115900193,139,558,-419
115900194,1689,52,1637
115900195,590,4856,-4266
115900198,743,447,296
115900199,681,66,615
115900200,382,73,309
115900201,396,310,86
115900202,4,527,-523
115900203,0,4,-4
115900204,0,15,-15
115900205,17,5,12
115900206,1040,78,962
115900207,101,23,78
115900208,261,67,194
115900209,19,93,-74
115900210,1,731,-730
115900211,0,134,-134
115900212,512,97,415
115900213,119,404,-285
115900214,1719,119,1600
115900215,26,425,-399
115900216,3,32,-29
115900217,0,28,-28
115900218,7,9,-2
115900219,407,8,399
115900220,569,4,565
115900221,225,8,217
115900222,116,52,64
115900223,13,682,-669
115900224,983,3809,-2826
115900225,109,104,5
115900226,6,29,-23
115900227,33,37,-4
115900228,0,37,-37
115900229,9,1,8
115900230,164,44,120
115900231,321,6,315
115900232,123,2,121
115900233,341,7,334
115900234,142,30,112
115900235,57,28,29
115900236,14,555,-541
115900237,51,61,-10
115900238,26,27,-1
115900239,36,61,-25
115900240,17,47,-30
115900241,605,30,575
115900242,350,796,-446
115900243,4,4,0
115900244,23,0,23
115900245,199,6,193
115900246,1,7,-6
115900247,0,1,-1
115900248,6,3,3
115900249,27,1,26
115900250,55,2,53
115900251,24,0,24
115900252,26,2,24
115900253,49,24,25
115900254,8,71,-63
115900255,1,41,-40
115900256,23,104,-81
115900257,0,7,-7
115900258,0,7,-7
115900259,66,3,63
115900260,34,2,32
115900261,34,1,33
115900262,3,0,3
115900263,45,0,45
115900264,39,2,37
115900265,3,10,-7
115900266,19,3,16
115900267,1,32,-31
115900268,0,198,-198
115900269,2181,131,2050
115900270,635,112,523
115900271,669,0,669
115900272,112,4,108
115900273,27,72,-45
115900274,1,0,1
115900275,9,9,0
115900276,0,13,-13
115900277,0,67,-67
115900278,108,72,36
115900279,19,342,-323
115900280,23,1334,-1311
115900281,152,369,-217
115900282,3,73,-70
115900283,96,3,93
115900284,110,8,102
116000001,4776,1274,3502
116000002,6420,23319,-16899
116000003,1130,840,290
116000004,6867,9218,-2351
116000005,971,3017,-2046
116000006,3354,6909,-3555
116000007,1479,1707,-228
116000008,7526,3229,4297
116000009,880,756,124
116000010,5084,3011,2073
116000011,913,676,237
116000012,3225,1578,1647
116000013,3811,2039,1772
116000014,9797,33040,-23243
116000015,113,3149,-3036
116000016,3934,9193,-5259
116000017,70,833,-763
116000018,435,238,197
116000019,2621,170,2451
116000020,467,847,-380
116000021,1970,175,1795
116000022,920,309,611
116000023,3010,1910,1100
116000024,707,737,-30
116000025,1314,853,461
116000026,1618,3117,-1499
116000027,845,1085,-240
116000028,635,1063,-428
116000029,295,300,-5
116000030,862,672,190
116000031,26,109,-83
116000032,416,94,322
116000033,1159,327,832
116000034,596,852,-256
116000035,430,249,181
116000036,201,1615,-1414
116000037,147,486,-339
116000038,64,846,-782
116000039,132,742,-610
116000040,486,824,-338
116000041,115,438,-323
116000042,1417,721,696
116000043,207,355,-148
116000044,17,37,-20
116000045,1162,1463,-301
116000046,934,946,-12
116000047,2278,2940,-662
116000048,3246,1389,1857
116000049,2340,1946,394
116000050,1539,1086,453
116000051,3325,2159,1166
116000052,3317,2092,1225
116000053,3427,691,2736
116000054,1270,1902,-632
116000055,1013,1093,-80
116000056,2541,1624,917
116000057,2220,872,1348
116000058,4049,2914,1135
116000059,2929,5226,-2297
116000060,2545,1437,1108
116000061,392,1941,-1549
116000062,883,313,570
116000063,839,2539,-1700
116000066,721,855,-134
116000067,310,295,15
116000068,212,239,-27
116000069,313,133,180
116000078,825,1193,-368
116000080,1753,344,1409
116000082,4,11,-7
116000083,3267,289,2978
116000084,1844,1465,379
116000085,2043,3248,-1205
116000086,676,295,381
116000087,4833,2051,2782
116000088,2753,860,1893
116000089,286,163,123
116000090,406,160,246
116000091,211,1351,-1140
116000093,1275,243,1032
116000094,1819,615,1204
116000095,1427,289,1138
116000096,3667,5827,-2160
116000097,1701,414,1287
116000098,91,18695,-18604
116000099,9604,1108,8496
116000100,641,45,596
116000101,3301,321,2980
116000102,384,452,-68
116000103,861,500,361
116000104,344,1230,-886
116000105,2826,147,2679
116000106,964,4389,-3425
116000107,4790,1108,3682
116000108,27,3690,-3663
116000111,399,35,364
116000113,159,63,96
116000114,25,90,-65
116000115,564,174,390
116000116,404,107,297
116000117,2556,1359,1197
116000118,2587,654,1933
116000119,6669,1370,5299
116000120,3001,1977,1024
116000121,1815,427,1388
116000122,1042,400,642
116000123,2667,526,2141
116000124,1154,273,881
116000125,5364,400,4964
116000126,648,426,222
116000127,1216,501,715
116000128,3917,610,3307
116000129,2831,111,2720
116000130,1494,873,621
116000133,4205,522,3683
116000134,2035,676,1359
116000135,5133,952,4181
116000136,1130,1073,57
116000137,1905,704,1201
116000138,868,368,500
116000139,2849,3365,-516
116000140,470,548,-78
116000141,1496,382,1114
116000142,4264,2022,2242
116000143,3355,2207,1148
116000144,3227,1902,1325
116000145,5264,959,4305
116000146,1781,177,1604
116000147,415,344,71
116000148,1695,1358,337
116000149,803,451,352
116000151,1032,739,293
116000153,146,474,-328
116000155,287,495,-208
116000156,1549,577,972
116000157,168,11,157
116000158,701,132,569
116000159,42,10,32
116000160,131,33,98
116000161,18,79,-61
116000162,53,522,-469
116000163,139,8,131
116000164,69,16,53
116000177,120,3190,-3070
116000194,103,264,-161
116000195,4152,596,3556
116000196,185,28,157
116000197,130,113,17
116000198,2411,1078,1333
116000200,570,1175,-605
116000201,755,369,386
116000202,27,518,-491
116000203,0,16,-16
116000204,0,6,-6
116000205,1,88,-87
116000206,0,339,-339
116000207,34,375,-341
116000233,53,242,-189
116000287,673,86,587
116000288,743,276,467
116000292,361,177,184
116000296,7,99,-92
116000297,185,7,178
116000304,1064,42,1022
116000305,41,78,-37
116000346,746,188,558
116000352,148,84,64
116000354,115,65,50
116000357,17,34,-17
116000358,993,355,638
116000361,21,3,18
116000372,3320,10751,-7431
116000381,528,31,497
116000388,9,54,-45
116000389,1235,169,1066
116000445,2955,276,2679
116000446,1549,121,1428
116000447,63,842,-779
116000448,707,48,659
116000563,706,900,-194
116000565,171,214,-43
116000568,66,923,-857
116000579,141,237,-96
116000584,94,2,92
116000585,174,78,96
116000586,35,145,-110
116000587,480,135,345
116000589,122,45,77
116000590,233,81,152
116000591,515,69,446
116000592,2,28,-26
116000593,1,21,-20
116000594,2950,140,2810
116000595,1559,30,1529
116000596,511,6,505
116000597,1387,562,825
116000598,237,144,93
116000602,29,1515,-1486
116000605,243,53,190
116000606,156,846,-690
116000607,5,40,-35
116000609,99,2566,-2467
116000611,423,147,276
116000612,3043,2833,210
116000613,1303,369,934
116000614,922,139,783
116000615,0,362,-362
116000616,217,52,165
116000617,313,11,302
116000618,6,11,-5
116000619,33,207,-174
116000620,780,205,575
116000621,128,91,37
116000622,257,130,127
116000624,174,693,-519
116000627,287,43,244
116000628,603,196,407
116000629,273,143,130
116000630,2821,25,2796
116000631,2157,41,2116
116000632,2711,104,2607
116000633,26,146,-120
116000634,2242,34,2208
116000635,1865,2400,-535
116000636,278,1143,-865
116000637,1299,21,1278
116000638,10,138,-128
116900001,208,70,138
116900002,309,4,305
116900003,200,3,197
116900004,65,240,-175
116900005,668,11,657
116900006,96,362,-266
116900007,89,162,-73
116900008,1807,142,1665
116900009,7,37,-30
116900010,4,347,-343
116900011,14,13,1
116900012,186,419,-233
116900013,2,37,-35
116900014,398,33,365
116900015,1582,40,1542
116900016,593,12,581
116900017,0,217,-217
116900018,200,161,39
116900019,1,109,-108
116900020,477,4407,-3930
116900023,62,42,20
116900024,1982,19,1963
116900025,2825,458,2367
116900026,44,251,-207
116900027,242,24,218
116900028,2,31,-29
116900029,4,380,-376
116900031,1,1,0
116900032,2,60,-58
116900033,57,3,54
116900034,7,30,-23
116900035,434,110,324
116900036,38,121,-83
116900038,13,1,12
116900041,258,6,252
116900042,259,207,52
116900043,54,57,-3
116900047,73,730,-657
116900049,46,122,-76
116900050,45,169,-124
116900051,1047,14,1033
116900052,307,193,114
116900055,0,37,-37
116900057,35,115,-80
116900058,34,190,-156
116900059,0,30,-30
116900060,210,254,-44
116900062,3,230,-227
116900064,136,104,32
116900065,13,102,-89
116900067,200,15,185
116900068,208,122,86
116900070,65,5,60
116900072,65,55,10
116900073,18,46,-28
116900074,10,23,-13
116900076,33,163,-130
116900077,4,29,-25
116900078,120,24,96
116900079,173,79,94
116900080,0,30,-30
116900081,170,410,-240
116900082,267,1324,-1057
116900083,0,10,-10
116900084,81,19,62
116900085,11,53,-42
116900086,30,165,-135
116900088,360,12,348
116900090,8,10,-2
116900091,1279,11,1268
116900092,100,225,-125
116900093,2545,1608,937
116900094,4290,9368,-5078
116900095,649,139,510
116900096,200,758,-558
116900097,1338,7201,-5863
116900098,455,277,178
116900099,226,454,-228
116900100,2624,215,2409
116900101,175,591,-416
116900103,4,0,4
116900104,7,211,-204
116900105,939,355,584
116900106,7427,69,7358
116900107,1072,5491,-4419
116900110,37,0,37
116900111,1669,389,1280
116900112,513,338,175
116900113,1203,5841,-4638
116900116,21,541,-520
116900117,486,532,-46
116900118,771,1436,-665
116900120,889,68,821
116900121,538,46,492
116900122,2941,629,2312
116900123,1357,387,970
116900124,150,229,-79
116900125,1126,111,1015
116900126,144,1526,-1382
116900128,1,20,-19
116900129,1,354,-353
116900130,835,9405,-8570
116900131,81,423,-342
116900132,200,151,49
116900133,569,159,410
116900134,501,186,315
116900136,288,325,-37
116900137,393,151,242
116900138,165,47,118
116900139,38,123,-85
116900140,198,35,163
116900141,543,61,482
116900142,3,91,-88
116900143,658,64,594
116900144,178,16,162
116900145,165,139,26
116900147,194,1221,-1027
116900148,2,11,-9
116900149,84,237,-153
116900150,12,7,5
116900151,70,23,47
116900153,289,207,82
116900154,331,1067,-736
116900155,123,84,39
116900157,2190,43,2147
116900158,218,492,-274
116900159,134,474,-340
116900160,1553,657,896
116900161,3266,17206,-13940
116900162,75,132,-57
116900163,745,41,704
116900164,220,46,174
116900165,1213,377,836
116900166,188,161,27
116900167,989,30,959
116900168,1413,9,1404
116900169,143,758,-615
116900170,1086,338,748
116900171,95,124,-29
116900172,186,1130,-944
116900173,963,8,955
116900174,27,334,-307
116900175,693,411,282
116900178,77,62,15
116900179,80,769,-689
116900180,163,1,162
116900182,985,194,791
116900183,308,186,122
116900185,82,7,75
116900186,209,42,167
116900187,67,104,-37
116900188,307,7,300
116900189,84,3,81
116900191,121,125,-4
116900192,697,181,516
116900194,124,2536,-2412
116900195,38,8,30
116900196,29,27,2
116900197,328,17,311
116900198,59,1611,-1552
116900200,239,4,235
116900201,808,4,804
116900202,88,25,63
116900203,470,12,458
116900204,20,380,-360
116900206,135,1,134
116900207,17,25,-8
116900208,1,45,-44
116900209,73,27,46
116900210,453,173,280
116900211,279,9,270
116900212,198,2,196
116900213,245,85,160
116900214,568,234,334
116900215,63,31,32
116900216,411,127,284
116900218,1,150,-149
116900219,736,103,633
116900220,125,212,-87
116900221,270,377,-107
116900222,422,213,209
116900223,35,45,-10
116900226,447,16,431
116900227,770,16,754
116900228,824,118,706
116900230,122,79,43
116900231,192,149,43
116900232,102,264,-162
116900233,652,120,532
116900234,57,6,51
116900235,154,146,8
116900238,432,67,365
116900239,6,1764,-1758
116900240,3578,6564,-2986
116900241,50,95,-45
116900242,472,1788,-1316
116900243,0,25,-25
116900245,57,98,-41
116900246,65,17,48
116900247,1878,51,1827
116900248,152,15,137
116900249,1802,123,1679
116900250,985,117,868
116900251,347,2484,-2137
116900252,639,619,20
116900253,346,72,274
116900254,151,170,-19
116900255,217,333,-116
116900256,1085,373,712
116900257,108,565,-457
116900258,7,27,-20
116900259,626,35,591
116900260,3,25,-22
116900261,42,16,26
116900262,128,128,0
116900263,0,3,-3
116900264,11,4,7
116900265,302,0,302
116900266,52,9,43
116900267,39,0,39
116900268,5,594,-589
116900269,532,1150,-618
116900271,532,1531,-999
116900272,326,292,34
116900273,26,114,-88
116900274,282,53,229
116900275,573,76,497
116900276,463,873,-410
116900277,201,165,36
116900278,0,4,-4
116900279,12,9,3
116900280,175,3,172
116900281,2821,13303,-10482
116900282,1,37,-36
116900283,17,15,2
116900284,4,79,-75
116900285,114,995,-881
116900286,142,0,142
116900287,12,12,0
116900288,307,36,271
116900289,70,1,69
116900290,30,0,30
116900291,30,5,25
116900292,1,31,-30
116900293,191,4,187
116900294,9,61,-52
116900295,325,268,57
116900296,100,142,-42
116900297,6,69,-63
116900298,71,155,-84
116900299,2,116,-114
116900300,0,120,-120
116900301,64,386,-322
116900302,13,105,-92
116900303,213,140,73
116900304,0,257,-257
116900305,14,44,-30
116900306,687,44,643
117000001,4177,5127,-950
117000002,2330,3251,-921
117000003,7738,2708,5030
117000004,2473,3914,-1441
117000005,5523,2152,3371
117000006,1505,1994,-489
117000007,11425,1377,10048
117000008,1723,2517,-794
117000009,6620,1740,4880
117000010,1221,2026,-805
117000011,6055,1775,4280
117000012,2693,1682,1011
117000013,4279,1445,2834
117000014,2507,2911,-404
117000015,4922,2530,2392
117000016,310,425,-115
117000017,60,329,-269
117000018,192,1539,-1347
117000019,64,0,64
117000020,470,4602,-4132
117000021,1685,495,1190
117000022,97,581,-484
117000023,68,591,-523
117000024,186,1015,-829
117000025,269,3361,-3092
117000026,2467,3944,-1477
117000027,842,2689,-1847
117000028,666,1390,-724
117000030,346,483,-137
117000031,708,257,451
117000032,1802,1731,71
117000033,1982,1036,946
117000034,487,281,206
117000035,540,350,190
117000036,837,381,456
117000037,542,214,328
117000038,379,438,-59
117000039,321,362,-41
117000040,53,532,-479
117000041,2518,98,2420
117000044,27,249,-222
117000045,1963,763,1200
117000046,287,1113,-826
117000047,935,1090,-155
117000048,1499,669,830
117000049,36,384,-348
117000050,1409,2374,-965
117000051,4842,112,4730
117000052,211,173,38
117000053,2616,28,2588
117000054,2843,4,2839
117000055,0,721,-721
117000056,833,48,785
117000057,1472,1854,-382
117000060,498,944,-446
117000061,3671,2234,1437
117000062,215,625,-410
117000063,2177,793,1384
117000064,557,510,47
117000066,322,588,-266
117000067,133,581,-448
117000074,29,234,-205
117000076,93,51,42
117000077,290,173,117
117000078,137,1120,-983
117000079,540,245,295
117000080,0,369,-369
117000081,882,144,738
117000082,18,171,-153
117000083,131,47,84
117000084,308,1,307
117000085,846,1673,-827
117000086,940,537,403
117000087,202,678,-476
117000088,894,198,696
117000089,4858,129,4729
117000090,638,491,147
117000091,2894,133,2761
117000092,762,507,255
117000093,4184,286,3898
117000094,1338,535,803
117000095,6017,330,5687
117000096,1515,540,975
117000097,4512,765,3747
117000098,2356,1382,974
117000099,8058,711,7347
117000100,413,321,92
117000101,299,441,-142
117000102,3588,407,3181
117000103,651,658,-7
117000104,3719,408,3311
117000105,748,637,111
117000106,3782,289,3493
117000107,842,888,-46
117000108,4713,887,3826
117000109,721,1299,-578
117000110,2412,3165,-753
117000111,5753,4040,1713
117000112,6898,1015,5883
117000113,118,69,49
117000114,525,468,57
117000115,60,28,32
117000116,332,340,-8
117000117,1862,1036,826
117000118,752,654,98
117000119,159,662,-503
117000120,20,750,-730
117000121,25,1383,-1358
117000122,1141,2145,-1004
117000123,2341,70,2271
117000124,43,181,-138
117000125,58,484,-426
117000126,69,46,23
117000127,140,645,-505
117000128,109,999,-890
117000129,196,1244,-1048
117000130,336,1,335
117000131,0,137,-137
117000132,9682,61,9621
117000133,7573,48,7525
117000134,1,114,-113
117000135,1,134,-133
117000136,1,32,-31
117000137,412,135,277
117000138,0,927,-927
117000140,584,559,25
117000141,3324,373,2951
117000181,393,156,237
117000182,3032,3368,-336
117000195,292,283,9
117000196,670,248,422
117000225,58,440,-382
117000226,4,287,-283
117000276,981,94,887
117000277,0,73,-73
117000310,1272,4533,-3261
117000315,261,1191,-930
117000320,108,0,108
117000906,1283,27,1256
117000907,8,137,-129
117000908,1,225,-224
117000909,191,111,80
117000910,358,107,251
117000911,57,174,-117
117000915,4,118,-114
117000916,203,9,194
117000917,2392,100,2292
117000918,381,169,212
117000919,2,69,-67
117000920,1,2142,-2141
117000921,0,334,-334
117000922,76,78,-2
117000924,2054,1085,969
117000926,595,328,267
117000927,261,575,-314
117000928,1,109,-108
117000929,1125,104,1021
117000930,1748,9,1739
117000931,141,106,35
117900002,71,997,-926
117900003,105,98,7
117900005,0,341,-341
117900006,0,31,-31
117900007,317,58,259
117900008,0,30,-30
117900010,711,81,630
117900011,4,735,-731
117900012,187,69,118
117900013,2,672,-670
117900014,1228,116,1112
117900015,61,238,-177
117900016,1253,1913,-660
117900017,1577,367,1210
117900018,779,526,253
117900019,1648,198,1450
117900020,53,227,-174
117900021,60,170,-110
117900022,47,1,46
117900023,3099,172,2927
117900024,172,184,-12
117900025,41,0,41
117900026,1000,302,698
117900028,157,22,135
117900029,803,268,535
117900030,410,551,-141
117900031,628,481,147
117900032,1697,695,1002
117900033,906,283,623
117900034,176,67,109
117900035,601,1520,-919
117900036,584,212,372
117900037,438,62,376
117900038,160,72,88
117900039,0,95,-95
117900040,576,81,495
117900041,0,23,-23
117900042,2815,746,2069
117900043,0,8,-8
117900044,31,6974,-6943
117900045,595,150,445
117900048,530,316,214
117900049,554,508,46
117900050,1,482,-481
117900051,61,44,17
117900052,224,1013,-789
117900053,3691,222,3469
117900054,1,9,-8
117900055,1560,429,1131
117900056,70,242,-172
117900057,1824,936,888
117900058,2,117,-115
117900059,147,250,-103
117900060,5878,2651,3227
117900061,20,443,-423
117900063,1013,230,783
117900065,350,1114,-764
117900066,7,278,-271
117900067,1721,201,1520
117900069,1811,140,1671
117900070,47,535,-488
117900071,440,127,313
117900073,2017,92,1925
117900074,16,621,-605
117900075,281,166,115
117900076,25,151,-126
117900077,1731,114,1617
117900078,763,668,95
117900080,329,33,296
117900081,402,169,233
117900082,1469,380,1089
117900083,1716,559,1157
117900086,354,80,274
117900087,228,21,207
117900088,767,727,40
117900089,4530,586,3944
117900090,1461,821,640
117900091,233,33,200
117900092,416,46,370
117900093,277,25,252
117900094,134,40,94
117900095,1227,1081,146
117900096,391,330,61
117900097,334,89,245
117900098,274,36,238
117900099,567,805,-238
117900100,1734,3,1731
117900101,1535,3905,-2370
117900102,192,42,150
117900103,164,11,153
117900104,2,493,-491
117900105,42,213,-171
117900106,148,32,116
117900107,204,3,201
117900109,3033,994,2039
117900110,754,1,753
117900111,2956,330,2626
117900112,232,16,216
117900113,2159,4025,-1866
117900114,188,0,188
117900115,23,256,-233
117900116,1550,406,1144
117900117,1778,184,1594
117900118,681,1,680
117900119,679,15,664
117900120,1419,17,1402
117900121,174,46,128
117900122,984,10637,-9653
117900123,1690,739,951
117900124,389,1094,-705
117900125,2366,802,1564
117900126,207,184,23
117900127,1592,269,1323
117900128,828,444,384
117900129,402,0,402
117900130,1468,1014,454
117900131,20,139,-119
117900132,10,40,-30
117900133,24,26,-2
117900134,167,282,-115
117900135,77,120,-43
117900136,0,3,-3
117900137,171,160,11
117900138,1,3,-2
117900139,153,96,57
117900140,5862,429,5433
117900141,40,282,-242
117900142,12,754,-742
117900144,23,930,-907
117900145,3,606,-603
117900146,149,551,-402
117900147,286,167,119
117900148,2995,5178,-2183
117900149,96,132,-36
117900150,159,85,74
117900151,83,154,-71
117900152,24,156,-132
117900153,43,246,-203
117900154,912,413,499
117900156,206,374,-168
117900157,169,229,-60
117900158,716,35,681
117900160,1790,814,976
117900161,1150,443,707
117900162,1182,333,849
117900163,46,1173,-1127
117900165,0,5,-5
117900166,4,166,-162
117900168,253,207,46
117900169,0,68,-68
117900170,0,24,-24
117900171,16,5,11
117900172,36,18,18
117900173,79,37,42
117900174,24,22,2
117900175,4,36,-32
117900176,39,37,2
117900177,55,19,36
117900178,126,77,49
117900180,444,8,436
117900181,149,932,-783
117900182,1,121,-120
117900183,342,149,193
117900184,70,54,16
117900185,70,73,-3
117900186,149,29,120
117900187,49,8,41
117900188,466,160,306
117900189,269,15,254
117900190,27,0,27
117900191,180,0,180
117900192,578,0,578
117900193,16,30,-14
117900194,1,1,0
117900195,48,701,-653
117900196,105,26,79
117900207,124,151,-27
117900208,44,35,9
117900209,372,95,277
117900210,242,66,176
117900211,1,54,-53
117900212,263,84,179
117900213,133,31,102
117900214,42,22,20
117900215,47,33,14
117900216,15,102,-87
117900217,92,169,-77
117900218,101,150,-49
117900219,0,181,-181
117900220,16,317,-301
117900222,341,128,213
117900223,225,661,-436
118000001,826,2383,-1557
118000002,560,1195,-635
118000003,2202,4000,-1798
118000004,1023,3626,-2603
118000005,4290,2599,1691
118000006,2945,3889,-944
118000007,6301,11594,-5293
118000008,986,9565,-8579
118000009,1585,3993,-2408
118000010,4094,4246,-152
118000011,4198,1542,2656
118000012,1360,2397,-1037
118000013,3041,2972,69
118000014,1899,1416,483
118000016,537,139,398
118000017,931,500,431
118000018,467,145,322
118000019,1275,1962,-687
118000020,411,1803,-1392
118000021,470,2095,-1625
118000022,1344,583,761
118000023,510,305,205
118000024,635,651,-16
118000027,9399,6616,2783
118000029,596,723,-127
118000032,353,1734,-1381
118000033,1796,3992,-2196
118000034,2713,2796,-83
118000035,1701,1903,-202
118000036,1158,936,222
118000037,984,1174,-190
118000038,1149,61,1088
118000039,259,83,176
118000040,2884,1257,1627
118000041,5220,1931,3289
118000045,138,274,-136
118000046,646,1415,-769
118000047,539,2452,-1913
118000048,1784,3727,-1943
118000051,1275,3511,-2236
118000052,485,1289,-804
118000053,442,1879,-1437
118000054,3157,1720,1437
118000055,2165,1560,605
118000056,91,722,-631
118000057,161,1178,-1017
118000058,2006,5383,-3377
118000059,1300,3499,-2199
118000060,1741,1326,415
118000061,2093,1907,186
118000062,575,203,372
118000063,363,791,-428
118000064,811,1599,-788
118000065,2430,1894,536
118000066,1433,3162,-1729
118000067,522,736,-214
118000068,779,13388,-12609
118000069,1222,1337,-115
118000070,7483,2916,4567
118000071,4491,14847,-10356
118000072,711,5270,-4559
118000073,375,2261,-1886
118000074,413,994,-581
118000075,704,462,242
118000076,2008,10663,-8655
118000077,1041,1150,-109
118000078,2571,2616,-45
118000079,179,628,-449
118000080,407,741,-334
118000081,1691,1614,77
118000082,431,1118,-687
118000083,1370,1343,27
118000084,1508,3591,-2083
118000086,154,820,-666
118000087,4147,2587,1560
118000088,1430,1680,-250
118000089,3862,4263,-401
118000090,1448,4955,-3507
118000091,1296,7615,-6319
118000092,769,651,118
118000093,102,737,-635
118000096,843,429,414
118000097,1014,530,484
118000098,256,238,18
118000099,1005,256,749
118000101,2603,339,2264
118000102,524,451,73
118000107,1881,351,1530
118000108,721,9722,-9001
118000110,0,14,-14
118000111,1,114,-113
118000112,2713,42,2671
118000113,1,441,-440
118000114,2777,46,2731
118000115,29,30,-1
118000116,98,0,98
118000117,660,697,-37
118000118,1715,1247,468
118000119,2081,1635,446
118000120,1218,891,327
118000121,14,505,-491
118000122,414,211,203
118000123,96,252,-156
118000125,813,1323,-510
118000126,939,3160,-2221
118000127,1262,852,410
118000128,284,2165,-1881
118000129,1866,1200,666
118000130,1892,3010,-1118
118000131,399,770,-371
118000132,3238,2941,297
118000133,2496,952,1544
118000135,994,1089,-95
118000136,174,728,-554
118000137,463,96,367
118000138,612,366,246
118000139,694,119,575
118000140,4986,11602,-6616
118000141,4181,1766,2415
118000142,4922,2224,2698
118000143,4591,2390,2201
118000144,596,339,257
118000145,1568,1034,534
118000146,1907,255,1652
118000147,1674,628,1046
118000148,1496,2078,-582
118000149,1296,453,843
118000150,1600,252,1348
118000151,1277,161,1116
118000153,2837,728,2109
118000154,2619,679,1940
118000155,3839,924,2915
118000156,2507,4795,-2288
118000157,762,279,483
118000158,309,892,-583
118000159,30,136,-106
118000160,1275,414,861
118000161,918,361,557
118000162,2174,894,1280
118000163,1896,1058,838
118000164,2374,1523,851
118000168,565,2308,-1743
118000169,1201,972,229
118000170,3382,2472,910
118000171,631,321,310
118000172,36,148,-112
118000173,875,1535,-660
118000175,268,251,17
118000176,556,223,333
118000177,482,334,148
118000178,45,38,7
118000179,728,610,118
118000180,669,427,242
118000181,543,130,413
118000182,310,79,231
118000183,281,213,68
118000184,2096,363,1733
118000185,430,2440,-2010
118000186,384,1642,-1258
118000187,3673,359,3314
118000188,2063,60,2003
118000189,2299,175,2124
118000190,15,0,15
118000191,64,8,56
118000192,8,121,-113
118000193,8,191,-183
118000194,2189,1221,968
118000195,276,3652,-3376
118000196,53,679,-626
118000197,91,395,-304
118000198,255,2143,-1888
118000199,293,1284,-991
118000200,98,866,-768
118000201,134,1203,-1069
118000202,44,696,-652
118000203,283,2169,-1886
118000204,53,755,-702
118000205,87,336,-249
118000206,397,261,136
118000207,0,65,-65
118000208,2308,1460,848
118000209,2900,520,2380
118000210,598,36,562
118000211,413,40,373
118000213,633,4498,-3865
118000214,273,811,-538
118000215,510,108,402
118000216,12528,2548,9980
118000217,8,51,-43
118000218,147,41,106
118000219,306,287,19
118000220,86,41,45
118000221,1961,1663,298
118000222,132,4,128
118000223,125,43,82
118000224,110,63,47
118000225,333,774,-441
118000226,2879,212,2667
118000227,629,534,95
118000228,29,288,-259
118000229,40,682,-642
118000230,217,201,16
118000231,106,218,-112
118000232,1321,236,1085
118000233,2341,424,1917
118000234,915,82,833
118000236,390,336,54
118000237,321,141,180
118000238,360,47,313
118000239,609,329,280
118000240,74,85,-11
118000241,499,129,370
118000242,1148,171,977
118000243,425,126,299
118000244,146,29,117
118000246,0,54,-54
118000255,37,381,-344
118000256,289,237,52
118000259,23,117,-94
118000260,495,77,418
118000261,104,14,90
118000263,144,260,-116
118000266,290,138,152
118000267,1,165,-164
118000268,404,6,398
118000270,395,5,390
118000271,453,114,339
118000272,60,50,10
118000273,759,31,728
118000274,82,226,-144
118000276,681,148,533
118000295,53,220,-167
118000298,223,150,73
118000299,61,38,23
118000301,0,62,-62
118000302,170,10,160
118000311,2410,62,2348
118000312,817,69,748
118000313,112,74,38
118000314,337,8,329
118000315,226,16,210
118000316,1407,228,1179
118000325,190,8,182
118000326,109,66,43
118000331,104,12,92
118000332,10,9,1
118000333,97,45,52
118000335,1853,12,1841
118000336,0,202,-202
118000407,807,41,766
118000457,4,52,-48
118000465,609,3079,-2470
118000480,168,39,129
118000489,8,1002,-994
118000490,2,216,-214
118000492,1074,230,844
118000510,62,1,61
118000514,70,308,-238
118000515,864,2812,-1948
118000517,273,173,100
118000524,309,560,-251
118000525,394,773,-379
118000530,16,257,-241
118000531,927,269,658
118000532,316,120,196
118000533,232,51,181
118000534,902,201,701
118000535,590,75,515
118000536,63,508,-445
118000537,75,77,-2
118000538,34,77,-43
118000539,30,216,-186
118000540,361,184,177
118000541,106,146,-40
118000542,203,348,-145
118000543,526,240,286
118000546,105,25,80
118000553,0,0,0
118000557,0,0,0
118000560,824,4142,-3318
118000562,121,45,76
118000563,1558,1387,171
118000576,236,28,208
118000577,266,134,132
118000578,109,25,84
118000579,528,2669,-2141
118000583,4,20,-16
118000595,269,48,221
118000596,0,210,-210
118000597,357,56,301
118000598,13,0,13
118000599,280,46,234
118000600,4,9,-5
118000601,8,0,8
118000602,0,18,-18
118000603,0,13,-13
118900001,631,1460,-829
118900002,742,1114,-372
118900003,1492,11,1481
118900004,261,20,241
118900005,115,4,111
118900006,394,3,391
118900007,0,2,-2
118900008,921,22,899
118900009,260,277,-17
118900010,189,19,170
118900011,261,20,241
118900012,390,146,244
118900013,1328,1143,185
118900015,644,43,601
118900016,3,6,-3
118900017,35,310,-275
118900018,1300,28,1272
118900019,21,6,15
118900020,28,104,-76
118900021,235,519,-284
118900022,191,17,174
118900023,89,138,-49
118900024,179,115,64
118900025,51,199,-148
118900026,79,16,63
118900027,406,216,190
118900028,258,147,111
118900029,386,339,47
118900030,1575,135,1440
118900031,191,41,150
118900032,341,72,269
118900033,483,849,-366
118900034,479,61,418
118900035,128,87,41
118900036,1856,385,1471
118900037,531,949,-418
118900038,1000,50,950
118900039,1821,263,1558
118900040,400,69,331
118900041,1236,150,1086
118900042,110,65,45
118900045,194,297,-103
118900046,289,293,-4
118900047,292,448,-156
118900048,104,556,-452
118900049,35,10,25
118900050,284,15,269
118900051,119,113,6
118900052,286,469,-183
118900053,12,49,-37
118900054,136,84,52
118900055,439,10,429
118900056,45,211,-166
118900057,1023,648,375
118900058,925,536,389
118900059,23,67,-44
118900060,211,210,1
118900062,452,72,380
118900064,164,864,-700
118900065,102,315,-213
118900066,168,79,89
118900067,2767,6265,-3498
118900068,7,787,-780
118900069,1115,104,1011
118900071,8,6,2
118900072,786,1166,-380
118900073,539,94,445
118900074,269,58,211
118900075,457,9,448
118900076,264,32,232
118900077,841,171,670
118900078,4,0,4
118900079,25,89,-64
118900080,382,86,296
118900081,99,52,47
118900082,3599,378,3221
118900083,32,5,27
118900084,25,3,22
118900085,267,163,104
118900086,65,109,-44
118900087,178,1876,-1698
118900088,8,6,2
118900089,71,12,59
118900090,234,77,157
118900091,261,322,-61
118900092,693,11,682
118900093,121,9,112
118900096,118,7,111
118900097,481,222,259
118900099,24,85,-61
118900100,80,97,-17
118900101,756,145,611
118900102,51,75,-24
118900103,26,100,-74
118900104,613,88,525
118900105,219,49,170
118900107,49,19,30
118900108,132,133,-1
118900110,1529,1851,-322
118900111,1280,576,704
118900112,473,334,139
118900113,96,310,-214
118900114,20,69,-49
118900115,235,293,-58
118900116,205,74,131
118900117,197,36,161
118900118,651,132,519
118900119,257,137,120
118900120,91,335,-244
118900121,61,123,-62
118900122,4,955,-951
118900123,116,270,-154
118900124,278,249,29
118900126,85,209,-124
118900129,463,79,384
118900130,34,124,-90
118900131,721,299,422
118900132,542,179,363
118900133,18,198,-180
118900135,350,98,252
118900136,637,121,516
118900137,12,92,-80
118900139,817,411,406
118900140,795,220,575
118900141,141,215,-74
118900144,243,128,115
118900145,18,299,-281
118900146,708,359,349
118900147,130,409,-279
118900148,30,57,-27
118900150,81,786,-705
118900152,563,255,308
118900157,19,205,-186
118900158,461,52,409
118900159,0,90,-90
118900161,92,38,54
118900163,30,55,-25
118900164,0,27,-27
118900165,170,94,76
118900166,3,0,3
118900167,89,71,18
118900168,65,141,-76
118900169,395,196,199
118900170,759,67,692
118900171,99,18,81
118900174,15,27,-12
118900175,798,327,471
118900176,306,333,-27
118900177,167,11,156
118900178,115,34,81
118900179,7,24,-17
118900181,205,45,160
118900182,36,39,-3
118900183,9,220,-211
118900184,234,47,187
118900185,232,33,199
118900186,103,64,39
118900187,177,431,-254
118900188,277,158,119
118900189,52,607,-555
118900190,182,100,82
118900191,959,70,889
118900192,1211,33,1178
118900193,2444,8,2436
118900195,172,425,-253
118900196,44,90,-46
118900197,892,6,886
118900198,125,0,125
118900199,172,25,147
118900200,75,42,33
118900201,101,97,4
118900202,1,36,-35
118900203,117,7,110
118900204,35,4,31
118900205,3,6,-3
118900206,1,5,-4
119000001,2211,1953,258
119000002,4156,4020,136
119000003,7591,922,6669
119000004,4859,2519,2340
119000005,3354,3664,-310
119000006,6727,2984,3743
119000007,5807,4687,1120
119000008,2541,2344,197
119000009,2744,8378,-5634
119000010,4916,5720,-804
119000011,2431,2888,-457
119000012,1480,4680,-3200
119000013,4091,1968,2123
119000014,3126,3456,-330
119000019,518,237,281
119000020,4476,1964,2512
119000021,7818,4247,3571
119000022,1933,5864,-3931
119000023,170,346,-176
119000024,2105,28877,-26772
119000025,3685,1456,2229
119000026,35,726,-691
119000027,109,692,-583
119000028,2282,736,1546
119000029,27,223,-196
119000030,900,883,17
119000031,2075,738,1337
119000032,2028,1523,505
119000033,3314,904,2410
119000034,2682,619,2063
119000035,65,192,-127
119000036,4613,258,4355
119000037,2843,587,2256
119000038,418,267,151
119000039,1001,653,348
119000040,809,1025,-216
119000041,1458,2681,-1223
119000048,2272,997,1275
119000049,4559,1401,3158
119000050,1154,3392,-2238
119000051,3606,1632,1974
119000052,2593,2382,211
119000053,3014,1256,1758
119000054,4527,903,3624
119000055,8847,1170,7677
119000056,5874,1112,4762
119000057,2467,598,1869
119000058,1522,741,781
119000059,913,537,376
119000060,3320,437,2883
119000061,1036,278,758
119000062,1300,519,781
119000063,858,786,72
119000064,704,583,121
119000065,1307,2637,-1330
119000066,2529,1303,1226
119000067,1885,797,1088
119000068,3172,459,2713
119000069,3228,1027,2201
119000070,6071,345,5726
119000071,597,320,277
119000072,4216,2532,1684
119000073,6238,12586,-6348
119000074,2711,867,1844
119000075,7867,2309,5558
119000076,181,399,-218
119000077,1493,347,1146
119000078,888,227,661
119000079,329,269,60
119000080,1454,151,1303
119000081,471,259,212
119000082,1583,250,1333
119000083,1029,637,392
119000084,549,240,309
119000085,465,66,399
119000086,492,1002,-510
119000087,735,144,591
119000088,373,41,332
119000089,115,152,-37
119000090,83,46,37
119000091,63,304,-241
119000092,162,131,31
119000093,3265,1725,1540
119000094,6839,5306,1533
119000095,4286,2584,1702
119000097,1111,707,404
119000098,1447,7395,-5948
119000099,2037,566,1471
119000100,6382,2779,3603
119000101,5180,1552,3628
119000102,467,2030,-1563
119000103,1086,664,422
119000104,1112,515,597
119000105,1668,3981,-2313
119000106,850,405,445
119000107,2551,825,1726
119000108,1189,380,809
119000109,190,345,-155
119000110,202,282,-80
119000111,106,779,-673
119000112,189,50,139
119000113,805,117,688
119000114,1785,2373,-588
119000115,44,172,-128
119000116,149,82,67
119000117,269,298,-29
119000118,52,0,52
119000123,2101,2110,-9
119000124,2234,142,2092
119000125,7864,413,7451
119000126,3605,482,3123
119000127,1320,241,1079
119000128,31,0,31
119000131,1809,134,1675
119000132,1,0,1
119000133,9,11,-2
119000134,803,755,48
119000135,344,159,185
119000136,627,63,564
119000137,719,108,611
119000138,1550,47,1503
119000139,222,50,172
119000140,321,419,-98
119000284,1334,1649,-315
119000285,1560,742,818
119000286,3847,2443,1404
119000287,2085,2494,-409
119000288,3119,814,2305
119000289,1662,1709,-47
119000290,364,376,-12
119000291,68,555,-487
119000293,181,288,-107
119000294,39,39,0
119000295,1981,245,1736
119000296,458,109,349
119000302,1358,1456,-98
119000303,5,156,-151
119000304,0,0,0
119000310,0,0,0
119000314,2294,17112,-14818
119000315,0,93,-93
119000316,417,68,349
119000317,297,107,190
119900001,106,2462,-2356
119900002,477,167,310
119900003,3,166,-163
119900004,134,4384,-4250
119900005,476,112,364
119900006,58,499,-441
119900007,493,299,194
119900008,56,488,-432
119900009,560,218,342
119900010,856,360,496
119900011,20,587,-567
119900012,9,264,-255
119900013,1583,1017,566
119900014,707,68,639
119900015,602,87,515
119900016,146,66,80
119900017,32,86,-54
119900018,661,2520,-1859
119900019,88,5,83
119900020,93,118,-25
119900021,272,56,216
119900022,105,1909,-1804
119900023,371,4031,-3660
119900025,858,29,829
119900026,619,95,524
119900027,7,10,-3
119900028,458,390,68
119900029,9,0,9
119900030,857,834,23
119900031,69,1406,-1337
119900033,1051,227,824
119900034,1870,39,1831
119900037,343,44,299
119900038,20,744,-724
119900039,113,12,101
119900040,105,49,56
119900041,437,7,430
119900042,94,1107,-1013
119900043,110,180,-70
119900044,169,1256,-1087
119900046,504,14,490
119900047,923,406,517
119900048,134,3,131
119900049,270,16,254
119900050,184,220,-36
119900051,1870,17,1853
119900052,397,19,378
119900053,579,177,402
119900054,759,7,752
119900055,1870,230,1640
119900057,859,13,846
119900058,860,15,845
119900059,168,24,144
119900060,672,48,624
119900062,418,4,414
119900063,24,125,-101
119900065,464,1,463
119900066,2,0,2
119900067,172,181,-9
119900068,1362,2,1360
119900069,236,9,227
119900070,1764,37,1727
119900071,1791,41,1750
119900073,2551,122,2429
119900074,83,28,55
119900075,1798,1588,210
119900076,2346,379,1967
119900077,2153,227,1926
119900078,1217,1163,54
119900079,1557,118,1439
119900080,3426,671,2755
119900081,1451,34,1417
119900082,4672,437,4235
119900083,745,116,629
119900084,906,386,520
119900085,89,28,61
119900087,307,435,-128
119900088,138,17,121
119900089,36,92,-56
119900090,142,7,135
119900091,134,271,-137
119900092,29,528,-499
119900093,1731,171,1560
119900094,3,191,-188
119900095,287,18,269
119900096,27,64,-37
119900097,51,213,-162
119900098,45,15,30
119900099,35,90,-55
119900100,428,2755,-2327
119900101,120,738,-618
119900102,80,69,11
119900103,69,61,8
119900104,52,60,-8
119900105,742,1460,-718
119900106,11,64,-53
119900107,308,950,-642
119900108,2813,396,2417
119900109,9,55,-46
119900110,836,284,552
119900111,289,95,194
119900112,513,1194,-681
119900113,102,226,-124
119900114,416,229,187
119900115,1112,209,903
119900116,336,494,-158
119900117,420,148,272
119900118,309,148,161
119900119,444,131,313
119900120,488,229,259
119900121,1128,180,948
119900122,103,86,17
119900123,109,137,-28
119900124,416,184,232
119900125,56,101,-45
119900126,1337,207,1130
119900127,553,219,334
119900128,1003,1214,-211
119900129,700,111,589
119900130,15,55,-40
119900131,71,82,-11
119900132,260,67,193
119900133,337,90,247
119900134,252,62,190
119900135,3,154,-151
119900136,178,145,33
119900138,249,178,71
119900139,13,1095,-1082
119900140,16,35,-19
119900141,12,997,-985
119900142,15,25,-10
119900143,22,126,-104
119900144,756,125,631
119900145,37,153,-116
119900146,446,195,251
119900147,3,244,-241
119900148,741,29,712
119900149,418,10361,-9943
119900150,132,65,67
119900151,2022,1049,973
119900152,412,118,294
119900153,362,60,302
119900154,145,159,-14
119900155,111,26,85
119900156,3,4,-1
119900157,271,61,210
119900158,394,95,299
119900159,12,169,-157
119900160,13,62,-49
119900161,245,52,193
119900162,2296,749,1547
119900163,222,153,69
119900164,1,1,0
119900165,245,29,216
119900166,130,14,116
119900167,6,45,-39
119900168,2728,209,2519
119900169,37,272,-235
119900170,361,182,179
119900171,1019,562,457
119900172,40,8,32
119900173,1,55,-54
119900174,8,97,-89
119900175,3851,250,3601
119900177,6,53,-47
119900178,0,81,-81
119900179,452,1571,-1119
119900180,2336,705,1631
119900181,29,37,-8
119900182,2,79,-77
119900183,110,387,-277
119900184,520,339,181
119900185,67,578,-511
119900186,9,2492,-2483
119900187,1,136,-135
119900188,208,292,-84
119900189,145,241,-96
119900190,94,412,-318
119900191,178,342,-164
119900192,118,183,-65
119900193,1548,150,1398
119900194,36,31,5
119900195,3,171,-168
119900196,344,231,113
119900197,517,98,419
119900198,132,710,-578
119900199,208,9,199
119900200,1093,1238,-145
119900201,181,89,92
119900202,31,406,-375
119900203,256,815,-559
119900204,467,225,242
119900205,2236,244,1992
119900206,721,350,371
119900208,421,75,346
119900209,822,3201,-2379
119900210,111,10,101
119900211,65,0,65
119900212,561,290,271
119900213,3,40,-37
119900214,166,27,139
119900215,78,10,68
119900216,30,13,17
119900217,42,25,17
119900218,2,255,-253
119900219,46,58,-12
119900220,6,11,-5
119900221,54,45,9
119900222,24,29,-5
119900223,10,28,-18
119900224,5,7,-2
119900225,268,40,228
119900226,163,2771,-2608
119900227,176,95,81
119900228,12,1739,-1727
119900229,69,105,-36
119900230,1701,210,1491
119900231,599,46,553
119900232,212,67,145
119900233,92,6,86
119900234,3,113,-110
119900235,11,37,-26
119900236,98,172,-74
119900237,173,418,-245
119900238,2,51,-49
119900240,314,85,229
119900241,338,128,210
119900242,1984,1775,209
119900244,557,867,-310
119900245,327,187,140
119900246,263,434,-171
119900247,13,18,-5
119900248,46,874,-828
119900249,587,111,476
119900253,1123,315,808
119900254,83,2288,-2205
119900255,146,391,-245
119900256,1901,367,1534
119900257,168,3,165
119900258,739,47,692
119900259,26,40,-14
119900260,448,10,438
119900261,875,1328,-453
119900262,94,119,-25
119900263,1905,203,1702
119900264,216,31,185
119900265,993,344,649
119900266,949,178,771
119900267,199,189,10
119900268,420,48,372
119900269,2428,557,1871
119900271,105,115,-10
119900272,182,139,43
119900275,214,120,94
119900276,179,67,112
119900277,4,2,2
119900278,718,74,644
119900279,189,416,-227
119900280,519,41,478
119900281,1,585,-584
119900282,22,121,-99
119900283,45,61,-16
119900284,43,127,-84
119900285,0,97,-97
119900286,1,8,-7
119900288,0,5,-5
119900289,0,2,-2
119900290,8,0,8
119900291,0,28,-28
119900292,31,85,-54
119900293,36,18,18
119900294,52,1,51
119900295,0,0,0
119900296,0,0,0
119900299,414,174,240
119900300,1092,717,375
119900301,44,212,-168
119900302,47,177,-130
119900303,847,1297,-450
119900304,517,26,491
119900305,3,73,-70
119900306,11,0,11
119900307,130,29,101
119900308,9,15,-6
119900309,56,383,-327
119900310,414,125,289
119900311,306,18,288
119900312,133,22,111
119900313,250,239,11
119900314,501,607,-106
119900315,3520,722,2798
119900318,20,190,-170
119900319,395,134,261
119900320,554,146,408
119900321,537,62,475
119900322,4,29,-25
119900323,0,34,-34
119900324,2,107,-105
119900325,346,103,243
119900326,54,18,36
120000001,10419,40622,-30203
120000002,3243,2564,679
120000003,2365,670,1695
120000004,3020,831,2189
120000005,2946,927,2019
120000006,1846,682,1164
120000007,3407,5421,-2014
120000008,1649,788,861
120000009,1383,892,491
120000010,3182,4361,-1179
120000011,1343,839,504
120000012,2411,1120,1291
120000013,4959,2458,2501
120000014,1360,1241,119
120000015,3361,1313,2048
120000016,5840,2305,3535
120000017,6308,6293,15
120000018,3417,26646,-23229
120000019,1682,1506,176
120000020,2524,3140,-616
120000021,2027,1143,884
120000022,2661,3070,-409
120000023,1739,1384,355
120000024,1093,1456,-363
120000025,4021,1328,2693
120000026,5710,1382,4328
120000027,3180,2030,1150
120000028,710,1374,-664
120000029,1482,958,524
120000030,193,1539,-1346
120000031,2243,6169,-3926
120000032,4353,1797,2556
120000033,5272,737,4535
120000034,7180,756,6424
120000035,6002,1046,4956
120000036,4686,5967,-1281
120000037,582,2840,-2258
120000038,4437,2252,2185
120000039,577,2088,-1511
120000040,103,11533,-11430
120000041,820,1816,-996
120000042,4881,1307,3574
120000043,9073,894,8179
120000044,11714,1783,9931
120000045,12823,599,12224
120000046,7772,6909,863
120000047,580,17587,-17007
120000048,7094,3269,3825
120000049,6054,2466,3588
120000050,5033,3834,1199
120000051,2472,5264,-2792
120000052,6426,685,5741
120000053,2393,1145,1248
120000054,2070,2247,-177
120000055,1926,2373,-447
120000056,4756,3128,1628
120000057,4727,2279,2448
120000058,1646,822,824
120000059,14,2970,-2956
120000061,190,1086,-896
120000062,158,158,0
120000063,607,2149,-1542
120000064,527,812,-285
120000065,628,3355,-2727
120000066,320,206,114
120000067,24,138,-114
120000068,650,178,472
120000069,1480,235,1245
120000070,394,490,-96
120000071,1919,187,1732
120000072,2243,572,1671
120000073,2107,30,2077
120000074,99,117,-18
120000075,2401,603,1798
120000076,5215,1267,3948
120000077,5168,470,4698
120000078,2807,816,1991
120000079,459,161,298
120000080,157,163,-6
120000081,399,64,335
120000082,363,126,237
120000083,56,687,-631
120000084,204,308,-104
120000085,335,599,-264
120000086,387,155,232
120000087,459,172,287
120000088,913,547,366
120000089,1188,222,966
120000090,1033,384,649
120000091,2212,1193,1019
120000092,1420,336,1084
120000093,2123,377,1746
120000094,535,607,-72
120000095,1178,145,1033
120000096,613,328,285
120000098,1533,1660,-127
120000099,570,353,217
120000100,1242,472,770
120000101,1100,437,663
120000102,1339,1424,-85
120000103,2275,1071,1204
120000104,4275,442,3833
120000105,4597,150,4447
120000106,6691,205,6486
120000107,12588,541,12047
120000108,4588,189,4399
120000109,2239,56,2183
120000110,81,537,-456
120000111,184,484,-300
120000112,681,896,-215
120000113,670,1091,-421
120000114,557,791,-234
120000115,534,679,-145
120000116,500,1105,-605
120000117,582,550,32
120000118,47,49,-2
120000119,5,52,-47
120000120,316,471,-155
120000121,20,19,1
120000122,238,1611,-1373
120000123,2018,15426,-13408
120000124,535,407,128
120000125,1805,546,1259
120000126,758,1237,-479
120000127,1019,793,226
120000128,2726,3105,-379
120000129,220,200,20
120000130,1083,551,532
120000131,901,418,483
120000134,831,182,649
120000135,1791,780,1011
120000137,583,199,384
120000138,3955,171,3784
120000139,731,402,329
120000140,3199,152,3047
120000141,674,1331,-657
120000142,1501,1603,-102
120000143,1,11,-10
120000144,259,42,217
120000145,1224,2,1222
120000146,886,1076,-190
120000149,453,468,-15
120000150,1541,14996,-13455
120000151,1123,259,864
120000152,2493,88,2405
120000153,1522,404,1118
120000154,1088,981,107
120000155,604,618,-14
120000156,932,3593,-2661
120000157,2497,374,2123
120000158,1784,692,1092
120000159,2732,1164,1568
120000160,2499,1665,834
120000161,6240,3066,3174
120000162,204,305,-101
120000163,1877,401,1476
120000164,1801,173,1628
120000165,2557,221,2336
120000166,3907,371,3536
120000167,103,135,-32
120000168,0,395,-395
120000169,6,941,-935
120000170,19,901,-882
120000171,10,257,-247
120000172,5,227,-222
120000173,158,575,-417
120000174,23,75,-52
120000175,18,20,-2
120000176,6,43,-37
120000177,388,118,270
120000178,16,23,-7
120000179,20,48,-28
120000180,24,78,-54
120000181,19,671,-652
120000182,14,619,-605
120000183,1,177,-176
120000184,68,673,-605
120000186,18,491,-473
120000187,13,546,-533
120000188,10,229,-219
120000190,44,22,22
120000191,80,37,43
120000192,57,7,50
120000193,24,0,24
120000195,7,0,7
120000196,14,3,11
120000197,5,6,-1
120000198,591,22,569
120000199,718,2,716
120000200,395,4,391
120000201,44,136,-92
120000202,2,60,-58
120000203,335,92,243
120000207,2,23,-21
120000208,25,33,-8
120000209,51,14,37
120000210,49,28,21
120000211,1278,9,1269
120000212,998,1,997
120000213,888,277,611
120000214,2,35,-33
120000215,2,35,-33
120000216,1052,74,978
120000217,174,652,-478
120000218,24,474,-450
120000219,4,239,-235
120000220,1,619,-618
120000225,5118,9,5109
120000226,1256,38,1218
120000227,1691,289,1402
120000228,10492,6311,4181
120000230,694,23,671
120000231,3944,408,3536
120000233,1844,24,1820
120000235,768,386,382
120000236,3716,4,3712
120000237,1,583,-582
120000238,1,355,-354
120000241,1514,7114,-5600
120000412,1136,61,1075
120000413,1314,131,1183
120000414,543,4,539
120000415,2,19,-17
120000416,366,24,342
120000417,28,1381,-1353
120000418,678,22,656
120000419,21,55,-34
120000420,69,3,66
120000421,8551,4459,4092
120000422,117,5220,-5103
120000423,6,240,-234
120000424,898,79,819
120000436,83,2254,-2171
120000437,46,83,-37
120000438,1273,269,1004
120000439,318,1016,-698
120000443,371,0,371
120000444,3401,507,2894
120000445,3252,1531,1721
120000446,957,96,861
120000447,1240,0,1240
120000449,612,14,598
120000450,5,106,-101
120000451,376,48,328
120000452,255,3,252
120000453,0,24,-24
120000454,41,163,-122
120000455,213,21,192
120000456,1383,7429,-6046
120000457,406,187,219
120000458,619,348,271
120000459,546,90,456
120000665,112,421,-309
120000668,87,957,-870
120000669,1007,89,918
120000670,52,257,-205
120000671,5190,1519,3671
120000672,72,454,-382
120900001,94,32,62
120900002,204,803,-599
120900003,194,11,183
120900004,34,269,-235
120900005,727,360,367
120900006,1565,153,1412
120900007,287,152,135
120900008,1770,1334,436
120900009,301,21,280
120900010,1480,163,1317
120900011,20,126,-106
120900012,25,1779,-1754
120900013,582,96,486
120900014,52,170,-118
120900015,2092,120,1972
120900016,3627,45,3582
120900017,1787,191,1596
120900018,708,119,589
120900019,622,481,141
120900020,429,612,-183
120900021,492,116,376
120900022,22,64,-42
120900023,929,1088,-159
120900024,1624,823,801
120900025,1418,523,895
120900026,212,63,149
120900027,457,16,441
120900028,1334,283,1051
120900029,29,1655,-1626
120900030,3769,437,3332
120900031,660,133,527
120900032,3480,326,3154
120900033,2763,190,2573
120900034,111,4232,-4121
120900035,202,71,131
120900037,1058,31,1027
120900038,189,921,-732
120900039,198,50,148
120900040,1047,22,1025
120900041,52,30,22
120900042,1400,24,1376
120900043,258,129,129
120900044,4,629,-625
120900045,265,21,244
120900046,1639,8,1631
120900047,236,393,-157
120900048,337,19,318
120900049,1638,18,1620
120900050,602,6209,-5607
120900051,1254,79,1175
120900052,3105,12,3093
120900053,1057,46,1011
120900054,1150,201,949
120900055,1455,4,1451
120900056,1422,79,1343
120900057,678,19,659
120900058,2045,5,2040
120900059,398,5,393
120900060,143,7,136
120900061,333,126,207
120900062,895,0,895
120900063,2206,48,2158
120900064,1969,1,1968
120900065,1663,0,1663
120900066,2757,134,2623
120900067,407,151,256
120900068,1262,2,1260
120900069,1190,14,1176
120900071,245,1,244
120900072,2347,17,2330
120900073,1870,58,1812
120900074,2375,87,2288
120900076,1510,1,1509
120900077,1316,399,917
120900078,1782,146,1636
120900079,2772,55,2717
120900080,2417,339,2078
120900081,4672,346,4326
120900082,970,418,552
120900083,308,7,301
120900084,630,656,-26
120900085,28,57,-29
120900086,64,1505,-1441
120900087,761,263,498
120900088,265,1200,-935
120900089,3129,6765,-3636
120900090,500,3,497
120900091,237,1052,-815
120900092,153,175,-22
120900093,857,73,784
120900094,270,73,197
120900095,437,14,423
120900096,222,152,70
120900097,802,296,506
120900098,44,105,-61
120900099,121,18,103
120900100,69,72,-3
120900101,31,90,-59
120900102,126,19,107
120900103,166,211,-45
120900104,8,7,1
120900105,11,305,-294
120900106,272,125,147
120900107,149,90,59
120900108,13,216,-203
120900109,76,174,-98
120900110,14,157,-143
120900111,316,196,120
120900112,16,147,-131
120900113,23,871,-848
120900114,29,99,-70
120900115,159,263,-104
120900116,2134,118,2016
120900117,9,79,-70
120900118,68,1659,-1591
120900119,5234,1818,3416
120900120,172,234,-62
120900121,7,168,-161
120900122,2324,155,2169
120900123,7,87,-80
120900124,4,142,-138
120900125,4,263,-259
120900126,121,323,-202
120900127,12,114,-102
120900128,275,482,-207
120900129,3,169,-166
120900130,61,289,-228
120900131,58,147,-89
120900132,2225,81,2144
120900133,20,569,-549
120900134,95,121,-26
120900135,3,633,-630
120900136,51,119,-68
120900137,777,46,731
120900138,2,84,-82
120900139,5,209,-204
120900140,2,168,-166
120900141,573,118,455
120900142,0,90,-90
120900143,1,164,-163
120900144,0,55,-55
120900145,163,2175,-2012
120900146,0,104,-104
120900147,1,5,-4
120900148,322,113,209
120900149,0,122,-122
120900150,148,134,14
120900151,0,78,-78
120900152,23,2,21
120900153,0,0,0
120900154,7,54,-47
120900155,469,201,268
120900156,663,111,552
120900157,0,0,0
120900158,92,188,-96
120900159,0,40,-40
120900160,21,455,-434
120900161,28,312,-284
120900162,21,285,-264
120900163,49,342,-293
120900164,0,17,-17
120900165,0,41,-41
120900166,103,571,-468
120900167,223,24,199
120900169,394,158,236
120900170,320,7294,-6974
120900171,413,69,344
120900172,26,766,-740
120900173,14,16,-2
120900174,23,155,-132
120900175,173,66,107
120900176,71,629,-558
120900177,0,3435,-3435
120900178,0,1230,-1230
120900179,98,132,-34
120900180,34,96,-62
120900181,18,18,0
120900182,39,84,-45
120900183,310,31,279
120900184,98,76,22
120900185,254,1244,-990
120900186,0,152,-152
120900187,1705,580,1125
120900188,894,0,894
120900189,42,6367,-6325
120900190,595,18,577
120900191,393,6,387
120900192,5633,24256,-18623
120900194,232,112,120
120900195,320,115,205
120900196,283,25,258
120900197,1312,70,1242
120900198,100,359,-259
120900199,332,371,-39
120900200,28,88,-60
120900201,220,62,158
120900202,0,92,-92
120900203,24,28,-4
120900204,55,106,-51
120900205,402,34,368
120900206,117,131,-14
120900207,11,915,-904
121000001,938,1306,-368
121000002,2713,2270,443
121000003,5245,2058,3187
121000004,2124,4141,-2017
121000005,2835,3174,-339
121000006,2722,3365,-643
121000007,3343,4192,-849
121000008,4028,4574,-546
121000009,5284,7619,-2335
121000010,6435,5039,1396
121000011,5955,5628,327
121000012,11736,4318,7418
121000013,5664,5063,601
121000014,5044,3225,1819
121000015,4862,6928,-2066
121000016,3696,5082,-1386
121000017,4030,1925,2105
121000018,3438,1965,1473
121000019,8453,8015,438
121000020,8377,13768,-5391
121000021,1830,3441,-1611
121000022,2818,4073,-1255
121000023,3051,1649,1402
121000024,4935,7085,-2150
121000025,309,1865,-1556
121000026,207,192,15
121000027,1298,1187,111
121000028,963,620,343
121000029,1251,622,629
121000030,926,404,522
121000031,502,554,-52
121000032,136,114,22
121000034,290,565,-275
121000035,153,264,-111
121000036,1477,1248,229
121000037,753,990,-237
121000038,307,1123,-816
121000039,158,389,-231
121000041,431,363,68
121000042,223,308,-85
121000043,403,383,20
121000044,1139,901,238
121000045,674,299,375
121000046,1372,731,641
121000047,23,65,-42
121000049,915,540,375
121000050,237,1585,-1348
121000051,1000,342,658
121000052,480,984,-504
121000053,367,214,153
121000054,34,477,-443
121000055,826,1985,-1159
121000056,801,1808,-1007
121000057,156,324,-168
121000058,195,66,129
121000059,4355,880,3475
121000060,676,1175,-499
121000061,23,547,-524
121000062,54,608,-554
121000063,984,1281,-297
121000064,867,1056,-189
121000065,232,513,-281
121000066,712,648,64
121000067,317,921,-604
121000068,476,689,-213
121000069,110,1417,-1307
121000070,1264,1597,-333
121000071,2227,1555,672
121000072,555,1442,-887
121000073,1088,2501,-1413
121000074,65,572,-507
121000075,29,69,-40
121000076,401,247,154
121000077,97,132,-35
121000078,124,169,-45
121000080,1733,445,1288
121000081,2902,4002,-1100
121000082,73,157,-84
121000083,26,88,-62
121000084,152,133,19
121000085,178,393,-215
121000086,1123,764,359
121000087,61,197,-136
121000088,985,1185,-200
121000089,203,565,-362
121000090,266,310,-44
121000091,1608,798,810
121000092,305,26,279
121000093,393,141,252
121000094,434,1042,-608
121000095,267,818,-551
121000096,6281,1614,4667
121000097,584,1637,-1053
121000098,996,463,533
121000099,1320,447,873
121000100,1793,199,1594
121000101,597,95,502
121000102,675,122,553
121000103,346,273,73
121000104,474,136,338
121000105,682,60,622
121000106,627,236,391
121000107,2132,2350,-218
121000109,1192,996,196
121000110,159,720,-561
121000114,2871,1703,1168
121000115,2007,548,1459
121000116,292,711,-419
121000117,264,302,-38
121000118,1694,225,1469
121000119,566,207,359
121000120,741,1141,-400
121000121,788,1630,-842
121000123,1011,238,773
121000126,82,320,-238
121000127,452,95,357
121000128,2274,164,2110
121000129,2140,267,1873
121000130,1119,1188,-69
121000131,2202,1036,1166
121000132,598,846,-248
121000135,422,609,-187
121000136,615,1692,-1077
121000137,637,483,154
121000138,367,3120,-2753
121000139,149,880,-731
121000141,297,197,100
121000142,557,530,27
121000143,115,20,95
121000144,595,958,-363
121000145,821,631,190
121000146,1524,1032,492
121000147,2053,482,1571
121000148,1059,565,494
121000149,3851,1842,2009
121000152,330,437,-107
121000153,1335,432,903
121000154,1727,494,1233
121000155,2353,944,1409
121000156,474,864,-390
121000157,544,987,-443
121000158,326,262,64
121000159,327,315,12
121000160,341,265,76
121000161,285,304,-19
121000162,226,92,134
121000165,967,2128,-1161
121000166,58,432,-374
121000168,807,124,683
121000169,94,77,17
121000170,504,87,417
121000171,46,124,-78
121000172,975,1624,-649
121000173,1575,1405,170
121000174,983,632,351
121000175,2407,402,2005
121000176,563,179,384
121000177,1058,572,486
121000178,74,67,7
121000179,22,160,-138
121000181,380,481,-101
121000182,191,622,-431
121000183,39,258,-219
121000184,10,245,-235
121000185,29,401,-372
121000186,231,661,-430
121000187,231,245,-14
121000188,490,29,461
121000192,1132,262,870
121000193,1104,182,922
121000194,1851,1697,154
121000195,341,1096,-755
121000196,707,345,362
121000197,130,773,-643
121000198,173,271,-98
121000199,322,201,121
121000200,1087,188,899
121000201,8,205,-197
121000202,1023,110,913
121000203,1078,1299,-221
121000204,4388,540,3848
121000205,240,243,-3
121000206,146,64,82
121000207,3367,1026,2341
121000208,26,405,-379
121000209,1565,84,1481
121000210,1563,517,1046
121000211,768,75,693
121000212,693,499,194
121000213,14956,3538,11418
121000214,1302,2988,-1686
121000215,717,1593,-876
121000216,585,902,-317
121000217,4393,4714,-321
121000218,561,1623,-1062
121000219,2170,792,1378
121000220,345,66,279
121000221,946,672,274
121000222,7520,3057,4463
121000223,221,640,-419
121000224,171,476,-305
121000225,457,10939,-10482
121000226,1081,3391,-2310
121000227,10,174,-164
121000228,36,643,-607
121000229,855,353,502
121000230,75,2521,-2446
121000231,2707,46,2661
121000232,444,335,109
121000233,1154,552,602
121000234,8,53,-45
121000235,87,283,-196
121000236,1,16,-15
121000237,37,69,-32
121000238,7,73,-66
121000239,215,11,204
121000240,22,128,-106
121000241,100,2,98
121000242,9,122,-113
121000243,207,31,176
121000244,0,18,-18
121000245,33,10,23
121000246,0,49,-49
121000247,150,2,148
121000248,381,217,164
121000249,186,268,-82
121000250,774,773,1
121000251,44,333,-289
121000252,260,175,85
121000253,688,752,-64
121000254,1481,385,1096
121000255,116,507,-391
121000256,408,527,-119
121000257,70,293,-223
121000258,50,355,-305
121000259,23,166,-143
121000260,15,156,-141
121000261,91,272,-181
121000262,1655,256,1399
121000263,610,1125,-515
121000271,917,1633,-716
121000273,94,4,90
121000274,11,251,-240
121000275,19,29,-10
121000276,18,160,-142
121000278,175,119,56
121000279,74,150,-76
121000280,57,194,-137
121000289,663,16,647
121000290,1120,1162,-42
121000294,668,24,644
121000297,270,1179,-909
121000299,121,4505,-4384
121000300,1588,714,874
121000302,16,665,-649
121000303,850,282,568
121000304,690,45,645
121000305,425,38,387
121000306,308,185,123
121000308,106,143,-37
121000309,250,178,72
121000310,190,156,34
121000311,71,207,-136
121000312,438,306,132
121000313,155,187,-32
121000314,41,66,-25
121000315,14,66,-52
121000530,3180,1352,1828
121000531,2721,1974,747
121000532,5486,6846,-1360
121000533,4712,2822,1890
121000918,15,86,-71
121000919,35,126,-91
121000938,99,156,-57
121000939,21,234,-213
121000956,3057,2531,526
121000957,13,25,-12
121000958,2,140,-138
121000959,2116,344,1772
121000960,2127,1566,561
121000961,731,28,703
121000962,168,164,4
121000973,1,525,-524
121000976,1,85,-84
121000979,264,121,143
121000981,687,79,608
121000982,703,522,181
121000983,1098,150,948
121000984,2,54,-52
121000985,1937,691,1246
121000986,1754,196,1558
121000987,304,554,-250
121000988,2373,76,2297
121001302,254,124,130
121001308,4,17,-13
121001309,58,620,-562
121001311,0,0,0
121001313,475,285,190
121001314,2915,2573,342
121001315,5740,4007,1733
121001318,0,0,0
121900001,188,544,-356
121900002,33,151,-118
121900003,553,5,548
121900004,64,625,-561
121900005,42,7,35
121900006,322,21,301
121900007,1758,1624,134
121900008,40,94,-54
121900009,1131,22,1109
121900010,487,0,487
121900011,336,102,234
121900012,23,0,23
121900013,67,74,-7
121900014,2585,402,2183
121900015,114,94,20
121900016,5,38,-33
121900017,799,1436,-637
121900018,837,5,832
121900019,690,157,533
121900020,62,12,50
121900021,1752,56,1696
121900022,433,123,310
121900023,255,354,-99
121900024,514,17,497
121900025,801,398,403
121900026,282,82,200
121900027,453,136,317
121900028,343,14,329
121900029,145,450,-305
121900030,430,476,-46
121900031,1392,9086,-7694
121900032,272,90,182
121900033,124,203,-79
121900034,218,102,116
121900035,5422,3185,2237
121900036,175,144,31
121900037,247,757,-510
121900038,28,36,-8
121900039,390,34,356
121900040,38,56,-18
121900041,28,189,-161
121900042,692,146,546
121900043,2,2,0
121900044,75,41,34
121900046,248,153,95
121900047,139,43,96
121900048,114,38,76
121900050,56,93,-37
121900051,286,290,-4
121900052,194,18,176
121900053,450,539,-89
121900054,584,2446,-1862
121900055,28,34,-6
121900058,466,200,266
121900059,412,145,267
121900060,140,496,-356
121900061,175,275,-100
121900062,93,99,-6
121900063,2719,300,2419
121900064,737,663,74
121900066,190,74,116
121900067,122,236,-114
121900069,130,135,-5
121900070,143,330,-187
121900071,1201,320,881
121900072,65,66,-1
121900073,278,190,88
121900074,301,576,-275
121900075,383,851,-468
121900076,666,856,-190
121900077,25,12,13
121900078,154,98,56
121900079,1,0,1
121900080,1048,175,873
121900082,151,68,83
121900084,16,26,-10
121900085,1,2,-1
121900086,44,59,-15
121900087,90,84,6
121900088,1250,1584,-334
121900089,635,147,488
121900090,38,162,-124
121900091,128,15,113
121900092,384,70,314
121900093,123,62,61
121900094,14,12,2
121900095,422,125,297
121900096,1201,501,700
121900097,1024,81,943
121900098,12,4,8
121900099,507,61,446
121900100,63,169,-106
121900101,146,77,69
121900102,1,79,-78
121900103,524,171,353
121900104,2547,461,2086
121900105,242,217,25
121900106,4,20,-16
121900107,252,49,203
121900108,0,19,-19
121900109,333,101,232
121900110,1101,415,686
121900111,559,285,274
121900112,168,109,59
121900113,45,625,-580
121900114,92,84,8
121900117,112,82,30
121900118,1520,613,907
121900119,176,189,-13
121900120,32,968,-936
121900121,389,9,380
121900122,205,68,137
121900123,304,356,-52
121900124,161,137,24
121900125,2453,1219,1234
121900127,46,79,-33
121900128,141,32,109
121900129,141,58,83
121900130,38,301,-263
121900131,371,122,249
121900132,126,106,20
121900133,14,655,-641
121900134,6,369,-363
121900135,4530,391,4139
121900136,235,629,-394
121900137,26,319,-293
121900138,96,207,-111
121900139,323,1725,-1402
121900140,89,52,37
121900141,81,39,42
121900142,128,28,100
121900143,18,69,-51
121900144,150,452,-302
121900145,316,822,-506
121900146,519,449,70
121900147,64,142,-78
121900148,47,186,-139
121900149,369,313,56
121900150,104,88,16
121900151,32,191,-159
121900152,265,64,201
121900153,11,218,-207
121900154,1,231,-230
121900155,3,393,-390
121900156,217,102,115
121900157,0,76,-76
121900158,160,143,17
121900159,1,102,-101
121900160,116,111,5
121900161,143,201,-58
121900162,87,94,-7
121900163,868,231,637
121900164,178,184,-6
121900165,185,152,33
121900166,173,122,51
121900167,78,29,49
121900168,113,36,77
121900169,15,119,-104
121900170,24,117,-93
121900171,1198,486,712
121900172,575,310,265
121900173,547,236,311
121900174,155,18,137
121900175,77,761,-684
121900176,961,1253,-292
121900177,210,152,58
121900178,106,34,72
121900179,372,529,-157
121900180,1355,8439,-7084
121900182,537,427,110
121900183,291,2764,-2473
121900184,19,935,-916
121900186,9,517,-508
121900187,15,60,-45
121900188,1442,126,1316
121900189,88,85,3
121900190,133,387,-254
121900191,47,279,-232
121900192,242,2162,-1920
121900193,66,108,-42
121900194,14,212,-198
121900195,10,56,-46
121900196,926,988,-62
121900197,521,685,-164
121900198,2534,3041,-507
121900199,3,35,-32
121900200,48,376,-328
121900201,725,1436,-711
121900202,165,1257,-1092
121900203,78,1126,-1048
121900204,1105,2194,-1089
121900205,18,88,-70
121900206,8,18,-10
121900207,27,87,-60
121900208,113,462,-349
121900209,363,139,224
121900210,3022,1503,1519
121900211,26,72,-46
121900212,31,188,-157
121900213,1037,31,1006
121900214,1,745,-744
121900215,76,213,-137
121900216,3,423,-420
121900217,134,258,-124
121900218,126,736,-610
121900220,113,20,93
121900221,435,342,93
121900222,527,37,490
121900223,134,130,4
121900224,96,98,-2
121900225,80,468,-388
121900226,208,44,164
121900227,419,1974,-1555
121900228,187,293,-106
121900230,53,302,-249
121900231,21,910,-889
121900232,98,340,-242
121900233,367,147,220
121900234,361,250,111
121900235,1057,122,935
121900236,375,140,235
121900237,134,450,-316
121900238,156,256,-100
121900239,165,68,97
121900240,183,113,70
121900241,44,58,-14
121900242,84,0,84
121900243,20,0,20
121900244,29,2,27
121900245,491,42,449
121900246,7722,283,7439
121900247,274,508,-234
121900248,1290,766,524
121900250,180,213,-33
121900251,426,36,390
121900252,380,106,274
121900253,15,591,-576
121900254,239,226,13
121900255,508,63,445
121900258,5014,2003,3011
121900259,262,356,-94
121900260,258,67,191
121900261,161,611,-450
121900262,428,1116,-688
121900263,391,261,130
121900264,728,731,-3
121900265,603,78,525
121900266,1162,103,1059
121900267,142,24,118
121900269,323,1175,-852
121900270,71,242,-171
121900271,103,108,-5
121900273,603,2598,-1995
121900274,857,303,554
121900277,290,651,-361
121900278,177,1007,-830
121900279,270,143,127
121900280,182,378,-196
121900281,131,170,-39
121900284,21,5,16
121900286,348,153,195
121900287,25,58,-33
121900288,0,5,-5
121900290,180,1062,-882
121900291,355,735,-380
121900292,328,80,248
121900293,936,4525,-3589
121900294,460,11,449
121900295,282,73,209
121900296,141,157,-16
121900298,117,1240,-1123
121900299,0,24,-24
121900300,53,4,49
121900301,30,1,29
121900302,20,46,-26
121900303,72,321,-249
121900304,47,35,12
121900305,26,52,-26
121900306,779,2,777
121900307,690,21,669
121900308,21,154,-133
121900309,10,146,-136
121900310,74,147,-73
121900311,1005,34,971
121900312,707,11,696
121900313,945,75,870
121900314,17,8,9
121900315,85,0,85
121900316,0,0,0
121900317,61,22,39
121900318,0,0,0
121900319,60,363,-303
121900320,77,11,66
121900321,71,1,70
121900322,1,3,-2
121900323,33,50,-17
121900324,4,29,-25
121900325,28,0,28
121900326,6,21,-15
121900327,30,43,-13
121900328,1,28,-27
121900329,26,48,-22
121900330,0,94,-94
121900331,33,236,-203
121900332,38,44,-6
121900333,97,4,93
121900334,1,6,-5
122000001,1454,2577,-1123
122000002,2583,489,2094
122000003,691,1881,-1190
122000004,975,1355,-380
122000005,4591,2073,2518
122000006,471,721,-250
122000007,391,840,-449
122000008,742,1736,-994
122000009,340,395,-55
122000010,1977,2206,-229
122000011,2876,988,1888
122000012,478,1264,-786
122000013,692,1103,-411
122000014,6073,1124,4949
122000015,1102,546,556
122000016,440,420,20
122000017,874,845,29
122000018,2235,1399,836
122000019,814,1935,-1121
122000020,266,448,-182
122000021,145,374,-229
122000022,830,1077,-247
122000023,747,1511,-764
122000024,284,1442,-1158
122000025,361,2030,-1669
122000026,257,859,-602
122000027,512,589,-77
122000028,1478,505,973
122000029,403,668,-265
122000030,175,102,73
122000031,139,506,-367
122000032,2518,1853,665
122000033,423,1355,-932
122000034,230,886,-656
122000035,128,404,-276
122000036,448,355,93
122000037,403,221,182
122000038,143,239,-96
122000039,530,301,229
122000040,178,276,-98
122000041,1084,926,158
122000042,381,619,-238
122000043,136,131,5
122000044,70,88,-18
122000045,1292,560,732
122000046,838,643,195
122000047,63,155,-92
122000048,1965,3871,-1906
122000049,4833,3740,1093
122000050,640,564,76
122000051,185,657,-472
122000052,333,474,-141
122000053,255,1503,-1248
122000054,2635,1882,753
122000055,1576,2317,-741
122000056,2789,2092,697
122000057,2069,2299,-230
122000058,378,1003,-625
122000059,502,1872,-1370
122000060,351,553,-202
122000061,134,361,-227
122000062,660,456,204
122000063,186,1422,-1236
122000064,2910,3853,-943
122000065,1956,2162,-206
122000066,739,1482,-743
122000067,1075,1489,-414
122000068,3115,1314,1801
122000069,1351,860,491
122000070,1536,1863,-327
122000071,4040,1181,2859
122000072,734,585,149
122000073,217,824,-607
122000074,2709,1589,1120
122000075,1040,894,146
122000076,3368,1137,2231
122000077,513,1315,-802
122000078,438,1278,-840
122000079,235,1866,-1631
122000080,412,316,96
122000081,132,151,-19
122000082,238,1213,-975
122000083,6047,991,5056
122000084,5145,1631,3514
122000085,430,774,-344
122000086,2348,6970,-4622
122000087,164,211,-47
122000088,115,259,-144
122000089,4876,3359,1517
122000090,364,1274,-910
122000091,92,576,-484
122000092,74,228,-154
122000093,1370,4197,-2827
122000094,5842,2676,3166
122000095,549,3894,-3345
122000096,504,2519,-2015
122000098,3748,3312,436
122000099,359,2179,-1820
122000100,594,361,233
122000101,256,895,-639
122000102,3094,1079,2015
122000103,1132,1598,-466
122000104,1773,203,1570
122000105,343,443,-100
122000106,521,1888,-1367
122000107,1528,273,1255
122000108,687,477,210
122000109,375,191,184
122000110,566,489,77
122000111,1662,1239,423
122000112,1484,1727,-243
122000113,659,430,229
122000114,1383,3433,-2050
122000115,4884,2183,2701
122000116,203,894,-691
122000117,1457,1090,367
122000118,1177,1039,138
122000119,1475,1205,270
122000120,851,1059,-208
122000121,1191,1035,156
122000122,758,617,141
122000123,1268,1587,-319
122000124,631,442,189
122000125,258,701,-443
122000126,244,381,-137
122000127,218,430,-212
122000128,430,247,183
122000129,397,3235,-2838
122000130,2600,677,1923
122000131,1825,354,1471
122000132,166,171,-5
122000133,1539,680,859
122000134,1362,689,673
122000135,541,189,352
122000136,966,533,433
122000137,3724,669,3055
122000139,677,3733,-3056
122000140,98,1116,-1018
122000141,3734,1568,2166
122000142,84,1542,-1458
122000143,305,240,65
122000144,2799,729,2070
122000145,897,1839,-942
122000146,455,2188,-1733
122000147,698,924,-226
122000148,282,1330,-1048
122000149,1680,513,1167
122000150,2034,896,1138
122000151,189,323,-134
122000152,349,254,95
122000153,325,248,77
122000154,103,185,-82
122000155,1034,2840,-1806
122000156,10925,5129,5796
122000157,598,10927,-10329
122000158,234,686,-452
122000159,1387,603,784
122000160,2401,968,1433
122000161,1159,1045,114
122000162,546,1094,-548
122000163,322,103,219
122000164,41,104,-63
122000165,956,1657,-701
122000166,635,1980,-1345
122000167,255,519,-264
122000168,155,1193,-1038
122000169,349,148,201
122000170,337,167,170
122000171,13,52,-39
122000172,1963,1243,720
122000173,1662,2106,-444
122000174,1019,5084,-4065
122000175,549,325,224
122000176,342,1660,-1318
122000177,706,1947,-1241
122000178,3421,3710,-289
122000179,3339,4656,-1317
122000180,490,884,-394
122000181,580,1353,-773
122000182,720,915,-195
122000183,1831,1020,811
122000184,2999,2482,517
122000185,1167,2847,-1680
122000186,565,1166,-601
122000187,2126,866,1260
122000188,349,186,163
122000189,225,117,108
122000190,444,2071,-1627
122000191,605,597,8
122000192,1334,451,883
122000193,600,712,-112
122000194,418,182,236
122000195,145,1250,-1105
122000196,1866,304,1562
122000197,701,608,93
122000198,389,2215,-1826
122000199,226,236,-10
122000200,728,715,13
122000201,971,3087,-2116
122000202,757,2973,-2216
122000203,1874,1414,460
122000204,1511,903,608
122000205,714,507,207
122000206,4545,1239,3306
122000207,2307,1877,430
122000208,2138,1334,804
122000209,2533,410,2123
122000210,2458,1929,529
122000211,1248,1774,-526
122000212,813,595,218
122000213,751,1522,-771
122000214,1816,1819,-3
122000215,2401,2563,-162
122000217,1092,2029,-937
122000218,525,66,459
122000219,1142,599,543
122000220,263,730,-467
122000221,112,311,-199
122000222,555,141,414
122000223,714,791,-77
122000225,650,480,170
122000226,1397,1458,-61
122000227,123,1431,-1308
122000228,297,570,-273
122000229,49,1640,-1591
122000230,17,476,-459
122000231,313,1191,-878
122000232,530,433,97
122000233,1,32,-31
122000234,1035,84,951
122000235,597,72,525
122000236,1945,43,1902
122000237,141,235,-94
122000238,292,740,-448
122000239,580,1096,-516
122000240,1567,537,1030
122000241,4174,392,3782
122000242,570,99,471
122000243,662,148,514
122000244,115,450,-335
122000245,211,55,156
122000246,563,356,207
122000247,1021,2234,-1213
122000248,1143,1072,71
122000249,2189,2420,-231
122000250,1818,1221,597
122000251,119,82,37
122000252,257,35,222
122000253,175,90,85
122000254,795,40,755
122000255,581,595,-14
122000256,394,509,-115
122000257,697,186,511
122000258,429,280,149
122000259,67,138,-71
122000260,19,52,-33
122000261,4,216,-212
122000262,0,14,-14
122000263,311,169,142
122000264,2277,302,1975
122000265,3356,1105,2251
122000266,4201,524,3677
122000267,82,95,-13
122000268,189,111,78
122000269,1315,190,1125
122000270,630,184,446
122000271,245,1876,-1631
122000272,455,461,-6
122000273,1056,169,887
122000274,453,211,242
122000275,69,172,-103
122000276,2540,731,1809
122000277,1174,3346,-2172
122000278,3003,360,2643
122000279,355,376,-21
122000280,576,580,-4
122000281,665,401,264
122000282,86,910,-824
122000283,310,348,-38
122000284,65,441,-376
122000285,463,136,327
122000286,113,230,-117
122000287,2243,2024,219
122000288,567,297,270
122000291,3377,754,2623
122000293,191,234,-43
122000294,160,623,-463
122000295,1366,415,951
122000296,33,1850,-1817
122000297,2053,4340,-2287
122000299,750,293,457
122000300,390,677,-287
122000301,6619,5548,1071
122000302,616,6358,-5742
122000303,1643,1260,383
122000304,25,288,-263
122000305,2797,314,2483
122000306,144,270,-126
122000307,147,157,-10
122000309,35,104,-69
122000310,11,72,-61
122000311,27,106,-79
122000312,170,177,-7
122000313,21,193,-172
122000314,302,896,-594
122000315,408,32,376
122000316,2390,249,2141
122000317,4077,279,3798
122000318,388,3206,-2818
122000319,133,188,-55
122000320,250,615,-365
122000321,112,139,-27
122000322,1156,1770,-614
122000323,420,1600,-1180
122000324,1785,2158,-373
122000325,880,1948,-1068
122000326,212,40,172
122000327,262,626,-364
122000328,497,482,15
122000330,1598,1379,219
122000332,284,521,-237
122000333,63,48,15
122000337,2319,1151,1168
122000338,628,160,468
122000340,146,3385,-3239
122000342,1473,743,730
122000343,651,332,319
122000344,116,2,114
122000345,43,21,22
122000346,363,108,255
122000348,811,614,197
122000349,59,281,-222
122000351,415,140,275
122000352,123,130,-7
122000353,316,34,282
122000355,55,573,-518
122000356,230,1440,-1210
122000357,95,32,63
122000358,2,29,-27
122000359,0,24,-24
122000360,1,1,0
122000362,16,31,-15
122000364,607,165,442
122000365,0,34,-34
122000366,24,11,13
122000368,615,710,-95
122000370,77,65,12
122000371,100,0,100
122000372,59,2,57
122000381,352,318,34
122000382,65,159,-94
122000384,1064,1214,-150
122000385,78,0,78
122000386,110,2465,-2355
122000387,486,1964,-1478
122000388,1866,1102,764
122000389,172,901,-729
122000390,285,647,-362
122000391,45,1793,-1748
122000392,91,119,-28
122000393,66,183,-117
122000394,867,180,687
122000395,224,229,-5
122000396,627,72,555
122000397,71,83,-12
122000398,5,226,-221
122000399,261,100,161
122000400,24,1150,-1126
122000401,210,57,153
122000402,1100,113,987
122000403,388,274,114
122000404,560,120,440
122000408,463,770,-307
122000503,9,114,-105
122000524,27,258,-231
122000544,129,3510,-3381
122000616,263,1,262
122000640,198,76,122
122000641,272,160,112
122000642,1606,516,1090
122000643,59,225,-166
122000644,138,105,33
122000645,43,147,-104
122000651,315,1591,-1276
122000664,299,47,252
122000665,1427,364,1063
122000666,427,452,-25
122000673,59,127,-68
122000674,861,250,611
122000675,3742,675,3067
122000686,466,2160,-1694
122000687,3368,634,2734
122000688,345,391,-46
122000689,3358,304,3054
122000690,6688,518,6170
122000691,1519,630,889
122000692,2022,718,1304
122000693,470,566,-96
122000695,603,269,334
122000696,1418,118,1300
122000698,537,195,342
122000699,870,181,689
122000701,3546,228,3318
122000702,646,959,-313
122000703,198,53,145
122000717,113,86,27
122000718,253,3220,-2967
122000719,22,87,-65
122000720,1606,95,1511
122000724,117,15,102
122900001,100,39,61
122900002,896,11066,-10170
122900003,848,0,848
122900004,5789,417,5372
122900005,49,429,-380
122900006,465,3278,-2813
122900007,65,106,-41
122900008,344,427,-83
122900009,443,386,57
122900010,320,128,192
122900012,259,365,-106
122900014,141,88,53
122900015,1191,802,389
122900016,193,132,61
122900017,362,993,-631
122900018,261,11,250
122900019,7,135,-128
122900020,323,718,-395
122900021,42,952,-910
122900022,2337,1283,1054
122900023,1519,111,1408
122900024,143,131,12
122900025,12,573,-561
122900026,4,140,-136
122900027,51,784,-733
122900028,46,37,9
122900029,6351,2277,4074
122900030,1848,297,1551
122900031,118,436,-318
122900032,612,324,288
122900033,157,157,0
122900034,3255,5239,-1984
122900035,54,10,44
122900036,56,46,10
122900037,533,308,225
122900038,49,2975,-2926
122900039,89,507,-418
122900040,378,891,-513
122900041,103,613,-510
122900042,141,128,13
122900043,568,245,323
122900044,111,518,-407
122900045,180,186,-6
122900046,81,463,-382
122900047,163,116,47
122900048,28,407,-379
122900049,2600,74,2526
122900051,28,320,-292
122900052,131,79,52
122900053,15,23,-8
122900055,372,155,217
122900057,391,26,365
122900061,633,25,608
122900062,699,1282,-583
122900063,330,151,179
122900064,1394,630,764
122900065,698,143,555
122900066,929,175,754
122900067,710,791,-81
122900068,111,176,-65
122900069,504,3129,-2625
122900070,582,72,510
122900071,79,266,-187
122900072,15,171,-156
122900073,19,72,-53
122900074,2501,223,2278
122900075,0,28,-28
122900076,0,122,-122
122900077,2,76,-74
122900078,458,7,451
122900080,14,72,-58
122900081,303,60,243
122900082,2508,81,2427
122900083,281,29,252
122900084,23,87,-64
122900086,3,87,-84
122900087,629,219,410
122900088,52,801,-749
122900089,48,603,-555
122900090,3,211,-208
122900091,1133,1,1132
122900092,0,97,-97
122900093,0,122,-122
122900094,0,144,-144
122900095,493,67,426
122900096,1355,79,1276
122900097,42,127,-85
122900098,11,163,-152
122900099,159,135,24
122900100,76,1782,-1706
122900101,392,301,91
122900102,137,67,70
122900103,527,13,514
122900104,936,9,927
122900105,35,40,-5
122900106,1,43,-42
122900107,8,41,-33
122900108,0,24,-24
123000001,858,768,90
123000002,2348,6183,-3835
123000003,5831,4807,1024
123000004,2855,3272,-417
123000005,4475,2479,1996
123000006,2254,1735,519
123000007,5456,4104,1352
123000008,2177,3726,-1549
123000009,5760,3581,2179
123000010,2904,3071,-167
123000011,1792,1070,722
123000012,513,2562,-2049
123000013,6710,1310,5400
123000014,683,2600,-1917
123000015,3632,1098,2534
123000016,2571,2488,83
123000017,4965,2429,2536
123000018,147,108,39
123000019,1682,54,1628
123000020,1029,39,990
123000021,759,942,-183
123000022,1404,3420,-2016
123000023,2519,3993,-1474
123000024,2409,966,1443
123000025,167,131,36
123000026,12,137,-125
123000027,29,814,-785
123000028,500,3532,-3032
123000029,641,2201,-1560
123000030,484,268,216
123000031,1025,208,817
123000032,1434,221,1213
123000033,482,101,381
123000034,1574,887,687
123000035,504,722,-218
123000036,261,1542,-1281
123000037,417,187,230
123000038,67,292,-225
123000039,391,1454,-1063
123000040,722,165,557
123000041,654,1266,-612
123000042,520,985,-465
123000043,1629,16662,-15033
123000044,2737,2286,451
123000045,2904,1703,1201
123000046,189,1086,-897
123000047,316,577,-261
123000048,124,2075,-1951
123000049,5111,10388,-5277
123000050,3482,2077,1405
123000051,208,466,-258
123000052,1271,3442,-2171
123000053,2525,2619,-94
123000054,3469,2711,758
123000055,2406,6717,-4311
123000056,1473,735,738
123000057,3617,5867,-2250
123000058,1120,2104,-984
123000059,171,498,-327
123000060,1942,764,1178
123000061,540,558,-18
123000063,2057,1515,542
123000064,2420,208,2212
123000065,2895,3859,-964
123000066,377,450,-73
123000067,1013,431,582
123000068,1624,1424,200
123000069,2467,924,1543
123000070,220,246,-26
123000071,3498,386,3112
123000072,1208,361,847
123000073,3516,721,2795
123000074,1135,582,553
123000075,531,2535,-2004
123000076,1150,288,862
123000077,2415,901,1514
123000078,3986,690,3296
123000079,4359,1140,3219
123000080,3601,702,2899
123000081,440,230,210
123000082,281,470,-189
123000083,1443,280,1163
123000084,1151,396,755
123000085,971,101,870
123000086,1869,76,1793
123000087,935,199,736
123000088,1574,749,825
123000089,1664,731,933
123000090,2081,875,1206
123000091,2080,1338,742
123000092,1060,1430,-370
123000094,1323,121,1202
123000095,2018,1967,51
123000096,1919,316,1603
123000097,1146,240,906
123000098,2017,257,1760
123000099,1306,210,1096
123000100,228,772,-544
123000101,448,227,221
123000102,578,1397,-819
123000104,588,382,206
123000105,362,153,209
123000106,855,298,557
123000107,378,148,230
123000108,445,511,-66
123000111,2141,537,1604
123000112,2795,349,2446
123000113,775,401,374
123000114,523,1126,-603
123000115,904,1062,-158
123000116,77,54,23
123000117,4633,1875,2758
123000118,830,294,536
123000119,408,427,-19
123000120,351,849,-498
123000121,750,452,298
123000122,458,136,322
123000123,821,267,554
123000124,459,140,319
123000125,1954,812,1142
123000126,1216,4502,-3286
123000127,512,299,213
123000128,388,116,272
123000129,2028,72,1956
123000130,2011,25,1986
123000131,2747,861,1886
123000132,401,310,91
123000133,192,105,87
123000134,323,55,268
123000135,4884,1769,3115
123000136,300,282,18
123000137,311,127,184
123000138,257,185,72
123000139,1339,61,1278
123000140,47,415,-368
123000141,553,118,435
123000142,1409,759,650
123000143,908,1470,-562
123000144,5,88,-83
123000145,206,984,-778
123000146,38,229,-191
123000147,42,364,-322
123000149,386,207,179
123000150,140,119,21
123000151,159,457,-298
123000152,41,562,-521
123000153,99,960,-861
123000154,920,2515,-1595
123000155,1606,2453,-847
123000156,48,63,-15
123000157,1088,1188,-100
123000158,538,1322,-784
123000159,2756,7310,-4554
123000160,1506,1989,-483
123000161,1923,1957,-34
123000162,2535,3375,-840
123000163,1628,381,1247
123000164,4144,192,3952
123000165,145,699,-554
123000166,5,90,-85
123000167,137,106,31
123000168,607,96,511
123000169,1833,108,1725
123000170,247,47,200
123000171,2827,6,2821
123000172,91,327,-236
123000173,1090,718,372
123000174,1122,669,453
123000175,215,748,-533
123000176,1337,390,947
123000177,203,905,-702
123000178,1575,285,1290
123000179,12,436,-424
123000180,2332,354,1978
123000181,202,568,-366
123000182,465,226,239
123000183,200,855,-655
123000184,54,416,-362
123000185,1799,1036,763
123000186,2,163,-161
123000187,1017,45,972
123000188,836,12,824
123000189,267,74,193
123000190,104,52,52
123000192,6,213,-207
123000193,19,239,-220
123000194,169,153,16
123000195,608,9,599
123000196,1056,57,999
123000197,186,196,-10
123000198,202,139,63
123000199,80,230,-150
123000200,1039,16,1023
123000201,2624,34,2590
123000202,24,240,-216
123000203,2717,36,2681
123000204,16,392,-376
123000205,122,453,-331
123000206,5087,202,4885
123000207,110,331,-221
123000208,1696,92,1604
123000209,2766,643,2123
123000210,94,728,-634
123000211,274,847,-573
123000212,7673,410,7263
123000213,1068,58,1010
123000215,112,148,-36
123000216,276,2017,-1741
123000217,259,131,128
123000218,13,806,-793
123000219,913,179,734
123000220,866,480,386
123000221,280,123,157
123000222,832,199,633
123000223,1581,134,1447
123000224,869,200,669
123000225,616,49,567
123000226,356,486,-130
123000227,144,250,-106
123000228,608,58,550
123000229,750,555,195
123000232,115,372,-257
123000233,1585,108,1477
123000234,122,744,-622
123000235,3040,189,2851
123000236,510,444,66
123000237,1181,212,969
123000238,28,261,-233
123000239,446,393,53
123000240,67,1051,-984
123000241,318,66,252
123000242,351,212,139
123000243,1115,836,279
123000244,831,437,394
123000245,11,150,-139
123000249,278,699,-421
123000252,1467,462,1005
123000253,2926,457,2469
123000254,889,413,476
123000255,1908,922,986
123000256,7,156,-149
123000257,1590,1955,-365
123000258,882,624,258
123000259,858,534,324
123000260,1096,145,951
123000261,725,131,594
123000262,64,85,-21
123000263,945,72,873
123000264,197,83,114
123000265,9,57,-48
123000266,678,509,169
123000267,1595,267,1328
123000268,92,52,40
123000269,98,45,53
123000270,30,41,-11
123000271,12,21,-9
123000272,813,342,471
123000273,532,1207,-675
123000274,1955,723,1232
123000275,216,596,-380
123000278,1427,4853,-3426
123000279,419,114,305
123000280,407,431,-24
123000281,551,104,447
123000282,132,218,-86
123000283,436,103,333
123000284,48,64,-16
123000286,162,418,-256
123000287,340,216,124
123000288,942,1940,-998
123000289,131,2061,-1930
123000291,115,622,-507
123000294,155,149,6
123000295,700,1621,-921
123000296,1148,689,459
123000297,1602,308,1294
123000298,2664,378,2286
123000299,256,107,149
123000300,2076,814,1262
123000301,310,939,-629
123000302,550,82,468
123000303,145,703,-558
123000305,464,546,-82
123000306,557,79,478
123000309,61,84,-23
123000310,146,46,100
123000311,0,42,-42
123000312,440,295,145
123000313,1062,1697,-635
123000315,537,143,394
123000316,1337,275,1062
123000317,421,287,134
123000318,17,228,-211
123000329,18,11,7
123000337,430,191,239
123000338,184,534,-350
123000339,833,75,758
123000340,141,286,-145
123000342,1,77,-76
123000343,137,31,106
123000344,348,69,279
123000345,388,159,229
123000346,906,100,806
123000352,1328,592,736
123000353,101,50,51
123000354,1882,14,1868
123000355,0,561,-561
123000356,844,37,807
123000357,0,105,-105
123000359,6,71,-65
123000360,231,490,-259
123000361,637,156,481
123000362,935,102,833
123000363,240,148,92
123000364,648,886,-238
123000365,20,316,-296
123000366,307,3738,-3431
123000367,347,523,-176
123000370,65,570,-505
123000371,1012,178,834
123000372,732,198,534
123000373,26,204,-178
123000374,32,119,-87
123000375,653,797,-144
123000376,1449,893,556
123000377,1338,22,1316
123000378,24,221,-197
123000379,6,347,-341
123000380,9,281,-272
123000381,44,208,-164
123000382,753,164,589
123000383,64,766,-702
123000384,1192,208,984
123000385,210,367,-157
123000436,136,2276,-2140
123000507,51,132,-81
123000508,167,1464,-1297
123000517,179,10,169
123000518,10,56,-46
123000519,220,45,175
123000520,43,53,-10
123000521,752,68,684
123000522,124,121,3
123000541,45,9,36
123000542,0,5,-5
123000565,1508,99,1409
123000566,1126,161,965
123000567,375,112,263
123000573,37,362,-325
123000574,2143,99,2044
123000575,4818,331,4487
123000576,1729,527,1202
123000577,71,477,-406
123000578,852,87,765
123000579,1157,8655,-7498
123000580,204,242,-38
123000582,895,45,850
123000583,26,179,-153
123000584,213,101,112
123000585,0,29,-29
123000586,546,2,544
123000596,65,26,39
123000597,178,220,-42
123000602,360,51,309
123000603,2626,248,2378
123000604,1815,302,1513
123000605,1368,114,1254
123000606,0,1043,-1043
123000609,11,345,-334
123000610,61,163,-102
123000613,143,44,99
123000614,631,89,542
123000615,90,37,53
123000616,2663,35,2628
123000617,150,145,5
123000618,17,240,-223
123000619,1031,37,994
123000620,0,178,-178
123000622,1269,27,1242
123000624,617,70,547
123000630,3387,1031,2356
123000631,472,487,-15
123000632,782,432,350
123000633,0,258,-258
123000634,34,861,-827
123000635,70,216,-146
123000636,69,503,-434
123000637,423,39,384
123000638,1849,85,1764
123000639,1460,11676,-10216
123000640,21,262,-241
123000648,937,88,849
123000649,5,299,-294
123900001,1777,94,1683
123900002,7,1609,-1602
123900003,143,259,-116
123900005,523,305,218
123900006,653,92,561
124000001,3924,390,3534
124000002,21,606,-585
124000003,2161,313,1848
124000004,142,240,-98
124000005,1966,3348,-1382
124000006,336,477,-141
124000007,1550,287,1263
124000008,4,993,-989
124000009,1256,617,639
124000010,1023,806,217
124000011,1571,1133,438
124000012,736,217,519
124000017,383,125,258
124000018,354,115,239
124000019,303,159,144
124000020,148,114,34
124000021,186,127,59
124000022,181,170,11
124000023,1949,1850,99
124000024,1197,237,960
124000025,1601,1941,-340
124000026,1207,949,258
124000027,3798,2407,1391
124000028,1308,3687,-2379
124000030,2138,1348,790
124000031,1490,20217,-18727
124000032,1093,669,424
124000033,834,1644,-810
124000034,1291,1241,50
124000035,663,351,312
124000036,263,782,-519
124000037,543,687,-144
124000038,8,89,-81
124000039,389,408,-19
124000040,246,1247,-1001
124000041,1290,444,846
124000042,505,598,-93
124000043,323,89,234
124000044,146,274,-128
124000045,3135,280,2855
124000046,337,675,-338
124000047,5148,596,4552
124000048,2208,311,1897
124000049,3364,493,2871
124000050,1607,974,633
124000051,2740,224,2516
124000052,1214,482,732
124000053,442,3749,-3307
124000054,961,172,789
124000055,1254,8866,-7612
124000056,1337,616,721
124000057,3026,240,2786
124000058,1202,702,500
124000059,1982,1555,427
124000060,509,486,23
124000061,1649,9835,-8186
124000062,2372,1020,1352
124000063,1380,591,789
124000064,1359,1275,84
124000065,73,1849,-1776
124000066,256,166,90
124000067,159,120,39
124000068,200,411,-211
124000069,878,189,689
124000070,923,187,736
124000071,352,881,-529
124000072,731,4006,-3275
124000073,1715,98,1617
124000074,342,597,-255
124000075,1284,62,1222
124000076,159,58,101
124000077,419,840,-421
124000078,1874,976,898
124000079,379,920,-541
124000080,1724,586,1138
124000081,471,1117,-646
124000082,202,107,95
124000083,22,110,-88
124000084,40,1383,-1343
124000085,42,27,15
124000086,16,433,-417
124000087,42,550,-508
124000088,152,246,-94
124000089,927,158,769
124000090,301,225,76
124000091,1056,66,990
124000092,592,488,104
124000093,243,129,114
124000094,188,834,-646
124000095,238,36,202
124000096,475,192,283
124000097,211,119,92
124000098,449,66,383
124000099,544,84,460
124000100,184,98,86
124000101,262,147,115
124000102,222,15,207
124000103,458,138,320
124000104,149,22,127
124000105,428,75,353
124000106,239,16,223
124000107,48,354,-306
124000108,57,10,47
124000109,236,107,129
124000110,161,41,120
124000111,370,125,245
124000112,1831,355,1476
124000113,263,124,139
124000114,854,233,621
124000115,606,524,82
124000116,73,328,-255
124000117,47,38,9
124000118,39,77,-38
124000119,1374,584,790
124000120,1112,326,786
124000121,1191,1188,3
124000122,637,2080,-1443
124000123,700,332,368
124000124,581,865,-284
124000125,617,283,334
124000126,493,471,22
124000127,1534,231,1303
124000128,986,232,754
124000129,1741,971,770
124000130,593,248,345
124000131,775,594,181
124000132,596,502,94
124000133,1993,870,1123
124000134,1022,376,646
124000135,1756,2072,-316
124000136,607,568,39
124000137,1034,1158,-124
124000138,730,618,112
124000139,688,98,590
124000140,37,686,-649
124000141,26,71,-45
124000142,12,388,-376
124000143,39,51,-12
124000144,16,130,-114
124000145,204,412,-208
124000146,58,411,-353
124000148,27,236,-209
124000149,1511,333,1178
124000150,442,1921,-1479
124000151,2115,546,1569
124000152,1146,1244,-98
124000153,1631,783,848
124000154,888,825,63
124000155,1064,853,211
124000156,1133,923,210
124000169,163,1026,-863
124000170,683,408,275
124000171,513,584,-71
124000172,443,396,47
124000173,1285,152,1133
124000174,904,355,549
124000175,101,115,-14
124000176,171,54,117
124000177,4,87,-83
124000178,81,172,-91
124000190,33,87,-54
124000191,111,422,-311
124000192,1640,1604,36
124000193,243,4089,-3846
124000194,461,219,242
124000195,622,452,170
124000196,638,677,-39
124000197,122,19,103
124000198,156,32,124
124000201,53,298,-245
124000202,1304,124,1180
124000203,2117,160,1957
124000204,4997,400,4597
124000205,332,784,-452
124000206,3108,826,2282
124000207,0,19,-19
124000209,210,208,2
124000210,2762,337,2425
124000211,2129,1,2128
124000212,1,179,-178
124000213,1735,240,1495
124000214,1642,306,1336
124000215,1933,7,1926
124000216,13,316,-303
124000329,120,678,-558
124000338,130,469,-339
124000339,6891,28,6863
124000341,5362,44,5318
124000344,168,57,111
124000357,1462,4042,-2580
124000358,722,2370,-1648
124000359,1863,803,1060
124000360,2141,558,1583
124000361,4271,1468,2803
124000362,2053,4208,-2155
124000363,717,222,495
124000364,613,281,332
124000365,1027,685,342
124000366,2860,641,2219
124000367,102,268,-166
124000368,313,3058,-2745
124000369,88,98,-10
124000370,30,1045,-1015
124000402,129,32,97
124000403,425,63,362
124000404,250,52,198
124000405,777,414,363
124000406,848,249,599
124000407,18,15,3
124000411,6,340,-334
124000412,1060,5,1055
124000413,230,363,-133
124000414,243,59,184
124000415,75,32,43
124000416,254,94,160
124000417,689,120,569
124000418,626,30,596
124000419,282,25,257
124000420,458,13,445
124000421,145,76,69
124000422,58,28,30
124000423,226,24,202
124000424,1,65,-64
124000425,98,102,-4
124000426,45,149,-104
124000427,135,19,116
124000428,4,1095,-1091
124000429,301,11,290
124000430,1816,470,1346
124000431,1079,282,797
124000432,711,1256,-545
124000439,56,4,52
124000443,7,7,0
124000445,179,4077,-3898
124000446,1305,484,821
124900001,1808,197,1611
124900002,342,147,195
124900003,1930,231,1699
124900004,1811,174,1637
124900005,240,64,176
124900006,1717,129,1588
124900008,556,672,-116
124900009,44,662,-618
124900010,648,136,512
124900011,1893,237,1656
124900012,278,74,204
124900013,832,111,721
124900014,319,316,3
124900015,230,806,-576
124900016,240,297,-57
124900017,460,8061,-7601
124900018,424,26,398
124900020,269,26,243
124900021,834,238,596
124900022,126,1,125
124900024,1441,12,1429
124900026,161,101,60
124900027,230,240,-10
124900028,290,67,223
124900029,18,907,-889
124900030,5,34,-29
124900031,32,213,-181
124900032,99,56,43
124900033,115,282,-167
124900034,1,72,-71
124900035,137,91,46
124900036,1,47,-46
124900037,366,77,289
124900038,163,124,39
124900039,2,65,-63
124900040,186,31,155
124900041,653,372,281
124900042,27,0,27
124900043,857,333,524
124900044,90,0,90
124900045,396,1624,-1228
124900046,460,134,326
124900047,90,69,21
124900048,488,73,415
124900050,264,74,190
124900052,231,145,86
124900053,497,121,376
124900054,1128,616,512
124900055,2,65,-63
124900057,2,250,-248
124900060,76,236,-160
124900061,300,1,299
124900062,346,38,308
124900066,0,7,-7
124900067,3,113,-110
124900068,154,1557,-1403
124900070,67,73,-6
124900072,396,39,357
124900075,1234,133,1101
124900076,26,3392,-3366
124900077,31,48,-17
124900078,196,11,185
124900079,325,300,25
124900080,757,215,542
124900081,2650,145,2505
124900082,666,230,436
124900083,704,392,312
124900085,442,480,-38
124900086,17,1033,-1016
124900087,419,28,391
124900088,124,66,58
124900089,877,2,875
124900090,1191,140,1051
124900091,617,114,503
124900092,551,138,413
124900093,957,122,835
124900094,1133,130,1003
124900095,255,948,-693
124900096,328,89,239
124900097,908,32,876
124900098,315,324,-9
124900099,200,766,-566
124900100,835,5,830
124900101,221,224,-3
124900102,779,12,767
124900103,440,98,342
124900104,244,56,188
124900105,230,45,185
124900106,515,88,427
124900107,414,14,400
124900108,564,152,412
124900111,0,434,-434
124900112,432,226,206
124900113,69,170,-101
124900114,59,117,-58
124900115,35,451,-416
124900116,809,744,65
124900117,198,404,-206
124900118,85,2088,-2003
124900119,734,419,315
124900120,44,100,-56
124900121,90,739,-649
124900122,556,169,387
124900123,85,103,-18
124900124,33,130,-97
204000001,333,9,324
204000002,17,5,12
204000003,27,6,21
204000004,15,0,15
204000005,406,347,59
204000006,1192,1353,-161
204000011,7,10,-3
204000012,65,24,41
204000019,1377,407,970
204000020,1816,276,1540
204000021,1168,844,324
204000022,1596,784,812
204000023,784,326,458
204000031,79,1,78
204000032,257,4,253
204000034,26,117,-91
204000035,1,5,-4
204000036,3,73,-70
204000037,0,31,-31
204000038,1,27,-26
204000039,11,36,-25
204000040,3,18,-15
204000041,13,9,4
204000042,51,22,29
204000043,64,11,53
204000044,107,39,68
204000045,83,26,57
204000046,58,11,47
204000057,10,26,-16
204000062,65,106,-41
204000068,33,424,-391
204000069,224,498,-274
204000070,109,79,30
204000080,117,52,65
204000085,1155,557,598
204000086,1864,687,1177
204000087,73,2,71
204000088,2,16,-14
204000090,58,177,-119
204000093,1305,17,1288
204000096,2231,431,1800
204000097,1025,19,1006
204000099,1134,2573,-1439
204000100,1955,990,965
204000105,1482,398,1084
204000110,470,652,-182
204000111,527,524,3
204000112,417,310,107
204000113,264,381,-117
204000114,1478,1170,308
204000115,1750,259,1491
204000116,829,330,499
204000119,3677,851,2826
204000132,648,780,-132
204000133,1129,120,1009
204000134,487,61,426
204000135,1169,53,1116
204000136,705,255,450
204000138,251,1170,-919
204000140,313,91,222
204000141,223,33,190
204000144,13,22,-9
204000145,1167,26,1141
204000146,37,106,-69
204000147,6,229,-223
204000148,253,29,224
204000154,7,5,2
204000155,2,8,-6
204000177,29,129,-100
204000179,7,14,-7
204000180,0,37,-37
204000222,12,9,3
204000235,131,47,84
204000236,34,109,-75
204000238,22,16,6
204000240,464,59,405
204000263,687,592,95
204000268,686,210,476
204000308,105,8,97
204000317,8,138,-130
204000322,68,127,-59
204000323,20,10,10
204000328,335,16,319
204000329,129,19,110
204000330,296,13,283
204000331,96,40,56
204010341,26,194,-168
205000001,748,1059,-311
205000013,36,131,-95
205000014,177,118,59
205000015,174,26,148
205000016,84,51,33
205000017,110,37,73
205000022,430,303,127
205000025,1378,416,962
205000029,1173,10,1163
205000045,223,169,54
205000046,185,147,38
205000047,115,159,-44
205000048,536,167,369
205000049,280,213,67
205000050,402,99,303
205000059,0,266,-266
205000060,0,412,-412
205000061,6,1051,-1045
205000062,2,983,-981
205000063,38,1137,-1099
205000064,101,352,-251
205000065,383,784,-401
205000066,318,282,36
205000067,277,290,-13
205000069,158,9,149
205000082,95,186,-91
205000110,23,64,-41
205000111,134,65,69
205000112,135,73,62
205000113,91,104,-13
205000121,126,86,40
205000123,149,62,87
205000126,822,90,732
205000127,650,84,566
205000128,420,79,341
205000129,1247,97,1150
205000130,427,26,401
205000131,36,17,19
205000132,51,12,39
205000133,38,5,33
205000134,339,2,337
205000137,351,32,319
205000138,536,192,344
205000139,76,53,23
205000144,147,54,93
205000145,170,100,70
205000151,117,52,65
205000152,174,54,120
205000153,209,77,132
205000154,65,47,18
205000155,136,14,122
205000207,0,26,-26
205000233,37,0,37
205000234,0,0,0
205000243,0,0,0
205000244,0,2,-2
205000245,4,58,-54
205000249,0,16,-16
205000250,47,0,47
205000264,28,99,-71
206000027,11,21,-10
206000028,14,10,4
206000043,3,40,-37
206000053,3,8,-5
206000054,2,26,-24
206000055,0,18,-18
206000075,22,20,2
206000076,39,3,36
206000077,76,6,70
206000078,21,0,21
206000079,42,3,39
206000082,331,109,222
206000100,6,404,-398
206000103,0,0,0
206000104,0,1,-1
206000105,0,1,-1
206000106,0,0,0
206000108,1066,81,985
206000125,303,0,303
206000157,7,180,-173
206000170,0,103,-103
206000171,19,150,-131
206000172,37,87,-50
206000173,0,82,-82
206000174,15,20,-5
206000175,0,54,-54
206000176,24,53,-29
206000177,2,54,-52
206000178,1,345,-344
206000179,6,139,-133
206000180,5,31,-26
206000181,0,11,-11
206000182,2,32,-30
206000183,15,93,-78
206000184,5,23,-18
206000185,9,18,-9
206000186,99,243,-144
206000223,9,175,-166
206000226,76,9,67
206000227,77,9,68
206000237,55,81,-26
206000238,20,430,-410
206000239,219,1209,-990
206000240,0,0,0
206000241,0,71,-71
206000242,5,72,-67
206000243,8,16,-8
206000244,11,83,-72
206000245,4332,26,4306
206000246,845,10,835
206000247,1378,10,1368
206000248,1645,22,1623
206000252,98,74,24
206000258,2,4,-2
206000315,72,4,68
206000317,713,264,449
206000318,1030,73,957
206000319,3502,81,3421
206000320,901,35,866
206000321,1234,14,1220
206000322,1930,12,1918
206000323,738,1,737
206000324,924,34,890
206000325,498,41,457
206000326,480,33,447
206000327,110,37,73
206000328,737,9,728
206000329,1478,8,1470
206000330,421,5,416
206000331,702,5,697
206000332,126,1,125
206000333,2913,9,2904
206000334,1694,2,1692
206000335,0,21,-21
206000361,3,57,-54
206000392,0,4,-4
206000405,713,0,713
206000441,135,11,124
206000498,143,11,132
206000515,86,49,37
206000530,646,58,588
206000531,245,362,-117
206000532,1393,336,1057
206000535,125,2577,-2452
206000536,13,95,-82
206000537,20,139,-119
206000613,983,276,707
207000001,233,216,17
207000002,142,186,-44
207000003,106,120,-14
207000007,2796,106,2690
207000008,591,6,585
207000009,110,28,82
207000010,338,155,183
207000012,746,115,631
207000015,255,427,-172
207000019,722,43,679
207000021,403,355,48
207000022,335,171,164
207000023,465,87,378
207000024,0,19,-19
207000025,23,113,-90
207000026,120,44,76
207000027,35,53,-18
207000028,137,150,-13
207000029,321,192,129
207000033,366,210,156
207000034,469,56,413
207000039,1276,15,1261
207000040,1273,12,1261
207000041,337,31,306
207000042,797,38,759
207000043,540,209,331
207000051,42,248,-206
207000052,6,105,-99
207000053,313,231,82
207000054,48,56,-8
207000055,174,36,138
207000056,203,135,68
207000057,112,139,-27
207000058,110,179,-69
207000059,58,254,-196
207000060,41,356,-315
207000061,101,2206,-2105
207000062,1496,77,1419
207000063,1235,54,1181
207000064,761,49,712
207000065,434,147,287
207000066,976,227,749
207000067,149,55,94
207000068,274,22,252
207000069,1555,195,1360
207000082,41,98,-57
207000083,78,111,-33
207000084,687,120,567
207000085,485,43,442
207000086,825,13,812
207000106,174,18,156
207000107,272,23,249
207000108,241,2,239
207000109,192,8,184
207000110,98,15,83
207000111,205,36,169
207000112,22,685,-663
207000114,9,20,-11
207000115,53,29,24
207000116,16,191,-175
207000117,2,47,-45
207000118,1,29,-28
207000119,21,39,-18
207000123,516,7,509
207000124,278,9,269
207000125,91,4,87
207000126,71,2,69
207000134,585,81,504
207000135,157,121,36
207000148,232,356,-124
207000149,48,20,28
207000152,244,472,-228
207000153,305,513,-208
207000154,563,103,460
207000159,48,91,-43
207000160,144,221,-77
207000238,0,39,-39
207000242,1,39,-38
207000248,9,37,-28
207000249,104,11,93
207000250,244,74,170
207000251,80,115,-35
207000252,26,30,-4
207000278,337,116,221
207000279,23,63,-40
207000280,1490,18,1472
207000281,139,259,-120
207000282,68,961,-893
207000283,10,150,-140
207000284,59,2790,-2731
207000285,48,77,-29
207000291,11,40,-29
207000304,64,39,25
207000306,64,200,-136
207000310,446,165,281
207000353,95,1,94
207000356,4,59,-55
207000357,2,28,-26
207000358,4,23,-19
207000415,1,38,-37
207000417,48,3,45
207000418,78,26,52
207000438,0,0,0
207000439,434,107,327
207000446,214,3,211
207000460,313,8,305
207000466,72,89,-17
207000467,1065,31,1034
207000468,61,161,-100
207000476,5,20,-15
207000477,1033,26,1007
207000478,0,12,-12
207000523,0,8,-8
207000524,65,1,64
207000527,497,59,438
207000530,746,8,738
207000531,418,3,415
207000532,157,65,92
207000534,171,8,163
207000535,5,128,-123
207000537,12,76,-64
207000540,6,35,-29
207000541,0,76,-76
207000548,2,136,-134
207000549,329,7,322
207000561,267,139,128
207000562,20,81,-61
207000567,48,114,-66
207000568,1010,93,917
207000569,2237,137,2100
207000584,23,103,-80
207000585,11,64,-53
207000587,6,8,-2
207000616,0,79,-79
207000617,418,2,416
207900008,945,36,909
208000001,926,855,71
208000002,1063,725,338
208000003,1201,370,831
208000004,842,744,98
208000005,7,45,-38
208000019,2136,210,1926
208000020,458,149,309
208000021,363,196,167
208000022,906,238,668
208000028,1090,2003,-913
208000033,364,196,168
208000034,533,669,-136
208000037,976,53,923
208000040,529,115,414
208000041,1395,637,758
208000042,2706,540,2166
208000047,88,80,8
208000064,2789,993,1796
208000066,1529,960,569
208000070,1018,688,330
208000071,1540,204,1336
208000072,1470,310,1160
208000080,455,640,-185
208000081,577,193,384
208000082,890,119,771
208000083,438,196,242
208000084,6,164,-158
208000085,975,423,552
208000086,864,632,232
208000087,891,454,437
208000089,1573,215,1358
208000090,1032,333,699
208000093,21,95,-74
208000094,462,266,196
208000095,979,482,497
208000104,2839,262,2577
208000105,1321,376,945
208000114,200,393,-193
208000115,1057,463,594
208000116,2323,2102,221
208000117,7,92,-85
208000118,246,450,-204
208000155,1263,958,305
208000158,2016,2345,-329
208000186,1340,1360,-20
208000204,949,915,34
208000205,2155,645,1510
208000282,1155,672,483
209000004,1012,175,837
209000005,134,95,39
209000006,302,269,33
209000007,464,421,43
209000010,101,226,-125
209000011,62,206,-144
209000012,91,83,8
209000013,339,117,222
209000014,516,262,254
209000025,784,99,685
209000026,1811,170,1641
209000027,397,155,242
209000028,288,164,124
209000029,574,617,-43
209000030,563,797,-234
209000031,2436,679,1757
209000034,281,393,-112
209000035,244,407,-163
209000036,634,129,505
209000037,878,195,683
209000038,412,187,225
209000039,203,158,45
209000040,458,338,120
209000041,314,257,57
209000042,369,129,240
209000043,622,332,290
209000044,405,454,-49
209000045,707,211,496
209000046,981,246,735
209000047,843,332,511
209000048,826,703,123
209000049,146,56,90
209000050,292,67,225
209000051,347,99,248
209000052,252,101,151
209000062,165,34,131
209000063,133,26,107
209000064,52,16,36
209000065,242,25,217
209000066,316,22,294
209000067,448,22,426
209000080,10,137,-127
209000082,226,14,212
209000091,20,72,-52
209000093,67,141,-74
209000094,35,107,-72
209000110,127,88,39
209000111,439,3382,-2943
209000112,1850,523,1327
209000113,4313,723,3590
209000114,1983,648,1335
209000115,92,50,42
209000116,276,176,100
209000118,10,122,-112
209000119,17,87,-70
209000121,123,319,-196
209000135,136,96,40
209000142,927,5964,-5037
209000143,24,41,-17
209000144,134,321,-187
209000229,409,68,341
209000240,18,189,-171
209000259,49,39,10
209000260,22,229,-207
209000261,27,165,-138
209000262,4,145,-141
209000263,0,201,-201
209000264,0,117,-117
209000265,445,1,444
209000266,176,0,176
209000267,2224,2,2222
209000268,741,110,631
210000037,240,57,183
210000047,132,4,128
210000048,148,40,108
210000049,255,9,246
210000052,194,38,156
210000053,55,26,29
210000054,17,72,-55
210000070,317,8,309
210000071,158,6,152
210000072,55,0,55
210000073,0,10,-10
210000074,0,62,-62
210000075,0,22,-22
210000076,0,69,-69
210000077,2,155,-153
210000078,12,182,-170
210000079,33,18,15
210000080,79,346,-267
210000081,283,15,268
210000082,23,5,18
210000083,101,1,100
210000084,149,0,149
210000085,0,100,-100
210000086,0,68,-68
210000099,59,157,-98
210000100,61,98,-37
210000101,46,100,-54
210000105,12,271,-259
210000159,1,398,-397
210000163,34,97,-63
210000164,478,181,297
210000168,458,32,426
210000187,0,3,-3
210000188,0,36,-36
210000214,21,0,21
210000219,237,37,200
210000220,263,6,257
210000232,6,23,-17
210000233,28,12,16
210000234,39,26,13
210000235,173,43,130
210000245,0,28,-28
210000246,65,41,24
210000258,19,74,-55
210000259,524,34,490
210000282,34,97,-63
210000285,2,141,-139
210000286,29,119,-90
210000290,0,8,-8
210000295,81,204,-123
210000296,116,34,82
210000320,676,25,651
210000321,527,31,496
210000338,63,94,-31
210000339,66,891,-825
210000340,85,195,-110
210000341,254,139,115
210000342,362,105,257
210000343,212,158,54
210000344,109,214,-105
210000345,138,520,-382
210000346,54,322,-268
210000347,22,318,-296
210000348,200,241,-41
210000349,80,146,-66
210000350,300,86,214
210000351,424,63,361
210000352,53,36,17
210000353,45,19,26
210000354,86,37,49
210000355,51,338,-287
210000356,17,526,-509
210000357,39,450,-411
210000358,849,445,404
210000359,97,383,-286
210000360,414,454,-40
210000361,453,178,275
210000362,736,123,613
210000363,875,180,695
210000364,562,146,416
210000365,579,91,488
210000366,606,52,554
210000367,236,18,218
210000368,428,45,383
210000369,122,113,9
210000370,240,157,83
210000372,41,35,6
210000373,22,123,-101
210000374,87,154,-67
210000375,34,22,12
210000376,66,397,-331
210000404,37,79,-42
210000439,225,13,212
210000472,82,11,71
210000482,233,149,84
210000564,402,175,227
210000567,11,197,-186
210000568,353,3,350
211000092,133,25,108
211000094,71,3,68
211000169,400,10,390
211000172,46,142,-96
211000209,0,31,-31
211000226,10,22,-12
211000270,203,37,166
211000275,11,33,-22
211000276,359,33,326
211000279,48,54,-6
211000281,389,35,354
211507980,0,55,-55
211977296,21,13,8
212000003,406,210,196
212000004,5,123,-118
212000005,14,235,-221
212000006,46,219,-173
212000008,250,208,42
212000009,78,154,-76
212000012,250,51,199
212000013,58,37,21
212000014,401,64,337
212000015,382,86,296
212000016,598,248,350
212000027,830,136,694
212000028,607,179,428
212000029,377,180,197
212000030,78,19,59
212000031,109,18,91
212000048,45,641,-596
212000049,9,331,-322
212000050,25,34,-9
212000051,475,111,364
212000052,362,116,246
212000053,315,132,183
212000054,1154,41,1113
212000055,951,81,870
212000056,12,52,-40
212000057,37,28,9
212000058,249,53,196
212000070,258,55,203
212000077,302,117,185
212000099,802,141,661
212000108,464,589,-125
212000111,706,39,667
212000120,140,248,-108
212000138,408,42,366
212000156,9,56,-47
212000158,3,53,-50
212000159,1047,54,993
212000160,1323,81,1242
212000161,243,5,238
212000310,81,8,73
212000311,21,47,-26
212000374,49,5,44
213000001,15,333,-318
213000005,1165,101,1064
213000006,866,105,761
213000007,71,10,61
213000009,372,134,238
213000010,655,116,539
213000011,232,30,202
213000012,276,82,194
213000014,70,36,34
213000015,387,8,379
213000016,440,27,413
213000017,50,0,50
213000018,2,29,-27
213000019,7,38,-31
213000020,116,57,59
213000021,0,43,-43
213000023,772,208,564
213000033,409,1173,-764
213000034,613,101,512
213000035,242,566,-324
213000045,186,264,-78
213000046,46,40,6
213000047,159,748,-589
213000056,452,7,445
213000069,160,45,115
213000073,0,21,-21
213000074,52,237,-185
213000075,1446,5,1441
213000076,29,5,24
213000085,0,4,-4
213000086,2,54,-52
213000091,753,29,724
213000092,67,9,58
213000099,207,946,-739
213000100,1177,247,930
213000101,1573,72,1501
213000102,1197,94,1103
213000103,680,231,449
213000104,47,137,-90
213000105,201,2329,-2128
213000106,47,237,-190
213000107,186,285,-99
213000108,57,325,-268
213000109,4,187,-183
213000110,3,82,-79
213000111,1,50,-49
213000112,56,95,-39
213000115,114,4,110
213000116,17,257,-240
213000117,0,254,-254
213000118,2009,539,1470
213000119,26,324,-298
213000120,34,200,-166
213000122,132,210,-78
213000123,100,372,-272
213000124,261,617,-356
213000125,323,104,219
213000126,34,61,-27
213000127,22,123,-101
213000128,80,436,-356
213000129,199,3090,-2891
213000130,1753,1155,598
213000132,2771,253,2518
213000133,2411,127,2284
213000134,3285,16,3269
213000136,951,11,940
213000137,867,16,851
213000139,290,11,279
213000147,18,5,13
213000148,14,25,-11
213000149,6,36,-30
213000150,1,763,-762
213000151,9,174,-165
213000152,0,290,-290
213000153,1,179,-178
213000154,138,201,-63
213000155,110,197,-87
213000156,131,195,-64
213000157,1324,179,1145
213000158,658,417,241
213000159,1201,238,963
213000163,4006,520,3486
213000165,825,313,512
213000171,0,12,-12
213000172,0,38,-38
213000173,0,56,-56
213000174,0,51,-51
213000175,8,12,-4
213000176,285,71,214
213000177,225,4,221
213000178,549,2,547
213000179,786,0,786
213000180,1027,0,1027
213000184,97,251,-154
213000188,1276,52,1224
213000189,1994,35,1959
213000190,1216,266,950
213000191,1300,140,1160
213000192,786,139,647
213000193,366,218,148
213000194,0,246,-246
213000195,48,177,-129
213000196,557,1902,-1345
213000197,822,1254,-432
213000198,19,2,17
213000200,172,415,-243
213000201,47,71,-24
213000202,5,312,-307
213000203,1619,260,1359
213000204,1768,55,1713
213000205,1055,26,1029
213000206,1442,28,1414
213000207,46,7,39
213000208,31,0,31
213000209,104,15,89
213000210,231,2,229
213000211,3,9,-6
213000212,15,17,-2
213000213,35,43,-8
213000218,760,433,327
213000219,2321,79,2242
213000220,2491,8,2483
213000223,585,128,457
213000224,47,22,25
213000225,137,26,111
213000226,73,2,71
213000227,2610,70,2540
213000228,1638,63,1575
213000229,444,32,412
213000230,769,10,759
213000232,201,10,191
213000233,29,120,-91
213000234,1,53,-52
213000293,7,151,-144
213000294,161,31,130
213000295,20,53,-33
213000296,209,24,185
213000297,20,52,-32
213000298,24,59,-35
213000299,29,31,-2
213000300,1,4,-3
213000303,4,33,-29
213000304,5,12,-7
213000305,0,12,-12
213000306,53,340,-287
213000307,144,126,18
213000308,69,125,-56
213000309,395,41,354
213000310,434,138,296
213000311,135,418,-283
213000315,108,241,-133
213000316,604,43,561
213000322,202,29,173
213000323,318,20,298
213000324,140,2,138
213000325,244,36,208
213000326,158,23,135
213000327,102,27,75
213000328,112,89,23
213000329,223,14,209
213000340,132,265,-133
213000341,2291,76,2215
213000346,95,490,-395
213000347,270,1078,-808
213000348,9,86,-77
213000349,4,2,2
213000350,166,710,-544
213000366,104,175,-71
213000367,628,19,609
213000379,54,13,41
213000386,57,66,-9
213000406,321,116,205
213000417,2487,800,1687
213000425,702,123,579
213000426,389,17,372
213000427,191,75,116
213000428,105,54,51
213000429,10,8,2
213000430,169,174,-5
213000431,27,0,27
213000432,1,99,-98
213000433,45,38,7
213000434,387,112,275
213000435,299,22,277
213000436,266,31,235
213000437,4,17,-13
213000438,316,32,284
213000439,57,30,27
213000440,15,139,-124
213000441,1,1,0
213000442,2,13,-11
213000443,874,340,534
213000444,69,11,58
213000445,0,64,-64
213000446,0,56,-56
213000447,0,105,-105
213000448,11,137,-126
213000449,2522,30,2492
213000450,31,24,7
213000451,726,22,704
213000452,16,9,7
213000453,10,114,-104
213000455,146,1,145
213000456,0,180,-180
213000481,6,1,5
213000482,35,1,34
213000489,168,128,40
213000491,12,428,-416
213000492,121,1,120
213000493,9,659,-650
213000494,570,98,472
213000495,0,32,-32
213000496,1108,119,989
213000497,63,181,-118
213000498,163,95,68
213000499,280,124,156
213000500,1419,36,1383
213000501,555,34,521
213000502,137,56,81
213000503,0,94,-94
213000504,26,73,-47
213000505,58,0,58
213000506,0,1,-1
213000507,1,54,-53
213900016,0,3,-3
213900244,381,0,381
213900245,0,3,-3
218000003,58,30,28
218000004,179,40,139
218000005,23,69,-46
218000006,85,53,32
218000007,11,24,-13
218000012,103,401,-298
218000013,341,244,97
218000014,464,159,305
218000019,525,232,293
218000020,334,155,179
218000021,53,41,12
218000022,27,10,17
218000023,4,14,-10
218000024,14,6,8
218000025,28,9,19
218000026,26,4,22
218000027,5,2,3
218000028,12,0,12
218000029,9,1,8
218000030,36,7,29
218000031,11,6,5
218000032,2,2,0
218000040,6,20,-14
218000046,171,173,-2
218000047,14,74,-60
218000048,207,30,177
218000049,128,38,90
218000050,392,81,311
218000051,150,93,57
218000052,2,31,-29
218000053,4,6,-2
218000054,2,47,-45
218000055,4,58,-54
218000056,29,58,-29
218000057,4,38,-34
218000064,0,2,-2
218000065,168,12,156
218000066,37,45,-8
218000067,197,49,148
218000068,372,89,283
218000069,837,35,802
218000070,493,196,297
218000071,309,142,167
218000072,142,159,-17
218000078,1689,225,1464
218000079,549,29,520
218000080,325,24,301
218000081,883,67,816
218000082,331,27,304
218000083,171,32,139
218000084,220,54,166
218000085,193,67,126
218000086,134,24,110
218000087,197,45,152
218000090,9,352,-343
218000091,1918,731,1187
218000092,345,74,271
218000093,181,60,121
218000094,628,264,364
218000099,272,244,28
218000100,431,153,278
218000101,403,133,270
218000102,720,156,564
218000103,237,56,181
218000104,176,50,126
218000105,36,8,28
218000106,81,3,78
218000107,282,42,240
218000108,59,25,34
218000112,67,16,51
218000117,57,86,-29
218000134,485,278,207
218000135,24,108,-84
218000136,207,127,80
218000137,154,182,-28
218000138,62,88,-26
218000139,215,583,-368
218000140,751,527,224
218000141,158,94,64
218000142,323,224,99
218000143,42,345,-303
218000144,7,300,-293
218000145,788,239,549
218000146,110,59,51
218000151,2,23,-21
218000152,41,38,3
218000153,1,4,-3
218000154,16,3,13
218000155,85,0,85
218000156,102,5,97
218000157,71,5,66
218000158,14,12,2
218000159,2,3,-1
218000160,18,6,12
218000161,56,3,53
218000162,91,8,83
218000163,37,1,36
218000164,158,10,148
218000165,237,39,198
218000170,1,33,-32
218000171,75,3,72
218000172,1,2,-1
218000173,13,4,9
218000174,24,19,5
218000176,284,16,268
218000177,359,80,279
218000178,83,81,2
218000179,194,34,160
218000180,95,21,74
218000181,294,18,276
218000187,17,26,-9
218000188,29,34,-5
218000189,10,110,-100
218000190,23,22,1
218000191,182,33,149
218000192,370,87,283
218000193,325,129,196
218000194,167,170,-3
218000195,247,16,231
218000196,551,161,390
218000197,1068,84,984
218000198,229,53,176
218000199,72,13,59
218000200,86,43,43
218000201,20,7,13
218000202,50,859,-809
218000207,4,10,-6
218000208,12,149,-137
218000211,19,17,2
218000212,1,1,0
218000213,262,140,122
218000214,2,31,-29
218000215,161,63,98
218000217,3,49,-46
218000218,366,23,343
218000219,18,68,-50
218000220,79,588,-509
218000221,1080,361,719
218000222,0,76,-76
218000223,77,350,-273
218000224,7,192,-185
218000225,233,24,209
218000226,343,40,303
218000230,0,15,-15
218000232,99,31,68
218000239,194,2,192
218000240,18,0,18
218000241,7,1,6
218000242,2,0,2
218000243,4,3,1
218000244,44,3,41
218000245,21,35,-14
218000246,0,14,-14
218000247,0,0,0
218000248,0,30,-30
218000249,0,3,-3
218000250,0,66,-66
218000251,0,40,-40
218000252,0,34,-34
218000253,0,27,-27
218000254,0,33,-33
218000255,0,27,-27
218000256,10,21,-11
218000267,657,1133,-476
218000268,6,66,-60
218000269,2,14,-12
218000270,174,30,144
218000271,14,10,4
218000273,173,1,172
218000274,64,1,63
218000275,138,115,23
218000276,61,20,41
218000278,11,17,-6
218000279,106,28,78
218000280,0,13,-13
218000281,5,15,-10
218000282,754,1477,-723
218000284,61,1,60
218000301,32,211,-179
218000302,38,66,-28
218000303,3,70,-67
218000316,1922,493,1429
218000317,3643,386,3257
218000318,2061,247,1814
218000319,1821,534,1287
218000320,1595,635,960
218000338,16,21,-5
218000345,228,48,180
218000346,48,200,-152
218000459,63,120,-57
218000490,24,34,-10
218000501,140,50,90
218000502,206,42,164
218000503,174,29,145
218000504,162,30,132
218000505,46,43,3
218000506,14,66,-52
218000508,5,0,5
218000510,115,20,95
218000520,208,144,64
218000521,19,11,8
218000522,3,253,-250
218000523,201,2,199
218000524,9,198,-189
218000525,115,16,99
218000526,21,170,-149
218000529,106,29,77
218000530,41,10,31
218000531,53,17,36
218000532,80,4,76
218000534,717,23,694
218000537,23,121,-98
218000538,149,324,-175
218000540,121,78,43
218000543,397,29,368
218000544,10,58,-48
218000545,308,69,239
218000546,102,23,79
218000547,296,115,181
218000548,143,44,99
218000549,1472,90,1382
218000550,167,103,64
218000551,116,184,-68
218000552,467,118,349
218000553,28,155,-127
218000554,95,45,50
218000555,71,146,-75
218000556,334,125,209
218000557,1182,122,1060
218000558,95,0,95
218000559,0,67,-67
218000560,0,15,-15
218000561,30,0,30
218000562,18,98,-80
218000563,211,13,198
218000564,2,127,-125
218000565,88,36,52
218000566,48,10,38
218000567,1,44,-43
218000568,9,3,6
218000569,4,177,-173
218000570,19,1,18
218000571,2,78,-76
218000572,137,0,137
218000573,1,68,-67
218000574,107,24,83
218000575,170,2,168
218000576,0,60,-60
218000577,216,17,199
218000578,1,59,-58
218000579,45,25,20
218000581,6,71,-65
218000582,65,1,64
218000583,2,0,2
218000584,0,26,-26
218000585,98,2,96
218000586,19,41,-22
218000587,6,0,6
218000588,1,22,-21
218000589,0,25,-25
218000590,5,0,5
218000591,2,74,-72
218000592,7,8,-1
218000593,7,8,-1
218000594,0,3,-3
218000597,0,0,0
218000598,0,4,-4
218000599,1,2,-1
218000600,7,10,-3
218000601,0,1,-1
218000602,0,5,-5
218000603,0,8,-8
218000604,40,47,-7
218000605,1,64,-63
218000606,102,0,102
218000607,2,95,-93
218000608,86,9,77
218000609,1,148,-147
218000610,79,1,78
218000611,27,1,26
218000612,1,10,-9
218000613,56,32,24
218000614,0,32,-32
218000615,265,5,260
218000616,5,162,-157
218000617,4,0,4
218000618,3,28,-25
218000619,32,110,-78
218000620,1,137,-136
218000621,0,19,-19
218000622,1,100,-99
218000623,15,6,9
218000624,1,247,-246
218000625,1,17,-16
218000626,0,33,-33
218000628,311,190,121
218000631,110,74,36
218000632,0,49,-49
218000633,68,1,67
218000634,12,3,9
218000635,11,9,2
218000636,994,283,711
218000637,1905,162,1743
218000638,556,5,551
218000639,57,25,32
218000640,957,16,941
218000641,249,58,191
218000652,91,40,51
218000653,201,19,182
218000663,15,53,-38
218000675,27,82,-55
218000676,9,7,2
218000677,47,3,44
218000680,414,115,299
218000681,1089,110,979
218000691,552,102,450
218000693,1126,58,1068
218000703,9,12,-3
218000718,9,44,-35
218000719,77,91,-14
218000720,4,71,-67
218000721,4,2,2
218000725,8,8,0
218001147,1,55,-54
218001214,20,36,-16
218001258,365,8,357
218001329,395,74,321
218001330,91,67,24
218001351,2,16,-14
218001352,39,20,19
218001353,2,10,-8
218001354,3,40,-37
218001355,22,93,-71
218001356,1099,117,982
218001357,4,41,-37
218001358,1026,3,1023
218001361,917,3,914
218001362,0,65,-65
219000001,1,25,-24
219000002,39,24,15
219000003,55,54,1
219000004,39,72,-33
219000017,105,143,-38
219000020,272,20,252
219000022,224,2,222
219000023,104,1,103
219000029,0,118,-118
219000034,101,28,73
219000039,28,169,-141
219000040,22,82,-60
219000041,141,71,70
219000051,0,67,-67
219000052,0,47,-47
219000053,2,77,-75
219000054,32,44,-12
219000055,627,2,625
219000056,12,0,12
219000057,112,0,112
219000062,23,70,-47
219000063,408,7,401
219000064,1,106,-105
219000110,225,223,2
219000111,77,31,46
219000112,399,58,341
219000113,319,25,294
219000114,292,38,254
219000116,125,15,110
219000117,247,32,215
219000118,174,61,113
219000123,237,106,131
219000124,76,36,40
219000125,16,1,15
219000126,50,121,-71
219000127,0,15,-15
219000128,20,99,-79
219000129,27,94,-67
219000130,205,383,-178
219000131,1257,762,495
219000133,39,95,-56
219000134,6,50,-44
219000135,30,50,-20
219000136,52,297,-245
219000138,169,8,161
219000139,128,19,109
219000140,261,0,261
219000141,65,27,38
219000142,46,36,10
219000143,39,20,19
219000145,16,23,-7
219000146,0,0,0
219000147,17,11,6
219000148,1,19,-18
219000149,3,22,-19
219000150,0,13,-13
219000151,0,2,-2
219000157,597,89,508
219000158,374,133,241
219000161,464,10,454
219000163,1432,332,1100
219000166,232,178,54
219000167,145,157,-12
219000168,373,25,348
219000174,895,145,750
219000175,403,1,402
219000176,331,9,322
219000177,213,4,209
219000178,260,0,260
219000179,154,45,109
219000180,160,14,146
219000182,242,11,231
219000183,144,8,136
219000184,143,2,141
219000185,1,13,-12
219000186,131,55,76
219000187,9,49,-40
219000189,54,83,-29
219000190,48,79,-31
219000191,145,712,-567
219000192,326,205,121
219000193,287,93,194
219000195,0,92,-92
219000196,5,94,-89
219000198,21,29,-8
219000199,37,89,-52
219000200,37,57,-20
219000201,42,73,-31
219000203,9,35,-26
219000204,47,248,-201
219000205,17,126,-109
219000207,84,140,-56
219000209,89,25,64
219000210,36,145,-109
219000213,23,123,-100
219000239,217,261,-44
219000240,70,381,-311
219000241,125,190,-65
219000242,106,248,-142
219000243,160,260,-100
219000244,27,95,-68
219000245,24,70,-46
219000246,26,19,7
219000247,412,43,369
219000248,557,478,79
219000249,394,152,242
219000250,485,48,437
219000251,1010,147,863
219000252,360,63,297
219000253,285,19,266
219000255,330,127,203
219000256,682,116,566
219000257,153,0,153
219000262,60,110,-50
219000263,72,127,-55
219000267,1,35,-34
219000268,1,0,1
219000269,5,1,4
219000270,21,0,21
219000271,496,6,490
219000278,0,3,-3
219000279,0,1,-1
219000283,0,26,-26
219000295,18,97,-79
219000296,85,175,-90
219000297,47,36,11
219000298,45,28,17
219000299,371,19,352
219000300,99,41,58
219000301,17,173,-156
219000302,13,105,-92
219000307,37,4,33
219000308,61,53,8
219000311,305,54,251
219000312,534,140,394
219000313,641,68,573
219000314,73,81,-8
219000315,545,13,532
219000316,1015,75,940
219000317,448,26,422
219000320,0,50,-50
219000321,0,30,-30
219000323,5,36,-31
219000325,0,0,0
219000326,28,37,-9
219000327,8,11,-3
219000328,38,18,20
219000329,428,117,311
219000330,28,11,17
219000331,72,37,35
219000332,258,89,169
219000333,111,2,109
219000335,52,0,52
219000337,21,0,21
219000338,46,0,46
219000344,19,43,-24
219000345,253,33,220
219000346,40,25,15
219000348,115,37,78
219000349,22,140,-118
219000350,41,220,-179
219000351,0,11,-11
219000352,72,65,7
219000353,367,43,324
219000354,886,18,868
219000355,211,19,192
219000356,451,818,-367
219000363,185,39,146
219000364,176,39,137
219000365,68,47,21
219000366,148,1128,-980
219000368,506,491,15
219000370,919,344,575
219000371,31,7,24
219000382,3,8,-5
219000383,248,770,-522
219000385,137,625,-488
219000386,426,1572,-1146
219000387,0,2,-2
219000390,8,0,8
219000391,7,0,7
219000397,58,8,50
219000398,24,62,-38
219000401,22,100,-78
219000402,17,74,-57
219000403,88,265,-177
219000404,14,86,-72
219000407,54,60,-6
219000409,82,54,28
219000410,89,7,82
219000411,73,15,58
219000446,87,299,-212
219000447,0,15,-15
219000448,4,4,0
219000452,139,49,90
219000453,24,104,-80
219000454,427,412,15
219000556,1132,26,1106
219000558,70,124,-54
219000590,17,274,-257
219000591,413,59,354
219000592,31,148,-117
219000595,17,4,13
219000635,270,21,249
219000636,82,22,60
219000657,59,1,58
219000658,8,168,-160
219000673,0,42,-42
219000676,70,4,66
219000679,50,21,29
219000684,290,0,290
219000685,0,87,-87
219000686,0,9,-9
219000688,1,66,-65
219000689,4,154,-150
219000690,122,8,114
219000691,42,70,-28
219000692,218,4,214
219000693,1,8,-7
219000694,63,0,63
219000695,136,1,135
219000698,15,0,15
219000699,0,159,-159
219000727,2,145,-143
219000728,234,1,233
219000770,57,2,55
219000771,0,111,-111
219000788,231,242,-11
219001150,0,105,-105
219001151,0,2,-2
219001166,44,95,-51
219001167,3,47,-44
219001178,92,0,92
220000001,30,316,-286
220000002,7,241,-234
220000003,223,87,136
220000004,402,316,86
220000005,443,1288,-845
220000006,93,482,-389
220000007,601,97,504
220000008,310,250,60
220000009,309,414,-105
220000010,61,35,26
220000011,373,5091,-4718
220000012,26,662,-636
220000014,226,119,107
220000015,26,420,-394
220000017,36,305,-269
220000018,10133,3323,6810
220000019,236,938,-702
220000020,771,219,552
220000021,1302,453,849
220000022,1962,304,1658
220000023,306,127,179
220000024,1031,291,740
220000025,790,1954,-1164
220000026,600,1053,-453
220000027,24,346,-322
220000028,42,189,-147
220000029,15,79,-64
220000030,31,40,-9
220000031,1206,572,634
220000064,95,935,-840
221000046,28,1,27
221000047,0,0,0
221000048,0,1,-1
221000049,0,15,-15
221000050,15,0,15
221000055,15,67,-52
221000057,292,6,286
221000068,168,51,117
221000069,361,24,337
221000070,265,12,253
221000071,138,15,123
221000072,507,6,501
221000073,226,28,198
221000074,1,14,-13
221000075,4,18,-14
221000076,17,21,-4
221000077,6,37,-31
221000081,20,5,15
221000082,62,12,50
221000083,25,3,22
221000084,5,5,0
221000085,14,27,-13
221000086,4,41,-37
221000087,1,91,-90
221000088,5,172,-167
221000089,22,101,-79
221000090,21,196,-175
221000098,152,20,132
221000099,413,12,401
221000100,226,3,223
221000101,282,7,275
221000102,212,8,204
221000109,1,33,-32
221000110,12,16,-4
221000111,1,31,-30
221000112,4,36,-32
221000113,6,53,-47
221000114,1,61,-60
221000120,17,176,-159
221000121,0,73,-73
221000122,52,29,23
221000123,1,12,-11
221000124,50,103,-53
221000155,173,21,152
221000156,220,53,167
221000175,3,35,-32
221000176,0,8,-8
221000182,228,2,226
221000241,278,242,36
221000242,49,107,-58
221000243,658,131,527
221000244,90,297,-207
221000245,258,77,181
221000246,7,191,-184
221000247,217,150,67
221000248,104,102,2
221000267,32,608,-576
221000325,14,182,-168
221000331,1,40,-39
221000338,24,57,-33
221000378,453,71,382
221000381,48,79,-31
222000282,3,0,3
222000296,0,38,-38
222000568,494,14,480
222000569,279,43,236
222000570,136,43,93
222000571,716,32,684
222000577,31,69,-38
222000578,2,101,-99
222000579,1,31,-30
222000580,16,660,-644
222000599,0,62,-62
222000600,0,72,-72
222000601,4,429,-425
222000603,8,90,-82
222000604,1,135,-134
222000605,22,44,-22
222000606,1,62,-61
222000607,3,6,-3
222000608,9,11,-2
222000609,73,27,46
222000616,1313,21,1292
222000617,39,6,33
222000618,3,9,-6
222000620,21,13,8
222000621,61,23,38
222000623,774,10,764
222000624,933,15,918
222000625,2152,13,2139
222000636,24,3,21
222000686,26,45,-19
222000687,58,21,37
222001066,1218,2,1216
222001067,182,10,172
222001068,388,16,372
222001069,222,37,185
222001082,184,8,176
222001083,322,9,313
222001084,2,142,-140
222001085,0,873,-873
222001111,458,20,438
222001112,310,6,304
222001313,2,13,-11
222001314,1,84,-83
222001464,127,34,93
222001465,14,98,-84
222001484,529,42,487
222001485,10,24,-14
222001494,1603,143,1460
222001495,111,70,41
222001496,758,51,707
222001497,152,118,34
222001502,16,29,-13
222001503,698,14,684
222001504,7,120,-113
222001505,1154,31,1123
222001506,6,74,-68
222001507,770,21,749
222001510,1450,28,1422
222001511,4,124,-120
222001514,1450,22,1428
222001515,48,126,-78
222001518,1153,29,1124
222001519,29,137,-108
222001527,289,32,257
222001528,34,111,-77
222001529,724,23,701
222001530,12,64,-52
222001533,92,105,-13
222001534,1257,31,1226
222001535,750,149,601
222001536,35,121,-86
222001537,841,24,817
222001538,4,197,-193
222001563,1411,60,1351
222001564,34,182,-148
222001568,162,118,44
222001576,0,3,-3
222001579,0,35,-35
222001583,13,59,-46
222001584,292,44,248
222001596,256,518,-262
222001597,2008,286,1722
222001626,0,24,-24
222001650,5,73,-68
222001651,30,184,-154
222001914,572,33,539
222001915,10,163,-153
222001968,897,157,740
222001969,189,217,-28
222001970,89,187,-98
222001971,181,5,176
222001972,18,12,6
225000001,789,62,727
225000002,1713,109,1604
225000003,1771,80,1691
225000004,1189,174,1015
225000005,70,74,-4
225000006,0,145,-145
225000007,835,1505,-670
225000010,419,26,393
225000011,383,2134,-1751
225000012,356,1009,-653
225000013,246,119,127
225000014,900,92,808
225000015,163,200,-37
225000021,1050,66,984
225000027,285,278,7
225000032,959,138,821
225000042,122,252,-130
225000049,42,197,-155
225000050,277,48,229
225000053,2,63,-61
225000058,830,185,645
225000067,403,102,301
225000068,175,158,17
225000069,94,297,-203
225000070,156,239,-83
225000071,59,70,-11
225000075,39,733,-694
225000076,101,57,44
225000078,109,15,94
225000085,433,27,406
225000086,1069,9,1060
225000087,154,13,141
225000088,12,186,-174
225000089,78,172,-94
225000090,13,94,-81
225000091,69,33,36
225000092,54,119,-65
225000093,588,132,456
225000094,7,153,-146
225000095,333,133,200
225000096,69,127,-58
225000098,1585,139,1446
225000099,891,40,851
225000100,1191,68,1123
225000104,129,486,-357
225000110,25,256,-231
225000111,541,273,268
225000112,708,789,-81
225000113,238,1487,-1249
225000114,124,759,-635
225000115,1428,875,553
225000116,342,81,261
225000117,514,485,29
225000118,1574,430,1144
225000119,700,76,624
225000120,1267,46,1221
225000121,254,26,228
225000123,958,10,948
225000125,902,319,583
225000126,895,217,678
225000127,651,5131,-4480
225000128,420,2088,-1668
225000132,893,17,876
225000133,478,11,467
225000134,1025,166,859
225000135,154,30,124
225000136,883,12,871
225000137,654,155,499
225000138,849,193,656
225000143,93,248,-155
225000144,20,313,-293
225000145,23,14,9
225000146,83,32,51
225000147,39,64,-25
225000148,0,38,-38
225000149,78,140,-62
225000151,38,58,-20
225000155,146,130,16
225000156,244,1225,-981
225000157,699,380,319
225000158,32,169,-137
225000171,1,187,-186
225000180,131,82,49
225000181,0,165,-165
225000182,46,4,42
225000185,18,326,-308
225000187,83,179,-96
225000191,101,2,99
225000194,0,2,-2
225000208,1,72,-71
225000209,113,31,82
225000210,0,103,-103
225000217,0,28,-28
225000218,39,1,38
225000223,0,414,-414
225000224,5,4,1
225000225,0,165,-165
225000226,12,3,9
225000227,163,194,-31
225000228,4,6,-2
225000229,0,87,-87
225000230,1,0,1
225000231,0,8,-8
225000232,331,0,331
225000241,113,2,111
225000242,1,34,-33
225000249,3,0,3
225000250,47,144,-97
225000251,954,97,857
225000254,3,203,-200
225000256,9,856,-847
225000257,0,69,-69
226000042,95,258,-163
226000043,8,188,-180
226000044,74,452,-378
226000045,65,250,-185
226000046,1407,123,1284
226000047,1139,173,966
226000048,814,116,698
226000049,807,318,489
226000070,0,6,-6
226000071,0,14,-14
226000072,0,15,-15
226000073,0,8,-8
226000074,0,5,-5
226000084,0,17,-17
226000085,0,51,-51
226000086,1,18,-17
226000087,2,50,-48
226000088,6,30,-24
226000090,151,273,-122
226000091,13,105,-92
226000092,0,48,-48
226000093,3,2,1
226000094,1,22,-21
226000095,3,36,-33
226000105,5,0,5
226000106,22,0,22
226000107,8,0,8
226000108,34,0,34
226000109,450,0,450
226000124,406,100,306
226000134,1971,310,1661
226000135,3655,471,3184
226000136,1456,309,1147
226000137,9,96,-87
226000138,2,31,-29
226000139,1,36,-35
226000156,721,17,704
226000157,825,22,803
226000163,21,112,-91
226000202,1,50,-49
226000231,1616,3,1613
226000232,60,2,58
227000033,702,8,694
227000036,1083,14,1069
227000037,1275,15,1260
227000038,424,21,403
227000084,3,100,-97
227000085,0,122,-122
227000088,94,1,93
227000089,49,1,48
227000090,39,1,38
227000091,66,0,66
227000092,31,0,31
227000093,154,0,154
227000094,18,0,18
227000130,58,154,-96
227000131,34,159,-125
227000132,26,78,-52
227000133,34,73,-39
227000134,37,136,-99
227000152,0,2,-2
227000153,0,186,-186
227000154,0,58,-58
227000155,0,24,-24
227000156,0,26,-26
227000165,3,122,-119
227000196,851,135,716
227000199,1756,169,1587
227000230,3,229,-226
227000232,2429,69,2360
227000242,28,211,-183
227000243,557,28,529
227000245,22,159,-137
227000246,84,177,-93
227000247,988,16,972
227000248,286,71,215
227000249,13,161,-148
227000250,488,345,143
227000251,80,318,-238
227000252,89,140,-51
227000253,582,21,561
227000262,993,18,975
227000266,3486,56,3430
227000267,23,657,-634
227000282,6,80,-74
227000284,2207,13,2194
227000286,22,15,7
227000287,27,24,3
227000291,9,125,-116
227000296,435,114,321
227000484,193,16,177
227000485,1,362,-361
227000655,1058,2,1056
227000656,1592,14,1578
227000657,1070,6,1064
227000661,1892,17,1875
227000680,129,256,-127
229000265,128,44,84
229000296,0,101,-101
229000297,1,44,-43
229000298,2,307,-305
229000320,57,5,52
229000321,48,52,-4
229000412,35,66,-31
229000414,23,30,-7
229000415,11,2,9
229000416,23,2,21
229000417,3,2,1
229000419,159,275,-116
229000440,402,131,271
229000442,37,3,34
229000443,12,0,12
229000444,1,26,-25
229000445,63,2,61
229000446,97,50,47
229000491,5,8,-3
229000492,9,71,-62
229000493,1,85,-84
229000494,88,0,88
229000495,187,3,184
229000496,154,1,153
229000507,0,39,-39
229000508,0,47,-47
229000509,0,53,-53
229000510,0,21,-21
229000511,2,41,-39
229000512,0,28,-28
229000513,0,8,-8
229000514,1,3,-2
229000517,6,5,1
229000518,24,41,-17
229000519,2,7,-5
229000520,26,26,0
229000521,122,43,79
229000522,31,18,13
229000523,18,6,12
229000524,3,1,2
229000527,2,2,0
229000528,0,0,0
229000529,11,0,11
229000530,155,1,154
229000531,118,0,118
229000532,15,0,15
229000533,62,1,61
229000534,29,0,29
229000564,230,3,227
229000565,116,0,116
229000566,0,5,-5
229000567,0,5,-5
229000582,67,7,60
229000583,39,10,29
229000584,0,7,-7
229000585,2,71,-69
229000718,0,0,0
229000719,0,3,-3
229000720,0,13,-13
229000721,0,11,-11
229000722,0,7,-7
229000723,0,1,-1
229000724,0,16,-16
229000725,0,4,-4
229000738,1,0,1
229000739,3,0,3
229000740,3,0,3
229000741,81,0,81
229000742,10,0,10
229000743,42,0,42
229000744,1,0,1
229000745,0,0,0
229000746,18,0,18
229000847,209,0,209
229000848,218,0,218
229000849,261,2,259
229000851,426,0,426
229000854,4,11,-7
229000856,0,66,-66
229000857,0,27,-27
229000858,4,15,-11
229000919,2,18,-16
229000930,1,13,-12
229000937,138,8,130
229000966,60,33,27
229000981,27,2,25
229000985,9,11,-2
229000986,0,1,-1
229000987,0,40,-40
229000988,0,18,-18
229000989,12,19,-7
229000990,3,27,-24
229000991,1,0,1
229000992,83,7,76
229000993,465,16,449
229000998,11,60,-49
229000999,150,16,134
229001034,0,53,-53
229001035,28,6,22
229001037,108,0,108
229001042,23,9,14
229001047,6,79,-73
229001050,139,26,113
229001168,0,82,-82
229001200,51,1,50
229001338,0,14,-14
229001394,603,5,598
229001422,216,12,204
229001423,3,48,-45
229001431,71,25,46
229001432,1,30,-29
229001444,421,55,366
229001445,120,119,1
229001479,52,1,51
229001503,481,32,449
229001504,31,27,4
229001505,202,36,166
229001506,60,21,39
229001509,181,21,160
229001545,99,37,62
229001546,0,23,-23
229001553,115,7,108
229001554,2,24,-22
229001559,8,4,4
229001560,3,48,-45
229001630,117,1,116
229001631,10,78,-68
229001635,0,31,-31
229001636,0,0,0
229001658,0,12,-12
229001659,77,24,53
229001660,7,18,-11
229001661,0,74,-74
229001662,60,1,59
229001663,0,19,-19
229002584,390,287,103
229002831,162,142,20
229002841,47,40,7
229002842,62,63,-1
229002843,132,104,28
229002844,7,155,-148
229002845,23,161,-138
229002846,2,25,-23
229002847,1,21,-20
229002848,4,55,-51
229002849,1,191,-190
229002850,14,37,-23
229002851,72,238,-166
229002852,111,110,1
229002853,80,29,51
229002854,28,44,-16
229002855,18,31,-13
229002856,78,13,65
229002857,27,137,-110
229002858,7,11,-4
229002859,20,58,-38
229002860,44,60,-16
229002861,55,65,-10
229002862,11,39,-28
229002863,13,18,-5
229002864,53,112,-59
229002865,4,29,-25
229002866,11,59,-48
229002867,3,36,-33
229002868,9,35,-26
229002869,29,58,-29
229002870,73,3,70
235000066,342,43,299
235000067,213,136,77
235000072,16,6,10
235000073,44,53,-9
235000074,60,4,56
235000080,4,36,-32
235000081,30,88,-58
235000082,347,69,278
235000083,487,130,357
235000084,13,95,-82
235000085,291,159,132
235000089,32,21,11
235000092,14,24,-10
235000093,0,0,0
235000097,3,1,2
235000098,177,5,172
235000099,49,26,23
235000116,9,37,-28
235000117,665,22,643
235000133,9,156,-147
235000134,2,43,-41
235000206,0,3,-3
235000207,0,1,-1
235000208,0,7,-7
235000209,73,14,59
235000210,4,0,4
235000212,3,15,-12
235000213,0,14,-14
235000220,0,3,-3
235000221,1,36,-35
235000238,8,319,-311
235000239,0,26,-26
235000242,277,1272,-995
235000245,477,236,241
235000246,22,80,-58
235000284,2,48,-46
235000295,82,6,76
235000305,556,4,552
235000306,713,1,712
235000307,83,0,83
235000308,12,0,12
235000309,114,0,114
235000310,44,0,44
235000311,63,71,-8
235000322,0,110,-110
235000323,1,41,-40
235000324,0,44,-44
235000325,0,21,-21
235000326,25,56,-31
235000351,1,62,-61
235000352,15,48,-33
235000353,3,24,-21
235000354,24,8,16
235000355,1,172,-171
235000356,119,1,118
235000357,36,3,33
235000358,35,3,32
235000359,2,4,-2
235000360,208,24,184
235000361,82,2,80
235000381,74,68,6
235000382,230,35,195
235000390,2,0,2
235000391,161,7,154
235000392,259,141,118
235000393,193,102,91
235000395,157,37,120
235000396,624,59,565
235000400,23,64,-41
235000401,16,89,-73
235000405,105,103,2
235000406,25,66,-41
235000407,78,24,54
235000409,174,50,124
235000410,74,110,-36
235000411,0,53,-53
235000485,0,1,-1
235000486,5,0,5
235000549,199,103,96
235000550,112,72,40
235000599,209,9,200
235000600,3,1,2
235000601,5,22,-17
235000602,197,64,133
235000614,0,1,-1
235000648,0,0,0
235000649,51,26,25
235000685,0,0,0
235000815,8,4,4
235000834,0,16,-16
235000855,85,64,21
235000862,4,60,-56
235000891,0,6,-6
235000892,92,24,68
235000901,38,22,16
235000907,0,11,-11
235001010,164,61,103
235001029,144,127,17
235001030,122,23,99
235001078,87,78,9
235001079,55,15,40
235001147,2,86,-84
235001166,12,13,-1
235001167,20,4,16
235001169,48,150,-102
235001188,0,6,-6
235001189,0,3,-3
235001197,1,12,-11
235001200,29,7,22
235001207,287,48,239
235001210,5,95,-90
235001215,2,24,-22
235001239,0,2,-2
235001244,0,12,-12
235016267,1,128,-127
277101746,0,4,-4
277102712,2,0,2
277103813,0,1,-1
277103814,0,0,0
277103898,0,0,0
277104249,0,2,-2
277104250,0,21,-21
277104251,0,1,-1
277104252,0,2,-2
990011530,0,149,-149
990014944,0,113,-113
990015176,11,3,8
990015618,1,187,-186
990016032,0,439,-439
990032570,35,21,14
990070001,66,2,64
990070103,0,1,-1
990070601,1,15,-14
990070751,3947,8,3939
990070766,0,89,-89
990071180,482,96,386
990071343,40,0,40
990071387,0,3,-3
990071823,954,1,953
990072600,1,452,-451
990072964,3,163,-160
990073285,0,1,-1
990074393,0,529,-529
990074870,3537,33,3504
990075106,501,3,498
990075746,780,10,770
990076437,8196,12,8184
990076458,2,347,-345
997000007,395,2,393
997000041,1,302,-301
997000058,83,0,83
997000062,15,1,14
997000069,0,2,-2
997000070,0,30,-30
997000100,249,0,249
997000141,0,103,-103
997000198,0,104,-104
998000475,0,0,0
998000736,0,576,-576
998000965,1,80,-79
998001031,0,143,-143
998001700,0,37,-37
998001899,0,1,-1
998001900,10,1,9
998003073,2264,12,2252
998101900,0,0,0
998102850,0,75,-75
998501927,406,805,-399
998501929,250,19,231
998501930,117,0,117
998501931,350,53,297
998501932,25,1,24
998501933,37,1,36
998501937,24,0,24
998501944,82,59,23
998501950,0,0,0
998501970,436,9,427
998501971,1,246,-245
998501973,0,4,-4
998501974,1,76,-75
998501975,121,23,98
998501976,431,0,431
998501977,18,23,-5
998501978,9,0,9
998501979,0,8,-8
998501980,437,96,341
998501981,118,0,118
998501982,0,101,-101
998501983,0,1,-1
998502006,0,0,0
998502024,0,2,-2
998502032,0,1,-1
998502062,14,2,12
998502063,0,0,0
998502173,9,0,9
998502269,0,1,-1
998502546,1,304,-303
998601159,3,12,-9
998601292,1,10,-9
999033574,0,179,-179
999800001,110,14,96
999800002,0,1,-1
999800003,1,3,-2
999800004,0,0,0
999800005,0,19,-19
