dong,insum,outsum,diff
강남구 개포1동,183,173,10
강남구 개포2동,3055,2404,651
강남구 개포4동,1688,996,692
강남구 논현1동,8584,11087,-2503
강남구 논현2동,3850,6849,-2999
강남구 대치1동,1641,3625,-1984
강남구 대치2동,4138,8971,-4833
강남구 대치4동,5070,6171,-1101
강남구 도곡1동,3695,5233,-1538
강남구 도곡2동,729,1166,-437
강남구 삼성1동,6538,12936,-6398
강남구 삼성2동,2750,5486,-2736
강남구 세곡동,8538,3772,4766
강남구 수서동,2536,6710,-4174
강남구 신사동,4235,8208,-3973
강남구 압구정동,10794,15883,-5089
강남구 역삼1동,12133,21621,-9488
강남구 역삼2동,3860,5928,-2068
강남구 일원1동,1429,633,796
강남구 일원2동,71,122,-51
강남구 일원본동,1566,1794,-228
강남구 청담동,6492,12346,-5854
강동구 강일동,6483,1763,4720
강동구 고덕제1동,918,582,336
강동구 고덕제2동,2132,3236,-1104
강동구 길동,5428,3844,1584
강동구 둔촌제1동,74,301,-227
강동구 둔촌제2동,1376,1425,-49
강동구 명일제1동,3237,2169,1068
강동구 명일제2동,1474,1284,190
강동구 상일동,3136,2871,265
강동구 성내제1동,2058,1277,781
강동구 성내제2동,2079,5493,-3414
강동구 성내제3동,3020,2786,234
강동구 암사제1동,1142,188,954
강동구 암사제2동,1264,1819,-555
강동구 암사제3동,890,118,772
강동구 천호제1동,2023,518,1505
강동구 천호제2동,3970,3027,943
강동구 천호제3동,4063,2785,1278
강북구 미아동,6169,5197,972
강북구 번1동,6806,8320,-1514
강북구 번2동,4234,1740,2494
강북구 번3동,7942,2007,5935
강북구 삼각산동,2197,702,1495
강북구 삼양동,8241,2661,5580
강북구 송중동,11432,11039,393
강북구 송천동,18595,10034,8561
강북구 수유1동,12776,5407,7369
강북구 수유2동,6350,1717,4633
강북구 수유3동,14838,15017,-179
강북구 우이동,7723,2644,5079
강북구 월곡제1동,868,590,278
강북구 인수동,6513,1493,5020
강서구 가양제1동,2826,2332,494
강서구 가양제2동,853,577,276
강서구 가양제3동,1725,687,1038
강서구 공항동,3676,3255,421
강서구 등촌제1동,3224,5521,-2297
강서구 등촌제2동,2965,1325,1640
강서구 등촌제3동,3928,4944,-1016
강서구 발산제1동,5939,4850,1089
강서구 방화제1동,3604,1430,2174
강서구 방화제2동,4190,2998,1192
강서구 방화제3동,1358,105,1253
강서구 염창동,2398,1389,1009
강서구 우장산동,4257,3902,355
강서구 화곡본동,4327,1668,2659
강서구 화곡제1동,12028,11131,897
강서구 화곡제2동,4366,953,3413
강서구 화곡제3동,2228,4397,-2169
강서구 화곡제4동,3199,1920,1279
강서구 화곡제6동,7069,3700,3369
강서구 화곡제8동,3656,4193,-537
관악구 낙성대동,7873,12301,-4428
관악구 난곡동,13321,1317,12004
관악구 난향동,5607,1011,4596
관악구 남현동,6922,6334,588
관악구 대학동,8978,3886,5092
관악구 미성동,9716,5842,3874
관악구 보라매동,5835,3992,1843
관악구 삼성동,9107,3487,5620
관악구 서림동,11665,2835,8830
관악구 서원동,7841,15475,-7634
관악구 성현동,6691,2003,4688
관악구 신림동,11482,17894,-6412
관악구 신사동,5480,3799,1681
관악구 신원동,1263,345,918
관악구 은천동,8223,4387,3836
관악구 인헌동,2325,749,1576
관악구 조원동,9702,22730,-13028
관악구 중앙동,2645,1920,725
관악구 청룡동,5214,9013,-3799
관악구 청림동,2358,356,2002
관악구 행운동,9223,10511,-1288
광진구 광장동,756,1713,-957
광진구 구의제1동,3603,2341,1262
광진구 구의제2동,3704,3771,-67
광진구 구의제3동,913,1660,-747
광진구 군자동,6276,6333,-57
광진구 능동,5336,5487,-151
광진구 자양제1동,1124,1229,-105
광진구 자양제2동,6591,1773,4818
광진구 자양제3동,1336,586,750
광진구 자양제4동,8003,6828,1175
광진구 중곡제1동,3882,2340,1542
광진구 중곡제2동,4412,4329,83
광진구 중곡제3동,4907,1947,2960
광진구 중곡제4동,1413,878,535
광진구 화양동,3938,6984,-3046
구로구 가리봉동,9299,8692,607
구로구 개봉제1동,10724,7325,3399
구로구 개봉제2동,7116,6981,135
구로구 개봉제3동,3125,1004,2121
구로구 고척제1동,6629,3706,2923
구로구 고척제2동,6984,1133,5851
구로구 구로제1동,2376,2408,-32
구로구 구로제2동,14329,11911,2418
구로구 구로제3동,10472,19953,-9481
구로구 구로제4동,15875,6952,8923
구로구 구로제5동,5645,12985,-7340
구로구 수궁동,6855,4861,1994
구로구 신도림동,6343,18690,-12347
구로구 오류제1동,4246,3032,1214
구로구 오류제2동,2653,2319,334
구로구 항동,1334,279,1055
금천구 가산동,13290,13468,-178
금천구 독산제1동,16023,10010,6013
금천구 독산제2동,13377,2917,10460
금천구 독산제3동,15066,7776,7290
금천구 독산제4동,11209,3206,8003
금천구 미성동,47,40,7
금천구 시흥제1동,8922,8158,764
금천구 시흥제2동,4897,1675,3222
금천구 시흥제3동,3668,5487,-1819
금천구 시흥제4동,8829,673,8156
금천구 시흥제5동,11499,1997,9502
노원구 공릉1동,5830,7176,-1346
노원구 공릉2동,5536,6041,-505
노원구 상계10동,1955,1868,87
노원구 상계1동,3691,2450,1241
노원구 상계2동,3681,5519,-1838
노원구 상계3.4동,1562,547,1015
노원구 상계5동,2406,687,1719
노원구 상계6.7동,3695,3864,-169
노원구 상계8동,2775,1276,1499
노원구 상계9동,1203,1189,14
노원구 월계1동,8536,8595,-59
노원구 월계2동,5076,1432,3644
노원구 월계3동,3363,2872,491
노원구 중계1동,3449,1211,2238
노원구 중계2.3동,3622,3794,-172
노원구 중계4동,2033,2790,-757
노원구 중계본동,4055,805,3250
노원구 하계1동,5432,3141,2291
노원구 하계2동,3329,2618,711
도봉구 도봉제1동,6022,2592,3430
도봉구 도봉제2동,2096,4047,-1951
도봉구 방학제1동,5978,2720,3258
도봉구 방학제2동,3625,1025,2600
도봉구 방학제3동,6493,1554,4939
도봉구 쌍문제1동,2351,392,1959
도봉구 쌍문제2동,8444,5168,3276
도봉구 쌍문제3동,3263,4917,-1654
도봉구 쌍문제4동,3853,595,3258
도봉구 창제1동,4177,7076,-2899
도봉구 창제2동,3123,1425,1698
도봉구 창제3동,4885,1569,3316
도봉구 창제4동,3291,4951,-1660
도봉구 창제5동,866,1502,-636
동대문구 답십리제1동,5914,5582,332
동대문구 답십리제2동,7832,4586,3246
동대문구 면목제5동,57,41,16
동대문구 용신동,18409,23489,-5080
동대문구 이문제1동,3235,3332,-97
동대문구 이문제2동,1815,1531,284
동대문구 장안제1동,6769,7668,-899
동대문구 장안제2동,6595,3199,3396
동대문구 전농제1동,8314,8852,-538
동대문구 전농제2동,6875,2199,4676
동대문구 제기동,13288,13760,-472
동대문구 청량리동,13457,16062,-2605
동대문구 회기동,1406,1951,-545
동대문구 휘경제1동,6140,6901,-761
동대문구 휘경제2동,4597,4036,561
동작구 노량진제1동,11585,20201,-8616
동작구 노량진제2동,6055,6196,-141
동작구 대방동,8209,8865,-656
동작구 사당제1동,4465,3040,1425
동작구 사당제2동,3403,4448,-1045
동작구 사당제3동,3291,1034,2257
동작구 사당제4동,556,316,240
동작구 사당제5동,2449,571,1878
동작구 상도제1동,10901,9883,1018
동작구 상도제2동,5743,3903,1840
동작구 상도제3동,5578,1682,3896
동작구 상도제4동,4770,788,3982
동작구 신대방제1동,3431,2078,1353
동작구 신대방제2동,6403,6690,-287
동작구 흑석동,8205,6182,2023
마포구 공덕동,4029,3868,161
마포구 대흥동,5391,6280,-889
마포구 도화동,839,1352,-513
마포구 망원제1동,3135,707,2428
마포구 망원제2동,2425,1500,925
마포구 상암동,8638,10550,-1912
마포구 서강동,1626,1666,-40
마포구 서교동,13271,18630,-5359
마포구 성산제1동,3347,1443,1904
마포구 성산제2동,5097,2830,2267
마포구 신수동,315,165,150
마포구 아현동,5911,6311,-400
마포구 연남동,4359,3290,1069
마포구 염리동,825,947,-122
마포구 용강동,3489,3892,-403
마포구 합정동,2734,4558,-1824
서대문구 남가좌제1동,4815,2649,2166
서대문구 남가좌제2동,6847,1974,4873
서대문구 북가좌제1동,2614,2490,124
서대문구 북가좌제2동,7471,1437,6034
서대문구 북아현동,2579,1832,747
서대문구 신촌동,13392,26099,-12707
서대문구 연희동,14123,10540,3583
서대문구 천연동,8949,9952,-1003
서대문구 충현동,4953,11425,-6472
서대문구 홍은제1동,5722,3943,1779
서대문구 홍은제2동,9491,4277,5214
서대문구 홍제제1동,6378,4863,1515
서대문구 홍제제2동,3791,2492,1299
서대문구 홍제제3동,3930,1766,2164
서초구 내곡동,2467,3944,-1477
서초구 반포1동,4836,8090,-3254
서초구 반포2동,704,1220,-516
서초구 반포3동,2884,5421,-2537
서초구 반포4동,4219,9228,-5009
서초구 반포본동,2785,4873,-2088
서초구 방배1동,2195,1941,254
서초구 방배2동,6632,6615,17
서초구 방배3동,2554,4540,-1986
서초구 방배4동,3551,3199,352
서초구 방배본동,1979,1509,470
서초구 서초1동,1682,3814,-2132
서초구 서초2동,6764,15166,-8402
서초구 서초3동,3753,9710,-5957
서초구 서초4동,3616,6712,-3096
서초구 양재1동,8891,11218,-2327
서초구 양재2동,5353,4578,775
서초구 잠원동,6093,11153,-5060
성동구 금호1가동,1244,369,875
성동구 금호2.3가동,2514,1070,1444
성동구 금호4가동,2332,1481,851
성동구 마장동,3896,5493,-1597
성동구 사근동,2034,2775,-741
성동구 성수1가제1동,2798,2739,59
성동구 성수1가제2동,1452,2559,-1107
성동구 성수2가제1동,3708,1757,1951
성동구 성수2가제3동,1856,3204,-1348
성동구 송정동,2840,1531,1309
성동구 옥수동,1645,1009,636
성동구 왕십리도선동,2770,4340,-1570
성동구 왕십리제2동,3597,4059,-462
성동구 용답동,5357,4578,779
성동구 응봉동,1759,935,824
성동구 행당제1동,2077,3812,-1735
성동구 행당제2동,4537,3759,778
성북구 길음제1동,9110,8670,440
성북구 길음제2동,3485,6168,-2683
성북구 돈암제1동,7420,5976,1444
성북구 돈암제2동,2404,1051,1353
성북구 동선동,6640,7742,-1102
성북구 보문동,3137,2838,299
성북구 삼선동,6511,6032,479
성북구 석관동,5211,4836,375
성북구 성북동,9146,8974,172
성북구 안암동,2844,5485,-2641
성북구 월곡제1동,5210,5040,170
성북구 월곡제2동,2400,2868,-468
성북구 장위제1동,6080,1442,4638
성북구 장위제2동,3648,3005,643
성북구 장위제3동,3104,2405,699
성북구 정릉제1동,4847,3623,1224
성북구 정릉제2동,8131,2634,5497
성북구 정릉제3동,2096,2519,-423
성북구 정릉제4동,8493,1913,6580
성북구 종암동,12293,9155,3138
송파구 가락1동,446,572,-126
송파구 가락2동,4389,3579,810
송파구 가락본동,4762,5932,-1170
송파구 거여1동,1569,1075,494
송파구 거여2동,610,64,546
송파구 마천1동,3269,997,2272
송파구 마천2동,5830,1620,4210
송파구 문정1동,1467,680,787
송파구 문정2동,3990,6246,-2256
송파구 방이1동,1513,863,650
송파구 방이2동,4027,4728,-701
송파구 삼전동,4877,1949,2928
송파구 석촌동,5307,5423,-116
송파구 송파1동,4388,2927,1461
송파구 송파2동,1629,1171,458
송파구 오금동,4206,3458,748
송파구 오륜동,1263,2635,-1372
송파구 위례동,4132,1198,2934
송파구 잠실2동,1395,2036,-641
송파구 잠실3동,7236,11265,-4029
송파구 잠실4동,117,508,-391
송파구 잠실6동,1547,6916,-5369
송파구 잠실7동,1762,2845,-1083
송파구 잠실본동,5216,4801,415
송파구 장지동,4691,1480,3211
송파구 풍납1동,4807,2246,2561
송파구 풍납2동,3947,5532,-1585
양천구 목1동,4460,7427,-2967
양천구 목2동,3886,5279,-1393
양천구 목3동,5473,5955,-482
양천구 목4동,6610,1920,4690
양천구 목5동,3838,4333,-495
양천구 신월1동,4056,1157,2899
양천구 신월2동,3924,2488,1436
양천구 신월3동,4727,2345,2382
양천구 신월4동,3942,836,3106
양천구 신월5동,3566,2087,1479
양천구 신월6동,3104,1096,2008
양천구 신월7동,8982,2288,6694
양천구 신정1동,2409,4154,-1745
양천구 신정2동,1276,632,644
양천구 신정3동,9805,4308,5497
양천구 신정4동,5957,9375,-3418
양천구 신정6동,1017,1038,-21
양천구 신정7동,2176,1811,365
영등포구 당산제1동,4182,6245,-2063
영등포구 당산제2동,3513,8619,-5106
영등포구 대림제1동,4264,3375,889
영등포구 대림제2동,2114,2487,-373
영등포구 대림제3동,4229,2458,1771
영등포구 도림동,1546,576,970
영등포구 문래동,4210,6354,-2144
영등포구 신길제1동,7910,4963,2947
영등포구 신길제3동,9168,3449,5719
영등포구 신길제4동,4020,1092,2928
영등포구 신길제5동,3739,3563,176
영등포구 신길제6동,3892,3038,854
영등포구 신길제7동,2444,2260,184
영등포구 양평제1동,1879,2295,-416
영등포구 양평제2동,3809,5014,-1205
영등포구 여의동,19496,46331,-26835
영등포구 영등포동,14065,23323,-9258
영등포구 영등포본동,5556,10346,-4790
용산구 남영동,8644,12280,-3636
용산구 보광동,2709,805,1904
용산구 서빙고동,2347,2463,-116
용산구 용문동,714,557,157
용산구 용산2가동,3013,1329,1684
용산구 원효로제1동,2660,3010,-350
용산구 원효로제2동,2323,1546,777
용산구 이촌제1동,1458,3352,-1894
용산구 이촌제2동,1401,303,1098
용산구 이태원제1동,6105,3560,2545
용산구 이태원제2동,1316,973,343
용산구 청파동,3519,2445,1074
용산구 필동,0,0,0
용산구 한강로동,6394,17012,-10618
용산구 한남동,9918,12555,-2637
용산구 효창동,2086,874,1212
용산구 후암동,2503,869,1634
은평구 갈현제1동,5566,1569,3997
은평구 갈현제2동,3182,1204,1978
은평구 구산동,7441,1109,6332
은평구 녹번동,6445,4596,1849
은평구 대조동,8914,10281,-1367
은평구 불광제1동,4416,3250,1166
은평구 불광제2동,6811,5047,1764
은평구 수색동,3417,2904,513
은평구 신사제1동,6234,4020,2214
은평구 신사제2동,3988,2554,1434
은평구 역촌동,10037,3640,6397
은평구 응암제1동,8248,9541,-1293
은평구 응암제2동,3353,491,2862
은평구 응암제3동,4905,2090,2815
은평구 증산동,4402,4001,401
은평구 진관동,7857,6330,1527
종로구 가회동,45,3,42
종로구 교남동,359,627,-268
종로구 무악동,501,522,-21
종로구 부암동,4101,2172,1929
종로구 사직동,8075,18011,-9936
종로구 삼청동,383,1585,-1202
종로구 숭인제1동,211,53,158
종로구 숭인제2동,6873,10023,-3150
종로구 이화동,4268,6565,-2297
종로구 종로1.2.3.4가동,18241,43097,-24856
종로구 종로5.6가동,5686,5495,191
종로구 창신제1동,9687,3257,6430
종로구 창신제2동,5601,4867,734
종로구 창신제3동,360,257,103
종로구 청운효자동,1602,2148,-546
종로구 충현동,1125,929,196
종로구 평창동,3443,2574,869
종로구 혜화동,6806,9059,-2253
중구 광희동,17335,10287,7048
중구 다산동,2756,2574,182
중구 동화동,201,250,-49
중구 명동,4089,17120,-13031
중구 소공동,8564,18796,-10232
중구 신당동,7702,3218,4484
중구 신당제5동,2267,1923,344
중구 약수동,1208,735,473
중구 을지로동,1186,6395,-5209
중구 장충동,870,2070,-1200
중구 중림동,1715,3059,-1344
중구 청구동,611,649,-38
중구 필동,1415,3059,-1644
중구 황학동,2948,2422,526
중구 회현동,14903,31540,-16637
중랑구 망우본동,9294,5178,4116
중랑구 망우제3동,4170,923,3247
중랑구 면목본동,7210,5285,1925
중랑구 면목제2동,3977,1413,2564
중랑구 면목제3.8동,5597,3421,2176
중랑구 면목제4동,4126,2365,1761
중랑구 면목제5동,4173,1758,2415
중랑구 면목제7동,2703,1764,939
중랑구 묵제1동,2552,3017,-465
중랑구 묵제2동,2872,1026,1846
중랑구 상봉제1동,4317,3687,630
중랑구 상봉제2동,4810,8218,-3408
중랑구 신내1동,8491,1885,6606
중랑구 신내2동,4774,3843,931
중랑구 중화제1동,1699,2327,-628
중랑구 중화제2동,7873,6162,1711
NA,184582,89528,95054
