ID,insum,outsum,diff
100000001,0,0,0
100000002,1605,2693,-1088
100000003,3243,3990,-747
100000004,231,783,-552
100000005,1532,2244,-712
100000006,150,133,17
100000007,485,593,-108
100000008,34,26,8
100000009,31,303,-272
100000010,0,78,-78
100000011,102,43,59
100000012,45,50,-5
100000013,0,19,-19
100000014,27,29,-2
100000015,559,838,-279
100000016,80,219,-139
100000017,82,139,-57
100000018,284,142,142
100000019,411,823,-412
100000020,346,1730,-1384
100000021,456,269,187
100000022,381,1078,-697
100000023,796,564,232
100000025,248,1026,-778
100000028,471,551,-80
100000029,11,51,-40
100000030,81,3,78
100000031,803,2783,-1980
100000032,299,1313,-1014
100000033,237,1004,-767
100000034,13,197,-184
100000035,295,630,-335
100000036,158,385,-227
100000037,336,118,218
100000038,1141,436,705
100000039,163,113,50
100000040,30,122,-92
100000041,386,177,209
100000042,355,94,261
100000043,235,114,121
100000044,18,20,-2
100000045,43,74,-31
100000046,188,115,73
100000047,75,64,11
100000048,71,202,-131
100000049,320,292,28
100000051,182,98,84
100000053,47,1,46
100000054,96,4,92
100000055,69,25,44
100000056,100,107,-7
100000057,724,164,560
100000058,136,174,-38
100000059,14,113,-99
100000060,158,185,-27
100000061,680,260,420
100000062,437,210,227
100000063,350,184,166
100000064,278,193,85
100000065,98,159,-61
100000066,82,106,-24
100000067,61,229,-168
100000068,138,187,-49
100000069,84,204,-120
100000072,15,84,-69
100000073,265,276,-11
100000075,207,31,176
100000076,616,2264,-1648
100000077,38,244,-206
100000078,20,110,-90
100000079,3,78,-75
100000080,1,53,-52
100000081,1,41,-40
100000102,1028,2177,-1149
100000103,437,645,-208
100000104,420,456,-36
100000105,274,498,-224
100000106,385,1943,-1558
100000107,31,660,-629
100000108,41,113,-72
100000109,787,368,419
100000116,509,632,-123
100000117,3,76,-73
100000118,2052,438,1614
100000119,733,547,186
100000121,40,282,-242
100000122,172,597,-425
100000123,2589,2469,120
100000124,932,1262,-330
100000125,464,1014,-550
100000126,144,404,-260
100000127,327,400,-73
100000128,39,545,-506
100000129,69,199,-130
100000130,420,552,-132
100000131,176,320,-144
100000132,226,960,-734
100000133,980,308,672
100000135,178,424,-246
100000139,193,292,-99
100000140,0,0,0
100000142,355,140,215
100000143,80,105,-25
100000144,550,80,470
100000147,825,3942,-3117
100000150,19,141,-122
100000151,99,852,-753
100000153,2,84,-82
100000154,2,178,-176
100000155,0,26,-26
100000156,48,156,-108
100000157,717,152,565
100000158,42,121,-79
100000159,70,391,-321
100000165,664,216,448
100000169,13,204,-191
100000174,33,177,-144
100000179,11,581,-570
100000180,238,89,149
100000181,62,93,-31
100000188,7,72,-65
100000189,541,154,387
100000190,234,536,-302
100000191,71,227,-156
100000192,2,140,-138
100000193,36,114,-78
100000330,356,435,-79
100000355,52,71,-19
100000362,1010,481,529
100000363,3667,4151,-484
100000364,231,45,186
100000365,5876,5044,832
100000366,1217,1043,174
100000367,3717,3980,-263
100000368,123,71,52
100000369,201,1335,-1134
100000370,15,641,-626
100000376,8,291,-283
100000379,409,1886,-1477
100000380,2165,3022,-857
100000384,2119,3318,-1199
100000385,493,2840,-2347
100000386,1205,2427,-1222
100000387,860,4464,-3604
100000388,1774,1586,188
100000389,1758,3402,-1644
100000390,975,980,-5
100000391,2640,4701,-2061
100000392,345,757,-412
100000393,262,2355,-2093
100000394,868,1568,-700
100000395,494,1215,-721
100000396,1167,739,428
100000397,561,1870,-1309
100000398,8145,2457,5688
100900002,0,0,0
100900003,44,45,-1
100900004,4,0,4
100900005,0,0,0
100900006,0,0,0
100900007,0,0,0
100900008,0,6,-6
100900009,0,2,-2
100900010,0,0,0
100900011,0,0,0
100900012,0,0,0
100900013,0,0,0
100900014,0,0,0
100900015,0,0,0
100900016,0,0,0
100900017,87,40,47
100900018,0,0,0
100900019,0,0,0
100900020,0,0,0
100900021,111,0,111
100900022,0,0,0
100900023,0,0,0
100900024,0,0,0
100900025,0,0,0
100900026,0,0,0
100900027,8,267,-259
100900028,0,4,-4
100900029,0,0,0
100900030,0,0,0
100900031,265,35,230
100900032,50,0,50
100900033,0,0,0
100900034,0,0,0
100900035,0,0,0
100900036,0,0,0
100900037,0,0,0
100900038,0,0,0
100900039,26,0,26
100900040,177,4,173
100900041,149,0,149
100900042,17,14,3
100900043,2,3,-1
100900044,43,0,43
100900045,0,0,0
100900046,93,0,93
100900047,120,9,111
100900048,2,0,2
100900049,0,0,0
100900050,0,0,0
100900051,0,5,-5
100900052,0,0,0
100900053,0,0,0
100900054,0,0,0
100900055,0,0,0
100900056,0,0,0
100900057,35,9,26
100900058,0,0,0
100900059,0,0,0
100900060,0,0,0
100900061,0,0,0
100900062,0,0,0
100900063,28,202,-174
100900064,21,0,21
100900065,0,0,0
100900066,12,0,12
100900067,0,0,0
100900068,0,0,0
100900069,0,0,0
100900070,0,0,0
100900071,0,0,0
100900072,0,0,0
100900073,0,0,0
100900074,0,0,0
100900075,10,1,9
100900076,0,0,0
100900077,0,4,-4
100900078,3,0,3
100900079,0,0,0
100900080,4,10,-6
100900081,0,1,-1
100900082,0,0,0
100900083,0,0,0
100900085,0,2,-2
100900086,0,0,0
100900088,0,0,0
100900089,0,0,0
100900090,1,2,-1
100900091,1,0,1
100900092,30,0,30
100900093,0,0,0
100900094,0,0,0
100900095,0,0,0
100900096,0,0,0
100900097,0,0,0
100900098,0,0,0
100900099,0,0,0
100900100,0,0,0
100900101,2,0,2
100900102,0,0,0
100900103,0,0,0
100900104,0,0,0
100900105,0,0,0
100900106,0,0,0
100900107,0,0,0
100900108,0,0,0
100900109,0,0,0
100900110,2,4,-2
100900111,0,0,0
100900112,0,0,0
100900113,0,0,0
100900114,0,0,0
100900115,0,1,-1
100900116,13,0,13
100900117,0,0,0
100900118,0,0,0
100900119,0,0,0
100900120,0,1,-1
100900121,3,1,2
100900122,0,0,0
100900123,0,0,0
100900124,0,0,0
100900125,0,0,0
100900126,0,0,0
100900127,0,0,0
100900128,0,0,0
100900129,0,0,0
100900131,1,0,1
100900133,0,0,0
100900134,0,0,0
100900135,0,0,0
100900137,0,0,0
100900138,0,0,0
100900139,0,0,0
100900140,0,0,0
100900141,0,0,0
100900142,0,0,0
100900143,0,0,0
100900144,0,0,0
100900145,0,0,0
100900146,0,0,0
100900147,0,0,0
100900148,0,0,0
100900149,0,0,0
100900150,0,0,0
100900151,1,0,1
100900152,0,0,0
100900153,0,0,0
100900154,0,0,0
100900155,0,0,0
100900156,0,0,0
100900157,0,0,0
100900158,0,0,0
100900159,0,0,0
100900160,0,0,0
100900161,0,0,0
100900162,0,0,0
100900163,0,0,0
100900164,0,0,0
100900165,0,0,0
100900166,0,0,0
100900167,0,0,0
100900168,0,0,0
100900169,0,0,0
100900170,0,0,0
100900171,0,1,-1
100900172,0,0,0
100900173,0,0,0
100900174,0,0,0
100900176,0,0,0
100900177,0,0,0
100900178,40,0,40
100900179,0,0,0
100900180,0,0,0
100900181,0,0,0
100900182,0,2,-2
100900184,0,14,-14
100900186,0,0,0
100900187,0,0,0
100900188,0,0,0
100900189,0,0,0
100900191,0,0,0
100900192,0,0,0
100900195,1,0,1
100900197,134,98,36
100900198,0,0,0
100900199,42,4,38
100900200,0,0,0
100900201,0,1,-1
100900202,0,0,0
100900203,0,0,0
100900204,5,0,5
100900205,0,0,0
100900206,0,0,0
100900207,0,0,0
100900210,0,0,0
100900211,0,0,0
100900213,0,0,0
100900214,0,0,0
100900215,0,0,0
101000001,645,1099,-454
101000002,263,950,-687
101000003,21,550,-529
101000004,3846,5794,-1948
101000005,2556,4691,-2135
101000006,3028,4679,-1651
101000007,680,3225,-2545
101000008,1218,2897,-1679
101000009,1021,323,698
101000010,252,376,-124
101000011,181,266,-85
101000012,95,29,66
101000013,186,463,-277
101000014,290,751,-461
101000015,869,628,241
101000016,59,478,-419
101000017,96,329,-233
101000018,787,821,-34
101000020,779,181,598
101000021,70,379,-309
101000022,1,3,-2
101000023,206,326,-120
101000025,113,195,-82
101000026,152,4,148
101000027,1286,1847,-561
101000028,113,34,79
101000029,15,752,-737
101000030,199,50,149
101000031,71,758,-687
101000032,1643,2340,-697
101000033,256,1503,-1247
101000034,230,1155,-925
101000035,61,146,-85
101000036,275,618,-343
101000037,376,1764,-1388
101000039,211,900,-689
101000040,516,1559,-1043
101000041,2238,4237,-1999
101000042,21,523,-502
101000043,1453,2275,-822
101000045,195,299,-104
101000046,823,1426,-603
101000047,1101,1937,-836
101000048,91,171,-80
101000049,77,275,-198
101000050,245,1243,-998
101000051,217,1690,-1473
101000052,567,1606,-1039
101000053,158,502,-344
101000054,407,226,181
101000055,742,1541,-799
101000056,29,139,-110
101000057,140,571,-431
101000058,310,1584,-1274
101000059,1158,2735,-1577
101000060,116,138,-22
101000061,165,2382,-2217
101000062,68,138,-70
101000063,162,1310,-1148
101000064,102,529,-427
101000065,25,761,-736
101000066,123,869,-746
101000067,92,150,-58
101000068,175,405,-230
101000069,187,71,116
101000070,287,179,108
101000071,683,629,54
101000072,2260,1383,877
101000073,1247,916,331
101000074,3892,1905,1987
101000075,6559,1097,5462
101000077,2358,624,1734
101000078,1001,864,137
101000079,1385,564,821
101000080,564,73,491
101000081,934,820,114
101000082,1503,838,665
101000083,1480,906,574
101000084,285,169,116
101000085,1546,1053,493
101000086,107,180,-73
101000087,188,174,14
101000088,917,816,101
101000089,441,922,-481
101000090,357,205,152
101000091,325,230,95
101000092,764,352,412
101000093,755,372,383
101000094,55,109,-54
101000095,52,128,-76
101000096,512,346,166
101000097,64,119,-55
101000098,91,374,-283
101000099,401,780,-379
101000100,316,658,-342
101000101,260,356,-96
101000102,104,365,-261
101000103,308,331,-23
101000104,61,351,-290
101000105,35,156,-121
101000106,7,168,-161
101000107,43,63,-20
101000108,123,49,74
101000109,72,21,51
101000110,40,72,-32
101000111,19,92,-73
101000113,48,328,-280
101000114,1287,1598,-311
101000115,0,0,0
101000116,0,0,0
101000117,0,0,0
101000119,9,70,-61
101000120,10,18,-8
101000121,1,3,-2
101000122,1,31,-30
101000123,0,17,-17
101000124,393,97,296
101000125,51,22,29
101000128,56,122,-66
101000130,556,143,413
101000131,539,322,217
101000132,59,85,-26
101000135,0,0,0
101000136,12,33,-21
101000137,22,421,-399
101000141,363,3016,-2653
101000147,237,82,155
101000148,149,0,149
101000149,0,0,0
101000150,37,121,-84
101000151,15,0,15
101000152,95,22,73
101000153,188,73,115
101000154,147,117,30
101000155,11,2,9
101000156,0,1,-1
101000157,0,8,-8
101000160,0,0,0
101000163,82,366,-284
101000164,73,15,58
101000165,256,171,85
101000166,77,357,-280
101000168,12,2,10
101000252,1031,319,712
101000254,0,0,0
101000258,303,3,300
101000261,453,45,408
101000262,350,2513,-2163
101000263,130,1116,-986
101000265,7,401,-394
101000266,101,68,33
101000269,0,0,0
101000290,122,1699,-1577
101000293,0,0,0
101000294,169,109,60
101000295,75,76,-1
101000301,56,379,-323
101000304,907,1663,-756
101000305,1034,876,158
101900001,2,0,2
101900002,0,0,0
101900003,0,0,0
101900004,0,0,0
101900005,0,0,0
101900006,0,0,0
101900007,0,0,0
101900008,0,0,0
101900009,0,0,0
101900010,0,0,0
101900011,0,0,0
101900012,0,0,0
101900013,0,0,0
101900017,0,0,0
101900018,15,0,15
101900019,0,0,0
101900020,22,1,21
101900021,0,0,0
101900022,19,5,14
101900023,0,0,0
102000001,775,3064,-2289
102000002,1005,353,652
102000003,647,3179,-2532
102000004,877,1757,-880
102000005,313,1769,-1456
102000006,208,1429,-1221
102000007,250,2166,-1916
102000008,1976,1145,831
102000009,2921,4004,-1083
102000010,991,1224,-233
102000011,1851,3312,-1461
102000012,1691,1799,-108
102000018,408,480,-72
102000019,102,443,-341
102000026,12,131,-119
102000029,151,20,131
102000030,11,103,-92
102000031,3,24,-21
102000032,166,103,63
102000033,102,210,-108
102000034,61,45,16
102000035,104,96,8
102000036,0,100,-100
102000037,17,17,0
102000038,25,25,0
102000039,5,17,-12
102000040,32,47,-15
102000041,2,114,-112
102000042,8,114,-106
102000043,6,41,-35
102000044,75,256,-181
102000045,102,323,-221
102000046,258,162,96
102000047,245,297,-52
102000048,108,275,-167
102000049,341,357,-16
102000050,230,287,-57
102000051,87,206,-119
102000052,482,298,184
102000053,448,560,-112
102000054,199,151,48
102000055,205,32,173
102000056,516,73,443
102000057,254,86,168
102000058,65,113,-48
102000059,129,88,41
102000060,505,532,-27
102000061,183,178,5
102000062,773,538,235
102000063,124,324,-200
102000064,600,754,-154
102000065,15,55,-40
102000066,307,150,157
102000067,637,1719,-1082
102000068,1564,992,572
102000069,37,560,-523
102000070,748,18,730
102000071,3524,4510,-986
102000072,884,976,-92
102000073,122,147,-25
102000074,171,109,62
102000075,133,95,38
102000076,116,78,38
102000077,729,224,505
102000078,519,86,433
102000079,91,37,54
102000080,130,44,86
102000081,72,338,-266
102000082,50,235,-185
102000083,191,82,109
102000084,331,85,246
102000085,339,222,117
102000086,681,218,463
102000087,210,440,-230
102000088,143,82,61
102000089,717,101,616
102000090,210,558,-348
102000091,800,346,454
102000092,273,302,-29
102000093,216,321,-105
102000094,439,83,356
102000095,153,298,-145
102000096,1834,235,1599
102000097,497,297,200
102000098,384,375,9
102000099,640,281,359
102000100,91,242,-151
102000101,124,305,-181
102000102,93,239,-146
102000103,96,455,-359
102000104,64,233,-169
102000105,122,86,36
102000106,204,69,135
102000107,612,41,571
102000108,266,54,212
102000109,189,40,149
102000110,782,171,611
102000111,0,58,-58
102000112,25,26,-1
102000113,3,6,-3
102000114,146,156,-10
102000115,21,39,-18
102000116,31,298,-267
102000117,8,88,-80
102000118,272,841,-569
102000119,204,193,11
102000120,65,330,-265
102000121,129,194,-65
102000122,174,524,-350
102000123,92,140,-48
102000124,148,369,-221
102000125,120,80,40
102000126,108,291,-183
102000127,218,98,120
102000128,78,257,-179
102000129,181,100,81
102000130,132,492,-360
102000131,308,216,92
102000132,67,506,-439
102000133,1467,446,1021
102000134,173,296,-123
102000135,49,290,-241
102000136,19,102,-83
102000137,24,30,-6
102000138,89,27,62
102000139,48,58,-10
102000140,4,42,-38
102000141,17,50,-33
102000142,33,45,-12
102000143,50,51,-1
102000144,142,46,96
102000145,80,20,60
102000146,151,43,108
102000147,44,44,0
102000148,9,114,-105
102000149,105,52,53
102000150,264,28,236
102000151,79,71,8
102000152,58,35,23
102000153,298,142,156
102000154,61,68,-7
102000155,58,81,-23
102000156,79,13,66
102000157,2,102,-100
102000158,4,111,-107
102000159,26,58,-32
102000161,35,448,-413
102000162,1,16,-15
102000163,5,289,-284
102000164,196,598,-402
102000165,0,0,0
102000166,0,46,-46
102000167,0,0,0
102000168,35,75,-40
102000169,32,186,-154
102000170,0,0,0
102000171,0,0,0
102000172,1,48,-47
102000173,72,122,-50
102000174,3,6,-3
102000175,84,19,65
102000176,27,9,18
102000178,48,30,18
102000179,98,79,19
102000180,240,50,190
102000181,373,164,209
102000182,262,143,119
102000183,973,232,741
102000184,281,122,159
102000185,1053,198,855
102000186,320,114,206
102000187,147,94,53
102000188,577,468,109
102000189,603,68,535
102000190,499,945,-446
102000191,276,91,185
102000192,120,326,-206
102000193,32,27,5
102000194,50,40,10
102000195,184,50,134
102000196,112,42,70
102000197,348,20,328
102000198,69,91,-22
102000199,435,17,418
102000200,113,145,-32
102000201,290,41,249
102000202,4,11,-7
102000203,42,7,35
102000204,169,170,-1
102000205,427,95,332
102000206,103,32,71
102000207,211,103,108
102000208,45,132,-87
102000209,17,6,11
102000210,85,12,73
102000211,43,4,39
102000212,312,10,302
102000213,0,5,-5
102000214,125,6,119
102000215,0,3,-3
102000216,43,58,-15
102000217,2,15,-13
102000218,110,101,9
102000219,14,3,11
102000225,321,283,38
102000226,0,0,0
102000227,42,0,42
102000228,0,0,0
102000229,3,14,-11
102000230,123,175,-52
102000231,86,206,-120
102000232,3,59,-56
102000233,56,121,-65
102000234,34,897,-863
102000236,33,12,21
102000237,71,18,53
102000238,8,7,1
102000240,0,0,0
102000241,23,2,21
102000243,1,42,-41
102000245,0,0,0
102000246,6,57,-51
102000247,25,197,-172
102000248,100,458,-358
102000249,57,3,54
102000250,27,65,-38
102000254,83,61,22
102000266,0,38,-38
102000271,0,0,0
102000286,68,144,-76
102000297,212,112,100
102000299,0,0,0
102000301,0,0,0
102000303,0,0,0
102000305,0,0,0
102000307,0,0,0
102000308,0,0,0
102900001,99,34,65
102900002,75,4,71
102900003,0,0,0
102900005,152,18,134
102900006,85,4,81
102900007,133,0,133
102900008,14,1,13
102900009,22,0,22
102900010,108,2,106
102900011,0,0,0
102900012,0,0,0
102900013,0,0,0
102900015,0,0,0
102900016,0,0,0
102900017,0,0,0
102900018,0,0,0
102900019,0,0,0
102900020,0,0,0
102900021,0,0,0
102900022,0,0,0
102900023,0,0,0
102900024,0,0,0
102900025,0,0,0
102900026,2,186,-184
102900027,0,0,0
102900028,9,82,-73
102900029,0,0,0
102900030,9,46,-37
102900031,51,15,36
102900032,0,0,0
102900033,0,0,0
102900034,137,9,128
102900035,0,0,0
102900036,120,27,93
102900037,74,37,37
102900038,58,17,41
102900039,11,1,10
102900040,0,0,0
102900041,0,0,0
102900042,0,0,0
102900043,0,0,0
102900044,0,0,0
102900045,0,0,0
102900046,0,0,0
102900047,0,0,0
102900048,0,0,0
102900049,2,0,2
102900050,0,0,0
102900051,0,0,0
102900052,0,0,0
102900053,0,0,0
102900054,1,0,1
102900055,0,0,0
102900056,0,0,0
102900057,0,1,-1
102900058,0,0,0
102900059,0,0,0
102900060,1,18,-17
102900061,6,17,-11
102900062,42,20,22
102900063,123,13,110
102900064,1,65,-64
102900065,96,0,96
102900066,13,1,12
102900068,0,0,0
102900070,0,0,0
102900072,0,0,0
102900073,0,0,0
102900074,0,0,0
102900075,0,0,0
102900076,0,0,0
102900077,0,0,0
102900078,0,0,0
102900079,73,0,73
102900080,56,3,53
102900081,0,0,0
102900082,0,2,-2
102900083,0,0,0
102900084,0,0,0
102900085,0,0,0
102900086,0,0,0
102900087,0,0,0
102900088,0,0,0
102900089,0,0,0
102900090,0,0,0
102900091,0,0,0
102900092,0,0,0
102900093,0,0,0
102900094,0,0,0
102900095,7,0,7
102900096,0,0,0
102900097,0,0,0
103000001,2851,1937,914
103000002,1315,1265,50
103000003,1259,1495,-236
103000004,287,281,6
103000005,1244,1425,-181
103000006,546,946,-400
103000007,348,363,-15
103000008,214,98,116
103000009,642,438,204
103000010,62,54,8
103000011,599,579,20
103000012,598,1054,-456
103000013,557,550,7
103000014,826,1948,-1122
103000015,160,45,115
103000016,262,553,-291
103000017,114,299,-185
103000018,171,170,1
103000019,261,177,84
103000020,388,605,-217
103000021,2189,1670,519
103000022,198,339,-141
103000023,450,1781,-1331
103000024,60,57,3
103000025,13,352,-339
103000026,186,91,95
103000027,53,285,-232
103000028,208,220,-12
103000029,75,80,-5
103000030,360,467,-107
103000031,601,1357,-756
103000032,798,581,217
103000033,2905,2570,335
103000034,619,527,92
103000035,163,715,-552
103000036,163,214,-51
103000037,226,227,-1
103000038,384,723,-339
103000039,170,92,78
103000040,146,333,-187
103000041,774,562,212
103000042,601,111,490
103000043,485,348,137
103000044,65,1,64
103000046,32,89,-57
103000047,132,135,-3
103000048,34,47,-13
103000049,9,64,-55
103000050,111,5,106
103000051,20,74,-54
103000052,89,3,86
103000053,4,37,-33
103000054,1017,148,869
103000055,1359,625,734
103000056,446,486,-40
103000057,509,157,352
103000058,361,163,198
103000059,385,275,110
103000060,341,80,261
103000061,366,392,-26
103000062,201,69,132
103000063,474,382,92
103000064,37,41,-4
103000065,4,30,-26
103000066,46,2,44
103000069,102,62,40
103000070,160,132,28
103000071,328,163,165
103000072,77,61,16
103000073,558,41,517
103000074,226,31,195
103000075,11,114,-103
103000076,94,386,-292
103000077,4,64,-60
103000078,289,401,-112
103000079,86,306,-220
103000080,345,183,162
103000081,84,609,-525
103000082,319,26,293
103000083,10,74,-64
103000084,42,5,37
103000085,0,8,-8
103000086,537,272,265
103000087,62,327,-265
103000088,179,207,-28
103000089,109,322,-213
103000090,3911,2691,1220
103000091,721,878,-157
103000092,478,217,261
103000093,106,165,-59
103000094,170,93,77
103000095,14,57,-43
103000096,310,12,298
103000097,9,85,-76
103000098,370,43,327
103000099,30,64,-34
103000100,22,86,-64
103000101,661,53,608
103000102,27,108,-81
103000103,471,44,427
103000104,10,45,-35
103000105,152,6,146
103000106,2,28,-26
103000107,146,19,127
103000108,916,1008,-92
103000109,162,592,-430
103000110,699,768,-69
103000111,55,160,-105
103000112,105,132,-27
103000113,43,442,-399
103000114,680,251,429
103000115,609,580,29
103000116,648,228,420
103000117,509,193,316
103000118,58,132,-74
103000119,120,108,12
103000120,2,10,-8
103000121,16,116,-100
103000122,632,943,-311
103000125,2,36,-34
103000126,428,0,428
103000127,0,59,-59
103000128,74,1,73
103000129,0,46,-46
103000130,47,21,26
103000131,58,93,-35
103000132,1,29,-28
103000133,2,49,-47
103000134,128,210,-82
103000135,196,108,88
103000136,78,35,43
103000137,113,294,-181
103000138,196,291,-95
103000139,0,37,-37
103000140,32,8,24
103000141,1,39,-38
103000142,56,46,10
103000143,10,17,-7
103000144,74,26,48
103000145,1,29,-28
103000150,5,12,-7
103000152,55,151,-96
103000153,65,222,-157
103000156,0,74,-74
103000157,135,2,133
103000159,114,20,94
103000162,33,1,32
103000163,2,8,-6
103000164,1,3,-2
103000165,23,107,-84
103000166,97,231,-134
103000167,113,40,73
103000168,62,33,29
103000169,99,277,-178
103000170,676,243,433
103000171,15,29,-14
103000172,531,135,396
103000173,19,28,-9
103000174,679,160,519
103000175,81,36,45
103000176,195,317,-122
103000177,67,32,35
103000178,20,21,-1
103000179,50,3,47
103000183,232,94,138
103000185,116,11,105
103000186,216,55,161
103000187,11,13,-2
103000188,14,29,-15
103000189,312,440,-128
103000191,196,172,24
103000292,47,336,-289
103000293,98,789,-691
103000295,30,25,5
103000296,19,1,18
103000297,17,5,12
103000504,4,0,4
103000505,2,1,1
103000506,1,32,-31
103000507,133,0,133
103000508,70,34,36
103000509,41,125,-84
103900001,0,0,0
103900002,0,0,0
103900003,67,15,52
103900004,8,0,8
103900005,0,0,0
103900006,0,0,0
103900007,0,0,0
103900008,1,1,0
103900009,90,1,89
103900010,34,0,34
103900011,0,0,0
103900012,0,11,-11
103900013,0,0,0
103900014,7,6,1
103900015,21,1,20
103900016,0,0,0
103900017,0,0,0
103900018,0,0,0
103900019,1,84,-83
103900020,0,0,0
103900021,22,0,22
103900022,106,1,105
103900023,26,1,25
103900024,0,9,-9
103900025,0,0,0
103900026,1,0,1
103900027,43,1,42
103900028,6,14,-8
103900029,127,5,122
103900030,26,0,26
103900031,14,0,14
103900032,1,17,-16
103900033,0,2,-2
103900034,0,3,-3
103900035,0,0,0
103900036,11,6,5
103900037,0,0,0
103900038,1,30,-29
103900039,0,0,0
103900040,0,0,0
103900041,0,1,-1
103900042,2,0,2
103900043,0,0,0
103900044,1,73,-72
103900045,6,4,2
103900047,0,0,0
103900048,1,0,1
103900049,0,0,0
103900050,0,0,0
103900051,0,0,0
103900052,0,0,0
103900053,0,0,0
103900054,0,0,0
103900055,0,0,0
103900056,0,0,0
103900057,33,4,29
103900058,0,0,0
103900059,0,0,0
103900060,48,9,39
103900061,32,0,32
103900062,0,0,0
103900063,0,0,0
103900064,6,0,6
103900065,14,7,7
103900066,15,0,15
103900067,13,0,13
103900068,0,0,0
103900069,0,0,0
103900070,13,2,11
103900071,0,4,-4
103900072,0,2,-2
103900073,0,8,-8
103900074,7,1,6
103900075,0,0,0
103900076,0,0,0
103900077,1,19,-18
103900078,9,3,6
103900079,0,0,0
103900080,0,0,0
103900081,0,0,0
103900082,0,0,0
103900083,51,215,-164
103900084,0,0,0
103900085,0,0,0
103900086,32,18,14
103900087,0,0,0
103900088,10,33,-23
103900089,0,0,0
103900090,0,0,0
103900091,0,0,0
103900092,0,0,0
103900093,41,10,31
103900094,0,0,0
103900095,0,0,0
103900096,99,1,98
103900097,0,0,0
103900098,0,0,0
103900099,64,4,60
103900100,0,0,0
103900101,0,0,0
103900102,0,0,0
103900104,0,0,0
103900105,0,0,0
103900106,0,0,0
103900107,38,7,31
103900108,4,9,-5
103900109,33,1,32
103900110,0,0,0
103900111,0,0,0
103900112,0,0,0
103900113,0,0,0
103900114,0,0,0
103900115,0,0,0
103900116,1,7,-6
103900117,14,1,13
103900119,0,40,-40
103900120,0,1,-1
103900122,0,0,0
103900123,0,0,0
103900124,0,0,0
103900125,0,0,0
103900126,32,3,29
103900127,0,4,-4
103900128,0,0,0
103900131,0,0,0
103900133,109,2,107
103900134,0,0,0
103900135,0,0,0
103900137,0,0,0
103900138,0,0,0
103900139,9,106,-97
103900140,0,0,0
103900141,14,0,14
103900142,48,0,48
103900143,11,1,10
103900144,0,0,0
103900145,4,19,-15
103900146,17,2,15
103900147,0,0,0
103900148,0,0,0
103900149,43,0,43
103900150,123,36,87
103900151,0,0,0
103900152,153,3,150
103900153,0,0,0
103900154,0,7,-7
103900155,7,0,7
103900156,0,0,0
103900157,2,0,2
103900158,14,1,13
103900159,0,0,0
103900160,0,0,0
103900161,1,1,0
103900162,0,0,0
103900163,0,0,0
103900164,4,0,4
103900167,0,6,-6
103900168,14,0,14
103900169,1,28,-27
103900170,0,0,0
103900171,0,0,0
103900172,0,0,0
103900173,1,0,1
103900174,24,0,24
103900175,0,16,-16
103900176,0,0,0
103900177,0,0,0
103900178,0,0,0
103900179,0,0,0
103900180,0,0,0
103900181,0,0,0
103900182,0,0,0
103900184,0,0,0
103900185,0,0,0
103900187,0,5,-5
103900188,2,1,1
103900189,8,0,8
103900190,1,2,-1
103900191,0,0,0
103900192,0,0,0
103900193,0,0,0
103900194,0,0,0
103900195,0,0,0
103900196,0,0,0
103900197,0,0,0
103900198,0,0,0
103900199,0,0,0
103900200,0,0,0
103900201,0,0,0
103900202,0,0,0
103900203,0,2,-2
103900204,0,0,0
103900207,0,0,0
103900208,30,0,30
103900209,0,0,0
103900210,0,0,0
103900211,152,5,147
103900212,0,0,0
103900213,0,0,0
103900214,141,163,-22
103900215,0,0,0
103900216,0,11,-11
103900217,31,0,31
103900218,0,1,-1
103900219,0,0,0
103900233,0,0,0
103900235,0,0,0
103900236,0,0,0
103900242,0,0,0
103900243,0,0,0
103900244,8,2,6
103900245,0,0,0
103900246,1,0,1
103900247,0,0,0
103900248,0,0,0
103900249,0,0,0
103900250,0,0,0
103900251,0,0,0
103900253,0,0,0
103900254,0,0,0
103900255,0,0,0
103900256,0,0,0
103900257,0,0,0
103900258,0,0,0
103900259,0,0,0
103900261,0,0,0
103900262,0,0,0
103900263,0,0,0
103900264,0,0,0
103900265,0,0,0
103900266,0,0,0
103900267,0,0,0
104000001,1282,717,565
104000002,1331,1927,-596
104000003,1022,1159,-137
104000004,1612,1578,34
104000005,997,1279,-282
104000006,1214,1209,5
104000007,2662,1741,921
104000008,77,35,42
104000009,376,312,64
104000010,100,271,-171
104000011,35,6,29
104000012,14,23,-9
104000013,165,255,-90
104000014,81,18,63
104000015,266,111,155
104000016,49,17,32
104000018,713,106,607
104000019,859,252,607
104000020,54,271,-217
104000021,150,320,-170
104000022,47,218,-171
104000023,581,158,423
104000024,48,38,10
104000026,20,2,18
104000027,33,10,23
104000028,542,147,395
104000029,14,10,4
104000030,445,476,-31
104000031,841,60,781
104000032,58,30,28
104000033,627,69,558
104000034,60,22,38
104000035,829,91,738
104000036,684,213,471
104000037,10,7,3
104000038,388,139,249
104000039,225,167,58
104000040,46,268,-222
104000041,343,156,187
104000042,222,163,59
104000043,30,194,-164
104000044,67,103,-36
104000045,339,120,219
104000046,262,185,77
104000047,172,537,-365
104000048,435,937,-502
104000049,260,69,191
104000050,55,175,-120
104000051,34,70,-36
104000052,775,698,77
104000053,544,74,470
104000054,253,20,233
104000055,1082,289,793
104000056,246,8,238
104000057,0,0,0
104000058,605,185,420
104000059,291,581,-290
104000060,382,315,67
104000061,339,123,216
104000062,58,22,36
104000064,239,52,187
104000065,3,98,-95
104000069,508,861,-353
104000070,22,162,-140
104000071,0,0,0
104000072,67,30,37
104000075,0,0,0
104000076,0,0,0
104000082,543,949,-406
104000083,440,86,354
104000084,65,275,-210
104000085,242,44,198
104000086,105,128,-23
104000087,43,156,-113
104000090,52,77,-25
104000092,79,152,-73
104000094,111,80,31
104000095,589,665,-76
104000096,991,0,991
104000097,1193,126,1067
104000098,1349,104,1245
104000100,1268,160,1108
104000101,878,547,331
104000106,35,142,-107
104000107,681,186,495
104000108,138,23,115
104000109,78,29,49
104000110,198,319,-121
104000111,383,615,-232
104000112,79,57,22
104000116,1,103,-102
104000117,97,87,10
104000118,344,69,275
104000119,88,52,36
104000120,98,85,13
104000121,42,154,-112
104000122,410,318,92
104000123,306,325,-19
104000124,274,772,-498
104000125,266,494,-228
104000126,330,420,-90
104000127,583,884,-301
104000128,634,179,455
104000129,115,1,114
104000130,2,80,-78
104000131,7,5,2
104000132,9,3,6
104000133,386,271,115
104000134,380,1007,-627
104000135,115,1056,-941
104000136,519,1788,-1269
104000137,772,284,488
104000138,155,35,120
104000139,1410,1635,-225
104000141,342,408,-66
104000142,226,103,123
104000143,120,30,90
104000144,30,89,-59
104000145,284,96,188
104000146,24,132,-108
104000147,27,79,-52
104000148,235,124,111
104000149,28,56,-28
104000150,566,143,423
104000151,136,75,61
104000152,167,96,71
104000153,527,341,186
104000154,189,250,-61
104000155,389,576,-187
104000157,572,334,238
104000158,55,204,-149
104000159,270,173,97
104000160,1135,1706,-571
104000161,64,57,7
104000162,68,51,17
104000165,229,253,-24
104000167,188,706,-518
104000168,427,0,427
104000169,100,15,85
104000170,11,6,5
104000248,0,97,-97
104000251,0,0,0
104000272,0,0,0
104000273,0,0,0
104000274,0,0,0
104000275,0,0,0
104000279,291,713,-422
104000290,2,29,-27
104000291,466,488,-22
104000293,392,290,102
104000294,0,0,0
104000295,243,855,-612
104000296,104,192,-88
104000297,288,1460,-1172
104000298,519,257,262
104000299,505,968,-463
104900001,0,0,0
104900002,0,0,0
104900003,0,0,0
104900004,0,0,0
104900005,0,0,0
104900006,0,0,0
104900007,0,0,0
104900009,0,0,0
104900010,0,0,0
104900011,0,0,0
104900012,0,0,0
104900013,0,0,0
104900014,0,0,0
104900015,0,0,0
104900016,0,0,0
104900017,3,0,3
104900018,0,0,0
104900019,0,0,0
104900020,0,0,0
104900021,0,0,0
104900022,1,7,-6
104900023,0,0,0
104900024,0,17,-17
104900025,0,0,0
104900026,0,0,0
104900027,0,0,0
104900028,0,7,-7
104900029,0,0,0
104900030,0,0,0
104900031,1,0,1
104900032,0,0,0
104900033,0,0,0
104900034,0,0,0
104900035,0,0,0
104900036,0,0,0
104900037,0,0,0
104900038,0,0,0
104900039,0,0,0
104900040,2,1,1
104900041,0,0,0
104900042,0,0,0
104900043,0,0,0
104900044,25,0,25
104900045,0,0,0
104900046,0,0,0
104900047,97,1,96
104900048,57,2,55
104900049,0,0,0
104900050,0,0,0
104900051,19,1,18
104900052,0,0,0
104900053,98,0,98
104900054,4,0,4
104900055,0,0,0
104900056,26,1,25
104900057,0,0,0
104900058,11,0,11
104900059,57,15,42
104900060,0,0,0
104900061,0,0,0
104900063,0,0,0
104900064,0,0,0
104900065,4,0,4
104900066,0,0,0
104900067,0,0,0
104900068,0,0,0
104900070,0,0,0
104900071,0,0,0
104900072,0,0,0
104900073,0,0,0
104900074,0,0,0
104900075,0,0,0
104900076,0,0,0
104900077,0,0,0
104900078,0,0,0
104900079,0,0,0
104900080,0,0,0
104900082,0,0,0
104900085,0,0,0
104900087,54,0,54
104900089,0,0,0
104900090,0,0,0
104900091,0,0,0
104900093,0,0,0
104900097,0,0,0
104900098,0,0,0
104900099,0,0,0
104900100,0,0,0
104900102,0,0,0
104900103,0,0,0
104900104,0,0,0
104900106,0,0,0
104900107,0,0,0
104900108,0,0,0
104900109,0,0,0
104900110,0,0,0
104900111,0,0,0
104900112,0,0,0
104900113,0,0,0
104900114,0,0,0
104900115,0,0,0
104900116,0,0,0
104900118,0,0,0
104900119,0,0,0
104900120,0,0,0
104900121,0,0,0
104900122,0,0,0
104900123,0,0,0
104900124,0,0,0
104900125,26,0,26
104900126,0,0,0
104900127,0,0,0
104900128,44,0,44
104900129,0,0,0
105000001,1028,504,524
105000002,800,818,-18
105000003,964,1316,-352
105000004,438,792,-354
105000005,394,644,-250
105000006,501,1127,-626
105000007,432,1037,-605
105000008,492,1711,-1219
105000009,2146,1820,326
105000010,1187,600,587
105000011,1926,2114,-188
105000012,561,835,-274
105000013,493,604,-111
105000014,2019,1509,510
105000015,4253,6440,-2187
105000016,1229,1000,229
105000017,1444,660,784
105000018,1598,854,744
105000019,1012,995,17
105000020,159,278,-119
105000021,99,21,78
105000022,47,50,-3
105000023,226,155,71
105000028,4,116,-112
105000029,145,396,-251
105000030,1946,1437,509
105000033,482,594,-112
105000034,31,396,-365
105000037,203,25,178
105000038,596,673,-77
105000039,238,613,-375
105000040,375,785,-410
105000041,80,349,-269
105000042,1059,740,319
105000043,295,342,-47
105000044,336,175,161
105000045,48,174,-126
105000046,475,150,325
105000047,160,159,1
105000048,681,193,488
105000049,190,104,86
105000050,488,216,272
105000051,124,70,54
105000052,246,232,14
105000053,159,23,136
105000054,120,231,-111
105000055,378,44,334
105000056,823,402,421
105000057,1219,131,1088
105000058,429,387,42
105000059,581,245,336
105000060,335,70,265
105000061,388,142,246
105000062,279,153,126
105000063,117,44,73
105000064,1085,168,917
105000065,34,68,-34
105000066,280,138,142
105000067,838,422,416
105000068,54,130,-76
105000069,511,678,-167
105000070,368,725,-357
105000071,212,1150,-938
105000072,731,1403,-672
105000073,565,420,145
105000074,75,136,-61
105000075,158,312,-154
105000076,556,364,192
105000077,1338,288,1050
105000078,304,613,-309
105000079,149,354,-205
105000080,1540,1433,107
105000081,300,176,124
105000082,449,938,-489
105000083,1876,1908,-32
105000084,97,168,-71
105000085,2331,1640,691
105000086,122,114,8
105000087,92,224,-132
105000088,1243,1048,195
105000089,715,803,-88
105000090,270,276,-6
105000091,276,151,125
105000092,164,168,-4
105000093,90,126,-36
105000094,282,114,168
105000095,54,134,-80
105000096,510,656,-146
105000097,183,108,75
105000098,562,322,240
105000099,165,114,51
105000100,481,257,224
105000101,1189,678,511
105000102,733,264,469
105000103,635,554,81
105000104,779,181,598
105000105,710,389,321
105000106,769,356,413
105000107,618,208,410
105000108,967,247,720
105000109,804,407,397
105000110,602,135,467
105000111,512,134,378
105000112,497,188,309
105000113,251,437,-186
105000114,680,765,-85
105000115,179,740,-561
105000116,621,320,301
105000117,131,118,13
105000118,307,175,132
105000119,107,133,-26
105000120,909,340,569
105000121,258,114,144
105000122,219,196,23
105000123,302,199,103
105000124,1068,226,842
105000125,382,198,184
105000126,760,226,534
105000127,1168,292,876
105000128,139,177,-38
105000129,270,139,131
105000130,115,1814,-1699
105000131,83,47,36
105000132,647,447,200
105000133,158,134,24
105000134,450,162,288
105000135,37,41,-4
105000136,0,0,0
105000137,137,60,77
105000138,0,0,0
105000139,206,161,45
105000140,205,57,148
105000141,71,115,-44
105000142,330,97,233
105000143,69,187,-118
105000144,71,107,-36
105000145,310,106,204
105000146,0,0,0
105000147,490,56,434
105000148,267,185,82
105000149,953,523,430
105000150,33,41,-8
105000151,258,70,188
105000152,89,107,-18
105000153,345,102,243
105000154,229,105,124
105000155,135,100,35
105000156,65,95,-30
105000157,292,184,108
105000158,777,122,655
105000159,168,69,99
105000160,1038,187,851
105000161,201,175,26
105000162,204,770,-566
105000163,405,185,220
105000164,37,71,-34
105000165,62,2186,-2124
105000166,298,397,-99
105000167,407,979,-572
105000168,143,154,-11
105000169,178,12,166
105000170,58,463,-405
105000171,485,67,418
105000172,78,4,74
105000173,171,34,137
105000174,18,13,5
105000175,0,0,0
105000176,221,23,198
105000177,198,70,128
105000178,145,77,68
105000179,417,13,404
105000180,0,0,0
105000181,62,31,31
105000182,0,0,0
105000183,733,1625,-892
105000184,3,3,0
105000185,223,389,-166
105000186,0,2,-2
105000187,292,211,81
105000188,36,126,-90
105000189,1,3,-2
105000190,87,163,-76
105000191,1,22,-21
105000192,228,18,210
105000193,26,17,9
105000194,219,8,211
105000195,70,120,-50
105000196,54,132,-78
105000197,11,136,-125
105000198,25,46,-21
105000199,30,156,-126
105000200,157,221,-64
105000201,68,7,61
105000203,1,167,-166
105000204,35,57,-22
105000205,61,156,-95
105000207,0,0,0
105000208,81,198,-117
105000209,0,0,0
105000212,417,137,280
105000213,126,21,105
105000214,53,35,18
105000215,54,32,22
105000216,32,2,30
105000217,0,0,0
105000218,928,215,713
105000221,82,26,56
105000222,29,34,-5
105000223,42,8,34
105000226,36,20,16
105000227,19,35,-16
105000228,35,557,-522
105000229,133,293,-160
105000231,199,54,145
105000233,384,375,9
105000234,323,486,-163
105000235,241,194,47
105000237,376,19,357
105000243,82,55,27
105000248,2,14,-12
105000262,183,49,134
105000269,18,25,-7
105000270,284,1,283
105000271,0,11,-11
105000282,20,10,10
105000287,118,26,92
105000288,274,114,160
105000289,676,912,-236
105000290,4,77,-73
105000402,351,1199,-848
105000426,28,382,-354
105000438,596,680,-84
105000446,2165,4282,-2117
105000447,2781,638,2143
105000454,0,0,0
105000455,58,40,18
105000474,43,1,42
105000477,163,187,-24
105000478,879,2640,-1761
105000479,36,56,-20
105000480,2703,3427,-724
105000481,1411,1053,358
105000482,1071,1672,-601
105000483,639,1149,-510
105000484,676,1562,-886
105000485,1363,1499,-136
105000486,777,2239,-1462
105000488,881,2045,-1164
105000489,767,238,529
105000549,32,14,18
105000550,0,0,0
105000551,17,25,-8
105000552,754,368,386
105900001,0,28,-28
105900002,180,62,118
105900003,0,0,0
105900004,0,0,0
105900005,0,0,0
105900006,6,1,5
105900007,2,0,2
105900008,0,0,0
105900009,0,0,0
105900011,1,1,0
105900012,38,18,20
105900013,0,0,0
105900014,2,1,1
105900015,0,0,0
105900016,38,11,27
105900017,0,0,0
105900018,0,0,0
105900019,0,2,-2
105900020,0,0,0
105900021,0,6,-6
105900022,0,0,0
105900023,0,5,-5
105900024,1,3,-2
105900025,5,0,5
105900026,0,0,0
105900027,410,96,314
105900028,9,0,9
105900029,315,24,291
105900030,37,29,8
105900031,0,0,0
105900032,0,0,0
105900033,0,0,0
105900034,0,0,0
105900035,0,0,0
105900036,0,0,0
105900037,0,0,0
105900038,0,0,0
105900039,0,0,0
105900040,0,0,0
105900041,0,0,0
105900042,0,0,0
105900043,42,1,41
105900044,0,0,0
105900045,0,0,0
105900046,0,0,0
105900047,0,0,0
105900048,62,6,56
105900050,63,102,-39
105900051,0,22,-22
105900052,9,1,8
105900053,0,0,0
105900054,0,0,0
105900056,17,36,-19
105900057,14,2,12
105900058,0,0,0
105900059,0,0,0
106000001,1221,707,514
106000002,118,791,-673
106000003,1615,2061,-446
106000004,510,2145,-1635
106000005,2371,2599,-228
106000006,1293,1457,-164
106000007,587,156,431
106000008,49,109,-60
106000009,399,180,219
106000010,51,98,-47
106000011,989,491,498
106000012,251,285,-34
106000013,1698,813,885
106000014,267,337,-70
106000015,1962,663,1299
106000016,298,334,-36
106000017,1133,452,681
106000018,65,151,-86
106000019,453,287,166
106000020,30,43,-13
106000021,426,297,129
106000022,26,38,-12
106000023,1117,262,855
106000024,114,80,34
106000025,261,344,-83
106000026,5,25,-20
106000027,1618,665,953
106000028,39,36,3
106000029,13,17,-4
106000030,0,0,0
106000034,0,0,0
106000035,372,755,-383
106000036,0,0,0
106000037,212,79,133
106000038,5,9,-4
106000039,19,26,-7
106000040,15,79,-64
106000041,508,136,372
106000043,196,46,150
106000046,79,4,75
106000047,0,0,0
106000049,531,12,519
106000050,95,91,4
106000051,516,294,222
106000052,0,0,0
106000053,376,81,295
106000054,0,0,0
106000055,490,42,448
106000056,0,0,0
106000057,230,37,193
106000058,0,0,0
106000059,358,64,294
106000060,0,0,0
106000061,109,588,-479
106000062,0,0,0
106000063,560,618,-58
106000064,0,0,0
106000065,478,80,398
106000066,45,19,26
106000067,333,93,240
106000068,43,11,32
106000069,145,22,123
106000070,88,12,76
106000071,551,140,411
106000072,406,843,-437
106000073,628,1322,-694
106000074,393,508,-115
106000075,131,354,-223
106000076,751,328,423
106000077,1039,377,662
106000078,761,156,605
106000079,555,147,408
106000080,556,91,465
106000081,583,149,434
106000082,1000,52,948
106000083,237,388,-151
106000084,879,179,700
106000085,324,351,-27
106000086,251,210,41
106000087,341,130,211
106000088,247,230,17
106000089,591,49,542
106000090,349,365,-16
106000091,155,89,66
106000092,157,101,56
106000093,372,37,335
106000094,0,0,0
106000095,496,105,391
106000096,739,109,630
106000097,594,73,521
106000098,671,111,560
106000099,76,93,-17
106000100,896,46,850
106000101,679,32,647
106000102,24,96,-72
106000103,62,198,-136
106000104,421,138,283
106000105,134,241,-107
106000106,447,166,281
106000107,79,167,-88
106000108,257,83,174
106000109,50,89,-39
106000110,155,63,92
106000111,40,108,-68
106000112,138,185,-47
106000113,106,253,-147
106000114,182,118,64
106000115,87,177,-90
106000116,210,133,77
106000117,17,166,-149
106000118,621,434,187
106000119,48,196,-148
106000120,385,583,-198
106000121,134,106,28
106000122,165,51,114
106000123,254,33,221
106000124,167,39,128
106000125,44,60,-16
106000126,334,36,298
106000127,291,122,169
106000128,536,83,453
106000129,203,157,46
106000130,729,166,563
106000131,10,341,-331
106000132,337,34,303
106000133,162,552,-390
106000134,238,1141,-903
106000135,2,146,-144
106000136,517,483,34
106000137,0,145,-145
106000138,888,21,867
106000139,137,48,89
106000140,0,0,0
106000141,0,0,0
106000142,141,30,111
106000143,0,0,0
106000144,81,103,-22
106000145,0,0,0
106000146,337,114,223
106000147,185,134,51
106000148,155,424,-269
106000149,501,168,333
106000150,333,695,-362
106000151,764,372,392
106000152,640,919,-279
106000153,32,529,-497
106000154,611,121,490
106000155,81,131,-50
106000156,722,43,679
106000157,78,520,-442
106000158,534,381,153
106000159,413,669,-256
106000160,211,931,-720
106000161,151,76,75
106000162,178,486,-308
106000163,62,52,10
106000164,322,60,262
106000165,76,81,-5
106000166,497,44,453
106000167,211,290,-79
106000168,344,58,286
106000169,231,139,92
106000170,398,25,373
106000171,93,461,-368
106000172,796,121,675
106000173,529,622,-93
106000174,531,7,524
106000175,81,16,65
106000176,894,174,720
106000177,177,172,5
106000178,1290,162,1128
106000179,88,93,-5
106000180,278,268,10
106000181,557,443,114
106000182,1265,85,1180
106000183,843,106,737
106000184,507,135,372
106000185,331,340,-9
106000186,74,7,67
106000187,15,296,-281
106000188,0,0,0
106000189,1,25,-24
106000190,9,6,3
106000191,186,11,175
106000192,0,0,0
106000193,56,67,-11
106000194,5,92,-87
106000195,32,30,2
106000196,11,214,-203
106000197,179,44,135
106000198,23,23,0
106000199,201,201,0
106000200,11,100,-89
106000201,88,1397,-1309
106000202,236,147,89
106000203,0,0,0
106000204,19,4,15
106000205,0,0,0
106000206,39,18,21
106000207,0,11,-11
106000208,744,44,700
106000209,974,184,790
106000210,13,17,-4
106000211,33,38,-5
106000212,875,144,731
106000213,8,75,-67
106000214,604,135,469
106000215,66,205,-139
106000216,333,99,234
106000217,37,142,-105
106000218,295,48,247
106000219,57,82,-25
106000220,395,38,357
106000221,107,63,44
106000222,67,24,43
106000223,148,58,90
106000224,42,65,-23
106000225,30,105,-75
106000226,17,154,-137
106000228,0,0,0
106000229,0,0,0
106000231,396,9,387
106000232,0,0,0
106000233,107,5,102
106000234,0,0,0
106000235,18,27,-9
106000236,0,0,0
106000237,0,0,0
106000238,1,32,-31
106000239,0,0,0
106000240,16,11,5
106000241,1,116,-115
106000242,72,21,51
106000249,153,14,139
106000250,10,155,-145
106000251,48,4,44
106000252,0,0,0
106000253,37,9,28
106000254,0,0,0
106000255,45,14,31
106000256,0,0,0
106000257,39,51,-12
106000258,23,2,21
106000259,0,0,0
106000260,0,0,0
106000261,0,0,0
106000262,7,0,7
106000263,0,0,0
106000264,90,0,90
106000265,0,0,0
106000266,101,0,101
106000267,0,0,0
106000268,113,2,111
106000269,0,0,0
106000270,18,14,4
106000271,12,3,9
106000272,0,0,0
106000273,0,24,-24
106000274,0,0,0
106000275,9,34,-25
106000276,0,0,0
106000277,7,12,-5
106000278,0,0,0
106000279,0,0,0
106000280,0,0,0
106000281,0,0,0
106000282,0,0,0
106000283,0,0,0
106000284,0,0,0
106000285,0,0,0
106000286,0,0,0
106000287,0,0,0
106000288,0,0,0
106000289,0,0,0
106000290,0,0,0
106000291,0,0,0
106000292,0,0,0
106000293,0,0,0
106000294,0,0,0
106000295,0,0,0
106000296,0,0,0
106000297,0,0,0
106000298,0,0,0
106000299,0,0,0
106000300,0,0,0
106000301,0,0,0
106000303,3,4,-1
106000304,0,0,0
106000305,30,1,29
106000306,0,0,0
106000307,73,0,73
106000308,0,0,0
106000309,0,0,0
106000310,200,67,133
106000311,116,18,98
106000312,63,66,-3
106000313,41,6,35
106000318,0,0,0
106000319,488,127,361
106000320,0,63,-63
106000321,5,124,-119
106000322,107,57,50
106000324,4,59,-55
106000325,1787,453,1334
106000326,181,273,-92
106000327,232,16,216
106000328,5,22,-17
106000329,11,33,-22
106000330,5,34,-29
106000428,43,201,-158
106000429,8,181,-173
106000430,55,333,-278
106000431,1154,137,1017
106000432,60,493,-433
106000433,1486,699,787
106000434,2181,845,1336
106000435,117,527,-410
106000436,0,29,-29
106000437,283,50,233
106000438,58,238,-180
106000439,7,77,-70
106000440,78,144,-66
106000441,0,0,0
106000442,25,2,23
106000443,207,266,-59
106000450,0,0,0
106000451,12,65,-53
106000454,0,0,0
106000455,0,7,-7
106000456,16,2,14
106000457,0,0,0
106000458,611,76,535
106000459,0,0,0
106000460,711,16,695
106000461,0,0,0
106000462,0,0,0
106000463,0,12,-12
106000464,0,0,0
106000465,491,0,491
106000466,0,0,0
106000467,2,61,-59
106000468,19,57,-38
106000469,80,0,80
106000470,0,20,-20
106000471,0,0,0
106000472,82,2,80
106000473,0,0,0
106000474,52,104,-52
106000475,138,164,-26
106000476,92,158,-66
106000477,0,0,0
106900001,0,0,0
106900002,0,0,0
106900003,0,0,0
106900004,0,0,0
106900006,0,0,0
106900007,0,0,0
106900008,0,0,0
106900009,0,0,0
106900010,0,0,0
106900012,0,0,0
106900013,0,0,0
106900014,0,0,0
106900015,0,0,0
106900016,0,0,0
106900017,1,0,1
106900018,0,0,0
106900019,31,0,31
106900020,0,0,0
106900021,13,1,12
106900022,0,0,0
106900023,0,0,0
106900024,0,0,0
106900025,0,0,0
106900026,0,0,0
106900027,279,1,278
107000001,1752,2344,-592
107000002,652,801,-149
107000003,4912,4833,79
107000004,1334,906,428
107000005,4086,3390,696
107000006,1300,728,572
107000007,3064,3576,-512
107000008,1574,1322,252
107000009,7245,6695,550
107000010,2000,1492,508
107000011,91,149,-58
107000012,817,264,553
107000013,0,0,0
107000014,0,0,0
107000015,0,0,0
107000016,0,0,0
107000017,272,181,91
107000018,0,138,-138
107000020,268,368,-100
107000021,280,131,149
107000022,325,458,-133
107000023,800,92,708
107000024,315,793,-478
107000025,76,95,-19
107000026,98,186,-88
107000027,681,184,497
107000028,435,297,138
107000029,1737,1206,531
107000030,758,707,51
107000031,2029,1007,1022
107000032,152,407,-255
107000033,993,1371,-378
107000034,820,191,629
107000035,122,115,7
107000036,180,466,-286
107000037,61,585,-524
107000038,60,57,3
107000039,335,626,-291
107000040,120,58,62
107000041,426,268,158
107000042,171,750,-579
107000043,374,320,54
107000044,111,252,-141
107000045,55,198,-143
107000046,367,213,154
107000047,223,401,-178
107000048,371,233,138
107000049,222,323,-101
107000050,338,301,37
107000051,337,379,-42
107000052,428,552,-124
107000053,242,191,51
107000054,12,254,-242
107000055,102,63,39
107000056,638,765,-127
107000057,622,319,303
107000058,1749,1809,-60
107000059,244,414,-170
107000060,3761,3307,454
107000061,1144,686,458
107000062,3777,1608,2169
107000063,940,788,152
107000064,2872,1967,905
107000065,628,822,-194
107000066,1359,1736,-377
107000067,693,339,354
107000068,495,532,-37
107000069,419,758,-339
107000070,451,30,421
107000071,1731,8,1723
107000072,1,173,-172
107000073,355,123,232
107000074,50,92,-42
107000075,1641,147,1494
107000076,10,136,-126
107000077,1966,202,1764
107000078,106,224,-118
107000079,1538,343,1195
107000080,166,185,-19
107000081,1445,287,1158
107000082,201,286,-85
107000083,856,433,423
107000084,190,393,-203
107000085,1467,1084,383
107000086,529,822,-293
107000087,1110,851,259
107000088,557,774,-217
107000089,692,801,-109
107000090,284,241,43
107000091,671,316,355
107000092,92,234,-142
107000093,420,587,-167
107000094,168,251,-83
107000095,931,519,412
107000096,75,128,-53
107000097,313,320,-7
107000098,92,343,-251
107000099,254,318,-64
107000100,42,188,-146
107000101,128,162,-34
107000102,136,313,-177
107000103,311,146,165
107000104,74,140,-66
107000105,461,97,364
107000106,54,36,18
107000107,456,87,369
107000108,61,155,-94
107000109,327,46,281
107000110,0,0,0
107000111,281,33,248
107000112,0,0,0
107000113,647,35,612
107000114,0,0,0
107000115,547,42,505
107000116,0,0,0
107000117,149,368,-219
107000118,0,0,0
107000119,395,877,-482
107000120,0,0,0
107000121,505,295,210
107000122,248,217,31
107000123,452,223,229
107000124,193,155,38
107000125,635,123,512
107000126,277,163,114
107000127,0,0,0
107000129,61,67,-6
107000130,253,283,-30
107000131,114,347,-233
107000132,267,172,95
107000133,120,4,116
107000134,182,0,182
107000135,0,106,-106
107000136,346,0,346
107000137,0,151,-151
107000138,16,0,16
107000139,0,116,-116
107000140,409,2,407
107000141,7,97,-90
107000142,81,5,76
107000143,2,100,-98
107000144,156,178,-22
107000145,29,96,-67
107000146,256,54,202
107000147,318,203,115
107000150,323,1287,-964
107000151,12,1,11
107000152,75,714,-639
107000153,4,43,-39
107000154,0,62,-62
107000155,581,14,567
107000156,596,3,593
107000157,14,206,-192
107000158,347,4,343
107000159,2,90,-88
107000160,801,24,777
107000161,2,142,-140
107000162,136,311,-175
107000163,72,1,71
107000164,427,0,427
107000165,736,12,724
107000166,1,88,-87
107000167,315,52,263
107000168,673,111,562
107000169,41,135,-94
107000170,1447,410,1037
107000171,164,280,-116
107000172,686,652,34
107000173,177,87,90
107000174,343,1730,-1387
107000175,871,209,662
107000176,20,0,20
107000177,2,0,2
107000178,41,0,41
107000179,138,266,-128
107000180,1150,109,1041
107000181,189,61,128
107000182,1446,75,1371
107000183,44,70,-26
107000184,618,59,559
107000185,124,111,13
107000186,562,83,479
107000187,479,420,59
107000188,60,81,-21
107000189,294,207,87
107000190,177,114,63
107000191,384,423,-39
107000192,395,60,335
107000193,151,248,-97
107000194,201,68,133
107000197,470,48,422
107000198,111,215,-104
107000199,345,159,186
107000200,123,229,-106
107000201,84,80,4
107000202,89,259,-170
107000203,95,443,-348
107000204,136,1146,-1010
107000205,277,143,134
107000206,106,720,-614
107000207,119,200,-81
107000208,103,140,-37
107000209,150,269,-119
107000210,25,64,-39
107000211,3,27,-24
107000212,0,35,-35
107000213,1,13,-12
107000214,0,25,-25
107000215,179,74,105
107000216,120,69,51
107000217,25,13,12
107000219,19,80,-61
107000220,27,51,-24
107000222,16,73,-57
107000224,215,14,201
107000225,42,194,-152
107000226,206,15,191
107000227,28,94,-66
107000228,6,64,-58
107000229,53,12,41
107000230,137,118,19
107000231,366,387,-21
107000232,34,7,27
107000233,24,145,-121
107000234,4,78,-74
107000235,85,12,73
107000236,0,0,0
107000237,17,0,17
107000238,37,1,36
107000239,536,122,414
107000240,7,50,-43
107000241,1,3,-2
107000242,5,4,1
107000243,0,66,-66
107000244,4,0,4
107000246,0,50,-50
107000249,0,28,-28
107000251,0,8,-8
107000252,0,122,-122
107000255,74,4,70
107000257,1,187,-186
107000258,0,34,-34
107000259,0,20,-20
107000260,1073,0,1073
107000262,1,48,-47
107000263,316,1,315
107000266,15,36,-21
107000267,4,23,-19
107000268,71,27,44
107000269,3,1,2
107000270,81,38,43
107000271,6,0,6
107000272,49,0,49
107000273,0,57,-57
107000274,172,75,97
107000275,3,76,-73
107000280,617,15,602
107000281,2,78,-76
107000282,2,162,-160
107000290,2,13,-11
107000291,2,4,-2
107000292,1,31,-30
107000293,11,5,6
107000294,0,31,-31
107000295,15,0,15
107000296,0,11,-11
107000444,175,3,172
107000496,1,3,-2
107000497,155,233,-78
107000500,237,75,162
107000501,21,59,-38
107000502,77,61,16
107000505,66,377,-311
107000506,0,0,0
107000508,2,52,-50
107000509,87,266,-179
107000510,28,43,-15
107000514,19,69,-50
107000515,6,38,-32
107000516,369,98,271
107000518,674,472,202
107000519,101,30,71
107000520,25,2,23
107900001,9,2,7
107900002,10,0,10
107900003,43,0,43
107900004,17,0,17
107900005,825,1,824
107900006,24,2,22
107900007,102,2,100
107900008,19,0,19
107900009,8,0,8
107900010,0,0,0
107900012,59,2,57
107900013,14,1,13
107900014,15,0,15
107900015,339,1,338
107900016,31,8,23
107900017,5,0,5
107900018,12,58,-46
107900019,11,3,8
107900020,0,0,0
107900021,7,1,6
107900023,15,1,14
107900024,0,0,0
107900025,58,21,37
107900026,30,0,30
107900027,0,0,0
107900028,28,2,26
107900030,63,3,60
107900031,38,2,36
107900032,5,0,5
107900033,1,1,0
107900034,32,3,29
107900035,314,5,309
107900036,4,3,1
107900037,0,0,0
107900038,2,38,-36
107900039,2,2,0
107900040,0,0,0
107900041,0,0,0
107900043,20,10,10
107900044,3,1,2
107900045,17,31,-14
107900046,42,16,26
107900047,0,0,0
107900048,30,2,28
107900049,0,94,-94
107900050,4,8,-4
107900051,28,1,27
107900052,0,0,0
107900053,4,1,3
107900055,108,19,89
107900056,14,38,-24
107900057,0,0,0
107900058,2,29,-27
107900060,0,0,0
107900061,0,0,0
107900063,10,36,-26
107900064,59,118,-59
107900065,93,1,92
107900066,0,0,0
107900067,0,0,0
107900068,23,105,-82
107900069,8,624,-616
107900070,12,20,-8
107900071,0,36,-36
107900072,58,10,48
107900073,0,0,0
107900074,0,0,0
107900076,26,5,21
107900077,5,0,5
107900078,59,21,38
107900079,3,3,0
107900080,7,34,-27
107900081,0,0,0
107900082,0,0,0
107900083,42,42,0
107900084,16,21,-5
107900086,7,34,-27
107900087,21,6,15
107900088,8,0,8
107900089,17,60,-43
107900090,5,208,-203
107900091,93,86,7
107900092,157,1,156
107900093,0,0,0
107900095,190,270,-80
107900097,10,3,7
107900098,13,7,6
107900100,80,378,-298
107900101,20,4,16
107900102,4,0,4
107900103,3,3,0
107900104,0,0,0
107900105,2,119,-117
107900106,0,75,-75
107900107,0,0,0
107900108,5,3,2
107900109,640,16,624
107900110,19,1,18
107900111,0,23,-23
107900112,4,58,-54
107900113,0,0,0
107900114,100,4,96
107900115,0,0,0
107900116,73,9,64
107900117,76,99,-23
107900118,2,3,-1
107900119,14,21,-7
107900120,8,0,8
107900121,0,0,0
107900122,0,0,0
107900123,1,3,-2
107900124,0,0,0
107900125,0,11,-11
107900126,3,2,1
107900127,0,0,0
107900128,12,16,-4
107900129,12,0,12
107900130,0,0,0
107900131,1,4,-3
107900132,0,29,-29
107900133,0,0,0
107900134,7,3,4
107900135,0,0,0
107900136,0,0,0
107900137,32,14,18
107900138,4,1,3
107900139,0,0,0
107900140,1,4,-3
107900141,2,3,-1
107900142,5,49,-44
107900143,5,0,5
107900144,0,7,-7
107900145,0,0,0
107900146,8,28,-20
107900147,3,1,2
107900148,6,7,-1
107900149,70,5,65
107900150,0,23,-23
107900151,1,5,-4
107900152,0,0,0
107900153,6,87,-81
107900154,9,3,6
107900155,1,0,1
107900156,0,0,0
107900157,15,14,1
107900158,213,5,208
107900159,0,16,-16
107900160,61,34,27
107900161,1,11,-10
107900162,0,0,0
107900163,0,0,0
107900164,1,1,0
107900165,8,45,-37
107900166,4,5,-1
107900167,0,0,0
107900168,7,1,6
107900169,0,1,-1
107900171,0,71,-71
107900172,0,0,0
107900173,9,5,4
107900174,0,0,0
107900175,0,0,0
107900176,2,0,2
107900177,0,0,0
107900178,0,11,-11
107900179,0,0,0
107900180,9,273,-264
107900181,1,0,1
107900182,0,28,-28
107900183,5,0,5
107900184,0,0,0
107900185,0,0,0
107900186,4,2,2
107900187,0,1,-1
107900188,273,61,212
107900189,0,0,0
107900190,3,24,-21
107900191,0,0,0
107900193,2,0,2
107900194,0,0,0
107900195,99,9,90
107900196,0,0,0
107900197,5,21,-16
107900199,0,0,0
107900201,0,0,0
107900203,3,1,2
107900204,0,0,0
107900205,12,10,2
107900206,15,91,-76
107900207,0,40,-40
107900208,0,10,-10
107900209,6,0,6
107900210,0,0,0
107900213,0,0,0
107900214,0,24,-24
107900215,24,30,-6
107900216,0,0,0
107900217,0,0,0
107900218,0,0,0
107900219,0,0,0
107900220,0,0,0
107900221,5,2,3
107900223,0,0,0
107900224,49,44,5
107900225,0,0,0
107900226,0,0,0
107900227,10,17,-7
107900228,0,0,0
107900229,0,0,0
107900230,2,0,2
107900231,0,0,0
107900232,34,1,33
107900233,0,0,0
107900234,0,0,0
107900235,3,12,-9
107900236,0,0,0
107900237,0,0,0
107900238,0,0,0
107900239,24,44,-20
107900240,1,2,-1
107900241,0,0,0
107900242,0,7,-7
107900243,0,0,0
107900244,0,0,0
107900245,124,18,106
107900246,99,16,83
107900248,234,12,222
107900249,190,11,179
107900250,0,19,-19
107900251,4,41,-37
107900252,116,5,111
107900253,39,3,36
107900254,0,7,-7
107900255,13,6,7
107900256,21,0,21
107900257,38,34,4
107900258,10,0,10
107900259,3,448,-445
107900261,0,103,-103
107900262,0,0,0
107900264,128,2,126
107900265,29,39,-10
107900267,115,1,114
107900268,0,0,0
107900269,0,0,0
107900270,0,0,0
107900271,0,0,0
107900272,17,0,17
107900273,38,6,32
107900274,50,0,50
107900275,1,0,1
107900276,0,0,0
107900277,0,0,0
107900278,159,1,158
107900279,0,0,0
107900280,336,115,221
107900281,121,1175,-1054
107900282,7,272,-265
107900283,134,106,28
107900284,303,57,246
107900285,16,9,7
107900286,1,0,1
107900287,107,24,83
107900290,0,0,0
107900291,130,2,128
107900292,102,93,9
107900293,55,106,-51
107900295,39,0,39
107900297,0,0,0
107900298,169,111,58
107900299,477,375,102
107900300,120,136,-16
107900301,74,135,-61
107900302,24,4,20
107900303,171,37,134
107900304,86,0,86
107900305,141,1,140
107900306,0,0,0
107900307,0,0,0
107900308,46,12,34
107900309,0,0,0
107900310,0,0,0
107900311,0,0,0
107900312,1,0,1
107900313,0,0,0
107900314,0,0,0
107900315,0,0,0
107900316,0,0,0
107900317,1,0,1
107900318,0,0,0
107900319,1,3,-2
107900320,0,1,-1
107900321,35,0,35
107900322,0,4,-4
107900323,2,0,2
107900324,51,0,51
107900325,67,0,67
107900326,116,13,103
107900327,0,0,0
107900328,0,0,0
107900329,0,0,0
107900330,0,7,-7
107900331,95,18,77
107900332,140,0,140
107900333,18,0,18
107900334,0,20,-20
107900335,1,6,-5
107900336,5,3,2
107900337,142,250,-108
107900338,0,2,-2
107900339,0,1,-1
107900340,0,0,0
107900341,0,0,0
107900342,45,62,-17
107900343,6,0,6
107900344,1,148,-147
107900345,53,13,40
107900346,1,0,1
107900347,18,0,18
107900348,0,0,0
107900349,45,2,43
107900350,1,31,-30
108000001,2425,1338,1087
108000002,107,206,-99
108000003,2159,1283,876
108000004,1338,3591,-2253
108000005,6223,2967,3256
108000006,948,1349,-401
108000007,3991,2132,1859
108000008,805,1006,-201
108000009,3627,2139,1488
108000010,674,928,-254
108000011,9712,5039,4673
108000012,3103,2672,431
108000014,363,474,-111
108000015,483,92,391
108000016,29,101,-72
108000017,661,137,524
108000018,1553,144,1409
108000019,297,104,193
108000020,829,176,653
108000021,89,38,51
108000022,211,364,-153
108000023,641,119,522
108000024,74,105,-31
108000025,218,22,196
108000026,560,72,488
108000027,358,7,351
108000028,640,69,571
108000029,277,6,271
108000030,420,31,389
108000031,63,3,60
108000032,1156,164,992
108000033,154,211,-57
108000034,1661,90,1571
108000035,152,472,-320
108000036,59,87,-28
108000037,1268,101,1167
108000038,2022,161,1861
108000039,70,96,-26
108000040,1467,389,1078
108000041,58,137,-79
108000042,345,50,295
108000043,83,37,46
108000044,1067,37,1030
108000045,41,51,-10
108000046,1295,111,1184
108000047,183,211,-28
108000048,0,0,0
108000049,687,60,627
108000050,16,30,-14
108000051,234,102,132
108000052,17,54,-37
108000053,333,102,231
108000054,106,294,-188
108000055,645,208,437
108000056,159,165,-6
108000057,393,698,-305
108000058,1022,1818,-796
108000059,395,664,-269
108000060,109,152,-43
108000061,97,116,-19
108000062,578,230,348
108000063,308,130,178
108000064,161,145,16
108000065,327,202,125
108000066,673,68,605
108000067,1127,174,953
108000068,632,163,469
108000069,63,490,-427
108000070,1902,156,1746
108000071,109,471,-362
108000072,1262,265,997
108000073,279,364,-85
108000074,707,198,509
108000075,266,192,74
108000076,1054,174,880
108000077,159,131,28
108000078,1603,336,1267
108000079,141,384,-243
108000080,1175,213,962
108000081,133,354,-221
108000082,223,147,76
108000083,1087,396,691
108000084,80,101,-21
108000085,556,262,294
108000086,132,46,86
108000087,75,1294,-1219
108000088,95,0,95
108000089,100,85,15
108000090,481,42,439
108000091,31,126,-95
108000092,291,19,272
108000093,86,84,2
108000094,855,22,833
108000095,54,62,-8
108000096,679,104,575
108000097,57,82,-25
108000098,1354,288,1066
108000099,93,20,73
108000100,189,124,65
108000101,920,481,439
108000102,674,1221,-547
108000106,371,1,370
108000107,1,142,-141
108000108,424,23,401
108000109,1,122,-121
108000110,294,57,237
108000111,31,160,-129
108000112,26,141,-115
108000113,219,129,90
108000115,142,46,96
108000117,326,29,297
108000118,37,42,-5
108000119,416,42,374
108000120,113,279,-166
108000121,150,55,95
108000122,385,81,304
108000123,326,26,300
108000124,67,45,22
108000125,547,39,508
108000126,88,24,64
108000127,438,83,355
108000128,391,37,354
108000129,82,78,4
108000130,242,81,161
108000131,317,112,205
108000132,134,108,26
108000133,1526,75,1451
108000134,143,89,54
108000135,1067,139,928
108000136,16,46,-30
108000137,382,51,331
108000138,77,267,-190
108000139,559,168,391
108000140,458,5,453
108000141,14,47,-33
108000142,4,32,-28
108000143,9,4,5
108000144,370,5,365
108000145,41,6,35
108000146,394,1,393
108000147,7,10,-3
108000148,174,5,169
108000149,2,2,0
108000150,44,14,30
108000151,3,7,-4
108000152,18,34,-16
108000153,266,45,221
108000154,32,17,15
108000155,22,47,-25
108000156,286,97,189
108000157,27,649,-622
108000158,11,215,-204
108000159,91,35,56
108000160,823,506,317
108000161,620,871,-251
108000165,42,162,-120
108000172,1,100,-99
108000173,947,647,300
108000175,239,17,222
108000178,130,286,-156
108000179,131,504,-373
108000181,65,1,64
108000182,131,1,130
108000183,0,2,-2
108000184,108,1435,-1327
108000185,2,9,-7
108000186,80,20,60
108000187,1,21,-20
108000188,260,4,256
108000189,140,958,-818
108000190,0,0,0
108000192,118,139,-21
108000193,42,36,6
108000194,10,0,10
108000195,0,19,-19
108000196,105,30,75
108000198,288,74,214
108000199,0,0,0
108000200,164,4,160
108000202,1,140,-139
108000203,0,17,-17
108000204,72,20,52
108000205,41,5,36
108000339,768,477,291
108000364,96,168,-72
108000365,11,68,-57
108000367,51,5,46
108000368,0,4,-4
108000369,103,23,80
108000371,0,163,-163
108000372,250,1,249
108000373,152,11,141
108000376,110,12,98
108000377,365,197,168
108000378,7526,6367,1159
108000379,0,0,0
108000381,52,6,46
108000382,50,1,49
108000383,0,23,-23
108900001,3,14,-11
108900002,88,4,84
108900003,0,8,-8
108900004,219,183,36
108900005,27,170,-143
108900006,191,73,118
108900007,160,76,84
108900008,125,37,88
108900009,50,37,13
108900010,131,35,96
108900011,548,51,497
108900012,301,71,230
108900013,79,65,14
108900014,0,7,-7
108900015,0,0,0
108900016,0,0,0
108900017,33,26,7
108900018,28,99,-71
108900019,0,6,-6
108900020,27,13,14
108900021,52,60,-8
108900022,8,24,-16
108900023,118,2,116
108900024,1,1,0
108900025,66,22,44
108900026,0,0,0
108900028,29,21,8
108900029,4,52,-48
108900031,21,18,3
108900032,0,0,0
108900034,0,5,-5
108900035,21,69,-48
108900036,110,66,44
108900037,0,0,0
108900039,0,15,-15
108900040,0,18,-18
108900041,1032,1141,-109
108900042,0,24,-24
108900043,0,0,0
108900045,52,35,17
108900046,0,10,-10
108900047,0,10,-10
108900048,58,49,9
108900049,169,367,-198
108900050,6,44,-38
108900051,0,14,-14
108900052,28,11,17
108900053,3,73,-70
108900054,6,1,5
108900055,5,15,-10
108900056,0,9,-9
108900057,1,21,-20
108900058,4,31,-27
108900059,201,7,194
108900060,20,48,-28
108900061,1,0,1
108900062,0,18,-18
108900063,0,9,-9
108900064,38,12,26
108900065,21,15,6
108900066,211,43,168
108900067,5,16,-11
108900068,0,8,-8
108900069,59,2,57
108900070,2,4,-2
108900071,97,9,88
108900072,269,131,138
108900073,19,12,7
108900074,79,13,66
108900075,0,6,-6
108900076,209,27,182
108900077,9,78,-69
108900078,15,8,7
108900079,94,7,87
108900080,17,195,-178
108900081,6,39,-33
108900082,39,3,36
108900083,0,40,-40
108900084,42,13,29
108900085,130,15,115
108900086,25,17,8
108900087,64,18,46
108900088,156,140,16
108900089,1,63,-62
108900090,39,8,31
108900091,18,11,7
108900092,144,47,97
108900093,31,32,-1
108900094,72,7,65
108900095,1,20,-19
108900096,42,3,39
108900097,113,14,99
108900098,228,438,-210
108900099,157,12,145
108900100,4,38,-34
108900101,25,23,2
108900102,2,320,-318
108900103,48,49,-1
108900104,13,35,-22
108900105,2,658,-656
108900106,234,23,211
108900108,65,0,65
108900109,36,28,8
108900110,77,49,28
108900111,214,59,155
108900112,80,0,80
108900113,20,29,-9
108900114,2,3,-1
108900115,108,34,74
108900116,4,1,3
108900117,107,13,94
108900119,186,2,184
108900120,53,45,8
108900121,69,15,54
108900122,102,1,101
108900123,75,8,67
108900124,35,7,28
108900126,35,29,6
108900127,155,3,152
108900128,127,0,127
108900129,104,4,100
108900131,227,4,223
108900132,160,3,157
108900133,104,26,78
108900134,324,17,307
108900135,127,0,127
108900137,144,3,141
108900138,302,2,300
108900139,269,8,261
108900140,274,15,259
108900141,218,2,216
108900142,39,5,34
108900143,0,0,0
108900144,44,1,43
108900145,139,12,127
108900146,33,3,30
108900147,195,1,194
108900148,9,3,6
108900149,119,52,67
108900150,22,3,19
108900151,6,1,5
108900152,99,14,85
108900153,190,23,167
108900154,2057,120,1937
108900155,71,17,54
108900156,29,14,15
108900157,2,29,-27
108900158,242,5,237
108900159,1,26,-25
108900160,2,62,-60
108900161,0,80,-80
108900162,93,1,92
108900163,1,177,-176
108900164,16,11,5
108900165,20,16,4
108900167,81,3227,-3146
108900168,797,803,-6
108900169,4,21,-17
108900171,561,1257,-696
108900172,53,13,40
108900173,83,27,56
108900174,573,49,524
108900176,1,47,-46
108900177,202,815,-613
108900178,278,1184,-906
108900179,53,598,-545
108900180,65,113,-48
108900182,18,129,-111
108900183,14,54,-40
108900184,227,136,91
108900185,8,97,-89
108900186,11,51,-40
108900187,442,3,439
108900188,421,3,418
108900189,101,6,95
108900190,2,92,-90
108900191,26,15,11
108900192,8,49,-41
108900193,2,16,-14
108900194,0,37,-37
108900195,14,35,-21
108900196,0,10,-10
108900198,0,18,-18
108900199,51,50,1
108900200,212,148,64
108900201,105,211,-106
108900203,252,21,231
108900204,127,2,125
108900205,150,9,141
108900206,81,15,66
108900207,55,18,37
108900208,2,56,-54
108900209,38,64,-26
108900210,27,6,21
108900211,3,56,-53
108900212,12,154,-142
108900215,0,5,-5
108900216,75,59,16
108900217,20,1,19
108900218,8,3,5
108900219,28,1,27
108900220,4,8,-4
108900221,0,0,0
108900222,86,1,85
108900223,0,0,0
108900224,0,0,0
108900225,0,0,0
108900226,112,10,102
108900227,32,77,-45
108900230,12,7,5
108900231,0,15,-15
108900232,0,31,-31
108900233,143,6,137
108900234,109,9,100
108900235,0,0,0
108900236,0,0,0
108900237,0,0,0
108900240,8,16,-8
108900241,3,40,-37
108900245,0,137,-137
108900249,4,0,4
108900250,34,0,34
108900257,87,0,87
108900258,0,11,-11
108900259,2,2,0
108900260,0,1,-1
108900261,0,2,-2
108900262,18,36,-18
108900263,28,10,18
108900264,6,21,-15
108900265,47,237,-190
108900266,24,300,-276
108900267,3,111,-108
108900268,15,7,8
108900269,60,4,56
108900270,32,1,31
108900271,4,2,2
108900272,162,1,161
108900273,53,264,-211
108900274,22,1,21
108900275,3,17,-14
108900276,0,3,-3
109000001,860,2365,-1505
109000002,2,289,-287
109000003,1635,306,1329
109000004,0,103,-103
109000005,1339,352,987
109000006,2,111,-109
109000007,1181,374,807
109000008,6,82,-76
109000009,1909,505,1404
109000010,4,138,-134
109000011,2437,838,1599
109000012,28,171,-143
109000013,3258,1895,1363
109000014,55,165,-110
109000015,3141,5238,-2097
109000016,87,221,-134
109000017,2234,514,1720
109000018,30,240,-210
109000019,1464,639,825
109000020,8,51,-43
109000023,64,2,62
109000024,0,29,-29
109000025,91,215,-124
109000026,268,279,-11
109000027,23,139,-116
109000028,37,75,-38
109000029,35,126,-91
109000030,0,0,0
109000031,222,44,178
109000032,0,3,-3
109000033,302,80,222
109000034,2,7,-5
109000035,0,6,-6
109000036,1,102,-101
109000037,70,1161,-1091
109000038,70,38,32
109000039,312,427,-115
109000040,389,4097,-3708
109000041,118,1002,-884
109000042,209,483,-274
109000044,197,10,187
109000045,36,2,34
109000046,216,36,180
109000047,4,0,4
109000048,288,23,265
109000049,11,8,3
109000050,287,104,183
109000051,12,25,-13
109000052,96,46,50
109000053,330,102,228
109000054,4,25,-21
109000055,36,66,-30
109000056,62,12,50
109000057,46,344,-298
109000058,46,6,40
109000059,4,229,-225
109000060,47,205,-158
109000061,18,740,-722
109000062,22,174,-152
109000063,4,41,-37
109000064,130,11,119
109000065,8,19,-11
109000066,187,5,182
109000067,0,42,-42
109000068,114,2,112
109000069,122,0,122
109000070,0,16,-16
109000071,106,54,52
109000072,102,298,-196
109000073,20,73,-53
109000074,6,144,-138
109000075,46,0,46
109000076,16,103,-87
109000077,76,93,-17
109000078,42,43,-1
109000079,44,21,23
109000080,47,15,32
109000081,81,44,37
109000082,246,18,228
109000083,116,70,46
109000088,93,31,62
109000089,239,31,208
109000090,149,100,49
109000091,258,60,198
109000092,139,158,-19
109000093,294,30,264
109000094,451,1,450
109000095,6,36,-30
109000096,581,45,536
109000097,5,21,-16
109000098,43,54,-11
109000099,379,9,370
109000100,31,167,-136
109000101,1004,265,739
109000102,265,152,113
109000103,288,158,130
109000104,1244,228,1016
109000105,121,211,-90
109000106,837,284,553
109000107,232,162,70
109000108,1271,315,956
109000109,157,95,62
109000110,566,302,264
109000111,286,290,-4
109000112,29,13,16
109000113,81,19,62
109000114,169,101,68
109000115,413,27,386
109000116,0,55,-55
109000117,124,9,115
109000118,0,48,-48
109000119,880,8,872
109000120,8,75,-67
109000121,542,4,538
109000122,16,57,-41
109000123,45,9,36
109000124,371,37,334
109000125,857,129,728
109000126,24,24,0
109000127,1013,56,957
109000128,55,33,22
109000129,1546,94,1452
109000130,39,28,11
109000131,515,446,69
109000132,115,102,13
109000133,19,116,-97
109000134,58,82,-24
109000135,99,45,54
109000136,149,101,48
109000137,379,102,277
109000138,129,100,29
109000139,299,67,232
109000140,106,150,-44
109000141,166,80,86
109000142,21,55,-34
109000143,38,21,17
109000145,27,41,-14
109000146,56,246,-190
109000148,80,173,-93
109000149,31,72,-41
109000150,41,88,-47
109000155,168,405,-237
109000156,220,16,204
109000158,9,283,-274
109000159,9,66,-57
109000160,670,48,622
109000161,235,122,113
109000162,859,153,706
109000163,745,89,656
109000164,793,601,192
109000165,785,275,510
109000166,435,34,401
109000167,82,76,6
109000170,22,11,11
109000171,15,4,11
109000172,2,6,-4
109000173,0,9,-9
109000174,22,7,15
109000175,25,17,8
109000176,172,110,62
109000177,5,29,-24
109000178,142,34,108
109000179,319,872,-553
109000180,867,666,201
109000181,15,1,14
109000182,35,31,4
109000183,42,7,35
109000184,22,39,-17
109000185,26,15,11
109000188,124,278,-154
109000189,668,64,604
109000190,174,144,30
109000191,267,104,163
109000192,285,16,269
109000193,108,24,84
109000194,79,8,71
109000195,10,14,-4
109000196,69,7,62
109000197,115,20,95
109000198,157,6,151
109000199,33,4,29
109000206,166,5,161
109000207,79,25,54
109000208,98,39,59
109000209,42,32,10
109000210,8,36,-28
109000211,137,256,-119
109000214,225,175,50
109000215,86,24,62
109000216,144,191,-47
109000217,4,3,1
109000218,4,13,-9
109000221,32,110,-78
109000222,475,14,461
109000223,120,145,-25
109000224,78,38,40
109000225,71,17,54
109000226,49,69,-20
109000227,685,162,523
109000228,0,2,-2
109000231,0,18,-18
109000232,362,16,346
109000236,19,40,-21
109000241,574,241,333
109000242,516,100,416
109000293,13,45,-32
109000361,26,5,21
109000364,12,34,-22
109000396,0,45,-45
109000397,690,0,690
109000399,43,151,-108
109000400,58,30,28
109000403,2,831,-829
109000406,50,0,50
109000407,10,57,-47
109000408,0,60,-60
109000410,0,0,0
109000411,83,2,81
109900001,0,0,0
109900002,167,3,164
109900003,229,0,229
109900004,35,9,26
109900005,3,0,3
109900006,187,15,172
109900007,411,1,410
109900008,0,0,0
109900009,0,11,-11
109900010,0,0,0
109900011,2,9,-7
109900012,65,12,53
109900013,75,13,62
109900014,36,1,35
109900015,36,9,27
109900016,28,0,28
109900017,96,24,72
109900018,7,0,7
109900019,15,7,8
109900020,2,1,1
109900021,1,0,1
109900022,11,10,1
109900023,32,0,32
109900024,0,0,0
109900025,3,0,3
109900026,0,10,-10
109900027,0,4,-4
109900028,29,214,-185
109900029,0,16,-16
109900030,4,2,2
109900031,0,65,-65
109900032,0,0,0
109900033,0,74,-74
109900034,2,3,-1
109900035,4,6,-2
109900036,0,0,0
109900037,0,0,0
109900038,2,25,-23
109900039,23,5,18
109900040,0,0,0
109900041,1,2,-1
109900042,0,0,0
109900044,10,23,-13
109900045,27,8,19
109900046,12,2,10
109900047,7,44,-37
109900048,2,1,1
109900049,0,1,-1
109900050,0,2,-2
109900051,0,0,0
109900052,2,21,-19
109900053,0,5,-5
109900054,450,17,433
109900055,19,14,5
109900056,0,0,0
109900057,0,4,-4
109900058,0,0,0
109900059,516,10,506
109900060,97,3,94
109900061,2,6,-4
109900062,0,0,0
109900063,5,107,-102
109900064,126,27,99
109900065,4,21,-17
109900066,0,9,-9
109900067,0,0,0
109900068,131,3,128
109900069,0,0,0
109900070,2,16,-14
109900071,0,0,0
109900072,0,11,-11
109900073,131,9,122
109900074,0,2,-2
109900075,0,0,0
109900076,1,10,-9
109900077,4,27,-23
109900078,8,6,2
109900080,26,9,17
109900081,0,20,-20
109900082,13,3,10
109900083,1,2,-1
109900084,0,0,0
109900085,16,22,-6
109900086,2,161,-159
109900087,12,35,-23
109900089,61,8,53
109900090,54,51,3
109900091,156,2,154
109900092,0,0,0
109900093,104,3,101
109900094,0,0,0
109900095,20,27,-7
109900096,57,0,57
109900097,29,0,29
109900098,187,2,185
109900099,188,1,187
109900100,0,0,0
109900101,399,1,398
109900102,0,0,0
109900103,10,2,8
109900104,566,20,546
109900105,0,0,0
109900106,0,0,0
109900107,0,0,0
109900108,0,0,0
109900109,0,0,0
109900110,8,1,7
109900111,47,29,18
109900112,40,29,11
109900113,303,166,137
109900114,172,46,126
109900115,83,7,76
109900117,493,20,473
109900118,20,38,-18
109900119,31,15,16
109900120,15,0,15
109900121,15,18,-3
109900122,308,0,308
109900123,0,3,-3
109900124,5,7,-2
109900125,0,19,-19
109900126,94,2,92
109900128,94,1,93
109900130,275,259,16
109900131,1,25,-24
109900132,0,4,-4
109900133,9,12,-3
109900134,0,0,0
109900135,0,0,0
109900136,0,0,0
109900137,45,24,21
109900138,54,32,22
109900140,25,6,19
109900141,106,36,70
109900142,223,19,204
109900145,0,43,-43
109900146,6,4,2
109900148,25,6,19
109900149,0,0,0
109900150,0,1,-1
109900151,0,0,0
109900152,0,5,-5
109900153,0,22,-22
109900154,6,2,4
109900155,12,1,11
109900157,19,13,6
109900158,1,6,-5
109900159,21,3,18
109900160,11,0,11
109900161,42,3,39
109900162,68,22,46
109900163,121,39,82
109900164,57,102,-45
109900165,4,0,4
109900166,1,46,-45
109900167,12,33,-21
109900168,65,32,33
109900169,0,0,0
109900170,3,267,-264
109900171,28,23,5
109900172,6,43,-37
109900173,44,274,-230
109900174,2,7,-5
109900175,0,0,0
109900176,0,0,0
109900177,0,0,0
109900178,0,0,0
109900179,0,0,0
109900180,0,0,0
110000001,124,99,25
110000002,513,823,-310
110000003,141,181,-40
110000004,456,908,-452
110000005,362,1180,-818
110000006,68,558,-490
110000007,14,4,10
110000008,1,22,-21
110000009,2,1,1
110000010,18,47,-29
110000011,3,8,-5
110000012,95,262,-167
110000013,32,229,-197
110000014,353,66,287
110000015,83,294,-211
110000016,268,654,-386
110000017,920,389,531
110000018,355,100,255
110000019,3,14,-11
110000020,212,69,143
110000021,63,37,26
110000022,273,4,269
110000023,2,21,-19
110000024,92,63,29
110000025,400,0,400
110000026,0,58,-58
110000027,191,335,-144
110000028,406,106,300
110000029,70,130,-60
110000030,105,267,-162
110000031,34,66,-32
110000032,408,71,337
110000033,19,11,8
110000034,161,158,3
110000035,209,138,71
110000036,440,172,268
110000037,45,103,-58
110000038,100,220,-120
110000039,563,1408,-845
110000040,123,50,73
110000041,219,1209,-990
110000042,60,110,-50
110000043,414,240,174
110000044,17,51,-34
110000045,159,89,70
110000046,12,3,9
110000047,5,32,-27
110000048,10,6,4
110000049,1,13,-12
110000050,1,17,-16
110000051,0,5,-5
110000052,55,81,-26
110000053,3,7,-4
110000054,30,83,-53
110000055,104,43,61
110000056,101,90,11
110000057,43,81,-38
110000058,429,349,80
110000059,108,120,-12
110000060,896,357,539
110000061,168,120,48
110000062,790,307,483
110000063,96,59,37
110000064,39,12,27
110000065,68,44,24
110000066,58,5,53
110000067,12,8,4
110000068,25,26,-1
110000069,304,1,303
110000071,179,0,179
110000073,1,5,-4
110000075,1,5,-4
110000076,165,87,78
110000077,93,220,-127
110000078,99,0,99
110000080,50,105,-55
110000081,7,49,-42
110000082,2,82,-80
110000083,106,108,-2
110000084,431,484,-53
110000085,697,379,318
110000086,449,812,-363
110000087,9,31,-22
110000088,47,89,-42
110000089,219,33,186
110000090,28,57,-29
110000091,63,40,23
110000092,1,24,-23
110000093,46,11,35
110000094,286,16,270
110000095,101,296,-195
110000096,297,253,44
110000097,523,908,-385
110000098,694,154,540
110000099,190,242,-52
110000100,577,7,570
110000101,0,37,-37
110000102,79,26,53
110000104,169,86,83
110000105,55,39,16
110000106,92,227,-135
110000107,19,86,-67
110000108,25,137,-112
110000109,3,36,-33
110000110,890,1513,-623
110000111,1048,1230,-182
110000112,87,226,-139
110000113,48,660,-612
110000114,107,336,-229
110000115,120,89,31
110000116,38,7,31
110000117,138,58,80
110000118,346,28,318
110000119,66,33,33
110000120,86,36,50
110000121,8,83,-75
110000122,87,101,-14
110000123,222,230,-8
110000124,0,158,-158
110000125,409,0,409
110000126,159,10,149
110000127,378,21,357
110000128,1,143,-142
110000129,1,33,-32
110000130,125,25,100
110000131,39,29,10
110000132,0,55,-55
110000133,2,64,-62
110000134,0,75,-75
110000135,60,7,53
110000136,3,38,-35
110000137,279,13,266
110000138,129,58,71
110000139,617,47,570
110000140,444,176,268
110000143,149,57,92
110000144,947,456,491
110000145,333,236,97
110000146,596,131,465
110000147,19,325,-306
110000148,256,97,159
110000151,111,240,-129
110000152,158,535,-377
110000153,0,0,0
110000154,4,41,-37
110000155,379,552,-173
110000156,190,362,-172
110000157,178,473,-295
110000160,182,69,113
110000161,56,73,-17
110000166,384,15,369
110000167,784,358,426
110000168,549,372,177
110000169,410,107,303
110000170,74,75,-1
110000171,262,65,197
110000172,126,173,-47
110000173,189,203,-14
110000174,43,128,-85
110000175,430,10,420
110000176,53,351,-298
110000177,102,421,-319
110000178,312,943,-631
110000179,245,86,159
110000180,67,87,-20
110000181,180,82,98
110000182,65,20,45
110000183,2348,3018,-670
110000184,100,1362,-1262
110000185,130,254,-124
110000186,95,249,-154
110000191,860,69,791
110000192,315,3,312
110000193,567,4,563
110000194,2,90,-88
110000195,276,17,259
110000196,139,5,134
110000197,43,9,34
110000198,48,6,42
110000199,13,31,-18
110000200,145,39,106
110000201,224,403,-179
110000202,519,115,404
110000203,49,25,24
110000204,1,46,-45
110000205,190,8,182
110000206,67,74,-7
110000207,753,60,693
110000208,22,62,-40
110000209,29,53,-24
110000210,959,174,785
110000211,486,244,242
110000212,184,503,-319
110000213,99,13,86
110000214,116,13,103
110000215,9,64,-55
110000216,12,69,-57
110000217,200,36,164
110000218,52,59,-7
110000219,131,8,123
110000220,4,29,-25
110000221,222,2,220
110000222,9,63,-54
110000223,17,42,-25
110000224,0,1,-1
110000225,70,117,-47
110000226,130,12,118
110000227,62,132,-70
110000228,86,11,75
110000229,1,26,-25
110000230,355,263,92
110000231,88,75,13
110000232,55,72,-17
110000233,155,107,48
110000234,221,122,99
110000235,379,324,55
110000236,0,0,0
110000237,411,144,267
110000238,471,181,290
110000239,423,194,229
110000240,0,0,0
110000242,0,0,0
110000243,46,2,44
110000244,6,45,-39
110000245,0,73,-73
110000246,328,111,217
110000247,271,365,-94
110000248,264,105,159
110000249,51,2,49
110000250,1,36,-35
110000251,169,98,71
110000252,196,20,176
110000253,557,195,362
110000254,224,75,149
110000255,43,56,-13
110000256,122,76,46
110000257,102,13,89
110000258,0,16,-16
110000259,31,2,29
110000260,18,49,-31
110000263,178,26,152
110000264,327,97,230
110000265,1021,362,659
110000266,661,517,144
110000267,0,0,0
110000268,70,1,69
110000269,0,0,0
110000270,97,0,97
110000271,276,18,258
110000272,219,177,42
110000273,190,261,-71
110000274,81,760,-679
110000275,253,61,192
110000276,135,205,-70
110000277,194,52,142
110000278,155,98,57
110000279,604,97,507
110000280,383,92,291
110000281,47,2,45
110000282,59,0,59
110000283,1,31,-30
110000284,0,0,0
110000285,2,12,-10
110000286,3,0,3
110000287,84,0,84
110000288,0,0,0
110000289,45,1048,-1003
110000290,76,74,2
110000291,260,314,-54
110000292,371,1900,-1529
110000293,393,209,184
110000294,750,474,276
110000295,61,173,-112
110000296,297,61,236
110000297,930,30,900
110000298,0,41,-41
110000299,23,6,17
110000301,253,2,251
110000302,68,60,8
110000303,319,3,316
110000304,12,19,-7
110000305,570,2,568
110000306,12,82,-70
110000307,659,2,657
110000308,436,64,372
110000309,1,68,-67
110000310,622,25,597
110000311,1,165,-164
110000312,271,24,247
110000313,507,89,418
110000314,0,28,-28
110000315,296,636,-340
110000316,8,273,-265
110000317,27,36,-9
110000318,0,24,-24
110000319,11,9,2
110000320,1,28,-27
110000321,1,20,-19
110000322,56,103,-47
110000323,282,69,213
110000324,143,64,79
110000325,880,1227,-347
110000327,226,117,109
110000328,28,30,-2
110000333,303,361,-58
110000334,74,163,-89
110000335,180,128,52
110000336,68,97,-29
110000337,1000,122,878
110000338,256,77,179
110000339,300,27,273
110000340,2,15,-13
110000341,216,5,211
110000342,36,0,36
110000343,0,0,0
110000344,2,20,-18
110000345,37,40,-3
110000346,554,569,-15
110000347,842,271,571
110000348,0,6,-6
110000349,1,4,-3
110000350,5,0,5
110000351,833,152,681
110000352,203,553,-350
110000353,1015,163,852
110000354,140,736,-596
110000355,75,2,73
110000356,313,0,313
110000357,200,21,179
110000361,0,0,0
110000362,117,14,103
110000363,233,3,230
110000364,211,101,110
110000365,46,0,46
110000366,0,53,-53
110000367,211,64,147
110000368,0,22,-22
110000369,39,0,39
110000373,0,31,-31
110000374,17,21,-4
110000375,58,108,-50
110000376,12,17,-5
110000377,48,224,-176
110000378,1,113,-112
110000379,1059,1258,-199
110000380,100,12,88
110000383,0,77,-77
110000384,314,12,302
110000385,0,29,-29
110000387,26,0,26
110000388,2,25,-23
110000389,589,48,541
110000391,438,18,420
110000396,59,1,58
110000397,48,8,40
110000398,0,19,-19
110000399,122,0,122
110000587,106,26,80
110000589,108,9,99
110000640,95,14,81
110000652,1,57,-56
110000653,34,31,3
110000654,0,0,0
110000656,0,0,0
110000674,0,0,0
110000675,0,0,0
110000676,0,0,0
110000679,0,0,0
110000682,72,112,-40
110000683,217,95,122
110000684,0,0,0
110000685,10,2,8
110000686,0,0,0
110000687,4,0,4
110000688,1,186,-185
110000689,33,13,20
110000692,3,11,-8
110000693,3,109,-106
110000694,0,0,0
110000695,1,44,-43
110000696,80,3,77
110900001,49,0,49
110900002,42,3,39
110900003,256,1,255
110900004,252,7,245
110900005,0,0,0
110900006,1,3,-2
110900007,40,13,27
110900008,0,0,0
110900009,12,60,-48
110900010,0,0,0
110900011,0,2,-2
110900012,0,0,0
110900013,225,9,216
110900014,25,0,25
110900015,17,164,-147
110900016,0,0,0
110900017,191,5,186
110900018,82,0,82
110900019,6,1,5
110900020,0,0,0
110900021,0,0,0
110900022,0,0,0
110900023,8,15,-7
110900024,0,0,0
110900025,0,0,0
110900027,0,0,0
110900028,0,0,0
110900029,0,0,0
110900030,0,0,0
110900031,0,0,0
110900032,0,0,0
110900033,2,2,0
110900035,0,0,0
110900036,8,2,6
110900037,24,1,23
110900038,0,0,0
110900039,0,0,0
110900040,61,0,61
110900041,0,0,0
110900042,0,0,0
110900043,0,0,0
110900044,0,0,0
110900045,0,0,0
110900046,0,0,0
110900047,0,0,0
110900049,13,6,7
110900050,2,0,2
110900051,0,0,0
110900052,0,0,0
110900053,0,0,0
110900054,0,1,-1
110900055,11,0,11
110900056,0,0,0
110900057,0,0,0
110900058,0,0,0
110900059,2,2,0
110900060,34,8,26
110900061,0,0,0
110900062,0,0,0
110900063,0,8,-8
110900064,0,0,0
110900065,0,4,-4
110900066,0,12,-12
110900067,0,0,0
110900068,0,0,0
110900069,1,4,-3
110900070,0,0,0
110900071,0,0,0
110900073,0,0,0
110900074,112,1,111
110900075,65,1,64
110900077,368,50,318
110900078,0,0,0
110900079,92,195,-103
110900080,52,3,49
110900081,0,0,0
110900082,18,6,12
110900083,5,4,1
110900084,0,0,0
110900085,3,12,-9
110900086,4,20,-16
110900087,21,17,4
110900088,11,0,11
110900090,0,0,0
110900091,0,0,0
110900093,0,0,0
110900095,6,3,3
110900097,7,0,7
110900098,1,1,0
110900099,12,47,-35
110900100,1,1,0
110900102,17,1,16
110900105,47,14,33
110900108,11,13,-2
110900111,13,1,12
110900112,150,8,142
110900113,62,4,58
110900115,1,3,-2
110900116,202,59,143
110900118,0,507,-507
110900119,45,1,44
110900120,0,0,0
110900121,7,0,7
110900122,14,2,12
110900125,72,107,-35
110900127,0,0,0
110900128,1,4,-3
110900129,13,83,-70
110900130,0,79,-79
110900131,23,3,20
110900132,79,4,75
110900133,0,0,0
110900135,0,2,-2
110900136,57,0,57
110900137,0,0,0
110900138,29,23,6
110900139,0,24,-24
110900140,1,0,1
110900141,0,4,-4
110900142,0,0,0
110900143,37,10,27
110900144,0,0,0
110900145,16,15,1
110900146,50,50,0
110900147,0,0,0
110900148,0,0,0
110900149,0,0,0
110900150,2,11,-9
110900151,0,0,0
110900152,4,23,-19
110900153,51,17,34
111000001,381,216,165
111000002,75,20,55
111000003,656,448,208
111000004,7,19,-12
111000005,604,798,-194
111000006,33,39,-6
111000007,1141,1265,-124
111000008,165,101,64
111000009,68,219,-151
111000010,661,374,287
111000011,74,208,-134
111000012,70,341,-271
111000013,123,332,-209
111000014,536,218,318
111000017,1,70,-69
111000018,4,22,-18
111000020,68,203,-135
111000021,19,27,-8
111000023,54,52,2
111000025,298,606,-308
111000029,2,39,-37
111000030,2,3,-1
111000031,1021,494,527
111000032,440,118,322
111000033,159,37,122
111000034,24,92,-68
111000037,301,503,-202
111000038,467,401,66
111000039,520,410,110
111000040,497,461,36
111000041,68,217,-149
111000042,306,806,-500
111000043,1272,1229,43
111000044,915,150,765
111000045,1650,687,963
111000046,738,731,7
111000047,1378,2747,-1369
111000049,14,27,-13
111000050,100,106,-6
111000051,74,89,-15
111000052,58,84,-26
111000053,10,81,-71
111000054,15,66,-51
111000055,296,271,25
111000056,66,59,7
111000057,30,53,-23
111000058,268,24,244
111000059,252,105,147
111000060,3269,379,2890
111000061,425,157,268
111000062,871,90,781
111000063,617,296,321
111000064,841,175,666
111000065,952,205,747
111000066,474,100,374
111000067,216,82,134
111000068,60,122,-62
111000069,143,194,-51
111000070,87,45,42
111000071,3,2,1
111000072,713,324,389
111000073,141,668,-527
111000074,872,501,371
111000075,345,116,229
111000076,613,110,503
111000077,608,396,212
111000078,539,134,405
111000079,448,114,334
111000080,207,162,45
111000081,293,1064,-771
111000082,266,110,156
111000084,197,241,-44
111000085,379,450,-71
111000086,469,278,191
111000087,388,150,238
111000088,621,517,104
111000089,304,227,77
111000090,231,227,4
111000091,161,117,44
111000092,778,219,559
111000093,353,159,194
111000094,617,197,420
111000095,324,944,-620
111000096,431,2992,-2561
111000097,219,219,0
111000098,87,100,-13
111000099,94,149,-55
111000100,51,85,-34
111000101,71,108,-37
111000102,5,41,-36
111000104,405,23,382
111000107,0,81,-81
111000109,250,15,235
111000110,364,114,250
111000111,1601,72,1529
111000112,1152,50,1102
111000113,434,819,-385
111000114,369,1279,-910
111000115,1238,239,999
111000116,285,85,200
111000117,100,83,17
111000118,229,96,133
111000119,624,97,527
111000120,246,130,116
111000121,76,121,-45
111000122,201,137,64
111000123,325,327,-2
111000124,153,321,-168
111000125,91,105,-14
111000126,64,81,-17
111000127,500,23,477
111000128,1558,51,1507
111000129,1521,241,1280
111000130,1813,202,1611
111000131,1491,117,1374
111000132,1233,500,733
111000133,89,4,85
111000134,116,9,107
111000135,13,50,-37
111000136,337,65,272
111000138,1,3,-2
111000140,0,0,0
111000141,31,13,18
111000142,0,5,-5
111000143,0,10,-10
111000144,1,33,-32
111000145,22,0,22
111000146,20,0,20
111000147,47,2,45
111000148,21,14,7
111000149,0,25,-25
111000150,14,0,14
111000151,5,7,-2
111000153,156,24,132
111000154,27,19,8
111000155,92,43,49
111000156,315,140,175
111000157,97,206,-109
111000158,382,266,116
111000159,599,432,167
111000160,196,98,98
111000161,1,71,-70
111000162,2,21,-19
111000163,113,129,-16
111000164,49,305,-256
111000165,312,45,267
111000166,55,24,31
111000167,17,76,-59
111000168,100,58,42
111000169,125,31,94
111000170,113,57,56
111000171,55,32,23
111000172,49,29,20
111000173,100,95,5
111000174,42,18,24
111000175,4,31,-27
111000176,274,30,244
111000177,367,17,350
111000178,958,68,890
111000179,305,9,296
111000180,215,162,53
111000181,289,51,238
111000182,138,35,103
111000183,63,37,26
111000184,160,19,141
111000185,85,26,59
111000186,106,6,100
111000187,91,11,80
111000188,241,44,197
111000189,18,95,-77
111000190,89,38,51
111000191,61,15,46
111000192,17,39,-22
111000193,31,34,-3
111000194,4,12,-8
111000195,25,59,-34
111000196,18,24,-6
111000197,225,13,212
111000198,243,6,237
111000199,106,75,31
111000200,525,172,353
111000201,284,19,265
111000202,200,15,185
111000203,243,61,182
111000204,199,253,-54
111000213,148,168,-20
111000214,493,263,230
111000215,308,173,135
111000217,878,155,723
111000218,608,253,355
111000219,28,31,-3
111000220,248,118,130
111000221,62,107,-45
111000224,0,4,-4
111000225,386,182,204
111000226,9,0,9
111000227,1,2,-1
111000228,2,431,-429
111000229,3,661,-658
111000230,72,18,54
111000231,485,34,451
111000232,312,156,156
111000233,339,61,278
111000234,41,138,-97
111000239,0,0,0
111000240,42,103,-61
111000241,0,0,0
111000242,90,40,50
111000243,0,0,0
111000244,328,11,317
111000245,394,31,363
111000246,276,69,207
111000247,275,74,201
111000248,484,69,415
111000249,263,52,211
111000250,19,37,-18
111000251,123,48,75
111000253,2,1,1
111000255,17,0,17
111000257,19,4,15
111000260,1,63,-62
111000261,579,21,558
111000271,5,33,-28
111000273,458,346,112
111000274,503,347,156
111000275,28,7,21
111000276,69,301,-232
111000277,94,65,29
111000278,333,37,296
111000291,567,4309,-3742
111000298,162,68,94
111000299,74,5,69
111000300,22,18,4
111000302,143,27,116
111000303,82,59,23
111000312,56,1,55
111000315,0,8,-8
111000320,32,89,-57
111000321,254,59,195
111000322,184,41,143
111000323,127,19,108
111000324,134,43,91
111000325,2,11,-9
111000326,65,54,11
111000327,146,91,55
111000328,89,95,-6
111000329,0,32,-32
111000330,4,18,-14
111000331,1,7,-6
111000332,181,258,-77
111000334,49,171,-122
111000335,414,8,406
111000337,702,3,699
111000338,33,3,30
111000339,216,12,204
111000340,9,61,-52
111000341,685,134,551
111000342,2,33,-31
111000344,653,127,526
111000345,15,7,8
111000346,1,17,-16
111000347,116,0,116
111000350,58,129,-71
111000351,18,188,-170
111000352,62,33,29
111000353,8,126,-118
111000354,94,8,86
111000355,22,146,-124
111000358,46,48,-2
111000360,74,22,52
111000361,38,11,27
111000546,63,0,63
111000547,204,29,175
111000548,14,12,2
111000549,148,24,124
111000550,0,84,-84
111000551,24,20,4
111000552,113,13,100
111000907,108,0,108
111000908,46,8,38
111000916,617,1,616
111000917,2,11,-9
111000918,50,35,15
111000920,88,3,85
111000921,1,13,-12
111000922,110,8,102
111000924,5,116,-111
111000925,2589,1172,1417
111000926,660,298,362
111000927,1850,2331,-481
111000928,1272,523,749
111000929,1446,532,914
111000930,421,655,-234
111000931,1844,693,1151
111000932,890,762,128
111000933,2388,1316,1072
111000934,393,565,-172
111000935,1327,390,937
111000936,322,426,-104
111000937,909,558,351
111000938,536,350,186
111000939,506,8,498
111000940,376,11,365
111000941,214,16,198
111000943,327,68,259
111000944,10,48,-38
111000945,223,22,201
111001109,263,202,61
111001110,42,1,41
111001111,23,1,22
111001112,207,0,207
111001113,1,35,-34
111001114,105,5,100
111001115,0,0,0
111001116,448,2389,-1941
111001117,32,107,-75
111001120,57,20,37
111001121,5,27,-22
111001122,54,18,36
111001123,59,35,24
111900001,11,0,11
111900002,0,10,-10
111900003,0,16,-16
111900004,0,16,-16
111900006,0,0,0
111900007,0,0,0
111900008,0,0,0
111900009,40,3,37
111900010,6,9,-3
111900012,1,3,-2
111900013,3,15,-12
111900014,396,1937,-1541
111900015,0,1,-1
111900016,0,2,-2
111900017,0,1,-1
111900018,49,22,27
111900019,0,40,-40
111900020,0,16,-16
111900021,0,11,-11
111900022,1,1,0
111900023,74,6,68
111900024,0,10,-10
111900025,0,6,-6
111900026,0,2,-2
111900027,0,1,-1
111900028,0,0,0
111900029,0,2,-2
111900030,0,0,0
111900031,8,0,8
111900032,0,0,0
111900033,0,0,0
111900034,0,0,0
111900035,0,0,0
111900036,0,0,0
111900038,0,0,0
111900039,0,0,0
111900040,0,0,0
111900042,0,0,0
111900043,0,0,0
111900044,0,0,0
111900046,0,1,-1
111900048,219,49,170
111900049,0,0,0
111900050,0,0,0
111900051,0,12,-12
111900052,0,1,-1
111900053,29,652,-623
111900054,0,0,0
111900055,7,61,-54
111900056,23,72,-49
111900057,55,6,49
111900058,293,26,267
111900059,75,33,42
111900060,0,0,0
111900061,1,15,-14
111900062,45,9,36
111900063,7,0,7
111900064,17,27,-10
111900065,57,7,50
111900066,13,0,13
111900067,0,0,0
111900068,12,18,-6
111900069,26,43,-17
111900070,30,0,30
111900071,0,0,0
111900072,43,1,42
111900073,97,19,78
111900074,0,0,0
111900075,80,3,77
111900076,14,10,4
111900077,20,3,17
111900078,86,12,74
111900079,22,8,14
111900080,0,0,0
111900081,0,0,0
111900082,341,33,308
111900083,98,8,90
111900084,102,13,89
111900085,0,0,0
111900086,202,11,191
111900087,27,2,25
111900088,218,9,209
111900089,35,0,35
111900090,0,0,0
111900091,648,1,647
111900092,114,0,114
111900093,147,3,144
111900094,17,0,17
111900095,0,0,0
111900096,170,1,169
111900097,50,0,50
111900098,94,2,92
111900099,63,0,63
111900100,0,0,0
111900101,23,1,22
111900102,178,1,177
111900103,0,0,0
111900104,0,0,0
111900105,20,1,19
111900106,43,9,34
111900107,0,0,0
111900108,0,0,0
111900109,0,0,0
111900110,0,0,0
111900111,132,8,124
111900112,0,0,0
111900113,47,19,28
111900114,36,12,24
111900115,2,1,1
111900118,9,8,1
111900119,13,11,2
111900122,4,7,-3
111900123,2,4,-2
111900124,27,4,23
111900125,31,9,22
111900126,69,0,69
111900127,0,0,0
111900128,0,0,0
111900129,63,5,58
111900130,8,13,-5
111900131,64,0,64
111900132,0,0,0
111900133,0,0,0
111900134,0,1,-1
111900135,0,0,0
111900136,0,0,0
111900137,6,18,-12
111900138,0,25,-25
111900139,3,3,0
111900140,142,16,126
111900141,91,2,89
111900142,55,9,46
111900143,0,0,0
111900144,0,0,0
111900145,0,0,0
111900146,0,0,0
111900147,0,0,0
111900148,0,0,0
111900149,0,0,0
111900150,0,0,0
111900151,4,0,4
111900152,0,0,0
111900153,0,0,0
111900154,0,0,0
111900155,0,0,0
111900156,0,0,0
111900157,0,0,0
111900158,0,0,0
111900159,0,0,0
111900160,7,0,7
111900161,0,0,0
111900162,0,0,0
111900163,0,0,0
111900164,0,0,0
111901113,164,3,161
111901114,103,2,101
111901115,0,0,0
111901116,0,0,0
111901117,0,0,0
111901118,0,0,0
111901119,3,0,3
111901120,0,0,0
111901121,0,0,0
111901122,1,0,1
111901123,47,1,46
111901124,0,0,0
111901125,183,34,149
111901126,0,0,0
111901127,0,0,0
111901128,0,0,0
111901129,0,0,0
111901130,0,0,0
111901131,1,91,-90
111901132,0,0,0
111901133,0,0,0
111901134,0,0,0
111901135,0,0,0
111901136,0,0,0
111901137,0,0,0
111901138,0,0,0
111901139,0,0,0
111901140,0,0,0
111901141,0,0,0
111901142,0,0,0
111901143,0,0,0
111901144,0,0,0
111901145,0,1,-1
112000001,1417,639,778
112000002,112,250,-138
112000003,799,402,397
112000004,100,104,-4
112000005,3160,1973,1187
112000006,144,77,67
112000007,2637,1731,906
112000008,2030,2908,-878
112000009,1871,757,1114
112000010,1123,2828,-1705
112000011,785,446,339
112000012,2782,4568,-1786
112000013,1061,682,379
112000014,321,2785,-2464
112000015,316,851,-535
112000016,558,1371,-813
112000017,139,727,-588
112000024,105,72,33
112000026,455,510,-55
112000027,417,616,-199
112000028,321,106,215
112000029,171,579,-408
112000030,6,1,5
112000031,406,1828,-1422
112000032,14,0,14
112000033,427,1305,-878
112000034,13,6,7
112000035,1,58,-57
112000036,60,519,-459
112000037,49,130,-81
112000038,209,420,-211
112000039,23,33,-10
112000040,31,62,-31
112000041,106,193,-87
112000042,400,31,369
112000050,878,950,-72
112000051,644,908,-264
112000054,379,501,-122
112000057,20,101,-81
112000058,41,197,-156
112000059,270,184,86
112000061,887,294,593
112000062,246,463,-217
112000063,313,378,-65
112000064,803,700,103
112000065,430,231,199
112000066,720,698,22
112000067,90,109,-19
112000068,1132,875,257
112000069,62,346,-284
112000070,336,296,40
112000071,229,242,-13
112000072,1044,256,788
112000073,134,235,-101
112000074,496,257,239
112000075,799,628,171
112000076,1040,312,728
112000077,891,219,672
112000078,1112,259,853
112000079,1320,627,693
112000080,295,301,-6
112000081,377,538,-161
112000082,687,650,37
112000083,300,487,-187
112000084,683,346,337
112000085,887,392,495
112000086,1683,416,1267
112000087,303,113,190
112000088,487,178,309
112000089,157,78,79
112000090,117,91,26
112000091,196,110,86
112000092,1372,100,1272
112000093,374,117,257
112000094,642,139,503
112000095,354,91,263
112000096,654,178,476
112000097,1165,327,838
112000098,40,44,-4
112000099,233,1072,-839
112000100,1364,159,1205
112000101,42,58,-16
112000102,641,89,552
112000103,76,47,29
112000105,31,159,-128
112000106,938,64,874
112000107,8,39,-31
112000108,154,337,-183
112000109,50,31,19
112000110,566,201,365
112000111,110,380,-270
112000112,1315,81,1234
112000113,115,144,-29
112000114,1025,195,830
112000115,137,21,116
112000116,46,30,16
112000117,44,53,-9
112000118,159,114,45
112000119,87,103,-16
112000120,2,22,-20
112000121,118,178,-60
112000122,277,48,229
112000123,421,27,394
112000124,279,15,264
112000125,149,79,70
112000126,307,117,190
112000127,894,979,-85
112000128,115,401,-286
112000129,107,10,97
112000130,40,10,30
112000131,42,9,33
112000132,4,16,-12
112000133,233,11,222
112000134,123,60,63
112000135,626,89,537
112000136,145,274,-129
112000137,739,172,567
112000138,248,247,1
112000139,83,259,-176
112000140,37,75,-38
112000141,330,86,244
112000142,18,70,-52
112000143,654,58,596
112000144,47,128,-81
112000145,1639,152,1487
112000146,92,185,-93
112000147,1354,554,800
112000148,165,219,-54
112000149,202,100,102
112000150,9,12,-3
112000151,143,48,95
112000152,33,6,27
112000153,33,26,7
112000154,61,0,61
112000155,53,28,25
112000157,26,299,-273
112000158,120,38,82
112000159,97,70,27
112000167,25,17,8
112000169,40,457,-417
112000173,398,14,384
112000175,183,97,86
112000176,629,445,184
112000177,139,20,119
112000178,33,49,-16
112000179,85,13,72
112000180,12,2,10
112000181,356,124,232
112000182,976,59,917
112000183,23,12,11
112000184,274,17,257
112000185,44,19,25
112000187,863,286,577
112000195,60,4,56
112000196,46,0,46
112000197,3,29,-26
112000198,1,25,-24
112000199,9,88,-79
112000202,207,0,207
112000216,21,6,15
112000230,48,0,48
112000231,0,3,-3
112000256,59,115,-56
112000313,16,10,6
112000314,23,6,17
112000337,15,95,-80
112000352,2,25,-23
112000392,857,825,32
112000398,803,352,451
112000399,282,2803,-2521
112000400,253,449,-196
112000401,544,605,-61
112000402,2156,3233,-1077
112000403,480,2544,-2064
112000404,394,864,-470
112000405,2086,1821,265
112000406,990,650,340
112000407,4018,2734,1284
112000408,1474,880,594
112000409,449,761,-312
112000410,0,0,0
112000411,262,37,225
112000412,1,0,1
112000413,105,278,-173
112000414,39,3,36
112000415,38,3,35
112000416,1781,560,1221
112000417,126,46,80
112000421,5,8,-3
112000422,63,24,39
112000424,181,658,-477
112000425,14,104,-90
112000426,21,33,-12
112000427,0,6,-6
112000428,51,32,19
112000429,772,1026,-254
112000430,1084,1637,-553
112000431,79,101,-22
112000432,106,73,33
112000433,195,306,-111
112000437,84,101,-17
112900001,21,0,21
112900002,148,10,138
112900003,24,2,22
112900004,36,0,36
112900005,70,0,70
112900006,0,0,0
112900007,100,4,96
112900008,1,4,-3
112900009,57,2,55
112900010,39,1,38
112900011,0,0,0
112900012,0,2,-2
112900013,0,40,-40
112900014,0,0,0
112900015,3,12,-9
112900016,0,1,-1
112900017,0,9,-9
112900018,0,0,0
112900019,0,0,0
112900020,23,41,-18
112900021,0,0,0
112900022,4,3,1
112900023,0,0,0
112900024,0,0,0
112900025,6,5,1
112900026,0,0,0
112900027,0,0,0
112900028,0,0,0
112900029,38,15,23
112900030,0,0,0
112900031,0,0,0
112900032,0,0,0
112900034,5,9,-4
112900035,0,0,0
112900036,1,0,1
112900037,0,0,0
112900038,41,0,41
112900039,0,0,0
112900040,0,0,0
112900041,17,80,-63
112900042,0,0,0
112900043,1,0,1
112900044,3,0,3
112900045,0,0,0
112900046,0,0,0
112900047,0,0,0
112900049,0,0,0
112900050,11,0,11
112900051,0,0,0
112900052,0,0,0
112900053,0,0,0
112900054,2,0,2
112900055,0,0,0
112900056,0,0,0
112900057,0,0,0
112900058,16,34,-18
112900059,0,0,0
112900060,0,0,0
112900061,0,0,0
112900062,0,0,0
112900063,0,0,0
112900064,0,0,0
112900065,0,0,0
112900066,51,30,21
112900067,0,1,-1
112900068,0,0,0
112900069,0,0,0
112900071,0,0,0
112900072,1,45,-44
112900073,33,21,12
112900074,0,0,0
112900075,42,3,39
112900076,0,0,0
112900078,0,0,0
112900079,0,0,0
112900080,0,0,0
112900081,0,10,-10
112900082,47,1,46
112900083,0,0,0
112900084,0,0,0
112900085,0,0,0
112900086,0,0,0
112900087,59,0,59
112900088,32,0,32
112900089,218,3,215
112900090,0,0,0
112900091,0,0,0
112900092,0,0,0
112900093,0,0,0
112900094,0,0,0
112900095,0,0,0
112900096,74,10,64
112900097,0,2,-2
112900098,12,0,12
112900099,312,0,312
112900100,0,0,0
112900101,0,0,0
112900102,0,0,0
112900103,0,0,0
112900104,0,0,0
112900105,0,0,0
112900106,19,0,19
112900107,5,0,5
112900108,0,0,0
112900109,0,0,0
112900110,0,0,0
112900111,0,0,0
112900112,0,0,0
112900113,0,0,0
112900114,1,0,1
112900115,549,0,549
112900116,23,1,22
112900117,0,0,0
112900118,0,0,0
112900119,0,0,0
112900120,0,0,0
112900121,0,0,0
112900122,0,0,0
112900123,0,0,0
112900124,0,0,0
112900125,0,1,-1
112900126,9,11,-2
112900127,0,0,0
112900128,0,0,0
112900129,0,56,-56
112900130,0,0,0
112900131,0,0,0
112900132,0,0,0
112900133,0,68,-68
112900134,0,37,-37
112900135,0,0,0
112900136,0,0,0
112900137,0,53,-53
112900138,0,10,-10
112900139,0,0,0
112900140,0,0,0
112900141,248,0,248
112900142,0,0,0
112900143,0,0,0
112900144,0,0,0
112900145,0,0,0
112900146,0,0,0
112900147,0,0,0
112900148,0,0,0
112900149,0,0,0
112900151,0,0,0
112900152,502,56,446
112900153,2,69,-67
112900154,0,0,0
112900155,9,0,9
112900156,29,0,29
112900157,173,0,173
112900158,1,0,1
112900159,0,0,0
112900160,0,0,0
112900161,0,0,0
112900162,0,0,0
112900163,0,0,0
112900164,0,0,0
112900165,0,0,0
112900166,0,0,0
112900167,0,0,0
112900168,0,0,0
112900169,0,0,0
112900170,0,0,0
112900172,0,0,0
112900173,1,1,0
112900174,0,0,0
112900175,0,0,0
112900176,1,0,1
112900177,0,0,0
112900178,0,0,0
112900179,2,56,-54
112900180,413,133,280
112900181,0,0,0
112900182,0,0,0
112900183,0,0,0
112900184,50,63,-13
112900185,0,44,-44
112900186,33,76,-43
112900187,0,0,0
112900188,35,20,15
112900189,0,0,0
112900190,0,0,0
112900192,87,39,48
112900193,100,31,69
112900194,0,0,0
112900195,144,5,139
112900196,53,4,49
112900197,7,12,-5
112900199,67,0,67
112900200,21,0,21
112900201,5,1,4
112900202,3,17,-14
112900203,2,1,1
112900204,15,9,6
112900205,6,0,6
112900206,2,0,2
112900207,1,0,1
112900208,1,11,-10
112900209,0,0,0
112900210,0,0,0
112900211,0,0,0
112900212,0,0,0
112900213,0,0,0
112900214,0,0,0
112900215,0,1,-1
112900216,0,0,0
112900217,0,0,0
112900218,33,0,33
112900219,8,0,8
112900220,0,0,0
112900221,6,3,3
112900222,0,4,-4
112900223,162,0,162
112900224,25,0,25
112900225,3,0,3
112900226,0,0,0
112900227,184,0,184
112900228,64,1,63
112900229,0,0,0
112900230,315,167,148
112900232,1,3,-2
112900233,0,0,0
112900234,0,0,0
112900235,0,0,0
112900236,0,0,0
112900237,47,2,45
112900238,0,0,0
112900239,0,0,0
113000001,1733,1777,-44
113000002,1793,1796,-3
113000003,365,912,-547
113000004,466,970,-504
113000005,334,285,49
113000006,256,714,-458
113000007,488,263,225
113000008,435,488,-53
113000009,326,268,58
113000010,582,364,218
113000011,396,200,196
113000012,676,162,514
113000013,76,86,-10
113000014,174,466,-292
113000015,213,189,24
113000016,35,75,-40
113000017,49,41,8
113000018,90,11,79
113000019,75,20,55
113000020,321,14,307
113000021,675,259,416
113000022,251,334,-83
113000025,0,14,-14
113000026,263,421,-158
113000027,105,294,-189
113000028,113,155,-42
113000029,414,396,18
113000030,0,1,-1
113000031,0,1,-1
113000032,116,88,28
113000033,202,137,65
113000034,3,0,3
113000035,0,0,0
113000036,17,88,-71
113000037,1,1,0
113000038,23,78,-55
113000039,0,16,-16
113000040,3,2,1
113000042,204,241,-37
113000051,369,1121,-752
113000052,395,171,224
113000053,122,87,35
113000054,95,355,-260
113000055,584,174,410
113000056,713,235,478
113000058,145,388,-243
113000059,408,205,203
113000060,184,226,-42
113000061,146,228,-82
113000062,153,132,21
113000063,177,42,135
113000064,85,96,-11
113000065,154,142,12
113000066,513,33,480
113000067,924,104,820
113000068,164,232,-68
113000069,232,252,-20
113000070,799,91,708
113000071,101,158,-57
113000072,295,85,210
113000073,122,276,-154
113000074,278,102,176
113000075,605,97,508
113000076,158,712,-554
113000077,297,409,-112
113000078,182,456,-274
113000079,59,123,-64
113000080,99,193,-94
113000081,229,345,-116
113000082,168,64,104
113000083,362,437,-75
113000084,392,373,19
113000085,322,269,53
113000086,304,380,-76
113000087,427,665,-238
113000088,317,387,-70
113000089,466,928,-462
113000090,68,271,-203
113000091,169,2,167
113000094,563,58,505
113000095,71,67,4
113000096,47,39,8
113000097,227,28,199
113000098,5,28,-23
113000099,540,56,484
113000100,74,47,27
113000101,7,5,2
113000102,176,36,140
113000103,722,163,559
113000104,422,1110,-688
113000105,540,136,404
113000106,148,92,56
113000107,511,437,74
113000108,561,387,174
113000109,139,397,-258
113000110,587,226,361
113000111,20,126,-106
113000112,63,238,-175
113000113,696,254,442
113000114,3,328,-325
113000116,107,107,0
113000117,157,231,-74
113000118,25,244,-219
113000119,109,141,-32
113000120,13,373,-360
113000121,75,129,-54
113000124,149,77,72
113000125,4,461,-457
113000127,146,15,131
113000128,107,320,-213
113000129,0,0,0
113000133,457,2,455
113000134,8,546,-538
113000135,1871,1777,94
113000137,661,1109,-448
113000139,266,55,211
113000140,0,0,0
113000141,350,70,280
113000142,166,125,41
113000143,150,173,-23
113000144,14,47,-33
113000145,91,96,-5
113000146,1,0,1
113000147,50,6,44
113000148,239,62,177
113000149,62,103,-41
113000150,24,24,0
113000151,1,1,0
113000152,10,238,-228
113000153,192,137,55
113000154,110,499,-389
113000155,150,196,-46
113000156,69,73,-4
113000157,98,125,-27
113000158,62,17,45
113000159,325,25,300
113000160,222,165,57
113000161,127,117,10
113000162,0,0,0
113000163,72,45,27
113000164,0,0,0
113000166,152,12,140
113000167,0,0,0
113000168,0,0,0
113000169,142,13,129
113000170,80,19,61
113000171,0,0,0
113000172,117,3,114
113000173,27,2,25
113000174,0,0,0
113000175,295,21,274
113000176,347,29,318
113000177,0,0,0
113000178,0,0,0
113000179,196,22,174
113000180,387,754,-367
113000181,531,351,180
113000182,10,58,-48
113000183,80,299,-219
113000184,0,0,0
113000189,5,97,-92
113000190,256,69,187
113000192,286,982,-696
113000193,587,659,-72
113000194,266,578,-312
113000195,422,787,-365
113000196,156,121,35
113000197,403,913,-510
113000198,8,100,-92
113000199,292,174,118
113000201,13,13,0
113000202,572,201,371
113000203,39,6,33
113000204,132,980,-848
113000205,0,0,0
113000206,1,14,-13
113000207,0,0,0
113000208,7,33,-26
113000209,0,0,0
113000210,0,17,-17
113000211,47,28,19
113000212,37,0,37
113000213,6,22,-16
113000214,2,5,-3
113000234,7,76,-69
113000410,0,71,-71
113000411,734,1655,-921
113000412,1027,654,373
113000413,1099,878,221
113000414,1608,3740,-2132
113000415,490,639,-149
113000416,1033,609,424
113000417,239,464,-225
113000418,1789,1797,-8
113000419,507,1018,-511
113000420,1433,1935,-502
113000421,2537,3860,-1323
113000422,3682,2961,721
113000423,783,1558,-775
113000424,1001,3646,-2645
113000425,3,67,-64
113000428,121,6,115
113000430,0,0,0
113000432,798,27,771
113000433,33,111,-78
113000434,0,5,-5
113000435,0,19,-19
113000436,0,57,-57
113000437,479,3,476
113000438,67,5,62
113000439,0,0,0
113000440,3,2,1
113000441,100,13,87
113000442,0,0,0
113000443,55,0,55
113000444,0,0,0
113000445,17,3,14
113000446,0,0,0
113000448,0,0,0
113000449,12,116,-104
113000450,19,459,-440
113000451,10,0,10
113000452,32,94,-62
113000453,0,0,0
113000454,34,22,12
113000455,0,0,0
113000456,131,48,83
113000468,172,29,143
113000469,30,101,-71
113000470,141,22,119
113000471,1,155,-154
113000472,15,22,-7
113000474,564,535,29
113000475,503,617,-114
113000476,699,1097,-398
113000477,2116,1067,1049
113000478,1557,1289,268
113000479,1,34,-33
113000480,42,125,-83
113000482,0,0,0
113000485,0,0,0
113000486,0,0,0
113000487,0,0,0
113000488,0,0,0
113000489,0,0,0
113000490,0,0,0
113000491,0,0,0
113000492,0,0,0
113000493,0,0,0
113000495,0,0,0
113000496,3,9,-6
113000497,0,0,0
113000499,0,0,0
113000500,0,0,0
113900001,0,0,0
113900002,0,0,0
113900003,0,0,0
113900004,0,0,0
113900005,0,0,0
113900006,0,0,0
113900007,0,0,0
113900008,0,0,0
113900009,0,0,0
113900010,0,0,0
113900011,0,0,0
113900012,0,0,0
113900013,0,0,0
113900014,183,23,160
113900015,0,0,0
113900016,1,0,1
113900017,0,0,0
113900018,0,0,0
113900019,1,0,1
113900020,95,0,95
113900022,17,0,17
113900023,0,0,0
113900024,0,0,0
113900025,38,7,31
113900026,0,0,0
113900027,0,0,0
113900028,0,0,0
113900029,0,0,0
113900030,93,1,92
113900031,3,0,3
113900032,0,0,0
113900033,0,0,0
113900035,0,0,0
113900036,0,0,0
113900037,0,0,0
113900038,0,0,0
113900039,64,24,40
113900040,0,0,0
113900041,0,0,0
113900042,0,0,0
113900043,0,0,0
113900044,3,36,-33
113900045,0,0,0
113900046,1,0,1
113900047,0,0,0
113900048,0,0,0
113900049,0,0,0
113900050,4,33,-29
113900051,0,0,0
113900052,2,2,0
113900053,35,128,-93
113900054,0,0,0
113900055,3,0,3
113900056,0,0,0
113900057,0,0,0
113900058,0,0,0
113900059,0,0,0
113900060,2,2,0
113900061,14,27,-13
113900062,0,0,0
113900063,0,0,0
113900064,0,0,0
113900065,188,12,176
113900066,0,0,0
113900067,20,1,19
113900068,166,157,9
113900069,0,0,0
113900070,0,0,0
113900071,0,0,0
113900072,0,0,0
113900073,35,54,-19
113900074,20,11,9
113900075,125,226,-101
113900076,0,0,0
113900077,0,0,0
113900078,0,0,0
113900079,0,0,0
113900080,4,8,-4
113900081,0,0,0
113900082,0,0,0
113900083,119,40,79
113900084,14,14,0
113900085,0,0,0
113900086,0,0,0
113900087,0,0,0
113900088,0,0,0
113900089,125,2,123
113900090,6,5,1
113900091,0,0,0
113900092,0,0,0
113900093,0,0,0
113900094,28,14,14
113900095,10,11,-1
113900096,0,0,0
113900097,0,0,0
113900098,241,20,221
113900099,0,0,0
113900100,0,0,0
113900101,0,0,0
113900102,0,0,0
113900103,53,50,3
113900104,34,47,-13
113900105,1,0,1
113900106,0,0,0
113900107,0,0,0
113900108,0,0,0
113900109,6,0,6
113900110,0,0,0
113900111,0,0,0
113900112,6,1,5
113900113,11,4,7
113900114,0,0,0
113900115,0,0,0
113900116,0,0,0
113900117,2,0,2
113900118,0,48,-48
113900119,21,92,-71
113900120,0,0,0
113900121,0,0,0
113900122,33,1078,-1045
113900123,0,0,0
113900124,0,0,0
113900125,17,0,17
113900126,0,0,0
113900127,0,0,0
113900128,0,0,0
113900129,2,28,-26
113900130,0,0,0
113900131,0,0,0
113900132,0,0,0
113900133,0,0,0
113900135,5,3,2
113900136,0,0,0
113900137,0,1,-1
113900138,0,0,0
113900139,0,0,0
113900140,28,20,8
113900141,0,0,0
113900142,0,0,0
113900143,0,0,0
113900144,40,19,21
113900145,0,0,0
113900146,0,0,0
113900148,0,0,0
113900149,0,0,0
113900150,114,32,82
113900151,0,0,0
113900152,0,1,-1
113900153,0,0,0
113900154,0,0,0
113900155,0,0,0
113900156,0,0,0
113900157,0,15,-15
113900158,0,0,0
113900159,0,0,0
113900160,0,0,0
113900161,0,0,0
113900162,9,30,-21
113900163,0,0,0
113900164,0,0,0
113900165,0,0,0
113900166,0,8,-8
113900167,0,0,0
113900168,0,0,0
113900169,0,0,0
113900171,0,0,0
113900172,0,0,0
113900173,2,39,-37
113900174,0,0,0
113900175,123,4,119
113900176,0,0,0
113900177,2,2,0
113900178,0,0,0
113900179,0,52,-52
113900180,8,3,5
113900181,70,1,69
113900182,0,0,0
113900183,1,4,-3
113900184,1,33,-32
113900185,1,1,0
113900186,0,0,0
113900187,0,5,-5
113900188,0,0,0
113900189,0,0,0
113900190,0,0,0
113900191,0,0,0
113900192,0,0,0
113900193,0,12,-12
113900194,47,12,35
113900195,0,0,0
113900196,0,0,0
113900197,2,26,-24
113900198,0,0,0
113900199,2,29,-27
113900200,0,0,0
113900201,0,9,-9
113900202,0,0,0
113900203,0,7,-7
113900204,0,3,-3
113900205,0,0,0
113900206,0,0,0
113900207,0,0,0
113900208,0,0,0
113900209,0,0,0
113900210,0,0,0
113900211,0,0,0
113900212,117,8,109
113900214,5,14,-9
113900215,143,2,141
113900216,0,0,0
113900217,0,0,0
113900218,0,0,0
113900219,0,0,0
113900220,0,0,0
113900221,12,22,-10
113900222,0,0,0
113900223,0,0,0
113900224,0,0,0
113900225,45,6,39
113900226,8,1,7
113900227,20,7,13
113900228,0,0,0
113900229,0,47,-47
113900230,100,19,81
113900231,0,0,0
113900232,0,0,0
113900233,0,0,0
113900234,0,0,0
113900235,0,0,0
113900236,59,0,59
113900237,0,0,0
113900238,0,52,-52
113900239,0,0,0
113900240,0,0,0
113900241,0,0,0
113900242,0,0,0
113900243,1,3,-2
113900244,19,6,13
113900245,11,7,4
113900246,0,11,-11
113900247,29,186,-157
113900248,0,0,0
113900249,35,73,-38
113900250,1,30,-29
113900251,169,5,164
113900252,119,2,117
113900253,99,9,90
113900254,172,30,142
113900255,385,9,376
113900256,179,2,177
113900257,0,52,-52
113900258,0,27,-27
113900259,106,15,91
113900260,201,6,195
113900261,3,0,3
113900262,64,19,45
113900263,0,4,-4
113900264,0,3,-3
113900265,21,0,21
113900266,31,1,30
113900267,0,0,0
113900268,8,22,-14
113900269,0,0,0
113900270,0,0,0
113900271,0,0,0
113900273,1,0,1
113900274,16,0,16
113900275,0,0,0
113900276,0,6,-6
113900277,54,0,54
113900278,0,0,0
113900279,0,0,0
113900280,29,23,6
113900281,12,86,-74
113900282,0,2,-2
113900283,0,0,0
113900284,319,90,229
113900285,17,0,17
113900286,0,0,0
113900287,0,0,0
113900288,0,0,0
113900289,0,0,0
113900290,0,0,0
113900291,0,0,0
113900292,0,0,0
113900293,0,0,0
113900294,273,4,269
113900295,64,39,25
113900296,71,13,58
113900297,383,4,379
113900298,0,0,0
113900299,14,0,14
113900300,624,10,614
113900301,36,1,35
113900302,70,6,64
113900303,0,0,0
113900304,0,0,0
113900305,64,1,63
113900306,3,0,3
113900307,0,0,0
113900308,2,0,2
113900309,0,12,-12
113900310,0,0,0
113900311,1,0,1
113900312,0,0,0
113900313,0,0,0
114000001,447,343,104
114000002,81,54,27
114000003,34,14,20
114000004,60,6,54
114000005,26,3,23
114000006,222,274,-52
114000007,228,158,70
114000008,241,273,-32
114000009,258,101,157
114000011,1568,363,1205
114000012,1881,261,1620
114000013,1148,400,748
114000014,51,21,30
114000015,287,18,269
114000016,24,47,-23
114000017,18,47,-29
114000018,13,12,1
114000026,1069,284,785
114000027,1695,612,1083
114000028,694,1216,-522
114000038,6,2,4
114000039,0,0,0
114000040,28,62,-34
114000042,6,72,-66
114000043,61,10,51
114000044,89,13,76
114000045,0,2,-2
114000046,341,462,-121
114000047,14,77,-63
114000048,35,61,-26
114000049,685,389,296
114000050,368,383,-15
114000051,732,778,-46
114000052,559,782,-223
114000053,166,187,-21
114000054,25,296,-271
114000055,34,2,32
114000056,2,71,-69
114000057,544,670,-126
114000058,0,16,-16
114000059,1,30,-29
114000060,66,124,-58
114000061,634,1263,-629
114000062,196,396,-200
114000063,107,210,-103
114000064,313,521,-208
114000065,256,406,-150
114000066,238,302,-64
114000067,17,201,-184
114000068,74,182,-108
114000069,251,33,218
114000070,1133,669,464
114000071,87,27,60
114000072,150,14,136
114000073,30,33,-3
114000074,30,0,30
114000075,52,20,32
114000076,24,34,-10
114000077,0,3,-3
114000078,12,27,-15
114000079,29,0,29
114000080,4,55,-51
114000081,14,92,-78
114000082,34,56,-22
114000083,0,0,0
114000084,75,66,9
114000085,12,28,-16
114000086,8,39,-31
114000087,0,0,0
114000088,22,13,9
114000089,40,37,3
114000090,243,331,-88
114000091,294,212,82
114000092,139,81,58
114000093,472,172,300
114000094,198,155,43
114000095,53,131,-78
114000096,22,31,-9
114000097,69,27,42
114000098,252,70,182
114000099,226,36,190
114000100,1511,109,1402
114000101,226,60,166
114000102,222,53,169
114000103,49,62,-13
114000104,0,35,-35
114000105,17,9,8
114000106,166,248,-82
114000107,162,12,150
114000108,255,16,239
114000109,500,582,-82
114000110,2,7,-5
114000111,1092,277,815
114000112,4,11,-7
114000113,620,190,430
114000114,3,16,-13
114000115,777,668,109
114000116,554,583,-29
114000117,2292,190,2102
114000118,1996,174,1822
114000119,1904,243,1661
114000120,310,195,115
114000121,1,12,-11
114000122,146,30,116
114000123,1026,99,927
114000124,414,93,321
114000125,351,353,-2
114000126,691,57,634
114000127,61,59,2
114000128,468,89,379
114000130,184,367,-183
114000131,129,25,104
114000132,124,98,26
114000133,100,100,0
114000134,0,0,0
114000138,0,0,0
114000139,66,143,-77
114000144,180,162,18
114000145,0,0,0
114000146,0,0,0
114000147,771,1542,-771
114000148,283,873,-590
114000149,81,89,-8
114000150,14,9,5
114000151,84,724,-640
114000152,3,22,-19
114000153,101,451,-350
114000154,138,91,47
114000155,443,907,-464
114000156,274,397,-123
114000157,63,349,-286
114000158,84,79,5
114000159,24,38,-14
114000160,16,36,-20
114000161,256,753,-497
114000162,870,1121,-251
114000163,0,0,0
114000165,72,249,-177
114000166,87,79,8
114000167,637,228,409
114000168,18,2,16
114000169,432,517,-85
114000170,449,367,82
114000171,990,2563,-1573
114000174,7,3,4
114000176,32,0,32
114000177,128,14,114
114000178,75,20,55
114000179,493,354,139
114000180,50,9,41
114000181,349,2157,-1808
114000182,484,261,223
114000183,230,34,196
114000184,161,137,24
114000185,804,503,301
114000189,827,93,734
114000190,2650,463,2187
114000191,56,221,-165
114000192,0,1,-1
114000193,0,0,0
114000194,857,451,406
114000195,234,91,143
114000196,0,0,0
114000197,1579,4,1575
114000198,0,0,0
114000199,1,106,-105
114000200,214,120,94
114000201,49,64,-15
114000202,622,381,241
114000203,212,391,-179
114000204,0,0,0
114000205,28,129,-101
114000206,38,101,-63
114000207,117,162,-45
114000208,132,81,51
114000209,53,175,-122
114000210,63,266,-203
114000211,1486,585,901
114000212,419,480,-61
114000213,1322,339,983
114000214,14,0,14
114000215,22,3,19
114000216,471,204,267
114000217,274,89,185
114000218,97,7,90
114000219,570,45,525
114000220,0,4,-4
114000221,432,45,387
114000222,5,84,-79
114000223,465,43,422
114000224,21,69,-48
114000225,63,40,23
114000226,157,93,64
114000227,757,327,430
114000228,814,135,679
114000229,610,349,261
114000230,1535,350,1185
114000231,533,573,-40
114000232,708,91,617
114000233,1608,29,1579
114000234,1076,406,670
114000235,782,357,425
114000236,0,0,0
114000237,79,232,-153
114000238,10,309,-299
114000239,70,269,-199
114000240,590,638,-48
114000241,79,233,-154
114000242,273,248,25
114000243,1165,810,355
114000244,341,123,218
114000245,122,136,-14
114000246,0,0,0
114000247,373,259,114
114000248,962,402,560
114000249,672,340,332
114000250,223,41,182
114000251,226,19,207
114000252,38,17,21
114000253,34,8,26
114000254,0,0,0
114000255,4,58,-54
114000256,99,251,-152
114000257,27,198,-171
114000258,129,48,81
114000259,0,5,-5
114000260,0,0,0
114000261,48,13,35
114000262,0,0,0
114000263,8,0,8
114000264,274,27,247
114000265,0,0,0
114000267,3,403,-400
114000268,0,0,0
114000270,106,6,100
114000271,136,26,110
114000283,478,81,397
114000285,0,0,0
114000288,6,3,3
114000289,319,10,309
114000293,83,16,67
114000294,73,139,-66
114000395,479,44,435
114000396,210,98,112
114000402,328,79,249
114000403,327,62,265
114000405,202,52,150
114000423,311,79,232
114000424,179,88,91
114000425,527,83,444
114000426,377,695,-318
114000427,34,4,30
114000428,21,49,-28
114000429,34,7,27
114000432,95,15,80
114000434,1,25,-24
114000435,0,0,0
114000436,109,49,60
114000437,206,2227,-2021
114900001,212,37,175
114900002,68,5,63
114900003,224,80,144
114900004,38,67,-29
114900005,83,68,15
114900006,2,5,-3
114900007,81,0,81
114900008,21,13,8
114900010,0,0,0
114900011,63,9,54
114900013,27,6,21
114900015,4,32,-28
114900018,35,2,33
114900020,2,4,-2
114900022,3,13,-10
114900024,8,4,4
114900025,85,13,72
114900026,15,6,9
114900027,41,7,34
114900029,3,0,3
114900030,84,8,76
114900031,87,0,87
114900032,127,2,125
114900033,38,114,-76
114900034,0,0,0
114900035,7,9,-2
114900036,65,25,40
114900037,0,0,0
114900038,0,0,0
114900039,0,0,0
114900040,0,0,0
114900041,0,0,0
114900042,0,0,0
114900043,0,0,0
114900044,5,2,3
114900046,0,0,0
114900047,0,0,0
114900048,0,0,0
114900049,0,0,0
114900050,0,0,0
114900051,0,0,0
114900052,0,0,0
114900053,0,0,0
114900054,0,0,0
114900057,5,4,1
114900058,0,0,0
114900059,8,9,-1
114900060,5,29,-24
114900061,0,0,0
114900062,8,10,-2
114900063,0,0,0
114900064,0,0,0
114900065,0,0,0
114900067,0,0,0
114900068,0,0,0
114900069,0,0,0
114900070,129,13,116
114900072,0,0,0
114900073,0,0,0
114900074,257,3,254
114900075,34,2,32
114900076,0,0,0
114900080,148,33,115
114900082,406,23,383
114900083,0,0,0
114900090,110,20,90
114900091,0,0,0
114900095,0,0,0
114900096,0,4,-4
114900097,13,0,13
114900098,0,4,-4
114900099,17,1,16
115000001,677,782,-105
115000002,2112,3350,-1238
115000003,528,361,167
115000004,2281,3524,-1243
115000005,132,150,-18
115000006,489,746,-257
115000007,59,357,-298
115000008,228,184,44
115000009,225,334,-109
115000010,153,190,-37
115000013,0,0,0
115000015,0,0,0
115000016,4,324,-320
115000019,52,284,-232
115000020,9,197,-188
115000021,2,100,-98
115000022,15,47,-32
115000023,432,438,-6
115000024,68,16,52
115000025,609,262,347
115000026,11,2,9
115000027,297,107,190
115000028,11,35,-24
115000029,798,17,781
115000030,7,75,-68
115000031,604,37,567
115000032,0,0,0
115000033,130,1,129
115000034,0,0,0
115000035,541,10,531
115000036,0,0,0
115000037,320,6,314
115000038,46,263,-217
115000039,562,1061,-499
115000040,1029,691,338
115000041,453,1588,-1135
115000042,307,100,207
115000043,1593,805,788
115000044,982,304,678
115000045,555,205,350
115000046,1962,1075,887
115000047,1960,505,1455
115000048,459,344,115
115000049,395,582,-187
115000050,1810,646,1164
115000051,810,2512,-1702
115000052,337,447,-110
115000053,1005,2025,-1020
115000054,313,181,132
115000055,17,159,-142
115000056,69,52,17
115000057,77,330,-253
115000058,58,88,-30
115000059,23,252,-229
115000061,59,96,-37
115000062,28,6,22
115000063,12,7,5
115000064,277,17,260
115000065,2,4,-2
115000067,77,12,65
115000069,27,4,23
115000070,2,82,-80
115000071,60,32,28
115000072,0,0,0
115000073,760,79,681
115000075,50,29,21
115000076,725,496,229
115000077,606,332,274
115000078,693,309,384
115000079,384,336,48
115000080,1726,392,1334
115000081,33,41,-8
115000082,2470,1717,753
115000083,765,308,457
115000084,2035,225,1810
115000085,232,175,57
115000086,704,242,462
115000087,125,384,-259
115000088,992,271,721
115000089,177,142,35
115000090,349,247,102
115000091,194,131,63
115000092,397,204,193
115000093,505,1,504
115000094,2059,3271,-1212
115000095,1178,2635,-1457
115000096,307,262,45
115000097,805,633,172
115000098,729,70,659
115000099,1412,358,1054
115000100,1152,201,951
115000101,34,56,-22
115000102,431,114,317
115000103,177,122,55
115000105,64,54,10
115000106,301,211,90
115000107,10,53,-43
115000108,319,343,-24
115000109,1393,2753,-1360
115000110,829,815,14
115000111,161,550,-389
115000112,271,127,144
115000113,191,360,-169
115000114,269,210,59
115000116,468,482,-14
115000117,454,371,83
115000118,343,741,-398
115000119,357,320,37
115000120,115,964,-849
115000121,315,238,77
115000122,345,381,-36
115000123,176,1673,-1497
115000124,163,298,-135
115000125,115,331,-216
115000126,112,230,-118
115000127,107,32,75
115000128,38,352,-314
115000129,129,130,-1
115000130,229,80,149
115000131,321,68,253
115000132,211,31,180
115000133,190,52,138
115000134,132,10,122
115000135,43,7,36
115000136,76,32,44
115000137,2,6,-4
115000138,219,69,150
115000139,9,6,3
115000140,351,82,269
115000141,50,10,40
115000142,70,15,55
115000143,806,231,575
115000144,269,22,247
115000145,56,34,22
115000146,313,117,196
115000147,62,28,34
115000148,71,97,-26
115000149,156,216,-60
115000150,185,84,101
115000151,512,249,263
115000152,208,130,78
115000153,587,200,387
115000154,447,91,356
115000155,166,135,31
115000156,177,350,-173
115000157,76,105,-29
115000158,120,64,56
115000159,77,92,-15
115000160,213,228,-15
115000161,401,261,140
115000162,659,503,156
115000163,89,34,55
115000164,8,86,-78
115000165,172,372,-200
115000167,139,9,130
115000168,198,173,25
115000169,17,6,11
115000170,2,0,2
115000171,177,175,2
115000172,36,59,-23
115000173,41,157,-116
115000174,39,125,-86
115000175,3,16,-13
115000176,16,33,-17
115000177,0,61,-61
115000178,1,21,-20
115000179,6,44,-38
115000180,2,28,-26
115000181,493,17,476
115000182,549,62,487
115000183,15,16,-1
115000186,162,16,146
115000187,82,15,67
115000188,277,68,209
115000189,94,9,85
115000190,348,140,208
115000191,10,30,-20
115000194,0,0,0
115000195,45,41,4
115000196,118,5,113
115000197,72,51,21
115000198,520,29,491
115000199,111,49,62
115000200,169,20,149
115000201,14,29,-15
115000206,462,3,459
115000207,0,0,0
115000208,13,20,-7
115000209,554,88,466
115000210,71,39,32
115000211,16,26,-10
115000212,188,61,127
115000224,57,7,50
115000225,43,19,24
115000229,54,31,23
115000230,15,212,-197
115000231,219,139,80
115000232,1311,177,1134
115000233,44,1,43
115000234,2,31,-29
115000241,5,8,-3
115000242,54,3,51
115000243,5,17,-12
115000244,21,6,15
115000246,2,3,-1
115000247,1,1,0
115000248,0,1,-1
115000249,1,0,1
115000250,132,9,123
115000251,93,3,90
115000252,8,48,-40
115000253,0,93,-93
115000258,58,10,48
115000259,27,11,16
115000261,3,1,2
115000262,3,13,-10
115000263,0,5,-5
115000264,3,9,-6
115000267,16,10,6
115000268,0,0,0
115000269,63,16,47
115000270,5,4,1
115000272,6,4,2
115000273,119,3,116
115000280,272,736,-464
115000281,0,1,-1
115000282,209,1171,-962
115000284,12,31,-19
115000296,209,5,204
115000297,21,489,-468
115000298,0,0,0
115000300,141,25,116
115000302,241,54,187
115000303,550,25,525
115000304,409,32,377
115000305,10,20,-10
115000306,48,12,36
115000307,14,8,6
115000308,0,0,0
115000309,0,8,-8
115000310,384,134,250
115000311,934,288,646
115000313,7,9,-2
115000314,167,131,36
115000315,8,32,-24
115000316,18,27,-9
115000317,44,38,6
115000318,638,27,611
115000319,0,13,-13
115000320,1,45,-44
115000321,102,1,101
115000322,0,15,-15
115000449,32,79,-47
115000557,0,0,0
115000558,149,29,120
115000587,218,130,88
115000588,108,105,3
115000589,1503,848,655
115000590,49,66,-17
115000591,373,297,76
115000592,72,50,22
115000593,859,356,503
115000594,18,32,-14
115000609,96,90,6
115000617,76,548,-472
115000624,70,0,70
115000633,481,283,198
115000634,1328,380,948
115000635,394,53,341
115000638,0,67,-67
115000641,5,12,-7
115000642,190,26,164
115000643,7,0,7
115000644,30,0,30
115000646,181,344,-163
115000647,27,59,-32
115000648,964,73,891
115000893,814,499,315
115000894,0,15,-15
115000895,3,3,0
115000896,431,184,247
115000897,108,16,92
115000898,168,107,61
115000899,1,14,-13
115000900,4,139,-135
115000901,0,0,0
115000912,114,49,65
115000913,0,6,-6
115000915,11,0,11
115000916,3,0,3
115000917,0,12,-12
115000918,24,418,-394
115000919,0,16,-16
115000920,0,0,0
115000921,0,0,0
115000922,124,381,-257
115000923,0,3,-3
115000925,8,10,-2
115000927,0,6,-6
115000933,3,5,-2
115000934,25,48,-23
115000935,40,5,35
115900001,66,0,66
115900002,0,2,-2
115900003,29,8,21
115900004,0,0,0
115900005,27,0,27
115900006,3,17,-14
115900008,38,0,38
115900009,5,1,4
115900010,209,1,208
115900011,54,8,46
115900012,41,2,39
115900013,106,5,101
115900014,23,2,21
115900015,30,0,30
115900016,52,3,49
115900017,0,2,-2
115900018,25,1,24
115900019,9,0,9
115900020,93,20,73
115900021,31,2,29
115900022,50,0,50
115900023,6,1,5
115900025,0,2,-2
115900026,145,10,135
115900027,0,0,0
115900028,31,15,16
115900029,0,18,-18
115900030,0,0,0
115900031,1,43,-42
115900032,83,53,30
115900033,0,0,0
115900034,1,12,-11
115900035,0,0,0
115900036,4,245,-241
115900037,1,20,-19
115900038,0,0,0
115900039,14,2,12
115900041,12,107,-95
115900042,0,0,0
115900043,17,1,16
115900044,90,75,15
115900046,228,29,199
115900047,0,21,-21
115900049,53,12,41
115900051,0,0,0
115900052,0,0,0
115900053,170,7,163
115900054,135,1,134
115900055,0,0,0
115900056,7,12,-5
115900057,1,3,-2
115900058,0,0,0
115900060,1,51,-50
115900061,20,0,20
115900062,13,15,-2
115900063,0,0,0
115900064,0,2,-2
115900065,40,2,38
115900066,5,3,2
115900067,1,8,-7
115900068,4,0,4
115900069,4,12,-8
115900070,24,2,22
115900071,0,0,0
115900072,4,19,-15
115900073,29,18,11
115900074,0,0,0
115900075,2,4,-2
115900076,0,0,0
115900077,0,0,0
115900078,28,5,23
115900079,165,2,163
115900080,10,1,9
115900081,17,2,15
115900082,35,23,12
115900084,108,1,107
115900085,0,0,0
115900086,222,41,181
115900088,0,0,0
115900089,335,4,331
115900090,82,0,82
115900091,0,0,0
115900092,0,0,0
115900093,0,0,0
115900094,0,0,0
115900096,0,0,0
115900097,0,0,0
115900098,0,1,-1
115900099,5,1,4
115900100,0,11,-11
115900101,0,0,0
115900102,8,16,-8
115900103,2,1,1
115900104,17,8,9
115900105,80,2,78
115900106,0,0,0
115900107,21,6,15
115900108,0,0,0
115900109,1,74,-73
115900110,0,0,0
115900111,0,0,0
115900112,1,177,-176
115900113,0,0,0
115900114,0,0,0
115900115,0,0,0
115900116,8,99,-91
115900117,0,0,0
115900118,0,0,0
115900119,0,0,0
115900120,6,6,0
115900121,48,8,40
115900124,55,228,-173
115900125,63,17,46
115900126,232,3,229
115900127,448,13,435
115900128,0,1,-1
115900129,133,12,121
115900130,0,6,-6
115900131,104,0,104
115900132,270,0,270
115900134,56,0,56
115900135,113,72,41
115900137,19,0,19
115900139,0,0,0
115900140,72,1,71
115900141,0,0,0
115900142,0,0,0
115900143,0,0,0
115900144,0,0,0
115900146,34,4,30
115900147,120,139,-19
115900148,1,4,-3
115900149,32,0,32
115900150,46,4,42
115900151,5,1,4
115900152,19,25,-6
115900153,29,5,24
115900154,10,82,-72
115900155,0,0,0
115900156,90,110,-20
115900157,64,35,29
115900158,0,0,0
115900159,73,5,68
115900160,0,0,0
115900161,1,48,-47
115900163,41,5,36
115900164,195,1,194
115900165,0,0,0
115900166,10,1,9
115900168,0,0,0
115900171,7,36,-29
115900172,3,10,-7
115900173,52,37,15
115900174,28,36,-8
115900175,123,12,111
115900178,3,11,-8
115900179,60,0,60
115900180,0,2,-2
115900181,60,22,38
115900182,250,14,236
115900183,0,0,0
115900184,93,8,85
115900187,0,12,-12
115900189,0,13,-13
115900190,0,56,-56
115900191,1,82,-81
115900192,0,13,-13
115900193,13,25,-12
115900194,281,2,279
115900195,62,657,-595
115900198,41,53,-12
115900199,29,16,13
115900200,50,10,40
115900201,49,68,-19
115900202,0,59,-59
115900203,14,8,6
115900204,0,0,0
115900205,37,1,36
115900206,0,0,0
115900207,0,0,0
115900208,0,2,-2
115900209,2,10,-8
115900210,0,18,-18
115900211,0,13,-13
115900212,0,0,0
115900213,1,37,-36
115900214,203,24,179
115900215,0,9,-9
115900216,0,0,0
115900217,0,0,0
115900218,0,0,0
115900219,17,0,17
115900220,114,2,112
115900221,60,0,60
115900222,24,10,14
115900223,1,118,-117
115900224,18,398,-380
115900225,34,16,18
115900226,0,0,0
115900227,0,1,-1
115900228,0,1,-1
115900229,1,1,0
115900230,4,1,3
115900231,0,0,0
115900232,0,0,0
115900233,0,0,0
115900234,0,0,0
115900235,0,0,0
115900236,0,0,0
115900237,0,0,0
115900238,0,0,0
115900239,0,0,0
115900240,0,0,0
115900241,0,0,0
115900242,21,133,-112
115900243,1,0,1
115900244,6,1,5
115900245,16,0,16
115900246,0,0,0
115900247,1,0,1
115900248,0,0,0
115900249,0,12,-12
115900250,2,3,-1
115900251,0,0,0
115900252,2,0,2
115900253,9,2,7
115900254,0,10,-10
115900255,0,0,0
115900256,1,1,0
115900257,0,0,0
115900258,0,0,0
115900259,0,0,0
115900260,0,0,0
115900261,0,0,0
115900262,0,0,0
115900263,0,0,0
115900264,0,0,0
115900265,0,0,0
115900266,0,0,0
115900267,0,0,0
115900268,0,0,0
115900269,0,0,0
115900270,49,4,45
115900271,21,0,21
115900272,0,0,0
115900273,0,4,-4
115900274,0,0,0
115900275,0,0,0
115900276,0,0,0
115900277,0,1,-1
115900278,0,0,0
115900279,0,0,0
115900280,65,8,57
115900281,0,0,0
116000001,963,720,243
116000002,3679,11975,-8296
116000003,229,361,-132
116000004,1341,4474,-3133
116000005,238,761,-523
116000006,333,1019,-686
116000007,620,632,-12
116000008,1604,916,688
116000009,299,908,-609
116000010,1118,769,349
116000011,371,878,-507
116000012,916,374,542
116000013,1110,1286,-176
116000014,1780,9257,-7477
116000015,57,318,-261
116000016,729,4328,-3599
116000017,17,495,-478
116000018,82,39,43
116000019,838,141,697
116000020,404,117,287
116000021,280,123,157
116000022,165,121,44
116000023,295,280,15
116000024,273,77,196
116000025,325,363,-38
116000026,593,344,249
116000027,504,628,-124
116000028,991,1978,-987
116000029,157,169,-12
116000030,463,1177,-714
116000031,0,0,0
116000032,258,23,235
116000033,669,228,441
116000034,2927,881,2046
116000035,320,97,223
116000036,49,150,-101
116000037,39,173,-134
116000038,81,341,-260
116000039,42,38,4
116000040,335,386,-51
116000041,29,74,-45
116000042,656,391,265
116000043,48,98,-50
116000044,0,0,0
116000045,3345,2323,1022
116000046,796,382,414
116000047,980,1148,-168
116000048,4974,1541,3433
116000049,2835,1108,1727
116000050,1376,372,1004
116000051,4035,983,3052
116000052,1385,560,825
116000053,4227,574,3653
116000054,558,427,131
116000055,472,193,279
116000056,1923,1816,107
116000057,463,109,354
116000058,516,717,-201
116000059,1029,5707,-4678
116000060,291,401,-110
116000061,133,897,-764
116000062,120,67,53
116000063,256,947,-691
116000066,67,1035,-968
116000067,28,32,-4
116000068,85,313,-228
116000069,157,35,122
116000078,290,760,-470
116000080,499,127,372
116000082,4,36,-32
116000083,596,150,446
116000084,646,1185,-539
116000085,625,422,203
116000086,270,239,31
116000087,1105,688,417
116000088,311,231,80
116000089,65,7,58
116000090,42,69,-27
116000091,31,67,-36
116000093,364,107,257
116000094,170,64,106
116000095,407,91,316
116000096,502,603,-101
116000097,411,101,310
116000098,6,2825,-2819
116000099,996,51,945
116000100,142,4,138
116000101,365,55,310
116000102,150,152,-2
116000103,218,84,134
116000104,91,143,-52
116000105,663,25,638
116000106,368,156,212
116000107,1167,30,1137
116000108,0,8,-8
116000111,42,37,5
116000113,58,12,46
116000114,2,47,-45
116000115,214,29,185
116000116,20,100,-80
116000117,1015,554,461
116000118,453,129,324
116000119,2017,877,1140
116000120,594,318,276
116000121,405,198,207
116000122,71,66,5
116000123,1413,117,1296
116000124,99,97,2
116000125,1627,88,1539
116000126,38,65,-27
116000127,268,50,218
116000128,1063,189,874
116000129,375,18,357
116000130,304,223,81
116000133,429,25,404
116000134,437,230,207
116000135,1811,262,1549
116000136,333,312,21
116000137,516,211,305
116000138,161,250,-89
116000139,1628,1978,-350
116000140,82,214,-132
116000141,81,33,48
116000142,2354,1434,920
116000143,1191,981,210
116000144,1187,902,285
116000145,2378,813,1565
116000146,212,5,207
116000147,171,173,-2
116000148,173,261,-88
116000149,82,73,9
116000151,315,268,47
116000153,233,731,-498
116000155,221,393,-172
116000156,145,109,36
116000157,100,0,100
116000158,349,19,330
116000159,3,1,2
116000160,4,3,1
116000161,6,106,-100
116000162,3,140,-137
116000163,15,2,13
116000164,17,2,15
116000177,11,8,3
116000194,21,89,-68
116000195,617,192,425
116000196,0,0,0
116000197,0,0,0
116000198,1207,953,254
116000200,189,368,-179
116000201,266,51,215
116000202,2,20,-18
116000203,0,7,-7
116000204,0,13,-13
116000205,0,7,-7
116000206,0,8,-8
116000207,6,2,4
116000233,0,0,0
116000287,26,4,22
116000288,198,88,110
116000292,0,0,0
116000296,0,84,-84
116000297,26,0,26
116000304,59,0,59
116000305,1,16,-15
116000346,0,0,0
116000352,0,0,0
116000354,0,0,0
116000357,0,0,0
116000358,6,4,2
116000361,1,0,1
116000372,1928,4261,-2333
116000381,41,11,30
116000388,0,1,-1
116000389,36,4,32
116000445,58,13,45
116000446,544,37,507
116000447,1,62,-61
116000448,236,50,186
116000563,322,1780,-1458
116000565,3,107,-104
116000568,12,124,-112
116000579,4,16,-12
116000584,18,4,14
116000585,4,12,-8
116000586,14,40,-26
116000587,650,226,424
116000589,30,4,26
116000590,50,35,15
116000591,205,34,171
116000592,0,6,-6
116000593,1,0,1
116000594,321,53,268
116000595,170,25,145
116000596,101,11,90
116000597,280,104,176
116000598,0,51,-51
116000602,0,0,0
116000605,22,17,5
116000606,45,76,-31
116000607,0,0,0
116000609,3,303,-300
116000611,43,35,8
116000612,1303,1697,-394
116000613,522,196,326
116000614,26,23,3
116000615,0,0,0
116000616,59,16,43
116000617,224,1,223
116000618,0,2,-2
116000619,2,55,-53
116000620,253,119,134
116000621,71,119,-48
116000622,189,93,96
116000624,30,35,-5
116000627,17,8,9
116000628,11,3,8
116000629,5,21,-16
116000630,228,5,223
116000631,75,1,74
116000632,0,0,0
116000633,3,329,-326
116000634,232,1,231
116000635,1442,1594,-152
116900001,3,1,2
116900002,60,1,59
116900003,0,0,0
116900004,48,41,7
116900005,62,1,61
116900006,95,47,48
116900007,28,4,24
116900008,93,13,80
116900009,13,0,13
116900010,0,49,-49
116900011,0,1,-1
116900012,7,31,-24
116900013,0,25,-25
116900014,0,0,0
116900015,187,8,179
116900016,89,2,87
116900017,0,43,-43
116900018,0,0,0
116900019,0,0,0
116900020,391,111,280
116900023,0,0,0
116900024,351,6,345
116900025,200,67,133
116900026,1,87,-86
116900027,0,0,0
116900028,0,0,0
116900029,0,13,-13
116900031,0,0,0
116900032,0,7,-7
116900033,0,0,0
116900034,0,0,0
116900035,35,7,28
116900036,7,7,0
116900038,0,0,0
116900041,2,0,2
116900042,0,0,0
116900043,4,9,-5
116900045,10,12,-2
116900047,2,44,-42
116900049,0,0,0
116900050,17,7,10
116900051,66,0,66
116900052,19,11,8
116900055,0,1,-1
116900057,0,0,0
116900058,0,5,-5
116900059,1,3,-2
116900060,38,28,10
116900062,0,7,-7
116900064,0,0,0
116900065,0,0,0
116900067,9,0,9
116900068,70,22,48
116900070,0,0,0
116900072,0,0,0
116900073,0,2,-2
116900074,1,12,-11
116900076,2,1,1
116900077,0,6,-6
116900078,0,0,0
116900079,0,31,-31
116900080,0,2,-2
116900081,9,19,-10
116900082,30,56,-26
116900083,0,1,-1
116900084,7,0,7
116900085,19,1,18
116900086,2,15,-13
116900088,23,0,23
116900090,1,0,1
116900091,38,9,29
116900092,20,14,6
116900093,84,71,13
116900094,715,1065,-350
116900095,46,2,44
116900096,34,0,34
116900097,261,809,-548
116900098,15,13,2
116900099,34,40,-6
116900100,344,30,314
116900101,10,36,-26
116900103,0,0,0
116900104,0,5,-5
116900105,58,14,44
116900106,1006,80,926
116900107,615,812,-197
116900110,0,0,0
116900111,492,45,447
116900112,152,50,102
116900113,113,414,-301
116900116,1,7,-6
116900117,2,2,0
116900118,57,15,42
116900120,99,7,92
116900121,93,6,87
116900122,273,33,240
116900123,41,39,2
116900124,10,10,0
116900125,29,5,24
116900126,1,135,-134
116900128,0,0,0
116900129,0,0,0
116900130,19,565,-546
116900131,0,0,0
116900132,18,1,17
116900133,0,0,0
116900134,0,0,0
116900136,0,0,0
116900137,0,0,0
116900138,0,0,0
116900139,0,0,0
116900140,0,0,0
116900141,0,0,0
116900142,0,0,0
116900143,0,0,0
116900144,0,0,0
116900145,0,0,0
116900147,0,0,0
116900148,0,0,0
116900149,0,6,-6
116900150,0,0,0
116900151,0,0,0
116900153,23,2,21
116900154,3,27,-24
116900155,0,0,0
116900157,65,1,64
116900158,4,16,-12
116900159,0,14,-14
116900160,278,147,131
116900161,408,72,336
116900162,1,5,-4
116900163,32,1,31
116900164,3,2,1
116900165,235,73,162
116900166,5,0,5
116900167,99,2,97
116900168,100,2,98
116900169,6,27,-21
116900170,281,65,216
116900171,8,8,0
116900172,2,33,-31
116900173,46,1,45
116900174,9,28,-19
116900175,5,16,-11
116900178,1,3,-2
116900179,3,42,-39
116900180,3,2,1
116900182,71,6,65
116900183,44,16,28
116900185,18,5,13
116900186,6,6,0
116900187,2,5,-3
116900188,31,4,27
116900189,0,0,0
116900191,5,11,-6
116900192,174,31,143
116900194,9,246,-237
116900195,26,0,26
116900196,2,5,-3
116900197,44,0,44
116900198,6,29,-23
116900200,0,0,0
116900201,55,0,55
116900202,10,0,10
116900203,14,0,14
116900204,5,23,-18
116900206,0,0,0
116900207,4,0,4
116900208,0,8,-8
116900209,17,2,15
116900210,20,5,15
116900211,40,0,40
116900212,0,0,0
116900213,33,11,22
116900214,0,0,0
116900215,1,10,-9
116900216,2,2,0
116900218,0,16,-16
116900219,278,34,244
116900220,9,10,-1
116900221,0,0,0
116900222,309,121,188
116900223,27,11,16
116900226,97,2,95
116900227,42,0,42
116900228,151,10,141
116900230,3,26,-23
116900231,2,24,-22
116900232,0,6,-6
116900233,108,14,94
116900234,19,0,19
116900235,0,1,-1
116900238,117,13,104
116900239,2,91,-89
116900240,237,90,147
116900241,1,18,-17
116900242,35,245,-210
116900243,0,2,-2
116900245,14,5,9
116900246,26,1,25
116900247,283,8,275
116900248,29,2,27
116900249,146,18,128
116900250,81,8,73
116900251,22,62,-40
116900252,54,21,33
116900253,14,7,7
116900254,0,0,0
116900255,0,0,0
116900256,0,0,0
116900257,0,0,0
116900258,0,0,0
116900259,24,0,24
116900260,0,0,0
116900261,7,0,7
116900262,22,1,21
116900263,0,0,0
116900264,0,0,0
116900265,15,0,15
116900266,0,0,0
116900267,0,0,0
116900268,0,20,-20
116900269,307,197,110
116900271,0,0,0
116900272,77,24,53
116900273,0,2,-2
116900274,25,7,18
116900275,1,1,0
116900276,172,128,44
116900277,46,2,44
116900278,1,0,1
116900279,1,0,1
116900280,1,0,1
116900281,592,878,-286
116900282,0,7,-7
116900283,1,1,0
116900284,1,11,-10
116900285,3,59,-56
116900286,23,2,21
116900287,0,0,0
116900288,5,3,2
116900289,0,0,0
116900290,0,0,0
116900291,0,0,0
116900292,0,0,0
116900293,0,0,0
116900294,0,0,0
116900295,0,0,0
116900296,0,0,0
116900297,0,0,0
116900298,0,0,0
116900299,0,0,0
116900300,0,0,0
116900301,0,0,0
116900302,0,0,0
116900303,17,0,17
116900304,0,0,0
116900305,0,7,-7
116900306,110,3,107
117000001,3312,1899,1413
117000002,1556,1141,415
117000003,4373,1624,2749
117000004,1370,1130,240
117000005,3416,1060,2356
117000006,550,751,-201
117000007,3921,622,3299
117000008,438,1148,-710
117000009,2751,703,2048
117000010,665,657,8
117000011,1708,578,1130
117000012,792,250,542
117000013,1537,398,1139
117000014,473,1374,-901
117000015,845,972,-127
117000016,81,108,-27
117000017,64,103,-39
117000018,9,619,-610
117000019,12,3,9
117000020,221,1545,-1324
117000021,743,131,612
117000022,105,225,-120
117000023,31,262,-231
117000024,81,297,-216
117000025,12,256,-244
117000026,1290,1561,-271
117000027,86,221,-135
117000028,247,386,-139
117000030,320,277,43
117000031,228,123,105
117000032,1071,533,538
117000033,935,1014,-79
117000034,349,94,255
117000035,254,92,162
117000036,153,228,-75
117000037,364,46,318
117000038,233,358,-125
117000039,152,138,14
117000040,27,194,-167
117000041,895,28,867
117000044,0,123,-123
117000045,208,93,115
117000046,196,266,-70
117000047,523,335,188
117000048,398,194,204
117000049,23,313,-290
117000050,81,356,-275
117000051,1809,35,1774
117000052,28,68,-40
117000053,469,7,462
117000054,1331,12,1319
117000055,3,295,-292
117000056,339,43,296
117000057,154,178,-24
117000060,190,105,85
117000061,2079,834,1245
117000062,90,61,29
117000063,1960,510,1450
117000064,476,143,333
117000066,346,144,202
117000067,41,373,-332
117000074,2,124,-122
117000076,24,66,-42
117000077,23,37,-14
117000078,162,36,126
117000079,195,28,167
117000080,0,0,0
117000081,284,74,210
117000082,4,33,-29
117000083,39,3,36
117000084,35,0,35
117000085,210,122,88
117000086,253,80,173
117000087,1,263,-262
117000088,270,124,146
117000089,1827,201,1626
117000090,101,199,-98
117000091,1023,76,947
117000092,117,195,-78
117000093,2014,158,1856
117000094,190,242,-52
117000095,3521,158,3363
117000096,288,260,28
117000097,1960,288,1672
117000098,510,429,81
117000099,3758,364,3394
117000100,54,70,-16
117000101,80,77,3
117000102,2392,273,2119
117000103,169,216,-47
117000104,1561,221,1340
117000105,123,218,-95
117000106,2082,228,1854
117000107,173,249,-76
117000108,2139,833,1306
117000109,557,416,141
117000110,2222,1845,377
117000111,3078,2778,300
117000112,1830,794,1036
117000113,35,52,-17
117000114,199,36,163
117000115,22,17,5
117000116,155,19,136
117000117,652,128,524
117000118,119,113,6
117000119,45,154,-109
117000120,1,177,-176
117000121,1,298,-297
117000122,20,428,-408
117000123,197,107,90
117000124,11,20,-9
117000125,26,28,-2
117000126,6,2,4
117000127,30,4,26
117000128,16,26,-10
117000129,128,50,78
117000130,21,2,19
117000131,0,0,0
117000132,2585,14,2571
117000133,2189,24,2165
117000134,0,0,0
117000135,0,0,0
117000136,0,0,0
117000137,255,122,133
117000138,0,0,0
117000140,62,101,-39
117000141,2176,229,1947
117000181,9,15,-6
117000182,377,489,-112
117000195,1,44,-43
117000196,240,136,104
117000225,5,24,-19
117000226,1,12,-11
117000276,173,2,171
117000277,0,33,-33
117000310,279,2047,-1768
117000315,49,313,-264
117000320,15,0,15
117000906,357,27,330
117000907,4,54,-50
117000908,31,112,-81
117000909,34,83,-49
117000910,309,57,252
117000911,26,119,-93
117000915,8,88,-80
117000916,2,1,1
117000917,1343,50,1293
117000918,58,147,-89
117000919,0,22,-22
117000920,0,241,-241
117000921,0,173,-173
117000922,2,10,-8
117000924,316,266,50
117000926,236,80,156
117000927,188,575,-387
117000928,0,0,0
117000929,26,44,-18
117000930,24,1,23
117000931,108,79,29
117900002,28,480,-452
117900003,0,0,0
117900005,0,5,-5
117900006,0,1,-1
117900007,71,13,58
117900008,0,1,-1
117900010,142,15,127
117900011,3,57,-54
117900012,14,27,-13
117900013,0,9,-9
117900014,135,23,112
117900015,2,12,-10
117900016,192,647,-455
117900017,415,34,381
117900018,113,11,102
117900019,281,33,248
117900020,19,57,-38
117900021,10,9,1
117900022,0,0,0
117900023,48,8,40
117900024,41,7,34
117900025,0,0,0
117900026,292,13,279
117900028,3,0,3
117900029,159,38,121
117900030,71,194,-123
117900031,29,28,1
117900032,293,143,150
117900033,429,62,367
117900034,0,0,0
117900035,83,10,73
117900036,234,25,209
117900037,76,2,74
117900038,0,0,0
117900039,0,0,0
117900040,0,0,0
117900041,0,0,0
117900042,266,174,92
117900043,0,0,0
117900044,1,1524,-1523
117900045,171,44,127
117900048,233,10,223
117900049,120,42,78
117900050,2,64,-62
117900051,0,0,0
117900052,0,0,0
117900053,679,65,614
117900054,4,13,-9
117900055,61,36,25
117900056,0,0,0
117900057,148,353,-205
117900058,1,0,1
117900059,0,0,0
117900060,883,612,271
117900061,0,134,-134
117900063,193,58,135
117900065,77,119,-42
117900066,0,39,-39
117900067,382,30,352
117900069,395,24,371
117900070,72,63,9
117900071,262,57,205
117900073,287,9,278
117900074,2,65,-63
117900075,64,2,62
117900076,0,0,0
117900077,82,7,75
117900078,142,163,-21
117900080,135,18,117
117900081,63,20,43
117900082,278,96,182
117900083,258,54,204
117900086,56,35,21
117900087,7,0,7
117900088,304,75,229
117900089,911,106,805
117900090,173,151,22
117900091,247,23,224
117900092,24,8,16
117900093,51,0,51
117900094,29,14,15
117900095,287,39,248
117900096,133,43,90
117900097,18,18,0
117900098,65,2,63
117900099,128,70,58
117900100,193,0,193
117900101,319,771,-452
117900102,18,28,-10
117900103,45,0,45
117900104,6,9,-3
117900105,79,10,69
117900106,23,10,13
117900107,66,0,66
117900109,331,199,132
117900110,147,1,146
117900111,351,20,331
117900112,37,0,37
117900113,181,89,92
117900114,32,0,32
117900115,14,24,-10
117900116,291,117,174
117900117,173,38,135
117900118,94,0,94
117900119,174,1,173
117900120,246,3,243
117900121,66,4,62
117900122,101,1179,-1078
117900123,344,60,284
117900124,169,127,42
117900125,304,242,62
117900126,62,52,10
117900127,181,136,45
117900128,259,38,221
117900129,78,0,78
117900130,179,0,179
117900131,0,0,0
117900132,0,0,0
117900133,0,0,0
117900134,0,0,0
117900135,0,0,0
117900136,0,0,0
117900137,0,0,0
117900138,0,0,0
117900139,11,9,2
117900140,826,370,456
117900141,21,71,-50
117900142,2,61,-59
117900144,1,46,-45
117900145,1,40,-39
117900146,0,68,-68
117900147,59,37,22
117900148,181,937,-756
117900149,9,5,4
117900150,5,6,-1
117900151,24,20,4
117900152,0,0,0
117900153,2,100,-98
117900154,347,94,253
117900156,164,47,117
117900157,104,68,36
117900158,97,0,97
117900160,303,217,86
117900161,352,63,289
117900162,320,123,197
117900163,13,24,-11
117900165,0,0,0
117900166,4,45,-41
117900168,101,3,98
117900169,3,4,-1
117900170,0,0,0
117900171,0,2,-2
117900172,0,2,-2
117900173,4,14,-10
117900174,6,7,-1
117900175,0,0,0
117900176,1,16,-15
117900177,3,0,3
117900178,8,6,2
117900180,33,0,33
117900181,2,283,-281
117900182,1,27,-26
117900183,22,124,-102
117900184,3,18,-15
117900185,72,3,69
117900186,33,1,32
117900187,23,2,21
117900188,68,3,65
117900189,68,3,65
117900190,13,0,13
117900191,44,0,44
117900192,52,2,50
117900193,70,6,64
117900194,3,0,3
117900195,2,6,-4
117900196,17,2,15
117900207,108,50,58
117900208,10,4,6
117900209,80,7,73
117900210,0,0,0
117900211,0,0,0
117900212,204,26,178
117900213,15,5,10
117900214,12,1,11
117900215,0,0,0
117900216,0,0,0
117900217,0,0,0
117900218,0,0,0
117900219,0,0,0
117900220,0,73,-73
118000001,300,1104,-804
118000002,65,508,-443
118000003,1794,3511,-1717
118000004,697,535,162
118000005,1384,2371,-987
118000006,1543,2451,-908
118000007,3321,5376,-2055
118000008,2512,2396,116
118000009,881,1409,-528
118000010,1375,1594,-219
118000011,629,416,213
118000012,366,339,27
118000013,369,551,-182
118000014,501,493,8
118000016,173,36,137
118000017,698,630,68
118000018,131,72,59
118000019,836,1090,-254
118000020,168,1326,-1158
118000021,139,1170,-1031
118000022,761,541,220
118000023,363,340,23
118000024,471,538,-67
118000025,21,93,-72
118000027,3745,5706,-1961
118000029,157,921,-764
118000032,197,1677,-1480
118000033,1798,2563,-765
118000034,1841,1582,259
118000035,362,783,-421
118000036,193,442,-249
118000037,251,600,-349
118000038,108,140,-32
118000039,89,51,38
118000040,510,556,-46
118000041,334,531,-197
118000045,39,186,-147
118000046,60,981,-921
118000047,80,496,-416
118000048,520,1653,-1133
118000051,1163,1302,-139
118000052,860,1270,-410
118000053,301,773,-472
118000054,859,731,128
118000055,357,823,-466
118000056,28,235,-207
118000057,54,169,-115
118000058,514,477,37
118000059,214,1276,-1062
118000060,343,241,102
118000061,235,296,-61
118000062,34,88,-54
118000063,42,552,-510
118000064,190,853,-663
118000065,726,380,346
118000066,309,1642,-1333
118000067,199,707,-508
118000068,241,2613,-2372
118000069,488,632,-144
118000070,728,1662,-934
118000071,425,2307,-1882
118000072,569,3574,-3005
118000073,257,1310,-1053
118000074,119,722,-603
118000075,219,515,-296
118000076,2953,5759,-2806
118000077,717,686,31
118000078,1231,1487,-256
118000079,36,332,-296
118000080,142,318,-176
118000081,1119,977,142
118000082,209,875,-666
118000083,363,1346,-983
118000084,262,358,-96
118000086,24,65,-41
118000087,1228,1781,-553
118000088,339,1090,-751
118000089,1144,932,212
118000090,182,1422,-1240
118000091,162,1714,-1552
118000092,262,116,146
118000093,42,645,-603
118000096,62,342,-280
118000097,103,258,-155
118000098,81,212,-131
118000099,0,0,0
118000101,840,277,563
118000102,423,178,245
118000107,40,3,37
118000108,57,490,-433
118000110,0,0,0
118000111,0,0,0
118000112,229,3,226
118000113,0,0,0
118000114,431,8,423
118000115,15,5,10
118000116,9,2,7
118000117,244,289,-45
118000118,418,619,-201
118000119,636,691,-55
118000120,373,280,93
118000121,4,102,-98
118000122,103,47,56
118000123,91,141,-50
118000125,8,197,-189
118000126,227,423,-196
118000127,602,592,10
118000128,4,370,-366
118000129,172,303,-131
118000130,509,998,-489
118000131,63,213,-150
118000132,1949,1628,321
118000133,561,252,309
118000135,233,362,-129
118000136,11,311,-300
118000137,96,49,47
118000138,90,83,7
118000139,95,54,41
118000140,1381,7157,-5776
118000141,3338,1449,1889
118000142,1093,1086,7
118000143,3431,1802,1629
118000144,400,179,221
118000145,707,250,457
118000146,1262,143,1119
118000147,989,263,726
118000148,131,899,-768
118000149,323,128,195
118000150,891,152,739
118000151,578,133,445
118000153,2723,1413,1310
118000154,1078,1168,-90
118000155,3490,1308,2182
118000156,532,1093,-561
118000157,287,149,138
118000158,121,156,-35
118000159,103,197,-94
118000160,739,371,368
118000161,258,137,121
118000162,583,486,97
118000163,800,1015,-215
118000164,1287,1494,-207
118000168,83,0,83
118000169,152,456,-304
118000170,1078,1319,-241
118000171,142,243,-101
118000172,77,96,-19
118000173,507,378,129
118000175,337,309,28
118000176,497,320,177
118000177,394,388,6
118000178,2,22,-20
118000179,879,894,-15
118000180,757,598,159
118000181,157,73,84
118000182,132,144,-12
118000183,49,108,-59
118000184,1021,385,636
118000185,161,600,-439
118000186,178,538,-360
118000187,1016,173,843
118000188,176,7,169
118000189,37,18,19
118000190,2,8,-6
118000191,35,15,20
118000192,10,89,-79
118000193,1,191,-190
118000194,803,1158,-355
118000195,64,910,-846
118000196,19,71,-52
118000197,129,584,-455
118000198,429,1016,-587
118000199,527,748,-221
118000200,0,0,0
118000201,71,301,-230
118000202,0,0,0
118000203,28,223,-195
118000204,1,28,-27
118000205,22,35,-13
118000206,216,136,80
118000207,0,29,-29
118000208,730,970,-240
118000209,1253,281,972
118000210,65,16,49
118000211,79,35,44
118000213,206,1141,-935
118000214,98,33,65
118000215,92,17,75
118000216,328,9,319
118000217,0,30,-30
118000218,11,27,-16
118000219,299,60,239
118000220,37,49,-12
118000221,34,475,-441
118000222,35,2,33
118000223,72,9,63
118000224,67,20,47
118000225,0,0,0
118000226,233,40,193
118000227,38,245,-207
118000228,2,25,-23
118000229,0,0,0
118000230,0,0,0
118000231,0,0,0
118000232,0,0,0
118000233,584,121,463
118000234,0,0,0
118000236,101,3,98
118000237,0,0,0
118000238,218,3,215
118000239,296,217,79
118000240,39,49,-10
118000241,34,4,30
118000242,0,0,0
118000243,0,0,0
118000244,5,11,-6
118000246,0,0,0
118000255,28,183,-155
118000256,77,163,-86
118000259,1,6,-5
118000260,76,17,59
118000261,0,0,0
118000263,3,5,-2
118000266,19,40,-21
118000267,0,0,0
118000268,124,6,118
118000270,0,0,0
118000271,67,19,48
118000272,55,0,55
118000273,11,0,11
118000274,0,0,0
118000276,78,40,38
118000295,2,3,-1
118000298,2,4,-2
118000299,0,3,-3
118000301,0,0,0
118000302,74,22,52
118000311,212,27,185
118000312,24,0,24
118000313,18,13,5
118000314,15,0,15
118000315,1,0,1
118000316,34,15,19
118000325,166,1,165
118000326,1,3,-2
118000331,187,11,176
118000332,119,1,118
118000333,205,21,184
118000335,168,0,168
118000336,0,0,0
118000407,182,16,166
118000457,0,0,0
118000465,321,458,-137
118000480,0,2,-2
118000489,2,239,-237
118000490,3,49,-46
118000492,309,30,279
118000510,0,0,0
118000514,30,16,14
118000515,94,139,-45
118000517,259,107,152
118000524,15,13,2
118000525,38,113,-75
118000530,20,109,-89
118000531,325,159,166
118000532,0,0,0
118000533,0,0,0
118000534,0,0,0
118000535,156,30,126
118000536,3,20,-17
118000537,1,11,-10
118000538,1,9,-8
118000539,5,97,-92
118000540,26,15,11
118000541,16,5,11
118000542,43,153,-110
118000543,37,71,-34
118000546,32,2,30
118000560,0,5,-5
118000562,0,0,0
118000563,843,894,-51
118000576,82,9,73
118000577,51,79,-28
118000578,19,8,11
118000579,88,369,-281
118000595,194,86,108
118000596,0,0,0
118000597,24,23,1
118000598,5,0,5
118000599,173,0,173
118000600,0,0,0
118000601,1,0,1
118000602,0,0,0
118000603,0,0,0
118900001,0,0,0
118900002,66,0,66
118900003,76,0,76
118900004,1,0,1
118900005,0,0,0
118900006,0,0,0
118900007,0,0,0
118900008,236,1,235
118900009,0,0,0
118900010,0,0,0
118900011,0,0,0
118900012,148,34,114
118900013,0,0,0
118900015,0,0,0
118900016,0,0,0
118900017,0,0,0
118900018,0,0,0
118900019,0,0,0
118900020,0,0,0
118900021,48,29,19
118900022,15,5,10
118900023,0,0,0
118900024,0,0,0
118900025,0,0,0
118900026,17,2,15
118900027,0,0,0
118900028,82,21,61
118900029,0,0,0
118900030,0,0,0
118900031,11,2,9
118900032,0,0,0
118900033,0,0,0
118900034,0,0,0
118900035,14,8,6
118900036,206,31,175
118900037,0,0,0
118900038,105,6,99
118900039,0,0,0
118900040,63,19,44
118900041,0,0,0
118900042,9,0,9
118900045,4,2,2
118900046,13,17,-4
118900047,22,21,1
118900048,0,0,0
118900049,0,0,0
118900050,0,0,0
118900051,0,0,0
118900052,0,0,0
118900053,0,0,0
118900054,9,3,6
118900055,0,0,0
118900056,0,0,0
118900057,99,107,-8
118900058,0,0,0
118900059,0,0,0
118900060,33,11,22
118900062,0,0,0
118900064,0,0,0
118900065,0,0,0
118900066,0,0,0
118900067,51,105,-54
118900068,0,0,0
118900069,4,0,4
118900071,0,0,0
118900072,0,0,0
118900073,0,0,0
118900074,0,0,0
118900075,0,0,0
118900076,0,0,0
118900077,2,0,2
118900078,0,0,0
118900079,0,0,0
118900080,0,0,0
118900081,0,0,0
118900082,1,0,1
118900083,0,0,0
118900084,0,0,0
118900085,0,0,0
118900086,0,0,0
118900087,4,3,1
118900088,0,0,0
118900089,0,0,0
118900090,0,0,0
118900091,0,0,0
118900092,0,0,0
118900093,0,0,0
118900096,0,0,0
118900097,14,30,-16
118900099,21,7,14
118900100,0,0,0
118900101,0,0,0
118900102,0,0,0
118900103,0,0,0
118900104,15,0,15
118900105,0,0,0
118900107,0,0,0
118900108,0,0,0
118900109,2,6,-4
118900110,78,1,77
118900111,0,0,0
118900112,0,0,0
118900113,0,0,0
118900114,0,0,0
118900115,1,12,-11
118900116,12,2,10
118900117,6,6,0
118900118,28,13,15
118900119,24,3,21
118900120,8,47,-39
118900121,0,0,0
118900122,0,0,0
118900123,38,39,-1
118900124,0,0,0
118900126,0,0,0
118900129,0,0,0
118900130,0,0,0
118900131,69,5,64
118900132,0,0,0
118900133,0,0,0
118900135,0,0,0
118900136,61,18,43
118900137,0,0,0
118900139,0,0,0
118900140,162,26,136
118900141,0,0,0
118900144,27,25,2
118900145,0,0,0
118900146,23,15,8
118900147,0,0,0
118900148,0,0,0
118900150,0,0,0
118900152,0,0,0
118900157,0,0,0
118900158,0,0,0
118900159,0,0,0
118900161,0,0,0
118900163,0,0,0
118900164,0,0,0
118900165,0,0,0
118900166,0,0,0
118900167,0,0,0
118900168,0,0,0
118900169,0,0,0
118900170,0,0,0
118900171,0,0,0
118900174,0,0,0
118900175,112,30,82
118900176,16,19,-3
118900177,0,0,0
118900178,0,0,0
118900179,0,0,0
118900181,24,5,19
118900182,0,0,0
118900183,0,0,0
118900184,0,0,0
118900185,7,0,7
118900186,10,21,-11
118900187,15,6,9
118900188,23,14,9
118900189,0,0,0
118900190,0,0,0
118900191,0,0,0
118900192,0,0,0
118900193,7,0,7
118900195,75,0,75
118900196,0,0,0
118900197,5,0,5
118900198,0,0,0
118900199,0,0,0
118900200,0,0,0
118900201,0,0,0
118900202,0,0,0
118900203,0,0,0
118900204,0,0,0
118900205,0,0,0
118900206,0,0,0
119000001,1268,853,415
119000002,2089,1271,818
119000003,1059,343,716
119000004,782,1241,-459
119000005,1134,1613,-479
119000006,1086,676,410
119000007,2010,2021,-11
119000008,591,523,68
119000009,956,2726,-1770
119000010,1040,1410,-370
119000011,1194,1342,-148
119000012,609,1257,-648
119000013,3838,2233,1605
119000014,1004,1733,-729
119000019,110,86,24
119000020,770,1094,-324
119000021,1701,1857,-156
119000022,108,594,-486
119000023,65,187,-122
119000024,692,7852,-7160
119000025,1284,559,725
119000026,15,177,-162
119000027,31,258,-227
119000028,1506,375,1131
119000029,66,107,-41
119000030,309,783,-474
119000031,315,447,-132
119000032,245,630,-385
119000033,1239,727,512
119000034,491,257,234
119000035,7,93,-86
119000036,1181,248,933
119000037,746,370,376
119000038,44,195,-151
119000039,495,260,235
119000040,188,565,-377
119000041,299,726,-427
119000048,1446,580,866
119000049,711,356,355
119000050,500,565,-65
119000051,310,227,83
119000052,328,386,-58
119000053,547,369,178
119000054,1446,676,770
119000055,3205,583,2622
119000056,2153,589,1564
119000057,913,604,309
119000058,772,518,254
119000059,1034,562,472
119000060,402,137,265
119000061,311,381,-70
119000062,392,247,145
119000063,413,275,138
119000064,222,181,41
119000065,250,478,-228
119000066,847,785,62
119000067,773,737,36
119000068,717,311,406
119000069,578,488,90
119000070,965,211,754
119000071,82,199,-117
119000072,806,448,358
119000073,1381,2521,-1140
119000074,1295,436,859
119000075,1601,788,813
119000076,87,366,-279
119000077,202,277,-75
119000078,65,63,2
119000079,16,121,-105
119000080,217,17,200
119000081,104,111,-7
119000082,151,10,141
119000083,127,40,87
119000084,155,93,62
119000085,164,74,90
119000086,80,27,53
119000087,405,186,219
119000088,180,3,177
119000089,9,25,-16
119000090,39,66,-27
119000091,14,84,-70
119000092,45,138,-93
119000093,1175,859,316
119000094,1994,1390,604
119000095,830,665,165
119000097,554,565,-11
119000098,610,2274,-1664
119000099,1337,434,903
119000100,2254,957,1297
119000101,1344,1089,255
119000102,28,208,-180
119000103,557,354,203
119000104,151,37,114
119000105,214,870,-656
119000106,90,66,24
119000107,603,347,256
119000108,106,113,-7
119000109,26,47,-21
119000110,0,0,0
119000111,2,48,-46
119000112,0,0,0
119000113,226,24,202
119000114,95,159,-64
119000115,24,129,-105
119000116,21,79,-58
119000117,30,60,-30
119000118,3,0,3
119000123,272,747,-475
119000124,304,101,203
119000125,2325,217,2108
119000126,542,157,385
119000127,153,26,127
119000128,3,0,3
119000131,335,44,291
119000132,1,0,1
119000133,2,14,-12
119000134,302,470,-168
119000135,64,34,30
119000136,0,0,0
119000137,26,19,7
119000138,0,0,0
119000139,13,2,11
119000140,0,0,0
119000284,224,800,-576
119000285,411,360,51
119000286,1442,961,481
119000287,690,587,103
119000288,477,246,231
119000289,333,783,-450
119000290,254,276,-22
119000291,14,70,-56
119000293,141,184,-43
119000294,90,98,-8
119000295,280,84,196
119000296,44,34,10
119000302,1002,960,42
119000303,2,36,-34
119000314,206,2779,-2573
119000315,0,10,-10
119000316,0,0,0
119000317,43,9,34
119900001,37,261,-224
119900002,41,46,-5
119900003,0,8,-8
119900004,0,0,0
119900005,0,0,0
119900006,10,65,-55
119900007,14,1,13
119900008,0,0,0
119900009,63,75,-12
119900010,212,248,-36
119900011,5,0,5
119900012,0,0,0
119900013,210,145,65
119900014,146,69,77
119900015,0,0,0
119900016,0,0,0
119900017,7,5,2
119900018,190,300,-110
119900019,0,0,0
119900020,0,0,0
119900021,1,0,1
119900022,6,193,-187
119900023,49,874,-825
119900025,0,0,0
119900026,0,0,0
119900027,1,3,-2
119900028,19,33,-14
119900029,0,0,0
119900030,0,0,0
119900031,29,308,-279
119900033,417,98,319
119900034,0,0,0
119900037,101,0,101
119900038,86,43,43
119900039,0,0,0
119900040,99,10,89
119900041,0,0,0
119900042,0,0,0
119900043,64,38,26
119900044,4,157,-153
119900046,0,0,0
119900047,0,0,0
119900048,6,1,5
119900049,13,0,13
119900050,129,22,107
119900051,500,7,493
119900052,0,0,0
119900053,0,0,0
119900054,139,2,137
119900055,391,50,341
119900057,0,0,0
119900058,2,0,2
119900059,25,2,23
119900060,147,26,121
119900061,13,0,13
119900062,0,0,0
119900063,0,0,0
119900064,299,35,264
119900065,74,0,74
119900066,0,0,0
119900067,0,0,0
119900068,3,0,3
119900069,27,5,22
119900070,329,2,327
119900071,219,15,204
119900072,17,0,17
119900073,91,12,79
119900074,0,0,0
119900075,291,328,-37
119900076,1,0,1
119900077,213,36,177
119900078,168,3,165
119900079,59,1,58
119900080,352,116,236
119900081,65,23,42
119900082,1185,394,791
119900083,125,74,51
119900084,0,0,0
119900085,0,0,0
119900086,7,41,-34
119900087,0,0,0
119900088,0,0,0
119900089,0,32,-32
119900090,0,0,0
119900091,1,27,-26
119900092,7,11,-4
119900093,0,0,0
119900094,0,25,-25
119900095,0,0,0
119900096,0,0,0
119900097,15,3,12
119900098,0,0,0
119900099,0,0,0
119900100,129,165,-36
119900101,1,96,-95
119900102,0,0,0
119900103,0,0,0
119900104,0,0,0
119900105,39,60,-21
119900106,0,0,0
119900107,0,0,0
119900108,391,153,238
119900109,0,0,0
119900110,35,59,-24
119900111,8,7,1
119900112,0,0,0
119900113,3,6,-3
119900114,31,42,-11
119900115,45,14,31
119900116,0,18,-18
119900117,16,23,-7
119900118,28,4,24
119900119,12,4,8
119900120,9,34,-25
119900121,0,0,0
119900122,3,0,3
119900123,1,11,-10
119900124,0,2,-2
119900125,0,0,0
119900126,330,39,291
119900127,48,1,47
119900128,3,3,0
119900129,5,4,1
119900130,0,0,0
119900131,0,2,-2
119900132,0,0,0
119900133,0,0,0
119900134,35,10,25
119900135,0,0,0
119900136,0,0,0
119900138,0,0,0
119900139,0,0,0
119900140,1,22,-21
119900141,0,0,0
119900142,7,1,6
119900143,11,92,-81
119900144,0,0,0
119900145,0,0,0
119900146,0,0,0
119900147,0,0,0
119900148,51,1,50
119900149,11,822,-811
119900150,0,0,0
119900151,296,179,117
119900152,0,0,0
119900153,80,1,79
119900154,1,18,-17
119900155,0,0,0
119900156,24,14,10
119900157,0,0,0
119900158,61,18,43
119900159,0,55,-55
119900160,0,0,0
119900161,57,2,55
119900162,139,85,54
119900163,0,0,0
119900164,0,0,0
119900165,0,0,0
119900166,69,20,49
119900167,0,0,0
119900168,197,29,168
119900169,0,0,0
119900170,0,0,0
119900171,24,2,22
119900172,7,18,-11
119900173,1,10,-9
119900174,0,0,0
119900175,322,12,310
119900177,8,22,-14
119900178,0,0,0
119900179,57,340,-283
119900180,164,26,138
119900181,2,9,-7
119900182,7,61,-54
119900183,14,62,-48
119900184,48,70,-22
119900185,2,95,-93
119900186,0,0,0
119900187,0,26,-26
119900188,63,80,-17
119900189,0,0,0
119900190,0,0,0
119900191,7,5,2
119900192,1,15,-14
119900193,122,13,109
119900194,14,17,-3
119900195,0,21,-21
119900196,0,0,0
119900197,5,0,5
119900198,25,14,11
119900199,102,10,92
119900200,1,0,1
119900201,54,20,34
119900202,4,37,-33
119900203,6,0,6
119900204,38,9,29
119900205,300,20,280
119900206,0,0,0
119900208,3,0,3
119900209,196,199,-3
119900210,0,0,0
119900211,0,0,0
119900212,492,46,446
119900213,0,0,0
119900214,0,0,0
119900215,0,0,0
119900216,0,0,0
119900217,0,0,0
119900218,0,0,0
119900219,0,0,0
119900220,0,0,0
119900221,0,0,0
119900222,0,0,0
119900223,0,0,0
119900224,0,0,0
119900225,0,0,0
119900226,21,201,-180
119900227,35,43,-8
119900228,0,10,-10
119900229,0,0,0
119900230,43,2,41
119900231,78,3,75
119900232,0,0,0
119900233,0,0,0
119900234,0,0,0
119900235,0,0,0
119900236,1,0,1
119900237,17,6,11
119900238,0,0,0
119900240,0,0,0
119900241,0,0,0
119900242,93,2,91
119900244,38,213,-175
119900245,0,0,0
119900246,0,0,0
119900247,7,13,-6
119900248,0,0,0
119900249,9,0,9
119900253,110,136,-26
119900254,17,335,-318
119900255,2,8,-6
119900256,258,14,244
119900257,0,0,0
119900258,0,0,0
119900259,0,0,0
119900260,3,0,3
119900261,218,31,187
119900262,2,34,-32
119900263,408,45,363
119900264,0,0,0
119900265,16,0,16
119900266,0,0,0
119900267,5,2,3
119900268,4,2,2
119900269,65,20,45
119900271,3,0,3
119900272,0,16,-16
119900275,35,4,31
119900276,28,0,28
119900277,1,7,-6
119900278,0,0,0
119900279,0,0,0
119900280,154,7,147
119900281,0,0,0
119900282,0,0,0
119900283,1,18,-17
119900284,319,132,187
119900285,2,0,2
119900286,0,0,0
119900288,1,3,-2
119900289,0,0,0
119900290,0,0,0
119900291,0,0,0
119900292,2,5,-3
119900293,0,7,-7
119900294,3,7,-4
119900295,15,10,5
119900296,63,8,55
119900297,0,6,-6
119900298,5,7,-2
119900299,0,0,0
119900300,20,1,19
119900301,0,0,0
119900302,0,0,0
119900303,0,0,0
119900304,0,0,0
119900305,0,0,0
119900306,0,0,0
119900307,0,0,0
119900308,0,0,0
119900309,6,25,-19
119900310,77,13,64
119900311,0,0,0
119900312,64,36,28
119900313,17,1,16
119900314,0,0,0
119900315,658,186,472
119900318,0,0,0
119900319,61,43,18
119900320,33,41,-8
119900321,15,0,15
120000001,5007,15337,-10330
120000002,1307,756,551
120000003,746,554,192
120000004,1144,943,201
120000005,1398,614,784
120000006,519,370,149
120000007,1022,616,406
120000008,355,412,-57
120000009,599,208,391
120000010,629,502,127
120000011,287,359,-72
120000012,515,525,-10
120000013,1037,584,453
120000014,290,650,-360
120000015,1632,1025,607
120000016,3866,2407,1459
120000017,2055,1882,173
120000018,2475,6675,-4200
120000019,483,736,-253
120000020,2110,1932,178
120000021,1202,2138,-936
120000022,4003,4336,-333
120000023,1018,885,133
120000024,809,1062,-253
120000025,2444,830,1614
120000026,1502,1778,-276
120000027,2302,2219,83
120000028,516,265,251
120000029,271,768,-497
120000030,32,329,-297
120000031,800,1590,-790
120000032,1824,1307,517
120000033,1450,391,1059
120000034,1648,326,1322
120000035,1371,372,999
120000036,1917,2558,-641
120000037,504,1719,-1215
120000038,1279,2493,-1214
120000039,44,265,-221
120000040,3,197,-194
120000041,89,185,-96
120000042,573,440,133
120000043,2221,706,1515
120000044,4430,640,3790
120000045,3977,318,3659
120000046,2327,1727,600
120000047,276,3409,-3133
120000048,2768,2274,494
120000049,2212,696,1516
120000050,1360,1382,-22
120000051,932,1886,-954
120000052,1404,1082,322
120000053,681,670,11
120000054,483,689,-206
120000055,1152,758,394
120000056,2126,1075,1051
120000057,981,253,728
120000058,326,432,-106
120000059,123,1324,-1201
120000061,17,212,-195
120000062,124,124,0
120000063,306,538,-232
120000064,190,324,-134
120000065,212,287,-75
120000066,134,72,62
120000067,32,90,-58
120000068,89,226,-137
120000069,387,233,154
120000070,33,237,-204
120000071,382,62,320
120000072,861,247,614
120000073,485,68,417
120000074,160,28,132
120000075,1005,87,918
120000076,1732,127,1605
120000077,1213,186,1027
120000078,678,253,425
120000079,229,57,172
120000080,42,83,-41
120000081,138,100,38
120000082,243,313,-70
120000083,11,934,-923
120000084,109,97,12
120000085,76,64,12
120000086,13,53,-40
120000087,37,68,-31
120000088,638,441,197
120000089,1133,163,970
120000090,348,212,136
120000091,742,271,471
120000092,905,202,703
120000093,364,219,145
120000094,227,435,-208
120000095,342,132,210
120000096,141,114,27
120000098,472,110,362
120000099,107,140,-33
120000100,433,124,309
120000101,273,91,182
120000102,447,1163,-716
120000103,1140,597,543
120000104,2256,153,2103
120000105,3201,131,3070
120000106,2722,97,2625
120000107,4446,191,4255
120000108,1599,94,1505
120000109,738,35,703
120000110,24,154,-130
120000111,5,141,-136
120000112,117,371,-254
120000113,32,334,-302
120000114,92,234,-142
120000115,90,190,-100
120000116,86,248,-162
120000117,380,265,115
120000118,2,37,-35
120000119,14,45,-31
120000120,28,34,-6
120000121,38,43,-5
120000122,84,301,-217
120000123,677,4607,-3930
120000124,346,169,177
120000125,194,171,23
120000126,98,474,-376
120000127,136,220,-84
120000128,636,939,-303
120000129,166,118,48
120000130,505,291,214
120000131,225,203,22
120000134,83,27,56
120000135,98,398,-300
120000137,39,26,13
120000138,354,124,230
120000139,113,43,70
120000140,254,11,243
120000141,320,52,268
120000142,622,105,517
120000143,0,2,-2
120000144,57,0,57
120000145,31,0,31
120000146,357,837,-480
120000149,148,148,0
120000150,288,3996,-3708
120000151,476,129,347
120000152,804,92,712
120000153,114,97,17
120000154,124,109,15
120000155,151,109,42
120000156,183,311,-128
120000157,516,212,304
120000158,202,65,137
120000159,688,848,-160
120000160,1377,962,415
120000161,1039,915,124
120000162,49,207,-158
120000163,335,109,226
120000164,286,58,228
120000165,288,42,246
120000166,1048,66,982
120000167,0,0,0
120000168,0,0,0
120000169,0,0,0
120000170,0,0,0
120000171,0,0,0
120000172,0,0,0
120000173,64,0,64
120000174,3,0,3
120000175,2,0,2
120000176,0,0,0
120000177,185,2,183
120000178,9,1,8
120000179,10,1,9
120000180,22,3,19
120000181,11,124,-113
120000182,4,94,-90
120000183,13,131,-118
120000184,26,326,-300
120000186,13,42,-29
120000187,25,21,4
120000188,13,65,-52
120000190,59,116,-57
120000191,55,84,-29
120000192,56,8,48
120000193,79,2,77
120000195,8,0,8
120000196,16,6,10
120000197,8,9,-1
120000198,12,0,12
120000199,0,0,0
120000200,0,0,0
120000201,0,0,0
120000202,0,0,0
120000203,0,0,0
120000207,0,0,0
120000208,0,0,0
120000209,0,0,0
120000210,0,0,0
120000211,0,0,0
120000212,0,0,0
120000213,0,0,0
120000214,0,0,0
120000215,0,0,0
120000216,0,0,0
120000217,0,0,0
120000218,0,0,0
120000219,0,0,0
120000220,7,0,7
120000225,1092,1,1091
120000226,183,2,181
120000227,253,36,217
120000228,0,0,0
120000230,83,10,73
120000231,260,48,212
120000233,498,3,495
120000235,0,48,-48
120000236,1045,0,1045
120000237,0,75,-75
120000238,0,0,0
120000241,1014,2004,-990
120000412,68,1,67
120000413,109,24,85
120000414,66,0,66
120000415,0,0,0
120000416,27,0,27
120000417,3,3,0
120000418,126,0,126
120000419,0,2,-2
120000420,22,11,11
120000421,2494,1710,784
120000422,11,436,-425
120000423,0,0,0
120000424,0,0,0
120000436,79,816,-737
120000437,21,29,-8
120000438,114,103,11
120000439,272,304,-32
120000443,185,3,182
120000444,1198,122,1076
120000445,856,612,244
120000446,235,49,186
120000447,231,0,231
120000449,84,0,84
120000450,0,3,-3
120000451,72,47,25
120000452,337,0,337
120000453,0,0,0
120000454,7,16,-9
120000455,23,28,-5
120000456,111,732,-621
120000457,293,179,114
120000458,262,62,200
120000459,71,48,23
120000665,23,125,-102
120000668,8,391,-383
120000669,111,62,49
120000670,16,196,-180
120000671,478,190,288
120000672,4,96,-92
120900001,69,6,63
120900002,12,32,-20
120900003,0,0,0
120900004,1,36,-35
120900005,3,61,-58
120900006,197,23,174
120900007,31,4,27
120900008,242,124,118
120900009,0,0,0
120900010,221,44,177
120900011,0,0,0
120900012,21,511,-490
120900013,130,26,104
120900014,0,35,-35
120900015,667,26,641
120900016,757,14,743
120900017,319,7,312
120900018,104,34,70
120900019,126,103,23
120900020,43,166,-123
120900021,361,18,343
120900022,2,18,-16
120900023,425,6,419
120900024,355,49,306
120900025,201,45,156
120900026,31,18,13
120900027,0,0,0
120900028,427,73,354
120900029,0,0,0
120900030,806,86,720
120900031,251,28,223
120900032,930,26,904
120900033,506,46,460
120900034,11,1019,-1008
120900035,121,25,96
120900037,171,2,169
120900038,0,0,0
120900039,0,0,0
120900040,162,1,161
120900041,5,1,4
120900042,312,25,287
120900043,22,8,14
120900044,7,200,-193
120900045,12,0,12
120900046,320,0,320
120900047,0,0,0
120900048,0,0,0
120900049,374,1,373
120900050,213,569,-356
120900051,174,41,133
120900052,225,1,224
120900053,148,15,133
120900054,189,7,182
120900055,334,2,332
120900056,0,0,0
120900057,0,0,0
120900058,432,0,432
120900059,91,0,91
120900060,31,9,22
120900061,43,13,30
120900062,154,12,142
120900063,0,0,0
120900064,331,2,329
120900065,350,0,350
120900066,393,39,354
120900067,84,20,64
120900068,279,0,279
120900069,0,0,0
120900071,46,1,45
120900072,0,0,0
120900073,0,0,0
120900074,270,6,264
120900076,205,0,205
120900077,646,226,420
120900078,808,123,685
120900079,180,3,177
120900080,194,5,189
120900081,662,76,586
120900082,109,1,108
120900083,217,23,194
120900084,125,206,-81
120900085,0,0,0
120900086,1,294,-293
120900087,303,96,207
120900088,25,205,-180
120900089,352,1478,-1126
120900090,47,4,43
120900091,121,323,-202
120900092,12,10,2
120900093,0,0,0
120900094,80,23,57
120900095,0,0,0
120900096,0,3,-3
120900097,83,46,37
120900098,0,0,0
120900099,1,1,0
120900100,0,0,0
120900101,0,0,0
120900102,0,0,0
120900103,79,48,31
120900104,0,1,-1
120900105,0,0,0
120900106,99,36,63
120900107,35,15,20
120900108,0,0,0
120900109,4,27,-23
120900110,0,0,0
120900111,5,4,1
120900112,0,0,0
120900113,3,43,-40
120900114,11,7,4
120900115,62,131,-69
120900116,107,8,99
120900117,0,0,0
120900118,4,49,-45
120900119,820,276,544
120900120,10,48,-38
120900121,0,8,-8
120900122,71,15,56
120900123,0,0,0
120900124,2,27,-25
120900125,0,69,-69
120900126,43,6,37
120900127,0,0,0
120900128,14,7,7
120900129,57,27,30
120900130,1,51,-50
120900131,0,0,0
120900132,1040,29,1011
120900133,5,26,-21
120900134,17,5,12
120900135,22,47,-25
120900136,0,0,0
120900137,133,14,119
120900138,0,4,-4
120900139,0,17,-17
120900140,0,0,0
120900141,104,30,74
120900142,0,17,-17
120900143,0,28,-28
120900144,0,22,-22
120900145,17,37,-20
120900146,0,26,-26
120900147,0,0,0
120900148,25,9,16
120900149,0,62,-62
120900150,1,12,-11
120900151,0,9,-9
120900152,0,0,0
120900153,0,0,0
120900154,0,25,-25
120900155,7,23,-16
120900156,36,16,20
120900157,0,0,0
120900158,0,5,-5
120900159,0,0,0
120900160,0,15,-15
120900161,0,0,0
120900162,0,0,0
120900163,0,0,0
120900164,0,0,0
120900165,0,0,0
120900166,0,0,0
120900167,0,0,0
120900169,0,0,0
120900170,36,1370,-1334
120900171,93,4,89
120900172,0,0,0
120900173,0,1,-1
120900174,0,0,0
120900175,29,7,22
120900176,1,289,-288
120900177,1,873,-872
120900178,0,165,-165
120900179,29,23,6
120900180,0,0,0
120900181,0,0,0
120900182,0,2,-2
120900183,0,0,0
120900184,15,5,10
120900185,0,0,0
120900186,0,26,-26
120900187,193,156,37
120900188,11,0,11
120900189,0,0,0
120900190,74,3,71
120900191,6,0,6
120900192,699,2597,-1898
120900194,3,1,2
120900195,14,26,-12
120900196,2,0,2
120900197,537,46,491
120900198,5,47,-42
120900199,69,200,-131
120900200,0,0,0
120900201,59,9,50
120900202,0,11,-11
120900203,5,36,-31
120900204,17,16,1
120900205,1,0,1
120900206,1,2,-1
121000001,123,520,-397
121000002,548,1068,-520
121000003,366,1212,-846
121000004,500,1504,-1004
121000005,1572,2868,-1296
121000006,960,1768,-808
121000007,320,1780,-1460
121000008,863,1734,-871
121000009,946,3399,-2453
121000010,1159,1673,-514
121000011,2005,3967,-1962
121000012,3034,1666,1368
121000013,2276,3629,-1353
121000014,2652,1739,913
121000015,2878,4938,-2060
121000016,964,753,211
121000017,592,2179,-1587
121000018,906,1340,-434
121000019,2393,3476,-1083
121000020,4338,8237,-3899
121000021,322,592,-270
121000022,479,2532,-2053
121000023,929,434,495
121000024,2023,2433,-410
121000025,114,301,-187
121000026,82,128,-46
121000027,211,847,-636
121000028,133,261,-128
121000029,118,266,-148
121000030,0,0,0
121000031,100,233,-133
121000032,0,0,0
121000034,30,65,-35
121000035,3,10,-7
121000036,212,265,-53
121000037,151,499,-348
121000038,451,467,-16
121000039,159,91,68
121000041,82,152,-70
121000042,47,289,-242
121000043,399,456,-57
121000044,39,306,-267
121000045,132,194,-62
121000046,0,0,0
121000047,12,10,2
121000049,581,405,176
121000050,136,1800,-1664
121000051,197,143,54
121000052,127,1085,-958
121000053,36,94,-58
121000054,0,44,-44
121000055,368,734,-366
121000056,927,653,274
121000057,1,17,-16
121000058,31,74,-43
121000059,242,981,-739
121000060,569,694,-125
121000061,3,554,-551
121000062,353,286,67
121000063,184,781,-597
121000064,172,653,-481
121000065,116,164,-48
121000066,32,46,-14
121000067,67,53,14
121000068,216,634,-418
121000069,42,728,-686
121000070,215,280,-65
121000071,446,1003,-557
121000072,196,107,89
121000073,112,572,-460
121000074,6,55,-49
121000075,0,33,-33
121000076,26,73,-47
121000077,26,81,-55
121000078,1,41,-40
121000080,338,157,181
121000081,416,1625,-1209
121000082,4,21,-17
121000083,77,107,-30
121000084,2,0,2
121000085,24,33,-9
121000086,59,336,-277
121000087,21,275,-254
121000088,219,188,31
121000089,3,394,-391
121000090,126,172,-46
121000091,378,840,-462
121000092,16,22,-6
121000093,36,54,-18
121000094,37,102,-65
121000095,36,132,-96
121000096,598,332,266
121000097,194,570,-376
121000098,178,118,60
121000099,196,168,28
121000100,319,194,125
121000101,67,72,-5
121000102,10,5,5
121000103,72,50,22
121000104,17,10,7
121000105,7,10,-3
121000106,77,71,6
121000107,917,1827,-910
121000109,692,1067,-375
121000110,39,638,-599
121000114,895,1468,-573
121000115,128,114,14
121000116,100,130,-30
121000117,230,37,193
121000118,235,33,202
121000119,27,54,-27
121000120,55,360,-305
121000121,50,80,-30
121000123,91,69,22
121000126,23,237,-214
121000127,18,52,-34
121000128,289,90,199
121000129,168,63,105
121000130,66,211,-145
121000131,81,243,-162
121000132,105,336,-231
121000135,286,992,-706
121000136,355,534,-179
121000137,22,94,-72
121000138,80,1370,-1290
121000139,0,0,0
121000141,89,20,69
121000142,39,140,-101
121000143,7,22,-15
121000144,715,1040,-325
121000145,123,191,-68
121000146,248,72,176
121000147,174,67,107
121000148,219,225,-6
121000149,512,622,-110
121000152,100,62,38
121000153,341,184,157
121000154,301,192,109
121000155,344,568,-224
121000156,201,299,-98
121000157,273,324,-51
121000158,440,278,162
121000159,244,125,119
121000160,377,80,297
121000161,127,273,-146
121000162,125,87,38
121000165,571,2554,-1983
121000166,22,314,-292
121000168,60,102,-42
121000169,5,10,-5
121000170,63,3,60
121000171,15,37,-22
121000172,272,420,-148
121000173,777,838,-61
121000174,412,698,-286
121000175,582,203,379
121000176,199,249,-50
121000177,217,168,49
121000178,49,64,-15
121000179,6,65,-59
121000181,175,97,78
121000182,245,362,-117
121000183,15,175,-160
121000184,21,381,-360
121000185,6,819,-813
121000186,268,1032,-764
121000187,152,127,25
121000188,116,56,60
121000192,260,110,150
121000193,78,70,8
121000194,750,1177,-427
121000195,249,523,-274
121000196,98,90,8
121000197,5,82,-77
121000198,22,164,-142
121000199,11,115,-104
121000200,251,173,78
121000201,4,143,-139
121000202,156,0,156
121000203,34,96,-62
121000204,809,22,787
121000205,129,144,-15
121000206,172,162,10
121000207,697,294,403
121000208,0,159,-159
121000209,378,20,358
121000210,443,117,326
121000211,41,8,33
121000212,111,70,41
121000213,381,498,-117
121000214,258,1491,-1233
121000215,459,153,306
121000216,147,577,-430
121000217,1352,1832,-480
121000218,53,428,-375
121000219,377,421,-44
121000220,25,1,24
121000221,11,126,-115
121000222,625,970,-345
121000223,0,0,0
121000224,196,245,-49
121000225,82,897,-815
121000226,273,948,-675
121000227,3,155,-152
121000228,7,85,-78
121000229,1,14,-13
121000230,15,139,-124
121000231,846,2,844
121000232,66,39,27
121000233,179,93,86
121000234,10,26,-16
121000235,27,38,-11
121000236,0,17,-17
121000237,3,3,0
121000238,1,24,-23
121000239,47,1,46
121000240,0,68,-68
121000241,45,0,45
121000242,1,32,-31
121000243,82,4,78
121000244,1,6,-5
121000245,43,0,43
121000246,0,24,-24
121000247,52,0,52
121000248,83,63,20
121000249,3,38,-35
121000250,118,346,-228
121000251,0,43,-43
121000252,40,50,-10
121000253,63,68,-5
121000254,415,130,285
121000255,2,99,-97
121000256,85,214,-129
121000257,1,48,-47
121000258,67,171,-104
121000259,14,13,1
121000260,5,35,-30
121000261,11,116,-105
121000262,174,95,79
121000263,358,91,267
121000271,90,1150,-1060
121000273,3,0,3
121000274,1,65,-64
121000275,1,2,-1
121000276,4,51,-47
121000278,21,4,17
121000279,5,5,0
121000280,6,9,-3
121000289,132,14,118
121000290,96,546,-450
121000294,93,32,61
121000297,261,421,-160
121000299,71,214,-143
121000300,249,131,118
121000302,4,327,-323
121000303,84,30,54
121000304,479,166,313
121000305,97,85,12
121000306,95,129,-34
121000308,2,5,-3
121000309,3,4,-1
121000310,3,0,3
121000311,0,8,-8
121000312,89,140,-51
121000313,8,11,-3
121000314,2,5,-3
121000315,0,17,-17
121000530,714,437,277
121000531,1009,580,429
121000532,2105,2070,35
121000533,3094,1871,1223
121000918,0,0,0
121000919,28,97,-69
121000938,10,2,8
121000939,23,88,-65
121000956,671,272,399
121000957,0,0,0
121000958,15,7,8
121000959,286,74,212
121000960,317,199,118
121000961,231,3,228
121000962,52,108,-56
121000973,0,0,0
121000976,0,0,0
121000979,0,0,0
121000981,95,10,85
121000982,459,44,415
121000983,96,21,75
121000984,1,33,-32
121000985,246,97,149
121000986,148,51,97
121000987,83,142,-59
121000988,323,35,288
121001302,22,18,4
121001308,2,21,-19
121001309,19,128,-109
121001313,0,0,0
121001314,765,692,73
121001315,1991,92,1899
121900001,95,461,-366
121900002,1,0,1
121900003,1,0,1
121900004,0,0,0
121900005,5,3,2
121900006,0,0,0
121900007,292,14,278
121900008,0,0,0
121900009,0,1,-1
121900010,0,0,0
121900011,15,1,14
121900012,1,0,1
121900013,2,0,2
121900014,0,0,0
121900015,36,0,36
121900016,0,0,0
121900017,0,0,0
121900018,0,0,0
121900019,3,0,3
121900020,8,1,7
121900021,202,0,202
121900022,0,0,0
121900023,0,0,0
121900024,0,0,0
121900025,0,0,0
121900026,0,0,0
121900027,0,0,0
121900028,0,0,0
121900029,0,0,0
121900030,0,0,0
121900031,1,64,-63
121900032,0,0,0
121900033,0,0,0
121900034,0,0,0
121900035,0,0,0
121900036,0,0,0
121900037,0,0,0
121900038,0,0,0
121900039,0,0,0
121900040,0,0,0
121900041,0,0,0
121900042,0,0,0
121900043,0,0,0
121900044,0,0,0
121900046,0,0,0
121900047,0,0,0
121900048,0,0,0
121900050,0,0,0
121900051,0,0,0
121900052,0,0,0
121900053,3,19,-16
121900054,0,0,0
121900055,0,0,0
121900058,0,0,0
121900059,0,0,0
121900060,0,0,0
121900061,0,0,0
121900062,0,0,0
121900063,22,6,16
121900064,0,0,0
121900066,0,0,0
121900067,0,0,0
121900069,0,0,0
121900070,6,5,1
121900071,0,0,0
121900072,0,0,0
121900073,0,0,0
121900074,6,1,5
121900075,2,5,-3
121900076,0,0,0
121900077,0,0,0
121900078,0,0,0
121900079,0,0,0
121900080,0,0,0
121900082,0,0,0
121900084,0,0,0
121900085,0,0,0
121900086,0,0,0
121900087,0,0,0
121900088,0,0,0
121900089,0,0,0
121900090,0,0,0
121900091,0,0,0
121900092,0,0,0
121900093,0,0,0
121900094,0,0,0
121900095,0,0,0
121900096,0,0,0
121900097,0,0,0
121900098,0,0,0
121900099,0,0,0
121900100,0,0,0
121900101,0,0,0
121900102,0,0,0
121900103,0,0,0
121900104,92,48,44
121900105,0,0,0
121900106,0,0,0
121900107,0,0,0
121900108,0,0,0
121900109,0,0,0
121900110,0,0,0
121900111,0,0,0
121900112,0,0,0
121900113,0,0,0
121900114,0,0,0
121900115,0,0,0
121900117,0,0,0
121900118,0,0,0
121900119,0,0,0
121900120,0,0,0
121900121,0,0,0
121900122,0,0,0
121900123,0,0,0
121900124,0,0,0
121900125,54,3,51
121900127,0,0,0
121900128,0,0,0
121900129,0,0,0
121900130,0,0,0
121900131,0,0,0
121900132,0,0,0
121900133,0,0,0
121900134,0,3,-3
121900135,306,47,259
121900136,1,0,1
121900137,0,0,0
121900138,0,0,0
121900139,0,0,0
121900140,0,0,0
121900141,7,0,7
121900142,0,0,0
121900143,0,0,0
121900144,0,0,0
121900145,0,0,0
121900146,0,0,0
121900147,0,0,0
121900148,0,0,0
121900149,0,0,0
121900150,0,0,0
121900151,0,0,0
121900152,0,0,0
121900153,0,0,0
121900154,0,0,0
121900155,0,0,0
121900156,0,0,0
121900157,0,0,0
121900158,0,0,0
121900159,0,0,0
121900160,0,0,0
121900161,0,0,0
121900162,0,0,0
121900163,0,0,0
121900164,0,0,0
121900165,0,0,0
121900166,0,0,0
121900167,0,0,0
121900168,0,0,0
121900169,0,0,0
121900170,0,0,0
121900171,0,0,0
121900172,0,0,0
121900173,0,0,0
121900174,0,0,0
121900175,0,0,0
121900176,0,0,0
121900177,0,0,0
121900178,0,0,0
121900179,0,0,0
121900180,278,1028,-750
121900182,0,0,0
121900183,0,0,0
121900184,0,0,0
121900186,0,0,0
121900187,0,0,0
121900188,0,0,0
121900189,0,0,0
121900190,8,0,8
121900191,3,0,3
121900192,0,0,0
121900193,0,0,0
121900194,0,0,0
121900195,0,0,0
121900196,0,0,0
121900197,0,0,0
121900198,233,2,231
121900199,0,0,0
121900200,0,0,0
121900201,0,0,0
121900202,0,0,0
121900203,0,0,0
121900204,0,0,0
121900205,0,0,0
121900206,0,0,0
121900207,0,0,0
121900208,0,0,0
121900209,0,0,0
121900210,0,0,0
121900211,0,0,0
121900212,0,0,0
121900213,0,0,0
121900214,0,0,0
121900215,0,0,0
121900216,0,0,0
121900217,0,0,0
121900218,0,0,0
121900220,0,0,0
121900221,0,0,0
121900222,0,0,0
121900223,0,0,0
121900224,0,0,0
121900225,0,0,0
121900226,2,0,2
121900227,0,0,0
121900228,0,0,0
121900229,0,1,-1
121900230,0,1,-1
121900231,0,3,-3
121900232,0,0,0
121900233,0,0,0
121900234,0,0,0
121900235,0,0,0
121900236,0,0,0
121900237,0,0,0
121900238,0,0,0
121900239,0,0,0
121900240,0,0,0
121900241,0,0,0
121900242,0,0,0
121900243,0,0,0
121900244,0,0,0
121900245,0,0,0
121900246,68,32,36
121900247,0,0,0
121900248,0,0,0
121900250,0,0,0
121900251,0,0,0
121900252,0,0,0
121900253,0,0,0
121900254,0,0,0
121900255,0,0,0
121900258,565,339,226
121900259,0,0,0
121900260,0,0,0
121900261,0,1,-1
121900262,0,0,0
121900263,0,0,0
121900264,0,0,0
121900265,0,0,0
121900266,0,0,0
121900267,0,0,0
121900269,0,0,0
121900270,0,0,0
121900271,0,0,0
121900273,17,13,4
121900274,82,0,82
121900276,0,0,0
121900277,0,0,0
121900278,0,0,0
121900279,0,0,0
121900280,0,0,0
121900281,0,0,0
121900284,0,0,0
121900286,69,6,63
121900287,0,8,-8
121900290,0,0,0
121900291,0,0,0
121900292,14,5,9
121900293,0,0,0
121900294,0,0,0
121900295,0,0,0
121900296,0,0,0
121900298,0,5,-5
121900299,0,0,0
121900300,0,0,0
121900301,3,0,3
121900302,0,0,0
121900303,0,0,0
121900304,0,0,0
121900305,0,0,0
121900306,0,0,0
121900307,5,0,5
121900308,0,0,0
121900309,0,0,0
121900310,0,0,0
121900311,123,0,123
121900312,66,1,65
121900313,33,0,33
121900314,0,0,0
121900315,0,0,0
121900316,0,0,0
121900317,0,0,0
121900318,0,0,0
121900319,0,0,0
121900320,0,0,0
121900321,0,0,0
121900322,0,0,0
121900323,0,0,0
121900324,0,0,0
121900325,0,0,0
121900326,0,0,0
121900327,0,0,0
121900328,0,0,0
121900329,0,0,0
121900330,0,0,0
121900331,0,0,0
121900332,0,0,0
121900333,0,0,0
122000001,416,947,-531
122000002,571,296,275
122000003,317,789,-472
122000004,389,462,-73
122000005,1161,2643,-1482
122000006,209,639,-430
122000007,276,836,-560
122000008,626,1156,-530
122000009,121,146,-25
122000010,1667,1294,373
122000011,367,502,-135
122000012,232,540,-308
122000013,248,987,-739
122000014,589,804,-215
122000015,498,625,-127
122000016,104,497,-393
122000017,312,856,-544
122000018,438,918,-480
122000019,210,717,-507
122000020,87,82,5
122000021,21,186,-165
122000022,114,127,-13
122000023,108,158,-50
122000024,420,483,-63
122000025,227,526,-299
122000026,402,378,24
122000027,121,372,-251
122000028,183,351,-168
122000029,114,172,-58
122000030,102,5,97
122000031,19,796,-777
122000032,267,345,-78
122000033,122,215,-93
122000034,31,126,-95
122000035,10,60,-50
122000036,74,151,-77
122000037,67,84,-17
122000038,124,204,-80
122000039,64,49,15
122000040,40,14,26
122000041,552,1117,-565
122000042,206,745,-539
122000043,61,194,-133
122000044,24,201,-177
122000045,333,150,183
122000046,438,238,200
122000047,6,10,-4
122000048,1120,2426,-1306
122000049,1908,1249,659
122000050,249,446,-197
122000051,173,794,-621
122000052,95,512,-417
122000053,168,1622,-1454
122000054,561,881,-320
122000055,2300,2606,-306
122000056,1044,1265,-221
122000057,980,1223,-243
122000058,500,630,-130
122000059,436,1014,-578
122000060,82,104,-22
122000061,34,113,-79
122000062,325,44,281
122000063,52,449,-397
122000064,1525,2359,-834
122000065,1154,1120,34
122000066,259,242,17
122000067,721,2130,-1409
122000068,178,1853,-1675
122000069,109,200,-91
122000070,768,475,293
122000071,256,402,-146
122000072,12,115,-103
122000073,37,128,-91
122000074,482,603,-121
122000075,134,593,-459
122000076,320,381,-61
122000077,101,386,-285
122000078,507,526,-19
122000079,112,473,-361
122000080,60,269,-209
122000081,7,153,-146
122000082,162,239,-77
122000083,155,383,-228
122000084,66,135,-69
122000085,47,172,-125
122000086,1025,2915,-1890
122000087,351,283,68
122000088,55,40,15
122000089,949,887,62
122000090,79,215,-136
122000091,39,79,-40
122000092,7,11,-4
122000093,880,2676,-1796
122000094,1717,1517,200
122000095,542,1457,-915
122000096,129,937,-808
122000098,1468,3458,-1990
122000099,157,411,-254
122000100,203,100,103
122000101,68,101,-33
122000102,46,244,-198
122000103,117,166,-49
122000104,20,125,-105
122000105,92,119,-27
122000106,148,211,-63
122000107,289,303,-14
122000108,31,62,-31
122000109,90,187,-97
122000110,30,53,-23
122000111,377,211,166
122000112,191,257,-66
122000113,201,130,71
122000114,545,2338,-1793
122000115,653,1505,-852
122000116,93,224,-131
122000117,40,29,11
122000118,209,50,159
122000119,138,133,5
122000120,153,131,22
122000121,296,556,-260
122000122,92,387,-295
122000123,284,385,-101
122000124,112,369,-257
122000125,71,253,-182
122000126,20,209,-189
122000127,69,226,-157
122000128,122,151,-29
122000129,59,253,-194
122000130,565,453,112
122000131,76,107,-31
122000132,19,11,8
122000133,79,77,2
122000134,154,238,-84
122000135,114,106,8
122000136,134,196,-62
122000137,275,303,-28
122000139,185,667,-482
122000140,113,357,-244
122000141,333,393,-60
122000142,31,394,-363
122000143,48,64,-16
122000144,254,103,151
122000145,126,54,72
122000146,124,284,-160
122000147,137,189,-52
122000148,187,206,-19
122000149,268,107,161
122000150,325,169,156
122000151,0,0,0
122000152,0,0,0
122000153,89,170,-81
122000154,73,98,-25
122000155,433,300,133
122000156,1215,1595,-380
122000157,297,771,-474
122000158,75,61,14
122000159,206,277,-71
122000160,479,329,150
122000161,144,192,-48
122000162,234,227,7
122000163,25,9,16
122000164,2,7,-5
122000165,72,629,-557
122000166,176,231,-55
122000167,3,6,-3
122000168,39,764,-725
122000169,38,50,-12
122000170,65,188,-123
122000171,0,0,0
122000172,209,751,-542
122000173,259,915,-656
122000174,423,1174,-751
122000175,164,23,141
122000176,203,680,-477
122000177,733,1686,-953
122000178,579,495,84
122000179,299,1406,-1107
122000180,458,1308,-850
122000181,386,1781,-1395
122000182,278,311,-33
122000183,138,61,77
122000184,1184,1225,-41
122000185,281,671,-390
122000186,135,436,-301
122000187,489,288,201
122000188,0,0,0
122000189,65,133,-68
122000190,273,489,-216
122000191,76,195,-119
122000192,188,46,142
122000193,118,334,-216
122000194,100,28,72
122000195,35,337,-302
122000196,98,85,13
122000197,57,65,-8
122000198,52,424,-372
122000199,59,83,-24
122000200,162,162,0
122000201,476,773,-297
122000202,210,596,-386
122000203,300,239,61
122000204,439,543,-104
122000205,219,278,-59
122000206,386,713,-327
122000207,447,745,-298
122000208,813,468,345
122000209,421,99,322
122000210,243,418,-175
122000211,76,300,-224
122000212,178,156,22
122000213,158,337,-179
122000214,547,1006,-459
122000215,1478,718,760
122000217,357,443,-86
122000218,168,95,73
122000219,237,274,-37
122000220,63,342,-279
122000221,128,408,-280
122000222,48,55,-7
122000223,83,248,-165
122000225,189,103,86
122000226,62,202,-140
122000227,26,172,-146
122000228,22,77,-55
122000229,3,224,-221
122000230,3,118,-115
122000231,29,71,-42
122000232,52,96,-44
122000233,0,9,-9
122000234,133,145,-12
122000235,149,47,102
122000236,465,18,447
122000237,2,2,0
122000238,22,127,-105
122000239,147,32,115
122000240,316,159,157
122000241,227,109,118
122000242,55,3,52
122000243,4,1,3
122000244,1,112,-111
122000245,4,0,4
122000246,8,76,-68
122000247,84,80,4
122000248,326,154,172
122000249,234,225,9
122000250,225,276,-51
122000251,0,0,0
122000252,19,16,3
122000253,0,0,0
122000254,76,9,67
122000255,66,226,-160
122000256,6,51,-45
122000257,7,12,-5
122000258,75,136,-61
122000259,9,423,-414
122000260,3,116,-113
122000261,8,58,-50
122000262,0,1,-1
122000263,44,1,43
122000264,495,56,439
122000265,550,150,400
122000266,765,77,688
122000267,1,35,-34
122000268,41,20,21
122000269,77,37,40
122000270,13,29,-16
122000271,0,0,0
122000272,0,0,0
122000273,20,0,20
122000274,3,7,-4
122000275,1,4,-3
122000276,194,198,-4
122000277,253,544,-291
122000278,412,86,326
122000279,78,23,55
122000280,137,29,108
122000281,90,88,2
122000282,8,367,-359
122000283,17,38,-21
122000284,37,7,30
122000285,0,0,0
122000286,0,0,0
122000287,870,383,487
122000288,112,41,71
122000291,1218,353,865
122000293,27,58,-31
122000294,68,140,-72
122000295,413,69,344
122000296,31,317,-286
122000297,584,2160,-1576
122000299,217,172,45
122000300,29,69,-40
122000301,419,1303,-884
122000302,218,1117,-899
122000303,296,46,250
122000304,1,32,-31
122000305,668,134,534
122000306,18,187,-169
122000307,36,39,-3
122000309,1,3,-2
122000310,3,15,-12
122000311,29,21,8
122000312,23,106,-83
122000313,18,100,-82
122000314,61,253,-192
122000315,64,9,55
122000316,360,74,286
122000317,614,101,513
122000318,186,595,-409
122000319,20,98,-78
122000320,21,89,-68
122000321,27,63,-36
122000322,454,362,92
122000323,147,314,-167
122000324,341,724,-383
122000325,211,335,-124
122000326,12,1,11
122000327,19,206,-187
122000328,69,137,-68
122000330,245,639,-394
122000332,16,532,-516
122000333,13,13,0
122000337,126,101,25
122000338,106,42,64
122000340,44,153,-109
122000342,221,372,-151
122000343,44,115,-71
122000344,59,2,57
122000345,54,107,-53
122000346,51,4,47
122000348,158,268,-110
122000349,1,59,-58
122000351,93,27,66
122000352,14,15,-1
122000353,23,0,23
122000355,51,436,-385
122000356,58,174,-116
122000357,10,18,-8
122000358,0,0,0
122000359,0,0,0
122000360,0,0,0
122000362,0,2,-2
122000364,34,43,-9
122000365,0,8,-8
122000366,4,0,4
122000368,22,61,-39
122000370,0,0,0
122000371,0,0,0
122000372,0,0,0
122000381,13,75,-62
122000382,1,34,-33
122000384,252,419,-167
122000385,24,0,24
122000386,58,589,-531
122000387,91,134,-43
122000388,133,389,-256
122000389,58,50,8
122000390,53,206,-153
122000391,1,61,-60
122000392,5,8,-3
122000393,0,27,-27
122000394,58,9,49
122000395,16,8,8
122000396,71,4,67
122000397,0,0,0
122000398,9,87,-78
122000399,13,6,7
122000400,18,130,-112
122000401,15,1,14
122000402,101,63,38
122000403,87,15,72
122000404,167,43,124
122000408,158,267,-109
122000503,0,18,-18
122000524,0,0,0
122000544,15,39,-24
122000616,0,0,0
122000640,8,45,-37
122000641,75,76,-1
122000642,219,73,146
122000643,12,107,-95
122000644,0,0,0
122000645,7,17,-10
122000651,191,641,-450
122000664,25,15,10
122000665,134,250,-116
122000666,118,181,-63
122000673,2,73,-71
122000674,164,77,87
122000675,1085,386,699
122000686,140,121,19
122000687,407,42,365
122000688,178,106,72
122000689,508,36,472
122000690,1278,64,1214
122000691,681,91,590
122000692,253,40,213
122000693,131,169,-38
122000695,30,25,5
122000696,283,56,227
122000698,17,18,-1
122000699,73,70,3
122000701,329,74,255
122000702,114,194,-80
122000703,13,37,-24
122000717,0,75,-75
122000718,24,560,-536
122000719,4,20,-16
122000720,259,35,224
122000724,2,3,-1
122900001,0,0,0
122900002,74,593,-519
122900003,40,0,40
122900004,0,0,0
122900005,0,0,0
122900006,0,0,0
122900007,0,0,0
122900008,0,0,0
122900009,0,0,0
122900010,15,1,14
122900012,20,19,1
122900014,0,0,0
122900015,37,17,20
122900016,0,0,0
122900017,1,1,0
122900018,0,0,0
122900019,0,0,0
122900020,0,0,0
122900021,0,0,0
122900022,0,0,0
122900023,0,0,0
122900024,0,0,0
122900025,0,0,0
122900026,0,0,0
122900027,1,75,-74
122900028,0,0,0
122900029,0,0,0
122900030,0,0,0
122900031,26,33,-7
122900032,0,0,0
122900033,27,31,-4
122900034,42,44,-2
122900035,12,1,11
122900036,0,0,0
122900037,0,0,0
122900038,24,160,-136
122900039,1,41,-40
122900040,5,33,-28
122900041,2,50,-48
122900042,11,18,-7
122900043,24,46,-22
122900044,1,21,-20
122900045,7,54,-47
122900046,2,33,-31
122900047,6,3,3
122900048,0,0,0
122900049,0,0,0
122900051,1,1,0
122900052,38,1,37
122900053,1,5,-4
122900055,8,0,8
122900057,26,1,25
122900061,0,0,0
122900062,0,0,0
122900063,0,0,0
122900064,0,0,0
122900065,0,0,0
122900066,0,0,0
122900067,12,4,8
122900068,0,0,0
122900069,0,0,0
122900070,114,3,111
122900071,0,0,0
122900072,13,0,13
122900073,0,0,0
122900074,370,7,363
122900075,0,0,0
122900076,0,0,0
122900077,0,0,0
122900078,170,3,167
122900080,0,0,0
122900081,45,0,45
122900082,334,1,333
122900083,0,0,0
122900084,0,0,0
122900086,0,0,0
122900087,41,0,41
122900088,0,10,-10
122900089,0,0,0
122900090,0,0,0
122900091,0,0,0
122900092,0,0,0
122900093,0,0,0
122900094,0,0,0
122900095,0,0,0
122900096,71,0,71
122900097,0,0,0
122900098,0,0,0
122900099,0,0,0
122900100,0,0,0
122900101,0,0,0
122900102,0,0,0
122900103,0,0,0
122900104,0,0,0
122900105,0,0,0
122900106,0,0,0
122900107,0,0,0
122900108,0,0,0
123000001,623,141,482
123000002,707,2638,-1931
123000003,1482,1318,164
123000004,1099,1484,-385
123000005,1337,1076,261
123000006,1040,1291,-251
123000007,1176,845,331
123000008,375,420,-45
123000009,1926,2210,-284
123000010,592,525,67
123000011,807,870,-63
123000012,10,89,-79
123000013,1189,337,852
123000014,57,242,-185
123000015,1107,446,661
123000016,81,263,-182
123000017,3428,1933,1495
123000018,79,52,27
123000019,228,11,217
123000020,117,5,112
123000021,135,72,63
123000022,678,220,458
123000023,1449,1113,336
123000024,623,283,340
123000025,5,104,-99
123000026,0,87,-87
123000027,0,117,-117
123000028,100,1828,-1728
123000029,15,379,-364
123000030,25,26,-1
123000031,366,83,283
123000032,454,78,376
123000033,105,52,53
123000034,419,355,64
123000035,138,271,-133
123000036,60,626,-566
123000037,42,18,24
123000038,23,142,-119
123000039,427,1072,-645
123000040,28,27,1
123000041,167,779,-612
123000042,39,80,-41
123000043,944,4214,-3270
123000044,816,566,250
123000045,422,351,71
123000046,152,481,-329
123000047,244,102,142
123000048,27,803,-776
123000049,3314,3240,74
123000050,472,457,15
123000051,13,55,-42
123000052,280,747,-467
123000053,1017,1066,-49
123000054,437,1258,-821
123000055,1567,2559,-992
123000056,151,338,-187
123000057,659,1028,-369
123000058,96,289,-193
123000059,40,108,-68
123000060,294,138,156
123000061,23,133,-110
123000063,143,178,-35
123000064,251,27,224
123000065,531,750,-219
123000066,155,127,28
123000067,339,183,156
123000068,467,457,10
123000069,1197,328,869
123000070,98,78,20
123000071,595,208,387
123000072,147,40,107
123000073,683,358,325
123000074,192,57,135
123000075,189,615,-426
123000076,108,141,-33
123000077,461,213,248
123000078,968,499,469
123000079,1256,622,634
123000080,614,132,482
123000081,30,38,-8
123000082,104,121,-17
123000083,150,66,84
123000084,186,14,172
123000085,75,11,64
123000086,254,22,232
123000087,93,90,3
123000088,523,98,425
123000089,541,303,238
123000090,0,0,0
123000091,573,287,286
123000092,0,0,0
123000094,207,17,190
123000095,356,169,187
123000096,439,90,349
123000097,304,65,239
123000098,256,76,180
123000099,240,148,92
123000100,117,665,-548
123000101,119,67,52
123000102,349,769,-420
123000104,91,144,-53
123000105,38,18,20
123000106,151,137,14
123000107,3,7,-4
123000108,264,70,194
123000111,265,67,198
123000112,262,76,186
123000113,217,48,169
123000114,112,279,-167
123000115,92,91,1
123000116,12,7,5
123000117,568,371,197
123000118,170,137,33
123000119,79,96,-17
123000120,60,127,-67
123000121,234,203,31
123000122,0,0,0
123000123,381,133,248
123000124,0,0,0
123000125,521,470,51
123000126,460,1535,-1075
123000127,100,195,-95
123000128,0,0,0
123000129,391,14,377
123000130,259,6,253
123000131,498,200,298
123000132,0,0,0
123000133,0,0,0
123000134,23,17,6
123000135,465,284,181
123000136,0,0,0
123000137,0,0,0
123000138,0,0,0
123000139,202,40,162
123000140,0,0,0
123000141,121,27,94
123000142,194,57,137
123000143,106,236,-130
123000144,1,2,-1
123000145,50,264,-214
123000146,5,96,-91
123000147,31,45,-14
123000149,51,98,-47
123000150,31,56,-25
123000151,41,257,-216
123000152,12,10,2
123000153,11,336,-325
123000154,198,607,-409
123000155,308,438,-130
123000156,2,3,-1
123000157,71,116,-45
123000158,148,226,-78
123000159,449,1427,-978
123000160,158,360,-202
123000161,494,249,245
123000162,652,596,56
123000163,361,85,276
123000164,1091,14,1077
123000165,37,296,-259
123000166,0,3,-3
123000167,8,7,1
123000168,44,15,29
123000169,408,25,383
123000170,26,0,26
123000171,339,1,338
123000172,34,36,-2
123000173,183,73,110
123000174,303,90,213
123000175,16,78,-62
123000176,346,53,293
123000177,51,83,-32
123000178,249,65,184
123000179,0,45,-45
123000180,769,159,610
123000181,76,197,-121
123000182,97,44,53
123000183,100,130,-30
123000184,28,24,4
123000185,488,184,304
123000186,0,0,0
123000187,366,3,363
123000188,233,0,233
123000189,136,57,79
123000190,84,44,40
123000192,0,48,-48
123000193,6,161,-155
123000194,44,113,-69
123000195,168,6,162
123000196,204,7,197
123000197,28,31,-3
123000198,0,121,-121
123000199,3,55,-52
123000200,531,8,523
123000201,715,11,704
123000202,1,73,-72
123000203,740,21,719
123000204,19,133,-114
123000205,66,189,-123
123000206,1883,133,1750
123000207,12,114,-102
123000208,348,35,313
123000209,1174,198,976
123000210,49,210,-161
123000211,76,329,-253
123000212,2342,206,2136
123000213,292,20,272
123000215,40,99,-59
123000216,60,367,-307
123000217,182,55,127
123000218,9,15,-6
123000219,187,45,142
123000220,274,43,231
123000221,28,27,1
123000222,244,109,135
123000223,437,69,368
123000224,197,65,132
123000225,158,10,148
123000226,50,15,35
123000227,55,2,53
123000228,128,15,113
123000229,246,86,160
123000232,2,5,-3
123000233,344,34,310
123000234,0,16,-16
123000235,300,101,199
123000236,14,85,-71
123000237,254,24,230
123000238,7,4,3
123000239,110,99,11
123000240,6,209,-203
123000241,86,42,44
123000242,57,89,-32
123000243,73,125,-52
123000244,90,90,0
123000245,0,0,0
123000249,0,0,0
123000252,406,125,281
123000253,481,263,218
123000254,162,150,12
123000255,129,305,-176
123000256,0,1,-1
123000257,433,301,132
123000258,277,101,176
123000259,187,164,23
123000260,213,149,64
123000261,164,21,143
123000262,9,16,-7
123000263,205,34,171
123000264,119,5,114
123000265,23,11,12
123000266,93,132,-39
123000267,223,158,65
123000268,23,1,22
123000269,20,81,-61
123000270,28,34,-6
123000271,12,16,-4
123000272,349,111,238
123000273,122,586,-464
123000274,677,279,398
123000275,36,103,-67
123000278,203,852,-649
123000279,33,20,13
123000280,104,62,42
123000281,72,53,19
123000282,50,190,-140
123000283,104,50,54
123000284,58,10,48
123000286,62,286,-224
123000287,103,135,-32
123000288,402,465,-63
123000289,92,438,-346
123000291,16,8,8
123000294,59,299,-240
123000295,382,1103,-721
123000296,556,752,-196
123000297,192,67,125
123000298,115,39,76
123000299,44,203,-159
123000300,380,176,204
123000301,35,77,-42
123000302,97,40,57
123000303,12,502,-490
123000305,125,404,-279
123000306,33,6,27
123000309,7,7,0
123000310,41,4,37
123000311,0,0,0
123000312,39,202,-163
123000313,239,109,130
123000315,299,47,252
123000316,320,5,315
123000317,48,57,-9
123000318,2,57,-55
123000329,1,0,1
123000337,202,157,45
123000338,351,175,176
123000339,30,9,21
123000340,21,107,-86
123000342,0,8,-8
123000343,34,0,34
123000344,291,119,172
123000345,85,128,-43
123000346,395,22,373
123000352,73,116,-43
123000353,10,13,-3
123000354,595,2,593
123000355,1,118,-117
123000356,153,0,153
123000357,0,6,-6
123000359,0,6,-6
123000360,123,195,-72
123000361,128,18,110
123000362,199,16,183
123000363,55,6,49
123000364,130,90,40
123000365,2,12,-10
123000366,83,536,-453
123000367,27,224,-197
123000370,3,0,3
123000371,194,3,191
123000372,129,2,127
123000373,0,10,-10
123000374,0,0,0
123000375,291,31,260
123000376,400,385,15
123000377,252,4,248
123000378,4,8,-4
123000379,0,47,-47
123000380,0,0,0
123000381,18,41,-23
123000382,236,45,191
123000383,0,0,0
123000384,109,33,76
123000385,0,1,-1
123000436,30,462,-432
123000507,23,86,-63
123000508,67,1038,-971
123000517,51,3,48
123000518,11,75,-64
123000519,20,22,-2
123000520,12,214,-202
123000521,125,18,107
123000522,77,134,-57
123000541,3,3,0
123000542,0,0,0
123000565,315,1,314
123000566,134,175,-41
123000567,48,92,-44
123000573,0,0,0
123000574,413,12,401
123000575,655,15,640
123000576,208,9,199
123000577,28,24,4
123000578,106,44,62
123000579,601,2415,-1814
123000580,48,18,30
123000582,245,2,243
123000583,2,12,-10
123000584,78,65,13
123000585,0,0,0
123000586,46,2,44
123000596,52,28,24
123000597,84,98,-14
123000602,20,11,9
123000603,529,56,473
123000604,154,12,142
123000605,347,97,250
123000606,0,0,0
123000609,4,54,-50
123000610,12,44,-32
123000613,0,0,0
123000614,241,3,238
123000615,0,0,0
123000616,218,5,213
123000617,0,0,0
123000618,0,0,0
123000619,55,7,48
123000620,0,0,0
123000622,126,7,119
123000624,38,4,34
123000630,928,197,731
123000631,56,63,-7
123000632,149,66,83
123000633,2,123,-121
123000634,19,93,-74
123000635,0,0,0
123000636,22,79,-57
123000637,23,36,-13
123000638,87,60,27
123000639,368,1266,-898
123000640,11,0,11
123900001,0,0,0
123900002,0,0,0
123900003,0,0,0
123900005,0,0,0
123900006,0,0,0
124000001,763,87,676
124000002,2,388,-386
124000003,548,77,471
124000004,0,86,-86
124000005,613,343,270
124000006,20,54,-34
124000007,56,51,5
124000008,8,74,-66
124000009,412,80,332
124000010,16,134,-118
124000011,498,136,362
124000012,7,107,-100
124000017,103,38,65
124000018,0,0,0
124000019,90,61,29
124000020,0,0,0
124000021,74,68,6
124000022,0,0,0
124000023,425,1128,-703
124000024,244,98,146
124000025,640,896,-256
124000026,460,1069,-609
124000027,2218,1357,861
124000028,80,3382,-3302
124000030,511,118,393
124000031,412,2758,-2346
124000032,4,77,-73
124000033,230,133,97
124000034,120,113,7
124000035,1,123,-122
124000036,0,54,-54
124000037,30,263,-233
124000038,3,9,-6
124000039,131,20,111
124000040,107,133,-26
124000041,311,11,300
124000042,4,31,-27
124000043,60,11,49
124000044,0,19,-19
124000045,428,74,354
124000046,0,0,0
124000047,647,98,549
124000048,0,0,0
124000049,941,128,813
124000050,0,0,0
124000051,828,110,718
124000052,0,0,0
124000053,342,809,-467
124000054,0,0,0
124000055,776,1068,-292
124000056,3,0,3
124000057,982,290,692
124000058,5,2,3
124000059,683,670,13
124000060,281,38,243
124000061,535,1846,-1311
124000062,274,56,218
124000063,423,109,314
124000064,341,107,234
124000065,0,0,0
124000066,11,8,3
124000067,95,32,63
124000068,0,0,0
124000069,358,29,329
124000070,0,0,0
124000071,18,33,-15
124000072,0,0,0
124000073,304,23,281
124000074,0,0,0
124000075,243,47,196
124000076,0,0,0
124000077,42,109,-67
124000078,387,291,96
124000079,6,105,-99
124000080,224,44,180
124000081,0,0,0
124000082,23,74,-51
124000083,0,0,0
124000084,27,162,-135
124000085,0,0,0
124000086,13,220,-207
124000087,13,93,-80
124000088,37,108,-71
124000089,215,8,207
124000090,0,0,0
124000091,217,21,196
124000092,0,0,0
124000093,59,110,-51
124000094,20,187,-167
124000095,127,30,97
124000096,21,62,-41
124000097,155,17,138
124000098,31,70,-39
124000099,32,15,17
124000100,0,0,0
124000101,155,41,114
124000102,64,23,41
124000103,232,60,172
124000104,15,4,11
124000105,207,48,159
124000106,92,31,61
124000107,35,284,-249
124000108,36,10,26
124000109,113,31,82
124000110,66,18,48
124000111,106,40,66
124000112,230,156,74
124000113,113,54,59
124000114,151,114,37
124000115,300,367,-67
124000116,43,63,-20
124000117,32,12,20
124000118,11,34,-23
124000119,170,147,23
124000120,199,66,133
124000121,407,225,182
124000122,149,374,-225
124000123,353,149,204
124000124,176,209,-33
124000125,267,87,180
124000126,119,110,9
124000127,896,86,810
124000128,274,194,80
124000129,1117,627,490
124000130,166,38,128
124000131,440,286,154
124000132,220,110,110
124000133,621,351,270
124000134,213,167,46
124000135,714,642,72
124000136,59,132,-73
124000137,265,267,-2
124000138,85,138,-53
124000139,139,22,117
124000140,8,83,-75
124000141,1,7,-6
124000142,0,166,-166
124000143,13,0,13
124000144,1,32,-31
124000145,74,9,65
124000146,0,6,-6
124000148,32,14,18
124000149,324,81,243
124000150,27,71,-44
124000151,345,224,121
124000152,76,58,18
124000153,291,541,-250
124000154,28,137,-109
124000155,376,161,215
124000156,68,97,-29
124000169,75,161,-86
124000170,67,83,-16
124000171,92,123,-31
124000172,50,76,-26
124000173,192,33,159
124000174,193,78,115
124000175,0,0,0
124000176,4,46,-42
124000177,0,0,0
124000178,6,75,-69
124000190,6,5,1
124000191,0,0,0
124000192,342,229,113
124000193,23,318,-295
124000194,101,92,9
124000195,214,246,-32
124000196,114,83,31
124000197,42,5,37
124000198,85,15,70
124000201,8,0,8
124000202,348,26,322
124000203,107,2,105
124000204,600,6,594
124000205,67,1,66
124000206,954,118,836
124000207,0,0,0
124000209,136,21,115
124000210,612,109,503
124000211,691,11,680
124000212,0,0,0
124000213,71,1,70
124000214,322,6,316
124000215,399,0,399
124000216,0,0,0
124000329,0,175,-175
124000338,1,122,-121
124000339,767,7,760
124000341,622,19,603
124000344,26,0,26
124000357,824,1066,-242
124000358,903,1065,-162
124000359,1010,483,527
124000360,526,269,257
124000361,867,671,196
124000362,481,440,41
124000363,154,42,112
124000364,257,305,-48
124000365,18,87,-69
124000366,7,184,-177
124000367,8,72,-64
124000368,103,224,-121
124000369,51,61,-10
124000370,4,125,-121
124000402,8,11,-3
124000403,144,12,132
124000404,2,21,-19
124000405,584,194,390
124000406,176,137,39
124000407,2,13,-11
124000411,0,16,-16
124000412,135,0,135
124000413,0,4,-4
124000414,119,42,77
124000415,114,25,89
124000416,127,74,53
124000417,131,65,66
124000418,117,29,88
124000419,112,13,99
124000420,73,19,54
124000421,90,16,74
124000422,2,9,-7
124000423,53,5,48
124000424,0,17,-17
124000425,21,7,14
124000426,1,25,-24
124000427,18,0,18
124000428,0,20,-20
124000429,87,20,67
124000430,119,128,-9
124000431,31,42,-11
124000432,177,351,-174
124000439,3,3,0
124000442,0,0,0
124000443,0,0,0
124000445,2,229,-227
124000446,0,0,0
124900001,0,0,0
124900002,0,0,0
124900003,0,0,0
124900004,0,0,0
124900005,0,0,0
124900006,0,0,0
124900008,0,0,0
124900009,0,0,0
124900010,0,0,0
124900011,0,0,0
124900012,0,0,0
124900013,0,0,0
124900014,0,0,0
124900015,6,32,-26
124900016,52,15,37
124900017,60,85,-25
124900018,8,0,8
124900020,47,0,47
124900021,59,9,50
124900022,1,1,0
124900024,61,0,61
124900026,23,0,23
124900027,0,0,0
124900028,0,0,0
124900029,0,0,0
124900030,0,0,0
124900031,0,0,0
124900032,0,0,0
124900033,0,0,0
124900034,0,0,0
124900035,0,0,0
124900036,0,0,0
124900037,0,0,0
124900038,0,0,0
124900039,0,0,0
124900040,0,0,0
124900041,0,0,0
124900042,0,0,0
124900043,0,0,0
124900044,0,0,0
124900045,0,0,0
124900046,0,0,0
124900047,0,0,0
124900048,0,0,0
124900050,0,0,0
124900052,0,0,0
124900053,0,0,0
124900054,0,0,0
124900055,0,0,0
124900057,0,0,0
124900060,0,0,0
124900061,14,0,14
124900062,20,0,20
124900066,0,0,0
124900067,0,0,0
124900068,0,0,0
124900070,0,0,0
124900072,0,0,0
124900074,0,0,0
124900075,0,0,0
124900076,0,0,0
124900077,0,0,0
124900078,0,0,0
124900079,0,0,0
124900080,0,0,0
124900081,0,0,0
124900082,0,0,0
124900083,0,0,0
124900084,0,0,0
124900085,0,0,0
124900086,0,0,0
124900087,0,0,0
124900088,0,0,0
124900089,0,0,0
124900090,34,5,29
124900091,0,0,0
124900092,0,0,0
124900093,36,16,20
124900094,114,4,110
124900095,13,37,-24
124900096,58,12,46
124900097,68,13,55
124900098,0,0,0
124900099,0,0,0
124900100,28,1,27
124900101,17,2,15
124900102,76,2,74
124900103,0,0,0
124900104,0,0,0
124900105,0,0,0
124900106,52,4,48
124900107,18,6,12
124900108,0,0,0
124900109,0,0,0
124900110,0,0,0
124900111,0,0,0
124900112,0,0,0
124900113,0,0,0
124900114,0,0,0
124900115,0,0,0
124900116,48,53,-5
124900117,0,0,0
124900118,2,42,-40
124900119,0,0,0
124900120,0,0,0
124900121,0,0,0
124900122,0,0,0
124900123,0,0,0
124900124,0,0,0
129000186,34,90,-56
204000001,23,0,23
204000002,2,11,-9
204000003,7,12,-5
204000004,13,1,12
204000005,455,667,-212
204000006,978,1793,-815
204000011,0,0,0
204000012,0,0,0
204000013,0,0,0
204000019,1148,405,743
204000020,421,317,104
204000021,521,363,158
204000022,978,468,510
204000023,0,0,0
204000031,7,5,2
204000032,103,29,74
204000034,0,0,0
204000035,0,0,0
204000036,0,0,0
204000037,0,0,0
204000038,0,0,0
204000039,0,0,0
204000040,0,0,0
204000041,0,0,0
204000042,10,6,4
204000043,4,9,-5
204000044,10,1,9
204000045,42,8,34
204000046,5,0,5
204000057,0,0,0
204000062,0,0,0
204000068,0,0,0
204000069,0,0,0
204000070,94,82,12
204000080,0,0,0
204000085,0,0,0
204000086,0,0,0
204000087,12,17,-5
204000088,0,0,0
204000090,0,0,0
204000093,452,11,441
204000096,849,321,528
204000097,216,1,215
204000099,1172,1490,-318
204000100,1275,625,650
204000105,0,0,0
204000110,0,0,0
204000111,0,0,0
204000112,0,0,0
204000113,0,0,0
204000114,374,643,-269
204000115,277,174,103
204000116,165,318,-153
204000119,1793,729,1064
204000132,604,363,241
204000133,974,80,894
204000134,149,47,102
204000135,580,44,536
204000136,358,138,220
204000138,236,492,-256
204000140,163,171,-8
204000141,166,35,131
204000144,0,12,-12
204000145,139,6,133
204000146,0,0,0
204000147,0,0,0
204000148,115,20,95
204000154,5,1,4
204000155,0,0,0
204000177,94,21,73
204000179,1,8,-7
204000180,0,0,0
204000222,0,0,0
204000235,0,0,0
204000236,9,14,-5
204000238,15,3,12
204000240,63,2,61
204000263,0,0,0
204000268,699,287,412
204000308,31,4,27
204000317,0,0,0
204000322,0,0,0
204000323,1,0,1
204000328,262,36,226
204000329,0,0,0
204000330,50,3,47
204000331,0,0,0
204010341,7,56,-49
205000001,0,0,0
205000013,0,0,0
205000014,0,0,0
205000015,0,0,0
205000016,0,0,0
205000017,0,0,0
205000022,0,0,0
205000025,0,0,0
205000029,163,17,146
205000045,0,0,0
205000046,0,0,0
205000047,0,0,0
205000048,0,0,0
205000049,0,0,0
205000050,0,0,0
205000059,0,0,0
205000060,0,0,0
205000061,0,0,0
205000062,0,0,0
205000063,0,0,0
205000064,0,0,0
205000065,0,0,0
205000066,0,0,0
205000067,0,0,0
205000069,63,36,27
205000082,85,91,-6
205000110,0,0,0
205000111,0,0,0
205000112,59,103,-44
205000113,0,0,0
205000121,90,52,38
205000123,0,0,0
205000126,966,115,851
205000127,1067,28,1039
205000128,432,41,391
205000129,486,55,431
205000130,55,40,15
205000131,37,16,21
205000132,17,1,16
205000133,10,3,7
205000134,192,0,192
205000137,0,0,0
205000138,0,0,0
205000139,0,0,0
205000144,20,41,-21
205000145,169,37,132
205000151,19,35,-16
205000152,91,45,46
205000153,89,23,66
205000154,51,36,15
205000155,98,17,81
205000207,0,0,0
205000233,4,0,4
205000234,0,0,0
205000243,0,0,0
205000244,0,0,0
205000245,0,0,0
205000249,0,0,0
205000250,2,0,2
205000264,0,0,0
206000027,3,12,-9
206000028,15,11,4
206000043,3,29,-26
206000053,0,0,0
206000054,0,0,0
206000055,0,0,0
206000075,0,24,-24
206000076,4,4,0
206000077,42,2,40
206000078,3,4,-1
206000079,10,4,6
206000082,105,75,30
206000100,4,230,-226
206000103,0,0,0
206000104,0,0,0
206000105,0,0,0
206000106,0,0,0
206000108,330,132,198
206000125,116,0,116
206000157,0,0,0
206000170,0,0,0
206000171,0,42,-42
206000172,1,30,-29
206000173,0,14,-14
206000174,1,5,-4
206000175,0,13,-13
206000176,0,8,-8
206000177,0,14,-14
206000178,0,19,-19
206000179,1,31,-30
206000180,0,38,-38
206000181,1,21,-20
206000182,5,41,-36
206000183,23,61,-38
206000184,0,6,-6
206000185,0,0,0
206000186,0,23,-23
206000223,0,0,0
206000226,17,1,16
206000227,5,2,3
206000237,0,8,-8
206000238,2,18,-16
206000239,1,150,-149
206000240,0,0,0
206000241,0,90,-90
206000242,0,3,-3
206000243,0,0,0
206000244,1,2,-1
206000245,688,25,663
206000246,196,9,187
206000247,231,13,218
206000248,263,4,259
206000252,31,63,-32
206000258,0,0,0
206000315,29,4,25
206000317,336,94,242
206000318,207,33,174
206000319,998,23,975
206000320,256,12,244
206000321,332,1,331
206000322,420,15,405
206000323,156,11,145
206000324,158,7,151
206000325,128,5,123
206000326,97,33,64
206000327,9,27,-18
206000328,145,14,131
206000329,286,1,285
206000330,52,0,52
206000331,233,0,233
206000332,50,0,50
206000333,668,1,667
206000334,244,1,243
206000335,0,0,0
206000361,0,0,0
206000392,0,0,0
206000405,119,1,118
206000441,59,55,4
206000498,31,0,31
206000515,64,32,32
206000530,178,44,134
206000531,136,91,45
206000532,487,64,423
206000535,12,236,-224
206000536,0,20,-20
206000537,1,9,-8
206000613,545,149,396
207000001,0,0,0
207000002,0,0,0
207000003,0,0,0
207000007,1067,208,859
207000008,195,2,193
207000009,94,7,87
207000010,58,181,-123
207000012,380,119,261
207000015,64,176,-112
207000019,149,41,108
207000021,242,211,31
207000022,195,96,99
207000023,149,32,117
207000024,0,12,-12
207000025,18,38,-20
207000026,0,0,0
207000027,0,0,0
207000028,0,0,0
207000029,0,0,0
207000033,136,262,-126
207000034,147,105,42
207000039,555,33,522
207000040,335,67,268
207000041,166,24,142
207000042,248,20,228
207000043,190,72,118
207000051,0,0,0
207000052,0,0,0
207000053,0,0,0
207000054,0,0,0
207000055,0,0,0
207000056,0,0,0
207000057,0,0,0
207000058,0,0,0
207000059,0,0,0
207000060,0,0,0
207000061,181,1224,-1043
207000062,368,61,307
207000063,352,16,336
207000064,279,53,226
207000065,277,56,221
207000066,275,114,161
207000067,140,28,112
207000068,148,11,137
207000069,531,177,354
207000082,1,183,-182
207000083,38,162,-124
207000084,377,108,269
207000085,196,47,149
207000086,355,15,340
207000106,62,7,55
207000107,170,2,168
207000108,64,1,63
207000109,69,7,62
207000110,39,10,29
207000111,103,12,91
207000112,63,185,-122
207000114,0,0,0
207000115,0,0,0
207000116,0,0,0
207000117,0,0,0
207000118,0,0,0
207000119,0,0,0
207000123,114,3,111
207000124,105,18,87
207000125,37,7,30
207000126,44,6,38
207000134,164,128,36
207000135,34,362,-328
207000148,77,170,-93
207000149,0,0,0
207000152,0,0,0
207000153,0,0,0
207000154,201,66,135
207000159,0,0,0
207000160,0,0,0
207000238,0,0,0
207000242,0,0,0
207000248,0,0,0
207000249,0,0,0
207000250,0,0,0
207000251,0,0,0
207000252,0,0,0
207000278,164,85,79
207000279,0,0,0
207000280,905,43,862
207000281,39,163,-124
207000282,19,156,-137
207000283,2,42,-40
207000284,16,379,-363
207000285,1,83,-82
207000291,0,0,0
207000304,59,20,39
207000306,0,0,0
207000310,130,51,79
207000353,34,0,34
207000356,0,0,0
207000357,0,112,-112
207000358,0,6,-6
207000415,0,0,0
207000417,14,1,13
207000418,10,27,-17
207000438,0,0,0
207000439,358,117,241
207000446,54,1,53
207000460,69,1,68
207000466,0,0,0
207000467,188,29,159
207000468,0,0,0
207000476,9,7,2
207000477,207,25,182
207000478,0,0,0
207000523,0,0,0
207000524,1,0,1
207000527,146,54,92
207000530,193,0,193
207000531,92,1,91
207000532,13,2,11
207000534,64,33,31
207000535,0,0,0
207000537,0,0,0
207000540,0,0,0
207000541,0,0,0
207000548,0,0,0
207000549,111,5,106
207000561,153,22,131
207000562,0,0,0
207000567,0,0,0
207000568,74,6,68
207000569,272,18,254
207000584,0,0,0
207000585,6,19,-13
207000616,0,0,0
207000617,101,0,101
207900008,371,68,303
208000001,345,529,-184
208000002,500,452,48
208000003,508,428,80
208000004,516,300,216
208000005,0,0,0
208000019,729,164,565
208000020,225,127,98
208000021,61,117,-56
208000022,168,106,62
208000028,63,798,-735
208000033,71,50,21
208000034,118,255,-137
208000040,83,59,24
208000041,189,228,-39
208000042,416,359,57
208000047,0,0,0
208000064,1058,1169,-111
208000066,642,1314,-672
208000070,192,299,-107
208000071,621,178,443
208000072,471,283,188
208000080,206,153,53
208000081,135,56,79
208000082,13,2,11
208000083,7,2,5
208000084,4,62,-58
208000085,16,8,8
208000086,24,5,19
208000087,18,81,-63
208000089,0,0,0
208000090,0,0,0
208000093,0,0,0
208000094,101,125,-24
208000095,208,60,148
208000104,1141,224,917
208000105,669,377,292
208000114,27,455,-428
208000115,253,299,-46
208000116,515,998,-483
208000117,3,66,-63
208000118,62,186,-124
208000155,42,104,-62
208000158,124,215,-91
208000186,544,1038,-494
208000204,59,140,-81
208000205,175,116,59
208000282,42,69,-27
209000004,325,61,264
209000005,26,5,21
209000006,366,84,282
209000007,209,170,39
209000010,0,0,0
209000011,0,0,0
209000012,0,0,0
209000013,0,0,0
209000014,0,0,0
209000025,260,20,240
209000026,545,36,509
209000027,0,0,0
209000028,0,0,0
209000029,0,0,0
209000030,0,0,0
209000031,0,0,0
209000034,120,147,-27
209000035,238,170,68
209000036,404,72,332
209000037,404,100,304
209000038,277,59,218
209000039,149,37,112
209000040,210,42,168
209000041,135,39,96
209000042,122,24,98
209000043,198,43,155
209000044,232,109,123
209000045,532,122,410
209000046,434,139,295
209000047,358,30,328
209000048,1017,301,716
209000049,0,0,0
209000050,0,0,0
209000051,0,0,0
209000052,0,0,0
209000062,0,0,0
209000063,0,0,0
209000064,0,0,0
209000065,174,30,144
209000066,112,40,72
209000067,175,17,158
209000080,0,0,0
209000082,25,12,13
209000091,0,0,0
209000093,0,0,0
209000094,0,0,0
209000110,36,64,-28
209000111,295,688,-393
209000112,613,171,442
209000113,740,184,556
209000114,346,222,124
209000115,0,0,0
209000116,0,0,0
209000118,0,59,-59
209000119,0,0,0
209000121,0,0,0
209000135,27,15,12
209000142,416,519,-103
209000143,0,0,0
209000144,36,63,-27
209000229,206,10,196
209000240,0,0,0
209000259,0,0,0
209000260,0,0,0
209000261,0,0,0
209000262,0,0,0
209000263,0,0,0
209000264,0,0,0
209000265,175,9,166
209000266,35,4,31
209000267,855,1,854
209000268,535,56,479
210000037,85,3,82
210000047,53,24,29
210000048,19,5,14
210000049,27,6,21
210000052,0,0,0
210000053,0,0,0
210000054,0,0,0
210000070,71,4,67
210000071,72,0,72
210000072,40,0,40
210000073,0,0,0
210000074,0,0,0
210000075,0,0,0
210000076,0,0,0
210000077,0,0,0
210000078,0,0,0
210000079,9,5,4
210000080,33,92,-59
210000081,46,1,45
210000082,8,8,0
210000083,25,11,14
210000084,82,0,82
210000085,0,0,0
210000086,0,0,0
210000099,0,0,0
210000100,0,0,0
210000101,0,0,0
210000105,0,0,0
210000159,0,0,0
210000163,0,0,0
210000164,126,45,81
210000168,78,3,75
210000187,0,0,0
210000188,0,0,0
210000214,30,0,30
210000219,48,12,36
210000220,76,12,64
210000232,0,0,0
210000233,0,0,0
210000234,0,0,0
210000235,0,0,0
210000245,1,0,1
210000246,18,0,18
210000258,0,0,0
210000259,121,7,114
210000282,0,0,0
210000285,0,0,0
210000286,0,0,0
210000290,0,0,0
210000295,0,0,0
210000296,0,0,0
210000320,138,34,104
210000321,99,3,96
210000338,0,0,0
210000339,0,0,0
210000340,0,0,0
210000341,0,0,0
210000342,0,0,0
210000343,0,0,0
210000344,0,0,0
210000345,0,0,0
210000346,0,0,0
210000347,0,0,0
210000348,0,0,0
210000349,0,0,0
210000350,0,0,0
210000351,0,0,0
210000352,52,12,40
210000353,63,32,31
210000354,60,19,41
210000355,10,63,-53
210000356,34,78,-44
210000357,71,92,-21
210000358,98,136,-38
210000359,52,28,24
210000360,163,71,92
210000361,111,55,56
210000362,196,87,109
210000363,498,103,395
210000364,196,53,143
210000365,181,51,130
210000366,204,19,185
210000367,55,21,34
210000368,58,6,52
210000369,67,34,33
210000370,95,7,88
210000372,11,8,3
210000373,1,11,-10
210000374,63,17,46
210000375,9,14,-5
210000376,44,65,-21
210000404,0,0,0
210000439,27,6,21
210000472,27,3,24
210000482,34,16,18
210000564,319,86,233
210000567,0,15,-15
210000568,119,0,119
211000092,43,29,14
211000094,6,0,6
211000169,100,2,98
211000172,7,66,-59
211000209,0,5,-5
211000226,19,1,18
211000270,5,3,2
211000275,6,10,-4
211000276,53,6,47
211000279,7,9,-2
211000281,15,10,5
211507980,0,19,-19
211977296,2,1,1
212000003,241,37,204
212000004,0,0,0
212000005,0,0,0
212000006,0,0,0
212000008,0,0,0
212000009,0,0,0
212000012,0,0,0
212000013,0,0,0
212000014,0,0,0
212000015,0,0,0
212000016,0,0,0
212000027,661,138,523
212000028,242,223,19
212000029,222,271,-49
212000030,38,38,0
212000031,104,25,79
212000048,0,0,0
212000049,0,0,0
212000050,0,0,0
212000051,0,0,0
212000052,0,0,0
212000053,0,0,0
212000054,349,51,298
212000055,446,47,399
212000056,7,36,-29
212000057,1,29,-28
212000058,31,15,16
212000070,0,0,0
212000077,0,0,0
212000099,393,60,333
212000108,370,137,233
212000111,506,36,470
212000120,0,0,0
212000138,0,0,0
212000156,0,0,0
212000158,3,78,-75
212000159,858,56,802
212000160,846,88,758
212000161,171,55,116
212000310,0,0,0
212000311,20,76,-56
212000374,0,0,0
213000001,7,306,-299
213000005,238,38,200
213000006,270,57,213
213000007,48,1,47
213000009,226,207,19
213000010,477,107,370
213000011,247,24,223
213000012,1,2,-1
213000014,103,13,90
213000015,312,10,302
213000016,223,0,223
213000017,81,0,81
213000018,0,1,-1
213000019,0,2,-2
213000020,25,12,13
213000021,0,4,-4
213000023,564,143,421
213000033,95,195,-100
213000034,676,141,535
213000035,182,217,-35
213000045,77,87,-10
213000046,12,65,-53
213000047,34,565,-531
213000056,77,4,73
213000069,19,0,19
213000073,0,6,-6
213000074,5,58,-53
213000075,411,2,409
213000076,0,0,0
213000085,0,0,0
213000086,0,0,0
213000091,115,3,112
213000092,8,0,8
213000099,1,306,-305
213000100,604,209,395
213000101,386,66,320
213000102,279,51,228
213000103,355,176,179
213000104,22,59,-37
213000105,1,37,-36
213000106,1,11,-10
213000107,58,11,47
213000108,2,37,-35
213000109,0,60,-60
213000110,2,75,-73
213000111,0,28,-28
213000112,8,72,-64
213000115,20,1,19
213000116,2,49,-47
213000117,0,102,-102
213000118,604,252,352
213000119,0,18,-18
213000120,7,8,-1
213000122,13,59,-46
213000123,10,133,-123
213000124,18,45,-27
213000125,157,72,85
213000126,1,10,-9
213000127,2,34,-32
213000128,11,122,-111
213000129,178,805,-627
213000130,660,510,150
213000132,365,146,219
213000133,750,38,712
213000134,856,6,850
213000136,471,10,461
213000137,407,64,343
213000139,86,1,85
213000147,29,0,29
213000148,2,1,1
213000149,3,0,3
213000150,0,0,0
213000151,0,0,0
213000152,0,0,0
213000153,0,0,0
213000154,0,0,0
213000155,0,0,0
213000156,0,0,0
213000157,0,0,0
213000158,46,107,-61
213000159,1064,138,926
213000163,868,133,735
213000165,450,99,351
213000171,0,0,0
213000172,0,0,0
213000173,0,0,0
213000174,0,0,0
213000175,0,0,0
213000176,283,52,231
213000177,258,2,256
213000178,270,5,265
213000179,172,0,172
213000180,119,1,118
213000184,11,41,-30
213000188,402,24,378
213000189,294,16,278
213000190,228,13,215
213000191,293,3,290
213000192,202,1,201
213000193,3,1,2
213000194,0,0,0
213000195,0,0,0
213000196,0,0,0
213000197,607,300,307
213000198,3,0,3
213000200,43,41,2
213000201,0,18,-18
213000202,2,83,-81
213000203,990,271,719
213000204,862,10,852
213000205,488,18,470
213000206,506,7,499
213000207,9,6,3
213000208,4,1,3
213000209,29,0,29
213000210,21,0,21
213000211,0,0,0
213000212,0,0,0
213000213,0,0,0
213000218,136,323,-187
213000219,241,20,221
213000220,395,1,394
213000223,98,154,-56
213000224,1,65,-64
213000225,77,21,56
213000226,85,15,70
213000227,906,190,716
213000228,419,33,386
213000229,71,6,65
213000230,240,1,239
213000232,2,225,-223
213000233,0,0,0
213000234,0,0,0
213000293,0,5,-5
213000294,69,13,56
213000295,0,3,-3
213000296,32,12,20
213000297,0,0,0
213000298,0,0,0
213000299,7,20,-13
213000300,0,23,-23
213000303,0,0,0
213000304,0,0,0
213000305,3,14,-11
213000306,0,0,0
213000307,24,11,13
213000308,0,0,0
213000309,94,11,83
213000310,158,38,120
213000311,3,151,-148
213000315,0,0,0
213000316,140,4,136
213000322,23,9,14
213000323,76,4,72
213000324,72,0,72
213000325,53,5,48
213000326,29,0,29
213000327,45,11,34
213000328,3,46,-43
213000329,36,4,32
213000340,0,14,-14
213000341,654,51,603
213000347,83,340,-257
213000348,0,9,-9
213000349,0,3,-3
213000350,60,92,-32
213000366,0,53,-53
213000367,313,6,307
213000379,5,8,-3
213000386,1,47,-46
213000406,6,31,-25
213000417,904,194,710
213000425,138,23,115
213000426,48,4,44
213000427,34,29,5
213000428,36,15,21
213000429,1,10,-9
213000430,14,12,2
213000431,0,3,-3
213000432,1,248,-247
213000433,3,9,-6
213000434,29,16,13
213000435,26,3,23
213000436,41,2,39
213000437,0,1,-1
213000438,65,11,54
213000439,7,8,-1
213000440,0,34,-34
213000441,0,13,-13
213000442,1,3,-2
213000443,414,293,121
213000444,9,1,8
213000445,0,33,-33
213000446,1,136,-135
213000447,0,44,-44
213000448,2,10,-8
213000449,443,3,440
213000450,0,2,-2
213000451,54,12,42
213000452,1,7,-6
213000453,0,0,0
213000455,49,14,35
213000456,0,13,-13
213000481,1,0,1
213000484,14,0,14
213000489,12,9,3
213900002,0,0,0
213900003,39,8,31
213900013,0,2,-2
213900015,0,0,0
213900016,7,0,7
213900020,0,12,-12
213900030,0,4,-4
213900032,74,33,41
213900033,91,26,65
213900034,363,18,345
213900035,10,23,-13
213900036,2,11,-9
213900037,0,12,-12
213900038,414,66,348
213900039,0,4,-4
213900041,0,0,0
213900042,60,184,-124
213900043,143,44,99
213900244,16,0,16
213900245,0,0,0
218000003,0,0,0
218000004,0,0,0
218000005,12,40,-28
218000006,44,20,24
218000007,0,19,-19
218000012,25,27,-2
218000013,14,112,-98
218000014,58,99,-41
218000019,106,33,73
218000020,160,23,137
218000021,0,0,0
218000022,0,0,0
218000023,0,0,0
218000024,0,0,0
218000025,0,0,0
218000026,0,0,0
218000027,0,0,0
218000028,0,0,0
218000029,0,0,0
218000030,0,0,0
218000031,0,0,0
218000032,0,0,0
218000040,1,0,1
218000046,70,75,-5
218000047,5,60,-55
218000048,44,16,28
218000049,35,36,-1
218000050,154,127,27
218000051,46,81,-35
218000052,0,19,-19
218000053,0,3,-3
218000054,1,30,-29
218000055,2,6,-4
218000056,9,60,-51
218000057,0,38,-38
218000064,1,5,-4
218000065,86,18,68
218000066,9,5,4
218000067,5,33,-28
218000068,25,41,-16
218000069,92,41,51
218000070,51,44,7
218000071,42,27,15
218000072,28,22,6
218000078,30,39,-9
218000079,199,52,147
218000080,96,30,66
218000081,627,62,565
218000082,115,42,73
218000083,0,0,0
218000084,0,0,0
218000085,0,0,0
218000086,0,0,0
218000087,0,0,0
218000090,6,77,-71
218000091,697,274,423
218000092,141,37,104
218000093,68,24,44
218000094,0,0,0
218000099,84,162,-78
218000100,124,80,44
218000101,66,84,-18
218000102,154,60,94
218000103,29,35,-6
218000104,62,18,44
218000105,0,0,0
218000106,0,0,0
218000107,0,0,0
218000108,0,0,0
218000112,0,0,0
218000117,11,50,-39
218000134,31,33,-2
218000135,21,35,-14
218000136,29,6,23
218000137,25,30,-5
218000138,0,0,0
218000139,53,13,40
218000140,301,176,125
218000141,36,5,31
218000142,174,33,141
218000143,57,154,-97
218000144,28,126,-98
218000145,314,150,164
218000146,96,95,1
218000151,12,15,-3
218000152,109,105,4
218000153,8,10,-2
218000154,3,0,3
218000155,27,5,22
218000156,188,5,183
218000157,130,3,127
218000158,9,2,7
218000159,2,0,2
218000160,14,2,12
218000161,45,3,42
218000162,120,1,119
218000163,26,0,26
218000164,213,0,213
218000165,147,32,115
218000170,3,88,-85
218000171,46,17,29
218000172,4,33,-29
218000173,11,14,-3
218000174,12,12,0
218000176,473,6,467
218000177,503,22,481
218000178,171,40,131
218000179,412,25,387
218000180,146,5,141
218000181,294,12,282
218000187,0,0,0
218000188,0,0,0
218000189,0,0,0
218000190,0,0,0
218000191,0,0,0
218000192,0,0,0
218000193,0,0,0
218000194,0,0,0
218000195,122,75,47
218000196,373,103,270
218000197,620,112,508
218000198,48,64,-16
218000199,37,6,31
218000200,26,10,16
218000201,9,2,7
218000202,0,0,0
218000207,0,0,0
218000208,0,0,0
218000211,18,1,17
218000212,0,0,0
218000213,78,83,-5
218000214,7,62,-55
218000215,25,24,1
218000217,6,44,-38
218000218,117,303,-186
218000219,2,87,-85
218000220,35,246,-211
218000221,254,192,62
218000222,2,26,-24
218000223,79,813,-734
218000224,12,383,-371
218000225,457,94,363
218000226,459,30,429
218000230,0,0,0
218000232,5,0,5
218000239,70,0,70
218000240,0,0,0
218000241,0,0,0
218000242,9,0,9
218000243,7,0,7
218000244,5,0,5
218000245,1,0,1
218000246,0,0,0
218000247,0,0,0
218000248,0,0,0
218000249,0,0,0
218000250,0,1,-1
218000251,0,5,-5
218000252,0,2,-2
218000253,0,2,-2
218000254,0,0,0
218000255,0,1,-1
218000256,1,3,-2
218000267,0,0,0
218000268,0,0,0
218000269,0,0,0
218000270,0,0,0
218000271,0,0,0
218000273,81,7,74
218000274,39,0,39
218000275,26,37,-11
218000276,6,38,-32
218000278,4,38,-34
218000279,15,0,15
218000280,4,7,-3
218000281,0,13,-13
218000282,73,249,-176
218000284,45,4,41
218000301,0,0,0
218000302,59,28,31
218000303,0,0,0
218000316,776,291,485
218000317,1335,230,1105
218000318,796,179,617
218000319,2,11,-9
218000320,0,0,0
218000338,16,5,11
218000345,0,0,0
218000346,8,89,-81
218000459,29,100,-71
218000490,0,0,0
218000501,56,17,39
218000502,0,0,0
218000503,69,0,69
218000504,104,8,96
218000505,0,0,0
218000506,0,0,0
218000508,0,0,0
218000510,72,43,29
218000520,120,90,30
218000521,0,3,-3
218000522,0,31,-31
218000523,29,0,29
218000524,0,41,-41
218000525,58,2,56
218000526,0,107,-107
218000529,1,7,-6
218000530,57,0,57
218000531,36,0,36
218000532,0,0,0
218000534,95,4,91
218000537,23,75,-52
218000538,28,89,-61
218000540,0,0,0
218000543,38,39,-1
218000544,0,0,0
218000545,29,17,12
218000546,0,0,0
218000547,34,33,1
218000548,0,0,0
218000549,442,25,417
218000550,5,51,-46
218000551,7,94,-87
218000552,109,32,77
218000553,0,0,0
218000554,0,0,0
218000555,6,7,-1
218000556,3,0,3
218000557,238,46,192
218000558,22,0,22
218000559,0,46,-46
218000560,0,17,-17
218000561,2,0,2
218000562,0,60,-60
218000563,107,8,99
218000564,0,51,-51
218000565,39,2,37
218000566,27,2,25
218000567,0,48,-48
218000568,0,1,-1
218000569,0,16,-16
218000570,6,0,6
218000571,0,20,-20
218000572,25,2,23
218000573,2,64,-62
218000574,9,3,6
218000575,52,0,52
218000576,1,223,-222
218000577,26,0,26
218000578,3,81,-78
218000579,4,1,3
218000581,0,0,0
218000582,13,0,13
218000583,2,0,2
218000584,0,0,0
218000585,27,1,26
218000586,36,5,31
218000587,1,0,1
218000588,0,0,0
218000589,0,0,0
218000590,0,0,0
218000591,0,0,0
218000592,0,0,0
218000593,0,0,0
218000594,0,1,-1
218000595,0,0,0
218000596,0,0,0
218000597,0,0,0
218000598,0,0,0
218000599,0,0,0
218000600,0,0,0
218000601,0,0,0
218000602,0,0,0
218000603,0,13,-13
218000604,1,0,1
218000605,0,6,-6
218000606,6,0,6
218000607,0,6,-6
218000608,17,1,16
218000609,0,28,-28
218000610,33,12,21
218000611,18,0,18
218000612,0,8,-8
218000613,27,1,26
218000614,0,5,-5
218000615,50,2,48
218000616,0,15,-15
218000617,1,0,1
218000618,0,2,-2
218000619,24,4,20
218000620,0,4,-4
218000621,0,0,0
218000622,0,18,-18
218000623,4,0,4
218000624,0,30,-30
218000625,27,0,27
218000626,0,8,-8
218000628,87,39,48
218000631,31,9,22
218000632,1,35,-34
218000633,3,1,2
218000634,0,0,0
218000635,4,2,2
218000636,30,20,10
218000637,497,106,391
218000638,554,40,514
218000639,7,30,-23
218000640,308,10,298
218000641,48,73,-25
218000652,28,48,-20
218000653,370,35,335
218000663,8,12,-4
218000675,1,10,-9
218000676,0,0,0
218000677,62,2,60
218000680,24,17,7
218000681,254,23,231
218000691,16,7,9
218000693,223,32,191
218000703,0,0,0
218000718,11,81,-70
218000719,4,47,-43
218000720,0,29,-29
218000721,6,4,2
218000725,0,0,0
218001214,0,3,-3
218001329,27,22,5
218001330,1,0,1
218001351,18,32,-14
218001352,0,2,-2
218001353,1,5,-4
218001354,0,4,-4
219000001,0,0,0
219000002,0,0,0
219000003,21,31,-10
219000004,19,80,-61
219000017,65,69,-4
219000020,163,16,147
219000022,121,0,121
219000023,50,0,50
219000029,0,0,0
219000034,47,45,2
219000039,0,0,0
219000040,5,58,-53
219000041,60,21,39
219000051,0,0,0
219000052,0,0,0
219000053,0,0,0
219000054,0,0,0
219000055,128,0,128
219000056,1,0,1
219000057,50,1,49
219000062,0,0,0
219000063,50,3,47
219000064,0,0,0
219000110,145,100,45
219000111,64,82,-18
219000112,74,21,53
219000113,178,29,149
219000114,152,6,146
219000116,61,20,41
219000117,84,18,66
219000118,67,46,21
219000123,86,0,86
219000124,10,0,10
219000125,0,0,0
219000126,0,0,0
219000127,0,0,0
219000128,0,0,0
219000129,0,0,0
219000130,0,0,0
219000131,632,864,-232
219000133,9,40,-31
219000134,10,58,-48
219000135,3,13,-10
219000136,45,111,-66
219000138,59,7,52
219000139,52,0,52
219000140,81,1,80
219000141,25,0,25
219000142,27,0,27
219000143,0,0,0
219000145,7,3,4
219000146,0,0,0
219000147,0,0,0
219000148,0,0,0
219000149,0,0,0
219000150,0,0,0
219000151,0,0,0
219000157,193,51,142
219000158,50,20,30
219000161,67,13,54
219000163,252,296,-44
219000166,64,34,30
219000167,16,8,8
219000168,123,55,68
219000174,337,52,285
219000175,158,0,158
219000176,80,3,77
219000177,25,2,23
219000178,90,0,90
219000179,36,36,0
219000180,18,6,12
219000182,68,0,68
219000183,20,3,17
219000184,21,3,18
219000185,0,0,0
219000186,85,1,84
219000187,23,0,23
219000189,0,0,0
219000190,0,0,0
219000191,0,0,0
219000192,232,184,48
219000193,0,0,0
219000195,0,0,0
219000196,0,0,0
219000198,0,0,0
219000199,0,0,0
219000200,0,0,0
219000201,0,0,0
219000203,0,0,0
219000204,0,0,0
219000205,0,0,0
219000207,0,0,0
219000209,0,0,0
219000210,0,0,0
219000213,0,0,0
219000239,0,0,0
219000240,0,0,0
219000241,0,0,0
219000242,0,0,0
219000243,0,0,0
219000244,0,0,0
219000245,0,0,0
219000246,7,19,-12
219000247,220,58,162
219000248,295,329,-34
219000249,28,67,-39
219000250,60,39,21
219000251,299,88,211
219000252,247,88,159
219000253,205,20,185
219000255,125,103,22
219000256,226,34,192
219000257,141,0,141
219000262,0,0,0
219000263,0,0,0
219000267,0,0,0
219000268,0,0,0
219000269,0,1,-1
219000270,28,0,28
219000271,86,2,84
219000278,0,0,0
219000279,0,0,0
219000283,0,0,0
219000295,0,0,0
219000296,0,0,0
219000297,0,0,0
219000298,0,0,0
219000299,236,3,233
219000300,0,0,0
219000301,0,0,0
219000302,0,0,0
219000307,0,0,0
219000308,12,51,-39
219000311,226,11,215
219000312,260,26,234
219000313,276,9,267
219000314,0,0,0
219000315,251,23,228
219000316,330,17,313
219000317,62,28,34
219000320,0,0,0
219000321,0,0,0
219000323,0,0,0
219000325,0,0,0
219000326,0,0,0
219000327,0,0,0
219000328,0,0,0
219000329,106,91,15
219000330,15,8,7
219000331,35,10,25
219000332,96,35,61
219000333,18,0,18
219000335,31,0,31
219000337,27,0,27
219000338,6,0,6
219000344,0,0,0
219000345,0,0,0
219000346,0,0,0
219000348,0,0,0
219000349,0,0,0
219000350,0,0,0
219000351,0,0,0
219000352,20,141,-121
219000353,65,83,-18
219000354,202,81,121
219000355,88,57,31
219000356,281,760,-479
219000363,81,17,64
219000364,145,8,137
219000365,42,6,36
219000366,134,284,-150
219000368,86,473,-387
219000370,237,755,-518
219000371,0,0,0
219000382,5,5,0
219000383,0,0,0
219000385,0,0,0
219000386,0,0,0
219000387,1,1,0
219000390,0,2,-2
219000391,4,0,4
219000397,0,0,0
219000398,15,7,8
219000401,0,0,0
219000402,0,0,0
219000403,0,0,0
219000404,0,0,0
219000407,0,0,0
219000409,66,33,33
219000410,34,8,26
219000411,77,2,75
219000446,0,0,0
219000447,0,0,0
219000448,2,28,-26
219000452,33,27,6
219000453,0,0,0
219000454,128,353,-225
219000556,190,21,169
219000558,0,0,0
219000590,0,0,0
219000591,93,9,84
219000592,0,0,0
219000595,0,0,0
219000635,157,22,135
219000636,0,0,0
219000657,5,0,5
219000658,0,0,0
219000673,0,0,0
219000676,0,0,0
219000679,19,0,19
219000684,67,0,67
219000685,0,0,0
219000686,0,0,0
219000688,0,0,0
219000689,0,0,0
219000690,129,4,125
219000691,25,0,25
219000692,53,4,49
219000693,0,0,0
219000694,1,0,1
219000695,7,5,2
219000698,15,0,15
219000699,0,0,0
219000727,0,0,0
219000728,14,1,13
219000770,4,3,1
219000771,0,0,0
219001150,0,5,-5
219001151,0,0,0
219001166,5,9,-4
219001167,0,0,0
220000001,1,10,-9
220000002,2,46,-44
220000003,0,0,0
220000004,0,0,0
220000005,0,0,0
220000006,0,0,0
220000007,0,0,0
220000008,0,0,0
220000009,6,122,-116
220000010,4,11,-7
220000011,15,402,-387
220000012,24,69,-45
220000014,0,0,0
220000015,69,236,-167
220000017,26,63,-37
220000018,886,195,691
220000019,272,418,-146
220000020,73,47,26
220000021,205,92,113
220000022,434,91,343
220000023,53,70,-17
220000024,188,261,-73
220000025,415,998,-583
220000026,131,612,-481
220000027,2,68,-66
220000028,41,60,-19
220000029,0,0,0
220000030,0,0,0
220000031,187,283,-96
220000064,0,0,0
221000046,14,2,12
221000047,0,0,0
221000048,0,0,0
221000049,0,0,0
221000050,3,0,3
221000055,5,0,5
221000057,132,4,128
221000068,235,191,44
221000069,219,71,148
221000070,243,23,220
221000071,108,9,99
221000072,268,20,248
221000073,142,13,129
221000074,0,0,0
221000075,0,0,0
221000076,0,0,0
221000077,0,0,0
221000081,33,1,32
221000082,49,1,48
221000083,2,23,-21
221000084,0,4,-4
221000085,27,0,27
221000086,0,0,0
221000087,0,0,0
221000088,0,0,0
221000089,0,0,0
221000090,0,0,0
221000098,106,11,95
221000099,91,13,78
221000100,109,4,105
221000101,137,1,136
221000102,152,4,148
221000109,0,0,0
221000110,0,0,0
221000111,0,0,0
221000112,0,0,0
221000113,0,0,0
221000114,0,0,0
221000120,18,40,-22
221000121,1,27,-26
221000122,21,20,1
221000123,2,26,-24
221000124,17,50,-33
221000155,106,2,104
221000156,10,12,-2
221000175,0,15,-15
221000176,0,0,0
221000182,39,1,38
221000241,451,311,140
221000242,0,0,0
221000243,250,80,170
221000244,0,0,0
221000245,62,16,46
221000246,0,0,0
221000247,188,24,164
221000248,0,0,0
221000267,14,90,-76
221000325,30,27,3
221000331,7,42,-35
221000338,14,17,-3
221000378,244,16,228
221000381,8,45,-37
222000282,0,0,0
222000296,2,17,-15
222000568,426,27,399
222000569,166,32,134
222000570,111,22,89
222000571,469,10,459
222000577,1,31,-30
222000578,0,64,-64
222000579,33,38,-5
222000580,8,242,-234
222000599,0,36,-36
222000600,0,45,-45
222000601,1,161,-160
222000603,12,27,-15
222000604,2,27,-25
222000605,3,37,-34
222000606,0,5,-5
222000607,1,9,-8
222000608,27,2,25
222000609,21,3,18
222000616,297,6,291
222000617,0,6,-6
222000618,7,3,4
222000620,1,1,0
222000621,7,9,-2
222000623,290,0,290
222000624,245,0,245
222000625,411,6,405
222000636,100,1,99
222000686,0,2,-2
222000687,23,0,23
222001066,304,3,301
222001067,73,0,73
222001068,58,4,54
222001069,38,41,-3
222001082,4,32,-28
222001083,14,24,-10
222001084,0,2,-2
222001085,0,82,-82
222001111,55,37,18
222001112,122,20,102
222001313,0,9,-9
222001314,0,31,-31
222001464,16,20,-4
222001465,0,22,-22
222001484,80,10,70
222001485,9,0,9
222001494,602,33,569
222001495,40,70,-30
222001496,318,36,282
222001497,39,51,-12
222001502,0,0,0
222001503,46,13,33
222001504,0,0,0
222001505,251,13,238
222001506,0,0,0
222001507,85,4,81
222001510,546,34,512
222001511,0,0,0
222001514,287,53,234
222001515,0,0,0
222001518,350,30,320
222001519,0,0,0
222001527,55,19,36
222001528,0,0,0
222001529,468,14,454
222001530,0,0,0
222001533,0,0,0
222001534,431,6,425
222001535,63,25,38
222001536,28,76,-48
222001537,122,33,89
222001538,0,0,0
222001563,645,29,616
222001564,0,0,0
222001568,118,18,100
222001576,0,3,-3
222001579,0,7,-7
222001583,3,14,-11
222001584,47,47,0
222001596,36,142,-106
222001597,683,131,552
222001626,0,23,-23
222001650,1,13,-12
222001651,37,56,-19
222001914,89,41,48
222001915,0,0,0
222900004,280,34,246
222900009,49,128,-79
222900019,59,53,6
222900024,37,6,31
222900025,2,3,-1
225000001,242,56,186
225000002,500,59,441
225000003,525,8,517
225000004,306,31,275
225000005,18,23,-5
225000006,0,0,0
225000007,0,0,0
225000010,90,6,84
225000011,63,980,-917
225000012,128,671,-543
225000013,102,84,18
225000014,449,62,387
225000015,3,0,3
225000021,217,31,186
225000027,0,0,0
225000032,182,50,132
225000042,0,0,0
225000049,0,0,0
225000050,73,1,72
225000053,0,0,0
225000058,278,73,205
225000067,0,0,0
225000068,0,0,0
225000069,0,0,0
225000070,0,0,0
225000071,0,0,0
225000075,0,0,0
225000076,0,0,0
225000078,6,40,-34
225000085,23,42,-19
225000086,172,2,170
225000087,26,8,18
225000088,0,0,0
225000089,0,0,0
225000090,0,0,0
225000091,0,0,0
225000092,0,0,0
225000093,0,0,0
225000094,0,0,0
225000095,0,0,0
225000096,0,0,0
225000098,381,106,275
225000099,516,67,449
225000100,546,46,500
225000104,0,1,-1
225000110,0,0,0
225000111,0,0,0
225000112,3,2,1
225000113,2,1,1
225000114,0,7,-7
225000115,4,14,-10
225000116,227,114,113
225000117,455,201,254
225000118,957,202,755
225000119,110,10,100
225000120,292,3,289
225000121,117,16,101
225000123,754,17,737
225000125,189,52,137
225000126,454,93,361
225000127,468,1084,-616
225000128,233,792,-559
225000132,425,12,413
225000133,121,19,102
225000134,251,124,127
225000135,57,3,54
225000136,254,1,253
225000137,143,21,122
225000138,452,27,425
225000143,0,0,0
225000144,0,0,0
225000145,36,24,12
225000146,0,0,0
225000147,0,0,0
225000148,0,0,0
225000149,0,0,0
225000151,0,0,0
225000155,0,0,0
225000156,4,18,-14
225000157,4,5,-1
225000158,0,0,0
225000171,0,0,0
225000180,19,1,18
225000181,0,0,0
225000182,31,10,21
225000185,0,0,0
225000187,0,0,0
225000191,2,0,2
225000194,0,0,0
225000208,0,0,0
225000209,23,9,14
225000210,0,0,0
225000217,0,0,0
225000218,21,0,21
225000223,0,0,0
225000224,8,0,8
225000225,0,0,0
225000226,94,1,93
225000227,0,0,0
225000228,0,24,-24
225000229,0,0,0
225000230,0,0,0
225000231,0,0,0
225000232,53,0,53
225000241,75,0,75
225000242,0,0,0
225000249,0,0,0
225000250,0,0,0
225000251,409,23,386
225000254,0,0,0
225000256,0,0,0
225000257,0,0,0
226000042,0,0,0
226000043,0,0,0
226000044,0,0,0
226000045,0,0,0
226000046,419,27,392
226000047,277,40,237
226000048,263,17,246
226000049,158,89,69
226000070,0,0,0
226000071,0,0,0
226000072,0,0,0
226000073,0,0,0
226000074,0,0,0
226000084,0,0,0
226000085,0,0,0
226000086,0,0,0
226000087,0,0,0
226000088,0,0,0
226000090,6,42,-36
226000091,3,33,-30
226000092,1,17,-16
226000093,0,0,0
226000094,0,0,0
226000095,1,14,-13
226000105,1,0,1
226000106,0,0,0
226000107,14,0,14
226000108,0,0,0
226000109,24,0,24
226000124,111,26,85
226000134,406,357,49
226000135,932,267,665
226000136,170,81,89
226000137,0,0,0
226000138,0,0,0
226000139,0,0,0
226000156,115,2,113
226000157,183,1,182
226000163,0,0,0
226000202,0,0,0
226000231,187,0,187
226000232,2,0,2
227000033,249,26,223
227000036,449,13,436
227000037,306,8,298
227000038,105,0,105
227000084,0,0,0
227000085,0,0,0
227000088,24,0,24
227000089,3,0,3
227000090,31,1,30
227000091,31,0,31
227000092,9,0,9
227000093,15,0,15
227000094,0,0,0
227000130,0,0,0
227000131,0,0,0
227000132,0,0,0
227000133,0,0,0
227000134,0,0,0
227000152,0,0,0
227000153,0,0,0
227000154,0,0,0
227000155,0,0,0
227000156,0,0,0
227000165,0,0,0
227000196,408,4,404
227000199,321,19,302
227000230,0,0,0
227000232,239,7,232
227000242,0,0,0
227000243,253,38,215
227000245,0,0,0
227000246,0,0,0
227000247,434,46,388
227000248,60,18,42
227000249,0,0,0
227000250,211,166,45
227000251,0,0,0
227000252,0,0,0
227000253,237,6,231
227000262,584,16,568
227000266,816,44,772
227000267,0,0,0
227000282,0,0,0
227000284,269,13,256
227000286,0,0,0
227000291,0,0,0
227000296,36,25,11
227000484,247,5,242
227000485,0,0,0
227000655,124,2,122
227000656,498,13,485
227000657,25,0,25
227000704,111,15,96
229000265,5,3,2
229000266,0,0,0
229000267,7,0,7
229000268,1,1,0
229000269,8,1,7
229000274,0,0,0
229000275,0,0,0
229000276,0,0,0
229000277,0,0,0
229000278,0,0,0
229000295,0,0,0
229000296,0,1,-1
229000297,4,0,4
229000298,0,4,-4
229000320,0,1,-1
229000321,2,0,2
229000412,1,11,-10
229000414,1,6,-5
229000415,1,0,1
229000416,2,0,2
229000417,0,0,0
229000419,5,19,-14
229000440,147,11,136
229000442,19,2,17
229000443,1,0,1
229000444,0,0,0
229000445,42,0,42
229000446,20,0,20
229000491,0,0,0
229000492,0,0,0
229000493,0,0,0
229000494,58,1,57
229000495,195,1,194
229000496,174,5,169
229000507,0,0,0
229000508,0,0,0
229000509,0,0,0
229000510,0,0,0
229000511,0,0,0
229000512,0,0,0
229000513,0,0,0
229000514,0,0,0
229000517,0,0,0
229000518,0,0,0
229000519,0,0,0
229000520,0,0,0
229000521,89,12,77
229000522,7,0,7
229000523,9,2,7
229000524,7,1,6
229000527,2,0,2
229000528,0,2,-2
229000529,50,1,49
229000530,143,13,130
229000531,25,28,-3
229000532,14,2,12
229000533,92,1,91
229000534,23,0,23
229000564,126,0,126
229000565,79,0,79
229000566,0,0,0
229000567,0,0,0
229000582,32,3,29
229000583,12,3,9
229000584,0,0,0
229000585,0,0,0
229000718,0,0,0
229000719,0,0,0
229000720,0,0,0
229000721,0,0,0
229000722,0,0,0
229000723,0,0,0
229000724,0,0,0
229000725,0,0,0
229000738,0,1,-1
229000739,0,0,0
229000740,0,0,0
229000741,37,0,37
229000742,4,0,4
229000743,44,0,44
229000744,1,0,1
229000745,3,0,3
229000746,44,0,44
229000847,91,0,91
229000848,32,0,32
229000849,106,0,106
229000851,171,0,171
229000854,0,0,0
229000856,0,0,0
229000857,0,0,0
229000858,0,0,0
229000919,0,0,0
229000930,0,0,0
229000937,111,3,108
229000966,29,3,26
229000981,0,0,0
229000985,0,0,0
229000986,0,0,0
229000987,0,0,0
229000988,1,1,0
229000989,0,0,0
229000990,0,0,0
229000991,0,2,-2
229000992,21,3,18
229000993,74,14,60
229000998,1,0,1
229000999,10,0,10
229001034,0,0,0
229001035,0,1,-1
229001036,0,1,-1
229001037,27,3,24
229001038,0,0,0
229001039,1,0,1
229001040,0,0,0
229001041,89,1,88
229001042,25,11,14
229001047,3,2,1
229001050,31,2,29
229001168,0,0,0
229001200,40,2,38
229001338,0,0,0
229001394,61,0,61
229001422,181,28,153
229001423,0,0,0
229001431,37,10,27
229001432,0,0,0
229001444,63,5,58
229001445,22,18,4
229001479,46,0,46
229001503,177,5,172
229001504,0,0,0
229001505,48,5,43
229001506,0,0,0
229001509,10,3,7
229001510,0,0,0
229001545,56,1,55
229001546,0,0,0
229001553,55,1,54
229001554,0,0,0
229001630,31,2,29
229001631,0,0,0
229001635,0,0,0
229001636,0,0,0
229001658,0,0,0
229001659,27,1,26
229001660,1,3,-2
229001661,0,10,-10
229001662,11,0,11
229001663,0,0,0
229002584,53,67,-14
229002831,45,18,27
229002841,1,5,-4
229002842,6,1,5
229002843,19,9,10
229002844,3,21,-18
229002845,0,32,-32
229002846,1,0,1
229002847,0,3,-3
229002848,19,14,5
229002849,0,9,-9
229002850,3,0,3
229002851,5,48,-43
229002852,57,7,50
229002853,27,0,27
229002854,10,34,-24
229002855,2,8,-6
229002856,4,3,1
229002857,3,2,1
229002858,3,0,3
229002859,0,0,0
229002860,25,2,23
229002861,23,1,22
229002862,0,6,-6
229002863,0,1,-1
229002864,29,87,-58
229002865,22,6,16
229002866,14,1,13
229002867,0,0,0
229002868,4,14,-10
229002869,1,13,-12
229002870,6,3,3
235000066,45,1,44
235000067,36,14,22
235000072,0,0,0
235000073,0,0,0
235000074,0,0,0
235000080,0,0,0
235000081,0,0,0
235000082,118,49,69
235000083,136,35,101
235000084,13,1,12
235000085,180,17,163
235000089,14,11,3
235000092,0,0,0
235000093,0,0,0
235000097,0,2,-2
235000098,36,2,34
235000099,8,2,6
235000116,9,0,9
235000117,41,6,35
235000133,0,0,0
235000134,0,0,0
235000206,1,1,0
235000207,0,1,-1
235000208,0,1,-1
235000209,10,1,9
235000210,14,1,13
235000212,0,0,0
235000213,0,0,0
235000220,0,0,0
235000221,0,0,0
235000238,15,172,-157
235000239,0,27,-27
235000242,70,837,-767
235000245,0,0,0
235000246,0,0,0
235000284,0,0,0
235000295,12,2,10
235000305,132,3,129
235000306,192,0,192
235000307,0,0,0
235000308,12,1,11
235000309,37,0,37
235000310,33,0,33
235000311,16,0,16
235000322,0,0,0
235000323,0,0,0
235000324,0,0,0
235000325,0,0,0
235000326,0,0,0
235000351,0,0,0
235000352,0,1,-1
235000353,0,1,-1
235000354,0,0,0
235000355,0,0,0
235000356,1,1,0
235000357,13,0,13
235000358,10,9,1
235000359,0,1,-1
235000360,3,1,2
235000361,43,0,43
235000381,0,0,0
235000382,121,3,118
235000390,6,1,5
235000391,188,2,186
235000392,168,51,117
235000393,99,34,65
235000395,97,5,92
235000396,321,27,294
235000400,95,25,70
235000401,0,0,0
235000405,0,0,0
235000406,0,0,0
235000407,0,0,0
235000409,0,0,0
235000410,0,0,0
235000411,0,0,0
235000485,0,0,0
235000486,1,0,1
235000549,49,3,46
235000550,0,0,0
235000599,0,0,0
235000600,0,0,0
235000601,0,0,0
235000602,28,5,23
235000614,0,0,0
235000648,0,0,0
235000649,101,0,101
235000685,0,0,0
235000815,0,0,0
235000834,0,0,0
235000855,37,6,31
235000862,0,0,0
235000891,0,0,0
235000892,1,0,1
235000901,0,0,0
235000907,0,0,0
235001010,50,1,49
235001029,0,0,0
235001030,150,21,129
235001078,74,46,28
235001079,0,0,0
235001147,0,20,-20
235001166,4,2,2
235001167,0,0,0
235001169,0,0,0
235001188,0,0,0
235001189,0,0,0
235001197,0,0,0
235001200,0,0,0
235001208,1,0,1
235001209,0,0,0
235001210,0,0,0
235001239,0,0,0
235001244,0,0,0
235016267,0,0,0
241900007,38,0,38
277101746,0,4,-4
277102712,1,0,1
277103813,0,0,0
277103814,0,0,0
277103898,0,0,0
277104249,0,0,0
277104250,0,50,-50
277104251,0,0,0
277104252,0,6,-6
990011530,0,0,0
990014944,0,33,-33
990015176,98,50,48
990015618,0,5,-5
990016032,0,0,0
990032570,0,15,-15
990070001,40,1,39
990070103,0,0,0
990070601,0,3,-3
990070751,884,5,879
990070766,0,0,0
990071180,680,7,673
990071343,4,0,4
990071387,0,0,0
990071823,189,31,158
990072600,0,57,-57
990072964,0,2,-2
990073285,0,0,0
990074393,0,144,-144
990074870,894,54,840
990075106,352,35,317
990075746,562,49,513
990076437,1745,6,1739
990076458,0,0,0
997000007,64,2,62
997000041,4,24,-20
997000058,47,8,39
997000062,98,1,97
997000069,0,0,0
997000070,0,0,0
997000100,49,0,49
997000141,0,0,0
997000198,0,0,0
998000475,0,0,0
998000736,0,6,-6
998000965,1,25,-24
998001031,0,12,-12
998001700,0,0,0
998001899,0,0,0
998001900,5,96,-91
998003073,627,9,618
998101900,0,17,-17
998102850,0,0,0
998501927,342,0,342
998501929,57,0,57
998501930,36,0,36
998501931,59,3,56
998501932,0,1,-1
998501933,168,76,92
998501937,34,6,28
998501944,14,0,14
998501950,0,0,0
998501970,21,0,21
998501971,4,31,-27
998501973,0,3,-3
998501974,0,11,-11
998501975,121,1,120
998501976,71,0,71
998501977,0,7,-7
998501978,4,0,4
998501979,0,0,0
998501980,13,0,13
998501981,51,3,48
998501982,0,0,0
998502006,0,0,0
998502024,0,3,-3
998502032,0,0,0
998502062,4,3,1
998502063,0,0,0
998502173,4,0,4
998502269,0,0,0
998601159,0,5,-5
998601292,0,0,0
999033574,0,2,-2
999800001,18,2,16
999800002,0,0,0
999800003,1,2,-1
999800004,0,3,-3
999800005,0,0,0
