ID,insum,outsum,diff
100000001,1001,993,8
100000002,3874,2742,1132
100000003,5965,5918,47
100000004,1143,1365,-222
100000005,2742,5772,-3030
100000006,658,255,403
100000007,2343,856,1487
100000008,211,595,-384
100000009,571,286,285
100000010,88,123,-35
100000011,1020,149,871
100000012,82,924,-842
100000013,49,210,-161
100000014,356,397,-41
100000015,2051,2705,-654
100000016,817,1974,-1157
100000017,516,1087,-571
100000018,1368,757,611
100000019,3255,2266,989
100000020,2184,6895,-4711
100000021,4887,2832,2055
100000022,1335,3157,-1822
100000023,4666,2414,2252
100000025,970,1764,-794
100000028,1267,1439,-172
100000029,191,493,-302
100000030,167,75,92
100000031,4015,7265,-3250
100000032,1966,3992,-2026
100000033,1055,2689,-1634
100000034,294,843,-549
100000035,1367,1967,-600
100000036,1574,1726,-152
100000037,752,433,319
100000038,2638,1058,1580
100000039,566,279,287
100000040,257,226,31
100000041,1614,654,960
100000042,1226,556,670
100000043,944,612,332
100000044,327,880,-553
100000045,490,1090,-600
100000046,581,796,-215
100000047,350,454,-104
100000048,519,518,1
100000049,1429,1433,-4
100000051,429,834,-405
100000053,253,6,247
100000054,441,54,387
100000055,906,265,641
100000056,498,410,88
100000057,2354,635,1719
100000058,952,1048,-96
100000059,30,148,-118
100000060,511,307,204
100000061,2794,522,2272
100000062,2778,702,2076
100000063,1155,321,834
100000064,1534,317,1217
100000065,357,684,-327
100000066,169,611,-442
100000067,496,631,-135
100000068,546,1498,-952
100000069,266,1084,-818
100000072,222,818,-596
100000073,989,1062,-73
100000075,880,263,617
100000076,2061,3369,-1308
100000077,178,315,-137
100000078,30,72,-42
100000079,56,68,-12
100000080,40,63,-23
100000081,179,187,-8
100000102,2688,3185,-497
100000103,2656,2121,535
100000104,3331,3286,45
100000105,2137,2323,-186
100000106,2502,3118,-616
100000107,527,1440,-913
100000108,612,982,-370
100000109,1847,1447,400
100000116,1099,1181,-82
100000117,61,140,-79
100000118,1142,1639,-497
100000119,736,844,-108
100000121,344,416,-72
100000122,958,1216,-258
100000123,2132,4424,-2292
100000124,3961,7199,-3238
100000125,3925,2260,1665
100000126,692,606,86
100000127,1249,526,723
100000128,1545,2683,-1138
100000129,460,617,-157
100000130,629,526,103
100000131,2756,2977,-221
100000132,1293,3777,-2484
100000133,3867,2555,1312
100000135,794,1397,-603
100000139,350,362,-12
100000140,392,438,-46
100000142,647,563,84
100000143,939,513,426
100000144,3468,986,2482
100000147,1366,3514,-2148
100000150,84,363,-279
100000151,1221,1502,-281
100000153,308,561,-253
100000154,84,412,-328
100000155,19,60,-41
100000156,392,543,-151
100000157,322,187,135
100000158,357,92,265
100000159,223,583,-360
100000165,1256,931,325
100000169,218,1074,-856
100000174,476,1054,-578
100000179,129,571,-442
100000180,1592,2309,-717
100000181,679,276,403
100000188,75,182,-107
100000189,1245,410,835
100000190,734,1292,-558
100000191,843,834,9
100000192,65,129,-64
100000193,322,216,106
100000330,1194,1196,-2
100000355,215,791,-576
100000362,3851,2589,1262
100000363,5196,4568,628
100000364,158,271,-113
100000365,6289,8246,-1957
100000366,4200,2891,1309
100000367,5640,7088,-1448
100000368,2513,1288,1225
100000369,1157,2276,-1119
100000370,243,1135,-892
100000376,107,192,-85
100000379,2115,2145,-30
100000380,5084,5590,-506
100000384,5547,6654,-1107
100000385,3027,4943,-1916
100000386,5807,6468,-661
100000387,4318,6763,-2445
100000388,5936,8291,-2355
100000389,6971,7987,-1016
100000390,8689,8172,517
100000391,6433,10523,-4090
100000392,2814,5046,-2232
100000393,2519,5710,-3191
100000394,6512,10121,-3609
100000395,5239,5200,39
100000396,5835,4067,1768
100000397,4654,7572,-2918
100000398,10153,7904,2249
100900002,17,31,-14
100900003,517,300,217
100900004,19,1022,-1003
100900005,148,23,125
100900006,43,108,-65
100900007,450,27,423
100900008,2,430,-428
100900009,133,185,-52
100900010,142,76,66
100900011,199,198,1
100900012,1,141,-140
100900013,1126,19,1107
100900014,3,14,-11
100900015,105,80,25
100900016,4,23,-19
100900017,1641,114,1527
100900018,0,15,-15
100900019,28,152,-124
100900020,501,12,489
100900021,726,6,720
100900022,32,60,-28
100900023,1,36,-35
100900024,581,9,572
100900025,21,15,6
100900026,196,139,57
100900027,816,3978,-3162
100900028,148,362,-214
100900029,46,7,39
100900030,2,107,-105
100900031,1038,95,943
100900032,385,0,385
100900033,311,330,-19
100900034,863,7,856
100900035,561,1,560
100900036,29,1,28
100900037,164,198,-34
100900038,127,54,73
100900039,260,339,-79
100900040,490,526,-36
100900041,1194,573,621
100900042,1684,1592,92
100900043,1,18,-17
100900044,1705,728,977
100900045,6,4,2
100900046,1510,22,1488
100900047,847,310,537
100900048,207,88,119
100900049,99,144,-45
100900050,7,10,-3
100900051,53,105,-52
100900052,600,66,534
100900053,652,19,633
100900054,13,60,-47
100900055,375,1020,-645
100900056,134,171,-37
100900057,1706,1474,232
100900058,828,108,720
100900059,155,5,150
100900060,249,4,245
100900061,332,250,82
100900062,4,37,-33
100900063,345,985,-640
100900064,977,23,954
100900065,111,158,-47
100900066,212,214,-2
100900067,4,18,-14
100900068,365,121,244
100900069,564,21,543
100900070,620,6,614
100900071,694,228,466
100900072,7,30,-23
100900073,205,278,-73
100900074,10,11,-1
100900075,2178,466,1712
100900076,18,50,-32
100900077,48,68,-20
100900078,114,531,-417
100900079,27,22,5
100900080,81,136,-55
100900081,75,263,-188
100900082,208,373,-165
100900083,24,25,-1
100900085,43,396,-353
100900086,209,1056,-847
100900088,173,429,-256
100900089,4,25,-21
100900090,162,775,-613
100900091,4,23,-19
100900092,354,266,88
100900093,295,445,-150
100900094,203,386,-183
100900095,16,28,-12
100900096,94,160,-66
100900097,1,4,-3
100900098,22,37,-15
100900099,54,635,-581
100900100,24,836,-812
100900101,294,59,235
100900102,105,210,-105
100900103,9,8,1
100900104,5,214,-209
100900105,94,993,-899
100900106,41,17,24
100900107,2114,940,1174
100900108,16,70,-54
100900109,21,43,-22
100900110,10,54,-44
100900111,58,203,-145
100900112,6,8,-2
100900113,27,38,-11
100900114,18,23,-5
100900115,9,24,-15
100900116,1135,896,239
100900117,433,1342,-909
100900118,36,28,8
100900119,25,14,11
100900120,25,19,6
100900121,497,765,-268
100900122,171,204,-33
100900123,174,233,-59
100900124,15,14,1
100900125,37,103,-66
100900126,242,215,27
100900127,2,8,-6
100900128,144,225,-81
100900129,1,249,-248
100900131,160,324,-164
100900133,93,44,49
100900134,20,7,13
100900135,1,258,-257
100900137,510,240,270
100900138,540,533,7
100900139,3,4,-1
100900140,9,565,-556
100900141,1,798,-797
100900142,11,18,-7
100900143,679,595,84
100900144,32,8,24
100900145,151,203,-52
100900146,12,107,-95
100900147,10,805,-795
100900148,28,474,-446
100900149,39,393,-354
100900150,13,44,-31
100900151,167,583,-416
100900152,237,13,224
100900153,4,261,-257
100900154,23,79,-56
100900155,19,10,9
100900156,46,6,40
100900157,25,379,-354
100900158,780,194,586
100900159,7,29,-22
100900160,60,12,48
100900161,48,7,41
100900162,57,462,-405
100900163,133,195,-62
100900164,80,62,18
100900165,39,21,18
100900166,19,15,4
100900167,52,85,-33
100900168,94,203,-109
100900169,129,1030,-901
100900170,27,4,23
100900171,30,532,-502
100900172,0,37,-37
100900173,22,356,-334
100900174,619,71,548
100900176,2226,324,1902
100900177,918,324,594
100900178,421,156,265
100900179,318,420,-102
100900180,1,8,-7
100900181,90,76,14
100900182,37,39,-2
100900184,23,159,-136
100900186,701,507,194
100900187,7,63,-56
100900188,39,18,21
100900189,1860,315,1545
100900191,910,1205,-295
100900192,254,495,-241
100900195,109,207,-98
100900197,36,83,-47
100900198,62,226,-164
100900199,29,29,0
100900200,919,484,435
100900201,162,890,-728
100900202,70,0,70
100900203,1,85,-84
100900204,290,873,-583
100900205,228,761,-533
100900206,308,125,183
100900207,373,217,156
100900210,102,524,-422
100900211,633,308,325
100900213,159,97,62
100900214,612,198,414
100900215,25,64,-39
100900217,152,173,-21
101000001,2764,2442,322
101000002,7433,7118,315
101000003,449,1419,-970
101000004,7506,7073,433
101000005,5400,5583,-183
101000006,7227,7910,-683
101000007,3536,4885,-1349
101000008,2365,2682,-317
101000009,2537,935,1602
101000010,944,836,108
101000011,1422,608,814
101000012,1001,970,31
101000013,831,1310,-479
101000014,452,606,-154
101000015,1628,831,797
101000016,427,533,-106
101000017,617,473,144
101000018,2094,2506,-412
101000020,1913,1161,752
101000021,671,461,210
101000022,302,160,142
101000023,1204,706,498
101000025,379,572,-193
101000026,241,73,168
101000027,2327,3314,-987
101000028,1211,270,941
101000029,297,2358,-2061
101000030,1890,233,1657
101000031,968,1478,-510
101000032,6961,5537,1424
101000033,2381,4803,-2422
101000034,2006,2429,-423
101000035,1011,566,445
101000036,1546,1267,279
101000037,1952,2200,-248
101000039,2076,3385,-1309
101000040,2787,5104,-2317
101000041,7405,10484,-3079
101000042,415,1657,-1242
101000043,6312,10706,-4394
101000045,1329,1274,55
101000046,3199,2417,782
101000047,2350,5987,-3637
101000048,730,650,80
101000049,818,2518,-1700
101000050,1963,2906,-943
101000051,1540,3615,-2075
101000052,1457,1296,161
101000053,1017,1647,-630
101000054,2004,1291,713
101000055,1398,1511,-113
101000056,54,118,-64
101000057,1537,1434,103
101000058,985,1643,-658
101000059,1947,2738,-791
101000060,1777,768,1009
101000061,787,1584,-797
101000062,619,817,-198
101000063,530,1167,-637
101000064,932,1198,-266
101000065,391,601,-210
101000066,1038,1142,-104
101000067,1143,1105,38
101000068,283,638,-355
101000069,287,94,193
101000070,1332,1317,15
101000071,2292,1085,1207
101000072,944,3837,-2893
101000073,1034,1373,-339
101000074,5255,5499,-244
101000075,4368,6962,-2594
101000077,1865,1547,318
101000078,1123,1680,-557
101000079,1500,470,1030
101000080,1566,649,917
101000081,1889,1858,31
101000082,2922,2906,16
101000083,3089,2274,815
101000084,1333,882,451
101000085,1519,1263,256
101000086,1101,1258,-157
101000087,970,936,34
101000088,1386,1341,45
101000089,1192,1716,-524
101000090,1968,1202,766
101000091,573,664,-91
101000092,1278,881,397
101000093,1752,738,1014
101000094,1143,1030,113
101000095,601,568,33
101000096,478,454,24
101000097,503,566,-63
101000098,532,682,-150
101000099,941,1211,-270
101000100,1061,1165,-104
101000101,359,433,-74
101000102,900,740,160
101000103,687,619,68
101000104,387,717,-330
101000105,395,496,-101
101000106,764,1198,-434
101000107,415,397,18
101000108,662,251,411
101000109,538,84,454
101000110,47,397,-350
101000111,125,281,-156
101000113,297,931,-634
101000114,8004,10392,-2388
101000115,114,146,-32
101000116,102,119,-17
101000117,1367,254,1113
101000119,81,93,-12
101000120,171,103,68
101000121,64,74,-10
101000122,128,160,-32
101000123,62,157,-95
101000124,1393,287,1106
101000125,203,461,-258
101000128,427,825,-398
101000130,279,336,-57
101000131,982,584,398
101000132,963,806,157
101000135,43,54,-11
101000136,341,236,105
101000137,41,344,-303
101000141,1112,3939,-2827
101000147,1025,415,610
101000148,717,53,664
101000149,202,224,-22
101000150,129,548,-419
101000151,375,68,307
101000152,357,366,-9
101000153,541,277,264
101000154,358,1029,-671
101000155,475,199,276
101000156,29,418,-389
101000157,72,60,12
101000160,99,40,59
101000163,240,346,-106
101000164,397,348,49
101000165,251,436,-185
101000166,299,321,-22
101000168,999,508,491
101000252,2621,1040,1581
101000254,239,174,65
101000258,90,12,78
101000261,186,62,124
101000262,1618,3144,-1526
101000263,539,1635,-1096
101000265,153,1001,-848
101000266,512,658,-146
101000269,38,20,18
101000290,1268,2935,-1667
101000293,74,62,12
101000294,715,478,237
101000295,181,435,-254
101000301,574,648,-74
101000304,2407,2674,-267
101000305,3035,1270,1765
101900001,20,58,-38
101900002,0,14,-14
101900003,50,124,-74
101900004,4,68,-64
101900005,2976,3174,-198
101900006,1469,109,1360
101900007,1034,267,767
101900008,159,450,-291
101900009,57,554,-497
101900010,701,777,-76
101900011,279,1335,-1056
101900012,408,213,195
101900013,721,227,494
101900017,29,163,-134
101900018,1063,351,712
101900019,233,134,99
101900020,291,186,105
101900021,1,48,-47
101900022,246,958,-712
101900023,196,167,29
102000001,2839,5387,-2548
102000002,2350,1170,1180
102000003,2991,8596,-5605
102000004,4920,3118,1802
102000005,1377,2438,-1061
102000006,1027,1818,-791
102000007,1815,5223,-3408
102000008,3842,1634,2208
102000009,7290,8815,-1525
102000010,4901,3255,1646
102000011,3662,3405,257
102000012,3229,2886,343
102000018,2555,2765,-210
102000019,2377,1854,523
102000026,217,576,-359
102000029,301,220,81
102000030,177,437,-260
102000031,62,137,-75
102000032,606,320,286
102000033,324,344,-20
102000034,612,478,134
102000035,1397,813,584
102000036,17,246,-229
102000037,154,64,90
102000038,180,330,-150
102000039,187,76,111
102000040,365,323,42
102000041,239,404,-165
102000042,251,390,-139
102000043,242,243,-1
102000044,349,422,-73
102000045,681,752,-71
102000046,1294,742,552
102000047,1066,857,209
102000048,627,860,-233
102000049,1074,898,176
102000050,1243,1113,130
102000051,486,681,-195
102000052,1236,782,454
102000053,932,879,53
102000054,751,1078,-327
102000055,1584,539,1045
102000056,1395,907,488
102000057,1696,578,1118
102000058,1310,1193,117
102000059,1539,1373,166
102000060,1266,1025,241
102000061,1821,1742,79
102000062,2016,1121,895
102000063,1165,1414,-249
102000064,664,770,-106
102000065,79,207,-128
102000066,742,906,-164
102000067,2153,2894,-741
102000068,10441,2804,7637
102000069,115,2397,-2282
102000070,1395,59,1336
102000071,6693,8270,-1577
102000072,3029,3831,-802
102000073,2759,1473,1286
102000074,1138,2214,-1076
102000075,156,505,-349
102000076,292,349,-57
102000077,686,704,-18
102000078,987,658,329
102000079,195,199,-4
102000080,296,275,21
102000081,424,939,-515
102000082,710,449,261
102000083,605,307,298
102000084,410,315,95
102000085,2309,950,1359
102000086,1348,971,377
102000087,999,1540,-541
102000088,441,372,69
102000089,1623,496,1127
102000090,655,1257,-602
102000091,1482,808,674
102000092,342,790,-448
102000093,565,684,-119
102000094,1030,864,166
102000095,1309,1443,-134
102000096,822,983,-161
102000097,1080,997,83
102000098,706,955,-249
102000099,864,1150,-286
102000100,610,1680,-1070
102000101,927,1038,-111
102000102,396,1513,-1117
102000103,2000,472,1528
102000104,650,301,349
102000105,327,462,-135
102000106,959,557,402
102000107,1649,488,1161
102000108,759,259,500
102000109,709,586,123
102000110,1409,866,543
102000111,13,361,-348
102000112,173,147,26
102000113,33,42,-9
102000114,800,410,390
102000115,297,393,-96
102000116,810,770,40
102000117,291,1235,-944
102000118,1487,1333,154
102000119,1350,1437,-87
102000120,285,536,-251
102000121,1222,762,460
102000122,1004,1062,-58
102000123,1381,1388,-7
102000124,1806,1260,546
102000125,921,1166,-245
102000126,1003,845,158
102000127,1583,736,847
102000128,1007,935,72
102000129,1767,805,962
102000130,1027,851,176
102000131,2673,690,1983
102000132,952,1242,-290
102000133,2630,1600,1030
102000134,1041,755,286
102000135,980,1022,-42
102000136,1248,613,635
102000137,958,1687,-729
102000138,413,730,-317
102000139,168,663,-495
102000140,218,743,-525
102000141,339,674,-335
102000142,464,428,36
102000143,207,326,-119
102000144,388,358,30
102000145,569,527,42
102000146,666,335,331
102000147,721,454,267
102000148,266,544,-278
102000149,268,326,-58
102000150,559,119,440
102000151,168,213,-45
102000152,237,119,118
102000153,1066,700,366
102000154,273,485,-212
102000155,90,313,-223
102000156,346,170,176
102000157,104,396,-292
102000158,360,429,-69
102000159,703,641,62
102000161,2895,2545,350
102000162,168,166,2
102000163,138,652,-514
102000164,875,1343,-468
102000165,256,166,90
102000166,56,226,-170
102000167,271,206,65
102000168,345,177,168
102000169,136,603,-467
102000170,474,365,109
102000171,276,606,-330
102000172,307,684,-377
102000173,434,380,54
102000174,106,78,28
102000175,222,86,136
102000176,72,34,38
102000178,317,337,-20
102000179,566,289,277
102000180,1151,407,744
102000181,996,502,494
102000182,651,511,140
102000183,1953,1320,633
102000184,2104,688,1416
102000185,3337,1162,2175
102000186,1360,1440,-80
102000187,1151,1314,-163
102000188,1768,1493,275
102000189,1983,754,1229
102000190,700,3215,-2515
102000191,1465,536,929
102000192,1487,1539,-52
102000193,111,108,3
102000194,56,105,-49
102000195,485,414,71
102000196,252,295,-43
102000197,883,344,539
102000198,298,601,-303
102000199,1272,294,978
102000200,371,849,-478
102000201,1422,481,941
102000202,8,101,-93
102000203,505,169,336
102000204,582,501,81
102000205,1448,423,1025
102000206,870,473,397
102000207,821,514,307
102000208,475,388,87
102000209,63,63,0
102000210,486,400,86
102000211,588,243,345
102000212,431,11,420
102000213,19,190,-171
102000214,347,6,341
102000215,23,318,-295
102000216,77,72,5
102000217,30,122,-92
102000218,352,164,188
102000219,375,191,184
102000225,505,631,-126
102000226,2289,1415,874
102000227,137,3,134
102000228,1,88,-87
102000229,26,80,-54
102000230,377,357,20
102000231,299,353,-54
102000232,49,149,-100
102000233,507,627,-120
102000234,151,1092,-941
102000236,267,114,153
102000237,453,122,331
102000238,183,297,-114
102000240,576,705,-129
102000241,226,180,46
102000243,21,73,-52
102000245,14,114,-100
102000246,17,52,-35
102000247,300,429,-129
102000248,304,705,-401
102000249,146,98,48
102000250,85,279,-194
102000254,191,219,-28
102000266,30,450,-420
102000271,18,0,18
102000286,459,410,49
102000297,2249,1135,1114
102000301,0,0,0
102000303,0,0,0
102000305,0,0,0
102000307,0,7,-7
102000308,0,0,0
102900001,1311,761,550
102900002,494,71,423
102900003,80,169,-89
102900005,453,284,169
102900006,669,116,553
102900007,605,35,570
102900008,297,62,235
102900009,662,465,197
102900010,427,1137,-710
102900011,1579,473,1106
102900012,472,123,349
102900013,49,65,-16
102900015,842,618,224
102900016,128,113,15
102900017,296,462,-166
102900018,61,125,-64
102900019,463,535,-72
102900020,218,37,181
102900021,52,113,-61
102900022,482,233,249
102900023,24,38,-14
102900024,35,69,-34
102900025,251,139,112
102900026,486,2234,-1748
102900027,120,88,32
102900028,242,891,-649
102900029,235,248,-13
102900030,568,378,190
102900031,274,159,115
102900032,196,174,22
102900033,114,155,-41
102900034,667,83,584
102900035,236,334,-98
102900036,392,357,35
102900037,480,339,141
102900038,619,377,242
102900039,21,652,-631
102900040,237,341,-104
102900041,102,194,-92
102900042,227,235,-8
102900043,221,206,15
102900044,666,1587,-921
102900045,134,474,-340
102900046,169,248,-79
102900047,159,692,-533
102900048,627,422,205
102900049,213,404,-191
102900050,253,369,-116
102900051,194,256,-62
102900052,109,101,8
102900053,371,604,-233
102900054,673,1199,-526
102900055,160,332,-172
102900056,118,333,-215
102900057,14,50,-36
102900058,440,122,318
102900059,24,86,-62
102900060,229,424,-195
102900061,238,380,-142
102900062,415,721,-306
102900063,1459,435,1024
102900064,145,499,-354
102900065,1182,472,710
102900066,435,43,392
102900068,157,100,57
102900070,274,512,-238
102900072,7,61,-54
102900073,147,12,135
102900074,254,268,-14
102900075,43,80,-37
102900076,151,172,-21
102900077,48,57,-9
102900078,54,72,-18
102900079,200,11,189
102900080,444,56,388
102900081,135,339,-204
102900082,17,238,-221
102900083,167,20,147
102900084,23,42,-19
102900085,414,160,254
102900086,28,90,-62
102900087,197,132,65
102900088,58,25,33
102900089,260,114,146
102900090,2,305,-303
102900091,231,12,219
102900092,541,528,13
102900093,337,222,115
102900094,3,198,-195
102900095,153,0,153
102900096,59,18,41
102900097,396,488,-92
103000001,2422,1986,436
103000002,2042,2334,-292
103000003,3237,3006,231
103000004,903,769,134
103000005,1851,3074,-1223
103000006,873,1462,-589
103000007,466,701,-235
103000008,980,623,357
103000009,1615,1068,547
103000010,152,87,65
103000011,1624,1307,317
103000012,1692,1562,130
103000013,3099,1824,1275
103000014,1684,2829,-1145
103000015,1550,698,852
103000016,564,1714,-1150
103000017,248,405,-157
103000018,686,341,345
103000019,410,340,70
103000020,2074,1233,841
103000021,1991,1991,0
103000022,728,894,-166
103000023,708,1823,-1115
103000024,109,137,-28
103000025,120,754,-634
103000026,807,120,687
103000027,286,626,-340
103000028,326,349,-23
103000029,206,391,-185
103000030,1430,1227,203
103000031,1144,1901,-757
103000032,2197,1494,703
103000033,3210,2846,364
103000034,1368,1268,100
103000035,413,1316,-903
103000036,363,573,-210
103000037,594,638,-44
103000038,583,992,-409
103000039,530,341,189
103000040,486,717,-231
103000041,1732,1587,145
103000042,1355,428,927
103000043,630,765,-135
103000044,313,163,150
103000046,444,512,-68
103000047,701,481,220
103000048,271,185,86
103000049,153,121,32
103000050,826,386,440
103000051,699,469,230
103000052,764,294,470
103000053,213,544,-331
103000054,2778,1211,1567
103000055,2166,1980,186
103000056,879,1142,-263
103000057,803,219,584
103000058,734,788,-54
103000059,599,761,-162
103000060,829,492,337
103000061,407,802,-395
103000062,1415,511,904
103000063,988,982,6
103000064,166,169,-3
103000065,3,350,-347
103000066,250,10,240
103000069,450,289,161
103000070,1069,707,362
103000071,1491,589,902
103000072,137,601,-464
103000073,754,168,586
103000074,977,133,844
103000075,150,565,-415
103000076,403,495,-92
103000077,30,327,-297
103000078,805,859,-54
103000079,600,574,26
103000080,966,556,410
103000081,515,1342,-827
103000082,590,200,390
103000083,145,296,-151
103000084,164,13,151
103000085,0,122,-122
103000086,548,374,174
103000087,145,610,-465
103000088,209,257,-48
103000089,228,425,-197
103000090,2255,854,1401
103000091,643,475,168
103000092,258,226,32
103000093,354,345,9
103000094,292,101,191
103000095,109,243,-134
103000096,694,110,584
103000097,84,726,-642
103000098,843,228,615
103000099,368,732,-364
103000100,196,639,-443
103000101,1251,110,1141
103000102,139,491,-352
103000103,744,151,593
103000104,83,83,0
103000105,217,94,123
103000106,17,159,-142
103000107,241,54,187
103000108,967,539,428
103000109,430,375,55
103000110,473,555,-82
103000111,403,384,19
103000112,287,224,63
103000113,522,573,-51
103000114,1117,447,670
103000115,892,488,404
103000116,682,385,297
103000117,551,431,120
103000118,518,517,1
103000119,897,389,508
103000120,103,106,-3
103000121,156,441,-285
103000122,389,473,-84
103000125,35,304,-269
103000126,1031,8,1023
103000127,4,188,-184
103000128,301,0,301
103000129,2,155,-153
103000130,130,65,65
103000131,212,141,71
103000132,100,270,-170
103000133,40,130,-90
103000134,413,1064,-651
103000135,669,327,342
103000136,593,479,114
103000137,431,633,-202
103000138,713,816,-103
103000139,4,82,-78
103000140,137,32,105
103000141,85,132,-47
103000142,202,95,107
103000143,105,146,-41
103000144,231,64,167
103000145,73,174,-101
103000150,111,49,62
103000152,187,214,-27
103000153,206,148,58
103000156,24,304,-280
103000157,727,6,721
103000159,214,62,152
103000162,78,12,66
103000163,10,34,-24
103000164,30,16,14
103000165,91,165,-74
103000166,241,318,-77
103000167,162,93,69
103000168,147,169,-22
103000169,221,493,-272
103000170,1011,402,609
103000171,60,103,-43
103000172,789,270,519
103000173,881,451,430
103000174,261,282,-21
103000175,379,245,134
103000176,1066,774,292
103000177,496,440,56
103000178,262,321,-59
103000179,225,43,182
103000183,211,20,191
103000185,133,35,98
103000186,188,114,74
103000187,887,257,630
103000188,33,89,-56
103000189,830,573,257
103000191,676,679,-3
103000292,1088,2381,-1293
103000293,1323,2779,-1456
103000295,113,115,-2
103000296,357,9,348
103000297,93,175,-82
103000504,81,10,71
103000505,12,50,-38
103000506,0,210,-210
103000507,192,3,189
103000508,63,75,-12
103000509,266,518,-252
103900001,2,153,-151
103900002,964,164,800
103900003,1249,264,985
103900004,208,13,195
103900005,10,134,-124
103900006,6,2,4
103900007,224,9,215
103900008,22,0,22
103900009,374,533,-159
103900010,197,354,-157
103900011,490,157,333
103900012,49,33,16
103900013,87,68,19
103900014,122,22,100
103900015,84,12,72
103900016,236,208,28
103900017,39,68,-29
103900018,648,228,420
103900019,155,449,-294
103900020,262,525,-263
103900021,468,87,381
103900022,1507,774,733
103900023,222,1,221
103900024,98,407,-309
103900025,23,51,-28
103900026,70,1,69
103900027,1048,242,806
103900028,31,338,-307
103900029,1283,201,1082
103900030,358,121,237
103900031,47,7,40
103900032,148,104,44
103900033,110,23,87
103900034,61,115,-54
103900035,79,40,39
103900036,48,39,9
103900037,90,125,-35
103900038,176,279,-103
103900039,162,245,-83
103900040,12,167,-155
103900041,103,74,29
103900042,110,248,-138
103900043,267,75,192
103900044,78,301,-223
103900045,542,231,311
103900047,103,30,73
103900048,51,32,19
103900049,216,1034,-818
103900050,9,193,-184
103900051,1,56,-55
103900052,340,321,19
103900053,341,505,-164
103900054,208,307,-99
103900055,615,240,375
103900056,80,40,40
103900057,65,94,-29
103900058,340,463,-123
103900059,0,23,-23
103900060,65,189,-124
103900061,240,31,209
103900062,458,118,340
103900063,7,0,7
103900064,145,3,142
103900065,920,568,352
103900066,229,43,186
103900067,242,10,232
103900068,17,3,14
103900069,115,11,104
103900070,182,185,-3
103900071,25,109,-84
103900072,32,155,-123
103900073,51,25,26
103900074,77,66,11
103900075,350,91,259
103900076,669,425,244
103900077,59,115,-56
103900078,460,105,355
103900079,192,235,-43
103900080,8,25,-17
103900081,43,30,13
103900082,27,134,-107
103900083,973,1412,-439
103900084,76,184,-108
103900085,78,158,-80
103900086,1063,427,636
103900087,32,88,-56
103900088,408,665,-257
103900089,52,119,-67
103900090,3,125,-122
103900091,1165,235,930
103900092,912,518,394
103900093,91,270,-179
103900094,25,85,-60
103900095,295,265,30
103900096,37,127,-90
103900097,11,409,-398
103900098,363,147,216
103900099,89,74,15
103900100,381,248,133
103900101,124,1098,-974
103900102,2,26,-24
103900104,5,25,-20
103900105,97,173,-76
103900106,0,78,-78
103900107,179,177,2
103900108,71,300,-229
103900109,172,99,73
103900110,284,46,238
103900111,144,424,-280
103900112,75,125,-50
103900113,187,267,-80
103900114,466,294,172
103900115,322,271,51
103900116,3836,3747,89
103900117,101,83,18
103900119,52,128,-76
103900120,129,133,-4
103900122,168,166,2
103900123,1172,715,457
103900124,95,324,-229
103900125,106,70,36
103900126,708,366,342
103900127,232,370,-138
103900128,162,150,12
103900131,40,139,-99
103900133,1046,60,986
103900134,1,11,-10
103900135,4,8,-4
103900137,1,30,-29
103900138,135,207,-72
103900139,250,2595,-2345
103900140,8,303,-295
103900141,332,65,267
103900142,360,110,250
103900143,146,3,143
103900144,1,40,-39
103900145,252,233,19
103900146,381,224,157
103900147,541,171,370
103900148,307,259,48
103900149,455,472,-17
103900150,4793,5104,-311
103900151,39,138,-99
103900152,748,311,437
103900153,11,3,8
103900154,699,2338,-1639
103900155,69,187,-118
103900156,67,169,-102
103900157,93,151,-58
103900158,155,121,34
103900159,252,52,200
103900160,51,44,7
103900161,116,164,-48
103900162,102,181,-79
103900163,23,435,-412
103900167,31,133,-102
103900168,242,148,94
103900169,102,48,54
103900170,6,106,-100
103900171,0,79,-79
103900172,3,20,-17
103900173,13,17,-4
103900174,354,105,249
103900175,84,101,-17
103900176,16,66,-50
103900177,8,108,-100
103900178,84,66,18
103900179,64,89,-25
103900180,17,83,-66
103900181,61,41,20
103900182,49,44,5
103900184,585,173,412
103900185,110,535,-425
103900187,32,105,-73
103900188,64,27,37
103900189,213,18,195
103900190,94,68,26
103900191,41,43,-2
103900192,60,92,-32
103900193,150,197,-47
103900194,78,210,-132
103900195,7,83,-76
103900196,55,77,-22
103900197,31,20,11
103900198,17,56,-39
103900199,191,44,147
103900200,195,75,120
103900201,190,207,-17
103900202,10,66,-56
103900203,52,26,26
103900204,3,67,-64
103900207,1,67,-66
103900208,165,1,164
103900209,10,95,-85
103900210,42,27,15
103900211,718,273,445
103900212,160,329,-169
103900213,66,224,-158
103900214,193,169,24
103900215,235,324,-89
103900216,12,338,-326
103900217,359,79,280
103900218,0,263,-263
103900219,162,173,-11
103900233,92,3,89
103900235,26,46,-20
103900236,14,7,7
103900242,1,8,-7
103900243,6,2,4
103900244,153,177,-24
103900245,115,195,-80
103900246,76,39,37
103900247,17,99,-82
103900248,6,63,-57
103900249,44,87,-43
103900250,24,28,-4
103900251,0,31,-31
103900253,31,108,-77
103900254,17,50,-33
103900255,10,16,-6
103900256,22,23,-1
103900257,94,117,-23
103900258,29,4,25
103900259,68,22,46
103900261,8,8,0
103900262,14,6,8
103900263,20,49,-29
103900264,47,41,6
103900265,29,9,20
103900266,3,150,-147
103900267,9,73,-64
103900268,19,57,-38
103900269,252,93,159
103900270,101,107,-6
103900271,22,12,10
104000001,2279,2088,191
104000002,1705,1767,-62
104000003,2312,1932,380
104000004,2616,2454,162
104000005,1755,1789,-34
104000006,3052,2387,665
104000007,3744,3812,-68
104000008,175,197,-22
104000009,221,91,130
104000010,234,315,-81
104000011,360,242,118
104000012,154,275,-121
104000013,270,218,52
104000014,263,451,-188
104000015,386,142,244
104000016,618,375,243
104000018,954,177,777
104000019,756,264,492
104000020,123,416,-293
104000021,322,397,-75
104000022,158,258,-100
104000023,993,342,651
104000024,297,308,-11
104000026,61,315,-254
104000027,280,158,122
104000028,447,236,211
104000029,348,277,71
104000030,294,186,108
104000031,1600,352,1248
104000032,226,182,44
104000033,765,461,304
104000034,495,208,287
104000035,1199,419,780
104000036,940,527,413
104000037,326,193,133
104000038,600,256,344
104000039,281,202,79
104000040,257,420,-163
104000041,670,274,396
104000042,254,309,-55
104000043,218,313,-95
104000044,211,465,-254
104000045,910,844,66
104000046,876,1336,-460
104000047,729,968,-239
104000048,1265,1082,183
104000049,488,328,160
104000050,208,671,-463
104000051,162,458,-296
104000052,1754,1476,278
104000053,945,392,553
104000054,686,306,380
104000055,3251,2137,1114
104000056,965,224,741
104000057,110,347,-237
104000058,813,689,124
104000059,548,844,-296
104000060,1333,1163,170
104000061,1283,894,389
104000062,490,93,397
104000064,454,288,166
104000065,266,690,-424
104000069,602,1086,-484
104000070,81,609,-528
104000071,131,380,-249
104000072,858,197,661
104000075,179,261,-82
104000076,548,243,305
104000082,2516,3418,-902
104000083,877,250,627
104000084,103,465,-362
104000085,364,424,-60
104000086,254,400,-146
104000087,420,2393,-1973
104000090,1007,1166,-159
104000092,1591,1510,81
104000094,935,1191,-256
104000095,1777,1297,480
104000096,1728,147,1581
104000097,2014,695,1319
104000098,2627,730,1897
104000100,2157,628,1529
104000101,1126,1267,-141
104000106,49,643,-594
104000107,652,397,255
104000108,264,441,-177
104000109,370,137,233
104000110,856,1166,-310
104000111,2915,2940,-25
104000112,1541,607,934
104000116,3,740,-737
104000117,237,500,-263
104000118,863,202,661
104000119,828,290,538
104000120,330,718,-388
104000121,269,669,-400
104000122,706,790,-84
104000123,671,698,-27
104000124,718,1680,-962
104000125,2894,5116,-2222
104000126,476,378,98
104000127,1249,1726,-477
104000128,690,393,297
104000129,450,33,417
104000130,10,325,-315
104000131,325,323,2
104000132,323,320,3
104000133,1425,777,648
104000134,1119,1611,-492
104000135,446,2031,-1585
104000136,752,4586,-3834
104000137,1596,534,1062
104000138,820,383,437
104000139,4073,2880,1193
104000141,902,1099,-197
104000142,614,510,104
104000143,539,332,207
104000144,136,194,-58
104000145,425,188,237
104000146,273,492,-219
104000147,160,304,-144
104000148,446,182,264
104000149,156,250,-94
104000150,1165,692,473
104000151,360,328,32
104000152,735,531,204
104000153,937,667,270
104000154,961,509,452
104000155,674,529,145
104000157,1004,1006,-2
104000158,358,686,-328
104000159,1170,767,403
104000160,2032,2180,-148
104000161,198,231,-33
104000162,114,181,-67
104000165,849,900,-51
104000167,897,1250,-353
104000168,651,12,639
104000169,162,32,130
104000170,408,642,-234
104000248,316,481,-165
104000251,75,200,-125
104000272,0,0,0
104000273,0,0,0
104000274,0,0,0
104000275,0,0,0
104000279,754,528,226
104000290,103,251,-148
104000291,436,887,-451
104000293,870,630,240
104000294,80,3,77
104000295,536,687,-151
104000296,415,558,-143
104000297,669,1745,-1076
104000298,1775,720,1055
104000299,731,1198,-467
104900001,225,311,-86
104900002,105,243,-138
104900003,78,276,-198
104900004,110,207,-97
104900005,489,359,130
104900006,544,108,436
104900007,362,250,112
104900009,195,284,-89
104900010,115,82,33
104900011,49,18,31
104900012,250,50,200
104900013,143,14,129
104900014,2182,309,1873
104900015,95,16,79
104900016,259,219,40
104900017,218,182,36
104900018,14,140,-126
104900019,279,3974,-3695
104900020,56,254,-198
104900021,3,148,-145
104900022,17,78,-61
104900023,0,48,-48
104900024,34,45,-11
104900025,51,222,-171
104900026,8,58,-50
104900027,728,349,379
104900028,38,75,-37
104900029,70,68,2
104900030,586,253,333
104900031,73,179,-106
104900032,68,132,-64
104900033,258,336,-78
104900034,469,208,261
104900035,538,249,289
104900036,320,106,214
104900037,177,224,-47
104900038,411,1101,-690
104900039,544,520,24
104900040,654,119,535
104900041,351,183,168
104900042,202,197,5
104900043,34,186,-152
104900044,806,204,602
104900045,512,54,458
104900046,389,153,236
104900047,548,134,414
104900048,384,90,294
104900049,60,60,0
104900050,394,143,251
104900051,326,58,268
104900052,138,4,134
104900053,531,125,406
104900054,215,37,178
104900055,172,5,167
104900056,194,30,164
104900057,71,4,67
104900058,1172,811,361
104900059,236,202,34
104900060,2,400,-398
104900061,228,431,-203
104900063,0,133,-133
104900064,0,72,-72
104900065,0,184,-184
104900066,6,97,-91
104900067,6,276,-270
104900068,23,174,-151
104900070,186,292,-106
104900071,2,465,-463
104900072,75,280,-205
104900073,121,195,-74
104900074,67,173,-106
104900075,85,48,37
104900076,177,242,-65
104900077,843,322,521
104900078,191,357,-166
104900079,116,729,-613
104900080,161,409,-248
104900082,20,333,-313
104900085,0,140,-140
104900087,430,3,427
104900089,336,3,333
104900090,1228,839,389
104900091,538,519,19
104900093,184,413,-229
104900097,2495,2626,-131
104900098,164,34,130
104900099,100,651,-551
104900100,381,253,128
104900102,31,173,-142
104900103,488,70,418
104900104,2252,2404,-152
104900106,172,129,43
104900107,172,179,-7
104900108,108,214,-106
104900109,137,283,-146
104900110,11,54,-43
104900111,272,130,142
104900112,289,479,-190
104900113,852,383,469
104900114,499,372,127
104900115,910,340,570
104900116,333,198,135
104900118,32,59,-27
104900119,10,36,-26
104900120,58,245,-187
104900121,0,70,-70
104900122,6,43,-37
104900123,113,25,88
104900124,93,1,92
104900125,525,7,518
104900126,101,62,39
104900127,50,42,8
104900128,120,209,-89
104900129,1265,2282,-1017
105000001,2556,1239,1317
105000002,2219,1374,845
105000003,2878,3885,-1007
105000004,751,715,36
105000005,1125,1043,82
105000006,1534,1741,-207
105000007,1203,1661,-458
105000008,1551,3697,-2146
105000009,2805,2870,-65
105000010,2935,1542,1393
105000011,4153,2757,1396
105000012,3762,2366,1396
105000013,1070,1096,-26
105000014,2581,2789,-208
105000015,10322,16695,-6373
105000016,2076,2236,-160
105000017,1439,907,532
105000018,1191,1556,-365
105000019,1134,944,190
105000020,174,459,-285
105000021,256,121,135
105000022,245,170,75
105000023,539,317,222
105000028,96,119,-23
105000029,907,1472,-565
105000030,4048,2266,1782
105000033,929,1520,-591
105000034,173,1048,-875
105000037,694,269,425
105000038,2057,1926,131
105000039,2054,1698,356
105000040,1240,1332,-92
105000041,729,1250,-521
105000042,3634,1970,1664
105000043,1530,2077,-547
105000044,772,509,263
105000045,479,558,-79
105000046,1431,343,1088
105000047,634,1050,-416
105000048,661,211,450
105000049,243,395,-152
105000050,815,385,430
105000051,139,389,-250
105000052,726,929,-203
105000053,113,115,-2
105000054,488,807,-319
105000055,694,317,377
105000056,1697,1681,16
105000057,1267,711,556
105000058,1309,1087,222
105000059,922,594,328
105000060,396,568,-172
105000061,839,519,320
105000062,514,685,-171
105000063,329,382,-53
105000064,1860,761,1099
105000065,366,458,-92
105000066,1080,1212,-132
105000067,1693,701,992
105000068,309,728,-419
105000069,1428,2206,-778
105000070,511,942,-431
105000071,284,1003,-719
105000072,960,2609,-1649
105000073,961,678,283
105000074,1073,659,414
105000075,532,795,-263
105000076,1074,947,127
105000077,2218,1221,997
105000078,1226,1376,-150
105000079,1161,2880,-1719
105000080,2122,1747,375
105000081,3087,1264,1823
105000082,1174,1914,-740
105000083,4175,3957,218
105000084,525,740,-215
105000085,2031,2198,-167
105000086,641,796,-155
105000087,1239,1738,-499
105000088,1262,1473,-211
105000089,2509,1945,564
105000090,1086,781,305
105000091,1216,1802,-586
105000092,721,833,-112
105000093,404,280,124
105000094,344,335,9
105000095,129,425,-296
105000096,1309,1039,270
105000097,982,725,257
105000098,1065,616,449
105000099,671,697,-26
105000100,1567,1020,547
105000101,2128,1872,256
105000102,2192,1439,753
105000103,1569,2160,-591
105000104,2600,1040,1560
105000105,1360,1705,-345
105000106,1603,1412,191
105000107,1745,859,886
105000108,2009,1252,757
105000109,2101,1417,684
105000110,1074,551,523
105000111,1052,622,430
105000112,1350,689,661
105000113,520,756,-236
105000114,2222,1051,1171
105000115,370,1249,-879
105000116,961,550,411
105000117,864,759,105
105000118,712,471,241
105000119,628,590,38
105000120,1388,582,806
105000121,841,725,116
105000122,468,645,-177
105000123,1097,1128,-31
105000124,2095,860,1235
105000125,901,1460,-559
105000126,2413,1383,1030
105000127,2920,1660,1260
105000128,751,871,-120
105000129,933,332,601
105000130,410,3106,-2696
105000131,663,327,336
105000132,1041,754,287
105000133,604,916,-312
105000134,1067,656,411
105000135,584,523,61
105000136,161,233,-72
105000137,622,254,368
105000138,214,302,-88
105000139,1160,882,278
105000140,459,490,-31
105000141,423,526,-103
105000142,282,501,-219
105000143,364,666,-302
105000144,275,760,-485
105000145,801,376,425
105000146,437,722,-285
105000147,759,362,397
105000148,1326,629,697
105000149,2854,2448,406
105000150,2095,1386,709
105000151,595,372,223
105000152,234,493,-259
105000153,617,776,-159
105000154,625,517,108
105000155,370,948,-578
105000156,804,657,147
105000157,896,1409,-513
105000158,2196,708,1488
105000159,560,874,-314
105000160,2287,698,1589
105000161,790,816,-26
105000162,642,1878,-1236
105000163,992,749,243
105000164,275,244,31
105000165,718,5839,-5121
105000166,4437,1368,3069
105000167,1379,2079,-700
105000168,485,565,-80
105000169,731,273,458
105000170,351,1214,-863
105000171,1001,195,806
105000172,222,40,182
105000173,308,39,269
105000174,127,53,74
105000175,91,132,-41
105000176,670,132,538
105000177,379,183,196
105000178,232,503,-271
105000179,867,198,669
105000180,216,140,76
105000181,270,286,-16
105000182,65,57,8
105000183,1823,1921,-98
105000184,965,1094,-129
105000185,1501,1034,467
105000186,542,654,-112
105000187,961,289,672
105000188,313,179,134
105000189,213,437,-224
105000190,354,403,-49
105000191,402,306,96
105000192,451,49,402
105000193,67,157,-90
105000194,453,105,348
105000195,535,720,-185
105000196,76,261,-185
105000197,380,566,-186
105000198,481,347,134
105000199,214,663,-449
105000200,160,349,-189
105000201,128,26,102
105000203,4,132,-128
105000204,80,102,-22
105000205,90,191,-101
105000207,459,201,258
105000208,263,649,-386
105000209,220,348,-128
105000212,1369,1059,310
105000213,139,231,-92
105000214,235,247,-12
105000215,446,174,272
105000216,138,245,-107
105000217,139,283,-144
105000218,1778,1103,675
105000221,169,157,12
105000222,611,197,414
105000223,301,205,96
105000226,131,250,-119
105000227,141,147,-6
105000228,243,2299,-2056
105000229,207,491,-284
105000231,478,309,169
105000233,933,651,282
105000234,487,937,-450
105000235,466,545,-79
105000237,913,113,800
105000243,45,145,-100
105000248,66,107,-41
105000262,356,930,-574
105000269,302,216,86
105000270,482,64,418
105000271,3,166,-163
105000282,96,55,41
105000287,446,93,353
105000288,915,412,503
105000289,2236,2022,214
105000290,35,12,23
105000402,3058,4592,-1534
105000426,395,710,-315
105000438,3493,1429,2064
105000446,8922,5579,3343
105000447,5117,2780,2337
105000454,695,517,178
105000455,271,156,115
105000474,66,3,63
105000477,627,535,92
105000478,2292,5589,-3297
105000479,133,120,13
105000480,8367,6980,1387
105000481,4674,3832,842
105000482,4316,6455,-2139
105000483,1879,2319,-440
105000484,2246,2754,-508
105000485,1681,3446,-1765
105000486,2935,2287,648
105000488,7983,4475,3508
105000489,1004,825,179
105000549,106,128,-22
105000550,464,1407,-943
105000551,67,134,-67
105000552,2095,1339,756
105900001,16,2087,-2071
105900002,1157,904,253
105900003,20,114,-94
105900004,250,178,72
105900005,12,209,-197
105900006,29,169,-140
105900007,163,65,98
105900008,93,479,-386
105900009,52,13,39
105900011,264,53,211
105900012,860,139,721
105900013,11,47,-36
105900014,23,100,-77
105900015,228,348,-120
105900016,660,481,179
105900017,1684,76,1608
105900018,206,141,65
105900019,105,634,-529
105900020,79,55,24
105900021,35,361,-326
105900022,263,219,44
105900023,10,97,-87
105900024,16,233,-217
105900025,283,30,253
105900026,308,33,275
105900027,11009,8585,2424
105900028,737,683,54
105900029,1661,427,1234
105900030,232,311,-79
105900031,434,223,211
105900032,129,133,-4
105900033,121,162,-41
105900034,274,222,52
105900035,232,198,34
105900036,157,111,46
105900037,80,84,-4
105900038,213,306,-93
105900039,216,108,108
105900040,67,135,-68
105900041,176,268,-92
105900042,92,159,-67
105900043,1302,134,1168
105900044,1,274,-273
105900045,12,837,-825
105900046,7,263,-256
105900047,27,90,-63
105900048,123,502,-379
105900050,5894,4389,1505
105900051,76,1354,-1278
105900052,876,316,560
105900053,2767,3656,-889
105900054,380,232,148
105900056,772,540,232
105900057,62,182,-120
105900058,33,4,29
105900059,1,47,-46
106000001,4033,2992,1041
106000002,1897,5721,-3824
106000003,3342,3636,-294
106000004,1524,2613,-1089
106000005,3711,5168,-1457
106000006,5020,2848,2172
106000007,565,546,19
106000008,471,327,144
106000009,637,360,277
106000010,709,579,130
106000011,1312,1157,155
106000012,1056,1000,56
106000013,2014,2000,14
106000014,1955,1306,649
106000015,2180,1171,1009
106000016,1338,1576,-238
106000017,545,671,-126
106000018,706,420,286
106000019,470,419,51
106000020,423,287,136
106000021,316,448,-132
106000022,360,133,227
106000023,701,296,405
106000024,740,375,365
106000025,223,209,14
106000026,64,149,-85
106000027,1757,1296,461
106000028,730,373,357
106000029,638,780,-142
106000030,468,524,-56
106000034,202,507,-305
106000035,1004,2189,-1185
106000036,267,517,-250
106000037,1799,1260,539
106000038,282,141,141
106000039,136,125,11
106000040,147,893,-746
106000041,648,758,-110
106000043,613,265,348
106000046,393,104,289
106000047,46,408,-362
106000049,1149,193,956
106000050,255,531,-276
106000051,768,538,230
106000052,100,476,-376
106000053,408,103,305
106000054,380,345,35
106000055,1178,849,329
106000056,323,304,19
106000057,425,323,102
106000058,149,132,17
106000059,433,268,165
106000060,304,458,-154
106000061,277,604,-327
106000062,178,580,-402
106000063,768,595,173
106000064,39,334,-295
106000065,388,396,-8
106000066,132,275,-143
106000067,466,143,323
106000068,70,529,-459
106000069,345,52,293
106000070,538,615,-77
106000071,1277,319,958
106000072,2499,1555,944
106000073,1439,3205,-1766
106000074,682,652,30
106000075,318,1453,-1135
106000076,1849,2004,-155
106000077,3299,1283,2016
106000078,1225,891,334
106000079,837,788,49
106000080,1513,653,860
106000081,760,1045,-285
106000082,2329,770,1559
106000083,478,1297,-819
106000084,1308,680,628
106000085,1373,1412,-39
106000086,713,819,-106
106000087,1051,554,497
106000088,407,652,-245
106000089,1247,350,897
106000090,324,605,-281
106000091,312,448,-136
106000092,748,228,520
106000093,293,139,154
106000094,121,229,-108
106000095,1011,629,382
106000096,967,645,322
106000097,1380,711,669
106000098,969,884,85
106000099,215,755,-540
106000100,1488,219,1269
106000101,1198,345,853
106000102,214,731,-517
106000103,370,482,-112
106000104,810,416,394
106000105,600,516,84
106000106,708,446,262
106000107,186,179,7
106000108,264,226,38
106000109,234,150,84
106000110,278,286,-8
106000111,225,321,-96
106000112,252,548,-296
106000113,588,495,93
106000114,434,683,-249
106000115,189,304,-115
106000116,356,175,181
106000117,1148,742,406
106000118,1343,1412,-69
106000119,1224,900,324
106000120,1082,1333,-251
106000121,185,148,37
106000122,111,132,-21
106000123,626,112,514
106000124,68,147,-79
106000125,12,202,-190
106000126,361,77,284
106000127,1067,646,421
106000128,1044,148,896
106000129,465,398,67
106000130,805,276,529
106000131,139,562,-423
106000132,517,154,363
106000133,1469,1031,438
106000134,482,2049,-1567
106000135,189,412,-223
106000136,792,1109,-317
106000137,85,551,-466
106000138,1233,116,1117
106000139,58,111,-53
106000140,53,46,7
106000141,160,45,115
106000142,114,85,29
106000143,52,50,2
106000144,35,76,-41
106000145,333,228,105
106000146,460,129,331
106000147,368,357,11
106000148,484,797,-313
106000149,626,355,271
106000150,549,1815,-1266
106000151,3212,872,2340
106000152,1301,1968,-667
106000153,68,1425,-1357
106000154,1103,175,928
106000155,128,258,-130
106000156,1068,258,810
106000157,687,1299,-612
106000158,1858,927,931
106000159,2448,1954,494
106000160,577,2887,-2310
106000161,1459,297,1162
106000162,363,1119,-756
106000163,445,285,160
106000164,595,313,282
106000165,348,413,-65
106000166,961,363,598
106000167,445,646,-201
106000168,617,274,343
106000169,394,500,-106
106000170,820,247,573
106000171,273,1014,-741
106000172,2888,1323,1565
106000173,1139,2283,-1144
106000174,1413,436,977
106000175,344,783,-439
106000176,2291,833,1458
106000177,954,2027,-1073
106000178,3739,1628,2111
106000179,969,1834,-865
106000180,888,1018,-130
106000181,1159,1588,-429
106000182,1640,588,1052
106000183,1707,546,1161
106000184,2167,622,1545
106000185,1388,1317,71
106000186,915,155,760
106000187,267,1204,-937
106000188,0,3,-3
106000189,20,38,-18
106000190,36,4,32
106000191,695,253,442
106000192,2,30,-28
106000193,504,265,239
106000194,196,446,-250
106000195,1110,364,746
106000196,434,837,-403
106000197,766,367,399
106000198,250,263,-13
106000199,685,816,-131
106000200,171,307,-136
106000201,499,3381,-2882
106000202,2728,721,2007
106000203,44,94,-50
106000204,94,5,89
106000205,15,106,-91
106000206,115,12,103
106000207,45,598,-553
106000208,1722,199,1523
106000209,1839,412,1427
106000210,488,790,-302
106000211,399,1031,-632
106000212,1256,416,840
106000213,668,2408,-1740
106000214,2347,1051,1296
106000215,290,505,-215
106000216,365,326,39
106000217,284,304,-20
106000218,383,386,-3
106000219,196,207,-11
106000220,432,199,233
106000221,314,218,96
106000222,66,73,-7
106000223,324,126,198
106000224,231,142,89
106000225,107,108,-1
106000226,93,212,-119
106000228,55,81,-26
106000229,95,546,-451
106000231,1077,93,984
106000232,91,303,-212
106000233,619,63,556
106000234,39,230,-191
106000235,594,91,503
106000236,164,130,34
106000237,5,7,-2
106000238,27,19,8
106000239,6,87,-81
106000240,61,3,58
106000241,19,511,-492
106000242,293,34,259
106000249,81,54,27
106000250,91,732,-641
106000251,114,35,79
106000252,36,80,-44
106000253,94,74,20
106000254,73,37,36
106000255,34,169,-135
106000256,58,32,26
106000257,183,267,-84
106000258,273,30,243
106000259,2,65,-63
106000260,66,9,57
106000261,0,59,-59
106000262,107,10,97
106000263,13,62,-49
106000264,331,7,324
106000265,12,116,-104
106000266,143,36,107
106000267,10,82,-72
106000268,378,68,310
106000269,76,49,27
106000270,183,416,-233
106000271,97,230,-133
106000272,281,78,203
106000273,12,287,-275
106000274,140,78,62
106000275,162,281,-119
106000276,188,42,146
106000277,136,305,-169
106000278,204,32,172
106000279,17,25,-8
106000280,136,49,87
106000281,106,27,79
106000282,102,61,41
106000283,108,43,65
106000284,97,107,-10
106000285,192,89,103
106000286,142,149,-7
106000287,154,57,97
106000288,87,167,-80
106000289,132,51,81
106000290,66,79,-13
106000291,163,100,63
106000292,68,111,-43
106000293,169,112,57
106000294,175,100,75
106000295,76,75,1
106000296,57,106,-49
106000297,74,221,-147
106000298,132,89,43
106000299,74,157,-83
106000300,63,92,-29
106000301,84,104,-20
106000303,37,76,-39
106000304,48,22,26
106000305,68,49,19
106000306,30,43,-13
106000307,55,37,18
106000308,35,88,-53
106000309,29,75,-46
106000310,358,387,-29
106000311,402,224,178
106000312,123,135,-12
106000313,233,241,-8
106000318,91,590,-499
106000319,1070,272,798
106000320,6,109,-103
106000321,276,138,138
106000322,173,126,47
106000324,21,105,-84
106000325,1883,1008,875
106000326,1077,1412,-335
106000327,246,69,177
106000328,63,150,-87
106000329,158,315,-157
106000330,48,106,-58
106000428,91,116,-25
106000429,119,252,-133
106000430,388,952,-564
106000431,2314,344,1970
106000432,1405,2153,-748
106000433,2678,1304,1374
106000434,3302,2024,1278
106000435,1265,2236,-971
106000436,8,173,-165
106000437,316,61,255
106000438,431,243,188
106000439,79,500,-421
106000440,280,425,-145
106000441,4,1,3
106000442,126,6,120
106000443,177,242,-65
106000450,3,103,-100
106000451,12,71,-59
106000454,3,88,-85
106000455,4,159,-155
106000456,97,38,59
106000457,21,664,-643
106000458,948,78,870
106000459,161,226,-65
106000460,1835,24,1811
106000461,136,712,-576
106000462,0,30,-30
106000463,5,15,-10
106000464,2,264,-262
106000465,842,7,835
106000466,4,399,-395
106000467,323,425,-102
106000468,111,125,-14
106000469,117,8,109
106000470,337,1837,-1500
106000471,27,394,-367
106000472,144,22,122
106000473,64,18,46
106000474,286,343,-57
106000475,317,207,110
106000476,131,307,-176
106000477,27,28,-1
106900001,0,21,-21
106900002,1,277,-276
106900003,200,1204,-1004
106900004,0,11,-11
106900006,0,8,-8
106900007,1,13,-12
106900008,393,142,251
106900009,426,278,148
106900010,228,221,7
106900012,1243,2725,-1482
106900013,743,231,512
106900014,38,5,33
106900015,19,2,17
106900016,390,19,371
106900017,17,0,17
106900018,11,0,11
106900019,80,4,76
106900020,2240,1872,368
106900021,210,98,112
106900022,1118,7,1111
106900023,61,169,-108
106900024,744,58,686
106900025,67,580,-513
106900026,2,353,-351
106900027,889,3,886
107000001,4029,5350,-1321
107000002,2575,4530,-1955
107000003,7245,7265,-20
107000004,4394,3635,759
107000005,6013,5884,129
107000006,4014,3086,928
107000007,6614,10853,-4239
107000008,8636,6595,2041
107000009,9565,8359,1206
107000010,8382,7172,1210
107000011,985,1185,-200
107000012,3682,2485,1197
107000013,106,77,29
107000014,54,145,-91
107000015,425,590,-165
107000016,895,674,221
107000017,1881,2181,-300
107000018,18,1406,-1388
107000020,1441,2074,-633
107000021,1439,426,1013
107000022,1003,1567,-564
107000023,1904,211,1693
107000024,720,1352,-632
107000025,301,351,-50
107000026,297,390,-93
107000027,1497,923,574
107000028,1435,1138,297
107000029,4204,2979,1225
107000030,2908,2606,302
107000031,5255,2703,2552
107000032,465,857,-392
107000033,2754,3931,-1177
107000034,3464,1393,2071
107000035,384,247,137
107000036,385,1244,-859
107000037,111,690,-579
107000038,253,255,-2
107000039,745,845,-100
107000040,260,355,-95
107000041,1572,862,710
107000042,772,2414,-1642
107000043,2571,1264,1307
107000044,444,361,83
107000045,95,373,-278
107000046,912,466,446
107000047,534,946,-412
107000048,857,366,491
107000049,680,717,-37
107000050,1146,531,615
107000051,301,347,-46
107000052,1124,1182,-58
107000053,456,262,194
107000054,81,259,-178
107000055,179,100,79
107000056,430,803,-373
107000057,1254,249,1005
107000058,2352,2774,-422
107000059,2138,2907,-769
107000060,5338,5386,-48
107000061,5014,3193,1821
107000062,5506,3055,2451
107000063,4508,4022,486
107000064,5227,2804,2423
107000065,3653,3535,118
107000066,2044,3138,-1094
107000067,1591,1286,305
107000068,1463,828,635
107000069,1072,563,509
107000070,1308,8,1300
107000071,4107,78,4029
107000072,53,2320,-2267
107000073,1136,473,663
107000074,174,804,-630
107000075,2126,696,1430
107000076,944,1318,-374
107000077,4440,1564,2876
107000078,2723,2734,-11
107000079,3360,1372,1988
107000080,1184,2504,-1320
107000081,2571,679,1892
107000082,709,1543,-834
107000083,1813,642,1171
107000084,355,1438,-1083
107000085,3147,3391,-244
107000086,3680,3156,524
107000087,3143,2082,1061
107000088,3387,3461,-74
107000089,1706,1751,-45
107000090,1292,1061,231
107000091,1762,984,778
107000092,933,865,68
107000093,1321,972,349
107000094,1228,907,321
107000095,1058,694,364
107000096,612,715,-103
107000097,491,230,261
107000098,296,493,-197
107000099,593,264,329
107000100,221,322,-101
107000101,70,163,-93
107000102,166,282,-116
107000103,251,175,76
107000104,186,264,-78
107000105,450,148,302
107000106,175,230,-55
107000107,886,165,721
107000108,139,422,-283
107000109,780,164,616
107000110,47,363,-316
107000111,422,50,372
107000112,54,213,-159
107000113,787,170,617
107000114,119,415,-296
107000115,707,184,523
107000116,110,550,-440
107000117,170,733,-563
107000118,131,130,1
107000119,1398,1743,-345
107000120,979,634,345
107000121,1127,719,408
107000122,1326,857,469
107000123,587,563,24
107000124,743,721,22
107000125,1244,574,670
107000126,1193,616,577
107000129,481,312,169
107000130,857,357,500
107000131,521,411,110
107000132,711,423,288
107000133,718,154,564
107000134,417,4,413
107000135,4,357,-353
107000136,1037,22,1015
107000137,15,503,-488
107000138,326,47,279
107000139,27,581,-554
107000140,1812,172,1640
107000141,160,750,-590
107000142,623,151,472
107000143,72,677,-605
107000144,573,643,-70
107000145,180,497,-317
107000146,253,425,-172
107000147,3042,880,2162
107000150,751,3287,-2536
107000151,45,112,-67
107000152,420,1821,-1401
107000153,159,436,-277
107000154,181,328,-147
107000155,1242,59,1183
107000156,1519,45,1474
107000157,77,1129,-1052
107000158,792,42,750
107000159,37,713,-676
107000160,1581,172,1409
107000161,72,1127,-1055
107000162,441,730,-289
107000163,289,37,252
107000164,1127,5,1122
107000165,1592,31,1561
107000166,52,914,-862
107000167,877,213,664
107000168,1079,677,402
107000169,622,700,-78
107000170,3279,1141,2138
107000171,1009,1555,-546
107000172,1348,1722,-374
107000173,657,854,-197
107000174,1405,6352,-4947
107000175,6167,1471,4696
107000176,2,3,-1
107000177,3,5,-2
107000178,62,49,13
107000179,507,1637,-1130
107000180,1820,584,1236
107000181,503,932,-429
107000182,2562,979,1583
107000183,199,661,-462
107000184,1313,632,681
107000185,611,1438,-827
107000186,1647,468,1179
107000187,1791,1262,529
107000188,994,641,353
107000189,757,1078,-321
107000190,933,665,268
107000191,833,870,-37
107000192,2104,789,1315
107000193,502,560,-58
107000194,848,670,178
107000197,1153,304,849
107000198,372,675,-303
107000199,807,650,157
107000200,616,755,-139
107000201,547,322,225
107000202,395,507,-112
107000203,980,977,3
107000204,1275,1287,-12
107000205,1997,1099,898
107000206,1371,2021,-650
107000207,399,674,-275
107000208,680,458,222
107000209,2191,1721,470
107000210,712,366,346
107000211,10,41,-31
107000212,42,363,-321
107000213,23,60,-37
107000214,26,195,-169
107000215,575,389,186
107000216,626,375,251
107000217,234,176,58
107000219,134,200,-66
107000220,281,178,103
107000222,322,667,-345
107000224,728,146,582
107000225,218,319,-101
107000226,704,124,580
107000227,133,188,-55
107000228,91,372,-281
107000229,106,158,-52
107000230,1099,508,591
107000231,1485,2224,-739
107000232,148,24,124
107000233,1061,1118,-57
107000234,5,93,-88
107000235,117,28,89
107000236,19,603,-584
107000237,27,0,27
107000238,60,3,57
107000239,2290,604,1686
107000240,112,824,-712
107000241,82,33,49
107000242,388,37,351
107000243,0,53,-53
107000244,13,74,-61
107000246,2,1149,-1147
107000249,2,1059,-1057
107000251,7,236,-229
107000252,3,803,-800
107000255,358,169,189
107000257,3,257,-254
107000258,2,80,-78
107000259,1,140,-139
107000260,861,8,853
107000262,3,323,-320
107000263,413,10,403
107000266,13,14,-1
107000267,91,135,-44
107000268,101,133,-32
107000269,1037,66,971
107000270,26,24,2
107000271,33,437,-404
107000272,65,121,-56
107000273,6,135,-129
107000274,1137,289,848
107000275,66,1090,-1024
107000280,1249,34,1215
107000281,36,632,-596
107000282,87,584,-497
107000290,6,11,-5
107000291,36,7,29
107000292,1,72,-71
107000293,55,3,52
107000294,0,33,-33
107000295,19,0,19
107000296,0,25,-25
107000444,299,11,288
107000496,11,12,-1
107000497,1494,1837,-343
107000500,411,263,148
107000501,157,170,-13
107000502,265,274,-9
107000505,275,761,-486
107000506,2,64,-62
107000508,4,433,-429
107000509,292,915,-623
107000510,34,55,-21
107000514,128,338,-210
107000515,10,173,-163
107000516,515,363,152
107000518,1269,1958,-689
107000519,1324,793,531
107000520,100,71,29
107900001,123,129,-6
107900002,91,10,81
107900003,436,21,415
107900004,174,4,170
107900005,1817,5,1812
107900006,311,3,308
107900007,621,72,549
107900008,88,13,75
107900009,153,10,143
107900010,67,0,67
107900012,96,20,76
107900013,262,31,231
107900014,67,14,53
107900015,1345,11,1334
107900016,432,150,282
107900017,53,3,50
107900018,96,287,-191
107900019,40,24,16
107900020,71,23,48
107900021,125,117,8
107900023,2,4,-2
107900024,1,25,-24
107900025,243,303,-60
107900026,87,56,31
107900027,26,65,-39
107900028,138,64,74
107900030,185,24,161
107900031,63,71,-8
107900032,48,10,38
107900033,51,13,38
107900034,534,24,510
107900035,1280,62,1218
107900036,88,34,54
107900037,0,33,-33
107900038,82,341,-259
107900039,56,42,14
107900040,42,370,-328
107900041,2,0,2
107900043,103,114,-11
107900044,20,11,9
107900045,162,66,96
107900046,229,240,-11
107900047,95,37,58
107900048,235,14,221
107900049,417,1443,-1026
107900050,99,276,-177
107900051,143,64,79
107900052,78,25,53
107900053,81,76,5
107900055,1028,387,641
107900056,143,76,67
107900057,5,0,5
107900058,51,590,-539
107900060,20,23,-3
107900061,15,7,8
107900063,133,152,-19
107900064,309,269,40
107900065,473,16,457
107900066,30,10,20
107900067,1,0,1
107900068,149,528,-379
107900069,43,2719,-2676
107900070,195,102,93
107900071,41,625,-584
107900072,194,117,77
107900073,162,68,94
107900074,617,384,233
107900076,176,60,116
107900077,100,3,97
107900078,261,78,183
107900079,12,35,-23
107900080,244,637,-393
107900081,82,102,-20
107900082,13,23,-10
107900083,407,211,196
107900084,133,165,-32
107900086,57,258,-201
107900087,642,197,445
107900088,79,18,61
107900089,305,1059,-754
107900090,900,3421,-2521
107900091,192,315,-123
107900092,1688,450,1238
107900093,118,77,41
107900095,3023,2610,413
107900097,24,69,-45
107900098,89,240,-151
107900100,1039,1878,-839
107900101,916,190,726
107900102,71,14,57
107900103,43,190,-147
107900104,232,13,219
107900105,1,225,-224
107900106,3,795,-792
107900107,1322,574,748
107900108,257,161,96
107900109,1944,37,1907
107900110,127,75,52
107900111,14,560,-546
107900112,111,399,-288
107900113,400,83,317
107900114,255,117,138
107900115,3,31,-28
107900116,253,127,126
107900117,308,269,39
107900118,76,170,-94
107900119,110,359,-249
107900120,44,35,9
107900121,1,161,-160
107900122,2,97,-95
107900123,8,57,-49
107900124,21,21,0
107900125,45,245,-200
107900126,26,93,-67
107900127,615,399,216
107900128,108,100,8
107900129,119,18,101
107900130,157,13,144
107900131,630,533,97
107900132,114,366,-252
107900133,2,68,-66
107900134,42,112,-70
107900135,8,139,-131
107900136,40,58,-18
107900137,113,144,-31
107900138,111,23,88
107900139,71,65,6
107900140,98,73,25
107900141,63,45,18
107900142,80,801,-721
107900143,82,23,59
107900144,4,129,-125
107900145,22,114,-92
107900146,60,168,-108
107900147,100,54,46
107900148,179,113,66
107900149,902,237,665
107900150,80,583,-503
107900151,40,84,-44
107900152,17,171,-154
107900153,194,441,-247
107900154,96,28,68
107900155,104,63,41
107900156,11,258,-247
107900157,57,45,12
107900158,1155,48,1107
107900159,40,718,-678
107900160,147,122,25
107900161,63,156,-93
107900162,5,121,-116
107900163,80,222,-142
107900164,31,65,-34
107900165,42,174,-132
107900166,28,132,-104
107900167,70,34,36
107900168,61,36,25
107900169,1,193,-192
107900171,7,923,-916
107900172,2,320,-318
107900173,39,120,-81
107900174,176,5,171
107900175,16,32,-16
107900176,44,34,10
107900177,4,208,-204
107900178,0,142,-142
107900179,39,143,-104
107900180,519,999,-480
107900181,412,259,153
107900182,0,825,-825
107900183,94,144,-50
107900184,105,262,-157
107900185,169,2,167
107900186,51,47,4
107900187,0,94,-94
107900188,622,157,465
107900189,26,155,-129
107900190,81,200,-119
107900191,98,74,24
107900193,7,104,-97
107900194,347,17,330
107900195,1622,450,1172
107900196,86,116,-30
107900197,719,564,155
107900199,3,633,-630
107900201,133,77,56
107900203,39,49,-10
107900204,198,288,-90
107900205,331,434,-103
107900206,931,313,618
107900207,3,437,-434
107900208,4,360,-356
107900209,382,143,239
107900210,81,110,-29
107900213,943,688,255
107900214,32,100,-68
107900215,201,422,-221
107900216,192,53,139
107900217,43,160,-117
107900218,12,1474,-1462
107900219,49,79,-30
107900220,257,282,-25
107900221,159,218,-59
107900223,138,531,-393
107900224,167,429,-262
107900225,9,583,-574
107900226,88,112,-24
107900227,153,370,-217
107900228,44,89,-45
107900229,64,224,-160
107900230,13,89,-76
107900231,44,192,-148
107900232,141,119,22
107900233,8,103,-95
107900234,143,75,68
107900235,39,143,-104
107900236,188,47,141
107900237,22,115,-93
107900238,25,119,-94
107900239,652,678,-26
107900240,52,107,-55
107900241,23,69,-46
107900242,56,158,-102
107900243,4,58,-54
107900244,427,9,418
107900245,1036,54,982
107900246,382,23,359
107900248,703,379,324
107900249,1131,79,1052
107900250,1,364,-363
107900251,82,1024,-942
107900252,1305,30,1275
107900253,307,9,298
107900254,112,315,-203
107900255,312,103,209
107900256,1104,1417,-313
107900257,381,173,208
107900258,165,206,-41
107900259,109,2917,-2808
107900261,8,249,-241
107900262,83,132,-49
107900264,552,11,541
107900265,308,162,146
107900267,319,16,303
107900268,32,10,22
107900269,0,15,-15
107900270,1,1,0
107900271,1,49,-48
107900272,100,54,46
107900273,103,181,-78
107900274,150,1,149
107900275,39,1,38
107900276,0,94,-94
107900277,2,201,-199
107900278,329,321,8
107900279,87,164,-77
107900280,2044,2094,-50
107900281,1084,3809,-2725
107900282,54,568,-514
107900283,774,720,54
107900284,587,451,136
107900285,159,59,100
107900286,176,144,32
107900287,354,222,132
107900290,1,192,-191
107900291,602,22,580
107900292,136,135,1
107900293,82,306,-224
107900295,54,44,10
107900297,1,340,-339
107900298,680,601,79
107900299,2192,2884,-692
107900300,117,392,-275
107900301,931,773,158
107900302,180,79,101
107900303,285,282,3
107900304,389,260,129
107900305,439,16,423
107900306,12,49,-37
107900307,64,247,-183
107900308,167,174,-7
107900309,112,4,108
107900310,845,10,835
107900311,11,589,-578
107900312,76,0,76
107900313,2,225,-223
107900314,2,51,-49
107900315,3,52,-49
107900316,146,13,133
107900317,128,23,105
107900318,5,118,-113
107900319,5,136,-131
107900320,1,121,-120
107900321,197,3,194
107900322,11,90,-79
107900323,6,159,-153
107900324,180,2,178
107900325,136,0,136
107900326,480,180,300
107900327,4,70,-66
107900328,48,0,48
107900329,96,97,-1
107900330,7,179,-172
107900331,340,25,315
107900332,310,31,279
107900333,131,29,102
107900334,17,174,-157
107900335,104,42,62
107900336,86,82,4
107900337,772,1198,-426
107900338,20,112,-92
107900339,3,12,-9
107900340,1,47,-46
107900341,84,5,79
107900342,108,111,-3
107900343,107,7,100
107900344,15,92,-77
107900345,167,43,124
107900346,25,1,24
107900347,22,5,17
107900348,2,7,-5
107900349,23,13,10
107900350,11,216,-205
108000001,3538,4026,-488
108000002,1702,2077,-375
108000003,3752,3684,68
108000004,11248,12540,-1292
108000005,8462,6921,1541
108000006,7106,6126,980
108000007,5681,4159,1522
108000008,4045,5113,-1068
108000009,4279,4724,-445
108000010,2602,3630,-1028
108000011,13208,13309,-101
108000012,13599,13063,536
108000014,843,990,-147
108000015,874,248,626
108000016,345,729,-384
108000017,1262,432,830
108000018,2175,829,1346
108000019,2249,1176,1073
108000020,1364,671,693
108000021,401,1635,-1234
108000022,607,1223,-616
108000023,1502,278,1224
108000024,311,423,-112
108000025,357,318,39
108000026,699,371,328
108000027,984,442,542
108000028,681,265,416
108000029,656,385,271
108000030,663,229,434
108000031,287,645,-358
108000032,2022,787,1235
108000033,914,789,125
108000034,1925,643,1282
108000035,760,1682,-922
108000036,462,890,-428
108000037,2023,453,1570
108000038,3104,650,2454
108000039,638,1629,-991
108000040,2549,1072,1477
108000041,790,1970,-1180
108000042,410,189,221
108000043,288,314,-26
108000044,704,198,506
108000045,407,424,-17
108000046,1880,336,1544
108000047,564,738,-174
108000048,261,326,-65
108000049,1356,278,1078
108000050,122,322,-200
108000051,394,163,231
108000052,261,549,-288
108000053,482,285,197
108000054,613,1152,-539
108000055,1435,694,741
108000056,887,1129,-242
108000057,871,1299,-428
108000058,2338,4087,-1749
108000059,2886,1917,969
108000060,240,437,-197
108000061,152,212,-60
108000062,1201,687,514
108000063,690,413,277
108000064,346,268,78
108000065,643,445,198
108000066,1692,810,882
108000067,2047,685,1362
108000068,874,383,491
108000069,306,735,-429
108000070,2371,869,1502
108000071,722,1187,-465
108000072,2004,1061,943
108000073,1272,1360,-88
108000074,746,387,359
108000075,403,676,-273
108000076,991,574,417
108000077,639,524,115
108000078,3096,1331,1765
108000079,910,1226,-316
108000080,1595,518,1077
108000081,535,1165,-630
108000082,881,1491,-610
108000083,2395,1038,1357
108000084,368,988,-620
108000085,1094,539,555
108000086,740,643,97
108000087,239,2591,-2352
108000088,284,14,270
108000089,380,336,44
108000090,469,173,296
108000091,205,438,-233
108000092,182,80,102
108000093,234,368,-134
108000094,624,113,511
108000095,221,237,-16
108000096,406,206,200
108000097,188,336,-148
108000098,2234,1344,890
108000099,257,94,163
108000100,108,195,-87
108000101,1637,1573,64
108000102,1877,3472,-1595
108000106,1156,5,1151
108000107,5,1143,-1138
108000108,843,81,762
108000109,26,878,-852
108000110,258,284,-26
108000111,197,471,-274
108000112,84,142,-58
108000113,478,233,245
108000115,388,320,68
108000117,694,427,267
108000118,100,232,-132
108000119,495,320,175
108000120,209,732,-523
108000121,247,371,-124
108000122,756,271,485
108000123,1195,294,901
108000124,485,467,18
108000125,507,232,275
108000126,187,296,-109
108000127,589,278,311
108000128,749,410,339
108000129,347,728,-381
108000130,643,226,417
108000131,1131,557,574
108000132,2106,1068,1038
108000133,1319,537,782
108000134,586,470,116
108000135,1332,562,770
108000136,344,838,-494
108000137,593,287,306
108000138,493,744,-251
108000139,539,277,262
108000140,163,28,135
108000141,44,59,-15
108000142,77,64,13
108000143,45,15,30
108000144,53,14,39
108000145,60,18,42
108000146,108,29,79
108000147,54,55,-1
108000148,111,29,82
108000149,40,21,19
108000150,47,29,18
108000151,26,45,-19
108000152,176,435,-259
108000153,700,179,521
108000154,77,5,72
108000155,19,22,-3
108000156,328,84,244
108000157,238,1392,-1154
108000158,87,933,-846
108000159,474,253,221
108000160,2227,1467,760
108000161,2231,3257,-1026
108000165,5,272,-267
108000172,1,246,-245
108000173,1320,2117,-797
108000175,341,136,205
108000178,422,320,102
108000179,161,1050,-889
108000181,65,28,37
108000182,118,37,81
108000183,45,31,14
108000184,777,2626,-1849
108000185,374,415,-41
108000186,244,40,204
108000187,156,453,-297
108000188,834,211,623
108000189,585,1482,-897
108000190,67,142,-75
108000192,171,441,-270
108000193,812,51,761
108000194,46,11,35
108000195,1,804,-803
108000196,283,167,116
108000198,469,280,189
108000199,0,286,-286
108000200,629,384,245
108000202,3,398,-395
108000203,217,459,-242
108000204,195,80,115
108000205,249,345,-96
108000339,1139,367,772
108000364,107,273,-166
108000365,186,267,-81
108000367,125,287,-162
108000368,10,67,-57
108000369,607,309,298
108000371,1,705,-704
108000372,672,10,662
108000373,255,98,157
108000376,128,49,79
108000377,582,217,365
108000378,9281,11459,-2178
108000379,30,242,-212
108000381,98,8,90
108000382,139,1,138
108000383,0,187,-187
108900001,93,689,-596
108900002,213,82,131
108900003,314,593,-279
108900004,162,476,-314
108900005,112,436,-324
108900006,809,202,607
108900007,439,267,172
108900008,199,174,25
108900009,109,136,-27
108900010,378,242,136
108900011,878,410,468
108900012,520,527,-7
108900013,231,245,-14
108900014,29,108,-79
108900015,1,271,-270
108900016,0,291,-291
108900017,330,415,-85
108900018,194,400,-206
108900019,80,660,-580
108900020,126,169,-43
108900021,180,242,-62
108900022,321,34,287
108900023,19,45,-26
108900024,57,91,-34
108900025,172,104,68
108900026,45,155,-110
108900027,0,67,-67
108900028,132,208,-76
108900029,77,197,-120
108900030,0,96,-96
108900031,222,246,-24
108900032,40,191,-151
108900033,1,105,-104
108900034,0,145,-145
108900035,344,913,-569
108900036,254,242,12
108900037,133,264,-131
108900038,0,319,-319
108900039,3,307,-304
108900040,8,80,-72
108900041,4480,4133,347
108900042,17,439,-422
108900043,119,501,-382
108900044,7,357,-350
108900045,110,365,-255
108900046,64,595,-531
108900047,0,54,-54
108900048,137,580,-443
108900049,1980,1890,90
108900050,2,187,-185
108900051,0,105,-105
108900052,62,153,-91
108900053,115,272,-157
108900054,139,230,-91
108900055,71,377,-306
108900056,0,99,-99
108900057,1,121,-120
108900058,50,294,-244
108900059,682,81,601
108900060,129,116,13
108900061,113,60,53
108900062,2,182,-180
108900063,37,190,-153
108900064,341,55,286
108900065,21,169,-148
108900066,613,163,450
108900067,31,164,-133
108900068,0,75,-75
108900069,93,50,43
108900070,38,89,-51
108900071,136,132,4
108900072,2329,834,1495
108900073,8,98,-90
108900074,340,268,72
108900075,55,49,6
108900076,493,96,397
108900077,92,119,-27
108900078,37,119,-82
108900079,673,199,474
108900080,63,966,-903
108900081,88,209,-121
108900082,135,97,38
108900083,41,367,-326
108900084,373,206,167
108900085,1699,258,1441
108900086,196,197,-1
108900087,81,182,-101
108900088,1016,466,550
108900089,52,161,-109
108900090,130,262,-132
108900091,129,60,69
108900092,632,342,290
108900093,201,117,84
108900094,356,102,254
108900095,42,232,-190
108900096,261,15,246
108900097,337,175,162
108900098,1816,1041,775
108900099,555,206,349
108900100,137,137,0
108900101,262,327,-65
108900102,143,1420,-1277
108900103,122,135,-13
108900104,163,447,-284
108900105,17,1550,-1533
108900106,552,227,325
108900108,413,92,321
108900109,51,34,17
108900110,265,319,-54
108900111,610,370,240
108900112,311,63,248
108900113,46,95,-49
108900114,2,7,-5
108900115,120,72,48
108900116,129,38,91
108900117,300,17,283
108900118,810,40,770
108900119,370,23,347
108900120,181,222,-41
108900121,393,131,262
108900122,197,22,175
108900123,197,160,37
108900124,636,197,439
108900125,722,17,705
108900126,128,86,42
108900127,279,36,243
108900128,186,50,136
108900129,1058,168,890
108900130,504,4,500
108900131,525,16,509
108900132,672,110,562
108900133,291,105,186
108900134,455,264,191
108900135,237,15,222
108900136,77,2,75
108900137,293,3,290
108900138,1010,101,909
108900139,917,189,728
108900140,454,192,262
108900141,511,57,454
108900142,154,12,142
108900143,130,5,125
108900144,209,2,207
108900145,285,22,263
108900146,125,1,124
108900147,291,1,290
108900148,78,38,40
108900149,583,259,324
108900150,278,22,256
108900151,181,69,112
108900152,516,106,410
108900153,275,299,-24
108900154,5934,508,5426
108900155,326,114,212
108900156,90,17,73
108900157,36,501,-465
108900158,496,22,474
108900159,9,172,-163
108900160,5,196,-191
108900161,9,290,-281
108900162,208,3,205
108900163,8,299,-291
108900164,39,90,-51
108900165,170,133,37
108900167,1276,8924,-7648
108900168,5543,2848,2695
108900169,109,150,-41
108900171,5189,3680,1509
108900172,305,57,248
108900173,232,310,-78
108900174,1031,616,415
108900176,202,370,-168
108900177,3733,6196,-2463
108900178,3133,4489,-1356
108900179,670,2144,-1474
108900180,212,305,-93
108900182,75,393,-318
108900183,385,251,134
108900184,748,334,414
108900185,139,372,-233
108900186,191,379,-188
108900187,540,79,461
108900188,848,140,708
108900189,524,158,366
108900190,63,2049,-1986
108900191,182,78,104
108900192,127,228,-101
108900193,275,145,130
108900194,38,443,-405
108900195,123,200,-77
108900196,64,304,-240
108900198,3,292,-289
108900199,361,348,13
108900200,750,416,334
108900201,639,1412,-773
108900203,676,200,476
108900204,455,33,422
108900205,231,44,187
108900206,770,140,630
108900207,274,170,104
108900208,23,280,-257
108900209,193,488,-295
108900210,340,261,79
108900211,201,626,-425
108900212,521,1582,-1061
108900215,68,360,-292
108900216,498,341,157
108900217,157,2,155
108900218,190,28,162
108900219,99,16,83
108900220,90,41,49
108900221,70,294,-224
108900222,435,34,401
108900223,19,242,-223
108900224,97,344,-247
108900225,2,218,-216
108900226,459,32,427
108900227,171,565,-394
108900230,253,253,0
108900231,32,188,-156
108900232,3,239,-236
108900233,582,160,422
108900234,418,212,206
108900235,249,598,-349
108900236,94,335,-241
108900237,113,202,-89
108900240,218,133,85
108900241,66,55,11
108900245,19,1815,-1796
108900249,181,53,128
108900250,315,174,141
108900257,393,316,77
108900258,21,177,-156
108900259,122,65,57
108900260,10,77,-67
108900261,56,120,-64
108900262,131,143,-12
108900263,24,168,-144
108900264,474,305,169
108900265,880,604,276
108900266,573,921,-348
108900267,17,172,-155
108900268,27,20,7
108900269,118,29,89
108900270,95,21,74
108900271,86,39,47
108900272,300,35,265
108900273,662,981,-319
108900274,59,48,11
109000001,2660,1826,834
109000002,1048,1831,-783
109000003,2867,406,2461
109000004,548,1703,-1155
109000005,2189,614,1575
109000006,660,1748,-1088
109000007,1795,609,1186
109000008,705,1461,-756
109000009,4284,1323,2961
109000010,1197,3017,-1820
109000011,3874,2262,1612
109000012,1830,2423,-593
109000013,4609,3593,1016
109000014,2314,2418,-104
109000015,3957,8786,-4829
109000016,4959,2823,2136
109000017,2784,1260,1524
109000018,970,2156,-1186
109000019,2772,1373,1399
109000020,1024,1637,-613
109000023,313,40,273
109000024,18,177,-159
109000025,394,567,-173
109000026,570,274,296
109000027,93,321,-228
109000028,129,96,33
109000029,159,261,-102
109000030,86,478,-392
109000031,272,168,104
109000032,180,410,-230
109000033,420,183,237
109000034,85,47,38
109000035,16,69,-53
109000036,88,283,-195
109000037,364,1937,-1573
109000038,597,363,234
109000039,1430,1023,407
109000040,4015,11548,-7533
109000041,1955,2069,-114
109000042,622,1366,-744
109000044,436,58,378
109000045,99,262,-163
109000046,388,71,317
109000047,66,434,-368
109000048,987,320,667
109000049,299,599,-300
109000050,535,324,211
109000051,310,241,69
109000052,632,831,-199
109000053,293,122,171
109000054,603,484,119
109000055,368,520,-152
109000056,557,466,91
109000057,1207,524,683
109000058,875,326,549
109000059,754,1665,-911
109000060,369,363,6
109000061,711,1581,-870
109000062,215,370,-155
109000063,247,178,69
109000064,469,193,276
109000065,201,213,-12
109000066,493,84,409
109000067,107,252,-145
109000068,1956,68,1888
109000069,754,35,719
109000070,19,1643,-1624
109000071,357,100,257
109000072,108,272,-164
109000073,49,96,-47
109000074,31,143,-112
109000075,60,334,-274
109000076,183,281,-98
109000077,488,188,300
109000078,108,178,-70
109000079,164,150,14
109000080,215,103,112
109000081,156,363,-207
109000082,849,213,636
109000083,355,509,-154
109000088,138,417,-279
109000089,358,82,276
109000090,141,406,-265
109000091,381,280,101
109000092,424,451,-27
109000093,309,266,43
109000094,838,3,835
109000095,111,395,-284
109000096,861,259,602
109000097,108,137,-29
109000098,52,190,-138
109000099,1058,372,686
109000100,355,698,-343
109000101,2106,658,1448
109000102,558,838,-280
109000103,549,680,-131
109000104,2320,518,1802
109000105,485,1076,-591
109000106,2299,901,1398
109000107,710,1678,-968
109000108,2130,720,1410
109000109,615,1352,-737
109000110,1594,564,1030
109000111,932,1796,-864
109000112,368,127,241
109000113,347,196,151
109000114,181,253,-72
109000115,1165,41,1124
109000116,9,268,-259
109000117,270,67,203
109000118,15,291,-276
109000119,1836,224,1612
109000120,285,618,-333
109000121,644,49,595
109000122,183,626,-443
109000123,28,50,-22
109000124,750,425,325
109000125,996,348,648
109000126,481,699,-218
109000127,1239,238,1001
109000128,610,1055,-445
109000129,3188,968,2220
109000130,727,1360,-633
109000131,1227,701,526
109000132,901,1484,-583
109000133,363,854,-491
109000134,852,1127,-275
109000135,1161,1734,-573
109000136,354,304,50
109000137,428,352,76
109000138,607,299,308
109000139,706,443,263
109000140,240,342,-102
109000141,665,511,154
109000142,197,488,-291
109000143,208,75,133
109000145,132,210,-78
109000146,50,142,-92
109000148,3050,2352,698
109000149,20,29,-9
109000150,110,311,-201
109000155,1057,700,357
109000156,1053,717,336
109000158,328,347,-19
109000159,244,670,-426
109000160,1128,225,903
109000161,382,887,-505
109000162,2369,711,1658
109000163,1404,1596,-192
109000164,1325,2152,-827
109000165,1478,469,1009
109000166,923,139,784
109000167,165,464,-299
109000170,80,56,24
109000171,100,67,33
109000172,71,66,5
109000173,40,90,-50
109000174,127,57,70
109000175,69,83,-14
109000176,350,246,104
109000177,51,100,-49
109000178,565,198,367
109000179,4207,6177,-1970
109000180,4860,4172,688
109000181,16,25,-9
109000182,54,28,26
109000183,66,22,44
109000184,53,14,39
109000185,33,36,-3
109000188,471,1533,-1062
109000189,2892,984,1908
109000190,855,480,375
109000191,500,427,73
109000192,575,182,393
109000193,231,250,-19
109000194,365,83,282
109000195,185,300,-115
109000196,412,98,314
109000197,242,310,-68
109000198,528,57,471
109000199,174,420,-246
109000206,298,46,252
109000207,144,40,104
109000208,90,97,-7
109000209,169,123,46
109000210,209,514,-305
109000211,800,424,376
109000214,443,262,181
109000215,160,89,71
109000216,272,341,-69
109000217,346,194,152
109000218,452,235,217
109000221,478,894,-416
109000222,1087,297,790
109000223,434,417,17
109000224,42,97,-55
109000225,107,36,71
109000226,68,157,-89
109000227,1407,1022,385
109000228,2,1644,-1642
109000231,2,250,-248
109000232,492,266,226
109000236,318,721,-403
109000241,2321,1903,418
109000242,2017,1168,849
109000293,56,60,-4
109000361,99,264,-165
109000364,264,512,-248
109000396,3,404,-401
109000397,798,14,784
109000399,163,371,-208
109000400,91,207,-116
109000403,106,986,-880
109000406,307,4,303
109000407,279,171,108
109000408,0,348,-348
109000410,1205,290,915
109000411,200,19,181
109900001,165,0,165
109900002,1033,36,997
109900003,299,0,299
109900004,763,160,603
109900005,42,2,40
109900006,633,163,470
109900007,1115,349,766
109900008,0,35,-35
109900009,214,407,-193
109900010,557,34,523
109900011,96,67,29
109900012,355,240,115
109900013,470,202,268
109900014,407,46,361
109900015,567,232,335
109900016,184,30,154
109900017,246,225,21
109900018,421,64,357
109900019,270,51,219
109900020,51,34,17
109900021,80,26,54
109900022,153,230,-77
109900023,30,6,24
109900024,44,10,34
109900025,19,43,-24
109900026,6,165,-159
109900027,48,63,-15
109900028,985,1307,-322
109900029,5,235,-230
109900030,61,15,46
109900031,0,375,-375
109900032,7,296,-289
109900033,3,509,-506
109900034,85,3,82
109900035,20,44,-24
109900036,27,66,-39
109900037,42,418,-376
109900038,83,314,-231
109900039,10,0,10
109900040,27,431,-404
109900041,93,345,-252
109900042,50,570,-520
109900044,160,225,-65
109900045,187,138,49
109900046,31,49,-18
109900047,354,333,21
109900048,11,91,-80
109900049,33,42,-9
109900050,3,103,-100
109900051,1,50,-49
109900052,176,353,-177
109900053,1,221,-220
109900054,1021,276,745
109900055,122,275,-153
109900056,13,222,-209
109900057,14,108,-94
109900058,2,62,-60
109900059,988,141,847
109900060,640,140,500
109900061,61,248,-187
109900062,0,108,-108
109900063,15,534,-519
109900064,665,185,480
109900065,65,154,-89
109900066,377,626,-249
109900067,0,167,-167
109900068,108,4,104
109900069,0,31,-31
109900070,70,272,-202
109900071,7,35,-28
109900072,27,158,-131
109900073,615,423,192
109900074,23,44,-21
109900075,28,30,-2
109900076,17,157,-140
109900077,50,51,-1
109900078,105,202,-97
109900080,142,286,-144
109900081,19,238,-219
109900082,68,305,-237
109900083,20,68,-48
109900084,75,139,-64
109900085,238,555,-317
109900086,184,491,-307
109900087,310,483,-173
109900089,934,236,698
109900090,572,1081,-509
109900091,502,102,400
109900092,570,30,540
109900093,1197,198,999
109900094,110,89,21
109900095,191,239,-48
109900096,48,4,44
109900097,192,5,187
109900098,552,73,479
109900099,218,2,216
109900100,58,1,57
109900101,674,28,646
109900102,551,45,506
109900103,33,38,-5
109900104,691,450,241
109900105,618,20,598
109900106,522,61,461
109900107,651,111,540
109900108,132,238,-106
109900109,53,164,-111
109900110,101,305,-204
109900111,416,800,-384
109900112,395,471,-76
109900113,1030,634,396
109900114,1241,920,321
109900115,229,99,130
109900117,1378,145,1233
109900118,213,451,-238
109900119,577,351,226
109900120,125,56,69
109900121,451,471,-20
109900122,618,13,605
109900123,20,174,-154
109900124,56,280,-224
109900125,1,161,-160
109900126,401,90,311
109900128,434,53,381
109900130,5237,3390,1847
109900131,65,186,-121
109900132,47,145,-98
109900133,149,254,-105
109900134,106,82,24
109900135,329,69,260
109900136,79,137,-58
109900137,217,243,-26
109900138,608,330,278
109900140,288,146,142
109900142,1735,449,1286
109900145,3,624,-621
109900146,435,61,374
109900148,43,89,-46
109900149,41,54,-13
109900150,19,82,-63
109900151,20,71,-51
109900152,0,25,-25
109900153,2,58,-56
109900154,75,0,75
109900155,112,40,72
109900157,76,192,-116
109900158,87,158,-71
109900159,114,62,52
109900160,179,66,113
109900161,295,89,206
109900162,240,112,128
109900163,865,304,561
109900164,138,258,-120
109900165,425,5,420
109900166,6,164,-158
109900167,191,410,-219
109900168,241,589,-348
109900169,252,206,46
109900170,260,1077,-817
109900171,256,108,148
109900172,477,379,98
109900173,2141,2851,-710
109900174,67,161,-94
109900175,80,95,-15
109900176,206,204,2
109900177,75,178,-103
109900178,10,166,-156
109900179,67,25,42
109900180,7,27,-20
110000001,921,509,412
110000002,693,823,-130
110000003,873,708,165
110000004,564,737,-173
110000005,430,1879,-1449
110000006,290,362,-72
110000007,150,81,69
110000008,19,63,-44
110000009,63,30,33
110000010,36,86,-50
110000011,70,51,19
110000012,609,318,291
110000013,45,488,-443
110000014,521,404,117
110000015,266,641,-375
110000016,261,1516,-1255
110000017,2473,246,2227
110000018,2504,444,2060
110000019,14,75,-61
110000020,566,293,273
110000021,420,489,-69
110000022,1353,273,1080
110000023,13,189,-176
110000024,732,390,342
110000025,580,13,567
110000026,27,310,-283
110000027,1012,894,118
110000028,1013,640,373
110000029,569,635,-66
110000030,271,366,-95
110000031,351,353,-2
110000032,969,415,554
110000033,277,139,138
110000034,616,612,4
110000035,931,481,450
110000036,1216,563,653
110000037,266,400,-134
110000038,321,634,-313
110000039,725,3457,-2732
110000040,307,305,2
110000041,387,1884,-1497
110000042,95,450,-355
110000043,1021,308,713
110000044,103,538,-435
110000045,713,99,614
110000046,4,68,-64
110000047,29,54,-25
110000048,9,96,-87
110000049,40,16,24
110000050,6,23,-17
110000051,34,12,22
110000052,27,24,3
110000053,70,7,63
110000054,237,414,-177
110000055,549,92,457
110000056,204,105,99
110000057,494,543,-49
110000058,1291,498,793
110000059,1151,555,596
110000060,1050,1162,-112
110000061,858,738,120
110000062,767,910,-143
110000063,36,228,-192
110000064,91,66,25
110000065,108,107,1
110000066,135,27,108
110000067,125,144,-19
110000068,382,135,247
110000069,547,88,459
110000071,356,108,248
110000073,24,16,8
110000075,25,82,-57
110000076,372,578,-206
110000077,452,1347,-895
110000078,49,48,1
110000080,270,498,-228
110000081,83,243,-160
110000082,41,349,-308
110000083,268,526,-258
110000084,1437,914,523
110000085,1330,1583,-253
110000086,1302,2483,-1181
110000087,24,66,-42
110000088,139,266,-127
110000089,366,130,236
110000090,239,219,20
110000091,975,246,729
110000092,27,89,-62
110000093,49,27,22
110000094,483,248,235
110000095,270,624,-354
110000096,1742,1989,-247
110000097,1055,1589,-534
110000098,2245,723,1522
110000099,780,1684,-904
110000100,1352,419,933
110000101,36,265,-229
110000102,99,19,80
110000104,369,158,211
110000105,61,272,-211
110000106,797,461,336
110000107,277,376,-99
110000108,151,116,35
110000109,398,302,96
110000110,2533,5960,-3427
110000111,5555,3495,2060
110000112,1043,1593,-550
110000113,312,2661,-2349
110000114,336,730,-394
110000115,484,356,128
110000116,48,82,-34
110000117,274,282,-8
110000118,552,125,427
110000119,350,304,46
110000120,390,167,223
110000121,77,445,-368
110000122,519,628,-109
110000123,842,892,-50
110000124,4,736,-732
110000125,1249,8,1241
110000126,347,35,312
110000127,1381,70,1311
110000128,67,1241,-1174
110000129,5,527,-522
110000130,318,237,81
110000131,109,267,-158
110000132,3,473,-470
110000133,37,561,-524
110000134,39,358,-319
110000135,202,26,176
110000136,82,273,-191
110000137,733,566,167
110000138,1025,588,437
110000139,1156,1007,149
110000140,920,747,173
110000143,635,415,220
110000144,5002,2063,2939
110000145,1980,1136,844
110000146,2425,873,1552
110000147,767,770,-3
110000148,773,258,515
110000151,928,1269,-341
110000152,795,452,343
110000153,234,27,207
110000154,62,44,18
110000155,1560,4087,-2527
110000156,1175,2586,-1411
110000157,2157,2276,-119
110000160,666,317,349
110000161,271,303,-32
110000166,775,170,605
110000167,1169,582,587
110000168,1403,592,811
110000169,1075,377,698
110000170,147,76,71
110000171,605,130,475
110000172,199,678,-479
110000173,1058,987,71
110000174,186,832,-646
110000175,940,84,856
110000176,285,421,-136
110000177,250,1047,-797
110000178,454,1713,-1259
110000179,1028,350,678
110000180,284,204,80
110000181,659,436,223
110000182,295,115,180
110000183,7093,7759,-666
110000184,338,2871,-2533
110000185,1218,803,415
110000186,831,750,81
110000191,1389,260,1129
110000192,799,20,779
110000193,1281,24,1257
110000194,11,867,-856
110000195,522,214,308
110000196,566,247,319
110000197,150,153,-3
110000198,111,65,46
110000199,94,146,-52
110000200,974,425,549
110000201,1055,1260,-205
110000202,1717,630,1087
110000203,637,531,106
110000204,7,184,-177
110000205,250,38,212
110000206,597,1083,-486
110000207,1564,422,1142
110000208,244,244,0
110000209,191,709,-518
110000210,1499,468,1031
110000211,768,655,113
110000212,492,1145,-653
110000213,360,70,290
110000214,398,104,294
110000215,226,254,-28
110000216,143,282,-139
110000217,445,178,267
110000218,302,330,-28
110000219,457,92,365
110000220,98,215,-117
110000221,518,71,447
110000222,65,190,-125
110000223,2,289,-287
110000224,39,4,35
110000225,357,717,-360
110000226,318,57,261
110000227,1066,1031,35
110000228,290,191,99
110000229,2,219,-217
110000230,538,467,71
110000231,166,227,-61
110000232,522,229,293
110000233,289,230,59
110000234,693,1268,-575
110000235,935,1099,-164
110000236,740,527,213
110000237,2157,1329,828
110000238,1460,1299,161
110000239,2086,1200,886
110000240,0,71,-71
110000242,1,10,-9
110000243,144,121,23
110000244,172,343,-171
110000245,40,300,-260
110000246,1074,474,600
110000247,1466,4976,-3510
110000248,2215,1638,577
110000249,60,12,48
110000250,44,185,-141
110000251,470,442,28
110000252,303,201,102
110000253,1797,780,1017
110000254,681,996,-315
110000255,281,906,-625
110000256,633,402,231
110000257,721,520,201
110000258,6,466,-460
110000259,205,32,173
110000260,75,175,-100
110000263,723,173,550
110000264,471,414,57
110000265,1331,2484,-1153
110000266,2154,3670,-1516
110000267,45,198,-153
110000268,399,515,-116
110000269,11,69,-58
110000270,85,8,77
110000271,1155,331,824
110000272,1339,977,362
110000273,3456,2105,1351
110000274,249,1999,-1750
110000275,2296,688,1608
110000276,412,463,-51
110000277,475,441,34
110000278,485,784,-299
110000279,977,1088,-111
110000280,667,523,144
110000281,89,489,-400
110000282,290,31,259
110000283,46,162,-116
110000284,39,55,-16
110000285,2,1005,-1003
110000286,36,1,35
110000287,141,0,141
110000288,19,112,-93
110000289,454,1905,-1451
110000290,675,664,11
110000291,4449,1310,3139
110000292,1575,5732,-4157
110000293,850,674,176
110000294,1547,1338,209
110000295,311,933,-622
110000296,905,414,491
110000297,2769,347,2422
110000298,171,493,-322
110000299,245,109,136
110000301,466,34,432
110000302,393,710,-317
110000303,543,13,530
110000304,166,184,-18
110000305,1696,31,1665
110000306,199,1053,-854
110000307,2216,12,2204
110000308,755,14,741
110000309,4,750,-746
110000310,956,58,898
110000311,24,579,-555
110000312,680,152,528
110000313,3085,3009,76
110000314,0,240,-240
110000315,2951,3334,-383
110000316,519,1299,-780
110000317,348,630,-282
110000318,20,96,-76
110000319,10,29,-19
110000320,85,146,-61
110000321,31,43,-12
110000322,396,364,32
110000323,582,198,384
110000324,3357,1799,1558
110000325,2496,3742,-1246
110000327,467,385,82
110000328,213,463,-250
110000333,1364,897,467
110000334,1013,1452,-439
110000335,1260,658,602
110000336,871,920,-49
110000337,1782,711,1071
110000338,545,261,284
110000339,399,263,136
110000340,91,237,-146
110000341,587,525,62
110000342,434,8,426
110000343,0,25,-25
110000344,174,302,-128
110000345,208,241,-33
110000346,2064,2039,25
110000347,1213,794,419
110000348,32,15,17
110000349,17,19,-2
110000350,62,9,53
110000351,1235,794,441
110000352,771,1374,-603
110000353,2341,623,1718
110000354,1153,3082,-1929
110000355,136,91,45
110000356,1000,19,981
110000357,671,29,642
110000361,74,25,49
110000362,110,53,57
110000363,649,98,551
110000364,294,288,6
110000365,219,4,215
110000366,0,115,-115
110000367,468,189,279
110000368,6,53,-47
110000369,74,8,66
110000373,2,242,-240
110000374,129,22,107
110000375,136,1019,-883
110000376,58,74,-16
110000377,111,525,-414
110000378,32,419,-387
110000379,2150,2055,95
110000380,84,15,69
110000383,6,1480,-1474
110000384,1716,1318,398
110000385,0,209,-209
110000387,91,14,77
110000388,54,165,-111
110000389,916,5,911
110000391,907,256,651
110000396,304,134,170
110000397,186,127,59
110000398,7,29,-22
110000399,139,1,138
110000587,160,93,67
110000589,220,125,95
110000640,187,51,136
110000652,17,226,-209
110000653,409,368,41
110000654,65,379,-314
110000656,0,431,-431
110000674,80,22,58
110000675,48,17,31
110000676,7,27,-20
110000679,242,1417,-1175
110000682,184,224,-40
110000683,317,500,-183
110000684,14,31,-17
110000685,15,15,0
110000686,8,43,-35
110000687,57,10,47
110000688,121,1217,-1096
110000689,26,34,-8
110000692,39,169,-130
110000693,46,278,-232
110000694,0,124,-124
110000695,242,849,-607
110000696,74,98,-24
110900001,382,20,362
110900002,594,257,337
110900003,1181,416,765
110900004,676,162,514
110900005,2128,2866,-738
110900006,51,27,24
110900007,242,53,189
110900008,18,62,-44
110900009,595,227,368
110900010,23,104,-81
110900011,41,68,-27
110900012,31,92,-61
110900013,1301,201,1100
110900014,379,19,360
110900015,571,845,-274
110900016,103,142,-39
110900017,608,30,578
110900018,607,85,522
110900019,253,41,212
110900020,246,217,29
110900021,135,471,-336
110900022,157,233,-76
110900023,157,482,-325
110900024,20,257,-237
110900025,5,53,-48
110900027,71,230,-159
110900028,51,126,-75
110900029,33,273,-240
110900030,54,179,-125
110900031,6,196,-190
110900032,1,65,-64
110900033,52,266,-214
110900035,31,461,-430
110900036,120,23,97
110900037,94,26,68
110900038,761,208,553
110900039,40,256,-216
110900040,249,54,195
110900041,40,58,-18
110900042,198,81,117
110900043,7,69,-62
110900044,198,28,170
110900045,71,327,-256
110900046,27,163,-136
110900047,417,411,6
110900049,167,117,50
110900050,60,16,44
110900051,46,203,-157
110900052,5,163,-158
110900053,145,43,102
110900054,38,147,-109
110900055,61,10,51
110900056,104,135,-31
110900057,11,115,-104
110900058,308,192,116
110900059,603,419,184
110900060,630,169,461
110900061,19,45,-26
110900062,260,238,22
110900063,75,129,-54
110900064,27,0,27
110900065,300,177,123
110900066,20,72,-52
110900067,329,707,-378
110900068,210,251,-41
110900069,12,19,-7
110900070,110,60,50
110900071,249,886,-637
110900073,2,38,-36
110900074,561,116,445
110900075,547,110,437
110900077,1196,702,494
110900078,71,29,42
110900079,1600,1567,33
110900080,192,90,102
110900081,16,45,-29
110900082,143,116,27
110900083,170,109,61
110900084,68,63,5
110900085,93,222,-129
110900086,119,428,-309
110900087,509,84,425
110900088,37,3,34
110900090,86,63,23
110900091,2,48,-46
110900093,303,128,175
110900095,61,57,4
110900097,34,13,21
110900098,60,77,-17
110900099,107,383,-276
110900100,0,24,-24
110900102,95,23,72
110900105,1322,249,1073
110900108,27,50,-23
110900111,473,172,301
110900112,1009,13,996
110900113,531,92,439
110900115,3,65,-62
110900116,906,1287,-381
110900118,136,3997,-3861
110900119,2793,303,2490
110900120,36,61,-25
110900121,183,1,182
110900122,631,221,410
110900125,527,549,-22
110900127,642,1456,-814
110900128,300,248,52
110900129,431,1215,-784
110900130,900,709,191
110900131,393,54,339
110900132,529,126,403
110900133,192,172,20
110900135,139,319,-180
110900136,442,24,418
110900137,55,1,54
110900138,783,748,35
110900139,16,158,-142
110900140,35,9,26
110900141,15,175,-160
110900142,114,160,-46
110900143,253,120,133
110900144,0,522,-522
110900145,220,68,152
110900146,251,223,28
110900147,111,341,-230
110900148,8,282,-274
110900149,7,62,-55
110900150,132,41,91
110900151,12,113,-101
110900152,59,165,-106
110900153,192,81,111
111000001,541,329,212
111000002,414,475,-61
111000003,1270,643,627
111000004,433,758,-325
111000005,1455,1112,343
111000006,934,1430,-496
111000007,4584,3213,1371
111000008,1745,3151,-1406
111000009,402,762,-360
111000010,981,233,748
111000011,347,1151,-804
111000012,541,399,142
111000013,488,1011,-523
111000014,1496,460,1036
111000017,190,1025,-835
111000018,201,323,-122
111000020,845,1989,-1144
111000021,96,71,25
111000023,146,128,18
111000025,4022,4535,-513
111000029,139,110,29
111000030,51,114,-63
111000031,2207,1553,654
111000032,610,407,203
111000033,305,351,-46
111000034,98,271,-173
111000037,1243,694,549
111000038,3257,2066,1191
111000039,2029,1683,346
111000040,2080,1962,118
111000041,1577,1414,163
111000042,2506,2124,382
111000043,2035,4307,-2272
111000044,2205,1390,815
111000045,2884,2392,492
111000046,2039,1741,298
111000047,3082,4772,-1690
111000049,608,481,127
111000050,1200,1047,153
111000051,629,876,-247
111000052,707,1579,-872
111000053,409,799,-390
111000054,407,667,-260
111000055,1150,1485,-335
111000056,171,416,-245
111000057,111,464,-353
111000058,585,71,514
111000059,653,285,368
111000060,4355,926,3429
111000061,685,359,326
111000062,1063,384,679
111000063,1994,1143,851
111000064,971,644,327
111000065,1416,966,450
111000066,695,462,233
111000067,790,511,279
111000068,775,755,20
111000069,1879,2085,-206
111000070,1019,904,115
111000071,173,450,-277
111000072,1399,496,903
111000073,366,955,-589
111000074,1638,1582,56
111000075,1052,688,364
111000076,538,566,-28
111000077,1863,1636,227
111000078,3030,1295,1735
111000079,1377,729,648
111000080,609,643,-34
111000081,1440,4563,-3123
111000082,820,539,281
111000084,810,585,225
111000085,874,1108,-234
111000086,2511,855,1656
111000087,834,523,311
111000088,4590,3035,1555
111000089,785,853,-68
111000090,816,1429,-613
111000091,959,416,543
111000092,1622,736,886
111000093,992,1098,-106
111000094,2096,1101,995
111000095,848,2338,-1490
111000096,1712,8412,-6700
111000097,4000,1508,2492
111000098,874,1019,-145
111000099,678,1491,-813
111000100,515,1109,-594
111000101,514,750,-236
111000102,397,603,-206
111000104,794,225,569
111000107,322,888,-566
111000109,1482,330,1152
111000110,1669,751,918
111000111,3073,568,2505
111000112,2267,680,1587
111000113,1030,1750,-720
111000114,1784,3674,-1890
111000115,4776,1425,3351
111000116,1123,1022,101
111000117,441,1017,-576
111000118,1477,836,641
111000119,1385,949,436
111000120,643,530,113
111000121,351,706,-355
111000122,625,982,-357
111000123,1307,2097,-790
111000124,600,1897,-1297
111000125,292,1244,-952
111000126,133,648,-515
111000127,1198,199,999
111000128,2682,361,2321
111000129,3253,494,2759
111000130,2954,668,2286
111000131,2312,599,1713
111000132,2230,1070,1160
111000133,239,164,75
111000134,258,108,150
111000135,109,155,-46
111000136,492,273,219
111000138,14,8,6
111000140,4,9,-5
111000141,189,367,-178
111000142,21,291,-270
111000143,7,209,-202
111000144,37,993,-956
111000145,645,19,626
111000146,96,14,82
111000147,203,18,185
111000148,175,90,85
111000149,4,31,-27
111000150,26,11,15
111000151,0,17,-17
111000153,639,871,-232
111000154,645,287,358
111000155,175,203,-28
111000156,560,729,-169
111000157,233,1207,-974
111000158,901,861,40
111000159,2492,804,1688
111000160,553,381,172
111000161,16,305,-289
111000162,91,116,-25
111000163,801,693,108
111000164,548,2763,-2215
111000165,920,462,458
111000166,1511,280,1231
111000167,192,340,-148
111000168,228,461,-233
111000169,343,691,-348
111000170,471,365,106
111000171,498,478,20
111000172,168,312,-144
111000173,415,605,-190
111000174,306,225,81
111000175,48,289,-241
111000176,461,113,348
111000177,480,210,270
111000178,1611,255,1356
111000179,241,120,121
111000180,428,446,-18
111000181,1675,202,1473
111000182,255,211,44
111000183,410,334,76
111000184,413,193,220
111000185,394,400,-6
111000186,353,275,78
111000187,179,144,35
111000188,277,312,-35
111000189,821,559,262
111000190,230,265,-35
111000191,218,234,-16
111000192,224,411,-187
111000193,357,224,133
111000194,76,283,-207
111000195,207,326,-119
111000196,50,165,-115
111000197,554,115,439
111000198,797,127,670
111000199,272,154,118
111000200,477,330,147
111000201,792,257,535
111000202,425,213,212
111000203,509,326,183
111000204,489,1599,-1110
111000213,277,408,-131
111000214,1731,1149,582
111000215,1061,1041,20
111000217,1780,830,950
111000218,1363,1028,335
111000219,410,212,198
111000220,1162,674,488
111000221,499,106,393
111000224,4,211,-207
111000225,439,227,212
111000226,109,3,106
111000227,19,2,17
111000228,29,438,-409
111000229,83,1103,-1020
111000230,274,287,-13
111000231,1281,659,622
111000232,854,957,-103
111000233,1170,546,624
111000234,182,498,-316
111000239,86,137,-51
111000240,85,258,-173
111000241,39,254,-215
111000242,337,61,276
111000243,189,469,-280
111000244,666,82,584
111000245,1169,269,900
111000246,843,254,589
111000247,498,704,-206
111000248,882,363,519
111000249,524,580,-56
111000250,56,92,-36
111000251,88,135,-47
111000253,40,21,19
111000255,35,8,27
111000257,65,28,37
111000260,126,1123,-997
111000261,1599,123,1476
111000271,57,244,-187
111000273,2614,1210,1404
111000274,1376,2485,-1109
111000275,182,43,139
111000276,285,1318,-1033
111000277,197,348,-151
111000278,714,266,448
111000291,854,7768,-6914
111000298,675,177,498
111000299,783,181,602
111000300,166,549,-383
111000302,394,56,338
111000303,101,190,-89
111000312,70,91,-21
111000315,0,66,-66
111000320,294,615,-321
111000321,495,181,314
111000322,481,357,124
111000323,328,35,293
111000324,358,204,154
111000325,61,72,-11
111000326,208,294,-86
111000327,567,292,275
111000328,356,532,-176
111000329,3,19,-16
111000330,82,7,75
111000331,10,5,5
111000332,721,1253,-532
111000334,414,985,-571
111000335,1161,261,900
111000337,1796,397,1399
111000338,73,119,-46
111000339,923,264,659
111000340,139,416,-277
111000341,1548,772,776
111000342,271,1349,-1078
111000344,1284,626,658
111000345,164,139,25
111000346,19,216,-197
111000347,207,18,189
111000350,189,110,79
111000351,142,340,-198
111000352,212,116,96
111000353,232,301,-69
111000354,639,103,536
111000355,343,571,-228
111000358,174,797,-623
111000360,261,471,-210
111000361,181,192,-11
111000546,1024,590,434
111000547,495,424,71
111000548,232,288,-56
111000549,380,242,138
111000550,84,1130,-1046
111000551,837,142,695
111000552,1287,267,1020
111000907,387,18,369
111000908,30,0,30
111000916,2246,269,1977
111000917,37,308,-271
111000918,278,567,-289
111000920,674,21,653
111000921,9,129,-120
111000922,812,254,558
111000924,54,590,-536
111000925,2882,1710,1172
111000926,1056,1331,-275
111000927,3111,4223,-1112
111000928,3928,2587,1341
111000929,1917,1262,655
111000930,1050,1781,-731
111000931,2331,2742,-411
111000932,3808,1756,2052
111000933,3476,2751,725
111000934,1789,2841,-1052
111000935,1886,1036,850
111000936,1216,1597,-381
111000937,1249,1332,-83
111000938,1325,1187,138
111000939,892,51,841
111000940,639,117,522
111000941,435,403,32
111000943,713,262,451
111000944,189,227,-38
111000945,114,1096,-982
111001109,641,611,30
111001110,229,423,-194
111001111,127,7,120
111001112,102,4,98
111001113,0,159,-159
111001114,798,207,591
111001115,23,651,-628
111001116,4015,4718,-703
111001117,560,2830,-2270
111001120,155,221,-66
111001121,226,188,38
111001122,224,362,-138
111001123,348,38,310
111001124,59,54,5
111900001,47,135,-88
111900002,54,629,-575
111900003,6,253,-247
111900004,60,121,-61
111900006,16,83,-67
111900007,242,15,227
111900008,429,4,425
111900009,407,172,235
111900010,343,405,-62
111900012,266,120,146
111900013,8,23,-15
111900014,3720,5625,-1905
111900015,0,61,-61
111900016,2,75,-73
111900017,1,67,-66
111900018,307,2,305
111900019,5,146,-141
111900020,8,42,-34
111900021,38,88,-50
111900022,14,43,-29
111900023,93,61,32
111900024,16,64,-48
111900025,1,59,-58
111900026,2,75,-73
111900027,2,118,-116
111900028,3,255,-252
111900029,11,75,-64
111900030,20,402,-382
111900031,37,44,-7
111900032,3,225,-222
111900033,6,65,-59
111900034,206,416,-210
111900035,166,280,-114
111900036,5,158,-153
111900038,252,487,-235
111900039,67,410,-343
111900040,4,349,-345
111900042,44,130,-86
111900043,1,198,-197
111900044,300,210,90
111900046,28,147,-119
111900048,252,331,-79
111900049,32,183,-151
111900050,181,53,128
111900051,1,164,-163
111900052,308,392,-84
111900053,765,2177,-1412
111900054,283,7,276
111900055,27,212,-185
111900056,156,357,-201
111900057,225,49,176
111900058,570,402,168
111900059,1487,892,595
111900060,598,9,589
111900061,6,143,-137
111900062,51,59,-8
111900063,574,315,259
111900064,120,134,-14
111900065,172,20,152
111900066,178,151,27
111900067,8,328,-320
111900068,64,83,-19
111900069,95,46,49
111900070,221,124,97
111900071,1,216,-215
111900072,56,43,13
111900073,1469,229,1240
111900074,21,208,-187
111900075,111,32,79
111900076,290,86,204
111900077,81,8,73
111900078,531,32,499
111900079,89,49,40
111900080,254,313,-59
111900081,615,289,326
111900082,186,49,137
111900083,219,21,198
111900084,194,22,172
111900085,67,161,-94
111900086,70,6,64
111900087,117,1,116
111900088,775,21,754
111900089,151,5,146
111900090,77,83,-6
111900091,375,6,369
111900092,212,3,209
111900093,564,8,556
111900094,229,2,227
111900095,425,47,378
111900096,195,0,195
111900097,117,0,117
111900098,346,11,335
111900099,135,0,135
111900100,260,12,248
111900101,172,32,140
111900102,876,404,472
111900103,99,138,-39
111900104,333,121,212
111900105,463,272,191
111900106,969,64,905
111900107,129,147,-18
111900108,154,255,-101
111900109,457,715,-258
111900110,1659,519,1140
111900111,240,65,175
111900112,576,4257,-3681
111900113,198,125,73
111900114,137,110,27
111900115,15,40,-25
111900118,422,106,316
111900119,405,228,177
111900122,111,123,-12
111900123,28,44,-16
111900124,54,49,5
111900125,842,61,781
111900126,332,5,327
111900127,3,478,-475
111900128,4,344,-340
111900129,433,11,422
111900130,301,68,233
111900131,619,0,619
111900132,26,703,-677
111900133,18,215,-197
111900134,16,219,-203
111900135,29,59,-30
111900136,89,172,-83
111900137,47,45,2
111900138,15,75,-60
111900139,20,80,-60
111900140,188,37,151
111900141,97,44,53
111900142,147,43,104
111900143,40,132,-92
111900144,17,109,-92
111900145,2,329,-327
111900146,3,188,-185
111900147,132,333,-201
111900148,22,425,-403
111900149,4,196,-192
111900150,7,126,-119
111900151,3,36,-33
111900152,118,97,21
111900153,986,782,204
111900154,21,456,-435
111900155,99,133,-34
111900156,129,91,38
111900157,191,33,158
111900158,742,125,617
111900159,433,30,403
111900160,494,3,491
111900161,236,5,231
111900162,115,229,-114
111900163,34,185,-151
111900164,98,99,-1
111901113,701,177,524
111901114,328,221,107
111901115,148,7,141
111901116,66,2,64
111901117,30,42,-12
111901118,42,348,-306
111901119,612,65,547
111901120,112,114,-2
111901121,156,159,-3
111901122,11,361,-350
111901123,338,274,64
111901124,339,9,330
111901125,577,218,359
111901126,216,120,96
111901127,495,887,-392
111901128,13,80,-67
111901129,8,140,-132
111901130,6,121,-115
111901131,0,222,-222
111901132,82,25,57
111901133,53,4,49
111901134,156,4,152
111901135,63,22,41
111901136,78,61,17
111901137,0,53,-53
111901138,245,44,201
111901139,26,32,-6
111901140,15,102,-87
111901141,7,155,-148
111901142,9,108,-99
111901143,8,115,-107
111901144,104,59,45
111901145,122,331,-209
111901146,366,14,352
112000001,2167,802,1365
112000002,640,1727,-1087
112000003,1931,1040,891
112000004,747,679,68
112000005,4008,3892,116
112000006,1699,1297,402
112000007,4457,2752,1705
112000008,2712,4011,-1299
112000009,2836,2393,443
112000010,3592,3906,-314
112000011,1416,1390,26
112000012,4497,5455,-958
112000013,3109,3299,-190
112000014,2490,2786,-296
112000015,3077,3803,-726
112000016,4324,2034,2290
112000017,1634,3803,-2169
112000024,1946,732,1214
112000026,2748,2904,-156
112000027,1030,760,270
112000028,896,1376,-480
112000029,918,853,65
112000030,123,75,48
112000031,1693,5576,-3883
112000032,249,42,207
112000033,2041,2784,-743
112000034,223,62,161
112000035,58,588,-530
112000036,637,1177,-540
112000037,947,809,138
112000038,1646,1213,433
112000039,139,80,59
112000040,80,223,-143
112000041,446,475,-29
112000042,985,524,461
112000050,1535,1486,49
112000051,1176,1563,-387
112000054,1459,1424,35
112000057,659,404,255
112000058,336,670,-334
112000059,661,888,-227
112000061,2602,1868,734
112000062,1611,1375,236
112000063,1019,2597,-1578
112000064,3152,4857,-1705
112000065,1637,2216,-579
112000066,4479,1662,2817
112000067,748,706,42
112000068,3946,2973,973
112000069,661,1812,-1151
112000070,2488,1249,1239
112000071,1262,2512,-1250
112000072,3139,1037,2102
112000073,1915,2286,-371
112000074,1692,1362,330
112000075,1644,1191,453
112000076,3776,2422,1354
112000077,705,501,204
112000078,1931,757,1174
112000079,1734,1405,329
112000080,883,813,70
112000081,1413,2255,-842
112000082,1825,729,1096
112000083,666,1088,-422
112000084,1777,636,1141
112000085,1474,845,629
112000086,2464,1011,1453
112000087,561,362,199
112000088,901,326,575
112000089,389,321,68
112000090,283,248,35
112000091,600,758,-158
112000092,2329,1087,1242
112000093,1643,849,794
112000094,881,831,50
112000095,839,668,171
112000096,771,606,165
112000097,1678,855,823
112000098,1019,906,113
112000099,1117,1964,-847
112000100,2654,780,1874
112000101,655,771,-116
112000102,1876,510,1366
112000103,410,759,-349
112000105,533,986,-453
112000106,2115,408,1707
112000107,24,293,-269
112000108,261,1282,-1021
112000109,95,92,3
112000110,2158,650,1508
112000111,968,3377,-2409
112000112,4215,743,3472
112000113,972,1654,-682
112000114,3180,1016,2164
112000115,391,539,-148
112000116,984,1127,-143
112000117,1163,839,324
112000118,986,706,280
112000119,584,616,-32
112000120,89,254,-165
112000121,247,334,-87
112000122,370,154,216
112000123,1013,210,803
112000124,453,93,360
112000125,332,269,63
112000126,423,312,111
112000127,2362,2780,-418
112000128,744,950,-206
112000129,134,95,39
112000130,278,120,158
112000131,58,221,-163
112000132,188,243,-55
112000133,515,206,309
112000134,608,289,319
112000135,2133,615,1518
112000136,1290,1213,77
112000137,2058,1804,254
112000138,1686,1312,374
112000139,1029,715,314
112000140,709,1060,-351
112000141,1144,395,749
112000142,147,419,-272
112000143,1515,277,1238
112000144,364,849,-485
112000145,3167,612,2555
112000146,625,1353,-728
112000147,3135,2086,1049
112000148,1693,1828,-135
112000149,671,563,108
112000150,292,646,-354
112000151,338,300,38
112000152,536,352,184
112000153,173,202,-29
112000154,150,300,-150
112000155,136,137,-1
112000157,711,693,18
112000158,403,351,52
112000159,787,423,364
112000167,636,160,476
112000169,311,486,-175
112000173,1074,286,788
112000175,521,318,203
112000176,2053,2108,-55
112000177,1085,291,794
112000178,183,299,-116
112000179,342,103,239
112000180,404,329,75
112000181,1501,1579,-78
112000182,1845,1235,610
112000183,26,43,-17
112000184,471,336,135
112000185,754,478,276
112000187,4244,2858,1386
112000195,189,42,147
112000196,366,7,359
112000197,461,181,280
112000198,52,318,-266
112000199,1174,852,322
112000202,596,3,593
112000216,73,240,-167
112000230,148,17,131
112000231,7,220,-213
112000256,105,283,-178
112000313,66,142,-76
112000314,71,56,15
112000337,304,584,-280
112000352,351,516,-165
112000392,1571,1570,1
112000398,1628,935,693
112000399,1656,2656,-1000
112000400,1661,1935,-274
112000401,2449,1876,573
112000402,4214,3806,408
112000403,1832,2906,-1074
112000404,1304,1002,302
112000405,2541,3000,-459
112000406,2852,1738,1114
112000407,8893,8932,-39
112000408,7126,4382,2744
112000409,1649,2932,-1283
112000410,592,467,125
112000411,3079,2393,686
112000412,1596,660,936
112000413,6673,8078,-1405
112000414,104,57,47
112000415,157,47,110
112000416,3169,1545,1624
112000417,317,84,233
112000421,103,113,-10
112000422,416,297,119
112000424,1681,3043,-1362
112000425,594,522,72
112000426,216,326,-110
112000427,0,14,-14
112000428,322,230,92
112000429,2120,1838,282
112000430,2456,2646,-190
112000431,78,149,-71
112000432,727,923,-196
112000433,434,899,-465
112000437,71,146,-75
112900001,144,1,143
112900002,652,690,-38
112900003,118,344,-226
112900004,90,229,-139
112900005,386,158,228
112900006,14,315,-301
112900007,119,143,-24
112900008,1,79,-78
112900009,494,194,300
112900010,472,899,-427
112900011,110,189,-79
112900012,2,46,-44
112900013,22,364,-342
112900014,2,364,-362
112900015,551,793,-242
112900016,6,288,-282
112900017,55,194,-139
112900018,0,161,-161
112900019,54,216,-162
112900020,563,1119,-556
112900021,5,247,-242
112900022,38,67,-29
112900023,1,118,-117
112900024,21,231,-210
112900025,172,264,-92
112900026,3,199,-196
112900027,22,619,-597
112900028,21,126,-105
112900029,45,450,-405
112900030,67,102,-35
112900031,9,289,-280
112900032,384,228,156
112900034,2,53,-51
112900035,4,286,-282
112900036,30,138,-108
112900037,192,226,-34
112900038,980,186,794
112900039,5,290,-285
112900040,7,477,-470
112900041,891,1446,-555
112900042,70,263,-193
112900043,66,55,11
112900044,568,446,122
112900045,214,313,-99
112900046,324,96,228
112900047,15,33,-18
112900049,381,110,271
112900050,52,696,-644
112900051,301,595,-294
112900052,15,632,-617
112900053,289,187,102
112900054,259,99,160
112900055,154,75,79
112900056,520,242,278
112900057,34,382,-348
112900058,387,496,-109
112900059,147,156,-9
112900060,48,155,-107
112900061,82,141,-59
112900062,88,121,-33
112900063,118,33,85
112900064,246,237,9
112900065,39,43,-4
112900066,474,280,194
112900067,335,162,173
112900068,97,72,25
112900069,1524,975,549
112900071,74,14,60
112900072,178,2744,-2566
112900073,696,143,553
112900074,161,382,-221
112900075,1199,1268,-69
112900076,125,62,63
112900078,443,564,-121
112900079,295,51,244
112900080,145,2,143
112900081,87,206,-119
112900082,878,38,840
112900083,132,157,-25
112900084,305,184,121
112900085,1,12,-11
112900086,210,7,203
112900087,1178,196,982
112900088,213,50,163
112900089,1511,75,1436
112900090,83,47,36
112900091,397,12,385
112900092,194,442,-248
112900093,1576,36,1540
112900094,188,7,181
112900095,87,0,87
112900096,791,269,522
112900097,141,382,-241
112900098,666,17,649
112900099,1255,30,1225
112900100,90,3,87
112900101,480,6,474
112900102,184,18,166
112900103,231,13,218
112900104,9,2,7
112900105,20,0,20
112900106,478,174,304
112900107,17,5,12
112900108,26,5,21
112900109,141,1,140
112900110,1788,34,1754
112900111,902,11,891
112900112,481,1,480
112900113,0,3,-3
112900114,274,31,243
112900115,1904,5,1899
112900116,138,27,111
112900117,80,51,29
112900118,27,76,-49
112900119,285,1,284
112900120,880,306,574
112900121,75,181,-106
112900122,20,107,-87
112900123,98,24,74
112900124,18,90,-72
112900125,140,707,-567
112900126,162,186,-24
112900127,446,104,342
112900128,307,854,-547
112900129,5,551,-546
112900130,307,144,163
112900131,65,235,-170
112900132,124,368,-244
112900133,33,975,-942
112900134,4,281,-277
112900135,88,56,32
112900136,0,30,-30
112900137,2,422,-420
112900138,11,216,-205
112900139,245,1221,-976
112900140,1,90,-89
112900141,1079,61,1018
112900142,207,212,-5
112900143,54,384,-330
112900144,0,187,-187
112900145,33,466,-433
112900146,9,899,-890
112900147,0,1306,-1306
112900148,68,2,66
112900149,306,610,-304
112900151,45,97,-52
112900152,3553,787,2766
112900153,1693,3141,-1448
112900154,1,169,-168
112900155,233,93,140
112900156,548,1044,-496
112900157,354,10,344
112900158,89,16,73
112900159,303,158,145
112900160,96,293,-197
112900161,154,74,80
112900162,57,16,41
112900163,95,88,7
112900164,32,234,-202
112900165,127,34,93
112900166,37,80,-43
112900167,15,72,-57
112900168,4,8,-4
112900169,7,26,-19
112900170,399,196,203
112900172,72,41,31
112900173,325,158,167
112900174,360,61,299
112900175,199,178,21
112900176,13,129,-116
112900177,367,69,298
112900178,877,3160,-2283
112900179,35,341,-306
112900180,2656,1479,1177
112900181,882,4,878
112900182,77,795,-718
112900183,175,364,-189
112900184,390,547,-157
112900185,296,825,-529
112900186,1314,1420,-106
112900187,124,636,-512
112900188,810,1303,-493
112900189,25,40,-15
112900190,12,107,-95
112900192,869,920,-51
112900193,1940,443,1497
112900194,90,85,5
112900195,1083,84,999
112900196,237,374,-137
112900197,281,414,-133
112900199,935,425,510
112900200,688,242,446
112900201,222,98,124
112900202,521,670,-149
112900203,390,231,159
112900204,924,727,197
112900205,19,6,13
112900206,21,43,-22
112900207,28,1,27
112900208,108,377,-269
112900209,419,375,44
112900210,1,18,-17
112900211,88,39,49
112900212,2,158,-156
112900213,89,6,83
112900214,26,18,8
112900215,20,140,-120
112900216,34,51,-17
112900217,3,80,-77
112900218,155,33,122
112900219,122,9,113
112900220,31,1,30
112900221,191,82,109
112900222,9,36,-27
112900223,1316,30,1286
112900224,562,444,118
112900225,552,316,236
112900226,416,454,-38
112900227,881,722,159
112900228,120,52,68
112900229,301,46,255
112900230,6886,4675,2211
112900232,458,448,10
112900233,62,147,-85
112900234,30,58,-28
112900235,153,32,121
112900236,456,20,436
112900237,231,170,61
112900238,6,21,-15
112900239,510,394,116
113000001,6978,4460,2518
113000002,4189,3400,789
113000003,1846,1458,388
113000004,1538,2123,-585
113000005,1897,946,951
113000006,1198,1268,-70
113000007,2138,1052,1086
113000008,1802,1570,232
113000009,1427,786,641
113000010,1324,1107,217
113000011,913,1516,-603
113000012,2221,864,1357
113000013,1300,785,515
113000014,1338,1515,-177
113000015,385,345,40
113000016,443,1178,-735
113000017,129,347,-218
113000018,377,42,335
113000019,286,350,-64
113000020,459,131,328
113000021,1097,522,575
113000022,848,1155,-307
113000025,149,357,-208
113000026,578,601,-23
113000027,731,711,20
113000028,923,902,21
113000029,1308,756,552
113000030,415,717,-302
113000031,256,351,-95
113000032,375,385,-10
113000033,355,541,-186
113000034,457,448,9
113000035,53,68,-15
113000036,24,68,-44
113000037,78,47,31
113000038,27,56,-29
113000039,145,329,-184
113000040,86,91,-5
113000042,759,604,155
113000051,961,2386,-1425
113000052,2026,789,1237
113000053,620,379,241
113000054,532,789,-257
113000055,1580,498,1082
113000056,1261,802,459
113000058,740,830,-90
113000059,1412,559,853
113000060,321,527,-206
113000061,460,880,-420
113000062,793,391,402
113000063,293,96,197
113000064,71,245,-174
113000065,217,600,-383
113000066,936,98,838
113000067,2848,1036,1812
113000068,438,896,-458
113000069,559,766,-207
113000070,3096,1006,2090
113000071,672,669,3
113000072,1213,475,738
113000073,449,1449,-1000
113000074,1198,384,814
113000075,1987,744,1243
113000076,640,2176,-1536
113000077,1384,737,647
113000078,824,2559,-1735
113000079,703,875,-172
113000080,640,821,-181
113000081,988,956,32
113000082,1404,921,483
113000083,631,1006,-375
113000084,1542,1437,105
113000085,973,766,207
113000086,1568,1239,329
113000087,1311,926,385
113000088,2258,1548,710
113000089,949,1716,-767
113000090,317,834,-517
113000091,437,454,-17
113000094,1595,230,1365
113000095,281,684,-403
113000096,155,687,-532
113000097,1230,423,807
113000098,223,57,166
113000099,1894,464,1430
113000100,145,401,-256
113000101,355,642,-287
113000102,836,560,276
113000103,1663,333,1330
113000104,561,2068,-1507
113000105,1003,592,411
113000106,356,402,-46
113000107,1142,718,424
113000108,898,849,49
113000109,645,1534,-889
113000110,2202,508,1694
113000111,125,605,-480
113000112,272,315,-43
113000113,1308,349,959
113000114,375,1789,-1414
113000116,708,406,302
113000117,825,182,643
113000118,76,583,-507
113000119,525,410,115
113000120,85,258,-173
113000121,705,1097,-392
113000124,281,135,146
113000125,122,1028,-906
113000127,1921,308,1613
113000128,660,577,83
113000129,607,825,-218
113000133,1944,1933,11
113000134,14,1381,-1367
113000135,4606,5055,-449
113000137,1773,3938,-2165
113000139,482,344,138
113000140,142,313,-171
113000141,306,339,-33
113000142,453,1424,-971
113000143,408,271,137
113000144,305,915,-610
113000145,99,118,-19
113000146,181,68,113
113000147,258,89,169
113000148,276,154,122
113000149,170,125,45
113000150,661,293,368
113000151,68,67,1
113000152,66,108,-42
113000153,1386,738,648
113000154,926,1895,-969
113000155,446,901,-455
113000156,200,409,-209
113000157,320,767,-447
113000158,809,330,479
113000159,1206,707,499
113000160,683,1004,-321
113000161,354,386,-32
113000162,1015,380,635
113000163,194,57,137
113000164,32,69,-37
113000166,240,110,130
113000167,69,77,-8
113000168,115,114,1
113000169,258,85,173
113000170,154,111,43
113000171,53,100,-47
113000172,402,95,307
113000173,111,50,61
113000174,126,407,-281
113000175,518,134,384
113000176,657,158,499
113000177,194,411,-217
113000178,251,302,-51
113000179,349,195,154
113000180,794,1111,-317
113000181,962,683,279
113000182,170,469,-299
113000183,159,570,-411
113000184,12,88,-76
113000189,517,1297,-780
113000190,875,620,255
113000192,926,3183,-2257
113000193,2928,1998,930
113000194,1045,1245,-200
113000195,1959,1548,411
113000196,230,73,157
113000197,1581,1418,163
113000198,105,299,-194
113000199,1899,545,1354
113000201,338,336,2
113000202,4444,1225,3219
113000203,175,136,39
113000204,995,2811,-1816
113000205,17,18,-1
113000206,10,34,-24
113000207,84,22,62
113000208,59,58,1
113000209,22,48,-26
113000210,5,19,-14
113000211,129,275,-146
113000212,69,30,39
113000213,38,189,-151
113000214,213,212,1
113000234,248,766,-518
113000410,185,266,-81
113000411,2522,4171,-1649
113000412,4783,2475,2308
113000413,1929,3250,-1321
113000414,4922,15048,-10126
113000415,2408,2766,-358
113000416,6997,4107,2890
113000417,3221,2872,349
113000418,4911,3948,963
113000419,2390,2465,-75
113000420,4807,7285,-2478
113000421,4662,7645,-2983
113000422,11506,12999,-1493
113000423,1947,6154,-4207
113000424,2644,9925,-7281
113000425,12,102,-90
113000428,175,115,60
113000430,5,417,-412
113000432,2310,156,2154
113000433,75,548,-473
113000434,34,160,-126
113000435,44,399,-355
113000436,50,897,-847
113000437,1475,46,1429
113000438,331,19,312
113000439,29,96,-67
113000440,267,88,179
113000441,306,170,136
113000442,161,160,1
113000443,402,202,200
113000444,263,148,115
113000445,142,89,53
113000446,54,86,-32
113000448,211,207,4
113000449,171,785,-614
113000450,722,2197,-1475
113000451,1247,251,996
113000452,277,467,-190
113000453,29,419,-390
113000454,494,105,389
113000455,10,406,-396
113000456,3953,2929,1024
113000468,1355,237,1118
113000469,131,236,-105
113000470,406,18,388
113000471,24,440,-416
113000472,131,233,-102
113000474,859,630,229
113000475,1529,1489,40
113000476,1730,1720,10
113000477,3803,1824,1979
113000478,3453,3921,-468
113000479,111,145,-34
113000480,126,280,-154
113000485,4,0,4
113000486,0,0,0
113000487,0,1,-1
113000488,2,3,-1
113000489,1,3,-2
113000490,0,29,-29
113000491,23,5,18
113000492,0,1,-1
113000493,0,0,0
113000495,173,150,23
113000496,154,95,59
113000497,0,0,0
113000499,0,0,0
113000500,0,3,-3
113900001,2,226,-224
113900002,2,56,-54
113900003,0,40,-40
113900004,2,61,-59
113900005,2,68,-66
113900006,0,13,-13
113900007,63,39,24
113900008,71,1,70
113900009,87,1,86
113900010,69,1,68
113900011,65,1,64
113900012,68,1,67
113900013,206,5,201
113900014,658,3,655
113900015,0,76,-76
113900016,28,0,28
113900017,3,52,-49
113900018,406,352,54
113900019,273,75,198
113900020,169,2,167
113900022,68,1,67
113900023,35,0,35
113900024,54,39,15
113900025,311,43,268
113900026,90,0,90
113900027,30,34,-4
113900028,26,366,-340
113900029,64,168,-104
113900030,321,2,319
113900031,54,1,53
113900032,41,0,41
113900033,71,70,1
113900035,92,0,92
113900036,37,90,-53
113900037,245,320,-75
113900038,43,134,-91
113900039,201,33,168
113900040,11,22,-11
113900041,8,7,1
113900042,87,60,27
113900043,173,110,63
113900044,222,345,-123
113900045,103,4,99
113900046,605,686,-81
113900047,91,157,-66
113900048,168,149,19
113900049,492,395,97
113900050,416,517,-101
113900051,294,346,-52
113900052,149,143,6
113900053,776,588,188
113900054,25,1,24
113900055,153,454,-301
113900056,92,227,-135
113900057,11,64,-53
113900058,89,116,-27
113900059,302,275,27
113900060,163,276,-113
113900061,827,262,565
113900062,136,22,114
113900063,194,167,27
113900064,17,122,-105
113900065,538,21,517
113900066,499,253,246
113900067,288,385,-97
113900068,608,639,-31
113900069,68,58,10
113900070,177,590,-413
113900071,91,94,-3
113900072,87,173,-86
113900073,371,368,3
113900074,423,1011,-588
113900075,1351,1698,-347
113900076,235,37,198
113900077,74,196,-122
113900078,53,84,-31
113900079,2,35,-33
113900080,629,205,424
113900081,78,176,-98
113900082,192,227,-35
113900083,575,320,255
113900084,278,144,134
113900085,73,305,-232
113900086,75,11,64
113900087,131,178,-47
113900088,96,110,-14
113900089,441,48,393
113900090,858,415,443
113900091,17,17,0
113900092,52,101,-49
113900093,84,960,-876
113900094,632,321,311
113900095,181,176,5
113900096,309,105,204
113900097,39,96,-57
113900098,907,111,796
113900099,0,31,-31
113900100,1,4,-3
113900101,12,91,-79
113900102,165,202,-37
113900103,350,339,11
113900104,163,267,-104
113900105,162,158,4
113900106,2,46,-44
113900107,0,29,-29
113900108,191,282,-91
113900109,411,256,155
113900110,80,14,66
113900111,204,90,114
113900112,134,61,73
113900113,1384,514,870
113900114,2,54,-52
113900115,5,71,-66
113900116,133,159,-26
113900117,124,38,86
113900118,245,618,-373
113900119,254,552,-298
113900120,73,44,29
113900121,105,103,2
113900122,517,2717,-2200
113900123,593,203,390
113900124,1,55,-54
113900125,671,147,524
113900126,138,67,71
113900127,381,804,-423
113900128,179,124,55
113900129,18,185,-167
113900130,3,101,-98
113900131,402,111,291
113900132,62,99,-37
113900133,16,54,-38
113900135,415,280,135
113900136,151,84,67
113900137,503,334,169
113900138,66,278,-212
113900139,291,196,95
113900140,253,438,-185
113900141,655,203,452
113900142,165,89,76
113900143,10,46,-36
113900144,200,342,-142
113900145,468,154,314
113900146,234,76,158
113900148,191,392,-201
113900149,220,108,112
113900150,454,630,-176
113900151,606,187,419
113900152,58,66,-8
113900153,235,617,-382
113900154,3,139,-136
113900155,229,252,-23
113900156,222,299,-77
113900157,88,389,-301
113900158,293,664,-371
113900159,21,232,-211
113900160,635,477,158
113900161,82,250,-168
113900162,416,1132,-716
113900163,342,282,60
113900164,437,89,348
113900165,911,370,541
113900166,202,240,-38
113900167,399,63,336
113900168,156,84,72
113900169,270,381,-111
113900171,324,101,223
113900172,24,146,-122
113900173,52,405,-353
113900174,596,674,-78
113900175,506,184,322
113900176,546,450,96
113900177,403,202,201
113900178,530,174,356
113900179,32,326,-294
113900180,168,77,91
113900181,1409,195,1214
113900182,861,886,-25
113900183,70,81,-11
113900184,26,314,-288
113900185,260,74,186
113900186,86,50,36
113900187,50,136,-86
113900188,68,256,-188
113900189,306,151,155
113900190,226,112,114
113900191,142,223,-81
113900192,10,1120,-1110
113900193,41,192,-151
113900194,1530,820,710
113900195,284,382,-98
113900196,26,194,-168
113900197,0,141,-141
113900198,51,252,-201
113900199,156,772,-616
113900200,29,257,-228
113900201,1,140,-139
113900202,48,329,-281
113900203,1,96,-95
113900204,61,523,-462
113900205,9,210,-201
113900206,11,130,-119
113900207,1,57,-56
113900208,0,55,-55
113900209,0,58,-58
113900210,758,1012,-254
113900211,288,81,207
113900212,247,356,-109
113900214,398,643,-245
113900215,70,144,-74
113900216,216,570,-354
113900217,123,157,-34
113900218,191,97,94
113900219,151,331,-180
113900220,141,169,-28
113900221,570,376,194
113900222,251,704,-453
113900223,204,606,-402
113900224,91,68,23
113900225,1042,265,777
113900226,484,153,331
113900227,567,284,283
113900228,349,569,-220
113900229,87,1055,-968
113900230,3746,4357,-611
113900231,197,194,3
113900232,129,100,29
113900233,203,82,121
113900234,466,537,-71
113900235,147,46,101
113900236,277,201,76
113900237,244,14,230
113900238,302,690,-388
113900239,85,138,-53
113900240,7,218,-211
113900241,138,53,85
113900242,38,167,-129
113900243,100,347,-247
113900244,334,271,63
113900245,1066,333,733
113900246,15,44,-29
113900247,155,543,-388
113900248,2177,2557,-380
113900249,634,563,71
113900250,117,190,-73
113900251,932,166,766
113900252,656,29,627
113900253,752,119,633
113900254,893,198,695
113900255,627,25,602
113900256,461,47,414
113900257,45,377,-332
113900258,38,316,-278
113900259,709,129,580
113900260,281,7,274
113900261,42,87,-45
113900262,170,424,-254
113900263,167,661,-494
113900264,7,371,-364
113900265,161,469,-308
113900266,32,171,-139
113900267,114,541,-427
113900268,496,444,52
113900269,68,129,-61
113900270,203,771,-568
113900271,812,912,-100
113900273,66,23,43
113900274,75,44,31
113900275,31,74,-43
113900276,1,99,-98
113900277,187,11,176
113900278,247,170,77
113900279,79,102,-23
113900280,1586,515,1071
113900281,844,1466,-622
113900282,1072,906,166
113900283,486,455,31
113900284,1011,259,752
113900285,215,44,171
113900286,111,136,-25
113900287,54,46,8
113900288,6,181,-175
113900289,740,182,558
113900290,169,387,-218
113900291,104,176,-72
113900292,26,6,20
113900293,5,195,-190
113900294,615,34,581
113900295,468,646,-178
113900296,1759,522,1237
113900297,2443,65,2378
113900298,38,1700,-1662
113900299,155,91,64
113900300,4723,5156,-433
113900301,982,641,341
113900302,1873,1034,839
113900303,540,640,-100
113900304,3,113,-110
113900305,141,0,141
113900306,152,3,149
113900307,22,0,22
113900308,105,99,6
113900309,2,552,-550
113900310,0,3,-3
113900311,19,0,19
113900312,240,280,-40
113900313,16,16,0
114000001,1152,2030,-878
114000002,382,315,67
114000003,55,295,-240
114000004,482,399,83
114000005,437,269,168
114000006,2883,2152,731
114000007,942,1426,-484
114000008,1573,2439,-866
114000009,1063,319,744
114000011,3145,2074,1071
114000012,3154,1585,1569
114000013,2116,1459,657
114000014,494,260,234
114000015,2595,408,2187
114000016,318,258,60
114000017,115,549,-434
114000018,222,49,173
114000026,2503,1177,1326
114000027,4334,2040,2294
114000028,2899,2844,55
114000038,439,156,283
114000039,99,43,56
114000040,119,264,-145
114000042,292,143,149
114000043,92,62,30
114000044,303,42,261
114000045,71,68,3
114000046,3384,4657,-1273
114000047,12,79,-67
114000048,123,55,68
114000049,2018,1868,150
114000050,2112,2382,-270
114000051,3411,2394,1017
114000052,4474,2172,2302
114000053,145,720,-575
114000054,317,742,-425
114000055,256,23,233
114000056,641,1110,-469
114000057,4455,2021,2434
114000058,378,2130,-1752
114000059,254,433,-179
114000060,717,881,-164
114000061,3038,3727,-689
114000062,1617,2232,-615
114000063,1919,1502,417
114000064,4228,4331,-103
114000065,1517,2248,-731
114000066,477,556,-79
114000067,50,881,-831
114000068,594,801,-207
114000069,1168,637,531
114000070,2302,1802,500
114000071,915,540,375
114000072,640,207,433
114000073,28,56,-28
114000074,85,30,55
114000075,79,77,2
114000076,44,75,-31
114000077,19,28,-9
114000078,497,468,29
114000079,207,34,173
114000080,61,98,-37
114000081,98,87,11
114000082,45,385,-340
114000083,113,237,-124
114000084,449,102,347
114000085,117,560,-443
114000086,284,387,-103
114000087,209,174,35
114000088,40,24,16
114000089,683,421,262
114000090,1084,1072,12
114000091,1554,1073,481
114000092,1327,609,718
114000093,1812,961,851
114000094,482,378,104
114000095,374,184,190
114000096,131,304,-173
114000097,135,417,-282
114000098,784,114,670
114000099,842,396,446
114000100,2295,633,1662
114000101,526,512,14
114000102,777,322,455
114000103,176,287,-111
114000104,18,217,-199
114000105,221,97,124
114000106,866,1648,-782
114000107,578,160,418
114000108,1029,876,153
114000109,756,1212,-456
114000110,799,1106,-307
114000111,2664,899,1765
114000112,586,1438,-852
114000113,1369,654,715
114000114,1351,1046,305
114000115,2496,1296,1200
114000116,1171,750,421
114000117,3951,529,3422
114000118,3407,626,2781
114000119,2376,563,1813
114000120,1078,556,522
114000121,453,746,-293
114000122,402,312,90
114000123,2671,343,2328
114000124,1279,270,1009
114000125,743,858,-115
114000126,2354,323,2031
114000127,330,167,163
114000128,899,326,573
114000130,522,548,-26
114000131,351,127,224
114000132,814,434,380
114000133,1216,1195,21
114000134,73,112,-39
114000138,58,146,-88
114000139,615,328,287
114000144,1135,621,514
114000145,109,170,-61
114000146,155,252,-97
114000147,1680,2333,-653
114000148,1747,2108,-361
114000149,452,378,74
114000150,472,714,-242
114000151,800,1645,-845
114000152,159,42,117
114000153,800,2391,-1591
114000154,651,721,-70
114000155,1796,2711,-915
114000156,685,639,46
114000157,318,1041,-723
114000158,1315,745,570
114000159,162,416,-254
114000160,155,469,-314
114000161,1366,3587,-2221
114000162,1504,3375,-1871
114000163,21,56,-35
114000165,669,370,299
114000166,669,509,160
114000167,2676,1647,1029
114000168,778,652,126
114000169,1602,1734,-132
114000170,1104,996,108
114000171,1698,2673,-975
114000174,210,466,-256
114000176,399,483,-84
114000177,1382,723,659
114000178,35,49,-14
114000179,1204,789,415
114000180,426,596,-170
114000181,1944,4340,-2396
114000182,2173,2323,-150
114000183,712,647,65
114000184,455,865,-410
114000185,1330,758,572
114000189,1608,174,1434
114000190,3440,559,2881
114000191,94,126,-32
114000192,280,1031,-751
114000193,505,1739,-1234
114000194,1388,663,725
114000195,232,76,156
114000196,0,175,-175
114000197,1844,54,1790
114000198,885,386,499
114000199,1966,1969,-3
114000200,501,1351,-850
114000201,162,718,-556
114000202,1014,390,624
114000203,489,419,70
114000204,178,393,-215
114000205,235,1152,-917
114000206,693,1108,-415
114000207,477,1244,-767
114000208,631,1712,-1081
114000209,737,1551,-814
114000210,338,911,-573
114000211,1064,1152,-88
114000212,1073,805,268
114000213,1536,524,1012
114000214,121,175,-54
114000215,297,94,203
114000216,1621,464,1157
114000217,465,208,257
114000218,263,192,71
114000219,1394,175,1219
114000220,44,716,-672
114000221,996,190,806
114000222,196,739,-543
114000223,644,182,462
114000224,67,477,-410
114000225,290,498,-208
114000226,263,310,-47
114000227,799,435,364
114000228,1062,650,412
114000229,1524,1132,392
114000230,1802,1008,794
114000231,1230,1226,4
114000232,920,180,740
114000233,2746,187,2559
114000234,999,795,204
114000235,1293,1113,180
114000236,0,337,-337
114000237,147,728,-581
114000238,134,175,-41
114000239,189,750,-561
114000240,872,682,190
114000241,305,697,-392
114000242,815,609,206
114000243,1826,845,981
114000244,595,266,329
114000245,462,692,-230
114000246,87,34,53
114000247,611,547,64
114000248,1339,507,832
114000249,679,365,314
114000250,691,607,84
114000251,585,190,395
114000252,58,48,10
114000253,43,114,-71
114000254,75,78,-3
114000255,683,230,453
114000256,1075,3086,-2011
114000257,330,1017,-687
114000258,298,356,-58
114000259,105,188,-83
114000260,0,43,-43
114000261,79,43,36
114000262,350,145,205
114000263,8,0,8
114000264,1575,411,1164
114000265,0,0,0
114000267,3,1587,-1584
114000268,0,1036,-1036
114000270,216,3,213
114000271,366,65,301
114000283,1525,352,1173
114000285,37,180,-143
114000288,143,291,-148
114000289,1695,137,1558
114000293,309,459,-150
114000294,210,266,-56
114000395,1420,32,1388
114000396,817,634,183
114000402,756,244,512
114000403,390,319,71
114000405,203,303,-100
114000423,359,254,105
114000424,686,151,535
114000425,1100,269,831
114000426,352,953,-601
114000427,74,87,-13
114000428,176,203,-27
114000429,11,167,-156
114000432,131,88,43
114000434,35,86,-51
114000435,9,154,-145
114000436,1781,653,1128
114000437,623,4313,-3690
114900001,890,621,269
114900002,740,194,546
114900003,1048,938,110
114900004,231,514,-283
114900005,693,679,14
114900006,89,117,-28
114900007,380,27,353
114900008,270,99,171
114900010,1577,1984,-407
114900011,304,222,82
114900013,297,197,100
114900015,146,533,-387
114900018,1026,34,992
114900020,269,104,165
114900022,14,581,-567
114900024,461,154,307
114900025,748,214,534
114900026,78,174,-96
114900027,314,256,58
114900029,29,30,-1
114900030,406,200,206
114900031,513,36,477
114900032,594,29,565
114900033,792,1281,-489
114900034,60,156,-96
114900035,151,312,-161
114900036,202,455,-253
114900037,198,135,63
114900038,208,433,-225
114900039,655,396,259
114900040,92,104,-12
114900041,917,370,547
114900042,1077,506,571
114900043,480,207,273
114900044,241,66,175
114900046,47,125,-78
114900047,308,2536,-2228
114900048,117,200,-83
114900049,6,136,-130
114900050,76,290,-214
114900051,29,332,-303
114900052,92,245,-153
114900053,121,266,-145
114900054,53,100,-47
114900057,259,7,252
114900058,0,80,-80
114900059,99,89,10
114900060,773,855,-82
114900061,124,150,-26
114900062,243,417,-174
114900063,75,125,-50
114900064,2015,432,1583
114900065,628,712,-84
114900067,181,376,-195
114900068,57,153,-96
114900069,273,127,146
114900070,725,312,413
114900072,4,253,-249
114900073,2,162,-160
114900074,930,519,411
114900075,453,15,438
114900076,20,383,-363
114900080,1593,369,1224
114900082,3245,2787,458
114900083,1192,1063,129
114900090,511,205,306
114900091,129,206,-77
114900095,314,109,205
114900096,419,713,-294
114900097,239,1,238
114900098,11,189,-178
114900099,289,19,270
115000001,4565,2674,1891
115000002,4299,5037,-738
115000003,4881,2225,2656
115000004,5303,6813,-1510
115000005,1575,1786,-211
115000006,1234,1444,-210
115000007,144,201,-57
115000008,373,574,-201
115000009,282,215,67
115000010,274,225,49
115000013,87,237,-150
115000015,61,354,-293
115000016,192,448,-256
115000019,57,451,-394
115000020,160,935,-775
115000021,214,379,-165
115000022,600,377,223
115000023,496,815,-319
115000024,1159,456,703
115000025,1205,922,283
115000026,209,405,-196
115000027,362,343,19
115000028,358,841,-483
115000029,858,146,712
115000030,1155,1172,-17
115000031,1659,420,1239
115000032,23,276,-253
115000033,237,47,190
115000034,87,1267,-1180
115000035,1270,154,1116
115000036,0,442,-442
115000037,800,29,771
115000038,72,172,-100
115000039,3077,3802,-725
115000040,4377,2646,1731
115000041,1666,4355,-2689
115000042,953,645,308
115000043,4101,2340,1761
115000044,3529,2848,681
115000045,2591,1369,1222
115000046,3059,2241,818
115000047,2778,1411,1367
115000048,1979,1799,180
115000049,1664,2874,-1210
115000050,3396,1717,1679
115000051,1800,3422,-1622
115000052,1544,1617,-73
115000053,2085,2092,-7
115000054,542,1004,-462
115000055,253,1129,-876
115000056,274,555,-281
115000057,616,1282,-666
115000058,334,478,-144
115000059,198,101,97
115000061,132,175,-43
115000062,252,253,-1
115000063,548,196,352
115000064,219,80,139
115000065,103,544,-441
115000067,176,25,151
115000069,88,301,-213
115000070,22,831,-809
115000071,111,24,87
115000072,7,74,-67
115000073,1538,81,1457
115000075,154,72,82
115000076,2868,2364,504
115000077,2448,1798,650
115000078,1515,1074,441
115000079,1564,1354,210
115000080,3058,1675,1383
115000081,449,750,-301
115000082,4782,3647,1135
115000083,2226,1654,572
115000084,3294,1049,2245
115000085,960,675,285
115000086,1438,835,603
115000087,424,1339,-915
115000088,1943,739,1204
115000089,1122,1168,-46
115000090,640,840,-200
115000091,244,774,-530
115000092,841,514,327
115000093,569,2,567
115000094,5732,6535,-803
115000095,4316,6876,-2560
115000096,933,1021,-88
115000097,1485,1127,358
115000098,1439,660,779
115000099,2957,1956,1001
115000100,1271,396,875
115000101,467,1151,-684
115000102,559,200,359
115000103,279,589,-310
115000105,49,122,-73
115000106,717,340,377
115000107,240,356,-116
115000108,2694,2006,688
115000109,3941,5404,-1463
115000110,1615,1877,-262
115000111,844,1488,-644
115000112,1043,827,216
115000113,935,918,17
115000114,1894,745,1149
115000116,4189,2794,1395
115000117,3831,3348,483
115000118,2832,2057,775
115000119,2258,2408,-150
115000120,754,1726,-972
115000121,936,880,56
115000122,2502,2489,13
115000123,1341,3213,-1872
115000124,949,1309,-360
115000125,488,665,-177
115000126,193,366,-173
115000127,383,139,244
115000128,447,849,-402
115000129,317,434,-117
115000130,537,582,-45
115000131,1081,300,781
115000132,483,291,192
115000133,816,272,544
115000134,705,306,399
115000135,471,203,268
115000136,366,301,65
115000137,147,175,-28
115000138,434,289,145
115000139,305,186,119
115000140,536,247,289
115000141,271,183,88
115000142,216,175,41
115000143,1062,588,474
115000144,456,63,393
115000145,282,214,68
115000146,589,410,179
115000147,446,352,94
115000148,360,678,-318
115000149,777,297,480
115000150,720,605,115
115000151,1446,556,890
115000152,819,684,135
115000153,1510,653,857
115000154,1119,302,817
115000155,762,771,-9
115000156,1328,802,526
115000157,627,712,-85
115000158,546,459,87
115000159,714,691,23
115000160,573,684,-111
115000161,549,455,94
115000162,689,1026,-337
115000163,540,590,-50
115000164,770,545,225
115000165,387,519,-132
115000167,166,95,71
115000168,556,369,187
115000169,464,393,71
115000170,112,137,-25
115000171,254,230,24
115000172,1083,771,312
115000173,377,857,-480
115000174,135,357,-222
115000175,165,198,-33
115000176,266,174,92
115000177,327,209,118
115000178,28,229,-201
115000179,59,46,13
115000180,149,471,-322
115000181,914,135,779
115000182,1199,294,905
115000183,546,603,-57
115000186,674,286,388
115000187,241,588,-347
115000188,438,476,-38
115000189,235,481,-246
115000190,791,508,283
115000191,195,667,-472
115000194,178,242,-64
115000195,372,332,40
115000196,330,105,225
115000197,294,240,54
115000198,503,169,334
115000199,528,187,341
115000200,507,130,377
115000201,187,351,-164
115000206,506,82,424
115000207,237,254,-17
115000208,349,557,-208
115000209,694,424,270
115000210,218,106,112
115000211,215,248,-33
115000212,1288,345,943
115000224,464,62,402
115000225,77,112,-35
115000229,146,176,-30
115000230,145,373,-228
115000231,352,1106,-754
115000232,2032,290,1742
115000233,166,204,-38
115000234,41,232,-191
115000241,112,209,-97
115000242,151,225,-74
115000243,60,160,-100
115000244,12,110,-98
115000246,50,24,26
115000247,42,31,11
115000248,44,23,21
115000249,25,31,-6
115000250,345,24,321
115000251,372,116,256
115000252,164,256,-92
115000253,33,483,-450
115000258,400,136,264
115000259,379,156,223
115000261,27,12,15
115000262,27,32,-5
115000263,26,28,-2
115000264,52,41,11
115000267,63,81,-18
115000268,56,112,-56
115000269,152,72,80
115000270,12,22,-10
115000272,130,153,-23
115000273,554,65,489
115000280,1763,713,1050
115000281,434,1457,-1023
115000282,946,1187,-241
115000284,257,141,116
115000296,1087,14,1073
115000297,158,380,-222
115000298,58,637,-579
115000300,247,145,102
115000302,613,135,478
115000303,1131,106,1025
115000304,1096,47,1049
115000305,170,476,-306
115000306,257,200,57
115000307,172,184,-12
115000308,32,27,5
115000309,15,69,-54
115000310,1234,647,587
115000311,1344,1014,330
115000313,138,503,-365
115000314,614,145,469
115000315,647,552,95
115000316,91,189,-98
115000317,238,353,-115
115000318,984,349,635
115000319,85,275,-190
115000320,23,329,-306
115000321,396,36,360
115000322,48,215,-167
115000449,271,226,45
115000557,4,1706,-1702
115000558,261,156,105
115000587,727,424,303
115000588,1920,2178,-258
115000589,3720,2176,1544
115000590,1327,1333,-6
115000591,2028,638,1390
115000592,701,1811,-1110
115000593,1577,652,925
115000594,614,2456,-1842
115000609,159,110,49
115000617,1226,4123,-2897
115000624,408,76,332
115000633,639,2009,-1370
115000634,2671,867,1804
115000635,538,109,429
115000638,675,707,-32
115000641,54,150,-96
115000642,446,319,127
115000643,152,363,-211
115000644,103,350,-247
115000646,1090,1771,-681
115000647,237,500,-263
115000648,2481,1492,989
115000893,1998,1373,625
115000894,173,913,-740
115000895,306,626,-320
115000896,945,314,631
115000897,535,175,360
115000898,566,290,276
115000899,317,1102,-785
115000900,52,279,-227
115000901,59,142,-83
115000912,488,116,372
115000913,1,14,-13
115000915,15,1,14
115000916,10,0,10
115000917,0,9,-9
115000918,51,441,-390
115000919,3,24,-21
115000920,16,37,-21
115000921,471,80,391
115000922,660,851,-191
115000923,202,899,-697
115000925,106,122,-16
115000927,45,67,-22
115000933,129,246,-117
115000934,192,176,16
115000935,191,83,108
115000936,56,742,-686
115000937,436,109,327
115000938,47,188,-141
115000939,45,135,-90
115900001,223,49,174
115900002,128,129,-1
115900003,198,88,110
115900004,2,41,-39
115900005,302,26,276
115900006,198,231,-33
115900008,121,21,100
115900009,122,192,-70
115900010,444,142,302
115900011,539,332,207
115900012,268,68,200
115900013,477,157,320
115900014,164,139,25
115900015,183,72,111
115900016,137,28,109
115900017,57,16,41
115900018,191,71,120
115900019,454,20,434
115900020,181,1,180
115900021,1071,253,818
115900022,1024,17,1007
115900023,49,18,31
115900025,81,376,-295
115900026,786,184,602
115900027,0,232,-232
115900028,677,57,620
115900029,34,316,-282
115900030,45,30,15
115900031,267,450,-183
115900032,524,542,-18
115900033,0,64,-64
115900034,36,305,-269
115900035,71,24,47
115900036,59,1024,-965
115900037,58,301,-243
115900038,81,8,73
115900039,345,197,148
115900041,383,889,-506
115900042,42,16,26
115900043,147,83,64
115900044,257,369,-112
115900046,400,189,211
115900047,236,259,-23
115900049,235,218,17
115900051,12,44,-32
115900052,6,166,-160
115900053,316,192,124
115900054,312,42,270
115900055,21,108,-87
115900056,304,226,78
115900057,55,6,49
115900058,47,51,-4
115900060,307,135,172
115900061,323,3,320
115900062,54,202,-148
115900063,95,11,84
115900064,213,288,-75
115900065,128,98,30
115900066,126,120,6
115900067,27,397,-370
115900068,2370,1226,1144
115900069,69,222,-153
115900070,207,128,79
115900071,0,278,-278
115900072,51,155,-104
115900073,133,121,12
115900074,10,227,-217
115900075,28,228,-200
115900076,6,58,-52
115900077,11,196,-185
115900078,55,161,-106
115900079,309,15,294
115900080,350,208,142
115900081,32,65,-33
115900082,229,139,90
115900084,814,24,790
115900085,55,77,-22
115900086,1487,571,916
115900088,60,76,-16
115900089,465,557,-92
115900090,497,5,492
115900091,19,46,-27
115900092,24,130,-106
115900093,10,26,-16
115900094,10,161,-151
115900096,26,11,15
115900097,14,268,-254
115900098,280,290,-10
115900099,107,85,22
115900100,16,427,-411
115900101,163,243,-80
115900102,130,74,56
115900103,372,165,207
115900104,102,93,9
115900105,540,504,36
115900106,159,28,131
115900107,99,104,-5
115900108,259,28,231
115900109,57,349,-292
115900110,0,16,-16
115900111,2,90,-88
115900112,73,875,-802
115900113,163,17,146
115900114,14,96,-82
115900115,154,246,-92
115900116,148,861,-713
115900117,111,34,77
115900118,2,239,-237
115900119,188,162,26
115900120,37,298,-261
115900121,297,255,42
115900124,367,670,-303
115900125,481,70,411
115900126,971,131,840
115900127,987,64,923
115900128,11,106,-95
115900129,924,75,849
115900130,18,214,-196
115900131,335,28,307
115900132,686,9,677
115900134,481,12,469
115900135,408,1533,-1125
115900137,33,2,31
115900139,35,108,-73
115900140,412,47,365
115900141,2,55,-53
115900142,9,33,-24
115900143,340,536,-196
115900144,117,234,-117
115900146,12,75,-63
115900147,215,330,-115
115900148,63,8,55
115900149,179,32,147
115900150,120,41,79
115900151,23,120,-97
115900152,241,303,-62
115900153,188,214,-26
115900154,437,368,69
115900155,0,46,-46
115900156,877,881,-4
115900157,247,488,-241
115900158,18,9,9
115900159,239,188,51
115900160,13,9,4
115900161,300,254,46
115900163,263,177,86
115900164,679,31,648
115900165,5,197,-192
115900166,247,180,67
115900168,162,217,-55
115900171,138,503,-365
115900172,77,138,-61
115900173,226,115,111
115900174,320,195,125
115900175,207,209,-2
115900178,9,328,-319
115900179,383,15,368
115900180,30,130,-100
115900181,258,124,134
115900182,510,121,389
115900183,56,77,-21
115900184,1218,9,1209
115900187,8,110,-102
115900189,0,301,-301
115900190,316,1755,-1439
115900191,37,299,-262
115900192,8,176,-168
115900193,286,104,182
115900194,852,92,760
115900195,614,2493,-1879
115900198,268,317,-49
115900199,241,228,13
115900200,261,337,-76
115900201,393,284,109
115900202,9,104,-95
115900203,1,34,-33
115900204,0,8,-8
115900205,60,10,50
115900206,295,182,113
115900207,68,21,47
115900208,171,135,36
115900209,6,146,-140
115900210,8,121,-113
115900211,3,197,-194
115900212,242,288,-46
115900213,92,107,-15
115900214,617,174,443
115900215,62,278,-216
115900216,4,123,-119
115900217,1,34,-33
115900218,1,36,-35
115900219,160,9,151
115900220,322,19,303
115900221,144,6,138
115900222,118,52,66
115900223,6,517,-511
115900224,876,1673,-797
115900225,83,68,15
115900226,17,51,-34
115900227,37,68,-31
115900228,22,52,-30
115900229,14,40,-26
115900230,55,103,-48
115900231,136,4,132
115900232,56,1,55
115900233,90,26,64
115900234,58,31,27
115900235,41,28,13
115900236,44,24,20
115900237,31,29,2
115900238,34,14,20
115900239,26,42,-16
115900240,26,60,-34
115900241,364,111,253
115900242,267,363,-96
115900243,15,6,9
115900244,15,20,-5
115900245,56,2,54
115900246,25,15,10
115900247,32,6,26
115900248,28,3,25
115900249,8,33,-25
115900250,20,48,-28
115900251,4,12,-8
115900252,0,3,-3
115900253,13,30,-17
115900254,4,23,-19
115900255,6,9,-3
115900256,21,19,2
115900257,7,17,-10
115900258,0,3,-3
115900259,15,10,5
115900260,9,1,8
115900261,14,1,13
115900262,10,3,7
115900263,10,3,7
115900264,37,4,33
115900265,3,13,-10
115900266,0,25,-25
115900267,3,9,-6
115900268,11,3,8
115900269,576,347,229
115900270,499,279,220
115900271,179,0,179
115900272,42,1,41
115900273,21,51,-30
115900274,0,9,-9
115900275,0,17,-17
115900276,0,13,-13
115900277,0,41,-41
115900278,39,106,-67
115900279,20,194,-174
115900280,17,560,-543
115900281,266,199,67
115900282,4,10,-6
116000001,7681,3792,3889
116000002,5303,13818,-8515
116000003,1703,1433,270
116000004,3205,4735,-1530
116000005,1765,2587,-822
116000006,2534,3142,-608
116000007,2686,2549,137
116000008,4340,2600,1740
116000009,1353,1624,-271
116000010,2767,1842,925
116000011,870,1569,-699
116000012,1811,1028,783
116000013,6111,3578,2533
116000014,8541,14131,-5590
116000015,320,1710,-1390
116000016,5223,4686,537
116000017,66,855,-789
116000018,754,295,459
116000019,1092,380,712
116000020,791,822,-31
116000021,634,334,300
116000022,422,324,98
116000023,1474,864,610
116000024,669,787,-118
116000025,1003,949,54
116000026,1674,2484,-810
116000027,908,658,250
116000028,500,1062,-562
116000029,649,676,-27
116000030,924,565,359
116000031,235,297,-62
116000032,439,219,220
116000033,378,460,-82
116000034,689,849,-160
116000035,330,719,-389
116000036,1395,1549,-154
116000037,588,546,42
116000038,365,586,-221
116000039,500,461,39
116000040,667,458,209
116000041,143,492,-349
116000042,680,360,320
116000043,139,717,-578
116000044,13,56,-43
116000045,1961,1484,477
116000046,1045,1727,-682
116000047,1667,2330,-663
116000048,2016,1805,211
116000049,1605,2948,-1343
116000050,1722,1284,438
116000051,7095,2579,4516
116000052,6045,4862,1183
116000053,2531,769,1762
116000054,859,2344,-1485
116000055,916,785,131
116000056,1116,1192,-76
116000057,3350,1818,1532
116000058,3814,3494,320
116000059,3531,6059,-2528
116000060,1978,1061,917
116000061,591,1234,-643
116000062,681,251,430
116000063,635,1230,-595
116000066,356,722,-366
116000067,208,387,-179
116000068,245,320,-75
116000069,248,343,-95
116000078,726,1217,-491
116000080,2005,869,1136
116000082,8,34,-26
116000083,1901,412,1489
116000084,2307,3205,-898
116000085,2513,2540,-27
116000086,1802,859,943
116000087,2393,1867,526
116000088,880,921,-41
116000089,164,100,64
116000090,81,179,-98
116000091,290,375,-85
116000093,1272,635,637
116000094,1013,581,432
116000095,995,616,379
116000096,943,1664,-721
116000097,1184,679,505
116000098,100,7905,-7805
116000099,5411,284,5127
116000100,273,30,243
116000101,1381,700,681
116000102,329,960,-631
116000103,535,352,183
116000104,214,1052,-838
116000105,1460,159,1301
116000106,630,962,-332
116000107,3367,340,3027
116000108,684,176,508
116000111,162,39,123
116000113,194,111,83
116000114,55,160,-105
116000115,512,176,336
116000116,404,437,-33
116000117,1841,1793,48
116000118,1633,1079,554
116000119,4174,1905,2269
116000120,3119,3248,-129
116000121,1303,632,671
116000122,1367,1337,30
116000123,1651,503,1148
116000124,533,891,-358
116000125,3717,978,2739
116000126,325,1232,-907
116000127,1152,947,205
116000128,2351,1024,1327
116000129,1710,257,1453
116000130,752,618,134
116000133,1548,763,785
116000134,1845,1573,272
116000135,3303,1468,1835
116000136,949,1669,-720
116000137,1425,786,639
116000138,1069,691,378
116000139,1772,2038,-266
116000140,206,211,-5
116000141,379,550,-171
116000142,2657,1887,770
116000143,1866,1773,93
116000144,1465,1577,-112
116000145,1839,1137,702
116000146,710,151,559
116000147,199,149,50
116000148,667,611,56
116000149,807,858,-51
116000151,450,352,98
116000153,93,361,-268
116000155,222,252,-30
116000156,846,1074,-228
116000157,132,20,112
116000158,409,364,45
116000159,26,22,4
116000160,17,53,-36
116000161,4,95,-91
116000162,104,194,-90
116000163,53,23,30
116000164,25,36,-11
116000177,547,159,388
116000194,107,413,-306
116000195,1283,677,606
116000196,35,8,27
116000197,13,8,5
116000198,2413,1245,1168
116000200,767,679,88
116000201,825,782,43
116000202,10,262,-252
116000203,9,109,-100
116000204,40,68,-28
116000205,0,152,-152
116000206,12,168,-156
116000207,16,67,-51
116000233,270,340,-70
116000287,233,405,-172
116000288,363,195,168
116000292,82,102,-20
116000296,12,216,-204
116000297,118,17,101
116000304,169,18,151
116000305,16,67,-51
116000346,224,77,147
116000352,168,51,117
116000354,39,24,15
116000357,24,101,-77
116000358,575,82,493
116000361,50,3,47
116000372,3546,5000,-1454
116000381,177,4,173
116000388,4,48,-44
116000389,1087,642,445
116000445,651,399,252
116000446,831,500,331
116000447,13,583,-570
116000448,535,141,394
116000563,1073,1295,-222
116000565,39,406,-367
116000568,80,347,-267
116000579,40,146,-106
116000584,27,5,22
116000585,41,16,25
116000586,79,90,-11
116000587,602,677,-75
116000589,60,50,10
116000590,109,61,48
116000591,355,244,111
116000592,13,95,-82
116000593,1,39,-38
116000594,907,441,466
116000595,770,145,625
116000596,143,6,137
116000597,507,135,372
116000598,29,142,-113
116000602,63,543,-480
116000605,242,126,116
116000606,99,255,-156
116000607,6,64,-58
116000609,171,1036,-865
116000611,204,357,-153
116000612,990,1910,-920
116000613,835,324,511
116000614,474,455,19
116000615,1,411,-410
116000616,75,67,8
116000617,157,27,130
116000618,5,73,-68
116000619,68,114,-46
116000620,159,98,61
116000621,80,133,-53
116000622,100,150,-50
116000624,254,80,174
116000627,38,11,27
116000628,64,160,-96
116000629,11,141,-130
116000630,522,35,487
116000631,127,43,84
116000632,697,169,528
116000633,47,222,-175
116000634,761,36,725
116000635,2026,2271,-245
116000636,393,1030,-637
116000637,216,14,202
116000638,7,275,-268
116900001,299,211,88
116900002,303,2,301
116900003,73,44,29
116900004,50,93,-43
116900005,413,71,342
116900006,94,249,-155
116900007,142,238,-96
116900008,528,251,277
116900009,21,5,16
116900010,2,880,-878
116900011,12,68,-56
116900012,235,238,-3
116900013,6,163,-157
116900014,195,169,26
116900015,586,54,532
116900016,329,4,325
116900017,4,435,-431
116900018,135,69,66
116900019,14,284,-270
116900020,765,1487,-722
116900023,98,25,73
116900024,697,68,629
116900025,1397,711,686
116900026,143,504,-361
116900027,48,67,-19
116900028,10,165,-155
116900029,1,71,-70
116900031,2,5,-3
116900032,27,246,-219
116900033,32,16,16
116900034,37,74,-37
116900035,186,145,41
116900036,4,100,-96
116900038,27,6,21
116900041,65,20,45
116900042,478,310,168
116900043,49,42,7
116900047,43,210,-167
116900049,52,302,-250
116900050,145,392,-247
116900051,240,180,60
116900052,219,77,142
116900055,0,6,-6
116900057,28,187,-159
116900058,50,326,-276
116900059,5,135,-130
116900060,247,175,72
116900062,0,7,-7
116900064,121,498,-377
116900065,27,109,-82
116900067,151,81,70
116900068,117,200,-83
116900070,3,5,-2
116900072,41,332,-291
116900073,20,119,-99
116900074,8,46,-38
116900076,8,56,-48
116900077,24,129,-105
116900078,240,104,136
116900079,63,170,-107
116900080,24,40,-16
116900081,523,906,-383
116900082,425,887,-462
116900083,54,59,-5
116900084,129,69,60
116900085,46,136,-90
116900086,55,122,-67
116900088,454,161,293
116900090,116,42,74
116900091,588,38,550
116900092,91,582,-491
116900093,1908,1861,47
116900094,3448,4512,-1064
116900095,287,98,189
116900096,172,406,-234
116900097,2246,3807,-1561
116900098,907,440,467
116900099,714,906,-192
116900100,1219,75,1144
116900101,337,446,-109
116900103,8,1,7
116900104,97,66,31
116900105,369,263,106
116900106,2691,262,2429
116900107,2677,3235,-558
116900110,28,2,26
116900111,646,526,120
116900112,327,853,-526
116900113,1740,1827,-87
116900116,126,713,-587
116900117,159,130,29
116900118,687,842,-155
116900120,537,85,452
116900121,157,29,128
116900122,1196,602,594
116900123,311,698,-387
116900124,258,788,-530
116900125,602,254,348
116900126,149,685,-536
116900128,1,30,-29
116900129,1,365,-364
116900130,466,4392,-3926
116900131,152,472,-320
116900132,90,125,-35
116900133,261,191,70
116900134,293,306,-13
116900136,412,229,183
116900137,346,173,173
116900138,268,149,119
116900139,225,421,-196
116900140,237,200,37
116900141,1100,427,673
116900142,6,79,-73
116900143,362,307,55
116900144,53,112,-59
116900145,89,196,-107
116900147,418,563,-145
116900148,8,35,-27
116900149,111,323,-212
116900150,28,7,21
116900151,55,17,38
116900153,258,115,143
116900154,509,797,-288
116900155,106,98,8
116900157,870,248,622
116900158,166,368,-202
116900159,80,321,-241
116900160,1023,764,259
116900161,4998,8610,-3612
116900162,19,75,-56
116900163,214,119,95
116900164,130,89,41
116900165,318,319,-1
116900166,73,63,10
116900167,575,69,506
116900168,462,77,385
116900169,459,677,-218
116900170,444,501,-57
116900171,47,179,-132
116900172,194,511,-317
116900173,252,35,217
116900174,73,55,18
116900175,225,240,-15
116900178,31,138,-107
116900179,128,425,-297
116900180,136,40,96
116900182,642,294,348
116900183,175,131,44
116900185,45,67,-22
116900186,103,219,-116
116900187,120,87,33
116900188,194,47,147
116900189,82,0,82
116900191,494,670,-176
116900192,411,148,263
116900194,250,1509,-1259
116900195,79,37,42
116900196,25,87,-62
116900197,145,25,120
116900198,209,427,-218
116900200,130,40,90
116900201,176,6,170
116900202,138,38,100
116900203,293,12,281
116900204,54,143,-89
116900206,38,17,21
116900207,48,39,9
116900208,17,103,-86
116900209,27,85,-58
116900210,625,346,279
116900211,267,3,264
116900212,162,54,108
116900213,292,130,162
116900214,301,179,122
116900215,98,82,16
116900216,293,176,117
116900218,11,227,-216
116900219,1247,381,866
116900220,124,275,-151
116900221,169,369,-200
116900222,471,413,58
116900223,129,315,-186
116900226,179,64,115
116900227,281,65,216
116900228,333,138,195
116900230,60,219,-159
116900231,35,303,-268
116900232,24,309,-285
116900233,391,95,296
116900234,57,11,46
116900235,158,195,-37
116900238,1427,348,1079
116900239,23,1543,-1520
116900240,4781,4066,715
116900241,147,120,27
116900242,285,785,-500
116900243,5,88,-83
116900245,33,37,-4
116900246,168,16,152
116900247,1016,20,996
116900248,129,53,76
116900249,431,93,338
116900250,425,35,390
116900251,435,794,-359
116900252,185,761,-576
116900253,127,67,60
116900254,32,113,-81
116900255,131,106,25
116900256,560,125,435
116900257,20,372,-352
116900258,10,155,-145
116900259,345,11,334
116900260,7,80,-73
116900261,89,2,87
116900262,281,170,111
116900263,0,9,-9
116900264,1,1,0
116900265,81,5,76
116900266,23,36,-13
116900267,11,5,6
116900268,220,235,-15
116900269,338,549,-211
116900271,1104,470,634
116900272,287,243,44
116900273,104,98,6
116900274,172,84,88
116900275,201,93,108
116900276,559,206,353
116900277,501,29,472
116900278,10,14,-4
116900279,2,23,-21
116900280,32,25,7
116900281,4609,5727,-1118
116900282,9,62,-53
116900283,16,72,-56
116900284,28,185,-157
116900285,242,315,-73
116900286,231,38,193
116900287,8,30,-22
116900288,130,110,20
116900289,31,9,22
116900290,10,20,-10
116900291,32,10,22
116900292,0,33,-33
116900293,83,30,53
116900294,55,182,-127
116900295,128,58,70
116900296,71,57,14
116900297,6,138,-132
116900298,89,99,-10
116900299,21,62,-41
116900300,2,94,-92
116900301,44,100,-56
116900302,12,51,-39
116900303,105,43,62
116900304,0,176,-176
116900305,13,56,-43
116900306,213,53,160
117000001,2258,1612,646
117000002,1875,3465,-1590
117000003,6542,3588,2954
117000004,3412,4552,-1140
117000005,2295,1928,367
117000006,1099,2522,-1423
117000007,4225,1219,3006
117000008,1099,2728,-1629
117000009,5111,2003,3108
117000010,2489,3330,-841
117000011,2560,1515,1045
117000012,1230,1088,142
117000013,1900,738,1162
117000014,1181,1905,-724
117000015,2442,1276,1166
117000016,202,111,91
117000017,159,112,47
117000018,141,739,-598
117000019,77,4,73
117000020,513,1883,-1370
117000021,1063,342,721
117000022,283,215,68
117000023,121,228,-107
117000024,182,316,-134
117000025,364,1252,-888
117000026,1829,1725,104
117000027,1648,5146,-3498
117000028,2149,2663,-514
117000030,377,537,-160
117000031,417,282,135
117000032,1459,1207,252
117000033,1277,693,584
117000034,384,322,62
117000035,457,347,110
117000036,516,324,192
117000037,325,185,140
117000038,229,538,-309
117000039,481,268,213
117000040,266,859,-593
117000041,1214,226,988
117000044,6,639,-633
117000045,573,177,396
117000046,341,641,-300
117000047,815,754,61
117000048,1781,860,921
117000049,171,574,-403
117000050,155,1328,-1173
117000051,2552,106,2446
117000052,40,223,-183
117000053,750,28,722
117000054,2391,9,2382
117000055,14,2380,-2366
117000056,936,53,883
117000057,634,2231,-1597
117000060,487,1118,-631
117000061,1896,929,967
117000062,321,595,-274
117000063,2122,964,1158
117000064,651,547,104
117000066,949,972,-23
117000067,108,730,-622
117000074,158,250,-92
117000076,81,65,16
117000077,167,286,-119
117000078,125,728,-603
117000079,633,281,352
117000080,0,241,-241
117000081,1170,147,1023
117000082,6,100,-94
117000083,154,6,148
117000084,178,2,176
117000085,349,967,-618
117000086,857,478,379
117000087,93,513,-420
117000088,282,189,93
117000089,1864,298,1566
117000090,391,1072,-681
117000091,1022,325,697
117000092,440,1121,-681
117000093,1472,790,682
117000094,1444,2137,-693
117000095,4331,906,3425
117000096,886,1904,-1018
117000097,2073,1202,871
117000098,2546,3459,-913
117000099,4670,1585,3085
117000100,319,483,-164
117000101,256,899,-643
117000102,2404,711,1693
117000103,713,1292,-579
117000104,1971,644,1327
117000105,899,1260,-361
117000106,1487,788,699
117000107,719,1383,-664
117000108,2339,1053,1286
117000109,1333,2019,-686
117000110,1981,1342,639
117000111,4063,3862,201
117000112,4191,1592,2599
117000113,148,268,-120
117000114,346,102,244
117000115,89,95,-6
117000116,234,293,-59
117000117,1829,1560,269
117000118,286,155,131
117000119,243,242,1
117000120,181,686,-505
117000121,51,1277,-1226
117000122,345,763,-418
117000123,1602,77,1525
117000124,287,109,178
117000125,173,152,21
117000126,53,33,20
117000127,197,361,-164
117000128,395,948,-553
117000129,197,444,-247
117000130,88,0,88
117000131,1,53,-52
117000132,4059,13,4046
117000133,2392,71,2321
117000134,0,84,-84
117000135,6,56,-50
117000136,1,23,-22
117000137,139,144,-5
117000138,0,671,-671
117000140,538,1193,-655
117000141,2107,565,1542
117000181,476,216,260
117000182,510,907,-397
117000195,255,859,-604
117000196,467,200,267
117000225,108,57,51
117000226,10,91,-81
117000276,427,21,406
117000277,0,274,-274
117000310,1460,1906,-446
117000315,60,729,-669
117000320,63,0,63
117000906,428,19,409
117000907,27,247,-220
117000908,13,83,-70
117000909,42,36,6
117000910,260,218,42
117000911,112,141,-29
117000915,15,404,-389
117000916,56,14,42
117000917,1654,74,1580
117000918,82,94,-12
117000919,10,49,-39
117000920,2,977,-975
117000921,0,905,-905
117000922,26,60,-34
117000924,402,746,-344
117000926,523,126,397
117000927,982,1371,-389
117000928,0,83,-83
117000929,283,266,17
117000930,291,22,269
117000931,168,178,-10
117900002,96,493,-397
117900003,856,580,276
117900005,23,49,-26
117900006,0,95,-95
117900007,172,75,97
117900008,0,36,-36
117900010,334,70,264
117900011,30,147,-117
117900012,66,62,4
117900013,7,185,-178
117900014,503,76,427
117900015,26,128,-102
117900016,1159,1055,104
117900017,607,205,402
117900018,137,206,-69
117900019,649,169,480
117900020,110,555,-445
117900021,52,55,-3
117900022,56,15,41
117900023,891,158,733
117900024,43,60,-17
117900025,57,19,38
117900026,496,169,327
117900028,64,7,57
117900029,282,401,-119
117900030,671,199,472
117900031,213,169,44
117900032,1311,1088,223
117900033,345,442,-97
117900034,65,36,29
117900035,274,170,104
117900036,311,305,6
117900037,254,141,113
117900038,35,314,-279
117900039,14,48,-34
117900040,215,339,-124
117900041,9,60,-51
117900042,3391,330,3061
117900043,25,49,-24
117900044,18,3191,-3173
117900045,184,128,56
117900048,436,241,195
117900049,249,313,-64
117900050,9,115,-106
117900051,44,4,40
117900052,77,505,-428
117900053,2030,654,1376
117900054,1,49,-48
117900055,397,223,174
117900056,136,106,30
117900057,1304,1338,-34
117900058,29,31,-2
117900059,268,119,149
117900060,3054,4331,-1277
117900061,12,202,-190
117900063,420,166,254
117900065,774,1267,-493
117900066,9,83,-74
117900067,679,140,539
117900069,897,203,694
117900070,172,64,108
117900071,97,115,-18
117900073,608,260,348
117900074,93,103,-10
117900075,76,74,2
117900076,21,61,-40
117900077,707,183,524
117900078,527,921,-394
117900080,99,53,46
117900081,593,434,159
117900082,551,436,115
117900083,525,345,180
117900086,153,32,121
117900087,245,92,153
117900088,2983,1896,1087
117900089,2798,864,1934
117900090,479,346,133
117900091,89,190,-101
117900092,95,22,73
117900093,168,51,117
117900094,31,40,-9
117900095,306,285,21
117900096,128,269,-141
117900097,632,164,468
117900098,49,25,24
117900099,165,154,11
117900100,431,2,429
117900101,607,2292,-1685
117900102,133,54,79
117900103,91,4,87
117900104,14,134,-120
117900105,160,227,-67
117900106,162,38,124
117900107,79,1,78
117900109,850,517,333
117900110,147,4,143
117900111,500,58,442
117900112,113,24,89
117900113,2252,2256,-4
117900114,42,1,41
117900115,148,104,44
117900116,1013,769,244
117900117,807,376,431
117900118,175,3,172
117900119,360,214,146
117900120,295,55,240
117900121,312,122,190
117900122,1329,4905,-3576
117900123,768,327,441
117900124,904,822,82
117900125,2425,2015,410
117900126,251,499,-248
117900127,530,318,212
117900128,435,648,-213
117900129,105,5,100
117900130,1158,475,683
117900131,1,124,-123
117900132,26,97,-71
117900133,19,101,-82
117900134,231,481,-250
117900135,49,221,-172
117900136,0,49,-49
117900137,67,383,-316
117900138,1,57,-56
117900139,151,116,35
117900140,2554,343,2211
117900141,139,167,-28
117900142,81,48,33
117900144,66,248,-182
117900145,27,47,-20
117900146,111,206,-95
117900147,88,93,-5
117900148,2655,2005,650
117900149,169,177,-8
117900150,59,51,8
117900151,56,74,-18
117900152,78,73,5
117900153,21,104,-83
117900154,482,491,-9
117900156,1164,769,395
117900157,74,596,-522
117900158,452,242,210
117900160,888,905,-17
117900161,2641,2090,551
117900162,561,395,166
117900163,31,184,-153
117900165,1,17,-16
117900166,212,548,-336
117900168,115,271,-156
117900169,3,116,-113
117900170,8,19,-11
117900171,5,22,-17
117900172,9,23,-14
117900173,224,84,140
117900174,58,55,3
117900175,4,23,-19
117900176,10,29,-19
117900177,40,48,-8
117900178,162,52,110
117900180,231,73,158
117900181,90,466,-376
117900182,10,57,-47
117900183,81,242,-161
117900184,40,107,-67
117900185,52,73,-21
117900186,52,23,29
117900187,30,12,18
117900188,298,67,231
117900189,90,60,30
117900190,54,3,51
117900191,116,2,114
117900192,286,2,284
117900193,5,96,-91
117900194,9,6,3
117900195,25,93,-68
117900196,34,58,-24
117900207,325,172,153
117900208,45,72,-27
117900209,178,208,-30
117900210,163,300,-137
117900211,25,215,-190
117900212,166,122,44
117900213,44,11,33
117900214,4,31,-27
117900215,32,43,-11
117900216,18,46,-28
117900217,65,329,-264
117900218,60,115,-55
117900219,6,133,-127
117900220,91,89,2
117900222,193,273,-80
117900223,114,273,-159
118000001,793,994,-201
118000002,621,1650,-1029
118000003,1927,3417,-1490
118000004,1592,1863,-271
118000005,3984,6242,-2258
118000006,3792,9678,-5886
118000007,4740,4863,-123
118000008,2793,3973,-1180
118000009,1645,3546,-1901
118000010,7142,3730,3412
118000011,1675,1930,-255
118000012,1079,1889,-810
118000013,2215,2183,32
118000014,1937,1950,-13
118000016,265,225,40
118000017,511,439,72
118000018,443,389,54
118000019,1773,1504,269
118000020,1061,3989,-2928
118000021,641,3721,-3080
118000022,1516,993,523
118000023,721,271,450
118000024,1226,1671,-445
118000027,10879,14781,-3902
118000029,912,849,63
118000032,862,4454,-3592
118000033,2821,6840,-4019
118000034,4417,2706,1711
118000035,1991,3461,-1470
118000036,1009,1446,-437
118000037,824,932,-108
118000038,309,125,184
118000039,88,217,-129
118000040,1790,1245,545
118000041,2814,1209,1605
118000045,303,305,-2
118000046,1197,957,240
118000047,735,1035,-300
118000048,2169,2238,-69
118000051,3389,2224,1165
118000052,2484,1616,868
118000053,408,721,-313
118000054,1499,1369,130
118000055,1466,1706,-240
118000056,212,602,-390
118000057,323,454,-131
118000058,2856,2264,592
118000059,1790,1475,315
118000060,1233,531,702
118000061,1554,1250,304
118000062,803,358,445
118000063,525,696,-171
118000064,916,1116,-200
118000065,2876,1798,1078
118000066,926,1811,-885
118000067,491,737,-246
118000068,1419,4626,-3207
118000069,1932,1092,840
118000070,4324,2022,2302
118000071,3198,7112,-3914
118000072,1079,1571,-492
118000073,975,784,191
118000074,508,426,82
118000075,635,360,275
118000076,1411,3006,-1595
118000077,1171,1201,-30
118000078,1911,2516,-605
118000079,338,579,-241
118000080,691,787,-96
118000081,1680,1309,371
118000082,310,1082,-772
118000083,1661,1576,85
118000084,2534,1989,545
118000086,217,585,-368
118000087,3824,2577,1247
118000088,1900,1641,259
118000089,3863,2528,1335
118000090,1635,3010,-1375
118000091,1049,2736,-1687
118000092,955,525,430
118000093,130,736,-606
118000096,493,604,-111
118000097,794,653,141
118000098,323,175,148
118000099,685,631,54
118000101,1466,366,1100
118000102,432,870,-438
118000107,1403,494,909
118000108,900,2995,-2095
118000110,0,15,-15
118000111,1,177,-176
118000112,693,5,688
118000113,4,374,-370
118000114,677,8,669
118000115,13,5,8
118000116,31,2,29
118000117,801,629,172
118000118,1100,1011,89
118000119,1050,1183,-133
118000120,1806,960,846
118000121,67,558,-491
118000122,1084,334,750
118000123,79,275,-196
118000125,1591,882,709
118000126,894,1863,-969
118000127,1752,690,1062
118000128,504,1051,-547
118000129,985,369,616
118000130,1803,2458,-655
118000131,343,568,-225
118000132,3073,2260,813
118000133,991,398,593
118000135,740,496,244
118000136,179,372,-193
118000137,529,83,446
118000138,549,468,81
118000139,502,78,424
118000140,2949,5381,-2432
118000141,2549,1769,780
118000142,2385,1372,1013
118000143,2856,1401,1455
118000144,1185,744,441
118000145,2087,1375,712
118000146,1274,704,570
118000147,951,1068,-117
118000148,554,1119,-565
118000149,1137,828,309
118000150,635,263,372
118000151,738,437,301
118000153,1660,1159,501
118000154,1547,1352,195
118000155,1760,1402,358
118000156,1883,2817,-934
118000157,900,472,428
118000158,274,474,-200
118000159,30,105,-75
118000160,705,388,317
118000161,559,628,-69
118000162,2103,785,1318
118000163,1187,815,372
118000164,2109,1420,689
118000168,913,957,-44
118000169,989,857,132
118000170,3366,4019,-653
118000171,434,815,-381
118000172,113,236,-123
118000173,954,1217,-263
118000175,425,399,26
118000176,389,447,-58
118000177,300,621,-321
118000178,47,69,-22
118000179,1198,1614,-416
118000180,1001,719,282
118000181,850,278,572
118000182,306,280,26
118000183,220,319,-99
118000184,1215,631,584
118000185,1330,1538,-208
118000186,1033,1290,-257
118000187,1746,604,1142
118000188,720,180,540
118000189,1070,554,516
118000190,10,16,-6
118000191,50,34,16
118000192,112,140,-28
118000193,51,261,-210
118000194,1258,855,403
118000195,439,1351,-912
118000196,260,226,34
118000197,111,198,-87
118000198,387,833,-446
118000199,435,423,12
118000200,145,287,-142
118000201,469,477,-8
118000202,94,71,23
118000203,445,782,-337
118000204,94,468,-374
118000205,141,307,-166
118000206,308,288,20
118000207,0,41,-41
118000208,1650,1554,96
118000209,2207,1181,1026
118000210,100,43,57
118000211,30,36,-6
118000213,1475,2121,-646
118000214,459,676,-217
118000215,436,102,334
118000216,2672,2176,496
118000217,26,80,-54
118000218,101,75,26
118000219,402,243,159
118000220,3,37,-34
118000221,451,430,21
118000222,92,10,82
118000223,41,54,-13
118000224,148,97,51
118000225,136,541,-405
118000226,1032,221,811
118000227,741,466,275
118000228,181,303,-122
118000229,136,116,20
118000230,149,163,-14
118000231,138,196,-58
118000232,871,630,241
118000233,1362,735,627
118000234,639,273,366
118000236,427,321,106
118000237,115,305,-190
118000238,346,178,168
118000239,362,297,65
118000240,341,229,112
118000241,208,178,30
118000242,563,408,155
118000243,396,210,186
118000244,85,124,-39
118000246,1,47,-46
118000255,74,305,-231
118000256,122,188,-66
118000259,10,89,-79
118000260,233,96,137
118000261,46,41,5
118000263,152,173,-21
118000266,175,246,-71
118000267,0,129,-129
118000268,271,6,265
118000270,131,31,100
118000271,215,230,-15
118000272,106,54,52
118000273,227,99,128
118000274,68,233,-165
118000276,585,348,237
118000295,14,165,-151
118000298,216,279,-63
118000299,52,118,-66
118000301,0,66,-66
118000302,138,55,83
118000311,723,111,612
118000312,418,226,192
118000313,92,133,-41
118000314,119,56,63
118000315,78,38,40
118000316,831,413,418
118000325,58,58,0
118000326,47,43,4
118000331,59,55,4
118000332,38,51,-13
118000333,38,67,-29
118000335,455,0,455
118000336,1,186,-185
118000407,250,55,195
118000457,2,24,-22
118000465,2109,4215,-2106
118000480,51,56,-5
118000489,17,419,-402
118000490,25,150,-125
118000492,364,198,166
118000510,65,20,45
118000514,163,311,-148
118000515,945,842,103
118000517,320,228,92
118000524,225,327,-102
118000525,702,776,-74
118000530,36,158,-122
118000531,414,249,165
118000532,278,255,23
118000533,418,132,286
118000534,497,372,125
118000535,371,157,214
118000536,555,2076,-1521
118000537,14,217,-203
118000538,33,108,-75
118000539,39,128,-89
118000540,382,191,191
118000541,248,94,154
118000542,189,239,-50
118000543,320,266,54
118000546,60,28,32
118000560,2099,2887,-788
118000562,42,124,-82
118000563,1391,1105,286
118000576,220,109,111
118000577,112,140,-28
118000578,114,63,51
118000579,509,1321,-812
118000595,278,86,192
118000596,0,72,-72
118000597,125,68,57
118000598,46,4,42
118000599,98,66,32
118000600,0,27,-27
118000601,42,1,41
118000602,1,30,-29
118000603,0,11,-11
118900001,631,1485,-854
118900002,898,987,-89
118900003,617,13,604
118900004,84,38,46
118900005,110,14,96
118900006,238,11,227
118900007,9,6,3
118900008,1451,63,1388
118900009,133,94,39
118900010,67,5,62
118900011,185,53,132
118900012,557,249,308
118900013,614,265,349
118900015,361,96,265
118900016,21,9,12
118900017,194,306,-112
118900018,1014,37,977
118900019,54,25,29
118900020,244,139,105
118900021,237,405,-168
118900022,148,105,43
118900023,226,100,126
118900024,136,217,-81
118900025,48,41,7
118900026,113,79,34
118900027,517,206,311
118900028,183,153,30
118900029,337,451,-114
118900030,580,83,497
118900031,174,93,81
118900032,297,182,115
118900033,437,463,-26
118900034,243,34,209
118900035,148,156,-8
118900036,1609,648,961
118900037,534,289,245
118900038,489,144,345
118900039,675,198,477
118900040,267,188,79
118900041,635,150,485
118900042,292,116,176
118900045,403,183,220
118900046,881,532,349
118900047,404,338,66
118900048,203,257,-54
118900049,71,45,26
118900050,60,59,1
118900051,95,105,-10
118900052,341,215,126
118900053,46,98,-52
118900054,189,40,149
118900055,155,83,72
118900056,33,435,-402
118900057,810,468,342
118900058,515,337,178
118900059,19,83,-64
118900060,99,98,1
118900062,422,239,183
118900064,491,605,-114
118900065,82,150,-68
118900066,95,127,-32
118900067,3501,4527,-1026
118900068,12,211,-199
118900069,539,219,320
118900071,14,71,-57
118900072,463,345,118
118900073,210,121,89
118900074,157,141,16
118900075,84,70,14
118900076,238,100,138
118900077,404,267,137
118900078,28,8,20
118900079,73,167,-94
118900080,59,143,-84
118900081,60,34,26
118900082,1189,178,1011
118900083,59,10,49
118900084,25,11,14
118900085,716,615,101
118900086,34,109,-75
118900087,73,366,-293
118900088,3,11,-8
118900089,35,25,10
118900090,455,303,152
118900091,252,256,-4
118900092,206,79,127
118900093,152,30,122
118900096,72,39,33
118900097,295,457,-162
118900099,188,247,-59
118900100,144,254,-110
118900101,188,290,-102
118900102,74,128,-54
118900103,104,114,-10
118900104,338,145,193
118900105,227,134,93
118900107,104,65,39
118900108,135,169,-34
118900110,1190,960,230
118900111,536,434,102
118900112,145,168,-23
118900113,125,420,-295
118900114,33,92,-59
118900115,243,418,-175
118900116,145,211,-66
118900117,137,187,-50
118900118,352,274,78
118900119,140,212,-72
118900120,117,313,-196
118900121,30,137,-107
118900122,9,1023,-1014
118900123,150,200,-50
118900124,120,197,-77
118900126,38,385,-347
118900129,448,252,196
118900130,56,236,-180
118900131,203,237,-34
118900132,428,224,204
118900133,39,120,-81
118900135,232,176,56
118900136,271,378,-107
118900137,9,59,-50
118900139,242,262,-20
118900140,398,473,-75
118900141,98,165,-67
118900144,157,354,-197
118900145,47,123,-76
118900146,340,572,-232
118900147,210,167,43
118900148,91,73,18
118900150,177,634,-457
118900152,566,695,-129
118900157,82,183,-101
118900158,104,62,42
118900159,3,168,-165
118900161,86,19,67
118900163,116,115,1
118900164,6,128,-122
118900165,58,139,-81
118900166,90,5,85
118900167,106,129,-23
118900168,32,247,-215
118900169,169,238,-69
118900170,241,126,115
118900171,54,68,-14
118900174,80,72,8
118900175,412,523,-111
118900176,210,227,-17
118900177,114,64,50
118900178,62,155,-93
118900179,6,21,-15
118900181,142,149,-7
118900182,150,74,76
118900183,36,187,-151
118900184,420,135,285
118900185,187,95,92
118900186,106,86,20
118900187,363,363,0
118900188,339,281,58
118900189,49,804,-755
118900190,39,256,-217
118900191,225,47,178
118900192,317,16,301
118900193,689,4,685
118900195,267,562,-295
118900196,41,146,-105
118900197,218,34,184
118900198,51,22,29
118900199,153,43,110
118900200,45,43,2
118900201,42,73,-31
118900202,8,60,-52
118900203,42,26,16
118900204,41,37,4
118900205,4,15,-11
118900206,4,22,-18
119000001,1610,1642,-32
119000002,5157,3104,2053
119000003,3565,1025,2540
119000004,3041,1423,1618
119000005,1976,2054,-78
119000006,3293,1637,1656
119000007,3719,3331,388
119000008,1958,1779,179
119000009,3694,5996,-2302
119000010,5604,4526,1078
119000011,3842,3829,13
119000012,2717,3934,-1217
119000013,3102,1969,1133
119000014,1865,2704,-839
119000019,379,161,218
119000020,2880,1957,923
119000021,5481,2783,2698
119000022,2532,3598,-1066
119000023,261,250,11
119000024,2154,13987,-11833
119000025,5065,1347,3718
119000026,121,596,-475
119000027,256,436,-180
119000028,1626,723,903
119000029,104,379,-275
119000030,686,881,-195
119000031,881,635,246
119000032,2150,2395,-245
119000033,2235,1318,917
119000034,1213,849,364
119000035,69,283,-214
119000036,2158,804,1354
119000037,1384,1241,143
119000038,181,590,-409
119000039,426,325,101
119000040,700,592,108
119000041,709,1170,-461
119000048,2646,2265,381
119000049,2084,1600,484
119000050,1697,1703,-6
119000051,2242,1072,1170
119000052,1878,2692,-814
119000053,2170,1191,979
119000054,3742,2143,1599
119000055,5433,3047,2386
119000056,3318,1981,1337
119000057,1751,1583,168
119000058,2184,1513,671
119000059,1400,1427,-27
119000060,1854,1167,687
119000061,1299,801,498
119000062,1340,1255,85
119000063,677,407,270
119000064,819,809,10
119000065,2036,3183,-1147
119000066,2601,1155,1446
119000067,1984,1676,308
119000068,2121,937,1184
119000069,1806,2112,-306
119000070,3255,820,2435
119000071,700,688,12
119000072,4658,3025,1633
119000073,4929,7764,-2835
119000074,1614,1711,-97
119000075,3178,1944,1234
119000076,454,1313,-859
119000077,705,749,-44
119000078,489,296,193
119000079,230,658,-428
119000080,561,254,307
119000081,386,496,-110
119000082,1169,265,904
119000083,747,456,291
119000084,363,487,-124
119000085,717,205,512
119000086,456,596,-140
119000087,1503,879,624
119000088,491,219,272
119000089,96,210,-114
119000090,154,148,6
119000091,138,512,-374
119000092,460,247,213
119000093,3568,2119,1449
119000094,3977,5221,-1244
119000095,2427,2473,-46
119000097,1856,1076,780
119000098,1165,3429,-2264
119000099,2620,1321,1299
119000100,4728,3237,1491
119000101,4713,1862,2851
119000102,845,1321,-476
119000103,1454,744,710
119000104,2416,1231,1185
119000105,1408,2551,-1143
119000106,350,1037,-687
119000107,1263,556,707
119000108,464,860,-396
119000109,198,636,-438
119000110,431,541,-110
119000111,69,899,-830
119000112,218,119,99
119000113,2017,450,1567
119000114,1230,1434,-204
119000115,144,178,-34
119000116,135,133,2
119000117,263,405,-142
119000118,7,1,6
119000123,4168,2010,2158
119000124,987,188,799
119000125,4435,656,3779
119000126,941,532,409
119000127,674,438,236
119000128,18,3,15
119000131,1164,556,608
119000132,3,1,2
119000133,0,4,-4
119000134,1554,580,974
119000135,215,204,11
119000136,267,145,122
119000137,469,261,208
119000138,629,310,319
119000139,398,171,227
119000140,375,304,71
119000284,1205,2645,-1440
119000285,2126,1914,212
119000286,5892,4741,1151
119000287,1428,1649,-221
119000288,2002,1046,956
119000289,1406,2072,-666
119000290,223,346,-123
119000291,18,193,-175
119000293,207,183,24
119000294,66,38,28
119000295,1340,341,999
119000296,339,162,177
119000302,1554,1244,310
119000303,57,136,-79
119000314,1820,11446,-9626
119000315,5,242,-237
119000316,189,89,100
119000317,135,242,-107
119900001,275,1355,-1080
119900002,227,276,-49
119900003,43,763,-720
119900004,334,1735,-1401
119900005,300,145,155
119900006,304,478,-174
119900007,1478,395,1083
119900008,145,57,88
119900009,821,667,154
119900010,1244,1441,-197
119900011,45,155,-110
119900012,32,136,-104
119900013,2310,1199,1111
119900014,579,283,296
119900015,177,43,134
119900016,63,106,-43
119900017,76,69,7
119900018,2007,1271,736
119900019,64,28,36
119900020,250,227,23
119900021,250,103,147
119900022,124,1027,-903
119900023,607,1734,-1127
119900025,323,37,286
119900026,878,170,708
119900027,136,25,111
119900028,225,149,76
119900029,4,9,-5
119900030,790,444,346
119900031,61,386,-325
119900033,2121,499,1622
119900034,563,126,437
119900037,238,59,179
119900038,94,422,-328
119900039,68,14,54
119900040,189,17,172
119900041,183,48,135
119900042,245,162,83
119900043,130,135,-5
119900044,280,1233,-953
119900046,184,87,97
119900047,454,115,339
119900048,49,16,33
119900049,153,11,142
119900050,303,167,136
119900051,891,10,881
119900052,111,62,49
119900053,283,152,131
119900054,168,10,158
119900055,1808,534,1274
119900057,349,106,243
119900058,361,4,357
119900059,160,36,124
119900060,407,60,347
119900062,173,31,142
119900063,4,82,-78
119900064,731,128,603
119900065,305,21,284
119900066,1,0,1
119900067,157,48,109
119900068,636,1,635
119900069,185,49,136
119900070,1297,13,1284
119900071,983,47,936
119900073,1619,534,1085
119900074,61,69,-8
119900075,3861,2763,1098
119900076,1017,318,699
119900077,1202,716,486
119900078,955,955,0
119900079,477,185,292
119900080,2108,1310,798
119900081,321,43,278
119900082,1884,244,1640
119900083,457,136,321
119900084,861,494,367
119900085,54,82,-28
119900087,692,504,188
119900088,55,58,-3
119900089,91,444,-353
119900090,150,67,83
119900091,32,746,-714
119900092,223,414,-191
119900093,1493,239,1254
119900094,26,201,-175
119900095,215,115,100
119900096,42,193,-151
119900097,533,209,324
119900098,66,61,5
119900099,39,211,-172
119900100,1783,3014,-1231
119900101,209,1856,-1647
119900102,111,260,-149
119900103,67,301,-234
119900104,104,253,-149
119900105,1295,2850,-1555
119900106,14,135,-121
119900107,355,1898,-1543
119900108,3499,747,2752
119900109,11,150,-139
119900110,924,491,433
119900111,200,272,-72
119900112,1088,600,488
119900113,62,285,-223
119900114,287,1010,-723
119900115,526,826,-300
119900116,187,439,-252
119900117,442,643,-201
119900118,224,726,-502
119900119,380,186,194
119900120,913,705,208
119900121,450,704,-254
119900122,476,345,131
119900123,274,240,34
119900124,252,638,-386
119900125,72,338,-266
119900126,3907,472,3435
119900127,2117,1006,1111
119900128,538,492,46
119900129,315,480,-165
119900130,36,211,-175
119900131,42,237,-195
119900132,17,166,-149
119900133,104,131,-27
119900134,1341,222,1119
119900135,2,308,-306
119900136,264,368,-104
119900138,367,582,-215
119900139,60,136,-76
119900140,8,117,-109
119900141,112,880,-768
119900142,58,81,-23
119900143,25,212,-187
119900144,1268,260,1008
119900145,97,146,-49
119900146,251,288,-37
119900147,2,175,-173
119900148,421,82,339
119900149,826,5664,-4838
119900150,188,146,42
119900151,1878,1027,851
119900152,221,262,-41
119900153,287,90,197
119900154,7,124,-117
119900155,115,41,74
119900156,25,7,18
119900157,217,227,-10
119900158,307,119,188
119900159,5,1077,-1072
119900160,47,136,-89
119900161,183,170,13
119900162,1337,1396,-59
119900163,127,215,-88
119900164,1,2,-1
119900165,162,174,-12
119900166,167,146,21
119900167,109,113,-4
119900168,1371,586,785
119900169,160,382,-222
119900170,336,336,0
119900171,1039,483,556
119900172,223,51,172
119900173,12,379,-367
119900174,33,248,-215
119900175,1883,740,1143
119900177,25,198,-173
119900178,9,144,-135
119900179,155,833,-678
119900180,1309,981,328
119900181,105,196,-91
119900182,3,293,-290
119900183,172,534,-362
119900184,1876,561,1315
119900185,75,254,-179
119900186,84,1246,-1162
119900187,24,379,-355
119900188,186,353,-167
119900189,615,588,27
119900190,143,373,-230
119900191,341,267,74
119900192,113,201,-88
119900193,721,211,510
119900194,56,94,-38
119900195,123,253,-130
119900196,1254,484,770
119900197,347,216,131
119900198,254,277,-23
119900199,203,26,177
119900200,906,751,155
119900201,432,240,192
119900202,128,382,-254
119900203,281,693,-412
119900204,410,256,154
119900205,1074,491,583
119900206,277,140,137
119900208,272,158,114
119900209,600,1642,-1042
119900210,48,43,5
119900211,65,13,52
119900212,190,239,-49
119900213,6,115,-109
119900214,69,91,-22
119900215,68,65,3
119900216,21,63,-42
119900217,15,53,-38
119900218,21,51,-30
119900219,8,87,-79
119900220,11,65,-54
119900221,54,206,-152
119900222,12,195,-183
119900223,38,71,-33
119900224,21,22,-1
119900225,792,55,737
119900226,554,2538,-1984
119900227,1076,503,573
119900228,111,326,-215
119900229,456,402,54
119900230,1377,648,729
119900231,413,199,214
119900232,369,201,168
119900233,139,19,120
119900234,32,113,-81
119900235,27,94,-67
119900236,24,228,-204
119900237,92,584,-492
119900238,22,93,-71
119900240,158,163,-5
119900241,195,285,-90
119900242,1684,2028,-344
119900244,682,1427,-745
119900245,155,169,-14
119900246,487,840,-353
119900247,48,192,-144
119900248,112,379,-267
119900249,283,164,119
119900253,2031,472,1559
119900254,131,998,-867
119900255,194,840,-646
119900256,1260,905,355
119900257,131,6,125
119900258,292,23,269
119900259,19,141,-122
119900260,274,25,249
119900261,435,193,242
119900262,2,167,-165
119900263,1161,366,795
119900264,166,153,13
119900265,885,333,552
119900266,508,296,212
119900267,283,401,-118
119900268,250,134,116
119900269,1413,1176,237
119900271,48,103,-55
119900272,442,282,160
119900275,251,54,197
119900276,66,4,62
119900277,11,5,6
119900278,330,119,211
119900279,182,449,-267
119900280,657,154,503
119900281,1,315,-314
119900282,88,211,-123
119900283,31,185,-154
119900284,50,164,-114
119900285,37,110,-73
119900286,8,29,-21
119900288,3,26,-23
119900289,3,30,-27
119900290,8,26,-18
119900291,0,113,-113
119900292,68,41,27
119900293,31,3,28
119900294,61,0,61
119900295,25,0,25
119900296,130,43,87
119900299,74,165,-91
119900300,387,276,111
119900301,147,361,-214
119900302,210,113,97
119900303,497,184,313
119900304,251,37,214
119900305,17,141,-124
119900306,61,8,53
119900307,147,136,11
119900308,13,41,-28
119900309,82,192,-110
119900310,338,273,65
119900311,133,86,47
119900312,163,103,60
119900313,266,311,-45
119900314,266,474,-208
119900315,2337,1885,452
119900318,42,40,2
119900319,38,268,-230
119900320,431,445,-14
119900321,114,15,99
119900322,41,82,-41
119900323,1,97,-96
119900324,1,38,-37
119900325,19,223,-204
119900326,26,64,-38
120000001,6091,17046,-10955
120000002,2710,2142,568
120000003,2945,1619,1326
120000004,2790,1642,1148
120000005,3241,2088,1153
120000006,1430,1194,236
120000007,3296,3499,-203
120000008,948,1390,-442
120000009,2016,1081,935
120000010,1989,2313,-324
120000011,1137,1380,-243
120000012,1676,2205,-529
120000013,3396,2913,483
120000014,827,1465,-638
120000015,2662,1398,1264
120000016,4297,2179,2118
120000017,4270,2977,1293
120000018,3839,14433,-10594
120000019,1312,1587,-275
120000020,3429,3887,-458
120000021,2251,2404,-153
120000022,3041,4460,-1419
120000023,1110,1884,-774
120000024,1568,2518,-950
120000025,2627,1958,669
120000026,2720,1678,1042
120000027,2604,2374,230
120000028,900,1892,-992
120000029,2734,1807,927
120000030,644,1195,-551
120000031,2697,7201,-4504
120000032,7388,4032,3356
120000033,5197,1729,3468
120000034,2524,1673,851
120000035,2579,1645,934
120000036,3606,5142,-1536
120000037,792,1786,-994
120000038,5428,4232,1196
120000039,822,1076,-254
120000040,198,531,-333
120000041,1470,1555,-85
120000042,2481,2299,182
120000043,5989,1775,4214
120000044,5911,1752,4159
120000045,7350,1050,6300
120000046,4651,3283,1368
120000047,1033,7351,-6318
120000048,7127,4464,2663
120000049,3632,2729,903
120000050,4197,3682,515
120000051,3113,4750,-1637
120000052,7170,2542,4628
120000053,1582,1945,-363
120000054,1566,3078,-1512
120000055,2068,4016,-1948
120000056,6030,4205,1825
120000057,4882,1375,3507
120000058,3202,1778,1424
120000059,17,1898,-1881
120000061,115,543,-428
120000062,257,348,-91
120000063,1530,2494,-964
120000064,249,915,-666
120000065,647,1278,-631
120000066,405,574,-169
120000067,109,544,-435
120000068,256,639,-383
120000069,621,843,-222
120000070,104,516,-412
120000071,733,89,644
120000072,1060,401,659
120000073,1140,118,1022
120000074,483,116,367
120000075,1273,306,967
120000076,2986,457,2529
120000077,2590,833,1757
120000078,4087,1396,2691
120000079,310,130,180
120000080,196,217,-21
120000081,558,164,394
120000082,421,278,143
120000083,98,845,-747
120000084,487,504,-17
120000085,388,454,-66
120000086,349,509,-160
120000087,274,475,-201
120000088,995,1137,-142
120000089,1323,716,607
120000090,886,557,329
120000091,1190,1038,152
120000092,1692,728,964
120000093,830,492,338
120000094,296,737,-441
120000095,1166,395,771
120000096,350,680,-330
120000098,1255,818,437
120000099,567,756,-189
120000100,1085,831,254
120000101,837,532,305
120000102,812,1059,-247
120000103,1757,918,839
120000104,2290,570,1720
120000105,3728,743,2985
120000106,3124,704,2420
120000107,5222,672,4550
120000108,1895,171,1724
120000109,1463,111,1352
120000110,115,888,-773
120000111,147,896,-749
120000112,900,2134,-1234
120000113,678,1640,-962
120000114,1075,1875,-800
120000115,370,1670,-1300
120000116,759,1575,-816
120000117,987,1309,-322
120000118,61,47,14
120000119,25,53,-28
120000120,138,123,15
120000121,15,63,-48
120000122,236,496,-260
120000123,3384,7301,-3917
120000124,638,402,236
120000125,679,605,74
120000126,440,942,-502
120000127,2340,1135,1205
120000128,2979,4964,-1985
120000129,376,284,92
120000130,898,532,366
120000131,393,756,-363
120000134,450,922,-472
120000135,925,703,222
120000137,398,989,-591
120000138,1472,482,990
120000139,485,489,-4
120000140,1257,566,691
120000141,1038,403,635
120000142,1463,656,807
120000143,0,94,-94
120000144,265,3,262
120000145,500,5,495
120000146,899,881,18
120000149,862,1149,-287
120000150,2893,13098,-10205
120000151,516,435,81
120000152,864,217,647
120000153,519,493,26
120000154,583,522,61
120000155,177,291,-114
120000156,748,1551,-803
120000157,1179,720,459
120000158,1063,730,333
120000159,2364,2264,100
120000160,2996,1880,1116
120000161,2784,2277,507
120000162,101,246,-145
120000163,998,1201,-203
120000164,746,410,336
120000165,711,639,72
120000166,1647,519,1128
120000167,329,314,15
120000168,28,969,-941
120000169,77,2470,-2393
120000170,48,1591,-1543
120000171,23,635,-612
120000172,36,482,-446
120000173,1285,1412,-127
120000174,314,45,269
120000175,248,67,181
120000176,284,79,205
120000177,1396,164,1232
120000178,54,24,30
120000179,196,74,122
120000180,807,146,661
120000181,185,1641,-1456
120000182,97,699,-602
120000183,11,430,-419
120000184,183,1454,-1271
120000186,67,827,-760
120000187,43,361,-318
120000188,79,627,-548
120000190,586,94,492
120000191,793,186,607
120000192,784,88,696
120000193,467,18,449
120000195,84,6,78
120000196,292,51,241
120000197,114,111,3
120000198,333,94,239
120000199,165,5,160
120000200,186,3,183
120000201,15,65,-50
120000202,2,62,-60
120000203,87,196,-109
120000207,3,64,-61
120000208,27,252,-225
120000209,9,68,-59
120000210,68,89,-21
120000211,341,12,329
120000212,414,3,411
120000213,280,275,5
120000214,1,236,-235
120000215,8,162,-154
120000216,197,57,140
120000217,618,1264,-646
120000218,142,716,-574
120000219,13,360,-347
120000220,4,1096,-1092
120000225,2532,6,2526
120000226,593,16,577
120000227,1236,126,1110
120000228,11712,4586,7126
120000230,564,36,528
120000231,1831,2079,-248
120000233,523,4,519
120000235,279,469,-190
120000236,1555,3,1552
120000237,1,928,-927
120000238,2,740,-738
120000241,1450,4361,-2911
120000412,678,12,666
120000413,337,223,114
120000414,171,4,167
120000415,3,76,-73
120000416,155,7,148
120000417,18,123,-105
120000418,248,35,213
120000419,20,224,-204
120000420,70,31,39
120000421,8189,5630,2559
120000422,112,1598,-1486
120000423,7,96,-89
120000424,195,140,55
120000436,137,764,-627
120000437,116,137,-21
120000438,1906,269,1637
120000439,304,622,-318
120000443,284,0,284
120000444,1685,422,1263
120000445,2144,1119,1025
120000446,656,210,446
120000447,315,3,312
120000449,172,17,155
120000450,8,169,-161
120000451,134,301,-167
120000452,405,1,404
120000453,2,241,-239
120000454,68,66,2
120000455,97,43,54
120000456,2527,4567,-2040
120000457,1251,527,724
120000458,774,675,99
120000459,144,59,85
120000665,1104,349,755
120000668,174,1345,-1171
120000669,166,195,-29
120000670,230,956,-726
120000671,1638,473,1165
120000672,95,533,-438
120900001,96,131,-35
120900002,390,801,-411
120900003,232,44,188
120900004,59,132,-73
120900005,9,1023,-1014
120900006,662,267,395
120900007,234,96,138
120900008,425,1006,-581
120900009,379,32,347
120900010,666,187,479
120900011,245,231,14
120900012,250,1837,-1587
120900013,466,215,251
120900014,4,508,-504
120900015,970,86,884
120900016,1161,76,1085
120900017,2098,103,1995
120900018,216,450,-234
120900019,897,451,446
120900020,913,1719,-806
120900021,970,355,615
120900022,41,303,-262
120900023,390,52,338
120900024,2165,558,1607
120900025,1522,942,580
120900026,302,278,24
120900027,1225,38,1187
120900028,607,135,472
120900029,123,660,-537
120900030,1854,935,919
120900031,351,148,203
120900032,1558,122,1436
120900033,1577,154,1423
120900034,23,2820,-2797
120900035,73,172,-99
120900037,330,17,313
120900038,87,455,-368
120900039,164,81,83
120900040,470,7,463
120900041,187,55,132
120900042,820,53,767
120900043,157,72,85
120900044,32,332,-300
120900045,161,150,11
120900046,725,3,722
120900047,204,171,33
120900048,193,58,135
120900049,720,5,715
120900050,1959,2317,-358
120900051,402,137,265
120900052,898,9,889
120900053,524,76,448
120900054,1944,545,1399
120900055,524,4,520
120900056,727,39,688
120900057,252,43,209
120900058,702,5,697
120900059,106,2,104
120900060,137,30,107
120900061,272,271,1
120900062,325,3,322
120900063,886,13,873
120900064,955,1,954
120900065,713,1,712
120900066,552,195,357
120900067,302,83,219
120900068,431,0,431
120900069,369,46,323
120900071,33,1,32
120900072,968,9,959
120900073,859,178,681
120900074,888,16,872
120900076,438,3,435
120900077,2528,425,2103
120900078,1121,527,594
120900079,1000,108,892
120900080,1159,1206,-47
120900081,1706,624,1082
120900082,491,459,32
120900083,108,8,100
120900084,532,573,-41
120900085,71,143,-72
120900086,121,402,-281
120900087,605,439,166
120900088,297,605,-308
120900089,2428,3780,-1352
120900090,400,126,274
120900091,837,1166,-329
120900092,1166,444,722
120900093,1735,172,1563
120900094,465,210,255
120900095,621,16,605
120900096,90,306,-216
120900097,664,713,-49
120900098,332,173,159
120900099,82,82,0
120900100,97,211,-114
120900101,552,242,310
120900102,81,74,7
120900103,97,254,-157
120900104,22,66,-44
120900105,53,437,-384
120900106,1182,482,700
120900107,327,187,140
120900108,5,422,-417
120900109,55,526,-471
120900110,23,586,-563
120900111,254,337,-83
120900112,14,617,-603
120900113,15,623,-608
120900114,29,157,-128
120900115,191,258,-67
120900116,612,345,267
120900117,3,415,-412
120900118,17,537,-520
120900119,7007,4711,2296
120900120,96,378,-282
120900121,266,451,-185
120900122,820,441,379
120900123,7,317,-310
120900124,1,440,-439
120900125,5,596,-591
120900126,1580,797,783
120900127,17,345,-328
120900128,1056,1333,-277
120900129,47,267,-220
120900130,25,409,-384
120900131,119,106,13
120900132,1483,221,1262
120900133,218,642,-424
120900134,746,417,329
120900135,11,491,-480
120900136,61,82,-21
120900137,395,125,270
120900138,37,204,-167
120900139,2,507,-505
120900140,17,145,-128
120900141,262,312,-50
120900142,29,291,-262
120900143,3,648,-645
120900144,14,143,-129
120900145,181,747,-566
120900146,3,838,-835
120900147,5,507,-502
120900148,202,188,14
120900149,0,227,-227
120900150,43,418,-375
120900151,3,441,-438
120900152,13,28,-15
120900153,85,159,-74
120900154,5,176,-171
120900155,209,784,-575
120900156,82,327,-245
120900157,127,321,-194
120900158,100,566,-466
120900159,125,447,-322
120900160,32,513,-481
120900161,69,537,-468
120900162,98,722,-624
120900163,152,907,-755
120900164,3,69,-66
120900165,15,285,-270
120900166,291,611,-320
120900167,518,177,341
120900169,112,289,-177
120900170,820,3531,-2711
120900171,987,308,679
120900172,637,1459,-822
120900173,2,64,-62
120900174,21,150,-129
120900175,356,171,185
120900176,27,490,-463
120900177,5,1808,-1803
120900178,3,738,-735
120900179,792,405,387
120900180,79,201,-122
120900181,159,26,133
120900182,43,338,-295
120900183,650,91,559
120900184,320,113,207
120900185,24,603,-579
120900186,2,316,-314
120900187,773,1335,-562
120900188,332,13,319
120900189,100,1918,-1818
120900190,183,14,169
120900191,39,22,17
120900192,7457,10590,-3133
120900194,92,132,-40
120900195,129,427,-298
120900196,1232,97,1135
120900197,1053,190,863
120900198,355,468,-113
120900199,612,1645,-1033
120900200,105,151,-46
120900201,563,213,350
120900202,3,137,-134
120900203,74,93,-19
120900204,163,244,-81
120900205,69,52,17
120900206,20,60,-40
120900207,7,75,-68
121000001,740,975,-235
121000002,2360,1357,1003
121000003,3117,1850,1267
121000004,2399,3523,-1124
121000005,1749,2505,-756
121000006,3226,1935,1291
121000007,2466,3046,-580
121000008,5283,4326,957
121000009,5524,6045,-521
121000010,8033,6897,1136
121000011,8801,12782,-3981
121000012,15903,11608,4295
121000013,5075,6942,-1867
121000014,6019,5103,916
121000015,3982,6787,-2805
121000016,3867,3219,648
121000017,2381,3989,-1608
121000018,3217,1735,1482
121000019,14160,12560,1600
121000020,14270,19891,-5621
121000021,2741,2568,173
121000022,3255,3439,-184
121000023,3732,2634,1098
121000024,5547,5471,76
121000025,631,1589,-958
121000026,482,191,291
121000027,1624,1247,377
121000028,1033,525,508
121000029,1085,694,391
121000030,772,450,322
121000031,756,694,62
121000032,239,134,105
121000034,394,228,166
121000035,154,161,-7
121000036,986,843,143
121000037,571,522,49
121000038,486,1105,-619
121000039,321,530,-209
121000041,612,523,89
121000042,304,429,-125
121000043,664,623,41
121000044,1619,985,634
121000045,503,283,220
121000046,821,937,-116
121000047,68,108,-40
121000049,1311,609,702
121000050,415,1249,-834
121000051,603,285,318
121000052,491,680,-189
121000053,393,134,259
121000054,90,327,-237
121000055,1329,1303,26
121000056,830,1036,-206
121000057,303,550,-247
121000058,374,194,180
121000059,2285,1407,878
121000060,596,1106,-510
121000061,95,452,-357
121000062,150,339,-189
121000063,1051,833,218
121000064,931,944,-13
121000065,348,505,-157
121000066,691,649,42
121000067,494,746,-252
121000068,739,567,172
121000069,753,1208,-455
121000070,2204,1284,920
121000071,1915,1434,481
121000072,1392,847,545
121000073,1288,1054,234
121000074,129,180,-51
121000075,53,527,-474
121000076,804,541,263
121000077,154,223,-69
121000078,81,157,-76
121000080,1938,711,1227
121000081,5388,3518,1870
121000082,119,301,-182
121000083,207,116,91
121000084,263,177,86
121000085,328,438,-110
121000086,385,617,-232
121000087,89,277,-188
121000088,712,618,94
121000089,426,534,-108
121000090,464,511,-47
121000091,1453,1249,204
121000092,207,77,130
121000093,231,263,-32
121000094,661,1031,-370
121000095,408,716,-308
121000096,2533,2671,-138
121000097,939,2719,-1780
121000098,754,1030,-276
121000099,775,679,96
121000100,1123,359,764
121000101,555,361,194
121000102,442,232,210
121000103,334,314,20
121000104,373,158,215
121000105,670,218,452
121000106,416,435,-19
121000107,2067,3046,-979
121000109,1236,1140,96
121000110,398,681,-283
121000114,3057,2143,914
121000115,1269,630,639
121000116,289,940,-651
121000117,588,272,316
121000118,1538,291,1247
121000119,403,533,-130
121000120,321,476,-155
121000121,692,1435,-743
121000123,1792,985,807
121000126,88,320,-232
121000127,216,103,113
121000128,1216,409,807
121000129,1529,663,866
121000130,913,750,163
121000131,2136,2455,-319
121000132,1557,2686,-1129
121000135,435,1143,-708
121000136,1300,1292,8
121000137,592,422,170
121000138,1001,1425,-424
121000139,688,503,185
121000141,277,224,53
121000142,754,932,-178
121000143,156,28,128
121000144,999,2454,-1455
121000145,593,822,-229
121000146,1690,1172,518
121000147,1312,519,793
121000148,1142,1003,139
121000149,2415,1445,970
121000152,459,466,-7
121000153,1983,616,1367
121000154,1290,612,678
121000155,1701,970,731
121000156,520,991,-471
121000157,943,1523,-580
121000158,419,421,-2
121000159,255,372,-117
121000160,278,328,-50
121000161,249,304,-55
121000162,157,137,20
121000165,1385,2457,-1072
121000166,31,420,-389
121000168,533,263,270
121000169,69,103,-34
121000170,415,114,301
121000171,73,162,-89
121000172,912,630,282
121000173,1489,1404,85
121000174,443,415,28
121000175,1179,352,827
121000176,331,258,73
121000177,987,573,414
121000178,211,56,155
121000179,149,53,96
121000181,609,436,173
121000182,195,219,-24
121000183,110,144,-34
121000184,177,132,45
121000185,64,232,-168
121000186,296,703,-407
121000187,240,158,82
121000188,267,165,102
121000192,1131,484,647
121000193,813,570,243
121000194,1968,1975,-7
121000195,239,783,-544
121000196,629,258,371
121000197,198,723,-525
121000198,203,149,54
121000199,120,287,-167
121000200,609,95,514
121000201,6,176,-170
121000202,1050,156,894
121000203,1168,1664,-496
121000204,3297,678,2619
121000205,114,280,-166
121000206,206,76,130
121000207,2449,575,1874
121000208,2,263,-261
121000209,489,181,308
121000210,774,299,475
121000211,391,110,281
121000212,566,597,-31
121000213,10094,3054,7040
121000214,919,1924,-1005
121000215,956,966,-10
121000216,572,592,-20
121000217,3733,2542,1191
121000218,451,1379,-928
121000219,1436,519,917
121000220,151,71,80
121000221,187,263,-76
121000222,2312,2287,25
121000223,276,410,-134
121000224,265,246,19
121000225,857,2588,-1731
121000226,2022,1277,745
121000227,22,141,-119
121000228,30,517,-487
121000229,419,370,49
121000230,93,1248,-1155
121000231,1331,49,1282
121000232,413,369,44
121000233,591,370,221
121000234,18,45,-27
121000235,62,98,-36
121000236,19,73,-54
121000237,62,17,45
121000238,20,78,-58
121000239,46,3,43
121000240,8,233,-225
121000241,104,23,81
121000242,95,450,-355
121000243,472,111,361
121000244,13,93,-80
121000245,79,16,63
121000246,6,109,-103
121000247,101,11,90
121000248,620,822,-202
121000249,102,313,-211
121000250,743,242,501
121000251,19,295,-276
121000252,135,84,51
121000253,373,392,-19
121000254,745,213,532
121000255,115,332,-217
121000256,326,205,121
121000257,41,113,-72
121000258,100,108,-8
121000259,46,56,-10
121000260,79,120,-41
121000261,74,73,1
121000262,1039,883,156
121000263,521,380,141
121000271,348,1344,-996
121000273,33,18,15
121000274,23,87,-64
121000275,2,28,-26
121000276,12,32,-20
121000278,59,17,42
121000279,24,52,-28
121000280,65,73,-8
121000289,241,36,205
121000290,1110,1039,71
121000294,284,131,153
121000297,757,1151,-394
121000299,116,653,-537
121000300,879,551,328
121000302,41,1133,-1092
121000303,489,365,124
121000304,508,84,424
121000305,218,62,156
121000306,139,129,10
121000308,189,357,-168
121000309,423,567,-144
121000310,151,311,-160
121000311,77,750,-673
121000312,445,341,104
121000313,378,598,-220
121000314,111,173,-62
121000315,52,99,-47
121000530,1765,1215,550
121000531,1939,1526,413
121000532,7334,8329,-995
121000533,3649,3680,-31
121000918,31,109,-78
121000919,53,37,16
121000938,70,189,-119
121000939,92,279,-187
121000956,1706,1002,704
121000957,4,14,-10
121000958,30,61,-31
121000959,1026,579,447
121000960,1588,1699,-111
121000961,309,85,224
121000962,517,474,43
121000973,6,209,-203
121000976,25,303,-278
121000979,556,207,349
121000981,363,137,226
121000982,349,92,257
121000983,448,306,142
121000984,22,110,-88
121000985,770,382,388
121000986,544,193,351
121000987,239,671,-432
121000988,959,95,864
121001302,279,118,161
121001308,2,24,-22
121001309,57,233,-176
121001313,225,142,83
121001314,1504,2345,-841
121001315,5303,2771,2532
121900001,105,168,-63
121900002,41,49,-8
121900003,420,17,403
121900004,111,436,-325
121900005,51,40,11
121900006,156,29,127
121900007,1956,2111,-155
121900008,2154,913,1241
121900009,730,28,702
121900010,266,5,261
121900011,432,427,5
121900012,10,1,9
121900013,995,109,886
121900014,1239,434,805
121900015,354,209,145
121900016,10,37,-27
121900017,758,458,300
121900018,433,16,417
121900019,598,244,354
121900020,31,4,27
121900021,1247,25,1222
121900022,341,276,65
121900023,172,317,-145
121900024,368,105,263
121900025,955,530,425
121900026,424,78,346
121900027,638,297,341
121900028,330,21,309
121900029,170,241,-71
121900030,632,571,61
121900031,946,6893,-5947
121900032,138,80,58
121900033,218,314,-96
121900034,328,71,257
121900035,3505,2587,918
121900036,118,299,-181
121900037,246,1212,-966
121900038,44,145,-101
121900039,373,81,292
121900040,131,139,-8
121900041,237,292,-55
121900042,468,201,267
121900043,3,11,-8
121900044,154,68,86
121900046,380,450,-70
121900047,257,75,182
121900048,93,132,-39
121900050,76,54,22
121900051,248,247,1
121900052,238,53,185
121900053,594,394,200
121900054,551,1082,-531
121900055,0,11,-11
121900058,275,135,140
121900059,521,291,230
121900060,210,423,-213
121900061,243,235,8
121900062,218,160,58
121900063,1806,527,1279
121900064,341,605,-264
121900066,102,25,77
121900067,64,70,-6
121900069,211,108,103
121900070,241,194,47
121900071,527,275,252
121900072,45,104,-59
121900073,341,255,86
121900074,780,1396,-616
121900075,486,567,-81
121900076,498,678,-180
121900077,33,21,12
121900078,154,55,99
121900079,0,2,-2
121900080,1040,465,575
121900082,91,104,-13
121900084,33,93,-60
121900085,4,10,-6
121900086,25,83,-58
121900087,189,174,15
121900088,2300,3855,-1555
121900089,260,296,-36
121900090,48,88,-40
121900091,101,75,26
121900092,117,194,-77
121900093,95,67,28
121900094,13,5,8
121900095,342,185,157
121900096,1618,986,632
121900097,769,285,484
121900098,11,9,2
121900099,297,68,229
121900100,184,664,-480
121900101,302,187,115
121900102,7,183,-176
121900103,585,227,358
121900104,1722,357,1365
121900105,500,312,188
121900106,6,12,-6
121900107,59,49,10
121900108,1,27,-26
121900109,317,167,150
121900110,634,656,-22
121900111,671,412,259
121900112,210,206,4
121900113,103,581,-478
121900114,109,52,57
121900117,292,323,-31
121900118,1796,660,1136
121900119,250,99,151
121900120,67,1303,-1236
121900121,552,50,502
121900122,56,99,-43
121900123,292,470,-178
121900124,282,193,89
121900125,2133,1118,1015
121900127,22,106,-84
121900128,94,123,-29
121900129,478,198,280
121900130,86,221,-135
121900131,290,105,185
121900132,75,95,-20
121900133,69,1072,-1003
121900134,69,252,-183
121900135,3686,615,3071
121900136,476,315,161
121900137,52,337,-285
121900138,183,179,4
121900139,361,588,-227
121900140,88,161,-73
121900141,102,30,72
121900142,276,113,163
121900143,32,209,-177
121900144,152,286,-134
121900145,301,422,-121
121900146,773,892,-119
121900147,52,255,-203
121900148,244,382,-138
121900149,455,571,-116
121900150,79,182,-103
121900151,111,256,-145
121900152,120,100,20
121900153,91,923,-832
121900154,17,277,-260
121900155,9,217,-208
121900156,252,208,44
121900157,3,380,-377
121900158,78,138,-60
121900159,2,245,-243
121900160,124,312,-188
121900161,255,349,-94
121900162,107,267,-160
121900163,349,410,-61
121900164,436,239,197
121900165,313,162,151
121900166,223,146,77
121900167,149,187,-38
121900168,162,243,-81
121900169,7,194,-187
121900170,11,184,-173
121900171,936,814,122
121900172,659,226,433
121900173,795,246,549
121900174,55,127,-72
121900175,377,347,30
121900176,568,1313,-745
121900177,204,99,105
121900178,55,33,22
121900179,459,236,223
121900180,2996,5880,-2884
121900182,771,363,408
121900183,776,1422,-646
121900184,100,643,-543
121900186,6,483,-477
121900187,35,189,-154
121900188,666,420,246
121900189,63,146,-83
121900190,252,459,-207
121900191,144,246,-102
121900192,390,858,-468
121900193,72,170,-98
121900194,6,518,-512
121900195,85,110,-25
121900196,707,946,-239
121900197,546,1250,-704
121900198,1250,1123,127
121900199,6,81,-75
121900200,115,222,-107
121900201,914,971,-57
121900202,131,647,-516
121900203,246,1276,-1030
121900204,740,1448,-708
121900205,26,102,-76
121900206,27,40,-13
121900207,117,64,53
121900208,166,289,-123
121900209,108,68,40
121900210,1509,1302,207
121900211,35,112,-77
121900212,185,123,62
121900213,303,86,217
121900214,7,537,-530
121900215,43,157,-114
121900216,47,380,-333
121900217,371,196,175
121900218,205,602,-397
121900220,198,16,182
121900221,257,634,-377
121900222,245,177,68
121900223,211,68,143
121900224,151,67,84
121900225,119,130,-11
121900226,421,940,-519
121900227,299,597,-298
121900228,186,285,-99
121900230,75,394,-319
121900231,452,2885,-2433
121900232,287,389,-102
121900233,222,215,7
121900234,473,226,247
121900235,624,143,481
121900236,361,274,87
121900237,365,333,32
121900238,145,294,-149
121900239,209,57,152
121900240,336,166,170
121900241,104,67,37
121900242,8,1,7
121900243,14,0,14
121900244,24,5,19
121900245,211,77,134
121900246,3206,383,2823
121900247,349,241,108
121900248,1219,1544,-325
121900250,342,374,-32
121900251,576,77,499
121900252,639,153,486
121900253,106,699,-593
121900254,510,268,242
121900255,523,152,371
121900258,4240,2254,1986
121900259,401,645,-244
121900260,230,124,106
121900261,209,639,-430
121900262,444,1045,-601
121900263,379,238,141
121900264,1642,1243,399
121900265,480,279,201
121900266,643,132,511
121900267,87,86,1
121900269,252,917,-665
121900270,61,178,-117
121900271,68,174,-106
121900273,551,1993,-1442
121900274,381,246,135
121900277,578,1159,-581
121900278,160,923,-763
121900279,178,250,-72
121900280,158,451,-293
121900281,467,857,-390
121900284,133,11,122
121900286,152,148,4
121900287,28,18,10
121900288,3,2,1
121900290,317,450,-133
121900291,416,784,-368
121900292,141,141,0
121900293,986,2524,-1538
121900294,315,2,313
121900295,184,179,5
121900296,107,312,-205
121900298,304,1004,-700
121900299,2,9,-7
121900300,103,3,100
121900301,133,8,125
121900302,6,56,-50
121900303,395,460,-65
121900304,2,11,-9
121900305,2,5,-3
121900306,277,2,275
121900307,115,22,93
121900308,48,205,-157
121900309,16,179,-163
121900310,32,313,-281
121900311,616,32,584
121900312,380,21,359
121900313,484,37,447
121900314,3,45,-42
121900315,13,0,13
121900316,0,9,-9
121900317,36,2,34
121900318,9,16,-7
121900319,33,94,-61
121900320,60,53,7
121900321,13,5,8
121900322,2,18,-16
121900323,26,21,5
121900324,4,69,-65
121900325,16,7,9
121900326,6,19,-13
121900327,4,31,-27
121900328,0,32,-32
121900329,3,138,-135
121900330,0,35,-35
121900331,100,51,49
121900332,85,21,64
121900333,27,0,27
122000001,2057,5110,-3053
122000002,3653,1579,2074
122000003,2123,2918,-795
122000004,2768,1615,1153
122000005,2577,2278,299
122000006,1481,1122,359
122000007,1016,1651,-635
122000008,2514,4807,-2293
122000009,516,555,-39
122000010,2004,2919,-915
122000011,3166,1667,1499
122000012,1036,1867,-831
122000013,1068,1166,-98
122000014,1757,1025,732
122000015,1282,1164,118
122000016,620,851,-231
122000017,1253,1185,68
122000018,1509,1483,26
122000019,880,1098,-218
122000020,258,295,-37
122000021,276,560,-284
122000022,1182,1120,62
122000023,860,1690,-830
122000024,673,1268,-595
122000025,798,1968,-1170
122000026,773,1410,-637
122000027,669,1635,-966
122000028,1013,565,448
122000029,553,516,37
122000030,220,199,21
122000031,159,278,-119
122000032,1949,1993,-44
122000033,646,1548,-902
122000034,640,692,-52
122000035,285,719,-434
122000036,736,514,222
122000037,390,271,119
122000038,261,323,-62
122000039,546,528,18
122000040,236,259,-23
122000041,559,618,-59
122000042,346,393,-47
122000043,126,140,-14
122000044,159,157,2
122000045,1312,522,790
122000046,901,723,178
122000047,239,223,16
122000048,3687,4443,-756
122000049,5773,3604,2169
122000050,1512,804,708
122000051,238,416,-178
122000052,518,443,75
122000053,239,870,-631
122000054,2296,1917,379
122000055,2093,3400,-1307
122000056,3985,3474,511
122000057,2922,3910,-988
122000058,1795,1802,-7
122000059,1884,2413,-529
122000060,476,887,-411
122000061,512,692,-180
122000062,643,324,319
122000063,989,786,203
122000064,3267,3349,-82
122000065,3161,2481,680
122000066,1067,1098,-31
122000067,1666,1110,556
122000068,1737,1011,726
122000069,830,690,140
122000070,980,1211,-231
122000071,2095,1007,1088
122000072,455,506,-51
122000073,365,867,-502
122000074,2856,1592,1264
122000075,898,1248,-350
122000076,3362,1373,1989
122000077,986,1152,-166
122000078,1456,2974,-1518
122000079,714,1329,-615
122000080,681,364,317
122000081,205,223,-18
122000082,475,1065,-590
122000083,2135,1398,737
122000084,1881,948,933
122000085,272,904,-632
122000086,2503,6100,-3597
122000087,444,334,110
122000088,557,650,-93
122000089,4271,2547,1724
122000090,194,582,-388
122000091,125,93,32
122000092,94,21,73
122000093,1711,2564,-853
122000094,4600,3390,1210
122000095,1867,4771,-2904
122000096,1640,1960,-320
122000098,2884,3184,-300
122000099,1320,797,523
122000100,775,579,196
122000101,505,674,-169
122000102,2101,1148,953
122000103,2122,1612,510
122000104,489,219,270
122000105,625,280,345
122000106,478,738,-260
122000107,1040,526,514
122000108,533,816,-283
122000109,487,265,222
122000110,564,668,-104
122000111,2944,1593,1351
122000112,1055,1483,-428
122000113,747,747,0
122000114,2662,1499,1163
122000115,1965,1238,727
122000116,619,697,-78
122000117,1505,545,960
122000118,764,937,-173
122000119,4104,3293,811
122000120,2582,6095,-3513
122000121,2629,3560,-931
122000122,761,1811,-1050
122000123,2196,2006,190
122000124,1280,752,528
122000125,674,848,-174
122000126,855,1121,-266
122000127,1282,1293,-11
122000128,513,790,-277
122000129,568,1742,-1174
122000130,4272,1650,2622
122000131,2097,1644,453
122000132,614,690,-76
122000133,1103,1299,-196
122000134,1252,779,473
122000135,686,718,-32
122000136,1128,765,363
122000137,2327,924,1403
122000139,1083,4087,-3004
122000140,592,658,-66
122000141,3832,1244,2588
122000142,298,984,-686
122000143,642,697,-55
122000144,1787,1703,84
122000145,1066,913,153
122000146,820,1398,-578
122000147,659,604,55
122000148,1281,2564,-1283
122000149,2469,1873,596
122000150,1481,1381,100
122000151,212,496,-284
122000152,476,479,-3
122000153,606,399,207
122000154,280,326,-46
122000155,1624,3176,-1552
122000156,2615,2971,-356
122000157,1147,2615,-1468
122000158,407,708,-301
122000159,920,1953,-1033
122000160,5691,3165,2526
122000161,1769,1595,174
122000162,2307,2185,122
122000163,339,112,227
122000164,65,109,-44
122000165,928,668,260
122000166,864,1116,-252
122000167,343,313,30
122000168,198,507,-309
122000169,303,203,100
122000170,433,234,199
122000171,82,103,-21
122000172,2076,1384,692
122000173,1561,2448,-887
122000174,2365,1101,1264
122000175,951,277,674
122000176,372,832,-460
122000177,1686,1484,202
122000178,2762,2564,198
122000179,1666,2416,-750
122000180,1656,1378,278
122000181,1475,3247,-1772
122000182,1772,2264,-492
122000183,2427,1249,1178
122000184,2927,2736,191
122000185,1315,1969,-654
122000186,477,792,-315
122000187,1929,887,1042
122000188,538,233,305
122000189,251,364,-113
122000190,827,1251,-424
122000191,947,890,57
122000192,1280,421,859
122000193,486,761,-275
122000194,657,215,442
122000195,156,468,-312
122000196,1573,778,795
122000197,556,898,-342
122000198,555,1033,-478
122000199,364,359,5
122000200,901,713,188
122000201,1287,1672,-385
122000202,1364,1556,-192
122000203,3091,1798,1293
122000204,1774,2135,-361
122000205,1342,1567,-225
122000206,2552,1194,1358
122000207,2629,1493,1136
122000208,2485,1410,1075
122000209,2016,391,1625
122000210,2262,1643,619
122000211,1577,1273,304
122000212,960,623,337
122000213,1208,1399,-191
122000214,2391,1808,583
122000215,2309,1731,578
122000217,1855,1479,376
122000218,748,71,677
122000219,1094,896,198
122000220,425,767,-342
122000221,60,411,-351
122000222,570,172,398
122000223,1460,637,823
122000225,874,363,511
122000226,2246,1625,621
122000227,374,2266,-1892
122000228,408,333,75
122000229,37,485,-448
122000230,224,450,-226
122000231,427,719,-292
122000232,744,937,-193
122000233,1,88,-87
122000234,420,67,353
122000235,502,116,386
122000236,1555,95,1460
122000237,131,100,31
122000238,621,447,174
122000239,857,236,621
122000240,1557,717,840
122000241,2122,525,1597
122000242,1262,220,1042
122000243,49,35,14
122000244,32,280,-248
122000245,10,83,-73
122000246,24,98,-74
122000247,607,257,350
122000248,1047,1472,-425
122000249,1317,971,346
122000250,2875,1123,1752
122000251,293,517,-224
122000252,677,178,499
122000253,85,281,-196
122000254,391,163,228
122000255,893,1354,-461
122000256,350,673,-323
122000257,160,246,-86
122000258,479,245,234
122000259,31,355,-324
122000260,5,45,-40
122000261,10,256,-246
122000262,2,45,-43
122000263,709,372,337
122000264,1805,300,1505
122000265,2501,942,1559
122000266,4254,691,3563
122000267,158,130,28
122000268,171,287,-116
122000269,982,336,646
122000270,532,171,361
122000271,300,872,-572
122000272,331,822,-491
122000273,529,420,109
122000274,279,172,107
122000275,80,226,-146
122000276,1133,636,497
122000277,1513,1778,-265
122000278,2218,686,1532
122000279,319,484,-165
122000280,961,807,154
122000281,1199,711,488
122000282,240,405,-165
122000283,309,155,154
122000284,330,105,225
122000285,361,71,290
122000286,70,170,-100
122000287,1453,1470,-17
122000288,602,231,371
122000291,2416,795,1621
122000293,255,245,10
122000294,179,281,-102
122000295,1329,207,1122
122000296,32,476,-444
122000297,2326,3799,-1473
122000299,705,433,272
122000300,606,762,-156
122000301,7728,3600,4128
122000302,661,2226,-1565
122000303,2778,1334,1444
122000304,92,244,-152
122000305,1417,239,1178
122000306,58,425,-367
122000307,138,130,8
122000309,41,39,2
122000310,21,114,-93
122000311,216,184,32
122000312,148,205,-57
122000313,155,95,60
122000314,85,216,-131
122000315,302,82,220
122000316,957,241,716
122000317,1653,352,1301
122000318,344,1041,-697
122000319,220,348,-128
122000320,315,833,-518
122000321,126,135,-9
122000322,1903,2232,-329
122000323,1102,2432,-1330
122000324,1087,1273,-186
122000325,935,2026,-1091
122000326,165,87,78
122000327,630,907,-277
122000328,916,656,260
122000330,2075,1013,1062
122000332,218,348,-130
122000333,15,85,-70
122000337,1403,1059,344
122000338,744,419,325
122000340,324,629,-305
122000342,1327,956,371
122000343,490,832,-342
122000344,63,12,51
122000345,58,17,41
122000346,399,377,22
122000348,1147,676,471
122000349,212,860,-648
122000351,203,228,-25
122000352,378,145,233
122000353,149,67,82
122000355,162,330,-168
122000356,1049,1234,-185
122000357,134,29,105
122000358,1,53,-52
122000359,0,23,-23
122000360,0,40,-40
122000362,24,61,-37
122000364,259,345,-86
122000365,3,54,-51
122000366,8,12,-4
122000368,497,607,-110
122000370,27,46,-19
122000371,45,1,44
122000372,24,2,22
122000381,173,292,-119
122000382,101,206,-105
122000384,2158,1142,1016
122000385,99,2,97
122000386,397,1568,-1171
122000387,651,761,-110
122000388,1717,690,1027
122000389,204,757,-553
122000390,403,226,177
122000391,268,401,-133
122000392,178,202,-24
122000393,27,140,-113
122000394,656,253,403
122000395,137,105,32
122000396,328,81,247
122000397,17,58,-41
122000398,14,54,-40
122000399,192,65,127
122000400,105,730,-625
122000401,144,68,76
122000402,444,103,341
122000403,498,665,-167
122000404,212,172,40
122000408,834,1132,-298
122000503,20,116,-96
122000524,276,217,59
122000544,113,2103,-1990
122000616,296,4,292
122000640,96,99,-3
122000641,175,255,-80
122000642,1051,852,199
122000643,90,256,-166
122000644,176,83,93
122000645,134,195,-61
122000651,1086,939,147
122000664,141,31,110
122000665,1369,634,735
122000666,754,1078,-324
122000673,47,162,-115
122000674,181,65,116
122000675,1990,624,1366
122000686,584,808,-224
122000687,1872,364,1508
122000688,328,426,-98
122000689,1129,331,798
122000690,2605,378,2227
122000691,794,1077,-283
122000692,1851,548,1303
122000693,533,1479,-946
122000695,428,339,89
122000696,547,188,359
122000698,443,403,40
122000699,205,90,115
122000701,1773,346,1427
122000702,560,903,-343
122000703,239,64,175
122000717,94,73,21
122000718,448,1039,-591
122000719,122,86,36
122000720,570,148,422
122000724,126,34,92
122900001,60,14,46
122900002,1296,5598,-4302
122900003,513,40,473
122900004,2200,127,2073
122900005,193,133,60
122900006,963,907,56
122900007,150,77,73
122900008,686,315,371
122900009,773,630,143
122900010,275,140,135
122900012,256,512,-256
122900014,146,276,-130
122900015,1559,1632,-73
122900016,155,315,-160
122900017,391,1044,-653
122900018,194,39,155
122900019,10,149,-139
122900020,157,410,-253
122900021,36,355,-319
122900022,1335,815,520
122900023,679,218,461
122900024,199,140,59
122900025,21,359,-338
122900026,63,302,-239
122900027,60,494,-434
122900028,128,204,-76
122900029,4243,2987,1256
122900030,1034,643,391
122900031,54,289,-235
122900032,141,440,-299
122900033,265,149,116
122900034,3974,5037,-1063
122900035,73,39,34
122900036,76,111,-35
122900037,413,132,281
122900038,119,3263,-3144
122900039,168,555,-387
122900040,281,448,-167
122900041,383,351,32
122900042,219,276,-57
122900043,484,352,132
122900044,119,366,-247
122900045,121,146,-25
122900046,287,275,12
122900047,138,249,-111
122900048,92,238,-146
122900049,1208,200,1008
122900051,112,133,-21
122900052,122,168,-46
122900053,48,43,5
122900055,328,104,224
122900057,260,58,202
122900061,615,292,323
122900062,672,869,-197
122900063,202,312,-110
122900064,782,435,347
122900065,583,264,319
122900066,797,464,333
122900067,1215,650,565
122900068,195,319,-124
122900069,462,1864,-1402
122900070,408,72,336
122900071,128,255,-127
122900072,11,376,-365
122900073,30,168,-138
122900074,1197,492,705
122900075,1,53,-52
122900076,9,165,-156
122900077,6,108,-102
122900078,245,43,202
122900080,41,35,6
122900081,244,160,84
122900082,1161,196,965
122900083,170,97,73
122900084,28,206,-178
122900086,32,121,-89
122900087,294,429,-135
122900088,52,231,-179
122900089,94,253,-159
122900090,10,297,-287
122900091,375,0,375
122900092,1,142,-141
122900093,0,147,-147
122900094,2,171,-169
122900095,245,22,223
122900096,478,107,371
122900097,35,48,-13
122900098,44,99,-55
122900099,59,33,26
122900100,335,470,-135
122900101,706,382,324
122900102,24,46,-22
122900103,195,18,177
122900104,243,13,230
122900105,44,9,35
122900106,5,66,-61
122900107,9,133,-124
122900108,2,121,-119
123000001,1137,496,641
123000002,2927,5812,-2885
123000003,4043,4549,-506
123000004,2878,3714,-836
123000005,2999,2816,183
123000006,2190,2148,42
123000007,4090,2540,1550
123000008,2519,2709,-190
123000009,4352,2803,1549
123000010,3030,2886,144
123000011,1865,699,1166
123000012,720,1836,-1116
123000013,3730,980,2750
123000014,796,3250,-2454
123000015,2565,1265,1300
123000016,3566,4436,-870
123000017,3293,1761,1532
123000018,163,125,38
123000019,571,181,390
123000020,389,58,331
123000021,246,190,56
123000022,513,1900,-1387
123000023,1820,2005,-185
123000024,1612,610,1002
123000025,99,121,-22
123000026,22,125,-103
123000027,109,768,-659
123000028,1415,874,541
123000029,691,1655,-964
123000030,337,236,101
123000031,412,256,156
123000032,520,170,350
123000033,295,84,211
123000034,1196,699,497
123000035,497,428,69
123000036,291,983,-692
123000037,287,293,-6
123000038,78,169,-91
123000039,445,1719,-1274
123000040,732,342,390
123000041,1211,1365,-154
123000042,806,682,124
123000043,2395,12529,-10134
123000044,4004,3031,973
123000045,5301,3263,2038
123000046,593,1728,-1135
123000047,1426,1036,390
123000048,148,1202,-1054
123000049,6038,12050,-6012
123000050,1988,1662,326
123000051,102,216,-114
123000052,1027,3777,-2750
123000053,3156,3244,-88
123000054,1900,1748,152
123000055,1585,3165,-1580
123000056,1248,1757,-509
123000057,7637,8537,-900
123000058,731,1427,-696
123000059,393,596,-203
123000060,1321,598,723
123000061,358,727,-369
123000063,1196,1084,112
123000064,1339,321,1018
123000065,4353,2604,1749
123000066,676,602,74
123000067,1158,636,522
123000068,2781,2719,62
123000069,6738,2947,3791
123000070,268,610,-342
123000071,1444,804,640
123000072,1277,714,563
123000073,1752,752,1000
123000074,1257,846,411
123000075,458,1415,-957
123000076,1089,613,476
123000077,2091,2031,60
123000078,1981,1399,582
123000079,2004,1559,445
123000080,2535,1365,1170
123000081,263,360,-97
123000082,401,1101,-700
123000083,1260,382,878
123000084,797,462,335
123000085,517,69,448
123000086,791,133,658
123000087,612,274,338
123000088,1458,674,784
123000089,733,925,-192
123000090,1273,850,423
123000091,1436,1233,203
123000092,971,1104,-133
123000094,767,243,524
123000095,727,684,43
123000096,979,347,632
123000097,619,569,50
123000098,1017,539,478
123000099,804,599,205
123000100,557,751,-194
123000101,594,689,-95
123000102,502,746,-244
123000104,529,497,32
123000105,710,576,134
123000106,562,521,41
123000107,344,480,-136
123000108,585,1185,-600
123000111,1133,350,783
123000112,1745,579,1166
123000113,558,987,-429
123000114,403,740,-337
123000115,389,277,112
123000116,65,99,-34
123000117,1997,1589,408
123000118,500,687,-187
123000119,274,759,-485
123000120,444,706,-262
123000121,470,499,-29
123000122,308,240,68
123000123,503,499,4
123000124,424,417,7
123000125,1452,1520,-68
123000126,1371,4794,-3423
123000127,672,593,79
123000128,321,292,29
123000129,1025,305,720
123000130,899,125,774
123000131,1183,867,316
123000132,277,523,-246
123000133,276,356,-80
123000134,312,157,155
123000135,2959,1279,1680
123000136,238,574,-336
123000137,130,237,-107
123000138,98,389,-291
123000139,745,153,592
123000140,177,638,-461
123000141,1021,202,819
123000142,1039,952,87
123000143,953,1478,-525
123000144,46,37,9
123000145,169,159,10
123000146,24,85,-61
123000147,83,95,-12
123000149,341,381,-40
123000150,185,273,-88
123000151,218,506,-288
123000152,153,342,-189
123000153,238,791,-553
123000154,1561,2262,-701
123000155,2209,1356,853
123000156,39,102,-63
123000157,675,851,-176
123000158,576,921,-345
123000159,3263,3140,123
123000160,1311,944,367
123000161,2216,1305,911
123000162,1526,1792,-266
123000163,747,179,568
123000164,1972,388,1584
123000165,404,1243,-839
123000166,44,111,-67
123000167,202,268,-66
123000168,312,174,138
123000169,1043,191,852
123000170,94,143,-49
123000171,1078,20,1058
123000172,183,363,-180
123000173,706,371,335
123000174,1315,538,777
123000175,603,1023,-420
123000176,1918,394,1524
123000177,391,1054,-663
123000178,938,215,723
123000179,38,493,-455
123000180,1802,353,1449
123000181,343,1017,-674
123000182,362,384,-22
123000183,200,596,-396
123000184,128,418,-290
123000185,1068,305,763
123000186,2,451,-449
123000187,798,19,779
123000188,242,0,242
123000189,213,125,88
123000190,74,64,10
123000192,27,366,-339
123000193,77,691,-614
123000194,550,306,244
123000195,417,60,357
123000196,336,24,312
123000197,74,114,-40
123000198,51,578,-527
123000199,26,616,-590
123000200,816,19,797
123000201,1419,45,1374
123000202,34,825,-791
123000203,1210,93,1117
123000204,86,779,-693
123000205,540,1232,-692
123000206,2741,329,2412
123000207,126,761,-635
123000208,720,241,479
123000209,2427,773,1654
123000210,536,1524,-988
123000211,620,1977,-1357
123000212,3717,684,3033
123000213,711,115,596
123000215,94,300,-206
123000216,181,735,-554
123000217,239,51,188
123000218,63,776,-713
123000219,807,80,727
123000220,643,130,513
123000221,206,88,118
123000222,580,431,149
123000223,666,293,373
123000224,499,382,117
123000225,347,59,288
123000226,81,496,-415
123000227,120,375,-255
123000228,372,85,287
123000229,1235,1177,58
123000232,166,545,-379
123000233,883,200,683
123000234,199,633,-434
123000235,1546,333,1213
123000236,393,698,-305
123000237,379,153,226
123000238,89,427,-338
123000239,527,1162,-635
123000240,57,577,-520
123000241,421,121,300
123000242,306,208,98
123000243,796,765,31
123000244,898,681,217
123000245,76,158,-82
123000249,436,512,-76
123000252,1045,386,659
123000253,1585,601,984
123000254,897,921,-24
123000255,1390,962,428
123000256,22,258,-236
123000257,2603,1799,804
123000258,1151,661,490
123000259,498,465,33
123000260,540,426,114
123000261,395,202,193
123000262,99,170,-71
123000263,582,127,455
123000264,241,122,119
123000265,60,170,-110
123000266,649,633,16
123000267,916,446,470
123000268,43,85,-42
123000269,57,109,-52
123000270,38,37,1
123000271,75,102,-27
123000272,743,274,469
123000273,291,705,-414
123000274,1300,573,727
123000275,382,761,-379
123000278,2160,2499,-339
123000279,169,89,80
123000280,316,260,56
123000281,467,113,354
123000282,155,297,-142
123000283,158,41,117
123000284,74,85,-11
123000286,194,452,-258
123000287,457,286,171
123000288,1289,1157,132
123000289,360,1420,-1060
123000291,276,843,-567
123000294,184,206,-22
123000295,853,885,-32
123000296,679,460,219
123000297,931,421,510
123000298,857,403,454
123000299,84,140,-56
123000300,1242,876,366
123000301,163,314,-151
123000302,84,182,-98
123000303,156,233,-77
123000305,904,835,69
123000306,195,122,73
123000309,36,50,-14
123000310,59,35,24
123000311,0,64,-64
123000312,432,576,-144
123000313,749,299,450
123000315,252,271,-19
123000316,829,88,741
123000317,210,69,141
123000318,58,170,-112
123000329,10,19,-9
123000337,982,338,644
123000338,495,104,391
123000339,327,82,245
123000340,150,310,-160
123000342,9,19,-10
123000343,72,19,53
123000344,1027,424,603
123000345,385,657,-272
123000346,388,47,341
123000352,1385,791,594
123000353,45,54,-9
123000354,309,16,293
123000355,0,229,-229
123000356,498,14,484
123000357,4,129,-125
123000359,4,159,-155
123000360,247,78,169
123000361,230,330,-100
123000362,629,108,521
123000363,184,262,-78
123000364,673,627,46
123000365,37,450,-413
123000366,423,2314,-1891
123000367,334,855,-521
123000370,31,332,-301
123000371,955,96,859
123000372,438,75,363
123000373,17,354,-337
123000374,12,153,-141
123000375,480,51,429
123000376,960,627,333
123000377,679,20,659
123000378,22,313,-291
123000379,20,210,-190
123000380,57,439,-382
123000381,108,161,-53
123000382,878,169,709
123000383,156,1359,-1203
123000384,498,124,374
123000385,162,564,-402
123000436,39,1195,-1156
123000507,133,240,-107
123000508,204,1325,-1121
123000517,284,39,245
123000518,46,204,-158
123000519,184,76,108
123000520,55,190,-135
123000521,370,131,239
123000522,131,352,-221
123000541,11,0,11
123000542,0,15,-15
123000565,0,0,0
123000566,1262,511,751
123000567,135,195,-60
123000573,44,509,-465
123000574,1048,76,972
123000575,1788,826,962
123000576,1247,1023,224
123000577,67,713,-646
123000578,464,95,369
123000579,1494,6833,-5339
123000580,78,35,43
123000582,539,30,509
123000583,24,375,-351
123000584,263,331,-68
123000585,1,80,-79
123000586,116,0,116
123000596,76,95,-19
123000597,92,111,-19
123000602,75,14,61
123000603,954,482,472
123000604,517,437,80
123000605,759,113,646
123000606,1,394,-393
123000609,19,317,-298
123000610,227,140,87
123000613,35,228,-193
123000614,283,71,212
123000615,35,96,-61
123000616,1016,78,938
123000617,168,255,-87
123000618,98,704,-606
123000619,735,76,659
123000620,46,453,-407
123000622,567,26,541
123000624,202,52,150
123000630,1329,499,830
123000631,303,676,-373
123000632,631,632,-1
123000633,0,130,-130
123000634,81,214,-133
123000635,121,102,19
123000636,27,556,-529
123000637,241,48,193
123000638,489,30,459
123000639,838,5409,-4571
123000640,28,462,-434
123900001,1084,63,1021
123900002,67,1294,-1227
123900003,214,310,-96
123900005,279,179,100
123900006,313,54,259
124000001,2192,200,1992
124000002,83,1323,-1240
124000003,1194,186,1008
124000004,80,442,-362
124000005,1294,497,797
124000006,204,895,-691
124000007,405,141,264
124000008,15,421,-406
124000009,719,273,446
124000010,249,388,-139
124000011,1141,357,784
124000012,327,417,-90
124000017,194,143,51
124000018,140,102,38
124000019,239,145,94
124000020,39,109,-70
124000021,155,118,37
124000022,90,209,-119
124000023,1550,1615,-65
124000024,1036,392,644
124000025,1199,2084,-885
124000026,932,978,-46
124000027,4493,5157,-664
124000028,1609,3693,-2084
124000030,2005,1262,743
124000031,1357,4405,-3048
124000032,1736,782,954
124000033,8,215,-207
124000034,800,547,253
124000035,40,289,-249
124000036,64,194,-130
124000037,832,1227,-395
124000038,91,157,-66
124000039,1071,541,530
124000040,571,1424,-853
124000041,683,122,561
124000042,196,448,-252
124000043,184,110,74
124000044,93,200,-107
124000045,1143,633,510
124000046,386,645,-259
124000047,2250,905,1345
124000048,1139,1082,57
124000049,2229,647,1582
124000050,958,1309,-351
124000051,1313,544,769
124000052,699,783,-84
124000053,589,1843,-1254
124000054,965,463,502
124000055,1436,3374,-1938
124000056,1891,1136,755
124000057,1232,661,571
124000058,502,993,-491
124000059,844,1370,-526
124000060,983,588,395
124000061,1406,5828,-4422
124000062,2821,1615,1206
124000063,1053,1413,-360
124000064,1908,1120,788
124000065,20,410,-390
124000066,243,775,-532
124000067,298,174,124
124000068,19,23,-4
124000069,155,27,128
124000070,59,102,-43
124000071,314,109,205
124000072,198,428,-230
124000073,1264,190,1074
124000074,200,646,-446
124000075,501,65,436
124000076,39,170,-131
124000077,1270,1022,248
124000078,2947,1309,1638
124000079,367,1429,-1062
124000080,714,220,494
124000081,271,453,-182
124000082,84,171,-87
124000083,68,95,-27
124000084,62,503,-441
124000085,148,70,78
124000086,53,106,-53
124000087,127,105,22
124000088,355,481,-126
124000089,1016,301,715
124000090,132,293,-161
124000091,597,104,493
124000092,127,493,-366
124000093,205,74,131
124000094,329,515,-186
124000095,146,70,76
124000096,191,216,-25
124000097,169,118,51
124000098,63,84,-21
124000099,302,158,144
124000100,78,102,-24
124000101,129,119,10
124000102,142,52,90
124000103,147,145,2
124000104,93,38,55
124000105,158,94,64
124000106,167,62,105
124000107,25,194,-169
124000108,82,31,51
124000109,149,101,48
124000110,162,112,50
124000111,212,181,31
124000112,817,565,252
124000113,133,138,-5
124000114,348,340,8
124000115,406,507,-101
124000116,140,184,-44
124000117,49,104,-55
124000118,70,139,-69
124000119,1133,712,421
124000120,784,694,90
124000121,1409,798,611
124000122,669,1319,-650
124000123,1124,565,559
124000124,421,989,-568
124000125,526,698,-172
124000126,330,564,-234
124000127,1199,400,799
124000128,695,841,-146
124000129,2483,1574,909
124000130,776,548,228
124000131,1037,652,385
124000132,972,670,302
124000133,945,870,75
124000134,1265,599,666
124000135,1746,1856,-110
124000136,897,776,121
124000137,1270,962,308
124000138,1464,1166,298
124000139,675,48,627
124000140,32,472,-440
124000141,235,11,224
124000142,32,154,-122
124000143,44,17,27
124000144,29,38,-9
124000145,195,37,158
124000146,49,61,-12
124000148,38,121,-83
124000149,1323,490,833
124000150,336,658,-322
124000151,1088,429,659
124000152,923,1275,-352
124000153,1324,855,469
124000154,812,703,109
124000155,1729,1059,670
124000156,1616,1191,425
124000169,225,575,-350
124000170,569,517,52
124000171,379,305,74
124000172,486,534,-48
124000173,579,216,363
124000174,426,605,-179
124000175,31,140,-109
124000176,109,30,79
124000177,9,26,-17
124000178,58,85,-27
124000190,127,78,49
124000191,142,182,-40
124000192,1448,423,1025
124000193,331,1021,-690
124000194,460,365,95
124000195,392,589,-197
124000196,872,794,78
124000197,43,67,-24
124000198,55,72,-17
124000201,411,757,-346
124000202,775,414,361
124000203,581,377,204
124000204,1021,246,775
124000205,122,319,-197
124000206,904,275,629
124000207,0,38,-38
124000209,252,279,-27
124000210,701,212,489
124000211,783,4,779
124000212,0,245,-245
124000213,620,214,406
124000214,527,361,166
124000215,514,40,474
124000216,3,275,-272
124000329,269,1030,-761
124000338,187,481,-294
124000339,1231,145,1086
124000341,1727,128,1599
124000344,83,52,31
124000357,1223,2346,-1123
124000358,901,1333,-432
124000359,1165,482,683
124000360,997,357,640
124000361,1799,856,943
124000362,889,1139,-250
124000363,241,280,-39
124000364,429,503,-74
124000365,516,810,-294
124000366,1033,762,271
124000367,101,423,-322
124000368,545,465,80
124000369,144,82,62
124000370,77,413,-336
124000402,25,14,11
124000403,138,21,117
124000404,22,122,-100
124000405,1269,1070,199
124000406,869,825,44
124000407,1,28,-27
124000411,11,294,-283
124000412,643,6,637
124000413,178,38,140
124000414,98,106,-8
124000415,67,65,2
124000416,141,155,-14
124000417,187,107,80
124000418,248,127,121
124000419,108,93,15
124000420,153,83,70
124000421,62,98,-36
124000422,21,22,-1
124000423,163,38,125
124000424,5,71,-66
124000425,53,28,25
124000426,13,46,-33
124000427,75,6,69
124000428,10,59,-49
124000429,114,54,60
124000430,788,454,334
124000431,270,509,-239
124000432,411,627,-216
124000439,3,5,-2
124000443,4,6,-2
124000445,192,1104,-912
124000446,832,180,652
124900001,624,371,253
124900002,222,217,5
124900003,1165,572,593
124900004,831,372,459
124900005,288,131,157
124900006,759,405,354
124900008,1179,609,570
124900009,255,461,-206
124900010,304,139,165
124900011,948,295,653
124900012,593,139,454
124900013,593,168,425
124900014,342,70,272
124900015,182,483,-301
124900016,84,115,-31
124900017,494,1735,-1241
124900018,74,8,66
124900020,156,88,68
124900021,459,70,389
124900022,105,18,87
124900024,371,23,348
124900026,150,53,97
124900027,161,571,-410
124900028,463,111,352
124900029,35,561,-526
124900030,5,115,-110
124900031,48,285,-237
124900032,197,287,-90
124900033,139,323,-184
124900034,4,120,-116
124900035,213,416,-203
124900036,0,44,-44
124900037,219,277,-58
124900038,308,213,95
124900039,3,87,-84
124900040,152,120,32
124900041,303,655,-352
124900042,120,4,116
124900043,547,721,-174
124900044,113,2,111
124900045,708,1008,-300
124900046,900,296,604
124900047,164,197,-33
124900048,198,80,118
124900050,139,214,-75
124900052,97,406,-309
124900053,216,295,-79
124900054,1124,540,584
124900055,1,220,-219
124900057,9,85,-76
124900060,97,193,-96
124900061,92,23,69
124900062,208,26,182
124900066,0,26,-26
124900067,8,106,-98
124900068,265,712,-447
124900070,86,39,47
124900072,155,24,131
124900074,533,194,339
124900075,317,182,135
124900076,31,1402,-1371
124900077,64,142,-78
124900078,101,12,89
124900079,419,235,184
124900080,313,437,-124
124900081,1131,288,843
124900082,344,586,-242
124900083,330,384,-54
124900084,1288,183,1105
124900085,815,667,148
124900086,92,1401,-1309
124900087,485,147,338
124900088,465,135,330
124900089,975,28,947
124900090,532,258,274
124900091,432,257,175
124900092,293,212,81
124900093,491,229,262
124900094,564,333,231
124900095,111,549,-438
124900096,577,349,228
124900097,429,87,342
124900098,161,279,-118
124900099,559,509,50
124900100,470,73,397
124900101,154,474,-320
124900102,261,35,226
124900103,132,157,-25
124900104,86,112,-26
124900105,122,67,55
124900106,490,91,399
124900107,198,27,171
124900108,132,108,24
124900109,76,105,-29
124900110,331,315,16
124900111,6,107,-101
124900112,82,450,-368
124900113,114,311,-197
124900114,167,158,9
124900115,78,50,28
124900116,313,277,36
124900117,315,247,68
124900118,239,419,-180
124900119,513,162,351
124900120,28,282,-254
124900121,110,508,-398
124900122,271,211,60
124900123,278,152,126
124900124,192,299,-107
129000186,132,63,69
204000001,40,11,29
204000002,5,8,-3
204000003,28,3,25
204000004,8,3,5
204000005,564,426,138
204000006,1281,1061,220
204000011,10,25,-15
204000012,49,71,-22
204000013,8,23,-15
204000019,675,409,266
204000020,758,531,227
204000021,1172,705,467
204000022,628,393,235
204000023,613,525,88
204000031,61,6,55
204000032,329,15,314
204000034,25,153,-128
204000035,1,3,-2
204000036,7,11,-4
204000037,0,13,-13
204000038,0,10,-10
204000039,8,22,-14
204000040,2,13,-11
204000041,16,31,-15
204000042,49,9,40
204000043,37,6,31
204000044,34,2,32
204000045,61,8,53
204000046,14,3,11
204000057,16,12,4
204000062,6,20,-14
204000068,23,199,-176
204000069,77,306,-229
204000070,75,65,10
204000080,51,56,-5
204000085,1881,1179,702
204000086,1803,1225,578
204000087,58,11,47
204000088,2,65,-63
204000090,19,273,-254
204000093,519,68,451
204000096,1051,928,123
204000097,605,13,592
204000099,1164,1363,-199
204000100,1544,1719,-175
204000105,1860,1151,709
204000110,529,788,-259
204000111,408,517,-109
204000112,626,722,-96
204000113,668,732,-64
204000114,1111,766,345
204000115,651,341,310
204000116,843,569,274
204000119,1899,2609,-710
204000132,769,351,418
204000133,971,192,779
204000134,234,86,148
204000135,580,62,518
204000136,703,166,537
204000138,435,493,-58
204000140,244,176,68
204000141,175,85,90
204000144,6,21,-15
204000145,587,60,527
204000146,27,342,-315
204000147,10,143,-133
204000148,196,18,178
204000154,4,3,1
204000155,2,12,-10
204000177,84,36,48
204000179,23,4,19
204000180,0,24,-24
204000222,4,16,-12
204000235,42,20,22
204000236,103,179,-76
204000238,31,21,10
204000240,386,81,305
204000263,466,693,-227
204000268,978,631,347
204000308,174,13,161
204000317,18,97,-79
204000322,12,40,-28
204000323,14,5,9
204000328,348,63,285
204000329,48,198,-150
204000330,212,20,192
204000331,33,84,-51
204010341,17,152,-135
205000001,733,1302,-569
205000013,13,73,-60
205000014,18,75,-57
205000015,31,162,-131
205000016,13,146,-133
205000017,25,87,-62
205000022,240,656,-416
205000025,876,887,-11
205000029,282,10,272
205000045,158,557,-399
205000046,124,407,-283
205000047,62,346,-284
205000048,364,612,-248
205000049,184,589,-405
205000050,476,253,223
205000059,0,141,-141
205000060,0,65,-65
205000061,3,131,-128
205000062,2,104,-102
205000063,33,106,-73
205000064,21,51,-30
205000065,62,410,-348
205000066,92,455,-363
205000067,24,568,-544
205000069,188,18,170
205000082,184,179,5
205000110,75,192,-117
205000111,216,188,28
205000112,211,258,-47
205000113,171,351,-180
205000121,333,71,262
205000123,41,230,-189
205000126,438,83,355
205000127,811,119,692
205000128,364,70,294
205000129,630,60,570
205000130,178,27,151
205000131,61,5,56
205000132,93,3,90
205000133,87,3,84
205000134,210,0,210
205000137,70,156,-86
205000138,183,292,-109
205000139,18,137,-119
205000144,101,87,14
205000145,413,166,247
205000151,193,36,157
205000152,247,20,227
205000153,266,20,246
205000154,161,31,130
205000155,139,14,125
205000207,7,139,-132
205000233,14,1,13
205000234,0,0,0
205000243,0,0,0
205000244,0,4,-4
205000245,21,131,-110
205000249,1,17,-16
205000250,12,3,9
205000264,7,103,-96
206000027,3,3,0
206000028,5,4,1
206000043,4,28,-24
206000053,1,7,-6
206000054,4,11,-7
206000055,5,20,-15
206000075,9,31,-22
206000076,24,19,5
206000077,39,13,26
206000078,24,17,7
206000079,20,7,13
206000082,426,92,334
206000100,34,309,-275
206000103,1,5,-4
206000104,26,29,-3
206000105,14,12,2
206000106,1,16,-15
206000108,614,47,567
206000125,97,0,97
206000157,43,462,-419
206000170,0,122,-122
206000171,4,164,-160
206000172,5,205,-200
206000173,1,142,-141
206000174,24,59,-35
206000175,2,52,-50
206000176,19,95,-76
206000177,1,84,-83
206000178,5,133,-128
206000179,5,67,-62
206000180,18,97,-79
206000181,11,101,-90
206000182,1,78,-77
206000183,5,248,-243
206000184,5,176,-171
206000185,7,89,-82
206000186,86,489,-403
206000223,3,149,-146
206000226,34,5,29
206000227,17,4,13
206000237,40,173,-133
206000238,21,285,-264
206000239,200,1305,-1105
206000240,0,41,-41
206000241,2,62,-60
206000242,3,107,-104
206000243,5,84,-79
206000244,36,295,-259
206000245,1037,63,974
206000246,330,22,308
206000247,422,13,409
206000248,590,15,575
206000252,83,40,43
206000258,31,31,0
206000315,72,8,64
206000317,669,97,572
206000318,691,84,607
206000319,2215,77,2138
206000320,311,43,268
206000321,306,17,289
206000322,810,22,788
206000323,277,10,267
206000324,305,5,300
206000325,277,22,255
206000326,262,19,243
206000327,146,12,134
206000328,232,2,230
206000329,381,11,370
206000330,81,9,72
206000331,312,3,309
206000332,64,2,62
206000333,891,6,885
206000334,398,5,393
206000335,0,15,-15
206000361,9,160,-151
206000392,1,10,-9
206000405,189,3,186
206000441,53,23,30
206000498,42,2,40
206000515,90,41,49
206000530,389,74,315
206000531,260,277,-17
206000532,1718,399,1319
206000535,161,1324,-1163
206000536,13,99,-86
206000537,29,146,-117
206000613,1916,261,1655
207000001,130,574,-444
207000002,163,305,-142
207000003,140,138,2
207000007,1201,258,943
207000008,181,4,177
207000009,87,53,34
207000010,402,250,152
207000012,491,229,262
207000015,205,745,-540
207000019,235,64,171
207000021,525,175,350
207000022,214,120,94
207000023,238,29,209
207000024,2,9,-7
207000025,23,43,-20
207000026,63,38,25
207000027,9,38,-29
207000028,28,121,-93
207000029,171,345,-174
207000033,190,427,-237
207000034,317,97,220
207000039,586,96,490
207000040,486,87,399
207000041,183,29,154
207000042,310,55,255
207000043,239,168,71
207000051,143,188,-45
207000052,21,124,-103
207000053,400,363,37
207000054,41,91,-50
207000055,186,101,85
207000056,355,247,108
207000057,137,243,-106
207000058,149,196,-47
207000059,67,331,-264
207000060,63,123,-60
207000061,231,557,-326
207000062,342,40,302
207000063,373,69,304
207000064,376,94,282
207000065,373,156,217
207000066,225,134,91
207000067,52,59,-7
207000068,144,56,88
207000069,665,302,363
207000082,4,135,-131
207000083,79,179,-100
207000084,344,272,72
207000085,287,20,267
207000086,301,14,287
207000106,48,23,25
207000107,93,21,72
207000108,117,20,97
207000109,89,24,65
207000110,78,73,5
207000111,124,93,31
207000112,181,741,-560
207000114,28,28,0
207000115,37,75,-38
207000116,41,373,-332
207000117,10,75,-65
207000118,8,40,-32
207000119,50,62,-12
207000123,212,29,183
207000124,78,41,37
207000125,84,54,30
207000126,86,55,31
207000134,114,125,-11
207000135,28,161,-133
207000148,116,304,-188
207000149,53,45,8
207000152,103,340,-237
207000153,604,1201,-597
207000154,291,134,157
207000159,119,115,4
207000160,158,256,-98
207000238,0,158,-158
207000242,12,111,-99
207000248,37,31,6
207000249,132,43,89
207000250,529,68,461
207000251,84,80,4
207000252,59,55,4
207000278,115,87,28
207000279,15,113,-98
207000280,802,73,729
207000281,132,488,-356
207000282,127,145,-18
207000283,39,234,-195
207000284,35,375,-340
207000285,76,75,1
207000291,15,100,-85
207000304,109,48,61
207000306,133,272,-139
207000310,90,79,11
207000353,292,1,291
207000356,10,71,-61
207000357,11,11,0
207000358,13,38,-25
207000415,11,132,-121
207000417,68,10,58
207000418,86,113,-27
207000438,0,1,-1
207000439,702,775,-73
207000446,198,6,192
207000460,41,7,34
207000466,160,92,68
207000467,364,124,240
207000468,48,184,-136
207000476,14,54,-40
207000477,877,91,786
207000478,1,206,-205
207000523,1,19,-18
207000524,65,0,65
207000527,128,136,-8
207000530,641,12,629
207000531,430,29,401
207000532,119,35,84
207000534,265,71,194
207000535,47,331,-284
207000537,18,66,-48
207000540,17,164,-147
207000541,9,254,-245
207000548,7,188,-181
207000549,392,25,367
207000561,173,282,-109
207000562,44,172,-128
207000567,150,184,-34
207000568,314,51,263
207000569,620,473,147
207000584,259,244,15
207000585,64,400,-336
207000616,0,69,-69
207000617,210,0,210
207900008,369,85,284
208000001,681,924,-243
208000002,698,402,296
208000003,1159,332,827
208000004,849,554,295
208000005,4,6,-2
208000019,712,949,-237
208000020,224,463,-239
208000021,289,278,11
208000022,930,507,423
208000028,1052,1250,-198
208000033,596,599,-3
208000034,1180,1184,-4
208000040,249,137,112
208000041,788,545,243
208000042,1067,703,364
208000047,166,138,28
208000064,2317,1420,897
208000066,1682,2659,-977
208000070,393,327,66
208000071,422,626,-204
208000072,399,1032,-633
208000080,280,267,13
208000081,402,107,295
208000082,383,170,213
208000083,141,276,-135
208000084,12,30,-18
208000085,597,416,181
208000086,441,788,-347
208000087,490,642,-152
208000089,1150,308,842
208000090,935,421,514
208000093,186,156,30
208000094,458,356,102
208000095,924,440,484
208000104,1111,744,367
208000105,782,864,-82
208000114,130,388,-258
208000115,575,330,245
208000116,591,993,-402
208000117,125,139,-14
208000118,116,160,-44
208000155,745,870,-125
208000158,1335,3504,-2169
208000186,3297,3988,-691
208000204,697,927,-230
208000205,1312,736,576
208000282,4191,2988,1203
209000004,455,192,263
209000005,57,38,19
209000006,481,148,333
209000007,285,283,2
209000010,364,98,266
209000011,161,180,-19
209000012,99,108,-9
209000013,260,189,71
209000014,397,647,-250
209000025,398,38,360
209000026,817,88,729
209000027,297,489,-192
209000028,447,373,74
209000029,341,504,-163
209000030,321,835,-514
209000031,1572,1275,297
209000034,217,216,1
209000035,141,156,-15
209000036,216,82,134
209000037,325,144,181
209000038,138,112,26
209000039,79,117,-38
209000040,372,459,-87
209000041,210,318,-108
209000042,319,307,12
209000043,908,677,231
209000044,307,689,-382
209000045,1201,440,761
209000046,588,468,120
209000047,442,200,242
209000048,568,431,137
209000049,74,60,14
209000050,157,88,69
209000051,189,142,47
209000052,152,132,20
209000062,82,53,29
209000063,60,38,22
209000064,32,48,-16
209000065,111,31,80
209000066,110,25,85
209000067,116,42,74
209000080,22,139,-117
209000082,98,40,58
209000091,20,87,-67
209000093,53,17,36
209000094,107,198,-91
209000110,59,168,-109
209000111,547,1600,-1053
209000112,1406,431,975
209000113,1893,360,1533
209000114,955,361,594
209000115,57,57,0
209000116,321,249,72
209000118,17,25,-8
209000119,13,9,4
209000121,93,362,-269
209000135,99,237,-138
209000142,712,1922,-1210
209000143,49,52,-3
209000144,43,92,-49
209000229,254,165,89
209000240,38,200,-162
209000259,52,75,-23
209000260,51,1020,-969
209000261,4,1020,-1016
209000262,5,533,-528
209000263,1,131,-130
209000264,0,264,-264
209000265,416,0,416
209000266,135,0,135
209000267,1725,7,1718
209000268,741,89,652
210000037,73,40,33
210000047,98,21,77
210000048,117,19,98
210000049,83,8,75
210000052,82,56,26
210000053,46,46,0
210000054,56,53,3
210000070,147,7,140
210000071,97,1,96
210000072,44,0,44
210000073,2,25,-23
210000074,0,69,-69
210000075,4,81,-77
210000076,21,133,-112
210000077,6,31,-25
210000078,18,48,-30
210000079,18,7,11
210000080,54,71,-17
210000081,183,31,152
210000082,105,4,101
210000083,73,1,72
210000084,88,2,86
210000085,1,47,-46
210000086,1,101,-100
210000099,53,176,-123
210000100,49,129,-80
210000101,54,110,-56
210000105,62,209,-147
210000159,0,188,-188
210000163,136,187,-51
210000164,265,247,18
210000168,77,30,47
210000187,0,19,-19
210000188,0,11,-11
210000214,23,0,23
210000219,51,62,-11
210000220,119,38,81
210000232,2,20,-18
210000233,39,42,-3
210000234,32,109,-77
210000235,71,82,-11
210000245,2,34,-32
210000246,33,1,32
210000258,14,112,-98
210000259,395,77,318
210000282,85,165,-80
210000285,2,128,-126
210000286,31,140,-109
210000290,1,19,-18
210000295,42,114,-72
210000296,54,44,10
210000320,230,64,166
210000321,141,49,92
210000338,37,61,-24
210000339,230,1140,-910
210000340,106,322,-216
210000341,199,240,-41
210000342,267,154,113
210000343,188,133,55
210000344,132,75,57
210000345,127,233,-106
210000346,73,137,-64
210000347,55,42,13
210000348,130,36,94
210000349,57,45,12
210000350,149,59,90
210000351,175,106,69
210000352,67,47,20
210000353,55,82,-27
210000354,66,40,26
210000355,56,57,-1
210000356,18,40,-22
210000357,40,46,-6
210000358,181,128,53
210000359,65,83,-18
210000360,138,125,13
210000361,161,147,14
210000362,285,169,116
210000363,514,236,278
210000364,92,176,-84
210000365,150,84,66
210000366,156,52,104
210000367,120,35,85
210000368,192,54,138
210000369,10,21,-11
210000370,56,32,24
210000372,25,24,1
210000373,19,10,9
210000374,58,20,38
210000375,43,40,3
210000376,50,80,-30
210000404,65,97,-32
210000439,44,31,13
210000472,79,3,76
210000482,98,109,-11
210000564,213,329,-116
210000567,0,29,-29
210000568,281,1,280
211000092,54,32,22
211000094,31,7,24
211000169,227,28,199
211000172,14,113,-99
211000209,0,21,-21
211000226,17,7,10
211000270,23,6,17
211000275,28,10,18
211000276,85,27,58
211000279,26,22,4
211000281,144,26,118
211507980,5,61,-56
211977296,49,3,46
212000003,118,40,78
212000004,24,43,-19
212000005,12,18,-6
212000006,34,35,-1
212000008,154,89,65
212000009,30,59,-29
212000012,89,87,2
212000013,32,49,-17
212000014,297,149,148
212000015,333,212,121
212000016,524,450,74
212000027,585,292,293
212000028,323,276,47
212000029,222,181,41
212000030,35,24,11
212000031,68,36,32
212000048,23,162,-139
212000049,15,159,-144
212000050,17,14,3
212000051,197,144,53
212000052,177,198,-21
212000053,367,341,26
212000054,314,70,244
212000055,316,114,202
212000056,36,27,9
212000057,7,18,-11
212000058,115,33,82
212000070,119,171,-52
212000077,117,353,-236
212000099,289,235,54
212000108,201,133,68
212000111,240,76,164
212000120,83,44,39
212000138,195,30,165
212000156,2,69,-67
212000158,9,18,-9
212000159,531,32,499
212000160,751,184,567
212000161,88,12,76
212000310,45,12,33
212000311,28,47,-19
212000374,29,14,15
213000001,50,348,-298
213000005,588,165,423
213000006,1152,305,847
213000007,113,7,106
213000009,608,583,25
213000010,232,304,-72
213000011,214,116,98
213000012,155,257,-102
213000014,112,19,93
213000015,337,11,326
213000016,531,2,529
213000017,94,0,94
213000018,1,144,-143
213000019,3,126,-123
213000020,121,340,-219
213000021,5,134,-129
213000023,432,183,249
213000033,467,1631,-1164
213000034,758,296,462
213000035,121,144,-23
213000045,238,267,-29
213000046,206,176,30
213000047,577,1242,-665
213000056,79,33,46
213000069,79,9,70
213000073,2,78,-76
213000074,85,336,-251
213000075,657,7,650
213000076,36,6,30
213000085,17,47,-30
213000086,25,140,-115
213000091,279,20,259
213000092,115,16,99
213000099,172,1102,-930
213000100,1228,294,934
213000101,564,151,413
213000102,684,250,434
213000103,1093,839,254
213000104,79,349,-270
213000105,11,189,-178
213000106,19,116,-97
213000107,161,385,-224
213000108,40,360,-320
213000109,20,164,-144
213000110,44,55,-11
213000111,9,63,-54
213000112,136,130,6
213000115,107,13,94
213000116,64,350,-286
213000117,8,561,-553
213000118,540,235,305
213000119,78,504,-426
213000120,94,414,-320
213000122,95,487,-392
213000123,380,960,-580
213000124,138,1248,-1110
213000125,189,30,159
213000126,94,155,-61
213000127,126,290,-164
213000128,436,1185,-749
213000129,448,819,-371
213000130,885,303,582
213000132,662,85,577
213000133,790,148,642
213000134,1026,28,998
213000136,547,23,524
213000137,815,85,730
213000139,166,26,140
213000147,73,7,66
213000148,29,12,17
213000149,49,8,41
213000150,1,115,-114
213000151,0,120,-120
213000152,6,86,-80
213000153,2,91,-89
213000154,53,480,-427
213000155,93,213,-120
213000156,188,362,-174
213000157,792,321,471
213000158,469,915,-446
213000159,701,433,268
213000163,1228,209,1019
213000165,1120,379,741
213000171,0,63,-63
213000172,1,185,-184
213000173,6,168,-162
213000174,1,92,-91
213000175,20,70,-50
213000176,76,38,38
213000177,121,5,116
213000178,205,10,195
213000179,272,5,267
213000180,275,1,274
213000184,97,479,-382
213000188,515,117,398
213000189,504,61,443
213000190,1088,737,351
213000191,571,339,232
213000192,319,296,23
213000193,626,295,331
213000194,1,89,-88
213000195,29,286,-257
213000196,334,1155,-821
213000197,512,466,46
213000198,58,4,54
213000200,169,722,-553
213000201,42,60,-18
213000202,20,486,-466
213000203,2932,681,2251
213000204,786,45,741
213000205,439,65,374
213000206,477,63,414
213000207,91,22,69
213000208,84,2,82
213000209,178,3,175
213000210,278,3,275
213000211,8,16,-8
213000212,9,26,-17
213000213,33,53,-20
213000218,266,324,-58
213000219,690,16,674
213000220,609,13,596
213000223,207,221,-14
213000224,49,52,-3
213000225,151,14,137
213000226,81,12,69
213000227,994,183,811
213000228,390,77,313
213000229,132,36,96
213000230,485,24,461
213000232,67,961,-894
213000233,11,945,-934
213000234,13,49,-36
213000293,20,73,-53
213000294,116,25,91
213000295,12,98,-86
213000296,49,15,34
213000297,12,67,-55
213000298,18,66,-48
213000299,54,31,23
213000300,6,6,0
213000303,3,22,-19
213000304,0,7,-7
213000305,3,17,-14
213000306,43,34,9
213000307,108,66,42
213000308,117,213,-96
213000309,221,62,159
213000310,512,171,341
213000311,257,759,-502
213000315,96,77,19
213000316,230,67,163
213000322,102,111,-9
213000323,110,64,46
213000324,93,38,55
213000325,72,67,5
213000326,73,27,46
213000327,110,38,72
213000328,46,104,-58
213000329,136,21,115
213000340,140,387,-247
213000341,713,112,601
213000346,342,399,-57
213000347,672,610,62
213000348,14,187,-173
213000349,32,20,12
213000350,314,827,-513
213000366,69,240,-171
213000367,326,34,292
213000379,61,73,-12
213000386,14,322,-308
213000406,86,465,-379
213000417,1464,423,1041
213000425,284,30,254
213000426,176,52,124
213000427,65,157,-92
213000428,51,128,-77
213000429,6,3,3
213000430,134,504,-370
213000431,25,4,21
213000432,2,45,-43
213000433,32,126,-94
213000434,109,94,15
213000435,165,86,79
213000436,39,88,-49
213000437,2,4,-2
213000438,181,74,107
213000439,50,9,41
213000440,7,250,-243
213000441,0,0,0
213000442,1,29,-28
213000443,367,282,85
213000444,50,31,19
213000445,0,75,-75
213000446,2,52,-50
213000447,6,57,-51
213000448,14,127,-113
213000449,637,11,626
213000450,28,43,-15
213000451,314,91,223
213000452,13,21,-8
213000453,35,206,-171
213000455,365,16,349
213000456,2,378,-376
213000481,2,17,-15
213000482,48,8,40
213000489,367,76,291
213000491,2,141,-139
213000492,181,1,180
213000493,0,151,-151
213000494,366,145,221
213000495,0,62,-62
213000496,492,190,302
213000497,41,232,-191
213000498,182,151,31
213000499,318,379,-61
213000500,725,83,642
213000501,170,54,116
213000502,245,199,46
213000503,1,60,-59
213000504,22,82,-60
213000505,21,4,17
213000506,0,12,-12
213000507,9,83,-74
213900016,0,16,-16
213900244,74,0,74
213900245,0,19,-19
218000003,13,30,-17
218000004,28,38,-10
218000005,39,44,-5
218000006,44,22,22
218000007,37,9,28
218000012,132,145,-13
218000013,140,116,24
218000014,382,337,45
218000019,692,459,233
218000020,352,365,-13
218000021,42,32,10
218000022,17,14,3
218000023,4,8,-4
218000024,1,5,-4
218000025,8,11,-3
218000026,8,33,-25
218000027,3,8,-5
218000028,4,6,-2
218000029,2,1,1
218000030,9,17,-8
218000031,9,9,0
218000032,0,19,-19
218000040,7,6,1
218000046,29,63,-34
218000047,28,94,-66
218000048,67,69,-2
218000049,76,84,-8
218000050,369,158,211
218000051,85,188,-103
218000052,0,75,-75
218000053,2,7,-5
218000054,11,83,-72
218000055,23,19,4
218000056,7,41,-34
218000057,4,39,-35
218000064,10,13,-3
218000065,103,29,74
218000066,13,32,-19
218000067,68,55,13
218000068,184,84,100
218000069,301,102,199
218000070,288,182,106
218000071,244,130,114
218000072,239,158,81
218000078,883,482,401
218000079,118,82,36
218000080,157,68,89
218000081,559,215,344
218000082,70,106,-36
218000083,91,50,41
218000084,181,82,99
218000085,175,274,-99
218000086,99,81,18
218000087,153,116,37
218000090,10,88,-78
218000091,1003,420,583
218000092,117,95,22
218000093,86,42,44
218000094,378,318,60
218000099,297,608,-311
218000100,296,245,51
218000101,347,111,236
218000102,453,139,314
218000103,139,119,20
218000104,84,35,49
218000105,30,14,16
218000106,16,12,4
218000107,46,36,10
218000108,3,28,-25
218000112,37,22,15
218000117,54,31,23
218000134,558,397,161
218000135,26,67,-41
218000136,190,114,76
218000137,181,105,76
218000138,55,85,-30
218000139,176,284,-108
218000140,493,212,281
218000141,83,68,15
218000142,214,126,88
218000143,138,327,-189
218000144,41,85,-44
218000145,408,357,51
218000146,110,170,-60
218000151,17,13,4
218000152,101,36,65
218000153,4,10,-6
218000154,13,8,5
218000155,18,3,15
218000156,63,16,47
218000157,41,11,30
218000158,8,12,-4
218000159,1,1,0
218000160,6,5,1
218000161,41,1,40
218000162,41,3,38
218000163,10,4,6
218000164,69,11,58
218000165,65,21,44
218000170,4,35,-31
218000171,26,5,21
218000172,10,10,0
218000173,15,7,8
218000174,22,4,18
218000176,171,26,145
218000177,252,129,123
218000178,38,187,-149
218000179,74,58,16
218000180,55,27,28
218000181,125,48,77
218000187,11,32,-21
218000188,23,46,-23
218000189,19,48,-29
218000190,23,14,9
218000191,165,41,124
218000192,248,165,83
218000193,428,195,233
218000194,103,220,-117
218000195,151,48,103
218000196,454,208,246
218000197,562,207,355
218000198,20,65,-45
218000199,68,27,41
218000200,96,32,64
218000201,13,8,5
218000202,55,259,-204
218000207,1,13,-12
218000208,25,18,7
218000211,43,22,21
218000212,2,12,-10
218000213,85,86,-1
218000214,3,40,-37
218000215,31,38,-7
218000217,2,51,-49
218000218,164,72,92
218000219,24,16,8
218000220,51,355,-304
218000221,543,133,410
218000222,4,51,-47
218000223,28,394,-366
218000224,7,157,-150
218000225,158,20,138
218000226,128,60,68
218000230,0,3,-3
218000232,50,48,2
218000239,109,14,95
218000240,9,2,7
218000241,36,1,35
218000242,51,7,44
218000243,39,6,33
218000244,72,8,64
218000245,21,2,19
218000246,0,2,-2
218000247,2,0,2
218000248,0,24,-24
218000249,4,6,-2
218000250,2,47,-45
218000251,4,53,-49
218000252,2,173,-171
218000253,3,154,-151
218000254,1,38,-37
218000255,2,31,-29
218000256,14,105,-91
218000267,287,803,-516
218000268,10,34,-24
218000269,2,12,-10
218000270,97,28,69
218000271,12,38,-26
218000273,39,1,38
218000274,16,0,16
218000275,31,39,-8
218000276,20,13,7
218000278,15,37,-22
218000279,97,34,63
218000280,6,23,-17
218000281,15,10,5
218000282,439,532,-93
218000284,68,4,64
218000301,128,131,-3
218000302,130,36,94
218000303,26,34,-8
218000316,758,796,-38
218000317,1362,670,692
218000318,867,484,383
218000319,1082,586,496
218000320,847,397,450
218000338,42,28,14
218000345,84,64,20
218000346,30,136,-106
218000459,32,195,-163
218000490,20,46,-26
218000501,114,37,77
218000502,45,62,-17
218000503,109,23,86
218000504,136,33,103
218000505,46,142,-96
218000506,44,215,-171
218000508,4,22,-18
218000510,159,17,142
218000520,133,89,44
218000521,4,30,-26
218000522,2,120,-118
218000523,112,1,111
218000524,34,296,-262
218000525,105,17,88
218000526,24,184,-160
218000529,46,74,-28
218000530,16,8,8
218000531,15,21,-6
218000532,27,13,14
218000534,202,12,190
218000537,20,47,-27
218000538,103,248,-145
218000540,126,84,42
218000543,235,63,172
218000544,24,83,-59
218000545,76,71,5
218000546,54,46,8
218000547,113,164,-51
218000548,133,83,50
218000549,475,632,-157
218000550,204,193,11
218000551,87,955,-868
218000552,256,87,169
218000553,35,94,-59
218000554,13,28,-15
218000555,35,60,-25
218000556,109,142,-33
218000557,329,81,248
218000558,43,0,43
218000559,0,35,-35
218000560,0,38,-38
218000561,21,0,21
218000562,36,129,-93
218000563,180,10,170
218000564,9,105,-96
218000565,143,30,113
218000566,221,52,169
218000567,7,77,-70
218000568,54,6,48
218000569,9,251,-242
218000570,142,9,133
218000571,7,86,-79
218000572,105,1,104
218000573,3,251,-248
218000574,88,26,62
218000575,122,0,122
218000576,3,56,-53
218000577,115,2,113
218000578,0,101,-101
218000579,21,9,12
218000581,4,26,-22
218000582,36,3,33
218000583,14,0,14
218000584,1,18,-17
218000585,40,6,34
218000586,10,29,-19
218000587,4,0,4
218000588,4,6,-2
218000589,1,4,-3
218000590,1,0,1
218000591,4,5,-1
218000592,23,0,23
218000593,0,0,0
218000594,0,1,-1
218000595,0,0,0
218000596,0,0,0
218000597,1,0,1
218000598,1,0,1
218000599,2,1,1
218000600,0,3,-3
218000601,0,0,0
218000602,0,3,-3
218000603,0,2,-2
218000604,3,0,3
218000605,0,35,-35
218000606,65,1,64
218000607,12,37,-25
218000608,66,16,50
218000609,18,41,-23
218000610,83,14,69
218000611,33,1,32
218000612,0,38,-38
218000613,47,2,45
218000614,1,46,-45
218000615,160,4,156
218000616,2,99,-97
218000617,7,1,6
218000618,2,24,-22
218000619,59,33,26
218000620,22,37,-15
218000621,0,8,-8
218000622,0,13,-13
218000623,80,1,79
218000624,2,9,-7
218000625,4,0,4
218000626,1,14,-13
218000628,173,36,137
218000631,21,10,11
218000632,4,94,-90
218000633,132,1,131
218000634,1,13,-12
218000635,23,7,16
218000636,762,693,69
218000637,1117,390,727
218000638,197,22,175
218000639,23,74,-51
218000640,303,16,287
218000641,45,190,-145
218000652,42,42,0
218000653,140,45,95
218000663,2,90,-88
218000675,23,45,-22
218000676,0,14,-14
218000677,15,2,13
218000680,140,323,-183
218000681,371,144,227
218000691,170,132,38
218000693,334,100,234
218000703,5,21,-16
218000718,232,1518,-1286
218000719,385,1107,-722
218000720,19,206,-187
218000721,107,25,82
218000725,10,7,3
218001214,10,43,-33
218001258,11,2,9
218001329,120,77,43
218001330,68,50,18
218001351,46,10,36
218001352,9,8,1
218001353,17,1,16
218001354,2,9,-7
218001355,91,3,88
218001356,176,7,169
218001357,75,5,70
218001358,119,1,118
218001361,62,3,59
219000001,51,46,5
219000002,38,49,-11
219000003,57,39,18
219000004,70,47,23
219000017,86,62,24
219000020,131,49,82
219000022,160,9,151
219000023,90,0,90
219000029,5,44,-39
219000034,32,18,14
219000039,96,118,-22
219000040,52,73,-21
219000041,149,39,110
219000051,0,39,-39
219000052,0,19,-19
219000053,3,85,-82
219000054,23,62,-39
219000055,288,5,283
219000056,15,2,13
219000057,70,6,64
219000062,21,61,-40
219000063,66,6,60
219000064,2,49,-47
219000110,388,106,282
219000111,197,43,154
219000112,242,46,196
219000113,194,43,151
219000114,225,76,149
219000116,124,62,62
219000117,129,45,84
219000118,144,36,108
219000123,179,77,102
219000124,87,50,37
219000125,18,14,4
219000126,51,107,-56
219000127,0,6,-6
219000128,9,109,-100
219000129,33,88,-55
219000130,275,431,-156
219000131,534,812,-278
219000133,36,53,-17
219000134,14,22,-8
219000135,27,66,-39
219000136,84,187,-103
219000138,82,36,46
219000139,31,37,-6
219000140,86,3,83
219000141,46,68,-22
219000142,19,51,-32
219000143,12,57,-45
219000145,31,50,-19
219000146,10,16,-6
219000147,3,22,-19
219000148,10,19,-9
219000149,8,62,-54
219000150,3,28,-25
219000151,7,14,-7
219000157,218,140,78
219000158,155,203,-48
219000161,138,10,128
219000163,1081,519,562
219000166,109,173,-64
219000167,94,152,-58
219000168,299,123,176
219000174,456,179,277
219000175,104,3,101
219000176,163,10,153
219000177,76,1,75
219000178,94,1,93
219000179,35,8,27
219000180,37,58,-21
219000182,116,22,94
219000183,61,34,27
219000184,95,32,63
219000185,2,46,-44
219000186,79,18,61
219000187,51,86,-35
219000189,42,147,-105
219000190,63,184,-121
219000191,378,1244,-866
219000192,173,105,68
219000193,167,119,48
219000195,4,52,-48
219000196,5,69,-64
219000198,39,78,-39
219000199,70,186,-116
219000200,36,122,-86
219000201,34,126,-92
219000203,26,85,-59
219000204,66,254,-188
219000205,46,178,-132
219000207,151,233,-82
219000209,30,57,-27
219000210,43,118,-75
219000213,3,124,-121
219000239,197,156,41
219000240,254,255,-1
219000241,143,94,49
219000242,46,96,-50
219000243,60,178,-118
219000244,4,68,-64
219000245,15,33,-18
219000246,40,27,13
219000247,190,28,162
219000248,427,392,35
219000249,153,102,51
219000250,128,98,30
219000251,674,237,437
219000252,183,179,4
219000253,476,107,369
219000255,164,99,65
219000256,245,66,179
219000257,109,0,109
219000262,68,89,-21
219000263,63,91,-28
219000267,5,49,-44
219000268,4,6,-2
219000269,2,2,0
219000270,5,0,5
219000271,129,9,120
219000278,1,7,-6
219000279,5,4,1
219000283,0,10,-10
219000295,18,81,-63
219000296,80,300,-220
219000297,16,78,-62
219000298,20,89,-69
219000299,505,67,438
219000300,29,126,-97
219000301,176,309,-133
219000302,30,196,-166
219000307,31,29,2
219000308,56,26,30
219000311,233,75,158
219000312,633,124,509
219000313,416,47,369
219000314,66,227,-161
219000315,327,32,295
219000316,684,71,613
219000317,145,14,131
219000320,2,41,-39
219000321,0,12,-12
219000323,4,64,-60
219000325,2,7,-5
219000326,75,46,29
219000327,75,27,48
219000328,35,55,-20
219000329,295,128,167
219000330,49,40,9
219000331,77,51,26
219000332,178,94,84
219000333,38,5,33
219000335,95,0,95
219000337,32,1,31
219000338,34,3,31
219000344,19,50,-31
219000345,47,48,-1
219000346,61,73,-12
219000348,142,68,74
219000349,36,119,-83
219000350,88,253,-165
219000351,3,10,-7
219000352,377,88,289
219000353,120,59,61
219000354,235,66,169
219000355,167,60,107
219000356,784,1417,-633
219000363,206,46,160
219000364,80,40,40
219000365,116,24,92
219000366,216,305,-89
219000368,311,573,-262
219000370,793,674,119
219000371,7,34,-27
219000382,13,25,-12
219000383,339,1155,-816
219000385,373,405,-32
219000386,535,1446,-911
219000387,4,15,-11
219000390,1,0,1
219000391,1,2,-1
219000397,81,41,40
219000398,81,40,41
219000401,11,84,-73
219000402,37,69,-32
219000403,139,207,-68
219000404,21,113,-92
219000407,3,34,-31
219000409,63,48,15
219000410,105,56,49
219000411,56,16,40
219000446,123,366,-243
219000447,0,21,-21
219000448,11,5,6
219000452,123,57,66
219000453,46,160,-114
219000454,194,307,-113
219000556,288,86,202
219000558,103,79,24
219000590,44,123,-79
219000591,149,75,74
219000592,101,201,-100
219000595,2,17,-15
219000635,233,39,194
219000636,26,59,-33
219000657,41,36,5
219000658,75,158,-83
219000673,1,41,-40
219000676,42,16,26
219000679,51,10,41
219000684,84,4,80
219000685,0,26,-26
219000686,1,8,-7
219000688,0,49,-49
219000689,34,162,-128
219000690,152,25,127
219000691,58,185,-127
219000692,156,37,119
219000693,5,12,-7
219000694,11,0,11
219000695,38,3,35
219000698,9,0,9
219000699,0,24,-24
219000727,1,54,-53
219000728,68,0,68
219000770,40,0,40
219000771,1,27,-26
219000788,195,198,-3
219001150,5,23,-18
219001151,0,7,-7
219001166,27,62,-35
219001167,3,67,-64
219001178,64,2,62
220000001,40,77,-37
220000002,10,86,-76
220000003,285,173,112
220000004,364,341,23
220000005,796,1468,-672
220000006,141,653,-512
220000007,391,308,83
220000008,324,485,-161
220000009,223,253,-30
220000010,128,89,39
220000011,385,2791,-2406
220000012,85,295,-210
220000014,101,46,55
220000015,51,217,-166
220000017,81,216,-135
220000018,3611,1926,1685
220000019,68,281,-213
220000020,330,192,138
220000021,640,176,464
220000022,835,373,462
220000023,265,168,97
220000024,1763,390,1373
220000025,890,1180,-290
220000026,334,412,-78
220000027,27,111,-84
220000028,49,61,-12
220000029,34,90,-56
220000030,71,60,11
220000031,661,308,353
220000064,29,835,-806
221000046,5,0,5
221000047,0,0,0
221000048,0,6,-6
221000049,0,4,-4
221000050,15,0,15
221000055,24,38,-14
221000057,68,5,63
221000068,351,158,193
221000069,354,70,284
221000070,276,33,243
221000071,127,8,119
221000072,207,14,193
221000073,135,48,87
221000074,1,21,-20
221000075,18,32,-14
221000076,11,22,-11
221000077,22,83,-61
221000081,18,6,12
221000082,71,4,67
221000083,14,3,11
221000084,5,0,5
221000085,12,41,-29
221000086,12,73,-61
221000087,4,95,-91
221000088,14,115,-101
221000089,41,208,-167
221000090,110,482,-372
221000098,94,17,77
221000099,249,16,233
221000100,86,17,69
221000101,190,22,168
221000102,147,15,132
221000109,8,91,-83
221000110,14,69,-55
221000111,26,115,-89
221000112,12,115,-103
221000113,17,109,-92
221000114,9,110,-101
221000120,29,29,0
221000121,2,46,-44
221000122,61,40,21
221000123,14,7,7
221000124,15,96,-81
221000155,117,14,103
221000156,50,20,30
221000175,3,6,-3
221000176,0,5,-5
221000182,41,3,38
221000241,468,276,192
221000242,200,322,-122
221000243,380,180,200
221000244,295,303,-8
221000245,57,70,-13
221000246,72,194,-122
221000247,88,92,-4
221000248,125,69,56
221000267,76,612,-536
221000325,61,67,-6
221000331,9,40,-31
221000338,13,42,-29
221000378,271,36,235
221000381,57,43,14
222000282,8,0,8
222000296,3,17,-14
222000568,305,29,276
222000569,190,63,127
222000570,156,27,129
222000571,358,29,329
222000577,29,102,-73
222000578,45,116,-71
222000579,40,109,-69
222000580,92,624,-532
222000599,0,85,-85
222000600,2,148,-146
222000601,12,651,-639
222000603,14,44,-30
222000604,3,62,-59
222000605,27,34,-7
222000606,3,14,-11
222000607,5,6,-1
222000608,20,22,-2
222000609,62,91,-29
222000616,443,32,411
222000617,8,24,-16
222000618,5,7,-2
222000620,13,15,-2
222000621,41,11,30
222000623,540,2,538
222000624,390,4,386
222000625,683,12,671
222000636,42,1,41
222000686,31,29,2
222000687,53,17,36
222001066,414,8,406
222001067,44,2,42
222001068,67,45,22
222001069,55,36,19
222001082,31,33,-2
222001083,36,38,-2
222001084,0,24,-24
222001085,0,267,-267
222001111,85,87,-2
222001112,146,53,93
222001313,34,5,29
222001314,11,97,-86
222001464,70,32,38
222001465,10,53,-43
222001484,123,42,81
222001485,20,46,-26
222001494,670,130,540
222001495,96,138,-42
222001496,375,68,307
222001497,53,207,-154
222001502,20,93,-73
222001503,162,52,110
222001504,49,280,-231
222001505,461,26,435
222001506,61,336,-275
222001507,378,29,349
222001510,676,55,621
222001511,61,253,-192
222001514,838,234,604
222001515,237,342,-105
222001518,426,93,333
222001519,52,124,-72
222001527,214,57,157
222001528,78,101,-23
222001529,367,42,325
222001530,82,141,-59
222001533,120,248,-128
222001534,438,51,387
222001535,256,250,6
222001536,73,111,-38
222001537,505,70,435
222001538,82,368,-286
222001563,861,119,742
222001564,59,314,-255
222001568,208,230,-22
222001576,0,8,-8
222001579,1,27,-26
222001583,20,94,-74
222001584,140,15,125
222001596,654,1359,-705
222001597,1853,447,1406
222001626,0,73,-73
222001650,92,242,-150
222001651,145,715,-570
222001914,282,99,183
222001915,85,128,-43
222001968,557,270,287
222001969,386,431,-45
222001970,162,154,8
222001971,47,18,29
222001972,11,21,-10
225000001,398,128,270
225000002,590,122,468
225000003,606,84,522
225000004,345,178,167
225000005,79,66,13
225000006,0,100,-100
225000007,975,990,-15
225000010,291,18,273
225000011,331,941,-610
225000012,201,519,-318
225000013,95,88,7
225000014,728,90,638
225000015,57,120,-63
225000021,630,149,481
225000027,171,379,-208
225000032,590,143,447
225000042,68,477,-409
225000049,23,46,-23
225000050,96,11,85
225000053,1,176,-175
225000058,551,152,399
225000067,161,88,73
225000068,108,173,-65
225000069,120,280,-160
225000070,81,272,-191
225000071,57,147,-90
225000075,19,577,-558
225000076,51,103,-52
225000078,80,37,43
225000085,81,82,-1
225000086,315,100,215
225000087,194,21,173
225000088,5,136,-131
225000089,220,1016,-796
225000090,96,418,-322
225000091,228,118,110
225000092,45,47,-2
225000093,154,160,-6
225000094,12,135,-123
225000095,236,240,-4
225000096,220,284,-64
225000098,758,247,511
225000099,369,127,242
225000100,363,103,260
225000104,178,304,-126
225000110,6,341,-335
225000111,158,600,-442
225000112,270,785,-515
225000113,193,433,-240
225000114,71,205,-134
225000115,890,486,404
225000116,715,175,540
225000117,651,230,421
225000118,938,217,721
225000119,272,91,181
225000120,668,23,645
225000121,212,26,186
225000123,473,12,461
225000125,434,123,311
225000126,434,130,304
225000127,490,1267,-777
225000128,434,743,-309
225000132,289,22,267
225000133,195,25,170
225000134,695,149,546
225000135,66,33,33
225000136,319,11,308
225000137,264,39,225
225000138,368,84,284
225000143,38,132,-94
225000144,0,186,-186
225000145,39,23,16
225000146,40,62,-22
225000147,23,140,-117
225000148,7,131,-124
225000149,45,350,-305
225000151,19,119,-100
225000155,333,235,98
225000156,127,657,-530
225000157,194,250,-56
225000158,52,175,-123
225000171,12,115,-103
225000180,31,1,30
225000181,0,35,-35
225000182,72,4,68
225000185,6,312,-306
225000187,48,296,-248
225000191,62,1,61
225000194,0,3,-3
225000208,3,45,-42
225000209,73,4,69
225000210,3,150,-147
225000217,0,12,-12
225000218,6,1,5
225000223,2,42,-40
225000224,60,0,60
225000225,0,22,-22
225000226,31,2,29
225000227,23,41,-18
225000228,12,3,9
225000229,0,49,-49
225000230,24,0,24
225000231,0,46,-46
225000232,160,0,160
225000241,48,0,48
225000242,0,33,-33
225000249,7,5,2
225000250,41,414,-373
225000251,350,26,324
225000254,10,7,3
225000256,1,38,-37
225000257,0,24,-24
226000042,259,305,-46
226000043,47,191,-144
226000044,135,292,-157
226000045,68,220,-152
226000046,415,86,329
226000047,351,75,276
226000048,350,87,263
226000049,279,143,136
226000070,0,24,-24
226000071,0,49,-49
226000072,0,6,-6
226000073,0,4,-4
226000074,0,10,-10
226000084,1,46,-45
226000085,2,9,-7
226000086,1,12,-11
226000087,0,14,-14
226000088,38,65,-27
226000090,206,96,110
226000091,24,52,-28
226000092,16,26,-10
226000093,17,0,17
226000094,4,4,0
226000095,5,2,3
226000105,23,1,22
226000106,6,0,6
226000107,12,1,11
226000108,15,0,15
226000109,109,0,109
226000124,123,57,66
226000134,706,391,315
226000135,1586,494,1092
226000136,641,405,236
226000137,2,166,-164
226000138,10,86,-76
226000139,3,20,-17
226000156,176,2,174
226000157,154,23,131
226000163,80,241,-161
226000202,8,172,-164
226000231,394,6,388
226000232,47,11,36
227000033,340,43,297
227000036,375,53,322
227000037,430,22,408
227000038,155,23,132
227000084,5,41,-36
227000085,1,27,-26
227000088,44,1,43
227000089,88,2,86
227000090,35,2,33
227000091,19,0,19
227000092,32,1,31
227000093,112,0,112
227000094,11,2,9
227000130,13,79,-66
227000131,17,126,-109
227000132,11,136,-125
227000133,10,102,-92
227000134,9,135,-126
227000152,0,4,-4
227000153,0,39,-39
227000154,0,18,-18
227000155,0,12,-12
227000156,2,10,-8
227000165,2,30,-28
227000196,415,169,246
227000199,464,264,200
227000230,12,245,-233
227000232,587,42,545
227000242,41,250,-209
227000243,469,72,397
227000245,10,218,-208
227000246,76,172,-96
227000247,433,52,381
227000248,110,30,80
227000249,12,63,-51
227000250,263,134,129
227000251,40,97,-57
227000252,21,127,-106
227000253,147,13,134
227000262,377,58,319
227000266,1381,25,1356
227000267,52,888,-836
227000282,5,101,-96
227000284,589,33,556
227000286,1,57,-56
227000287,11,72,-61
227000291,11,354,-343
227000296,170,274,-104
227000484,239,11,228
227000485,32,665,-633
227000655,228,8,220
227000656,581,58,523
227000657,139,6,133
227000661,278,16,262
229000265,11,33,-22
229000266,0,0,0
229000267,0,0,0
229000268,4,0,4
229000269,9,0,9
229000274,2,3,-1
229000275,1,4,-3
229000276,0,0,0
229000277,0,1,-1
229000278,0,1,-1
229000295,1,4,-3
229000296,8,15,-7
229000297,3,25,-22
229000298,4,132,-128
229000320,18,5,13
229000321,24,5,19
229000412,25,49,-24
229000414,23,39,-16
229000415,16,0,16
229000416,0,6,-6
229000417,1,9,-8
229000419,96,285,-189
229000440,325,48,277
229000442,19,8,11
229000443,4,2,2
229000444,3,26,-23
229000445,56,5,51
229000446,80,16,64
229000491,7,10,-3
229000492,19,42,-23
229000493,8,38,-30
229000494,56,0,56
229000495,161,11,150
229000496,65,0,65
229000507,0,80,-80
229000508,0,22,-22
229000509,0,53,-53
229000510,5,28,-23
229000511,8,37,-29
229000512,2,22,-20
229000513,3,8,-5
229000514,0,4,-4
229000517,2,4,-2
229000518,13,13,0
229000519,0,7,-7
229000520,9,27,-18
229000521,51,11,40
229000522,19,8,11
229000523,15,3,12
229000524,5,3,2
229000527,1,1,0
229000528,0,0,0
229000529,14,1,13
229000530,65,2,63
229000531,44,5,39
229000532,21,0,21
229000533,58,0,58
229000534,44,0,44
229000564,81,0,81
229000565,25,0,25
229000566,0,3,-3
229000567,1,27,-26
229000582,73,3,70
229000583,6,5,1
229000584,0,27,-27
229000585,0,65,-65
229000718,0,0,0
229000719,0,2,-2
229000720,0,8,-8
229000721,0,4,-4
229000722,0,4,-4
229000723,0,2,-2
229000724,0,0,0
229000725,0,3,-3
229000738,3,0,3
229000739,0,3,-3
229000740,3,0,3
229000741,19,0,19
229000742,14,0,14
229000743,4,0,4
229000744,3,0,3
229000745,0,0,0
229000746,17,0,17
229000847,41,0,41
229000848,20,0,20
229000849,95,3,92
229000851,48,1,47
229000854,0,4,-4
229000856,0,39,-39
229000857,0,16,-16
229000858,0,21,-21
229000919,26,54,-28
229000930,3,277,-274
229000937,92,18,74
229000966,57,27,30
229000981,32,28,4
229000985,16,24,-8
229000986,3,3,0
229000987,0,0,0
229000988,4,8,-4
229000989,6,5,1
229000990,0,3,-3
229000991,0,0,0
229000992,12,5,7
229000993,96,21,75
229000998,12,51,-39
229000999,65,7,58
229001034,2,30,-28
229001035,4,1,3
229001036,1,8,-7
229001037,36,8,28
229001038,0,0,0
229001039,3,0,3
229001040,0,3,-3
229001041,6,0,6
229001042,8,8,0
229001047,7,38,-31
229001050,21,44,-23
229001168,0,11,-11
229001200,16,2,14
229001338,3,16,-13
229001394,214,2,212
229001422,116,13,103
229001423,55,84,-29
229001431,80,63,17
229001432,29,77,-48
229001444,209,65,144
229001445,33,109,-76
229001479,18,1,17
229001503,199,60,139
229001504,124,111,13
229001505,84,25,59
229001506,66,82,-16
229001509,33,22,11
229001510,0,5,-5
229001545,84,4,80
229001546,12,79,-67
229001553,80,21,59
229001554,53,65,-12
229001630,42,2,40
229001631,12,18,-6
229001635,0,18,-18
229001636,7,1,6
229001658,2,117,-115
229001659,58,3,55
229001660,29,4,25
229001661,10,31,-21
229001662,20,1,19
229001663,0,15,-15
229002584,199,121,78
229002831,114,150,-36
229002841,13,12,1
229002842,27,17,10
229002843,66,10,56
229002844,31,41,-10
229002845,14,75,-61
229002846,38,11,27
229002847,1,12,-11
229002848,13,7,6
229002849,4,74,-70
229002850,7,3,4
229002851,44,135,-91
229002852,205,14,191
229002853,150,12,138
229002854,53,62,-9
229002855,8,20,-12
229002856,33,12,21
229002857,18,158,-140
229002858,15,5,10
229002859,18,116,-98
229002860,210,13,197
229002861,62,26,36
229002862,31,41,-10
229002863,33,8,25
229002864,35,14,21
229002865,13,15,-2
229002866,28,16,12
229002867,0,21,-21
229002868,3,24,-21
229002869,26,101,-75
229002870,95,10,85
235000066,337,78,259
235000067,88,103,-15
235000072,34,46,-12
235000073,114,301,-187
235000074,52,52,0
235000080,25,57,-32
235000081,114,78,36
235000082,177,28,149
235000083,342,61,281
235000084,38,43,-5
235000085,161,34,127
235000089,40,38,2
235000092,38,117,-79
235000093,4,6,-2
235000097,2,7,-5
235000098,85,14,71
235000099,48,26,22
235000116,61,21,40
235000117,453,13,440
235000133,9,504,-495
235000134,14,164,-150
235000206,15,7,8
235000207,1,2,-1
235000208,4,1,3
235000209,5,3,2
235000210,2,3,-1
235000212,5,20,-15
235000213,1,9,-8
235000220,4,2,2
235000221,26,17,9
235000238,10,98,-88
235000239,1,20,-19
235000242,278,716,-438
235000245,439,137,302
235000246,11,52,-41
235000284,15,195,-180
235000295,63,17,46
235000305,293,15,278
235000306,370,8,362
235000307,14,1,13
235000308,14,2,12
235000309,75,0,75
235000310,43,0,43
235000311,102,29,73
235000322,0,21,-21
235000323,0,32,-32
235000324,0,22,-22
235000325,1,16,-15
235000326,8,90,-82
235000351,11,83,-72
235000352,19,60,-41
235000353,4,37,-33
235000354,19,41,-22
235000355,27,66,-39
235000356,76,8,68
235000357,27,7,20
235000358,87,11,76
235000359,12,0,12
235000360,32,5,27
235000361,49,11,38
235000381,92,77,15
235000382,242,36,206
235000390,10,2,8
235000391,131,12,119
235000392,211,270,-59
235000393,135,159,-24
235000395,170,11,159
235000396,482,52,430
235000400,72,41,31
235000401,7,113,-106
235000405,90,189,-99
235000406,35,158,-123
235000407,28,55,-27
235000409,130,85,45
235000410,41,160,-119
235000411,7,49,-42
235000485,0,6,-6
235000486,11,1,10
235000549,125,76,49
235000550,113,104,9
235000599,166,33,133
235000600,11,18,-7
235000601,9,18,-9
235000602,131,41,90
235000614,0,3,-3
235000648,0,10,-10
235000649,62,2,60
235000685,1,1,0
235000815,19,61,-42
235000834,0,9,-9
235000855,45,35,10
235000862,17,94,-77
235000891,0,12,-12
235000892,13,3,10
235000901,86,84,2
235000907,5,11,-6
235001010,109,44,65
235001029,450,265,185
235001030,297,277,20
235001078,83,81,2
235001079,52,58,-6
235001147,1,35,-34
235001166,9,55,-46
235001167,67,43,24
235001169,32,334,-302
235001188,1,7,-6
235001189,10,0,10
235001197,7,18,-11
235001200,58,45,13
235001207,168,53,115
235001210,18,61,-43
235001215,22,80,-58
235001239,9,27,-18
235001244,0,8,-8
235016267,0,61,-61
277101746,0,0,0
277102712,4,0,4
277103813,0,0,0
277103898,0,2,-2
277104249,0,5,-5
277104250,0,3,-3
277104251,0,2,-2
277104252,0,0,0
990011530,1,186,-185
990014944,1,345,-344
990015176,42,0,42
990015618,1,96,-95
990016032,2,175,-173
990032570,2,324,-322
990070001,47,1,46
990070103,0,4,-4
990070601,1,45,-44
990070751,1166,3,1163
990070766,2,335,-333
990071180,460,147,313
990071343,23,1,22
990071387,0,16,-16
990071823,510,2,508
990072600,4,1224,-1220
990072964,2,283,-281
990073285,0,2,-2
990074393,1,564,-563
990074870,1647,11,1636
990075106,1580,33,1547
990075746,581,7,574
990076437,1707,11,1696
990076458,0,388,-388
997000007,618,4,614
997000041,0,255,-255
997000058,105,1,104
997000062,51,5,46
997000069,0,8,-8
997000070,0,25,-25
997000100,61,0,61
997000141,5,1790,-1785
997000198,0,694,-694
998000475,4,64,-60
998000736,0,128,-128
998000965,0,14,-14
998001031,0,54,-54
998001700,0,0,0
998001899,0,0,0
998001900,11,3,8
998003073,1180,6,1174
998101900,0,0,0
998102850,8,198,-190
998501927,964,1040,-76
998501929,72,3,69
998501930,93,1,92
998501931,108,6,102
998501932,14,12,2
998501933,80,0,80
998501937,39,9,30
998501944,11,0,11
998501950,0,0,0
998501970,78,6,72
998501971,0,60,-60
998501973,0,35,-35
998501974,1,166,-165
998501975,90,0,90
998501976,79,2,77
998501977,0,11,-11
998501978,19,1,18
998501979,0,11,-11
998501980,68,1,67
998501981,6,0,6
998501982,0,129,-129
998502006,0,0,0
998502024,0,6,-6
998502032,0,5,-5
998502062,12,0,12
998502063,0,0,0
998502173,5,0,5
998502269,1,6,-5
998601159,3,127,-124
998601292,0,28,-28
999033574,0,219,-219
999800001,69,12,57
999800002,0,6,-6
999800003,0,1,-1
999800004,0,2,-2
999800005,0,11,-11
