ID,insum,outsum,diff
100000001,96,51,45
100000002,1268,1932,-664
100000003,1264,2336,-1072
100000004,116,574,-458
100000005,1063,1530,-467
100000006,39,25,14
100000007,70,126,-56
100000008,0,0,0
100000009,3,30,-27
100000010,0,17,-17
100000011,36,3,33
100000012,0,0,0
100000013,0,0,0
100000014,0,0,0
100000015,209,275,-66
100000016,0,1,-1
100000017,0,0,0
100000018,144,75,69
100000019,138,281,-143
100000020,102,389,-287
100000021,1,0,1
100000022,102,252,-150
100000023,49,2,47
100000025,0,0,0
100000028,18,19,-1
100000029,0,0,0
100000030,0,0,0
100000031,236,711,-475
100000032,151,202,-51
100000033,97,127,-30
100000034,0,0,0
100000035,27,139,-112
100000036,20,81,-61
100000037,30,51,-21
100000038,273,108,165
100000039,100,25,75
100000040,0,10,-10
100000041,47,55,-8
100000042,79,65,14
100000043,30,43,-13
100000044,0,0,0
100000045,0,0,0
100000046,0,0,0
100000047,0,0,0
100000048,0,0,0
100000049,0,0,0
100000051,0,0,0
100000053,12,1,11
100000054,4,2,2
100000055,0,0,0
100000056,12,42,-30
100000057,189,61,128
100000058,0,0,0
100000059,1,1,0
100000060,85,57,28
100000061,123,74,49
100000062,102,92,10
100000063,128,62,66
100000064,161,13,148
100000065,25,5,20
100000066,12,4,8
100000067,8,15,-7
100000068,19,21,-2
100000069,12,28,-16
100000072,0,0,0
100000073,0,0,0
100000075,0,0,0
100000076,165,1078,-913
100000077,26,53,-27
100000078,22,178,-156
100000079,5,152,-147
100000080,1,28,-27
100000081,6,23,-17
100000102,259,1285,-1026
100000103,87,113,-26
100000104,72,162,-90
100000105,0,0,0
100000106,75,1295,-1220
100000107,13,377,-364
100000108,3,18,-15
100000109,85,38,47
100000116,110,50,60
100000117,1,83,-82
100000118,380,88,292
100000119,173,67,106
100000121,36,35,1
100000122,190,94,96
100000123,249,104,145
100000124,127,154,-27
100000125,52,82,-30
100000126,5,11,-6
100000127,3,9,-6
100000128,1,21,-20
100000129,19,30,-11
100000130,0,0,0
100000131,1,5,-4
100000132,24,140,-116
100000133,350,105,245
100000135,198,83,115
100000139,41,155,-114
100000140,0,0,0
100000142,124,49,75
100000143,0,0,0
100000144,0,0,0
100000147,345,1080,-735
100000150,1,23,-22
100000151,101,503,-402
100000153,0,0,0
100000154,0,0,0
100000155,0,48,-48
100000156,64,150,-86
100000157,300,101,199
100000158,48,73,-25
100000159,9,68,-59
100000165,58,8,50
100000169,0,0,0
100000174,0,0,0
100000179,1,17,-16
100000180,0,0,0
100000181,14,4,10
100000188,0,0,0
100000189,224,97,127
100000190,88,243,-155
100000191,18,152,-134
100000192,6,267,-261
100000193,37,37,0
100000330,0,0,0
100000355,49,4,45
100000362,170,111,59
100000363,1872,2456,-584
100000364,0,0,0
100000365,2923,1484,1439
100000366,557,382,175
100000367,2450,1649,801
100000368,74,77,-3
100000369,135,850,-715
100000370,0,22,-22
100000376,0,0,0
100000379,110,559,-449
100000380,776,1870,-1094
100000384,1256,2289,-1033
100000385,136,691,-555
100000386,561,1080,-519
100000387,265,1407,-1142
100000388,1472,1192,280
100000389,1199,2002,-803
100000390,687,374,313
100000391,775,1953,-1178
100000392,220,266,-46
100000393,131,930,-799
100000394,134,356,-222
100000395,146,179,-33
100000396,290,384,-94
100000397,452,662,-210
100000398,2054,935,1119
100900002,0,0,0
100900003,0,0,0
100900004,0,0,0
100900005,0,0,0
100900006,0,0,0
100900007,0,0,0
100900008,0,0,0
100900009,2,8,-6
100900010,0,0,0
100900011,0,0,0
100900012,0,0,0
100900013,0,0,0
100900014,0,0,0
100900015,0,0,0
100900016,0,0,0
100900017,0,0,0
100900018,0,0,0
100900019,0,0,0
100900020,0,0,0
100900021,0,0,0
100900022,0,0,0
100900023,0,0,0
100900024,0,0,0
100900025,0,0,0
100900026,0,0,0
100900027,1,0,1
100900028,0,0,0
100900029,0,0,0
100900030,0,0,0
100900031,0,0,0
100900032,0,0,0
100900033,0,0,0
100900034,0,0,0
100900035,0,0,0
100900036,0,0,0
100900037,0,0,0
100900038,0,0,0
100900039,0,0,0
100900040,0,0,0
100900041,0,0,0
100900042,12,11,1
100900043,0,0,0
100900044,0,0,0
100900045,0,0,0
100900046,0,0,0
100900047,0,0,0
100900048,0,0,0
100900049,0,0,0
100900050,0,0,0
100900051,0,0,0
100900052,0,0,0
100900053,0,0,0
100900054,0,0,0
100900055,0,0,0
100900056,0,0,0
100900057,1,1,0
100900058,0,0,0
100900059,0,0,0
100900060,0,0,0
100900061,0,0,0
100900062,0,0,0
100900063,0,0,0
100900064,0,0,0
100900065,0,0,0
100900066,0,0,0
100900067,0,0,0
100900068,0,0,0
100900069,0,0,0
100900070,0,0,0
100900071,0,0,0
100900072,0,0,0
100900073,0,0,0
100900074,0,0,0
100900075,0,0,0
100900076,0,0,0
100900077,0,0,0
100900078,0,0,0
100900079,0,0,0
100900080,0,0,0
100900081,0,0,0
100900082,0,0,0
100900083,0,0,0
100900085,0,0,0
100900086,0,0,0
100900088,0,0,0
100900089,0,0,0
100900090,0,0,0
100900091,0,0,0
100900092,0,0,0
100900093,0,0,0
100900094,0,0,0
100900095,0,0,0
100900096,0,0,0
100900097,0,0,0
100900098,0,0,0
100900099,0,0,0
100900100,0,0,0
100900101,0,0,0
100900102,0,0,0
100900103,0,0,0
100900104,0,0,0
100900105,0,0,0
100900106,0,0,0
100900107,0,0,0
100900108,0,0,0
100900109,0,0,0
100900110,0,0,0
100900111,0,0,0
100900112,0,0,0
100900113,0,0,0
100900114,0,0,0
100900115,0,0,0
100900116,0,0,0
100900117,0,0,0
100900118,0,0,0
100900119,0,0,0
100900120,0,0,0
100900121,0,0,0
100900122,0,0,0
100900123,0,0,0
100900124,0,0,0
100900125,0,0,0
100900126,0,0,0
100900127,0,0,0
100900128,0,0,0
100900129,0,0,0
100900131,0,0,0
100900133,0,0,0
100900134,0,0,0
100900135,0,0,0
100900137,0,0,0
100900138,0,0,0
100900139,0,0,0
100900140,0,0,0
100900141,0,0,0
100900142,0,0,0
100900143,0,0,0
100900144,0,0,0
100900145,0,0,0
100900146,0,0,0
100900147,0,0,0
100900148,0,0,0
100900149,0,0,0
100900150,0,0,0
100900151,0,0,0
100900152,0,0,0
100900153,0,0,0
100900154,0,0,0
100900155,0,0,0
100900156,0,0,0
100900157,0,0,0
100900158,0,0,0
100900159,0,0,0
100900160,0,0,0
100900161,0,0,0
100900162,0,0,0
100900163,0,0,0
100900164,0,0,0
100900165,0,0,0
100900166,0,0,0
100900167,0,0,0
100900168,0,0,0
100900169,0,0,0
100900170,0,0,0
100900171,0,0,0
100900172,0,0,0
100900173,0,0,0
100900174,0,0,0
100900176,0,0,0
100900177,0,0,0
100900178,0,0,0
100900179,0,0,0
100900180,0,0,0
100900181,0,0,0
100900182,0,0,0
100900184,0,0,0
100900186,0,0,0
100900187,0,0,0
100900188,0,0,0
100900189,0,0,0
100900191,0,0,0
100900192,0,0,0
100900195,0,0,0
100900197,0,0,0
100900198,0,0,0
100900199,0,0,0
100900200,0,0,0
100900201,0,0,0
100900202,0,0,0
100900203,0,0,0
100900204,0,0,0
100900205,0,0,0
100900206,0,0,0
100900207,0,0,0
100900210,0,0,0
100900211,0,0,0
100900213,0,0,0
100900214,0,0,0
100900215,0,0,0
100900217,0,0,0
101000001,141,463,-322
101000002,53,138,-85
101000003,3,91,-88
101000004,1297,1866,-569
101000005,941,1490,-549
101000006,484,58,426
101000007,69,354,-285
101000008,271,846,-575
101000009,167,80,87
101000010,78,55,23
101000011,20,95,-75
101000012,0,0,0
101000013,58,133,-75
101000014,94,136,-42
101000015,32,39,-7
101000016,0,0,0
101000017,0,0,0
101000018,80,20,60
101000020,108,31,77
101000021,15,97,-82
101000022,0,0,0
101000023,75,208,-133
101000025,0,0,0
101000026,0,0,0
101000027,120,254,-134
101000028,0,0,0
101000029,0,0,0
101000030,0,0,0
101000031,0,8,-8
101000032,785,976,-191
101000033,16,24,-8
101000034,53,128,-75
101000035,0,0,0
101000036,1,51,-50
101000037,83,344,-261
101000039,0,0,0
101000040,87,209,-122
101000041,1067,1806,-739
101000042,6,194,-188
101000043,88,193,-105
101000045,87,195,-108
101000046,330,451,-121
101000047,435,379,56
101000048,32,123,-91
101000049,0,0,0
101000050,43,232,-189
101000051,104,673,-569
101000052,177,661,-484
101000053,187,178,9
101000054,220,61,159
101000055,407,581,-174
101000056,0,0,0
101000057,61,5,56
101000058,67,429,-362
101000059,386,1458,-1072
101000060,34,6,28
101000061,81,1171,-1090
101000062,22,2,20
101000063,90,683,-593
101000064,63,6,57
101000065,36,292,-256
101000066,148,275,-127
101000067,70,6,64
101000068,32,7,25
101000069,108,7,101
101000070,166,12,154
101000071,93,74,19
101000072,928,568,360
101000073,280,108,172
101000074,1536,487,1049
101000075,1455,322,1133
101000077,254,68,186
101000078,119,81,38
101000079,339,256,83
101000080,26,7,19
101000081,263,148,115
101000082,62,22,40
101000083,539,162,377
101000084,7,13,-6
101000085,433,318,115
101000086,0,0,0
101000087,0,0,0
101000088,398,187,211
101000089,213,153,60
101000090,0,0,0
101000091,31,9,22
101000092,327,75,252
101000093,134,51,83
101000094,7,55,-48
101000095,2,28,-26
101000096,104,20,84
101000097,14,14,0
101000098,2,6,-4
101000099,119,235,-116
101000100,7,3,4
101000101,82,59,23
101000102,129,133,-4
101000103,73,63,10
101000104,40,150,-110
101000105,7,50,-43
101000106,0,0,0
101000107,0,0,0
101000108,0,0,0
101000109,0,0,0
101000110,0,0,0
101000111,0,0,0
101000113,0,0,0
101000114,254,134,120
101000115,0,0,0
101000116,0,0,0
101000117,0,0,0
101000119,0,20,-20
101000120,0,0,0
101000121,0,0,0
101000122,0,0,0
101000123,0,0,0
101000124,0,0,0
101000125,0,0,0
101000128,0,0,0
101000130,26,7,19
101000131,53,71,-18
101000132,8,13,-5
101000135,0,0,0
101000136,0,0,0
101000137,0,0,0
101000141,251,1850,-1599
101000147,10,19,-9
101000148,0,0,0
101000149,0,0,0
101000150,0,0,0
101000151,0,0,0
101000152,25,9,16
101000153,46,8,38
101000154,50,1,49
101000155,0,0,0
101000156,0,0,0
101000157,0,0,0
101000160,0,0,0
101000163,56,186,-130
101000164,1,0,1
101000165,143,105,38
101000166,14,32,-18
101000168,0,0,0
101000252,326,105,221
101000254,0,0,0
101000258,0,0,0
101000261,0,0,0
101000262,318,2133,-1815
101000263,45,390,-345
101000265,0,0,0
101000266,0,0,0
101000269,0,0,0
101000290,75,303,-228
101000293,0,0,0
101000294,35,21,14
101000295,3,11,-8
101000301,1,16,-15
101000304,212,609,-397
101000305,338,355,-17
101900001,0,0,0
101900002,0,0,0
101900003,0,0,0
101900004,0,0,0
101900005,0,0,0
101900006,0,0,0
101900007,0,0,0
101900008,0,0,0
101900009,0,0,0
101900010,0,0,0
101900011,0,0,0
101900012,0,0,0
101900013,0,0,0
101900017,0,0,0
101900018,0,0,0
101900019,0,0,0
101900020,0,0,0
101900021,0,0,0
101900022,0,0,0
101900023,0,0,0
102000001,299,632,-333
102000002,102,51,51
102000003,181,395,-214
102000004,212,421,-209
102000005,45,394,-349
102000006,59,338,-279
102000007,62,462,-400
102000008,518,232,286
102000009,432,546,-114
102000010,297,345,-48
102000011,234,604,-370
102000012,382,463,-81
102000018,81,149,-68
102000019,0,0,0
102000026,0,0,0
102000029,0,0,0
102000030,0,0,0
102000031,0,0,0
102000032,0,0,0
102000033,0,0,0
102000034,0,0,0
102000035,0,0,0
102000036,0,0,0
102000037,0,0,0
102000038,0,0,0
102000039,0,0,0
102000040,0,0,0
102000041,0,0,0
102000042,0,0,0
102000043,0,0,0
102000044,0,0,0
102000045,67,80,-13
102000046,0,0,0
102000047,44,93,-49
102000048,0,0,0
102000049,0,0,0
102000050,90,63,27
102000051,0,0,0
102000052,190,57,133
102000053,0,0,0
102000054,19,2,17
102000055,15,1,14
102000056,335,75,260
102000057,71,124,-53
102000058,29,7,22
102000059,19,31,-12
102000060,455,367,88
102000061,4,18,-14
102000062,131,171,-40
102000063,18,27,-9
102000064,20,40,-20
102000065,0,0,0
102000066,86,46,40
102000067,41,185,-144
102000068,398,361,37
102000069,0,0,0
102000070,0,0,0
102000071,701,622,79
102000072,527,598,-71
102000073,0,0,0
102000074,0,0,0
102000075,0,0,0
102000076,0,0,0
102000077,11,1,10
102000078,0,0,0
102000079,1,1,0
102000080,0,0,0
102000081,5,2,3
102000082,0,0,0
102000083,1,1,0
102000084,168,52,116
102000085,0,0,0
102000086,176,80,96
102000087,1,3,-2
102000088,5,33,-28
102000089,161,72,89
102000090,38,188,-150
102000091,203,194,9
102000092,92,135,-43
102000093,170,178,-8
102000094,250,82,168
102000095,0,0,0
102000096,1040,165,875
102000097,0,0,0
102000098,223,181,42
102000099,48,11,37
102000100,67,67,0
102000101,21,26,-5
102000102,33,49,-16
102000103,4,92,-88
102000104,0,0,0
102000105,0,0,0
102000106,0,0,0
102000107,0,0,0
102000108,0,0,0
102000109,0,0,0
102000110,0,0,0
102000111,0,0,0
102000112,0,0,0
102000113,0,0,0
102000114,0,0,0
102000115,0,0,0
102000116,2,32,-30
102000117,0,0,0
102000118,38,336,-298
102000119,0,0,0
102000120,0,0,0
102000121,0,0,0
102000122,0,0,0
102000123,0,0,0
102000124,0,0,0
102000125,0,0,0
102000126,0,0,0
102000127,0,0,0
102000128,0,0,0
102000129,0,0,0
102000130,0,0,0
102000131,0,0,0
102000132,0,0,0
102000133,243,72,171
102000134,91,89,2
102000135,0,0,0
102000136,0,0,0
102000137,0,0,0
102000138,0,0,0
102000139,0,0,0
102000140,0,0,0
102000141,0,0,0
102000142,0,0,0
102000143,0,0,0
102000144,0,0,0
102000145,0,0,0
102000146,0,0,0
102000147,0,0,0
102000148,0,0,0
102000149,0,0,0
102000150,0,0,0
102000151,0,0,0
102000152,0,0,0
102000153,0,0,0
102000154,0,0,0
102000155,0,0,0
102000156,0,0,0
102000157,0,0,0
102000158,0,0,0
102000159,0,0,0
102000161,0,0,0
102000162,0,0,0
102000163,0,0,0
102000164,0,0,0
102000165,0,0,0
102000166,0,4,-4
102000167,0,0,0
102000168,3,4,-1
102000169,6,5,1
102000170,0,0,0
102000171,0,0,0
102000172,2,0,2
102000173,4,19,-15
102000174,0,0,0
102000175,32,5,27
102000176,0,0,0
102000178,19,0,19
102000179,12,18,-6
102000180,63,3,60
102000181,84,3,81
102000182,39,9,30
102000183,315,118,197
102000184,29,7,22
102000185,330,104,226
102000186,32,6,26
102000187,6,9,-3
102000188,202,79,123
102000189,76,14,62
102000190,390,358,32
102000191,109,31,78
102000192,0,0,0
102000193,0,0,0
102000194,0,0,0
102000195,0,0,0
102000196,0,0,0
102000197,0,0,0
102000198,0,0,0
102000199,0,0,0
102000200,0,0,0
102000201,0,0,0
102000202,0,0,0
102000203,0,0,0
102000204,0,0,0
102000205,0,0,0
102000206,0,0,0
102000207,0,0,0
102000208,0,0,0
102000209,0,0,0
102000210,0,0,0
102000211,0,0,0
102000212,0,0,0
102000213,0,0,0
102000214,0,0,0
102000215,0,0,0
102000216,0,0,0
102000217,0,0,0
102000218,0,0,0
102000219,0,0,0
102000225,161,185,-24
102000226,0,0,0
102000227,0,0,0
102000228,0,0,0
102000229,0,0,0
102000230,22,39,-17
102000231,0,0,0
102000232,0,0,0
102000233,57,52,5
102000234,18,387,-369
102000236,0,0,0
102000237,0,0,0
102000238,0,0,0
102000240,0,0,0
102000241,0,0,0
102000243,1,4,-3
102000245,0,0,0
102000246,0,0,0
102000247,4,28,-24
102000248,29,168,-139
102000249,0,0,0
102000250,0,0,0
102000254,62,21,41
102000266,0,0,0
102000271,0,0,0
102000286,0,1,-1
102000297,0,0,0
102000301,0,0,0
102000303,0,0,0
102000305,0,0,0
102000307,0,0,0
102000308,0,0,0
102900001,0,0,0
102900002,0,0,0
102900003,0,0,0
102900005,0,0,0
102900006,0,0,0
102900007,0,0,0
102900008,0,0,0
102900009,0,0,0
102900010,0,0,0
102900011,0,0,0
102900012,0,0,0
102900013,0,0,0
102900015,0,0,0
102900016,0,0,0
102900017,0,0,0
102900018,0,0,0
102900019,0,0,0
102900020,0,0,0
102900021,0,0,0
102900022,0,0,0
102900023,0,0,0
102900024,0,0,0
102900025,0,0,0
102900026,0,0,0
102900027,0,0,0
102900028,0,0,0
102900029,0,0,0
102900030,0,0,0
102900031,0,0,0
102900032,0,0,0
102900033,0,0,0
102900034,0,0,0
102900035,0,0,0
102900036,0,0,0
102900037,0,0,0
102900038,0,0,0
102900039,0,0,0
102900040,0,0,0
102900041,0,0,0
102900042,0,0,0
102900043,0,0,0
102900044,0,0,0
102900045,0,0,0
102900046,0,0,0
102900047,0,0,0
102900048,0,0,0
102900049,0,0,0
102900050,0,0,0
102900051,0,0,0
102900052,0,0,0
102900053,0,0,0
102900054,0,0,0
102900055,0,0,0
102900056,0,0,0
102900057,0,0,0
102900058,0,0,0
102900059,0,0,0
102900060,0,0,0
102900061,0,0,0
102900062,0,0,0
102900063,0,0,0
102900064,0,0,0
102900065,0,0,0
102900066,0,0,0
102900068,0,0,0
102900070,0,0,0
102900072,0,0,0
102900073,0,0,0
102900074,0,0,0
102900075,0,0,0
102900076,0,0,0
102900077,0,0,0
102900078,0,0,0
102900079,0,0,0
102900080,0,0,0
102900081,0,0,0
102900082,0,0,0
102900083,0,0,0
102900084,0,0,0
102900085,0,0,0
102900086,0,0,0
102900087,0,0,0
102900088,0,0,0
102900089,0,0,0
102900090,0,0,0
102900091,0,0,0
102900092,0,0,0
102900093,0,0,0
102900094,0,0,0
102900095,0,0,0
102900096,0,0,0
102900097,0,0,0
103000001,186,60,126
103000002,48,96,-48
103000003,40,132,-92
103000004,12,46,-34
103000005,571,356,215
103000006,161,192,-31
103000007,2,14,-12
103000008,0,0,0
103000009,65,114,-49
103000010,0,0,0
103000011,39,41,-2
103000012,555,449,106
103000013,102,32,70
103000014,443,704,-261
103000015,0,0,0
103000016,58,72,-14
103000017,100,101,-1
103000018,0,0,0
103000019,98,118,-20
103000020,10,96,-86
103000021,1022,684,338
103000022,47,47,0
103000023,253,705,-452
103000024,0,0,0
103000025,17,139,-122
103000026,0,0,0
103000027,56,78,-22
103000028,34,42,-8
103000029,54,49,5
103000030,48,55,-7
103000031,184,363,-179
103000032,172,183,-11
103000033,1638,946,692
103000034,20,48,-28
103000035,104,260,-156
103000036,7,223,-216
103000037,11,27,-16
103000038,237,257,-20
103000039,8,52,-44
103000040,36,47,-11
103000041,155,255,-100
103000042,111,40,71
103000043,90,125,-35
103000044,0,0,0
103000046,0,0,0
103000047,0,0,0
103000048,0,0,0
103000049,0,0,0
103000050,0,0,0
103000051,0,0,0
103000052,0,0,0
103000053,0,0,0
103000054,251,37,214
103000055,423,47,376
103000056,57,24,33
103000057,420,154,266
103000058,226,30,196
103000059,48,73,-25
103000060,96,20,76
103000061,93,129,-36
103000062,0,0,0
103000063,108,92,16
103000064,0,0,0
103000065,0,0,0
103000066,0,0,0
103000069,0,0,0
103000070,0,0,0
103000071,63,47,16
103000072,0,0,0
103000073,176,5,171
103000074,197,8,189
103000075,0,0,0
103000076,39,45,-6
103000077,0,0,0
103000078,53,68,-15
103000079,1,53,-52
103000080,205,77,128
103000081,27,152,-125
103000082,149,36,113
103000083,0,0,0
103000084,22,6,16
103000085,0,0,0
103000086,267,132,135
103000087,71,211,-140
103000088,0,0,0
103000089,66,113,-47
103000090,615,280,335
103000091,55,153,-98
103000092,270,44,226
103000093,0,0,0
103000094,100,40,60
103000095,0,0,0
103000096,162,26,136
103000097,0,0,0
103000098,212,20,192
103000099,0,0,0
103000100,0,0,0
103000101,233,14,219
103000102,0,0,0
103000103,136,9,127
103000104,1,0,1
103000105,8,7,1
103000106,6,1,5
103000107,118,9,109
103000108,64,33,31
103000109,10,15,-5
103000110,112,73,39
103000111,0,0,0
103000112,34,22,12
103000113,0,0,0
103000114,299,112,187
103000115,32,31,1
103000116,55,17,38
103000117,76,14,62
103000118,0,0,0
103000119,0,0,0
103000120,0,0,0
103000121,4,36,-32
103000122,208,855,-647
103000125,1,12,-11
103000126,67,0,67
103000127,0,11,-11
103000128,19,0,19
103000129,0,2,-2
103000130,35,0,35
103000131,2,15,-13
103000132,1,0,1
103000133,0,18,-18
103000134,227,128,99
103000135,93,39,54
103000136,328,115,213
103000137,14,158,-144
103000138,82,113,-31
103000139,0,0,0
103000140,9,8,1
103000141,0,0,0
103000142,21,10,11
103000143,0,0,0
103000144,42,19,23
103000145,0,1,-1
103000150,0,0,0
103000152,0,0,0
103000153,82,51,31
103000156,1,13,-12
103000157,18,0,18
103000159,0,0,0
103000162,1,0,1
103000163,0,43,-43
103000164,0,0,0
103000165,0,0,0
103000166,21,69,-48
103000167,8,3,5
103000168,0,0,0
103000169,37,25,12
103000170,583,300,283
103000171,21,9,12
103000172,187,24,163
103000173,0,0,0
103000174,125,26,99
103000175,0,0,0
103000176,13,29,-16
103000177,0,0,0
103000178,0,0,0
103000179,0,0,0
103000183,74,0,74
103000185,31,3,28
103000186,23,5,18
103000187,0,0,0
103000188,0,0,0
103000189,0,0,0
103000191,3,0,3
103000292,6,62,-56
103000293,25,202,-177
103000295,61,24,37
103000296,1,0,1
103000297,0,1,-1
103000504,0,0,0
103000505,0,0,0
103000506,0,0,0
103000507,0,0,0
103000508,0,0,0
103000509,0,0,0
103900001,0,0,0
103900002,0,0,0
103900003,0,0,0
103900004,0,0,0
103900005,0,0,0
103900006,0,0,0
103900007,0,0,0
103900008,0,0,0
103900009,0,0,0
103900010,0,0,0
103900011,0,0,0
103900012,0,0,0
103900013,0,0,0
103900014,0,0,0
103900015,0,0,0
103900016,0,0,0
103900017,0,0,0
103900018,0,0,0
103900019,0,0,0
103900020,0,0,0
103900021,0,0,0
103900022,0,0,0
103900023,0,0,0
103900024,0,0,0
103900025,0,0,0
103900026,0,0,0
103900027,0,0,0
103900028,0,0,0
103900029,0,0,0
103900030,0,0,0
103900031,0,0,0
103900032,0,0,0
103900033,0,0,0
103900034,0,0,0
103900035,0,0,0
103900036,0,0,0
103900037,0,0,0
103900038,0,0,0
103900039,0,0,0
103900040,0,0,0
103900041,0,0,0
103900042,0,0,0
103900043,0,0,0
103900044,0,0,0
103900045,0,0,0
103900047,0,0,0
103900048,0,0,0
103900049,0,0,0
103900050,0,0,0
103900051,0,0,0
103900052,0,0,0
103900053,0,0,0
103900054,0,0,0
103900055,0,0,0
103900056,0,0,0
103900057,0,0,0
103900058,0,0,0
103900059,0,0,0
103900060,0,0,0
103900061,0,0,0
103900062,0,0,0
103900063,0,0,0
103900064,0,0,0
103900065,0,0,0
103900066,0,0,0
103900067,0,0,0
103900068,0,0,0
103900069,0,0,0
103900070,0,0,0
103900071,0,0,0
103900072,0,0,0
103900073,0,0,0
103900074,0,0,0
103900075,0,0,0
103900076,0,0,0
103900077,0,0,0
103900078,0,0,0
103900079,0,0,0
103900080,0,0,0
103900081,0,0,0
103900082,0,0,0
103900083,0,0,0
103900084,0,0,0
103900085,0,0,0
103900086,0,0,0
103900087,0,0,0
103900088,0,0,0
103900089,0,0,0
103900090,0,0,0
103900091,0,0,0
103900092,0,0,0
103900093,0,0,0
103900094,0,0,0
103900095,0,0,0
103900096,0,0,0
103900097,0,0,0
103900098,0,0,0
103900099,0,0,0
103900100,0,0,0
103900101,0,0,0
103900102,0,0,0
103900104,0,0,0
103900105,0,0,0
103900106,0,0,0
103900107,0,0,0
103900108,0,0,0
103900109,0,0,0
103900110,0,0,0
103900111,0,0,0
103900112,0,0,0
103900113,0,0,0
103900114,0,0,0
103900115,0,0,0
103900116,0,0,0
103900117,0,0,0
103900119,0,0,0
103900120,0,0,0
103900122,0,0,0
103900123,0,0,0
103900124,0,0,0
103900125,0,0,0
103900126,0,0,0
103900127,0,0,0
103900128,0,0,0
103900131,0,0,0
103900133,0,0,0
103900134,0,0,0
103900135,0,0,0
103900137,0,0,0
103900138,0,0,0
103900139,0,0,0
103900140,0,0,0
103900141,0,0,0
103900142,0,0,0
103900143,0,0,0
103900144,0,0,0
103900145,0,0,0
103900146,0,0,0
103900147,0,0,0
103900148,0,0,0
103900149,0,0,0
103900150,0,0,0
103900151,0,0,0
103900152,0,0,0
103900153,0,0,0
103900154,0,0,0
103900155,0,0,0
103900156,0,0,0
103900157,0,0,0
103900158,0,0,0
103900159,0,0,0
103900160,0,0,0
103900161,0,0,0
103900162,0,0,0
103900163,0,0,0
103900167,0,0,0
103900168,0,0,0
103900169,0,0,0
103900170,0,0,0
103900171,0,0,0
103900172,0,0,0
103900173,0,0,0
103900174,0,0,0
103900175,0,0,0
103900176,0,0,0
103900177,0,0,0
103900178,0,0,0
103900179,0,0,0
103900180,0,0,0
103900181,0,0,0
103900182,0,0,0
103900184,0,0,0
103900185,0,0,0
103900187,0,0,0
103900188,0,0,0
103900189,0,0,0
103900190,0,0,0
103900191,0,0,0
103900192,0,0,0
103900193,0,0,0
103900194,0,0,0
103900195,0,0,0
103900196,0,0,0
103900197,0,0,0
103900198,0,0,0
103900199,0,0,0
103900200,0,0,0
103900201,0,0,0
103900202,0,0,0
103900203,0,0,0
103900204,0,0,0
103900207,0,0,0
103900208,0,0,0
103900209,0,0,0
103900210,0,0,0
103900211,0,0,0
103900212,0,0,0
103900213,8,140,-132
103900214,44,147,-103
103900215,36,68,-32
103900216,0,0,0
103900217,0,0,0
103900218,0,0,0
103900219,0,0,0
103900233,0,0,0
103900235,0,0,0
103900236,0,0,0
103900242,0,0,0
103900243,0,0,0
103900244,0,0,0
103900245,0,0,0
103900246,0,0,0
103900247,0,0,0
103900248,0,0,0
103900249,0,0,0
103900250,0,0,0
103900251,0,0,0
103900253,0,0,0
103900254,0,0,0
103900255,0,0,0
103900256,0,0,0
103900257,0,0,0
103900258,0,0,0
103900259,0,0,0
103900261,0,0,0
103900262,0,0,0
103900263,0,0,0
103900264,0,0,0
103900265,0,0,0
103900266,0,0,0
103900267,0,0,0
103900268,0,0,0
103900269,0,0,0
103900270,0,0,0
103900271,0,0,0
104000001,565,419,146
104000002,36,105,-69
104000003,769,473,296
104000004,770,362,408
104000005,565,660,-95
104000006,1215,411,804
104000007,857,233,624
104000008,167,90,77
104000009,131,67,64
104000010,28,81,-53
104000011,0,0,0
104000012,0,0,0
104000013,128,38,90
104000014,0,0,0
104000015,189,36,153
104000016,0,0,0
104000018,158,178,-20
104000019,273,180,93
104000020,86,153,-67
104000021,159,92,67
104000022,32,51,-19
104000023,176,36,140
104000024,0,0,0
104000026,0,0,0
104000027,37,45,-8
104000028,204,51,153
104000029,19,50,-31
104000030,114,57,57
104000031,202,34,168
104000032,0,0,0
104000033,266,30,236
104000034,0,0,0
104000035,347,41,306
104000036,296,113,183
104000037,0,0,0
104000038,188,66,122
104000039,149,72,77
104000040,37,115,-78
104000041,88,19,69
104000042,67,40,27
104000043,48,56,-8
104000044,63,44,19
104000045,165,30,135
104000046,142,92,50
104000047,52,375,-323
104000048,188,593,-405
104000049,4,16,-12
104000050,1,21,-20
104000051,0,0,0
104000052,203,157,46
104000053,146,55,91
104000054,10,2,8
104000055,469,146,323
104000056,0,0,0
104000057,0,0,0
104000058,439,79,360
104000059,107,243,-136
104000060,218,78,140
104000061,50,81,-31
104000062,16,1,15
104000064,0,0,0
104000065,0,0,0
104000069,0,0,0
104000070,0,0,0
104000071,0,0,0
104000072,24,9,15
104000075,0,0,0
104000076,0,0,0
104000082,221,275,-54
104000083,19,24,-5
104000084,3,9,-6
104000085,7,1,6
104000086,11,9,2
104000087,0,1,-1
104000090,0,0,0
104000092,0,0,0
104000094,0,0,0
104000095,93,261,-168
104000096,345,0,345
104000097,577,116,461
104000098,1060,99,961
104000100,1143,128,1015
104000101,187,238,-51
104000106,0,2,-2
104000107,228,30,198
104000108,52,5,47
104000109,52,1,51
104000110,40,10,30
104000111,136,21,115
104000112,1,6,-5
104000116,0,0,0
104000117,123,38,85
104000118,19,0,19
104000119,20,2,18
104000120,29,9,20
104000121,1,51,-50
104000122,206,41,165
104000123,59,151,-92
104000124,362,653,-291
104000125,46,25,21
104000126,251,76,175
104000127,126,534,-408
104000128,323,26,297
104000129,147,1,146
104000130,7,1,6
104000131,0,0,0
104000132,0,0,0
104000133,96,21,75
104000134,112,100,12
104000135,52,137,-85
104000136,351,179,172
104000137,349,114,235
104000138,0,0,0
104000139,788,474,314
104000141,151,225,-74
104000142,0,0,0
104000143,0,0,0
104000144,0,0,0
104000145,280,39,241
104000146,0,0,0
104000147,0,0,0
104000148,68,65,3
104000149,0,0,0
104000150,287,124,163
104000151,0,0,0
104000152,0,0,0
104000153,162,144,18
104000154,0,0,0
104000155,165,128,37
104000157,76,20,56
104000158,20,21,-1
104000159,10,10,0
104000160,249,70,179
104000161,32,23,9
104000162,46,87,-41
104000165,258,349,-91
104000167,114,223,-109
104000168,67,0,67
104000169,57,4,53
104000170,0,0,0
104000248,0,0,0
104000251,0,0,0
104000272,0,0,0
104000273,0,0,0
104000274,0,0,0
104000275,0,0,0
104000279,0,0,0
104000290,0,0,0
104000291,81,181,-100
104000293,148,116,32
104000294,0,0,0
104000295,34,48,-14
104000296,317,214,103
104000297,69,172,-103
104000298,434,109,325
104000299,98,130,-32
104900001,0,0,0
104900002,0,0,0
104900003,0,0,0
104900004,0,0,0
104900005,0,0,0
104900006,0,0,0
104900007,0,0,0
104900009,0,0,0
104900010,0,0,0
104900011,0,0,0
104900012,0,0,0
104900013,0,0,0
104900014,0,0,0
104900015,0,0,0
104900016,0,0,0
104900017,0,0,0
104900018,0,0,0
104900019,0,0,0
104900020,0,0,0
104900021,0,0,0
104900022,0,0,0
104900023,0,0,0
104900024,0,0,0
104900025,0,0,0
104900026,0,0,0
104900027,0,0,0
104900028,0,0,0
104900029,0,0,0
104900030,0,0,0
104900031,0,0,0
104900032,0,0,0
104900033,0,0,0
104900034,0,0,0
104900035,0,0,0
104900036,0,0,0
104900037,0,0,0
104900038,0,0,0
104900039,0,0,0
104900040,0,0,0
104900041,0,0,0
104900042,0,0,0
104900043,0,0,0
104900044,0,0,0
104900045,0,0,0
104900046,0,0,0
104900047,0,0,0
104900048,0,0,0
104900049,0,0,0
104900050,0,0,0
104900051,0,0,0
104900052,0,0,0
104900053,0,0,0
104900054,0,0,0
104900055,0,0,0
104900056,0,0,0
104900057,0,0,0
104900058,0,0,0
104900059,0,0,0
104900060,0,0,0
104900061,0,0,0
104900063,0,0,0
104900064,0,0,0
104900065,0,0,0
104900066,0,0,0
104900067,0,0,0
104900068,0,0,0
104900070,0,0,0
104900071,0,0,0
104900072,0,0,0
104900073,0,0,0
104900074,0,0,0
104900075,0,0,0
104900076,0,0,0
104900077,0,0,0
104900078,0,0,0
104900079,0,0,0
104900080,0,0,0
104900082,0,0,0
104900085,0,0,0
104900087,0,0,0
104900089,0,0,0
104900090,0,0,0
104900091,0,0,0
104900093,0,0,0
104900097,0,0,0
104900098,0,0,0
104900099,0,0,0
104900100,0,0,0
104900102,0,0,0
104900103,0,0,0
104900104,0,0,0
104900106,0,0,0
104900107,0,0,0
104900108,0,0,0
104900109,0,0,0
104900110,0,0,0
104900111,0,0,0
104900112,0,0,0
104900113,0,0,0
104900114,0,0,0
104900115,0,0,0
104900116,0,0,0
104900118,0,0,0
104900119,0,0,0
104900120,0,0,0
104900121,0,0,0
104900122,0,0,0
104900123,0,0,0
104900124,0,0,0
104900125,0,0,0
104900126,0,0,0
104900127,0,0,0
104900128,0,0,0
104900129,0,0,0
105000001,885,217,668
105000002,362,368,-6
105000003,510,386,124
105000004,16,54,-38
105000005,78,312,-234
105000006,154,401,-247
105000007,58,282,-224
105000008,6,463,-457
105000009,1818,1116,702
105000010,35,157,-122
105000011,826,838,-12
105000012,85,114,-29
105000013,331,677,-346
105000014,2575,1349,1226
105000015,2059,2792,-733
105000016,234,228,6
105000017,33,16,17
105000018,106,152,-46
105000019,0,0,0
105000020,0,0,0
105000021,0,0,0
105000022,11,13,-2
105000023,0,0,0
105000028,0,0,0
105000029,2,10,-8
105000030,265,254,11
105000033,56,135,-79
105000034,0,0,0
105000037,0,0,0
105000038,325,312,13
105000039,111,153,-42
105000040,262,279,-17
105000041,11,100,-89
105000042,1052,358,694
105000043,91,82,9
105000044,237,83,154
105000045,17,52,-35
105000046,366,39,327
105000047,24,62,-38
105000048,422,196,226
105000049,4,0,4
105000050,388,156,232
105000051,0,0,0
105000052,86,57,29
105000053,1,27,-26
105000054,101,53,48
105000055,1,0,1
105000056,389,235,154
105000057,19,2,17
105000058,37,35,2
105000059,445,243,202
105000060,7,1,6
105000061,402,111,291
105000062,1,1,0
105000063,0,0,0
105000064,384,82,302
105000065,0,0,0
105000066,61,20,41
105000067,438,230,208
105000068,7,20,-13
105000069,34,131,-97
105000070,79,59,20
105000071,205,199,6
105000072,382,82,300
105000073,218,102,116
105000074,0,0,0
105000075,12,31,-19
105000076,34,23,11
105000077,77,9,68
105000078,64,110,-46
105000079,6,25,-19
105000080,772,732,40
105000081,11,0,11
105000082,266,594,-328
105000083,1065,840,225
105000084,0,0,0
105000085,734,893,-159
105000086,0,0,0
105000087,0,0,0
105000088,282,530,-248
105000089,32,61,-29
105000090,22,6,16
105000091,7,7,0
105000092,0,0,0
105000093,0,2,-2
105000094,58,11,47
105000095,0,0,0
105000096,262,188,74
105000097,0,0,0
105000098,196,76,120
105000099,0,0,0
105000100,0,0,0
105000101,153,23,130
105000102,0,0,0
105000103,161,113,48
105000104,0,0,0
105000105,291,76,215
105000106,6,3,3
105000107,15,2,13
105000108,19,8,11
105000109,21,2,19
105000110,31,12,19
105000111,0,0,0
105000112,49,23,26
105000113,0,0,0
105000114,28,111,-83
105000115,0,0,0
105000116,101,27,74
105000117,0,0,0
105000118,31,30,1
105000119,0,0,0
105000120,237,25,212
105000121,0,0,0
105000122,13,14,-1
105000123,194,26,168
105000124,155,50,105
105000125,216,50,166
105000126,146,43,103
105000127,209,36,173
105000128,10,25,-15
105000129,26,74,-48
105000130,24,431,-407
105000131,0,0,0
105000132,101,66,35
105000133,0,0,0
105000134,282,45,237
105000135,0,0,0
105000136,0,0,0
105000137,177,30,147
105000138,0,0,0
105000139,0,0,0
105000140,534,53,481
105000141,0,0,0
105000142,215,38,177
105000143,0,0,0
105000144,0,0,0
105000145,256,93,163
105000146,0,0,0
105000147,352,106,246
105000148,249,40,209
105000149,669,160,509
105000150,0,0,0
105000151,0,0,0
105000152,0,0,0
105000153,0,0,0
105000154,7,5,2
105000155,0,0,0
105000156,9,5,4
105000157,42,37,5
105000158,51,27,24
105000159,27,12,15
105000160,72,49,23
105000161,61,11,50
105000162,17,31,-14
105000163,74,24,50
105000164,4,7,-3
105000165,23,69,-46
105000166,33,40,-7
105000167,35,174,-139
105000168,189,145,44
105000169,28,40,-12
105000170,0,0,0
105000171,0,0,0
105000172,19,0,19
105000173,5,1,4
105000174,1,2,-1
105000175,0,0,0
105000176,11,1,10
105000177,63,33,30
105000178,43,2,41
105000179,56,0,56
105000180,0,0,0
105000181,13,2,11
105000182,0,0,0
105000183,0,0,0
105000184,0,0,0
105000185,31,299,-268
105000186,0,0,0
105000187,118,28,90
105000188,4,59,-55
105000189,0,0,0
105000190,140,53,87
105000191,17,0,17
105000192,125,39,86
105000193,4,33,-29
105000194,80,12,68
105000195,0,1,-1
105000196,23,25,-2
105000197,3,1,2
105000198,0,0,0
105000199,0,33,-33
105000200,55,161,-106
105000201,20,0,20
105000203,0,0,0
105000204,2,7,-5
105000205,0,0,0
105000207,0,0,0
105000208,17,135,-118
105000209,0,0,0
105000212,110,8,102
105000213,37,36,1
105000214,11,8,3
105000215,119,123,-4
105000216,23,0,23
105000217,0,0,0
105000218,203,37,166
105000221,15,7,8
105000222,66,0,66
105000223,33,0,33
105000226,0,2,-2
105000227,2,1,1
105000228,0,11,-11
105000229,35,276,-241
105000231,288,62,226
105000233,306,350,-44
105000234,78,330,-252
105000235,203,131,72
105000237,79,2,77
105000243,0,0,0
105000248,0,0,0
105000262,0,0,0
105000269,0,0,0
105000270,70,0,70
105000271,0,0,0
105000282,3,0,3
105000287,0,0,0
105000288,1,14,-13
105000289,314,430,-116
105000290,1,2,-1
105000402,30,100,-70
105000426,1,1,0
105000438,24,157,-133
105000446,491,480,11
105000447,89,20,69
105000454,0,0,0
105000455,0,0,0
105000474,4,0,4
105000477,0,0,0
105000478,486,1323,-837
105000479,0,0,0
105000480,1813,1706,107
105000481,1000,513,487
105000482,110,209,-99
105000483,240,895,-655
105000484,113,321,-208
105000485,292,1288,-996
105000486,285,378,-93
105000488,52,186,-134
105000489,331,93,238
105000549,0,24,-24
105000550,0,0,0
105000551,22,10,12
105000552,121,86,35
105900001,0,0,0
105900002,0,0,0
105900003,0,0,0
105900004,0,0,0
105900005,0,0,0
105900006,0,0,0
105900007,0,0,0
105900008,0,0,0
105900009,0,0,0
105900011,0,0,0
105900012,0,0,0
105900013,0,0,0
105900014,0,0,0
105900015,0,0,0
105900016,0,0,0
105900017,0,0,0
105900018,0,0,0
105900019,0,0,0
105900020,0,0,0
105900021,0,0,0
105900022,0,0,0
105900023,0,0,0
105900024,0,0,0
105900025,0,0,0
105900026,0,0,0
105900027,0,0,0
105900028,0,0,0
105900029,0,0,0
105900030,0,0,0
105900031,0,0,0
105900032,0,0,0
105900033,0,0,0
105900034,0,0,0
105900035,0,0,0
105900036,0,0,0
105900037,0,0,0
105900038,0,0,0
105900039,0,0,0
105900040,0,0,0
105900041,0,0,0
105900042,0,0,0
105900043,0,0,0
105900044,0,0,0
105900045,0,0,0
105900046,0,0,0
105900047,0,0,0
105900048,30,8,22
105900050,0,0,0
105900051,0,0,0
105900052,0,0,0
105900053,0,0,0
105900054,0,0,0
105900056,0,0,0
105900057,0,0,0
105900058,0,0,0
105900059,0,0,0
106000001,856,429,427
106000002,8,180,-172
106000003,1296,827,469
106000004,67,382,-315
106000005,2250,1388,862
106000006,82,354,-272
106000007,749,92,657
106000008,80,145,-65
106000009,604,182,422
106000010,44,100,-56
106000011,860,411,449
106000012,18,50,-32
106000013,1333,581,752
106000014,83,82,1
106000015,1222,557,665
106000016,49,139,-90
106000017,638,180,458
106000018,146,172,-26
106000019,213,134,79
106000020,4,55,-51
106000021,327,159,168
106000022,46,43,3
106000023,467,58,409
106000024,56,79,-23
106000025,246,128,118
106000026,15,55,-40
106000027,856,467,389
106000028,11,69,-58
106000029,49,50,-1
106000030,0,0,0
106000034,0,0,0
106000035,157,335,-178
106000036,0,0,0
106000037,0,0,0
106000038,0,0,0
106000039,0,0,0
106000040,0,0,0
106000041,180,58,122
106000043,115,20,95
106000046,0,0,0
106000047,0,0,0
106000049,241,1,240
106000050,0,0,0
106000051,99,124,-25
106000052,0,0,0
106000053,244,66,178
106000054,0,0,0
106000055,134,15,119
106000056,0,0,0
106000057,206,57,149
106000058,0,0,0
106000059,289,126,163
106000060,0,0,0
106000061,18,121,-103
106000062,0,0,0
106000063,568,213,355
106000064,0,0,0
106000065,245,52,193
106000066,5,4,1
106000067,197,14,183
106000068,2,2,0
106000069,43,3,40
106000070,22,0,22
106000071,299,24,275
106000072,319,307,12
106000073,433,234,199
106000074,199,211,-12
106000075,89,183,-94
106000076,587,90,497
106000077,854,157,697
106000078,326,74,252
106000079,465,69,396
106000080,500,29,471
106000081,359,148,211
106000082,496,11,485
106000083,315,157,158
106000084,469,22,447
106000085,505,234,271
106000086,530,146,384
106000087,234,12,222
106000088,204,23,181
106000089,492,37,455
106000090,461,35,426
106000091,13,0,13
106000092,191,43,148
106000093,134,0,134
106000094,0,0,0
106000095,291,43,248
106000096,355,25,330
106000097,340,38,302
106000098,304,12,292
106000099,11,21,-10
106000100,637,28,609
106000101,391,12,379
106000102,7,25,-18
106000103,4,113,-109
106000104,96,38,58
106000105,11,96,-85
106000106,162,48,114
106000107,26,116,-90
106000108,100,9,91
106000109,12,73,-61
106000110,82,10,72
106000111,2,60,-58
106000112,168,17,151
106000113,18,50,-32
106000114,43,8,35
106000115,38,71,-33
106000116,81,53,28
106000117,0,0,0
106000118,366,104,262
106000119,0,0,0
106000120,273,145,128
106000121,14,12,2
106000122,0,0,0
106000123,15,1,14
106000124,0,0,0
106000125,0,0,0
106000126,45,8,37
106000127,0,0,0
106000128,174,34,140
106000129,0,0,0
106000130,198,57,141
106000131,0,0,0
106000132,255,10,245
106000133,0,0,0
106000134,270,53,217
106000135,0,0,0
106000136,345,75,270
106000137,0,0,0
106000138,167,13,154
106000139,113,6,107
106000140,0,0,0
106000141,0,0,0
106000142,30,12,18
106000143,0,0,0
106000144,139,14,125
106000145,0,0,0
106000146,271,91,180
106000147,60,5,55
106000148,108,89,19
106000149,302,55,247
106000150,71,83,-12
106000151,176,59,117
106000152,125,123,2
106000153,0,21,-21
106000154,50,1,49
106000155,56,28,28
106000156,350,32,318
106000157,165,90,75
106000158,545,109,436
106000159,237,62,175
106000160,239,229,10
106000161,86,5,81
106000162,213,39,174
106000163,38,13,25
106000164,175,15,160
106000165,55,20,35
106000166,334,17,317
106000167,143,58,85
106000168,160,14,146
106000169,46,37,9
106000170,159,36,123
106000171,50,112,-62
106000172,480,50,430
106000173,67,178,-111
106000174,200,11,189
106000175,110,2,108
106000176,294,73,221
106000177,0,0,0
106000178,492,74,418
106000179,0,0,0
106000180,102,52,50
106000181,63,69,-6
106000182,609,38,571
106000183,700,52,648
106000184,366,62,304
106000185,83,33,50
106000186,101,13,88
106000187,18,15,3
106000188,0,0,0
106000189,0,11,-11
106000190,14,0,14
106000191,171,15,156
106000192,0,0,0
106000193,112,39,73
106000194,4,18,-14
106000195,40,1,39
106000196,10,44,-34
106000197,195,4,191
106000198,0,3,-3
106000199,142,14,128
106000200,31,84,-53
106000201,40,44,-4
106000202,32,25,7
106000203,0,0,0
106000204,15,5,10
106000205,0,0,0
106000206,22,1,21
106000207,0,39,-39
106000208,411,43,368
106000209,633,55,578
106000210,1,17,-16
106000211,17,90,-73
106000212,725,98,627
106000213,0,0,0
106000214,287,66,221
106000215,5,86,-81
106000216,143,24,119
106000217,4,73,-69
106000218,108,47,61
106000219,24,71,-47
106000220,199,32,167
106000221,0,0,0
106000222,43,12,31
106000223,166,14,152
106000224,0,0,0
106000225,2,165,-163
106000226,0,0,0
106000228,0,0,0
106000229,0,0,0
106000231,220,5,215
106000232,0,0,0
106000233,46,23,23
106000234,0,0,0
106000235,45,29,16
106000236,0,0,0
106000237,0,0,0
106000238,0,1,-1
106000239,0,0,0
106000240,0,1,-1
106000241,1,61,-60
106000242,98,50,48
106000249,112,14,98
106000250,3,68,-65
106000251,0,0,0
106000252,0,0,0
106000253,0,0,0
106000254,0,0,0
106000255,0,0,0
106000256,0,0,0
106000257,35,37,-2
106000258,0,0,0
106000259,0,0,0
106000260,0,0,0
106000261,0,0,0
106000262,0,0,0
106000263,0,0,0
106000264,0,0,0
106000265,0,0,0
106000266,0,0,0
106000267,0,0,0
106000268,0,0,0
106000269,0,0,0
106000270,22,1,21
106000271,0,0,0
106000272,0,0,0
106000273,0,0,0
106000274,0,0,0
106000275,0,0,0
106000276,0,0,0
106000277,0,0,0
106000278,0,0,0
106000279,0,0,0
106000280,0,0,0
106000281,0,0,0
106000282,0,0,0
106000283,0,0,0
106000284,0,0,0
106000285,0,0,0
106000286,0,0,0
106000287,0,0,0
106000288,0,0,0
106000289,0,0,0
106000290,0,0,0
106000291,0,0,0
106000292,0,0,0
106000293,0,0,0
106000294,0,0,0
106000295,0,0,0
106000296,0,0,0
106000297,0,0,0
106000298,0,0,0
106000299,0,0,0
106000300,0,0,0
106000301,0,0,0
106000303,0,0,0
106000304,0,0,0
106000305,0,0,0
106000306,0,0,0
106000307,0,0,0
106000308,0,0,0
106000309,0,0,0
106000310,49,20,29
106000311,79,19,60
106000312,1,15,-14
106000313,17,3,14
106000318,0,0,0
106000319,342,42,300
106000320,0,0,0
106000321,0,0,0
106000322,0,0,0
106000324,0,0,0
106000325,1362,253,1109
106000326,26,96,-70
106000327,123,5,118
106000328,0,0,0
106000329,6,7,-1
106000330,0,6,-6
106000428,41,272,-231
106000429,0,0,0
106000430,0,0,0
106000431,390,326,64
106000432,5,139,-134
106000433,1061,543,518
106000434,1040,384,656
106000435,6,128,-122
106000436,0,0,0
106000437,25,10,15
106000438,17,4,13
106000439,0,0,0
106000440,29,57,-28
106000441,6,0,6
106000442,54,0,54
106000443,69,51,18
106000450,0,0,0
106000451,6,20,-14
106000454,0,0,0
106000455,0,27,-27
106000456,63,0,63
106000457,0,0,0
106000458,111,8,103
106000459,0,0,0
106000460,321,11,310
106000461,0,0,0
106000462,0,0,0
106000463,0,2,-2
106000464,0,0,0
106000465,176,1,175
106000466,0,0,0
106000467,0,40,-40
106000468,45,30,15
106000469,26,1,25
106000470,0,0,0
106000471,0,0,0
106000472,9,1,8
106000473,0,0,0
106000474,29,68,-39
106000475,84,98,-14
106000476,2,13,-11
106000477,0,0,0
106900001,0,0,0
106900002,0,0,0
106900003,0,0,0
106900004,0,0,0
106900006,0,0,0
106900007,0,0,0
106900008,0,0,0
106900009,0,0,0
106900010,0,0,0
106900012,0,0,0
106900013,0,0,0
106900014,0,0,0
106900015,0,0,0
106900016,0,0,0
106900017,0,0,0
106900018,0,0,0
106900019,0,0,0
106900020,0,0,0
106900021,0,0,0
106900022,0,0,0
106900023,0,0,0
106900024,0,0,0
106900025,0,0,0
106900026,0,0,0
106900027,153,0,153
107000001,1518,2247,-729
107000002,232,389,-157
107000003,4461,4296,165
107000004,533,371,162
107000005,4394,3072,1322
107000006,312,271,41
107000007,1788,2321,-533
107000008,492,351,141
107000009,4017,3323,694
107000010,524,383,141
107000011,0,0,0
107000012,0,0,0
107000013,0,0,0
107000014,0,0,0
107000015,0,0,0
107000016,0,0,0
107000017,39,7,32
107000018,0,0,0
107000020,39,358,-319
107000021,7,1,6
107000022,79,330,-251
107000023,186,2,184
107000024,82,206,-124
107000025,46,15,31
107000026,33,52,-19
107000027,240,44,196
107000028,57,132,-75
107000029,962,100,862
107000030,89,151,-62
107000031,778,205,573
107000032,106,126,-20
107000033,248,104,144
107000034,0,0,0
107000035,50,60,-10
107000036,0,0,0
107000037,14,181,-167
107000038,5,51,-46
107000039,134,403,-269
107000040,31,12,19
107000041,473,114,359
107000042,72,65,7
107000043,316,129,187
107000044,35,13,22
107000045,2,18,-16
107000046,450,77,373
107000047,35,72,-37
107000048,376,64,312
107000049,23,94,-71
107000050,336,97,239
107000051,43,189,-146
107000052,346,137,209
107000053,288,66,222
107000054,11,127,-116
107000055,175,72,103
107000056,49,52,-3
107000057,113,148,-35
107000058,1119,1255,-136
107000059,0,0,0
107000060,2426,2086,340
107000061,48,12,36
107000062,1931,1186,745
107000063,6,23,-17
107000064,1299,1102,197
107000065,5,9,-4
107000066,732,640,92
107000067,180,121,59
107000068,119,140,-21
107000069,120,263,-143
107000070,204,1,203
107000071,985,30,955
107000072,0,0,0
107000073,259,47,212
107000074,0,0,0
107000075,1461,83,1378
107000076,0,0,0
107000077,1263,48,1215
107000078,0,0,0
107000079,1076,82,994
107000080,0,0,0
107000081,1062,205,857
107000082,0,0,0
107000083,456,510,-54
107000084,0,0,0
107000085,745,597,148
107000086,137,368,-231
107000087,588,217,371
107000088,148,158,-10
107000089,393,197,196
107000090,64,74,-10
107000091,360,128,232
107000092,62,82,-20
107000093,237,286,-49
107000094,45,82,-37
107000095,1312,679,633
107000096,0,0,0
107000097,278,152,126
107000098,0,0,0
107000099,278,202,76
107000100,0,0,0
107000101,177,190,-13
107000102,0,0,0
107000103,263,96,167
107000104,0,0,0
107000105,283,74,209
107000106,0,0,0
107000107,235,116,119
107000108,0,0,0
107000109,274,27,247
107000110,0,0,0
107000111,176,5,171
107000112,0,0,0
107000113,319,14,305
107000114,0,0,0
107000115,401,67,334
107000116,0,0,0
107000117,284,44,240
107000118,0,0,0
107000119,771,291,480
107000120,0,0,0
107000121,381,62,319
107000122,6,103,-97
107000123,441,43,398
107000124,9,44,-35
107000125,757,36,721
107000126,53,76,-23
107000129,0,0,0
107000130,466,243,223
107000131,0,0,0
107000132,357,192,165
107000133,2,0,2
107000134,42,0,42
107000135,0,0,0
107000136,128,0,128
107000137,0,0,0
107000138,0,0,0
107000139,0,0,0
107000140,100,1,99
107000141,0,0,0
107000142,47,1,46
107000143,0,7,-7
107000144,66,1,65
107000145,0,10,-10
107000146,0,0,0
107000147,1,13,-12
107000150,0,0,0
107000151,0,0,0
107000152,13,88,-75
107000153,0,0,0
107000154,0,0,0
107000155,51,0,51
107000156,83,0,83
107000157,0,0,0
107000158,23,0,23
107000159,0,0,0
107000160,82,47,35
107000161,0,2,-2
107000162,4,63,-59
107000163,38,0,38
107000164,0,0,0
107000165,0,0,0
107000166,0,0,0
107000167,0,0,0
107000168,553,22,531
107000169,3,9,-6
107000170,601,81,520
107000171,7,19,-12
107000172,312,105,207
107000173,3,5,-2
107000174,168,198,-30
107000175,25,14,11
107000176,6,0,6
107000177,1,0,1
107000178,1,0,1
107000179,0,0,0
107000180,582,32,550
107000181,0,0,0
107000182,496,64,432
107000183,0,0,0
107000184,379,51,328
107000185,0,0,0
107000186,483,63,420
107000187,63,54,9
107000188,0,0,0
107000189,68,18,50
107000190,0,0,0
107000191,116,102,14
107000192,0,0,0
107000193,61,59,2
107000194,0,0,0
107000197,280,59,221
107000198,0,0,0
107000199,162,37,125
107000200,14,42,-28
107000201,60,57,3
107000202,70,47,23
107000203,77,196,-119
107000204,68,525,-457
107000205,88,67,21
107000206,28,540,-512
107000207,18,31,-13
107000208,15,21,-6
107000209,0,0,0
107000210,0,0,0
107000211,0,0,0
107000212,0,0,0
107000213,0,0,0
107000214,0,0,0
107000215,0,0,0
107000216,0,0,0
107000217,0,0,0
107000219,0,0,0
107000220,0,0,0
107000222,12,23,-11
107000224,16,1,15
107000225,0,0,0
107000226,88,2,86
107000227,0,0,0
107000228,0,0,0
107000229,0,0,0
107000230,29,14,15
107000231,74,128,-54
107000232,0,0,0
107000233,0,0,0
107000234,0,0,0
107000235,163,4,159
107000236,0,0,0
107000237,8,0,8
107000238,36,0,36
107000239,0,0,0
107000240,0,0,0
107000241,0,0,0
107000242,0,0,0
107000243,0,0,0
107000244,7,1,6
107000246,0,0,0
107000249,0,0,0
107000251,0,0,0
107000252,0,0,0
107000255,0,0,0
107000257,0,0,0
107000258,0,0,0
107000259,0,0,0
107000260,0,0,0
107000262,0,0,0
107000263,0,0,0
107000266,0,0,0
107000267,0,0,0
107000268,0,0,0
107000269,1,0,1
107000270,0,0,0
107000271,0,0,0
107000272,0,0,0
107000273,0,0,0
107000274,1,0,1
107000275,0,0,0
107000280,63,2,61
107000281,0,0,0
107000282,0,0,0
107000290,0,0,0
107000291,0,0,0
107000292,0,0,0
107000293,0,0,0
107000294,0,0,0
107000295,0,0,0
107000296,0,0,0
107000444,29,0,29
107000496,0,2,-2
107000497,0,0,0
107000500,0,0,0
107000501,0,0,0
107000502,0,0,0
107000505,5,43,-38
107000506,0,0,0
107000508,0,0,0
107000509,58,53,5
107000510,0,0,0
107000514,0,0,0
107000515,0,0,0
107000516,115,105,10
107000518,379,80,299
107000519,0,0,0
107000520,0,0,0
107900001,0,0,0
107900002,0,0,0
107900003,0,0,0
107900004,0,0,0
107900005,0,0,0
107900006,0,0,0
107900007,0,0,0
107900008,0,0,0
107900009,0,0,0
107900010,0,0,0
107900012,0,0,0
107900013,0,0,0
107900014,0,0,0
107900015,0,0,0
107900016,0,0,0
107900017,0,0,0
107900018,0,0,0
107900019,0,0,0
107900020,0,0,0
107900021,0,0,0
107900023,0,0,0
107900024,0,0,0
107900025,0,0,0
107900026,0,0,0
107900027,0,0,0
107900028,0,0,0
107900030,0,0,0
107900031,0,0,0
107900032,0,0,0
107900033,0,0,0
107900034,0,0,0
107900035,0,0,0
107900036,0,0,0
107900037,0,0,0
107900038,0,0,0
107900039,0,0,0
107900040,0,0,0
107900041,0,0,0
107900043,0,0,0
107900044,0,0,0
107900045,0,0,0
107900046,0,0,0
107900047,0,0,0
107900048,0,0,0
107900049,0,0,0
107900050,0,0,0
107900051,0,0,0
107900052,0,0,0
107900053,0,0,0
107900055,0,0,0
107900056,0,0,0
107900057,0,0,0
107900058,0,0,0
107900060,0,0,0
107900061,0,0,0
107900063,0,0,0
107900064,0,0,0
107900065,0,0,0
107900066,0,0,0
107900067,0,0,0
107900068,0,0,0
107900069,0,0,0
107900070,0,0,0
107900071,0,0,0
107900072,0,0,0
107900073,0,0,0
107900074,0,0,0
107900076,0,0,0
107900077,0,0,0
107900078,0,0,0
107900079,0,0,0
107900080,0,0,0
107900081,0,0,0
107900082,0,0,0
107900083,0,0,0
107900084,0,0,0
107900086,0,0,0
107900087,0,0,0
107900088,0,0,0
107900089,0,0,0
107900090,0,0,0
107900091,0,0,0
107900092,0,0,0
107900093,0,0,0
107900095,0,0,0
107900097,0,0,0
107900098,0,0,0
107900100,0,0,0
107900101,0,0,0
107900102,0,0,0
107900103,0,0,0
107900104,0,0,0
107900105,0,0,0
107900106,0,0,0
107900107,0,0,0
107900108,0,0,0
107900109,0,0,0
107900110,0,0,0
107900111,0,0,0
107900112,0,0,0
107900113,0,0,0
107900114,0,0,0
107900115,0,0,0
107900116,0,0,0
107900117,0,0,0
107900118,0,0,0
107900119,0,0,0
107900120,0,0,0
107900121,0,0,0
107900122,0,0,0
107900123,0,0,0
107900124,0,0,0
107900125,0,0,0
107900126,0,0,0
107900127,0,0,0
107900128,0,0,0
107900129,0,0,0
107900130,0,0,0
107900131,0,0,0
107900132,0,0,0
107900133,0,0,0
107900134,0,0,0
107900135,0,0,0
107900136,0,0,0
107900137,0,0,0
107900138,0,0,0
107900139,0,0,0
107900140,0,0,0
107900141,0,0,0
107900142,0,0,0
107900143,0,0,0
107900144,0,0,0
107900145,0,0,0
107900146,0,0,0
107900147,0,0,0
107900148,0,0,0
107900149,0,0,0
107900150,0,0,0
107900151,0,0,0
107900152,0,0,0
107900153,0,0,0
107900154,0,0,0
107900155,0,0,0
107900156,0,0,0
107900157,0,0,0
107900158,0,0,0
107900159,0,0,0
107900160,0,0,0
107900161,0,0,0
107900162,0,0,0
107900163,0,0,0
107900164,0,0,0
107900165,0,0,0
107900166,0,0,0
107900167,0,0,0
107900168,0,0,0
107900169,0,0,0
107900171,0,0,0
107900172,0,0,0
107900173,0,0,0
107900174,0,0,0
107900175,0,0,0
107900176,0,0,0
107900177,0,0,0
107900178,0,0,0
107900179,0,0,0
107900180,0,0,0
107900181,0,0,0
107900182,0,0,0
107900183,0,0,0
107900184,0,0,0
107900185,0,0,0
107900186,0,0,0
107900187,0,0,0
107900188,0,0,0
107900189,0,0,0
107900190,0,0,0
107900191,0,0,0
107900193,0,0,0
107900194,0,0,0
107900195,0,0,0
107900196,0,0,0
107900197,0,0,0
107900199,0,0,0
107900201,0,0,0
107900203,0,0,0
107900204,0,0,0
107900205,0,0,0
107900206,0,0,0
107900207,0,0,0
107900208,0,0,0
107900209,0,0,0
107900210,0,0,0
107900213,0,0,0
107900214,0,0,0
107900215,0,0,0
107900216,0,0,0
107900217,0,0,0
107900218,0,0,0
107900219,0,0,0
107900220,0,0,0
107900221,0,0,0
107900223,0,0,0
107900224,0,0,0
107900225,0,0,0
107900226,0,0,0
107900227,0,0,0
107900228,0,0,0
107900229,0,0,0
107900230,0,0,0
107900231,0,0,0
107900232,0,0,0
107900233,0,0,0
107900234,0,0,0
107900235,0,0,0
107900236,0,0,0
107900237,0,0,0
107900238,0,0,0
107900239,0,0,0
107900240,0,0,0
107900241,0,0,0
107900242,0,0,0
107900243,0,0,0
107900244,0,0,0
107900245,0,0,0
107900246,0,0,0
107900248,0,0,0
107900249,0,0,0
107900250,0,0,0
107900251,0,0,0
107900252,0,0,0
107900253,0,0,0
107900254,0,0,0
107900255,0,0,0
107900256,0,0,0
107900257,0,0,0
107900258,0,0,0
107900259,0,0,0
107900261,0,0,0
107900262,0,0,0
107900264,0,0,0
107900265,0,0,0
107900267,0,0,0
107900268,0,0,0
107900269,0,0,0
107900270,0,0,0
107900271,0,0,0
107900272,0,0,0
107900273,0,0,0
107900274,0,0,0
107900275,0,0,0
107900276,0,0,0
107900277,0,0,0
107900278,0,0,0
107900279,0,0,0
107900280,0,0,0
107900281,0,0,0
107900282,0,0,0
107900283,0,0,0
107900284,0,0,0
107900285,0,0,0
107900286,0,0,0
107900287,0,0,0
107900290,0,0,0
107900291,0,0,0
107900292,0,0,0
107900293,0,0,0
107900295,0,0,0
107900297,0,0,0
107900298,0,0,0
107900299,0,0,0
107900300,17,25,-8
107900301,2,30,-28
107900302,0,0,0
107900303,0,0,0
107900304,0,0,0
107900305,0,0,0
107900306,0,0,0
107900307,0,0,0
107900308,0,0,0
107900309,0,0,0
107900310,0,0,0
107900311,0,0,0
107900312,0,0,0
107900313,0,0,0
107900314,0,0,0
107900315,0,0,0
107900316,0,0,0
107900317,0,0,0
107900318,0,0,0
107900319,0,0,0
107900320,0,0,0
107900321,0,0,0
107900322,0,0,0
107900323,0,0,0
107900324,0,0,0
107900325,0,0,0
107900326,0,0,0
107900327,0,0,0
107900328,0,0,0
107900329,0,0,0
107900330,0,0,0
107900331,0,0,0
107900332,0,0,0
107900333,0,0,0
107900334,0,0,0
107900335,0,0,0
107900336,0,0,0
107900337,0,0,0
107900338,0,0,0
107900339,0,0,0
107900340,0,0,0
107900341,0,0,0
107900342,0,0,0
107900343,0,0,0
107900344,0,0,0
107900345,0,0,0
107900346,0,0,0
107900347,0,0,0
107900348,0,0,0
107900349,0,0,0
107900350,0,0,0
108000001,2482,1280,1202
108000002,140,209,-69
108000003,1780,921,859
108000004,483,1520,-1037
108000005,4980,1760,3220
108000006,95,583,-488
108000007,4274,1150,3124
108000008,351,315,36
108000009,2742,1483,1259
108000010,241,240,1
108000011,5160,1722,3438
108000012,670,583,87
108000014,206,2,204
108000015,527,3,524
108000016,0,6,-6
108000017,541,32,509
108000018,1609,64,1545
108000019,227,70,157
108000020,614,131,483
108000021,0,0,0
108000022,38,42,-4
108000023,706,81,625
108000024,138,30,108
108000025,38,28,10
108000026,431,27,404
108000027,81,2,79
108000028,517,22,495
108000029,110,2,108
108000030,447,22,425
108000031,10,1,9
108000032,1143,81,1062
108000033,0,0,0
108000034,1326,92,1234
108000035,0,0,0
108000036,15,32,-17
108000037,516,58,458
108000038,846,44,802
108000039,18,26,-8
108000040,1139,181,958
108000041,10,29,-19
108000042,373,6,367
108000043,75,2,73
108000044,679,11,668
108000045,26,0,26
108000046,1118,162,956
108000047,0,0,0
108000048,0,0,0
108000049,387,45,342
108000050,1,1,0
108000051,136,35,101
108000052,2,2,0
108000053,270,97,173
108000054,1,32,-31
108000055,505,128,377
108000056,37,48,-11
108000057,414,477,-63
108000058,541,768,-227
108000059,7,147,-140
108000060,140,121,19
108000061,0,0,0
108000062,343,63,280
108000063,0,0,0
108000064,132,90,42
108000065,0,0,0
108000066,573,47,526
108000067,924,13,911
108000068,623,92,531
108000069,0,0,0
108000070,1532,83,1449
108000071,0,0,0
108000072,1702,165,1537
108000073,0,0,0
108000074,438,101,337
108000075,0,0,0
108000076,1003,225,778
108000077,0,0,0
108000078,2041,640,1401
108000079,0,0,0
108000080,1188,284,904
108000081,0,0,0
108000082,0,0,0
108000083,182,23,159
108000084,0,0,0
108000085,69,43,26
108000086,0,0,0
108000087,16,259,-243
108000088,141,3,138
108000089,0,0,0
108000090,390,38,352
108000091,0,0,0
108000092,536,36,500
108000093,0,0,0
108000094,820,46,774
108000095,0,0,0
108000096,524,262,262
108000097,0,0,0
108000098,1397,104,1293
108000099,110,17,93
108000100,156,27,129
108000101,1051,303,748
108000102,366,650,-284
108000106,219,1,218
108000107,0,0,0
108000108,213,8,205
108000109,0,0,0
108000110,9,22,-13
108000111,0,0,0
108000112,5,34,-29
108000113,82,33,49
108000115,98,26,72
108000117,157,25,132
108000118,0,0,0
108000119,54,6,48
108000120,653,169,484
108000121,49,20,29
108000122,527,52,475
108000123,377,51,326
108000124,0,0,0
108000125,434,68,366
108000126,0,0,0
108000127,531,31,500
108000128,0,0,0
108000129,0,0,0
108000130,443,32,411
108000131,279,52,227
108000132,0,0,0
108000133,803,57,746
108000134,0,0,0
108000135,1491,38,1453
108000136,0,0,0
108000137,57,24,33
108000138,9,1,8
108000139,91,27,64
108000140,0,0,0
108000141,0,0,0
108000142,0,0,0
108000143,0,0,0
108000144,0,0,0
108000145,0,0,0
108000146,0,0,0
108000147,0,0,0
108000148,0,0,0
108000149,0,0,0
108000150,0,0,0
108000151,0,0,0
108000152,0,0,0
108000153,0,0,0
108000154,0,0,0
108000155,0,0,0
108000156,0,0,0
108000157,0,0,0
108000158,0,0,0
108000159,59,18,41
108000160,88,9,79
108000161,182,71,111
108000165,0,0,0
108000172,0,0,0
108000173,0,0,0
108000175,262,18,244
108000178,0,0,0
108000179,87,481,-394
108000181,0,0,0
108000182,0,0,0
108000183,0,0,0
108000184,57,179,-122
108000185,0,0,0
108000186,0,0,0
108000187,0,0,0
108000188,0,0,0
108000189,40,22,18
108000190,0,0,0
108000192,0,0,0
108000193,0,1,-1
108000194,13,0,13
108000195,0,0,0
108000196,27,2,25
108000198,0,0,0
108000199,0,0,0
108000200,0,0,0
108000202,0,189,-189
108000203,0,0,0
108000204,0,0,0
108000205,0,0,0
108000339,208,26,182
108000364,27,29,-2
108000365,24,5,19
108000367,0,0,0
108000368,0,0,0
108000369,0,0,0
108000371,0,0,0
108000372,149,4,145
108000373,54,12,42
108000376,0,0,0
108000377,65,95,-30
108000378,6295,3034,3261
108000379,0,0,0
108000381,0,0,0
108000382,16,0,16
108000383,0,0,0
108900001,0,0,0
108900002,0,0,0
108900003,0,0,0
108900004,73,51,22
108900005,0,8,-8
108900006,4,3,1
108900007,59,17,42
108900008,22,0,22
108900009,6,0,6
108900010,0,0,0
108900011,83,16,67
108900012,20,2,18
108900013,70,31,39
108900014,0,0,0
108900015,0,0,0
108900016,0,0,0
108900017,0,0,0
108900018,0,0,0
108900019,0,0,0
108900020,0,0,0
108900021,0,0,0
108900022,0,0,0
108900023,0,0,0
108900024,0,0,0
108900025,0,0,0
108900026,0,0,0
108900027,0,0,0
108900028,0,0,0
108900029,0,0,0
108900030,0,0,0
108900031,0,0,0
108900032,0,0,0
108900033,0,0,0
108900034,0,0,0
108900035,0,0,0
108900036,0,0,0
108900037,0,0,0
108900038,0,0,0
108900039,0,0,0
108900040,0,0,0
108900041,192,90,102
108900042,0,0,0
108900043,0,0,0
108900044,0,0,0
108900045,0,0,0
108900046,0,0,0
108900047,0,0,0
108900048,0,0,0
108900049,0,0,0
108900050,0,0,0
108900051,0,0,0
108900052,0,0,0
108900053,0,0,0
108900054,0,0,0
108900055,0,0,0
108900056,0,0,0
108900057,0,0,0
108900058,0,0,0
108900059,0,0,0
108900060,1,4,-3
108900061,0,0,0
108900062,0,0,0
108900063,0,0,0
108900064,0,0,0
108900065,0,0,0
108900066,50,1,49
108900067,0,0,0
108900068,0,0,0
108900069,0,0,0
108900070,0,0,0
108900071,9,0,9
108900072,0,0,0
108900073,0,0,0
108900074,0,0,0
108900075,0,0,0
108900076,4,1,3
108900077,0,0,0
108900078,0,0,0
108900079,0,0,0
108900080,0,0,0
108900081,0,0,0
108900082,0,0,0
108900083,0,0,0
108900084,0,0,0
108900085,0,0,0
108900086,0,0,0
108900087,0,0,0
108900088,17,2,15
108900089,0,0,0
108900090,0,0,0
108900091,0,0,0
108900092,96,8,88
108900093,0,0,0
108900094,0,0,0
108900095,0,0,0
108900096,0,0,0
108900097,10,0,10
108900098,0,0,0
108900099,24,1,23
108900100,0,0,0
108900101,0,0,0
108900102,0,0,0
108900103,0,0,0
108900104,0,0,0
108900105,0,0,0
108900106,16,0,16
108900108,0,0,0
108900109,0,0,0
108900110,23,11,12
108900111,10,0,10
108900112,0,0,0
108900113,0,0,0
108900114,0,0,0
108900115,0,0,0
108900116,0,0,0
108900117,0,0,0
108900118,0,0,0
108900119,0,0,0
108900120,0,0,0
108900121,0,0,0
108900122,0,0,0
108900123,0,0,0
108900124,0,0,0
108900125,0,0,0
108900126,0,0,0
108900127,0,0,0
108900128,0,0,0
108900129,0,0,0
108900130,0,0,0
108900131,0,0,0
108900132,0,0,0
108900133,0,0,0
108900134,0,0,0
108900135,0,0,0
108900136,0,0,0
108900137,0,0,0
108900138,0,0,0
108900139,0,0,0
108900140,0,0,0
108900141,0,0,0
108900142,0,0,0
108900143,0,0,0
108900144,0,0,0
108900145,0,0,0
108900146,0,0,0
108900147,0,0,0
108900148,0,0,0
108900149,0,0,0
108900150,0,0,0
108900151,0,0,0
108900152,0,0,0
108900153,0,0,0
108900154,8,0,8
108900155,0,0,0
108900156,0,0,0
108900157,0,0,0
108900158,0,0,0
108900159,0,0,0
108900160,0,0,0
108900161,0,0,0
108900162,0,0,0
108900163,0,0,0
108900164,0,0,0
108900165,0,0,0
108900167,0,0,0
108900168,0,0,0
108900169,0,0,0
108900171,10,112,-102
108900172,0,0,0
108900173,0,0,0
108900174,0,0,0
108900176,0,0,0
108900177,0,0,0
108900178,0,0,0
108900179,5,40,-35
108900180,5,7,-2
108900182,0,4,-4
108900183,0,0,0
108900184,46,1,45
108900185,0,0,0
108900186,0,0,0
108900187,0,0,0
108900188,0,0,0
108900189,5,0,5
108900190,0,0,0
108900191,0,0,0
108900192,0,0,0
108900193,0,0,0
108900194,0,0,0
108900195,0,0,0
108900196,0,0,0
108900198,0,0,0
108900199,0,0,0
108900200,12,1,11
108900201,0,0,0
108900203,0,0,0
108900204,0,0,0
108900205,0,0,0
108900206,0,0,0
108900207,0,0,0
108900208,0,0,0
108900209,0,0,0
108900210,0,0,0
108900211,0,0,0
108900212,0,0,0
108900215,0,0,0
108900216,0,0,0
108900217,0,0,0
108900218,0,0,0
108900219,0,0,0
108900220,0,0,0
108900221,0,0,0
108900222,0,0,0
108900223,0,0,0
108900224,0,0,0
108900225,0,0,0
108900226,0,0,0
108900227,0,0,0
108900230,0,0,0
108900231,0,0,0
108900232,0,0,0
108900233,0,0,0
108900234,0,0,0
108900235,0,0,0
108900236,0,0,0
108900237,0,0,0
108900240,0,0,0
108900241,0,0,0
108900245,0,0,0
108900249,0,0,0
108900250,0,0,0
108900257,0,0,0
108900258,0,0,0
108900259,0,0,0
108900260,0,0,0
108900261,0,0,0
108900262,0,0,0
108900263,0,0,0
108900264,0,0,0
108900265,0,0,0
108900266,0,0,0
108900267,0,0,0
108900268,0,0,0
108900269,0,0,0
108900270,0,0,0
108900271,0,0,0
108900272,0,0,0
108900273,0,0,0
108900274,0,0,0
109000001,996,616,380
109000002,2,410,-408
109000003,1808,269,1539
109000004,0,235,-235
109000005,1566,156,1410
109000006,0,189,-189
109000007,1541,268,1273
109000008,10,135,-125
109000009,2303,287,2016
109000010,28,244,-216
109000011,2432,606,1826
109000012,40,207,-167
109000013,2926,941,1985
109000014,39,316,-277
109000015,4069,595,3474
109000016,181,357,-176
109000017,2197,611,1586
109000018,55,380,-325
109000019,1652,285,1367
109000020,14,167,-153
109000023,16,0,16
109000024,0,0,0
109000025,0,0,0
109000026,54,7,47
109000027,0,0,0
109000028,21,1,20
109000029,0,0,0
109000030,0,0,0
109000031,280,41,239
109000032,0,0,0
109000033,290,32,258
109000034,0,0,0
109000035,0,0,0
109000036,0,7,-7
109000037,0,0,0
109000038,39,23,16
109000039,0,0,0
109000040,0,0,0
109000041,26,92,-66
109000042,6,66,-60
109000044,140,40,100
109000045,0,0,0
109000046,178,30,148
109000047,0,0,0
109000048,243,62,181
109000049,0,0,0
109000050,218,113,105
109000051,0,0,0
109000052,0,0,0
109000053,0,0,0
109000054,0,0,0
109000055,0,0,0
109000056,0,0,0
109000057,0,0,0
109000058,0,0,0
109000059,0,0,0
109000060,22,11,11
109000061,0,0,0
109000062,7,17,-10
109000063,0,0,0
109000064,5,34,-29
109000065,0,0,0
109000066,36,1,35
109000067,0,0,0
109000068,141,3,138
109000069,339,17,322
109000070,0,0,0
109000071,0,0,0
109000072,0,4,-4
109000073,0,0,0
109000074,0,14,-14
109000075,0,0,0
109000076,6,22,-16
109000077,26,0,26
109000078,1,0,1
109000079,40,3,37
109000080,2,2,0
109000081,46,7,39
109000082,45,2,43
109000083,61,4,57
109000088,0,18,-18
109000089,0,0,0
109000090,2,22,-20
109000091,0,0,0
109000092,0,19,-19
109000093,0,0,0
109000094,0,0,0
109000095,0,7,-7
109000096,27,4,23
109000097,0,0,0
109000098,30,6,24
109000099,194,0,194
109000100,2,13,-11
109000101,346,10,336
109000102,14,35,-21
109000103,19,22,-3
109000104,468,7,461
109000105,11,65,-54
109000106,505,27,478
109000107,9,57,-48
109000108,516,60,456
109000109,18,67,-49
109000110,124,99,25
109000111,59,197,-138
109000112,0,0,0
109000113,6,0,6
109000114,184,100,84
109000115,152,8,144
109000116,0,0,0
109000117,141,4,137
109000118,0,0,0
109000119,337,3,334
109000120,0,0,0
109000121,195,15,180
109000122,0,0,0
109000123,0,0,0
109000124,52,1,51
109000125,606,24,582
109000126,0,0,0
109000127,619,12,607
109000128,0,0,0
109000129,497,57,440
109000130,0,0,0
109000131,167,215,-48
109000132,3,26,-23
109000133,0,0,0
109000134,0,0,0
109000135,0,0,0
109000136,23,6,17
109000137,68,2,66
109000138,26,4,22
109000139,123,36,87
109000140,34,12,22
109000141,102,4,98
109000142,0,0,0
109000143,0,0,0
109000145,0,0,0
109000146,31,48,-17
109000148,0,0,0
109000149,0,0,0
109000150,13,76,-63
109000155,0,0,0
109000156,275,13,262
109000158,0,0,0
109000159,56,19,37
109000160,0,0,0
109000161,485,65,420
109000162,87,10,77
109000163,541,61,480
109000164,62,23,39
109000165,390,174,216
109000166,63,34,29
109000167,5,20,-15
109000170,0,0,0
109000171,0,0,0
109000172,0,0,0
109000173,0,0,0
109000174,0,0,0
109000175,0,0,0
109000176,22,3,19
109000177,0,0,0
109000178,18,1,17
109000179,0,0,0
109000180,0,0,0
109000181,0,0,0
109000182,0,0,0
109000183,3,16,-13
109000184,0,0,0
109000185,10,3,7
109000188,25,28,-3
109000189,64,7,57
109000190,0,0,0
109000191,487,37,450
109000192,1,0,1
109000193,0,0,0
109000194,0,0,0
109000195,0,0,0
109000196,0,0,0
109000197,0,0,0
109000198,0,0,0
109000199,0,0,0
109000206,0,0,0
109000207,0,0,0
109000208,0,0,0
109000209,0,0,0
109000210,0,0,0
109000211,0,0,0
109000214,56,25,31
109000215,215,32,183
109000216,70,207,-137
109000217,0,0,0
109000218,0,0,0
109000221,3,9,-6
109000222,10,9,1
109000223,4,60,-56
109000224,0,0,0
109000225,19,0,19
109000226,0,4,-4
109000227,89,9,80
109000228,0,0,0
109000231,0,4,-4
109000232,33,3,30
109000236,0,0,0
109000241,53,33,20
109000242,348,64,284
109000293,0,0,0
109000361,0,0,0
109000364,0,0,0
109000396,0,6,-6
109000397,0,0,0
109000399,5,25,-20
109000400,0,0,0
109000403,0,0,0
109000406,147,1,146
109000407,0,0,0
109000408,0,185,-185
109000410,0,0,0
109000411,28,1,27
109900001,0,0,0
109900002,0,0,0
109900003,0,0,0
109900004,0,0,0
109900005,0,0,0
109900006,0,0,0
109900007,0,0,0
109900008,0,0,0
109900009,0,0,0
109900010,0,0,0
109900011,0,0,0
109900012,0,0,0
109900013,0,0,0
109900014,0,0,0
109900015,0,0,0
109900016,0,0,0
109900017,0,0,0
109900018,0,0,0
109900019,0,0,0
109900020,0,0,0
109900021,0,0,0
109900022,8,2,6
109900023,0,0,0
109900024,0,0,0
109900025,0,0,0
109900026,0,0,0
109900027,0,0,0
109900028,0,0,0
109900029,0,0,0
109900030,0,0,0
109900031,0,0,0
109900032,0,0,0
109900033,0,0,0
109900034,0,0,0
109900035,0,0,0
109900036,0,0,0
109900037,0,0,0
109900038,0,0,0
109900039,0,0,0
109900040,0,0,0
109900041,0,0,0
109900042,0,0,0
109900044,0,0,0
109900045,0,0,0
109900046,0,0,0
109900047,0,0,0
109900048,0,0,0
109900049,0,0,0
109900050,0,0,0
109900051,0,0,0
109900052,0,0,0
109900053,0,0,0
109900054,0,0,0
109900055,0,0,0
109900056,0,0,0
109900057,0,0,0
109900058,0,0,0
109900059,0,0,0
109900060,0,0,0
109900061,0,0,0
109900062,0,0,0
109900063,0,0,0
109900064,24,0,24
109900065,0,0,0
109900066,0,0,0
109900067,0,0,0
109900068,0,0,0
109900069,0,0,0
109900070,0,0,0
109900071,0,0,0
109900072,0,0,0
109900073,0,0,0
109900074,0,0,0
109900075,0,0,0
109900076,0,0,0
109900077,0,0,0
109900078,0,0,0
109900080,0,0,0
109900081,0,0,0
109900082,0,0,0
109900083,0,0,0
109900084,0,0,0
109900085,0,0,0
109900086,0,0,0
109900087,0,0,0
109900089,0,0,0
109900090,0,0,0
109900091,0,0,0
109900092,0,0,0
109900093,0,0,0
109900094,0,0,0
109900095,0,0,0
109900096,0,0,0
109900097,0,0,0
109900098,0,0,0
109900099,0,0,0
109900100,0,0,0
109900101,0,0,0
109900102,0,0,0
109900103,0,0,0
109900104,0,0,0
109900105,0,0,0
109900106,0,0,0
109900107,0,0,0
109900108,0,0,0
109900109,0,0,0
109900110,0,0,0
109900111,0,0,0
109900112,0,0,0
109900113,0,0,0
109900114,0,0,0
109900115,0,0,0
109900117,0,0,0
109900118,0,0,0
109900119,0,0,0
109900120,0,0,0
109900121,0,0,0
109900122,0,0,0
109900123,0,0,0
109900124,0,0,0
109900125,0,0,0
109900126,0,0,0
109900128,0,0,0
109900130,0,0,0
109900131,0,0,0
109900132,0,0,0
109900133,0,0,0
109900134,0,0,0
109900135,0,0,0
109900136,0,0,0
109900137,0,0,0
109900138,0,0,0
109900140,0,0,0
109900142,0,0,0
109900145,0,0,0
109900146,0,0,0
109900148,0,0,0
109900149,0,0,0
109900150,0,0,0
109900151,0,0,0
109900152,0,0,0
109900153,0,0,0
109900154,0,0,0
109900155,0,0,0
109900157,0,0,0
109900158,0,0,0
109900159,0,0,0
109900160,0,0,0
109900161,0,0,0
109900162,0,0,0
109900163,0,0,0
109900164,0,0,0
109900165,0,0,0
109900166,0,0,0
109900167,0,0,0
109900168,0,0,0
109900169,0,0,0
109900170,0,0,0
109900171,0,0,0
109900172,0,0,0
109900173,0,0,0
109900174,0,0,0
109900175,0,0,0
109900176,0,0,0
109900177,0,0,0
109900178,0,0,0
109900179,0,0,0
109900180,0,0,0
110000001,46,116,-70
110000002,596,283,313
110000003,136,253,-117
110000004,629,195,434
110000005,79,70,9
110000006,0,98,-98
110000007,9,1,8
110000008,0,0,0
110000009,0,0,0
110000010,0,0,0
110000011,13,1,12
110000012,0,0,0
110000013,2,20,-18
110000014,21,27,-6
110000015,13,7,6
110000016,56,55,1
110000017,84,65,19
110000018,13,41,-28
110000019,0,0,0
110000020,0,0,0
110000021,47,1,46
110000022,0,0,0
110000023,0,0,0
110000024,0,0,0
110000025,0,0,0
110000026,0,0,0
110000027,9,18,-9
110000028,183,11,172
110000029,0,0,0
110000030,63,11,52
110000031,0,0,0
110000032,186,1,185
110000033,1,2,-1
110000034,3,0,3
110000035,46,17,29
110000036,55,1,54
110000037,16,24,-8
110000038,20,0,20
110000039,178,68,110
110000040,0,0,0
110000041,251,171,80
110000042,0,0,0
110000043,112,144,-32
110000044,0,0,0
110000045,2,44,-42
110000046,0,0,0
110000047,0,22,-22
110000048,0,0,0
110000049,1,4,-3
110000050,0,0,0
110000051,1,3,-2
110000052,3,5,-2
110000053,1,0,1
110000054,0,0,0
110000055,20,8,12
110000056,139,64,75
110000057,0,0,0
110000058,162,130,32
110000059,21,96,-75
110000060,867,237,630
110000061,69,158,-89
110000062,826,195,631
110000063,0,0,0
110000064,15,1,14
110000065,0,0,0
110000066,0,0,0
110000067,2,1,1
110000068,1,2,-1
110000069,0,0,0
110000071,0,0,0
110000073,0,0,0
110000075,0,0,0
110000076,0,0,0
110000077,0,0,0
110000078,0,0,0
110000080,33,12,21
110000081,0,0,0
110000082,0,0,0
110000083,55,130,-75
110000084,481,122,359
110000085,351,444,-93
110000086,494,303,191
110000087,0,27,-27
110000088,1,140,-139
110000089,429,5,424
110000090,0,0,0
110000091,0,0,0
110000092,0,0,0
110000093,118,4,114
110000094,27,3,24
110000095,486,67,419
110000096,156,61,95
110000097,734,87,647
110000098,425,43,382
110000099,88,94,-6
110000100,70,0,70
110000101,0,0,0
110000102,0,0,0
110000104,0,0,0
110000105,17,12,5
110000106,0,0,0
110000107,2,30,-28
110000108,448,2,446
110000109,0,0,0
110000110,955,189,766
110000111,0,0,0
110000112,0,0,0
110000113,0,0,0
110000114,0,3,-3
110000115,7,23,-16
110000116,1,19,-18
110000117,0,0,0
110000118,147,25,122
110000119,0,0,0
110000120,117,11,106
110000121,0,0,0
110000122,24,3,21
110000123,51,121,-70
110000124,0,0,0
110000125,326,10,316
110000126,79,16,63
110000127,350,13,337
110000128,0,0,0
110000129,0,0,0
110000130,52,15,37
110000131,0,0,0
110000132,0,0,0
110000133,0,0,0
110000134,0,0,0
110000135,30,0,30
110000136,0,0,0
110000137,104,1,103
110000138,0,0,0
110000139,141,5,136
110000140,709,13,696
110000143,141,11,130
110000144,1210,427,783
110000145,300,146,154
110000146,820,95,725
110000147,0,0,0
110000148,79,21,58
110000151,27,56,-29
110000152,0,0,0
110000153,0,0,0
110000154,0,5,-5
110000155,114,522,-408
110000156,8,182,-174
110000157,60,306,-246
110000160,0,0,0
110000161,0,0,0
110000166,0,0,0
110000167,350,54,296
110000168,626,55,571
110000169,249,107,142
110000170,89,21,68
110000171,216,26,190
110000172,15,56,-41
110000173,51,22,29
110000174,0,0,0
110000175,71,6,65
110000176,19,22,-3
110000177,32,39,-7
110000178,204,75,129
110000179,41,77,-36
110000180,50,69,-19
110000181,110,14,96
110000182,97,8,89
110000183,308,125,183
110000184,82,87,-5
110000185,0,0,0
110000186,0,0,0
110000191,174,0,174
110000192,0,0,0
110000193,0,0,0
110000194,0,0,0
110000195,0,0,0
110000196,0,0,0
110000197,0,0,0
110000198,0,0,0
110000199,0,0,0
110000200,3,0,3
110000201,0,0,0
110000202,0,0,0
110000203,0,0,0
110000204,0,0,0
110000205,0,0,0
110000206,0,0,0
110000207,0,0,0
110000208,0,0,0
110000209,0,0,0
110000210,700,178,522
110000211,705,222,483
110000212,128,29,99
110000213,4,1,3
110000214,36,1,35
110000215,0,0,0
110000216,0,0,0
110000217,154,0,154
110000218,0,0,0
110000219,73,0,73
110000220,0,0,0
110000221,37,0,37
110000222,0,0,0
110000223,0,0,0
110000224,0,0,0
110000225,0,0,0
110000226,362,17,345
110000227,0,0,0
110000228,30,0,30
110000229,0,0,0
110000230,373,70,303
110000231,85,60,25
110000232,0,0,0
110000233,71,39,32
110000234,143,14,129
110000235,163,128,35
110000236,0,0,0
110000237,0,0,0
110000238,388,104,284
110000239,0,0,0
110000240,0,0,0
110000242,0,0,0
110000243,0,0,0
110000244,0,0,0
110000245,0,0,0
110000246,24,12,12
110000247,65,130,-65
110000248,49,65,-16
110000249,0,0,0
110000250,0,5,-5
110000251,10,33,-23
110000252,76,2,74
110000253,77,20,57
110000254,0,0,0
110000255,0,0,0
110000256,33,42,-9
110000257,26,12,14
110000258,0,2,-2
110000259,0,0,0
110000260,8,1,7
110000263,0,0,0
110000264,8,7,1
110000265,1121,171,950
110000266,460,381,79
110000267,0,0,0
110000268,5,0,5
110000269,0,0,0
110000270,57,0,57
110000271,189,24,165
110000272,197,276,-79
110000273,95,166,-71
110000274,41,131,-90
110000275,140,53,87
110000276,2,114,-112
110000277,553,130,423
110000278,17,160,-143
110000279,441,83,358
110000280,384,24,360
110000281,0,0,0
110000282,50,0,50
110000283,0,0,0
110000284,0,0,0
110000285,0,0,0
110000286,10,9,1
110000287,0,0,0
110000288,0,0,0
110000289,0,0,0
110000290,0,0,0
110000291,218,3,215
110000292,0,0,0
110000293,273,4,269
110000294,0,0,0
110000295,83,19,64
110000296,0,0,0
110000297,0,0,0
110000298,0,0,0
110000299,0,0,0
110000301,0,0,0
110000302,0,0,0
110000303,0,0,0
110000304,0,0,0
110000305,112,0,112
110000306,0,0,0
110000307,84,0,84
110000308,176,3,173
110000309,0,0,0
110000310,88,0,88
110000311,0,0,0
110000312,25,1,24
110000313,0,0,0
110000314,0,0,0
110000315,80,265,-185
110000316,4,189,-185
110000317,0,0,0
110000318,0,0,0
110000319,0,0,0
110000320,0,0,0
110000321,0,0,0
110000322,1,34,-33
110000323,0,0,0
110000324,0,0,0
110000325,609,423,186
110000327,198,1,197
110000328,0,0,0
110000333,67,161,-94
110000334,0,21,-21
110000335,28,27,1
110000336,4,18,-14
110000337,760,160,600
110000338,44,20,24
110000339,46,41,5
110000340,0,1,-1
110000341,71,4,67
110000342,20,0,20
110000343,0,0,0
110000344,0,0,0
110000345,6,3,3
110000346,276,254,22
110000347,630,257,373
110000348,0,0,0
110000349,0,0,0
110000350,28,0,28
110000351,436,113,323
110000352,0,0,0
110000353,878,56,822
110000354,0,12,-12
110000355,0,0,0
110000356,184,1,183
110000357,0,0,0
110000361,0,0,0
110000362,1,18,-17
110000363,96,1,95
110000364,120,63,57
110000365,26,0,26
110000366,0,0,0
110000367,0,0,0
110000368,0,0,0
110000369,5,0,5
110000373,0,0,0
110000374,0,0,0
110000375,112,37,75
110000376,0,0,0
110000377,94,127,-33
110000378,0,0,0
110000379,625,185,440
110000380,128,3,125
110000383,0,0,0
110000384,128,0,128
110000385,0,0,0
110000387,21,0,21
110000388,0,0,0
110000389,660,27,633
110000391,222,12,210
110000396,0,0,0
110000397,0,0,0
110000398,0,0,0
110000399,503,7,496
110000587,0,0,0
110000589,1,0,1
110000640,0,0,0
110000652,0,0,0
110000653,0,0,0
110000654,0,0,0
110000656,0,0,0
110000674,0,0,0
110000675,0,0,0
110000676,0,0,0
110000679,0,0,0
110000682,9,36,-27
110000683,77,17,60
110000684,0,0,0
110000685,18,7,11
110000686,0,0,0
110000687,8,0,8
110000688,45,0,45
110000689,0,0,0
110000692,0,3,-3
110000693,0,0,0
110000694,0,0,0
110000695,0,0,0
110000696,43,5,38
110900001,0,0,0
110900002,0,0,0
110900003,0,0,0
110900004,0,0,0
110900005,0,0,0
110900006,0,0,0
110900007,0,0,0
110900008,0,0,0
110900009,0,0,0
110900010,0,0,0
110900011,0,0,0
110900012,0,0,0
110900013,0,0,0
110900014,0,0,0
110900015,0,0,0
110900016,0,0,0
110900017,0,0,0
110900018,0,0,0
110900019,0,0,0
110900020,0,0,0
110900021,0,0,0
110900022,0,0,0
110900023,0,0,0
110900024,0,0,0
110900025,0,0,0
110900027,0,0,0
110900028,0,0,0
110900029,0,0,0
110900030,0,0,0
110900031,0,0,0
110900032,0,0,0
110900033,0,0,0
110900035,0,0,0
110900036,0,0,0
110900037,0,0,0
110900038,0,0,0
110900039,0,0,0
110900040,0,0,0
110900041,0,0,0
110900042,0,0,0
110900043,0,0,0
110900044,0,0,0
110900045,0,0,0
110900046,0,0,0
110900047,0,0,0
110900049,0,0,0
110900050,0,0,0
110900051,0,0,0
110900052,0,0,0
110900053,0,0,0
110900054,0,0,0
110900055,0,0,0
110900056,0,0,0
110900057,0,0,0
110900058,0,0,0
110900059,0,0,0
110900060,0,0,0
110900061,0,0,0
110900062,0,0,0
110900063,0,0,0
110900064,0,0,0
110900065,0,0,0
110900066,0,0,0
110900067,0,0,0
110900068,0,0,0
110900069,0,0,0
110900070,0,0,0
110900071,0,0,0
110900073,0,0,0
110900074,0,0,0
110900075,0,0,0
110900077,0,0,0
110900078,0,0,0
110900079,0,0,0
110900080,0,0,0
110900081,0,0,0
110900082,0,0,0
110900083,0,0,0
110900084,0,0,0
110900085,0,0,0
110900086,0,0,0
110900087,0,0,0
110900088,0,0,0
110900090,0,0,0
110900091,0,0,0
110900093,0,0,0
110900095,0,0,0
110900097,0,0,0
110900098,0,0,0
110900099,0,0,0
110900100,0,0,0
110900102,0,0,0
110900105,0,0,0
110900108,0,0,0
110900111,0,0,0
110900112,0,0,0
110900113,0,0,0
110900115,0,0,0
110900116,0,0,0
110900118,0,0,0
110900119,0,0,0
110900120,0,0,0
110900121,0,0,0
110900122,0,0,0
110900125,0,0,0
110900127,0,0,0
110900128,0,0,0
110900129,0,0,0
110900130,0,0,0
110900131,0,0,0
110900132,0,0,0
110900133,0,0,0
110900135,0,0,0
110900136,0,0,0
110900137,0,0,0
110900138,0,0,0
110900139,0,0,0
110900140,0,0,0
110900141,0,0,0
110900142,0,0,0
110900143,0,0,0
110900144,0,0,0
110900145,0,0,0
110900146,0,0,0
110900147,0,0,0
110900148,0,0,0
110900149,0,0,0
110900150,0,0,0
110900151,0,0,0
110900152,0,0,0
110900153,0,0,0
111000001,105,22,83
111000002,0,0,0
111000003,494,78,416
111000004,0,0,0
111000005,497,93,404
111000006,0,0,0
111000007,789,108,681
111000008,0,0,0
111000009,2,136,-134
111000010,611,169,442
111000011,5,10,-5
111000012,312,78,234
111000013,21,48,-27
111000014,647,146,501
111000017,0,0,0
111000018,0,0,0
111000020,0,0,0
111000021,49,6,43
111000023,82,3,79
111000025,85,266,-181
111000029,0,0,0
111000030,0,0,0
111000031,563,179,384
111000032,106,22,84
111000033,44,16,28
111000034,7,23,-16
111000037,0,0,0
111000038,8,11,-3
111000039,20,6,14
111000040,6,12,-6
111000041,0,0,0
111000042,0,0,0
111000043,1130,231,899
111000044,919,138,781
111000045,1000,397,603
111000046,438,173,265
111000047,581,249,332
111000049,94,56,38
111000050,0,0,0
111000051,0,0,0
111000052,0,0,0
111000053,0,0,0
111000054,0,0,0
111000055,5,0,5
111000056,0,0,0
111000057,0,0,0
111000058,108,20,88
111000059,318,64,254
111000060,1758,139,1619
111000061,62,60,2
111000062,490,26,464
111000063,748,90,658
111000064,744,87,657
111000065,802,63,739
111000066,190,25,165
111000067,0,0,0
111000068,0,0,0
111000069,0,0,0
111000070,0,0,0
111000071,0,0,0
111000072,1046,116,930
111000073,381,187,194
111000074,1018,223,795
111000075,197,17,180
111000076,303,51,252
111000077,830,193,637
111000078,197,21,176
111000079,334,49,285
111000080,234,47,187
111000081,127,108,19
111000082,175,35,140
111000084,76,149,-73
111000085,44,38,6
111000086,95,31,64
111000087,85,16,69
111000088,206,71,135
111000089,109,67,42
111000090,34,51,-17
111000091,0,0,0
111000092,0,0,0
111000093,0,0,0
111000094,82,4,78
111000095,7,13,-6
111000096,72,41,31
111000097,0,0,0
111000098,0,0,0
111000099,0,0,0
111000100,0,0,0
111000101,0,0,0
111000102,0,0,0
111000104,141,38,103
111000107,0,0,0
111000109,88,54,34
111000110,280,106,174
111000111,1097,48,1049
111000112,1283,39,1244
111000113,552,166,386
111000114,356,158,198
111000115,1546,187,1359
111000116,307,58,249
111000117,97,24,73
111000118,229,30,199
111000119,290,77,213
111000120,289,35,254
111000121,186,73,113
111000122,18,22,-4
111000123,11,3,8
111000124,0,0,0
111000125,0,0,0
111000126,0,0,0
111000127,272,4,268
111000128,927,6,921
111000129,1341,23,1318
111000130,1328,46,1282
111000131,1008,46,962
111000132,523,70,453
111000133,10,22,-12
111000134,77,12,65
111000135,0,0,0
111000136,333,5,328
111000138,9,0,9
111000140,0,0,0
111000141,3,8,-5
111000142,0,0,0
111000143,0,0,0
111000144,0,0,0
111000145,23,1,22
111000146,1,0,1
111000147,20,1,19
111000148,78,3,75
111000149,0,0,0
111000150,45,0,45
111000151,0,0,0
111000153,115,2,113
111000154,5,0,5
111000155,60,3,57
111000156,197,57,140
111000157,101,142,-41
111000158,235,207,28
111000159,405,166,239
111000160,67,36,31
111000161,1,71,-70
111000162,0,0,0
111000163,0,0,0
111000164,0,0,0
111000165,84,4,80
111000166,0,0,0
111000167,0,0,0
111000168,22,21,1
111000169,38,24,14
111000170,51,11,40
111000171,48,11,37
111000172,8,5,3
111000173,33,17,16
111000174,16,6,10
111000175,1,6,-5
111000176,0,0,0
111000177,0,0,0
111000178,0,0,0
111000179,0,0,0
111000180,0,0,0
111000181,122,0,122
111000182,57,1,56
111000183,42,15,27
111000184,120,16,104
111000185,10,13,-3
111000186,8,2,6
111000187,12,5,7
111000188,8,7,1
111000189,0,0,0
111000190,0,0,0
111000191,0,0,0
111000192,0,0,0
111000193,0,0,0
111000194,0,0,0
111000195,0,0,0
111000196,0,0,0
111000197,118,7,111
111000198,137,10,127
111000199,47,20,27
111000200,321,25,296
111000201,153,6,147
111000202,111,8,103
111000203,197,25,172
111000204,33,249,-216
111000213,148,33,115
111000214,197,49,148
111000215,230,74,156
111000217,410,25,385
111000218,96,170,-74
111000219,0,0,0
111000220,169,29,140
111000221,39,13,26
111000224,0,0,0
111000225,34,48,-14
111000226,1,3,-2
111000227,0,0,0
111000228,0,0,0
111000229,0,0,0
111000230,11,8,3
111000231,231,11,220
111000232,0,0,0
111000233,0,0,0
111000234,0,0,0
111000239,0,0,0
111000240,31,23,8
111000241,0,0,0
111000242,51,9,42
111000243,0,0,0
111000244,106,2,104
111000245,260,59,201
111000246,139,27,112
111000247,0,0,0
111000248,108,61,47
111000249,0,0,0
111000250,0,0,0
111000251,0,0,0
111000253,0,0,0
111000255,0,0,0
111000257,0,0,0
111000260,0,0,0
111000261,99,8,91
111000271,0,0,0
111000273,109,25,84
111000274,277,263,14
111000275,39,3,36
111000276,0,0,0
111000277,0,0,0
111000278,141,6,135
111000291,290,575,-285
111000298,0,4,-4
111000299,98,0,98
111000300,0,0,0
111000302,0,0,0
111000303,0,0,0
111000312,0,0,0
111000315,0,0,0
111000320,25,15,10
111000321,14,26,-12
111000322,79,17,62
111000323,5,1,4
111000324,11,2,9
111000325,0,0,0
111000326,1,0,1
111000327,65,35,30
111000328,38,64,-26
111000329,0,0,0
111000330,6,0,6
111000331,27,0,27
111000332,114,98,16
111000334,22,47,-25
111000335,64,0,64
111000337,130,0,130
111000338,0,0,0
111000339,1,0,1
111000340,21,9,12
111000341,214,11,203
111000342,0,0,0
111000344,256,26,230
111000345,12,6,6
111000346,0,0,0
111000347,0,0,0
111000350,21,36,-15
111000351,0,0,0
111000352,48,5,43
111000353,0,0,0
111000354,69,7,62
111000355,0,0,0
111000358,48,20,28
111000360,38,4,34
111000361,90,2,88
111000546,4,0,4
111000547,143,9,134
111000548,2,0,2
111000549,145,4,141
111000550,0,1,-1
111000551,58,10,48
111000552,20,15,5
111000907,217,1,216
111000908,5,0,5
111000916,129,1,128
111000917,0,0,0
111000918,22,14,8
111000920,49,0,49
111000921,0,0,0
111000922,1,0,1
111000924,0,0,0
111000925,2121,329,1792
111000926,40,88,-48
111000927,1963,516,1447
111000928,164,338,-174
111000929,1468,263,1205
111000930,16,148,-132
111000931,1903,356,1547
111000932,73,148,-75
111000933,1858,632,1226
111000934,20,152,-132
111000935,1066,174,892
111000936,7,98,-91
111000937,565,217,348
111000938,8,117,-109
111000939,225,4,221
111000940,0,0,0
111000941,46,8,38
111000943,0,0,0
111000944,30,1,29
111000945,23,0,23
111001109,112,15,97
111001110,0,0,0
111001111,0,0,0
111001112,230,3,227
111001113,2,238,-236
111001114,5,1,4
111001115,0,0,0
111001116,568,123,445
111001117,0,0,0
111001120,45,10,35
111001121,0,0,0
111001122,0,0,0
111001123,7,9,-2
111001124,0,0,0
111900001,0,0,0
111900002,0,0,0
111900003,0,0,0
111900004,0,0,0
111900006,0,0,0
111900007,0,0,0
111900008,0,0,0
111900009,0,0,0
111900010,0,0,0
111900012,0,0,0
111900013,0,0,0
111900014,20,0,20
111900015,0,0,0
111900016,0,0,0
111900017,0,0,0
111900018,0,0,0
111900019,0,0,0
111900020,0,0,0
111900021,0,0,0
111900022,0,0,0
111900023,0,0,0
111900024,0,0,0
111900025,0,0,0
111900026,0,0,0
111900027,0,0,0
111900028,0,0,0
111900029,0,0,0
111900030,0,0,0
111900031,0,0,0
111900032,0,0,0
111900033,0,0,0
111900034,0,0,0
111900035,0,0,0
111900036,0,0,0
111900038,0,0,0
111900039,0,0,0
111900040,0,0,0
111900042,0,0,0
111900043,0,0,0
111900044,0,0,0
111900046,0,0,0
111900048,0,0,0
111900049,0,0,0
111900050,0,0,0
111900051,0,0,0
111900052,0,0,0
111900053,0,0,0
111900054,0,0,0
111900055,0,0,0
111900056,0,0,0
111900057,25,1,24
111900058,0,0,0
111900059,47,15,32
111900060,0,0,0
111900061,0,0,0
111900062,0,0,0
111900063,0,0,0
111900064,0,0,0
111900065,0,0,0
111900066,0,0,0
111900067,0,0,0
111900068,0,0,0
111900069,0,0,0
111900070,0,0,0
111900071,0,0,0
111900072,0,0,0
111900073,0,0,0
111900074,0,0,0
111900075,0,0,0
111900076,0,0,0
111900077,0,0,0
111900078,0,0,0
111900079,0,0,0
111900080,0,0,0
111900081,0,0,0
111900082,0,0,0
111900083,0,0,0
111900084,0,0,0
111900085,0,0,0
111900086,0,0,0
111900087,0,0,0
111900088,0,0,0
111900089,0,0,0
111900090,0,0,0
111900091,0,0,0
111900092,0,0,0
111900093,0,0,0
111900094,0,0,0
111900095,0,0,0
111900096,0,0,0
111900097,0,0,0
111900098,0,0,0
111900099,0,0,0
111900100,0,0,0
111900101,0,0,0
111900102,0,0,0
111900103,0,0,0
111900104,0,0,0
111900105,0,0,0
111900106,0,0,0
111900107,0,0,0
111900108,0,0,0
111900109,0,0,0
111900110,0,0,0
111900111,33,3,30
111900112,0,0,0
111900113,0,0,0
111900114,0,0,0
111900115,0,0,0
111900118,0,0,0
111900119,0,0,0
111900122,0,0,0
111900123,0,0,0
111900124,0,0,0
111900125,0,0,0
111900126,0,0,0
111900127,0,0,0
111900128,0,0,0
111900129,0,0,0
111900130,0,0,0
111900131,0,0,0
111900132,0,0,0
111900133,0,0,0
111900134,0,0,0
111900135,0,0,0
111900136,0,0,0
111900137,0,0,0
111900138,0,0,0
111900139,0,0,0
111900140,0,0,0
111900141,0,0,0
111900142,0,0,0
111900143,0,0,0
111900144,0,0,0
111900145,0,0,0
111900146,0,0,0
111900147,0,0,0
111900148,0,0,0
111900149,0,0,0
111900150,0,0,0
111900151,0,0,0
111900152,0,0,0
111900153,0,0,0
111900154,0,0,0
111900155,0,0,0
111900156,0,0,0
111900157,0,0,0
111900158,0,0,0
111900159,0,0,0
111900160,0,0,0
111900161,0,0,0
111900162,0,0,0
111900163,0,0,0
111900164,0,0,0
111901113,0,0,0
111901114,0,0,0
111901115,0,0,0
111901116,0,0,0
111901117,0,0,0
111901118,0,0,0
111901119,0,0,0
111901120,0,0,0
111901121,0,0,0
111901122,0,0,0
111901123,0,0,0
111901124,0,0,0
111901125,28,19,9
111901126,0,0,0
111901127,0,0,0
111901128,0,0,0
111901129,0,0,0
111901130,0,0,0
111901131,0,0,0
111901132,0,0,0
111901133,0,0,0
111901134,0,0,0
111901135,0,0,0
111901136,0,0,0
111901137,0,0,0
111901138,0,0,0
111901139,0,0,0
111901140,0,0,0
111901141,0,0,0
111901142,0,0,0
111901143,0,0,0
111901144,0,0,0
111901145,0,0,0
111901146,0,0,0
112000001,1321,416,905
112000002,0,0,0
112000003,558,125,433
112000004,0,0,0
112000005,3016,1365,1651
112000006,0,0,0
112000007,1264,1067,197
112000008,1865,1838,27
112000009,710,53,657
112000010,456,809,-353
112000011,139,36,103
112000012,741,1393,-652
112000013,124,97,27
112000014,186,522,-336
112000015,0,0,0
112000016,101,306,-205
112000017,0,0,0
112000024,0,0,0
112000026,0,0,0
112000027,646,434,212
112000028,0,0,0
112000029,1,0,1
112000030,0,0,0
112000031,0,55,-55
112000032,0,0,0
112000033,2,40,-38
112000034,0,0,0
112000035,0,0,0
112000036,0,0,0
112000037,0,0,0
112000038,0,0,0
112000039,22,8,14
112000040,0,0,0
112000041,0,0,0
112000042,0,0,0
112000050,772,482,290
112000051,612,925,-313
112000054,45,208,-163
112000057,0,0,0
112000058,0,1,-1
112000059,0,0,0
112000061,0,0,0
112000062,11,91,-80
112000063,0,0,0
112000064,0,0,0
112000065,0,0,0
112000066,84,379,-295
112000067,0,0,0
112000068,121,232,-111
112000069,0,0,0
112000070,53,67,-14
112000071,0,0,0
112000072,278,27,251
112000073,0,0,0
112000074,161,41,120
112000075,384,138,246
112000076,113,48,65
112000077,109,11,98
112000078,262,25,237
112000079,89,18,71
112000080,31,25,6
112000081,51,116,-65
112000082,118,105,13
112000083,144,33,111
112000084,212,87,125
112000085,434,34,400
112000086,360,48,312
112000087,80,9,71
112000088,83,50,33
112000089,14,12,2
112000090,8,8,0
112000091,36,22,14
112000092,1032,94,938
112000093,115,22,93
112000094,496,120,376
112000095,158,8,150
112000096,494,55,439
112000097,537,516,21
112000098,0,0,0
112000099,48,1150,-1102
112000100,708,146,562
112000101,0,0,0
112000102,418,53,365
112000103,0,0,0
112000105,0,0,0
112000106,390,43,347
112000107,1,12,-11
112000108,0,0,0
112000109,11,4,7
112000110,246,12,234
112000111,6,23,-17
112000112,369,15,354
112000113,11,20,-9
112000114,385,54,331
112000115,0,0,0
112000116,0,0,0
112000117,0,0,0
112000118,0,0,0
112000119,0,0,0
112000120,0,0,0
112000121,0,0,0
112000122,56,7,49
112000123,197,16,181
112000124,27,19,8
112000125,59,34,25
112000126,0,0,0
112000127,52,162,-110
112000128,0,0,0
112000129,110,3,107
112000130,0,0,0
112000131,0,0,0
112000132,0,0,0
112000133,62,0,62
112000134,112,9,103
112000135,268,48,220
112000136,5,0,5
112000137,308,89,219
112000138,11,0,11
112000139,7,32,-25
112000140,0,0,0
112000141,54,3,51
112000142,0,0,0
112000143,185,0,185
112000144,0,0,0
112000145,301,15,286
112000146,0,0,0
112000147,177,27,150
112000148,0,0,0
112000149,4,5,-1
112000150,0,0,0
112000151,7,1,6
112000152,0,0,0
112000153,5,5,0
112000154,73,0,73
112000155,0,0,0
112000157,19,322,-303
112000158,54,6,48
112000159,0,0,0
112000167,0,0,0
112000169,0,0,0
112000173,0,0,0
112000175,5,3,2
112000176,0,0,0
112000177,0,0,0
112000178,0,0,0
112000179,0,0,0
112000180,0,0,0
112000181,42,12,30
112000182,225,7,218
112000183,29,2,27
112000184,18,1,17
112000185,0,0,0
112000187,0,0,0
112000195,0,0,0
112000196,0,0,0
112000197,0,0,0
112000198,0,0,0
112000199,0,0,0
112000202,433,1,432
112000216,0,0,0
112000230,0,0,0
112000231,0,0,0
112000256,58,83,-25
112000313,0,0,0
112000314,0,0,0
112000337,0,0,0
112000352,0,0,0
112000392,109,164,-55
112000398,310,79,231
112000399,145,1653,-1508
112000400,6,68,-62
112000401,76,63,13
112000402,619,1788,-1169
112000403,157,877,-720
112000404,174,359,-185
112000405,1146,796,350
112000406,27,79,-52
112000407,2969,560,2409
112000408,88,127,-39
112000409,19,109,-90
112000410,0,0,0
112000411,0,0,0
112000412,0,0,0
112000413,0,0,0
112000414,0,0,0
112000415,0,0,0
112000416,943,166,777
112000417,10,21,-11
112000421,0,0,0
112000422,32,0,32
112000424,0,0,0
112000425,0,0,0
112000426,0,0,0
112000427,0,0,0
112000428,0,0,0
112000429,504,468,36
112000430,476,778,-302
112000431,38,18,20
112000432,0,0,0
112000433,20,92,-72
112000437,0,11,-11
112900001,0,0,0
112900002,0,0,0
112900003,0,0,0
112900004,0,0,0
112900005,0,0,0
112900006,0,0,0
112900007,0,0,0
112900008,0,0,0
112900009,0,0,0
112900010,0,0,0
112900011,0,0,0
112900012,0,0,0
112900013,0,0,0
112900014,0,0,0
112900015,0,0,0
112900016,0,0,0
112900017,0,0,0
112900018,0,0,0
112900019,0,0,0
112900020,0,0,0
112900021,0,0,0
112900022,0,0,0
112900023,0,0,0
112900024,0,0,0
112900025,0,0,0
112900026,0,0,0
112900027,0,0,0
112900028,0,0,0
112900029,0,0,0
112900030,0,0,0
112900031,0,0,0
112900032,0,0,0
112900034,0,0,0
112900035,0,0,0
112900036,0,0,0
112900037,0,0,0
112900038,0,0,0
112900039,0,0,0
112900040,0,0,0
112900041,0,0,0
112900042,0,0,0
112900043,0,0,0
112900044,0,0,0
112900045,0,0,0
112900046,0,0,0
112900047,0,0,0
112900049,0,0,0
112900050,0,0,0
112900051,0,0,0
112900052,0,0,0
112900053,0,0,0
112900054,0,0,0
112900055,0,0,0
112900056,0,0,0
112900057,0,0,0
112900058,0,0,0
112900059,0,0,0
112900060,0,0,0
112900061,0,0,0
112900062,0,0,0
112900063,0,0,0
112900064,0,0,0
112900065,0,0,0
112900066,0,0,0
112900067,0,0,0
112900068,0,0,0
112900069,0,0,0
112900071,0,0,0
112900072,0,0,0
112900073,0,0,0
112900074,0,0,0
112900075,0,0,0
112900076,0,0,0
112900078,0,0,0
112900079,0,0,0
112900080,0,0,0
112900081,0,0,0
112900082,0,0,0
112900083,0,0,0
112900084,0,0,0
112900085,0,0,0
112900086,0,0,0
112900087,0,0,0
112900088,0,0,0
112900089,0,0,0
112900090,0,0,0
112900091,0,0,0
112900092,0,0,0
112900093,0,0,0
112900094,0,0,0
112900095,0,0,0
112900096,0,0,0
112900097,0,0,0
112900098,0,0,0
112900099,0,0,0
112900100,0,0,0
112900101,0,0,0
112900102,0,0,0
112900103,0,0,0
112900104,0,0,0
112900105,0,0,0
112900106,0,0,0
112900107,0,0,0
112900108,0,0,0
112900109,0,0,0
112900110,0,0,0
112900111,0,0,0
112900112,0,0,0
112900113,0,0,0
112900114,0,0,0
112900115,0,0,0
112900116,0,0,0
112900117,0,0,0
112900118,0,0,0
112900119,0,0,0
112900120,0,0,0
112900121,0,0,0
112900122,0,0,0
112900123,0,0,0
112900124,0,0,0
112900125,0,0,0
112900126,0,0,0
112900127,0,0,0
112900128,0,0,0
112900129,0,0,0
112900130,0,0,0
112900131,0,0,0
112900132,0,0,0
112900133,0,0,0
112900134,0,0,0
112900135,0,0,0
112900136,0,0,0
112900137,0,0,0
112900138,0,0,0
112900139,0,0,0
112900140,0,0,0
112900141,0,0,0
112900142,0,0,0
112900143,0,0,0
112900144,0,0,0
112900145,0,0,0
112900146,0,0,0
112900147,0,0,0
112900148,0,0,0
112900149,0,0,0
112900151,0,0,0
112900152,0,0,0
112900153,0,0,0
112900154,0,0,0
112900155,0,0,0
112900156,0,0,0
112900157,0,0,0
112900158,0,0,0
112900159,0,0,0
112900160,0,0,0
112900161,0,0,0
112900162,0,0,0
112900163,0,0,0
112900164,0,0,0
112900165,0,0,0
112900166,0,0,0
112900167,0,0,0
112900168,0,0,0
112900169,0,0,0
112900170,0,0,0
112900172,0,0,0
112900173,0,0,0
112900174,0,0,0
112900175,0,0,0
112900176,0,0,0
112900177,0,0,0
112900178,0,0,0
112900179,0,0,0
112900180,0,0,0
112900181,0,0,0
112900182,0,0,0
112900183,0,0,0
112900184,0,0,0
112900185,0,0,0
112900186,0,0,0
112900187,0,0,0
112900188,0,0,0
112900189,0,0,0
112900190,0,0,0
112900192,0,0,0
112900193,0,0,0
112900194,0,0,0
112900195,0,0,0
112900196,0,0,0
112900197,0,0,0
112900199,0,0,0
112900200,0,0,0
112900201,0,0,0
112900202,0,0,0
112900203,0,0,0
112900204,0,0,0
112900205,0,0,0
112900206,0,0,0
112900207,0,0,0
112900208,0,0,0
112900209,0,0,0
112900210,0,0,0
112900211,0,0,0
112900212,0,0,0
112900213,0,0,0
112900214,0,0,0
112900215,0,0,0
112900216,0,0,0
112900217,0,0,0
112900218,0,0,0
112900219,0,0,0
112900220,0,0,0
112900221,0,0,0
112900222,0,0,0
112900223,0,0,0
112900224,0,0,0
112900225,0,0,0
112900226,0,0,0
112900227,0,0,0
112900228,0,0,0
112900229,0,0,0
112900230,0,0,0
112900232,0,0,0
112900233,0,0,0
112900234,0,0,0
112900235,0,0,0
112900236,0,0,0
112900237,0,0,0
112900238,0,0,0
112900239,0,0,0
113000001,301,327,-26
113000002,363,322,41
113000003,109,138,-29
113000004,98,114,-16
113000005,50,44,6
113000006,67,87,-20
113000007,63,40,23
113000008,106,60,46
113000009,68,37,31
113000010,162,60,102
113000011,0,0,0
113000012,737,45,692
113000013,13,71,-58
113000014,51,3,48
113000015,4,2,2
113000016,0,0,0
113000017,0,0,0
113000018,61,17,44
113000019,0,0,0
113000020,205,22,183
113000021,285,18,267
113000022,70,1,69
113000025,0,0,0
113000026,30,16,14
113000027,103,13,90
113000028,3,0,3
113000029,38,36,2
113000030,0,0,0
113000031,0,0,0
113000032,53,29,24
113000033,77,31,46
113000034,0,0,0
113000035,0,0,0
113000036,0,0,0
113000037,0,0,0
113000038,0,0,0
113000039,0,0,0
113000040,0,0,0
113000042,0,0,0
113000051,195,141,54
113000052,160,92,68
113000053,20,13,7
113000054,45,70,-25
113000055,135,31,104
113000056,147,60,87
113000058,0,0,0
113000059,276,58,218
113000060,0,0,0
113000061,114,75,39
113000062,0,0,0
113000063,0,0,0
113000064,0,0,0
113000065,3,11,-8
113000066,154,3,151
113000067,39,4,35
113000068,45,24,21
113000069,35,48,-13
113000070,62,18,44
113000071,21,17,4
113000072,118,2,116
113000073,0,71,-71
113000074,68,30,38
113000075,325,18,307
113000076,2,208,-206
113000077,152,100,52
113000078,0,0,0
113000079,0,0,0
113000080,60,75,-15
113000081,193,107,86
113000082,0,0,0
113000083,196,205,-9
113000084,13,4,9
113000085,169,223,-54
113000086,4,7,-3
113000087,113,520,-407
113000088,7,0,7
113000089,217,405,-188
113000090,5,40,-35
113000091,19,0,19
113000094,106,14,92
113000095,0,0,0
113000096,0,0,0
113000097,70,33,37
113000098,5,1,4
113000099,85,23,62
113000100,6,1,5
113000101,0,0,0
113000102,29,42,-13
113000103,0,0,0
113000104,366,161,205
113000105,782,148,634
113000106,0,0,0
113000107,263,562,-299
113000108,91,37,54
113000109,0,0,0
113000110,84,131,-47
113000111,0,0,0
113000112,12,77,-65
113000113,95,45,50
113000114,0,0,0
113000116,0,0,0
113000117,0,0,0
113000118,0,2,-2
113000119,0,0,0
113000120,0,2,-2
113000121,0,0,0
113000124,43,27,16
113000125,0,0,0
113000127,0,0,0
113000128,0,0,0
113000129,0,0,0
113000133,39,1,38
113000134,2,63,-61
113000135,1260,1086,174
113000137,408,436,-28
113000139,86,26,60
113000140,0,0,0
113000141,81,20,61
113000142,0,0,0
113000143,0,0,0
113000144,0,0,0
113000145,0,0,0
113000146,0,0,0
113000147,0,0,0
113000148,0,0,0
113000149,0,0,0
113000150,0,0,0
113000151,0,0,0
113000152,0,0,0
113000153,0,0,0
113000154,15,56,-41
113000155,55,47,8
113000156,0,0,0
113000157,0,0,0
113000158,29,1,28
113000159,45,0,45
113000160,0,0,0
113000161,0,0,0
113000162,0,0,0
113000163,0,0,0
113000164,0,0,0
113000166,88,2,86
113000167,0,0,0
113000168,0,0,0
113000169,126,15,111
113000170,254,26,228
113000171,0,0,0
113000172,81,6,75
113000173,6,5,1
113000174,0,0,0
113000175,58,27,31
113000176,243,17,226
113000177,0,0,0
113000178,0,0,0
113000179,71,19,52
113000180,100,6,94
113000181,88,9,79
113000182,12,10,2
113000183,3,60,-57
113000184,0,0,0
113000189,0,0,0
113000190,0,0,0
113000192,72,239,-167
113000193,125,34,91
113000194,31,28,3
113000195,45,55,-10
113000196,118,11,107
113000197,30,3,27
113000198,0,0,0
113000199,1,0,1
113000201,0,0,0
113000202,0,0,0
113000203,16,1,15
113000204,21,132,-111
113000205,0,0,0
113000206,0,0,0
113000207,0,0,0
113000208,0,0,0
113000209,0,0,0
113000210,0,0,0
113000211,0,0,0
113000212,0,0,0
113000213,17,2,15
113000214,0,0,0
113000234,0,0,0
113000410,0,7,-7
113000411,53,132,-79
113000412,615,271,344
113000413,407,390,17
113000414,423,434,-11
113000415,28,94,-66
113000416,97,70,27
113000417,33,81,-48
113000418,554,299,255
113000419,153,149,4
113000420,674,183,491
113000421,2325,1481,844
113000422,493,642,-149
113000423,523,445,78
113000424,871,475,396
113000425,0,0,0
113000428,0,0,0
113000430,0,0,0
113000432,269,2,267
113000433,0,0,0
113000434,0,0,0
113000435,0,0,0
113000436,0,0,0
113000437,81,0,81
113000438,3,0,3
113000439,0,0,0
113000440,0,0,0
113000441,0,1,-1
113000442,0,0,0
113000443,1,0,1
113000444,0,0,0
113000445,3,0,3
113000446,0,0,0
113000448,0,0,0
113000449,0,1,-1
113000450,1,1,0
113000451,0,0,0
113000452,22,8,14
113000453,0,0,0
113000454,1,3,-2
113000455,0,0,0
113000456,0,0,0
113000468,0,0,0
113000469,0,0,0
113000470,0,0,0
113000471,0,0,0
113000472,0,0,0
113000474,23,85,-62
113000475,95,84,11
113000476,266,391,-125
113000477,1003,374,629
113000478,474,202,272
113000479,0,0,0
113000480,0,0,0
113000485,0,0,0
113000486,0,0,0
113000487,0,0,0
113000488,0,0,0
113000489,0,0,0
113000490,0,0,0
113000491,0,0,0
113000492,0,0,0
113000493,0,0,0
113000495,0,0,0
113000496,1,0,1
113000497,0,0,0
113000499,0,0,0
113000500,0,0,0
113900001,0,0,0
113900002,0,0,0
113900003,0,0,0
113900004,0,0,0
113900005,0,0,0
113900006,0,0,0
113900007,0,0,0
113900008,0,0,0
113900009,0,0,0
113900010,0,0,0
113900011,0,0,0
113900012,0,0,0
113900013,0,0,0
113900014,0,0,0
113900015,0,0,0
113900016,0,0,0
113900017,0,0,0
113900018,0,0,0
113900019,0,0,0
113900020,0,0,0
113900022,0,0,0
113900023,0,0,0
113900024,0,0,0
113900025,0,0,0
113900026,0,0,0
113900027,0,0,0
113900028,0,0,0
113900029,0,0,0
113900030,0,0,0
113900031,0,0,0
113900032,0,0,0
113900033,0,0,0
113900035,0,0,0
113900036,0,0,0
113900037,0,0,0
113900038,0,0,0
113900039,0,0,0
113900040,0,0,0
113900041,0,0,0
113900042,0,0,0
113900043,0,0,0
113900044,0,0,0
113900045,0,0,0
113900046,0,0,0
113900047,0,0,0
113900048,0,0,0
113900049,0,0,0
113900050,0,0,0
113900051,0,0,0
113900052,0,0,0
113900053,0,0,0
113900054,0,0,0
113900055,0,0,0
113900056,0,0,0
113900057,0,0,0
113900058,0,0,0
113900059,0,0,0
113900060,0,0,0
113900061,0,0,0
113900062,0,0,0
113900063,0,0,0
113900064,0,0,0
113900065,0,0,0
113900066,0,0,0
113900067,0,0,0
113900068,0,0,0
113900069,0,0,0
113900070,0,0,0
113900071,0,0,0
113900072,0,0,0
113900073,0,0,0
113900074,0,0,0
113900075,0,0,0
113900076,0,0,0
113900077,0,0,0
113900078,0,0,0
113900079,0,0,0
113900080,0,0,0
113900081,0,0,0
113900082,0,0,0
113900083,0,0,0
113900084,0,0,0
113900085,0,0,0
113900086,0,0,0
113900087,0,0,0
113900088,0,0,0
113900089,0,0,0
113900090,0,0,0
113900091,0,0,0
113900092,0,0,0
113900093,0,0,0
113900094,0,0,0
113900095,0,0,0
113900096,0,0,0
113900097,0,0,0
113900098,0,0,0
113900099,0,0,0
113900100,0,0,0
113900101,0,0,0
113900102,0,0,0
113900103,0,0,0
113900104,0,0,0
113900105,0,0,0
113900106,0,0,0
113900107,0,0,0
113900108,0,0,0
113900109,0,0,0
113900110,0,0,0
113900111,0,0,0
113900112,0,0,0
113900113,0,0,0
113900114,0,0,0
113900115,0,0,0
113900116,0,0,0
113900117,0,0,0
113900118,0,0,0
113900119,0,0,0
113900120,0,0,0
113900121,0,0,0
113900122,0,0,0
113900123,0,0,0
113900124,0,0,0
113900125,0,0,0
113900126,0,0,0
113900127,0,0,0
113900128,0,0,0
113900129,0,0,0
113900130,0,0,0
113900131,0,0,0
113900132,0,0,0
113900133,0,0,0
113900135,0,0,0
113900136,0,0,0
113900137,0,0,0
113900138,0,0,0
113900139,0,0,0
113900140,0,0,0
113900141,0,0,0
113900142,0,0,0
113900143,0,0,0
113900144,0,0,0
113900145,0,0,0
113900146,0,0,0
113900148,0,0,0
113900149,0,0,0
113900150,0,0,0
113900151,0,0,0
113900152,0,0,0
113900153,0,0,0
113900154,0,0,0
113900155,0,0,0
113900156,0,0,0
113900157,0,0,0
113900158,0,0,0
113900159,0,0,0
113900160,0,0,0
113900161,0,0,0
113900162,0,0,0
113900163,0,0,0
113900164,0,0,0
113900165,0,0,0
113900166,0,0,0
113900167,0,0,0
113900168,0,0,0
113900169,0,0,0
113900171,0,0,0
113900172,0,0,0
113900173,0,0,0
113900174,0,0,0
113900175,0,0,0
113900176,0,0,0
113900177,0,0,0
113900178,0,0,0
113900179,0,0,0
113900180,0,0,0
113900181,0,0,0
113900182,0,0,0
113900183,0,0,0
113900184,0,0,0
113900185,0,0,0
113900186,0,0,0
113900187,0,0,0
113900188,0,0,0
113900189,0,0,0
113900190,0,0,0
113900191,0,0,0
113900192,0,0,0
113900193,0,0,0
113900194,0,0,0
113900195,0,0,0
113900196,0,0,0
113900197,0,0,0
113900198,0,0,0
113900199,0,0,0
113900200,0,0,0
113900201,0,0,0
113900202,0,0,0
113900203,0,0,0
113900204,0,0,0
113900205,0,0,0
113900206,0,0,0
113900207,0,0,0
113900208,0,0,0
113900209,0,0,0
113900210,0,0,0
113900211,0,0,0
113900212,0,0,0
113900214,0,0,0
113900215,0,0,0
113900216,0,0,0
113900217,0,0,0
113900218,0,0,0
113900219,0,0,0
113900220,0,0,0
113900221,0,0,0
113900222,0,0,0
113900223,0,0,0
113900224,0,0,0
113900225,0,0,0
113900226,0,0,0
113900227,0,0,0
113900228,0,0,0
113900229,0,0,0
113900230,0,0,0
113900231,0,0,0
113900232,0,0,0
113900233,0,0,0
113900234,0,0,0
113900235,0,0,0
113900236,0,0,0
113900237,0,0,0
113900238,0,0,0
113900239,0,0,0
113900240,0,0,0
113900241,0,0,0
113900242,0,0,0
113900243,0,0,0
113900244,0,0,0
113900245,0,0,0
113900246,0,0,0
113900247,0,0,0
113900248,0,0,0
113900249,0,0,0
113900250,0,0,0
113900251,0,0,0
113900252,0,0,0
113900253,0,0,0
113900254,0,0,0
113900255,0,0,0
113900256,0,0,0
113900257,0,0,0
113900258,0,0,0
113900259,0,0,0
113900260,0,0,0
113900261,0,0,0
113900262,0,0,0
113900263,0,0,0
113900264,0,0,0
113900265,0,0,0
113900266,0,0,0
113900267,0,0,0
113900268,0,0,0
113900269,0,0,0
113900270,0,0,0
113900271,0,0,0
113900273,0,0,0
113900274,0,0,0
113900275,0,0,0
113900276,0,0,0
113900277,0,0,0
113900278,0,0,0
113900279,0,0,0
113900280,0,0,0
113900281,0,0,0
113900282,0,0,0
113900283,0,0,0
113900284,0,0,0
113900285,0,0,0
113900286,0,0,0
113900287,0,0,0
113900288,0,0,0
113900289,0,0,0
113900290,0,0,0
113900291,0,0,0
113900292,0,0,0
113900293,0,0,0
113900294,0,0,0
113900295,9,12,-3
113900296,0,0,0
113900297,0,0,0
113900298,0,0,0
113900299,0,0,0
113900300,0,0,0
113900301,0,0,0
113900302,0,0,0
113900303,0,0,0
113900304,0,0,0
113900305,0,0,0
113900306,0,0,0
113900307,0,0,0
113900308,0,0,0
113900309,0,0,0
113900310,0,0,0
113900311,0,0,0
113900312,0,0,0
113900313,0,0,0
114000001,265,87,178
114000002,63,40,23
114000003,0,0,0
114000004,0,0,0
114000005,0,0,0
114000006,0,0,0
114000007,0,0,0
114000008,2,67,-65
114000009,7,26,-19
114000011,782,155,627
114000012,486,72,414
114000013,271,168,103
114000014,0,0,0
114000015,0,0,0
114000016,0,0,0
114000017,44,6,38
114000018,0,0,0
114000026,259,98,161
114000027,332,141,191
114000028,299,266,33
114000038,0,0,0
114000039,0,0,0
114000040,2,0,2
114000042,0,0,0
114000043,0,0,0
114000044,8,2,6
114000045,0,0,0
114000046,0,0,0
114000047,0,0,0
114000048,0,6,-6
114000049,22,51,-29
114000050,22,71,-49
114000051,35,223,-188
114000052,35,149,-114
114000053,0,0,0
114000054,0,0,0
114000055,0,0,0
114000056,0,0,0
114000057,304,124,180
114000058,0,0,0
114000059,0,0,0
114000060,0,0,0
114000061,55,116,-61
114000062,48,151,-103
114000063,5,6,-1
114000064,11,0,11
114000065,21,31,-10
114000066,27,44,-17
114000067,13,5,8
114000068,12,4,8
114000069,71,0,71
114000070,727,404,323
114000071,0,0,0
114000072,0,0,0
114000073,1,0,1
114000074,0,0,0
114000075,7,0,7
114000076,24,3,21
114000077,18,1,17
114000078,2,0,2
114000079,0,0,0
114000080,0,7,-7
114000081,39,20,19
114000082,0,0,0
114000083,0,0,0
114000084,0,0,0
114000085,0,0,0
114000086,0,0,0
114000087,0,0,0
114000088,0,1,-1
114000089,4,25,-21
114000090,103,66,37
114000091,48,35,13
114000092,66,20,46
114000093,46,47,-1
114000094,59,31,28
114000095,11,22,-11
114000096,0,0,0
114000097,0,0,0
114000098,61,7,54
114000099,0,0,0
114000100,969,8,961
114000101,0,0,0
114000102,117,17,100
114000103,0,0,0
114000104,0,0,0
114000105,0,0,0
114000106,0,0,0
114000107,0,0,0
114000108,0,0,0
114000109,431,227,204
114000110,0,0,0
114000111,524,163,361
114000112,0,0,0
114000113,429,31,398
114000114,0,0,0
114000115,657,146,511
114000116,356,110,246
114000117,1160,66,1094
114000118,635,62,573
114000119,850,56,794
114000120,71,27,44
114000121,0,0,0
114000122,150,19,131
114000123,475,41,434
114000124,92,61,31
114000125,45,166,-121
114000126,337,21,316
114000127,2,2,0
114000128,33,7,26
114000130,30,5,25
114000131,48,37,11
114000132,0,0,0
114000133,0,0,0
114000134,0,0,0
114000138,0,0,0
114000139,12,50,-38
114000144,169,75,94
114000145,0,0,0
114000146,0,0,0
114000147,382,80,302
114000148,69,43,26
114000149,0,41,-41
114000150,0,0,0
114000151,83,121,-38
114000152,1,14,-13
114000153,0,0,0
114000154,72,5,67
114000155,338,126,212
114000156,74,31,43
114000157,51,63,-12
114000158,0,0,0
114000159,0,0,0
114000160,0,0,0
114000161,174,507,-333
114000162,927,710,217
114000163,0,0,0
114000165,4,45,-41
114000166,8,11,-3
114000167,252,113,139
114000168,0,0,0
114000169,353,350,3
114000170,488,225,263
114000171,904,215,689
114000174,0,0,0
114000176,0,0,0
114000177,0,0,0
114000178,1,5,-4
114000179,239,85,154
114000180,0,0,0
114000181,249,768,-519
114000182,190,203,-13
114000183,149,125,24
114000184,48,145,-97
114000185,297,146,151
114000189,311,13,298
114000190,854,23,831
114000191,0,0,0
114000192,0,56,-56
114000193,0,0,0
114000194,272,12,260
114000195,0,0,0
114000196,0,0,0
114000197,351,0,351
114000198,0,0,0
114000199,0,0,0
114000200,41,11,30
114000201,5,1,4
114000202,250,94,156
114000203,42,21,21
114000204,0,0,0
114000205,0,7,-7
114000206,0,0,0
114000207,6,129,-123
114000208,1,43,-42
114000209,5,71,-66
114000210,5,90,-85
114000211,700,301,399
114000212,96,293,-197
114000213,614,331,283
114000214,26,0,26
114000215,0,0,0
114000216,340,98,242
114000217,131,37,94
114000218,29,0,29
114000219,282,11,271
114000220,0,31,-31
114000221,299,14,285
114000222,24,41,-17
114000223,381,41,340
114000224,7,51,-44
114000225,21,7,14
114000226,129,75,54
114000227,281,151,130
114000228,342,74,268
114000229,195,48,147
114000230,533,65,468
114000231,105,56,49
114000232,404,89,315
114000233,889,104,785
114000234,691,234,457
114000235,138,43,95
114000236,0,0,0
114000237,4,0,4
114000238,1,175,-174
114000239,0,0,0
114000240,129,42,87
114000241,29,91,-62
114000242,128,56,72
114000243,616,300,316
114000244,536,144,392
114000245,0,0,0
114000246,0,0,0
114000247,268,105,163
114000248,392,120,272
114000249,270,179,91
114000250,103,4,99
114000251,78,34,44
114000252,0,0,0
114000253,25,11,14
114000254,0,0,0
114000255,0,0,0
114000256,26,82,-56
114000257,2,151,-149
114000258,63,8,55
114000259,0,22,-22
114000260,0,0,0
114000261,89,14,75
114000262,0,0,0
114000263,76,0,76
114000264,0,0,0
114000265,0,0,0
114000267,2,357,-355
114000268,0,0,0
114000270,56,8,48
114000271,119,0,119
114000283,321,35,286
114000285,0,0,0
114000288,0,13,-13
114000289,0,0,0
114000293,56,3,53
114000294,0,0,0
114000395,475,5,470
114000396,100,61,39
114000402,0,0,0
114000403,28,23,5
114000405,40,9,31
114000423,174,29,145
114000424,76,34,42
114000425,179,23,156
114000426,84,49,35
114000427,0,0,0
114000428,0,0,0
114000429,1,2,-1
114000432,0,0,0
114000434,0,0,0
114000435,0,0,0
114000436,8,3,5
114000437,250,132,118
114900001,0,0,0
114900002,0,0,0
114900003,0,0,0
114900004,0,0,0
114900005,0,0,0
114900006,0,0,0
114900007,0,0,0
114900008,0,0,0
114900010,0,0,0
114900011,0,0,0
114900013,0,0,0
114900015,0,0,0
114900018,0,0,0
114900020,0,0,0
114900022,0,0,0
114900024,0,0,0
114900025,0,0,0
114900026,0,0,0
114900027,0,0,0
114900029,0,0,0
114900030,0,0,0
114900031,0,0,0
114900032,0,0,0
114900033,0,0,0
114900034,0,0,0
114900035,0,0,0
114900036,0,0,0
114900037,0,0,0
114900038,0,0,0
114900039,0,0,0
114900040,0,0,0
114900041,0,0,0
114900042,0,0,0
114900043,0,0,0
114900044,0,0,0
114900046,0,0,0
114900047,0,0,0
114900048,0,0,0
114900049,0,0,0
114900050,0,0,0
114900051,0,0,0
114900052,0,0,0
114900053,0,0,0
114900054,0,0,0
114900057,0,0,0
114900058,0,0,0
114900059,0,0,0
114900060,0,0,0
114900061,0,0,0
114900062,0,0,0
114900063,0,0,0
114900064,0,0,0
114900065,0,0,0
114900067,0,0,0
114900068,0,0,0
114900069,0,0,0
114900070,0,0,0
114900072,0,0,0
114900073,0,0,0
114900074,0,0,0
114900075,0,0,0
114900076,0,0,0
114900080,0,0,0
114900082,0,0,0
114900083,0,0,0
114900090,0,0,0
114900091,0,0,0
114900095,0,0,0
114900096,0,0,0
114900097,0,0,0
114900098,0,0,0
114900099,0,0,0
115000001,157,196,-39
115000002,1635,545,1090
115000003,160,165,-5
115000004,1388,1104,284
115000005,42,101,-59
115000006,650,422,228
115000007,0,0,0
115000008,156,182,-26
115000009,0,0,0
115000010,186,263,-77
115000013,0,0,0
115000015,0,0,0
115000016,0,0,0
115000019,25,148,-123
115000020,0,0,0
115000021,3,401,-398
115000022,26,64,-38
115000023,643,292,351
115000024,8,57,-49
115000025,593,146,447
115000026,1,1,0
115000027,248,85,163
115000028,3,9,-6
115000029,539,10,529
115000030,3,121,-118
115000031,794,15,779
115000032,0,0,0
115000033,63,8,55
115000034,0,0,0
115000035,651,1,650
115000036,0,0,0
115000037,338,0,338
115000038,7,50,-43
115000039,15,63,-48
115000040,248,67,181
115000041,39,60,-21
115000042,68,72,-4
115000043,1035,597,438
115000044,591,112,479
115000045,185,20,165
115000046,785,344,441
115000047,1223,246,977
115000048,197,83,114
115000049,126,354,-228
115000050,1514,368,1146
115000051,488,369,119
115000052,147,149,-2
115000053,322,234,88
115000054,164,50,114
115000055,0,0,0
115000056,47,42,5
115000057,0,0,0
115000058,55,27,28
115000059,0,0,0
115000061,32,5,27
115000062,0,0,0
115000063,0,0,0
115000064,102,4,98
115000065,0,0,0
115000067,3,0,3
115000069,0,0,0
115000070,0,31,-31
115000071,33,4,29
115000072,0,0,0
115000073,379,12,367
115000075,0,0,0
115000076,664,397,267
115000077,217,169,48
115000078,216,180,36
115000079,200,184,16
115000080,517,257,260
115000081,0,0,0
115000082,1235,671,564
115000083,0,0,0
115000084,824,194,630
115000085,0,0,0
115000086,526,91,435
115000087,0,0,0
115000088,849,196,653
115000089,1,0,1
115000090,92,104,-12
115000091,84,36,48
115000092,371,14,357
115000093,480,1,479
115000094,1774,390,1384
115000095,1235,291,944
115000096,180,39,141
115000097,292,34,258
115000098,329,27,302
115000099,903,218,685
115000100,739,134,605
115000101,1,10,-9
115000102,291,74,217
115000103,8,3,5
115000105,2,10,-8
115000106,264,63,201
115000107,2,28,-26
115000108,134,91,43
115000109,1063,1003,60
115000110,215,150,65
115000111,4,79,-75
115000112,67,33,34
115000113,64,82,-18
115000114,81,48,33
115000116,126,108,18
115000117,136,44,92
115000118,128,266,-138
115000119,82,75,7
115000120,22,298,-276
115000121,106,69,37
115000122,87,20,67
115000123,143,307,-164
115000124,104,38,66
115000125,77,93,-16
115000126,55,49,6
115000127,26,2,24
115000128,22,23,-1
115000129,56,4,52
115000130,81,3,78
115000131,67,28,39
115000132,90,1,89
115000133,77,3,74
115000134,57,4,53
115000135,33,1,32
115000136,92,17,75
115000137,0,0,0
115000138,159,29,130
115000139,0,0,0
115000140,215,60,155
115000141,0,0,0
115000142,0,0,0
115000143,198,47,151
115000144,0,0,0
115000145,0,0,0
115000146,133,38,95
115000147,0,0,0
115000148,2,30,-28
115000149,1,10,-9
115000150,37,8,29
115000151,64,44,20
115000152,27,4,23
115000153,36,25,11
115000154,16,8,8
115000155,24,21,3
115000156,4,72,-68
115000157,9,13,-4
115000158,19,22,-3
115000159,0,0,0
115000160,1,0,1
115000161,175,121,54
115000162,343,89,254
115000163,0,0,0
115000164,0,0,0
115000165,103,95,8
115000167,66,1,65
115000168,98,57,41
115000169,0,0,0
115000170,0,0,0
115000171,65,123,-58
115000172,0,0,0
115000173,8,15,-7
115000174,25,27,-2
115000175,0,0,0
115000176,6,1,5
115000177,0,0,0
115000178,0,0,0
115000179,5,0,5
115000180,0,0,0
115000181,122,2,120
115000182,254,13,241
115000183,0,0,0
115000186,115,5,110
115000187,42,42,0
115000188,200,29,171
115000189,20,70,-50
115000190,529,20,509
115000191,11,57,-46
115000194,0,0,0
115000195,6,1,5
115000196,5,0,5
115000197,0,0,0
115000198,46,1,45
115000199,0,0,0
115000200,6,2,4
115000201,0,0,0
115000206,274,5,269
115000207,0,0,0
115000208,33,80,-47
115000209,439,6,433
115000210,54,81,-27
115000211,5,16,-11
115000212,25,0,25
115000224,0,0,0
115000225,0,0,0
115000229,5,1,4
115000230,2,0,2
115000231,108,9,99
115000232,454,6,448
115000233,0,0,0
115000234,0,0,0
115000241,0,0,0
115000242,0,0,0
115000243,0,0,0
115000244,0,0,0
115000246,0,0,0
115000247,0,0,0
115000248,0,0,0
115000249,0,0,0
115000250,0,0,0
115000251,0,0,0
115000252,0,0,0
115000253,0,0,0
115000258,0,0,0
115000259,0,0,0
115000261,0,0,0
115000262,0,0,0
115000263,0,0,0
115000264,0,0,0
115000267,0,0,0
115000268,0,0,0
115000269,0,0,0
115000270,0,0,0
115000272,1,0,1
115000273,0,0,0
115000280,17,509,-492
115000281,0,0,0
115000282,171,551,-380
115000284,0,0,0
115000296,341,4,337
115000297,5,300,-295
115000298,0,0,0
115000300,0,0,0
115000302,84,2,82
115000303,160,2,158
115000304,98,20,78
115000305,0,0,0
115000306,0,0,0
115000307,0,0,0
115000308,0,0,0
115000309,0,0,0
115000310,0,0,0
115000311,359,66,293
115000313,0,0,0
115000314,12,31,-19
115000315,26,52,-26
115000316,0,0,0
115000317,106,25,81
115000318,551,4,547
115000319,0,40,-40
115000320,1,76,-75
115000321,90,1,89
115000322,1,60,-59
115000449,0,0,0
115000557,0,0,0
115000558,109,6,103
115000587,10,4,6
115000588,130,206,-76
115000589,2147,1241,906
115000590,41,67,-26
115000591,518,482,36
115000592,25,94,-69
115000593,648,196,452
115000594,120,128,-8
115000609,3,21,-18
115000617,276,151,125
115000624,0,0,0
115000633,237,169,68
115000634,1423,182,1241
115000635,398,48,350
115000638,0,0,0
115000641,0,0,0
115000642,171,13,158
115000643,0,25,-25
115000644,2,8,-6
115000646,109,108,1
115000647,75,24,51
115000648,300,35,265
115000893,1496,452,1044
115000894,2,171,-169
115000895,23,155,-132
115000896,919,215,704
115000897,65,25,40
115000898,143,34,109
115000899,8,39,-31
115000900,6,38,-32
115000901,1,30,-29
115000912,69,6,63
115000913,0,0,0
115000915,0,0,0
115000916,0,0,0
115000917,0,0,0
115000918,0,0,0
115000919,0,0,0
115000920,0,0,0
115000921,0,0,0
115000922,73,282,-209
115000923,7,95,-88
115000925,0,0,0
115000927,0,0,0
115000933,2,16,-14
115000934,0,0,0
115000935,0,0,0
115000936,0,0,0
115000937,18,26,-8
115000938,2,8,-6
115000939,2,16,-14
115900001,0,0,0
115900002,0,0,0
115900003,0,0,0
115900004,0,0,0
115900005,0,0,0
115900006,0,0,0
115900008,0,0,0
115900009,0,0,0
115900010,0,0,0
115900011,0,0,0
115900012,0,0,0
115900013,0,0,0
115900014,0,0,0
115900015,0,0,0
115900016,0,0,0
115900017,0,0,0
115900018,0,0,0
115900019,0,0,0
115900020,0,0,0
115900021,0,0,0
115900022,0,0,0
115900023,0,0,0
115900025,0,0,0
115900026,0,0,0
115900027,0,0,0
115900028,0,0,0
115900029,0,0,0
115900030,0,0,0
115900031,0,0,0
115900032,0,0,0
115900033,0,0,0
115900034,0,0,0
115900035,0,0,0
115900036,0,0,0
115900037,0,0,0
115900038,0,0,0
115900039,0,0,0
115900041,0,0,0
115900042,0,0,0
115900043,0,0,0
115900044,0,0,0
115900046,0,0,0
115900047,0,0,0
115900049,0,0,0
115900051,0,0,0
115900052,0,0,0
115900053,0,0,0
115900054,0,0,0
115900055,0,0,0
115900056,0,0,0
115900057,0,0,0
115900058,0,0,0
115900060,0,0,0
115900061,0,0,0
115900062,0,0,0
115900063,0,0,0
115900064,0,0,0
115900065,0,0,0
115900066,0,0,0
115900067,0,0,0
115900068,0,0,0
115900069,0,0,0
115900070,0,0,0
115900071,0,0,0
115900072,0,0,0
115900073,0,0,0
115900074,0,0,0
115900075,0,0,0
115900076,0,0,0
115900077,0,0,0
115900078,0,0,0
115900079,0,0,0
115900080,0,0,0
115900081,0,0,0
115900082,0,0,0
115900084,0,0,0
115900085,0,0,0
115900086,0,0,0
115900088,0,0,0
115900089,0,0,0
115900090,0,0,0
115900091,0,0,0
115900092,0,0,0
115900093,0,0,0
115900094,0,0,0
115900096,0,0,0
115900097,0,0,0
115900098,0,0,0
115900099,0,0,0
115900100,0,0,0
115900101,0,0,0
115900102,0,0,0
115900103,0,0,0
115900104,0,0,0
115900105,0,0,0
115900106,0,0,0
115900107,0,0,0
115900108,0,0,0
115900109,0,0,0
115900110,0,0,0
115900111,0,0,0
115900112,0,0,0
115900113,0,0,0
115900114,0,0,0
115900115,0,0,0
115900116,0,0,0
115900117,0,0,0
115900118,0,0,0
115900119,0,0,0
115900120,0,0,0
115900121,0,0,0
115900124,0,0,0
115900125,0,0,0
115900126,0,0,0
115900127,0,0,0
115900128,0,0,0
115900129,0,0,0
115900130,0,0,0
115900131,0,0,0
115900132,0,0,0
115900134,0,0,0
115900135,0,0,0
115900137,0,0,0
115900139,0,0,0
115900140,0,0,0
115900141,0,0,0
115900142,0,0,0
115900143,0,0,0
115900144,0,0,0
115900146,0,0,0
115900147,0,0,0
115900148,0,0,0
115900149,0,0,0
115900150,0,0,0
115900151,0,0,0
115900152,0,0,0
115900153,0,0,0
115900154,0,0,0
115900155,0,0,0
115900156,0,0,0
115900157,0,0,0
115900158,0,0,0
115900159,0,0,0
115900160,0,0,0
115900161,0,0,0
115900163,0,0,0
115900164,0,0,0
115900165,0,0,0
115900166,0,0,0
115900168,0,0,0
115900171,0,0,0
115900172,0,0,0
115900173,0,0,0
115900174,0,0,0
115900175,0,0,0
115900178,0,0,0
115900179,0,0,0
115900180,0,0,0
115900181,0,0,0
115900182,0,0,0
115900183,0,0,0
115900184,1,0,1
115900187,0,0,0
115900189,0,0,0
115900190,0,0,0
115900191,0,0,0
115900192,0,0,0
115900193,0,0,0
115900194,0,0,0
115900195,0,0,0
115900198,0,0,0
115900199,0,0,0
115900200,0,0,0
115900201,3,0,3
115900202,0,0,0
115900203,0,0,0
115900204,0,0,0
115900205,0,0,0
115900206,0,0,0
115900207,0,0,0
115900208,0,0,0
115900209,0,0,0
115900210,0,0,0
115900211,0,0,0
115900212,0,0,0
115900213,0,0,0
115900214,0,0,0
115900215,0,0,0
115900216,0,0,0
115900217,0,0,0
115900218,0,0,0
115900219,0,0,0
115900220,0,0,0
115900221,0,0,0
115900222,0,0,0
115900223,0,0,0
115900224,0,0,0
115900225,0,0,0
115900226,0,0,0
115900227,0,0,0
115900228,0,0,0
115900229,0,0,0
115900230,0,0,0
115900231,0,0,0
115900232,0,0,0
115900233,0,0,0
115900234,0,0,0
115900235,0,0,0
115900236,0,0,0
115900237,0,0,0
115900238,0,0,0
115900239,0,0,0
115900240,0,0,0
115900241,0,0,0
115900242,0,0,0
115900243,0,0,0
115900244,0,0,0
115900245,0,0,0
115900246,0,0,0
115900247,0,0,0
115900248,0,0,0
115900249,0,0,0
115900250,0,0,0
115900251,0,0,0
115900252,0,0,0
115900253,0,0,0
115900254,0,0,0
115900255,0,0,0
115900256,0,0,0
115900257,0,0,0
115900258,0,0,0
115900259,0,0,0
115900260,0,0,0
115900261,0,0,0
115900262,0,0,0
115900263,0,0,0
115900264,0,0,0
115900265,0,0,0
115900266,0,0,0
115900267,0,0,0
115900268,0,0,0
115900269,0,0,0
115900270,0,0,0
115900271,0,0,0
115900272,0,0,0
115900273,0,0,0
115900274,0,0,0
115900275,0,0,0
115900276,0,0,0
115900277,0,0,0
115900278,0,0,0
115900279,0,0,0
115900280,0,0,0
115900281,0,0,0
115900282,0,0,0
116000001,136,279,-143
116000002,1631,2705,-1074
116000003,54,159,-105
116000004,615,2168,-1553
116000005,22,188,-166
116000006,275,752,-477
116000007,192,254,-62
116000008,855,561,294
116000009,19,179,-160
116000010,635,695,-60
116000011,64,254,-190
116000012,1031,413,618
116000013,224,464,-240
116000014,0,0,0
116000015,13,4,9
116000016,929,43,886
116000017,43,3,40
116000018,129,1,128
116000019,63,0,63
116000020,498,65,433
116000021,257,1,256
116000022,168,46,122
116000023,1,9,-8
116000024,316,32,284
116000025,15,12,3
116000026,470,63,407
116000027,286,96,190
116000028,580,664,-84
116000029,0,0,0
116000030,523,496,27
116000031,0,0,0
116000032,217,3,214
116000033,525,316,209
116000034,1332,1580,-248
116000035,563,74,489
116000036,0,0,0
116000037,10,32,-22
116000038,30,114,-84
116000039,0,0,0
116000040,89,113,-24
116000041,0,0,0
116000042,313,290,23
116000043,0,0,0
116000044,0,0,0
116000045,2228,2388,-160
116000046,191,114,77
116000047,189,100,89
116000048,2002,676,1326
116000049,1121,530,591
116000050,597,217,380
116000051,1846,407,1439
116000052,920,256,664
116000053,769,330,439
116000054,0,0,0
116000055,0,0,0
116000056,476,1008,-532
116000057,0,0,0
116000058,75,94,-19
116000059,464,2127,-1663
116000060,100,62,38
116000061,88,323,-235
116000062,24,33,-9
116000063,127,457,-330
116000066,70,408,-338
116000067,0,0,0
116000068,28,117,-89
116000069,0,0,0
116000078,216,405,-189
116000080,0,0,0
116000082,0,0,0
116000083,466,187,279
116000084,17,474,-457
116000085,495,100,395
116000086,7,106,-99
116000087,1017,281,736
116000088,51,76,-25
116000089,0,0,0
116000090,0,0,0
116000091,0,0,0
116000093,381,118,263
116000094,1,58,-57
116000095,409,43,366
116000096,86,134,-48
116000097,673,14,659
116000098,7,389,-382
116000099,707,20,687
116000100,3,0,3
116000101,25,7,18
116000102,70,11,59
116000103,70,40,30
116000104,17,6,11
116000105,123,5,118
116000106,75,10,65
116000107,195,5,190
116000108,0,5,-5
116000111,24,0,24
116000113,24,4,20
116000114,0,0,0
116000115,139,31,108
116000116,0,0,0
116000117,302,403,-101
116000118,0,0,0
116000119,1323,520,803
116000120,0,0,0
116000121,225,240,-15
116000122,0,0,0
116000123,961,75,886
116000124,0,0,0
116000125,927,82,845
116000126,0,0,0
116000127,0,0,0
116000128,861,79,782
116000129,0,0,0
116000130,0,0,0
116000133,471,12,459
116000134,147,13,134
116000135,724,180,544
116000136,149,78,71
116000137,384,140,244
116000138,0,0,0
116000139,614,1037,-423
116000140,2,2,0
116000141,31,7,24
116000142,322,777,-455
116000143,539,308,231
116000144,211,264,-53
116000145,1617,402,1215
116000146,157,2,155
116000147,154,255,-101
116000148,3,21,-18
116000149,0,0,0
116000151,70,74,-4
116000153,170,786,-616
116000155,224,537,-313
116000156,9,34,-25
116000157,15,2,13
116000158,563,42,521
116000159,16,6,10
116000160,0,0,0
116000161,0,0,0
116000162,0,0,0
116000163,0,0,0
116000164,0,0,0
116000177,7,1,6
116000194,0,0,0
116000195,856,205,651
116000196,0,0,0
116000197,0,0,0
116000198,574,464,110
116000200,2,36,-34
116000201,0,0,0
116000202,0,1,-1
116000203,0,0,0
116000204,0,0,0
116000205,0,0,0
116000206,0,0,0
116000207,0,0,0
116000233,0,0,0
116000287,0,0,0
116000288,171,67,104
116000292,0,0,0
116000296,0,0,0
116000297,0,0,0
116000304,0,0,0
116000305,0,0,0
116000346,0,0,0
116000352,0,0,0
116000354,0,0,0
116000357,0,0,0
116000358,0,0,0
116000361,0,0,0
116000372,0,0,0
116000381,0,0,0
116000388,0,0,0
116000389,121,38,83
116000445,0,0,0
116000446,409,33,376
116000447,0,0,0
116000448,523,133,390
116000563,114,1112,-998
116000565,0,0,0
116000568,0,0,0
116000579,0,0,0
116000584,0,0,0
116000585,0,0,0
116000586,0,0,0
116000587,797,4,793
116000589,0,0,0
116000590,11,1,10
116000591,128,16,112
116000592,0,0,0
116000593,0,0,0
116000594,0,0,0
116000595,0,0,0
116000596,0,0,0
116000597,172,3,169
116000598,0,0,0
116000602,0,0,0
116000605,0,0,0
116000606,40,7,33
116000607,0,0,0
116000609,0,0,0
116000611,0,0,0
116000612,1186,508,678
116000613,497,155,342
116000614,0,0,0
116000615,0,0,0
116000616,0,0,0
116000617,0,0,0
116000618,0,0,0
116000619,0,1,-1
116000620,541,47,494
116000621,22,73,-51
116000622,122,40,82
116000624,0,3,-3
116000627,0,0,0
116000628,0,0,0
116000629,0,0,0
116000630,31,3,28
116000631,3,1,2
116000632,0,0,0
116000633,0,0,0
116000634,0,0,0
116000635,1473,1378,95
116000636,86,193,-107
116000637,0,0,0
116000638,0,0,0
116900001,0,0,0
116900002,0,0,0
116900003,0,0,0
116900004,0,0,0
116900005,0,0,0
116900006,0,0,0
116900007,0,0,0
116900008,0,0,0
116900009,0,0,0
116900010,0,0,0
116900011,0,0,0
116900012,0,0,0
116900013,0,0,0
116900014,0,0,0
116900015,0,0,0
116900016,0,0,0
116900017,0,0,0
116900018,0,0,0
116900019,0,0,0
116900020,0,0,0
116900023,0,0,0
116900024,0,0,0
116900025,0,0,0
116900026,0,0,0
116900027,0,0,0
116900028,0,0,0
116900029,0,0,0
116900031,0,0,0
116900032,0,0,0
116900033,0,0,0
116900034,0,0,0
116900035,0,0,0
116900036,0,0,0
116900038,0,0,0
116900041,0,0,0
116900042,0,0,0
116900043,0,0,0
116900047,0,0,0
116900049,0,0,0
116900050,0,0,0
116900051,0,0,0
116900052,0,0,0
116900055,0,0,0
116900057,0,0,0
116900058,0,0,0
116900059,0,0,0
116900060,0,0,0
116900062,0,0,0
116900064,0,0,0
116900065,0,0,0
116900067,0,0,0
116900068,0,0,0
116900070,0,0,0
116900072,0,0,0
116900073,0,0,0
116900074,0,0,0
116900076,0,0,0
116900077,0,0,0
116900078,0,0,0
116900079,0,0,0
116900080,0,0,0
116900081,0,0,0
116900082,0,0,0
116900083,0,0,0
116900084,0,0,0
116900085,0,0,0
116900086,0,0,0
116900088,0,0,0
116900090,0,0,0
116900091,0,0,0
116900092,0,0,0
116900093,0,0,0
116900094,0,0,0
116900095,0,0,0
116900096,0,0,0
116900097,0,0,0
116900098,0,0,0
116900099,0,0,0
116900100,0,0,0
116900101,0,0,0
116900103,0,0,0
116900104,0,0,0
116900105,0,0,0
116900106,0,0,0
116900107,0,0,0
116900110,0,0,0
116900111,321,3,318
116900112,105,3,102
116900113,81,55,26
116900116,0,0,0
116900117,0,0,0
116900118,0,0,0
116900120,0,0,0
116900121,0,0,0
116900122,0,0,0
116900123,0,0,0
116900124,0,0,0
116900125,0,0,0
116900126,0,0,0
116900128,0,0,0
116900129,0,0,0
116900130,0,0,0
116900131,0,0,0
116900132,0,0,0
116900133,0,0,0
116900134,0,0,0
116900136,0,0,0
116900137,0,0,0
116900138,0,0,0
116900139,0,0,0
116900140,0,0,0
116900141,0,0,0
116900142,0,0,0
116900143,0,0,0
116900144,0,0,0
116900145,0,0,0
116900147,0,0,0
116900148,0,0,0
116900149,0,0,0
116900150,0,0,0
116900151,0,0,0
116900153,0,0,0
116900154,0,0,0
116900155,0,0,0
116900157,0,0,0
116900158,0,0,0
116900159,0,0,0
116900160,0,0,0
116900161,0,0,0
116900162,0,0,0
116900163,0,0,0
116900164,0,0,0
116900165,0,0,0
116900166,0,0,0
116900167,0,0,0
116900168,0,0,0
116900169,0,0,0
116900170,0,0,0
116900171,0,0,0
116900172,0,0,0
116900173,0,0,0
116900174,0,0,0
116900175,0,0,0
116900178,0,0,0
116900179,0,0,0
116900180,0,0,0
116900182,0,0,0
116900183,0,0,0
116900185,0,0,0
116900186,0,0,0
116900187,0,0,0
116900188,0,0,0
116900189,0,0,0
116900191,0,0,0
116900192,0,0,0
116900194,0,0,0
116900195,0,0,0
116900196,0,0,0
116900197,0,0,0
116900198,0,0,0
116900200,0,0,0
116900201,0,0,0
116900202,0,0,0
116900203,0,0,0
116900204,0,0,0
116900206,0,0,0
116900207,0,0,0
116900208,0,0,0
116900209,0,0,0
116900210,0,0,0
116900211,0,0,0
116900212,0,0,0
116900213,0,0,0
116900214,0,0,0
116900215,0,0,0
116900216,0,0,0
116900218,0,0,0
116900219,0,0,0
116900220,0,0,0
116900221,0,0,0
116900222,209,90,119
116900223,0,0,0
116900226,0,0,0
116900227,0,0,0
116900228,0,0,0
116900230,0,0,0
116900231,0,0,0
116900232,0,0,0
116900233,0,0,0
116900234,0,0,0
116900235,0,0,0
116900238,0,0,0
116900239,0,0,0
116900240,0,0,0
116900241,0,0,0
116900242,0,0,0
116900243,0,0,0
116900245,0,0,0
116900246,0,0,0
116900247,0,0,0
116900248,0,0,0
116900249,0,0,0
116900250,0,0,0
116900251,0,0,0
116900252,124,21,103
116900253,0,0,0
116900254,0,0,0
116900255,0,0,0
116900256,0,0,0
116900257,0,0,0
116900258,0,0,0
116900259,0,0,0
116900260,0,0,0
116900261,0,0,0
116900262,0,0,0
116900263,0,0,0
116900264,0,0,0
116900265,0,0,0
116900266,0,0,0
116900267,0,0,0
116900268,0,0,0
116900269,171,82,89
116900271,0,0,0
116900272,0,0,0
116900273,0,0,0
116900274,0,0,0
116900275,0,0,0
116900276,74,2,72
116900277,0,0,0
116900278,0,0,0
116900279,0,0,0
116900280,0,0,0
116900281,0,0,0
116900282,0,0,0
116900283,0,0,0
116900284,0,0,0
116900285,0,0,0
116900286,0,0,0
116900287,0,0,0
116900288,0,0,0
116900289,0,0,0
116900290,0,0,0
116900291,0,0,0
116900292,0,0,0
116900293,0,0,0
116900294,0,0,0
116900295,0,0,0
116900296,0,0,0
116900297,0,0,0
116900298,0,0,0
116900299,0,0,0
116900300,0,0,0
116900301,0,0,0
116900302,0,0,0
116900303,0,0,0
116900304,0,0,0
116900305,0,0,0
116900306,15,5,10
117000001,1284,668,616
117000002,6,55,-49
117000003,2493,1165,1328
117000004,312,277,35
117000005,1889,839,1050
117000006,122,220,-98
117000007,3233,751,2482
117000008,91,209,-118
117000009,2303,441,1862
117000010,226,234,-8
117000011,1273,358,915
117000012,193,61,132
117000013,1174,169,1005
117000014,33,320,-287
117000015,667,274,393
117000016,103,23,80
117000017,63,22,41
117000018,4,23,-19
117000019,8,26,-18
117000020,26,31,-5
117000021,49,4,45
117000022,66,18,48
117000023,25,41,-16
117000024,0,0,0
117000025,0,0,0
117000026,853,1029,-176
117000027,0,0,0
117000028,350,188,162
117000030,234,41,193
117000031,258,191,67
117000032,482,363,119
117000033,465,339,126
117000034,142,111,31
117000035,526,53,473
117000036,143,165,-22
117000037,555,32,523
117000038,220,165,55
117000039,479,54,425
117000040,0,0,0
117000041,549,9,540
117000044,0,0,0
117000045,20,30,-10
117000046,0,0,0
117000047,798,372,426
117000048,0,0,0
117000049,7,49,-42
117000050,6,6,0
117000051,746,314,432
117000052,0,0,0
117000053,0,0,0
117000054,1413,81,1332
117000055,0,36,-36
117000056,428,83,345
117000057,0,22,-22
117000060,0,0,0
117000061,568,408,160
117000062,0,0,0
117000063,384,132,252
117000064,0,0,0
117000066,8,18,-10
117000067,26,42,-16
117000074,1,33,-32
117000076,3,7,-4
117000077,74,47,27
117000078,0,0,0
117000079,52,20,32
117000080,0,0,0
117000081,204,1,203
117000082,0,0,0
117000083,50,1,49
117000084,47,0,47
117000085,26,30,-4
117000086,221,218,3
117000087,20,75,-55
117000088,341,99,242
117000089,1327,214,1113
117000090,4,48,-44
117000091,821,109,712
117000092,1,25,-24
117000093,1365,252,1113
117000094,63,61,2
117000095,2421,199,2222
117000096,17,80,-63
117000097,1512,163,1349
117000098,60,51,9
117000099,1860,202,1658
117000100,0,0,0
117000101,0,0,0
117000102,1162,352,810
117000103,48,52,-4
117000104,834,260,574
117000105,20,59,-39
117000106,1180,306,874
117000107,73,7,66
117000108,1051,619,432
117000109,194,36,158
117000110,1158,958,200
117000111,2579,1872,707
117000112,781,495,286
117000113,0,0,0
117000114,0,23,-23
117000115,0,0,0
117000116,6,1,5
117000117,129,133,-4
117000118,13,24,-11
117000119,3,57,-54
117000120,4,46,-42
117000121,0,57,-57
117000122,1,110,-109
117000123,217,47,170
117000124,5,0,5
117000125,10,0,10
117000126,0,0,0
117000127,12,0,12
117000128,1,1,0
117000129,149,418,-269
117000130,42,4,38
117000131,0,0,0
117000132,1865,138,1727
117000133,0,0,0
117000134,0,0,0
117000135,0,0,0
117000136,0,0,0
117000137,0,0,0
117000138,0,0,0
117000140,26,78,-52
117000141,1145,220,925
117000181,0,0,0
117000182,0,0,0
117000195,0,0,0
117000196,0,0,0
117000225,0,0,0
117000226,0,0,0
117000276,0,0,0
117000277,0,0,0
117000310,3,449,-446
117000315,0,0,0
117000320,78,3,75
117000906,86,5,81
117000907,0,0,0
117000908,0,0,0
117000909,7,20,-13
117000910,0,0,0
117000911,3,83,-80
117000915,0,0,0
117000916,10,9,1
117000917,353,18,335
117000918,48,35,13
117000919,0,0,0
117000920,1,28,-27
117000921,0,0,0
117000922,5,17,-12
117000924,64,280,-216
117000926,58,3,55
117000927,116,645,-529
117000928,0,0,0
117000929,0,0,0
117000930,0,0,0
117000931,0,0,0
117900002,0,0,0
117900003,0,0,0
117900005,0,0,0
117900006,0,0,0
117900007,0,0,0
117900008,0,0,0
117900010,0,0,0
117900011,0,0,0
117900012,0,0,0
117900013,0,0,0
117900014,0,0,0
117900015,0,0,0
117900016,0,0,0
117900017,0,0,0
117900018,0,0,0
117900019,0,0,0
117900020,0,0,0
117900021,0,0,0
117900022,0,0,0
117900023,0,0,0
117900024,0,0,0
117900025,0,0,0
117900026,0,0,0
117900028,0,0,0
117900029,0,0,0
117900030,0,0,0
117900031,0,0,0
117900032,0,0,0
117900033,0,0,0
117900034,0,0,0
117900035,0,0,0
117900036,0,0,0
117900037,0,0,0
117900038,0,0,0
117900039,0,0,0
117900040,0,0,0
117900041,0,0,0
117900042,0,0,0
117900043,0,0,0
117900044,0,0,0
117900045,0,0,0
117900048,0,0,0
117900049,0,0,0
117900050,0,0,0
117900051,0,0,0
117900052,0,0,0
117900053,0,0,0
117900054,0,0,0
117900055,0,0,0
117900056,0,0,0
117900057,0,0,0
117900058,0,0,0
117900059,0,0,0
117900060,0,0,0
117900061,0,0,0
117900063,0,0,0
117900065,0,0,0
117900066,0,0,0
117900067,0,0,0
117900069,0,0,0
117900070,0,0,0
117900071,0,0,0
117900073,0,0,0
117900074,0,0,0
117900075,0,0,0
117900076,0,0,0
117900077,0,0,0
117900078,0,0,0
117900080,0,0,0
117900081,0,0,0
117900082,0,0,0
117900083,0,0,0
117900086,0,0,0
117900087,0,0,0
117900088,0,0,0
117900089,0,0,0
117900090,0,0,0
117900091,0,0,0
117900092,0,0,0
117900093,0,0,0
117900094,0,0,0
117900095,0,0,0
117900096,0,0,0
117900097,0,0,0
117900098,0,0,0
117900099,0,0,0
117900100,0,0,0
117900101,0,0,0
117900102,0,0,0
117900103,0,0,0
117900104,0,0,0
117900105,0,0,0
117900106,0,0,0
117900107,0,0,0
117900109,0,0,0
117900110,0,0,0
117900111,27,6,21
117900112,0,0,0
117900113,0,0,0
117900114,0,0,0
117900115,0,0,0
117900116,0,0,0
117900117,0,0,0
117900118,4,0,4
117900119,0,0,0
117900120,0,0,0
117900121,5,0,5
117900122,0,0,0
117900123,0,0,0
117900124,0,0,0
117900125,0,0,0
117900126,0,0,0
117900127,0,0,0
117900128,0,0,0
117900129,0,0,0
117900130,0,0,0
117900131,0,0,0
117900132,0,0,0
117900133,0,0,0
117900134,0,0,0
117900135,0,0,0
117900136,0,0,0
117900137,0,0,0
117900138,0,0,0
117900139,0,0,0
117900140,0,0,0
117900141,0,0,0
117900142,0,0,0
117900144,0,0,0
117900145,0,0,0
117900146,0,0,0
117900147,0,0,0
117900148,0,0,0
117900149,0,0,0
117900150,0,0,0
117900151,0,0,0
117900152,0,0,0
117900153,0,0,0
117900154,0,0,0
117900156,0,0,0
117900157,0,0,0
117900158,0,0,0
117900160,0,0,0
117900161,0,0,0
117900162,0,0,0
117900163,0,0,0
117900165,0,0,0
117900166,0,0,0
117900168,0,0,0
117900169,0,0,0
117900170,0,0,0
117900171,0,0,0
117900172,0,0,0
117900173,0,0,0
117900174,0,0,0
117900175,0,0,0
117900176,0,0,0
117900177,0,0,0
117900178,0,0,0
117900180,0,0,0
117900181,0,0,0
117900182,0,0,0
117900183,0,0,0
117900184,0,0,0
117900185,0,0,0
117900186,0,0,0
117900187,0,0,0
117900188,0,0,0
117900189,0,0,0
117900190,0,0,0
117900191,0,0,0
117900192,0,0,0
117900193,0,0,0
117900194,0,0,0
117900195,0,0,0
117900196,0,0,0
117900207,0,0,0
117900208,0,0,0
117900209,0,0,0
117900210,0,0,0
117900211,0,0,0
117900212,0,0,0
117900213,0,0,0
117900214,0,0,0
117900215,0,0,0
117900216,0,0,0
117900217,0,0,0
117900218,0,0,0
117900219,0,0,0
117900220,0,0,0
117900222,0,0,0
117900223,0,0,0
118000001,242,826,-584
118000002,5,138,-133
118000003,982,1989,-1007
118000004,50,94,-44
118000005,2122,1973,149
118000006,232,250,-18
118000007,193,709,-516
118000008,217,617,-400
118000009,35,289,-254
118000010,91,309,-218
118000011,0,0,0
118000012,0,0,0
118000013,0,0,0
118000014,0,0,0
118000016,0,0,0
118000017,74,56,18
118000018,0,0,0
118000019,3,4,-1
118000020,2,99,-97
118000021,4,138,-134
118000022,104,36,68
118000023,326,196,130
118000024,244,221,23
118000027,276,454,-178
118000029,37,522,-485
118000032,283,881,-598
118000033,881,1592,-711
118000034,91,472,-381
118000035,74,336,-262
118000036,54,165,-111
118000037,0,0,0
118000038,27,131,-104
118000039,0,0,0
118000040,237,369,-132
118000041,0,0,0
118000045,2,59,-57
118000046,2,152,-150
118000047,0,0,0
118000048,60,182,-122
118000051,37,276,-239
118000052,12,92,-80
118000053,15,44,-29
118000054,102,143,-41
118000055,5,58,-53
118000056,0,0,0
118000057,0,11,-11
118000058,0,0,0
118000059,8,79,-71
118000060,23,3,20
118000061,23,114,-91
118000062,0,0,0
118000063,0,33,-33
118000064,12,239,-227
118000065,171,66,105
118000066,3,274,-271
118000067,5,67,-62
118000068,46,228,-182
118000069,1,16,-15
118000070,38,58,-20
118000071,99,184,-85
118000072,224,473,-249
118000073,30,105,-75
118000074,3,24,-21
118000075,17,31,-14
118000076,623,1929,-1306
118000077,0,0,0
118000078,955,1181,-226
118000079,2,93,-91
118000080,0,0,0
118000081,331,628,-297
118000082,0,0,0
118000083,0,0,0
118000084,0,0,0
118000086,0,0,0
118000087,140,153,-13
118000088,200,385,-185
118000089,458,245,213
118000090,6,113,-107
118000091,67,190,-123
118000092,0,0,0
118000093,0,0,0
118000096,0,0,0
118000097,0,0,0
118000098,0,0,0
118000099,0,0,0
118000101,434,242,192
118000102,119,33,86
118000107,43,1,42
118000108,34,12,22
118000110,0,0,0
118000111,0,0,0
118000112,149,0,149
118000113,0,0,0
118000114,108,0,108
118000115,2,0,2
118000116,23,0,23
118000117,36,1,35
118000118,283,325,-42
118000119,396,302,94
118000120,65,8,57
118000121,0,0,0
118000122,0,0,0
118000123,0,0,0
118000125,0,0,0
118000126,7,30,-23
118000127,150,294,-144
118000128,0,0,0
118000129,173,120,53
118000130,10,68,-58
118000131,20,95,-75
118000132,124,243,-119
118000133,141,156,-15
118000135,154,175,-21
118000136,1,17,-16
118000137,0,0,0
118000138,0,1,-1
118000139,0,0,0
118000140,26,72,-46
118000141,1236,1073,163
118000142,71,57,14
118000143,499,534,-35
118000144,94,179,-85
118000145,292,118,174
118000146,311,52,259
118000147,431,68,363
118000148,32,106,-74
118000149,0,0,0
118000150,422,102,320
118000151,78,29,49
118000153,546,661,-115
118000154,380,376,4
118000155,460,691,-231
118000156,270,123,147
118000157,270,88,182
118000158,0,0,0
118000159,85,209,-124
118000160,710,280,430
118000161,0,0,0
118000162,263,93,170
118000163,217,163,54
118000164,794,312,482
118000168,0,0,0
118000169,0,0,0
118000170,49,29,20
118000171,14,30,-16
118000172,4,5,-1
118000173,103,99,4
118000175,280,663,-383
118000176,202,588,-386
118000177,187,396,-209
118000178,0,0,0
118000179,1052,842,210
118000180,726,448,278
118000181,46,35,11
118000182,84,53,31
118000183,40,60,-20
118000184,792,303,489
118000185,0,0,0
118000186,0,0,0
118000187,0,0,0
118000188,0,0,0
118000189,0,0,0
118000190,0,0,0
118000191,0,0,0
118000192,1,31,-30
118000193,0,0,0
118000194,799,997,-198
118000195,5,48,-43
118000196,0,0,0
118000197,1,29,-28
118000198,4,47,-43
118000199,145,153,-8
118000200,0,0,0
118000201,0,0,0
118000202,0,0,0
118000203,0,0,0
118000204,0,31,-31
118000205,47,22,25
118000206,94,16,78
118000207,0,0,0
118000208,319,481,-162
118000209,381,47,334
118000210,49,5,44
118000211,36,2,34
118000213,7,153,-146
118000214,51,9,42
118000215,0,0,0
118000216,0,0,0
118000217,0,0,0
118000218,0,0,0
118000219,0,0,0
118000220,8,7,1
118000221,0,0,0
118000222,0,0,0
118000223,24,8,16
118000224,0,0,0
118000225,0,0,0
118000226,21,1,20
118000227,38,63,-25
118000228,2,14,-12
118000229,0,0,0
118000230,0,0,0
118000231,0,0,0
118000232,0,0,0
118000233,157,12,145
118000234,0,0,0
118000236,0,0,0
118000237,0,0,0
118000238,0,0,0
118000239,153,29,124
118000240,0,0,0
118000241,0,0,0
118000242,0,0,0
118000243,0,0,0
118000244,0,0,0
118000246,0,0,0
118000255,0,0,0
118000256,0,0,0
118000259,0,0,0
118000260,0,0,0
118000261,0,0,0
118000263,0,0,0
118000266,0,0,0
118000267,0,0,0
118000268,2,0,2
118000270,0,0,0
118000271,3,0,3
118000272,0,0,0
118000273,0,0,0
118000274,0,0,0
118000276,0,0,0
118000295,0,0,0
118000298,0,0,0
118000299,0,0,0
118000301,0,0,0
118000302,0,0,0
118000311,0,0,0
118000312,0,0,0
118000313,0,0,0
118000314,0,0,0
118000315,0,0,0
118000316,0,0,0
118000325,0,0,0
118000326,0,0,0
118000331,0,0,0
118000332,0,0,0
118000333,0,0,0
118000335,82,0,82
118000336,0,0,0
118000407,0,0,0
118000457,0,0,0
118000465,63,129,-66
118000480,0,0,0
118000489,10,96,-86
118000490,0,0,0
118000492,148,70,78
118000510,0,0,0
118000514,27,0,27
118000515,31,4,27
118000517,0,0,0
118000524,0,0,0
118000525,125,46,79
118000530,10,69,-59
118000531,88,25,63
118000532,0,0,0
118000533,0,0,0
118000534,0,0,0
118000535,66,59,7
118000536,0,0,0
118000537,0,0,0
118000538,0,0,0
118000539,1,52,-51
118000540,0,0,0
118000541,0,0,0
118000542,38,90,-52
118000543,9,45,-36
118000546,0,0,0
118000560,0,0,0
118000562,0,0,0
118000563,176,699,-523
118000576,0,0,0
118000577,0,0,0
118000578,0,0,0
118000579,0,10,-10
118000595,25,130,-105
118000596,0,0,0
118000597,0,0,0
118000598,0,0,0
118000599,0,0,0
118000600,0,0,0
118000601,0,0,0
118000602,0,0,0
118000603,0,0,0
118900001,0,0,0
118900002,0,0,0
118900003,0,0,0
118900004,0,0,0
118900005,0,0,0
118900006,0,0,0
118900007,0,0,0
118900008,0,0,0
118900009,0,0,0
118900010,0,0,0
118900011,0,0,0
118900012,0,0,0
118900013,0,0,0
118900015,0,0,0
118900016,0,0,0
118900017,0,0,0
118900018,0,0,0
118900019,0,0,0
118900020,0,0,0
118900021,0,0,0
118900022,0,0,0
118900023,0,0,0
118900024,0,0,0
118900025,0,0,0
118900026,0,0,0
118900027,0,0,0
118900028,0,0,0
118900029,0,0,0
118900030,0,0,0
118900031,0,0,0
118900032,0,0,0
118900033,0,0,0
118900034,0,0,0
118900035,0,0,0
118900036,0,0,0
118900037,0,0,0
118900038,0,0,0
118900039,0,0,0
118900040,0,0,0
118900041,0,0,0
118900042,0,0,0
118900045,0,0,0
118900046,0,0,0
118900047,0,0,0
118900048,0,0,0
118900049,0,0,0
118900050,0,0,0
118900051,0,0,0
118900052,0,0,0
118900053,0,0,0
118900054,0,0,0
118900055,0,0,0
118900056,0,0,0
118900057,0,0,0
118900058,0,0,0
118900059,0,0,0
118900060,0,0,0
118900062,0,0,0
118900064,0,0,0
118900065,0,0,0
118900066,0,0,0
118900067,0,0,0
118900068,0,0,0
118900069,0,0,0
118900071,0,0,0
118900072,0,0,0
118900073,0,0,0
118900074,0,0,0
118900075,0,0,0
118900076,0,0,0
118900077,0,0,0
118900078,0,0,0
118900079,0,0,0
118900080,0,0,0
118900081,0,0,0
118900082,0,0,0
118900083,0,0,0
118900084,0,0,0
118900085,0,0,0
118900086,0,0,0
118900087,0,0,0
118900088,0,0,0
118900089,0,0,0
118900090,0,0,0
118900091,0,0,0
118900092,0,0,0
118900093,0,0,0
118900096,0,0,0
118900097,0,0,0
118900099,0,0,0
118900100,0,0,0
118900101,0,0,0
118900102,0,0,0
118900103,0,0,0
118900104,2,0,2
118900105,0,0,0
118900107,0,0,0
118900108,0,0,0
118900110,0,0,0
118900111,0,0,0
118900112,0,0,0
118900113,0,0,0
118900114,0,0,0
118900115,0,0,0
118900116,0,0,0
118900117,0,0,0
118900118,0,0,0
118900119,0,0,0
118900120,0,0,0
118900121,0,0,0
118900122,0,0,0
118900123,0,0,0
118900124,0,0,0
118900126,0,0,0
118900129,0,0,0
118900130,0,0,0
118900131,0,0,0
118900132,0,0,0
118900133,0,0,0
118900135,0,0,0
118900136,0,0,0
118900137,0,0,0
118900139,0,0,0
118900140,0,0,0
118900141,0,0,0
118900144,0,0,0
118900145,0,0,0
118900146,0,0,0
118900147,0,0,0
118900148,0,0,0
118900150,0,0,0
118900152,0,0,0
118900157,0,0,0
118900158,0,0,0
118900159,0,0,0
118900161,0,0,0
118900163,0,0,0
118900164,0,0,0
118900165,0,0,0
118900166,0,0,0
118900167,0,0,0
118900168,0,0,0
118900169,0,0,0
118900170,0,0,0
118900171,0,0,0
118900174,0,0,0
118900175,0,0,0
118900176,0,0,0
118900177,0,0,0
118900178,0,0,0
118900179,0,0,0
118900181,0,0,0
118900182,0,0,0
118900183,0,0,0
118900184,0,0,0
118900185,0,0,0
118900186,0,0,0
118900187,0,0,0
118900188,0,0,0
118900189,0,0,0
118900190,0,0,0
118900191,0,0,0
118900192,0,0,0
118900193,0,0,0
118900195,0,0,0
118900196,0,0,0
118900197,0,0,0
118900198,0,0,0
118900199,0,0,0
118900200,0,0,0
118900201,0,0,0
118900202,0,0,0
118900203,0,0,0
118900204,0,0,0
118900205,0,0,0
118900206,0,0,0
119000001,488,569,-81
119000002,629,211,418
119000003,85,95,-10
119000004,29,129,-100
119000005,136,90,46
119000006,122,34,88
119000007,896,612,284
119000008,0,0,0
119000009,357,396,-39
119000010,0,0,0
119000011,586,397,189
119000012,26,106,-80
119000013,1555,579,976
119000014,8,86,-78
119000019,62,32,30
119000020,158,135,23
119000021,205,128,77
119000022,0,0,0
119000023,72,184,-112
119000024,245,1365,-1120
119000025,21,100,-79
119000026,0,0,0
119000027,7,34,-27
119000028,61,35,26
119000029,0,0,0
119000030,17,91,-74
119000031,0,0,0
119000032,9,10,-1
119000033,326,113,213
119000034,3,0,3
119000035,0,7,-7
119000036,161,49,112
119000037,1,13,-12
119000038,1,10,-9
119000039,15,48,-33
119000040,2,221,-219
119000041,4,35,-31
119000048,443,143,300
119000049,57,71,-14
119000050,35,7,28
119000051,91,64,27
119000052,3,11,-8
119000053,78,12,66
119000054,268,100,168
119000055,1378,194,1184
119000056,652,372,280
119000057,89,65,24
119000058,118,67,51
119000059,698,283,415
119000060,0,0,0
119000061,123,117,6
119000062,0,0,0
119000063,90,46,44
119000064,19,78,-59
119000065,27,40,-13
119000066,139,103,36
119000067,270,108,162
119000068,173,65,108
119000069,273,51,222
119000070,70,19,51
119000071,0,0,0
119000072,272,86,186
119000073,169,49,120
119000074,364,112,252
119000075,238,83,155
119000076,0,0,0
119000077,0,0,0
119000078,0,0,0
119000079,0,0,0
119000080,0,0,0
119000081,0,0,0
119000082,0,0,0
119000083,0,0,0
119000084,0,0,0
119000085,0,0,0
119000086,0,0,0
119000087,0,0,0
119000088,0,0,0
119000089,0,0,0
119000090,0,0,0
119000091,0,0,0
119000092,0,0,0
119000093,350,134,216
119000094,981,232,749
119000095,92,130,-38
119000097,128,88,40
119000098,210,536,-326
119000099,634,138,496
119000100,469,351,118
119000101,0,0,0
119000102,0,0,0
119000103,15,22,-7
119000104,0,0,0
119000105,35,122,-87
119000106,0,0,0
119000107,143,135,8
119000108,0,0,0
119000109,0,0,0
119000110,0,0,0
119000111,0,0,0
119000112,0,0,0
119000113,0,0,0
119000114,29,67,-38
119000115,0,0,0
119000116,5,70,-65
119000117,0,0,0
119000118,0,0,0
119000123,0,0,0
119000124,104,21,83
119000125,424,41,383
119000126,237,57,180
119000127,0,0,0
119000128,0,0,0
119000131,0,0,0
119000132,0,0,0
119000133,0,0,0
119000134,250,213,37
119000135,0,0,0
119000136,0,0,0
119000137,0,0,0
119000138,0,0,0
119000139,0,0,0
119000140,0,0,0
119000284,0,0,0
119000285,0,0,0
119000286,0,0,0
119000287,0,0,0
119000288,0,0,0
119000289,0,0,0
119000290,82,9,73
119000291,0,0,0
119000293,2,7,-5
119000294,126,76,50
119000295,0,0,0
119000296,0,0,0
119000302,0,0,0
119000303,0,25,-25
119000314,0,0,0
119000315,0,0,0
119000316,0,0,0
119000317,0,0,0
119900001,0,0,0
119900002,0,0,0
119900003,0,0,0
119900004,0,0,0
119900005,0,0,0
119900006,0,0,0
119900007,0,0,0
119900008,0,0,0
119900009,0,0,0
119900010,0,0,0
119900011,0,0,0
119900012,0,0,0
119900013,0,0,0
119900014,0,0,0
119900015,0,0,0
119900016,0,0,0
119900017,0,0,0
119900018,0,0,0
119900019,0,0,0
119900020,0,0,0
119900021,0,0,0
119900022,0,0,0
119900023,0,0,0
119900025,0,0,0
119900026,0,0,0
119900027,0,0,0
119900028,0,0,0
119900029,0,0,0
119900030,0,0,0
119900031,0,0,0
119900033,0,0,0
119900034,0,0,0
119900037,0,0,0
119900038,0,0,0
119900039,0,0,0
119900040,0,0,0
119900041,0,0,0
119900042,0,0,0
119900043,0,0,0
119900044,0,0,0
119900046,0,0,0
119900047,0,0,0
119900048,0,0,0
119900049,0,0,0
119900050,0,0,0
119900051,0,0,0
119900052,0,0,0
119900053,0,0,0
119900054,0,0,0
119900055,0,0,0
119900057,0,0,0
119900058,0,0,0
119900059,0,0,0
119900060,0,0,0
119900062,0,0,0
119900063,0,0,0
119900064,0,0,0
119900065,0,0,0
119900066,0,0,0
119900067,0,0,0
119900068,0,0,0
119900069,0,0,0
119900070,0,0,0
119900071,0,0,0
119900073,0,0,0
119900074,0,0,0
119900075,0,0,0
119900076,0,0,0
119900077,0,0,0
119900078,0,0,0
119900079,0,0,0
119900080,0,0,0
119900081,0,0,0
119900082,2,1,1
119900083,0,0,0
119900084,0,0,0
119900085,0,0,0
119900087,0,0,0
119900088,0,0,0
119900089,0,0,0
119900090,0,0,0
119900091,0,0,0
119900092,0,0,0
119900093,0,0,0
119900094,0,0,0
119900095,0,0,0
119900096,0,0,0
119900097,0,0,0
119900098,0,0,0
119900099,0,0,0
119900100,0,0,0
119900101,0,0,0
119900102,0,0,0
119900103,0,0,0
119900104,0,0,0
119900105,0,0,0
119900106,0,0,0
119900107,0,0,0
119900108,0,0,0
119900109,0,0,0
119900110,0,0,0
119900111,0,0,0
119900112,0,0,0
119900113,0,0,0
119900114,0,0,0
119900115,0,0,0
119900116,0,0,0
119900117,0,0,0
119900118,0,0,0
119900119,0,0,0
119900120,0,0,0
119900121,0,0,0
119900122,0,0,0
119900123,0,0,0
119900124,0,0,0
119900125,0,0,0
119900126,0,0,0
119900127,0,0,0
119900128,0,0,0
119900129,0,0,0
119900130,0,0,0
119900131,0,0,0
119900132,0,0,0
119900133,0,0,0
119900134,0,0,0
119900135,0,0,0
119900136,0,0,0
119900138,0,0,0
119900139,0,0,0
119900140,0,0,0
119900141,0,0,0
119900142,0,0,0
119900143,0,0,0
119900144,0,0,0
119900145,0,0,0
119900146,0,0,0
119900147,0,0,0
119900148,0,0,0
119900149,0,0,0
119900150,0,0,0
119900151,0,0,0
119900152,0,0,0
119900153,0,0,0
119900154,0,0,0
119900155,0,0,0
119900156,0,0,0
119900157,0,0,0
119900158,0,0,0
119900159,0,0,0
119900160,0,0,0
119900161,0,0,0
119900162,0,0,0
119900163,0,0,0
119900164,0,0,0
119900165,0,0,0
119900166,0,0,0
119900167,0,0,0
119900168,0,0,0
119900169,0,0,0
119900170,0,0,0
119900171,0,0,0
119900172,0,0,0
119900173,0,0,0
119900174,0,0,0
119900175,0,0,0
119900177,0,0,0
119900178,0,0,0
119900179,0,0,0
119900180,0,0,0
119900181,0,0,0
119900182,0,0,0
119900183,0,0,0
119900184,0,0,0
119900185,0,0,0
119900186,0,0,0
119900187,0,0,0
119900188,0,0,0
119900189,0,0,0
119900190,0,0,0
119900191,0,0,0
119900192,0,0,0
119900193,0,0,0
119900194,0,0,0
119900195,0,0,0
119900196,0,0,0
119900197,0,0,0
119900198,0,0,0
119900199,0,0,0
119900200,0,0,0
119900201,0,0,0
119900202,0,0,0
119900203,0,0,0
119900204,0,0,0
119900205,0,0,0
119900206,0,0,0
119900208,0,0,0
119900209,0,0,0
119900210,0,0,0
119900211,0,0,0
119900212,0,0,0
119900213,0,0,0
119900214,0,0,0
119900215,0,0,0
119900216,0,0,0
119900217,0,0,0
119900218,0,0,0
119900219,0,0,0
119900220,0,0,0
119900221,0,0,0
119900222,0,0,0
119900223,0,0,0
119900224,0,0,0
119900225,0,0,0
119900226,0,0,0
119900227,0,0,0
119900228,0,0,0
119900229,0,0,0
119900230,0,0,0
119900231,0,0,0
119900232,0,0,0
119900233,0,0,0
119900234,0,0,0
119900235,0,0,0
119900236,0,0,0
119900237,0,0,0
119900238,0,0,0
119900240,0,0,0
119900241,0,0,0
119900242,0,0,0
119900244,0,0,0
119900245,0,0,0
119900246,0,0,0
119900247,0,0,0
119900248,0,0,0
119900249,0,0,0
119900253,0,0,0
119900254,0,0,0
119900255,0,0,0
119900256,0,0,0
119900257,0,0,0
119900258,0,0,0
119900259,0,0,0
119900260,0,0,0
119900261,0,0,0
119900262,0,0,0
119900263,0,0,0
119900264,0,0,0
119900265,0,0,0
119900266,0,0,0
119900267,0,0,0
119900268,0,0,0
119900269,0,0,0
119900271,0,0,0
119900272,0,0,0
119900275,0,0,0
119900276,0,0,0
119900277,0,0,0
119900278,0,0,0
119900279,0,0,0
119900280,0,0,0
119900281,0,0,0
119900282,0,0,0
119900283,0,0,0
119900284,0,0,0
119900285,0,0,0
119900286,0,0,0
119900288,0,0,0
119900289,0,0,0
119900290,0,0,0
119900291,0,0,0
119900292,0,0,0
119900293,0,0,0
119900294,0,0,0
119900295,0,0,0
119900296,0,0,0
119900299,0,0,0
119900300,0,0,0
119900301,0,0,0
119900302,0,0,0
119900303,0,0,0
119900304,0,0,0
119900305,0,0,0
119900306,0,0,0
119900307,0,0,0
119900308,0,0,0
119900309,0,0,0
119900310,0,0,0
119900311,0,0,0
119900312,0,0,0
119900313,0,0,0
119900314,0,0,0
119900315,0,0,0
119900318,0,0,0
119900319,0,0,0
119900320,0,0,0
119900321,0,0,0
119900322,0,0,0
119900323,0,0,0
119900324,0,0,0
119900325,0,0,0
119900326,0,0,0
120000001,2015,2675,-660
120000002,147,146,1
120000003,35,128,-93
120000004,90,194,-104
120000005,247,217,30
120000006,87,99,-12
120000007,101,113,-12
120000008,46,154,-108
120000009,52,33,19
120000010,77,75,2
120000011,28,134,-106
120000012,65,298,-233
120000013,651,181,470
120000014,367,383,-16
120000015,986,648,338
120000016,2405,797,1608
120000017,760,538,222
120000018,1632,618,1014
120000019,332,219,113
120000020,983,456,527
120000021,329,789,-460
120000022,2121,1353,768
120000023,470,359,111
120000024,289,435,-146
120000025,923,380,543
120000026,422,583,-161
120000027,614,786,-172
120000028,1,0,1
120000029,35,194,-159
120000030,25,232,-207
120000031,726,560,166
120000032,475,108,367
120000033,298,87,211
120000034,278,92,186
120000035,521,110,411
120000036,1193,925,268
120000037,338,655,-317
120000038,284,773,-489
120000039,3,79,-76
120000040,3,32,-29
120000041,29,22,7
120000042,55,32,23
120000043,136,21,115
120000044,30,1,29
120000045,8,3,5
120000046,121,47,74
120000047,7,15,-8
120000048,726,230,496
120000049,652,289,363
120000050,41,246,-205
120000051,77,310,-233
120000052,0,0,0
120000053,272,61,211
120000054,142,40,102
120000055,68,22,46
120000056,442,258,184
120000057,411,112,299
120000058,55,83,-28
120000059,5,314,-309
120000061,0,6,-6
120000062,0,0,0
120000063,99,4,95
120000064,29,1,28
120000065,132,0,132
120000066,38,1,37
120000067,10,20,-10
120000068,29,34,-5
120000069,83,27,56
120000070,4,16,-12
120000071,287,137,150
120000072,523,115,408
120000073,240,173,67
120000074,112,54,58
120000075,564,140,424
120000076,921,157,764
120000077,472,181,291
120000078,600,288,312
120000079,0,0,0
120000080,0,0,0
120000081,0,0,0
120000082,0,0,0
120000083,0,0,0
120000084,35,13,22
120000085,8,0,8
120000086,44,5,39
120000087,11,7,4
120000088,389,129,260
120000089,699,74,625
120000090,326,45,281
120000091,700,201,499
120000092,826,194,632
120000093,130,171,-41
120000094,92,374,-282
120000095,0,0,0
120000096,0,0,0
120000098,156,0,156
120000099,5,1,4
120000100,188,2,186
120000101,101,24,77
120000102,101,787,-686
120000103,727,744,-17
120000104,1393,135,1258
120000105,1585,79,1506
120000106,1662,34,1628
120000107,2143,44,2099
120000108,1151,14,1137
120000109,423,32,391
120000110,0,41,-41
120000111,4,16,-12
120000112,8,18,-10
120000113,8,23,-15
120000114,69,10,59
120000115,4,17,-13
120000116,32,49,-17
120000117,0,0,0
120000118,0,0,0
120000119,4,129,-125
120000120,0,0,0
120000121,4,113,-109
120000122,82,178,-96
120000123,361,296,65
120000124,288,122,166
120000125,18,14,4
120000126,99,192,-93
120000127,301,70,231
120000128,189,29,160
120000129,182,99,83
120000130,626,151,475
120000131,135,80,55
120000134,0,0,0
120000135,0,0,0
120000137,0,0,0
120000138,0,0,0
120000139,0,0,0
120000140,0,0,0
120000141,0,0,0
120000142,0,0,0
120000143,0,0,0
120000144,0,0,0
120000145,0,0,0
120000146,394,519,-125
120000149,0,0,0
120000150,0,0,0
120000151,212,76,136
120000152,301,40,261
120000153,0,0,0
120000154,46,3,43
120000155,120,39,81
120000156,187,16,171
120000157,184,113,71
120000158,0,0,0
120000159,106,384,-278
120000160,739,281,458
120000161,355,166,189
120000162,18,105,-87
120000163,0,0,0
120000164,0,0,0
120000165,149,6,143
120000166,135,75,60
120000167,0,0,0
120000168,0,0,0
120000169,0,0,0
120000170,0,0,0
120000171,0,0,0
120000172,0,0,0
120000173,0,0,0
120000174,0,0,0
120000175,0,0,0
120000176,0,0,0
120000177,0,0,0
120000178,0,0,0
120000179,0,0,0
120000180,0,0,0
120000181,0,0,0
120000182,0,0,0
120000183,0,0,0
120000184,0,0,0
120000186,0,0,0
120000187,0,0,0
120000188,0,0,0
120000190,0,0,0
120000191,0,0,0
120000192,0,0,0
120000193,0,0,0
120000195,0,0,0
120000196,0,0,0
120000197,0,0,0
120000198,0,0,0
120000199,0,0,0
120000200,0,0,0
120000201,0,0,0
120000202,0,0,0
120000203,0,0,0
120000207,0,0,0
120000208,0,0,0
120000209,0,0,0
120000210,0,0,0
120000211,0,0,0
120000212,0,0,0
120000213,0,0,0
120000214,0,0,0
120000215,0,0,0
120000216,0,0,0
120000217,0,0,0
120000218,0,0,0
120000219,0,0,0
120000220,0,0,0
120000225,0,0,0
120000226,0,0,0
120000227,0,0,0
120000228,0,0,0
120000230,0,0,0
120000231,0,0,0
120000233,455,1,454
120000235,0,76,-76
120000236,984,2,982
120000237,0,0,0
120000238,0,0,0
120000241,682,681,1
120000412,0,0,0
120000413,0,0,0
120000414,0,0,0
120000415,0,0,0
120000416,0,0,0
120000417,0,0,0
120000418,0,0,0
120000419,0,0,0
120000420,71,0,71
120000421,559,511,48
120000422,0,0,0
120000423,0,0,0
120000424,0,0,0
120000436,126,84,42
120000437,0,0,0
120000438,0,0,0
120000439,521,200,321
120000443,0,0,0
120000444,474,89,385
120000445,320,325,-5
120000446,136,70,66
120000447,468,2,466
120000449,0,0,0
120000450,0,0,0
120000451,40,51,-11
120000452,39,0,39
120000453,0,0,0
120000454,32,1,31
120000455,32,71,-39
120000456,11,191,-180
120000457,70,17,53
120000458,0,0,0
120000459,51,47,4
120000665,8,113,-105
120000668,0,51,-51
120000669,39,10,29
120000670,2,92,-90
120000671,122,24,98
120000672,0,26,-26
120900001,0,0,0
120900002,0,0,0
120900003,0,0,0
120900004,0,0,0
120900005,0,0,0
120900006,0,0,0
120900007,0,0,0
120900008,0,0,0
120900009,0,0,0
120900010,0,0,0
120900011,0,0,0
120900012,0,0,0
120900013,0,0,0
120900014,0,0,0
120900015,0,0,0
120900016,0,0,0
120900017,0,0,0
120900018,0,0,0
120900019,0,0,0
120900020,0,0,0
120900021,0,0,0
120900022,0,0,0
120900023,0,0,0
120900024,0,0,0
120900025,0,0,0
120900026,0,0,0
120900027,0,0,0
120900028,0,0,0
120900029,0,0,0
120900030,0,0,0
120900031,0,0,0
120900032,0,0,0
120900033,0,0,0
120900034,0,0,0
120900035,0,0,0
120900037,0,0,0
120900038,0,0,0
120900039,0,0,0
120900040,0,0,0
120900041,0,0,0
120900042,0,0,0
120900043,0,0,0
120900044,0,0,0
120900045,0,0,0
120900046,0,0,0
120900047,0,0,0
120900048,0,0,0
120900049,0,0,0
120900050,0,0,0
120900051,0,0,0
120900052,0,0,0
120900053,0,0,0
120900054,0,0,0
120900055,0,0,0
120900056,0,0,0
120900057,0,0,0
120900058,0,0,0
120900059,0,0,0
120900060,0,0,0
120900061,0,0,0
120900062,0,0,0
120900063,0,0,0
120900064,0,0,0
120900065,0,0,0
120900066,0,0,0
120900067,0,0,0
120900068,0,0,0
120900069,0,0,0
120900071,0,0,0
120900072,0,0,0
120900073,0,0,0
120900074,0,0,0
120900076,0,0,0
120900077,0,0,0
120900078,0,0,0
120900079,0,0,0
120900080,0,0,0
120900081,0,0,0
120900082,0,0,0
120900083,0,0,0
120900084,0,0,0
120900085,0,0,0
120900086,0,0,0
120900087,0,0,0
120900088,0,0,0
120900089,0,0,0
120900090,0,0,0
120900091,0,0,0
120900092,0,0,0
120900093,0,0,0
120900094,0,0,0
120900095,0,0,0
120900096,0,0,0
120900097,0,0,0
120900098,0,0,0
120900099,0,0,0
120900100,0,0,0
120900101,0,0,0
120900102,0,0,0
120900103,0,0,0
120900104,0,0,0
120900105,0,0,0
120900106,0,0,0
120900107,0,0,0
120900108,0,0,0
120900109,0,0,0
120900110,0,0,0
120900111,0,0,0
120900112,0,0,0
120900113,0,0,0
120900114,0,0,0
120900115,95,15,80
120900116,0,0,0
120900117,0,0,0
120900118,0,0,0
120900119,0,0,0
120900120,0,0,0
120900121,0,0,0
120900122,0,0,0
120900123,0,0,0
120900124,0,0,0
120900125,0,0,0
120900126,0,0,0
120900127,0,0,0
120900128,0,0,0
120900129,0,0,0
120900130,0,0,0
120900131,0,0,0
120900132,0,0,0
120900133,0,0,0
120900134,0,0,0
120900135,0,0,0
120900136,0,0,0
120900137,0,0,0
120900138,0,0,0
120900139,0,0,0
120900140,0,0,0
120900141,0,0,0
120900142,0,0,0
120900143,0,0,0
120900144,0,0,0
120900145,0,0,0
120900146,0,0,0
120900147,0,0,0
120900148,0,0,0
120900149,0,0,0
120900150,0,0,0
120900151,0,0,0
120900152,0,0,0
120900153,0,0,0
120900154,0,0,0
120900155,0,0,0
120900156,0,0,0
120900157,0,0,0
120900158,0,0,0
120900159,0,0,0
120900160,0,0,0
120900161,0,0,0
120900162,0,0,0
120900163,0,0,0
120900164,0,0,0
120900165,0,0,0
120900166,0,0,0
120900167,0,0,0
120900169,0,0,0
120900170,0,0,0
120900171,0,0,0
120900172,0,0,0
120900173,0,0,0
120900174,0,0,0
120900175,0,0,0
120900176,0,0,0
120900177,0,0,0
120900178,0,0,0
120900179,0,0,0
120900180,0,0,0
120900181,0,0,0
120900182,0,0,0
120900183,0,0,0
120900184,0,0,0
120900185,0,0,0
120900186,0,0,0
120900187,0,0,0
120900188,0,0,0
120900189,0,0,0
120900190,0,0,0
120900191,0,0,0
120900192,0,0,0
120900194,0,0,0
120900195,0,0,0
120900196,0,0,0
120900197,0,0,0
120900198,0,0,0
120900199,0,0,0
120900200,0,0,0
120900201,0,0,0
120900202,0,0,0
120900203,0,0,0
120900204,0,0,0
120900205,0,0,0
120900206,0,0,0
120900207,0,0,0
121000001,0,0,0
121000002,304,177,127
121000003,0,0,0
121000004,309,186,123
121000005,8,84,-76
121000006,224,377,-153
121000007,18,49,-31
121000008,430,513,-83
121000009,53,66,-13
121000010,808,407,401
121000011,389,238,151
121000012,2105,745,1360
121000013,371,355,16
121000014,2138,731,1407
121000015,672,1025,-353
121000016,1101,831,270
121000017,103,261,-158
121000018,214,327,-113
121000019,337,315,22
121000020,804,1053,-249
121000021,56,29,27
121000022,146,430,-284
121000023,46,29,17
121000024,708,732,-24
121000025,57,70,-13
121000026,53,113,-60
121000027,122,108,14
121000028,9,79,-70
121000029,56,19,37
121000030,0,0,0
121000031,4,15,-11
121000032,0,0,0
121000034,3,12,-9
121000035,0,0,0
121000036,26,31,-5
121000037,64,50,14
121000038,70,132,-62
121000039,0,0,0
121000041,0,0,0
121000042,5,46,-41
121000043,40,17,23
121000044,5,59,-54
121000045,6,18,-12
121000046,0,0,0
121000047,0,0,0
121000049,118,77,41
121000050,21,259,-238
121000051,4,26,-22
121000052,24,72,-48
121000053,16,7,9
121000054,0,0,0
121000055,0,0,0
121000056,298,373,-75
121000057,0,0,0
121000058,0,0,0
121000059,10,21,-11
121000060,56,45,11
121000061,0,21,-21
121000062,1,16,-15
121000063,18,9,9
121000064,37,12,25
121000065,3,17,-14
121000066,0,0,0
121000067,0,0,0
121000068,27,13,14
121000069,0,7,-7
121000070,92,103,-11
121000071,30,236,-206
121000072,22,39,-17
121000073,32,184,-152
121000074,0,0,0
121000075,0,0,0
121000076,0,2,-2
121000077,11,13,-2
121000078,0,0,0
121000080,178,81,97
121000081,269,257,12
121000082,16,51,-35
121000083,11,6,5
121000084,0,0,0
121000085,73,40,33
121000086,2,34,-32
121000087,3,55,-52
121000088,0,0,0
121000089,1,126,-125
121000090,0,0,0
121000091,517,93,424
121000092,20,15,5
121000093,10,40,-30
121000094,86,64,22
121000095,1,5,-4
121000096,0,0,0
121000097,0,0,0
121000098,64,45,19
121000099,4,7,-3
121000100,0,0,0
121000101,12,22,-10
121000102,0,0,0
121000103,6,11,-5
121000104,0,0,0
121000105,0,0,0
121000106,5,12,-7
121000107,203,310,-107
121000109,61,194,-133
121000110,0,0,0
121000114,385,481,-96
121000115,0,0,0
121000116,0,0,0
121000117,12,0,12
121000118,0,0,0
121000119,0,0,0
121000120,1,37,-36
121000121,0,6,-6
121000123,0,2,-2
121000126,0,0,0
121000127,0,0,0
121000128,0,0,0
121000129,0,0,0
121000130,11,40,-29
121000131,0,0,0
121000132,49,110,-61
121000135,0,0,0
121000136,35,88,-53
121000137,0,0,0
121000138,13,39,-26
121000139,0,0,0
121000141,0,0,0
121000142,0,0,0
121000143,0,0,0
121000144,0,0,0
121000145,0,0,0
121000146,42,6,36
121000147,36,28,8
121000148,0,0,0
121000149,182,315,-133
121000152,29,23,6
121000153,80,10,70
121000154,168,19,149
121000155,122,95,27
121000156,126,50,76
121000157,86,20,66
121000158,72,29,43
121000159,6,26,-20
121000160,14,6,8
121000161,0,0,0
121000162,0,0,0
121000165,152,725,-573
121000166,3,30,-27
121000168,9,77,-68
121000169,2,7,-5
121000170,86,24,62
121000171,17,55,-38
121000172,33,55,-22
121000173,0,2,-2
121000174,0,2,-2
121000175,3,6,-3
121000176,6,4,2
121000177,8,0,8
121000178,0,0,0
121000179,14,11,3
121000181,31,105,-74
121000182,46,72,-26
121000183,4,31,-27
121000184,3,23,-20
121000185,0,17,-17
121000186,0,0,0
121000187,0,0,0
121000188,0,0,0
121000192,29,19,10
121000193,0,0,0
121000194,58,197,-139
121000195,0,0,0
121000196,0,0,0
121000197,0,4,-4
121000198,0,0,0
121000199,0,3,-3
121000200,0,0,0
121000201,0,0,0
121000202,0,0,0
121000203,0,0,0
121000204,0,0,0
121000205,35,15,20
121000206,0,0,0
121000207,0,0,0
121000208,0,0,0
121000209,37,7,30
121000210,0,0,0
121000211,4,1,3
121000212,0,0,0
121000213,35,174,-139
121000214,17,133,-116
121000215,75,95,-20
121000216,48,74,-26
121000217,687,187,500
121000218,9,16,-7
121000219,168,115,53
121000220,0,0,0
121000221,1,79,-78
121000222,20,59,-39
121000223,0,0,0
121000224,0,0,0
121000225,5,73,-68
121000226,44,211,-167
121000227,0,0,0
121000228,0,0,0
121000229,0,0,0
121000230,0,0,0
121000231,175,2,173
121000232,0,0,0
121000233,147,14,133
121000234,6,5,1
121000235,2,9,-7
121000236,0,1,-1
121000237,23,0,23
121000238,0,1,-1
121000239,3,0,3
121000240,1,33,-32
121000241,30,0,30
121000242,0,20,-20
121000243,48,2,46
121000244,0,8,-8
121000245,7,1,6
121000246,0,2,-2
121000247,26,0,26
121000248,28,7,21
121000249,0,0,0
121000250,32,96,-64
121000251,0,0,0
121000252,0,17,-17
121000253,0,0,0
121000254,137,13,124
121000255,0,0,0
121000256,21,23,-2
121000257,0,0,0
121000258,18,35,-17
121000259,0,0,0
121000260,0,0,0
121000261,15,12,3
121000262,0,0,0
121000263,16,61,-45
121000271,0,0,0
121000273,0,0,0
121000274,0,14,-14
121000275,0,0,0
121000276,0,19,-19
121000278,25,6,19
121000279,0,0,0
121000280,2,32,-30
121000289,16,0,16
121000290,97,70,27
121000294,0,0,0
121000297,49,76,-27
121000299,0,0,0
121000300,0,0,0
121000302,0,85,-85
121000303,26,23,3
121000304,255,119,136
121000305,52,67,-15
121000306,21,84,-63
121000308,0,0,0
121000309,0,0,0
121000310,0,0,0
121000311,0,0,0
121000312,68,61,7
121000313,0,0,0
121000314,0,0,0
121000315,0,0,0
121000530,265,214,51
121000531,530,391,139
121000532,1179,361,818
121000533,4196,1385,2811
121000918,0,0,0
121000919,0,0,0
121000938,0,0,0
121000939,4,30,-26
121000956,0,0,0
121000957,0,0,0
121000958,1,1,0
121000959,25,11,14
121000960,44,48,-4
121000961,160,1,159
121000962,2,48,-46
121000973,0,0,0
121000976,0,0,0
121000979,0,0,0
121000981,59,7,52
121000982,0,0,0
121000983,4,1,3
121000984,0,0,0
121000985,0,0,0
121000986,0,0,0
121000987,0,0,0
121000988,258,29,229
121001302,0,0,0
121001308,0,0,0
121001309,0,0,0
121001313,0,0,0
121001314,0,0,0
121001315,1499,82,1417
121900001,2,48,-46
121900002,0,0,0
121900003,0,0,0
121900004,0,0,0
121900005,0,0,0
121900006,0,0,0
121900007,6,3,3
121900008,0,0,0
121900009,0,0,0
121900010,0,0,0
121900011,0,0,0
121900012,0,0,0
121900013,0,0,0
121900014,0,0,0
121900015,0,0,0
121900016,0,0,0
121900017,0,0,0
121900018,0,0,0
121900019,0,0,0
121900020,0,0,0
121900021,0,0,0
121900022,0,0,0
121900023,0,0,0
121900024,0,0,0
121900025,0,0,0
121900026,0,0,0
121900027,0,0,0
121900028,0,0,0
121900029,0,0,0
121900030,0,0,0
121900031,0,0,0
121900032,0,0,0
121900033,0,0,0
121900034,0,0,0
121900035,0,0,0
121900036,0,0,0
121900037,0,0,0
121900038,0,0,0
121900039,0,0,0
121900040,0,0,0
121900041,0,0,0
121900042,0,0,0
121900043,0,0,0
121900044,0,0,0
121900046,0,0,0
121900047,0,0,0
121900048,0,0,0
121900050,0,0,0
121900051,0,0,0
121900052,0,0,0
121900053,0,0,0
121900054,0,0,0
121900055,0,0,0
121900058,0,0,0
121900059,0,0,0
121900060,0,0,0
121900061,0,0,0
121900062,0,0,0
121900063,0,0,0
121900064,0,0,0
121900066,0,0,0
121900067,0,0,0
121900069,0,0,0
121900070,0,0,0
121900071,0,0,0
121900072,0,0,0
121900073,0,0,0
121900074,0,0,0
121900075,0,0,0
121900076,0,0,0
121900077,0,0,0
121900078,0,0,0
121900079,0,0,0
121900080,0,0,0
121900082,0,0,0
121900084,0,0,0
121900085,0,0,0
121900086,0,0,0
121900087,0,0,0
121900088,0,0,0
121900089,0,0,0
121900090,0,0,0
121900091,0,0,0
121900092,0,0,0
121900093,0,0,0
121900094,0,0,0
121900095,0,0,0
121900096,0,0,0
121900097,0,0,0
121900098,0,0,0
121900099,0,0,0
121900100,0,0,0
121900101,0,0,0
121900102,0,0,0
121900103,0,0,0
121900104,0,0,0
121900105,0,0,0
121900106,0,0,0
121900107,0,0,0
121900108,0,0,0
121900109,0,0,0
121900110,0,0,0
121900111,0,0,0
121900112,0,0,0
121900113,0,0,0
121900114,0,0,0
121900117,0,0,0
121900118,0,0,0
121900119,0,0,0
121900120,0,0,0
121900121,0,0,0
121900122,0,0,0
121900123,0,0,0
121900124,0,0,0
121900125,0,0,0
121900127,0,0,0
121900128,0,0,0
121900129,0,0,0
121900130,0,0,0
121900131,0,0,0
121900132,0,0,0
121900133,0,0,0
121900134,0,0,0
121900135,0,0,0
121900136,0,0,0
121900137,0,0,0
121900138,0,0,0
121900139,0,0,0
121900140,0,0,0
121900141,0,0,0
121900142,0,0,0
121900143,0,0,0
121900144,0,0,0
121900145,0,0,0
121900146,0,0,0
121900147,0,0,0
121900148,0,0,0
121900149,0,0,0
121900150,0,0,0
121900151,0,0,0
121900152,0,0,0
121900153,0,0,0
121900154,0,0,0
121900155,0,0,0
121900156,0,0,0
121900157,0,0,0
121900158,0,0,0
121900159,0,0,0
121900160,0,0,0
121900161,0,0,0
121900162,0,0,0
121900163,0,0,0
121900164,0,0,0
121900165,0,0,0
121900166,0,0,0
121900167,0,0,0
121900168,0,0,0
121900169,0,0,0
121900170,0,0,0
121900171,0,0,0
121900172,0,0,0
121900173,0,0,0
121900174,0,0,0
121900175,0,0,0
121900176,0,0,0
121900177,0,0,0
121900178,0,0,0
121900179,0,0,0
121900180,0,0,0
121900182,0,0,0
121900183,0,0,0
121900184,0,0,0
121900186,0,0,0
121900187,0,0,0
121900188,0,0,0
121900189,0,0,0
121900190,0,0,0
121900191,0,0,0
121900192,0,0,0
121900193,0,0,0
121900194,0,0,0
121900195,0,0,0
121900196,0,0,0
121900197,0,0,0
121900198,0,0,0
121900199,0,0,0
121900200,0,0,0
121900201,0,0,0
121900202,0,0,0
121900203,0,0,0
121900204,0,0,0
121900205,0,0,0
121900206,0,0,0
121900207,0,0,0
121900208,0,0,0
121900209,0,0,0
121900210,0,0,0
121900211,0,0,0
121900212,0,0,0
121900213,0,0,0
121900214,0,0,0
121900215,0,0,0
121900216,0,0,0
121900217,0,0,0
121900218,0,0,0
121900220,0,0,0
121900221,0,0,0
121900222,0,0,0
121900223,0,0,0
121900224,0,0,0
121900225,0,0,0
121900226,0,0,0
121900227,0,0,0
121900228,0,0,0
121900230,0,0,0
121900231,0,0,0
121900232,0,0,0
121900233,0,0,0
121900234,0,0,0
121900235,0,0,0
121900236,0,0,0
121900237,0,0,0
121900238,0,0,0
121900239,0,0,0
121900240,0,0,0
121900241,0,0,0
121900242,0,0,0
121900243,0,0,0
121900244,0,0,0
121900245,0,0,0
121900246,0,0,0
121900247,0,0,0
121900248,0,0,0
121900250,0,0,0
121900251,0,0,0
121900252,0,0,0
121900253,0,0,0
121900254,0,0,0
121900255,0,0,0
121900258,0,0,0
121900259,0,0,0
121900260,0,0,0
121900261,0,0,0
121900262,0,0,0
121900263,0,0,0
121900264,0,0,0
121900265,0,0,0
121900266,0,0,0
121900267,0,0,0
121900269,0,0,0
121900270,0,0,0
121900271,0,0,0
121900273,0,0,0
121900274,0,0,0
121900277,0,0,0
121900278,0,0,0
121900279,0,0,0
121900280,0,0,0
121900281,0,0,0
121900284,0,0,0
121900286,0,0,0
121900287,0,0,0
121900288,0,0,0
121900290,0,0,0
121900291,0,0,0
121900292,0,0,0
121900293,0,0,0
121900294,0,0,0
121900295,0,0,0
121900296,0,0,0
121900298,0,0,0
121900299,0,0,0
121900300,0,0,0
121900301,0,0,0
121900302,0,0,0
121900303,0,0,0
121900304,0,0,0
121900305,0,0,0
121900306,0,0,0
121900307,0,0,0
121900308,0,0,0
121900309,0,0,0
121900310,0,0,0
121900311,0,0,0
121900312,0,0,0
121900313,0,0,0
121900314,0,0,0
121900315,0,0,0
121900316,0,0,0
121900317,0,0,0
121900318,0,0,0
121900319,0,0,0
121900320,0,0,0
121900321,0,0,0
121900322,0,0,0
121900323,0,0,0
121900324,0,0,0
121900325,0,0,0
121900326,0,0,0
121900327,0,0,0
121900328,0,0,0
121900329,0,0,0
121900330,0,0,0
121900331,0,0,0
121900332,0,0,0
121900333,0,0,0
122000001,97,100,-3
122000002,107,42,65
122000003,78,118,-40
122000004,137,194,-57
122000005,602,913,-311
122000006,108,311,-203
122000007,78,297,-219
122000008,129,217,-88
122000009,44,51,-7
122000010,666,435,231
122000011,199,184,15
122000012,177,100,77
122000013,31,101,-70
122000014,10,62,-52
122000015,39,82,-43
122000016,1,82,-81
122000017,0,0,0
122000018,0,0,0
122000019,16,62,-46
122000020,0,0,0
122000021,0,0,0
122000022,60,17,43
122000023,15,15,0
122000024,286,152,134
122000025,67,130,-63
122000026,541,305,236
122000027,0,0,0
122000028,82,30,52
122000029,44,6,38
122000030,0,0,0
122000031,0,10,-10
122000032,80,79,1
122000033,125,259,-134
122000034,0,0,0
122000035,0,0,0
122000036,0,0,0
122000037,1,1,0
122000038,5,1,4
122000039,0,0,0
122000040,0,0,0
122000041,0,5,-5
122000042,0,1,-1
122000043,0,1,-1
122000044,3,1,2
122000045,137,48,89
122000046,133,63,70
122000047,0,0,0
122000048,327,679,-352
122000049,582,218,364
122000050,34,18,16
122000051,2,17,-15
122000052,7,27,-20
122000053,24,581,-557
122000054,79,150,-71
122000055,373,756,-383
122000056,277,131,146
122000057,97,197,-100
122000058,53,49,4
122000059,104,58,46
122000060,0,0,0
122000061,0,0,0
122000062,133,17,116
122000063,2,2,0
122000064,39,102,-63
122000065,173,249,-76
122000066,114,120,-6
122000067,220,553,-333
122000068,63,262,-199
122000069,37,29,8
122000070,355,98,257
122000071,80,66,14
122000072,0,0,0
122000073,0,0,0
122000074,40,80,-40
122000075,72,73,-1
122000076,141,161,-20
122000077,0,0,0
122000078,410,259,151
122000079,0,34,-34
122000080,0,3,-3
122000081,0,1,-1
122000082,163,112,51
122000083,0,0,0
122000084,0,0,0
122000085,6,16,-10
122000086,32,327,-295
122000087,11,51,-40
122000088,0,0,0
122000089,187,333,-146
122000090,0,0,0
122000091,0,0,0
122000092,0,0,0
122000093,136,560,-424
122000094,399,408,-9
122000095,11,81,-70
122000096,16,264,-248
122000098,356,535,-179
122000099,6,25,-19
122000100,17,5,12
122000101,0,2,-2
122000102,0,0,0
122000103,0,0,0
122000104,0,1,-1
122000105,4,2,2
122000106,3,2,1
122000107,24,36,-12
122000108,0,0,0
122000109,0,8,-8
122000110,0,0,0
122000111,358,55,303
122000112,68,89,-21
122000113,86,26,60
122000114,474,746,-272
122000115,470,418,52
122000116,11,93,-82
122000117,150,3,147
122000118,14,20,-6
122000119,0,0,0
122000120,0,0,0
122000121,81,10,71
122000122,12,25,-13
122000123,186,146,40
122000124,11,81,-70
122000125,13,54,-41
122000126,2,52,-50
122000127,24,79,-55
122000128,3,11,-8
122000129,61,12,49
122000130,201,108,93
122000131,9,27,-18
122000132,0,0,0
122000133,0,0,0
122000134,39,98,-59
122000135,8,30,-22
122000136,30,74,-44
122000137,49,42,7
122000139,3,143,-140
122000140,0,0,0
122000141,25,1,24
122000142,0,0,0
122000143,0,0,0
122000144,31,3,28
122000145,0,0,0
122000146,109,52,57
122000147,3,87,-84
122000148,188,196,-8
122000149,146,41,105
122000150,104,57,47
122000151,0,0,0
122000152,0,0,0
122000153,55,53,2
122000154,82,7,75
122000155,273,85,188
122000156,465,501,-36
122000157,250,255,-5
122000158,0,1,-1
122000159,48,18,30
122000160,277,47,230
122000161,97,13,84
122000162,193,62,131
122000163,0,0,0
122000164,0,0,0
122000165,2,32,-30
122000166,69,67,2
122000167,0,0,0
122000168,0,0,0
122000169,0,0,0
122000170,0,0,0
122000171,0,0,0
122000172,0,0,0
122000173,0,0,0
122000174,433,367,66
122000175,0,0,0
122000176,0,0,0
122000177,442,471,-29
122000178,541,134,407
122000179,0,1,-1
122000180,296,400,-104
122000181,827,548,279
122000182,121,94,27
122000183,57,9,48
122000184,556,452,104
122000185,199,195,4
122000186,0,0,0
122000187,92,41,51
122000188,0,0,0
122000189,23,30,-7
122000190,231,95,136
122000191,49,5,44
122000192,0,0,0
122000193,0,0,0
122000194,0,0,0
122000195,0,0,0
122000196,0,0,0
122000197,17,13,4
122000198,0,0,0
122000199,19,83,-64
122000200,65,41,24
122000201,188,282,-94
122000202,185,208,-23
122000203,0,0,0
122000204,0,0,0
122000205,0,0,0
122000206,180,71,109
122000207,132,76,56
122000208,149,39,110
122000209,198,55,143
122000210,15,8,7
122000211,4,44,-40
122000212,34,61,-27
122000213,125,203,-78
122000214,215,214,1
122000215,130,138,-8
122000217,7,13,-6
122000218,109,24,85
122000219,65,66,-1
122000220,20,40,-20
122000221,0,0,0
122000222,0,2,-2
122000223,81,53,28
122000225,160,16,144
122000226,1,11,-10
122000227,0,7,-7
122000228,0,2,-2
122000229,0,0,0
122000230,0,13,-13
122000231,0,26,-26
122000232,0,6,-6
122000233,0,0,0
122000234,37,0,37
122000235,20,2,18
122000236,13,6,7
122000237,0,0,0
122000238,7,9,-2
122000239,66,0,66
122000240,51,1,50
122000241,106,47,59
122000242,0,0,0
122000243,0,0,0
122000244,0,0,0
122000245,0,0,0
122000246,5,66,-61
122000247,9,1,8
122000248,16,10,6
122000249,86,96,-10
122000250,142,58,84
122000251,0,0,0
122000252,16,3,13
122000253,0,0,0
122000254,15,4,11
122000255,0,0,0
122000256,13,55,-42
122000257,0,20,-20
122000258,16,44,-28
122000259,0,0,0
122000260,0,0,0
122000261,0,5,-5
122000262,0,0,0
122000263,0,0,0
122000264,174,18,156
122000265,134,15,119
122000266,298,8,290
122000267,0,0,0
122000268,0,0,0
122000269,0,0,0
122000270,0,0,0
122000271,0,0,0
122000272,0,0,0
122000273,0,0,0
122000274,0,0,0
122000275,0,0,0
122000276,44,79,-35
122000277,217,105,112
122000278,103,39,64
122000279,6,12,-6
122000280,13,15,-2
122000281,3,9,-6
122000282,9,5,4
122000283,0,0,0
122000284,0,0,0
122000285,0,0,0
122000286,0,0,0
122000287,511,69,442
122000288,39,4,35
122000291,1101,82,1019
122000293,0,0,0
122000294,73,19,54
122000295,124,6,118
122000296,8,127,-119
122000297,907,442,465
122000299,94,24,70
122000300,2,15,-13
122000301,84,64,20
122000302,0,2,-2
122000303,43,95,-52
122000304,0,1,-1
122000305,437,29,408
122000306,1,35,-34
122000307,0,0,0
122000309,0,0,0
122000310,0,0,0
122000311,0,0,0
122000312,8,70,-62
122000313,26,71,-45
122000314,56,63,-7
122000315,0,0,0
122000316,21,9,12
122000317,34,16,18
122000318,26,44,-18
122000319,5,7,-2
122000320,0,0,0
122000321,1,0,1
122000322,139,105,34
122000323,45,56,-11
122000324,29,65,-36
122000325,71,187,-116
122000326,0,0,0
122000327,0,14,-14
122000328,0,0,0
122000330,98,155,-57
122000332,0,0,0
122000333,0,0,0
122000337,19,14,5
122000338,0,5,-5
122000340,0,0,0
122000342,8,24,-16
122000343,0,4,-4
122000344,32,0,32
122000345,15,1,14
122000346,0,0,0
122000348,43,29,14
122000349,0,0,0
122000351,0,0,0
122000352,0,0,0
122000353,0,0,0
122000355,0,0,0
122000356,24,17,7
122000357,0,5,-5
122000358,0,0,0
122000359,0,0,0
122000360,0,0,0
122000362,0,0,0
122000364,0,0,0
122000365,0,0,0
122000366,0,0,0
122000368,0,0,0
122000370,0,0,0
122000371,0,0,0
122000372,0,0,0
122000381,0,0,0
122000382,0,0,0
122000384,0,0,0
122000385,0,0,0
122000386,5,185,-180
122000387,0,0,0
122000388,17,55,-38
122000389,0,0,0
122000390,13,86,-73
122000391,0,0,0
122000392,0,0,0
122000393,0,0,0
122000394,0,0,0
122000395,0,0,0
122000396,0,0,0
122000397,0,0,0
122000398,3,52,-49
122000399,0,0,0
122000400,13,53,-40
122000401,0,0,0
122000402,19,33,-14
122000403,0,0,0
122000404,145,18,127
122000408,285,309,-24
122000503,0,0,0
122000524,0,0,0
122000544,0,0,0
122000616,0,0,0
122000640,0,0,0
122000641,0,0,0
122000642,0,0,0
122000643,3,20,-17
122000644,0,0,0
122000645,0,0,0
122000651,10,19,-9
122000664,17,13,4
122000665,0,0,0
122000666,125,55,70
122000673,0,0,0
122000674,38,27,11
122000675,39,50,-11
122000686,86,25,61
122000687,69,13,56
122000688,118,36,82
122000689,105,48,57
122000690,291,3,288
122000691,281,48,233
122000692,58,4,54
122000693,51,33,18
122000695,0,0,0
122000696,115,14,101
122000698,0,0,0
122000699,7,17,-10
122000701,87,14,73
122000702,116,59,57
122000703,22,27,-5
122000717,0,0,0
122000718,62,174,-112
122000719,0,8,-8
122000720,75,19,56
122000724,0,0,0
122900001,0,0,0
122900002,0,0,0
122900003,0,0,0
122900004,0,0,0
122900005,0,0,0
122900006,0,0,0
122900007,0,0,0
122900008,0,0,0
122900009,0,0,0
122900010,0,0,0
122900012,0,0,0
122900014,0,0,0
122900015,0,0,0
122900016,0,0,0
122900017,0,0,0
122900018,0,0,0
122900019,0,0,0
122900020,0,0,0
122900021,0,0,0
122900022,0,0,0
122900023,0,0,0
122900024,0,0,0
122900025,0,0,0
122900026,0,0,0
122900027,0,0,0
122900028,0,0,0
122900029,0,0,0
122900030,0,0,0
122900031,0,0,0
122900032,0,0,0
122900033,0,0,0
122900034,0,0,0
122900035,0,0,0
122900036,0,0,0
122900037,0,0,0
122900038,0,0,0
122900039,0,0,0
122900040,0,0,0
122900041,0,0,0
122900042,0,0,0
122900043,0,0,0
122900044,0,0,0
122900045,0,0,0
122900046,0,0,0
122900047,0,0,0
122900048,0,0,0
122900049,0,0,0
122900051,0,0,0
122900052,0,0,0
122900053,0,5,-5
122900055,0,0,0
122900057,0,0,0
122900061,0,0,0
122900062,0,0,0
122900063,0,0,0
122900064,0,0,0
122900065,0,0,0
122900066,0,0,0
122900067,0,0,0
122900068,0,0,0
122900069,0,0,0
122900070,0,0,0
122900071,0,0,0
122900072,0,0,0
122900073,0,0,0
122900074,0,0,0
122900075,0,0,0
122900076,0,0,0
122900077,0,0,0
122900078,0,0,0
122900080,0,0,0
122900081,0,0,0
122900082,0,0,0
122900083,0,0,0
122900084,0,0,0
122900086,0,0,0
122900087,0,0,0
122900088,0,0,0
122900089,0,0,0
122900090,0,0,0
122900091,0,0,0
122900092,0,0,0
122900093,0,0,0
122900094,0,0,0
122900095,0,0,0
122900096,0,0,0
122900097,0,0,0
122900098,0,0,0
122900099,0,0,0
122900100,0,0,0
122900101,0,0,0
122900102,0,0,0
122900103,0,0,0
122900104,0,0,0
122900105,0,0,0
122900106,0,0,0
122900107,0,0,0
122900108,0,0,0
123000001,161,15,146
123000002,237,1195,-958
123000003,901,352,549
123000004,250,519,-269
123000005,1051,316,735
123000006,209,515,-306
123000007,858,480,378
123000008,42,107,-65
123000009,2433,1848,585
123000010,56,237,-181
123000011,818,748,70
123000012,21,209,-188
123000013,995,317,678
123000014,12,153,-141
123000015,1377,396,981
123000016,26,188,-162
123000017,954,289,665
123000018,115,3,112
123000019,128,0,128
123000020,30,0,30
123000021,50,7,43
123000022,254,33,221
123000023,234,59,175
123000024,112,71,41
123000025,1,39,-38
123000026,0,0,0
123000027,0,0,0
123000028,48,133,-85
123000029,0,0,0
123000030,0,0,0
123000031,28,9,19
123000032,23,6,17
123000033,1,14,-13
123000034,309,63,246
123000035,84,95,-11
123000036,25,418,-393
123000037,0,0,0
123000038,0,0,0
123000039,0,0,0
123000040,0,0,0
123000041,41,633,-592
123000042,0,0,0
123000043,244,296,-52
123000044,20,71,-51
123000045,0,0,0
123000046,0,0,0
123000047,0,0,0
123000048,2,125,-123
123000049,3364,1125,2239
123000050,172,178,-6
123000051,0,0,0
123000052,133,369,-236
123000053,844,340,504
123000054,145,377,-232
123000055,721,820,-99
123000056,21,72,-51
123000057,51,194,-143
123000058,0,0,0
123000059,0,5,-5
123000060,0,0,0
123000061,1,6,-5
123000063,27,35,-8
123000064,3,1,2
123000065,18,74,-56
123000066,2,27,-25
123000067,8,21,-13
123000068,50,186,-136
123000069,156,129,27
123000070,1,2,-1
123000071,166,29,137
123000072,0,0,0
123000073,169,25,144
123000074,0,0,0
123000075,38,173,-135
123000076,0,0,0
123000077,33,1,32
123000078,289,109,180
123000079,478,175,303
123000080,28,2,26
123000081,0,0,0
123000082,0,0,0
123000083,3,1,2
123000084,0,0,0
123000085,0,0,0
123000086,0,0,0
123000087,0,0,0
123000088,2,0,2
123000089,317,166,151
123000090,0,0,0
123000091,207,51,156
123000092,0,0,0
123000094,8,3,5
123000095,30,42,-12
123000096,134,19,115
123000097,0,0,0
123000098,110,16,94
123000099,0,0,0
123000100,0,0,0
123000101,58,24,34
123000102,88,70,18
123000104,0,0,0
123000105,0,0,0
123000106,0,0,0
123000107,0,0,0
123000108,0,0,0
123000111,12,35,-23
123000112,23,10,13
123000113,0,0,0
123000114,2,42,-40
123000115,27,22,5
123000116,0,0,0
123000117,1,10,-9
123000118,6,9,-3
123000119,5,23,-18
123000120,6,24,-18
123000121,0,0,0
123000122,0,0,0
123000123,0,0,0
123000124,0,0,0
123000125,105,83,22
123000126,277,275,2
123000127,0,0,0
123000128,0,0,0
123000129,235,28,207
123000130,99,9,90
123000131,76,30,46
123000132,0,0,0
123000133,0,0,0
123000134,0,0,0
123000135,64,24,40
123000136,0,0,0
123000137,0,0,0
123000138,0,0,0
123000139,90,20,70
123000140,0,0,0
123000141,59,14,45
123000142,0,0,0
123000143,0,0,0
123000144,0,0,0
123000145,0,0,0
123000146,0,0,0
123000147,0,0,0
123000149,28,59,-31
123000150,29,8,21
123000151,25,54,-29
123000152,0,0,0
123000153,5,23,-18
123000154,19,78,-59
123000155,7,45,-38
123000156,0,0,0
123000157,19,15,4
123000158,89,66,23
123000159,182,225,-43
123000160,38,107,-69
123000161,145,38,107
123000162,267,138,129
123000163,33,5,28
123000164,320,15,305
123000165,0,0,0
123000166,0,0,0
123000167,25,17,8
123000168,72,3,69
123000169,162,17,145
123000170,0,0,0
123000171,201,0,201
123000172,0,0,0
123000173,63,45,18
123000174,138,22,116
123000175,0,0,0
123000176,242,16,226
123000177,0,0,0
123000178,241,32,209
123000179,0,0,0
123000180,500,48,452
123000181,0,0,0
123000182,0,0,0
123000183,58,14,44
123000184,0,0,0
123000185,319,28,291
123000186,0,0,0
123000187,440,3,437
123000188,272,0,272
123000189,234,1,233
123000190,37,0,37
123000192,0,0,0
123000193,0,0,0
123000194,0,0,0
123000195,266,5,261
123000196,308,3,305
123000197,74,0,74
123000198,0,0,0
123000199,0,0,0
123000200,241,16,225
123000201,449,22,427
123000202,0,0,0
123000203,551,16,535
123000204,0,0,0
123000205,0,0,0
123000206,607,20,587
123000207,0,0,0
123000208,154,19,135
123000209,239,23,216
123000210,0,0,0
123000211,0,0,0
123000212,657,23,634
123000213,243,3,240
123000215,142,127,15
123000216,28,165,-137
123000217,68,2,66
123000218,0,0,0
123000219,62,18,44
123000220,232,10,222
123000221,3,3,0
123000222,19,18,1
123000223,59,16,43
123000224,63,54,9
123000225,11,3,8
123000226,50,12,38
123000227,2,1,1
123000228,47,4,43
123000229,0,0,0
123000232,0,0,0
123000233,265,47,218
123000234,0,0,0
123000235,152,33,119
123000236,0,2,-2
123000237,38,19,19
123000238,0,0,0
123000239,0,0,0
123000240,0,0,0
123000241,25,10,15
123000242,0,0,0
123000243,14,66,-52
123000244,3,101,-98
123000245,0,0,0
123000249,0,0,0
123000252,292,129,163
123000253,317,155,162
123000254,19,11,8
123000255,63,111,-48
123000256,0,0,0
123000257,0,0,0
123000258,0,0,0
123000259,22,2,20
123000260,4,30,-26
123000261,0,0,0
123000262,0,0,0
123000263,32,14,18
123000264,6,6,0
123000265,0,0,0
123000266,5,5,0
123000267,31,132,-101
123000268,0,0,0
123000269,4,26,-22
123000270,20,10,10
123000271,0,0,0
123000272,320,72,248
123000273,93,551,-458
123000274,242,118,124
123000275,0,0,0
123000278,1,65,-64
123000279,7,24,-17
123000280,29,1,28
123000281,55,5,50
123000282,0,0,0
123000283,1,4,-3
123000284,0,0,0
123000286,0,0,0
123000287,17,49,-32
123000288,261,106,155
123000289,73,81,-8
123000291,0,0,0
123000294,0,0,0
123000295,319,231,88
123000296,136,190,-54
123000297,0,0,0
123000298,15,27,-12
123000299,37,154,-117
123000300,60,52,8
123000301,0,0,0
123000302,151,15,136
123000303,3,56,-53
123000305,0,0,0
123000306,0,0,0
123000309,0,0,0
123000310,10,14,-4
123000311,0,0,0
123000312,0,0,0
123000313,122,40,82
123000315,121,9,112
123000316,617,8,609
123000317,0,1,-1
123000318,0,0,0
123000329,0,0,0
123000337,59,2,57
123000338,145,17,128
123000339,0,0,0
123000340,1,34,-33
123000342,0,0,0
123000343,3,0,3
123000344,31,0,31
123000345,2,0,2
123000346,133,42,91
123000352,0,0,0
123000353,0,0,0
123000354,462,2,460
123000355,0,0,0
123000356,107,3,104
123000357,0,0,0
123000359,0,0,0
123000360,124,42,82
123000361,0,0,0
123000362,158,4,154
123000363,33,3,30
123000364,19,9,10
123000365,0,0,0
123000366,4,110,-106
123000367,0,29,-29
123000370,0,0,0
123000371,121,5,116
123000372,109,2,107
123000373,0,0,0
123000374,0,0,0
123000375,138,5,133
123000376,78,56,22
123000377,215,1,214
123000378,0,0,0
123000379,0,0,0
123000380,0,0,0
123000381,25,21,4
123000382,87,10,77
123000383,0,0,0
123000384,32,4,28
123000385,0,0,0
123000436,0,0,0
123000507,5,35,-30
123000508,335,693,-358
123000517,0,0,0
123000518,0,0,0
123000519,0,0,0
123000520,0,0,0
123000521,0,0,0
123000522,0,0,0
123000541,1,0,1
123000542,0,0,0
123000565,0,0,0
123000566,47,1,46
123000567,41,0,41
123000573,0,0,0
123000574,75,3,72
123000575,232,11,221
123000576,70,10,60
123000577,0,0,0
123000578,26,11,15
123000579,547,294,253
123000580,6,0,6
123000582,71,5,66
123000583,0,0,0
123000584,32,51,-19
123000585,0,0,0
123000586,27,0,27
123000596,0,0,0
123000597,12,4,8
123000602,11,1,10
123000603,210,1,209
123000604,22,6,16
123000605,826,405,421
123000606,0,0,0
123000609,0,0,0
123000610,118,75,43
123000613,0,0,0
123000614,85,5,80
123000615,0,0,0
123000616,71,4,67
123000617,0,0,0
123000618,0,0,0
123000619,24,3,21
123000620,0,0,0
123000622,101,22,79
123000624,98,14,84
123000630,486,43,443
123000631,52,20,32
123000632,0,0,0
123000633,5,389,-384
123000634,2,0,2
123000635,0,0,0
123000636,0,0,0
123000637,10,2,8
123000638,12,5,7
123000639,376,344,32
123000640,2,0,2
123900001,0,0,0
123900002,0,0,0
123900003,0,0,0
123900005,0,0,0
123900006,0,0,0
124000001,556,151,405
124000002,1,251,-250
124000003,266,39,227
124000004,0,21,-21
124000005,254,39,215
124000006,0,27,-27
124000007,93,24,69
124000008,0,0,0
124000009,172,55,117
124000010,0,0,0
124000011,277,67,210
124000012,0,0,0
124000017,146,153,-7
124000018,0,0,0
124000019,195,34,161
124000020,0,0,0
124000021,247,20,227
124000022,0,0,0
124000023,482,70,412
124000024,0,0,0
124000025,449,55,394
124000026,0,0,0
124000027,1536,304,1232
124000028,94,579,-485
124000030,0,0,0
124000031,339,134,205
124000032,1,25,-24
124000033,1,2,-1
124000034,0,21,-21
124000035,3,5,-2
124000036,0,6,-6
124000037,12,79,-67
124000038,0,2,-2
124000039,28,8,20
124000040,75,57,18
124000041,130,3,127
124000042,0,9,-9
124000043,9,4,5
124000044,0,7,-7
124000045,97,1,96
124000046,0,0,0
124000047,292,31,261
124000048,0,0,0
124000049,305,6,299
124000050,0,0,0
124000051,247,14,233
124000052,0,0,0
124000053,89,58,31
124000054,0,0,0
124000055,505,87,418
124000056,0,0,0
124000057,189,56,133
124000058,0,0,0
124000059,125,87,38
124000060,0,0,0
124000061,115,179,-64
124000062,0,0,0
124000063,0,0,0
124000064,0,0,0
124000065,0,0,0
124000066,70,16,54
124000067,82,16,66
124000068,0,0,0
124000069,316,16,300
124000070,0,0,0
124000071,54,33,21
124000072,0,0,0
124000073,217,25,192
124000074,0,0,0
124000075,169,66,103
124000076,0,0,0
124000077,0,0,0
124000078,166,241,-75
124000079,0,0,0
124000080,250,82,168
124000081,0,0,0
124000082,5,113,-108
124000083,0,0,0
124000084,1,126,-125
124000085,0,0,0
124000086,0,0,0
124000087,0,0,0
124000088,2,21,-19
124000089,161,10,151
124000090,0,0,0
124000091,211,29,182
124000092,0,0,0
124000093,4,28,-24
124000094,0,0,0
124000095,70,0,70
124000096,0,0,0
124000097,53,6,47
124000098,0,0,0
124000099,5,9,-4
124000100,0,0,0
124000101,10,7,3
124000102,0,0,0
124000103,18,4,14
124000104,0,0,0
124000105,0,0,0
124000106,0,0,0
124000107,0,9,-9
124000108,0,0,0
124000109,32,1,31
124000110,0,0,0
124000111,165,21,144
124000112,0,0,0
124000113,22,55,-33
124000114,0,0,0
124000115,0,0,0
124000116,29,34,-5
124000117,0,0,0
124000118,10,14,-4
124000119,0,0,0
124000120,52,18,34
124000121,113,36,77
124000122,0,0,0
124000123,154,13,141
124000124,7,44,-37
124000125,131,8,123
124000126,5,32,-27
124000127,329,13,316
124000128,53,62,-9
124000129,119,60,59
124000130,77,53,24
124000131,71,112,-41
124000132,94,159,-65
124000133,302,33,269
124000134,0,0,0
124000135,362,77,285
124000136,0,0,0
124000137,121,39,82
124000138,0,0,0
124000139,44,23,21
124000140,0,0,0
124000141,0,0,0
124000142,0,0,0
124000143,1,0,1
124000144,0,0,0
124000145,33,2,31
124000146,0,0,0
124000148,0,4,-4
124000149,63,15,48
124000150,0,0,0
124000151,43,42,1
124000152,0,0,0
124000153,54,112,-58
124000154,0,0,0
124000155,138,101,37
124000156,0,0,0
124000169,3,7,-4
124000170,0,0,0
124000171,45,29,16
124000172,0,0,0
124000173,18,19,-1
124000174,0,0,0
124000175,0,0,0
124000176,129,75,54
124000177,0,0,0
124000178,7,7,0
124000190,7,9,-2
124000191,0,0,0
124000192,116,116,0
124000193,0,0,0
124000194,33,30,3
124000195,139,8,131
124000196,0,0,0
124000197,0,0,0
124000198,2,16,-14
124000201,0,0,0
124000202,242,4,238
124000203,0,0,0
124000204,266,3,263
124000205,71,0,71
124000206,409,0,409
124000207,0,0,0
124000209,70,1,69
124000210,118,55,63
124000211,494,2,492
124000212,0,0,0
124000213,0,0,0
124000214,327,5,322
124000215,34,1,33
124000216,0,0,0
124000329,0,0,0
124000338,0,0,0
124000339,206,1,205
124000341,258,1,257
124000344,18,0,18
124000357,478,205,273
124000358,798,393,405
124000359,530,107,423
124000360,215,113,102
124000361,614,173,441
124000362,0,0,0
124000363,0,0,0
124000364,0,0,0
124000365,46,238,-192
124000366,13,114,-101
124000367,0,0,0
124000368,34,65,-31
124000369,11,55,-44
124000370,0,0,0
124000402,1,2,-1
124000403,16,4,12
124000404,0,0,0
124000405,225,34,191
124000406,24,71,-47
124000407,0,0,0
124000411,0,0,0
124000412,47,1,46
124000413,0,0,0
124000414,11,16,-5
124000415,0,0,0
124000416,0,0,0
124000417,7,10,-3
124000418,13,8,5
124000419,0,0,0
124000420,50,8,42
124000421,0,0,0
124000422,0,0,0
124000423,0,0,0
124000424,0,0,0
124000425,1,0,1
124000426,0,0,0
124000427,1,0,1
124000428,0,0,0
124000429,39,0,39
124000430,0,0,0
124000431,1,1,0
124000432,0,0,0
124000439,2,0,2
124000443,0,0,0
124000445,6,133,-127
124000446,0,0,0
124900001,0,0,0
124900002,0,0,0
124900003,0,0,0
124900004,0,0,0
124900005,0,0,0
124900006,0,0,0
124900008,0,0,0
124900009,0,0,0
124900010,0,0,0
124900011,0,0,0
124900012,0,0,0
124900013,0,0,0
124900014,0,0,0
124900015,0,0,0
124900016,0,0,0
124900017,0,0,0
124900018,0,0,0
124900020,0,0,0
124900021,0,0,0
124900022,0,0,0
124900024,0,0,0
124900026,0,0,0
124900027,0,0,0
124900028,0,0,0
124900029,0,0,0
124900030,0,0,0
124900031,0,0,0
124900032,0,0,0
124900033,0,0,0
124900034,0,0,0
124900035,0,0,0
124900036,0,0,0
124900037,0,0,0
124900038,0,0,0
124900039,0,0,0
124900040,0,0,0
124900041,0,0,0
124900042,0,0,0
124900043,0,0,0
124900044,0,0,0
124900045,0,0,0
124900046,0,0,0
124900047,0,0,0
124900048,0,0,0
124900050,0,0,0
124900052,0,0,0
124900053,0,0,0
124900054,0,0,0
124900055,0,0,0
124900057,0,0,0
124900060,0,0,0
124900061,0,0,0
124900062,0,0,0
124900066,0,0,0
124900067,0,0,0
124900068,0,0,0
124900070,0,0,0
124900072,0,0,0
124900074,0,0,0
124900075,0,0,0
124900076,0,0,0
124900077,0,0,0
124900078,0,0,0
124900079,0,0,0
124900080,0,0,0
124900081,0,0,0
124900082,0,0,0
124900083,0,0,0
124900084,0,0,0
124900085,0,0,0
124900086,0,0,0
124900087,0,0,0
124900088,0,0,0
124900089,0,0,0
124900090,0,0,0
124900091,0,0,0
124900092,0,0,0
124900093,0,0,0
124900094,0,0,0
124900095,0,0,0
124900096,0,0,0
124900097,0,0,0
124900098,0,0,0
124900099,0,0,0
124900100,0,0,0
124900101,0,0,0
124900102,0,0,0
124900103,0,0,0
124900104,0,0,0
124900105,0,0,0
124900106,0,0,0
124900107,0,0,0
124900108,0,0,0
124900109,0,0,0
124900110,0,0,0
124900111,0,0,0
124900112,0,0,0
124900113,0,0,0
124900114,0,0,0
124900115,0,0,0
124900116,0,0,0
124900117,0,0,0
124900118,0,0,0
124900119,0,0,0
124900120,0,0,0
124900121,0,0,0
124900122,0,0,0
124900123,0,0,0
124900124,0,0,0
129000186,0,0,0
204000001,2,2,0
204000002,0,1,-1
204000003,5,0,5
204000004,5,22,-17
204000005,527,498,29
204000006,1841,1424,417
204000011,0,0,0
204000012,0,0,0
204000013,0,0,0
204000019,682,394,288
204000020,151,100,51
204000021,208,98,110
204000022,728,380,348
204000023,0,0,0
204000031,4,35,-31
204000032,226,20,206
204000034,0,0,0
204000035,0,0,0
204000036,0,0,0
204000037,0,0,0
204000038,0,0,0
204000039,0,0,0
204000040,0,0,0
204000041,0,0,0
204000042,4,9,-5
204000043,5,1,4
204000044,0,2,-2
204000045,2,1,1
204000046,0,0,0
204000057,0,0,0
204000062,0,0,0
204000068,0,0,0
204000069,0,0,0
204000070,291,252,39
204000080,0,0,0
204000085,0,0,0
204000086,0,0,0
204000087,0,0,0
204000088,0,0,0
204000090,0,0,0
204000093,355,5,350
204000096,440,312,128
204000097,126,1,125
204000099,1007,475,532
204000100,824,406,418
204000105,0,0,0
204000110,0,0,0
204000111,0,0,0
204000112,0,0,0
204000113,0,0,0
204000114,119,250,-131
204000115,64,105,-41
204000116,98,55,43
204000119,1545,599,946
204000132,812,52,760
204000133,800,90,710
204000134,170,62,108
204000135,593,17,576
204000136,343,216,127
204000138,459,129,330
204000140,270,198,72
204000141,273,96,177
204000144,2,26,-24
204000145,66,3,63
204000146,0,0,0
204000147,0,0,0
204000148,241,4,237
204000154,0,2,-2
204000155,0,0,0
204000177,89,28,61
204000179,4,2,2
204000180,0,0,0
204000222,0,0,0
204000235,0,0,0
204000236,4,10,-6
204000238,7,6,1
204000240,16,3,13
204000263,0,0,0
204000268,741,258,483
204000308,25,9,16
204000317,0,0,0
204000322,0,0,0
204000323,5,3,2
204000328,164,26,138
204000329,0,0,0
204000330,118,9,109
204000331,0,0,0
204010341,5,2,3
205000001,0,0,0
205000013,0,0,0
205000014,0,0,0
205000015,0,0,0
205000016,0,0,0
205000017,0,0,0
205000022,0,0,0
205000025,0,0,0
205000029,70,20,50
205000045,0,0,0
205000046,0,0,0
205000047,0,0,0
205000048,0,0,0
205000049,0,0,0
205000050,0,0,0
205000059,0,0,0
205000060,0,0,0
205000061,0,0,0
205000062,0,0,0
205000063,0,0,0
205000064,0,0,0
205000065,0,0,0
205000066,0,0,0
205000067,0,0,0
205000069,0,0,0
205000082,191,71,120
205000110,0,0,0
205000111,0,0,0
205000112,183,131,52
205000113,0,0,0
205000121,243,112,131
205000123,0,0,0
205000126,907,150,757
205000127,1210,83,1127
205000128,406,57,349
205000129,664,23,641
205000130,266,15,251
205000131,24,2,22
205000132,18,4,14
205000133,12,0,12
205000134,308,1,307
205000137,0,0,0
205000138,0,0,0
205000139,0,0,0
205000144,63,25,38
205000145,158,30,128
205000151,35,18,17
205000152,115,26,89
205000153,313,25,288
205000154,95,63,32
205000155,172,7,165
205000207,0,0,0
205000233,24,0,24
205000234,0,0,0
205000243,0,9,-9
205000244,0,0,0
205000245,0,0,0
205000249,0,0,0
205000250,9,3,6
205000264,0,0,0
206000027,22,3,19
206000028,9,4,5
206000043,0,0,0
206000053,0,0,0
206000054,0,0,0
206000055,0,0,0
206000075,0,0,0
206000076,0,0,0
206000077,0,0,0
206000078,0,0,0
206000079,0,0,0
206000082,222,7,215
206000100,0,0,0
206000103,0,0,0
206000104,0,0,0
206000105,0,0,0
206000106,0,0,0
206000108,363,106,257
206000125,179,0,179
206000157,0,0,0
206000170,0,0,0
206000171,0,0,0
206000172,0,0,0
206000173,0,0,0
206000174,0,0,0
206000175,0,0,0
206000176,0,0,0
206000177,0,0,0
206000178,0,0,0
206000179,0,0,0
206000180,0,0,0
206000181,0,0,0
206000182,0,0,0
206000183,0,0,0
206000184,0,0,0
206000185,0,0,0
206000186,0,0,0
206000223,0,0,0
206000226,10,0,10
206000227,42,2,40
206000237,0,0,0
206000238,0,0,0
206000239,0,0,0
206000240,0,0,0
206000241,0,0,0
206000242,0,0,0
206000243,0,0,0
206000244,0,0,0
206000245,169,8,161
206000246,85,1,84
206000247,52,0,52
206000248,48,2,46
206000252,0,0,0
206000258,0,0,0
206000315,0,0,0
206000317,95,19,76
206000318,36,3,33
206000319,213,3,210
206000320,89,5,84
206000321,56,3,53
206000322,89,19,70
206000323,44,1,43
206000324,68,0,68
206000325,83,1,82
206000326,39,9,30
206000327,15,2,13
206000328,137,0,137
206000329,31,0,31
206000330,25,0,25
206000331,31,1,30
206000332,5,1,4
206000333,297,0,297
206000334,61,0,61
206000335,0,0,0
206000361,0,0,0
206000392,0,0,0
206000405,137,0,137
206000441,68,68,0
206000498,29,0,29
206000515,0,0,0
206000530,26,7,19
206000531,23,4,19
206000532,105,2,103
206000535,0,0,0
206000536,0,0,0
206000537,0,0,0
206000613,103,9,94
207000001,0,0,0
207000002,0,0,0
207000003,0,0,0
207000007,290,82,208
207000008,0,0,0
207000009,0,0,0
207000010,5,14,-9
207000012,80,141,-61
207000015,3,29,-26
207000019,256,10,246
207000021,446,58,388
207000022,314,36,278
207000023,275,15,260
207000024,6,9,-3
207000025,3,27,-24
207000026,0,0,0
207000027,0,0,0
207000028,0,0,0
207000029,0,0,0
207000033,282,265,17
207000034,110,29,81
207000039,257,34,223
207000040,281,14,267
207000041,97,10,87
207000042,299,54,245
207000043,154,81,73
207000051,0,0,0
207000052,0,0,0
207000053,0,0,0
207000054,0,0,0
207000055,0,0,0
207000056,0,0,0
207000057,0,0,0
207000058,0,0,0
207000059,0,0,0
207000060,0,0,0
207000061,52,305,-253
207000062,259,128,131
207000063,168,143,25
207000064,294,100,194
207000065,211,62,149
207000066,224,68,156
207000067,62,36,26
207000068,148,9,139
207000069,692,61,631
207000082,0,3,-3
207000083,0,16,-16
207000084,86,51,35
207000085,0,0,0
207000086,0,0,0
207000106,33,9,24
207000107,114,4,110
207000108,75,3,72
207000109,60,0,60
207000110,44,9,35
207000111,174,10,164
207000112,97,39,58
207000114,0,0,0
207000115,0,0,0
207000116,0,0,0
207000117,0,0,0
207000118,0,0,0
207000119,0,0,0
207000123,109,0,109
207000124,100,2,98
207000125,26,2,24
207000126,58,13,45
207000134,0,0,0
207000135,0,0,0
207000148,204,64,140
207000149,0,0,0
207000152,0,0,0
207000153,0,0,0
207000154,340,28,312
207000159,0,0,0
207000160,0,0,0
207000238,0,0,0
207000242,0,0,0
207000248,0,0,0
207000249,0,0,0
207000250,0,0,0
207000251,0,0,0
207000252,0,0,0
207000278,100,54,46
207000279,0,0,0
207000280,220,15,205
207000281,25,46,-21
207000282,0,7,-7
207000283,1,4,-3
207000284,0,0,0
207000285,1,6,-5
207000291,0,0,0
207000304,30,25,5
207000306,0,0,0
207000310,157,97,60
207000353,44,0,44
207000356,0,0,0
207000357,0,47,-47
207000358,0,7,-7
207000415,0,0,0
207000417,65,0,65
207000418,42,27,15
207000438,0,0,0
207000439,666,157,509
207000446,106,0,106
207000460,0,0,0
207000466,0,0,0
207000467,160,31,129
207000468,0,0,0
207000476,0,0,0
207000477,0,0,0
207000478,0,0,0
207000523,0,0,0
207000524,4,0,4
207000527,352,52,300
207000530,265,1,264
207000531,167,0,167
207000532,66,19,47
207000534,298,17,281
207000535,0,0,0
207000537,0,0,0
207000540,0,0,0
207000541,0,0,0
207000548,0,0,0
207000549,112,8,104
207000561,137,16,121
207000562,0,0,0
207000567,0,0,0
207000568,0,0,0
207000569,0,0,0
207000584,0,0,0
207000585,42,70,-28
207000616,0,0,0
207000617,101,0,101
207900008,0,0,0
208000001,121,255,-134
208000002,176,148,28
208000003,274,189,85
208000004,213,150,63
208000005,0,0,0
208000019,336,170,166
208000020,327,169,158
208000021,0,0,0
208000022,0,0,0
208000028,0,0,0
208000033,0,0,0
208000034,0,0,0
208000040,52,65,-13
208000041,303,92,211
208000042,329,87,242
208000047,0,0,0
208000064,922,494,428
208000066,404,430,-26
208000070,51,30,21
208000071,198,46,152
208000072,90,99,-9
208000080,115,122,-7
208000081,115,25,90
208000082,0,0,0
208000083,0,0,0
208000084,3,6,-3
208000085,0,0,0
208000086,0,0,0
208000087,0,0,0
208000089,0,0,0
208000090,0,0,0
208000093,0,0,0
208000094,0,0,0
208000095,1,0,1
208000104,576,98,478
208000105,664,129,535
208000114,165,128,37
208000115,252,117,135
208000116,243,286,-43
208000117,3,12,-9
208000118,31,12,19
208000155,0,0,0
208000158,0,0,0
208000186,523,470,53
208000204,0,0,0
208000205,0,0,0
208000282,0,0,0
209000004,22,19,3
209000005,30,1,29
209000006,186,34,152
209000007,0,0,0
209000010,0,0,0
209000011,0,0,0
209000012,0,0,0
209000013,0,0,0
209000014,0,0,0
209000025,81,59,22
209000026,255,24,231
209000027,0,0,0
209000028,0,0,0
209000029,0,0,0
209000030,0,0,0
209000031,0,0,0
209000034,0,0,0
209000035,0,1,-1
209000036,0,0,0
209000037,1,0,1
209000038,0,0,0
209000039,0,0,0
209000040,0,0,0
209000041,0,0,0
209000042,0,0,0
209000043,0,0,0
209000044,0,0,0
209000045,250,40,210
209000046,183,61,122
209000047,361,14,347
209000048,464,57,407
209000049,0,0,0
209000050,0,0,0
209000051,0,0,0
209000052,0,0,0
209000062,0,0,0
209000063,0,0,0
209000064,0,0,0
209000065,1,0,1
209000066,8,3,5
209000067,27,4,23
209000080,0,0,0
209000082,2,0,2
209000091,0,0,0
209000093,0,0,0
209000094,0,0,0
209000110,25,22,3
209000111,141,67,74
209000112,161,39,122
209000113,184,50,134
209000114,19,2,17
209000115,0,0,0
209000116,0,0,0
209000118,0,15,-15
209000119,0,0,0
209000121,0,0,0
209000135,4,12,-8
209000142,159,30,129
209000143,0,0,0
209000144,0,0,0
209000229,100,17,83
209000240,0,0,0
209000259,0,0,0
209000260,0,0,0
209000261,0,0,0
209000262,0,0,0
209000263,0,0,0
209000264,0,0,0
209000265,74,1,73
209000266,10,0,10
209000267,307,7,300
209000268,630,3,627
210000037,15,0,15
210000047,78,1,77
210000048,31,4,27
210000049,1,0,1
210000052,0,0,0
210000053,0,0,0
210000054,0,0,0
210000070,20,2,18
210000071,74,0,74
210000072,33,0,33
210000073,0,0,0
210000074,0,0,0
210000075,0,0,0
210000076,0,0,0
210000077,0,0,0
210000078,0,0,0
210000079,3,3,0
210000080,52,7,45
210000081,60,0,60
210000082,6,0,6
210000083,55,0,55
210000084,79,0,79
210000085,0,0,0
210000086,0,0,0
210000099,0,0,0
210000100,0,0,0
210000101,0,0,0
210000105,0,0,0
210000159,0,0,0
210000163,0,0,0
210000164,80,22,58
210000168,32,3,29
210000187,0,0,0
210000188,0,0,0
210000214,19,0,19
210000219,34,1,33
210000220,44,1,43
210000232,0,0,0
210000233,0,0,0
210000234,0,0,0
210000235,0,0,0
210000245,0,0,0
210000246,25,0,25
210000258,0,0,0
210000259,114,2,112
210000282,0,0,0
210000285,0,0,0
210000286,0,0,0
210000290,0,2,-2
210000295,0,0,0
210000296,0,0,0
210000320,57,1,56
210000321,20,4,16
210000338,0,0,0
210000339,0,0,0
210000340,0,0,0
210000341,0,0,0
210000342,0,0,0
210000343,0,0,0
210000344,0,0,0
210000345,0,0,0
210000346,0,0,0
210000347,0,0,0
210000348,0,0,0
210000349,0,0,0
210000350,0,0,0
210000351,0,0,0
210000352,7,8,-1
210000353,62,17,45
210000354,29,22,7
210000355,25,19,6
210000356,1,10,-9
210000357,20,35,-15
210000358,21,14,7
210000359,54,17,37
210000360,108,45,63
210000361,73,45,28
210000362,98,43,55
210000363,288,104,184
210000364,81,47,34
210000365,112,16,96
210000366,110,5,105
210000367,104,0,104
210000368,69,2,67
210000369,5,3,2
210000370,24,0,24
210000372,2,4,-2
210000373,0,1,-1
210000374,106,2,104
210000375,9,3,6
210000376,40,9,31
210000404,0,0,0
210000439,20,0,20
210000472,18,0,18
210000482,33,12,21
210000564,325,63,262
210000567,0,0,0
210000568,23,1,22
211000092,0,0,0
211000094,0,0,0
211000169,0,0,0
211000172,0,0,0
211000209,0,0,0
211000226,17,0,17
211000270,0,0,0
211000275,0,0,0
211000276,0,0,0
211000279,0,0,0
211000281,0,0,0
211507980,0,0,0
211977296,0,0,0
212000003,75,3,72
212000004,0,0,0
212000005,0,0,0
212000006,0,0,0
212000008,0,0,0
212000009,0,0,0
212000012,0,0,0
212000013,0,0,0
212000014,0,0,0
212000015,0,0,0
212000016,0,0,0
212000027,394,68,326
212000028,184,111,73
212000029,221,206,15
212000030,27,33,-6
212000031,53,3,50
212000048,0,0,0
212000049,0,0,0
212000050,0,0,0
212000051,0,0,0
212000052,0,0,0
212000053,0,0,0
212000054,274,18,256
212000055,210,42,168
212000056,46,27,19
212000057,0,15,-15
212000058,5,6,-1
212000070,0,0,0
212000077,0,0,0
212000099,176,34,142
212000108,172,35,137
212000111,89,4,85
212000120,0,0,0
212000138,0,0,0
212000156,0,0,0
212000158,0,26,-26
212000159,465,39,426
212000160,388,41,347
212000161,11,9,2
212000310,0,0,0
212000311,2,34,-32
212000374,0,0,0
213000001,0,0,0
213000005,222,12,210
213000006,174,47,127
213000007,2,0,2
213000009,303,63,240
213000010,276,19,257
213000011,153,11,142
213000012,0,0,0
213000014,29,32,-3
213000015,225,0,225
213000016,121,0,121
213000017,31,0,31
213000018,0,0,0
213000019,0,0,0
213000020,0,0,0
213000021,0,0,0
213000023,1032,65,967
213000033,0,0,0
213000034,431,34,397
213000035,153,23,130
213000045,0,0,0
213000046,0,0,0
213000047,0,0,0
213000056,223,7,216
213000069,10,0,10
213000073,0,0,0
213000074,0,0,0
213000075,302,1,301
213000076,2,0,2
213000085,0,0,0
213000086,0,0,0
213000091,318,2,316
213000092,11,1,10
213000099,0,0,0
213000100,439,112,327
213000101,399,11,388
213000102,395,4,391
213000103,357,10,347
213000104,0,0,0
213000105,0,0,0
213000106,0,0,0
213000107,0,0,0
213000108,0,0,0
213000109,0,0,0
213000110,0,0,0
213000111,0,0,0
213000112,0,0,0
213000115,29,1,28
213000116,0,0,0
213000117,0,0,0
213000118,110,258,-148
213000119,0,0,0
213000120,0,0,0
213000122,0,0,0
213000123,0,0,0
213000124,0,0,0
213000125,131,142,-11
213000126,0,0,0
213000127,0,0,0
213000128,0,0,0
213000129,283,101,182
213000130,442,61,381
213000132,285,49,236
213000133,486,144,342
213000134,377,2,375
213000136,180,2,178
213000137,509,4,505
213000139,80,2,78
213000147,6,0,6
213000148,2,0,2
213000149,1,0,1
213000150,0,0,0
213000151,0,0,0
213000152,0,0,0
213000153,0,0,0
213000154,0,0,0
213000155,0,0,0
213000156,0,0,0
213000157,0,0,0
213000158,0,0,0
213000159,496,68,428
213000163,306,156,150
213000165,539,85,454
213000171,0,0,0
213000172,0,0,0
213000173,0,0,0
213000174,0,0,0
213000175,0,0,0
213000176,343,50,293
213000177,175,5,170
213000178,421,1,420
213000179,77,2,75
213000180,215,2,213
213000184,0,0,0
213000188,124,4,120
213000189,151,11,140
213000190,184,6,178
213000191,160,1,159
213000192,81,0,81
213000193,0,0,0
213000194,0,0,0
213000195,0,0,0
213000196,0,0,0
213000197,543,75,468
213000198,0,0,0
213000200,0,0,0
213000201,0,0,0
213000202,0,0,0
213000203,1105,112,993
213000204,699,23,676
213000205,370,16,354
213000206,589,10,579
213000207,13,10,3
213000208,1,0,1
213000209,2,0,2
213000210,51,0,51
213000211,0,0,0
213000212,0,0,0
213000213,0,0,0
213000218,30,208,-178
213000219,308,52,256
213000220,181,30,151
213000223,31,76,-45
213000224,1,6,-5
213000225,24,2,22
213000226,80,1,79
213000227,722,13,709
213000228,313,4,309
213000229,17,0,17
213000230,159,4,155
213000232,0,0,0
213000233,0,0,0
213000234,0,0,0
213000293,0,0,0
213000294,22,1,21
213000295,0,0,0
213000296,9,2,7
213000297,0,0,0
213000298,0,0,0
213000299,9,9,0
213000300,1,4,-3
213000303,0,0,0
213000304,0,0,0
213000305,1,21,-20
213000306,0,0,0
213000307,3,14,-11
213000308,0,0,0
213000309,89,4,85
213000310,60,12,48
213000311,0,0,0
213000315,0,0,0
213000316,50,1,49
213000322,0,0,0
213000323,0,0,0
213000324,0,0,0
213000325,0,0,0
213000326,0,0,0
213000327,0,0,0
213000328,0,0,0
213000329,0,0,0
213000340,0,0,0
213000341,266,24,242
213000346,5,45,-40
213000347,123,34,89
213000348,0,0,0
213000349,0,0,0
213000350,0,0,0
213000366,0,0,0
213000367,126,0,126
213000379,0,0,0
213000386,0,0,0
213000406,0,0,0
213000417,494,151,343
213000425,0,0,0
213000426,0,0,0
213000427,0,0,0
213000428,0,0,0
213000429,0,0,0
213000430,0,0,0
213000431,0,0,0
213000432,0,0,0
213000433,0,0,0
213000434,0,0,0
213000435,0,0,0
213000436,0,0,0
213000437,0,0,0
213000438,0,0,0
213000439,0,0,0
213000440,0,0,0
213000441,0,0,0
213000442,0,0,0
213000443,0,0,0
213000444,0,0,0
213000445,0,0,0
213000446,0,0,0
213000447,0,0,0
213000448,0,0,0
213000449,0,0,0
213000450,0,0,0
213000451,0,0,0
213000452,0,0,0
213000453,0,0,0
213000455,54,2,52
213000456,0,0,0
213000481,3,0,3
213000482,5,0,5
213000489,49,0,49
213000491,0,0,0
213000492,55,0,55
213000493,0,0,0
213000494,195,12,183
213000495,0,0,0
213000496,696,117,579
213000497,0,0,0
213000498,0,0,0
213000499,0,0,0
213000500,248,6,242
213000501,58,4,54
213000502,31,6,25
213000503,0,0,0
213000504,0,0,0
213000505,111,13,98
213000506,0,0,0
213000507,0,0,0
213900016,0,0,0
213900244,97,0,97
213900245,0,0,0
218000003,0,0,0
218000004,0,0,0
218000005,2,32,-30
218000006,0,0,0
218000007,0,0,0
218000012,0,0,0
218000013,19,60,-41
218000014,55,71,-16
218000019,0,0,0
218000020,0,0,0
218000021,0,0,0
218000022,0,0,0
218000023,0,0,0
218000024,0,0,0
218000025,0,0,0
218000026,0,0,0
218000027,0,0,0
218000028,0,0,0
218000029,0,0,0
218000030,0,0,0
218000031,0,0,0
218000032,0,0,0
218000040,3,0,3
218000046,0,12,-12
218000047,0,4,-4
218000048,3,3,0
218000049,2,7,-5
218000050,24,13,11
218000051,1,15,-14
218000052,0,1,-1
218000053,2,0,2
218000054,0,0,0
218000055,1,2,-1
218000056,0,1,-1
218000057,0,0,0
218000064,0,0,0
218000065,60,1,59
218000066,46,13,33
218000067,0,0,0
218000068,0,0,0
218000069,0,0,0
218000070,0,0,0
218000071,0,0,0
218000072,0,0,0
218000078,0,0,0
218000079,0,0,0
218000080,0,0,0
218000081,0,0,0
218000082,0,0,0
218000083,0,0,0
218000084,0,0,0
218000085,0,0,0
218000086,0,0,0
218000087,0,0,0
218000090,0,0,0
218000091,125,68,57
218000092,0,0,0
218000093,24,2,22
218000094,0,0,0
218000099,47,67,-20
218000100,44,49,-5
218000101,9,6,3
218000102,146,3,143
218000103,22,9,13
218000104,35,1,34
218000105,0,0,0
218000106,0,0,0
218000107,0,0,0
218000108,0,0,0
218000112,0,0,0
218000117,35,15,20
218000134,0,0,0
218000135,0,0,0
218000136,0,0,0
218000137,0,0,0
218000138,0,0,0
218000139,0,0,0
218000140,0,0,0
218000141,0,0,0
218000142,0,0,0
218000143,0,0,0
218000144,0,0,0
218000145,0,0,0
218000146,0,0,0
218000151,0,33,-33
218000152,42,19,23
218000153,0,0,0
218000154,0,0,0
218000155,0,0,0
218000156,0,0,0
218000157,0,0,0
218000158,0,0,0
218000159,0,0,0
218000160,0,0,0
218000161,0,0,0
218000162,0,0,0
218000163,0,0,0
218000164,0,0,0
218000165,0,0,0
218000170,1,11,-10
218000171,54,6,48
218000172,2,6,-4
218000173,0,1,-1
218000174,25,3,22
218000176,177,1,176
218000177,425,56,369
218000178,151,48,103
218000179,488,38,450
218000180,57,2,55
218000181,172,20,152
218000187,0,0,0
218000188,0,0,0
218000189,0,0,0
218000190,0,0,0
218000191,0,0,0
218000192,0,0,0
218000193,0,0,0
218000194,0,0,0
218000195,0,0,0
218000196,0,0,0
218000197,0,0,0
218000198,1,2,-1
218000199,2,0,2
218000200,1,0,1
218000201,0,0,0
218000202,0,0,0
218000207,0,0,0
218000208,0,0,0
218000211,0,0,0
218000212,0,0,0
218000213,9,3,6
218000214,0,0,0
218000215,3,0,3
218000217,1,1,0
218000218,16,9,7
218000219,4,2,2
218000220,47,0,47
218000221,235,157,78
218000222,2,31,-29
218000223,37,210,-173
218000224,13,122,-109
218000225,172,64,108
218000226,199,34,165
218000230,0,0,0
218000232,0,0,0
218000239,25,1,24
218000240,0,0,0
218000241,0,0,0
218000242,0,0,0
218000243,0,0,0
218000244,2,2,0
218000245,0,1,-1
218000246,0,0,0
218000247,0,0,0
218000248,0,0,0
218000249,0,0,0
218000250,0,0,0
218000251,0,0,0
218000252,0,0,0
218000253,0,0,0
218000254,0,0,0
218000255,0,0,0
218000256,0,0,0
218000267,0,0,0
218000268,0,0,0
218000269,0,0,0
218000270,0,0,0
218000271,0,0,0
218000273,59,12,47
218000274,33,7,26
218000275,0,0,0
218000276,0,0,0
218000278,0,0,0
218000279,0,0,0
218000280,0,0,0
218000281,0,0,0
218000282,45,12,33
218000284,106,66,40
218000301,0,0,0
218000302,0,0,0
218000303,0,0,0
218000316,15,25,-10
218000317,2,1,1
218000318,0,0,0
218000319,0,0,0
218000320,0,0,0
218000338,2,0,2
218000345,0,0,0
218000346,39,47,-8
218000459,10,5,5
218000490,0,0,0
218000501,19,1,18
218000502,0,0,0
218000503,16,0,16
218000504,53,1,52
218000505,0,0,0
218000506,0,0,0
218000508,0,0,0
218000510,81,9,72
218000520,0,0,0
218000521,0,0,0
218000522,0,0,0
218000523,31,0,31
218000524,0,0,0
218000525,22,0,22
218000526,0,0,0
218000529,0,0,0
218000530,0,0,0
218000531,58,2,56
218000532,0,0,0
218000534,14,1,13
218000537,2,32,-30
218000538,0,0,0
218000540,0,0,0
218000543,0,0,0
218000544,0,0,0
218000545,0,0,0
218000546,0,0,0
218000547,0,0,0
218000548,0,0,0
218000549,263,3,260
218000550,0,0,0
218000551,0,0,0
218000552,98,0,98
218000553,0,0,0
218000554,0,0,0
218000555,5,1,4
218000556,0,0,0
218000557,47,21,26
218000558,15,0,15
218000559,0,0,0
218000560,0,0,0
218000561,3,0,3
218000562,0,0,0
218000563,175,0,175
218000564,0,0,0
218000565,15,0,15
218000566,10,0,10
218000567,0,0,0
218000568,0,0,0
218000569,0,0,0
218000570,5,0,5
218000571,0,0,0
218000572,3,2,1
218000573,0,0,0
218000574,5,1,4
218000575,45,0,45
218000576,0,0,0
218000577,33,0,33
218000578,0,0,0
218000579,0,0,0
218000581,0,0,0
218000582,0,0,0
218000583,0,0,0
218000584,0,0,0
218000585,0,0,0
218000586,0,0,0
218000587,0,0,0
218000588,0,0,0
218000589,0,0,0
218000590,0,0,0
218000591,0,0,0
218000592,0,0,0
218000593,0,0,0
218000594,0,0,0
218000595,0,0,0
218000596,0,0,0
218000597,0,0,0
218000598,0,0,0
218000599,0,0,0
218000600,0,0,0
218000601,0,0,0
218000602,0,0,0
218000603,0,0,0
218000604,1,0,1
218000605,0,0,0
218000606,0,0,0
218000607,0,0,0
218000608,0,0,0
218000609,0,0,0
218000610,0,0,0
218000611,0,0,0
218000612,0,0,0
218000613,0,0,0
218000614,0,0,0
218000615,0,0,0
218000616,0,0,0
218000617,0,0,0
218000618,0,0,0
218000619,2,4,-2
218000620,1,0,1
218000621,0,6,-6
218000622,0,1,-1
218000623,2,0,2
218000624,0,4,-4
218000625,0,0,0
218000626,0,0,0
218000628,44,24,20
218000631,1,0,1
218000632,0,0,0
218000633,0,0,0
218000634,0,0,0
218000635,2,0,2
218000636,0,0,0
218000637,0,0,0
218000638,375,72,303
218000639,0,0,0
218000640,136,2,134
218000641,0,0,0
218000652,17,3,14
218000653,330,41,289
218000663,0,0,0
218000675,1,10,-9
218000676,0,0,0
218000677,0,0,0
218000680,0,0,0
218000681,56,9,47
218000691,0,0,0
218000693,161,20,141
218000703,0,0,0
218000718,0,0,0
218000719,41,23,18
218000720,0,0,0
218000721,1,0,1
218000725,0,0,0
218001214,0,0,0
218001258,8,0,8
218001329,78,19,59
218001330,0,0,0
218001351,1,1,0
218001352,0,0,0
218001353,1,1,0
218001354,0,0,0
218001355,25,0,25
218001356,22,8,14
218001357,6,0,6
218001358,9,1,8
218001361,25,0,25
219000001,0,0,0
219000002,0,0,0
219000003,36,4,32
219000004,14,49,-35
219000017,0,0,0
219000020,113,4,109
219000022,77,1,76
219000023,45,0,45
219000029,0,0,0
219000034,17,31,-14
219000039,0,0,0
219000040,0,0,0
219000041,0,0,0
219000051,0,0,0
219000052,0,0,0
219000053,0,0,0
219000054,0,0,0
219000055,0,0,0
219000056,0,0,0
219000057,0,0,0
219000062,0,0,0
219000063,0,0,0
219000064,0,0,0
219000110,51,20,31
219000111,39,18,21
219000112,62,22,40
219000113,53,0,53
219000114,75,0,75
219000116,2,0,2
219000117,1,0,1
219000118,16,1,15
219000123,65,0,65
219000124,8,0,8
219000125,0,0,0
219000126,0,0,0
219000127,0,0,0
219000128,0,0,0
219000129,0,0,0
219000130,0,0,0
219000131,186,230,-44
219000133,0,3,-3
219000134,2,11,-9
219000135,1,8,-7
219000136,28,33,-5
219000138,0,0,0
219000139,0,0,0
219000140,5,0,5
219000141,0,0,0
219000142,0,0,0
219000143,0,0,0
219000145,3,1,2
219000146,0,0,0
219000147,0,0,0
219000148,0,0,0
219000149,0,0,0
219000150,0,0,0
219000151,0,0,0
219000157,45,10,35
219000158,0,7,-7
219000161,0,0,0
219000163,13,17,-4
219000166,1,15,-14
219000167,0,0,0
219000168,34,11,23
219000174,45,4,41
219000175,0,0,0
219000176,0,0,0
219000177,0,0,0
219000178,0,0,0
219000179,0,0,0
219000180,0,0,0
219000182,37,3,34
219000183,60,1,59
219000184,9,0,9
219000185,0,0,0
219000186,45,1,44
219000187,30,0,30
219000189,0,0,0
219000190,0,0,0
219000191,0,0,0
219000192,21,12,9
219000193,0,0,0
219000195,0,0,0
219000196,0,0,0
219000198,0,0,0
219000199,0,0,0
219000200,0,0,0
219000201,0,0,0
219000203,0,0,0
219000204,0,0,0
219000205,0,0,0
219000207,0,0,0
219000209,0,0,0
219000210,0,0,0
219000213,0,0,0
219000239,0,0,0
219000240,0,0,0
219000241,0,0,0
219000242,0,0,0
219000243,0,0,0
219000244,0,0,0
219000245,0,0,0
219000246,7,29,-22
219000247,70,12,58
219000248,144,114,30
219000249,38,29,9
219000250,22,13,9
219000251,108,105,3
219000252,150,65,85
219000253,78,6,72
219000255,3,30,-27
219000256,48,3,45
219000257,54,0,54
219000262,0,0,0
219000263,0,0,0
219000267,0,0,0
219000268,0,0,0
219000269,0,0,0
219000270,0,0,0
219000271,0,0,0
219000278,0,0,0
219000279,0,0,0
219000283,0,0,0
219000295,0,0,0
219000296,0,0,0
219000297,0,0,0
219000298,0,0,0
219000299,153,6,147
219000300,0,0,0
219000301,0,0,0
219000302,0,0,0
219000307,0,0,0
219000308,0,0,0
219000311,64,6,58
219000312,66,9,57
219000313,100,4,96
219000314,0,0,0
219000315,140,22,118
219000316,137,1,136
219000317,22,0,22
219000320,0,0,0
219000321,0,0,0
219000323,0,0,0
219000325,0,0,0
219000326,0,0,0
219000327,0,0,0
219000328,0,0,0
219000329,0,0,0
219000330,0,0,0
219000331,0,0,0
219000332,19,0,19
219000333,0,0,0
219000335,0,0,0
219000337,0,0,0
219000338,3,0,3
219000344,0,0,0
219000345,0,0,0
219000346,0,0,0
219000348,0,0,0
219000349,0,0,0
219000350,0,0,0
219000351,0,0,0
219000352,27,37,-10
219000353,3,19,-16
219000354,3,14,-11
219000355,34,11,23
219000356,41,76,-35
219000363,91,1,90
219000364,182,3,179
219000365,32,0,32
219000366,112,1,111
219000368,30,32,-2
219000370,49,52,-3
219000371,0,0,0
219000382,0,0,0
219000383,0,0,0
219000385,0,0,0
219000386,0,0,0
219000387,0,1,-1
219000390,0,0,0
219000391,0,0,0
219000397,0,0,0
219000398,0,0,0
219000401,0,0,0
219000402,0,0,0
219000403,0,0,0
219000404,0,0,0
219000407,0,0,0
219000409,16,31,-15
219000410,78,3,75
219000411,38,3,35
219000446,0,0,0
219000447,0,0,0
219000448,19,0,19
219000452,0,0,0
219000453,0,0,0
219000454,20,18,2
219000556,48,20,28
219000558,0,0,0
219000590,0,0,0
219000591,25,20,5
219000592,0,0,0
219000595,0,0,0
219000635,62,2,60
219000636,0,0,0
219000657,0,1,-1
219000658,0,0,0
219000673,0,0,0
219000676,0,0,0
219000679,1,0,1
219000684,0,0,0
219000685,0,0,0
219000686,0,0,0
219000688,0,0,0
219000689,0,0,0
219000690,273,9,264
219000691,0,0,0
219000692,44,3,41
219000693,0,0,0
219000694,0,0,0
219000695,0,0,0
219000698,24,0,24
219000699,0,0,0
219000727,0,0,0
219000728,0,0,0
219000770,4,0,4
219000771,0,0,0
219000788,0,0,0
219001150,0,0,0
219001151,0,0,0
219001166,3,2,1
219001167,0,0,0
219001178,97,1,96
220000001,0,12,-12
220000002,0,0,0
220000003,0,0,0
220000004,0,0,0
220000005,0,0,0
220000006,0,0,0
220000007,0,0,0
220000008,0,0,0
220000009,0,0,0
220000010,3,2,1
220000011,3,7,-4
220000012,0,0,0
220000014,0,0,0
220000015,0,0,0
220000017,0,0,0
220000018,0,0,0
220000019,0,0,0
220000020,8,5,3
220000021,0,0,0
220000022,0,0,0
220000023,0,0,0
220000024,2,1,1
220000025,4,14,-10
220000026,12,18,-6
220000027,0,3,-3
220000028,2,11,-9
220000029,0,0,0
220000030,0,0,0
220000031,15,55,-40
220000064,0,0,0
221000046,25,0,25
221000047,0,0,0
221000048,0,0,0
221000049,0,0,0
221000050,22,0,22
221000055,29,0,29
221000057,91,29,62
221000068,373,43,330
221000069,186,41,145
221000070,132,21,111
221000071,112,0,112
221000072,189,2,187
221000073,98,8,90
221000074,0,0,0
221000075,0,0,0
221000076,0,0,0
221000077,0,0,0
221000081,12,0,12
221000082,19,0,19
221000083,21,0,21
221000084,28,0,28
221000085,2,1,1
221000086,0,0,0
221000087,0,0,0
221000088,0,0,0
221000089,0,0,0
221000090,0,0,0
221000098,131,2,129
221000099,103,2,101
221000100,92,2,90
221000101,133,2,131
221000102,97,1,96
221000109,0,0,0
221000110,0,0,0
221000111,0,0,0
221000112,0,0,0
221000113,0,0,0
221000114,0,0,0
221000120,0,0,0
221000121,0,18,-18
221000122,0,8,-8
221000123,0,0,0
221000124,0,0,0
221000155,52,8,44
221000156,0,2,-2
221000175,0,1,-1
221000176,0,0,0
221000182,10,0,10
221000241,843,71,772
221000242,0,0,0
221000243,385,34,351
221000244,0,0,0
221000245,180,16,164
221000246,0,0,0
221000247,276,41,235
221000248,0,0,0
221000267,0,0,0
221000325,0,0,0
221000331,0,0,0
221000338,0,10,-10
221000378,124,11,113
221000381,0,0,0
222000282,0,0,0
222000296,0,0,0
222000568,95,3,92
222000569,90,8,82
222000570,56,9,47
222000571,218,13,205
222000577,0,0,0
222000578,0,0,0
222000579,0,0,0
222000580,0,0,0
222000599,0,0,0
222000600,0,0,0
222000601,0,0,0
222000603,0,0,0
222000604,0,0,0
222000605,0,0,0
222000606,0,0,0
222000607,0,0,0
222000608,0,0,0
222000609,0,0,0
222000616,51,1,50
222000617,0,0,0
222000618,0,0,0
222000620,0,0,0
222000621,24,0,24
222000623,250,0,250
222000624,269,0,269
222000625,267,0,267
222000636,30,0,30
222000686,2,0,2
222000687,0,2,-2
222001066,144,0,144
222001067,51,1,50
222001068,66,0,66
222001069,25,0,25
222001082,0,0,0
222001083,0,0,0
222001084,0,0,0
222001085,0,0,0
222001111,0,0,0
222001112,77,15,62
222001313,0,0,0
222001314,0,0,0
222001464,1,0,1
222001465,0,0,0
222001484,11,0,11
222001485,0,0,0
222001494,126,10,116
222001495,0,0,0
222001496,133,2,131
222001497,0,0,0
222001502,0,0,0
222001503,83,1,82
222001504,0,0,0
222001505,222,1,221
222001506,0,0,0
222001507,145,3,142
222001510,234,9,225
222001511,0,0,0
222001514,288,18,270
222001515,0,0,0
222001518,104,3,101
222001519,0,0,0
222001527,17,0,17
222001528,0,0,0
222001529,110,1,109
222001530,0,0,0
222001533,0,0,0
222001534,404,18,386
222001535,58,29,29
222001536,0,0,0
222001537,49,5,44
222001538,0,0,0
222001563,317,12,305
222001564,0,0,0
222001568,30,8,22
222001576,0,0,0
222001579,0,0,0
222001583,0,0,0
222001584,30,0,30
222001596,0,0,0
222001597,183,107,76
222001626,0,0,0
222001650,2,12,-10
222001651,4,0,4
222001914,32,3,29
222001915,0,0,0
222001968,82,19,63
222001969,0,0,0
222001970,27,0,27
222001971,20,0,20
222001972,0,0,0
225000001,112,30,82
225000002,210,44,166
225000003,109,12,97
225000004,174,48,126
225000005,64,9,55
225000006,0,0,0
225000007,0,0,0
225000010,22,0,22
225000011,79,166,-87
225000012,73,114,-41
225000013,63,33,30
225000014,83,24,59
225000015,0,0,0
225000021,205,30,175
225000027,0,0,0
225000032,200,51,149
225000042,0,0,0
225000049,0,0,0
225000050,26,0,26
225000053,0,0,0
225000058,137,54,83
225000067,0,0,0
225000068,0,0,0
225000069,0,0,0
225000070,0,0,0
225000071,0,0,0
225000075,0,0,0
225000076,0,0,0
225000078,2,10,-8
225000085,2,16,-14
225000086,13,1,12
225000087,85,1,84
225000088,0,0,0
225000089,0,0,0
225000090,0,0,0
225000091,0,0,0
225000092,0,0,0
225000093,0,0,0
225000094,0,0,0
225000095,0,0,0
225000096,0,0,0
225000098,247,99,148
225000099,236,21,215
225000100,108,33,75
225000104,0,0,0
225000110,0,0,0
225000111,0,0,0
225000112,0,0,0
225000113,0,0,0
225000114,0,0,0
225000115,0,0,0
225000116,139,23,116
225000117,317,129,188
225000118,423,77,346
225000119,55,5,50
225000120,218,5,213
225000121,163,2,161
225000123,636,8,628
225000125,158,61,97
225000126,211,30,181
225000127,471,113,358
225000128,335,158,177
225000132,0,0,0
225000133,0,0,0
225000134,84,93,-9
225000135,15,0,15
225000136,34,0,34
225000137,16,0,16
225000138,248,0,248
225000143,0,0,0
225000144,0,0,0
225000145,101,61,40
225000146,0,0,0
225000147,0,0,0
225000148,0,0,0
225000149,0,0,0
225000151,0,0,0
225000155,0,0,0
225000156,0,0,0
225000157,0,0,0
225000158,0,0,0
225000171,0,0,0
225000180,8,0,8
225000181,0,0,0
225000182,29,1,28
225000185,0,0,0
225000187,0,0,0
225000191,19,0,19
225000194,0,0,0
225000208,0,0,0
225000209,64,9,55
225000210,0,0,0
225000217,0,0,0
225000218,18,0,18
225000223,0,0,0
225000224,2,1,1
225000225,0,0,0
225000226,303,2,301
225000227,0,0,0
225000228,3,12,-9
225000229,0,0,0
225000230,0,0,0
225000231,0,0,0
225000232,80,0,80
225000241,116,0,116
225000242,0,0,0
225000249,20,0,20
225000250,0,0,0
225000251,0,0,0
225000254,0,0,0
225000256,0,0,0
225000257,0,0,0
226000042,0,0,0
226000043,0,0,0
226000044,0,0,0
226000045,0,0,0
226000046,141,29,112
226000047,77,2,75
226000048,199,5,194
226000049,83,74,9
226000070,0,0,0
226000071,0,0,0
226000072,0,0,0
226000073,0,0,0
226000074,0,0,0
226000084,0,0,0
226000085,0,0,0
226000086,0,0,0
226000087,0,0,0
226000088,0,0,0
226000090,1,20,-19
226000091,1,1,0
226000092,1,0,1
226000093,0,0,0
226000094,2,0,2
226000095,1,4,-3
226000105,0,0,0
226000106,2,0,2
226000107,2,0,2
226000108,1,0,1
226000109,15,0,15
226000124,48,51,-3
226000134,103,78,25
226000135,146,30,116
226000136,6,16,-10
226000137,0,0,0
226000138,0,0,0
226000139,0,0,0
226000156,49,0,49
226000157,132,0,132
226000163,0,0,0
226000202,0,0,0
226000231,156,0,156
226000232,13,0,13
227000033,92,1,91
227000036,189,0,189
227000037,73,0,73
227000038,41,0,41
227000084,0,0,0
227000085,0,0,0
227000088,5,0,5
227000089,3,0,3
227000090,4,2,2
227000091,3,0,3
227000092,1,0,1
227000093,7,0,7
227000094,0,0,0
227000130,0,0,0
227000131,0,0,0
227000132,0,0,0
227000133,0,0,0
227000134,0,0,0
227000152,0,0,0
227000153,0,0,0
227000154,0,0,0
227000155,0,0,0
227000156,0,0,0
227000165,0,0,0
227000196,55,0,55
227000199,158,3,155
227000230,0,0,0
227000232,79,1,78
227000242,0,0,0
227000243,139,3,136
227000245,0,0,0
227000246,0,0,0
227000247,117,3,114
227000248,10,2,8
227000249,0,0,0
227000250,15,38,-23
227000251,0,0,0
227000252,0,0,0
227000253,87,0,87
227000262,247,7,240
227000266,206,6,200
227000267,0,0,0
227000282,0,0,0
227000284,160,2,158
227000286,0,0,0
227000287,0,0,0
227000291,0,0,0
227000296,10,0,10
227000484,194,1,193
227000485,0,0,0
227000655,27,0,27
227000656,118,4,114
227000657,5,1,4
227000661,26,3,23
229000265,12,1,11
229000266,0,0,0
229000267,2,0,2
229000268,0,1,-1
229000269,1,0,1
229000274,0,0,0
229000275,0,0,0
229000276,0,0,0
229000277,0,0,0
229000278,0,0,0
229000295,0,0,0
229000296,0,0,0
229000297,0,0,0
229000298,0,0,0
229000320,0,0,0
229000321,1,0,1
229000412,0,0,0
229000414,0,0,0
229000415,1,0,1
229000416,0,0,0
229000417,0,0,0
229000419,0,1,-1
229000440,75,3,72
229000442,2,0,2
229000443,0,0,0
229000444,0,0,0
229000445,2,0,2
229000446,19,0,19
229000491,0,0,0
229000492,0,0,0
229000493,0,0,0
229000494,0,0,0
229000495,0,0,0
229000496,0,0,0
229000507,0,0,0
229000508,0,0,0
229000509,0,0,0
229000510,0,0,0
229000511,0,0,0
229000512,0,0,0
229000513,0,0,0
229000514,0,0,0
229000517,0,0,0
229000518,0,0,0
229000519,0,0,0
229000520,0,0,0
229000521,0,0,0
229000522,0,0,0
229000523,0,0,0
229000524,0,0,0
229000527,0,0,0
229000528,0,0,0
229000529,0,0,0
229000530,0,0,0
229000531,0,0,0
229000532,0,0,0
229000533,10,1,9
229000534,2,8,-6
229000564,66,4,62
229000565,11,0,11
229000566,0,0,0
229000567,0,0,0
229000582,34,11,23
229000583,2,12,-10
229000584,0,0,0
229000585,0,0,0
229000718,0,0,0
229000719,0,0,0
229000720,0,0,0
229000721,0,0,0
229000722,0,0,0
229000723,0,0,0
229000724,0,0,0
229000725,0,0,0
229000738,2,0,2
229000739,0,0,0
229000740,0,0,0
229000741,36,0,36
229000742,53,0,53
229000743,13,0,13
229000744,0,0,0
229000745,0,0,0
229000746,25,0,25
229000847,0,0,0
229000848,0,0,0
229000849,0,0,0
229000851,0,0,0
229000854,0,0,0
229000856,0,0,0
229000857,0,0,0
229000858,0,0,0
229000919,0,0,0
229000930,0,1,-1
229000937,111,1,110
229000966,31,7,24
229000981,0,0,0
229000985,0,0,0
229000986,0,0,0
229000987,0,0,0
229000988,0,0,0
229000989,1,0,1
229000990,0,0,0
229000991,0,0,0
229000992,4,0,4
229000993,32,3,29
229000998,0,0,0
229000999,1,2,-1
229001034,0,0,0
229001035,1,0,1
229001036,0,0,0
229001037,8,0,8
229001038,0,0,0
229001039,0,0,0
229001040,0,0,0
229001041,9,0,9
229001042,3,0,3
229001047,0,0,0
229001050,36,1,35
229001168,0,0,0
229001200,1,0,1
229001338,0,1,-1
229001394,100,0,100
229001422,68,6,62
229001423,0,0,0
229001431,57,9,48
229001432,0,0,0
229001444,88,8,80
229001445,0,1,-1
229001479,0,0,0
229001503,133,8,125
229001504,0,0,0
229001505,116,6,110
229001506,0,0,0
229001509,6,1,5
229001510,0,0,0
229001545,44,1,43
229001546,0,0,0
229001553,27,1,26
229001554,0,0,0
229001630,21,1,20
229001631,0,0,0
229001635,0,0,0
229001636,0,0,0
229001658,0,0,0
229001659,80,0,80
229001660,0,0,0
229001661,0,0,0
229001662,11,0,11
229001663,0,0,0
229002584,28,7,21
229002831,2,0,2
229002841,0,0,0
229002842,0,1,-1
229002843,4,0,4
229002844,0,2,-2
229002845,0,1,-1
229002846,0,1,-1
229002847,0,0,0
229002848,2,0,2
229002849,0,0,0
229002850,21,0,21
229002851,0,0,0
229002852,14,0,14
229002853,4,3,1
229002854,0,0,0
229002855,0,0,0
229002856,2,6,-4
229002857,0,0,0
229002858,0,0,0
229002859,0,0,0
229002860,4,1,3
229002861,5,23,-18
229002862,0,0,0
229002863,0,0,0
229002864,2,1,1
229002865,0,0,0
229002866,0,0,0
229002867,0,0,0
229002868,9,0,9
229002869,0,0,0
229002870,5,0,5
235000066,253,0,253
235000067,90,11,79
235000072,0,0,0
235000073,0,0,0
235000074,0,0,0
235000080,0,0,0
235000081,0,0,0
235000082,110,3,107
235000083,115,7,108
235000084,31,6,25
235000085,354,11,343
235000089,13,2,11
235000092,0,0,0
235000093,0,0,0
235000097,0,0,0
235000098,110,0,110
235000099,33,2,31
235000116,8,0,8
235000117,108,0,108
235000133,0,0,0
235000134,0,0,0
235000206,1,1,0
235000207,2,2,0
235000208,0,0,0
235000209,0,4,-4
235000210,0,1,-1
235000212,0,0,0
235000213,0,0,0
235000220,0,0,0
235000221,0,0,0
235000238,4,139,-135
235000239,0,1,-1
235000242,43,417,-374
235000245,0,0,0
235000246,0,0,0
235000284,0,0,0
235000295,37,2,35
235000305,86,27,59
235000306,57,0,57
235000307,29,0,29
235000308,0,0,0
235000309,4,0,4
235000310,0,0,0
235000311,8,0,8
235000322,0,0,0
235000323,0,0,0
235000324,0,0,0
235000325,0,0,0
235000326,0,0,0
235000351,0,0,0
235000352,0,0,0
235000353,0,0,0
235000354,0,0,0
235000355,0,0,0
235000356,7,0,7
235000357,13,1,12
235000358,12,4,8
235000359,2,0,2
235000360,4,0,4
235000361,9,1,8
235000381,0,0,0
235000382,58,2,56
235000390,0,0,0
235000391,166,4,162
235000392,220,42,178
235000393,99,20,79
235000395,104,6,98
235000396,416,12,404
235000400,7,3,4
235000401,0,0,0
235000405,0,0,0
235000406,0,0,0
235000407,0,0,0
235000409,0,0,0
235000410,0,0,0
235000411,0,0,0
235000485,0,0,0
235000486,48,0,48
235000549,72,12,60
235000550,0,0,0
235000599,0,0,0
235000600,0,0,0
235000601,5,3,2
235000602,51,2,49
235000614,0,0,0
235000648,0,0,0
235000649,55,0,55
235000685,0,0,0
235000815,0,0,0
235000834,0,0,0
235000855,51,9,42
235000862,0,0,0
235000891,0,0,0
235000892,1,0,1
235000901,0,0,0
235000907,0,0,0
235001010,51,3,48
235001029,0,0,0
235001030,254,16,238
235001078,50,13,37
235001079,0,0,0
235001147,2,11,-9
235001166,8,5,3
235001167,0,0,0
235001169,0,0,0
235001188,0,0,0
235001189,0,1,-1
235001197,0,0,0
235001200,0,0,0
235001207,63,2,61
235001210,0,0,0
235001215,0,0,0
235001239,0,0,0
235001244,0,1,-1
235016267,0,0,0
277101746,0,0,0
277102712,0,0,0
277103813,1,0,1
277103898,0,0,0
277104249,0,0,0
277104250,0,0,0
277104251,0,0,0
277104252,0,3,-3
990011530,0,0,0
990014944,0,1,-1
990015176,6,0,6
990015618,0,0,0
990016032,0,0,0
990032570,0,0,0
990070001,39,0,39
990070103,0,0,0
990070601,0,0,0
990070751,0,0,0
990070766,0,0,0
990071180,435,5,430
990071343,13,0,13
990071387,0,0,0
990071823,68,4,64
990072600,0,0,0
990072964,0,0,0
990073285,0,0,0
990074393,0,0,0
990074870,403,0,403
990075106,225,1,224
990075746,179,0,179
990076437,1560,31,1529
990076458,0,0,0
997000007,177,0,177
997000041,0,0,0
997000058,67,0,67
997000062,77,0,77
997000069,0,0,0
997000070,0,0,0
997000100,0,0,0
997000141,0,0,0
997000198,0,0,0
998000475,0,0,0
998000736,0,0,0
998000965,0,0,0
998001031,0,0,0
998001700,0,0,0
998001899,0,0,0
998001900,22,151,-129
998003073,377,16,361
998101900,3,30,-27
998102850,0,0,0
998501927,186,3,183
998501929,501,6,495
998501930,61,0,61
998501931,173,8,165
998501932,1,2,-1
998501933,395,2,393
998501937,12,2,10
998501944,6,0,6
998501950,0,0,0
998501970,32,1,31
998501971,0,156,-156
998501973,0,0,0
998501974,0,0,0
998501975,29,0,29
998501976,43,0,43
998501977,0,0,0
998501978,13,0,13
998501979,0,0,0
998501980,94,0,94
998501981,143,0,143
998501982,0,0,0
998502006,0,0,0
998502024,0,0,0
998502032,0,1,-1
998502062,1,3,-2
998502063,0,0,0
998502173,1,0,1
998502269,0,0,0
998601159,0,0,0
998601292,0,0,0
999033574,0,0,0
999800001,36,0,36
999800002,0,0,0
999800003,6,0,6
999800004,0,0,0
999800005,0,0,0
