dong,insum,outsum,diff
강남구 개포1동,1404,1456,-52
강남구 개포2동,23892,18394,5498
강남구 개포4동,17517,6610,10907
강남구 논현1동,29964,24838,5126
강남구 논현2동,15449,18875,-3426
강남구 대치1동,15218,18196,-2978
강남구 대치2동,30950,37348,-6398
강남구 대치4동,34031,23234,10797
강남구 도곡1동,19238,23758,-4520
강남구 도곡2동,7957,10394,-2437
강남구 삼성1동,37656,40970,-3314
강남구 삼성2동,14426,23549,-9123
강남구 세곡동,57549,22053,35496
강남구 수서동,15992,39783,-23791
강남구 신사동,14316,14618,-302
강남구 압구정동,23394,30461,-7067
강남구 역삼1동,56339,63768,-7429
강남구 역삼2동,26688,25047,1641
강남구 일원1동,14721,11814,2907
강남구 일원2동,4285,3000,1285
강남구 일원본동,22680,14674,8006
강남구 청담동,25496,27338,-1842
강동구 강일동,44612,14117,30495
강동구 고덕제1동,13488,10426,3062
강동구 고덕제2동,11927,38142,-26215
강동구 길동,21310,8718,12592
강동구 둔촌제1동,114,1287,-1173
강동구 둔촌제2동,11846,11267,579
강동구 명일제1동,14959,16096,-1137
강동구 명일제2동,10637,13652,-3015
강동구 상일동,17299,21646,-4347
강동구 성내제1동,10891,7057,3834
강동구 성내제2동,12372,9288,3084
강동구 성내제3동,11750,10690,1060
강동구 암사제1동,21625,4241,17384
강동구 암사제2동,3092,12893,-9801
강동구 암사제3동,3639,755,2884
강동구 천호제1동,8294,2594,5700
강동구 천호제2동,19562,22563,-3001
강동구 천호제3동,7438,7917,-479
강북구 미아동,14734,19075,-4341
강북구 번1동,29458,31808,-2350
강북구 번2동,17355,7158,10197
강북구 번3동,38386,9749,28637
강북구 삼각산동,12962,4150,8812
강북구 삼양동,25132,9613,15519
강북구 송중동,39178,43035,-3857
강북구 송천동,47600,34631,12969
강북구 수유1동,31989,18430,13559
강북구 수유2동,27188,6207,20981
강북구 수유3동,32715,64655,-31940
강북구 우이동,24802,9733,15069
강북구 월곡제1동,3266,2838,428
강북구 인수동,24967,7307,17660
강서구 가양제1동,17530,18702,-1172
강서구 가양제2동,3559,4390,-831
강서구 가양제3동,5418,4189,1229
강서구 공항동,15785,13033,2752
강서구 등촌제1동,16380,26253,-9873
강서구 등촌제2동,16735,4932,11803
강서구 등촌제3동,21500,23436,-1936
강서구 발산제1동,29693,27501,2192
강서구 방화제1동,17063,12456,4607
강서구 방화제2동,12246,13455,-1209
강서구 방화제3동,4025,2815,1210
강서구 염창동,22060,8224,13836
강서구 우장산동,24770,20008,4762
강서구 화곡본동,19240,10344,8896
강서구 화곡제1동,49302,42331,6971
강서구 화곡제2동,18897,3469,15428
강서구 화곡제3동,9208,12226,-3018
강서구 화곡제4동,17091,8643,8448
강서구 화곡제6동,28841,18187,10654
강서구 화곡제8동,15607,21210,-5603
관악구 낙성대동,21885,34752,-12867
관악구 난곡동,41479,6999,34480
관악구 난향동,26103,4608,21495
관악구 남현동,17572,13602,3970
관악구 대학동,36794,24837,11957
관악구 미성동,38495,20336,18159
관악구 보라매동,25082,15911,9171
관악구 삼성동,32081,22685,9396
관악구 서림동,47705,7900,39805
관악구 서원동,42034,80497,-38463
관악구 성현동,39032,10535,28497
관악구 신림동,35432,60615,-25183
관악구 신사동,19939,13705,6234
관악구 신원동,7011,2208,4803
관악구 은천동,33550,29278,4272
관악구 인헌동,15532,11677,3855
관악구 조원동,27844,72082,-44238
관악구 중앙동,9624,3302,6322
관악구 청룡동,25333,37705,-12372
관악구 청림동,14513,1564,12949
관악구 행운동,35352,35755,-403
광진구 광장동,10008,6051,3957
광진구 구의제1동,11840,12756,-916
광진구 구의제2동,19076,12061,7015
광진구 구의제3동,7623,19124,-11501
광진구 군자동,19398,10862,8536
광진구 능동,13654,7515,6139
광진구 자양제1동,7760,3017,4743
광진구 자양제2동,33763,14582,19181
광진구 자양제3동,10020,4459,5561
광진구 자양제4동,17037,20214,-3177
광진구 중곡제1동,10511,5113,5398
광진구 중곡제2동,14703,10827,3876
광진구 중곡제3동,11542,4811,6731
광진구 중곡제4동,12261,7039,5222
광진구 화양동,10424,13151,-2727
구로구 가리봉동,10725,12497,-1772
구로구 개봉제1동,42950,35536,7414
구로구 개봉제2동,25037,27416,-2379
구로구 개봉제3동,18972,4205,14767
구로구 고척제1동,32770,17030,15740
구로구 고척제2동,36503,9799,26704
구로구 구로제1동,20816,16853,3963
구로구 구로제2동,37016,31437,5579
구로구 구로제3동,29263,62791,-33528
구로구 구로제4동,23321,21838,1483
구로구 구로제5동,24383,44450,-20067
구로구 수궁동,41927,55083,-13156
구로구 신도림동,29208,47801,-18593
구로구 오류제1동,21331,9235,12096
구로구 오류제2동,22568,18422,4146
구로구 항동,9848,1356,8492
금천구 가산동,52466,59741,-7275
금천구 독산제1동,53804,42121,11683
금천구 독산제2동,35175,7786,27389
금천구 독산제3동,35382,19761,15621
금천구 독산제4동,21457,6242,15215
금천구 미성동,181,86,95
금천구 시흥제1동,39147,42175,-3028
금천구 시흥제2동,25303,12578,12725
금천구 시흥제3동,15826,13136,2690
금천구 시흥제4동,27142,2346,24796
금천구 시흥제5동,41452,12533,28919
노원구 공릉1동,25525,18523,7002
노원구 공릉2동,33059,34918,-1859
노원구 상계10동,8997,10333,-1336
노원구 상계1동,24948,14795,10153
노원구 상계2동,15850,25125,-9275
노원구 상계3.4동,6666,1907,4759
노원구 상계5동,20322,17225,3097
노원구 상계6.7동,17551,18645,-1094
노원구 상계8동,13228,6914,6314
노원구 상계9동,12086,14903,-2817
노원구 월계1동,39566,48519,-8953
노원구 월계2동,21982,18984,2998
노원구 월계3동,18179,10635,7544
노원구 중계1동,19032,8625,10407
노원구 중계2.3동,19916,24424,-4508
노원구 중계4동,10535,18667,-8132
노원구 중계본동,23779,12321,11458
노원구 하계1동,24210,30853,-6643
노원구 하계2동,15514,15008,506
도봉구 도봉제1동,22061,10327,11734
도봉구 도봉제2동,17463,21942,-4479
도봉구 방학제1동,25937,10933,15004
도봉구 방학제2동,16855,3099,13756
도봉구 방학제3동,33541,3577,29964
도봉구 쌍문제1동,23300,7904,15396
도봉구 쌍문제2동,28376,18229,10147
도봉구 쌍문제3동,13294,31853,-18559
도봉구 쌍문제4동,20533,12953,7580
도봉구 창제1동,17020,37399,-20379
도봉구 창제2동,20653,6388,14265
도봉구 창제3동,23939,4196,19743
도봉구 창제4동,21360,32420,-11060
도봉구 창제5동,13567,13645,-78
동대문구 답십리제1동,27337,22070,5267
동대문구 답십리제2동,29102,12668,16434
동대문구 면목제5동,662,228,434
동대문구 용신동,39489,45894,-6405
동대문구 이문제1동,12203,11412,791
동대문구 이문제2동,9887,7655,2232
동대문구 장안제1동,33109,38779,-5670
동대문구 장안제2동,38056,15739,22317
동대문구 전농제1동,34809,29549,5260
동대문구 전농제2동,30879,19935,10944
동대문구 제기동,30856,37300,-6444
동대문구 청량리동,29748,38324,-8576
동대문구 회기동,7794,16653,-8859
동대문구 휘경제1동,29975,28781,1194
동대문구 휘경제2동,20000,15077,4923
동작구 노량진제1동,43826,78021,-34195
동작구 노량진제2동,20158,24601,-4443
동작구 대방동,67103,56214,10889
동작구 사당제1동,14070,11576,2494
동작구 사당제2동,20135,17595,2540
동작구 사당제3동,17015,3809,13206
동작구 사당제4동,2683,2588,95
동작구 사당제5동,14607,7320,7287
동작구 상도제1동,64925,42545,22380
동작구 상도제2동,29218,16599,12619
동작구 상도제3동,26078,11237,14841
동작구 상도제4동,31012,5605,25407
동작구 신대방제1동,12972,11188,1784
동작구 신대방제2동,38861,26881,11980
동작구 흑석동,39944,22424,17520
마포구 공덕동,24595,13240,11355
마포구 대흥동,24414,20374,4040
마포구 도화동,7646,8045,-399
마포구 망원제1동,16987,6780,10207
마포구 망원제2동,13623,4541,9082
마포구 상암동,55335,56425,-1090
마포구 서강동,16210,5187,11023
마포구 서교동,50151,78897,-28746
마포구 성산제1동,17117,11941,5176
마포구 성산제2동,39768,13106,26662
마포구 신수동,7668,2880,4788
마포구 아현동,33569,20291,13278
마포구 연남동,15952,13312,2640
마포구 염리동,5479,8102,-2623
마포구 용강동,19472,12863,6609
마포구 합정동,8311,16450,-8139
서대문구 남가좌제1동,19751,8773,10978
서대문구 남가좌제2동,33372,7843,25529
서대문구 북가좌제1동,11633,6863,4770
서대문구 북가좌제2동,33957,6379,27578
서대문구 북아현동,10900,10511,389
서대문구 신촌동,49536,70627,-21091
서대문구 연희동,51939,30498,21441
서대문구 천연동,33051,27664,5387
서대문구 충현동,25710,48458,-22748
서대문구 홍은제1동,29769,9088,20681
서대문구 홍은제2동,50512,33543,16969
서대문구 홍제제1동,35921,34003,1918
서대문구 홍제제2동,16294,4052,12242
서대문구 홍제제3동,22567,18261,4306
서초구 내곡동,17195,27779,-10584
서초구 반포1동,31334,15524,15810
서초구 반포2동,6228,7923,-1695
서초구 반포3동,17314,13991,3323
서초구 반포4동,20779,32053,-11274
서초구 반포본동,12603,14754,-2151
서초구 방배1동,16668,15649,1019
서초구 방배2동,24032,21257,2775
서초구 방배3동,24738,19221,5517
서초구 방배4동,21494,16010,5484
서초구 방배본동,19643,7626,12017
서초구 서초1동,15729,17410,-1681
서초구 서초2동,30376,45096,-14720
서초구 서초3동,32613,41863,-9250
서초구 서초4동,31332,21989,9343
서초구 양재1동,80854,58902,21952
서초구 양재2동,39661,28679,10982
서초구 잠원동,27600,15672,11928
성동구 금호1가동,11802,5621,6181
성동구 금호2.3가동,15382,12049,3333
성동구 금호4가동,13941,3372,10569
성동구 마장동,13505,15246,-1741
성동구 사근동,5682,7434,-1752
성동구 성수1가제1동,8517,8454,63
성동구 성수1가제2동,3801,6716,-2915
성동구 성수2가제1동,10300,4607,5693
성동구 성수2가제3동,5399,10338,-4939
성동구 송정동,10668,3581,7087
성동구 옥수동,14883,15344,-461
성동구 왕십리도선동,12452,10892,1560
성동구 왕십리제2동,13240,8116,5124
성동구 용답동,10591,8276,2315
성동구 응봉동,14262,3106,11156
성동구 행당제1동,8070,19235,-11165
성동구 행당제2동,16937,10220,6717
성북구 길음제1동,40491,37746,2745
성북구 길음제2동,9270,19090,-9820
성북구 돈암제1동,27238,20429,6809
성북구 돈암제2동,18076,3209,14867
성북구 동선동,19074,34048,-14974
성북구 보문동,13164,7661,5503
성북구 삼선동,36310,28611,7699
성북구 석관동,17025,11906,5119
성북구 성북동,32058,34180,-2122
성북구 안암동,12732,19650,-6918
성북구 월곡제1동,23733,15303,8430
성북구 월곡제2동,8188,10039,-1851
성북구 장위제1동,25994,6152,19842
성북구 장위제2동,15400,13157,2243
성북구 장위제3동,8296,6093,2203
성북구 정릉제1동,20704,10674,10030
성북구 정릉제2동,37089,9354,27735
성북구 정릉제3동,10260,13260,-3000
성북구 정릉제4동,34538,14886,19652
성북구 종암동,48142,24137,24005
송파구 가락1동,7251,4442,2809
송파구 가락2동,24650,15522,9128
송파구 가락본동,19302,19643,-341
송파구 거여1동,6948,4834,2114
송파구 거여2동,2160,332,1828
송파구 마천1동,13334,2424,10910
송파구 마천2동,20917,4432,16485
송파구 문정1동,9884,5701,4183
송파구 문정2동,19268,30305,-11037
송파구 방이1동,13988,6162,7826
송파구 방이2동,18218,12841,5377
송파구 삼전동,26562,6091,20471
송파구 석촌동,26536,20607,5929
송파구 송파1동,18973,12008,6965
송파구 송파2동,9957,6602,3355
송파구 오금동,23695,23515,180
송파구 오륜동,6840,10933,-4093
송파구 위례동,26805,8006,18799
송파구 잠실2동,5357,8746,-3389
송파구 잠실3동,25323,44586,-19263
송파구 잠실4동,1308,1231,77
송파구 잠실6동,6916,27204,-20288
송파구 잠실7동,5424,11869,-6445
송파구 잠실본동,25338,17564,7774
송파구 장지동,27771,11100,16671
송파구 풍납1동,9780,3812,5968
송파구 풍납2동,14667,15619,-952
양천구 목1동,21831,29966,-8135
양천구 목2동,28236,24384,3852
양천구 목3동,27857,21301,6556
양천구 목4동,34181,8743,25438
양천구 목5동,30894,20541,10353
양천구 신월1동,14509,3261,11248
양천구 신월2동,17849,6584,11265
양천구 신월3동,11817,9928,1889
양천구 신월4동,17361,3734,13627
양천구 신월5동,12911,8587,4324
양천구 신월6동,10009,2820,7189
양천구 신월7동,30419,6977,23442
양천구 신정1동,12883,12735,148
양천구 신정2동,12618,2914,9704
양천구 신정3동,58434,37156,21278
양천구 신정4동,19045,40713,-21668
양천구 신정6동,9826,5423,4403
양천구 신정7동,17983,9934,8049
영등포구 당산제1동,10740,14122,-3382
영등포구 당산제2동,28348,39832,-11484
영등포구 대림제1동,14497,8530,5967
영등포구 대림제2동,4639,5488,-849
영등포구 대림제3동,23720,13436,10284
영등포구 도림동,22378,5696,16682
영등포구 문래동,22986,29158,-6172
영등포구 신길제1동,19466,10035,9431
영등포구 신길제3동,23911,5863,18048
영등포구 신길제4동,9298,2221,7077
영등포구 신길제5동,12620,13398,-778
영등포구 신길제6동,23651,11822,11829
영등포구 신길제7동,22003,11745,10258
영등포구 양평제1동,12185,8913,3272
영등포구 양평제2동,20459,18198,2261
영등포구 여의동,53542,132549,-79007
영등포구 영등포동,41192,47066,-5874
영등포구 영등포본동,19552,23891,-4339
용산구 남영동,37647,37437,210
용산구 보광동,12733,4293,8440
용산구 서빙고동,14001,9015,4986
용산구 용문동,6157,2379,3778
용산구 용산2가동,16674,12195,4479
용산구 원효로제1동,15952,8845,7107
용산구 원효로제2동,15646,9644,6002
용산구 이촌제1동,11679,10004,1675
용산구 이촌제2동,8938,2409,6529
용산구 이태원제1동,10154,9716,438
용산구 이태원제2동,8755,5551,3204
용산구 청파동,19258,14519,4739
용산구 필동,148,574,-426
용산구 한강로동,36551,47647,-11096
용산구 한남동,38467,40163,-1696
용산구 효창동,10711,3826,6885
용산구 후암동,15241,12029,3212
은평구 갈현제1동,24341,9339,15002
은평구 갈현제2동,19918,22568,-2650
은평구 구산동,33315,9297,24018
은평구 녹번동,30347,12775,17572
은평구 대조동,27545,62768,-35223
은평구 불광제1동,26098,16341,9757
은평구 불광제2동,28438,27588,850
은평구 수색동,14544,10039,4505
은평구 신사제1동,22971,19133,3838
은평구 신사제2동,26770,30036,-3266
은평구 역촌동,36416,14304,22112
은평구 응암제1동,32855,38790,-5935
은평구 응암제2동,19862,3345,16517
은평구 응암제3동,21532,10663,10869
은평구 증산동,19715,23290,-3575
은평구 진관동,56946,44257,12689
종로구 가회동,5601,6262,-661
종로구 교남동,7665,4893,2772
종로구 무악동,2814,1748,1066
종로구 부암동,17851,13829,4022
종로구 사직동,32397,62665,-30268
종로구 삼청동,2753,7184,-4431
종로구 숭인제1동,1728,955,773
종로구 숭인제2동,10068,13914,-3846
종로구 이화동,12814,15834,-3020
종로구 종로1.2.3.4가동,49916,118040,-68124
종로구 종로5.6가동,8132,17934,-9802
종로구 창신제1동,8368,6895,1473
종로구 창신제2동,5961,10151,-4190
종로구 창신제3동,5349,3577,1772
종로구 청운효자동,12144,24575,-12431
종로구 충현동,2348,1279,1069
종로구 평창동,21635,11795,9840
종로구 혜화동,25846,25052,794
중구 광희동,10394,16222,-5828
중구 다산동,9489,5463,4026
중구 동화동,1879,1017,862
중구 명동,21648,45282,-23634
중구 소공동,15251,48917,-33666
중구 신당동,6929,7488,-559
중구 신당제5동,7020,11469,-4449
중구 약수동,7515,4003,3512
중구 을지로동,1533,8786,-7253
중구 장충동,3225,5798,-2573
중구 중림동,7904,6099,1805
중구 청구동,3683,4450,-767
중구 필동,3136,4969,-1833
중구 황학동,8230,5127,3103
중구 회현동,34054,55055,-21001
중랑구 망우본동,37235,28158,9077
중랑구 망우제3동,17636,5030,12606
중랑구 면목본동,24054,30685,-6631
중랑구 면목제2동,16985,4348,12637
중랑구 면목제3.8동,27231,16705,10526
중랑구 면목제4동,14624,6370,8254
중랑구 면목제5동,15713,3729,11984
중랑구 면목제7동,9333,5287,4046
중랑구 묵제1동,14814,18991,-4177
중랑구 묵제2동,8524,2007,6517
중랑구 상봉제1동,16173,11852,4321
중랑구 상봉제2동,18495,21441,-2946
중랑구 신내1동,49381,13140,36241
중랑구 신내2동,27325,23731,3594
중랑구 중화제1동,9623,11928,-2305
중랑구 중화제2동,22681,12770,9911
NA,676399,381341,295058
