ID,insum,outsum,diff
100000001,361,480,-119
100000002,2835,473,2362
100000003,5582,2022,3560
100000004,1503,595,908
100000005,1402,2207,-805
100000006,265,61,204
100000007,1082,324,758
100000008,123,506,-383
100000009,225,142,83
100000010,12,26,-14
100000011,325,58,267
100000012,40,733,-693
100000013,12,165,-153
100000014,186,252,-66
100000015,1161,902,259
100000016,997,1195,-198
100000017,585,914,-329
100000018,954,381,573
100000019,4012,1239,2773
100000020,1949,2813,-864
100000021,6348,1963,4385
100000022,1367,631,736
100000023,5587,847,4740
100000025,2555,394,2161
100000028,1613,711,902
100000029,242,159,83
100000030,449,36,413
100000031,4705,3808,897
100000032,1968,2111,-143
100000033,598,1606,-1008
100000034,694,241,453
100000035,1420,539,881
100000036,2585,738,1847
100000037,366,341,25
100000038,880,635,245
100000039,461,104,357
100000040,101,79,22
100000041,610,275,335
100000042,589,237,352
100000043,536,231,305
100000044,404,600,-196
100000045,463,1295,-832
100000046,705,1219,-514
100000047,296,823,-527
100000048,373,597,-224
100000049,1543,2336,-793
100000051,270,1010,-740
100000053,17,1,16
100000054,69,21,48
100000055,382,182,200
100000056,201,403,-202
100000057,1270,641,629
100000058,787,1271,-484
100000059,1,108,-107
100000060,192,213,-21
100000061,1182,379,803
100000062,926,372,554
100000063,333,198,135
100000064,666,296,370
100000065,304,996,-692
100000066,138,863,-725
100000067,335,796,-461
100000068,440,1735,-1295
100000069,177,1604,-1427
100000072,291,1024,-733
100000073,923,1191,-268
100000075,405,207,198
100000076,1550,1327,223
100000077,596,95,501
100000078,76,23,53
100000079,37,30,7
100000080,15,13,2
100000081,71,28,43
100000102,2276,1025,1251
100000103,2882,549,2333
100000104,4626,919,3707
100000105,3128,578,2550
100000106,2361,1189,1172
100000107,607,262,345
100000108,930,778,152
100000109,3393,803,2590
100000116,1448,491,957
100000117,34,19,15
100000118,1030,674,356
100000119,451,457,-6
100000121,164,546,-382
100000122,1003,553,450
100000123,3042,3298,-256
100000124,6677,4514,2163
100000125,3031,581,2450
100000126,616,150,466
100000127,1234,222,1012
100000128,1070,795,275
100000129,421,257,164
100000130,316,506,-190
100000131,3448,2361,1087
100000132,1446,1555,-109
100000133,8158,2537,5621
100000135,326,508,-182
100000139,144,266,-122
100000140,187,240,-53
100000142,291,394,-103
100000143,701,556,145
100000144,3956,869,3087
100000147,696,1636,-940
100000150,28,374,-346
100000151,597,478,119
100000153,318,220,98
100000154,70,84,-14
100000155,8,30,-22
100000156,64,49,15
100000157,15,230,-215
100000158,44,122,-78
100000159,322,293,29
100000165,901,571,330
100000169,736,273,463
100000174,1604,330,1274
100000179,62,471,-409
100000180,900,859,41
100000181,63,266,-203
100000188,66,356,-290
100000189,478,228,250
100000190,341,255,86
100000191,380,350,30
100000192,56,65,-9
100000193,110,123,-13
100000330,2098,461,1637
100000355,133,466,-333
100000362,4326,3304,1022
100000363,1806,2858,-1052
100000364,343,112,231
100000365,2806,5386,-2580
100000366,3669,1901,1768
100000367,2333,2989,-656
100000368,1812,1446,366
100000369,888,1075,-187
100000370,142,209,-67
100000376,72,64,8
100000379,2249,984,1265
100000380,2846,1253,1593
100000384,4869,1978,2891
100000385,5622,2778,2844
100000386,8302,2399,5903
100000387,6624,3156,3468
100000388,10261,3280,6981
100000389,9911,3657,6254
100000390,9796,2497,7299
100000391,6924,3670,3254
100000392,2841,1204,1637
100000393,1299,1300,-1
100000394,6384,2879,3505
100000395,3873,910,2963
100000396,4320,1342,2978
100000397,2308,1342,966
100000398,9717,6431,3286
100900002,5,51,-46
100900003,185,86,99
100900004,41,783,-742
100900005,99,7,92
100900006,12,193,-181
100900007,548,3,545
100900008,2,419,-417
100900009,23,26,-3
100900010,22,90,-68
100900011,53,346,-293
100900012,1,246,-245
100900013,326,6,320
100900014,0,15,-15
100900015,107,103,4
100900016,0,37,-37
100900017,562,55,507
100900018,0,13,-13
100900019,16,40,-24
100900020,188,2,186
100900021,253,0,253
100900022,0,7,-7
100900023,0,6,-6
100900024,934,3,931
100900025,9,20,-11
100900026,37,187,-150
100900027,557,1718,-1161
100900028,78,141,-63
100900029,72,20,52
100900030,1,11,-10
100900031,231,72,159
100900032,98,0,98
100900033,221,80,141
100900034,268,2,266
100900035,659,4,655
100900036,19,1,18
100900037,44,354,-310
100900038,51,25,26
100900039,329,532,-203
100900040,157,789,-632
100900041,297,987,-690
100900042,527,188,339
100900043,0,14,-14
100900044,2744,303,2441
100900045,60,0,60
100900046,619,6,613
100900047,805,77,728
100900048,145,10,135
100900049,46,240,-194
100900050,2,21,-19
100900051,58,35,23
100900052,129,15,114
100900053,164,22,142
100900054,2,112,-110
100900055,144,293,-149
100900056,74,284,-210
100900057,477,618,-141
100900058,185,46,139
100900059,24,1,23
100900060,72,11,61
100900061,234,230,4
100900062,0,62,-62
100900063,81,298,-217
100900064,473,10,463
100900065,61,42,19
100900066,20,61,-41
100900067,0,5,-5
100900068,36,181,-145
100900069,333,5,328
100900070,130,7,123
100900071,621,332,289
100900072,0,61,-61
100900073,46,628,-582
100900074,0,7,-7
100900075,2327,287,2040
100900076,42,60,-18
100900077,4,195,-191
100900078,50,179,-129
100900079,5,24,-19
100900080,7,142,-135
100900081,7,92,-85
100900082,49,667,-618
100900083,2,40,-38
100900085,5,62,-57
100900086,120,446,-326
100900088,44,721,-677
100900089,2,23,-21
100900090,77,380,-303
100900091,0,27,-27
100900092,153,130,23
100900093,101,148,-47
100900094,59,711,-652
100900095,1,31,-30
100900096,51,75,-24
100900097,1,7,-6
100900098,0,23,-23
100900099,17,520,-503
100900100,6,181,-175
100900101,423,19,404
100900102,78,31,47
100900103,1,13,-12
100900104,18,176,-158
100900105,3,64,-61
100900106,57,0,57
100900107,1612,362,1250
100900108,2,11,-9
100900109,1,18,-17
100900110,7,28,-21
100900111,35,134,-99
100900112,0,4,-4
100900113,4,11,-7
100900114,4,17,-13
100900115,3,23,-20
100900116,672,400,272
100900117,198,490,-292
100900118,154,81,73
100900119,4,17,-13
100900120,1,39,-38
100900121,199,277,-78
100900122,92,146,-54
100900123,81,108,-27
100900124,0,3,-3
100900125,14,87,-73
100900126,38,178,-140
100900127,0,12,-12
100900128,77,114,-37
100900129,0,68,-68
100900131,48,125,-77
100900133,24,60,-36
100900134,0,5,-5
100900135,0,102,-102
100900137,203,134,69
100900138,327,250,77
100900139,0,7,-7
100900140,4,794,-790
100900141,1,256,-255
100900142,1,4,-3
100900143,827,237,590
100900144,4,6,-2
100900145,11,118,-107
100900146,1,15,-14
100900147,11,181,-170
100900148,24,969,-945
100900149,9,95,-86
100900150,1,5,-4
100900151,72,549,-477
100900152,48,1,47
100900153,2,129,-127
100900154,8,15,-7
100900155,4,9,-5
100900156,11,0,11
100900157,0,103,-103
100900158,870,328,542
100900159,2,12,-10
100900160,11,7,4
100900161,98,4,94
100900162,10,178,-168
100900163,107,164,-57
100900164,20,42,-22
100900165,22,27,-5
100900166,30,1,29
100900167,12,99,-87
100900168,18,125,-107
100900169,166,1086,-920
100900170,6,1,5
100900171,17,706,-689
100900172,0,8,-8
100900173,3,598,-595
100900174,290,65,225
100900176,1041,101,940
100900177,887,246,641
100900178,264,105,159
100900179,69,50,19
100900180,0,3,-3
100900181,74,17,57
100900182,19,11,8
100900184,3,143,-140
100900186,944,458,486
100900187,20,172,-152
100900188,39,16,23
100900189,752,166,586
100900191,1101,645,456
100900192,289,115,174
100900195,64,108,-44
100900197,19,97,-78
100900198,12,210,-198
100900199,16,12,4
100900200,556,300,256
100900201,43,908,-865
100900202,1,0,1
100900203,1,61,-60
100900204,228,149,79
100900205,84,307,-223
100900206,60,31,29
100900207,114,52,62
100900210,51,778,-727
100900211,245,70,175
100900213,41,5,36
100900214,1028,46,982
100900215,1,29,-28
101000001,4276,1855,2421
101000002,3310,2707,603
101000003,716,1316,-600
101000004,9005,6442,2563
101000005,4888,4052,836
101000006,8460,5778,2682
101000007,2390,2459,-69
101000008,3238,2384,854
101000009,1243,2124,-881
101000010,619,1403,-784
101000011,2073,682,1391
101000012,2141,480,1661
101000013,474,761,-287
101000014,509,658,-149
101000015,612,603,9
101000016,371,367,4
101000017,405,464,-59
101000018,3293,2306,987
101000020,3361,1158,2203
101000021,1063,244,819
101000022,570,144,426
101000023,1487,602,885
101000025,98,311,-213
101000026,314,23,291
101000027,1594,1235,359
101000028,17,51,-34
101000029,20,664,-644
101000030,920,57,863
101000031,810,498,312
101000032,6138,1671,4467
101000033,2005,1302,703
101000034,2293,753,1540
101000035,929,233,696
101000036,1314,293,1021
101000037,3829,792,3037
101000039,2704,919,1785
101000040,4291,1985,2306
101000041,16809,2937,13872
101000042,960,490,470
101000043,11511,2615,8896
101000045,1840,302,1538
101000046,2268,611,1657
101000047,1086,1013,73
101000048,895,866,29
101000049,981,708,273
101000050,3024,2341,683
101000051,3347,1011,2336
101000052,1258,467,791
101000053,793,1364,-571
101000054,1630,1838,-208
101000055,1306,771,535
101000056,49,39,10
101000057,2775,414,2361
101000058,2151,658,1493
101000059,3462,1236,2226
101000060,1747,204,1543
101000061,1116,628,488
101000062,857,277,580
101000063,365,359,6
101000064,877,246,631
101000065,128,230,-102
101000066,316,138,178
101000067,612,372,240
101000068,251,139,112
101000069,278,82,196
101000070,1513,857,656
101000071,1790,658,1132
101000072,934,3386,-2452
101000073,641,393,248
101000074,4668,2607,2061
101000075,5986,3275,2711
101000077,941,1337,-396
101000078,1023,1532,-509
101000079,315,543,-228
101000080,439,479,-40
101000081,1034,1067,-33
101000082,3171,2330,841
101000083,1597,1399,198
101000084,1208,1024,184
101000085,1507,943,564
101000086,1031,950,81
101000087,910,1183,-273
101000088,777,917,-140
101000089,696,1215,-519
101000090,2299,1414,885
101000091,249,1817,-1568
101000092,696,980,-284
101000093,1332,704,628
101000094,555,1049,-494
101000095,251,750,-499
101000096,241,619,-378
101000097,1175,271,904
101000098,848,430,418
101000099,855,1131,-276
101000100,755,528,227
101000101,303,306,-3
101000102,854,230,624
101000103,689,367,322
101000104,277,384,-107
101000105,829,134,695
101000106,732,411,321
101000107,154,282,-128
101000108,1416,406,1010
101000109,125,66,59
101000110,27,709,-682
101000111,58,151,-93
101000113,100,546,-446
101000114,3596,1088,2508
101000115,95,88,7
101000116,123,236,-113
101000117,715,297,418
101000119,156,31,125
101000120,178,13,165
101000121,41,23,18
101000122,60,34,26
101000123,30,46,-16
101000124,120,327,-207
101000125,87,388,-301
101000128,1060,422,638
101000130,187,244,-57
101000131,328,646,-318
101000132,350,1587,-1237
101000135,33,18,15
101000136,263,96,167
101000137,30,149,-119
101000141,2081,1487,594
101000147,501,433,68
101000148,2536,23,2513
101000149,61,37,24
101000150,36,1016,-980
101000151,101,61,40
101000152,288,172,116
101000153,441,494,-53
101000154,120,1929,-1809
101000155,138,126,12
101000156,11,169,-158
101000157,45,29,16
101000160,70,36,34
101000163,137,67,70
101000164,460,352,108
101000165,144,319,-175
101000166,285,352,-67
101000168,552,315,237
101000252,1099,687,412
101000254,527,25,502
101000258,43,6,37
101000261,82,279,-197
101000262,697,778,-81
101000263,246,1150,-904
101000265,34,401,-367
101000266,233,197,36
101000269,143,13,130
101000290,1298,1396,-98
101000293,33,90,-57
101000294,397,430,-33
101000295,82,536,-454
101000301,670,185,485
101000304,1414,1839,-425
101000305,1898,1505,393
101900001,14,58,-44
101900002,0,14,-14
101900003,82,81,1
101900004,7,31,-24
101900005,5667,1207,4460
101900006,844,30,814
101900007,341,38,303
101900008,95,179,-84
101900009,39,348,-309
101900010,954,377,577
101900011,300,1128,-828
101900012,112,289,-177
101900013,1419,86,1333
101900017,24,84,-60
101900018,1613,214,1399
101900019,239,122,117
101900020,510,155,355
101900021,0,41,-41
101900022,65,1574,-1509
101900023,73,235,-162
102000001,1776,3360,-1584
102000002,2209,981,1228
102000003,3716,4036,-320
102000004,9962,2428,7534
102000005,1226,1703,-477
102000006,1674,1458,216
102000007,1153,3103,-1950
102000008,5540,1592,3948
102000009,4577,5853,-1276
102000010,5558,3230,2328
102000011,1987,1878,109
102000012,2880,2838,42
102000018,3515,2213,1302
102000019,2682,1358,1324
102000026,211,486,-275
102000029,369,162,207
102000030,58,254,-196
102000031,19,231,-212
102000032,171,345,-174
102000033,107,391,-284
102000034,509,408,101
102000035,928,563,365
102000036,15,234,-219
102000037,101,76,25
102000038,166,81,85
102000039,182,51,131
102000040,509,88,421
102000041,169,191,-22
102000042,216,123,93
102000043,368,184,184
102000044,256,436,-180
102000045,523,992,-469
102000046,724,378,346
102000047,567,1030,-463
102000048,232,604,-372
102000049,789,470,319
102000050,789,930,-141
102000051,374,448,-74
102000052,1009,805,204
102000053,664,729,-65
102000054,263,668,-405
102000055,585,942,-357
102000056,436,1443,-1007
102000057,1213,642,571
102000058,1036,2085,-1049
102000059,964,1444,-480
102000060,791,905,-114
102000061,818,2404,-1586
102000062,810,1186,-376
102000063,1105,1360,-255
102000064,353,470,-117
102000065,25,98,-73
102000066,728,968,-240
102000067,1925,2511,-586
102000068,7800,2250,5550
102000069,58,1806,-1748
102000070,1833,50,1783
102000071,5764,7788,-2024
102000072,2603,4538,-1935
102000073,862,1027,-165
102000074,566,822,-256
102000075,98,270,-172
102000076,101,456,-355
102000077,287,1273,-986
102000078,596,920,-324
102000079,68,325,-257
102000080,194,208,-14
102000081,210,750,-540
102000082,574,252,322
102000083,236,637,-401
102000084,91,402,-311
102000085,1217,1161,56
102000086,846,1016,-170
102000087,633,1841,-1208
102000088,204,223,-19
102000089,833,402,431
102000090,339,1119,-780
102000091,1115,370,745
102000092,433,772,-339
102000093,420,413,7
102000094,1050,498,552
102000095,922,1254,-332
102000096,1320,877,443
102000097,1356,1408,-52
102000098,518,1050,-532
102000099,968,455,513
102000100,877,766,111
102000101,1248,334,914
102000102,329,1602,-1273
102000103,1057,345,712
102000104,975,296,679
102000105,197,749,-552
102000106,630,792,-162
102000107,605,594,11
102000108,374,273,101
102000109,235,591,-356
102000110,464,1648,-1184
102000111,10,325,-315
102000112,139,101,38
102000113,10,32,-22
102000114,969,358,611
102000115,153,194,-41
102000116,602,182,420
102000117,240,385,-145
102000118,1424,708,716
102000119,2200,426,1774
102000120,154,400,-246
102000121,779,511,268
102000122,406,629,-223
102000123,1254,1104,150
102000124,928,804,124
102000125,862,888,-26
102000126,558,568,-10
102000127,864,678,186
102000128,427,950,-523
102000129,985,884,101
102000130,277,624,-347
102000131,2258,708,1550
102000132,711,705,6
102000133,954,2185,-1231
102000134,387,648,-261
102000135,846,612,234
102000136,1043,458,585
102000137,967,732,235
102000138,157,359,-202
102000139,45,313,-268
102000140,184,160,24
102000141,210,427,-217
102000142,152,364,-212
102000143,93,483,-390
102000144,70,430,-360
102000145,225,411,-186
102000146,248,287,-39
102000147,333,294,39
102000148,146,209,-63
102000149,102,633,-531
102000150,145,213,-68
102000151,88,389,-301
102000152,72,147,-75
102000153,780,274,506
102000154,358,573,-215
102000155,101,225,-124
102000156,316,53,263
102000157,95,174,-79
102000158,263,145,118
102000159,1603,283,1320
102000161,5291,1421,3870
102000162,193,110,83
102000163,64,403,-339
102000164,1156,877,279
102000165,162,111,51
102000166,15,87,-72
102000167,150,137,13
102000168,227,61,166
102000169,63,386,-323
102000170,643,106,537
102000171,97,50,47
102000172,76,191,-115
102000173,239,157,82
102000174,24,62,-38
102000175,94,89,5
102000176,19,30,-11
102000178,159,555,-396
102000179,216,188,28
102000180,449,620,-171
102000181,321,694,-373
102000182,271,650,-379
102000183,1063,2080,-1017
102000184,964,878,86
102000185,1477,1707,-230
102000186,628,2092,-1464
102000187,438,1816,-1378
102000188,496,1502,-1006
102000189,3224,1001,2223
102000190,646,2419,-1773
102000191,1112,476,636
102000192,540,848,-308
102000193,39,165,-126
102000194,75,109,-34
102000195,299,632,-333
102000196,116,627,-511
102000197,294,551,-257
102000198,106,1060,-954
102000199,436,383,53
102000200,177,1393,-1216
102000201,367,545,-178
102000202,0,142,-142
102000203,132,310,-178
102000204,195,862,-667
102000205,580,620,-40
102000206,437,743,-306
102000207,672,399,273
102000208,267,575,-308
102000209,24,58,-34
102000210,166,495,-329
102000211,284,534,-250
102000212,126,18,108
102000213,1,362,-361
102000214,101,9,92
102000215,4,586,-582
102000216,24,36,-12
102000217,3,253,-250
102000218,118,81,37
102000219,343,385,-42
102000225,569,543,26
102000226,7473,897,6576
102000227,106,3,103
102000228,1,91,-90
102000229,33,15,18
102000230,240,612,-372
102000231,197,400,-203
102000232,7,154,-147
102000233,341,595,-254
102000234,47,1234,-1187
102000236,265,80,185
102000237,441,181,260
102000238,126,313,-187
102000240,490,341,149
102000241,193,107,86
102000243,15,53,-38
102000245,18,87,-69
102000246,12,20,-8
102000247,206,720,-514
102000248,80,255,-175
102000249,93,155,-62
102000250,52,353,-301
102000254,33,419,-386
102000266,41,155,-114
102000271,15,1,14
102000286,431,287,144
102000297,1439,763,676
102000299,0,0,0
102000302,0,0,0
102000305,0,0,0
102000306,0,0,0
102000307,0,3,-3
102000308,0,1,-1
102900001,1089,906,183
102900002,247,33,214
102900003,31,348,-317
102900005,208,348,-140
102900006,317,192,125
102900007,256,28,228
102900008,200,89,111
102900009,423,173,250
102900010,624,357,267
102900011,2106,331,1775
102900012,296,36,260
102900013,19,79,-60
102900015,828,317,511
102900016,46,124,-78
102900017,75,585,-510
102900018,13,155,-142
102900019,366,465,-99
102900020,104,37,67
102900021,5,113,-108
102900022,304,64,240
102900023,11,51,-40
102900024,8,39,-31
102900025,315,112,203
102900026,529,1218,-689
102900027,27,61,-34
102900028,75,370,-295
102900029,133,115,18
102900030,265,187,78
102900031,72,138,-66
102900032,37,121,-84
102900033,61,169,-108
102900034,250,111,139
102900035,58,501,-443
102900036,211,646,-435
102900037,113,802,-689
102900038,315,872,-557
102900039,25,356,-331
102900040,147,229,-82
102900041,62,177,-115
102900042,161,322,-161
102900043,97,292,-195
102900044,496,1998,-1502
102900045,104,566,-462
102900046,80,313,-233
102900047,58,757,-699
102900048,427,835,-408
102900049,94,403,-309
102900050,267,427,-160
102900051,133,221,-88
102900052,39,23,16
102900053,369,815,-446
102900054,938,857,81
102900055,72,119,-47
102900056,127,522,-395
102900057,6,30,-24
102900058,236,71,165
102900059,7,64,-57
102900060,61,397,-336
102900061,98,444,-346
102900062,151,1381,-1230
102900063,558,360,198
102900064,177,323,-146
102900065,1684,791,893
102900066,282,37,245
102900068,59,76,-17
102900070,114,663,-549
102900072,8,32,-24
102900073,112,6,106
102900074,200,137,63
102900075,11,30,-19
102900076,329,55,274
102900077,22,23,-1
102900078,45,90,-45
102900079,189,13,176
102900080,260,27,233
102900081,67,259,-192
102900082,7,248,-241
102900083,228,5,223
102900084,7,13,-6
102900085,141,69,72
102900086,6,38,-32
102900087,56,146,-90
102900088,21,27,-6
102900089,201,117,84
102900090,1,443,-442
102900091,75,1,74
102900092,139,1035,-896
102900093,178,227,-49
102900094,3,54,-51
102900095,71,7,64
102900096,27,7,20
102900097,1,138,-137
103000001,2047,2104,-57
103000002,1663,1750,-87
103000003,3316,2270,1046
103000004,884,600,284
103000005,1815,1848,-33
103000006,559,1091,-532
103000007,316,790,-474
103000008,819,1111,-292
103000009,606,873,-267
103000010,71,111,-40
103000011,1580,984,596
103000012,1007,1112,-105
103000013,6231,1862,4369
103000014,1099,1575,-476
103000015,2406,749,1657
103000016,458,776,-318
103000017,116,285,-169
103000018,1069,350,719
103000019,137,165,-28
103000020,1629,1236,393
103000021,1221,1420,-199
103000022,814,1101,-287
103000023,356,1148,-792
103000024,116,162,-46
103000025,62,363,-301
103000026,1710,110,1600
103000027,223,404,-181
103000028,607,354,253
103000029,394,149,245
103000030,1749,504,1245
103000031,1193,1198,-5
103000032,1933,1594,339
103000033,2281,2078,203
103000034,1668,847,821
103000035,442,891,-449
103000036,435,406,29
103000037,536,385,151
103000038,507,774,-267
103000039,220,490,-270
103000040,197,1278,-1081
103000041,1265,2770,-1505
103000042,671,742,-71
103000043,293,1276,-983
103000044,94,246,-152
103000046,196,344,-148
103000047,366,800,-434
103000048,104,135,-31
103000049,76,187,-111
103000050,509,765,-256
103000051,271,536,-265
103000052,649,439,210
103000053,147,458,-311
103000054,1767,1153,614
103000055,1221,1604,-383
103000056,461,2343,-1882
103000057,292,255,37
103000058,300,889,-589
103000059,204,728,-524
103000060,534,729,-195
103000061,266,779,-513
103000062,947,766,181
103000063,473,579,-106
103000064,69,261,-192
103000065,0,331,-331
103000066,101,8,93
103000069,134,315,-181
103000070,587,1136,-549
103000071,582,316,266
103000072,137,1003,-866
103000073,413,120,293
103000074,451,109,342
103000075,143,1105,-962
103000076,132,214,-82
103000077,18,472,-454
103000078,978,344,634
103000079,1457,330,1127
103000080,970,256,714
103000081,471,609,-138
103000082,346,174,172
103000083,67,334,-267
103000084,84,8,76
103000085,2,71,-69
103000086,452,314,138
103000087,113,457,-344
103000088,224,343,-119
103000089,197,304,-107
103000090,1369,1026,343
103000091,462,401,61
103000092,215,242,-27
103000093,278,452,-174
103000094,133,112,21
103000095,23,485,-462
103000096,681,120,561
103000097,52,742,-690
103000098,942,139,803
103000099,387,670,-283
103000100,80,859,-779
103000101,556,154,402
103000102,139,764,-625
103000103,494,278,216
103000104,40,165,-125
103000105,84,109,-25
103000106,16,117,-101
103000107,250,60,190
103000108,439,458,-19
103000109,312,308,4
103000110,313,413,-100
103000111,538,294,244
103000112,250,220,30
103000113,497,484,13
103000114,813,390,423
103000115,395,444,-49
103000116,407,514,-107
103000117,150,447,-297
103000118,1208,996,212
103000119,2021,658,1363
103000120,88,93,-5
103000121,102,483,-381
103000122,160,150,10
103000125,5,562,-557
103000126,282,6,276
103000127,1,199,-198
103000128,122,3,119
103000129,4,141,-137
103000130,43,19,24
103000131,189,88,101
103000132,70,110,-40
103000133,3,121,-118
103000134,577,568,9
103000135,875,186,689
103000136,708,298,410
103000137,641,557,84
103000138,741,637,104
103000139,1,64,-63
103000140,97,24,73
103000141,16,75,-59
103000142,95,55,40
103000143,55,266,-211
103000144,110,86,24
103000145,19,16,3
103000150,68,73,-5
103000152,172,190,-18
103000153,114,138,-24
103000156,1,463,-462
103000157,215,4,211
103000159,104,81,23
103000162,55,11,44
103000163,3,16,-13
103000164,5,6,-1
103000165,141,441,-300
103000166,153,168,-15
103000167,118,100,18
103000168,53,137,-84
103000169,105,299,-194
103000170,313,463,-150
103000171,42,86,-44
103000172,393,1073,-680
103000173,212,723,-511
103000174,102,304,-202
103000175,139,522,-383
103000176,663,216,447
103000177,852,379,473
103000178,423,271,152
103000179,92,29,63
103000183,48,30,18
103000185,81,89,-8
103000186,54,202,-148
103000187,272,789,-517
103000188,14,74,-60
103000189,673,902,-229
103000191,744,724,20
103000292,2658,805,1853
103000293,1321,1251,70
103000295,83,70,13
103000296,160,4,156
103000297,57,20,37
103000504,66,15,51
103000505,10,0,10
103000506,2,208,-206
103000507,83,3,80
103000508,46,18,28
103000509,176,488,-312
103900001,5,428,-423
103900002,1860,203,1657
103900003,1911,62,1849
103900004,34,0,34
103900005,3,326,-323
103900006,2,0,2
103900007,9,2,7
103900008,20,1,19
103900009,133,343,-210
103900010,92,306,-214
103900011,92,270,-178
103900012,12,18,-6
103900013,25,92,-67
103900014,35,16,19
103900015,25,19,6
103900016,174,293,-119
103900017,13,86,-73
103900018,508,131,377
103900019,34,147,-113
103900020,101,289,-188
103900021,799,39,760
103900022,806,590,216
103900023,67,0,67
103900024,63,789,-726
103900025,10,53,-43
103900026,8,0,8
103900027,427,343,84
103900028,3,239,-236
103900029,635,58,577
103900030,195,21,174
103900031,7,1,6
103900032,32,32,0
103900033,69,6,63
103900034,16,279,-263
103900035,49,65,-16
103900036,42,19,23
103900037,47,67,-20
103900038,78,101,-23
103900039,25,520,-495
103900040,6,207,-201
103900041,11,42,-31
103900042,19,450,-431
103900043,53,113,-60
103900044,255,144,111
103900045,111,190,-79
103900047,36,47,-11
103900048,49,22,27
103900049,204,1276,-1072
103900050,5,73,-68
103900051,0,36,-36
103900052,111,653,-542
103900053,64,1112,-1048
103900054,77,556,-479
103900055,297,205,92
103900056,9,29,-20
103900057,22,305,-283
103900058,101,799,-698
103900059,0,4,-4
103900060,22,224,-202
103900061,73,67,6
103900062,110,49,61
103900063,1,0,1
103900064,56,2,54
103900065,739,360,379
103900066,75,12,63
103900067,87,9,78
103900068,3,0,3
103900069,58,1,57
103900070,165,284,-119
103900071,20,185,-165
103900072,5,345,-340
103900073,17,37,-20
103900074,39,64,-25
103900075,53,98,-45
103900076,251,771,-520
103900077,58,66,-8
103900078,89,152,-63
103900079,71,284,-213
103900080,10,29,-19
103900081,98,9,89
103900082,7,116,-109
103900083,2078,489,1589
103900084,39,123,-84
103900085,37,82,-45
103900086,310,297,13
103900087,25,91,-66
103900088,335,216,119
103900089,50,166,-116
103900090,0,205,-205
103900091,773,242,531
103900092,257,402,-145
103900093,70,451,-381
103900094,5,170,-165
103900095,191,150,41
103900096,20,344,-324
103900097,12,524,-512
103900098,129,66,63
103900099,50,388,-338
103900100,131,416,-285
103900101,38,963,-925
103900102,1,32,-31
103900104,3,35,-32
103900105,72,152,-80
103900106,0,13,-13
103900107,72,279,-207
103900108,26,345,-319
103900109,45,98,-53
103900110,163,47,116
103900111,55,876,-821
103900112,33,54,-21
103900113,119,204,-85
103900114,437,341,96
103900115,215,76,139
103900116,6643,1498,5145
103900117,175,131,44
103900119,29,31,-2
103900120,11,106,-95
103900122,38,336,-298
103900123,1361,417,944
103900124,19,25,-6
103900125,36,52,-16
103900126,327,518,-191
103900127,97,863,-766
103900128,45,230,-185
103900131,5,80,-75
103900133,797,14,783
103900134,0,1,-1
103900135,5,7,-2
103900137,1,43,-42
103900138,30,385,-355
103900139,167,878,-711
103900140,2,49,-47
103900141,225,81,144
103900142,58,202,-144
103900143,7,3,4
103900144,1,77,-76
103900145,162,406,-244
103900146,283,387,-104
103900147,238,115,123
103900148,120,220,-100
103900149,90,754,-664
103900150,7904,2026,5878
103900151,35,179,-144
103900152,219,779,-560
103900153,0,0,0
103900154,1338,805,533
103900155,18,241,-223
103900156,6,178,-172
103900157,24,297,-273
103900158,22,234,-212
103900159,54,87,-33
103900160,14,22,-8
103900161,77,202,-125
103900162,55,306,-251
103900163,7,450,-443
103900164,127,35,92
103900167,19,87,-68
103900168,36,129,-93
103900169,45,44,1
103900170,0,129,-129
103900171,2,86,-84
103900172,3,27,-24
103900173,3,11,-8
103900174,109,56,53
103900175,42,40,2
103900176,8,26,-18
103900177,26,36,-10
103900178,28,87,-59
103900179,23,217,-194
103900180,7,107,-100
103900181,33,32,1
103900182,29,11,18
103900184,544,38,506
103900185,278,128,150
103900187,98,64,34
103900188,20,14,6
103900189,53,14,39
103900190,54,30,24
103900191,44,61,-17
103900192,64,108,-44
103900193,209,164,45
103900194,59,354,-295
103900195,0,33,-33
103900196,28,6,22
103900197,11,31,-20
103900198,31,50,-19
103900199,67,82,-15
103900200,92,175,-83
103900201,112,209,-97
103900202,5,72,-67
103900203,16,17,-1
103900204,5,149,-144
103900207,1,197,-196
103900208,39,1,38
103900209,8,120,-112
103900210,11,27,-16
103900211,292,733,-441
103900212,40,588,-548
103900213,178,205,-27
103900214,179,77,102
103900215,472,180,292
103900216,14,963,-949
103900217,335,21,314
103900218,1,179,-178
103900219,84,373,-289
103900233,115,2,113
103900235,33,23,10
103900236,26,1,25
103900242,0,1,-1
103900243,2,3,-1
103900244,77,361,-284
103900245,55,267,-212
103900246,37,24,13
103900247,35,88,-53
103900248,0,12,-12
103900249,20,22,-2
103900250,27,34,-7
103900251,0,31,-31
103900253,13,55,-42
103900254,1,12,-11
103900255,8,7,1
103900256,5,13,-8
103900257,6,53,-47
103900258,12,2,10
103900259,26,7,19
103900261,3,5,-2
103900262,14,4,10
103900263,35,12,23
103900264,67,3,64
103900265,23,4,19
103900266,1,46,-45
103900267,1,39,-38
104000001,1720,2052,-332
104000002,1334,2376,-1042
104000003,2006,2079,-73
104000004,2834,2350,484
104000005,785,1716,-931
104000006,2414,2784,-370
104000007,3653,3513,140
104000008,229,454,-225
104000009,133,82,51
104000010,138,192,-54
104000011,766,439,327
104000012,127,489,-362
104000013,135,145,-10
104000014,195,775,-580
104000015,176,196,-20
104000016,527,521,6
104000018,525,154,371
104000019,343,114,229
104000020,142,940,-798
104000021,249,758,-509
104000022,125,294,-169
104000023,393,319,74
104000024,171,402,-231
104000026,38,360,-322
104000027,217,452,-235
104000028,199,231,-32
104000029,409,564,-155
104000030,277,313,-36
104000031,691,304,387
104000032,193,442,-249
104000033,530,451,79
104000034,267,480,-213
104000035,581,495,86
104000036,403,796,-393
104000037,220,339,-119
104000038,255,250,5
104000039,208,462,-254
104000040,559,526,33
104000041,286,284,2
104000042,184,463,-279
104000043,171,375,-204
104000044,189,807,-618
104000045,799,1227,-428
104000046,1250,1462,-212
104000047,439,1421,-982
104000048,1013,2389,-1376
104000049,316,258,58
104000050,113,585,-472
104000051,48,660,-612
104000052,794,1296,-502
104000053,547,686,-139
104000054,396,687,-291
104000055,3315,3083,232
104000056,1335,249,1086
104000057,81,615,-534
104000058,436,627,-191
104000059,382,1155,-773
104000060,673,1153,-480
104000061,901,1407,-506
104000062,165,139,26
104000064,485,242,243
104000065,76,331,-255
104000069,1468,616,852
104000070,56,274,-218
104000071,80,395,-315
104000072,436,211,225
104000075,34,232,-198
104000076,368,94,274
104000082,1651,2207,-556
104000083,611,168,443
104000084,87,556,-469
104000085,220,194,26
104000086,163,455,-292
104000087,458,1036,-578
104000090,560,1614,-1054
104000092,693,2957,-2264
104000094,762,2166,-1404
104000095,1318,1205,113
104000096,840,443,397
104000097,1081,1189,-108
104000098,1087,1425,-338
104000100,986,724,262
104000101,761,2301,-1540
104000106,54,498,-444
104000107,611,449,162
104000108,315,696,-381
104000109,189,60,129
104000110,697,962,-265
104000111,6114,1975,4139
104000112,3038,535,2503
104000116,9,1381,-1372
104000117,99,942,-843
104000118,331,256,75
104000119,365,235,130
104000120,173,1141,-968
104000121,117,518,-401
104000122,443,707,-264
104000123,841,1052,-211
104000124,1681,2882,-1201
104000125,5354,3123,2231
104000126,286,498,-212
104000127,1517,3103,-1586
104000128,671,421,250
104000129,60,4,56
104000130,1,290,-289
104000131,904,583,321
104000132,595,876,-281
104000133,840,748,92
104000134,822,1324,-502
104000135,349,1102,-753
104000136,882,2467,-1585
104000137,1922,359,1563
104000138,1160,359,801
104000139,9731,2930,6801
104000141,1166,1686,-520
104000142,503,1104,-601
104000143,408,945,-537
104000144,43,171,-128
104000145,279,174,105
104000146,383,534,-151
104000147,119,311,-192
104000148,207,102,105
104000149,129,459,-330
104000150,486,429,57
104000151,303,738,-435
104000152,457,861,-404
104000153,304,405,-101
104000154,979,847,132
104000155,273,409,-136
104000157,1000,1763,-763
104000158,155,255,-100
104000159,454,290,164
104000160,1513,1395,118
104000161,222,180,42
104000162,41,101,-60
104000165,1152,980,172
104000167,408,517,-109
104000168,453,5,448
104000169,36,49,-13
104000170,841,401,440
104000248,182,881,-699
104000251,43,313,-270
104000272,0,0,0
104000273,0,0,0
104000274,0,0,0
104000275,0,0,0
104000279,657,544,113
104000290,36,324,-288
104000291,476,1063,-587
104000293,425,752,-327
104000294,16,0,16
104000295,483,778,-295
104000296,280,732,-452
104000297,625,1418,-793
104000298,1636,871,765
104000299,498,1208,-710
104900001,102,445,-343
104900002,42,88,-46
104900003,32,407,-375
104900004,61,359,-298
104900005,145,180,-35
104900006,125,85,40
104900007,157,278,-121
104900009,122,520,-398
104900010,24,20,4
104900011,13,5,8
104900012,118,7,111
104900013,79,6,73
104900014,4344,431,3913
104900015,81,3,78
104900016,103,317,-214
104900017,61,183,-122
104900018,7,223,-216
104900019,286,1259,-973
104900020,46,311,-265
104900021,1,388,-387
104900022,31,129,-98
104900023,2,165,-163
104900024,13,111,-98
104900025,49,386,-337
104900026,4,137,-133
104900027,239,242,-3
104900028,37,93,-56
104900029,50,101,-51
104900030,296,199,97
104900031,206,237,-31
104900032,30,197,-167
104900033,84,233,-149
104900034,205,116,89
104900035,159,112,47
104900036,77,66,11
104900037,78,341,-263
104900038,691,362,329
104900039,1263,223,1040
104900040,133,79,54
104900041,174,160,14
104900042,150,422,-272
104900043,2,36,-34
104900044,313,173,140
104900045,256,59,197
104900046,75,112,-37
104900047,188,116,72
104900048,145,103,42
104900049,9,7,2
104900050,72,89,-17
104900051,112,49,63
104900052,39,0,39
104900053,248,69,179
104900054,141,26,115
104900055,52,0,52
104900056,90,16,74
104900057,21,0,21
104900058,679,140,539
104900059,16,32,-16
104900060,3,479,-476
104900061,235,707,-472
104900063,1,151,-150
104900064,0,122,-122
104900065,1,133,-132
104900066,4,222,-218
104900067,4,309,-305
104900068,15,187,-172
104900070,140,331,-191
104900071,3,847,-844
104900072,34,239,-205
104900073,25,365,-340
104900074,34,267,-233
104900075,37,83,-46
104900076,83,444,-361
104900077,1371,145,1226
104900078,134,880,-746
104900079,102,177,-75
104900080,42,545,-503
104900082,6,359,-353
104900085,4,245,-241
104900087,233,4,229
104900089,77,0,77
104900090,401,459,-58
104900091,385,1018,-633
104900093,197,682,-485
104900097,3464,1513,1951
104900098,80,47,33
104900099,82,415,-333
104900100,750,269,481
104900102,35,299,-264
104900103,540,100,440
104900104,4656,1257,3399
104900106,45,131,-86
104900107,44,350,-306
104900108,19,334,-315
104900109,40,225,-185
104900110,5,47,-42
104900111,75,123,-48
104900112,188,1134,-946
104900113,436,483,-47
104900114,196,911,-715
104900115,373,558,-185
104900116,113,313,-200
104900118,8,89,-81
104900119,1,30,-29
104900120,26,54,-28
104900121,1,128,-127
104900122,3,129,-126
104900123,28,10,18
104900124,16,0,16
104900125,435,2,433
104900126,80,52,28
104900127,15,24,-9
104900128,63,222,-159
104900129,3177,988,2189
105000001,1922,1576,346
105000002,1666,1710,-44
105000003,2297,3708,-1411
105000004,348,952,-604
105000005,605,1104,-499
105000006,806,1336,-530
105000007,770,1111,-341
105000008,813,1377,-564
105000009,968,2177,-1209
105000010,2646,2450,196
105000011,1781,1808,-27
105000012,3683,3098,585
105000013,494,827,-333
105000014,857,1664,-807
105000015,9696,5253,4443
105000016,4313,1840,2473
105000017,1341,942,399
105000018,1068,785,283
105000019,1351,865,486
105000020,104,242,-138
105000021,191,117,74
105000022,117,26,91
105000023,426,204,222
105000028,63,135,-72
105000029,326,987,-661
105000030,3683,3602,81
105000033,734,2058,-1324
105000034,126,541,-415
105000037,559,553,6
105000038,1260,1125,135
105000039,2954,1941,1013
105000040,548,692,-144
105000041,495,1369,-874
105000042,1735,982,753
105000043,1739,2622,-883
105000044,477,431,46
105000045,370,1280,-910
105000046,427,467,-40
105000047,410,1321,-911
105000048,440,180,260
105000049,255,794,-539
105000050,339,307,32
105000051,206,464,-258
105000052,590,840,-250
105000053,99,147,-48
105000054,155,1095,-940
105000055,272,391,-119
105000056,692,2591,-1899
105000057,937,1095,-158
105000058,1210,1507,-297
105000059,522,531,-9
105000060,351,787,-436
105000061,308,421,-113
105000062,681,1263,-582
105000063,269,670,-401
105000064,692,792,-100
105000065,387,1096,-709
105000066,926,2346,-1420
105000067,749,623,126
105000068,473,974,-501
105000069,3075,635,2440
105000070,713,682,31
105000071,162,480,-318
105000072,416,948,-532
105000073,584,449,135
105000074,744,1011,-267
105000075,466,815,-349
105000076,995,1044,-49
105000077,1660,644,1016
105000078,1243,1008,235
105000079,1531,1517,14
105000080,1800,1033,767
105000081,1302,715,587
105000082,489,486,3
105000083,993,778,215
105000084,396,1077,-681
105000085,1044,1010,34
105000086,517,843,-326
105000087,2518,1613,905
105000088,998,1213,-215
105000089,2433,1908,525
105000090,870,717,153
105000091,1406,1583,-177
105000092,530,1126,-596
105000093,243,151,92
105000094,231,188,43
105000095,53,292,-239
105000096,911,585,326
105000097,864,583,281
105000098,653,575,78
105000099,703,889,-186
105000100,704,1033,-329
105000101,1281,2132,-851
105000102,1135,1433,-298
105000103,1018,2235,-1217
105000104,1429,986,443
105000105,884,2101,-1217
105000106,1170,1995,-825
105000107,884,1304,-420
105000108,949,2155,-1206
105000109,1089,1937,-848
105000110,495,837,-342
105000111,448,502,-54
105000112,812,839,-27
105000113,289,565,-276
105000114,3783,947,2836
105000115,231,654,-423
105000116,319,431,-112
105000117,584,1345,-761
105000118,208,402,-194
105000119,503,1575,-1072
105000120,607,633,-26
105000121,695,1342,-647
105000122,210,400,-190
105000123,951,1628,-677
105000124,1122,949,173
105000125,546,2110,-1564
105000126,1473,2386,-913
105000127,1829,2071,-242
105000128,172,1616,-1444
105000129,540,313,227
105000130,119,911,-792
105000131,739,387,352
105000132,452,400,52
105000133,311,1160,-849
105000134,373,503,-130
105000135,321,629,-308
105000136,41,121,-80
105000137,145,266,-121
105000138,38,103,-65
105000139,888,1076,-188
105000140,135,406,-271
105000141,166,672,-506
105000142,60,438,-378
105000143,201,675,-474
105000144,229,706,-477
105000145,298,514,-216
105000146,409,606,-197
105000147,315,370,-55
105000148,810,609,201
105000149,1521,1717,-196
105000150,1985,1269,716
105000151,198,388,-190
105000152,94,691,-597
105000153,425,471,-46
105000154,562,993,-431
105000155,199,609,-410
105000156,872,858,14
105000157,1017,2356,-1339
105000158,1585,844,741
105000159,215,1452,-1237
105000160,1255,524,731
105000161,534,2031,-1497
105000162,409,1201,-792
105000163,1536,1360,176
105000164,214,364,-150
105000165,1621,3171,-1550
105000166,8639,361,8278
105000167,3295,991,2304
105000168,153,986,-833
105000169,260,471,-211
105000170,96,1176,-1080
105000171,916,334,582
105000172,26,39,-13
105000173,48,30,18
105000174,39,29,10
105000175,54,131,-77
105000176,130,66,64
105000177,83,111,-28
105000178,107,849,-742
105000179,125,95,30
105000180,79,118,-39
105000181,53,615,-562
105000182,22,38,-16
105000183,2761,1470,1291
105000184,1274,663,611
105000185,1004,653,351
105000186,271,803,-532
105000187,484,217,267
105000188,205,88,117
105000189,127,503,-376
105000190,138,279,-141
105000191,269,339,-70
105000192,105,70,35
105000193,72,179,-107
105000194,159,51,108
105000195,235,1195,-960
105000196,22,109,-87
105000197,210,729,-519
105000198,601,257,344
105000199,231,185,46
105000200,94,196,-102
105000201,58,30,28
105000203,6,219,-213
105000204,65,85,-20
105000205,30,166,-136
105000207,686,249,437
105000208,282,404,-122
105000209,130,306,-176
105000212,835,1711,-876
105000213,147,157,-10
105000214,69,233,-164
105000215,159,293,-134
105000216,58,389,-331
105000217,151,313,-162
105000218,661,991,-330
105000221,117,303,-186
105000222,88,49,39
105000223,91,184,-93
105000226,26,486,-460
105000227,39,272,-233
105000228,240,794,-554
105000229,67,230,-163
105000231,94,246,-152
105000233,424,445,-21
105000234,412,1298,-886
105000235,191,400,-209
105000237,574,48,526
105000243,20,237,-217
105000248,25,56,-31
105000262,246,2007,-1761
105000269,67,215,-148
105000270,255,125,130
105000271,2,295,-293
105000282,75,56,19
105000287,252,177,75
105000288,446,346,100
105000289,869,749,120
105000290,6,2,4
105000402,5026,1664,3362
105000426,351,449,-98
105000438,787,467,320
105000446,16405,4952,11453
105000447,10246,2726,7520
105000454,174,570,-396
105000455,244,172,72
105000474,6,0,6
105000477,228,354,-126
105000478,1151,1895,-744
105000479,85,139,-54
105000480,1561,1566,-5
105000481,2169,1734,435
105000482,4333,2491,1842
105000483,923,1063,-140
105000484,2073,2151,-78
105000485,889,1152,-263
105000486,2796,1921,875
105000488,2907,2659,248
105000489,507,937,-430
105000549,13,112,-99
105000550,372,1127,-755
105000551,27,99,-72
105000552,2925,1641,1284
105900001,10,868,-858
105900002,1549,294,1255
105900003,8,93,-85
105900004,235,150,85
105900005,7,168,-161
105900006,11,64,-53
105900007,25,14,11
105900008,57,808,-751
105900009,4,13,-9
105900011,97,40,57
105900012,252,102,150
105900013,3,28,-25
105900014,5,99,-94
105900015,76,334,-258
105900016,164,741,-577
105900017,672,76,596
105900018,193,291,-98
105900019,69,431,-362
105900020,25,55,-30
105900021,24,257,-233
105900022,209,422,-213
105900023,5,120,-115
105900024,4,156,-152
105900025,62,49,13
105900026,182,46,136
105900027,4635,3403,1232
105900028,133,193,-60
105900029,1841,312,1529
105900030,172,275,-103
105900031,442,171,271
105900032,43,105,-62
105900033,43,122,-79
105900034,135,254,-119
105900035,158,171,-13
105900036,46,109,-63
105900037,48,54,-6
105900038,103,266,-163
105900039,78,166,-88
105900040,54,103,-49
105900041,159,507,-348
105900042,43,90,-47
105900043,1984,99,1885
105900044,2,153,-151
105900045,8,600,-592
105900046,10,185,-175
105900047,1,29,-28
105900048,100,481,-381
105900050,2359,823,1536
105900051,6,1438,-1432
105900052,238,79,159
105900053,3876,1323,2553
105900054,253,325,-72
105900056,837,168,669
105900057,16,146,-130
105900058,7,51,-44
105900059,0,64,-64
106000001,3797,1418,2379
106000002,2994,4404,-1410
106000003,2491,2319,172
106000004,2157,2283,-126
106000005,2083,4558,-2475
106000006,5456,4758,698
106000007,317,460,-143
106000008,398,300,98
106000009,344,380,-36
106000010,508,534,-26
106000011,526,903,-377
106000012,661,1785,-1124
106000013,1290,1598,-308
106000014,1763,2074,-311
106000015,1046,1061,-15
106000016,1097,2462,-1365
106000017,524,642,-118
106000018,423,726,-303
106000019,270,447,-177
106000020,208,458,-250
106000021,181,544,-363
106000022,294,334,-40
106000023,499,323,176
106000024,559,842,-283
106000025,78,161,-83
106000026,118,293,-175
106000027,722,1113,-391
106000028,470,706,-236
106000029,709,1445,-736
106000030,901,338,563
106000034,227,560,-333
106000035,673,988,-315
106000036,357,385,-28
106000037,1767,1570,197
106000038,509,70,439
106000039,163,58,105
106000040,172,742,-570
106000041,639,330,309
106000043,477,107,370
106000046,281,47,234
106000047,28,390,-362
106000049,368,147,221
106000050,195,997,-802
106000051,302,347,-45
106000052,63,734,-671
106000053,121,97,24
106000054,306,482,-176
106000055,690,1010,-320
106000056,229,520,-291
106000057,142,180,-38
106000058,126,206,-80
106000059,138,215,-77
106000060,483,580,-97
106000061,140,361,-221
106000062,107,658,-551
106000063,425,434,-9
106000064,24,418,-394
106000065,179,188,-9
106000066,85,447,-362
106000067,179,107,72
106000068,39,698,-659
106000069,109,90,19
106000070,301,861,-560
106000071,584,315,269
106000072,4378,1369,3009
106000073,1612,2014,-402
106000074,281,655,-374
106000075,224,1029,-805
106000076,1229,1766,-537
106000077,3022,1278,1744
106000078,624,965,-341
106000079,495,956,-461
106000080,931,910,21
106000081,445,979,-534
106000082,2292,973,1319
106000083,299,1309,-1010
106000084,860,655,205
106000085,1488,1161,327
106000086,596,774,-178
106000087,611,641,-30
106000088,444,744,-300
106000089,669,431,238
106000090,243,530,-287
106000091,180,646,-466
106000092,432,247,185
106000093,222,83,139
106000094,65,378,-313
106000095,351,1206,-855
106000096,558,657,-99
106000097,560,1442,-882
106000098,441,1013,-572
106000099,158,952,-794
106000100,541,255,286
106000101,524,275,249
106000102,98,486,-388
106000103,195,551,-356
106000104,533,403,130
106000105,333,881,-548
106000106,379,405,-26
106000107,64,395,-331
106000108,143,366,-223
106000109,61,374,-313
106000110,120,281,-161
106000111,116,633,-517
106000112,83,348,-265
106000113,966,602,364
106000114,357,349,8
106000115,125,535,-410
106000116,105,239,-134
106000117,829,849,-20
106000118,908,929,-21
106000119,2637,1202,1435
106000120,598,744,-146
106000121,152,188,-36
106000122,48,423,-375
106000123,162,319,-157
106000124,43,382,-339
106000125,10,372,-362
106000126,88,182,-94
106000127,409,873,-464
106000128,295,300,-5
106000129,325,850,-525
106000130,416,381,35
106000131,102,667,-565
106000132,711,113,598
106000133,3839,943,2896
106000134,878,745,133
106000135,222,907,-685
106000136,476,464,12
106000137,53,1616,-1563
106000138,580,56,524
106000139,72,134,-62
106000140,24,90,-66
106000141,41,124,-83
106000142,54,59,-5
106000143,18,113,-95
106000144,21,55,-34
106000145,112,327,-215
106000146,195,172,23
106000147,350,563,-213
106000148,526,807,-281
106000149,353,403,-50
106000150,316,1696,-1380
106000151,4828,767,4061
106000152,1366,1269,97
106000153,83,1322,-1239
106000154,1426,200,1226
106000155,49,214,-165
106000156,536,361,175
106000157,613,2049,-1436
106000158,2779,735,2044
106000159,4548,1228,3320
106000160,223,1592,-1369
106000161,1504,486,1018
106000162,126,633,-507
106000163,205,633,-428
106000164,159,348,-189
106000165,161,770,-609
106000166,386,306,80
106000167,250,1575,-1325
106000168,229,267,-38
106000169,110,920,-810
106000170,307,289,18
106000171,103,990,-887
106000172,1848,834,1014
106000173,646,2839,-2193
106000174,765,261,504
106000175,244,1180,-936
106000176,959,578,381
106000177,617,2648,-2031
106000178,2367,1541,826
106000179,1096,2394,-1298
106000180,717,1941,-1224
106000181,367,2300,-1933
106000182,552,813,-261
106000183,648,1136,-488
106000184,806,1162,-356
106000185,513,1041,-528
106000186,817,176,641
106000187,227,824,-597
106000188,0,0,0
106000189,2,48,-46
106000190,8,1,7
106000191,496,184,312
106000192,6,28,-22
106000193,255,132,123
106000194,129,311,-182
106000195,761,128,633
106000196,174,493,-319
106000197,218,378,-160
106000198,124,303,-179
106000199,761,410,351
106000200,467,136,331
106000201,460,1178,-718
106000202,7153,601,6552
106000203,165,191,-26
106000204,31,4,27
106000205,12,137,-125
106000206,54,6,48
106000207,60,947,-887
106000208,534,93,441
106000209,997,247,750
106000210,239,1468,-1229
106000211,309,1665,-1356
106000212,432,181,251
106000213,682,1268,-586
106000214,2549,447,2102
106000215,171,437,-266
106000216,207,297,-90
106000217,267,425,-158
106000218,413,323,90
106000219,81,240,-159
106000220,284,229,55
106000221,51,374,-323
106000222,21,133,-112
106000223,53,131,-78
106000224,114,325,-211
106000225,41,63,-22
106000226,98,296,-198
106000228,27,99,-72
106000229,43,829,-786
106000231,398,115,283
106000232,44,416,-372
106000233,307,148,159
106000234,53,210,-157
106000235,217,61,156
106000236,108,50,58
106000237,0,13,-13
106000238,2,12,-10
106000239,2,70,-68
106000240,16,4,12
106000241,17,658,-641
106000242,146,17,129
106000249,57,100,-43
106000250,50,469,-419
106000251,58,21,37
106000252,14,140,-126
106000253,20,42,-22
106000254,26,58,-32
106000255,14,84,-70
106000256,75,88,-13
106000257,101,318,-217
106000258,93,10,83
106000259,2,28,-26
106000260,12,3,9
106000261,1,53,-52
106000262,33,19,14
106000263,5,97,-92
106000264,138,9,129
106000265,7,155,-148
106000266,90,16,74
106000267,4,91,-87
106000268,455,28,427
106000269,100,58,42
106000270,137,388,-251
106000271,29,206,-177
106000272,83,56,27
106000273,9,165,-156
106000274,121,46,75
106000275,141,185,-44
106000276,141,75,66
106000277,129,149,-20
106000278,138,41,97
106000279,10,95,-85
106000280,10,179,-169
106000281,74,93,-19
106000282,51,52,-1
106000283,62,120,-58
106000284,44,120,-76
106000285,112,146,-34
106000286,52,180,-128
106000287,74,79,-5
106000288,77,149,-72
106000289,64,82,-18
106000290,53,74,-21
106000291,65,148,-83
106000292,53,110,-57
106000293,83,89,-6
106000294,109,134,-25
106000295,45,62,-17
106000296,60,149,-89
106000297,77,214,-137
106000298,125,64,61
106000299,59,136,-77
106000300,43,111,-68
106000301,71,119,-48
106000303,13,75,-62
106000304,37,40,-3
106000305,30,60,-30
106000306,38,93,-55
106000307,48,16,32
106000308,20,182,-162
106000309,17,52,-35
106000310,154,578,-424
106000311,204,116,88
106000312,49,193,-144
106000313,119,219,-100
106000318,196,234,-38
106000319,438,65,373
106000320,0,54,-54
106000321,366,72,294
106000322,105,238,-133
106000324,6,171,-165
106000325,975,781,194
106000326,876,1969,-1093
106000327,49,134,-85
106000328,7,118,-111
106000329,24,323,-299
106000330,38,61,-23
106000428,38,144,-106
106000429,80,452,-372
106000430,298,1431,-1133
106000431,974,228,746
106000432,1504,2609,-1105
106000433,1350,625,725
106000434,2112,929,1183
106000435,2079,2397,-318
106000436,15,325,-310
106000437,123,39,84
106000438,205,102,103
106000439,42,537,-495
106000440,152,398,-246
106000441,1,0,1
106000442,92,5,87
106000443,104,622,-518
106000450,5,233,-228
106000451,19,22,-3
106000454,3,52,-49
106000455,18,122,-104
106000456,90,18,72
106000457,13,1230,-1217
106000458,255,183,72
106000459,52,478,-426
106000460,526,19,507
106000461,34,2008,-1974
106000462,0,24,-24
106000463,0,28,-28
106000464,5,676,-671
106000465,170,0,170
106000466,4,968,-964
106000467,445,570,-125
106000468,22,171,-149
106000469,237,1,236
106000470,217,1367,-1150
106000471,25,765,-740
106000472,75,3,72
106000473,11,24,-13
106000474,184,699,-515
106000475,199,102,97
106000476,129,114,15
106000477,3,45,-42
106900001,1,19,-18
106900002,2,715,-713
106900003,250,958,-708
106900004,1,68,-67
106900006,0,14,-14
106900007,0,20,-20
106900008,130,357,-227
106900009,206,499,-293
106900010,188,436,-248
106900012,2570,1399,1171
106900013,305,88,217
106900014,24,2,22
106900015,15,1,14
106900016,119,1,118
106900017,7,0,7
106900018,2,0,2
106900019,52,1,51
106900020,3251,916,2335
106900021,11,39,-28
106900022,279,1,278
106900023,9,250,-241
106900024,298,25,273
106900025,49,789,-740
106900026,4,1009,-1005
106900027,256,1,255
107000001,3274,1558,1716
107000002,5610,3063,2547
107000003,3262,4390,-1128
107000004,4693,5622,-929
107000005,1659,3487,-1828
107000006,2694,6267,-3573
107000007,3809,6159,-2350
107000008,16237,11276,4961
107000009,3609,4240,-631
107000010,8761,11116,-2355
107000011,1365,1255,110
107000012,4333,3973,360
107000013,60,132,-72
107000014,30,264,-234
107000015,256,798,-542
107000016,364,1287,-923
107000017,2020,771,1249
107000018,14,177,-163
107000020,1092,296,796
107000021,817,712,105
107000022,655,1079,-424
107000023,1134,255,879
107000024,391,1946,-1555
107000025,100,356,-256
107000026,69,718,-649
107000027,773,760,13
107000028,1027,1707,-680
107000029,1338,1300,38
107000030,2880,3403,-523
107000031,2179,1517,662
107000032,388,979,-591
107000033,3728,3699,29
107000034,5000,2065,2935
107000035,285,169,116
107000036,269,872,-603
107000037,35,609,-574
107000038,175,282,-107
107000039,560,472,88
107000040,100,309,-209
107000041,1492,733,759
107000042,641,1665,-1024
107000043,3049,880,2169
107000044,587,336,251
107000045,61,271,-210
107000046,428,351,77
107000047,361,685,-324
107000048,433,335,98
107000049,375,733,-358
107000050,661,415,246
107000051,469,235,234
107000052,902,697,205
107000053,284,121,163
107000054,71,252,-181
107000055,98,73,25
107000056,367,805,-438
107000057,1286,155,1131
107000058,1775,1897,-122
107000059,2237,3103,-866
107000060,2835,4681,-1846
107000061,5166,3814,1352
107000062,2348,2573,-225
107000063,3727,6399,-2672
107000064,2057,1717,340
107000065,2713,5727,-3014
107000066,912,1577,-665
107000067,570,777,-207
107000068,1100,552,548
107000069,497,362,135
107000070,337,3,334
107000071,1585,38,1547
107000072,39,3983,-3944
107000073,237,170,67
107000074,117,1061,-944
107000075,957,320,637
107000076,784,1844,-1060
107000077,1828,693,1135
107000078,1833,3699,-1866
107000079,1366,506,860
107000080,1012,3384,-2372
107000081,822,491,331
107000082,490,2806,-2316
107000083,770,297,473
107000084,438,2659,-2221
107000085,2296,2497,-201
107000086,2924,2722,202
107000087,1985,1579,406
107000088,2296,3104,-808
107000089,1063,1662,-599
107000090,768,940,-172
107000091,840,872,-32
107000092,599,1067,-468
107000093,687,703,-16
107000094,786,1416,-630
107000095,428,492,-64
107000096,525,1060,-535
107000097,315,170,145
107000098,222,414,-192
107000099,333,278,55
107000100,343,253,90
107000101,59,163,-104
107000102,318,341,-23
107000103,205,168,37
107000104,258,379,-121
107000105,319,113,206
107000106,133,346,-213
107000107,253,237,16
107000108,112,783,-671
107000109,281,102,179
107000110,62,676,-614
107000111,133,30,103
107000112,36,496,-460
107000113,242,94,148
107000114,61,766,-705
107000115,247,71,176
107000116,96,1114,-1018
107000117,90,174,-84
107000118,165,334,-169
107000119,1587,846,741
107000120,2209,352,1857
107000121,436,705,-269
107000122,989,934,55
107000123,224,617,-393
107000124,316,925,-609
107000125,303,581,-278
107000126,415,773,-358
107000127,11,372,-361
107000129,85,158,-73
107000130,94,196,-102
107000131,333,309,24
107000132,313,284,29
107000133,581,135,446
107000134,389,2,387
107000135,14,243,-229
107000136,564,7,557
107000137,15,340,-325
107000138,206,9,197
107000139,8,326,-318
107000140,617,44,573
107000141,92,808,-716
107000142,203,41,162
107000143,34,968,-934
107000144,189,350,-161
107000145,101,642,-541
107000146,135,252,-117
107000147,2832,588,2244
107000150,857,1320,-463
107000151,48,84,-36
107000152,493,399,94
107000153,435,495,-60
107000154,201,86,115
107000155,356,13,343
107000156,643,27,616
107000157,26,2333,-2307
107000158,233,16,217
107000159,47,1066,-1019
107000160,502,83,419
107000161,95,2335,-2240
107000162,145,195,-50
107000163,20,0,20
107000164,178,1,177
107000165,416,3,413
107000166,39,1651,-1612
107000167,323,266,57
107000168,432,253,179
107000169,927,982,-55
107000170,950,555,395
107000171,586,3021,-2435
107000172,466,592,-126
107000173,658,1289,-631
107000174,721,2249,-1528
107000175,11098,1626,9472
107000176,6,0,6
107000177,1,6,-5
107000178,10,43,-33
107000179,181,3523,-3342
107000180,759,303,456
107000181,221,1517,-1296
107000182,929,1036,-107
107000183,95,1167,-1072
107000184,523,775,-252
107000185,460,1683,-1223
107000186,790,375,415
107000187,830,1311,-481
107000188,435,438,-3
107000189,303,887,-584
107000190,373,883,-510
107000191,373,894,-521
107000192,1178,1144,34
107000193,322,387,-65
107000194,896,928,-32
107000197,500,245,255
107000198,238,763,-525
107000199,557,690,-133
107000200,925,529,396
107000201,229,191,38
107000202,149,390,-241
107000203,550,394,156
107000204,801,428,373
107000205,2448,923,1525
107000206,582,880,-298
107000207,675,1103,-428
107000208,1178,363,815
107000209,2551,685,1866
107000210,1460,428,1032
107000211,14,14,0
107000212,10,217,-207
107000213,14,15,-1
107000214,8,125,-117
107000215,201,503,-302
107000216,127,408,-281
107000217,75,181,-106
107000219,52,130,-78
107000220,81,331,-250
107000222,184,680,-496
107000224,235,48,187
107000225,203,696,-493
107000226,203,78,125
107000227,98,509,-411
107000228,48,136,-88
107000229,138,79,59
107000230,909,463,446
107000231,2360,464,1896
107000232,49,36,13
107000233,1829,404,1425
107000234,0,14,-14
107000235,37,4,33
107000236,16,379,-363
107000237,3,1,2
107000238,14,3,11
107000239,5399,543,4856
107000240,51,1160,-1109
107000241,132,29,103
107000242,715,73,642
107000243,0,52,-52
107000244,5,80,-75
107000246,7,1238,-1231
107000249,2,959,-957
107000251,2,280,-278
107000252,0,1440,-1440
107000255,709,118,591
107000257,2,657,-655
107000258,1,201,-200
107000259,2,261,-259
107000260,219,0,219
107000262,5,888,-883
107000263,144,2,142
107000266,4,6,-2
107000267,66,197,-131
107000268,166,241,-75
107000269,231,38,193
107000270,0,25,-25
107000271,7,1112,-1105
107000272,6,232,-226
107000273,2,237,-235
107000274,641,224,417
107000275,5,727,-722
107000280,271,18,253
107000281,20,1104,-1084
107000282,7,1508,-1501
107000290,3,18,-15
107000291,8,7,1
107000292,0,11,-11
107000293,25,7,18
107000294,1,32,-31
107000295,14,0,14
107000296,0,18,-18
107000444,102,1,101
107000496,0,11,-11
107000497,1303,3329,-2026
107000500,251,295,-44
107000501,58,194,-136
107000502,169,344,-175
107000505,464,699,-235
107000506,2,67,-65
107000508,3,757,-754
107000509,139,523,-384
107000510,14,16,-2
107000514,6,230,-224
107000515,6,332,-326
107000516,121,167,-46
107000518,469,464,5
107000519,3976,1109,2867
107000520,27,9,18
107900001,64,231,-167
107900002,35,1,34
107900003,186,14,172
107900004,50,1,49
107900005,460,1,459
107900006,69,0,69
107900007,130,8,122
107900008,48,45,3
107900009,83,7,76
107900010,10,0,10
107900012,203,13,190
107900013,194,75,119
107900014,13,9,4
107900015,404,6,398
107900016,462,100,362
107900017,6,0,6
107900018,25,56,-31
107900019,11,108,-97
107900020,59,4,55
107900021,24,191,-167
107900023,2,2,0
107900024,0,24,-24
107900025,165,351,-186
107900026,28,113,-85
107900027,15,36,-21
107900028,24,141,-117
107900030,126,18,108
107900031,44,183,-139
107900032,1,7,-6
107900033,11,4,7
107900034,239,6,233
107900035,451,11,440
107900036,10,6,4
107900037,0,56,-56
107900038,148,143,5
107900039,12,69,-57
107900040,11,71,-60
107900041,2,1,1
107900043,42,111,-69
107900044,7,4,3
107900045,65,19,46
107900046,68,83,-15
107900047,7,95,-88
107900048,89,8,81
107900049,261,368,-107
107900050,67,373,-306
107900051,102,93,9
107900052,11,38,-27
107900053,9,99,-90
107900055,744,263,481
107900056,81,19,62
107900057,0,0,0
107900058,21,807,-786
107900060,8,43,-35
107900061,17,4,13
107900063,92,121,-29
107900064,401,42,359
107900065,98,10,88
107900066,3,3,0
107900067,0,0,0
107900068,82,221,-139
107900069,13,732,-719
107900070,66,36,30
107900071,17,1132,-1115
107900072,44,217,-173
107900073,47,105,-58
107900074,922,151,771
107900076,82,65,17
107900077,30,0,30
107900078,209,20,189
107900079,2,4,-2
107900080,61,209,-148
107900081,13,93,-80
107900082,25,13,12
107900083,235,133,102
107900084,95,133,-38
107900086,16,74,-58
107900087,420,76,344
107900088,19,5,14
107900089,249,965,-716
107900090,410,1057,-647
107900091,155,575,-420
107900092,2147,541,1606
107900093,32,47,-15
107900095,2866,993,1873
107900097,33,62,-29
107900098,87,174,-87
107900100,1221,823,398
107900101,1214,163,1051
107900102,12,5,7
107900103,23,161,-138
107900104,149,6,143
107900105,2,484,-482
107900106,2,1444,-1442
107900107,1578,215,1363
107900108,333,111,222
107900109,485,8,477
107900110,20,118,-98
107900111,7,1302,-1295
107900112,74,295,-221
107900113,49,116,-67
107900114,74,244,-170
107900115,3,54,-51
107900116,42,206,-164
107900117,293,490,-197
107900118,82,160,-78
107900119,21,115,-94
107900120,37,1,36
107900121,0,97,-97
107900122,1,53,-52
107900123,0,25,-25
107900124,3,15,-12
107900125,23,154,-131
107900126,7,24,-17
107900127,498,107,391
107900128,119,51,68
107900129,23,37,-14
107900130,41,20,21
107900131,557,56,501
107900132,117,489,-372
107900133,3,94,-91
107900134,29,17,12
107900135,1,210,-209
107900136,52,29,23
107900137,68,96,-28
107900138,28,29,-1
107900139,12,32,-20
107900140,114,72,42
107900141,46,36,10
107900142,54,1187,-1133
107900143,19,45,-26
107900144,1,146,-145
107900145,5,111,-106
107900146,40,128,-88
107900147,52,21,31
107900148,127,225,-98
107900149,1849,233,1616
107900150,82,875,-793
107900151,9,89,-80
107900152,12,343,-331
107900153,86,187,-101
107900154,9,16,-7
107900155,18,20,-2
107900156,6,445,-439
107900157,46,98,-52
107900158,369,11,358
107900159,36,1206,-1170
107900160,45,139,-94
107900161,11,325,-314
107900162,0,241,-241
107900163,36,14,22
107900164,5,19,-14
107900165,4,49,-45
107900166,10,340,-330
107900167,8,41,-33
107900168,9,66,-57
107900169,0,152,-152
107900171,11,2147,-2136
107900172,1,342,-341
107900173,15,248,-233
107900174,44,12,32
107900175,11,28,-17
107900176,8,51,-43
107900177,6,268,-262
107900178,0,274,-274
107900179,7,140,-133
107900180,1137,292,845
107900181,287,364,-77
107900182,7,1803,-1796
107900183,16,387,-371
107900184,30,302,-272
107900185,28,0,28
107900186,15,40,-25
107900187,0,153,-153
107900188,815,102,713
107900189,18,80,-62
107900190,96,47,49
107900191,44,171,-127
107900193,0,21,-21
107900194,113,2,111
107900195,4296,520,3776
107900196,37,78,-41
107900197,1084,118,966
107900199,0,1103,-1103
107900201,60,129,-69
107900203,36,123,-87
107900204,201,284,-83
107900205,148,450,-302
107900206,377,125,252
107900207,3,783,-780
107900208,7,887,-880
107900209,288,110,178
107900210,74,150,-76
107900213,759,558,201
107900214,3,144,-141
107900215,217,336,-119
107900216,80,62,18
107900217,29,51,-22
107900218,13,1792,-1779
107900219,20,140,-120
107900220,182,117,65
107900221,183,195,-12
107900223,56,676,-620
107900224,185,353,-168
107900225,5,977,-972
107900226,41,105,-64
107900227,110,496,-386
107900228,19,134,-115
107900229,5,397,-392
107900230,8,178,-170
107900231,8,233,-225
107900232,21,266,-245
107900233,1,115,-114
107900234,54,181,-127
107900235,33,108,-75
107900236,63,99,-36
107900237,113,566,-453
107900238,9,127,-118
107900239,1374,395,979
107900240,12,150,-138
107900241,13,93,-80
107900242,9,366,-357
107900243,3,32,-29
107900244,137,3,134
107900245,209,19,190
107900246,70,6,64
107900248,152,587,-435
107900249,316,4,312
107900250,3,600,-597
107900251,54,1428,-1374
107900252,422,18,404
107900253,71,4,67
107900254,45,117,-72
107900255,338,58,280
107900256,360,454,-94
107900257,85,63,22
107900258,49,162,-113
107900259,63,725,-662
107900261,1,475,-474
107900262,25,155,-130
107900264,68,2,66
107900265,43,221,-178
107900267,114,26,88
107900268,58,15,43
107900269,1,6,-5
107900270,1,0,1
107900271,4,4,0
107900272,168,4,164
107900273,14,101,-87
107900274,44,0,44
107900275,10,0,10
107900276,1,86,-85
107900277,1,295,-294
107900278,112,408,-296
107900279,174,69,105
107900280,1918,1163,755
107900281,3371,998,2373
107900282,56,244,-188
107900283,1364,366,998
107900284,172,849,-677
107900285,39,130,-91
107900286,133,89,44
107900287,66,189,-123
107900290,0,62,-62
107900291,304,4,300
107900292,87,274,-187
107900293,42,590,-548
107900295,31,110,-79
107900297,0,338,-338
107900298,674,1092,-418
107900299,3842,1822,2020
107900300,38,224,-186
107900301,396,261,135
107900302,68,23,45
107900303,90,368,-278
107900304,108,696,-588
107900305,177,11,166
107900306,22,10,12
107900307,43,259,-216
107900308,158,82,76
107900309,19,0,19
107900310,0,0,0
107900311,410,87,323
107900312,0,0,0
107900313,2,70,-68
107900314,0,40,-40
107900315,0,47,-47
107900316,25,1,24
107900317,40,6,34
107900318,1,151,-150
107900319,5,293,-288
107900320,0,197,-197
107900321,54,5,49
107900322,2,220,-218
107900323,7,175,-168
107900324,118,2,116
107900325,44,0,44
107900326,86,448,-362
107900327,0,1,-1
107900328,0,0,0
107900329,0,0,0
107900330,6,840,-834
107900331,122,29,93
107900332,121,35,86
107900333,32,21,11
107900334,14,301,-287
107900335,44,55,-11
107900336,16,36,-20
107900337,1636,480,1156
107900338,1,191,-190
107900339,3,35,-32
107900340,0,48,-48
107900341,17,2,15
107900342,51,69,-18
107900343,20,1,19
107900344,1,91,-90
107900345,68,30,38
107900346,23,1,22
107900347,28,2,26
107900348,3,2,1
107900349,14,6,8
107900350,33,254,-221
108000001,2192,2715,-523
108000002,2252,3288,-1036
108000003,2477,1766,711
108000004,16241,17915,-1674
108000005,4478,2626,1852
108000006,6176,6795,-619
108000007,3543,3006,537
108000008,4824,5853,-1029
108000009,2084,2805,-721
108000010,2412,5115,-2703
108000011,9906,7350,2556
108000012,21471,16114,5357
108000014,474,447,27
108000015,395,259,136
108000016,192,626,-434
108000017,578,337,241
108000018,1078,383,695
108000019,1120,482,638
108000020,914,384,530
108000021,458,1643,-1185
108000022,519,1693,-1174
108000023,848,196,652
108000024,131,763,-632
108000025,142,226,-84
108000026,319,648,-329
108000027,337,490,-153
108000028,175,309,-134
108000029,227,529,-302
108000030,354,209,145
108000031,154,573,-419
108000032,723,451,272
108000033,482,1432,-950
108000034,1036,331,705
108000035,886,2819,-1933
108000036,261,1636,-1375
108000037,1092,317,775
108000038,1367,370,997
108000039,463,2949,-2486
108000040,936,581,355
108000041,615,3090,-2475
108000042,79,217,-138
108000043,105,320,-215
108000044,218,149,69
108000045,178,798,-620
108000046,874,255,619
108000047,327,1301,-974
108000048,111,504,-393
108000049,357,198,159
108000050,84,577,-493
108000051,148,59,89
108000052,303,779,-476
108000053,218,94,124
108000054,472,1011,-539
108000055,764,276,488
108000056,771,1024,-253
108000057,424,639,-215
108000058,1716,2420,-704
108000059,3750,1956,1794
108000060,141,268,-127
108000061,159,313,-154
108000062,425,380,45
108000063,336,686,-350
108000064,122,214,-92
108000065,339,714,-375
108000066,1572,673,899
108000067,1177,348,829
108000068,505,303,202
108000069,125,1200,-1075
108000070,1130,559,571
108000071,539,2030,-1491
108000072,1047,934,113
108000073,1546,2399,-853
108000074,253,301,-48
108000075,302,947,-645
108000076,492,357,135
108000077,641,912,-271
108000078,1501,1154,347
108000079,863,2066,-1203
108000080,496,424,72
108000081,488,2731,-2243
108000082,957,2017,-1060
108000083,1272,637,635
108000084,298,1574,-1276
108000085,295,228,67
108000086,954,956,-2
108000087,131,1114,-983
108000088,106,10,96
108000089,216,289,-73
108000090,211,90,121
108000091,59,588,-529
108000092,51,83,-32
108000093,89,991,-902
108000094,467,106,361
108000095,116,561,-445
108000096,185,171,14
108000097,69,688,-619
108000098,630,1374,-744
108000099,89,74,15
108000100,28,159,-131
108000101,578,802,-224
108000102,1053,1651,-598
108000106,786,1,785
108000107,2,747,-745
108000108,420,41,379
108000109,7,1029,-1022
108000110,109,256,-147
108000111,125,843,-718
108000112,32,94,-62
108000113,475,358,117
108000115,495,427,68
108000117,775,342,433
108000118,75,94,-19
108000119,620,494,126
108000120,72,462,-390
108000121,123,577,-454
108000122,276,312,-36
108000123,342,292,50
108000124,158,671,-513
108000125,140,345,-205
108000126,77,626,-549
108000127,252,392,-140
108000128,333,906,-573
108000129,186,1510,-1324
108000130,179,318,-139
108000131,555,219,336
108000132,1773,1648,125
108000133,434,357,77
108000134,572,748,-176
108000135,635,254,381
108000136,807,1132,-325
108000137,169,351,-182
108000138,137,586,-449
108000139,166,374,-208
108000140,30,11,19
108000141,12,176,-164
108000142,50,124,-74
108000143,17,44,-27
108000144,12,5,7
108000145,28,26,2
108000146,26,8,18
108000147,41,47,-6
108000148,28,8,20
108000149,22,28,-6
108000150,5,2,3
108000151,8,11,-3
108000152,82,687,-605
108000153,200,86,114
108000154,46,12,34
108000155,16,7,9
108000156,399,79,320
108000157,95,468,-373
108000158,64,506,-442
108000159,663,107,556
108000160,5432,748,4684
108000161,5341,1277,4064
108000165,6,82,-76
108000172,7,162,-155
108000173,3225,1092,2133
108000175,76,65,11
108000178,370,395,-25
108000179,121,405,-284
108000181,41,24,17
108000182,112,9,103
108000183,21,12,9
108000184,1128,1403,-275
108000185,103,769,-666
108000186,67,47,20
108000187,77,777,-700
108000188,224,385,-161
108000189,634,725,-91
108000190,25,99,-74
108000192,105,788,-683
108000193,626,39,587
108000194,18,5,13
108000195,1,1263,-1262
108000196,79,130,-51
108000197,101,587,-486
108000198,314,402,-88
108000199,0,93,-93
108000200,175,914,-739
108000202,4,146,-142
108000203,60,1009,-949
108000204,42,28,14
108000205,349,577,-228
108000339,1526,261,1265
108000364,127,190,-63
108000365,37,415,-378
108000367,194,485,-291
108000368,9,58,-49
108000369,1258,129,1129
108000371,0,647,-647
108000372,394,0,394
108000373,79,139,-60
108000376,49,16,33
108000377,211,346,-135
108000378,8433,7559,874
108000379,29,152,-123
108000381,35,10,25
108000382,23,0,23
108000383,0,29,-29
108900001,163,1206,-1043
108900002,175,50,125
108900003,397,1105,-708
108900004,82,156,-74
108900005,34,133,-99
108900006,337,164,173
108900007,102,155,-53
108900008,44,146,-102
108900009,40,99,-59
108900010,104,184,-80
108900011,212,332,-120
108900012,215,564,-349
108900013,107,296,-189
108900014,6,80,-74
108900015,0,16,-16
108900016,0,224,-224
108900017,93,191,-98
108900018,85,653,-568
108900019,34,1491,-1457
108900020,33,303,-270
108900021,83,364,-281
108900022,39,2,37
108900023,1,25,-24
108900024,19,189,-170
108900025,32,143,-111
108900026,22,90,-68
108900027,1,140,-139
108900028,26,563,-537
108900029,47,252,-205
108900030,0,80,-80
108900031,66,628,-562
108900032,7,298,-291
108900033,0,169,-169
108900034,2,325,-323
108900035,223,2128,-1905
108900036,223,361,-138
108900037,21,514,-493
108900038,1,517,-516
108900039,1,611,-610
108900040,5,137,-132
108900041,6037,2360,3677
108900042,5,305,-300
108900043,31,577,-546
108900044,1,900,-899
108900045,26,753,-727
108900046,55,1451,-1396
108900047,0,75,-75
108900048,82,1195,-1113
108900049,6037,805,5232
108900050,3,359,-356
108900051,2,267,-265
108900052,26,333,-307
108900053,82,148,-66
108900054,53,247,-194
108900055,83,491,-408
108900056,0,198,-198
108900057,0,259,-259
108900058,12,557,-545
108900059,217,33,184
108900060,61,150,-89
108900061,37,32,5
108900062,4,402,-398
108900063,7,559,-552
108900064,89,64,25
108900065,11,419,-408
108900066,182,132,50
108900067,49,252,-203
108900068,0,193,-193
108900069,33,136,-103
108900070,27,209,-182
108900071,38,101,-63
108900072,2708,353,2355
108900073,4,86,-82
108900074,90,616,-526
108900075,80,63,17
108900076,151,102,49
108900077,126,161,-35
108900078,17,296,-279
108900079,1053,285,768
108900080,29,495,-466
108900081,65,279,-214
108900082,27,101,-74
108900083,10,185,-175
108900084,348,145,203
108900085,2273,148,2125
108900086,49,401,-352
108900087,160,311,-151
108900088,730,310,420
108900089,13,91,-78
108900090,37,516,-479
108900091,147,175,-28
108900092,317,254,63
108900093,106,86,20
108900094,219,96,123
108900095,79,719,-640
108900096,461,42,419
108900097,330,214,116
108900098,3519,510,3009
108900099,265,368,-103
108900100,66,170,-104
108900101,171,54,117
108900102,150,527,-377
108900103,40,30,10
108900104,298,431,-133
108900105,1,541,-540
108900106,202,583,-381
108900108,188,21,167
108900109,9,23,-14
108900110,110,656,-546
108900111,220,764,-544
108900112,101,30,71
108900113,19,17,2
108900114,0,2,-2
108900115,71,63,8
108900116,27,15,12
108900117,73,16,57
108900118,340,1,339
108900119,161,27,134
108900120,87,87,0
108900121,249,44,205
108900122,71,34,37
108900123,77,58,19
108900124,256,85,171
108900125,184,5,179
108900126,55,6,49
108900127,103,29,74
108900128,76,17,59
108900129,454,91,363
108900130,141,0,141
108900131,159,2,157
108900132,225,46,179
108900133,109,44,65
108900134,141,287,-146
108900135,62,5,57
108900136,6,0,6
108900137,98,0,98
108900138,211,29,182
108900139,307,57,250
108900140,123,257,-134
108900141,165,8,157
108900142,54,1,53
108900143,18,0,18
108900144,36,0,36
108900145,35,1,34
108900146,36,0,36
108900147,81,0,81
108900148,71,40,31
108900149,456,330,126
108900150,162,4,158
108900151,23,2,21
108900152,20,50,-30
108900153,75,578,-503
108900154,2993,424,2569
108900155,148,78,70
108900156,54,6,48
108900157,6,782,-776
108900158,144,32,112
108900159,5,382,-377
108900160,6,276,-270
108900161,2,626,-624
108900162,36,1,35
108900163,0,166,-166
108900164,28,81,-53
108900165,221,83,138
108900167,1997,2632,-635
108900168,10722,2129,8593
108900169,32,174,-142
108900171,10554,1763,8791
108900172,131,31,100
108900173,211,376,-165
108900174,345,443,-98
108900176,185,631,-446
108900177,8753,2438,6315
108900178,6040,2099,3941
108900179,379,811,-432
108900180,116,133,-17
108900182,22,174,-152
108900183,158,210,-52
108900184,309,186,123
108900185,57,320,-263
108900186,99,357,-258
108900187,189,51,138
108900188,329,68,261
108900189,155,166,-11
108900190,53,3966,-3913
108900191,116,17,99
108900192,73,358,-285
108900193,193,31,162
108900194,8,306,-298
108900195,61,429,-368
108900196,7,743,-736
108900198,3,656,-653
108900199,142,348,-206
108900200,238,299,-61
108900201,304,1292,-988
108900203,297,17,280
108900204,310,9,301
108900205,114,21,93
108900206,209,9,200
108900207,156,45,111
108900208,25,363,-338
108900209,188,796,-608
108900210,95,208,-113
108900211,94,276,-182
108900212,760,621,139
108900215,89,679,-590
108900216,281,74,207
108900217,42,0,42
108900218,98,3,95
108900219,63,1,62
108900220,29,3,26
108900221,35,69,-34
108900222,136,9,127
108900223,14,44,-30
108900224,36,81,-45
108900225,0,191,-191
108900226,130,4,126
108900227,109,123,-14
108900230,421,330,91
108900231,45,265,-220
108900232,5,456,-451
108900233,310,44,266
108900234,232,64,168
108900235,171,754,-583
108900236,37,451,-414
108900237,40,324,-284
108900240,92,109,-17
108900241,20,30,-10
108900245,2,757,-755
108900249,64,11,53
108900250,141,125,16
108900257,85,769,-684
108900258,22,286,-264
108900259,13,92,-79
108900260,7,125,-118
108900261,118,144,-26
108900262,300,98,202
108900263,40,278,-238
108900264,401,236,165
108900265,1444,239,1205
108900266,1247,246,1001
108900267,2,49,-47
108900268,3,4,-1
108900269,32,14,18
108900270,26,4,22
108900271,12,5,7
108900272,126,4,122
108900273,1019,405,614
108900274,22,65,-43
109000001,2358,780,1578
109000002,2651,1154,1497
109000003,1834,461,1373
109000004,429,2566,-2137
109000005,1392,675,717
109000006,590,2126,-1536
109000007,1046,649,397
109000008,364,2001,-1637
109000009,2488,1018,1470
109000010,1086,4084,-2998
109000011,1808,1179,629
109000012,1325,3985,-2660
109000013,2487,1720,767
109000014,1476,4347,-2871
109000015,2837,3475,-638
109000016,10041,4591,5450
109000017,1360,938,422
109000018,605,3733,-3128
109000019,1548,913,635
109000020,785,2229,-1444
109000023,209,27,182
109000024,4,158,-154
109000025,334,259,75
109000026,726,321,405
109000027,57,242,-185
109000028,107,108,-1
109000029,119,135,-16
109000030,74,643,-569
109000031,97,51,46
109000032,52,669,-617
109000033,155,55,100
109000034,40,18,22
109000035,20,26,-6
109000036,64,338,-274
109000037,159,696,-537
109000038,588,361,227
109000039,580,544,36
109000040,6012,3798,2214
109000041,5598,1041,4557
109000042,894,999,-105
109000044,243,70,173
109000045,82,487,-405
109000046,207,69,138
109000047,71,443,-372
109000048,635,112,523
109000049,144,598,-454
109000050,296,194,102
109000051,316,333,-17
109000052,370,1962,-1592
109000053,109,65,44
109000054,280,867,-587
109000055,106,195,-89
109000056,229,770,-541
109000057,337,250,87
109000058,855,295,560
109000059,488,840,-352
109000060,454,124,330
109000061,1510,592,918
109000062,121,174,-53
109000063,151,210,-59
109000064,157,134,23
109000065,58,371,-313
109000066,187,146,41
109000067,30,456,-426
109000068,384,15,369
109000069,585,22,563
109000070,5,858,-853
109000071,302,68,234
109000072,47,311,-264
109000073,25,78,-53
109000074,7,224,-217
109000075,51,441,-390
109000076,31,133,-102
109000077,253,232,21
109000078,37,108,-71
109000079,59,229,-170
109000080,52,135,-83
109000081,73,556,-483
109000082,218,373,-155
109000083,167,781,-614
109000088,140,568,-428
109000089,172,37,135
109000090,132,591,-459
109000091,148,126,22
109000092,422,758,-336
109000093,109,157,-48
109000094,209,0,209
109000095,77,798,-721
109000096,430,137,293
109000097,56,123,-67
109000098,29,62,-33
109000099,458,362,96
109000100,111,540,-429
109000101,777,929,-152
109000102,178,904,-726
109000103,252,625,-373
109000104,809,727,82
109000105,349,1766,-1417
109000106,1222,541,681
109000107,446,2465,-2019
109000108,931,493,438
109000109,348,2204,-1856
109000110,972,377,595
109000111,875,2590,-1715
109000112,221,141,80
109000113,123,139,-16
109000114,112,297,-185
109000115,847,35,812
109000116,1,208,-207
109000117,86,110,-24
109000118,8,312,-304
109000119,578,356,222
109000120,115,1389,-1274
109000121,170,49,121
109000122,93,1335,-1242
109000123,14,70,-56
109000124,378,353,25
109000125,372,279,93
109000126,229,1086,-857
109000127,411,130,281
109000128,349,2763,-2414
109000129,1221,442,779
109000130,502,3184,-2682
109000131,528,256,272
109000132,549,2012,-1463
109000133,241,1108,-867
109000134,556,1497,-941
109000135,806,1259,-453
109000136,213,484,-271
109000137,148,299,-151
109000138,256,573,-317
109000139,259,403,-144
109000140,80,566,-486
109000141,168,465,-297
109000142,50,667,-617
109000143,81,30,51
109000145,41,147,-106
109000146,20,85,-65
109000148,4501,971,3530
109000149,31,21,10
109000150,47,183,-136
109000155,346,512,-166
109000156,1074,1074,0
109000158,87,248,-161
109000159,97,702,-605
109000160,457,283,174
109000161,174,1517,-1343
109000162,1222,1001,221
109000163,632,1849,-1217
109000164,787,2874,-2087
109000165,867,677,190
109000166,359,129,230
109000167,92,1153,-1061
109000170,59,60,-1
109000171,23,36,-13
109000172,35,30,5
109000173,17,53,-36
109000174,52,61,-9
109000175,25,101,-76
109000176,112,288,-176
109000177,21,106,-85
109000178,193,107,86
109000179,7921,2525,5396
109000180,5145,2600,2545
109000181,1,48,-47
109000182,13,63,-50
109000183,17,53,-36
109000184,17,17,0
109000185,18,77,-59
109000188,292,3052,-2760
109000189,1422,924,498
109000190,349,500,-151
109000191,152,576,-424
109000192,167,231,-64
109000193,108,457,-349
109000194,87,123,-36
109000195,59,528,-469
109000196,146,92,54
109000197,136,621,-485
109000198,172,64,108
109000199,69,503,-434
109000206,178,36,142
109000207,82,54,28
109000208,74,60,14
109000209,159,55,104
109000210,90,554,-464
109000211,82,169,-87
109000214,194,645,-451
109000215,71,74,-3
109000216,118,99,19
109000217,95,59,36
109000218,178,106,72
109000221,305,1254,-949
109000222,494,96,398
109000223,176,221,-45
109000224,41,349,-308
109000225,58,46,12
109000226,31,344,-313
109000227,710,1846,-1136
109000228,3,296,-293
109000231,1,576,-575
109000232,188,529,-341
109000236,204,1009,-805
109000241,1304,2032,-728
109000242,979,1432,-453
109000293,6,42,-36
109000361,48,280,-232
109000364,167,701,-534
109000396,4,1016,-1012
109000397,228,10,218
109000399,90,599,-509
109000400,29,273,-244
109000403,94,212,-118
109000406,94,3,91
109000407,182,271,-89
109000408,1,354,-353
109000410,468,126,342
109000411,25,6,19
109900001,55,0,55
109900002,399,15,384
109900003,91,0,91
109900004,627,309,318
109900005,8,0,8
109900006,263,256,7
109900007,359,1045,-686
109900008,0,25,-25
109900009,68,859,-791
109900010,261,16,245
109900011,39,42,-3
109900012,130,141,-11
109900013,263,133,130
109900014,176,37,139
109900015,420,134,286
109900016,62,44,18
109900017,58,121,-63
109900018,129,173,-44
109900019,70,95,-25
109900020,6,13,-7
109900021,9,6,3
109900022,19,389,-370
109900023,6,8,-2
109900024,7,1,6
109900025,7,84,-77
109900026,4,204,-200
109900027,25,5,20
109900028,2736,448,2288
109900029,13,779,-766
109900030,17,3,14
109900031,1,123,-122
109900032,6,233,-227
109900033,2,595,-593
109900034,10,0,10
109900035,3,24,-21
109900036,6,106,-100
109900037,17,685,-668
109900038,44,294,-250
109900039,3,0,3
109900040,18,776,-758
109900041,64,603,-539
109900042,12,513,-501
109900044,44,315,-271
109900045,27,19,8
109900046,6,67,-61
109900047,323,352,-29
109900048,15,73,-58
109900049,3,17,-14
109900050,0,307,-307
109900051,0,29,-29
109900052,53,342,-289
109900053,4,589,-585
109900054,361,158,203
109900055,37,282,-245
109900056,7,107,-100
109900057,3,239,-236
109900058,1,132,-131
109900059,307,86,221
109900060,279,152,127
109900061,87,284,-197
109900062,0,324,-324
109900063,5,398,-393
109900064,237,303,-66
109900065,104,119,-15
109900066,243,1108,-865
109900067,1,548,-547
109900068,23,4,19
109900069,3,46,-43
109900070,42,293,-251
109900071,0,40,-40
109900072,14,125,-111
109900073,173,995,-822
109900074,2,40,-38
109900075,8,16,-8
109900076,17,321,-304
109900077,15,53,-38
109900078,87,408,-321
109900080,97,407,-310
109900081,21,132,-111
109900082,33,669,-636
109900083,9,42,-33
109900084,32,164,-132
109900085,152,1314,-1162
109900086,83,209,-126
109900087,226,433,-207
109900089,351,105,246
109900090,453,1502,-1049
109900091,134,100,34
109900092,249,16,233
109900093,390,110,280
109900094,31,87,-56
109900095,124,254,-130
109900096,21,2,19
109900097,68,2,66
109900098,182,26,156
109900099,81,0,81
109900100,17,1,16
109900101,214,8,206
109900102,339,20,319
109900103,15,40,-25
109900104,252,1400,-1148
109900105,326,23,303
109900106,179,95,84
109900107,191,91,100
109900108,48,459,-411
109900109,13,185,-172
109900110,40,599,-559
109900111,324,1543,-1219
109900112,488,1109,-621
109900113,434,267,167
109900114,823,491,332
109900115,94,61,33
109900117,535,89,446
109900118,249,500,-251
109900119,541,257,284
109900120,35,11,24
109900121,252,221,31
109900122,206,2,204
109900123,14,184,-170
109900124,32,877,-845
109900125,2,227,-225
109900126,137,205,-68
109900128,150,48,102
109900130,13561,1584,11977
109900131,54,114,-60
109900132,26,163,-137
109900133,27,418,-391
109900134,34,60,-26
109900135,316,60,256
109900136,23,108,-85
109900137,77,402,-325
109900138,221,437,-216
109900140,79,371,-292
109900141,186,218,-32
109900142,583,236,347
109900145,7,152,-145
109900146,307,40,267
109900148,24,72,-48
109900149,27,42,-15
109900150,3,60,-57
109900151,3,53,-50
109900152,0,14,-14
109900153,0,37,-37
109900154,3,0,3
109900155,32,10,22
109900157,55,323,-268
109900158,57,125,-68
109900159,79,30,49
109900160,81,41,40
109900161,139,61,78
109900162,84,86,-2
109900163,829,349,480
109900164,53,190,-137
109900165,164,9,155
109900166,1,195,-194
109900167,87,708,-621
109900168,87,570,-483
109900169,108,158,-50
109900170,229,445,-216
109900171,80,69,11
109900172,83,99,-16
109900173,4746,1265,3481
109900174,24,193,-169
109900175,29,64,-35
109900176,39,186,-147
109900177,21,340,-319
109900178,1,108,-107
109900179,3,27,-24
109900180,0,10,-10
110000001,637,587,50
110000002,510,436,74
110000003,814,638,176
110000004,444,435,9
110000005,540,1021,-481
110000006,562,240,322
110000007,94,157,-63
110000008,5,46,-41
110000009,13,38,-25
110000010,19,61,-42
110000011,33,101,-68
110000012,596,467,129
110000013,36,306,-270
110000014,532,321,211
110000015,254,381,-127
110000016,225,693,-468
110000017,3686,213,3473
110000018,3841,524,3317
110000019,11,149,-138
110000020,476,207,269
110000021,389,402,-13
110000022,562,160,402
110000023,3,168,-165
110000024,492,376,116
110000025,118,8,110
110000026,5,663,-658
110000027,514,287,227
110000028,537,601,-64
110000029,397,1021,-624
110000030,160,254,-94
110000031,156,730,-574
110000032,514,338,176
110000033,122,79,43
110000034,137,789,-652
110000035,290,1069,-779
110000036,424,710,-286
110000037,96,773,-677
110000038,167,515,-348
110000039,475,1294,-819
110000040,228,579,-351
110000041,215,657,-442
110000042,50,327,-277
110000043,261,83,178
110000044,59,71,-12
110000045,390,48,342
110000046,1,6,-5
110000047,2,5,-3
110000048,4,14,-10
110000049,3,0,3
110000050,8,16,-8
110000051,20,1,19
110000052,19,26,-7
110000053,87,1,86
110000054,79,204,-125
110000055,144,11,133
110000056,104,17,87
110000057,222,863,-641
110000058,505,538,-33
110000059,625,461,164
110000060,362,808,-446
110000061,890,843,47
110000062,650,695,-45
110000063,20,83,-63
110000064,41,145,-104
110000065,36,82,-46
110000066,53,50,3
110000067,45,472,-427
110000068,125,641,-516
110000069,104,141,-37
110000071,71,128,-57
110000073,4,32,-28
110000075,9,102,-93
110000076,256,217,39
110000077,474,594,-120
110000078,19,53,-34
110000080,186,616,-430
110000081,10,206,-196
110000082,13,224,-211
110000083,199,525,-326
110000084,552,498,54
110000085,2663,1432,1231
110000086,1150,1099,51
110000087,6,63,-57
110000088,25,210,-185
110000089,156,164,-8
110000090,19,316,-297
110000091,1929,285,1644
110000092,27,97,-70
110000093,33,7,26
110000094,346,202,144
110000095,97,493,-396
110000096,3981,1631,2350
110000097,787,941,-154
110000098,1314,444,870
110000099,754,1529,-775
110000100,352,857,-505
110000101,11,577,-566
110000102,43,35,8
110000104,95,81,14
110000105,32,253,-221
110000106,475,181,294
110000107,357,403,-46
110000108,147,45,102
110000109,262,290,-28
110000110,5381,3429,1952
110000111,9249,1961,7288
110000112,1414,399,1015
110000113,662,978,-316
110000114,73,308,-235
110000115,144,241,-97
110000116,29,32,-3
110000117,86,631,-545
110000118,208,291,-83
110000119,131,447,-316
110000120,194,194,0
110000121,62,308,-246
110000122,244,578,-334
110000123,310,385,-75
110000124,3,789,-786
110000125,688,6,682
110000126,239,30,209
110000127,521,40,481
110000128,27,1783,-1756
110000129,14,557,-543
110000130,116,121,-5
110000131,112,309,-197
110000132,1,778,-777
110000133,32,239,-207
110000134,16,317,-301
110000135,137,30,107
110000136,23,372,-349
110000137,246,805,-559
110000138,512,906,-394
110000139,513,1724,-1211
110000140,600,337,263
110000143,635,360,275
110000144,4460,1053,3407
110000145,1012,752,260
110000146,1786,798,988
110000147,213,679,-466
110000148,204,428,-224
110000151,600,425,175
110000152,462,224,238
110000153,55,40,15
110000154,42,16,26
110000155,2658,2259,399
110000156,612,1102,-490
110000157,1224,1443,-219
110000160,202,432,-230
110000161,88,466,-378
110000166,261,148,113
110000167,488,428,60
110000168,648,256,392
110000169,511,263,248
110000170,66,100,-34
110000171,413,142,271
110000172,99,810,-711
110000173,1037,1358,-321
110000174,111,1431,-1320
110000175,323,90,233
110000176,28,241,-213
110000177,135,742,-607
110000178,488,704,-216
110000179,1618,421,1197
110000180,73,317,-244
110000181,166,427,-261
110000182,441,277,164
110000183,12908,4032,8876
110000184,611,1388,-777
110000185,658,624,34
110000186,619,545,74
110000191,289,400,-111
110000192,248,4,244
110000193,328,4,324
110000194,7,1399,-1392
110000195,204,450,-246
110000196,177,524,-347
110000197,35,286,-251
110000198,66,79,-13
110000199,23,108,-85
110000200,1275,598,677
110000201,433,556,-123
110000202,966,390,576
110000203,649,876,-227
110000204,5,451,-446
110000205,60,107,-47
110000206,594,2075,-1481
110000207,420,319,101
110000208,138,71,67
110000209,98,946,-848
110000210,340,543,-203
110000211,318,673,-355
110000212,246,715,-469
110000213,67,38,29
110000214,81,75,6
110000215,65,726,-661
110000216,51,759,-708
110000217,180,234,-54
110000218,75,573,-498
110000219,186,82,104
110000220,22,543,-521
110000221,143,73,70
110000222,13,406,-393
110000223,0,78,-78
110000224,44,8,36
110000225,196,488,-292
110000226,122,31,91
110000227,513,349,164
110000228,295,260,35
110000229,2,280,-278
110000230,355,389,-34
110000231,119,154,-35
110000232,108,202,-94
110000233,93,258,-165
110000234,426,356,70
110000235,815,829,-14
110000236,287,917,-630
110000237,1000,966,34
110000238,706,1148,-442
110000239,897,1312,-415
110000240,0,96,-96
110000242,0,5,-5
110000243,56,224,-168
110000244,87,349,-262
110000245,39,465,-426
110000246,392,684,-292
110000247,1507,3910,-2403
110000248,2545,1451,1094
110000249,63,4,59
110000250,18,192,-174
110000251,122,456,-334
110000252,126,273,-147
110000253,756,451,305
110000254,505,1364,-859
110000255,181,1311,-1130
110000256,276,211,65
110000257,530,441,89
110000258,5,592,-587
110000259,85,20,65
110000260,4,410,-406
110000263,596,103,493
110000264,143,640,-497
110000265,700,1224,-524
110000266,1875,2108,-233
110000267,8,237,-229
110000268,252,722,-470
110000269,0,96,-96
110000270,30,3,27
110000271,2241,292,1949
110000272,686,813,-127
110000273,2929,1313,1616
110000274,158,814,-656
110000275,3300,470,2830
110000276,123,229,-106
110000277,134,437,-303
110000278,143,922,-779
110000279,485,679,-194
110000280,162,439,-277
110000281,17,171,-154
110000282,185,40,145
110000283,44,85,-41
110000284,42,27,15
110000285,1,256,-255
110000286,27,0,27
110000287,24,3,21
110000288,3,75,-72
110000289,344,1192,-848
110000290,1389,560,829
110000291,6623,1495,5128
110000292,1126,3095,-1969
110000293,314,1206,-892
110000294,518,766,-248
110000295,111,990,-879
110000296,233,361,-128
110000297,2368,223,2145
110000298,222,394,-172
110000299,512,36,476
110000301,125,9,116
110000302,101,1314,-1213
110000303,196,5,191
110000304,56,276,-220
110000305,499,18,481
110000306,108,2085,-1977
110000307,759,9,750
110000308,319,9,310
110000309,7,1553,-1546
110000310,397,53,344
110000311,24,965,-941
110000312,283,45,238
110000313,3032,1839,1193
110000314,3,194,-191
110000315,3047,1708,1339
110000316,453,978,-525
110000317,360,209,151
110000318,1,53,-52
110000319,2,22,-20
110000320,38,44,-6
110000321,4,33,-29
110000322,103,523,-420
110000323,176,210,-34
110000324,4685,1086,3599
110000325,2064,1788,276
110000327,433,225,208
110000328,177,486,-309
110000333,413,439,-26
110000334,647,1456,-809
110000335,800,537,263
110000336,338,1259,-921
110000337,794,559,235
110000338,208,322,-114
110000339,105,255,-150
110000340,12,202,-190
110000341,188,616,-428
110000342,492,5,487
110000343,0,11,-11
110000344,23,205,-182
110000345,51,56,-5
110000346,2090,1192,898
110000347,735,690,45
110000348,3,17,-14
110000349,4,32,-28
110000350,28,10,18
110000351,425,858,-433
110000352,303,1307,-1004
110000353,2771,724,2047
110000354,717,1554,-837
110000355,62,54,8
110000356,506,4,502
110000357,209,24,185
110000361,8,74,-66
110000362,36,232,-196
110000363,165,92,73
110000364,126,292,-166
110000365,103,1,102
110000366,0,75,-75
110000367,252,338,-86
110000368,1,58,-57
110000369,28,1,27
110000373,4,340,-336
110000374,36,5,31
110000375,173,675,-502
110000376,43,95,-52
110000377,47,276,-229
110000378,35,279,-244
110000379,3790,1028,2762
110000380,18,14,4
110000383,0,684,-684
110000384,1374,544,830
110000385,1,266,-265
110000387,50,3,47
110000388,36,180,-144
110000389,395,10,385
110000391,171,410,-239
110000396,51,150,-99
110000397,67,256,-189
110000398,2,36,-34
110000399,78,1,77
110000587,36,34,2
110000589,108,165,-57
110000640,118,144,-26
110000652,13,98,-85
110000653,107,474,-367
110000654,8,16,-8
110000656,1,755,-754
110000674,19,20,-1
110000675,11,12,-1
110000676,16,64,-48
110000679,553,528,25
110000682,66,115,-49
110000683,276,483,-207
110000684,2,65,-63
110000685,9,17,-8
110000686,0,30,-30
110000687,17,2,15
110000688,24,464,-440
110000689,20,96,-76
110000692,83,247,-164
110000693,76,231,-155
110000694,0,102,-102
110000695,96,617,-521
110000696,129,172,-43
110900001,135,28,107
110900002,129,236,-107
110900003,248,1107,-859
110900004,250,225,25
110900005,4738,1114,3624
110900006,23,6,17
110900007,52,12,40
110900008,10,24,-14
110900009,262,30,232
110900010,3,100,-97
110900011,14,83,-69
110900012,1,136,-135
110900013,532,143,389
110900014,83,13,70
110900015,917,422,495
110900016,14,225,-211
110900017,223,47,176
110900018,385,38,347
110900019,55,26,29
110900020,35,597,-562
110900021,57,806,-749
110900022,36,421,-385
110900023,66,675,-609
110900024,19,581,-562
110900025,1,48,-47
110900027,20,338,-318
110900028,28,233,-205
110900029,40,594,-554
110900030,15,434,-419
110900031,1,163,-162
110900032,1,148,-147
110900033,9,289,-280
110900035,26,428,-402
110900036,54,23,31
110900037,31,30,1
110900038,1658,240,1418
110900039,5,242,-237
110900040,130,29,101
110900041,3,192,-189
110900042,35,47,-12
110900043,3,185,-182
110900044,255,20,235
110900045,31,790,-759
110900046,137,343,-206
110900047,815,118,697
110900049,32,35,-3
110900050,1,1,0
110900051,39,229,-190
110900052,4,246,-242
110900053,74,62,12
110900054,34,372,-338
110900055,21,0,21
110900056,53,121,-68
110900057,3,225,-222
110900058,69,231,-162
110900059,528,974,-446
110900060,314,106,208
110900061,15,32,-17
110900062,52,363,-311
110900063,32,79,-47
110900064,6,0,6
110900065,337,93,244
110900066,4,78,-74
110900067,550,422,128
110900068,206,306,-100
110900069,4,45,-41
110900070,82,61,21
110900071,266,362,-96
110900073,0,12,-12
110900074,214,105,109
110900075,197,64,133
110900077,339,457,-118
110900078,15,142,-127
110900079,2014,523,1491
110900080,43,71,-28
110900081,2,117,-115
110900082,53,267,-214
110900083,66,31,35
110900084,27,224,-197
110900085,42,393,-351
110900086,32,218,-186
110900087,112,47,65
110900088,5,0,5
110900090,27,24,3
110900091,1,63,-62
110900093,210,51,159
110900095,37,61,-24
110900097,25,23,2
110900098,12,105,-93
110900099,48,736,-688
110900100,0,24,-24
110900102,18,17,1
110900105,724,504,220
110900108,4,146,-142
110900111,290,69,221
110900112,425,4,421
110900113,547,25,522
110900115,7,120,-113
110900116,392,2758,-2366
110900118,104,1340,-1236
110900119,6601,296,6305
110900120,8,128,-120
110900121,60,1,59
110900122,206,129,77
110900125,170,206,-36
110900127,250,668,-418
110900128,121,139,-18
110900129,425,344,81
110900130,1234,175,1059
110900131,85,46,39
110900132,155,62,93
110900133,40,327,-287
110900135,88,589,-501
110900136,190,7,183
110900137,47,0,47
110900138,401,191,210
110900139,9,17,-8
110900140,22,1,21
110900141,1,40,-39
110900142,53,278,-225
110900143,62,53,9
110900144,4,768,-764
110900145,62,20,42
110900146,207,61,146
110900147,191,234,-43
110900148,0,357,-357
110900149,0,84,-84
110900150,42,17,25
110900151,0,101,-101
110900152,18,398,-380
110900153,57,41,16
111000001,193,129,64
111000002,248,439,-191
111000003,491,469,22
111000004,349,966,-617
111000005,912,734,178
111000006,846,1467,-621
111000007,4264,1787,2477
111000008,3244,3194,50
111000009,221,919,-698
111000010,541,224,317
111000011,251,643,-392
111000012,284,292,-8
111000013,274,781,-507
111000014,409,519,-110
111000017,104,548,-444
111000018,187,343,-156
111000020,2224,2268,-44
111000021,72,131,-59
111000023,70,141,-71
111000025,7323,2039,5284
111000029,31,134,-103
111000030,33,118,-85
111000031,1893,706,1187
111000032,437,164,273
111000033,289,147,142
111000034,344,140,204
111000037,3202,1209,1993
111000038,2965,2402,563
111000039,1246,2505,-1259
111000040,1352,2604,-1252
111000041,1720,1717,3
111000042,7178,2858,4320
111000043,1602,1423,179
111000044,1105,661,444
111000045,1225,1492,-267
111000046,896,1004,-108
111000047,1472,1797,-325
111000049,318,508,-190
111000050,1719,1725,-6
111000051,485,1194,-709
111000052,583,1466,-883
111000053,281,1209,-928
111000054,242,1157,-915
111000055,1105,2201,-1096
111000056,60,834,-774
111000057,65,947,-882
111000058,121,117,4
111000059,146,300,-154
111000060,1907,525,1382
111000061,366,356,10
111000062,499,193,306
111000063,1296,665,631
111000064,386,450,-64
111000065,798,614,184
111000066,232,205,27
111000067,423,630,-207
111000068,305,609,-304
111000069,1469,1630,-161
111000070,1644,931,713
111000071,138,685,-547
111000072,374,178,196
111000073,130,324,-194
111000074,1188,1238,-50
111000075,504,758,-254
111000076,299,764,-465
111000077,1032,1135,-103
111000078,1716,1088,628
111000079,1216,689,527
111000080,339,676,-337
111000081,1959,2605,-646
111000082,484,659,-175
111000084,492,531,-39
111000085,651,1488,-837
111000086,2788,1256,1532
111000087,543,814,-271
111000088,5964,1612,4352
111000089,501,790,-289
111000090,1061,1546,-485
111000091,585,754,-169
111000092,756,1073,-317
111000093,428,737,-309
111000094,1349,730,619
111000095,840,1671,-831
111000096,2894,6144,-3250
111000097,6475,926,5549
111000098,458,1365,-907
111000099,366,2663,-2297
111000100,317,2627,-2310
111000101,286,973,-687
111000102,75,939,-864
111000104,253,180,73
111000107,35,941,-906
111000109,279,221,58
111000110,557,452,105
111000111,964,385,579
111000112,922,308,614
111000113,496,479,17
111000114,847,1190,-343
111000115,7812,808,7004
111000116,734,794,-60
111000117,281,775,-494
111000118,1249,917,332
111000119,550,1579,-1029
111000120,292,508,-216
111000121,157,475,-318
111000122,442,995,-553
111000123,687,3801,-3114
111000124,412,3983,-3571
111000125,164,2231,-2067
111000126,49,993,-944
111000127,358,146,212
111000128,715,263,452
111000129,1457,333,1124
111000130,1065,614,451
111000131,808,451,357
111000132,642,302,340
111000133,96,131,-35
111000134,68,135,-67
111000135,33,125,-92
111000136,179,231,-52
111000138,4,11,-7
111000140,0,0,0
111000141,155,328,-173
111000142,32,113,-81
111000143,2,63,-61
111000144,28,91,-63
111000145,203,3,200
111000146,24,1,23
111000147,177,10,167
111000148,152,100,52
111000149,3,42,-39
111000150,5,3,2
111000151,2,20,-18
111000153,531,634,-103
111000154,776,193,583
111000155,73,154,-81
111000156,280,316,-36
111000157,111,520,-409
111000158,876,479,397
111000159,2499,566,1933
111000160,193,333,-140
111000161,6,230,-224
111000162,6,150,-144
111000163,346,706,-360
111000164,687,1921,-1234
111000165,1196,390,806
111000166,1662,401,1261
111000167,148,495,-347
111000168,177,518,-341
111000169,219,567,-348
111000170,456,405,51
111000171,331,970,-639
111000172,80,531,-451
111000173,136,1121,-985
111000174,87,711,-624
111000175,25,249,-224
111000176,101,163,-62
111000177,124,192,-68
111000178,450,270,180
111000179,60,176,-116
111000180,157,237,-80
111000181,508,251,257
111000182,118,180,-62
111000183,201,224,-23
111000184,273,195,78
111000185,300,421,-121
111000186,129,281,-152
111000187,83,273,-190
111000188,140,484,-344
111000189,1673,505,1168
111000190,176,563,-387
111000191,137,496,-359
111000192,143,664,-521
111000193,274,409,-135
111000194,19,417,-398
111000195,36,486,-450
111000196,35,270,-235
111000197,142,187,-45
111000198,214,93,121
111000199,66,149,-83
111000200,100,280,-180
111000201,255,192,63
111000202,150,218,-68
111000203,157,140,17
111000204,184,305,-121
111000213,95,279,-184
111000214,1168,1492,-324
111000215,623,1218,-595
111000217,747,877,-130
111000218,665,804,-139
111000219,275,185,90
111000220,3200,559,2641
111000221,511,229,282
111000224,0,174,-174
111000225,164,33,131
111000226,81,1,80
111000227,29,1,28
111000228,11,167,-156
111000229,38,319,-281
111000230,236,624,-388
111000231,523,1464,-941
111000232,216,862,-646
111000233,278,732,-454
111000234,76,297,-221
111000239,151,248,-97
111000240,26,107,-81
111000241,30,431,-401
111000242,52,58,-6
111000243,81,839,-758
111000244,142,99,43
111000245,375,654,-279
111000246,170,678,-508
111000247,121,1206,-1085
111000248,320,409,-89
111000249,357,845,-488
111000250,36,178,-142
111000251,38,172,-134
111000253,5,11,-6
111000255,12,3,9
111000257,14,14,0
111000260,42,1317,-1275
111000261,450,46,404
111000271,40,278,-238
111000273,6930,1281,5649
111000274,1022,1421,-399
111000275,61,53,8
111000276,238,2792,-2554
111000277,126,542,-416
111000278,436,250,186
111000291,344,2323,-1979
111000298,269,239,30
111000299,363,85,278
111000300,93,689,-596
111000302,167,52,115
111000303,60,347,-287
111000312,42,43,-1
111000315,0,13,-13
111000320,294,654,-360
111000321,176,59,117
111000322,129,469,-340
111000323,72,28,44
111000324,245,297,-52
111000325,18,69,-51
111000326,93,312,-219
111000327,253,527,-274
111000328,120,316,-196
111000329,0,9,-9
111000330,16,9,7
111000331,5,8,-3
111000332,305,1178,-873
111000334,316,1566,-1250
111000335,295,165,130
111000337,406,427,-21
111000338,18,139,-121
111000339,154,778,-624
111000340,50,908,-858
111000341,493,268,225
111000342,41,204,-163
111000344,634,639,-5
111000345,148,20,128
111000346,8,89,-81
111000347,40,2,38
111000350,105,132,-27
111000351,60,227,-167
111000352,75,147,-72
111000353,115,214,-99
111000354,379,127,252
111000355,415,689,-274
111000358,101,1966,-1865
111000360,75,1101,-1026
111000361,129,522,-393
111000546,228,656,-428
111000547,187,858,-671
111000548,44,189,-145
111000549,128,546,-418
111000550,43,318,-275
111000551,548,157,391
111000552,258,36,222
111000907,97,31,66
111000908,5,0,5
111000916,557,257,300
111000917,29,344,-315
111000918,83,1312,-1229
111000920,222,13,209
111000921,16,224,-208
111000922,196,318,-122
111000924,31,1151,-1120
111000925,1187,1549,-362
111000926,689,2264,-1575
111000927,2619,3180,-561
111000928,5405,3864,1541
111000929,563,706,-143
111000930,577,2516,-1939
111000931,1479,1525,-46
111000932,4039,2358,1681
111000933,2624,1545,1079
111000934,2093,2886,-793
111000935,594,802,-208
111000936,572,2065,-1493
111000937,469,910,-441
111000938,1392,1990,-598
111000939,177,48,129
111000940,177,158,19
111000941,112,695,-583
111000943,117,232,-115
111000944,80,612,-532
111000945,28,2408,-2380
111001109,287,164,123
111001110,103,532,-429
111001111,32,3,29
111001112,35,1,34
111001113,0,80,-80
111001114,1036,23,1013
111001115,26,235,-209
111001116,5623,1434,4189
111001117,793,845,-52
111001120,52,337,-285
111001121,102,322,-220
111001122,16,324,-308
111900001,2,148,-146
111900002,11,886,-875
111900003,5,547,-542
111900004,18,212,-194
111900006,10,16,-6
111900007,58,2,56
111900008,80,1,79
111900009,62,236,-174
111900010,255,522,-267
111900012,65,127,-62
111900013,0,105,-105
111900014,8676,2208,6468
111900015,1,97,-96
111900016,0,227,-227
111900017,0,198,-198
111900018,62,5,57
111900019,0,87,-87
111900020,3,47,-44
111900021,19,98,-79
111900022,8,60,-52
111900023,155,62,93
111900024,1,108,-107
111900025,0,49,-49
111900026,0,116,-116
111900027,6,196,-190
111900028,3,550,-547
111900029,3,167,-164
111900030,74,444,-370
111900031,0,34,-34
111900032,2,489,-487
111900033,6,102,-96
111900034,166,375,-209
111900035,10,260,-250
111900036,1,382,-381
111900038,320,531,-211
111900039,33,533,-500
111900040,8,861,-853
111900042,41,107,-66
111900043,2,576,-574
111900044,236,263,-27
111900046,30,292,-262
111900048,124,1008,-884
111900049,44,379,-335
111900050,62,9,53
111900051,3,338,-335
111900052,340,597,-257
111900053,1765,551,1214
111900054,61,1,60
111900055,17,845,-828
111900056,195,99,96
111900057,43,23,20
111900058,201,997,-796
111900059,2122,201,1921
111900060,170,0,170
111900061,18,388,-370
111900062,20,12,8
111900063,81,325,-244
111900064,131,390,-259
111900065,42,24,18
111900066,103,104,-1
111900067,2,369,-367
111900068,22,24,-2
111900069,34,25,9
111900070,43,142,-99
111900071,2,337,-335
111900072,17,7,10
111900073,322,88,234
111900074,6,201,-195
111900075,26,5,21
111900076,82,37,45
111900077,29,0,29
111900078,165,4,161
111900079,16,7,9
111900080,186,118,68
111900081,842,81,761
111900082,83,11,72
111900083,56,5,51
111900084,17,4,13
111900085,23,71,-48
111900086,15,5,10
111900087,24,1,23
111900088,186,7,179
111900089,43,3,40
111900090,46,22,24
111900091,126,0,126
111900092,30,0,30
111900093,188,2,186
111900094,33,0,33
111900095,88,18,70
111900096,105,14,91
111900097,27,0,27
111900098,70,0,70
111900099,21,0,21
111900100,28,0,28
111900101,31,9,22
111900102,146,886,-740
111900103,57,28,29
111900104,57,58,-1
111900105,221,192,29
111900106,2125,75,2050
111900107,47,96,-49
111900108,103,67,36
111900109,507,130,377
111900110,3539,265,3274
111900111,28,263,-235
111900112,1030,1130,-100
111900113,237,46,191
111900114,141,96,45
111900115,16,41,-25
111900118,112,43,69
111900119,162,59,103
111900122,42,31,11
111900123,5,10,-5
111900124,29,117,-88
111900125,222,11,211
111900126,125,1,124
111900127,2,764,-762
111900128,2,751,-749
111900129,78,3,75
111900130,134,10,124
111900131,145,1,144
111900132,21,1508,-1487
111900133,4,389,-385
111900134,28,363,-335
111900135,8,17,-9
111900136,51,97,-46
111900137,55,64,-9
111900138,15,81,-66
111900139,23,137,-114
111900140,20,10,10
111900141,22,14,8
111900142,34,15,19
111900143,7,344,-337
111900144,1,167,-166
111900145,6,818,-812
111900146,2,441,-439
111900147,169,631,-462
111900148,32,1171,-1139
111900149,4,550,-546
111900150,20,242,-222
111900151,4,27,-23
111900152,80,87,-7
111900153,1760,240,1520
111900154,8,146,-138
111900155,64,24,40
111900156,49,24,25
111900157,43,15,28
111900158,245,20,225
111900159,129,12,117
111900160,124,0,124
111900161,38,0,38
111900162,78,89,-11
111900163,55,231,-176
111900164,52,41,11
111901113,158,260,-102
111901114,57,440,-383
111901115,26,3,23
111901116,15,0,15
111901117,9,11,-2
111901118,115,57,58
111901119,1488,134,1354
111901120,92,298,-206
111901121,150,348,-198
111901122,1,661,-660
111901123,88,466,-378
111901124,92,1,91
111901125,106,78,28
111901126,53,27,26
111901127,1238,300,938
111901128,1,145,-144
111901129,3,211,-208
111901130,8,308,-300
111901131,3,304,-301
111901132,40,6,34
111901133,16,0,16
111901134,46,3,43
111901135,6,0,6
111901136,18,12,6
111901137,0,18,-18
111901138,54,40,14
111901139,40,59,-19
111901140,5,143,-138
111901141,11,222,-211
111901142,1,131,-130
111901143,2,113,-111
111901144,15,16,-1
112000001,1059,681,378
112000002,563,2543,-1980
112000003,451,749,-298
112000004,507,1672,-1165
112000005,1598,1393,205
112000006,1347,1996,-649
112000007,1195,1078,117
112000008,1555,2657,-1102
112000009,3562,3368,194
112000010,1514,1790,-276
112000011,1531,2184,-653
112000012,4271,1776,2495
112000013,5344,2938,2406
112000014,2543,701,1842
112000015,3182,2235,947
112000016,3351,621,2730
112000017,1441,1235,206
112000024,2019,695,1324
112000026,4280,4947,-667
112000027,599,369,230
112000028,1366,1853,-487
112000029,345,531,-186
112000030,136,121,15
112000031,1177,2363,-1186
112000032,502,58,444
112000033,1688,741,947
112000034,188,53,135
112000035,79,258,-179
112000036,668,507,161
112000037,566,732,-166
112000038,675,799,-124
112000039,17,77,-60
112000040,131,294,-163
112000041,324,543,-219
112000042,1026,278,748
112000050,509,1230,-721
112000051,464,678,-214
112000054,1453,2463,-1010
112000057,507,267,240
112000058,348,471,-123
112000059,683,431,252
112000061,4726,1475,3251
112000062,2796,599,2197
112000063,1814,649,1165
112000064,4498,5381,-883
112000065,2150,2733,-583
112000066,2650,750,1900
112000067,697,639,58
112000068,1575,982,593
112000069,561,2418,-1857
112000070,1274,462,812
112000071,603,3166,-2563
112000072,894,718,176
112000073,1161,1760,-599
112000074,837,737,100
112000075,757,794,-37
112000076,2654,2739,-85
112000077,318,656,-338
112000078,854,641,213
112000079,961,1267,-306
112000080,357,914,-557
112000081,946,1805,-859
112000082,858,573,285
112000083,424,1521,-1097
112000084,958,627,331
112000085,658,1295,-637
112000086,956,1361,-405
112000087,172,522,-350
112000088,249,717,-468
112000089,92,238,-146
112000090,99,390,-291
112000091,485,1294,-809
112000092,1017,803,214
112000093,1284,1112,172
112000094,289,783,-494
112000095,381,778,-397
112000096,249,620,-371
112000097,500,474,26
112000098,831,1793,-962
112000099,489,602,-113
112000100,787,848,-61
112000101,294,1041,-747
112000102,548,486,62
112000103,216,1459,-1243
112000105,350,2021,-1671
112000106,618,297,321
112000107,10,166,-156
112000108,128,1544,-1416
112000109,27,51,-24
112000110,701,325,376
112000111,1119,4360,-3241
112000112,2586,512,2074
112000113,822,2153,-1331
112000114,1309,845,464
112000115,116,506,-390
112000116,370,1039,-669
112000117,552,734,-182
112000118,750,911,-161
112000119,282,1039,-757
112000120,89,417,-328
112000121,80,760,-680
112000122,119,146,-27
112000123,261,125,136
112000124,141,65,76
112000125,47,81,-34
112000126,115,742,-627
112000127,2343,1023,1320
112000128,1025,451,574
112000129,58,113,-55
112000130,55,59,-4
112000131,14,450,-436
112000132,47,370,-323
112000133,191,332,-141
112000134,320,388,-68
112000135,607,620,-13
112000136,631,1138,-507
112000137,593,1098,-505
112000138,866,1109,-243
112000139,570,201,369
112000140,702,1050,-348
112000141,354,145,209
112000142,98,927,-829
112000143,482,189,293
112000144,217,1728,-1511
112000145,1211,627,584
112000146,505,2313,-1808
112000147,996,1491,-495
112000148,1290,2119,-829
112000149,168,654,-486
112000150,72,677,-605
112000151,229,666,-437
112000152,163,374,-211
112000153,155,292,-137
112000154,105,132,-27
112000155,82,69,13
112000157,488,368,120
112000158,138,840,-702
112000159,230,375,-145
112000167,95,14,81
112000169,289,268,21
112000173,328,239,89
112000175,154,368,-214
112000176,5297,1623,3674
112000177,259,90,169
112000178,41,571,-530
112000179,88,159,-71
112000180,219,316,-97
112000181,971,2139,-1168
112000182,440,2394,-1954
112000183,29,57,-28
112000184,181,652,-471
112000185,227,670,-443
112000187,3624,2508,1116
112000195,60,27,33
112000196,210,1,209
112000197,149,142,7
112000198,31,487,-456
112000199,106,843,-737
112000202,146,2,144
112000216,77,141,-64
112000230,25,6,19
112000231,5,417,-412
112000256,17,100,-83
112000313,124,173,-49
112000314,8,3,5
112000337,163,547,-384
112000352,263,186,77
112000392,1838,1212,626
112000398,605,729,-124
112000399,2414,1460,954
112000400,1808,3836,-2028
112000401,2263,2634,-371
112000402,1163,1564,-401
112000403,1702,1319,383
112000404,240,577,-337
112000405,1045,2007,-962
112000406,3132,2967,165
112000407,3218,5390,-2172
112000408,8476,6794,1682
112000409,1505,4785,-3280
112000410,216,105,111
112000411,5457,680,4777
112000412,1251,372,879
112000413,10168,2442,7726
112000414,50,84,-34
112000415,43,46,-3
112000416,1261,1036,225
112000417,143,66,77
112000421,20,118,-98
112000422,190,617,-427
112000424,2308,1333,975
112000425,318,1018,-700
112000426,45,278,-233
112000427,0,10,-10
112000428,49,500,-451
112000429,1595,2480,-885
112000430,1499,2585,-1086
112000431,47,63,-16
112000432,575,2208,-1633
112000433,566,634,-68
112000437,28,264,-236
112900001,33,1,32
112900002,118,1540,-1422
112900003,24,294,-270
112900004,22,440,-418
112900005,83,244,-161
112900006,2,529,-527
112900007,20,259,-239
112900008,4,9,-5
112900009,309,74,235
112900010,160,846,-686
112900011,234,291,-57
112900012,0,35,-35
112900013,2,185,-183
112900014,0,294,-294
112900015,329,1088,-759
112900016,0,314,-314
112900017,25,239,-214
112900018,4,385,-381
112900019,51,168,-117
112900020,426,1668,-1242
112900021,6,343,-337
112900022,4,96,-92
112900023,0,317,-317
112900024,15,326,-311
112900025,71,322,-251
112900026,6,312,-306
112900027,5,1346,-1341
112900028,19,164,-145
112900029,17,777,-760
112900030,232,227,5
112900031,5,532,-527
112900032,109,232,-123
112900034,0,55,-55
112900035,5,540,-535
112900036,19,136,-117
112900037,125,101,24
112900038,354,171,183
112900039,19,392,-373
112900040,2,304,-302
112900041,1181,734,447
112900042,31,564,-533
112900043,17,59,-42
112900044,592,473,119
112900045,537,299,238
112900046,422,71,351
112900047,24,16,8
112900049,49,88,-39
112900050,65,606,-541
112900051,270,934,-664
112900052,4,1197,-1193
112900053,290,122,168
112900054,203,21,182
112900055,100,21,79
112900056,251,88,163
112900057,7,816,-809
112900058,268,176,92
112900059,51,121,-70
112900060,26,342,-316
112900061,37,148,-111
112900062,39,158,-119
112900063,68,6,62
112900064,167,203,-36
112900065,19,13,6
112900066,192,66,126
112900067,558,151,407
112900068,26,15,11
112900069,2513,435,2078
112900071,10,1,9
112900072,251,706,-455
112900073,195,52,143
112900074,53,93,-40
112900075,2402,459,1943
112900076,56,8,48
112900078,177,176,1
112900079,112,11,101
112900080,24,1,23
112900081,28,106,-78
112900082,232,6,226
112900083,97,39,58
112900084,111,70,41
112900085,0,6,-6
112900086,13,0,13
112900087,324,72,252
112900088,53,1,52
112900089,615,21,594
112900090,18,7,11
112900091,71,3,68
112900092,84,93,-9
112900093,646,5,641
112900094,31,0,31
112900095,27,5,22
112900096,228,111,117
112900097,24,481,-457
112900098,102,2,100
112900099,401,6,395
112900100,17,0,17
112900101,186,0,186
112900102,51,0,51
112900103,90,2,88
112900104,14,0,14
112900105,1,0,1
112900106,186,66,120
112900107,4,1,3
112900108,23,0,23
112900109,39,0,39
112900110,387,7,380
112900111,229,0,229
112900112,111,2,109
112900113,0,20,-20
112900114,35,15,20
112900115,402,1,401
112900116,22,45,-23
112900117,82,128,-46
112900118,32,77,-45
112900119,52,1,51
112900120,627,202,425
112900121,290,237,53
112900122,5,181,-176
112900123,108,17,91
112900124,2,166,-164
112900125,67,417,-350
112900126,126,289,-163
112900127,180,44,136
112900128,487,852,-365
112900129,4,1111,-1107
112900130,123,43,80
112900131,34,213,-179
112900132,61,453,-392
112900133,13,1439,-1426
112900134,1,341,-340
112900135,32,19,13
112900136,0,43,-43
112900137,4,781,-777
112900138,5,488,-483
112900139,213,1747,-1534
112900140,0,96,-96
112900141,319,27,292
112900142,109,91,18
112900143,47,798,-751
112900144,1,329,-328
112900145,34,626,-592
112900146,8,1476,-1468
112900147,14,2485,-2471
112900148,28,0,28
112900149,182,351,-169
112900151,10,28,-18
112900152,4769,994,3775
112900153,1716,970,746
112900154,1,54,-53
112900155,81,7,74
112900156,128,1911,-1783
112900157,63,0,63
112900158,21,15,6
112900159,180,50,130
112900160,23,280,-257
112900161,61,27,34
112900162,39,10,29
112900163,96,12,84
112900164,25,68,-43
112900165,58,26,32
112900166,13,31,-18
112900167,2,12,-10
112900168,5,1,4
112900169,9,3,6
112900170,21,99,-78
112900172,55,6,49
112900173,228,66,162
112900174,188,19,169
112900175,168,91,77
112900176,1,9,-8
112900177,120,21,99
112900178,497,846,-349
112900179,27,593,-566
112900180,682,2124,-1442
112900181,198,3,195
112900182,24,1574,-1550
112900183,135,201,-66
112900184,440,266,174
112900185,341,370,-29
112900186,1730,581,1149
112900187,46,281,-235
112900188,649,276,373
112900189,13,24,-11
112900190,4,51,-47
112900192,425,226,199
112900193,936,261,675
112900194,21,88,-67
112900195,443,24,419
112900196,184,619,-435
112900197,113,437,-324
112900199,228,759,-531
112900200,239,313,-74
112900201,58,87,-29
112900202,154,1040,-886
112900203,77,307,-230
112900204,896,270,626
112900205,2,7,-5
112900206,2,37,-35
112900207,10,2,8
112900208,30,121,-91
112900209,371,462,-91
112900210,2,15,-13
112900211,42,16,26
112900212,0,53,-53
112900213,8,5,3
112900214,13,4,9
112900215,3,235,-232
112900216,27,58,-31
112900217,7,95,-88
112900218,26,6,20
112900219,42,11,31
112900220,3,0,3
112900221,17,109,-92
112900222,0,16,-16
112900223,457,5,452
112900224,140,818,-678
112900225,198,682,-484
112900226,290,332,-42
112900227,186,1552,-1366
112900228,20,23,-3
112900229,72,52,20
112900230,8736,2884,5852
112900232,132,156,-24
112900233,28,263,-235
112900234,8,135,-127
112900235,43,15,28
112900236,129,28,101
112900237,66,394,-328
112900238,8,40,-32
113000001,3965,4778,-813
113000002,2934,3535,-601
113000003,1598,1839,-241
113000004,1713,2062,-349
113000005,1053,1119,-66
113000006,884,1098,-214
113000007,1269,1295,-26
113000008,1245,1735,-490
113000009,513,824,-311
113000010,750,1602,-852
113000011,571,1634,-1063
113000012,784,641,143
113000013,766,432,334
113000014,1702,1439,263
113000015,574,183,391
113000016,264,386,-122
113000017,51,228,-177
113000018,139,42,97
113000019,76,218,-142
113000020,53,21,32
113000021,836,489,347
113000022,429,1193,-764
113000025,33,271,-238
113000026,176,455,-279
113000027,740,382,358
113000028,1142,405,737
113000029,809,558,251
113000030,480,665,-185
113000031,258,263,-5
113000032,255,206,49
113000033,351,391,-40
113000034,493,337,156
113000035,27,50,-23
113000036,23,55,-32
113000037,77,45,32
113000038,7,47,-40
113000039,65,466,-401
113000040,49,71,-22
113000042,697,614,83
113000051,569,1787,-1218
113000052,2018,1175,843
113000053,235,535,-300
113000054,167,747,-580
113000055,637,1035,-398
113000056,464,1264,-800
113000058,610,959,-349
113000059,1041,644,397
113000060,117,577,-460
113000061,579,845,-266
113000062,1181,183,998
113000063,79,260,-181
113000064,22,455,-433
113000065,142,1323,-1181
113000066,331,69,262
113000067,1078,1260,-182
113000068,389,2035,-1646
113000069,398,1554,-1156
113000070,950,723,227
113000071,264,757,-493
113000072,410,404,6
113000073,588,1797,-1209
113000074,851,337,514
113000075,1633,527,1106
113000076,1171,1670,-499
113000077,1392,364,1028
113000078,967,1668,-701
113000079,633,543,90
113000080,472,381,91
113000081,664,771,-107
113000082,1097,605,492
113000083,414,626,-212
113000084,1331,1053,278
113000085,658,479,179
113000086,785,1039,-254
113000087,705,667,38
113000088,1947,1022,925
113000089,695,1100,-405
113000090,139,309,-170
113000091,746,283,463
113000094,698,140,558
113000095,170,1220,-1050
113000096,96,964,-868
113000097,710,285,425
113000098,95,28,67
113000099,724,235,489
113000100,129,358,-229
113000101,380,558,-178
113000102,391,208,183
113000103,2055,529,1526
113000104,284,1988,-1704
113000105,520,424,96
113000106,349,551,-202
113000107,320,726,-406
113000108,625,1340,-715
113000109,320,2657,-2337
113000110,1416,329,1087
113000111,72,385,-313
113000112,165,204,-39
113000113,1745,218,1527
113000114,252,1083,-831
113000116,615,257,358
113000117,733,140,593
113000118,123,279,-156
113000119,181,410,-229
113000120,43,180,-137
113000121,455,764,-309
113000124,134,136,-2
113000125,37,470,-433
113000127,3679,550,3129
113000128,419,486,-67
113000129,457,1293,-836
113000133,4315,1127,3188
113000134,11,761,-750
113000135,2447,2199,248
113000137,2356,1618,738
113000139,356,175,181
113000140,162,260,-98
113000141,364,123,241
113000142,601,841,-240
113000143,210,145,65
113000144,289,632,-343
113000145,54,175,-121
113000146,105,98,7
113000147,123,242,-119
113000148,71,221,-150
113000149,65,280,-215
113000150,443,472,-29
113000151,90,86,4
113000152,25,180,-155
113000153,1707,524,1183
113000154,651,1208,-557
113000155,194,414,-220
113000156,180,376,-196
113000157,210,833,-623
113000158,530,182,348
113000159,728,482,246
113000160,519,1213,-694
113000161,182,667,-485
113000162,513,327,186
113000163,94,32,62
113000164,13,111,-98
113000166,53,63,-10
113000167,22,221,-199
113000168,55,257,-202
113000169,92,44,48
113000170,81,76,5
113000171,55,66,-11
113000172,151,63,88
113000173,31,15,16
113000174,103,537,-434
113000175,279,80,199
113000176,374,113,261
113000177,140,377,-237
113000178,196,398,-202
113000179,200,96,104
113000180,433,1216,-783
113000181,652,1028,-376
113000182,155,285,-130
113000183,131,490,-359
113000184,17,107,-90
113000189,434,590,-156
113000190,1348,451,897
113000192,2219,1264,955
113000193,4951,756,4195
113000194,1925,988,937
113000195,2290,493,1797
113000196,68,76,-8
113000197,1382,826,556
113000198,29,286,-257
113000199,943,415,528
113000201,298,186,112
113000202,3529,2284,1245
113000203,345,207,138
113000204,1794,1212,582
113000205,19,26,-7
113000206,6,31,-25
113000207,67,19,48
113000208,21,60,-39
113000209,13,23,-10
113000210,14,32,-18
113000211,200,121,79
113000212,164,22,142
113000213,28,107,-79
113000214,89,186,-97
113000234,157,1555,-1398
113000410,65,138,-73
113000411,2533,3613,-1080
113000412,8974,1856,7118
113000413,3816,2262,1554
113000414,10415,8798,1617
113000415,2470,2434,36
113000416,11009,3194,7815
113000417,3335,2770,565
113000418,2993,2241,752
113000419,1765,1618,147
113000420,4011,3564,447
113000421,3104,4043,-939
113000422,15984,7615,8369
113000423,2340,3626,-1286
113000424,3843,6302,-2459
113000425,4,69,-65
113000428,64,13,51
113000430,11,14,-3
113000432,989,86,903
113000433,101,1267,-1166
113000434,8,408,-400
113000435,4,995,-991
113000436,37,1621,-1584
113000437,366,9,357
113000438,92,6,86
113000439,11,157,-146
113000440,68,17,51
113000441,85,146,-61
113000442,79,290,-211
113000443,60,272,-212
113000444,81,313,-232
113000445,26,120,-94
113000446,8,62,-54
113000448,127,140,-13
113000449,267,592,-325
113000450,708,2366,-1658
113000451,1249,130,1119
113000452,394,346,48
113000453,62,233,-171
113000454,1261,21,1240
113000455,1,109,-108
113000456,4035,1760,2275
113000468,2632,279,2353
113000469,294,162,132
113000470,504,62,442
113000471,13,361,-348
113000472,61,289,-228
113000474,227,578,-351
113000475,1199,1755,-556
113000476,658,1803,-1145
113000477,1418,1780,-362
113000478,3302,5760,-2458
113000479,46,216,-170
113000480,108,80,28
113000482,0,0,0
113000484,0,0,0
113000485,0,0,0
113000486,0,0,0
113000487,0,0,0
113000489,2,0,2
113000490,0,0,0
113000491,0,0,0
113000492,0,0,0
113000493,0,0,0
113000495,90,127,-37
113000496,31,66,-35
113000498,0,0,0
113000499,0,0,0
113000500,0,9,-9
113900001,3,150,-147
113900002,3,194,-191
113900003,0,131,-131
113900004,1,43,-42
113900005,1,40,-39
113900006,4,22,-18
113900007,72,17,55
113900008,76,0,76
113900009,247,0,247
113900010,142,0,142
113900011,27,2,25
113900012,7,0,7
113900013,773,3,770
113900014,348,0,348
113900015,1,44,-43
113900016,20,1,19
113900017,2,64,-62
113900018,472,111,361
113900019,62,51,11
113900020,70,2,68
113900022,7,0,7
113900023,6,0,6
113900024,20,117,-97
113900025,300,25,275
113900026,15,0,15
113900027,3,64,-61
113900028,8,430,-422
113900029,49,340,-291
113900030,88,0,88
113900031,3,1,2
113900032,17,0,17
113900033,37,101,-64
113900035,30,1,29
113900036,5,161,-156
113900037,56,507,-451
113900038,33,64,-31
113900039,106,9,97
113900040,7,2,5
113900041,3,1,2
113900042,29,70,-41
113900043,110,112,-2
113900044,166,72,94
113900045,27,1,26
113900046,209,736,-527
113900047,38,173,-135
113900048,326,46,280
113900049,897,186,711
113900050,163,427,-264
113900051,146,468,-322
113900052,139,109,30
113900053,465,221,244
113900054,12,12,0
113900055,96,665,-569
113900056,61,201,-140
113900057,13,109,-96
113900058,42,261,-219
113900059,89,359,-270
113900060,92,271,-179
113900061,1025,84,941
113900062,54,11,43
113900063,110,123,-13
113900064,13,173,-160
113900065,248,26,222
113900066,175,446,-271
113900067,51,374,-323
113900068,288,296,-8
113900069,72,15,57
113900070,147,447,-300
113900071,28,75,-47
113900072,41,206,-165
113900073,59,278,-219
113900074,18,440,-422
113900075,818,702,116
113900076,123,4,119
113900077,36,273,-237
113900078,35,67,-32
113900079,6,42,-36
113900080,377,122,255
113900081,46,266,-220
113900082,30,187,-157
113900083,127,691,-564
113900084,194,98,96
113900085,35,381,-346
113900086,8,15,-7
113900087,29,266,-237
113900088,22,42,-20
113900089,348,45,303
113900090,317,274,43
113900091,15,19,-4
113900092,14,80,-66
113900093,54,362,-308
113900094,199,559,-360
113900095,90,69,21
113900096,109,56,53
113900097,17,118,-101
113900098,407,60,347
113900099,0,83,-83
113900100,0,8,-8
113900101,5,38,-33
113900102,42,65,-23
113900103,216,216,0
113900104,72,112,-40
113900105,42,340,-298
113900106,0,111,-111
113900107,3,21,-18
113900108,218,180,38
113900109,391,139,252
113900110,29,8,21
113900111,66,143,-77
113900112,46,67,-21
113900113,503,368,135
113900114,1,132,-131
113900115,0,167,-167
113900116,65,122,-57
113900117,38,18,20
113900118,139,251,-112
113900119,300,324,-24
113900120,30,31,-1
113900121,59,76,-17
113900122,271,1064,-793
113900123,297,91,206
113900124,0,74,-74
113900125,1394,238,1156
113900126,109,39,70
113900127,161,344,-183
113900128,67,39,28
113900129,3,121,-118
113900130,0,25,-25
113900131,116,80,36
113900132,28,37,-9
113900133,5,20,-15
113900135,113,356,-243
113900136,78,75,3
113900137,275,151,124
113900138,45,140,-95
113900139,476,115,361
113900140,534,209,325
113900141,213,488,-275
113900142,86,67,19
113900143,12,33,-21
113900144,290,127,163
113900145,202,181,21
113900146,66,43,23
113900148,109,210,-101
113900149,101,59,42
113900150,1213,660,553
113900151,219,217,2
113900152,16,38,-22
113900153,420,591,-171
113900154,0,98,-98
113900155,192,83,109
113900156,188,719,-531
113900157,26,184,-158
113900158,369,168,201
113900159,9,205,-196
113900160,385,688,-303
113900161,60,161,-101
113900162,570,549,21
113900163,184,245,-61
113900164,211,35,176
113900165,563,572,-9
113900166,313,138,175
113900167,158,39,119
113900168,132,109,23
113900169,170,409,-239
113900171,94,40,54
113900172,0,204,-204
113900173,64,747,-683
113900174,353,704,-351
113900175,257,117,140
113900176,230,828,-598
113900177,197,234,-37
113900178,209,107,102
113900179,12,720,-708
113900180,187,143,44
113900181,509,98,411
113900182,456,1031,-575
113900183,44,67,-23
113900184,16,550,-534
113900185,92,71,21
113900186,27,42,-15
113900187,32,141,-109
113900188,52,155,-103
113900189,237,67,170
113900190,301,111,190
113900191,98,251,-153
113900192,6,316,-310
113900193,30,328,-298
113900194,1969,957,1012
113900195,231,492,-261
113900196,1,129,-128
113900197,2,340,-338
113900198,24,136,-112
113900199,182,787,-605
113900200,13,307,-294
113900201,0,335,-335
113900202,40,328,-288
113900203,0,261,-261
113900204,50,573,-523
113900205,6,173,-167
113900206,7,150,-143
113900207,1,42,-41
113900208,0,59,-59
113900209,3,89,-86
113900210,481,541,-60
113900211,144,43,101
113900212,113,637,-524
113900214,369,335,34
113900215,33,151,-118
113900216,52,1300,-1248
113900217,30,326,-296
113900218,88,18,70
113900219,63,504,-441
113900220,103,61,42
113900221,236,142,94
113900222,231,275,-44
113900223,126,1135,-1009
113900224,113,76,37
113900225,747,205,542
113900226,222,123,99
113900227,209,157,52
113900228,300,189,111
113900229,40,457,-417
113900230,5449,1625,3824
113900231,111,318,-207
113900232,71,110,-39
113900233,40,51,-11
113900234,160,332,-172
113900235,51,17,34
113900236,43,333,-290
113900237,70,4,66
113900238,145,361,-216
113900239,61,56,5
113900240,2,71,-69
113900241,76,71,5
113900242,47,116,-69
113900243,147,385,-238
113900244,446,141,305
113900245,1295,265,1030
113900246,20,2,18
113900247,156,193,-37
113900248,4127,1073,3054
113900249,1331,252,1079
113900250,46,89,-43
113900251,282,206,76
113900252,308,13,295
113900253,496,28,468
113900254,492,74,418
113900255,210,18,192
113900256,188,15,173
113900257,29,661,-632
113900258,8,652,-644
113900259,255,238,17
113900260,131,9,122
113900261,24,114,-90
113900262,84,800,-716
113900263,133,565,-432
113900264,1,595,-594
113900265,136,325,-189
113900266,28,305,-277
113900267,112,520,-408
113900268,161,312,-151
113900269,40,124,-84
113900270,280,348,-68
113900271,472,1459,-987
113900273,7,3,4
113900274,20,7,13
113900275,22,44,-22
113900276,4,297,-293
113900277,60,2,58
113900278,325,112,213
113900279,97,89,8
113900280,1018,445,573
113900281,282,816,-534
113900282,847,456,391
113900283,269,374,-105
113900284,365,117,248
113900285,72,26,46
113900286,39,140,-101
113900287,10,37,-27
113900288,2,65,-63
113900289,1427,83,1344
113900290,444,98,346
113900291,112,155,-43
113900292,4,13,-9
113900293,0,235,-235
113900294,267,23,244
113900295,330,252,78
113900296,2598,342,2256
113900297,737,31,706
113900298,6,1667,-1661
113900299,11,234,-223
113900300,6821,2331,4490
113900301,937,322,615
113900302,2383,557,1826
113900303,697,205,492
113900304,3,150,-147
113900305,42,2,40
113900306,11,0,11
113900307,42,0,42
113900308,91,122,-31
113900309,2,867,-865
113900310,0,19,-19
113900311,1,0,1
113900312,80,90,-10
113900313,24,15,9
114000001,1008,3987,-2979
114000002,114,489,-375
114000003,27,306,-279
114000004,27,151,-124
114000005,153,240,-87
114000006,2949,1947,1002
114000007,540,1462,-922
114000008,1335,1019,316
114000009,252,186,66
114000011,2120,3899,-1779
114000012,1415,3142,-1727
114000013,1095,2225,-1130
114000014,341,517,-176
114000015,795,625,170
114000016,178,473,-295
114000017,72,189,-117
114000018,438,62,376
114000026,917,1702,-785
114000027,1580,2181,-601
114000028,1563,2017,-454
114000038,113,144,-31
114000039,79,132,-53
114000040,35,159,-124
114000042,61,156,-95
114000043,34,176,-142
114000044,87,89,-2
114000045,50,107,-57
114000046,2205,4312,-2107
114000047,15,71,-56
114000048,59,58,1
114000049,1351,1027,324
114000050,1251,1021,230
114000051,2665,1407,1258
114000052,2572,1193,1379
114000053,54,485,-431
114000054,105,1574,-1469
114000055,138,25,113
114000056,1397,544,853
114000057,9134,2499,6635
114000058,722,755,-33
114000059,374,166,208
114000060,430,623,-193
114000061,3723,1517,2206
114000062,3249,761,2488
114000063,3216,1578,1638
114000064,9875,2583,7292
114000065,1608,2138,-530
114000066,195,590,-395
114000067,18,329,-311
114000068,353,439,-86
114000069,716,470,246
114000070,2246,1250,996
114000071,382,710,-328
114000072,136,513,-377
114000073,12,123,-111
114000074,18,20,-2
114000075,27,174,-147
114000076,17,210,-193
114000077,4,68,-64
114000078,109,1462,-1353
114000079,29,39,-10
114000080,81,88,-7
114000081,44,103,-59
114000082,41,629,-588
114000083,47,400,-353
114000084,112,54,58
114000085,81,823,-742
114000086,119,704,-585
114000087,33,385,-352
114000088,21,57,-36
114000089,1480,471,1009
114000090,471,409,62
114000091,1458,390,1068
114000092,790,265,525
114000093,793,534,259
114000094,235,254,-19
114000095,82,80,2
114000096,77,564,-487
114000097,66,1180,-1114
114000098,211,40,171
114000099,254,1067,-813
114000100,641,752,-111
114000101,239,1448,-1209
114000102,168,293,-125
114000103,97,613,-516
114000104,9,338,-329
114000105,34,45,-11
114000106,972,396,576
114000107,107,147,-40
114000108,2102,1264,838
114000109,267,544,-277
114000110,395,1884,-1489
114000111,764,543,221
114000112,216,1520,-1304
114000113,398,289,109
114000114,1158,1543,-385
114000115,1157,547,610
114000116,319,822,-503
114000117,1402,374,1028
114000118,1262,380,882
114000119,757,268,489
114000120,494,1037,-543
114000121,336,601,-265
114000122,214,209,5
114000123,798,229,569
114000124,404,313,91
114000125,643,1953,-1310
114000126,593,166,427
114000127,92,178,-86
114000128,555,591,-36
114000130,243,437,-194
114000131,103,43,60
114000132,508,728,-220
114000133,1141,1420,-279
114000134,62,223,-161
114000138,33,236,-203
114000139,231,109,122
114000144,556,291,265
114000145,100,255,-155
114000146,83,377,-294
114000147,855,989,-134
114000148,2108,1191,917
114000149,243,191,52
114000150,804,408,396
114000151,823,786,37
114000152,77,32,45
114000153,763,1089,-326
114000154,587,442,145
114000155,1061,1336,-275
114000156,567,377,190
114000157,202,694,-492
114000158,2379,686,1693
114000159,192,360,-168
114000160,128,161,-33
114000161,1500,1576,-76
114000162,621,993,-372
114000163,8,175,-167
114000165,186,132,54
114000166,502,196,306
114000167,4043,1102,2941
114000168,807,675,132
114000169,1430,683,747
114000170,827,667,160
114000171,693,1386,-693
114000174,147,554,-407
114000176,484,336,148
114000177,2631,827,1804
114000178,23,73,-50
114000179,1067,590,477
114000180,480,599,-119
114000181,1204,1996,-792
114000182,5121,2389,2732
114000183,957,979,-22
114000184,7827,1649,6178
114000185,722,813,-91
114000189,455,83,372
114000190,1365,180,1185
114000191,19,47,-28
114000192,323,1937,-1614
114000193,1148,4189,-3041
114000194,1083,1198,-115
114000195,54,20,34
114000196,4,435,-431
114000197,625,5,620
114000198,1192,353,839
114000199,1836,1112,724
114000200,436,2667,-2231
114000201,151,1199,-1048
114000202,726,921,-195
114000203,289,955,-666
114000204,107,497,-390
114000205,172,1866,-1694
114000206,360,1124,-764
114000207,623,2657,-2034
114000208,440,3897,-3457
114000209,643,3774,-3131
114000210,293,1939,-1646
114000211,679,1433,-754
114000212,455,675,-220
114000213,803,635,168
114000214,76,231,-155
114000215,88,80,8
114000216,760,250,510
114000217,126,312,-186
114000218,63,330,-267
114000219,579,254,325
114000220,11,1205,-1194
114000221,356,120,236
114000222,189,1265,-1076
114000223,313,107,206
114000224,133,826,-693
114000225,183,537,-354
114000226,92,223,-131
114000227,448,430,18
114000228,534,988,-454
114000229,642,1297,-655
114000230,1091,1597,-506
114000231,597,1195,-598
114000232,344,132,212
114000233,1335,103,1232
114000234,732,972,-240
114000235,589,1719,-1130
114000236,2,579,-577
114000237,86,1335,-1249
114000238,42,179,-137
114000239,143,1599,-1456
114000240,496,665,-169
114000241,200,1005,-805
114000242,910,884,26
114000243,908,770,138
114000244,447,390,57
114000245,215,612,-397
114000246,98,29,69
114000247,408,720,-312
114000248,574,474,100
114000249,377,435,-58
114000250,341,602,-261
114000251,216,400,-184
114000252,61,102,-41
114000253,34,249,-215
114000254,17,97,-80
114000255,559,136,423
114000256,2838,916,1922
114000257,461,2057,-1596
114000258,146,514,-368
114000259,20,296,-276
114000260,0,21,-21
114000261,41,27,14
114000262,60,243,-183
114000263,9,3,6
114000264,415,754,-339
114000265,0,9,-9
114000267,3,1204,-1201
114000268,5,2537,-2532
114000270,82,0,82
114000271,338,113,225
114000283,467,461,6
114000285,54,370,-316
114000288,45,447,-402
114000289,656,75,581
114000293,53,355,-302
114000294,129,349,-220
114000395,872,65,807
114000396,305,319,-14
114000402,235,353,-118
114000403,180,591,-411
114000405,80,638,-558
114000423,98,574,-476
114000424,227,250,-23
114000425,308,710,-402
114000426,227,546,-319
114000427,31,97,-66
114000428,206,67,139
114000429,10,239,-229
114000432,52,134,-82
114000434,9,105,-96
114000435,4,13,-9
114900001,382,1514,-1132
114900002,358,81,277
114900003,314,2413,-2099
114900004,102,175,-73
114900005,292,1150,-858
114900006,16,34,-18
114900007,113,14,99
114900008,77,37,40
114900010,2763,1473,1290
114900011,91,82,9
114900013,107,87,20
114900015,36,201,-165
114900018,676,53,623
114900020,89,50,39
114900021,96,105,-9
114900022,1,755,-754
114900024,138,131,7
114900025,149,238,-89
114900026,33,61,-28
114900027,109,218,-109
114900029,14,23,-9
114900030,182,241,-59
114900031,139,16,123
114900032,157,39,118
114900033,1277,299,978
114900034,50,326,-276
114900035,152,306,-154
114900036,205,1187,-982
114900037,58,271,-213
114900038,145,953,-808
114900039,297,854,-557
114900040,45,251,-206
114900041,264,724,-460
114900042,454,1037,-583
114900043,673,378,295
114900044,43,20,23
114900045,101,277,-176
114900046,47,160,-113
114900047,171,1030,-859
114900048,46,233,-187
114900049,19,223,-204
114900050,30,650,-620
114900051,30,611,-581
114900052,46,283,-237
114900053,61,232,-171
114900054,27,149,-122
114900057,128,1,127
114900058,0,137,-137
114900059,31,37,-6
114900060,1366,441,925
114900061,123,225,-102
114900062,200,266,-66
114900063,67,278,-211
114900064,658,900,-242
114900065,202,716,-514
114900067,13,401,-388
114900068,80,206,-126
114900069,237,173,64
114900070,232,687,-455
114900072,10,236,-226
114900073,1,195,-194
114900074,212,930,-718
114900075,113,5,108
114900076,9,354,-345
114900080,3474,481,2993
114900082,3644,1168,2476
114900083,784,841,-57
114900084,90,274,-184
114900090,171,115,56
114900091,94,218,-124
114900095,321,121,200
114900096,375,559,-184
114900097,68,55,13
114900098,5,211,-206
114900099,60,2,58
115000001,9040,5800,3240
115000002,2566,2633,-67
115000003,3755,4451,-696
115000004,1958,3735,-1777
115000005,1074,2830,-1756
115000006,467,1114,-647
115000007,43,190,-147
115000008,294,290,4
115000009,116,315,-199
115000010,202,131,71
115000013,62,113,-51
115000015,49,175,-126
115000016,205,251,-46
115000019,22,414,-392
115000020,140,621,-481
115000021,315,421,-106
115000022,479,397,82
115000023,294,426,-132
115000024,1138,528,610
115000025,703,461,242
115000026,140,475,-335
115000027,159,258,-99
115000028,176,753,-577
115000029,352,151,201
115000030,521,984,-463
115000031,746,295,451
115000032,3,219,-216
115000033,106,22,84
115000034,115,1064,-949
115000035,844,65,779
115000036,2,333,-331
115000037,251,4,247
115000038,27,196,-169
115000039,2805,1880,925
115000040,6313,2903,3410
115000041,674,1978,-1304
115000042,858,728,130
115000043,2427,2939,-512
115000044,2688,4773,-2085
115000045,1414,2411,-997
115000046,1140,2542,-1402
115000047,1213,1762,-549
115000048,1159,2894,-1735
115000049,1208,2682,-1474
115000050,2546,1789,757
115000051,2115,1673,442
115000052,3181,1765,1416
115000053,1107,1261,-154
115000054,707,1210,-503
115000055,129,270,-141
115000056,151,381,-230
115000057,196,329,-133
115000058,107,100,7
115000059,206,147,59
115000061,195,74,121
115000062,120,242,-122
115000063,253,313,-60
115000064,177,242,-65
115000065,11,243,-232
115000067,205,29,176
115000069,32,388,-356
115000070,23,770,-747
115000071,85,9,76
115000072,6,68,-62
115000073,1157,43,1114
115000075,45,84,-39
115000076,3227,3547,-320
115000077,1131,3971,-2840
115000078,606,1927,-1321
115000079,800,2369,-1569
115000080,1377,2941,-1564
115000081,360,941,-581
115000082,2540,3010,-470
115000083,1526,3655,-2129
115000084,975,1101,-126
115000085,468,1007,-539
115000086,521,1079,-558
115000087,526,1450,-924
115000088,1454,570,884
115000089,1528,1484,44
115000090,678,643,35
115000091,260,1254,-994
115000092,274,305,-31
115000093,396,0,396
115000094,9304,4449,4855
115000095,7028,4012,3016
115000096,440,2548,-2108
115000097,492,645,-153
115000098,571,850,-279
115000099,1607,3975,-2368
115000100,609,575,34
115000101,304,1572,-1268
115000102,281,222,59
115000103,260,998,-738
115000105,33,233,-200
115000106,255,281,-26
115000107,121,548,-427
115000108,4158,2495,1663
115000109,6012,2608,3404
115000110,1107,834,273
115000111,660,1302,-642
115000112,512,483,29
115000113,615,707,-92
115000114,1601,745,856
115000116,3558,1224,2334
115000117,3965,1781,2184
115000118,1546,1279,267
115000119,1421,1636,-215
115000120,506,783,-277
115000121,1481,768,713
115000122,3899,1234,2665
115000123,2084,1415,669
115000124,537,587,-50
115000125,306,520,-214
115000126,119,273,-154
115000127,273,143,130
115000128,1142,758,384
115000129,158,157,1
115000130,235,1283,-1048
115000131,370,263,107
115000132,84,541,-457
115000133,224,394,-170
115000134,102,208,-106
115000135,119,245,-126
115000136,64,190,-126
115000137,56,189,-133
115000138,102,224,-122
115000139,141,328,-187
115000140,155,177,-22
115000141,77,418,-341
115000142,90,374,-284
115000143,348,481,-133
115000144,308,98,210
115000145,142,507,-365
115000146,227,183,44
115000147,347,619,-272
115000148,260,1572,-1312
115000149,290,182,108
115000150,590,1323,-733
115000151,479,384,95
115000152,542,1884,-1342
115000153,406,418,-12
115000154,397,298,99
115000155,499,1358,-859
115000156,864,548,316
115000157,955,952,3
115000158,692,324,368
115000159,655,447,208
115000160,604,602,2
115000161,422,658,-236
115000162,534,417,117
115000163,619,531,88
115000164,594,508,86
115000165,335,333,2
115000167,78,44,34
115000168,436,208,228
115000169,683,339,344
115000170,82,121,-39
115000171,163,93,70
115000172,2043,465,1578
115000173,197,299,-102
115000174,34,177,-143
115000175,57,83,-26
115000176,134,125,9
115000177,201,166,35
115000178,17,282,-265
115000179,16,37,-21
115000180,68,796,-728
115000181,278,134,144
115000182,368,442,-74
115000183,203,1221,-1018
115000186,378,248,130
115000187,136,652,-516
115000188,355,422,-67
115000189,217,440,-223
115000190,736,424,312
115000191,378,447,-69
115000194,219,105,114
115000195,239,158,81
115000196,58,107,-49
115000197,129,486,-357
115000198,173,232,-59
115000199,159,329,-170
115000200,149,95,54
115000201,81,391,-310
115000206,253,116,137
115000207,50,422,-372
115000208,658,797,-139
115000209,337,183,154
115000210,68,109,-41
115000211,180,233,-53
115000212,1336,267,1069
115000218,143,98,45
115000219,8,72,-64
115000224,146,63,83
115000225,53,41,12
115000229,319,141,178
115000230,143,549,-406
115000231,241,2867,-2626
115000232,712,392,320
115000233,82,211,-129
115000234,9,313,-304
115000241,39,260,-221
115000242,47,287,-240
115000243,29,256,-227
115000244,4,107,-103
115000246,43,15,28
115000247,27,15,12
115000248,20,7,13
115000249,42,16,26
115000250,159,55,104
115000251,93,162,-69
115000252,24,156,-132
115000253,18,178,-160
115000258,123,194,-71
115000259,302,154,148
115000261,16,17,-1
115000262,17,26,-9
115000263,12,34,-22
115000264,8,35,-27
115000267,27,63,-36
115000268,57,94,-37
115000269,85,56,29
115000270,0,42,-42
115000272,60,200,-140
115000273,496,33,463
115000274,194,348,-154
115000280,2734,108,2626
115000281,896,203,693
115000282,2294,498,1796
115000284,196,50,146
115000296,733,10,723
115000297,184,105,79
115000298,88,208,-120
115000300,92,194,-102
115000302,151,293,-142
115000303,325,180,145
115000304,389,120,269
115000305,54,1235,-1181
115000306,89,501,-412
115000307,103,220,-117
115000308,60,10,50
115000310,548,1218,-670
115000311,381,1513,-1132
115000313,101,856,-755
115000314,224,83,141
115000315,1098,301,797
115000316,47,87,-40
115000317,119,767,-648
115000318,550,259,291
115000319,29,324,-295
115000320,13,225,-212
115000321,405,9,396
115000322,42,302,-260
115000449,420,161,259
115000557,32,469,-437
115000558,154,66,88
115000587,207,379,-172
115000588,1884,3859,-1975
115000589,2085,2455,-370
115000590,865,1698,-833
115000591,919,639,280
115000592,631,1530,-899
115000593,1442,571,871
115000594,896,1333,-437
115000609,47,92,-45
115000617,2692,1497,1195
115000624,84,33,51
115000633,412,1669,-1257
115000634,2485,1005,1480
115000635,223,127,96
115000638,1249,523,726
115000641,65,104,-39
115000642,305,211,94
115000643,112,485,-373
115000644,89,411,-322
115000646,599,953,-354
115000647,146,473,-327
115000648,918,1707,-789
115000893,2814,1051,1763
115000894,83,1205,-1122
115000895,249,811,-562
115000896,725,269,456
115000897,423,59,364
115000898,976,192,784
115000899,759,968,-209
115000900,103,323,-220
115000901,60,61,-1
115000912,160,70,90
115000913,1,41,-40
115000915,3,0,3
115000916,2,1,1
115000917,0,3,-3
115000918,97,220,-123
115000919,5,9,-4
115000920,4,37,-33
115000921,1382,107,1275
115000922,688,477,211
115000923,288,661,-373
115000925,17,69,-52
115000927,17,27,-10
115000933,124,92,32
115900001,37,73,-36
115900002,44,192,-148
115900003,103,145,-42
115900004,0,38,-38
115900005,55,7,48
115900006,76,507,-431
115900008,17,25,-8
115900009,58,394,-336
115900010,125,286,-161
115900011,177,298,-121
115900012,46,87,-41
115900013,434,225,209
115900014,121,179,-58
115900015,38,152,-114
115900016,76,40,36
115900017,6,0,6
115900018,124,85,39
115900019,1575,34,1541
115900020,36,0,36
115900021,1921,237,1684
115900022,1144,3,1141
115900023,2,0,2
115900025,37,149,-112
115900026,896,413,483
115900027,1,444,-443
115900028,680,93,587
115900029,7,559,-552
115900030,84,8,76
115900031,265,176,89
115900032,292,871,-579
115900033,0,37,-37
115900034,20,695,-675
115900035,30,93,-63
115900036,137,251,-114
115900037,22,698,-676
115900038,19,12,7
115900039,87,308,-221
115900041,335,242,93
115900042,5,21,-16
115900043,49,120,-71
115900044,168,283,-115
115900046,155,349,-194
115900047,119,56,63
115900049,79,179,-100
115900051,4,37,-33
115900052,5,262,-257
115900053,120,279,-159
115900054,59,41,18
115900055,12,166,-154
115900056,145,437,-292
115900057,7,5,2
115900058,16,94,-78
115900060,37,151,-114
115900061,70,0,70
115900062,40,270,-230
115900063,35,19,16
115900064,155,217,-62
115900065,39,147,-108
115900066,160,226,-66
115900067,15,879,-864
115900068,3841,241,3600
115900069,36,160,-124
115900070,57,248,-191
115900071,1,672,-671
115900072,96,305,-209
115900073,27,47,-20
115900074,0,471,-471
115900075,13,377,-364
115900076,5,105,-100
115900077,2,384,-382
115900078,19,157,-138
115900079,102,12,90
115900080,572,290,282
115900081,11,99,-88
115900082,173,143,30
115900084,158,35,123
115900085,48,54,-6
115900086,1919,482,1437
115900088,29,42,-13
115900089,107,823,-716
115900090,108,20,88
115900091,2,15,-13
115900092,19,215,-196
115900093,2,26,-24
115900094,6,464,-458
115900096,0,12,-12
115900097,11,640,-629
115900098,95,596,-501
115900099,12,76,-64
115900100,8,775,-767
115900101,108,542,-434
115900102,16,102,-86
115900103,160,276,-116
115900104,29,221,-192
115900105,87,873,-786
115900106,19,30,-11
115900107,14,201,-187
115900108,43,45,-2
115900109,31,521,-490
115900110,3,19,-16
115900111,0,78,-78
115900112,34,1232,-1198
115900113,16,33,-17
115900114,4,166,-162
115900115,33,95,-62
115900116,53,1311,-1258
115900117,48,23,25
115900118,3,429,-426
115900119,43,75,-32
115900120,17,523,-506
115900121,103,288,-185
115900124,122,304,-182
115900125,173,39,134
115900126,397,79,318
115900127,390,54,336
115900128,8,47,-39
115900129,549,31,518
115900130,22,147,-125
115900131,282,45,237
115900132,234,4,230
115900134,185,12,173
115900135,514,566,-52
115900137,11,5,6
115900139,217,189,28
115900140,84,17,67
115900141,21,193,-172
115900142,17,48,-31
115900143,82,238,-156
115900144,35,198,-163
115900146,7,172,-165
115900147,157,257,-100
115900148,6,19,-13
115900149,28,25,3
115900150,42,59,-17
115900151,5,76,-71
115900152,62,416,-354
115900153,63,286,-223
115900154,699,282,417
115900155,0,88,-88
115900156,494,778,-284
115900157,65,396,-331
115900158,24,10,14
115900159,38,286,-248
115900160,7,0,7
115900161,22,284,-262
115900163,111,143,-32
115900164,166,16,150
115900165,1,79,-78
115900166,143,310,-167
115900168,21,151,-130
115900171,115,423,-308
115900172,38,157,-119
115900173,141,163,-22
115900174,309,204,105
115900175,66,165,-99
115900178,5,868,-863
115900179,112,21,91
115900180,55,427,-372
115900181,87,321,-234
115900182,208,353,-145
115900183,276,84,192
115900184,1937,24,1913
115900187,5,92,-87
115900189,0,139,-139
115900190,415,775,-360
115900191,60,522,-462
115900192,10,75,-65
115900193,28,70,-42
115900194,345,36,309
115900195,476,883,-407
115900198,179,212,-33
115900199,114,295,-181
115900200,292,361,-69
115900201,275,217,58
115900202,1,11,-10
115900203,7,11,-4
115900204,0,2,-2
115900205,20,4,16
115900206,56,162,-106
115900207,17,14,3
115900208,61,403,-342
115900209,0,163,-163
115900210,4,187,-183
115900211,4,303,-299
115900212,65,234,-169
115900213,16,27,-11
115900214,149,276,-127
115900215,16,31,-15
115900216,4,72,-68
115900217,0,79,-79
115900218,3,32,-29
115900219,42,44,-2
115900220,86,11,75
115900221,53,10,43
115900222,31,7,24
115900223,9,97,-88
115900224,1653,346,1307
115900225,82,32,50
115900226,48,33,15
115900227,5,37,-32
115900228,4,52,-48
115900229,4,42,-38
115900230,39,127,-88
115900231,84,5,79
115900232,16,1,15
115900233,30,8,22
115900234,22,18,4
115900235,5,29,-24
115900236,10,15,-5
115900237,11,24,-13
115900238,9,16,-7
115900239,5,33,-28
115900240,17,68,-51
115900241,107,74,33
115900242,168,193,-25
115900243,29,16,13
115900244,8,17,-9
115900245,2,26,-24
115900246,3,1,2
115900247,2,7,-5
115900248,9,4,5
115900249,0,9,-9
115900250,17,23,-6
115900251,0,4,-4
115900252,5,5,0
115900253,2,7,-5
115900254,16,19,-3
115900255,7,9,-2
115900256,18,12,6
115900257,1,5,-4
115900258,0,2,-2
115900259,2,4,-2
115900260,7,0,7
115900261,7,0,7
115900262,2,0,2
115900263,11,2,9
115900264,12,2,10
115900265,2,13,-11
115900266,3,8,-5
115900267,3,11,-8
115900268,2,5,-3
115900269,163,418,-255
115900270,197,809,-612
116000001,17264,4731,12533
116000002,3725,4770,-1045
116000003,1310,1694,-384
116000004,1376,1766,-390
116000005,2413,2948,-535
116000006,1430,1099,331
116000007,2909,4039,-1130
116000008,2066,1629,437
116000009,1624,2673,-1049
116000010,1297,908,389
116000011,700,1756,-1056
116000012,633,568,65
116000013,16450,4366,12084
116000014,18973,6725,12248
116000015,684,980,-296
116000016,8494,2091,6403
116000017,25,451,-426
116000018,788,400,388
116000019,717,233,484
116000020,409,1135,-726
116000021,222,213,9
116000022,279,541,-262
116000023,622,486,136
116000024,512,1721,-1209
116000025,630,461,169
116000026,1549,2302,-753
116000027,577,428,149
116000028,335,458,-123
116000029,916,545,371
116000030,390,283,107
116000031,130,189,-59
116000032,124,247,-123
116000033,149,278,-129
116000034,405,456,-51
116000035,159,526,-367
116000036,2397,1019,1378
116000037,880,553,327
116000038,520,287,233
116000039,671,358,313
116000040,926,396,530
116000041,356,722,-366
116000042,420,375,45
116000043,105,478,-373
116000044,2,21,-19
116000045,1291,894,397
116000046,1222,997,225
116000047,1709,1599,110
116000048,1676,1326,350
116000049,891,1596,-705
116000050,1193,1244,-51
116000051,3036,1384,1652
116000052,3438,3303,135
116000053,1328,853,475
116000054,606,1985,-1379
116000055,320,1143,-823
116000056,389,817,-428
116000057,3107,1779,1328
116000058,3442,1728,1714
116000059,3492,3812,-320
116000060,2552,804,1748
116000061,162,616,-454
116000062,564,277,287
116000063,451,938,-487
116000066,126,406,-280
116000067,235,576,-341
116000068,140,194,-54
116000069,196,465,-269
116000078,299,822,-523
116000080,1113,980,133
116000082,17,115,-98
116000083,819,309,510
116000084,2050,3558,-1508
116000085,1472,912,560
116000086,1879,1206,673
116000087,855,927,-72
116000088,762,1432,-670
116000089,125,92,33
116000090,98,166,-68
116000091,123,39,84
116000093,507,1233,-726
116000094,275,687,-412
116000095,427,856,-429
116000096,444,1102,-658
116000097,328,906,-578
116000098,27,3122,-3095
116000099,10177,388,9789
116000100,100,5,95
116000101,379,1687,-1308
116000102,134,1499,-1365
116000103,321,252,69
116000104,207,1849,-1642
116000105,543,201,342
116000106,195,1190,-995
116000107,768,446,322
116000108,19,199,-180
116000111,56,8,48
116000113,116,45,71
116000114,17,151,-134
116000115,161,58,103
116000116,214,585,-371
116000117,839,1635,-796
116000118,892,1573,-681
116000119,1734,1445,289
116000120,2509,4740,-2231
116000121,468,356,112
116000122,1217,2516,-1299
116000123,403,385,18
116000124,266,1337,-1071
116000125,1541,550,991
116000126,249,1613,-1364
116000127,1054,1888,-834
116000128,1069,650,419
116000129,680,144,536
116000130,258,269,-11
116000133,327,896,-569
116000134,1223,3272,-2049
116000135,1046,1228,-182
116000136,822,2712,-1890
116000137,486,496,-10
116000138,1471,433,1038
116000139,1345,2203,-858
116000140,111,157,-46
116000141,290,1062,-772
116000142,3944,3740,204
116000143,1685,1272,413
116000144,996,2797,-1801
116000145,1115,1374,-259
116000146,235,429,-194
116000147,151,165,-14
116000148,280,419,-139
116000149,308,447,-139
116000151,414,1046,-632
116000153,55,422,-367
116000155,167,215,-48
116000156,658,1725,-1067
116000157,18,21,-3
116000158,178,315,-137
116000159,6,17,-11
116000160,17,152,-135
116000161,7,100,-93
116000162,159,67,92
116000163,19,13,6
116000164,9,14,-5
116000177,37,93,-56
116000194,63,385,-322
116000195,1311,494,817
116000196,19,5,14
116000197,3,10,-7
116000198,2211,956,1255
116000200,771,194,577
116000201,563,602,-39
116000202,6,293,-287
116000203,4,100,-96
116000204,4,35,-31
116000205,1,184,-183
116000206,0,95,-95
116000207,5,26,-21
116000233,141,952,-811
116000287,81,624,-543
116000288,97,312,-215
116000292,36,202,-166
116000296,4,83,-79
116000297,20,2,18
116000304,53,6,47
116000305,16,246,-230
116000346,126,240,-114
116000352,136,62,74
116000354,66,18,48
116000357,15,11,4
116000358,148,29,119
116000361,73,2,71
116000372,8681,2234,6447
116000381,63,0,63
116000388,0,41,-41
116000389,498,548,-50
116000445,220,925,-705
116000446,239,1300,-1061
116000447,10,365,-355
116000448,530,278,252
116000563,1461,725,736
116000565,85,485,-400
116000568,31,203,-172
116000579,23,152,-129
116000584,15,16,-1
116000585,9,15,-6
116000586,218,117,101
116000587,245,413,-168
116000589,23,94,-71
116000590,38,46,-8
116000591,67,258,-191
116000592,12,203,-191
116000593,0,30,-30
116000594,357,685,-328
116000595,406,189,217
116000596,72,6,66
116000597,142,47,95
116000598,14,249,-235
116000602,113,360,-247
116000605,249,218,31
116000606,26,78,-52
116000607,5,87,-82
116000609,189,696,-507
116000611,66,690,-624
116000612,467,1609,-1142
116000613,270,274,-4
116000614,386,1002,-616
116000615,38,155,-117
116000616,45,124,-79
116000617,34,110,-76
116000618,1,223,-222
116000619,17,48,-31
116000620,77,34,43
116000621,32,93,-61
116000622,31,126,-95
116000624,40,59,-19
116900001,169,138,31
116900002,293,3,290
116900003,20,94,-74
116900004,28,22,6
116900005,175,50,125
116900006,85,103,-18
116900007,85,187,-102
116900008,258,480,-222
116900009,14,3,11
116900010,6,2444,-2438
116900011,11,48,-37
116900012,103,208,-105
116900013,16,285,-269
116900014,31,399,-368
116900015,179,98,81
116900016,88,0,88
116900017,2,863,-861
116900018,55,59,-4
116900019,10,476,-466
116900020,937,208,729
116900023,20,13,7
116900024,240,87,153
116900025,400,1345,-945
116900026,214,947,-733
116900027,22,45,-23
116900028,0,194,-194
116900029,0,15,-15
116900031,0,16,-16
116900032,3,489,-486
116900033,7,9,-2
116900034,8,68,-60
116900035,87,232,-145
116900036,1,122,-121
116900038,11,0,11
116900041,42,15,27
116900042,944,218,726
116900043,7,67,-60
116900045,158,56,102
116900047,82,44,38
116900049,30,325,-295
116900050,59,495,-436
116900051,31,356,-325
116900052,137,94,43
116900055,3,5,-2
116900057,15,371,-356
116900058,15,421,-406
116900059,0,306,-306
116900060,110,252,-142
116900062,1,5,-4
116900064,51,1271,-1220
116900065,14,141,-127
116900067,76,131,-55
116900068,86,399,-313
116900070,0,5,-5
116900072,26,584,-558
116900073,5,227,-222
116900074,2,80,-78
116900076,8,25,-17
116900077,7,267,-260
116900078,209,160,49
116900079,20,480,-460
116900080,5,26,-21
116900081,339,1871,-1532
116900082,178,861,-683
116900083,31,91,-60
116900084,163,48,115
116900085,19,167,-148
116900086,39,263,-224
116900088,407,45,362
116900090,131,79,52
116900091,136,121,15
116900092,60,865,-805
116900093,1924,1949,-25
116900094,6891,2452,4439
116900095,282,175,107
116900096,122,134,-12
116900097,4613,1786,2827
116900098,818,281,537
116900099,744,355,389
116900100,430,30,400
116900101,230,683,-453
116900103,5,4,1
116900104,20,70,-50
116900105,263,44,219
116900106,855,180,675
116900107,5039,1315,3724
116900110,13,2,11
116900111,148,1532,-1384
116900112,152,1371,-1219
116900113,3853,738,3115
116900116,102,323,-221
116900117,17,108,-91
116900118,1076,545,531
116900120,119,170,-51
116900121,33,58,-25
116900122,381,1231,-850
116900123,81,1181,-1100
116900124,141,940,-799
116900125,180,270,-90
116900126,282,468,-186
116900128,0,56,-56
116900129,2,410,-408
116900130,1189,1701,-512
116900131,63,183,-120
116900132,11,62,-51
116900133,41,122,-81
116900134,147,242,-95
116900136,122,146,-24
116900137,160,185,-25
116900138,123,249,-126
116900139,63,446,-383
116900140,163,174,-11
116900141,444,390,54
116900142,7,20,-13
116900143,261,790,-529
116900144,24,37,-13
116900145,72,392,-320
116900147,601,229,372
116900148,2,25,-23
116900149,28,138,-110
116900150,7,6,1
116900151,53,8,45
116900153,64,63,1
116900154,610,233,377
116900155,48,27,21
116900157,188,302,-114
116900158,83,117,-34
116900159,40,205,-165
116900160,651,250,401
116900161,10421,3796,6625
116900162,7,161,-154
116900163,61,175,-114
116900164,43,46,-3
116900165,155,108,47
116900166,14,108,-94
116900167,183,67,116
116900168,158,99,59
116900169,714,214,500
116900170,197,244,-47
116900171,23,304,-281
116900172,235,86,149
116900173,82,57,25
116900174,14,6,8
116900175,179,113,66
116900178,4,210,-206
116900179,84,102,-18
116900180,86,35,51
116900182,464,206,258
116900183,73,81,-8
116900185,5,16,-11
116900186,57,486,-429
116900187,28,20,8
116900188,75,14,61
116900189,17,0,17
116900191,291,427,-136
116900192,119,251,-132
116900194,70,506,-436
116900195,30,11,19
116900196,18,136,-118
116900197,26,2,24
116900198,245,97,148
116900200,23,28,-5
116900201,19,12,7
116900202,154,61,93
116900203,107,1,106
116900204,38,89,-51
116900206,4,34,-30
116900207,11,38,-27
116900208,12,175,-163
116900209,10,194,-184
116900210,334,213,121
116900211,169,14,155
116900212,32,99,-67
116900213,150,255,-105
116900214,84,131,-47
116900215,34,68,-34
116900216,134,399,-265
116900218,15,358,-343
116900219,934,352,582
116900220,66,217,-151
116900221,41,251,-210
116900222,283,295,-12
116900223,70,182,-112
116900226,42,113,-71
116900227,108,86,22
116900228,144,271,-127
116900230,44,452,-408
116900231,11,621,-610
116900232,7,634,-627
116900233,115,70,45
116900234,5,7,-2
116900235,97,457,-360
116900238,1391,363,1028
116900239,66,904,-838
116900240,7010,2219,4791
116900241,47,256,-209
116900242,512,247,265
116900243,3,187,-184
116900245,24,11,13
116900246,38,4,34
116900247,245,9,236
116900248,43,29,14
116900249,147,180,-33
116900250,168,42,126
116900251,428,272,156
116900252,46,1237,-1191
116900253,42,93,-51
116900254,9,72,-63
116900255,62,41,21
116900256,168,133,35
116900257,6,754,-748
116900258,2,443,-441
116900259,71,7,64
116900260,2,223,-221
116900261,30,2,28
116900262,54,135,-81
116900263,0,3,-3
116900264,0,8,-8
116900265,4,1,3
116900266,11,78,-67
116900267,1,2,-1
116900268,13,9,4
116900269,215,496,-281
116900271,2650,89,2561
116900272,465,614,-149
116900273,281,50,231
116900274,35,80,-45
116900275,87,171,-84
116900276,203,45,158
116900277,837,10,827
116900278,4,17,-13
116900279,0,39,-39
116900280,19,40,-21
116900281,9269,2284,6985
116900282,4,168,-164
116900283,18,155,-137
116900284,18,319,-301
116900285,340,308,32
116900286,229,13,216
116900287,6,125,-119
116900288,19,150,-131
116900289,6,19,-13
116900290,3,27,-24
116900291,4,8,-4
116900292,0,5,-5
116900293,14,96,-82
116900294,18,136,-118
116900295,50,66,-16
116900296,26,34,-8
116900297,1,29,-28
116900298,33,27,6
116900299,31,38,-7
116900300,12,270,-258
116900301,47,30,17
116900302,1257,268,989
116900303,387,26,361
116900304,0,92,-92
116900305,6,38,-32
116900306,42,179,-137
117000001,1278,1115,163
117000002,1550,4403,-2853
117000003,5795,2312,3483
117000004,4663,4913,-250
117000005,1219,1235,-16
117000006,1032,3585,-2553
117000007,2079,943,1136
117000008,1106,4736,-3630
117000009,3402,1451,1951
117000010,2763,4676,-1913
117000011,1023,1683,-660
117000012,1030,1856,-826
117000013,958,1074,-116
117000014,814,2705,-1891
117000015,2973,1120,1853
117000016,660,86,574
117000017,440,198,242
117000018,136,440,-304
117000019,130,1,129
117000020,750,1014,-264
117000021,3320,382,2938
117000022,526,57,469
117000023,597,100,497
117000024,517,143,374
117000025,995,733,262
117000026,2782,673,2109
117000027,2572,639,1933
117000028,3221,473,2748
117000030,284,174,110
117000032,1802,1582,220
117000033,1467,1466,1
117000034,109,133,-24
117000036,164,128,36
117000038,172,295,-123
117000039,17,136,-119
117000040,105,1615,-1510
117000041,486,129,357
117000044,12,1393,-1381
117000045,205,54,151
117000046,412,740,-328
117000047,379,421,-42
117000048,2183,1627,556
117000049,150,567,-417
117000050,80,3094,-3014
117000051,1300,159,1141
117000052,9,662,-653
117000053,163,71,92
117000054,1175,7,1168
117000055,25,4440,-4415
117000056,467,10,457
117000057,625,2504,-1879
117000060,396,1830,-1434
117000061,1181,694,487
117000062,175,547,-372
117000063,1247,593,654
117000064,855,871,-16
117000066,1629,780,849
117000067,119,356,-237
117000074,169,154,15
117000076,65,45,20
117000077,107,107,0
117000078,96,643,-547
117000079,185,139,46
117000080,3,369,-366
117000081,607,99,508
117000082,12,58,-46
117000083,97,10,87
117000084,289,1,288
117000085,122,535,-413
117000086,1091,711,380
117000087,114,565,-451
117000088,171,184,-13
117000089,1121,369,752
117000090,231,1768,-1537
117000091,406,321,85
117000092,313,2020,-1707
117000093,734,611,123
117000094,806,3053,-2247
117000095,1966,709,1257
117000096,497,3142,-2645
117000097,853,1094,-241
117000098,2747,6272,-3525
117000099,2121,949,1172
117000100,119,185,-66
117000101,192,1537,-1345
117000102,1143,533,610
117000103,748,2209,-1461
117000104,971,499,472
117000105,873,2174,-1301
117000106,761,780,-19
117000107,511,2368,-1857
117000108,1013,846,167
117000109,1748,3192,-1444
117000110,1067,777,290
117000111,3615,4951,-1336
117000112,2237,2039,198
117000113,86,451,-365
117000114,116,146,-30
117000115,49,191,-142
117000116,79,212,-133
117000117,1706,660,1046
117000118,303,145,158
117000119,376,67,309
117000120,448,144,304
117000121,278,499,-221
117000122,568,804,-236
117000123,1881,32,1849
117000124,911,59,852
117000125,400,69,331
117000126,80,50,30
117000127,226,482,-256
117000128,420,822,-402
117000129,345,36,309
117000130,122,2,120
117000131,1,48,-47
117000132,1312,43,1269
117000133,798,175,623
117000134,1,66,-65
117000135,13,34,-21
117000136,0,53,-53
117000137,66,60,6
117000138,0,593,-593
117000140,482,1923,-1441
117000141,1334,604,730
117000181,1358,465,893
117000182,219,248,-29
117000195,171,1534,-1363
117000196,144,69,75
117000225,164,5,159
117000226,7,111,-104
117000276,173,9,164
117000277,1,741,-740
117000310,2019,2649,-630
117000315,25,690,-665
117000320,32,0,32
117000906,121,7,114
117000907,17,485,-468
117000908,96,6,90
117000909,116,39,77
117000910,144,125,19
117000911,77,165,-88
117000915,9,802,-793
117000916,5,3,2
117000917,504,17,487
117000918,27,47,-20
117000919,7,169,-162
117000920,6,2126,-2120
117000921,11,2476,-2465
117000922,50,127,-77
117000924,446,571,-125
117000926,1361,65,1296
117000927,2501,459,2042
117000928,3,306,-303
117000929,95,584,-489
117000930,79,20,59
117000931,1073,76,997
117900002,125,399,-274
117900003,961,363,598
117900005,5,6,-1
117900006,1,27,-26
117900007,76,199,-123
117900008,0,38,-38
117900010,195,131,64
117900011,35,18,17
117900012,35,207,-172
117900013,0,353,-353
117900014,165,218,-53
117900015,10,207,-197
117900016,1456,427,1029
117900017,423,494,-71
117900018,229,49,180
117900019,252,572,-320
117900020,59,203,-144
117900021,18,138,-120
117900022,25,7,18
117900023,742,180,562
117900024,74,141,-67
117900025,24,4,20
117900026,218,572,-354
117900028,66,3,63
117900029,239,1218,-979
117900030,202,141,61
117900031,174,91,83
117900032,419,360,59
117900033,121,1051,-930
117900034,13,18,-5
117900035,88,51,37
117900036,157,801,-644
117900037,71,136,-65
117900038,31,430,-399
117900039,17,84,-67
117900040,75,633,-558
117900041,12,58,-46
117900042,5113,470,4643
117900043,35,42,-7
117900044,8,2040,-2032
117900045,94,85,9
117900048,115,413,-298
117900049,136,805,-669
117900050,15,39,-24
117900051,76,9,67
117900052,56,249,-193
117900053,654,771,-117
117900054,0,19,-19
117900055,138,152,-14
117900056,589,15,574
117900057,752,1260,-508
117900058,876,289,587
117900059,363,76,287
117900060,741,6185,-5444
117900061,10,166,-156
117900063,165,243,-78
117900065,724,1252,-528
117900066,11,46,-35
117900067,237,382,-145
117900069,528,577,-49
117900070,387,8,379
117900071,67,133,-66
117900073,195,549,-354
117900074,181,2,179
117900075,42,74,-32
117900076,7,31,-24
117900077,127,144,-17
117900078,207,440,-233
117900080,168,57,111
117900081,572,481,91
117900082,231,202,29
117900083,176,826,-650
117900086,77,50,27
117900087,75,37,38
117900088,2862,2151,711
117900089,1153,308,845
117900090,284,1053,-769
117900091,177,168,9
117900092,36,61,-25
117900093,38,64,-26
117900094,14,12,2
117900095,174,580,-406
117900096,55,203,-148
117900097,196,95,101
117900098,4,9,-5
117900099,108,600,-492
117900100,107,1,106
117900101,405,935,-530
117900102,15,57,-42
117900103,20,0,20
117900104,16,158,-142
117900105,129,248,-119
117900106,57,53,4
117900107,9,0,9
117900109,319,346,-27
117900110,16,2,14
117900111,112,4,108
117900112,40,20,20
117900113,4809,1498,3311
117900114,1,0,1
117900115,364,43,321
117900116,814,913,-99
117900117,357,549,-192
117900118,10,0,10
117900119,79,370,-291
117900120,92,178,-86
117900121,45,34,11
117900122,1172,1643,-471
117900123,538,871,-333
117900124,534,653,-119
117900125,1318,935,383
117900126,268,641,-373
117900127,357,642,-285
117900128,234,1192,-958
117900129,27,0,27
117900130,735,409,326
117900131,1,119,-118
117900132,8,121,-113
117900133,0,138,-138
117900134,51,246,-195
117900135,17,232,-215
117900136,0,47,-47
117900137,54,342,-288
117900138,1,71,-70
117900139,53,149,-96
117900140,5949,395,5554
117900141,241,222,19
117900142,84,6,78
117900144,86,116,-30
117900145,80,12,68
117900146,144,112,32
117900147,25,46,-21
117900148,3031,851,2180
117900149,34,172,-138
117900150,16,127,-111
117900151,26,201,-175
117900152,99,98,1
117900153,11,136,-125
117900154,312,779,-467
117900156,751,609,142
117900157,70,446,-376
117900158,109,110,-1
117900160,392,329,63
117900161,2691,2800,-109
117900162,226,334,-108
117900163,128,15,113
117900165,0,4,-4
117900166,82,214,-132
117900168,53,127,-74
117900169,1,107,-106
117900170,2,22,-20
117900171,0,21,-21
117900172,4,56,-52
117900173,149,49,100
117900174,11,42,-31
117900175,3,47,-44
117900176,5,64,-59
117900177,11,71,-60
117900178,89,27,62
117900180,266,28,238
117900181,168,235,-67
117900182,1,27,-26
117900183,17,149,-132
117900184,26,55,-29
117900185,20,35,-15
117900186,44,16,28
117900187,15,11,4
117900188,215,28,187
117900189,53,32,21
117900190,18,2,16
117900191,44,1,43
117900192,98,3,95
117900193,12,29,-17
117900194,4,3,1
117900195,12,45,-33
117900196,9,13,-4
117900207,133,73,60
117900208,33,42,-9
117900209,113,145,-32
117900210,157,176,-19
117900211,19,245,-226
117900212,60,143,-83
117900213,8,8,0
117900214,6,68,-62
117900216,7,24,-17
117900217,72,111,-39
117900218,98,157,-59
117900219,10,53,-43
117900220,107,85,22
117900221,20,4,16
118000001,683,388,295
118000002,1079,1691,-612
118000003,1614,1092,522
118000004,2198,1459,739
118000005,7149,2512,4637
118000006,9351,6262,3089
118000007,6555,2381,4174
118000008,4819,2632,2187
118000009,1942,2834,-892
118000010,3506,3862,-356
118000011,886,3046,-2160
118000012,1080,2934,-1854
118000013,3474,3005,469
118000014,1924,2897,-973
118000016,171,395,-224
118000017,164,292,-128
118000018,190,555,-365
118000019,1957,1211,746
118000020,1359,1253,106
118000021,516,1654,-1138
118000022,1783,553,1230
118000023,1011,204,807
118000024,1783,646,1137
118000025,1309,861,448
118000027,18794,5457,13337
118000029,1148,479,669
118000032,1922,1856,66
118000033,2726,2279,447
118000034,5676,1778,3898
118000035,1275,1279,-4
118000036,968,791,177
118000037,567,885,-318
118000038,106,104,2
118000039,78,348,-270
118000040,1291,2148,-857
118000041,1596,1473,123
118000045,564,92,472
118000046,1748,522,1226
118000047,1814,681,1133
118000048,3123,891,2232
118000051,2432,1278,1154
118000052,1630,791,839
118000053,483,548,-65
118000054,1503,1130,373
118000055,1310,1915,-605
118000056,174,293,-119
118000057,289,466,-177
118000058,5931,1239,4692
118000059,3246,790,2456
118000060,611,783,-172
118000061,610,1219,-609
118000062,509,315,194
118000063,289,472,-183
118000064,786,1219,-433
118000065,4891,1693,3198
118000066,710,960,-250
118000067,920,569,351
118000068,1764,2937,-1173
118000069,3139,1001,2138
118000070,7218,1374,5844
118000071,3686,4475,-789
118000072,1908,810,1098
118000073,2330,370,1960
118000074,351,392,-41
118000075,640,268,372
118000076,984,966,18
118000077,1246,1032,214
118000078,1483,1475,8
118000079,257,338,-81
118000080,917,731,186
118000081,1319,907,412
118000082,303,783,-480
118000083,2176,1156,1020
118000084,2349,1291,1058
118000086,188,444,-256
118000087,5989,2326,3663
118000088,1395,1381,14
118000089,4010,2007,2003
118000090,1961,2267,-306
118000091,1588,1368,220
118000092,1230,334,896
118000093,108,620,-512
118000096,451,598,-147
118000097,514,509,5
118000098,149,166,-17
118000099,301,912,-611
118000101,615,289,326
118000102,236,1230,-994
118000107,3732,439,3293
118000108,570,1135,-565
118000110,1,20,-19
118000111,1,678,-677
118000112,178,1,177
118000113,6,1245,-1239
118000114,155,3,152
118000115,12,4,8
118000116,25,1,24
118000117,1097,912,185
118000118,680,527,153
118000119,706,977,-271
118000120,1536,1589,-53
118000121,64,440,-376
118000122,1113,259,854
118000123,29,239,-210
118000125,1492,1201,291
118000126,451,1212,-761
118000127,1299,528,771
118000128,580,1142,-562
118000129,448,215,233
118000130,2382,3712,-1330
118000131,313,919,-606
118000132,1634,1255,379
118000133,402,352,50
118000135,344,246,98
118000136,91,449,-358
118000137,468,84,384
118000138,177,1076,-899
118000139,143,77,66
118000140,1939,2895,-956
118000141,1496,1866,-370
118000142,1041,2035,-994
118000143,1113,908,205
118000144,1387,989,398
118000145,1155,2425,-1270
118000146,775,1206,-431
118000147,635,1557,-922
118000148,239,1154,-915
118000149,564,1028,-464
118000150,261,205,56
118000151,194,442,-248
118000153,686,1078,-392
118000154,728,1593,-865
118000155,697,1192,-495
118000156,2304,2025,279
118000157,257,266,-9
118000158,86,443,-357
118000159,15,79,-64
118000160,304,370,-66
118000161,304,1041,-737
118000162,809,816,-7
118000163,369,668,-299
118000164,1957,1273,684
118000168,1661,297,1364
118000169,859,1780,-921
118000170,3354,5922,-2568
118000171,174,637,-463
118000172,64,267,-203
118000173,697,1101,-404
118000175,217,354,-137
118000176,177,363,-186
118000177,131,439,-308
118000178,77,38,39
118000179,1492,631,861
118000180,664,697,-33
118000181,664,322,342
118000182,209,240,-31
118000183,223,213,10
118000184,421,960,-539
118000185,1065,733,332
118000186,575,821,-246
118000187,858,853,5
118000188,482,237,245
118000189,293,927,-634
118000190,11,7,4
118000191,11,55,-44
118000192,42,104,-62
118000193,27,223,-196
118000194,1387,880,507
118000195,917,396,521
118000196,574,98,476
118000197,207,84,123
118000198,449,361,88
118000199,562,239,323
118000200,48,212,-164
118000201,448,303,145
118000202,31,48,-17
118000203,1233,370,863
118000204,113,169,-56
118000205,272,236,36
118000206,141,153,-12
118000207,0,139,-139
118000208,817,1439,-622
118000209,1505,1837,-332
118000210,46,35,11
118000211,8,23,-15
118000213,951,1123,-172
118000214,494,289,205
118000215,172,309,-137
118000216,1412,4972,-3560
118000217,22,92,-70
118000218,29,106,-77
118000219,448,344,104
118000220,0,23,-23
118000221,72,247,-175
118000222,53,15,38
118000223,19,33,-14
118000224,175,100,75
118000225,97,985,-888
118000226,666,130,536
118000227,781,228,553
118000228,162,134,28
118000229,330,22,308
118000230,54,326,-272
118000231,51,210,-159
118000232,481,1043,-562
118000233,594,847,-253
118000234,140,377,-237
118000236,270,484,-214
118000237,31,650,-619
118000238,112,390,-278
118000239,169,334,-165
118000240,687,91,596
118000241,108,249,-141
118000242,314,686,-372
118000243,119,240,-121
118000244,11,199,-188
118000246,0,6,-6
118000255,31,189,-158
118000256,66,208,-142
118000259,8,82,-74
118000260,65,91,-26
118000261,9,124,-115
118000263,48,204,-156
118000266,81,536,-455
118000267,0,93,-93
118000268,321,66,255
118000270,24,44,-20
118000271,92,337,-245
118000272,62,40,22
118000273,76,74,2
118000274,80,354,-274
118000276,339,365,-26
118000295,1,72,-71
118000298,159,324,-165
118000299,30,162,-132
118000301,0,63,-63
118000302,42,108,-66
118000311,171,125,46
118000312,156,217,-61
118000313,45,253,-208
118000314,49,83,-34
118000315,41,78,-37
118000316,372,561,-189
118000325,24,139,-115
118000326,16,36,-20
118000331,28,90,-62
118000332,7,74,-67
118000333,18,86,-68
118000335,114,1,113
118000336,1,397,-396
118000407,44,63,-19
118000457,12,8,4
118000465,4623,2587,2036
118000480,8,133,-125
118000489,15,145,-130
118000490,25,394,-369
118000492,87,170,-83
118000510,39,10,29
118000514,126,305,-179
118000515,486,441,45
118000517,388,156,232
118000524,729,153,576
118000525,743,835,-92
118000530,16,113,-97
118000531,117,273,-156
118000532,126,253,-127
118000533,279,110,169
118000534,384,420,-36
118000535,112,72,40
118000536,1353,801,552
118000537,38,89,-51
118000538,8,165,-157
118000539,20,64,-44
118000540,307,397,-90
118000541,176,132,44
118000542,74,162,-88
118000543,253,211,42
118000546,34,31,3
118000560,3729,897,2832
118000562,35,504,-469
118000563,1591,1297,294
118000576,134,212,-78
118000577,86,101,-15
118000578,106,100,6
118000579,644,993,-349
118000595,80,57,23
118000596,0,77,-77
118000597,69,97,-28
118000598,2,0,2
118000599,13,39,-26
118000600,0,50,-50
118000601,4,0,4
118000602,0,23,-23
118000603,0,24,-24
118900001,1315,911,404
118900002,1167,623,544
118900003,140,41,99
118900004,29,83,-54
118900005,36,3,33
118900006,79,9,70
118900007,3,1,2
118900008,1271,33,1238
118900009,9,27,-18
118900010,28,2,26
118900011,115,26,89
118900012,295,228,67
118900013,591,40,551
118900015,66,57,9
118900016,3,22,-19
118900017,130,216,-86
118900018,1242,23,1219
118900019,60,8,52
118900020,148,110,38
118900021,101,376,-275
118900022,88,102,-14
118900023,54,112,-58
118900024,46,257,-211
118900025,22,12,10
118900026,41,93,-52
118900027,433,199,234
118900028,60,205,-145
118900029,90,503,-413
118900030,149,37,112
118900031,63,130,-67
118900032,93,225,-132
118900033,255,683,-428
118900034,65,6,59
118900035,72,316,-244
118900036,520,774,-254
118900037,236,351,-115
118900038,184,351,-167
118900039,251,300,-49
118900040,156,191,-35
118900041,208,179,29
118900042,97,84,13
118900045,140,143,-3
118900046,606,117,489
118900047,835,152,683
118900048,79,181,-102
118900049,72,34,38
118900050,9,151,-142
118900051,45,49,-4
118900052,154,296,-142
118900053,53,80,-27
118900054,66,52,14
118900055,32,137,-105
118900056,24,197,-173
118900057,380,307,73
118900058,274,463,-189
118900059,16,73,-57
118900060,23,94,-71
118900062,169,229,-60
118900064,718,352,366
118900065,31,154,-123
118900066,44,126,-82
118900067,6076,1934,4142
118900068,1,116,-115
118900069,263,234,29
118900071,2,67,-65
118900072,316,478,-162
118900073,35,110,-75
118900074,59,171,-112
118900075,24,103,-79
118900076,196,70,126
118900077,210,190,20
118900078,32,4,28
118900079,46,213,-167
118900080,9,114,-105
118900081,35,14,21
118900082,470,158,312
118900083,7,21,-14
118900084,5,22,-17
118900085,435,1022,-587
118900086,22,42,-20
118900087,14,141,-127
118900088,0,7,-7
118900089,19,8,11
118900090,320,505,-185
118900091,236,126,110
118900092,53,93,-40
118900093,117,9,108
118900096,53,16,37
118900097,152,923,-771
118900099,68,340,-272
118900100,139,286,-147
118900101,26,631,-605
118900102,22,83,-61
118900103,41,44,-3
118900104,75,144,-69
118900105,139,83,56
118900107,129,92,37
118900108,45,124,-79
118900109,1266,150,1116
118900110,1977,531,1446
118900111,232,800,-568
118900112,44,159,-115
118900113,59,729,-670
118900114,30,97,-67
118900115,124,411,-287
118900116,95,155,-60
118900117,48,183,-135
118900118,163,457,-294
118900119,106,312,-206
118900120,71,300,-229
118900121,13,364,-351
118900122,13,534,-521
118900123,74,231,-157
118900124,60,191,-131
118900126,15,264,-249
118900129,160,160,0
118900130,16,102,-86
118900131,52,294,-242
118900132,383,177,206
118900133,13,76,-63
118900135,102,257,-155
118900136,206,989,-783
118900137,5,17,-12
118900139,72,701,-629
118900140,339,942,-603
118900141,44,356,-312
118900144,92,663,-571
118900145,26,222,-196
118900146,182,886,-704
118900147,128,46,82
118900148,43,90,-47
118900150,117,407,-290
118900152,505,886,-381
118900157,101,145,-44
118900158,77,111,-34
118900159,6,262,-256
118900161,79,9,70
118900163,314,73,241
118900164,1,119,-118
118900165,42,282,-240
118900166,66,4,62
118900167,51,190,-139
118900168,13,69,-56
118900169,82,520,-438
118900170,59,136,-77
118900171,7,31,-24
118900174,41,45,-4
118900175,208,405,-197
118900176,80,212,-132
118900177,16,47,-31
118900178,46,100,-54
118900179,6,44,-38
118900181,27,63,-36
118900182,47,45,2
118900183,6,61,-55
118900184,126,64,62
118900185,47,128,-81
118900186,63,90,-27
118900187,107,304,-197
118900188,197,335,-138
118900189,32,503,-471
118900190,12,753,-741
118900191,68,56,12
118900192,82,43,39
118900193,172,16,156
118900195,367,1095,-728
118900196,30,165,-135
118900197,107,109,-2
118900198,14,51,-37
118900199,18,59,-41
118900200,6,6,0
118900201,9,7,2
118900202,1,66,-65
118900203,4,39,-35
118900204,4,39,-35
118900205,6,20,-14
118900206,1,45,-44
119000001,828,1280,-452
119000002,2437,3576,-1139
119000003,1120,1712,-592
119000004,1564,1392,172
119000005,1255,1536,-281
119000006,1355,1468,-113
119000007,2211,2716,-505
119000008,1237,2081,-844
119000009,2801,2415,386
119000010,7216,3543,3673
119000011,6035,2228,3807
119000012,5415,3192,2223
119000013,1909,1133,776
119000014,2272,3572,-1300
119000019,192,166,26
119000020,957,1193,-236
119000021,2398,1869,529
119000022,3839,1535,2304
119000023,211,205,6
119000024,1877,5737,-3860
119000025,12572,1317,11255
119000026,210,211,-1
119000027,464,396,68
119000028,1911,1196,715
119000029,91,211,-120
119000030,346,1035,-689
119000031,466,553,-87
119000032,2080,2232,-152
119000033,1576,1699,-123
119000034,778,1114,-336
119000035,17,398,-381
119000036,824,1120,-296
119000037,908,2590,-1682
119000038,92,1386,-1294
119000039,133,311,-178
119000040,942,363,579
119000041,792,928,-136
119000048,3490,3958,-468
119000049,966,3584,-2618
119000050,1502,2209,-707
119000051,1417,908,509
119000052,1902,2886,-984
119000053,1516,1210,306
119000054,2352,4036,-1684
119000055,2142,3943,-1801
119000056,1512,2005,-493
119000057,1216,2697,-1481
119000058,1641,2367,-726
119000059,807,1661,-854
119000060,861,679,182
119000061,637,847,-210
119000062,749,1152,-403
119000063,263,228,35
119000064,1082,1398,-316
119000065,1655,2960,-1305
119000066,1021,849,172
119000067,1509,2821,-1312
119000068,879,1020,-141
119000069,1010,2780,-1770
119000070,1188,1101,87
119000071,450,905,-455
119000072,6373,3655,2718
119000073,3932,4837,-905
119000074,701,3864,-3163
119000075,736,2401,-1665
119000076,331,801,-470
119000077,486,476,10
119000078,190,255,-65
119000079,45,671,-626
119000080,118,254,-136
119000081,111,329,-218
119000082,366,210,156
119000083,309,285,24
119000084,223,521,-298
119000085,451,290,161
119000086,210,343,-133
119000087,1700,1191,509
119000088,219,173,46
119000089,32,131,-99
119000090,112,173,-61
119000091,116,248,-132
119000092,573,235,338
119000093,4337,3798,539
119000094,1751,5924,-4173
119000095,1051,3073,-2022
119000097,2275,1759,516
119000098,630,1453,-823
119000099,2081,2024,57
119000100,2162,2153,9
119000101,2383,2409,-26
119000102,639,764,-125
119000103,1288,512,776
119000104,3537,1554,1983
119000105,623,925,-302
119000106,183,2375,-2192
119000107,366,490,-124
119000108,209,1489,-1280
119000109,67,262,-195
119000110,279,345,-66
119000111,43,492,-449
119000112,112,101,11
119000113,2225,293,1932
119000114,610,557,53
119000115,215,202,13
119000116,84,95,-11
119000117,65,384,-319
119000118,1,2,-1
119000123,3270,635,2635
119000124,380,267,113
119000125,1771,1245,526
119000126,149,966,-817
119000127,241,959,-718
119000128,40,10,30
119000131,557,1248,-691
119000132,5,7,-2
119000133,0,9,-9
119000134,2488,511,1977
119000135,62,245,-183
119000136,99,337,-238
119000137,117,720,-603
119000138,181,534,-353
119000139,181,337,-156
119000140,115,255,-140
119000284,1421,2845,-1424
119000285,2411,2277,134
119000286,6886,5394,1492
119000287,1090,2182,-1092
119000288,1418,1867,-449
119000289,1953,4047,-2094
119000290,170,572,-402
119000291,1,441,-440
119000293,56,141,-85
119000294,32,51,-19
119000295,2312,547,1765
119000296,150,95,55
119000302,3488,1309,2179
119000303,28,162,-134
119000314,1599,5884,-4285
119000315,3,822,-819
119000316,24,79,-55
119000317,28,463,-435
119900001,188,767,-579
119900002,37,267,-230
119900003,64,1518,-1454
119900004,327,442,-115
119900005,77,198,-121
119900006,147,415,-268
119900007,639,80,559
119900008,29,29,0
119900009,326,599,-273
119900010,671,1070,-399
119900011,20,53,-33
119900012,20,43,-23
119900013,1307,682,625
119900014,370,245,125
119900015,74,24,50
119900016,41,96,-55
119900017,5,47,-42
119900018,1630,370,1260
119900019,18,10,8
119900020,67,164,-97
119900021,55,57,-2
119900022,125,303,-178
119900023,913,540,373
119900025,120,31,89
119900026,1058,81,977
119900027,2,29,-27
119900028,115,43,72
119900029,1,13,-12
119900030,383,440,-57
119900031,22,216,-194
119900033,2134,167,1967
119900034,122,188,-66
119900037,93,39,54
119900038,30,161,-131
119900039,30,9,21
119900040,63,14,49
119900041,56,76,-20
119900042,18,163,-145
119900043,46,194,-148
119900044,132,355,-223
119900046,43,102,-59
119900047,124,86,38
119900048,8,34,-26
119900049,48,15,33
119900050,65,56,9
119900051,454,9,445
119900052,26,93,-67
119900053,66,258,-192
119900054,67,3,64
119900055,644,278,366
119900057,76,95,-19
119900058,98,1,97
119900059,80,45,35
119900060,122,9,113
119900061,105,4,101
119900062,32,39,-7
119900063,11,60,-49
119900064,208,42,166
119900065,150,6,144
119900066,3,0,3
119900067,36,41,-5
119900068,175,4,171
119900069,19,13,6
119900070,537,21,516
119900071,296,4,292
119900072,100,477,-377
119900073,1798,438,1360
119900074,15,17,-2
119900075,7028,2216,4812
119900076,208,652,-444
119900077,382,1734,-1352
119900078,216,989,-773
119900079,75,322,-247
119900080,192,307,-115
119900081,18,49,-31
119900082,550,103,447
119900083,370,86,284
119900084,944,189,755
119900085,134,63,71
119900086,96,782,-686
119900087,362,219,143
119900088,50,73,-23
119900089,7,732,-725
119900090,203,69,134
119900091,45,1521,-1476
119900092,25,562,-537
119900093,674,124,550
119900094,22,206,-184
119900095,182,117,65
119900096,39,121,-82
119900097,489,193,296
119900098,27,75,-48
119900099,18,330,-312
119900100,3342,1830,1512
119900101,212,818,-606
119900102,24,353,-329
119900103,27,608,-581
119900104,38,331,-293
119900105,611,1084,-473
119900106,8,253,-245
119900107,376,4248,-3872
119900108,1839,788,1051
119900109,9,306,-297
119900110,374,689,-315
119900111,61,485,-424
119900112,3194,494,2700
119900113,75,578,-503
119900114,129,1825,-1696
119900115,159,1582,-1423
119900116,156,311,-155
119900117,166,1189,-1023
119900118,45,1505,-1460
119900119,121,308,-187
119900120,671,810,-139
119900121,142,1635,-1493
119900122,214,446,-232
119900123,157,316,-159
119900124,84,1289,-1205
119900125,69,498,-429
119900126,5863,283,5580
119900127,3518,1087,2431
119900128,204,876,-672
119900129,85,1117,-1032
119900130,54,309,-255
119900131,23,421,-398
119900132,0,508,-508
119900133,27,64,-37
119900134,2668,341,2327
119900135,0,698,-698
119900136,175,594,-419
119900138,397,733,-336
119900139,19,94,-75
119900140,0,158,-158
119900141,146,359,-213
119900142,14,31,-17
119900143,15,174,-159
119900144,2509,301,2208
119900145,50,308,-258
119900146,143,122,21
119900147,5,94,-89
119900148,67,34,33
119900149,2057,1832,225
119900150,145,281,-136
119900151,1774,715,1059
119900152,44,559,-515
119900153,66,54,12
119900154,9,377,-368
119900155,25,40,-15
119900156,11,1,10
119900157,39,351,-312
119900158,90,59,31
119900159,6,2334,-2328
119900160,12,334,-322
119900161,129,347,-218
119900162,709,829,-120
119900163,158,95,63
119900164,0,2,-2
119900165,50,353,-303
119900166,67,23,44
119900167,82,168,-86
119900168,382,436,-54
119900169,143,230,-87
119900170,141,164,-23
119900171,515,549,-34
119900172,119,22,97
119900173,3,645,-642
119900174,12,332,-320
119900175,588,632,-44
119900177,36,270,-234
119900178,7,246,-239
119900179,38,192,-154
119900180,652,583,69
119900181,43,51,-8
119900182,8,769,-761
119900183,104,972,-868
119900184,4134,792,3342
119900185,26,81,-55
119900186,64,391,-327
119900187,15,705,-690
119900188,37,363,-326
119900189,388,247,141
119900190,62,131,-69
119900191,331,128,203
119900192,24,220,-196
119900193,157,191,-34
119900194,10,48,-38
119900195,19,291,-272
119900196,2417,589,1828
119900197,135,123,12
119900198,59,496,-437
119900199,133,18,115
119900200,362,543,-181
119900201,573,273,300
119900202,123,98,25
119900203,152,280,-128
119900204,129,378,-249
119900205,264,787,-523
119900206,67,158,-91
119900208,119,131,-12
119900209,254,712,-458
119900210,14,45,-31
119900211,74,12,62
119900212,65,250,-185
119900213,10,68,-58
119900214,20,100,-80
119900215,28,116,-88
119900216,11,131,-120
119900217,5,100,-95
119900218,17,71,-54
119900219,9,158,-149
119900220,2,176,-174
119900221,26,548,-522
119900222,14,414,-400
119900223,17,144,-127
119900224,13,44,-31
119900225,1629,53,1576
119900226,1110,1326,-216
119900227,1827,459,1368
119900228,29,340,-311
119900229,290,577,-287
119900230,1523,703,820
119900231,110,247,-137
119900232,173,66,107
119900233,26,2,24
119900234,10,45,-35
119900235,7,5,2
119900236,6,261,-255
119900237,37,700,-663
119900238,0,118,-118
119900240,53,157,-104
119900241,124,263,-139
119900242,1788,1428,360
119900244,798,1127,-329
119900245,50,113,-63
119900246,220,355,-135
119900247,28,50,-22
119900248,34,64,-30
119900249,105,67,38
119900253,4751,397,4354
119900254,53,207,-154
119900255,37,475,-438
119900256,220,1645,-1425
119900257,15,2,13
119900258,42,14,28
119900259,4,281,-277
119900260,51,6,45
119900261,147,240,-93
119900262,3,385,-382
119900263,820,436,384
119900264,26,366,-340
119900265,154,359,-205
119900266,119,401,-282
119900267,108,437,-329
119900268,62,295,-233
119900269,300,1464,-1164
119900271,15,100,-85
119900272,98,51,47
119900275,64,3,61
119900276,38,0,38
119900277,0,3,-3
119900278,247,51,196
119900279,143,197,-54
119900280,1070,249,821
119900281,1,90,-89
119900282,39,34,5
119900283,6,439,-433
119900284,33,184,-151
119900285,20,73,-53
119900286,4,10,-6
119900288,7,42,-35
119900289,0,30,-30
119900290,0,48,-48
119900291,8,68,-60
119900292,26,9,17
119900293,5,43,-38
119900294,19,75,-56
119900295,5,17,-12
119900296,13,243,-230
119900297,0,36,-36
119900298,3,2,1
119900299,10,286,-276
119900300,94,255,-161
119900301,141,69,72
119900302,63,58,5
119900303,154,230,-76
119900304,61,12,49
119900305,27,159,-132
119900306,12,0,12
119900307,40,165,-125
119900308,4,10,-6
119900309,9,45,-36
119900310,189,372,-183
119900311,32,179,-147
119900312,53,118,-65
119900313,172,446,-274
119900314,93,242,-149
119900315,720,3848,-3128
119900318,6,17,-11
119900319,1,435,-434
119900320,130,924,-794
119900321,32,2,30
120000001,9057,9268,-211
120000002,2044,3226,-1182
120000003,3809,1980,1829
120000004,2669,2500,169
120000005,5057,2377,2680
120000006,1076,1197,-121
120000007,3457,2273,1184
120000008,920,1425,-505
120000009,5427,1118,4309
120000010,1464,3464,-2000
120000011,1170,2354,-1184
120000012,1646,3721,-2075
120000013,2092,3087,-995
120000014,518,1750,-1232
120000015,2398,1628,770
120000016,2919,2370,549
120000017,1792,1885,-93
120000018,5657,8169,-2512
120000019,594,1094,-500
120000020,3076,2430,646
120000021,1781,1817,-36
120000022,2766,3226,-460
120000023,827,1505,-678
120000024,1287,2213,-926
120000025,1746,2348,-602
120000026,710,1924,-1214
120000027,1056,1617,-561
120000028,546,378,168
120000029,2273,434,1839
120000030,155,621,-466
120000031,1800,4604,-2804
120000032,11517,3552,7965
120000033,2761,2008,753
120000034,1089,2551,-1462
120000035,1526,2778,-1252
120000036,2186,4314,-2128
120000037,552,1020,-468
120000038,11450,3551,7899
120000039,341,1039,-698
120000040,48,139,-91
120000041,490,2139,-1649
120000042,1464,5083,-3619
120000043,4395,3411,984
120000044,3054,1396,1658
120000045,3087,982,2105
120000046,1652,1924,-272
120000047,2448,3212,-764
120000048,9616,3498,6118
120000049,3448,2924,524
120000050,3166,5062,-1896
120000051,4012,5002,-990
120000052,16768,3008,13760
120000053,749,4922,-4173
120000054,1442,7695,-6253
120000055,1060,5469,-4409
120000056,2894,6180,-3286
120000057,1342,960,382
120000058,410,224,186
120000059,129,1004,-875
120000061,57,939,-882
120000062,171,277,-106
120000063,2028,3974,-1946
120000064,201,2002,-1801
120000065,451,2419,-1968
120000066,109,624,-515
120000067,24,816,-792
120000068,163,1444,-1281
120000069,483,1907,-1424
120000070,21,1247,-1226
120000071,131,182,-51
120000072,296,549,-253
120000073,315,125,190
120000074,42,83,-41
120000075,295,229,66
120000076,871,395,476
120000077,938,488,450
120000078,2867,732,2135
120000079,110,64,46
120000080,51,113,-62
120000081,109,97,12
120000082,92,130,-38
120000083,33,209,-176
120000084,417,575,-158
120000085,262,401,-139
120000086,275,807,-532
120000087,109,1435,-1326
120000088,557,1758,-1201
120000089,840,675,165
120000090,434,596,-162
120000091,487,1160,-673
120000092,907,573,334
120000093,234,527,-293
120000094,97,448,-351
120000095,688,776,-88
120000096,182,1378,-1196
120000098,648,1257,-609
120000099,204,816,-612
120000100,515,1148,-633
120000101,333,595,-262
120000102,339,575,-236
120000103,780,528,252
120000104,1242,300,942
120000105,1796,340,1456
120000106,1302,377,925
120000107,1875,433,1442
120000108,592,114,478
120000109,650,111,539
120000110,86,1158,-1072
120000111,141,1712,-1571
120000112,739,5169,-4430
120000113,582,3728,-3146
120000114,746,3460,-2714
120000115,377,3012,-2635
120000116,675,2545,-1870
120000117,1528,1885,-357
120000118,18,34,-16
120000119,41,67,-26
120000120,43,61,-18
120000121,17,48,-31
120000122,299,288,11
120000123,7388,3692,3696
120000124,298,551,-253
120000125,217,736,-519
120000126,180,726,-546
120000127,2631,785,1846
120000128,4978,1825,3153
120000129,337,290,47
120000130,669,759,-90
120000131,177,469,-292
120000134,352,1720,-1368
120000135,185,289,-104
120000137,94,2702,-2608
120000138,307,616,-309
120000139,119,1301,-1182
120000140,350,722,-372
120000141,133,679,-546
120000142,238,737,-499
120000143,3,164,-161
120000144,40,2,38
120000145,154,2,152
120000146,2623,977,1646
120000149,418,1059,-641
120000150,5747,7820,-2073
120000151,314,525,-211
120000152,270,349,-79
120000153,209,931,-722
120000154,358,349,9
120000155,85,248,-163
120000156,1668,574,1094
120000157,713,739,-26
120000158,599,1017,-418
120000159,1631,2518,-887
120000160,1983,1234,749
120000161,925,2848,-1923
120000162,54,285,-231
120000163,305,1942,-1637
120000164,261,620,-359
120000165,258,1296,-1038
120000166,615,830,-215
120000167,23,37,-14
120000168,5,102,-97
120000169,92,399,-307
120000170,97,207,-110
120000171,23,53,-30
120000172,28,58,-30
120000173,2206,140,2066
120000174,367,9,358
120000175,501,16,485
120000176,382,47,335
120000177,1311,311,1000
120000178,81,6,75
120000179,309,39,270
120000180,491,118,373
120000181,62,125,-63
120000182,48,70,-22
120000183,7,133,-126
120000184,88,919,-831
120000186,63,69,-6
120000187,60,50,10
120000188,198,36,162
120000190,1200,7,1193
120000191,1982,15,1967
120000192,2193,15,2178
120000193,745,2,743
120000195,113,4,109
120000196,277,26,251
120000197,87,103,-16
120000198,141,233,-92
120000199,38,1,37
120000200,52,1,51
120000201,15,17,-2
120000202,2,91,-89
120000203,23,435,-412
120000207,2,161,-159
120000208,7,419,-412
120000209,2,127,-125
120000210,183,150,33
120000211,49,1,48
120000212,43,1,42
120000213,60,542,-482
120000214,2,625,-623
120000215,8,277,-269
120000216,40,4,36
120000217,1068,1974,-906
120000218,235,1691,-1456
120000219,15,1048,-1033
120000220,28,3714,-3686
120000225,735,1,734
120000226,197,3,194
120000227,581,24,557
120000228,8524,2093,6431
120000230,145,28,117
120000231,668,3114,-2446
120000233,177,58,119
120000235,99,992,-893
120000236,573,4,569
120000237,9,3057,-3048
120000238,0,105,-105
120000241,1127,3263,-2136
120000412,2045,22,2023
120000413,104,508,-404
120000414,39,1,38
120000415,2,258,-256
120000416,29,2,27
120000417,2,126,-124
120000418,114,15,99
120000419,11,692,-681
120000420,35,39,-4
120000421,17383,6590,10793
120000422,269,430,-161
120000423,4,56,-52
120000424,38,199,-161
120000436,107,390,-283
120000437,175,201,-26
120000438,5500,479,5021
120000439,143,298,-155
120000443,129,0,129
120000444,831,824,7
120000445,1355,1192,163
120000446,1070,338,732
120000447,158,4,154
120000449,54,12,42
120000450,7,486,-479
120000451,132,294,-162
120000452,83,33,50
120000453,1,412,-411
120000454,58,22,36
120000455,39,89,-50
120000456,3439,2782,657
120000457,2322,1058,1264
120000458,574,887,-313
120000459,80,120,-40
120000665,954,153,801
120000668,77,182,-105
120000669,87,512,-425
120000670,173,378,-205
120000671,593,228,365
120000672,111,567,-456
120900001,50,50,0
120900002,339,269,70
120900003,134,32,102
120900004,13,51,-38
120900005,20,1339,-1319
120900006,159,235,-76
120900007,80,201,-121
120900008,162,1553,-1391
120900009,141,25,116
120900010,246,44,202
120900011,398,96,302
120900012,1215,837,378
120900013,209,53,156
120900014,4,932,-928
120900015,229,107,122
120900016,394,60,334
120900017,3389,126,3263
120900018,54,551,-497
120900019,356,97,259
120900020,793,680,113
120900021,361,90,271
120900022,17,516,-499
120900023,101,46,55
120900024,1664,484,1180
120900025,2211,893,1318
120900026,67,265,-198
120900027,509,89,420
120900028,193,37,156
120900029,110,228,-118
120900030,747,474,273
120900031,93,54,39
120900032,436,213,223
120900033,583,53,530
120900034,36,1722,-1686
120900035,30,295,-265
120900037,83,1,82
120900038,43,135,-92
120900039,84,22,62
120900040,163,3,160
120900041,130,30,100
120900042,157,64,93
120900043,40,9,31
120900044,9,618,-609
120900045,95,203,-108
120900046,180,2,178
120900047,46,27,19
120900048,53,18,35
120900049,153,1,152
120900050,4622,1210,3412
120900051,197,144,53
120900052,258,4,254
120900053,100,82,18
120900054,1452,987,465
120900055,180,1,179
120900056,231,7,224
120900057,75,29,46
120900058,250,1,249
120900059,45,1,44
120900060,32,38,-6
120900061,210,459,-249
120900062,77,0,77
120900063,238,2,236
120900064,201,0,201
120900065,194,13,181
120900066,145,365,-220
120900067,144,33,111
120900068,81,1,80
120900069,52,71,-19
120900071,6,0,6
120900072,288,4,284
120900073,204,349,-145
120900074,402,13,389
120900076,147,0,147
120900077,4842,318,4524
120900078,327,1115,-788
120900079,308,122,186
120900080,358,3089,-2731
120900081,351,1706,-1355
120900082,724,407,317
120900083,127,119,8
120900084,178,218,-40
120900085,152,109,43
120900086,195,169,26
120900087,281,116,165
120900088,134,226,-92
120900089,6184,1436,4748
120900090,110,232,-122
120900091,341,290,51
120900092,1066,900,166
120900093,4599,343,4256
120900094,579,341,238
120900095,238,26,212
120900096,39,159,-120
120900097,673,1314,-641
120900098,300,203,97
120900099,46,117,-71
120900100,75,480,-405
120900101,607,357,250
120900102,13,93,-80
120900103,26,149,-123
120900104,7,69,-62
120900105,37,955,-918
120900106,1430,879,551
120900107,400,190,210
120900108,1,1175,-1174
120900109,48,1096,-1048
120900110,6,500,-494
120900111,144,473,-329
120900112,9,1765,-1756
120900113,24,1252,-1228
120900114,27,246,-219
120900115,141,210,-69
120900116,145,859,-714
120900117,8,765,-757
120900118,7,1223,-1216
120900119,3420,3264,156
120900120,66,901,-835
120900121,122,551,-429
120900122,195,979,-784
120900123,3,712,-709
120900124,2,1011,-1009
120900125,5,1433,-1428
120900126,1614,976,638
120900127,6,683,-677
120900128,962,1276,-314
120900129,58,472,-414
120900130,1,420,-419
120900131,9,86,-77
120900132,432,536,-104
120900133,198,1491,-1293
120900134,464,600,-136
120900135,5,966,-961
120900136,14,40,-26
120900137,135,125,10
120900138,24,291,-267
120900139,5,1129,-1124
120900140,1,49,-48
120900141,88,108,-20
120900142,23,1058,-1035
120900143,10,1339,-1329
120900144,19,301,-282
120900145,87,1208,-1121
120900146,10,1634,-1624
120900147,0,456,-456
120900148,74,124,-50
120900149,0,574,-574
120900150,44,854,-810
120900151,6,1060,-1054
120900152,0,74,-74
120900153,8,95,-87
120900154,8,513,-505
120900155,132,1519,-1387
120900156,11,537,-526
120900157,16,270,-254
120900158,37,673,-636
120900159,26,336,-310
120900160,21,450,-429
120900161,9,799,-790
120900162,12,872,-860
120900163,4,129,-125
120900164,0,0,0
120900165,0,1,-1
120900166,38,111,-73
120900167,379,125,254
120900169,26,684,-658
120900170,3003,1595,1408
120900171,1574,446,1128
120900172,1116,114,1002
120900173,16,82,-66
120900174,4,153,-149
120900175,287,263,24
120900176,9,216,-207
120900177,0,528,-528
120900178,1,332,-331
120900179,924,608,316
120900180,92,91,1
120900181,50,61,-11
120900182,13,329,-316
120900183,293,89,204
120900184,149,126,23
120900185,6,473,-467
120900186,2,738,-736
120900187,292,680,-388
120900188,93,9,84
120900189,214,362,-148
120900190,16,18,-2
120900191,0,19,-19
120900192,15951,3021,12930
120900194,21,74,-53
120900195,124,389,-265
120900196,290,42,248
120900197,387,64,323
120900198,234,847,-613
120900199,226,1826,-1600
120900200,161,147,14
120900201,757,221,536
120900202,1,292,-291
120900203,16,78,-62
120900204,240,488,-248
120900205,71,132,-61
120900206,9,21,-12
121000001,925,1162,-237
121000002,2067,1044,1023
121000003,4593,2281,2312
121000004,2283,3142,-859
121000005,2106,2610,-504
121000006,2884,1141,1743
121000007,2816,2845,-29
121000008,5000,2570,2430
121000009,7028,5159,1869
121000010,8983,4108,4875
121000011,12379,12262,117
121000012,16567,8497,8070
121000013,5116,7049,-1933
121000014,6390,5858,532
121000015,4435,5553,-1118
121000016,4141,3258,883
121000017,1547,3409,-1862
121000018,2016,1752,264
121000019,22508,7957,14551
121000020,14755,8048,6707
121000021,2420,3086,-666
121000022,1256,1464,-208
121000023,4104,3179,925
121000024,2392,2712,-320
121000025,512,834,-322
121000026,197,91,106
121000027,1319,890,429
121000028,662,456,206
121000029,648,696,-48
121000030,188,178,10
121000031,463,572,-109
121000032,160,67,93
121000034,183,146,37
121000035,101,81,20
121000036,1005,764,241
121000037,507,539,-32
121000038,475,486,-11
121000039,291,266,25
121000041,338,477,-139
121000042,187,319,-132
121000043,723,598,125
121000044,1434,569,865
121000045,318,347,-29
121000046,428,870,-442
121000047,21,80,-59
121000049,1536,510,1026
121000050,264,936,-672
121000051,459,299,160
121000052,204,563,-359
121000053,290,55,235
121000054,53,180,-127
121000055,1367,925,442
121000056,797,929,-132
121000057,94,332,-238
121000058,365,85,280
121000059,1617,863,754
121000060,318,588,-270
121000061,94,147,-53
121000062,104,278,-174
121000063,499,365,134
121000064,330,315,15
121000065,303,290,13
121000066,284,304,-20
121000067,867,317,550
121000068,526,270,256
121000069,539,203,336
121000070,1684,1330,354
121000071,855,797,58
121000072,1093,670,423
121000073,769,702,67
121000074,99,83,16
121000075,41,24,17
121000076,1282,263,1019
121000077,105,42,63
121000078,126,119,7
121000080,2966,658,2308
121000081,2515,1824,691
121000082,94,216,-122
121000083,210,113,97
121000084,155,69,86
121000085,304,495,-191
121000086,132,809,-677
121000087,36,239,-203
121000088,353,677,-324
121000089,500,328,172
121000090,355,332,23
121000091,1785,733,1052
121000092,134,96,38
121000093,109,234,-125
121000094,492,531,-39
121000095,227,451,-224
121000096,2085,2635,-550
121000097,1440,1839,-399
121000098,205,1414,-1209
121000099,225,888,-663
121000100,434,531,-97
121000101,168,298,-130
121000102,90,425,-335
121000103,129,366,-237
121000104,97,178,-81
121000105,223,313,-90
121000106,147,488,-341
121000107,1987,3749,-1762
121000109,1456,1177,279
121000110,290,472,-182
121000114,2352,2408,-56
121000115,726,698,28
121000116,429,901,-472
121000117,1121,270,851
121000118,952,281,671
121000119,176,283,-107
121000120,155,489,-334
121000121,380,917,-537
121000123,1251,674,577
121000126,76,317,-241
121000127,140,72,68
121000128,434,516,-82
121000129,407,501,-94
121000130,351,1173,-822
121000131,2190,1185,1005
121000132,1396,1163,233
121000135,490,557,-67
121000136,1056,445,611
121000137,461,140,321
121000138,798,624,174
121000139,557,131,426
121000141,170,89,81
121000142,750,442,308
121000143,198,16,182
121000144,1468,791,677
121000145,419,1229,-810
121000146,900,751,149
121000147,502,393,109
121000148,687,983,-296
121000149,1507,1079,428
121000152,308,497,-189
121000153,1455,577,878
121000154,636,563,73
121000155,969,1026,-57
121000156,273,994,-721
121000157,1523,1988,-465
121000158,246,587,-341
121000159,133,508,-375
121000160,250,778,-528
121000161,69,389,-320
121000162,36,313,-277
121000165,2138,1529,609
121000166,15,349,-334
121000168,205,270,-65
121000169,47,186,-139
121000170,189,86,103
121000171,25,167,-142
121000172,348,380,-32
121000173,1111,747,364
121000174,154,397,-243
121000175,542,501,41
121000176,247,255,-8
121000177,647,584,63
121000178,73,59,14
121000179,70,71,-1
121000181,297,338,-41
121000182,75,104,-29
121000183,32,91,-59
121000184,29,83,-54
121000185,9,109,-100
121000186,60,214,-154
121000187,133,285,-152
121000188,44,308,-264
121000192,450,336,114
121000193,525,410,115
121000194,2378,1984,394
121000195,266,920,-654
121000196,424,182,242
121000197,242,833,-591
121000198,179,46,133
121000199,58,513,-455
121000200,184,75,109
121000201,6,224,-218
121000202,155,5,150
121000203,550,2793,-2243
121000204,1525,578,947
121000205,108,283,-175
121000206,96,18,78
121000207,873,474,399
121000208,8,530,-522
121000209,153,468,-315
121000210,200,649,-449
121000211,164,145,19
121000212,236,838,-602
121000213,9927,2344,7583
121000214,706,1327,-621
121000215,1235,679,556
121000216,327,342,-15
121000217,3928,2030,1898
121000218,409,1677,-1268
121000219,1130,314,816
121000220,289,78,211
121000221,145,193,-48
121000222,2660,2419,241
121000223,720,386,334
121000224,292,111,181
121000225,1214,806,408
121000226,2835,517,2318
121000227,3,214,-211
121000228,7,912,-905
121000229,79,510,-431
121000230,69,1910,-1841
121000231,467,24,443
121000232,321,149,172
121000233,395,339,56
121000234,2,41,-39
121000235,26,30,-4
121000236,2,46,-44
121000237,66,13,53
121000238,1,78,-77
121000239,20,5,15
121000240,8,222,-214
121000241,93,14,79
121000242,33,110,-77
121000243,461,37,424
121000244,0,70,-70
121000245,4,12,-8
121000246,0,58,-58
121000247,16,3,13
121000248,345,480,-135
121000249,98,266,-168
121000250,216,52,164
121000251,26,628,-602
121000252,31,24,7
121000253,118,542,-424
121000254,217,234,-17
121000255,125,212,-87
121000256,245,208,37
121000257,63,67,-4
121000258,50,59,-9
121000259,24,48,-24
121000260,41,168,-127
121000261,33,41,-8
121000262,1043,628,415
121000263,297,432,-135
121000271,206,1561,-1355
121000273,92,6,86
121000274,8,42,-34
121000275,0,22,-22
121000276,1,15,-14
121000278,8,86,-78
121000279,49,13,36
121000280,32,53,-21
121000289,238,32,206
121000290,1202,569,633
121000294,51,189,-138
121000297,977,717,260
121000299,69,223,-154
121000300,562,586,-24
121000302,124,712,-588
121000303,391,356,35
121000304,372,76,296
121000305,59,36,23
121000306,78,108,-30
121000308,182,355,-173
121000309,401,657,-256
121000310,84,471,-387
121000311,66,763,-697
121000312,278,177,101
121000313,559,493,66
121000314,92,58,34
121000315,42,89,-47
121000530,691,1688,-997
121000531,740,1360,-620
121000532,5488,4288,1200
121000533,2089,2191,-102
121000918,22,193,-171
121000919,19,66,-47
121000938,339,142,197
121000939,368,167,201
121000956,493,1644,-1151
121000957,1,13,-12
121000958,102,39,63
121000959,359,1013,-654
121000960,1115,2457,-1342
121000961,108,24,84
121000962,289,683,-394
121000973,1,403,-402
121000976,18,138,-120
121000979,263,61,202
121000981,242,108,134
121000982,128,251,-123
121000983,353,436,-83
121000984,19,47,-28
121000985,292,784,-492
121000986,104,402,-298
121000987,228,1805,-1577
121000988,392,89,303
121001302,289,106,183
121001308,7,7,0
121001309,107,136,-29
121001313,67,429,-362
121001314,3534,4079,-545
121001315,3455,1401,2054
121900001,37,117,-80
121900002,28,26,2
121900003,306,20,286
121900004,56,380,-324
121900005,7,19,-12
121900006,49,5,44
121900007,2191,1910,281
121900008,1496,102,1394
121900009,467,14,453
121900010,153,3,150
121900011,197,361,-164
121900012,2,0,2
121900013,1099,45,1054
121900014,917,335,582
121900015,118,195,-77
121900016,5,33,-28
121900017,271,495,-224
121900018,245,2,243
121900019,179,216,-37
121900020,15,2,13
121900021,511,3,508
121900022,72,147,-75
121900023,93,415,-322
121900024,402,87,315
121900025,343,339,4
121900026,262,42,220
121900027,198,141,57
121900028,172,14,158
121900029,183,200,-17
121900030,507,388,119
121900031,1076,3452,-2376
121900032,77,100,-23
121900033,136,122,14
121900034,237,67,170
121900035,2278,1355,923
121900036,72,446,-374
121900037,130,562,-432
121900038,21,143,-122
121900039,257,39,218
121900040,38,76,-38
121900041,49,156,-107
121900042,194,84,110
121900043,2,4,-2
121900044,266,43,223
121900045,212,194,18
121900046,251,162,89
121900047,138,44,94
121900048,24,177,-153
121900050,17,42,-25
121900051,97,140,-43
121900052,69,27,42
121900053,183,233,-50
121900054,427,692,-265
121900055,1,13,-12
121900058,92,230,-138
121900059,216,71,145
121900060,79,277,-198
121900061,134,117,17
121900062,73,59,14
121900063,509,299,210
121900064,115,699,-584
121900066,25,17,8
121900067,8,34,-26
121900069,155,112,43
121900070,133,104,29
121900071,103,218,-115
121900072,11,172,-161
121900073,191,203,-12
121900074,743,447,296
121900075,426,281,145
121900076,230,505,-275
121900077,6,66,-60
121900078,26,38,-12
121900079,0,0,0
121900080,506,483,23
121900082,29,129,-100
121900084,5,266,-261
121900085,2,17,-15
121900086,5,50,-45
121900087,230,92,138
121900088,2785,2258,527
121900089,67,381,-314
121900090,14,132,-118
121900091,15,153,-138
121900092,82,142,-60
121900093,26,68,-42
121900094,18,5,13
121900095,95,74,21
121900096,1410,521,889
121900097,185,143,42
121900098,3,5,-2
121900099,120,91,29
121900100,197,155,42
121900101,72,84,-12
121900102,23,93,-70
121900103,425,233,192
121900104,983,247,736
121900105,80,73,7
121900106,4,7,-3
121900107,27,30,-3
121900108,3,27,-24
121900109,291,95,196
121900110,171,1376,-1205
121900111,755,94,661
121900112,71,74,-3
121900113,36,189,-153
121900114,18,45,-27
121900115,102,269,-167
121900117,203,24,179
121900118,2108,364,1744
121900119,59,133,-74
121900120,32,1125,-1093
121900121,440,72,368
121900122,20,35,-15
121900123,162,408,-246
121900124,113,233,-120
121900125,785,790,-5
121900127,5,81,-76
121900128,36,144,-108
121900129,1079,135,944
121900130,61,232,-171
121900131,151,96,55
121900132,68,142,-74
121900133,78,363,-285
121900134,14,71,-57
121900135,2270,211,2059
121900136,125,368,-243
121900137,41,288,-247
121900138,44,230,-186
121900139,256,362,-106
121900140,42,154,-112
121900141,14,13,1
121900142,46,143,-97
121900143,5,114,-109
121900144,211,294,-83
121900145,162,171,-9
121900146,571,705,-134
121900147,33,179,-146
121900148,112,273,-161
121900149,328,653,-325
121900150,64,134,-70
121900151,43,161,-118
121900152,58,138,-80
121900153,84,528,-444
121900154,11,133,-122
121900155,1,67,-66
121900156,76,86,-10
121900157,3,353,-350
121900158,53,93,-40
121900159,1,224,-223
121900160,32,179,-147
121900161,356,286,70
121900162,85,81,4
121900163,75,734,-659
121900164,288,179,109
121900165,149,191,-42
121900166,54,159,-105
121900167,105,67,38
121900168,199,120,79
121900169,1,291,-290
121900170,4,166,-162
121900171,433,596,-163
121900172,239,320,-81
121900173,871,133,738
121900174,9,57,-48
121900175,147,127,20
121900176,422,1720,-1298
121900177,128,48,80
121900179,136,137,-1
121900180,5755,2386,3369
121900182,454,281,173
121900183,334,440,-106
121900184,40,580,-540
121900185,81,101,-20
121900186,11,342,-331
121900187,11,118,-107
121900188,441,294,147
121900189,30,93,-63
121900190,116,506,-390
121900191,49,113,-64
121900192,330,427,-97
121900194,5,166,-161
121900195,96,94,2
121900196,606,642,-36
121900197,317,2058,-1741
121900198,856,856,0
121900199,1,24,-23
121900200,44,172,-128
121900201,1086,453,633
121900202,86,294,-208
121900203,257,753,-496
121900204,1160,686,474
121900205,86,240,-154
121900206,10,6,4
121900207,144,47,97
121900208,132,296,-164
121900209,24,18,6
121900210,839,1109,-270
121900211,0,121,-121
121900212,100,124,-24
121900213,47,111,-64
121900214,7,449,-442
121900215,31,61,-30
121900216,18,86,-68
121900217,203,74,129
121900218,221,404,-183
121900219,207,72,135
121900220,188,5,183
121900221,197,586,-389
121900222,111,163,-52
121900223,151,82,69
121900224,52,58,-6
121900225,87,42,45
121900226,215,881,-666
121900227,77,283,-206
121900228,155,221,-66
121900229,182,159,23
121900230,77,73,4
121900231,447,348,99
121900232,239,326,-87
121900233,223,248,-25
121900234,168,373,-205
121900235,244,217,27
121900236,208,98,110
121900237,175,160,15
121900238,122,171,-49
121900239,95,41,54
121900240,111,148,-37
121900241,26,81,-55
121900242,3,0,3
121900243,4,0,4
121900244,4,1,3
121900245,176,163,13
121900246,1202,342,860
121900247,206,260,-54
121900248,1327,696,631
121900250,320,279,41
121900251,298,24,274
121900252,498,112,386
121900253,64,712,-648
121900254,470,270,200
121900255,144,98,46
121900258,2525,1490,1035
121900259,311,436,-125
121900260,58,196,-138
121900261,66,330,-264
121900262,283,583,-300
121900263,99,264,-165
121900264,2241,1207,1034
121900265,141,299,-158
121900266,145,165,-20
121900267,19,23,-4
121900269,107,316,-209
121900270,6,153,-147
121900271,24,168,-144
121900273,390,1053,-663
121900274,124,221,-97
121900276,507,90,417
121900277,239,1396,-1157
121900278,79,883,-804
121900279,156,228,-72
121900280,115,304,-189
121900281,396,84,312
121900284,67,4,63
121900286,72,162,-90
121900287,20,18,2
121900290,193,267,-74
121900291,395,483,-88
121900292,114,88,26
121900293,721,3039,-2318
121900294,203,6,197
121900295,51,231,-180
121900296,58,33,25
121900298,343,377,-34
121900299,0,0,0
121900300,4,0,4
121900301,18,2,16
121900302,0,42,-42
121900303,231,422,-191
121900304,0,9,-9
121900305,0,6,-6
121900306,39,0,39
121900307,18,36,-18
121900308,6,342,-336
121900309,5,309,-304
121900310,17,500,-483
121900311,142,17,125
121900312,96,4,92
121900313,103,20,83
121900314,5,84,-79
121900315,5,0,5
121900316,1,27,-26
121900317,2,0,2
121900318,0,18,-18
121900319,7,9,-2
121900320,64,84,-20
121900321,3,1,2
121900322,0,38,-38
121900323,16,9,7
121900324,3,42,-39
121900325,5,0,5
121900326,1,14,-13
121900327,2,37,-35
121900328,0,16,-16
121900329,0,163,-163
121900330,1,32,-31
121900331,333,75,258
121900332,43,21,22
122000001,2254,2819,-565
122000002,4643,1472,3171
122000003,2149,1285,864
122000004,3165,1082,2083
122000005,2854,806,2048
122000006,2223,476,1747
122000007,1225,1048,177
122000008,6467,3821,2646
122000009,479,250,229
122000010,1871,1988,-117
122000011,3152,964,2188
122000012,1193,874,319
122000013,1931,1054,877
122000014,1289,1858,-569
122000015,1289,810,479
122000016,443,781,-338
122000017,950,849,101
122000018,1222,1040,182
122000019,732,1508,-776
122000020,172,167,5
122000021,496,451,45
122000022,1227,1353,-126
122000023,369,2374,-2005
122000024,855,893,-38
122000025,1434,939,495
122000026,1698,535,1163
122000027,480,3821,-3341
122000028,597,354,243
122000029,380,204,176
122000030,337,80,257
122000031,112,205,-93
122000032,1382,2637,-1255
122000033,743,607,136
122000034,517,491,26
122000035,329,624,-295
122000036,382,526,-144
122000037,344,262,82
122000038,252,414,-162
122000039,548,404,144
122000040,269,234,35
122000041,343,406,-63
122000042,242,311,-69
122000043,142,73,69
122000044,122,126,-4
122000045,1189,491,698
122000046,614,889,-275
122000047,175,139,36
122000048,2654,3757,-1103
122000049,5269,2049,3220
122000050,1690,509,1181
122000051,347,513,-166
122000052,475,192,283
122000053,111,351,-240
122000054,2051,1716,335
122000055,1872,2157,-285
122000056,7159,2725,4434
122000057,4477,2294,2183
122000058,3897,909,2988
122000059,3546,1207,2339
122000060,892,359,533
122000061,436,219,217
122000062,1093,303,790
122000063,1155,389,766
122000064,2937,2575,362
122000065,4305,2653,1652
122000066,877,931,-54
122000067,1275,1227,48
122000068,897,1106,-209
122000069,552,653,-101
122000070,486,2876,-2390
122000071,905,1738,-833
122000072,276,242,34
122000073,424,402,22
122000074,1416,1110,306
122000075,429,1084,-655
122000076,1391,839,552
122000077,1205,555,650
122000078,2829,1404,1425
122000079,1582,630,952
122000080,804,296,508
122000081,161,280,-119
122000082,971,606,365
122000083,1152,3411,-2259
122000084,795,650,145
122000085,213,1585,-1372
122000086,1844,3630,-1786
122000087,409,132,277
122000088,279,282,-3
122000089,6168,2662,3506
122000090,213,346,-133
122000091,286,54,232
122000092,140,12,128
122000093,1564,930,634
122000094,7284,1472,5812
122000095,4140,1807,2333
122000096,3628,1134,2494
122000098,3814,1268,2546
122000099,2653,568,2085
122000100,1227,558,669
122000101,214,784,-570
122000102,1444,1107,337
122000103,1196,1260,-64
122000104,231,161,70
122000105,192,233,-41
122000106,446,458,-12
122000107,709,452,257
122000108,395,741,-346
122000109,246,309,-63
122000110,282,436,-154
122000111,2224,979,1245
122000112,502,956,-454
122000113,410,497,-87
122000114,3665,1486,2179
122000115,1396,1519,-123
122000116,436,511,-75
122000117,752,265,487
122000118,290,491,-201
122000119,3173,1207,1966
122000120,2477,2214,263
122000121,3013,2168,845
122000122,641,1028,-387
122000123,1814,1165,649
122000124,1022,331,691
122000125,373,551,-178
122000126,603,602,1
122000127,1358,743,615
122000128,542,774,-232
122000129,239,408,-169
122000130,2231,449,1782
122000131,1295,519,776
122000132,744,347,397
122000133,984,2085,-1101
122000134,373,433,-60
122000135,575,728,-153
122000136,325,174,151
122000137,881,594,287
122000139,1425,2418,-993
122000140,1040,460,580
122000141,5028,932,4096
122000142,402,574,-172
122000143,350,204,146
122000144,1653,790,863
122000145,1639,583,1056
122000146,570,802,-232
122000147,914,318,596
122000148,3073,993,2080
122000149,2143,943,1200
122000150,1013,770,243
122000151,237,263,-26
122000152,482,238,244
122000153,366,204,162
122000154,213,126,87
122000155,1121,1637,-516
122000156,2000,1560,440
122000157,1887,1078,809
122000158,318,440,-122
122000159,1083,1331,-248
122000160,4504,884,3620
122000161,1035,568,467
122000162,2127,1215,912
122000163,296,56,240
122000164,33,63,-30
122000165,693,570,123
122000166,909,1000,-91
122000167,221,245,-24
122000168,164,466,-302
122000169,379,129,250
122000170,209,268,-59
122000171,28,57,-29
122000172,1320,1240,80
122000173,1370,2038,-668
122000174,1747,731,1016
122000175,970,228,742
122000176,295,535,-240
122000177,1438,1002,436
122000178,2965,2155,810
122000179,1916,2324,-408
122000180,1725,824,901
122000181,1597,2491,-894
122000182,2478,1178,1300
122000183,1569,851,718
122000184,2861,1603,1258
122000185,1222,960,262
122000186,611,675,-64
122000187,1703,938,765
122000188,356,174,182
122000189,214,330,-116
122000190,941,734,207
122000191,901,466,435
122000192,787,275,512
122000193,290,588,-298
122000194,479,117,362
122000195,130,424,-294
122000196,753,520,233
122000197,411,666,-255
122000198,478,920,-442
122000199,347,265,82
122000200,1245,469,776
122000201,1047,1133,-86
122000202,990,967,23
122000203,2088,1241,847
122000204,1136,1710,-574
122000205,1399,982,417
122000206,1878,827,1051
122000207,1037,1234,-197
122000208,1715,1414,301
122000209,2515,342,2173
122000210,1241,1997,-756
122000211,1020,1154,-134
122000212,615,439,176
122000213,808,932,-124
122000214,1477,1367,110
122000215,1535,1060,475
122000217,1731,1244,487
122000218,552,37,515
122000219,1459,852,607
122000220,230,686,-456
122000221,138,385,-247
122000222,474,38,436
122000223,888,375,513
122000225,556,216,340
122000226,1141,1691,-550
122000227,324,1685,-1361
122000228,259,371,-112
122000229,16,307,-291
122000230,50,687,-637
122000231,173,690,-517
122000232,537,379,158
122000233,2,70,-68
122000234,101,202,-101
122000235,266,242,24
122000236,409,202,207
122000237,98,62,36
122000238,76,138,-62
122000239,355,77,278
122000240,596,318,278
122000241,84,186,-102
122000242,336,45,291
122000243,45,21,24
122000244,6,241,-235
122000245,2,84,-82
122000246,5,50,-45
122000247,402,296,106
122000248,888,1907,-1019
122000249,252,522,-270
122000250,1157,542,615
122000251,205,420,-215
122000252,546,96,450
122000253,27,227,-200
122000254,97,86,11
122000255,558,1866,-1308
122000256,357,1466,-1109
122000257,118,423,-305
122000258,104,194,-90
122000259,2,748,-746
122000260,1,145,-144
122000261,2,192,-190
122000262,2,50,-48
122000263,69,98,-29
122000264,585,370,215
122000265,1668,581,1087
122000266,3844,504,3340
122000267,55,94,-39
122000268,123,428,-305
122000269,649,293,356
122000270,682,92,590
122000271,270,1204,-934
122000272,272,1144,-872
122000273,235,473,-238
122000274,93,205,-112
122000275,46,126,-80
122000276,383,669,-286
122000277,462,1255,-793
122000278,475,1032,-557
122000279,165,483,-318
122000280,639,802,-163
122000281,542,801,-259
122000282,119,119,0
122000283,303,59,244
122000284,97,83,14
122000285,436,97,339
122000286,111,140,-29
122000287,834,1301,-467
122000288,208,247,-39
122000291,799,432,367
122000293,337,256,81
122000294,104,186,-82
122000295,1099,133,966
122000296,53,556,-503
122000297,3372,1955,1417
122000299,319,490,-171
122000300,389,490,-101
122000301,14691,2288,12403
122000302,800,607,193
122000303,4516,1363,3153
122000304,51,180,-129
122000305,652,259,393
122000306,13,771,-758
122000307,96,94,2
122000309,37,60,-23
122000310,52,13,39
122000311,110,48,62
122000312,114,45,69
122000313,53,39,14
122000314,62,194,-132
122000315,172,14,158
122000316,375,201,174
122000317,670,188,482
122000318,194,453,-259
122000319,263,614,-351
122000320,282,2737,-2455
122000321,64,320,-256
122000322,2751,2183,568
122000323,1471,1392,79
122000324,1335,1120,215
122000325,910,869,41
122000326,19,138,-119
122000327,214,339,-125
122000328,1010,809,201
122000330,1921,566,1355
122000332,176,282,-106
122000333,3,176,-173
122000337,644,2003,-1359
122000338,437,471,-34
122000340,387,247,140
122000342,1633,1052,581
122000343,295,303,-8
122000344,39,24,15
122000345,15,74,-59
122000346,252,183,69
122000348,433,812,-379
122000349,125,375,-250
122000351,48,211,-163
122000352,214,73,141
122000353,43,109,-66
122000355,108,137,-29
122000356,1558,695,863
122000357,16,14,2
122000358,0,74,-74
122000359,0,45,-45
122000360,0,53,-53
122000362,1,103,-102
122000364,98,479,-381
122000365,1,18,-17
122000366,1,11,-10
122000368,382,767,-385
122000370,16,71,-55
122000371,5,0,5
122000372,2,0,2
122000381,51,296,-245
122000382,53,200,-147
122000384,4071,1966,2105
122000385,25,0,25
122000386,443,732,-289
122000387,408,453,-45
122000388,1318,302,1016
122000389,194,792,-598
122000390,351,232,119
122000391,276,93,183
122000392,142,274,-132
122000393,12,192,-180
122000394,285,271,14
122000395,98,156,-58
122000396,222,145,77
122000397,37,79,-42
122000398,29,71,-42
122000399,48,91,-43
122000400,114,205,-91
122000401,68,113,-45
122000402,148,126,22
122000403,346,1287,-941
122000404,111,390,-279
122000408,560,973,-413
122000503,9,60,-51
122000524,154,126,28
122000544,45,1738,-1693
122000616,615,3,612
122000640,18,247,-229
122000641,39,470,-431
122000642,697,1325,-628
122000643,19,96,-77
122000644,197,16,181
122000645,74,241,-167
122000651,1855,598,1257
122000664,103,45,58
122000665,868,530,338
122000666,493,839,-346
122000673,28,387,-359
122000674,86,45,41
122000675,1131,1056,75
122000686,162,1349,-1187
122000687,452,400,52
122000688,114,862,-748
122000689,329,677,-348
122000690,616,806,-190
122000691,255,2911,-2656
122000692,745,381,364
122000693,344,1945,-1601
122000695,135,552,-417
122000696,143,449,-306
122000698,139,1103,-964
122000699,139,185,-46
122000701,706,324,382
122000702,380,2192,-1812
122000703,118,51,67
122000717,261,70,191
122000718,416,383,33
122000719,22,49,-27
122000720,109,340,-231
122900001,16,3,13
122900002,1013,1973,-960
122900003,194,34,160
122900004,665,31,634
122900005,20,40,-20
122900006,785,280,505
122900007,125,33,92
122900008,702,77,625
122900009,801,342,459
122900010,161,157,4
122900012,203,326,-123
122900014,123,281,-158
122900015,2649,487,2162
122900016,65,385,-320
122900017,365,803,-438
122900018,208,6,202
122900019,17,123,-106
122900020,380,468,-88
122900021,38,768,-730
122900022,355,975,-620
122900023,253,344,-91
122900024,122,69,53
122900025,15,138,-123
122900026,154,349,-195
122900027,66,588,-522
122900028,172,579,-407
122900029,4887,1863,3024
122900030,1264,397,867
122900031,109,179,-70
122900032,105,243,-138
122900033,88,135,-47
122900034,3744,3851,-107
122900035,13,10,3
122900036,12,162,-150
122900037,290,107,183
122900038,100,1917,-1817
122900039,80,308,-228
122900040,211,434,-223
122900041,182,203,-21
122900042,104,260,-156
122900043,316,160,156
122900044,70,255,-185
122900045,26,100,-74
122900046,129,83,46
122900047,233,126,107
122900048,35,150,-115
122900049,1455,127,1328
122900051,113,117,-4
122900052,23,118,-95
122900053,8,11,-3
122900055,216,93,123
122900057,252,25,227
122900061,370,149,221
122900062,349,363,-14
122900063,116,405,-289
122900064,998,754,244
122900065,284,119,165
122900066,378,229,149
122900067,1597,805,792
122900068,214,408,-194
122900069,150,1383,-1233
122900070,251,49,202
122900071,78,431,-353
122900072,23,717,-694
122900073,47,361,-314
122900074,173,789,-616
122900075,2,56,-54
122900076,8,218,-210
122900077,1,220,-219
122900078,64,185,-121
122900080,62,11,51
122900081,201,154,47
122900082,525,201,324
122900083,142,85,57
122900084,3,228,-225
122900086,3,61,-58
122900087,87,620,-533
122900088,50,55,-5
122900089,28,162,-134
122900090,11,805,-794
122900091,80,1,79
122900092,0,193,-193
122900093,2,406,-404
122900094,5,270,-265
122900095,79,7,72
122900096,87,316,-229
122900097,9,13,-4
122900098,71,121,-50
122900099,4,4,0
122900100,506,186,320
122900101,498,215,283
123000001,2018,348,1670
123000002,6441,2506,3935
123000003,3361,2364,997
123000004,3078,4858,-1780
123000005,2164,2205,-41
123000006,2593,3205,-612
123000007,2140,1889,251
123000008,2121,3232,-1111
123000009,3862,2594,1268
123000010,3402,4287,-885
123000011,2662,676,1986
123000012,890,2558,-1668
123000013,2993,730,2263
123000014,1242,4203,-2961
123000015,4579,611,3968
123000016,6581,3100,3481
123000017,3169,1166,2003
123000018,47,83,-36
123000019,120,407,-287
123000020,96,141,-45
123000021,44,162,-118
123000022,421,1094,-673
123000023,1150,984,166
123000024,878,475,403
123000025,19,90,-71
123000026,1,73,-72
123000027,228,527,-299
123000028,1126,256,870
123000029,923,405,518
123000030,205,792,-587
123000031,94,475,-381
123000032,143,340,-197
123000033,132,48,84
123000034,601,535,66
123000035,232,253,-21
123000036,250,529,-279
123000037,230,499,-269
123000038,92,191,-99
123000039,428,757,-329
123000040,1006,400,606
123000041,969,575,394
123000042,767,429,338
123000043,4384,4329,55
123000044,7336,2279,5057
123000045,11966,1909,10057
123000046,846,784,62
123000047,2303,1075,1228
123000048,109,365,-256
123000049,8981,4722,4259
123000050,742,996,-254
123000051,59,94,-35
123000052,479,2431,-1952
123000053,2022,3239,-1217
123000054,886,1170,-284
123000055,724,1103,-379
123000056,1000,1709,-709
123000057,21104,5459,15645
123000058,698,671,27
123000059,447,452,-5
123000060,623,291,332
123000061,149,781,-632
123000063,705,754,-49
123000064,719,210,509
123000065,7255,3138,4117
123000066,1012,778,234
123000067,372,554,-182
123000068,2931,3421,-490
123000069,10013,3813,6200
123000070,228,938,-710
123000071,565,1174,-609
123000072,771,1756,-985
123000073,718,774,-56
123000074,727,2107,-1380
123000075,252,810,-558
123000076,463,1145,-682
123000077,1804,3977,-2173
123000078,1049,1618,-569
123000079,930,1902,-972
123000080,1885,3002,-1117
123000081,150,899,-749
123000082,377,1377,-1000
123000083,740,125,615
123000084,319,609,-290
123000085,110,136,-26
123000086,223,495,-272
123000087,135,626,-491
123000088,869,1434,-565
123000089,329,1396,-1067
123000090,1054,1188,-134
123000091,1453,1321,132
123000092,891,1001,-110
123000094,372,249,123
123000095,355,597,-242
123000096,276,518,-242
123000097,308,986,-678
123000098,330,431,-101
123000099,423,641,-218
123000100,430,498,-68
123000101,658,379,279
123000102,486,561,-75
123000104,315,264,51
123000105,510,519,-9
123000106,393,299,94
123000107,427,491,-64
123000108,757,1567,-810
123000111,427,273,154
123000112,588,542,46
123000113,380,2065,-1685
123000114,404,266,138
123000115,148,253,-105
123000116,27,126,-99
123000117,1200,2437,-1237
123000118,369,993,-624
123000119,226,1192,-966
123000120,397,969,-572
123000121,301,658,-357
123000122,356,197,159
123000123,377,590,-213
123000124,538,524,14
123000125,1040,679,361
123000126,1470,2311,-841
123000127,1287,917,370
123000128,203,386,-183
123000129,367,216,151
123000130,416,75,341
123000131,611,425,186
123000132,309,607,-298
123000133,295,406,-111
123000134,527,150,377
123000135,1262,1261,1
123000136,205,1682,-1477
123000137,116,501,-385
123000138,64,584,-520
123000139,317,123,194
123000140,125,854,-729
123000141,687,87,600
123000142,820,942,-122
123000143,1131,2484,-1353
123000144,28,8,20
123000145,163,270,-107
123000146,23,105,-82
123000147,66,120,-54
123000149,305,215,90
123000150,146,182,-36
123000151,207,387,-180
123000152,38,401,-363
123000153,84,407,-323
123000154,1560,1099,461
123000155,2334,745,1589
123000156,32,65,-33
123000157,495,720,-225
123000158,659,464,195
123000159,3038,1765,1273
123000160,559,425,134
123000161,1041,794,247
123000162,377,1121,-744
123000163,222,61,161
123000164,817,266,551
123000165,322,2037,-1715
123000166,37,145,-108
123000167,65,325,-260
123000168,242,411,-169
123000169,438,135,303
123000170,52,425,-373
123000171,211,93,118
123000172,164,818,-654
123000173,458,196,262
123000174,699,222,477
123000175,1120,1495,-375
123000176,811,174,637
123000177,384,1228,-844
123000178,438,126,312
123000179,30,891,-861
123000180,1118,258,860
123000181,276,1565,-1289
123000182,97,708,-611
123000183,158,256,-98
123000184,66,828,-762
123000185,314,369,-55
123000186,6,726,-720
123000187,366,4,362
123000188,125,0,125
123000189,126,172,-46
123000190,50,74,-24
123000192,19,387,-368
123000193,35,638,-603
123000194,467,255,212
123000195,202,13,189
123000196,209,2,207
123000197,49,88,-39
123000198,12,207,-195
123000199,4,540,-536
123000200,250,12,238
123000201,637,32,605
123000202,22,1428,-1406
123000203,542,47,495
123000204,75,1306,-1231
123000205,524,2287,-1763
123000206,1305,177,1128
123000207,47,1013,-966
123000208,193,80,113
123000209,1222,316,906
123000210,360,1707,-1347
123000211,553,3212,-2659
123000212,1502,379,1123
123000213,289,75,214
123000215,156,95,61
123000216,210,325,-115
123000217,173,26,147
123000218,132,446,-314
123000219,1170,52,1118
123000220,421,72,349
123000221,110,209,-99
123000222,309,892,-583
123000223,144,725,-581
123000224,265,624,-359
123000225,261,108,153
123000226,94,453,-359
123000227,61,367,-306
123000228,199,63,136
123000229,1099,2016,-917
123000232,125,639,-514
123000233,393,153,240
123000234,97,730,-633
123000235,371,401,-30
123000236,207,1030,-823
123000237,172,76,96
123000238,74,775,-701
123000239,365,2341,-1976
123000240,45,297,-252
123000241,938,155,783
123000242,128,206,-78
123000243,429,1039,-610
123000244,636,510,126
123000245,73,170,-97
123000249,319,601,-282
123000252,509,158,351
123000253,579,372,207
123000254,497,1188,-691
123000255,715,727,-12
123000256,12,230,-218
123000257,3680,2777,903
123000258,862,1322,-460
123000259,152,424,-272
123000260,320,732,-412
123000261,113,317,-204
123000262,96,269,-173
123000263,228,91,137
123000264,168,63,105
123000265,50,188,-138
123000266,422,731,-309
123000267,307,280,27
123000268,25,57,-32
123000269,14,27,-13
123000270,24,35,-11
123000271,56,78,-22
123000272,593,181,412
123000273,163,417,-254
123000274,961,389,572
123000275,267,1140,-873
123000278,3327,2248,1079
123000279,69,87,-18
123000280,213,343,-130
123000281,161,96,65
123000282,59,230,-171
123000283,83,29,54
123000284,26,163,-137
123000286,278,189,89
123000287,433,289,144
123000288,705,523,182
123000289,391,558,-167
123000291,429,844,-415
123000294,142,238,-96
123000295,684,1058,-374
123000296,253,388,-135
123000297,76,293,-217
123000298,78,250,-172
123000299,9,144,-135
123000300,491,611,-120
123000301,79,157,-78
123000302,85,278,-193
123000303,103,100,3
123000305,945,762,183
123000306,46,334,-288
123000309,34,57,-23
123000310,35,26,9
123000311,0,163,-163
123000312,496,1241,-745
123000313,157,141,16
123000315,110,471,-361
123000316,1346,39,1307
123000317,166,53,113
123000318,17,275,-258
123000329,7,9,-2
123000337,209,268,-59
123000338,603,51,552
123000339,100,259,-159
123000340,124,522,-398
123000342,0,3,-3
123000343,53,0,53
123000344,1309,510,799
123000345,243,645,-402
123000346,166,55,111
123000352,2312,747,1565
123000353,20,100,-80
123000354,161,21,140
123000355,1,399,-398
123000356,163,1,162
123000357,0,333,-333
123000359,3,287,-284
123000360,143,12,131
123000361,588,322,266
123000362,214,193,21
123000363,70,324,-254
123000364,411,242,169
123000365,21,297,-276
123000366,255,1511,-1256
123000367,173,1129,-956
123000370,36,412,-376
123000371,138,10,128
123000372,220,8,212
123000373,4,500,-496
123000374,6,271,-265
123000375,211,36,175
123000376,494,467,27
123000377,264,11,253
123000378,14,581,-567
123000379,0,255,-255
123000380,50,244,-194
123000381,165,42,123
123000382,1455,102,1353
123000383,296,835,-539
123000384,461,94,367
123000385,452,750,-298
123000436,38,743,-705
123000507,84,280,-196
123000508,99,363,-264
123000517,285,24,261
123000518,41,302,-261
123000519,125,82,43
123000520,71,260,-189
123000521,310,97,213
123000522,148,729,-581
123000541,0,0,0
123000542,1,28,-27
123000565,300,26,274
123000566,79,922,-843
123000567,113,240,-127
123000573,41,1046,-1005
123000574,331,78,253
123000575,872,1434,-562
123000576,634,2225,-1591
123000577,101,489,-388
123000578,694,66,628
123000579,6467,2718,3749
123000580,87,31,56
123000582,244,36,208
123000583,18,682,-664
123000584,94,191,-97
123000585,0,172,-172
123000586,28,0,28
123000596,64,138,-74
123000597,38,84,-46
123000602,16,2,14
123000603,291,640,-349
123000604,234,1268,-1034
123000605,467,96,371
123000606,0,132,-132
123000609,9,304,-295
123000610,98,70,28
123000613,40,182,-142
123000614,135,63,72
123000615,22,179,-157
123000616,294,64,230
123000617,73,631,-558
123000618,44,832,-788
123000619,470,36,434
123000620,25,684,-659
123000622,251,27,224
123000624,76,33,43
123000630,405,322,83
123000631,165,1902,-1737
123000632,944,1354,-410
123000633,1,163,-162
123000634,67,41,26
123000635,242,71,171
123000636,11,529,-518
123000637,77,90,-13
123000638,305,82,223
123000639,1134,1968,-834
123000640,40,1142,-1102
123900001,1361,39,1322
123900002,12,916,-904
123900003,428,777,-349
123900005,122,104,18
123900006,146,25,121
124000001,1418,99,1319
124000002,100,2106,-2006
124000003,383,126,257
124000004,61,842,-781
124000005,588,213,375
124000006,270,1604,-1334
124000007,588,135,453
124000008,16,508,-492
124000009,206,311,-105
124000010,69,501,-432
124000011,645,355,290
124000012,262,946,-684
124000017,42,83,-41
124000018,100,89,11
124000019,57,119,-62
124000020,52,218,-166
124000021,74,63,11
124000022,76,276,-200
124000023,869,1093,-224
124000024,930,674,256
124000025,843,990,-147
124000026,1091,928,163
124000027,5397,3293,2104
124000028,3553,3656,-103
124000030,3609,1308,2301
124000031,706,1029,-323
124000032,5643,1229,4414
124000033,102,206,-104
124000034,2253,674,1579
124000035,18,95,-77
124000036,61,194,-133
124000037,344,412,-68
124000038,50,59,-9
124000039,1288,285,1003
124000040,700,583,117
124000041,206,45,161
124000042,65,373,-308
124000043,60,43,17
124000044,19,274,-255
124000045,347,539,-192
124000046,183,749,-566
124000047,763,918,-155
124000048,507,2162,-1655
124000049,874,544,330
124000050,517,2782,-2265
124000051,370,448,-78
124000052,440,1627,-1187
124000053,353,883,-530
124000054,752,778,-26
124000055,842,1211,-369
124000056,4060,1524,2536
124000057,509,451,58
124000058,250,1581,-1331
124000059,353,549,-196
124000060,1015,897,118
124000061,1220,2422,-1202
124000062,5772,1710,4062
124000063,1252,1413,-161
124000064,2485,1718,767
124000065,17,183,-166
124000066,126,50,76
124000067,72,352,-280
124000068,8,12,-4
124000069,62,28,34
124000070,37,174,-137
124000071,47,78,-31
124000072,133,569,-436
124000073,475,78,397
124000074,172,950,-778
124000075,146,18,128
124000076,8,300,-292
124000077,1687,595,1092
124000078,2272,435,1837
124000079,597,1013,-416
124000080,191,116,75
124000081,161,665,-504
124000082,7,100,-93
124000083,13,168,-155
124000084,34,75,-41
124000085,83,42,41
124000086,31,77,-46
124000087,84,53,31
124000088,206,514,-308
124000089,478,545,-67
124000090,53,417,-364
124000091,236,76,160
124000092,21,605,-584
124000093,75,71,4
124000094,221,393,-172
124000095,29,59,-30
124000096,37,299,-262
124000097,35,72,-37
124000098,43,101,-58
124000099,42,73,-31
124000100,36,103,-67
124000101,30,91,-61
124000102,86,99,-13
124000103,38,55,-17
124000104,58,75,-17
124000105,24,30,-6
124000106,67,100,-33
124000107,8,85,-77
124000108,82,42,40
124000109,70,59,11
124000110,127,148,-21
124000111,156,114,42
124000112,416,725,-309
124000113,49,42,7
124000114,151,655,-504
124000115,258,814,-556
124000116,83,57,26
124000117,50,93,-43
124000118,13,57,-44
124000119,674,688,-14
124000120,481,507,-26
124000121,1300,478,822
124000122,559,1063,-504
124000123,786,356,430
124000124,445,838,-393
124000125,272,308,-36
124000126,305,456,-151
124000127,571,304,267
124000128,459,887,-428
124000129,1617,1185,432
124000130,751,602,149
124000131,694,444,250
124000132,700,643,57
124000133,552,742,-190
124000134,650,651,-1
124000135,1467,1394,73
124000136,959,1054,-95
124000137,1114,665,449
124000138,1380,1107,273
124000139,278,26,252
124000140,35,412,-377
124000141,53,7,46
124000142,17,144,-127
124000143,19,16,3
124000144,8,39,-31
124000145,55,20,35
124000146,19,131,-112
124000148,9,27,-18
124000149,754,343,411
124000150,309,610,-301
124000151,344,104,240
124000152,511,1025,-514
124000153,530,327,203
124000154,422,722,-300
124000155,686,348,338
124000156,1184,740,444
124000169,167,269,-102
124000170,766,423,343
124000171,171,185,-14
124000172,348,686,-338
124000173,211,368,-157
124000174,189,801,-612
124000175,12,149,-137
124000176,26,7,19
124000177,8,46,-38
124000178,10,25,-15
124000190,65,22,43
124000191,137,20,117
124000192,2182,313,1869
124000193,544,1284,-740
124000194,307,514,-207
124000195,208,425,-217
124000196,794,1170,-376
124000197,50,49,1
124000198,21,17,4
124000201,313,1225,-912
124000202,399,178,221
124000203,143,1076,-933
124000204,337,512,-175
124000205,42,835,-793
124000206,249,419,-170
124000207,0,65,-65
124000209,166,741,-575
124000210,139,195,-56
124000211,176,2,174
124000212,5,839,-834
124000213,202,466,-264
124000214,127,946,-819
124000215,105,15,90
124000216,4,656,-652
124000329,87,2672,-2585
124000338,56,1500,-1444
124000339,335,115,220
124000341,477,73,404
124000344,20,6,14
124000357,625,1439,-814
124000358,551,908,-357
124000359,930,419,511
124000360,425,333,92
124000361,955,569,386
124000362,1662,2085,-423
124000363,267,551,-284
124000364,601,1202,-601
124000365,564,1227,-663
124000366,1676,871,805
124000367,110,629,-519
124000368,231,158,73
124000369,74,50,24
124000370,54,664,-610
124000402,14,3,11
124000403,36,2,34
124000404,2,117,-115
124000405,934,711,223
124000406,850,780,70
124000407,2,25,-23
124000411,8,428,-420
124000412,174,21,153
124000413,235,60,175
124000414,42,100,-58
124000415,32,175,-143
124000416,78,346,-268
124000417,63,76,-13
124000418,63,119,-56
124000419,61,220,-159
124000420,22,57,-35
124000421,19,334,-315
124000422,34,9,25
124000423,89,74,15
124000424,0,96,-96
124000425,14,11,3
124000426,3,56,-53
124000427,10,8,2
124000428,18,34,-16
124000429,23,70,-47
124000430,420,954,-534
124000431,243,982,-739
124000432,135,835,-700
124000439,1,4,-3
124000442,8,234,-226
124000443,0,2,-2
124000445,69,122,-53
124000446,1344,31,1313
124900001,233,226,7
124900002,80,572,-492
124900003,478,401,77
124900004,310,282,28
124900005,225,263,-38
124900006,426,257,169
124900008,990,343,647
124900009,107,259,-152
124900010,101,50,51
124900011,323,123,200
124900012,459,106,353
124900013,204,124,80
124900014,105,89,16
124900015,103,231,-128
124900016,34,66,-32
124900017,954,465,489
124900018,6,3,3
124900019,242,24,218
124900020,74,91,-17
124900021,163,34,129
124900022,9,10,-1
124900024,168,1,167
124900026,69,5,64
124900027,49,229,-180
124900028,670,173,497
124900029,6,260,-254
124900030,3,186,-183
124900031,47,519,-472
124900032,180,152,28
124900033,33,449,-416
124900034,6,84,-78
124900035,129,590,-461
124900036,0,28,-28
124900037,129,337,-208
124900038,290,331,-41
124900039,1,25,-24
124900040,32,82,-50
124900041,144,1100,-956
124900042,18,2,16
124900043,263,1157,-894
124900044,53,4,49
124900045,627,730,-103
124900046,2690,295,2395
124900047,108,241,-133
124900048,105,156,-51
124900050,100,328,-228
124900052,115,774,-659
124900053,41,335,-294
124900054,3120,306,2814
124900055,2,152,-150
124900057,9,98,-89
124900060,53,227,-174
124900061,29,8,21
124900062,48,18,30
124900066,0,13,-13
124900067,8,172,-164
124900068,304,432,-128
124900069,75,79,-4
124900070,50,31,19
124900072,45,15,30
124900074,210,409,-199
124900075,102,177,-75
124900076,24,401,-377
124900077,20,98,-78
124900078,39,4,35
124900079,849,45,804
124900080,171,790,-619
124900081,461,185,276
124900082,271,865,-594
124900083,104,459,-355
124900084,2365,88,2277
124900085,1113,217,896
124900086,93,676,-583
124900087,457,52,405
124900088,600,90,510
124900089,1655,18,1637
124900090,169,223,-54
124900091,253,625,-372
124900092,135,531,-396
124900093,165,199,-34
124900094,201,265,-64
124900095,62,377,-315
124900096,511,231,280
124900097,175,57,118
124900098,129,473,-344
124900099,1087,401,686
124900100,302,19,283
124900101,11,314,-303
124900102,113,8,105
124900103,89,321,-232
124900104,39,192,-153
124900105,46,159,-113
124900106,305,26,279
124900107,18,19,-1
124900108,169,27,142
124900109,33,72,-39
124900110,180,348,-168
124900111,2,40,-38
124900112,57,1271,-1214
129000186,89,42,47
204000001,14,0,14
204000002,15,2,13
204000003,20,2,18
204000004,4,6,-2
204000005,305,314,-9
204000006,715,888,-173
204000008,827,384,443
204000011,10,80,-70
204000012,34,70,-36
204000013,0,28,-28
204000019,383,461,-78
204000020,238,642,-404
204000021,1460,673,787
204000022,425,410,15
204000023,447,947,-500
204000031,46,9,37
204000032,315,9,306
204000034,14,377,-363
204000035,0,7,-7
204000036,6,17,-11
204000037,1,8,-7
204000038,0,14,-14
204000039,1,64,-63
204000040,3,52,-49
204000041,7,55,-48
204000042,34,10,24
204000043,15,2,13
204000044,15,6,9
204000045,48,6,42
204000046,34,12,22
204000057,3,71,-68
204000062,2,16,-14
204000068,13,128,-115
204000069,3,111,-108
204000070,6,51,-45
204000080,9,44,-35
204000085,1286,2002,-716
204000086,2307,1873,434
204000087,33,13,20
204000088,2,107,-105
204000090,6,391,-385
204000093,170,42,128
204000096,453,585,-132
204000097,189,7,182
204000099,760,922,-162
204000100,781,915,-134
204000105,1895,1958,-63
204000110,414,1106,-692
204000111,235,620,-385
204000112,536,876,-340
204000113,300,927,-627
204000114,440,414,26
204000115,308,343,-35
204000116,405,509,-104
204000119,1480,1385,95
204000132,228,127,101
204000133,309,181,128
204000134,98,98,0
204000135,220,50,170
204000136,138,159,-21
204000138,173,132,41
204000140,98,73,25
204000141,61,68,-7
204000144,2,13,-11
204000145,397,38,359
204000146,26,427,-401
204000147,6,142,-136
204000148,173,18,155
204000154,2,1,1
204000155,8,23,-15
204000177,61,31,30
204000179,14,5,9
204000180,0,25,-25
204000222,6,71,-65
204000235,7,15,-8
204000236,87,269,-182
204000238,10,19,-9
204000240,262,95,167
204000308,138,13,125
204000317,3,72,-69
204000322,3,41,-38
204000323,13,3,10
204000328,221,36,185
204000329,47,129,-82
204000330,123,30,93
204000331,8,138,-130
204010341,9,187,-178
205000001,920,1194,-274
205000013,3,68,-65
205000014,9,115,-106
205000015,18,221,-203
205000016,12,169,-157
205000017,24,100,-76
205000022,219,507,-288
205000025,1266,833,433
205000029,112,2,110
205000045,83,220,-137
205000047,33,404,-371
205000048,136,775,-639
205000049,102,655,-553
205000050,738,249,489
205000059,1,225,-224
205000060,0,41,-41
205000061,3,65,-62
205000062,0,23,-23
205000063,6,92,-86
205000064,19,116,-97
205000065,54,691,-637
205000066,79,740,-661
205000067,39,1019,-980
205000069,104,17,87
205000082,96,209,-113
205000110,36,154,-118
205000111,173,175,-2
205000112,79,150,-71
205000113,220,216,4
205000121,178,46,132
205000123,58,208,-150
205000126,294,134,160
205000127,526,165,361
205000128,378,72,306
205000129,339,109,230
205000130,274,23,251
205000131,455,15,440
205000132,285,0,285
205000133,254,0,254
205000134,142,2,140
205000137,145,132,13
205000138,204,259,-55
205000139,24,97,-73
205000144,35,46,-11
205000145,294,150,144
205000151,122,23,99
205000152,88,30,58
205000153,136,37,99
205000154,75,37,38
205000155,62,10,52
205000207,7,183,-176
205000233,8,0,8
205000234,0,1,-1
205000243,0,0,0
205000244,0,2,-2
205000245,6,278,-272
205000249,0,51,-51
205000250,0,0,0
205000251,50,323,-273
205000264,4,85,-81
206000027,2,0,2
206000028,2,2,0
206000043,13,140,-127
206000053,1,16,-15
206000054,1,40,-39
206000055,3,32,-29
206000075,3,5,-2
206000076,10,6,4
206000077,8,8,0
206000078,6,3,3
206000079,14,1,13
206000082,405,14,391
206000100,82,729,-647
206000103,4,12,-8
206000104,14,17,-3
206000105,4,29,-25
206000106,2,31,-29
206000108,548,35,513
206000125,38,0,38
206000157,56,768,-712
206000170,4,358,-354
206000171,1,321,-320
206000172,19,1319,-1300
206000173,2,413,-411
206000174,13,172,-159
206000175,1,249,-248
206000176,17,504,-487
206000177,1,383,-382
206000178,2,242,-240
206000179,7,178,-171
206000180,15,253,-238
206000181,10,459,-449
206000182,10,458,-448
206000183,20,1205,-1185
206000184,9,624,-615
206000185,15,487,-472
206000186,90,2250,-2160
206000223,2,408,-406
206000226,10,6,4
206000227,30,2,28
206000237,20,577,-557
206000238,23,854,-831
206000239,600,3063,-2463
206000240,0,55,-55
206000241,1,115,-114
206000242,7,738,-731
206000243,7,553,-546
206000244,63,1335,-1272
206000245,262,40,222
206000246,33,4,29
206000247,61,7,54
206000248,133,11,122
206000252,69,27,42
206000258,11,67,-56
206000315,32,7,25
206000317,243,69,174
206000318,113,21,92
206000319,402,38,364
206000320,52,20,32
206000321,38,12,26
206000322,117,6,111
206000323,68,1,67
206000324,44,2,42
206000325,105,10,95
206000326,94,4,90
206000327,99,7,92
206000328,55,4,51
206000329,84,7,77
206000330,27,6,21
206000331,77,1,76
206000332,15,7,8
206000333,204,4,200
206000334,99,3,96
206000335,0,43,-43
206000361,2,258,-256
206000392,0,55,-55
206000405,75,0,75
206000441,7,11,-4
206000498,28,14,14
206000515,97,16,81
206000530,59,44,15
206000531,57,63,-6
206000532,2934,61,2873
206000535,706,2062,-1356
206000536,31,272,-241
206000537,5,187,-182
206000613,1188,157,1031
207000001,121,390,-269
207000002,81,280,-199
207000003,132,224,-92
207000007,465,215,250
207000008,50,5,45
207000009,44,32,12
207000010,431,780,-349
207000012,201,197,4
207000015,349,1973,-1624
207000019,127,72,55
207000021,449,119,330
207000022,76,83,-7
207000023,107,26,81
207000024,0,7,-7
207000025,8,40,-32
207000026,53,45,8
207000027,14,81,-67
207000028,51,255,-204
207000029,244,444,-200
207000033,169,265,-96
207000034,201,34,167
207000039,201,115,86
207000040,143,81,62
207000041,54,41,13
207000042,169,71,98
207000043,127,150,-23
207000051,123,485,-362
207000052,16,201,-185
207000053,404,680,-276
207000054,21,126,-105
207000055,86,196,-110
207000056,234,433,-199
207000057,121,312,-191
207000058,83,443,-360
207000059,49,766,-717
207000060,39,220,-181
207000061,62,146,-84
207000062,106,27,79
207000063,129,109,20
207000064,208,200,8
207000065,203,181,22
207000066,61,141,-80
207000067,53,121,-68
207000068,70,66,4
207000069,453,328,125
207000082,45,425,-380
207000083,83,596,-513
207000084,92,209,-117
207000085,123,5,118
207000086,108,6,102
207000106,31,22,9
207000107,35,18,17
207000108,26,12,14
207000109,25,6,19
207000110,17,44,-27
207000111,60,62,-2
207000112,129,199,-70
207000114,2,31,-29
207000115,15,84,-69
207000116,10,297,-287
207000117,18,151,-133
207000118,4,144,-140
207000119,24,178,-154
207000123,141,27,114
207000124,47,25,22
207000125,21,22,-1
207000126,56,32,24
207000134,24,320,-296
207000135,25,357,-332
207000148,30,128,-98
207000149,59,31,28
207000152,110,340,-230
207000153,1217,1097,120
207000154,516,107,409
207000159,56,631,-575
207000160,117,780,-663
207000238,0,84,-84
207000242,6,167,-161
207000248,8,32,-24
207000249,138,49,89
207000250,764,63,701
207000251,59,47,12
207000252,43,78,-35
207000278,42,84,-42
207000279,20,264,-244
207000280,229,60,169
207000281,71,1518,-1447
207000282,136,41,95
207000283,143,253,-110
207000284,44,52,-8
207000285,162,29,133
207000291,3,136,-133
207000304,67,42,25
207000306,31,521,-490
207000310,31,55,-24
207000353,140,6,134
207000356,9,14,-5
207000357,20,18,2
207000415,2,165,-163
207000417,13,2,11
207000437,0,2,-2
207000439,1107,325,782
207000446,115,10,105
207000460,1,7,-6
207000466,148,250,-102
207000467,0,3,-3
207000468,0,16,-16
207000476,2,67,-65
207000477,322,109,213
207000523,0,6,-6
207000524,7,0,7
207000527,75,125,-50
207000530,197,7,190
207000531,164,6,158
207000532,60,19,41
207000534,471,43,428
207000535,24,262,-238
207000537,15,135,-120
207000540,3,171,-168
207000541,2,269,-267
207000548,3,301,-298
207000549,100,16,84
207000561,60,107,-47
207000562,27,204,-177
207000567,113,250,-137
207000568,84,134,-50
207000569,157,1304,-1147
207000584,430,198,232
207000585,78,194,-116
207000616,1,220,-219
207000617,51,0,51
207000628,0,1,-1
207900008,83,315,-232
208000001,314,492,-178
208000002,328,382,-54
208000003,510,381,129
208000004,719,536,183
208000005,16,14,2
208000019,457,871,-414
208000020,124,397,-273
208000021,143,614,-471
208000022,542,711,-169
208000028,1029,633,396
208000033,291,688,-397
208000034,933,1530,-597
208000040,72,130,-58
208000041,616,397,219
208000042,497,456,41
208000047,88,467,-379
208000064,2492,987,1505
208000066,1173,814,359
208000070,190,342,-152
208000071,247,793,-546
208000072,227,1092,-865
208000080,153,245,-92
208000081,139,133,6
208000082,169,330,-161
208000083,99,330,-231
208000084,13,22,-9
208000085,687,516,171
208000086,354,789,-435
208000087,234,669,-435
208000089,620,753,-133
208000090,480,1146,-666
208000093,72,99,-27
208000094,272,538,-266
208000095,399,328,71
208000104,685,811,-126
208000105,485,900,-415
208000114,43,166,-123
208000115,422,349,73
208000116,175,818,-643
208000117,41,114,-73
208000118,45,103,-58
208000155,409,840,-431
208000158,1477,2679,-1202
208000186,3296,1937,1359
208000204,281,868,-587
208000205,739,1357,-618
208000282,3725,1708,2017
209000004,83,161,-78
209000005,12,28,-16
209000006,382,78,304
209000007,239,249,-10
209000010,465,133,332
209000011,145,160,-15
209000012,85,195,-110
209000013,150,576,-426
209000014,571,1731,-1160
209000025,160,23,137
209000026,406,79,327
209000027,291,1070,-779
209000028,288,998,-710
209000029,547,833,-286
209000030,478,1585,-1107
209000031,3435,2444,991
209000034,99,114,-15
209000035,50,87,-37
209000036,104,78,26
209000037,123,202,-79
209000038,63,102,-39
209000039,27,100,-73
209000040,220,417,-197
209000041,186,304,-118
209000042,223,294,-71
209000043,591,535,56
209000044,130,480,-350
209000045,756,390,366
209000046,244,444,-200
209000047,183,158,25
209000048,265,198,67
209000049,117,115,2
209000050,111,180,-69
209000051,216,365,-149
209000052,122,307,-185
209000062,41,190,-149
209000063,16,158,-142
209000064,20,210,-190
209000065,37,26,11
209000066,25,29,-4
209000067,47,56,-9
209000080,22,165,-143
209000082,50,41,9
209000091,38,130,-92
209000093,61,51,10
209000094,157,160,-3
209000110,23,45,-22
209000111,314,853,-539
209000112,573,322,251
209000113,1034,270,764
209000114,175,250,-75
209000115,57,195,-138
209000116,751,618,133
209000118,15,31,-16
209000119,39,3,36
209000121,120,617,-497
209000135,42,73,-31
209000142,525,790,-265
209000143,118,101,17
209000144,86,75,11
209000229,129,134,-5
209000240,23,417,-394
209000259,60,105,-45
209000260,93,1007,-914
209000261,9,694,-685
209000262,5,528,-523
209000263,0,113,-113
209000264,0,96,-96
209000265,260,2,258
209000266,47,2,45
209000267,757,3,754
209000268,648,36,612
210000037,33,23,10
210000047,41,47,-6
210000048,54,33,21
210000049,59,30,29
210000052,31,155,-124
210000053,14,99,-85
210000054,47,84,-37
210000070,68,1,67
210000071,57,0,57
210000072,8,1,7
210000073,0,18,-18
210000074,1,104,-103
210000075,0,53,-53
210000076,16,151,-135
210000077,36,30,6
210000078,36,31,5
210000079,46,15,31
210000080,80,30,50
210000081,168,8,160
210000082,28,1,27
210000083,59,0,59
210000084,23,0,23
210000085,0,75,-75
210000086,1,136,-135
210000099,26,245,-219
210000100,38,207,-169
210000101,50,270,-220
210000105,24,198,-174
210000159,1,97,-96
210000163,230,215,15
210000164,348,98,250
210000168,168,29,139
210000187,0,9,-9
210000188,0,25,-25
210000214,103,0,103
210000219,22,58,-36
210000220,29,83,-54
210000232,1,18,-17
210000233,17,51,-34
210000234,23,137,-114
210000235,21,150,-129
210000245,0,28,-28
210000246,105,34,71
210000258,10,116,-106
210000259,216,37,179
210000282,37,204,-167
210000285,0,72,-72
210000286,5,133,-128
210000295,43,154,-111
210000296,50,50,0
210000320,148,133,15
210000321,82,123,-41
210000338,53,90,-37
210000339,634,1023,-389
210000340,124,282,-158
210000341,117,271,-154
210000342,150,174,-24
210000343,140,173,-33
210000344,268,106,162
210000345,197,196,1
210000346,97,126,-29
210000347,259,44,215
210000348,191,26,165
210000349,130,21,109
210000350,71,49,22
210000351,105,82,23
210000352,55,73,-18
210000353,33,93,-60
210000354,58,97,-39
210000355,57,88,-31
210000356,51,57,-6
210000357,51,32,19
210000358,252,106,146
210000359,85,40,45
210000360,104,96,8
210000361,106,123,-17
210000362,174,137,37
210000363,946,133,813
210000364,118,120,-2
210000365,93,47,46
210000366,81,41,40
210000367,55,24,31
210000368,105,18,87
210000369,33,24,9
210000370,42,50,-8
210000372,27,21,6
210000373,93,18,75
210000374,40,7,33
210000375,25,71,-46
210000376,51,131,-80
210000404,93,143,-50
210000439,33,79,-46
210000472,76,7,69
210000482,56,75,-19
210000564,553,215,338
210000568,581,2,579
211000092,10,72,-62
211000094,19,5,14
211000169,89,17,72
211000172,9,200,-191
211000209,0,27,-27
211000275,2,27,-25
211000276,32,54,-22
211000279,3,47,-44
211000281,21,65,-44
211507980,0,26,-26
211977296,13,5,8
212000003,98,61,37
212000004,67,10,57
212000005,26,24,2
212000006,16,55,-39
212000008,98,228,-130
212000009,7,147,-140
212000012,63,84,-21
212000013,12,58,-46
212000014,250,178,72
212000015,171,207,-36
212000016,412,577,-165
212000027,346,469,-123
212000028,253,359,-106
212000029,149,264,-115
212000030,27,21,6
212000031,38,61,-23
212000048,27,85,-58
212000049,8,78,-70
212000050,22,9,13
212000051,111,248,-137
212000052,139,427,-288
212000053,240,568,-328
212000054,89,151,-62
212000055,166,280,-114
212000056,12,48,-36
212000057,5,32,-27
212000058,273,32,241
212000070,71,302,-231
212000077,66,621,-555
212000099,180,247,-67
212000108,177,163,14
212000111,136,144,-8
212000120,137,110,27
212000138,86,28,58
212000156,3,109,-106
212000158,5,11,-6
212000159,218,69,149
212000160,371,262,109
212000161,33,13,20
212000310,23,16,7
212000311,9,69,-60
212000374,21,10,11
213000001,28,850,-822
213000005,231,92,139
213000006,914,153,761
213000007,74,7,67
213000009,475,216,259
213000010,140,180,-40
213000011,142,84,58
213000012,110,450,-340
213000014,29,7,22
213000015,135,1,134
213000016,145,1,144
213000017,32,0,32
213000018,0,205,-205
213000019,2,178,-176
213000020,91,392,-301
213000021,5,129,-124
213000023,222,158,64
213000033,192,891,-699
213000034,471,334,137
213000035,83,116,-33
213000045,93,250,-157
213000046,128,210,-82
213000047,493,778,-285
213000056,46,32,14
213000069,48,3,45
213000073,1,13,-12
213000074,248,559,-311
213000075,391,16,375
213000085,2,35,-33
213000086,13,259,-246
213000091,82,18,64
213000092,48,7,41
213000099,112,778,-666
213000100,1013,196,817
213000101,133,116,17
213000102,245,465,-220
213000103,589,929,-340
213000104,53,584,-531
213000105,6,61,-55
213000106,15,187,-172
213000107,81,790,-709
213000108,9,570,-561
213000109,2,310,-308
213000110,21,69,-48
213000111,7,60,-53
213000112,161,115,46
213000115,25,1,24
213000116,119,877,-758
213000117,9,1174,-1165
213000118,257,337,-80
213000119,63,831,-768
213000120,100,819,-719
213000122,149,898,-749
213000123,675,1813,-1138
213000124,65,1770,-1705
213000125,111,7,104
213000126,88,73,15
213000127,147,133,14
213000128,834,741,93
213000129,554,277,277
213000130,272,180,92
213000132,148,93,55
213000133,189,107,82
213000134,461,32,429
213000136,246,9,237
213000137,385,57,328
213000139,242,1,241
213000147,30,2,28
213000148,14,6,8
213000149,18,3,15
213000150,0,77,-77
213000151,1,81,-80
213000152,0,71,-71
213000153,0,33,-33
213000154,28,177,-149
213000155,35,350,-315
213000156,95,629,-534
213000157,463,603,-140
213000158,235,816,-581
213000159,373,560,-187
213000163,360,62,298
213000165,615,147,468
213000171,0,162,-162
213000172,5,416,-411
213000173,4,344,-340
213000174,7,384,-377
213000175,15,316,-301
213000176,46,25,21
213000177,60,3,57
213000178,52,5,47
213000179,114,2,112
213000180,80,0,80
213000184,77,523,-446
213000188,249,73,176
213000189,210,35,175
213000190,731,886,-155
213000191,148,533,-385
213000192,112,597,-485
213000193,1245,318,927
213000194,1,49,-48
213000195,11,416,-405
213000196,116,879,-763
213000197,224,344,-120
213000198,42,2,40
213000200,113,1158,-1045
213000201,55,54,1
213000202,7,804,-797
213000203,2771,367,2404
213000204,426,43,383
213000205,168,53,115
213000206,199,27,172
213000207,50,5,45
213000208,127,3,124
213000209,111,0,111
213000210,250,2,248
213000211,11,4,7
213000212,4,21,-17
213000213,6,30,-24
213000218,150,921,-771
213000219,343,22,321
213000220,265,11,254
213000223,159,80,79
213000224,32,13,19
213000225,44,8,36
213000226,44,11,33
213000227,441,137,304
213000228,135,37,98
213000229,536,11,525
213000230,185,16,169
213000232,77,427,-350
213000233,7,17,-10
213000234,2,22,-20
213000293,12,37,-25
213000294,104,11,93
213000295,13,58,-45
213000296,40,25,15
213000297,3,108,-105
213000298,10,84,-74
213000299,48,22,26
213000300,7,2,5
213000303,3,21,-18
213000304,3,5,-2
213000305,1,8,-7
213000306,59,31,28
213000307,203,92,111
213000308,100,371,-271
213000309,186,47,139
213000310,182,86,96
213000311,249,618,-369
213000315,43,183,-140
213000316,65,55,10
213000322,70,183,-113
213000323,48,76,-28
213000324,75,255,-180
213000325,48,269,-221
213000326,68,116,-48
213000327,74,281,-207
213000328,30,111,-81
213000329,70,159,-89
213000340,108,902,-794
213000341,207,61,146
213000347,797,134,663
213000348,10,238,-228
213000349,34,8,26
213000350,256,1599,-1343
213000366,51,373,-322
213000367,106,16,90
213000379,133,256,-123
213000386,14,260,-246
213000406,82,348,-266
213000417,955,342,613
213000425,86,56,30
213000426,52,92,-40
213000427,16,558,-542
213000428,24,293,-269
213000429,5,0,5
213000430,100,1306,-1206
213000431,16,2,14
213000432,0,17,-17
213000433,5,172,-167
213000434,46,97,-51
213000435,77,90,-13
213000436,7,62,-55
213000437,2,126,-124
213000438,92,159,-67
213000439,60,17,43
213000440,6,199,-193
213000441,1,0,1
213000442,5,58,-53
213000443,279,359,-80
213000444,35,146,-111
213000445,1,103,-102
213000446,1,5,-4
213000447,16,26,-10
213000448,9,63,-54
213000449,123,1,122
213000450,30,31,-1
213000451,149,80,69
213000452,9,21,-12
213000453,38,414,-376
213000455,275,3,272
213000456,0,186,-186
213000481,3,5,-2
213000484,32,5,27
213000489,525,34,491
213900002,0,74,-74
213900003,217,5,212
213900013,4,188,-184
213900015,0,8,-8
213900016,2,16,-14
213900020,16,248,-232
213900030,0,76,-76
213900032,186,51,135
213900033,67,16,51
213900034,187,138,49
213900035,114,868,-754
213900036,83,346,-263
213900037,31,450,-419
213900038,268,249,19
213900039,0,126,-126
213900041,2,79,-77
213900042,264,115,149
213900043,133,143,-10
213900244,9,0,9
213900245,0,52,-52
218000003,6,20,-14
218000004,36,14,22
218000005,8,40,-32
218000006,52,14,38
218000007,0,3,-3
218000012,223,115,108
218000013,85,113,-28
218000014,493,434,59
218000019,1016,662,354
218000020,346,430,-84
218000021,55,145,-90
218000022,9,56,-47
218000023,1,58,-57
218000024,2,25,-23
218000025,2,47,-45
218000026,18,70,-52
218000027,0,31,-31
218000028,2,7,-5
218000029,0,1,-1
218000030,19,49,-30
218000031,6,75,-69
218000032,1,42,-41
218000039,2,21,-19
218000040,8,1,7
218000046,35,206,-171
218000047,7,290,-283
218000048,76,291,-215
218000049,271,266,5
218000050,418,428,-10
218000051,49,460,-411
218000052,1,126,-125
218000053,4,17,-13
218000054,13,60,-47
218000055,16,7,9
218000056,19,34,-15
218000057,4,44,-40
218000064,0,7,-7
218000065,55,72,-17
218000066,9,52,-43
218000067,36,103,-67
218000068,74,121,-47
218000069,123,209,-86
218000070,106,320,-214
218000071,216,250,-34
218000072,286,297,-11
218000078,449,1251,-802
218000079,63,87,-24
218000080,72,88,-16
218000081,271,297,-26
218000082,17,155,-138
218000083,40,69,-29
218000084,66,292,-226
218000085,111,696,-585
218000086,33,287,-254
218000087,204,397,-193
218000090,6,65,-59
218000091,493,312,181
218000092,34,161,-127
218000093,50,128,-78
218000094,260,631,-371
218000099,224,556,-332
218000100,196,248,-52
218000101,148,159,-11
218000102,233,328,-95
218000103,96,199,-103
218000104,39,58,-19
218000105,33,15,18
218000106,4,4,0
218000107,44,108,-64
218000108,8,84,-76
218000112,149,52,97
218000117,72,75,-3
218000134,609,815,-206
218000135,21,103,-82
218000136,146,57,89
218000137,77,135,-58
218000138,21,102,-81
218000139,100,348,-248
218000140,174,114,60
218000141,82,87,-5
218000142,66,161,-95
218000143,29,208,-179
218000144,31,74,-43
218000145,218,419,-201
218000146,65,206,-141
218000151,4,26,-22
218000152,53,54,-1
218000153,1,3,-2
218000154,5,0,5
218000155,10,2,8
218000156,31,20,11
218000157,8,7,1
218000158,1,8,-7
218000159,1,9,-8
218000160,2,2,0
218000161,18,8,10
218000162,12,13,-1
218000163,3,4,-1
218000164,16,20,-4
218000165,33,51,-18
218000170,2,20,-18
218000171,22,8,14
218000172,32,32,0
218000173,62,20,42
218000174,8,10,-2
218000176,90,33,57
218000177,282,94,188
218000178,103,131,-28
218000179,70,27,43
218000180,41,16,25
218000181,71,20,51
218000187,2,19,-17
218000188,63,48,15
218000189,19,78,-59
218000190,5,25,-20
218000191,72,94,-22
218000192,157,625,-468
218000193,452,609,-157
218000194,49,579,-530
218000195,131,90,41
218000196,209,263,-54
218000197,172,427,-255
218000198,3,119,-116
218000199,32,34,-2
218000200,73,29,44
218000201,3,12,-9
218000202,100,93,7
218000207,6,63,-57
218000208,30,48,-18
218000211,24,13,11
218000212,4,11,-7
218000213,83,37,46
218000214,1,14,-13
218000215,51,105,-54
218000217,0,130,-130
218000218,327,94,233
218000219,47,20,27
218000220,148,328,-180
218000221,681,181,500
218000222,61,19,42
218000223,40,160,-120
218000224,5,55,-50
218000225,129,10,119
218000226,54,58,-4
218000230,0,0,0
218000232,77,84,-7
218000234,15,10,5
218000239,57,1,56
218000240,6,1,5
218000241,2,0,2
218000242,20,0,20
218000243,10,0,10
218000244,4,0,4
218000245,5,1,4
218000246,0,0,0
218000247,0,0,0
218000248,0,44,-44
218000249,1,1,0
218000250,3,36,-33
218000251,1,10,-9
218000252,14,14,0
218000253,4,10,-6
218000254,1,9,-8
218000255,0,10,-10
218000256,0,41,-41
218000267,513,890,-377
218000268,11,74,-63
218000269,6,17,-11
218000270,16,47,-31
218000271,20,33,-13
218000273,7,3,4
218000274,10,1,9
218000275,10,38,-28
218000276,4,49,-45
218000278,2,21,-19
218000279,9,20,-11
218000280,10,7,3
218000281,4,19,-15
218000282,184,85,99
218000284,95,4,91
218000301,81,121,-40
218000302,54,62,-8
218000303,56,42,14
218000316,480,876,-396
218000317,517,1006,-489
218000318,245,725,-480
218000319,592,1575,-983
218000320,418,768,-350
218000338,27,33,-6
218000339,1,12,-11
218000342,16,36,-20
218000343,59,76,-17
218000345,24,23,1
218000346,10,98,-88
218000353,16,20,-4
218000354,12,44,-32
218000459,92,479,-387
218000490,25,60,-35
218000501,40,42,-2
218000502,65,89,-24
218000503,41,24,17
218000504,124,25,99
218000505,66,201,-135
218000506,53,220,-167
218000508,0,3,-3
218000510,190,10,180
218000520,131,105,26
218000521,1,42,-41
218000522,1,159,-158
218000523,46,2,44
218000524,38,142,-104
218000525,107,15,92
218000526,24,61,-37
218000529,9,107,-98
218000530,6,7,-1
218000531,10,30,-20
218000532,7,38,-31
218000534,10,1,9
218000537,7,19,-12
218000538,73,145,-72
218000539,25,32,-7
218000540,245,63,182
218000543,89,50,39
218000544,38,133,-95
218000545,21,51,-30
218000546,39,129,-90
218000547,56,85,-29
218000548,95,202,-107
218000549,258,143,115
218000550,152,568,-416
218000551,184,409,-225
218000552,605,27,578
218000553,7,74,-67
218000554,4,33,-29
218000555,2,17,-15
218000556,43,469,-426
218000557,133,56,77
218000558,21,0,21
218000559,1,24,-23
218000560,0,7,-7
218000561,5,0,5
218000562,13,191,-178
218000563,102,21,81
218000564,3,116,-113
218000565,161,26,135
218000566,457,32,425
218000567,2,46,-44
218000568,6,1,5
218000569,6,88,-82
218000570,23,11,12
218000571,1,96,-95
218000572,69,2,67
218000573,10,46,-36
218000574,63,37,26
218000575,77,0,77
218000576,0,31,-31
218000577,61,3,58
218000578,1,75,-74
218000579,27,2,25
218000581,1,81,-80
218000582,18,4,14
218000583,2,0,2
218000584,0,11,-11
218000585,16,3,13
218000586,7,32,-25
218000587,0,3,-3
218000588,0,2,-2
218000589,0,3,-3
218000590,0,0,0
218000591,0,3,-3
218000592,1,0,1
218000593,0,1,-1
218000594,3,0,3
218000595,0,0,0
218000596,0,0,0
218000597,0,0,0
218000598,0,0,0
218000599,0,0,0
218000600,0,0,0
218000601,0,0,0
218000602,0,1,-1
218000603,0,3,-3
218000604,1,1,0
218000605,0,6,-6
218000606,17,0,17
218000607,10,43,-33
218000608,33,5,28
218000609,3,60,-57
218000610,40,1,39
218000611,9,0,9
218000612,2,34,-32
218000613,45,1,44
218000614,0,34,-34
218000615,75,0,75
218000616,7,130,-123
218000617,7,0,7
218000618,0,24,-24
218000619,14,30,-16
218000620,6,128,-122
218000621,0,1,-1
218000622,0,17,-17
218000623,6,2,4
218000624,1,23,-22
218000625,2,5,-3
218000626,0,10,-10
218000628,44,18,26
218000631,1,3,-2
218000632,2,99,-97
218000633,23,1,22
218000634,32,20,12
218000635,44,3,41
218000636,639,1621,-982
218000637,675,643,32
218000638,81,68,13
218000639,23,243,-220
218000640,100,30,70
218000641,40,499,-459
218000652,129,143,-14
218000653,150,67,83
218000663,0,54,-54
218000675,22,20,2
218000676,4,48,-44
218000677,3,15,-12
218000680,38,216,-178
218000681,83,19,64
218000691,37,156,-119
218000693,30,8,22
218000703,13,76,-63
218000718,1243,478,765
218000719,1658,95,1563
218000720,1,31,-30
218000721,39,10,29
218000725,7,6,1
218001214,10,13,-3
218001329,15,21,-6
218001330,13,13,0
219000001,36,57,-21
219000002,39,60,-21
219000003,26,15,11
219000004,31,37,-6
219000017,125,21,104
219000020,59,22,37
219000022,46,3,43
219000023,46,1,45
219000029,0,71,-71
219000034,15,6,9
219000039,23,54,-31
219000040,17,14,3
219000041,49,24,25
219000051,0,53,-53
219000052,0,35,-35
219000053,1,250,-249
219000054,288,312,-24
219000055,56,2,54
219000056,6,0,6
219000057,36,0,36
219000062,17,315,-298
219000063,34,5,29
219000064,0,0,0
219000110,195,32,163
219000111,60,12,48
219000112,123,22,101
219000113,84,30,54
219000114,197,39,158
219000116,54,24,30
219000117,128,61,67
219000118,57,55,2
219000123,220,80,140
219000124,94,58,36
219000125,7,15,-8
219000126,37,104,-67
219000127,0,3,-3
219000128,7,99,-92
219000129,30,122,-92
219000130,802,875,-73
219000131,648,835,-187
219000133,34,18,16
219000134,2,13,-11
219000135,31,53,-22
219000136,96,137,-41
219000138,51,19,32
219000139,18,53,-35
219000140,15,3,12
219000141,13,124,-111
219000142,10,71,-61
219000143,12,105,-93
219000145,10,66,-56
219000146,9,94,-85
219000147,2,66,-64
219000148,0,64,-64
219000149,23,239,-216
219000150,4,187,-183
219000151,1,140,-139
219000157,86,90,-4
219000158,138,211,-73
219000161,97,4,93
219000163,1359,289,1070
219000166,30,175,-145
219000167,50,229,-179
219000168,245,60,185
219000174,234,92,142
219000175,47,5,42
219000176,48,5,43
219000177,10,5,5
219000178,16,1,15
219000179,6,4,2
219000180,43,26,17
219000182,81,5,76
219000183,25,64,-39
219000184,32,2,30
219000185,0,141,-141
219000186,19,71,-52
219000187,17,193,-176
219000189,129,131,-2
219000190,114,178,-64
219000191,1389,930,459
219000192,126,91,35
219000193,583,146,437
219000195,0,65,-65
219000196,8,116,-108
219000198,34,150,-116
219000199,116,197,-81
219000200,30,162,-132
219000201,50,243,-193
219000203,27,141,-114
219000204,58,175,-117
219000205,21,222,-201
219000207,116,255,-139
219000209,19,76,-57
219000210,41,102,-61
219000213,7,349,-342
219000239,127,164,-37
219000240,148,344,-196
219000241,78,254,-176
219000242,32,202,-170
219000243,68,289,-221
219000244,27,102,-75
219000245,28,31,-3
219000246,11,9,2
219000247,83,25,58
219000248,274,180,94
219000249,51,36,15
219000250,59,71,-12
219000251,362,114,248
219000252,150,76,74
219000253,125,26,99
219000255,53,57,-4
219000256,100,57,43
219000257,47,0,47
219000262,63,271,-208
219000263,29,218,-189
219000267,4,131,-127
219000268,0,3,-3
219000269,1,1,0
219000270,4,0,4
219000271,49,2,47
219000278,0,9,-9
219000279,0,2,-2
219000283,1,14,-13
219000295,16,81,-65
219000296,54,487,-433
219000297,8,148,-140
219000298,13,214,-201
219000299,341,55,286
219000300,26,338,-312
219000301,153,325,-172
219000302,14,180,-166
219000307,18,44,-26
219000308,20,15,5
219000311,65,34,31
219000312,294,37,257
219000313,143,22,121
219000314,89,555,-466
219000315,143,25,118
219000316,229,37,192
219000317,54,38,16
219000320,1,44,-43
219000321,1,29,-28
219000323,5,149,-144
219000325,1,52,-51
219000326,44,90,-46
219000327,35,35,0
219000328,18,55,-37
219000329,257,104,153
219000330,35,23,12
219000331,19,33,-14
219000332,61,73,-12
219000333,5,2,3
219000335,60,3,57
219000337,3,0,3
219000338,46,0,46
219000344,12,76,-64
219000345,36,133,-97
219000346,25,151,-126
219000348,74,192,-118
219000349,23,310,-287
219000350,48,72,-24
219000351,11,1,10
219000352,237,35,202
219000353,78,31,47
219000354,107,114,-7
219000355,66,36,30
219000356,1868,500,1368
219000363,304,29,275
219000364,80,17,63
219000365,67,12,55
219000366,175,127,48
219000368,317,287,30
219000370,816,164,652
219000371,6,19,-13
219000382,9,12,-3
219000383,707,695,12
219000385,548,441,107
219000386,932,1247,-315
219000387,1,5,-4
219000390,2,6,-4
219000391,3,0,3
219000397,63,95,-32
219000398,57,21,36
219000401,11,87,-76
219000402,15,70,-55
219000403,76,103,-27
219000404,38,66,-28
219000407,1,5,-4
219000409,25,29,-4
219000410,35,16,19
219000411,29,10,19
219000446,185,445,-260
219000447,1,18,-17
219000448,6,2,4
219000452,75,40,35
219000453,67,106,-39
219000454,239,142,97
219000556,109,54,55
219000558,91,319,-228
219000590,20,215,-195
219000591,19,42,-23
219000592,92,374,-282
219000595,1,42,-41
219000635,38,20,18
219000636,11,93,-82
219000657,31,9,22
219000658,12,39,-27
219000673,0,4,-4
219000676,7,1,6
219000679,40,9,31
219000684,61,3,58
219000685,0,93,-93
219000686,2,0,2
219000688,0,71,-71
219000689,47,234,-187
219000690,211,27,184
219000691,8,31,-23
219000692,34,3,31
219000693,0,46,-46
219000694,19,0,19
219000695,12,4,8
219000698,7,0,7
219000699,0,7,-7
219000727,3,203,-200
219000728,32,1,31
219000770,8,1,7
219000771,1,36,-35
219001150,0,6,-6
219001151,0,4,-4
219001166,29,5,24
219001167,9,40,-31
220000001,28,49,-21
220000002,12,151,-139
220000003,317,265,52
220000004,498,574,-76
220000005,1311,1558,-247
220000006,112,735,-623
220000007,235,627,-392
220000008,244,1023,-779
220000009,116,492,-376
220000010,118,106,12
220000011,529,2445,-1916
220000012,163,255,-92
220000014,36,41,-5
220000015,15,113,-98
220000017,87,387,-300
220000018,5295,895,4400
220000019,58,210,-152
220000020,203,166,37
220000021,337,146,191
220000022,240,463,-223
220000023,108,129,-21
220000024,1318,246,1072
220000025,681,474,207
220000026,121,153,-32
220000027,9,77,-68
220000028,19,33,-14
220000029,35,163,-128
220000030,113,80,33
220000031,155,222,-67
220000064,31,1057,-1026
221000046,3,0,3
221000047,0,1,-1
221000048,0,0,0
221000049,0,6,-6
221000050,8,0,8
221000055,32,39,-7
221000057,29,8,21
221000068,249,92,157
221000069,197,50,147
221000070,124,18,106
221000071,39,10,29
221000072,122,13,109
221000073,139,30,109
221000074,1,25,-24
221000075,17,23,-6
221000076,4,15,-11
221000077,31,73,-42
221000081,23,3,20
221000082,29,7,22
221000083,35,6,29
221000084,0,2,-2
221000085,7,65,-58
221000086,9,115,-106
221000087,7,154,-147
221000088,25,206,-181
221000089,36,277,-241
221000090,121,458,-337
221000098,86,7,79
221000099,71,18,53
221000100,32,4,28
221000101,147,9,138
221000102,84,6,78
221000109,5,75,-70
221000110,9,95,-86
221000111,20,128,-108
221000112,8,119,-111
221000113,11,120,-109
221000114,7,133,-126
221000120,40,51,-11
221000121,0,17,-17
221000122,20,33,-13
221000123,1,7,-6
221000124,26,263,-237
221000155,53,5,48
221000156,6,26,-20
221000175,0,1,-1
221000176,1,2,-1
221000182,19,9,10
221000241,453,176,277
221000242,181,339,-158
221000243,311,75,236
221000244,143,353,-210
221000245,37,84,-47
221000246,19,186,-167
221000247,35,129,-94
221000248,81,120,-39
221000267,48,846,-798
221000325,33,47,-14
221000331,2,77,-75
221000338,11,25,-14
221000378,98,19,79
221000381,43,37,6
222000282,3,0,3
222000296,1,24,-23
222000568,199,22,177
222000569,62,17,45
222000570,94,3,91
222000571,121,9,112
222000577,9,305,-296
222000578,22,211,-189
222000579,41,176,-135
222000580,162,1137,-975
222000599,1,136,-135
222000600,1,305,-304
222000601,9,763,-754
222000603,20,12,8
222000604,6,19,-13
222000605,7,9,-2
222000606,0,3,-3
222000607,6,3,3
222000608,4,8,-4
222000609,44,345,-301
222000616,108,39,69
222000617,2,9,-7
222000618,4,7,-3
222000620,59,13,46
222000621,75,10,65
222000623,337,4,333
222000624,156,2,154
222000625,248,34,214
222000636,46,5,41
222000686,5,15,-10
222000687,10,14,-4
222001066,224,1,223
222001067,7,10,-3
222001068,22,44,-22
222001069,14,39,-25
222001082,6,43,-37
222001083,9,60,-51
222001084,0,18,-18
222001085,0,125,-125
222001111,12,275,-263
222001112,18,37,-19
222001313,10,5,5
222001314,2,90,-88
222001464,20,27,-7
222001465,5,154,-149
222001484,46,55,-9
222001485,22,42,-20
222001494,168,118,50
222001495,95,513,-418
222001496,113,43,70
222001497,50,755,-705
222001502,18,146,-128
222001503,57,45,12
222001504,24,308,-284
222001505,186,12,174
222001506,39,248,-209
222001507,159,13,146
222001510,171,25,146
222001511,30,466,-436
222001514,443,126,317
222001515,263,808,-545
222001518,82,66,16
222001519,39,499,-460
222001527,168,32,136
222001528,69,218,-149
222001529,143,28,115
222001530,41,324,-283
222001533,123,499,-376
222001534,146,38,108
222001535,50,108,-58
222001536,84,452,-368
222001537,130,21,109
222001538,56,590,-534
222001563,224,67,157
222001564,39,936,-897
222001568,126,102,24
222001576,0,1,-1
222001579,1,8,-7
222001583,8,366,-358
222001584,43,9,34
222001596,551,1740,-1189
222001597,831,222,609
222001626,2,159,-157
222001650,37,58,-21
222001651,44,168,-124
222001914,127,70,57
222001915,47,252,-205
222900004,361,176,185
222900009,361,953,-592
222900019,74,240,-166
222900024,7,38,-31
222900025,2,27,-25
225000001,253,88,165
225000002,207,74,133
225000003,190,68,122
225000004,102,174,-72
225000005,17,55,-38
225000006,0,108,-108
225000007,3007,1065,1942
225000010,73,4,69
225000011,370,719,-349
225000012,121,446,-325
225000013,66,135,-69
225000014,599,77,522
225000015,92,226,-134
225000021,472,143,329
225000027,240,472,-232
225000032,394,142,252
225000042,52,632,-580
225000049,42,55,-13
225000050,35,4,31
225000053,3,164,-161
225000058,377,113,264
225000067,129,199,-70
225000068,43,492,-449
225000069,202,536,-334
225000070,42,500,-458
225000071,19,319,-300
225000075,26,882,-856
225000076,53,126,-73
225000078,66,25,41
225000085,18,53,-35
225000086,93,39,54
225000087,125,18,107
225000088,6,161,-155
225000089,254,600,-346
225000090,17,298,-281
225000091,67,207,-140
225000092,30,73,-43
225000093,104,355,-251
225000094,8,434,-426
225000095,244,583,-339
225000096,152,408,-256
225000098,305,110,195
225000099,164,83,81
225000100,103,90,13
225000104,47,338,-291
225000110,11,421,-410
225000111,133,1113,-980
225000112,346,1077,-731
225000113,116,555,-439
225000114,39,324,-285
225000115,2433,503,1930
225000116,713,100,613
225000117,635,474,161
225000118,507,349,158
225000119,106,57,49
225000120,370,52,318
225000121,168,22,146
225000123,1427,11,1416
225000125,194,250,-56
225000126,702,178,524
225000127,698,444,254
225000128,244,321,-77
225000132,195,13,182
225000133,118,19,99
225000134,433,95,338
225000135,41,12,29
225000136,97,17,80
225000137,79,40,39
225000138,220,14,206
225000143,76,143,-67
225000144,0,322,-322
225000145,9,34,-25
225000146,21,100,-79
225000147,17,265,-248
225000148,11,198,-187
225000149,46,476,-430
225000151,19,220,-201
225000155,231,328,-97
225000156,148,667,-519
225000157,173,312,-139
225000158,49,335,-286
225000171,4,185,-181
225000180,28,0,28
225000181,0,63,-63
225000182,74,11,63
225000185,3,277,-274
225000187,44,337,-293
225000191,49,1,48
225000194,0,1,-1
225000208,1,52,-51
225000209,27,15,12
225000210,5,176,-171
225000217,2,4,-2
225000218,4,0,4
225000223,0,27,-27
225000224,317,1,316
225000225,4,9,-5
225000226,131,1,130
225000227,28,49,-21
225000228,8,3,5
225000229,0,68,-68
225000230,2,0,2
225000231,1,69,-68
225000232,62,0,62
225000241,25,1,24
225000242,0,41,-41
225000249,0,0,0
225000250,41,788,-747
225000251,251,13,238
225000254,2,77,-75
225000256,3,60,-57
225000257,0,5,-5
226000042,298,360,-62
226000043,35,194,-159
226000044,94,584,-490
226000045,46,368,-322
226000046,228,44,184
226000047,191,56,135
226000048,206,49,157
226000049,139,81,58
226000070,0,68,-68
226000071,0,70,-70
226000072,0,14,-14
226000073,0,4,-4
226000074,0,9,-9
226000084,1,61,-60
226000085,0,7,-7
226000086,1,2,-1
226000087,0,8,-8
226000088,31,17,14
226000090,125,17,108
226000091,13,5,8
226000092,1,0,1
226000093,14,0,14
226000094,14,1,13
226000095,18,0,18
226000105,8,0,8
226000106,4,0,4
226000107,6,0,6
226000108,19,0,19
226000109,53,0,53
226000124,81,62,19
226000134,217,363,-146
226000135,481,437,44
226000136,169,289,-120
226000137,15,282,-267
226000138,10,146,-136
226000139,2,12,-10
226000156,75,2,73
226000157,54,10,44
226000163,34,43,-9
226000202,7,387,-380
226000231,56,5,51
226000232,33,5,28
227000033,227,38,189
227000036,186,23,163
227000037,114,12,102
227000038,78,6,72
227000084,2,72,-70
227000085,0,38,-38
227000088,26,2,24
227000089,80,0,80
227000090,22,0,22
227000091,3,0,3
227000092,11,0,11
227000093,15,0,15
227000094,0,0,0
227000130,22,47,-25
227000131,8,205,-197
227000132,7,203,-196
227000133,3,234,-231
227000134,12,386,-374
227000152,0,1,-1
227000153,0,37,-37
227000154,0,15,-15
227000155,2,16,-14
227000156,0,10,-10
227000165,4,27,-23
227000196,142,501,-359
227000199,92,815,-723
227000230,32,537,-505
227000232,117,14,103
227000242,47,458,-411
227000243,263,41,222
227000245,7,327,-320
227000246,73,441,-368
227000247,159,47,112
227000248,34,11,23
227000249,9,187,-178
227000250,112,53,59
227000251,103,169,-66
227000252,17,324,-307
227000253,52,21,31
227000262,216,28,188
227000266,407,20,387
227000267,34,2189,-2155
227000282,7,244,-237
227000284,134,10,124
227000286,3,76,-73
227000291,20,606,-586
227000296,332,202,130
227000484,189,22,167
227000485,23,751,-728
227000655,35,15,20
227000656,535,21,514
227000657,11,8,3
227000704,15,2,13
229000265,5,3,2
229000266,3,0,3
229000267,22,0,22
229000268,8,0,8
229000269,26,0,26
229000274,0,29,-29
229000275,0,12,-12
229000276,0,4,-4
229000277,0,4,-4
229000278,1,3,-2
229000295,5,20,-15
229000296,4,8,-4
229000297,6,57,-51
229000298,11,152,-141
229000320,5,17,-12
229000321,21,13,8
229000412,20,75,-55
229000414,9,66,-57
229000415,2,0,2
229000416,2,3,-1
229000417,1,15,-14
229000419,89,277,-188
229000440,183,56,127
229000442,8,11,-3
229000443,2,3,-1
229000444,6,41,-35
229000445,30,4,26
229000446,33,18,15
229000491,1,21,-20
229000492,16,175,-159
229000493,3,133,-130
229000494,18,9,9
229000495,87,6,81
229000496,25,7,18
229000507,0,35,-35
229000508,1,34,-33
229000509,0,80,-80
229000510,2,35,-33
229000511,6,62,-56
229000512,0,40,-40
229000513,1,8,-7
229000514,0,2,-2
229000517,3,7,-4
229000518,8,49,-41
229000519,0,26,-26
229000520,4,40,-36
229000521,21,21,0
229000522,7,15,-8
229000523,4,14,-10
229000524,2,4,-2
229000527,16,1,15
229000528,0,0,0
229000529,3,0,3
229000530,52,2,50
229000531,27,2,25
229000532,29,2,27
229000533,68,1,67
229000534,77,1,76
229000564,50,0,50
229000565,7,0,7
229000566,0,37,-37
229000567,0,87,-87
229000582,112,2,110
229000583,5,1,4
229000584,0,43,-43
229000585,3,63,-60
229000718,0,2,-2
229000719,0,1,-1
229000720,0,14,-14
229000721,0,22,-22
229000722,0,45,-45
229000723,0,12,-12
229000724,0,5,-5
229000725,0,9,-9
229000738,0,0,0
229000739,1,0,1
229000740,1,0,1
229000741,2,0,2
229000742,4,0,4
229000743,2,0,2
229000744,1,0,1
229000745,1,0,1
229000746,24,0,24
229000847,4,0,4
229000848,6,0,6
229000849,50,1,49
229000851,6,0,6
229000854,0,72,-72
229000856,3,150,-147
229000857,0,45,-45
229000858,1,114,-113
229000919,5,71,-66
229000930,3,164,-161
229000937,49,25,24
229000966,26,23,3
229000981,17,47,-30
229000985,5,39,-34
229000986,1,13,-12
229000987,0,1,-1
229000988,0,8,-8
229000989,3,6,-3
229000990,0,1,-1
229000991,0,0,0
229000992,10,7,3
229000993,159,23,136
229000998,10,36,-26
229000999,46,17,29
229001034,2,21,-19
229001035,3,4,-1
229001036,7,43,-36
229001037,33,1,32
229001038,0,2,-2
229001039,0,0,0
229001040,0,79,-79
229001041,36,0,36
229001042,6,24,-18
229001047,7,67,-60
229001050,26,10,16
229001168,1,7,-6
229001200,1,1,0
229001338,12,18,-6
229001394,209,2,207
229001422,76,21,55
229001423,25,113,-88
229001431,30,46,-16
229001432,46,51,-5
229001444,104,59,45
229001445,43,191,-148
229001479,4,8,-4
229001503,82,66,16
229001504,64,170,-106
229001505,42,39,3
229001506,27,147,-120
229001509,45,3,42
229001510,8,21,-13
229001545,44,3,41
229001546,6,79,-73
229001553,32,16,16
229001554,17,84,-67
229001630,52,8,44
229001631,7,37,-30
229001635,0,6,-6
229001636,1,0,1
229001658,0,83,-83
229001659,65,5,60
229001660,1,6,-5
229001661,1,20,-19
229001662,6,0,6
229001663,0,7,-7
229002584,187,138,49
229002831,199,127,72
229002841,1,21,-20
229002842,3,25,-22
229002843,27,19,8
229002844,23,68,-45
229002845,9,78,-69
229002846,4,20,-16
229002847,35,12,23
229002848,14,22,-8
229002849,2,81,-79
229002850,2,2,0
229002851,13,105,-92
229002852,57,27,30
229002853,41,10,31
229002854,19,40,-21
229002855,4,48,-44
229002856,9,13,-4
229002857,0,78,-78
229002858,6,6,0
229002859,22,16,6
229002860,35,54,-19
229002861,10,9,1
229002862,2,57,-55
229002863,9,36,-27
229002864,18,22,-4
229002865,11,5,6
229002866,61,18,43
229002867,0,25,-25
229002868,20,3,17
229002869,2,132,-130
229002870,22,8,14
235000066,77,14,63
235000067,193,65,128
235000072,38,163,-125
235000073,11,69,-58
235000074,11,22,-11
235000080,5,71,-66
235000081,33,191,-158
235000082,57,35,22
235000083,122,85,37
235000084,10,55,-45
235000085,52,30,22
235000089,5,2,3
235000092,0,22,-22
235000093,2,2,0
235000097,0,2,-2
235000098,15,10,5
235000099,5,7,-2
235000115,87,59,28
235000116,26,28,-2
235000117,680,13,667
235000133,14,152,-138
235000134,4,42,-38
235000206,9,1,8
235000207,0,2,-2
235000208,0,0,0
235000209,0,0,0
235000210,4,1,3
235000212,3,13,-10
235000213,0,4,-4
235000220,0,4,-4
235000221,17,9,8
235000238,2,21,-19
235000239,0,2,-2
235000242,168,196,-28
235000245,1079,138,941
235000246,8,47,-39
235000284,6,85,-79
235000295,113,6,107
235000305,82,27,55
235000306,46,11,35
235000307,21,3,18
235000308,16,1,15
235000309,51,0,51
235000310,33,0,33
235000311,18,17,1
235000322,0,23,-23
235000323,1,74,-73
235000324,0,21,-21
235000325,1,23,-22
235000326,13,409,-396
235000351,5,56,-51
235000352,37,192,-155
235000353,0,61,-61
235000354,3,69,-66
235000355,9,67,-58
235000356,44,7,37
235000357,22,18,4
235000358,18,28,-10
235000359,5,14,-9
235000360,68,18,50
235000361,36,9,27
235000381,18,246,-228
235000382,65,25,40
235000390,4,7,-3
235000391,44,10,34
235000392,52,112,-60
235000393,48,47,1
235000395,42,16,26
235000396,152,32,120
235000399,90,5,85
235000400,103,31,72
235000401,20,236,-216
235000402,28,117,-89
235000405,48,330,-282
235000406,26,352,-326
235000407,20,135,-115
235000409,151,138,13
235000410,8,63,-55
235000411,1,67,-66
235000485,0,2,-2
235000486,8,0,8
235000549,32,91,-59
235000550,35,200,-165
235000599,35,60,-25
235000600,3,11,-8
235000601,11,23,-12
235000602,19,86,-67
235000614,0,1,-1
235000648,0,18,-18
235000649,3,3,0
235000685,0,1,-1
235000815,6,21,-15
235000834,0,11,-11
235000855,11,35,-24
235000862,23,267,-244
235000891,0,11,-11
235000892,11,3,8
235000901,43,71,-28
235000907,7,17,-10
235001010,18,56,-38
235001029,138,119,19
235001030,254,149,105
235001078,50,43,7
235001079,40,144,-104
235001147,5,46,-41
235001166,8,39,-31
235001167,19,44,-25
235001169,29,337,-308
235001188,0,0,0
235001189,0,0,0
235001197,6,17,-11
235001200,24,11,13
235001208,6,3,3
235001209,4,31,-27
235001210,8,69,-61
235001239,0,22,-22
235001244,0,0,0
235016267,0,37,-37
235900013,0,2,-2
235900014,0,1,-1
241900007,32,13,19
277101746,0,5,-5
277102712,6,0,6
277103813,0,0,0
277103814,0,0,0
277103898,0,8,-8
990010990,13,123,-110
990011530,0,286,-286
990014944,1,476,-475
990015176,10,0,10
990015618,1,65,-64
990015888,16,31,-15
990016032,0,454,-454
990032570,3,120,-117
990070001,91,30,61
990070103,0,4,-4
990070601,1,79,-78
990070751,257,2,255
990070766,3,859,-856
990071180,355,201,154
990071343,31,1,30
990071387,0,14,-14
990071823,207,5,202
990072600,4,704,-700
990072964,2,605,-603
990073285,0,0,0
990074393,3,1391,-1388
990074714,7,19,-12
990074870,385,6,379
990075106,296,3,293
990075746,161,2,159
990076437,360,0,360
990076458,5,1567,-1562
997000007,116,3,113
997000041,2,154,-152
997000058,24,1,23
997000062,23,0,23
997000069,0,0,0
997000070,0,60,-60
997000100,12,2,10
997000141,8,2041,-2033
997000198,0,613,-613
998000475,0,11,-11
998000736,1,357,-356
998000965,0,14,-14
998001031,0,32,-32
998001072,356,207,149
998001091,1,1,0
998001093,1,1,0
998001103,0,1,-1
998001105,3,13,-10
998001700,0,37,-37
998001899,0,3,-3
998001900,3,1,2
998003073,473,1,472
998003124,8,17,-9
998003125,2,59,-57
998101900,0,0,0
998102850,3,125,-122
998501819,2,0,2
998501820,0,1,-1
998501832,32,58,-26
998501927,351,320,31
998501929,50,1,49
998501930,53,1,52
998501931,88,9,79
998501932,5,1,4
998501933,19,2,17
998501937,8,3,5
998501944,3,1,2
998501950,0,0,0
998501970,10,7,3
998501971,0,75,-75
998501972,366,3,363
998501973,0,70,-70
998501974,0,251,-251
998501975,111,0,111
998501976,41,21,20
998501977,0,36,-36
998501978,13,0,13
998501979,0,11,-11
998501980,44,1,43
998501981,17,10,7
998501982,0,134,-134
998502006,0,0,0
998502024,0,10,-10
998502032,0,1,-1
998502062,10,0,10
998502063,0,0,0
998502173,1,0,1
998502269,0,4,-4
998601159,1,353,-352
998601292,0,22,-22
999033574,0,49,-49
999800001,10,1,9
999800002,0,2,-2
999800003,6,2,4
999800004,0,14,-14
999800005,0,6,-6
