ID,insum,outsum,diff
100000001,1524,574,950
100000002,4468,7345,-2877
100000003,5263,5866,-603
100000004,333,1381,-1048
100000005,4276,5478,-1202
100000006,746,1330,-584
100000007,2929,1890,1039
100000008,164,844,-680
100000009,369,1637,-1268
100000010,56,3272,-3216
100000011,641,387,254
100000012,30,314,-284
100000013,6,304,-298
100000014,119,3374,-3255
100000015,1271,2120,-849
100000016,413,2550,-2137
100000017,284,4440,-4156
100000018,748,1026,-278
100000019,2902,2791,111
100000020,1285,6130,-4845
100000021,8801,1795,7006
100000022,633,4432,-3799
100000023,5390,1715,3675
100000025,520,1804,-1284
100000028,395,2533,-2138
100000029,68,898,-830
100000030,87,18,69
100000031,2307,8296,-5989
100000032,2278,5480,-3202
100000033,1558,4266,-2708
100000034,107,1869,-1762
100000035,849,1792,-943
100000036,585,2800,-2215
100000037,991,453,538
100000038,3758,1213,2545
100000039,313,659,-346
100000040,1024,354,670
100000041,2584,1461,1123
100000042,1708,364,1344
100000043,817,157,660
100000044,161,268,-107
100000045,330,483,-153
100000046,349,502,-153
100000047,135,235,-100
100000048,203,747,-544
100000049,1386,1094,292
100000051,596,428,168
100000053,67,39,28
100000054,347,40,307
100000055,698,191,507
100000056,440,445,-5
100000057,3113,491,2622
100000058,1222,529,693
100000059,73,251,-178
100000060,1069,425,644
100000061,3512,678,2834
100000062,2200,993,1207
100000063,1684,519,1165
100000064,2931,486,2445
100000065,387,423,-36
100000066,196,433,-237
100000067,238,641,-403
100000068,332,1608,-1276
100000069,401,968,-567
100000072,287,508,-221
100000073,1132,800,332
100000075,1045,147,898
100000076,1706,11814,-10108
100000077,101,599,-498
100000078,9,57,-48
100000079,19,67,-48
100000080,5,38,-33
100000081,28,66,-38
100000102,2349,5314,-2965
100000103,1437,7055,-5618
100000104,3786,3111,675
100000105,1437,2076,-639
100000106,782,3670,-2888
100000107,86,1308,-1222
100000108,466,1060,-594
100000109,457,1486,-1029
100000116,207,539,-332
100000117,53,150,-97
100000118,549,1206,-657
100000119,1032,979,53
100000121,244,491,-247
100000122,573,2400,-1827
100000123,1247,2152,-905
100000124,2135,2401,-266
100000125,6321,2088,4233
100000126,441,762,-321
100000127,1658,847,811
100000128,626,3695,-3069
100000129,349,906,-557
100000130,1136,317,819
100000131,780,1283,-503
100000132,1112,1275,-163
100000133,1416,1020,396
100000135,695,1072,-377
100000139,132,531,-399
100000140,184,108,76
100000142,785,566,219
100000143,1911,399,1512
100000144,1600,303,1297
100000147,1688,5544,-3856
100000150,251,518,-267
100000151,251,1845,-1594
100000153,34,444,-410
100000154,17,786,-769
100000155,0,60,-60
100000156,68,206,-138
100000157,245,203,42
100000158,152,154,-2
100000159,80,1032,-952
100000165,709,452,257
100000169,21,2893,-2872
100000174,437,1555,-1118
100000179,28,867,-839
100000180,1119,4659,-3540
100000181,536,240,296
100000188,143,115,28
100000189,1332,787,545
100000190,478,1527,-1049
100000191,638,449,189
100000192,9,184,-175
100000193,374,212,162
100000330,711,901,-190
100000355,263,453,-190
100000362,2046,819,1227
100000363,7761,8476,-715
100000364,102,304,-202
100000365,5578,8349,-2771
100000366,1623,940,683
100000367,5643,6147,-504
100000368,1960,1303,657
100000369,549,2632,-2083
100000370,158,1245,-1087
100000376,55,477,-422
100000379,727,4245,-3518
100000380,3053,7956,-4903
100000384,4818,6357,-1539
100000385,1107,4800,-3693
100000386,1136,6693,-5557
100000387,3037,7511,-4474
100000388,1663,4072,-2409
100000389,4706,6588,-1882
100000390,2439,2450,-11
100000391,2273,6353,-4080
100000392,474,1808,-1334
100000393,577,3516,-2939
100000394,1469,4301,-2832
100000395,691,4132,-3441
100000396,725,1760,-1035
100000397,1346,6332,-4986
100000398,5387,3463,1924
100900002,24,1,23
100900003,684,336,348
100900004,11,743,-732
100900005,169,43,126
100900006,23,11,12
100900007,320,4,316
100900008,2,183,-181
100900009,68,13,55
100900010,58,4,54
100900011,167,158,9
100900012,0,28,-28
100900013,1418,3,1415
100900014,1,1,0
100900015,95,55,40
100900016,1,8,-7
100900017,1903,78,1825
100900018,0,13,-13
100900019,61,96,-35
100900020,559,6,553
100900021,789,2,787
100900022,6,12,-6
100900023,0,73,-73
100900024,451,17,434
100900025,55,2,53
100900026,105,44,61
100900027,390,3415,-3025
100900028,115,396,-281
100900029,9,0,9
100900030,0,230,-230
100900031,1483,59,1424
100900032,599,2,597
100900033,88,641,-553
100900034,2617,3,2614
100900035,302,0,302
100900036,228,0,228
100900037,142,25,117
100900038,8,43,-35
100900039,302,90,212
100900040,954,612,342
100900041,2116,215,1901
100900042,231,2259,-2028
100900043,0,15,-15
100900044,1195,984,211
100900045,35,0,35
100900046,1730,19,1711
100900047,1021,163,858
100900048,90,15,75
100900049,172,36,136
100900050,0,11,-11
100900051,16,166,-150
100900052,392,4,388
100900053,974,19,955
100900054,6,16,-10
100900055,394,1802,-1408
100900056,29,63,-34
100900057,1998,295,1703
100900058,164,32,132
100900059,278,0,278
100900060,367,4,363
100900061,219,188,31
100900062,22,1,21
100900063,501,1474,-973
100900064,717,13,704
100900065,38,270,-232
100900066,101,38,63
100900067,126,2,124
100900068,411,1351,-940
100900069,98,5,93
100900070,885,1,884
100900071,308,110,198
100900072,17,27,-10
100900073,225,171,54
100900074,2,12,-10
100900075,1882,118,1764
100900076,14,9,5
100900077,150,7,143
100900078,111,311,-200
100900079,3,7,-4
100900080,292,407,-115
100900081,8,93,-85
100900082,397,76,321
100900083,46,7,39
100900085,3,350,-347
100900086,46,434,-388
100900088,384,82,302
100900089,0,6,-6
100900090,104,1272,-1168
100900091,1,20,-19
100900092,67,199,-132
100900093,633,840,-207
100900094,672,54,618
100900095,18,6,12
100900096,14,163,-149
100900097,1,1,0
100900098,9,12,-3
100900099,0,245,-245
100900100,6,170,-164
100900101,571,55,516
100900102,0,209,-209
100900103,12,13,-1
100900104,0,122,-122
100900105,3,331,-328
100900106,16,3,13
100900107,2069,911,1158
100900108,6,26,-20
100900109,12,32,-20
100900110,7,14,-7
100900111,8,215,-207
100900112,4,37,-33
100900113,33,42,-9
100900114,9,27,-18
100900115,22,24,-2
100900116,1352,384,968
100900117,344,1253,-909
100900118,7,58,-51
100900119,6,53,-47
100900120,63,6,57
100900121,784,319,465
100900122,70,52,18
100900123,271,9,262
100900124,0,0,0
100900125,2,31,-29
100900126,879,755,124
100900127,3,1,2
100900128,76,341,-265
100900129,0,271,-271
100900131,14,87,-73
100900133,110,60,50
100900134,22,0,22
100900135,1,339,-338
100900137,314,242,72
100900138,1364,399,965
100900139,1,53,-52
100900140,0,65,-65
100900141,0,411,-411
100900142,0,15,-15
100900143,164,924,-760
100900144,12,6,6
100900145,77,1645,-1568
100900146,13,61,-48
100900147,17,1861,-1844
100900148,180,83,97
100900149,4,771,-767
100900150,2,155,-153
100900151,31,319,-288
100900152,436,18,418
100900153,5,277,-272
100900154,0,160,-160
100900155,25,1,24
100900156,20,2,18
100900157,28,1083,-1055
100900159,2,57,-55
100900160,53,1,52
100900161,87,0,87
100900162,18,491,-473
100900163,75,53,22
100900164,315,25,290
100900165,27,8,19
100900166,70,2,68
100900167,3,51,-48
100900168,7,175,-168
100900169,32,606,-574
100900170,11,3,8
100900171,4,514,-510
100900172,0,146,-146
100900173,1,85,-84
100900174,36,17,19
100900176,1148,204,944
100900177,281,160,121
100900178,211,298,-87
100900179,183,222,-39
100900180,1,1,0
100900181,95,76,19
100900182,125,12,113
100900184,153,449,-296
100900186,800,400,400
100900187,37,51,-14
100900188,33,13,20
100900189,4044,348,3696
100900191,431,1320,-889
100900192,67,304,-237
100900195,66,279,-213
100900197,357,242,115
100900198,32,31,1
100900199,3,4,-1
100900200,717,178,539
100900201,43,1351,-1308
100900202,63,0,63
100900203,0,77,-77
100900204,131,818,-687
100900205,135,591,-456
100900206,439,384,55
100900207,487,100,387
100900210,97,136,-39
100900211,612,127,485
100900213,216,57,159
100900214,239,182,57
100900215,55,24,31
100900217,42,42,0
101000001,2013,2563,-550
101000002,7355,9321,-1966
101000003,295,1292,-997
101000004,7240,8538,-1298
101000005,5616,8233,-2617
101000006,6329,12383,-6054
101000007,3207,5500,-2293
101000008,1761,2218,-457
101000009,3186,988,2198
101000010,1396,692,704
101000011,1096,385,711
101000012,316,546,-230
101000013,431,1426,-995
101000014,351,393,-42
101000015,3212,1524,1688
101000016,277,744,-467
101000017,288,358,-70
101000018,1465,6247,-4782
101000020,1448,1231,217
101000021,497,621,-124
101000022,94,557,-463
101000023,998,907,91
101000025,405,694,-289
101000026,485,52,433
101000027,1561,3255,-1694
101000028,700,287,413
101000029,21,1050,-1029
101000030,664,107,557
101000031,59,569,-510
101000032,2308,3964,-1656
101000033,1044,5225,-4181
101000034,390,2666,-2276
101000035,360,473,-113
101000036,295,2450,-2155
101000037,718,3855,-3137
101000039,1790,3313,-1523
101000040,2823,7410,-4587
101000041,1653,6446,-4793
101000042,53,910,-857
101000043,2982,6977,-3995
101000045,215,729,-514
101000046,1025,1543,-518
101000047,923,3947,-3024
101000048,405,288,117
101000049,643,2291,-1648
101000050,430,2244,-1814
101000051,689,2156,-1467
101000052,1377,2092,-715
101000053,319,1233,-914
101000054,1466,755,711
101000055,1457,1369,88
101000056,6,122,-116
101000057,543,3191,-2648
101000058,568,2253,-1685
101000059,2426,3958,-1532
101000060,2380,989,1391
101000061,273,2447,-2174
101000062,170,966,-796
101000063,162,1428,-1266
101000064,187,1801,-1614
101000065,66,908,-842
101000066,278,1239,-961
101000067,221,631,-410
101000068,64,379,-315
101000069,65,89,-24
101000070,320,679,-359
101000071,3320,1313,2007
101000072,542,2240,-1698
101000073,370,959,-589
101000074,1647,2805,-1158
101000075,1651,2410,-759
101000077,1654,3080,-1426
101000078,757,977,-220
101000079,852,823,29
101000080,898,924,-26
101000081,1351,1473,-122
101000082,1494,1260,234
101000083,3335,2086,1249
101000084,970,568,402
101000085,1850,787,1063
101000086,780,773,7
101000087,602,657,-55
101000088,2001,1141,860
101000089,1130,2068,-938
101000090,1202,609,593
101000091,609,479,130
101000092,2088,535,1553
101000093,1842,535,1307
101000094,862,845,17
101000095,617,624,-7
101000096,986,296,690
101000097,353,653,-300
101000098,337,715,-378
101000099,491,1125,-634
101000100,687,1263,-576
101000101,198,733,-535
101000102,350,1054,-704
101000103,317,869,-552
101000104,203,732,-529
101000105,131,460,-329
101000106,144,1786,-1642
101000107,378,602,-224
101000108,587,111,476
101000109,1280,230,1050
101000110,34,140,-106
101000111,36,209,-173
101000113,91,1216,-1125
101000114,1751,5742,-3991
101000115,8,16,-8
101000116,87,9,78
101000117,776,115,661
101000119,18,107,-89
101000120,49,165,-116
101000121,34,67,-33
101000122,46,141,-95
101000123,64,120,-56
101000124,555,595,-40
101000125,117,83,34
101000128,282,2016,-1734
101000130,124,293,-169
101000131,2182,307,1875
101000132,1017,466,551
101000135,4,13,-9
101000136,62,145,-83
101000137,18,456,-438
101000141,690,4619,-3929
101000147,1581,294,1287
101000148,845,25,820
101000149,5,53,-48
101000150,132,197,-65
101000151,699,26,673
101000152,447,384,63
101000153,272,170,102
101000154,796,450,346
101000155,851,264,587
101000156,77,1466,-1389
101000157,8,213,-205
101000160,1,19,-18
101000163,67,554,-487
101000164,356,90,266
101000165,250,411,-161
101000166,191,206,-15
101000168,1419,346,1073
101000252,3520,668,2852
101000254,33,50,-17
101000258,129,7,122
101000261,86,90,-4
101000262,1252,6577,-5325
101000263,271,1279,-1008
101000265,68,522,-454
101000266,500,184,316
101000269,27,60,-33
101000290,214,3599,-3385
101000293,1,24,-23
101000294,332,448,-116
101000295,288,126,162
101000301,202,661,-459
101000304,2080,4314,-2234
101000305,2509,1301,1208
101000328,1,92,-91
101900001,20,68,-48
101900002,0,16,-16
101900003,75,43,32
101900004,0,165,-165
101900005,1090,4788,-3698
101900006,1341,138,1203
101900007,356,254,102
101900008,59,278,-219
101900009,21,547,-526
101900010,988,924,64
101900011,93,1659,-1566
101900012,331,93,238
101900013,266,70,196
101900017,20,83,-63
101900018,2218,395,1823
101900019,29,198,-169
101900020,42,110,-68
101900021,0,45,-45
101900022,200,1926,-1726
101900023,204,243,-39
101900026,199,19,180
101900027,48,108,-60
102000001,4895,8812,-3917
102000002,2865,2759,106
102000003,1735,5956,-4221
102000004,4713,3644,1069
102000005,1464,3949,-2485
102000006,919,1295,-376
102000007,1800,5207,-3407
102000008,5535,1461,4074
102000009,8866,11284,-2418
102000010,3681,2541,1140
102000011,5349,4769,580
102000012,4244,2723,1521
102000018,2750,3934,-1184
102000019,3612,2434,1178
102000026,610,475,135
102000029,294,283,11
102000030,160,434,-274
102000031,114,80,34
102000032,839,441,398
102000033,813,275,538
102000034,414,320,94
102000035,1020,486,534
102000036,12,183,-171
102000037,171,23,148
102000038,184,165,19
102000039,93,89,4
102000040,234,158,76
102000041,37,350,-313
102000042,91,180,-89
102000043,90,293,-203
102000044,543,1024,-481
102000045,867,578,289
102000046,1862,707,1155
102000047,1686,464,1222
102000048,1021,593,428
102000049,1109,776,333
102000050,1400,751,649
102000051,221,350,-129
102000052,1456,892,564
102000053,1151,714,437
102000054,1016,891,125
102000055,1524,220,1304
102000056,2023,290,1733
102000057,2248,562,1686
102000058,809,848,-39
102000059,784,813,-29
102000060,892,882,10
102000061,2966,1165,1801
102000062,2778,1012,1766
102000063,1030,1625,-595
102000064,654,768,-114
102000065,18,153,-135
102000066,825,472,353
102000067,5877,4867,1010
102000068,9160,3414,5746
102000069,130,2646,-2516
102000070,2118,31,2087
102000071,5977,13365,-7388
102000072,2911,3824,-913
102000073,510,364,146
102000074,822,494,328
102000075,258,147,111
102000076,581,169,412
102000077,935,1216,-281
102000078,1908,525,1383
102000079,217,56,161
102000080,401,148,253
102000081,292,638,-346
102000082,746,477,269
102000083,1201,154,1047
102000084,1064,124,940
102000085,2136,601,1535
102000086,1888,607,1281
102000087,638,1048,-410
102000088,502,239,263
102000089,1945,204,1741
102000090,315,1426,-1111
102000091,974,801,173
102000092,326,666,-340
102000093,705,648,57
102000094,579,333,246
102000095,744,877,-133
102000096,636,367,269
102000097,703,273,430
102000098,343,218,125
102000099,730,444,286
102000100,247,445,-198
102000101,373,310,63
102000102,189,1524,-1335
102000103,3480,460,3020
102000104,496,311,185
102000105,462,308,154
102000106,1120,344,776
102000107,2645,104,2541
102000108,752,1236,-484
102000109,880,1497,-617
102000110,1836,486,1350
102000111,18,2373,-2355
102000112,118,226,-108
102000113,7,108,-101
102000114,3436,745,2691
102000115,290,563,-273
102000116,265,856,-591
102000117,105,931,-826
102000118,872,2409,-1537
102000119,553,1012,-459
102000120,305,438,-133
102000121,1583,259,1324
102000122,725,785,-60
102000123,1046,672,374
102000124,1820,1237,583
102000125,534,781,-247
102000126,575,947,-372
102000127,1673,943,730
102000128,956,840,116
102000129,1900,646,1254
102000130,771,947,-176
102000131,998,819,179
102000132,499,1005,-506
102000133,5503,3098,2405
102000134,1793,632,1161
102000135,552,928,-376
102000136,932,688,244
102000137,494,387,107
102000138,336,180,156
102000139,75,497,-422
102000140,199,305,-106
102000141,336,720,-384
102000142,368,174,194
102000143,372,109,263
102000144,527,70,457
102000145,378,182,196
102000146,862,193,669
102000147,598,326,272
102000148,274,420,-146
102000149,674,127,547
102000150,1277,44,1233
102000151,146,46,100
102000152,575,113,462
102000153,1073,391,682
102000154,165,200,-35
102000155,63,290,-227
102000156,269,106,163
102000157,17,420,-403
102000158,443,537,-94
102000159,1028,1401,-373
102000161,2670,2913,-243
102000162,133,334,-201
102000163,156,426,-270
102000164,649,746,-97
102000165,250,677,-427
102000166,58,472,-414
102000167,271,187,84
102000168,266,244,22
102000169,222,714,-492
102000170,796,167,629
102000171,139,85,54
102000172,9,440,-431
102000173,550,428,122
102000174,242,98,144
102000175,117,49,68
102000176,66,40,26
102000178,228,495,-267
102000179,567,253,314
102000180,1190,323,867
102000181,1686,292,1394
102000182,1074,1438,-364
102000183,2585,691,1894
102000184,2659,808,1851
102000185,4153,361,3792
102000186,2444,637,1807
102000187,1242,538,704
102000188,1798,1395,403
102000189,1712,316,1396
102000190,695,2687,-1992
102000191,1036,259,777
102000192,2339,1967,372
102000193,192,174,18
102000194,48,403,-355
102000195,1038,584,454
102000196,475,329,146
102000197,1886,132,1754
102000198,378,242,136
102000199,2231,81,2150
102000200,664,315,349
102000201,2734,475,2259
102000202,9,249,-240
102000203,877,114,763
102000204,1496,656,840
102000205,1997,1282,715
102000206,1020,680,340
102000207,1042,1043,-1
102000208,501,1430,-929
102000209,175,284,-109
102000210,1044,838,206
102000211,1075,287,788
102000212,800,43,757
102000213,10,404,-394
102000214,932,4,928
102000215,13,169,-156
102000216,288,218,70
102000217,19,53,-34
102000218,412,282,130
102000219,262,52,210
102000225,354,1081,-727
102000226,127,435,-308
102000227,233,10,223
102000228,1,105,-104
102000229,170,64,106
102000230,549,336,213
102000231,542,334,208
102000232,25,178,-153
102000233,1245,370,875
102000234,83,1223,-1140
102000236,316,48,268
102000237,1206,362,844
102000238,486,309,177
102000240,319,915,-596
102000241,92,161,-69
102000243,14,52,-38
102000245,5,94,-89
102000246,2,45,-43
102000247,192,407,-215
102000248,205,1048,-843
102000249,162,72,90
102000250,108,216,-108
102000254,656,102,554
102000266,9,451,-442
102000271,28,0,28
102000286,434,253,181
102000297,3346,1059,2287
102000299,0,0,0
102000301,0,0,0
102000305,0,0,0
102000307,0,2,-2
102000308,0,0,0
102900001,1566,700,866
102900002,267,43,224
102900003,149,58,91
102900005,830,192,638
102900006,829,38,791
102900007,1024,5,1019
102900008,419,24,395
102900009,204,380,-176
102900010,225,1342,-1117
102900011,1112,635,477
102900012,608,94,514
102900013,74,28,46
102900015,1157,576,581
102900016,187,9,178
102900017,364,87,277
102900018,113,25,88
102900019,818,428,390
102900020,170,9,161
102900021,72,12,60
102900022,51,52,-1
102900023,14,2,12
102900024,30,19,11
102900025,42,11,31
102900026,315,2870,-2555
102900027,71,50,21
102900028,247,1320,-1073
102900029,47,502,-455
102900030,466,775,-309
102900031,399,132,267
102900032,200,23,177
102900033,144,88,56
102900034,1034,27,1007
102900035,210,95,115
102900036,351,139,212
102900037,160,418,-258
102900038,283,200,83
102900039,42,1020,-978
102900040,298,324,-26
102900041,202,72,130
102900042,500,88,412
102900043,474,108,366
102900044,666,1989,-1323
102900045,301,348,-47
102900046,232,87,145
102900047,253,963,-710
102900048,850,131,719
102900049,65,169,-104
102900050,253,1523,-1270
102900051,339,286,53
102900052,66,81,-15
102900053,494,501,-7
102900054,240,1490,-1250
102900055,183,552,-369
102900056,172,171,1
102900057,5,119,-114
102900058,460,94,366
102900059,32,20,12
102900060,97,573,-476
102900061,261,1001,-740
102900062,232,379,-147
102900063,2678,435,2243
102900064,39,448,-409
102900065,1410,220,1190
102900066,474,7,467
102900068,68,148,-80
102900070,361,249,112
102900072,2,117,-115
102900073,33,6,27
102900075,3,59,-56
102900076,20,147,-127
102900077,19,2,17
102900078,14,37,-23
102900079,278,2,276
102900080,582,12,570
102900081,16,45,-29
102900082,12,31,-19
102900083,63,11,52
102900084,0,12,-12
102900085,96,63,33
102900086,13,30,-17
102900087,362,45,317
102900088,114,28,86
102900089,344,116,228
102900090,3,166,-163
102900091,567,2,565
102900092,1158,150,1008
102900093,309,164,145
102900094,1,56,-55
102900095,31,0,31
102900096,43,1,42
102900097,791,219,572
103000001,2640,2148,492
103000002,3161,2858,303
103000003,3499,2102,1397
103000004,904,454,450
103000005,1549,4506,-2957
103000006,1795,2206,-411
103000007,514,308,206
103000008,1048,574,474
103000009,3224,1265,1959
103000010,165,82,83
103000011,1409,497,912
103000012,1515,1413,102
103000013,2320,1823,497
103000014,1090,3222,-2132
103000015,1361,957,404
103000016,554,1999,-1445
103000017,370,1210,-840
103000018,881,204,677
103000019,637,954,-317
103000020,1480,1185,295
103000021,2735,3488,-753
103000022,719,1059,-340
103000023,1262,2437,-1175
103000024,138,85,53
103000025,146,2291,-2145
103000026,324,480,-156
103000027,258,640,-382
103000028,142,183,-41
103000029,112,266,-154
103000030,1723,1284,439
103000031,885,3224,-2339
103000032,1888,1659,229
103000033,4518,3953,565
103000034,1351,791,560
103000035,141,1097,-956
103000036,304,270,34
103000037,795,387,408
103000038,739,898,-159
103000039,1031,293,738
103000040,1212,368,844
103000041,3808,1605,2203
103000042,2995,184,2811
103000043,1350,454,896
103000044,384,157,227
103000046,346,645,-299
103000047,1038,387,651
103000048,286,510,-224
103000049,188,119,69
103000050,1390,148,1242
103000051,993,372,621
103000052,1286,156,1130
103000053,350,387,-37
103000054,2247,227,2020
103000055,2522,777,1745
103000056,879,683,196
103000057,1809,91,1718
103000058,1522,228,1294
103000059,1272,343,929
103000060,1047,192,855
103000061,1223,666,557
103000062,933,143,790
103000063,1632,546,1086
103000064,297,46,251
103000065,7,134,-127
103000066,183,3,180
103000069,438,600,-162
103000070,889,257,632
103000071,2563,749,1814
103000072,171,398,-227
103000073,1663,48,1615
103000074,1373,65,1308
103000075,123,411,-288
103000076,520,1353,-833
103000077,6,244,-238
103000078,1019,1786,-767
103000079,614,1061,-447
103000080,468,547,-79
103000081,254,945,-691
103000082,822,176,646
103000083,180,335,-155
103000084,256,3,253
103000085,0,171,-171
103000086,540,695,-155
103000087,238,821,-583
103000088,160,279,-119
103000089,470,970,-500
103000090,4244,1035,3209
103000091,975,529,446
103000092,536,145,391
103000093,398,668,-270
103000094,620,121,499
103000095,140,363,-223
103000096,781,40,741
103000097,43,624,-581
103000098,669,85,584
103000099,126,836,-710
103000100,242,448,-206
103000101,2308,109,2199
103000102,110,213,-103
103000103,1087,111,976
103000104,277,73,204
103000105,442,77,365
103000106,22,113,-91
103000107,469,86,383
103000108,1646,1300,346
103000109,568,800,-232
103000110,467,857,-390
103000111,511,650,-139
103000112,353,586,-233
103000113,454,1229,-775
103000114,2118,1089,1029
103000115,1044,703,341
103000116,1068,273,795
103000117,504,375,129
103000118,445,258,187
103000119,1027,227,800
103000120,69,220,-151
103000121,32,193,-161
103000122,473,1101,-628
103000125,21,56,-35
103000126,1652,3,1649
103000127,1,87,-86
103000128,282,1,281
103000129,1,56,-55
103000130,130,114,16
103000131,59,133,-74
103000132,52,142,-90
103000133,49,118,-69
103000134,245,1641,-1396
103000135,768,207,561
103000136,368,389,-21
103000137,290,473,-183
103000138,576,526,50
103000139,0,39,-39
103000140,96,13,83
103000141,39,289,-250
103000142,160,140,20
103000143,75,122,-47
103000144,319,22,297
103000145,23,125,-102
103000150,66,41,25
103000152,248,385,-137
103000153,236,255,-19
103000156,10,76,-66
103000157,667,1,666
103000159,404,86,318
103000162,31,50,-19
103000163,9,20,-11
103000164,7,18,-11
103000165,105,110,-5
103000166,389,747,-358
103000167,279,219,60
103000168,381,199,182
103000169,522,1237,-715
103000170,2337,270,2067
103000171,27,134,-107
103000172,1520,145,1375
103000173,1837,168,1669
103000174,593,188,405
103000175,541,77,464
103000176,1049,1445,-396
103000177,218,912,-694
103000178,76,271,-195
103000179,184,64,120
103000183,835,19,816
103000185,457,109,348
103000186,536,62,474
103000187,2441,116,2325
103000188,37,120,-83
103000189,945,486,459
103000191,630,318,312
103000292,443,2658,-2215
103000293,561,4618,-4057
103000295,60,163,-103
103000296,146,2,144
103000297,16,42,-26
103000504,157,9,148
103000505,1,23,-22
103000506,2,87,-85
103000507,285,6,279
103000508,141,105,36
103000509,308,516,-208
103900001,25,9,16
103900002,649,59,590
103900003,976,337,639
103900004,157,0,157
103900005,15,46,-31
103900006,5,3,2
103900007,142,0,142
103900008,12,0,12
103900009,565,114,451
103900010,271,61,210
103900011,1311,61,1250
103900012,8,109,-101
103900013,45,14,31
103900014,212,19,193
103900015,181,5,176
103900016,260,163,97
103900017,127,84,43
103900018,336,58,278
103900019,47,936,-889
103900020,376,400,-24
103900021,28,14,14
103900022,778,599,179
103900023,395,2,393
103900024,334,265,69
103900025,3,3,0
103900026,2,0,2
103900027,383,191,192
103900028,158,498,-340
103900029,1712,120,1592
103900030,359,72,287
103900031,115,5,110
103900032,167,139,28
103900033,188,13,175
103900034,108,6,102
103900035,206,207,-1
103900036,40,39,1
103900037,275,113,162
103900038,100,287,-187
103900039,362,83,279
103900040,15,121,-106
103900041,211,13,198
103900042,265,63,202
103900043,615,8,607
103900044,18,839,-821
103900045,428,364,64
103900047,191,33,158
103900048,1,87,-86
103900049,53,1020,-967
103900050,16,277,-261
103900051,1,134,-133
103900052,386,291,95
103900053,640,137,503
103900054,339,88,251
103900055,705,103,602
103900056,271,150,121
103900057,415,51,364
103900058,748,155,593
103900059,1,231,-230
103900060,109,50,59
103900061,372,5,367
103900062,1299,332,967
103900063,1,0,1
103900064,289,3,286
103900065,207,578,-371
103900066,373,62,311
103900067,464,29,435
103900068,1,0,1
103900069,116,2,114
103900070,243,125,118
103900071,56,45,11
103900072,69,77,-8
103900073,103,78,25
103900074,200,58,142
103900075,346,16,330
103900076,1386,214,1172
103900077,34,181,-147
103900078,551,223,328
103900079,118,109,9
103900080,0,9,-9
103900081,0,4,-4
103900082,80,109,-29
103900083,927,2977,-2050
103900084,8,264,-256
103900085,72,47,25
103900086,2402,351,2051
103900087,44,38,6
103900088,315,647,-332
103900089,76,109,-33
103900090,0,58,-58
103900091,851,38,813
103900092,930,435,495
103900093,68,217,-149
103900094,11,44,-33
103900095,188,314,-126
103900096,314,24,290
103900097,40,158,-118
103900098,484,103,381
103900099,761,30,731
103900100,500,51,449
103900101,2107,731,1376
103900102,6,161,-155
103900104,1,7,-6
103900105,61,49,12
103900106,2,2298,-2296
103900107,394,16,378
103900108,77,79,-2
103900109,349,3,346
103900110,548,25,523
103900111,663,183,480
103900112,17,18,-1
103900113,44,66,-22
103900114,561,153,408
103900115,183,198,-15
103900116,1111,3726,-2615
103900117,38,23,15
103900119,35,366,-331
103900120,149,19,130
103900122,260,80,180
103900123,245,835,-590
103900124,46,133,-87
103900125,169,23,146
103900126,1093,73,1020
103900127,253,156,97
103900128,298,40,258
103900131,63,76,-13
103900133,1115,6,1109
103900134,0,23,-23
103900135,0,0,0
103900137,0,19,-19
103900138,520,9,511
103900139,165,5249,-5084
103900140,9,656,-647
103900141,252,20,232
103900142,882,45,837
103900143,294,1,293
103900144,13,36,-23
103900145,176,186,-10
103900146,431,146,285
103900147,690,106,584
103900148,869,145,724
103900149,463,130,333
103900150,3616,7490,-3874
103900151,6,68,-62
103900152,1801,152,1649
103900153,22,12,10
103900154,209,3016,-2807
103900155,14,47,-33
103900156,36,9,27
103900157,383,27,356
103900158,549,8,541
103900159,686,6,680
103900160,33,16,17
103900161,60,60,0
103900162,52,16,36
103900163,28,376,-348
103900167,4,145,-141
103900168,85,21,64
103900169,31,37,-6
103900170,0,17,-17
103900171,0,7,-7
103900172,8,3,5
103900173,16,33,-17
103900174,591,6,585
103900175,23,215,-192
103900176,3,38,-35
103900177,11,1,10
103900178,118,5,113
103900179,92,8,84
103900180,16,24,-8
103900181,3,32,-29
103900182,15,11,4
103900184,122,45,77
103900185,25,1533,-1508
103900187,6,215,-209
103900188,204,125,79
103900189,274,19,255
103900190,203,32,171
103900191,13,39,-26
103900192,44,53,-9
103900193,44,36,8
103900194,138,70,68
103900195,3,215,-212
103900196,117,54,63
103900197,21,53,-32
103900198,5,12,-7
103900199,177,49,128
103900200,386,30,356
103900201,84,27,57
103900202,6,91,-85
103900203,86,127,-41
103900204,0,16,-16
103900207,16,52,-36
103900208,261,1,260
103900209,3,31,-28
103900210,114,35,79
103900211,1438,148,1290
103900212,265,97,168
103900213,9,241,-232
103900214,150,454,-304
103900215,88,358,-270
103900216,3,95,-92
103900217,559,102,457
103900218,1,467,-466
103900219,452,107,345
103900233,81,8,73
103900235,23,73,-50
103900236,35,16,19
103900242,3,12,-9
103900243,1,1,0
103900244,153,54,99
103900245,298,89,209
103900246,22,89,-67
103900247,3,33,-30
103900248,0,40,-40
103900249,1,64,-63
103900250,33,15,18
103900251,1,8,-7
103900253,7,61,-54
103900254,1,30,-29
103900255,10,27,-17
103900256,31,13,18
103900257,67,170,-103
103900258,18,5,13
103900259,30,10,20
103900261,105,4,101
103900262,23,3,20
103900263,38,109,-71
103900264,32,0,32
103900265,6,2,4
103900266,1,88,-87
103900267,6,70,-64
103900268,20,9,11
103900269,296,10,286
103900270,160,63,97
103900271,258,28,230
103900272,63,10,53
103900273,156,2,154
103900274,395,2,393
103900275,308,37,271
103900276,7,3,4
103900277,8,3,5
103900278,0,1,-1
103900279,0,11,-11
104000001,4288,1898,2390
104000002,3166,1786,1380
104000003,2313,1450,863
104000004,3965,1956,2009
104000005,2869,1679,1190
104000006,3084,2357,727
104000007,5863,3803,2060
104000008,258,149,109
104000009,276,149,127
104000010,253,696,-443
104000011,189,132,57
104000012,145,124,21
104000013,285,621,-336
104000014,350,152,198
104000015,643,122,521
104000016,378,119,259
104000018,1080,267,813
104000019,1066,400,666
104000020,117,202,-85
104000021,560,278,282
104000022,627,554,73
104000023,2112,533,1579
104000024,226,218,8
104000026,68,177,-109
104000027,391,168,223
104000028,741,300,441
104000029,462,246,216
104000030,662,367,295
104000031,1884,111,1773
104000032,152,101,51
104000033,1077,327,750
104000034,255,116,139
104000035,1704,312,1392
104000036,1638,250,1388
104000037,235,119,116
104000038,574,421,153
104000039,254,80,174
104000040,84,894,-810
104000041,833,682,151
104000042,165,120,45
104000043,129,257,-128
104000044,400,2334,-1934
104000045,815,638,177
104000046,791,639,152
104000047,859,668,191
104000048,1120,463,657
104000049,1144,396,748
104000050,123,599,-476
104000051,286,908,-622
104000052,2476,2967,-491
104000053,1703,617,1086
104000054,841,270,571
104000055,2236,2095,141
104000056,776,111,665
104000057,272,123,149
104000058,1800,850,950
104000059,1042,1148,-106
104000060,1714,2676,-962
104000061,1571,705,866
104000062,445,87,358
104000064,671,195,476
104000065,241,574,-333
104000069,301,1861,-1560
104000070,39,684,-645
104000071,244,130,114
104000072,1003,160,843
104000075,73,318,-245
104000076,1042,77,965
104000082,2173,3562,-1389
104000083,675,154,521
104000084,111,237,-126
104000085,598,275,323
104000086,420,204,216
104000087,393,1737,-1344
104000090,1582,518,1064
104000092,2227,465,1762
104000094,888,599,289
104000095,3575,1560,2015
104000096,4302,20,4282
104000097,4229,405,3824
104000098,6235,398,5837
104000100,3880,952,2928
104000101,2420,1122,1298
104000106,23,523,-500
104000107,654,209,445
104000108,363,312,51
104000109,546,138,408
104000110,813,1739,-926
104000111,2366,6108,-3742
104000112,667,505,162
104000116,0,380,-380
104000117,488,230,258
104000118,2844,163,2681
104000119,1861,298,1563
104000120,607,756,-149
104000121,308,273,35
104000122,899,351,548
104000123,991,565,426
104000124,245,1170,-925
104000125,1800,6805,-5005
104000126,735,571,164
104000127,1668,1201,467
104000128,812,77,735
104000129,589,13,576
104000130,24,551,-527
104000131,209,343,-134
104000132,333,401,-68
104000133,2249,815,1434
104000134,895,1621,-726
104000135,482,1251,-769
104000136,688,2808,-2120
104000137,1713,392,1321
104000138,1197,371,826
104000139,2014,2489,-475
104000141,821,434,387
104000142,971,260,711
104000143,1041,181,860
104000144,212,301,-89
104000145,331,128,203
104000146,201,503,-302
104000147,231,415,-184
104000148,546,138,408
104000149,160,88,72
104000150,1676,290,1386
104000151,782,119,663
104000152,879,169,710
104000153,1373,519,854
104000154,636,180,456
104000155,510,807,-297
104000157,1405,520,885
104000158,200,377,-177
104000159,1224,413,811
104000160,2314,3165,-851
104000161,105,75,30
104000162,122,81,41
104000165,1392,826,566
104000167,815,1982,-1167
104000168,1722,5,1717
104000169,341,12,329
104000170,156,299,-143
104000248,633,520,113
104000251,59,103,-44
104000272,0,0,0
104000273,0,0,0
104000274,0,0,0
104000275,0,0,0
104000279,745,546,199
104000290,112,393,-281
104000291,434,1340,-906
104000293,1730,874,856
104000294,268,0,268
104000295,1337,1017,320
104000296,976,717,259
104000297,1352,2149,-797
104000298,2041,802,1239
104000299,1955,772,1183
104900001,112,105,7
104900002,49,408,-359
104900003,150,108,42
104900004,336,64,272
104900005,1096,249,847
104900006,1298,178,1120
104900007,1061,311,750
104900009,295,149,146
104900010,269,8,261
104900011,0,54,-54
104900012,386,51,335
104900013,91,22,69
104900014,1276,204,1072
104900015,156,5,151
104900016,224,97,127
104900017,165,137,28
104900018,1,77,-76
104900019,128,7023,-6895
104900020,62,193,-131
104900021,2,23,-21
104900022,17,57,-40
104900023,1,25,-24
104900024,22,149,-127
104900025,116,138,-22
104900026,0,27,-27
104900027,1188,393,795
104900028,26,93,-67
104900029,7,32,-25
104900030,645,153,492
104900031,30,125,-95
104900032,35,63,-28
104900033,528,104,424
104900034,438,166,272
104900035,643,301,342
104900036,545,46,499
104900037,476,87,389
104900038,123,2716,-2593
104900039,189,860,-671
104900040,871,23,848
104900041,747,62,685
104900042,336,104,232
104900043,111,668,-557
104900044,2098,82,2016
104900045,710,44,666
104900046,1099,84,1015
104900047,1100,59,1041
104900048,1073,46,1027
104900049,99,42,57
104900050,1273,173,1100
104900051,657,25,632
104900052,414,3,411
104900053,1007,54,953
104900054,602,57,545
104900055,556,3,553
104900056,596,6,590
104900057,165,1,164
104900058,552,274,278
104900059,207,12,195
104900060,1,239,-238
104900061,354,97,257
104900063,1,160,-159
104900064,0,99,-99
104900065,1,244,-243
104900066,0,36,-36
104900067,8,1128,-1120
104900068,55,591,-536
104900070,92,286,-194
104900071,0,207,-207
104900072,39,75,-36
104900073,201,181,20
104900074,89,55,34
104900075,152,20,132
104900076,294,85,209
104900077,584,127,457
104900078,355,110,245
104900079,121,1870,-1749
104900080,388,158,230
104900082,8,187,-179
104900085,2,98,-96
104900087,450,3,447
104900089,884,2,882
104900090,2285,1752,533
104900091,437,525,-88
104900093,267,179,88
104900097,1154,4757,-3603
104900098,345,107,238
104900099,68,892,-824
104900100,272,83,189
104900102,71,97,-26
104900103,324,42,282
104900104,1809,1971,-162
104900106,321,104,217
104900107,68,150,-82
104900108,42,426,-384
104900109,118,232,-114
104900110,15,20,-5
104900111,218,35,183
104900112,636,140,496
104900113,1533,126,1407
104900114,1112,457,655
104900115,1654,109,1545
104900116,904,56,848
104900118,23,28,-5
104900119,0,70,-70
104900120,25,1532,-1507
104900121,3,34,-31
104900122,1,19,-18
104900123,441,27,414
104900124,299,2,297
104900125,437,0,437
104900126,19,20,-1
104900127,34,21,13
104900128,250,91,159
104900129,623,4159,-3536
105000001,3135,1005,2130
105000002,2348,1552,796
105000003,2699,3497,-798
105000004,1736,750,986
105000005,2399,1395,1004
105000006,1270,1899,-629
105000007,2124,2468,-344
105000008,803,3562,-2759
105000009,4947,5045,-98
105000010,3423,933,2490
105000011,3674,4300,-626
105000012,2209,1627,582
105000013,1463,1946,-483
105000014,5108,4669,439
105000015,8109,15982,-7873
105000016,856,965,-109
105000017,1744,1105,639
105000018,672,2528,-1856
105000019,1073,1382,-309
105000020,64,482,-418
105000021,319,137,182
105000022,102,132,-30
105000023,1134,110,1024
105000028,24,56,-32
105000029,851,1258,-407
105000030,3268,2806,462
105000033,1164,773,391
105000034,146,1897,-1751
105000037,1197,141,1056
105000038,1068,2096,-1028
105000039,653,966,-313
105000040,1221,2631,-1410
105000041,437,998,-561
105000042,2327,1881,446
105000043,740,635,105
105000044,1172,292,880
105000045,185,232,-47
105000046,2043,245,1798
105000047,536,260,276
105000048,1679,337,1342
105000049,337,491,-154
105000050,1475,751,724
105000051,160,237,-77
105000052,926,1874,-948
105000053,71,96,-25
105000054,607,1157,-550
105000055,1132,716,416
105000056,2639,3496,-857
105000057,2324,3274,-950
105000058,1924,1432,492
105000059,2327,709,1618
105000060,871,512,359
105000061,2657,444,2213
105000062,909,458,451
105000063,628,247,381
105000064,4483,691,3792
105000065,828,316,512
105000066,1606,857,749
105000067,2668,859,1809
105000068,351,712,-361
105000069,1226,4519,-3293
105000070,541,1442,-901
105000071,274,2699,-2425
105000072,1761,10464,-8703
105000073,1942,918,1024
105000074,574,434,140
105000075,731,504,227
105000076,1227,775,452
105000077,2079,663,1416
105000078,1021,1244,-223
105000079,863,1887,-1024
105000080,2339,2110,229
105000081,1140,1158,-18
105000082,999,1352,-353
105000083,1896,2469,-573
105000084,629,881,-252
105000085,3189,2295,894
105000086,923,816,107
105000087,1820,1867,-47
105000088,2403,4304,-1901
105000089,2052,1226,826
105000090,552,383,169
105000091,716,597,119
105000092,632,442,190
105000093,378,433,-55
105000094,259,135,124
105000095,196,654,-458
105000096,1644,1997,-353
105000097,692,522,170
105000098,1960,1449,511
105000099,888,843,45
105000100,3069,2262,807
105000101,4076,1005,3071
105000102,3002,1495,1507
105000103,1501,1805,-304
105000104,4184,4719,-535
105000105,1790,3996,-2206
105000106,2717,529,2188
105000107,3036,1481,1555
105000108,3565,969,2596
105000109,4744,553,4191
105000110,2006,300,1706
105000111,3052,320,2732
105000112,1759,388,1371
105000113,873,775,98
105000114,1216,1610,-394
105000115,352,2978,-2626
105000116,1979,767,1212
105000117,1900,394,1506
105000118,2027,321,1706
105000119,1368,351,1017
105000120,3571,653,2918
105000121,1878,510,1368
105000122,811,1282,-471
105000123,819,418,401
105000124,3573,573,3000
105000125,1873,795,1078
105000126,3750,1273,2477
105000127,4059,1273,2786
105000128,1308,1857,-549
105000129,2297,1877,420
105000130,216,5444,-5228
105000131,383,100,283
105000132,2815,1342,1473
105000133,483,440,43
105000134,2666,318,2348
105000135,354,315,39
105000136,139,66,73
105000137,1025,174,851
105000138,189,88,101
105000139,1231,278,953
105000140,1053,344,709
105000141,753,235,518
105000142,589,546,43
105000143,393,267,126
105000144,509,298,211
105000145,1139,236,903
105000146,745,286,459
105000147,963,300,663
105000148,959,465,494
105000149,5151,1321,3830
105000150,2169,566,1603
105000151,1602,343,1259
105000152,443,645,-202
105000153,1962,267,1695
105000154,1625,444,1181
105000155,830,276,554
105000156,685,399,286
105000157,1220,649,571
105000158,4479,519,3960
105000159,539,446,93
105000160,6576,625,5951
105000161,1300,608,692
105000162,1052,4591,-3539
105000163,1434,648,786
105000164,146,364,-218
105000165,876,15743,-14867
105000166,3395,3123,272
105000167,1388,5905,-4517
105000168,1248,385,863
105000169,1744,126,1618
105000170,1060,1193,-133
105000171,2119,329,1790
105000172,789,7,782
105000173,1181,4,1177
105000174,333,36,297
105000175,428,51,377
105000176,1278,106,1172
105000177,734,413,321
105000178,763,135,628
105000179,2777,97,2680
105000180,918,53,865
105000181,387,191,196
105000182,95,44,51
105000183,2323,4163,-1840
105000184,311,725,-414
105000185,358,1151,-793
105000186,497,1078,-581
105000187,1002,1067,-65
105000188,167,165,2
105000189,102,458,-356
105000190,320,227,93
105000191,609,243,366
105000192,513,55,458
105000193,113,105,8
105000194,794,55,739
105000195,761,406,355
105000196,73,262,-189
105000197,111,348,-237
105000198,170,115,55
105000199,72,518,-446
105000200,166,877,-711
105000201,154,110,44
105000203,54,88,-34
105000204,179,58,121
105000205,128,70,58
105000207,212,49,163
105000208,86,309,-223
105000209,257,79,178
105000212,1852,482,1370
105000213,88,71,17
105000214,244,132,112
105000215,1013,189,824
105000216,371,63,308
105000217,378,86,292
105000218,4434,1238,3196
105000221,208,119,89
105000222,596,126,470
105000223,954,319,635
105000226,330,111,219
105000227,113,103,10
105000228,44,1908,-1864
105000229,259,778,-519
105000231,738,171,567
105000233,1525,1563,-38
105000234,342,661,-319
105000235,805,645,160
105000237,2225,82,2143
105000243,114,76,38
105000248,73,53,20
105000262,920,322,598
105000269,125,199,-74
105000270,1253,11,1242
105000271,0,208,-208
105000282,87,40,47
105000287,259,61,198
105000288,1590,1617,-27
105000289,600,1245,-645
105000290,35,7,28
105000402,1650,5257,-3607
105000426,183,370,-187
105000438,870,843,27
105000446,6253,3532,2721
105000447,1595,1235,360
105000454,933,139,794
105000455,240,54,186
105000474,77,0,77
105000477,1893,487,1406
105000478,3075,6314,-3239
105000479,193,91,102
105000480,4336,6432,-2096
105000481,5253,4866,387
105000482,2254,2146,108
105000483,2033,3519,-1486
105000484,1467,1329,138
105000485,1133,4167,-3034
105000486,1299,1780,-481
105000488,2305,1571,734
105000489,2603,782,1821
105000549,203,395,-192
105000550,525,513,12
105000551,18,47,-29
105000552,1776,712,1064
105000555,90,908,-818
105900001,12,3776,-3764
105900002,962,2002,-1040
105900003,13,171,-158
105900004,304,48,256
105900005,175,993,-818
105900006,9,48,-39
105900007,58,78,-20
105900008,191,158,33
105900009,89,67,22
105900011,276,35,241
105900012,612,106,506
105900013,2,36,-34
105900014,0,42,-42
105900015,79,441,-362
105900016,1343,295,1048
105900017,3503,82,3421
105900018,259,177,82
105900019,130,101,29
105900020,141,45,96
105900021,89,316,-227
105900022,457,129,328
105900023,35,91,-56
105900024,7,808,-801
105900025,720,7,713
105900026,124,7,117
105900027,12786,4485,8301
105900028,333,616,-283
105900029,1618,238,1380
105900030,328,223,105
105900031,653,105,548
105900032,222,23,199
105900033,118,130,-12
105900034,679,127,552
105900035,827,278,549
105900036,216,126,90
105900037,284,9,275
105900038,316,239,77
105900039,243,81,162
105900040,279,58,221
105900041,347,46,301
105900042,177,254,-77
105900043,824,47,777
105900044,0,601,-601
105900045,4,2268,-2264
105900046,1,110,-109
105900047,18,41,-23
105900048,156,340,-184
105900050,1118,4182,-3064
105900051,21,1325,-1304
105900052,1542,114,1428
105900053,3491,6430,-2939
105900054,297,177,120
105900056,618,940,-322
105900057,8,153,-145
105900058,11,12,-1
105900059,0,254,-254
106000001,2126,2815,-689
106000002,1134,2295,-1161
106000003,4365,4965,-600
106000004,1851,2347,-496
106000005,5506,3541,1965
106000006,5545,1383,4162
106000007,717,184,533
106000008,310,329,-19
106000009,742,163,579
106000010,265,387,-122
106000011,2650,956,1694
106000012,1180,522,658
106000013,1957,1321,636
106000014,1843,1211,632
106000015,3366,741,2625
106000016,1875,1099,776
106000017,1234,524,710
106000018,716,433,283
106000019,678,294,384
106000020,535,267,268
106000021,581,282,299
106000022,372,192,180
106000023,1005,226,779
106000024,833,329,504
106000025,225,233,-8
106000026,155,113,42
106000027,3063,1320,1743
106000028,1357,261,1096
106000029,1318,803,515
106000030,193,494,-301
106000034,139,361,-222
106000035,1245,1301,-56
106000036,53,430,-377
106000037,1025,933,92
106000038,84,357,-273
106000039,52,323,-271
106000040,97,811,-714
106000041,885,581,304
106000043,336,216,120
106000046,325,32,293
106000047,88,382,-294
106000049,1813,99,1714
106000050,250,338,-88
106000051,1835,862,973
106000052,199,113,86
106000053,993,138,855
106000054,359,97,262
106000055,1816,354,1462
106000056,445,115,330
106000057,1026,130,896
106000058,363,26,337
106000059,676,257,419
106000060,153,234,-81
106000061,245,923,-678
106000062,178,176,2
106000063,1597,1216,381
106000064,9,288,-279
106000065,832,197,635
106000066,162,875,-713
106000067,985,81,904
106000068,208,225,-17
106000069,871,43,828
106000070,482,158,324
106000071,1329,136,1193
106000072,2495,1491,1004
106000073,1658,8370,-6712
106000074,950,737,213
106000075,578,1051,-473
106000076,1285,1358,-73
106000077,2025,533,1492
106000078,2402,328,2074
106000079,1390,302,1088
106000080,2014,279,1735
106000081,1566,429,1137
106000082,2060,472,1588
106000083,726,679,47
106000084,1049,421,628
106000085,1460,966,494
106000086,474,367,107
106000087,994,219,775
106000088,412,325,87
106000089,1719,168,1551
106000090,552,343,209
106000091,364,480,-116
106000092,1255,199,1056
106000093,1031,43,988
106000094,146,217,-71
106000095,2101,387,1714
106000096,2571,348,2223
106000097,2738,1010,1728
106000098,1750,503,1247
106000099,209,351,-142
106000100,3399,261,3138
106000101,1519,292,1227
106000102,91,595,-504
106000103,398,783,-385
106000104,2021,648,1373
106000105,501,615,-114
106000106,1922,210,1712
106000107,262,151,111
106000108,665,84,581
106000109,398,90,308
106000110,739,161,578
106000111,368,114,254
106000112,455,1174,-719
106000113,688,437,251
106000114,597,1328,-731
106000115,331,218,113
106000116,621,158,463
106000117,1323,686,637
106000118,2268,1382,886
106000119,828,460,368
106000120,1505,2428,-923
106000121,832,158,674
106000122,796,78,718
106000123,1733,52,1681
106000124,652,72,580
106000125,113,99,14
106000126,885,40,845
106000127,3357,588,2769
106000128,2747,214,2533
106000129,1472,258,1214
106000130,2827,194,2633
106000131,578,1083,-505
106000132,1104,101,1003
106000133,1303,2688,-1385
106000134,888,6193,-5305
106000135,325,601,-276
106000136,1535,2985,-1450
106000137,245,1303,-1058
106000138,5619,62,5557
106000139,113,70,43
106000140,102,22,80
106000141,209,22,187
106000142,213,74,139
106000143,48,21,27
106000144,90,58,32
106000145,1070,155,915
106000146,1139,85,1054
106000147,787,364,423
106000148,584,523,61
106000149,1525,292,1233
106000150,1882,3025,-1143
106000151,3890,553,3337
106000152,985,2747,-1762
106000153,176,1745,-1569
106000154,1259,118,1141
106000155,451,342,109
106000156,3138,151,2987
106000157,664,1990,-1326
106000158,1487,521,966
106000159,2531,3286,-755
106000160,1201,6949,-5748
106000161,784,212,572
106000162,744,2550,-1806
106000163,684,141,543
106000164,1243,334,909
106000165,337,264,73
106000166,2437,219,2218
106000167,934,467,467
106000168,1622,133,1489
106000169,574,696,-122
106000170,1942,295,1647
106000171,511,1208,-697
106000172,3953,1287,2666
106000173,1357,1759,-402
106000174,2352,282,2070
106000175,316,346,-30
106000176,4839,512,4327
106000177,2117,1233,884
106000178,5327,875,4452
106000179,1318,866,452
106000180,2028,573,1455
106000181,4257,1181,3076
106000182,3810,314,3496
106000183,3368,222,3146
106000184,2193,372,1821
106000185,3857,2362,1495
106000186,447,28,419
106000187,148,2636,-2488
106000188,0,7,-7
106000189,21,33,-12
106000190,43,1,42
106000191,619,98,521
106000192,6,4,2
106000193,373,428,-55
106000194,236,641,-405
106000195,377,286,91
106000196,92,1556,-1464
106000197,1145,1061,84
106000198,311,427,-116
106000199,853,3268,-2415
106000200,325,454,-129
106000201,673,13589,-12916
106000202,2715,922,1793
106000203,28,83,-55
106000204,192,4,188
106000205,11,137,-126
106000206,156,25,131
106000207,8,387,-379
106000208,3350,67,3283
106000209,4162,137,4025
106000210,761,362,399
106000211,324,1150,-826
106000212,2506,372,2134
106000213,318,1063,-745
106000214,1468,410,1058
106000215,606,728,-122
106000216,1205,471,734
106000217,192,378,-186
106000218,440,140,300
106000219,250,124,126
106000220,920,299,621
106000221,486,74,412
106000222,268,54,214
106000223,796,50,746
106000224,525,100,425
106000225,146,195,-49
106000226,102,91,11
106000228,64,76,-12
106000229,432,524,-92
106000231,2620,117,2503
106000232,155,381,-226
106000233,1249,331,918
106000234,66,2141,-2075
106000235,441,2441,-2000
106000236,146,2252,-2106
106000237,0,42,-42
106000238,5,220,-215
106000239,1,146,-145
106000240,40,45,-5
106000241,10,655,-645
106000242,668,31,637
106000249,280,70,210
106000250,136,1284,-1148
106000251,250,15,235
106000252,52,470,-418
106000253,141,47,94
106000254,239,70,169
106000255,154,239,-85
106000256,204,26,178
106000257,132,127,5
106000258,180,774,-594
106000259,18,1210,-1192
106000260,66,10,56
106000261,5,150,-145
106000262,162,19,143
106000263,124,247,-123
106000264,389,4,385
106000265,32,126,-94
106000266,345,39,306
106000267,36,54,-18
106000268,417,44,373
106000269,234,31,203
106000270,183,246,-63
106000271,88,74,14
106000272,247,92,155
106000273,20,130,-110
106000274,180,21,159
106000275,253,67,186
106000276,46,24,22
106000277,164,118,46
106000278,137,11,126
106000279,50,16,34
106000280,325,21,304
106000281,127,31,96
106000282,196,45,151
106000283,236,12,224
106000284,432,41,391
106000285,101,126,-25
106000286,216,37,179
106000287,70,22,48
106000288,207,38,169
106000289,113,24,89
106000290,229,49,180
106000291,124,35,89
106000292,300,34,266
106000293,199,106,93
106000294,128,23,105
106000295,53,111,-58
106000296,39,58,-19
106000297,45,133,-88
106000298,33,184,-151
106000299,50,40,10
106000300,40,105,-65
106000301,64,152,-88
106000303,149,36,113
106000304,218,12,206
106000305,331,26,305
106000306,156,48,108
106000307,461,12,449
106000308,144,77,67
106000309,39,12,27
106000310,561,110,451
106000311,675,135,540
106000312,355,64,291
106000313,546,31,515
106000318,137,552,-415
106000319,4362,656,3706
106000320,17,386,-369
106000321,259,947,-688
106000322,613,48,565
106000324,219,146,73
106000325,2584,389,2195
106000326,891,685,206
106000327,673,59,614
106000328,24,526,-502
106000329,32,880,-848
106000330,34,253,-219
106000428,143,290,-147
106000429,139,210,-71
106000430,342,1347,-1005
106000431,3837,369,3468
106000432,828,1546,-718
106000433,3209,985,2224
106000434,4936,1045,3891
106000435,1209,1352,-143
106000436,22,307,-285
106000437,2097,110,1987
106000438,288,1125,-837
106000439,44,789,-745
106000440,274,252,22
106000441,13,1,12
106000442,2628,36,2592
106000443,610,111,499
106000450,2,118,-116
106000451,72,269,-197
106000454,3,167,-164
106000455,7,146,-139
106000456,404,68,336
106000457,122,329,-207
106000458,3083,49,3034
106000459,1169,50,1119
106000460,5270,63,5207
106000461,1041,210,831
106000462,1,56,-55
106000463,6,3,3
106000464,0,240,-240
106000465,1743,17,1726
106000466,0,216,-216
106000467,90,305,-215
106000468,420,101,319
106000469,104,1,103
106000470,306,3212,-2906
106000471,8,234,-226
106000472,819,12,807
106000473,86,4,82
106000474,480,341,139
106000475,644,241,403
106000476,170,547,-377
106000477,37,15,22
106000480,0,1020,-1020
106900001,0,1,-1
106900002,16,151,-135
106900003,113,1629,-1516
106900004,20,16,4
106900006,0,2,-2
106900007,0,4,-4
106900008,1298,19,1279
106900009,958,76,882
106900010,813,121,692
106900012,513,5282,-4769
106900013,1209,247,962
106900014,141,0,141
106900015,45,0,45
106900016,828,103,725
106900017,25,0,25
106900018,26,0,26
106900019,473,3,470
106900020,1686,4101,-2415
106900021,377,123,254
106900022,3225,22,3203
106900023,222,105,117
106900024,1262,98,1164
106900025,9,263,-254
106900026,0,134,-134
106900027,2787,4,2783
107000001,3680,3740,-60
107000002,1666,1564,102
107000003,12431,9493,2938
107000004,3673,1332,2341
107000005,14683,9474,5209
107000006,3784,1775,2009
107000007,6262,8787,-2525
107000008,3899,2639,1260
107000009,12508,9580,2928
107000010,5518,3553,1965
107000011,652,776,-124
107000012,2261,4329,-2068
107000013,245,65,180
107000014,255,60,195
107000015,952,233,719
107000016,1779,475,1304
107000017,918,1543,-625
107000018,6,1090,-1084
107000020,841,950,-109
107000021,1235,480,755
107000022,1443,4334,-2891
107000023,2417,158,2259
107000024,1099,3347,-2248
107000025,627,252,375
107000026,407,557,-150
107000027,3392,482,2910
107000028,2388,366,2022
107000029,6736,3496,3240
107000030,3322,1249,2073
107000031,8425,3204,5221
107000032,284,551,-267
107000033,2124,4822,-2698
107000034,3585,834,2751
107000035,657,155,502
107000036,653,1691,-1038
107000037,231,490,-259
107000038,379,92,287
107000039,1932,786,1146
107000040,471,169,302
107000041,1219,503,716
107000042,768,2701,-1933
107000043,1167,528,639
107000044,268,156,112
107000045,44,178,-134
107000046,1047,297,750
107000047,474,400,74
107000048,707,181,526
107000049,580,388,192
107000050,1028,284,744
107000051,290,365,-75
107000052,844,3048,-2204
107000053,341,838,-497
107000054,33,176,-143
107000055,305,83,222
107000056,606,656,-50
107000057,1538,99,1439
107000058,2790,2098,692
107000059,2473,2007,466
107000060,9429,4017,5412
107000061,4647,1637,3010
107000062,11714,3437,8277
107000063,4019,1570,2449
107000064,9210,7531,1679
107000065,2258,3050,-792
107000066,2066,4039,-1973
107000067,1910,950,960
107000068,862,929,-67
107000069,1465,1144,321
107000070,1718,8,1710
107000071,8577,85,8492
107000072,6,716,-710
107000073,2322,1295,1027
107000074,75,351,-276
107000075,3362,180,3182
107000076,203,505,-302
107000077,4594,501,4093
107000078,637,575,62
107000079,5400,907,4493
107000080,334,797,-463
107000081,7328,917,6411
107000082,554,645,-91
107000083,2519,2044,475
107000084,241,840,-599
107000085,2866,3072,-206
107000086,3100,2022,1078
107000087,3983,3695,288
107000088,3094,2417,677
107000089,1709,2481,-772
107000090,1772,636,1136
107000091,2632,736,1896
107000092,1149,453,696
107000093,2121,1044,1077
107000094,1000,492,508
107000095,3122,1100,2022
107000096,948,828,120
107000097,3123,881,2242
107000098,562,584,-22
107000099,865,409,456
107000100,348,415,-67
107000101,160,226,-66
107000102,266,282,-16
107000103,648,349,299
107000104,237,282,-45
107000105,884,1011,-127
107000106,306,140,166
107000107,1809,208,1601
107000108,321,292,29
107000109,2684,190,2494
107000110,123,184,-61
107000111,1568,40,1528
107000112,54,161,-107
107000113,2349,73,2276
107000114,148,278,-130
107000115,1539,1190,349
107000116,166,289,-123
107000117,193,5481,-5288
107000118,78,97,-19
107000119,1702,2556,-854
107000120,653,1586,-933
107000121,1394,563,831
107000122,722,557,165
107000123,1056,375,681
107000124,975,169,806
107000125,2311,314,1997
107000126,2827,237,2590
107000129,523,381,142
107000130,1476,187,1289
107000131,621,366,255
107000132,1106,213,893
107000133,360,192,168
107000134,334,1,333
107000135,0,222,-222
107000136,696,2,694
107000137,1,295,-294
107000138,162,44,118
107000139,14,457,-443
107000140,2758,73,2685
107000141,60,1508,-1448
107000142,894,68,826
107000143,29,2246,-2217
107000144,828,913,-85
107000145,71,762,-691
107000146,261,445,-184
107000147,4317,621,3696
107000150,179,6499,-6320
107000151,3,51,-48
107000152,414,4725,-4311
107000153,57,191,-134
107000154,11,91,-80
107000155,1669,8,1661
107000156,2261,18,2243
107000157,24,387,-363
107000158,2249,33,2216
107000159,46,255,-209
107000160,3457,302,3155
107000161,123,263,-140
107000162,444,1334,-890
107000163,829,5,824
107000164,2571,5,2566
107000165,3043,10,3033
107000166,43,198,-155
107000167,2202,349,1853
107000168,1817,683,1134
107000169,318,313,5
107000170,7381,916,6465
107000171,1057,406,651
107000172,2657,3242,-585
107000173,654,231,423
107000174,1702,10624,-8922
107000175,2952,472,2480
107000176,0,0,0
107000177,4,0,4
107000178,419,10,409
107000179,690,728,-38
107000180,3191,200,2991
107000181,919,334,585
107000182,3196,335,2861
107000183,481,341,140
107000184,2980,366,2614
107000185,675,470,205
107000186,1282,139,1143
107000187,1758,1454,304
107000188,866,472,394
107000189,1771,372,1399
107000190,1599,450,1149
107000191,1441,488,953
107000192,2402,215,2187
107000193,501,396,105
107000194,523,172,351
107000197,1408,117,1291
107000198,595,391,204
107000199,794,665,129
107000200,1409,908,501
107000201,422,274,148
107000202,641,459,182
107000203,522,908,-386
107000204,679,3400,-2721
107000205,732,357,375
107000206,333,1057,-724
107000207,430,511,-81
107000208,1669,402,1267
107000209,620,654,-34
107000210,81,78,3
107000211,7,86,-79
107000212,7,90,-83
107000213,1,12,-11
107000214,29,41,-12
107000215,956,331,625
107000216,637,154,483
107000217,436,2369,-1933
107000219,134,271,-137
107000220,81,518,-437
107000222,359,212,147
107000224,733,332,401
107000225,189,161,28
107000226,1304,762,542
107000227,248,97,151
107000228,225,779,-554
107000229,66,254,-188
107000230,830,478,352
107000231,311,858,-547
107000232,157,12,145
107000233,157,388,-231
107000234,12,143,-131
107000235,45,28,17
107000236,5,763,-758
107000237,148,0,148
107000238,42,2,40
107000239,2224,690,1534
107000240,107,190,-83
107000241,33,5,28
107000242,180,9,171
107000243,0,50,-50
107000244,6,253,-247
107000246,2,371,-369
107000249,0,458,-458
107000251,1,146,-145
107000252,1,206,-205
107000255,261,335,-74
107000257,1,1305,-1304
107000258,1,272,-271
107000259,17,95,-78
107000260,3581,27,3554
107000262,48,199,-151
107000263,1084,20,1064
107000266,69,14,55
107000267,87,43,44
107000268,494,41,453
107000269,21,1,20
107000270,571,96,475
107000271,1,0,1
107000272,277,0,277
107000273,2,1264,-1262
107000274,679,277,402
107000275,26,1279,-1253
107000280,3008,48,2960
107000281,92,359,-267
107000282,30,540,-510
107000290,2,36,-34
107000291,17,10,7
107000292,1,211,-210
107000293,39,3,36
107000294,0,715,-715
107000295,32,2,30
107000296,0,52,-52
107000444,446,2,444
107000496,39,11,28
107000497,1179,932,247
107000500,673,233,440
107000501,110,188,-78
107000502,365,245,120
107000505,321,458,-137
107000506,0,1,-1
107000508,5,111,-106
107000509,164,947,-783
107000510,122,547,-425
107000514,59,806,-747
107000515,50,68,-18
107000516,821,572,249
107000518,3325,6036,-2711
107000519,730,432,298
107000520,333,87,246
107000521,2265,278,1987
107000522,2526,586,1940
107900001,145,32,113
107900002,60,5,55
107900003,569,10,559
107900004,486,0,486
107900005,7044,44,7000
107900006,438,9,429
107900007,493,75,418
107900008,26,3,23
107900009,196,3,193
107900010,170,10,160
107900012,649,80,569
107900013,392,13,379
107900014,561,9,552
107900015,4523,65,4458
107900016,218,63,155
107900017,86,2,84
107900018,102,643,-541
107900019,1,9,-8
107900020,35,50,-15
107900021,403,6,397
107900023,15,7,8
107900024,0,1,-1
107900025,222,56,166
107900026,138,27,111
107900027,27,89,-62
107900028,451,7,444
107900030,421,21,400
107900031,381,61,320
107900032,163,4,159
107900033,66,12,54
107900034,483,9,474
107900035,3519,228,3291
107900036,56,44,12
107900037,0,11,-11
107900038,50,558,-508
107900039,82,28,54
107900040,8,373,-365
107900041,1,0,1
107900043,220,81,139
107900044,18,19,-1
107900045,240,56,184
107900046,606,652,-46
107900047,106,11,95
107900048,641,29,612
107900049,380,1977,-1597
107900050,51,116,-65
107900051,100,50,50
107900052,7,178,-171
107900053,230,44,186
107900055,670,171,499
107900056,142,263,-121
107900057,1,0,1
107900058,49,279,-230
107900060,15,129,-114
107900061,2,18,-16
107900063,75,81,-6
107900064,203,1491,-1288
107900065,1130,26,1104
107900066,55,23,32
107900067,9,0,9
107900068,207,930,-723
107900069,11,5887,-5876
107900070,235,267,-32
107900071,71,250,-179
107900072,291,30,261
107900073,218,575,-357
107900074,113,569,-456
107900076,212,14,198
107900077,194,2,192
107900078,188,48,140
107900079,10,60,-50
107900080,86,614,-528
107900081,32,37,-5
107900082,2,17,-15
107900083,656,143,513
107900084,413,190,223
107900086,26,800,-774
107900087,473,23,450
107900088,135,6,129
107900089,154,635,-481
107900090,1495,3325,-1830
107900091,118,95,23
107900092,914,108,806
107900093,26,44,-18
107900095,1980,1335,645
107900097,69,95,-26
107900098,311,316,-5
107900100,326,2164,-1838
107900101,381,25,356
107900102,46,9,37
107900103,63,117,-54
107900104,718,3,715
107900105,0,91,-91
107900106,0,257,-257
107900107,1216,379,837
107900108,163,13,150
107900109,3800,99,3701
107900110,151,6,145
107900111,2,163,-161
107900112,68,830,-762
107900113,403,20,383
107900114,496,27,469
107900115,0,11,-11
107900116,463,35,428
107900117,222,155,67
107900118,49,182,-133
107900119,331,527,-196
107900120,87,14,73
107900121,1,172,-171
107900122,0,59,-59
107900123,36,309,-273
107900124,6,29,-23
107900125,6,96,-90
107900126,67,182,-115
107900127,1381,322,1059
107900128,87,52,35
107900129,212,5,207
107900130,339,7,332
107900131,67,56,11
107900132,10,525,-515
107900133,0,26,-26
107900134,20,21,-1
107900135,4,16,-12
107900136,14,33,-19
107900137,102,53,49
107900138,147,9,138
107900139,192,30,162
107900140,72,36,36
107900141,40,7,33
107900142,19,800,-781
107900143,36,39,-3
107900144,2,17,-15
107900145,1,47,-46
107900146,67,43,24
107900147,101,21,80
107900148,167,116,51
107900149,553,20,533
107900150,4,163,-159
107900151,41,22,19
107900152,8,80,-72
107900153,296,225,71
107900154,85,38,47
107900155,259,37,222
107900156,1,22,-21
107900157,19,41,-22
107900158,3240,200,3040
107900159,56,359,-303
107900160,325,44,281
107900161,120,20,100
107900162,6,131,-125
107900163,19,40,-21
107900164,56,40,16
107900165,22,443,-421
107900166,53,41,12
107900167,40,89,-49
107900168,165,25,140
107900169,4,3226,-3222
107900171,27,298,-271
107900172,2,146,-144
107900173,76,26,50
107900174,287,1,286
107900175,4,186,-182
107900176,177,30,147
107900177,1,291,-290
107900178,0,182,-182
107900179,51,61,-10
107900180,136,1945,-1809
107900181,180,216,-36
107900182,1,226,-225
107900183,124,21,103
107900184,344,1201,-857
107900185,237,5,232
107900186,37,37,0
107900187,0,106,-106
107900188,1204,74,1130
107900189,110,338,-228
107900190,21,143,-122
107900191,78,46,32
107900193,6,125,-119
107900194,276,10,266
107900195,2698,215,2483
107900196,107,38,69
107900197,104,108,-4
107900199,3,335,-332
107900201,84,29,55
107900203,28,11,17
107900204,96,107,-11
107900205,353,138,215
107900206,193,756,-563
107900207,0,113,-113
107900208,1,150,-149
107900209,376,166,210
107900210,70,36,34
107900213,369,166,203
107900214,9,103,-94
107900215,122,297,-175
107900216,6,9,-3
107900217,75,66,9
107900218,23,1534,-1511
107900219,287,21,266
107900220,174,113,61
107900221,64,129,-65
107900223,544,109,435
107900224,117,455,-338
107900225,3,290,-287
107900226,5,26,-21
107900227,110,156,-46
107900228,124,84,40
107900229,9,29,-20
107900230,103,14,89
107900231,31,34,-3
107900232,514,24,490
107900233,3,21,-18
107900234,692,39,653
107900235,7,46,-39
107900236,866,42,824
107900237,33,166,-133
107900238,148,10,138
107900239,240,781,-541
107900240,173,14,159
107900241,5,23,-18
107900242,25,88,-63
107900243,1,26,-25
107900244,345,11,334
107900245,1749,58,1691
107900246,400,96,304
107900248,1884,144,1740
107900249,2066,272,1794
107900250,0,169,-169
107900251,40,290,-250
107900252,1213,81,1132
107900253,321,30,291
107900254,73,358,-285
107900255,263,26,237
107900256,1002,3236,-2234
107900257,764,313,451
107900258,166,64,102
107900259,36,6327,-6291
107900261,1,103,-102
107900262,358,43,315
107900264,1170,51,1119
107900265,163,856,-693
107900267,566,7,559
107900268,9,1,8
107900269,0,1,-1
107900270,3,0,3
107900271,1,60,-59
107900272,18,61,-43
107900273,44,33,11
107900274,225,0,225
107900275,80,1,79
107900276,0,7,-7
107900277,0,17,-17
107900278,710,54,656
107900279,9,20,-11
107900280,4839,916,3923
107900281,1264,14268,-13004
107900282,29,1574,-1545
107900283,323,1259,-936
107900284,1487,425,1062
107900285,338,36,302
107900286,17,25,-8
107900287,1037,170,867
107900290,1,1342,-1341
107900291,760,27,733
107900292,134,50,84
107900293,72,120,-48
107900295,178,38,140
107900297,2,325,-323
107900298,518,341,177
107900299,1468,5356,-3888
107900300,46,553,-507
107900301,1270,1007,263
107900302,128,21,107
107900303,833,336,497
107900304,1475,64,1411
107900305,710,7,703
107900306,6,71,-65
107900307,3,123,-120
107900308,256,120,136
107900309,24,0,24
107900310,20,1,19
107900311,233,322,-89
107900312,11,1,10
107900313,3,133,-130
107900314,1,204,-203
107900315,0,75,-75
107900316,53,0,53
107900317,142,7,135
107900318,10,236,-226
107900319,4,23,-19
107900320,0,48,-48
107900321,276,4,272
107900322,58,80,-22
107900323,0,102,-102
107900324,167,2,165
107900325,284,0,284
107900326,2349,247,2102
107900327,0,88,-88
107900328,4,0,4
107900329,3,165,-162
107900330,11,31,-20
107900331,819,25,794
107900332,957,8,949
107900333,153,13,140
107900334,4,26,-22
107900335,16,121,-105
107900336,17,63,-46
107900337,543,1904,-1361
107900338,0,50,-50
107900339,0,33,-33
107900340,23,174,-151
107900341,74,0,74
107900342,272,121,151
107900343,86,7,79
107900344,11,36,-25
107900345,187,33,154
107900346,34,3,31
107900347,19,1,18
107900348,1,13,-12
107900349,55,11,44
107900350,5,58,-53
108000001,6481,3465,3016
108000002,1133,1210,-77
108000003,3264,1834,1430
108000004,7322,7637,-315
108000005,10041,4625,5416
108000006,2802,2048,754
108000007,7670,3711,3959
108000008,2575,2836,-261
108000009,8099,5024,3075
108000010,2044,2497,-453
108000011,16927,12097,4830
108000012,6486,8541,-2055
108000014,498,1594,-1096
108000015,1285,232,1053
108000016,380,371,9
108000017,1948,217,1731
108000018,2663,610,2053
108000019,970,490,480
108000020,1668,302,1366
108000021,299,935,-636
108000022,688,481,207
108000023,2765,464,2301
108000024,781,186,595
108000025,876,111,765
108000026,1643,105,1538
108000027,1604,130,1474
108000028,1119,115,1004
108000029,1334,231,1103
108000030,861,98,763
108000031,306,416,-110
108000032,4645,605,4040
108000033,588,373,215
108000034,2823,665,2158
108000035,578,730,-152
108000036,669,440,229
108000037,4628,291,4337
108000038,6874,337,6537
108000039,579,670,-91
108000040,4381,1235,3146
108000041,427,962,-535
108000042,1056,103,953
108000043,251,160,91
108000044,1210,113,1097
108000045,200,171,29
108000046,3891,202,3689
108000047,290,285,5
108000048,111,412,-301
108000049,1280,267,1013
108000050,91,284,-193
108000051,449,343,106
108000052,301,164,137
108000053,589,363,226
108000054,367,435,-68
108000055,1618,318,1300
108000056,551,661,-110
108000057,922,1352,-430
108000058,2422,7329,-4907
108000059,1466,779,687
108000060,288,387,-99
108000061,64,145,-81
108000062,2301,436,1865
108000063,610,317,293
108000064,522,184,338
108000065,946,418,528
108000066,2560,1231,1329
108000067,4226,1120,3106
108000068,1809,381,1428
108000069,133,448,-315
108000070,4012,470,3542
108000071,482,586,-104
108000072,2075,533,1542
108000073,610,466,144
108000074,1244,365,879
108000075,249,205,44
108000076,1449,419,1030
108000077,462,250,212
108000078,4623,1019,3604
108000079,500,437,63
108000080,3913,1025,2888
108000081,675,1107,-432
108000082,444,487,-43
108000083,3732,680,3052
108000084,450,873,-423
108000085,2183,725,1458
108000086,480,387,93
108000087,247,4292,-4045
108000088,557,1,556
108000089,437,436,1
108000090,1547,70,1477
108000091,205,369,-164
108000092,989,155,834
108000093,425,327,98
108000094,2580,173,2407
108000095,340,222,118
108000096,1548,222,1326
108000097,343,491,-148
108000098,4748,1130,3618
108000099,352,55,297
108000100,90,220,-130
108000101,1944,1649,295
108000102,1431,3248,-1817
108000106,1685,1,1684
108000107,1,432,-431
108000108,1335,132,1203
108000109,5,297,-292
108000110,1102,268,834
108000111,339,544,-205
108000112,47,138,-91
108000113,416,136,280
108000115,434,192,242
108000117,356,289,67
108000118,10,345,-335
108000119,696,189,507
108000120,331,1384,-1053
108000121,482,300,182
108000122,2018,356,1662
108000123,2286,1003,1283
108000124,599,1205,-606
108000125,1543,206,1337
108000126,526,567,-41
108000127,1293,1499,-206
108000128,1518,189,1329
108000129,446,1022,-576
108000130,1278,495,783
108000131,1102,106,996
108000132,485,242,243
108000133,2207,187,2020
108000134,746,190,556
108000135,2467,1247,1220
108000136,872,534,338
108000137,911,158,753
108000138,911,362,549
108000139,1140,205,935
108000140,1279,13,1266
108000141,27,21,6
108000142,45,44,1
108000143,61,12,49
108000144,320,9,311
108000145,94,5,89
108000146,301,4,297
108000147,56,10,46
108000148,252,18,234
108000149,15,15,0
108000150,128,8,120
108000151,8,2,6
108000152,87,95,-8
108000153,2266,127,2139
108000154,47,1,46
108000155,145,40,105
108000156,323,89,234
108000157,197,3556,-3359
108000158,55,1495,-1440
108000159,97,151,-54
108000160,1726,2148,-422
108000161,1942,7052,-5110
108000165,7,771,-764
108000172,0,436,-436
108000173,441,3059,-2618
108000175,765,229,536
108000178,303,155,148
108000179,75,852,-777
108000181,120,4,116
108000182,99,2,97
108000183,0,4,-4
108000184,321,5525,-5204
108000185,818,76,742
108000186,731,82,649
108000187,350,314,36
108000188,2347,503,1844
108000189,317,2880,-2563
108000190,31,58,-27
108000192,424,106,318
108000193,324,24,300
108000194,15,12,3
108000195,1,770,-769
108000196,238,1975,-1737
108000198,1012,71,941
108000199,0,375,-375
108000200,1698,224,1474
108000202,0,404,-404
108000203,848,284,564
108000204,507,142,365
108000205,147,430,-283
108000339,576,303,273
108000364,81,149,-68
108000365,117,499,-382
108000367,121,109,12
108000368,57,69,-12
108000369,575,45,530
108000371,1,357,-356
108000372,1296,3,1293
108000373,267,38,229
108000376,430,17,413
108000377,1734,88,1646
108000378,10956,17386,-6430
108000379,85,295,-210
108000381,434,27,407
108000382,113,0,113
108000383,0,215,-215
108900001,9,161,-152
108900002,172,33,139
108900003,262,239,23
108900004,7,644,-637
108900005,54,415,-361
108900006,1412,196,1216
108900007,564,137,427
108900008,331,65,266
108900009,298,219,79
108900010,853,117,736
108900011,1498,123,1375
108900012,821,181,640
108900013,278,232,46
108900014,56,136,-80
108900015,0,98,-98
108900016,2,97,-95
108900017,206,446,-240
108900018,176,213,-37
108900019,33,140,-107
108900020,122,45,77
108900021,115,69,46
108900022,232,52,180
108900023,7,54,-47
108900024,58,28,30
108900025,744,13,731
108900026,39,48,-9
108900027,0,22,-22
108900028,278,60,218
108900029,154,231,-77
108900030,0,8,-8
108900031,284,57,227
108900032,1,78,-77
108900033,0,32,-32
108900034,0,31,-31
108900035,381,282,99
108900036,207,150,57
108900037,60,129,-69
108900038,0,81,-81
108900039,0,67,-67
108900040,17,31,-14
108900041,3171,4184,-1013
108900042,2,321,-319
108900043,36,373,-337
108900044,0,118,-118
108900045,85,65,20
108900046,9,116,-107
108900047,1,146,-145
108900048,106,257,-151
108900049,645,4607,-3962
108900050,5,68,-63
108900051,0,40,-40
108900052,15,76,-61
108900053,136,843,-707
108900054,60,66,-6
108900055,14,410,-396
108900056,4,63,-59
108900057,1,52,-51
108900058,37,77,-40
108900059,2279,59,2220
108900060,115,73,42
108900061,30,8,22
108900062,16,80,-64
108900063,27,99,-72
108900064,894,29,865
108900065,30,69,-39
108900066,847,57,790
108900067,3,103,-100
108900068,21,50,-29
108900069,235,22,213
108900070,54,44,10
108900071,425,29,396
108900072,1391,150,1241
108900073,28,65,-37
108900074,795,32,763
108900075,22,33,-11
108900076,887,32,855
108900077,102,145,-43
108900078,128,28,100
108900079,503,59,444
108900080,6,1474,-1468
108900081,35,112,-77
108900082,172,52,120
108900083,12,331,-319
108900084,192,77,115
108900085,754,106,648
108900086,457,73,384
108900087,120,95,25
108900088,611,758,-147
108900089,20,93,-73
108900090,67,65,2
108900091,216,24,192
108900092,736,484,252
108900093,161,62,99
108900094,604,81,523
108900095,18,146,-128
108900096,213,11,202
108900097,400,49,351
108900098,958,2283,-1325
108900099,773,85,688
108900100,59,35,24
108900101,395,941,-546
108900102,4,2204,-2200
108900103,481,176,305
108900104,47,203,-156
108900105,10,4351,-4341
108900106,987,61,926
108900108,422,22,400
108900109,1558,55,1503
108900110,320,151,169
108900111,780,90,690
108900112,687,10,677
108900113,101,67,34
108900114,408,15,393
108900115,274,253,21
108900116,164,5,159
108900117,667,10,657
108900118,1786,34,1752
108900119,966,37,929
108900120,715,225,490
108900121,369,77,292
108900122,527,15,512
108900123,561,60,501
108900124,1699,112,1587
108900125,1917,6,1911
108900126,278,139,139
108900127,542,29,513
108900128,473,31,442
108900129,2732,118,2614
108900130,1669,5,1664
108900131,1146,10,1136
108900132,1096,55,1041
108900133,655,20,635
108900134,1407,130,1277
108900135,803,17,786
108900136,29,3,26
108900137,638,1,637
108900138,1645,48,1597
108900139,1670,47,1623
108900140,1633,46,1587
108900141,1107,20,1087
108900142,73,47,26
108900143,231,2,229
108900144,302,0,302
108900145,631,21,610
108900146,179,6,173
108900147,842,0,842
108900148,77,14,63
108900149,348,103,245
108900150,433,8,425
108900151,56,3,53
108900152,254,3,251
108900153,241,53,188
108900154,11264,407,10857
108900155,799,60,739
108900156,354,12,342
108900157,34,150,-116
108900158,1256,117,1139
108900159,188,115,73
108900160,44,167,-123
108900161,382,761,-379
108900162,517,9,508
108900163,7,520,-513
108900164,62,23,39
108900165,63,46,17
108900167,675,23070,-22395
108900168,3875,2153,1722
108900169,49,71,-22
108900171,3065,5535,-2470
108900172,216,98,118
108900173,99,172,-73
108900174,1370,438,932
108900176,89,180,-91
108900177,2263,14502,-12239
108900178,1486,8515,-7029
108900179,298,2436,-2138
108900180,162,229,-67
108900182,117,617,-500
108900183,198,87,111
108900184,453,222,231
108900185,90,200,-110
108900186,115,239,-124
108900187,1663,29,1634
108900188,1909,44,1865
108900189,633,155,478
108900190,34,793,-759
108900191,135,372,-237
108900192,68,116,-48
108900193,25,11,14
108900194,0,67,-67
108900195,181,71,110
108900196,12,86,-74
108900198,3,222,-219
108900199,386,241,145
108900200,1234,539,695
108900201,459,643,-184
108900203,778,179,599
108900204,698,7,691
108900205,423,20,403
108900206,1081,204,877
108900207,519,623,-104
108900208,12,169,-157
108900209,114,320,-206
108900210,100,122,-22
108900211,207,857,-650
108900212,125,2926,-2801
108900215,117,122,-5
108900216,279,634,-355
108900217,158,4,154
108900218,43,29,14
108900219,16,16,0
108900220,45,20,25
108900221,37,104,-67
108900222,316,5,311
108900223,4,103,-99
108900224,23,122,-99
108900225,0,156,-156
108900226,1125,56,1069
108900227,225,276,-51
108900230,54,118,-64
108900231,9,102,-93
108900232,3,85,-82
108900233,588,220,368
108900234,435,300,135
108900235,125,158,-33
108900236,54,237,-183
108900237,12,40,-28
108900240,202,26,176
108900241,114,21,93
108900245,10,3571,-3561
108900249,145,16,129
108900250,502,53,449
108900257,520,100,420
108900258,6,44,-38
108900259,5,23,-18
108900260,12,11,1
108900261,15,51,-36
108900262,104,93,11
108900263,11,124,-113
108900264,129,170,-41
108900265,489,495,-6
108900266,92,3132,-3040
108900267,1,692,-691
108900268,28,30,-2
108900269,319,20,299
108900270,346,19,327
108900271,129,17,112
108900272,996,17,979
108900273,187,744,-557
108900274,114,29,85
109000001,5559,5989,-430
109000002,720,4725,-4005
109000003,5724,510,5214
109000004,1057,2473,-1416
109000005,2607,447,2160
109000006,1233,983,250
109000007,3796,482,3314
109000008,1584,919,665
109000009,5778,872,4906
109000010,1424,1635,-211
109000011,9555,2103,7452
109000012,1824,1723,101
109000013,8388,7772,616
109000014,1823,1003,820
109000015,4865,20288,-15423
109000016,2875,1296,1579
109000017,5546,1067,4479
109000018,1410,1320,90
109000019,4448,1486,2962
109000020,1994,1067,927
109000023,267,14,253
109000024,1,234,-233
109000025,170,778,-608
109000026,459,284,175
109000027,87,543,-456
109000028,141,18,123
109000029,40,563,-523
109000030,324,363,-39
109000031,740,97,643
109000032,170,308,-138
109000033,982,184,798
109000034,47,49,-2
109000035,62,6,56
109000036,53,310,-257
109000037,501,5491,-4990
109000038,187,125,62
109000039,1381,972,409
109000040,2861,25958,-23097
109000041,825,4860,-4035
109000042,984,2858,-1874
109000044,846,19,827
109000045,218,141,77
109000046,950,29,921
109000047,115,199,-84
109000048,540,169,371
109000049,295,319,-24
109000050,502,244,258
109000051,431,136,295
109000052,613,426,187
109000053,616,173,443
109000054,111,955,-844
109000055,1155,2687,-1532
109000056,301,463,-162
109000057,2444,546,1898
109000058,212,88,124
109000059,111,1119,-1008
109000060,173,600,-427
109000061,436,3160,-2724
109000062,311,482,-171
109000063,378,164,214
109000064,1134,81,1053
109000065,665,181,484
109000066,1134,78,1056
109000067,284,222,62
109000068,796,11,785
109000069,745,25,720
109000070,8,2498,-2490
109000071,632,69,563
109000072,86,206,-120
109000073,135,73,62
109000074,12,150,-138
109000075,119,184,-65
109000076,168,467,-299
109000077,292,111,181
109000078,310,134,176
109000079,209,52,157
109000080,507,32,475
109000081,403,233,170
109000082,2086,84,2002
109000083,742,243,499
109000088,283,126,157
109000089,572,197,375
109000090,108,114,-6
109000091,976,181,795
109000092,151,69,82
109000093,729,67,662
109000094,2108,20,2088
109000095,535,183,352
109000096,2226,118,2108
109000097,82,37,45
109000098,100,140,-40
109000099,1658,123,1535
109000100,686,269,417
109000101,3699,296,3403
109000102,929,322,607
109000103,1468,305,1163
109000104,6152,161,5991
109000105,822,376,446
109000106,3898,302,3596
109000107,826,671,155
109000108,5108,383,4725
109000109,638,571,67
109000110,2312,462,1850
109000111,678,924,-246
109000112,695,93,602
109000113,1036,487,549
109000114,131,580,-449
109000115,801,15,786
109000116,10,396,-386
109000117,549,24,525
109000118,26,218,-192
109000119,4125,85,4040
109000120,984,207,777
109000121,1562,23,1539
109000122,496,251,245
109000123,24,27,-3
109000124,1950,294,1656
109000125,1627,350,1277
109000126,812,664,148
109000127,2534,94,2440
109000128,905,290,615
109000129,6388,353,6035
109000130,523,300,223
109000131,1379,792,587
109000132,496,528,-32
109000133,271,354,-83
109000134,594,567,27
109000135,406,651,-245
109000136,420,213,207
109000137,408,190,218
109000138,502,167,335
109000139,1322,277,1045
109000140,212,326,-114
109000141,1057,883,174
109000142,166,306,-140
109000143,232,195,37
109000145,115,189,-74
109000146,11,34,-23
109000148,1653,3698,-2045
109000149,13,100,-87
109000150,17,173,-156
109000155,1664,1257,407
109000156,923,276,647
109000158,33,256,-223
109000159,158,276,-118
109000160,3455,120,3335
109000161,1598,652,946
109000162,3945,221,3724
109000163,2944,611,2333
109000164,2698,1230,1468
109000165,2724,375,2349
109000166,2271,78,2193
109000167,201,215,-14
109000170,19,35,-16
109000171,237,22,215
109000172,22,53,-31
109000173,23,274,-251
109000174,569,21,548
109000175,20,19,1
109000176,831,106,725
109000177,39,72,-33
109000178,2388,154,2234
109000179,3512,11212,-7700
109000180,3444,5375,-1931
109000181,46,7,39
109000182,73,13,60
109000183,120,9,111
109000184,153,10,143
109000185,23,13,10
109000188,939,3365,-2426
109000189,6000,4193,1807
109000190,1292,381,911
109000191,382,1359,-977
109000192,1333,68,1265
109000193,709,48,661
109000194,661,29,632
109000195,553,39,514
109000196,414,23,391
109000197,657,122,535
109000198,587,56,531
109000199,657,163,494
109000206,294,6,288
109000207,437,8,429
109000208,165,163,2
109000209,329,61,268
109000210,374,230,144
109000211,3273,318,2955
109000214,744,99,645
109000215,231,54,177
109000216,509,545,-36
109000217,199,226,-27
109000218,402,357,45
109000221,204,239,-35
109000222,969,157,812
109000223,1375,578,797
109000224,250,46,204
109000225,431,11,420
109000226,221,112,109
109000227,4148,325,3823
109000228,1,458,-457
109000231,4,107,-103
109000232,2179,118,2061
109000236,325,340,-15
109000241,2512,446,2066
109000242,1980,306,1674
109000293,170,183,-13
109000361,265,92,173
109000364,136,790,-654
109000396,20,174,-154
109000397,1286,35,1251
109000399,230,211,19
109000400,117,124,-7
109000403,13,1940,-1927
109000406,1846,2,1844
109000407,236,74,162
109000408,1,229,-228
109000410,1536,169,1367
109000411,761,38,723
109900001,305,0,305
109900002,1659,5,1654
109900003,1310,2,1308
109900004,277,90,187
109900005,69,19,50
109900006,1668,64,1604
109900007,3119,107,3012
109900008,0,1,-1
109900009,278,308,-30
109900010,1408,89,1319
109900011,33,23,10
109900012,745,232,513
109900013,864,166,698
109900014,301,84,217
109900015,187,49,138
109900016,124,27,97
109900017,359,102,257
109900018,290,21,269
109900019,269,69,200
109900020,134,16,118
109900021,136,8,128
109900022,156,102,54
109900023,28,5,23
109900024,15,2,13
109900025,12,178,-166
109900026,1,84,-83
109900027,52,39,13
109900028,487,5166,-4679
109900029,1,111,-110
109900030,105,2,103
109900031,1,986,-985
109900032,37,95,-58
109900033,1,274,-273
109900034,12,0,12
109900035,324,190,134
109900036,94,775,-681
109900037,15,200,-185
109900038,118,111,7
109900039,7,0,7
109900040,11,146,-135
109900041,127,354,-227
109900042,26,2060,-2034
109900044,137,788,-651
109900045,88,12,76
109900046,121,74,47
109900047,253,277,-24
109900048,5,58,-53
109900049,85,40,45
109900050,0,3,-3
109900051,0,3,-3
109900052,74,707,-633
109900053,0,31,-31
109900054,2348,115,2233
109900055,325,175,150
109900056,313,538,-225
109900057,3,51,-48
109900058,0,12,-12
109900059,2814,52,2762
109900060,1974,68,1906
109900061,154,58,96
109900062,2,72,-70
109900063,9,551,-542
109900064,1293,60,1233
109900065,72,45,27
109900066,684,238,446
109900067,1,102,-101
109900068,198,10,188
109900069,2,23,-21
109900070,28,36,-8
109900071,1,11,-10
109900072,7,27,-20
109900073,1236,187,1049
109900074,3,13,-10
109900075,91,188,-97
109900076,38,43,-5
109900077,23,16,7
109900078,213,27,186
109900080,147,94,53
109900081,1,223,-222
109900082,102,103,-1
109900083,8,8,0
109900084,76,172,-96
109900085,61,141,-80
109900086,193,1729,-1536
109900087,35,252,-217
109900089,1253,133,1120
109900090,182,318,-136
109900091,1077,502,575
109900092,459,344,115
109900093,2043,146,1897
109900094,96,52,44
109900095,58,52,6
109900096,177,5,172
109900097,355,2,353
109900098,1400,74,1326
109900099,875,2,873
109900100,169,2,167
109900101,2024,10,2014
109900102,1164,29,1135
109900103,73,123,-50
109900104,2344,69,2275
109900105,1158,19,1139
109900106,741,25,716
109900107,1678,40,1638
109900108,268,148,120
109900109,45,63,-18
109900110,101,133,-32
109900111,84,238,-154
109900112,133,147,-14
109900113,1262,454,808
109900114,345,1453,-1108
109900115,333,149,184
109900117,3217,72,3145
109900118,188,117,71
109900119,147,183,-36
109900120,129,12,117
109900121,282,93,189
109900122,2124,4,2120
109900123,18,39,-21
109900124,52,81,-29
109900125,0,93,-93
109900126,1064,19,1045
109900128,709,56,653
109900130,3080,6189,-3109
109900131,11,40,-29
109900132,21,40,-19
109900133,132,123,9
109900134,110,116,-6
109900135,463,19,444
109900136,115,61,54
109900137,504,128,376
109900140,141,103,38
109900142,4952,484,4468
109900145,7,880,-873
109900146,162,55,107
109900148,1,38,-37
109900149,7,11,-4
109900150,1,45,-44
109900151,4,18,-14
109900152,0,4,-4
109900153,0,22,-22
109900154,22,3,19
109900155,57,29,28
109900157,141,61,80
109900158,88,27,61
109900159,96,17,79
109900160,276,19,257
109900161,725,29,696
109900162,457,27,430
109900163,277,118,159
109900164,74,132,-58
109900165,418,1,417
109900166,5,638,-633
109900167,189,214,-25
109900168,109,265,-156
109900169,427,122,305
109900170,547,2852,-2305
109900171,868,154,714
109900172,835,765,70
109900173,2455,4219,-1764
109900174,88,73,15
109900175,250,654,-404
109900176,279,86,193
109900177,54,58,-4
109900178,1,275,-274
109900179,2,30,-28
109900180,5,15,-10
110000001,1053,190,863
110000002,762,460,302
110000003,804,675,129
110000004,319,492,-173
110000005,258,3050,-2792
110000006,583,301,282
110000007,214,51,163
110000008,36,545,-509
110000009,152,8,144
110000010,65,203,-138
110000011,129,41,88
110000012,976,123,853
110000013,66,928,-862
110000014,779,429,350
110000015,154,794,-640
110000016,439,1885,-1446
110000017,2762,284,2478
110000018,3088,645,2443
110000019,16,44,-28
110000020,942,474,468
110000021,152,248,-96
110000022,2536,109,2427
110000023,4,63,-59
110000024,1134,215,919
110000025,2770,7,2763
110000026,1,122,-121
110000027,702,1267,-565
110000028,1596,195,1401
110000029,1095,310,785
110000030,650,523,127
110000031,807,246,561
110000032,1751,80,1671
110000033,478,278,200
110000034,1556,365,1191
110000035,1567,439,1128
110000036,2722,449,2273
110000037,864,235,629
110000038,567,1362,-795
110000039,1504,11992,-10488
110000040,546,331,215
110000041,412,4047,-3635
110000042,129,480,-351
110000043,854,541,313
110000044,31,520,-489
110000045,148,99,49
110000046,1,132,-131
110000047,5,60,-55
110000048,7,133,-126
110000049,8,24,-16
110000050,2,146,-144
110000051,8,37,-29
110000052,73,36,37
110000053,11,17,-6
110000054,125,2017,-1892
110000055,238,428,-190
110000056,104,304,-200
110000057,638,213,425
110000058,3169,405,2764
110000059,1304,566,738
110000060,1649,749,900
110000061,726,480,246
110000062,670,570,100
110000063,83,554,-471
110000064,326,19,307
110000065,237,312,-75
110000066,154,8,146
110000067,167,118,49
110000068,903,76,827
110000069,1514,29,1485
110000071,1604,16,1588
110000073,57,2,55
110000075,49,172,-123
110000076,733,1018,-285
110000077,281,2702,-2421
110000078,226,14,212
110000080,162,356,-194
110000081,78,657,-579
110000082,68,865,-797
110000083,322,307,15
110000084,2384,2166,218
110000085,862,2245,-1383
110000086,872,2824,-1952
110000087,41,48,-7
110000088,246,457,-211
110000089,947,46,901
110000090,176,1321,-1145
110000091,729,226,503
110000092,18,45,-27
110000093,88,31,57
110000094,741,147,594
110000095,173,802,-629
110000096,1186,3788,-2602
110000097,1063,2156,-1093
110000098,3235,677,2558
110000099,1913,1696,217
110000100,3938,86,3852
110000101,528,113,415
110000102,186,86,100
110000104,750,402,348
110000105,72,943,-871
110000106,1068,696,372
110000107,150,319,-169
110000108,209,262,-53
110000109,482,177,305
110000110,1700,3899,-2199
110000111,3651,3522,129
110000112,180,1327,-1147
110000113,75,4498,-4423
110000114,1270,1083,187
110000115,1688,176,1512
110000116,119,165,-46
110000117,1374,198,1176
110000118,1574,141,1433
110000119,1445,111,1334
110000120,804,157,647
110000121,149,811,-662
110000122,504,115,389
110000123,859,258,601
110000124,1,525,-524
110000125,1720,5,1715
110000126,449,50,399
110000127,2037,123,1914
110000128,30,450,-420
110000129,1,147,-146
110000130,469,385,84
110000131,83,53,30
110000132,1,219,-218
110000133,38,600,-562
110000134,66,391,-325
110000135,402,12,390
110000136,121,96,25
110000137,1687,119,1568
110000138,1953,200,1753
110000139,2580,324,2256
110000140,1107,1117,-10
110000143,1315,456,859
110000144,1957,1699,258
110000145,2064,1353,711
110000146,1452,774,678
110000147,369,1207,-838
110000148,1154,313,841
110000151,688,1358,-670
110000152,376,577,-201
110000153,1137,49,1088
110000154,137,83,54
110000155,829,1640,-811
110000156,1213,942,271
110000157,1444,2330,-886
110000160,684,298,386
110000161,345,323,22
110000166,2061,54,2007
110000167,3454,1047,2407
110000168,877,1556,-679
110000169,1032,867,165
110000170,388,295,93
110000171,881,155,726
110000172,538,370,168
110000173,507,452,55
110000174,197,184,13
110000175,2546,354,2192
110000176,107,2241,-2134
110000177,359,3110,-2751
110000178,457,5461,-5004
110000179,1876,450,1426
110000180,1252,351,901
110000181,2212,266,1946
110000182,1130,111,1019
110000183,6546,11463,-4917
110000184,374,5155,-4781
110000185,522,877,-355
110000186,583,2010,-1427
110000191,2214,111,2103
110000192,1698,29,1669
110000193,2388,10,2378
110000194,1,1548,-1547
110000195,1036,68,968
110000196,1494,114,1380
110000197,267,34,233
110000198,111,51,60
110000199,191,445,-254
110000200,846,2659,-1813
110000201,1611,4173,-2562
110000202,1596,444,1152
110000203,403,616,-213
110000204,5,107,-102
110000205,658,74,584
110000206,349,377,-28
110000207,3106,173,2933
110000208,302,394,-92
110000209,57,288,-231
110000210,2114,705,1409
110000211,1043,618,425
110000212,1001,2163,-1162
110000213,963,28,935
110000214,1005,59,946
110000215,286,86,200
110000216,289,90,199
110000217,1216,56,1160
110000218,459,70,389
110000219,792,32,760
110000220,81,57,24
110000221,1002,26,976
110000222,55,65,-10
110000223,51,71,-20
110000224,2,7,-5
110000225,316,757,-441
110000226,666,94,572
110000227,1180,1381,-201
110000228,575,114,461
110000229,1,72,-71
110000230,717,598,119
110000231,440,964,-524
110000232,240,385,-145
110000233,223,1410,-1187
110000234,460,693,-233
110000235,1357,1049,308
110000236,1214,811,403
110000237,3688,1848,1840
110000238,1436,763,673
110000239,3325,803,2522
110000240,0,30,-30
110000242,0,14,-14
110000243,506,132,374
110000244,95,502,-407
110000245,40,399,-359
110000246,2395,984,1411
110000247,1671,2949,-1278
110000248,1402,860,542
110000249,336,16,320
110000250,18,262,-244
110000251,755,253,502
110000252,1007,292,715
110000253,3755,379,3376
110000254,1624,369,1255
110000255,274,383,-109
110000256,778,297,481
110000257,324,368,-44
110000258,8,619,-611
110000259,638,29,609
110000260,171,80,91
110000263,1192,35,1157
110000264,1404,338,1066
110000265,1791,1615,176
110000266,1322,1769,-447
110000267,51,52,-1
110000268,450,114,336
110000269,1,68,-67
110000270,231,2,229
110000271,1757,237,1520
110000272,1631,1632,-1
110000273,2353,1002,1351
110000274,724,5864,-5140
110000275,2355,1442,913
110000276,409,1833,-1424
110000277,871,1671,-800
110000278,893,1271,-378
110000279,1310,430,880
110000280,1174,543,631
110000281,136,116,20
110000282,156,40,116
110000283,15,72,-57
110000284,14,18,-4
110000285,0,174,-174
110000286,61,0,61
110000287,337,140,197
110000288,0,263,-263
110000289,565,4392,-3827
110000290,278,1410,-1132
110000291,3784,956,2828
110000292,1208,13160,-11952
110000293,1132,717,415
110000294,2419,4045,-1626
110000295,265,592,-327
110000296,1424,373,1051
110000297,4456,179,4277
110000298,146,526,-380
110000299,238,63,175
110000301,599,39,560
110000302,1141,4088,-2947
110000303,1230,72,1158
110000304,525,699,-174
110000305,2491,91,2400
110000306,728,703,25
110000307,6018,28,5990
110000308,1387,58,1329
110000309,2,1175,-1173
110000310,1887,48,1839
110000311,3,353,-350
110000312,1009,52,957
110000313,3764,1387,2377
110000314,0,111,-111
110000315,2123,1454,669
110000316,647,1172,-525
110000317,328,1513,-1185
110000318,0,168,-168
110000319,28,28,0
110000320,20,86,-66
110000321,95,128,-33
110000322,273,784,-511
110000323,1558,232,1326
110000324,2585,1230,1355
110000325,1805,7934,-6129
110000327,972,454,518
110000328,59,601,-542
110000333,2033,2632,-599
110000334,418,2487,-2069
110000335,1094,357,737
110000336,682,2156,-1474
110000337,3125,1119,2006
110000338,579,2015,-1436
110000339,1052,276,776
110000340,71,339,-268
110000341,1087,322,765
110000342,194,20,174
110000343,0,22,-22
110000344,90,2075,-1985
110000345,169,2843,-2674
110000346,2019,2657,-638
110000347,1901,716,1185
110000348,12,2,10
110000349,2,0,2
110000350,235,0,235
110000351,2589,343,2246
110000352,1157,2772,-1615
110000353,3312,352,2960
110000354,2016,7526,-5510
110000355,428,46,382
110000356,696,27,669
110000357,1567,13,1554
110000361,275,14,261
110000362,547,32,515
110000363,1528,55,1473
110000364,692,262,430
110000365,150,5,145
110000366,0,358,-358
110000367,1181,243,938
110000368,29,111,-82
110000369,139,41,98
110000373,4,1338,-1334
110000374,150,55,95
110000375,304,1102,-798
110000376,29,81,-52
110000377,139,347,-208
110000378,34,470,-436
110000379,2429,3632,-1203
110000380,340,4,336
110000383,2,483,-481
110000384,1515,83,1432
110000385,0,80,-80
110000387,595,2,593
110000388,157,113,44
110000389,1606,72,1534
110000391,1566,1298,268
110000396,590,232,358
110000397,145,50,95
110000398,9,29,-20
110000399,589,29,560
110000587,323,612,-289
110000589,330,109,221
110000640,390,11,379
110000652,8,491,-483
110000653,901,270,631
110000654,8,208,-200
110000656,0,248,-248
110000674,113,5,108
110000675,11,14,-3
110000676,0,48,-48
110000679,128,1283,-1155
110000682,260,285,-25
110000683,425,110,315
110000684,0,35,-35
110000685,9,46,-37
110000686,2,270,-268
110000687,17,4,13
110000688,63,1858,-1795
110000689,7,2,5
110000692,12,182,-170
110000693,22,368,-346
110000694,1,135,-134
110000695,150,1090,-940
110000696,248,19,229
110900001,652,54,598
110900002,491,166,325
110900003,3466,145,3321
110900004,1291,30,1261
110900005,1144,9989,-8845
110900006,182,121,61
110900007,644,341,303
110900008,7,5,2
110900009,556,1505,-949
110900010,8,1,7
110900011,13,33,-20
110900012,6,21,-15
110900013,2233,81,2152
110900014,622,84,538
110900015,250,678,-428
110900016,116,45,71
110900017,1066,32,1034
110900018,809,7,802
110900019,1131,26,1105
110900020,649,67,582
110900021,241,166,75
110900022,49,81,-32
110900023,77,201,-124
110900024,267,102,165
110900025,15,63,-48
110900027,216,53,163
110900028,32,48,-16
110900029,34,74,-40
110900030,33,63,-30
110900031,7,85,-78
110900032,0,31,-31
110900033,42,92,-50
110900035,50,515,-465
110900036,231,3,228
110900037,358,3,355
110900038,440,244,196
110900039,1,258,-257
110900040,556,6,550
110900041,15,34,-19
110900042,290,108,182
110900043,0,34,-34
110900044,298,41,257
110900045,340,178,162
110900046,7,87,-80
110900047,140,1091,-951
110900049,272,50,222
110900050,114,0,114
110900051,86,44,42
110900052,4,811,-807
110900053,591,27,564
110900054,49,835,-786
110900055,47,1,46
110900056,99,50,49
110900057,8,235,-227
110900058,800,59,741
110900059,524,378,146
110900060,450,58,392
110900061,22,26,-4
110900062,404,86,318
110900063,46,78,-32
110900064,25,0,25
110900065,35,65,-30
110900066,6,74,-68
110900067,103,936,-833
110900068,1708,51,1657
110900069,6,1,5
110900071,128,2226,-2098
110900073,0,1,-1
110900074,1490,108,1382
110900075,1355,98,1257
110900077,3286,374,2912
110900078,399,30,369
110900079,800,1095,-295
110900080,383,88,295
110900081,21,3,18
110900082,534,28,506
110900083,292,23,269
110900084,424,11,413
110900085,52,74,-22
110900086,86,333,-247
110900087,748,525,223
110900088,10,3,7
110900090,102,221,-119
110900091,0,25,-25
110900093,296,79,217
110900095,100,29,71
110900097,73,8,65
110900098,48,27,21
110900099,36,109,-73
110900100,0,21,-21
110900102,150,55,95
110900105,1333,57,1276
110900108,45,16,29
110900111,2350,66,2284
110900112,859,3,856
110900113,699,175,524
110900115,5,21,-16
110900116,3300,864,2436
110900118,88,6686,-6598
110900119,1805,107,1698
110900120,429,74,355
110900121,129,1,128
110900122,690,133,557
110900125,386,1827,-1441
110900127,470,1562,-1092
110900128,21,157,-136
110900129,149,1217,-1068
110900130,147,287,-140
110900131,810,1594,-784
110900132,1165,58,1107
110900133,132,1813,-1681
110900135,92,126,-34
110900136,571,53,518
110900137,1,0,1
110900138,219,447,-228
110900139,1,50,-49
110900140,5,1,4
110900141,17,330,-313
110900142,84,90,-6
110900143,566,14,552
110900144,2,136,-134
110900145,559,228,331
110900146,130,860,-730
110900147,428,622,-194
110900148,0,541,-541
110900149,2,28,-26
110900150,59,19,40
110900151,6,55,-49
110900152,45,62,-17
110900153,315,29,286
111000001,2035,902,1133
111000002,776,552,224
111000003,4377,2033,2344
111000004,900,941,-41
111000005,1442,2481,-1039
111000006,839,2261,-1422
111000007,5196,8501,-3305
111000008,3648,6193,-2545
111000009,414,911,-497
111000010,3100,650,2450
111000011,127,780,-653
111000012,592,634,-42
111000013,646,1760,-1114
111000014,3838,1093,2745
111000017,26,738,-712
111000018,243,369,-126
111000020,474,1284,-810
111000021,43,102,-59
111000023,102,644,-542
111000025,3594,6311,-2717
111000029,122,105,17
111000030,25,47,-22
111000031,1995,1083,912
111000032,956,1450,-494
111000033,404,40,364
111000034,113,140,-27
111000037,1191,315,876
111000038,2451,1187,1264
111000039,2781,891,1890
111000040,2365,640,1725
111000041,732,518,214
111000042,2308,2446,-138
111000043,2145,9365,-7220
111000044,2614,557,2057
111000045,5385,1100,4285
111000046,4583,978,3605
111000047,3895,9251,-5356
111000049,793,188,605
111000050,1673,418,1255
111000051,1029,854,175
111000052,799,2355,-1556
111000053,291,312,-21
111000054,309,502,-193
111000055,726,2437,-1711
111000056,287,2682,-2395
111000057,164,171,-7
111000058,1577,160,1417
111000059,1253,668,585
111000060,9074,1289,7785
111000061,1521,291,1230
111000062,1698,720,978
111000063,1508,1771,-263
111000064,1616,295,1321
111000065,2101,443,1658
111000066,1566,184,1382
111000067,2861,263,2598
111000068,1566,245,1321
111000069,1776,1909,-133
111000070,655,391,264
111000071,572,170,402
111000072,2503,1028,1475
111000073,230,2213,-1983
111000074,3198,1905,1293
111000075,1054,397,657
111000076,1336,700,636
111000077,1400,600,800
111000078,2274,492,1782
111000079,1240,624,616
111000080,1009,544,465
111000081,1670,10330,-8660
111000082,1497,343,1154
111000084,1243,258,985
111000085,1931,860,1071
111000086,2642,1015,1627
111000087,1019,484,535
111000088,4828,7301,-2473
111000089,1592,517,1075
111000090,709,624,85
111000091,1043,245,798
111000092,3588,734,2854
111000093,1753,2882,-1129
111000094,2852,1224,1628
111000095,1536,4112,-2576
111000096,1301,11554,-10253
111000097,2316,758,1558
111000098,348,537,-189
111000099,751,936,-185
111000100,1011,807,204
111000101,474,496,-22
111000102,625,286,339
111000104,1960,149,1811
111000107,173,273,-100
111000109,1627,280,1347
111000110,2371,603,1768
111000111,7574,194,7380
111000112,3863,419,3444
111000113,1200,4164,-2964
111000114,1804,9302,-7498
111000115,3146,967,2179
111000116,961,493,468
111000117,277,1045,-768
111000118,903,1540,-637
111000119,2835,351,2484
111000120,1041,723,318
111000121,411,1016,-605
111000122,684,445,239
111000123,2359,1019,1340
111000124,898,1352,-454
111000125,570,1683,-1113
111000126,152,433,-281
111000127,2598,147,2451
111000128,5858,294,5564
111000129,6438,301,6137
111000130,6134,358,5776
111000131,5491,395,5096
111000132,3785,3263,522
111000133,171,61,110
111000134,212,19,193
111000135,153,164,-11
111000136,558,197,361
111000138,158,4,154
111000140,0,2,-2
111000141,193,349,-156
111000142,1,75,-74
111000143,9,197,-188
111000144,9,405,-396
111000145,58,4,54
111000146,213,9,204
111000147,98,25,73
111000148,233,105,128
111000149,1,24,-23
111000150,249,7,242
111000151,4,284,-280
111000153,522,253,269
111000154,408,118,290
111000155,363,77,286
111000156,844,217,627
111000157,466,385,81
111000158,1797,621,1176
111000159,2688,776,1912
111000160,942,98,844
111000161,10,252,-242
111000162,3,38,-35
111000163,1904,826,1078
111000164,435,3323,-2888
111000165,741,180,561
111000166,351,78,273
111000167,139,243,-104
111000168,229,216,13
111000169,581,135,446
111000170,411,245,166
111000171,825,235,590
111000172,481,324,157
111000173,383,353,30
111000174,774,94,680
111000175,34,746,-712
111000176,1511,29,1482
111000177,2578,90,2488
111000178,3382,154,3228
111000179,580,43,537
111000180,317,191,126
111000181,3665,231,3434
111000182,428,422,6
111000183,343,2334,-1991
111000184,573,71,502
111000185,428,775,-347
111000186,274,1926,-1652
111000187,338,107,231
111000188,566,502,64
111000189,248,194,54
111000190,475,95,380
111000191,431,187,244
111000192,277,213,64
111000193,408,123,285
111000194,81,247,-166
111000195,346,588,-242
111000196,215,75,140
111000197,1522,87,1435
111000198,1014,72,942
111000199,811,461,350
111000200,1434,967,467
111000201,1976,57,1919
111000202,907,118,789
111000203,756,346,410
111000204,306,2924,-2618
111000213,475,244,231
111000214,1658,1219,439
111000215,1593,626,967
111000217,2928,455,2473
111000218,3684,947,2737
111000219,425,91,334
111000220,1027,654,373
111000221,188,142,46
111000224,13,206,-193
111000225,501,630,-129
111000226,586,7,579
111000227,7,3,4
111000228,10,1102,-1092
111000229,19,2522,-2503
111000230,304,107,197
111000231,1774,265,1509
111000232,1893,2573,-680
111000233,3378,307,3071
111000234,346,710,-364
111000239,103,43,60
111000240,92,845,-753
111000241,107,156,-49
111000242,708,92,616
111000243,407,742,-335
111000244,2405,739,1666
111000245,1019,862,157
111000246,1211,88,1123
111000247,1145,530,615
111000248,1196,153,1043
111000249,701,142,559
111000250,189,24,165
111000251,182,68,114
111000253,44,14,30
111000255,115,5,110
111000257,116,11,105
111000260,205,492,-287
111000261,3842,82,3760
111000271,157,338,-181
111000273,2487,816,1671
111000274,1469,3650,-2181
111000275,186,12,174
111000276,454,591,-137
111000277,435,197,238
111000278,487,124,363
111000291,1884,23347,-21463
111000298,906,149,757
111000299,1447,158,1289
111000300,131,287,-156
111000302,569,26,543
111000303,306,64,242
111000312,167,55,112
111000315,5,58,-53
111000320,377,215,162
111000321,607,246,361
111000322,1295,168,1127
111000323,687,105,582
111000324,227,100,127
111000325,75,40,35
111000326,428,240,188
111000327,528,286,242
111000328,559,656,-97
111000329,2,29,-27
111000330,503,15,488
111000331,103,9,94
111000332,397,665,-268
111000334,179,765,-586
111000335,2449,561,1888
111000337,4515,211,4304
111000338,325,66,259
111000339,1854,109,1745
111000340,138,1859,-1721
111000341,3895,2563,1332
111000342,46,805,-759
111000344,1827,325,1502
111000345,121,121,0
111000346,27,104,-77
111000347,414,16,398
111000350,310,128,182
111000351,231,753,-522
111000352,287,86,201
111000353,154,212,-58
111000354,937,165,772
111000355,827,417,410
111000358,175,421,-246
111000360,306,123,183
111000361,336,113,223
111000546,2237,489,1748
111000547,1018,943,75
111000548,682,144,538
111000549,531,127,404
111000550,22,1907,-1885
111000551,290,72,218
111000552,913,254,659
111000907,3883,37,3846
111000908,113,2,111
111000916,6235,444,5791
111000917,127,500,-373
111000918,349,220,129
111000920,2166,9,2157
111000921,2,47,-45
111000922,2388,88,2300
111000924,105,204,-99
111000925,7477,3338,4139
111000926,1926,3085,-1159
111000927,1967,7053,-5086
111000928,5052,2338,2714
111000929,2605,1414,1191
111000930,2215,6225,-4010
111000931,2467,1020,1447
111000932,3139,1630,1509
111000933,3249,3865,-616
111000934,1988,1179,809
111000935,4783,1346,3437
111000936,2340,943,1397
111000937,1878,1500,378
111000938,2487,1182,1305
111000939,1764,33,1731
111000940,2592,33,2559
111000941,831,254,577
111000943,1164,111,1053
111000944,404,156,248
111000945,415,1863,-1448
111001109,797,1640,-843
111001110,296,279,17
111001111,508,16,492
111001112,118,3,115
111001113,2,304,-302
111001114,848,101,747
111001115,8,718,-710
111001116,3128,10828,-7700
111001117,287,4826,-4539
111001120,123,203,-80
111001121,438,54,384
111001122,456,70,386
111001123,719,88,631
111001124,147,56,91
111001125,1,265,-264
111900001,79,17,62
111900002,278,113,165
111900003,14,116,-102
111900004,14,34,-20
111900006,103,172,-69
111900007,806,4,802
111900008,904,2,902
111900009,865,63,802
111900010,44,130,-86
111900012,33,21,12
111900013,162,7,155
111900014,1918,12349,-10431
111900015,0,19,-19
111900016,0,25,-25
111900017,0,21,-21
111900018,276,3,273
111900019,2,101,-99
111900020,0,9,-9
111900021,7,13,-6
111900022,5,19,-14
111900023,49,26,23
111900024,154,378,-224
111900025,0,49,-49
111900026,0,28,-28
111900027,0,40,-40
111900028,13,38,-25
111900029,2,13,-11
111900030,25,254,-229
111900031,35,79,-44
111900032,0,53,-53
111900033,19,8,11
111900034,24,194,-170
111900035,118,1689,-1571
111900036,0,92,-92
111900038,56,133,-77
111900039,20,443,-423
111900040,0,114,-114
111900042,11,118,-107
111900043,2,119,-117
111900044,50,99,-49
111900046,5,46,-41
111900048,983,988,-5
111900049,5,43,-38
111900050,442,16,426
111900051,4,74,-70
111900052,111,71,40
111900053,454,4165,-3711
111900054,843,1,842
111900055,5,78,-73
111900056,70,499,-429
111900057,513,3,510
111900058,1973,301,1672
111900059,1068,1446,-378
111900060,1073,6,1067
111900061,1,35,-34
111900062,122,687,-565
111900063,649,82,567
111900064,29,58,-29
111900065,383,59,324
111900066,230,140,90
111900067,2,127,-125
111900068,101,166,-65
111900069,192,42,150
111900070,385,49,336
111900071,0,71,-71
111900072,61,98,-37
111900073,2815,311,2504
111900074,6,103,-97
111900075,77,10,67
111900076,895,148,747
111900077,67,1,66
111900078,1037,129,908
111900079,62,90,-28
111900080,91,220,-129
111900082,497,75,422
111900083,611,101,510
111900084,355,36,319
111900085,43,94,-51
111900086,261,20,241
111900087,252,12,240
111900088,1809,40,1769
111900089,124,3,121
111900090,49,180,-131
111900091,1725,15,1710
111900092,356,1,355
111900093,1337,36,1301
111900094,292,3,289
111900095,932,63,869
111900096,472,8,464
111900097,255,1,254
111900098,1176,33,1143
111900099,132,0,132
111900100,250,8,242
111900101,606,9,597
111900102,1676,1596,80
111900103,52,85,-33
111900104,152,18,134
111900105,106,396,-290
111900106,221,15,206
111900110,3727,168,3559
111900111,657,85,572
111900112,205,8887,-8682
111900113,444,88,356
111900118,1111,111,1000
111900119,310,159,151
111900122,28,75,-47
111900123,9,25,-16
111900124,34,35,-1
111900125,1815,177,1638
111900126,1568,1,1567
111900127,2,131,-129
111900128,54,145,-91
111900129,737,13,724
111900130,340,73,267
111900131,1452,1,1451
111900132,32,346,-314
111900133,3,190,-187
111900134,10,61,-51
111900135,4,20,-16
111900136,40,139,-99
111900137,21,8,13
111900138,5,33,-28
111900139,38,26,12
111900140,197,11,186
111900141,152,4,148
111900142,140,0,140
111900143,293,130,163
111900144,117,74,43
111900145,1,148,-147
111900146,0,55,-55
111900147,7,211,-204
111900148,13,612,-599
111900149,5,188,-183
111900150,10,38,-28
111900151,1,23,-22
111900152,97,26,71
111900153,428,605,-177
111900154,34,1498,-1464
111900155,72,339,-267
111900156,79,67,12
111900157,261,20,241
111900158,970,127,843
111900159,1044,155,889
111900160,856,7,849
111900161,1000,11,989
111900162,173,743,-570
111900163,30,58,-28
111900164,232,50,182
111901113,1932,73,1859
111901114,738,2644,-1906
111901115,659,4,655
111901116,58,9,49
111901117,29,161,-132
111901118,20,1291,-1271
111901119,203,15,188
111901121,10,39,-29
111901122,8,81,-73
111901123,1237,64,1173
111901124,725,19,706
111901125,2417,299,2118
111901127,2857,3191,-334
111901128,10,30,-20
111901129,0,95,-95
111901130,2,214,-212
111901131,0,69,-69
111901132,97,41,56
111901133,273,5,268
111901134,426,1,425
111901135,109,3,106
111901136,88,13,75
111901137,3,33,-30
111901138,10,20,-10
111901139,1,21,-20
111901140,9,35,-26
111901141,3,48,-45
111901142,1,31,-30
111901143,0,62,-62
111901144,61,41,20
111901145,57,617,-560
111901146,50,8,42
112000001,4339,935,3404
112000002,1188,2330,-1142
112000003,7554,1387,6167
112000004,2081,543,1538
112000005,5922,5771,151
112000006,838,524,314
112000007,7274,4601,2673
112000008,5735,5420,315
112000009,2962,1024,1938
112000010,6570,6125,445
112000011,1649,871,778
112000012,3983,4985,-1002
112000013,1260,1808,-548
112000014,843,3973,-3130
112000015,1238,2914,-1676
112000016,2929,5268,-2339
112000017,495,5038,-4543
112000024,434,146,288
112000026,2382,1005,1377
112000027,686,565,121
112000028,611,736,-125
112000029,885,904,-19
112000030,184,18,166
112000031,1081,4225,-3144
112000032,104,7,97
112000033,2148,4545,-2397
112000034,93,19,74
112000035,66,938,-872
112000036,148,1347,-1199
112000037,801,3805,-3004
112000038,1097,1860,-763
112000039,245,60,185
112000040,32,217,-185
112000041,454,355,99
112000042,615,99,516
112000050,1538,678,860
112000051,1500,4003,-2503
112000054,1331,1167,164
112000057,754,139,615
112000058,446,282,164
112000059,555,413,142
112000061,2833,426,2407
112000062,509,1158,-649
112000063,187,3599,-3412
112000064,2857,1959,898
112000065,863,1007,-144
112000066,3525,1191,2334
112000067,497,420,77
112000068,3987,2112,1875
112000069,568,1987,-1419
112000070,1745,892,853
112000071,1684,1384,300
112000072,4738,751,3987
112000073,1553,1878,-325
112000074,1148,1057,91
112000075,1763,1472,291
112000076,4178,2363,1815
112000077,1984,527,1457
112000078,3807,775,3032
112000079,3548,1340,2208
112000080,1452,653,799
112000081,1346,1168,178
112000082,2037,348,1689
112000083,1646,553,1093
112000084,1750,360,1390
112000085,2641,348,2293
112000086,3829,543,3286
112000087,1479,126,1353
112000088,1656,203,1453
112000089,490,252,238
112000090,315,258,57
112000091,893,301,592
112000092,3743,548,3195
112000093,2232,368,1864
112000094,932,351,581
112000095,1382,225,1157
112000096,1204,350,854
112000097,5148,384,4764
112000098,604,411,193
112000099,1224,2752,-1528
112000100,4932,691,4241
112000101,1269,469,800
112000102,3702,268,3434
112000103,638,338,300
112000105,646,385,261
112000106,5128,270,4858
112000107,110,143,-33
112000108,1597,525,1072
112000109,120,34,86
112000110,3925,658,3267
112000111,712,1493,-781
112000112,3602,239,3363
112000113,1441,1731,-290
112000114,4258,602,3656
112000115,718,253,465
112000116,1107,398,709
112000117,2056,435,1621
112000118,623,504,119
112000119,768,277,491
112000120,78,68,10
112000121,591,160,431
112000122,968,46,922
112000123,1644,40,1604
112000124,911,66,845
112000125,605,362,243
112000126,1832,148,1684
112000127,2364,2422,-58
112000128,887,695,192
112000129,361,71,290
112000130,724,93,631
112000131,50,51,-1
112000132,362,100,262
112000133,1044,57,987
112000134,1140,178,962
112000135,2176,1722,454
112000136,1386,5051,-3665
112000137,2869,3614,-745
112000138,1802,978,824
112000139,628,664,-36
112000140,206,356,-150
112000141,1907,345,1562
112000142,239,292,-53
112000143,2644,158,2486
112000144,428,595,-167
112000145,4957,331,4626
112000146,1187,529,658
112000147,3307,1435,1872
112000148,1064,618,446
112000149,1577,505,1072
112000150,867,189,678
112000151,991,187,804
112000152,1417,210,1207
112000153,1005,114,891
112000154,274,847,-573
112000155,95,84,11
112000157,317,838,-521
112000158,469,127,342
112000159,2588,274,2314
112000167,558,344,214
112000169,144,1043,-899
112000173,2695,146,2549
112000175,1351,307,1044
112000176,692,881,-189
112000177,2328,532,1796
112000178,94,118,-24
112000179,638,169,469
112000180,609,133,476
112000181,1229,440,789
112000182,3887,290,3597
112000183,91,10,81
112000184,989,227,762
112000185,2198,139,2059
112000187,5988,5064,924
112000195,446,6,440
112000196,182,0,182
112000197,148,76,72
112000198,26,268,-242
112000199,494,400,94
112000202,1941,37,1904
112000216,37,122,-85
112000230,376,2,374
112000231,2,51,-49
112000256,101,462,-361
112000313,253,21,232
112000314,111,91,20
112000337,447,671,-224
112000352,209,337,-128
112000392,2145,453,1692
112000398,4425,487,3938
112000399,1235,6124,-4889
112000400,1535,799,736
112000401,1224,955,269
112000402,5287,5265,22
112000403,1733,9809,-8076
112000404,2691,1484,1207
112000405,5308,2784,2524
112000406,3399,1275,2124
112000407,14244,7659,6585
112000408,5812,1448,4364
112000409,2000,981,1019
112000410,257,266,-9
112000411,1716,2050,-334
112000412,346,217,129
112000413,4010,9834,-5824
112000414,320,29,291
112000415,227,18,209
112000416,6193,753,5440
112000417,336,73,263
112000421,195,69,126
112000422,578,135,443
112000424,928,4843,-3915
112000425,774,259,515
112000426,735,490,245
112000427,1,15,-14
112000428,690,568,122
112000429,2093,1387,706
112000430,2577,3495,-918
112000431,416,183,233
112000432,1149,499,650
112000433,216,272,-56
112000437,92,102,-10
112900001,80,3,77
112900002,1517,189,1328
112900003,44,46,-2
112900004,164,137,27
112900005,606,36,570
112900006,160,77,83
112900007,78,45,33
112900008,0,122,-122
112900009,687,273,414
112900010,620,176,444
112900011,81,114,-33
112900012,0,8,-8
112900013,1,322,-321
112900014,15,46,-31
112900015,47,179,-132
112900016,1,306,-305
112900017,103,163,-60
112900018,2,310,-308
112900019,18,148,-130
112900020,244,281,-37
112900021,3,86,-83
112900022,33,34,-1
112900023,1,65,-64
112900024,20,60,-40
112900025,225,91,134
112900026,0,41,-41
112900027,1,167,-166
112900028,202,43,159
112900029,12,96,-84
112900030,398,34,364
112900031,4,293,-289
112900032,277,84,193
112900034,1,8,-7
112900035,0,87,-87
112900036,19,108,-89
112900037,139,166,-27
112900038,1530,45,1485
112900039,10,120,-110
112900040,4,241,-237
112900041,537,963,-426
112900042,420,125,295
112900043,25,41,-16
112900044,135,114,21
112900045,185,125,60
112900046,19,40,-21
112900047,5,13,-8
112900049,923,15,908
112900050,12,224,-212
112900051,198,193,5
112900052,5,269,-264
112900053,98,416,-318
112900054,109,85,24
112900055,47,16,31
112900056,249,198,51
112900057,75,205,-130
112900058,370,529,-159
112900059,145,135,10
112900060,40,47,-7
112900061,45,60,-15
112900062,145,19,126
112900063,13,35,-22
112900064,30,26,4
112900065,29,14,15
112900066,326,548,-222
112900067,258,51,207
112900068,40,220,-180
112900069,874,1678,-804
112900071,48,18,30
112900072,58,9344,-9286
112900073,496,393,103
112900074,187,774,-587
112900075,715,2583,-1868
112900076,15,31,-16
112900078,265,787,-522
112900079,242,106,136
112900080,465,12,453
112900081,46,842,-796
112900082,601,34,567
112900083,348,331,17
112900084,594,537,57
112900086,320,0,320
112900087,3385,271,3114
112900088,612,4,608
112900089,1370,24,1346
112900090,193,161,32
112900091,736,16,720
112900092,40,1145,-1105
112900093,1609,45,1564
112900095,367,0,367
112900096,1240,317,923
112900097,191,106,85
112900098,180,3,177
112900099,2431,47,2384
112900100,234,5,229
112900101,847,7,840
112900102,86,94,-8
112900103,443,6,437
112900104,298,7,291
112900105,100,0,100
112900106,904,206,698
112900107,19,1,18
112900108,1,0,1
112900109,341,2,339
112900110,3012,35,2977
112900111,1195,6,1189
112900112,589,5,584
112900113,0,2,-2
112900114,1033,11,1022
112900115,5047,4,5043
112900116,202,11,191
112900117,139,16,123
112900118,4,19,-15
112900119,901,8,893
112900120,529,264,265
112900121,60,49,11
112900122,4,29,-25
112900123,967,16,951
112900124,7,7,0
112900125,13,228,-215
112900126,35,63,-28
112900127,1087,45,1042
112900128,50,198,-148
112900129,0,287,-287
112900130,388,79,309
112900131,7,128,-121
112900132,64,710,-646
112900133,30,2002,-1972
112900134,0,233,-233
112900135,144,68,76
112900137,0,205,-205
112900138,2,146,-144
112900139,36,450,-414
112900141,1229,6,1223
112900142,24,513,-489
112900143,0,230,-230
112900144,2,327,-325
112900145,1,175,-174
112900146,3,139,-136
112900147,1,208,-207
112900148,48,1,47
112900149,353,196,157
112900151,2,14,-12
112900152,2927,233,2694
112900153,784,7731,-6947
112900154,0,31,-31
112900155,202,15,187
112900156,1378,216,1162
112900157,1159,12,1147
112900158,139,0,139
112900159,211,519,-308
112900160,21,89,-68
112900161,315,36,279
112900162,3,28,-25
112900163,7,77,-70
112900164,12,163,-151
112900165,49,17,32
112900166,33,100,-67
112900167,12,1430,-1418
112900168,7,0,7
112900169,11,9,2
112900170,212,30,182
112900172,21,39,-18
112900173,144,106,38
112900174,630,26,604
112900175,161,245,-84
112900176,32,98,-66
112900177,380,60,320
112900178,364,4513,-4149
112900179,3,388,-385
112900180,3039,801,2238
112900181,1760,8,1752
112900182,68,294,-226
112900183,19,109,-90
112900184,167,231,-64
112900185,45,312,-267
112900186,802,826,-24
112900187,33,337,-304
112900188,473,1705,-1232
112900189,24,1,23
112900190,11,0,11
112900192,654,433,221
112900193,1015,212,803
112900194,107,2,105
112900195,962,62,900
112900196,314,266,48
112900197,97,279,-182
112900199,1489,124,1365
112900200,922,64,858
112900201,242,213,29
112900202,1313,340,973
112900203,580,70,510
112900204,683,181,502
112900205,10,2,8
112900206,61,29,32
112900207,10,0,10
112900208,60,1022,-962
112900209,96,102,-6
112900210,4,27,-23
112900211,159,6,153
112900212,2,2,0
112900213,75,1,74
112900214,7,16,-9
112900215,5,22,-17
112900216,80,37,43
112900217,1,30,-29
112900218,93,3,90
112900219,277,41,236
112900220,2,0,2
112900221,32,43,-11
112900222,4,963,-959
112900223,1336,48,1288
112900224,1821,129,1692
112900225,1284,126,1158
112900226,68,172,-104
112900227,2251,2195,56
112900228,130,33,97
112900229,734,6,728
112900230,6969,2562,4407
112900232,601,395,206
112900233,152,29,123
112900234,121,0,121
112900235,6,1,5
112900236,1713,9,1704
112900237,1038,116,922
112900238,6,0,6
112900239,362,1545,-1183
113000001,6886,4236,2650
113000002,7557,3373,4184
113000003,2157,1472,685
113000004,2945,1573,1372
113000005,2664,1198,1466
113000006,2549,1271,1278
113000007,3181,1094,2087
113000008,3257,1172,2085
113000009,2025,721,1304
113000010,2587,705,1882
113000011,1125,854,271
113000012,1735,958,777
113000013,547,453,94
113000014,950,1177,-227
113000015,145,199,-54
113000016,285,480,-195
113000017,205,324,-119
113000018,909,23,886
113000019,389,549,-160
113000020,253,73,180
113000021,3536,746,2790
113000022,1529,2884,-1355
113000025,71,222,-151
113000026,1326,645,681
113000027,934,802,132
113000028,921,1113,-192
113000029,623,652,-29
113000030,110,592,-482
113000031,187,181,6
113000032,128,83,45
113000033,236,145,91
113000034,115,65,50
113000035,23,5,18
113000036,14,63,-49
113000037,26,11,15
113000038,8,65,-57
113000039,25,200,-175
113000040,71,21,50
113000042,997,527,470
113000051,2199,3160,-961
113000052,2997,406,2591
113000053,928,341,587
113000054,1274,1178,96
113000055,3516,315,3201
113000056,3332,764,2568
113000058,603,799,-196
113000059,937,236,701
113000060,529,614,-85
113000061,959,934,25
113000062,397,378,19
113000063,788,35,753
113000064,189,217,-28
113000065,289,222,67
113000066,2043,97,1946
113000067,6015,332,5683
113000068,718,354,364
113000069,999,255,744
113000070,5378,339,5039
113000071,923,343,580
113000072,2519,310,2209
113000073,705,810,-105
113000074,1364,481,883
113000075,2535,743,1792
113000076,491,1596,-1105
113000077,498,514,-16
113000078,317,1175,-858
113000079,446,551,-105
113000080,607,706,-99
113000081,1518,2318,-800
113000082,1068,538,530
113000083,776,836,-60
113000084,1525,1000,525
113000085,1377,616,761
113000086,875,2161,-1286
113000087,1672,2099,-427
113000088,1898,1396,502
113000089,824,1323,-499
113000090,83,968,-885
113000091,152,185,-33
113000094,2180,192,1988
113000095,221,359,-138
113000096,93,433,-340
113000097,1239,471,768
113000098,72,90,-18
113000099,1436,612,824
113000100,158,323,-165
113000101,116,373,-257
113000102,857,375,482
113000103,3741,324,3417
113000104,1173,3082,-1909
113000105,1642,471,1171
113000106,752,129,623
113000107,2159,1065,1094
113000108,1359,557,802
113000109,531,1125,-594
113000110,7360,775,6585
113000111,381,410,-29
113000112,1517,320,1197
113000113,2429,291,2138
113000114,147,710,-563
113000116,449,209,240
113000117,480,145,335
113000118,14,1027,-1013
113000119,441,353,88
113000120,92,434,-342
113000121,512,775,-263
113000124,285,112,173
113000125,15,1932,-1917
113000127,971,99,872
113000128,1668,203,1465
113000129,262,1075,-813
113000133,1660,344,1316
113000134,4,2411,-2407
113000135,5293,4968,325
113000137,757,2695,-1938
113000139,265,89,176
113000140,100,72,28
113000141,94,53,41
113000142,233,195,38
113000143,504,65,439
113000144,181,127,54
113000145,115,57,58
113000146,185,23,162
113000147,287,27,260
113000148,423,46,377
113000149,183,176,7
113000150,412,184,228
113000151,17,21,-4
113000152,85,260,-175
113000153,923,174,749
113000154,450,2454,-2004
113000155,345,998,-653
113000156,267,102,165
113000157,430,214,216
113000158,837,71,766
113000159,1271,105,1166
113000160,639,246,393
113000161,551,105,446
113000162,1190,114,1076
113000163,126,21,105
113000164,54,174,-120
113000166,509,21,488
113000167,132,14,118
113000168,311,58,253
113000169,273,20,253
113000170,112,33,79
113000171,14,55,-41
113000172,553,10,543
113000173,87,13,74
113000174,205,126,79
113000175,999,31,968
113000176,1098,54,1044
113000177,196,59,137
113000178,344,86,258
113000179,563,43,520
113000180,1490,1929,-439
113000181,2568,1001,1567
113000182,97,740,-643
113000183,202,780,-578
113000184,23,116,-93
113000189,248,341,-93
113000190,211,91,120
113000192,465,3052,-2587
113000193,1657,2249,-592
113000194,1074,4680,-3606
113000195,1723,2258,-535
113000196,976,89,887
113000197,2253,4076,-1823
113000198,149,462,-313
113000199,2779,640,2139
113000201,1200,354,846
113000202,9676,3105,6571
113000203,215,500,-285
113000204,439,3261,-2822
113000205,8,9,-1
113000206,2,22,-20
113000207,132,18,114
113000208,29,28,1
113000209,3,20,-17
113000210,28,12,16
113000211,50,97,-47
113000212,25,9,16
113000213,30,101,-71
113000214,300,259,41
113000234,397,314,83
113000410,25,210,-185
113000411,1088,1241,-153
113000412,5790,798,4992
113000413,970,1217,-247
113000414,3564,14587,-11023
113000415,2035,1013,1022
113000416,1626,1410,216
113000417,658,846,-188
113000418,4218,3122,1096
113000419,1398,1231,167
113000420,2496,5292,-2796
113000421,5178,6451,-1273
113000422,7288,9516,-2228
113000423,1071,2988,-1917
113000424,1364,9199,-7835
113000425,28,163,-135
113000428,41,12,29
113000430,1,79,-78
113000432,5233,355,4878
113000433,48,435,-387
113000434,26,86,-60
113000435,20,106,-86
113000436,16,450,-434
113000437,3336,41,3295
113000438,1012,13,999
113000439,43,29,14
113000440,404,17,387
113000441,437,251,186
113000442,457,29,428
113000443,793,127,666
113000444,1244,33,1211
113000445,121,119,2
113000446,91,199,-108
113000448,347,694,-347
113000449,193,2172,-1979
113000450,799,6148,-5349
113000451,2831,974,1857
113000452,57,974,-917
113000453,6,670,-664
113000454,181,184,-3
113000455,4,823,-819
113000456,835,1684,-849
113000468,638,84,554
113000469,133,349,-216
113000470,451,16,435
113000471,3,544,-541
113000472,55,163,-108
113000474,2105,835,1270
113000475,1432,642,790
113000476,4166,2573,1593
113000477,5736,2627,3109
113000478,2690,2894,-204
113000479,221,86,135
113000480,180,251,-71
113000484,0,0,0
113000485,0,0,0
113000486,0,0,0
113000487,0,0,0
113000488,0,0,0
113000489,0,0,0
113000490,0,0,0
113000491,0,0,0
113000492,0,0,0
113000493,0,0,0
113000495,347,102,245
113000496,157,242,-85
113000497,0,0,0
113000499,0,0,0
113000500,0,0,0
113900001,14,1847,-1833
113900002,34,99,-65
113900003,4,200,-196
113900004,1,302,-301
113900005,3,542,-539
113900006,1,151,-150
113900007,50,293,-243
113900008,14,1,13
113900009,46,1,45
113900010,107,4,103
113900011,551,1,550
113900012,187,3,184
113900013,95,8,87
113900014,1393,9,1384
113900015,0,9,-9
113900016,34,0,34
113900017,0,10,-10
113900018,59,216,-157
113900019,511,13,498
113900020,641,0,641
113900022,105,2,103
113900023,77,0,77
113900024,17,4,13
113900025,416,71,345
113900026,167,1,166
113900027,11,20,-9
113900028,8,268,-260
113900029,156,12,144
113900030,1034,1,1033
113900031,65,4,61
113900032,58,1,57
113900033,72,20,52
113900035,140,4,136
113900036,76,68,8
113900037,128,1444,-1316
113900038,52,241,-189
113900039,640,22,618
113900040,6,29,-23
113900041,67,0,67
113900042,88,14,74
113900043,154,26,128
113900044,51,199,-148
113900045,134,3,131
113900046,116,386,-270
113900047,352,21,331
113900048,193,99,94
113900049,104,607,-503
113900050,304,166,138
113900051,366,48,318
113900052,67,151,-84
113900053,418,1374,-956
113900054,21,0,21
113900055,92,466,-374
113900056,108,16,92
113900057,4,15,-11
113900058,98,9,89
113900059,412,80,332
113900060,103,1735,-1632
113900061,384,91,293
113900062,126,62,64
113900063,272,29,243
113900064,14,30,-16
113900065,1068,17,1051
113900066,1403,89,1314
113900067,736,230,506
113900068,380,1419,-1039
113900069,81,60,21
113900070,55,124,-69
113900071,300,6,294
113900072,53,23,30
113900073,968,217,751
113900074,692,708,-16
113900075,466,3263,-2797
113900076,156,10,146
113900077,62,53,9
113900078,61,11,50
113900079,0,19,-19
113900080,685,123,562
113900081,165,44,121
113900082,380,302,78
113900083,1080,85,995
113900084,192,82,110
113900085,23,129,-106
113900086,178,22,156
113900087,108,139,-31
113900088,122,101,21
113900089,666,20,646
113900090,416,179,237
113900091,7,31,-24
113900092,39,80,-41
113900093,49,2224,-2175
113900094,1289,250,1039
113900095,169,79,90
113900096,509,156,353
113900097,33,122,-89
113900098,1252,323,929
113900099,0,12,-12
113900100,0,1,-1
113900101,3,75,-72
113900102,50,105,-55
113900103,199,516,-317
113900104,93,114,-21
113900105,612,19,593
113900106,0,15,-15
113900107,2,1,1
113900108,52,203,-151
113900109,294,370,-76
113900110,34,51,-17
113900111,408,49,359
113900112,410,79,331
113900113,1399,454,945
113900114,1,7,-6
113900115,0,4,-4
113900116,8,184,-176
113900117,19,11,8
113900118,131,1553,-1422
113900119,39,186,-147
113900120,255,40,215
113900121,234,27,207
113900122,99,6607,-6508
113900123,578,51,527
113900124,0,73,-73
113900125,499,66,433
113900126,73,122,-49
113900127,493,732,-239
113900128,466,47,419
113900129,1,70,-69
113900130,1,12,-11
113900131,283,4,279
113900132,43,95,-52
113900133,4,16,-12
113900135,451,136,315
113900136,75,19,56
113900137,385,126,259
113900138,21,265,-244
113900139,555,375,180
113900140,18,97,-79
113900141,1064,180,884
113900142,112,34,78
113900143,1,91,-90
113900144,60,87,-27
113900145,390,48,342
113900146,412,204,208
113900148,19,83,-64
113900149,188,156,32
113900150,401,169,232
113900151,598,127,471
113900152,33,57,-24
113900153,66,101,-35
113900154,1,84,-83
113900155,142,222,-80
113900156,217,243,-26
113900157,108,422,-314
113900158,114,154,-40
113900159,0,306,-306
113900160,403,817,-414
113900161,234,292,-58
113900162,134,184,-50
113900163,538,58,480
113900164,611,47,564
113900165,420,284,136
113900166,16,43,-27
113900167,573,58,515
113900168,57,23,34
113900169,192,184,8
113900171,383,59,324
113900172,29,64,-35
113900173,9,174,-165
113900174,313,311,2
113900175,301,203,98
113900176,222,159,63
113900177,135,71,64
113900178,252,310,-58
113900179,9,148,-139
113900180,85,36,49
113900181,1538,148,1390
113900182,853,206,647
113900183,150,5,145
113900184,49,186,-137
113900185,50,20,30
113900186,17,5,12
113900187,17,43,-26
113900188,9,28,-19
113900189,331,127,204
113900190,107,34,73
113900191,10,35,-25
113900192,1,995,-994
113900193,3,86,-83
113900194,604,279,325
113900195,212,152,60
113900196,1,45,-44
113900197,1,42,-41
113900198,3,195,-192
113900199,30,143,-113
113900200,7,53,-46
113900201,1,60,-59
113900202,36,29,7
113900203,0,47,-47
113900204,8,127,-119
113900205,4,10,-6
113900206,1,90,-89
113900207,0,42,-42
113900208,0,10,-10
113900209,0,9,-9
113900210,427,919,-492
113900211,209,17,192
113900212,547,144,403
113900214,108,140,-32
113900215,151,59,92
113900216,200,217,-17
113900217,226,99,127
113900218,79,36,43
113900219,81,213,-132
113900220,274,226,48
113900221,288,961,-673
113900222,36,739,-703
113900223,356,146,210
113900224,26,41,-15
113900225,1614,100,1514
113900226,393,162,231
113900227,298,415,-117
113900228,360,702,-342
113900229,20,1441,-1421
113900230,1976,3614,-1638
113900231,130,28,102
113900232,67,6,61
113900233,191,32,159
113900234,503,465,38
113900235,227,46,181
113900236,666,94,572
113900237,282,10,272
113900238,63,314,-251
113900239,73,96,-23
113900240,5,131,-126
113900241,48,33,15
113900242,32,115,-83
113900243,11,92,-81
113900244,103,56,47
113900245,303,194,109
113900246,6,54,-48
113900247,50,621,-571
113900248,1712,2410,-698
113900249,170,769,-599
113900250,60,607,-547
113900251,1739,39,1700
113900252,1296,22,1274
113900253,888,40,848
113900254,450,187,263
113900255,1785,13,1772
113900256,862,13,849
113900257,21,256,-235
113900258,37,155,-118
113900259,1232,80,1152
113900260,422,9,413
113900261,60,55,5
113900262,264,112,152
113900263,2,64,-62
113900264,3,128,-125
113900265,148,2867,-2719
113900266,22,111,-89
113900267,108,328,-220
113900268,81,2300,-2219
113900269,63,235,-172
113900270,159,231,-72
113900271,682,197,485
113900273,14,17,-3
113900274,74,56,18
113900275,10,17,-7
113900276,11,58,-47
113900277,491,1,490
113900278,256,96,160
113900279,73,8,65
113900280,670,406,264
113900281,63,835,-772
113900282,229,197,32
113900283,474,404,70
113900284,1828,190,1638
113900285,138,12,126
113900286,14,13,1
113900287,112,16,96
113900288,0,64,-64
113900289,236,185,51
113900290,491,999,-508
113900291,138,76,62
113900292,1,16,-15
113900293,15,170,-155
113900294,1276,20,1256
113900295,422,85,337
113900296,748,177,571
113900297,2989,62,2927
113900298,46,1515,-1469
113900299,231,62,169
113900300,5598,5722,-124
113900301,225,1325,-1100
113900302,2467,1449,1018
113900303,110,1758,-1648
113900304,5,88,-83
113900305,392,0,392
113900306,226,1,225
113900307,18,0,18
113900308,19,47,-28
113900309,1,201,-200
113900310,0,4,-4
113900311,39,0,39
113900312,46,198,-152
113900313,7,0,7
114000001,1157,833,324
114000002,812,182,630
114000003,281,155,126
114000004,1412,179,1233
114000005,1102,140,962
114000006,1584,584,1000
114000007,1629,535,1094
114000008,3052,1519,1533
114000009,2569,230,2339
114000011,4511,1568,2943
114000012,7438,2021,5417
114000013,3916,2116,1800
114000014,1615,93,1522
114000015,4255,253,4002
114000016,774,69,705
114000017,128,1626,-1498
114000018,109,33,76
114000026,6301,1244,5057
114000027,8080,3269,4811
114000028,2197,3657,-1460
114000038,636,145,491
114000039,134,5,129
114000040,289,660,-371
114000042,262,107,155
114000043,43,75,-32
114000044,887,6,881
114000045,49,30,19
114000046,2232,4105,-1873
114000047,13,142,-129
114000048,333,11,322
114000049,3811,1058,2753
114000050,2890,896,1994
114000051,4789,1871,2918
114000052,4710,5136,-426
114000053,24,910,-886
114000054,316,929,-613
114000055,672,224,448
114000056,94,484,-390
114000057,3791,1227,2564
114000058,93,1182,-1089
114000059,79,2330,-2251
114000060,992,638,354
114000061,2929,2446,483
114000062,515,777,-262
114000063,1685,1124,561
114000064,2091,4936,-2845
114000065,1572,1241,331
114000066,1542,809,733
114000067,46,2191,-2145
114000068,441,1081,-640
114000069,2206,291,1915
114000070,2376,978,1398
114000071,1730,236,1494
114000072,2364,556,1808
114000073,38,18,20
114000074,187,11,176
114000075,167,62,105
114000076,54,33,21
114000077,17,5,12
114000078,870,871,-1
114000079,668,301,367
114000080,302,145,157
114000081,134,103,31
114000082,469,164,305
114000083,89,35,54
114000084,437,156,281
114000085,178,178,0
114000086,399,670,-271
114000087,668,78,590
114000088,63,25,38
114000089,626,363,263
114000090,1132,965,167
114000091,1106,783,323
114000092,861,344,517
114000093,2346,525,1821
114000094,895,464,431
114000095,449,348,101
114000096,130,169,-39
114000097,175,131,44
114000098,1600,94,1506
114000099,2188,93,2095
114000100,3511,230,3281
114000101,1015,327,688
114000102,1783,232,1551
114000103,356,145,211
114000104,22,513,-491
114000105,598,208,390
114000106,843,4572,-3729
114000107,872,218,654
114000108,701,369,332
114000109,1252,4321,-3069
114000110,2077,419,1658
114000111,4982,2267,2715
114000112,757,639,118
114000113,1993,248,1745
114000114,526,431,95
114000115,2944,521,2423
114000116,1150,7536,-6386
114000117,7638,746,6892
114000118,7193,349,6844
114000119,6534,451,6083
114000120,1654,542,1112
114000121,619,312,307
114000122,535,441,94
114000123,4991,358,4633
114000124,3560,289,3271
114000125,1478,1506,-28
114000126,3583,456,3127
114000127,468,132,336
114000128,1636,212,1424
114000130,1015,431,584
114000131,769,92,677
114000132,1931,193,1738
114000133,1328,520,808
114000134,343,11,332
114000138,59,50,9
114000139,759,368,391
114000144,917,867,50
114000145,186,21,165
114000146,503,22,481
114000147,1096,3256,-2160
114000148,777,2552,-1775
114000149,466,324,142
114000150,419,635,-216
114000151,419,2889,-2470
114000152,93,68,25
114000153,999,1599,-600
114000154,1332,369,963
114000155,986,5546,-4560
114000156,1067,608,459
114000157,742,2152,-1410
114000158,700,417,283
114000159,523,150,373
114000160,269,167,102
114000161,958,1211,-253
114000162,1308,1817,-509
114000163,113,21,92
114000165,555,362,193
114000166,524,262,262
114000167,2535,3218,-683
114000168,463,119,344
114000169,1220,926,294
114000170,1702,1036,666
114000171,2492,19918,-17426
114000174,159,471,-312
114000176,194,353,-159
114000177,554,264,290
114000178,175,175,0
114000179,1113,1164,-51
114000180,175,169,6
114000181,1453,10442,-8989
114000182,889,2400,-1511
114000183,846,1230,-384
114000184,1977,415,1562
114000185,2166,774,1392
114000189,3486,141,3345
114000190,6308,554,5754
114000191,307,1028,-721
114000192,89,364,-275
114000193,117,592,-475
114000194,4114,636,3478
114000195,771,814,-43
114000196,10,74,-64
114000197,3974,25,3949
114000198,1187,351,836
114000199,1498,1406,92
114000200,1470,628,842
114000201,345,798,-453
114000202,1410,673,737
114000203,1198,422,776
114000204,340,336,4
114000205,823,5874,-5051
114000206,1339,929,410
114000207,477,656,-179
114000208,1021,541,480
114000209,655,903,-248
114000210,342,505,-163
114000211,3368,887,2481
114000212,1751,3117,-1366
114000213,3221,441,2780
114000214,297,42,255
114000215,210,117,93
114000216,3806,454,3352
114000217,672,230,442
114000218,1073,380,693
114000219,3316,122,3194
114000220,72,448,-376
114000221,2478,145,2333
114000222,249,373,-124
114000223,1547,174,1373
114000224,63,309,-246
114000225,766,266,500
114000226,335,128,207
114000227,1440,723,717
114000228,1903,334,1569
114000229,2939,699,2240
114000230,2113,539,1574
114000231,1248,1555,-307
114000232,1920,174,1746
114000233,4580,71,4509
114000234,2033,513,1520
114000235,3139,739,2400
114000236,0,153,-153
114000237,116,341,-225
114000238,148,543,-395
114000239,209,664,-455
114000240,1625,5746,-4121
114000241,499,831,-332
114000242,888,1200,-312
114000243,4292,1272,3020
114000244,656,470,186
114000245,716,2660,-1944
114000246,167,379,-212
114000247,824,418,406
114000248,3373,625,2748
114000249,1264,336,928
114000250,1867,165,1702
114000251,538,139,399
114000252,61,22,39
114000253,292,160,132
114000254,123,9,114
114000255,739,267,472
114000256,564,712,-148
114000257,1327,920,407
114000258,1293,300,993
114000259,434,527,-93
114000260,0,72,-72
114000261,88,28,60
114000262,766,770,-4
114000263,40,1,39
114000264,3885,218,3667
114000265,0,3,-3
114000267,9,5765,-5756
114000268,0,447,-447
114000270,491,15,476
114000271,325,106,219
114000283,3814,408,3406
114000285,20,91,-71
114000288,258,255,3
114000289,3790,164,3626
114000293,638,750,-112
114000294,323,547,-224
114000395,5497,24,5473
114000396,887,467,420
114000402,1794,106,1688
114000403,853,122,731
114000405,737,166,571
114000423,1559,104,1455
114000424,1172,217,955
114000425,2938,106,2832
114000426,476,1087,-611
114000427,113,62,51
114000428,79,79,0
114000429,22,132,-110
114000432,286,25,261
114000434,84,45,39
114000435,5,12,-7
114900001,1460,195,1265
114900002,536,808,-272
114900003,1376,232,1144
114900004,286,1267,-981
114900005,657,134,523
114900006,130,420,-290
114900007,262,8,254
114900008,600,110,490
114900010,996,2629,-1633
114900011,736,100,636
114900013,599,73,526
114900015,49,1247,-1198
114900018,1537,47,1490
114900020,168,111,57
114900022,27,949,-922
114900024,206,163,43
114900025,1120,88,1032
114900026,144,130,14
114900027,260,106,154
114900029,25,6,19
114900030,526,133,393
114900031,1434,13,1421
114900032,1178,3,1175
114900033,328,2992,-2664
114900034,54,42,12
114900035,119,167,-48
114900036,340,186,154
114900037,195,38,157
114900038,555,297,258
114900039,1640,98,1542
114900040,305,6,299
114900041,2736,155,2581
114900042,2894,170,2724
114900043,778,64,714
114900044,361,83,278
114900046,24,24,0
114900047,273,7445,-7172
114900048,97,66,31
114900049,3,64,-61
114900050,47,70,-23
114900051,28,417,-389
114900052,16,1954,-1938
114900053,51,472,-421
114900054,59,9,50
114900057,422,23,399
114900058,0,21,-21
114900059,275,77,198
114900060,260,355,-95
114900061,225,19,206
114900062,205,141,64
114900063,376,68,308
114900064,3751,142,3609
114900065,386,1145,-759
114900067,53,247,-194
114900068,57,76,-19
114900069,428,17,411
114900070,1068,106,962
114900072,2,104,-102
114900073,0,20,-20
114900074,2365,100,2265
114900075,667,6,661
114900076,0,101,-101
114900080,540,159,381
114900082,1565,3406,-1841
114900083,177,711,-534
114900090,1154,116,1038
114900091,225,102,123
114900095,164,25,139
114900096,84,220,-136
114900097,851,0,851
114900098,1,96,-95
114900099,446,14,432
115000001,4773,1786,2987
115000002,5746,9008,-3262
115000003,4970,1362,3608
115000004,7427,7542,-115
115000005,2034,2030,4
115000006,2200,1197,1003
115000007,221,217,4
115000008,505,759,-254
115000009,495,364,131
115000010,245,310,-65
115000013,28,226,-198
115000015,58,391,-333
115000016,164,244,-80
115000019,65,850,-785
115000020,256,1603,-1347
115000021,107,423,-316
115000022,196,92,104
115000023,485,814,-329
115000024,446,173,273
115000025,1259,654,605
115000026,304,96,208
115000027,624,287,337
115000028,371,211,160
115000029,1730,54,1676
115000030,639,432,207
115000031,782,175,607
115000032,25,365,-340
115000033,267,11,256
115000034,69,1642,-1573
115000035,1216,266,950
115000036,1,221,-220
115000037,1283,159,1124
115000038,95,103,-8
115000039,2062,6796,-4734
115000040,4383,3312,1071
115000041,1673,8127,-6454
115000042,717,833,-116
115000043,4085,3305,780
115000044,3165,3478,-313
115000045,4255,697,3558
115000046,4804,2482,2322
115000047,4206,1396,2810
115000048,4636,1939,2697
115000049,2484,3302,-818
115000050,4113,978,3135
115000051,1942,7786,-5844
115000052,1608,943,665
115000053,3940,4044,-104
115000054,1044,837,207
115000055,307,1364,-1057
115000056,199,295,-96
115000057,623,1398,-775
115000058,73,767,-694
115000059,50,393,-343
115000061,198,349,-151
115000062,410,613,-203
115000063,840,372,468
115000064,513,111,402
115000065,206,725,-519
115000067,380,23,357
115000069,125,291,-166
115000070,28,1325,-1297
115000071,148,36,112
115000072,11,60,-49
115000073,1950,107,1843
115000075,181,111,70
115000076,2873,1484,1389
115000077,3597,1064,2533
115000078,3770,712,3058
115000079,3430,1502,1928
115000080,7321,1156,6165
115000081,225,368,-143
115000082,8744,5796,2948
115000083,4415,714,3701
115000084,5187,523,4664
115000085,2865,525,2340
115000086,2263,370,1893
115000087,774,2401,-1627
115000088,1619,409,1210
115000089,1895,856,1039
115000090,573,1031,-458
115000091,364,253,111
115000092,1281,1764,-483
115000093,1720,2,1718
115000094,5485,13877,-8392
115000095,3310,11832,-8522
115000096,2079,506,1573
115000097,3817,2723,1094
115000098,3486,327,3159
115000099,4639,871,3768
115000100,3117,422,2695
115000101,966,492,474
115000102,969,175,794
115000103,449,364,85
115000105,196,52,144
115000106,1603,802,801
115000107,238,162,76
115000108,1791,1335,456
115000109,3730,7540,-3810
115000110,1103,3138,-2035
115000111,185,485,-300
115000112,582,667,-85
115000113,405,300,105
115000114,820,281,539
115000116,2727,2092,635
115000117,1701,2792,-1091
115000118,2189,3422,-1233
115000119,1975,4816,-2841
115000120,823,857,-34
115000121,513,776,-263
115000122,571,2225,-1654
115000123,1232,1134,98
115000124,1127,1084,43
115000125,581,828,-247
115000126,107,405,-298
115000127,496,135,361
115000128,756,869,-113
115000129,193,1118,-925
115000130,597,529,68
115000131,1667,305,1362
115000132,1065,1317,-252
115000133,1709,1089,620
115000134,536,906,-370
115000135,279,713,-434
115000136,301,233,68
115000137,41,283,-242
115000138,657,378,279
115000139,289,109,180
115000140,649,164,485
115000141,291,75,216
115000142,230,43,187
115000143,1422,579,843
115000144,806,76,730
115000145,415,77,338
115000146,718,855,-137
115000147,537,1200,-663
115000148,652,372,280
115000149,1104,306,798
115000150,1346,237,1109
115000151,2433,218,2215
115000152,2037,460,1577
115000153,2866,309,2557
115000154,1932,185,1747
115000155,1732,783,949
115000156,1080,520,560
115000157,530,630,-100
115000158,466,290,176
115000159,622,323,299
115000160,593,634,-41
115000161,1031,783,248
115000162,430,1735,-1305
115000163,452,321,131
115000164,271,330,-59
115000165,212,531,-319
115000167,176,82,94
115000168,764,498,266
115000169,420,753,-333
115000170,36,171,-135
115000171,280,337,-57
115000172,703,746,-43
115000173,364,2096,-1732
115000174,75,608,-533
115000175,225,160,65
115000176,98,242,-144
115000177,30,265,-235
115000178,13,200,-187
115000179,22,179,-157
115000180,187,241,-54
115000181,1897,179,1718
115000182,2258,209,2049
115000183,788,416,372
115000186,728,121,607
115000187,330,307,23
115000188,646,353,293
115000189,458,660,-202
115000190,844,806,38
115000191,372,991,-619
115000194,164,73,91
115000195,193,343,-150
115000196,739,388,351
115000197,637,286,351
115000198,1134,213,921
115000199,1567,69,1498
115000200,993,138,855
115000201,611,463,148
115000206,806,31,775
115000207,1158,307,851
115000208,416,1311,-895
115000209,1261,1015,246
115000210,463,220,243
115000211,458,251,207
115000212,1061,317,744
115000224,300,13,287
115000225,164,71,93
115000229,102,57,45
115000230,222,212,10
115000231,777,491,286
115000232,5394,497,4897
115000233,205,105,100
115000234,34,237,-203
115000241,251,48,203
115000242,475,41,434
115000243,477,69,408
115000244,20,124,-104
115000246,52,49,3
115000247,16,26,-10
115000248,28,6,22
115000249,10,52,-42
115000250,373,8,365
115000251,664,64,600
115000252,230,293,-63
115000253,10,782,-772
115000258,641,41,600
115000259,267,26,241
115000261,53,8,45
115000262,32,66,-34
115000263,24,47,-23
115000264,10,27,-17
115000267,49,27,22
115000268,34,38,-4
115000269,103,25,78
115000270,55,23,32
115000272,167,52,115
115000273,1353,29,1324
115000280,974,434,540
115000281,231,1201,-970
115000282,679,2192,-1513
115000284,136,365,-229
115000296,479,0,479
115000297,91,348,-257
115000298,82,907,-825
115000300,386,79,307
115000302,1209,169,1040
115000303,2086,80,2006
115000304,2285,163,2122
115000305,112,230,-118
115000306,587,227,360
115000307,415,446,-31
115000308,5,29,-24
115000309,17,370,-353
115000310,4592,191,4401
115000311,2506,571,1935
115000313,338,138,200
115000314,936,478,458
115000315,349,1380,-1031
115000316,210,240,-30
115000317,380,301,79
115000318,1751,547,1204
115000319,187,71,116
115000320,27,646,-619
115000321,609,39,570
115000322,174,71,103
115000449,125,258,-133
115000557,5,4498,-4493
115000558,111,119,-8
115000587,1652,269,1383
115000588,2060,2638,-578
115000589,6785,2955,3830
115000590,1002,2423,-1421
115000591,2438,1142,1296
115000592,669,1289,-620
115000593,2386,769,1617
115000594,336,2047,-1711
115000609,366,53,313
115000617,570,4037,-3467
115000624,694,33,661
115000633,525,1577,-1052
115000634,4033,777,3256
115000635,1104,102,1002
115000638,211,321,-110
115000641,84,690,-606
115000642,735,219,516
115000643,284,163,121
115000644,230,207,23
115000646,790,1946,-1156
115000647,453,578,-125
115000648,5794,559,5235
115000893,1532,823,709
115000894,220,651,-431
115000895,386,719,-333
115000896,1343,386,957
115000897,472,97,375
115000898,649,270,379
115000899,239,1360,-1121
115000900,61,297,-236
115000901,72,204,-132
115000912,1014,100,914
115000913,2,7,-5
115000915,17,0,17
115000916,5,0,5
115000917,0,64,-64
115000918,64,1089,-1025
115000919,29,83,-54
115000920,16,36,-20
115000921,280,95,185
115000922,322,802,-480
115000923,76,1219,-1143
115000925,243,245,-2
115000927,41,140,-99
115000933,34,248,-214
115000934,108,211,-103
115000935,206,30,176
115000936,60,1835,-1775
115000937,365,278,87
115000938,21,70,-49
115000939,18,56,-38
115900001,604,8,596
115900002,50,26,24
115900003,399,68,331
115900004,0,8,-8
115900005,530,29,501
115900006,334,147,187
115900008,372,3,369
115900009,117,140,-23
115900010,1355,75,1280
115900011,489,94,395
115900012,650,3,647
115900013,725,58,667
115900014,187,62,125
115900015,518,16,502
115900016,199,47,152
115900017,265,74,191
115900018,223,22,201
115900019,124,9,115
115900020,610,1,609
115900021,405,474,-69
115900022,662,2,660
115900023,8,22,-14
115900025,33,528,-495
115900026,1275,36,1239
115900027,0,86,-86
115900028,147,34,113
115900029,35,76,-41
115900030,60,37,23
115900031,28,273,-245
115900032,714,713,1
115900033,1,27,-26
115900034,15,97,-82
115900035,115,18,97
115900036,37,5356,-5319
115900037,36,100,-64
115900038,48,0,48
115900039,600,99,501
115900041,107,1775,-1668
115900042,110,7,103
115900043,358,97,261
115900044,254,1236,-982
115900046,1361,67,1294
115900047,34,268,-234
115900049,469,201,268
115900051,0,22,-22
115900052,44,62,-18
115900053,1030,80,950
115900054,778,34,744
115900055,34,32,2
115900056,728,47,681
115900057,7,35,-28
115900058,4,22,-18
115900060,84,51,33
115900061,771,4,767
115900062,188,62,126
115900063,17,2,15
115900064,133,183,-50
115900065,442,46,396
115900066,45,39,6
115900067,35,41,-6
115900068,1443,2891,-1448
115900069,42,229,-187
115900070,693,29,664
115900071,1,106,-105
115900072,15,56,-41
115900073,183,176,7
115900074,3,53,-50
115900075,121,105,16
115900076,1,17,-16
115900077,6,40,-34
115900078,87,1305,-1218
115900079,840,10,830
115900080,140,46,94
115900081,54,9,45
115900082,198,996,-798
115900084,1194,5,1189
115900085,42,78,-36
115900086,1057,364,693
115900088,0,183,-183
115900089,1256,181,1075
115900090,1745,6,1739
115900091,45,27,18
115900092,99,53,46
115900093,5,19,-14
115900094,7,60,-53
115900096,17,16,1
115900097,15,69,-54
115900098,646,146,500
115900099,266,443,-177
115900100,12,138,-126
115900101,726,78,648
115900102,232,80,152
115900103,494,63,431
115900104,156,58,98
115900105,516,97,419
115900106,279,5,274
115900107,189,44,145
115900108,359,1,358
115900109,9,160,-151
115900110,25,0,25
115900111,4,10,-6
115900112,82,310,-228
115900113,131,13,118
115900114,19,19,0
115900115,184,69,115
115900116,238,378,-140
115900117,286,6,280
115900118,0,65,-65
115900119,346,65,281
115900120,30,119,-89
115900121,530,44,486
115900124,263,1373,-1110
115900125,788,381,407
115900126,1806,100,1706
115900127,2060,102,1958
115900128,0,214,-214
115900129,1053,19,1034
115900130,1,311,-310
115900131,1027,164,863
115900132,1236,23,1213
115900134,1014,15,999
115900135,263,487,-224
115900137,19,3,16
115900139,23,191,-168
115900140,843,55,788
115900141,1,72,-71
115900142,2,4,-2
115900143,492,90,402
115900144,470,79,391
115900146,30,56,-26
115900147,194,609,-415
115900148,22,28,-6
115900149,504,8,496
115900150,303,5,298
115900151,155,46,109
115900152,393,68,325
115900153,179,81,98
115900154,183,304,-121
115900155,0,8,-8
115900156,782,651,131
115900157,607,483,124
115900158,16,0,16
115900159,758,105,653
115900160,0,10,-10
115900161,26,57,-31
115900163,588,51,537
115900164,2218,12,2206
115900165,2,602,-600
115900166,241,102,139
115900168,943,90,853
115900171,181,104,77
115900172,47,99,-52
115900173,451,131,320
115900174,74,134,-60
115900175,382,76,306
115900178,23,102,-79
115900179,873,11,862
115900180,38,34,4
115900181,591,46,545
115900182,1342,78,1264
115900183,11,386,-375
115900184,375,1,374
115900187,4,210,-206
115900189,1,117,-116
115900190,330,959,-629
115900191,13,173,-160
115900192,45,159,-114
115900193,158,808,-650
115900194,1820,46,1774
115900195,640,5051,-4411
115900198,923,544,379
115900199,777,63,714
115900200,373,69,304
115900201,396,327,69
115900202,2,519,-517
115900203,2,1,1
115900204,0,24,-24
115900205,10,4,6
115900206,1047,102,945
115900207,102,27,75
115900208,251,66,185
115900209,18,96,-78
115900210,3,864,-861
115900211,0,185,-185
115900212,557,99,458
115900213,111,347,-236
115900214,1789,115,1674
115900215,35,432,-397
115900216,3,26,-23
115900217,2,18,-16
115900218,10,6,4
115900219,429,14,415
115900220,667,5,662
115900221,257,10,247
115900222,146,65,81
115900223,3,823,-820
115900224,982,4040,-3058
115900225,77,116,-39
115900226,6,24,-18
115900227,34,35,-1
115900228,3,44,-41
115900229,6,8,-2
115900230,184,55,129
115900231,319,0,319
115900232,165,1,164
115900233,352,0,352
115900234,97,41,56
115900235,46,22,24
115900236,18,576,-558
115900237,48,63,-15
115900238,24,21,3
115900239,32,54,-22
115900240,32,33,-1
115900241,571,38,533
115900242,378,789,-411
115900243,17,4,13
115900244,32,2,30
115900245,224,2,222
115900246,0,0,0
115900247,1,0,1
115900248,4,2,2
115900249,21,1,20
115900250,53,0,53
115900251,19,0,19
115900252,13,0,13
115900253,38,16,22
115900254,12,50,-38
115900255,1,45,-44
115900256,27,82,-55
115900257,1,2,-1
115900258,0,6,-6
115900259,75,12,63
115900260,41,3,38
115900261,56,0,56
115900262,15,0,15
115900263,36,4,32
115900264,36,6,30
115900265,13,10,3
115900266,7,6,1
115900267,1,35,-34
115900268,4,240,-236
115900269,2220,143,2077
115900270,722,134,588
115900271,716,4,712
115900272,105,9,96
115900273,28,60,-32
115900274,2,2,0
115900275,5,3,2
115900276,0,10,-10
115900277,0,50,-50
115900278,148,58,90
115900279,23,383,-360
115900280,16,1570,-1554
115900281,157,286,-129
115900282,1,39,-38
115900283,52,3,49
115900284,122,13,109
116000001,4663,1236,3427
116000002,6751,24507,-17756
116000003,1221,886,335
116000004,7408,9476,-2068
116000005,1041,3030,-1989
116000006,3474,7810,-4336
116000007,1719,1888,-169
116000008,7803,3639,4164
116000009,1018,886,132
116000010,5315,3551,1764
116000011,942,774,168
116000012,3275,1750,1525
116000013,3874,2114,1760
116000014,9439,34738,-25299
116000015,93,3300,-3207
116000016,3764,9741,-5977
116000017,83,776,-693
116000018,463,226,237
116000019,2664,201,2463
116000020,610,747,-137
116000021,2141,182,1959
116000022,832,282,550
116000023,3160,2010,1150
116000024,761,758,3
116000025,1393,818,575
116000026,1674,2966,-1292
116000027,893,1041,-148
116000028,660,1111,-451
116000029,335,291,44
116000030,1009,750,259
116000031,36,87,-51
116000032,480,97,383
116000033,1271,294,977
116000034,654,978,-324
116000035,449,268,181
116000036,228,1477,-1249
116000037,217,464,-247
116000038,95,767,-672
116000039,132,688,-556
116000040,556,899,-343
116000041,124,456,-332
116000042,1392,755,637
116000043,194,387,-193
116000044,1,43,-42
116000045,1142,1374,-232
116000046,885,984,-99
116000047,2365,2986,-621
116000048,3217,1454,1763
116000049,2474,1869,605
116000050,1571,1058,513
116000051,3504,2205,1299
116000052,3576,2215,1361
116000053,3595,709,2886
116000054,1246,2028,-782
116000055,1026,1060,-34
116000056,2250,1109,1141
116000057,2196,1016,1180
116000058,4008,2925,1083
116000059,3319,6067,-2748
116000060,2473,1605,868
116000061,358,2046,-1688
116000062,978,308,670
116000063,833,2589,-1756
116000066,926,900,26
116000067,296,294,2
116000068,217,244,-27
116000069,326,158,168
116000078,969,1215,-246
116000080,1823,371,1452
116000082,11,11,0
116000083,3237,283,2954
116000084,1881,1517,364
116000085,2318,3338,-1020
116000086,769,313,456
116000087,5037,2149,2888
116000088,3128,883,2245
116000089,288,145,143
116000090,403,126,277
116000091,260,1351,-1091
116000093,1297,246,1051
116000094,1833,711,1122
116000095,1487,353,1134
116000096,3994,6275,-2281
116000097,1978,491,1487
116000098,76,19026,-18950
116000099,10409,1202,9207
116000100,659,49,610
116000101,3513,319,3194
116000102,530,478,52
116000103,889,468,421
116000104,367,1487,-1120
116000105,2827,126,2701
116000106,1014,5482,-4468
116000107,4820,1232,3588
116000108,24,4282,-4258
116000111,373,32,341
116000113,193,53,140
116000114,47,88,-41
116000115,611,175,436
116000116,404,124,280
116000117,2657,1364,1293
116000118,2714,607,2107
116000119,7327,1419,5908
116000120,3045,1944,1101
116000121,1980,346,1634
116000122,1206,475,731
116000123,2607,544,2063
116000124,1210,284,926
116000125,5632,472,5160
116000126,801,476,325
116000127,1466,555,911
116000128,4024,649,3375
116000129,2854,100,2754
116000130,1615,867,748
116000133,4756,493,4263
116000134,2173,597,1576
116000135,5386,954,4432
116000136,1067,1025,42
116000137,1822,722,1100
116000138,888,318,570
116000139,2902,3329,-427
116000140,408,613,-205
116000141,1625,494,1131
116000142,4402,2190,2212
116000143,3348,2307,1041
116000144,3293,1893,1400
116000145,5489,934,4555
116000146,1912,157,1755
116000147,483,371,112
116000148,1744,1289,455
116000149,802,440,362
116000151,1258,702,556
116000153,188,501,-313
116000155,299,463,-164
116000156,1677,529,1148
116000157,141,10,131
116000158,854,122,732
116000159,37,9,28
116000160,120,33,87
116000161,12,97,-85
116000162,66,566,-500
116000163,128,12,116
116000164,58,15,43
116000177,149,3346,-3197
116000194,115,288,-173
116000195,4729,536,4193
116000196,58,7,51
116000197,27,22,5
116000198,2690,1222,1468
116000200,646,1078,-432
116000201,939,446,493
116000202,23,604,-581
116000203,1,28,-27
116000204,1,18,-17
116000205,0,121,-121
116000206,1,541,-540
116000207,37,484,-447
116000233,95,309,-214
116000287,670,81,589
116000288,776,293,483
116000292,281,65,216
116000296,25,115,-90
116000297,255,11,244
116000304,1082,15,1067
116000305,24,63,-39
116000346,770,140,630
116000352,190,101,89
116000354,118,111,7
116000357,21,134,-113
116000358,1025,356,669
116000361,13,1,12
116000372,3410,11378,-7968
116000381,478,0,478
116000388,13,69,-56
116000389,1337,109,1228
116000445,2957,261,2696
116000446,1643,129,1514
116000447,57,912,-855
116000448,768,55,713
116000563,701,1099,-398
116000565,159,212,-53
116000568,104,977,-873
116000579,127,203,-76
116000584,108,5,103
116000585,234,93,141
116000586,40,108,-68
116000587,519,135,384
116000589,95,46,49
116000590,287,98,189
116000591,652,98,554
116000592,8,25,-17
116000593,0,24,-24
116000594,3374,169,3205
116000595,1732,54,1678
116000596,486,7,479
116000597,1448,519,929
116000598,332,113,219
116000602,24,1412,-1388
116000605,342,55,287
116000606,173,974,-801
116000607,0,19,-19
116000609,71,2611,-2540
116000611,448,137,311
116000612,3155,2979,176
116000613,1335,400,935
116000614,938,138,800
116000615,1,425,-424
116000616,234,49,185
116000617,332,12,320
116000618,6,16,-10
116000619,46,224,-178
116000620,810,217,593
116000621,121,92,29
116000622,251,117,134
116000624,197,686,-489
116000627,326,33,293
116000628,566,168,398
116000629,294,142,152
116000630,2829,31,2798
116000631,1738,36,1702
116000632,2847,71,2776
116000633,46,101,-55
116000634,2383,16,2367
116000635,2003,2404,-401
116000636,225,1098,-873
116000637,1256,14,1242
116000638,15,193,-178
116900001,201,85,116
116900002,336,5,331
116900003,130,2,128
116900004,57,236,-179
116900005,730,23,707
116900006,151,398,-247
116900007,61,199,-138
116900008,1785,143,1642
116900009,19,49,-30
116900010,0,307,-307
116900011,23,24,-1
116900012,197,458,-261
116900013,3,25,-22
116900014,385,26,359
116900015,1644,45,1599
116900016,623,5,618
116900017,0,186,-186
116900018,198,146,52
116900019,0,103,-103
116900020,484,4590,-4106
116900023,68,67,1
116900024,2110,28,2082
116900025,2982,441,2541
116900026,36,214,-178
116900027,227,32,195
116900028,0,21,-21
116900029,6,375,-369
116900031,3,1,2
116900032,5,79,-74
116900033,51,5,46
116900034,6,8,-2
116900035,414,97,317
116900036,48,127,-79
116900038,13,4,9
116900041,281,12,269
116900042,344,148,196
116900043,55,47,8
116900047,59,628,-569
116900049,46,141,-95
116900050,61,154,-93
116900051,895,41,854
116900052,343,188,155
116900055,0,42,-42
116900057,26,81,-55
116900058,15,179,-164
116900059,0,16,-16
116900060,253,244,9
116900062,2,202,-200
116900064,130,116,14
116900065,7,109,-102
116900067,182,18,164
116900068,242,97,145
116900070,57,5,52
116900072,88,79,9
116900073,21,47,-26
116900074,4,27,-23
116900076,46,209,-163
116900077,5,37,-32
116900078,152,29,123
116900079,169,71,98
116900080,2,37,-35
116900081,166,462,-296
116900082,275,1245,-970
116900083,5,6,-1
116900084,110,23,87
116900085,13,55,-42
116900086,13,151,-138
116900088,303,17,286
116900090,9,3,6
116900091,1407,17,1390
116900092,109,222,-113
116900093,2437,1711,726
116900094,4398,9704,-5306
116900095,793,291,502
116900096,198,717,-519
116900097,1351,7509,-6158
116900098,517,237,280
116900099,237,429,-192
116900100,2671,245,2426
116900101,195,593,-398
116900103,9,0,9
116900104,16,184,-168
116900105,1040,377,663
116900106,7945,69,7876
116900107,1153,5620,-4467
116900110,49,1,48
116900111,1737,398,1339
116900112,541,321,220
116900113,1192,5826,-4634
116900116,25,547,-522
116900117,547,692,-145
116900118,776,1378,-602
116900120,1020,77,943
116900121,544,45,499
116900122,2884,669,2215
116900123,1371,416,955
116900124,165,233,-68
116900125,1074,77,997
116900126,122,1625,-1503
116900128,3,17,-14
116900129,1,356,-355
116900130,921,9697,-8776
116900131,80,426,-346
116900132,165,119,46
116900133,491,125,366
116900134,502,134,368
116900136,349,439,-90
116900137,404,163,241
116900138,141,84,57
116900139,36,155,-119
116900140,184,36,148
116900141,525,82,443
116900142,9,60,-51
116900143,844,52,792
116900144,131,18,113
116900145,170,117,53
116900147,191,1233,-1042
116900148,5,19,-14
116900149,79,254,-175
116900150,6,1,5
116900151,53,31,22
116900153,266,219,47
116900154,342,1048,-706
116900155,112,100,12
116900157,2220,47,2173
116900158,188,538,-350
116900159,172,541,-369
116900160,1553,678,875
116900161,3141,18229,-15088
116900162,69,104,-35
116900163,750,58,692
116900164,251,53,198
116900165,1201,363,838
116900166,212,151,61
116900167,1111,8,1103
116900168,1527,16,1511
116900169,129,727,-598
116900170,1091,376,715
116900171,102,139,-37
116900172,108,1166,-1058
116900173,1153,8,1145
116900174,29,262,-233
116900175,758,348,410
116900178,74,57,17
116900179,74,822,-748
116900180,185,2,183
116900182,1034,194,840
116900183,303,225,78
116900185,63,10,53
116900186,247,40,207
116900187,81,111,-30
116900188,414,7,407
116900189,113,2,111
116900191,119,119,0
116900192,713,210,503
116900194,147,2601,-2454
116900195,56,4,52
116900196,7,21,-14
116900197,350,9,341
116900198,71,1705,-1634
116900200,206,1,205
116900201,746,6,740
116900202,80,16,64
116900203,426,3,423
116900204,21,504,-483
116900206,63,1,62
116900207,17,28,-11
116900208,8,57,-49
116900209,87,19,68
116900210,390,215,175
116900211,327,6,321
116900212,210,0,210
116900213,234,62,172
116900214,571,255,316
116900215,50,31,19
116900216,460,120,340
116900218,1,178,-177
116900219,826,98,728
116900220,142,156,-14
116900221,350,384,-34
116900222,427,214,213
116900223,18,49,-31
116900226,470,8,462
116900227,861,25,836
116900228,991,108,883
116900230,107,85,22
116900231,162,171,-9
116900232,88,244,-156
116900233,804,137,667
116900234,76,5,71
116900235,156,133,23
116900238,484,60,424
116900239,4,1725,-1721
116900240,3737,6995,-3258
116900241,86,52,34
116900242,588,2065,-1477
116900243,1,48,-47
116900245,82,123,-41
116900246,75,30,45
116900247,2042,55,1987
116900248,136,9,127
116900249,1704,22,1682
116900250,1037,118,919
116900251,312,2613,-2301
116900252,814,655,159
116900253,420,66,354
116900254,151,159,-8
116900255,268,393,-125
116900256,1115,293,822
116900257,116,673,-557
116900258,13,23,-10
116900259,666,55,611
116900260,0,32,-32
116900261,67,11,56
116900262,214,250,-36
116900263,1,12,-11
116900264,8,5,3
116900265,352,0,352
116900266,65,13,52
116900267,39,1,38
116900268,25,515,-490
116900269,534,1192,-658
116900271,520,1732,-1212
116900272,325,234,91
116900273,27,140,-113
116900274,294,31,263
116900275,622,100,522
116900276,445,934,-489
116900277,193,138,55
116900278,6,9,-3
116900279,10,8,2
116900280,156,7,149
116900281,2705,13994,-11289
116900282,0,24,-24
116900283,10,13,-3
116900284,4,64,-60
116900285,94,950,-856
116900286,162,3,159
116900287,15,5,10
116900288,296,36,260
116900289,114,3,111
116900290,29,3,26
116900291,57,17,40
116900292,0,26,-26
116900293,221,5,216
116900294,20,63,-43
116900295,372,268,104
116900296,128,157,-29
116900297,2,77,-75
116900298,83,141,-58
116900299,4,134,-130
116900300,0,115,-115
116900301,38,336,-298
116900302,19,83,-64
116900303,215,146,69
116900304,0,332,-332
116900305,18,46,-28
116900306,637,35,602
117000001,4554,5505,-951
117000002,2453,3281,-828
117000003,8254,2978,5276
117000004,2567,3886,-1319
117000005,5597,2187,3410
117000006,1504,1991,-487
117000007,12119,1385,10734
117000008,1810,2448,-638
117000009,6863,1760,5103
117000010,1323,2316,-993
117000011,6422,1889,4533
117000012,2972,1944,1028
117000013,4161,1527,2634
117000014,2606,2967,-361
117000015,5067,2765,2302
117000016,345,361,-16
117000017,95,355,-260
117000018,197,1716,-1519
117000019,82,4,78
117000020,432,4730,-4298
117000021,1550,538,1012
117000022,75,503,-428
117000023,104,656,-552
117000024,181,989,-808
117000025,241,3669,-3428
117000026,2654,3822,-1168
117000027,851,2803,-1952
117000028,654,1594,-940
117000030,405,487,-82
117000031,693,215,478
117000032,1956,1838,118
117000033,2288,1106,1182
117000034,575,283,292
117000035,612,329,283
117000036,910,374,536
117000037,453,215,238
117000038,454,471,-17
117000039,334,403,-69
117000040,53,551,-498
117000041,2521,118,2403
117000044,16,310,-294
117000045,1878,778,1100
117000046,291,955,-664
117000047,870,1162,-292
117000048,1468,783,685
117000049,41,335,-294
117000050,1623,2345,-722
117000051,4919,93,4826
117000052,210,184,26
117000053,2805,19,2786
117000054,3053,14,3039
117000055,0,735,-735
117000056,903,55,848
117000057,1776,2091,-315
117000060,464,894,-430
117000061,3878,2169,1709
117000062,224,637,-413
117000063,2314,823,1491
117000064,465,538,-73
117000066,410,567,-157
117000067,131,663,-532
117000074,20,191,-171
117000076,85,64,21
117000077,253,168,85
117000078,130,1318,-1188
117000079,493,213,280
117000080,2,401,-399
117000081,888,159,729
117000082,21,174,-153
117000083,134,48,86
117000084,328,0,328
117000085,826,1936,-1110
117000086,1077,621,456
117000087,182,740,-558
117000088,963,208,755
117000089,5075,194,4881
117000090,709,516,193
117000091,3048,155,2893
117000092,831,530,301
117000093,4319,291,4028
117000094,1390,581,809
117000095,6103,395,5708
117000096,1536,578,958
117000097,4734,741,3993
117000098,2753,1433,1320
117000099,8617,754,7863
117000100,421,301,120
117000101,314,508,-194
117000102,3678,389,3289
117000103,764,608,156
117000104,3912,419,3493
117000105,748,651,97
117000106,4045,318,3727
117000107,918,883,35
117000108,4796,917,3879
117000109,839,1163,-324
117000110,2455,3124,-669
117000111,6077,4107,1970
117000112,7545,1060,6485
117000113,151,77,74
117000114,569,802,-233
117000115,110,29,81
117000116,320,496,-176
117000117,1734,894,840
117000118,824,635,189
117000119,178,645,-467
117000120,19,753,-734
117000121,17,1267,-1250
117000122,1137,2247,-1110
117000123,2493,65,2428
117000124,39,178,-139
117000125,51,472,-421
117000126,55,47,8
117000127,196,633,-437
117000128,134,1017,-883
117000129,190,1162,-972
117000130,356,2,354
117000131,0,151,-151
117000132,10372,101,10271
117000133,7772,40,7732
117000134,0,131,-131
117000135,2,136,-134
117000136,0,25,-25
117000137,380,137,243
117000138,1,935,-934
117000140,627,526,101
117000141,3493,399,3094
117000181,372,169,203
117000182,2905,3201,-296
117000195,430,256,174
117000196,733,219,514
117000225,76,393,-317
117000226,12,307,-295
117000276,1033,65,968
117000277,0,98,-98
117000310,1283,4969,-3686
117000315,225,1316,-1091
117000320,82,0,82
117000906,1381,41,1340
117000907,3,111,-108
117000908,1,269,-268
117000909,160,91,69
117000910,410,113,297
117000911,49,177,-128
117000915,3,128,-125
117000916,196,12,184
117000917,2551,127,2424
117000918,380,280,100
117000919,4,95,-91
117000920,6,2320,-2314
117000921,0,349,-349
117000922,121,42,79
117000924,2023,1070,953
117000926,689,278,411
117000927,296,609,-313
117000928,0,126,-126
117000929,1186,91,1095
117000930,1852,7,1845
117000931,139,72,67
117900002,116,1248,-1132
117900003,85,121,-36
117900005,4,353,-349
117900006,0,42,-42
117900007,429,73,356
117900008,0,21,-21
117900010,733,66,667
117900011,6,776,-770
117900012,238,72,166
117900013,2,938,-936
117900014,1216,107,1109
117900015,38,114,-76
117900016,1325,2074,-749
117900017,1650,329,1321
117900018,711,534,177
117900019,1833,225,1608
117900020,71,199,-128
117900021,48,132,-84
117900022,47,4,43
117900023,3101,172,2929
117900024,169,183,-14
117900025,45,1,44
117900026,1058,247,811
117900028,164,16,148
117900029,871,268,603
117900030,436,573,-137
117900031,613,538,75
117900032,1764,688,1076
117900033,968,284,684
117900034,198,36,162
117900035,517,1590,-1073
117900036,577,227,350
117900037,449,81,368
117900038,243,84,159
117900039,0,88,-88
117900040,600,68,532
117900041,0,18,-18
117900042,2830,749,2081
117900043,0,13,-13
117900044,80,7061,-6981
117900045,625,123,502
117900048,408,311,97
117900049,612,397,215
117900050,4,477,-473
117900051,53,48,5
117900052,201,966,-765
117900053,3888,210,3678
117900054,0,2,-2
117900055,1649,492,1157
117900056,73,246,-173
117900057,1780,1001,779
117900058,8,109,-101
117900059,158,252,-94
117900060,6284,2880,3404
117900061,6,477,-471
117900063,966,223,743
117900065,311,1196,-885
117900066,8,298,-290
117900067,1861,225,1636
117900069,2040,147,1893
117900070,59,514,-455
117900071,478,121,357
117900073,2065,94,1971
117900074,27,681,-654
117900075,316,141,175
117900076,52,115,-63
117900077,1746,107,1639
117900078,888,688,200
117900080,433,28,405
117900081,437,132,305
117900082,1690,401,1289
117900083,1750,521,1229
117900086,432,120,312
117900087,279,8,271
117900088,890,713,177
117900089,4925,601,4324
117900090,1579,861,718
117900091,219,38,181
117900092,465,51,414
117900093,290,7,283
117900094,136,42,94
117900095,1274,988,286
117900096,414,362,52
117900097,342,103,239
117900098,260,42,218
117900099,605,716,-111
117900100,1780,2,1778
117900101,1497,4013,-2516
117900102,197,22,175
117900103,178,6,172
117900104,5,423,-418
117900105,63,281,-218
117900106,164,23,141
117900107,306,1,305
117900109,3055,871,2184
117900110,704,4,700
117900111,3057,307,2750
117900112,242,8,234
117900113,2289,4447,-2158
117900114,184,0,184
117900115,17,246,-229
117900116,1630,439,1191
117900117,1869,214,1655
117900118,625,7,618
117900119,714,22,692
117900120,1432,22,1410
117900121,166,41,125
117900122,1172,11662,-10490
117900123,1788,610,1178
117900124,372,1314,-942
117900125,2348,833,1515
117900126,210,187,23
117900127,1763,301,1462
117900128,992,486,506
117900129,377,0,377
117900130,1337,1384,-47
117900131,19,152,-133
117900132,15,45,-30
117900133,24,24,0
117900134,239,299,-60
117900135,116,138,-22
117900136,0,7,-7
117900137,197,133,64
117900138,0,3,-3
117900139,157,104,53
117900140,5560,1077,4483
117900141,32,301,-269
117900142,10,588,-578
117900144,23,883,-860
117900145,3,540,-537
117900146,157,605,-448
117900147,216,137,79
117900148,3108,5033,-1925
117900149,100,142,-42
117900150,194,72,122
117900151,118,158,-40
117900152,34,149,-115
117900153,50,278,-228
117900154,995,423,572
117900156,260,381,-121
117900157,138,257,-119
117900158,783,50,733
117900160,1882,806,1076
117900161,1302,496,806
117900162,1183,352,831
117900163,42,1045,-1003
117900165,0,2,-2
117900166,11,178,-167
117900168,323,216,107
117900169,0,55,-55
117900170,0,33,-33
117900171,16,16,0
117900172,44,21,23
117900173,81,32,49
117900174,26,27,-1
117900175,3,44,-41
117900176,39,24,15
117900177,61,10,51
117900178,110,64,46
117900180,421,20,401
117900181,166,973,-807
117900182,2,140,-138
117900183,348,158,190
117900184,52,70,-18
117900185,77,91,-14
117900186,155,12,143
117900187,50,4,46
117900188,551,154,397
117900189,306,55,251
117900190,28,1,27
117900191,192,2,190
117900192,744,2,742
117900193,0,30,-30
117900194,3,4,-1
117900195,70,835,-765
117900196,96,50,46
117900207,133,212,-79
117900208,49,27,22
117900209,400,106,294
117900210,256,77,179
117900211,3,63,-60
117900212,238,94,144
117900213,112,40,72
117900214,33,10,23
117900215,76,50,26
117900216,18,93,-75
117900217,122,189,-67
117900218,113,168,-55
117900219,0,215,-215
117900220,9,285,-276
117900222,337,149,188
117900223,224,679,-455
118000001,960,2378,-1418
118000002,671,1252,-581
118000003,2327,4360,-2033
118000004,1075,3607,-2532
118000005,4599,2719,1880
118000006,2858,3763,-905
118000007,6281,12038,-5757
118000008,1033,10252,-9219
118000009,1724,4141,-2417
118000010,4323,4596,-273
118000011,4261,1448,2813
118000012,1338,2734,-1396
118000013,2968,3175,-207
118000014,1908,1639,269
118000016,500,151,349
118000017,988,543,445
118000018,515,143,372
118000019,1573,1974,-401
118000020,428,1779,-1351
118000021,485,2078,-1593
118000022,1367,492,875
118000023,572,343,229
118000024,612,714,-102
118000027,9490,6720,2770
118000029,665,864,-199
118000032,381,2099,-1718
118000033,1845,3984,-2139
118000034,2692,2783,-91
118000035,1789,2128,-339
118000036,1333,939,394
118000037,1132,1278,-146
118000038,1145,101,1044
118000039,276,82,194
118000040,3314,1377,1937
118000041,5478,1988,3490
118000045,117,243,-126
118000046,664,1229,-565
118000047,514,2481,-1967
118000048,1704,3675,-1971
118000051,1499,3368,-1869
118000052,503,1118,-615
118000053,435,1994,-1559
118000054,3315,2182,1133
118000055,2092,1680,412
118000056,78,867,-789
118000057,213,1252,-1039
118000058,2170,5485,-3315
118000059,1337,3414,-2077
118000060,2051,1742,309
118000061,2224,1878,346
118000062,584,167,417
118000063,427,841,-414
118000064,764,1744,-980
118000065,2539,1904,635
118000066,1342,2880,-1538
118000067,533,876,-343
118000068,861,12736,-11875
118000069,1202,1401,-199
118000070,7923,2913,5010
118000071,4576,15041,-10465
118000072,776,5292,-4516
118000073,391,2341,-1950
118000074,446,1337,-891
118000075,815,496,319
118000076,2217,10983,-8766
118000077,1171,1169,2
118000078,2756,2660,96
118000079,164,621,-457
118000080,407,702,-295
118000081,1767,1618,149
118000082,369,1054,-685
118000083,1363,1388,-25
118000084,1478,3716,-2238
118000086,148,908,-760
118000087,3939,2681,1258
118000088,1543,1774,-231
118000089,3977,4845,-868
118000090,1580,5333,-3753
118000091,1239,7710,-6471
118000092,690,726,-36
118000093,82,752,-670
118000096,947,458,489
118000097,975,543,432
118000098,322,218,104
118000099,1071,245,826
118000101,2724,327,2397
118000102,522,449,73
118000107,1694,363,1331
118000108,758,10218,-9460
118000110,0,9,-9
118000111,0,125,-125
118000112,2958,46,2912
118000113,4,356,-352
118000114,2713,55,2658
118000115,21,24,-3
118000116,68,1,67
118000117,699,692,7
118000118,1853,1255,598
118000119,2237,1678,559
118000120,1449,984,465
118000121,7,524,-517
118000122,464,193,271
118000123,90,251,-161
118000125,904,1318,-414
118000126,1114,3284,-2170
118000127,1591,926,665
118000128,326,2178,-1852
118000129,1901,1156,745
118000130,2005,3213,-1208
118000131,396,788,-392
118000132,3465,3122,343
118000133,2458,979,1479
118000135,1147,1157,-10
118000136,144,845,-701
118000137,521,71,450
118000138,660,386,274
118000139,843,110,733
118000140,5201,12405,-7204
118000141,4543,1736,2807
118000142,4968,2228,2740
118000143,4567,2559,2008
118000144,672,429,243
118000145,1743,1068,675
118000146,1986,240,1746
118000147,1736,700,1036
118000148,1579,2097,-518
118000149,1340,502,838
118000150,1664,204,1460
118000151,1245,227,1018
118000153,3035,826,2209
118000154,2895,842,2053
118000155,4024,1016,3008
118000156,2433,5098,-2665
118000157,884,387,497
118000158,313,870,-557
118000159,64,167,-103
118000160,1271,402,869
118000161,881,302,579
118000162,2326,936,1390
118000163,1996,1063,933
118000164,2662,1532,1130
118000168,611,2329,-1718
118000169,1265,957,308
118000170,3530,2629,901
118000171,655,359,296
118000172,59,142,-83
118000173,1001,1428,-427
118000175,279,199,80
118000176,647,276,371
118000177,516,369,147
118000178,29,34,-5
118000179,761,697,64
118000180,627,369,258
118000181,660,155,505
118000182,331,85,246
118000183,237,260,-23
118000184,2221,412,1809
118000185,395,2654,-2259
118000186,502,1701,-1199
118000187,4128,313,3815
118000188,2005,55,1950
118000189,2405,174,2231
118000190,17,7,10
118000191,51,18,33
118000192,14,169,-155
118000193,10,205,-195
118000194,2351,1388,963
118000195,243,3957,-3714
118000196,83,679,-596
118000197,100,393,-293
118000198,295,2162,-1867
118000199,274,1339,-1065
118000200,118,901,-783
118000201,119,1058,-939
118000202,26,809,-783
118000203,308,2088,-1780
118000204,44,791,-747
118000205,85,370,-285
118000206,400,267,133
118000207,1,82,-81
118000208,2283,1525,758
118000209,3150,547,2603
118000210,584,28,556
118000211,349,36,313
118000213,767,4567,-3800
118000214,316,893,-577
118000215,575,100,475
118000216,11772,2500,9272
118000217,5,37,-32
118000218,136,37,99
118000219,370,242,128
118000220,84,55,29
118000221,2079,1679,400
118000222,150,7,143
118000223,113,51,62
118000224,127,63,64
118000225,331,683,-352
118000226,3130,187,2943
118000227,591,507,84
118000228,48,267,-219
118000229,36,696,-660
118000230,202,179,23
118000231,111,196,-85
118000232,1360,237,1123
118000233,2511,463,2048
118000234,997,96,901
118000236,371,363,8
118000237,304,137,167
118000238,362,57,305
118000239,616,329,287
118000240,100,111,-11
118000241,455,161,294
118000242,1194,152,1042
118000243,442,107,335
118000244,135,30,105
118000246,3,59,-56
118000255,42,454,-412
118000256,300,220,80
118000259,47,119,-72
118000260,522,87,435
118000261,119,8,111
118000263,158,267,-109
118000266,284,143,141
118000267,0,113,-113
118000268,429,3,426
118000270,359,4,355
118000271,481,114,367
118000272,68,61,7
118000273,790,57,733
118000274,68,214,-146
118000276,707,158,549
118000295,54,207,-153
118000298,232,184,48
118000299,67,34,33
118000301,0,55,-55
118000302,133,8,125
118000311,2564,76,2488
118000312,920,45,875
118000313,97,49,48
118000314,343,18,325
118000315,252,19,233
118000316,1459,203,1256
118000325,262,9,253
118000326,148,60,88
118000331,105,1,104
118000332,10,12,-2
118000333,97,25,72
118000335,1847,18,1829
118000336,0,205,-205
118000407,838,33,805
118000457,2,30,-28
118000465,668,3246,-2578
118000480,148,53,95
118000489,16,1006,-990
118000490,3,208,-205
118000492,1206,321,885
118000510,73,4,69
118000514,69,264,-195
118000515,1021,2790,-1769
118000517,292,182,110
118000524,570,694,-124
118000525,439,723,-284
118000530,21,227,-206
118000531,927,264,663
118000532,288,119,169
118000533,242,67,175
118000534,970,213,757
118000535,640,55,585
118000536,35,421,-386
118000537,81,77,4
118000538,24,72,-48
118000539,104,275,-171
118000540,349,199,150
118000541,159,159,0
118000542,236,346,-110
118000543,549,230,319
118000546,139,19,120
118000553,0,0,0
118000560,756,4347,-3591
118000562,109,39,70
118000563,1717,1711,6
118000576,229,23,206
118000577,243,176,67
118000578,121,33,88
118000579,513,3166,-2653
118000583,0,1,-1
118000595,309,60,249
118000596,1,185,-184
118000597,356,81,275
118000598,41,0,41
118000599,332,48,284
118000600,1,32,-31
118000601,71,0,71
118000602,0,19,-19
118000603,1,11,-10
118900001,598,1530,-932
118900002,750,1157,-407
118900003,1472,3,1469
118900004,249,21,228
118900005,126,2,124
118900006,388,7,381
118900007,3,0,3
118900008,903,22,881
118900009,314,294,20
118900010,241,23,218
118900011,271,14,257
118900012,427,136,291
118900013,1434,1180,254
118900015,729,40,689
118900016,3,7,-4
118900017,41,341,-300
118900018,1287,40,1247
118900019,3,8,-5
118900020,35,63,-28
118900021,249,568,-319
118900022,239,10,229
118900023,87,114,-27
118900024,181,153,28
118900025,41,234,-193
118900026,79,11,68
118900027,420,245,175
118900028,297,97,200
118900029,449,344,105
118900030,1661,136,1525
118900031,215,37,178
118900032,271,97,174
118900033,505,823,-318
118900034,435,67,368
118900035,181,95,86
118900036,1914,395,1519
118900037,513,913,-400
118900038,1057,60,997
118900039,1883,280,1603
118900040,442,82,360
118900041,1375,110,1265
118900042,154,67,87
118900045,191,317,-126
118900046,350,301,49
118900047,252,513,-261
118900048,45,465,-420
118900049,36,13,23
118900050,268,13,255
118900051,100,105,-5
118900052,269,494,-225
118900053,15,43,-28
118900054,167,116,51
118900055,453,7,446
118900056,44,214,-170
118900057,1087,742,345
118900058,987,601,386
118900059,3,55,-52
118900060,203,301,-98
118900062,399,89,310
118900064,160,955,-795
118900065,134,255,-121
118900066,198,59,139
118900067,2712,6606,-3894
118900068,8,775,-767
118900069,1209,89,1120
118900071,7,8,-1
118900072,899,1293,-394
118900073,545,113,432
118900074,289,55,234
118900075,503,4,499
118900076,227,54,173
118900077,936,165,771
118900078,3,0,3
118900079,18,126,-108
118900080,335,75,260
118900081,69,54,15
118900082,3719,383,3336
118900083,39,0,39
118900084,25,2,23
118900085,278,189,89
118900086,67,88,-21
118900087,179,1810,-1631
118900088,4,6,-2
118900089,62,20,42
118900090,244,95,149
118900091,179,284,-105
118900092,582,18,564
118900093,121,13,108
118900096,118,9,109
118900097,531,223,308
118900099,25,93,-68
118900100,61,104,-43
118900101,745,122,623
118900102,63,75,-12
118900103,32,98,-66
118900104,741,99,642
118900105,234,38,196
118900107,38,29,9
118900108,151,184,-33
118900110,1573,1953,-380
118900111,1331,574,757
118900112,458,307,151
118900113,126,329,-203
118900114,19,82,-63
118900115,285,229,56
118900116,175,79,96
118900117,197,29,168
118900118,674,116,558
118900119,250,177,73
118900120,86,285,-199
118900121,67,107,-40
118900122,3,989,-986
118900123,123,289,-166
118900124,284,295,-11
118900126,74,209,-135
118900129,459,81,378
118900130,50,125,-75
118900131,797,278,519
118900132,510,161,349
118900133,16,189,-173
118900135,401,67,334
118900136,541,121,420
118900137,7,87,-80
118900139,842,440,402
118900140,813,246,567
118900141,125,179,-54
118900144,265,115,150
118900145,8,287,-279
118900146,713,358,355
118900147,109,378,-269
118900148,50,64,-14
118900150,90,797,-707
118900152,654,266,388
118900157,15,198,-183
118900158,458,36,422
118900159,0,87,-87
118900161,78,34,44
118900163,34,39,-5
118900164,0,17,-17
118900165,205,91,114
118900166,4,1,3
118900167,96,83,13
118900168,64,143,-79
118900169,463,174,289
118900170,788,63,725
118900171,104,8,96
118900174,20,29,-9
118900175,837,325,512
118900176,258,441,-183
118900177,204,12,192
118900178,104,33,71
118900179,7,19,-12
118900181,184,56,128
118900182,15,50,-35
118900183,18,240,-222
118900184,237,46,191
118900185,196,33,163
118900186,62,75,-13
118900187,199,392,-193
118900188,307,171,136
118900189,36,592,-556
118900190,229,125,104
118900191,1049,70,979
118900192,1284,35,1249
118900193,2568,4,2564
118900195,202,464,-262
118900196,39,96,-57
118900197,868,6,862
118900198,123,2,121
118900199,212,6,206
118900200,68,47,21
118900201,99,102,-3
118900202,2,40,-38
118900203,124,4,120
118900204,39,6,33
118900205,4,5,-1
118900206,2,3,-1
119000001,2639,1871,768
119000002,4693,3548,1145
119000003,8490,1004,7486
119000004,5278,2689,2589
119000005,3499,4286,-787
119000006,7132,3130,4002
119000007,6186,5043,1143
119000008,2669,2652,17
119000009,3105,9287,-6182
119000010,5247,6253,-1006
119000011,2508,3054,-546
119000012,1520,5112,-3592
119000013,4212,2102,2110
119000014,3128,3570,-442
119000019,504,291,213
119000020,4746,2007,2739
119000021,8194,4253,3941
119000022,2085,6126,-4041
119000023,218,409,-191
119000024,2252,31041,-28789
119000025,3910,1656,2254
119000026,30,802,-772
119000027,130,673,-543
119000028,2348,761,1587
119000029,15,229,-214
119000030,1024,943,81
119000031,2307,857,1450
119000032,2168,1573,595
119000033,3826,942,2884
119000034,2985,686,2299
119000035,64,151,-87
119000036,5385,320,5065
119000037,3052,613,2439
119000038,521,301,220
119000039,1128,670,458
119000040,839,1208,-369
119000041,1629,2846,-1217
119000048,2471,1090,1381
119000049,4739,1355,3384
119000050,1363,3507,-2144
119000051,3867,1839,2028
119000052,2809,2393,416
119000053,3205,1163,2042
119000054,5192,972,4220
119000055,9663,1142,8521
119000056,6009,1130,4879
119000057,2585,601,1984
119000058,1663,761,902
119000059,975,565,410
119000060,3535,387,3148
119000061,1166,299,867
119000062,1380,625,755
119000063,947,846,101
119000064,763,570,193
119000065,1601,3023,-1422
119000066,2564,1268,1296
119000067,2291,829,1462
119000068,3336,534,2802
119000069,3568,1061,2507
119000070,6422,357,6065
119000071,747,346,401
119000072,4828,3039,1789
119000073,6735,14508,-7773
119000074,3084,1038,2046
119000075,8295,2526,5769
119000076,137,478,-341
119000077,1585,466,1119
119000078,945,345,600
119000079,294,253,41
119000080,1503,161,1342
119000081,530,341,189
119000082,1691,219,1472
119000083,1099,709,390
119000084,605,278,327
119000085,514,72,442
119000086,457,979,-522
119000087,738,126,612
119000088,438,79,359
119000089,135,149,-14
119000090,96,44,52
119000091,93,284,-191
119000092,182,166,16
119000093,3606,1773,1833
119000094,7217,5725,1492
119000095,4567,2729,1838
119000097,1150,657,493
119000098,1412,8320,-6908
119000099,2032,564,1468
119000100,6542,3073,3469
119000101,5787,1537,4250
119000102,464,1957,-1493
119000103,1124,678,446
119000104,1200,529,671
119000105,1765,4079,-2314
119000106,798,365,433
119000107,2463,787,1676
119000108,1128,388,740
119000109,237,332,-95
119000110,253,251,2
119000111,108,730,-622
119000112,197,77,120
119000113,957,120,837
119000114,1588,2341,-753
119000115,42,169,-127
119000116,130,63,67
119000117,327,362,-35
119000118,68,1,67
119000123,2207,2167,40
119000124,2395,139,2256
119000125,8687,407,8280
119000126,4044,526,3518
119000127,1457,201,1256
119000128,22,1,21
119000131,1845,110,1735
119000132,1,0,1
119000133,8,9,-1
119000134,855,895,-40
119000135,310,191,119
119000136,725,64,661
119000137,693,134,559
119000138,1622,56,1566
119000139,240,36,204
119000140,356,458,-102
119000284,1372,1691,-319
119000285,1543,744,799
119000286,4064,2623,1441
119000287,2274,2941,-667
119000288,3427,920,2507
119000289,1768,1638,130
119000290,435,419,16
119000291,66,541,-475
119000293,166,288,-122
119000294,57,40,17
119000295,2088,223,1865
119000296,496,100,396
119000299,0,0,0
119000302,1452,1588,-136
119000303,10,162,-152
119000314,2253,17305,-15052
119000315,0,115,-115
119000316,550,55,495
119000317,292,122,170
119900001,74,2497,-2423
119900002,531,173,358
119900003,16,194,-178
119900004,116,4644,-4528
119900005,460,106,354
119900006,120,508,-388
119900007,467,339,128
119900008,48,655,-607
119900009,673,192,481
119900010,1046,338,708
119900011,19,530,-511
119900012,3,281,-278
119900013,1702,1131,571
119900014,852,66,786
119900015,655,97,558
119900016,150,76,74
119900017,43,86,-43
119900018,766,2741,-1975
119900019,113,6,107
119900020,143,95,48
119900021,246,64,182
119900022,94,1624,-1530
119900023,443,4342,-3899
119900025,865,29,836
119900026,728,102,626
119900027,1,6,-5
119900028,519,349,170
119900029,9,1,8
119900030,992,786,206
119900031,95,1521,-1426
119900033,1211,213,998
119900034,1894,52,1842
119900037,320,31,289
119900038,19,851,-832
119900039,144,14,130
119900040,111,30,81
119900041,483,6,477
119900042,108,1183,-1075
119900043,121,195,-74
119900044,156,1227,-1071
119900046,493,14,479
119900047,1089,415,674
119900048,140,5,135
119900049,288,0,288
119900050,242,246,-4
119900051,2096,15,2081
119900052,382,17,365
119900053,678,252,426
119900054,966,17,949
119900055,2065,191,1874
119900057,1008,9,999
119900058,904,11,893
119900059,177,27,150
119900060,701,73,628
119900062,477,2,475
119900063,24,153,-129
119900065,463,0,463
119900066,0,1,-1
119900067,185,274,-89
119900068,1395,4,1391
119900069,278,11,267
119900070,1884,2,1882
119900071,1903,42,1861
119900073,3112,223,2889
119900074,66,29,37
119900075,1963,1485,478
119900076,1769,271,1498
119900077,2276,260,2016
119900078,1207,1341,-134
119900079,1682,104,1578
119900080,3158,522,2636
119900081,2055,29,2026
119900082,4438,275,4163
119900083,800,92,708
119900084,907,337,570
119900085,94,35,59
119900087,290,390,-100
119900088,123,8,115
119900089,51,129,-78
119900090,115,13,102
119900091,27,216,-189
119900092,30,501,-471
119900093,1414,146,1268
119900094,11,182,-171
119900095,274,28,246
119900096,89,89,0
119900097,58,270,-212
119900098,47,11,36
119900099,32,103,-71
119900100,401,2869,-2468
119900101,105,685,-580
119900102,78,75,3
119900103,73,85,-12
119900104,35,71,-36
119900105,832,1447,-615
119900106,19,78,-59
119900107,342,941,-599
119900108,3109,441,2668
119900109,33,75,-42
119900110,859,272,587
119900111,326,82,244
119900112,468,1451,-983
119900113,118,197,-79
119900114,463,233,230
119900115,1080,189,891
119900116,379,524,-145
119900117,503,170,333
119900118,386,162,224
119900119,468,108,360
119900120,462,206,256
119900121,1338,217,1121
119900122,154,54,100
119900123,123,148,-25
119900124,501,165,336
119900125,102,111,-9
119900126,1436,216,1220
119900127,615,248,367
119900128,1008,1441,-433
119900129,823,143,680
119900130,24,72,-48
119900131,89,87,2
119900132,261,69,192
119900133,311,69,242
119900134,287,66,221
119900135,1,141,-140
119900136,175,137,38
119900138,274,175,99
119900139,23,1237,-1214
119900140,25,32,-7
119900141,14,1106,-1092
119900142,13,27,-14
119900143,21,115,-94
119900144,720,195,525
119900145,37,200,-163
119900146,514,179,335
119900147,7,242,-235
119900148,698,23,675
119900149,385,10939,-10554
119900150,152,73,79
119900151,2062,1025,1037
119900152,435,96,339
119900153,354,62,292
119900154,15,157,-142
119900155,120,14,106
119900156,8,14,-6
119900157,300,66,234
119900158,409,67,342
119900159,2,185,-183
119900160,16,64,-48
119900161,293,56,237
119900162,2325,700,1625
119900163,282,181,101
119900164,0,2,-2
119900165,247,32,215
119900166,123,18,105
119900167,1,33,-32
119900168,2874,199,2675
119900169,30,271,-241
119900170,375,150,225
119900171,1120,653,467
119900172,25,11,14
119900173,3,50,-47
119900174,1,81,-80
119900175,4115,276,3839
119900177,10,67,-57
119900178,0,73,-73
119900179,579,1984,-1405
119900180,2507,697,1810
119900181,25,48,-23
119900182,1,51,-50
119900183,130,436,-306
119900184,518,324,194
119900185,74,591,-517
119900186,12,2539,-2527
119900187,0,150,-150
119900188,182,313,-131
119900189,150,261,-111
119900190,89,420,-331
119900191,191,286,-95
119900192,29,98,-69
119900193,1636,115,1521
119900194,37,36,1
119900195,8,193,-185
119900196,296,187,109
119900197,540,109,431
119900198,129,871,-742
119900199,205,12,193
119900200,1171,1526,-355
119900201,225,94,131
119900202,37,409,-372
119900203,242,840,-598
119900204,456,216,240
119900205,2310,279,2031
119900206,674,395,279
119900208,496,78,418
119900209,900,3649,-2749
119900210,106,15,91
119900211,135,2,133
119900212,673,346,327
119900213,8,51,-43
119900214,160,21,139
119900215,108,9,99
119900216,37,9,28
119900217,23,9,14
119900218,5,340,-335
119900219,39,62,-23
119900220,5,9,-4
119900221,52,34,18
119900222,21,33,-12
119900223,12,22,-10
119900224,4,9,-5
119900225,257,29,228
119900226,197,2977,-2780
119900227,178,100,78
119900228,25,2118,-2093
119900229,63,109,-46
119900230,1906,208,1698
119900231,667,53,614
119900232,233,84,149
119900233,72,6,66
119900234,10,114,-104
119900235,6,43,-37
119900236,118,136,-18
119900237,201,340,-139
119900238,4,94,-90
119900240,305,89,216
119900241,421,165,256
119900242,1910,1705,205
119900244,633,1043,-410
119900245,338,216,122
119900246,242,363,-121
119900247,23,21,2
119900248,29,886,-857
119900249,478,77,401
119900253,1380,316,1064
119900254,83,2439,-2356
119900255,173,459,-286
119900256,2088,374,1714
119900257,151,4,147
119900258,664,27,637
119900259,32,46,-14
119900260,434,11,423
119900261,938,1635,-697
119900262,1,25,-24
119900263,2113,253,1860
119900264,313,30,283
119900265,1024,383,641
119900266,948,302,646
119900267,255,236,19
119900268,446,52,394
119900269,2505,517,1988
119900271,124,85,39
119900272,170,128,42
119900275,136,23,113
119900276,115,2,113
119900277,3,1,2
119900278,733,73,660
119900279,198,481,-283
119900280,588,58,530
119900281,1,508,-507
119900282,20,121,-101
119900283,62,56,6
119900284,53,130,-77
119900285,0,67,-67
119900286,0,6,-6
119900288,5,4,1
119900289,0,13,-13
119900290,14,0,14
119900291,1,42,-41
119900292,28,109,-81
119900293,49,17,32
119900294,33,1,32
119900295,0,0,0
119900296,0,0,0
119900299,496,206,290
119900300,1101,869,232
119900301,50,156,-106
119900302,74,208,-134
119900303,893,1496,-603
119900304,538,14,524
119900305,1,41,-40
119900306,19,1,18
119900307,93,44,49
119900308,13,11,2
119900309,51,421,-370
119900310,454,114,340
119900311,344,17,327
119900312,136,18,118
119900313,300,240,60
119900314,435,530,-95
119900315,4524,773,3751
119900318,27,183,-156
119900319,53,171,-118
119900320,609,166,443
119900321,551,37,514
119900322,10,27,-17
119900323,2,29,-27
119900324,0,103,-103
119900325,226,84,142
119900326,36,18,18
120000001,10710,42759,-32049
120000002,3625,2726,899
120000003,2577,790,1787
120000004,3273,946,2327
120000005,3294,1015,2279
120000006,2046,736,1310
120000007,3647,5769,-2122
120000008,1698,684,1014
120000009,1448,911,537
120000010,3444,5875,-2431
120000011,1344,1027,317
120000012,2505,1062,1443
120000013,4783,2332,2451
120000014,1510,1220,290
120000015,3554,1299,2255
120000016,6136,2570,3566
120000017,6720,6494,226
120000018,3592,27356,-23764
120000019,1875,1511,364
120000020,2752,3398,-646
120000021,2196,1086,1110
120000022,2771,3227,-456
120000023,1851,1471,380
120000024,1311,1570,-259
120000025,4317,1341,2976
120000026,5891,1376,4515
120000027,3520,2000,1520
120000028,728,1644,-916
120000029,1591,1113,478
120000030,272,1744,-1472
120000031,2627,6587,-3960
120000032,4625,1880,2745
120000033,5693,711,4982
120000034,7694,781,6913
120000035,6890,1194,5696
120000036,5285,6637,-1352
120000037,605,2894,-2289
120000038,5156,2528,2628
120000039,681,2513,-1832
120000040,156,14870,-14714
120000041,963,2040,-1077
120000042,5464,1301,4163
120000043,9485,754,8731
120000044,12800,1904,10896
120000045,13517,647,12870
120000046,7872,7402,470
120000047,663,17752,-17089
120000048,7305,3549,3756
120000049,6717,2339,4378
120000050,5510,4118,1392
120000051,2648,5760,-3112
120000052,6432,725,5707
120000053,2920,1281,1639
120000054,2392,2264,128
120000055,2163,2465,-302
120000056,5069,3032,2037
120000057,5124,2849,2275
120000058,1782,890,892
120000059,16,2866,-2850
120000061,184,983,-799
120000062,182,177,5
120000063,651,1899,-1248
120000064,639,958,-319
120000065,656,4341,-3685
120000066,345,205,140
120000067,25,132,-107
120000068,695,163,532
120000069,1630,250,1380
120000070,464,582,-118
120000071,2148,171,1977
120000072,2618,653,1965
120000073,2456,39,2417
120000074,137,141,-4
120000075,2399,682,1717
120000076,5733,1713,4020
120000077,5614,500,5114
120000078,2912,861,2051
120000079,462,149,313
120000080,158,207,-49
120000081,340,85,255
120000082,410,128,282
120000083,56,810,-754
120000084,300,367,-67
120000085,403,768,-365
120000086,504,171,333
120000087,473,221,252
120000088,1081,562,519
120000089,1174,238,936
120000090,1061,391,670
120000091,2423,1400,1023
120000092,1419,345,1074
120000093,2332,388,1944
120000094,670,579,91
120000095,1221,151,1070
120000096,620,290,330
120000098,1627,1906,-279
120000099,593,314,279
120000100,1217,504,713
120000101,1158,540,618
120000102,1402,1424,-22
120000103,2423,1098,1325
120000104,4500,465,4035
120000105,4571,191,4380
120000106,6991,222,6769
120000107,12884,822,12062
120000108,4516,194,4322
120000109,2389,54,2335
120000110,84,603,-519
120000111,215,576,-361
120000112,720,985,-265
120000113,668,1478,-810
120000114,700,847,-147
120000115,586,675,-89
120000116,638,1087,-449
120000117,597,667,-70
120000118,35,52,-17
120000119,3,30,-27
120000120,312,407,-95
120000121,30,14,16
120000122,267,1738,-1471
120000123,2059,16298,-14239
120000124,698,402,296
120000125,1924,583,1341
120000126,827,1358,-531
120000127,971,800,171
120000128,2831,3262,-431
120000129,283,174,109
120000130,1204,597,607
120000131,926,397,529
120000134,1033,184,849
120000135,2106,810,1296
120000137,649,217,432
120000138,4529,145,4384
120000139,848,343,505
120000140,3578,175,3403
120000141,749,1957,-1208
120000142,1753,2021,-268
120000143,0,31,-31
120000144,293,38,255
120000145,1368,1,1367
120000146,889,1073,-184
120000149,495,485,10
120000150,1647,15245,-13598
120000151,1276,254,1022
120000152,2751,110,2641
120000153,1767,440,1327
120000154,1124,908,216
120000155,654,603,51
120000156,1029,3859,-2830
120000157,2611,430,2181
120000158,2157,789,1368
120000159,2894,1204,1690
120000160,2611,1600,1011
120000161,6675,3149,3526
120000162,245,273,-28
120000163,2172,417,1755
120000164,2039,156,1883
120000165,2754,229,2525
120000166,4124,313,3811
120000167,144,181,-37
120000168,8,431,-423
120000169,14,1180,-1166
120000170,39,1117,-1078
120000171,13,414,-401
120000172,5,282,-277
120000173,150,531,-381
120000174,20,111,-91
120000175,27,33,-6
120000176,15,42,-27
120000177,490,109,381
120000178,11,19,-8
120000179,69,98,-29
120000180,42,69,-27
120000181,24,749,-725
120000182,23,649,-626
120000183,0,200,-200
120000184,89,758,-669
120000186,16,579,-563
120000187,10,576,-566
120000188,27,278,-251
120000190,54,19,35
120000191,112,43,69
120000192,68,5,63
120000193,23,2,21
120000195,5,1,4
120000196,22,4,18
120000197,5,12,-7
120000198,675,6,669
120000199,683,2,681
120000200,500,1,499
120000201,58,109,-51
120000202,0,49,-49
120000203,372,110,262
120000207,2,30,-28
120000208,14,52,-38
120000209,34,16,18
120000210,52,16,36
120000211,1195,9,1186
120000212,981,3,978
120000213,821,252,569
120000214,1,34,-33
120000215,6,45,-39
120000216,1028,52,976
120000217,235,516,-281
120000218,37,441,-404
120000219,4,255,-251
120000220,16,637,-621
120000225,5000,8,4992
120000226,1189,26,1163
120000227,1674,271,1403
120000228,12095,6674,5421
120000230,892,29,863
120000231,4252,410,3842
120000233,1851,9,1842
120000235,728,420,308
120000236,4032,1,4031
120000237,1,618,-617
120000238,0,345,-345
120000241,1694,8136,-6442
120000412,1395,34,1361
120000413,1340,152,1188
120000414,654,3,651
120000415,0,23,-23
120000416,351,23,328
120000417,35,1694,-1659
120000418,747,27,720
120000419,23,59,-36
120000420,110,7,103
120000421,8520,4710,3810
120000422,126,5363,-5237
120000423,10,264,-254
120000424,881,88,793
120000436,84,2303,-2219
120000437,54,75,-21
120000438,1307,221,1086
120000439,344,985,-641
120000443,427,0,427
120000444,3454,483,2971
120000445,3676,1605,2071
120000446,1084,76,1008
120000447,1425,4,1421
120000449,542,13,529
120000450,7,105,-98
120000451,340,75,265
120000452,364,6,358
120000453,0,28,-28
120000454,55,179,-124
120000455,176,22,154
120000456,1634,8231,-6597
120000457,470,192,278
120000458,805,396,409
120000459,537,89,448
120000665,130,567,-437
120000668,83,1248,-1165
120000669,1071,116,955
120000670,47,417,-370
120000671,5844,1394,4450
120000672,83,463,-380
120900001,87,37,50
120900002,180,717,-537
120900003,198,3,195
120900004,36,286,-250
120900005,194,320,-126
120900006,1579,154,1425
120900007,303,166,137
120900008,1058,368,690
120900009,410,12,398
120900010,1483,185,1298
120900011,16,139,-123
120900012,44,1778,-1734
120900013,646,106,540
120900014,2,146,-144
120900015,2164,127,2037
120900016,3755,40,3715
120900017,1710,36,1674
120900018,811,112,699
120900019,664,481,183
120900020,460,607,-147
120900021,537,145,392
120900022,4,85,-81
120900023,942,1237,-295
120900024,1778,811,967
120900025,1569,583,986
120900026,227,80,147
120900027,558,22,536
120900028,1323,286,1037
120900029,24,1692,-1668
120900030,3573,491,3082
120900031,713,126,587
120900032,3745,383,3362
120900033,3056,250,2806
120900034,18,4782,-4764
120900035,191,84,107
120900037,904,40,864
120900038,139,1016,-877
120900039,192,62,130
120900040,1143,26,1117
120900041,37,18,19
120900042,1567,14,1553
120900043,341,130,211
120900044,5,674,-669
120900045,312,52,260
120900046,2043,4,2039
120900047,247,370,-123
120900048,300,18,282
120900049,1734,14,1720
120900050,652,6484,-5832
120900051,1302,78,1224
120900052,3361,11,3350
120900053,1125,52,1073
120900054,1268,218,1050
120900055,1593,4,1589
120900056,1437,75,1362
120900057,690,11,679
120900058,2007,5,2002
120900059,420,6,414
120900060,149,9,140
120900061,380,100,280
120900062,1053,3,1050
120900063,2252,32,2220
120900064,2088,2,2086
120900065,1634,4,1630
120900066,3054,120,2934
120900067,412,273,139
120900068,1374,4,1370
120900069,1196,14,1182
120900071,81,1,80
120900072,2428,16,2412
120900073,2033,55,1978
120900074,2513,53,2460
120900076,1573,3,1570
120900077,1368,473,895
120900078,2030,243,1787
120900079,2895,61,2834
120900080,2722,488,2234
120900081,5755,378,5377
120900082,973,510,463
120900083,314,3,311
120900084,712,693,19
120900085,56,58,-2
120900086,77,1653,-1576
120900087,723,279,444
120900088,233,1236,-1003
120900089,3823,7039,-3216
120900090,557,8,549
120900091,246,1225,-979
120900092,197,156,41
120900093,843,62,781
120900094,262,76,186
120900095,490,13,477
120900096,214,158,56
120900097,1057,301,756
120900098,47,68,-21
120900099,174,18,156
120900100,86,90,-4
120900101,60,86,-26
120900102,153,34,119
120900103,184,250,-66
120900104,10,9,1
120900105,11,295,-284
120900106,265,130,135
120900107,216,106,110
120900108,19,262,-243
120900109,47,213,-166
120900110,5,196,-191
120900111,353,199,154
120900112,11,221,-210
120900113,10,810,-800
120900114,51,102,-51
120900115,156,271,-115
120900116,2164,117,2047
120900117,3,102,-99
120900118,45,2314,-2269
120900119,5731,2207,3524
120900120,201,252,-51
120900121,19,158,-139
120900122,2347,175,2172
120900123,5,67,-62
120900124,4,171,-167
120900125,1,287,-286
120900126,124,391,-267
120900127,32,88,-56
120900128,350,490,-140
120900129,3,166,-163
120900130,9,213,-204
120900131,49,160,-111
120900132,2531,123,2408
120900133,19,505,-486
120900134,125,124,1
120900135,2,789,-787
120900136,36,134,-98
120900137,944,51,893
120900138,4,109,-105
120900139,4,234,-230
120900140,3,166,-163
120900141,667,132,535
120900142,0,122,-122
120900143,0,221,-221
120900144,0,55,-55
120900145,186,2518,-2332
120900146,1,108,-107
120900147,21,3,18
120900148,452,122,330
120900149,0,97,-97
120900150,172,95,77
120900151,0,80,-80
120900152,7,1,6
120900153,0,3,-3
120900154,22,43,-21
120900155,507,207,300
120900156,511,85,426
120900157,0,3,-3
120900158,111,197,-86
120900159,2,42,-40
120900160,13,544,-531
120900161,32,373,-341
120900162,18,335,-317
120900163,42,477,-435
120900164,0,25,-25
120900165,0,56,-56
120900166,92,452,-360
120900167,212,44,168
120900169,396,159,237
120900170,396,7755,-7359
120900171,469,56,413
120900172,44,899,-855
120900173,46,29,17
120900174,10,159,-149
120900175,184,72,112
120900176,39,775,-736
120900177,4,3953,-3949
120900178,2,1264,-1262
120900179,82,130,-48
120900180,54,101,-47
120900181,18,40,-22
120900182,39,83,-44
120900183,335,30,305
120900184,130,81,49
120900185,350,1205,-855
120900186,1,105,-104
120900187,1816,661,1155
120900188,885,6,879
120900189,47,6269,-6222
120900190,609,16,593
120900191,394,8,386
120900192,5775,24974,-19199
120900194,232,110,122
120900195,322,114,208
120900196,341,15,326
120900197,1386,92,1294
120900198,87,361,-274
120900199,396,373,23
120900200,39,69,-30
120900201,230,57,173
120900202,0,89,-89
120900203,25,54,-29
120900204,67,96,-29
120900205,467,22,445
120900206,156,145,11
120900207,11,1142,-1131
121000001,910,1411,-501
121000002,2769,2321,448
121000003,5876,2178,3698
121000004,2199,4609,-2410
121000005,3110,3533,-423
121000006,2842,3493,-651
121000007,3673,4305,-632
121000008,4387,4932,-545
121000009,5413,8630,-3217
121000010,6500,5931,569
121000011,6193,6281,-88
121000012,12069,4697,7372
121000013,6266,5172,1094
121000014,5251,3361,1890
121000015,5017,7331,-2314
121000016,3743,4965,-1222
121000017,4788,2000,2788
121000018,3994,1936,2058
121000019,9189,8740,449
121000020,8685,14950,-6265
121000021,2102,4161,-2059
121000022,3119,4256,-1137
121000023,3365,1991,1374
121000024,5411,8085,-2674
121000025,295,2127,-1832
121000026,268,175,93
121000027,1460,1318,142
121000028,995,567,428
121000029,1338,666,672
121000030,1086,475,611
121000031,487,580,-93
121000032,277,91,186
121000034,389,539,-150
121000035,147,295,-148
121000036,1745,1340,405
121000037,782,1012,-230
121000038,359,1144,-785
121000039,156,395,-239
121000041,403,332,71
121000042,257,352,-95
121000043,394,438,-44
121000044,1158,961,197
121000045,869,351,518
121000046,1480,777,703
121000047,48,69,-21
121000049,1009,554,455
121000050,223,1805,-1582
121000051,1059,360,699
121000052,550,969,-419
121000053,351,218,133
121000054,30,584,-554
121000055,869,2303,-1434
121000056,981,2020,-1039
121000057,163,391,-228
121000058,244,97,147
121000059,4291,967,3324
121000060,652,1130,-478
121000061,20,481,-461
121000062,52,634,-582
121000063,914,1230,-316
121000064,921,1241,-320
121000065,301,534,-233
121000066,823,691,132
121000067,394,849,-455
121000068,483,649,-166
121000069,113,1373,-1260
121000070,1334,1931,-597
121000071,2481,1689,792
121000072,657,1843,-1186
121000073,1164,2830,-1666
121000074,61,675,-614
121000075,23,64,-41
121000076,486,302,184
121000077,101,185,-84
121000078,120,167,-47
121000080,2003,440,1563
121000081,3004,4191,-1187
121000082,99,171,-72
121000083,20,102,-82
121000084,145,133,12
121000085,181,485,-304
121000086,1015,849,166
121000087,68,200,-132
121000088,989,1135,-146
121000089,231,571,-340
121000090,316,322,-6
121000091,1650,793,857
121000092,374,39,335
121000093,419,130,289
121000094,481,1149,-668
121000095,304,871,-567
121000096,6535,1589,4946
121000097,579,1833,-1254
121000098,1210,561,649
121000099,1559,506,1053
121000100,1963,177,1786
121000101,698,100,598
121000102,759,122,637
121000103,401,336,65
121000104,532,150,382
121000105,735,73,662
121000106,733,223,510
121000107,2168,2369,-201
121000109,1276,892,384
121000110,176,710,-534
121000114,3173,1803,1370
121000115,2132,517,1615
121000116,293,788,-495
121000117,263,290,-27
121000118,1752,245,1507
121000119,691,243,448
121000120,674,1253,-579
121000121,941,1564,-623
121000123,1269,295,974
121000126,136,327,-191
121000127,617,123,494
121000128,2514,127,2387
121000129,2237,247,1990
121000130,1411,1145,266
121000131,2392,1106,1286
121000132,832,800,32
121000135,477,636,-159
121000136,711,1774,-1063
121000137,734,525,209
121000138,381,3081,-2700
121000139,152,905,-753
121000141,295,199,96
121000142,637,468,169
121000143,128,33,95
121000144,596,993,-397
121000145,913,599,314
121000146,1699,992,707
121000147,2242,514,1728
121000148,1114,496,618
121000149,4254,2019,2235
121000152,309,610,-301
121000153,1356,429,927
121000154,1816,510,1306
121000155,2548,962,1586
121000156,487,923,-436
121000157,473,1006,-533
121000158,286,254,32
121000159,385,284,101
121000160,291,191,100
121000161,277,307,-30
121000162,221,91,130
121000165,1101,2108,-1007
121000166,49,396,-347
121000168,900,161,739
121000169,140,93,47
121000170,511,71,440
121000171,84,158,-74
121000172,1119,1993,-874
121000173,1633,1748,-115
121000174,1085,662,423
121000175,2698,391,2307
121000176,623,174,449
121000177,1113,657,456
121000178,85,96,-11
121000179,29,255,-226
121000181,404,461,-57
121000182,246,632,-386
121000183,74,340,-266
121000184,20,285,-265
121000185,22,416,-394
121000186,217,718,-501
121000187,349,302,47
121000188,578,36,542
121000192,1224,239,985
121000193,1406,228,1178
121000194,1898,1820,78
121000195,290,1101,-811
121000196,723,443,280
121000197,112,889,-777
121000198,149,245,-96
121000199,312,218,94
121000200,1117,180,937
121000201,11,165,-154
121000202,1021,124,897
121000203,1143,1216,-73
121000204,4965,563,4402
121000205,244,273,-29
121000206,138,80,58
121000207,3867,985,2882
121000208,17,432,-415
121000209,1626,97,1529
121000210,1632,486,1146
121000211,821,84,737
121000212,778,521,257
121000213,14980,3728,11252
121000214,1232,3446,-2214
121000215,740,1526,-786
121000216,540,909,-369
121000217,4819,5095,-276
121000218,649,1907,-1258
121000219,2214,901,1313
121000220,393,97,296
121000221,1052,717,335
121000222,7670,3423,4247
121000223,199,570,-371
121000224,146,531,-385
121000225,527,11280,-10753
121000226,896,3495,-2599
121000227,6,163,-157
121000228,42,646,-604
121000229,995,394,601
121000230,75,2515,-2440
121000231,3009,68,2941
121000232,454,328,126
121000233,1291,569,722
121000234,10,59,-49
121000235,74,286,-212
121000236,4,42,-38
121000237,44,68,-24
121000238,7,78,-71
121000239,224,19,205
121000240,16,139,-123
121000241,107,5,102
121000242,8,151,-143
121000243,224,24,200
121000244,0,12,-12
121000245,58,7,51
121000246,1,51,-50
121000247,182,1,181
121000248,422,311,111
121000249,205,271,-66
121000250,852,830,22
121000251,35,331,-296
121000252,293,162,131
121000253,730,868,-138
121000254,1689,428,1261
121000255,144,677,-533
121000256,439,617,-178
121000257,45,348,-303
121000258,59,338,-279
121000259,19,221,-202
121000260,24,155,-131
121000261,94,245,-151
121000262,1600,351,1249
121000263,711,1660,-949
121000271,988,1709,-721
121000273,92,8,84
121000274,14,317,-303
121000275,19,21,-2
121000276,23,145,-122
121000278,210,104,106
121000279,75,182,-107
121000280,70,171,-101
121000289,707,13,694
121000290,1175,1179,-4
121000294,664,32,632
121000297,344,1237,-893
121000299,118,4402,-4284
121000300,1524,675,849
121000302,18,795,-777
121000303,926,287,639
121000304,780,32,748
121000305,547,52,495
121000306,342,165,177
121000308,86,146,-60
121000309,269,221,48
121000310,196,147,49
121000311,94,188,-94
121000312,492,361,131
121000313,177,194,-17
121000314,15,36,-21
121000315,5,66,-61
121000530,3557,1382,2175
121000531,3131,2387,744
121000532,5840,7140,-1300
121000533,4985,2994,1991
121000918,28,84,-56
121000919,16,127,-111
121000938,96,139,-43
121000939,29,215,-186
121000956,3404,2550,854
121000957,8,38,-30
121000958,10,133,-123
121000959,2456,353,2103
121000960,2385,1552,833
121000961,799,52,747
121000962,202,179,23
121000963,0,0,0
121000973,0,564,-564
121000976,8,91,-83
121000979,311,150,161
121000981,742,101,641
121000982,860,526,334
121000983,1181,144,1037
121000984,7,60,-53
121000985,2241,738,1503
121000986,1927,263,1664
121000987,327,554,-227
121000988,2550,105,2445
121001302,281,90,191
121001308,0,19,-19
121001309,29,669,-640
121001313,483,233,250
121001314,2722,2643,79
121001315,5874,4491,1383
121900001,246,807,-561
121900002,32,183,-151
121900003,840,10,830
121900004,75,634,-559
121900005,68,45,23
121900006,376,34,342
121900007,1914,1812,102
121900008,35,98,-63
121900009,1226,13,1213
121900010,681,3,678
121900011,350,112,238
121900012,25,0,25
121900013,68,108,-40
121900014,2777,409,2368
121900015,85,93,-8
121900016,5,54,-49
121900017,915,1701,-786
121900018,919,5,914
121900019,816,181,635
121900020,48,10,38
121900021,1992,34,1958
121900022,522,132,390
121900023,304,433,-129
121900024,572,21,551
121900025,934,357,577
121900026,252,82,170
121900027,509,174,335
121900028,401,24,377
121900029,158,468,-310
121900030,483,426,57
121900031,1207,9765,-8558
121900032,259,83,176
121900033,134,187,-53
121900034,192,113,79
121900035,5685,3437,2248
121900036,181,134,47
121900037,270,778,-508
121900038,54,41,13
121900039,344,33,311
121900040,55,71,-16
121900041,35,177,-142
121900042,702,140,562
121900043,0,3,-3
121900044,72,61,11
121900046,252,112,140
121900047,177,42,135
121900048,117,36,81
121900050,52,107,-55
121900051,251,273,-22
121900052,194,24,170
121900053,496,587,-91
121900054,605,2739,-2134
121900055,9,15,-6
121900058,507,230,277
121900059,443,149,294
121900060,134,593,-459
121900061,165,232,-67
121900062,126,117,9
121900063,2909,293,2616
121900064,748,614,134
121900066,269,51,218
121900067,119,253,-134
121900069,196,167,29
121900070,140,307,-167
121900071,1254,349,905
121900072,53,80,-27
121900073,321,176,145
121900074,267,627,-360
121900075,355,863,-508
121900076,747,909,-162
121900077,35,17,18
121900078,164,117,47
121900079,0,0,0
121900080,1072,156,916
121900082,153,79,74
121900084,23,22,1
121900085,1,6,-5
121900086,64,70,-6
121900087,137,67,70
121900088,1514,1687,-173
121900089,697,154,543
121900090,44,225,-181
121900091,124,8,116
121900092,476,126,350
121900093,165,83,82
121900094,12,16,-4
121900095,527,136,391
121900096,1377,473,904
121900097,1050,120,930
121900098,13,1,12
121900099,491,45,446
121900100,63,201,-138
121900101,186,97,89
121900102,0,71,-71
121900103,702,171,531
121900104,2681,469,2212
121900105,230,196,34
121900106,1,18,-17
121900107,288,53,235
121900108,0,19,-19
121900109,331,114,217
121900110,1250,372,878
121900111,512,341,171
121900112,137,105,32
121900113,35,674,-639
121900114,104,97,7
121900117,141,87,54
121900118,1574,644,930
121900119,173,226,-53
121900120,36,1021,-985
121900121,441,17,424
121900122,229,94,135
121900123,361,393,-32
121900124,187,233,-46
121900125,2431,1376,1055
121900127,45,72,-27
121900128,175,46,129
121900129,230,63,167
121900130,77,359,-282
121900131,394,126,268
121900132,184,95,89
121900133,20,708,-688
121900134,9,316,-307
121900135,4500,361,4139
121900136,325,897,-572
121900137,39,409,-370
121900138,94,201,-107
121900139,397,1897,-1500
121900140,108,51,57
121900141,93,47,46
121900142,109,33,76
121900143,21,121,-100
121900144,114,485,-371
121900145,298,957,-659
121900146,517,449,68
121900147,78,158,-80
121900148,54,172,-118
121900149,444,398,46
121900150,128,85,43
121900151,30,202,-172
121900152,256,80,176
121900153,10,244,-234
121900154,1,222,-221
121900155,0,440,-440
121900156,236,107,129
121900157,3,80,-77
121900158,191,146,45
121900159,0,90,-90
121900160,127,131,-4
121900161,127,239,-112
121900162,85,130,-45
121900163,853,227,626
121900164,192,232,-40
121900165,182,144,38
121900166,188,128,60
121900167,98,21,77
121900168,128,41,87
121900169,15,129,-114
121900170,29,152,-123
121900171,1449,426,1023
121900172,676,240,436
121900173,636,269,367
121900174,244,24,220
121900175,70,751,-681
121900176,1126,1284,-158
121900177,350,146,204
121900178,127,35,92
121900179,406,612,-206
121900180,1449,9061,-7612
121900182,514,436,78
121900183,294,2762,-2468
121900184,17,841,-824
121900186,5,565,-560
121900187,11,103,-92
121900188,1670,121,1549
121900189,85,128,-43
121900190,156,382,-226
121900191,43,240,-197
121900192,277,2245,-1968
121900193,70,113,-43
121900194,1,233,-232
121900195,19,50,-31
121900196,945,1062,-117
121900197,551,836,-285
121900198,2864,3116,-252
121900199,3,35,-32
121900200,62,457,-395
121900201,805,1390,-585
121900202,207,1720,-1513
121900203,94,1228,-1134
121900204,1052,2382,-1330
121900205,22,92,-70
121900206,12,28,-16
121900207,36,74,-38
121900208,98,453,-355
121900209,378,109,269
121900210,3033,1483,1550
121900211,27,51,-24
121900212,58,204,-146
121900213,978,36,942
121900214,1,792,-791
121900215,78,215,-137
121900216,2,360,-358
121900217,119,258,-139
121900218,152,764,-612
121900220,170,9,161
121900221,432,371,61
121900222,503,67,436
121900223,138,122,16
121900224,110,96,14
121900225,134,455,-321
121900226,184,31,153
121900227,431,2434,-2003
121900228,227,445,-218
121900230,65,355,-290
121900231,21,970,-949
121900232,101,385,-284
121900233,373,198,175
121900234,437,220,217
121900235,1121,115,1006
121900236,386,181,205
121900237,163,391,-228
121900238,152,252,-100
121900239,185,38,147
121900240,241,118,123
121900241,62,62,0
121900242,86,0,86
121900243,29,0,29
121900244,35,1,34
121900245,522,48,474
121900246,8111,297,7814
121900247,235,644,-409
121900248,1510,773,737
121900250,288,229,59
121900251,394,37,357
121900252,478,119,359
121900253,27,589,-562
121900254,287,243,44
121900255,519,74,445
121900258,5072,2120,2952
121900259,329,451,-122
121900260,298,73,225
121900261,142,606,-464
121900262,442,1179,-737
121900263,452,270,182
121900264,753,750,3
121900265,690,82,608
121900266,1320,116,1204
121900267,178,28,150
121900269,347,1327,-980
121900270,105,317,-212
121900271,132,153,-21
121900273,636,2469,-1833
121900274,961,246,715
121900277,336,748,-412
121900278,195,967,-772
121900279,287,169,118
121900280,178,442,-264
121900281,190,144,46
121900284,20,2,18
121900286,397,277,120
121900287,30,89,-59
121900288,1,3,-2
121900290,178,1062,-884
121900291,405,640,-235
121900292,383,101,282
121900293,1065,4667,-3602
121900294,456,21,435
121900295,297,105,192
121900296,175,155,20
121900298,128,1271,-1143
121900299,0,44,-44
121900300,42,5,37
121900301,41,1,40
121900302,34,63,-29
121900303,89,325,-236
121900304,35,42,-7
121900305,44,54,-10
121900306,854,3,851
121900307,653,31,622
121900308,30,188,-158
121900309,22,113,-91
121900310,61,142,-81
121900311,1123,25,1098
121900312,810,7,803
121900313,1002,52,950
121900314,18,7,11
121900315,81,0,81
121900316,0,0,0
121900317,67,12,55
121900318,0,0,0
121900319,53,368,-315
121900320,78,12,66
121900321,66,0,66
121900322,3,8,-5
121900323,33,45,-12
121900324,9,29,-20
121900325,15,1,14
121900326,12,21,-9
121900327,17,48,-31
121900328,0,31,-31
121900329,0,40,-40
121900330,0,87,-87
121900331,60,230,-170
121900332,36,34,2
121900333,81,0,81
122000001,1764,2944,-1180
122000002,2801,561,2240
122000003,891,2121,-1230
122000004,965,1661,-696
122000005,4772,2168,2604
122000006,507,854,-347
122000007,425,811,-386
122000008,890,1735,-845
122000009,314,408,-94
122000010,1920,2056,-136
122000011,3014,913,2101
122000012,553,1314,-761
122000013,621,1100,-479
122000014,6268,1164,5104
122000015,1174,548,626
122000016,493,470,23
122000017,943,901,42
122000018,2216,1343,873
122000019,842,2120,-1278
122000020,279,398,-119
122000021,142,358,-216
122000022,889,1136,-247
122000023,742,1504,-762
122000024,304,1417,-1113
122000025,411,2178,-1767
122000026,276,933,-657
122000027,604,632,-28
122000028,1424,514,910
122000029,411,616,-205
122000030,149,141,8
122000031,166,502,-336
122000032,2528,1954,574
122000033,466,1332,-866
122000034,286,873,-587
122000035,158,455,-297
122000036,515,316,199
122000037,435,191,244
122000038,166,272,-106
122000039,605,350,255
122000040,217,291,-74
122000041,1172,845,327
122000042,419,583,-164
122000043,150,135,15
122000044,85,88,-3
122000045,1384,552,832
122000046,891,716,175
122000047,77,192,-115
122000048,2382,4196,-1814
122000049,5049,4366,683
122000050,659,590,69
122000051,156,704,-548
122000052,389,537,-148
122000053,294,1668,-1374
122000054,2887,1965,922
122000055,1719,2439,-720
122000056,3020,2181,839
122000057,2291,2402,-111
122000058,400,1160,-760
122000059,526,2105,-1579
122000060,367,576,-209
122000061,165,469,-304
122000062,648,491,157
122000063,208,1480,-1272
122000064,3192,4061,-869
122000065,2173,2129,44
122000066,748,1500,-752
122000067,1162,1446,-284
122000068,3407,1428,1979
122000069,1390,850,540
122000070,1588,2030,-442
122000071,3945,1178,2767
122000072,573,494,79
122000073,242,792,-550
122000074,3087,1634,1453
122000075,1119,999,120
122000076,3442,1247,2195
122000077,554,1474,-920
122000078,506,1497,-991
122000079,183,1981,-1798
122000080,498,314,184
122000081,165,148,17
122000082,223,1228,-1005
122000083,6884,1002,5882
122000084,5536,1693,3843
122000085,487,1004,-517
122000086,2401,7759,-5358
122000087,161,244,-83
122000088,115,284,-169
122000089,4858,3452,1406
122000090,334,1342,-1008
122000091,101,574,-473
122000092,67,202,-135
122000093,1375,4589,-3214
122000094,5660,2951,2709
122000095,547,4367,-3820
122000096,492,2858,-2366
122000098,3615,3533,82
122000099,352,2192,-1840
122000100,589,410,179
122000101,322,1068,-746
122000102,3398,1122,2276
122000103,1336,1766,-430
122000104,1737,184,1553
122000105,518,467,51
122000106,563,1771,-1208
122000107,1672,263,1409
122000108,722,536,186
122000109,379,189,190
122000110,593,451,142
122000111,1634,1380,254
122000112,1554,1723,-169
122000113,759,430,329
122000114,1497,3191,-1694
122000115,4807,2258,2549
122000116,258,1087,-829
122000117,1724,1344,380
122000118,1405,1222,183
122000119,1738,1422,316
122000120,1119,1423,-304
122000121,1822,1399,423
122000122,912,760,152
122000123,1429,1715,-286
122000124,758,519,239
122000125,298,769,-471
122000126,363,420,-57
122000127,262,508,-246
122000128,569,372,197
122000129,460,3460,-3000
122000130,3182,796,2386
122000131,2188,488,1700
122000132,207,221,-14
122000133,1824,665,1159
122000134,1588,748,840
122000135,611,145,466
122000136,1299,637,662
122000137,4186,632,3554
122000139,724,4218,-3494
122000140,108,1071,-963
122000141,3864,1623,2241
122000142,105,1656,-1551
122000143,347,287,60
122000144,3282,786,2496
122000145,1062,2272,-1210
122000146,501,2922,-2421
122000147,765,1072,-307
122000148,297,1454,-1157
122000149,2135,504,1631
122000150,2401,1048,1353
122000151,186,339,-153
122000152,431,247,184
122000153,374,254,120
122000154,117,173,-56
122000155,1213,3370,-2157
122000156,9151,4511,4640
122000157,623,9513,-8890
122000158,299,764,-465
122000159,1905,650,1255
122000160,2848,1145,1703
122000161,1339,1196,143
122000162,595,1072,-477
122000163,342,85,257
122000164,41,99,-58
122000165,894,1703,-809
122000166,672,1847,-1175
122000167,264,589,-325
122000168,242,1248,-1006
122000169,354,135,219
122000170,339,224,115
122000171,14,70,-56
122000172,2143,1462,681
122000173,1748,2180,-432
122000174,1093,5065,-3972
122000175,596,327,269
122000176,405,1808,-1403
122000177,739,2054,-1315
122000178,3360,3947,-587
122000179,3466,4726,-1260
122000180,520,871,-351
122000181,645,1508,-863
122000182,776,912,-136
122000183,1793,1102,691
122000184,3112,2595,517
122000185,1114,2874,-1760
122000186,533,1220,-687
122000187,2483,857,1626
122000188,361,163,198
122000189,211,179,32
122000190,451,2412,-1961
122000191,600,708,-108
122000192,1562,426,1136
122000193,703,697,6
122000194,462,182,280
122000195,152,1197,-1045
122000196,2110,330,1780
122000197,695,654,41
122000198,429,2110,-1681
122000199,256,202,54
122000200,764,742,22
122000201,917,3254,-2337
122000202,760,3069,-2309
122000203,2041,1657,384
122000204,1744,1022,722
122000205,843,593,250
122000206,4817,1162,3655
122000207,2673,1957,716
122000208,2327,1405,922
122000209,2831,440,2391
122000210,2942,1915,1027
122000211,1493,1906,-413
122000212,870,543,327
122000213,860,1683,-823
122000214,2003,2120,-117
122000215,2370,2845,-475
122000217,1328,1946,-618
122000218,616,74,542
122000219,1000,611,389
122000220,320,712,-392
122000221,118,352,-234
122000222,596,163,433
122000223,887,876,11
122000225,691,578,113
122000226,1796,1585,211
122000227,220,1551,-1331
122000228,424,747,-323
122000229,25,1913,-1888
122000230,17,510,-493
122000231,391,1299,-908
122000232,649,445,204
122000233,0,36,-36
122000234,1098,71,1027
122000235,706,65,641
122000236,2253,50,2203
122000237,180,351,-171
122000238,368,775,-407
122000239,696,1423,-727
122000240,1822,654,1168
122000241,4470,515,3955
122000242,662,91,571
122000243,697,142,555
122000244,153,474,-321
122000245,223,56,167
122000246,566,425,141
122000247,1288,3102,-1814
122000248,1245,1287,-42
122000249,2404,2953,-549
122000250,2129,1307,822
122000251,158,105,53
122000252,348,38,310
122000253,181,118,63
122000254,974,39,935
122000255,621,605,16
122000256,457,623,-166
122000257,895,216,679
122000258,452,290,162
122000259,69,139,-70
122000260,3,58,-55
122000261,7,211,-204
122000262,0,27,-27
122000263,337,173,164
122000264,2384,368,2016
122000265,3723,1134,2589
122000266,4480,461,4019
122000267,111,85,26
122000268,181,123,58
122000269,1328,217,1111
122000270,664,172,492
122000271,323,1980,-1657
122000272,607,411,196
122000273,1163,211,952
122000274,479,227,252
122000275,55,285,-230
122000276,2755,822,1933
122000277,1272,3443,-2171
122000278,3720,521,3199
122000279,377,360,17
122000280,718,672,46
122000281,815,431,384
122000282,78,931,-853
122000283,296,352,-56
122000284,65,554,-489
122000285,497,152,345
122000286,138,235,-97
122000287,2366,2207,159
122000288,605,316,289
122000291,3676,892,2784
122000293,243,362,-119
122000294,153,681,-528
122000295,1578,502,1076
122000296,45,1976,-1931
122000297,2331,4770,-2439
122000299,829,312,517
122000300,499,758,-259
122000301,7222,6014,1208
122000302,656,6846,-6190
122000303,1756,1335,421
122000304,37,273,-236
122000305,3303,359,2944
122000306,156,287,-131
122000307,151,150,1
122000309,35,66,-31
122000310,15,69,-54
122000311,36,115,-79
122000312,173,206,-33
122000313,20,166,-146
122000314,314,964,-650
122000315,545,45,500
122000316,2564,320,2244
122000317,4887,360,4527
122000318,409,3349,-2940
122000319,135,194,-59
122000320,297,681,-384
122000321,111,165,-54
122000322,1141,1999,-858
122000323,542,1615,-1073
122000324,1787,2094,-307
122000325,933,2287,-1354
122000326,234,59,175
122000327,345,653,-308
122000328,502,425,77
122000330,2122,1716,406
122000332,264,526,-262
122000333,71,51,20
122000337,2614,1502,1112
122000338,751,155,596
122000340,186,3221,-3035
122000342,1602,854,748
122000343,748,299,449
122000344,112,6,106
122000345,36,29,7
122000346,417,104,313
122000348,901,582,319
122000349,57,274,-217
122000351,466,171,295
122000352,186,111,75
122000353,320,31,289
122000355,62,503,-441
122000356,218,1491,-1273
122000357,97,48,49
122000358,0,27,-27
122000359,0,14,-14
122000360,3,1,2
122000362,30,29,1
122000364,673,170,503
122000365,2,39,-37
122000366,14,15,-1
122000368,668,762,-94
122000370,65,79,-14
122000371,102,1,101
122000372,61,1,60
122000381,371,326,45
122000382,71,150,-79
122000384,1290,1369,-79
122000385,99,1,98
122000386,162,2503,-2341
122000387,567,1914,-1347
122000388,1959,1104,855
122000389,186,932,-746
122000390,329,612,-283
122000391,41,1680,-1639
122000392,96,159,-63
122000393,85,164,-79
122000394,1054,179,875
122000395,293,261,32
122000396,716,74,642
122000397,65,92,-27
122000398,7,229,-222
122000399,291,104,187
122000400,39,1051,-1012
122000401,279,49,230
122000402,1209,117,1092
122000403,387,238,149
122000404,698,164,534
122000408,534,795,-261
122000503,8,93,-85
122000524,66,256,-190
122000544,144,3949,-3805
122000616,262,0,262
122000640,186,74,112
122000641,335,182,153
122000642,1670,581,1089
122000643,66,251,-185
122000644,143,71,72
122000645,54,180,-126
122000651,294,1599,-1305
122000664,374,62,312
122000665,1495,341,1154
122000666,503,478,25
122000673,65,163,-98
122000674,1028,349,679
122000675,4127,719,3408
122000686,548,2624,-2076
122000687,3705,734,2971
122000688,366,406,-40
122000689,3843,296,3547
122000690,7339,674,6665
122000691,1614,652,962
122000692,2222,1157,1065
122000693,472,536,-64
122000695,703,239,464
122000696,1638,144,1494
122000698,559,132,427
122000699,929,176,753
122000701,3600,279,3321
122000702,632,1024,-392
122000703,238,70,168
122000717,112,100,12
122000718,274,3375,-3101
122000719,23,131,-108
122000720,1745,101,1644
122000724,110,14,96
122900001,100,26,74
122900002,970,12484,-11514
122900003,965,14,951
122900004,5565,436,5129
122900005,49,484,-435
122900006,465,3165,-2700
122900007,81,165,-84
122900008,326,389,-63
122900009,455,337,118
122900010,359,123,236
122900012,312,353,-41
122900014,156,90,66
122900015,1136,801,335
122900016,172,132,40
122900017,368,1056,-688
122900018,300,5,295
122900019,7,98,-91
122900020,305,756,-451
122900021,41,1054,-1013
122900022,2504,1185,1319
122900023,1868,110,1758
122900024,187,113,74
122900025,6,662,-656
122900026,6,145,-139
122900027,59,891,-832
122900028,44,47,-3
122900029,6481,2771,3710
122900030,1898,326,1572
122900031,58,445,-387
122900032,651,369,282
122900033,140,136,4
122900034,3455,5770,-2315
122900035,34,1,33
122900036,93,52,41
122900037,620,337,283
122900038,56,3130,-3074
122900039,89,528,-439
122900040,398,799,-401
122900041,146,621,-475
122900042,148,143,5
122900043,569,248,321
122900044,112,466,-354
122900045,193,151,42
122900046,82,473,-391
122900047,210,121,89
122900048,34,407,-373
122900049,2676,88,2588
122900051,43,316,-273
122900052,171,68,103
122900053,13,21,-8
122900055,470,196,274
122900057,415,63,352
122900061,721,23,698
122900062,730,1279,-549
122900063,368,114,254
122900064,1499,665,834
122900065,861,146,715
122900066,1156,178,978
122900067,830,1094,-264
122900068,103,187,-84
122900069,595,3489,-2894
122900070,692,79,613
122900071,106,254,-148
122900072,13,167,-154
122900073,18,87,-69
122900074,2827,209,2618
122900075,0,52,-52
122900076,1,103,-102
122900077,14,67,-53
122900078,413,13,400
122900080,19,114,-95
122900081,372,63,309
122900082,2972,80,2892
122900083,352,18,334
122900084,14,97,-83
122900086,4,93,-89
122900087,676,318,358
122900088,56,793,-737
122900089,55,673,-618
122900090,4,242,-238
122900091,1112,4,1108
122900092,0,116,-116
122900093,0,144,-144
122900094,0,139,-139
122900095,542,65,477
122900096,1434,85,1349
122900097,38,134,-96
122900098,13,179,-166
122900099,182,141,41
122900100,99,1688,-1589
122900101,429,372,57
122900102,136,91,45
122900103,588,15,573
122900104,1066,22,1044
122900105,44,70,-26
122900106,0,31,-31
122900107,10,27,-17
122900108,1,36,-35
123000001,989,875,114
123000002,2278,6640,-4362
123000003,6263,5256,1007
123000004,3156,3477,-321
123000005,5042,2569,2473
123000006,2366,1820,546
123000007,6149,4588,1561
123000008,2254,4065,-1811
123000009,5958,3879,2079
123000010,2882,3075,-193
123000011,1977,1180,797
123000012,555,2807,-2252
123000013,7291,1418,5873
123000014,661,2694,-2033
123000015,4030,1019,3011
123000016,2455,2490,-35
123000017,5306,2438,2868
123000018,131,114,17
123000019,1546,42,1504
123000020,1107,46,1061
123000021,774,962,-188
123000022,1343,3463,-2120
123000023,2698,4597,-1899
123000024,2564,993,1571
123000025,9,116,-107
123000026,2,91,-89
123000027,30,700,-670
123000028,482,3376,-2894
123000029,537,2039,-1502
123000030,520,257,263
123000031,991,185,806
123000032,1335,198,1137
123000033,533,100,433
123000034,1589,861,728
123000035,601,743,-142
123000036,289,1530,-1241
123000037,508,220,288
123000038,78,308,-230
123000039,515,1672,-1157
123000040,663,184,479
123000041,765,1383,-618
123000042,551,1012,-461
123000043,1617,17893,-16276
123000044,2712,2230,482
123000045,2717,1686,1031
123000046,230,1338,-1108
123000047,352,542,-190
123000048,145,2295,-2150
123000049,5103,11691,-6588
123000050,3891,2406,1485
123000051,309,622,-313
123000052,1286,3726,-2440
123000053,2687,2729,-42
123000054,3861,3124,737
123000055,2493,7970,-5477
123000056,1835,893,942
123000057,3807,6387,-2580
123000058,1196,2175,-979
123000059,215,644,-429
123000060,2071,833,1238
123000061,529,676,-147
123000063,2354,1531,823
123000064,2728,193,2535
123000065,2962,4665,-1703
123000066,382,459,-77
123000067,1200,484,716
123000068,1868,1536,332
123000069,2495,1066,1429
123000070,200,248,-48
123000071,3957,403,3554
123000072,1256,384,872
123000073,3776,751,3025
123000074,1382,561,821
123000075,464,2892,-2428
123000076,1213,281,932
123000077,2647,998,1649
123000078,4636,709,3927
123000079,4713,1198,3515
123000080,3748,738,3010
123000081,473,206,267
123000082,347,436,-89
123000083,1635,252,1383
123000084,1178,307,871
123000085,1080,99,981
123000086,1869,54,1815
123000087,912,176,736
123000088,1665,956,709
123000089,1903,869,1034
123000090,2124,869,1255
123000091,2080,1477,603
123000092,1051,1542,-491
123000094,1519,122,1397
123000095,2149,2598,-449
123000096,2117,327,1790
123000097,1328,241,1087
123000098,2430,267,2163
123000099,1453,236,1217
123000100,260,776,-516
123000101,433,216,217
123000102,616,1552,-936
123000104,562,465,97
123000105,414,130,284
123000106,876,278,598
123000107,368,117,251
123000108,564,591,-27
123000111,2325,638,1687
123000112,3240,365,2875
123000113,854,505,349
123000114,532,1145,-613
123000115,839,1035,-196
123000116,96,58,38
123000117,5175,2007,3168
123000118,948,348,600
123000119,484,484,0
123000120,380,843,-463
123000121,843,422,421
123000122,528,141,387
123000123,844,312,532
123000124,570,156,414
123000125,1988,828,1160
123000126,1261,4991,-3730
123000127,578,281,297
123000128,458,120,338
123000129,2256,85,2171
123000130,1992,27,1965
123000131,2841,886,1955
123000132,476,347,129
123000133,252,95,157
123000134,349,71,278
123000135,5466,2564,2902
123000136,325,306,19
123000137,254,134,120
123000138,257,194,63
123000139,1395,47,1348
123000140,87,434,-347
123000141,661,150,511
123000142,1364,786,578
123000143,964,1515,-551
123000144,7,93,-86
123000145,173,1163,-990
123000146,45,190,-145
123000147,61,329,-268
123000149,422,188,234
123000150,155,138,17
123000151,172,490,-318
123000152,71,767,-696
123000153,87,990,-903
123000154,964,2673,-1709
123000155,1858,2722,-864
123000156,52,41,11
123000157,1188,1305,-117
123000158,545,1412,-867
123000159,3096,8289,-5193
123000160,1794,2347,-553
123000161,2125,2050,75
123000162,2922,3770,-848
123000163,1776,416,1360
123000164,4525,202,4323
123000165,153,710,-557
123000166,6,91,-85
123000167,145,103,42
123000168,548,106,442
123000169,1915,146,1769
123000170,284,37,247
123000171,3012,10,3002
123000172,110,291,-181
123000173,1089,836,253
123000174,1215,695,520
123000175,202,722,-520
123000176,1528,423,1105
123000177,227,1183,-956
123000178,1749,333,1416
123000179,22,421,-399
123000180,2566,370,2196
123000181,242,599,-357
123000182,548,321,227
123000183,231,838,-607
123000184,69,386,-317
123000185,2079,1096,983
123000186,2,132,-130
123000187,1079,37,1042
123000188,836,4,832
123000189,237,104,133
123000190,134,45,89
123000192,11,222,-211
123000193,34,238,-204
123000194,176,93,83
123000195,723,11,712
123000196,1196,63,1133
123000197,233,180,53
123000198,201,191,10
123000199,50,192,-142
123000200,1065,16,1049
123000201,2968,37,2931
123000202,17,252,-235
123000203,2950,47,2903
123000204,16,351,-335
123000205,150,493,-343
123000206,5489,202,5287
123000207,110,353,-243
123000208,1855,109,1746
123000209,3167,662,2505
123000210,76,688,-612
123000211,302,896,-594
123000212,8339,442,7897
123000213,1184,50,1134
123000215,135,175,-40
123000216,387,2191,-1804
123000217,311,163,148
123000218,19,963,-944
123000219,902,210,692
123000220,947,809,138
123000221,319,118,201
123000222,967,202,765
123000223,1886,119,1767
123000224,943,216,727
123000225,677,67,610
123000226,384,521,-137
123000227,156,246,-90
123000228,646,85,561
123000229,854,619,235
123000232,89,415,-326
123000233,1818,89,1729
123000234,102,898,-796
123000235,3439,201,3238
123000236,602,395,207
123000237,1258,218,1040
123000238,20,334,-314
123000239,549,371,178
123000240,76,1102,-1026
123000241,302,55,247
123000242,433,193,240
123000243,1232,819,413
123000244,874,446,428
123000245,7,161,-154
123000249,281,742,-461
123000252,1653,429,1224
123000253,3271,542,2729
123000254,874,455,419
123000255,2118,1133,985
123000256,6,218,-212
123000257,1767,2382,-615
123000258,982,790,192
123000259,966,638,328
123000260,1127,139,988
123000261,782,121,661
123000262,36,76,-40
123000263,1075,71,1004
123000264,282,90,192
123000265,15,79,-64
123000266,861,618,243
123000267,1770,263,1507
123000268,66,45,21
123000269,82,53,29
123000270,52,47,5
123000271,13,46,-33
123000272,831,389,442
123000273,661,1200,-539
123000274,2249,777,1472
123000275,177,587,-410
123000278,1624,5495,-3871
123000279,501,160,341
123000280,434,481,-47
123000281,630,119,511
123000282,153,175,-22
123000283,426,92,334
123000284,64,84,-20
123000286,152,449,-297
123000287,299,249,50
123000288,1074,2033,-959
123000289,220,2567,-2347
123000291,167,621,-454
123000294,162,156,6
123000295,731,1652,-921
123000296,1325,678,647
123000297,1702,362,1340
123000298,2892,335,2557
123000299,254,123,131
123000300,2210,846,1364
123000301,313,1023,-710
123000302,504,65,439
123000303,169,701,-532
123000305,542,572,-30
123000306,593,105,488
123000309,36,106,-70
123000310,131,52,79
123000311,0,40,-40
123000312,457,304,153
123000313,1109,1644,-535
123000315,513,151,362
123000316,1277,346,931
123000317,498,267,231
123000318,26,197,-171
123000329,26,12,14
123000337,449,200,249
123000338,162,564,-402
123000339,852,77,775
123000340,134,276,-142
123000342,3,78,-75
123000343,194,34,160
123000344,394,74,320
123000345,332,164,168
123000346,1044,113,931
123000352,1330,605,725
123000353,87,59,28
123000354,2588,60,2528
123000355,0,574,-574
123000356,882,48,834
123000357,0,99,-99
123000359,8,79,-71
123000360,287,548,-261
123000361,578,129,449
123000362,1011,86,925
123000363,322,137,185
123000364,726,1033,-307
123000365,12,438,-426
123000366,323,4184,-3861
123000367,370,762,-392
123000370,53,528,-475
123000371,1095,169,926
123000372,710,193,517
123000373,27,188,-161
123000374,41,112,-71
123000375,755,1079,-324
123000376,1542,777,765
123000377,1476,4,1472
123000378,29,182,-153
123000379,9,330,-321
123000380,13,243,-230
123000381,59,175,-116
123000382,784,186,598
123000383,50,864,-814
123000384,1254,241,1013
123000385,210,352,-142
123000436,152,2524,-2372
123000507,75,164,-89
123000508,175,1694,-1519
123000517,239,7,232
123000518,16,44,-28
123000519,212,32,180
123000520,40,58,-18
123000521,766,79,687
123000522,143,87,56
123000541,39,6,33
123000542,0,2,-2
123000565,1545,91,1454
123000566,1418,198,1220
123000567,355,120,235
123000573,41,332,-291
123000574,2379,147,2232
123000575,5030,359,4671
123000576,2034,508,1526
123000577,71,456,-385
123000578,951,56,895
123000579,1207,9827,-8620
123000580,184,212,-28
123000582,1031,41,990
123000583,16,164,-148
123000584,280,133,147
123000585,0,26,-26
123000586,685,0,685
123000596,75,74,1
123000597,194,225,-31
123000602,400,47,353
123000603,2894,224,2670
123000604,2084,317,1767
123000605,1413,125,1288
123000606,1,1149,-1148
123000609,19,466,-447
123000610,74,132,-58
123000613,200,44,156
123000614,706,57,649
123000615,126,39,87
123000616,3016,46,2970
123000617,168,126,42
123000618,7,226,-219
123000619,1071,29,1042
123000620,3,152,-149
123000622,1436,34,1402
123000624,729,57,672
123000630,3500,1063,2437
123000631,478,472,6
123000632,770,459,311
123000633,0,246,-246
123000634,25,895,-870
123000635,64,163,-99
123000636,85,551,-466
123000637,603,52,551
123000638,2041,74,1967
123000639,1981,12660,-10679
123000640,20,219,-199
123000648,811,102,709
123000649,10,250,-240
123900001,1645,97,1548
123900002,13,1841,-1828
123900003,143,257,-114
123900005,537,263,274
123900006,740,79,661
124000001,4157,469,3688
124000002,24,626,-602
124000003,2354,326,2028
124000004,173,279,-106
124000005,2143,3571,-1428
124000006,402,562,-160
124000007,1592,282,1310
124000008,2,1131,-1129
124000009,1355,612,743
124000010,1144,818,326
124000011,1607,1189,418
124000012,913,189,724
124000017,412,112,300
124000018,442,132,310
124000019,362,158,204
124000020,179,110,69
124000021,218,93,125
124000022,185,181,4
124000023,2024,1952,72
124000024,1238,215,1023
124000025,1751,1851,-100
124000026,1216,891,325
124000027,3949,2626,1323
124000028,1335,3676,-2341
124000030,2175,1409,766
124000031,1799,20517,-18718
124000032,1213,728,485
124000033,819,1727,-908
124000034,1366,1221,145
124000035,567,320,247
124000036,195,780,-585
124000037,619,700,-81
124000038,18,91,-73
124000039,399,469,-70
124000040,297,1308,-1011
124000041,1406,487,919
124000042,452,645,-193
124000043,298,83,215
124000044,129,223,-94
124000045,3251,301,2950
124000046,368,707,-339
124000047,5236,664,4572
124000048,2444,365,2079
124000049,3415,522,2893
124000050,1690,1074,616
124000051,2746,237,2509
124000052,1375,536,839
124000053,444,3872,-3428
124000054,1109,188,921
124000055,1167,8888,-7721
124000056,1523,679,844
124000057,3074,259,2815
124000058,1374,633,741
124000059,2027,1601,426
124000060,497,504,-7
124000061,1629,9910,-8281
124000062,1656,950,706
124000063,1417,607,810
124000064,1459,1588,-129
124000065,32,2102,-2070
124000066,310,142,168
124000067,168,178,-10
124000068,251,472,-221
124000069,959,236,723
124000070,1033,201,832
124000071,289,962,-673
124000072,831,4487,-3656
124000073,1609,78,1531
124000074,366,728,-362
124000075,1259,67,1192
124000076,166,61,105
124000077,452,965,-513
124000078,1853,1074,779
124000079,435,960,-525
124000080,1865,715,1150
124000081,606,1353,-747
124000082,228,104,124
124000083,43,152,-109
124000084,78,1557,-1479
124000085,64,17,47
124000086,17,482,-465
124000087,75,681,-606
124000088,160,303,-143
124000089,951,146,805
124000090,286,241,45
124000091,1057,62,995
124000092,530,430,100
124000093,223,132,91
124000094,206,1004,-798
124000095,275,45,230
124000096,560,221,339
124000097,246,92,154
124000098,502,42,460
124000099,482,79,403
124000100,215,102,113
124000101,261,170,91
124000102,216,23,193
124000103,403,109,294
124000104,161,21,140
124000105,361,49,312
124000106,243,11,232
124000107,32,290,-258
124000108,34,6,28
124000109,222,97,125
124000110,206,58,148
124000111,351,166,185
124000112,2055,397,1658
124000113,291,131,160
124000114,988,248,740
124000115,659,526,133
124000116,100,308,-208
124000117,59,52,7
124000118,32,88,-56
124000119,1578,622,956
124000120,1183,341,842
124000121,1220,1249,-29
124000122,593,2083,-1490
124000123,740,339,401
124000124,579,897,-318
124000125,571,286,285
124000126,549,423,126
124000127,1403,275,1128
124000128,1144,290,854
124000129,1790,992,798
124000130,583,193,390
124000131,802,649,153
124000132,608,472,136
124000133,2026,959,1067
124000134,1047,381,666
124000135,1911,1999,-88
124000136,686,647,39
124000137,1180,1208,-28
124000138,729,659,70
124000139,751,87,664
124000140,38,798,-760
124000141,24,48,-24
124000142,21,511,-490
124000143,64,65,-1
124000144,27,127,-100
124000145,221,572,-351
124000146,78,538,-460
124000148,20,285,-265
124000149,1598,408,1190
124000150,437,2370,-1933
124000151,2332,595,1737
124000152,1257,1478,-221
124000153,1750,790,960
124000154,1070,862,208
124000155,1190,958,232
124000156,1175,885,290
124000169,190,1155,-965
124000170,663,456,207
124000171,509,474,35
124000172,508,400,108
124000173,1365,178,1187
124000174,1004,375,629
124000175,126,113,13
124000176,171,42,129
124000177,1,84,-83
124000178,83,155,-72
124000190,33,85,-52
124000191,115,460,-345
124000192,1852,1583,269
124000193,203,4257,-4054
124000194,503,215,288
124000195,615,491,124
124000196,639,754,-115
124000197,132,27,105
124000198,166,37,129
124000201,68,333,-265
124000202,1491,105,1386
124000203,2107,192,1915
124000204,5378,459,4919
124000205,290,847,-557
124000206,3437,1007,2430
124000207,0,27,-27
124000209,291,253,38
124000210,3067,409,2658
124000211,2371,46,2325
124000212,0,184,-184
124000213,1798,250,1548
124000214,1802,278,1524
124000215,2073,7,2066
124000216,15,413,-398
124000329,140,713,-573
124000338,213,483,-270
124000339,7294,28,7266
124000341,5445,73,5372
124000344,119,56,63
124000357,1573,4405,-2832
124000358,810,2513,-1703
124000359,1852,787,1065
124000360,2240,568,1672
124000361,4211,1564,2647
124000362,1867,4443,-2576
124000363,818,309,509
124000364,698,312,386
124000365,1122,602,520
124000366,2905,628,2277
124000367,124,248,-124
124000368,317,3001,-2684
124000369,83,92,-9
124000370,29,1087,-1058
124000402,174,36,138
124000403,456,49,407
124000404,263,45,218
124000405,730,449,281
124000406,899,227,672
124000407,9,13,-4
124000411,2,339,-337
124000412,1102,4,1098
124000413,240,356,-116
124000414,279,78,201
124000415,76,33,43
124000416,316,93,223
124000417,606,100,506
124000418,703,38,665
124000419,274,34,240
124000420,459,12,447
124000421,138,67,71
124000422,30,25,5
124000423,245,22,223
124000424,35,72,-37
124000425,70,120,-50
124000426,35,175,-140
124000427,114,18,96
124000428,8,1039,-1031
124000429,267,17,250
124000430,1761,483,1278
124000431,1032,270,762
124000432,599,1196,-597
124000439,62,3,59
124000443,10,29,-19
124000445,193,4214,-4021
124000446,1095,472,623
124900001,1838,182,1656
124900002,366,121,245
124900003,1933,296,1637
124900004,1955,185,1770
124900005,247,64,183
124900006,1736,167,1569
124900008,613,694,-81
124900009,49,673,-624
124900010,729,134,595
124900011,2028,239,1789
124900012,332,68,264
124900013,924,117,807
124900014,334,411,-77
124900015,278,915,-637
124900016,262,371,-109
124900017,532,8178,-7646
124900018,439,21,418
124900020,301,27,274
124900021,1064,236,828
124900022,141,1,140
124900024,1583,6,1577
124900026,55,41,14
124900027,211,236,-25
124900028,355,68,287
124900029,57,902,-845
124900030,4,62,-58
124900031,74,220,-146
124900032,127,59,68
124900033,167,300,-133
124900034,3,110,-107
124900035,193,112,81
124900036,0,49,-49
124900037,431,87,344
124900038,218,114,104
124900039,2,95,-93
124900040,209,92,117
124900041,782,357,425
124900042,11,4,7
124900043,1037,351,686
124900044,121,2,119
124900045,401,1846,-1445
124900046,479,155,324
124900047,135,65,70
124900048,511,63,448
124900050,342,77,265
124900052,237,136,101
124900053,533,126,407
124900054,1136,720,416
124900055,0,52,-52
124900057,5,240,-235
124900060,88,268,-180
124900061,347,1,346
124900062,334,26,308
124900066,0,7,-7
124900067,2,122,-120
124900068,161,1751,-1590
124900070,84,79,5
124900072,424,31,393
124900075,1310,135,1175
124900076,55,3814,-3759
124900077,64,57,7
124900078,244,12,232
124900079,361,373,-12
124900080,844,221,623
124900081,2700,160,2540
124900082,731,221,510
124900083,807,444,363
124900084,690,58,632
124900085,423,399,24
124900086,20,974,-954
124900087,446,29,417
124900088,137,73,64
124900089,895,11,884
124900090,1225,136,1089
124900091,574,101,473
124900092,690,114,576
124900093,944,141,803
124900094,1288,139,1149
124900095,216,897,-681
124900096,390,90,300
124900097,980,22,958
124900098,303,354,-51
124900099,182,868,-686
124900100,819,12,807
124900101,220,246,-26
124900102,779,13,766
124900103,595,93,502
124900104,284,53,231
124900105,317,28,289
124900106,491,88,403
124900107,489,23,466
124900108,581,171,410
124900111,4,422,-418
124900112,513,188,325
124900113,58,183,-125
124900114,52,141,-89
124900115,47,623,-576
124900116,816,707,109
124900117,169,389,-220
124900118,75,2133,-2058
124900119,743,345,398
124900120,43,138,-95
124900121,85,799,-714
124900122,493,158,335
124900123,145,117,28
124900124,23,117,-94
204000001,306,13,293
204000002,11,3,8
204000003,23,4,19
204000004,17,1,16
204000005,383,330,53
204000006,1252,1271,-19
204000011,9,9,0
204000012,54,26,28
204000019,1387,410,977
204000020,1932,282,1650
204000021,1295,930,365
204000022,1619,726,893
204000023,858,320,538
204000031,74,7,67
204000032,262,16,246
204000034,18,141,-123
204000035,2,0,2
204000036,5,101,-96
204000037,0,43,-43
204000038,0,29,-29
204000039,10,43,-33
204000040,7,21,-14
204000041,13,24,-11
204000042,45,16,29
204000043,39,4,35
204000044,137,45,92
204000045,154,37,117
204000046,64,4,60
204000057,13,22,-9
204000062,59,56,3
204000068,37,373,-336
204000069,197,566,-369
204000070,97,115,-18
204000080,88,53,35
204000085,1300,436,864
204000086,1685,737,948
204000087,81,2,79
204000088,2,13,-11
204000090,77,171,-94
204000093,1443,11,1432
204000096,2179,422,1757
204000097,1123,9,1114
204000099,1171,2542,-1371
204000100,2206,1129,1077
204000105,1381,334,1047
204000110,395,702,-307
204000111,561,623,-62
204000112,363,337,26
204000113,260,411,-151
204000114,1731,1184,547
204000115,1737,246,1491
204000116,888,349,539
204000119,3954,839,3115
204000132,703,759,-56
204000133,1084,118,966
204000134,489,55,434
204000135,1003,55,948
204000136,632,254,378
204000138,273,1214,-941
204000140,350,115,235
204000141,248,21,227
204000144,11,19,-8
204000145,1133,28,1105
204000146,40,114,-74
204000147,7,220,-213
204000148,301,13,288
204000154,4,7,-3
204000155,4,6,-2
204000177,48,103,-55
204000179,22,11,11
204000180,0,41,-41
204000222,19,10,9
204000235,163,63,100
204000236,59,98,-39
204000238,24,29,-5
204000240,507,57,450
204000263,651,432,219
204000268,656,148,508
204000308,123,12,111
204000317,26,155,-129
204000322,84,140,-56
204000323,27,12,15
204000328,311,21,290
204000329,133,29,104
204000330,397,21,376
204000331,99,30,69
204010341,6,182,-176
205000001,688,1144,-456
205000013,47,116,-69
205000014,153,84,69
205000015,167,29,138
205000016,92,47,45
205000017,93,53,40
205000022,297,314,-17
205000025,1162,371,791
205000029,1218,4,1214
205000045,248,194,54
205000046,215,146,69
205000047,136,162,-26
205000048,529,180,349
205000049,239,231,8
205000050,418,81,337
205000059,0,335,-335
205000060,1,428,-427
205000061,4,1015,-1011
205000062,1,894,-893
205000063,49,1058,-1009
205000064,89,297,-208
205000065,419,792,-373
205000066,263,171,92
205000067,303,260,43
205000069,184,4,180
205000082,98,208,-110
205000110,36,71,-35
205000111,144,70,74
205000112,133,113,20
205000113,77,158,-81
205000121,123,73,50
205000123,169,65,104
205000126,808,97,711
205000127,654,79,575
205000128,386,95,291
205000129,1225,93,1132
205000130,384,32,352
205000131,26,8,18
205000132,66,8,58
205000133,49,1,48
205000134,409,0,409
205000137,339,25,314
205000138,521,146,375
205000139,46,51,-5
205000144,151,86,65
205000145,193,154,39
205000151,137,60,77
205000152,170,45,125
205000153,220,70,150
205000154,86,55,31
205000155,150,21,129
205000207,0,21,-21
205000233,31,0,31
205000234,0,2,-2
205000243,0,0,0
205000244,0,3,-3
205000245,7,49,-42
205000249,0,11,-11
205000250,53,2,51
205000264,27,88,-61
206000027,5,22,-17
206000028,6,5,1
206000043,16,48,-32
206000053,2,8,-6
206000054,0,19,-19
206000055,1,12,-11
206000075,15,15,0
206000076,54,15,39
206000077,92,8,84
206000078,35,8,27
206000079,36,6,30
206000082,362,136,226
206000100,6,421,-415
206000103,0,1,-1
206000104,0,0,0
206000105,0,0,0
206000106,0,0,0
206000108,1049,78,971
206000125,356,0,356
206000157,15,222,-207
206000170,0,93,-93
206000171,10,150,-140
206000172,35,81,-46
206000173,0,96,-96
206000174,14,37,-23
206000175,0,64,-64
206000176,20,78,-58
206000177,0,52,-52
206000178,2,385,-383
206000179,2,165,-163
206000180,4,31,-27
206000181,3,9,-6
206000182,3,33,-30
206000183,20,59,-39
206000184,7,29,-22
206000185,9,26,-17
206000186,108,219,-111
206000223,14,212,-198
206000226,73,5,68
206000227,51,19,32
206000237,56,85,-29
206000238,26,442,-416
206000239,212,1198,-986
206000240,0,0,0
206000241,2,72,-70
206000242,4,70,-66
206000243,15,25,-10
206000244,13,101,-88
206000245,4546,31,4515
206000246,919,6,913
206000247,1429,7,1422
206000248,1754,38,1716
206000252,83,63,20
206000258,1,4,-3
206000315,58,10,48
206000317,778,241,537
206000318,1165,93,1072
206000319,3819,90,3729
206000320,933,30,903
206000321,1403,12,1391
206000322,2180,34,2146
206000323,794,10,784
206000324,1046,48,998
206000325,544,57,487
206000326,501,31,470
206000327,147,42,105
206000328,906,12,894
206000329,1615,8,1607
206000330,528,20,508
206000331,811,3,808
206000332,175,0,175
206000333,3224,2,3222
206000334,1731,2,1729
206000335,0,17,-17
206000361,2,35,-33
206000392,0,8,-8
206000405,744,1,743
206000441,138,25,113
206000498,277,15,262
206000515,97,48,49
206000530,725,91,634
206000531,239,383,-144
206000532,1451,328,1123
206000535,131,2595,-2464
206000536,32,90,-58
206000537,26,125,-99
206000613,1134,269,865
207000001,221,279,-58
207000002,152,252,-100
207000003,94,127,-33
207000007,3054,125,2929
207000008,648,9,639
207000009,94,21,73
207000010,353,190,163
207000012,743,116,627
207000015,223,360,-137
207000019,757,46,711
207000021,479,400,79
207000022,339,219,120
207000023,464,78,386
207000024,2,23,-21
207000025,23,145,-122
207000026,112,50,62
207000027,19,35,-16
207000028,110,129,-19
207000029,369,193,176
207000033,404,202,202
207000034,512,72,440
207000039,1396,19,1377
207000040,1372,11,1361
207000041,315,45,270
207000042,844,53,791
207000043,553,252,301
207000051,40,203,-163
207000052,1,99,-98
207000053,306,217,89
207000054,66,50,16
207000055,180,50,130
207000056,209,132,77
207000057,106,178,-72
207000058,109,189,-80
207000059,73,251,-178
207000060,55,382,-327
207000061,106,2197,-2091
207000062,1397,68,1329
207000063,1242,65,1177
207000064,787,65,722
207000065,435,146,289
207000066,974,216,758
207000067,148,80,68
207000068,278,26,252
207000069,1698,191,1507
207000082,55,115,-60
207000083,64,133,-69
207000084,927,152,775
207000085,512,67,445
207000086,962,13,949
207000106,158,9,149
207000107,320,24,296
207000108,270,1,269
207000109,207,8,199
207000110,117,19,98
207000111,176,42,134
207000112,33,801,-768
207000114,14,15,-1
207000115,57,28,29
207000116,12,143,-131
207000117,2,39,-37
207000118,1,51,-50
207000119,31,46,-15
207000123,555,11,544
207000124,319,8,311
207000125,98,4,94
207000126,67,4,63
207000134,618,65,553
207000135,183,122,61
207000148,201,370,-169
207000149,46,6,40
207000152,199,462,-263
207000153,362,592,-230
207000154,541,106,435
207000159,41,116,-75
207000160,140,210,-70
207000238,0,35,-35
207000242,2,20,-18
207000248,13,30,-17
207000249,87,15,72
207000250,272,75,197
207000251,92,146,-54
207000252,56,39,17
207000278,400,141,259
207000279,27,82,-55
207000280,1742,24,1718
207000281,185,252,-67
207000282,28,994,-966
207000283,17,137,-120
207000284,71,3160,-3089
207000285,49,59,-10
207000291,8,30,-22
207000304,64,41,23
207000306,46,230,-184
207000310,489,172,317
207000353,83,1,82
207000356,3,84,-81
207000357,2,15,-13
207000358,1,16,-15
207000415,0,46,-46
207000417,27,1,26
207000418,55,40,15
207000438,0,1,-1
207000439,487,132,355
207000446,210,1,209
207000460,330,12,318
207000466,55,114,-59
207000467,1205,30,1175
207000468,64,141,-77
207000476,7,34,-27
207000477,1117,113,1004
207000478,0,19,-19
207000523,0,6,-6
207000524,54,1,53
207000527,562,85,477
207000530,900,2,898
207000531,472,6,466
207000532,139,42,97
207000534,184,10,174
207000535,10,125,-115
207000537,9,67,-58
207000540,2,39,-37
207000541,0,87,-87
207000548,1,144,-143
207000549,372,6,366
207000561,279,81,198
207000562,22,101,-79
207000567,42,170,-128
207000568,1036,73,963
207000569,2302,106,2196
207000584,30,92,-62
207000585,21,107,-86
207000616,0,72,-72
207000617,445,0,445
207900008,949,36,913
208000001,1016,924,92
208000002,1124,741,383
208000003,1244,349,895
208000004,946,829,117
208000005,3,44,-41
208000019,2379,213,2166
208000020,446,148,298
208000021,382,212,170
208000022,882,242,640
208000028,1149,2230,-1081
208000033,390,159,231
208000034,601,735,-134
208000037,1080,39,1041
208000040,566,157,409
208000041,1477,721,756
208000042,2965,575,2390
208000047,121,94,27
208000064,2922,1239,1683
208000066,1534,1002,532
208000070,1074,674,400
208000071,1530,207,1323
208000072,1581,342,1239
208000080,497,714,-217
208000081,623,216,407
208000082,975,118,857
208000083,479,211,268
208000084,25,137,-112
208000085,1006,497,509
208000086,877,742,135
208000087,824,478,346
208000089,1651,217,1434
208000090,1095,363,732
208000093,36,111,-75
208000094,532,253,279
208000095,1072,452,620
208000104,2873,323,2550
208000105,1443,433,1010
208000114,197,412,-215
208000115,1254,479,775
208000116,2453,2110,343
208000117,9,106,-97
208000118,228,468,-240
208000155,1185,1001,184
208000158,2234,2582,-348
208000186,1280,1547,-267
208000204,1019,1023,-4
208000205,2394,664,1730
208000282,1066,772,294
209000004,1187,211,976
209000005,136,114,22
209000006,368,245,123
209000007,460,494,-34
209000010,141,251,-110
209000011,36,289,-253
209000012,98,105,-7
209000013,369,114,255
209000014,635,239,396
209000025,798,95,703
209000026,2066,174,1892
209000027,470,159,311
209000028,314,139,175
209000029,588,622,-34
209000030,557,792,-235
209000031,2519,759,1760
209000034,266,504,-238
209000035,284,396,-112
209000036,657,109,548
209000037,854,194,660
209000038,365,151,214
209000039,229,143,86
209000040,507,315,192
209000041,351,292,59
209000042,379,123,256
209000043,603,386,217
209000044,483,486,-3
209000045,737,246,491
209000046,1069,240,829
209000047,848,368,480
209000048,791,775,16
209000049,97,44,53
209000050,300,35,265
209000051,330,82,248
209000052,272,98,174
209000062,191,38,153
209000063,130,32,98
209000064,51,17,34
209000065,272,17,255
209000066,300,20,280
209000067,449,50,399
209000080,9,137,-128
209000082,238,21,217
209000091,27,88,-61
209000093,56,125,-69
209000094,35,150,-115
209000110,117,85,32
209000111,425,3532,-3107
209000112,2003,552,1451
209000113,4631,757,3874
209000114,2070,678,1392
209000115,102,59,43
209000116,263,164,99
209000118,19,95,-76
209000119,16,101,-85
209000121,127,353,-226
209000135,153,73,80
209000142,988,6146,-5158
209000143,21,61,-40
209000144,185,324,-139
209000229,386,87,299
209000240,16,155,-139
209000259,72,26,46
209000260,48,306,-258
209000261,31,179,-148
209000262,1,163,-162
209000263,2,218,-216
209000264,0,211,-211
209000265,492,2,490
209000266,209,0,209
209000267,2299,5,2294
209000268,878,116,762
210000037,237,84,153
210000047,126,7,119
210000048,223,75,148
210000049,250,6,244
210000052,260,34,226
210000053,48,18,30
210000054,16,66,-50
210000070,363,13,350
210000071,206,3,203
210000072,76,0,76
210000073,0,17,-17
210000074,0,39,-39
210000075,0,34,-34
210000076,2,77,-75
210000077,5,128,-123
210000078,9,182,-173
210000079,24,10,14
210000080,71,343,-272
210000081,293,23,270
210000082,32,3,29
210000083,124,3,121
210000084,180,1,179
210000085,0,110,-110
210000086,0,51,-51
210000099,73,137,-64
210000100,56,102,-46
210000101,53,91,-38
210000105,21,270,-249
210000159,1,427,-426
210000163,25,73,-48
210000164,457,188,269
210000168,362,38,324
210000187,0,3,-3
210000188,0,30,-30
210000214,24,0,24
210000219,245,42,203
210000220,306,13,293
210000232,7,20,-13
210000233,35,15,20
210000234,49,14,35
210000235,174,47,127
210000245,0,26,-26
210000246,39,34,5
210000258,10,74,-64
210000259,520,75,445
210000282,20,213,-193
210000285,1,175,-174
210000286,49,149,-100
210000290,0,5,-5
210000295,92,195,-103
210000296,68,27,41
210000320,587,29,558
210000321,559,22,537
210000338,52,99,-47
210000339,79,948,-869
210000340,99,207,-108
210000341,287,125,162
210000342,412,104,308
210000343,240,138,102
210000344,111,273,-162
210000345,130,475,-345
210000346,63,292,-229
210000347,22,276,-254
210000348,155,188,-33
210000349,71,138,-67
210000350,285,72,213
210000351,356,73,283
210000352,56,36,20
210000353,54,16,38
210000354,60,32,28
210000355,34,315,-281
210000356,19,476,-457
210000357,46,439,-393
210000358,793,440,353
210000359,130,378,-248
210000360,448,465,-17
210000361,495,208,287
210000362,657,137,520
210000363,843,149,694
210000364,591,133,458
210000365,532,108,424
210000366,608,50,558
210000367,196,22,174
210000368,430,49,381
210000369,128,93,35
210000370,200,138,62
210000372,26,23,3
210000373,29,92,-63
210000374,87,165,-78
210000375,29,35,-6
210000376,77,371,-294
210000404,42,70,-28
210000439,270,10,260
210000472,89,7,82
210000482,207,123,84
210000564,395,187,208
210000567,9,133,-124
210000568,355,3,352
211000092,146,25,121
211000094,77,8,69
211000169,440,8,432
211000172,52,189,-137
211000209,1,62,-61
211000226,11,10,1
211000270,264,47,217
211000275,25,29,-4
211000276,364,30,334
211000279,44,69,-25
211000281,369,57,312
211507980,0,71,-71
211977296,32,5,27
212000003,444,170,274
212000004,8,131,-123
212000005,6,240,-234
212000006,41,222,-181
212000008,302,233,69
212000009,85,141,-56
212000012,210,48,162
212000013,62,42,20
212000014,451,68,383
212000015,431,81,350
212000016,589,217,372
212000027,844,124,720
212000028,680,161,519
212000029,465,153,312
212000030,71,16,55
212000031,67,32,35
212000048,41,731,-690
212000049,15,337,-322
212000050,18,34,-16
212000051,483,105,378
212000052,360,103,257
212000053,288,127,161
212000054,1257,54,1203
212000055,1009,79,930
212000056,20,40,-20
212000057,33,27,6
212000058,281,39,242
212000070,230,79,151
212000077,303,153,150
212000099,950,147,803
212000108,442,547,-105
212000111,742,54,688
212000120,152,252,-100
212000138,332,58,274
212000156,4,52,-48
212000158,9,75,-66
212000159,1230,48,1182
212000160,1426,83,1343
212000161,279,10,269
212000310,78,2,76
212000311,22,42,-20
212000374,66,11,55
213000001,12,370,-358
213000005,1180,131,1049
213000006,908,131,777
213000007,75,19,56
213000009,390,142,248
213000010,671,100,571
213000011,258,37,221
213000012,372,111,261
213000014,71,24,47
213000015,428,4,424
213000016,516,27,489
213000017,37,0,37
213000018,12,24,-12
213000019,12,57,-45
213000020,120,82,38
213000021,1,61,-60
213000023,783,215,568
213000033,469,1080,-611
213000034,552,84,468
213000035,227,634,-407
213000045,167,235,-68
213000046,75,29,46
213000047,156,721,-565
213000056,538,8,530
213000069,165,36,129
213000073,0,18,-18
213000074,35,276,-241
213000075,1501,8,1493
213000076,20,4,16
213000085,7,12,-5
213000086,11,64,-53
213000091,723,32,691
213000092,88,5,83
213000099,224,936,-712
213000100,1259,279,980
213000101,1437,77,1360
213000102,1230,72,1158
213000103,743,205,538
213000104,47,135,-88
213000105,151,2507,-2356
213000106,57,235,-178
213000107,186,275,-89
213000108,78,281,-203
213000109,10,193,-183
213000110,8,61,-53
213000111,3,61,-58
213000112,67,73,-6
213000115,124,5,119
213000116,17,218,-201
213000117,6,299,-293
213000118,1870,525,1345
213000119,28,286,-258
213000120,31,202,-171
213000122,143,220,-77
213000123,100,414,-314
213000124,307,628,-321
213000125,308,96,212
213000126,57,38,19
213000127,21,121,-100
213000128,75,471,-396
213000129,151,3054,-2903
213000130,1795,1064,731
213000132,2776,265,2511
213000133,2405,129,2276
213000134,3393,26,3367
213000136,982,10,972
213000137,939,24,915
213000139,282,14,268
213000147,30,10,20
213000148,12,48,-36
213000149,10,25,-15
213000150,0,714,-714
213000151,2,179,-177
213000152,1,247,-246
213000153,2,192,-190
213000154,118,209,-91
213000155,125,202,-77
213000156,143,195,-52
213000157,1432,189,1243
213000158,611,455,156
213000159,1217,233,984
213000163,3908,524,3384
213000165,907,335,572
213000171,0,7,-7
213000172,0,36,-36
213000173,0,40,-40
213000174,0,53,-53
213000175,7,7,0
213000176,284,61,223
213000177,230,5,225
213000178,570,2,568
213000179,805,0,805
213000180,976,0,976
213000184,111,255,-144
213000188,1536,73,1463
213000189,2139,29,2110
213000190,1231,222,1009
213000191,1291,148,1143
213000192,829,125,704
213000193,406,285,121
213000194,2,256,-254
213000195,56,213,-157
213000196,611,1968,-1357
213000197,902,1284,-382
213000198,33,2,31
213000200,210,441,-231
213000201,16,71,-55
213000202,1,346,-345
213000203,1692,290,1402
213000204,1857,58,1799
213000205,1161,27,1134
213000206,1477,34,1443
213000207,40,5,35
213000208,27,1,26
213000209,90,3,87
213000210,222,0,222
213000211,6,15,-9
213000212,18,13,5
213000213,53,40,13
213000218,813,481,332
213000219,2196,77,2119
213000220,2555,9,2546
213000223,600,143,457
213000224,43,19,24
213000225,135,19,116
213000226,73,3,70
213000227,2675,75,2600
213000228,1713,75,1638
213000229,490,32,458
213000230,798,14,784
213000232,193,8,185
213000233,17,130,-113
213000234,0,49,-49
213000293,11,116,-105
213000294,166,38,128
213000295,56,47,9
213000296,181,36,145
213000297,18,37,-19
213000298,25,59,-34
213000299,41,30,11
213000300,0,6,-6
213000303,0,41,-41
213000304,0,10,-10
213000305,1,19,-18
213000306,51,288,-237
213000307,140,126,14
213000308,76,148,-72
213000309,374,55,319
213000310,495,133,362
213000311,126,440,-314
213000315,131,214,-83
213000316,635,27,608
213000322,203,30,173
213000323,367,24,343
213000324,179,2,177
213000325,269,32,237
213000326,180,17,163
213000327,140,11,129
213000328,124,81,43
213000329,236,19,217
213000340,151,298,-147
213000341,2131,58,2073
213000346,118,443,-325
213000347,291,1211,-920
213000348,5,36,-31
213000349,1,8,-7
213000350,171,736,-565
213000366,93,166,-73
213000367,615,25,590
213000379,64,8,56
213000386,54,49,5
213000406,253,113,140
213000417,2728,803,1925
213000425,733,121,612
213000426,401,10,391
213000427,181,79,102
213000428,130,56,74
213000429,17,7,10
213000430,171,178,-7
213000431,15,0,15
213000432,0,84,-84
213000433,71,31,40
213000434,323,100,223
213000435,300,53,247
213000436,302,40,262
213000437,6,15,-9
213000438,274,23,251
213000439,55,22,33
213000440,4,138,-134
213000441,1,3,-2
213000442,7,17,-10
213000443,900,344,556
213000444,58,4,54
213000445,0,82,-82
213000446,0,74,-74
213000447,0,92,-92
213000448,20,149,-129
213000449,2490,20,2470
213000450,28,14,14
213000451,768,37,731
213000452,29,12,17
213000453,16,137,-121
213000455,284,121,163
213000456,0,186,-186
213000481,4,0,4
213000482,25,5,20
213000489,214,123,91
213000491,24,402,-378
213000492,119,3,116
213000493,5,662,-657
213000494,544,71,473
213000495,0,39,-39
213000496,1077,115,962
213000497,55,172,-117
213000498,137,99,38
213000499,365,127,238
213000500,1427,32,1395
213000501,590,39,551
213000502,121,74,47
213000503,1,92,-91
213000504,31,84,-53
213000505,80,3,77
213000506,0,3,-3
213000507,5,51,-46
213900016,0,1,-1
213900244,372,1,371
213900245,0,7,-7
218000003,74,37,37
218000004,143,38,105
218000005,30,71,-41
218000006,82,68,14
218000007,30,25,5
218000012,124,516,-392
218000013,447,289,158
218000014,483,186,297
218000019,526,226,300
218000020,330,179,151
218000021,62,46,16
218000022,39,17,22
218000023,1,14,-13
218000024,6,9,-3
218000025,19,14,5
218000026,17,10,7
218000027,8,6,2
218000028,11,1,10
218000029,3,4,-1
218000030,40,8,32
218000031,16,3,13
218000032,2,3,-1
218000040,2,18,-16
218000046,169,118,51
218000047,18,62,-44
218000048,205,23,182
218000049,149,36,113
218000050,440,82,358
218000051,152,108,44
218000052,0,33,-33
218000053,2,7,-5
218000054,12,37,-25
218000055,6,46,-40
218000056,54,74,-20
218000057,2,48,-46
218000064,2,2,0
218000065,161,17,144
218000066,30,39,-9
218000067,205,38,167
218000068,376,68,308
218000069,854,33,821
218000070,453,239,214
218000071,283,125,158
218000072,141,171,-30
218000078,2143,260,1883
218000079,584,24,560
218000080,381,31,350
218000081,1014,72,942
218000082,374,34,340
218000083,161,36,125
218000084,249,72,177
218000085,174,72,102
218000086,130,43,87
218000087,249,36,213
218000090,8,321,-313
218000091,1987,769,1218
218000092,386,75,311
218000093,186,45,141
218000094,712,257,455
218000099,316,295,21
218000100,447,148,299
218000101,467,157,310
218000102,880,193,687
218000103,265,67,198
218000104,238,50,188
218000105,19,6,13
218000106,78,5,73
218000107,315,31,284
218000108,81,25,56
218000112,78,10,68
218000117,56,116,-60
218000134,607,329,278
218000135,21,143,-122
218000136,230,147,83
218000137,133,205,-72
218000138,89,88,1
218000139,295,585,-290
218000140,849,598,251
218000141,144,99,45
218000142,368,221,147
218000143,42,387,-345
218000144,13,303,-290
218000145,881,249,632
218000146,153,70,83
218000151,3,22,-19
218000152,70,37,33
218000153,4,10,-6
218000154,44,2,42
218000155,95,1,94
218000156,125,7,118
218000157,86,8,78
218000158,25,15,10
218000159,9,3,6
218000160,14,10,4
218000161,81,8,73
218000162,79,3,76
218000163,52,1,51
218000164,212,4,208
218000165,273,42,231
218000170,1,23,-22
218000171,78,2,76
218000172,1,7,-6
218000173,21,11,10
218000174,29,20,9
218000176,262,19,243
218000177,312,79,233
218000178,53,88,-35
218000179,192,16,176
218000180,67,30,37
218000181,281,21,260
218000187,22,19,3
218000188,30,46,-16
218000189,11,105,-94
218000190,15,14,1
218000191,253,24,229
218000192,395,86,309
218000193,333,181,152
218000194,172,220,-48
218000195,280,18,262
218000196,652,190,462
218000197,1323,117,1206
218000198,243,30,213
218000199,103,16,87
218000200,63,50,13
218000201,23,8,15
218000202,42,1152,-1110
218000207,5,38,-33
218000208,36,133,-97
218000211,35,19,16
218000212,1,4,-3
218000213,259,118,141
218000214,4,28,-24
218000215,197,47,150
218000217,1,33,-32
218000218,344,46,298
218000219,10,78,-68
218000220,73,538,-465
218000221,1199,382,817
218000222,4,102,-98
218000223,77,468,-391
218000224,8,214,-206
218000225,268,27,241
218000226,351,31,320
218000230,0,13,-13
218000232,105,35,70
218000239,185,2,183
218000240,3,1,2
218000241,11,0,11
218000242,2,1,1
218000243,8,5,3
218000244,41,3,38
218000245,12,19,-7
218000246,0,13,-13
218000247,0,1,-1
218000248,0,39,-39
218000249,0,4,-4
218000250,0,124,-124
218000251,2,37,-35
218000252,1,64,-63
218000253,0,16,-16
218000254,0,13,-13
218000255,1,17,-16
218000256,8,51,-43
218000267,658,1231,-573
218000268,7,77,-70
218000269,8,14,-6
218000270,204,31,173
218000271,7,16,-9
218000273,198,1,197
218000274,41,2,39
218000275,123,104,19
218000276,71,19,52
218000278,9,25,-16
218000279,133,20,113
218000280,2,11,-9
218000281,5,21,-16
218000282,826,1666,-840
218000284,65,5,60
218000301,58,192,-134
218000302,37,81,-44
218000303,5,90,-85
218000316,2473,647,1826
218000317,4458,432,4026
218000318,2383,285,2098
218000319,2220,477,1743
218000320,1844,796,1048
218000338,18,20,-2
218000345,255,80,175
218000346,56,216,-160
218000459,62,107,-45
218000490,25,18,7
218000501,140,57,83
218000502,200,18,182
218000503,141,34,107
218000504,159,38,121
218000505,50,42,8
218000506,11,75,-64
218000508,2,3,-1
218000510,107,14,93
218000520,195,148,47
218000521,35,30,5
218000522,0,270,-270
218000523,189,0,189
218000524,6,169,-163
218000525,109,21,88
218000526,31,173,-142
218000529,101,49,52
218000530,50,7,43
218000531,65,17,48
218000532,139,5,134
218000534,739,24,715
218000537,22,127,-105
218000538,213,339,-126
218000540,117,94,23
218000543,314,35,279
218000544,18,47,-29
218000545,331,61,270
218000546,111,23,88
218000547,284,146,138
218000548,155,44,111
218000549,1655,121,1534
218000550,199,116,83
218000551,131,205,-74
218000552,534,100,434
218000553,22,146,-124
218000554,68,43,25
218000555,75,137,-62
218000556,360,111,249
218000557,1150,107,1043
218000558,96,0,96
218000559,0,71,-71
218000560,0,16,-16
218000561,36,0,36
218000562,15,98,-83
218000563,267,12,255
218000564,2,139,-137
218000565,135,35,100
218000566,49,11,38
218000567,0,52,-52
218000568,14,0,14
218000569,1,169,-168
218000570,26,1,25
218000571,0,77,-77
218000572,139,0,139
218000573,5,69,-64
218000574,130,20,110
218000575,177,0,177
218000576,0,44,-44
218000577,169,18,151
218000578,0,42,-42
218000579,38,16,22
218000581,16,98,-82
218000582,67,1,66
218000583,4,0,4
218000584,0,13,-13
218000585,72,6,66
218000586,18,37,-19
218000587,2,0,2
218000588,0,4,-4
218000589,0,25,-25
218000590,5,2,3
218000591,0,45,-45
218000592,4,12,-8
218000593,5,1,4
218000594,1,5,-4
218000595,0,0,0
218000596,0,0,0
218000597,0,1,-1
218000598,0,1,-1
218000599,2,1,1
218000600,12,0,12
218000601,1,3,-2
218000602,0,4,-4
218000603,0,3,-3
218000604,14,0,14
218000605,0,50,-50
218000606,93,0,93
218000607,10,97,-87
218000608,76,21,55
218000609,1,118,-117
218000610,91,2,89
218000611,38,0,38
218000612,1,22,-21
218000613,74,26,48
218000614,1,33,-32
218000615,289,4,285
218000616,3,152,-149
218000617,8,0,8
218000618,3,40,-37
218000619,51,88,-37
218000620,3,138,-135
218000621,0,25,-25
218000622,0,113,-113
218000623,5,9,-4
218000624,0,252,-252
218000625,1,22,-21
218000626,0,35,-35
218000628,417,173,244
218000631,124,64,60
218000632,1,80,-79
218000633,59,1,58
218000634,14,6,8
218000635,9,1,8
218000636,1141,321,820
218000637,2214,174,2040
218000638,609,2,607
218000639,37,16,21
218000640,1060,17,1043
218000641,192,67,125
218000652,67,41,26
218000653,211,21,190
218000663,20,46,-26
218000675,40,72,-32
218000676,11,4,7
218000677,55,4,51
218000680,430,126,304
218000681,1085,134,951
218000691,566,95,471
218000693,1220,99,1121
218000703,11,10,1
218000718,20,65,-45
218000719,83,105,-22
218000720,1,85,-84
218000721,3,5,-2
218000725,14,10,4
218001147,1,31,-30
218001214,16,26,-10
218001258,387,7,380
218001329,382,75,307
218001330,46,42,4
218001351,3,6,-3
218001352,39,24,15
218001353,1,3,-2
218001354,1,29,-28
218001355,0,13,-13
218001356,1181,77,1104
218001357,0,38,-38
218001358,1216,3,1213
218001361,1057,6,1051
218001362,1,10,-9
219000001,0,17,-17
219000002,32,17,15
219000003,84,63,21
219000004,92,84,8
219000017,112,141,-29
219000020,244,24,220
219000022,224,2,222
219000023,120,0,120
219000029,0,134,-134
219000034,120,45,75
219000039,27,163,-136
219000040,19,60,-41
219000041,161,50,111
219000051,0,77,-77
219000052,0,73,-73
219000053,0,70,-70
219000054,31,68,-37
219000055,610,2,608
219000056,15,0,15
219000057,120,0,120
219000062,36,82,-46
219000063,442,2,440
219000064,1,123,-122
219000110,253,257,-4
219000111,82,55,27
219000112,406,46,360
219000113,426,44,382
219000114,313,27,286
219000116,149,24,125
219000117,266,47,219
219000118,168,89,79
219000123,250,145,105
219000124,77,37,40
219000125,20,3,17
219000126,65,151,-86
219000127,0,6,-6
219000128,15,96,-81
219000129,27,93,-66
219000130,203,385,-182
219000131,1487,747,740
219000133,34,121,-87
219000134,11,41,-30
219000135,21,64,-43
219000136,79,292,-213
219000138,206,18,188
219000139,128,23,105
219000140,309,0,309
219000141,90,20,70
219000142,68,17,51
219000143,31,22,9
219000145,12,17,-5
219000146,0,0,0
219000147,7,13,-6
219000148,7,16,-9
219000149,1,30,-29
219000150,1,19,-18
219000151,0,0,0
219000157,668,87,581
219000158,408,161,247
219000161,507,4,503
219000163,1792,389,1403
219000166,248,216,32
219000167,159,211,-52
219000168,495,85,410
219000174,1028,163,865
219000175,470,7,463
219000176,419,10,409
219000177,276,2,274
219000178,381,0,381
219000179,192,37,155
219000180,186,27,159
219000182,256,9,247
219000183,154,10,144
219000184,133,6,127
219000185,0,9,-9
219000186,138,55,83
219000187,13,41,-28
219000189,48,119,-71
219000190,78,122,-44
219000191,109,822,-713
219000192,424,203,221
219000193,370,112,258
219000195,2,288,-286
219000196,1,101,-100
219000198,49,36,13
219000199,154,67,87
219000200,158,67,91
219000201,95,72,23
219000203,14,48,-34
219000204,47,305,-258
219000205,27,200,-173
219000207,59,149,-90
219000209,84,18,66
219000210,27,160,-133
219000213,14,221,-207
219000239,234,240,-6
219000240,77,330,-253
219000241,161,171,-10
219000242,112,240,-128
219000243,177,222,-45
219000244,31,76,-45
219000245,26,49,-23
219000246,42,34,8
219000247,463,32,431
219000248,732,569,163
219000249,355,166,189
219000250,429,60,369
219000251,1099,182,917
219000252,421,58,363
219000253,304,11,293
219000255,341,111,230
219000256,627,159,468
219000257,169,0,169
219000262,64,148,-84
219000263,75,108,-33
219000267,2,36,-34
219000268,0,2,-2
219000269,9,1,8
219000270,40,0,40
219000271,599,8,591
219000278,0,2,-2
219000279,0,1,-1
219000283,0,26,-26
219000295,8,110,-102
219000296,90,238,-148
219000297,58,46,12
219000298,27,31,-4
219000299,456,19,437
219000300,104,44,60
219000301,30,201,-171
219000302,27,119,-92
219000307,88,6,82
219000308,82,52,30
219000311,312,46,266
219000312,495,149,346
219000313,637,74,563
219000314,94,86,8
219000315,562,6,556
219000316,1144,93,1051
219000317,461,20,441
219000320,0,51,-51
219000321,1,42,-41
219000323,4,41,-37
219000325,0,0,0
219000326,18,46,-28
219000327,8,8,0
219000328,34,9,25
219000329,474,123,351
219000330,20,6,14
219000331,71,38,33
219000332,310,139,171
219000333,107,3,104
219000335,143,0,143
219000337,29,2,27
219000338,53,0,53
219000344,31,55,-24
219000345,276,84,192
219000346,33,19,14
219000348,99,52,47
219000349,40,185,-145
219000350,36,259,-223
219000351,0,8,-8
219000352,104,42,62
219000353,483,33,450
219000354,889,20,869
219000355,234,33,201
219000356,551,816,-265
219000363,248,62,186
219000364,234,40,194
219000365,76,53,23
219000366,246,1185,-939
219000368,524,524,0
219000370,1062,354,708
219000371,24,10,14
219000382,7,30,-23
219000383,257,985,-728
219000385,167,733,-566
219000386,464,1775,-1311
219000387,0,4,-4
219000390,12,0,12
219000391,6,0,6
219000397,75,11,64
219000398,23,76,-53
219000401,37,122,-85
219000402,19,86,-67
219000403,92,356,-264
219000404,26,127,-101
219000407,46,63,-17
219000409,139,43,96
219000410,135,21,114
219000411,86,13,73
219000446,104,404,-300
219000447,5,22,-17
219000448,13,7,6
219000452,145,65,80
219000453,28,145,-117
219000454,514,440,74
219000556,1100,61,1039
219000558,92,139,-47
219000590,28,315,-287
219000591,406,63,343
219000592,51,210,-159
219000595,13,6,7
219000635,262,27,235
219000636,66,32,34
219000657,52,8,44
219000658,15,188,-173
219000673,0,15,-15
219000676,37,4,33
219000679,58,15,43
219000684,296,0,296
219000685,1,97,-96
219000686,0,4,-4
219000688,0,43,-43
219000689,7,150,-143
219000690,163,9,154
219000691,47,97,-50
219000692,198,10,188
219000693,0,5,-5
219000694,58,0,58
219000695,176,2,174
219000698,19,1,18
219000699,0,155,-155
219000727,0,160,-160
219000728,178,2,176
219000770,66,0,66
219000771,0,81,-81
219000788,269,247,22
219001150,1,106,-105
219001151,3,0,3
219001166,35,118,-83
219001167,1,45,-44
219001178,115,12,103
220000001,43,338,-295
220000002,9,202,-193
220000003,244,91,153
220000004,396,319,77
220000005,484,1289,-805
220000006,121,461,-340
220000007,558,128,430
220000008,292,260,32
220000009,332,385,-53
220000010,57,42,15
220000011,336,5315,-4979
220000012,41,732,-691
220000014,212,124,88
220000015,42,433,-391
220000017,88,326,-238
220000018,10108,3528,6580
220000019,303,1019,-716
220000020,818,223,595
220000021,1375,483,892
220000022,2042,280,1762
220000023,348,136,212
220000024,1174,365,809
220000025,914,1937,-1023
220000026,583,1035,-452
220000027,29,313,-284
220000028,42,167,-125
220000029,15,77,-62
220000030,30,50,-20
220000031,1300,612,688
220000064,111,948,-837
221000046,7,0,7
221000047,0,0,0
221000048,0,0,0
221000049,0,12,-12
221000050,18,0,18
221000055,22,71,-49
221000057,296,3,293
221000068,170,67,103
221000069,373,26,347
221000070,267,10,257
221000071,162,8,154
221000072,540,2,538
221000073,271,40,231
221000074,3,15,-12
221000075,0,13,-13
221000076,14,23,-9
221000077,23,43,-20
221000081,20,6,14
221000082,73,11,62
221000083,20,6,14
221000084,1,4,-3
221000085,5,45,-40
221000086,0,58,-58
221000087,0,94,-94
221000088,3,134,-131
221000089,28,114,-86
221000090,35,219,-184
221000098,162,26,136
221000099,419,8,411
221000100,249,1,248
221000101,257,11,246
221000102,254,21,233
221000109,4,16,-12
221000110,10,13,-3
221000111,5,25,-20
221000112,6,31,-25
221000113,12,75,-63
221000114,3,62,-59
221000120,12,109,-97
221000121,1,78,-77
221000122,43,18,25
221000123,4,11,-7
221000124,57,109,-52
221000155,174,14,160
221000156,216,61,155
221000175,5,29,-24
221000176,0,6,-6
221000182,234,2,232
221000241,341,249,92
221000242,77,114,-37
221000243,645,143,502
221000244,83,296,-213
221000245,319,86,233
221000246,14,238,-224
221000247,245,175,70
221000248,101,114,-13
221000267,35,693,-658
221000325,28,179,-151
221000331,7,30,-23
221000338,28,63,-35
221000378,482,64,418
221000381,57,87,-30
222000282,3,6,-3
222000296,6,28,-22
222000568,631,17,614
222000569,246,52,194
222000570,182,39,143
222000571,875,9,866
222000577,31,68,-37
222000578,0,111,-111
222000579,1,52,-51
222000580,32,765,-733
222000599,0,62,-62
222000600,0,65,-65
222000601,1,475,-474
222000603,8,64,-56
222000604,1,169,-168
222000605,25,57,-32
222000606,0,36,-36
222000607,2,6,-4
222000608,11,9,2
222000609,74,41,33
222000616,1313,34,1279
222000617,38,16,22
222000618,5,8,-3
222000620,30,24,6
222000621,53,39,14
222000623,835,13,822
222000624,945,25,920
222000625,2220,14,2206
222000636,46,2,44
222000686,27,28,-1
222000687,88,22,66
222001066,1277,2,1275
222001067,242,11,231
222001068,376,11,365
222001069,187,31,156
222001082,203,10,193
222001083,433,9,424
222001084,4,149,-145
222001085,4,948,-944
222001111,483,27,456
222001112,313,17,296
222001313,2,17,-15
222001314,0,109,-109
222001464,147,21,126
222001465,22,86,-64
222001484,495,46,449
222001485,13,12,1
222001494,1790,122,1668
222001495,116,62,54
222001496,835,55,780
222001497,163,158,5
222001502,20,27,-7
222001503,726,12,714
222001504,9,99,-90
222001505,1343,31,1312
222001506,11,102,-91
222001507,834,20,814
222001510,1517,24,1493
222001511,9,132,-123
222001514,1644,34,1610
222001515,39,77,-38
222001518,1299,19,1280
222001519,49,164,-115
222001527,327,49,278
222001528,20,71,-51
222001529,703,37,666
222001530,33,62,-29
222001533,87,110,-23
222001534,1356,38,1318
222001535,777,172,605
222001536,69,153,-84
222001537,984,20,964
222001538,6,220,-214
222001563,1516,65,1451
222001564,44,188,-144
222001568,174,105,69
222001576,0,7,-7
222001579,0,28,-28
222001583,29,62,-33
222001584,334,20,314
222001596,265,474,-209
222001597,2125,345,1780
222001626,0,38,-38
222001650,9,65,-56
222001651,17,132,-115
222001914,638,36,602
222001915,21,112,-91
222001968,965,87,878
222001969,237,235,2
222001970,130,199,-69
222001971,189,7,182
222001972,18,19,-1
225000001,784,71,713
225000002,1950,147,1803
225000003,1990,80,1910
225000004,1223,211,1012
225000005,76,97,-21
225000006,0,116,-116
225000007,829,1463,-634
225000010,516,21,495
225000011,452,2270,-1818
225000012,412,1059,-647
225000013,312,115,197
225000014,1061,96,965
225000015,168,204,-36
225000021,1102,87,1015
225000027,314,270,44
225000032,895,127,768
225000042,157,266,-109
225000049,55,161,-106
225000050,317,41,276
225000053,3,81,-78
225000058,903,153,750
225000067,429,91,338
225000068,239,174,65
225000069,111,249,-138
225000070,205,257,-52
225000071,95,83,12
225000075,48,737,-689
225000076,129,62,67
225000078,88,15,73
225000085,424,31,393
225000086,1035,14,1021
225000087,193,18,175
225000088,17,161,-144
225000089,72,178,-106
225000090,29,130,-101
225000091,75,54,21
225000092,59,96,-37
225000093,570,157,413
225000094,9,137,-128
225000095,337,117,220
225000096,71,161,-90
225000098,1625,176,1449
225000099,911,44,867
225000100,1299,76,1223
225000104,139,562,-423
225000110,37,295,-258
225000111,544,312,232
225000112,660,897,-237
225000113,279,1323,-1044
225000114,138,686,-548
225000115,1428,972,456
225000116,353,89,264
225000117,487,494,-7
225000118,1669,476,1193
225000119,732,90,642
225000120,1322,49,1273
225000121,238,23,215
225000123,1076,11,1065
225000125,952,285,667
225000126,989,228,761
225000127,630,5619,-4989
225000128,431,2136,-1705
225000132,986,17,969
225000133,528,14,514
225000134,1123,144,979
225000135,169,19,150
225000136,961,11,950
225000137,724,173,551
225000138,937,275,662
225000143,88,299,-211
225000144,15,331,-316
225000145,27,17,10
225000146,97,48,49
225000147,32,60,-28
225000148,1,43,-42
225000149,77,169,-92
225000151,55,53,2
225000155,117,117,0
225000156,254,1359,-1105
225000157,708,376,332
225000158,42,164,-122
225000171,9,162,-153
225000180,69,12,57
225000181,0,175,-175
225000182,32,0,32
225000185,17,310,-293
225000187,87,216,-129
225000191,82,3,79
225000194,0,6,-6
225000208,3,75,-72
225000209,135,31,104
225000210,1,123,-122
225000217,0,30,-30
225000218,62,2,60
225000223,0,373,-373
225000224,10,8,2
225000225,1,134,-133
225000226,15,3,12
225000227,142,225,-83
225000228,1,3,-2
225000229,0,141,-141
225000230,3,0,3
225000231,0,2,-2
225000232,380,1,379
225000241,101,0,101
225000242,0,37,-37
225000249,45,22,23
225000250,58,197,-139
225000251,870,93,777
225000254,3,228,-225
225000256,3,728,-725
225000257,0,71,-71
226000042,108,247,-139
226000043,6,162,-156
226000044,113,371,-258
226000045,89,207,-118
226000046,1464,113,1351
226000047,1016,135,881
226000048,897,130,767
226000049,890,420,470
226000070,0,11,-11
226000071,0,23,-23
226000072,0,12,-12
226000073,0,11,-11
226000074,0,9,-9
226000084,1,19,-18
226000085,0,59,-59
226000086,0,21,-21
226000087,1,35,-34
226000088,3,25,-22
226000090,126,249,-123
226000091,15,110,-95
226000092,0,36,-36
226000093,7,0,7
226000094,0,24,-24
226000095,8,38,-30
226000105,5,1,4
226000106,12,0,12
226000107,12,0,12
226000108,47,0,47
226000109,509,0,509
226000124,465,98,367
226000134,2174,342,1832
226000135,3675,518,3157
226000136,1473,374,1099
226000137,2,111,-109
226000138,6,22,-16
226000139,0,41,-41
226000156,711,7,704
226000157,869,29,840
226000163,28,96,-68
226000202,9,62,-53
226000231,1689,8,1681
226000232,71,4,67
227000033,816,13,803
227000036,1256,17,1239
227000037,1346,19,1327
227000038,448,31,417
227000084,3,100,-97
227000085,0,133,-133
227000088,104,1,103
227000089,83,3,80
227000090,42,0,42
227000091,75,0,75
227000092,37,0,37
227000093,139,1,138
227000094,20,0,20
227000130,67,144,-77
227000131,49,161,-112
227000132,45,66,-21
227000133,35,110,-75
227000134,62,133,-71
227000152,0,3,-3
227000153,0,224,-224
227000154,1,53,-52
227000155,0,24,-24
227000156,1,24,-23
227000165,1,134,-133
227000196,817,165,652
227000199,1666,158,1508
227000230,3,288,-285
227000232,2511,58,2453
227000242,48,218,-170
227000243,549,31,518
227000245,43,184,-141
227000246,62,178,-116
227000247,1126,25,1101
227000248,295,50,245
227000249,10,171,-161
227000250,402,373,29
227000251,84,359,-275
227000252,89,151,-62
227000253,539,19,520
227000262,1116,26,1090
227000266,3529,64,3465
227000267,28,648,-620
227000282,15,69,-54
227000284,2506,11,2495
227000286,29,25,4
227000287,22,20,2
227000291,23,172,-149
227000296,427,95,332
227000484,189,6,183
227000485,2,366,-364
227000655,1177,3,1174
227000656,1734,20,1714
227000657,1209,6,1203
227000661,1968,17,1951
227000680,153,276,-123
229000265,117,46,71
229000296,2,98,-96
229000297,3,32,-29
229000298,3,298,-295
229000320,64,1,63
229000321,57,35,22
229000412,29,90,-61
229000414,23,27,-4
229000415,6,2,4
229000416,22,1,21
229000417,1,0,1
229000419,158,293,-135
229000440,386,163,223
229000442,50,5,45
229000443,9,0,9
229000444,0,17,-17
229000445,93,2,91
229000446,123,46,77
229000491,6,9,-3
229000492,13,60,-47
229000493,2,97,-95
229000494,104,22,82
229000495,195,1,194
229000496,209,2,207
229000507,0,30,-30
229000508,0,52,-52
229000509,0,37,-37
229000510,2,21,-19
229000511,2,15,-13
229000512,0,18,-18
229000513,0,5,-5
229000514,1,3,-2
229000517,5,6,-1
229000518,26,25,1
229000519,1,19,-18
229000520,33,18,15
229000521,97,35,62
229000522,46,1,45
229000523,17,1,16
229000524,7,5,2
229000527,1,0,1
229000528,0,0,0
229000529,11,0,11
229000530,114,0,114
229000531,133,0,133
229000532,25,0,25
229000533,59,0,59
229000534,28,0,28
229000564,236,1,235
229000565,157,1,156
229000566,0,4,-4
229000567,0,14,-14
229000582,94,4,90
229000583,32,8,24
229000584,0,11,-11
229000585,0,78,-78
229000718,0,1,-1
229000719,0,4,-4
229000720,0,14,-14
229000721,0,16,-16
229000722,0,3,-3
229000723,0,2,-2
229000724,0,16,-16
229000725,0,5,-5
229000738,0,0,0
229000739,4,0,4
229000740,0,1,-1
229000741,66,0,66
229000742,14,0,14
229000743,49,0,49
229000744,0,0,0
229000745,1,0,1
229000746,26,0,26
229000847,223,0,223
229000848,200,0,200
229000849,344,1,343
229000851,461,0,461
229000854,0,10,-10
229000856,1,86,-85
229000857,0,34,-34
229000858,0,31,-31
229000919,4,6,-2
229000930,0,16,-16
229000937,133,13,120
229000966,54,22,32
229000981,16,4,12
229000985,15,11,4
229000986,0,5,-5
229000987,0,9,-9
229000988,1,14,-13
229000989,17,16,1
229000990,1,20,-19
229000991,0,0,0
229000992,73,9,64
229000993,423,23,400
229000998,6,73,-67
229000999,182,12,170
229001034,1,34,-33
229001035,28,10,18
229001037,108,2,106
229001042,27,11,16
229001047,3,92,-89
229001050,194,49,145
229001168,0,65,-65
229001200,72,1,71
229001338,0,7,-7
229001394,543,3,540
229001422,234,17,217
229001423,0,39,-39
229001431,50,26,24
229001432,3,36,-33
229001444,418,118,300
229001445,97,139,-42
229001479,87,1,86
229001503,563,28,535
229001504,29,30,-1
229001505,194,33,161
229001506,33,27,6
229001509,257,3,254
229001545,115,36,79
229001546,0,19,-19
229001553,115,14,101
229001554,2,44,-42
229001559,2,0,2
229001560,3,18,-15
229001630,188,2,186
229001631,1,72,-71
229001635,2,15,-13
229001636,0,0,0
229001658,0,6,-6
229001659,84,30,54
229001660,4,14,-10
229001661,2,78,-76
229001662,69,0,69
229001663,0,30,-30
229002584,452,308,144
229002831,194,152,42
229002841,44,40,4
229002842,52,69,-17
229002843,101,85,16
229002844,20,149,-129
229002845,21,182,-161
229002846,3,27,-24
229002847,1,19,-18
229002848,12,57,-45
229002849,0,204,-204
229002850,11,30,-19
229002851,64,293,-229
229002852,105,91,14
229002853,117,18,99
229002854,14,52,-38
229002855,5,33,-28
229002856,86,29,57
229002857,12,141,-129
229002858,10,1,9
229002859,13,61,-48
229002860,48,27,21
229002861,40,84,-44
229002862,31,49,-18
229002863,21,15,6
229002864,63,87,-24
229002865,5,28,-23
229002866,11,49,-38
229002867,5,12,-7
229002868,13,46,-33
229002869,20,76,-56
229002870,94,10,84
235000066,288,46,242
235000067,235,122,113
235000072,18,2,16
235000073,23,66,-43
235000074,52,10,42
235000080,1,26,-25
235000081,55,80,-25
235000082,435,72,363
235000083,585,145,440
235000084,11,109,-98
235000085,304,157,147
235000089,34,33,1
235000092,20,18,2
235000093,0,0,0
235000097,0,4,-4
235000098,183,3,180
235000099,52,38,14
235000116,9,28,-19
235000117,814,23,791
235000133,9,164,-155
235000134,3,50,-47
235000206,2,3,-1
235000207,0,0,0
235000208,0,1,-1
235000209,5,1,4
235000210,12,1,11
235000212,0,9,-9
235000213,0,7,-7
235000220,0,2,-2
235000221,2,50,-48
235000238,16,366,-350
235000239,0,30,-30
235000242,322,1352,-1030
235000245,457,176,281
235000246,12,50,-38
235000284,2,52,-50
235000295,94,9,85
235000305,569,3,566
235000306,841,2,839
235000307,90,1,89
235000308,9,0,9
235000309,100,1,99
235000310,49,0,49
235000311,88,42,46
235000322,0,104,-104
235000323,4,34,-30
235000324,0,61,-61
235000325,0,30,-30
235000326,18,64,-46
235000351,1,69,-68
235000352,20,46,-26
235000353,5,27,-22
235000354,21,8,13
235000355,2,331,-329
235000356,84,4,80
235000357,40,5,35
235000358,45,4,41
235000359,9,2,7
235000360,133,19,114
235000361,129,1,128
235000381,143,60,83
235000382,280,48,232
235000390,2,0,2
235000391,235,10,225
235000392,258,124,134
235000393,201,146,55
235000395,185,37,148
235000396,741,72,669
235000400,39,91,-52
235000401,21,116,-95
235000405,92,109,-17
235000406,13,60,-47
235000407,74,13,61
235000409,176,49,127
235000410,75,111,-36
235000411,1,64,-63
235000485,0,1,-1
235000486,2,0,2
235000549,170,116,54
235000550,105,67,38
235000599,188,4,184
235000600,1,4,-3
235000601,4,21,-17
235000602,191,43,148
235000614,0,5,-5
235000648,0,1,-1
235000649,48,15,33
235000685,0,1,-1
235000815,6,13,-7
235000834,0,14,-14
235000855,48,30,18
235000862,6,62,-56
235000891,0,8,-8
235000892,11,6,5
235000901,39,24,15
235000907,0,15,-15
235001010,211,63,148
235001029,123,98,25
235001030,135,29,106
235001078,116,80,36
235001079,54,16,38
235001147,9,88,-79
235001166,6,14,-8
235001167,24,3,21
235001169,49,180,-131
235001188,0,1,-1
235001189,1,0,1
235001197,1,29,-28
235001200,25,3,22
235001207,323,77,246
235001210,3,87,-84
235001215,7,49,-42
235001239,0,9,-9
235001244,0,23,-23
235016267,0,137,-137
277101746,0,0,0
277102712,6,1,5
277103813,0,0,0
277103898,0,1,-1
277104249,0,0,0
277104250,0,28,-28
277104251,0,3,-3
277104252,1,5,-4
990011530,0,182,-182
990014944,0,123,-123
990015176,19,1,18
990015618,0,151,-151
990016032,0,470,-470
990032570,1,1138,-1137
990070001,109,5,104
990070103,0,2,-2
990070601,0,23,-23
990070751,4274,2,4272
990070766,9,117,-108
990071180,665,85,580
990071343,5,1,4
990071387,0,1,-1
990071823,1033,12,1021
990072600,0,379,-379
990072964,0,147,-147
990073285,0,1,-1
990074393,0,514,-514
990074870,3642,31,3611
990075106,488,4,484
990075746,781,5,776
990076437,8374,14,8360
990076458,1,309,-308
997000007,391,8,383
997000041,0,306,-306
997000058,80,0,80
997000062,17,2,15
997000069,0,0,0
997000070,0,75,-75
997000100,267,1,266
997000141,0,89,-89
997000198,0,88,-88
998000475,0,3,-3
998000736,0,758,-758
998000965,0,68,-68
998001031,1,183,-182
998001700,0,39,-39
998001899,0,0,0
998001900,16,5,11
998003073,2286,1,2285
998101900,0,0,0
998102850,0,73,-73
998501927,357,760,-403
998501929,322,4,318
998501930,104,0,104
998501931,387,41,346
998501932,40,0,40
998501933,41,0,41
998501937,11,13,-2
998501944,13,1,12
998501950,0,0,0
998501970,546,108,438
998501971,0,295,-295
998501973,0,4,-4
998501974,1,60,-59
998501975,105,4,101
998501976,260,0,260
998501977,0,23,-23
998501978,7,1,6
998501979,0,3,-3
998501980,189,0,189
998501981,101,7,94
998501982,0,99,-99
998502006,0,0,0
998502024,0,0,0
998502032,0,0,0
998502062,9,0,9
998502063,0,0,0
998502173,5,0,5
998502269,0,5,-5
998601159,0,16,-16
998601292,0,7,-7
999033574,1,216,-215
999800001,83,19,64
999800002,0,3,-3
999800003,3,1,2
999800004,0,1,-1
999800005,0,29,-29
