ID,insum,outsum,diff
100000001,918,1064,-146
100000002,6071,7965,-1894
100000003,5783,8924,-3141
100000004,362,1792,-1430
100000005,3721,7445,-3724
100000006,798,430,368
100000007,3854,1219,2635
100000008,174,816,-642
100000009,637,584,53
100000010,37,137,-100
100000011,735,189,546
100000012,68,1261,-1193
100000013,12,265,-253
100000014,389,549,-160
100000015,2096,3042,-946
100000016,633,2162,-1529
100000017,697,1819,-1122
100000018,1165,1373,-208
100000019,5547,4515,1032
100000020,1636,9762,-8126
100000021,8222,2883,5339
100000022,1076,5312,-4236
100000023,8871,2301,6570
100000025,418,2649,-2231
100000028,510,2420,-1910
100000029,68,934,-866
100000030,86,61,25
100000031,2637,8838,-6201
100000032,2482,5725,-3243
100000033,1552,6375,-4823
100000034,171,1899,-1728
100000035,1160,2644,-1484
100000036,1186,2331,-1145
100000037,895,855,40
100000038,3606,2075,1531
100000039,406,1339,-933
100000040,641,344,297
100000041,2178,854,1324
100000042,1423,552,871
100000043,978,676,302
100000044,293,1113,-820
100000045,376,1185,-809
100000046,598,972,-374
100000047,295,828,-533
100000048,354,1072,-718
100000049,2517,1449,1068
100000051,518,690,-172
100000053,109,16,93
100000054,386,76,310
100000055,735,398,337
100000056,566,1209,-643
100000057,2949,962,1987
100000058,965,987,-22
100000059,35,277,-242
100000060,821,446,375
100000061,2862,1025,1837
100000062,1979,1030,949
100000063,1350,524,826
100000064,2036,815,1221
100000065,436,991,-555
100000066,237,679,-442
100000067,300,823,-523
100000068,521,1715,-1194
100000069,488,1275,-787
100000072,172,596,-424
100000073,1446,1184,262
100000075,973,260,713
100000076,1715,7470,-5755
100000077,228,647,-419
100000078,11,50,-39
100000079,20,84,-64
100000080,10,54,-44
100000081,83,252,-169
100000102,4027,8844,-4817
100000103,1824,2520,-696
100000104,4428,3493,935
100000105,1571,3135,-1564
100000106,1364,5848,-4484
100000107,160,2200,-2040
100000108,377,1581,-1204
100000109,780,2187,-1407
100000116,488,994,-506
100000117,140,281,-141
100000118,584,1561,-977
100000119,855,1308,-453
100000121,310,797,-487
100000122,615,2811,-2196
100000123,1479,3865,-2386
100000124,2768,4088,-1320
100000125,7411,3180,4231
100000126,773,1572,-799
100000127,1291,1208,83
100000128,809,4035,-3226
100000129,338,1157,-819
100000130,764,317,447
100000131,1087,2696,-1609
100000132,1166,2744,-1578
100000133,2338,1596,742
100000135,882,1931,-1049
100000139,203,754,-551
100000140,127,332,-205
100000142,898,854,44
100000143,991,399,592
100000144,2317,707,1610
100000147,1716,5559,-3843
100000150,98,848,-750
100000151,779,3151,-2372
100000153,180,974,-794
100000154,20,805,-785
100000155,12,90,-78
100000156,310,431,-121
100000157,720,374,346
100000158,310,290,20
100000159,136,1513,-1377
100000165,656,819,-163
100000169,54,2316,-2262
100000174,338,1823,-1485
100000179,80,1300,-1220
100000180,1002,10570,-9568
100000181,806,654,152
100000188,106,856,-750
100000189,1277,1172,105
100000190,554,2452,-1898
100000191,914,1225,-311
100000192,20,212,-192
100000193,270,284,-14
100000330,842,1248,-406
100000355,283,2071,-1788
100000362,2736,1336,1400
100000363,8949,9132,-183
100000364,89,469,-380
100000365,8078,13328,-5250
100000366,2090,1690,400
100000367,6008,9348,-3340
100000368,2760,1030,1730
100000369,821,3934,-3113
100000370,227,1488,-1261
100000376,37,277,-240
100000379,1079,3277,-2198
100000380,4000,9166,-5166
100000384,6748,9685,-2937
100000385,1401,5763,-4362
100000386,2813,10195,-7382
100000387,3633,9862,-6229
100000388,2202,8967,-6765
100000389,4738,10449,-5711
100000390,4030,7109,-3079
100000391,3174,14212,-11038
100000392,1073,4428,-3355
100000393,816,7809,-6993
100000394,3348,8651,-5303
100000395,1670,7301,-5631
100000396,2345,3655,-1310
100000397,2310,10227,-7917
100000398,7018,5358,1660
100900002,19,17,2
100900003,690,317,373
100900004,42,1742,-1700
100900005,111,25,86
100900006,67,80,-13
100900007,249,5,244
100900008,2,592,-590
100900009,44,139,-95
100900010,110,22,88
100900011,291,85,206
100900012,1,78,-77
100900013,1427,18,1409
100900014,14,2,12
100900015,73,147,-74
100900016,2,59,-57
100900017,1600,125,1475
100900018,1,18,-17
100900019,83,129,-46
100900020,484,2,482
100900021,586,3,583
100900022,33,39,-6
100900023,0,50,-50
100900024,415,2,413
100900025,10,10,0
100900026,204,108,96
100900027,616,4063,-3447
100900028,132,563,-431
100900029,68,12,56
100900030,3,370,-367
100900031,1189,84,1105
100900032,647,3,644
100900033,138,689,-551
100900034,1415,1,1414
100900035,281,0,281
100900036,24,1,23
100900037,205,131,74
100900038,52,114,-62
100900039,229,290,-61
100900040,926,451,475
100900041,1629,319,1310
100900042,927,3028,-2101
100900043,0,43,-43
100900044,1755,775,980
100900045,5,0,5
100900046,1677,22,1655
100900047,1220,385,835
100900048,107,46,61
100900049,84,88,-4
100900050,31,15,16
100900051,90,314,-224
100900052,456,39,417
100900053,957,38,919
100900054,7,25,-18
100900055,291,1589,-1298
100900056,66,111,-45
100900057,3203,1040,2163
100900058,210,186,24
100900059,147,9,138
100900060,269,10,259
100900061,204,215,-11
100900062,25,64,-39
100900063,510,1298,-788
100900064,1057,30,1027
100900065,163,187,-24
100900066,232,194,38
100900067,35,5,30
100900068,135,108,27
100900069,218,9,209
100900070,751,12,739
100900071,362,168,194
100900072,9,59,-50
100900073,210,413,-203
100900074,15,21,-6
100900075,2308,253,2055
100900076,25,59,-34
100900077,82,14,68
100900078,97,269,-172
100900079,4,63,-59
100900080,123,200,-77
100900081,45,209,-164
100900082,249,142,107
100900083,18,43,-25
100900085,6,694,-688
100900086,63,516,-453
100900088,271,149,122
100900089,5,15,-10
100900090,199,1385,-1186
100900091,30,19,11
100900092,155,197,-42
100900093,388,509,-121
100900094,299,146,153
100900095,7,52,-45
100900096,47,317,-270
100900097,0,0,0
100900098,42,26,16
100900099,24,503,-479
100900100,20,867,-847
100900101,234,56,178
100900102,24,313,-289
100900103,7,18,-11
100900104,3,285,-282
100900105,25,617,-592
100900106,21,1,20
100900107,3555,1127,2428
100900108,14,92,-78
100900109,29,62,-33
100900110,4,28,-24
100900111,43,281,-238
100900112,9,43,-34
100900113,24,45,-21
100900114,23,24,-1
100900115,51,23,28
100900116,1373,673,700
100900117,300,1558,-1258
100900118,89,141,-52
100900119,20,22,-2
100900120,49,6,43
100900121,565,533,32
100900122,68,128,-60
100900123,184,86,98
100900124,3,16,-13
100900125,13,62,-49
100900126,367,100,267
100900127,0,2,-2
100900128,143,1010,-867
100900129,2,414,-412
100900131,56,266,-210
100900133,92,53,39
100900134,0,2,-2
100900135,6,1667,-1661
100900137,326,311,15
100900138,324,607,-283
100900139,5,20,-15
100900140,6,241,-235
100900141,4,947,-943
100900142,0,18,-18
100900143,442,1156,-714
100900144,8,12,-4
100900145,85,636,-551
100900146,27,99,-72
100900147,21,1398,-1377
100900148,74,158,-84
100900149,23,426,-403
100900150,2,47,-45
100900151,133,560,-427
100900152,916,20,896
100900153,5,338,-333
100900154,3,140,-137
100900155,39,12,27
100900156,59,10,49
100900157,25,1318,-1293
100900158,860,85,775
100900159,3,42,-39
100900160,34,30,4
100900161,83,8,75
100900162,37,681,-644
100900163,81,76,5
100900164,125,43,82
100900165,7,54,-47
100900166,224,2,222
100900167,21,99,-78
100900168,33,296,-263
100900169,96,1064,-968
100900170,27,2,25
100900171,55,604,-549
100900172,3,49,-46
100900173,24,117,-93
100900174,34,12,22
100900176,2247,244,2003
100900177,549,549,0
100900178,206,339,-133
100900179,503,423,80
100900180,3,3,0
100900181,251,100,151
100900182,148,51,97
100900184,57,219,-162
100900186,738,353,385
100900187,63,110,-47
100900188,30,51,-21
100900189,3847,256,3591
100900191,704,1794,-1090
100900192,140,678,-538
100900195,196,392,-196
100900197,49,58,-9
100900198,41,82,-41
100900199,20,23,-3
100900200,1459,359,1100
100900201,146,1295,-1149
100900202,86,0,86
100900203,0,266,-266
100900204,161,2488,-2327
100900205,212,823,-611
100900206,366,188,178
100900207,349,214,135
100900210,101,157,-56
100900211,739,190,549
100900213,384,77,307
100900214,652,115,537
100900215,37,54,-17
101000001,2013,2952,-939
101000002,9583,11628,-2045
101000003,395,1437,-1042
101000004,8652,7655,997
101000005,6030,7941,-1911
101000006,7025,13841,-6816
101000007,4690,7177,-2487
101000008,2002,3506,-1504
101000009,3122,956,2166
101000010,1341,627,714
101000011,1360,278,1082
101000012,329,801,-472
101000013,738,1643,-905
101000014,441,495,-54
101000015,2666,1588,1078
101000016,417,1120,-703
101000017,393,798,-405
101000018,1875,5988,-4113
101000020,3016,1003,2013
101000021,590,1272,-682
101000022,150,566,-416
101000023,1829,1330,499
101000025,461,690,-229
101000026,314,74,240
101000027,2600,6037,-3437
101000028,181,71,110
101000029,116,2080,-1964
101000030,1245,216,1029
101000031,140,1038,-898
101000032,2910,6371,-3461
101000033,2034,5786,-3752
101000034,1050,2725,-1675
101000035,605,485,120
101000036,880,2154,-1274
101000037,1010,4205,-3195
101000039,2770,4375,-1605
101000040,3408,8197,-4789
101000041,2806,8972,-6166
101000042,116,1567,-1451
101000043,3807,10446,-6639
101000045,365,996,-631
101000046,1206,3707,-2501
101000047,1262,7017,-5755
101000048,666,435,231
101000049,926,3522,-2596
101000050,1086,3380,-2294
101000051,892,3601,-2709
101000052,1237,2599,-1362
101000053,606,1579,-973
101000054,2039,1148,891
101000055,1124,2357,-1233
101000056,48,268,-220
101000057,925,3077,-2152
101000058,1259,2264,-1005
101000059,2652,3304,-652
101000060,1842,1620,222
101000061,573,2714,-2141
101000062,338,868,-530
101000063,285,2138,-1853
101000064,439,1192,-753
101000065,240,1311,-1071
101000066,453,1859,-1406
101000067,390,970,-580
101000068,101,581,-480
101000069,178,92,86
101000070,585,916,-331
101000071,2899,1645,1254
101000072,910,3797,-2887
101000073,643,1554,-911
101000074,2558,4219,-1661
101000075,2221,4666,-2445
101000077,2357,2061,296
101000078,784,1524,-740
101000079,1264,1418,-154
101000080,1195,1425,-230
101000081,2320,2015,305
101000082,2439,2586,-147
101000083,4161,3052,1109
101000084,1103,701,402
101000085,1898,1342,556
101000086,1163,1689,-526
101000087,1107,1160,-53
101000088,2461,1618,843
101000089,1257,2223,-966
101000090,1944,1079,865
101000091,741,816,-75
101000092,2783,833,1950
101000093,1818,694,1124
101000094,1477,1197,280
101000095,691,741,-50
101000096,880,356,524
101000097,506,1109,-603
101000098,462,816,-354
101000099,732,1997,-1265
101000100,1024,1634,-610
101000101,315,792,-477
101000102,600,1454,-854
101000103,457,1107,-650
101000104,551,1574,-1023
101000105,200,828,-628
101000106,332,1641,-1309
101000107,325,803,-478
101000108,537,125,412
101000109,1052,172,880
101000110,41,174,-133
101000111,62,294,-232
101000113,156,1188,-1032
101000114,3457,11995,-8538
101000115,74,29,45
101000116,30,45,-15
101000117,1230,228,1002
101000119,19,63,-44
101000120,132,121,11
101000121,48,55,-7
101000122,140,137,3
101000123,37,151,-114
101000124,878,644,234
101000125,140,220,-80
101000128,247,1713,-1466
101000130,168,281,-113
101000131,2060,351,1709
101000132,1317,1455,-138
101000135,8,37,-29
101000136,136,292,-156
101000137,21,745,-724
101000141,718,4757,-4039
101000147,782,353,429
101000148,929,10,919
101000149,51,159,-108
101000150,121,190,-69
101000151,510,51,459
101000152,446,372,74
101000153,303,169,134
101000154,524,441,83
101000155,906,347,559
101000156,26,835,-809
101000157,97,101,-4
101000160,19,5,14
101000163,164,635,-471
101000164,398,131,267
101000165,413,584,-171
101000166,314,364,-50
101000168,1021,659,362
101000252,3482,1404,2078
101000254,44,52,-8
101000258,66,12,54
101000261,98,220,-122
101000262,1324,5879,-4555
101000263,360,1926,-1566
101000265,63,1129,-1066
101000266,504,480,24
101000269,20,37,-17
101000290,530,4128,-3598
101000293,52,62,-10
101000294,704,740,-36
101000295,275,240,35
101000301,228,655,-427
101000304,2680,3987,-1307
101000305,3192,1323,1869
101900001,19,33,-14
101900002,0,6,-6
101900003,32,224,-192
101900004,1,324,-323
101900005,1301,4963,-3662
101900006,2754,90,2664
101900007,825,206,619
101900008,70,236,-166
101900009,49,462,-413
101900010,489,994,-505
101900011,106,1284,-1178
101900012,669,136,533
101900013,465,105,360
101900017,23,135,-112
101900018,587,357,230
101900019,37,203,-166
101900020,146,76,70
101900021,5,112,-107
101900022,247,350,-103
101900023,285,158,127
102000001,4907,9270,-4363
102000002,3291,1913,1378
102000003,2975,9586,-6611
102000004,5153,3630,1523
102000005,1449,4970,-3521
102000006,908,1917,-1009
102000007,2705,8120,-5415
102000008,6874,1829,5045
102000009,10174,13155,-2981
102000010,4504,3560,944
102000011,6291,5917,374
102000012,4152,3463,689
102000018,4183,4509,-326
102000019,4650,2618,2032
102000026,488,554,-66
102000029,295,195,100
102000030,221,521,-300
102000031,134,134,0
102000032,928,570,358
102000033,615,369,246
102000034,484,603,-119
102000035,3069,977,2092
102000036,40,402,-362
102000037,411,47,364
102000038,94,690,-596
102000039,96,419,-323
102000040,191,583,-392
102000041,60,1291,-1231
102000042,144,737,-593
102000043,82,652,-570
102000044,509,1386,-877
102000045,757,1244,-487
102000046,2063,1104,959
102000047,981,1132,-151
102000048,890,1016,-126
102000049,1234,1559,-325
102000050,1479,1710,-231
102000051,303,1184,-881
102000052,1536,1707,-171
102000053,1203,2093,-890
102000054,1309,1446,-137
102000055,2085,247,1838
102000056,2134,329,1805
102000057,2467,674,1793
102000058,1661,887,774
102000059,1566,1656,-90
102000060,1383,1132,251
102000061,2948,1911,1037
102000062,3146,1233,1913
102000063,1244,1579,-335
102000064,558,691,-133
102000065,47,167,-120
102000066,958,1107,-149
102000067,5692,4370,1322
102000068,16194,4770,11424
102000069,219,5098,-4879
102000070,2365,71,2294
102000071,8503,12569,-4066
102000072,3437,5891,-2454
102000073,862,1208,-346
102000074,833,2161,-1328
102000075,289,427,-138
102000076,370,270,100
102000077,1444,439,1005
102000078,1976,269,1707
102000079,306,161,145
102000080,539,407,132
102000081,272,1129,-857
102000082,623,481,142
102000083,1368,293,1075
102000084,699,286,413
102000085,5148,933,4215
102000086,1936,1096,840
102000087,1258,1706,-448
102000088,277,411,-134
102000089,2088,420,1668
102000090,372,1474,-1102
102000091,1825,882,943
102000092,388,714,-326
102000093,947,616,331
102000094,638,478,160
102000095,839,1231,-392
102000096,592,649,-57
102000097,935,694,241
102000098,357,1058,-701
102000099,1081,1435,-354
102000100,235,2179,-1944
102000101,495,778,-283
102000102,844,1888,-1044
102000103,3810,557,3253
102000104,1144,465,679
102000105,406,757,-351
102000106,1177,557,620
102000107,2478,305,2173
102000108,798,311,487
102000109,974,409,565
102000110,2072,687,1385
102000111,16,435,-419
102000112,149,195,-46
102000113,32,49,-17
102000114,893,418,475
102000115,277,465,-188
102000116,345,904,-559
102000117,162,1620,-1458
102000118,1118,2300,-1182
102000119,1193,2218,-1025
102000120,335,992,-657
102000121,1470,770,700
102000122,982,1388,-406
102000123,1554,1287,267
102000124,2410,2066,344
102000125,654,949,-295
102000126,725,1030,-305
102000127,1584,705,879
102000128,1048,1243,-195
102000129,2094,543,1551
102000130,914,1371,-457
102000131,1313,1318,-5
102000132,499,2184,-1685
102000133,4328,1764,2564
102000134,1608,1041,567
102000135,1819,1084,735
102000136,2923,768,2155
102000137,529,2611,-2082
102000138,245,537,-292
102000139,68,1779,-1711
102000140,144,2773,-2629
102000141,227,3087,-2860
102000142,508,399,109
102000143,469,261,208
102000144,659,261,398
102000145,562,370,192
102000146,466,618,-152
102000147,656,412,244
102000148,490,873,-383
102000149,397,134,263
102000150,892,106,786
102000151,169,119,50
102000152,351,168,183
102000153,1308,974,334
102000154,194,531,-337
102000155,58,972,-914
102000156,281,286,-5
102000157,64,1384,-1320
102000158,132,311,-179
102000159,2050,1367,683
102000161,2550,2845,-295
102000162,148,250,-102
102000163,104,550,-446
102000164,1046,1022,24
102000165,237,241,-4
102000166,53,203,-150
102000167,244,330,-86
102000168,291,300,-9
102000169,142,966,-824
102000170,918,192,726
102000171,145,211,-66
102000172,35,596,-561
102000173,640,453,187
102000174,148,91,57
102000175,104,105,-1
102000176,77,20,57
102000178,289,337,-48
102000179,631,232,399
102000180,1449,302,1147
102000181,1419,295,1124
102000182,835,375,460
102000183,2693,1229,1464
102000184,3151,690,2461
102000185,4228,924,3304
102000186,3011,1284,1727
102000187,1734,1790,-56
102000188,1786,1652,134
102000189,2746,651,2095
102000190,815,3024,-2209
102000191,1405,436,969
102000192,2879,2289,590
102000193,147,132,15
102000194,104,227,-123
102000195,655,552,103
102000196,343,349,-6
102000197,1351,246,1105
102000198,277,563,-286
102000199,1911,273,1638
102000200,459,653,-194
102000201,1977,472,1505
102000202,6,156,-150
102000203,663,191,472
102000204,980,653,327
102000205,1944,598,1346
102000206,959,485,474
102000207,746,630,116
102000208,457,652,-195
102000209,159,80,79
102000210,760,379,381
102000211,832,308,524
102000212,694,30,664
102000213,6,183,-177
102000214,667,34,633
102000215,20,190,-170
102000216,97,141,-44
102000217,9,58,-49
102000218,406,310,96
102000219,242,156,86
102000225,312,684,-372
102000226,229,513,-284
102000227,273,2,271
102000228,0,199,-199
102000229,53,79,-26
102000230,428,437,-9
102000231,559,486,73
102000232,139,273,-134
102000233,1113,606,507
102000234,98,1519,-1421
102000236,332,131,201
102000237,591,372,219
102000238,246,457,-211
102000240,451,1177,-726
102000241,583,179,404
102000243,17,43,-26
102000245,31,83,-52
102000246,11,97,-86
102000247,233,391,-158
102000248,330,1026,-696
102000249,293,149,144
102000250,96,185,-89
102000254,309,205,104
102000266,9,1348,-1339
102000271,19,2,17
102000286,531,329,202
102000297,2997,1885,1112
102000299,0,0,0
102000301,0,0,0
102000302,0,0,0
102000303,0,0,0
102000305,0,0,0
102000307,0,3,-3
102000308,0,2,-2
102900001,1731,651,1080
102900002,399,48,351
102900003,129,133,-4
102900005,697,260,437
102900006,783,57,726
102900007,991,13,978
102900008,404,25,379
102900009,400,664,-264
102900010,195,1351,-1156
102900011,1268,827,441
102900012,574,134,440
102900013,62,70,-8
102900015,897,771,126
102900016,123,63,60
102900017,430,185,245
102900018,79,57,22
102900019,587,696,-109
102900020,387,44,343
102900021,110,50,60
102900022,142,133,9
102900023,25,71,-46
102900024,137,77,60
102900025,127,65,62
102900026,675,3020,-2345
102900027,109,131,-22
102900028,259,1468,-1209
102900029,125,388,-263
102900030,514,440,74
102900031,534,134,400
102900032,192,63,129
102900033,187,179,8
102900034,904,62,842
102900035,243,277,-34
102900036,637,281,356
102900037,332,263,69
102900038,607,244,363
102900039,14,961,-947
102900040,271,307,-36
102900041,142,157,-15
102900042,482,178,304
102900043,500,149,351
102900044,829,1593,-764
102900045,302,394,-92
102900046,330,136,194
102900047,147,607,-460
102900048,844,317,527
102900049,85,502,-417
102900050,229,437,-208
102900051,272,238,34
102900052,65,88,-23
102900053,425,664,-239
102900054,296,2068,-1772
102900055,279,399,-120
102900056,100,432,-332
102900057,14,102,-88
102900058,626,105,521
102900059,50,20,30
102900060,131,355,-224
102900061,278,272,6
102900062,578,447,131
102900063,2513,391,2122
102900064,127,700,-573
102900065,874,225,649
102900066,476,7,469
102900068,60,185,-125
102900070,272,1078,-806
102900072,8,55,-47
102900073,87,41,46
102900074,161,211,-50
102900075,5,117,-112
102900076,88,237,-149
102900077,61,30,31
102900078,23,52,-29
102900079,352,9,343
102900080,657,21,636
102900081,80,293,-213
102900082,41,335,-294
102900083,157,34,123
102900084,12,84,-72
102900085,342,148,194
102900086,11,188,-177
102900087,225,232,-7
102900088,65,56,9
102900089,247,206,41
102900090,4,280,-276
102900091,301,10,291
102900092,831,205,626
102900093,534,154,380
102900094,6,423,-417
102900095,143,2,141
102900096,145,6,139
102900097,22,56,-34
103000001,2432,2927,-495
103000002,2950,3615,-665
103000003,3759,3459,300
103000004,895,628,267
103000005,2423,4685,-2262
103000006,1278,2079,-801
103000007,635,684,-49
103000008,1429,924,505
103000009,2548,1402,1146
103000010,241,73,168
103000011,1328,1138,190
103000012,1604,2300,-696
103000013,3176,2426,750
103000014,1566,5050,-3484
103000015,1930,906,1024
103000016,717,2132,-1415
103000017,377,890,-513
103000018,1735,235,1500
103000019,415,730,-315
103000020,1854,1678,176
103000021,2202,3045,-843
103000022,1008,1146,-138
103000023,1204,3447,-2243
103000024,86,92,-6
103000025,185,1411,-1226
103000026,675,132,543
103000027,248,847,-599
103000028,186,354,-168
103000029,144,333,-189
103000030,1895,2312,-417
103000031,1019,3763,-2744
103000032,2835,1686,1149
103000033,3507,3634,-127
103000034,1204,1215,-11
103000035,407,1656,-1249
103000036,339,378,-39
103000037,658,566,92
103000038,761,1553,-792
103000039,936,263,673
103000040,929,512,417
103000041,2826,1571,1255
103000042,2621,232,2389
103000043,1355,654,701
103000044,502,83,419
103000046,523,437,86
103000047,841,283,558
103000048,391,154,237
103000049,93,104,-11
103000050,1044,278,766
103000051,817,449,368
103000052,818,277,541
103000053,330,407,-77
103000054,2835,898,1937
103000055,2422,1611,811
103000056,1089,1081,8
103000057,1838,228,1610
103000058,1036,608,428
103000059,1132,671,461
103000060,1096,310,786
103000061,809,835,-26
103000062,1190,290,900
103000063,1291,1108,183
103000064,220,107,113
103000065,14,192,-178
103000066,357,17,340
103000069,538,175,363
103000070,1257,593,664
103000071,2223,774,1449
103000072,229,446,-217
103000073,1666,146,1520
103000074,1417,148,1269
103000075,172,796,-624
103000076,619,1313,-694
103000077,23,372,-349
103000078,1502,2106,-604
103000079,690,1266,-576
103000080,730,470,260
103000081,386,1252,-866
103000082,748,248,500
103000083,196,537,-341
103000084,122,8,114
103000085,0,127,-127
103000086,553,927,-374
103000087,338,652,-314
103000088,326,562,-236
103000089,387,969,-582
103000090,6604,1516,5088
103000091,2176,667,1509
103000092,447,378,69
103000093,387,774,-387
103000094,411,196,215
103000095,164,374,-210
103000096,826,69,757
103000097,134,859,-725
103000098,728,111,617
103000099,200,847,-647
103000100,259,430,-171
103000101,1870,158,1712
103000102,210,358,-148
103000103,1205,144,1061
103000104,125,112,13
103000105,345,50,295
103000106,7,161,-154
103000107,250,118,132
103000108,2031,1341,690
103000109,831,800,31
103000110,1117,770,347
103000111,505,801,-296
103000112,385,717,-332
103000113,291,1710,-1419
103000114,1856,1664,192
103000115,1204,775,429
103000116,1158,488,670
103000117,693,484,209
103000118,428,400,28
103000119,1038,394,644
103000120,110,234,-124
103000121,70,243,-173
103000122,404,362,42
103000125,41,149,-108
103000126,1133,0,1133
103000127,15,103,-88
103000128,291,6,285
103000129,10,108,-98
103000130,200,85,115
103000131,200,155,45
103000132,97,180,-83
103000133,48,225,-177
103000134,290,1508,-1218
103000135,820,254,566
103000136,452,748,-296
103000137,561,952,-391
103000138,857,838,19
103000139,1,113,-112
103000140,179,33,146
103000141,40,202,-162
103000142,125,101,24
103000143,111,217,-106
103000144,154,140,14
103000145,46,1858,-1812
103000150,119,33,86
103000152,247,365,-118
103000153,263,271,-8
103000156,39,145,-106
103000157,758,2,756
103000159,232,98,134
103000162,51,6,45
103000163,4,22,-18
103000164,2,7,-5
103000165,119,222,-103
103000166,349,702,-353
103000167,317,191,126
103000168,299,173,126
103000169,226,1011,-785
103000170,1599,203,1396
103000171,45,138,-93
103000172,1470,343,1127
103000173,1301,130,1171
103000174,484,224,260
103000175,366,162,204
103000176,1006,959,47
103000177,374,489,-115
103000178,110,377,-267
103000179,212,64,148
103000183,347,4,343
103000185,341,63,278
103000186,325,81,244
103000187,1610,167,1443
103000188,70,190,-120
103000189,1033,770,263
103000191,604,774,-170
103000292,511,2761,-2250
103000293,1969,5035,-3066
103000295,98,149,-51
103000296,158,15,143
103000297,25,198,-173
103000504,111,15,96
103000505,8,73,-65
103000506,0,98,-98
103000507,249,6,243
103000508,106,98,8
103000509,340,389,-49
103900001,10,38,-28
103900002,812,134,678
103900003,1266,410,856
103900004,268,1,267
103900005,3,48,-45
103900006,6,3,3
103900007,147,1,146
103900008,25,0,25
103900009,646,386,260
103900010,356,185,171
103900011,849,81,768
103900012,7,59,-52
103900013,122,44,78
103900014,142,23,119
103900015,166,14,152
103900016,273,125,148
103900017,153,84,69
103900018,333,146,187
103900019,60,464,-404
103900020,360,725,-365
103900021,130,62,68
103900022,697,443,254
103900023,359,1,358
103900024,98,371,-273
103900025,9,18,-9
103900026,9,0,9
103900027,596,257,339
103900028,110,515,-405
103900029,1343,128,1215
103900030,624,270,354
103900031,99,1,98
103900032,109,102,7
103900033,93,42,51
103900034,79,30,49
103900035,99,57,42
103900036,104,55,49
103900037,236,113,123
103900038,115,235,-120
103900039,205,106,99
103900040,26,116,-90
103900041,106,53,53
103900042,221,82,139
103900043,510,34,476
103900044,91,1063,-972
103900045,509,118,391
103900047,137,13,124
103900048,12,42,-30
103900049,205,1861,-1656
103900050,49,238,-189
103900051,2,63,-61
103900052,246,455,-209
103900053,351,210,141
103900054,239,134,105
103900055,617,225,392
103900056,38,29,9
103900057,208,61,147
103900058,527,171,356
103900059,0,55,-55
103900060,156,77,79
103900061,362,16,346
103900062,1110,343,767
103900063,0,0,0
103900064,319,5,314
103900065,369,354,15
103900066,467,122,345
103900067,389,8,381
103900068,4,0,4
103900069,156,23,133
103900070,183,165,18
103900071,9,51,-42
103900072,26,55,-29
103900073,49,76,-27
103900074,183,20,163
103900075,273,29,244
103900076,1086,225,861
103900077,59,298,-239
103900078,373,68,305
103900079,202,207,-5
103900080,7,31,-24
103900081,7,45,-38
103900082,58,175,-117
103900083,1412,2838,-1426
103900084,120,327,-207
103900085,71,188,-117
103900086,1749,470,1279
103900087,26,87,-61
103900088,467,730,-263
103900089,74,123,-49
103900090,4,86,-82
103900091,674,166,508
103900092,963,954,9
103900093,117,437,-320
103900094,27,39,-12
103900095,298,236,62
103900096,118,120,-2
103900097,22,257,-235
103900098,652,128,524
103900099,392,45,347
103900100,531,107,424
103900101,186,879,-693
103900102,0,42,-42
103900104,0,31,-31
103900105,19,65,-46
103900106,1,157,-156
103900107,343,49,294
103900108,59,147,-88
103900109,254,16,238
103900110,546,42,504
103900111,263,207,56
103900112,69,231,-162
103900113,133,328,-195
103900114,775,217,558
103900115,175,276,-101
103900116,1551,2551,-1000
103900117,93,31,62
103900119,20,144,-124
103900120,54,55,-1
103900122,378,68,310
103900123,382,946,-564
103900124,49,17,32
103900125,203,44,159
103900126,877,137,740
103900127,249,232,17
103900128,222,70,152
103900131,22,61,-39
103900133,1294,13,1281
103900134,2,18,-16
103900135,2,0,2
103900137,0,13,-13
103900138,397,73,324
103900139,216,5069,-4853
103900140,5,449,-444
103900141,247,67,180
103900142,605,70,535
103900143,289,0,289
103900144,0,10,-10
103900145,193,246,-53
103900146,286,123,163
103900147,730,90,640
103900148,653,145,508
103900149,476,202,274
103900150,4749,8118,-3369
103900151,11,183,-172
103900152,1685,244,1441
103900153,7,2,5
103900154,328,3229,-2901
103900155,85,65,20
103900156,151,36,115
103900157,121,57,64
103900158,331,18,313
103900159,476,17,459
103900160,55,46,9
103900161,84,206,-122
103900162,86,70,16
103900163,18,357,-339
103900164,357,22,335
103900167,6,277,-271
103900168,225,94,131
103900169,24,106,-82
103900170,0,76,-76
103900171,12,46,-34
103900172,3,8,-5
103900173,38,44,-6
103900174,707,41,666
103900175,41,160,-119
103900176,16,23,-7
103900177,28,19,9
103900178,96,17,79
103900179,97,13,84
103900180,5,34,-29
103900181,29,67,-38
103900182,9,36,-27
103900184,220,175,45
103900185,75,1066,-991
103900187,28,138,-110
103900188,118,64,54
103900189,110,18,92
103900190,126,63,63
103900191,69,114,-45
103900192,83,112,-29
103900193,57,150,-93
103900194,110,115,-5
103900195,6,222,-216
103900196,63,48,15
103900197,32,24,8
103900198,9,29,-20
103900199,182,100,82
103900200,332,52,280
103900201,113,130,-17
103900202,25,58,-33
103900203,51,57,-6
103900204,0,31,-31
103900207,3,43,-40
103900208,213,3,210
103900209,8,73,-65
103900210,96,69,27
103900211,962,139,823
103900212,389,167,222
103900213,69,261,-192
103900214,276,379,-103
103900215,138,369,-231
103900216,15,264,-249
103900217,317,128,189
103900218,2,606,-604
103900219,327,134,193
103900233,557,85,472
103900235,48,439,-391
103900236,12,25,-13
103900242,2,1,1
103900243,0,1,-1
103900244,190,83,107
103900245,180,77,103
103900246,59,64,-5
103900247,8,66,-58
103900248,3,168,-165
103900249,19,153,-134
103900250,63,69,-6
103900251,1,69,-68
103900253,16,80,-64
103900254,7,26,-19
103900255,2,42,-40
103900256,22,52,-30
103900257,115,182,-67
103900258,56,8,48
103900259,22,11,11
103900261,30,4,26
103900262,31,3,28
103900263,72,85,-13
103900264,51,11,40
103900265,16,2,14
103900266,3,125,-122
103900267,7,29,-22
104000001,4069,2759,1310
104000002,2445,2303,142
104000003,3108,2873,235
104000004,2808,2937,-129
104000005,2847,2936,-89
104000006,4172,2843,1329
104000007,5167,4177,990
104000008,153,249,-96
104000009,452,152,300
104000010,181,712,-531
104000011,324,162,162
104000012,138,224,-86
104000013,594,596,-2
104000014,264,316,-52
104000015,728,219,509
104000016,439,225,214
104000018,1212,279,933
104000019,774,419,355
104000020,125,351,-226
104000021,558,327,231
104000022,264,433,-169
104000023,1403,490,913
104000024,305,316,-11
104000026,107,229,-122
104000027,417,221,196
104000028,533,339,194
104000029,316,243,73
104000030,572,375,197
104000031,1918,423,1495
104000032,285,126,159
104000033,1159,614,545
104000034,382,182,200
104000035,1621,461,1160
104000036,1798,438,1360
104000037,286,147,139
104000038,619,379,240
104000039,282,128,154
104000040,119,662,-543
104000041,757,416,341
104000042,221,256,-35
104000043,317,242,75
104000044,359,340,19
104000045,902,662,240
104000046,769,1027,-258
104000047,624,894,-270
104000048,1119,853,266
104000049,943,478,465
104000050,190,1246,-1056
104000051,280,671,-391
104000052,3034,2192,842
104000053,1400,565,835
104000054,821,213,608
104000055,3615,2410,1205
104000056,705,230,475
104000057,333,247,86
104000058,1091,854,237
104000059,1028,1050,-22
104000060,1635,1793,-158
104000061,1451,1109,342
104000062,503,156,347
104000064,709,427,282
104000065,295,852,-557
104000069,587,2179,-1592
104000070,70,714,-644
104000071,200,421,-221
104000072,745,222,523
104000075,216,256,-40
104000076,516,63,453
104000082,2913,4981,-2068
104000083,684,229,455
104000084,143,407,-264
104000085,629,419,210
104000086,308,470,-162
104000087,375,2615,-2240
104000090,1465,720,745
104000092,2238,1092,1146
104000094,1268,796,472
104000095,4097,1484,2613
104000096,2890,73,2817
104000097,3493,606,2887
104000098,4897,650,4247
104000100,3251,781,2470
104000101,2146,1481,665
104000106,58,795,-737
104000107,838,183,655
104000108,282,305,-23
104000109,504,225,279
104000110,801,1340,-539
104000111,2836,4529,-1693
104000112,758,479,279
104000116,0,537,-537
104000117,398,318,80
104000118,1530,110,1420
104000119,1370,319,1051
104000120,353,349,4
104000121,395,604,-209
104000122,1193,1029,164
104000123,1127,592,535
104000124,507,1415,-908
104000125,2627,6579,-3952
104000126,759,717,42
104000127,1526,1613,-87
104000128,745,237,508
104000129,73,0,73
104000130,1,495,-494
104000131,312,312,0
104000132,389,479,-90
104000133,1798,1021,777
104000134,1309,2193,-884
104000135,726,2054,-1328
104000136,1019,3567,-2548
104000137,2875,380,2495
104000138,1361,551,810
104000139,3139,3455,-316
104000141,871,1016,-145
104000142,860,426,434
104000143,963,382,581
104000144,255,272,-17
104000145,509,291,218
104000146,204,535,-331
104000147,153,396,-243
104000148,573,298,275
104000149,191,152,39
104000150,1505,949,556
104000151,398,258,140
104000152,721,525,196
104000153,1135,884,251
104000154,841,411,430
104000155,645,1018,-373
104000157,1828,1254,574
104000158,277,1002,-725
104000159,1033,806,227
104000160,2160,3010,-850
104000161,427,217,210
104000162,153,211,-58
104000165,733,840,-107
104000167,982,1952,-970
104000168,1239,20,1219
104000169,286,61,225
104000170,237,557,-320
104000248,437,519,-82
104000251,129,116,13
104000272,0,0,0
104000273,0,0,0
104000274,0,0,0
104000275,0,0,0
104000279,684,587,97
104000290,93,345,-252
104000291,632,1310,-678
104000293,1741,1160,581
104000294,242,0,242
104000295,1071,795,276
104000296,909,704,205
104000297,1078,2330,-1252
104000298,2419,997,1422
104000299,934,1266,-332
104900001,152,221,-69
104900002,153,335,-182
104900003,79,275,-196
104900004,130,119,11
104900005,632,466,166
104900006,873,117,756
104900007,650,248,402
104900009,159,171,-12
104900010,92,43,49
104900011,39,201,-162
104900012,469,60,409
104900013,91,17,74
104900014,1789,368,1421
104900015,154,8,146
104900016,400,147,253
104900017,197,218,-21
104900018,29,193,-164
104900019,239,8264,-8025
104900020,41,335,-294
104900021,1,47,-46
104900022,23,280,-257
104900023,0,36,-36
104900024,21,257,-236
104900025,126,183,-57
104900026,3,78,-75
104900027,985,487,498
104900028,46,147,-101
104900029,9,45,-36
104900030,700,205,495
104900031,46,270,-224
104900032,93,46,47
104900033,359,296,63
104900034,576,230,346
104900035,674,265,409
104900036,538,70,468
104900037,249,231,18
104900038,182,1649,-1467
104900039,459,715,-256
104900040,917,73,844
104900041,625,188,437
104900042,245,390,-145
104900043,26,386,-360
104900044,1334,171,1163
104900045,593,62,531
104900046,850,103,747
104900047,776,95,681
104900048,638,87,551
104900049,81,61,20
104900050,562,41,521
104900051,450,65,385
104900052,291,11,280
104900053,741,109,632
104900054,245,36,209
104900055,387,5,382
104900056,369,23,346
104900057,65,2,63
104900058,570,1217,-647
104900059,173,78,95
104900060,0,502,-502
104900061,160,279,-119
104900063,1,296,-295
104900064,0,183,-183
104900065,3,459,-456
104900066,4,117,-113
104900067,17,362,-345
104900068,92,162,-70
104900070,205,215,-10
104900071,0,491,-491
104900072,93,260,-167
104900073,154,60,94
104900074,135,175,-40
104900075,109,11,98
104900076,167,152,15
104900077,572,426,146
104900078,401,202,199
104900079,126,1234,-1108
104900080,197,310,-113
104900082,23,338,-315
104900085,10,100,-90
104900087,434,8,426
104900089,613,2,611
104900090,2068,1094,974
104900091,583,537,46
104900093,237,326,-89
104900097,1480,4538,-3058
104900098,526,54,472
104900099,70,1017,-947
104900100,378,231,147
104900102,79,89,-10
104900103,420,69,351
104900104,2056,3085,-1029
104900106,315,122,193
104900107,147,120,27
104900108,85,114,-29
104900109,126,172,-46
104900110,31,52,-21
104900111,793,153,640
104900112,537,278,259
104900113,1230,255,975
104900114,920,340,580
104900115,1343,174,1169
104900116,700,101,599
104900118,48,39,9
104900119,4,92,-88
104900120,13,827,-814
104900121,1,28,-27
104900122,21,53,-32
104900123,166,34,132
104900124,112,0,112
104900125,541,9,532
104900126,34,29,5
104900127,16,54,-38
104900128,112,94,18
104900129,1267,4235,-2968
105000001,4254,1726,2528
105000002,3632,2272,1360
105000003,3506,4949,-1443
105000004,1107,765,342
105000005,2085,1657,428
105000006,1998,2361,-363
105000007,2168,3427,-1259
105000008,1048,6265,-5217
105000009,4736,5572,-836
105000010,2944,1202,1742
105000011,4802,5321,-519
105000012,2772,2328,444
105000013,1808,1906,-98
105000014,4092,5781,-1689
105000015,12206,19041,-6835
105000016,1258,1456,-198
105000017,1519,892,627
105000018,1069,2555,-1486
105000019,1134,1440,-306
105000020,167,710,-543
105000021,219,241,-22
105000022,198,334,-136
105000023,777,230,547
105000028,57,95,-38
105000029,760,2349,-1589
105000030,3757,2572,1185
105000033,1242,1867,-625
105000034,143,1754,-1611
105000037,741,302,439
105000038,1710,2283,-573
105000039,1781,1422,359
105000040,1263,2292,-1029
105000041,415,1269,-854
105000042,3145,2496,649
105000043,1090,2423,-1333
105000044,1224,667,557
105000045,403,601,-198
105000046,1763,484,1279
105000047,889,487,402
105000048,1202,342,860
105000049,319,515,-196
105000050,1269,579,690
105000051,142,401,-259
105000052,889,1127,-238
105000053,109,115,-6
105000054,684,1057,-373
105000055,1106,430,676
105000056,2302,1849,453
105000057,1930,539,1391
105000058,1715,904,811
105000059,1211,785,426
105000060,720,508,212
105000061,1652,844,808
105000062,775,573,202
105000063,428,339,89
105000064,3178,963,2215
105000065,561,391,170
105000066,1129,1282,-153
105000067,2333,1234,1099
105000068,389,775,-386
105000069,1690,3931,-2241
105000070,560,1589,-1029
105000071,300,2287,-1987
105000072,1160,5424,-4264
105000073,1461,977,484
105000074,668,516,152
105000075,710,568,142
105000076,1119,833,286
105000077,2379,1090,1289
105000078,1218,1821,-603
105000079,1208,3004,-1796
105000080,2538,2183,355
105000081,1460,1321,139
105000082,909,2398,-1489
105000083,2537,4651,-2114
105000084,721,698,23
105000085,3102,2882,220
105000086,885,1091,-206
105000087,1721,2358,-637
105000088,1868,2851,-983
105000089,2937,1689,1248
105000090,741,680,61
105000091,1139,1517,-378
105000092,747,1346,-599
105000093,525,671,-146
105000094,311,297,14
105000095,189,873,-684
105000096,1511,2262,-751
105000097,684,879,-195
105000098,1420,1251,169
105000099,817,961,-144
105000100,2498,1393,1105
105000101,2733,4269,-1536
105000102,2367,4148,-1781
105000103,1765,7928,-6163
105000104,3147,1819,1328
105000105,1540,1773,-233
105000106,2319,1583,736
105000107,2851,1095,1756
105000108,3277,1657,1620
105000109,3226,1434,1792
105000110,1470,661,809
105000111,1979,470,1509
105000112,1707,829,878
105000113,691,889,-198
105000114,2036,1889,147
105000115,359,2012,-1653
105000116,1625,945,680
105000117,806,570,236
105000118,1493,646,847
105000119,832,760,72
105000120,2446,1110,1336
105000121,1095,1019,76
105000122,596,748,-152
105000123,891,702,189
105000124,3221,737,2484
105000125,1250,1164,86
105000126,2969,1547,1422
105000127,4061,1759,2302
105000128,877,1209,-332
105000129,1795,242,1553
105000130,273,4718,-4445
105000131,674,266,408
105000132,1966,1222,744
105000133,628,956,-328
105000134,1870,928,942
105000135,396,512,-116
105000136,52,100,-48
105000137,678,181,497
105000138,98,61,37
105000139,1195,490,705
105000140,537,396,141
105000141,420,355,65
105000142,397,367,30
105000143,249,472,-223
105000144,454,514,-60
105000145,1069,210,859
105000146,448,735,-287
105000147,926,471,455
105000148,1160,885,275
105000149,4022,3379,643
105000150,1609,1099,510
105000151,872,538,334
105000152,236,505,-269
105000153,1003,814,189
105000154,836,497,339
105000155,384,1063,-679
105000156,450,644,-194
105000157,799,1674,-875
105000158,2735,1109,1626
105000159,473,1024,-551
105000160,4590,1124,3466
105000161,945,1244,-299
105000162,1056,3434,-2378
105000163,1298,1201,97
105000164,209,445,-236
105000165,872,11348,-10476
105000166,5157,2162,2995
105000167,1490,4105,-2615
105000168,691,364,327
105000169,1232,128,1104
105000170,499,1609,-1110
105000171,1841,205,1636
105000172,265,29,236
105000173,552,34,518
105000174,170,46,124
105000175,185,112,73
105000176,993,175,818
105000177,653,332,321
105000178,433,339,94
105000179,1712,164,1548
105000180,466,154,312
105000181,384,163,221
105000182,122,58,64
105000183,2637,3899,-1262
105000184,637,1536,-899
105000185,878,1573,-695
105000186,569,713,-144
105000187,1203,287,916
105000188,194,266,-72
105000189,99,646,-547
105000190,367,370,-3
105000191,520,364,156
105000192,645,77,568
105000193,101,141,-40
105000194,827,127,700
105000195,468,1000,-532
105000196,103,338,-235
105000197,294,651,-357
105000198,317,248,69
105000199,103,569,-466
105000200,169,494,-325
105000201,99,81,18
105000203,21,94,-73
105000204,128,81,47
105000205,97,238,-141
105000207,312,117,195
105000208,251,1053,-802
105000209,177,137,40
105000212,1594,565,1029
105000213,82,344,-262
105000214,148,230,-82
105000215,446,185,261
105000216,249,109,140
105000217,347,193,154
105000218,2766,1187,1579
105000221,223,251,-28
105000222,369,160,209
105000223,483,180,303
105000226,185,186,-1
105000227,88,137,-49
105000228,128,2863,-2735
105000229,287,971,-684
105000231,698,428,270
105000233,1115,1060,55
105000234,562,884,-322
105000235,677,690,-13
105000237,1670,109,1561
105000243,105,102,3
105000248,69,89,-20
105000262,715,569,146
105000269,232,202,30
105000270,821,37,784
105000271,0,166,-166
105000282,69,80,-11
105000287,326,361,-35
105000288,1014,627,387
105000289,891,2466,-1575
105000290,31,16,15
105000402,2538,5561,-3023
105000426,347,718,-371
105000438,1493,1408,85
105000446,15589,5477,10112
105000447,3220,1855,1365
105000454,1224,123,1101
105000455,271,118,153
105000474,160,3,157
105000477,1094,755,339
105000478,3666,8041,-4375
105000479,212,214,-2
105000480,6392,9771,-3379
105000481,5590,6458,-868
105000482,2877,4170,-1293
105000483,2418,4710,-2292
105000484,1722,2385,-663
105000485,1418,4410,-2992
105000486,2018,2682,-664
105000488,4262,2329,1933
105000489,1702,931,771
105000549,80,128,-48
105000550,401,1365,-964
105000551,45,65,-20
105000552,2344,1361,983
105900001,16,2714,-2698
105900002,767,1331,-564
105900003,26,134,-108
105900004,272,97,175
105900005,19,161,-142
105900006,14,153,-139
105900007,85,44,41
105900008,109,255,-146
105900009,46,27,19
105900011,211,91,120
105900012,684,140,544
105900013,9,54,-45
105900014,29,91,-62
105900015,141,1025,-884
105900016,1007,682,325
105900017,2396,46,2350
105900018,203,200,3
105900019,80,448,-368
105900020,63,119,-56
105900021,43,1421,-1378
105900022,341,229,112
105900023,16,347,-331
105900024,18,1335,-1317
105900025,408,13,395
105900026,313,7,306
105900027,21721,6045,15676
105900028,292,483,-191
105900029,2807,453,2354
105900030,276,328,-52
105900031,353,224,129
105900032,165,161,4
105900033,101,100,1
105900034,397,176,221
105900035,376,203,173
105900036,213,211,2
105900037,176,40,136
105900038,284,225,59
105900039,243,85,158
105900040,146,77,69
105900041,271,150,121
105900042,126,163,-37
105900043,1823,40,1783
105900044,2,370,-368
105900045,6,1469,-1463
105900046,4,336,-332
105900047,9,96,-87
105900048,148,405,-257
105900050,3533,12307,-8774
105900051,96,1241,-1145
105900052,1073,190,883
105900053,2650,4869,-2219
105900054,192,594,-402
105900056,785,613,172
105900057,19,260,-241
105900058,40,25,15
105900059,0,135,-135
106000001,2644,2791,-147
106000002,937,3792,-2855
106000003,3731,4891,-1160
106000004,1349,2252,-903
106000005,5357,5228,129
106000006,4953,1776,3177
106000007,679,419,260
106000008,463,382,81
106000009,605,369,236
106000010,580,588,-8
106000011,2592,1389,1203
106000012,1423,1103,320
106000013,2695,2214,481
106000014,2420,1458,962
106000015,3118,1511,1607
106000016,2041,1549,492
106000017,783,895,-112
106000018,841,643,198
106000019,604,631,-27
106000020,569,359,210
106000021,484,529,-45
106000022,575,184,391
106000023,959,484,475
106000024,694,418,276
106000025,180,256,-76
106000026,51,147,-96
106000027,2485,1858,627
106000028,965,227,738
106000029,965,686,279
106000030,272,737,-465
106000034,119,305,-186
106000035,1032,2540,-1508
106000036,167,448,-281
106000037,1256,1316,-60
106000038,81,194,-113
106000039,57,161,-104
106000040,111,1087,-976
106000041,853,626,227
106000043,545,334,211
106000046,412,108,304
106000047,29,615,-586
106000049,1481,318,1163
106000050,330,363,-33
106000051,1340,823,517
106000052,147,310,-163
106000053,799,178,621
106000054,347,231,116
106000055,1237,678,559
106000056,356,273,83
106000057,650,226,424
106000058,232,127,105
106000059,582,391,191
106000060,215,307,-92
106000061,250,912,-662
106000062,221,334,-113
106000063,1220,878,342
106000064,30,221,-191
106000065,623,255,368
106000066,119,204,-85
106000067,656,80,576
106000068,112,438,-326
106000069,476,104,372
106000070,486,513,-27
106000071,1088,291,797
106000072,3244,1934,1310
106000073,1395,5434,-4039
106000074,900,875,25
106000075,524,1305,-781
106000076,1772,1698,74
106000077,2900,1021,1879
106000078,1869,615,1254
106000079,1233,606,627
106000080,1615,435,1180
106000081,1279,781,498
106000082,2237,628,1609
106000083,569,1300,-731
106000084,1054,512,542
106000085,1754,1612,142
106000086,602,759,-157
106000087,1063,490,573
106000088,484,795,-311
106000089,1453,247,1206
106000090,537,612,-75
106000091,230,352,-122
106000092,1274,285,989
106000093,480,142,338
106000094,92,238,-146
106000095,1508,603,905
106000096,1459,533,926
106000097,1741,583,1158
106000098,1376,693,683
106000099,345,2332,-1987
106000100,1899,290,1609
106000101,1088,1625,-537
106000102,181,2994,-2813
106000103,335,991,-656
106000104,1271,428,843
106000105,628,572,56
106000106,1089,332,757
106000107,259,193,66
106000108,583,172,411
106000109,288,170,118
106000110,489,131,358
106000111,258,129,129
106000112,452,811,-359
106000113,960,497,463
106000114,651,1022,-371
106000115,389,418,-29
106000116,548,286,262
106000117,1089,478,611
106000118,2016,1538,478
106000119,1176,568,608
106000120,1493,2083,-590
106000121,497,178,319
106000122,322,129,193
106000123,1168,119,1049
106000124,168,110,58
106000125,58,151,-93
106000126,627,43,584
106000127,1689,593,1096
106000128,1232,114,1118
106000129,826,398,428
106000130,1468,338,1130
106000131,137,858,-721
106000132,607,179,428
106000133,3497,1980,1517
106000134,568,3779,-3211
106000135,139,656,-517
106000136,854,1610,-756
106000137,88,984,-896
106000138,2753,133,2620
106000139,54,41,13
106000140,62,39,23
106000141,216,40,176
106000142,148,49,99
106000143,26,40,-14
106000144,55,132,-77
106000145,619,151,468
106000146,615,156,459
106000147,446,306,140
106000148,467,545,-78
106000149,1014,309,705
106000150,872,2444,-1572
106000151,3404,838,2566
106000152,1334,3293,-1959
106000153,97,2958,-2861
106000154,1896,155,1741
106000155,180,350,-170
106000156,2478,218,2260
106000157,1000,1713,-713
106000158,1960,991,969
106000159,2627,2750,-123
106000160,860,5569,-4709
106000161,1206,251,955
106000162,565,1954,-1389
106000163,616,239,377
106000164,1041,291,750
106000165,416,398,18
106000166,1608,259,1349
106000167,597,860,-263
106000168,1156,206,950
106000169,565,344,221
106000170,1756,245,1511
106000171,319,1079,-760
106000172,3743,1408,2335
106000173,1188,2760,-1572
106000174,1993,437,1556
106000175,309,569,-260
106000176,3171,1148,2023
106000177,1121,2027,-906
106000178,3580,1688,1892
106000179,803,1372,-569
106000180,968,835,133
106000181,1885,1514,371
106000182,2569,581,1988
106000183,2655,527,2128
106000184,2296,587,1709
106000185,1933,1740,193
106000186,636,74,562
106000187,147,1347,-1200
106000188,1,1,0
106000189,13,40,-27
106000190,55,4,51
106000191,672,136,536
106000192,0,18,-18
106000193,490,262,228
106000194,137,486,-349
106000195,625,400,225
106000196,137,769,-632
106000197,1006,388,618
106000198,250,124,126
106000199,829,1633,-804
106000200,358,424,-66
106000201,594,6662,-6068
106000202,2355,597,1758
106000203,70,126,-56
106000204,148,8,140
106000205,13,143,-130
106000206,131,43,88
106000207,19,406,-387
106000208,2376,290,2086
106000209,2630,647,1983
106000210,386,781,-395
106000211,219,1275,-1056
106000212,1455,751,704
106000213,213,1234,-1021
106000214,1443,435,1008
106000215,509,407,102
106000216,635,337,298
106000217,236,454,-218
106000218,412,319,93
106000219,198,293,-95
106000220,632,365,267
106000221,432,121,311
106000222,142,61,81
106000223,594,147,447
106000224,369,82,287
106000225,137,249,-112
106000226,96,150,-54
106000228,121,107,14
106000229,76,547,-471
106000231,1442,97,1345
106000232,78,183,-105
106000233,748,75,673
106000234,53,224,-171
106000235,363,174,189
106000236,63,101,-38
106000237,0,20,-20
106000238,5,21,-16
106000239,2,131,-129
106000240,46,6,40
106000241,13,498,-485
106000242,277,47,230
106000249,143,29,114
106000250,113,666,-553
106000251,177,20,157
106000252,26,62,-36
106000253,82,92,-10
106000254,118,38,80
106000255,64,220,-156
106000256,58,22,36
106000257,194,229,-35
106000258,156,42,114
106000259,3,69,-66
106000260,31,29,2
106000261,10,54,-44
106000262,140,11,129
106000263,33,59,-26
106000264,244,14,230
106000265,22,126,-104
106000266,155,35,120
106000267,6,138,-132
106000268,316,54,262
106000269,45,53,-8
106000270,85,296,-211
106000271,162,174,-12
106000272,144,52,92
106000273,35,214,-179
106000274,179,34,145
106000275,336,242,94
106000276,101,32,69
106000277,122,201,-79
106000278,151,26,125
106000279,5,15,-10
106000280,162,32,130
106000281,152,37,115
106000282,122,62,60
106000283,224,43,181
106000284,233,105,128
106000285,153,89,64
106000286,198,154,44
106000287,174,85,89
106000288,172,118,54
106000289,164,85,79
106000290,124,91,33
106000291,106,95,11
106000292,120,59,61
106000293,140,141,-1
106000294,134,95,39
106000295,78,74,4
106000296,55,75,-20
106000297,68,332,-264
106000298,132,107,25
106000299,114,116,-2
106000300,61,135,-74
106000301,46,118,-72
106000303,46,53,-7
106000304,42,30,12
106000305,100,49,51
106000306,52,34,18
106000307,143,57,86
106000308,58,114,-56
106000309,27,93,-66
106000310,476,280,196
106000311,580,203,377
106000312,227,89,138
106000313,499,148,351
106000318,48,561,-513
106000319,1924,439,1485
106000320,1,59,-58
106000321,172,181,-9
106000322,407,63,344
106000324,27,67,-40
106000325,2854,1213,1641
106000326,1211,1407,-196
106000327,301,74,227
106000328,38,101,-63
106000329,108,191,-83
106000330,60,123,-63
106000428,102,194,-92
106000429,166,197,-31
106000430,356,911,-555
106000431,2972,509,2463
106000432,1082,2477,-1395
106000433,2949,1451,1498
106000434,4619,1602,3017
106000435,1106,2480,-1374
106000436,36,166,-130
106000437,492,71,421
106000438,349,384,-35
106000439,93,485,-392
106000440,228,1462,-1234
106000441,2,0,2
106000442,266,13,253
106000443,412,197,215
106000450,0,93,-93
106000451,13,165,-152
106000454,1,107,-106
106000455,17,132,-115
106000456,92,50,42
106000457,55,397,-342
106000458,1446,69,1377
106000459,393,85,308
106000460,2632,43,2589
106000461,325,274,51
106000462,0,57,-57
106000463,2,4,-2
106000464,8,148,-140
106000465,1338,5,1333
106000466,5,255,-250
106000467,156,249,-93
106000468,182,207,-25
106000469,104,1,103
106000470,276,2976,-2700
106000471,6,454,-448
106000472,193,22,171
106000473,41,12,29
106000474,356,364,-8
106000475,472,160,312
106000476,126,242,-116
106000477,15,23,-8
106900001,0,40,-40
106900002,5,181,-176
106900003,150,3962,-3812
106900004,2,14,-12
106900006,0,4,-4
106900007,0,25,-25
106900008,826,79,747
106900009,572,196,376
106900010,405,291,114
106900012,1148,3885,-2737
106900013,805,216,589
106900014,70,6,64
106900015,22,4,18
106900016,460,20,440
106900017,43,3,40
106900018,11,0,11
106900019,212,2,210
106900020,5070,2900,2170
106900021,194,97,97
106900022,1668,7,1661
106900023,22,177,-155
106900024,1017,81,936
106900025,50,1185,-1135
106900026,1,242,-241
106900027,1429,8,1421
107000001,3501,7710,-4209
107000002,1801,3003,-1202
107000003,10903,9185,1718
107000004,5049,2316,2733
107000005,10928,8245,2683
107000006,3934,1787,2147
107000007,7555,11418,-3863
107000008,6407,3907,2500
107000009,14016,10951,3065
107000010,7689,5490,2199
107000011,890,957,-67
107000012,2511,2142,369
107000013,153,45,108
107000014,135,87,48
107000015,661,318,343
107000016,1382,434,948
107000017,1327,9703,-8376
107000018,22,7383,-7361
107000020,1211,6638,-5427
107000021,1535,589,946
107000022,1235,4520,-3285
107000023,2323,211,2112
107000024,888,2019,-1131
107000025,265,388,-123
107000026,512,409,103
107000027,2296,1188,1108
107000028,1847,633,1214
107000029,5314,4663,651
107000030,3093,1917,1176
107000031,7394,3439,3955
107000032,438,702,-264
107000033,3016,4310,-1294
107000034,10054,1378,8676
107000035,623,251,372
107000036,1972,1923,49
107000037,139,1112,-973
107000038,369,234,135
107000039,1496,1276,220
107000040,483,261,222
107000041,1821,1213,608
107000042,768,2687,-1919
107000043,2238,1131,1107
107000044,373,669,-296
107000045,60,404,-344
107000046,1397,511,886
107000047,629,909,-280
107000048,813,385,428
107000049,586,773,-187
107000050,1290,611,679
107000051,251,338,-87
107000052,1239,1555,-316
107000053,430,541,-111
107000054,79,155,-76
107000055,203,167,36
107000056,531,503,28
107000057,1661,136,1525
107000058,2527,3633,-1106
107000059,2577,2985,-408
107000060,7672,6967,705
107000061,5241,2814,2427
107000062,8804,3758,5046
107000063,5161,2978,2183
107000064,7418,4441,2977
107000065,4314,3496,818
107000066,2416,5121,-2705
107000067,1941,2169,-228
107000068,1209,1522,-313
107000069,1440,912,528
107000070,1619,11,1608
107000071,6010,74,5936
107000072,20,1349,-1329
107000073,1528,865,663
107000074,113,586,-473
107000075,3220,795,2425
107000076,409,1022,-613
107000077,5365,1580,3785
107000078,1266,1752,-486
107000079,4403,1368,3035
107000080,815,1929,-1114
107000081,4127,745,3382
107000082,840,641,199
107000083,2409,1010,1399
107000084,385,973,-588
107000085,3900,3956,-56
107000086,3401,2915,486
107000087,4378,3237,1141
107000088,3493,3320,173
107000089,2783,3214,-431
107000090,1771,870,901
107000091,2343,1305,1038
107000092,1345,915,430
107000093,2003,1421,582
107000094,1031,896,135
107000095,1487,761,726
107000096,627,615,12
107000097,552,360,192
107000098,277,444,-167
107000099,637,611,26
107000100,338,400,-62
107000101,175,336,-161
107000102,170,318,-148
107000103,398,302,96
107000104,197,288,-91
107000105,653,187,466
107000106,192,169,23
107000107,842,219,623
107000108,171,370,-199
107000109,1288,145,1143
107000110,90,151,-61
107000111,757,33,724
107000112,58,131,-73
107000113,1042,107,935
107000114,125,234,-109
107000115,1135,446,689
107000116,126,494,-368
107000117,271,1707,-1436
107000118,92,108,-16
107000119,1815,1991,-176
107000120,809,723,86
107000121,1466,712,754
107000122,1052,663,389
107000123,843,546,297
107000124,947,550,397
107000125,1498,604,894
107000126,1192,245,947
107000127,25,265,-240
107000129,216,112,104
107000130,402,364,38
107000131,534,281,253
107000132,787,377,410
107000133,558,305,253
107000134,387,1,386
107000135,6,700,-694
107000136,800,5,795
107000137,6,978,-972
107000138,260,36,224
107000139,12,1238,-1226
107000140,2459,104,2355
107000141,116,1003,-887
107000142,741,95,646
107000143,54,705,-651
107000144,832,890,-58
107000145,172,404,-232
107000146,249,475,-226
107000147,5188,805,4383
107000150,566,5126,-4560
107000151,62,92,-30
107000152,926,3041,-2115
107000153,65,294,-229
107000154,12,575,-563
107000155,1565,11,1554
107000156,2341,18,2323
107000157,117,533,-416
107000158,1226,22,1204
107000159,35,350,-315
107000160,2521,279,2242
107000161,106,380,-274
107000162,406,1072,-666
107000163,227,1,226
107000164,1570,3,1567
107000165,2322,25,2297
107000166,6,384,-378
107000167,1198,283,915
107000168,1379,694,685
107000169,748,557,191
107000170,5199,1018,4181
107000171,810,987,-177
107000172,2284,2423,-139
107000173,614,560,54
107000174,1666,8958,-7292
107000175,5031,1137,3894
107000176,3,0,3
107000177,11,2,9
107000178,70,8,62
107000179,462,1029,-567
107000180,2821,173,2648
107000181,719,708,11
107000182,3068,510,2558
107000183,305,546,-241
107000184,2123,513,1610
107000185,627,1208,-581
107000186,1990,462,1528
107000187,1580,1325,255
107000188,884,506,378
107000189,1029,890,139
107000190,1087,644,443
107000191,1225,1088,137
107000192,2522,581,1941
107000193,668,703,-35
107000194,913,551,362
107000197,1375,332,1043
107000198,491,443,48
107000199,1755,847,908
107000200,1291,991,300
107000201,612,744,-132
107000202,591,639,-48
107000203,766,2291,-1525
107000204,836,2400,-1564
107000205,1365,943,422
107000206,636,2258,-1622
107000207,785,1919,-1134
107000208,640,824,-184
107000209,964,1577,-613
107000210,140,225,-85
107000211,9,68,-59
107000212,19,248,-229
107000213,2,32,-30
107000214,36,114,-78
107000215,820,208,612
107000216,855,480,375
107000217,255,128,127
107000219,113,421,-308
107000220,275,107,168
107000222,320,378,-58
107000224,1115,126,989
107000225,147,296,-149
107000226,1122,107,1015
107000227,100,127,-27
107000228,505,450,55
107000229,97,123,-26
107000230,1384,579,805
107000231,552,2316,-1764
107000232,149,26,123
107000233,247,1630,-1383
107000234,8,110,-102
107000235,157,24,133
107000236,13,616,-603
107000237,86,0,86
107000238,39,4,35
107000239,6229,822,5407
107000240,72,714,-642
107000241,63,9,54
107000242,376,41,335
107000243,0,58,-58
107000244,10,71,-61
107000246,2,1051,-1049
107000249,4,1126,-1122
107000251,0,169,-169
107000252,5,356,-351
107000255,238,286,-48
107000257,2,558,-556
107000258,17,185,-168
107000259,11,167,-156
107000260,2668,20,2648
107000262,19,194,-175
107000263,844,11,833
107000266,12,25,-13
107000267,68,93,-25
107000268,127,75,52
107000269,89,3,86
107000270,180,73,107
107000271,0,0,0
107000272,113,1,112
107000273,16,1033,-1017
107000274,861,2479,-1618
107000275,38,8008,-7970
107000280,1870,46,1824
107000281,37,317,-280
107000282,105,453,-348
107000290,33,88,-55
107000291,16,12,4
107000292,3,750,-747
107000293,9,11,-2
107000294,0,64,-64
107000295,66,7,59
107000296,0,15,-15
107000444,313,7,306
107000496,0,8,-8
107000497,1351,1273,78
107000500,787,421,366
107000501,109,183,-74
107000502,286,347,-61
107000505,195,810,-615
107000506,0,0,0
107000508,4,169,-165
107000509,257,952,-695
107000510,68,42,26
107000514,47,567,-520
107000515,17,64,-47
107000516,808,448,360
107000518,2211,3878,-1667
107000519,1564,604,960
107000520,131,82,49
107900001,140,51,89
107900002,95,13,82
107900003,811,13,798
107900004,324,0,324
107900005,3066,25,3041
107900006,362,13,349
107900007,753,55,698
107900008,65,7,58
107900009,175,15,160
107900010,85,9,76
107900012,483,143,340
107900013,348,15,333
107900014,219,15,204
107900015,2431,25,2406
107900016,373,87,286
107900017,102,1,101
107900018,138,383,-245
107900019,13,17,-4
107900020,47,25,22
107900021,236,46,190
107900023,2,10,-8
107900024,0,3,-3
107900025,301,168,133
107900026,108,13,95
107900027,40,119,-79
107900028,247,68,179
107900030,345,51,294
107900031,101,114,-13
107900032,32,12,20
107900033,30,9,21
107900034,466,25,441
107900035,2554,98,2456
107900036,96,63,33
107900037,0,8,-8
107900038,66,474,-408
107900039,53,17,36
107900040,18,361,-343
107900041,2,3,-1
107900043,90,155,-65
107900044,20,17,3
107900045,153,115,38
107900046,448,289,159
107900047,86,13,73
107900048,396,88,308
107900049,394,1664,-1270
107900050,58,224,-166
107900051,106,90,16
107900052,14,33,-19
107900053,98,82,16
107900055,820,355,465
107900056,155,158,-3
107900057,5,0,5
107900058,34,460,-426
107900060,20,53,-33
107900061,4,23,-19
107900063,102,148,-46
107900064,335,613,-278
107900065,726,19,707
107900066,38,2,36
107900067,1,1,0
107900068,163,1396,-1233
107900069,31,3984,-3953
107900070,239,213,26
107900071,34,282,-248
107900072,298,72,226
107900073,195,85,110
107900074,223,461,-238
107900076,226,69,157
107900077,163,12,151
107900078,276,121,155
107900079,28,15,13
107900080,171,1206,-1035
107900081,142,60,82
107900082,6,7,-1
107900083,508,322,186
107900084,277,173,104
107900086,32,383,-351
107900087,230,135,95
107900088,176,38,138
107900089,277,999,-722
107900090,715,3882,-3167
107900091,132,86,46
107900092,1380,180,1200
107900093,87,34,53
107900095,1391,2026,-635
107900097,48,98,-50
107900098,98,206,-108
107900100,1156,2177,-1021
107900101,424,62,362
107900102,108,7,101
107900103,76,141,-65
107900104,318,5,313
107900105,0,122,-122
107900106,9,516,-507
107900107,1443,519,924
107900108,175,83,92
107900109,2834,56,2778
107900110,144,27,117
107900111,6,268,-262
107900112,82,637,-555
107900113,330,69,261
107900114,434,69,365
107900115,0,19,-19
107900116,413,64,349
107900117,330,95,235
107900118,111,138,-27
107900119,134,438,-304
107900120,76,49,27
107900121,3,135,-132
107900122,2,336,-334
107900123,23,63,-40
107900124,26,78,-52
107900125,28,253,-225
107900126,47,40,7
107900127,409,389,20
107900128,102,102,0
107900129,172,27,145
107900130,173,13,160
107900131,138,952,-814
107900132,117,278,-161
107900133,0,26,-26
107900134,72,199,-127
107900135,11,72,-61
107900136,19,48,-29
107900137,148,144,4
107900138,155,30,125
107900139,92,29,63
107900140,87,45,42
107900141,28,51,-23
107900142,28,462,-434
107900143,32,5,27
107900144,1,85,-84
107900145,8,64,-56
107900146,35,171,-136
107900147,41,52,-11
107900148,199,105,94
107900149,577,96,481
107900150,61,257,-196
107900151,41,37,4
107900152,14,75,-61
107900153,76,459,-383
107900154,53,40,13
107900155,113,39,74
107900156,15,75,-60
107900157,36,29,7
107900158,1742,57,1685
107900159,26,331,-305
107900160,282,66,216
107900161,89,45,44
107900162,0,102,-102
107900163,41,131,-90
107900164,32,41,-9
107900165,21,271,-250
107900166,79,75,4
107900167,24,83,-59
107900168,82,16,66
107900169,2,115,-113
107900171,0,311,-311
107900172,0,128,-128
107900173,62,41,21
107900174,242,3,239
107900175,189,79,110
107900176,60,1,59
107900177,3,236,-233
107900178,0,53,-53
107900179,41,67,-26
107900180,352,1501,-1149
107900181,388,291,97
107900182,0,406,-406
107900183,89,54,35
107900184,230,104,126
107900185,226,10,216
107900186,31,28,3
107900187,2,212,-210
107900188,367,108,259
107900189,34,78,-44
107900190,35,164,-129
107900191,107,83,24
107900193,0,75,-75
107900194,310,31,279
107900195,666,238,428
107900196,143,29,114
107900197,267,518,-251
107900199,0,371,-371
107900201,96,54,42
107900203,52,19,33
107900204,149,230,-81
107900205,318,280,38
107900206,614,639,-25
107900207,3,228,-225
107900208,30,154,-124
107900209,178,137,41
107900210,55,40,15
107900213,385,527,-142
107900214,15,43,-28
107900215,99,629,-530
107900216,44,59,-15
107900217,62,66,-4
107900218,33,2102,-2069
107900219,36,23,13
107900220,75,232,-157
107900221,137,137,0
107900223,198,139,59
107900224,107,654,-547
107900225,15,436,-421
107900226,27,92,-65
107900227,138,224,-86
107900228,51,78,-27
107900229,3,68,-65
107900230,54,19,35
107900231,52,59,-7
107900232,205,77,128
107900233,35,69,-34
107900234,219,168,51
107900235,17,156,-139
107900236,460,45,415
107900237,27,214,-187
107900238,42,29,13
107900239,249,812,-563
107900240,62,48,14
107900241,23,26,-3
107900242,32,33,-1
107900243,1,53,-52
107900244,456,9,447
107900245,1152,59,1093
107900246,358,16,342
107900248,835,126,709
107900249,1638,139,1499
107900250,4,294,-290
107900251,58,680,-622
107900252,1488,54,1434
107900253,430,13,417
107900254,66,307,-241
107900255,162,63,99
107900256,713,2099,-1386
107900257,545,214,331
107900258,193,70,123
107900259,47,4393,-4346
107900261,1,129,-128
107900262,42,48,-6
107900264,814,44,770
107900265,241,143,98
107900267,543,11,532
107900268,13,3,10
107900269,0,7,-7
107900270,3,0,3
107900271,5,52,-47
107900272,19,44,-25
107900273,105,76,29
107900274,220,1,219
107900275,56,0,56
107900276,1,51,-50
107900277,0,65,-65
107900278,617,136,481
107900279,59,112,-53
107900280,3113,1690,1423
107900281,691,7888,-7197
107900282,24,1301,-1277
107900283,818,1203,-385
107900284,1078,321,757
107900285,214,21,193
107900286,63,60,3
107900287,455,188,267
107900290,2,481,-479
107900291,810,34,776
107900292,147,52,95
107900293,151,177,-26
107900295,82,24,58
107900297,5,277,-272
107900298,725,319,406
107900299,1899,3741,-1842
107900300,166,513,-347
107900301,956,1118,-162
107900302,129,58,71
107900303,543,309,234
107900304,757,144,613
107900305,503,46,457
107900306,3,61,-58
107900307,25,191,-166
107900308,241,275,-34
107900309,99,0,99
107900310,82,1,81
107900311,8,782,-774
107900312,72,1,71
107900313,0,292,-292
107900314,0,148,-148
107900315,3,96,-93
107900316,46,1,45
107900317,100,11,89
107900318,7,177,-170
107900319,11,74,-63
107900320,0,81,-81
107900321,266,12,254
107900322,0,20,-20
107900323,7,97,-90
107900324,194,8,186
107900325,123,2,121
107900326,648,104,544
107900327,2,209,-207
107900328,35,0,35
107900329,78,233,-155
107900330,14,128,-114
107900331,645,26,619
107900332,739,11,728
107900333,95,31,64
107900334,8,40,-32
107900335,33,29,4
107900336,38,83,-45
107900337,508,1554,-1046
107900338,1,54,-53
107900339,4,13,-9
107900340,1,79,-78
107900341,94,1,93
107900342,122,57,65
107900343,38,1,37
107900344,11,117,-106
107900345,113,33,80
107900346,28,1,27
107900347,6,5,1
107900348,4,2,2
107900349,23,1,22
107900350,7,183,-176
108000001,5050,4431,619
108000002,1941,1612,329
108000003,4012,4473,-461
108000004,11074,12065,-991
108000005,9650,7005,2645
108000006,4643,5050,-407
108000007,6959,5363,1596
108000008,3876,4283,-407
108000009,6679,6543,136
108000010,3032,3380,-348
108000011,15703,14393,1310
108000012,9582,10187,-605
108000014,690,1671,-981
108000015,1198,210,988
108000016,440,608,-168
108000017,1642,434,1208
108000018,2457,823,1634
108000019,1321,1260,61
108000020,1699,591,1108
108000021,314,1513,-1199
108000022,553,973,-420
108000023,2504,408,2096
108000024,397,312,85
108000025,625,172,453
108000026,1143,199,944
108000027,1160,202,958
108000028,1200,199,1001
108000029,1005,292,713
108000030,728,218,510
108000031,288,583,-295
108000032,3004,749,2255
108000033,836,617,219
108000034,2643,659,1984
108000035,649,1387,-738
108000036,386,697,-311
108000037,3220,461,2759
108000038,5186,612,4574
108000039,517,1195,-678
108000040,3014,1271,1743
108000041,538,1838,-1300
108000042,542,187,355
108000043,231,173,58
108000044,1138,137,1001
108000045,362,180,182
108000046,2373,518,1855
108000047,433,575,-142
108000048,169,184,-15
108000049,1362,226,1136
108000050,115,321,-206
108000051,535,309,226
108000052,110,382,-272
108000053,601,389,212
108000054,448,1107,-659
108000055,1584,972,612
108000056,497,1546,-1049
108000057,819,1921,-1102
108000058,2702,5752,-3050
108000059,2196,1412,784
108000060,370,758,-388
108000061,125,252,-127
108000062,1656,858,798
108000063,656,303,353
108000064,463,208,255
108000065,760,382,378
108000066,1894,1095,799
108000067,2554,1054,1500
108000068,1216,566,650
108000069,205,557,-352
108000070,3109,902,2207
108000071,745,1131,-386
108000072,2391,1093,1298
108000073,979,998,-19
108000074,1073,554,519
108000075,419,442,-23
108000076,1338,650,688
108000077,612,438,174
108000078,3572,1249,2323
108000079,587,952,-365
108000080,2386,589,1797
108000081,690,773,-83
108000082,519,1239,-720
108000083,2619,972,1647
108000084,450,784,-334
108000085,1782,653,1129
108000086,462,391,71
108000087,286,3235,-2949
108000088,447,9,438
108000089,470,397,73
108000090,745,204,541
108000091,258,306,-48
108000092,257,58,199
108000093,341,351,-10
108000094,1336,47,1289
108000095,275,220,55
108000096,718,196,522
108000097,256,253,3
108000098,2810,1117,1693
108000099,339,66,273
108000100,111,251,-140
108000101,1870,1999,-129
108000102,1796,4495,-2699
108000106,1041,0,1041
108000107,7,1017,-1010
108000108,978,92,886
108000109,6,613,-607
108000110,599,422,177
108000111,249,557,-308
108000112,53,285,-232
108000113,406,158,248
108000115,351,370,-19
108000117,578,563,15
108000118,62,396,-334
108000119,647,239,408
108000120,202,1069,-867
108000121,413,348,65
108000122,1018,362,656
108000123,814,116,698
108000124,606,373,233
108000125,1000,170,830
108000126,347,265,82
108000127,1080,247,833
108000128,1148,232,916
108000129,495,358,137
108000130,768,247,521
108000131,1010,469,541
108000132,693,762,-69
108000133,1714,563,1151
108000134,580,304,276
108000135,1773,863,910
108000136,290,445,-155
108000137,811,188,623
108000138,917,489,428
108000139,875,283,592
108000140,428,29,399
108000141,72,45,27
108000142,96,52,44
108000143,82,9,73
108000144,153,9,144
108000145,100,7,93
108000146,194,28,166
108000147,56,24,32
108000148,145,33,112
108000149,38,8,30
108000150,78,2,76
108000151,8,7,1
108000152,136,161,-25
108000153,1118,128,990
108000154,40,6,34
108000155,39,19,20
108000156,416,189,227
108000157,258,2164,-1906
108000158,95,1130,-1035
108000159,208,316,-108
108000160,1705,1394,311
108000161,1949,6200,-4251
108000165,3,517,-514
108000172,6,502,-496
108000173,728,2937,-2209
108000175,643,125,518
108000178,383,456,-73
108000179,223,1360,-1137
108000181,135,33,102
108000182,102,15,87
108000183,17,10,7
108000184,689,4048,-3359
108000185,370,241,129
108000186,355,37,318
108000187,164,223,-59
108000188,1441,159,1282
108000189,526,2139,-1613
108000190,51,118,-67
108000192,413,170,243
108000193,607,23,584
108000194,29,21,8
108000195,1,662,-661
108000196,289,108,181
108000198,890,56,834
108000199,1,440,-439
108000200,943,198,745
108000202,1,506,-505
108000203,250,227,23
108000204,265,97,168
108000205,107,239,-132
108000339,1054,487,567
108000364,81,325,-244
108000365,103,197,-94
108000367,206,236,-30
108000368,14,55,-41
108000369,301,157,144
108000371,0,526,-526
108000372,1054,5,1049
108000373,234,71,163
108000376,198,28,170
108000377,965,86,879
108000378,12043,16413,-4370
108000379,98,130,-32
108000381,182,2,180
108000382,77,3,74
108000383,0,188,-188
108900001,31,301,-270
108900002,315,118,197
108900003,169,611,-442
108900004,68,682,-614
108900005,100,694,-594
108900006,1134,193,941
108900007,501,139,362
108900008,352,128,224
108900009,208,133,75
108900010,613,117,496
108900011,1154,289,865
108900012,679,359,320
108900013,245,232,13
108900014,53,141,-88
108900015,3,264,-261
108900016,0,222,-222
108900017,209,732,-523
108900018,209,400,-191
108900019,72,462,-390
108900020,74,116,-42
108900021,172,169,3
108900022,174,24,150
108900023,2,75,-73
108900024,79,22,57
108900025,342,43,299
108900026,29,34,-5
108900027,1,17,-16
108900028,217,64,153
108900029,133,198,-65
108900030,0,11,-11
108900031,297,171,126
108900032,8,126,-118
108900033,0,62,-62
108900034,0,73,-73
108900035,292,344,-52
108900036,136,228,-92
108900037,62,132,-70
108900038,0,84,-84
108900039,0,72,-72
108900040,18,35,-17
108900041,3582,4352,-770
108900042,7,411,-404
108900043,45,354,-309
108900044,3,75,-72
108900045,182,150,32
108900046,42,217,-175
108900047,0,94,-94
108900048,144,285,-141
108900049,1228,3114,-1886
108900050,7,69,-62
108900051,1,82,-81
108900052,46,80,-34
108900053,100,545,-445
108900054,95,138,-43
108900055,20,433,-413
108900056,9,69,-60
108900057,0,65,-65
108900058,81,132,-51
108900059,1200,82,1118
108900060,109,301,-192
108900061,73,29,44
108900062,4,138,-134
108900063,22,163,-141
108900064,533,18,515
108900065,17,126,-109
108900066,719,219,500
108900067,20,145,-125
108900068,0,22,-22
108900069,149,8,141
108900070,34,61,-27
108900071,223,61,162
108900072,1770,515,1255
108900073,8,22,-14
108900074,645,73,572
108900075,28,20,8
108900076,842,88,754
108900077,63,87,-24
108900078,86,49,37
108900079,355,175,180
108900080,26,1602,-1576
108900081,47,222,-175
108900082,158,37,121
108900083,20,399,-379
108900084,215,128,87
108900085,1095,121,974
108900086,297,75,222
108900087,61,168,-107
108900088,1155,495,660
108900089,11,272,-261
108900090,143,101,42
108900091,139,35,104
108900092,774,331,443
108900093,161,144,17
108900094,399,119,280
108900095,27,208,-181
108900096,221,25,196
108900097,415,100,315
108900098,1224,1922,-698
108900099,732,84,648
108900100,106,98,8
108900101,308,554,-246
108900102,45,1861,-1816
108900103,129,200,-71
108900104,100,309,-209
108900105,6,3055,-3049
108900106,723,97,626
108900108,531,48,483
108900109,73,61,12
108900110,316,130,186
108900111,811,210,601
108900112,503,20,483
108900113,47,111,-64
108900114,0,6,-6
108900115,309,110,199
108900116,134,9,125
108900117,343,25,318
108900118,1043,52,991
108900119,651,41,610
108900120,306,264,42
108900121,471,124,347
108900122,370,35,335
108900123,277,159,118
108900124,1173,337,836
108900125,984,10,974
108900126,225,91,134
108900127,371,33,338
108900128,341,95,246
108900129,1765,290,1475
108900130,885,9,876
108900131,635,12,623
108900132,914,75,839
108900133,532,50,482
108900134,1235,174,1061
108900135,530,11,519
108900136,62,4,58
108900137,408,5,403
108900138,1519,88,1431
108900139,1001,92,909
108900140,774,74,700
108900141,1011,32,979
108900142,157,10,147
108900143,177,0,177
108900144,185,2,183
108900145,456,40,416
108900146,178,1,177
108900147,478,1,477
108900148,52,15,37
108900149,441,159,282
108900150,449,4,445
108900151,86,40,46
108900152,267,191,76
108900153,353,91,262
108900154,7202,479,6723
108900155,457,72,385
108900156,207,9,198
108900157,29,325,-296
108900158,839,34,805
108900159,3,83,-80
108900160,46,148,-102
108900161,18,152,-134
108900162,260,1,259
108900163,8,454,-446
108900164,81,49,32
108900165,105,42,63
108900167,989,13953,-12964
108900168,3886,3302,584
108900169,79,155,-76
108900171,2847,4772,-1925
108900172,240,59,181
108900173,101,401,-300
108900174,1654,522,1132
108900176,239,290,-51
108900177,4821,11673,-6852
108900178,2487,6226,-3739
108900179,477,2866,-2389
108900180,154,513,-359
108900182,54,652,-598
108900183,151,206,-55
108900184,820,322,498
108900185,167,502,-335
108900186,133,301,-168
108900187,926,63,863
108900188,1171,75,1096
108900189,602,100,502
108900190,55,1478,-1423
108900191,212,76,136
108900192,149,175,-26
108900193,48,33,15
108900194,5,337,-332
108900195,154,53,101
108900196,53,268,-215
108900198,3,186,-183
108900199,297,280,17
108900200,866,445,421
108900201,433,876,-443
108900203,633,155,478
108900204,567,31,536
108900205,414,51,363
108900206,684,99,585
108900207,318,295,23
108900208,14,324,-310
108900209,130,504,-374
108900210,135,184,-49
108900211,224,1019,-795
108900212,219,2577,-2358
108900215,99,348,-249
108900216,313,494,-181
108900217,117,0,117
108900218,70,21,49
108900219,115,19,96
108900220,73,33,40
108900221,25,128,-103
108900222,452,15,437
108900223,4,92,-88
108900224,53,164,-111
108900225,0,149,-149
108900226,571,25,546
108900227,241,529,-288
108900230,93,191,-98
108900231,15,149,-134
108900232,1,107,-106
108900233,767,183,584
108900234,476,207,269
108900235,158,399,-241
108900236,58,418,-360
108900237,57,91,-34
108900240,235,116,119
108900241,83,91,-8
108900245,5,3005,-3000
108900249,154,31,123
108900250,431,94,337
108900257,390,208,182
108900258,10,80,-70
108900259,31,20,11
108900260,15,17,-2
108900261,46,40,6
108900262,94,104,-10
108900263,28,137,-109
108900264,118,224,-106
108900265,1000,829,171
108900266,206,1780,-1574
108900267,5,376,-371
108900268,1,31,-30
108900269,186,24,162
108900270,231,24,207
108900271,92,16,76
108900272,608,32,576
108900273,248,1461,-1213
108900274,137,20,117
109000001,3099,3127,-28
109000002,851,3095,-2244
109000003,4272,455,3817
109000004,554,2090,-1536
109000005,2977,619,2358
109000006,847,1845,-998
109000007,2811,657,2154
109000008,834,1568,-734
109000009,4309,1425,2884
109000010,1003,2492,-1489
109000011,5853,3126,2727
109000012,2163,2636,-473
109000013,5858,5654,204
109000014,2207,2674,-467
109000015,4760,13543,-8783
109000016,4916,2642,2274
109000017,4501,1353,3148
109000018,1416,1947,-531
109000019,3709,1451,2258
109000020,1136,1676,-540
109000023,345,34,311
109000024,4,236,-232
109000025,452,925,-473
109000026,513,306,207
109000027,197,484,-287
109000028,90,62,28
109000029,125,553,-428
109000030,25,354,-329
109000031,345,198,147
109000032,121,439,-318
109000033,637,286,351
109000034,86,81,5
109000035,8,96,-88
109000036,50,464,-414
109000037,515,3639,-3124
109000038,382,446,-64
109000039,1500,1460,40
109000040,3419,19377,-15958
109000041,1739,3634,-1895
109000042,575,1921,-1346
109000044,502,133,369
109000045,113,393,-280
109000046,767,132,635
109000047,75,404,-329
109000048,769,501,268
109000049,233,479,-246
109000050,419,359,60
109000051,200,169,31
109000052,695,391,304
109000053,546,101,445
109000054,226,288,-62
109000055,375,399,-24
109000056,413,295,118
109000057,1222,699,523
109000058,442,191,251
109000059,237,1662,-1425
109000060,232,559,-327
109000061,481,2950,-2469
109000062,208,539,-331
109000063,321,110,211
109000064,580,193,387
109000065,383,116,267
109000066,552,47,505
109000067,138,204,-66
109000068,838,5,833
109000069,683,31,652
109000070,100,1615,-1515
109000071,686,94,592
109000072,176,294,-118
109000073,89,138,-49
109000074,21,186,-165
109000075,76,342,-266
109000076,152,427,-275
109000077,264,193,71
109000078,99,137,-38
109000079,173,76,97
109000080,402,70,332
109000081,226,280,-54
109000082,1362,162,1200
109000083,417,412,5
109000088,232,302,-70
109000089,484,121,363
109000090,146,306,-160
109000091,745,262,483
109000092,300,325,-25
109000093,474,338,136
109000094,1514,6,1508
109000095,250,277,-27
109000096,1470,242,1228
109000097,83,58,25
109000098,55,161,-106
109000099,1013,196,817
109000100,400,545,-145
109000101,2585,673,1912
109000102,829,622,207
109000103,931,557,374
109000104,3597,545,3052
109000105,623,940,-317
109000106,2900,758,2142
109000107,761,1143,-382
109000108,3358,765,2593
109000109,680,980,-300
109000110,2192,657,1535
109000111,787,1767,-980
109000112,394,115,279
109000113,315,145,170
109000114,222,233,-11
109000115,1309,29,1280
109000116,13,371,-358
109000117,310,24,286
109000118,12,272,-260
109000119,2720,131,2589
109000120,478,335,143
109000121,947,23,924
109000122,308,313,-5
109000123,43,51,-8
109000124,1189,178,1011
109000125,1442,268,1174
109000126,667,416,251
109000127,2173,195,1978
109000128,825,688,137
109000129,4367,905,3462
109000130,408,801,-393
109000131,1355,1099,256
109000132,575,1355,-780
109000133,368,593,-225
109000134,780,889,-109
109000135,711,1571,-860
109000136,344,218,126
109000137,530,414,116
109000138,627,227,400
109000139,1039,353,686
109000140,307,193,114
109000141,1071,320,751
109000142,212,620,-408
109000143,228,54,174
109000145,106,252,-146
109000146,64,55,9
109000148,1708,3229,-1521
109000149,21,150,-129
109000150,73,461,-388
109000155,1456,989,467
109000156,1185,437,748
109000158,160,292,-132
109000159,203,547,-344
109000160,2155,234,1921
109000161,763,841,-78
109000162,3299,480,2819
109000163,2047,1375,672
109000164,2000,1839,161
109000165,2227,482,1745
109000166,1822,112,1710
109000167,170,325,-155
109000170,42,42,0
109000171,145,45,100
109000172,31,62,-31
109000173,39,145,-106
109000174,194,19,175
109000175,88,61,27
109000176,672,123,549
109000177,42,76,-34
109000178,821,40,781
109000179,2674,8037,-5363
109000180,4144,4991,-847
109000181,28,9,19
109000182,71,9,62
109000183,79,17,62
109000184,80,7,73
109000185,74,18,56
109000188,677,894,-217
109000189,4058,618,3440
109000190,976,461,515
109000191,474,394,80
109000192,833,92,741
109000193,449,117,332
109000194,563,56,507
109000195,255,133,122
109000196,437,53,384
109000197,250,215,35
109000198,521,45,476
109000199,267,268,-1
109000206,464,45,419
109000207,306,45,261
109000208,216,218,-2
109000209,212,66,146
109000210,103,474,-371
109000211,438,226,212
109000214,665,187,478
109000215,210,72,138
109000216,524,480,44
109000217,249,199,50
109000218,330,349,-19
109000221,256,662,-406
109000222,996,283,713
109000223,636,486,150
109000224,128,31,97
109000225,282,24,258
109000226,123,109,14
109000227,2625,528,2097
109000228,5,2139,-2134
109000231,1,106,-105
109000232,884,117,767
109000236,474,472,2
109000241,2297,1181,1116
109000242,1583,778,805
109000293,24,106,-82
109000361,107,185,-78
109000364,142,327,-185
109000396,1,273,-272
109000397,1162,30,1132
109000399,145,264,-119
109000400,140,164,-24
109000403,72,1747,-1675
109000406,367,0,367
109000407,491,173,318
109000408,1,396,-395
109000410,1211,272,939
109000411,359,23,336
109900001,236,16,220
109900002,1406,24,1382
109900003,454,0,454
109900004,370,101,269
109900005,113,61,52
109900006,728,312,416
109900007,1937,158,1779
109900008,0,22,-22
109900009,203,272,-69
109900010,1125,28,1097
109900011,91,86,5
109900012,475,208,267
109900013,538,148,390
109900014,551,87,464
109900015,319,118,201
109900016,175,18,157
109900017,292,331,-39
109900018,316,33,283
109900019,437,35,402
109900020,83,36,47
109900021,75,19,56
109900022,90,263,-173
109900023,66,2,64
109900024,38,5,33
109900025,16,17,-1
109900026,6,184,-178
109900027,49,27,22
109900028,445,2285,-1840
109900029,10,127,-117
109900030,68,6,62
109900031,0,681,-681
109900032,21,242,-221
109900033,3,375,-372
109900034,79,1,78
109900035,46,30,16
109900036,27,49,-22
109900037,14,366,-352
109900038,172,247,-75
109900039,5,1,4
109900040,62,340,-278
109900041,80,235,-155
109900042,48,2182,-2134
109900044,141,127,14
109900045,150,53,97
109900046,53,52,1
109900047,178,236,-58
109900048,0,57,-57
109900049,18,20,-2
109900050,2,81,-79
109900051,0,7,-7
109900052,94,141,-47
109900053,0,116,-116
109900054,1550,265,1285
109900055,142,180,-38
109900056,20,456,-436
109900057,1,80,-79
109900058,0,70,-70
109900059,1961,145,1816
109900060,1138,76,1062
109900061,88,159,-71
109900062,0,66,-66
109900063,15,510,-495
109900064,951,199,752
109900065,121,88,33
109900066,244,392,-148
109900067,0,70,-70
109900068,136,8,128
109900069,1,27,-26
109900070,44,149,-105
109900071,7,13,-6
109900072,24,90,-66
109900073,853,151,702
109900074,29,11,18
109900075,42,33,9
109900076,7,77,-70
109900077,47,15,32
109900078,117,207,-90
109900080,95,148,-53
109900081,18,264,-246
109900082,91,157,-66
109900083,8,78,-70
109900084,88,82,6
109900085,177,318,-141
109900086,187,1042,-855
109900087,123,560,-437
109900089,1163,234,929
109900090,324,715,-391
109900091,779,78,701
109900092,405,39,366
109900093,1782,185,1597
109900094,115,67,48
109900095,46,230,-184
109900096,207,10,197
109900097,251,10,241
109900098,988,31,957
109900099,611,2,609
109900100,59,0,59
109900101,1148,6,1142
109900102,752,17,735
109900103,51,62,-11
109900104,1534,170,1364
109900105,857,29,828
109900106,529,58,471
109900107,1569,78,1491
109900108,365,434,-69
109900109,51,711,-660
109900110,91,193,-102
109900111,151,348,-197
109900112,170,271,-101
109900113,1207,820,387
109900114,951,1698,-747
109900115,252,95,157
109900117,1991,117,1874
109900118,205,255,-50
109900119,263,374,-111
109900120,95,32,63
109900121,350,461,-111
109900122,982,4,978
109900123,27,73,-46
109900124,70,200,-130
109900125,0,211,-211
109900126,620,31,589
109900128,630,38,592
109900130,3320,4123,-803
109900131,27,193,-166
109900132,29,154,-125
109900133,149,171,-22
109900134,76,142,-66
109900135,252,33,219
109900136,64,89,-25
109900137,243,150,93
109900138,693,193,500
109900140,399,84,315
109900141,1075,191,884
109900142,2525,271,2254
109900145,9,808,-799
109900146,238,45,193
109900148,23,105,-82
109900149,21,48,-27
109900150,7,38,-31
109900151,16,21,-5
109900152,0,10,-10
109900153,1,43,-42
109900154,41,0,41
109900155,129,25,104
109900157,97,176,-79
109900158,51,157,-106
109900159,201,58,143
109900160,185,57,128
109900161,368,102,266
109900162,373,192,181
109900163,332,309,23
109900164,96,308,-212
109900165,606,5,601
109900166,3,73,-70
109900167,237,222,15
109900168,328,408,-80
109900169,323,164,159
109900170,283,2185,-1902
109900171,410,79,331
109900172,411,378,33
109900173,1240,3787,-2547
109900174,86,124,-38
109900175,175,110,65
109900176,231,86,145
109900177,90,128,-38
109900178,3,315,-312
109900179,8,34,-26
109900180,7,21,-14
110000001,721,540,181
110000002,711,916,-205
110000003,820,790,30
110000004,519,811,-292
110000005,368,2453,-2085
110000006,270,310,-40
110000007,282,127,155
110000008,27,140,-113
110000009,65,36,29
110000010,57,103,-46
110000011,74,37,37
110000012,897,224,673
110000013,96,1064,-968
110000014,594,448,146
110000015,280,795,-515
110000016,364,2135,-1771
110000017,5091,377,4714
110000018,3049,347,2702
110000019,16,131,-115
110000020,832,227,605
110000021,240,723,-483
110000022,1625,137,1488
110000023,9,175,-166
110000024,613,809,-196
110000025,827,2,825
110000026,4,191,-187
110000027,735,1764,-1029
110000028,1273,640,633
110000029,643,645,-2
110000030,467,507,-40
110000031,457,338,119
110000032,1164,343,821
110000033,245,300,-55
110000034,847,580,267
110000035,945,467,478
110000036,1642,699,943
110000037,311,629,-318
110000038,414,935,-521
110000039,1141,7292,-6151
110000040,369,262,107
110000041,506,2531,-2025
110000042,114,870,-756
110000043,968,513,455
110000044,35,1786,-1751
110000045,352,403,-51
110000046,1,104,-103
110000047,28,275,-247
110000048,22,50,-28
110000049,13,31,-18
110000050,6,142,-136
110000051,38,10,28
110000052,35,64,-29
110000053,34,10,24
110000054,198,3076,-2878
110000055,297,318,-21
110000056,72,266,-194
110000057,439,677,-238
110000058,1403,613,790
110000059,1180,542,638
110000060,1585,1139,446
110000061,674,783,-109
110000062,844,900,-56
110000063,95,289,-194
110000064,148,64,84
110000065,169,152,17
110000066,163,31,132
110000067,129,197,-68
110000068,469,98,371
110000069,778,52,726
110000071,586,55,531
110000073,58,23,35
110000075,30,91,-61
110000076,465,526,-61
110000077,294,1280,-986
110000078,111,41,70
110000080,218,492,-274
110000081,29,224,-195
110000082,24,330,-306
110000083,269,383,-114
110000084,1791,1297,494
110000085,797,1240,-443
110000086,1201,3370,-2169
110000087,15,56,-41
110000088,158,198,-40
110000089,516,49,467
110000090,98,161,-63
110000091,910,171,739
110000092,38,30,8
110000093,103,26,77
110000094,446,224,222
110000095,204,854,-650
110000096,1194,2577,-1383
110000097,1161,2383,-1222
110000098,2377,901,1476
110000099,1055,1652,-597
110000100,2098,152,1946
110000101,70,105,-35
110000102,132,40,92
110000104,587,224,363
110000105,56,193,-137
110000106,730,656,74
110000107,143,427,-284
110000108,272,132,140
110000109,176,307,-131
110000110,2167,4805,-2638
110000111,3590,3936,-346
110000112,257,1414,-1157
110000113,90,3260,-3170
110000114,399,872,-473
110000115,571,395,176
110000116,164,91,73
110000117,480,253,227
110000118,1074,191,883
110000119,559,267,292
110000120,668,218,450
110000121,86,390,-304
110000122,315,328,-13
110000123,836,737,99
110000124,3,546,-543
110000125,1425,16,1409
110000126,393,29,364
110000127,2125,78,2047
110000128,51,744,-693
110000129,5,294,-289
110000130,351,368,-17
110000131,75,310,-235
110000132,1,385,-384
110000133,64,522,-458
110000134,38,431,-393
110000135,274,39,235
110000136,144,275,-131
110000137,1039,392,647
110000138,1412,497,915
110000139,1868,477,1391
110000140,1164,1158,6
110000143,622,350,272
110000144,2779,3322,-543
110000145,1981,2546,-565
110000146,1847,2165,-318
110000147,638,1109,-471
110000148,993,260,733
110000151,791,2077,-1286
110000152,660,625,35
110000153,445,21,424
110000154,89,39,50
110000155,1166,3897,-2731
110000156,937,2637,-1700
110000157,1659,3578,-1919
110000160,466,343,123
110000161,266,165,101
110000166,1213,78,1135
110000167,1627,761,866
110000168,1417,660,757
110000169,1262,356,906
110000170,272,60,212
110000171,858,67,791
110000172,268,561,-293
110000173,608,667,-59
110000174,195,568,-373
110000175,1634,78,1556
110000176,70,782,-712
110000177,298,1595,-1297
110000178,585,2832,-2247
110000179,1675,312,1363
110000180,342,246,96
110000181,1211,497,714
110000182,392,126,266
110000183,8230,11696,-3466
110000184,336,3996,-3660
110000185,775,1194,-419
110000186,811,897,-86
110000191,1943,180,1763
110000192,1080,88,992
110000193,1789,19,1770
110000194,8,475,-467
110000195,956,82,874
110000196,849,118,731
110000197,220,55,165
110000198,91,33,58
110000199,153,139,14
110000200,602,336,266
110000201,1304,1575,-271
110000202,1625,746,879
110000203,341,415,-74
110000204,4,174,-170
110000205,322,73,249
110000206,405,556,-151
110000207,1991,532,1459
110000208,305,636,-331
110000209,73,3916,-3843
110000210,2117,494,1623
110000211,936,2438,-1502
110000212,679,1513,-834
110000213,514,83,431
110000214,667,66,601
110000215,258,138,120
110000216,144,124,20
110000217,767,128,639
110000218,233,139,94
110000219,849,64,785
110000220,86,113,-27
110000221,883,21,862
110000222,107,271,-164
110000223,3,250,-247
110000224,4,3,1
110000225,290,957,-667
110000226,426,68,358
110000227,1153,1737,-584
110000228,415,118,297
110000229,0,79,-79
110000230,510,2362,-1852
110000231,224,295,-71
110000232,249,236,13
110000233,165,393,-228
110000234,547,2110,-1563
110000235,1363,1236,127
110000236,1016,772,244
110000237,2810,4167,-1357
110000238,1299,1684,-385
110000239,2739,955,1784
110000240,0,27,-27
110000242,0,33,-33
110000243,279,47,232
110000244,119,2059,-1940
110000245,19,608,-589
110000246,1230,385,845
110000247,1138,3895,-2757
110000248,1524,1567,-43
110000249,135,7,128
110000250,37,167,-130
110000251,660,294,366
110000252,668,202,466
110000253,2135,495,1640
110000254,810,614,196
110000255,208,630,-422
110000256,650,293,357
110000257,559,296,263
110000258,5,309,-304
110000259,360,8,352
110000260,47,117,-70
110000263,680,66,614
110000264,676,376,300
110000265,1640,2372,-732
110000266,1405,3194,-1789
110000267,38,182,-144
110000268,378,271,107
110000269,5,93,-88
110000270,206,32,174
110000271,1614,334,1280
110000272,1564,1325,239
110000273,1844,1671,173
110000274,356,3423,-3067
110000275,1684,833,851
110000276,407,788,-381
110000277,467,284,183
110000278,589,563,26
110000279,1175,812,363
110000280,1030,685,345
110000281,75,350,-275
110000282,217,30,187
110000283,24,101,-77
110000284,13,24,-11
110000285,2,755,-753
110000286,3,0,3
110000287,190,4,186
110000288,8,88,-80
110000289,560,4100,-3540
110000290,512,826,-314
110000291,3678,953,2725
110000292,1243,9015,-7772
110000293,1015,407,608
110000294,1979,1525,454
110000295,295,709,-414
110000296,967,306,661
110000297,3370,241,3129
110000298,180,384,-204
110000299,109,104,5
110000301,571,38,533
110000302,438,689,-251
110000303,739,10,729
110000304,206,147,59
110000305,2424,24,2400
110000306,466,789,-323
110000307,3031,23,3008
110000308,910,14,896
110000309,2,579,-577
110000310,1346,33,1313
110000311,15,615,-600
110000312,799,111,688
110000313,2302,2350,-48
110000314,0,166,-166
110000315,2252,2826,-574
110000316,589,1202,-613
110000317,216,2237,-2021
110000318,2,38,-36
110000319,9,31,-22
110000320,50,46,4
110000321,22,36,-14
110000322,371,367,4
110000323,885,183,702
110000324,2846,1583,1263
110000325,2120,5676,-3556
110000327,438,401,37
110000328,173,475,-302
110000333,1457,1426,31
110000334,610,1369,-759
110000335,995,563,432
110000336,763,919,-156
110000337,2749,840,1909
110000338,781,221,560
110000339,678,177,501
110000340,67,137,-70
110000341,809,408,401
110000342,163,7,156
110000343,0,5,-5
110000344,126,295,-169
110000345,185,416,-231
110000346,2154,2092,62
110000347,1903,845,1058
110000348,20,16,4
110000349,11,20,-9
110000350,178,6,172
110000351,1975,661,1314
110000352,1043,2092,-1049
110000353,6509,454,6055
110000354,1309,4919,-3610
110000355,252,56,196
110000356,943,10,933
110000357,833,20,813
110000361,64,22,42
110000362,133,24,109
110000363,1146,53,1093
110000364,379,395,-16
110000365,178,4,174
110000366,2,132,-130
110000367,773,256,517
110000368,3,58,-55
110000369,100,0,100
110000373,1,186,-185
110000374,98,36,62
110000375,115,1266,-1151
110000376,42,341,-299
110000377,116,560,-444
110000378,19,632,-613
110000379,4214,2951,1263
110000380,75,4,71
110000383,5,1445,-1440
110000384,670,679,-9
110000385,2,367,-365
110000387,165,6,159
110000388,70,159,-89
110000389,1420,19,1401
110000391,1287,111,1176
110000396,389,48,341
110000397,245,41,204
110000398,4,22,-18
110000399,273,1,272
110000587,210,131,79
110000589,315,119,196
110000640,279,28,251
110000652,8,998,-990
110000653,427,393,34
110000654,12,839,-827
110000656,1,194,-193
110000674,89,62,27
110000675,33,74,-41
110000676,8,73,-65
110000679,69,1377,-1308
110000682,103,249,-146
110000683,328,440,-112
110000684,3,107,-104
110000685,11,13,-2
110000686,2,111,-109
110000687,31,24,7
110000688,69,1875,-1806
110000689,35,11,24
110000692,27,349,-322
110000693,29,552,-523
110000694,0,112,-112
110000695,121,789,-668
110000696,86,73,13
110900001,463,22,441
110900002,434,497,-63
110900003,1393,222,1171
110900004,975,89,886
110900005,1445,5573,-4128
110900006,83,38,45
110900007,285,62,223
110900008,7,21,-14
110900009,557,267,290
110900010,7,36,-29
110900011,50,73,-23
110900012,20,48,-28
110900013,1637,141,1496
110900014,302,25,277
110900015,306,1028,-722
110900016,64,54,10
110900017,778,38,740
110900018,673,60,613
110900019,401,42,359
110900020,256,97,159
110900021,145,278,-133
110900022,92,142,-50
110900023,82,876,-794
110900024,16,179,-163
110900025,9,45,-36
110900027,70,173,-103
110900028,56,106,-50
110900029,5,89,-84
110900030,60,90,-30
110900031,11,110,-99
110900032,1,53,-52
110900033,32,157,-125
110900035,24,681,-657
110900036,118,12,106
110900037,210,17,193
110900038,1416,191,1225
110900039,3,410,-407
110900040,446,44,402
110900041,16,78,-62
110900042,210,72,138
110900043,1,57,-56
110900044,291,25,266
110900045,72,184,-112
110900046,28,80,-52
110900047,517,603,-86
110900049,189,145,44
110900050,38,2,36
110900051,28,90,-62
110900052,18,89,-71
110900053,229,17,212
110900054,74,97,-23
110900055,24,5,19
110900056,31,89,-58
110900057,20,51,-31
110900058,470,114,356
110900059,574,152,422
110900060,525,226,299
110900061,4,42,-38
110900062,303,67,236
110900063,74,78,-4
110900064,17,0,17
110900065,76,165,-89
110900066,8,39,-31
110900067,148,801,-653
110900068,364,135,229
110900069,9,10,-1
110900070,205,45,160
110900071,168,1350,-1182
110900073,0,41,-41
110900074,780,110,670
110900075,676,64,612
110900077,1883,526,1357
110900078,175,20,155
110900079,875,1868,-993
110900080,202,65,137
110900081,10,16,-6
110900082,239,54,185
110900083,203,60,143
110900084,133,20,113
110900085,137,210,-73
110900086,124,420,-296
110900087,536,70,466
110900088,6,2,4
110900090,71,91,-20
110900091,10,29,-19
110900093,272,196,76
110900095,154,54,100
110900097,28,12,16
110900098,29,88,-59
110900099,79,402,-323
110900100,0,10,-10
110900102,116,13,103
110900105,2956,170,2786
110900108,23,16,7
110900111,669,115,554
110900112,898,9,889
110900113,304,92,212
110900115,14,71,-57
110900116,1601,827,774
110900118,92,5286,-5194
110900119,1136,165,971
110900120,102,39,63
110900121,197,2,195
110900122,929,301,628
110900125,559,711,-152
110900127,484,1831,-1347
110900128,152,362,-210
110900129,233,1216,-983
110900130,276,736,-460
110900131,501,51,450
110900132,764,140,624
110900133,60,129,-69
110900135,69,157,-88
110900136,595,21,574
110900137,11,3,8
110900138,539,1645,-1106
110900139,4,852,-848
110900140,17,2,15
110900141,5,588,-583
110900142,98,151,-53
110900143,321,83,238
110900144,0,221,-221
110900145,251,147,104
110900146,153,421,-268
110900147,71,1553,-1482
110900148,2,142,-140
110900149,12,50,-38
110900150,30,24,6
110900151,12,173,-161
110900152,33,92,-59
110900153,294,87,207
111000001,1030,583,447
111000002,319,388,-69
111000003,2420,1316,1104
111000004,879,913,-34
111000005,2308,2113,195
111000006,1247,2316,-1069
111000007,7873,5618,2255
111000008,3260,3793,-533
111000009,352,800,-448
111000010,1634,390,1244
111000011,90,594,-504
111000012,159,354,-195
111000013,379,649,-270
111000014,1729,665,1064
111000017,98,981,-883
111000018,116,369,-253
111000020,611,1441,-830
111000021,110,119,-9
111000023,177,67,110
111000025,4410,4828,-418
111000029,59,138,-79
111000030,34,110,-76
111000031,2870,1106,1764
111000032,981,380,601
111000033,602,172,430
111000034,43,268,-225
111000037,1268,490,778
111000038,2675,2226,449
111000039,1814,2206,-392
111000040,1852,1550,302
111000041,566,617,-51
111000042,2209,2257,-48
111000043,2688,6875,-4187
111000044,2559,1210,1349
111000045,4064,3209,855
111000046,3035,2407,628
111000047,4118,7661,-3543
111000049,474,431,43
111000050,1047,779,268
111000051,676,697,-21
111000052,571,1132,-561
111000053,357,707,-350
111000054,354,622,-268
111000055,1758,1398,360
111000056,256,336,-80
111000057,175,375,-200
111000058,905,80,825
111000059,1101,293,808
111000060,6426,1022,5404
111000061,1116,320,796
111000062,1530,506,1024
111000063,1878,1247,631
111000064,1490,615,875
111000065,1867,1015,852
111000066,1057,538,519
111000067,1172,374,798
111000068,824,579,245
111000069,1855,1800,55
111000070,569,506,63
111000071,365,340,25
111000072,1848,791,1057
111000073,349,1573,-1224
111000074,2458,2034,424
111000075,858,644,214
111000076,865,1711,-846
111000077,1627,1255,372
111000078,2259,1016,1243
111000079,1152,697,455
111000080,932,613,319
111000081,1903,5794,-3891
111000082,1156,506,650
111000084,1271,642,629
111000085,1251,1084,167
111000086,4113,959,3154
111000087,959,423,536
111000088,12463,4163,8300
111000089,972,616,356
111000090,730,1200,-470
111000091,981,354,627
111000092,2475,806,1669
111000093,1233,1268,-35
111000094,2459,1344,1115
111000095,1063,3419,-2356
111000096,911,10116,-9205
111000097,3010,1161,1849
111000098,428,765,-337
111000099,548,1025,-477
111000100,556,782,-226
111000101,457,701,-244
111000102,499,724,-225
111000104,1296,222,1074
111000107,117,754,-637
111000109,1265,336,929
111000110,2190,655,1535
111000111,5113,496,4617
111000112,3566,550,3016
111000113,1138,2696,-1558
111000114,1763,5620,-3857
111000115,3623,1240,2383
111000116,1208,901,307
111000117,350,809,-459
111000118,1012,647,365
111000119,1962,746,1216
111000120,900,688,212
111000121,470,704,-234
111000122,627,822,-195
111000123,1485,1630,-145
111000124,485,1658,-1173
111000125,422,643,-221
111000126,165,494,-329
111000127,2064,104,1960
111000128,4292,381,3911
111000129,4885,610,4275
111000130,4152,560,3592
111000131,4334,595,3739
111000132,3586,1846,1740
111000133,387,91,296
111000134,221,65,156
111000135,100,142,-42
111000136,528,354,174
111000138,39,6,33
111000140,1,1,0
111000141,202,424,-222
111000142,19,307,-288
111000143,5,499,-494
111000144,46,2219,-2173
111000145,137,26,111
111000146,134,38,96
111000147,166,32,134
111000148,275,99,176
111000149,5,16,-11
111000150,49,19,30
111000151,0,11,-11
111000153,601,601,0
111000154,491,287,204
111000155,232,153,79
111000156,1047,553,494
111000157,310,1050,-740
111000158,1432,1363,69
111000159,6985,1479,5506
111000160,787,642,145
111000161,13,786,-773
111000162,6,142,-136
111000163,1178,1003,175
111000164,474,3397,-2923
111000165,628,261,367
111000166,643,181,462
111000167,152,292,-140
111000168,279,340,-61
111000169,431,352,79
111000170,342,320,22
111000171,630,651,-21
111000172,309,358,-49
111000173,312,580,-268
111000174,479,183,296
111000175,82,1189,-1107
111000176,569,47,522
111000177,1050,101,949
111000178,2292,178,2114
111000179,657,127,530
111000180,360,505,-145
111000181,3089,153,2936
111000182,305,155,150
111000183,287,270,17
111000184,410,203,207
111000185,661,285,376
111000186,363,227,136
111000187,254,117,137
111000188,595,280,315
111000189,412,430,-18
111000190,232,213,19
111000191,214,164,50
111000192,164,211,-47
111000193,281,146,135
111000194,93,215,-122
111000195,118,219,-101
111000196,81,110,-29
111000197,864,93,771
111000198,883,71,812
111000199,507,193,314
111000200,1003,307,696
111000201,1204,133,1071
111000202,706,164,542
111000203,574,327,247
111000204,534,1596,-1062
111000213,383,511,-128
111000214,1675,868,807
111000215,1213,905,308
111000217,2163,794,1369
111000218,1847,1075,772
111000219,234,200,34
111000220,833,991,-158
111000221,327,176,151
111000224,0,151,-151
111000225,386,121,265
111000226,125,4,121
111000227,17,7,10
111000228,12,932,-920
111000229,55,1778,-1723
111000230,389,151,238
111000231,1511,257,1254
111000232,1313,466,847
111000233,1954,579,1375
111000234,264,950,-686
111000239,75,58,17
111000240,138,396,-258
111000241,59,161,-102
111000242,485,43,442
111000243,241,230,11
111000244,1137,114,1023
111000245,1342,208,1134
111000246,945,178,767
111000247,961,344,617
111000248,1076,416,660
111000249,859,220,639
111000250,80,57,23
111000251,175,72,103
111000253,66,30,36
111000255,81,20,61
111000257,109,17,92
111000260,69,674,-605
111000261,2186,77,2109
111000271,49,292,-243
111000273,4001,1332,2669
111000274,1961,3507,-1546
111000275,241,24,217
111000276,402,897,-495
111000277,266,276,-10
111000278,587,215,372
111000291,1517,15183,-13666
111000298,767,209,558
111000299,1000,273,727
111000300,91,475,-384
111000302,551,90,461
111000303,123,128,-5
111000312,39,60,-21
111000315,0,38,-38
111000320,161,307,-146
111000321,670,281,389
111000322,556,162,394
111000323,488,42,446
111000324,483,171,312
111000325,120,93,27
111000326,320,182,138
111000327,504,338,166
111000328,452,583,-131
111000329,0,25,-25
111000330,72,4,68
111000331,7,6,1
111000332,700,1171,-471
111000334,284,711,-427
111000335,1807,227,1580
111000337,2596,154,2442
111000338,98,92,6
111000339,1339,147,1192
111000340,139,208,-69
111000341,2361,1031,1330
111000342,74,818,-744
111000344,1652,575,1077
111000345,163,81,82
111000346,25,303,-278
111000347,304,15,289
111000350,200,62,138
111000351,174,191,-17
111000352,309,177,132
111000353,203,171,32
111000354,736,299,437
111000355,407,837,-430
111000358,200,413,-213
111000360,308,181,127
111000361,221,67,154
111000546,1167,359,808
111000547,642,245,397
111000548,337,348,-11
111000549,409,208,201
111000550,41,1143,-1102
111000551,433,160,273
111000552,567,224,343
111000907,341,94,247
111000908,73,1,72
111000916,3111,169,2942
111000917,29,387,-358
111000918,332,230,102
111000920,939,13,926
111000921,14,85,-71
111000922,1138,178,960
111000924,52,309,-257
111000925,4819,2531,2288
111000926,1185,903,282
111000927,3549,5997,-2448
111000928,3114,1690,1424
111000929,2831,1826,1005
111000930,961,1441,-480
111000931,3123,3235,-112
111000932,2706,1328,1378
111000933,4230,4794,-564
111000934,1582,2263,-681
111000935,3445,1393,2052
111000936,1368,1381,-13
111000937,1525,1941,-416
111000938,1378,733,645
111000939,1184,37,1147
111000940,1046,50,996
111000941,586,179,407
111000943,1069,320,749
111000944,180,137,43
111000945,163,735,-572
111001109,766,1184,-418
111001110,254,332,-78
111001111,176,11,165
111001112,47,4,43
111001113,0,159,-159
111001114,722,180,542
111001115,37,1893,-1856
111001116,2052,7504,-5452
111001117,295,3179,-2884
111001120,177,345,-168
111001121,107,146,-39
111001122,38,92,-54
111001123,36,13,23
111900001,39,77,-38
111900002,87,182,-95
111900003,17,126,-109
111900004,20,37,-17
111900006,49,42,7
111900007,335,12,323
111900008,454,10,444
111900009,388,41,347
111900010,127,291,-164
111900012,42,58,-16
111900013,6,31,-25
111900014,2287,9102,-6815
111900015,0,42,-42
111900016,0,15,-15
111900017,0,35,-35
111900018,331,14,317
111900019,1,170,-169
111900020,4,46,-42
111900021,11,104,-93
111900022,1,19,-18
111900023,48,34,14
111900024,0,37,-37
111900025,0,38,-38
111900026,0,23,-23
111900027,4,44,-40
111900028,0,103,-103
111900029,3,53,-50
111900030,13,321,-308
111900031,16,39,-23
111900032,0,120,-120
111900033,7,69,-62
111900034,83,292,-209
111900035,104,150,-46
111900036,1,88,-87
111900038,103,359,-256
111900039,42,196,-154
111900040,1,155,-154
111900042,24,131,-107
111900043,0,140,-140
111900044,64,178,-114
111900046,10,81,-71
111900048,658,227,431
111900049,26,153,-127
111900050,163,59,104
111900051,1,120,-119
111900052,120,284,-164
111900053,493,3582,-3089
111900054,323,12,311
111900055,10,222,-212
111900056,139,579,-440
111900057,274,21,253
111900058,1087,189,898
111900059,1755,1211,544
111900060,559,7,552
111900061,3,120,-117
111900062,42,124,-82
111900063,532,277,255
111900064,41,93,-52
111900065,221,26,195
111900066,331,168,163
111900067,1,198,-197
111900068,60,121,-61
111900069,146,22,124
111900070,386,112,274
111900071,0,102,-102
111900072,69,63,6
111900073,2085,291,1794
111900074,3,108,-105
111900075,221,26,195
111900076,518,135,383
111900077,112,10,102
111900078,704,79,625
111900079,149,98,51
111900080,117,216,-99
111900081,461,307,154
111900082,459,100,359
111900083,329,79,250
111900084,360,5,355
111900085,49,132,-83
111900086,136,35,101
111900087,200,12,188
111900088,1132,38,1094
111900089,243,10,233
111900090,108,104,4
111900091,881,33,848
111900092,272,2,270
111900093,950,6,944
111900094,316,3,313
111900095,727,62,665
111900096,526,18,508
111900097,109,0,109
111900098,587,3,584
111900099,214,0,214
111900100,226,4,222
111900101,158,29,129
111900102,1230,302,928
111900103,91,151,-60
111900104,187,96,91
111900105,337,583,-246
111900106,445,20,425
111900107,22,123,-101
111900108,120,376,-256
111900109,182,839,-657
111900110,1306,306,1000
111900111,359,49,310
111900112,404,7272,-6868
111900113,272,89,183
111900114,113,66,47
111900115,3,16,-13
111900118,393,153,240
111900119,467,223,244
111900122,73,144,-71
111900123,10,34,-24
111900124,56,28,28
111900125,1049,117,932
111900126,589,5,584
111900127,0,192,-192
111900128,3,154,-151
111900129,488,3,485
111900130,340,118,222
111900131,1048,7,1041
111900132,20,341,-321
111900133,10,128,-118
111900134,2,100,-98
111900135,10,92,-82
111900136,80,205,-125
111900137,41,52,-11
111900138,37,50,-13
111900139,26,51,-25
111900140,173,45,128
111900141,173,25,148
111900142,78,31,47
111900143,64,57,7
111900144,0,23,-23
111900145,0,107,-107
111900146,0,68,-68
111900147,21,265,-244
111900148,10,358,-348
111900149,22,125,-103
111900150,38,77,-39
111900151,1,44,-43
111900152,71,142,-71
111900153,422,1339,-917
111900154,51,968,-917
111900155,122,187,-65
111900156,130,105,25
111900157,527,29,498
111900158,1160,163,997
111900159,597,97,500
111900160,629,5,624
111900161,720,1,719
111900162,141,379,-238
111900163,30,146,-116
111900164,87,61,26
111901113,1014,40,974
111901114,372,164,208
111901115,312,9,303
111901116,101,2,99
111901117,25,85,-60
111901118,22,741,-719
111901119,217,67,150
111901120,28,85,-57
111901121,35,66,-31
111901122,28,103,-75
111901123,606,69,537
111901124,578,9,569
111901125,896,305,591
111901126,274,198,76
111901127,241,1673,-1432
111901128,31,85,-54
111901129,3,91,-88
111901130,15,56,-41
111901131,1,140,-139
111901132,146,49,97
111901133,113,6,107
111901134,241,9,232
111901135,71,34,37
111901136,64,95,-31
111901137,1,78,-77
111901138,29,31,-2
111901139,9,20,-11
111901140,8,44,-36
111901141,4,65,-61
111901142,2,23,-21
111901143,2,112,-110
111901144,32,53,-21
112000001,3577,981,2596
112000002,982,2026,-1044
112000003,4162,1393,2769
112000004,1075,378,697
112000005,5879,5399,480
112000006,1100,842,258
112000007,7975,4950,3025
112000008,4837,6249,-1412
112000009,3430,1670,1760
112000010,5784,7897,-2113
112000011,1713,1274,439
112000012,6441,9973,-3532
112000013,2133,6227,-4094
112000014,1466,5841,-4375
112000015,1893,4851,-2958
112000016,3926,6898,-2972
112000017,741,8991,-8250
112000024,2377,535,1842
112000026,2428,2068,360
112000027,1001,934,67
112000028,1040,1110,-70
112000029,1319,1400,-81
112000030,199,39,160
112000031,2195,6944,-4749
112000032,175,33,142
112000033,1643,5903,-4260
112000034,118,38,80
112000035,64,1557,-1493
112000036,362,2475,-2113
112000037,993,2869,-1876
112000038,1590,4123,-2533
112000039,163,58,105
112000040,60,183,-123
112000041,341,466,-125
112000042,1037,366,671
112000050,1895,1455,440
112000051,1671,3265,-1594
112000054,1705,1603,102
112000057,1533,472,1061
112000058,409,609,-200
112000059,656,878,-222
112000061,4839,1165,3674
112000062,801,2516,-1715
112000063,273,4208,-3935
112000064,3619,4145,-526
112000065,1276,2289,-1013
112000066,4308,2049,2259
112000067,590,557,33
112000068,4294,3875,419
112000069,689,2054,-1365
112000070,2676,1140,1536
112000071,1399,2023,-624
112000072,3713,1184,2529
112000073,1658,2371,-713
112000074,1501,1303,198
112000075,1525,1779,-254
112000076,3699,2696,1003
112000077,1572,504,1068
112000078,3499,892,2607
112000079,3053,1435,1618
112000080,1461,1055,406
112000081,1309,2004,-695
112000082,1733,765,968
112000083,1015,1174,-159
112000084,1884,615,1269
112000085,2044,1525,519
112000086,2548,1461,1087
112000087,926,335,591
112000088,1357,348,1009
112000089,510,573,-63
112000090,966,707,259
112000091,686,551,135
112000092,3690,1032,2658
112000093,1765,554,1211
112000094,1163,798,365
112000095,1119,496,623
112000096,1069,571,498
112000097,2824,1013,1811
112000098,684,377,307
112000099,1040,2667,-1627
112000100,3274,698,2576
112000101,836,362,474
112000102,2693,452,2241
112000103,532,424,108
112000105,517,571,-54
112000106,3277,414,2863
112000107,46,229,-183
112000108,552,1638,-1086
112000109,114,76,38
112000110,2618,682,1936
112000111,845,8907,-8062
112000112,3784,1043,2741
112000113,1293,3875,-2582
112000114,3682,1410,2272
112000115,510,421,89
112000116,801,825,-24
112000117,1363,604,759
112000118,1066,733,333
112000119,480,604,-124
112000120,76,239,-163
112000121,185,293,-108
112000122,550,129,421
112000123,1236,90,1146
112000124,902,85,817
112000125,405,424,-19
112000126,618,250,368
112000127,2655,4157,-1502
112000128,732,1008,-276
112000129,159,83,76
112000130,435,153,282
112000131,78,139,-61
112000132,301,222,79
112000133,549,122,427
112000134,839,392,447
112000135,1534,1094,440
112000136,998,5477,-4479
112000137,2201,13741,-11540
112000138,1217,6072,-4855
112000139,908,985,-77
112000140,317,1009,-692
112000141,1916,692,1224
112000142,197,412,-215
112000143,1975,247,1728
112000144,289,688,-399
112000145,4275,570,3705
112000146,683,1097,-414
112000147,3736,1992,1744
112000148,1110,1889,-779
112000149,837,566,271
112000150,454,266,188
112000151,431,150,281
112000152,1153,376,777
112000153,134,191,-57
112000154,425,464,-39
112000155,143,152,-9
112000157,587,1344,-757
112000158,424,232,192
112000159,1424,252,1172
112000167,779,292,487
112000169,240,719,-479
112000173,2062,355,1707
112000175,746,485,261
112000176,1141,1658,-517
112000177,1562,577,985
112000178,108,282,-174
112000179,573,121,452
112000180,431,218,213
112000181,1424,1122,302
112000182,2849,529,2320
112000183,52,18,34
112000184,792,197,595
112000185,1548,269,1279
112000187,8155,5287,2868
112000195,267,13,254
112000196,241,1,240
112000197,122,260,-138
112000198,44,418,-374
112000199,79,644,-565
112000202,925,3,922
112000216,78,190,-112
112000230,213,6,207
112000231,3,77,-74
112000256,129,443,-314
112000313,44,64,-20
112000314,108,77,31
112000337,247,679,-432
112000352,182,413,-231
112000392,3016,1136,1880
112000398,2495,779,1716
112000399,1568,7914,-6346
112000400,2689,1228,1461
112000401,1665,1200,465
112000402,6000,7589,-1589
112000403,1800,7790,-5990
112000404,2137,1863,274
112000405,4260,4172,88
112000406,2508,1087,1421
112000407,13206,11085,2121
112000408,8250,2999,5251
112000409,1641,2050,-409
112000410,589,519,70
112000411,3199,2228,971
112000412,729,509,220
112000413,4355,11439,-7084
112000414,209,32,177
112000415,168,55,113
112000416,5242,1554,3688
112000417,448,141,307
112000421,102,102,0
112000422,452,146,306
112000424,1240,4872,-3632
112000425,564,305,259
112000426,280,329,-49
112000427,0,14,-14
112000428,503,124,379
112000429,2852,2440,412
112000430,3300,4608,-1308
112000431,215,185,30
112000432,680,445,235
112000433,466,640,-174
112000437,113,126,-13
112900001,92,2,90
112900002,1109,361,748
112900003,123,111,12
112900004,126,103,23
112900005,444,39,405
112900006,52,133,-81
112900007,68,88,-20
112900008,0,127,-127
112900009,868,249,619
112900010,954,286,668
112900011,65,193,-128
112900012,13,20,-7
112900013,5,270,-265
112900014,11,123,-112
112900015,153,619,-466
112900016,9,80,-71
112900017,48,103,-55
112900018,1,78,-77
112900019,20,221,-201
112900020,275,883,-608
112900021,5,85,-80
112900022,20,38,-18
112900023,2,45,-43
112900024,21,118,-97
112900025,59,156,-97
112900026,9,37,-28
112900027,13,243,-230
112900028,14,96,-82
112900029,13,78,-65
112900030,62,51,11
112900031,4,169,-165
112900032,356,201,155
112900034,1,20,-19
112900035,0,100,-100
112900036,23,144,-121
112900037,351,260,91
112900038,1167,155,1012
112900039,6,149,-143
112900040,15,1268,-1253
112900041,580,1553,-973
112900042,215,276,-61
112900043,56,92,-36
112900044,283,368,-85
112900045,139,168,-29
112900046,113,105,8
112900047,27,51,-24
112900049,578,71,507
112900050,25,701,-676
112900051,232,387,-155
112900052,4,272,-268
112900053,155,256,-101
112900054,251,76,175
112900055,119,94,25
112900056,547,381,166
112900057,24,178,-154
112900058,481,535,-54
112900059,198,481,-283
112900060,65,37,28
112900061,190,165,25
112900062,108,156,-48
112900063,26,23,3
112900064,42,252,-210
112900065,30,70,-40
112900066,398,437,-39
112900067,291,104,187
112900068,77,100,-23
112900069,1963,1693,270
112900071,59,7,52
112900072,538,5907,-5369
112900073,433,347,86
112900074,165,543,-378
112900075,913,2093,-1180
112900076,69,39,30
112900078,465,883,-418
112900079,453,17,436
112900080,237,16,221
112900081,96,526,-430
112900082,876,89,787
112900083,319,223,96
112900084,513,467,46
112900085,0,8,-8
112900086,158,1,157
112900087,2326,295,2031
112900088,400,8,392
112900089,1797,46,1751
112900090,256,118,138
112900091,452,23,429
112900092,101,853,-752
112900093,1904,56,1848
112900094,190,4,186
112900095,144,1,143
112900096,1090,293,797
112900097,171,256,-85
112900098,128,1,127
112900099,1676,32,1644
112900100,242,5,237
112900101,691,11,680
112900102,132,31,101
112900103,367,11,356
112900104,55,2,53
112900105,43,0,43
112900106,530,174,356
112900107,18,1,17
112900108,14,1,13
112900109,352,2,350
112900110,2756,42,2714
112900111,1312,11,1301
112900112,458,2,456
112900113,0,6,-6
112900114,578,43,535
112900115,2865,16,2849
112900116,204,25,179
112900117,107,42,65
112900118,5,118,-113
112900119,354,13,341
112900120,585,332,253
112900121,47,99,-52
112900122,5,65,-60
112900123,245,45,200
112900124,20,53,-33
112900125,22,526,-504
112900126,152,183,-31
112900127,621,153,468
112900128,80,731,-651
112900129,3,446,-443
112900130,325,203,122
112900131,42,1803,-1761
112900132,120,623,-503
112900133,27,1680,-1653
112900134,3,287,-284
112900135,123,71,52
112900136,0,7,-7
112900137,0,425,-425
112900138,10,106,-96
112900139,71,674,-603
112900140,0,33,-33
112900141,1281,47,1234
112900142,85,452,-367
112900143,7,217,-210
112900144,0,76,-76
112900145,6,366,-360
112900146,2,450,-448
112900147,0,423,-423
112900148,91,1,90
112900149,385,187,198
112900151,1,42,-41
112900152,4553,501,4052
112900153,495,4411,-3916
112900154,2,20,-18
112900155,210,17,193
112900156,917,425,492
112900157,554,11,543
112900158,158,6,152
112900159,278,267,11
112900160,42,154,-112
112900161,216,89,127
112900162,21,43,-22
112900163,49,74,-25
112900164,114,196,-82
112900165,71,52,19
112900166,33,133,-100
112900167,5,159,-154
112900168,6,6,0
112900169,12,34,-22
112900170,112,296,-184
112900172,84,18,66
112900173,182,175,7
112900174,486,91,395
112900175,136,384,-248
112900176,13,56,-43
112900177,233,80,153
112900178,757,4389,-3632
112900179,22,426,-404
112900180,3276,2510,766
112900181,1592,2,1590
112900182,96,331,-235
112900183,104,393,-289
112900184,520,707,-187
112900185,166,1083,-917
112900186,1175,1852,-677
112900187,101,820,-719
112900188,705,6705,-6000
112900189,15,6,9
112900190,5,24,-19
112900192,1029,807,222
112900193,1494,477,1017
112900194,146,13,133
112900195,1128,48,1080
112900196,361,500,-139
112900197,149,286,-137
112900199,1337,390,947
112900200,1122,113,1009
112900201,222,163,59
112900202,843,501,342
112900203,566,146,420
112900204,542,508,34
112900205,12,11,1
112900206,26,95,-69
112900207,32,0,32
112900208,78,416,-338
112900209,183,307,-124
112900210,0,8,-8
112900211,125,10,115
112900212,5,43,-38
112900213,80,5,75
112900214,8,14,-6
112900215,35,39,-4
112900216,32,26,6
112900217,12,47,-35
112900218,117,19,98
112900219,198,5,193
112900220,1,0,1
112900221,48,139,-91
112900222,1,112,-111
112900223,1595,28,1567
112900224,805,224,581
112900225,901,257,644
112900226,234,469,-235
112900227,1540,337,1203
112900228,155,60,95
112900229,618,12,606
112900230,13084,4015,9069
112900232,569,489,80
112900233,70,83,-13
112900234,96,9,87
112900235,10,12,-2
112900236,728,29,699
112900237,444,65,379
112900238,10,6,4
113000001,7606,6607,999
113000002,5876,4187,1689
113000003,2550,2378,172
113000004,2531,2575,-44
113000005,2493,1953,540
113000006,1549,1821,-272
113000007,3281,1842,1439
113000008,2394,2159,235
113000009,2079,775,1304
113000010,1853,1247,606
113000011,1724,1224,500
113000012,2425,892,1533
113000013,941,652,289
113000014,1047,1861,-814
113000015,242,322,-80
113000016,327,892,-565
113000017,122,440,-318
113000018,474,58,416
113000019,342,337,5
113000020,384,72,312
113000021,2023,1319,704
113000022,1045,3567,-2522
113000025,181,306,-125
113000026,814,1166,-352
113000027,631,2249,-1618
113000028,779,3656,-2877
113000029,1454,902,552
113000030,241,530,-289
113000031,174,232,-58
113000032,328,495,-167
113000033,353,512,-159
113000034,201,161,40
113000035,41,78,-37
113000036,32,116,-84
113000037,94,60,34
113000038,34,108,-74
113000039,58,289,-231
113000040,92,127,-35
113000042,1019,710,309
113000051,1864,2793,-929
113000052,2773,739,2034
113000053,1134,604,530
113000054,758,697,61
113000055,2645,625,2020
113000056,2328,1242,1086
113000058,629,970,-341
113000059,1336,362,974
113000060,595,553,42
113000061,517,803,-286
113000062,564,520,44
113000063,681,93,588
113000064,138,146,-8
113000065,231,470,-239
113000066,1324,129,1195
113000067,4442,1123,3319
113000068,710,571,139
113000069,782,510,272
113000070,3933,1067,2866
113000071,856,465,391
113000072,1677,491,1186
113000073,513,1721,-1208
113000074,1251,546,705
113000075,2279,984,1295
113000076,591,3735,-3144
113000077,883,1303,-420
113000078,584,2534,-1950
113000079,413,1278,-865
113000080,647,1549,-902
113000081,888,1309,-421
113000082,1122,1442,-320
113000083,813,990,-177
113000084,2349,1668,681
113000085,1191,639,552
113000086,1084,1277,-193
113000087,1073,1500,-427
113000088,2316,1811,505
113000089,950,1897,-947
113000090,217,947,-730
113000091,285,520,-235
113000094,1810,323,1487
113000095,348,1023,-675
113000096,191,1277,-1086
113000097,1739,631,1108
113000098,232,79,153
113000099,1787,690,1097
113000100,236,759,-523
113000101,195,1268,-1073
113000102,875,928,-53
113000103,3005,415,2590
113000104,980,3728,-2748
113000105,1532,778,754
113000106,514,489,25
113000107,1489,1263,226
113000108,1019,1058,-39
113000109,632,1730,-1098
113000110,5720,1005,4715
113000111,218,811,-593
113000112,481,333,148
113000113,1699,447,1252
113000114,294,2167,-1873
113000116,744,417,327
113000117,1746,192,1554
113000118,47,1018,-971
113000119,438,581,-143
113000120,103,490,-387
113000121,617,1892,-1275
113000124,370,139,231
113000125,88,1391,-1303
113000127,1858,265,1593
113000128,2063,300,1763
113000129,470,1164,-694
113000133,3396,942,2454
113000134,10,1865,-1855
113000135,5817,6622,-805
113000137,1201,4770,-3569
113000139,393,543,-150
113000140,80,158,-78
113000141,134,391,-257
113000142,341,1953,-1612
113000143,389,209,180
113000144,286,461,-175
113000145,134,144,-10
113000146,178,64,114
113000147,278,86,192
113000148,322,152,170
113000149,275,293,-18
113000150,638,430,208
113000151,41,32,9
113000152,45,297,-252
113000153,1599,376,1223
113000154,751,2365,-1614
113000155,598,979,-381
113000156,239,389,-150
113000157,402,432,-30
113000158,887,264,623
113000159,1321,546,775
113000160,767,462,305
113000161,524,249,275
113000162,1515,283,1232
113000163,223,52,171
113000164,11,69,-58
113000166,403,73,330
113000167,122,102,20
113000168,265,135,130
113000169,365,43,322
113000170,154,79,75
113000171,100,101,-1
113000172,475,68,407
113000173,156,24,132
113000174,246,124,122
113000175,796,150,646
113000176,863,95,768
113000177,234,169,65
113000178,171,133,38
113000179,501,150,351
113000180,1227,2242,-1015
113000181,1473,764,709
113000182,187,533,-346
113000183,177,694,-517
113000184,20,117,-97
113000189,287,1282,-995
113000190,211,274,-63
113000192,598,8191,-7593
113000193,2117,5498,-3381
113000194,1096,4792,-3696
113000195,1906,4596,-2690
113000196,380,92,288
113000197,2554,4006,-1452
113000198,165,312,-147
113000199,2294,623,1671
113000201,487,859,-372
113000202,16293,3005,13288
113000203,149,680,-531
113000204,617,8727,-8110
113000205,14,25,-11
113000206,14,58,-44
113000207,53,20,33
113000208,31,50,-19
113000209,22,23,-1
113000210,11,30,-19
113000211,150,401,-251
113000212,37,93,-56
113000213,14,159,-145
113000214,214,411,-197
113000234,362,719,-357
113000410,35,230,-195
113000411,1955,4567,-2612
113000412,5279,1914,3365
113000413,982,3124,-2142
113000414,3902,15102,-11200
113000415,2688,1547,1141
113000416,3384,2861,523
113000417,1713,1957,-244
113000418,5558,6051,-493
113000419,1787,3232,-1445
113000420,3135,7647,-4512
113000421,6141,9755,-3614
113000422,16792,11828,4964
113000423,1693,7434,-5741
113000424,4783,14199,-9416
113000425,10,85,-75
113000428,112,16,96
113000430,4,113,-109
113000432,3511,253,3258
113000433,135,567,-432
113000434,24,101,-77
113000435,16,179,-163
113000436,22,654,-632
113000437,1936,20,1916
113000438,600,22,578
113000439,32,50,-18
113000440,198,50,148
113000441,308,169,139
113000442,267,47,220
113000443,442,139,303
113000444,576,46,530
113000445,78,80,-2
113000446,49,142,-93
113000448,1283,417,866
113000449,169,1100,-931
113000450,1827,2831,-1004
113000451,5023,511,4512
113000452,144,631,-487
113000453,64,1037,-973
113000454,416,93,323
113000455,10,2978,-2968
113000456,4210,3174,1036
113000468,776,103,673
113000469,88,352,-264
113000470,611,31,580
113000471,10,417,-407
113000472,74,240,-166
113000474,1585,915,670
113000475,1903,1599,304
113000476,2909,2322,587
113000477,6387,1916,4471
113000478,4163,3258,905
113000479,112,74,38
113000480,158,954,-796
113000481,0,0,0
113000482,0,0,0
113000483,0,0,0
113000485,0,0,0
113000486,0,0,0
113000487,0,0,0
113000488,0,0,0
113000489,0,0,0
113000490,0,0,0
113000491,0,0,0
113000492,0,0,0
113000493,0,0,0
113000495,215,77,138
113000496,214,93,121
113000497,0,1,-1
113000498,0,0,0
113000499,0,0,0
113000500,0,0,0
113900001,21,3088,-3067
113900002,2,69,-67
113900003,2,243,-241
113900004,3,379,-376
113900005,9,875,-866
113900006,4,46,-42
113900007,64,75,-11
113900008,34,1,33
113900009,68,3,65
113900010,90,0,90
113900011,237,0,237
113900012,123,6,117
113900013,119,7,112
113900014,1096,11,1085
113900015,0,45,-45
113900016,39,0,39
113900017,8,73,-65
113900018,250,354,-104
113900019,288,42,246
113900020,271,6,265
113900022,130,5,125
113900023,65,2,63
113900024,70,51,19
113900025,372,17,355
113900026,116,0,116
113900027,20,139,-119
113900028,36,187,-151
113900029,128,161,-33
113900030,433,15,418
113900031,97,11,86
113900032,49,1,48
113900033,71,43,28
113900035,91,0,91
113900036,36,95,-59
113900037,282,192,90
113900038,15,191,-176
113900039,350,54,296
113900040,26,49,-23
113900041,30,13,17
113900042,131,45,86
113900043,252,52,200
113900044,131,418,-287
113900045,109,0,109
113900046,494,1610,-1116
113900047,159,78,81
113900048,91,141,-50
113900049,179,484,-305
113900050,484,546,-62
113900051,254,193,61
113900052,153,98,55
113900053,870,1167,-297
113900054,63,4,59
113900055,152,414,-262
113900056,99,88,11
113900057,12,32,-20
113900058,149,38,111
113900059,303,222,81
113900060,77,170,-93
113900061,556,227,329
113900062,191,19,172
113900063,203,79,124
113900064,31,60,-29
113900065,690,21,669
113900066,818,173,645
113900067,379,179,200
113900068,696,1107,-411
113900069,70,28,42
113900070,91,275,-184
113900071,181,26,155
113900072,59,69,-10
113900073,435,370,65
113900074,231,240,-9
113900075,1177,2622,-1445
113900076,213,33,180
113900077,101,221,-120
113900078,98,7,91
113900079,1,47,-46
113900080,874,237,637
113900081,60,115,-55
113900082,204,219,-15
113900083,785,142,643
113900084,283,183,100
113900085,80,176,-96
113900086,78,15,63
113900087,176,140,36
113900088,101,125,-24
113900089,672,43,629
113900090,1018,390,628
113900091,7,7,0
113900092,30,110,-80
113900093,73,1619,-1546
113900094,1054,312,742
113900095,285,263,22
113900096,445,119,326
113900097,25,43,-18
113900098,1386,260,1126
113900099,2,11,-9
113900100,1,1,0
113900101,3,92,-89
113900102,91,156,-65
113900103,254,570,-316
113900104,155,426,-271
113900105,286,48,238
113900106,0,33,-33
113900107,13,19,-6
113900108,127,321,-194
113900109,306,235,71
113900110,70,26,44
113900111,275,63,212
113900112,384,63,321
113900113,2243,462,1781
113900114,11,6,5
113900115,1,53,-52
113900116,37,242,-205
113900117,92,20,72
113900118,231,912,-681
113900119,148,379,-231
113900120,74,60,14
113900121,127,72,55
113900122,1147,4531,-3384
113900123,751,246,505
113900124,5,86,-81
113900125,1204,161,1043
113900126,107,31,76
113900127,415,1028,-613
113900128,196,69,127
113900129,3,207,-204
113900130,5,637,-632
113900131,353,76,277
113900132,35,121,-86
113900133,12,27,-15
113900135,317,463,-146
113900136,154,96,58
113900137,420,520,-100
113900138,41,376,-335
113900139,283,267,16
113900140,44,462,-418
113900141,1113,284,829
113900142,189,73,116
113900143,23,84,-61
113900144,72,1096,-1024
113900145,390,134,256
113900146,267,62,205
113900148,85,314,-229
113900149,203,106,97
113900150,327,327,0
113900151,522,157,365
113900152,67,66,1
113900153,115,725,-610
113900154,1,103,-102
113900155,119,318,-199
113900156,215,271,-56
113900157,103,468,-365
113900158,167,1581,-1414
113900159,7,240,-233
113900160,456,230,226
113900161,139,393,-254
113900162,239,2777,-2538
113900163,382,208,174
113900164,655,55,600
113900165,782,525,257
113900166,58,112,-54
113900167,475,45,430
113900168,51,64,-13
113900169,290,479,-189
113900171,421,121,300
113900172,9,65,-56
113900173,44,264,-220
113900174,603,536,67
113900175,371,216,155
113900176,428,276,152
113900177,304,271,33
113900178,339,222,117
113900179,46,205,-159
113900180,173,166,7
113900181,1647,318,1329
113900182,806,645,161
113900183,105,80,25
113900184,13,243,-230
113900185,181,80,101
113900186,62,47,15
113900187,36,78,-42
113900188,15,163,-148
113900189,421,291,130
113900190,208,82,126
113900191,99,164,-65
113900192,7,1190,-1183
113900193,8,103,-95
113900194,1328,486,842
113900195,261,479,-218
113900196,6,431,-425
113900197,1,112,-111
113900198,22,521,-499
113900199,80,469,-389
113900200,12,219,-207
113900201,0,52,-52
113900202,63,191,-128
113900203,0,24,-24
113900204,25,235,-210
113900205,6,47,-41
113900206,12,51,-39
113900207,1,34,-33
113900208,0,37,-37
113900209,0,34,-34
113900210,418,790,-372
113900211,266,68,198
113900212,353,270,83
113900214,378,618,-240
113900215,87,103,-16
113900216,216,556,-340
113900217,167,80,87
113900218,120,98,22
113900219,177,1354,-1177
113900220,177,169,8
113900221,368,406,-38
113900222,139,652,-513
113900223,263,222,41
113900224,65,60,5
113900225,435,123,312
113900226,617,179,438
113900227,413,255,158
113900228,357,929,-572
113900229,47,1415,-1368
113900230,1956,3738,-1782
113900231,172,88,84
113900232,181,43,138
113900233,132,75,57
113900234,556,557,-1
113900235,137,47,90
113900236,463,147,316
113900237,289,20,269
113900238,374,1000,-626
113900239,69,231,-162
113900240,14,298,-284
113900241,49,156,-107
113900242,35,412,-377
113900243,28,221,-193
113900244,122,203,-81
113900245,659,440,219
113900246,19,37,-18
113900247,78,833,-755
113900248,2532,2578,-46
113900249,886,679,207
113900250,46,428,-382
113900251,1548,72,1476
113900252,1211,36,1175
113900253,1063,68,995
113900254,851,233,618
113900255,1102,10,1092
113900256,536,34,502
113900257,22,205,-183
113900258,30,244,-214
113900259,1086,98,988
113900260,410,10,400
113900261,57,48,9
113900262,211,348,-137
113900263,38,323,-285
113900264,2,206,-204
113900265,157,319,-162
113900266,12,129,-117
113900267,86,1039,-953
113900268,421,532,-111
113900269,93,151,-58
113900270,185,825,-640
113900271,798,522,276
113900273,15,19,-4
113900274,67,24,43
113900275,23,123,-100
113900276,1,114,-113
113900277,306,10,296
113900278,298,181,117
113900279,54,76,-22
113900280,1776,785,991
113900281,271,1647,-1376
113900282,497,534,-37
113900283,463,748,-285
113900284,1308,152,1156
113900285,145,74,71
113900286,153,83,70
113900287,147,38,109
113900288,2,97,-95
113900289,345,117,228
113900290,311,469,-158
113900291,142,94,48
113900292,19,8,11
113900293,2,195,-193
113900294,728,22,706
113900295,430,495,-65
113900296,3122,434,2688
113900297,3416,39,3377
113900298,35,1264,-1229
113900299,165,14,151
113900300,5762,5964,-202
113900301,517,856,-339
113900302,1377,1216,161
113900303,209,978,-769
113900304,1,119,-118
113900305,218,3,215
113900306,179,3,176
113900307,10,1,9
113900308,81,155,-74
113900309,0,321,-321
113900310,2,5,-3
113900311,21,3,18
113900312,216,196,20
113900313,11,6,5
114000001,1084,2519,-1435
114000002,614,281,333
114000003,138,237,-99
114000004,571,229,342
114000005,431,198,233
114000006,1401,1720,-319
114000007,932,1152,-220
114000008,1894,2539,-645
114000009,1602,456,1146
114000011,4524,2423,2101
114000012,5409,1548,3861
114000013,3114,1161,1953
114000014,684,120,564
114000015,3126,196,2930
114000016,432,106,326
114000017,174,870,-696
114000018,159,18,141
114000026,4036,1149,2887
114000027,6942,2989,3953
114000028,2601,4844,-2243
114000038,429,118,311
114000039,138,34,104
114000040,211,368,-157
114000042,240,174,66
114000043,104,35,69
114000044,771,9,762
114000045,43,31,12
114000046,1975,4635,-2660
114000047,12,93,-81
114000048,139,56,83
114000049,2387,2119,268
114000050,2681,2355,326
114000051,4146,2652,1494
114000052,4535,3001,1534
114000053,80,915,-835
114000054,219,648,-429
114000055,368,51,317
114000056,194,1338,-1144
114000057,4625,2452,2173
114000058,57,1181,-1124
114000059,36,925,-889
114000060,745,841,-96
114000061,2987,4028,-1041
114000062,558,2213,-1655
114000063,1297,1373,-76
114000064,1838,4751,-2913
114000065,1014,2226,-1212
114000066,530,828,-298
114000067,36,1276,-1240
114000068,650,1014,-364
114000069,1529,634,895
114000070,2573,2341,232
114000071,1232,547,685
114000072,1007,166,841
114000073,25,18,7
114000074,150,15,135
114000075,83,46,37
114000076,37,55,-18
114000077,10,11,-1
114000078,471,265,206
114000079,451,11,440
114000080,131,89,42
114000081,109,78,31
114000082,76,281,-205
114000083,90,96,-6
114000084,372,154,218
114000085,118,223,-105
114000086,419,145,274
114000087,437,71,366
114000088,41,16,25
114000089,504,274,230
114000090,1368,1783,-415
114000091,1381,1117,264
114000092,810,499,311
114000093,1885,631,1254
114000094,619,416,203
114000095,282,319,-37
114000096,79,265,-186
114000097,136,233,-97
114000098,962,148,814
114000099,1295,155,1140
114000100,2798,374,2424
114000101,627,303,324
114000102,1003,361,642
114000103,125,148,-23
114000104,14,134,-120
114000105,283,145,138
114000106,853,3359,-2506
114000107,1120,136,984
114000108,723,802,-79
114000109,1052,2137,-1085
114000110,607,790,-183
114000111,3128,1262,1866
114000112,230,858,-628
114000113,1450,442,1008
114000114,548,613,-65
114000115,2437,1262,1175
114000116,1443,5393,-3950
114000117,6649,827,5822
114000118,5121,607,4514
114000119,4053,645,3408
114000120,805,631,174
114000121,662,823,-161
114000122,513,400,113
114000123,3715,428,3287
114000124,1772,485,1287
114000125,1232,989,243
114000126,2469,310,2159
114000127,236,118,118
114000128,1147,237,910
114000130,522,409,113
114000131,434,148,286
114000132,756,353,403
114000133,742,1403,-661
114000134,125,56,69
114000138,64,130,-66
114000139,405,614,-209
114000144,1067,1095,-28
114000145,101,122,-21
114000146,137,102,35
114000147,2033,3859,-1826
114000148,1018,2395,-1377
114000149,356,486,-130
114000150,348,735,-387
114000151,608,2463,-1855
114000152,87,60,27
114000153,557,2952,-2395
114000154,725,637,88
114000155,1372,3405,-2033
114000156,878,956,-78
114000157,382,1749,-1367
114000158,1086,666,420
114000159,138,512,-374
114000160,66,699,-633
114000161,1313,3874,-2561
114000162,1775,3911,-2136
114000163,46,31,15
114000165,589,610,-21
114000166,704,746,-42
114000167,2661,1488,1173
114000168,414,432,-18
114000169,1349,2177,-828
114000170,1337,1999,-662
114000171,2155,11842,-9687
114000174,196,374,-178
114000176,283,709,-426
114000177,842,426,416
114000178,65,79,-14
114000179,1053,952,101
114000180,265,365,-100
114000181,1786,7464,-5678
114000182,901,2911,-2010
114000183,526,796,-270
114000184,2061,495,1566
114000185,1539,827,712
114000189,2198,280,1918
114000190,5548,629,4919
114000191,124,432,-308
114000192,88,605,-517
114000193,239,948,-709
114000194,1910,662,1248
114000195,433,229,204
114000196,0,73,-73
114000197,3214,10,3204
114000198,763,350,413
114000199,1766,1950,-184
114000200,717,879,-162
114000201,250,610,-360
114000202,900,540,360
114000203,675,615,60
114000204,201,393,-192
114000205,220,918,-698
114000206,1065,1061,4
114000207,452,800,-348
114000208,573,1193,-620
114000209,303,1331,-1028
114000210,190,734,-544
114000211,1819,1167,652
114000212,1348,1011,337
114000213,2646,527,2119
114000214,94,74,20
114000215,290,106,184
114000216,2023,377,1646
114000217,609,191,418
114000218,425,58,367
114000219,1843,181,1662
114000220,29,447,-418
114000221,1618,198,1420
114000222,140,447,-307
114000223,934,180,754
114000224,54,390,-336
114000225,444,330,114
114000226,370,208,162
114000227,1339,578,761
114000228,1241,494,747
114000229,2056,1208,848
114000230,2046,906,1140
114000231,1694,1542,152
114000232,1550,222,1328
114000233,3527,123,3404
114000234,1550,538,1012
114000235,1669,1073,596
114000236,1,274,-273
114000237,195,544,-349
114000238,117,295,-178
114000239,207,670,-463
114000240,1083,1032,51
114000241,307,603,-296
114000242,769,543,226
114000243,2462,990,1472
114000244,578,295,283
114000245,648,918,-270
114000246,138,36,102
114000247,625,529,96
114000248,2079,754,1325
114000249,812,425,387
114000250,917,419,498
114000251,407,202,205
114000252,86,17,69
114000253,56,108,-52
114000254,110,34,76
114000255,695,263,432
114000256,505,2515,-2010
114000257,381,721,-340
114000258,422,135,287
114000259,211,146,65
114000260,0,34,-34
114000261,54,28,26
114000262,537,173,364
114000263,7,3,4
114000264,2300,350,1950
114000265,0,0,0
114000267,5,1910,-1905
114000268,3,449,-446
114000270,275,2,273
114000271,321,73,248
114000283,1865,330,1535
114000285,19,63,-44
114000288,126,224,-98
114000289,3258,164,3094
114000293,337,611,-274
114000294,235,320,-85
114000395,1534,49,1485
114000396,804,1093,-289
114000402,1305,171,1134
114000403,567,209,358
114000405,339,139,200
114000423,580,180,400
114000424,730,140,590
114000425,1602,201,1401
114000426,437,914,-477
114000427,153,91,62
114000428,45,195,-150
114000429,16,101,-85
114000432,107,38,69
114000434,39,47,-8
114000435,9,31,-22
114900001,769,341,428
114900002,385,196,189
114900003,1177,454,723
114900004,252,599,-347
114900005,974,302,672
114900006,115,102,13
114900007,382,47,335
114900008,449,92,357
114900010,1178,2141,-963
114900011,448,184,264
114900013,421,136,285
114900015,114,687,-573
114900018,1182,38,1144
114900020,200,137,63
114900021,399,220,179
114900022,9,646,-637
114900024,255,110,145
114900025,834,146,688
114900026,130,153,-23
114900027,238,155,83
114900029,24,11,13
114900030,495,220,275
114900031,785,19,766
114900032,679,19,660
114900033,637,2300,-1663
114900034,39,58,-19
114900035,125,314,-189
114900036,264,251,13
114900037,95,77,18
114900038,367,357,10
114900039,775,198,577
114900040,181,51,130
114900041,1764,156,1608
114900042,2080,299,1781
114900043,271,147,124
114900044,212,90,122
114900045,139,171,-32
114900046,39,44,-5
114900047,245,5061,-4816
114900048,55,163,-108
114900049,3,59,-56
114900050,86,112,-26
114900051,30,170,-140
114900052,25,247,-222
114900053,65,170,-105
114900054,27,53,-26
114900057,200,26,174
114900058,0,17,-17
114900059,187,123,64
114900060,299,878,-579
114900061,122,63,59
114900062,206,334,-128
114900063,81,67,14
114900064,3724,172,3552
114900065,932,940,-8
114900067,55,433,-378
114900068,35,63,-28
114900069,188,75,113
114900070,911,318,593
114900072,0,220,-220
114900073,2,33,-31
114900074,1225,193,1032
114900075,432,8,424
114900076,14,246,-232
114900080,1033,144,889
114900082,2556,3997,-1441
114900083,463,1140,-677
114900084,124,26,98
114900090,770,202,568
114900091,110,161,-51
114900095,203,63,140
114900096,348,574,-226
114900097,253,11,242
114900098,7,69,-62
114900099,440,18,422
115000001,4500,2106,2394
115000002,6245,7397,-1152
115000003,4630,1762,2868
115000004,7678,8713,-1035
115000005,2387,2483,-96
115000006,1692,1923,-231
115000007,320,351,-31
115000008,563,455,108
115000009,530,357,173
115000010,324,216,108
115000013,46,239,-193
115000015,43,247,-204
115000016,182,538,-356
115000019,23,565,-542
115000020,203,1593,-1390
115000021,358,367,-9
115000022,528,358,170
115000023,373,610,-237
115000024,1055,358,697
115000025,1200,940,260
115000026,292,258,34
115000027,539,421,118
115000028,398,651,-253
115000029,1139,110,1029
115000030,938,1120,-182
115000031,1094,487,607
115000032,6,227,-221
115000033,152,37,115
115000034,89,1185,-1096
115000035,1260,123,1137
115000036,0,511,-511
115000037,705,24,681
115000038,123,191,-68
115000039,3466,4901,-1435
115000040,3870,2607,1263
115000041,2312,5799,-3487
115000042,548,670,-122
115000043,4938,3610,1328
115000044,3376,3705,-329
115000045,3119,1295,1824
115000046,4120,3524,596
115000047,3976,1752,2224
115000048,2743,1990,753
115000049,1471,3414,-1943
115000050,4431,1780,2651
115000051,1997,5232,-3235
115000052,1181,1426,-245
115000053,3161,3025,136
115000054,663,770,-107
115000055,144,823,-679
115000056,176,421,-245
115000057,555,1735,-1180
115000058,217,499,-282
115000059,333,490,-157
115000061,137,276,-139
115000062,319,647,-328
115000063,775,505,270
115000064,205,214,-9
115000065,99,571,-472
115000067,254,40,214
115000069,247,330,-83
115000070,19,1371,-1352
115000071,119,18,101
115000072,7,39,-32
115000073,2277,131,2146
115000075,155,108,47
115000076,2712,2338,374
115000077,3086,1487,1599
115000078,2416,951,1465
115000079,2218,1221,997
115000080,4901,1413,3488
115000081,425,623,-198
115000082,7320,5708,1612
115000083,2900,1086,1814
115000084,4770,1174,3596
115000085,1515,811,704
115000086,2088,748,1340
115000087,453,1736,-1283
115000088,2419,924,1495
115000089,1736,1236,500
115000090,668,1105,-437
115000091,334,545,-211
115000092,1013,858,155
115000093,907,1,906
115000094,5522,8978,-3456
115000095,4707,9510,-4803
115000096,1461,865,596
115000097,2910,1521,1389
115000098,2261,643,1618
115000099,3779,1536,2243
115000100,2131,335,1796
115000101,877,803,74
115000102,843,283,560
115000103,345,438,-93
115000105,122,94,28
115000106,1054,507,547
115000107,256,296,-40
115000108,2180,2007,173
115000109,4078,7266,-3188
115000110,1618,3091,-1473
115000111,500,1419,-919
115000112,945,1232,-287
115000113,671,1272,-601
115000114,1464,779,685
115000116,3089,2531,558
115000117,2447,2817,-370
115000118,2452,2150,302
115000119,1653,2212,-559
115000120,647,1599,-952
115000121,708,880,-172
115000122,869,2046,-1177
115000123,1151,2693,-1542
115000124,815,1284,-469
115000125,390,1371,-981
115000126,157,629,-472
115000127,376,275,101
115000128,359,1068,-709
115000129,173,677,-504
115000130,603,479,124
115000131,1198,318,880
115000132,554,458,96
115000133,839,194,645
115000134,459,495,-36
115000135,268,269,-1
115000136,307,302,5
115000137,128,265,-137
115000138,553,296,257
115000139,280,233,47
115000140,680,204,476
115000141,354,140,214
115000142,248,108,140
115000143,1448,711,737
115000144,695,61,634
115000145,393,164,229
115000146,684,511,173
115000147,341,351,-10
115000148,435,485,-50
115000149,1122,304,818
115000150,838,434,404
115000151,2202,491,1711
115000152,1058,632,426
115000153,2176,523,1653
115000154,1411,329,1082
115000155,879,942,-63
115000156,1078,1313,-235
115000157,600,1326,-726
115000158,531,468,63
115000159,564,865,-301
115000160,608,795,-187
115000161,1355,449,906
115000162,580,1198,-618
115000163,576,834,-258
115000164,547,1026,-479
115000165,339,904,-565
115000167,110,185,-75
115000168,440,756,-316
115000169,378,1220,-842
115000170,70,178,-108
115000171,229,484,-255
115000172,971,923,48
115000173,298,1299,-1001
115000174,76,563,-487
115000175,136,209,-73
115000176,85,158,-73
115000177,83,223,-140
115000178,23,184,-161
115000179,38,60,-22
115000180,181,311,-130
115000181,1411,192,1219
115000182,1647,295,1352
115000183,722,493,229
115000186,790,231,559
115000187,241,505,-264
115000188,525,803,-278
115000189,358,434,-76
115000190,871,686,185
115000191,319,594,-275
115000194,106,174,-68
115000195,243,480,-237
115000196,398,98,300
115000197,380,135,245
115000198,898,130,768
115000199,675,140,535
115000200,674,148,526
115000201,188,247,-59
115000206,565,49,516
115000207,410,236,174
115000208,353,668,-315
115000209,762,493,269
115000210,163,159,4
115000211,381,268,113
115000212,1186,449,737
115000218,20,94,-74
115000219,58,56,2
115000224,297,61,236
115000225,125,80,45
115000229,289,80,209
115000230,96,910,-814
115000231,376,875,-499
115000232,3314,339,2975
115000233,172,227,-55
115000234,43,289,-246
115000241,148,129,19
115000242,229,104,125
115000243,109,142,-33
115000244,3,148,-145
115000246,62,54,8
115000247,62,47,15
115000248,69,9,60
115000249,8,12,-4
115000250,369,24,345
115000251,445,62,383
115000252,92,221,-129
115000253,13,481,-468
115000258,498,69,429
115000259,305,80,225
115000261,28,13,15
115000262,18,36,-18
115000263,25,41,-16
115000264,26,23,3
115000267,117,88,29
115000268,45,129,-84
115000269,149,57,92
115000270,10,23,-13
115000272,71,120,-49
115000273,811,91,720
115000274,767,99,668
115000280,1780,226,1554
115000281,360,556,-196
115000282,1249,1178,71
115000284,95,175,-80
115000296,752,9,743
115000297,178,172,6
115000298,52,424,-372
115000300,284,110,174
115000302,737,106,631
115000303,1238,65,1173
115000304,1485,80,1405
115000305,188,250,-62
115000306,336,140,196
115000307,227,149,78
115000308,14,22,-8
115000310,2361,501,1860
115000311,2208,1312,896
115000313,144,192,-48
115000314,1120,248,872
115000315,953,1009,-56
115000316,172,174,-2
115000317,227,493,-266
115000318,1153,459,694
115000319,136,166,-30
115000320,46,568,-522
115000321,434,5,429
115000322,58,149,-91
115000449,238,202,36
115000557,18,2490,-2472
115000558,159,183,-24
115000587,958,323,635
115000588,2219,2957,-738
115000589,4943,3268,1675
115000590,767,2105,-1338
115000591,1657,1114,543
115000592,557,2420,-1863
115000593,1882,1311,571
115000594,384,2945,-2561
115000609,286,120,166
115000617,464,3528,-3064
115000624,408,21,387
115000633,407,1414,-1007
115000634,4337,1018,3319
115000635,893,144,749
115000638,286,404,-118
115000641,72,432,-360
115000642,271,212,59
115000643,138,295,-157
115000644,176,289,-113
115000646,842,1722,-880
115000647,273,583,-310
115000648,3873,1070,2803
115000893,2002,1638,364
115000894,192,758,-566
115000895,196,692,-496
115000896,1337,469,868
115000897,497,136,361
115000898,606,449,157
115000899,241,2176,-1935
115000900,39,456,-417
115000901,67,273,-206
115000912,526,154,372
115000913,0,5,-5
115000915,19,1,18
115000916,3,0,3
115000917,0,6,-6
115000918,47,1488,-1441
115000919,4,28,-24
115000920,12,48,-36
115000921,415,114,301
115000922,358,988,-630
115000923,83,1576,-1493
115000925,145,187,-42
115000927,59,104,-45
115000933,24,431,-407
115900001,206,7,199
115900002,68,72,-4
115900003,299,48,251
115900004,0,13,-13
115900005,412,29,383
115900006,135,79,56
115900008,133,3,130
115900009,84,102,-18
115900010,697,64,633
115900011,590,400,190
115900012,450,13,437
115900013,407,164,243
115900014,147,177,-30
115900015,277,15,262
115900016,86,73,13
115900017,12,23,-11
115900018,219,65,154
115900019,343,18,325
115900020,130,3,127
115900021,999,1720,-721
115900022,297,13,284
115900023,6,10,-4
115900025,34,260,-226
115900026,919,107,812
115900027,0,136,-136
115900028,421,54,367
115900029,12,219,-207
115900030,67,56,11
115900031,61,401,-340
115900032,399,781,-382
115900033,0,111,-111
115900034,18,138,-120
115900035,54,115,-61
115900036,27,3061,-3034
115900037,52,157,-105
115900038,51,46,5
115900039,223,103,120
115900041,164,1350,-1186
115900042,90,11,79
115900043,139,19,120
115900044,174,439,-265
115900046,759,141,618
115900047,146,349,-203
115900049,294,175,119
115900051,15,15,0
115900052,22,81,-59
115900053,541,101,440
115900054,714,43,671
115900055,32,74,-42
115900056,369,128,241
115900057,21,22,-1
115900058,15,48,-33
115900060,69,310,-241
115900061,441,2,439
115900062,135,101,34
115900063,27,5,22
115900064,197,297,-100
115900065,170,124,46
115900066,88,80,8
115900067,12,110,-98
115900068,1071,1636,-565
115900069,42,252,-210
115900070,267,81,186
115900071,0,114,-114
115900072,32,132,-100
115900073,174,191,-17
115900074,9,92,-83
115900075,68,126,-58
115900076,29,26,3
115900077,2,56,-54
115900078,16,71,-55
115900079,682,17,665
115900080,165,73,92
115900081,38,30,8
115900082,97,152,-55
115900084,939,63,876
115900085,88,82,6
115900086,994,568,426
115900088,5,98,-93
115900089,696,328,368
115900090,1116,5,1111
115900091,9,20,-11
115900092,56,39,17
115900093,17,36,-19
115900094,4,75,-71
115900096,7,15,-8
115900097,29,109,-80
115900098,409,191,218
115900099,74,38,36
115900100,25,163,-138
115900101,360,132,228
115900102,134,72,62
115900103,561,132,429
115900104,159,88,71
115900105,468,237,231
115900106,198,10,188
115900107,175,44,131
115900108,319,27,292
115900109,42,225,-183
115900110,43,4,39
115900111,0,59,-59
115900112,83,656,-573
115900113,95,11,84
115900114,5,104,-99
115900115,132,141,-9
115900116,120,452,-332
115900117,155,19,136
115900118,1,95,-94
115900119,253,145,108
115900120,74,138,-64
115900121,336,134,202
115900124,371,1218,-847
115900125,670,41,629
115900126,1758,79,1679
115900127,1417,41,1376
115900128,8,128,-120
115900129,910,52,858
115900130,16,582,-566
115900131,575,59,516
115900132,1052,7,1045
115900134,460,9,451
115900135,484,1238,-754
115900137,29,3,26
115900139,74,426,-352
115900140,823,69,754
115900141,13,238,-225
115900142,48,124,-76
115900143,455,836,-381
115900144,289,403,-114
115900146,12,40,-28
115900147,285,371,-86
115900148,44,9,35
115900149,319,16,303
115900150,172,10,162
115900151,52,140,-88
115900152,312,245,67
115900153,199,139,60
115900154,381,507,-126
115900155,0,7,-7
115900156,1022,1290,-268
115900157,487,742,-255
115900158,14,6,8
115900159,243,136,107
115900160,3,9,-6
115900161,52,197,-145
115900163,501,221,280
115900164,910,17,893
115900165,6,184,-178
115900166,135,74,61
115900168,218,62,156
115900171,175,446,-271
115900172,74,128,-54
115900173,315,73,242
115900174,204,414,-210
115900175,223,216,7
115900178,20,198,-178
115900179,696,13,683
115900180,62,73,-11
115900181,319,73,246
115900182,832,75,757
115900183,94,381,-287
115900184,519,18,501
115900187,9,279,-270
115900189,0,235,-235
115900190,316,1294,-978
115900191,27,173,-146
115900192,22,112,-90
115900193,161,109,52
115900194,1486,95,1391
115900195,427,4115,-3688
115900198,386,267,119
115900199,466,105,361
115900200,284,142,142
115900201,297,424,-127
115900202,4,80,-76
115900203,19,14,5
115900204,1,7,-6
115900205,23,13,10
115900206,453,57,396
115900207,91,8,83
115900208,192,60,132
115900209,4,110,-106
115900210,3,93,-90
115900211,5,183,-178
115900212,266,99,167
115900213,88,169,-81
115900214,854,52,802
115900215,40,350,-310
115900216,5,68,-63
115900217,2,29,-27
115900218,1,21,-20
115900219,246,3,243
115900220,436,6,430
115900221,253,29,224
115900222,173,81,92
115900223,11,881,-870
115900224,530,2805,-2275
115900225,57,78,-21
115900226,13,70,-57
115900227,7,52,-45
115900228,2,43,-41
115900229,2,34,-32
115900230,19,50,-31
115900231,175,8,167
115900232,124,1,123
115900233,214,8,206
115900234,101,30,71
115900235,49,64,-15
115900236,48,70,-22
115900237,67,21,46
115900238,37,7,30
115900239,19,17,2
115900240,12,18,-6
115900241,338,39,299
115900242,452,633,-181
115900243,39,10,29
115900244,30,10,20
115900245,1,27,-26
115900246,16,14,2
115900247,8,22,-14
115900248,27,7,20
115900249,30,6,24
115900250,39,14,25
115900251,6,2,4
115900252,5,2,3
115900253,25,23,2
115900254,36,57,-21
115900255,1,54,-53
115900256,15,47,-32
115900257,10,11,-1
115900258,0,0,0
115900259,4,3,1
115900260,2,2,0
115900261,11,1,10
115900262,7,1,6
115900263,20,0,20
115900264,34,1,33
115900265,3,26,-23
115900266,6,18,-12
115900267,2,11,-9
115900268,0,14,-14
115900269,1007,98,909
115900270,526,117,409
116000001,9638,2304,7334
116000002,5652,19879,-14227
116000003,1522,1450,72
116000004,4287,7119,-2832
116000005,1308,4769,-3461
116000006,3504,5688,-2184
116000007,1969,8245,-6276
116000008,6195,6598,-403
116000009,1061,1448,-387
116000010,3848,3073,775
116000011,696,1466,-770
116000012,2817,1770,1047
116000013,4724,5443,-719
116000014,10258,29210,-18952
116000015,235,2458,-2223
116000016,6577,7575,-998
116000017,48,912,-864
116000018,534,730,-196
116000019,1806,465,1341
116000020,834,2218,-1384
116000021,989,405,584
116000022,590,457,133
116000023,2416,1592,824
116000024,894,1268,-374
116000025,1808,1424,384
116000026,1821,4097,-2276
116000027,635,1074,-439
116000028,559,1272,-713
116000029,605,589,16
116000030,791,728,63
116000031,151,206,-55
116000032,181,143,38
116000033,542,234,308
116000034,1140,527,613
116000035,396,491,-95
116000036,905,6839,-5934
116000037,315,984,-669
116000038,262,1587,-1325
116000039,342,2462,-2120
116000040,753,1496,-743
116000041,146,1593,-1447
116000042,1506,1125,381
116000043,467,1205,-738
116000044,1,26,-25
116000045,2292,1996,296
116000046,1229,2464,-1235
116000047,1926,3293,-1367
116000048,3698,1700,1998
116000049,2460,3443,-983
116000050,1914,1328,586
116000051,5507,3641,1866
116000052,5192,5044,148
116000053,3847,643,3204
116000054,1559,2942,-1383
116000055,1321,1019,302
116000056,2088,1368,720
116000057,2975,1954,1021
116000058,4644,4583,61
116000059,3697,6180,-2483
116000060,3037,1553,1484
116000061,340,1968,-1628
116000062,580,360,220
116000063,839,2726,-1887
116000066,345,979,-634
116000067,397,394,3
116000068,200,361,-161
116000069,375,299,76
116000078,737,1447,-710
116000080,2354,826,1528
116000082,5,16,-11
116000083,2713,568,2145
116000084,1271,2228,-957
116000085,2421,2430,-9
116000086,806,507,299
116000087,3919,2386,1533
116000088,1166,938,228
116000089,209,96,113
116000090,159,243,-84
116000091,293,509,-216
116000093,1232,484,748
116000094,1278,388,890
116000095,1163,748,415
116000096,2013,2427,-414
116000097,1495,725,770
116000098,58,11933,-11875
116000099,5898,196,5702
116000100,404,18,386
116000101,1706,496,1210
116000102,372,890,-518
116000103,497,507,-10
116000104,271,958,-687
116000105,2205,202,2003
116000106,484,889,-405
116000107,3425,253,3172
116000108,68,180,-112
116000111,265,20,245
116000113,248,118,130
116000114,39,150,-111
116000115,571,135,436
116000116,296,214,82
116000117,2214,1830,384
116000118,2337,1022,1315
116000119,5621,2204,3417
116000120,3505,2590,915
116000121,1293,764,529
116000122,931,929,2
116000123,1996,509,1487
116000124,540,468,72
116000125,5066,825,4241
116000126,286,667,-381
116000127,965,764,201
116000128,3362,1053,2309
116000129,2198,172,2026
116000130,1103,979,124
116000133,2259,792,1467
116000134,1723,1172,551
116000135,4569,1510,3059
116000136,878,1368,-490
116000137,1677,1683,-6
116000138,2214,1153,1061
116000139,2359,4520,-2161
116000140,267,305,-38
116000141,537,361,176
116000142,3825,2063,1762
116000143,2540,2364,176
116000144,2234,1766,468
116000145,3308,1258,2050
116000146,1216,107,1109
116000147,345,322,23
116000148,1277,1417,-140
116000149,1407,1155,252
116000151,604,640,-36
116000153,227,504,-277
116000155,240,446,-206
116000156,901,970,-69
116000157,119,18,101
116000158,373,334,39
116000159,9,9,0
116000160,49,83,-34
116000161,6,110,-104
116000162,66,347,-281
116000163,61,29,32
116000164,40,29,11
116000177,75,129,-54
116000194,84,292,-208
116000195,1581,775,806
116000196,46,4,42
116000197,40,15,25
116000198,2831,1272,1559
116000200,835,1057,-222
116000201,819,605,214
116000202,2,127,-125
116000203,0,42,-42
116000204,7,29,-22
116000205,1,78,-77
116000206,2,73,-71
116000207,4,53,-49
116000233,311,510,-199
116000287,338,174,164
116000288,526,174,352
116000292,135,172,-37
116000296,3,79,-76
116000297,104,7,97
116000304,470,19,451
116000305,37,109,-72
116000346,378,178,200
116000352,263,125,138
116000354,39,38,1
116000357,22,16,6
116000358,612,140,472
116000361,78,1,77
116000372,3672,10191,-6519
116000381,217,0,217
116000388,0,35,-35
116000389,1301,531,770
116000445,1169,203,966
116000446,1009,270,739
116000447,38,715,-677
116000448,684,129,555
116000563,1112,1158,-46
116000565,33,272,-239
116000568,105,821,-716
116000579,33,106,-73
116000584,63,7,56
116000585,30,28,2
116000586,74,192,-118
116000587,302,302,0
116000589,54,129,-75
116000590,168,78,90
116000591,259,228,31
116000592,11,39,-28
116000593,0,24,-24
116000594,1793,237,1556
116000595,1352,76,1276
116000596,305,2,303
116000597,867,323,544
116000598,32,98,-66
116000602,35,852,-817
116000605,161,138,23
116000606,63,232,-169
116000607,4,222,-218
116000609,135,1566,-1431
116000611,333,188,145
116000612,1704,2617,-913
116000613,1299,387,912
116000614,550,212,338
116000615,66,797,-731
116000616,129,87,42
116000617,252,18,234
116000618,13,59,-46
116000619,55,136,-81
116000620,298,176,122
116000621,159,136,23
116000622,155,121,34
116000624,210,82,128
116000628,1,39,-38
116000629,2,45,-43
116000630,186,3,183
116000631,58,6,52
116000632,457,45,412
116000633,15,62,-47
116000634,221,9,212
116900001,554,203,351
116900002,372,0,372
116900003,73,32,41
116900004,61,140,-79
116900005,388,56,332
116900006,101,958,-857
116900007,194,362,-168
116900008,1062,143,919
116900009,26,22,4
116900010,1,563,-562
116900011,20,35,-15
116900012,327,446,-119
116900013,2,91,-89
116900014,366,45,321
116900015,924,41,883
116900016,413,8,405
116900017,4,473,-469
116900018,233,89,144
116900019,2,160,-158
116900020,393,1962,-1569
116900023,61,23,38
116900024,1261,29,1232
116900025,2240,487,1753
116900026,123,553,-430
116900027,75,42,33
116900028,5,60,-55
116900029,0,167,-167
116900031,3,1,2
116900032,4,125,-121
116900033,47,7,40
116900034,4,28,-24
116900035,138,123,15
116900036,10,136,-126
116900038,41,5,36
116900041,154,36,118
116900042,195,166,29
116900043,22,49,-27
116900045,415,120,295
116900047,9,313,-304
116900049,15,211,-196
116900050,76,314,-238
116900051,354,32,322
116900052,351,70,281
116900055,0,15,-15
116900057,30,112,-82
116900058,29,304,-275
116900059,1,63,-62
116900060,161,351,-190
116900062,0,12,-12
116900064,111,178,-67
116900065,31,139,-108
116900067,267,65,202
116900068,147,208,-61
116900070,14,9,5
116900072,53,145,-92
116900073,16,93,-77
116900074,11,47,-36
116900076,18,44,-26
116900077,20,62,-42
116900078,181,51,130
116900079,55,156,-101
116900080,9,24,-15
116900081,256,724,-468
116900082,222,1023,-801
116900083,5,28,-23
116900084,57,61,-4
116900085,32,80,-48
116900086,91,193,-102
116900088,371,65,306
116900090,43,10,33
116900091,650,46,604
116900092,151,422,-271
116900093,4163,1868,2295
116900094,4116,8819,-4703
116900095,280,831,-551
116900096,139,659,-520
116900097,1724,5418,-3694
116900098,939,637,302
116900099,293,1173,-880
116900100,1690,182,1508
116900101,150,748,-598
116900103,18,0,18
116900104,29,193,-164
116900105,432,358,74
116900106,4437,163,4274
116900107,1533,4067,-2534
116900110,34,1,33
116900111,1364,268,1096
116900112,342,545,-203
116900113,1123,2054,-931
116900116,31,1979,-1948
116900117,289,133,156
116900118,1550,1359,191
116900120,748,78,670
116900121,288,29,259
116900122,1834,261,1573
116900123,532,265,267
116900124,191,497,-306
116900125,963,120,843
116900126,101,823,-722
116900128,0,73,-73
116900129,1,220,-219
116900130,1604,7814,-6210
116900131,71,468,-397
116900132,93,126,-33
116900133,235,146,89
116900134,412,322,90
116900136,319,160,159
116900137,275,183,92
116900138,202,158,44
116900139,123,358,-235
116900140,235,88,147
116900141,545,221,324
116900142,4,57,-53
116900143,628,408,220
116900144,96,70,26
116900145,123,232,-109
116900147,247,2736,-2489
116900148,7,79,-72
116900149,70,332,-262
116900150,36,12,24
116900151,115,40,75
116900153,218,109,109
116900154,192,732,-540
116900155,127,115,12
116900157,1217,89,1128
116900158,89,411,-322
116900159,102,762,-660
116900160,1265,1481,-216
116900161,5224,13411,-8187
116900162,55,94,-39
116900163,442,52,390
116900164,155,89,66
116900165,1026,675,351
116900166,81,36,45
116900167,670,57,613
116900168,675,56,619
116900169,275,2876,-2601
116900170,957,685,272
116900171,72,183,-111
116900172,126,546,-420
116900173,486,20,466
116900174,117,132,-15
116900175,450,812,-362
116900178,60,69,-9
116900179,80,496,-416
116900180,132,15,117
116900182,2390,403,1987
116900183,338,115,223
116900185,59,86,-27
116900186,199,137,62
116900187,46,115,-69
116900188,179,27,152
116900189,75,1,74
116900191,330,419,-89
116900192,395,164,231
116900194,199,2617,-2418
116900195,76,24,52
116900196,34,41,-7
116900197,185,16,169
116900198,77,530,-453
116900200,218,3,215
116900201,367,3,364
116900202,108,25,83
116900203,205,27,178
116900204,84,228,-144
116900206,33,7,26
116900207,38,33,5
116900208,12,49,-37
116900209,15,54,-39
116900210,995,446,549
116900211,352,9,343
116900212,144,23,121
116900213,363,120,243
116900214,420,213,207
116900215,150,54,96
116900216,498,236,262
116900218,15,267,-252
116900219,702,283,419
116900220,183,375,-192
116900221,278,418,-140
116900222,627,369,258
116900223,134,247,-113
116900226,245,62,183
116900227,291,45,246
116900228,537,216,321
116900230,116,203,-87
116900231,138,191,-53
116900232,24,186,-162
116900233,529,129,400
116900234,62,13,49
116900235,157,306,-149
116900238,812,267,545
116900239,4,1295,-1291
116900240,4213,5072,-859
116900241,300,95,205
116900242,453,1508,-1055
116900243,4,49,-45
116900245,57,57,0
116900246,258,29,229
116900247,1412,70,1342
116900248,126,29,97
116900249,814,69,745
116900250,812,101,711
116900251,449,1767,-1318
116900252,285,535,-250
116900253,254,51,203
116900254,51,93,-42
116900255,221,253,-32
116900256,960,177,783
116900257,15,113,-98
116900258,4,70,-66
116900259,540,18,522
116900260,6,43,-37
116900261,177,1,176
116900262,227,97,130
116900263,1,34,-33
116900264,0,12,-12
116900265,85,0,85
116900266,24,10,14
116900267,10,3,7
116900268,287,237,50
116900269,610,1409,-799
116900271,681,688,-7
116900272,645,347,298
116900273,60,511,-451
116900274,230,53,177
116900275,474,67,407
116900276,387,408,-21
116900277,203,49,154
116900278,4,7,-3
116900279,2,24,-22
116900280,78,23,55
116900281,3747,9090,-5343
116900282,10,33,-23
116900283,10,45,-35
116900284,30,92,-62
116900285,185,365,-180
116900286,184,24,160
116900287,5,14,-9
116900288,218,42,176
116900289,50,2,48
116900290,29,3,26
116900291,74,8,66
116900292,0,35,-35
116900293,156,8,148
116900294,10,132,-122
116900295,119,725,-606
116900296,25,324,-299
116900297,2,132,-130
116900298,79,226,-147
116900299,52,380,-328
116900300,8,214,-206
116900301,28,789,-761
116900302,338,1447,-1109
116900303,139,322,-183
116900304,1,316,-315
116900305,12,39,-27
116900306,505,63,442
117000001,4881,3858,1023
117000002,2632,4339,-1707
117000003,7619,4497,3122
117000004,2623,5621,-2998
117000005,4710,3069,1641
117000006,1073,2164,-1091
117000007,8327,1539,6788
117000008,1108,2644,-1536
117000009,5579,2212,3367
117000010,2004,2681,-677
117000011,4069,1841,2228
117000012,2440,924,1516
117000013,3055,1100,1955
117000014,1642,2524,-882
117000015,4295,2166,2129
117000016,395,545,-150
117000017,120,1333,-1213
117000018,178,1821,-1643
117000019,116,3,113
117000020,925,3929,-3004
117000021,2211,673,1538
117000022,224,851,-627
117000023,133,718,-585
117000024,234,1339,-1105
117000025,235,4247,-4012
117000026,2278,4903,-2625
117000027,849,2936,-2087
117000028,1209,3467,-2258
117000030,129,170,-41
117000032,1350,1615,-265
117000033,2498,2617,-119
117000034,206,71,135
117000036,235,75,160
117000038,250,266,-16
117000039,32,146,-114
117000040,245,768,-523
117000041,2047,162,1885
117000044,10,567,-557
117000045,1135,300,835
117000046,378,684,-306
117000047,992,1200,-208
117000048,1829,965,864
117000049,140,1045,-905
117000050,346,1344,-998
117000051,4504,112,4392
117000052,84,170,-86
117000053,1167,28,1139
117000054,2670,12,2658
117000055,7,1611,-1604
117000056,984,37,947
117000057,409,1826,-1417
117000060,633,1333,-700
117000061,3672,1868,1804
117000062,261,946,-685
117000063,3041,1256,1785
117000064,570,737,-167
117000066,874,785,89
117000067,164,986,-822
117000074,33,170,-137
117000076,44,48,-4
117000077,411,225,186
117000078,192,584,-392
117000079,547,316,231
117000080,1,587,-586
117000081,1326,176,1150
117000082,24,100,-76
117000083,147,8,139
117000084,234,1,233
117000085,565,1545,-980
117000086,1068,284,784
117000087,74,631,-557
117000088,337,201,136
117000089,3379,263,3116
117000090,498,757,-259
117000091,2094,217,1877
117000092,734,737,-3
117000093,2734,748,1986
117000094,1344,1452,-108
117000095,5354,833,4521
117000096,1075,1650,-575
117000097,3575,1218,2357
117000098,1874,2609,-735
117000099,7797,1382,6415
117000100,354,600,-246
117000101,140,721,-581
117000102,3452,790,2662
117000103,662,909,-247
117000104,2687,852,1835
117000105,690,1161,-471
117000106,2984,694,2290
117000107,702,1126,-424
117000108,4120,1411,2709
117000109,1013,1697,-684
117000110,2970,2492,478
117000111,5468,4726,742
117000112,5486,1693,3793
117000113,152,90,62
117000114,408,115,293
117000115,107,40,67
117000116,334,179,155
117000117,2887,2150,737
117000118,609,337,272
117000119,229,1204,-975
117000120,116,2835,-2719
117000121,57,1826,-1769
117000122,400,1965,-1565
117000123,3645,154,3491
117000124,168,391,-223
117000125,120,1183,-1063
117000126,50,69,-19
117000127,186,900,-714
117000128,122,2066,-1944
117000129,180,331,-151
117000130,30,1,29
117000131,0,90,-90
117000132,6073,96,5977
117000133,3912,31,3881
117000134,2,293,-291
117000135,0,502,-502
117000136,0,96,-96
117000137,284,254,30
117000138,4,1333,-1329
117000140,447,942,-495
117000141,3514,766,2748
117000181,501,184,317
117000182,3128,1922,1206
117000195,212,827,-615
117000196,487,246,241
117000225,71,368,-297
117000226,5,312,-307
117000276,688,18,670
117000277,0,203,-203
117000310,1561,3148,-1587
117000315,409,951,-542
117000320,36,0,36
117000906,854,29,825
117000907,22,159,-137
117000908,5,511,-506
117000909,82,165,-83
117000910,327,188,139
117000911,56,198,-142
117000915,12,218,-206
117000916,186,13,173
117000917,2720,103,2617
117000918,307,101,206
117000919,33,31,2
117000920,1,994,-993
117000921,0,523,-523
117000922,33,38,-5
117000924,1510,898,612
117000926,1000,656,344
117000927,322,1473,-1151
117000928,1,126,-125
117000929,550,113,437
117000930,743,35,708
117000931,187,227,-40
117900002,81,1178,-1097
117900003,266,474,-208
117900005,11,237,-226
117900006,0,31,-31
117900007,202,144,58
117900008,0,18,-18
117900010,772,133,639
117900011,25,973,-948
117900012,110,71,39
117900013,0,118,-118
117900014,916,139,777
117900015,25,52,-27
117900016,990,1543,-553
117900017,1587,358,1229
117900018,417,1472,-1055
117900019,1445,206,1239
117900020,120,536,-416
117900021,83,102,-19
117900022,31,10,21
117900023,3753,112,3641
117900024,71,55,16
117900025,20,5,15
117900026,891,176,715
117900028,86,4,82
117900029,741,614,127
117900030,740,402,338
117900031,223,992,-769
117900032,1264,871,393
117900033,894,582,312
117900034,70,47,23
117900035,284,139,145
117900036,778,286,492
117900037,301,71,230
117900038,59,97,-38
117900039,1,25,-24
117900040,195,124,71
117900041,2,29,-27
117900042,3236,658,2578
117900043,2,15,-13
117900044,148,6606,-6458
117900045,413,180,233
117900048,586,106,480
117900049,501,339,162
117900050,11,1077,-1066
117900051,69,32,37
117900052,179,861,-682
117900053,2835,222,2613
117900054,0,24,-24
117900055,3169,490,2679
117900056,42,35,7
117900057,1014,1085,-71
117900058,130,1692,-1562
117900059,157,122,35
117900060,4163,2345,1818
117900061,34,653,-619
117900063,854,224,630
117900065,359,1171,-812
117900066,8,162,-154
117900067,1499,128,1371
117900069,1642,276,1366
117900070,59,396,-337
117900071,260,170,90
117900073,1161,293,868
117900074,62,876,-814
117900075,144,80,64
117900076,14,138,-124
117900077,1059,152,907
117900078,666,942,-276
117900080,315,70,245
117900081,299,270,29
117900082,911,461,450
117900083,921,317,604
117900086,282,43,239
117900087,168,36,132
117900088,1234,1462,-228
117900089,3645,880,2765
117900090,889,465,424
117900091,167,62,105
117900092,203,32,171
117900093,214,69,145
117900094,87,25,62
117900095,530,397,133
117900096,224,552,-328
117900097,329,67,262
117900098,110,29,81
117900099,318,602,-284
117900100,873,10,863
117900101,1052,3311,-2259
117900102,173,34,139
117900103,107,17,90
117900104,17,247,-230
117900105,118,179,-61
117900106,198,49,149
117900107,159,2,157
117900109,1535,432,1103
117900110,308,0,308
117900111,781,46,735
117900112,141,13,128
117900113,1440,3402,-1962
117900114,84,1,83
117900115,64,348,-284
117900116,773,682,91
117900117,1224,179,1045
117900118,208,3,205
117900119,396,52,344
117900120,924,71,853
117900121,164,44,120
117900122,1135,8559,-7424
117900123,1675,367,1308
117900124,459,496,-37
117900125,2125,1701,424
117900126,215,347,-132
117900127,982,444,538
117900128,597,234,363
117900129,142,1,141
117900130,868,450,418
117900131,3,93,-90
117900132,40,107,-67
117900133,49,78,-29
117900134,61,209,-148
117900135,19,89,-70
117900136,0,11,-11
117900137,97,231,-134
117900138,0,8,-8
117900139,121,102,19
117900140,4518,1404,3114
117900141,139,338,-199
117900142,26,610,-584
117900144,51,2049,-1998
117900145,15,188,-173
117900146,121,494,-373
117900147,181,157,24
117900148,3623,3703,-80
117900149,146,110,36
117900150,102,162,-60
117900151,55,148,-93
117900152,124,173,-49
117900153,14,235,-221
117900154,890,588,302
117900156,586,672,-86
117900157,155,480,-325
117900158,577,139,438
117900160,1170,1191,-21
117900161,1266,1368,-102
117900162,1235,550,685
117900163,33,969,-936
117900165,0,11,-11
117900166,61,647,-586
117900168,75,120,-45
117900169,9,48,-39
117900170,16,30,-14
117900171,2,7,-5
117900172,37,7,30
117900173,52,173,-121
117900174,22,72,-50
117900175,1,27,-26
117900176,36,25,11
117900177,41,28,13
117900178,115,50,65
117900180,276,57,219
117900181,70,789,-719
117900182,1,106,-105
117900183,139,262,-123
117900184,81,111,-30
117900185,135,28,107
117900186,86,7,79
117900187,41,16,25
117900188,235,64,171
117900189,121,32,89
117900190,64,7,57
117900191,155,4,151
117900192,360,0,360
117900193,29,85,-56
117900194,19,4,15
117900195,11,116,-105
117900196,37,27,10
117900207,87,180,-93
117900208,30,29,1
117900209,185,97,88
117900210,197,171,26
117900211,15,93,-78
117900212,173,149,24
117900213,69,6,63
117900214,5,23,-18
117900216,7,115,-108
117900217,64,734,-670
117900218,990,358,632
117900219,8,374,-366
117900220,32,566,-534
117900221,17,96,-79
118000001,931,2506,-1575
118000002,667,1711,-1044
118000003,2513,5800,-3287
118000004,1424,4633,-3209
118000005,4578,5534,-956
118000006,3259,7314,-4055
118000007,6111,11045,-4934
118000008,1262,6220,-4958
118000009,1846,4069,-2223
118000010,5152,5381,-229
118000011,2828,1932,896
118000012,1388,1938,-550
118000013,3068,2805,263
118000014,2177,1535,642
118000016,410,325,85
118000017,1397,572,825
118000018,484,470,14
118000019,1411,2512,-1101
118000020,729,4071,-3342
118000021,746,4310,-3564
118000022,1170,1189,-19
118000023,561,459,102
118000024,640,1859,-1219
118000025,256,1325,-1069
118000027,9634,10425,-791
118000029,515,1306,-791
118000032,303,3485,-3182
118000033,2797,7617,-4820
118000034,3989,4864,-875
118000035,2391,3563,-1172
118000036,1163,1544,-381
118000037,962,1793,-831
118000038,1015,173,842
118000039,136,155,-19
118000040,2378,1738,640
118000041,4260,1721,2539
118000045,382,253,129
118000046,1040,2005,-965
118000047,750,4722,-3972
118000048,1640,3714,-2074
118000051,1029,5969,-4940
118000052,507,2728,-2221
118000053,504,1026,-522
118000054,3566,1064,2502
118000055,2979,2113,866
118000056,155,874,-719
118000057,203,390,-187
118000058,2451,6217,-3766
118000059,1946,3525,-1579
118000060,1775,742,1033
118000061,1483,1273,210
118000062,505,420,85
118000063,564,1456,-892
118000064,913,1983,-1070
118000065,2069,2037,32
118000066,1633,4863,-3230
118000067,617,665,-48
118000068,1119,10897,-9778
118000069,1527,1944,-417
118000070,6854,2940,3914
118000071,4580,12555,-7975
118000072,873,3905,-3032
118000073,555,1870,-1315
118000074,718,560,158
118000075,666,423,243
118000076,2231,6953,-4722
118000077,1236,2554,-1318
118000078,2101,4219,-2118
118000079,379,882,-503
118000080,696,1379,-683
118000081,1841,2817,-976
118000082,390,1830,-1440
118000083,1750,2680,-930
118000084,2565,3763,-1198
118000086,239,824,-585
118000087,4304,3387,917
118000088,1387,2081,-694
118000089,5139,3754,1385
118000090,1061,4252,-3191
118000091,1463,5755,-4292
118000092,1091,855,236
118000093,106,856,-750
118000096,587,1078,-491
118000097,703,1009,-306
118000098,274,371,-97
118000099,1333,512,821
118000101,2830,491,2339
118000102,707,794,-87
118000107,3445,889,2556
118000108,979,5148,-4169
118000110,2,38,-36
118000111,0,132,-132
118000112,1191,4,1187
118000113,7,292,-285
118000114,991,9,982
118000115,14,10,4
118000116,22,0,22
118000117,736,1059,-323
118000118,1306,2551,-1245
118000119,1304,2419,-1115
118000120,1505,1678,-173
118000121,7,506,-499
118000122,686,325,361
118000123,44,360,-316
118000125,1181,1508,-327
118000126,802,2662,-1860
118000127,1554,1388,166
118000128,358,2360,-2002
118000129,2130,868,1262
118000130,2416,3062,-646
118000131,312,762,-450
118000132,4199,3360,839
118000133,1731,823,908
118000135,859,1474,-615
118000136,136,779,-643
118000137,724,128,596
118000138,538,411,127
118000139,760,83,677
118000140,5020,11882,-6862
118000141,4156,2357,1799
118000142,3684,2041,1643
118000143,4505,1873,2632
118000144,1154,657,497
118000145,1714,1402,312
118000146,1921,561,1360
118000147,1613,1075,538
118000148,860,1566,-706
118000149,1250,624,626
118000150,957,223,734
118000151,1400,484,916
118000153,2852,1290,1562
118000154,2106,1844,262
118000155,4153,1745,2408
118000156,3147,4438,-1291
118000157,946,431,515
118000158,377,599,-222
118000159,114,120,-6
118000160,1348,379,969
118000161,1189,371,818
118000162,1926,1298,628
118000163,1516,1361,155
118000164,3017,2012,1005
118000168,667,1773,-1106
118000169,1058,960,98
118000170,3839,3086,753
118000171,546,468,78
118000172,117,143,-26
118000173,1092,2075,-983
118000175,383,369,14
118000176,592,687,-95
118000177,602,959,-357
118000178,22,77,-55
118000179,1061,1496,-435
118000180,1092,812,280
118000181,823,308,515
118000182,407,244,163
118000183,431,370,61
118000184,1951,550,1401
118000185,982,2784,-1802
118000186,763,2069,-1306
118000187,3261,496,2765
118000188,1171,103,1068
118000189,1422,450,972
118000190,18,11,7
118000191,15,43,-28
118000192,41,124,-83
118000193,28,267,-239
118000194,2370,890,1480
118000195,228,4613,-4385
118000196,181,713,-532
118000197,68,258,-190
118000198,466,1804,-1338
118000199,422,1294,-872
118000200,108,679,-571
118000201,321,1139,-818
118000202,55,373,-318
118000203,351,1447,-1096
118000204,82,712,-630
118000205,98,393,-295
118000206,353,384,-31
118000207,0,63,-63
118000208,1826,2164,-338
118000209,3966,1204,2762
118000210,159,47,112
118000211,129,96,33
118000213,462,5890,-5428
118000214,439,1007,-568
118000215,614,146,468
118000216,7711,2010,5701
118000217,12,93,-81
118000218,199,68,131
118000219,379,347,32
118000220,11,96,-85
118000221,795,624,171
118000222,76,17,59
118000223,144,61,83
118000224,177,57,120
118000225,141,1677,-1536
118000226,1564,255,1309
118000227,1192,513,679
118000228,75,568,-493
118000229,60,622,-562
118000230,208,247,-39
118000231,79,295,-216
118000232,1385,402,983
118000233,2047,812,1235
118000234,817,270,547
118000236,470,476,-6
118000237,152,277,-125
118000238,403,183,220
118000239,462,329,133
118000240,206,116,90
118000241,295,215,80
118000242,858,261,597
118000243,392,238,154
118000244,60,76,-16
118000246,2,51,-49
118000255,46,277,-231
118000256,246,216,30
118000259,57,108,-51
118000260,301,89,212
118000261,90,17,73
118000263,191,237,-46
118000266,261,366,-105
118000267,0,388,-388
118000268,241,2,239
118000270,224,5,219
118000271,272,175,97
118000272,109,63,46
118000273,383,63,320
118000274,82,350,-268
118000276,770,449,321
118000295,25,106,-81
118000298,205,159,46
118000299,44,113,-69
118000301,0,159,-159
118000302,139,30,109
118000311,1425,75,1350
118000312,516,141,375
118000313,196,102,94
118000314,251,32,219
118000315,128,14,114
118000316,1564,461,1103
118000325,143,38,105
118000326,111,21,90
118000331,53,18,35
118000332,20,32,-12
118000333,49,42,7
118000335,751,1,750
118000336,1,124,-123
118000407,535,53,482
118000457,6,118,-112
118000465,1044,3943,-2899
118000480,70,57,13
118000489,12,746,-734
118000490,5,183,-178
118000492,451,196,255
118000510,54,34,20
118000514,108,1086,-978
118000515,726,1393,-667
118000517,753,148,605
118000524,144,587,-443
118000525,642,779,-137
118000530,61,225,-164
118000531,742,266,476
118000532,342,249,93
118000533,291,157,134
118000534,1034,336,698
118000535,445,160,285
118000536,125,824,-699
118000537,34,139,-105
118000538,28,112,-84
118000539,50,178,-128
118000540,242,235,7
118000541,117,96,21
118000542,165,426,-261
118000543,314,338,-24
118000546,112,27,85
118000560,1404,3331,-1927
118000562,55,86,-31
118000563,1703,1028,675
118000576,249,31,218
118000577,193,149,44
118000578,67,67,0
118000579,872,2574,-1702
118000595,277,97,180
118000596,1,763,-762
118000597,117,75,42
118000598,27,0,27
118000599,157,42,115
118000600,2,28,-26
118000601,41,0,41
118000602,0,16,-16
118000603,0,10,-10
118900001,565,1541,-976
118900002,722,1450,-728
118900003,881,18,863
118900004,77,33,44
118900005,106,9,97
118900006,313,8,305
118900007,3,3,0
118900008,1587,63,1524
118900009,95,116,-21
118900010,137,19,118
118900011,201,46,155
118900012,403,247,156
118900013,901,582,319
118900015,479,80,399
118900016,14,6,8
118900017,28,230,-202
118900018,1665,60,1605
118900019,16,23,-7
118900020,92,263,-171
118900021,186,739,-553
118900022,204,41,163
118900023,98,178,-80
118900024,179,212,-33
118900025,51,53,-2
118900026,75,38,37
118900027,448,227,221
118900028,242,170,72
118900029,313,693,-380
118900030,966,61,905
118900031,203,56,147
118900032,491,122,369
118900033,370,813,-443
118900034,284,35,249
118900035,148,113,35
118900036,1647,563,1084
118900037,402,794,-392
118900038,733,86,647
118900039,1043,116,927
118900040,404,164,240
118900041,969,279,690
118900042,221,82,139
118900045,335,172,163
118900046,547,339,208
118900047,387,520,-133
118900048,112,880,-768
118900049,106,46,60
118900050,69,12,57
118900051,79,239,-160
118900052,339,619,-280
118900053,13,73,-60
118900054,387,21,366
118900055,261,45,216
118900056,51,454,-403
118900057,1497,707,790
118900058,516,620,-104
118900059,22,127,-105
118900060,75,48,27
118900062,488,146,342
118900064,226,913,-687
118900065,54,151,-97
118900066,149,66,83
118900067,3159,6826,-3667
118900068,12,338,-326
118900069,953,191,762
118900071,6,29,-23
118900072,785,494,291
118900073,397,112,285
118900074,348,83,265
118900075,163,38,125
118900076,235,200,35
118900077,502,216,286
118900078,12,2,10
118900079,84,133,-49
118900080,79,62,17
118900081,81,71,10
118900082,2364,245,2119
118900083,25,3,22
118900084,15,12,3
118900085,774,539,235
118900086,74,190,-116
118900087,124,720,-596
118900088,0,3,-3
118900089,16,38,-22
118900090,696,255,441
118900091,131,385,-254
118900092,569,29,540
118900093,120,41,79
118900096,44,32,12
118900097,341,719,-378
118900099,141,246,-105
118900100,94,308,-214
118900101,335,226,109
118900102,51,105,-54
118900103,30,285,-255
118900104,541,130,411
118900105,338,136,202
118900107,133,65,68
118900108,136,117,19
118900109,279,640,-361
118900110,1259,1316,-57
118900111,919,410,509
118900112,218,236,-18
118900113,112,323,-211
118900114,9,234,-225
118900115,196,516,-320
118900116,124,231,-107
118900117,173,140,33
118900118,447,318,129
118900119,256,219,37
118900120,131,381,-250
118900121,58,85,-27
118900122,8,1457,-1449
118900123,271,325,-54
118900124,167,180,-13
118900126,56,580,-524
118900129,515,324,191
118900130,24,211,-187
118900131,409,185,224
118900132,442,248,194
118900133,14,152,-138
118900135,340,164,176
118900136,333,306,27
118900137,25,114,-89
118900139,331,204,127
118900140,761,471,290
118900141,150,70,80
118900144,262,263,-1
118900145,7,105,-98
118900146,690,566,124
118900147,79,487,-408
118900148,65,57,8
118900150,110,688,-578
118900152,793,652,141
118900157,51,230,-179
118900158,222,53,169
118900159,4,126,-122
118900161,80,23,57
118900163,94,85,9
118900164,1,36,-35
118900165,155,59,96
118900166,38,1,37
118900167,167,72,95
118900168,37,349,-312
118900169,175,177,-2
118900170,453,20,433
118900171,74,46,28
118900174,169,32,137
118900175,1088,590,498
118900176,317,338,-21
118900177,168,29,139
118900178,90,177,-87
118900179,3,35,-32
118900181,145,106,39
118900182,76,95,-19
118900183,28,298,-270
118900184,297,135,162
118900185,198,86,112
118900186,112,197,-85
118900187,213,477,-264
118900188,468,320,148
118900189,57,1078,-1021
118900190,65,199,-134
118900191,443,27,416
118900192,587,12,575
118900193,1161,30,1131
118900195,263,484,-221
118900196,87,208,-121
118900197,453,30,423
118900198,29,11,18
118900199,154,13,141
118900200,44,32,12
118900201,44,90,-46
118900202,15,53,-38
118900203,29,8,21
118900204,41,13,28
118900205,1,8,-7
118900206,17,5,12
119000001,2311,3664,-1353
119000002,5170,6387,-1217
119000003,5347,1039,4308
119000004,3832,2637,1195
119000005,3171,3940,-769
119000006,5431,2232,3199
119000007,5777,4983,794
119000008,2713,2070,643
119000009,4061,8678,-4617
119000010,4891,5277,-386
119000011,2983,4306,-1323
119000012,1378,4468,-3090
119000013,4641,2899,1742
119000014,1712,2974,-1262
119000019,423,216,207
119000020,3828,2494,1334
119000021,8812,5451,3361
119000022,1646,6302,-4656
119000023,280,398,-118
119000024,3230,26505,-23275
119000025,4755,1418,3337
119000026,55,966,-911
119000027,234,569,-335
119000028,2176,748,1428
119000029,73,438,-365
119000030,757,983,-226
119000031,1155,672,483
119000032,3975,2658,1317
119000033,2954,1380,1574
119000034,1959,890,1069
119000035,42,263,-221
119000036,3886,539,3347
119000037,2419,941,1478
119000038,290,400,-110
119000039,954,495,459
119000040,1025,1101,-76
119000041,870,1596,-726
119000048,2834,2104,730
119000049,3718,1670,2048
119000050,1889,1589,300
119000051,3062,1213,1849
119000052,3881,3240,641
119000053,2807,1312,1495
119000054,5158,1858,3300
119000055,8612,2717,5895
119000056,5652,2265,3387
119000057,2652,1328,1324
119000058,2522,1497,1025
119000059,1569,1539,30
119000060,2486,1225,1261
119000061,1643,825,818
119000062,1450,1567,-117
119000063,935,587,348
119000064,1142,1268,-126
119000065,1555,4595,-3040
119000066,3283,1475,1808
119000067,2445,1798,647
119000068,2833,1037,1796
119000069,2646,2082,564
119000070,4884,651,4233
119000071,585,784,-199
119000072,7698,4297,3401
119000073,4991,13928,-8937
119000074,2291,1941,350
119000075,5571,2720,2851
119000076,252,2141,-1889
119000077,689,1070,-381
119000078,703,414,289
119000079,226,1345,-1119
119000080,1028,359,669
119000081,497,1779,-1282
119000082,1376,421,955
119000083,1013,592,421
119000084,416,731,-315
119000085,1452,145,1307
119000086,468,871,-403
119000087,984,457,527
119000088,444,201,243
119000089,111,259,-148
119000090,205,116,89
119000091,115,314,-199
119000092,642,136,506
119000093,4734,2506,2228
119000094,5993,7129,-1136
119000095,3636,4421,-785
119000097,1959,1117,842
119000098,1851,6416,-4565
119000099,2927,1291,1636
119000100,6826,4158,2668
119000101,5085,2774,2311
119000102,659,2230,-1571
119000103,1251,1131,120
119000104,1510,916,594
119000105,1260,4267,-3007
119000106,622,691,-69
119000107,1941,809,1132
119000108,728,552,176
119000109,236,1632,-1396
119000110,459,1648,-1189
119000111,78,1437,-1359
119000112,141,352,-211
119000113,1559,689,870
119000114,2419,1788,631
119000115,201,233,-32
119000116,137,205,-68
119000117,249,523,-274
119000118,7,1,6
119000123,3211,4923,-1712
119000124,1697,185,1512
119000125,7449,511,6938
119000126,1495,360,1135
119000127,1386,373,1013
119000128,23,1,22
119000131,1767,341,1426
119000132,2,4,-2
119000133,2,20,-18
119000134,1693,707,986
119000135,322,372,-50
119000136,624,111,513
119000137,503,161,342
119000138,1348,81,1267
119000139,355,85,270
119000140,656,405,251
119000284,1140,2216,-1076
119000285,2066,1450,616
119000286,4788,3700,1088
119000287,1753,1654,99
119000288,2881,984,1897
119000289,1532,3270,-1738
119000290,368,289,79
119000291,87,309,-222
119000293,205,214,-9
119000294,55,36,19
119000295,1619,320,1299
119000296,314,172,142
119000302,1862,1661,201
119000303,23,373,-350
119000314,1754,19136,-17382
119000315,1,160,-159
119000316,317,65,252
119000317,183,78,105
119900001,237,2547,-2310
119900002,296,300,-4
119900003,36,386,-350
119900004,193,3416,-3223
119900005,366,64,302
119900006,304,533,-229
119900007,1036,329,707
119900008,17,37,-20
119900009,610,399,211
119900010,948,1932,-984
119900011,64,432,-368
119900012,30,233,-203
119900013,2796,2708,88
119900014,531,466,65
119900015,559,88,471
119900016,101,76,25
119900017,52,47,5
119900018,1230,2293,-1063
119900019,104,19,85
119900020,130,191,-61
119900021,399,82,317
119900022,137,2026,-1889
119900023,376,3961,-3585
119900025,666,21,645
119900026,758,178,580
119900027,28,16,12
119900028,424,338,86
119900029,3,8,-5
119900030,755,342,413
119900031,120,1302,-1182
119900033,2147,556,1591
119900034,1245,52,1193
119900037,353,8,345
119900038,79,721,-642
119900039,47,64,-17
119900040,313,52,261
119900041,316,18,298
119900042,78,182,-104
119900043,211,189,22
119900044,245,1386,-1141
119900046,354,40,314
119900047,698,280,418
119900048,98,20,78
119900049,263,4,259
119900050,410,328,82
119900051,2353,20,2333
119900052,160,30,130
119900053,518,111,407
119900054,485,5,480
119900055,2509,527,1982
119900057,395,29,366
119900058,650,9,641
119900059,96,30,66
119900060,481,78,403
119900061,851,7,844
119900062,216,16,200
119900063,15,104,-89
119900064,1291,136,1155
119900065,366,10,356
119900066,3,0,3
119900067,132,19,113
119900068,1156,8,1148
119900069,213,10,203
119900070,2431,16,2415
119900071,1460,87,1373
119900072,514,188,326
119900073,1130,455,675
119900074,23,60,-37
119900075,1750,2584,-834
119900076,1664,250,1414
119900077,1780,334,1446
119900078,1036,531,505
119900079,750,149,601
119900080,594,359,235
119900081,250,16,234
119900082,3239,304,2935
119900083,641,70,571
119900084,643,510,133
119900085,74,57,17
119900086,521,423,98
119900087,528,772,-244
119900088,38,22,16
119900089,59,182,-123
119900090,67,36,31
119900091,120,229,-109
119900092,63,313,-250
119900093,2311,411,1900
119900094,52,166,-114
119900095,164,107,57
119900096,21,88,-67
119900097,248,205,43
119900098,127,64,63
119900099,35,131,-96
119900100,662,3784,-3122
119900101,182,2900,-2718
119900102,74,168,-94
119900103,121,159,-38
119900104,42,164,-122
119900105,1067,9029,-7962
119900106,11,109,-98
119900107,229,1234,-1005
119900108,7826,809,7017
119900109,37,117,-80
119900110,1171,393,778
119900111,293,113,180
119900112,757,1014,-257
119900113,87,230,-143
119900114,476,663,-187
119900115,827,339,488
119900116,184,563,-379
119900117,663,332,331
119900118,234,238,-4
119900119,546,128,418
119900120,730,413,317
119900121,868,365,503
119900122,114,200,-86
119900123,210,457,-247
119900124,384,312,72
119900125,40,235,-195
119900126,4472,245,4227
119900127,830,618,212
119900128,690,350,340
119900129,569,180,389
119900130,22,137,-115
119900131,67,83,-16
119900132,10,93,-83
119900133,200,102,98
119900134,603,106,497
119900135,0,206,-206
119900136,138,249,-111
119900138,220,429,-209
119900139,6,91,-85
119900140,2,105,-103
119900141,67,1343,-1276
119900142,23,27,-4
119900143,37,395,-358
119900144,1185,246,939
119900145,151,129,22
119900146,197,173,24
119900147,5,231,-226
119900148,536,53,483
119900149,616,8350,-7734
119900150,148,111,37
119900151,2366,1409,957
119900152,329,148,181
119900153,342,71,271
119900154,37,149,-112
119900155,61,21,40
119900156,19,17,2
119900157,309,127,182
119900158,422,77,345
119900159,1,350,-349
119900160,66,61,5
119900161,128,140,-12
119900162,1799,1129,670
119900163,53,189,-136
119900164,2,0,2
119900165,283,85,198
119900166,135,71,64
119900167,7,63,-56
119900168,1996,471,1525
119900169,53,342,-289
119900170,220,335,-115
119900171,1185,395,790
119900172,87,60,27
119900173,20,139,-119
119900174,9,109,-100
119900175,2788,495,2293
119900177,44,140,-96
119900178,20,98,-78
119900179,290,1290,-1000
119900180,1469,1041,428
119900181,36,166,-130
119900182,7,116,-109
119900183,159,595,-436
119900184,702,418,284
119900185,104,399,-295
119900186,22,2205,-2183
119900187,8,169,-161
119900188,251,355,-104
119900189,235,462,-227
119900190,109,508,-399
119900191,246,616,-370
119900192,87,135,-48
119900193,840,115,725
119900194,64,75,-11
119900195,90,131,-41
119900196,347,145,202
119900197,559,251,308
119900198,240,257,-17
119900199,203,27,176
119900200,1021,595,426
119900201,244,170,74
119900202,71,328,-257
119900203,189,830,-641
119900204,436,283,153
119900205,1563,286,1277
119900206,455,122,333
119900208,160,178,-18
119900209,886,2692,-1806
119900210,92,16,76
119900211,114,11,103
119900212,589,321,268
119900213,22,91,-69
119900214,136,13,123
119900215,92,40,52
119900216,48,21,27
119900217,37,25,12
119900218,20,128,-108
119900219,19,34,-15
119900220,12,27,-15
119900221,66,80,-14
119900222,23,70,-47
119900223,31,54,-23
119900224,30,14,16
119900225,332,48,284
119900226,311,2819,-2508
119900227,415,326,89
119900228,21,203,-182
119900229,163,348,-185
119900230,1100,326,774
119900231,591,78,513
119900232,282,176,106
119900233,138,24,114
119900234,17,148,-131
119900235,8,28,-20
119900236,17,170,-153
119900237,95,837,-742
119900238,0,69,-69
119900240,136,76,60
119900241,241,142,99
119900242,1958,1924,34
119900244,849,1221,-372
119900245,245,276,-31
119900246,288,702,-414
119900247,34,117,-83
119900248,68,671,-603
119900249,595,164,431
119900253,1241,476,765
119900254,112,1776,-1664
119900255,241,1842,-1601
119900256,1955,433,1522
119900257,172,8,164
119900258,450,16,434
119900259,0,40,-40
119900260,395,14,381
119900261,744,141,603
119900262,3,123,-120
119900263,2185,304,1881
119900264,248,58,190
119900265,1314,184,1130
119900266,754,210,544
119900267,256,341,-85
119900268,262,99,163
119900269,3153,563,2590
119900271,46,138,-92
119900272,271,559,-288
119900275,299,77,222
119900276,156,12,144
119900277,28,19,9
119900278,245,99,146
119900279,91,414,-323
119900280,539,121,418
119900281,1,500,-499
119900282,56,253,-197
119900283,52,81,-29
119900284,57,127,-70
119900285,5,213,-208
119900286,2,17,-15
119900288,14,3,11
119900289,0,5,-5
119900290,4,0,4
119900291,0,87,-87
119900292,42,63,-21
119900293,38,71,-33
119900294,37,50,-13
119900295,23,7,16
119900296,91,33,58
119900297,5,13,-8
119900298,8,15,-7
119900299,110,94,16
119900300,435,232,203
119900301,72,267,-195
119900302,70,125,-55
119900303,509,138,371
119900304,342,8,334
119900305,8,99,-91
119900306,40,1,39
119900307,99,44,55
119900308,9,15,-6
119900309,63,387,-324
119900310,331,329,2
119900311,224,48,176
119900312,272,76,196
119900313,323,236,87
119900314,376,579,-203
119900315,3549,1096,2453
119900318,19,110,-91
119900319,9,93,-84
119900320,375,298,77
119900321,239,22,217
120000001,11152,39388,-28236
120000002,3577,2874,703
120000003,2994,1589,1405
120000004,3193,1333,1860
120000005,2721,1845,876
120000006,1342,1106,236
120000007,3382,6294,-2912
120000008,1183,1280,-97
120000009,1783,1163,620
120000010,3058,2518,540
120000011,1299,1328,-29
120000012,2233,2384,-151
120000013,4952,3293,1659
120000014,912,1665,-753
120000015,3752,1829,1923
120000016,6233,2611,3622
120000017,6479,4939,1540
120000018,4554,24429,-19875
120000019,1676,2506,-830
120000020,3628,5378,-1750
120000021,2640,3170,-530
120000022,3786,5347,-1561
120000023,2210,2131,79
120000024,1755,3041,-1286
120000025,4239,2083,2156
120000026,4985,2626,2359
120000027,3838,3238,600
120000028,1679,6181,-4502
120000029,1312,5665,-4353
120000030,275,1193,-918
120000031,2964,7675,-4711
120000032,5991,3819,2172
120000033,5472,1689,3783
120000034,4557,1155,3402
120000035,5389,2535,2854
120000036,5751,7618,-1867
120000037,914,2778,-1864
120000038,8914,4539,4375
120000039,1256,1198,58
120000040,108,2392,-2284
120000041,609,1657,-1048
120000042,3010,1517,1493
120000043,7822,1230,6592
120000044,9703,1919,7784
120000045,12614,1132,11482
120000046,8542,5243,3299
120000047,549,15785,-15236
120000048,9547,5845,3702
120000049,5460,3773,1687
120000050,5123,5870,-747
120000051,3132,6012,-2880
120000052,9906,1672,8234
120000053,1864,1851,13
120000054,1845,2948,-1103
120000055,2241,4024,-1783
120000056,7855,4775,3080
120000057,7019,2099,4920
120000058,1978,3260,-1282
120000059,29,2453,-2424
120000061,153,601,-448
120000062,161,475,-314
120000063,1065,2228,-1163
120000064,571,715,-144
120000065,559,1115,-556
120000066,446,525,-79
120000067,34,312,-278
120000068,277,326,-49
120000069,977,401,576
120000070,226,390,-164
120000071,1337,61,1276
120000072,1629,480,1149
120000073,1832,120,1712
120000074,219,209,10
120000075,1977,681,1296
120000076,4173,542,3631
120000077,3940,864,3076
120000078,3844,1591,2253
120000079,427,229,198
120000080,166,248,-82
120000081,378,188,190
120000082,428,354,74
120000083,86,1037,-951
120000084,425,490,-65
120000085,303,463,-160
120000086,256,309,-53
120000087,404,313,91
120000088,1133,1044,89
120000089,1631,484,1147
120000090,1356,465,891
120000091,1883,803,1080
120000092,1887,547,1340
120000093,1505,751,754
120000094,520,1202,-682
120000095,1282,354,928
120000096,493,462,31
120000098,1372,407,965
120000099,527,515,12
120000100,1190,810,380
120000101,1200,648,552
120000102,1290,1541,-251
120000103,2252,1426,826
120000104,3563,676,2887
120000105,4709,622,4087
120000106,4841,731,4110
120000107,9243,696,8547
120000108,3053,189,2864
120000109,2178,132,2046
120000110,101,680,-579
120000111,161,699,-538
120000112,825,1516,-691
120000113,575,1183,-608
120000114,603,1423,-820
120000115,366,1366,-1000
120000116,608,1348,-740
120000117,551,1080,-529
120000118,38,66,-28
120000119,30,27,3
120000120,247,197,50
120000121,25,47,-22
120000122,313,1090,-777
120000123,2722,13910,-11188
120000124,698,567,131
120000125,1616,629,987
120000126,514,2125,-1611
120000127,1255,2789,-1534
120000128,2600,6895,-4295
120000129,229,278,-49
120000130,1108,566,542
120000131,649,841,-192
120000134,462,272,190
120000135,1653,690,963
120000137,471,358,113
120000138,2811,217,2594
120000139,485,188,297
120000140,2235,161,2074
120000141,517,251,266
120000142,1471,341,1130
120000143,0,51,-51
120000144,235,15,220
120000145,1103,2,1101
120000146,1294,2246,-952
120000149,845,681,164
120000150,2415,16697,-14282
120000151,593,350,243
120000152,1550,133,1417
120000153,1032,536,496
120000154,1003,907,96
120000155,343,465,-122
120000156,435,3166,-2731
120000157,1537,581,956
120000158,1724,753,971
120000159,2188,2096,92
120000160,3303,2284,1019
120000161,4994,2959,2035
120000162,204,484,-280
120000163,1277,653,624
120000164,1137,168,969
120000165,1298,442,856
120000166,2326,342,1984
120000167,676,757,-81
120000168,60,2428,-2368
120000169,112,5687,-5575
120000170,61,5131,-5070
120000171,45,1807,-1762
120000172,26,912,-886
120000173,302,5162,-4860
120000174,37,103,-66
120000175,62,136,-74
120000176,34,98,-64
120000177,1000,205,795
120000178,17,61,-44
120000179,51,117,-66
120000180,97,216,-119
120000181,386,4881,-4495
120000182,185,2187,-2002
120000183,13,1889,-1876
120000184,446,3642,-3196
120000186,37,2624,-2587
120000187,15,1152,-1137
120000188,40,1940,-1900
120000190,71,260,-189
120000191,140,273,-133
120000192,113,77,36
120000193,70,13,57
120000195,20,5,15
120000196,32,19,13
120000197,20,17,3
120000198,558,68,490
120000199,680,3,677
120000200,533,0,533
120000201,31,114,-83
120000202,0,53,-53
120000203,206,140,66
120000207,1,36,-35
120000208,30,75,-45
120000209,19,24,-5
120000210,82,39,43
120000211,518,5,513
120000212,480,2,478
120000213,377,104,273
120000214,1,119,-118
120000215,2,109,-107
120000216,436,37,399
120000217,294,1109,-815
120000218,72,546,-474
120000219,3,366,-363
120000220,2,846,-844
120000225,4439,21,4418
120000226,992,26,966
120000227,1778,243,1535
120000228,20477,6609,13868
120000230,923,19,904
120000231,3005,835,2170
120000233,932,6,926
120000235,483,376,107
120000236,2443,10,2433
120000237,4,770,-766
120000238,11,1950,-1939
120000241,1934,6369,-4435
120000412,286,10,276
120000413,690,155,535
120000414,419,2,417
120000415,0,16,-16
120000416,219,6,213
120000417,4,49,-45
120000418,457,34,423
120000419,14,86,-72
120000420,22,12,10
120000421,9028,5251,3777
120000422,210,3216,-3006
120000423,5,118,-113
120000424,299,94,205
120000436,108,1435,-1327
120000437,105,175,-70
120000438,1880,305,1575
120000439,407,967,-560
120000443,182,2,180
120000444,2688,473,2215
120000445,3320,1468,1852
120000446,1735,221,1514
120000447,489,0,489
120000449,453,3,450
120000450,11,89,-78
120000451,272,263,9
120000452,836,5,831
120000453,0,54,-54
120000454,72,82,-10
120000455,167,64,103
120000456,6571,7285,-714
120000457,548,479,69
120000458,571,467,104
120000459,252,70,182
120000665,327,439,-112
120000668,201,8720,-8519
120000669,321,165,156
120000670,98,4764,-4666
120000671,3688,933,2755
120000672,101,373,-272
120900001,149,74,75
120900002,117,1015,-898
120900003,327,19,308
120900004,23,346,-323
120900005,2,335,-333
120900006,1231,392,839
120900007,485,77,408
120900008,768,503,265
120900009,318,29,289
120900010,1326,309,1017
120900011,59,355,-296
120900012,76,2072,-1996
120900013,648,222,426
120900014,1,361,-360
120900015,1294,143,1151
120900016,2569,133,2436
120900017,2397,69,2328
120900018,409,259,150
120900019,873,612,261
120900020,756,1467,-711
120900021,1102,307,795
120900022,18,299,-281
120900023,565,53,512
120900024,2195,651,1544
120900025,1271,1369,-98
120900026,202,221,-19
120900027,927,37,890
120900028,1064,270,794
120900029,65,1491,-1426
120900030,3918,1186,2732
120900031,667,173,494
120900032,2547,69,2478
120900033,2347,149,2198
120900034,32,5557,-5525
120900035,148,127,21
120900037,562,20,542
120900038,210,823,-613
120900039,199,126,73
120900040,679,14,665
120900041,41,31,10
120900042,1184,47,1137
120900043,154,94,60
120900044,14,716,-702
120900045,111,44,67
120900046,1311,7,1304
120900047,362,371,-9
120900048,457,93,364
120900049,1093,8,1085
120900050,1265,3759,-2494
120900051,636,94,542
120900052,1517,25,1492
120900053,952,38,914
120900054,871,352,519
120900055,1154,113,1041
120900056,1542,72,1470
120900057,524,71,453
120900058,1296,3,1293
120900059,292,5,287
120900060,122,38,84
120900061,307,154,153
120900062,657,6,651
120900063,2187,28,2159
120900064,1486,3,1483
120900065,1295,7,1288
120900066,1122,360,762
120900067,433,141,292
120900068,775,0,775
120900069,781,25,756
120900071,44,2,42
120900072,2013,27,1986
120900073,1905,72,1833
120900074,1486,36,1450
120900076,740,1,739
120900077,1649,452,1197
120900078,1659,423,1236
120900079,2158,128,2030
120900080,2047,546,1501
120900081,2755,486,2269
120900082,357,633,-276
120900083,137,3,134
120900084,899,891,8
120900085,85,127,-42
120900086,58,998,-940
120900087,754,420,334
120900088,303,1175,-872
120900089,1846,6212,-4366
120900090,465,29,436
120900091,485,1251,-766
120900092,349,368,-19
120900093,1196,181,1015
120900094,251,172,79
120900095,493,43,450
120900096,125,175,-50
120900097,698,550,148
120900098,118,161,-43
120900099,127,85,42
120900100,97,364,-267
120900101,182,149,33
120900102,135,86,49
120900103,161,288,-127
120900104,9,56,-47
120900105,65,205,-140
120900106,448,239,209
120900107,166,127,39
120900108,21,195,-174
120900109,76,287,-211
120900110,79,252,-173
120900111,172,265,-93
120900112,106,350,-244
120900113,34,307,-273
120900114,83,138,-55
120900115,187,303,-116
120900116,969,238,731
120900117,13,188,-175
120900118,23,238,-215
120900119,19923,3133,16790
120900120,92,351,-259
120900121,60,279,-219
120900122,1529,215,1314
120900123,29,118,-89
120900124,1,186,-185
120900125,28,417,-389
120900126,521,564,-43
120900127,48,177,-129
120900128,469,805,-336
120900129,16,139,-123
120900130,19,226,-207
120900131,258,126,132
120900132,2126,193,1933
120900133,29,341,-312
120900134,161,223,-62
120900135,2,223,-221
120900136,85,151,-66
120900137,618,121,497
120900138,14,154,-140
120900139,0,275,-275
120900140,11,195,-184
120900141,482,193,289
120900142,13,114,-101
120900143,1,225,-224
120900144,0,44,-44
120900145,188,331,-143
120900146,0,288,-288
120900147,2,368,-366
120900148,253,113,140
120900149,0,96,-96
120900150,158,243,-85
120900151,0,144,-144
120900152,2,5,-3
120900153,0,0,0
120900154,23,130,-107
120900155,371,315,56
120900156,290,190,100
120900157,2,2,0
120900158,108,188,-80
120900159,8,62,-54
120900160,69,381,-312
120900161,200,581,-381
120900162,160,1424,-1264
120900163,377,5498,-5121
120900164,1,116,-115
120900165,3,345,-342
120900166,45,1181,-1136
120900167,268,135,133
120900169,163,176,-13
120900170,342,6509,-6167
120900171,415,162,253
120900172,422,6931,-6509
120900173,79,47,32
120900174,1,142,-141
120900175,164,130,34
120900176,46,554,-508
120900177,6,2933,-2927
120900178,4,1054,-1050
120900179,234,335,-101
120900180,64,455,-391
120900181,37,47,-10
120900182,60,121,-61
120900183,1532,103,1429
120900184,386,67,319
120900185,1312,2059,-747
120900186,0,173,-173
120900187,956,1003,-47
120900188,513,23,490
120900189,139,5513,-5374
120900190,456,2,454
120900191,112,16,96
120900192,5454,21085,-15631
120900194,173,161,12
120900195,152,234,-82
120900196,569,42,527
120900197,1163,320,843
120900198,149,369,-220
120900199,678,1240,-562
120900200,31,189,-158
120900201,279,133,146
120900202,0,94,-94
120900203,62,97,-35
120900204,78,213,-135
120900205,82,27,55
120900206,92,69,23
121000001,768,2715,-1947
121000002,3498,3138,360
121000003,6442,2727,3715
121000004,3369,5016,-1647
121000005,2171,3540,-1369
121000006,4512,4530,-18
121000007,2704,8693,-5989
121000008,5716,8795,-3079
121000009,4904,11670,-6766
121000010,8492,10636,-2144
121000011,8303,14819,-6516
121000012,16608,9683,6925
121000013,8493,9043,-550
121000014,7729,6508,1221
121000015,6798,11329,-4531
121000016,5522,5856,-334
121000017,3220,2312,908
121000018,5100,2526,2574
121000019,9847,9505,342
121000020,13119,20541,-7422
121000021,2440,2378,62
121000022,3688,4642,-954
121000023,3241,1372,1869
121000024,6221,6436,-215
121000025,448,1822,-1374
121000026,384,216,168
121000027,2386,1998,388
121000028,1397,1212,185
121000029,1296,709,587
121000030,1063,637,426
121000031,631,1061,-430
121000032,226,244,-18
121000034,533,588,-55
121000035,256,296,-40
121000036,1255,1531,-276
121000037,745,2355,-1610
121000038,473,1335,-862
121000039,328,547,-219
121000041,557,836,-279
121000042,288,518,-230
121000043,638,1047,-409
121000044,1789,1729,60
121000045,670,270,400
121000046,1275,1257,18
121000047,94,94,0
121000049,1243,965,278
121000050,322,3137,-2815
121000051,904,499,405
121000052,698,1766,-1068
121000053,411,234,177
121000054,77,716,-639
121000055,1091,4663,-3572
121000056,1216,1868,-652
121000057,228,819,-591
121000058,302,273,29
121000059,4966,1829,3137
121000060,721,1745,-1024
121000061,93,647,-554
121000062,281,1044,-763
121000063,1018,1653,-635
121000064,725,993,-268
121000065,262,1331,-1069
121000066,368,1093,-725
121000067,482,1180,-698
121000068,575,828,-253
121000069,191,2320,-2129
121000070,1878,1811,67
121000071,2364,2901,-537
121000072,1101,1522,-421
121000073,1271,2209,-938
121000074,102,380,-278
121000075,19,303,-284
121000076,401,515,-114
121000077,211,244,-33
121000078,113,291,-178
121000080,2688,892,1796
121000081,6307,5770,537
121000082,123,483,-360
121000083,128,211,-83
121000084,242,484,-242
121000085,422,612,-190
121000086,1486,832,654
121000087,109,396,-287
121000088,971,754,217
121000089,246,1162,-916
121000090,247,548,-301
121000091,1584,1332,252
121000092,421,103,318
121000093,436,314,122
121000094,529,1398,-869
121000095,185,1714,-1529
121000096,8141,4059,4082
121000097,676,4709,-4033
121000098,817,462,355
121000099,1015,747,268
121000100,1355,160,1195
121000101,592,233,359
121000102,563,132,431
121000103,343,160,183
121000104,517,67,450
121000105,692,126,566
121000106,443,214,229
121000107,2671,3845,-1174
121000109,1591,1150,441
121000110,308,991,-683
121000114,6537,3453,3084
121000115,6017,1057,4960
121000116,567,1804,-1237
121000117,376,410,-34
121000118,2210,402,1808
121000119,336,286,50
121000120,585,468,117
121000121,639,2181,-1542
121000123,1130,697,433
121000126,77,658,-581
121000127,178,148,30
121000128,1567,253,1314
121000129,1357,418,939
121000130,925,615,310
121000131,1351,1280,71
121000132,889,1775,-886
121000135,480,860,-380
121000136,1063,1964,-901
121000137,1060,490,570
121000138,776,2396,-1620
121000139,342,847,-505
121000141,380,475,-95
121000142,771,984,-213
121000143,178,29,149
121000144,552,1285,-733
121000145,856,1218,-362
121000146,1675,2342,-667
121000147,1583,1155,428
121000148,1152,1138,14
121000149,3163,4020,-857
121000152,404,452,-48
121000153,2119,683,1436
121000154,2614,789,1825
121000155,3491,1648,1843
121000156,497,1678,-1181
121000157,1018,2074,-1056
121000158,370,364,6
121000159,402,467,-65
121000160,487,487,0
121000161,414,518,-104
121000162,271,113,158
121000165,2121,3053,-932
121000166,36,492,-456
121000168,644,328,316
121000169,140,190,-50
121000170,413,112,301
121000171,72,310,-238
121000172,1520,1541,-21
121000173,2734,2405,329
121000174,983,1070,-87
121000175,2709,788,1921
121000176,648,438,210
121000177,1071,815,256
121000178,86,118,-32
121000179,53,112,-59
121000181,528,510,18
121000182,350,593,-243
121000183,127,255,-128
121000184,49,350,-301
121000185,67,595,-528
121000186,379,1339,-960
121000187,419,152,267
121000188,513,107,406
121000192,1322,713,609
121000193,1014,449,565
121000194,2361,2673,-312
121000195,379,2095,-1716
121000196,575,531,44
121000197,160,3263,-3103
121000198,203,470,-267
121000199,190,526,-336
121000200,996,384,612
121000201,10,373,-363
121000202,288,17,271
121000203,1147,2398,-1251
121000204,5206,1206,4000
121000205,135,490,-355
121000206,163,144,19
121000207,3275,790,2485
121000208,5,262,-257
121000209,1127,118,1009
121000210,1222,259,963
121000211,703,328,375
121000212,666,543,123
121000213,23716,4704,19012
121000214,1434,3139,-1705
121000215,1112,3281,-2169
121000216,744,970,-226
121000217,5195,5033,162
121000218,561,3195,-2634
121000219,2135,1197,938
121000220,248,174,74
121000221,243,861,-618
121000222,4630,4680,-50
121000223,214,1681,-1467
121000224,198,949,-751
121000225,701,4785,-4084
121000226,1375,2291,-916
121000227,20,222,-202
121000228,46,875,-829
121000229,758,801,-43
121000230,72,3361,-3289
121000231,1983,37,1946
121000232,731,474,257
121000233,807,417,390
121000234,10,89,-79
121000235,72,54,18
121000236,10,93,-83
121000237,28,35,-7
121000238,11,113,-102
121000239,116,5,111
121000240,12,222,-210
121000241,142,23,119
121000242,124,720,-596
121000243,243,87,156
121000244,14,133,-119
121000245,25,27,-2
121000246,2,194,-192
121000247,183,18,165
121000248,730,2107,-1377
121000249,64,343,-279
121000250,800,544,256
121000251,32,290,-258
121000252,268,222,46
121000253,490,342,148
121000254,1152,220,932
121000255,284,296,-12
121000256,487,335,152
121000257,32,123,-91
121000258,78,296,-218
121000259,29,126,-97
121000260,54,189,-135
121000261,95,201,-106
121000262,2284,671,1613
121000263,716,647,69
121000271,1855,3033,-1178
121000273,105,7,98
121000274,35,132,-97
121000275,8,6,2
121000276,29,65,-36
121000278,89,45,44
121000279,49,52,-3
121000280,72,62,10
121000289,741,29,712
121000290,2649,2183,466
121000294,396,40,356
121000297,525,1487,-962
121000299,139,1984,-1845
121000300,2721,1371,1350
121000302,19,1062,-1043
121000303,697,268,429
121000304,643,139,504
121000305,439,120,319
121000306,287,327,-40
121000308,142,414,-272
121000309,366,643,-277
121000310,190,455,-265
121000311,96,388,-292
121000312,788,839,-51
121000313,462,393,69
121000314,37,65,-28
121000315,20,53,-33
121000530,2872,2920,-48
121000531,2488,2182,306
121000532,8094,10111,-2017
121000533,4759,5110,-351
121000918,33,81,-48
121000919,31,117,-86
121000938,117,184,-67
121000939,33,243,-210
121000956,2387,1651,736
121000957,7,52,-45
121000958,12,259,-247
121000959,1822,380,1442
121000960,2171,1315,856
121000961,508,108,400
121000962,1436,564,872
121000973,1,372,-371
121000976,7,188,-181
121000979,804,204,600
121000981,471,167,304
121000982,539,243,296
121000983,641,307,334
121000984,38,103,-65
121000985,1368,299,1069
121000986,835,69,766
121000987,378,687,-309
121000988,1787,161,1626
121001302,338,231,107
121001308,3,89,-86
121001309,46,482,-436
121001313,302,64,238
121001314,1693,2377,-684
121001315,7722,5010,2712
121900001,226,497,-271
121900002,45,89,-44
121900003,580,64,516
121900004,98,819,-721
121900005,39,39,0
121900006,143,5,138
121900007,3030,2821,209
121900008,64,512,-448
121900009,2117,45,2072
121900010,361,6,355
121900011,353,246,107
121900012,12,1,11
121900013,314,107,207
121900014,3254,481,2773
121900015,203,264,-61
121900016,4,44,-40
121900017,875,1778,-903
121900018,809,6,803
121900019,837,377,460
121900020,60,7,53
121900021,1694,18,1676
121900022,305,373,-68
121900023,257,720,-463
121900024,769,58,711
121900025,894,750,144
121900026,607,122,485
121900027,728,454,274
121900028,362,19,343
121900029,173,370,-197
121900030,563,860,-297
121900031,1655,9589,-7934
121900032,211,123,88
121900033,187,521,-334
121900034,427,230,197
121900035,6439,4959,1480
121900036,176,565,-389
121900037,207,1782,-1575
121900038,91,145,-54
121900039,311,84,227
121900040,115,114,1
121900041,89,488,-399
121900042,689,356,333
121900043,3,12,-9
121900044,76,45,31
121900046,283,450,-167
121900047,280,134,146
121900048,174,109,65
121900050,44,162,-118
121900051,219,453,-234
121900052,206,61,145
121900053,662,495,167
121900054,330,2076,-1746
121900055,3,8,-5
121900058,678,739,-61
121900059,545,204,341
121900060,119,816,-697
121900061,246,224,22
121900062,138,186,-48
121900063,2308,799,1509
121900064,514,897,-383
121900066,128,18,110
121900067,104,23,81
121900069,194,205,-11
121900070,169,276,-107
121900071,894,420,474
121900072,61,212,-151
121900073,260,543,-283
121900074,461,983,-522
121900075,397,1325,-928
121900076,668,1120,-452
121900077,43,5,38
121900078,281,43,238
121900079,0,0,0
121900080,1429,422,1007
121900082,91,167,-76
121900084,32,20,12
121900085,7,24,-17
121900086,51,61,-10
121900087,122,202,-80
121900088,1572,3441,-1869
121900089,530,245,285
121900090,58,37,21
121900091,169,48,121
121900092,223,182,41
121900093,157,93,64
121900094,11,25,-14
121900095,535,185,350
121900096,1670,1035,635
121900097,1138,203,935
121900098,3,3,0
121900099,430,47,383
121900100,73,339,-266
121900101,158,171,-13
121900102,5,112,-107
121900103,851,532,319
121900104,2738,600,2138
121900105,452,267,185
121900106,12,16,-4
121900107,206,20,186
121900108,1,31,-30
121900109,303,272,31
121900110,1218,615,603
121900111,623,447,176
121900112,212,400,-188
121900113,118,637,-519
121900114,165,92,73
121900115,314,520,-206
121900117,244,256,-12
121900118,3729,1022,2707
121900119,223,68,155
121900120,143,1156,-1013
121900121,631,43,588
121900122,76,69,7
121900123,408,568,-160
121900124,340,239,101
121900125,4030,2189,1841
121900127,12,158,-146
121900128,156,80,76
121900129,208,309,-101
121900130,176,566,-390
121900131,382,186,196
121900132,97,112,-15
121900133,29,606,-577
121900134,30,782,-752
121900135,7595,771,6824
121900136,577,511,66
121900137,52,435,-383
121900138,73,354,-281
121900139,488,5919,-5431
121900140,64,174,-110
121900141,83,41,42
121900142,207,66,141
121900143,12,285,-273
121900144,214,1251,-1037
121900145,279,485,-206
121900146,571,1054,-483
121900147,58,427,-369
121900148,411,556,-145
121900149,444,560,-116
121900150,81,339,-258
121900151,98,499,-401
121900152,202,116,86
121900153,27,317,-290
121900154,10,560,-550
121900155,5,366,-361
121900156,158,219,-61
121900157,7,513,-506
121900158,91,207,-116
121900159,1,212,-211
121900160,29,486,-457
121900161,314,963,-649
121900162,113,286,-173
121900163,611,197,414
121900164,305,605,-300
121900165,253,247,6
121900166,205,357,-152
121900167,96,184,-88
121900168,141,186,-45
121900169,50,357,-307
121900170,28,196,-168
121900171,1497,1282,215
121900172,914,412,502
121900173,971,439,532
121900174,75,96,-21
121900175,122,661,-539
121900176,735,2589,-1854
121900177,161,121,40
121900179,571,478,93
121900180,2004,8898,-6894
121900182,1014,967,47
121900183,540,2807,-2267
121900184,52,2547,-2495
121900186,12,708,-696
121900187,38,232,-194
121900188,1256,310,946
121900189,193,103,90
121900190,396,646,-250
121900191,81,527,-446
121900192,316,3439,-3123
121900194,14,420,-406
121900195,16,105,-89
121900196,1091,1354,-263
121900197,431,1515,-1084
121900198,5098,3102,1996
121900199,0,54,-54
121900200,43,169,-126
121900201,1129,863,266
121900202,213,1218,-1005
121900203,152,2571,-2419
121900204,1733,1930,-197
121900205,225,525,-300
121900206,25,209,-184
121900207,41,122,-81
121900208,152,768,-616
121900209,114,77,37
121900210,3205,2147,1058
121900211,13,188,-175
121900212,29,185,-156
121900213,487,36,451
121900214,11,771,-760
121900215,41,234,-193
121900216,50,600,-550
121900217,292,332,-40
121900218,246,1114,-868
121900219,514,65,449
121900220,189,36,153
121900221,525,721,-196
121900222,354,159,195
121900223,295,251,44
121900224,155,174,-19
121900225,146,339,-193
121900226,360,52,308
121900227,513,2050,-1537
121900228,178,160,18
121900229,457,941,-484
121900230,68,738,-670
121900231,130,2667,-2537
121900232,214,673,-459
121900233,496,255,241
121900234,591,391,200
121900235,948,255,693
121900236,374,249,125
121900237,307,971,-664
121900238,214,403,-189
121900239,269,79,190
121900240,243,287,-44
121900241,69,41,28
121900242,17,0,17
121900243,29,0,29
121900244,25,5,20
121900245,460,100,360
121900246,10711,669,10042
121900247,515,268,247
121900248,2034,1102,932
121900250,239,775,-536
121900251,828,34,794
121900252,723,372,351
121900253,43,1651,-1608
121900254,539,848,-309
121900255,767,290,477
121900258,7436,2468,4968
121900259,153,1001,-848
121900260,275,173,102
121900261,176,1104,-928
121900262,980,1839,-859
121900263,418,321,97
121900264,1125,1316,-191
121900265,639,143,496
121900266,922,112,810
121900267,82,69,13
121900269,272,1400,-1128
121900270,85,340,-255
121900271,35,246,-211
121900273,589,2754,-2165
121900274,532,429,103
121900276,671,362,309
121900277,384,2555,-2171
121900278,133,2381,-2248
121900279,288,304,-16
121900280,126,916,-790
121900281,169,721,-552
121900284,67,6,61
121900286,294,168,126
121900287,15,39,-24
121900290,319,2447,-2128
121900291,501,2170,-1669
121900292,234,222,12
121900293,1029,7400,-6371
121900294,571,16,555
121900295,251,190,61
121900296,77,448,-371
121900298,162,1793,-1631
121900299,0,4,-4
121900300,82,14,68
121900301,70,2,68
121900302,7,205,-198
121900303,285,1081,-796
121900304,1,43,-42
121900305,9,24,-15
121900306,480,3,477
121900307,211,9,202
121900308,35,80,-45
121900309,4,91,-87
121900310,14,151,-137
121900311,962,35,927
121900312,922,17,905
121900313,730,41,689
121900314,3,23,-20
121900315,105,1,104
121900316,0,1,-1
121900317,54,17,37
121900318,0,2,-2
121900319,99,622,-523
121900320,34,22,12
121900321,78,5,73
121900322,8,12,-4
121900323,22,37,-15
121900324,2,26,-24
121900325,69,10,59
121900326,3,2,1
121900327,3,44,-41
121900328,2,20,-18
121900329,3,44,-41
121900330,2,164,-162
121900331,98,67,31
121900332,93,55,38
122000001,1710,7225,-5515
122000002,3190,1668,1522
122000003,1366,3801,-2435
122000004,1921,1966,-45
122000005,9012,3719,5293
122000006,991,2651,-1660
122000007,973,3340,-2367
122000008,1370,5384,-4014
122000009,865,822,43
122000010,4356,4781,-425
122000011,10211,3786,6425
122000012,1143,7282,-6139
122000013,729,3568,-2839
122000014,8330,2701,5629
122000015,1451,1420,31
122000016,638,915,-277
122000017,1802,2020,-218
122000018,3608,3290,318
122000019,1596,3425,-1829
122000020,219,563,-344
122000021,211,484,-273
122000022,1962,2859,-897
122000023,1946,3376,-1430
122000024,734,5512,-4778
122000025,695,6520,-5825
122000026,317,2155,-1838
122000027,732,1290,-558
122000028,2722,1023,1699
122000029,413,1488,-1075
122000030,224,304,-80
122000031,160,574,-414
122000032,11967,5143,6824
122000033,495,8029,-7534
122000034,393,1421,-1028
122000035,246,863,-617
122000036,760,902,-142
122000037,1993,566,1427
122000038,305,974,-669
122000039,742,1621,-879
122000040,253,434,-181
122000041,1178,1117,61
122000042,534,1272,-738
122000043,157,378,-221
122000044,127,221,-94
122000045,3373,1694,1679
122000046,1329,2491,-1162
122000047,150,342,-192
122000048,2988,5457,-2469
122000049,10874,4849,6025
122000050,1083,1832,-749
122000051,238,713,-475
122000052,403,779,-376
122000053,384,1357,-973
122000054,2309,3195,-886
122000055,1912,5477,-3565
122000056,3711,3992,-281
122000057,5987,6405,-418
122000058,867,3646,-2779
122000059,953,6486,-5533
122000060,332,2000,-1668
122000061,200,1439,-1239
122000062,761,329,432
122000063,464,2586,-2122
122000064,4242,10523,-6281
122000065,3123,4468,-1345
122000066,1033,2510,-1477
122000067,1503,2263,-760
122000068,4366,1679,2687
122000069,2293,1422,871
122000070,1641,2234,-593
122000071,6360,1762,4598
122000072,2994,1845,1149
122000073,324,3883,-3559
122000074,3470,1935,1535
122000075,1715,1524,191
122000076,14930,3579,11351
122000077,848,3897,-3049
122000078,676,6856,-6180
122000079,336,4994,-4658
122000080,535,1237,-702
122000081,104,308,-204
122000082,331,2030,-1699
122000083,10072,1628,8444
122000084,7586,2528,5058
122000085,486,1028,-542
122000086,3859,11150,-7291
122000087,290,814,-524
122000088,79,514,-435
122000089,6675,3760,2915
122000090,561,2465,-1904
122000091,123,845,-722
122000092,62,155,-93
122000093,2493,7250,-4757
122000094,8846,5071,3775
122000095,872,7739,-6867
122000096,509,4020,-3511
122000098,6013,6063,-50
122000099,707,2873,-2166
122000100,1054,1499,-445
122000101,507,794,-287
122000102,3884,1436,2448
122000103,1730,2121,-391
122000104,2920,297,2623
122000105,456,1015,-559
122000106,702,3253,-2551
122000107,1914,796,1118
122000108,963,1087,-124
122000109,754,415,339
122000110,1136,1054,82
122000111,5575,2473,3102
122000112,2799,2492,307
122000113,1256,1278,-22
122000114,2030,5198,-3168
122000115,2266,1908,358
122000116,456,872,-416
122000117,1258,538,720
122000118,921,615,306
122000119,3146,2333,813
122000120,1033,4028,-2995
122000121,755,2180,-1425
122000122,366,931,-565
122000123,1350,1915,-565
122000124,941,604,337
122000125,462,836,-374
122000126,401,742,-341
122000127,417,688,-271
122000128,311,502,-191
122000129,536,2114,-1578
122000130,3456,1565,1891
122000131,1264,1489,-225
122000132,279,454,-175
122000133,1162,1385,-223
122000134,1374,917,457
122000135,571,273,298
122000136,1276,679,597
122000137,3433,1326,2107
122000139,846,5816,-4970
122000140,359,2402,-2043
122000141,6043,3591,2452
122000142,146,3129,-2983
122000143,437,585,-148
122000144,2159,1661,498
122000145,1292,1792,-500
122000146,540,4937,-4397
122000147,782,998,-216
122000148,472,2322,-1850
122000149,2079,1334,745
122000150,2036,1423,613
122000151,100,525,-425
122000152,470,533,-63
122000153,560,558,2
122000154,223,259,-36
122000155,1707,3440,-1733
122000156,13466,6794,6672
122000157,743,13306,-12563
122000158,379,1454,-1075
122000159,884,1582,-698
122000160,2759,2274,485
122000161,1493,1343,150
122000162,1364,2123,-759
122000163,443,157,286
122000164,90,369,-279
122000165,2039,2386,-347
122000166,972,3820,-2848
122000167,341,871,-530
122000168,283,1722,-1439
122000169,550,404,146
122000170,500,564,-64
122000171,34,106,-72
122000172,2790,2136,654
122000173,2140,4426,-2286
122000174,1762,2470,-708
122000175,797,644,153
122000176,393,2095,-1702
122000177,1121,2228,-1107
122000178,8242,5419,2823
122000179,4376,6065,-1689
122000180,979,1555,-576
122000181,913,2784,-1871
122000182,2151,1971,180
122000183,4186,1629,2557
122000184,4453,5289,-836
122000185,1404,5976,-4572
122000186,805,3411,-2606
122000187,2589,1914,675
122000188,613,584,29
122000189,317,504,-187
122000190,896,3184,-2288
122000191,1060,1399,-339
122000192,1916,602,1314
122000193,613,1026,-413
122000194,705,350,355
122000195,166,1026,-860
122000196,1584,518,1066
122000197,683,928,-245
122000198,586,3733,-3147
122000199,412,574,-162
122000200,1321,1261,60
122000201,1392,4208,-2816
122000202,1169,3982,-2813
122000203,2302,1696,606
122000204,1264,1599,-335
122000205,704,1161,-457
122000206,6555,1589,4966
122000207,2564,2503,61
122000208,3190,2930,260
122000209,3300,998,2302
122000210,2446,2965,-519
122000211,1515,2187,-672
122000212,1010,744,266
122000213,1295,2250,-955
122000214,2512,2498,14
122000215,3182,2725,457
122000217,1844,3776,-1932
122000218,1012,115,897
122000219,1536,1019,517
122000220,362,978,-616
122000221,168,533,-365
122000222,773,225,548
122000223,986,815,171
122000225,873,600,273
122000226,1914,1965,-51
122000227,254,2246,-1992
122000228,302,285,17
122000229,19,490,-471
122000230,34,345,-311
122000231,371,911,-540
122000232,755,715,40
122000233,0,94,-94
122000234,778,86,692
122000235,811,92,719
122000236,2397,54,2343
122000237,158,119,39
122000238,485,424,61
122000239,1188,198,990
122000240,1506,906,600
122000241,978,730,248
122000242,765,282,483
122000243,7,29,-22
122000244,11,407,-396
122000245,8,34,-26
122000246,62,245,-183
122000247,746,106,640
122000248,958,1003,-45
122000249,1468,1350,118
122000250,2592,1332,1260
122000251,126,461,-335
122000252,270,90,180
122000253,112,267,-155
122000254,594,90,504
122000255,763,703,60
122000256,259,633,-374
122000257,246,98,148
122000258,407,372,35
122000259,36,313,-277
122000260,9,43,-34
122000261,37,506,-469
122000262,0,53,-53
122000263,236,719,-483
122000264,2251,560,1691
122000265,4069,1631,2438
122000266,5281,1075,4206
122000267,137,186,-49
122000268,225,462,-237
122000269,1467,471,996
122000270,564,357,207
122000271,307,2751,-2444
122000272,620,1975,-1355
122000273,600,572,28
122000274,376,259,117
122000275,76,226,-150
122000276,1376,569,807
122000277,1288,1887,-599
122000278,2840,334,2506
122000279,410,224,186
122000280,760,610,150
122000281,987,801,186
122000282,149,551,-402
122000283,152,252,-100
122000284,155,63,92
122000285,318,77,241
122000286,50,199,-149
122000287,2406,1627,779
122000288,667,282,385
122000291,4467,1259,3208
122000293,246,123,123
122000294,222,466,-244
122000295,1770,217,1553
122000296,23,839,-816
122000297,2633,5968,-3335
122000299,822,793,29
122000300,448,645,-197
122000301,7949,4625,3324
122000302,524,4396,-3872
122000303,2398,1240,1158
122000304,52,259,-207
122000305,2065,488,1577
122000306,94,370,-276
122000307,192,194,-2
122000309,132,33,99
122000310,59,142,-83
122000311,84,151,-67
122000312,84,371,-287
122000313,46,193,-147
122000314,165,573,-408
122000315,393,80,313
122000316,2092,490,1602
122000317,3343,372,2971
122000318,425,2128,-1703
122000319,121,515,-394
122000320,439,1164,-725
122000321,152,106,46
122000322,2140,3273,-1133
122000323,784,5482,-4698
122000324,2381,3640,-1259
122000325,984,7999,-7015
122000326,343,86,257
122000327,416,1109,-693
122000328,607,434,173
122000330,3839,3014,825
122000332,237,394,-157
122000333,9,78,-69
122000337,1644,405,1239
122000338,738,370,368
122000340,183,4412,-4229
122000342,1587,926,661
122000343,395,318,77
122000344,120,19,101
122000345,64,25,39
122000346,368,178,190
122000348,1024,1204,-180
122000349,85,735,-650
122000351,266,272,-6
122000352,323,240,83
122000353,311,89,222
122000355,118,313,-195
122000356,578,3061,-2483
122000357,77,23,54
122000358,1,14,-13
122000359,1,11,-10
122000360,0,18,-18
122000362,5,40,-35
122000364,389,246,143
122000365,6,33,-27
122000366,16,5,11
122000368,705,821,-116
122000370,41,21,20
122000371,29,0,29
122000372,19,9,10
122000381,293,566,-273
122000382,101,209,-108
122000384,1585,1761,-176
122000385,168,0,168
122000386,261,3083,-2822
122000387,662,1655,-993
122000388,1653,1763,-110
122000389,297,2482,-2185
122000390,374,567,-193
122000391,157,2556,-2399
122000392,291,149,142
122000393,40,104,-64
122000394,960,182,778
122000395,217,112,105
122000396,471,85,386
122000397,21,36,-15
122000398,9,129,-120
122000399,201,62,139
122000400,55,1573,-1518
122000401,228,53,175
122000402,727,200,527
122000403,628,368,260
122000404,329,213,116
122000408,727,1140,-413
122000503,11,112,-101
122000524,115,641,-526
122000544,178,3333,-3155
122000616,445,1,444
122000640,114,50,64
122000641,284,221,63
122000642,1746,620,1126
122000643,67,413,-346
122000644,113,51,62
122000645,65,257,-192
122000651,589,4285,-3696
122000664,205,85,120
122000665,1961,650,1311
122000666,849,1483,-634
122000673,115,217,-102
122000674,486,128,358
122000675,3220,710,2510
122000686,467,1815,-1348
122000687,2256,428,1828
122000688,401,393,8
122000689,1675,220,1455
122000690,4696,184,4512
122000691,1562,550,1012
122000692,2887,250,2637
122000693,511,1048,-537
122000695,654,270,384
122000696,1143,186,957
122000698,528,217,311
122000699,305,125,180
122000701,2570,403,2167
122000702,541,1323,-782
122000703,344,96,248
122000717,66,121,-55
122000718,277,1973,-1696
122000719,114,145,-31
122000720,1081,73,1008
122900001,60,24,36
122900002,950,10971,-10021
122900003,674,25,649
122900004,2966,197,2769
122900005,71,185,-114
122900006,349,1279,-930
122900007,138,237,-99
122900008,231,218,13
122900009,1510,523,987
122900010,366,169,197
122900012,251,505,-254
122900014,112,184,-72
122900015,900,1417,-517
122900016,229,221,8
122900017,296,1625,-1329
122900018,212,15,197
122900019,16,100,-84
122900020,152,557,-405
122900021,32,440,-408
122900022,2060,1046,1014
122900023,1230,232,998
122900024,168,183,-15
122900025,9,491,-482
122900026,25,164,-139
122900027,45,538,-493
122900028,90,101,-11
122900029,8696,3565,5131
122900030,3289,755,2534
122900031,49,481,-432
122900032,1024,588,436
122900033,270,231,39
122900034,4517,6167,-1650
122900035,48,29,19
122900036,83,86,-3
122900037,564,445,119
122900038,115,4991,-4876
122900039,83,763,-680
122900040,284,1536,-1252
122900041,223,463,-240
122900042,258,412,-154
122900043,582,244,338
122900044,165,463,-298
122900045,239,386,-147
122900046,179,455,-276
122900047,168,253,-85
122900048,35,323,-288
122900049,3595,198,3397
122900051,50,633,-583
122900052,221,106,115
122900053,27,40,-13
122900055,388,55,333
122900057,489,71,418
122900061,640,112,528
122900062,783,969,-186
122900063,342,185,157
122900064,939,612,327
122900065,864,409,455
122900066,955,445,510
122900067,890,435,455
122900068,146,328,-182
122900069,540,2129,-1589
122900070,560,53,507
122900071,129,239,-110
122900072,19,311,-292
122900073,14,101,-87
122900074,1736,158,1578
122900075,3,118,-115
122900076,1,343,-342
122900077,0,58,-58
122900078,431,14,417
122900080,34,86,-52
122900081,260,269,-9
122900082,1689,196,1493
122900083,84,141,-57
122900084,13,92,-79
122900086,25,270,-245
122900087,601,373,228
122900088,41,1060,-1019
122900089,28,149,-121
122900090,6,371,-365
122900091,617,2,615
122900092,0,123,-123
122900093,0,102,-102
122900094,4,125,-121
122900095,298,32,266
122900096,767,72,695
122900097,46,67,-21
122900098,27,216,-189
122900099,126,50,76
122900100,108,1199,-1091
122900101,439,381,58
122900102,36,55,-19
122900103,136,5,131
122900104,344,12,332
122900105,43,24,19
122900106,6,31,-25
122900107,10,40,-30
122900108,4,61,-57
123000001,1052,2194,-1142
123000002,4154,10743,-6589
123000003,7146,6495,651
123000004,3796,5387,-1591
123000005,4910,3753,1157
123000006,3223,2676,547
123000007,4321,3417,904
123000008,3261,3482,-221
123000009,5251,4322,929
123000010,4117,5271,-1154
123000011,2259,1895,364
123000012,1069,5227,-4158
123000013,6770,1722,5048
123000014,1015,4911,-3896
123000015,2991,1422,1569
123000016,3693,5253,-1560
123000017,4905,2444,2461
123000018,165,140,25
123000019,1036,94,942
123000020,688,32,656
123000021,398,375,23
123000022,385,2630,-2245
123000023,3111,3598,-487
123000024,2226,1155,1071
123000025,28,86,-58
123000026,4,211,-207
123000027,81,1098,-1017
123000028,669,1281,-612
123000029,338,1623,-1285
123000030,458,95,363
123000031,510,197,313
123000032,881,88,793
123000033,428,178,250
123000034,1371,878,493
123000035,900,790,110
123000036,454,1582,-1128
123000037,323,179,144
123000038,323,457,-134
123000039,772,2218,-1446
123000040,430,270,160
123000041,835,2158,-1323
123000042,424,1736,-1312
123000043,2562,21381,-18819
123000044,3079,3418,-339
123000045,4635,2552,2083
123000046,340,1736,-1396
123000047,1044,1747,-703
123000048,157,2330,-2173
123000049,7311,15024,-7713
123000050,3405,2467,938
123000051,88,354,-266
123000052,1163,5212,-4049
123000053,3442,4626,-1184
123000054,3034,2693,341
123000055,3058,8012,-4954
123000056,1421,772,649
123000057,4272,8085,-3813
123000058,853,2054,-1201
123000059,376,613,-237
123000060,1762,489,1273
123000061,465,767,-302
123000063,1919,1581,338
123000064,2335,335,2000
123000065,4806,3755,1051
123000066,500,820,-320
123000067,1689,473,1216
123000068,2104,2783,-679
123000069,4650,1756,2894
123000070,296,816,-520
123000071,3585,1284,2301
123000072,1873,677,1196
123000073,3742,1626,2116
123000074,1466,1363,103
123000075,603,3136,-2533
123000076,1171,654,517
123000077,3162,1915,1247
123000078,5351,1714,3637
123000079,4317,2229,2088
123000080,3961,1268,2693
123000081,274,408,-134
123000082,427,1329,-902
123000083,1826,380,1446
123000084,1228,417,811
123000085,753,87,666
123000086,1371,99,1272
123000087,792,640,152
123000088,2039,912,1127
123000089,1666,1356,310
123000090,2375,1196,1179
123000091,2789,1763,1026
123000092,1006,1933,-927
123000094,1475,200,1275
123000095,1578,998,580
123000096,2021,495,1526
123000097,1236,493,743
123000098,1205,615,590
123000099,1034,457,577
123000100,452,1234,-782
123000101,633,708,-75
123000102,597,1414,-817
123000104,741,818,-77
123000105,446,565,-119
123000106,745,652,93
123000107,428,396,32
123000108,716,1259,-543
123000111,1776,493,1283
123000112,2392,747,1645
123000113,837,712,125
123000114,599,886,-287
123000115,514,419,95
123000116,79,68,11
123000117,2978,1661,1317
123000118,824,570,254
123000119,415,483,-68
123000120,397,646,-249
123000121,790,1012,-222
123000122,491,423,68
123000123,829,806,23
123000124,611,458,153
123000125,2256,1820,436
123000126,1813,7001,-5188
123000127,660,800,-140
123000128,338,354,-16
123000129,1589,390,1199
123000130,1296,132,1164
123000131,2480,1328,1152
123000132,363,714,-351
123000133,142,246,-104
123000134,364,112,252
123000135,4763,1384,3379
123000136,321,539,-218
123000137,142,290,-148
123000138,174,245,-71
123000139,990,196,794
123000140,69,517,-448
123000141,953,156,797
123000142,1176,825,351
123000143,904,1869,-965
123000144,6,41,-35
123000145,200,472,-272
123000146,19,179,-160
123000147,125,214,-89
123000149,423,495,-72
123000150,123,303,-180
123000151,167,796,-629
123000152,43,436,-393
123000153,88,1012,-924
123000154,1176,2178,-1002
123000155,2094,1608,486
123000156,47,117,-70
123000157,944,915,29
123000158,698,1160,-462
123000159,4145,5664,-1519
123000160,1450,1708,-258
123000161,2104,1569,535
123000162,2273,2608,-335
123000163,1298,385,913
123000164,3372,351,3021
123000165,622,1063,-441
123000166,70,129,-59
123000167,148,209,-61
123000168,455,209,246
123000169,1709,221,1488
123000170,87,60,27
123000171,1864,12,1852
123000172,207,597,-390
123000173,987,553,434
123000174,1327,681,646
123000175,466,1176,-710
123000176,1501,462,1039
123000177,304,1254,-950
123000178,1535,243,1292
123000179,76,446,-370
123000180,2426,421,2005
123000181,363,973,-610
123000182,435,205,230
123000183,168,659,-491
123000184,113,534,-421
123000185,1611,565,1046
123000186,12,389,-377
123000187,872,10,862
123000188,418,0,418
123000189,368,179,189
123000190,99,113,-14
123000192,8,375,-367
123000193,65,786,-721
123000194,258,271,-13
123000195,517,80,437
123000196,667,45,622
123000197,142,104,38
123000198,66,982,-916
123000199,35,681,-646
123000200,1121,22,1099
123000201,2224,22,2202
123000202,36,548,-512
123000203,1830,68,1762
123000204,119,534,-415
123000205,224,821,-597
123000206,4229,358,3871
123000207,85,530,-445
123000208,1024,369,655
123000209,3129,944,2185
123000210,250,1411,-1161
123000211,493,1942,-1449
123000212,6574,671,5903
123000213,906,88,818
123000215,81,274,-193
123000216,341,1401,-1060
123000217,335,38,297
123000218,73,1051,-978
123000219,891,154,737
123000220,663,166,497
123000221,182,133,49
123000222,727,405,322
123000223,1182,161,1021
123000224,623,302,321
123000225,407,99,308
123000226,166,417,-251
123000227,123,303,-180
123000228,361,91,270
123000229,916,1500,-584
123000232,165,482,-317
123000233,1390,233,1157
123000234,243,538,-295
123000235,2351,433,1918
123000236,460,522,-62
123000237,762,160,602
123000238,97,403,-306
123000239,455,676,-221
123000240,81,1596,-1515
123000241,369,69,300
123000242,526,266,260
123000243,1067,916,151
123000244,1021,545,476
123000245,45,155,-110
123000249,4292,743,3549
123000252,1549,507,1042
123000253,2631,843,1788
123000254,1024,864,160
123000255,1852,1248,604
123000256,15,210,-195
123000257,2573,1321,1252
123000258,1424,673,751
123000259,825,590,235
123000260,949,383,566
123000261,608,185,423
123000262,115,106,9
123000263,746,125,621
123000264,248,190,58
123000265,41,110,-69
123000266,678,740,-62
123000267,1129,657,472
123000268,48,43,5
123000269,75,137,-62
123000270,59,140,-81
123000271,53,46,7
123000272,931,421,510
123000273,381,1620,-1239
123000274,1674,1401,273
123000275,224,910,-686
123000278,2057,3936,-1879
123000279,184,79,105
123000280,380,282,98
123000281,403,209,194
123000282,144,401,-257
123000283,293,84,209
123000284,57,67,-10
123000286,206,671,-465
123000287,428,542,-114
123000288,1477,2015,-538
123000289,263,2301,-2038
123000291,193,1084,-891
123000294,173,265,-92
123000295,772,1642,-870
123000296,1107,811,296
123000297,643,247,396
123000298,877,297,580
123000299,54,149,-95
123000300,2126,1312,814
123000301,259,735,-476
123000302,180,99,81
123000303,143,337,-194
123000305,1107,1030,77
123000306,349,54,295
123000309,42,87,-45
123000310,55,77,-22
123000311,0,138,-138
123000312,463,515,-52
123000313,982,503,479
123000315,188,340,-152
123000316,1044,167,877
123000317,376,136,240
123000318,63,149,-86
123000329,52,13,39
123000337,406,775,-369
123000338,121,170,-49
123000339,529,46,483
123000340,61,359,-298
123000342,2,37,-35
123000343,116,48,68
123000344,653,267,386
123000345,369,575,-206
123000346,758,32,726
123000352,1290,973,317
123000353,66,89,-23
123000354,407,13,394
123000355,0,190,-190
123000356,665,28,637
123000357,2,125,-123
123000359,26,54,-28
123000360,346,184,162
123000361,289,354,-65
123000362,928,183,745
123000363,185,243,-58
123000364,829,809,20
123000365,54,592,-538
123000366,410,4450,-4040
123000367,335,649,-314
123000370,37,305,-268
123000371,748,108,640
123000372,633,46,587
123000373,11,447,-436
123000374,12,163,-151
123000375,675,63,612
123000376,1211,1030,181
123000377,1108,45,1063
123000378,38,292,-254
123000379,8,349,-341
123000380,16,395,-379
123000381,78,164,-86
123000382,536,226,310
123000383,192,1266,-1074
123000384,813,146,667
123000385,281,578,-297
123000436,65,2425,-2360
123000507,85,172,-87
123000508,187,1925,-1738
123000517,316,25,291
123000518,54,199,-145
123000519,213,98,115
123000520,46,155,-109
123000521,916,105,811
123000522,221,224,-3
123000541,14,2,12
123000542,0,6,-6
123000565,1303,89,1214
123000566,595,130,465
123000567,119,91,28
123000573,32,476,-444
123000574,1509,88,1421
123000575,2732,795,1937
123000576,1448,873,575
123000577,102,983,-881
123000578,427,271,156
123000579,1117,11332,-10215
123000580,161,86,75
123000582,928,35,893
123000583,13,452,-439
123000584,247,365,-118
123000585,0,25,-25
123000586,188,2,186
123000596,97,75,22
123000597,105,258,-153
123000602,182,18,164
123000603,1896,319,1577
123000604,977,249,728
123000605,1124,110,1014
123000606,2,572,-570
123000609,41,512,-471
123000610,165,127,38
123000613,54,200,-146
123000614,641,59,582
123000615,103,56,47
123000616,1871,52,1819
123000617,244,135,109
123000618,57,663,-606
123000619,798,118,680
123000620,35,330,-295
123000622,823,32,791
123000624,284,47,237
123000630,2406,616,1790
123000631,270,484,-214
123000632,768,777,-9
123000633,1,295,-294
123000634,29,442,-413
123000635,49,135,-86
123000636,62,349,-287
123000637,578,21,557
123000638,828,35,793
123000639,859,9611,-8752
123000640,11,304,-293
123900001,1401,59,1342
123900002,36,1823,-1787
123900003,212,405,-193
123900005,517,363,154
123900006,607,88,519
124000001,2431,286,2145
124000002,86,1294,-1208
124000003,2116,259,1857
124000004,98,489,-391
124000005,1954,1529,425
124000006,189,581,-392
124000007,669,151,518
124000008,10,622,-612
124000009,1255,340,915
124000010,421,366,55
124000011,1614,476,1138
124000012,410,338,72
124000017,295,135,160
124000018,150,83,67
124000019,244,220,24
124000020,47,131,-84
124000021,192,161,31
124000022,87,161,-74
124000023,1685,1887,-202
124000024,1380,377,1003
124000025,1469,2164,-695
124000026,1217,908,309
124000027,4719,5505,-786
124000028,1381,3789,-2408
124000030,1567,1657,-90
124000031,1961,7971,-6010
124000032,1360,532,828
124000033,306,419,-113
124000034,705,464,241
124000035,20,440,-420
124000036,28,185,-157
124000037,481,1405,-924
124000038,51,182,-131
124000039,477,390,87
124000040,208,1608,-1400
124000041,783,220,563
124000042,194,414,-220
124000043,108,124,-16
124000044,27,135,-108
124000045,1767,423,1344
124000046,294,640,-346
124000047,3493,658,2835
124000048,1315,672,643
124000049,3446,467,2979
124000050,1170,940,230
124000051,1900,399,1501
124000052,986,653,333
124000053,746,2954,-2208
124000054,947,350,597
124000055,1493,7050,-5557
124000056,1584,872,712
124000057,1792,537,1255
124000058,730,840,-110
124000059,1360,1875,-515
124000060,534,398,136
124000061,1870,8607,-6737
124000062,1645,1407,238
124000063,1221,1236,-15
124000064,1538,1047,491
124000065,8,796,-788
124000066,68,39,29
124000067,317,177,140
124000068,23,25,-2
124000069,314,8,306
124000070,103,47,56
124000071,193,126,67
124000072,222,275,-53
124000073,1488,252,1236
124000074,225,500,-275
124000075,749,61,688
124000076,11,75,-64
124000077,299,1137,-838
124000078,1802,1431,371
124000079,223,1589,-1366
124000080,1122,223,899
124000081,394,426,-32
124000082,162,151,11
124000083,43,75,-32
124000084,57,683,-626
124000085,77,63,14
124000086,29,280,-251
124000087,96,168,-72
124000088,181,849,-668
124000089,956,487,469
124000090,137,208,-71
124000091,616,73,543
124000092,124,237,-113
124000093,180,208,-28
124000094,222,872,-650
124000095,218,88,130
124000096,239,295,-56
124000097,161,182,-21
124000098,75,119,-44
124000099,222,132,90
124000100,46,122,-76
124000101,137,122,15
124000102,119,38,81
124000103,229,160,69
124000104,136,49,87
124000105,271,148,123
124000106,133,57,76
124000107,45,299,-254
124000108,89,20,69
124000109,235,97,138
124000110,133,56,77
124000111,390,95,295
124000112,1298,445,853
124000113,193,142,51
124000114,468,349,119
124000115,299,873,-574
124000116,133,278,-145
124000117,41,153,-112
124000118,39,82,-43
124000119,1003,1241,-238
124000120,901,836,65
124000121,1229,939,290
124000122,483,1503,-1020
124000123,1336,544,792
124000124,451,803,-352
124000125,619,495,124
124000126,397,643,-246
124000127,1414,349,1065
124000128,697,739,-42
124000129,2194,1886,308
124000130,505,454,51
124000131,849,964,-115
124000132,577,739,-162
124000133,1745,1287,458
124000134,1101,572,529
124000135,2307,2937,-630
124000136,673,1064,-391
124000137,1133,1673,-540
124000138,1279,1518,-239
124000139,419,48,371
124000140,13,271,-258
124000141,63,20,43
124000142,9,224,-215
124000143,113,17,96
124000144,6,68,-62
124000145,208,66,142
124000146,36,56,-20
124000148,20,112,-92
124000149,1282,401,881
124000150,261,728,-467
124000151,1105,339,766
124000152,772,997,-225
124000153,1233,1165,68
124000154,482,772,-290
124000155,1161,830,331
124000156,762,956,-194
124000169,234,739,-505
124000170,903,599,304
124000171,464,369,95
124000172,388,557,-169
124000173,1056,234,822
124000174,472,663,-191
124000175,12,66,-54
124000176,84,36,48
124000177,4,29,-25
124000178,57,97,-40
124000190,16,72,-56
124000191,24,127,-103
124000192,1274,833,441
124000193,193,2288,-2095
124000194,261,421,-160
124000195,551,729,-178
124000196,632,811,-179
124000197,42,39,3
124000198,83,66,17
124000201,152,682,-530
124000202,820,255,565
124000203,913,182,731
124000204,1886,172,1714
124000205,157,197,-40
124000206,1578,249,1329
124000207,0,34,-34
124000209,276,148,128
124000210,1299,258,1041
124000211,1423,7,1416
124000212,1,131,-130
124000213,1022,103,919
124000214,764,265,499
124000215,877,35,842
124000216,6,155,-149
124000329,128,473,-345
124000338,87,313,-226
124000339,2194,98,2096
124000341,2951,94,2857
124000344,210,115,95
124000357,1540,3761,-2221
124000358,875,2317,-1442
124000359,2007,1327,680
124000360,1756,713,1043
124000361,2419,1133,1286
124000362,1373,2074,-701
124000363,480,348,132
124000364,571,895,-324
124000365,580,994,-414
124000366,1707,732,975
124000367,104,256,-152
124000368,632,1179,-547
124000369,104,175,-71
124000370,38,506,-468
124000402,37,26,11
124000403,269,31,238
124000404,49,55,-6
124000405,1185,839,346
124000406,592,662,-70
124000407,3,41,-38
124000411,15,146,-131
124000412,519,7,512
124000413,75,82,-7
124000414,225,165,60
124000415,87,57,30
124000416,209,101,108
124000417,315,130,185
124000418,565,35,530
124000419,187,69,118
124000420,257,48,209
124000421,55,48,7
124000422,18,25,-7
124000423,193,68,125
124000424,1,20,-19
124000425,73,23,50
124000426,16,56,-40
124000427,89,1,88
124000428,16,167,-151
124000429,138,40,98
124000430,1445,512,933
124000431,466,488,-22
124000432,433,645,-212
124000439,9,1,8
124000442,16,32,-16
124000443,0,6,-6
124000445,51,1328,-1277
124000446,287,101,186
124900001,1159,437,722
124900002,372,221,151
124900003,1681,364,1317
124900004,1492,256,1236
124900005,475,116,359
124900006,1368,245,1123
124900008,794,649,145
124900009,157,969,-812
124900010,492,258,234
124900011,1550,554,996
124900012,1132,267,865
124900013,923,165,758
124900014,575,44,531
124900015,253,868,-615
124900016,129,354,-225
124900017,647,3681,-3034
124900018,212,7,205
124900019,598,32,566
124900020,270,136,134
124900021,631,112,519
124900022,53,11,42
124900024,553,2,551
124900026,84,47,37
124900027,204,741,-537
124900028,473,196,277
124900029,33,773,-740
124900030,12,161,-149
124900031,86,393,-307
124900032,572,273,299
124900033,162,249,-87
124900034,21,115,-94
124900035,254,459,-205
124900036,1,96,-95
124900037,259,255,4
124900038,230,182,48
124900039,14,410,-396
124900040,232,144,88
124900041,265,386,-121
124900042,92,9,83
124900043,573,351,222
124900044,155,12,143
124900045,365,1172,-807
124900046,694,393,301
124900047,92,234,-142
124900048,346,128,218
124900050,206,137,69
124900052,212,533,-321
124900053,309,198,111
124900054,685,723,-38
124900055,0,180,-180
124900057,3,22,-19
124900060,82,180,-98
124900061,175,5,170
124900062,306,6,300
124900066,0,6,-6
124900067,9,65,-56
124900068,299,1685,-1386
124900069,56,181,-125
124900070,95,33,62
124900072,292,58,234
124900074,579,161,418
124900075,690,176,514
124900076,22,2865,-2843
124900077,45,71,-26
124900078,124,48,76
124900079,344,238,106
124900080,477,217,260
124900081,1712,226,1486
124900082,335,300,35
124900083,260,441,-181
124900084,777,118,659
124900085,480,628,-148
124900086,57,1759,-1702
124900087,182,134,48
124900088,126,87,39
124900089,594,26,568
124900090,1124,404,720
124900091,537,240,297
124900092,524,244,280
124900093,792,270,522
124900094,1130,424,706
124900095,252,978,-726
124900096,427,317,110
124900097,867,61,806
124900098,282,414,-132
124900099,298,967,-669
124900100,518,60,458
124900101,61,372,-311
124900102,422,24,398
124900103,198,144,54
124900104,42,151,-109
124900105,144,132,12
124900106,580,38,542
124900107,177,119,58
124900108,236,159,77
124900109,148,150,-2
124900110,746,156,590
124900111,3,127,-124
124900112,174,310,-136
124900113,1,16,-15
124900114,0,7,-7
124900115,7,4,3
124900116,11,9,2
124900117,2,0,2
124900118,3,7,-4
124900119,16,15,1
124900120,1,3,-2
124900121,4,8,-4
124900122,3,13,-10
124900123,1,2,-1
124900124,3,5,-2
129000186,205,129,76
204000001,79,0,79
204000002,6,2,4
204000003,39,12,27
204000004,6,4,2
204000005,660,337,323
204000006,1407,1134,273
204000008,676,320,356
204000011,8,35,-27
204000012,147,114,33
204000013,3,49,-46
204000019,1595,362,1233
204000020,1222,1807,-585
204000021,4850,1638,3212
204000022,1469,823,646
204000023,915,337,578
204000031,22,6,16
204000032,493,31,462
204000034,41,125,-84
204000035,1,3,-2
204000036,9,28,-19
204000037,0,15,-15
204000038,1,21,-20
204000039,8,8,0
204000040,36,24,12
204000041,14,34,-20
204000042,80,23,57
204000043,62,10,52
204000044,66,3,63
204000045,63,4,59
204000046,22,10,12
204000057,22,11,11
204000062,7,20,-13
204000068,19,508,-489
204000069,34,462,-428
204000070,83,51,32
204000080,82,68,14
204000085,1600,1500,100
204000086,1724,1246,478
204000087,63,12,51
204000088,6,67,-61
204000090,52,187,-135
204000093,858,90,768
204000096,1895,783,1112
204000097,826,4,822
204000099,1514,2423,-909
204000100,2906,1630,1276
204000105,1492,1039,453
204000110,404,1892,-1488
204000111,640,1031,-391
204000112,583,8654,-8071
204000113,386,2564,-2178
204000114,1197,1269,-72
204000115,1077,603,474
204000116,651,4757,-4106
204000119,3105,1757,1348
204000132,671,391,280
204000133,806,174,632
204000134,260,164,96
204000135,690,391,299
204000136,441,330,111
204000138,368,578,-210
204000140,217,100,117
204000141,145,73,72
204000144,4,39,-35
204000145,579,69,510
204000146,17,275,-258
204000147,15,205,-190
204000148,326,38,288
204000154,25,3,22
204000155,5,1,4
204000177,51,46,5
204000179,85,10,75
204000180,0,23,-23
204000222,5,10,-5
204000235,50,35,15
204000236,71,174,-103
204000238,32,43,-11
204000240,352,64,288
204000263,73,252,-179
204000308,180,22,158
204000317,9,147,-138
204000322,5,98,-93
204000323,14,16,-2
204000328,270,71,199
204000329,44,227,-183
204000330,178,51,127
204000331,57,93,-36
204010341,3,197,-194
205000001,712,933,-221
205000013,15,87,-72
205000014,38,71,-33
205000015,51,62,-11
205000016,33,55,-22
205000017,21,98,-77
205000022,312,570,-258
205000025,1295,827,468
205000029,441,5,436
205000045,157,847,-690
205000047,69,1495,-1426
205000048,456,494,-38
205000049,170,485,-315
205000050,2134,327,1807
205000059,1,206,-205
205000060,0,216,-216
205000061,4,416,-412
205000062,3,647,-644
205000063,14,611,-597
205000064,24,100,-76
205000065,140,633,-493
205000066,116,358,-242
205000067,92,468,-376
205000069,230,23,207
205000082,214,232,-18
205000110,60,157,-97
205000111,235,154,81
205000112,257,169,88
205000113,117,139,-22
205000121,207,79,128
205000123,59,184,-125
205000126,744,97,647
205000127,940,136,804
205000128,551,52,499
205000129,918,50,868
205000130,73,22,51
205000131,33,13,20
205000132,55,35,20
205000133,28,1,27
205000134,369,3,366
205000137,97,80,17
205000138,163,252,-89
205000139,43,90,-47
205000144,90,89,1
205000145,324,224,100
205000151,189,41,148
205000152,156,23,133
205000153,281,32,249
205000154,122,59,63
205000155,140,9,131
205000207,4,131,-127
205000233,8,1,7
205000234,0,1,-1
205000243,0,1,-1
205000244,0,4,-4
205000245,1,211,-210
205000249,0,20,-20
205000250,4,0,4
205000251,208,786,-578
205000264,9,65,-56
206000027,6,12,-6
206000028,12,2,10
206000043,3,51,-48
206000053,5,8,-3
206000054,1,15,-14
206000055,2,17,-15
206000075,38,29,9
206000076,37,9,28
206000077,44,5,39
206000078,32,16,16
206000079,25,20,5
206000082,366,157,209
206000100,33,674,-641
206000103,4,4,0
206000104,11,20,-9
206000105,16,10,6
206000106,4,24,-20
206000108,838,85,753
206000125,120,0,120
206000157,38,421,-383
206000170,0,159,-159
206000171,8,193,-185
206000172,45,113,-68
206000173,1,105,-104
206000174,18,46,-28
206000175,2,41,-39
206000176,25,53,-28
206000177,0,47,-47
206000178,0,148,-148
206000179,1,169,-168
206000180,5,109,-104
206000181,7,42,-35
206000182,2,44,-42
206000183,11,91,-80
206000184,5,100,-95
206000185,4,42,-38
206000186,54,316,-262
206000223,16,278,-262
206000226,27,1,26
206000227,47,3,44
206000237,29,113,-84
206000238,46,192,-146
206000239,170,1367,-1197
206000240,1,47,-46
206000241,0,74,-74
206000242,12,139,-127
206000243,7,42,-35
206000244,67,138,-71
206000245,2035,93,1942
206000246,689,12,677
206000247,730,13,717
206000248,882,48,834
206000252,69,48,21
206000258,7,42,-35
206000315,58,8,50
206000317,887,240,647
206000318,1189,110,1079
206000319,4012,141,3871
206000320,852,40,812
206000321,818,9,809
206000322,1172,26,1146
206000323,371,23,348
206000324,517,14,503
206000325,389,25,364
206000326,369,38,331
206000327,39,15,24
206000328,360,5,355
206000329,717,6,711
206000330,70,8,62
206000331,484,8,476
206000332,159,4,155
206000333,1666,4,1662
206000334,714,3,711
206000335,0,24,-24
206000361,2,152,-150
206000392,1,12,-11
206000405,162,20,142
206000441,114,21,93
206000498,69,5,64
206000515,81,104,-23
206000530,656,95,561
206000531,360,629,-269
206000532,1979,1020,959
206000535,128,4670,-4542
206000536,12,81,-69
206000537,9,126,-117
206000613,1946,381,1565
207000001,164,456,-292
207000002,106,411,-305
207000003,148,135,13
207000007,1910,237,1673
207000008,318,5,313
207000009,102,35,67
207000010,274,282,-8
207000012,721,232,489
207000015,267,495,-228
207000019,263,101,162
207000021,557,285,272
207000022,211,218,-7
207000023,367,100,267
207000024,8,43,-35
207000025,40,144,-104
207000026,80,39,41
207000027,18,64,-46
207000028,58,116,-58
207000029,131,305,-174
207000033,308,521,-213
207000034,455,166,289
207000039,830,101,729
207000040,722,24,698
207000041,216,31,185
207000042,395,61,334
207000043,264,213,51
207000051,127,195,-68
207000052,12,119,-107
207000053,342,296,46
207000054,67,71,-4
207000055,166,109,57
207000056,214,186,28
207000057,169,570,-401
207000058,215,274,-59
207000059,101,176,-75
207000060,53,147,-94
207000061,131,1042,-911
207000062,685,34,651
207000063,700,57,643
207000064,462,186,276
207000065,446,264,182
207000066,460,175,285
207000067,118,65,53
207000068,165,47,118
207000069,906,442,464
207000082,5,87,-82
207000083,132,178,-46
207000084,580,231,349
207000085,358,31,327
207000086,414,3,411
207000106,45,25,20
207000107,92,10,82
207000108,101,5,96
207000109,78,11,67
207000110,35,94,-59
207000111,126,133,-7
207000112,82,1367,-1285
207000114,10,21,-11
207000115,43,37,6
207000116,28,396,-368
207000117,8,81,-73
207000118,1,18,-17
207000119,22,24,-2
207000123,265,9,256
207000124,97,18,79
207000125,46,22,24
207000126,51,17,34
207000134,136,92,44
207000135,38,139,-101
207000148,93,445,-352
207000149,44,26,18
207000152,123,402,-279
207000153,229,806,-577
207000154,349,223,126
207000159,152,93,59
207000160,209,149,60
207000238,1,140,-139
207000242,2,71,-69
207000248,32,24,8
207000249,124,12,112
207000250,376,106,270
207000251,102,135,-33
207000252,41,34,7
207000278,186,103,83
207000279,33,62,-29
207000280,1432,152,1280
207000281,184,302,-118
207000282,54,365,-311
207000283,21,240,-219
207000284,24,772,-748
207000285,54,111,-57
207000291,9,76,-67
207000304,127,101,26
207000306,61,305,-244
207000310,153,94,59
207000353,115,3,112
207000356,19,123,-104
207000357,3,16,-13
207000358,1,25,-24
207000415,17,112,-95
207000417,68,9,59
207000437,0,0,0
207000439,602,554,48
207000446,249,1,248
207000460,94,4,90
207000466,205,78,127
207000467,60,73,-13
207000468,11,123,-112
207000476,12,19,-7
207000477,1050,33,1017
207000523,0,10,-10
207000524,26,0,26
207000527,201,144,57
207000530,861,8,853
207000531,409,7,402
207000532,145,46,99
207000534,162,31,131
207000535,28,401,-373
207000537,18,38,-20
207000540,2,76,-74
207000541,6,161,-155
207000548,12,72,-60
207000549,349,13,336
207000561,246,235,11
207000562,19,81,-62
207000567,70,262,-192
207000568,408,21,387
207000569,1179,148,1031
207000584,66,201,-135
207000585,43,233,-190
207000616,1,44,-43
207000617,233,2,231
207900008,446,77,369
208000001,603,1606,-1003
208000002,739,922,-183
208000003,956,511,445
208000004,868,885,-17
208000005,1,23,-22
208000019,1246,631,615
208000020,383,328,55
208000021,371,296,75
208000022,1193,556,637
208000028,1238,3537,-2299
208000033,678,422,256
208000034,1219,2353,-1134
208000040,278,91,187
208000041,1148,733,415
208000042,1436,627,809
208000047,229,163,66
208000064,2217,1946,271
208000066,1449,2481,-1032
208000070,576,368,208
208000071,947,436,511
208000072,642,775,-133
208000080,431,564,-133
208000081,521,139,382
208000082,547,131,416
208000083,235,154,81
208000084,22,21,1
208000085,744,459,285
208000086,575,1081,-506
208000087,387,860,-473
208000089,1221,342,879
208000090,1212,435,777
208000093,58,135,-77
208000094,560,393,167
208000095,1004,520,484
208000104,1672,555,1117
208000105,979,843,136
208000114,112,464,-352
208000115,612,393,219
208000116,1184,1370,-186
208000117,56,106,-50
208000118,180,228,-48
208000155,695,1571,-876
208000158,2068,4007,-1939
208000186,1341,3299,-1958
208000204,1161,1357,-196
208000205,2079,798,1281
208000282,1506,2469,-963
209000004,794,275,519
209000005,64,45,19
209000006,550,237,313
209000007,456,670,-214
209000010,333,263,70
209000011,179,339,-160
209000012,110,110,0
209000013,389,218,171
209000014,562,622,-60
209000025,664,96,568
209000026,1175,90,1085
209000027,361,395,-34
209000028,295,299,-4
209000029,365,1096,-731
209000030,326,1531,-1205
209000031,2541,1848,693
209000034,291,351,-60
209000035,243,336,-93
209000036,408,163,245
209000037,485,256,229
209000038,236,147,89
209000039,97,142,-45
209000040,427,599,-172
209000041,269,339,-70
209000042,378,252,126
209000043,849,588,261
209000044,372,853,-481
209000045,788,371,417
209000046,643,487,156
209000047,418,306,112
209000048,613,669,-56
209000049,119,42,77
209000050,204,41,163
209000051,258,118,140
209000052,151,113,38
209000062,86,34,52
209000063,73,31,42
209000064,39,20,19
209000065,254,37,217
209000066,179,13,166
209000067,254,35,219
209000080,41,200,-159
209000082,111,49,62
209000091,12,71,-59
209000093,39,25,14
209000094,24,145,-121
209000110,52,183,-131
209000111,859,2787,-1928
209000112,2122,856,1266
209000113,2970,1064,1906
209000114,1393,966,427
209000115,35,47,-12
209000116,289,222,67
209000118,38,80,-42
209000119,2,20,-18
209000121,108,407,-299
209000135,60,219,-159
209000142,649,3792,-3143
209000143,56,69,-13
209000144,91,270,-179
209000229,220,132,88
209000240,42,194,-152
209000259,61,55,6
209000260,70,1469,-1399
209000261,8,937,-929
209000262,1,267,-266
209000263,0,315,-315
209000264,0,441,-441
209000265,511,1,510
209000266,212,1,211
209000267,2359,13,2346
209000268,531,130,401
210000037,188,44,144
210000047,149,28,121
210000048,261,24,237
210000049,96,6,90
210000052,170,54,116
210000053,110,42,68
210000054,41,93,-52
210000070,242,5,237
210000071,181,0,181
210000072,59,0,59
210000073,1,26,-25
210000074,1,164,-163
210000075,0,242,-242
210000076,13,289,-276
210000077,4,172,-168
210000078,53,154,-101
210000079,17,21,-4
210000080,43,149,-106
210000081,255,33,222
210000082,59,2,57
210000083,81,1,80
210000084,108,1,107
210000085,1,68,-67
210000086,0,101,-101
210000099,101,198,-97
210000100,108,147,-39
210000101,134,212,-78
210000105,29,320,-291
210000159,2,354,-352
210000163,72,396,-324
210000164,176,357,-181
210000168,303,93,210
210000187,0,64,-64
210000188,1,46,-45
210000214,8,0,8
210000219,125,72,53
210000220,226,42,184
210000232,9,19,-10
210000233,81,56,25
210000234,84,120,-36
210000235,127,52,75
210000245,1,179,-178
210000246,29,15,14
210000258,32,129,-97
210000259,350,60,290
210000282,79,239,-160
210000285,0,202,-202
210000286,23,221,-198
210000295,53,246,-193
210000296,86,74,12
210000320,360,55,305
210000321,223,39,184
210000338,77,84,-7
210000339,206,1224,-1018
210000340,192,465,-273
210000341,275,369,-94
210000342,363,222,141
210000343,172,192,-20
210000344,116,210,-94
210000345,149,352,-203
210000346,64,184,-120
210000347,89,68,21
210000348,154,56,98
210000349,55,33,22
210000350,165,39,126
210000351,232,37,195
210000352,68,48,20
210000353,68,55,13
210000354,77,39,38
210000355,38,84,-46
210000356,31,114,-83
210000357,31,82,-51
210000358,213,261,-48
210000359,68,218,-150
210000360,250,302,-52
210000361,225,230,-5
210000362,228,268,-40
210000363,422,366,56
210000364,186,264,-78
210000365,159,95,64
210000366,209,71,138
210000367,131,41,90
210000368,181,34,147
210000369,23,86,-63
210000370,75,130,-55
210000372,24,12,12
210000373,12,48,-36
210000374,63,52,11
210000375,35,19,16
210000376,51,127,-76
210000404,35,220,-185
210000439,88,12,76
210000472,30,5,25
210000482,33,185,-152
210000564,195,391,-196
210000568,251,5,246
211000092,65,28,37
211000094,89,11,78
211000169,242,22,220
211000172,17,123,-106
211000209,0,132,-132
211000275,35,15,20
211000276,215,28,187
211000279,47,23,24
211000281,204,18,186
211507980,0,71,-71
211977296,40,2,38
212000003,212,29,183
212000004,17,58,-41
212000005,15,52,-37
212000006,37,78,-41
212000008,330,150,180
212000009,43,94,-51
212000012,107,33,74
212000013,26,18,8
212000014,438,142,296
212000015,338,160,178
212000016,721,460,261
212000027,567,342,225
212000028,362,246,116
212000029,263,193,70
212000030,83,23,60
212000031,87,22,65
212000048,39,573,-534
212000049,31,331,-300
212000050,40,22,18
212000051,378,131,247
212000052,289,122,167
212000053,319,263,56
212000054,619,77,542
212000055,406,91,315
212000056,13,41,-28
212000057,9,19,-10
212000058,182,41,141
212000070,174,157,17
212000077,142,309,-167
212000099,494,203,291
212000108,249,161,88
212000111,350,113,237
212000120,166,78,88
212000138,206,30,176
212000156,2,58,-56
212000158,7,23,-16
212000159,736,26,710
212000160,900,154,746
212000161,78,6,72
212000310,94,20,74
212000311,25,54,-29
212000374,59,20,39
213000001,54,437,-383
213000005,886,171,715
213000006,887,336,551
213000007,51,33,18
213000009,388,267,121
213000010,407,216,191
213000011,218,118,100
213000012,281,240,41
213000014,96,36,60
213000015,384,17,367
213000016,387,2,385
213000017,95,0,95
213000018,0,23,-23
213000019,6,48,-42
213000020,110,175,-65
213000021,9,71,-62
213000023,453,315,138
213000033,482,1467,-985
213000034,619,199,420
213000035,175,278,-103
213000045,338,361,-23
213000046,210,188,22
213000047,424,1075,-651
213000056,214,37,177
213000069,128,13,115
213000073,1,62,-61
213000074,289,884,-595
213000075,785,9,776
213000085,9,30,-21
213000086,20,163,-143
213000091,457,14,443
213000092,58,15,43
213000099,176,1578,-1402
213000100,846,313,533
213000101,807,81,726
213000102,848,145,703
213000103,976,662,314
213000104,75,283,-208
213000105,106,2166,-2060
213000106,15,123,-108
213000107,127,223,-96
213000108,46,258,-212
213000109,5,131,-126
213000110,17,98,-81
213000111,6,77,-71
213000112,60,127,-67
213000115,62,5,57
213000116,80,504,-424
213000117,8,569,-561
213000118,1277,289,988
213000119,32,403,-371
213000120,62,175,-113
213000122,218,289,-71
213000123,206,469,-263
213000124,295,1018,-723
213000125,247,58,189
213000126,48,135,-87
213000127,32,306,-274
213000128,122,1531,-1409
213000129,233,1096,-863
213000130,1536,482,1054
213000132,912,147,765
213000133,1393,130,1263
213000134,1981,14,1967
213000136,747,21,726
213000137,963,70,893
213000139,113,22,91
213000147,57,9,48
213000148,13,9,4
213000149,57,9,48
213000150,1,470,-469
213000151,0,188,-188
213000152,1,183,-182
213000153,1,196,-195
213000154,104,359,-255
213000155,40,157,-117
213000156,116,257,-141
213000157,1034,300,734
213000158,645,754,-109
213000159,1314,328,986
213000163,2106,188,1918
213000165,1270,482,788
213000171,1,25,-24
213000172,0,80,-80
213000173,0,83,-83
213000174,14,78,-64
213000175,18,76,-58
213000176,449,48,401
213000177,367,13,354
213000178,398,7,391
213000179,425,1,424
213000180,307,0,307
213000184,101,518,-417
213000188,781,81,700
213000189,1005,38,967
213000190,889,501,388
213000191,826,247,579
213000192,416,129,287
213000193,584,305,279
213000194,0,151,-151
213000195,43,271,-228
213000196,279,1510,-1231
213000197,872,913,-41
213000198,61,2,59
213000200,95,517,-422
213000201,25,89,-64
213000202,28,570,-542
213000203,2235,463,1772
213000204,1328,52,1276
213000205,921,70,851
213000206,718,44,674
213000207,107,14,93
213000208,52,2,50
213000209,122,3,119
213000210,278,5,273
213000211,7,23,-16
213000212,29,47,-18
213000213,35,74,-39
213000218,413,419,-6
213000219,1369,31,1338
213000220,1249,14,1235
213000223,232,230,2
213000224,21,53,-32
213000225,95,15,80
213000226,66,20,46
213000227,1498,187,1311
213000228,752,77,675
213000229,104,36,68
213000230,640,17,623
213000232,68,184,-116
213000233,11,457,-446
213000234,0,133,-133
213000293,24,45,-21
213000294,75,33,42
213000295,43,89,-46
213000296,62,16,46
213000297,8,98,-90
213000298,18,77,-59
213000299,53,14,39
213000300,3,6,-3
213000303,2,16,-14
213000304,2,11,-9
213000305,1,31,-30
213000306,49,300,-251
213000307,94,206,-112
213000308,105,175,-70
213000309,222,57,165
213000310,509,332,177
213000311,147,1143,-996
213000315,110,189,-79
213000316,297,57,240
213000322,184,53,131
213000323,185,71,114
213000324,246,34,212
213000325,254,54,200
213000326,175,27,148
213000327,264,54,210
213000328,122,96,26
213000329,277,34,243
213000340,183,244,-61
213000341,1142,92,1050
213000347,292,829,-537
213000348,13,570,-557
213000349,6,15,-9
213000350,253,989,-736
213000366,120,224,-104
213000367,550,14,536
213000379,68,450,-382
213000386,47,79,-32
213000406,194,133,61
213000417,2187,689,1498
213000425,508,119,389
213000426,322,58,264
213000427,103,87,16
213000428,58,93,-35
213000429,4,8,-4
213000430,122,354,-232
213000431,14,0,14
213000432,3,74,-71
213000433,30,83,-53
213000434,202,171,31
213000435,211,136,75
213000436,69,30,39
213000437,5,13,-8
213000438,260,48,212
213000439,79,13,66
213000440,25,175,-150
213000441,0,5,-5
213000442,10,14,-4
213000443,493,427,66
213000444,75,27,48
213000445,0,88,-88
213000446,0,92,-92
213000447,3,72,-69
213000448,28,275,-247
213000449,1238,14,1224
213000450,47,57,-10
213000451,554,103,451
213000452,47,26,21
213000453,36,274,-238
213000455,121,3,118
213000456,1,227,-226
213000481,3,1,2
213000484,47,0,47
213000489,197,85,112
213900002,6,317,-311
213900003,77,0,77
213900013,1,69,-68
213900015,0,26,-26
213900016,16,6,10
213900020,31,41,-10
213900030,3,55,-52
213900032,210,219,-9
213900033,327,36,291
213900034,1021,66,955
213900035,344,154,190
213900036,167,98,69
213900037,57,228,-171
213900038,866,120,746
213900039,1,14,-13
213900041,12,228,-216
213900042,172,316,-144
213900043,420,162,258
213900244,89,1,88
213900245,0,8,-8
218000003,34,38,-4
218000004,46,26,20
218000005,15,70,-55
218000006,86,49,37
218000007,18,13,5
218000012,229,183,46
218000013,249,208,41
218000014,524,356,168
218000019,427,507,-80
218000020,222,311,-89
218000021,48,68,-20
218000022,22,9,13
218000023,5,14,-9
218000024,5,5,0
218000025,3,15,-12
218000026,20,27,-7
218000027,0,7,-7
218000028,4,2,2
218000029,4,2,2
218000030,11,15,-4
218000031,2,11,-9
218000032,2,28,-26
218000040,4,8,-4
218000046,71,93,-22
218000047,6,56,-50
218000048,85,30,55
218000049,43,48,-5
218000050,293,153,140
218000051,81,105,-24
218000052,0,36,-36
218000053,2,9,-7
218000054,1,91,-90
218000055,12,27,-15
218000056,16,39,-23
218000057,0,29,-29
218000064,2,32,-30
218000065,129,91,38
218000066,16,32,-16
218000067,81,42,39
218000068,140,62,78
218000069,358,90,268
218000070,252,134,118
218000071,224,156,68
218000072,166,277,-111
218000078,1640,325,1315
218000079,347,73,274
218000080,353,66,287
218000081,974,130,844
218000082,135,58,77
218000083,156,57,99
218000084,267,99,168
218000085,246,175,71
218000086,116,90,26
218000087,285,91,194
218000090,26,178,-152
218000091,1390,521,869
218000092,194,92,102
218000093,123,46,77
218000094,424,304,120
218000099,355,781,-426
218000100,608,446,162
218000101,468,170,298
218000102,860,191,669
218000103,128,128,0
218000104,170,25,145
218000105,25,32,-7
218000106,31,14,17
218000107,120,32,88
218000108,7,32,-25
218000112,152,44,108
218000117,68,99,-31
218000134,861,273,588
218000135,33,67,-34
218000136,186,117,69
218000137,222,148,74
218000138,86,173,-87
218000139,215,273,-58
218000140,814,357,457
218000141,126,116,10
218000142,190,188,2
218000143,75,602,-527
218000144,29,251,-222
218000145,723,386,337
218000146,246,212,34
218000151,6,31,-25
218000152,118,39,79
218000153,10,8,2
218000154,16,1,15
218000155,72,12,60
218000156,113,34,79
218000157,62,21,41
218000158,20,23,-3
218000159,4,7,-3
218000160,6,6,0
218000161,108,6,102
218000162,82,6,76
218000163,39,3,36
218000164,116,2,114
218000165,159,34,125
218000170,4,32,-28
218000171,50,8,42
218000172,22,8,14
218000173,20,28,-8
218000174,34,38,-4
218000176,381,70,311
218000177,537,295,242
218000178,121,353,-232
218000179,236,80,156
218000180,159,16,143
218000181,416,74,342
218000187,17,82,-65
218000188,29,61,-32
218000189,30,112,-82
218000190,53,26,27
218000191,284,40,244
218000192,351,171,180
218000193,645,325,320
218000194,241,261,-20
218000195,208,47,161
218000196,504,189,315
218000197,923,191,732
218000198,74,71,3
218000199,49,6,43
218000200,77,30,47
218000201,23,17,6
218000202,66,426,-360
218000207,3,16,-13
218000208,25,31,-6
218000211,24,51,-27
218000212,0,5,-5
218000213,137,83,54
218000214,1,28,-27
218000215,60,30,30
218000217,2,50,-48
218000218,208,52,156
218000219,10,92,-82
218000220,45,795,-750
218000221,466,229,237
218000222,5,68,-63
218000223,65,765,-700
218000224,20,290,-270
218000225,283,41,242
218000226,316,115,201
218000230,0,7,-7
218000232,39,59,-20
218000239,196,13,183
218000240,6,3,3
218000241,21,0,21
218000242,13,3,10
218000243,16,8,8
218000244,32,10,22
218000245,82,3,79
218000246,0,1,-1
218000247,2,0,2
218000248,0,39,-39
218000249,0,2,-2
218000250,6,40,-34
218000251,7,26,-19
218000252,4,275,-271
218000253,6,155,-149
218000254,2,51,-49
218000255,0,22,-22
218000256,2,75,-73
218000267,317,775,-458
218000268,9,43,-34
218000269,4,16,-12
218000270,55,58,-3
218000271,3,12,-9
218000273,51,5,46
218000274,17,2,15
218000275,39,38,1
218000276,30,12,18
218000278,6,99,-93
218000279,50,47,3
218000280,1,22,-21
218000281,17,25,-8
218000282,521,738,-217
218000284,79,6,73
218000301,141,203,-62
218000302,128,81,47
218000303,13,66,-53
218000316,1361,718,643
218000317,2331,732,1599
218000318,1871,443,1428
218000319,1863,589,1274
218000320,1663,595,1068
218000338,24,87,-63
218000345,48,73,-25
218000346,34,359,-325
218000459,26,158,-132
218000490,23,92,-69
218000501,176,56,120
218000502,138,35,103
218000503,190,19,171
218000504,145,28,117
218000505,96,63,33
218000506,25,145,-120
218000508,12,7,5
218000510,122,22,100
218000520,133,96,37
218000521,3,22,-19
218000522,1,260,-259
218000523,198,2,196
218000524,17,920,-903
218000525,96,16,80
218000526,21,538,-517
218000529,24,34,-10
218000530,53,1,52
218000531,14,10,4
218000532,73,27,46
218000534,254,11,243
218000537,8,149,-141
218000538,101,770,-669
218000540,92,158,-66
218000543,216,68,148
218000544,49,30,19
218000545,148,118,30
218000546,104,28,76
218000547,183,233,-50
218000548,109,85,24
218000549,1018,576,442
218000550,168,208,-40
218000551,103,531,-428
218000552,299,209,90
218000553,24,79,-55
218000554,18,60,-42
218000555,33,33,0
218000556,165,179,-14
218000557,587,115,472
218000558,71,1,70
218000559,0,81,-81
218000560,0,47,-47
218000561,3,0,3
218000562,43,169,-126
218000563,241,23,218
218000564,7,183,-176
218000565,101,146,-45
218000566,102,29,73
218000567,0,154,-154
218000568,5,2,3
218000569,4,454,-450
218000570,41,10,31
218000571,2,147,-145
218000572,132,10,122
218000573,4,258,-254
218000574,22,46,-24
218000575,132,0,132
218000576,0,97,-97
218000577,115,7,108
218000578,3,269,-266
218000579,25,75,-50
218000581,6,57,-51
218000582,86,9,77
218000583,13,0,13
218000584,0,73,-73
218000585,44,16,28
218000586,27,76,-49
218000587,4,16,-12
218000588,2,5,-3
218000589,1,7,-6
218000590,7,2,5
218000591,1,3,-2
218000592,11,1,10
218000593,1,2,-1
218000594,2,2,0
218000595,0,0,0
218000596,0,0,0
218000597,0,0,0
218000598,0,1,-1
218000599,0,0,0
218000600,0,1,-1
218000601,1,0,1
218000602,0,4,-4
218000603,0,6,-6
218000604,13,1,12
218000605,0,29,-29
218000606,180,0,180
218000607,14,72,-58
218000608,105,45,60
218000609,8,30,-22
218000610,189,7,182
218000611,63,1,62
218000612,29,57,-28
218000613,87,2,85
218000614,0,102,-102
218000615,221,4,217
218000616,3,165,-162
218000617,9,2,7
218000618,1,24,-23
218000619,45,39,6
218000620,4,51,-47
218000621,0,3,-3
218000622,0,66,-66
218000623,64,2,62
218000624,1,118,-117
218000625,1,2,-1
218000626,0,24,-24
218000628,264,58,206
218000631,16,18,-2
218000632,8,172,-164
218000633,106,2,104
218000634,3,18,-15
218000635,12,14,-2
218000636,1035,499,536
218000637,1430,320,1110
218000638,326,45,281
218000639,29,51,-22
218000640,687,21,666
218000641,123,141,-18
218000652,70,27,43
218000653,298,102,196
218000663,6,23,-17
218000675,22,47,-25
218000676,5,6,-1
218000677,26,3,23
218000680,117,110,7
218000681,499,85,414
218000691,142,65,77
218000693,533,62,471
218000703,3,13,-10
218000718,42,220,-178
218000719,85,418,-333
218000720,3,247,-244
218000721,25,55,-30
218000725,9,5,4
218001214,30,313,-283
218001329,40,96,-56
218001330,46,23,23
218001359,0,1,-1
218001360,1,0,1
218001361,0,0,0
218001362,0,1,-1
219000001,9,59,-50
219000002,37,82,-45
219000003,86,74,12
219000004,66,121,-55
219000017,84,135,-51
219000020,209,58,151
219000022,187,7,180
219000023,91,4,87
219000029,5,87,-82
219000034,28,38,-10
219000039,47,260,-213
219000040,42,125,-83
219000041,158,48,110
219000051,0,57,-57
219000052,0,40,-40
219000053,0,60,-60
219000054,327,580,-253
219000055,282,1,281
219000056,0,0,0
219000057,71,0,71
219000062,16,119,-103
219000063,129,23,106
219000064,1,45,-44
219000110,286,158,128
219000111,59,66,-7
219000112,263,55,208
219000113,223,36,187
219000114,192,51,141
219000116,156,61,95
219000117,262,125,137
219000118,186,115,71
219000123,214,81,133
219000124,49,87,-38
219000125,16,16,0
219000126,49,128,-79
219000127,0,13,-13
219000128,20,121,-101
219000129,16,153,-137
219000130,254,717,-463
219000131,832,1313,-481
219000133,35,59,-24
219000134,14,47,-33
219000135,42,121,-79
219000136,137,234,-97
219000138,116,19,97
219000139,115,24,91
219000140,154,2,152
219000141,51,29,22
219000142,20,26,-6
219000143,25,34,-9
219000145,12,66,-54
219000146,10,18,-8
219000147,7,39,-32
219000148,7,12,-5
219000149,21,41,-20
219000150,1,63,-62
219000151,3,17,-14
219000157,324,79,245
219000158,180,195,-15
219000161,173,9,164
219000163,1334,426,908
219000166,174,175,-1
219000167,174,121,53
219000168,275,65,210
219000174,585,144,441
219000175,230,15,215
219000176,271,18,253
219000177,158,6,152
219000178,144,2,142
219000179,78,5,73
219000180,55,13,42
219000182,280,16,264
219000183,138,18,120
219000184,156,21,135
219000185,2,21,-19
219000186,100,37,63
219000187,25,54,-29
219000189,43,236,-193
219000190,39,235,-196
219000191,176,2233,-2057
219000192,203,229,-26
219000193,111,166,-55
219000195,1,54,-53
219000196,6,93,-87
219000198,24,90,-66
219000199,39,148,-109
219000200,49,112,-63
219000201,37,168,-131
219000203,28,161,-133
219000204,59,457,-398
219000205,35,292,-257
219000207,70,311,-241
219000209,37,30,7
219000210,6,191,-185
219000213,12,191,-179
219000239,242,218,24
219000240,190,533,-343
219000241,233,142,91
219000242,64,182,-118
219000243,77,203,-126
219000244,17,50,-33
219000245,22,46,-24
219000246,49,72,-23
219000247,285,49,236
219000248,539,702,-163
219000249,166,161,5
219000250,255,167,88
219000251,718,268,450
219000252,412,167,245
219000253,407,75,332
219000255,233,169,64
219000256,437,60,377
219000257,236,1,235
219000262,72,74,-2
219000263,68,87,-19
219000267,8,69,-61
219000268,1,7,-6
219000269,2,0,2
219000270,30,3,27
219000271,265,3,262
219000278,0,19,-19
219000279,0,13,-13
219000283,0,16,-16
219000295,29,82,-53
219000296,96,219,-123
219000297,32,56,-24
219000298,48,43,5
219000299,503,58,445
219000300,28,73,-45
219000301,63,263,-200
219000302,20,151,-131
219000307,34,14,20
219000308,103,62,41
219000311,268,103,165
219000312,491,167,324
219000313,643,56,587
219000314,42,165,-123
219000315,453,36,417
219000316,828,58,770
219000317,187,25,162
219000320,0,95,-95
219000321,0,28,-28
219000323,12,44,-32
219000325,6,6,0
219000326,61,47,14
219000327,71,28,43
219000328,16,41,-25
219000329,291,95,196
219000330,32,35,-3
219000331,52,73,-21
219000332,130,89,41
219000333,53,5,48
219000335,112,3,109
219000337,24,0,24
219000338,31,1,30
219000344,32,70,-38
219000345,129,38,91
219000346,46,49,-3
219000348,232,85,147
219000349,63,115,-52
219000350,75,481,-406
219000351,1,4,-3
219000352,275,99,176
219000353,175,48,127
219000354,288,70,218
219000355,244,50,194
219000356,404,2170,-1766
219000363,134,98,36
219000364,171,79,92
219000365,108,20,88
219000366,165,522,-357
219000368,407,737,-330
219000370,805,993,-188
219000371,11,16,-5
219000382,17,21,-4
219000383,215,1991,-1776
219000385,357,815,-458
219000386,728,2043,-1315
219000387,1,18,-17
219000390,9,1,8
219000391,4,1,3
219000397,41,14,27
219000398,63,44,19
219000401,12,85,-73
219000402,21,71,-50
219000403,59,228,-169
219000404,19,91,-72
219000407,3,58,-55
219000409,109,54,55
219000410,148,26,122
219000411,86,11,75
219000446,60,443,-383
219000447,2,12,-10
219000448,6,11,-5
219000452,136,94,42
219000453,22,279,-257
219000454,207,470,-263
219000556,452,129,323
219000558,76,108,-32
219000590,38,247,-209
219000591,192,114,78
219000592,67,251,-184
219000595,1,6,-5
219000635,260,65,195
219000636,32,35,-3
219000657,13,20,-7
219000658,12,154,-142
219000673,0,123,-123
219000676,6,29,-23
219000679,40,11,29
219000684,150,7,143
219000685,1,43,-42
219000686,0,4,-4
219000688,1,54,-53
219000689,5,168,-163
219000690,105,28,77
219000691,18,131,-113
219000692,126,22,104
219000693,6,23,-17
219000694,79,1,78
219000695,44,2,42
219000698,32,8,24
219000699,0,83,-83
219000727,0,73,-73
219000728,85,0,85
219000770,34,6,28
219000771,1,38,-37
219001150,1,48,-47
219001151,1,7,-6
219001166,4,49,-45
219001167,0,37,-37
220000001,39,157,-118
220000002,10,118,-108
220000003,328,130,198
220000004,425,323,102
220000005,634,1692,-1058
220000006,128,719,-591
220000007,443,248,195
220000008,396,476,-80
220000009,359,444,-85
220000010,118,71,47
220000011,449,5025,-4576
220000012,62,534,-472
220000014,165,90,75
220000015,46,413,-367
220000017,30,461,-431
220000018,7422,2688,4734
220000019,152,593,-441
220000020,569,203,366
220000021,1071,228,843
220000022,1505,335,1170
220000023,451,189,262
220000024,1220,642,578
220000025,959,2494,-1535
220000026,395,801,-406
220000027,13,227,-214
220000028,52,72,-20
220000029,29,84,-55
220000030,78,88,-10
220000031,834,488,346
220000064,23,1206,-1183
221000046,6,1,5
221000047,0,3,-3
221000048,0,1,-1
221000049,0,13,-13
221000050,19,0,19
221000055,44,32,12
221000057,126,12,114
221000068,274,100,174
221000069,415,56,359
221000070,393,41,352
221000071,129,9,120
221000072,387,14,373
221000073,251,22,229
221000074,1,11,-10
221000075,7,67,-60
221000076,12,31,-19
221000077,9,72,-63
221000081,6,6,0
221000082,59,9,50
221000083,20,10,10
221000084,29,17,12
221000085,21,51,-30
221000086,15,94,-79
221000087,7,95,-88
221000088,4,106,-102
221000089,27,190,-163
221000090,80,549,-469
221000098,169,14,155
221000099,280,17,263
221000100,152,8,144
221000101,171,8,163
221000102,193,14,179
221000109,11,92,-81
221000110,7,33,-26
221000111,13,104,-91
221000112,10,107,-97
221000113,12,81,-69
221000114,11,79,-68
221000120,30,63,-33
221000121,17,73,-56
221000122,62,84,-22
221000123,2,20,-18
221000124,14,77,-63
221000155,290,36,254
221000156,4,92,-88
221000175,1,5,-4
221000176,0,6,-6
221000182,42,19,23
221000241,325,334,-9
221000242,141,350,-209
221000243,406,287,119
221000244,198,369,-171
221000245,93,62,31
221000246,40,181,-141
221000247,85,63,22
221000248,146,94,52
221000267,70,1203,-1133
221000325,14,163,-149
221000331,5,58,-53
221000338,21,62,-41
221000378,383,58,325
221000381,67,39,28
222000282,0,2,-2
222000296,1,8,-7
222000568,581,26,555
222000569,299,59,240
222000570,309,53,256
222000571,728,24,704
222000577,13,66,-53
222000578,17,71,-54
222000579,11,109,-98
222000580,34,606,-572
222000599,0,66,-66
222000600,0,164,-164
222000601,0,559,-559
222000603,17,63,-46
222000604,0,123,-123
222000605,28,90,-62
222000606,3,53,-50
222000607,4,9,-5
222000608,30,35,-5
222000609,85,95,-10
222000616,780,46,734
222000617,9,45,-36
222000618,6,3,3
222000620,21,26,-5
222000621,55,63,-8
222000623,937,20,917
222000624,754,6,748
222000625,1748,7,1741
222000636,93,4,89
222000686,41,16,25
222000687,42,37,5
222001066,512,1,511
222001067,82,1,81
222001068,150,21,129
222001069,190,17,173
222001082,26,17,9
222001083,78,16,62
222001084,0,24,-24
222001085,2,271,-269
222001111,103,45,58
222001112,371,17,354
222001313,27,6,21
222001314,14,128,-114
222001464,60,32,28
222001465,24,44,-20
222001484,200,73,127
222001485,29,106,-77
222001494,1240,94,1146
222001495,138,72,66
222001496,640,103,537
222001497,112,173,-61
222001502,12,41,-29
222001503,213,21,192
222001504,36,207,-171
222001505,625,22,603
222001506,68,304,-236
222001507,320,22,298
222001510,1041,63,978
222001511,74,118,-44
222001514,1433,218,1215
222001515,107,348,-241
222001518,880,72,808
222001519,79,111,-32
222001527,234,132,102
222001528,38,158,-120
222001529,788,56,732
222001530,97,134,-37
222001533,143,128,15
222001534,813,68,745
222001535,477,336,141
222001536,74,78,-4
222001537,634,54,580
222001538,56,366,-310
222001563,1396,269,1127
222001564,101,144,-43
222001568,225,280,-55
222001576,0,4,-4
222001579,1,17,-16
222001583,11,61,-50
222001584,214,12,202
222001596,783,2808,-2025
222001597,2118,1820,298
222001626,0,95,-95
222001650,27,294,-267
222001651,49,588,-539
222001914,384,59,325
222001915,31,197,-166
222900004,552,240,312
222900009,179,396,-217
222900019,211,441,-230
222900024,101,10,91
222900025,8,11,-3
225000001,512,122,390
225000002,916,151,765
225000003,1067,64,1003
225000004,634,281,353
225000005,91,77,14
225000006,1,170,-169
225000007,1135,1153,-18
225000010,346,14,332
225000011,384,1714,-1330
225000012,366,868,-502
225000013,147,93,54
225000014,775,105,670
225000015,110,142,-32
225000021,881,139,742
225000027,185,419,-234
225000032,708,121,587
225000042,61,500,-439
225000049,56,53,3
225000050,197,13,184
225000053,5,282,-277
225000058,656,201,455
225000067,253,157,96
225000068,94,202,-108
225000069,63,308,-245
225000070,112,191,-79
225000071,40,47,-7
225000075,24,810,-786
225000076,34,104,-70
225000078,41,30,11
225000085,162,65,97
225000086,414,99,315
225000087,219,12,207
225000088,5,236,-231
225000089,45,881,-836
225000090,35,465,-430
225000091,173,90,83
225000092,46,40,6
225000093,244,193,51
225000094,18,99,-81
225000095,235,201,34
225000096,112,378,-266
225000098,1132,264,868
225000099,585,154,431
225000100,689,157,532
225000104,118,321,-203
225000110,8,334,-326
225000111,223,712,-489
225000112,288,951,-663
225000113,229,594,-365
225000114,210,336,-126
225000115,1024,727,297
225000116,379,194,185
225000117,743,517,226
225000118,1505,406,1099
225000119,410,124,286
225000120,902,36,866
225000121,224,65,159
225000123,669,5,664
225000125,645,151,494
225000126,834,191,643
225000127,538,2389,-1851
225000128,497,1267,-770
225000132,847,49,798
225000133,392,44,348
225000134,855,175,680
225000135,129,18,111
225000136,635,22,613
225000137,383,49,334
225000138,603,149,454
225000143,59,213,-154
225000144,5,330,-325
225000145,56,44,12
225000146,108,33,75
225000147,58,113,-55
225000148,18,92,-74
225000149,50,216,-166
225000151,39,131,-92
225000155,266,281,-15
225000156,237,883,-646
225000157,459,357,102
225000158,91,183,-92
225000171,5,91,-86
225000180,15,3,12
225000181,0,49,-49
225000182,105,6,99
225000185,8,283,-275
225000187,55,308,-253
225000191,65,3,62
225000194,0,10,-10
225000208,0,59,-59
225000209,149,10,139
225000210,6,295,-289
225000217,0,6,-6
225000218,16,2,14
225000223,0,61,-61
225000224,62,39,23
225000225,0,19,-19
225000226,39,0,39
225000227,77,85,-8
225000228,29,28,1
225000229,1,38,-37
225000230,8,4,4
225000231,1,27,-26
225000232,138,1,137
225000241,43,0,43
225000242,0,45,-45
225000249,66,87,-21
225000250,68,457,-389
225000251,814,78,736
225000254,1,51,-50
225000256,0,157,-157
225000257,2,38,-36
226000042,158,348,-190
226000043,42,251,-209
226000044,137,432,-295
226000045,78,233,-155
226000046,812,88,724
226000047,613,205,408
226000048,518,150,368
226000049,428,329,99
226000070,0,18,-18
226000071,0,50,-50
226000072,0,8,-8
226000073,0,6,-6
226000074,0,20,-20
226000084,1,25,-24
226000085,3,16,-13
226000086,3,10,-7
226000087,0,47,-47
226000088,9,97,-88
226000090,103,294,-191
226000091,14,130,-116
226000092,3,61,-58
226000093,45,3,42
226000094,14,7,7
226000095,8,5,3
226000105,27,3,24
226000106,44,0,44
226000107,8,1,7
226000108,33,1,32
226000109,222,1,221
226000124,242,103,139
226000134,1521,800,721
226000135,2579,831,1748
226000136,1021,662,359
226000137,4,112,-108
226000138,2,79,-77
226000139,0,51,-51
226000156,472,8,464
226000157,425,15,410
226000163,92,291,-199
226000202,6,138,-132
226000231,613,11,602
226000232,49,10,39
227000033,474,34,440
227000036,686,32,654
227000037,456,31,425
227000038,76,27,49
227000084,7,97,-90
227000085,1,59,-58
227000088,47,1,46
227000089,123,1,122
227000090,29,0,29
227000091,23,2,21
227000092,23,1,22
227000093,154,0,154
227000094,25,1,24
227000130,37,185,-148
227000131,28,96,-68
227000132,10,78,-68
227000133,10,81,-71
227000134,27,187,-160
227000152,0,17,-17
227000153,0,94,-94
227000154,0,33,-33
227000155,3,30,-27
227000156,0,35,-35
227000165,4,134,-130
227000196,782,112,670
227000199,699,196,503
227000230,7,122,-115
227000232,912,29,883
227000242,37,412,-375
227000243,413,56,357
227000245,7,232,-225
227000246,109,149,-40
227000247,541,62,479
227000248,118,49,69
227000249,16,36,-20
227000250,384,272,112
227000251,57,243,-186
227000252,51,106,-55
227000253,270,10,260
227000262,754,35,719
227000266,2368,25,2343
227000267,19,563,-544
227000282,3,68,-65
227000284,970,32,938
227000286,4,44,-40
227000291,8,296,-288
227000296,208,412,-204
227000484,223,10,213
227000485,9,755,-746
227000655,348,1,347
227000656,848,51,797
227000657,118,10,108
227000704,240,14,226
229000265,20,7,13
229000266,4,0,4
229000267,12,0,12
229000268,48,0,48
229000269,26,3,23
229000274,0,50,-50
229000275,1,34,-33
229000276,2,16,-14
229000277,0,1,-1
229000278,1,8,-7
229000295,21,16,5
229000296,2,16,-14
229000297,11,23,-12
229000298,8,143,-135
229000320,17,19,-2
229000321,16,17,-1
229000412,17,29,-12
229000414,22,34,-12
229000415,5,2,3
229000416,1,0,1
229000417,2,3,-1
229000419,84,273,-189
229000440,350,124,226
229000442,26,32,-6
229000443,5,4,1
229000444,1,36,-35
229000445,84,9,75
229000446,133,36,97
229000491,3,22,-19
229000492,5,32,-27
229000493,7,46,-39
229000494,81,1,80
229000495,157,6,151
229000496,123,5,118
229000507,0,41,-41
229000508,0,49,-49
229000509,2,73,-71
229000510,3,53,-50
229000511,4,46,-42
229000512,0,18,-18
229000513,0,3,-3
229000514,1,3,-2
229000517,17,10,7
229000518,18,10,8
229000519,0,8,-8
229000520,24,13,11
229000521,83,30,53
229000522,8,6,2
229000523,14,7,7
229000524,11,1,10
229000527,2,0,2
229000528,2,0,2
229000529,17,0,17
229000530,106,2,104
229000531,53,2,51
229000532,15,2,13
229000533,71,1,70
229000534,49,2,47
229000564,122,0,122
229000565,71,0,71
229000566,0,9,-9
229000567,0,36,-36
229000582,95,6,89
229000583,6,0,6
229000584,0,16,-16
229000585,2,68,-66
229000718,0,4,-4
229000719,0,2,-2
229000720,0,8,-8
229000721,0,6,-6
229000722,0,0,0
229000723,0,2,-2
229000724,0,11,-11
229000725,0,4,-4
229000738,4,0,4
229000739,2,0,2
229000740,3,0,3
229000741,61,0,61
229000742,16,0,16
229000743,39,0,39
229000744,5,0,5
229000745,0,0,0
229000746,22,0,22
229000847,135,0,135
229000848,41,0,41
229000849,205,2,203
229000851,181,0,181
229000854,0,14,-14
229000856,2,24,-22
229000857,0,4,-4
229000858,0,9,-9
229000919,14,43,-29
229000930,2,218,-216
229000937,86,10,76
229000966,63,80,-17
229000981,14,31,-17
229000985,34,27,7
229000986,2,8,-6
229000987,0,2,-2
229000988,5,5,0
229000989,11,17,-6
229000990,7,7,0
229000991,0,2,-2
229000992,37,11,26
229000993,197,20,177
229000998,18,49,-31
229000999,97,14,83
229001034,0,14,-14
229001035,3,2,1
229001036,4,49,-45
229001037,102,1,101
229001038,0,12,-12
229001039,7,0,7
229001040,1,53,-52
229001041,172,2,170
229001042,33,28,5
229001047,14,39,-25
229001050,49,11,38
229001168,0,17,-17
229001200,27,33,-6
229001338,1,31,-30
229001394,217,1,216
229001422,175,38,137
229001423,27,75,-48
229001431,72,38,34
229001432,22,70,-48
229001444,285,59,226
229001445,54,117,-63
229001479,31,4,27
229001503,382,120,262
229001504,143,85,58
229001505,197,29,168
229001506,57,46,11
229001509,47,7,40
229001510,3,33,-30
229001545,126,2,124
229001546,8,44,-36
229001553,137,23,114
229001554,26,48,-22
229001630,106,7,99
229001631,16,19,-3
229001635,0,29,-29
229001636,6,0,6
229001658,0,113,-113
229001659,44,0,44
229001660,3,6,-3
229001661,7,44,-37
229001662,37,0,37
229001663,0,10,-10
229002584,243,239,4
229002831,100,131,-31
229002841,11,31,-20
229002842,44,26,18
229002843,118,17,101
229002844,40,101,-61
229002845,15,98,-83
229002846,38,15,23
229002847,0,13,-13
229002848,21,12,9
229002849,2,41,-39
229002850,31,0,31
229002851,47,132,-85
229002852,225,39,186
229002853,140,29,111
229002854,59,70,-11
229002855,5,36,-31
229002856,54,10,44
229002857,7,86,-79
229002858,41,12,29
229002859,36,33,3
229002860,112,11,101
229002861,96,36,60
229002862,37,26,11
229002863,58,60,-2
229002864,34,20,14
229002865,9,14,-5
229002866,28,25,3
229002867,0,28,-28
229002868,23,31,-8
229002869,15,80,-65
229002870,89,33,56
235000066,162,50,112
235000067,83,42,41
235000072,39,85,-46
235000073,97,334,-237
235000074,91,18,73
235000080,9,60,-51
235000081,88,83,5
235000082,278,10,268
235000083,392,28,364
235000084,81,46,35
235000085,331,16,315
235000089,20,11,9
235000092,71,149,-78
235000093,22,10,12
235000097,3,0,3
235000098,71,6,65
235000099,48,50,-2
235000116,12,14,-2
235000117,387,17,370
235000133,16,621,-605
235000134,15,173,-158
235000206,9,11,-2
235000207,10,14,-4
235000208,1,2,-1
235000209,3,2,1
235000210,15,2,13
235000212,3,11,-8
235000213,1,9,-8
235000220,2,4,-2
235000221,18,38,-20
235000238,8,213,-205
235000239,1,77,-76
235000242,495,1383,-888
235000245,301,172,129
235000246,23,44,-21
235000284,16,110,-94
235000295,66,21,45
235000305,414,31,383
235000306,587,16,571
235000307,22,2,20
235000308,22,0,22
235000309,71,1,70
235000310,63,1,62
235000311,281,14,267
235000322,1,63,-62
235000323,0,43,-43
235000324,0,20,-20
235000325,0,14,-14
235000326,7,33,-26
235000351,1,38,-37
235000352,17,51,-34
235000353,6,21,-15
235000354,10,43,-33
235000355,16,163,-147
235000356,107,6,101
235000357,74,3,71
235000358,57,19,38
235000359,20,9,11
235000360,72,7,65
235000361,59,11,48
235000381,130,44,86
235000382,339,51,288
235000390,16,7,9
235000391,242,26,216
235000392,341,312,29
235000393,219,211,8
235000395,162,49,113
235000396,682,101,581
235000400,311,138,173
235000401,6,61,-55
235000405,144,119,25
235000406,30,95,-65
235000407,49,66,-17
235000409,131,46,85
235000410,27,143,-116
235000411,1,24,-23
235000485,0,12,-12
235000486,4,0,4
235000549,101,87,14
235000550,91,90,1
235000599,209,54,155
235000600,2,22,-20
235000601,22,18,4
235000602,83,54,29
235000614,2,10,-8
235000648,0,13,-13
235000649,25,11,14
235000685,0,5,-5
235000815,19,119,-100
235000834,0,7,-7
235000855,60,29,31
235000862,79,60,19
235000891,0,34,-34
235000892,72,54,18
235000901,107,83,24
235000907,3,7,-4
235001010,150,21,129
235001029,153,150,3
235001030,336,189,147
235001078,96,107,-11
235001079,53,54,-1
235001147,3,108,-105
235001166,5,26,-21
235001167,66,37,29
235001169,19,321,-302
235001188,1,26,-25
235001189,6,2,4
235001197,2,9,-7
235001200,82,36,46
235001208,32,20,12
235001209,10,71,-61
235001210,7,98,-91
235001239,3,53,-50
235001244,1,6,-5
235016267,1,33,-32
241900007,68,0,68
277101746,0,1,-1
277102712,56,41,15
277103813,0,0,0
277103814,0,0,0
277103898,0,0,0
990011530,0,243,-243
990014944,0,242,-242
990015176,67,0,67
990015618,1,124,-123
990016032,2,314,-312
990032570,7,765,-758
990070001,42,0,42
990070103,0,6,-6
990070601,2,59,-57
990070751,2608,14,2594
990070766,1,207,-206
990071180,724,322,402
990071343,16,6,10
990071387,0,4,-4
990071823,564,32,532
990072600,1,1184,-1183
990072964,2,252,-250
990073285,0,1,-1
990074393,0,471,-471
990074870,2128,24,2104
990075106,865,8,857
990075746,968,6,962
990076437,3938,4,3934
990076458,0,246,-246
997000007,392,14,378
997000041,1,278,-277
997000058,76,0,76
997000062,22,0,22
997000069,0,1,-1
997000070,0,19,-19
997000100,99,0,99
997000141,2,671,-669
997000198,1,376,-375
998000475,0,0,0
998000736,0,97,-97
998000965,0,30,-30
998001031,0,62,-62
998001700,0,28,-28
998001899,0,0,0
998001900,16,0,16
998003073,1407,3,1404
998101900,0,0,0
998102850,10,332,-322
998501927,481,1366,-885
998501929,132,2,130
998501930,90,4,86
998501931,160,16,144
998501932,1,1,0
998501933,83,1,82
998501937,30,5,25
998501944,0,1,-1
998501970,139,13,126
998501971,0,93,-93
998501972,408,0,408
998501973,0,35,-35
998501974,0,124,-124
998501975,171,73,98
998501976,134,1,133
998501977,29,9,20
998501978,11,0,11
998501979,0,3,-3
998501980,89,5,84
998501981,51,3,48
998501982,1,174,-173
998502006,0,0,0
998502024,0,3,-3
998502032,0,4,-4
998502062,14,0,14
998502063,0,0,0
998502173,4,0,4
998502269,0,2,-2
998601159,0,39,-39
998601292,1,38,-37
999033574,1,167,-166
999800001,116,21,95
999800002,2,3,-1
999800003,1,3,-2
999800004,0,6,-6
999800005,0,13,-13
