ID,insum,outsum,diff
100000001,893,730,163
100000002,7999,14035,-6036
100000003,6966,12038,-5072
100000004,359,1678,-1319
100000005,5100,7809,-2709
100000006,953,1134,-181
100000007,3886,1118,2768
100000008,161,2554,-2393
100000009,463,838,-375
100000010,61,2054,-1993
100000011,983,404,579
100000012,30,545,-515
100000013,27,791,-764
100000014,474,1344,-870
100000015,1880,3124,-1244
100000016,565,4061,-3496
100000017,498,5087,-4589
100000018,1293,991,302
100000019,5012,5536,-524
100000020,2354,10414,-8060
100000021,12715,2861,9854
100000022,1219,9624,-8405
100000023,10718,4997,5721
100000025,733,3549,-2816
100000028,689,4903,-4214
100000029,66,1968,-1902
100000030,76,61,15
100000031,3003,13454,-10451
100000032,4065,10275,-6210
100000033,2033,7329,-5296
100000034,298,2914,-2616
100000035,1047,3118,-2071
100000036,1225,3088,-1863
100000037,1207,1077,130
100000038,4401,2187,2214
100000039,269,1709,-1440
100000040,966,406,560
100000041,2807,1144,1663
100000042,2360,875,1485
100000043,987,280,707
100000044,414,661,-247
100000045,568,1421,-853
100000046,830,1395,-565
100000047,283,1252,-969
100000048,446,1508,-1062
100000049,2849,2760,89
100000051,1107,726,381
100000053,121,12,109
100000054,508,48,460
100000055,900,305,595
100000056,604,1106,-502
100000057,3260,1296,1964
100000058,1544,825,719
100000059,50,581,-531
100000060,1327,950,377
100000061,3313,1452,1861
100000062,2390,1399,991
100000063,1459,573,886
100000064,2621,748,1873
100000065,453,1064,-611
100000066,266,792,-526
100000067,352,811,-459
100000068,549,3482,-2933
100000069,498,1787,-1289
100000072,193,699,-506
100000073,1871,1406,465
100000075,1652,314,1338
100000076,2647,9488,-6841
100000077,365,1231,-866
100000078,24,70,-46
100000079,21,72,-51
100000080,8,81,-73
100000081,49,228,-179
100000102,5033,14749,-9716
100000103,2993,3317,-324
100000104,9823,4181,5642
100000105,1548,5529,-3981
100000106,1454,8160,-6706
100000107,118,2441,-2323
100000108,450,3120,-2670
100000109,816,4114,-3298
100000116,296,1215,-919
100000117,78,234,-156
100000118,673,2155,-1482
100000119,1344,1819,-475
100000121,497,1218,-721
100000122,699,7800,-7101
100000123,2299,4511,-2212
100000124,3685,4205,-520
100000125,15971,3961,12010
100000126,887,3279,-2392
100000127,1922,3104,-1182
100000128,587,6412,-5825
100000129,583,1872,-1289
100000130,1423,355,1068
100000131,1519,2993,-1474
100000132,1908,2825,-917
100000133,2357,1669,688
100000135,1203,1732,-529
100000139,166,701,-535
100000140,160,377,-217
100000142,768,1130,-362
100000143,1414,575,839
100000144,4284,706,3578
100000147,2616,7762,-5146
100000150,138,1139,-1001
100000151,607,4039,-3432
100000153,105,1232,-1127
100000154,35,2349,-2314
100000155,7,127,-120
100000156,199,314,-115
100000157,643,330,313
100000158,329,259,70
100000159,102,3281,-3179
100000165,1184,1202,-18
100000169,41,3967,-3926
100000174,391,2366,-1975
100000179,62,2397,-2335
100000180,1192,12009,-10817
100000181,644,848,-204
100000188,134,1150,-1016
100000189,1242,1290,-48
100000190,700,3042,-2342
100000191,1429,1151,278
100000192,36,185,-149
100000193,336,217,119
100000330,1119,1851,-732
100000355,407,2415,-2008
100000362,3087,1391,1696
100000363,10179,13071,-2892
100000364,186,389,-203
100000365,9231,14759,-5528
100000366,2380,1800,580
100000367,9267,12564,-3297
100000368,2335,1917,418
100000369,958,4416,-3458
100000370,418,1475,-1057
100000376,52,385,-333
100000379,1014,8331,-7317
100000380,4496,17996,-13500
100000384,8816,14306,-5490
100000385,2380,10456,-8076
100000386,2324,14108,-11784
100000387,7072,16723,-9651
100000388,2615,6818,-4203
100000389,8114,11485,-3371
100000390,4357,5461,-1104
100000391,4224,11075,-6851
100000392,1002,4548,-3546
100000393,1017,7308,-6291
100000394,2743,9399,-6656
100000395,1256,8945,-7689
100000396,1289,3107,-1818
100000397,2188,11560,-9372
100000398,8688,6001,2687
100900002,40,48,-8
100900003,976,424,552
100900004,25,3429,-3404
100900005,226,23,203
100900006,108,65,43
100900007,322,1,321
100900008,25,710,-685
100900009,45,64,-19
100900010,95,11,84
100900011,418,99,319
100900012,1,38,-37
100900013,1899,34,1865
100900014,4,3,1
100900015,64,73,-9
100900016,2,15,-13
100900017,2299,401,1898
100900018,3,12,-9
100900019,81,136,-55
100900020,530,6,524
100900021,740,4,736
100900022,5,66,-61
100900023,1,92,-91
100900024,671,1,670
100900025,20,9,11
100900026,283,122,161
100900027,792,5289,-4497
100900028,103,712,-609
100900029,26,8,18
100900030,3,606,-603
100900031,1720,194,1526
100900032,1011,3,1008
100900033,143,1291,-1148
100900034,2352,4,2348
100900035,340,2,338
100900036,36,0,36
100900037,288,115,173
100900038,13,190,-177
100900039,350,230,120
100900040,1003,409,594
100900041,2813,298,2515
100900042,542,3752,-3210
100900043,0,137,-137
100900044,1870,1382,488
100900045,15,2,13
100900046,2164,21,2143
100900047,1098,155,943
100900048,281,119,162
100900049,129,279,-150
100900050,6,62,-56
100900051,101,397,-296
100900052,472,51,421
100900053,1239,54,1185
100900054,19,34,-15
100900055,1104,2483,-1379
100900056,106,182,-76
100900057,4375,848,3527
100900058,243,172,71
100900059,268,19,249
100900060,276,19,257
100900061,184,241,-57
100900062,5,10,-5
100900063,583,1607,-1024
100900064,992,48,944
100900065,82,213,-131
100900066,225,84,141
100900067,70,24,46
100900068,132,473,-341
100900069,242,17,225
100900070,1206,26,1180
100900071,424,158,266
100900072,0,14,-14
100900073,598,728,-130
100900074,2,8,-6
100900075,3539,559,2980
100900076,21,43,-22
100900077,131,13,118
100900078,464,388,76
100900079,10,9,1
100900080,138,295,-157
100900081,109,254,-145
100900082,544,117,427
100900083,27,126,-99
100900085,3,807,-804
100900086,90,517,-427
100900088,462,87,375
100900089,7,21,-14
100900090,216,3063,-2847
100900091,8,18,-10
100900092,152,272,-120
100900093,537,1095,-558
100900094,412,110,302
100900095,3,30,-27
100900096,43,458,-415
100900097,2,5,-3
100900098,17,23,-6
100900099,9,920,-911
100900100,14,323,-309
100900101,408,56,352
100900102,6,281,-275
100900103,15,12,3
100900104,1,468,-467
100900105,28,992,-964
100900106,15,6,9
100900107,5960,1671,4289
100900108,13,79,-66
100900109,12,62,-50
100900110,21,43,-22
100900111,48,476,-428
100900112,12,80,-68
100900113,19,19,0
100900114,1,56,-55
100900115,35,124,-89
100900116,2351,685,1666
100900117,373,1800,-1427
100900118,79,159,-80
100900119,18,16,2
100900120,13,36,-23
100900121,1156,625,531
100900122,91,149,-58
100900123,497,46,451
100900124,1,14,-13
100900125,6,44,-38
100900126,1271,325,946
100900127,22,2,20
100900128,192,1680,-1488
100900129,0,372,-372
100900131,19,152,-133
100900133,178,36,142
100900134,4,10,-6
100900135,6,1585,-1579
100900137,527,465,62
100900138,517,850,-333
100900139,1,22,-21
100900140,0,261,-261
100900141,4,975,-971
100900142,1,9,-8
100900143,569,2008,-1439
100900144,14,8,6
100900145,59,1779,-1720
100900146,24,64,-40
100900147,42,3879,-3837
100900148,412,191,221
100900149,5,1137,-1132
100900150,18,105,-87
100900151,215,913,-698
100900152,1166,37,1129
100900153,5,360,-355
100900154,3,466,-463
100900155,12,8,4
100900156,141,6,135
100900157,45,452,-407
100900158,1736,73,1663
100900159,7,119,-112
100900160,56,0,56
100900161,135,2,133
100900162,40,427,-387
100900163,588,108,480
100900164,190,80,110
100900165,17,43,-26
100900166,287,0,287
100900167,28,52,-24
100900168,48,146,-98
100900169,61,1684,-1623
100900170,38,46,-8
100900171,25,764,-739
100900172,3,145,-142
100900173,21,201,-180
100900174,69,60,9
100900176,2280,1050,1230
100900177,740,543,197
100900178,562,254,308
100900179,361,548,-187
100900180,3,3,0
100900181,252,93,159
100900182,209,20,189
100900184,50,243,-193
100900186,1111,544,567
100900187,114,143,-29
100900188,73,15,58
100900189,4479,236,4243
100900191,829,1537,-708
100900192,155,679,-524
100900195,150,1436,-1286
100900197,64,133,-69
100900198,35,46,-11
100900199,39,10,29
100900200,1381,487,894
100900201,370,1357,-987
100900202,110,0,110
100900203,0,216,-216
100900204,175,5029,-4854
100900205,380,828,-448
100900206,307,421,-114
100900207,614,269,345
100900210,294,424,-130
100900211,1369,210,1159
100900213,573,94,479
100900214,569,221,348
100900215,135,32,103
101000001,2274,2804,-530
101000002,10886,14196,-3310
101000003,795,1399,-604
101000004,11839,9386,2453
101000005,7508,9037,-1529
101000006,15795,16901,-1106
101000007,7699,9094,-1395
101000008,2711,3720,-1009
101000009,4847,1325,3522
101000010,1962,1358,604
101000011,2563,591,1972
101000012,569,1213,-644
101000013,829,2254,-1425
101000014,548,594,-46
101000015,3488,2850,638
101000016,402,1669,-1267
101000017,466,982,-516
101000018,2237,16300,-14063
101000020,2695,2800,-105
101000021,634,1727,-1093
101000022,110,770,-660
101000023,2032,1568,464
101000025,585,1243,-658
101000026,350,54,296
101000027,2883,7135,-4252
101000028,294,97,197
101000029,79,2274,-2195
101000030,1723,202,1521
101000031,98,1098,-1000
101000032,2913,6745,-3832
101000033,2214,10528,-8314
101000034,1025,4888,-3863
101000035,682,923,-241
101000036,556,4660,-4104
101000037,1348,6246,-4898
101000039,3039,7546,-4507
101000040,4820,11210,-6390
101000041,2978,10407,-7429
101000042,97,1709,-1612
101000043,4594,13576,-8982
101000045,342,1058,-716
101000046,1849,3333,-1484
101000047,1375,7250,-5875
101000048,688,732,-44
101000049,784,4375,-3591
101000050,982,4022,-3040
101000051,885,3540,-2655
101000052,1773,3484,-1711
101000053,710,2361,-1651
101000054,4271,1687,2584
101000055,1777,3105,-1328
101000056,18,291,-273
101000057,615,5150,-4535
101000058,1240,4282,-3042
101000059,3303,4685,-1382
101000060,2597,2624,-27
101000061,582,4119,-3537
101000062,287,921,-634
101000063,254,2990,-2736
101000064,346,1354,-1008
101000065,173,2192,-2019
101000066,348,2564,-2216
101000067,241,1109,-868
101000068,120,603,-483
101000069,265,162,103
101000070,467,926,-459
101000071,6680,3045,3635
101000072,1172,4459,-3287
101000073,684,1589,-905
101000074,2721,5068,-2347
101000075,2588,4634,-2046
101000077,2627,3446,-819
101000078,995,1853,-858
101000079,1080,1552,-472
101000080,959,1840,-881
101000081,2957,2323,634
101000082,2776,2707,69
101000083,5455,3717,1738
101000084,1458,635,823
101000085,2227,2070,157
101000086,1301,2051,-750
101000087,1547,2056,-509
101000088,3077,2185,892
101000089,1657,2751,-1094
101000090,2836,1162,1674
101000091,1146,634,512
101000092,3214,758,2456
101000093,2791,743,2048
101000094,1818,1377,441
101000095,1395,966,429
101000096,1160,464,696
101000097,787,2212,-1425
101000098,668,1829,-1161
101000099,948,2660,-1712
101000100,1363,2841,-1478
101000101,259,2593,-2334
101000102,679,3144,-2465
101000103,573,2573,-2000
101000104,399,1331,-932
101000105,108,1133,-1025
101000106,272,4230,-3958
101000107,493,1277,-784
101000108,957,205,752
101000109,1505,318,1187
101000110,38,269,-231
101000111,67,535,-468
101000113,230,1887,-1657
101000114,2613,10069,-7456
101000115,40,22,18
101000116,41,81,-40
101000117,2071,463,1608
101000119,56,211,-155
101000120,92,167,-75
101000121,28,87,-59
101000122,140,125,15
101000123,37,171,-134
101000124,600,753,-153
101000125,160,203,-43
101000128,219,2502,-2283
101000130,219,345,-126
101000131,2496,457,2039
101000132,1769,1220,549
101000135,6,23,-17
101000136,77,225,-148
101000137,19,898,-879
101000141,754,8096,-7342
101000147,1025,424,601
101000148,1235,31,1204
101000149,29,118,-89
101000150,283,349,-66
101000151,687,97,590
101000152,794,661,133
101000153,551,374,177
101000154,706,869,-163
101000155,1288,424,864
101000156,32,1397,-1365
101000157,75,527,-452
101000160,6,26,-20
101000163,109,982,-873
101000164,515,159,356
101000165,391,1015,-624
101000166,288,516,-228
101000168,1176,740,436
101000252,4188,1378,2810
101000254,23,59,-36
101000258,78,10,68
101000261,73,211,-138
101000262,4052,10294,-6242
101000263,622,2266,-1644
101000265,127,1182,-1055
101000266,730,565,165
101000269,19,71,-52
101000290,480,5597,-5117
101000293,13,108,-95
101000294,1291,1378,-87
101000295,556,255,301
101000301,158,1358,-1200
101000304,4375,7869,-3494
101000305,4538,3514,1024
101900001,31,54,-23
101900002,1,5,-4
101900003,51,469,-418
101900004,4,343,-339
101900005,1983,8423,-6440
101900006,3999,339,3660
101900007,1037,536,501
101900008,138,795,-657
101900009,70,898,-828
101900010,652,1296,-644
101900011,127,2395,-2268
101900012,1206,164,1042
101900013,1067,157,910
101900017,45,153,-108
101900018,2032,667,1365
101900019,157,295,-138
101900020,452,234,218
101900021,1,113,-112
101900022,485,2259,-1774
101900023,433,415,18
102000001,6527,14114,-7587
102000002,4264,10671,-6407
102000003,3393,9299,-5906
102000004,13885,7226,6659
102000005,2697,6164,-3467
102000006,1476,2327,-851
102000007,4913,8929,-4016
102000008,12123,2812,9311
102000009,15777,15456,321
102000010,7173,4758,2415
102000011,9505,9855,-350
102000012,6237,5415,822
102000018,5938,6215,-277
102000019,6106,3662,2444
102000026,1206,693,513
102000029,371,706,-335
102000030,206,655,-449
102000031,146,220,-74
102000032,1194,738,456
102000033,950,537,413
102000034,780,841,-61
102000035,3501,1086,2415
102000036,25,598,-573
102000037,384,81,303
102000038,139,724,-585
102000039,79,324,-245
102000040,248,548,-300
102000041,40,1056,-1016
102000042,114,654,-540
102000043,129,1007,-878
102000044,834,2007,-1173
102000045,1592,2023,-431
102000046,3137,2140,997
102000047,1718,1308,410
102000048,1460,1158,302
102000049,1703,2776,-1073
102000050,2771,2237,534
102000051,353,1421,-1068
102000052,2088,2376,-288
102000053,2051,2581,-530
102000054,1705,1616,89
102000055,2624,271,2353
102000056,3305,390,2915
102000057,3602,773,2829
102000058,1703,970,733
102000059,1528,2229,-701
102000060,1433,1435,-2
102000061,3521,2631,890
102000062,4203,1860,2343
102000063,2522,2747,-225
102000064,838,1029,-191
102000065,58,213,-155
102000066,1223,1617,-394
102000067,11183,6846,4337
102000068,16782,6574,10208
102000069,209,4073,-3864
102000070,2692,46,2646
102000071,10191,16823,-6632
102000072,4607,6363,-1756
102000073,1427,958,469
102000074,1357,2564,-1207
102000075,374,467,-93
102000076,753,238,515
102000077,1789,664,1125
102000078,2322,426,1896
102000079,426,241,185
102000080,735,463,272
102000081,467,1207,-740
102000082,848,490,358
102000083,2089,541,1548
102000084,1125,444,681
102000085,6764,1423,5341
102000086,2647,1183,1464
102000087,1391,1818,-427
102000088,417,553,-136
102000089,2400,465,1935
102000090,543,2043,-1500
102000091,1933,1092,841
102000092,487,1018,-531
102000093,1445,722,723
102000094,659,484,175
102000095,1108,1579,-471
102000096,590,569,21
102000097,1630,529,1101
102000098,447,713,-266
102000099,1290,876,414
102000100,317,1287,-970
102000101,485,533,-48
102000102,609,2086,-1477
102000103,5014,778,4236
102000104,1329,648,681
102000105,453,647,-194
102000106,1665,722,943
102000107,3981,254,3727
102000108,1206,726,480
102000109,2427,863,1564
102000110,3276,944,2332
102000111,10,1167,-1157
102000112,217,280,-63
102000113,27,110,-83
102000114,2250,614,1636
102000115,590,645,-55
102000116,437,1181,-744
102000117,140,1899,-1759
102000118,1340,2706,-1366
102000119,1069,2275,-1206
102000120,448,980,-532
102000121,1895,719,1176
102000122,1027,1275,-248
102000123,1897,1321,576
102000124,2375,2283,92
102000125,752,1789,-1037
102000126,847,1629,-782
102000127,1829,1063,766
102000128,1115,1264,-149
102000129,3033,811,2222
102000130,899,1454,-555
102000131,2350,1489,861
102000132,551,1860,-1309
102000133,6644,3140,3504
102000134,1734,1532,202
102000135,2347,1423,924
102000136,3094,1032,2062
102000137,785,1996,-1211
102000138,484,817,-333
102000139,153,2341,-2188
102000140,210,2592,-2382
102000141,369,3774,-3405
102000142,691,605,86
102000143,513,356,157
102000144,763,374,389
102000145,584,484,100
102000146,999,834,165
102000147,997,785,212
102000148,492,1108,-616
102000149,986,150,836
102000150,1211,139,1072
102000151,181,215,-34
102000152,606,237,369
102000153,1417,1188,229
102000154,252,507,-255
102000155,56,949,-893
102000156,371,310,61
102000157,80,2237,-2157
102000158,101,475,-374
102000159,3817,2102,1715
102000161,5786,3797,1989
102000162,306,613,-307
102000163,222,712,-490
102000164,1283,1440,-157
102000165,334,866,-532
102000166,111,607,-496
102000167,302,484,-182
102000168,331,451,-120
102000169,318,1048,-730
102000170,1889,247,1642
102000171,152,250,-98
102000172,28,680,-652
102000173,960,636,324
102000174,295,304,-9
102000175,90,99,-9
102000176,41,85,-44
102000178,322,1279,-957
102000179,917,618,299
102000180,1853,281,1572
102000181,2154,580,1574
102000182,948,540,408
102000183,3961,1594,2367
102000184,3423,1058,2365
102000185,5937,1317,4620
102000186,3541,1432,2109
102000187,1923,5108,-3185
102000188,2760,4629,-1869
102000189,6199,1684,4515
102000190,954,4118,-3164
102000191,1408,448,960
102000192,3587,2318,1269
102000193,275,238,37
102000194,100,648,-548
102000195,970,641,329
102000196,813,574,239
102000197,2245,248,1997
102000198,434,517,-83
102000199,2469,212,2257
102000200,691,750,-59
102000201,2855,614,2241
102000202,6,384,-378
102000203,1166,283,883
102000204,1778,910,868
102000205,2907,1016,1891
102000206,1426,678,748
102000207,1626,1107,519
102000208,936,1297,-361
102000209,118,368,-250
102000210,861,571,290
102000211,1273,495,778
102000212,1102,11,1091
102000213,4,246,-242
102000214,1244,21,1223
102000215,7,262,-255
102000216,290,242,48
102000217,38,100,-62
102000218,427,496,-69
102000219,315,90,225
102000225,285,705,-420
102000226,197,399,-202
102000227,135,3,132
102000228,0,260,-260
102000229,114,270,-156
102000230,784,463,321
102000231,712,521,191
102000232,239,415,-176
102000233,2409,869,1540
102000234,143,1711,-1568
102000236,457,121,336
102000237,1550,871,679
102000238,426,592,-166
102000240,534,1262,-728
102000241,866,196,670
102000243,9,52,-43
102000245,10,164,-154
102000246,2,146,-144
102000247,288,483,-195
102000248,282,1681,-1399
102000249,269,233,36
102000250,153,295,-142
102000254,543,380,163
102000266,10,1826,-1816
102000271,93,4,89
102000286,793,425,368
102000297,5185,2314,2871
102000299,0,0,0
102000301,0,0,0
102000302,0,0,0
102000303,0,0,0
102000305,0,0,0
102000307,1,2,-1
102000308,0,1,-1
102900001,1523,887,636
102900002,346,63,283
102900003,262,154,108
102900005,1131,303,828
102900006,1052,95,957
102900007,1525,8,1517
102900008,516,53,463
102900009,398,556,-158
102900010,296,1628,-1332
102900011,1311,1246,65
102900012,645,390,255
102900013,134,8,126
102900015,1360,871,489
102900016,150,19,131
102900017,762,132,630
102900018,129,43,86
102900019,1013,1147,-134
102900020,527,51,476
102900021,109,41,68
102900022,112,69,43
102900023,46,175,-129
102900024,114,73,41
102900025,78,44,34
102900026,955,3822,-2867
102900027,101,126,-25
102900028,352,2011,-1659
102900029,397,852,-455
102900030,567,677,-110
102900031,660,202,458
102900032,281,159,122
102900033,192,255,-63
102900034,1519,51,1468
102900035,419,448,-29
102900036,888,355,533
102900037,555,412,143
102900038,786,339,447
102900039,54,1523,-1469
102900040,742,513,229
102900041,357,172,185
102900042,761,187,574
102900043,704,197,507
102900044,948,2194,-1246
102900045,508,505,3
102900046,459,179,280
102900047,251,1522,-1271
102900048,1365,299,1066
102900049,90,420,-330
102900050,284,699,-415
102900051,409,707,-298
102900052,48,101,-53
102900053,560,984,-424
102900054,384,3183,-2799
102900055,246,747,-501
102900056,211,558,-347
102900057,3,196,-193
102900058,733,186,547
102900059,38,58,-20
102900060,161,590,-429
102900061,527,749,-222
102900062,878,748,130
102900063,3477,690,2787
102900064,133,956,-823
102900065,1200,328,872
102900066,701,14,687
102900068,118,523,-405
102900070,469,1446,-977
102900072,30,115,-85
102900073,112,2,110
102900074,334,253,81
102900075,26,119,-93
102900076,101,261,-160
102900077,49,35,14
102900078,44,30,14
102900079,660,6,654
102900080,1010,39,971
102900081,112,211,-99
102900082,58,231,-173
102900083,124,8,116
102900084,5,70,-65
102900085,287,237,50
102900086,15,105,-90
102900087,317,190,127
102900088,127,89,38
102900089,481,443,38
102900090,0,315,-315
102900091,556,0,556
102900092,1324,155,1169
102900093,574,360,214
102900094,0,293,-293
102900095,130,2,128
102900096,112,8,104
102900097,122,76,46
103000001,3307,5180,-1873
103000002,3671,5940,-2269
103000003,4827,5088,-261
103000004,978,657,321
103000005,2541,7517,-4976
103000006,1880,2732,-852
103000007,882,655,227
103000008,2144,2568,-424
103000009,4207,3303,904
103000010,265,145,120
103000011,2308,1032,1276
103000012,2130,3190,-1060
103000013,5995,3830,2165
103000014,1924,7747,-5823
103000015,5510,2004,3506
103000016,892,3744,-2852
103000017,440,1536,-1096
103000018,1569,308,1261
103000019,648,942,-294
103000020,2134,3446,-1312
103000021,3255,6469,-3214
103000022,1274,2647,-1373
103000023,1771,5877,-4106
103000024,165,87,78
103000025,161,2340,-2179
103000026,585,578,7
103000027,113,1059,-946
103000028,271,495,-224
103000029,61,435,-374
103000030,3206,3219,-13
103000031,1122,5240,-4118
103000032,3399,2051,1348
103000033,4324,4290,34
103000034,2422,1422,1000
103000035,372,2335,-1963
103000036,304,330,-26
103000037,1329,668,661
103000038,1175,1642,-467
103000039,1566,501,1065
103000040,1126,621,505
103000041,5431,1989,3442
103000042,4512,815,3697
103000043,1806,898,908
103000044,762,162,600
103000046,585,847,-262
103000047,1120,420,700
103000048,610,376,234
103000049,143,193,-50
103000050,1557,346,1211
103000051,1064,846,218
103000052,1510,368,1142
103000053,494,430,64
103000054,3513,575,2938
103000055,3803,1776,2027
103000056,1937,907,1030
103000057,2454,198,2256
103000058,1882,470,1412
103000059,1588,1041,547
103000060,1677,406,1271
103000061,1387,1047,340
103000062,1312,235,1077
103000063,2013,1412,601
103000064,238,76,162
103000065,23,341,-318
103000066,559,37,522
103000069,595,643,-48
103000070,1273,414,859
103000071,3468,1818,1650
103000072,256,856,-600
103000073,2444,227,2217
103000074,2357,337,2020
103000075,163,780,-617
103000076,787,1763,-976
103000077,19,457,-438
103000078,2077,3576,-1499
103000079,1002,1554,-552
103000080,731,816,-85
103000081,517,1230,-713
103000082,1042,448,594
103000083,207,1042,-835
103000084,169,15,154
103000085,1,147,-146
103000086,687,967,-280
103000087,539,931,-392
103000088,412,765,-353
103000089,579,1491,-912
103000090,7667,1789,5878
103000091,2061,857,1204
103000092,598,454,144
103000093,705,939,-234
103000094,669,247,422
103000095,362,742,-380
103000096,1020,107,913
103000097,217,1234,-1017
103000098,1270,282,988
103000099,195,1511,-1316
103000100,219,644,-425
103000101,2989,202,2787
103000102,226,470,-244
103000103,1555,247,1308
103000104,207,146,61
103000105,540,141,399
103000106,42,226,-184
103000107,403,226,177
103000108,2793,2243,550
103000109,1193,1482,-289
103000110,1175,1319,-144
103000111,560,1598,-1038
103000112,524,1179,-655
103000113,247,3643,-3396
103000114,3236,3483,-247
103000115,1843,1413,430
103000116,1333,652,681
103000117,715,729,-14
103000118,742,604,138
103000119,2470,764,1706
103000120,79,1035,-956
103000121,126,250,-124
103000122,645,674,-29
103000125,51,177,-126
103000126,1725,4,1721
103000127,2,161,-159
103000128,275,3,272
103000129,6,96,-90
103000130,221,94,127
103000131,245,175,70
103000132,57,204,-147
103000133,19,120,-101
103000134,578,2791,-2213
103000135,1263,233,1030
103000136,765,1129,-364
103000137,626,1192,-566
103000138,801,1273,-472
103000139,2,189,-187
103000140,310,40,270
103000141,52,381,-329
103000142,279,225,54
103000143,141,367,-226
103000144,454,298,156
103000145,24,445,-421
103000150,210,89,121
103000152,418,857,-439
103000153,473,820,-347
103000156,14,141,-127
103000157,629,0,629
103000159,692,131,561
103000162,50,16,34
103000163,17,12,5
103000164,6,1,5
103000165,164,183,-19
103000166,579,1657,-1078
103000167,538,639,-101
103000168,398,688,-290
103000169,279,1532,-1253
103000170,2181,306,1875
103000171,43,275,-232
103000172,2452,349,2103
103000173,2416,278,2138
103000174,958,377,581
103000175,721,165,556
103000176,1364,2026,-662
103000177,421,968,-547
103000178,124,435,-311
103000179,212,301,-89
103000183,830,18,812
103000185,514,105,409
103000186,467,125,342
103000187,2889,203,2686
103000188,78,192,-114
103000189,1163,1202,-39
103000191,1004,689,315
103000292,754,3239,-2485
103000293,1306,8163,-6857
103000295,112,262,-150
103000296,157,2,155
103000297,9,131,-122
103000504,29,23,6
103000505,1,33,-32
103000506,2,126,-124
103000507,412,3,409
103000508,116,105,11
103000509,625,649,-24
103900001,9,20,-11
103900002,1191,87,1104
103900003,1302,373,929
103900004,363,2,361
103900005,5,152,-147
103900006,26,5,21
103900007,285,8,277
103900008,47,0,47
103900009,780,224,556
103900010,511,138,373
103900011,1170,90,1080
103900012,18,58,-40
103900013,216,24,192
103900014,122,38,84
103900015,204,14,190
103900016,189,198,-9
103900017,152,184,-32
103900018,399,107,292
103900019,38,609,-571
103900020,941,577,364
103900021,127,69,58
103900022,668,441,227
103900023,435,2,433
103900024,129,502,-373
103900025,2,16,-14
103900026,14,0,14
103900027,672,342,330
103900028,155,621,-466
103900029,2037,206,1831
103900030,534,416,118
103900031,131,1,130
103900032,189,154,35
103900033,110,99,11
103900034,112,20,92
103900035,276,46,230
103900036,109,151,-42
103900037,411,315,96
103900038,162,218,-56
103900039,483,164,319
103900040,22,140,-118
103900041,180,84,96
103900042,417,97,320
103900043,360,53,307
103900044,97,1399,-1302
103900045,768,369,399
103900047,279,30,249
103900048,51,331,-280
103900049,191,2066,-1875
103900050,106,459,-353
103900051,3,118,-115
103900052,371,713,-342
103900053,475,249,226
103900054,482,211,271
103900055,1037,266,771
103900056,63,109,-46
103900057,625,85,540
103900058,922,367,555
103900059,2,205,-203
103900060,148,108,40
103900061,419,23,396
103900062,1950,554,1396
103900063,12,6,6
103900064,395,7,388
103900065,262,341,-79
103900066,424,176,248
103900067,709,26,683
103900068,1,0,1
103900069,175,25,150
103900070,838,170,668
103900071,16,47,-31
103900072,139,132,7
103900073,89,102,-13
103900074,227,227,0
103900075,318,120,198
103900076,1484,286,1198
103900077,33,412,-379
103900078,794,1337,-543
103900079,160,284,-124
103900080,4,42,-38
103900081,12,40,-28
103900082,102,115,-13
103900083,3123,4295,-1172
103900084,75,1333,-1258
103900085,100,135,-35
103900086,3497,414,3083
103900087,73,162,-89
103900088,326,730,-404
103900089,81,321,-240
103900090,2,194,-192
103900091,1260,157,1103
103900092,1061,2408,-1347
103900093,295,822,-527
103900094,17,41,-24
103900095,217,1135,-918
103900096,513,59,454
103900097,54,381,-327
103900098,759,217,542
103900099,987,97,890
103900100,557,142,415
103900101,1381,1316,65
103900102,2,124,-122
103900104,1,27,-26
103900105,17,91,-74
103900106,4,1683,-1679
103900107,377,23,354
103900108,86,121,-35
103900109,430,20,410
103900110,833,68,765
103900111,542,213,329
103900112,59,216,-157
103900113,243,391,-148
103900114,2289,405,1884
103900115,147,338,-191
103900116,2246,3875,-1629
103900117,83,31,52
103900119,15,260,-245
103900120,63,65,-2
103900122,849,100,749
103900123,650,1728,-1078
103900124,69,12,57
103900125,237,85,152
103900126,1214,154,1060
103900127,280,273,7
103900128,309,86,223
103900131,29,99,-70
103900133,1407,44,1363
103900134,2,30,-28
103900135,6,4,2
103900137,1,6,-5
103900138,587,34,553
103900139,307,7481,-7174
103900140,3,801,-798
103900141,301,35,266
103900142,608,83,525
103900143,536,1,535
103900144,0,9,-9
103900145,277,296,-19
103900146,844,143,701
103900147,1083,139,944
103900148,828,127,701
103900149,738,285,453
103900150,7026,11376,-4350
103900151,14,292,-278
103900152,2915,538,2377
103900153,40,4,36
103900154,330,4447,-4117
103900155,68,204,-136
103900156,175,69,106
103900157,540,83,457
103900158,734,77,657
103900159,880,27,853
103900160,75,67,8
103900161,103,175,-72
103900162,153,35,118
103900163,41,913,-872
103900164,567,34,533
103900167,8,235,-227
103900168,190,119,71
103900169,42,124,-82
103900170,0,77,-77
103900171,2,53,-51
103900172,4,12,-8
103900173,84,99,-15
103900174,1084,60,1024
103900175,75,282,-207
103900176,25,73,-48
103900177,75,20,55
103900178,150,7,143
103900179,129,21,108
103900180,26,66,-40
103900181,10,155,-145
103900182,36,33,3
103900184,353,143,210
103900185,101,1677,-1576
103900187,15,395,-380
103900188,256,175,81
103900189,217,42,175
103900190,356,60,296
103900191,101,110,-9
103900192,16,90,-74
103900193,29,80,-51
103900194,132,126,6
103900195,4,239,-235
103900196,170,402,-232
103900197,4,30,-26
103900198,25,47,-22
103900199,260,59,201
103900200,582,60,522
103900201,219,132,87
103900202,38,166,-128
103900203,65,57,8
103900204,1,40,-39
103900207,0,16,-16
103900208,260,1,259
103900209,10,86,-76
103900210,128,58,70
103900211,1472,145,1327
103900212,402,125,277
103900213,17,677,-660
103900214,400,985,-585
103900215,226,893,-667
103900216,60,400,-340
103900217,852,224,628
103900218,0,652,-652
103900219,962,382,580
103900233,1340,142,1198
103900235,96,850,-754
103900236,28,62,-34
103900242,2,7,-5
103900243,2,15,-13
103900244,325,207,118
103900245,318,80,238
103900246,63,98,-35
103900247,53,53,0
103900248,1,172,-171
103900249,54,203,-149
103900250,235,170,65
103900251,0,188,-188
103900253,9,266,-257
103900254,3,127,-124
103900255,6,158,-152
103900256,45,66,-21
103900257,25,438,-413
103900258,63,33,30
103900259,15,131,-116
103900261,91,1,90
103900262,69,5,64
103900263,76,158,-82
103900264,30,28,2
103900265,21,1,20
103900266,22,820,-798
103900267,1,33,-32
104000001,6856,4245,2611
104000002,3338,3647,-309
104000003,4602,3095,1507
104000004,4629,3273,1356
104000005,5020,3518,1502
104000006,5849,3053,2796
104000007,7347,5533,1814
104000008,409,537,-128
104000009,404,421,-17
104000010,265,1339,-1074
104000011,533,237,296
104000012,182,244,-62
104000013,539,968,-429
104000014,381,418,-37
104000015,913,348,565
104000016,486,305,181
104000018,1247,465,782
104000019,920,712,208
104000020,146,372,-226
104000021,679,293,386
104000022,568,620,-52
104000023,2110,880,1230
104000024,496,557,-61
104000026,94,235,-141
104000027,665,312,353
104000028,683,769,-86
104000029,560,467,93
104000030,654,709,-55
104000031,2453,422,2031
104000032,454,198,256
104000033,1394,759,635
104000034,469,182,287
104000035,2018,500,1518
104000036,2258,545,1713
104000037,441,160,281
104000038,787,587,200
104000039,315,198,117
104000040,226,1014,-788
104000041,1053,753,300
104000042,344,321,23
104000043,456,378,78
104000044,731,795,-64
104000045,1398,658,740
104000046,1069,1088,-19
104000047,1079,969,110
104000048,1664,831,833
104000049,1692,869,823
104000050,269,1681,-1412
104000051,398,1831,-1433
104000052,3851,4716,-865
104000053,2327,603,1724
104000054,1421,352,1069
104000055,4705,3727,978
104000056,1092,290,802
104000057,435,229,206
104000058,2187,1470,717
104000059,1851,1763,88
104000060,2373,3586,-1213
104000061,1942,1367,575
104000062,514,197,317
104000064,1390,452,938
104000065,225,1133,-908
104000069,651,3002,-2351
104000070,123,1031,-908
104000071,393,342,51
104000072,1116,217,899
104000075,174,420,-246
104000076,1030,99,931
104000082,3302,7630,-4328
104000083,996,382,614
104000084,229,451,-222
104000085,1026,587,439
104000086,454,587,-133
104000087,524,3530,-3006
104000090,2221,971,1250
104000092,3139,1299,1840
104000094,1705,1045,660
104000095,6264,2516,3748
104000096,4964,98,4866
104000097,5717,803,4914
104000098,7700,792,6908
104000100,4765,1379,3386
104000101,3856,2418,1438
104000106,45,1042,-997
104000107,1128,222,906
104000108,426,414,12
104000109,720,392,328
104000110,1289,2230,-941
104000111,3493,8626,-5133
104000112,881,644,237
104000116,4,952,-948
104000117,608,421,187
104000118,3324,201,3123
104000119,1902,454,1448
104000120,473,549,-76
104000121,637,693,-56
104000122,1596,738,858
104000123,1493,909,584
104000124,495,1773,-1278
104000125,3576,9377,-5801
104000126,1016,690,326
104000127,2371,1962,409
104000128,1159,273,886
104000129,138,2,136
104000130,3,670,-667
104000131,498,640,-142
104000132,813,741,72
104000133,2389,1203,1186
104000134,2024,2811,-787
104000135,1193,2276,-1083
104000136,1093,4003,-2910
104000137,3861,581,3280
104000138,3033,828,2205
104000139,3604,3838,-234
104000141,1142,918,224
104000142,1673,495,1178
104000143,1690,447,1243
104000144,359,453,-94
104000145,498,321,177
104000146,284,886,-602
104000147,243,537,-294
104000148,573,419,154
104000149,329,111,218
104000150,1813,882,931
104000151,559,255,304
104000152,1193,487,706
104000153,1656,999,657
104000154,697,346,351
104000155,806,1283,-477
104000157,3089,1322,1767
104000158,213,1368,-1155
104000159,1394,1271,123
104000160,2614,4190,-1576
104000161,378,272,106
104000162,243,253,-10
104000165,1444,1025,419
104000167,1140,2579,-1439
104000168,2129,29,2100
104000169,522,125,397
104000170,383,447,-64
104000248,763,789,-26
104000251,144,187,-43
104000272,0,0,0
104000273,0,0,0
104000274,0,0,0
104000275,0,0,0
104000279,1035,800,235
104000290,139,820,-681
104000291,752,2837,-2085
104000293,3076,1878,1198
104000294,229,2,227
104000295,1540,1760,-220
104000296,1042,984,58
104000297,1496,4374,-2878
104000298,2583,1321,1262
104000299,2006,1318,688
104900001,213,331,-118
104900002,154,540,-386
104900003,159,173,-14
104900004,126,109,17
104900005,967,439,528
104900006,1695,124,1571
104900007,1198,231,967
104900009,261,278,-17
104900010,185,28,157
104900011,40,851,-811
104900012,1131,247,884
104900013,251,16,235
104900014,2022,447,1575
104900015,149,5,144
104900016,414,243,171
104900017,302,220,82
104900018,8,264,-256
104900019,301,10351,-10050
104900020,59,552,-493
104900021,3,20,-17
104900022,59,678,-619
104900023,0,45,-45
104900024,55,476,-421
104900025,366,291,75
104900026,1,55,-54
104900027,1165,575,590
104900028,68,212,-144
104900029,9,29,-20
104900030,1015,236,779
104900031,80,388,-308
104900032,181,83,98
104900033,418,251,167
104900034,624,275,349
104900035,649,419,230
104900036,584,56,528
104900037,446,210,236
104900038,265,3357,-3092
104900039,445,653,-208
104900040,1111,82,1029
104900041,765,219,546
104900042,375,332,43
104900043,26,682,-656
104900044,1633,185,1448
104900045,512,112,400
104900046,1410,171,1239
104900047,787,135,652
104900048,846,59,787
104900049,131,60,71
104900050,935,137,798
104900051,665,101,564
104900052,268,5,263
104900053,1067,144,923
104900054,511,55,456
104900055,622,0,622
104900056,575,33,542
104900057,137,0,137
104900058,685,942,-257
104900059,275,47,228
104900060,1,534,-533
104900061,178,236,-58
104900063,1,419,-418
104900064,1,165,-164
104900065,1,728,-727
104900066,6,96,-90
104900067,18,583,-565
104900068,207,286,-79
104900070,184,242,-58
104900071,1,604,-603
104900072,200,242,-42
104900073,184,128,56
104900074,157,113,44
104900075,182,57,125
104900076,329,168,161
104900077,584,278,306
104900078,366,207,159
104900079,346,2910,-2564
104900080,279,233,46
104900082,3,320,-317
104900085,15,214,-199
104900087,706,8,698
104900089,701,2,699
104900090,2705,1720,985
104900091,865,695,170
104900093,363,421,-58
104900097,2043,7255,-5212
104900098,680,46,634
104900099,148,1879,-1731
104900100,886,192,694
104900102,213,138,75
104900103,336,110,226
104900104,2331,2942,-611
104900106,737,409,328
104900107,146,306,-160
104900108,67,311,-244
104900109,254,310,-56
104900110,26,90,-64
104900111,789,113,676
104900112,1093,334,759
104900113,1579,243,1336
104900114,1537,561,976
104900115,2215,283,1932
104900116,1240,509,731
104900118,38,237,-199
104900119,2,375,-373
104900120,20,1715,-1695
104900121,0,39,-39
104900122,2,40,-38
104900123,235,43,192
104900124,218,1,217
104900125,713,6,707
104900126,93,71,22
104900127,58,33,25
104900128,278,131,147
104900129,1465,6836,-5371
105000001,6333,2002,4331
105000002,4849,3725,1124
105000003,4808,8592,-3784
105000004,2508,1932,576
105000005,3119,3092,27
105000006,2208,5170,-2962
105000007,3159,5998,-2839
105000008,1617,7788,-6171
105000009,5542,7263,-1721
105000010,4423,1717,2706
105000011,5507,7631,-2124
105000012,3562,2765,797
105000013,2363,3092,-729
105000014,7070,6957,113
105000015,14862,27386,-12524
105000016,1381,1418,-37
105000017,2320,1620,700
105000018,775,3687,-2912
105000019,1886,2157,-271
105000020,178,1104,-926
105000021,538,469,69
105000022,251,310,-59
105000023,1906,334,1572
105000028,23,82,-59
105000029,1001,2476,-1475
105000030,6102,3252,2850
105000033,2045,1792,253
105000034,308,2736,-2428
105000037,1165,313,852
105000038,2122,4154,-2032
105000039,2344,1568,776
105000040,1575,4221,-2646
105000041,558,1878,-1320
105000042,3491,3512,-21
105000043,1355,4551,-3196
105000044,2082,1134,948
105000045,729,527,202
105000046,3736,588,3148
105000047,1030,607,423
105000048,2444,540,1904
105000049,559,713,-154
105000050,1996,1000,996
105000051,341,534,-193
105000052,1342,2505,-1163
105000053,367,275,92
105000054,889,3543,-2654
105000055,1534,419,1115
105000056,3677,3615,62
105000057,3419,1565,1854
105000058,2607,1699,908
105000059,2230,1363,867
105000060,930,693,237
105000061,3292,1450,1842
105000062,1203,871,332
105000063,683,721,-38
105000064,5587,1657,3930
105000065,790,908,-118
105000066,1659,2349,-690
105000067,3278,2389,889
105000068,638,1727,-1089
105000069,2725,5732,-3007
105000070,1068,2524,-1456
105000071,276,4188,-3912
105000072,2135,11171,-9036
105000073,2439,1827,612
105000074,956,858,98
105000075,1268,1151,117
105000076,2287,2253,34
105000077,4964,1583,3381
105000078,1425,2380,-955
105000079,1530,3928,-2398
105000080,3557,5038,-1481
105000081,1729,1998,-269
105000082,1182,3026,-1844
105000083,3252,5404,-2152
105000084,1173,1404,-231
105000085,4074,4326,-252
105000086,1616,1972,-356
105000087,5270,5153,117
105000088,3632,5912,-2280
105000089,4093,2903,1190
105000090,967,1105,-138
105000091,1493,1554,-61
105000092,930,1616,-686
105000093,703,852,-149
105000094,616,432,184
105000095,411,1613,-1202
105000096,2468,5217,-2749
105000097,761,1397,-636
105000098,2615,3909,-1294
105000099,1062,2805,-1743
105000100,3822,1906,1916
105000101,5182,3269,1913
105000102,3509,3569,-60
105000103,2237,5931,-3694
105000104,4653,2513,2140
105000105,2491,1918,573
105000106,3814,1715,2099
105000107,3673,1704,1969
105000108,3781,2064,1717
105000109,5412,1650,3762
105000110,2284,787,1497
105000111,2692,660,2032
105000112,2315,888,1427
105000113,797,1790,-993
105000114,2725,2718,7
105000115,628,4363,-3735
105000116,2664,1498,1166
105000117,1226,724,502
105000118,2633,1274,1359
105000119,1393,1032,361
105000120,3685,1358,2327
105000121,1994,737,1257
105000122,795,1072,-277
105000123,1160,894,266
105000124,4643,1504,3139
105000125,2308,1787,521
105000126,4411,2808,1603
105000127,5876,2613,3263
105000128,1546,2723,-1177
105000129,3142,678,2464
105000130,400,6439,-6039
105000131,631,303,328
105000132,2580,1678,902
105000133,845,1170,-325
105000134,3147,838,2309
105000135,476,611,-135
105000136,86,62,24
105000137,1005,284,721
105000138,139,70,69
105000139,1408,605,803
105000140,652,507,145
105000141,827,417,410
105000142,585,503,82
105000143,356,708,-352
105000144,606,767,-161
105000145,1702,461,1241
105000146,855,976,-121
105000147,1162,867,295
105000148,1237,1624,-387
105000149,5410,3512,1898
105000150,1990,1109,881
105000151,1678,745,933
105000152,330,1002,-672
105000153,1808,846,962
105000154,1067,1035,32
105000155,683,686,-3
105000156,864,1351,-487
105000157,1453,2080,-627
105000158,4847,1199,3648
105000159,661,1180,-519
105000160,5977,1387,4590
105000161,1504,1338,166
105000162,1255,5455,-4200
105000163,1953,1968,-15
105000164,233,912,-679
105000165,1933,19976,-18043
105000166,8933,2994,5939
105000167,2339,6585,-4246
105000168,784,725,59
105000169,2013,216,1797
105000170,919,2227,-1308
105000171,3091,418,2673
105000172,668,92,576
105000173,871,57,814
105000174,257,60,197
105000175,263,148,115
105000176,1405,349,1056
105000177,869,531,338
105000178,752,419,333
105000179,2426,292,2134
105000180,569,248,321
105000181,446,262,184
105000182,141,146,-5
105000183,4024,5780,-1756
105000184,452,2545,-2093
105000185,1093,2161,-1068
105000186,891,1323,-432
105000187,1651,1107,544
105000188,235,884,-649
105000189,147,1054,-907
105000190,469,644,-175
105000191,1003,615,388
105000192,839,124,715
105000193,129,380,-251
105000194,1250,94,1156
105000195,741,1078,-337
105000196,123,447,-324
105000197,428,666,-238
105000198,546,248,298
105000199,100,873,-773
105000200,228,828,-600
105000201,156,171,-15
105000203,80,187,-107
105000204,110,93,17
105000205,159,249,-90
105000207,317,88,229
105000208,431,1690,-1259
105000209,291,187,104
105000212,2353,807,1546
105000213,134,360,-226
105000214,192,390,-198
105000215,695,277,418
105000216,468,100,368
105000217,632,165,467
105000218,4653,1733,2920
105000221,361,603,-242
105000222,719,545,174
105000223,919,1180,-261
105000226,362,250,112
105000227,115,286,-171
105000228,105,3087,-2982
105000229,343,1768,-1425
105000231,905,499,406
105000233,1981,2063,-82
105000234,821,1077,-256
105000235,878,1448,-570
105000237,3149,279,2870
105000243,85,106,-21
105000248,97,167,-70
105000262,1298,489,809
105000269,407,217,190
105000270,1360,34,1326
105000271,1,330,-329
105000282,77,163,-86
105000287,376,378,-2
105000288,1670,822,848
105000289,709,2678,-1969
105000290,59,41,18
105000402,2449,8835,-6386
105000426,579,813,-234
105000438,1162,1731,-569
105000446,13627,5020,8607
105000447,3260,1821,1439
105000454,1941,245,1696
105000455,361,168,193
105000474,262,3,259
105000477,2321,903,1418
105000478,4890,10331,-5441
105000479,249,399,-150
105000480,7043,12502,-5459
105000481,8943,9792,-849
105000482,3560,3789,-229
105000483,4055,7528,-3473
105000484,2723,3590,-867
105000485,1743,6766,-5023
105000486,2591,3391,-800
105000488,3665,2227,1438
105000489,3306,1823,1483
105000549,207,1114,-907
105000550,475,1108,-633
105000551,61,174,-113
105000552,3869,1641,2228
105900001,18,5331,-5313
105900002,1065,2430,-1365
105900003,6,287,-281
105900004,409,94,315
105900005,1023,507,516
105900006,47,649,-602
105900007,79,439,-360
105900008,226,222,4
105900009,87,91,-4
105900011,215,145,70
105900012,723,156,567
105900013,8,81,-73
105900014,12,130,-118
105900015,161,952,-791
105900016,1782,662,1120
105900017,3667,41,3626
105900018,245,228,17
105900019,237,574,-337
105900020,90,160,-70
105900021,100,2573,-2473
105900022,517,786,-269
105900023,13,396,-383
105900024,12,968,-956
105900025,555,6,549
105900026,540,29,511
105900027,31723,6122,25601
105900028,298,1888,-1590
105900029,3770,526,3244
105900030,463,553,-90
105900031,1006,259,747
105900032,297,124,173
105900033,170,309,-139
105900034,1061,679,382
105900035,958,416,542
105900036,315,253,62
105900037,524,77,447
105900038,278,301,-23
105900039,425,148,277
105900040,313,143,170
105900041,248,557,-309
105900042,297,420,-123
105900043,2822,45,2777
105900044,6,966,-960
105900045,6,3254,-3248
105900046,3,381,-378
105900047,74,113,-39
105900048,268,649,-381
105900050,1698,17426,-15728
105900051,90,1647,-1557
105900052,2404,232,2172
105900053,4852,7986,-3134
105900054,334,787,-453
105900056,1472,1101,371
105900057,23,266,-243
105900058,41,43,-2
105900059,0,310,-310
106000001,3086,3951,-865
106000002,1271,3828,-2557
106000003,6703,8752,-2049
106000004,2276,2575,-299
106000005,7605,6841,764
106000006,7658,2161,5497
106000007,816,583,233
106000008,498,539,-41
106000009,799,465,334
106000010,427,485,-58
106000011,3094,1658,1436
106000012,1727,1352,375
106000013,4076,2622,1454
106000014,2880,2039,841
106000015,4809,1932,2877
106000016,2673,2305,368
106000017,1275,1371,-96
106000018,1099,967,132
106000019,911,753,158
106000020,622,681,-59
106000021,693,920,-227
106000022,633,439,194
106000023,1449,916,533
106000024,1186,896,290
106000025,294,438,-144
106000026,209,214,-5
106000027,3134,2877,257
106000028,1400,375,1025
106000029,1246,1122,124
106000030,362,970,-608
106000034,239,455,-216
106000035,1525,2951,-1426
106000036,249,610,-361
106000037,2103,1961,142
106000038,144,337,-193
106000039,150,290,-140
106000040,161,1140,-979
106000041,1204,687,517
106000043,494,381,113
106000046,677,135,542
106000047,61,777,-716
106000049,2467,318,2149
106000050,526,1138,-612
106000051,1743,1044,699
106000052,433,559,-126
106000053,1049,245,804
106000054,806,461,345
106000055,1925,1370,555
106000056,844,439,405
106000057,1089,503,586
106000058,523,197,326
106000059,826,742,84
106000060,853,497,356
106000061,375,1621,-1246
106000062,348,538,-190
106000063,1585,1522,63
106000064,28,701,-673
106000065,955,357,598
106000066,186,1075,-889
106000067,1131,160,971
106000068,205,904,-699
106000069,907,182,725
106000070,543,768,-225
106000071,1356,451,905
106000072,4946,2035,2911
106000073,2699,10710,-8011
106000074,1412,1249,163
106000075,864,1872,-1008
106000076,2471,2443,28
106000077,3081,1300,1781
106000078,2805,1097,1708
106000079,1742,1394,348
106000080,2440,924,1516
106000081,2077,1361,716
106000082,2772,1033,1739
106000083,786,1627,-841
106000084,1367,736,631
106000085,2375,1758,617
106000086,938,917,21
106000087,1536,686,850
106000088,784,915,-131
106000089,2431,438,1993
106000090,732,955,-223
106000091,343,600,-257
106000092,2441,600,1841
106000093,1135,196,939
106000094,105,434,-329
106000095,2148,1473,675
106000096,3007,905,2102
106000097,2830,1533,1297
106000098,2563,1225,1338
106000099,385,2541,-2156
106000100,3320,454,2866
106000101,1957,1904,53
106000102,147,3562,-3415
106000103,409,1873,-1464
106000104,1927,706,1221
106000105,737,1181,-444
106000106,1817,562,1255
106000107,241,361,-120
106000108,789,181,608
106000109,321,197,124
106000110,872,219,653
106000111,243,266,-23
106000112,613,1545,-932
106000113,1457,735,722
106000114,942,2024,-1082
106000115,667,490,177
106000116,598,438,160
106000117,1721,632,1089
106000118,2675,2202,473
106000119,1776,783,993
106000120,2099,3177,-1078
106000121,991,373,618
106000122,626,140,486
106000123,1855,196,1659
106000124,381,141,240
106000125,100,180,-80
106000126,922,99,823
106000127,3510,901,2609
106000128,2606,400,2206
106000129,1760,651,1109
106000130,2743,741,2002
106000131,394,1566,-1172
106000132,1686,453,1233
106000133,5542,3639,1903
106000134,1220,7550,-6330
106000135,260,1264,-1004
106000136,1851,3347,-1496
106000137,136,1871,-1735
106000138,5553,160,5393
106000139,296,122,174
106000140,57,112,-55
106000141,230,87,143
106000142,251,131,120
106000143,16,51,-35
106000144,63,214,-151
106000145,1268,188,1080
106000146,902,247,655
106000147,1043,727,316
106000148,792,914,-122
106000149,1444,574,870
106000150,1704,3906,-2202
106000151,5745,957,4788
106000152,2011,4903,-2892
106000153,205,3712,-3507
106000154,2547,300,2247
106000155,358,533,-175
106000156,3849,375,3474
106000157,1464,3069,-1605
106000158,3176,982,2194
106000159,4770,4878,-108
106000160,1758,8591,-6833
106000161,1855,459,1396
106000162,739,2809,-2070
106000163,833,467,366
106000164,1686,471,1215
106000165,494,864,-370
106000166,2579,539,2040
106000167,966,1827,-861
106000168,2027,618,1409
106000169,780,803,-23
106000170,2445,1251,1194
106000171,274,1839,-1565
106000172,4214,2828,1386
106000173,1325,4556,-3231
106000174,2484,541,1943
106000175,314,662,-348
106000176,5096,1427,3669
106000177,1905,2898,-993
106000178,5095,2052,3043
106000179,1168,1990,-822
106000180,1400,808,592
106000181,3575,1850,1725
106000182,4413,926,3487
106000183,4363,533,3830
106000184,2961,991,1970
106000185,3877,3083,794
106000186,631,101,530
106000187,238,2854,-2616
106000188,0,6,-6
106000189,19,90,-71
106000190,62,7,55
106000191,950,214,736
106000192,0,10,-10
106000193,599,387,212
106000194,242,680,-438
106000195,466,409,57
106000196,152,888,-736
106000197,1610,462,1148
106000198,505,445,60
106000199,1139,2736,-1597
106000200,810,617,193
106000201,671,13917,-13246
106000202,4774,953,3821
106000203,73,238,-165
106000204,149,8,141
106000205,42,171,-129
106000206,224,24,200
106000207,15,289,-274
106000208,5931,618,5313
106000209,4400,1386,3014
106000210,722,983,-261
106000211,242,1815,-1573
106000212,2437,793,1644
106000213,291,1391,-1100
106000214,2123,760,1363
106000215,653,581,72
106000216,1170,636,534
106000217,276,632,-356
106000218,435,482,-47
106000219,272,272,0
106000220,862,568,294
106000221,846,139,707
106000222,225,125,100
106000223,1023,276,747
106000224,726,148,578
106000225,320,293,27
106000226,105,278,-173
106000228,101,132,-31
106000229,320,795,-475
106000231,2582,124,2458
106000232,187,397,-210
106000233,1022,1676,-654
106000234,138,825,-687
106000235,585,1120,-535
106000236,141,803,-662
106000237,0,44,-44
106000238,4,100,-96
106000239,1,235,-234
106000240,87,19,68
106000241,23,919,-896
106000242,919,66,853
106000249,267,101,166
106000250,253,1540,-1287
106000251,341,13,328
106000252,31,102,-71
106000253,99,97,2
106000254,415,30,385
106000255,135,333,-198
106000256,265,49,216
106000257,189,289,-100
106000258,186,436,-250
106000259,3,214,-211
106000260,99,26,73
106000261,31,126,-95
106000262,172,65,107
106000263,62,92,-30
106000264,353,48,305
106000265,35,218,-183
106000266,240,69,171
106000267,26,187,-161
106000268,435,75,360
106000269,68,42,26
106000270,140,276,-136
106000271,174,186,-12
106000272,264,82,182
106000273,37,291,-254
106000274,273,44,229
106000275,465,272,193
106000276,306,38,268
106000277,145,247,-102
106000278,165,32,133
106000279,58,18,40
106000280,273,56,217
106000281,115,22,93
106000282,228,142,86
106000283,229,68,161
106000284,312,101,211
106000285,253,128,125
106000286,313,137,176
106000287,145,110,35
106000288,256,187,69
106000289,205,127,78
106000290,212,126,86
106000291,245,137,108
106000292,293,153,140
106000293,241,70,171
106000294,162,78,84
106000295,126,105,21
106000296,124,44,80
106000297,65,295,-230
106000298,95,177,-82
106000299,69,92,-23
106000300,84,149,-65
106000301,67,203,-136
106000303,55,60,-5
106000304,74,17,57
106000305,156,59,97
106000306,58,82,-24
106000307,385,10,375
106000308,62,125,-63
106000309,50,58,-8
106000310,632,427,205
106000311,889,229,660
106000312,312,269,43
106000313,730,175,555
106000318,92,560,-468
106000319,5461,639,4822
106000320,11,167,-156
106000321,278,459,-181
106000322,670,72,598
106000324,148,137,11
106000325,3934,1428,2506
106000326,1408,1512,-104
106000327,493,165,328
106000328,32,562,-530
106000329,109,993,-884
106000330,95,536,-441
106000428,133,406,-273
106000429,237,295,-58
106000430,437,2407,-1970
106000431,4068,683,3385
106000432,1201,3290,-2089
106000433,3685,1811,1874
106000434,7318,1955,5363
106000435,1770,2756,-986
106000436,14,226,-212
106000437,1152,124,1028
106000438,365,983,-618
106000439,142,1535,-1393
106000440,330,1736,-1406
106000441,0,1,-1
106000442,628,7,621
106000443,543,195,348
106000450,1,110,-109
106000451,54,352,-298
106000454,1,191,-190
106000455,4,160,-156
106000456,246,50,196
106000457,124,923,-799
106000458,2269,163,2106
106000459,1041,89,952
106000460,3844,104,3740
106000461,850,332,518
106000462,0,99,-99
106000463,8,15,-7
106000464,2,203,-201
106000465,1424,21,1403
106000466,28,256,-228
106000467,207,368,-161
106000468,322,229,93
106000469,263,0,263
106000470,225,4798,-4573
106000471,19,456,-437
106000472,359,26,333
106000473,89,3,86
106000474,516,742,-226
106000475,724,303,421
106000476,201,291,-90
106000477,10,18,-8
106900001,0,11,-11
106900002,20,178,-158
106900003,127,5276,-5149
106900004,0,35,-35
106900006,0,20,-20
106900007,0,16,-16
106900008,1593,103,1490
106900009,1379,248,1131
106900010,861,620,241
106900012,2373,7052,-4679
106900013,1528,329,1199
106900014,181,11,170
106900015,49,9,40
106900016,929,43,886
106900017,58,0,58
106900018,27,1,26
106900019,375,2,373
106900020,6165,5713,452
106900021,284,93,191
106900022,2994,8,2986
106900023,132,124,8
106900024,1431,121,1310
106900025,32,1272,-1240
106900026,1,156,-155
106900027,2033,6,2027
107000001,5019,7226,-2207
107000002,2052,2633,-581
107000003,17573,13579,3994
107000004,5962,2321,3641
107000005,17276,12659,4617
107000006,5609,3348,2261
107000007,11508,14752,-3244
107000008,8345,5072,3273
107000009,17985,12858,5127
107000010,8685,5697,2988
107000011,1331,1936,-605
107000012,3970,3508,462
107000013,299,52,247
107000014,187,88,99
107000015,873,445,428
107000016,1873,410,1463
107000017,1238,10494,-9256
107000018,34,8252,-8218
107000020,1322,8610,-7288
107000021,1626,769,857
107000022,1534,6913,-5379
107000023,2998,313,2685
107000024,1036,6434,-5398
107000025,668,428,240
107000026,521,1213,-692
107000027,3565,1185,2380
107000028,2982,709,2273
107000029,8779,4829,3950
107000030,5094,2433,2661
107000031,11321,5174,6147
107000032,450,885,-435
107000033,3925,6400,-2475
107000034,10022,1802,8220
107000035,1014,410,604
107000036,2886,2744,142
107000037,208,1244,-1036
107000038,578,306,272
107000039,2244,1871,373
107000040,729,281,448
107000041,1666,1337,329
107000042,1297,4243,-2946
107000043,2732,1287,1445
107000044,450,1154,-704
107000045,122,715,-593
107000046,1322,831,491
107000047,833,1768,-935
107000048,1067,930,137
107000049,652,1348,-696
107000050,1195,1056,139
107000051,438,481,-43
107000052,2138,2869,-731
107000053,707,930,-223
107000054,78,263,-185
107000055,213,224,-11
107000056,621,587,34
107000057,2250,172,2078
107000058,3435,5834,-2399
107000059,3328,3756,-428
107000060,11214,9514,1700
107000061,7303,3797,3506
107000062,13097,6865,6232
107000063,6209,3958,2251
107000064,10629,9968,661
107000065,5138,7407,-2269
107000066,2996,7083,-4087
107000067,2897,2494,403
107000068,1120,1923,-803
107000069,2164,1566,598
107000070,2572,12,2560
107000071,8959,134,8825
107000072,25,1397,-1372
107000073,2661,1523,1138
107000074,140,777,-637
107000075,4555,514,4041
107000076,507,979,-472
107000077,6102,1220,4882
107000078,814,1744,-930
107000079,6491,2267,4224
107000080,694,2093,-1399
107000081,6168,1327,4841
107000082,1238,1115,123
107000083,3211,1689,1522
107000084,400,1064,-664
107000085,5311,4993,318
107000086,4877,3026,1851
107000087,6843,5272,1571
107000088,5070,5651,-581
107000089,3988,5869,-1881
107000090,2594,1410,1184
107000091,3529,2269,1260
107000092,1737,1113,624
107000093,2730,2161,569
107000094,1729,1323,406
107000095,3023,1702,1321
107000096,1120,627,493
107000097,1265,1571,-306
107000098,336,874,-538
107000099,932,1129,-197
107000100,459,959,-500
107000101,255,593,-338
107000102,416,663,-247
107000103,808,552,256
107000104,292,512,-220
107000105,1200,486,714
107000106,353,465,-112
107000107,1733,341,1392
107000108,315,765,-450
107000109,2435,413,2022
107000110,134,347,-213
107000111,1258,121,1137
107000112,81,302,-221
107000113,2164,218,1946
107000114,87,525,-438
107000115,1613,1332,281
107000116,152,951,-799
107000117,342,4965,-4623
107000118,211,238,-27
107000119,2731,2356,375
107000120,1324,1344,-20
107000121,1799,1134,665
107000122,1516,953,563
107000123,1170,889,281
107000124,1349,586,763
107000125,2371,828,1543
107000126,2458,323,2135
107000127,23,947,-924
107000129,260,268,-8
107000130,576,600,-24
107000131,718,619,99
107000132,1391,707,684
107000133,605,405,200
107000134,490,5,485
107000135,3,699,-696
107000136,950,21,929
107000137,8,701,-693
107000138,330,48,282
107000139,19,1329,-1310
107000140,3367,82,3285
107000141,137,1649,-1512
107000142,1133,118,1015
107000143,139,2760,-2621
107000144,1287,1204,83
107000145,494,1188,-694
107000146,293,636,-343
107000147,5827,889,4938
107000150,830,8544,-7714
107000151,12,45,-33
107000152,1532,4680,-3148
107000153,80,348,-268
107000154,12,567,-555
107000155,1967,86,1881
107000156,2398,50,2348
107000157,62,953,-891
107000158,1630,27,1603
107000159,21,613,-592
107000160,4199,402,3797
107000161,270,419,-149
107000162,664,1433,-769
107000163,633,8,625
107000164,2490,10,2480
107000165,3150,32,3118
107000166,273,284,-11
107000167,2214,556,1658
107000168,2109,929,1180
107000169,649,571,78
107000170,8037,1353,6684
107000171,1297,1044,253
107000172,3082,3441,-359
107000173,676,554,122
107000174,2840,12978,-10138
107000175,6124,923,5201
107000176,0,1,-1
107000177,15,0,15
107000178,96,5,91
107000179,935,1308,-373
107000180,4071,377,3694
107000181,1000,800,200
107000182,4824,971,3853
107000183,633,986,-353
107000184,3199,1231,1968
107000185,664,1941,-1277
107000186,2252,949,1303
107000187,2618,2192,426
107000188,1445,597,848
107000189,1739,1309,430
107000190,1576,766,810
107000191,1634,1523,111
107000192,3064,974,2090
107000193,960,1396,-436
107000194,946,813,133
107000197,1777,706,1071
107000198,669,1119,-450
107000199,2245,1407,838
107000200,2525,1484,1041
107000201,856,811,45
107000202,692,833,-141
107000203,748,2577,-1829
107000204,743,2805,-2062
107000205,1502,1488,14
107000206,734,1970,-1236
107000207,940,2029,-1089
107000208,1276,1094,182
107000209,847,1446,-599
107000210,144,275,-131
107000211,9,103,-94
107000212,20,169,-149
107000213,14,58,-44
107000214,42,118,-76
107000215,1261,361,900
107000216,1041,1274,-233
107000217,551,400,151
107000219,154,455,-301
107000220,248,258,-10
107000222,647,434,213
107000224,1818,884,934
107000225,403,549,-146
107000226,1444,955,489
107000227,231,179,52
107000228,1357,1170,187
107000229,102,298,-196
107000230,2437,937,1500
107000231,768,2109,-1341
107000232,213,27,186
107000233,280,781,-501
107000234,2,169,-167
107000235,291,50,241
107000236,28,844,-816
107000237,179,0,179
107000238,90,4,86
107000239,5559,1083,4476
107000240,1079,958,121
107000241,84,15,69
107000242,318,31,287
107000243,0,131,-131
107000244,9,191,-182
107000246,5,708,-703
107000249,1,600,-599
107000251,6,430,-424
107000252,10,1643,-1633
107000255,485,549,-64
107000257,1,1404,-1403
107000258,7,272,-265
107000259,25,241,-216
107000260,4674,33,4641
107000262,325,188,137
107000263,1019,24,995
107000266,44,74,-30
107000267,73,165,-92
107000268,482,80,402
107000269,130,13,117
107000270,216,82,134
107000271,2,1,1
107000272,144,1,143
107000273,13,839,-826
107000274,958,2235,-1277
107000275,22,6109,-6087
107000280,2734,43,2691
107000281,75,505,-430
107000282,56,612,-556
107000290,42,228,-186
107000291,61,20,41
107000292,12,1527,-1515
107000293,12,18,-6
107000294,1,427,-426
107000295,84,14,70
107000296,0,25,-25
107000444,446,5,441
107000496,13,13,0
107000497,2094,1793,301
107000500,966,689,277
107000501,214,349,-135
107000502,451,1092,-641
107000505,548,1196,-648
107000506,0,4,-4
107000508,77,430,-353
107000509,221,1216,-995
107000510,96,157,-61
107000514,89,791,-702
107000515,17,45,-28
107000516,1161,886,275
107000518,3830,5984,-2154
107000519,2219,818,1401
107000520,298,341,-43
107900001,231,53,178
107900002,193,10,183
107900003,2243,19,2224
107900004,709,3,706
107900005,5594,25,5569
107900006,461,13,448
107900007,697,111,586
107900008,64,2,62
107900009,229,25,204
107900010,158,8,150
107900012,744,139,605
107900013,601,26,575
107900014,275,44,231
107900015,3758,41,3717
107900016,808,158,650
107900017,137,0,137
107900018,82,565,-483
107900019,26,23,3
107900020,34,51,-17
107900021,404,50,354
107900023,12,3,9
107900024,0,10,-10
107900025,514,172,342
107900026,123,21,102
107900027,27,151,-124
107900028,798,45,753
107900030,625,74,551
107900031,271,115,156
107900032,52,39,13
107900033,55,35,20
107900034,713,50,663
107900035,3705,167,3538
107900036,163,22,141
107900037,0,16,-16
107900038,124,701,-577
107900039,38,19,19
107900040,4,314,-310
107900041,7,2,5
107900043,309,151,158
107900044,39,42,-3
107900045,214,112,102
107900046,559,570,-11
107900047,105,40,65
107900048,792,83,709
107900049,734,2409,-1675
107900050,57,405,-348
107900051,141,49,92
107900052,13,112,-99
107900053,166,118,48
107900055,1215,670,545
107900056,185,254,-69
107900057,9,0,9
107900058,43,753,-710
107900060,31,344,-313
107900061,2,10,-8
107900063,186,390,-204
107900064,273,1079,-806
107900065,1166,33,1133
107900066,44,18,26
107900067,1,0,1
107900068,197,1561,-1364
107900069,47,6478,-6431
107900070,316,298,18
107900071,70,421,-351
107900072,453,51,402
107900073,291,202,89
107900074,166,712,-546
107900076,352,216,136
107900077,202,8,194
107900078,213,117,96
107900079,40,52,-12
107900080,94,1333,-1239
107900081,142,83,59
107900082,1,6,-5
107900083,629,264,365
107900084,350,444,-94
107900086,29,535,-506
107900087,523,108,415
107900088,175,26,149
107900089,312,1524,-1212
107900090,2294,4654,-2360
107900091,193,229,-36
107900092,1899,245,1654
107900093,100,212,-112
107900095,1864,1839,25
107900097,108,147,-39
107900098,196,1693,-1497
107900100,534,2908,-2374
107900101,717,86,631
107900102,174,11,163
107900103,169,228,-59
107900104,639,12,627
107900105,44,158,-114
107900106,29,458,-429
107900107,2091,510,1581
107900108,365,77,288
107900109,4049,69,3980
107900110,240,106,134
107900111,7,328,-321
107900112,153,1091,-938
107900113,389,70,319
107900114,485,116,369
107900115,1,15,-14
107900116,589,93,496
107900117,505,306,199
107900118,70,232,-162
107900119,271,430,-159
107900120,126,47,79
107900121,3,224,-221
107900122,1,500,-499
107900123,51,273,-222
107900124,9,122,-113
107900125,7,297,-290
107900126,147,833,-686
107900127,817,425,392
107900128,148,160,-12
107900129,308,15,293
107900130,259,35,224
107900131,152,377,-225
107900132,145,289,-144
107900133,0,31,-31
107900134,60,135,-75
107900135,12,20,-8
107900136,17,32,-15
107900137,156,179,-23
107900138,208,28,180
107900139,232,60,172
107900140,152,128,24
107900141,49,40,9
107900142,163,600,-437
107900143,32,8,24
107900144,1,77,-76
107900145,6,39,-33
107900146,82,208,-126
107900147,82,28,54
107900148,231,397,-166
107900149,780,52,728
107900150,163,411,-248
107900151,101,34,67
107900152,4,90,-86
107900153,396,518,-122
107900154,36,92,-56
107900155,170,261,-91
107900156,18,75,-57
107900157,25,87,-62
107900158,2837,108,2729
107900159,95,400,-305
107900160,231,78,153
107900161,286,111,175
107900162,3,105,-102
107900163,69,115,-46
107900164,83,177,-94
107900165,13,524,-511
107900166,97,81,16
107900167,16,69,-53
107900168,225,138,87
107900169,21,5607,-5586
107900171,235,597,-362
107900172,4,396,-392
107900173,106,33,73
107900174,354,8,346
107900175,142,298,-156
107900176,127,38,89
107900177,3,337,-334
107900178,42,366,-324
107900179,78,211,-133
107900180,399,1924,-1525
107900181,417,669,-252
107900182,10,590,-580
107900183,140,63,77
107900184,441,635,-194
107900185,334,27,307
107900186,43,65,-22
107900187,1,257,-256
107900188,1504,128,1376
107900189,118,131,-13
107900190,21,166,-145
107900191,133,299,-166
107900193,7,142,-135
107900194,470,46,424
107900195,1883,213,1670
107900196,166,42,124
107900197,252,461,-209
107900199,3,463,-460
107900201,247,177,70
107900203,97,58,39
107900204,317,526,-209
107900205,367,299,68
107900206,345,978,-633
107900207,0,291,-291
107900208,7,252,-245
107900209,632,163,469
107900210,36,73,-37
107900213,942,696,246
107900214,32,462,-430
107900215,313,765,-452
107900216,14,36,-22
107900217,120,92,28
107900218,52,4822,-4770
107900219,245,29,216
107900220,100,229,-129
107900221,258,393,-135
107900223,321,156,165
107900224,334,868,-534
107900225,4,994,-990
107900226,46,70,-24
107900227,337,543,-206
107900228,113,256,-143
107900229,5,126,-121
107900230,65,38,27
107900231,95,62,33
107900232,759,103,656
107900233,12,65,-53
107900234,613,169,444
107900235,185,325,-140
107900236,926,128,798
107900237,8,494,-486
107900238,105,33,72
107900239,669,1336,-667
107900240,188,81,107
107900241,19,26,-7
107900242,120,401,-281
107900243,0,43,-43
107900244,646,1,645
107900245,1556,158,1398
107900246,470,267,203
107900248,953,228,725
107900249,2003,272,1731
107900250,0,279,-279
107900251,148,756,-608
107900252,1628,80,1548
107900253,524,51,473
107900254,200,385,-185
107900255,310,105,205
107900256,762,3803,-3041
107900257,903,255,648
107900258,216,77,139
107900259,38,7010,-6972
107900261,6,190,-184
107900262,222,111,111
107900264,1190,53,1137
107900265,182,466,-284
107900267,982,43,939
107900268,56,1,55
107900269,0,9,-9
107900270,0,1,-1
107900271,4,79,-75
107900272,41,35,6
107900273,131,40,91
107900274,171,0,171
107900275,75,1,74
107900276,0,16,-16
107900277,0,59,-59
107900278,1227,128,1099
107900279,16,66,-50
107900280,4052,1496,2556
107900281,1414,14511,-13097
107900282,30,1835,-1805
107900283,1058,2169,-1111
107900284,1596,1427,169
107900285,346,33,313
107900286,51,57,-6
107900287,839,167,672
107900290,1,1424,-1423
107900291,1287,25,1262
107900292,401,118,283
107900293,194,361,-167
107900295,218,55,163
107900297,5,648,-643
107900298,1043,863,180
107900299,4264,4989,-725
107900300,206,1679,-1473
107900301,1733,1488,245
107900302,222,58,164
107900303,846,732,114
107900304,1261,84,1177
107900305,555,44,511
107900306,1,91,-90
107900307,12,339,-327
107900308,289,307,-18
107900309,77,0,77
107900310,69,1,68
107900311,4,467,-463
107900312,77,0,77
107900313,2,218,-216
107900314,4,194,-190
107900315,0,59,-59
107900316,32,3,29
107900317,139,10,129
107900318,5,287,-282
107900319,13,68,-55
107900320,5,68,-63
107900321,418,30,388
107900322,1,33,-32
107900323,46,82,-36
107900324,309,9,300
107900325,451,5,446
107900326,1368,74,1294
107900327,1,230,-229
107900328,45,0,45
107900329,39,516,-477
107900330,14,100,-86
107900331,1036,106,930
107900332,854,31,823
107900333,171,78,93
107900334,37,50,-13
107900335,35,116,-81
107900336,51,247,-196
107900337,646,1702,-1056
107900338,6,176,-170
107900339,1,13,-12
107900340,0,189,-189
107900341,132,0,132
107900342,178,127,51
107900343,13,2,11
107900344,3,123,-120
107900345,151,57,94
107900346,24,0,24
107900347,34,4,30
107900348,3,6,-3
107900349,105,9,96
107900350,78,324,-246
108000001,7694,6254,1440
108000002,2101,1755,346
108000003,5219,5686,-467
108000004,13210,12758,452
108000005,12639,10067,2572
108000006,4834,6925,-2091
108000007,10906,9651,1255
108000008,4883,5809,-926
108000009,10619,10165,454
108000010,3626,6264,-2638
108000011,21742,16974,4768
108000012,12014,11594,420
108000014,1089,2126,-1037
108000015,2091,336,1755
108000016,504,507,-3
108000017,2732,702,2030
108000018,3383,2023,1360
108000019,1682,2060,-378
108000020,2054,668,1386
108000021,379,2320,-1941
108000022,745,1168,-423
108000023,3555,490,3065
108000024,779,378,401
108000025,1137,265,872
108000026,1427,1001,426
108000027,1770,349,1421
108000028,1330,593,737
108000029,1238,683,555
108000030,839,341,498
108000031,178,1002,-824
108000032,4794,1212,3582
108000033,1300,833,467
108000034,3798,881,2917
108000035,888,1871,-983
108000036,1010,937,73
108000037,5179,553,4626
108000038,7126,694,6432
108000039,1154,1475,-321
108000040,4431,1734,2697
108000041,613,2286,-1673
108000042,948,159,789
108000043,565,304,261
108000044,1481,152,1329
108000045,575,255,320
108000046,4027,673,3354
108000047,789,725,64
108000048,161,402,-241
108000049,1816,288,1528
108000050,201,404,-203
108000051,811,534,277
108000052,376,368,8
108000053,834,514,320
108000054,456,1414,-958
108000055,1773,1125,648
108000056,835,1712,-877
108000057,1182,2349,-1167
108000058,3347,8510,-5163
108000059,2811,1620,1191
108000060,353,875,-522
108000061,153,249,-96
108000062,2387,1019,1368
108000063,856,693,163
108000064,670,428,242
108000065,1174,756,418
108000066,3853,2040,1813
108000067,5361,1687,3674
108000068,1866,1063,803
108000069,291,902,-611
108000070,4125,1581,2544
108000071,832,1690,-858
108000072,2726,1570,1156
108000073,1337,1441,-104
108000074,1419,1141,278
108000075,584,607,-23
108000076,1975,945,1030
108000077,938,591,347
108000078,4922,1320,3602
108000079,1050,835,215
108000080,3559,831,2728
108000081,1607,808,799
108000082,863,1561,-698
108000083,3550,1343,2207
108000084,970,1655,-685
108000085,2691,1401,1290
108000086,575,706,-131
108000087,244,4604,-4360
108000088,716,26,690
108000089,634,795,-161
108000090,1412,383,1029
108000091,190,585,-395
108000092,688,326,362
108000093,567,617,-50
108000094,2237,311,1926
108000095,316,614,-298
108000096,1347,467,880
108000097,295,582,-287
108000098,5489,2014,3475
108000099,468,121,347
108000100,155,408,-253
108000101,2235,2385,-150
108000102,2316,5017,-2701
108000106,1383,0,1383
108000107,0,1318,-1318
108000108,1311,155,1156
108000109,4,650,-646
108000110,1120,588,532
108000111,476,1284,-808
108000112,52,320,-268
108000113,585,297,288
108000115,562,518,44
108000117,784,807,-23
108000118,48,723,-675
108000119,969,454,515
108000120,496,1793,-1297
108000121,637,775,-138
108000122,1870,680,1190
108000123,1562,483,1079
108000124,770,1699,-929
108000125,1460,272,1188
108000126,415,531,-116
108000127,1691,436,1255
108000128,1783,295,1488
108000129,651,1620,-969
108000130,1063,731,332
108000131,1040,292,748
108000132,884,721,163
108000133,2197,566,1631
108000134,942,363,579
108000135,2060,1353,707
108000136,827,755,72
108000137,903,246,657
108000138,1339,883,456
108000139,1235,433,802
108000140,1082,40,1042
108000141,173,18,155
108000142,134,90,44
108000143,96,23,73
108000144,230,17,213
108000145,144,4,140
108000146,271,11,260
108000147,81,11,70
108000148,260,31,229
108000149,99,5,94
108000150,156,27,129
108000151,8,16,-8
108000152,407,261,146
108000153,1850,275,1575
108000154,87,6,81
108000155,81,93,-12
108000156,691,250,441
108000157,606,4310,-3704
108000158,199,1927,-1728
108000159,279,401,-122
108000160,2285,2439,-154
108000161,2416,9476,-7060
108000165,2,882,-880
108000172,3,621,-618
108000173,1061,4059,-2998
108000175,892,197,695
108000178,550,312,238
108000179,170,1678,-1508
108000181,206,35,171
108000182,165,16,149
108000183,13,21,-8
108000184,931,6031,-5100
108000185,937,291,646
108000186,563,138,425
108000187,409,422,-13
108000188,2102,156,1946
108000189,609,3195,-2586
108000190,45,122,-77
108000192,715,163,552
108000193,647,26,621
108000194,24,28,-4
108000195,4,1269,-1265
108000196,572,673,-101
108000198,1241,141,1100
108000199,0,502,-502
108000200,1406,310,1096
108000202,1,573,-572
108000203,612,549,63
108000204,304,118,186
108000205,312,254,58
108000339,1609,732,877
108000364,132,444,-312
108000365,109,835,-726
108000367,323,305,18
108000368,28,72,-44
108000369,441,116,325
108000371,2,572,-570
108000372,1298,2,1296
108000373,324,97,227
108000376,244,20,224
108000377,1702,81,1621
108000378,14989,23567,-8578
108000379,43,438,-395
108000381,352,9,343
108000382,94,0,94
108000383,1,329,-328
108900001,13,425,-412
108900002,477,71,406
108900003,270,709,-439
108900004,17,919,-902
108900005,102,678,-576
108900006,2006,589,1417
108900007,704,317,387
108900008,364,169,195
108900009,328,418,-90
108900010,681,274,407
108900011,1777,277,1500
108900012,986,410,576
108900013,340,578,-238
108900014,117,220,-103
108900015,4,332,-328
108900016,3,212,-209
108900017,195,1144,-949
108900018,354,549,-195
108900019,112,386,-274
108900020,73,140,-67
108900021,301,203,98
108900022,204,43,161
108900023,5,120,-115
108900024,135,19,116
108900025,767,59,708
108900026,35,27,8
108900027,1,23,-22
108900028,348,82,266
108900029,125,196,-71
108900030,0,12,-12
108900031,814,126,688
108900032,12,227,-215
108900033,0,75,-75
108900034,0,35,-35
108900035,874,451,423
108900036,349,375,-26
108900037,47,273,-226
108900038,0,97,-97
108900039,0,51,-51
108900040,24,50,-26
108900041,6862,5095,1767
108900042,13,438,-425
108900043,69,985,-916
108900044,1,138,-137
108900045,132,135,-3
108900046,25,236,-211
108900047,0,153,-153
108900048,237,335,-98
108900049,1493,5634,-4141
108900050,5,65,-60
108900051,0,30,-30
108900052,95,63,32
108900053,293,1376,-1083
108900054,91,116,-25
108900055,42,477,-435
108900056,2,23,-21
108900057,0,67,-67
108900058,84,110,-26
108900059,2722,111,2611
108900060,165,277,-112
108900061,157,23,134
108900062,0,240,-240
108900063,31,192,-161
108900064,1081,26,1055
108900065,59,130,-71
108900066,877,210,667
108900067,4,243,-239
108900068,1,49,-48
108900069,444,15,429
108900070,71,60,11
108900071,339,78,261
108900072,2009,266,1743
108900073,18,48,-30
108900074,1468,92,1376
108900075,29,31,-2
108900076,1031,41,990
108900077,53,131,-78
108900078,149,52,97
108900079,391,332,59
108900080,20,2169,-2149
108900081,59,420,-361
108900082,248,31,217
108900083,27,560,-533
108900084,344,163,181
108900085,2162,313,1849
108900086,622,57,565
108900087,157,288,-131
108900088,1129,675,454
108900089,27,224,-197
108900090,359,53,306
108900091,209,146,63
108900092,804,536,268
108900093,158,135,23
108900094,678,369,309
108900095,23,618,-595
108900096,388,16,372
108900097,586,175,411
108900098,1906,2746,-840
108900099,1086,217,869
108900100,147,105,42
108900101,529,1040,-511
108900102,31,2605,-2574
108900103,219,579,-360
108900104,171,620,-449
108900105,6,4432,-4426
108900106,1132,174,958
108900108,524,57,467
108900109,137,145,-8
108900110,424,242,182
108900111,1369,260,1109
108900112,726,69,657
108900113,47,148,-101
108900114,1,23,-22
108900115,322,266,56
108900116,186,27,159
108900117,653,40,613
108900118,1883,63,1820
108900119,1099,53,1046
108900120,331,512,-181
108900121,470,198,272
108900122,596,61,535
108900123,628,189,439
108900124,2207,260,1947
108900125,1753,22,1731
108900126,357,112,245
108900127,641,89,552
108900128,472,112,360
108900129,2715,279,2436
108900130,1964,5,1959
108900131,984,18,966
108900132,1391,174,1217
108900133,849,57,792
108900134,1610,305,1305
108900135,711,32,679
108900136,57,2,55
108900137,674,6,668
108900138,2450,181,2269
108900139,1734,157,1577
108900140,1570,73,1497
108900141,1457,41,1416
108900142,146,23,123
108900143,292,2,290
108900144,449,10,439
108900145,1025,97,928
108900146,304,1,303
108900147,711,0,711
108900148,163,29,134
108900149,986,1495,-509
108900150,556,8,548
108900151,68,40,28
108900152,264,333,-69
108900153,757,147,610
108900154,10626,509,10117
108900155,764,96,668
108900156,292,43,249
108900157,245,477,-232
108900158,1235,158,1077
108900159,280,140,140
108900160,29,198,-169
108900161,161,519,-358
108900162,557,11,546
108900163,2,517,-515
108900164,228,93,135
108900165,193,84,109
108900167,1867,21928,-20061
108900168,5555,3090,2465
108900169,72,213,-141
108900171,5083,6625,-1542
108900172,331,157,174
108900173,132,555,-423
108900174,2053,794,1259
108900176,253,373,-120
108900177,8390,18412,-10022
108900178,3680,10306,-6626
108900179,424,3679,-3255
108900180,146,501,-355
108900182,142,780,-638
108900183,287,590,-303
108900184,843,539,304
108900185,186,1000,-814
108900186,167,651,-484
108900187,1564,44,1520
108900188,1900,148,1752
108900189,711,844,-133
108900190,141,3891,-3750
108900191,188,278,-90
108900192,191,268,-77
108900193,41,35,6
108900194,4,446,-442
108900195,172,194,-22
108900196,314,375,-61
108900198,2,314,-312
108900199,390,461,-71
108900200,1703,983,720
108900201,555,1316,-761
108900203,850,142,708
108900204,750,14,736
108900205,497,33,464
108900206,1229,214,1015
108900207,609,622,-13
108900208,9,540,-531
108900209,123,827,-704
108900210,103,166,-63
108900211,372,1057,-685
108900212,156,3467,-3311
108900215,112,507,-395
108900216,403,662,-259
108900217,166,1,165
108900218,77,24,53
108900219,77,6,71
108900220,91,42,49
108900221,33,70,-37
108900222,685,25,660
108900223,4,91,-87
108900224,89,107,-18
108900225,0,297,-297
108900226,901,75,826
108900227,415,707,-292
108900230,103,279,-176
108900231,15,205,-190
108900232,1,186,-185
108900233,1016,213,803
108900234,456,250,206
108900235,345,489,-144
108900236,90,597,-507
108900237,43,73,-30
108900240,380,122,258
108900241,229,62,167
108900245,5,5300,-5295
108900249,268,29,239
108900250,908,124,784
108900257,547,389,158
108900258,15,97,-82
108900259,92,74,18
108900260,27,23,4
108900261,72,58,14
108900262,116,279,-163
108900263,108,353,-245
108900264,190,305,-115
108900265,3888,1346,2542
108900266,193,3346,-3153
108900267,0,718,-718
108900268,16,81,-65
108900269,376,85,291
108900270,501,70,431
108900271,161,512,-351
108900272,917,120,797
108900273,503,3821,-3318
108900274,114,34,80
109000001,5793,5096,697
109000002,871,4683,-3812
109000003,6082,819,5263
109000004,837,2593,-1756
109000005,3779,951,2828
109000006,1482,2176,-694
109000007,4338,1315,3023
109000008,971,1822,-851
109000009,6363,2234,4129
109000010,1050,3542,-2492
109000011,8576,3970,4606
109000012,2341,3429,-1088
109000013,9572,9302,270
109000014,2761,2949,-188
109000015,6272,23250,-16978
109000016,5956,3059,2897
109000017,6560,2172,4388
109000018,2168,2613,-445
109000019,5154,2227,2927
109000020,1591,3082,-1491
109000023,545,32,513
109000024,6,337,-331
109000025,263,1310,-1047
109000026,1126,386,740
109000027,178,529,-351
109000028,203,99,104
109000029,143,894,-751
109000030,19,499,-480
109000031,536,230,306
109000032,161,710,-549
109000033,944,398,546
109000034,53,88,-35
109000035,36,60,-24
109000036,74,529,-455
109000037,637,5944,-5307
109000038,505,467,38
109000039,1732,1478,254
109000040,5470,28051,-22581
109000041,1961,5620,-3659
109000042,887,3283,-2396
109000044,839,228,611
109000045,143,528,-385
109000046,1048,209,839
109000047,151,483,-332
109000048,687,720,-33
109000049,312,896,-584
109000050,422,583,-161
109000051,319,251,68
109000052,1100,521,579
109000053,1042,134,908
109000054,313,417,-104
109000055,777,437,340
109000056,768,606,162
109000057,2581,968,1613
109000058,445,202,243
109000059,302,2009,-1707
109000060,204,712,-508
109000061,620,3825,-3205
109000062,357,682,-325
109000063,391,325,66
109000064,875,198,677
109000065,501,878,-377
109000066,1100,96,1004
109000067,217,937,-720
109000068,1062,31,1031
109000069,1081,40,1041
109000070,198,1350,-1152
109000071,715,128,587
109000072,142,385,-243
109000073,116,165,-49
109000074,38,297,-259
109000075,136,463,-327
109000076,77,459,-382
109000077,609,273,336
109000078,101,180,-79
109000079,315,112,203
109000080,498,67,431
109000081,264,555,-291
109000082,1893,262,1631
109000083,722,845,-123
109000088,338,288,50
109000089,600,185,415
109000090,179,371,-192
109000091,878,281,597
109000092,454,379,75
109000093,525,264,261
109000094,2067,6,2061
109000095,331,361,-30
109000096,2282,362,1920
109000097,98,131,-33
109000098,146,199,-53
109000099,1554,177,1377
109000100,756,523,233
109000101,3779,586,3193
109000102,1287,587,700
109000103,1409,861,548
109000104,5384,540,4844
109000105,1071,846,225
109000106,3835,898,2937
109000107,1363,1753,-390
109000108,4604,1127,3477
109000109,1139,1617,-478
109000110,2755,867,1888
109000111,1450,1937,-487
109000112,653,210,443
109000113,420,715,-295
109000114,219,982,-763
109000115,1530,21,1509
109000116,14,478,-464
109000117,500,50,450
109000118,19,239,-220
109000119,3945,146,3799
109000120,949,970,-21
109000121,1469,57,1412
109000122,416,465,-49
109000123,34,35,-1
109000124,2131,460,1671
109000125,1978,425,1553
109000126,1302,605,697
109000127,3271,187,3084
109000128,1326,811,515
109000129,6740,763,5977
109000130,752,957,-205
109000131,1369,1050,319
109000132,675,1666,-991
109000133,305,608,-303
109000134,949,2559,-1610
109000135,773,3718,-2945
109000136,547,440,107
109000137,619,753,-134
109000138,949,211,738
109000139,1460,834,626
109000140,418,359,59
109000141,1450,621,829
109000142,286,685,-399
109000143,316,335,-19
109000145,120,263,-143
109000146,43,111,-68
109000148,3089,4072,-983
109000149,20,119,-99
109000150,98,433,-335
109000155,1556,1261,295
109000156,1663,375,1288
109000158,99,330,-231
109000159,168,797,-629
109000160,3150,273,2877
109000161,1208,1740,-532
109000162,4773,765,4008
109000163,2881,1890,991
109000164,3386,2340,1046
109000165,3645,771,2874
109000166,3160,151,3009
109000167,295,656,-361
109000170,35,41,-6
109000171,283,53,230
109000172,49,77,-28
109000173,31,344,-313
109000174,494,82,412
109000175,107,179,-72
109000176,1243,415,828
109000177,76,239,-163
109000178,1216,64,1152
109000179,4111,11091,-6980
109000180,5969,5629,340
109000181,20,15,5
109000182,133,14,119
109000183,188,60,128
109000184,85,6,79
109000185,118,50,68
109000188,464,1936,-1472
109000189,6307,2381,3926
109000190,1338,792,546
109000191,597,641,-44
109000192,1381,238,1143
109000193,1271,111,1160
109000194,787,91,696
109000195,780,106,674
109000196,541,66,475
109000197,884,249,635
109000198,665,55,610
109000199,366,431,-65
109000206,451,45,406
109000207,515,45,470
109000208,277,312,-35
109000209,255,157,98
109000210,405,519,-114
109000211,722,612,110
109000214,871,136,735
109000215,177,70,107
109000216,616,687,-71
109000217,252,1486,-1234
109000218,492,825,-333
109000221,215,784,-569
109000222,1254,279,975
109000223,1264,866,398
109000224,124,38,86
109000225,374,28,346
109000226,139,277,-138
109000227,4202,587,3615
109000228,2,1134,-1132
109000231,0,143,-143
109000232,1747,99,1648
109000236,670,631,39
109000241,2896,1345,1551
109000242,1955,892,1063
109000293,111,547,-436
109000361,78,244,-166
109000364,220,1411,-1191
109000396,10,281,-271
109000397,1511,53,1458
109000399,247,398,-151
109000400,231,374,-143
109000403,73,2445,-2372
109000406,835,39,796
109000407,384,176,208
109000408,1,641,-640
109000410,1128,330,798
109000411,433,11,422
109900001,289,2,287
109900002,2020,29,1991
109900003,899,2,897
109900004,400,172,228
109900005,145,106,39
109900006,1248,138,1110
109900007,2762,103,2659
109900008,0,27,-27
109900009,331,350,-19
109900010,1522,117,1405
109900011,73,69,4
109900012,765,2108,-1343
109900013,623,512,111
109900014,888,139,749
109900015,205,88,117
109900016,203,10,193
109900017,783,529,254
109900018,350,37,313
109900019,465,187,278
109900020,119,48,71
109900021,82,37,45
109900022,102,469,-367
109900023,62,22,40
109900024,31,14,17
109900025,12,54,-42
109900026,6,98,-92
109900027,101,72,29
109900028,535,3984,-3449
109900029,7,148,-141
109900030,61,48,13
109900031,2,1044,-1042
109900032,12,217,-205
109900033,3,663,-660
109900034,38,7,31
109900035,173,336,-163
109900036,67,46,21
109900037,18,314,-296
109900038,171,408,-237
109900039,13,0,13
109900040,46,425,-379
109900041,109,444,-335
109900042,54,4711,-4657
109900044,147,485,-338
109900045,220,12,208
109900046,73,142,-69
109900047,454,412,42
109900048,3,157,-154
109900049,13,67,-54
109900050,0,26,-26
109900051,0,0,0
109900052,109,199,-90
109900053,1,62,-61
109900054,1740,151,1589
109900055,229,248,-19
109900056,47,504,-457
109900057,3,84,-81
109900058,0,60,-60
109900059,2527,82,2445
109900060,2168,131,2037
109900061,92,195,-103
109900062,0,119,-119
109900063,11,645,-634
109900064,1443,182,1261
109900065,124,103,21
109900066,478,653,-175
109900067,1,162,-161
109900068,136,3,133
109900069,176,52,124
109900070,128,122,6
109900071,73,33,40
109900072,52,104,-52
109900073,1095,149,946
109900074,51,13,38
109900075,49,48,1
109900076,52,47,5
109900077,108,31,77
109900078,196,210,-14
109900080,371,136,235
109900081,3,373,-370
109900082,267,210,57
109900083,74,59,15
109900084,55,225,-170
109900085,154,297,-143
109900086,222,2059,-1837
109900087,85,533,-448
109900089,1776,267,1509
109900090,284,791,-507
109900091,944,184,760
109900092,442,226,216
109900093,2281,206,2075
109900094,174,131,43
109900095,114,228,-114
109900096,337,2,335
109900097,287,2,285
109900098,1120,73,1047
109900099,806,15,791
109900100,163,1,162
109900101,2043,8,2035
109900102,1080,22,1058
109900103,50,104,-54
109900104,2245,131,2114
109900105,1183,54,1129
109900106,876,34,842
109900107,2259,69,2190
109900108,408,460,-52
109900109,106,862,-756
109900110,70,235,-165
109900111,109,345,-236
109900112,185,208,-23
109900113,1360,603,757
109900114,861,2563,-1702
109900115,248,165,83
109900117,2672,106,2566
109900118,228,295,-67
109900119,210,707,-497
109900120,131,40,91
109900121,458,367,91
109900122,1359,3,1356
109900123,19,38,-19
109900124,139,193,-54
109900125,0,212,-212
109900126,879,20,859
109900128,640,83,557
109900130,3732,7202,-3470
109900131,121,186,-65
109900132,29,70,-41
109900133,179,293,-114
109900134,71,602,-531
109900135,464,64,400
109900136,120,285,-165
109900137,410,382,28
109900138,1106,232,874
109900140,378,187,191
109900141,1490,286,1204
109900142,3952,260,3692
109900145,6,1292,-1286
109900146,193,66,127
109900148,78,97,-19
109900149,87,51,36
109900150,135,117,18
109900151,19,54,-35
109900152,0,53,-53
109900153,3,515,-512
109900154,54,6,48
109900155,171,50,121
109900157,59,126,-67
109900158,80,158,-78
109900159,282,60,222
109900160,419,57,362
109900161,870,114,756
109900162,1018,205,813
109900163,440,206,234
109900164,85,359,-274
109900165,627,16,611
109900166,2,113,-111
109900167,270,414,-144
109900168,243,576,-333
109900169,282,142,140
109900170,395,3806,-3411
109900171,709,134,575
109900172,583,596,-13
109900173,2165,4336,-2171
109900174,61,235,-174
109900175,182,211,-29
109900176,422,317,105
109900177,96,123,-27
109900178,3,1091,-1088
109900179,7,312,-305
109900180,45,19,26
110000001,989,696,293
110000002,800,964,-164
110000003,783,1358,-575
110000004,685,864,-179
110000005,543,3110,-2567
110000006,448,430,18
110000007,284,146,138
110000008,29,521,-492
110000009,82,55,27
110000010,75,219,-144
110000011,118,72,46
110000012,1380,281,1099
110000013,85,1537,-1452
110000014,829,517,312
110000015,385,1371,-986
110000016,625,2729,-2104
110000017,4972,571,4401
110000018,3855,458,3397
110000019,23,183,-160
110000020,1827,457,1370
110000021,287,1155,-868
110000022,2753,169,2584
110000023,8,336,-328
110000024,783,1114,-331
110000025,2180,11,2169
110000026,3,374,-371
110000027,914,3257,-2343
110000028,2007,710,1297
110000029,788,677,111
110000030,740,779,-39
110000031,443,376,67
110000032,2327,239,2088
110000033,328,653,-325
110000034,1289,839,450
110000035,943,611,332
110000036,3215,1155,2060
110000037,367,902,-535
110000038,523,1424,-901
110000039,1955,13037,-11082
110000040,434,449,-15
110000041,495,3884,-3389
110000042,128,1249,-1121
110000043,1316,827,489
110000044,91,2555,-2464
110000045,375,714,-339
110000046,8,136,-128
110000047,28,499,-471
110000048,12,156,-144
110000049,19,91,-72
110000050,9,300,-291
110000051,32,32,0
110000052,91,37,54
110000053,24,9,15
110000054,167,3028,-2861
110000055,377,555,-178
110000056,141,361,-220
110000057,455,752,-297
110000058,1652,749,903
110000059,1233,903,330
110000060,2399,1610,789
110000061,659,992,-333
110000062,852,1398,-546
110000063,131,541,-410
110000064,107,49,58
110000065,306,327,-21
110000066,168,34,134
110000067,95,221,-126
110000068,603,142,461
110000069,1359,41,1318
110000071,1256,58,1198
110000073,46,11,35
110000075,57,229,-172
110000076,820,961,-141
110000077,596,2663,-2067
110000078,242,24,218
110000080,284,409,-125
110000081,49,364,-315
110000082,19,470,-451
110000083,446,343,103
110000084,2504,1868,636
110000085,1035,1346,-311
110000086,1211,4387,-3176
110000087,55,78,-23
110000088,250,331,-81
110000089,831,73,758
110000090,158,315,-157
110000091,1134,237,897
110000092,34,45,-11
110000093,100,35,65
110000094,977,270,707
110000095,272,1197,-925
110000096,1573,3604,-2031
110000097,1367,3169,-1802
110000098,3506,1065,2441
110000099,1432,2081,-649
110000100,3122,248,2874
110000101,195,182,13
110000102,178,27,151
110000104,740,491,249
110000105,40,332,-292
110000106,987,722,265
110000107,152,444,-292
110000108,218,293,-75
110000109,357,452,-95
110000110,2545,5097,-2552
110000111,5269,4650,619
110000112,188,1615,-1427
110000113,70,4794,-4724
110000114,778,1075,-297
110000115,948,417,531
110000116,254,83,171
110000117,1018,368,650
110000118,1455,208,1247
110000119,1003,379,624
110000120,805,275,530
110000121,148,666,-518
110000122,415,366,49
110000123,1049,532,517
110000124,3,549,-546
110000125,1683,23,1660
110000126,427,19,408
110000127,2406,188,2218
110000128,24,867,-843
110000129,2,403,-401
110000130,587,992,-405
110000131,82,288,-206
110000132,4,414,-410
110000133,65,604,-539
110000134,19,529,-510
110000135,388,116,272
110000136,93,417,-324
110000137,1603,817,786
110000138,1704,793,911
110000139,3222,604,2618
110000140,1579,1231,348
110000143,738,585,153
110000144,2404,2627,-223
110000145,2237,2238,-1
110000146,1959,1949,10
110000147,681,2672,-1991
110000148,1351,446,905
110000151,741,2736,-1995
110000152,508,1096,-588
110000153,703,30,673
110000154,129,36,93
110000155,1207,2832,-1625
110000156,1070,2031,-961
110000157,1344,3217,-1873
110000160,691,413,278
110000161,440,387,53
110000166,1815,132,1683
110000167,3021,980,2041
110000168,1534,1095,439
110000169,1516,533,983
110000170,476,124,352
110000171,1689,140,1549
110000172,788,733,55
110000173,758,963,-205
110000174,238,656,-418
110000175,2250,165,2085
110000176,121,1400,-1279
110000177,558,3004,-2446
110000178,689,5150,-4461
110000179,2482,522,1960
110000180,1002,614,388
110000181,2184,505,1679
110000182,922,168,754
110000183,11407,15320,-3913
110000184,700,6719,-6019
110000185,815,1772,-957
110000186,827,1274,-447
110000191,2906,230,2676
110000192,1331,40,1291
110000193,2554,38,2516
110000194,7,563,-556
110000195,1155,85,1070
110000196,1682,84,1598
110000197,235,37,198
110000198,140,106,34
110000199,146,950,-804
110000200,843,1287,-444
110000201,1898,3959,-2061
110000202,1856,755,1101
110000203,460,774,-314
110000204,3,254,-251
110000205,678,49,629
110000206,533,993,-460
110000207,3035,473,2562
110000208,362,596,-234
110000209,84,1149,-1065
110000210,3058,823,2235
110000211,1509,1200,309
110000212,1122,2429,-1307
110000213,726,74,652
110000214,1117,107,1010
110000215,362,244,118
110000216,260,132,128
110000217,1336,211,1125
110000218,418,110,308
110000219,947,94,853
110000220,78,101,-23
110000221,1504,47,1457
110000222,113,174,-61
110000223,17,221,-204
110000224,3,5,-2
110000225,327,1245,-918
110000226,652,117,535
110000227,1458,2353,-895
110000228,708,215,493
110000229,1,142,-141
110000230,1028,1217,-189
110000231,525,730,-205
110000232,272,776,-504
110000233,283,2471,-2188
110000234,821,4730,-3909
110000235,3217,1923,1294
110000236,1465,541,924
110000237,4780,2979,1801
110000238,1621,2034,-413
110000239,3379,1644,1735
110000240,1,25,-24
110000242,1,7,-6
110000243,536,87,449
110000244,332,626,-294
110000245,26,504,-478
110000246,1702,740,962
110000247,1499,3743,-2244
110000248,1626,1148,478
110000249,315,4,311
110000250,13,154,-141
110000251,832,294,538
110000252,1080,492,588
110000253,3225,556,2669
110000254,1189,759,430
110000255,196,676,-480
110000256,728,311,417
110000257,688,318,370
110000258,14,980,-966
110000259,621,46,575
110000260,129,165,-36
110000263,1021,27,994
110000264,1298,565,733
110000265,2292,3041,-749
110000266,1442,3089,-1647
110000267,65,151,-86
110000268,479,340,139
110000269,2,229,-227
110000270,289,29,260
110000271,3107,352,2755
110000272,1956,2049,-93
110000273,1820,1486,334
110000274,485,6411,-5926
110000275,2483,1143,1340
110000276,364,1794,-1430
110000277,597,635,-38
110000278,809,868,-59
110000279,1115,763,352
110000280,1464,942,522
110000281,153,272,-119
110000282,261,38,223
110000283,26,126,-100
110000284,5,13,-8
110000285,1,589,-588
110000286,2,0,2
110000287,354,2,352
110000288,21,104,-83
110000289,831,5300,-4469
110000290,607,1171,-564
110000291,4668,1232,3436
110000292,1397,13620,-12223
110000293,1082,657,425
110000294,2635,2677,-42
110000295,320,922,-602
110000296,1483,884,599
110000297,4298,421,3877
110000298,156,467,-311
110000299,242,82,160
110000301,999,48,951
110000302,724,2359,-1635
110000303,1096,19,1077
110000304,270,210,60
110000305,2896,48,2848
110000306,646,913,-267
110000307,4930,10,4920
110000308,1214,12,1202
110000309,5,918,-913
110000310,1633,40,1593
110000311,22,605,-583
110000312,816,110,706
110000313,2830,2136,694
110000314,0,137,-137
110000315,2238,2158,80
110000316,630,1258,-628
110000317,223,4542,-4319
110000318,1,30,-29
110000319,14,11,3
110000320,35,68,-33
110000321,20,44,-24
110000322,579,364,215
110000323,1139,428,711
110000324,3063,1708,1355
110000325,2618,8779,-6161
110000327,636,383,253
110000328,173,605,-432
110000333,2235,2408,-173
110000334,584,1878,-1294
110000335,1270,800,470
110000336,788,1729,-941
110000337,3450,1161,2289
110000338,830,409,421
110000339,957,370,587
110000340,36,500,-464
110000341,1276,584,692
110000342,161,2,159
110000343,1,24,-23
110000344,101,3511,-3410
110000345,432,4049,-3617
110000346,2339,3386,-1047
110000347,2979,1217,1762
110000348,46,19,27
110000349,22,39,-17
110000350,237,4,233
110000351,3057,1010,2047
110000352,1130,3299,-2169
110000353,5005,514,4491
110000354,2073,8586,-6513
110000355,364,85,279
110000356,2412,35,2377
110000357,1491,23,1468
110000361,182,47,135
110000362,311,47,264
110000363,2006,143,1863
110000364,1065,1017,48
110000365,255,5,250
110000366,4,192,-188
110000367,1125,574,551
110000368,4,118,-114
110000369,236,14,222
110000373,2,1018,-1016
110000374,140,51,89
110000375,125,1541,-1416
110000376,51,119,-68
110000377,93,576,-483
110000378,20,800,-780
110000379,3162,4789,-1627
110000380,247,7,240
110000383,1,1329,-1328
110000384,1287,581,706
110000385,2,289,-287
110000387,342,5,337
110000388,170,204,-34
110000389,2131,22,2109
110000391,2678,354,2324
110000396,524,236,288
110000397,339,102,237
110000398,26,87,-61
110000399,576,1,575
110000587,274,909,-635
110000589,389,265,124
110000640,295,33,262
110000652,20,1022,-1002
110000653,695,371,324
110000654,10,332,-322
110000656,1,286,-285
110000674,56,51,5
110000675,60,104,-44
110000676,2,72,-70
110000679,101,1104,-1003
110000682,218,392,-174
110000683,302,504,-202
110000684,0,119,-119
110000685,11,18,-7
110000686,6,221,-215
110000687,17,6,11
110000688,90,2487,-2397
110000689,151,51,100
110000692,42,443,-401
110000693,21,1102,-1081
110000694,0,196,-196
110000695,165,1144,-979
110000696,98,80,18
110900001,814,49,765
110900002,596,2072,-1476
110900003,2953,250,2703
110900004,1155,42,1113
110900005,1964,9862,-7898
110900006,94,139,-45
110900007,576,186,390
110900008,4,32,-28
110900009,596,884,-288
110900010,15,41,-26
110900011,44,112,-68
110900012,14,39,-25
110900013,2339,286,2053
110900014,418,51,367
110900015,374,1080,-706
110900016,96,70,26
110900017,1058,127,931
110900018,661,46,615
110900019,939,54,885
110900020,477,252,225
110900021,176,1047,-871
110900022,80,118,-38
110900023,117,1192,-1075
110900024,125,283,-158
110900025,47,98,-51
110900027,98,125,-27
110900028,106,79,27
110900029,24,133,-109
110900030,50,94,-44
110900031,1,163,-162
110900032,0,47,-47
110900033,31,264,-233
110900035,31,941,-910
110900036,304,8,296
110900037,409,13,396
110900038,774,251,523
110900039,7,403,-396
110900040,544,8,536
110900041,60,52,8
110900042,229,133,96
110900043,2,47,-45
110900044,682,67,615
110900045,186,380,-194
110900046,19,110,-91
110900047,424,1149,-725
110900049,297,154,143
110900050,104,1,103
110900051,41,94,-53
110900052,6,157,-151
110900053,382,25,357
110900054,110,221,-111
110900055,21,2,19
110900056,36,136,-100
110900057,4,133,-129
110900058,1013,340,673
110900059,1237,197,1040
110900060,546,173,373
110900061,2,49,-47
110900062,502,98,404
110900063,187,133,54
110900064,16,0,16
110900065,86,155,-69
110900066,16,59,-43
110900067,429,1347,-918
110900068,418,275,143
110900069,18,26,-8
110900070,590,112,478
110900071,201,2007,-1806
110900073,0,9,-9
110900074,1074,132,942
110900075,1048,146,902
110900077,2835,591,2244
110900078,430,12,418
110900079,777,1920,-1143
110900080,340,98,242
110900081,37,9,28
110900082,484,119,365
110900083,242,83,159
110900084,208,50,158
110900085,381,195,186
110900086,188,614,-426
110900087,915,331,584
110900088,13,0,13
110900090,132,213,-81
110900091,1,41,-40
110900093,354,180,174
110900095,194,43,151
110900097,87,25,62
110900098,82,105,-23
110900099,71,399,-328
110900100,0,16,-16
110900102,126,50,76
110900105,4191,192,3999
110900108,94,48,46
110900111,2465,175,2290
110900112,1246,27,1219
110900113,379,202,177
110900115,14,104,-90
110900116,2694,748,1946
110900118,149,7262,-7113
110900119,1786,200,1586
110900120,404,35,369
110900121,239,1,238
110900122,1206,311,895
110900125,668,1405,-737
110900127,258,2235,-1977
110900128,69,410,-341
110900129,345,1549,-1204
110900130,338,450,-112
110900131,793,308,485
110900132,1104,126,978
110900133,160,340,-180
110900135,104,241,-137
110900136,571,21,550
110900137,11,0,11
110900138,431,1990,-1559
110900139,9,962,-953
110900140,5,5,0
110900141,12,777,-765
110900142,136,232,-96
110900143,589,63,526
110900144,1,255,-254
110900145,451,323,128
110900146,112,1077,-965
110900147,84,971,-887
110900148,0,359,-359
110900149,8,198,-190
110900150,29,16,13
110900151,26,58,-32
110900152,87,58,29
110900153,381,64,317
111000001,993,1290,-297
111000002,384,701,-317
111000003,3789,2103,1686
111000004,1738,1687,51
111000005,2724,3063,-339
111000006,1503,3999,-2496
111000007,8365,8991,-626
111000008,5574,6786,-1212
111000009,738,1980,-1242
111000010,3112,446,2666
111000011,97,809,-712
111000012,231,333,-102
111000013,721,1421,-700
111000014,2903,1038,1865
111000017,51,1002,-951
111000018,254,462,-208
111000020,840,1193,-353
111000021,37,123,-86
111000023,281,151,130
111000025,4382,6088,-1706
111000029,217,201,16
111000030,22,101,-79
111000031,2531,968,1563
111000032,1010,465,545
111000033,493,165,328
111000034,24,215,-191
111000037,1796,503,1293
111000038,2554,2856,-302
111000039,2496,2705,-209
111000040,2447,1534,913
111000041,723,624,99
111000042,3501,3281,220
111000043,3521,10186,-6665
111000044,3781,1050,2731
111000045,6231,3167,3064
111000046,4675,2559,2116
111000047,4583,11158,-6575
111000049,817,585,232
111000050,1919,688,1231
111000051,1191,1012,179
111000052,811,1812,-1001
111000053,317,796,-479
111000054,479,932,-453
111000055,1506,1924,-418
111000056,328,1078,-750
111000057,296,259,37
111000058,1511,141,1370
111000059,1436,682,754
111000060,10503,1406,9097
111000061,1762,591,1171
111000062,2282,1069,1213
111000063,1978,1862,116
111000064,1908,767,1141
111000065,2773,1349,1424
111000066,1543,693,850
111000067,2641,636,2005
111000068,1547,882,665
111000069,1771,2107,-336
111000070,820,525,295
111000071,665,285,380
111000072,2510,1128,1382
111000073,334,2508,-2174
111000074,3305,2555,750
111000075,1082,1240,-158
111000076,1479,2034,-555
111000077,1508,1094,414
111000078,2227,807,1420
111000079,1556,1140,416
111000080,1734,828,906
111000081,2554,9618,-7064
111000082,1589,1050,539
111000084,1942,972,970
111000085,1815,1657,158
111000086,4075,1273,2802
111000087,1421,666,755
111000088,10821,7636,3185
111000089,1402,718,684
111000090,745,1167,-422
111000091,1259,410,849
111000092,3853,919,2934
111000093,1966,1686,280
111000094,3753,1959,1794
111000095,1966,5168,-3202
111000096,1166,14720,-13554
111000097,4103,1232,2871
111000098,671,1250,-579
111000099,773,2513,-1740
111000100,1003,2357,-1354
111000101,582,993,-411
111000102,427,865,-438
111000104,1902,888,1014
111000107,157,1120,-963
111000109,1682,371,1311
111000110,3227,1027,2200
111000111,7892,698,7194
111000112,4621,504,4117
111000113,947,3832,-2885
111000114,1767,9820,-8053
111000115,4062,1719,2343
111000116,1500,1292,208
111000117,354,1211,-857
111000118,1317,1470,-153
111000119,3263,1000,2263
111000120,1210,1034,176
111000121,565,1296,-731
111000122,602,892,-290
111000123,2251,2095,156
111000124,692,2813,-2121
111000125,459,2012,-1553
111000126,122,1014,-892
111000127,2456,343,2113
111000128,6273,709,5564
111000129,6526,987,5539
111000130,6073,860,5213
111000131,6933,777,6156
111000132,3445,3104,341
111000133,419,187,232
111000134,786,92,694
111000135,74,202,-128
111000136,898,445,453
111000138,87,7,80
111000140,8,1,7
111000141,364,835,-471
111000142,9,110,-101
111000143,9,368,-359
111000144,22,959,-937
111000145,130,27,103
111000146,158,34,124
111000147,104,32,72
111000148,624,144,480
111000149,16,23,-7
111000150,85,5,80
111000151,32,72,-40
111000153,758,438,320
111000154,486,248,238
111000155,238,174,64
111000156,1355,500,855
111000157,403,743,-340
111000158,1590,1058,532
111000159,5055,1672,3383
111000160,786,302,484
111000161,6,660,-654
111000162,5,83,-78
111000163,1973,1201,772
111000164,641,4918,-4277
111000165,867,263,604
111000166,518,179,339
111000167,206,339,-133
111000168,353,444,-91
111000169,721,292,429
111000170,398,334,64
111000171,645,633,12
111000172,371,539,-168
111000173,338,1014,-676
111000174,553,256,297
111000175,57,1099,-1042
111000176,1213,85,1128
111000177,1777,270,1507
111000178,3187,208,2979
111000179,694,130,564
111000180,387,464,-77
111000181,4135,244,3891
111000182,571,184,387
111000183,313,574,-261
111000184,526,225,301
111000185,827,756,71
111000186,523,663,-140
111000187,329,174,155
111000188,1041,548,493
111000189,492,366,126
111000190,661,157,504
111000191,370,198,172
111000192,194,199,-5
111000193,497,235,262
111000194,87,545,-458
111000195,165,2141,-1976
111000196,89,119,-30
111000197,1431,243,1188
111000198,1355,154,1201
111000199,702,385,317
111000200,1429,662,767
111000201,1895,117,1778
111000202,1064,118,946
111000203,967,408,559
111000204,621,3016,-2395
111000213,499,560,-61
111000214,2328,1284,1044
111000215,1491,1150,341
111000217,3090,895,2195
111000218,3129,1255,1874
111000219,466,270,196
111000220,1445,921,524
111000221,483,309,174
111000224,1,168,-167
111000225,1075,177,898
111000226,221,2,219
111000227,28,6,22
111000228,5,1314,-1309
111000229,48,2641,-2593
111000230,488,193,295
111000231,3085,600,2485
111000232,2057,1420,637
111000233,3551,814,2737
111000234,476,1710,-1234
111000239,192,79,113
111000240,171,971,-800
111000241,132,154,-22
111000242,815,147,668
111000243,442,555,-113
111000244,1900,738,1162
111000245,1468,758,710
111000246,1281,212,1069
111000247,1211,527,684
111000248,1244,350,894
111000249,1151,327,824
111000250,120,41,79
111000251,275,71,204
111000253,101,38,63
111000255,100,13,87
111000257,151,21,130
111000260,78,780,-702
111000261,3159,200,2959
111000271,44,607,-563
111000273,5673,1860,3813
111000274,2509,5523,-3014
111000275,469,55,414
111000276,536,1094,-558
111000277,518,394,124
111000278,785,278,507
111000291,3525,27514,-23989
111000298,888,349,539
111000299,1663,335,1328
111000300,73,665,-592
111000302,762,98,664
111000303,272,178,94
111000312,108,101,7
111000315,0,51,-51
111000320,239,386,-147
111000321,906,329,577
111000322,1077,186,891
111000323,627,104,523
111000324,530,225,305
111000325,39,64,-25
111000326,384,220,164
111000327,649,438,211
111000328,703,2062,-1359
111000329,1,61,-60
111000330,233,26,207
111000331,8,12,-4
111000332,783,1336,-553
111000334,312,1208,-896
111000335,2683,443,2240
111000337,3995,380,3615
111000338,189,198,-9
111000339,1903,329,1574
111000340,375,1313,-938
111000341,3472,2197,1275
111000342,118,842,-724
111000344,2369,656,1713
111000345,389,112,277
111000346,29,147,-118
111000347,365,9,356
111000350,230,141,89
111000351,234,538,-304
111000352,466,175,291
111000353,243,228,15
111000354,1152,490,662
111000355,862,900,-38
111000358,281,828,-547
111000360,377,219,158
111000361,484,102,382
111000546,2157,1888,269
111000547,784,1906,-1122
111000548,584,352,232
111000549,407,411,-4
111000550,41,1814,-1773
111000551,517,176,341
111000552,756,215,541
111000907,404,30,374
111000908,324,6,318
111000916,4963,469,4494
111000917,187,363,-176
111000918,448,519,-71
111000920,1402,31,1371
111000921,30,64,-34
111000922,2103,236,1867
111000924,66,517,-451
111000925,7927,3214,4713
111000926,1467,1158,309
111000927,3256,8007,-4751
111000928,4192,1661,2531
111000929,3428,1732,1696
111000930,1876,1668,208
111000931,4140,2568,1572
111000932,3220,1599,1621
111000933,4998,6168,-1170
111000934,1831,2007,-176
111000935,5467,2046,3421
111000936,2174,1367,807
111000937,2105,2775,-670
111000938,1907,1088,819
111000939,1811,68,1743
111000940,2256,58,2198
111000941,618,1821,-1203
111000943,1089,254,835
111000944,254,233,21
111000945,240,1790,-1550
111001109,772,1902,-1130
111001110,260,525,-265
111001111,299,34,265
111001112,64,3,61
111001113,1,1185,-1184
111001114,1177,162,1015
111001115,31,2402,-2371
111001116,4825,12033,-7208
111001117,593,4715,-4122
111001120,223,418,-195
111001121,935,95,840
111001122,191,108,83
111001123,52,26,26
111900001,59,43,16
111900002,299,169,130
111900003,2,111,-109
111900004,2,32,-30
111900006,33,208,-175
111900007,892,27,865
111900008,1107,4,1103
111900009,1102,33,1069
111900010,62,467,-405
111900012,49,88,-39
111900013,8,31,-23
111900014,2496,14371,-11875
111900015,0,176,-176
111900016,0,73,-73
111900017,0,54,-54
111900018,341,16,325
111900019,1,214,-213
111900020,2,30,-28
111900021,38,66,-28
111900022,13,44,-31
111900023,148,62,86
111900024,2,223,-221
111900025,1,209,-208
111900026,0,23,-23
111900027,13,305,-292
111900028,0,56,-56
111900029,23,38,-15
111900030,95,474,-379
111900031,42,78,-36
111900032,0,54,-54
111900033,119,94,25
111900034,48,309,-261
111900035,123,558,-435
111900036,1,71,-70
111900038,167,290,-123
111900039,56,339,-283
111900040,0,110,-110
111900042,29,167,-138
111900043,0,68,-68
111900044,139,199,-60
111900046,11,181,-170
111900048,1136,238,898
111900049,15,207,-192
111900050,436,50,386
111900051,0,56,-56
111900052,123,240,-117
111900053,565,5445,-4880
111900054,579,20,559
111900055,6,132,-126
111900056,170,709,-539
111900057,487,27,460
111900058,1934,322,1612
111900059,1520,1656,-136
111900060,869,10,859
111900061,2,80,-78
111900062,178,168,10
111900063,703,167,536
111900064,33,98,-65
111900065,511,70,441
111900066,366,230,136
111900067,3,254,-251
111900068,120,255,-135
111900069,246,51,195
111900070,484,134,350
111900071,0,131,-131
111900072,99,218,-119
111900073,2994,918,2076
111900074,3,239,-236
111900075,144,58,86
111900076,980,302,678
111900077,101,6,95
111900078,1142,148,994
111900079,96,106,-10
111900080,126,130,-4
111900081,470,373,97
111900082,429,120,309
111900083,685,99,586
111900084,362,5,357
111900085,134,166,-32
111900086,192,47,145
111900087,170,4,166
111900088,2048,107,1941
111900089,222,8,214
111900090,147,324,-177
111900091,1907,58,1849
111900092,349,1,348
111900093,1665,73,1592
111900094,468,1,467
111900095,1187,109,1078
111900096,824,8,816
111900097,304,0,304
111900098,1356,35,1321
111900099,214,0,214
111900100,295,17,278
111900101,235,16,219
111900102,2142,791,1351
111900103,93,231,-138
111900104,245,103,142
111900105,273,886,-613
111900106,411,13,398
111900107,33,256,-223
111900108,132,575,-443
111900109,257,1294,-1037
111900110,2372,554,1818
111900111,698,19,679
111900112,480,11227,-10747
111900113,483,87,396
111900114,205,114,91
111900115,32,12,20
111900118,606,113,493
111900119,398,171,227
111900122,58,81,-23
111900123,4,54,-50
111900124,27,14,13
111900125,1477,252,1225
111900126,1226,7,1219
111900127,4,291,-287
111900128,86,299,-213
111900129,685,4,681
111900130,415,181,234
111900131,1528,8,1520
111900132,53,407,-354
111900133,14,297,-283
111900134,7,186,-179
111900135,14,82,-68
111900136,110,122,-12
111900137,36,17,19
111900138,51,56,-5
111900139,72,43,29
111900140,293,68,225
111900141,243,23,220
111900142,174,40,134
111900143,201,114,87
111900144,0,44,-44
111900145,6,115,-109
111900146,0,55,-55
111900147,39,505,-466
111900148,23,484,-461
111900149,12,214,-202
111900150,76,96,-20
111900151,16,93,-77
111900152,114,147,-33
111900153,685,1129,-444
111900154,59,1539,-1480
111900155,135,311,-176
111900156,144,104,40
111900157,405,49,356
111900158,1592,106,1486
111900159,1083,167,916
111900160,955,4,951
111900161,921,1,920
111900162,342,656,-314
111900163,51,127,-76
111900164,97,100,-3
111901113,1539,52,1487
111901114,886,448,438
111901115,873,7,866
111901116,285,14,271
111901117,59,224,-165
111901118,17,1665,-1648
111901119,360,86,274
111901120,35,129,-94
111901121,23,84,-61
111901122,18,96,-78
111901123,1079,114,965
111901124,903,35,868
111901125,2249,264,1985
111901126,455,320,135
111901127,803,3475,-2672
111901128,6,100,-94
111901129,4,335,-331
111901130,23,237,-214
111901131,0,208,-208
111901132,161,86,75
111901133,274,6,268
111901134,461,15,446
111901135,61,41,20
111901136,102,36,66
111901137,1,61,-60
111901138,31,36,-5
111901139,10,22,-12
111901140,6,54,-48
111901141,20,102,-82
111901142,5,36,-31
111901143,2,202,-200
111901144,55,88,-33
112000001,4648,1334,3314
112000002,1763,3012,-1249
112000003,6833,1854,4979
112000004,1941,611,1330
112000005,7062,7786,-724
112000006,1138,738,400
112000007,9525,5929,3596
112000008,7627,7414,213
112000009,4736,1751,2985
112000010,9182,9615,-433
112000011,2394,1499,895
112000012,7086,9494,-2408
112000013,2129,5453,-3324
112000014,1363,6694,-5331
112000015,1373,5395,-4022
112000016,4360,8447,-4087
112000017,755,9021,-8266
112000024,1446,342,1104
112000026,2680,1802,878
112000027,1323,1228,95
112000028,1098,1281,-183
112000029,1139,1289,-150
112000030,371,42,329
112000031,2540,6704,-4164
112000032,144,26,118
112000033,2353,7008,-4655
112000034,108,29,79
112000035,52,2056,-2004
112000036,287,2747,-2460
112000037,1068,1270,-202
112000038,1438,2213,-775
112000039,141,69,72
112000040,61,155,-94
112000041,380,541,-161
112000042,1581,273,1308
112000050,2211,1880,331
112000051,2439,6775,-4336
112000054,2345,2227,118
112000057,1246,338,908
112000058,397,427,-30
112000059,1067,831,236
112000061,5677,969,4708
112000062,845,2757,-1912
112000063,455,5152,-4697
112000064,5152,4141,1011
112000065,1510,2329,-819
112000066,4809,2218,2591
112000067,702,1147,-445
112000068,4900,4128,772
112000069,817,5048,-4231
112000070,2405,2412,-7
112000071,1871,2825,-954
112000072,5049,1677,3372
112000073,1848,4443,-2595
112000074,1374,2954,-1580
112000075,1688,2494,-806
112000076,4518,3602,916
112000077,2045,718,1327
112000078,4205,1000,3205
112000079,4330,2534,1796
112000080,1500,1110,390
112000081,1621,2047,-426
112000082,2232,869,1363
112000083,1428,1367,61
112000084,1944,694,1250
112000085,2919,1152,1767
112000086,3919,1312,2607
112000087,1474,345,1129
112000088,1745,268,1477
112000089,837,577,260
112000090,593,475,118
112000091,841,459,382
112000092,4641,1187,3454
112000093,2618,416,2202
112000094,1282,921,361
112000095,1492,492,1000
112000096,1408,717,691
112000097,4624,949,3675
112000098,485,616,-131
112000099,1326,3408,-2082
112000100,4292,1018,3274
112000101,866,513,353
112000102,3234,595,2639
112000103,952,438,514
112000105,668,519,149
112000106,4531,554,3977
112000107,98,220,-122
112000108,1300,1758,-458
112000109,122,106,16
112000110,3667,920,2747
112000111,951,8728,-7777
112000112,3996,1416,2580
112000113,1535,2499,-964
112000114,4482,1483,2999
112000115,613,654,-41
112000116,1139,1607,-468
112000117,2116,975,1141
112000118,870,1020,-150
112000119,717,612,105
112000120,79,292,-213
112000121,640,256,384
112000122,1171,186,985
112000123,1745,171,1574
112000124,1044,279,765
112000125,505,754,-249
112000126,1266,254,1012
112000127,4593,4206,387
112000128,961,863,98
112000129,305,98,207
112000130,840,194,646
112000131,78,221,-143
112000132,370,220,150
112000133,830,131,699
112000134,1048,368,680
112000135,2887,1729,1158
112000136,1521,4182,-2661
112000137,3233,9098,-5865
112000138,2213,2966,-753
112000139,694,2035,-1341
112000140,362,1033,-671
112000141,2212,769,1443
112000142,183,443,-260
112000143,2913,364,2549
112000144,587,660,-73
112000145,5658,513,5145
112000146,1455,1077,378
112000147,3691,1943,1748
112000148,1520,2087,-567
112000149,1225,1421,-196
112000150,997,1173,-176
112000151,875,211,664
112000152,2257,325,1932
112000153,400,206,194
112000154,324,962,-638
112000155,281,259,22
112000157,656,2027,-1371
112000158,615,310,305
112000159,2993,592,2401
112000167,735,430,305
112000169,329,2526,-2197
112000173,2763,266,2497
112000175,914,522,392
112000176,1411,1562,-151
112000177,1917,627,1290
112000178,172,281,-109
112000179,760,88,672
112000180,799,330,469
112000181,1835,1047,788
112000182,4166,658,3508
112000183,32,13,19
112000184,846,475,371
112000185,2961,206,2755
112000187,9981,6499,3482
112000195,456,19,437
112000196,335,2,333
112000197,168,197,-29
112000198,17,421,-404
112000199,352,635,-283
112000202,1565,1,1564
112000216,73,239,-166
112000230,333,8,325
112000231,6,116,-110
112000256,135,884,-749
112000313,78,89,-11
112000314,197,198,-1
112000337,465,2064,-1599
112000352,264,1288,-1024
112000392,4177,843,3334
112000398,4047,1236,2811
112000399,2013,15091,-13078
112000400,2564,1294,1270
112000401,1646,1195,451
112000402,6575,8098,-1523
112000403,3252,13602,-10350
112000404,3489,2309,1180
112000405,6405,5228,1177
112000406,3430,1295,2135
112000407,17875,12458,5417
112000408,7517,2652,4865
112000409,1923,1782,141
112000410,370,472,-102
112000411,3985,2655,1330
112000412,694,473,221
112000413,5982,10743,-4761
112000414,408,37,371
112000415,241,65,176
112000416,7731,1576,6155
112000417,622,161,461
112000421,129,72,57
112000422,497,300,197
112000424,1872,6476,-4604
112000425,666,396,270
112000426,651,623,28
112000427,0,13,-13
112000428,925,134,791
112000429,3901,3636,265
112000430,4543,7773,-3230
112000431,252,552,-300
112000432,831,663,168
112000433,544,631,-87
112000437,83,116,-33
112900001,137,0,137
112900002,2124,196,1928
112900003,108,92,16
112900004,206,118,88
112900005,713,146,567
112900006,51,67,-16
112900007,56,32,24
112900008,0,226,-226
112900009,667,409,258
112900010,1427,272,1155
112900011,51,462,-411
112900012,2,8,-6
112900013,8,1332,-1324
112900014,31,172,-141
112900015,289,379,-90
112900016,8,757,-749
112900017,253,264,-11
112900018,2,66,-64
112900019,66,284,-218
112900020,735,705,30
112900021,0,114,-114
112900022,142,74,68
112900023,2,31,-29
112900024,24,71,-47
112900025,672,179,493
112900026,3,32,-29
112900027,6,330,-324
112900028,428,62,366
112900029,15,51,-36
112900030,29,42,-13
112900031,22,1722,-1700
112900032,492,342,150
112900034,2,36,-34
112900035,2,280,-278
112900036,37,299,-262
112900037,498,404,94
112900038,1581,305,1276
112900039,15,257,-242
112900040,7,2766,-2759
112900041,1272,1594,-322
112900042,288,229,59
112900043,31,129,-98
112900044,205,299,-94
112900045,997,214,783
112900046,165,71,94
112900047,19,65,-46
112900049,855,68,787
112900050,45,757,-712
112900051,275,299,-24
112900052,8,493,-485
112900053,155,460,-305
112900054,468,116,352
112900055,130,86,44
112900056,594,300,294
112900057,49,248,-199
112900058,427,846,-419
112900059,331,1791,-1460
112900060,61,49,12
112900061,274,432,-158
112900062,108,95,13
112900063,26,24,2
112900064,161,103,58
112900065,20,67,-47
112900066,457,776,-319
112900067,575,61,514
112900068,46,180,-134
112900069,4923,2201,2722
112900071,75,22,53
112900072,583,10903,-10320
112900073,371,444,-73
112900074,221,732,-511
112900075,2088,3216,-1128
112900076,84,46,38
112900078,356,1191,-835
112900079,678,110,568
112900080,455,7,448
112900081,74,720,-646
112900082,994,45,949
112900083,597,375,222
112900084,609,540,69
112900085,0,35,-35
112900086,369,1,368
112900087,3305,300,3005
112900088,674,29,645
112900089,1792,189,1603
112900090,188,152,36
112900091,627,27,600
112900092,115,2636,-2521
112900093,2167,76,2091
112900094,280,7,273
112900095,238,2,236
112900096,1666,769,897
112900097,191,355,-164
112900098,405,7,398
112900099,2499,133,2366
112900100,286,6,280
112900101,1111,27,1084
112900102,134,115,19
112900103,446,23,423
112900104,125,0,125
112900105,53,0,53
112900106,1041,257,784
112900107,10,4,6
112900108,10,1,9
112900109,441,3,438
112900110,3305,51,3254
112900111,1670,19,1651
112900112,603,3,600
112900113,0,11,-11
112900114,910,27,883
112900115,4769,29,4740
112900116,345,17,328
112900117,59,19,40
112900118,2,60,-58
112900119,799,23,776
112900120,578,367,211
112900121,49,90,-41
112900122,16,80,-64
112900123,1110,125,985
112900124,6,40,-34
112900125,30,396,-366
112900126,200,82,118
112900127,867,99,768
112900128,98,595,-497
112900129,2,679,-677
112900130,582,642,-60
112900131,10,793,-783
112900132,594,892,-298
112900133,25,1790,-1765
112900134,4,756,-752
112900135,223,370,-147
112900136,0,66,-66
112900137,4,415,-411
112900138,20,97,-77
112900139,52,601,-549
112900140,1,117,-116
112900141,1540,45,1495
112900142,80,804,-724
112900143,6,304,-298
112900144,4,269,-265
112900145,3,285,-282
112900146,12,838,-826
112900147,3,485,-482
112900148,51,1,50
112900149,302,238,64
112900151,2,35,-33
112900152,4726,418,4308
112900153,391,11493,-11102
112900154,0,30,-30
112900155,325,44,281
112900156,2021,553,1468
112900157,967,57,910
112900158,213,2,211
112900159,246,654,-408
112900160,62,243,-181
112900161,359,160,199
112900162,29,51,-22
112900163,36,60,-24
112900164,116,289,-173
112900165,51,90,-39
112900166,73,312,-239
112900167,5,1123,-1118
112900168,0,3,-3
112900169,9,39,-30
112900170,184,98,86
112900172,108,24,84
112900173,164,213,-49
112900174,1163,108,1055
112900175,210,505,-295
112900176,17,75,-58
112900177,361,133,228
112900178,926,6067,-5141
112900179,55,469,-414
112900180,3922,1664,2258
112900181,2614,22,2592
112900182,129,357,-228
112900183,147,346,-199
112900184,804,535,269
112900185,147,948,-801
112900186,1217,1310,-93
112900187,122,623,-501
112900188,965,6844,-5879
112900189,27,37,-10
112900190,18,269,-251
112900192,861,862,-1
112900193,1174,494,680
112900194,179,25,154
112900195,1163,65,1098
112900196,840,421,419
112900197,181,666,-485
112900199,1908,201,1707
112900200,1227,71,1156
112900201,220,267,-47
112900202,1202,453,749
112900203,820,56,764
112900204,899,550,349
112900205,10,0,10
112900206,42,27,15
112900207,102,0,102
112900208,53,1503,-1450
112900209,117,289,-172
112900210,4,2,2
112900211,156,3,153
112900212,0,28,-28
112900213,59,3,56
112900214,9,11,-2
112900215,15,69,-54
112900216,64,37,27
112900217,7,19,-12
112900218,257,28,229
112900219,298,11,287
112900220,0,0,0
112900221,81,86,-5
112900222,0,111,-111
112900223,1742,33,1709
112900224,1438,220,1218
112900225,1276,186,1090
112900226,487,465,22
112900227,2143,266,1877
112900228,259,44,215
112900229,1109,23,1086
112900230,15383,3647,11736
112900232,709,529,180
112900233,189,122,67
112900234,57,11,46
112900235,5,12,-7
112900236,1481,28,1453
112900237,933,116,817
112900238,19,6,13
113000001,9807,6954,2853
113000002,10434,5164,5270
113000003,4780,3088,1692
113000004,5294,2643,2651
113000005,4586,2900,1686
113000006,2776,2343,433
113000007,5441,2695,2746
113000008,4204,2720,1484
113000009,3086,1484,1602
113000010,3193,1688,1505
113000011,2877,1707,1170
113000012,2846,1118,1728
113000013,981,676,305
113000014,1777,2485,-708
113000015,170,332,-162
113000016,388,822,-434
113000017,138,801,-663
113000018,748,57,691
113000019,446,475,-29
113000020,296,125,171
113000021,2855,1488,1367
113000022,1514,6804,-5290
113000025,205,489,-284
113000026,1229,1556,-327
113000027,1180,2661,-1481
113000028,758,5324,-4566
113000029,1679,1374,305
113000030,292,879,-587
113000031,407,340,67
113000032,390,451,-61
113000033,381,570,-189
113000034,419,190,229
113000035,42,61,-19
113000036,43,174,-131
113000037,51,73,-22
113000038,40,71,-31
113000039,57,412,-355
113000040,68,162,-94
113000042,1486,1108,378
113000051,4486,4934,-448
113000052,5080,776,4304
113000053,1507,706,801
113000054,1703,1673,30
113000055,4289,644,3645
113000056,4103,1693,2410
113000058,918,1583,-665
113000059,1474,377,1097
113000060,1191,1083,108
113000061,992,1463,-471
113000062,728,736,-8
113000063,956,100,856
113000064,272,253,19
113000065,383,575,-192
113000066,2252,268,1984
113000067,5717,1058,4659
113000068,1032,543,489
113000069,1122,727,395
113000070,4815,1053,3762
113000071,1484,574,910
113000072,2104,1019,1085
113000073,914,2044,-1130
113000074,1737,648,1089
113000075,3201,991,2210
113000076,651,5149,-4498
113000077,1077,1419,-342
113000078,630,2347,-1717
113000079,534,1660,-1126
113000080,790,2056,-1266
113000081,1621,1995,-374
113000082,1406,1942,-536
113000083,949,1483,-534
113000084,3308,1940,1368
113000085,1652,1022,630
113000086,1457,3832,-2375
113000087,1789,2514,-725
113000088,4747,3026,1721
113000089,1191,2940,-1749
113000090,254,1346,-1092
113000091,276,770,-494
113000094,2718,607,2111
113000095,421,1412,-991
113000096,146,1845,-1699
113000097,2549,942,1607
113000098,186,115,71
113000099,2184,771,1413
113000100,241,969,-728
113000101,317,1435,-1118
113000102,1115,1000,115
113000103,7642,746,6896
113000104,1295,5592,-4297
113000105,2421,1016,1405
113000106,1102,488,614
113000107,2213,1889,324
113000108,1878,1335,543
113000109,659,1736,-1077
113000110,13217,1347,11870
113000111,382,608,-226
113000112,1361,488,873
113000113,5046,555,4491
113000114,270,1370,-1100
113000116,1151,469,682
113000117,2219,354,1865
113000118,50,1512,-1462
113000119,662,819,-157
113000120,173,765,-592
113000121,644,2583,-1939
113000124,640,305,335
113000125,69,2842,-2773
113000127,2195,282,1913
113000128,3585,386,3199
113000129,672,1302,-630
113000133,5429,754,4675
113000134,21,2734,-2713
113000135,8040,7064,976
113000137,1437,3915,-2478
113000139,432,283,149
113000140,106,113,-7
113000141,132,180,-48
113000142,359,700,-341
113000143,514,196,318
113000144,288,405,-117
113000145,199,242,-43
113000146,175,83,92
113000147,393,113,280
113000148,684,195,489
113000149,396,345,51
113000150,780,537,243
113000151,85,68,17
113000152,85,467,-382
113000153,2133,349,1784
113000154,738,3700,-2962
113000155,858,1245,-387
113000156,306,570,-264
113000157,544,509,35
113000158,927,254,673
113000159,1963,361,1602
113000160,914,451,463
113000161,555,295,260
113000162,1687,204,1483
113000163,379,42,337
113000164,41,62,-21
113000166,539,123,416
113000167,165,70,95
113000168,294,95,199
113000169,486,45,441
113000170,158,92,66
113000171,59,155,-96
113000172,669,108,561
113000173,113,72,41
113000174,468,195,273
113000175,1273,71,1202
113000176,1296,61,1235
113000177,446,140,306
113000178,344,307,37
113000179,644,67,577
113000180,1449,3030,-1581
113000181,2061,1180,881
113000182,174,1220,-1046
113000183,589,1027,-438
113000184,25,131,-106
113000189,396,1261,-865
113000190,277,247,30
113000192,518,8504,-7986
113000193,2336,4986,-2650
113000194,1410,7658,-6248
113000195,2095,7986,-5891
113000196,496,174,322
113000197,2473,7053,-4580
113000198,250,594,-344
113000199,3858,895,2963
113000201,1085,1062,23
113000202,26336,4002,22334
113000203,150,992,-842
113000204,535,10272,-9737
113000205,64,20,44
113000206,11,98,-87
113000207,128,40,88
113000208,94,216,-122
113000209,30,52,-22
113000210,5,50,-45
113000211,81,387,-306
113000212,34,81,-47
113000213,30,223,-193
113000214,443,544,-101
113000234,533,936,-403
113000410,76,264,-188
113000411,1865,3176,-1311
113000412,11381,1824,9557
113000413,1580,4061,-2481
113000414,6315,17041,-10726
113000415,3397,1899,1498
113000416,2981,2729,252
113000417,1406,1846,-440
113000418,7708,6079,1629
113000419,2867,2952,-85
113000420,4116,7725,-3609
113000421,8365,9836,-1471
113000422,15548,14248,1300
113000423,1571,6892,-5321
113000424,3854,17203,-13349
113000425,27,172,-145
113000428,44,92,-48
113000430,8,161,-153
113000432,5799,364,5435
113000433,171,1494,-1323
113000434,25,185,-160
113000435,31,129,-98
113000436,2,1190,-1188
113000437,4086,66,4020
113000438,1044,45,999
113000439,104,40,64
113000440,344,37,307
113000441,241,251,-10
113000442,358,56,302
113000443,596,173,423
113000444,769,38,731
113000445,155,105,50
113000446,124,172,-48
113000448,1369,689,680
113000449,274,1506,-1232
113000450,3566,5557,-1991
113000451,6043,870,5173
113000452,155,965,-810
113000453,56,1421,-1365
113000454,342,168,174
113000455,9,3350,-3341
113000456,2786,3239,-453
113000468,1136,165,971
113000469,79,463,-384
113000470,1124,16,1108
113000471,33,776,-743
113000472,127,407,-280
113000474,2808,1379,1429
113000475,2328,1473,855
113000476,5958,3824,2134
113000477,9832,3461,6371
113000478,4291,4322,-31
113000479,241,238,3
113000480,135,808,-673
113000481,0,0,0
113000482,0,0,0
113000483,0,0,0
113000485,0,0,0
113000486,0,0,0
113000487,0,0,0
113000488,0,0,0
113000489,0,0,0
113000490,0,0,0
113000491,0,0,0
113000492,0,0,0
113000493,0,0,0
113000495,411,37,374
113000496,208,172,36
113000497,0,0,0
113000498,0,0,0
113000499,0,1,-1
113000500,0,2,-2
113900001,66,4946,-4880
113900002,22,238,-216
113900003,3,507,-504
113900004,6,702,-696
113900005,12,1547,-1535
113900006,1,81,-80
113900007,91,153,-62
113900008,39,1,38
113900009,136,0,136
113900010,111,9,102
113900011,388,3,385
113900012,229,3,226
113900013,186,16,170
113900014,1674,12,1662
113900015,0,48,-48
113900016,63,0,63
113900017,1,43,-42
113900018,165,289,-124
113900019,558,42,516
113900020,345,20,325
113900022,152,10,142
113900023,66,1,65
113900024,105,30,75
113900025,817,86,731
113900026,160,0,160
113900027,24,101,-77
113900028,76,325,-249
113900029,233,72,161
113900030,880,20,860
113900031,116,8,108
113900032,113,0,113
113900033,156,52,104
113900035,161,0,161
113900036,152,152,0
113900037,452,398,54
113900038,15,234,-219
113900039,676,28,648
113900040,5,50,-45
113900041,30,4,26
113900042,207,59,148
113900043,351,59,292
113900044,73,408,-335
113900045,283,2,281
113900046,324,1576,-1252
113900047,333,81,252
113900048,348,313,35
113900049,133,773,-640
113900050,676,819,-143
113900051,484,158,326
113900052,251,133,118
113900053,702,1718,-1016
113900054,87,1,86
113900055,200,721,-521
113900056,236,83,153
113900057,4,27,-23
113900058,316,19,297
113900059,635,272,363
113900060,57,556,-499
113900061,1258,141,1117
113900062,231,56,175
113900063,332,73,259
113900064,35,39,-4
113900065,1294,57,1237
113900066,1867,396,1471
113900067,717,1330,-613
113900068,480,1776,-1296
113900069,78,48,30
113900070,296,293,3
113900071,304,27,277
113900072,226,54,172
113900073,1101,333,768
113900074,520,2110,-1590
113900075,1457,5103,-3646
113900076,174,62,112
113900077,93,141,-48
113900078,149,14,135
113900079,1,33,-32
113900080,1084,381,703
113900081,113,83,30
113900082,538,408,130
113900083,1127,108,1019
113900084,396,212,184
113900085,88,255,-167
113900086,292,43,249
113900087,184,193,-9
113900088,291,198,93
113900089,789,62,727
113900090,1005,464,541
113900091,3,12,-9
113900092,37,201,-164
113900093,99,3381,-3282
113900094,1848,373,1475
113900095,211,298,-87
113900096,692,164,528
113900097,101,260,-159
113900098,1231,436,795
113900099,0,37,-37
113900100,0,2,-2
113900101,6,330,-324
113900102,174,286,-112
113900103,317,813,-496
113900104,254,480,-226
113900105,520,29,491
113900106,1,25,-24
113900107,2,9,-7
113900108,88,623,-535
113900109,422,453,-31
113900110,68,38,30
113900111,474,71,403
113900112,540,55,485
113900113,2184,717,1467
113900114,2,22,-20
113900115,1,8,-7
113900116,20,441,-421
113900117,60,36,24
113900118,197,1763,-1566
113900119,122,230,-108
113900120,134,77,57
113900121,292,132,160
113900122,583,6935,-6352
113900123,1289,247,1042
113900124,4,149,-145
113900125,1805,241,1564
113900126,54,61,-7
113900127,628,1249,-621
113900128,471,137,334
113900129,3,179,-176
113900130,1,407,-406
113900131,508,67,441
113900132,36,154,-118
113900133,33,26,7
113900135,465,696,-231
113900136,114,52,62
113900137,505,369,136
113900138,14,537,-523
113900139,448,684,-236
113900140,29,331,-302
113900141,1463,331,1132
113900142,148,74,74
113900143,16,132,-116
113900144,116,481,-365
113900145,539,303,236
113900146,468,271,197
113900148,42,478,-436
113900149,231,299,-68
113900150,347,242,105
113900151,811,194,617
113900152,89,220,-131
113900153,96,471,-375
113900154,0,156,-156
113900155,75,290,-215
113900156,425,396,29
113900157,95,918,-823
113900158,134,724,-590
113900159,14,206,-192
113900160,755,728,27
113900161,270,504,-234
113900162,290,995,-705
113900163,547,180,367
113900164,1054,27,1027
113900165,880,647,233
113900166,66,85,-19
113900167,701,58,643
113900168,58,69,-11
113900169,366,478,-112
113900171,529,121,408
113900172,6,134,-128
113900173,22,260,-238
113900174,780,572,208
113900175,412,171,241
113900176,556,562,-6
113900177,371,179,192
113900178,472,385,87
113900179,24,166,-142
113900180,211,91,120
113900181,2044,336,1708
113900182,925,748,177
113900183,213,55,158
113900184,74,428,-354
113900185,125,43,82
113900186,273,39,234
113900187,48,117,-69
113900188,39,167,-128
113900189,452,347,105
113900190,260,118,142
113900191,67,142,-75
113900192,7,1730,-1723
113900193,12,222,-210
113900194,1933,543,1390
113900195,508,376,132
113900196,26,787,-761
113900197,2,127,-125
113900198,40,908,-868
113900199,68,401,-333
113900200,17,249,-232
113900201,1,90,-89
113900202,62,69,-7
113900203,0,20,-20
113900204,13,509,-496
113900205,11,47,-36
113900206,5,86,-81
113900207,2,70,-68
113900208,0,33,-33
113900209,0,14,-14
113900210,1785,1357,428
113900211,270,38,232
113900212,662,387,275
113900214,371,470,-99
113900215,101,296,-195
113900216,342,291,51
113900217,334,95,239
113900218,128,137,-9
113900219,235,1037,-802
113900220,215,370,-155
113900221,494,1084,-590
113900222,307,1470,-1163
113900223,541,253,288
113900224,80,77,3
113900225,2254,211,2043
113900226,713,315,398
113900227,437,756,-319
113900228,297,994,-697
113900229,92,2301,-2209
113900230,3062,5358,-2296
113900231,316,117,199
113900232,394,25,369
113900233,268,156,112
113900234,761,751,10
113900235,153,25,128
113900236,696,136,560
113900237,468,225,243
113900238,259,941,-682
113900239,118,179,-61
113900240,7,298,-291
113900241,58,198,-140
113900242,65,465,-400
113900243,31,201,-170
113900244,148,204,-56
113900245,575,495,80
113900246,20,26,-6
113900247,79,844,-765
113900248,3277,3624,-347
113900249,729,1066,-337
113900250,101,1582,-1481
113900251,2328,83,2245
113900252,1930,69,1861
113900253,1237,66,1171
113900254,845,309,536
113900255,2100,17,2083
113900256,927,59,868
113900257,55,361,-306
113900258,141,225,-84
113900259,1527,117,1410
113900260,526,15,511
113900261,96,105,-9
113900262,232,255,-23
113900263,17,417,-400
113900264,2,216,-214
113900265,245,705,-460
113900266,67,226,-159
113900267,98,1125,-1027
113900268,396,594,-198
113900269,263,203,60
113900270,336,738,-402
113900271,1064,425,639
113900273,30,21,9
113900274,48,61,-13
113900275,17,249,-232
113900276,2,123,-121
113900277,633,18,615
113900278,217,212,5
113900279,65,39,26
113900280,1693,667,1026
113900281,162,1476,-1314
113900282,383,479,-96
113900283,692,1134,-442
113900284,2183,145,2038
113900285,152,36,116
113900286,306,98,208
113900287,301,30,271
113900288,2,283,-281
113900289,336,215,121
113900290,631,1352,-721
113900291,132,111,21
113900292,3,32,-29
113900293,5,487,-482
113900294,1513,30,1483
113900295,777,550,227
113900296,3506,465,3041
113900297,3671,50,3621
113900298,82,2660,-2578
113900299,255,10,245
113900300,6944,7790,-846
113900301,672,1703,-1031
113900302,1677,1536,141
113900303,240,2473,-2233
113900304,0,149,-149
113900305,386,0,386
113900306,225,2,223
113900307,20,0,20
113900308,69,109,-40
113900309,0,389,-389
113900310,0,5,-5
113900311,38,1,37
113900312,176,273,-97
113900313,14,7,7
114000001,1646,1971,-325
114000002,905,385,520
114000003,218,315,-97
114000004,917,505,412
114000005,831,346,485
114000006,1771,1731,40
114000007,1357,1206,151
114000008,2879,2617,262
114000009,2412,546,1866
114000011,5507,2296,3211
114000012,8505,1998,6507
114000013,4248,1454,2794
114000014,1163,129,1034
114000015,4281,241,4040
114000016,851,116,735
114000017,257,1608,-1351
114000018,179,66,113
114000026,5956,1859,4097
114000027,7362,5227,2135
114000028,3181,7280,-4099
114000038,677,270,407
114000039,107,43,64
114000040,342,786,-444
114000042,442,278,164
114000043,84,51,33
114000044,752,44,708
114000045,35,61,-26
114000046,2389,6006,-3617
114000047,27,260,-233
114000048,236,45,191
114000049,3508,2104,1404
114000050,3262,2155,1107
114000051,5766,3135,2631
114000052,5732,4077,1655
114000053,48,889,-841
114000054,273,1028,-755
114000055,613,117,496
114000056,171,1514,-1343
114000057,5148,2161,2987
114000058,79,1958,-1879
114000059,52,2385,-2333
114000060,924,1386,-462
114000061,3616,4931,-1315
114000062,560,1755,-1195
114000063,1470,1570,-100
114000064,2077,7052,-4975
114000065,1308,2222,-914
114000066,1044,1352,-308
114000067,92,2272,-2180
114000068,572,1337,-765
114000069,2036,714,1322
114000070,4433,2227,2206
114000071,1982,1063,919
114000072,1295,300,995
114000073,38,23,15
114000074,230,8,222
114000075,99,67,32
114000076,68,56,12
114000077,11,23,-12
114000078,728,663,65
114000079,492,53,439
114000080,220,123,97
114000081,131,172,-41
114000082,68,529,-461
114000083,172,74,98
114000084,401,208,193
114000085,117,280,-163
114000086,466,294,172
114000087,717,52,665
114000088,75,64,11
114000089,597,263,334
114000090,1396,1949,-553
114000091,1370,1506,-136
114000092,756,602,154
114000093,2204,600,1604
114000094,1008,657,351
114000095,421,329,92
114000096,90,467,-377
114000097,188,257,-69
114000098,1044,277,767
114000099,2037,97,1940
114000100,3232,473,2759
114000101,849,284,565
114000102,1381,345,1036
114000103,139,142,-3
114000104,52,192,-140
114000105,541,219,322
114000106,1179,5211,-4032
114000107,1136,290,846
114000108,1176,873,303
114000109,1399,3973,-2574
114000110,874,1046,-172
114000111,4584,1998,2586
114000112,471,1000,-529
114000113,1633,431,1202
114000114,523,990,-467
114000115,3295,950,2345
114000116,1245,8468,-7223
114000117,8118,1491,6627
114000118,7605,727,6878
114000119,6119,691,5428
114000120,1066,1002,64
114000121,939,837,102
114000122,811,509,302
114000123,4800,540,4260
114000124,2723,864,1859
114000125,1696,1712,-16
114000126,3984,392,3592
114000127,469,195,274
114000128,1672,331,1341
114000130,1133,796,337
114000131,659,149,510
114000132,1095,299,796
114000133,804,1339,-535
114000134,172,60,112
114000138,106,147,-41
114000139,671,708,-37
114000144,1121,978,143
114000145,115,20,95
114000146,217,50,167
114000147,1974,3994,-2020
114000148,1095,2895,-1800
114000149,521,746,-225
114000150,302,731,-429
114000151,861,3143,-2282
114000152,118,60,58
114000153,638,4115,-3477
114000154,531,969,-438
114000155,1191,5749,-4558
114000156,1084,1458,-374
114000157,509,3191,-2682
114000158,1462,824,638
114000159,149,554,-405
114000160,78,1045,-967
114000161,1498,2914,-1416
114000162,2184,3677,-1493
114000163,17,24,-7
114000165,741,598,143
114000166,492,867,-375
114000167,3224,1669,1555
114000168,908,334,574
114000169,1521,1802,-281
114000170,1511,1660,-149
114000171,3032,23016,-19984
114000174,441,403,38
114000176,374,731,-357
114000177,785,503,282
114000178,183,51,132
114000179,1283,1589,-306
114000180,316,377,-61
114000181,1856,14427,-12571
114000182,1328,3466,-2138
114000183,1961,869,1092
114000184,3504,880,2624
114000185,2339,1330,1009
114000189,3337,231,3106
114000190,6643,558,6085
114000191,173,915,-742
114000192,254,906,-652
114000193,245,1804,-1559
114000194,3118,1130,1988
114000195,427,513,-86
114000196,2,117,-115
114000197,4819,36,4783
114000198,1100,474,626
114000199,1722,2038,-316
114000200,1470,1564,-94
114000201,509,1005,-496
114000202,1392,1060,332
114000203,970,952,18
114000204,270,729,-459
114000205,676,2186,-1510
114000206,1397,3352,-1955
114000207,826,2584,-1758
114000208,903,1264,-361
114000209,665,1773,-1108
114000210,561,967,-406
114000211,2495,2058,437
114000212,1121,1665,-544
114000213,2827,611,2216
114000214,179,167,12
114000215,296,150,146
114000216,3757,546,3211
114000217,615,270,345
114000218,1004,134,870
114000219,2694,306,2388
114000220,95,1017,-922
114000221,2492,291,2201
114000222,325,1028,-703
114000223,1339,210,1129
114000224,135,583,-448
114000225,657,297,360
114000226,449,245,204
114000227,1179,741,438
114000228,1473,875,598
114000229,2691,1606,1085
114000230,2640,1304,1336
114000231,1864,2243,-379
114000232,2266,292,1974
114000233,5053,101,4952
114000234,2375,1125,1250
114000235,2937,1901,1036
114000236,1,534,-533
114000237,292,935,-643
114000238,190,660,-470
114000239,361,1331,-970
114000240,1541,2882,-1341
114000241,525,3428,-2903
114000242,1128,1300,-172
114000243,4322,1601,2721
114000244,1007,582,425
114000245,993,1578,-585
114000246,229,48,181
114000247,933,1110,-177
114000248,3194,849,2345
114000249,898,692,206
114000250,1282,370,912
114000251,612,219,393
114000252,81,21,60
114000253,63,151,-88
114000254,146,131,15
114000255,946,429,517
114000256,589,2268,-1679
114000257,1026,1317,-291
114000258,1067,1113,-46
114000259,475,2898,-2423
114000260,0,44,-44
114000261,110,67,43
114000262,769,217,552
114000263,41,10,31
114000264,3354,655,2699
114000265,0,12,-12
114000267,5,5241,-5236
114000268,6,1006,-1000
114000270,461,5,456
114000271,720,240,480
114000283,2994,483,2511
114000285,15,117,-102
114000288,120,785,-665
114000289,4089,236,3853
114000293,609,795,-186
114000294,471,493,-22
114000395,3009,8,3001
114000396,944,962,-18
114000402,2388,244,2144
114000403,818,248,570
114000405,387,336,51
114000423,1129,267,862
114000424,891,892,-1
114000425,2250,258,1992
114000426,632,1329,-697
114000427,162,61,101
114000428,28,157,-129
114000429,30,108,-78
114000432,236,81,155
114000434,25,56,-31
114000435,10,52,-42
114900001,1454,379,1075
114900002,483,108,375
114900003,1770,473,1297
114900004,420,712,-292
114900005,1074,278,796
114900006,103,147,-44
114900007,483,24,459
114900008,981,198,783
114900010,1252,2529,-1277
114900011,701,222,479
114900013,728,216,512
114900015,185,1367,-1182
114900018,1593,60,1533
114900020,96,142,-46
114900021,390,141,249
114900022,1,844,-843
114900024,281,263,18
114900025,1162,167,995
114900026,142,186,-44
114900027,216,192,24
114900029,51,22,29
114900030,573,281,292
114900031,1182,59,1123
114900032,983,29,954
114900033,1016,4020,-3004
114900034,46,84,-38
114900035,163,599,-436
114900036,380,315,65
114900037,187,88,99
114900038,586,411,175
114900039,1319,225,1094
114900040,219,48,171
114900041,2884,171,2713
114900042,3326,258,3068
114900043,362,162,200
114900044,215,109,106
114900045,270,156,114
114900046,58,65,-7
114900047,278,7888,-7610
114900048,41,193,-152
114900049,21,80,-59
114900050,74,180,-106
114900051,16,225,-209
114900052,53,338,-285
114900053,142,293,-151
114900054,40,73,-33
114900057,215,29,186
114900058,0,48,-48
114900059,282,140,142
114900060,344,845,-501
114900061,110,38,72
114900062,229,590,-361
114900063,178,29,149
114900064,3883,217,3666
114900065,634,1352,-718
114900067,32,741,-709
114900068,30,100,-70
114900069,254,38,216
114900070,788,221,567
114900072,3,206,-203
114900073,0,62,-62
114900074,2006,357,1649
114900075,303,18,285
114900076,5,206,-201
114900080,992,167,825
114900082,2549,4516,-1967
114900083,449,1170,-721
114900084,165,34,131
114900090,1191,260,931
114900091,91,163,-72
114900095,394,100,294
114900096,228,509,-281
114900097,225,1,224
114900098,5,445,-440
114900099,580,24,556
115000001,6869,3714,3155
115000002,8767,10020,-1253
115000003,5652,3377,2275
115000004,8898,10948,-2050
115000005,3316,4883,-1567
115000006,2877,3791,-914
115000007,513,573,-60
115000008,663,900,-237
115000009,997,988,9
115000010,496,525,-29
115000013,35,309,-274
115000015,52,487,-435
115000016,298,520,-222
115000019,40,1170,-1130
115000020,603,2643,-2040
115000021,402,536,-134
115000022,543,294,249
115000023,579,765,-186
115000024,969,259,710
115000025,1329,1045,284
115000026,339,297,42
115000027,702,332,370
115000028,485,537,-52
115000029,1721,214,1507
115000030,1007,843,164
115000031,910,525,385
115000032,11,381,-370
115000033,323,20,303
115000034,217,1811,-1594
115000035,1324,131,1193
115000036,0,664,-664
115000037,927,64,863
115000038,90,221,-131
115000039,3710,7549,-3839
115000040,6272,3907,2365
115000041,3267,7930,-4663
115000042,701,1067,-366
115000043,5143,4531,612
115000044,4164,4755,-591
115000045,4965,1678,3287
115000046,5208,4953,255
115000047,5283,2908,2375
115000048,5350,3599,1751
115000049,3270,5186,-1916
115000050,5335,1864,3471
115000051,2896,8926,-6030
115000052,1658,1382,276
115000053,4907,4387,520
115000054,927,1811,-884
115000055,215,1603,-1388
115000056,154,420,-266
115000057,738,2581,-1843
115000058,116,739,-623
115000059,179,704,-525
115000061,209,424,-215
115000062,634,1089,-455
115000063,806,534,272
115000064,557,279,278
115000065,95,729,-634
115000067,525,62,463
115000069,182,389,-207
115000070,49,1965,-1916
115000071,190,44,146
115000072,30,66,-36
115000073,3966,132,3834
115000075,196,139,57
115000076,3302,2758,544
115000077,3718,1677,2041
115000078,3750,1213,2537
115000079,3466,1582,1884
115000080,7770,1637,6133
115000081,316,614,-298
115000082,12108,8013,4095
115000083,4564,1043,3521
115000084,5315,1366,3949
115000085,2750,1368,1382
115000086,2461,1475,986
115000087,1001,2987,-1986
115000088,2476,1216,1260
115000089,2776,1575,1201
115000090,861,1391,-530
115000091,438,555,-117
115000092,1320,1814,-494
115000093,1418,2,1416
115000094,6708,14961,-8253
115000095,5686,15183,-9497
115000096,2392,1085,1307
115000097,3556,3075,481
115000098,3907,680,3227
115000099,5194,1903,3291
115000100,3389,549,2840
115000101,1473,1356,117
115000102,993,278,715
115000103,669,696,-27
115000105,254,96,158
115000106,1902,1061,841
115000107,349,367,-18
115000108,3047,2124,923
115000109,5344,8834,-3490
115000110,2019,3894,-1875
115000111,512,1075,-563
115000112,1084,1252,-168
115000113,562,1043,-481
115000114,1131,855,276
115000116,4358,2516,1842
115000117,2567,3686,-1119
115000118,3549,2655,894
115000119,2541,3267,-726
115000120,1055,1673,-618
115000121,805,945,-140
115000122,1015,3026,-2011
115000123,2978,3220,-242
115000124,1410,2376,-966
115000125,688,3356,-2668
115000126,259,1292,-1033
115000127,811,543,268
115000128,627,1956,-1329
115000129,396,1206,-810
115000130,737,670,67
115000131,1461,404,1057
115000132,916,824,92
115000133,1420,236,1184
115000134,623,1249,-626
115000135,316,345,-29
115000136,414,661,-247
115000137,121,528,-407
115000138,669,315,354
115000139,506,363,143
115000140,883,344,539
115000141,400,147,253
115000142,427,91,336
115000143,1727,1387,340
115000144,776,129,647
115000145,516,352,164
115000146,888,1749,-861
115000147,527,1069,-542
115000148,687,971,-284
115000149,1539,507,1032
115000150,1144,711,433
115000151,2634,562,2072
115000152,1800,1317,483
115000153,3011,710,2301
115000154,2006,271,1735
115000155,1604,1966,-362
115000156,1270,1587,-317
115000157,864,3049,-2185
115000158,859,1014,-155
115000159,740,2140,-1400
115000160,1099,1420,-321
115000161,1409,556,853
115000162,615,1603,-988
115000163,898,875,23
115000164,889,1414,-525
115000165,382,1132,-750
115000167,168,406,-238
115000168,797,1519,-722
115000169,398,1974,-1576
115000170,125,320,-195
115000171,340,960,-620
115000172,1408,1209,199
115000173,364,2630,-2266
115000174,145,1184,-1039
115000175,210,298,-88
115000176,111,309,-198
115000177,91,493,-402
115000178,13,241,-228
115000179,55,175,-120
115000180,324,481,-157
115000181,1994,330,1664
115000182,2956,483,2473
115000183,966,1068,-102
115000186,1306,198,1108
115000187,373,559,-186
115000188,867,862,5
115000189,533,609,-76
115000190,1457,1866,-409
115000191,622,1218,-596
115000194,120,212,-92
115000195,267,712,-445
115000196,561,167,394
115000197,484,163,321
115000198,1435,228,1207
115000199,1143,178,965
115000200,929,311,618
115000201,528,225,303
115000206,986,60,926
115000207,872,673,199
115000208,787,2273,-1486
115000209,1725,1176,549
115000210,339,661,-322
115000211,814,457,357
115000212,1906,674,1232
115000218,20,299,-279
115000219,128,48,80
115000224,309,97,212
115000225,143,60,83
115000229,362,96,266
115000230,219,600,-381
115000231,437,1232,-795
115000232,5485,621,4864
115000233,168,403,-235
115000234,87,441,-354
115000241,352,412,-60
115000242,437,110,327
115000243,357,189,168
115000244,16,430,-414
115000246,69,35,34
115000247,19,46,-27
115000248,77,26,51
115000249,28,17,11
115000250,439,29,410
115000251,895,166,729
115000252,232,479,-247
115000253,34,981,-947
115000258,1196,109,1087
115000259,744,226,518
115000261,82,44,38
115000262,68,52,16
115000263,54,77,-23
115000264,21,45,-24
115000267,106,72,34
115000268,68,154,-86
115000269,172,99,73
115000270,18,41,-23
115000272,203,104,99
115000273,1456,51,1405
115000274,1176,159,1017
115000280,2084,456,1628
115000281,365,955,-590
115000282,1028,2437,-1409
115000284,159,373,-214
115000296,586,4,582
115000297,132,648,-516
115000298,122,1225,-1103
115000300,451,237,214
115000302,1108,273,835
115000303,2222,98,2124
115000304,2311,126,2185
115000305,171,409,-238
115000306,513,218,295
115000307,403,328,75
115000308,64,89,-25
115000310,4553,869,3684
115000311,2550,1743,807
115000313,553,355,198
115000314,1349,543,806
115000315,1460,1534,-74
115000316,244,417,-173
115000317,481,971,-490
115000318,2259,944,1315
115000319,253,213,40
115000320,145,745,-600
115000321,1154,45,1109
115000322,111,160,-49
115000449,349,242,107
115000557,66,3986,-3920
115000558,147,327,-180
115000587,1766,410,1356
115000588,3263,5193,-1930
115000589,7566,6551,1015
115000590,1208,2651,-1443
115000591,2314,1993,321
115000592,573,2839,-2266
115000593,2317,2161,156
115000594,317,4037,-3720
115000609,530,194,336
115000617,617,3853,-3236
115000624,700,48,652
115000633,680,1991,-1311
115000634,6109,1104,5005
115000635,1377,188,1189
115000638,541,411,130
115000641,107,531,-424
115000642,552,406,146
115000643,160,315,-155
115000644,210,355,-145
115000646,958,2146,-1188
115000647,301,963,-662
115000648,6719,1340,5379
115000893,3320,1749,1571
115000894,283,1183,-900
115000895,394,1296,-902
115000896,2467,849,1618
115000897,743,166,577
115000898,918,799,119
115000899,456,2720,-2264
115000900,104,934,-830
115000901,100,364,-264
115000912,757,195,562
115000913,2,22,-20
115000915,14,0,14
115000916,2,0,2
115000917,0,30,-30
115000918,143,2407,-2264
115000919,1,142,-141
115000920,6,160,-154
115000921,615,229,386
115000922,435,1634,-1199
115000923,74,2989,-2915
115000925,148,295,-147
115000927,54,118,-64
115000933,41,556,-515
115900001,451,33,418
115900002,130,127,3
115900003,505,165,340
115900004,0,55,-55
115900005,439,11,428
115900006,209,251,-42
115900008,312,2,310
115900009,54,349,-295
115900010,1104,168,936
115900011,1009,427,582
115900012,446,5,441
115900013,533,241,292
115900014,238,183,55
115900015,527,125,402
115900016,198,66,132
115900017,97,19,78
115900018,280,42,238
115900019,451,41,410
115900020,189,6,183
115900021,1055,2703,-1648
115900022,793,36,757
115900023,3,24,-21
115900025,36,338,-302
115900026,981,164,817
115900027,0,282,-282
115900028,323,60,263
115900029,73,236,-163
115900030,36,10,26
115900031,60,450,-390
115900032,528,1260,-732
115900033,0,86,-86
115900034,49,164,-115
115900035,108,39,69
115900036,89,6380,-6291
115900037,59,120,-61
115900038,101,40,61
115900039,351,140,211
115900041,221,2124,-1903
115900042,99,7,92
115900043,167,50,117
115900044,251,1177,-926
115900046,1602,208,1394
115900047,107,338,-231
115900049,676,239,437
115900051,4,18,-14
115900052,76,83,-7
115900053,1071,73,998
115900054,750,31,719
115900055,29,86,-57
115900056,509,117,392
115900057,13,24,-11
115900058,7,52,-45
115900060,176,307,-131
115900061,865,26,839
115900062,118,93,25
115900063,55,1,54
115900064,556,370,186
115900065,387,187,200
115900066,57,187,-130
115900067,68,93,-25
115900068,1171,2661,-1490
115900069,74,311,-237
115900070,475,63,412
115900071,0,177,-177
115900072,65,173,-108
115900073,461,197,264
115900074,3,60,-57
115900075,100,142,-42
115900076,4,19,-15
115900077,4,21,-17
115900078,39,407,-368
115900079,919,10,909
115900080,204,101,103
115900081,144,10,134
115900082,221,1526,-1305
115900084,1120,26,1094
115900085,38,174,-136
115900086,1409,692,717
115900088,4,139,-135
115900089,969,371,598
115900090,1358,16,1342
115900091,9,113,-104
115900092,107,94,13
115900093,28,31,-3
115900094,5,66,-61
115900096,3,0,3
115900097,63,67,-4
115900098,603,293,310
115900099,106,463,-357
115900100,35,244,-209
115900101,583,134,449
115900102,248,268,-20
115900103,620,81,539
115900104,224,209,15
115900105,462,323,139
115900106,277,4,273
115900107,121,105,16
115900108,400,31,369
115900109,11,411,-400
115900110,50,5,45
115900111,1,55,-54
115900112,98,586,-488
115900113,115,105,10
115900114,25,91,-66
115900115,189,103,86
115900116,310,596,-286
115900117,225,82,143
115900118,0,109,-109
115900119,285,86,199
115900120,76,179,-103
115900121,558,209,349
115900124,347,1569,-1222
115900125,946,255,691
115900126,2217,90,2127
115900127,2099,104,1995
115900128,16,262,-246
115900129,1138,37,1101
115900130,12,1613,-1601
115900131,895,55,840
115900132,1538,5,1533
115900134,882,26,856
115900135,1592,1228,364
115900137,33,3,30
115900139,81,365,-284
115900140,1027,78,949
115900141,2,198,-196
115900142,37,112,-75
115900143,389,576,-187
115900144,468,337,131
115900146,6,36,-30
115900147,377,628,-251
115900148,18,24,-6
115900149,539,13,526
115900150,220,48,172
115900151,169,137,32
115900152,496,180,316
115900153,304,117,187
115900154,619,606,13
115900155,0,40,-40
115900156,1292,1517,-225
115900157,579,1037,-458
115900158,37,3,34
115900159,566,441,125
115900160,13,11,2
115900161,37,261,-224
115900163,678,245,433
115900164,2009,11,1998
115900165,7,505,-498
115900166,91,87,4
115900168,484,174,310
115900171,203,433,-230
115900172,136,190,-54
115900173,443,175,268
115900174,264,489,-225
115900175,426,336,90
115900178,6,217,-211
115900179,886,24,862
115900180,244,35,209
115900181,698,92,606
115900182,1566,109,1457
115900183,92,620,-528
115900184,777,20,757
115900187,18,542,-524
115900189,1,374,-373
115900190,457,1948,-1491
115900191,39,363,-324
115900192,64,289,-225
115900193,215,319,-104
115900194,3041,108,2933
115900195,926,7015,-6089
115900198,755,335,420
115900199,777,101,676
115900200,506,116,390
115900201,314,464,-150
115900202,9,367,-358
115900203,18,5,13
115900204,2,24,-22
115900205,7,9,-2
115900206,758,195,563
115900207,178,4,174
115900208,263,77,186
115900209,4,149,-145
115900210,5,549,-544
115900211,3,244,-241
115900212,390,235,155
115900213,105,315,-210
115900214,1082,66,1016
115900215,37,365,-328
115900216,5,44,-39
115900217,1,14,-13
115900218,1,16,-15
115900219,352,8,344
115900220,494,13,481
115900221,234,27,207
115900222,158,44,114
115900223,5,793,-788
115900224,1039,3845,-2806
115900225,181,67,114
115900226,48,177,-129
115900227,6,67,-61
115900228,3,98,-95
115900229,43,111,-68
115900230,96,58,38
115900231,329,5,324
115900232,207,1,206
115900233,271,7,264
115900234,142,106,36
115900235,70,98,-28
115900236,54,716,-662
115900237,72,71,1
115900238,37,25,12
115900239,44,68,-24
115900240,26,50,-24
115900241,464,51,413
115900242,958,1171,-213
115900243,40,18,22
115900244,24,97,-73
115900245,3,132,-129
115900246,8,12,-4
115900247,0,15,-15
115900248,13,3,10
115900249,12,3,9
115900250,125,12,113
115900251,24,8,16
115900252,40,1,39
115900253,57,7,50
115900254,32,104,-72
115900255,5,29,-24
115900256,95,173,-78
115900257,6,103,-97
115900258,1,2,-1
115900259,3,6,-3
115900260,8,16,-8
115900261,8,0,8
115900262,20,1,19
115900263,53,0,53
115900264,50,0,50
115900265,8,3,5
115900266,1,3,-2
115900267,0,21,-21
115900268,2,35,-33
115900269,1743,327,1416
115900270,701,191,510
116000001,12913,3246,9667
116000002,8986,26148,-17162
116000003,1912,2479,-567
116000004,6063,10180,-4117
116000005,1396,8614,-7218
116000006,4793,10542,-5749
116000007,2569,6895,-4326
116000008,9309,6800,2509
116000009,1160,1238,-78
116000010,5534,2916,2618
116000011,900,1444,-544
116000012,4077,2129,1948
116000013,7025,8778,-1753
116000014,17929,40406,-22477
116000015,426,3660,-3234
116000016,8483,12493,-4010
116000017,115,1105,-990
116000018,988,844,144
116000019,3288,453,2835
116000020,970,2401,-1431
116000021,2294,501,1793
116000022,1017,661,356
116000023,3572,2280,1292
116000024,1383,1704,-321
116000025,1927,1780,147
116000026,2028,7476,-5448
116000027,764,1437,-673
116000028,759,1561,-802
116000029,613,547,66
116000030,1004,854,150
116000031,86,225,-139
116000032,262,107,155
116000033,860,416,444
116000034,1097,754,343
116000035,742,487,255
116000036,976,7947,-6971
116000037,224,1287,-1063
116000038,107,1978,-1871
116000039,582,2718,-2136
116000040,760,2307,-1547
116000041,181,1878,-1697
116000042,1649,1520,129
116000043,518,1299,-781
116000044,1,17,-16
116000045,2377,2575,-198
116000046,1215,3292,-2077
116000047,3842,5126,-1284
116000048,5767,1787,3980
116000049,3522,3356,166
116000050,2788,2044,744
116000051,4672,3451,1221
116000052,5317,4695,622
116000053,4443,1417,3026
116000054,1978,3674,-1696
116000055,2004,1554,450
116000056,3044,1706,1338
116000057,4543,1654,2889
116000058,9278,5465,3813
116000059,4415,7922,-3507
116000060,5342,2436,2906
116000061,218,2270,-2052
116000062,1070,694,376
116000063,1209,3862,-2653
116000066,644,1141,-497
116000067,610,703,-93
116000068,267,603,-336
116000069,687,481,206
116000078,1100,1190,-90
116000080,3251,655,2596
116000082,23,8,15
116000083,3453,543,2910
116000084,1874,2111,-237
116000085,2547,2838,-291
116000086,1134,743,391
116000087,4398,2484,1914
116000088,2959,1434,1525
116000089,303,155,148
116000090,394,263,131
116000091,303,975,-672
116000093,1414,346,1068
116000094,3141,736,2405
116000095,1389,807,582
116000096,4432,6457,-2025
116000097,1898,956,942
116000098,57,25043,-24986
116000099,10948,445,10503
116000100,561,73,488
116000101,2770,1002,1768
116000102,368,894,-526
116000103,1110,729,381
116000104,436,1681,-1245
116000105,3642,285,3357
116000106,673,5081,-4408
116000107,5844,1202,4642
116000108,92,793,-701
116000111,250,40,210
116000113,179,108,71
116000114,20,121,-101
116000115,545,157,388
116000116,480,206,274
116000117,2587,1935,652
116000118,3232,1350,1882
116000119,6079,2247,3832
116000120,4006,2964,1042
116000121,2014,687,1327
116000122,1236,965,271
116000123,2435,968,1467
116000124,916,442,474
116000125,6449,1036,5413
116000126,643,527,116
116000127,1418,620,798
116000128,3995,1245,2750
116000129,2920,202,2718
116000130,1751,1142,609
116000133,3752,1239,2513
116000134,2147,1332,815
116000135,5483,1827,3656
116000136,1187,1968,-781
116000137,1754,1780,-26
116000138,2697,1119,1578
116000139,3528,9416,-5888
116000140,381,528,-147
116000141,1145,566,579
116000142,5164,2431,2733
116000143,3542,2224,1318
116000144,3969,2628,1341
116000145,4355,1327,3028
116000146,2057,198,1859
116000147,623,809,-186
116000148,2174,2879,-705
116000149,1421,1569,-148
116000151,958,1523,-565
116000153,259,463,-204
116000155,345,812,-467
116000156,2092,794,1298
116000157,161,7,154
116000158,543,180,363
116000159,15,17,-2
116000160,167,148,19
116000161,12,130,-118
116000162,207,474,-267
116000163,166,96,70
116000164,62,160,-98
116000177,161,748,-587
116000194,97,523,-426
116000195,2744,1048,1696
116000196,243,31,212
116000197,155,92,63
116000198,3369,2154,1215
116000200,1857,1699,158
116000201,1084,1031,53
116000202,10,368,-358
116000203,2,36,-34
116000204,20,29,-9
116000205,0,112,-112
116000206,0,324,-324
116000207,33,69,-36
116000233,319,908,-589
116000287,616,161,455
116000288,674,381,293
116000292,259,354,-95
116000296,17,189,-172
116000297,128,20,108
116000304,802,7,795
116000305,30,359,-329
116000346,445,380,65
116000352,442,325,117
116000354,172,140,32
116000357,52,43,9
116000358,1222,259,963
116000361,69,1,68
116000372,5432,15086,-9654
116000381,273,5,268
116000388,3,83,-80
116000389,1611,525,1086
116000445,2083,381,1702
116000446,1096,330,766
116000447,58,1072,-1014
116000448,972,127,845
116000563,1150,1342,-192
116000565,52,229,-177
116000568,75,1075,-1000
116000579,25,113,-88
116000584,130,5,125
116000585,150,65,85
116000586,89,238,-149
116000587,395,377,18
116000589,150,111,39
116000590,399,262,137
116000591,330,328,2
116000592,6,69,-63
116000593,0,37,-37
116000594,3655,211,3444
116000595,1675,88,1587
116000596,587,9,578
116000597,1542,636,906
116000598,75,109,-34
116000602,80,1632,-1552
116000605,227,201,26
116000606,128,1224,-1096
116000607,1,216,-215
116000609,156,3004,-2848
116000611,528,212,316
116000612,2949,2636,313
116000613,1222,369,853
116000614,1085,288,797
116000615,174,1202,-1028
116000616,98,114,-16
116000617,352,23,329
116000618,8,73,-65
116000619,53,209,-156
116000620,532,259,273
116000621,166,205,-39
116000622,170,137,33
116000624,167,283,-116
116000628,2,46,-44
116000629,3,109,-106
116000630,675,20,655
116000631,266,3,263
116000632,881,30,851
116000633,7,198,-191
116000634,367,1,366
116900001,623,197,426
116900002,477,4,473
116900003,137,8,129
116900004,115,171,-56
116900005,419,56,363
116900006,212,1292,-1080
116900007,257,782,-525
116900008,1985,156,1829
116900009,38,27,11
116900010,0,699,-699
116900011,28,219,-191
116900012,480,708,-228
116900013,6,153,-147
116900014,433,123,310
116900015,1452,96,1356
116900016,312,5,307
116900017,4,437,-433
116900018,208,190,18
116900019,6,175,-169
116900020,868,3524,-2656
116900023,122,13,109
116900024,1765,74,1691
116900025,3101,1182,1919
116900026,176,677,-501
116900027,109,53,56
116900028,8,39,-31
116900029,1,262,-261
116900031,9,13,-4
116900032,22,175,-153
116900033,60,25,35
116900034,109,25,84
116900035,267,361,-94
116900036,8,163,-155
116900038,18,1,17
116900041,731,71,660
116900042,334,230,104
116900043,18,98,-80
116900045,453,123,330
116900047,56,416,-360
116900049,91,380,-289
116900050,71,335,-264
116900051,957,23,934
116900052,510,101,409
116900055,1,172,-171
116900057,29,151,-122
116900058,26,368,-342
116900059,3,60,-57
116900060,913,786,127
116900062,1,25,-24
116900064,126,194,-68
116900065,7,217,-210
116900067,357,62,295
116900068,264,176,88
116900070,2,17,-15
116900072,35,159,-124
116900073,16,158,-142
116900074,15,63,-48
116900076,80,161,-81
116900077,4,43,-39
116900078,182,44,138
116900079,97,179,-82
116900080,6,104,-98
116900081,389,848,-459
116900082,189,1487,-1298
116900083,40,5,35
116900084,81,58,23
116900085,22,125,-103
116900086,58,390,-332
116900088,633,43,590
116900090,23,23,0
116900091,1192,65,1127
116900092,182,435,-253
116900093,5206,1598,3608
116900094,6322,11753,-5431
116900095,546,733,-187
116900096,199,774,-575
116900097,1542,7866,-6324
116900098,1573,494,1079
116900099,347,1543,-1196
116900100,2280,174,2106
116900101,297,1161,-864
116900103,40,0,40
116900104,12,509,-497
116900105,789,342,447
116900106,6288,206,6082
116900107,2217,6119,-3902
116900110,27,0,27
116900111,1812,463,1349
116900112,478,447,31
116900113,2279,3982,-1703
116900116,35,1486,-1451
116900117,482,992,-510
116900118,1814,1177,637
116900120,897,91,806
116900121,483,85,398
116900122,2452,488,1964
116900123,1408,338,1070
116900124,263,433,-170
116900125,1385,172,1213
116900126,209,1232,-1023
116900128,0,63,-63
116900129,4,366,-362
116900130,2367,10547,-8180
116900131,174,500,-326
116900132,201,166,35
116900133,439,247,192
116900134,528,465,63
116900136,576,420,156
116900137,468,251,217
116900138,207,128,79
116900139,95,325,-230
116900140,285,70,215
116900141,618,117,501
116900142,11,47,-36
116900143,1128,704,424
116900144,131,53,78
116900145,151,660,-509
116900147,256,3145,-2889
116900148,4,40,-36
116900149,64,374,-310
116900150,25,14,11
116900151,211,52,159
116900153,316,236,80
116900154,303,1235,-932
116900155,165,324,-159
116900157,2078,101,1977
116900158,121,509,-388
116900159,189,880,-691
116900160,1586,1151,435
116900161,7689,20434,-12745
116900162,49,128,-79
116900163,727,97,630
116900164,261,99,162
116900165,1473,593,880
116900166,233,80,153
116900167,1149,64,1085
116900168,1179,66,1113
116900169,343,3746,-3403
116900170,1308,538,770
116900171,127,184,-57
116900172,195,978,-783
116900173,711,28,683
116900174,115,199,-84
116900175,538,931,-393
116900178,133,130,3
116900179,49,730,-681
116900180,159,7,152
116900182,2744,585,2159
116900183,431,217,214
116900185,86,40,46
116900186,289,94,195
116900187,110,223,-113
116900188,336,35,301
116900189,58,3,55
116900191,260,394,-134
116900192,860,219,641
116900194,306,3469,-3163
116900195,78,19,59
116900196,63,48,15
116900197,231,55,176
116900198,52,550,-498
116900200,192,8,184
116900201,512,10,502
116900202,155,65,90
116900203,289,14,275
116900204,66,822,-756
116900206,27,4,23
116900207,27,130,-103
116900208,19,98,-79
116900209,49,46,3
116900210,1401,654,747
116900211,315,38,277
116900212,156,9,147
116900213,599,238,361
116900214,678,465,213
116900215,120,84,36
116900216,727,272,455
116900218,4,341,-337
116900219,418,196,222
116900220,255,523,-268
116900221,469,503,-34
116900222,631,394,237
116900223,108,289,-181
116900226,464,55,409
116900227,448,34,414
116900228,715,368,347
116900230,107,102,5
116900231,124,248,-124
116900232,59,444,-385
116900233,714,147,567
116900234,81,14,67
116900235,334,294,40
116900238,864,251,613
116900239,41,1096,-1055
116900240,5931,8081,-2150
116900241,722,123,599
116900242,657,2477,-1820
116900243,3,155,-152
116900245,107,107,0
116900246,309,45,264
116900247,1862,93,1769
116900248,111,55,56
116900249,1299,85,1214
116900250,1006,130,876
116900251,513,3056,-2543
116900252,622,2411,-1789
116900253,265,102,163
116900254,199,278,-79
116900255,246,330,-84
116900256,1773,300,1473
116900257,338,1311,-973
116900258,26,57,-31
116900259,649,51,598
116900260,0,37,-37
116900261,143,2,141
116900262,416,622,-206
116900263,0,18,-18
116900264,4,7,-3
116900265,349,0,349
116900266,87,31,56
116900267,49,1,48
116900268,78,329,-251
116900269,657,2730,-2073
116900271,931,1179,-248
116900272,1213,734,479
116900273,38,1021,-983
116900274,388,67,321
116900275,949,78,871
116900276,430,1132,-702
116900277,246,121,125
116900278,0,3,-3
116900279,32,33,-1
116900280,209,39,170
116900281,4706,13614,-8908
116900282,9,40,-31
116900283,3,22,-19
116900284,11,117,-106
116900285,154,919,-765
116900286,127,5,122
116900287,3,34,-31
116900288,246,26,220
116900289,45,0,45
116900290,41,9,32
116900291,59,4,55
116900292,0,32,-32
116900293,173,5,168
116900294,54,147,-93
116900295,284,1085,-801
116900296,39,403,-364
116900297,1,106,-105
116900298,109,147,-38
116900299,26,367,-341
116900300,1,121,-120
116900301,57,811,-754
116900302,422,1676,-1254
116900303,370,287,83
116900304,1,307,-306
116900305,54,61,-7
116900306,772,138,634
117000001,5814,7155,-1341
117000002,2866,8046,-5180
117000003,9804,7635,2169
117000004,3277,11574,-8297
117000005,5903,5186,717
117000006,1514,3715,-2201
117000007,12705,2446,10259
117000008,1765,4073,-2308
117000009,7549,2476,5073
117000010,1717,3208,-1491
117000011,5553,2817,2736
117000012,3440,2077,1363
117000013,4923,2567,2356
117000014,2540,3511,-971
117000015,7866,3322,4544
117000016,482,1095,-613
117000017,138,3827,-3689
117000018,203,2082,-1879
117000019,188,5,183
117000020,1545,4507,-2962
117000021,5045,768,4277
117000022,349,1229,-880
117000023,165,939,-774
117000024,270,2368,-2098
117000025,249,9354,-9105
117000026,2773,7106,-4333
117000027,1604,3314,-1710
117000028,1416,4221,-2805
117000030,196,248,-52
117000032,2286,3084,-798
117000033,4287,5179,-892
117000034,285,67,218
117000036,494,227,267
117000038,514,480,34
117000039,47,225,-178
117000040,194,913,-719
117000041,2189,141,2048
117000044,22,925,-903
117000045,2546,819,1727
117000046,684,2121,-1437
117000047,1462,1937,-475
117000048,2499,2005,494
117000049,114,1820,-1706
117000050,917,2357,-1440
117000051,5572,124,5448
117000052,157,185,-28
117000053,1843,89,1754
117000054,3626,8,3618
117000055,13,1706,-1693
117000056,1225,48,1177
117000057,1069,2205,-1136
117000060,938,2247,-1309
117000061,4728,3591,1137
117000062,314,1714,-1400
117000063,3233,1750,1483
117000064,891,1161,-270
117000066,1089,1448,-359
117000067,120,1137,-1017
117000074,39,456,-417
117000076,110,119,-9
117000077,539,281,258
117000078,404,1435,-1031
117000079,869,530,339
117000080,1,1069,-1068
117000081,1867,356,1511
117000082,46,162,-116
117000083,238,6,232
117000084,486,0,486
117000085,865,1664,-799
117000086,1800,726,1074
117000087,241,912,-671
117000088,789,352,437
117000089,5320,482,4838
117000090,783,1052,-269
117000091,2986,477,2509
117000092,862,1142,-280
117000093,4398,762,3636
117000094,1509,1801,-292
117000095,6384,1147,5237
117000096,1571,1744,-173
117000097,4767,1987,2780
117000098,2381,2889,-508
117000099,9673,1950,7723
117000100,418,549,-131
117000101,252,925,-673
117000102,4746,1090,3656
117000103,843,1558,-715
117000104,3329,1221,2108
117000105,720,1498,-778
117000106,4880,1276,3604
117000107,1178,2058,-880
117000108,4647,2053,2594
117000109,1860,3370,-1510
117000110,3263,3543,-280
117000111,7628,9256,-1628
117000112,7858,2436,5422
117000113,254,176,78
117000114,544,919,-375
117000115,110,100,10
117000116,356,1168,-812
117000117,4409,2537,1872
117000118,1145,1066,79
117000119,321,1498,-1177
117000120,124,3241,-3117
117000121,41,2310,-2269
117000122,1709,2831,-1122
117000123,7155,124,7031
117000124,389,948,-559
117000125,88,3315,-3227
117000126,45,364,-319
117000127,236,2452,-2216
117000128,225,4271,-4046
117000129,230,867,-637
117000130,44,1,43
117000131,0,100,-100
117000132,11086,47,11039
117000133,6586,32,6554
117000134,1,329,-328
117000135,1,562,-561
117000136,1,188,-187
117000137,395,217,178
117000138,3,2073,-2070
117000140,814,1423,-609
117000141,3750,1063,2687
117000181,1429,230,1199
117000182,5194,2967,2227
117000195,337,775,-438
117000196,610,374,236
117000225,39,530,-491
117000226,5,486,-481
117000276,704,36,668
117000277,0,115,-115
117000310,2172,5008,-2836
117000315,587,1548,-961
117000320,97,0,97
117000906,1321,40,1281
117000907,4,240,-236
117000908,6,391,-385
117000909,176,285,-109
117000910,403,168,235
117000911,36,151,-115
117000915,8,230,-222
117000916,232,39,193
117000917,3292,185,3107
117000918,473,172,301
117000919,3,115,-112
117000920,5,2224,-2219
117000921,1,344,-343
117000922,61,100,-39
117000924,2589,893,1696
117000926,2011,1234,777
117000927,379,952,-573
117000928,0,190,-190
117000929,1051,281,770
117000930,1556,24,1532
117000931,318,285,33
117900002,89,1922,-1833
117900003,159,316,-157
117900005,4,399,-395
117900006,0,100,-100
117900007,400,119,281
117900008,0,9,-9
117900010,763,169,594
117900011,27,2696,-2669
117900012,175,88,87
117900013,0,401,-401
117900014,1074,194,880
117900015,29,197,-168
117900016,1880,2275,-395
117900017,1934,589,1345
117900018,745,1696,-951
117900019,2411,344,2067
117900020,87,576,-489
117900021,97,447,-350
117900022,64,11,53
117900023,6644,179,6465
117900024,228,219,9
117900025,28,4,24
117900026,1553,355,1198
117900028,186,30,156
117900029,1152,1095,57
117900030,799,974,-175
117900031,735,1743,-1008
117900032,1616,925,691
117900033,1441,911,530
117900034,90,70,20
117900035,562,1788,-1226
117900036,1278,545,733
117900037,378,125,253
117900038,337,161,176
117900039,1,113,-112
117900040,452,124,328
117900041,1,44,-43
117900042,4399,1605,2794
117900043,5,30,-25
117900044,207,10425,-10218
117900045,679,214,465
117900048,651,248,403
117900049,979,987,-8
117900050,38,1862,-1824
117900051,118,103,15
117900052,188,1304,-1116
117900053,3456,283,3173
117900054,0,22,-22
117900055,4570,718,3852
117900056,193,114,79
117900057,2169,1237,932
117900058,189,2221,-2032
117900059,171,454,-283
117900060,5710,3079,2631
117900061,22,762,-740
117900063,1528,437,1091
117900065,460,1671,-1211
117900066,6,347,-341
117900067,2276,373,1903
117900069,2736,222,2514
117900070,45,816,-771
117900071,414,302,112
117900073,1999,665,1334
117900074,55,1438,-1383
117900075,304,228,76
117900076,63,331,-268
117900077,1626,150,1476
117900078,837,991,-154
117900080,395,134,261
117900081,466,495,-29
117900082,1677,453,1224
117900083,1502,1172,330
117900086,570,370,200
117900087,356,76,280
117900088,1014,1462,-448
117900089,4643,760,3883
117900090,1489,1331,158
117900091,330,80,250
117900092,274,153,121
117900093,203,95,108
117900094,130,84,46
117900095,1176,1077,99
117900096,508,1637,-1129
117900097,346,103,243
117900098,119,46,73
117900099,594,1750,-1156
117900100,1726,4,1722
117900101,2085,4787,-2702
117900102,231,69,162
117900103,221,21,200
117900104,39,770,-731
117900105,193,359,-166
117900106,336,61,275
117900107,165,8,157
117900109,2517,768,1749
117900110,441,1,440
117900111,2277,172,2105
117900112,131,39,92
117900113,1690,5474,-3784
117900114,116,1,115
117900115,34,732,-698
117900116,1282,902,380
117900117,1717,371,1346
117900118,520,5,515
117900119,515,32,483
117900120,1951,60,1891
117900121,195,103,92
117900122,1446,12507,-11061
117900123,2549,790,1759
117900124,304,2047,-1743
117900125,2848,1722,1126
117900126,251,424,-173
117900127,1762,680,1082
117900128,912,282,630
117900129,289,2,287
117900130,1703,1654,49
117900131,17,358,-341
117900132,42,167,-125
117900133,42,45,-3
117900134,192,417,-225
117900135,132,127,5
117900136,0,31,-31
117900137,365,422,-57
117900138,0,7,-7
117900139,119,92,27
117900140,12645,2221,10424
117900141,108,772,-664
117900142,44,1134,-1090
117900144,84,2310,-2226
117900145,13,743,-730
117900146,69,809,-740
117900147,245,323,-78
117900148,6985,8073,-1088
117900149,169,895,-726
117900150,194,216,-22
117900151,105,746,-641
117900152,122,313,-191
117900153,48,405,-357
117900154,1423,1679,-256
117900156,529,629,-100
117900157,113,804,-691
117900158,712,180,532
117900160,1661,1236,425
117900161,1328,1080,248
117900162,1661,799,862
117900163,38,1856,-1818
117900165,0,7,-7
117900166,18,649,-631
117900168,116,332,-216
117900169,0,82,-82
117900170,3,124,-121
117900171,34,22,12
117900172,92,57,35
117900173,167,89,78
117900174,82,91,-9
117900175,4,27,-23
117900176,36,10,26
117900177,87,90,-3
117900178,145,161,-16
117900180,527,73,454
117900181,106,1208,-1102
117900182,6,168,-162
117900183,260,392,-132
117900184,84,160,-76
117900185,103,45,58
117900186,127,31,96
117900187,64,20,44
117900188,697,143,554
117900189,305,99,206
117900190,30,0,30
117900191,319,1,318
117900192,510,4,506
117900193,15,64,-49
117900194,54,20,34
117900195,30,494,-464
117900196,106,90,16
117900207,256,302,-46
117900208,138,83,55
117900209,268,73,195
117900210,189,132,57
117900211,1,45,-44
117900212,282,262,20
117900213,43,28,15
117900214,14,8,6
117900216,7,115,-108
117900217,115,846,-731
117900218,1675,538,1137
117900219,6,693,-687
117900220,15,942,-927
117900221,20,95,-75
118000001,1475,5021,-3546
118000002,1003,2310,-1307
118000003,3322,9571,-6249
118000004,1753,12892,-11139
118000005,8282,4695,3587
118000006,9743,7497,2246
118000007,8668,21820,-13152
118000008,1614,13895,-12281
118000009,2630,6639,-4009
118000010,5924,6741,-817
118000011,4923,2214,2709
118000012,2076,3690,-1614
118000013,5699,6199,-500
118000014,3146,3469,-323
118000016,609,343,266
118000017,1676,690,986
118000018,774,255,519
118000019,1692,3412,-1720
118000020,633,3518,-2885
118000021,1069,5180,-4111
118000022,1699,1030,669
118000023,877,653,224
118000024,765,1293,-528
118000025,286,1124,-838
118000027,20218,10202,10016
118000029,1019,970,49
118000032,349,3463,-3114
118000033,2649,7792,-5143
118000034,4947,6570,-1623
118000035,3423,3816,-393
118000036,1478,2151,-673
118000037,1582,5207,-3625
118000038,1226,200,1026
118000039,217,162,55
118000040,3723,3550,173
118000041,7668,2923,4745
118000045,230,521,-291
118000046,1652,2865,-1213
118000047,1122,9871,-8749
118000048,2246,9521,-7275
118000051,2187,10323,-8136
118000052,1063,3745,-2682
118000053,786,3955,-3169
118000054,6996,2010,4986
118000055,6823,3122,3701
118000056,172,1834,-1662
118000057,296,1184,-888
118000058,2919,10466,-7547
118000059,2407,5558,-3151
118000060,2835,1316,1519
118000061,2383,2750,-367
118000062,670,355,315
118000063,883,1603,-720
118000064,1108,2456,-1348
118000065,3108,3350,-242
118000066,2731,7268,-4537
118000067,635,1210,-575
118000068,1962,20467,-18505
118000069,1942,3053,-1111
118000070,14481,4120,10361
118000071,10648,20132,-9484
118000072,1044,6649,-5605
118000073,632,3528,-2896
118000074,975,857,118
118000075,946,553,393
118000076,3698,15712,-12014
118000077,1636,3860,-2224
118000078,3304,5577,-2273
118000079,348,1017,-669
118000080,576,2846,-2270
118000081,2508,3466,-958
118000082,791,2294,-1503
118000083,2282,3617,-1335
118000084,2721,5062,-2341
118000086,176,1231,-1055
118000087,10108,5303,4805
118000088,1851,3571,-1720
118000089,7606,7107,499
118000090,1431,7254,-5823
118000091,3107,9224,-6117
118000092,1673,1391,282
118000093,234,1225,-991
118000096,1410,1537,-127
118000097,1144,1597,-453
118000098,338,627,-289
118000099,1810,697,1113
118000101,3786,679,3107
118000102,915,982,-67
118000107,5755,1090,4665
118000108,2030,9658,-7628
118000110,2,60,-58
118000111,0,220,-220
118000112,2562,10,2552
118000113,18,725,-707
118000114,2239,26,2213
118000115,28,14,14
118000116,82,0,82
118000117,1024,2651,-1627
118000118,2296,3969,-1673
118000119,2284,4053,-1769
118000120,2050,1958,92
118000121,19,892,-873
118000122,1022,490,532
118000123,71,442,-371
118000125,1569,4846,-3277
118000126,1434,5315,-3881
118000127,1948,2891,-943
118000128,526,6643,-6117
118000129,3370,2223,1147
118000130,4794,6940,-2146
118000131,865,2199,-1334
118000132,5216,4718,498
118000133,2707,1930,777
118000135,1294,2996,-1702
118000136,191,3011,-2820
118000137,793,468,325
118000138,839,728,111
118000139,1129,315,814
118000140,9358,18917,-9559
118000141,6023,2913,3110
118000142,6393,3255,3138
118000143,6378,2598,3780
118000144,1299,785,514
118000145,2325,1819,506
118000146,2912,642,2270
118000147,2515,1391,1124
118000148,1830,2474,-644
118000149,1463,754,709
118000150,1321,330,991
118000151,1677,529,1148
118000153,3814,1473,2341
118000154,2718,2072,646
118000155,5173,1702,3471
118000156,4531,7371,-2840
118000157,1206,528,678
118000158,518,1045,-527
118000159,110,218,-108
118000160,1808,575,1233
118000161,1557,533,1024
118000162,2143,1324,819
118000163,2181,1865,316
118000164,4063,3014,1049
118000168,899,3508,-2609
118000169,1726,1300,426
118000170,5809,4221,1588
118000171,760,1064,-304
118000172,104,397,-293
118000173,1512,2506,-994
118000175,343,364,-21
118000176,940,590,350
118000177,743,1028,-285
118000178,68,63,5
118000179,1308,1290,18
118000180,1184,915,269
118000181,902,313,589
118000182,488,312,176
118000183,425,469,-44
118000184,2844,745,2099
118000185,813,3657,-2844
118000186,509,2679,-2170
118000187,5242,741,4501
118000188,2108,146,1962
118000189,2961,656,2305
118000190,11,18,-7
118000191,11,95,-84
118000192,24,537,-513
118000193,9,201,-192
118000194,5251,1526,3725
118000195,409,12286,-11877
118000196,117,2908,-2791
118000197,101,489,-388
118000198,578,3150,-2572
118000199,575,3546,-2971
118000200,231,1848,-1617
118000201,178,1862,-1684
118000202,77,1346,-1269
118000203,475,2463,-1988
118000204,100,1262,-1162
118000205,144,607,-463
118000206,482,770,-288
118000207,0,118,-118
118000208,2898,3090,-192
118000209,5028,1205,3823
118000210,411,68,343
118000211,230,122,108
118000213,1114,12536,-11422
118000214,692,1765,-1073
118000215,931,239,692
118000216,18129,4019,14110
118000217,26,138,-112
118000218,403,63,340
118000219,438,492,-54
118000220,123,141,-18
118000221,1784,1645,139
118000222,88,28,60
118000223,168,51,117
118000224,226,101,125
118000225,410,3064,-2654
118000226,2809,374,2435
118000227,2039,919,1120
118000228,141,963,-822
118000229,88,2231,-2143
118000230,234,711,-477
118000231,118,1018,-900
118000232,1961,348,1613
118000233,2704,918,1786
118000234,1191,118,1073
118000236,597,1214,-617
118000237,519,634,-115
118000238,581,471,110
118000239,520,949,-429
118000240,259,147,112
118000241,798,304,494
118000242,1246,345,901
118000243,520,239,281
118000244,217,115,102
118000246,2,100,-98
118000255,43,717,-674
118000256,244,348,-104
118000259,68,226,-158
118000260,496,140,356
118000261,222,19,203
118000263,208,309,-101
118000266,580,394,186
118000267,1,696,-695
118000268,456,7,449
118000270,661,11,650
118000271,427,255,172
118000272,145,76,69
118000273,622,36,586
118000274,158,683,-525
118000276,943,380,563
118000295,118,250,-132
118000298,312,127,185
118000299,139,84,55
118000301,1,252,-251
118000302,332,64,268
118000311,2427,115,2312
118000312,985,140,845
118000313,247,116,131
118000314,336,20,316
118000315,219,51,168
118000316,1885,565,1320
118000325,222,89,133
118000326,196,37,159
118000331,80,19,61
118000332,44,51,-7
118000333,59,68,-9
118000335,1413,2,1411
118000336,2,322,-320
118000407,743,65,678
118000457,27,157,-130
118000465,1047,5247,-4200
118000480,158,89,69
118000489,18,1136,-1118
118000490,3,635,-632
118000492,676,197,479
118000510,158,49,109
118000514,115,1074,-959
118000515,924,2567,-1643
118000517,1026,283,743
118000524,246,1293,-1047
118000525,858,1091,-233
118000530,53,373,-320
118000531,959,269,690
118000532,445,348,97
118000533,449,173,276
118000534,1657,561,1096
118000535,638,103,535
118000536,132,1011,-879
118000537,38,244,-206
118000538,26,271,-245
118000539,146,341,-195
118000540,303,544,-241
118000541,131,208,-77
118000542,234,848,-614
118000543,595,850,-255
118000546,91,98,-7
118000560,2121,4978,-2857
118000562,187,177,10
118000563,2382,1243,1139
118000576,271,46,225
118000577,234,238,-4
118000578,104,63,41
118000579,733,4818,-4085
118000595,302,96,206
118000596,4,1186,-1182
118000597,311,67,244
118000598,47,1,46
118000599,470,83,387
118000600,0,35,-35
118000601,113,2,111
118000602,0,38,-38
118000603,1,7,-6
118900001,1234,2330,-1096
118900002,1750,1469,281
118900003,1607,19,1588
118900004,533,158,375
118900005,214,18,196
118900006,570,12,558
118900007,1,1,0
118900008,2556,150,2406
118900009,212,277,-65
118900010,344,47,297
118900011,289,17,272
118900012,360,595,-235
118900013,3038,1218,1820
118900015,564,26,538
118900016,12,2,10
118900017,30,306,-276
118900018,2509,104,2405
118900019,16,16,0
118900020,79,330,-251
118900021,161,2044,-1883
118900022,142,14,128
118900023,91,383,-292
118900024,184,263,-79
118900025,37,378,-341
118900026,88,17,71
118900027,1017,336,681
118900028,413,164,249
118900029,468,882,-414
118900030,1512,506,1006
118900031,109,49,60
118900032,523,113,410
118900033,598,1707,-1109
118900034,474,130,344
118900035,191,96,95
118900036,2036,559,1477
118900037,478,1551,-1073
118900038,1193,77,1116
118900039,1561,393,1168
118900040,431,138,293
118900041,1678,557,1121
118900042,140,83,57
118900045,393,280,113
118900046,539,558,-19
118900047,527,613,-86
118900048,176,1175,-999
118900049,254,62,192
118900050,196,11,185
118900051,92,457,-365
118900052,567,1270,-703
118900053,29,155,-126
118900054,405,33,372
118900055,353,14,339
118900056,68,950,-882
118900057,1599,949,650
118900058,1067,1021,46
118900059,67,260,-193
118900060,88,83,5
118900062,702,229,473
118900064,533,1305,-772
118900065,123,436,-313
118900066,302,189,113
118900067,6367,8203,-1836
118900068,9,863,-854
118900069,1040,364,676
118900071,10,12,-2
118900072,1721,1337,384
118900073,402,202,200
118900074,551,163,388
118900075,495,11,484
118900076,467,345,122
118900077,1113,245,868
118900078,3,3,0
118900079,36,269,-233
118900080,217,81,136
118900081,75,41,34
118900082,4148,370,3778
118900083,32,9,23
118900084,22,32,-10
118900085,494,723,-229
118900086,43,172,-129
118900087,259,1724,-1465
118900088,4,4,0
118900089,28,44,-16
118900090,593,278,315
118900091,346,481,-135
118900092,909,56,853
118900093,320,40,280
118900096,90,46,44
118900097,928,899,29
118900099,94,164,-70
118900100,181,530,-349
118900101,541,252,289
118900102,63,215,-152
118900103,53,276,-223
118900104,977,191,786
118900105,398,139,259
118900107,169,116,53
118900108,208,478,-270
118900109,178,417,-239
118900110,2190,2539,-349
118900111,1817,748,1069
118900112,467,853,-386
118900113,107,576,-469
118900114,7,355,-348
118900115,418,677,-259
118900116,137,296,-159
118900117,214,125,89
118900118,590,313,277
118900119,351,302,49
118900120,126,357,-231
118900121,79,256,-177
118900122,9,1858,-1849
118900123,288,372,-84
118900124,291,449,-158
118900126,92,525,-433
118900129,519,259,260
118900130,31,277,-246
118900131,779,500,279
118900132,695,344,351
118900133,23,404,-381
118900135,624,358,266
118900136,677,319,358
118900137,21,278,-257
118900139,687,393,294
118900140,1205,529,676
118900141,238,146,92
118900144,727,256,471
118900145,75,311,-236
118900146,798,469,329
118900147,201,1579,-1378
118900148,168,104,64
118900150,172,1170,-998
118900152,976,469,507
118900157,104,701,-597
118900158,432,54,378
118900159,6,273,-267
118900161,99,72,27
118900163,83,110,-27
118900164,1,84,-83
118900165,222,49,173
118900166,22,1,21
118900167,189,50,139
118900168,99,292,-193
118900169,400,197,203
118900170,808,88,720
118900171,219,78,141
118900174,177,85,92
118900175,1131,522,609
118900176,325,387,-62
118900177,245,13,232
118900178,161,106,55
118900179,7,47,-40
118900181,343,138,205
118900182,82,110,-28
118900183,49,476,-427
118900184,228,76,152
118900185,279,63,216
118900186,91,478,-387
118900187,149,1390,-1241
118900188,593,377,216
118900189,64,1091,-1027
118900190,287,378,-91
118900191,1072,108,964
118900192,1185,76,1109
118900193,1990,21,1969
118900195,292,986,-694
118900196,67,212,-145
118900197,614,120,494
118900198,100,23,77
118900199,161,16,145
118900200,58,59,-1
118900201,48,119,-71
118900202,12,103,-91
118900203,117,9,108
118900204,144,22,122
118900205,15,0,15
118900206,8,8,0
119000001,2977,3731,-754
119000002,5566,6641,-1075
119000003,7096,1649,5447
119000004,5448,4224,1224
119000005,4122,6515,-2393
119000006,7965,3722,4243
119000007,8630,8618,12
119000008,3977,3274,703
119000009,4493,14124,-9631
119000010,6399,7867,-1468
119000011,3726,4890,-1164
119000012,2256,6969,-4713
119000013,5911,3422,2489
119000014,3244,4219,-975
119000019,566,448,118
119000020,5051,2740,2311
119000021,9875,6158,3717
119000022,2729,9542,-6813
119000023,270,819,-549
119000024,4689,46665,-41976
119000025,7228,2486,4742
119000026,74,1195,-1121
119000027,196,913,-717
119000028,3587,1012,2575
119000029,120,463,-343
119000030,830,1125,-295
119000031,2537,1084,1453
119000032,7015,3133,3882
119000033,3788,1489,2299
119000034,3177,1693,1484
119000035,108,337,-229
119000036,5821,562,5259
119000037,3510,1423,2087
119000038,658,502,156
119000039,1613,940,673
119000040,1591,2065,-474
119000041,1796,3436,-1640
119000048,3973,2269,1704
119000049,6285,3853,2432
119000050,2198,5484,-3286
119000051,4691,3262,1429
119000052,8314,4080,4234
119000053,3964,2123,1841
119000054,6469,1814,4655
119000055,12366,2287,10079
119000056,8306,2172,6134
119000057,3371,1146,2225
119000058,2856,1458,1398
119000059,1755,1683,72
119000060,4286,1106,3180
119000061,2182,737,1445
119000062,1621,1206,415
119000063,1654,1056,598
119000064,1753,2343,-590
119000065,1872,6983,-5111
119000066,3697,1871,1826
119000067,3518,2005,1513
119000068,3840,1391,2449
119000069,4433,2883,1550
119000070,6455,828,5627
119000071,2154,1124,1030
119000072,8419,7358,1061
119000073,6984,23829,-16845
119000074,3290,1969,1321
119000075,8152,4341,3811
119000076,260,3191,-2931
119000077,1269,1665,-396
119000078,648,2067,-1419
119000079,208,1491,-1283
119000080,1839,509,1330
119000081,799,2493,-1694
119000082,1991,460,1531
119000083,1235,735,500
119000084,561,976,-415
119000085,1871,181,1690
119000086,483,1301,-818
119000087,1364,261,1103
119000088,458,125,333
119000089,109,251,-142
119000090,257,79,178
119000091,138,348,-210
119000092,673,206,467
119000093,8345,4677,3668
119000094,8821,10333,-1512
119000095,5007,12470,-7463
119000097,2490,1498,992
119000098,2278,12952,-10674
119000099,3606,1321,2285
119000100,9875,5465,4410
119000101,5542,4174,1368
119000102,465,2213,-1748
119000103,1109,1193,-84
119000104,2271,1352,919
119000105,1945,5762,-3817
119000106,872,1025,-153
119000107,2520,1025,1495
119000108,1416,1035,381
119000109,280,1987,-1707
119000110,475,2323,-1848
119000111,86,1752,-1666
119000112,234,619,-385
119000113,1565,811,754
119000114,2989,2461,528
119000115,117,328,-211
119000116,259,185,74
119000117,683,647,36
119000118,28,0,28
119000123,2330,6597,-4267
119000124,2573,438,2135
119000125,11053,1017,10036
119000126,2733,671,2062
119000127,1797,522,1275
119000128,42,2,40
119000131,2675,232,2443
119000132,0,1,-1
119000133,8,22,-14
119000134,2064,1183,881
119000135,321,1342,-1021
119000136,773,101,672
119000137,456,190,266
119000138,1931,96,1835
119000139,530,123,407
119000140,785,567,218
119000284,1707,2599,-892
119000285,2492,1723,769
119000286,5945,4298,1647
119000287,2142,2037,105
119000288,4151,1282,2869
119000289,2288,4000,-1712
119000290,321,478,-157
119000291,360,570,-210
119000293,270,341,-71
119000294,96,57,39
119000295,3443,508,2935
119000296,471,152,319
119000302,3183,1611,1572
119000303,35,732,-697
119000314,4142,24119,-19977
119000315,3,222,-219
119000316,394,121,273
119000317,185,135,50
119900001,201,3933,-3732
119900002,511,541,-30
119900003,12,360,-348
119900004,262,5910,-5648
119900005,715,117,598
119900006,126,785,-659
119900007,862,549,313
119900008,39,164,-125
119900009,964,521,443
119900010,1008,2734,-1726
119900011,25,627,-602
119900012,17,261,-244
119900013,2345,3056,-711
119900014,678,670,8
119900015,643,126,517
119900016,172,176,-4
119900017,105,59,46
119900018,1669,3545,-1876
119900019,246,24,222
119900020,150,292,-142
119900021,458,63,395
119900022,144,2681,-2537
119900023,863,6371,-5508
119900025,1075,52,1023
119900026,1111,177,934
119900027,13,8,5
119900028,461,551,-90
119900029,2,7,-5
119900030,1262,871,391
119900031,123,2174,-2051
119900033,2371,446,1925
119900034,2188,55,2133
119900037,348,17,331
119900038,49,830,-781
119900039,117,8,109
119900040,498,175,323
119900041,900,31,869
119900042,98,574,-476
119900043,293,223,70
119900044,292,1224,-932
119900046,807,37,770
119900047,1047,389,658
119900048,142,27,115
119900049,366,3,363
119900050,449,494,-45
119900051,3352,92,3260
119900052,446,36,410
119900053,657,237,420
119900054,988,14,974
119900055,2308,580,1728
119900057,1119,48,1071
119900058,916,12,904
119900059,125,32,93
119900060,501,144,357
119900061,1242,16,1226
119900062,452,5,447
119900063,15,220,-205
119900064,1797,215,1582
119900065,351,4,347
119900066,0,0,0
119900067,304,71,233
119900068,1680,7,1673
119900069,258,12,246
119900070,2622,13,2609
119900071,1810,87,1723
119900072,647,240,407
119900073,2293,295,1998
119900074,25,140,-115
119900075,2259,2132,127
119900076,2210,308,1902
119900077,1976,533,1443
119900078,1323,639,684
119900079,1209,49,1160
119900080,942,553,389
119900081,1092,62,1030
119900082,4380,446,3934
119900083,935,50,885
119900084,615,1041,-426
119900085,151,81,70
119900086,533,449,84
119900087,376,2574,-2198
119900088,57,44,13
119900089,82,169,-87
119900090,140,29,111
119900091,141,205,-64
119900092,80,2264,-2184
119900093,5375,400,4975
119900094,40,1066,-1026
119900095,197,142,55
119900096,44,125,-81
119900097,445,352,93
119900098,64,40,24
119900099,48,131,-83
119900100,996,3180,-2184
119900101,497,2589,-2092
119900102,98,136,-38
119900103,86,113,-27
119900104,114,145,-31
119900105,1973,8607,-6634
119900106,20,110,-90
119900107,678,1487,-809
119900108,7426,700,6726
119900109,20,146,-126
119900110,1366,497,869
119900111,554,95,459
119900112,958,1914,-956
119900113,73,204,-131
119900114,507,680,-173
119900115,1233,299,934
119900116,220,1059,-839
119900117,933,339,594
119900118,367,189,178
119900119,658,232,426
119900120,863,410,453
119900121,1384,631,753
119900122,75,176,-101
119900123,273,435,-162
119900124,1071,481,590
119900125,60,162,-102
119900126,6208,380,5828
119900127,657,336,321
119900128,1050,1511,-461
119900129,804,158,646
119900130,4,160,-156
119900131,144,86,58
119900132,26,78,-52
119900133,270,101,169
119900134,712,82,630
119900135,0,226,-226
119900136,97,188,-91
119900138,232,313,-81
119900139,27,343,-316
119900140,0,97,-97
119900141,54,2217,-2163
119900142,27,67,-40
119900143,82,565,-483
119900144,1053,320,733
119900145,91,321,-230
119900146,434,288,146
119900147,1,386,-385
119900148,629,58,571
119900149,665,14766,-14101
119900150,178,169,9
119900151,5569,2259,3310
119900152,532,171,361
119900153,465,80,385
119900154,36,374,-338
119900155,74,31,43
119900156,34,2,32
119900157,505,244,261
119900158,424,118,306
119900159,4,357,-353
119900160,35,239,-204
119900161,199,138,61
119900162,2404,1068,1336
119900163,71,272,-201
119900164,0,2,-2
119900165,419,109,310
119900166,227,36,191
119900167,3,139,-136
119900168,3685,445,3240
119900169,68,896,-828
119900170,258,422,-164
119900171,1801,736,1065
119900172,41,21,20
119900173,119,185,-66
119900174,8,256,-248
119900175,4560,514,4046
119900177,83,170,-87
119900178,1,153,-152
119900179,582,2196,-1614
119900180,2319,1141,1178
119900181,56,177,-121
119900182,1,136,-135
119900183,201,732,-531
119900184,937,585,352
119900185,140,715,-575
119900186,27,3843,-3816
119900187,6,259,-253
119900188,424,441,-17
119900189,235,767,-532
119900190,247,723,-476
119900191,178,743,-565
119900192,105,157,-52
119900193,1611,180,1431
119900194,48,80,-32
119900195,45,194,-149
119900196,466,96,370
119900197,964,550,414
119900198,306,349,-43
119900199,416,36,380
119900200,1752,967,785
119900201,298,217,81
119900202,46,578,-532
119900203,363,1548,-1185
119900204,638,463,175
119900205,2644,394,2250
119900206,661,310,351
119900208,132,212,-80
119900209,892,4781,-3889
119900210,240,20,220
119900211,90,7,83
119900212,945,447,498
119900213,24,126,-102
119900214,310,46,264
119900215,171,46,125
119900216,39,33,6
119900217,8,23,-15
119900218,28,172,-144
119900219,33,56,-23
119900220,16,27,-11
119900221,109,79,30
119900222,26,75,-49
119900223,32,46,-14
119900224,56,23,33
119900225,419,35,384
119900226,339,4183,-3844
119900227,356,233,123
119900228,9,619,-610
119900229,105,270,-165
119900230,1776,351,1425
119900231,738,91,647
119900232,316,183,133
119900233,194,13,181
119900234,26,387,-361
119900235,37,96,-59
119900236,49,444,-395
119900237,137,764,-627
119900238,2,538,-536
119900240,132,406,-274
119900241,499,193,306
119900242,3185,2159,1026
119900244,1309,1402,-93
119900245,576,460,116
119900246,231,899,-668
119900247,23,110,-87
119900248,71,1338,-1267
119900249,914,414,500
119900253,1865,429,1436
119900254,202,3100,-2898
119900255,406,1352,-946
119900256,1659,357,1302
119900257,207,22,185
119900258,456,19,437
119900259,12,72,-60
119900260,421,33,388
119900261,1089,519,570
119900262,5,341,-336
119900263,2712,307,2405
119900264,496,83,413
119900265,1779,385,1394
119900266,1425,290,1135
119900267,269,425,-156
119900268,661,110,551
119900269,4174,667,3507
119900271,111,218,-107
119900272,181,394,-213
119900275,266,53,213
119900276,246,5,241
119900277,12,4,8
119900278,1012,113,899
119900279,187,616,-429
119900280,857,75,782
119900281,0,704,-704
119900282,49,167,-118
119900283,125,80,45
119900284,93,122,-29
119900285,0,163,-163
119900286,0,19,-19
119900288,12,10,2
119900289,0,16,-16
119900290,8,1,7
119900291,0,125,-125
119900292,54,114,-60
119900293,32,72,-40
119900294,35,57,-22
119900295,32,11,21
119900296,109,22,87
119900297,5,13,-8
119900298,7,3,4
119900299,216,1067,-851
119900300,525,545,-20
119900301,135,540,-405
119900302,96,611,-515
119900303,614,570,44
119900304,370,12,358
119900305,13,167,-154
119900306,51,3,48
119900307,67,220,-153
119900308,8,31,-23
119900309,112,696,-584
119900310,483,373,110
119900311,407,44,363
119900312,371,47,324
119900313,473,497,-24
119900314,545,817,-272
119900315,5102,1257,3845
119900318,31,185,-154
119900319,20,83,-63
119900320,573,277,296
119900321,443,17,426
120000001,16137,58181,-42044
120000002,4224,4449,-225
120000003,3567,1700,1867
120000004,4954,1578,3376
120000005,3638,2183,1455
120000006,2799,1442,1357
120000007,4219,8820,-4601
120000008,1959,1379,580
120000009,2096,1484,612
120000010,4430,4980,-550
120000011,2699,2387,312
120000012,3541,2768,773
120000013,8264,4760,3504
120000014,1882,3827,-1945
120000015,5728,3783,1945
120000016,7803,4102,3701
120000017,8011,8389,-378
120000018,5875,34433,-28558
120000019,2281,2852,-571
120000020,4200,6517,-2317
120000021,3253,3170,83
120000022,3760,4794,-1034
120000023,3013,2693,320
120000024,1789,3397,-1608
120000025,5308,2754,2554
120000026,7008,2918,4090
120000027,5140,3027,2113
120000028,1610,4987,-3377
120000029,2337,4615,-2278
120000030,306,1908,-1602
120000031,3613,9609,-5996
120000032,7461,3938,3523
120000033,6999,1737,5262
120000034,7335,1700,5635
120000035,7702,2472,5230
120000036,6506,9235,-2729
120000037,1008,3136,-2128
120000038,10435,5716,4719
120000039,1591,2386,-795
120000040,131,3907,-3776
120000041,734,2480,-1746
120000042,4619,2998,1621
120000043,9933,1141,8792
120000044,12596,1868,10728
120000045,14815,1092,13723
120000046,8450,7700,750
120000047,1142,24456,-23314
120000048,19531,7859,11672
120000049,8823,8807,16
120000050,6349,10170,-3821
120000051,4255,7456,-3201
120000052,9250,1452,7798
120000053,2273,1831,442
120000054,2823,2803,20
120000055,3032,3965,-933
120000056,8718,5413,3305
120000057,7860,3463,4397
120000058,1807,2023,-216
120000059,49,2995,-2946
120000061,341,2268,-1927
120000062,285,447,-162
120000063,968,2552,-1584
120000064,697,686,11
120000065,773,1172,-399
120000066,375,686,-311
120000067,76,175,-99
120000068,476,275,201
120000069,1532,414,1118
120000070,400,456,-56
120000071,1937,136,1801
120000072,2967,737,2230
120000073,2558,87,2471
120000074,395,458,-63
120000075,2648,1290,1358
120000076,5948,553,5395
120000077,5957,948,5009
120000078,4439,1591,2848
120000079,337,215,122
120000080,127,379,-252
120000081,428,158,270
120000082,451,323,128
120000083,103,1113,-1010
120000084,405,566,-161
120000085,493,703,-210
120000086,219,387,-168
120000087,363,399,-36
120000088,1663,1239,424
120000089,1788,726,1062
120000090,1872,881,991
120000091,2708,888,1820
120000092,1804,459,1345
120000093,1524,724,800
120000094,660,2279,-1619
120000095,1588,182,1406
120000096,884,444,440
120000098,2015,752,1263
120000099,1099,847,252
120000100,1640,844,796
120000101,1705,598,1107
120000102,1643,1973,-330
120000103,3125,1828,1297
120000104,4813,683,4130
120000105,6231,575,5656
120000106,7776,560,7216
120000107,13062,691,12371
120000108,4542,336,4206
120000109,2606,193,2413
120000110,119,932,-813
120000111,328,1278,-950
120000112,1184,1620,-436
120000113,1026,1300,-274
120000114,789,1280,-491
120000115,650,1287,-637
120000116,638,1741,-1103
120000117,590,1199,-609
120000118,40,156,-116
120000119,31,57,-26
120000120,273,495,-222
120000121,25,61,-36
120000122,537,2014,-1477
120000123,2829,19587,-16758
120000124,1075,1232,-157
120000125,2635,921,1714
120000126,810,5810,-5000
120000127,1221,3092,-1871
120000128,4029,10933,-6904
120000129,539,321,218
120000130,2015,865,1150
120000131,1002,988,14
120000134,1343,638,705
120000135,2726,980,1746
120000137,801,334,467
120000138,4573,366,4207
120000139,807,368,439
120000140,4084,201,3883
120000141,669,1584,-915
120000142,2014,2751,-737
120000143,1,68,-67
120000144,305,25,280
120000145,1856,5,1851
120000146,1992,2903,-911
120000149,879,822,57
120000150,3636,21159,-17523
120000151,1121,730,391
120000152,2756,284,2472
120000153,1762,799,963
120000154,1229,1229,0
120000155,622,941,-319
120000156,826,5754,-4928
120000157,2281,788,1493
120000158,1986,876,1110
120000159,3496,1732,1764
120000160,3698,2559,1139
120000161,7022,4185,2837
120000162,300,645,-345
120000163,1627,872,755
120000164,1589,211,1378
120000165,1963,556,1407
120000166,3246,620,2626
120000167,384,527,-143
120000168,20,1360,-1340
120000169,37,3798,-3761
120000170,18,2952,-2934
120000171,11,1054,-1043
120000172,15,646,-631
120000173,290,2137,-1847
120000174,29,50,-21
120000175,51,85,-34
120000176,15,75,-60
120000177,837,159,678
120000178,7,32,-25
120000179,73,93,-20
120000180,35,83,-48
120000181,217,3176,-2959
120000182,84,2079,-1995
120000183,6,870,-864
120000184,361,2446,-2085
120000186,48,1966,-1918
120000187,19,1425,-1406
120000188,68,1234,-1166
120000190,78,109,-31
120000191,44,291,-247
120000192,106,36,70
120000193,54,5,49
120000195,15,0,15
120000196,43,4,39
120000197,12,7,5
120000198,835,22,813
120000199,970,2,968
120000200,727,3,724
120000201,131,245,-114
120000202,0,63,-63
120000203,517,245,272
120000207,1,50,-49
120000208,32,38,-6
120000209,17,10,7
120000210,42,30,12
120000211,1137,20,1117
120000212,939,0,939
120000213,753,352,401
120000214,0,64,-64
120000215,17,96,-79
120000216,822,40,782
120000217,319,1164,-845
120000218,38,435,-397
120000219,9,294,-285
120000220,7,839,-832
120000225,6232,10,6222
120000226,1342,18,1324
120000227,2146,245,1901
120000228,16812,7548,9264
120000230,964,48,916
120000231,4174,947,3227
120000233,1544,13,1531
120000235,805,588,217
120000236,4214,3,4211
120000237,1,1446,-1445
120000238,5,874,-869
120000241,2390,8847,-6457
120000412,279,114,165
120000413,1611,287,1324
120000414,674,20,654
120000415,4,33,-29
120000416,359,8,351
120000417,13,289,-276
120000418,1224,44,1180
120000419,93,66,27
120000420,122,15,107
120000421,12994,6205,6789
120000422,224,6642,-6418
120000423,18,395,-377
120000424,770,95,675
120000436,99,2726,-2627
120000437,95,199,-104
120000438,1993,456,1537
120000439,653,1670,-1017
120000443,351,1,350
120000444,3814,732,3082
120000445,4548,3532,1016
120000446,4421,289,4132
120000447,1021,11,1010
120000449,785,11,774
120000450,19,83,-64
120000451,471,384,87
120000452,661,2,659
120000453,0,46,-46
120000454,68,125,-57
120000455,349,89,260
120000456,4987,10584,-5597
120000457,612,467,145
120000458,657,888,-231
120000459,429,117,312
120000665,230,902,-672
120000668,171,9111,-8940
120000669,1082,153,929
120000670,64,2097,-2033
120000671,7623,1688,5935
120000672,89,753,-664
120900001,156,76,80
120900002,191,1266,-1075
120900003,373,17,356
120900004,19,367,-348
120900005,260,358,-98
120900006,1636,324,1312
120900007,917,149,768
120900008,1242,783,459
120900009,431,16,415
120900010,1474,266,1208
120900011,64,1000,-936
120900012,62,2584,-2522
120900013,779,590,189
120900014,2,500,-498
120900015,2357,649,1708
120900016,4335,213,4122
120900017,3471,149,3322
120900018,545,248,297
120900019,841,963,-122
120900020,559,1111,-552
120900021,716,267,449
120900022,10,324,-314
120900023,841,122,719
120900024,2284,560,1724
120900025,1717,1246,471
120900026,418,160,258
120900027,713,50,663
120900028,1353,398,955
120900029,48,1794,-1746
120900030,4906,1042,3864
120900031,582,136,446
120900032,3228,104,3124
120900033,3084,696,2388
120900034,21,7173,-7152
120900035,745,192,553
120900037,929,73,856
120900038,308,948,-640
120900039,218,95,123
120900040,763,12,751
120900041,41,33,8
120900042,1284,37,1247
120900043,260,316,-56
120900044,14,1064,-1050
120900045,483,68,415
120900046,1979,30,1949
120900047,252,324,-72
120900048,443,79,364
120900049,1307,23,1284
120900050,1379,6488,-5109
120900051,1087,134,953
120900052,2685,54,2631
120900053,1271,37,1234
120900054,2215,377,1838
120900055,1823,111,1712
120900056,1531,87,1444
120900057,848,45,803
120900058,1881,15,1866
120900059,602,4,598
120900060,206,26,180
120900061,475,273,202
120900062,1166,8,1158
120900063,2731,54,2677
120900064,2039,12,2027
120900065,1855,8,1847
120900066,2654,788,1866
120900067,543,235,308
120900068,1523,5,1518
120900069,1343,50,1293
120900071,70,0,70
120900072,2579,30,2549
120900073,2802,94,2708
120900074,3127,106,3021
120900076,1575,5,1570
120900077,2030,593,1437
120900078,2145,456,1689
120900079,3149,122,3027
120900080,3099,356,2743
120900081,4067,445,3622
120900082,493,949,-456
120900083,311,3,308
120900084,1285,1026,259
120900085,81,139,-58
120900086,76,1651,-1575
120900087,1004,377,627
120900088,535,1616,-1081
120900089,2463,8654,-6191
120900090,893,19,874
120900091,322,1339,-1017
120900092,188,283,-95
120900093,1609,160,1449
120900094,337,232,105
120900095,780,53,727
120900096,191,197,-6
120900097,1224,769,455
120900098,110,139,-29
120900099,100,99,1
120900100,133,208,-75
120900101,103,144,-41
120900102,265,195,70
120900103,317,413,-96
120900104,22,42,-20
120900105,70,798,-728
120900106,351,301,50
120900107,94,154,-60
120900108,82,291,-209
120900109,75,369,-294
120900110,34,270,-236
120900111,354,206,148
120900112,188,278,-90
120900113,53,447,-394
120900114,95,245,-150
120900115,234,340,-106
120900116,1798,143,1655
120900117,19,118,-99
120900118,72,182,-110
120900119,18047,3229,14818
120900120,203,1006,-803
120900121,126,375,-249
120900122,2259,233,2026
120900123,107,118,-11
120900124,7,144,-137
120900125,30,517,-487
120900126,233,641,-408
120900127,145,196,-51
120900128,346,611,-265
120900129,33,113,-80
120900130,19,293,-274
120900131,203,323,-120
120900132,3447,277,3170
120900133,140,768,-628
120900134,228,168,60
120900135,11,202,-191
120900136,74,267,-193
120900137,1065,192,873
120900138,2,190,-188
120900139,6,144,-138
120900140,4,295,-291
120900141,905,404,501
120900142,102,203,-101
120900143,0,148,-148
120900144,0,33,-33
120900145,317,2011,-1694
120900146,3,170,-167
120900147,0,18,-18
120900148,512,204,308
120900149,6,93,-87
120900150,242,220,22
120900151,0,109,-109
120900152,0,1,-1
120900153,0,0,0
120900154,7,269,-262
120900155,480,287,193
120900156,730,194,536
120900157,1,3,-2
120900158,187,273,-86
120900159,2,76,-74
120900160,165,538,-373
120900161,104,549,-445
120900162,43,1031,-988
120900163,176,2554,-2378
120900164,0,42,-42
120900165,0,88,-88
120900166,99,1823,-1724
120900167,202,80,122
120900169,501,359,142
120900170,259,9510,-9251
120900171,726,98,628
120900172,220,4121,-3901
120900173,33,287,-254
120900174,15,181,-166
120900175,317,132,185
120900176,47,941,-894
120900177,9,5124,-5115
120900178,5,2096,-2091
120900179,117,377,-260
120900180,72,700,-628
120900181,41,61,-20
120900182,70,556,-486
120900183,1300,103,1197
120900184,521,140,381
120900185,1317,2779,-1462
120900186,0,96,-96
120900187,1801,844,957
120900188,573,12,561
120900189,150,7673,-7523
120900190,889,14,875
120900191,536,6,530
120900192,6722,32189,-25467
120900194,217,349,-132
120900195,142,426,-284
120900196,467,190,277
120900197,1373,199,1174
120900198,204,458,-254
120900199,700,1377,-677
120900200,12,116,-104
120900201,228,103,125
120900202,2,217,-215
120900203,132,145,-13
120900204,129,233,-104
120900205,171,19,152
120900206,182,57,125
121000001,1236,5123,-3887
121000002,4197,4303,-106
121000003,12431,3982,8449
121000004,3880,6346,-2466
121000005,3973,5349,-1376
121000006,4915,5546,-631
121000007,4544,10754,-6210
121000008,5894,9548,-3654
121000009,7673,15815,-8142
121000010,10241,11439,-1198
121000011,9790,13552,-3762
121000012,17849,7800,10049
121000013,10799,9286,1513
121000014,8069,6459,1610
121000015,8953,11615,-2662
121000016,6497,6436,61
121000017,4935,2684,2251
121000018,6447,3296,3151
121000019,11782,10723,1059
121000020,14199,22900,-8701
121000021,3545,3627,-82
121000022,4169,7572,-3403
121000023,4495,1483,3012
121000024,8202,9265,-1063
121000025,1025,3118,-2093
121000026,602,329,273
121000027,2966,2353,613
121000028,1539,1518,21
121000029,1769,1231,538
121000030,1613,1197,416
121000031,619,1750,-1131
121000032,313,328,-15
121000034,792,2375,-1583
121000035,548,845,-297
121000036,2072,2306,-234
121000037,1190,3146,-1956
121000038,542,1958,-1416
121000039,337,768,-431
121000041,694,921,-227
121000042,323,755,-432
121000043,967,983,-16
121000044,2120,1897,223
121000045,1075,494,581
121000046,1609,2286,-677
121000047,59,160,-101
121000049,1795,1174,621
121000050,379,3514,-3135
121000051,1115,723,392
121000052,843,2411,-1568
121000053,1035,622,413
121000054,94,1184,-1090
121000055,1889,6433,-4544
121000056,1524,2499,-975
121000057,303,1036,-733
121000058,255,165,90
121000059,5809,2465,3344
121000060,929,1878,-949
121000061,70,909,-839
121000062,204,2387,-2183
121000063,1292,2073,-781
121000064,838,1046,-208
121000065,242,1285,-1043
121000066,713,1338,-625
121000067,688,2415,-1727
121000068,536,951,-415
121000069,231,2710,-2479
121000070,2302,3621,-1319
121000071,3829,4190,-361
121000072,1311,3404,-2093
121000073,1616,2899,-1283
121000074,172,489,-317
121000075,12,395,-383
121000076,492,1312,-820
121000077,280,359,-79
121000078,263,511,-248
121000080,4976,1239,3737
121000081,10077,8269,1808
121000082,153,572,-419
121000083,109,377,-268
121000084,328,474,-146
121000085,531,754,-223
121000086,2197,780,1417
121000087,133,428,-295
121000088,1478,686,792
121000089,360,1361,-1001
121000090,326,760,-434
121000091,1773,1246,527
121000092,415,154,261
121000093,491,524,-33
121000094,525,2046,-1521
121000095,248,1455,-1207
121000096,12222,3616,8606
121000097,1117,4340,-3223
121000098,1119,940,179
121000099,1578,761,817
121000100,1798,287,1511
121000101,672,258,414
121000102,801,158,643
121000103,445,173,272
121000104,600,126,474
121000105,959,274,685
121000106,599,353,246
121000107,2578,4708,-2130
121000109,2336,1351,985
121000110,263,1171,-908
121000114,7330,4447,2883
121000115,7723,1130,6593
121000116,566,1808,-1242
121000117,424,597,-173
121000118,2760,572,2188
121000119,676,391,285
121000120,1092,839,253
121000121,809,4698,-3889
121000123,1367,632,735
121000126,109,793,-684
121000127,122,348,-226
121000128,2571,252,2319
121000129,2094,343,1751
121000130,873,875,-2
121000131,2161,1207,954
121000132,658,1174,-516
121000135,489,801,-312
121000136,1507,2922,-1415
121000137,2421,790,1631
121000138,680,2759,-2079
121000139,301,951,-650
121000141,447,836,-389
121000142,854,909,-55
121000143,203,41,162
121000144,887,1162,-275
121000145,1280,1260,20
121000146,2513,3496,-983
121000147,3408,1306,2102
121000148,1586,1932,-346
121000149,4744,4147,597
121000152,634,759,-125
121000153,3148,936,2212
121000154,3420,1241,2179
121000155,6786,2281,4505
121000156,773,2210,-1437
121000157,1628,2369,-741
121000158,349,499,-150
121000159,495,904,-409
121000160,358,1013,-655
121000161,547,542,5
121000162,311,135,176
121000165,2386,2981,-595
121000166,88,709,-621
121000168,672,338,334
121000169,309,293,16
121000170,573,183,390
121000171,178,440,-262
121000172,1928,3420,-1492
121000173,2703,2969,-266
121000174,1619,1401,218
121000175,3365,1519,1846
121000176,1521,588,933
121000177,1392,1543,-151
121000178,134,107,27
121000179,81,123,-42
121000181,530,558,-28
121000182,690,952,-262
121000183,82,395,-313
121000184,60,609,-549
121000185,93,1004,-911
121000186,719,2049,-1330
121000187,565,109,456
121000188,738,150,588
121000192,1925,993,932
121000193,1462,668,794
121000194,3724,3744,-20
121000195,461,2672,-2211
121000196,719,1141,-422
121000197,274,3905,-3631
121000198,202,661,-459
121000199,288,1598,-1310
121000200,1246,620,626
121000201,40,918,-878
121000202,247,9,238
121000203,1801,2965,-1164
121000204,6289,1213,5076
121000205,172,485,-313
121000206,197,258,-61
121000207,3940,761,3179
121000208,4,454,-450
121000209,1748,173,1575
121000210,1355,715,640
121000211,1187,189,998
121000212,630,1188,-558
121000213,34296,5984,28312
121000214,2654,4202,-1548
121000215,1110,4953,-3843
121000216,1058,1426,-368
121000217,7051,6758,293
121000218,662,5093,-4431
121000219,3282,1876,1406
121000220,375,222,153
121000221,441,1344,-903
121000222,9847,7120,2727
121000223,315,1780,-1465
121000224,194,981,-787
121000225,913,7666,-6753
121000226,1620,4001,-2381
121000227,21,221,-200
121000228,68,1428,-1360
121000229,1050,1062,-12
121000230,122,5888,-5766
121000231,3581,33,3548
121000232,1152,660,492
121000233,1310,658,652
121000234,5,102,-97
121000235,92,86,6
121000236,5,69,-64
121000237,33,49,-16
121000238,19,119,-100
121000239,80,12,68
121000240,18,293,-275
121000241,142,24,118
121000242,36,409,-373
121000243,238,68,170
121000244,4,87,-83
121000245,16,30,-14
121000246,1,100,-99
121000247,158,2,156
121000248,540,940,-400
121000249,238,853,-615
121000250,981,930,51
121000251,23,420,-397
121000252,194,254,-60
121000253,911,900,11
121000254,1344,520,824
121000255,362,1317,-955
121000256,860,1715,-855
121000257,90,426,-336
121000258,81,672,-591
121000259,48,379,-331
121000260,65,583,-518
121000261,92,530,-438
121000262,4849,634,4215
121000263,891,673,218
121000271,2048,2778,-730
121000273,69,39,30
121000274,62,449,-387
121000275,1,39,-38
121000276,39,137,-98
121000278,137,73,64
121000279,73,256,-183
121000280,112,165,-53
121000289,1009,32,977
121000290,3760,3501,259
121000294,518,33,485
121000297,689,2527,-1838
121000299,260,9738,-9478
121000300,4454,1642,2812
121000302,25,1102,-1077
121000303,1217,467,750
121000304,978,184,794
121000305,482,238,244
121000306,481,582,-101
121000308,159,583,-424
121000309,371,778,-407
121000310,236,562,-326
121000311,100,542,-442
121000312,1523,1074,449
121000313,737,538,199
121000314,48,96,-48
121000315,33,115,-82
121000530,4876,4116,760
121000531,4420,2987,1433
121000532,9597,8899,698
121000533,6462,6003,459
121000918,18,84,-66
121000919,22,190,-168
121000938,127,118,9
121000939,34,380,-346
121000956,2857,4135,-1278
121000957,2,139,-137
121000958,26,963,-937
121000959,2968,503,2465
121000960,3306,1994,1312
121000961,797,65,732
121000962,661,505,156
121000973,2,501,-499
121000976,35,151,-116
121000979,844,377,467
121000981,803,109,694
121000982,757,394,363
121000983,1182,243,939
121000984,7,314,-307
121000985,2468,838,1630
121000986,1474,193,1281
121000987,802,1132,-330
121000988,2328,208,2120
121001302,660,420,240
121001308,1,222,-221
121001309,57,395,-338
121001313,536,99,437
121001314,3916,2505,1411
121001315,8582,6244,2338
121900001,357,721,-364
121900002,24,277,-253
121900003,510,25,485
121900004,77,2932,-2855
121900005,30,24,6
121900006,145,2,143
121900007,4334,3329,1005
121900008,33,431,-398
121900009,2066,37,2029
121900010,437,3,434
121900011,407,208,199
121900012,5,2,3
121900013,253,156,97
121900014,6376,651,5725
121900015,175,361,-186
121900016,24,72,-48
121900017,986,1628,-642
121900018,1143,22,1121
121900019,1510,313,1197
121900020,110,8,102
121900021,3242,141,3101
121900022,351,375,-24
121900023,718,842,-124
121900024,1091,97,994
121900025,1129,1201,-72
121900026,867,244,623
121900027,679,616,63
121900028,397,48,349
121900029,370,908,-538
121900030,880,1123,-243
121900031,3330,10882,-7552
121900032,235,210,25
121900033,229,460,-231
121900034,433,883,-450
121900035,13827,6316,7511
121900036,401,912,-511
121900037,161,2223,-2062
121900038,87,221,-134
121900039,346,65,281
121900040,80,222,-142
121900041,57,443,-386
121900042,811,377,434
121900043,0,20,-20
121900044,156,50,106
121900046,256,619,-363
121900047,285,171,114
121900048,146,133,13
121900050,29,107,-78
121900051,253,1064,-811
121900052,372,93,279
121900053,956,1157,-201
121900054,471,2687,-2216
121900055,15,39,-24
121900058,815,1010,-195
121900059,528,268,260
121900060,312,1350,-1038
121900061,284,268,16
121900062,232,124,108
121900063,3090,2165,925
121900064,727,1311,-584
121900066,180,38,142
121900067,130,109,21
121900069,279,492,-213
121900070,198,402,-204
121900071,1432,749,683
121900072,104,316,-212
121900073,245,477,-232
121900074,996,1027,-31
121900075,516,1579,-1063
121900076,851,3566,-2715
121900077,53,42,11
121900078,343,96,247
121900079,1,1,0
121900080,2000,651,1349
121900082,109,319,-210
121900084,77,96,-19
121900085,1,14,-13
121900086,54,50,4
121900087,73,149,-76
121900088,2562,3602,-1040
121900089,941,493,448
121900090,34,38,-4
121900091,156,67,89
121900092,454,145,309
121900093,197,137,60
121900094,20,25,-5
121900095,744,219,525
121900096,1939,1543,396
121900097,1631,169,1462
121900098,28,6,22
121900099,613,54,559
121900100,94,228,-134
121900101,212,291,-79
121900102,2,148,-146
121900103,853,634,219
121900104,4134,1295,2839
121900105,568,286,282
121900106,10,13,-3
121900107,368,43,325
121900108,3,170,-167
121900109,356,269,87
121900110,1839,1107,732
121900111,1015,680,335
121900112,307,448,-141
121900113,206,933,-727
121900114,111,146,-35
121900115,370,460,-90
121900117,349,649,-300
121900118,4690,1526,3164
121900119,208,99,109
121900120,360,1582,-1222
121900121,842,46,796
121900122,121,94,27
121900123,677,585,92
121900124,479,395,84
121900125,7960,2750,5210
121900127,7,200,-193
121900128,211,127,84
121900129,343,263,80
121900130,167,875,-708
121900131,519,271,248
121900132,147,156,-9
121900133,31,942,-911
121900134,32,1100,-1068
121900135,9718,711,9007
121900136,387,848,-461
121900137,139,783,-644
121900138,60,764,-704
121900139,600,6442,-5842
121900140,64,76,-12
121900141,99,151,-52
121900142,270,65,205
121900143,41,192,-151
121900144,303,1189,-886
121900145,445,408,37
121900146,602,987,-385
121900147,112,837,-725
121900148,490,830,-340
121900149,550,526,24
121900150,90,399,-309
121900151,63,730,-667
121900152,369,100,269
121900153,91,297,-206
121900154,24,791,-767
121900155,8,1337,-1329
121900156,436,464,-28
121900157,3,404,-401
121900158,223,238,-15
121900159,0,197,-197
121900160,22,317,-295
121900161,341,745,-404
121900162,195,463,-268
121900163,1079,349,730
121900164,313,470,-157
121900165,266,525,-259
121900166,221,335,-114
121900167,123,135,-12
121900168,184,111,73
121900169,26,547,-521
121900170,51,202,-151
121900171,2092,1380,712
121900172,1596,743,853
121900173,1698,817,881
121900174,142,74,68
121900175,162,2003,-1841
121900176,1356,3830,-2474
121900177,317,191,126
121900179,574,577,-3
121900180,2482,10082,-7600
121900182,1204,1662,-458
121900183,354,3110,-2756
121900184,63,2173,-2110
121900186,25,1127,-1102
121900187,27,325,-298
121900188,2794,287,2507
121900189,298,246,52
121900190,376,950,-574
121900191,110,652,-542
121900192,413,4583,-4170
121900194,13,424,-411
121900195,28,104,-76
121900196,2338,1692,646
121900197,408,1846,-1438
121900198,6619,5392,1227
121900199,0,47,-47
121900200,51,411,-360
121900201,2396,1326,1070
121900202,369,1970,-1601
121900203,146,2227,-2081
121900204,3614,2442,1172
121900205,443,812,-369
121900206,37,527,-490
121900207,121,125,-4
121900208,215,1360,-1145
121900209,253,166,87
121900210,4410,2067,2343
121900211,7,194,-187
121900212,19,308,-289
121900213,850,30,820
121900214,4,1066,-1062
121900215,98,537,-439
121900216,29,993,-964
121900217,524,551,-27
121900218,160,1056,-896
121900219,391,134,257
121900220,158,44,114
121900221,1224,850,374
121900222,616,142,474
121900223,384,388,-4
121900224,360,275,85
121900225,235,1251,-1016
121900226,562,26,536
121900227,573,5988,-5415
121900228,469,176,293
121900229,730,1765,-1035
121900230,151,903,-752
121900231,100,3191,-3091
121900232,432,1422,-990
121900233,1393,482,911
121900234,849,1212,-363
121900235,1546,205,1341
121900236,601,383,218
121900237,457,1904,-1447
121900238,265,856,-591
121900239,269,134,135
121900240,566,536,30
121900241,100,62,38
121900242,42,0,42
121900243,16,0,16
121900244,38,1,37
121900245,903,68,835
121900246,13024,732,12292
121900247,955,484,471
121900248,3868,1343,2525
121900250,180,352,-172
121900251,1495,42,1453
121900252,742,203,539
121900253,37,1879,-1842
121900254,394,516,-122
121900255,1045,355,690
121900258,9805,2984,6821
121900259,160,966,-806
121900260,537,290,247
121900261,176,1752,-1576
121900262,1264,2748,-1484
121900263,527,382,145
121900264,1853,1338,515
121900265,963,317,646
121900266,1304,182,1122
121900267,461,58,403
121900269,663,2098,-1435
121900270,137,439,-302
121900271,258,372,-114
121900273,958,3718,-2760
121900274,859,487,372
121900276,717,532,185
121900277,493,4352,-3859
121900278,244,4829,-4585
121900279,338,471,-133
121900280,182,585,-403
121900281,151,624,-473
121900284,78,20,58
121900286,378,1188,-810
121900287,7,62,-55
121900290,348,2590,-2242
121900291,649,3378,-2729
121900292,381,198,183
121900293,1361,14033,-12672
121900294,937,27,910
121900295,412,249,163
121900296,166,560,-394
121900298,274,2447,-2173
121900299,1,18,-17
121900300,78,9,69
121900301,71,3,68
121900302,27,142,-115
121900303,374,2575,-2201
121900304,100,37,63
121900305,49,44,5
121900306,793,10,783
121900307,350,2,348
121900308,52,320,-268
121900309,47,213,-166
121900310,6,178,-172
121900311,1196,64,1132
121900312,1070,154,916
121900313,872,25,847
121900314,6,25,-19
121900315,130,4,126
121900316,0,3,-3
121900317,59,49,10
121900318,2,3,-1
121900319,130,598,-468
121900320,176,23,153
121900321,42,14,28
121900322,26,5,21
121900323,111,53,58
121900324,8,96,-88
121900325,73,1,72
121900326,6,2,4
121900327,2,51,-49
121900328,0,92,-92
121900329,1,26,-25
121900330,1,79,-78
121900331,146,189,-43
121900332,48,53,-5
122000001,2546,6099,-3553
122000002,3605,1393,2212
122000003,1444,3294,-1850
122000004,1884,1669,215
122000005,11087,3154,7933
122000006,879,2165,-1286
122000007,781,2313,-1532
122000008,1740,4408,-2668
122000009,699,773,-74
122000010,3804,4230,-426
122000011,8312,2828,5484
122000012,1187,5615,-4428
122000013,755,3194,-2439
122000014,10113,2952,7161
122000015,1690,1302,388
122000016,565,978,-413
122000017,2550,2305,245
122000018,5578,3912,1666
122000019,1571,4009,-2438
122000020,293,996,-703
122000021,128,552,-424
122000022,2175,2957,-782
122000023,2002,4265,-2263
122000024,709,4741,-4032
122000025,693,5304,-4611
122000026,344,1490,-1146
122000027,1342,1484,-142
122000028,4754,1567,3187
122000029,390,3418,-3028
122000030,249,574,-325
122000031,302,904,-602
122000032,9544,4889,4655
122000033,579,6173,-5594
122000034,359,2071,-1712
122000035,346,717,-371
122000036,717,1876,-1159
122000037,1966,467,1499
122000038,390,1196,-806
122000039,835,1619,-784
122000040,225,731,-506
122000041,3189,1626,1563
122000042,550,1633,-1083
122000043,119,312,-193
122000044,138,232,-94
122000045,3124,1658,1466
122000046,1809,2486,-677
122000047,101,351,-250
122000048,3347,7058,-3711
122000049,12845,7054,5791
122000050,866,1264,-398
122000051,361,871,-510
122000052,701,873,-172
122000053,522,1992,-1470
122000054,3014,4513,-1499
122000055,2317,4893,-2576
122000056,5338,3325,2013
122000057,7108,4735,2373
122000058,796,2440,-1644
122000059,1037,4456,-3419
122000060,306,1524,-1218
122000061,164,1029,-865
122000062,980,356,624
122000063,404,2219,-1815
122000064,4075,10085,-6010
122000065,3161,7226,-4065
122000066,1127,4846,-3719
122000067,2174,2953,-779
122000068,9886,2722,7164
122000069,3275,2195,1080
122000070,4408,2998,1410
122000071,7358,2048,5310
122000072,3036,1227,1809
122000073,217,2730,-2513
122000074,4278,3445,833
122000075,2345,1879,466
122000076,12854,3393,9461
122000077,905,3406,-2501
122000078,609,4038,-3429
122000079,290,5717,-5427
122000080,648,807,-159
122000081,143,275,-132
122000082,358,2080,-1722
122000083,22580,1905,20675
122000084,7236,3414,3822
122000085,591,1847,-1256
122000086,5903,17014,-11111
122000087,398,486,-88
122000088,66,489,-423
122000089,9229,5809,3420
122000090,1644,4078,-2434
122000091,229,2720,-2491
122000092,46,127,-81
122000093,3064,10973,-7909
122000094,13094,5574,7520
122000095,1193,11709,-10516
122000096,651,6847,-6196
122000098,11244,7195,4049
122000099,830,5056,-4226
122000100,1225,1376,-151
122000101,443,1192,-749
122000102,7827,2349,5478
122000103,1823,4484,-2661
122000104,2827,242,2585
122000105,355,856,-501
122000106,877,3101,-2224
122000107,2035,941,1094
122000108,1373,1347,26
122000109,496,459,37
122000110,1276,891,385
122000111,5230,2650,2580
122000112,3243,2873,370
122000113,1139,1398,-259
122000114,2096,8321,-6225
122000115,3494,2217,1277
122000116,459,1260,-801
122000117,2444,820,1624
122000118,1297,781,516
122000119,3265,1640,1625
122000120,1151,3411,-2260
122000121,935,2207,-1272
122000122,472,1087,-615
122000123,1805,2501,-696
122000124,1006,758,248
122000125,533,831,-298
122000126,402,728,-326
122000127,362,674,-312
122000128,265,513,-248
122000129,632,2984,-2352
122000130,5739,1200,4539
122000131,2427,1349,1078
122000132,310,375,-65
122000133,1593,1168,425
122000134,2202,1122,1080
122000135,777,306,471
122000136,1415,771,644
122000137,5313,1971,3342
122000139,1490,7185,-5695
122000140,290,3660,-3370
122000141,10457,5543,4914
122000142,131,6161,-6030
122000143,417,498,-81
122000144,3365,2520,845
122000145,1485,3799,-2314
122000146,870,7737,-6867
122000147,822,2174,-1352
122000148,512,2672,-2160
122000149,2884,1318,1566
122000150,2917,2057,860
122000151,230,463,-233
122000152,757,710,47
122000153,810,805,5
122000154,444,295,149
122000155,1712,6026,-4314
122000156,20617,7961,12656
122000157,979,21870,-20891
122000158,542,2271,-1729
122000159,1566,1832,-266
122000160,3477,2278,1199
122000161,2015,1454,561
122000162,1378,1656,-278
122000163,1051,298,753
122000164,96,542,-446
122000165,1873,3106,-1233
122000166,1203,4786,-3583
122000167,390,1386,-996
122000168,391,2507,-2116
122000169,875,467,408
122000170,472,774,-302
122000171,54,108,-54
122000172,4164,2703,1461
122000173,3624,5800,-2176
122000174,1736,3825,-2089
122000175,901,661,240
122000176,587,3001,-2414
122000177,1046,2877,-1831
122000178,9333,7076,2257
122000179,5709,6352,-643
122000180,846,1523,-677
122000181,879,2663,-1784
122000182,2215,1916,299
122000183,4955,1682,3273
122000184,5674,4993,681
122000185,1569,6352,-4783
122000186,1103,4227,-3124
122000187,3105,3336,-231
122000188,568,656,-88
122000189,454,587,-133
122000190,898,3293,-2395
122000191,1340,1436,-96
122000192,2098,936,1162
122000193,867,1603,-736
122000194,798,612,186
122000195,298,2657,-2359
122000196,2062,478,1584
122000197,657,1239,-582
122000198,669,5748,-5079
122000199,435,857,-422
122000200,1556,1385,171
122000201,1530,6176,-4646
122000202,1398,4057,-2659
122000203,3146,1833,1313
122000204,1743,1731,12
122000205,1160,942,218
122000206,12733,2145,10588
122000207,3359,4765,-1406
122000208,3758,5833,-2075
122000209,4243,1637,2606
122000210,2840,6203,-3363
122000211,1901,3900,-1999
122000212,1529,925,604
122000213,1691,3356,-1665
122000214,3490,3448,42
122000215,4886,3479,1407
122000217,2301,5241,-2940
122000218,1626,183,1443
122000219,3396,1704,1692
122000220,406,1320,-914
122000221,524,595,-71
122000222,825,257,568
122000223,955,1217,-262
122000225,738,1202,-464
122000226,1856,2142,-286
122000227,306,2439,-2133
122000228,562,404,158
122000229,19,992,-973
122000230,148,1279,-1131
122000231,486,1076,-590
122000232,951,923,28
122000233,0,125,-125
122000234,1220,96,1124
122000235,1031,171,860
122000236,2946,69,2877
122000237,225,657,-432
122000238,790,1502,-712
122000239,1318,882,436
122000240,2039,1051,988
122000241,1774,997,777
122000242,904,262,642
122000243,8,42,-34
122000244,7,490,-483
122000245,12,69,-57
122000246,59,212,-153
122000247,987,290,697
122000248,2088,1019,1069
122000249,2328,1561,767
122000250,3853,1343,2510
122000251,154,301,-147
122000252,350,145,205
122000253,215,273,-58
122000254,719,143,576
122000255,784,934,-150
122000256,496,1005,-509
122000257,578,166,412
122000258,562,1092,-530
122000259,102,731,-629
122000260,19,68,-49
122000261,24,433,-409
122000262,1,48,-47
122000263,365,470,-105
122000264,3244,855,2389
122000265,5905,2544,3361
122000266,6836,1451,5385
122000267,211,389,-178
122000268,412,576,-164
122000269,1835,766,1069
122000270,1300,595,705
122000271,363,6532,-6169
122000272,719,2111,-1392
122000273,1243,980,263
122000274,801,581,220
122000275,101,549,-448
122000276,2381,1056,1325
122000277,1749,3018,-1269
122000278,4096,394,3702
122000279,513,563,-50
122000280,1012,1310,-298
122000281,939,707,232
122000282,144,687,-543
122000283,375,258,117
122000284,144,85,59
122000285,503,72,431
122000286,135,202,-67
122000287,3164,2040,1124
122000288,623,311,312
122000291,5993,1624,4369
122000293,305,126,179
122000294,310,750,-440
122000295,2069,627,1442
122000296,50,1666,-1616
122000297,3644,6814,-3170
122000299,1362,595,767
122000300,575,800,-225
122000301,12501,5674,6827
122000302,757,7865,-7108
122000303,3457,1611,1846
122000304,33,441,-408
122000305,4040,901,3139
122000306,166,408,-242
122000307,289,230,59
122000309,120,95,25
122000310,23,157,-134
122000311,29,236,-207
122000312,253,291,-38
122000313,66,165,-99
122000314,284,755,-471
122000315,520,59,461
122000316,3723,595,3128
122000317,6837,415,6422
122000318,417,3561,-3144
122000319,183,444,-261
122000320,675,1422,-747
122000321,197,259,-62
122000322,2234,4298,-2064
122000323,775,4577,-3802
122000324,2715,4417,-1702
122000325,1277,6282,-5005
122000326,285,178,107
122000327,489,2314,-1825
122000328,706,1806,-1100
122000330,5336,4348,988
122000332,421,907,-486
122000333,24,54,-30
122000337,2782,642,2140
122000338,1083,395,688
122000340,312,7375,-7063
122000342,3139,1741,1398
122000343,614,772,-158
122000344,111,24,87
122000345,73,59,14
122000346,374,258,116
122000348,1095,1369,-274
122000349,90,972,-882
122000351,495,504,-9
122000352,338,342,-4
122000353,394,121,273
122000355,231,482,-251
122000356,417,4129,-3712
122000357,110,24,86
122000358,2,13,-11
122000359,0,12,-12
122000360,0,5,-5
122000362,15,40,-25
122000364,617,258,359
122000365,5,29,-24
122000366,55,32,23
122000368,764,1448,-684
122000370,48,25,23
122000371,60,0,60
122000372,38,6,32
122000381,388,702,-314
122000382,91,363,-272
122000384,1826,1851,-25
122000385,114,0,114
122000386,298,4508,-4210
122000387,575,3720,-3145
122000388,2293,3406,-1113
122000389,456,2675,-2219
122000390,539,1374,-835
122000391,123,4135,-4012
122000392,321,416,-95
122000393,74,211,-137
122000394,1759,349,1410
122000395,317,262,55
122000396,745,141,604
122000397,31,144,-113
122000398,22,317,-295
122000399,290,157,133
122000400,41,2722,-2681
122000401,233,109,124
122000402,1012,375,637
122000403,1047,707,340
122000404,618,386,232
122000408,808,1317,-509
122000503,5,171,-166
122000524,158,1087,-929
122000544,88,5968,-5880
122000616,385,2,383
122000640,249,69,180
122000641,376,265,111
122000642,2867,763,2104
122000643,73,579,-506
122000644,400,155,245
122000645,19,216,-197
122000651,677,4740,-4063
122000664,291,245,46
122000665,3436,1270,2166
122000666,703,1337,-634
122000673,95,246,-151
122000674,1186,564,622
122000675,4436,1109,3327
122000686,1498,2993,-1495
122000687,3782,502,3280
122000688,495,845,-350
122000689,2518,848,1670
122000690,6978,3404,3574
122000691,1998,2225,-227
122000692,2298,385,1913
122000693,584,1260,-676
122000695,838,422,416
122000696,1742,322,1420
122000698,970,356,614
122000699,1159,436,723
122000701,5103,454,4649
122000702,989,1652,-663
122000703,645,210,435
122000717,182,129,53
122000718,421,5098,-4677
122000719,43,160,-117
122000720,2113,231,1882
122900001,58,45,13
122900002,1439,14669,-13230
122900003,1230,60,1170
122900004,3518,343,3175
122900005,47,273,-226
122900006,566,1617,-1051
122900007,116,1432,-1316
122900008,302,250,52
122900009,1742,708,1034
122900010,585,282,303
122900012,339,612,-273
122900014,208,113,95
122900015,1856,1513,343
122900016,330,298,32
122900017,471,3878,-3407
122900018,441,22,419
122900019,35,104,-69
122900020,364,685,-321
122900021,72,900,-828
122900022,2899,1463,1436
122900023,1925,342,1583
122900024,200,234,-34
122900025,8,517,-509
122900026,36,230,-194
122900027,88,1090,-1002
122900028,74,159,-85
122900029,14323,4123,10200
122900030,8473,967,7506
122900031,35,623,-588
122900032,2593,803,1790
122900033,331,271,60
122900034,9380,7972,1408
122900035,97,13,84
122900036,92,98,-6
122900037,934,1700,-766
122900038,166,5761,-5595
122900039,56,719,-663
122900040,399,3029,-2630
122900041,233,824,-591
122900042,345,462,-117
122900043,789,633,156
122900044,238,711,-473
122900045,241,767,-526
122900046,191,712,-521
122900047,130,391,-261
122900048,16,658,-642
122900049,8082,266,7816
122900051,188,2457,-2269
122900052,184,99,85
122900053,26,21,5
122900055,740,139,601
122900057,518,48,470
122900061,1059,78,981
122900062,1145,1588,-443
122900063,450,231,219
122900064,1671,705,966
122900065,1003,371,632
122900066,1179,542,637
122900067,1043,611,432
122900068,163,339,-176
122900069,623,3845,-3222
122900070,785,153,632
122900071,160,366,-206
122900072,9,441,-432
122900073,21,157,-136
122900074,2122,149,1973
122900075,3,342,-339
122900076,14,639,-625
122900077,7,75,-68
122900078,442,22,420
122900080,20,85,-65
122900081,283,560,-277
122900082,3301,142,3159
122900083,551,87,464
122900084,11,163,-152
122900086,23,238,-215
122900087,860,753,107
122900088,27,1445,-1418
122900089,156,765,-609
122900090,12,312,-300
122900091,875,11,864
122900092,0,279,-279
122900093,1,151,-150
122900094,3,202,-199
122900095,410,69,341
122900096,949,308,641
122900097,15,126,-111
122900098,14,224,-210
122900099,189,78,111
122900100,116,1564,-1448
122900101,539,521,18
122900102,75,91,-16
122900103,210,1,209
122900104,656,13,643
122900105,28,18,10
122900106,0,43,-43
122900107,1,42,-41
122900108,0,105,-105
123000001,1193,2173,-980
123000002,4436,10243,-5807
123000003,10021,8023,1998
123000004,5720,5325,395
123000005,7489,3834,3655
123000006,5110,3199,1911
123000007,6344,3997,2347
123000008,4271,4877,-606
123000009,6887,6264,623
123000010,4469,8274,-3805
123000011,2786,3359,-573
123000012,1354,9659,-8305
123000013,11252,2937,8315
123000014,1492,5762,-4270
123000015,5474,1742,3732
123000016,5075,5704,-629
123000017,6752,3236,3516
123000018,229,174,55
123000019,1612,78,1534
123000020,1051,31,1020
123000021,642,675,-33
123000022,935,4211,-3276
123000023,4177,6668,-2491
123000024,3280,1924,1356
123000025,30,546,-516
123000026,4,418,-414
123000027,47,1401,-1354
123000028,468,2149,-1681
123000029,385,2218,-1833
123000030,595,432,163
123000031,862,275,587
123000032,1492,278,1214
123000033,698,453,245
123000034,2466,1194,1272
123000035,1789,1121,668
123000036,452,2811,-2359
123000037,421,216,205
123000038,379,653,-274
123000039,1017,2571,-1554
123000040,694,398,296
123000041,899,3297,-2398
123000042,534,2148,-1614
123000043,3423,28449,-25026
123000044,4129,4607,-478
123000045,7745,3106,4639
123000046,348,2237,-1889
123000047,691,1891,-1200
123000048,284,2932,-2648
123000049,9534,19612,-10078
123000050,5775,3521,2254
123000051,150,485,-335
123000052,1543,5711,-4168
123000053,5113,4320,793
123000054,6233,4383,1850
123000055,3881,12010,-8129
123000056,2229,821,1408
123000057,6517,11247,-4730
123000058,1050,3068,-2018
123000059,377,756,-379
123000060,2297,645,1652
123000061,626,778,-152
123000063,3222,2026,1196
123000064,3628,376,3252
123000065,7161,6930,231
123000066,872,1025,-153
123000067,2451,1392,1059
123000068,2666,3207,-541
123000069,5110,1795,3315
123000070,443,1012,-569
123000071,5500,1164,4336
123000072,2620,1152,1468
123000073,4614,1474,3140
123000074,2608,2038,570
123000075,903,4178,-3275
123000076,2000,654,1346
123000077,4462,2102,2360
123000078,7596,2022,5574
123000079,7367,3183,4184
123000080,6369,2072,4297
123000081,778,829,-51
123000082,710,1422,-712
123000083,2854,341,2513
123000084,1978,588,1390
123000085,1081,148,933
123000086,2278,329,1949
123000087,925,476,449
123000088,3235,978,2257
123000089,2318,2326,-8
123000090,3756,1678,2078
123000091,4405,2630,1775
123000092,2025,3002,-977
123000094,2187,301,1886
123000095,2599,1915,684
123000096,2932,837,2095
123000097,2220,645,1575
123000098,1890,1037,853
123000099,1837,542,1295
123000100,477,1696,-1219
123000101,874,690,184
123000102,1039,2446,-1407
123000104,897,828,69
123000105,724,479,245
123000106,1334,731,603
123000107,753,510,243
123000108,1384,1887,-503
123000111,2422,733,1689
123000112,3272,700,2572
123000113,1304,1290,14
123000114,804,1273,-469
123000115,769,603,166
123000116,63,151,-88
123000117,5956,2608,3348
123000118,1192,696,496
123000119,553,691,-138
123000120,427,1347,-920
123000121,1115,1452,-337
123000122,643,669,-26
123000123,1214,1199,15
123000124,746,697,49
123000125,2640,1833,807
123000126,2014,9617,-7603
123000127,661,765,-104
123000128,516,482,34
123000129,2258,428,1830
123000130,2260,122,2138
123000131,3810,1590,2220
123000132,671,1493,-822
123000133,311,496,-185
123000134,432,102,330
123000135,6112,1574,4538
123000136,408,686,-278
123000137,356,469,-113
123000138,254,506,-252
123000139,1493,557,936
123000140,97,613,-516
123000141,1551,283,1268
123000142,1796,1210,586
123000143,1113,2891,-1778
123000144,22,107,-85
123000145,290,790,-500
123000146,27,220,-193
123000147,116,564,-448
123000149,618,600,18
123000150,211,330,-119
123000151,215,1069,-854
123000152,58,1448,-1390
123000153,137,1462,-1325
123000154,1437,3027,-1590
123000155,3044,2595,449
123000156,55,137,-82
123000157,1526,1474,52
123000158,1088,1680,-592
123000159,5279,11091,-5812
123000160,2089,3088,-999
123000161,3062,2276,786
123000162,3779,3706,73
123000163,1834,684,1150
123000164,5045,551,4494
123000165,314,1552,-1238
123000166,60,154,-94
123000167,158,453,-295
123000168,645,306,339
123000169,2149,335,1814
123000170,265,147,118
123000171,3103,20,3083
123000172,164,774,-610
123000173,1408,1514,-106
123000174,1728,942,786
123000175,742,1469,-727
123000176,2303,1275,1028
123000177,831,1514,-683
123000178,2325,620,1705
123000179,95,1210,-1115
123000180,3395,610,2785
123000181,517,1270,-753
123000182,447,1105,-658
123000183,329,826,-497
123000184,90,967,-877
123000185,2007,1026,981
123000186,19,415,-396
123000187,1404,22,1382
123000188,1052,4,1048
123000189,434,157,277
123000190,209,54,155
123000192,7,460,-453
123000193,32,741,-709
123000194,439,315,124
123000195,825,47,778
123000196,1707,70,1637
123000197,252,225,27
123000198,189,431,-242
123000199,26,516,-490
123000200,1575,25,1550
123000201,3516,28,3488
123000202,36,538,-502
123000203,3324,101,3223
123000204,63,713,-650
123000205,207,908,-701
123000206,6757,498,6259
123000207,148,1013,-865
123000208,1715,280,1435
123000209,3657,1137,2520
123000210,178,2090,-1912
123000211,600,2229,-1629
123000212,9356,850,8506
123000213,1357,64,1293
123000215,178,326,-148
123000216,426,2644,-2218
123000217,515,88,427
123000218,98,1364,-1266
123000219,1802,180,1622
123000220,1233,258,975
123000221,443,641,-198
123000222,1085,666,419
123000223,1523,522,1001
123000224,1414,433,981
123000225,557,237,320
123000226,317,2130,-1813
123000227,138,471,-333
123000228,708,96,612
123000229,1086,1724,-638
123000232,313,721,-408
123000233,1803,260,1543
123000234,338,856,-518
123000235,3285,442,2843
123000236,604,771,-167
123000237,1035,282,753
123000238,86,533,-447
123000239,687,1137,-450
123000240,104,2368,-2264
123000241,1048,214,834
123000242,530,564,-34
123000243,1334,1285,49
123000244,1415,705,710
123000245,126,205,-79
123000249,2261,1312,949
123000252,1851,730,1121
123000253,3297,1139,2158
123000254,1024,1184,-160
123000255,2270,1410,860
123000256,67,292,-225
123000257,3991,1625,2366
123000258,1660,927,733
123000259,1067,691,376
123000260,1408,395,1013
123000261,1011,244,767
123000262,118,185,-67
123000263,1007,168,839
123000264,223,153,70
123000265,60,191,-131
123000266,888,686,202
123000267,1625,648,977
123000268,81,76,5
123000269,31,223,-192
123000270,70,138,-68
123000271,25,109,-84
123000272,1380,425,955
123000273,592,2392,-1800
123000274,2293,1856,437
123000275,339,1132,-793
123000278,2712,8109,-5397
123000279,391,215,176
123000280,762,495,267
123000281,617,398,219
123000282,249,634,-385
123000283,458,168,290
123000284,129,97,32
123000286,208,1077,-869
123000287,642,1003,-361
123000288,1360,2921,-1561
123000289,360,3722,-3362
123000291,208,1954,-1746
123000294,146,266,-120
123000295,1032,2395,-1363
123000296,1477,1183,294
123000297,824,593,231
123000298,1720,715,1005
123000299,119,256,-137
123000300,2764,1616,1148
123000301,289,1005,-716
123000302,403,174,229
123000303,124,762,-638
123000305,2080,1506,574
123000306,555,59,496
123000309,135,131,4
123000310,176,112,64
123000311,0,282,-282
123000312,678,665,13
123000313,905,730,175
123000315,274,477,-203
123000316,1315,319,996
123000317,461,181,280
123000318,100,486,-386
123000329,16,33,-17
123000337,410,391,19
123000338,152,353,-201
123000339,947,43,904
123000340,114,548,-434
123000342,5,163,-158
123000343,437,33,404
123000344,685,258,427
123000345,694,581,113
123000346,1270,149,1121
123000352,4038,1666,2372
123000353,138,134,4
123000354,1007,25,982
123000355,2,434,-432
123000356,1649,33,1616
123000357,9,218,-209
123000359,0,90,-90
123000360,1097,592,505
123000361,1550,537,1013
123000362,959,254,705
123000363,479,464,15
123000364,915,890,25
123000365,58,700,-642
123000366,757,7187,-6430
123000367,462,850,-388
123000370,72,3524,-3452
123000371,1094,1083,11
123000372,893,205,688
123000373,17,721,-704
123000374,29,201,-172
123000375,933,98,835
123000376,1770,1666,104
123000377,1946,49,1897
123000378,49,615,-566
123000379,14,1414,-1400
123000380,7,573,-566
123000381,106,271,-165
123000382,1165,340,825
123000383,249,1670,-1421
123000384,1525,459,1066
123000385,403,1309,-906
123000436,185,3023,-2838
123000507,119,218,-99
123000508,158,2331,-2173
123000517,373,34,339
123000518,59,127,-68
123000519,417,151,266
123000520,49,116,-67
123000521,1124,128,996
123000522,319,298,21
123000541,27,4,23
123000542,0,9,-9
123000565,1674,76,1598
123000566,1338,114,1224
123000567,250,88,162
123000573,54,886,-832
123000574,1996,133,1863
123000575,4150,639,3511
123000576,1741,1061,680
123000577,165,1716,-1551
123000578,824,480,344
123000579,1406,15210,-13804
123000580,237,256,-19
123000582,1782,63,1719
123000583,43,676,-633
123000584,409,432,-23
123000585,0,41,-41
123000586,704,1,703
123000596,129,189,-60
123000597,132,351,-219
123000602,274,38,236
123000603,3171,506,2665
123000604,1466,524,942
123000605,1888,244,1644
123000606,0,853,-853
123000609,48,448,-400
123000610,415,166,249
123000613,124,184,-60
123000614,890,98,792
123000615,130,139,-9
123000616,3040,81,2959
123000617,275,445,-170
123000618,60,990,-930
123000619,804,58,746
123000620,26,460,-434
123000622,1017,38,979
123000624,473,112,361
123000630,3912,888,3024
123000631,565,725,-160
123000632,1400,1240,160
123000633,1,546,-545
123000634,103,1091,-988
123000635,107,366,-259
123000636,90,599,-509
123000637,568,83,485
123000638,1115,33,1082
123000639,1995,14777,-12782
123000640,11,683,-672
123900001,2147,271,1876
123900002,45,2907,-2862
123900003,302,759,-457
123900005,696,643,53
123900006,1236,244,992
124000001,3627,376,3251
124000002,83,1939,-1856
124000003,2706,271,2435
124000004,127,633,-506
124000005,2442,3340,-898
124000006,228,601,-373
124000007,2253,344,1909
124000008,10,1076,-1066
124000009,1475,928,547
124000010,797,900,-103
124000011,1923,2035,-112
124000012,552,473,79
124000017,579,186,393
124000018,180,69,111
124000019,583,263,320
124000020,69,142,-73
124000021,280,111,169
124000022,77,282,-205
124000023,2839,2513,326
124000024,1900,401,1499
124000025,2408,2423,-15
124000026,1777,1194,583
124000027,5242,5429,-187
124000028,1832,4210,-2378
124000030,1955,1743,212
124000031,2524,17978,-15454
124000032,2352,1060,1292
124000033,406,897,-491
124000034,1343,954,389
124000035,24,406,-382
124000036,58,384,-326
124000037,352,1216,-864
124000038,15,175,-160
124000039,557,516,41
124000040,299,1295,-996
124000041,1249,390,859
124000042,285,565,-280
124000043,191,223,-32
124000044,41,455,-414
124000045,3114,722,2392
124000046,369,1458,-1089
124000047,5788,979,4809
124000048,1427,1055,372
124000049,4367,671,3696
124000050,1858,1271,587
124000051,2630,749,1881
124000052,1241,818,423
124000053,639,4599,-3960
124000054,933,499,434
124000055,1832,12235,-10403
124000056,2376,987,1389
124000057,3088,665,2423
124000058,1555,1361,194
124000059,2708,2194,514
124000060,682,837,-155
124000061,2077,10624,-8547
124000062,2488,1590,898
124000063,1547,1241,306
124000064,2284,1473,811
124000065,22,1866,-1844
124000066,201,87,114
124000067,383,447,-64
124000068,47,72,-25
124000069,462,17,445
124000070,239,67,172
124000071,222,205,17
124000072,568,550,18
124000073,1931,223,1708
124000074,533,655,-122
124000075,1103,113,990
124000076,25,132,-107
124000077,359,1203,-844
124000078,2057,1531,526
124000079,439,1725,-1286
124000080,1527,476,1051
124000081,539,564,-25
124000082,166,278,-112
124000083,37,70,-33
124000084,55,1074,-1019
124000085,72,69,3
124000086,49,540,-491
124000087,82,394,-312
124000088,212,818,-606
124000089,1282,481,801
124000090,254,266,-12
124000091,1090,138,952
124000092,194,441,-247
124000093,323,261,62
124000094,283,1106,-823
124000095,422,168,254
124000096,288,345,-57
124000097,403,191,212
124000098,135,126,9
124000099,195,101,94
124000100,111,60,51
124000101,415,426,-11
124000102,152,65,87
124000103,554,378,176
124000104,175,75,100
124000105,458,302,156
124000106,141,63,78
124000107,99,536,-437
124000108,88,19,69
124000109,250,168,82
124000110,98,53,45
124000111,507,141,366
124000112,1612,679,933
124000113,429,224,205
124000114,640,548,92
124000115,377,1035,-658
124000116,189,390,-201
124000117,58,88,-30
124000118,84,136,-52
124000119,1611,2051,-440
124000120,1401,1344,57
124000121,1337,1237,100
124000122,571,1700,-1129
124000123,1342,609,733
124000124,527,912,-385
124000125,729,502,227
124000126,548,548,0
124000127,2248,548,1700
124000128,906,947,-41
124000129,2382,1790,592
124000130,610,644,-34
124000131,1262,1162,100
124000132,611,1135,-524
124000133,2469,1728,741
124000134,1336,947,389
124000135,3663,3862,-199
124000136,1055,1344,-289
124000137,1428,2592,-1164
124000138,1320,1360,-40
124000139,866,190,676
124000140,15,721,-706
124000141,67,53,14
124000142,4,456,-452
124000143,157,64,93
124000144,27,66,-39
124000145,249,465,-216
124000146,81,300,-219
124000148,15,136,-121
124000149,2342,465,1877
124000150,534,1050,-516
124000151,1673,432,1241
124000152,1029,1044,-15
124000153,1620,1029,591
124000154,674,711,-37
124000155,1731,1073,658
124000156,801,1036,-235
124000169,377,1706,-1329
124000170,2144,1225,919
124000171,620,868,-248
124000172,467,1212,-745
124000173,1820,459,1361
124000174,820,971,-151
124000175,18,176,-158
124000176,122,72,50
124000177,12,98,-86
124000178,54,133,-79
124000190,74,64,10
124000191,23,192,-169
124000192,2257,2173,84
124000193,362,7151,-6789
124000194,434,553,-119
124000195,708,614,94
124000196,864,1192,-328
124000197,95,43,52
124000198,195,201,-6
124000201,73,911,-838
124000202,1189,178,1011
124000203,1784,255,1529
124000204,3302,1428,1874
124000205,241,318,-77
124000206,2508,379,2129
124000207,0,37,-37
124000209,330,371,-41
124000210,2684,414,2270
124000211,2071,12,2059
124000212,1,179,-178
124000213,1655,115,1540
124000214,1433,386,1047
124000215,1197,26,1171
124000216,4,247,-243
124000329,613,968,-355
124000338,631,779,-148
124000339,4149,72,4077
124000341,4590,188,4402
124000344,129,76,53
124000357,1852,5556,-3704
124000358,768,2710,-1942
124000359,2681,1481,1200
124000360,2445,1007,1438
124000361,3167,1819,1348
124000362,2723,5322,-2599
124000363,883,396,487
124000364,993,1262,-269
124000365,959,1335,-376
124000366,3085,977,2108
124000367,90,522,-432
124000368,601,2671,-2070
124000369,67,188,-121
124000370,42,1012,-970
124000402,77,59,18
124000403,451,53,398
124000404,69,136,-67
124000405,1357,972,385
124000406,702,516,186
124000407,5,28,-23
124000411,19,455,-436
124000412,1060,8,1052
124000413,214,539,-325
124000414,272,180,92
124000415,185,53,132
124000416,328,226,102
124000417,837,176,661
124000418,728,79,649
124000419,195,52,143
124000420,457,43,414
124000421,85,65,20
124000422,22,37,-15
124000423,231,80,151
124000424,19,20,-1
124000425,77,62,15
124000426,17,107,-90
124000427,94,24,70
124000428,5,473,-468
124000429,297,50,247
124000430,1916,683,1233
124000431,868,1133,-265
124000432,568,1331,-763
124000439,16,3,13
124000442,52,38,14
124000443,8,20,-12
124000445,70,2562,-2492
124000446,494,239,255
124900001,1676,419,1257
124900002,569,421,148
124900003,2416,398,2018
124900004,1795,274,1521
124900005,548,134,414
124900006,1824,335,1489
124900008,639,477,162
124900009,213,1183,-970
124900010,725,270,455
124900011,2752,549,2203
124900012,1220,162,1058
124900013,955,253,702
124900014,589,297,292
124900015,322,1565,-1243
124900016,164,666,-502
124900017,933,7608,-6675
124900018,374,9,365
124900019,967,18,949
124900020,287,229,58
124900021,865,443,422
124900022,92,3,89
124900024,918,18,900
124900026,78,63,15
124900027,205,498,-293
124900028,483,180,303
124900029,32,1117,-1085
124900030,7,162,-155
124900031,164,545,-381
124900032,566,302,264
124900033,235,459,-224
124900034,52,446,-394
124900035,301,307,-6
124900036,2,235,-233
124900037,229,201,28
124900038,151,213,-62
124900039,3,126,-123
124900040,266,162,104
124900041,570,609,-39
124900042,58,2,56
124900043,758,378,380
124900044,192,14,178
124900045,413,1359,-946
124900046,1176,339,837
124900047,48,383,-335
124900048,333,67,266
124900050,297,164,133
124900052,277,603,-326
124900053,458,600,-142
124900054,1020,933,87
124900055,1,136,-135
124900057,5,80,-75
124900060,63,317,-254
124900061,252,5,247
124900062,360,7,353
124900066,0,4,-4
124900067,9,85,-76
124900068,238,2262,-2024
124900069,73,507,-434
124900070,116,48,68
124900072,524,43,481
124900074,725,328,397
124900075,1325,197,1128
124900076,107,5263,-5156
124900077,44,149,-105
124900078,307,33,274
124900079,285,506,-221
124900080,607,216,391
124900081,2101,290,1811
124900082,535,409,126
124900083,573,542,31
124900084,1217,75,1142
124900085,519,539,-20
124900086,71,1430,-1359
124900087,297,102,195
124900088,111,116,-5
124900089,596,11,585
124900090,1497,459,1038
124900091,683,360,323
124900092,538,345,193
124900093,1419,467,952
124900094,1798,527,1271
124900095,403,1246,-843
124900096,526,234,292
124900097,1251,179,1072
124900098,399,505,-106
124900099,252,1200,-948
124900100,886,50,836
124900101,155,262,-107
124900102,784,29,755
124900103,300,212,88
124900104,118,228,-110
124900105,137,158,-21
124900106,812,116,696
124900107,328,129,199
124900108,272,221,51
124900109,238,377,-139
124900110,1094,247,847
124900111,0,183,-183
124900112,241,443,-202
124900113,2,8,-6
124900114,3,5,-2
124900115,1,1,0
124900116,5,4,1
124900117,2,0,2
124900118,1,9,-8
124900119,10,4,6
124900120,0,11,-11
124900121,2,10,-8
124900122,1,8,-7
124900123,0,1,-1
124900124,0,7,-7
129000186,243,278,-35
204000001,48,11,37
204000002,5,10,-5
204000003,43,24,19
204000004,23,9,14
204000005,720,393,327
204000006,1748,1352,396
204000008,936,419,517
204000011,19,41,-22
204000012,135,149,-14
204000013,1,32,-31
204000019,1638,567,1071
204000020,2011,1690,321
204000021,4134,2031,2103
204000022,2237,947,1290
204000023,1152,538,614
204000031,24,38,-14
204000032,618,85,533
204000034,107,231,-124
204000035,0,15,-15
204000036,12,72,-60
204000037,1,18,-17
204000038,2,5,-3
204000039,4,20,-16
204000040,22,47,-25
204000041,23,46,-23
204000042,124,30,94
204000043,67,24,43
204000044,105,11,94
204000045,148,2,146
204000046,36,21,15
204000057,41,21,20
204000062,36,16,20
204000068,26,960,-934
204000069,11,1032,-1021
204000070,110,410,-300
204000080,209,281,-72
204000085,1883,1468,415
204000086,2836,1463,1373
204000087,96,19,77
204000088,33,91,-58
204000090,100,473,-373
204000093,1162,106,1056
204000096,2740,973,1767
204000097,1089,8,1081
204000099,1568,3804,-2236
204000100,2874,1784,1090
204000105,2597,1040,1557
204000110,509,2136,-1627
204000111,1090,1215,-125
204000112,1216,3525,-2309
204000113,482,1782,-1300
204000114,1827,1721,106
204000115,2302,1068,1234
204000116,1078,3067,-1989
204000119,4576,2374,2202
204000132,1190,826,364
204000133,1278,115,1163
204000134,322,116,206
204000135,954,162,792
204000136,671,633,38
204000138,532,1296,-764
204000140,389,152,237
204000141,223,76,147
204000144,12,25,-13
204000145,974,62,912
204000146,38,316,-278
204000147,68,1520,-1452
204000148,468,160,308
204000154,17,20,-3
204000155,9,13,-4
204000177,107,201,-94
204000179,97,43,54
204000180,1,47,-46
204000222,10,9,1
204000235,123,66,57
204000236,87,245,-158
204000238,51,33,18
204000240,480,132,348
204000263,63,297,-234
204000308,238,61,177
204000317,38,221,-183
204000322,41,154,-113
204000323,25,43,-18
204000328,497,56,441
204000329,74,160,-86
204000330,438,14,424
204000331,90,201,-111
204010341,22,191,-169
205000001,898,1417,-519
205000013,184,240,-56
205000014,184,148,36
205000015,289,102,187
205000016,155,281,-126
205000017,141,129,12
205000022,442,646,-204
205000025,2653,792,1861
205000029,869,46,823
205000045,471,352,119
205000047,290,1080,-790
205000048,1110,409,701
205000049,323,555,-232
205000050,2045,341,1704
205000059,0,917,-917
205000060,4,1554,-1550
205000061,18,2411,-2393
205000062,9,2505,-2496
205000063,110,2586,-2476
205000064,164,684,-520
205000065,913,881,32
205000066,434,344,90
205000067,269,502,-233
205000069,181,39,142
205000082,277,473,-196
205000110,140,184,-44
205000111,247,136,111
205000112,235,219,16
205000113,132,374,-242
205000121,383,122,261
205000123,211,228,-17
205000126,1148,102,1046
205000127,1084,113,971
205000128,887,81,806
205000129,1589,47,1542
205000130,87,34,53
205000131,32,42,-10
205000132,66,48,18
205000133,40,11,29
205000134,601,4,597
205000137,525,99,426
205000138,641,609,32
205000139,60,328,-268
205000144,83,129,-46
205000145,450,832,-382
205000151,332,95,237
205000152,189,230,-41
205000153,263,249,14
205000154,231,347,-116
205000155,510,78,432
205000207,3,167,-164
205000233,19,1,18
205000234,0,0,0
205000243,0,7,-7
205000244,0,11,-11
205000245,11,265,-254
205000249,0,41,-41
205000250,3,3,0
205000251,479,486,-7
205000264,51,192,-141
206000027,21,37,-16
206000028,26,20,6
206000043,4,88,-84
206000053,14,22,-8
206000054,0,48,-48
206000055,0,32,-32
206000075,53,39,14
206000076,42,13,29
206000077,41,22,19
206000078,18,31,-13
206000079,33,7,26
206000082,342,222,120
206000100,18,1018,-1000
206000103,7,42,-35
206000104,10,36,-26
206000105,24,61,-37
206000106,3,23,-20
206000108,1045,184,861
206000125,208,0,208
206000157,17,617,-600
206000170,0,300,-300
206000171,43,242,-199
206000172,34,218,-184
206000173,9,110,-101
206000174,75,42,33
206000175,11,48,-37
206000176,39,149,-110
206000177,3,98,-95
206000178,5,568,-563
206000179,4,948,-944
206000180,24,159,-135
206000181,4,49,-45
206000182,18,56,-38
206000183,18,119,-101
206000184,2,106,-104
206000185,49,21,28
206000186,153,299,-146
206000223,38,695,-657
206000226,49,18,31
206000227,47,20,27
206000237,47,163,-116
206000238,111,304,-193
206000239,251,1958,-1707
206000240,0,47,-47
206000241,1,90,-89
206000242,44,227,-183
206000243,50,74,-24
206000244,128,127,1
206000245,2995,197,2798
206000246,792,42,750
206000247,1049,20,1029
206000248,1208,136,1072
206000252,116,79,37
206000258,13,133,-120
206000315,94,24,70
206000317,917,260,657
206000318,1194,99,1095
206000319,4000,201,3799
206000320,941,62,879
206000321,884,17,867
206000322,1680,130,1550
206000323,645,37,608
206000324,714,82,632
206000325,461,62,399
206000326,661,124,537
206000327,54,72,-18
206000328,617,44,573
206000329,887,45,842
206000330,209,146,63
206000331,755,125,630
206000332,175,21,154
206000333,2772,10,2762
206000334,1248,4,1244
206000335,0,29,-29
206000361,3,147,-144
206000392,4,22,-18
206000405,330,2,328
206000441,151,68,83
206000498,86,4,82
206000515,60,107,-47
206000530,593,145,448
206000531,234,522,-288
206000532,1550,832,718
206000535,193,5141,-4948
206000536,50,93,-43
206000537,48,140,-92
206000613,1527,429,1098
207000001,244,415,-171
207000002,255,379,-124
207000003,302,228,74
207000007,2688,429,2259
207000008,655,16,639
207000009,215,47,168
207000010,788,397,391
207000012,794,276,518
207000015,628,672,-44
207000019,579,214,365
207000021,664,788,-124
207000022,436,324,112
207000023,655,165,490
207000024,3,57,-54
207000025,33,276,-243
207000026,98,77,21
207000027,28,105,-77
207000028,81,212,-131
207000029,270,692,-422
207000033,475,375,100
207000034,575,200,375
207000039,1373,194,1179
207000040,1457,97,1360
207000041,345,662,-317
207000042,764,216,548
207000043,433,293,140
207000051,168,472,-304
207000052,19,565,-546
207000053,472,362,110
207000054,88,54,34
207000055,287,97,190
207000056,345,603,-258
207000057,256,451,-195
207000058,273,308,-35
207000059,172,217,-45
207000060,84,257,-173
207000061,176,1427,-1251
207000062,1040,79,961
207000063,988,492,496
207000064,732,316,416
207000065,650,359,291
207000066,759,337,422
207000067,138,162,-24
207000068,313,128,185
207000069,1493,412,1081
207000082,24,185,-161
207000083,201,279,-78
207000084,1047,471,576
207000085,610,104,506
207000086,823,13,810
207000106,204,40,164
207000107,340,64,276
207000108,206,18,188
207000109,184,16,168
207000110,109,295,-186
207000111,79,175,-96
207000112,132,2499,-2367
207000114,34,24,10
207000115,129,162,-33
207000116,44,474,-430
207000117,7,170,-163
207000118,11,228,-217
207000119,34,101,-67
207000123,744,39,705
207000124,294,36,258
207000125,99,17,82
207000126,98,30,68
207000134,355,201,154
207000135,107,331,-224
207000148,135,1074,-939
207000149,125,51,74
207000152,197,704,-507
207000153,317,786,-469
207000154,650,356,294
207000159,424,255,169
207000160,583,304,279
207000238,0,62,-62
207000242,2,49,-47
207000248,111,120,-9
207000249,198,56,142
207000250,908,166,742
207000251,251,202,49
207000252,102,148,-46
207000278,291,298,-7
207000279,108,158,-50
207000280,1794,82,1712
207000281,394,368,26
207000282,43,719,-676
207000283,75,218,-143
207000284,47,2299,-2252
207000285,105,74,31
207000291,40,94,-54
207000304,119,109,10
207000306,114,353,-239
207000310,216,147,69
207000353,281,11,270
207000356,9,261,-252
207000357,6,34,-28
207000358,2,21,-19
207000415,1,64,-63
207000417,130,13,117
207000437,0,1,-1
207000439,633,426,207
207000446,481,3,478
207000460,206,34,172
207000466,155,456,-301
207000467,98,187,-89
207000468,33,169,-136
207000476,10,9,1
207000477,1279,47,1232
207000523,0,6,-6
207000524,102,7,95
207000527,453,192,261
207000530,1969,14,1955
207000531,851,57,794
207000532,316,355,-39
207000534,234,35,199
207000535,16,401,-385
207000537,15,179,-164
207000540,2,108,-106
207000541,7,147,-140
207000548,6,956,-950
207000549,1043,210,833
207000561,510,288,222
207000562,39,118,-79
207000567,118,357,-239
207000568,817,109,708
207000569,2272,212,2060
207000584,52,261,-209
207000585,20,364,-344
207000616,0,208,-208
207000617,315,0,315
207900008,955,74,881
208000001,1052,2285,-1233
208000002,1286,1526,-240
208000003,1504,645,859
208000004,1460,2095,-635
208000005,2,201,-199
208000019,2002,693,1309
208000020,608,332,276
208000021,550,644,-94
208000022,2095,484,1611
208000028,1600,3701,-2101
208000033,961,447,514
208000034,1414,2009,-595
208000040,386,329,57
208000041,1990,904,1086
208000042,2745,934,1811
208000047,249,259,-10
208000064,3133,2755,378
208000066,1678,2606,-928
208000070,1107,594,513
208000071,1229,424,805
208000072,1282,837,445
208000080,653,1370,-717
208000081,711,189,522
208000082,1077,295,782
208000083,304,317,-13
208000084,18,119,-101
208000085,1073,1012,61
208000086,917,1498,-581
208000087,579,984,-405
208000089,1857,455,1402
208000090,1803,518,1285
208000093,37,213,-176
208000094,1062,432,630
208000095,1733,801,932
208000104,2652,673,1979
208000105,1581,1246,335
208000114,227,693,-466
208000115,1123,645,478
208000116,2246,2708,-462
208000117,47,308,-261
208000118,257,469,-212
208000155,1096,1951,-855
208000158,2782,4609,-1827
208000186,1336,2883,-1547
208000204,1528,2767,-1239
208000205,2728,1743,985
208000282,1080,1886,-806
209000004,1445,449,996
209000005,141,837,-696
209000006,543,814,-271
209000007,648,918,-270
209000010,469,964,-495
209000011,136,474,-338
209000012,325,805,-480
209000013,845,1165,-320
209000014,1190,1370,-180
209000025,1019,121,898
209000026,1984,328,1656
209000027,837,561,276
209000028,673,447,226
209000029,1386,3157,-1771
209000030,1489,2917,-1428
209000031,7391,2409,4982
209000034,346,873,-527
209000035,361,643,-282
209000036,766,461,305
209000037,870,545,325
209000038,409,331,78
209000039,164,168,-4
209000040,486,784,-298
209000041,451,568,-117
209000042,1822,457,1365
209000043,1051,701,350
209000044,774,1052,-278
209000045,917,355,562
209000046,947,474,473
209000047,660,413,247
209000048,870,1109,-239
209000049,157,43,114
209000050,213,78,135
209000051,352,127,225
209000052,280,182,98
209000062,228,56,172
209000063,152,29,123
209000064,90,35,55
209000065,370,115,255
209000066,289,71,218
209000067,423,55,368
209000080,63,331,-268
209000082,100,95,5
209000091,56,121,-65
209000093,65,188,-123
209000094,89,258,-169
209000110,73,272,-199
209000111,751,3327,-2576
209000112,2081,1040,1041
209000113,3799,2302,1497
209000114,1646,1360,286
209000115,129,98,31
209000116,415,354,61
209000118,30,289,-259
209000119,13,115,-102
209000121,220,661,-441
209000135,42,151,-109
209000142,1516,6347,-4831
209000143,136,349,-213
209000144,123,1082,-959
209000229,298,139,159
209000240,102,401,-299
209000259,54,68,-14
209000260,51,1107,-1056
209000261,4,634,-630
209000262,2,598,-596
209000263,9,2357,-2348
209000264,0,236,-236
209000265,1075,2,1073
209000266,386,0,386
209000267,3402,15,3387
209000268,793,252,541
210000037,128,207,-79
210000047,202,40,162
210000048,180,27,153
210000049,141,11,130
210000052,168,74,94
210000053,68,47,21
210000054,23,92,-69
210000070,504,14,490
210000071,420,3,417
210000072,140,0,140
210000073,0,77,-77
210000074,0,156,-156
210000075,0,270,-270
210000076,21,348,-327
210000077,11,370,-359
210000078,43,424,-381
210000079,59,93,-34
210000080,61,485,-424
210000081,595,32,563
210000082,26,11,15
210000083,129,6,123
210000084,155,0,155
210000085,1,307,-306
210000086,5,183,-178
210000099,181,343,-162
210000100,206,194,12
210000101,177,189,-12
210000105,26,340,-314
210000159,2,386,-384
210000163,70,205,-135
210000164,376,313,63
210000168,805,180,625
210000187,0,64,-64
210000188,1,103,-102
210000214,22,0,22
210000219,119,48,71
210000220,268,27,241
210000232,5,19,-14
210000233,37,24,13
210000234,84,63,21
210000235,153,49,104
210000245,2,199,-197
210000246,53,65,-12
210000258,51,105,-54
210000259,522,199,323
210000282,92,427,-335
210000285,1,135,-134
210000286,39,194,-155
210000295,90,253,-163
210000296,149,90,59
210000320,411,68,343
210000321,322,29,293
210000338,66,132,-66
210000339,188,1204,-1016
210000340,220,500,-280
210000341,388,378,10
210000342,409,260,149
210000343,333,274,59
210000344,169,357,-188
210000345,236,650,-414
210000346,111,335,-224
210000347,81,584,-503
210000348,362,448,-86
210000349,186,208,-22
210000350,329,571,-242
210000351,398,266,132
210000352,70,42,28
210000353,58,83,-25
210000354,96,81,15
210000355,41,663,-622
210000356,21,949,-928
210000357,81,900,-819
210000358,1264,669,595
210000359,169,1092,-923
210000360,367,819,-452
210000361,518,351,167
210000362,568,384,184
210000363,1146,509,637
210000364,671,335,336
210000365,459,133,326
210000366,597,85,512
210000367,303,59,244
210000368,389,64,325
210000369,79,316,-237
210000370,125,392,-267
210000372,82,115,-33
210000373,37,410,-373
210000374,137,426,-289
210000375,41,48,-7
210000376,55,651,-596
210000404,103,307,-204
210000439,167,38,129
210000472,67,9,58
210000482,84,197,-113
210000564,413,326,87
210000568,503,14,489
211000092,132,17,115
211000094,73,6,67
211000169,378,20,358
211000172,46,149,-103
211000209,1,87,-86
211000275,68,56,12
211000276,293,46,247
211000279,39,53,-14
211000281,237,26,211
211507980,0,279,-279
211977296,59,0,59
212000003,464,245,219
212000004,4,268,-264
212000005,42,241,-199
212000006,70,349,-279
212000008,412,352,60
212000009,133,243,-110
212000012,337,96,241
212000013,115,99,16
212000014,740,162,578
212000015,775,196,579
212000016,1152,434,718
212000027,820,449,371
212000028,508,367,141
212000029,462,257,205
212000030,86,25,61
212000031,97,53,44
212000048,116,940,-824
212000049,20,395,-375
212000050,15,30,-15
212000051,749,141,608
212000052,619,156,463
212000053,453,261,192
212000054,1013,114,899
212000055,752,163,589
212000056,39,79,-40
212000057,13,49,-36
212000058,291,84,207
212000070,347,173,174
212000077,417,324,93
212000099,757,287,470
212000108,399,571,-172
212000111,514,120,394
212000120,250,360,-110
212000138,445,185,260
212000156,2,71,-69
212000158,9,59,-50
212000159,1312,155,1157
212000160,1125,268,857
212000161,99,8,91
212000310,127,16,111
212000311,31,60,-29
212000374,69,20,49
213000001,19,750,-731
213000005,1013,673,340
213000006,1067,498,569
213000007,184,46,138
213000009,394,247,147
213000010,534,226,308
213000011,319,189,130
213000012,502,240,262
213000014,128,52,76
213000015,648,18,630
213000016,778,6,772
213000017,219,1,218
213000018,1,22,-21
213000019,1,358,-357
213000020,186,167,19
213000021,3,62,-59
213000023,483,669,-186
213000033,631,1935,-1304
213000034,625,305,320
213000035,258,417,-159
213000045,334,379,-45
213000046,169,144,25
213000047,405,1018,-613
213000056,321,122,199
213000069,367,55,312
213000073,1,64,-63
213000074,103,786,-683
213000075,1281,7,1274
213000085,0,50,-50
213000086,22,181,-159
213000091,534,12,522
213000092,42,18,24
213000099,478,1479,-1001
213000100,1218,727,491
213000101,1191,157,1034
213000102,1084,198,886
213000103,805,460,345
213000104,119,253,-134
213000105,161,2492,-2331
213000106,68,515,-447
213000107,263,641,-378
213000108,52,577,-525
213000109,11,251,-240
213000110,11,183,-172
213000111,9,145,-136
213000112,69,114,-45
213000115,81,8,73
213000116,51,515,-464
213000117,6,540,-534
213000118,1898,624,1274
213000119,60,417,-357
213000120,177,406,-229
213000122,326,411,-85
213000123,162,518,-356
213000124,560,749,-189
213000125,162,79,83
213000126,242,343,-101
213000127,86,338,-252
213000128,124,715,-591
213000129,336,3541,-3205
213000130,1497,1520,-23
213000132,1809,401,1408
213000133,1975,136,1839
213000134,3611,18,3593
213000136,1130,28,1102
213000137,1269,113,1156
213000139,239,43,196
213000147,45,36,9
213000148,10,45,-35
213000149,42,43,-1
213000150,5,1260,-1255
213000151,4,457,-453
213000152,4,651,-647
213000153,14,330,-316
213000154,159,999,-840
213000155,102,915,-813
213000156,329,483,-154
213000157,2217,374,1843
213000158,1050,810,240
213000159,1296,514,782
213000163,3003,345,2658
213000165,921,512,409
213000171,0,40,-40
213000172,0,135,-135
213000173,0,107,-107
213000174,13,94,-81
213000175,31,63,-32
213000176,552,72,480
213000177,455,5,450
213000178,727,1,726
213000179,663,2,661
213000180,505,0,505
213000184,291,652,-361
213000188,1083,219,864
213000189,1431,109,1322
213000190,861,416,445
213000191,956,213,743
213000192,650,139,511
213000193,1122,474,648
213000194,3,317,-314
213000195,54,338,-284
213000196,796,3137,-2341
213000197,992,1202,-210
213000198,51,18,33
213000200,259,583,-324
213000201,17,117,-100
213000202,23,768,-745
213000203,2024,339,1685
213000204,1456,57,1399
213000205,1042,80,962
213000206,1077,125,952
213000207,70,26,44
213000208,43,6,37
213000209,246,19,227
213000210,481,23,458
213000211,26,42,-16
213000212,32,164,-132
213000213,35,106,-71
213000218,695,739,-44
213000219,1976,146,1830
213000220,2336,33,2303
213000223,413,284,129
213000224,23,71,-48
213000225,143,23,120
213000226,78,23,55
213000227,2674,202,2472
213000228,1278,1067,211
213000229,120,183,-63
213000230,2069,29,2040
213000232,204,31,173
213000233,87,329,-242
213000234,5,98,-93
213000293,85,132,-47
213000294,93,104,-11
213000295,32,155,-123
213000296,176,28,148
213000297,8,160,-152
213000298,9,154,-145
213000299,132,26,106
213000300,10,12,-2
213000303,2,42,-40
213000304,0,23,-23
213000305,10,68,-58
213000306,133,1102,-969
213000307,184,692,-508
213000308,246,282,-36
213000309,404,101,303
213000310,432,262,170
213000311,290,1006,-716
213000315,191,424,-233
213000316,528,173,355
213000322,228,15,213
213000323,312,160,152
213000324,357,39,318
213000325,211,72,139
213000326,389,32,357
213000327,235,69,166
213000328,190,124,66
213000329,362,52,310
213000340,193,644,-451
213000341,1853,93,1760
213000347,281,2032,-1751
213000348,3,173,-170
213000349,6,25,-19
213000350,332,1339,-1007
213000366,118,272,-154
213000367,999,11,988
213000379,31,177,-146
213000386,57,25,32
213000406,649,92,557
213000417,3675,794,2881
213000425,837,104,733
213000426,429,58,371
213000427,164,77,87
213000428,116,342,-226
213000429,31,9,22
213000430,206,516,-310
213000431,14,4,10
213000432,3,39,-36
213000433,36,44,-8
213000434,285,179,106
213000435,225,116,109
213000436,101,74,27
213000437,7,20,-13
213000438,237,45,192
213000439,104,71,33
213000440,29,187,-158
213000441,0,0,0
213000442,27,23,4
213000443,1151,655,496
213000444,83,20,63
213000445,0,97,-97
213000446,0,40,-40
213000447,6,172,-166
213000448,16,320,-304
213000449,1854,29,1825
213000450,26,40,-14
213000451,652,43,609
213000452,53,40,13
213000453,43,362,-319
213000455,115,2,113
213000456,1,229,-228
213000481,1,4,-3
213000484,99,1,98
213000489,354,55,299
213900002,6,701,-695
213900003,180,7,173
213900013,0,71,-71
213900015,0,2,-2
213900016,16,8,8
213900020,84,56,28
213900030,1,71,-70
213900032,191,300,-109
213900033,607,153,454
213900034,1527,113,1414
213900035,580,180,400
213900036,300,124,176
213900037,127,238,-111
213900038,987,195,792
213900039,0,94,-94
213900041,28,626,-598
213900042,236,623,-387
213900043,432,139,293
213900244,94,0,94
213900245,0,32,-32
218000003,103,47,56
218000004,133,276,-143
218000005,71,172,-101
218000006,134,131,3
218000007,15,47,-32
218000012,354,334,20
218000013,497,348,149
218000014,566,362,204
218000019,600,564,36
218000020,461,400,61
218000021,112,58,54
218000022,63,32,31
218000023,42,23,19
218000024,10,6,4
218000025,10,32,-22
218000026,18,49,-31
218000027,1,3,-2
218000028,6,3,3
218000029,6,16,-10
218000030,30,26,4
218000031,13,12,1
218000032,2,38,-36
218000040,2,15,-13
218000046,214,103,111
218000047,53,58,-5
218000048,78,58,20
218000049,58,47,11
218000050,256,147,109
218000051,134,346,-212
218000052,0,49,-49
218000053,8,55,-47
218000054,2,76,-74
218000055,14,36,-22
218000056,55,44,11
218000057,4,40,-36
218000064,0,46,-46
218000065,308,30,278
218000066,35,116,-81
218000067,192,89,103
218000068,285,104,181
218000069,667,76,591
218000070,361,444,-83
218000071,362,345,17
218000072,268,443,-175
218000078,2306,444,1862
218000079,622,304,318
218000080,387,209,178
218000081,1469,216,1253
218000082,291,109,182
218000083,251,96,155
218000084,458,97,361
218000085,351,164,187
218000086,222,155,67
218000087,391,111,280
218000090,51,294,-243
218000091,1834,809,1025
218000092,390,132,258
218000093,162,110,52
218000094,730,421,309
218000099,433,930,-497
218000100,763,327,436
218000101,538,233,305
218000102,977,602,375
218000103,228,115,113
218000104,328,53,275
218000105,25,39,-14
218000106,15,7,8
218000107,207,68,139
218000108,36,51,-15
218000112,166,53,113
218000117,95,201,-106
218000134,1241,466,775
218000135,22,98,-76
218000136,407,198,209
218000137,630,278,352
218000138,111,150,-39
218000139,525,711,-186
218000140,1057,696,361
218000141,138,139,-1
218000142,275,252,23
218000143,77,805,-728
218000144,47,275,-228
218000145,1220,540,680
218000146,322,432,-110
218000151,16,59,-43
218000152,132,64,68
218000153,11,16,-5
218000154,17,5,12
218000155,73,2,71
218000156,235,21,214
218000157,91,20,71
218000158,37,93,-56
218000159,2,45,-43
218000160,13,9,4
218000161,126,12,114
218000162,92,5,87
218000163,31,9,22
218000164,241,28,213
218000165,251,28,223
218000170,3,56,-53
218000171,67,8,59
218000172,40,24,16
218000173,31,33,-2
218000174,37,28,9
218000176,427,260,167
218000177,537,285,252
218000178,101,263,-162
218000179,313,126,187
218000180,265,84,181
218000181,723,84,639
218000187,6,71,-65
218000188,42,50,-8
218000189,33,98,-65
218000190,133,49,84
218000191,416,58,358
218000192,465,232,233
218000193,672,348,324
218000194,327,318,9
218000195,405,64,341
218000196,769,347,422
218000197,1591,251,1340
218000198,299,122,177
218000199,49,23,26
218000200,90,123,-33
218000201,36,8,28
218000202,113,945,-832
218000207,11,31,-20
218000208,43,164,-121
218000211,88,45,43
218000212,1,14,-13
218000213,224,103,121
218000214,10,30,-20
218000215,149,93,56
218000217,4,52,-48
218000218,283,29,254
218000219,8,360,-352
218000220,63,2343,-2280
218000221,867,572,295
218000222,2,413,-411
218000223,157,1490,-1333
218000224,17,374,-357
218000225,319,21,298
218000226,361,132,229
218000230,0,9,-9
218000232,130,50,80
218000239,109,46,63
218000240,10,13,-3
218000241,99,1,98
218000242,19,3,16
218000243,4,9,-5
218000244,24,17,7
218000245,176,13,163
218000246,0,10,-10
218000247,1,0,1
218000248,0,136,-136
218000249,0,19,-19
218000250,7,656,-649
218000251,1,53,-52
218000252,0,77,-77
218000253,2,55,-53
218000254,1,34,-33
218000255,0,14,-14
218000256,6,19,-13
218000267,530,973,-443
218000268,16,55,-39
218000269,15,24,-9
218000270,121,63,58
218000271,5,32,-27
218000273,118,2,116
218000274,19,4,15
218000275,156,73,83
218000276,31,24,7
218000278,11,112,-101
218000279,40,40,0
218000280,0,22,-22
218000281,22,48,-26
218000282,914,1296,-382
218000284,194,4,190
218000301,203,226,-23
218000302,109,58,51
218000303,36,93,-57
218000316,2478,1170,1308
218000317,3643,985,2658
218000318,2273,786,1487
218000319,2551,712,1839
218000320,2305,797,1508
218000338,21,167,-146
218000345,176,208,-32
218000346,64,459,-395
218000459,43,178,-135
218000490,27,94,-67
218000501,292,166,126
218000502,364,118,246
218000503,307,37,270
218000504,258,47,211
218000505,68,113,-45
218000506,39,244,-205
218000508,0,6,-6
218000510,128,16,112
218000520,401,175,226
218000521,7,17,-10
218000522,2,568,-566
218000523,163,1,162
218000524,4,391,-387
218000525,189,34,155
218000526,59,350,-291
218000529,41,69,-28
218000530,79,8,71
218000531,20,29,-9
218000532,102,16,86
218000534,341,4,337
218000537,31,293,-262
218000538,88,877,-789
218000540,141,253,-112
218000543,296,113,183
218000544,68,69,-1
218000545,208,157,51
218000546,61,62,-1
218000547,224,526,-302
218000548,251,125,126
218000549,1253,301,952
218000550,278,216,62
218000551,168,491,-323
218000552,411,299,112
218000553,13,142,-129
218000554,14,43,-29
218000555,63,54,9
218000556,212,162,50
218000557,819,151,668
218000558,110,1,109
218000559,0,64,-64
218000560,0,38,-38
218000561,7,0,7
218000562,46,191,-145
218000563,381,63,318
218000564,11,222,-211
218000565,137,81,56
218000566,83,38,45
218000567,0,110,-110
218000568,10,5,5
218000569,6,310,-304
218000570,16,13,3
218000571,0,248,-248
218000572,168,81,87
218000573,13,123,-110
218000574,87,31,56
218000575,163,4,159
218000576,0,117,-117
218000577,190,1,189
218000578,1,334,-333
218000579,117,62,55
218000581,4,168,-164
218000582,107,9,98
218000583,16,2,14
218000584,1,29,-28
218000585,41,36,5
218000586,35,64,-29
218000587,5,2,3
218000588,3,17,-14
218000589,0,6,-6
218000590,0,2,-2
218000591,8,5,3
218000592,35,4,31
218000593,1,9,-8
218000594,0,0,0
218000595,0,0,0
218000596,0,0,0
218000597,0,0,0
218000598,0,2,-2
218000599,0,1,-1
218000600,0,1,-1
218000601,0,0,0
218000602,0,4,-4
218000603,0,16,-16
218000604,6,0,6
218000605,0,67,-67
218000606,103,0,103
218000607,14,112,-98
218000608,66,25,41
218000609,4,100,-96
218000610,56,1,55
218000611,43,1,42
218000612,1,35,-34
218000613,82,2,80
218000614,1,54,-53
218000615,410,31,379
218000616,10,295,-285
218000617,34,36,-2
218000618,2,16,-14
218000619,140,55,85
218000620,40,146,-106
218000621,0,1,-1
218000622,0,131,-131
218000623,95,18,77
218000624,0,266,-266
218000625,2,8,-6
218000626,0,32,-32
218000628,345,411,-66
218000631,31,5,26
218000632,1,243,-242
218000633,152,6,146
218000634,8,21,-13
218000635,20,39,-19
218000636,1770,1088,682
218000637,2314,846,1468
218000638,627,53,574
218000639,50,137,-87
218000640,993,177,816
218000641,219,237,-18
218000652,125,41,84
218000653,367,75,292
218000663,8,45,-37
218000675,40,66,-26
218000676,10,14,-4
218000677,57,9,48
218000680,203,246,-43
218000681,552,403,149
218000691,246,193,53
218000693,551,112,439
218000703,22,19,3
218000718,33,231,-198
218000719,121,219,-98
218000720,2,149,-147
218000721,12,16,-4
218000725,17,39,-22
218001214,27,267,-240
218001329,75,111,-36
218001330,45,43,2
218001359,1,0,1
218001360,0,0,0
218001361,0,0,0
218001362,0,0,0
219000001,25,67,-42
219000002,70,94,-24
219000003,136,79,57
219000004,65,141,-76
219000017,97,384,-287
219000020,508,51,457
219000022,228,11,217
219000023,114,3,111
219000029,5,196,-191
219000034,88,82,6
219000039,38,413,-375
219000040,74,79,-5
219000041,269,117,152
219000051,0,318,-318
219000052,0,146,-146
219000053,5,142,-137
219000054,588,711,-123
219000055,602,1,601
219000056,33,1,32
219000057,138,0,138
219000062,28,289,-261
219000063,260,24,236
219000064,20,147,-127
219000110,331,868,-537
219000111,149,228,-79
219000112,526,123,403
219000113,835,77,758
219000114,518,53,465
219000116,242,69,173
219000117,340,112,228
219000118,228,126,102
219000123,371,153,218
219000124,145,96,49
219000125,27,6,21
219000126,118,225,-107
219000127,6,54,-48
219000128,66,183,-117
219000129,55,183,-128
219000130,297,908,-611
219000131,1012,1485,-473
219000133,73,153,-80
219000134,25,75,-50
219000135,36,307,-271
219000136,122,473,-351
219000138,213,26,187
219000139,218,37,181
219000140,233,1,232
219000141,86,46,40
219000142,11,89,-78
219000143,51,43,8
219000145,4,73,-69
219000146,2,40,-38
219000147,3,44,-41
219000148,7,39,-32
219000149,46,45,1
219000150,1,51,-50
219000151,9,24,-15
219000157,462,409,53
219000158,420,625,-205
219000161,356,11,345
219000163,1404,434,970
219000166,354,395,-41
219000167,362,362,0
219000168,356,92,264
219000174,913,351,562
219000175,422,4,418
219000176,500,23,477
219000177,218,3,215
219000178,169,7,162
219000179,89,8,81
219000180,153,34,119
219000182,297,12,285
219000183,202,64,138
219000184,213,7,206
219000185,6,76,-70
219000186,173,136,37
219000187,38,257,-219
219000189,99,268,-169
219000190,100,449,-349
219000191,181,2108,-1927
219000192,255,455,-200
219000193,762,276,486
219000195,6,446,-440
219000196,3,169,-166
219000198,106,389,-283
219000199,244,190,54
219000200,224,130,94
219000201,75,168,-93
219000203,38,285,-247
219000204,108,625,-517
219000205,55,320,-265
219000207,112,269,-157
219000209,21,86,-65
219000210,36,680,-644
219000213,11,414,-403
219000239,327,293,34
219000240,326,938,-612
219000241,256,304,-48
219000242,123,264,-141
219000243,195,386,-191
219000244,27,57,-30
219000245,30,51,-21
219000246,54,108,-54
219000247,437,83,354
219000248,777,1321,-544
219000249,362,327,35
219000250,320,213,107
219000251,798,446,352
219000252,550,249,301
219000253,711,69,642
219000255,343,208,135
219000256,579,604,-25
219000257,289,0,289
219000262,149,589,-440
219000263,104,229,-125
219000267,10,87,-77
219000268,25,60,-35
219000269,21,2,19
219000270,57,1,56
219000271,594,10,584
219000278,29,89,-60
219000279,5,71,-66
219000283,0,190,-190
219000295,21,138,-117
219000296,179,585,-406
219000297,144,45,99
219000298,184,42,142
219000299,709,48,661
219000300,164,122,42
219000301,77,471,-394
219000302,62,194,-132
219000307,127,26,101
219000308,159,324,-165
219000311,397,105,292
219000312,1032,137,895
219000313,926,84,842
219000314,202,162,40
219000315,758,45,713
219000316,1295,114,1181
219000317,379,30,349
219000320,8,205,-197
219000321,0,37,-37
219000323,2,83,-81
219000325,4,6,-2
219000326,93,53,40
219000327,47,10,37
219000328,34,30,4
219000329,335,144,191
219000330,31,77,-46
219000331,103,97,6
219000332,370,337,33
219000333,135,5,130
219000335,190,13,177
219000337,76,8,68
219000338,62,0,62
219000344,40,214,-174
219000345,125,52,73
219000346,81,40,41
219000348,320,182,138
219000349,80,174,-94
219000350,117,521,-404
219000351,1,21,-20
219000352,135,129,6
219000353,335,83,252
219000354,391,82,309
219000355,310,96,214
219000356,449,2417,-1968
219000363,168,215,-47
219000364,299,132,167
219000365,132,91,41
219000366,180,1528,-1348
219000368,546,865,-319
219000370,915,926,-11
219000371,9,9,0
219000382,28,26,2
219000383,333,2007,-1674
219000385,321,1063,-742
219000386,1120,2565,-1445
219000387,0,24,-24
219000390,43,9,34
219000391,8,3,5
219000397,99,45,54
219000398,48,114,-66
219000401,67,217,-150
219000402,90,155,-65
219000403,87,844,-757
219000404,59,192,-133
219000407,4,26,-22
219000409,150,91,59
219000410,623,129,494
219000411,276,46,230
219000446,80,428,-348
219000447,7,66,-59
219000448,8,8,0
219000452,142,202,-60
219000453,33,338,-305
219000454,385,865,-480
219000556,644,489,155
219000558,206,386,-180
219000590,46,354,-308
219000591,303,921,-618
219000592,128,220,-92
219000595,7,28,-21
219000635,260,173,87
219000636,157,359,-202
219000657,34,12,22
219000658,73,354,-281
219000673,0,56,-56
219000676,6,8,-2
219000679,59,107,-48
219000684,223,1,222
219000685,0,104,-104
219000686,3,19,-16
219000688,0,56,-56
219000689,26,134,-108
219000690,272,11,261
219000691,25,136,-111
219000692,273,8,265
219000693,3,19,-16
219000694,104,0,104
219000695,146,39,107
219000698,136,53,83
219000699,0,238,-238
219000727,52,847,-795
219000728,202,45,157
219000770,63,3,60
219000771,2,140,-138
219001150,0,58,-58
219001151,0,5,-5
219001166,23,51,-28
219001167,1,69,-68
220000001,154,311,-157
220000002,32,213,-181
220000003,559,399,160
220000004,636,1258,-622
220000005,711,3163,-2452
220000006,253,1194,-941
220000007,1004,348,656
220000008,474,642,-168
220000009,752,610,142
220000010,167,97,70
220000011,780,7977,-7197
220000012,93,1018,-925
220000014,225,116,109
220000015,45,541,-496
220000017,27,669,-642
220000018,12734,4806,7928
220000019,342,1194,-852
220000020,911,386,525
220000021,1498,625,873
220000022,1864,419,1445
220000023,512,308,204
220000024,1347,1157,190
220000025,951,3452,-2501
220000026,589,1774,-1185
220000027,13,417,-404
220000028,83,258,-175
220000029,16,93,-77
220000030,78,140,-62
220000031,1077,1040,37
220000064,60,1921,-1861
221000046,1,0,1
221000047,0,0,0
221000048,0,0,0
221000049,0,55,-55
221000050,42,0,42
221000055,105,180,-75
221000057,191,1,190
221000068,315,98,217
221000069,442,58,384
221000070,392,19,373
221000071,255,5,250
221000072,679,13,666
221000073,383,130,253
221000074,0,48,-48
221000075,26,69,-43
221000076,87,20,67
221000077,54,80,-26
221000081,47,13,34
221000082,102,17,85
221000083,17,21,-4
221000084,3,33,-30
221000085,52,303,-251
221000086,27,161,-134
221000087,11,248,-237
221000088,20,268,-248
221000089,42,316,-274
221000090,126,648,-522
221000098,268,79,189
221000099,362,17,345
221000100,195,11,184
221000101,175,5,170
221000102,223,14,209
221000109,32,80,-48
221000110,4,46,-42
221000111,16,97,-81
221000112,4,110,-106
221000113,18,263,-245
221000114,22,172,-150
221000120,24,225,-201
221000121,4,90,-86
221000122,39,101,-62
221000123,1,5,-4
221000124,21,66,-45
221000155,300,36,264
221000156,32,71,-39
221000175,0,17,-17
221000176,0,1,-1
221000182,55,40,15
221000241,346,361,-15
221000242,224,274,-50
221000243,558,285,273
221000244,540,502,38
221000245,149,162,-13
221000246,47,428,-381
221000247,115,196,-81
221000248,273,190,83
221000267,24,988,-964
221000325,24,187,-163
221000331,2,59,-57
221000338,27,105,-78
221000378,614,57,557
221000381,118,35,83
222000282,6,7,-1
222000296,1,19,-18
222000568,743,22,721
222000569,296,47,249
222000570,299,123,176
222000571,731,110,621
222000577,28,54,-26
222000578,9,123,-114
222000579,11,117,-106
222000580,48,751,-703
222000599,1,89,-88
222000600,0,154,-154
222000601,2,890,-888
222000603,5,256,-251
222000604,0,281,-281
222000605,12,54,-42
222000606,2,20,-18
222000607,18,4,14
222000608,55,31,24
222000609,133,97,36
222000616,975,128,847
222000617,29,115,-86
222000618,11,55,-44
222000620,31,44,-13
222000621,34,42,-8
222000623,1188,23,1165
222000624,799,5,794
222000625,2812,5,2807
222000636,95,21,74
222000686,75,80,-5
222000687,81,51,30
222001066,1313,4,1309
222001067,124,3,121
222001068,378,30,348
222001069,163,80,83
222001082,67,12,55
222001083,178,9,169
222001084,6,42,-36
222001085,0,526,-526
222001111,247,57,190
222001112,428,306,122
222001313,7,54,-47
222001314,4,157,-153
222001464,111,102,9
222001465,27,138,-111
222001484,411,110,301
222001485,37,99,-62
222001494,1533,476,1057
222001495,249,187,62
222001496,837,515,322
222001497,193,356,-163
222001502,7,76,-69
222001503,436,147,289
222001504,69,429,-360
222001505,1229,43,1186
222001506,93,323,-230
222001507,902,21,881
222001510,1635,92,1543
222001511,93,133,-40
222001514,1737,157,1580
222001515,203,279,-76
222001518,963,66,897
222001519,215,126,89
222001527,267,193,74
222001528,36,281,-245
222001529,969,43,926
222001530,216,79,137
222001533,302,412,-110
222001534,1150,463,687
222001535,558,910,-352
222001536,125,176,-51
222001537,669,122,547
222001538,54,386,-332
222001563,1923,257,1666
222001564,108,266,-158
222001568,352,321,31
222001576,0,8,-8
222001579,1,12,-11
222001583,35,109,-74
222001584,324,27,297
222001596,773,2211,-1438
222001597,2805,1457,1348
222001626,0,44,-44
222001650,20,186,-166
222001651,59,282,-223
222001914,630,56,574
222001915,73,155,-82
222900004,946,296,650
222900009,436,428,8
222900019,158,317,-159
222900024,134,14,120
222900025,12,13,-1
225000001,867,161,706
225000002,1543,573,970
225000003,1967,714,1253
225000004,1091,1386,-295
225000005,84,437,-353
225000006,1,429,-428
225000007,3003,1602,1401
225000010,703,16,687
225000011,455,3009,-2554
225000012,536,1209,-673
225000013,290,316,-26
225000014,1427,483,944
225000015,301,270,31
225000021,1504,247,1257
225000027,561,737,-176
225000032,1516,244,1272
225000042,246,813,-567
225000049,231,557,-326
225000050,409,95,314
225000053,37,357,-320
225000058,1146,537,609
225000067,629,239,390
225000068,354,947,-593
225000069,209,885,-676
225000070,397,397,0
225000071,175,118,57
225000075,158,4786,-4628
225000076,122,394,-272
225000078,131,199,-68
225000085,242,50,192
225000086,535,92,443
225000087,974,30,944
225000088,65,409,-344
225000089,139,687,-548
225000090,87,1027,-940
225000091,111,212,-101
225000092,119,329,-210
225000093,867,646,221
225000094,35,362,-327
225000095,640,435,205
225000096,226,434,-208
225000098,1898,216,1682
225000099,986,186,800
225000100,1127,234,893
225000104,336,482,-146
225000110,43,626,-583
225000111,692,776,-84
225000112,1259,1175,84
225000113,356,2275,-1919
225000114,248,868,-620
225000115,2384,877,1507
225000116,407,265,142
225000117,1030,742,288
225000118,2660,646,2014
225000119,1024,239,785
225000120,2003,339,1664
225000121,375,118,257
225000123,1726,106,1620
225000125,1087,386,701
225000126,1504,610,894
225000127,890,5231,-4341
225000128,686,1805,-1119
225000132,1243,45,1198
225000133,835,34,801
225000134,1404,189,1215
225000135,225,23,202
225000136,1084,17,1067
225000137,811,266,545
225000138,1712,245,1467
225000143,318,413,-95
225000144,23,445,-422
225000145,161,293,-132
225000146,170,636,-466
225000147,96,237,-141
225000148,4,83,-79
225000149,211,265,-54
225000151,220,130,90
225000155,357,351,6
225000156,424,1392,-968
225000157,1118,546,572
225000158,122,432,-310
225000171,34,253,-219
225000180,44,4,40
225000181,0,321,-321
225000182,127,55,72
225000185,18,675,-657
225000187,396,561,-165
225000191,192,1,191
225000194,0,8,-8
225000208,0,120,-120
225000209,415,63,352
225000210,29,422,-393
225000217,0,110,-110
225000218,78,3,75
225000223,3,530,-527
225000224,419,31,388
225000225,0,291,-291
225000226,323,22,301
225000227,740,656,84
225000228,21,37,-16
225000229,0,499,-499
225000230,10,0,10
225000231,0,40,-40
225000232,440,1,439
225000241,294,1,293
225000242,0,53,-53
225000249,144,137,7
225000250,281,478,-197
225000251,1161,370,791
225000254,19,312,-293
225000256,5,1372,-1367
225000257,3,181,-178
226000042,582,767,-185
226000043,208,658,-450
226000044,497,1304,-807
226000045,281,680,-399
226000046,888,413,475
226000047,976,237,739
226000048,690,256,434
226000049,1006,593,413
226000070,0,14,-14
226000071,0,140,-140
226000072,0,91,-91
226000073,0,28,-28
226000074,0,56,-56
226000084,10,45,-35
226000085,0,99,-99
226000086,3,64,-61
226000087,3,63,-60
226000088,21,104,-83
226000090,50,361,-311
226000091,25,167,-142
226000092,1,24,-23
226000093,93,0,93
226000094,19,19,0
226000095,13,19,-6
226000105,41,4,37
226000106,32,0,32
226000107,30,1,29
226000108,25,0,25
226000109,293,0,293
226000124,408,297,111
226000134,1949,777,1172
226000135,3643,831,2812
226000136,1514,1073,441
226000137,23,663,-640
226000138,38,174,-136
226000139,0,179,-179
226000156,1004,7,997
226000157,854,49,805
226000163,172,503,-331
226000202,7,628,-621
226000231,1335,41,1294
226000232,126,10,116
227000033,738,31,707
227000036,1034,49,985
227000037,816,256,560
227000038,284,126,158
227000084,1,237,-236
227000085,2,148,-146
227000088,93,2,91
227000089,92,1,91
227000090,39,0,39
227000091,61,0,61
227000092,52,0,52
227000093,339,2,337
227000094,46,10,36
227000130,128,261,-133
227000131,77,205,-128
227000132,54,240,-186
227000133,53,111,-58
227000134,64,168,-104
227000152,0,11,-11
227000153,0,282,-282
227000154,0,120,-120
227000155,0,30,-30
227000156,2,68,-66
227000165,0,143,-143
227000196,1315,138,1177
227000199,1184,326,858
227000230,17,214,-197
227000232,1481,67,1414
227000242,86,517,-431
227000243,461,69,392
227000245,20,326,-306
227000246,212,262,-50
227000247,882,53,829
227000248,166,72,94
227000249,53,69,-16
227000250,490,373,117
227000251,85,525,-440
227000252,96,209,-113
227000253,386,29,357
227000262,943,82,861
227000266,3478,93,3385
227000267,11,748,-737
227000282,10,163,-153
227000284,1342,33,1309
227000286,5,80,-75
227000291,9,407,-398
227000296,408,329,79
227000484,290,3,287
227000485,10,827,-817
227000655,576,5,571
227000656,1036,28,1008
227000657,327,13,314
227000704,402,29,373
229000265,14,25,-11
229000266,1,4,-3
229000267,15,1,14
229000268,43,1,42
229000269,47,2,45
229000274,0,471,-471
229000275,1,91,-90
229000276,0,115,-115
229000277,1,12,-11
229000278,8,15,-7
229000295,165,27,138
229000296,10,225,-215
229000297,72,50,22
229000298,31,128,-97
229000320,19,23,-4
229000321,67,372,-305
229000412,44,60,-16
229000414,27,56,-29
229000415,7,4,3
229000416,1,1,0
229000417,1,7,-6
229000419,182,400,-218
229000440,415,209,206
229000442,66,37,29
229000443,2,20,-18
229000444,0,58,-58
229000445,242,8,234
229000446,262,24,238
229000491,8,23,-15
229000492,12,70,-58
229000493,17,172,-155
229000494,89,36,53
229000495,238,46,192
229000496,173,32,141
229000507,0,69,-69
229000508,1,35,-34
229000509,1,147,-146
229000510,7,58,-51
229000511,11,54,-43
229000512,0,28,-28
229000513,0,6,-6
229000514,3,3,0
229000517,9,4,5
229000518,72,14,58
229000519,0,9,-9
229000520,44,32,12
229000521,137,21,116
229000522,6,9,-3
229000523,9,11,-2
229000524,12,2,10
229000527,2,4,-2
229000528,1,0,1
229000529,36,1,35
229000530,102,1,101
229000531,98,1,97
229000532,10,0,10
229000533,120,0,120
229000534,26,1,25
229000564,101,3,98
229000565,88,1,87
229000566,0,14,-14
229000567,1,18,-17
229000582,95,17,78
229000583,10,20,-10
229000584,0,11,-11
229000585,1,151,-150
229000718,0,4,-4
229000719,0,3,-3
229000720,0,33,-33
229000721,0,1,-1
229000722,1,1,0
229000723,0,2,-2
229000724,0,4,-4
229000725,0,0,0
229000738,8,0,8
229000739,3,6,-3
229000740,2,0,2
229000741,92,1,91
229000742,40,0,40
229000743,58,1,57
229000744,0,0,0
229000745,3,0,3
229000746,40,2,38
229000847,176,0,176
229000848,92,0,92
229000849,190,2,188
229000851,157,0,157
229000854,0,47,-47
229000856,4,91,-87
229000857,0,35,-35
229000858,0,102,-102
229000919,4,114,-110
229000930,18,177,-159
229000937,264,38,226
229000966,109,72,37
229000981,22,27,-5
229000985,56,11,45
229000986,0,6,-6
229000987,0,26,-26
229000988,2,14,-12
229000989,21,10,11
229000990,2,4,-2
229000991,0,1,-1
229000992,26,0,26
229000993,311,10,301
229000998,68,76,-8
229000999,85,11,74
229001034,0,41,-41
229001035,2,27,-25
229001036,64,96,-32
229001037,94,6,88
229001038,0,44,-44
229001039,0,0,0
229001040,0,91,-91
229001041,415,1,414
229001042,61,10,51
229001047,75,56,19
229001050,77,33,44
229001168,0,19,-19
229001200,107,8,99
229001338,2,15,-13
229001394,428,1,427
229001422,270,55,215
229001423,37,139,-102
229001431,132,123,9
229001432,23,140,-117
229001444,376,101,275
229001445,153,108,45
229001479,58,0,58
229001503,436,84,352
229001504,220,171,49
229001505,240,59,181
229001506,138,182,-44
229001509,137,18,119
229001510,115,87,28
229001545,185,12,173
229001546,4,96,-92
229001553,212,79,133
229001554,28,99,-71
229001630,139,17,122
229001631,109,65,44
229001635,0,57,-57
229001636,1,3,-2
229001658,0,96,-96
229001659,133,10,123
229001660,1,51,-50
229001661,16,83,-67
229001662,61,0,61
229001663,0,133,-133
229002584,339,505,-166
229002831,264,148,116
229002841,10,41,-31
229002842,25,109,-84
229002843,65,34,31
229002844,54,136,-82
229002845,34,143,-109
229002846,11,31,-20
229002847,1,45,-44
229002848,11,154,-143
229002849,16,74,-58
229002850,25,0,25
229002851,67,182,-115
229002852,197,80,117
229002853,155,56,99
229002854,69,97,-28
229002855,18,131,-113
229002856,63,62,1
229002857,18,196,-178
229002858,35,23,12
229002859,95,131,-36
229002860,221,94,127
229002861,107,119,-12
229002862,32,59,-27
229002863,34,38,-4
229002864,38,23,15
229002865,4,32,-28
229002866,38,26,12
229002867,1,29,-28
229002868,17,7,10
229002869,11,69,-58
229002870,53,22,31
235000066,513,96,417
235000067,635,155,480
235000072,75,102,-27
235000073,148,505,-357
235000074,221,59,162
235000080,9,150,-141
235000081,260,164,96
235000082,606,65,541
235000083,629,65,564
235000084,94,49,45
235000085,337,56,281
235000089,60,491,-431
235000092,108,490,-382
235000093,22,12,10
235000097,20,13,7
235000098,151,5,146
235000099,83,113,-30
235000116,38,32,6
235000117,1334,47,1287
235000133,65,1396,-1331
235000134,29,322,-293
235000206,11,25,-14
235000207,4,4,0
235000208,0,2,-2
235000209,3,1,2
235000210,8,2,6
235000212,16,9,7
235000213,2,21,-19
235000220,1,15,-14
235000221,6,120,-114
235000238,14,330,-316
235000239,0,109,-109
235000242,527,1356,-829
235000245,456,256,200
235000246,22,66,-44
235000284,8,90,-82
235000295,123,213,-90
235000305,578,113,465
235000306,821,39,782
235000307,51,7,44
235000308,68,0,68
235000309,220,1,219
235000310,80,0,80
235000311,158,83,75
235000322,0,36,-36
235000323,0,17,-17
235000324,1,45,-44
235000325,1,51,-50
235000326,28,51,-23
235000351,14,42,-28
235000352,68,66,2
235000353,25,59,-34
235000354,22,22,0
235000355,21,1180,-1159
235000356,281,12,269
235000357,325,9,316
235000358,80,81,-1
235000359,11,2,9
235000360,205,9,196
235000361,136,21,115
235000381,496,151,345
235000382,712,122,590
235000390,21,3,18
235000391,275,47,228
235000392,316,316,0
235000393,289,1153,-864
235000395,233,91,142
235000396,970,156,814
235000400,523,233,290
235000401,12,188,-176
235000405,523,139,384
235000406,160,138,22
235000407,170,95,75
235000409,225,258,-33
235000410,223,182,41
235000411,1,48,-47
235000485,0,31,-31
235000486,28,5,23
235000549,152,1077,-925
235000550,178,356,-178
235000599,299,63,236
235000600,1,24,-23
235000601,54,41,13
235000602,180,76,104
235000614,12,8,4
235000648,2,11,-9
235000649,348,25,323
235000685,0,6,-6
235000815,6,18,-12
235000834,0,29,-29
235000855,63,54,9
235000862,188,128,60
235000891,0,79,-79
235000892,100,51,49
235000901,234,789,-555
235000907,9,8,1
235001010,188,405,-217
235001029,315,253,62
235001030,229,133,96
235001078,135,370,-235
235001079,237,89,148
235001147,1,88,-87
235001166,18,62,-44
235001167,122,73,49
235001169,41,187,-146
235001188,2,27,-25
235001189,4,2,2
235001197,0,17,-17
235001200,146,69,77
235001208,23,63,-40
235001209,133,131,2
235001210,32,220,-188
235001239,2,61,-59
235001244,2,25,-23
235016267,1,277,-276
241900007,136,0,136
277101746,0,19,-19
277102712,53,73,-20
277103813,0,0,0
277103814,0,0,0
277103898,0,2,-2
990011530,2,750,-748
990014944,1,306,-305
990015176,118,0,118
990015618,0,216,-216
990016032,0,239,-239
990032570,5,2162,-2157
990070001,145,72,73
990070103,0,2,-2
990070601,1,52,-51
990070751,3849,5,3844
990070766,2,163,-161
990071180,1020,570,450
990071343,53,25,28
990071387,1,3,-2
990071823,1063,65,998
990072600,2,754,-752
990072964,6,151,-145
990073285,0,3,-3
990074393,8,739,-731
990074870,3314,15,3299
990075106,1598,4,1594
990075746,1125,18,1107
990076437,6810,5,6805
990076458,1,614,-613
997000007,674,15,659
997000041,2,560,-558
997000058,103,1,102
997000062,18,0,18
997000069,0,4,-4
997000070,0,20,-20
997000100,291,0,291
997000141,1,473,-472
997000198,3,299,-296
998000475,0,2,-2
998000736,1,405,-404
998000965,1,53,-52
998001031,0,128,-128
998001700,1,83,-82
998001899,0,2,-2
998001900,19,0,19
998003073,1687,0,1687
998101900,0,0,0
998102850,10,119,-109
998501927,649,1491,-842
998501929,360,5,355
998501930,130,0,130
998501931,561,123,438
998501932,20,2,18
998501933,145,2,143
998501937,35,2,33
998501944,1,1,0
998501970,473,29,444
998501971,1,590,-589
998501972,795,12,783
998501973,1,29,-28
998501974,7,139,-132
998501975,354,142,212
998501976,297,1,296
998501977,17,60,-43
998501978,16,1,15
998501979,0,4,-4
998501980,237,1,236
998501981,151,2,149
998501982,1,309,-308
998502006,0,0,0
998502024,0,55,-55
998502032,1,1,0
998502062,14,0,14
998502063,0,0,0
998502173,13,0,13
998502269,0,7,-7
998601159,16,47,-31
998601292,1,87,-86
999033574,0,276,-276
999800001,93,42,51
999800002,0,4,-4
999800003,6,2,4
999800004,0,7,-7
999800005,0,82,-82
