dong,insum,outsum,diff
강남구 개포1동,971,1642,-671
강남구 개포2동,15993,25778,-9785
강남구 개포4동,10512,14502,-3990
강남구 논현1동,46544,50576,-4032
강남구 논현2동,31824,35657,-3833
강남구 대치1동,31973,24609,7364
강남구 대치2동,50991,35460,15531
강남구 대치4동,32914,28958,3956
강남구 도곡1동,25171,24179,992
강남구 도곡2동,10151,9813,338
강남구 삼성1동,61774,44521,17253
강남구 삼성2동,23700,17759,5941
강남구 세곡동,20712,44743,-24031
강남구 수서동,41481,19057,22424
강남구 신사동,36798,28852,7946
강남구 압구정동,59184,46106,13078
강남구 역삼1동,95522,82667,12855
강남구 역삼2동,29656,27662,1994
강남구 일원1동,9267,13535,-4268
강남구 일원2동,5438,4193,1245
강남구 일원본동,11210,16213,-5003
강남구 청담동,46717,38929,7788
강동구 강일동,10316,30167,-19851
강동구 고덕제1동,6053,11416,-5363
강동구 고덕제2동,13525,10678,2847
강동구 길동,12620,15801,-3181
강동구 둔촌제1동,263,412,-149
강동구 둔촌제2동,14982,12667,2315
강동구 명일제1동,15841,17481,-1640
강동구 명일제2동,12071,10631,1440
강동구 상일동,25797,17068,8729
강동구 성내제1동,10491,12943,-2452
강동구 성내제2동,11828,13377,-1549
강동구 성내제3동,13676,15294,-1618
강동구 암사제1동,8401,16972,-8571
강동구 암사제2동,3737,3537,200
강동구 암사제3동,1412,1203,209
강동구 천호제1동,5231,11768,-6537
강동구 천호제2동,32199,22486,9713
강동구 천호제3동,10473,10827,-354
강북구 미아동,26786,20658,6128
강북구 번1동,61508,46073,15435
강북구 번2동,8330,17562,-9232
강북구 번3동,15473,30655,-15182
강북구 삼각산동,6933,12561,-5628
강북구 삼양동,16259,25083,-8824
강북구 송중동,96975,73667,23308
강북구 송천동,27243,36231,-8988
강북구 수유1동,17059,20853,-3794
강북구 수유2동,12723,20873,-8150
강북구 수유3동,52819,43228,9591
강북구 우이동,15937,17056,-1119
강북구 월곡제1동,1547,1978,-431
강북구 인수동,13171,23290,-10119
강서구 가양제1동,22977,17910,5067
강서구 가양제2동,2718,4111,-1393
강서구 가양제3동,2701,4665,-1964
강서구 공항동,15435,14551,884
강서구 등촌제1동,19932,27278,-7346
강서구 등촌제2동,9854,17193,-7339
강서구 등촌제3동,30395,30538,-143
강서구 발산제1동,29034,32030,-2996
강서구 방화제1동,13112,18119,-5007
강서구 방화제2동,12675,9880,2795
강서구 방화제3동,2192,2392,-200
강서구 염창동,13347,20490,-7143
강서구 우장산동,18376,23757,-5381
강서구 화곡본동,10420,16576,-6156
강서구 화곡제1동,47625,48847,-1222
강서구 화곡제2동,5944,12513,-6569
강서구 화곡제3동,15493,13632,1861
강서구 화곡제4동,8331,15066,-6735
강서구 화곡제6동,19882,29187,-9305
강서구 화곡제8동,25253,16864,8389
관악구 낙성대동,33659,52784,-19125
관악구 난곡동,11682,28519,-16837
관악구 난향동,7376,15629,-8253
관악구 남현동,13378,16739,-3361
관악구 대학동,41474,35655,5819
관악구 미성동,23269,41450,-18181
관악구 보라매동,21154,29916,-8762
관악구 삼성동,15387,42828,-27441
관악구 서림동,18832,32769,-13937
관악구 서원동,75180,52267,22913
관악구 성현동,12038,33080,-21042
관악구 신림동,78774,54890,23884
관악구 신사동,14111,22913,-8802
관악구 신원동,5331,7733,-2402
관악구 은천동,30245,31721,-1476
관악구 인헌동,13446,15922,-2476
관악구 조원동,48002,37354,10648
관악구 중앙동,9510,8915,595
관악구 청룡동,39236,22100,17136
관악구 청림동,4023,9984,-5961
관악구 행운동,54122,44803,9319
광진구 광장동,7440,9325,-1885
광진구 구의제1동,13269,16923,-3654
광진구 구의제2동,13713,22054,-8341
광진구 구의제3동,19902,11707,8195
광진구 군자동,16181,22340,-6159
광진구 능동,12671,16863,-4192
광진구 자양제1동,4101,5499,-1398
광진구 자양제2동,19708,33384,-13676
광진구 자양제3동,8175,10907,-2732
광진구 자양제4동,30217,26155,4062
광진구 중곡제1동,7647,8884,-1237
광진구 중곡제2동,10874,13969,-3095
광진구 중곡제3동,9247,12712,-3465
광진구 중곡제4동,7714,12630,-4916
광진구 화양동,24434,23990,444
구로구 가리봉동,13977,11832,2145
구로구 개봉제1동,45180,45028,152
구로구 개봉제2동,29216,26265,2951
구로구 개봉제3동,5779,15590,-9811
구로구 고척제1동,20480,32507,-12027
구로구 고척제2동,15090,29605,-14515
구로구 구로제1동,9959,14433,-4474
구로구 구로제2동,36317,39023,-2706
구로구 구로제3동,93340,40475,52865
구로구 구로제4동,25788,19137,6651
구로구 구로제5동,42173,32120,10053
구로구 수궁동,33955,33271,684
구로구 신도림동,45223,34347,10876
구로구 오류제1동,14691,19429,-4738
구로구 오류제2동,17636,18051,-415
구로구 항동,1795,9702,-7907
금천구 가산동,79537,49738,29799
금천구 독산제1동,51466,69268,-17802
금천구 독산제2동,15832,25299,-9467
금천구 독산제3동,25598,34200,-8602
금천구 독산제4동,17556,13033,4523
금천구 미성동,144,677,-533
금천구 시흥제1동,44576,61739,-17163
금천구 시흥제2동,8672,22227,-13555
금천구 시흥제3동,14483,14703,-220
금천구 시흥제4동,7312,11490,-4178
금천구 시흥제5동,18472,26518,-8046
노원구 공릉1동,22509,23937,-1428
노원구 공릉2동,21888,26322,-4434
노원구 상계10동,15204,7781,7423
노원구 상계1동,18559,21282,-2723
노원구 상계2동,25188,22572,2616
노원구 상계3.4동,3038,5571,-2533
노원구 상계5동,16613,16338,275
노원구 상계6.7동,24040,21471,2569
노원구 상계8동,5297,7061,-1764
노원구 상계9동,8533,11278,-2745
노원구 월계1동,57049,36913,20136
노원구 월계2동,10722,18918,-8196
노원구 월계3동,12513,16028,-3515
노원구 중계1동,10718,18843,-8125
노원구 중계2.3동,20761,18973,1788
노원구 중계4동,13282,11422,1860
노원구 중계본동,11984,18832,-6848
노원구 하계1동,22710,19730,2980
노원구 하계2동,15288,12646,2642
도봉구 도봉제1동,14400,14308,92
도봉구 도봉제2동,20338,18980,1358
도봉구 방학제1동,18704,28196,-9492
도봉구 방학제2동,5890,15789,-9899
도봉구 방학제3동,9005,18489,-9484
도봉구 쌍문제1동,11579,23313,-11734
도봉구 쌍문제2동,12524,21018,-8494
도봉구 쌍문제3동,16032,12296,3736
도봉구 쌍문제4동,6868,18149,-11281
도봉구 창제1동,54393,22808,31585
도봉구 창제2동,9020,20253,-11233
도봉구 창제3동,9316,18411,-9095
도봉구 창제4동,30144,24488,5656
도봉구 창제5동,22217,23673,-1456
동대문구 답십리제1동,18875,25598,-6723
동대문구 답십리제2동,22647,26625,-3978
동대문구 면목제5동,146,85,61
동대문구 용신동,65655,54343,11312
동대문구 이문제1동,13202,18043,-4841
동대문구 이문제2동,8668,8414,254
동대문구 장안제1동,47006,36962,10044
동대문구 장안제2동,24491,41174,-16683
동대문구 전농제1동,21481,38269,-16788
동대문구 전농제2동,14546,22929,-8383
동대문구 제기동,35048,30707,4341
동대문구 청량리동,67638,42800,24838
동대문구 회기동,11974,13465,-1491
동대문구 휘경제1동,31292,25327,5965
동대문구 휘경제2동,16732,23792,-7060
동작구 노량진제1동,72925,58441,14484
동작구 노량진제2동,35031,22025,13006
동작구 대방동,50992,58908,-7916
동작구 사당제1동,19241,24894,-5653
동작구 사당제2동,41603,32372,9231
동작구 사당제3동,7674,19101,-11427
동작구 사당제4동,1720,1910,-190
동작구 사당제5동,8141,13484,-5343
동작구 상도제1동,63775,69392,-5617
동작구 상도제2동,24288,33586,-9298
동작구 상도제3동,15402,27520,-12118
동작구 상도제4동,9524,28987,-19463
동작구 신대방제1동,10594,14396,-3802
동작구 신대방제2동,30041,34669,-4628
동작구 흑석동,34459,39104,-4645
마포구 공덕동,17955,22854,-4899
마포구 대흥동,27964,24769,3195
마포구 도화동,12813,13505,-692
마포구 망원제1동,11010,16371,-5361
마포구 망원제2동,7831,11723,-3892
마포구 상암동,62573,52108,10465
마포구 서강동,10618,16901,-6283
마포구 서교동,135204,110005,25199
마포구 성산제1동,14030,20172,-6142
마포구 성산제2동,21072,33700,-12628
마포구 신수동,4594,8585,-3991
마포구 아현동,22310,25067,-2757
마포구 연남동,8714,11563,-2849
마포구 염리동,4149,6249,-2100
마포구 용강동,16071,19804,-3733
마포구 합정동,19883,23104,-3221
서대문구 남가좌제1동,13195,16462,-3267
서대문구 남가좌제2동,17712,30386,-12674
서대문구 북가좌제1동,5044,12232,-7188
서대문구 북가좌제2동,12871,24930,-12059
서대문구 북아현동,16721,19003,-2282
서대문구 신촌동,109781,77618,32163
서대문구 연희동,55194,75318,-20124
서대문구 천연동,22722,25586,-2864
서대문구 충현동,36527,38582,-2055
서대문구 홍은제1동,15143,26379,-11236
서대문구 홍은제2동,27833,43770,-15937
서대문구 홍제제1동,33853,26596,7257
서대문구 홍제제2동,17093,23762,-6669
서대문구 홍제제3동,19447,17866,1581
서초구 내곡동,16309,15700,609
서초구 반포1동,27208,30131,-2923
서초구 반포2동,9355,9083,272
서초구 반포3동,38518,24645,13873
서초구 반포4동,37807,30227,7580
서초구 반포본동,12271,12644,-373
서초구 방배1동,21634,19850,1784
서초구 방배2동,22845,23792,-947
서초구 방배3동,14188,15763,-1575
서초구 방배4동,18325,21723,-3398
서초구 방배본동,12220,15633,-3413
서초구 서초1동,20902,20128,774
서초구 서초2동,37464,44002,-6538
서초구 서초3동,43069,41714,1355
서초구 서초4동,38085,49075,-10990
서초구 양재1동,74565,78700,-4135
서초구 양재2동,33353,35690,-2337
서초구 잠원동,22774,33220,-10446
성동구 금호1가동,8180,12860,-4680
성동구 금호2.3가동,16265,18191,-1926
성동구 금호4가동,7894,12922,-5028
성동구 마장동,12532,15114,-2582
성동구 사근동,10850,7852,2998
성동구 성수1가제1동,10580,9283,1297
성동구 성수1가제2동,7577,6234,1343
성동구 성수2가제1동,7052,9107,-2055
성동구 성수2가제3동,10562,7434,3128
성동구 송정동,4646,6711,-2065
성동구 옥수동,19167,20660,-1493
성동구 왕십리도선동,19126,14098,5028
성동구 왕십리제2동,11059,18796,-7737
성동구 용답동,16573,12154,4419
성동구 응봉동,4836,14218,-9382
성동구 행당제1동,27340,17992,9348
성동구 행당제2동,13015,15613,-2598
성북구 길음제1동,28400,33843,-5443
성북구 길음제2동,23914,23545,369
성북구 돈암제1동,32548,26932,5616
성북구 돈암제2동,5373,14066,-8693
성북구 동선동,45096,41156,3940
성북구 보문동,12173,13507,-1334
성북구 삼선동,46141,48647,-2506
성북구 석관동,12979,18491,-5512
성북구 성북동,25219,27504,-2285
성북구 안암동,18038,17012,1026
성북구 월곡제1동,21283,28522,-7239
성북구 월곡제2동,17906,13147,4759
성북구 장위제1동,10767,24784,-14017
성북구 장위제2동,18578,17328,1250
성북구 장위제3동,7349,12579,-5230
성북구 정릉제1동,14251,22514,-8263
성북구 정릉제2동,16971,35675,-18704
성북구 정릉제3동,14404,12356,2048
성북구 정릉제4동,22718,29894,-7176
성북구 종암동,32355,45718,-13363
송파구 가락1동,4538,6075,-1537
송파구 가락2동,17588,23824,-6236
송파구 가락본동,21202,21034,168
송파구 거여1동,4457,6764,-2307
송파구 거여2동,1331,1650,-319
송파구 마천1동,4144,6073,-1929
송파구 마천2동,9421,17324,-7903
송파구 문정1동,5908,10609,-4701
송파구 문정2동,33990,27969,6021
송파구 방이1동,7570,11592,-4022
송파구 방이2동,15597,20330,-4733
송파구 삼전동,13754,24216,-10462
송파구 석촌동,22839,34026,-11187
송파구 송파1동,14846,20938,-6092
송파구 송파2동,5774,7334,-1560
송파구 오금동,21033,24733,-3700
송파구 오륜동,10498,9018,1480
송파구 위례동,11287,22726,-11439
송파구 잠실2동,4519,10584,-6065
송파구 잠실3동,71675,36845,34830
송파구 잠실4동,879,1303,-424
송파구 잠실6동,29858,16625,13233
송파구 잠실7동,12411,6907,5504
송파구 잠실본동,27873,34523,-6650
송파구 장지동,13167,15032,-1865
송파구 풍납1동,6581,5175,1406
송파구 풍납2동,11067,14459,-3392
양천구 목1동,62750,35662,27088
양천구 목2동,32851,33595,-744
양천구 목3동,22045,25098,-3053
양천구 목4동,13248,32356,-19108
양천구 목5동,23990,31351,-7361
양천구 신월1동,5621,6482,-861
양천구 신월2동,6519,15907,-9388
양천구 신월3동,6808,10628,-3820
양천구 신월4동,7171,17256,-10085
양천구 신월5동,6227,14621,-8394
양천구 신월6동,4627,7082,-2455
양천구 신월7동,10484,25824,-15340
양천구 신정1동,10196,13265,-3069
양천구 신정2동,5326,7539,-2213
양천구 신정3동,29785,41800,-12015
양천구 신정4동,44901,27480,17421
양천구 신정6동,5500,7551,-2051
양천구 신정7동,10509,15368,-4859
영등포구 당산제1동,17039,13181,3858
영등포구 당산제2동,46995,32262,14733
영등포구 대림제1동,11553,15627,-4074
영등포구 대림제2동,7791,8009,-218
영등포구 대림제3동,14061,18828,-4767
영등포구 도림동,7933,20294,-12361
영등포구 문래동,24720,23957,763
영등포구 신길제1동,7890,12269,-4379
영등포구 신길제3동,10506,19943,-9437
영등포구 신길제4동,3490,7130,-3640
영등포구 신길제5동,13502,13168,334
영등포구 신길제6동,13345,22628,-9283
영등포구 신길제7동,12324,18870,-6546
영등포구 양평제1동,11261,12070,-809
영등포구 양평제2동,16721,16561,160
영등포구 여의동,97093,62480,34613
영등포구 영등포동,85127,69760,15367
영등포구 영등포본동,25506,23266,2240
용산구 남영동,39953,37728,2225
용산구 보광동,7136,11515,-4379
용산구 서빙고동,9588,15238,-5650
용산구 용문동,4490,6510,-2020
용산구 용산2가동,12526,21168,-8642
용산구 원효로제1동,14043,18345,-4302
용산구 원효로제2동,10196,13646,-3450
용산구 이촌제1동,12301,14512,-2211
용산구 이촌제2동,2739,6343,-3604
용산구 이태원제1동,16431,22479,-6048
용산구 이태원제2동,7432,12579,-5147
용산구 청파동,14555,21338,-6783
용산구 필동,7969,1163,6806
용산구 한강로동,56743,46581,10162
용산구 한남동,53905,54256,-351
용산구 효창동,6130,11142,-5012
용산구 후암동,9167,16547,-7380
은평구 갈현제1동,7852,18177,-10325
은평구 갈현제2동,23552,24938,-1386
은평구 구산동,10640,16206,-5566
은평구 녹번동,38459,27969,10490
은평구 대조동,43387,38376,5011
은평구 불광제1동,42368,32037,10331
은평구 불광제2동,17060,27729,-10669
은평구 수색동,8334,13015,-4681
은평구 신사제1동,19419,25153,-5734
은평구 신사제2동,21968,21945,23
은평구 역촌동,24990,27098,-2108
은평구 응암제1동,18415,34514,-16099
은평구 응암제2동,6882,17027,-10145
은평구 응암제3동,13509,22421,-8912
은평구 증산동,28423,19491,8932
은평구 진관동,38469,47311,-8842
종로구 가회동,3013,4163,-1150
종로구 교남동,9396,7752,1644
종로구 무악동,5098,6214,-1116
종로구 부암동,17881,18879,-998
종로구 사직동,58125,40941,17184
종로구 삼청동,8269,5002,3267
종로구 숭인제1동,1432,3101,-1669
종로구 숭인제2동,13505,12508,997
종로구 이화동,22733,22553,180
종로구 종로1.2.3.4가동,153099,84562,68537
종로구 종로5.6가동,26838,13870,12968
종로구 창신제1동,20647,13014,7633
종로구 창신제2동,4599,10812,-6213
종로구 창신제3동,4346,6041,-1695
종로구 청운효자동,9393,12704,-3311
종로구 충현동,2932,2212,720
종로구 평창동,13651,19432,-5781
종로구 혜화동,36288,34249,2039
중구 광희동,29882,24653,5229
중구 다산동,6593,9808,-3215
중구 동화동,1741,2771,-1030
중구 명동,51865,33458,18407
중구 소공동,76265,31112,45153
중구 신당동,5754,8895,-3141
중구 신당제5동,16819,10971,5848
중구 약수동,6956,8246,-1290
중구 을지로동,8505,4882,3623
중구 장충동,8065,5299,2766
중구 중림동,12863,8680,4183
중구 청구동,6822,6311,511
중구 필동,6877,6285,592
중구 황학동,6882,8379,-1497
중구 회현동,60153,46570,13583
중랑구 망우본동,27125,29352,-2227
중랑구 망우제3동,6742,12314,-5572
중랑구 면목본동,37652,34550,3102
중랑구 면목제2동,7166,13658,-6492
중랑구 면목제3.8동,27219,28862,-1643
중랑구 면목제4동,10538,12685,-2147
중랑구 면목제5동,7334,11504,-4170
중랑구 면목제7동,5636,10619,-4983
중랑구 묵제1동,16402,18919,-2517
중랑구 묵제2동,4154,5353,-1199
중랑구 상봉제1동,13728,15663,-1935
중랑구 상봉제2동,38227,34691,3536
중랑구 신내1동,17817,40293,-22476
중랑구 신내2동,26437,23513,2924
중랑구 중화제1동,7939,13789,-5850
중랑구 중화제2동,23149,22479,670
NA,446133,640083,-193950
