ID,insum,outsum,diff
100000001,489,388,101
100000002,950,448,502
100000003,7625,1446,6179
100000004,1627,550,1077
100000005,1607,1529,78
100000006,103,99,4
100000007,480,259,221
100000008,67,550,-483
100000009,125,139,-14
100000010,9,21,-12
100000011,173,46,127
100000012,27,598,-571
100000013,8,168,-160
100000014,150,319,-169
100000015,704,566,138
100000016,601,1272,-671
100000017,405,1055,-650
100000018,851,402,449
100000019,4151,1159,2992
100000020,1493,1986,-493
100000021,6697,1562,5135
100000022,779,407,372
100000023,5482,610,4872
100000025,2568,295,2273
100000028,1352,598,754
100000029,160,149,11
100000030,538,41,497
100000031,4199,2606,1593
100000032,2198,2007,191
100000033,495,1617,-1122
100000034,733,191,542
100000035,926,462,464
100000036,1953,710,1243
100000037,241,344,-103
100000038,518,543,-25
100000039,357,133,224
100000040,83,48,35
100000041,278,239,39
100000042,347,203,144
100000043,492,196,296
100000044,346,579,-233
100000045,413,1371,-958
100000046,373,1159,-786
100000047,181,727,-546
100000048,290,712,-422
100000049,1363,2546,-1183
100000051,204,1149,-945
100000053,19,5,14
100000054,49,16,33
100000055,312,218,94
100000056,100,383,-283
100000057,1091,599,492
100000058,477,1305,-828
100000059,2,78,-76
100000060,160,239,-79
100000061,822,385,437
100000062,720,337,383
100000063,251,176,75
100000064,396,280,116
100000065,302,985,-683
100000066,91,860,-769
100000067,273,772,-499
100000068,283,1563,-1280
100000069,136,1414,-1278
100000072,453,1589,-1136
100000073,916,1427,-511
100000075,252,267,-15
100000076,1127,1230,-103
100000077,565,35,530
100000078,121,15,106
100000079,31,28,3
100000080,5,12,-7
100000081,28,11,17
100000102,1376,698,678
100000103,2213,522,1691
100000104,3666,827,2839
100000105,3635,414,3221
100000106,2038,802,1236
100000107,283,176,107
100000108,709,1076,-367
100000109,3094,1074,2020
100000116,1022,285,737
100000117,13,10,3
100000118,900,447,453
100000119,348,393,-45
100000121,121,476,-355
100000122,581,581,0
100000123,3424,3506,-82
100000124,8690,3864,4826
100000125,3483,479,3004
100000126,610,174,436
100000127,1112,256,856
100000128,623,674,-51
100000129,486,294,192
100000130,268,419,-151
100000131,4827,2014,2813
100000132,2535,1001,1534
100000133,11504,2682,8822
100000135,234,341,-107
100000139,121,156,-35
100000140,119,258,-139
100000142,175,439,-264
100000143,441,731,-290
100000144,3585,945,2640
100000147,602,1341,-739
100000150,17,366,-349
100000151,426,210,216
100000153,415,207,208
100000154,92,41,51
100000155,1,17,-16
100000156,36,60,-24
100000157,57,115,-58
100000158,49,106,-57
100000159,248,296,-48
100000165,786,594,192
100000169,480,179,301
100000174,1617,242,1375
100000179,55,429,-374
100000180,1143,864,279
100000181,62,274,-212
100000188,57,276,-219
100000189,487,195,292
100000190,264,194,70
100000191,318,294,24
100000192,82,32,50
100000193,112,111,1
100000330,2145,276,1869
100000355,235,477,-242
100000362,4014,3230,784
100000363,1325,2304,-979
100000364,328,144,184
100000365,2466,2901,-435
100000366,3458,2267,1191
100000367,1736,2177,-441
100000368,1506,1631,-125
100000369,516,920,-404
100000370,76,222,-146
100000376,48,60,-12
100000379,1608,866,742
100000380,2371,988,1383
100000384,4645,1445,3200
100000385,4516,2345,2171
100000386,8227,1608,6619
100000387,6894,2348,4546
100000388,14162,2157,12005
100000389,11995,2229,9766
100000390,12980,1794,11186
100000391,7762,2348,5414
100000392,2436,894,1542
100000393,1058,784,274
100000394,5592,2109,3483
100000395,2872,516,2356
100000396,3290,1140,2150
100000397,1700,696,1004
100000398,10182,6768,3414
100900002,2,45,-43
100900003,65,78,-13
100900004,20,976,-956
100900005,49,4,45
100900006,6,187,-181
100900007,208,2,206
100900008,6,537,-531
100900009,22,18,4
100900010,23,102,-79
100900011,27,333,-306
100900012,2,259,-257
100900013,158,8,150
100900014,1,9,-8
100900015,113,89,24
100900016,0,20,-20
100900017,396,53,343
100900018,0,3,-3
100900019,12,51,-39
100900020,92,0,92
100900021,623,0,623
100900022,1,12,-11
100900023,0,8,-8
100900024,306,0,306
100900025,0,10,-10
100900026,48,178,-130
100900027,491,1549,-1058
100900028,53,109,-56
100900029,58,4,54
100900030,4,8,-4
100900031,145,32,113
100900032,48,0,48
100900033,173,60,113
100900034,143,0,143
100900035,276,0,276
100900036,4,0,4
100900037,11,363,-352
100900038,15,13,2
100900039,187,576,-389
100900040,117,856,-739
100900041,98,1048,-950
100900042,207,102,105
100900043,0,1,-1
100900044,2581,236,2345
100900045,10,0,10
100900046,530,5,525
100900047,691,64,627
100900048,11,3,8
100900049,19,267,-248
100900050,2,17,-15
100900051,28,39,-11
100900052,43,13,30
100900053,83,26,57
100900054,1,107,-106
100900055,107,117,-10
100900056,10,96,-86
100900057,377,224,153
100900058,61,19,42
100900059,19,1,18
100900060,20,6,14
100900061,161,192,-31
100900062,1,70,-69
100900063,82,271,-189
100900064,399,8,391
100900065,19,34,-15
100900066,19,26,-7
100900067,0,4,-4
100900068,13,148,-135
100900069,76,0,76
100900070,49,2,47
100900071,633,248,385
100900072,0,38,-38
100900073,26,490,-464
100900074,0,5,-5
100900075,2542,193,2349
100900076,43,11,32
100900077,1,103,-102
100900078,49,59,-10
100900079,0,18,-18
100900080,6,125,-119
100900081,7,18,-11
100900082,26,720,-694
100900083,2,48,-46
100900085,2,42,-40
100900086,39,246,-207
100900088,20,761,-741
100900089,0,32,-32
100900090,91,436,-345
100900091,1,25,-24
100900092,59,72,-13
100900093,26,65,-39
100900094,44,846,-802
100900095,0,29,-29
100900096,12,86,-74
100900097,0,4,-4
100900098,3,45,-42
100900099,7,455,-448
100900100,8,205,-197
100900101,270,20,250
100900102,74,34,40
100900103,1,19,-18
100900104,5,139,-134
100900105,4,61,-57
100900106,68,1,67
100900107,1434,253,1181
100900108,0,1,-1
100900109,1,27,-26
100900110,5,11,-6
100900111,66,108,-42
100900112,0,8,-8
100900113,5,14,-9
100900114,0,17,-17
100900115,0,14,-14
100900116,540,144,396
100900117,172,262,-90
100900118,55,51,4
100900119,0,12,-12
100900120,0,14,-14
100900121,228,131,97
100900122,72,126,-54
100900123,12,96,-84
100900124,0,4,-4
100900125,14,96,-82
100900126,26,158,-132
100900127,0,2,-2
100900128,71,101,-30
100900129,0,86,-86
100900131,31,87,-56
100900133,33,49,-16
100900134,0,1,-1
100900135,0,71,-71
100900137,276,163,113
100900138,269,174,95
100900139,0,7,-7
100900140,3,973,-970
100900141,0,209,-209
100900142,1,2,-1
100900143,911,201,710
100900144,21,5,16
100900145,8,99,-91
100900146,12,4,8
100900147,3,174,-171
100900148,45,1077,-1032
100900149,5,16,-11
100900150,1,3,-2
100900151,55,436,-381
100900152,63,5,58
100900153,1,145,-144
100900154,2,8,-6
100900155,2,6,-4
100900156,17,0,17
100900157,0,103,-103
100900158,1036,315,721
100900159,0,9,-9
100900160,6,14,-8
100900161,99,3,96
100900162,5,141,-136
100900163,63,185,-122
100900164,9,16,-7
100900165,10,60,-50
100900166,36,2,34
100900167,15,118,-103
100900168,20,78,-58
100900169,128,1260,-1132
100900170,5,6,-1
100900171,11,860,-849
100900172,0,4,-4
100900173,1,574,-573
100900174,109,21,88
100900176,1033,27,1006
100900177,1004,131,873
100900178,85,162,-77
100900179,63,31,32
100900180,0,2,-2
100900181,30,15,15
100900182,10,14,-4
100900184,2,111,-109
100900186,949,381,568
100900187,3,148,-145
100900188,48,10,38
100900189,743,102,641
100900191,1053,455,598
100900192,116,73,43
100900195,43,113,-70
100900197,0,42,-42
100900198,6,196,-190
100900199,8,3,5
100900200,464,310,154
100900201,46,830,-784
100900202,4,0,4
100900203,0,50,-50
100900204,251,103,148
100900205,49,137,-88
100900206,36,27,9
100900207,69,42,27
100900210,34,672,-638
100900211,155,34,121
100900213,21,16,5
100900214,1260,41,1219
100900215,0,20,-20
101000001,3976,1646,2330
101000002,2420,1800,620
101000003,679,1181,-502
101000004,9479,4495,4984
101000005,5260,3592,1668
101000006,8245,4320,3925
101000007,2126,2005,121
101000008,2466,1957,509
101000009,980,2078,-1098
101000010,479,1323,-844
101000011,1751,549,1202
101000012,1686,302,1384
101000013,304,455,-151
101000014,409,472,-63
101000015,597,683,-86
101000016,176,281,-105
101000017,327,362,-35
101000018,2882,1950,932
101000020,3350,929,2421
101000021,713,194,519
101000022,534,82,452
101000023,1421,617,804
101000025,65,257,-192
101000026,332,37,295
101000027,1169,1081,88
101000028,22,27,-5
101000029,16,562,-546
101000030,509,63,446
101000031,211,311,-100
101000032,3529,1574,1955
101000033,1941,1109,832
101000034,1876,737,1139
101000035,995,236,759
101000036,794,194,600
101000037,3304,678,2626
101000039,2896,486,2410
101000040,3857,1384,2473
101000041,9908,1788,8120
101000042,612,246,366
101000043,8666,1302,7364
101000045,838,176,662
101000046,1683,665,1018
101000047,861,847,14
101000048,500,581,-81
101000049,670,487,183
101000050,2211,1084,1127
101000051,4125,720,3405
101000052,1134,368,766
101000053,654,1017,-363
101000054,1434,1326,108
101000055,1265,581,684
101000056,42,37,5
101000057,2677,390,2287
101000058,1598,355,1243
101000059,3080,935,2145
101000060,1556,115,1441
101000061,1304,375,929
101000062,1147,164,983
101000063,314,180,134
101000064,735,225,510
101000065,98,165,-67
101000066,178,99,79
101000067,526,244,282
101000068,141,86,55
101000069,225,58,167
101000070,1464,540,924
101000071,1543,487,1056
101000072,905,2010,-1105
101000073,762,215,547
101000074,4533,1528,3005
101000075,6557,1852,4705
101000077,1037,688,349
101000078,871,1301,-430
101000079,251,616,-365
101000080,543,496,47
101000081,777,712,65
101000082,2635,1943,692
101000083,1188,968,220
101000084,1000,1007,-7
101000085,1370,737,633
101000086,1033,803,230
101000087,741,1134,-393
101000088,544,725,-181
101000089,522,1065,-543
101000090,2219,1262,957
101000091,230,1185,-955
101000092,610,965,-355
101000093,1167,705,462
101000094,347,1050,-703
101000095,148,777,-629
101000096,181,532,-351
101000097,195,200,-5
101000098,323,389,-66
101000099,927,871,56
101000100,597,391,206
101000101,240,305,-65
101000102,601,214,387
101000103,527,405,122
101000104,114,254,-140
101000105,753,95,658
101000106,266,200,66
101000107,79,221,-142
101000108,1386,353,1033
101000109,73,33,40
101000110,24,804,-780
101000111,58,165,-107
101000113,88,431,-343
101000114,1596,881,715
101000115,19,57,-38
101000116,21,88,-67
101000117,96,188,-92
101000119,159,20,139
101000120,162,15,147
101000121,41,13,28
101000122,31,15,16
101000123,25,38,-13
101000124,231,186,45
101000125,72,284,-212
101000128,756,259,497
101000130,261,151,110
101000131,302,648,-346
101000132,189,1501,-1312
101000135,31,13,18
101000136,234,44,190
101000137,27,138,-111
101000141,2223,1032,1191
101000147,684,420,264
101000148,2825,41,2784
101000149,22,9,13
101000150,38,1229,-1191
101000151,22,81,-59
101000152,240,259,-19
101000153,562,441,121
101000154,78,1771,-1693
101000155,68,85,-17
101000156,10,139,-129
101000157,46,46,0
101000160,4,64,-60
101000163,83,50,33
101000164,429,272,157
101000165,178,260,-82
101000166,184,387,-203
101000168,596,194,402
101000252,619,454,165
101000254,317,9,308
101000258,26,5,21
101000261,124,71,53
101000262,387,697,-310
101000263,119,1048,-929
101000265,37,436,-399
101000266,227,138,89
101000269,98,11,87
101000290,1239,1182,57
101000293,0,49,-49
101000294,314,461,-147
101000295,117,424,-307
101000301,545,106,439
101000304,1413,1906,-493
101000305,1782,1508,274
101900001,12,49,-37
101900002,0,21,-21
101900003,48,89,-41
101900004,1,35,-34
101900005,5408,567,4841
101900006,722,8,714
101900007,301,24,277
101900008,110,59,51
101900009,31,211,-180
101900010,787,212,575
101900011,301,489,-188
101900012,98,143,-45
101900013,1257,66,1191
101900017,16,56,-40
101900018,1367,88,1279
101900019,71,52,19
101900020,488,141,347
101900021,0,18,-18
101900022,21,1419,-1398
101900023,22,212,-190
102000001,1432,3057,-1625
102000002,2174,1141,1033
102000003,3160,2772,388
102000004,8901,1841,7060
102000005,1010,1715,-705
102000006,1448,1023,425
102000007,1284,3081,-1797
102000008,6464,1334,5130
102000009,4846,5798,-952
102000010,6274,2705,3569
102000011,1776,1849,-73
102000012,2629,2714,-85
102000018,3742,1783,1959
102000019,2774,936,1838
102000026,167,286,-119
102000029,425,159,266
102000030,51,138,-87
102000031,10,238,-228
102000032,140,339,-199
102000033,79,425,-346
102000034,401,308,93
102000035,797,400,397
102000036,0,147,-147
102000037,124,57,67
102000038,52,63,-11
102000039,45,48,-3
102000040,322,35,287
102000041,160,115,45
102000042,85,60,25
102000043,168,139,29
102000044,168,450,-282
102000045,610,805,-195
102000046,736,438,298
102000047,449,905,-456
102000048,148,532,-384
102000049,452,398,54
102000050,648,1001,-353
102000051,257,398,-141
102000052,815,847,-32
102000053,345,743,-398
102000054,179,602,-423
102000055,543,942,-399
102000056,312,1129,-817
102000057,1101,427,674
102000058,979,1563,-584
102000059,649,1035,-386
102000060,627,742,-115
102000061,675,2642,-1967
102000062,479,1138,-659
102000063,937,1185,-248
102000064,307,440,-133
102000065,26,89,-63
102000066,733,866,-133
102000067,2237,1999,238
102000068,6069,2006,4063
102000069,14,1211,-1197
102000070,2165,77,2088
102000071,5335,7379,-2044
102000072,2811,3962,-1151
102000073,733,919,-186
102000074,555,750,-195
102000075,44,231,-187
102000076,76,467,-391
102000077,169,1139,-970
102000078,355,961,-606
102000079,52,283,-231
102000080,211,172,39
102000081,261,708,-447
102000082,653,250,403
102000083,151,645,-494
102000084,86,442,-356
102000085,1228,1198,30
102000086,817,1100,-283
102000087,444,1614,-1170
102000088,127,277,-150
102000089,583,576,7
102000090,273,1051,-778
102000091,971,350,621
102000092,544,642,-98
102000093,439,397,42
102000094,1045,320,725
102000095,647,915,-268
102000096,1642,544,1098
102000097,1856,1226,630
102000098,528,1029,-501
102000099,887,381,506
102000100,748,499,249
102000101,1054,186,868
102000102,363,1136,-773
102000103,1168,200,968
102000104,1091,307,784
102000105,142,763,-621
102000106,435,991,-556
102000107,449,525,-76
102000108,348,318,30
102000109,191,557,-366
102000110,264,1540,-1276
102000111,5,274,-269
102000112,84,90,-6
102000113,24,24,0
102000114,887,266,621
102000115,143,153,-10
102000116,208,154,54
102000117,230,430,-200
102000118,1286,592,694
102000119,2219,359,1860
102000120,85,369,-284
102000121,520,391,129
102000122,280,561,-281
102000123,1175,795,380
102000124,847,706,141
102000125,719,661,58
102000126,398,510,-112
102000127,614,561,53
102000128,315,929,-614
102000129,512,766,-254
102000130,262,593,-331
102000131,1406,526,880
102000132,570,333,237
102000133,702,2634,-1932
102000134,265,638,-373
102000135,1106,455,651
102000136,1057,230,827
102000137,887,705,182
102000138,154,373,-219
102000139,35,318,-283
102000140,122,171,-49
102000141,158,466,-308
102000142,110,351,-241
102000143,42,442,-400
102000144,59,447,-388
102000145,97,391,-294
102000146,216,298,-82
102000147,209,226,-17
102000148,121,165,-44
102000149,79,715,-636
102000150,126,225,-99
102000151,65,368,-303
102000152,73,105,-32
102000153,569,169,400
102000154,354,551,-197
102000155,78,160,-82
102000156,240,24,216
102000157,74,122,-48
102000158,155,89,66
102000159,1505,105,1400
102000161,4501,889,3612
102000162,171,83,88
102000163,78,268,-190
102000164,993,510,483
102000165,170,84,86
102000166,18,58,-40
102000167,112,168,-56
102000168,112,95,17
102000169,72,275,-203
102000170,588,68,520
102000171,88,37,51
102000172,18,140,-122
102000173,121,153,-32
102000174,17,49,-32
102000175,99,195,-96
102000176,20,47,-27
102000178,78,601,-523
102000179,117,179,-62
102000180,278,655,-377
102000181,162,715,-553
102000182,245,715,-470
102000183,695,1933,-1238
102000184,699,964,-265
102000185,1103,1744,-641
102000186,402,2060,-1658
102000187,267,2029,-1762
102000188,298,1505,-1207
102000189,3451,905,2546
102000190,615,2025,-1410
102000191,1169,488,681
102000192,421,873,-452
102000193,13,158,-145
102000194,27,102,-75
102000195,198,545,-347
102000196,64,517,-453
102000197,149,509,-360
102000198,88,882,-794
102000199,196,418,-222
102000200,164,1203,-1039
102000201,225,469,-244
102000202,1,128,-127
102000203,99,366,-267
102000204,138,1104,-966
102000205,394,949,-555
102000206,318,835,-517
102000207,248,419,-171
102000208,133,610,-477
102000209,18,44,-26
102000210,100,497,-397
102000211,151,568,-417
102000212,43,12,31
102000213,4,431,-427
102000214,85,4,81
102000215,6,581,-575
102000216,23,21,2
102000217,7,245,-238
102000218,67,26,41
102000219,248,351,-103
102000225,568,564,4
102000226,4427,185,4242
102000227,36,2,34
102000228,0,101,-101
102000229,19,18,1
102000230,175,575,-400
102000231,127,297,-170
102000232,6,96,-90
102000233,331,454,-123
102000234,51,1524,-1473
102000236,320,41,279
102000237,222,142,80
102000238,86,272,-186
102000240,672,419,253
102000241,183,93,90
102000243,7,42,-35
102000245,11,75,-64
102000246,17,28,-11
102000247,158,659,-501
102000248,82,302,-220
102000249,25,172,-147
102000250,25,409,-384
102000254,23,599,-576
102000266,62,147,-85
102000271,14,0,14
102000286,384,241,143
102000297,1058,730,328
102000299,0,0,0
102000302,0,0,0
102000305,0,0,0
102000306,0,0,0
102000307,0,3,-3
102000308,0,2,-2
102900001,864,779,85
102900002,262,32,230
102900003,8,296,-288
102900005,148,296,-148
102900006,334,208,126
102900007,254,39,215
102900008,123,76,47
102900009,229,62,167
102900010,823,335,488
102900011,2398,273,2125
102900012,269,50,219
102900013,4,68,-64
102900015,728,223,505
102900016,15,99,-84
102900017,46,539,-493
102900018,12,126,-114
102900019,140,405,-265
102900020,30,38,-8
102900021,3,72,-69
102900022,238,42,196
102900023,12,33,-21
102900024,12,49,-37
102900025,186,70,116
102900026,527,916,-389
102900027,48,44,4
102900028,89,272,-183
102900029,43,103,-60
102900030,175,137,38
102900031,73,142,-69
102900032,10,143,-133
102900033,24,122,-98
102900034,91,121,-30
102900035,41,527,-486
102900036,91,603,-512
102900037,140,856,-716
102900038,255,518,-263
102900039,6,267,-261
102900040,135,163,-28
102900041,46,141,-95
102900042,117,320,-203
102900043,78,199,-121
102900044,297,1980,-1683
102900045,56,505,-449
102900046,21,332,-311
102900047,43,761,-718
102900048,283,914,-631
102900049,35,395,-360
102900050,207,386,-179
102900051,114,222,-108
102900052,9,15,-6
102900053,219,724,-505
102900054,1013,553,460
102900055,28,69,-41
102900056,98,404,-306
102900057,2,14,-12
102900058,226,45,181
102900059,11,48,-37
102900060,26,393,-367
102900061,60,462,-402
102900062,43,1567,-1524
102900063,317,344,-27
102900064,133,341,-208
102900065,1504,908,596
102900066,299,47,252
102900068,33,69,-36
102900070,104,669,-565
102900072,13,31,-18
102900073,92,11,81
102900074,149,100,49
102900075,2,15,-13
102900076,138,18,120
102900077,9,20,-11
102900078,32,29,3
102900079,139,17,122
102900080,165,24,141
102900081,53,180,-127
102900082,4,216,-212
102900083,199,7,192
102900084,3,9,-6
102900085,69,31,38
102900086,2,9,-7
102900087,50,138,-88
102900088,30,47,-17
102900089,211,131,80
102900090,2,476,-474
102900091,35,2,33
102900092,66,1093,-1027
102900093,133,138,-5
102900094,0,26,-26
102900095,74,3,71
102900096,9,0,9
102900097,12,168,-156
103000001,1543,2201,-658
103000002,1333,1445,-112
103000003,2320,2051,269
103000004,856,536,320
103000005,1515,1489,26
103000006,342,852,-510
103000007,356,692,-336
103000008,710,892,-182
103000009,472,630,-158
103000010,100,100,0
103000011,1632,764,868
103000012,758,793,-35
103000013,6842,1629,5213
103000014,1128,1094,34
103000015,2309,709,1600
103000016,397,596,-199
103000017,134,217,-83
103000018,869,339,530
103000019,70,118,-48
103000020,1170,1300,-130
103000021,777,921,-144
103000022,631,1025,-394
103000023,316,837,-521
103000024,100,108,-8
103000025,70,201,-131
103000026,1794,88,1706
103000027,274,179,95
103000028,704,231,473
103000029,506,142,364
103000030,2027,456,1571
103000031,1201,805,396
103000032,1871,1515,356
103000033,2562,2097,465
103000034,1866,719,1147
103000035,429,570,-141
103000036,426,391,35
103000037,609,359,250
103000038,524,617,-93
103000039,134,440,-306
103000040,152,1293,-1141
103000041,1193,3010,-1817
103000042,408,685,-277
103000043,225,1385,-1160
103000044,80,259,-179
103000046,192,299,-107
103000047,257,646,-389
103000048,87,120,-33
103000049,66,144,-78
103000050,329,712,-383
103000051,209,465,-256
103000052,497,420,77
103000053,104,290,-186
103000054,1199,779,420
103000055,918,1366,-448
103000056,341,2147,-1806
103000057,335,268,67
103000058,226,942,-716
103000059,238,820,-582
103000060,562,755,-193
103000061,258,637,-379
103000062,612,719,-107
103000063,419,637,-218
103000064,68,279,-211
103000065,3,333,-330
103000066,36,4,32
103000069,78,356,-278
103000070,383,1028,-645
103000071,420,324,96
103000072,84,1164,-1080
103000073,190,118,72
103000074,258,65,193
103000075,78,1091,-1013
103000076,99,117,-18
103000077,15,435,-420
103000078,790,167,623
103000079,1580,314,1266
103000080,648,168,480
103000081,413,461,-48
103000082,243,122,121
103000083,40,383,-343
103000084,62,5,57
103000085,1,62,-61
103000086,283,233,50
103000087,65,416,-351
103000088,159,306,-147
103000089,141,231,-90
103000090,898,858,40
103000091,334,347,-13
103000092,169,223,-54
103000093,221,556,-335
103000094,60,102,-42
103000095,18,474,-456
103000096,461,127,334
103000097,34,663,-629
103000098,750,80,670
103000099,247,585,-338
103000100,34,906,-872
103000101,357,199,158
103000102,86,720,-634
103000103,285,247,38
103000104,14,178,-164
103000105,40,87,-47
103000106,7,87,-80
103000107,243,43,200
103000108,341,427,-86
103000109,291,215,76
103000110,306,314,-8
103000111,336,296,40
103000112,224,237,-13
103000113,335,517,-182
103000114,532,332,200
103000115,224,349,-125
103000116,215,479,-264
103000117,82,397,-315
103000118,968,980,-12
103000119,1931,567,1364
103000120,32,128,-96
103000121,119,497,-378
103000122,101,163,-62
103000125,3,583,-580
103000126,190,6,184
103000127,0,267,-267
103000128,44,2,42
103000129,1,156,-155
103000130,34,12,22
103000131,203,75,128
103000132,77,49,28
103000133,5,184,-179
103000134,397,421,-24
103000135,941,168,773
103000136,590,329,261
103000137,546,514,32
103000138,700,488,212
103000139,0,35,-35
103000140,69,29,40
103000141,15,84,-69
103000142,100,63,37
103000143,22,258,-236
103000144,76,69,7
103000145,9,25,-16
103000150,50,46,4
103000152,107,153,-46
103000153,66,121,-55
103000156,8,495,-487
103000157,120,3,117
103000159,87,77,10
103000162,39,4,35
103000163,1,11,-10
103000164,7,7,0
103000165,105,432,-327
103000166,66,130,-64
103000167,54,106,-52
103000168,34,173,-139
103000169,93,190,-97
103000170,417,475,-58
103000171,44,56,-12
103000172,172,1036,-864
103000173,100,649,-549
103000174,109,234,-125
103000175,106,530,-424
103000176,624,174,450
103000177,740,362,378
103000178,377,220,157
103000179,48,11,37
103000183,29,29,0
103000185,26,80,-54
103000186,34,148,-114
103000187,150,754,-604
103000188,5,63,-58
103000189,445,894,-449
103000191,567,676,-109
103000292,2990,445,2545
103000293,1340,658,682
103000295,64,32,32
103000296,68,4,64
103000297,82,8,74
103000504,40,12,28
103000505,8,5,3
103000506,1,186,-185
103000507,68,1,67
103000508,40,31,9
103000509,136,454,-318
103900001,0,436,-436
103900002,1543,161,1382
103900003,1820,85,1735
103900004,11,9,2
103900005,2,329,-327
103900006,1,0,1
103900007,0,7,-7
103900008,1,0,1
103900009,117,299,-182
103900010,62,272,-210
103900011,46,297,-251
103900012,2,15,-13
103900013,5,86,-81
103900014,39,42,-3
103900015,16,31,-15
103900016,116,333,-217
103900017,18,72,-54
103900018,528,88,440
103900019,28,74,-46
103900020,68,178,-110
103900021,883,30,853
103900022,523,459,64
103900023,43,0,43
103900024,75,662,-587
103900025,1,40,-39
103900026,1,0,1
103900027,167,245,-78
103900028,12,208,-196
103900029,487,38,449
103900030,65,14,51
103900031,1,0,1
103900032,24,13,11
103900033,25,3,22
103900034,21,244,-223
103900035,26,56,-30
103900036,27,14,13
103900037,14,23,-9
103900038,59,61,-2
103900039,24,593,-569
103900040,2,205,-203
103900041,2,8,-6
103900042,8,515,-507
103900043,49,87,-38
103900044,230,81,149
103900045,57,119,-62
103900047,22,39,-17
103900048,35,5,30
103900049,167,1015,-848
103900050,3,70,-67
103900051,0,25,-25
103900052,83,711,-628
103900053,29,1148,-1119
103900054,32,576,-544
103900055,142,178,-36
103900056,12,45,-33
103900057,5,291,-286
103900058,57,756,-699
103900059,0,1,-1
103900060,8,237,-229
103900061,27,38,-11
103900062,46,46,0
103900063,1,0,1
103900064,9,1,8
103900065,679,270,409
103900066,35,6,29
103900067,40,1,39
103900068,1,1,0
103900069,20,1,19
103900070,104,302,-198
103900071,12,164,-152
103900072,3,407,-404
103900073,11,10,1
103900074,18,103,-85
103900075,30,58,-28
103900076,142,721,-579
103900077,104,29,75
103900078,39,114,-75
103900079,43,261,-218
103900080,7,23,-16
103900081,68,11,57
103900082,3,56,-53
103900083,1971,181,1790
103900084,4,129,-125
103900085,55,52,3
103900086,161,226,-65
103900087,18,94,-76
103900088,363,110,253
103900089,48,165,-117
103900090,2,181,-179
103900091,621,208,413
103900092,119,472,-353
103900093,96,439,-343
103900094,2,146,-144
103900095,85,136,-51
103900096,8,344,-336
103900097,2,417,-415
103900098,97,44,53
103900099,28,358,-330
103900100,84,326,-242
103900101,35,815,-780
103900102,1,26,-25
103900104,1,24,-23
103900105,53,111,-58
103900106,0,8,-8
103900107,48,215,-167
103900108,13,485,-472
103900109,18,80,-62
103900110,153,41,112
103900111,23,856,-833
103900112,10,47,-37
103900113,130,150,-20
103900114,506,365,141
103900115,213,49,164
103900116,6565,700,5865
103900117,169,125,44
103900119,22,21,1
103900120,3,84,-81
103900122,36,323,-287
103900123,1212,385,827
103900124,3,24,-21
103900125,38,61,-23
103900126,143,471,-328
103900127,73,933,-860
103900128,20,212,-192
103900131,2,106,-104
103900133,561,15,546
103900134,0,0,0
103900135,3,9,-6
103900137,0,53,-53
103900138,11,359,-348
103900139,173,870,-697
103900140,0,9,-9
103900141,146,85,61
103900142,21,124,-103
103900143,2,0,2
103900144,0,48,-48
103900145,89,320,-231
103900146,180,306,-126
103900147,92,116,-24
103900148,59,210,-151
103900149,32,726,-694
103900150,7375,1208,6167
103900151,13,130,-117
103900152,97,779,-682
103900153,7,0,7
103900154,1486,405,1081
103900155,4,211,-207
103900156,6,165,-159
103900157,4,271,-267
103900158,17,184,-167
103900159,30,85,-55
103900160,8,10,-2
103900161,55,197,-142
103900162,59,328,-269
103900163,1,280,-279
103900164,107,33,74
103900167,6,34,-28
103900168,21,122,-101
103900169,16,29,-13
103900170,1,82,-81
103900171,1,60,-59
103900172,6,35,-29
103900173,0,2,-2
103900174,39,49,-10
103900175,23,33,-10
103900176,2,10,-8
103900177,2,34,-32
103900178,9,60,-51
103900179,26,207,-181
103900180,3,108,-105
103900181,34,25,9
103900182,23,6,17
103900184,538,27,511
103900185,241,65,176
103900187,60,34,26
103900188,16,7,9
103900189,29,5,24
103900190,15,28,-13
103900191,10,29,-19
103900192,14,60,-46
103900193,136,105,31
103900194,27,356,-329
103900195,0,21,-21
103900196,9,11,-2
103900197,3,27,-24
103900198,4,67,-63
103900199,34,83,-49
103900200,58,168,-110
103900201,56,196,-140
103900202,3,43,-40
103900203,9,12,-3
103900204,0,159,-159
103900207,0,190,-190
103900208,20,4,16
103900209,2,96,-94
103900210,10,32,-22
103900211,169,624,-455
103900212,56,595,-539
103900213,55,216,-161
103900214,125,96,29
103900215,595,280,315
103900216,9,978,-969
103900217,244,11,233
103900218,0,118,-118
103900219,21,259,-238
103900233,46,5,41
103900235,12,9,3
103900236,11,0,11
103900242,0,2,-2
103900243,0,1,-1
103900244,29,318,-289
103900245,44,197,-153
103900246,27,16,11
103900247,15,64,-49
103900248,0,7,-7
103900249,3,11,-8
103900250,16,13,3
103900251,0,23,-23
103900253,19,20,-1
103900254,3,7,-4
103900255,1,2,-1
103900256,3,10,-7
103900257,19,29,-10
103900258,0,0,0
103900259,54,2,52
103900261,1,0,1
103900262,3,0,3
103900263,25,4,21
103900264,33,3,30
103900265,5,10,-5
103900266,1,31,-30
103900267,0,35,-35
104000001,1320,1994,-674
104000002,1367,2347,-980
104000003,1852,1900,-48
104000004,3446,2249,1197
104000005,513,1457,-944
104000006,1954,2401,-447
104000007,3227,2758,469
104000008,262,528,-266
104000009,68,113,-45
104000010,59,102,-43
104000011,768,474,294
104000012,75,561,-486
104000013,65,81,-16
104000014,161,667,-506
104000015,128,114,14
104000016,295,398,-103
104000018,340,132,208
104000019,269,87,182
104000020,122,985,-863
104000021,201,809,-608
104000022,62,351,-289
104000023,287,263,24
104000024,133,416,-283
104000026,17,300,-283
104000027,128,420,-292
104000028,194,225,-31
104000029,309,577,-268
104000030,103,216,-113
104000031,443,220,223
104000032,108,383,-275
104000033,281,292,-11
104000034,213,477,-264
104000035,331,463,-132
104000036,279,782,-503
104000037,166,304,-138
104000038,183,214,-31
104000039,141,475,-334
104000040,460,545,-85
104000041,263,291,-28
104000042,168,455,-287
104000043,182,418,-236
104000044,168,949,-781
104000045,533,1210,-677
104000046,1399,1434,-35
104000047,493,1363,-870
104000048,1190,2209,-1019
104000049,237,278,-41
104000050,145,591,-446
104000051,63,663,-600
104000052,614,1225,-611
104000053,409,619,-210
104000054,363,691,-328
104000055,3467,3038,429
104000056,1853,185,1668
104000057,40,581,-541
104000058,313,634,-321
104000059,243,1053,-810
104000060,355,878,-523
104000061,809,1377,-568
104000062,104,135,-31
104000064,701,243,458
104000065,75,246,-171
104000069,1262,382,880
104000070,32,313,-281
104000071,130,436,-306
104000072,597,188,409
104000075,47,206,-159
104000076,319,106,213
104000082,1483,1835,-352
104000083,629,178,451
104000084,67,425,-358
104000085,130,230,-100
104000086,134,341,-207
104000087,342,658,-316
104000090,377,1674,-1297
104000092,399,2910,-2511
104000094,588,2221,-1633
104000095,1042,1188,-146
104000096,538,436,102
104000097,781,1073,-292
104000098,734,1513,-779
104000100,617,733,-116
104000101,735,2466,-1731
104000106,59,482,-423
104000107,426,472,-46
104000108,260,651,-391
104000109,167,30,137
104000110,561,712,-151
104000111,5979,1125,4854
104000112,2712,439,2273
104000116,6,1591,-1585
104000117,64,1044,-980
104000118,207,254,-47
104000119,345,228,117
104000120,165,1187,-1022
104000121,113,621,-508
104000122,420,736,-316
104000123,853,1325,-472
104000124,1884,2672,-788
104000125,6138,2212,3926
104000126,279,487,-208
104000127,1436,4212,-2776
104000128,643,493,150
104000129,56,0,56
104000130,0,146,-146
104000131,934,583,351
104000132,557,911,-354
104000133,791,662,129
104000134,724,997,-273
104000135,346,616,-270
104000136,890,1408,-518
104000137,2071,204,1867
104000138,1191,266,925
104000139,11225,2662,8563
104000141,1502,1750,-248
104000142,461,1215,-754
104000143,253,916,-663
104000144,35,163,-128
104000145,268,99,169
104000146,399,492,-93
104000147,98,291,-193
104000148,132,115,17
104000149,133,412,-279
104000150,401,294,107
104000151,247,814,-567
104000152,298,923,-625
104000153,143,326,-183
104000154,985,764,221
104000155,207,280,-73
104000157,1040,1822,-782
104000158,109,188,-79
104000159,327,259,68
104000160,1287,1132,155
104000161,185,131,54
104000162,27,85,-58
104000165,1018,951,67
104000167,259,318,-59
104000168,326,3,323
104000169,30,32,-2
104000170,1204,213,991
104000248,97,804,-707
104000251,26,377,-351
104000272,0,0,0
104000273,0,0,0
104000274,0,0,0
104000275,0,0,0
104000279,706,432,274
104000290,36,354,-318
104000291,436,782,-346
104000293,368,656,-288
104000294,5,0,5
104000295,264,687,-423
104000296,191,708,-517
104000297,708,1221,-513
104000298,1862,776,1086
104000299,316,1090,-774
104900001,62,429,-367
104900002,27,43,-16
104900003,24,457,-433
104900004,47,381,-334
104900005,93,128,-35
104900006,51,47,4
104900007,139,262,-123
104900009,65,599,-534
104900010,7,9,-2
104900011,1,2,-1
104900012,55,2,53
104900013,49,1,48
104900014,4533,273,4260
104900015,56,1,55
104900016,58,326,-268
104900017,19,141,-122
104900018,5,255,-250
104900019,315,677,-362
104900020,17,362,-345
104900021,2,344,-342
104900022,13,103,-90
104900023,1,174,-173
104900024,12,104,-92
104900025,24,360,-336
104900026,0,131,-131
104900027,132,151,-19
104900028,42,102,-60
104900029,27,85,-58
104900030,177,127,50
104900031,185,170,15
104900032,38,203,-165
104900033,29,147,-118
104900034,108,49,59
104900035,54,59,-5
104900036,36,46,-10
104900037,36,295,-259
104900038,551,301,250
104900039,633,87,546
104900040,77,63,14
104900041,53,81,-28
104900042,100,460,-360
104900043,7,14,-7
104900044,133,155,-22
104900045,119,28,91
104900046,30,153,-123
104900047,75,117,-42
104900048,110,64,46
104900049,2,5,-3
104900050,38,116,-78
104900051,35,38,-3
104900052,6,0,6
104900053,175,27,148
104900054,80,28,52
104900055,13,0,13
104900056,59,4,55
104900057,35,2,33
104900058,788,92,696
104900059,2,46,-44
104900060,0,322,-322
104900061,231,722,-491
104900063,0,104,-104
104900064,0,128,-128
104900065,0,86,-86
104900066,2,238,-236
104900067,3,246,-243
104900068,16,252,-236
104900070,42,367,-325
104900071,4,812,-808
104900072,34,213,-179
104900073,10,297,-287
104900074,36,209,-173
104900075,17,71,-54
104900076,45,506,-461
104900077,1217,73,1144
104900078,68,957,-889
104900079,105,86,19
104900080,18,605,-587
104900082,3,224,-221
104900085,1,300,-299
104900087,210,2,208
104900089,40,0,40
104900090,207,242,-35
104900091,336,1117,-781
104900093,163,565,-402
104900097,3186,877,2309
104900098,16,41,-25
104900099,76,356,-280
104900100,772,201,571
104900102,6,296,-290
104900103,505,108,397
104900104,3623,953,2670
104900106,19,138,-119
104900107,36,434,-398
104900108,7,308,-301
104900109,31,201,-170
104900110,8,48,-40
104900111,68,93,-25
104900112,138,1028,-890
104900113,259,457,-198
104900114,128,1025,-897
104900115,202,578,-376
104900116,82,319,-237
104900118,20,95,-75
104900119,0,28,-28
104900120,54,18,36
104900121,0,111,-111
104900122,2,91,-89
104900123,19,1,18
104900124,5,0,5
104900125,350,9,341
104900126,120,64,56
104900127,31,14,17
104900128,40,76,-36
104900129,3137,594,2543
105000001,1467,1554,-87
105000002,1204,1624,-420
105000003,1735,3556,-1821
105000004,357,963,-606
105000005,497,1075,-578
105000006,596,1139,-543
105000007,467,957,-490
105000008,395,1100,-705
105000009,700,1923,-1223
105000010,2668,2648,20
105000011,1272,1453,-181
105000012,3477,3069,408
105000013,408,643,-235
105000014,739,1333,-594
105000015,6049,3821,2228
105000016,3245,1892,1353
105000017,1282,1008,274
105000018,947,659,288
105000019,1115,796,319
105000020,96,265,-169
105000021,213,84,129
105000022,111,36,75
105000023,282,200,82
105000028,35,129,-94
105000029,238,594,-356
105000030,3315,3443,-128
105000033,724,2028,-1304
105000034,82,386,-304
105000037,421,660,-239
105000038,1307,852,455
105000039,3508,1825,1683
105000040,462,460,2
105000041,600,1440,-840
105000042,1765,760,1005
105000043,2016,2638,-622
105000044,369,428,-59
105000045,346,1328,-982
105000046,364,372,-8
105000047,356,1586,-1230
105000048,255,175,80
105000049,200,800,-600
105000050,250,204,46
105000051,152,579,-427
105000052,232,959,-727
105000053,81,157,-76
105000054,138,936,-798
105000055,177,438,-261
105000056,735,2598,-1863
105000057,757,1095,-338
105000058,1362,1501,-139
105000059,391,377,14
105000060,295,602,-307
105000061,223,312,-89
105000062,838,1098,-260
105000063,161,716,-555
105000064,449,598,-149
105000065,264,1068,-804
105000066,683,2210,-1527
105000067,465,464,1
105000068,311,906,-595
105000069,2425,521,1904
105000070,681,719,-38
105000071,119,313,-194
105000072,382,572,-190
105000073,446,403,43
105000074,765,979,-214
105000075,472,810,-338
105000076,954,1108,-154
105000077,1659,673,986
105000078,1209,855,354
105000079,1419,1341,78
105000080,1422,827,595
105000081,691,589,102
105000082,292,344,-52
105000083,685,620,65
105000084,311,1009,-698
105000085,647,775,-128
105000086,391,753,-362
105000087,2128,1585,543
105000088,929,871,58
105000089,2932,2245,687
105000090,1050,845,205
105000091,1672,1791,-119
105000092,464,1187,-723
105000093,233,187,46
105000094,181,173,8
105000095,54,319,-265
105000096,688,518,170
105000097,971,507,464
105000098,346,341,5
105000099,469,754,-285
105000100,591,934,-343
105000101,1219,2058,-839
105000102,1022,1372,-350
105000103,1027,2118,-1091
105000104,768,849,-81
105000105,516,1547,-1031
105000106,749,1634,-885
105000107,648,1091,-443
105000108,713,1886,-1173
105000109,1040,1735,-695
105000110,399,831,-432
105000111,304,380,-76
105000112,489,831,-342
105000113,223,355,-132
105000114,3654,788,2866
105000115,226,469,-243
105000116,292,398,-106
105000117,428,1353,-925
105000118,181,423,-242
105000119,363,1429,-1066
105000120,415,767,-352
105000121,630,1151,-521
105000122,140,404,-264
105000123,777,1423,-646
105000124,1038,988,50
105000125,455,1683,-1228
105000126,1322,2089,-767
105000127,1498,1772,-274
105000128,126,1252,-1126
105000129,335,289,46
105000130,83,658,-575
105000131,446,407,39
105000132,422,340,82
105000133,251,1241,-990
105000134,309,401,-92
105000135,227,683,-456
105000136,25,109,-84
105000137,183,292,-109
105000138,51,137,-86
105000139,800,1029,-229
105000140,42,334,-292
105000141,83,635,-552
105000142,42,394,-352
105000143,138,584,-446
105000144,147,612,-465
105000145,449,518,-69
105000146,452,523,-71
105000147,511,304,207
105000148,856,437,419
105000149,1065,1004,61
105000150,2014,1277,737
105000151,156,255,-99
105000152,90,614,-524
105000153,314,319,-5
105000154,578,893,-315
105000155,204,368,-164
105000156,937,775,162
105000157,1140,1719,-579
105000158,1467,607,860
105000159,280,1266,-986
105000160,752,462,290
105000161,557,1871,-1314
105000162,293,891,-598
105000163,1081,1114,-33
105000164,167,307,-140
105000165,1656,2446,-790
105000166,7364,237,7127
105000167,2899,1010,1889
105000168,105,884,-779
105000169,157,595,-438
105000170,64,1013,-949
105000171,1037,340,697
105000172,10,36,-26
105000173,25,27,-2
105000174,30,23,7
105000175,46,127,-81
105000176,62,54,8
105000177,45,113,-68
105000178,91,726,-635
105000179,78,134,-56
105000180,76,95,-19
105000181,61,515,-454
105000182,14,53,-39
105000183,2585,1169,1416
105000184,1231,621,610
105000185,1001,419,582
105000186,297,883,-586
105000187,398,188,210
105000188,336,88,248
105000189,109,565,-456
105000190,68,235,-167
105000191,224,460,-236
105000192,40,73,-33
105000193,38,164,-126
105000194,75,74,1
105000195,155,1297,-1142
105000196,12,46,-34
105000197,132,887,-755
105000198,433,235,198
105000199,73,86,-13
105000200,83,192,-109
105000201,38,7,31
105000203,7,233,-226
105000204,59,59,0
105000205,55,198,-143
105000207,714,271,443
105000208,200,281,-81
105000209,110,333,-223
105000212,704,1473,-769
105000213,219,100,119
105000214,51,228,-177
105000215,93,252,-159
105000216,58,487,-429
105000217,133,394,-261
105000218,381,969,-588
105000221,61,308,-247
105000222,43,37,6
105000223,67,200,-133
105000226,15,427,-412
105000227,15,238,-223
105000228,147,587,-440
105000229,51,169,-118
105000231,85,146,-61
105000233,388,423,-35
105000234,416,1139,-723
105000235,117,320,-203
105000237,253,26,227
105000243,13,184,-171
105000248,18,38,-20
105000262,170,2184,-2014
105000269,45,178,-133
105000270,166,102,64
105000271,1,290,-289
105000282,19,26,-7
105000287,243,121,122
105000288,202,324,-122
105000289,519,585,-66
105000290,5,5,0
105000402,5122,1352,3770
105000426,232,441,-209
105000438,358,445,-87
105000446,12537,4371,8166
105000447,8119,2602,5517
105000454,64,481,-417
105000455,204,261,-57
105000474,17,1,16
105000477,106,322,-216
105000478,682,1321,-639
105000479,63,96,-33
105000480,1103,1383,-280
105000481,1411,1431,-20
105000482,3458,2307,1151
105000483,615,853,-238
105000484,1948,2400,-452
105000485,737,986,-249
105000486,2452,1882,570
105000488,2205,2389,-184
105000489,326,619,-293
105000549,11,97,-86
105000550,391,928,-537
105000551,7,81,-74
105000552,2756,1736,1020
105900001,6,662,-656
105900002,1451,254,1197
105900003,8,67,-59
105900004,299,100,199
105900005,1,181,-180
105900006,8,26,-18
105900007,36,13,23
105900008,32,781,-749
105900009,3,11,-8
105900011,72,50,22
105900012,165,205,-40
105900013,1,9,-8
105900014,3,100,-97
105900015,78,290,-212
105900016,71,813,-742
105900017,393,55,338
105900018,177,267,-90
105900019,26,534,-508
105900020,15,66,-51
105900021,6,397,-391
105900022,153,327,-174
105900023,2,148,-146
105900024,10,211,-201
105900025,29,52,-23
105900026,161,36,125
105900027,4613,2148,2465
105900028,29,144,-115
105900029,1817,301,1516
105900030,133,227,-94
105900031,326,183,143
105900032,31,128,-97
105900033,34,144,-110
105900034,99,220,-121
105900035,176,132,44
105900036,29,99,-70
105900037,67,57,10
105900038,72,219,-147
105900039,25,157,-132
105900040,26,94,-68
105900041,156,349,-193
105900042,15,85,-70
105900043,1629,66,1563
105900044,1,143,-142
105900045,2,530,-528
105900046,2,148,-146
105900047,3,10,-7
105900048,33,391,-358
105900050,1654,576,1078
105900051,10,1378,-1368
105900052,206,41,165
105900053,3752,866,2886
105900054,209,290,-81
105900056,1148,115,1033
105900057,9,190,-181
105900058,4,44,-40
105900059,0,15,-15
106000001,2590,772,1818
106000002,2468,2932,-464
106000003,2161,1661,500
106000004,1992,1788,204
106000005,1673,3960,-2287
106000006,5615,4043,1572
106000007,337,439,-102
106000008,321,252,69
106000009,360,277,83
106000010,328,453,-125
106000011,365,927,-562
106000012,485,1681,-1196
106000013,985,1674,-689
106000014,1770,1715,55
106000015,821,914,-93
106000016,812,2209,-1397
106000017,425,475,-50
106000018,327,625,-298
106000019,169,422,-253
106000020,136,438,-302
106000021,131,474,-343
106000022,197,332,-135
106000023,253,269,-16
106000024,364,822,-458
106000025,57,139,-82
106000026,153,275,-122
106000027,437,769,-332
106000028,308,787,-479
106000029,656,1582,-926
106000030,795,236,559
106000034,136,468,-332
106000035,511,710,-199
106000036,378,226,152
106000037,1188,1473,-285
106000038,410,56,354
106000039,133,20,113
106000040,99,507,-408
106000041,587,225,362
106000043,313,51,262
106000046,169,17,152
106000047,14,287,-273
106000049,226,108,118
106000050,167,875,-708
106000051,198,272,-74
106000052,55,653,-598
106000053,78,100,-22
106000054,259,543,-284
106000055,423,608,-185
106000056,201,485,-284
106000057,115,84,31
106000058,113,208,-95
106000059,83,194,-111
106000060,501,557,-56
106000061,147,243,-96
106000062,96,561,-465
106000063,259,295,-36
106000064,30,403,-373
106000065,125,79,46
106000066,41,420,-379
106000067,69,39,30
106000068,27,652,-625
106000069,64,80,-16
106000070,222,734,-512
106000071,370,219,151
106000072,4104,1049,3055
106000073,1392,1345,47
106000074,125,483,-358
106000075,164,778,-614
106000076,715,1437,-722
106000077,2107,963,1144
106000078,374,718,-344
106000079,277,882,-605
106000080,561,778,-217
106000081,285,853,-568
106000082,1710,879,831
106000083,217,923,-706
106000084,497,480,17
106000085,1234,765,469
106000086,401,500,-99
106000087,387,443,-56
106000088,175,721,-546
106000089,381,394,-13
106000090,135,515,-380
106000091,146,534,-388
106000092,240,180,60
106000093,108,66,42
106000094,62,329,-267
106000095,229,1088,-859
106000096,334,674,-340
106000097,322,1503,-1181
106000098,216,900,-684
106000099,127,861,-734
106000100,378,319,59
106000101,357,227,130
106000102,122,558,-436
106000103,155,586,-431
106000104,273,397,-124
106000105,258,969,-711
106000106,231,421,-190
106000107,47,417,-370
106000108,66,306,-240
106000109,58,399,-341
106000110,75,217,-142
106000111,75,629,-554
106000112,55,280,-225
106000113,1076,666,410
106000114,337,253,84
106000115,138,536,-398
106000116,81,231,-150
106000117,704,815,-111
106000118,730,779,-49
106000119,2469,1190,1279
106000120,599,501,98
106000121,39,168,-129
106000122,34,315,-281
106000123,115,302,-187
106000124,17,357,-340
106000125,7,373,-366
106000126,44,207,-163
106000127,254,849,-595
106000128,180,293,-113
106000129,256,669,-413
106000130,304,303,1
106000131,52,505,-453
106000132,733,108,625
106000133,4000,675,3325
106000134,664,408,256
106000135,98,824,-726
106000136,389,242,147
106000137,50,1549,-1499
106000138,356,39,317
106000139,10,77,-67
106000140,14,88,-74
106000141,15,148,-133
106000142,28,66,-38
106000143,9,118,-109
106000144,20,51,-31
106000145,85,400,-315
106000146,75,145,-70
106000147,289,457,-168
106000148,558,693,-135
106000149,275,363,-88
106000150,325,1445,-1120
106000151,4347,598,3749
106000152,1475,886,589
106000153,42,980,-938
106000154,1065,195,870
106000155,35,115,-80
106000156,400,339,61
106000157,437,1770,-1333
106000158,2748,547,2201
106000159,4486,1074,3412
106000160,115,1083,-968
106000161,1096,499,597
106000162,112,548,-436
106000163,130,636,-506
106000164,111,278,-167
106000165,87,731,-644
106000166,224,312,-88
106000167,122,1440,-1318
106000168,69,285,-216
106000169,71,840,-769
106000170,184,216,-32
106000171,67,851,-784
106000172,1673,667,1006
106000173,599,2356,-1757
106000174,500,201,299
106000175,204,1074,-870
106000176,599,472,127
106000177,453,2064,-1611
106000178,2178,1063,1115
106000179,883,1747,-864
106000180,701,1905,-1204
106000181,219,1931,-1712
106000182,282,667,-385
106000183,419,993,-574
106000184,786,1023,-237
106000185,465,857,-392
106000186,861,160,701
106000187,166,665,-499
106000188,0,4,-4
106000189,1,61,-60
106000190,5,3,2
106000191,443,174,269
106000192,0,35,-35
106000193,249,137,112
106000194,106,369,-263
106000195,602,75,527
106000196,151,315,-164
106000197,121,295,-174
106000198,64,393,-329
106000199,768,525,243
106000200,424,124,300
106000201,428,816,-388
106000202,6864,483,6381
106000203,132,144,-12
106000204,5,1,4
106000205,17,118,-101
106000206,47,6,41
106000207,39,909,-870
106000208,366,54,312
106000209,536,239,297
106000210,207,1237,-1030
106000211,267,1440,-1173
106000212,265,125,140
106000213,657,869,-212
106000214,2261,391,1870
106000215,114,410,-296
106000216,177,300,-123
106000217,149,399,-250
106000218,201,289,-88
106000219,56,272,-216
106000220,193,248,-55
106000221,48,298,-250
106000222,16,138,-122
106000223,41,106,-65
106000224,77,370,-293
106000225,40,40,0
106000226,114,451,-337
106000228,20,99,-79
106000229,47,786,-739
106000231,259,80,179
106000232,18,448,-430
106000233,180,76,104
106000234,52,256,-204
106000235,107,39,68
106000236,45,41,4
106000237,1,15,-14
106000238,0,3,-3
106000239,8,37,-29
106000240,43,1,42
106000241,13,585,-572
106000242,81,10,71
106000249,49,68,-19
106000250,25,437,-412
106000251,36,30,6
106000252,20,112,-92
106000253,14,50,-36
106000254,34,65,-31
106000255,11,73,-62
106000256,64,91,-27
106000257,83,291,-208
106000258,32,17,15
106000259,0,48,-48
106000260,3,3,0
106000261,1,56,-55
106000262,23,16,7
106000263,1,97,-96
106000264,79,7,72
106000265,11,108,-97
106000266,64,7,57
106000267,7,93,-86
106000268,314,7,307
106000269,104,39,65
106000270,115,373,-258
106000271,30,191,-161
106000272,51,71,-20
106000273,3,117,-114
106000274,117,33,84
106000275,64,127,-63
106000276,92,81,11
106000277,86,82,4
106000278,140,40,100
106000279,1,85,-84
106000280,14,162,-148
106000281,48,76,-28
106000282,32,60,-28
106000283,52,88,-36
106000284,26,85,-59
106000285,62,122,-60
106000286,51,124,-73
106000287,49,90,-41
106000288,47,114,-67
106000289,49,69,-20
106000290,30,123,-93
106000291,21,75,-54
106000292,54,178,-124
106000293,58,53,5
106000294,51,96,-45
106000295,23,38,-15
106000296,60,100,-40
106000297,64,169,-105
106000298,127,55,72
106000299,49,123,-74
106000300,35,73,-38
106000301,35,68,-33
106000303,11,59,-48
106000304,31,38,-7
106000305,15,23,-8
106000306,56,69,-13
106000307,10,10,0
106000308,38,178,-140
106000309,8,75,-67
106000310,92,501,-409
106000311,103,124,-21
106000312,41,184,-143
106000313,61,187,-126
106000318,140,108,32
106000319,325,43,282
106000320,2,26,-24
106000321,200,28,172
106000322,39,206,-167
106000324,0,142,-142
106000325,656,748,-92
106000326,661,1885,-1224
106000327,30,206,-176
106000328,3,115,-112
106000329,25,284,-259
106000330,21,44,-23
106000428,26,142,-116
106000429,75,420,-345
106000430,225,1446,-1221
106000431,418,176,242
106000432,980,2386,-1406
106000433,700,501,199
106000434,1666,633,1033
106000435,1981,2409,-428
106000436,15,401,-386
106000437,151,16,135
106000438,279,86,193
106000439,50,386,-336
106000440,138,504,-366
106000441,0,0,0
106000442,53,2,51
106000443,42,700,-658
106000450,1,185,-184
106000451,6,10,-4
106000454,4,36,-32
106000455,9,106,-97
106000456,64,23,41
106000457,13,1195,-1182
106000458,114,170,-56
106000459,26,403,-377
106000460,267,21,246
106000461,19,2016,-1997
106000462,0,8,-8
106000463,0,26,-26
106000464,2,605,-603
106000465,113,1,112
106000466,3,738,-735
106000467,402,510,-108
106000468,47,256,-209
106000469,225,2,223
106000470,156,1041,-885
106000471,15,650,-635
106000472,48,8,40
106000473,12,31,-19
106000474,141,664,-523
106000475,112,125,-13
106000476,138,97,41
106000477,19,41,-22
106900001,0,10,-10
106900002,4,532,-528
106900003,159,749,-590
106900004,4,77,-73
106900006,0,16,-16
106900007,0,7,-7
106900008,81,272,-191
106900009,85,350,-265
106900010,85,330,-245
106900012,1748,877,871
106900013,186,16,170
106900014,18,0,18
106900015,4,0,4
106900016,39,2,37
106900017,1,0,1
106900018,1,0,1
106900019,10,0,10
106900020,2678,534,2144
106900021,3,14,-11
106900022,117,0,117
106900023,5,268,-263
106900024,168,7,161
106900025,61,579,-518
106900026,6,886,-880
106900027,121,3,118
107000001,958,1115,-157
107000002,2166,3394,-1228
107000003,2869,3832,-963
107000004,5363,6199,-836
107000005,1191,2426,-1235
107000006,2602,7132,-4530
107000007,4273,3522,751
107000008,20098,12002,8096
107000009,3326,3539,-213
107000010,9330,12114,-2784
107000011,869,1406,-537
107000012,3795,3660,135
107000013,20,199,-179
107000014,24,338,-314
107000015,199,911,-712
107000016,271,1282,-1011
107000017,1997,719,1278
107000018,4,171,-167
107000020,1226,296,930
107000021,873,805,68
107000022,874,1203,-329
107000023,1069,350,719
107000024,308,2179,-1871
107000025,82,419,-337
107000026,72,804,-732
107000027,764,678,86
107000028,1099,1553,-454
107000029,874,962,-88
107000030,2872,3323,-451
107000031,1497,1192,305
107000032,226,726,-500
107000033,4328,4148,180
107000034,5143,2028,3115
107000035,263,151,112
107000036,253,766,-513
107000037,65,479,-414
107000038,208,258,-50
107000039,309,377,-68
107000040,91,395,-304
107000041,1270,399,871
107000042,503,1548,-1045
107000043,2585,600,1985
107000044,482,336,146
107000045,28,260,-232
107000046,262,241,21
107000047,233,782,-549
107000048,269,268,1
107000049,254,640,-386
107000050,464,301,163
107000051,393,242,151
107000052,720,509,211
107000053,171,86,85
107000054,47,190,-143
107000055,66,61,5
107000056,348,732,-384
107000057,1299,175,1124
107000058,942,1371,-429
107000059,1612,2373,-761
107000060,2124,3802,-1678
107000061,4460,3618,842
107000062,1570,2258,-688
107000063,2700,5689,-2989
107000064,1594,1493,101
107000065,2611,5839,-3228
107000066,953,1417,-464
107000067,486,666,-180
107000068,1139,444,695
107000069,282,293,-11
107000070,151,1,150
107000071,725,11,714
107000072,39,3820,-3781
107000073,140,93,47
107000074,87,900,-813
107000075,530,107,423
107000076,681,1943,-1262
107000077,1025,230,795
107000078,1196,3146,-1950
107000079,887,286,601
107000080,1018,3351,-2333
107000081,483,311,172
107000082,312,3029,-2717
107000083,504,158,346
107000084,381,3107,-2726
107000085,2276,2500,-224
107000086,3080,2458,622
107000087,1658,1695,-37
107000088,2231,2689,-458
107000089,865,1424,-559
107000090,808,920,-112
107000091,476,960,-484
107000092,484,1108,-624
107000093,511,787,-276
107000094,616,1430,-814
107000095,299,455,-156
107000096,356,858,-502
107000097,223,126,97
107000098,244,403,-159
107000099,182,188,-6
107000100,277,241,36
107000101,29,117,-88
107000102,224,306,-82
107000103,175,107,68
107000104,207,280,-73
107000105,149,108,41
107000106,93,322,-229
107000107,164,129,35
107000108,64,848,-784
107000109,199,55,144
107000110,15,494,-479
107000111,67,12,55
107000112,27,293,-266
107000113,201,59,142
107000114,36,646,-610
107000115,152,35,117
107000116,52,996,-944
107000117,44,109,-65
107000118,105,271,-166
107000119,1258,623,635
107000120,1959,326,1633
107000121,241,554,-313
107000122,606,717,-111
107000123,111,639,-528
107000124,227,885,-658
107000125,207,523,-316
107000126,186,853,-667
107000127,8,259,-251
107000129,58,113,-55
107000130,52,136,-84
107000131,267,347,-80
107000132,243,310,-67
107000133,325,146,179
107000134,63,0,63
107000135,2,240,-238
107000136,304,4,300
107000137,10,356,-346
107000138,248,9,239
107000139,5,323,-318
107000140,452,30,422
107000141,85,816,-731
107000142,116,30,86
107000143,24,1003,-979
107000144,175,129,46
107000145,89,659,-570
107000146,95,161,-66
107000147,2716,563,2153
107000150,961,1117,-156
107000151,29,41,-12
107000152,398,305,93
107000153,267,233,34
107000154,122,47,75
107000155,354,10,344
107000156,510,21,489
107000157,23,2973,-2950
107000158,121,14,107
107000159,28,1185,-1157
107000160,283,35,248
107000161,63,2239,-2176
107000162,74,159,-85
107000163,14,0,14
107000164,80,0,80
107000165,229,2,227
107000166,50,1480,-1430
107000167,146,195,-49
107000168,323,167,156
107000169,689,1181,-492
107000170,663,381,282
107000171,593,3250,-2657
107000172,441,542,-101
107000173,755,1367,-612
107000174,712,1339,-627
107000175,12752,1684,11068
107000176,0,0,0
107000177,0,0,0
107000178,5,32,-27
107000179,141,3253,-3112
107000180,482,318,164
107000181,99,1438,-1339
107000182,506,777,-271
107000183,61,1073,-1012
107000184,281,652,-371
107000185,158,1466,-1308
107000186,343,264,79
107000187,756,967,-211
107000188,364,336,28
107000189,234,846,-612
107000190,324,721,-397
107000191,306,862,-556
107000192,873,940,-67
107000193,268,345,-77
107000194,679,742,-63
107000197,340,224,116
107000198,111,716,-605
107000199,491,824,-333
107000200,840,413,427
107000201,180,213,-33
107000202,108,413,-305
107000203,405,438,-33
107000204,542,469,73
107000205,2825,1101,1724
107000206,649,592,57
107000207,547,879,-332
107000208,1324,238,1086
107000209,2266,327,1939
107000210,1667,222,1445
107000211,7,20,-13
107000212,10,146,-136
107000213,26,5,21
107000214,8,100,-92
107000215,148,579,-431
107000216,89,441,-352
107000217,37,158,-121
107000219,44,126,-82
107000220,50,328,-278
107000222,244,662,-418
107000224,151,34,117
107000225,120,806,-686
107000226,96,55,41
107000227,64,524,-460
107000228,47,108,-61
107000229,166,77,89
107000230,810,505,305
107000231,480,233,247
107000232,50,30,20
107000233,382,175,207
107000234,2,8,-6
107000235,29,1,28
107000236,13,401,-388
107000237,0,0,0
107000238,2,0,2
107000239,6147,360,5787
107000240,35,1381,-1346
107000241,96,23,73
107000242,620,55,565
107000243,0,33,-33
107000244,2,65,-63
107000246,2,1234,-1232
107000249,2,848,-846
107000251,0,409,-409
107000252,3,1620,-1617
107000255,676,73,603
107000257,3,700,-697
107000258,0,181,-181
107000259,4,272,-268
107000260,123,2,121
107000262,14,995,-981
107000263,58,3,55
107000266,7,1,6
107000267,60,194,-134
107000268,135,237,-102
107000269,159,33,126
107000270,2,15,-13
107000271,4,1150,-1146
107000272,5,245,-240
107000273,0,244,-244
107000274,559,240,319
107000275,4,818,-814
107000280,198,10,188
107000281,15,1029,-1014
107000282,23,1614,-1591
107000290,0,33,-33
107000291,4,8,-4
107000292,0,12,-12
107000293,35,7,28
107000294,1,20,-19
107000295,23,3,20
107000296,0,5,-5
107000444,71,3,68
107000496,0,22,-22
107000497,985,3423,-2438
107000500,219,333,-114
107000501,43,140,-97
107000502,99,414,-315
107000505,442,695,-253
107000506,0,21,-21
107000508,3,751,-748
107000509,146,375,-229
107000510,20,13,7
107000514,6,262,-256
107000515,6,347,-341
107000516,60,126,-66
107000518,231,241,-10
107000519,3736,1110,2626
107000520,28,9,19
107900001,62,293,-231
107900002,9,0,9
107900003,86,5,81
107900004,21,0,21
107900005,193,1,192
107900006,20,0,20
107900007,78,4,74
107900008,28,46,-18
107900009,102,7,95
107900010,5,1,4
107900012,129,1,128
107900013,128,46,82
107900014,17,6,11
107900015,182,3,179
107900016,369,88,281
107900017,7,0,7
107900018,17,14,3
107900019,5,76,-71
107900020,52,4,48
107900021,9,170,-161
107900023,0,0,0
107900024,0,31,-31
107900025,196,386,-190
107900026,31,135,-104
107900027,6,35,-29
107900028,23,95,-72
107900030,78,6,72
107900031,18,214,-196
107900032,2,2,0
107900033,16,3,13
107900034,67,4,63
107900035,266,8,258
107900036,5,5,0
107900037,1,49,-48
107900038,103,65,38
107900039,3,72,-69
107900040,29,28,1
107900041,0,0,0
107900043,19,100,-81
107900044,8,5,3
107900045,14,15,-1
107900046,34,18,16
107900047,9,103,-94
107900048,52,2,50
107900049,209,283,-74
107900050,62,369,-307
107900051,29,89,-60
107900052,6,4,2
107900053,14,71,-57
107900055,214,127,87
107900056,16,19,-3
107900057,0,0,0
107900058,23,823,-800
107900060,5,23,-18
107900061,14,1,13
107900063,75,93,-18
107900064,269,16,253
107900065,72,5,67
107900066,0,3,-3
107900067,0,0,0
107900068,87,191,-104
107900069,23,364,-341
107900070,8,8,0
107900071,15,955,-940
107900072,22,229,-207
107900073,22,128,-106
107900074,874,105,769
107900076,35,45,-10
107900077,21,0,21
107900078,164,6,158
107900079,4,4,0
107900080,64,124,-60
107900081,4,36,-32
107900082,33,12,21
107900083,88,91,-3
107900084,34,70,-36
107900086,13,47,-34
107900087,317,50,267
107900088,7,3,4
107900089,239,846,-607
107900090,281,497,-216
107900091,106,527,-421
107900092,2187,534,1653
107900093,50,44,6
107900095,2711,751,1960
107900097,15,20,-5
107900098,41,100,-59
107900100,864,312,552
107900101,1113,94,1019
107900102,5,1,4
107900103,21,182,-161
107900104,76,1,75
107900105,0,665,-665
107900106,5,1823,-1818
107900107,1517,128,1389
107900108,262,44,218
107900109,233,1,232
107900110,4,82,-78
107900111,9,1585,-1576
107900112,60,138,-78
107900113,23,84,-61
107900114,43,226,-183
107900115,1,51,-50
107900116,15,201,-186
107900117,238,420,-182
107900118,34,131,-97
107900119,5,43,-38
107900120,18,1,17
107900121,3,152,-149
107900122,1,62,-61
107900123,0,14,-14
107900124,5,29,-24
107900125,9,158,-149
107900126,4,26,-22
107900127,593,45,548
107900128,79,41,38
107900129,11,40,-29
107900130,14,29,-15
107900131,116,23,93
107900132,73,455,-382
107900133,7,86,-79
107900134,22,11,11
107900135,1,174,-173
107900136,45,33,12
107900137,61,65,-4
107900138,6,21,-15
107900139,2,41,-39
107900140,58,83,-25
107900141,22,11,11
107900142,71,1168,-1097
107900143,33,42,-9
107900144,2,134,-132
107900145,6,137,-131
107900146,38,99,-61
107900147,19,13,6
107900148,84,224,-140
107900149,2379,104,2275
107900150,47,802,-755
107900151,3,97,-94
107900152,24,374,-350
107900153,85,98,-13
107900154,3,6,-3
107900155,14,36,-22
107900156,6,300,-294
107900157,42,86,-44
107900158,138,6,132
107900159,37,1160,-1123
107900160,10,174,-164
107900161,4,252,-248
107900162,1,281,-280
107900163,49,19,30
107900164,2,23,-21
107900165,85,32,53
107900166,2,304,-302
107900167,32,8,24
107900168,4,47,-43
107900169,1,227,-226
107900171,6,1977,-1971
107900172,0,358,-358
107900173,3,195,-192
107900174,27,4,23
107900175,4,4,0
107900176,5,25,-20
107900177,2,256,-254
107900178,0,315,-315
107900179,2,115,-113
107900180,1047,84,963
107900181,264,364,-100
107900182,4,1756,-1752
107900183,0,352,-352
107900184,19,260,-241
107900185,17,1,16
107900186,20,30,-10
107900187,0,147,-147
107900188,774,83,691
107900189,4,138,-134
107900190,105,31,74
107900191,19,142,-123
107900193,4,28,-24
107900194,74,6,68
107900195,4836,421,4415
107900196,23,82,-59
107900197,231,57,174
107900199,5,1226,-1221
107900201,36,109,-73
107900203,13,81,-68
107900204,156,180,-24
107900205,137,487,-350
107900206,199,146,53
107900207,2,519,-517
107900208,4,1010,-1006
107900209,352,74,278
107900210,33,93,-60
107900213,270,340,-70
107900214,0,157,-157
107900215,125,293,-168
107900216,37,29,8
107900217,8,49,-41
107900218,9,1591,-1582
107900219,3,149,-146
107900220,142,88,54
107900221,132,182,-50
107900223,38,633,-595
107900224,163,339,-176
107900225,2,900,-898
107900226,20,138,-118
107900227,61,533,-472
107900228,6,102,-96
107900229,5,283,-278
107900230,2,158,-156
107900231,3,174,-171
107900232,8,214,-206
107900233,3,136,-133
107900234,19,175,-156
107900235,39,110,-71
107900236,30,120,-90
107900237,113,498,-385
107900238,3,110,-107
107900239,1201,303,898
107900240,6,165,-159
107900241,11,124,-113
107900242,0,404,-404
107900243,0,35,-35
107900244,104,3,101
107900245,73,11,62
107900246,33,7,26
107900248,84,570,-486
107900249,130,1,129
107900250,2,580,-578
107900251,11,1057,-1046
107900252,182,2,180
107900253,32,0,32
107900254,27,78,-51
107900255,411,63,348
107900256,264,533,-269
107900257,36,21,15
107900258,29,132,-103
107900259,76,352,-276
107900261,2,763,-761
107900262,22,106,-84
107900264,65,0,65
107900265,44,223,-179
107900267,37,23,14
107900268,58,5,53
107900269,0,8,-8
107900270,0,0,0
107900271,0,4,-4
107900272,156,3,153
107900273,9,67,-58
107900274,13,0,13
107900275,7,0,7
107900276,2,30,-28
107900277,0,204,-204
107900278,70,362,-292
107900279,142,36,106
107900280,1926,785,1141
107900281,3542,552,2990
107900282,51,120,-69
107900283,1441,262,1179
107900284,69,855,-786
107900285,16,118,-102
107900286,80,44,36
107900287,40,104,-64
107900290,0,56,-56
107900291,149,1,148
107900292,67,302,-235
107900293,30,514,-484
107900295,25,134,-109
107900297,0,278,-278
107900298,515,817,-302
107900299,3702,927,2775
107900300,20,150,-130
107900301,305,146,159
107900302,73,16,57
107900303,32,228,-196
107900304,82,522,-440
107900305,117,4,113
107900306,4,5,-1
107900307,30,274,-244
107900308,152,20,132
107900309,2,0,2
107900310,0,0,0
107900311,90,48,42
107900312,0,0,0
107900313,0,65,-65
107900314,0,31,-31
107900315,1,42,-41
107900316,8,1,7
107900317,13,1,12
107900318,1,120,-119
107900319,3,295,-292
107900320,1,169,-168
107900321,20,2,18
107900322,3,239,-236
107900323,4,138,-134
107900324,69,0,69
107900325,29,1,28
107900326,43,450,-407
107900327,2,2,0
107900328,0,0,0
107900329,0,0,0
107900330,5,536,-531
107900331,61,21,40
107900332,33,15,18
107900333,19,1,18
107900334,8,238,-230
107900335,20,52,-32
107900336,8,23,-15
107900337,1441,340,1101
107900338,0,161,-161
107900339,0,27,-27
107900340,0,49,-49
107900341,6,0,6
107900342,23,52,-29
107900343,2,0,2
107900344,0,81,-81
107900345,63,24,39
107900346,8,1,7
107900347,13,6,7
107900348,2,4,-2
107900349,11,2,9
107900350,28,340,-312
108000001,1652,1794,-142
108000002,2066,3079,-1013
108000003,2172,1315,857
108000004,16013,14146,1867
108000005,2674,2093,581
108000006,3939,5428,-1489
108000007,2939,2433,506
108000008,4024,5460,-1436
108000009,1394,2113,-719
108000010,1798,5032,-3234
108000011,7471,5089,2382
108000012,16794,14407,2387
108000014,293,356,-63
108000015,238,266,-28
108000016,91,479,-388
108000017,416,331,85
108000018,700,403,297
108000019,821,409,412
108000020,510,290,220
108000021,350,1669,-1319
108000022,463,1397,-934
108000023,587,72,515
108000024,95,647,-552
108000025,56,159,-103
108000026,151,563,-412
108000027,197,533,-336
108000028,104,256,-152
108000029,119,672,-553
108000030,277,206,71
108000031,109,559,-450
108000032,451,314,137
108000033,337,1091,-754
108000034,632,301,331
108000035,676,2626,-1950
108000036,166,1399,-1233
108000037,600,248,352
108000038,932,240,692
108000039,340,2619,-2279
108000040,699,309,390
108000041,476,2601,-2125
108000042,39,263,-224
108000043,87,261,-174
108000044,122,144,-22
108000045,83,879,-796
108000046,605,175,430
108000047,218,1204,-986
108000048,62,531,-469
108000049,173,131,42
108000050,91,474,-383
108000051,112,51,61
108000052,233,787,-554
108000053,145,82,63
108000054,344,901,-557
108000055,507,206,301
108000056,715,901,-186
108000057,386,468,-82
108000058,1276,1205,71
108000059,2821,1309,1512
108000060,64,277,-213
108000061,101,337,-236
108000062,270,330,-60
108000063,179,695,-516
108000064,78,225,-147
108000065,231,671,-440
108000066,1009,483,526
108000067,641,239,402
108000068,334,199,135
108000069,147,1050,-903
108000070,584,490,94
108000071,377,1754,-1377
108000072,667,537,130
108000073,1116,1802,-686
108000074,160,213,-53
108000075,125,735,-610
108000076,354,225,129
108000077,470,897,-427
108000078,943,834,109
108000079,891,1994,-1103
108000080,441,415,26
108000081,368,3001,-2633
108000082,879,1502,-623
108000083,1246,522,724
108000084,197,1239,-1042
108000085,173,166,7
108000086,681,834,-153
108000087,63,820,-757
108000088,73,10,63
108000089,157,182,-25
108000090,157,112,45
108000091,61,491,-430
108000092,43,61,-18
108000093,68,876,-808
108000094,303,91,212
108000095,106,452,-346
108000096,101,122,-21
108000097,68,531,-463
108000098,288,1313,-1025
108000099,74,69,5
108000100,23,174,-151
108000101,507,562,-55
108000102,673,987,-314
108000106,347,1,346
108000107,2,670,-668
108000108,163,33,130
108000109,2,820,-818
108000110,59,209,-150
108000111,101,657,-556
108000112,48,46,2
108000113,389,336,53
108000115,370,359,11
108000117,720,224,496
108000118,70,96,-26
108000119,511,420,91
108000120,79,326,-247
108000121,99,543,-444
108000122,113,182,-69
108000123,255,324,-69
108000124,93,465,-372
108000125,87,419,-332
108000126,63,708,-645
108000127,116,418,-302
108000128,125,834,-709
108000129,110,1407,-1297
108000130,86,370,-284
108000131,294,110,184
108000132,996,1197,-201
108000133,270,276,-6
108000134,425,832,-407
108000135,376,224,152
108000136,657,1195,-538
108000137,100,352,-252
108000138,85,533,-448
108000139,81,369,-288
108000140,27,12,15
108000141,7,146,-139
108000142,23,90,-67
108000143,23,21,2
108000144,13,11,2
108000145,20,22,-2
108000146,18,11,7
108000147,53,54,-1
108000148,29,3,26
108000149,5,29,-24
108000150,17,2,15
108000151,10,5,5
108000152,62,623,-561
108000153,84,78,6
108000154,20,6,14
108000155,4,6,-2
108000156,258,70,188
108000157,70,275,-205
108000158,31,236,-205
108000159,614,87,527
108000160,5011,451,4560
108000161,5201,896,4305
108000165,2,57,-55
108000172,0,98,-98
108000173,2944,717,2227
108000175,59,56,3
108000178,334,364,-30
108000179,140,409,-269
108000181,11,21,-10
108000182,99,8,91
108000183,3,11,-8
108000184,1004,828,176
108000185,35,730,-695
108000186,36,41,-5
108000187,14,823,-809
108000188,123,243,-120
108000189,418,476,-58
108000190,24,96,-72
108000192,41,675,-634
108000193,470,41,429
108000194,9,2,7
108000195,4,1054,-1050
108000196,58,67,-9
108000197,45,491,-446
108000198,172,375,-203
108000199,0,89,-89
108000200,110,797,-687
108000202,1,135,-134
108000203,33,1010,-977
108000204,37,20,17
108000205,423,557,-134
108000339,1817,199,1618
108000364,133,112,21
108000365,34,398,-364
108000367,109,328,-219
108000368,4,36,-32
108000369,1483,81,1402
108000371,0,625,-625
108000372,134,0,134
108000373,77,177,-100
108000376,43,14,29
108000377,129,272,-143
108000378,7607,4859,2748
108000379,49,122,-73
108000381,14,12,2
108000382,19,4,15
108000383,0,59,-59
108900001,160,1113,-953
108900002,234,37,197
108900003,273,933,-660
108900004,6,76,-70
108900005,11,46,-35
108900006,177,140,37
108900007,51,152,-101
108900008,33,106,-73
108900009,10,103,-93
108900010,51,161,-110
108900011,135,281,-146
108900012,140,498,-358
108900013,22,234,-212
108900014,8,55,-47
108900015,0,10,-10
108900016,0,163,-163
108900017,83,157,-74
108900018,52,587,-535
108900019,42,1196,-1154
108900020,17,347,-330
108900021,51,297,-246
108900022,14,6,8
108900023,3,38,-35
108900024,1,136,-135
108900025,16,132,-116
108900026,8,64,-56
108900027,0,133,-133
108900028,17,560,-543
108900029,39,228,-189
108900030,0,92,-92
108900031,22,695,-673
108900032,5,324,-319
108900033,0,121,-121
108900034,0,292,-292
108900035,112,1817,-1705
108900036,127,388,-261
108900037,21,484,-463
108900038,1,446,-445
108900039,2,571,-569
108900040,3,109,-106
108900041,5996,1484,4512
108900042,2,205,-203
108900043,22,457,-435
108900044,3,863,-860
108900045,5,737,-732
108900046,70,1137,-1067
108900047,0,42,-42
108900048,35,1056,-1021
108900049,5345,529,4816
108900050,0,334,-334
108900051,0,200,-200
108900052,4,282,-278
108900053,79,82,-3
108900054,26,213,-187
108900055,46,526,-480
108900056,0,179,-179
108900057,0,259,-259
108900058,13,606,-593
108900059,109,9,100
108900060,33,88,-55
108900061,26,9,17
108900062,2,347,-345
108900063,1,476,-475
108900064,55,65,-10
108900065,2,324,-322
108900066,95,72,23
108900067,30,271,-241
108900068,0,150,-150
108900069,16,122,-106
108900070,11,201,-190
108900071,13,25,-12
108900072,2516,247,2269
108900073,5,99,-94
108900074,25,510,-485
108900075,38,108,-70
108900076,86,65,21
108900077,89,139,-50
108900078,17,285,-268
108900079,665,257,408
108900080,8,254,-246
108900081,47,285,-238
108900082,9,99,-90
108900083,10,107,-97
108900084,287,90,197
108900085,1959,90,1869
108900086,23,383,-360
108900087,113,247,-134
108900088,369,185,184
108900089,4,56,-52
108900090,17,520,-503
108900091,155,110,45
108900092,183,162,21
108900093,37,32,5
108900094,104,55,49
108900095,57,639,-582
108900096,535,33,502
108900097,237,201,36
108900098,3276,244,3032
108900099,180,432,-252
108900100,10,144,-134
108900101,74,33,41
108900102,107,289,-182
108900103,13,44,-31
108900104,193,296,-103
108900105,2,266,-264
108900106,89,489,-400
108900108,134,20,114
108900109,5,17,-12
108900110,70,525,-455
108900111,109,714,-605
108900112,44,10,34
108900113,8,8,0
108900114,0,2,-2
108900115,45,41,4
108900116,15,3,12
108900117,25,6,19
108900118,143,1,142
108900119,63,23,40
108900120,28,79,-51
108900121,105,15,90
108900122,26,21,5
108900123,31,19,12
108900124,128,70,58
108900125,91,1,90
108900126,18,5,13
108900127,25,17,8
108900128,35,18,17
108900129,290,48,242
108900130,46,1,45
108900131,57,4,53
108900132,138,20,118
108900133,86,49,37
108900134,51,226,-175
108900135,52,9,43
108900136,5,0,5
108900137,25,0,25
108900138,133,2,131
108900139,221,62,159
108900140,57,237,-180
108900141,50,8,42
108900142,15,3,12
108900143,15,0,15
108900144,22,0,22
108900145,20,1,19
108900146,9,0,9
108900147,40,0,40
108900148,66,20,46
108900149,253,303,-50
108900150,102,4,98
108900151,9,2,7
108900152,18,23,-5
108900153,28,541,-513
108900154,1836,236,1600
108900155,96,52,44
108900156,20,6,14
108900157,4,725,-721
108900158,51,36,15
108900159,9,400,-391
108900160,9,248,-239
108900161,1,487,-486
108900162,14,0,14
108900163,1,71,-70
108900164,15,78,-63
108900165,126,84,42
108900167,1464,1181,283
108900168,10613,1286,9327
108900169,4,104,-100
108900171,9206,885,8321
108900172,78,16,62
108900173,159,366,-207
108900174,156,307,-151
108900176,83,619,-536
108900177,8702,1264,7438
108900178,5376,898,4478
108900179,336,485,-149
108900180,25,110,-85
108900182,29,102,-73
108900183,133,210,-77
108900184,155,179,-24
108900185,23,258,-235
108900186,29,343,-314
108900187,98,32,66
108900188,133,30,103
108900189,100,127,-27
108900190,21,3022,-3001
108900191,85,6,79
108900192,66,310,-244
108900193,31,28,3
108900194,13,333,-320
108900195,50,378,-328
108900196,12,651,-639
108900198,3,667,-664
108900199,64,287,-223
108900200,111,309,-198
108900201,153,1003,-850
108900203,157,14,143
108900204,148,5,143
108900205,54,3,51
108900206,105,6,99
108900207,64,19,45
108900208,21,323,-302
108900209,136,672,-536
108900210,93,169,-76
108900211,63,126,-63
108900212,563,403,160
108900215,70,745,-675
108900216,192,56,136
108900217,44,0,44
108900218,41,3,38
108900219,30,2,28
108900220,11,2,9
108900221,17,48,-31
108900222,57,8,49
108900223,4,38,-34
108900224,24,72,-48
108900225,1,150,-149
108900226,72,1,71
108900227,37,45,-8
108900230,371,279,92
108900231,37,231,-194
108900232,0,409,-409
108900233,177,19,158
108900234,206,35,171
108900235,133,635,-502
108900236,42,399,-357
108900237,16,293,-277
108900240,37,51,-14
108900241,10,3,7
108900245,1,401,-400
108900249,44,11,33
108900250,75,78,-3
108900257,23,709,-686
108900258,6,296,-290
108900259,7,77,-70
108900260,3,88,-85
108900261,119,124,-5
108900262,313,99,214
108900263,30,305,-275
108900264,289,225,64
108900265,1526,152,1374
108900266,1118,144,974
108900267,0,38,-38
108900268,6,1,5
108900269,21,5,16
108900270,11,3,8
108900271,8,2,6
108900272,42,2,40
108900273,804,247,557
108900274,6,41,-35
109000001,1735,600,1135
109000002,3111,946,2165
109000003,1093,372,721
109000004,311,2559,-2248
109000005,935,490,445
109000006,535,2025,-1490
109000007,530,432,98
109000008,230,1875,-1645
109000009,2127,694,1433
109000010,1043,3374,-2331
109000011,1227,1043,184
109000012,1164,3746,-2582
109000013,1701,1185,516
109000014,1106,3775,-2669
109000015,2099,2469,-370
109000016,9082,4251,4831
109000017,1159,735,424
109000018,517,3198,-2681
109000019,1202,645,557
109000020,785,2100,-1315
109000023,123,9,114
109000024,3,109,-106
109000025,243,222,21
109000026,504,305,199
109000027,46,176,-130
109000028,63,95,-32
109000029,159,74,85
109000030,61,462,-401
109000031,51,45,6
109000032,29,448,-419
109000033,106,55,51
109000034,10,10,0
109000035,4,28,-24
109000036,72,310,-238
109000037,114,412,-298
109000038,507,284,223
109000039,323,208,115
109000040,5370,1995,3375
109000041,5589,820,4769
109000042,836,841,-5
109000044,129,57,72
109000045,28,383,-355
109000046,97,61,36
109000047,29,464,-435
109000048,451,78,373
109000049,137,573,-436
109000050,194,165,29
109000051,221,299,-78
109000052,263,1956,-1693
109000053,74,97,-23
109000054,128,867,-739
109000055,96,165,-69
109000056,123,698,-575
109000057,179,163,16
109000058,836,240,596
109000059,430,1074,-644
109000060,379,120,259
109000061,1627,414,1213
109000062,135,126,9
109000063,119,224,-105
109000064,69,117,-48
109000065,68,502,-434
109000066,116,136,-20
109000067,36,393,-357
109000068,100,2,98
109000069,213,5,208
109000070,6,703,-697
109000071,270,72,198
109000072,40,390,-350
109000073,20,85,-65
109000074,13,251,-238
109000075,62,474,-412
109000076,22,84,-62
109000077,342,270,72
109000078,13,110,-97
109000079,72,244,-172
109000080,48,117,-69
109000081,15,548,-533
109000082,127,309,-182
109000083,123,749,-626
109000088,62,411,-349
109000089,89,25,64
109000090,139,534,-395
109000091,116,35,81
109000092,302,616,-314
109000093,114,60,54
109000094,111,0,111
109000095,34,800,-766
109000096,178,85,93
109000097,52,68,-16
109000098,22,29,-7
109000099,259,318,-59
109000100,120,572,-452
109000101,485,750,-265
109000102,170,1048,-878
109000103,164,656,-492
109000104,565,511,54
109000105,253,1814,-1561
109000106,1010,445,565
109000107,277,1970,-1693
109000108,648,331,317
109000109,328,1922,-1594
109000110,847,332,515
109000111,871,2516,-1645
109000112,238,154,84
109000113,70,223,-153
109000114,78,341,-263
109000115,686,22,664
109000116,8,220,-212
109000117,56,82,-26
109000118,4,292,-288
109000119,336,299,37
109000120,38,1277,-1239
109000121,103,53,50
109000122,42,1281,-1239
109000123,5,104,-99
109000124,239,359,-120
109000125,393,340,53
109000126,224,1085,-861
109000127,285,153,132
109000128,215,2699,-2484
109000129,892,226,666
109000130,414,2742,-2328
109000131,397,166,231
109000132,511,1697,-1186
109000133,221,840,-619
109000134,406,1427,-1021
109000135,620,998,-378
109000136,147,477,-330
109000137,71,284,-213
109000138,157,515,-358
109000139,175,310,-135
109000140,34,511,-477
109000141,114,461,-347
109000142,58,512,-454
109000143,39,26,13
109000145,44,82,-38
109000146,23,79,-56
109000148,4327,744,3583
109000149,27,14,13
109000150,32,124,-92
109000155,159,387,-228
109000156,802,972,-170
109000158,58,221,-163
109000159,45,639,-594
109000160,403,315,88
109000161,174,1526,-1352
109000162,1015,969,46
109000163,424,1727,-1303
109000164,605,2153,-1548
109000165,495,662,-167
109000166,209,114,95
109000167,66,953,-887
109000170,23,45,-22
109000171,25,29,-4
109000172,38,31,7
109000173,7,34,-27
109000174,29,52,-23
109000175,13,111,-98
109000176,79,321,-242
109000177,12,146,-134
109000178,98,84,14
109000179,8124,1413,6711
109000180,5403,3441,1962
109000181,6,43,-37
109000182,5,61,-56
109000183,10,53,-43
109000184,10,33,-23
109000185,10,90,-80
109000188,362,2627,-2265
109000189,1062,809,253
109000190,256,516,-260
109000191,144,647,-503
109000192,66,212,-146
109000193,59,385,-326
109000194,62,158,-96
109000195,56,481,-425
109000196,127,106,21
109000197,72,557,-485
109000198,133,37,96
109000199,64,458,-394
109000206,84,32,52
109000207,60,44,16
109000208,59,42,17
109000209,90,56,34
109000210,131,475,-344
109000211,70,189,-119
109000214,131,698,-567
109000215,61,49,12
109000216,64,94,-30
109000217,78,55,23
109000218,77,84,-7
109000221,146,1036,-890
109000222,293,52,241
109000223,105,180,-75
109000224,28,290,-262
109000225,18,46,-28
109000226,27,291,-264
109000227,540,1659,-1119
109000228,0,293,-293
109000231,3,532,-529
109000232,96,503,-407
109000236,129,744,-615
109000241,601,1504,-903
109000242,482,1021,-539
109000293,3,24,-21
109000361,55,211,-156
109000364,211,769,-558
109000396,4,980,-976
109000397,115,4,111
109000399,82,477,-395
109000400,25,298,-273
109000403,31,120,-89
109000406,36,1,35
109000407,101,279,-178
109000408,2,272,-270
109000410,400,160,240
109000411,18,2,16
109900001,43,0,43
109900002,225,8,217
109900003,40,0,40
109900004,608,284,324
109900005,11,1,10
109900006,122,206,-84
109900007,222,1052,-830
109900008,0,12,-12
109900009,56,1019,-963
109900010,139,7,132
109900011,12,16,-4
109900012,152,103,49
109900013,141,82,59
109900014,53,39,14
109900015,165,36,129
109900016,42,47,-5
109900017,32,38,-6
109900018,102,166,-64
109900019,30,74,-44
109900020,3,8,-5
109900021,2,0,2
109900022,22,309,-287
109900023,13,5,8
109900024,12,0,12
109900025,2,74,-72
109900026,3,144,-141
109900027,23,1,22
109900028,2664,287,2377
109900029,5,585,-580
109900030,6,3,3
109900031,0,68,-68
109900032,4,256,-252
109900033,0,467,-467
109900034,3,1,2
109900035,4,21,-17
109900036,7,95,-88
109900037,6,508,-502
109900038,16,255,-239
109900039,1,0,1
109900040,10,698,-688
109900041,20,552,-532
109900042,13,514,-501
109900044,39,304,-265
109900045,12,29,-17
109900046,15,41,-26
109900047,214,333,-119
109900048,0,65,-65
109900049,11,23,-12
109900050,0,290,-290
109900051,0,54,-54
109900052,24,286,-262
109900053,6,524,-518
109900054,225,88,137
109900055,21,295,-274
109900056,18,37,-19
109900057,2,188,-186
109900058,0,134,-134
109900059,162,46,116
109900060,130,150,-20
109900061,67,280,-213
109900062,0,216,-216
109900063,2,248,-246
109900064,128,176,-48
109900065,55,130,-75
109900066,224,1034,-810
109900067,2,407,-405
109900068,23,0,23
109900069,3,35,-32
109900070,65,288,-223
109900071,1,24,-23
109900072,5,120,-115
109900073,50,668,-618
109900074,3,60,-57
109900075,5,8,-3
109900076,8,329,-321
109900077,4,53,-49
109900078,54,257,-203
109900080,86,316,-230
109900081,2,78,-76
109900082,23,532,-509
109900083,25,31,-6
109900084,13,118,-105
109900085,90,1302,-1212
109900086,76,116,-40
109900087,112,361,-249
109900089,135,74,61
109900090,355,972,-617
109900091,63,66,-3
109900092,202,8,194
109900093,249,105,144
109900094,20,46,-26
109900095,74,177,-103
109900096,9,0,9
109900097,22,0,22
109900098,109,12,97
109900099,24,0,24
109900100,7,0,7
109900101,86,3,83
109900102,204,25,179
109900103,0,35,-35
109900104,110,1106,-996
109900105,191,14,177
109900106,86,61,25
109900107,97,56,41
109900108,51,694,-643
109900109,10,237,-227
109900110,17,527,-510
109900111,178,1146,-968
109900112,225,928,-703
109900113,194,161,33
109900114,711,105,606
109900115,27,62,-35
109900117,217,92,125
109900118,166,482,-316
109900119,479,284,195
109900120,12,1,11
109900121,167,81,86
109900122,116,0,116
109900123,3,183,-180
109900124,16,860,-844
109900125,0,265,-265
109900126,40,153,-113
109900128,44,43,1
109900130,11980,913,11067
109900131,48,80,-32
109900132,22,202,-180
109900133,17,409,-392
109900134,12,51,-39
109900135,340,46,294
109900136,24,136,-112
109900137,24,367,-343
109900138,91,341,-250
109900140,94,457,-363
109900141,62,147,-85
109900142,297,205,92
109900145,5,77,-72
109900146,247,21,226
109900148,19,59,-40
109900149,54,42,12
109900150,5,60,-55
109900151,4,67,-63
109900152,0,30,-30
109900153,1,28,-27
109900154,9,0,9
109900155,7,4,3
109900157,34,222,-188
109900158,37,111,-74
109900159,41,27,14
109900160,34,27,7
109900161,47,40,7
109900162,48,34,14
109900163,692,215,477
109900164,24,176,-152
109900165,69,4,65
109900166,3,197,-194
109900167,78,781,-703
109900168,107,710,-603
109900169,40,123,-83
109900170,118,434,-316
109900171,37,75,-38
109900172,77,96,-19
109900173,4451,652,3799
109900174,19,163,-144
109900175,36,52,-16
109900176,42,253,-211
109900177,12,328,-316
109900178,0,99,-99
109900179,17,17,0
109900180,9,1,8
110000001,439,439,0
110000002,283,410,-127
110000003,718,515,203
110000004,325,483,-158
110000005,602,810,-208
110000006,547,308,239
110000007,61,158,-97
110000008,9,55,-46
110000009,15,59,-44
110000010,15,69,-54
110000011,11,112,-101
110000012,526,406,120
110000013,8,238,-230
110000014,584,332,252
110000015,392,439,-47
110000016,196,555,-359
110000017,4413,207,4206
110000018,3578,520,3058
110000019,10,211,-201
110000020,450,253,197
110000021,385,425,-40
110000022,543,105,438
110000023,3,217,-214
110000024,574,339,235
110000025,66,1,65
110000026,2,705,-703
110000027,265,260,5
110000028,499,761,-262
110000029,335,907,-572
110000030,135,420,-285
110000031,119,586,-467
110000032,396,532,-136
110000033,56,85,-29
110000034,163,1271,-1108
110000035,245,1068,-823
110000036,274,1152,-878
110000037,70,819,-749
110000038,144,831,-687
110000039,327,892,-565
110000040,310,554,-244
110000041,86,408,-322
110000042,43,338,-295
110000043,190,75,115
110000044,26,65,-39
110000045,137,35,102
110000046,2,3,-1
110000047,0,1,-1
110000048,1,4,-3
110000049,2,0,2
110000050,4,8,-4
110000051,2,0,2
110000052,10,27,-17
110000053,15,3,12
110000054,93,265,-172
110000055,136,4,132
110000056,58,36,22
110000057,267,724,-457
110000058,376,561,-185
110000059,423,526,-103
110000060,333,865,-532
110000061,866,771,95
110000062,567,691,-124
110000063,25,78,-53
110000064,43,118,-75
110000065,26,127,-101
110000066,20,44,-24
110000067,66,282,-216
110000068,48,521,-473
110000069,50,155,-105
110000071,31,210,-179
110000073,2,22,-20
110000075,2,152,-150
110000076,222,153,69
110000077,364,304,60
110000078,4,98,-94
110000080,106,684,-578
110000081,12,226,-214
110000082,8,170,-162
110000083,164,679,-515
110000084,371,369,2
110000085,3687,1264,2423
110000086,1694,582,1112
110000087,3,43,-40
110000088,14,190,-176
110000089,121,148,-27
110000090,38,326,-288
110000091,1875,317,1558
110000092,18,87,-69
110000093,18,7,11
110000094,342,283,59
110000095,87,370,-283
110000096,4183,1903,2280
110000097,739,714,25
110000098,1134,383,751
110000099,919,1660,-741
110000100,169,1011,-842
110000101,13,810,-797
110000102,19,27,-8
110000104,90,40,50
110000105,35,288,-253
110000106,180,137,43
110000107,313,588,-275
110000108,112,17,95
110000109,253,277,-24
110000110,6230,2808,3422
110000111,10255,1375,8880
110000112,1380,222,1158
110000113,891,485,406
110000114,60,183,-123
110000115,91,195,-104
110000116,41,18,23
110000117,93,679,-586
110000118,218,259,-41
110000119,128,472,-344
110000120,194,168,26
110000121,28,278,-250
110000122,214,541,-327
110000123,210,358,-148
110000124,2,956,-954
110000125,546,3,543
110000126,142,13,129
110000127,281,25,256
110000128,33,2124,-2091
110000129,1,675,-674
110000130,80,88,-8
110000131,80,419,-339
110000132,1,747,-746
110000133,28,259,-231
110000134,17,265,-248
110000135,103,34,69
110000136,33,313,-280
110000137,228,824,-596
110000138,241,940,-699
110000139,518,1846,-1328
110000140,386,209,177
110000143,758,306,452
110000144,4210,684,3526
110000145,1120,624,496
110000146,2586,793,1793
110000147,168,544,-376
110000148,195,383,-188
110000151,883,613,270
110000152,869,261,608
110000153,41,54,-13
110000154,64,10,54
110000155,1971,1440,531
110000156,711,852,-141
110000157,1544,1167,377
110000160,179,408,-229
110000161,111,563,-452
110000166,116,133,-17
110000167,446,418,28
110000168,508,184,324
110000169,176,239,-63
110000170,50,92,-42
110000171,368,158,210
110000172,96,925,-829
110000173,1081,1464,-383
110000174,69,1442,-1373
110000175,260,142,118
110000176,23,274,-251
110000177,70,674,-604
110000178,455,505,-50
110000179,1251,262,989
110000180,46,298,-252
110000181,147,375,-228
110000182,313,258,55
110000183,12602,3122,9480
110000184,530,1211,-681
110000185,616,546,70
110000186,569,466,103
110000191,217,366,-149
110000192,168,4,164
110000193,145,1,144
110000194,12,1236,-1224
110000195,87,494,-407
110000196,107,631,-524
110000197,20,287,-267
110000198,75,176,-101
110000199,48,104,-56
110000200,1414,690,724
110000201,337,420,-83
110000202,519,296,223
110000203,505,749,-244
110000204,1,338,-337
110000205,28,52,-24
110000206,499,1740,-1241
110000207,219,217,2
110000208,57,62,-5
110000209,87,692,-605
110000210,195,536,-341
110000211,229,553,-324
110000212,166,675,-509
110000213,22,59,-37
110000214,53,118,-65
110000215,24,748,-724
110000216,18,813,-795
110000217,92,200,-108
110000218,52,560,-508
110000219,84,69,15
110000220,17,456,-439
110000221,92,100,-8
110000222,16,335,-319
110000223,3,63,-60
110000224,83,5,78
110000225,122,467,-345
110000226,96,28,68
110000227,313,266,47
110000228,172,290,-118
110000229,0,245,-245
110000230,265,452,-187
110000231,106,185,-79
110000232,69,176,-107
110000233,49,205,-156
110000234,347,293,54
110000235,600,928,-328
110000236,196,832,-636
110000237,639,853,-214
110000238,563,1140,-577
110000239,705,1215,-510
110000240,0,108,-108
110000242,0,5,-5
110000243,30,217,-187
110000244,79,289,-210
110000245,17,392,-375
110000246,325,744,-419
110000247,3787,3858,-71
110000248,4304,1293,3011
110000249,75,8,67
110000250,2,230,-228
110000251,56,410,-354
110000252,187,317,-130
110000253,641,295,346
110000254,1177,1466,-289
110000255,242,1253,-1011
110000256,270,179,91
110000257,806,320,486
110000258,4,610,-606
110000259,31,38,-7
110000260,16,555,-539
110000263,912,73,839
110000264,180,696,-516
110000265,649,1534,-885
110000266,2026,2394,-368
110000267,16,200,-184
110000268,238,607,-369
110000269,1,79,-78
110000270,28,5,23
110000271,1983,253,1730
110000272,473,811,-338
110000273,2844,1008,1836
110000274,209,1146,-937
110000275,3284,413,2871
110000276,105,283,-178
110000277,90,357,-267
110000278,196,869,-673
110000279,476,671,-195
110000280,126,484,-358
110000281,7,200,-193
110000282,163,29,134
110000283,16,83,-67
110000284,10,23,-13
110000285,0,204,-204
110000286,13,0,13
110000287,17,4,13
110000288,1,89,-88
110000289,274,999,-725
110000290,1445,719,726
110000291,6235,1220,5015
110000292,1049,5359,-4310
110000293,270,1192,-922
110000294,444,1177,-733
110000295,97,967,-870
110000296,174,406,-232
110000297,3923,255,3668
110000298,363,407,-44
110000299,1527,19,1508
110000301,270,6,264
110000302,69,1197,-1128
110000303,182,2,180
110000304,70,240,-170
110000305,392,6,386
110000306,53,2361,-2308
110000307,491,0,491
110000308,216,6,210
110000309,9,1724,-1715
110000310,260,51,209
110000311,19,950,-931
110000312,588,25,563
110000313,6317,1412,4905
110000314,1,201,-200
110000315,3117,1228,1889
110000316,433,1021,-588
110000317,426,265,161
110000318,0,88,-88
110000319,8,32,-24
110000320,19,47,-28
110000321,4,58,-54
110000322,69,587,-518
110000323,141,337,-196
110000324,4667,991,3676
110000325,2128,2551,-423
110000327,528,236,292
110000328,170,510,-340
110000333,492,644,-152
110000334,649,1297,-648
110000335,978,685,293
110000336,305,1286,-981
110000337,450,548,-98
110000338,106,300,-194
110000339,77,298,-221
110000340,22,191,-169
110000341,127,609,-482
110000342,377,12,365
110000343,0,19,-19
110000344,22,214,-192
110000345,76,99,-23
110000346,1967,1391,576
110000347,840,920,-80
110000348,1,29,-28
110000349,3,59,-56
110000350,28,6,22
110000351,375,988,-613
110000352,194,1335,-1141
110000353,2668,930,1738
110000354,677,1388,-711
110000355,37,83,-46
110000356,261,5,256
110000357,208,19,189
110000361,10,88,-78
110000362,18,161,-143
110000363,77,143,-66
110000364,67,300,-233
110000365,90,2,88
110000366,0,60,-60
110000367,212,332,-120
110000368,0,78,-78
110000369,26,2,24
110000373,2,294,-292
110000374,11,3,8
110000375,98,593,-495
110000376,38,103,-65
110000377,10,116,-106
110000378,21,204,-183
110000379,3780,754,3026
110000380,7,16,-9
110000383,2,368,-366
110000384,1327,225,1102
110000385,2,252,-250
110000387,14,8,6
110000388,16,236,-220
110000389,233,10,223
110000391,124,461,-337
110000396,25,145,-120
110000397,33,245,-212
110000398,1,27,-26
110000399,109,2,107
110000587,17,44,-27
110000589,93,208,-115
110000640,114,196,-82
110000652,9,145,-136
110000653,50,415,-365
110000654,0,7,-7
110000656,2,607,-605
110000674,10,10,0
110000675,36,4,32
110000676,18,49,-31
110000679,647,302,345
110000682,66,96,-30
110000683,262,532,-270
110000684,4,44,-40
110000685,4,8,-4
110000686,3,13,-10
110000687,9,1,8
110000688,47,294,-247
110000689,12,205,-193
110000692,33,309,-276
110000693,44,300,-256
110000694,0,75,-75
110000695,52,658,-606
110000696,80,164,-84
110900001,83,14,69
110900002,79,248,-169
110900003,169,1315,-1146
110900004,90,313,-223
110900005,5039,895,4144
110900006,18,0,18
110900007,39,11,28
110900008,1,25,-24
110900009,162,24,138
110900010,3,94,-91
110900011,2,68,-66
110900012,1,152,-151
110900013,381,167,214
110900014,49,7,42
110900015,814,189,625
110900016,6,192,-186
110900017,113,58,55
110900018,353,17,336
110900019,31,19,12
110900020,21,618,-597
110900021,39,865,-826
110900022,44,475,-431
110900023,55,438,-383
110900024,13,604,-591
110900025,7,58,-51
110900027,22,331,-309
110900028,13,214,-201
110900029,36,633,-597
110900030,13,428,-415
110900031,0,217,-217
110900032,2,130,-128
110900033,18,342,-324
110900035,30,336,-306
110900036,29,10,19
110900037,23,18,5
110900038,1500,162,1338
110900039,9,281,-272
110900040,110,7,103
110900041,3,196,-193
110900042,30,53,-23
110900043,1,204,-203
110900044,217,22,195
110900045,23,897,-874
110900046,97,386,-289
110900047,815,63,752
110900049,45,21,24
110900050,0,1,-1
110900051,28,175,-147
110900052,3,251,-248
110900053,44,72,-28
110900054,21,389,-368
110900055,10,0,10
110900056,61,112,-51
110900057,4,245,-241
110900058,43,353,-310
110900059,461,932,-471
110900060,235,67,168
110900061,23,30,-7
110900062,27,414,-387
110900063,13,77,-64
110900064,2,0,2
110900065,322,48,274
110900066,3,71,-68
110900067,641,305,336
110900068,187,283,-96
110900069,0,21,-21
110900070,96,61,35
110900071,220,276,-56
110900073,0,23,-23
110900074,191,81,110
110900075,123,59,64
110900077,115,379,-264
110900078,17,120,-103
110900079,2127,372,1755
110900080,24,48,-24
110900081,3,125,-122
110900082,19,215,-196
110900083,51,39,12
110900084,13,237,-224
110900085,33,298,-265
110900086,32,74,-42
110900087,109,57,52
110900088,7,0,7
110900090,20,8,12
110900091,0,68,-68
110900093,186,45,141
110900095,13,59,-46
110900097,2,18,-16
110900098,17,94,-77
110900099,49,469,-420
110900100,0,24,-24
110900102,22,15,7
110900105,558,351,207
110900108,2,123,-121
110900111,213,48,165
110900112,291,4,287
110900113,570,13,557
110900115,3,77,-74
110900116,221,2749,-2528
110900118,142,696,-554
110900119,7160,244,6916
110900120,2,175,-173
110900121,87,0,87
110900122,103,96,7
110900125,110,187,-77
110900127,455,423,32
110900128,113,92,21
110900129,222,142,80
110900130,883,106,777
110900131,33,41,-8
110900132,128,17,111
110900133,46,373,-327
110900135,142,648,-506
110900136,81,2,79
110900137,127,0,127
110900138,131,260,-129
110900139,0,17,-17
110900140,19,1,18
110900141,0,43,-43
110900142,15,264,-249
110900143,37,71,-34
110900144,2,622,-620
110900145,49,4,45
110900146,237,27,210
110900147,144,156,-12
110900148,0,312,-312
110900149,2,68,-66
110900150,30,16,14
110900151,7,74,-67
110900152,8,298,-290
110900153,26,18,8
111000001,109,83,26
111000002,233,420,-187
111000003,253,303,-50
111000004,279,1024,-745
111000005,515,468,47
111000006,620,1560,-940
111000007,3537,1073,2464
111000008,3491,3190,301
111000009,250,830,-580
111000010,357,212,145
111000011,338,575,-237
111000012,422,228,194
111000013,262,769,-507
111000014,446,446,0
111000017,92,319,-227
111000018,165,341,-176
111000020,2457,1730,727
111000021,56,118,-62
111000023,65,181,-116
111000025,7541,1428,6113
111000029,50,86,-36
111000030,44,51,-7
111000031,1932,471,1461
111000032,423,211,212
111000033,234,75,159
111000034,270,101,169
111000037,3068,1070,1998
111000038,2286,2051,235
111000039,1151,2121,-970
111000040,1150,2303,-1153
111000041,1430,1380,50
111000042,7176,2744,4432
111000043,1388,1004,384
111000044,690,331,359
111000045,805,1211,-406
111000046,806,823,-17
111000047,922,1294,-372
111000049,197,487,-290
111000050,1572,1693,-121
111000051,285,1098,-813
111000052,482,1227,-745
111000053,325,1058,-733
111000054,276,967,-691
111000055,1011,2060,-1049
111000056,67,796,-729
111000057,46,955,-909
111000058,60,104,-44
111000059,146,224,-78
111000060,1598,465,1133
111000061,435,319,116
111000062,382,180,202
111000063,1135,668,467
111000064,220,501,-281
111000065,561,573,-12
111000066,180,178,2
111000067,230,646,-416
111000068,186,525,-339
111000069,1334,1581,-247
111000070,1991,1001,990
111000071,122,774,-652
111000072,184,97,87
111000073,48,147,-99
111000074,1010,902,108
111000075,317,643,-326
111000076,140,760,-620
111000077,676,1011,-335
111000078,1303,940,363
111000079,1053,775,278
111000080,315,624,-309
111000081,2158,2541,-383
111000082,383,687,-304
111000084,428,478,-50
111000085,549,1436,-887
111000086,2751,1180,1571
111000087,571,848,-277
111000088,5844,1501,4343
111000089,343,783,-440
111000090,1012,1237,-225
111000091,435,888,-453
111000092,590,1353,-763
111000093,382,632,-250
111000094,1421,697,724
111000095,760,1337,-577
111000096,3096,4510,-1414
111000097,6260,909,5351
111000098,287,1530,-1243
111000099,201,2769,-2568
111000100,192,2462,-2270
111000101,269,754,-485
111000102,46,906,-860
111000104,167,186,-19
111000107,36,931,-895
111000109,175,182,-7
111000110,304,412,-108
111000111,477,305,172
111000112,570,229,341
111000113,372,249,123
111000114,592,655,-63
111000115,8247,617,7630
111000116,812,645,167
111000117,433,639,-206
111000118,1449,1002,447
111000119,517,1779,-1262
111000120,211,478,-267
111000121,121,402,-281
111000122,231,1106,-875
111000123,521,3716,-3195
111000124,283,4003,-3720
111000125,134,2286,-2152
111000126,50,997,-947
111000127,258,70,188
111000128,384,152,232
111000129,934,221,713
111000130,539,754,-215
111000131,461,592,-131
111000132,317,277,40
111000133,68,209,-141
111000134,52,162,-110
111000135,10,110,-100
111000136,95,214,-119
111000138,3,1,2
111000140,1,4,-3
111000141,35,242,-207
111000142,0,118,-118
111000143,2,71,-69
111000144,4,127,-123
111000145,16,2,14
111000146,21,1,20
111000147,46,5,41
111000148,76,119,-43
111000149,0,29,-29
111000150,2,11,-9
111000151,0,9,-9
111000153,457,435,22
111000154,655,200,455
111000155,43,221,-178
111000156,289,143,146
111000157,83,263,-180
111000158,600,335,265
111000159,2333,535,1798
111000160,92,367,-275
111000161,4,221,-217
111000162,4,145,-141
111000163,171,595,-424
111000164,737,1552,-815
111000165,1349,301,1048
111000166,1161,303,858
111000167,156,455,-299
111000168,139,473,-334
111000169,181,346,-165
111000170,406,264,142
111000171,342,873,-531
111000172,45,487,-442
111000173,90,900,-810
111000174,53,657,-604
111000175,28,294,-266
111000176,63,165,-102
111000177,40,166,-126
111000178,345,253,92
111000179,32,154,-122
111000180,94,269,-175
111000181,300,268,32
111000182,81,127,-46
111000183,121,178,-57
111000184,196,212,-16
111000185,235,471,-236
111000186,81,328,-247
111000187,25,294,-269
111000188,73,419,-346
111000189,1492,595,897
111000190,121,597,-476
111000191,77,554,-477
111000192,120,643,-523
111000193,290,417,-127
111000194,5,460,-455
111000195,33,498,-465
111000196,12,290,-278
111000197,92,153,-61
111000198,151,93,58
111000199,45,153,-108
111000200,99,262,-163
111000201,148,201,-53
111000202,94,188,-94
111000203,112,191,-79
111000204,148,220,-72
111000213,55,320,-265
111000214,1014,1350,-336
111000215,477,1040,-563
111000217,520,713,-193
111000218,557,690,-133
111000219,260,198,62
111000220,3082,544,2538
111000221,413,228,185
111000224,1,132,-131
111000225,80,20,60
111000226,81,4,77
111000227,34,3,31
111000228,15,107,-92
111000229,30,236,-206
111000230,178,554,-376
111000231,187,1483,-1296
111000232,109,882,-773
111000233,193,903,-710
111000234,31,199,-168
111000239,173,264,-91
111000240,19,57,-38
111000241,35,553,-518
111000242,26,14,12
111000243,30,983,-953
111000244,79,84,-5
111000245,160,626,-466
111000246,67,655,-588
111000247,63,1273,-1210
111000248,231,395,-164
111000249,271,1038,-767
111000250,26,178,-152
111000251,41,161,-120
111000253,0,0,0
111000255,0,0,0
111000257,0,0,0
111000260,74,1424,-1350
111000261,346,41,305
111000271,19,318,-299
111000273,6076,1073,5003
111000274,890,1438,-548
111000275,52,53,-1
111000276,218,2923,-2705
111000277,123,579,-456
111000278,283,227,56
111000291,252,1869,-1617
111000298,210,215,-5
111000299,308,58,250
111000300,76,595,-519
111000302,150,74,76
111000303,76,276,-200
111000312,57,49,8
111000315,0,4,-4
111000320,260,685,-425
111000321,118,26,92
111000322,95,464,-369
111000323,26,15,11
111000324,204,298,-94
111000325,6,58,-52
111000326,69,390,-321
111000327,268,468,-200
111000328,116,309,-193
111000329,0,15,-15
111000330,4,1,3
111000331,4,1,3
111000332,241,1037,-796
111000334,325,1878,-1553
111000335,140,103,37
111000337,175,407,-232
111000338,9,124,-115
111000339,96,801,-705
111000340,61,1095,-1034
111000341,299,123,176
111000342,26,222,-196
111000344,472,587,-115
111000345,62,21,41
111000346,8,95,-87
111000347,20,6,14
111000350,88,123,-35
111000351,26,174,-148
111000352,72,95,-23
111000353,95,230,-135
111000354,221,157,64
111000355,58,746,-688
111000358,70,2047,-1977
111000360,78,1199,-1121
111000361,35,486,-451
111000546,88,799,-711
111000547,122,666,-544
111000548,44,151,-107
111000549,77,448,-371
111000550,30,173,-143
111000551,484,88,396
111000552,111,46,65
111000907,35,7,28
111000908,9,0,9
111000916,325,260,65
111000917,23,280,-257
111000918,65,1290,-1225
111000920,109,0,109
111000921,0,341,-341
111000922,96,355,-259
111000924,14,1045,-1031
111000925,917,1174,-257
111000926,663,2502,-1839
111000927,2614,2544,70
111000928,6476,3337,3139
111000929,467,659,-192
111000930,419,2326,-1907
111000931,1073,1228,-155
111000932,3403,2269,1134
111000933,2101,1221,880
111000934,2062,2583,-521
111000935,423,775,-352
111000936,423,2052,-1629
111000937,335,845,-510
111000938,1199,2261,-1062
111000939,157,27,130
111000940,155,181,-26
111000941,97,589,-492
111000943,86,221,-135
111000944,34,583,-549
111000945,12,2317,-2305
111001109,124,92,32
111001110,73,787,-714
111001111,7,3,4
111001112,72,26,46
111001113,31,62,-31
111001114,683,28,655
111001115,20,269,-249
111001116,5159,754,4405
111001117,511,375,136
111001120,49,255,-206
111001121,43,320,-277
111001122,21,359,-338
111900001,0,130,-130
111900002,7,825,-818
111900003,4,503,-499
111900004,9,196,-187
111900006,1,2,-1
111900007,18,1,17
111900008,19,3,16
111900009,25,160,-135
111900010,149,594,-445
111900012,83,116,-33
111900013,1,82,-81
111900014,8914,1359,7555
111900015,0,80,-80
111900016,1,170,-169
111900017,0,203,-203
111900018,8,1,7
111900019,1,59,-58
111900020,1,23,-22
111900021,6,61,-55
111900022,4,52,-48
111900023,119,37,82
111900024,1,98,-97
111900025,0,31,-31
111900026,1,109,-108
111900027,1,199,-198
111900028,5,541,-536
111900029,2,87,-85
111900030,78,344,-266
111900031,4,73,-69
111900032,3,409,-406
111900033,1,94,-93
111900034,81,351,-270
111900035,5,274,-269
111900036,2,415,-413
111900038,221,475,-254
111900039,47,413,-366
111900040,6,835,-829
111900042,45,70,-25
111900043,7,610,-603
111900044,187,236,-49
111900046,39,315,-276
111900048,43,931,-888
111900049,28,389,-361
111900050,34,5,29
111900051,1,236,-235
111900052,412,697,-285
111900053,1455,213,1242
111900054,36,1,35
111900055,24,796,-772
111900056,144,56,88
111900057,25,15,10
111900058,90,938,-848
111900059,1906,159,1747
111900060,94,0,94
111900061,11,393,-382
111900062,2,35,-33
111900063,107,185,-78
111900064,82,316,-234
111900065,19,24,-5
111900066,36,79,-43
111900067,3,400,-397
111900068,21,10,11
111900069,36,10,26
111900070,29,132,-103
111900071,0,299,-299
111900072,17,3,14
111900073,221,42,179
111900074,6,217,-211
111900075,23,3,20
111900076,31,19,12
111900077,5,5,0
111900078,77,7,70
111900079,5,7,-2
111900080,159,47,112
111900081,724,82,642
111900082,27,2,25
111900083,10,3,7
111900084,6,3,3
111900085,18,36,-18
111900086,20,2,18
111900087,19,0,19
111900088,95,2,93
111900089,10,3,7
111900090,52,9,43
111900091,33,1,32
111900092,14,0,14
111900093,121,1,120
111900094,39,0,39
111900095,110,1,109
111900096,22,1,21
111900097,12,0,12
111900098,49,0,49
111900099,1,0,1
111900100,26,0,26
111900101,30,2,28
111900102,117,1050,-933
111900103,54,15,39
111900104,37,37,0
111900105,167,158,9
111900106,1961,53,1908
111900107,27,87,-60
111900108,89,33,56
111900109,312,106,206
111900110,4123,160,3963
111900111,23,230,-207
111900112,832,665,167
111900113,214,23,191
111900114,204,119,85
111900115,18,54,-36
111900118,69,12,57
111900119,90,27,63
111900122,41,8,33
111900123,8,4,4
111900124,17,122,-105
111900125,89,10,79
111900126,41,0,41
111900127,3,699,-696
111900128,3,605,-602
111900129,61,7,54
111900130,53,6,47
111900131,57,0,57
111900132,21,1296,-1275
111900133,2,422,-420
111900134,28,390,-362
111900135,2,5,-3
111900136,45,44,1
111900137,40,30,10
111900138,1,56,-55
111900139,12,152,-140
111900140,18,9,9
111900141,9,18,-9
111900142,20,12,8
111900143,18,278,-260
111900144,0,152,-152
111900145,2,852,-850
111900146,2,466,-464
111900147,165,598,-433
111900148,31,1052,-1021
111900149,21,530,-509
111900150,6,247,-241
111900151,5,32,-27
111900152,98,15,83
111900153,1583,96,1487
111900154,5,80,-75
111900155,59,11,48
111900156,19,18,1
111900157,13,9,4
111900158,107,14,93
111900159,34,2,32
111900160,60,0,60
111900161,22,9,13
111900162,88,64,24
111900163,29,163,-134
111900164,28,13,15
111901113,60,282,-222
111901114,27,453,-426
111901115,10,0,10
111901116,13,2,11
111901117,5,3,2
111901118,85,35,50
111901119,1628,107,1521
111901120,66,206,-140
111901121,89,306,-217
111901122,9,594,-585
111901123,27,511,-484
111901124,21,0,21
111901125,51,31,20
111901126,42,9,33
111901127,964,132,832
111901128,10,136,-126
111901129,2,130,-128
111901130,12,288,-276
111901131,1,162,-161
111901132,26,0,26
111901133,6,0,6
111901134,12,0,12
111901135,3,1,2
111901136,6,4,2
111901137,0,4,-4
111901138,22,25,-3
111901139,8,44,-36
111901140,2,138,-136
111901141,2,211,-209
111901142,1,139,-138
111901143,0,65,-65
111901144,3,7,-4
112000001,861,545,316
112000002,584,2525,-1941
112000003,385,758,-373
112000004,446,1872,-1426
112000005,968,936,32
112000006,1051,1969,-918
112000007,943,955,-12
112000008,1304,2279,-975
112000009,3477,3280,197
112000010,1272,1698,-426
112000011,1511,2362,-851
112000012,6355,1111,5244
112000013,7580,3328,4252
112000014,2619,407,2212
112000015,3132,1800,1332
112000016,2851,682,2169
112000017,1202,948,254
112000024,1582,592,990
112000026,4623,5292,-669
112000027,417,311,106
112000028,1396,1861,-465
112000029,160,322,-162
112000030,153,133,20
112000031,1425,1466,-41
112000032,589,62,527
112000033,2096,446,1650
112000034,298,46,252
112000035,100,269,-169
112000036,630,392,238
112000037,593,1036,-443
112000038,516,728,-212
112000039,21,88,-67
112000040,108,354,-246
112000041,288,636,-348
112000042,810,309,501
112000050,293,1216,-923
112000051,413,564,-151
112000054,1342,2273,-931
112000057,642,253,389
112000058,357,351,6
112000059,917,364,553
112000061,7063,1337,5726
112000062,3719,443,3276
112000063,2773,500,2273
112000064,5377,5767,-390
112000065,2416,2906,-490
112000066,2110,577,1533
112000067,516,682,-166
112000068,990,632,358
112000069,458,2620,-2162
112000070,905,317,588
112000071,658,3368,-2710
112000072,589,700,-111
112000073,795,1689,-894
112000074,442,579,-137
112000075,626,732,-106
112000076,2925,2689,236
112000077,210,759,-549
112000078,754,647,107
112000079,1079,1419,-340
112000080,301,945,-644
112000081,792,1968,-1176
112000082,729,508,221
112000083,405,1911,-1506
112000084,554,523,31
112000085,514,1555,-1041
112000086,870,1447,-577
112000087,120,555,-435
112000088,205,710,-505
112000089,141,311,-170
112000090,133,434,-301
112000091,417,1460,-1043
112000092,780,688,92
112000093,1164,1312,-148
112000094,218,699,-481
112000095,411,787,-376
112000096,169,534,-365
112000097,315,398,-83
112000098,539,1921,-1382
112000099,398,336,62
112000100,483,807,-324
112000101,265,1159,-894
112000102,354,424,-70
112000103,136,1635,-1499
112000105,288,2327,-2039
112000106,375,333,42
112000107,0,133,-133
112000108,106,1438,-1332
112000109,13,37,-24
112000110,358,237,121
112000111,1118,4767,-3649
112000112,2159,383,1776
112000113,867,2406,-1539
112000114,1050,793,257
112000115,111,486,-375
112000116,383,886,-503
112000117,305,516,-211
112000118,460,887,-427
112000119,235,871,-636
112000120,37,348,-311
112000121,54,777,-723
112000122,79,148,-69
112000123,151,99,52
112000124,81,60,21
112000125,44,113,-69
112000126,69,847,-778
112000127,2299,826,1473
112000128,1314,374,940
112000129,39,116,-77
112000130,31,25,6
112000131,7,298,-291
112000132,28,275,-247
112000133,114,218,-104
112000134,242,337,-95
112000135,356,424,-68
112000136,552,1250,-698
112000137,453,1131,-678
112000138,661,1362,-701
112000139,409,121,288
112000140,718,1188,-470
112000141,207,157,50
112000142,89,1091,-1002
112000143,317,146,171
112000144,192,1768,-1576
112000145,927,728,199
112000146,501,2399,-1898
112000147,637,1185,-548
112000148,1020,1930,-910
112000149,99,638,-539
112000150,37,735,-698
112000151,152,716,-564
112000152,113,291,-178
112000153,159,291,-132
112000154,101,104,-3
112000155,45,43,2
112000157,344,378,-34
112000158,98,722,-624
112000159,154,326,-172
112000167,105,12,93
112000169,189,220,-31
112000173,214,289,-75
112000175,141,342,-201
112000176,6104,1382,4722
112000177,139,70,69
112000178,25,666,-641
112000179,64,174,-110
112000180,131,178,-47
112000181,582,1956,-1374
112000182,358,2243,-1885
112000183,27,47,-20
112000184,142,682,-540
112000185,149,652,-503
112000187,2404,2159,245
112000195,73,21,52
112000196,134,0,134
112000197,98,84,14
112000198,20,519,-499
112000199,56,1184,-1128
112000202,83,1,82
112000216,34,134,-100
112000230,25,2,23
112000231,2,445,-443
112000256,7,87,-80
112000313,159,273,-114
112000314,9,8,1
112000337,99,489,-390
112000352,150,122,28
112000392,2569,1011,1558
112000398,449,623,-174
112000399,1306,976,330
112000400,1447,4115,-2668
112000401,2176,2655,-479
112000402,929,1395,-466
112000403,1347,1043,304
112000404,209,431,-222
112000405,861,1845,-984
112000406,2889,3022,-133
112000407,2418,4315,-1897
112000408,8213,6328,1885
112000409,1246,4597,-3351
112000410,146,60,86
112000411,4883,480,4403
112000412,847,239,608
112000413,9945,1318,8627
112000414,44,83,-39
112000415,45,40,5
112000416,894,910,-16
112000417,97,55,42
112000421,9,144,-135
112000422,148,589,-441
112000424,2000,1061,939
112000425,230,1048,-818
112000426,31,229,-198
112000427,0,13,-13
112000428,22,438,-416
112000429,1292,2471,-1179
112000430,1217,2887,-1670
112000431,27,68,-41
112000432,396,2460,-2064
112000433,643,495,148
112000437,16,362,-346
112900001,13,2,11
112900002,70,1420,-1350
112900003,26,233,-207
112900004,14,334,-320
112900005,44,251,-207
112900006,1,477,-476
112900007,1,186,-185
112900008,0,5,-5
112900009,259,36,223
112900010,58,813,-755
112900011,345,259,86
112900012,1,51,-50
112900013,0,162,-162
112900014,3,328,-325
112900015,240,1014,-774
112900016,2,275,-273
112900017,31,153,-122
112900018,5,382,-377
112900019,63,128,-65
112900020,599,1843,-1244
112900021,5,316,-311
112900022,7,75,-68
112900023,2,311,-309
112900024,17,254,-237
112900025,51,170,-119
112900026,10,331,-321
112900027,2,1421,-1419
112900028,14,143,-129
112900029,0,662,-662
112900030,266,166,100
112900031,2,588,-586
112900032,98,289,-191
112900034,0,56,-56
112900035,4,618,-614
112900036,16,162,-146
112900037,76,60,16
112900038,171,126,45
112900039,16,370,-354
112900040,3,327,-324
112900041,1441,491,950
112900042,13,412,-399
112900043,8,40,-32
112900044,358,343,15
112900045,538,315,223
112900046,223,64,159
112900047,17,13,4
112900049,21,52,-31
112900050,39,639,-600
112900051,305,873,-568
112900052,7,1169,-1162
112900053,236,76,160
112900054,249,25,224
112900055,154,10,144
112900056,179,56,123
112900057,4,914,-910
112900058,171,70,101
112900059,46,121,-75
112900060,6,280,-274
112900061,18,161,-143
112900062,39,188,-149
112900063,19,3,16
112900064,104,98,6
112900065,11,2,9
112900066,97,40,57
112900067,589,116,473
112900068,18,17,1
112900069,2792,275,2517
112900071,1,0,1
112900072,190,301,-111
112900073,117,30,87
112900074,21,63,-42
112900075,2427,223,2204
112900076,19,4,15
112900078,113,148,-35
112900079,74,3,71
112900080,0,0,0
112900081,16,47,-31
112900082,129,1,128
112900083,43,22,21
112900084,51,24,27
112900085,0,4,-4
112900086,4,0,4
112900087,169,36,133
112900088,12,0,12
112900089,319,9,310
112900090,29,15,14
112900091,32,3,29
112900092,88,59,29
112900093,356,4,352
112900094,4,0,4
112900095,3,1,2
112900096,121,52,69
112900097,13,441,-428
112900098,31,0,31
112900099,209,7,202
112900100,15,2,13
112900101,58,1,57
112900102,37,5,32
112900103,47,0,47
112900104,3,0,3
112900105,1,0,1
112900106,181,37,144
112900107,2,0,2
112900108,1,0,1
112900109,60,29,31
112900110,194,8,186
112900111,123,0,123
112900112,39,0,39
112900113,0,6,-6
112900114,16,22,-6
112900115,217,2,215
112900116,20,31,-11
112900117,85,102,-17
112900118,15,76,-61
112900119,29,0,29
112900120,616,136,480
112900121,234,182,52
112900122,6,166,-160
112900123,140,5,135
112900124,3,144,-141
112900125,103,259,-156
112900126,81,319,-238
112900127,115,35,80
112900128,483,604,-121
112900129,3,1324,-1321
112900130,51,46,5
112900131,20,181,-161
112900132,46,432,-386
112900133,20,1501,-1481
112900134,2,347,-345
112900135,23,10,13
112900136,0,53,-53
112900137,1,901,-900
112900138,1,639,-638
112900139,153,1580,-1427
112900140,0,88,-88
112900141,184,34,150
112900142,59,22,37
112900143,26,760,-734
112900144,2,262,-260
112900145,27,571,-544
112900146,3,1511,-1508
112900147,9,2770,-2761
112900148,2,0,2
112900149,158,375,-217
112900151,22,34,-12
112900152,5154,1234,3920
112900153,1061,610,451
112900154,0,48,-48
112900155,27,4,23
112900156,55,1947,-1892
112900157,30,6,24
112900158,3,14,-11
112900159,90,17,73
112900160,7,252,-245
112900161,15,19,-4
112900162,25,4,21
112900163,83,3,80
112900164,10,52,-42
112900165,40,37,3
112900166,7,25,-18
112900167,3,11,-8
112900168,0,1,-1
112900169,2,5,-3
112900170,15,63,-48
112900172,89,3,86
112900173,208,67,141
112900174,120,10,110
112900175,114,26,88
112900176,8,11,-3
112900177,56,6,50
112900178,313,445,-132
112900179,21,595,-574
112900180,443,2474,-2031
112900181,97,0,97
112900182,13,1587,-1574
112900183,69,173,-104
112900184,392,185,207
112900185,275,275,0
112900186,1606,438,1168
112900187,38,131,-93
112900188,825,293,532
112900189,4,47,-43
112900190,0,70,-70
112900192,223,112,111
112900193,747,132,615
112900194,9,116,-107
112900195,235,16,219
112900196,168,850,-682
112900197,133,483,-350
112900199,92,653,-561
112900200,189,275,-86
112900201,29,60,-31
112900202,86,1006,-920
112900203,53,327,-274
112900204,509,221,288
112900205,0,12,-12
112900206,1,62,-61
112900207,4,0,4
112900208,49,38,11
112900209,250,369,-119
112900210,0,20,-20
112900211,30,36,-6
112900212,0,26,-26
112900213,1,5,-4
112900214,7,2,5
112900215,2,192,-190
112900216,20,36,-16
112900217,1,60,-59
112900218,9,8,1
112900219,17,24,-7
112900220,0,0,0
112900221,1,130,-129
112900222,0,9,-9
112900223,326,4,322
112900224,48,784,-736
112900225,114,600,-486
112900226,350,190,160
112900227,116,1483,-1367
112900228,8,41,-33
112900229,21,39,-18
112900230,8757,1972,6785
112900232,115,94,21
112900233,23,232,-209
112900234,4,136,-132
112900235,34,13,21
112900236,36,13,23
112900237,79,433,-354
112900238,0,41,-41
113000001,3820,4002,-182
113000002,2820,3051,-231
113000003,1572,1490,82
113000004,1814,1726,88
113000005,874,958,-84
113000006,599,1006,-407
113000007,1021,1180,-159
113000008,1003,1618,-615
113000009,436,845,-409
113000010,543,1628,-1085
113000011,508,1644,-1136
113000012,599,503,96
113000013,833,332,501
113000014,2021,1445,576
113000015,681,218,463
113000016,211,244,-33
113000017,42,244,-202
113000018,74,38,36
113000019,56,213,-157
113000020,25,13,12
113000021,454,463,-9
113000022,256,1194,-938
113000025,38,294,-256
113000026,111,333,-222
113000027,486,294,192
113000028,802,372,430
113000029,706,440,266
113000030,530,563,-33
113000031,243,201,42
113000032,258,158,100
113000033,415,236,179
113000034,540,291,249
113000035,14,28,-14
113000036,9,57,-48
113000037,63,36,27
113000038,7,52,-45
113000039,141,433,-292
113000040,34,60,-26
113000042,708,747,-39
113000051,441,1314,-873
113000052,2050,1192,858
113000053,163,642,-479
113000054,122,638,-516
113000055,496,879,-383
113000056,381,1611,-1230
113000058,658,929,-271
113000059,1012,890,122
113000060,57,506,-449
113000061,459,888,-429
113000062,1229,105,1124
113000063,55,268,-213
113000064,20,443,-423
113000065,105,1343,-1238
113000066,267,64,203
113000067,958,1115,-157
113000068,471,2324,-1853
113000069,277,1480,-1203
113000070,706,640,66
113000071,175,802,-627
113000072,211,336,-125
113000073,487,1700,-1213
113000074,881,262,619
113000075,1608,406,1202
113000076,1089,1521,-432
113000077,1846,292,1554
113000078,1206,1168,38
113000079,646,460,186
113000080,621,509,112
113000081,842,912,-70
113000082,1087,755,332
113000083,449,667,-218
113000084,1552,853,699
113000085,1060,481,579
113000086,608,909,-301
113000087,930,685,245
113000088,1645,977,668
113000089,667,1310,-643
113000090,213,201,12
113000091,871,181,690
113000094,429,125,304
113000095,243,1303,-1060
113000096,126,933,-807
113000097,477,296,181
113000098,83,23,60
113000099,912,196,716
113000100,132,452,-320
113000101,358,556,-198
113000102,338,155,183
113000103,2039,613,1426
113000104,217,1763,-1546
113000105,346,383,-37
113000106,216,615,-399
113000107,378,604,-226
113000108,642,1503,-861
113000109,364,2178,-1814
113000110,1198,286,912
113000111,63,269,-206
113000112,186,271,-85
113000113,2437,201,2236
113000114,421,766,-345
113000116,695,221,474
113000117,685,153,532
113000118,137,301,-164
113000119,133,423,-290
113000120,19,202,-183
113000121,389,875,-486
113000124,75,140,-65
113000125,8,347,-339
113000127,3752,614,3138
113000128,388,451,-63
113000129,563,862,-299
113000133,4768,637,4131
113000134,5,446,-441
113000135,2075,1434,641
113000137,2823,1125,1698
113000139,365,143,222
113000140,197,212,-15
113000141,459,93,366
113000142,678,731,-53
113000143,345,121,224
113000144,331,493,-162
113000145,59,159,-100
113000146,83,68,15
113000147,114,203,-89
113000148,61,184,-123
113000149,130,190,-60
113000150,531,342,189
113000151,110,49,61
113000152,30,119,-89
113000153,1530,386,1144
113000154,507,744,-237
113000155,186,301,-115
113000156,134,412,-278
113000157,259,734,-475
113000158,341,160,181
113000159,528,329,199
113000160,389,1115,-726
113000161,187,782,-595
113000162,360,232,128
113000163,69,32,37
113000164,14,94,-80
113000166,46,44,2
113000167,26,193,-167
113000168,26,251,-225
113000169,77,22,55
113000170,54,41,13
113000171,49,96,-47
113000172,182,46,136
113000173,40,14,26
113000174,104,551,-447
113000175,220,80,140
113000176,230,74,156
113000177,91,481,-390
113000178,107,446,-339
113000179,150,77,73
113000180,408,1149,-741
113000181,506,1067,-561
113000182,126,201,-75
113000183,153,530,-377
113000184,28,110,-82
113000189,590,430,160
113000190,1807,332,1475
113000192,2043,1038,1005
113000193,3994,618,3376
113000194,1282,988,294
113000195,1842,471,1371
113000196,61,53,8
113000197,1012,684,328
113000198,11,353,-342
113000199,616,396,220
113000201,123,134,-11
113000202,2981,1331,1650
113000203,260,96,164
113000204,1047,1052,-5
113000205,4,22,-18
113000206,12,38,-26
113000207,42,28,14
113000208,14,38,-24
113000209,18,20,-2
113000210,4,23,-19
113000211,202,67,135
113000212,197,5,192
113000213,20,75,-55
113000214,41,146,-105
113000234,85,1578,-1493
113000410,25,60,-35
113000411,2475,3332,-857
113000412,10823,1434,9389
113000413,4902,1694,3208
113000414,14716,6191,8525
113000415,2855,1907,948
113000416,11317,2612,8705
113000417,4308,2376,1932
113000418,3025,2019,1006
113000419,2250,1346,904
113000420,4340,2407,1933
113000421,3856,3552,304
113000422,20692,5401,15291
113000423,3066,2570,496
113000424,4464,4857,-393
113000425,9,36,-27
113000428,27,5,22
113000430,7,13,-6
113000432,561,54,507
113000433,133,1033,-900
113000434,10,418,-408
113000435,4,1139,-1135
113000436,25,1642,-1617
113000437,202,18,184
113000438,93,3,90
113000439,11,184,-173
113000440,21,33,-12
113000441,56,156,-100
113000442,52,425,-373
113000443,35,314,-279
113000444,35,395,-360
113000445,25,150,-125
113000446,9,95,-86
113000448,94,133,-39
113000449,330,327,3
113000450,524,1235,-711
113000451,975,116,859
113000452,356,182,174
113000453,50,195,-145
113000454,421,10,411
113000455,1,113,-112
113000456,3716,1749,1967
113000468,2735,301,2434
113000469,266,137,129
113000470,557,72,485
113000471,19,212,-193
113000472,39,267,-228
113000474,114,628,-514
113000475,1124,1716,-592
113000476,737,1947,-1210
113000477,1242,2167,-925
113000478,2674,5407,-2733
113000479,31,246,-215
113000480,77,52,25
113000482,0,0,0
113000484,0,0,0
113000485,0,0,0
113000486,0,0,0
113000487,0,0,0
113000489,0,0,0
113000490,0,0,0
113000491,0,0,0
113000492,0,0,0
113000493,0,0,0
113000495,105,227,-122
113000496,24,51,-27
113000498,0,1,-1
113000499,0,0,0
113000500,0,8,-8
113900001,0,43,-43
113900002,0,155,-155
113900003,0,75,-75
113900004,0,16,-16
113900005,0,8,-8
113900006,9,6,3
113900007,18,9,9
113900008,30,0,30
113900009,171,0,171
113900010,40,0,40
113900011,3,0,3
113900012,1,0,1
113900013,341,3,338
113900014,292,2,290
113900015,0,35,-35
113900016,5,0,5
113900017,0,75,-75
113900018,492,38,454
113900019,24,36,-12
113900020,33,0,33
113900022,1,0,1
113900023,0,0,0
113900024,21,66,-45
113900025,331,31,300
113900026,15,0,15
113900027,0,77,-77
113900028,15,446,-431
113900029,9,312,-303
113900030,48,0,48
113900031,2,0,2
113900032,17,0,17
113900033,51,76,-25
113900035,6,0,6
113900036,2,97,-95
113900037,42,581,-539
113900038,18,37,-19
113900039,34,4,30
113900040,1,0,1
113900041,0,1,-1
113900042,13,44,-31
113900043,178,102,76
113900044,82,30,52
113900045,11,0,11
113900046,280,826,-546
113900047,10,163,-153
113900048,394,17,377
113900049,903,96,807
113900050,113,378,-265
113900051,101,482,-381
113900052,181,105,76
113900053,311,153,158
113900054,3,2,1
113900055,66,682,-616
113900056,33,158,-125
113900057,12,123,-111
113900058,21,193,-172
113900059,67,370,-303
113900060,79,306,-227
113900061,1092,44,1048
113900062,48,10,38
113900063,40,188,-148
113900064,9,152,-143
113900065,180,9,171
113900066,92,559,-467
113900067,35,523,-488
113900068,180,219,-39
113900069,109,14,95
113900070,153,463,-310
113900071,9,65,-56
113900072,20,205,-185
113900073,65,288,-223
113900074,14,440,-426
113900075,449,564,-115
113900076,121,3,118
113900077,22,333,-311
113900078,21,64,-43
113900079,0,56,-56
113900080,314,125,189
113900081,26,351,-325
113900082,65,227,-162
113900083,90,760,-670
113900084,131,50,81
113900085,12,330,-318
113900086,7,13,-6
113900087,21,283,-262
113900088,15,51,-36
113900089,212,20,192
113900090,189,300,-111
113900091,20,15,5
113900092,12,77,-65
113900093,50,294,-244
113900094,108,620,-512
113900095,46,85,-39
113900096,54,23,31
113900097,0,124,-124
113900098,320,31,289
113900099,0,56,-56
113900100,0,0,0
113900101,5,44,-39
113900102,18,79,-61
113900103,152,272,-120
113900104,48,102,-54
113900105,17,324,-307
113900106,0,92,-92
113900107,0,24,-24
113900108,119,164,-45
113900109,314,168,146
113900110,8,3,5
113900111,26,95,-69
113900112,27,77,-50
113900113,309,306,3
113900114,1,117,-116
113900115,3,98,-95
113900116,39,109,-70
113900117,56,6,50
113900118,106,192,-86
113900119,323,151,172
113900120,11,22,-11
113900121,22,98,-76
113900122,149,705,-556
113900123,159,156,3
113900124,1,46,-45
113900125,1372,192,1180
113900126,49,44,5
113900127,180,293,-113
113900128,47,30,17
113900129,2,43,-41
113900130,5,12,-7
113900131,66,57,9
113900132,29,44,-15
113900133,17,23,-6
113900135,61,356,-295
113900136,100,44,56
113900137,168,114,54
113900138,42,99,-57
113900139,576,47,529
113900140,619,85,534
113900141,139,415,-276
113900142,49,70,-21
113900143,1,14,-13
113900144,375,86,289
113900145,122,160,-38
113900146,22,63,-41
113900148,87,163,-76
113900149,95,18,77
113900150,1669,392,1277
113900151,95,164,-69
113900152,10,66,-56
113900153,570,326,244
113900154,1,81,-80
113900155,199,47,152
113900156,159,792,-633
113900157,11,217,-206
113900158,471,87,384
113900159,16,183,-167
113900160,298,764,-466
113900161,8,97,-89
113900162,555,347,208
113900163,309,160,149
113900164,92,24,68
113900165,506,690,-184
113900166,386,77,309
113900167,196,19,177
113900168,107,156,-49
113900169,152,503,-351
113900171,42,33,9
113900172,5,235,-230
113900173,44,752,-708
113900174,288,776,-488
113900175,157,53,104
113900176,137,881,-744
113900177,227,176,51
113900178,273,101,172
113900179,13,793,-780
113900180,86,117,-31
113900181,283,91,192
113900182,406,1145,-739
113900183,25,58,-33
113900184,22,523,-501
113900185,125,65,60
113900186,36,39,-3
113900187,28,183,-155
113900188,23,191,-168
113900189,146,48,98
113900190,307,102,205
113900191,86,269,-183
113900192,6,258,-252
113900193,36,358,-322
113900194,1884,1000,884
113900195,207,555,-348
113900196,3,135,-132
113900197,2,340,-338
113900198,23,167,-144
113900199,164,821,-657
113900200,11,292,-281
113900201,0,344,-344
113900202,26,285,-259
113900203,0,306,-306
113900204,14,757,-743
113900205,12,82,-70
113900206,5,127,-122
113900207,0,79,-79
113900208,0,84,-84
113900209,0,110,-110
113900210,428,345,83
113900211,155,15,140
113900212,58,628,-570
113900214,488,346,142
113900215,17,171,-154
113900216,23,1306,-1283
113900217,22,312,-290
113900218,77,19,58
113900219,80,505,-425
113900220,72,36,36
113900221,262,145,117
113900222,152,139,13
113900223,14,1051,-1037
113900224,130,72,58
113900225,787,240,547
113900226,201,98,103
113900227,126,104,22
113900228,359,216,143
113900229,30,369,-339
113900230,5528,1056,4472
113900231,114,241,-127
113900232,27,146,-119
113900233,41,45,-4
113900234,83,277,-194
113900235,35,10,25
113900236,17,317,-300
113900237,26,7,19
113900238,139,177,-38
113900239,62,29,33
113900240,3,72,-69
113900241,98,48,50
113900242,28,121,-93
113900243,81,416,-335
113900244,583,118,465
113900245,1516,183,1333
113900246,21,6,15
113900247,115,113,2
113900248,4741,677,4064
113900249,1000,125,875
113900250,32,62,-30
113900251,178,222,-44
113900252,279,5,274
113900253,293,15,278
113900254,177,37,140
113900255,141,4,137
113900256,112,4,108
113900257,13,839,-826
113900258,13,571,-558
113900259,202,260,-58
113900260,55,16,39
113900261,10,156,-146
113900262,38,908,-870
113900263,30,507,-477
113900264,7,739,-732
113900265,92,319,-227
113900266,15,315,-300
113900267,102,461,-359
113900268,118,251,-133
113900269,29,138,-109
113900270,201,284,-83
113900271,604,1780,-1176
113900273,2,1,1
113900274,6,18,-12
113900275,13,54,-41
113900276,2,321,-319
113900277,27,1,26
113900278,281,188,93
113900279,123,106,17
113900280,911,392,519
113900281,186,817,-631
113900282,805,359,446
113900283,199,388,-189
113900284,260,86,174
113900285,47,17,30
113900286,41,145,-104
113900287,15,304,-289
113900288,1,71,-70
113900289,1612,58,1554
113900290,464,32,432
113900291,142,211,-69
113900292,5,3,2
113900293,1,243,-242
113900294,149,12,137
113900295,427,173,254
113900296,2788,301,2487
113900297,397,19,378
113900298,7,1788,-1781
113900299,5,169,-164
113900300,7169,1808,5361
113900301,921,147,774
113900302,2511,448,2063
113900303,659,117,542
113900304,0,200,-200
113900305,27,0,27
113900306,2,0,2
113900307,37,0,37
113900308,51,130,-79
113900309,3,908,-905
113900310,0,28,-28
113900311,0,0,0
113900312,37,83,-46
113900313,35,13,22
114000001,1188,3776,-2588
114000002,93,478,-385
114000003,28,346,-318
114000004,61,206,-145
114000005,161,270,-109
114000006,5917,2229,3688
114000007,523,1604,-1081
114000008,1638,864,774
114000009,163,169,-6
114000011,1801,3280,-1479
114000012,901,2966,-2065
114000013,734,2249,-1515
114000014,356,528,-172
114000015,694,676,18
114000016,211,466,-255
114000017,59,209,-150
114000018,485,76,409
114000026,546,1881,-1335
114000027,1075,2094,-1019
114000028,1448,1655,-207
114000038,80,171,-91
114000039,43,166,-123
114000040,62,193,-131
114000042,37,190,-153
114000043,21,247,-226
114000044,62,86,-24
114000045,24,197,-173
114000046,3055,4739,-1684
114000047,6,69,-63
114000048,33,55,-22
114000049,1591,1107,484
114000050,2139,1056,1083
114000051,5388,1361,4027
114000052,2788,1005,1783
114000053,15,381,-366
114000054,30,1564,-1534
114000055,192,17,175
114000056,1117,544,573
114000057,8861,2407,6454
114000058,469,463,6
114000059,171,152,19
114000060,264,1036,-772
114000061,3337,1155,2182
114000062,1785,595,1190
114000063,3689,1720,1969
114000064,9626,2073,7553
114000065,1885,1820,65
114000066,174,504,-330
114000067,43,287,-244
114000068,494,398,96
114000069,921,356,565
114000070,2219,1223,996
114000071,321,725,-404
114000072,91,463,-372
114000073,10,162,-152
114000074,8,40,-32
114000075,9,234,-225
114000076,9,240,-231
114000077,5,91,-86
114000078,82,1795,-1713
114000079,42,58,-16
114000080,53,89,-36
114000081,42,66,-24
114000082,42,749,-707
114000083,11,435,-424
114000084,66,105,-39
114000085,120,954,-834
114000086,104,993,-889
114000087,22,384,-362
114000088,11,51,-40
114000089,1658,492,1166
114000090,534,332,202
114000091,2025,331,1694
114000092,1158,303,855
114000093,781,631,150
114000094,202,387,-185
114000095,34,60,-26
114000096,123,540,-417
114000097,29,1187,-1158
114000098,114,28,86
114000099,108,1072,-964
114000100,394,832,-438
114000101,217,1747,-1530
114000102,124,251,-127
114000103,89,548,-459
114000104,4,409,-405
114000105,22,37,-15
114000106,856,311,545
114000107,76,155,-79
114000108,1638,1335,303
114000109,134,296,-162
114000110,362,1839,-1477
114000111,564,284,280
114000112,118,1343,-1225
114000113,264,206,58
114000114,960,1614,-654
114000115,649,404,245
114000116,170,551,-381
114000117,967,226,741
114000118,795,283,512
114000119,455,191,264
114000120,386,971,-585
114000121,243,459,-216
114000122,214,207,7
114000123,412,207,205
114000124,186,207,-21
114000125,528,1675,-1147
114000126,462,110,352
114000127,58,176,-118
114000128,466,535,-69
114000130,276,269,7
114000131,67,33,34
114000132,652,974,-322
114000133,1487,1670,-183
114000134,21,285,-264
114000138,110,211,-101
114000139,987,92,895
114000144,603,191,412
114000145,86,196,-110
114000146,82,430,-348
114000147,693,613,80
114000148,1878,824,1054
114000149,353,137,216
114000150,1079,596,483
114000151,743,603,140
114000152,109,15,94
114000153,1278,1053,225
114000154,890,666,224
114000155,1490,1154,336
114000156,706,414,292
114000157,189,513,-324
114000158,3018,652,2366
114000159,234,405,-171
114000160,195,198,-3
114000161,1530,895,635
114000162,851,577,274
114000163,6,214,-208
114000165,164,121,43
114000166,602,128,474
114000167,4669,1160,3509
114000168,902,714,188
114000169,1600,364,1236
114000170,926,399,527
114000171,437,789,-352
114000174,304,458,-154
114000176,560,386,174
114000177,1993,891,1102
114000178,15,72,-57
114000179,906,460,446
114000180,311,576,-265
114000181,1300,1469,-169
114000182,4890,1813,3077
114000183,1017,973,44
114000184,6957,1824,5133
114000185,516,682,-166
114000189,271,29,242
114000190,932,142,790
114000191,15,38,-23
114000192,294,1664,-1370
114000193,1189,3711,-2522
114000194,868,1252,-384
114000195,42,11,31
114000196,8,362,-354
114000197,403,27,376
114000198,1134,372,762
114000199,1656,837,819
114000200,564,2884,-2320
114000201,75,1283,-1208
114000202,679,721,-42
114000203,275,781,-506
114000204,84,434,-350
114000205,271,2013,-1742
114000206,266,1149,-883
114000207,420,2658,-2238
114000208,502,3663,-3161
114000209,617,3433,-2816
114000210,298,1900,-1602
114000211,548,1462,-914
114000212,576,627,-51
114000213,796,549,247
114000214,40,327,-287
114000215,54,61,-7
114000216,455,102,353
114000217,34,340,-306
114000218,73,313,-240
114000219,307,284,23
114000220,4,1005,-1001
114000221,196,93,103
114000222,152,1061,-909
114000223,178,39,139
114000224,94,631,-537
114000225,87,503,-416
114000226,29,220,-191
114000227,440,417,23
114000228,350,851,-501
114000229,341,1327,-986
114000230,865,1543,-678
114000231,405,1179,-774
114000232,175,109,66
114000233,702,107,595
114000234,526,1058,-532
114000235,420,1442,-1022
114000236,1,586,-585
114000237,40,1303,-1263
114000238,20,127,-107
114000239,120,1510,-1390
114000240,432,572,-140
114000241,195,1134,-939
114000242,778,985,-207
114000243,605,603,2
114000244,288,302,-14
114000245,228,580,-352
114000246,88,33,55
114000247,346,712,-366
114000248,401,434,-33
114000249,300,485,-185
114000250,188,510,-322
114000251,110,294,-184
114000252,33,133,-100
114000253,23,273,-250
114000254,11,148,-137
114000255,459,156,303
114000256,1482,432,1050
114000257,470,2404,-1934
114000258,73,617,-544
114000259,11,371,-360
114000260,0,18,-18
114000261,21,16,5
114000262,29,275,-246
114000263,2,1,1
114000264,245,784,-539
114000265,3,3,0
114000267,2,922,-920
114000268,5,2398,-2393
114000270,40,0,40
114000271,172,106,66
114000283,313,455,-142
114000285,37,353,-316
114000288,21,336,-315
114000289,677,79,598
114000293,69,366,-297
114000294,121,370,-249
114000395,555,34,521
114000396,155,255,-100
114000402,149,303,-154
114000403,155,649,-494
114000405,60,693,-633
114000423,56,609,-553
114000424,181,251,-70
114000425,137,812,-675
114000426,164,367,-203
114000427,31,139,-108
114000428,251,37,214
114000429,8,288,-280
114000432,28,101,-73
114000434,12,149,-137
114000435,1,22,-21
114900001,200,1518,-1318
114900002,290,50,240
114900003,156,2641,-2485
114900004,80,92,-12
114900005,167,1088,-921
114900006,7,20,-13
114900007,47,5,42
114900008,60,22,38
114900010,3166,1850,1316
114900011,52,59,-7
114900013,44,70,-26
114900015,17,132,-115
114900018,645,44,601
114900020,33,51,-18
114900021,76,71,5
114900022,2,507,-505
114900024,48,161,-113
114900025,165,255,-90
114900026,18,70,-52
114900027,224,241,-17
114900029,7,18,-11
114900030,103,206,-103
114900031,29,12,17
114900032,75,32,43
114900033,1334,244,1090
114900034,34,341,-307
114900035,159,233,-74
114900036,179,1464,-1285
114900037,55,285,-230
114900038,120,1336,-1216
114900039,441,1036,-595
114900040,59,234,-175
114900041,212,901,-689
114900042,297,1077,-780
114900043,607,359,248
114900044,31,21,10
114900045,53,210,-157
114900046,49,145,-96
114900047,108,975,-867
114900048,42,213,-171
114900049,18,245,-227
114900050,11,661,-650
114900051,30,579,-549
114900052,128,188,-60
114900053,82,232,-150
114900054,30,160,-130
114900057,87,2,85
114900058,1,225,-224
114900059,32,12,20
114900060,1577,309,1268
114900061,84,276,-192
114900062,370,265,105
114900063,54,344,-290
114900064,386,894,-508
114900065,109,639,-530
114900067,18,521,-503
114900068,62,177,-115
114900069,220,175,45
114900070,150,717,-567
114900072,4,236,-232
114900073,2,210,-208
114900074,91,1163,-1072
114900075,72,1,71
114900076,1,502,-501
114900080,3610,434,3176
114900082,3892,1264,2628
114900083,380,757,-377
114900084,257,369,-112
114900090,159,85,74
114900091,89,199,-110
114900095,461,104,357
114900096,786,631,155
114900097,23,39,-16
114900098,2,219,-217
114900099,47,8,39
115000001,8944,6797,2147
115000002,1970,2442,-472
115000003,3704,4924,-1220
115000004,1476,3424,-1948
115000005,976,3061,-2085
115000006,318,1115,-797
115000007,34,147,-113
115000008,221,333,-112
115000009,67,278,-211
115000010,136,121,15
115000013,73,87,-14
115000015,38,76,-38
115000016,209,181,28
115000019,14,329,-315
115000020,189,216,-27
115000021,293,325,-32
115000022,362,361,1
115000023,186,252,-66
115000024,1012,558,454
115000025,549,280,269
115000026,185,404,-219
115000027,90,154,-64
115000028,95,593,-498
115000029,139,126,13
115000030,218,747,-529
115000031,486,240,246
115000032,7,190,-183
115000033,38,16,22
115000034,88,841,-753
115000035,658,30,628
115000036,3,426,-423
115000037,131,2,129
115000038,22,192,-170
115000039,2419,1527,892
115000040,6462,2096,4366
115000041,638,1620,-982
115000042,641,579,62
115000043,2749,2157,592
115000044,3300,4775,-1475
115000045,1458,2572,-1114
115000046,976,1918,-942
115000047,888,1768,-880
115000048,1111,3294,-2183
115000049,1240,2897,-1657
115000050,1926,1520,406
115000051,1898,961,937
115000052,3531,1828,1703
115000053,872,814,58
115000054,936,1417,-481
115000055,35,317,-282
115000056,74,242,-168
115000057,216,378,-162
115000058,186,88,98
115000059,143,316,-173
115000061,99,65,34
115000062,53,249,-196
115000063,67,291,-224
115000064,99,164,-65
115000065,3,155,-152
115000067,149,17,132
115000069,6,237,-231
115000070,24,708,-684
115000071,55,5,50
115000072,20,73,-53
115000073,959,23,936
115000075,31,42,-11
115000076,2910,3845,-935
115000077,962,4303,-3341
115000078,412,2076,-1664
115000079,615,2626,-2011
115000080,999,3272,-2273
115000081,317,946,-629
115000082,2162,2501,-339
115000083,1172,3944,-2772
115000084,622,859,-237
115000085,295,1228,-933
115000086,289,1006,-717
115000087,469,1606,-1137
115000088,1121,519,602
115000089,1462,1511,-49
115000090,808,419,389
115000091,276,1356,-1080
115000092,250,211,39
115000093,348,2,346
115000094,7658,3630,4028
115000095,6361,3541,2820
115000096,347,2289,-1942
115000097,257,637,-380
115000098,368,852,-484
115000099,844,3417,-2573
115000100,420,430,-10
115000101,226,1596,-1370
115000102,197,147,50
115000103,346,982,-636
115000105,27,231,-204
115000106,132,155,-23
115000107,99,660,-561
115000108,3900,2938,962
115000109,5349,1749,3600
115000110,1116,574,542
115000111,665,1386,-721
115000112,541,361,180
115000113,740,767,-27
115000114,1443,770,673
115000116,2927,994,1933
115000117,3801,1443,2358
115000118,1706,1107,599
115000119,1645,1346,299
115000120,529,466,63
115000121,1655,648,1007
115000122,4019,723,3296
115000123,2156,899,1257
115000124,419,489,-70
115000125,257,548,-291
115000126,111,288,-177
115000127,219,140,79
115000128,1277,695,582
115000129,181,99,82
115000130,178,1419,-1241
115000131,191,268,-77
115000132,56,621,-565
115000133,77,348,-271
115000134,64,201,-137
115000135,43,241,-198
115000136,65,239,-174
115000137,61,219,-158
115000138,84,182,-98
115000139,118,344,-226
115000140,64,170,-106
115000141,68,404,-336
115000142,56,417,-361
115000143,183,433,-250
115000144,177,89,88
115000145,74,628,-554
115000146,131,160,-29
115000147,242,548,-306
115000148,235,1779,-1544
115000149,202,165,37
115000150,477,1750,-1273
115000151,366,415,-49
115000152,356,2137,-1781
115000153,249,394,-145
115000154,313,314,-1
115000155,399,1357,-958
115000156,695,478,217
115000157,903,810,93
115000158,566,253,313
115000159,624,336,288
115000160,522,367,155
115000161,378,620,-242
115000162,561,390,171
115000163,639,453,186
115000164,439,390,49
115000165,191,294,-103
115000167,47,52,-5
115000168,439,274,165
115000169,498,375,123
115000170,37,97,-60
115000171,128,134,-6
115000172,1951,464,1487
115000173,133,194,-61
115000174,16,120,-104
115000175,34,83,-49
115000176,206,20,186
115000177,157,85,72
115000178,6,296,-290
115000179,19,7,12
115000180,51,737,-686
115000181,176,131,45
115000182,286,406,-120
115000183,129,1106,-977
115000186,336,284,52
115000187,91,656,-565
115000188,383,343,40
115000189,199,336,-137
115000190,650,233,417
115000191,372,366,6
115000194,136,96,40
115000195,296,150,146
115000196,71,98,-27
115000197,107,520,-413
115000198,116,253,-137
115000199,102,432,-330
115000200,166,110,56
115000201,46,442,-396
115000206,113,59,54
115000207,25,385,-360
115000208,646,825,-179
115000209,228,122,106
115000210,89,99,-10
115000211,187,255,-68
115000212,1242,286,956
115000218,46,30,16
115000219,1,89,-88
115000224,56,56,0
115000225,50,48,2
115000229,307,141,166
115000230,66,442,-376
115000231,243,2474,-2231
115000232,514,294,220
115000233,54,253,-199
115000234,13,243,-230
115000241,36,275,-239
115000242,28,308,-280
115000243,27,221,-194
115000244,5,89,-84
115000246,13,3,10
115000247,18,6,12
115000248,13,3,10
115000249,35,8,27
115000250,64,46,18
115000251,35,132,-97
115000252,40,139,-99
115000253,15,128,-113
115000258,72,160,-88
115000259,246,122,124
115000261,9,24,-15
115000262,12,9,3
115000263,4,37,-33
115000264,5,26,-21
115000267,16,79,-63
115000268,27,92,-65
115000269,42,73,-31
115000270,1,12,-11
115000272,37,133,-96
115000273,167,23,144
115000274,68,340,-272
115000280,2633,51,2582
115000281,686,87,599
115000282,1550,358,1192
115000284,261,64,197
115000296,320,4,316
115000297,146,31,115
115000298,71,58,13
115000300,28,222,-194
115000302,110,228,-118
115000303,147,172,-25
115000304,279,115,164
115000305,40,1127,-1087
115000306,78,631,-553
115000307,19,260,-241
115000308,18,11,7
115000310,474,1356,-882
115000311,264,1385,-1121
115000313,105,856,-751
115000314,126,70,56
115000315,1284,184,1100
115000316,21,45,-24
115000317,122,758,-636
115000318,392,228,164
115000319,31,282,-251
115000320,1,127,-126
115000321,121,7,114
115000322,19,272,-253
115000449,439,83,356
115000557,20,206,-186
115000558,85,66,19
115000587,215,289,-74
115000588,1798,3863,-2065
115000589,2109,2103,6
115000590,691,1467,-776
115000591,1011,535,476
115000592,887,1327,-440
115000593,1226,352,874
115000594,845,1018,-173
115000609,92,85,7
115000617,1940,773,1167
115000624,33,34,-1
115000633,296,1516,-1220
115000634,2414,609,1805
115000635,197,143,54
115000638,1485,662,823
115000641,49,106,-57
115000642,365,197,168
115000643,76,512,-436
115000644,126,477,-351
115000646,494,748,-254
115000647,131,461,-330
115000648,525,1536,-1011
115000893,2964,664,2300
115000894,44,1207,-1163
115000895,144,877,-733
115000896,572,251,321
115000897,404,40,364
115000898,955,164,791
115000899,755,792,-37
115000900,95,317,-222
115000901,36,79,-43
115000912,115,59,56
115000913,5,23,-18
115000915,3,0,3
115000916,0,1,-1
115000917,0,12,-12
115000918,79,199,-120
115000919,12,2,10
115000920,8,36,-28
115000921,1533,77,1456
115000922,497,295,202
115000923,258,549,-291
115000925,26,41,-15
115000927,7,17,-10
115000933,87,56,31
115900001,18,62,-44
115900002,73,234,-161
115900003,44,140,-96
115900004,0,36,-36
115900005,29,5,24
115900006,42,437,-395
115900008,6,9,-3
115900009,31,312,-281
115900010,90,233,-143
115900011,97,278,-181
115900012,17,126,-109
115900013,393,208,185
115900014,63,162,-99
115900015,31,133,-102
115900016,50,43,7
115900017,1,1,0
115900018,88,94,-6
115900019,1502,34,1468
115900020,5,0,5
115900021,1873,125,1748
115900022,1378,23,1355
115900023,0,1,-1
115900025,72,95,-23
115900026,1228,367,861
115900027,1,497,-496
115900028,565,45,520
115900029,4,611,-607
115900030,16,34,-18
115900031,231,82,149
115900032,313,704,-391
115900033,0,48,-48
115900034,9,668,-659
115900035,11,87,-76
115900036,119,153,-34
115900037,14,581,-567
115900038,2,1,1
115900039,62,323,-261
115900041,186,189,-3
115900042,3,11,-8
115900043,16,133,-117
115900044,188,179,9
115900046,106,261,-155
115900047,42,18,24
115900049,52,230,-178
115900051,0,102,-102
115900052,9,354,-345
115900053,46,358,-312
115900054,30,56,-26
115900055,8,176,-168
115900056,79,499,-420
115900057,7,4,3
115900058,24,83,-59
115900060,45,163,-118
115900061,18,2,16
115900062,13,350,-337
115900063,33,14,19
115900064,123,216,-93
115900065,14,158,-144
115900066,149,217,-68
115900067,6,803,-797
115900068,4332,88,4244
115900069,40,184,-144
115900070,59,286,-227
115900071,0,831,-831
115900072,78,261,-183
115900073,12,12,0
115900074,4,357,-353
115900075,16,412,-396
115900076,1,116,-115
115900077,7,376,-369
115900078,18,180,-162
115900079,65,14,51
115900080,392,130,262
115900081,9,97,-88
115900082,156,132,24
115900084,62,20,42
115900085,36,16,20
115900086,1753,358,1395
115900088,6,6,0
115900089,76,883,-807
115900090,56,26,30
115900091,3,14,-11
115900092,11,333,-322
115900093,1,34,-33
115900094,5,594,-589
115900096,0,17,-17
115900097,3,674,-671
115900098,45,487,-442
115900099,8,75,-67
115900100,6,707,-701
115900101,51,533,-482
115900102,3,105,-102
115900103,102,285,-183
115900104,24,172,-148
115900105,36,788,-752
115900106,22,14,8
115900107,10,241,-231
115900108,13,35,-22
115900109,37,547,-510
115900110,0,12,-12
115900111,0,101,-101
115900112,23,1138,-1115
115900113,17,13,4
115900114,5,149,-144
115900115,16,129,-113
115900116,63,1210,-1147
115900117,28,10,18
115900118,4,416,-412
115900119,27,91,-64
115900120,12,493,-481
115900121,68,336,-268
115900124,120,214,-94
115900125,91,7,84
115900126,236,33,203
115900127,260,15,245
115900128,8,36,-28
115900129,429,18,411
115900130,40,144,-104
115900131,98,6,92
115900132,86,4,82
115900134,88,8,80
115900135,590,341,249
115900137,4,1,3
115900139,178,86,92
115900140,58,13,45
115900141,28,100,-72
115900142,21,31,-10
115900143,32,166,-134
115900144,13,184,-171
115900146,1,159,-158
115900147,84,157,-73
115900148,1,20,-19
115900149,9,27,-18
115900150,3,90,-87
115900151,0,52,-52
115900152,14,401,-387
115900153,28,224,-196
115900154,482,298,184
115900155,0,66,-66
115900156,442,721,-279
115900157,40,395,-355
115900158,22,4,18
115900159,33,223,-190
115900160,9,3,6
115900161,35,206,-171
115900163,80,125,-45
115900164,94,41,53
115900165,0,70,-70
115900166,142,242,-100
115900168,6,160,-154
115900171,53,417,-364
115900172,29,126,-97
115900173,56,163,-107
115900174,217,195,22
115900175,56,138,-82
115900178,7,871,-864
115900179,42,10,32
115900180,23,355,-332
115900181,52,289,-237
115900182,116,333,-217
115900183,229,51,178
115900184,1391,22,1369
115900187,7,82,-75
115900189,1,69,-68
115900190,399,326,73
115900191,25,589,-564
115900192,7,59,-52
115900193,39,20,19
115900194,157,11,146
115900195,526,515,11
115900198,148,204,-56
115900199,79,315,-236
115900200,285,368,-83
115900201,116,228,-112
115900202,1,4,-3
115900203,3,1,2
115900204,0,1,-1
115900205,19,2,17
115900206,25,134,-109
115900207,6,9,-3
115900208,25,370,-345
115900209,2,148,-146
115900210,7,205,-198
115900211,1,269,-268
115900212,46,238,-192
115900213,6,7,-1
115900214,93,251,-158
115900215,14,11,3
115900216,8,103,-95
115900217,1,75,-74
115900218,2,74,-72
115900219,22,2,20
115900220,21,6,15
115900221,13,9,4
115900222,24,2,22
115900223,1,33,-32
115900224,1635,150,1485
115900225,61,21,40
115900226,7,55,-48
115900227,2,45,-43
115900228,2,50,-48
115900229,4,63,-59
115900230,25,82,-57
115900231,31,3,28
115900232,16,0,16
115900233,29,3,26
115900234,20,14,6
115900235,0,8,-8
115900236,6,14,-8
115900237,1,34,-33
115900238,3,12,-9
115900239,1,32,-31
115900240,4,59,-55
115900241,33,65,-32
115900242,142,138,4
115900243,6,9,-3
115900244,2,13,-11
115900245,0,22,-22
115900246,11,2,9
115900247,10,1,9
115900248,6,3,3
115900249,3,13,-10
115900250,4,17,-13
115900251,2,4,-2
115900252,0,3,-3
115900253,4,1,3
115900254,10,26,-16
115900255,3,6,-3
115900256,19,4,15
115900257,0,2,-2
115900258,0,9,-9
115900259,0,2,-2
115900260,14,3,11
115900261,2,1,1
115900262,0,2,-2
115900263,0,3,-3
115900264,5,3,2
115900265,0,3,-3
115900266,0,2,-2
115900267,0,2,-2
115900268,0,5,-5
115900269,76,408,-332
115900270,99,840,-741
116000001,20080,4490,15590
116000002,2952,3417,-465
116000003,1302,1729,-427
116000004,952,1435,-483
116000005,2160,2470,-310
116000006,1213,868,345
116000007,3595,3880,-285
116000008,4153,1192,2961
116000009,1524,2743,-1219
116000010,1176,629,547
116000011,623,1679,-1056
116000012,414,380,34
116000013,18003,4382,13621
116000014,21150,4103,17047
116000015,566,542,24
116000016,8712,1304,7408
116000017,28,326,-298
116000018,666,410,256
116000019,421,176,245
116000020,370,1301,-931
116000021,158,184,-26
116000022,172,489,-317
116000023,366,357,9
116000024,567,1814,-1247
116000025,344,370,-26
116000026,1145,2353,-1208
116000027,401,387,14
116000028,264,371,-107
116000029,1082,543,539
116000030,209,170,39
116000031,153,183,-30
116000032,70,244,-174
116000033,89,256,-167
116000034,335,530,-195
116000035,114,541,-427
116000036,2017,583,1434
116000037,541,315,226
116000038,417,180,237
116000039,537,377,160
116000040,854,198,656
116000041,392,773,-381
116000042,274,179,95
116000043,89,439,-350
116000044,2,8,-6
116000045,922,704,218
116000046,860,835,25
116000047,1538,1466,72
116000048,1455,954,501
116000049,512,1351,-839
116000050,824,1413,-589
116000051,1496,1089,407
116000052,2022,3021,-999
116000053,768,814,-46
116000054,425,2397,-1972
116000055,215,1558,-1343
116000056,280,732,-452
116000057,2707,2245,462
116000058,2942,1772,1170
116000059,2164,2333,-169
116000060,2630,694,1936
116000061,207,656,-449
116000062,379,211,168
116000063,316,1083,-767
116000066,73,205,-132
116000067,163,578,-415
116000068,125,122,3
116000069,174,513,-339
116000078,135,677,-542
116000080,649,971,-322
116000082,8,155,-147
116000083,678,290,388
116000084,1796,3446,-1650
116000085,1313,656,657
116000086,1570,1212,358
116000087,626,627,-1
116000088,598,1248,-650
116000089,79,93,-14
116000090,57,126,-69
116000091,90,30,60
116000093,1078,482,596
116000094,281,719,-438
116000095,333,540,-207
116000096,405,1049,-644
116000097,199,788,-589
116000098,15,2723,-2708
116000099,8330,343,7987
116000100,22,9,13
116000101,176,1673,-1497
116000102,114,1291,-1177
116000103,247,192,55
116000104,67,1581,-1514
116000105,392,249,143
116000106,82,1168,-1086
116000107,539,520,19
116000108,8,157,-149
116000111,20,31,-11
116000113,114,42,72
116000114,24,129,-105
116000115,75,44,31
116000116,155,613,-458
116000117,578,1295,-717
116000118,674,1570,-896
116000119,1239,1132,107
116000120,1856,4936,-3080
116000121,449,228,221
116000122,1055,2645,-1590
116000123,304,357,-53
116000124,230,1234,-1004
116000125,915,417,498
116000126,221,1493,-1272
116000127,814,1747,-933
116000128,722,626,96
116000129,314,161,153
116000130,110,150,-40
116000133,228,769,-541
116000134,874,3121,-2247
116000135,652,1092,-440
116000136,746,2238,-1492
116000137,397,480,-83
116000138,1535,413,1122
116000139,1358,1796,-438
116000140,82,219,-137
116000141,296,1038,-742
116000142,3626,3658,-32
116000143,1742,1238,504
116000144,897,3195,-2298
116000145,994,1373,-379
116000146,169,403,-234
116000147,142,135,7
116000148,118,299,-181
116000149,167,395,-228
116000151,377,926,-549
116000153,51,298,-247
116000155,89,196,-107
116000156,1282,966,316
116000157,20,15,5
116000158,53,486,-433
116000159,11,3,8
116000160,18,154,-136
116000161,9,155,-146
116000162,68,35,33
116000163,10,6,4
116000164,3,9,-6
116000177,15,83,-68
116000194,66,458,-392
116000195,766,505,261
116000196,1,8,-7
116000197,8,6,2
116000198,1476,767,709
116000200,502,142,360
116000201,393,576,-183
116000202,2,296,-294
116000203,0,110,-110
116000204,13,24,-11
116000205,1,160,-159
116000206,1,101,-100
116000207,0,41,-41
116000233,87,870,-783
116000287,42,621,-579
116000288,30,229,-199
116000292,17,275,-258
116000296,8,74,-66
116000297,12,5,7
116000304,18,7,11
116000305,3,239,-236
116000346,90,253,-163
116000352,33,51,-18
116000354,21,19,2
116000357,0,9,-9
116000358,86,24,62
116000361,104,1,103
116000372,9896,1546,8350
116000381,47,3,44
116000388,2,55,-53
116000389,309,545,-236
116000445,92,902,-810
116000446,112,1085,-973
116000447,8,354,-346
116000448,373,229,144
116000563,789,357,432
116000565,66,475,-409
116000568,32,96,-64
116000579,36,138,-102
116000584,7,16,-9
116000585,5,21,-16
116000586,238,81,157
116000587,49,303,-254
116000589,20,95,-75
116000590,32,41,-9
116000591,41,225,-184
116000592,11,202,-191
116000593,0,28,-28
116000594,133,734,-601
116000595,236,233,3
116000596,19,7,12
116000597,80,60,20
116000598,8,259,-251
116000602,104,155,-51
116000605,132,148,-16
116000606,13,84,-71
116000607,12,60,-48
116000609,192,498,-306
116000611,46,647,-601
116000612,313,1565,-1252
116000613,141,227,-86
116000614,318,915,-597
116000615,34,114,-80
116000616,30,119,-89
116000617,15,98,-83
116000618,1,221,-220
116000619,6,33,-27
116000620,24,20,4
116000621,13,54,-41
116000622,12,76,-64
116000624,5,42,-37
116900001,94,151,-57
116900002,227,5,222
116900003,2,99,-97
116900004,7,32,-25
116900005,71,55,16
116900006,79,144,-65
116900007,44,200,-156
116900008,135,539,-404
116900009,19,3,16
116900010,5,2165,-2160
116900011,8,40,-32
116900012,63,199,-136
116900013,6,323,-317
116900014,25,444,-419
116900015,53,91,-38
116900016,41,0,41
116900017,3,884,-881
116900018,23,22,1
116900019,8,475,-467
116900020,848,96,752
116900023,13,5,8
116900024,60,87,-27
116900025,257,1205,-948
116900026,191,776,-585
116900027,7,40,-33
116900028,2,170,-168
116900029,0,4,-4
116900031,0,7,-7
116900032,4,489,-485
116900033,3,6,-3
116900034,1,44,-43
116900035,66,159,-93
116900036,0,102,-102
116900038,9,1,8
116900041,41,12,29
116900042,900,177,723
116900043,3,49,-46
116900045,205,38,167
116900047,88,18,70
116900049,43,247,-204
116900050,42,328,-286
116900051,15,281,-266
116900052,100,50,50
116900055,0,2,-2
116900057,13,359,-346
116900058,22,380,-358
116900059,2,201,-199
116900060,100,242,-142
116900062,1,2,-1
116900064,30,1032,-1002
116900065,10,96,-86
116900067,25,139,-114
116900068,74,515,-441
116900070,0,1,-1
116900072,14,567,-553
116900073,5,226,-221
116900074,7,49,-42
116900076,2,15,-13
116900077,11,222,-211
116900078,224,156,68
116900079,7,379,-372
116900080,16,18,-2
116900081,155,1436,-1281
116900082,162,1120,-958
116900083,41,62,-21
116900084,94,38,56
116900085,24,141,-117
116900086,22,243,-221
116900088,394,37,357
116900090,149,64,85
116900091,52,117,-65
116900092,50,797,-747
116900093,2040,1254,786
116900094,7523,1415,6108
116900095,62,187,-125
116900096,84,65,19
116900097,3209,912,2297
116900098,954,166,788
116900099,330,195,135
116900100,293,13,280
116900101,215,726,-511
116900103,1,3,-2
116900104,12,62,-50
116900105,141,34,107
116900106,417,405,12
116900107,4492,815,3677
116900110,2,1,1
116900111,131,1374,-1243
116900112,55,964,-909
116900113,3154,503,2651
116900116,71,179,-108
116900117,14,74,-60
116900118,1232,443,789
116900120,77,112,-35
116900121,9,57,-48
116900122,210,1050,-840
116900123,65,1047,-982
116900124,73,828,-755
116900125,122,216,-94
116900126,244,406,-162
116900128,0,60,-60
116900129,0,480,-480
116900130,1276,1760,-484
116900131,28,134,-106
116900132,15,64,-49
116900133,28,116,-88
116900134,144,236,-92
116900136,175,127,48
116900137,129,248,-119
116900138,73,236,-163
116900139,48,449,-401
116900140,136,175,-39
116900141,280,330,-50
116900142,0,11,-11
116900143,146,742,-596
116900144,8,10,-2
116900145,35,444,-409
116900147,430,293,137
116900148,0,31,-31
116900149,20,73,-53
116900150,7,6,1
116900151,25,7,18
116900153,48,50,-2
116900154,327,113,214
116900155,26,22,4
116900157,106,251,-145
116900158,28,42,-14
116900159,32,175,-143
116900160,313,202,111
116900161,10478,2524,7954
116900162,3,112,-109
116900163,27,143,-116
116900164,18,30,-12
116900165,45,64,-19
116900166,3,100,-97
116900167,103,54,49
116900168,64,116,-52
116900169,450,121,329
116900170,108,175,-67
116900171,20,291,-271
116900172,147,43,104
116900173,61,79,-18
116900174,9,4,5
116900175,94,68,26
116900178,9,257,-248
116900179,53,41,12
116900180,24,49,-25
116900182,233,204,29
116900183,71,79,-8
116900185,6,22,-16
116900186,46,452,-406
116900187,8,6,2
116900188,43,8,35
116900189,11,2,9
116900191,204,328,-124
116900192,131,190,-59
116900194,15,249,-234
116900195,9,9,0
116900196,5,142,-137
116900197,18,1,17
116900198,425,83,342
116900200,6,48,-42
116900201,25,2,23
116900202,79,78,1
116900203,46,5,41
116900204,24,50,-26
116900206,1,47,-46
116900207,4,22,-18
116900208,5,131,-126
116900209,3,181,-178
116900210,196,170,26
116900211,202,11,191
116900212,7,70,-63
116900213,115,180,-65
116900214,41,143,-102
116900215,22,90,-68
116900216,91,450,-359
116900218,23,352,-329
116900219,780,419,361
116900220,64,205,-141
116900221,43,232,-189
116900222,213,275,-62
116900223,53,146,-93
116900226,25,72,-47
116900227,56,56,0
116900228,94,300,-206
116900230,12,344,-332
116900231,5,513,-508
116900232,8,498,-490
116900233,72,102,-30
116900234,6,14,-8
116900235,71,446,-375
116900238,1337,301,1036
116900239,27,558,-531
116900240,6033,1571,4462
116900241,22,229,-207
116900242,415,149,266
116900243,5,171,-166
116900245,10,21,-11
116900246,25,2,23
116900247,140,10,130
116900248,14,20,-6
116900249,94,139,-45
116900250,63,60,3
116900251,372,115,257
116900252,25,1098,-1073
116900253,15,46,-31
116900254,3,91,-88
116900255,119,30,89
116900256,103,103,0
116900257,15,700,-685
116900258,2,412,-410
116900259,20,6,14
116900260,0,169,-169
116900261,11,2,9
116900262,37,94,-57
116900263,0,10,-10
116900264,0,3,-3
116900265,6,5,1
116900266,4,69,-65
116900267,11,1,10
116900268,12,13,-1
116900269,254,492,-238
116900271,3346,53,3293
116900272,395,647,-252
116900273,200,21,179
116900274,10,46,-36
116900275,37,147,-110
116900276,148,39,109
116900277,712,8,704
116900278,4,15,-11
116900279,1,23,-22
116900280,3,25,-22
116900281,8804,1322,7482
116900282,0,132,-132
116900283,9,120,-111
116900284,31,226,-195
116900285,304,67,237
116900286,214,6,208
116900287,0,118,-118
116900288,18,146,-128
116900289,2,47,-45
116900290,2,67,-65
116900291,1,7,-6
116900292,0,4,-4
116900293,4,106,-102
116900294,15,102,-87
116900295,38,11,27
116900296,19,16,3
116900297,0,13,-13
116900298,22,19,3
116900299,11,42,-31
116900300,62,148,-86
116900301,41,41,0
116900302,442,152,290
116900303,315,19,296
116900304,0,63,-63
116900305,3,18,-15
116900306,18,157,-139
117000001,867,1075,-208
117000002,1050,4223,-3173
117000003,3956,2350,1606
117000004,4156,4458,-302
117000005,692,1026,-334
117000006,673,3660,-2987
117000007,1628,873,755
117000008,1190,3996,-2806
117000009,3457,872,2585
117000010,2410,4062,-1652
117000011,690,1421,-731
117000012,727,1852,-1125
117000013,482,1076,-594
117000014,527,2322,-1795
117000015,2354,1045,1309
117000016,196,54,142
117000017,213,148,65
117000018,88,297,-209
117000019,98,1,97
117000020,654,741,-87
117000021,2928,198,2730
117000022,322,49,273
117000023,385,86,299
117000024,403,92,311
117000025,639,725,-86
117000026,1655,581,1074
117000027,1240,361,879
117000028,622,214,408
117000030,173,117,56
117000032,1573,1324,249
117000033,990,1104,-114
117000034,92,134,-42
117000036,112,128,-16
117000038,95,202,-107
117000039,10,168,-158
117000040,74,1477,-1403
117000041,460,117,343
117000044,10,1170,-1160
117000045,125,46,79
117000046,293,633,-340
117000047,213,487,-274
117000048,1770,1452,318
117000049,152,440,-288
117000050,71,3084,-3013
117000051,962,130,832
117000052,3,759,-756
117000053,80,51,29
117000054,1049,2,1047
117000055,20,4177,-4157
117000056,311,12,299
117000057,560,1662,-1102
117000060,260,2419,-2159
117000061,659,505,154
117000062,123,463,-340
117000063,548,416,132
117000064,922,762,160
117000066,1440,609,831
117000067,104,287,-183
117000074,194,92,102
117000076,157,54,103
117000077,109,46,63
117000078,55,512,-457
117000079,114,111,3
117000080,1,393,-392
117000081,291,102,189
117000082,11,43,-32
117000083,43,7,36
117000084,193,2,191
117000085,80,395,-315
117000086,853,698,155
117000087,65,409,-344
117000088,175,148,27
117000089,845,248,597
117000090,133,1728,-1595
117000091,318,278,40
117000092,212,2182,-1970
117000093,428,554,-126
117000094,453,2838,-2385
117000095,1111,639,472
117000096,380,3026,-2646
117000097,548,937,-389
117000098,2532,6246,-3714
117000099,1285,584,701
117000100,87,98,-11
117000101,174,1521,-1347
117000102,543,460,83
117000103,710,2072,-1362
117000104,620,437,183
117000105,537,2242,-1705
117000106,360,578,-218
117000107,315,2952,-2637
117000108,474,591,-117
117000109,1733,3355,-1622
117000110,706,501,205
117000111,2519,3877,-1358
117000112,1497,1688,-191
117000113,67,489,-422
117000114,57,108,-51
117000115,32,258,-226
117000116,32,189,-157
117000117,1393,391,1002
117000118,140,135,5
117000119,150,53,97
117000120,189,32,157
117000121,69,245,-176
117000122,446,566,-120
117000123,1325,13,1312
117000124,229,33,196
117000125,216,65,151
117000126,37,39,-2
117000127,96,360,-264
117000128,316,510,-194
117000129,213,70,143
117000130,75,0,75
117000131,0,16,-16
117000132,830,55,775
117000133,552,170,382
117000134,1,73,-72
117000135,10,40,-30
117000136,0,83,-83
117000137,31,25,6
117000138,0,449,-449
117000140,303,2132,-1829
117000141,748,376,372
117000181,1139,284,855
117000182,109,86,23
117000195,135,1455,-1320
117000196,62,26,36
117000225,125,4,121
117000226,3,49,-46
117000276,70,4,66
117000277,2,599,-597
117000310,1844,2171,-327
117000315,28,287,-259
117000320,46,0,46
117000906,78,4,74
117000907,5,505,-500
117000908,57,10,47
117000909,40,38,2
117000910,153,105,48
117000911,103,194,-91
117000915,5,788,-783
117000916,12,1,11
117000917,318,10,308
117000918,19,20,-1
117000919,17,183,-166
117000920,7,2096,-2089
117000921,4,2645,-2641
117000922,46,59,-13
117000924,300,532,-232
117000926,1442,75,1367
117000927,719,205,514
117000928,1,309,-308
117000929,98,557,-459
117000930,29,23,6
117000931,544,42,502
117900002,91,301,-210
117900003,935,226,709
117900005,3,9,-6
117900006,0,44,-44
117900007,80,196,-116
117900008,0,28,-28
117900010,57,179,-122
117900011,8,3,5
117900012,17,232,-215
117900013,4,346,-342
117900014,83,260,-177
117900015,7,242,-235
117900016,1047,312,735
117900017,152,511,-359
117900018,140,15,125
117900019,159,581,-422
117900020,54,125,-71
117900021,14,139,-125
117900022,10,12,-2
117900023,575,52,523
117900024,61,201,-140
117900025,26,22,4
117900026,126,407,-281
117900028,25,9,16
117900029,91,1117,-1026
117900030,130,135,-5
117900031,50,44,6
117900032,294,151,143
117900033,61,1144,-1083
117900034,13,7,6
117900035,55,34,21
117900036,87,970,-883
117900037,21,79,-58
117900038,15,457,-442
117900039,3,108,-105
117900040,72,562,-490
117900041,1,42,-41
117900042,4595,383,4212
117900043,15,52,-37
117900044,396,957,-561
117900045,69,61,8
117900048,92,378,-286
117900049,51,669,-618
117900050,15,36,-21
117900051,14,3,11
117900052,25,175,-150
117900053,482,722,-240
117900054,1,13,-12
117900055,116,44,72
117900056,202,8,194
117900057,605,1412,-807
117900058,360,194,166
117900059,377,50,327
117900060,380,5957,-5577
117900061,11,65,-54
117900063,97,229,-132
117900065,531,1049,-518
117900066,15,27,-12
117900067,146,316,-170
117900069,274,467,-193
117900070,119,7,112
117900071,42,134,-92
117900073,142,427,-285
117900074,82,5,77
117900075,16,98,-82
117900076,4,38,-34
117900077,122,77,45
117900078,157,280,-123
117900080,52,54,-2
117900081,514,420,94
117900082,129,132,-3
117900083,140,768,-628
117900086,46,56,-10
117900087,53,33,20
117900088,2868,1568,1300
117900089,1008,212,796
117900090,107,891,-784
117900091,131,117,14
117900092,6,76,-70
117900093,23,49,-26
117900094,11,3,8
117900095,64,561,-497
117900096,25,237,-212
117900097,92,58,34
117900098,9,1,8
117900099,36,510,-474
117900100,27,0,27
117900101,412,696,-284
117900102,15,56,-41
117900103,9,0,9
117900104,6,154,-148
117900105,111,168,-57
117900106,20,47,-27
117900107,11,0,11
117900109,168,306,-138
117900110,3,0,3
117900111,116,1,115
117900112,35,23,12
117900113,3877,1326,2551
117900114,1,1,0
117900115,75,17,58
117900116,810,636,174
117900117,262,545,-283
117900118,6,0,6
117900119,40,296,-256
117900120,86,123,-37
117900121,6,49,-43
117900122,858,1127,-269
117900123,342,915,-573
117900124,433,450,-17
117900125,931,641,290
117900126,289,506,-217
117900127,202,656,-454
117900128,166,1151,-985
117900129,29,0,29
117900130,481,307,174
117900131,1,117,-116
117900132,7,140,-133
117900133,6,153,-147
117900134,34,188,-154
117900135,12,270,-258
117900136,0,65,-65
117900137,30,357,-327
117900138,0,61,-61
117900139,18,127,-109
117900140,4822,186,4636
117900141,155,236,-81
117900142,15,19,-4
117900144,37,97,-60
117900145,26,3,23
117900146,73,65,8
117900147,20,54,-34
117900148,2525,919,1606
117900149,17,200,-183
117900150,9,190,-181
117900151,14,200,-186
117900152,38,83,-45
117900153,5,98,-93
117900154,167,593,-426
117900156,564,429,135
117900157,32,352,-320
117900158,77,39,38
117900160,247,205,42
117900161,2454,2306,148
117900162,78,319,-241
117900163,46,5,41
117900165,0,3,-3
117900166,109,146,-37
117900168,38,101,-63
117900169,1,123,-122
117900170,0,37,-37
117900171,1,18,-17
117900172,17,51,-34
117900173,151,40,111
117900174,35,47,-12
117900175,1,31,-30
117900176,10,68,-58
117900177,10,63,-53
117900178,58,19,39
117900180,209,14,195
117900181,152,111,41
117900182,1,21,-20
117900183,17,103,-86
117900184,2,45,-43
117900185,8,44,-36
117900186,13,13,0
117900187,13,6,7
117900188,164,9,155
117900189,31,2,29
117900190,6,3,3
117900191,29,0,29
117900192,40,1,39
117900193,15,42,-27
117900194,0,1,-1
117900195,2,40,-38
117900196,2,18,-16
117900207,110,42,68
117900208,15,55,-40
117900209,101,110,-9
117900210,172,152,20
117900211,8,198,-190
117900212,62,143,-81
117900213,7,10,-3
117900214,4,41,-37
117900216,0,12,-12
117900217,48,75,-27
117900218,94,92,2
117900219,3,14,-11
117900220,33,57,-24
117900221,5,5,0
118000001,470,287,183
118000002,1147,1688,-541
118000003,822,668,154
118000004,2180,1812,368
118000005,5716,1152,4564
118000006,9012,5245,3767
118000007,5600,1588,4012
118000008,4559,2184,2375
118000009,1785,3326,-1541
118000010,4497,4129,368
118000011,600,3407,-2807
118000012,754,3179,-2425
118000013,3827,3166,661
118000014,1969,3448,-1479
118000016,173,603,-430
118000017,117,324,-207
118000018,187,701,-514
118000019,1538,1003,535
118000020,1171,1020,151
118000021,645,1303,-658
118000022,2055,530,1525
118000023,1064,239,825
118000024,1373,539,834
118000025,1100,482,618
118000027,15631,3308,12323
118000029,1325,383,942
118000032,1709,1009,700
118000033,2270,1630,640
118000034,4767,1719,3048
118000035,1331,1131,200
118000036,899,807,92
118000037,402,850,-448
118000038,80,122,-42
118000039,60,332,-272
118000040,1150,2306,-1156
118000041,1273,1257,16
118000045,550,108,442
118000046,1135,411,724
118000047,1478,366,1112
118000048,3006,756,2250
118000051,2035,421,1614
118000052,1337,345,992
118000053,205,336,-131
118000054,1092,911,181
118000055,762,998,-236
118000056,113,180,-67
118000057,153,253,-100
118000058,2762,828,1934
118000059,1567,601,966
118000060,429,807,-378
118000061,416,906,-490
118000062,369,195,174
118000063,194,372,-178
118000064,720,1042,-322
118000065,5286,1082,4204
118000066,616,777,-161
118000067,1298,763,535
118000068,1578,2132,-554
118000069,3117,1187,1930
118000070,7815,1214,6601
118000071,3528,3138,390
118000072,1564,716,848
118000073,2266,314,1952
118000074,181,264,-83
118000075,464,323,141
118000076,887,802,85
118000077,1180,981,199
118000078,1325,1592,-267
118000079,331,391,-60
118000080,873,684,189
118000081,944,838,106
118000082,236,593,-357
118000083,2513,899,1614
118000084,2341,1382,959
118000086,88,653,-565
118000087,6140,2172,3968
118000088,1629,1581,48
118000089,3742,1871,1871
118000090,2179,1711,468
118000091,1744,1257,487
118000092,1382,278,1104
118000093,129,578,-449
118000096,389,436,-47
118000097,437,373,64
118000098,107,174,-67
118000099,181,1103,-922
118000101,365,327,38
118000102,199,1652,-1453
118000107,3737,393,3344
118000108,353,570,-217
118000110,0,16,-16
118000111,1,759,-758
118000112,69,1,68
118000113,4,1194,-1190
118000114,49,2,47
118000115,15,0,15
118000116,19,0,19
118000117,913,704,209
118000118,481,623,-142
118000119,515,1250,-735
118000120,1369,1504,-135
118000121,29,356,-327
118000122,529,94,435
118000123,33,188,-155
118000125,1573,1178,395
118000126,329,1494,-1165
118000127,1130,578,552
118000128,620,1042,-422
118000129,306,205,101
118000130,2966,4471,-1505
118000131,381,1151,-770
118000132,1710,1201,509
118000133,245,402,-157
118000135,273,279,-6
118000136,53,507,-454
118000137,347,54,293
118000138,173,1082,-909
118000139,126,89,37
118000140,1889,2129,-240
118000141,1205,2015,-810
118000142,891,2136,-1245
118000143,598,716,-118
118000144,1608,1140,468
118000145,1030,3153,-2123
118000146,735,1833,-1098
118000147,483,1891,-1408
118000148,166,1208,-1042
118000149,487,967,-480
118000150,146,131,15
118000151,125,409,-284
118000153,434,1183,-749
118000154,451,1481,-1030
118000155,410,1104,-694
118000156,2005,1842,163
118000157,248,284,-36
118000158,68,507,-439
118000159,4,54,-50
118000160,216,431,-215
118000161,192,1205,-1013
118000162,868,730,138
118000163,261,665,-404
118000164,1716,1256,460
118000168,2008,203,1805
118000169,1053,1956,-903
118000170,3657,7348,-3691
118000171,123,751,-628
118000172,52,254,-202
118000173,541,1098,-557
118000175,130,351,-221
118000176,130,364,-234
118000177,150,378,-228
118000178,43,29,14
118000179,1750,407,1343
118000180,593,737,-144
118000181,643,412,231
118000182,182,315,-133
118000183,156,180,-24
118000184,264,1207,-943
118000185,972,669,303
118000186,453,713,-260
118000187,476,1142,-666
118000188,246,259,-13
118000189,151,853,-702
118000190,3,11,-8
118000191,9,28,-19
118000192,38,109,-71
118000193,13,229,-216
118000194,1645,900,745
118000195,608,352,256
118000196,376,79,297
118000197,134,55,79
118000198,559,192,367
118000199,283,226,57
118000200,36,203,-167
118000201,310,258,52
118000202,15,46,-31
118000203,1235,259,976
118000204,146,138,8
118000205,248,274,-26
118000206,84,165,-81
118000207,2,110,-108
118000208,906,1505,-599
118000209,910,1911,-1001
118000210,13,35,-22
118000211,3,33,-30
118000213,674,452,222
118000214,531,185,346
118000215,139,308,-169
118000216,898,3115,-2217
118000217,16,184,-168
118000218,27,122,-95
118000219,365,305,60
118000220,0,11,-11
118000221,33,214,-181
118000222,59,17,42
118000223,4,29,-25
118000224,215,180,35
118000225,78,900,-822
118000226,263,71,192
118000227,1008,299,709
118000228,214,111,103
118000229,129,12,117
118000230,41,304,-263
118000231,23,200,-177
118000232,398,1041,-643
118000233,457,816,-359
118000234,112,404,-292
118000236,204,503,-299
118000237,25,739,-714
118000238,65,399,-334
118000239,165,303,-138
118000240,560,73,487
118000241,57,322,-265
118000242,303,755,-452
118000243,64,190,-126
118000244,18,178,-160
118000246,0,10,-10
118000255,14,183,-169
118000256,39,192,-153
118000259,0,52,-52
118000260,102,80,22
118000261,11,161,-150
118000263,28,159,-131
118000266,116,625,-509
118000267,0,86,-86
118000268,143,46,97
118000270,29,37,-8
118000271,71,327,-256
118000272,41,26,15
118000273,36,74,-38
118000274,80,390,-310
118000276,149,300,-151
118000295,0,52,-52
118000298,141,405,-264
118000299,41,211,-170
118000301,1,56,-55
118000302,28,76,-48
118000311,76,144,-68
118000312,88,222,-134
118000313,34,214,-180
118000314,22,84,-62
118000315,16,47,-31
118000316,246,496,-250
118000325,16,112,-96
118000326,21,41,-20
118000331,13,76,-63
118000332,9,74,-65
118000333,4,94,-90
118000335,43,0,43
118000336,2,446,-444
118000407,40,84,-44
118000457,5,50,-45
118000465,3617,1946,1671
118000480,11,168,-157
118000489,11,81,-70
118000490,23,475,-452
118000492,67,205,-138
118000510,51,26,25
118000514,106,359,-253
118000515,382,232,150
118000517,312,117,195
118000524,619,121,498
118000525,852,945,-93
118000530,44,101,-57
118000531,86,221,-135
118000532,108,346,-238
118000533,155,216,-61
118000534,265,483,-218
118000535,81,63,18
118000536,800,258,542
118000537,20,48,-28
118000538,11,94,-83
118000539,8,100,-92
118000540,224,277,-53
118000541,96,111,-15
118000542,35,152,-117
118000543,124,163,-39
118000546,18,39,-21
118000560,3725,524,3201
118000562,18,389,-371
118000563,1876,1401,475
118000576,44,237,-193
118000577,103,91,12
118000578,113,100,13
118000579,716,866,-150
118000595,64,62,2
118000596,0,56,-56
118000597,77,168,-91
118000598,1,0,1
118000599,11,43,-32
118000600,3,38,-35
118000601,3,0,3
118000602,0,29,-29
118000603,0,28,-28
118900001,1365,511,854
118900002,1246,423,823
118900003,54,42,12
118900004,24,65,-41
118900005,30,2,28
118900006,13,1,12
118900007,4,5,-1
118900008,813,35,778
118900009,9,9,0
118900010,16,5,11
118900011,81,10,71
118900012,170,195,-25
118900013,556,15,541
118900015,74,11,63
118900016,2,23,-21
118900017,64,69,-5
118900018,1309,7,1302
118900019,29,1,28
118900020,86,75,11
118900021,60,321,-261
118900022,56,108,-52
118900023,27,116,-89
118900024,14,192,-178
118900025,15,18,-3
118900026,31,117,-86
118900027,255,174,81
118900028,53,128,-75
118900029,52,441,-389
118900030,47,55,-8
118900031,39,192,-153
118900032,91,169,-78
118900033,204,683,-479
118900034,15,6,9
118900035,97,329,-232
118900036,312,577,-265
118900037,173,311,-138
118900038,137,391,-254
118900039,141,272,-131
118900040,91,149,-58
118900041,107,159,-52
118900042,61,99,-38
118900045,97,109,-12
118900046,686,83,603
118900047,700,124,576
118900048,31,121,-90
118900049,28,27,1
118900050,2,142,-140
118900051,15,46,-31
118900052,124,208,-84
118900053,29,59,-30
118900054,47,49,-2
118900055,16,114,-98
118900056,12,71,-59
118900057,105,202,-97
118900058,172,368,-196
118900059,8,51,-43
118900060,9,112,-103
118900062,40,172,-132
118900064,700,216,484
118900065,15,109,-94
118900066,38,103,-65
118900067,8258,2239,6019
118900068,1,44,-43
118900069,138,216,-78
118900071,2,36,-34
118900072,172,329,-157
118900073,16,79,-63
118900074,30,121,-91
118900075,8,91,-83
118900076,91,52,39
118900077,106,170,-64
118900078,4,3,1
118900079,41,189,-148
118900080,11,81,-70
118900081,37,12,25
118900082,201,121,80
118900083,5,25,-20
118900084,12,5,7
118900085,285,853,-568
118900086,8,18,-10
118900087,33,83,-50
118900088,0,19,-19
118900089,7,6,1
118900090,244,502,-258
118900091,136,58,78
118900092,42,114,-72
118900093,105,11,94
118900096,18,16,2
118900097,127,987,-860
118900099,33,293,-260
118900100,95,188,-93
118900101,19,880,-861
118900102,14,72,-58
118900103,32,16,16
118900104,47,175,-128
118900105,145,96,49
118900107,204,103,101
118900108,70,114,-44
118900109,730,54,676
118900110,1752,241,1511
118900111,103,649,-546
118900112,10,87,-77
118900113,29,730,-701
118900114,5,86,-81
118900115,74,296,-222
118900116,38,164,-126
118900117,32,231,-199
118900118,112,614,-502
118900119,49,339,-290
118900120,74,318,-244
118900121,3,306,-303
118900122,6,317,-311
118900123,71,222,-151
118900124,41,190,-149
118900126,2,184,-182
118900129,98,121,-23
118900130,14,55,-41
118900131,32,337,-305
118900132,150,149,1
118900133,11,61,-50
118900135,63,226,-163
118900136,139,995,-856
118900137,2,13,-11
118900139,68,760,-692
118900140,259,1116,-857
118900141,27,328,-301
118900144,73,803,-730
118900145,22,175,-153
118900146,156,793,-637
118900147,44,55,-11
118900148,15,61,-46
118900150,79,172,-93
118900152,180,947,-767
118900157,44,85,-41
118900158,25,121,-96
118900159,2,238,-236
118900161,44,3,41
118900163,220,75,145
118900164,3,120,-117
118900165,24,426,-402
118900166,26,1,25
118900167,17,213,-196
118900168,2,43,-41
118900169,37,624,-587
118900170,35,115,-80
118900171,13,26,-13
118900174,23,82,-59
118900175,83,322,-239
118900176,31,157,-126
118900177,5,43,-38
118900178,8,121,-113
118900179,1,38,-37
118900181,26,92,-66
118900182,105,45,60
118900183,6,41,-35
118900184,103,43,60
118900185,22,139,-117
118900186,61,103,-42
118900187,68,238,-170
118900188,119,294,-175
118900189,10,275,-265
118900190,12,611,-599
118900191,43,62,-19
118900192,78,40,38
118900193,79,7,72
118900195,318,889,-571
118900196,14,193,-179
118900197,37,107,-70
118900198,2,49,-47
118900199,20,41,-21
118900200,1,5,-4
118900201,7,6,1
118900202,3,42,-39
118900203,2,56,-54
118900204,1,43,-42
118900205,1,25,-24
118900206,0,29,-29
119000001,631,869,-238
119000002,2963,2278,685
119000003,1137,1722,-585
119000004,1280,1163,117
119000005,915,1373,-458
119000006,970,1299,-329
119000007,2008,2624,-616
119000008,1192,2384,-1192
119000009,4090,2002,2088
119000010,11082,3484,7598
119000011,7404,1436,5968
119000012,7924,2642,5282
119000013,2545,1026,1519
119000014,2280,3255,-975
119000019,195,196,-1
119000020,742,1329,-587
119000021,1979,1794,185
119000022,3662,1114,2548
119000023,250,196,54
119000024,2750,4089,-1339
119000025,15513,1345,14168
119000026,305,184,121
119000027,843,359,484
119000028,1746,1278,468
119000029,151,254,-103
119000030,305,969,-664
119000031,390,601,-211
119000032,2124,1927,197
119000033,1484,1694,-210
119000034,707,1046,-339
119000035,35,411,-376
119000036,529,1230,-701
119000037,604,2696,-2092
119000038,66,1325,-1259
119000039,90,303,-213
119000040,934,333,601
119000041,808,792,16
119000048,4210,4349,-139
119000049,991,4082,-3091
119000050,1267,2229,-962
119000051,1127,974,153
119000052,1997,2731,-734
119000053,1558,1116,442
119000054,1947,4039,-2092
119000055,1614,3670,-2056
119000056,1288,1957,-669
119000057,988,2756,-1768
119000058,1311,2412,-1101
119000059,758,1690,-932
119000060,666,689,-23
119000061,641,899,-258
119000062,686,1272,-586
119000063,141,177,-36
119000064,926,1445,-519
119000065,1415,3192,-1777
119000066,954,929,25
119000067,1203,2874,-1671
119000068,686,944,-258
119000069,755,2834,-2079
119000070,1053,1205,-152
119000071,384,907,-523
119000072,5990,3655,2335
119000073,4021,4987,-966
119000074,437,4060,-3623
119000075,480,2743,-2263
119000076,417,763,-346
119000077,468,541,-73
119000078,144,254,-110
119000079,49,708,-659
119000080,62,245,-183
119000081,193,379,-186
119000082,266,271,-5
119000083,158,289,-131
119000084,150,619,-469
119000085,497,353,144
119000086,154,395,-241
119000087,1361,1012,349
119000088,217,222,-5
119000089,46,129,-83
119000090,119,147,-28
119000091,106,215,-109
119000092,708,195,513
119000093,3706,3874,-168
119000094,1349,4652,-3303
119000095,882,3168,-2286
119000097,3513,1649,1864
119000098,539,1141,-602
119000099,1990,2018,-28
119000100,1651,1940,-289
119000101,2288,2478,-190
119000102,632,424,208
119000103,1193,509,684
119000104,3451,1567,1884
119000105,431,602,-171
119000106,146,2394,-2248
119000107,256,449,-193
119000108,138,1670,-1532
119000109,53,367,-314
119000110,345,449,-104
119000111,27,377,-350
119000112,147,177,-30
119000113,2286,256,2030
119000114,744,381,363
119000115,117,102,15
119000116,140,65,75
119000117,78,293,-215
119000118,3,4,-1
119000123,1735,495,1240
119000124,171,256,-85
119000125,1037,1254,-217
119000126,108,1146,-1038
119000127,156,1161,-1005
119000128,49,9,40
119000131,353,1478,-1125
119000132,2,6,-4
119000133,0,8,-8
119000134,3261,473,2788
119000135,29,280,-251
119000136,39,348,-309
119000137,73,725,-652
119000138,99,521,-422
119000139,98,422,-324
119000140,68,192,-124
119000284,1485,2343,-858
119000285,2634,2133,501
119000286,6203,4796,1407
119000287,1326,2414,-1088
119000288,1178,2121,-943
119000289,1920,4447,-2527
119000290,136,500,-364
119000291,0,364,-364
119000293,26,143,-117
119000294,23,32,-9
119000295,2282,750,1532
119000296,104,137,-33
119000302,4474,1271,3203
119000303,26,116,-90
119000314,1511,4277,-2766
119000315,5,844,-839
119000316,18,92,-74
119000317,12,560,-548
119900001,135,471,-336
119900002,31,269,-238
119900003,36,1590,-1554
119900004,329,258,71
119900005,58,177,-119
119900006,63,262,-199
119900007,440,21,419
119900008,15,33,-18
119900009,229,458,-229
119900010,731,1173,-442
119900011,36,27,9
119900012,22,33,-11
119900013,1132,547,585
119900014,540,276,264
119900015,58,8,50
119900016,7,122,-115
119900017,27,40,-13
119900018,969,127,842
119900019,17,8,9
119900020,25,194,-169
119900021,49,35,14
119900022,72,185,-113
119900023,793,283,510
119900025,47,30,17
119900026,1051,57,994
119900027,6,45,-39
119900028,53,16,37
119900029,5,11,-6
119900030,475,452,23
119900031,14,121,-107
119900033,2769,100,2669
119900034,63,178,-115
119900037,34,22,12
119900038,20,108,-88
119900039,8,7,1
119900040,55,3,52
119900041,30,61,-31
119900042,18,149,-131
119900043,28,213,-185
119900044,103,248,-145
119900046,25,97,-72
119900047,133,50,83
119900048,2,32,-30
119900049,26,6,20
119900050,52,38,14
119900051,171,4,167
119900052,16,115,-99
119900053,31,198,-167
119900054,19,2,17
119900055,397,250,147
119900057,47,106,-59
119900058,47,0,47
119900059,75,33,42
119900060,79,4,75
119900061,66,9,57
119900062,11,58,-47
119900063,25,28,-3
119900064,115,31,84
119900065,96,5,91
119900066,1,0,1
119900067,24,34,-10
119900068,80,1,79
119900069,15,5,10
119900070,193,16,177
119900071,137,6,131
119900072,84,597,-513
119900073,1766,499,1267
119900074,10,12,-2
119900075,6190,1570,4620
119900076,156,594,-438
119900077,185,1676,-1491
119900078,119,766,-647
119900079,29,371,-342
119900080,119,256,-137
119900081,3,91,-88
119900082,339,519,-180
119900083,240,94,146
119900084,414,130,284
119900085,150,52,98
119900086,41,666,-625
119900087,204,166,38
119900088,30,80,-50
119900089,7,650,-643
119900090,199,82,117
119900091,22,1442,-1420
119900092,9,541,-532
119900093,645,87,558
119900094,7,200,-193
119900095,138,74,64
119900096,30,119,-89
119900097,285,124,161
119900098,15,38,-23
119900099,32,370,-338
119900100,3291,1107,2184
119900101,145,653,-508
119900102,17,420,-403
119900103,13,622,-609
119900104,27,339,-312
119900105,367,1475,-1108
119900106,9,322,-313
119900107,264,3651,-3387
119900108,1519,681,838
119900109,16,264,-248
119900110,274,851,-577
119900111,30,483,-453
119900112,2969,440,2529
119900113,73,641,-568
119900114,67,2240,-2173
119900115,65,1535,-1470
119900116,209,172,37
119900117,114,1384,-1270
119900118,22,1469,-1447
119900119,53,352,-299
119900120,699,917,-218
119900121,91,1723,-1632
119900122,183,430,-247
119900123,143,240,-97
119900124,26,1244,-1218
119900125,46,523,-477
119900126,7214,252,6962
119900127,2852,886,1966
119900128,180,1160,-980
119900129,69,1138,-1069
119900130,37,323,-286
119900131,14,487,-473
119900132,0,478,-478
119900133,12,21,-9
119900134,2375,318,2057
119900135,0,616,-616
119900136,143,724,-581
119900138,378,790,-412
119900139,17,83,-66
119900140,2,194,-192
119900141,115,286,-171
119900142,11,19,-8
119900143,9,220,-211
119900144,2601,244,2357
119900145,44,340,-296
119900146,164,95,69
119900147,0,98,-98
119900148,52,46,6
119900149,2235,1640,595
119900150,154,300,-146
119900151,1593,903,690
119900152,66,571,-505
119900153,42,40,2
119900154,5,287,-282
119900155,15,20,-5
119900156,5,4,1
119900157,24,325,-301
119900158,31,89,-58
119900159,5,1980,-1975
119900160,6,373,-367
119900161,81,363,-282
119900162,448,491,-43
119900163,116,68,48
119900164,0,0,0
119900165,25,413,-388
119900166,48,28,20
119900167,44,178,-134
119900168,272,389,-117
119900169,121,116,5
119900170,155,151,4
119900171,390,679,-289
119900172,130,12,118
119900173,7,776,-769
119900174,2,358,-356
119900175,353,647,-294
119900177,8,265,-257
119900178,3,251,-248
119900179,32,171,-139
119900180,327,385,-58
119900181,26,24,2
119900182,0,664,-664
119900183,69,1204,-1135
119900184,3680,522,3158
119900185,12,77,-65
119900186,50,178,-128
119900187,2,812,-810
119900188,12,276,-264
119900189,330,153,177
119900190,47,86,-39
119900191,132,78,54
119900192,12,235,-223
119900193,50,197,-147
119900194,5,26,-21
119900195,12,339,-327
119900196,2547,475,2072
119900197,37,109,-72
119900198,43,537,-494
119900199,111,12,99
119900200,178,530,-352
119900201,456,271,185
119900202,183,68,115
119900203,76,213,-137
119900204,124,418,-294
119900205,146,687,-541
119900206,23,154,-131
119900208,58,131,-73
119900209,214,393,-179
119900210,12,36,-24
119900211,45,7,38
119900212,39,245,-206
119900213,2,54,-52
119900214,7,126,-119
119900215,15,125,-110
119900216,15,153,-138
119900217,3,89,-86
119900218,9,96,-87
119900219,8,146,-138
119900220,5,177,-172
119900221,14,645,-631
119900222,5,416,-411
119900223,20,185,-165
119900224,25,41,-16
119900225,1685,46,1639
119900226,1475,797,678
119900227,1890,413,1477
119900228,28,303,-275
119900229,234,476,-242
119900230,1416,605,811
119900231,30,182,-152
119900232,81,43,38
119900233,18,3,15
119900234,4,24,-20
119900235,6,16,-10
119900236,9,303,-294
119900237,50,692,-642
119900238,1,97,-96
119900240,33,173,-140
119900241,63,292,-229
119900242,2158,721,1437
119900244,720,1182,-462
119900245,34,108,-74
119900246,138,193,-55
119900247,9,22,-13
119900248,27,46,-19
119900249,75,39,36
119900253,4785,311,4474
119900254,16,123,-107
119900255,42,565,-523
119900256,180,1891,-1711
119900257,11,1,10
119900258,24,5,19
119900259,4,303,-299
119900260,41,3,38
119900261,66,267,-201
119900262,3,384,-381
119900263,812,405,407
119900264,26,367,-341
119900265,56,437,-381
119900266,67,384,-317
119900267,53,488,-435
119900268,46,402,-356
119900269,116,1629,-1513
119900271,23,108,-85
119900272,52,27,25
119900275,23,0,23
119900276,9,0,9
119900277,1,0,1
119900278,222,22,200
119900279,68,154,-86
119900280,1025,236,789
119900281,0,57,-57
119900282,36,14,22
119900283,5,454,-449
119900284,16,211,-195
119900285,7,19,-12
119900286,4,7,-3
119900288,3,23,-20
119900289,0,30,-30
119900290,2,30,-28
119900291,6,36,-30
119900292,8,6,2
119900293,5,40,-35
119900294,10,83,-73
119900295,1,29,-28
119900296,1,243,-242
119900297,0,27,-27
119900298,1,3,-2
119900299,15,384,-369
119900300,85,362,-277
119900301,74,16,58
119900302,51,21,30
119900303,80,278,-198
119900304,38,26,12
119900305,14,101,-87
119900306,6,0,6
119900307,16,146,-130
119900308,2,12,-10
119900309,4,41,-37
119900310,226,299,-73
119900311,14,192,-178
119900312,21,112,-91
119900313,83,477,-394
119900314,46,258,-212
119900315,294,3375,-3081
119900318,9,11,-2
119900319,1,454,-453
119900320,97,818,-721
119900321,15,1,14
120000001,8040,5915,2125
120000002,1937,3471,-1534
120000003,3442,2256,1186
120000004,2968,2737,231
120000005,5566,2287,3279
120000006,1293,1362,-69
120000007,3033,1937,1096
120000008,1034,1437,-403
120000009,5974,913,5061
120000010,1095,3901,-2806
120000011,830,2362,-1532
120000012,1377,3561,-2184
120000013,1400,3060,-1660
120000014,352,1846,-1494
120000015,1900,1858,42
120000016,2142,1878,264
120000017,1326,1442,-116
120000018,5521,5321,200
120000019,649,837,-188
120000020,2171,1823,348
120000021,2020,1274,746
120000022,2945,2673,272
120000023,588,1436,-848
120000024,1092,2032,-940
120000025,1375,2404,-1029
120000026,693,2028,-1335
120000027,815,1501,-686
120000028,484,297,187
120000029,2394,394,2000
120000030,73,604,-531
120000031,1721,3784,-2063
120000032,12653,3381,9272
120000033,1805,1827,-22
120000034,899,2759,-1860
120000035,1051,2709,-1658
120000036,1880,3690,-1810
120000037,446,715,-269
120000038,13504,3208,10296
120000039,319,1111,-792
120000040,40,98,-58
120000041,340,2515,-2175
120000042,1439,6138,-4699
120000043,4145,3392,753
120000044,1942,1163,779
120000045,2287,928,1359
120000046,1006,1628,-622
120000047,2468,2865,-397
120000048,10637,3009,7628
120000049,1895,2785,-890
120000050,2054,4283,-2229
120000051,4331,3853,478
120000052,18809,2676,16133
120000053,649,5039,-4390
120000054,1437,7781,-6344
120000055,769,5123,-4354
120000056,3398,6297,-2899
120000057,1621,1264,357
120000058,240,158,82
120000059,131,1155,-1024
120000061,55,652,-597
120000062,174,231,-57
120000063,2391,4452,-2061
120000064,273,2144,-1871
120000065,291,2258,-1967
120000066,101,634,-533
120000067,42,644,-602
120000068,88,1375,-1287
120000069,321,2021,-1700
120000070,24,1265,-1241
120000071,98,132,-34
120000072,184,415,-231
120000073,146,76,70
120000074,130,96,34
120000075,172,191,-19
120000076,454,261,193
120000077,734,332,402
120000078,4376,450,3926
120000079,66,101,-35
120000080,15,68,-53
120000081,137,90,47
120000082,78,149,-71
120000083,36,208,-172
120000084,434,711,-277
120000085,313,414,-101
120000086,137,749,-612
120000087,66,1396,-1330
120000088,529,1542,-1013
120000089,628,510,118
120000090,270,464,-194
120000091,421,892,-471
120000092,667,489,178
120000093,132,496,-364
120000094,74,351,-277
120000095,548,862,-314
120000096,148,1499,-1351
120000098,511,1295,-784
120000099,128,870,-742
120000100,470,1127,-657
120000101,282,615,-333
120000102,208,288,-80
120000103,505,250,255
120000104,722,176,546
120000105,791,216,575
120000106,788,257,531
120000107,949,309,640
120000108,227,112,115
120000109,330,54,276
120000110,48,979,-931
120000111,65,1715,-1650
120000112,461,4835,-4374
120000113,405,3587,-3182
120000114,330,2765,-2435
120000115,235,2299,-2064
120000116,502,2265,-1763
120000117,1179,1729,-550
120000118,21,7,14
120000119,14,26,-12
120000120,17,16,1
120000121,13,27,-14
120000122,170,151,19
120000123,7624,1807,5817
120000124,206,469,-263
120000125,222,764,-542
120000126,165,465,-300
120000127,947,397,550
120000128,2115,1490,625
120000129,264,271,-7
120000130,502,695,-193
120000131,142,440,-298
120000134,266,1728,-1462
120000135,87,313,-226
120000137,80,2778,-2698
120000138,174,599,-425
120000139,54,1306,-1252
120000140,167,887,-720
120000141,78,665,-587
120000142,133,735,-602
120000143,0,162,-162
120000144,26,2,24
120000145,76,2,74
120000146,1719,533,1186
120000149,365,1090,-725
120000150,6571,6270,301
120000151,350,414,-64
120000152,157,345,-188
120000153,128,962,-834
120000154,350,377,-27
120000155,78,130,-52
120000156,1653,311,1342
120000157,671,727,-56
120000158,404,1002,-598
120000159,1699,2352,-653
120000160,1893,1039,854
120000161,687,2929,-2242
120000162,66,222,-156
120000163,148,1571,-1423
120000164,178,471,-293
120000165,93,1087,-994
120000166,325,676,-351
120000167,12,31,-19
120000168,1,61,-60
120000169,56,130,-74
120000170,73,83,-10
120000171,31,16,15
120000172,7,21,-14
120000173,1438,81,1357
120000174,182,2,180
120000175,381,7,374
120000176,146,30,116
120000177,1139,267,872
120000178,52,1,51
120000179,250,8,242
120000180,437,20,417
120000181,111,35,76
120000182,54,34,20
120000183,5,96,-91
120000184,90,1373,-1283
120000186,39,49,-10
120000187,42,26,16
120000188,137,24,113
120000190,881,7,874
120000191,1525,5,1520
120000192,2054,4,2050
120000193,952,11,941
120000195,66,1,65
120000196,257,43,214
120000197,93,123,-30
120000198,72,252,-180
120000199,22,2,20
120000200,25,3,22
120000201,7,16,-9
120000202,0,98,-98
120000203,29,479,-450
120000207,3,151,-148
120000208,13,443,-430
120000209,4,108,-104
120000210,159,101,58
120000211,28,1,27
120000212,33,2,31
120000213,67,524,-457
120000214,2,555,-553
120000215,2,188,-186
120000216,50,7,43
120000217,978,1854,-876
120000218,260,1888,-1628
120000219,11,1239,-1228
120000220,15,3775,-3760
120000225,364,1,363
120000226,191,2,189
120000227,684,12,672
120000228,9802,1358,8444
120000230,71,7,64
120000231,320,3080,-2760
120000233,179,99,80
120000235,63,815,-752
120000236,446,0,446
120000237,8,3184,-3176
120000238,0,57,-57
120000241,1061,2181,-1120
120000412,2088,23,2065
120000413,58,446,-388
120000414,20,1,19
120000415,2,239,-237
120000416,14,9,5
120000417,4,123,-119
120000418,34,9,25
120000419,9,615,-606
120000420,26,20,6
120000421,18880,6579,12301
120000422,267,267,0
120000423,2,65,-63
120000424,30,197,-167
120000436,43,210,-167
120000437,130,147,-17
120000438,5238,349,4889
120000439,78,170,-92
120000443,82,2,80
120000444,268,566,-298
120000445,1085,949,136
120000446,959,306,653
120000447,84,0,84
120000449,21,8,13
120000450,3,539,-536
120000451,36,196,-160
120000452,68,1,67
120000453,0,348,-348
120000454,20,20,0
120000455,65,98,-33
120000456,3607,2098,1509
120000457,2159,1068,1091
120000458,369,775,-406
120000459,48,66,-18
120000665,988,112,876
120000668,42,93,-51
120000669,60,500,-440
120000670,271,415,-144
120000671,308,155,153
120000672,62,479,-417
120900001,31,27,4
120900002,95,224,-129
120900003,131,19,112
120900004,3,24,-21
120900005,6,2464,-2458
120900006,104,183,-79
120900007,52,225,-173
120900008,97,1262,-1165
120900009,81,14,67
120900010,150,29,121
120900011,304,60,244
120900012,1267,499,768
120900013,107,23,84
120900014,4,1021,-1017
120900015,141,91,50
120900016,178,51,127
120900017,3961,129,3832
120900018,24,571,-547
120900019,261,61,200
120900020,362,369,-7
120900021,234,24,210
120900022,12,477,-465
120900023,38,45,-7
120900024,1325,377,948
120900025,2284,728,1556
120900026,46,194,-148
120900027,477,78,399
120900028,91,32,59
120900029,67,147,-80
120900030,483,327,156
120900031,50,24,26
120900032,309,140,169
120900033,387,16,371
120900034,16,1214,-1198
120900035,32,302,-270
120900037,40,4,36
120900038,23,68,-45
120900039,23,21,2
120900040,58,4,54
120900041,77,17,60
120900042,84,61,23
120900043,4,5,-1
120900044,8,545,-537
120900045,90,229,-139
120900046,107,4,103
120900047,31,22,9
120900048,34,9,25
120900049,103,0,103
120900050,4790,574,4216
120900051,108,120,-12
120900052,131,2,129
120900053,85,70,15
120900054,1154,808,346
120900055,68,0,68
120900056,138,3,135
120900057,26,17,9
120900058,144,1,143
120900059,14,3,11
120900060,7,40,-33
120900061,156,382,-226
120900062,38,1,37
120900063,126,1,125
120900064,104,0,104
120900065,58,1,57
120900066,60,289,-229
120900067,77,32,45
120900068,41,1,40
120900069,48,97,-49
120900071,9,0,9
120900072,190,0,190
120900073,111,364,-253
120900074,118,1,117
120900076,56,0,56
120900077,4762,267,4495
120900078,230,826,-596
120900079,186,123,63
120900080,160,2963,-2803
120900081,198,1015,-817
120900082,550,213,337
120900083,77,60,17
120900084,89,120,-31
120900085,90,71,19
120900086,158,126,32
120900087,122,37,85
120900088,126,136,-10
120900089,6334,867,5467
120900090,30,231,-201
120900091,317,152,165
120900092,459,955,-496
120900093,5513,318,5195
120900094,454,322,132
120900095,92,19,73
120900096,17,111,-94
120900097,559,1674,-1115
120900098,285,248,37
120900099,56,115,-59
120900100,39,451,-412
120900101,275,368,-93
120900102,9,97,-88
120900103,18,136,-118
120900104,13,84,-71
120900105,18,1143,-1125
120900106,1272,807,465
120900107,397,246,151
120900108,3,1257,-1254
120900109,10,1012,-1002
120900110,7,449,-442
120900111,95,416,-321
120900112,11,1894,-1883
120900113,8,1319,-1311
120900114,6,313,-307
120900115,75,105,-30
120900116,44,781,-737
120900117,0,695,-695
120900118,7,1239,-1232
120900119,3936,2520,1416
120900120,39,989,-950
120900121,91,474,-383
120900122,99,903,-804
120900123,1,654,-653
120900124,2,830,-828
120900125,8,1398,-1390
120900126,979,861,118
120900127,8,732,-724
120900128,878,947,-69
120900129,26,557,-531
120900130,2,422,-420
120900131,14,66,-52
120900132,213,567,-354
120900133,168,1571,-1403
120900134,152,617,-465
120900135,2,834,-832
120900136,25,29,-4
120900137,45,149,-104
120900138,9,313,-304
120900139,1,1112,-1111
120900140,0,59,-59
120900141,54,122,-68
120900142,17,1202,-1185
120900143,6,1550,-1544
120900144,0,361,-361
120900145,30,1108,-1078
120900146,2,1401,-1399
120900147,1,321,-320
120900148,36,76,-40
120900149,1,567,-566
120900150,33,712,-679
120900151,2,809,-807
120900152,0,68,-68
120900153,3,71,-68
120900154,0,324,-324
120900155,56,1377,-1321
120900156,14,509,-495
120900157,22,265,-243
120900158,11,671,-660
120900159,23,339,-316
120900160,12,426,-414
120900161,7,1158,-1151
120900162,9,1228,-1219
120900163,4,111,-107
120900164,0,0,0
120900165,0,3,-3
120900166,23,94,-71
120900167,69,74,-5
120900169,20,718,-698
120900170,3060,1081,1979
120900171,1591,345,1246
120900172,1143,67,1076
120900173,0,79,-79
120900174,4,152,-148
120900175,373,267,106
120900176,8,155,-147
120900177,1,250,-249
120900178,0,215,-215
120900179,530,401,129
120900180,87,58,29
120900181,24,74,-50
120900182,15,234,-219
120900183,320,65,255
120900184,83,100,-17
120900185,2,430,-428
120900186,5,670,-665
120900187,154,423,-269
120900188,40,8,32
120900189,102,258,-156
120900190,5,14,-9
120900191,0,43,-43
120900192,17082,1562,15520
120900194,42,102,-60
120900195,79,443,-364
120900196,306,14,292
120900197,227,26,201
120900198,148,752,-604
120900199,158,1651,-1493
120900200,98,55,43
120900201,818,210,608
120900202,3,340,-337
120900203,3,31,-28
120900204,262,432,-170
120900205,51,119,-68
120900206,8,13,-5
121000001,947,1294,-347
121000002,1394,906,488
121000003,4549,2352,2197
121000004,2484,2052,432
121000005,2037,2620,-583
121000006,2450,1131,1319
121000007,3261,2926,335
121000008,4156,2480,1676
121000009,11364,4522,6842
121000010,12161,3189,8972
121000011,18650,8671,9979
121000012,22997,5948,17049
121000013,6100,5408,692
121000014,7432,5375,2057
121000015,4150,5089,-939
121000016,4546,3412,1134
121000017,1566,3893,-2327
121000018,1856,1686,170
121000019,19084,7339,11745
121000020,11254,6021,5233
121000021,2235,3556,-1321
121000022,1236,1286,-50
121000023,4929,4054,875
121000024,2617,2615,2
121000025,863,625,238
121000026,213,87,126
121000027,1381,805,576
121000028,807,473,334
121000029,548,783,-235
121000030,118,189,-71
121000031,457,611,-154
121000032,88,102,-14
121000034,108,99,9
121000035,67,60,7
121000036,500,776,-276
121000037,306,570,-264
121000038,514,442,72
121000039,315,535,-220
121000041,243,625,-382
121000042,185,268,-83
121000043,971,542,429
121000044,2118,516,1602
121000045,287,377,-90
121000046,258,684,-426
121000047,17,162,-145
121000049,1909,932,977
121000050,265,833,-568
121000051,331,540,-209
121000052,168,548,-380
121000053,326,46,280
121000054,26,199,-173
121000055,2285,891,1394
121000056,904,869,35
121000057,132,323,-191
121000058,429,118,311
121000059,1939,1109,830
121000060,358,484,-126
121000061,36,119,-83
121000062,119,166,-47
121000063,487,423,64
121000064,285,307,-22
121000065,422,377,45
121000066,310,306,4
121000067,962,271,691
121000068,455,462,-7
121000069,1555,208,1347
121000070,1311,1629,-318
121000071,685,720,-35
121000072,1255,944,311
121000073,656,685,-29
121000074,99,88,11
121000075,156,28,128
121000076,2236,307,1929
121000077,176,46,130
121000078,134,104,30
121000080,2891,644,2247
121000081,2444,1319,1125
121000082,132,242,-110
121000083,229,104,125
121000084,185,96,89
121000085,484,536,-52
121000086,110,801,-691
121000087,69,181,-112
121000088,331,680,-349
121000089,650,261,389
121000090,331,289,42
121000091,2664,507,2157
121000092,88,96,-8
121000093,81,211,-130
121000094,494,399,95
121000095,197,594,-397
121000096,2664,1971,693
121000097,2126,1329,797
121000098,181,1499,-1318
121000099,212,854,-642
121000100,239,785,-546
121000101,85,283,-198
121000102,85,583,-498
121000103,64,309,-245
121000104,52,257,-205
121000105,185,346,-161
121000106,108,373,-265
121000107,2164,4062,-1898
121000109,1575,940,635
121000110,252,283,-31
121000114,2230,2203,27
121000115,659,639,20
121000116,450,573,-123
121000117,1298,245,1053
121000118,996,363,633
121000119,125,442,-317
121000120,170,462,-292
121000121,373,903,-530
121000123,1693,679,1014
121000126,111,250,-139
121000127,132,140,-8
121000128,260,716,-456
121000129,251,557,-306
121000130,249,1188,-939
121000131,2052,847,1205
121000132,974,883,91
121000135,612,429,183
121000136,1114,442,672
121000137,456,194,262
121000138,632,389,243
121000139,518,62,456
121000141,131,105,26
121000142,904,456,448
121000143,179,16,163
121000144,1009,989,20
121000145,261,1391,-1130
121000146,662,751,-89
121000147,478,410,68
121000148,524,1037,-513
121000149,1190,1008,182
121000152,302,627,-325
121000153,1838,611,1227
121000154,558,582,-24
121000155,810,768,42
121000156,358,694,-336
121000157,1634,1942,-308
121000158,348,624,-276
121000159,179,694,-515
121000160,297,854,-557
121000161,76,525,-449
121000162,30,353,-323
121000165,2181,1366,815
121000166,31,294,-263
121000168,118,233,-115
121000169,21,179,-158
121000170,111,72,39
121000171,42,184,-142
121000172,321,382,-61
121000173,1106,603,503
121000174,123,373,-250
121000175,410,476,-66
121000176,259,249,10
121000177,584,621,-37
121000178,53,61,-8
121000179,78,61,17
121000181,256,305,-49
121000182,55,142,-87
121000183,33,47,-14
121000184,27,72,-45
121000185,11,136,-125
121000186,80,247,-167
121000187,129,353,-224
121000188,64,359,-295
121000192,482,330,152
121000193,434,380,54
121000194,2449,2130,319
121000195,367,930,-563
121000196,373,135,238
121000197,150,848,-698
121000198,105,39,66
121000199,48,690,-642
121000200,107,71,36
121000201,2,306,-304
121000202,44,1,43
121000203,299,2941,-2642
121000204,711,502,209
121000205,71,375,-304
121000206,76,42,34
121000207,526,451,75
121000208,8,536,-528
121000209,65,543,-478
121000210,134,531,-397
121000211,70,96,-26
121000212,173,851,-678
121000213,9694,2321,7373
121000214,640,875,-235
121000215,1463,732,731
121000216,323,264,59
121000217,2913,1576,1337
121000218,340,1842,-1502
121000219,823,289,534
121000220,254,70,184
121000221,116,167,-51
121000222,2252,2416,-164
121000223,345,229,116
121000224,352,93,259
121000225,882,759,123
121000226,1334,487,847
121000227,16,184,-168
121000228,15,963,-948
121000229,68,607,-539
121000230,66,2166,-2100
121000231,133,5,128
121000232,409,135,274
121000233,265,280,-15
121000234,8,43,-35
121000235,23,11,12
121000236,2,41,-39
121000237,2,7,-5
121000238,2,84,-82
121000239,15,0,15
121000240,0,158,-158
121000241,37,12,25
121000242,3,124,-121
121000243,47,18,29
121000244,0,64,-64
121000245,3,2,1
121000246,0,53,-53
121000247,7,4,3
121000248,188,345,-157
121000249,34,208,-174
121000250,124,105,19
121000251,18,642,-624
121000252,28,43,-15
121000253,82,516,-434
121000254,212,233,-21
121000255,152,105,47
121000256,180,135,45
121000257,29,79,-50
121000258,20,48,-28
121000259,11,40,-29
121000260,34,142,-108
121000261,14,41,-27
121000262,1625,458,1167
121000263,276,441,-165
121000271,216,1634,-1418
121000273,51,6,45
121000274,0,57,-57
121000275,0,17,-17
121000276,0,25,-25
121000278,5,54,-49
121000279,22,16,6
121000280,7,25,-18
121000289,51,25,26
121000290,871,651,220
121000294,31,256,-225
121000297,717,489,228
121000299,103,165,-62
121000300,852,485,367
121000302,85,477,-392
121000303,344,286,58
121000304,331,45,286
121000305,80,39,41
121000306,53,95,-42
121000308,112,403,-291
121000309,327,663,-336
121000310,57,484,-427
121000311,62,810,-748
121000312,216,144,72
121000313,647,460,187
121000314,116,58,58
121000315,47,40,7
121000530,626,1367,-741
121000531,677,1481,-804
121000532,5022,3419,1603
121000533,1802,1981,-179
121000918,10,287,-277
121000919,6,68,-62
121000938,264,146,118
121000939,328,57,271
121000956,318,1311,-993
121000957,2,11,-9
121000958,35,66,-31
121000959,233,1223,-990
121000960,500,2560,-2060
121000961,125,11,114
121000962,203,535,-332
121000973,0,222,-222
121000976,17,161,-144
121000979,110,60,50
121000981,115,20,95
121000982,110,238,-128
121000983,129,509,-380
121000984,26,27,-1
121000985,151,675,-524
121000986,34,466,-432
121000987,122,1895,-1773
121000988,266,123,143
121001302,292,86,206
121001308,10,7,3
121001309,63,139,-76
121001313,43,509,-466
121001314,4781,3931,850
121001315,3771,1338,2433
121900001,70,158,-88
121900002,46,17,29
121900003,216,4,212
121900004,58,458,-400
121900005,9,7,2
121900006,43,5,38
121900007,1747,1697,50
121900008,4190,113,4077
121900009,316,10,306
121900010,142,3,139
121900011,235,531,-296
121900012,4,0,4
121900013,438,11,427
121900014,805,338,467
121900015,59,123,-64
121900016,3,30,-27
121900017,149,398,-249
121900018,184,4,180
121900019,101,210,-109
121900020,26,1,25
121900021,318,11,307
121900022,92,99,-7
121900023,34,342,-308
121900024,403,33,370
121900025,312,213,99
121900026,192,46,146
121900027,130,90,40
121900028,90,3,87
121900029,35,126,-91
121900030,251,396,-145
121900031,756,1840,-1084
121900032,77,56,21
121900033,137,87,50
121900034,79,64,15
121900035,2418,1056,1362
121900036,63,337,-274
121900037,98,652,-554
121900038,2,114,-112
121900039,187,18,169
121900040,29,63,-34
121900041,40,109,-69
121900042,131,74,57
121900043,0,1,-1
121900044,254,11,243
121900045,145,178,-33
121900046,238,131,107
121900047,76,31,45
121900048,19,120,-101
121900050,11,23,-12
121900051,44,162,-118
121900052,41,55,-14
121900053,127,151,-24
121900054,443,757,-314
121900055,2,8,-6
121900058,45,239,-194
121900059,177,56,121
121900060,50,241,-191
121900061,150,117,33
121900062,55,23,32
121900063,281,170,111
121900064,84,859,-775
121900066,15,22,-7
121900067,0,5,-5
121900069,216,146,70
121900070,78,83,-5
121900071,34,195,-161
121900072,18,114,-96
121900073,91,126,-35
121900074,449,257,192
121900075,242,154,88
121900076,158,631,-473
121900077,2,35,-33
121900078,17,54,-37
121900079,0,0,0
121900080,418,472,-54
121900082,12,89,-77
121900084,0,225,-225
121900085,0,31,-31
121900086,2,51,-49
121900087,229,59,170
121900088,3342,1797,1545
121900089,28,400,-372
121900090,5,125,-120
121900091,12,102,-90
121900092,66,87,-21
121900093,28,67,-39
121900094,6,8,-2
121900095,75,81,-6
121900096,1308,324,984
121900097,124,121,3
121900098,1,2,-1
121900099,48,88,-40
121900100,37,145,-108
121900101,53,65,-12
121900102,2,100,-98
121900103,453,146,307
121900104,616,214,402
121900105,36,48,-12
121900106,1,7,-6
121900107,9,39,-30
121900108,0,0,0
121900109,233,75,158
121900110,150,1351,-1201
121900111,467,63,404
121900112,84,82,2
121900113,23,122,-99
121900114,1,0,1
121900115,78,260,-182
121900117,115,17,98
121900118,2434,237,2197
121900119,48,94,-46
121900120,12,1138,-1126
121900121,365,74,291
121900122,6,22,-16
121900123,229,255,-26
121900124,93,138,-45
121900125,802,775,27
121900127,21,56,-35
121900128,36,169,-133
121900129,1481,51,1430
121900130,97,212,-115
121900131,60,62,-2
121900132,14,158,-144
121900133,26,40,-14
121900134,5,107,-102
121900135,2463,302,2161
121900136,46,441,-395
121900137,34,213,-179
121900138,51,191,-140
121900139,273,293,-20
121900140,16,149,-133
121900141,30,19,11
121900142,24,81,-57
121900143,0,149,-149
121900144,256,353,-97
121900145,78,115,-37
121900146,368,747,-379
121900147,23,213,-190
121900148,78,223,-145
121900149,240,741,-501
121900150,37,209,-172
121900151,55,202,-147
121900152,56,127,-71
121900153,42,504,-462
121900154,4,119,-115
121900155,1,63,-62
121900156,113,99,14
121900157,0,350,-350
121900158,83,91,-8
121900159,0,166,-166
121900160,13,177,-164
121900161,336,273,63
121900162,59,86,-27
121900163,38,721,-683
121900164,185,211,-26
121900165,88,194,-106
121900166,38,180,-142
121900167,64,48,16
121900168,161,96,65
121900169,7,299,-292
121900170,15,157,-142
121900171,331,453,-122
121900172,126,239,-113
121900173,553,112,441
121900174,5,34,-29
121900175,34,103,-69
121900176,362,1828,-1466
121900177,133,38,95
121900179,159,118,41
121900180,6462,2183,4279
121900182,227,278,-51
121900183,328,250,78
121900184,37,604,-567
121900185,38,83,-45
121900186,2,358,-356
121900187,21,77,-56
121900188,509,209,300
121900189,12,147,-135
121900190,116,427,-311
121900191,51,64,-13
121900192,523,397,126
121900194,0,148,-148
121900195,89,125,-36
121900196,486,965,-479
121900197,253,2088,-1835
121900198,1043,629,414
121900199,0,31,-31
121900200,48,123,-75
121900201,852,513,339
121900202,83,322,-239
121900203,298,592,-294
121900204,916,469,447
121900205,30,296,-266
121900206,5,12,-7
121900207,213,15,198
121900208,44,199,-155
121900209,33,13,20
121900210,485,854,-369
121900211,1,141,-140
121900212,75,122,-47
121900213,26,84,-58
121900214,1,381,-380
121900215,16,107,-91
121900216,16,46,-30
121900217,176,57,119
121900218,168,282,-114
121900219,125,36,89
121900220,84,10,74
121900221,171,503,-332
121900222,26,189,-163
121900223,63,65,-2
121900224,15,52,-37
121900225,44,36,8
121900226,187,3279,-3092
121900227,91,279,-188
121900228,117,177,-60
121900229,95,204,-109
121900230,84,63,21
121900231,668,194,474
121900232,252,254,-2
121900233,238,313,-75
121900234,120,400,-280
121900235,122,200,-78
121900236,189,97,92
121900237,164,138,26
121900238,101,151,-50
121900239,86,58,28
121900240,153,162,-9
121900241,15,65,-50
121900242,0,0,0
121900243,0,0,0
121900244,1,0,1
121900245,129,129,0
121900246,871,348,523
121900247,264,290,-26
121900248,980,529,451
121900250,226,222,4
121900251,234,2,232
121900252,755,87,668
121900253,116,679,-563
121900254,432,211,221
121900255,56,63,-7
121900258,1897,1019,878
121900259,345,322,23
121900260,43,174,-131
121900261,58,387,-329
121900262,239,480,-241
121900263,56,235,-179
121900264,2438,1041,1397
121900265,176,364,-188
121900266,102,165,-63
121900267,15,9,6
121900269,122,246,-124
121900270,3,134,-131
121900271,6,154,-148
121900273,344,641,-297
121900274,59,218,-159
121900276,143,62,81
121900277,152,1616,-1464
121900278,36,776,-740
121900279,62,265,-203
121900280,75,282,-207
121900281,1008,38,970
121900284,36,5,31
121900286,37,194,-157
121900287,3,11,-8
121900290,112,196,-84
121900291,275,406,-131
121900292,80,79,1
121900293,773,2862,-2089
121900294,255,1,254
121900295,48,248,-200
121900296,44,16,28
121900298,114,276,-162
121900299,0,0,0
121900300,2,0,2
121900301,15,1,14
121900302,0,54,-54
121900303,125,400,-275
121900304,1,1,0
121900305,0,3,-3
121900306,15,0,15
121900307,1,32,-31
121900308,3,338,-335
121900309,10,279,-269
121900310,10,542,-532
121900311,92,17,75
121900312,65,9,56
121900313,95,27,68
121900314,0,78,-78
121900315,1,0,1
121900316,0,14,-14
121900317,0,1,-1
121900318,0,29,-29
121900319,3,6,-3
121900320,40,75,-35
121900321,0,1,-1
121900322,0,54,-54
121900323,15,5,10
121900324,2,16,-14
121900325,5,1,4
121900326,0,25,-25
121900327,0,44,-44
121900328,1,15,-14
121900329,0,180,-180
121900330,0,29,-29
121900331,161,28,133
121900332,38,20,18
122000001,2165,2237,-72
122000002,4574,1127,3447
122000003,1830,1176,654
122000004,1972,879,1093
122000005,2182,564,1618
122000006,1801,294,1507
122000007,896,672,224
122000008,6009,2770,3239
122000009,572,162,410
122000010,1863,2028,-165
122000011,3351,692,2659
122000012,909,826,83
122000013,1368,882,486
122000014,1003,1151,-148
122000015,971,770,201
122000016,272,646,-374
122000017,919,882,37
122000018,919,888,31
122000019,508,1372,-864
122000020,158,153,5
122000021,615,324,291
122000022,1024,1408,-384
122000023,376,2797,-2421
122000024,809,747,62
122000025,1448,829,619
122000026,2030,584,1446
122000027,455,3106,-2651
122000028,543,232,311
122000029,284,202,82
122000030,323,63,260
122000031,116,113,3
122000032,864,1811,-947
122000033,541,432,109
122000034,511,366,145
122000035,285,532,-247
122000036,337,453,-116
122000037,308,247,61
122000038,240,397,-157
122000039,441,396,45
122000040,334,177,157
122000041,280,392,-112
122000042,171,289,-118
122000043,108,93,15
122000044,104,105,-1
122000045,832,407,425
122000046,364,772,-408
122000047,197,153,44
122000048,2860,2617,243
122000049,4170,1844,2326
122000050,1285,393,892
122000051,272,195,77
122000052,268,114,154
122000053,77,309,-232
122000054,1710,1619,91
122000055,1347,1609,-262
122000056,3614,2305,1309
122000057,2881,1743,1138
122000058,3512,919,2593
122000059,2751,1046,1705
122000060,942,400,542
122000061,491,164,327
122000062,923,234,689
122000063,612,328,284
122000064,2759,2309,450
122000065,4730,2594,2136
122000066,976,923,53
122000067,1012,1073,-61
122000068,680,1185,-505
122000069,461,775,-314
122000070,345,2509,-2164
122000071,647,1558,-911
122000072,208,232,-24
122000073,250,272,-22
122000074,1051,1076,-25
122000075,316,940,-624
122000076,975,862,113
122000077,973,415,558
122000078,2394,1348,1046
122000079,812,476,336
122000080,443,205,238
122000081,79,153,-74
122000082,1321,637,684
122000083,808,3111,-2303
122000084,614,616,-2
122000085,154,2309,-2155
122000086,1880,2382,-502
122000087,411,120,291
122000088,348,133,215
122000089,5747,3309,2438
122000090,257,302,-45
122000091,211,66,145
122000092,86,11,75
122000093,1282,934,348
122000094,6985,1325,5660
122000095,3605,976,2629
122000096,2664,694,1970
122000098,2803,1100,1703
122000099,1503,644,859
122000100,1325,692,633
122000101,151,1145,-994
122000102,1401,1037,364
122000103,953,1329,-376
122000104,154,152,2
122000105,204,243,-39
122000106,541,319,222
122000107,652,439,213
122000108,307,740,-433
122000109,158,231,-73
122000110,243,474,-231
122000111,2482,1039,1443
122000112,481,1217,-736
122000113,314,676,-362
122000114,2126,1301,825
122000115,1474,894,580
122000116,455,682,-227
122000117,827,411,416
122000118,330,813,-483
122000119,3023,1632,1391
122000120,6312,2724,3588
122000121,7441,2327,5114
122000122,883,1641,-758
122000123,4647,1371,3276
122000124,2123,553,1570
122000125,419,665,-246
122000126,1200,740,460
122000127,2931,885,2046
122000128,774,1284,-510
122000129,212,280,-68
122000130,2894,272,2622
122000131,3668,338,3330
122000132,1363,570,793
122000133,1034,2344,-1310
122000134,401,438,-37
122000135,659,1211,-552
122000136,322,144,178
122000137,659,550,109
122000139,1203,2839,-1636
122000140,1103,473,630
122000141,6269,890,5379
122000142,503,456,47
122000143,902,168,734
122000144,3619,813,2806
122000145,1772,766,1006
122000146,805,981,-176
122000147,928,383,545
122000148,2154,1192,962
122000149,2176,1100,1076
122000150,1226,871,355
122000151,355,323,32
122000152,664,368,296
122000153,603,273,330
122000154,431,170,261
122000155,1922,1669,253
122000156,2188,1700,488
122000157,1520,1077,443
122000158,306,461,-155
122000159,2291,1714,577
122000160,11084,654,10430
122000161,2043,752,1291
122000162,2086,1883,203
122000163,342,50,292
122000164,34,42,-8
122000165,776,531,245
122000166,685,634,51
122000167,152,157,-5
122000168,186,380,-194
122000169,360,146,214
122000170,169,226,-57
122000171,32,59,-27
122000172,1175,1100,75
122000173,1366,1575,-209
122000174,1156,700,456
122000175,888,337,551
122000176,226,480,-254
122000177,1305,1029,276
122000178,2435,1511,924
122000179,2179,1747,432
122000180,1556,713,843
122000181,2640,1727,913
122000182,3842,603,3239
122000183,1992,635,1357
122000184,4585,1334,3251
122000185,1176,933,243
122000186,532,633,-101
122000187,1069,1842,-773
122000188,595,158,437
122000189,224,230,-6
122000190,730,1073,-343
122000191,856,349,507
122000192,655,282,373
122000193,231,580,-349
122000194,471,198,273
122000195,76,348,-272
122000196,714,489,225
122000197,481,646,-165
122000198,448,881,-433
122000199,258,234,24
122000200,974,328,646
122000201,1050,1386,-336
122000202,797,998,-201
122000203,2915,1241,1674
122000204,1469,1632,-163
122000205,1206,885,321
122000206,2034,1037,997
122000207,979,1546,-567
122000208,1465,1861,-396
122000209,1549,239,1310
122000210,966,2253,-1287
122000211,848,1394,-546
122000212,424,531,-107
122000213,697,1067,-370
122000214,1364,1902,-538
122000215,1299,1125,174
122000217,1607,1402,205
122000218,312,39,273
122000219,1614,1202,412
122000220,256,934,-678
122000221,117,338,-221
122000222,444,70,374
122000223,660,564,96
122000225,506,464,42
122000226,926,1912,-986
122000227,252,1475,-1223
122000228,281,442,-161
122000229,10,353,-343
122000230,59,1188,-1129
122000231,124,787,-663
122000232,576,416,160
122000233,0,43,-43
122000234,67,197,-130
122000235,231,297,-66
122000236,290,296,-6
122000237,42,55,-13
122000238,66,128,-62
122000239,296,97,199
122000240,517,280,237
122000241,53,123,-70
122000242,296,71,225
122000243,17,26,-9
122000244,8,294,-286
122000245,7,142,-135
122000246,9,45,-36
122000247,549,639,-90
122000248,1073,2952,-1879
122000249,158,472,-314
122000250,1154,360,794
122000251,245,305,-60
122000252,628,82,546
122000253,16,356,-340
122000254,102,82,20
122000255,518,2377,-1859
122000256,345,1941,-1596
122000257,154,524,-370
122000258,52,201,-149
122000259,17,818,-801
122000260,8,151,-143
122000261,2,153,-151
122000262,0,75,-75
122000263,51,129,-78
122000264,310,518,-208
122000265,1199,767,432
122000266,2955,472,2483
122000267,64,105,-41
122000268,74,489,-415
122000269,378,279,99
122000270,385,95,290
122000271,275,1153,-878
122000272,209,1276,-1067
122000273,223,528,-305
122000274,47,223,-176
122000275,18,150,-132
122000276,187,617,-430
122000277,492,1235,-743
122000278,423,1057,-634
122000279,117,1058,-941
122000280,616,1259,-643
122000281,381,927,-546
122000282,108,221,-113
122000283,228,41,187
122000284,61,112,-51
122000285,183,122,61
122000286,105,220,-115
122000287,575,1208,-633
122000288,172,219,-47
122000291,446,266,180
122000293,317,469,-152
122000294,63,122,-59
122000295,801,130,671
122000296,53,451,-398
122000297,3342,1391,1951
122000299,234,419,-185
122000300,295,413,-118
122000301,15497,1865,13632
122000302,729,405,324
122000303,4393,1069,3324
122000304,6,192,-186
122000305,578,230,348
122000306,25,942,-917
122000307,97,90,7
122000309,37,53,-16
122000310,6,20,-14
122000311,20,33,-13
122000312,30,15,15
122000313,4,39,-35
122000314,39,162,-123
122000315,73,11,62
122000316,190,203,-13
122000317,514,147,367
122000318,108,271,-163
122000319,195,573,-378
122000320,273,2663,-2390
122000321,28,336,-308
122000322,2346,1319,1027
122000323,1401,956,445
122000324,1107,815,292
122000325,743,703,40
122000326,7,155,-148
122000327,133,385,-252
122000328,2444,1412,1032
122000330,2138,568,1570
122000332,149,303,-154
122000333,7,211,-204
122000337,473,3507,-3034
122000338,126,741,-615
122000340,250,187,63
122000342,1798,1404,394
122000343,218,333,-115
122000344,13,16,-3
122000345,19,67,-48
122000346,223,196,27
122000348,318,751,-433
122000349,143,459,-316
122000351,49,187,-138
122000352,324,38,286
122000353,16,162,-146
122000355,87,100,-13
122000356,1457,855,602
122000357,18,14,4
122000358,0,110,-110
122000359,0,57,-57
122000360,0,95,-95
122000362,12,121,-109
122000364,59,560,-501
122000365,1,15,-14
122000366,0,6,-6
122000368,355,910,-555
122000370,9,115,-106
122000371,1,0,1
122000372,0,0,0
122000381,27,337,-310
122000382,50,315,-265
122000384,3356,1675,1681
122000385,12,1,11
122000386,343,709,-366
122000387,291,516,-225
122000388,1343,312,1031
122000389,198,791,-593
122000390,282,169,113
122000391,164,64,100
122000392,167,333,-166
122000393,11,222,-211
122000394,166,362,-196
122000395,78,156,-78
122000396,135,127,8
122000397,24,119,-95
122000398,6,26,-20
122000399,39,92,-53
122000400,117,297,-180
122000401,93,122,-29
122000402,65,42,23
122000403,260,1511,-1251
122000404,68,270,-202
122000408,570,1007,-437
122000503,6,72,-66
122000524,216,113,103
122000544,17,1054,-1037
122000616,1123,6,1117
122000640,31,244,-213
122000641,24,556,-532
122000642,693,1352,-659
122000643,13,80,-67
122000644,191,20,171
122000645,69,110,-41
122000651,1243,495,748
122000664,138,32,106
122000665,759,476,283
122000666,399,1157,-758
122000673,16,452,-436
122000674,81,53,28
122000675,898,1374,-476
122000686,169,1508,-1339
122000687,191,385,-194
122000688,137,964,-827
122000689,223,688,-465
122000690,325,828,-503
122000691,190,2789,-2599
122000692,493,389,104
122000693,345,2072,-1727
122000695,120,633,-513
122000696,125,403,-278
122000698,91,1396,-1305
122000699,116,131,-15
122000701,574,285,289
122000702,307,2115,-1808
122000703,125,25,100
122000717,200,69,131
122000718,391,199,192
122000719,28,43,-15
122000720,65,297,-232
122900001,8,3,5
122900002,909,1134,-225
122900003,102,44,58
122900004,410,12,398
122900005,28,43,-15
122900006,459,266,193
122900007,84,6,78
122900008,412,45,367
122900009,871,235,636
122900010,102,88,14
122900012,237,337,-100
122900014,135,348,-213
122900015,2314,233,2081
122900016,33,375,-342
122900017,552,937,-385
122900018,145,6,139
122900019,16,172,-156
122900020,347,441,-94
122900021,37,491,-454
122900022,274,1008,-734
122900023,128,392,-264
122900024,119,62,57
122900025,5,183,-178
122900026,141,436,-295
122900027,36,619,-583
122900028,207,642,-435
122900029,4481,1025,3456
122900030,1290,377,913
122900031,102,93,9
122900032,127,150,-23
122900033,73,126,-53
122900034,3355,2508,847
122900035,1,3,-2
122900036,15,105,-90
122900037,213,153,60
122900038,131,1322,-1191
122900039,113,241,-128
122900040,114,335,-221
122900041,141,207,-66
122900042,97,300,-203
122900043,189,167,22
122900044,108,311,-203
122900045,46,80,-34
122900046,69,61,8
122900047,85,77,8
122900048,31,119,-88
122900049,1594,95,1499
122900051,69,76,-7
122900052,8,59,-51
122900053,15,7,8
122900055,120,94,26
122900057,234,24,210
122900061,421,119,302
122900062,224,331,-107
122900063,68,551,-483
122900064,698,814,-116
122900065,127,107,20
122900066,202,183,19
122900067,1743,955,788
122900068,252,420,-168
122900069,115,626,-511
122900070,117,37,80
122900071,34,563,-529
122900072,12,639,-627
122900073,32,273,-241
122900074,94,845,-751
122900075,1,62,-61
122900076,3,189,-186
122900077,2,250,-248
122900078,45,217,-172
122900080,33,24,9
122900081,151,96,55
122900082,404,170,234
122900083,87,68,19
122900084,2,166,-164
122900086,0,18,-18
122900087,74,649,-575
122900088,45,71,-26
122900089,3,109,-106
122900090,7,826,-819
122900091,20,0,20
122900092,0,328,-328
122900093,1,469,-468
122900094,4,289,-285
122900095,60,6,54
122900096,47,386,-339
122900097,14,10,4
122900098,91,115,-24
122900099,3,0,3
122900100,166,100,66
122900101,707,140,567
123000001,1889,339,1550
123000002,5936,1733,4203
123000003,3320,1996,1324
123000004,3389,4241,-852
123000005,1836,1819,17
123000006,3034,3058,-24
123000007,1822,1714,108
123000008,1883,3091,-1208
123000009,3882,2782,1100
123000010,4097,3920,177
123000011,2524,943,1581
123000012,967,2417,-1450
123000013,3132,866,2266
123000014,1206,3789,-2583
123000015,4567,536,4031
123000016,7170,2614,4556
123000017,2938,1276,1662
123000018,31,67,-36
123000019,57,454,-397
123000020,35,164,-129
123000021,12,141,-129
123000022,345,471,-126
123000023,999,1168,-169
123000024,683,442,241
123000025,6,47,-41
123000026,1,49,-48
123000027,72,364,-292
123000028,266,232,34
123000029,472,344,128
123000030,41,959,-918
123000031,71,517,-446
123000032,119,356,-237
123000033,84,39,45
123000034,344,377,-33
123000035,158,263,-105
123000036,176,372,-196
123000037,167,537,-370
123000038,64,178,-114
123000039,691,734,-43
123000040,1060,581,479
123000041,603,364,239
123000042,560,661,-101
123000043,3981,3334,647
123000044,6849,2102,4747
123000045,12947,1440,11507
123000046,845,682,163
123000047,3175,886,2289
123000048,62,215,-153
123000049,7967,3317,4650
123000050,734,1009,-275
123000051,100,67,33
123000052,460,1578,-1118
123000053,2842,2233,609
123000054,928,872,56
123000055,581,864,-283
123000056,970,2055,-1085
123000057,20844,4517,16327
123000058,444,628,-184
123000059,259,449,-190
123000060,650,461,189
123000061,149,663,-514
123000063,792,512,280
123000064,722,213,509
123000065,8330,3538,4792
123000066,1120,893,227
123000067,318,573,-255
123000068,2769,3758,-989
123000069,12296,4757,7539
123000070,265,854,-589
123000071,440,1185,-745
123000072,683,1984,-1301
123000073,505,856,-351
123000074,837,2576,-1739
123000075,314,619,-305
123000076,353,1620,-1267
123000077,1582,4293,-2711
123000078,683,1689,-1006
123000079,696,2006,-1310
123000080,1459,3037,-1578
123000081,180,771,-591
123000082,385,1241,-856
123000083,681,70,611
123000084,202,716,-514
123000085,88,134,-46
123000086,135,541,-406
123000087,104,625,-521
123000088,649,1724,-1075
123000089,270,1313,-1043
123000090,948,1282,-334
123000091,1416,1197,219
123000092,965,1038,-73
123000094,298,304,-6
123000095,201,600,-399
123000096,166,529,-363
123000097,195,1107,-912
123000098,257,492,-235
123000099,296,599,-303
123000100,378,464,-86
123000101,528,308,220
123000102,467,436,31
123000104,315,249,66
123000105,511,502,9
123000106,461,267,194
123000107,449,516,-67
123000108,1099,1357,-258
123000111,361,196,165
123000112,432,602,-170
123000113,470,2151,-1681
123000114,328,278,50
123000115,155,263,-108
123000116,27,124,-97
123000117,1392,2681,-1289
123000118,353,1228,-875
123000119,160,1270,-1110
123000120,305,1150,-845
123000121,303,585,-282
123000122,289,283,6
123000123,389,469,-80
123000124,517,498,19
123000125,812,479,333
123000126,2061,1493,568
123000127,1760,841,919
123000128,247,440,-193
123000129,271,223,48
123000130,267,61,206
123000131,432,372,60
123000132,452,584,-132
123000133,476,404,72
123000134,734,155,579
123000135,953,1269,-316
123000136,172,1682,-1510
123000137,75,576,-501
123000138,62,618,-556
123000139,287,103,184
123000140,175,895,-720
123000141,918,70,848
123000142,785,1094,-309
123000143,934,2754,-1820
123000144,24,12,12
123000145,161,91,70
123000146,47,73,-26
123000147,37,88,-51
123000149,293,314,-21
123000150,281,212,69
123000151,286,447,-161
123000152,65,302,-237
123000153,124,387,-263
123000154,1565,1193,372
123000155,2212,827,1385
123000156,38,89,-51
123000157,504,918,-414
123000158,903,421,482
123000159,2833,1453,1380
123000160,503,353,150
123000161,870,650,220
123000162,314,1179,-865
123000163,140,43,97
123000164,512,166,346
123000165,310,2491,-2181
123000166,12,191,-179
123000167,48,328,-280
123000168,169,389,-220
123000169,309,84,225
123000170,18,471,-453
123000171,80,102,-22
123000172,279,901,-622
123000173,958,96,862
123000174,645,120,525
123000175,1084,1817,-733
123000176,759,82,677
123000177,382,1293,-911
123000178,329,56,273
123000179,20,976,-956
123000180,857,214,643
123000181,358,1693,-1335
123000182,110,643,-533
123000183,115,111,4
123000184,39,1077,-1038
123000185,205,337,-132
123000186,3,813,-810
123000187,205,1,204
123000188,83,3,80
123000189,115,264,-149
123000190,16,93,-77
123000192,12,429,-417
123000193,41,743,-702
123000194,423,226,197
123000195,239,9,230
123000196,100,2,98
123000197,27,117,-90
123000198,7,212,-205
123000199,5,582,-577
123000200,175,3,172
123000201,392,21,371
123000202,16,1679,-1663
123000203,355,34,321
123000204,61,1525,-1464
123000205,260,2559,-2299
123000206,677,80,597
123000207,68,1167,-1099
123000208,132,41,91
123000209,784,165,619
123000210,390,1767,-1377
123000211,726,3808,-3082
123000212,928,234,694
123000213,214,37,177
123000215,98,73,25
123000216,257,298,-41
123000217,142,36,106
123000218,125,347,-222
123000219,1029,14,1015
123000220,288,57,231
123000221,87,212,-125
123000222,195,964,-769
123000223,132,775,-643
123000224,392,749,-357
123000225,128,72,56
123000226,80,463,-383
123000227,53,404,-351
123000228,120,45,75
123000229,1116,2281,-1165
123000232,84,653,-569
123000233,348,104,244
123000234,141,749,-608
123000235,156,287,-131
123000236,134,1268,-1134
123000237,150,42,108
123000238,58,807,-749
123000239,491,2794,-2303
123000240,26,216,-190
123000241,1069,111,958
123000242,93,210,-117
123000243,265,1064,-799
123000244,675,498,177
123000245,58,138,-80
123000249,362,532,-170
123000252,407,128,279
123000253,360,202,158
123000254,402,1465,-1063
123000255,597,661,-64
123000256,21,252,-231
123000257,3687,3050,637
123000258,872,1623,-751
123000259,73,352,-279
123000260,192,759,-567
123000261,67,336,-269
123000262,58,243,-185
123000263,157,117,40
123000264,115,31,84
123000265,34,147,-113
123000266,374,795,-421
123000267,183,229,-46
123000268,7,59,-52
123000269,16,40,-24
123000270,8,39,-31
123000271,40,88,-48
123000272,732,148,584
123000273,130,307,-177
123000274,583,265,318
123000275,233,1313,-1080
123000278,3466,2563,903
123000279,22,96,-74
123000280,187,379,-192
123000281,161,93,68
123000282,63,270,-207
123000283,54,36,18
123000284,29,112,-83
123000286,390,198,192
123000287,645,262,383
123000288,516,276,240
123000289,383,379,4
123000291,346,884,-538
123000294,135,200,-65
123000295,611,821,-210
123000296,140,424,-284
123000297,81,322,-241
123000298,78,315,-237
123000299,8,118,-110
123000300,350,574,-224
123000301,52,126,-74
123000302,59,194,-135
123000303,35,99,-64
123000305,874,787,87
123000306,29,387,-358
123000309,29,66,-37
123000310,52,31,21
123000311,0,176,-176
123000312,523,1193,-670
123000313,107,244,-137
123000315,73,402,-329
123000316,1362,40,1322
123000317,155,40,115
123000318,30,281,-251
123000329,17,24,-7
123000337,125,254,-129
123000338,275,42,233
123000339,53,522,-469
123000340,158,538,-380
123000342,1,1,0
123000343,27,0,27
123000344,876,447,429
123000345,393,757,-364
123000346,97,73,24
123000352,2470,777,1693
123000353,14,143,-129
123000354,72,1,71
123000355,0,356,-356
123000356,51,2,49
123000357,1,342,-341
123000359,3,288,-285
123000360,66,8,58
123000361,530,264,266
123000362,150,133,17
123000363,67,372,-305
123000364,333,181,152
123000365,27,225,-198
123000366,216,1194,-978
123000367,207,1194,-987
123000370,25,347,-322
123000371,63,6,57
123000372,86,4,82
123000373,4,435,-431
123000374,3,219,-216
123000375,135,8,127
123000376,418,474,-56
123000377,120,8,112
123000378,3,633,-630
123000379,5,239,-234
123000380,53,191,-138
123000381,84,27,57
123000382,984,20,964
123000383,166,670,-504
123000384,401,104,297
123000385,495,470,25
123000436,33,839,-806
123000507,115,329,-214
123000508,79,299,-220
123000517,311,21,290
123000518,37,252,-215
123000519,100,52,48
123000520,48,215,-167
123000521,216,78,138
123000522,154,650,-496
123000541,0,0,0
123000542,0,38,-38
123000565,107,21,86
123000566,38,983,-945
123000567,75,287,-212
123000573,31,1364,-1333
123000574,418,96,322
123000575,981,1434,-453
123000576,530,1854,-1324
123000577,61,381,-320
123000578,675,161,514
123000579,6272,1963,4309
123000580,22,11,11
123000582,122,20,102
123000583,10,657,-647
123000584,91,192,-101
123000585,1,155,-154
123000586,13,0,13
123000596,92,121,-29
123000597,23,67,-44
123000602,13,3,10
123000603,196,648,-452
123000604,246,1412,-1166
123000605,445,76,369
123000606,1,161,-160
123000609,4,270,-266
123000610,71,113,-42
123000613,33,109,-76
123000614,257,52,205
123000615,28,178,-150
123000616,298,70,228
123000617,21,671,-650
123000618,27,775,-748
123000619,465,44,421
123000620,9,645,-636
123000622,234,19,215
123000624,124,32,92
123000630,305,388,-83
123000631,128,2161,-2033
123000632,1021,1344,-323
123000633,1,162,-161
123000634,50,19,31
123000635,245,129,116
123000636,17,651,-634
123000637,132,120,12
123000638,420,69,351
123000639,1034,1948,-914
123000640,39,1273,-1234
123900001,1319,66,1253
123900002,13,711,-698
123900003,418,729,-311
123900005,89,113,-24
123900006,73,31,42
124000001,1175,105,1070
124000002,97,1544,-1447
124000003,268,114,154
124000004,41,857,-816
124000005,393,184,209
124000006,228,1771,-1543
124000007,507,92,415
124000008,9,354,-345
124000009,148,315,-167
124000010,65,509,-444
124000011,423,276,147
124000012,192,1082,-890
124000017,45,127,-82
124000018,74,175,-101
124000019,50,134,-84
124000020,74,291,-217
124000021,33,63,-30
124000022,121,303,-182
124000023,804,1043,-239
124000024,906,636,270
124000025,716,897,-181
124000026,1095,957,138
124000027,5029,2515,2514
124000028,3557,3154,403
124000030,3521,965,2556
124000031,452,545,-93
124000032,5673,1183,4490
124000033,113,108,5
124000034,2153,598,1555
124000035,14,33,-19
124000036,56,164,-108
124000037,369,214,155
124000038,68,19,49
124000039,1587,195,1392
124000040,740,367,373
124000041,233,64,169
124000042,61,291,-230
124000043,128,80,48
124000044,24,300,-276
124000045,299,528,-229
124000046,135,683,-548
124000047,506,955,-449
124000048,319,2203,-1884
124000049,531,643,-112
124000050,312,2867,-2555
124000051,252,526,-274
124000052,235,1767,-1532
124000053,336,651,-315
124000054,552,909,-357
124000055,721,943,-222
124000056,4187,1298,2889
124000057,369,330,39
124000058,296,1420,-1124
124000059,273,347,-74
124000060,809,980,-171
124000061,904,1588,-684
124000062,6325,1595,4730
124000063,1102,1410,-308
124000064,2550,2107,443
124000065,11,111,-100
124000066,153,58,95
124000067,44,286,-242
124000068,4,24,-20
124000069,85,6,79
124000070,17,237,-220
124000071,37,102,-65
124000072,97,654,-557
124000073,324,66,258
124000074,99,1213,-1114
124000075,86,14,72
124000076,7,309,-302
124000077,1890,493,1397
124000078,3116,266,2850
124000079,813,850,-37
124000080,106,81,25
124000081,124,858,-734
124000082,8,150,-142
124000083,6,171,-165
124000084,26,85,-59
124000085,32,32,0
124000086,48,66,-18
124000087,29,40,-11
124000088,167,269,-102
124000089,427,550,-123
124000090,46,515,-469
124000091,145,61,84
124000092,30,580,-550
124000093,53,33,20
124000094,173,323,-150
124000095,25,54,-29
124000096,46,336,-290
124000097,38,68,-30
124000098,38,101,-63
124000099,28,91,-63
124000100,17,120,-103
124000101,21,85,-64
124000102,51,109,-58
124000103,29,53,-24
124000104,38,92,-54
124000105,19,41,-22
124000106,78,95,-17
124000107,8,75,-67
124000108,39,21,18
124000109,79,39,40
124000110,55,70,-15
124000111,105,133,-28
124000112,336,735,-399
124000113,25,32,-7
124000114,137,659,-522
124000115,310,755,-445
124000116,63,57,6
124000117,71,82,-11
124000118,30,35,-5
124000119,745,681,64
124000120,400,491,-91
124000121,1366,474,892
124000122,518,875,-357
124000123,636,294,342
124000124,472,896,-424
124000125,339,331,8
124000126,414,581,-167
124000127,629,360,269
124000128,480,1052,-572
124000129,1560,1254,306
124000130,794,594,200
124000131,840,480,360
124000132,717,722,-5
124000133,362,732,-370
124000134,484,833,-349
124000135,1395,1221,174
124000136,994,1151,-157
124000137,1374,608,766
124000138,2068,1067,1001
124000139,213,15,198
124000140,13,389,-376
124000141,33,3,30
124000142,9,102,-93
124000143,17,10,7
124000144,3,33,-30
124000145,44,12,32
124000146,25,195,-170
124000148,15,14,1
124000149,536,249,287
124000150,363,548,-185
124000151,311,103,208
124000152,460,1042,-582
124000153,350,258,92
124000154,395,807,-412
124000155,611,303,308
124000156,918,841,77
124000169,130,320,-190
124000170,678,448,230
124000171,160,213,-53
124000172,341,688,-347
124000173,211,253,-42
124000174,155,934,-779
124000175,10,188,-178
124000176,4,6,-2
124000177,25,54,-29
124000178,22,17,5
124000190,90,13,77
124000191,112,14,98
124000192,1224,244,980
124000193,287,1219,-932
124000194,245,684,-439
124000195,188,364,-176
124000196,579,1322,-743
124000197,34,63,-29
124000198,13,27,-14
124000201,165,1051,-886
124000202,297,79,218
124000203,80,1078,-998
124000204,283,560,-277
124000205,25,741,-716
124000206,129,394,-265
124000207,2,61,-59
124000209,121,699,-578
124000210,89,260,-171
124000211,132,1,131
124000212,0,716,-716
124000213,94,445,-351
124000214,115,789,-674
124000215,54,4,50
124000216,2,701,-699
124000329,45,2565,-2520
124000338,31,1489,-1458
124000339,197,71,126
124000341,242,41,201
124000344,8,1,7
124000357,592,1022,-430
124000358,697,723,-26
124000359,717,328,389
124000360,301,266,35
124000361,690,519,171
124000362,1407,1897,-490
124000363,229,520,-291
124000364,491,1542,-1051
124000365,651,1287,-636
124000366,1970,884,1086
124000367,100,725,-625
124000368,136,104,32
124000369,54,47,7
124000370,70,551,-481
124000402,3,7,-4
124000403,16,2,14
124000404,8,177,-169
124000405,1136,550,586
124000406,1040,835,205
124000407,2,18,-16
124000411,0,434,-434
124000412,78,12,66
124000413,55,24,31
124000414,27,148,-121
124000415,66,288,-222
124000416,82,453,-371
124000417,74,103,-29
124000418,35,154,-119
124000419,42,242,-200
124000420,12,57,-45
124000421,20,355,-335
124000422,42,7,35
124000423,91,36,55
124000424,0,122,-122
124000425,8,6,2
124000426,1,34,-33
124000427,14,24,-10
124000428,7,36,-29
124000429,14,92,-78
124000430,345,898,-553
124000431,202,900,-698
124000432,90,746,-656
124000439,2,4,-2
124000442,4,289,-285
124000443,0,4,-4
124000445,123,90,33
124000446,1435,27,1408
124900001,134,135,-1
124900002,94,599,-505
124900003,181,315,-134
124900004,131,210,-79
124900005,197,282,-85
124900006,180,243,-63
124900008,766,238,528
124900009,90,153,-63
124900010,38,23,15
124900011,185,123,62
124900012,336,114,222
124900013,165,102,63
124900014,45,103,-58
124900015,99,138,-39
124900016,23,34,-11
124900017,748,165,583
124900018,5,1,4
124900019,162,25,137
124900020,51,53,-2
124900021,80,39,41
124900022,27,3,24
124900024,87,8,79
124900026,13,5,8
124900027,41,86,-45
124900028,724,155,569
124900029,2,193,-191
124900030,0,187,-187
124900031,11,496,-485
124900032,184,118,66
124900033,55,512,-457
124900034,14,92,-78
124900035,92,555,-463
124900036,0,28,-28
124900037,115,349,-234
124900038,315,317,-2
124900039,0,15,-15
124900040,19,103,-84
124900041,118,1027,-909
124900042,15,4,11
124900043,229,984,-755
124900044,25,0,25
124900045,668,447,221
124900046,2577,221,2356
124900047,67,195,-128
124900048,59,158,-99
124900050,74,239,-165
124900052,97,727,-630
124900053,15,386,-371
124900054,3170,253,2917
124900055,2,98,-96
124900057,5,72,-67
124900060,46,185,-139
124900061,15,2,13
124900062,18,9,9
124900066,0,14,-14
124900067,4,148,-144
124900068,278,281,-3
124900069,152,109,43
124900070,41,20,21
124900072,43,6,37
124900074,104,382,-278
124900075,52,110,-58
124900076,38,201,-163
124900077,24,81,-57
124900078,46,9,37
124900079,650,27,623
124900080,92,659,-567
124900081,210,126,84
124900082,172,802,-630
124900083,93,453,-360
124900084,2227,59,2168
124900085,1177,115,1062
124900086,46,321,-275
124900087,361,35,326
124900088,604,80,524
124900089,1359,18,1341
124900090,79,193,-114
124900091,143,715,-572
124900092,110,536,-426
124900093,82,208,-126
124900094,141,296,-155
124900095,35,334,-299
124900096,605,129,476
124900097,132,40,92
124900098,106,468,-362
124900099,999,287,712
124900100,157,54,103
124900101,16,262,-246
124900102,100,21,79
124900103,89,252,-163
124900104,22,190,-168
124900105,18,187,-169
124900106,217,18,199
124900107,42,10,32
124900108,89,12,77
124900109,28,82,-54
124900110,85,411,-326
124900111,0,40,-40
124900112,47,1227,-1180
129000186,95,10,85
204000001,11,4,7
204000002,10,7,3
204000003,4,0,4
204000004,14,0,14
204000005,202,226,-24
204000006,586,449,137
204000008,650,297,353
204000011,11,61,-50
204000012,8,80,-72
204000013,1,33,-32
204000019,318,469,-151
204000020,247,635,-388
204000021,1439,613,826
204000022,309,460,-151
204000023,233,1214,-981
204000031,30,15,15
204000032,360,30,330
204000034,25,473,-448
204000035,0,5,-5
204000036,5,30,-25
204000037,0,11,-11
204000038,0,11,-11
204000039,6,87,-81
204000040,2,49,-47
204000041,11,78,-67
204000042,9,20,-11
204000043,9,28,-19
204000044,6,4,2
204000045,15,10,5
204000046,6,4,2
204000057,4,58,-54
204000062,3,13,-10
204000068,21,108,-87
204000069,11,74,-63
204000070,20,85,-65
204000080,13,42,-29
204000085,844,2132,-1288
204000086,2321,1984,337
204000087,27,22,5
204000088,6,97,-91
204000090,15,525,-510
204000093,198,17,181
204000096,273,432,-159
204000097,125,11,114
204000099,587,846,-259
204000100,485,656,-171
204000105,1744,1751,-7
204000110,477,1182,-705
204000111,198,651,-453
204000112,432,932,-500
204000113,516,799,-283
204000114,740,278,462
204000115,221,288,-67
204000116,425,384,41
204000119,983,964,19
204000132,212,165,47
204000133,324,187,137
204000134,132,127,5
204000135,139,73,66
204000136,94,192,-98
204000138,165,127,38
204000140,66,92,-26
204000141,45,51,-6
204000144,3,17,-14
204000145,379,25,354
204000146,22,451,-429
204000147,10,113,-103
204000148,427,28,399
204000154,0,1,-1
204000155,2,9,-7
204000177,46,46,0
204000179,9,4,5
204000180,0,17,-17
204000222,0,7,-7
204000235,5,25,-20
204000236,70,280,-210
204000238,55,18,37
204000240,251,60,191
204000308,134,22,112
204000317,8,55,-47
204000322,4,24,-20
204000323,23,13,10
204000328,233,35,198
204000329,39,85,-46
204000330,108,5,103
204000331,21,149,-128
204010341,13,210,-197
205000001,1031,1225,-194
205000013,8,97,-89
205000014,11,142,-131
205000015,25,296,-271
205000016,18,250,-232
205000017,44,115,-71
205000022,223,479,-256
205000025,1481,833,648
205000029,101,4,97
205000045,28,120,-92
205000047,55,405,-350
205000048,98,872,-774
205000049,70,622,-552
205000050,774,203,571
205000059,0,261,-261
205000060,0,40,-40
205000061,2,22,-20
205000062,3,26,-23
205000063,8,41,-33
205000064,10,137,-127
205000065,26,863,-837
205000066,59,790,-731
205000067,40,1163,-1123
205000069,152,21,131
205000082,109,81,28
205000110,36,136,-100
205000111,88,231,-143
205000112,42,118,-76
205000113,230,224,6
205000121,127,16,111
205000123,98,210,-112
205000126,221,45,176
205000127,240,57,183
205000128,236,36,200
205000129,211,37,174
205000130,83,7,76
205000131,63,1,62
205000132,143,3,140
205000133,34,0,34
205000134,45,0,45
205000137,131,145,-14
205000138,320,251,69
205000139,34,80,-46
205000144,20,28,-8
205000145,313,69,244
205000151,102,15,87
205000152,64,15,49
205000153,83,18,65
205000154,21,18,3
205000155,26,3,23
205000207,42,132,-90
205000233,0,1,-1
205000234,0,0,0
205000243,0,0,0
205000244,0,3,-3
205000245,21,342,-321
205000249,1,23,-22
205000250,1,0,1
205000251,41,381,-340
205000264,2,115,-113
206000027,6,2,4
206000028,12,1,11
206000043,11,197,-186
206000053,15,36,-21
206000054,14,32,-18
206000055,5,52,-47
206000075,8,4,4
206000076,22,9,13
206000077,12,3,9
206000078,7,10,-3
206000079,18,1,17
206000082,370,13,357
206000100,81,796,-715
206000103,8,31,-23
206000104,22,15,7
206000105,7,24,-17
206000106,11,39,-28
206000108,729,44,685
206000125,53,0,53
206000157,167,947,-780
206000170,4,341,-337
206000171,5,331,-326
206000172,15,1400,-1385
206000173,1,382,-381
206000174,4,199,-195
206000175,5,328,-323
206000176,18,617,-599
206000177,2,365,-363
206000178,1,233,-232
206000179,5,172,-167
206000180,23,357,-334
206000181,11,449,-438
206000182,36,488,-452
206000183,44,1732,-1688
206000184,1,608,-607
206000185,14,534,-520
206000186,178,2284,-2106
206000223,7,337,-330
206000226,23,0,23
206000227,13,0,13
206000237,33,652,-619
206000238,73,958,-885
206000239,761,3021,-2260
206000240,1,58,-57
206000241,2,187,-185
206000242,7,700,-693
206000243,9,570,-561
206000244,80,1299,-1219
206000245,254,30,224
206000246,35,13,22
206000247,45,6,39
206000248,92,18,74
206000252,97,20,77
206000258,23,32,-9
206000315,20,5,15
206000317,154,69,85
206000318,86,19,67
206000319,327,43,284
206000320,44,33,11
206000321,31,6,25
206000322,160,13,147
206000323,49,5,44
206000324,78,3,75
206000325,96,26,70
206000326,77,8,69
206000327,36,9,27
206000328,48,2,46
206000329,82,8,74
206000330,27,13,14
206000331,40,3,37
206000332,6,3,3
206000333,139,2,137
206000334,92,1,91
206000335,0,30,-30
206000361,3,346,-343
206000392,2,63,-61
206000405,57,1,56
206000441,11,6,5
206000498,12,1,11
206000515,152,37,115
206000530,33,30,3
206000531,83,70,13
206000532,1329,83,1246
206000535,487,2437,-1950
206000536,14,285,-271
206000537,15,194,-179
206000613,1115,110,1005
207000001,80,379,-299
207000002,60,278,-218
207000003,109,245,-136
207000007,386,260,126
207000008,36,30,6
207000009,57,42,15
207000010,431,669,-238
207000012,199,305,-106
207000015,306,1875,-1569
207000019,154,77,77
207000021,540,123,417
207000022,48,74,-26
207000023,76,44,32
207000024,0,10,-10
207000025,8,46,-38
207000026,82,60,22
207000027,16,100,-84
207000028,36,294,-258
207000029,190,386,-196
207000033,203,170,33
207000034,152,45,107
207000039,168,174,-6
207000040,140,181,-41
207000041,24,94,-70
207000042,169,92,77
207000043,114,245,-131
207000051,101,410,-309
207000052,12,228,-216
207000053,410,664,-254
207000054,30,144,-114
207000055,61,207,-146
207000056,256,433,-177
207000057,135,347,-212
207000058,35,535,-500
207000059,38,887,-849
207000060,23,230,-207
207000061,35,108,-73
207000062,87,44,43
207000063,85,151,-66
207000064,256,322,-66
207000065,235,283,-48
207000066,57,191,-134
207000067,41,146,-105
207000068,61,73,-12
207000069,568,441,127
207000082,39,390,-351
207000083,66,468,-402
207000084,94,186,-92
207000085,133,14,119
207000086,88,6,82
207000106,3,45,-42
207000107,18,33,-15
207000108,18,11,7
207000109,18,10,8
207000110,16,27,-11
207000111,37,44,-7
207000112,90,115,-25
207000114,20,24,-4
207000115,12,69,-57
207000116,22,197,-175
207000117,3,109,-106
207000118,2,107,-105
207000119,13,139,-126
207000123,270,23,247
207000124,22,17,5
207000125,16,22,-6
207000126,44,18,26
207000134,14,273,-259
207000135,21,336,-315
207000148,34,108,-74
207000149,49,36,13
207000152,87,400,-313
207000153,1283,932,351
207000154,279,132,147
207000159,38,548,-510
207000160,52,629,-577
207000238,0,43,-43
207000242,0,202,-202
207000248,39,17,22
207000249,98,68,30
207000250,538,52,486
207000251,80,32,48
207000252,36,70,-34
207000278,32,69,-37
207000279,13,258,-245
207000280,132,54,78
207000281,84,1491,-1407
207000282,110,42,68
207000283,116,195,-79
207000284,30,46,-16
207000285,117,35,82
207000291,19,118,-99
207000304,61,66,-5
207000306,27,423,-396
207000310,24,94,-70
207000353,88,2,86
207000356,2,21,-19
207000357,6,8,-2
207000415,1,207,-206
207000417,6,5,1
207000437,0,2,-2
207000439,1478,245,1233
207000446,55,3,52
207000460,3,11,-8
207000466,158,205,-47
207000467,0,8,-8
207000468,0,13,-13
207000476,3,92,-89
207000477,143,167,-24
207000523,0,12,-12
207000524,13,0,13
207000527,61,162,-101
207000530,76,3,73
207000531,74,4,70
207000532,49,7,42
207000534,698,33,665
207000535,36,125,-89
207000537,15,127,-112
207000540,2,198,-196
207000541,6,288,-282
207000548,2,292,-290
207000549,53,7,46
207000561,68,39,29
207000562,24,188,-164
207000567,131,285,-154
207000568,39,101,-62
207000569,90,1453,-1363
207000584,487,89,398
207000585,35,77,-42
207000616,3,227,-224
207000617,37,0,37
207000628,0,1,-1
207900008,56,255,-199
208000001,277,415,-138
208000002,267,266,1
208000003,467,375,92
208000004,531,493,38
208000005,2,18,-16
208000019,325,778,-453
208000020,50,387,-337
208000021,80,516,-436
208000022,440,702,-262
208000028,873,807,66
208000033,263,587,-324
208000034,923,1360,-437
208000040,42,135,-93
208000041,397,450,-53
208000042,480,457,23
208000047,71,345,-274
208000064,2313,878,1435
208000066,1037,476,561
208000070,119,374,-255
208000071,185,635,-450
208000072,171,1005,-834
208000080,92,219,-127
208000081,108,105,3
208000082,130,294,-164
208000083,52,333,-281
208000084,9,13,-4
208000085,527,505,22
208000086,314,849,-535
208000087,191,582,-391
208000089,330,597,-267
208000090,286,1007,-721
208000093,37,99,-62
208000094,244,496,-252
208000095,412,338,74
208000104,462,691,-229
208000105,307,874,-567
208000114,27,76,-49
208000115,249,259,-10
208000116,107,843,-736
208000117,21,102,-81
208000118,24,59,-35
208000155,314,622,-308
208000158,1245,1857,-612
208000186,2949,1108,1841
208000204,245,689,-444
208000205,515,1184,-669
208000282,3203,899,2304
209000004,61,136,-75
209000005,15,26,-11
209000006,198,101,97
209000007,164,129,35
209000010,359,136,223
209000011,61,190,-129
209000012,142,177,-35
209000013,128,667,-539
209000014,595,1843,-1248
209000025,81,14,67
209000026,299,53,246
209000027,274,1115,-841
209000028,251,1337,-1086
209000029,360,1017,-657
209000030,241,1766,-1525
209000031,4112,2662,1450
209000034,102,132,-30
209000035,61,72,-11
209000036,71,87,-16
209000037,65,130,-65
209000038,52,140,-88
209000039,25,102,-77
209000040,249,408,-159
209000041,130,301,-171
209000042,238,311,-73
209000043,584,431,153
209000044,137,427,-290
209000045,582,236,346
209000046,145,277,-132
209000047,81,78,3
209000048,144,135,9
209000049,94,112,-18
209000050,116,126,-10
209000051,144,258,-114
209000052,71,345,-274
209000062,25,177,-152
209000063,18,147,-129
209000064,11,164,-153
209000065,24,19,5
209000066,17,35,-18
209000067,37,58,-21
209000080,31,158,-127
209000082,47,30,17
209000091,21,95,-74
209000093,68,37,31
209000094,108,96,12
209000110,53,33,20
209000111,407,641,-234
209000112,310,274,36
209000113,624,253,371
209000114,190,180,10
209000115,54,191,-137
209000116,643,544,99
209000118,2,48,-46
209000119,7,16,-9
209000121,97,729,-632
209000135,54,56,-2
209000142,690,494,196
209000143,48,71,-23
209000144,12,43,-31
209000229,49,112,-63
209000240,28,425,-397
209000259,84,90,-6
209000260,49,1040,-991
209000261,2,605,-603
209000262,1,611,-610
209000263,0,116,-116
209000264,0,24,-24
209000265,140,2,138
209000266,29,0,29
209000267,168,1,167
209000268,264,17,247
210000037,53,20,33
210000047,45,46,-1
210000048,33,36,-3
210000049,37,38,-1
210000052,24,150,-126
210000053,19,79,-60
210000054,113,63,50
210000070,24,0,24
210000071,37,1,36
210000072,5,0,5
210000073,0,31,-31
210000074,0,108,-108
210000075,0,48,-48
210000076,4,141,-137
210000077,17,31,-14
210000078,32,24,8
210000079,14,7,7
210000080,71,47,24
210000081,98,4,94
210000082,20,1,19
210000083,63,1,62
210000084,17,0,17
210000085,0,88,-88
210000086,1,137,-136
210000099,27,285,-258
210000100,23,276,-253
210000101,88,226,-138
210000105,75,160,-85
210000159,3,125,-122
210000163,194,172,22
210000164,309,68,241
210000168,136,28,108
210000187,0,3,-3
210000188,1,20,-19
210000214,6,0,6
210000219,13,41,-28
210000220,37,105,-68
210000232,0,39,-39
210000233,9,53,-44
210000234,25,141,-116
210000235,23,139,-116
210000245,0,27,-27
210000246,14,3,11
210000258,13,181,-168
210000259,110,22,88
210000282,52,193,-141
210000285,1,109,-108
210000286,12,189,-177
210000295,27,123,-96
210000296,20,36,-16
210000320,82,177,-95
210000321,15,100,-85
210000338,43,101,-58
210000339,790,610,180
210000340,119,180,-61
210000341,107,154,-47
210000342,134,148,-14
210000343,110,159,-49
210000344,144,91,53
210000345,148,79,69
210000346,20,38,-18
210000347,43,24,19
210000348,37,5,32
210000349,16,18,-2
210000350,55,82,-27
210000351,65,111,-46
210000352,58,112,-54
210000353,29,121,-92
210000354,39,124,-85
210000355,33,113,-80
210000356,27,52,-25
210000357,32,18,14
210000358,351,80,271
210000359,49,49,0
210000360,132,100,32
210000361,79,128,-49
210000362,144,125,19
210000363,940,104,836
210000364,84,96,-12
210000365,78,28,50
210000366,96,30,66
210000367,47,18,29
210000368,74,24,50
210000369,15,16,-1
210000370,46,38,8
210000372,11,38,-27
210000373,22,8,14
210000374,46,3,43
210000375,22,99,-77
210000376,47,159,-112
210000404,74,140,-66
210000439,13,43,-30
210000472,77,6,71
210000482,88,35,53
210000564,854,104,750
210000568,632,2,630
211000092,4,97,-93
211000094,20,5,15
211000169,102,6,96
211000172,9,196,-187
211000209,0,19,-19
211000275,9,37,-28
211000276,31,37,-6
211000279,6,78,-72
211000281,11,69,-58
211507980,0,15,-15
211977296,4,2,2
212000003,74,49,25
212000004,20,10,10
212000005,7,16,-9
212000006,19,95,-76
212000008,68,277,-209
212000009,11,169,-158
212000012,34,74,-40
212000013,16,73,-57
212000014,192,199,-7
212000015,149,295,-146
212000016,320,557,-237
212000027,370,501,-131
212000028,151,358,-207
212000029,126,280,-154
212000030,9,31,-22
212000031,35,71,-36
212000048,16,78,-62
212000049,1,71,-70
212000050,27,9,18
212000051,104,234,-130
212000052,97,477,-380
212000053,242,737,-495
212000054,77,152,-75
212000055,110,226,-116
212000056,13,52,-39
212000057,4,28,-24
212000058,347,35,312
212000070,60,383,-323
212000077,77,898,-821
212000099,126,202,-76
212000108,100,164,-64
212000111,97,165,-68
212000120,48,125,-77
212000138,63,36,27
212000156,2,143,-141
212000158,5,15,-10
212000159,115,51,64
212000160,231,204,27
212000161,16,19,-3
212000310,21,25,-4
212000311,4,81,-77
212000374,18,16,2
213000001,14,635,-621
213000005,378,57,321
213000006,862,88,774
213000007,23,1,22
213000009,244,127,117
213000010,90,107,-17
213000011,108,80,28
213000012,102,516,-414
213000014,18,4,14
213000015,61,1,60
213000016,79,1,78
213000017,3,0,3
213000018,1,254,-253
213000019,0,156,-156
213000020,87,298,-211
213000021,1,101,-100
213000023,146,104,42
213000033,144,572,-428
213000034,223,307,-84
213000035,50,69,-19
213000045,79,243,-164
213000046,51,190,-139
213000047,335,560,-225
213000056,15,4,11
213000069,15,1,14
213000073,1,24,-23
213000074,108,518,-410
213000075,335,6,329
213000085,4,53,-49
213000086,14,232,-218
213000091,22,1,21
213000092,9,4,5
213000099,98,713,-615
213000100,829,97,732
213000101,73,149,-76
213000102,91,451,-360
213000103,432,724,-292
213000104,25,461,-436
213000105,1,36,-35
213000106,8,231,-223
213000107,92,716,-624
213000108,8,544,-536
213000109,1,223,-222
213000110,1,48,-47
213000111,2,39,-37
213000112,184,126,58
213000115,5,4,1
213000116,52,692,-640
213000117,9,825,-816
213000118,186,281,-95
213000119,47,739,-692
213000120,60,750,-690
213000122,136,929,-793
213000123,680,1245,-565
213000124,48,1660,-1612
213000125,122,10,112
213000126,132,82,50
213000127,180,117,63
213000128,821,425,396
213000129,482,115,367
213000130,256,66,190
213000132,101,59,42
213000133,80,55,25
213000134,295,12,283
213000136,160,3,157
213000137,369,27,342
213000139,123,1,122
213000147,9,1,8
213000148,4,3,1
213000149,15,0,15
213000150,2,70,-68
213000151,1,59,-58
213000152,1,75,-74
213000153,0,33,-33
213000154,15,170,-155
213000155,22,350,-328
213000156,40,543,-503
213000157,482,595,-113
213000158,231,854,-623
213000159,388,516,-128
213000163,306,106,200
213000165,571,79,492
213000171,3,187,-184
213000172,2,351,-349
213000173,1,364,-363
213000174,6,454,-448
213000175,10,431,-421
213000176,14,18,-4
213000177,15,2,13
213000178,19,4,15
213000179,80,1,79
213000180,18,0,18
213000184,67,444,-377
213000188,319,55,264
213000189,154,26,128
213000190,807,591,216
213000191,114,527,-413
213000192,44,588,-544
213000193,1274,223,1051
213000194,0,24,-24
213000195,8,363,-355
213000196,85,676,-591
213000197,206,134,72
213000198,6,0,6
213000200,92,1088,-996
213000201,70,52,18
213000202,14,678,-664
213000203,2181,253,1928
213000204,307,9,298
213000205,130,20,110
213000206,123,10,113
213000207,15,6,9
213000208,13,0,13
213000209,54,1,53
213000210,100,0,100
213000211,0,5,-5
213000212,0,40,-40
213000213,2,17,-15
213000218,114,892,-778
213000219,369,17,352
213000220,276,14,262
213000223,110,57,53
213000224,8,10,-2
213000225,11,3,8
213000226,24,6,18
213000227,354,70,284
213000228,82,42,40
213000229,540,12,528
213000230,105,6,99
213000232,36,245,-209
213000233,4,20,-16
213000234,1,23,-22
213000293,7,33,-26
213000294,20,3,17
213000295,12,60,-48
213000296,56,14,42
213000297,3,63,-60
213000298,4,74,-70
213000299,34,44,-10
213000300,2,1,1
213000303,1,31,-30
213000304,3,2,1
213000305,0,16,-16
213000306,19,36,-17
213000307,107,74,33
213000308,67,270,-203
213000309,63,41,22
213000310,195,79,116
213000311,258,538,-280
213000315,34,158,-124
213000316,69,41,28
213000322,41,140,-99
213000323,26,83,-57
213000324,48,260,-212
213000325,28,227,-199
213000326,19,116,-97
213000327,25,216,-191
213000328,49,112,-63
213000329,43,140,-97
213000340,90,892,-802
213000341,109,45,64
213000347,839,68,771
213000348,10,131,-121
213000349,16,6,10
213000350,169,1603,-1434
213000366,8,311,-303
213000367,59,33,26
213000379,90,140,-50
213000386,3,164,-161
213000406,69,320,-251
213000417,493,240,253
213000425,39,35,4
213000426,61,82,-21
213000427,12,399,-387
213000428,19,263,-244
213000429,11,1,10
213000430,42,1054,-1012
213000431,41,0,41
213000432,0,3,-3
213000433,5,113,-108
213000434,34,100,-66
213000435,68,75,-7
213000436,5,72,-67
213000437,3,98,-95
213000438,50,142,-92
213000439,6,3,3
213000440,2,134,-132
213000441,0,0,0
213000442,2,57,-55
213000443,244,237,7
213000444,12,177,-165
213000445,0,111,-111
213000446,0,13,-13
213000447,0,11,-11
213000448,3,24,-21
213000449,41,1,40
213000450,29,32,-3
213000451,74,109,-35
213000452,2,19,-17
213000453,35,246,-211
213000455,174,15,159
213000456,1,133,-132
213000481,5,5,0
213000484,70,0,70
213000489,404,7,397
213900002,0,32,-32
213900003,25,2,23
213900013,0,211,-211
213900015,0,6,-6
213900016,1,18,-17
213900020,3,251,-248
213900030,0,78,-78
213900032,200,18,182
213900033,17,22,-5
213900034,98,96,2
213900035,63,863,-800
213900036,37,348,-311
213900037,23,471,-448
213900038,124,168,-44
213900039,0,122,-122
213900041,0,55,-55
213900042,167,29,138
213900043,87,126,-39
213900244,1,0,1
213900245,0,43,-43
218000003,6,13,-7
218000004,11,15,-4
218000005,13,23,-10
218000006,34,27,7
218000007,1,5,-4
218000012,185,110,75
218000013,75,130,-55
218000014,644,386,258
218000019,1239,437,802
218000020,364,376,-12
218000021,55,161,-106
218000022,11,67,-56
218000023,1,65,-64
218000024,2,26,-24
218000025,8,44,-36
218000026,16,96,-80
218000027,3,28,-25
218000028,1,6,-5
218000029,2,6,-4
218000030,29,63,-34
218000031,6,79,-73
218000032,3,57,-54
218000039,5,36,-31
218000040,6,4,2
218000046,16,272,-256
218000047,4,282,-278
218000048,40,311,-271
218000049,101,238,-137
218000050,366,455,-89
218000051,32,464,-432
218000052,1,100,-99
218000053,0,8,-8
218000054,35,45,-10
218000055,2,22,-20
218000056,6,47,-41
218000057,3,61,-58
218000064,4,3,1
218000065,20,46,-26
218000066,8,69,-61
218000067,17,133,-116
218000068,66,151,-85
218000069,93,245,-152
218000070,129,412,-283
218000071,155,310,-155
218000072,511,264,247
218000078,403,1304,-901
218000079,36,84,-48
218000080,55,112,-57
218000081,220,374,-154
218000082,10,160,-150
218000083,27,91,-64
218000084,86,270,-184
218000085,103,648,-545
218000086,26,237,-211
218000087,186,389,-203
218000090,1,63,-62
218000091,401,295,106
218000092,28,176,-148
218000093,38,136,-98
218000094,253,728,-475
218000099,345,470,-125
218000100,136,409,-273
218000101,110,251,-141
218000102,144,403,-259
218000103,64,222,-158
218000104,35,79,-44
218000105,74,20,54
218000106,12,5,7
218000107,30,204,-174
218000108,18,108,-90
218000112,102,67,35
218000117,63,99,-36
218000134,549,868,-319
218000135,25,87,-62
218000136,100,46,54
218000137,70,144,-74
218000138,41,96,-55
218000139,53,355,-302
218000140,89,102,-13
218000141,26,51,-25
218000142,60,146,-86
218000143,11,126,-115
218000144,12,41,-29
218000145,132,520,-388
218000146,29,133,-104
218000151,13,7,6
218000152,25,49,-24
218000153,1,3,-2
218000154,1,2,-1
218000155,3,6,-3
218000156,15,23,-8
218000157,3,12,-9
218000158,0,7,-7
218000159,0,2,-2
218000160,1,2,-1
218000161,7,7,0
218000162,14,18,-4
218000163,4,5,-1
218000164,9,29,-20
218000165,24,59,-35
218000170,0,25,-25
218000171,30,6,24
218000172,6,6,0
218000173,56,13,43
218000174,5,5,0
218000176,45,15,30
218000177,214,77,137
218000178,66,64,2
218000179,40,24,16
218000180,31,9,22
218000181,82,16,66
218000187,3,17,-14
218000188,6,22,-16
218000189,9,64,-55
218000190,4,23,-19
218000191,26,91,-65
218000192,118,624,-506
218000193,391,609,-218
218000194,44,532,-488
218000195,64,118,-54
218000196,147,269,-122
218000197,162,463,-301
218000198,1,132,-131
218000199,5,37,-32
218000200,42,27,15
218000201,13,12,1
218000202,95,141,-46
218000207,6,40,-34
218000208,18,40,-22
218000211,13,4,9
218000212,3,14,-11
218000213,79,84,-5
218000214,3,22,-19
218000215,49,148,-99
218000217,10,121,-111
218000218,369,103,266
218000219,16,25,-9
218000220,98,269,-171
218000221,377,134,243
218000222,54,4,50
218000223,27,108,-81
218000224,1,49,-48
218000225,161,21,140
218000226,44,37,7
218000230,0,2,-2
218000232,73,45,28
218000234,5,14,-9
218000239,4,0,4
218000240,2,0,2
218000241,3,0,3
218000242,0,2,-2
218000243,2,1,1
218000244,5,1,4
218000245,3,0,3
218000246,0,0,0
218000247,2,0,2
218000248,0,49,-49
218000249,0,3,-3
218000250,1,17,-16
218000251,0,18,-18
218000252,1,21,-20
218000253,1,13,-12
218000254,2,8,-6
218000255,0,13,-13
218000256,2,44,-42
218000267,398,933,-535
218000268,3,72,-69
218000269,6,17,-11
218000270,10,43,-33
218000271,28,38,-10
218000273,8,5,3
218000274,6,5,1
218000275,4,28,-24
218000276,0,53,-53
218000278,12,36,-24
218000279,3,41,-38
218000280,4,11,-7
218000281,15,13,2
218000282,196,96,100
218000284,84,4,80
218000301,42,104,-62
218000302,47,50,-3
218000303,13,38,-25
218000316,666,1047,-381
218000317,390,1222,-832
218000318,169,1058,-889
218000319,529,1419,-890
218000320,451,666,-215
218000338,12,24,-12
218000339,1,9,-8
218000342,7,48,-41
218000343,22,65,-43
218000345,24,35,-11
218000346,9,73,-64
218000353,13,19,-6
218000354,10,47,-37
218000459,84,419,-335
218000490,6,53,-47
218000501,19,24,-5
218000502,14,164,-150
218000503,27,14,13
218000504,74,11,63
218000505,28,239,-211
218000506,42,183,-141
218000508,1,1,0
218000510,184,8,176
218000520,132,106,26
218000521,0,26,-26
218000522,2,111,-109
218000523,20,0,20
218000524,23,71,-48
218000525,70,14,56
218000526,57,97,-40
218000529,9,76,-67
218000530,4,10,-6
218000531,1,35,-34
218000532,16,33,-17
218000534,11,4,7
218000537,2,21,-19
218000538,38,105,-67
218000539,5,47,-42
218000540,156,81,75
218000543,47,64,-17
218000544,19,113,-94
218000545,10,99,-89
218000546,36,152,-116
218000547,69,97,-28
218000548,92,206,-114
218000549,417,72,345
218000550,265,669,-404
218000551,367,144,223
218000552,673,20,653
218000553,10,41,-31
218000554,8,15,-7
218000555,3,35,-32
218000556,22,416,-394
218000557,110,86,24
218000558,44,0,44
218000559,0,26,-26
218000560,0,6,-6
218000561,9,0,9
218000562,11,176,-165
218000563,76,15,61
218000564,3,139,-136
218000565,214,31,183
218000566,178,6,172
218000567,1,63,-62
218000568,3,1,2
218000569,1,32,-31
218000570,25,5,20
218000571,0,70,-70
218000572,17,0,17
218000573,29,42,-13
218000574,113,48,65
218000575,24,0,24
218000576,0,63,-63
218000577,21,0,21
218000578,0,120,-120
218000579,28,7,21
218000581,2,84,-82
218000582,8,1,7
218000583,1,0,1
218000584,0,18,-18
218000585,10,6,4
218000586,5,51,-46
218000587,0,3,-3
218000588,0,3,-3
218000589,0,3,-3
218000590,0,0,0
218000591,1,6,-5
218000592,1,0,1
218000593,0,0,0
218000594,0,0,0
218000595,0,0,0
218000596,0,0,0
218000597,0,0,0
218000598,0,0,0
218000599,0,0,0
218000600,1,0,1
218000601,0,1,-1
218000602,0,2,-2
218000603,0,4,-4
218000604,0,0,0
218000605,0,8,-8
218000606,11,0,11
218000607,10,35,-25
218000608,2,4,-2
218000609,0,39,-39
218000610,21,0,21
218000611,0,0,0
218000612,2,51,-49
218000613,6,1,5
218000614,0,61,-61
218000615,19,1,18
218000616,1,157,-156
218000617,3,1,2
218000618,0,25,-25
218000619,15,11,4
218000620,3,38,-35
218000621,0,1,-1
218000622,0,2,-2
218000623,1,0,1
218000624,1,1,0
218000625,0,1,-1
218000626,0,4,-4
218000628,41,44,-3
218000631,1,6,-5
218000632,0,56,-56
218000633,17,0,17
218000634,1,5,-4
218000635,0,3,-3
218000636,559,1444,-885
218000637,413,712,-299
218000638,45,23,22
218000639,23,338,-315
218000640,100,34,66
218000641,24,485,-461
218000652,171,171,0
218000653,123,59,64
218000663,0,30,-30
218000675,5,17,-12
218000676,1,41,-40
218000677,7,15,-8
218000680,28,205,-177
218000681,32,37,-5
218000691,23,119,-96
218000693,21,32,-11
218000703,4,84,-80
218000718,1273,273,1000
218000719,1512,43,1469
218000720,0,13,-13
218000721,66,10,56
218000725,3,15,-12
218001214,15,12,3
218001329,28,30,-2
218001330,24,15,9
219000001,40,73,-33
219000002,39,90,-51
219000003,45,29,16
219000004,29,60,-31
219000017,46,16,30
219000020,46,24,22
219000022,74,3,71
219000023,59,2,57
219000029,0,122,-122
219000034,7,9,-2
219000039,34,62,-28
219000040,13,12,1
219000041,60,21,39
219000051,0,93,-93
219000052,0,29,-29
219000053,1,268,-267
219000054,284,349,-65
219000055,23,4,19
219000056,1,0,1
219000057,12,0,12
219000062,5,239,-234
219000063,29,4,25
219000064,1,12,-11
219000110,175,34,141
219000111,85,22,63
219000112,117,42,75
219000113,82,43,39
219000114,409,21,388
219000116,60,33,27
219000117,122,103,19
219000118,62,66,-4
219000123,241,129,112
219000124,78,59,19
219000125,22,21,1
219000126,59,115,-56
219000127,0,3,-3
219000128,38,85,-47
219000129,24,114,-90
219000130,1249,611,638
219000131,953,760,193
219000133,50,32,18
219000134,1,18,-17
219000135,82,38,44
219000136,95,112,-17
219000138,52,19,33
219000139,17,78,-61
219000140,17,0,17
219000141,12,136,-124
219000142,12,100,-88
219000143,15,121,-106
219000145,22,42,-20
219000146,5,64,-59
219000147,1,64,-63
219000148,3,72,-69
219000149,27,314,-287
219000150,6,207,-201
219000151,4,120,-116
219000157,73,161,-88
219000158,87,197,-110
219000161,80,5,75
219000163,1509,319,1190
219000166,58,151,-93
219000167,61,256,-195
219000168,459,54,405
219000174,147,86,61
219000175,35,2,33
219000176,50,3,47
219000177,11,3,8
219000178,11,2,9
219000179,7,10,-3
219000180,38,26,12
219000182,49,4,45
219000183,15,69,-54
219000184,26,3,23
219000185,0,167,-167
219000186,16,109,-93
219000187,13,160,-147
219000189,149,134,15
219000190,136,156,-20
219000191,1908,596,1312
219000192,97,94,3
219000193,467,116,351
219000195,2,48,-46
219000196,3,126,-123
219000198,17,182,-165
219000199,117,224,-107
219000200,18,177,-159
219000201,89,249,-160
219000203,17,139,-122
219000204,94,184,-90
219000205,36,210,-174
219000207,192,180,12
219000209,17,85,-68
219000210,11,114,-103
219000213,5,260,-255
219000239,123,177,-54
219000240,122,348,-226
219000241,49,255,-206
219000242,41,184,-143
219000243,34,269,-235
219000244,10,86,-76
219000245,1,38,-37
219000246,8,10,-2
219000247,32,18,14
219000248,302,153,149
219000249,113,23,90
219000250,62,52,10
219000251,277,124,153
219000252,63,81,-18
219000253,59,3,56
219000255,46,38,8
219000256,77,54,23
219000257,26,0,26
219000262,74,295,-221
219000263,28,187,-159
219000267,2,109,-107
219000268,1,0,1
219000269,4,0,4
219000270,8,0,8
219000271,33,2,31
219000278,1,8,-7
219000279,1,7,-6
219000283,0,21,-21
219000295,2,93,-91
219000296,80,631,-551
219000297,18,183,-165
219000298,14,268,-254
219000299,374,61,313
219000300,33,376,-343
219000301,126,343,-217
219000302,17,231,-214
219000307,22,70,-48
219000308,27,32,-5
219000311,72,39,33
219000312,144,37,107
219000313,93,18,75
219000314,120,649,-529
219000315,61,17,44
219000316,189,11,178
219000317,18,3,15
219000320,2,56,-54
219000321,1,21,-20
219000323,5,103,-98
219000325,0,54,-54
219000326,37,151,-114
219000327,56,43,13
219000328,18,59,-41
219000329,296,71,225
219000330,37,23,14
219000331,23,53,-30
219000332,37,68,-31
219000333,2,4,-2
219000335,55,0,55
219000337,4,2,2
219000338,16,1,15
219000344,36,112,-76
219000345,107,201,-94
219000346,33,293,-260
219000348,39,173,-134
219000349,21,260,-239
219000350,27,53,-26
219000351,4,5,-1
219000352,184,53,131
219000353,58,38,20
219000354,84,104,-20
219000355,81,42,39
219000356,1669,224,1445
219000363,219,8,211
219000364,60,18,42
219000365,50,6,44
219000366,220,74,146
219000368,326,287,39
219000370,1023,145,878
219000371,6,10,-4
219000382,3,17,-14
219000383,619,518,101
219000385,610,410,200
219000386,1021,1103,-82
219000387,4,8,-4
219000390,1,0,1
219000391,1,0,1
219000397,103,154,-51
219000398,82,20,62
219000401,7,70,-63
219000402,8,101,-93
219000403,20,75,-55
219000404,7,59,-52
219000407,0,2,-2
219000409,9,22,-13
219000410,15,9,6
219000411,13,5,8
219000446,208,390,-182
219000447,3,20,-17
219000448,14,4,10
219000452,69,55,14
219000453,27,73,-46
219000454,253,156,97
219000556,65,40,25
219000558,52,318,-266
219000590,9,203,-194
219000591,23,33,-10
219000592,73,364,-291
219000595,3,25,-22
219000635,39,17,22
219000636,11,128,-117
219000657,28,15,13
219000658,7,35,-28
219000673,0,7,-7
219000676,5,0,5
219000679,10,11,-1
219000684,33,1,32
219000685,0,94,-94
219000686,8,0,8
219000688,0,116,-116
219000689,94,167,-73
219000690,137,22,115
219000691,16,14,2
219000692,23,2,21
219000693,0,40,-40
219000694,24,0,24
219000695,5,2,3
219000698,1,0,1
219000699,0,8,-8
219000727,3,159,-156
219000728,25,0,25
219000770,13,2,11
219000771,0,38,-38
219001150,0,1,-1
219001151,0,4,-4
219001166,21,0,21
219001167,5,27,-22
220000001,3,21,-18
220000002,5,167,-162
220000003,236,274,-38
220000004,491,750,-259
220000005,1410,1352,58
220000006,104,877,-773
220000007,182,811,-629
220000008,139,1193,-1054
220000009,82,510,-428
220000010,57,120,-63
220000011,501,1468,-967
220000012,69,152,-83
220000014,21,79,-58
220000015,10,88,-78
220000017,11,309,-298
220000018,4604,472,4132
220000019,37,207,-170
220000020,120,219,-99
220000021,251,149,102
220000022,304,451,-147
220000023,118,123,-5
220000024,1384,233,1151
220000025,937,323,614
220000026,147,146,1
220000027,9,63,-54
220000028,23,47,-24
220000029,35,131,-96
220000030,38,74,-36
220000031,122,254,-132
220000064,18,1172,-1154
221000046,2,0,2
221000047,0,2,-2
221000048,0,1,-1
221000049,1,10,-9
221000050,10,0,10
221000055,38,37,1
221000057,38,4,34
221000068,254,68,186
221000069,199,43,156
221000070,109,31,78
221000071,32,7,25
221000072,109,28,81
221000073,133,41,92
221000074,0,22,-22
221000075,19,15,4
221000076,9,42,-33
221000077,27,68,-41
221000081,22,3,19
221000082,34,7,27
221000083,32,2,30
221000084,3,1,2
221000085,14,74,-60
221000086,14,136,-122
221000087,7,179,-172
221000088,12,152,-140
221000089,35,221,-186
221000090,123,398,-275
221000098,88,17,71
221000099,171,24,147
221000100,50,7,43
221000101,204,11,193
221000102,83,13,70
221000109,4,99,-95
221000110,8,148,-140
221000111,15,180,-165
221000112,5,141,-136
221000113,21,177,-156
221000114,18,216,-198
221000120,16,24,-8
221000121,2,19,-17
221000122,11,24,-13
221000123,1,1,0
221000124,10,428,-418
221000155,67,4,63
221000156,4,15,-11
221000175,0,1,-1
221000176,1,0,1
221000182,12,6,6
221000241,478,179,299
221000242,294,250,44
221000243,297,86,211
221000244,215,344,-129
221000245,17,116,-99
221000246,17,155,-138
221000247,12,134,-122
221000248,32,116,-84
221000267,40,726,-686
221000325,61,47,14
221000331,0,90,-90
221000338,3,27,-24
221000378,73,15,58
221000381,25,73,-48
222000282,0,0,0
222000296,1,13,-12
222000568,170,13,157
222000569,81,17,64
222000570,42,2,40
222000571,77,7,70
222000577,11,220,-209
222000578,15,173,-158
222000579,18,100,-82
222000580,147,872,-725
222000599,0,148,-148
222000600,4,275,-271
222000601,11,728,-717
222000603,12,17,-5
222000604,4,15,-11
222000605,2,2,0
222000606,0,5,-5
222000607,0,4,-4
222000608,0,19,-19
222000609,36,334,-298
222000616,67,29,38
222000617,4,5,-1
222000618,2,1,1
222000620,7,3,4
222000621,17,4,13
222000623,342,9,333
222000624,98,2,96
222000625,226,54,172
222000636,38,3,35
222000686,10,3,7
222000687,3,14,-11
222001066,143,1,142
222001067,1,8,-7
222001068,9,27,-18
222001069,21,37,-16
222001082,2,65,-63
222001083,6,77,-71
222001084,0,10,-10
222001085,0,216,-216
222001111,13,226,-213
222001112,14,25,-11
222001313,9,3,6
222001314,2,94,-92
222001464,7,36,-29
222001465,8,85,-77
222001484,46,53,-7
222001485,17,67,-50
222001494,82,100,-18
222001495,102,514,-412
222001496,115,39,76
222001497,56,676,-620
222001502,25,145,-120
222001503,1,11,-10
222001504,14,263,-249
222001505,14,1,13
222001506,54,223,-169
222001507,38,2,36
222001510,55,3,52
222001511,21,459,-438
222001514,175,21,154
222001515,282,680,-398
222001518,37,5,32
222001519,30,484,-454
222001527,20,10,10
222001528,64,184,-120
222001529,30,6,24
222001530,23,309,-286
222001533,119,524,-405
222001534,40,2,38
222001535,51,97,-46
222001536,61,445,-384
222001537,40,5,35
222001538,65,519,-454
222001563,57,24,33
222001564,35,837,-802
222001568,98,68,30
222001576,0,0,0
222001579,1,1,0
222001583,12,281,-269
222001584,34,11,23
222001596,406,1585,-1179
222001597,594,103,491
222001626,1,169,-168
222001650,53,48,5
222001651,35,126,-91
222001914,31,9,22
222001915,50,200,-150
222900004,308,154,154
222900009,468,862,-394
222900019,61,150,-89
222900024,1,20,-19
222900025,1,44,-43
225000001,320,45,275
225000002,189,41,148
225000003,153,61,92
225000004,98,183,-85
225000005,5,43,-38
225000006,2,95,-93
225000007,2741,855,1886
225000010,41,2,39
225000011,290,496,-206
225000012,76,219,-143
225000013,45,100,-55
225000014,384,25,359
225000015,89,247,-158
225000021,347,79,268
225000027,207,366,-159
225000032,420,60,360
225000042,54,632,-578
225000049,15,57,-42
225000050,27,7,20
225000053,3,115,-112
225000058,189,75,114
225000067,89,163,-74
225000068,71,491,-420
225000069,132,411,-279
225000070,48,391,-343
225000071,13,297,-284
225000075,27,771,-744
225000076,51,97,-46
225000078,20,11,9
225000085,24,57,-33
225000086,49,31,18
225000087,101,13,88
225000088,10,110,-100
225000089,313,388,-75
225000090,13,271,-258
225000091,40,209,-169
225000092,12,67,-55
225000093,95,326,-231
225000094,10,395,-385
225000095,222,509,-287
225000096,48,318,-270
225000098,182,89,93
225000099,110,66,44
225000100,72,70,2
225000104,30,391,-361
225000110,8,416,-408
225000111,114,1093,-979
225000112,158,833,-675
225000113,78,539,-461
225000114,35,253,-218
225000115,2774,439,2335
225000116,752,39,713
225000117,383,194,189
225000118,363,111,252
225000119,77,33,44
225000120,337,15,322
225000121,158,12,146
225000123,695,1,694
225000125,124,191,-67
225000126,483,125,358
225000127,841,344,497
225000128,188,287,-99
225000132,95,24,71
225000133,134,20,114
225000134,481,43,438
225000135,23,6,17
225000136,81,9,72
225000137,56,23,33
225000138,152,15,137
225000143,82,108,-26
225000144,0,295,-295
225000145,10,26,-16
225000146,10,128,-118
225000147,5,343,-338
225000148,1,206,-205
225000149,35,373,-338
225000151,24,263,-239
225000155,121,218,-97
225000156,121,515,-394
225000157,115,343,-228
225000158,24,373,-349
225000171,0,155,-155
225000180,13,0,13
225000181,0,32,-32
225000182,25,4,21
225000185,5,257,-252
225000187,52,450,-398
225000191,6,2,4
225000194,0,2,-2
225000208,0,76,-76
225000209,11,13,-2
225000210,1,140,-139
225000217,0,6,-6
225000218,4,2,2
225000223,0,20,-20
225000224,8,0,8
225000225,2,3,-1
225000226,13,0,13
225000227,33,37,-4
225000228,2,0,2
225000229,0,62,-62
225000230,2,1,1
225000231,0,102,-102
225000232,37,0,37
225000241,23,1,22
225000242,0,17,-17
225000249,1,0,1
225000250,41,822,-781
225000251,163,8,155
225000254,0,0,0
225000256,0,1,-1
225000257,1,1,0
226000042,334,303,31
226000043,56,226,-170
226000044,58,625,-567
226000045,48,373,-325
226000046,139,23,116
226000047,152,26,126
226000048,140,24,116
226000049,95,20,75
226000070,0,58,-58
226000071,0,61,-61
226000072,0,11,-11
226000073,0,9,-9
226000074,0,7,-7
226000084,0,44,-44
226000085,0,3,-3
226000086,0,13,-13
226000087,0,20,-20
226000088,49,12,37
226000090,92,11,81
226000091,13,1,12
226000092,1,0,1
226000093,5,0,5
226000094,4,0,4
226000095,3,0,3
226000105,0,0,0
226000106,1,0,1
226000107,3,0,3
226000108,6,0,6
226000109,33,0,33
226000124,62,25,37
226000134,221,244,-23
226000135,590,308,282
226000136,134,223,-89
226000137,18,296,-278
226000138,1,187,-186
226000139,1,38,-37
226000156,24,2,22
226000157,55,2,53
226000163,45,28,17
226000202,5,420,-415
226000231,36,5,31
226000232,14,7,7
227000033,150,24,126
227000036,108,10,98
227000037,68,3,65
227000038,66,10,56
227000084,0,45,-45
227000085,0,25,-25
227000088,12,2,10
227000089,74,2,72
227000090,24,0,24
227000091,1,1,0
227000092,8,1,7
227000093,25,0,25
227000094,1,0,1
227000130,15,59,-44
227000131,5,253,-248
227000132,23,264,-241
227000133,9,278,-269
227000134,11,381,-370
227000152,0,1,-1
227000153,0,39,-39
227000154,1,28,-27
227000155,0,21,-21
227000156,1,8,-7
227000165,2,22,-20
227000196,114,434,-320
227000199,69,764,-695
227000230,40,524,-484
227000232,119,9,110
227000242,51,400,-349
227000243,287,56,231
227000245,19,385,-366
227000246,70,516,-446
227000247,124,50,74
227000248,32,5,27
227000249,12,276,-264
227000250,193,80,113
227000251,87,188,-101
227000252,13,342,-329
227000253,28,19,9
227000262,112,14,98
227000266,292,19,273
227000267,34,2280,-2246
227000282,16,280,-264
227000284,96,13,83
227000286,5,108,-103
227000291,35,621,-586
227000296,576,160,416
227000484,222,16,206
227000485,16,595,-579
227000655,43,8,35
227000656,485,18,467
227000657,21,7,14
227000704,4,3,1
229000265,0,1,-1
229000266,1,0,1
229000267,1,0,1
229000268,7,0,7
229000269,9,0,9
229000274,0,10,-10
229000275,0,14,-14
229000276,3,19,-16
229000277,0,1,-1
229000278,0,2,-2
229000295,3,10,-7
229000296,5,6,-1
229000297,10,45,-35
229000298,7,82,-75
229000320,10,2,8
229000321,3,4,-1
229000412,7,53,-46
229000414,2,30,-28
229000415,11,0,11
229000416,0,1,-1
229000417,2,8,-6
229000419,50,196,-146
229000440,108,50,58
229000442,2,4,-2
229000443,0,5,-5
229000444,0,29,-29
229000445,12,6,6
229000446,18,14,4
229000491,6,45,-39
229000492,25,146,-121
229000493,5,140,-135
229000494,18,17,1
229000495,88,24,64
229000496,20,22,-2
229000507,0,26,-26
229000508,0,22,-22
229000509,0,60,-60
229000510,2,24,-22
229000511,3,94,-91
229000512,0,46,-46
229000513,1,11,-10
229000514,0,3,-3
229000517,2,15,-13
229000518,2,47,-45
229000519,0,22,-22
229000520,2,49,-47
229000521,20,35,-15
229000522,1,13,-12
229000523,4,15,-11
229000524,3,13,-10
229000527,1,5,-4
229000528,0,1,-1
229000529,4,4,0
229000530,51,11,40
229000531,22,7,15
229000532,20,8,12
229000533,111,4,107
229000534,95,4,91
229000564,24,2,22
229000565,6,2,4
229000566,0,33,-33
229000567,4,112,-108
229000582,259,3,256
229000583,1,4,-3
229000584,0,52,-52
229000585,5,56,-51
229000718,0,6,-6
229000719,0,4,-4
229000720,0,16,-16
229000721,0,13,-13
229000722,0,26,-26
229000723,0,24,-24
229000724,0,1,-1
229000725,0,9,-9
229000738,1,0,1
229000739,1,0,1
229000740,0,0,0
229000741,7,0,7
229000742,4,0,4
229000743,13,0,13
229000744,1,0,1
229000745,1,0,1
229000746,11,0,11
229000847,13,0,13
229000848,14,0,14
229000849,82,1,81
229000851,8,0,8
229000854,0,93,-93
229000856,3,176,-173
229000857,0,51,-51
229000858,1,152,-151
229000919,6,102,-96
229000930,5,171,-166
229000937,60,25,35
229000966,48,14,34
229000981,28,71,-43
229000985,2,17,-15
229000986,0,5,-5
229000987,0,2,-2
229000988,0,8,-8
229000989,0,2,-2
229000990,0,1,-1
229000991,1,2,-1
229000992,3,6,-3
229000993,77,7,70
229000998,17,29,-12
229000999,56,10,46
229001034,0,13,-13
229001035,2,0,2
229001036,1,35,-34
229001037,19,1,18
229001038,0,1,-1
229001039,0,0,0
229001040,0,20,-20
229001041,42,0,42
229001042,8,13,-5
229001047,0,44,-44
229001050,16,9,7
229001168,0,12,-12
229001200,4,1,3
229001338,6,28,-22
229001394,252,3,249
229001422,68,21,47
229001423,26,196,-170
229001431,56,39,17
229001432,53,86,-33
229001444,90,28,62
229001445,25,148,-123
229001479,3,7,-4
229001503,118,102,16
229001504,58,216,-158
229001505,59,65,-6
229001506,26,222,-196
229001509,15,6,9
229001510,5,29,-24
229001545,49,3,46
229001546,13,121,-108
229001553,16,25,-9
229001554,9,115,-106
229001630,44,5,39
229001631,14,32,-18
229001635,0,8,-8
229001636,0,1,-1
229001658,0,69,-69
229001659,129,8,121
229001660,0,13,-13
229001661,2,25,-23
229001662,10,0,10
229001663,0,14,-14
229002584,70,108,-38
229002831,93,95,-2
229002841,0,20,-20
229002842,0,16,-16
229002843,8,9,-1
229002844,14,61,-47
229002845,0,81,-81
229002846,9,15,-6
229002847,0,8,-8
229002848,1,2,-1
229002849,2,24,-22
229002850,0,1,-1
229002851,5,63,-58
229002852,15,17,-2
229002853,18,13,5
229002854,10,24,-14
229002855,0,58,-58
229002856,5,2,3
229002857,1,49,-48
229002858,1,3,-2
229002859,10,21,-11
229002860,13,4,9
229002861,22,11,11
229002862,8,36,-28
229002863,1,15,-14
229002864,1,16,-15
229002865,1,3,-2
229002866,3,10,-7
229002867,0,14,-14
229002868,4,2,2
229002869,5,110,-105
229002870,4,1,3
235000066,75,21,54
235000067,221,81,140
235000072,63,186,-123
235000073,12,57,-45
235000074,8,12,-4
235000080,5,53,-48
235000081,78,181,-103
235000082,35,39,-4
235000083,90,98,-8
235000084,7,48,-41
235000085,61,50,11
235000089,3,11,-8
235000092,1,26,-25
235000093,2,3,-1
235000097,2,2,0
235000098,19,25,-6
235000099,4,13,-9
235000115,72,65,7
235000116,41,19,22
235000117,688,7,681
235000133,11,183,-172
235000134,8,61,-53
235000206,2,1,1
235000207,0,0,0
235000208,0,1,-1
235000209,0,0,0
235000210,0,1,-1
235000212,2,6,-4
235000213,1,1,0
235000220,1,2,-1
235000221,11,7,4
235000238,7,16,-9
235000239,0,0,0
235000242,116,165,-49
235000245,758,181,577
235000246,5,54,-49
235000284,2,94,-92
235000295,14,0,14
235000305,34,2,32
235000306,21,4,17
235000307,4,0,4
235000308,0,0,0
235000309,6,0,6
235000310,14,0,14
235000311,14,2,12
235000322,1,30,-29
235000323,0,41,-41
235000324,0,16,-16
235000325,0,14,-14
235000326,2,316,-314
235000351,6,44,-38
235000352,14,59,-45
235000353,1,42,-41
235000354,0,42,-42
235000355,4,65,-61
235000356,9,2,7
235000357,2,3,-1
235000358,5,2,3
235000359,3,2,1
235000360,17,2,15
235000361,14,8,6
235000381,13,258,-245
235000382,29,20,9
235000390,7,7,0
235000391,31,18,13
235000392,58,104,-46
235000393,81,67,14
235000395,46,31,15
235000396,181,34,147
235000399,32,6,26
235000400,31,22,9
235000401,26,199,-173
235000402,16,94,-78
235000405,43,376,-333
235000406,24,291,-267
235000407,51,153,-102
235000409,145,158,-13
235000410,5,47,-42
235000411,0,84,-84
235000485,0,6,-6
235000486,2,0,2
235000549,36,70,-34
235000550,36,228,-192
235000599,45,58,-13
235000600,2,2,0
235000601,7,13,-6
235000602,24,87,-63
235000614,0,4,-4
235000648,0,22,-22
235000649,20,1,19
235000685,1,0,1
235000815,3,23,-20
235000834,1,1,0
235000855,18,33,-15
235000862,24,222,-198
235000891,0,7,-7
235000892,3,1,2
235000901,29,93,-64
235000907,2,9,-7
235001010,14,55,-41
235001029,143,72,71
235001030,455,147,308
235001078,36,74,-38
235001079,41,129,-88
235001147,13,27,-14
235001166,16,47,-31
235001167,15,40,-25
235001169,5,240,-235
235001188,0,2,-2
235001189,0,0,0
235001197,9,8,1
235001200,31,17,14
235001208,4,5,-1
235001209,3,18,-15
235001210,7,35,-28
235001239,0,37,-37
235001244,0,3,-3
235016267,0,14,-14
235900013,0,2,-2
235900014,0,1,-1
241900007,35,24,11
277101746,0,7,-7
277102712,28,5,23
277103813,0,0,0
277103814,0,0,0
277103898,0,3,-3
990010990,15,140,-125
990011530,0,232,-232
990014944,1,543,-542
990015176,14,2,12
990015618,2,89,-87
990015888,18,47,-29
990016032,1,341,-340
990032570,2,101,-99
990070001,34,2,32
990070103,0,0,0
990070601,1,80,-79
990070751,112,0,112
990070766,4,964,-960
990071180,157,143,14
990071343,3,0,3
990071387,0,9,-9
990071823,151,1,150
990072600,1,554,-553
990072964,0,547,-547
990073285,0,2,-2
990074393,0,1213,-1213
990074714,7,35,-28
990074870,207,37,170
990075106,166,4,162
990075746,72,2,70
990076437,173,6,167
990076458,1,1446,-1445
997000007,54,0,54
997000041,0,143,-143
997000058,7,0,7
997000062,5,1,4
997000069,0,5,-5
997000070,0,49,-49
997000100,9,0,9
997000141,2,217,-215
997000198,20,77,-57
998000475,0,16,-16
998000736,1,277,-276
998000965,0,2,-2
998001031,0,50,-50
998001072,485,236,249
998001091,2,1,1
998001093,0,0,0
998001103,0,2,-2
998001105,2,1,1
998001700,0,18,-18
998001899,0,2,-2
998001900,5,2,3
998003073,293,0,293
998003124,11,28,-17
998003125,8,78,-70
998101900,0,0,0
998102850,3,111,-108
998501819,1,0,1
998501820,0,7,-7
998501832,38,104,-66
998501927,160,259,-99
998501929,54,0,54
998501930,40,0,40
998501931,44,11,33
998501932,3,1,2
998501933,7,0,7
998501937,1,0,1
998501944,21,24,-3
998501950,0,1,-1
998501970,8,0,8
998501971,0,58,-58
998501972,321,6,315
998501973,0,87,-87
998501974,0,247,-247
998501975,66,2,64
998501976,52,30,22
998501977,0,21,-21
998501978,1,0,1
998501979,0,7,-7
998501980,57,2,55
998501981,11,1,10
998501982,1,116,-115
998502006,0,0,0
998502024,0,2,-2
998502032,0,2,-2
998502062,8,0,8
998502063,0,0,0
998502173,0,1,-1
998502269,0,0,0
998601159,3,478,-475
998601292,0,20,-20
999033574,0,36,-36
999800001,18,0,18
999800002,0,3,-3
999800003,2,1,1
999800004,0,6,-6
999800005,0,11,-11
