ID,insum,outsum,diff
100000001,1049,1007,42
100000002,6246,8758,-2512
100000003,5952,9404,-3452
100000004,552,1981,-1429
100000005,4068,7783,-3715
100000006,994,442,552
100000007,4380,1403,2977
100000008,205,843,-638
100000009,672,673,-1
100000010,25,172,-147
100000011,752,261,491
100000012,72,1707,-1635
100000013,4,410,-406
100000014,386,630,-244
100000015,2103,3211,-1108
100000016,699,2251,-1552
100000017,822,1974,-1152
100000018,1351,1496,-145
100000019,6192,4904,1288
100000020,1678,9734,-8056
100000021,9030,3105,5925
100000022,1291,5710,-4419
100000023,9443,2740,6703
100000025,541,2995,-2454
100000028,632,2512,-1880
100000029,91,937,-846
100000030,102,64,38
100000031,2949,9516,-6567
100000032,2631,6511,-3880
100000033,1845,6549,-4704
100000034,247,1947,-1700
100000035,1358,2823,-1465
100000036,1269,2507,-1238
100000037,1024,804,220
100000038,3660,2150,1510
100000039,398,1310,-912
100000040,649,328,321
100000041,2177,822,1355
100000042,1594,607,987
100000043,1031,758,273
100000044,317,1353,-1036
100000045,431,1288,-857
100000046,606,978,-372
100000047,297,690,-393
100000048,368,1096,-728
100000049,2427,1508,919
100000051,515,578,-63
100000053,174,19,155
100000054,474,52,422
100000055,839,454,385
100000056,593,1179,-586
100000057,3043,1022,2021
100000058,977,892,85
100000059,44,350,-306
100000060,783,419,364
100000061,3095,992,2103
100000062,1971,909,1062
100000063,1438,541,897
100000064,2197,854,1343
100000065,509,924,-415
100000066,246,759,-513
100000067,293,831,-538
100000068,542,1907,-1365
100000069,444,1412,-968
100000072,205,580,-375
100000073,1526,1270,256
100000075,1090,325,765
100000076,1737,8159,-6422
100000077,191,713,-522
100000078,18,55,-37
100000079,51,54,-3
100000080,16,76,-60
100000081,87,318,-231
100000102,4118,8833,-4715
100000103,2163,3018,-855
100000104,4823,3968,855
100000105,1603,3071,-1468
100000106,1550,6207,-4657
100000107,148,2419,-2271
100000108,374,1793,-1419
100000109,878,2366,-1488
100000116,508,968,-460
100000117,161,280,-119
100000118,668,1720,-1052
100000119,866,1394,-528
100000121,337,947,-610
100000122,598,2877,-2279
100000123,1617,4314,-2697
100000124,2880,4575,-1695
100000125,7646,3249,4397
100000126,683,1591,-908
100000127,1311,1129,182
100000128,879,4397,-3518
100000129,409,1150,-741
100000130,879,324,555
100000131,1277,2906,-1629
100000132,1268,2811,-1543
100000133,2402,1579,823
100000135,956,2005,-1049
100000139,196,762,-566
100000140,167,415,-248
100000142,836,809,27
100000143,965,352,613
100000144,2590,699,1891
100000147,1946,5664,-3718
100000150,97,864,-767
100000151,781,3093,-2312
100000153,176,917,-741
100000154,22,946,-924
100000155,8,60,-52
100000156,321,408,-87
100000157,795,303,492
100000158,273,312,-39
100000159,109,1708,-1599
100000165,746,756,-10
100000169,30,2141,-2111
100000174,290,1683,-1393
100000179,97,1447,-1350
100000180,913,11551,-10638
100000181,802,762,40
100000188,93,869,-776
100000189,1278,1189,89
100000190,650,2456,-1806
100000191,930,1221,-291
100000192,19,172,-153
100000193,247,253,-6
100000330,1028,1361,-333
100000355,269,1916,-1647
100000362,2995,1574,1421
100000363,9063,9220,-157
100000364,101,439,-338
100000365,8477,13908,-5431
100000366,2210,1830,380
100000367,6477,9886,-3409
100000368,2970,1201,1769
100000369,901,4036,-3135
100000370,236,1632,-1396
100000376,44,316,-272
100000379,1133,3580,-2447
100000380,4246,9687,-5441
100000384,7033,9911,-2878
100000385,1529,6229,-4700
100000386,3012,10633,-7621
100000387,3886,9426,-5540
100000388,2420,9288,-6868
100000389,4864,11088,-6224
100000390,4133,7618,-3485
100000391,3358,14390,-11032
100000392,1250,4550,-3300
100000393,959,8456,-7497
100000394,3459,9321,-5862
100000395,1848,7365,-5517
100000396,2560,4003,-1443
100000397,2524,10559,-8035
100000398,7838,5769,2069
100900002,21,11,10
100900003,593,333,260
100900004,35,1812,-1777
100900005,185,15,170
100900006,66,71,-5
100900007,261,6,255
100900008,4,693,-689
100900009,66,154,-88
100900010,124,31,93
100900011,214,107,107
100900012,1,68,-67
100900013,1334,14,1320
100900014,30,4,26
100900015,53,144,-91
100900016,0,67,-67
100900017,1710,102,1608
100900018,0,11,-11
100900019,60,157,-97
100900020,521,11,510
100900021,608,3,605
100900022,24,29,-5
100900023,0,41,-41
100900024,517,1,516
100900025,19,7,12
100900026,211,116,95
100900027,693,4378,-3685
100900028,114,602,-488
100900029,81,9,72
100900030,6,394,-388
100900031,1151,89,1062
100900032,577,4,573
100900033,177,814,-637
100900034,1477,3,1474
100900035,261,1,260
100900036,17,1,16
100900037,208,139,69
100900038,43,141,-98
100900039,272,312,-40
100900040,1076,463,613
100900041,1644,425,1219
100900042,1091,3020,-1929
100900043,2,65,-63
100900044,1713,887,826
100900045,3,1,2
100900046,1814,27,1787
100900047,1211,349,862
100900048,142,63,79
100900049,96,88,8
100900050,8,8,0
100900051,79,329,-250
100900052,501,48,453
100900053,967,20,947
100900054,4,36,-32
100900055,340,1405,-1065
100900056,50,120,-70
100900057,3189,1138,2051
100900058,187,242,-55
100900059,162,10,152
100900060,331,12,319
100900061,240,224,16
100900062,23,61,-38
100900063,530,1267,-737
100900064,1032,52,980
100900065,113,201,-88
100900066,289,209,80
100900067,42,4,38
100900068,201,92,109
100900069,271,3,268
100900070,797,7,790
100900071,352,143,209
100900072,2,65,-63
100900073,252,302,-50
100900074,8,23,-15
100900075,2356,265,2091
100900076,3,72,-69
100900077,116,18,98
100900078,130,288,-158
100900079,5,72,-67
100900080,138,231,-93
100900081,50,220,-170
100900082,215,117,98
100900083,19,55,-36
100900085,15,622,-607
100900086,63,491,-428
100900088,311,140,171
100900089,12,16,-4
100900090,172,1519,-1347
100900091,17,24,-7
100900092,130,186,-56
100900093,399,524,-125
100900094,286,134,152
100900095,14,68,-54
100900096,49,365,-316
100900097,0,3,-3
100900098,29,45,-16
100900099,53,468,-415
100900100,17,802,-785
100900101,316,63,253
100900102,33,359,-326
100900103,16,29,-13
100900104,8,213,-205
100900105,36,738,-702
100900106,16,8,8
100900107,3918,1290,2628
100900108,6,84,-78
100900109,17,49,-32
100900110,2,15,-13
100900111,50,263,-213
100900112,13,51,-38
100900113,45,45,0
100900114,35,22,13
100900115,29,14,15
100900116,1599,663,936
100900117,260,1633,-1373
100900118,13,33,-20
100900119,14,14,0
100900120,40,6,34
100900121,716,637,79
100900122,58,114,-56
100900123,183,146,37
100900124,1,14,-13
100900125,8,67,-59
100900126,446,143,303
100900127,3,4,-1
100900128,113,1031,-918
100900129,1,506,-505
100900131,56,284,-228
100900133,100,40,60
100900134,4,3,1
100900135,7,1353,-1346
100900137,313,363,-50
100900138,427,586,-159
100900139,7,16,-9
100900140,15,247,-232
100900141,8,1145,-1137
100900142,2,19,-17
100900143,432,1226,-794
100900144,19,10,9
100900145,126,580,-454
100900146,12,84,-72
100900147,13,1792,-1779
100900148,84,191,-107
100900149,44,517,-473
100900150,5,43,-38
100900151,136,618,-482
100900152,912,21,891
100900153,5,420,-415
100900154,5,148,-143
100900155,26,14,12
100900156,52,16,36
100900157,39,1769,-1730
100900158,1113,88,1025
100900159,3,52,-49
100900160,33,30,3
100900161,72,12,60
100900162,36,845,-809
100900163,139,91,48
100900164,118,43,75
100900165,9,29,-20
100900166,191,1,190
100900167,37,105,-68
100900168,43,342,-299
100900169,107,1094,-987
100900170,25,7,18
100900171,61,654,-593
100900172,0,54,-54
100900173,12,125,-113
100900174,36,35,1
100900176,2441,221,2220
100900177,587,615,-28
100900178,293,452,-159
100900179,541,508,33
100900180,3,3,0
100900181,208,118,90
100900182,257,51,206
100900184,44,264,-220
100900186,589,393,196
100900187,50,88,-38
100900188,29,45,-16
100900189,4518,352,4166
100900191,768,1836,-1068
100900192,137,680,-543
100900195,127,396,-269
100900197,38,55,-17
100900198,34,95,-61
100900199,8,8,0
100900200,1440,402,1038
100900201,158,1161,-1003
100900202,83,0,83
100900203,6,338,-332
100900204,169,2733,-2564
100900205,279,801,-522
100900206,371,265,106
100900207,396,216,180
100900210,116,236,-120
100900211,925,210,715
100900213,415,72,343
100900214,679,115,564
100900215,56,75,-19
101000001,2285,2976,-691
101000002,9845,11774,-1929
101000003,425,1516,-1091
101000004,8961,7940,1021
101000005,6230,8136,-1906
101000006,7240,14201,-6961
101000007,4792,7161,-2369
101000008,2041,3663,-1622
101000009,3262,928,2334
101000010,1533,614,919
101000011,1551,338,1213
101000012,452,834,-382
101000013,821,1647,-826
101000014,433,500,-67
101000015,2573,1696,877
101000016,424,1126,-702
101000017,389,798,-409
101000018,2056,5860,-3804
101000020,3109,1059,2050
101000021,601,1260,-659
101000022,128,612,-484
101000023,1746,1418,328
101000025,468,736,-268
101000026,287,68,219
101000027,3005,6370,-3365
101000028,452,130,322
101000029,151,2153,-2002
101000030,1219,208,1011
101000031,181,1114,-933
101000032,3095,6447,-3352
101000033,2331,6040,-3709
101000034,1150,3134,-1984
101000035,715,527,188
101000036,953,2369,-1416
101000037,1272,4353,-3081
101000039,2903,4696,-1793
101000040,3510,8383,-4873
101000041,2752,9239,-6487
101000042,116,1691,-1575
101000043,4284,11124,-6840
101000045,326,1008,-682
101000046,1286,3819,-2533
101000047,1345,6935,-5590
101000048,792,599,193
101000049,932,3596,-2664
101000050,1086,3200,-2114
101000051,883,4089,-3206
101000052,1386,2717,-1331
101000053,691,1863,-1172
101000054,2324,1213,1111
101000055,1166,2469,-1303
101000056,38,215,-177
101000057,893,3006,-2113
101000058,1221,2556,-1335
101000059,2835,3394,-559
101000060,1845,1722,123
101000061,562,2682,-2120
101000062,283,891,-608
101000063,321,2225,-1904
101000064,557,1227,-670
101000065,276,1186,-910
101000066,489,1921,-1432
101000067,435,1084,-649
101000068,125,574,-449
101000069,163,85,78
101000070,655,1050,-395
101000071,3202,1651,1551
101000072,929,3949,-3020
101000073,679,1605,-926
101000074,2990,4656,-1666
101000075,2239,5176,-2937
101000077,2323,2245,78
101000078,985,1549,-564
101000079,1326,1466,-140
101000080,1233,1528,-295
101000081,2312,2036,276
101000082,2577,2588,-11
101000083,4660,2979,1681
101000084,1187,656,531
101000085,1909,1332,577
101000086,1126,1642,-516
101000087,1095,1188,-93
101000088,2598,1570,1028
101000089,1378,2243,-865
101000090,2070,1078,992
101000091,673,894,-221
101000092,2910,972,1938
101000093,1902,795,1107
101000094,1552,1293,259
101000095,806,735,71
101000096,962,394,568
101000097,594,1121,-527
101000098,521,950,-429
101000099,772,1811,-1039
101000100,986,1838,-852
101000101,317,752,-435
101000102,685,1326,-641
101000103,544,1187,-643
101000104,544,1527,-983
101000105,246,998,-752
101000106,516,1950,-1434
101000107,442,815,-373
101000108,565,139,426
101000109,980,193,787
101000110,37,177,-140
101000111,78,350,-272
101000113,215,1254,-1039
101000114,3764,12431,-8667
101000115,55,23,32
101000116,12,50,-38
101000117,1602,257,1345
101000119,27,105,-78
101000120,103,140,-37
101000121,49,65,-16
101000122,135,158,-23
101000123,78,155,-77
101000124,900,749,151
101000125,210,200,10
101000128,262,1611,-1349
101000130,156,349,-193
101000131,2016,383,1633
101000132,1441,1402,39
101000135,23,38,-15
101000136,190,346,-156
101000137,11,765,-754
101000141,719,4970,-4251
101000147,816,395,421
101000148,972,23,949
101000149,87,342,-255
101000150,143,253,-110
101000151,584,62,522
101000152,467,325,142
101000153,399,166,233
101000154,590,482,108
101000155,984,366,618
101000156,22,811,-789
101000157,119,95,24
101000160,24,15,9
101000163,210,641,-431
101000164,440,165,275
101000165,412,586,-174
101000166,304,310,-6
101000168,1137,665,472
101000252,3541,1306,2235
101000254,52,75,-23
101000258,73,10,63
101000261,131,191,-60
101000262,1492,6165,-4673
101000263,412,1903,-1491
101000265,79,1192,-1113
101000266,487,515,-28
101000269,21,57,-36
101000290,601,4226,-3625
101000293,33,75,-42
101000294,785,777,8
101000295,316,225,91
101000301,321,627,-306
101000304,2765,4126,-1361
101000305,3252,1443,1809
101900001,20,34,-14
101900002,0,8,-8
101900003,21,219,-198
101900004,3,266,-263
101900005,1493,5555,-4062
101900006,2754,111,2643
101900007,891,306,585
101900008,84,295,-211
101900009,36,565,-529
101900010,503,1010,-507
101900011,86,1538,-1452
101900012,603,169,434
101900013,513,158,355
101900017,12,147,-135
101900018,575,379,196
101900019,76,207,-131
101900020,202,102,100
101900021,1,101,-100
101900022,273,487,-214
101900023,318,131,187
102000001,5160,9527,-4367
102000002,3216,2154,1062
102000003,3277,9973,-6696
102000004,5621,3870,1751
102000005,1519,5040,-3521
102000006,948,2034,-1086
102000007,2847,8223,-5376
102000008,7189,1864,5325
102000009,10676,13400,-2724
102000010,4481,3679,802
102000011,6712,6340,372
102000012,4352,3537,815
102000018,4148,4453,-305
102000019,4685,2670,2015
102000026,473,615,-142
102000029,278,222,56
102000030,251,517,-266
102000031,130,131,-1
102000032,987,590,397
102000033,640,385,255
102000034,631,571,60
102000035,3306,884,2422
102000036,40,298,-258
102000037,382,56,326
102000038,120,913,-793
102000039,113,416,-303
102000040,189,593,-404
102000041,57,1361,-1304
102000042,170,856,-686
102000043,74,709,-635
102000044,515,1535,-1020
102000045,772,1171,-399
102000046,2037,1154,883
102000047,1140,1154,-14
102000048,925,959,-34
102000049,1193,1644,-451
102000050,1492,1712,-220
102000051,323,1142,-819
102000052,1706,1769,-63
102000053,1312,2179,-867
102000054,1337,1660,-323
102000055,2179,303,1876
102000056,2403,356,2047
102000057,2504,626,1878
102000058,1735,1031,704
102000059,1615,1639,-24
102000060,1489,1183,306
102000061,3109,1905,1204
102000062,3275,1367,1908
102000063,1442,1713,-271
102000064,650,798,-148
102000065,58,218,-160
102000066,950,1230,-280
102000067,6025,4588,1437
102000068,16762,4774,11988
102000069,169,5008,-4839
102000070,2617,70,2547
102000071,9262,13190,-3928
102000072,3392,5868,-2476
102000073,1103,1348,-245
102000074,1112,2296,-1184
102000075,282,474,-192
102000076,497,265,232
102000077,1144,421,723
102000078,1935,327,1608
102000079,294,145,149
102000080,529,393,136
102000081,361,1213,-852
102000082,695,548,147
102000083,1318,317,1001
102000084,828,300,528
102000085,4912,939,3973
102000086,1919,1101,818
102000087,1222,2035,-813
102000088,379,424,-45
102000089,2208,416,1792
102000090,391,1597,-1206
102000091,1711,865,846
102000092,405,752,-347
102000093,1082,668,414
102000094,754,525,229
102000095,949,1128,-179
102000096,681,633,48
102000097,1205,766,439
102000098,500,1044,-544
102000099,1251,1516,-265
102000100,254,2216,-1962
102000101,590,684,-94
102000102,891,1908,-1017
102000103,4312,558,3754
102000104,1003,433,570
102000105,456,678,-222
102000106,1256,501,755
102000107,3055,362,2693
102000108,828,323,505
102000109,937,473,464
102000110,2198,858,1340
102000111,15,540,-525
102000112,130,200,-70
102000113,35,47,-12
102000114,1019,373,646
102000115,367,469,-102
102000116,310,1030,-720
102000117,110,1637,-1527
102000118,1220,2428,-1208
102000119,1289,2475,-1186
102000120,336,993,-657
102000121,1472,650,822
102000122,900,1381,-481
102000123,1563,1376,187
102000124,2074,1998,76
102000125,704,1010,-306
102000126,765,1090,-325
102000127,1668,739,929
102000128,1058,1277,-219
102000129,2226,590,1636
102000130,989,1360,-371
102000131,1319,1118,201
102000132,512,1815,-1303
102000133,4610,1730,2880
102000134,1610,983,627
102000135,1772,988,784
102000136,2785,878,1907
102000137,521,2388,-1867
102000138,271,627,-356
102000139,77,1783,-1706
102000140,144,2889,-2745
102000141,318,3561,-3243
102000142,607,515,92
102000143,429,260,169
102000144,672,289,383
102000145,648,416,232
102000146,460,461,-1
102000147,643,466,177
102000148,517,860,-343
102000149,391,214,177
102000150,925,136,789
102000151,159,162,-3
102000152,354,199,155
102000153,1322,1127,195
102000154,235,629,-394
102000155,62,1065,-1003
102000156,307,384,-77
102000157,60,1471,-1411
102000158,151,350,-199
102000159,1991,1550,441
102000161,2905,3003,-98
102000162,197,308,-111
102000163,104,532,-428
102000164,1067,1013,54
102000165,350,324,26
102000166,48,230,-182
102000167,399,423,-24
102000168,410,307,103
102000169,143,923,-780
102000170,1065,363,702
102000171,113,526,-413
102000172,46,807,-761
102000173,691,559,132
102000174,167,110,57
102000175,115,106,9
102000176,85,41,44
102000178,321,371,-50
102000179,636,261,375
102000180,1591,312,1279
102000181,1427,310,1117
102000182,924,436,488
102000183,2855,1251,1604
102000184,2947,770,2177
102000185,4460,1037,3423
102000186,2928,1336,1592
102000187,1742,2627,-885
102000188,1854,1906,-52
102000189,3484,924,2560
102000190,760,3158,-2398
102000191,1378,515,863
102000192,2949,2393,556
102000193,112,141,-29
102000194,94,223,-129
102000195,699,541,158
102000196,336,298,38
102000197,1341,295,1046
102000198,339,557,-218
102000199,2003,238,1765
102000200,510,676,-166
102000201,2012,484,1528
102000202,7,239,-232
102000203,764,183,581
102000204,1045,700,345
102000205,2157,557,1600
102000206,1009,595,414
102000207,1071,621,450
102000208,628,656,-28
102000209,181,125,56
102000210,807,430,377
102000211,855,294,561
102000212,847,13,834
102000213,10,171,-161
102000214,787,18,769
102000215,14,186,-172
102000216,129,176,-47
102000217,12,63,-51
102000218,380,327,53
102000219,235,166,69
102000225,300,694,-394
102000226,365,816,-451
102000227,280,4,276
102000228,0,163,-163
102000229,90,76,14
102000230,537,416,121
102000231,491,507,-16
102000232,111,245,-134
102000233,1172,604,568
102000234,154,1567,-1413
102000236,391,134,257
102000237,669,354,315
102000238,213,404,-191
102000240,401,1260,-859
102000241,638,188,450
102000243,23,50,-27
102000245,34,103,-69
102000246,29,93,-64
102000247,240,464,-224
102000248,272,1050,-778
102000249,249,159,90
102000250,179,193,-14
102000254,347,199,148
102000266,9,1203,-1194
102000271,29,1,28
102000286,572,404,168
102000297,3053,1787,1266
102000299,0,0,0
102000301,0,1,-1
102000303,0,0,0
102000305,0,0,0
102000307,0,3,-3
102000308,0,3,-3
102900001,1620,714,906
102900002,500,65,435
102900003,101,118,-17
102900005,626,260,366
102900006,847,64,783
102900007,983,12,971
102900008,376,14,362
102900009,482,672,-190
102900010,231,1652,-1421
102900011,1117,852,265
102900012,636,131,505
102900013,90,76,14
102900015,919,673,246
102900016,88,74,14
102900017,452,260,192
102900018,86,67,19
102900019,639,618,21
102900020,299,35,264
102900021,108,38,70
102900022,264,128,136
102900023,22,88,-66
102900024,122,61,61
102900025,139,107,32
102900026,663,3249,-2586
102900027,137,147,-10
102900028,254,1431,-1177
102900029,130,429,-299
102900030,522,453,69
102900031,496,143,353
102900032,194,42,152
102900033,142,204,-62
102900034,960,54,906
102900035,221,253,-32
102900036,662,315,347
102900037,417,298,119
102900038,681,324,357
102900039,19,1052,-1033
102900040,340,330,10
102900041,205,169,36
102900042,445,168,277
102900043,480,155,325
102900044,839,1532,-693
102900045,316,351,-35
102900046,306,138,168
102900047,201,644,-443
102900048,889,291,598
102900049,105,514,-409
102900050,229,401,-172
102900051,236,214,22
102900052,70,96,-26
102900053,432,534,-102
102900054,403,2163,-1760
102900055,329,406,-77
102900056,130,461,-331
102900057,10,96,-86
102900058,672,100,572
102900059,38,32,6
102900060,131,471,-340
102900061,297,348,-51
102900062,631,495,136
102900063,2611,465,2146
102900064,199,638,-439
102900065,954,337,617
102900066,517,14,503
102900068,74,221,-147
102900070,261,1105,-844
102900072,6,58,-52
102900073,95,16,79
102900074,198,233,-35
102900075,9,123,-114
102900076,101,238,-137
102900077,63,31,32
102900078,24,58,-34
102900079,333,8,325
102900080,642,38,604
102900081,98,245,-147
102900082,42,343,-301
102900083,143,10,133
102900084,13,114,-101
102900085,341,158,183
102900086,10,178,-168
102900087,216,279,-63
102900088,82,39,43
102900089,221,218,3
102900090,4,352,-348
102900091,330,0,330
102900092,972,304,668
102900093,525,175,350
102900094,2,467,-465
102900095,187,2,185
102900096,125,6,119
102900097,12,60,-48
103000001,2502,2905,-403
103000002,2979,3414,-435
103000003,3794,3654,140
103000004,879,662,217
103000005,2253,5214,-2961
103000006,1248,1951,-703
103000007,616,675,-59
103000008,1523,1013,510
103000009,2884,1491,1393
103000010,283,115,168
103000011,1500,1235,265
103000012,1611,2395,-784
103000013,3383,2578,805
103000014,1728,5010,-3282
103000015,1927,818,1109
103000016,677,2289,-1612
103000017,388,985,-597
103000018,1487,231,1256
103000019,505,797,-292
103000020,1822,1466,356
103000021,2424,3031,-607
103000022,986,1176,-190
103000023,1320,3422,-2102
103000024,102,82,20
103000025,216,1482,-1266
103000026,729,113,616
103000027,309,844,-535
103000028,240,413,-173
103000029,159,392,-233
103000030,2091,2383,-292
103000031,1067,3751,-2684
103000032,2898,1743,1155
103000033,3540,3462,78
103000034,1381,1202,179
103000035,344,1818,-1474
103000036,294,377,-83
103000037,737,579,158
103000038,770,1419,-649
103000039,1046,330,716
103000040,946,534,412
103000041,2985,1617,1368
103000042,2515,263,2252
103000043,1414,682,732
103000044,464,96,368
103000046,583,525,58
103000047,800,328,472
103000048,550,185,365
103000049,125,91,34
103000050,1130,283,847
103000051,880,413,467
103000052,988,292,696
103000053,403,438,-35
103000054,3105,973,2132
103000055,2530,1657,873
103000056,1219,1283,-64
103000057,2129,228,1901
103000058,979,614,365
103000059,1220,638,582
103000060,1188,281,907
103000061,859,888,-29
103000062,1260,337,923
103000063,1451,1088,363
103000064,206,127,79
103000065,8,236,-228
103000066,364,24,340
103000069,550,198,352
103000070,1313,562,751
103000071,2530,839,1691
103000072,221,516,-295
103000073,1569,158,1411
103000074,1363,147,1216
103000075,226,675,-449
103000076,625,1344,-719
103000077,33,436,-403
103000078,1410,1989,-579
103000079,689,1453,-764
103000080,697,526,171
103000081,419,1339,-920
103000082,736,312,424
103000083,220,571,-351
103000084,114,5,109
103000085,1,165,-164
103000086,566,823,-257
103000087,315,765,-450
103000088,334,433,-99
103000089,456,1073,-617
103000090,6709,1687,5022
103000091,2281,669,1612
103000092,376,295,81
103000093,396,831,-435
103000094,385,168,217
103000095,165,351,-186
103000096,830,76,754
103000097,91,848,-757
103000098,746,133,613
103000099,177,774,-597
103000100,284,429,-145
103000101,2002,120,1882
103000102,169,359,-190
103000103,1141,130,1011
103000104,133,107,26
103000105,323,65,258
103000106,17,202,-185
103000107,257,108,149
103000108,2242,1445,797
103000109,873,778,95
103000110,1131,718,413
103000111,397,1066,-669
103000112,447,650,-203
103000113,647,1882,-1235
103000114,2260,1710,550
103000115,1159,881,278
103000116,1240,519,721
103000117,809,562,247
103000118,454,440,14
103000119,1003,435,568
103000120,108,236,-128
103000121,120,534,-414
103000122,481,612,-131
103000125,39,104,-65
103000126,1146,3,1143
103000127,7,104,-97
103000128,278,5,273
103000129,14,110,-96
103000130,169,59,110
103000131,266,166,100
103000132,87,155,-68
103000133,39,234,-195
103000134,382,1545,-1163
103000135,749,274,475
103000136,584,818,-234
103000137,618,1019,-401
103000138,772,811,-39
103000139,4,93,-89
103000140,164,34,130
103000141,46,224,-178
103000142,96,153,-57
103000143,93,256,-163
103000144,179,123,56
103000145,54,1261,-1207
103000150,162,38,124
103000152,284,314,-30
103000153,305,356,-51
103000156,45,156,-111
103000157,643,2,641
103000159,225,82,143
103000162,69,32,37
103000163,19,85,-66
103000164,9,6,3
103000165,123,193,-70
103000166,458,724,-266
103000167,305,142,163
103000168,320,167,153
103000169,215,991,-776
103000170,1576,266,1310
103000171,52,116,-64
103000172,1359,309,1050
103000173,1452,156,1296
103000174,493,281,212
103000175,392,133,259
103000176,1185,960,225
103000177,365,498,-133
103000178,106,328,-222
103000179,200,65,135
103000183,511,95,416
103000185,295,69,226
103000186,356,86,270
103000187,1766,164,1602
103000188,40,182,-142
103000189,1070,769,301
103000191,707,811,-104
103000292,539,2666,-2127
103000293,1453,5190,-3737
103000295,130,176,-46
103000296,148,19,129
103000297,17,242,-225
103000504,64,15,49
103000505,17,89,-72
103000506,0,121,-121
103000507,294,2,292
103000508,150,117,33
103000509,285,423,-138
103900001,69,88,-19
103900002,887,138,749
103900003,1314,448,866
103900004,249,3,246
103900005,0,75,-75
103900006,5,2,3
103900007,214,6,208
103900008,17,1,16
103900009,589,383,206
103900010,347,205,142
103900011,928,102,826
103900012,9,70,-61
103900013,133,21,112
103900014,122,23,99
103900015,165,15,150
103900016,297,139,158
103900017,120,86,34
103900018,335,148,187
103900019,64,463,-399
103900020,441,717,-276
103900021,152,84,68
103900022,727,566,161
103900023,322,1,321
103900024,85,307,-222
103900025,17,19,-2
103900026,8,0,8
103900027,664,311,353
103900028,53,471,-418
103900029,1310,130,1180
103900030,587,242,345
103900031,82,1,81
103900032,154,112,42
103900033,129,58,71
103900034,84,26,58
103900035,106,52,54
103900036,121,59,62
103900037,210,74,136
103900038,140,210,-70
103900039,251,82,169
103900040,15,114,-99
103900041,94,52,42
103900042,182,94,88
103900043,449,34,415
103900044,88,1091,-1003
103900045,541,165,376
103900047,156,17,139
103900048,8,56,-48
103900049,154,2069,-1915
103900050,37,248,-211
103900051,3,66,-63
103900052,268,446,-178
103900053,402,175,227
103900054,228,157,71
103900055,708,191,517
103900056,67,40,27
103900057,218,58,160
103900058,592,261,331
103900059,0,61,-61
103900060,138,87,51
103900061,456,15,441
103900062,1151,308,843
103900063,7,0,7
103900064,331,4,327
103900065,337,337,0
103900066,433,110,323
103900067,383,12,371
103900068,4,0,4
103900069,163,13,150
103900070,195,184,11
103900071,44,54,-10
103900072,37,76,-39
103900073,30,53,-23
103900074,136,18,118
103900075,265,37,228
103900076,1174,263,911
103900077,56,280,-224
103900078,460,78,382
103900079,186,150,36
103900080,2,38,-36
103900081,12,39,-27
103900082,58,144,-86
103900083,1413,2750,-1337
103900084,108,266,-158
103900085,74,171,-97
103900086,1961,510,1451
103900087,21,103,-82
103900088,424,714,-290
103900089,80,128,-48
103900090,36,67,-31
103900091,804,124,680
103900092,986,1011,-25
103900093,87,415,-328
103900094,31,46,-15
103900095,363,223,140
103900096,176,82,94
103900097,43,353,-310
103900098,560,145,415
103900099,363,37,326
103900100,534,118,416
103900101,160,989,-829
103900102,11,26,-15
103900104,10,35,-25
103900105,28,67,-39
103900106,1,146,-145
103900107,340,38,302
103900108,78,137,-59
103900109,288,24,264
103900110,523,62,461
103900111,239,228,11
103900112,104,237,-133
103900113,148,324,-176
103900114,780,213,567
103900115,253,362,-109
103900116,1577,2659,-1082
103900117,89,32,57
103900119,31,148,-117
103900120,94,62,32
103900122,303,74,229
103900123,417,860,-443
103900124,74,6,68
103900125,210,52,158
103900126,861,147,714
103900127,301,274,27
103900128,301,39,262
103900131,15,63,-48
103900133,1285,17,1268
103900134,3,17,-14
103900135,5,0,5
103900137,0,9,-9
103900138,276,54,222
103900139,233,4939,-4706
103900140,4,418,-414
103900141,278,61,217
103900142,562,110,452
103900143,294,1,293
103900144,0,13,-13
103900145,205,252,-47
103900146,274,142,132
103900147,697,145,552
103900148,633,164,469
103900149,457,203,254
103900150,4891,8279,-3388
103900151,14,224,-210
103900152,1541,216,1325
103900153,7,20,-13
103900154,337,3278,-2941
103900155,74,78,-4
103900156,176,42,134
103900157,129,48,81
103900158,290,27,263
103900159,512,15,497
103900160,98,38,60
103900161,81,187,-106
103900162,92,65,27
103900163,26,425,-399
103900164,330,14,316
103900167,17,213,-196
103900168,150,45,105
103900169,35,96,-61
103900170,3,107,-104
103900171,12,36,-24
103900172,2,5,-3
103900173,23,32,-9
103900174,679,50,629
103900175,65,194,-129
103900176,16,23,-7
103900177,34,16,18
103900178,116,22,94
103900179,121,28,93
103900180,22,27,-5
103900181,29,67,-38
103900182,15,26,-11
103900184,214,208,6
103900185,86,1084,-998
103900187,14,147,-133
103900188,142,109,33
103900189,115,16,99
103900190,132,61,71
103900191,72,112,-40
103900192,47,108,-61
103900193,58,169,-111
103900194,118,134,-16
103900195,7,198,-191
103900196,72,88,-16
103900197,18,21,-3
103900198,11,27,-16
103900199,175,100,75
103900200,366,57,309
103900201,108,125,-17
103900202,24,79,-55
103900203,70,67,3
103900204,1,42,-41
103900207,5,28,-23
103900208,261,3,258
103900209,7,83,-76
103900210,64,39,25
103900211,1008,104,904
103900212,405,166,239
103900213,67,323,-256
103900214,283,298,-15
103900215,187,416,-229
103900216,25,337,-312
103900217,372,178,194
103900218,2,476,-474
103900219,335,139,196
103900233,429,64,365
103900235,39,414,-375
103900236,7,10,-3
103900242,1,3,-2
103900243,0,10,-10
103900244,159,86,73
103900245,198,91,107
103900246,42,56,-14
103900247,13,75,-62
103900248,6,162,-156
103900249,20,120,-100
103900250,76,68,8
103900251,1,50,-49
103900253,10,76,-66
103900254,11,34,-23
103900255,1,50,-49
103900256,35,68,-33
103900257,165,223,-58
103900258,50,8,42
103900259,24,7,17
103900261,24,7,17
103900262,32,1,31
103900263,81,86,-5
103900264,54,11,43
103900265,26,3,23
103900266,2,117,-115
103900267,6,46,-40
104000001,4054,2739,1315
104000002,2681,2447,234
104000003,3058,3048,10
104000004,2861,3104,-243
104000005,2900,2898,2
104000006,4168,3219,949
104000007,5162,4876,286
104000008,175,250,-75
104000009,398,148,250
104000010,206,684,-478
104000011,433,191,242
104000012,160,204,-44
104000013,528,565,-37
104000014,286,361,-75
104000015,678,224,454
104000016,402,278,124
104000018,1319,273,1046
104000019,774,440,334
104000020,121,381,-260
104000021,391,286,105
104000022,290,391,-101
104000023,1372,533,839
104000024,402,292,110
104000026,69,212,-143
104000027,456,218,238
104000028,550,362,188
104000029,348,244,104
104000030,551,292,259
104000031,1999,354,1645
104000032,221,154,67
104000033,1135,637,498
104000034,338,178,160
104000035,1636,427,1209
104000036,1664,405,1259
104000037,353,142,211
104000038,750,392,358
104000039,271,127,144
104000040,109,538,-429
104000041,763,409,354
104000042,186,228,-42
104000043,302,271,31
104000044,256,378,-122
104000045,960,754,206
104000046,798,1024,-226
104000047,634,1122,-488
104000048,1074,949,125
104000049,1018,576,442
104000050,196,1363,-1167
104000051,318,694,-376
104000052,3128,2268,860
104000053,1466,585,881
104000054,1008,225,783
104000055,4086,2717,1369
104000056,791,258,533
104000057,286,225,61
104000058,1082,849,233
104000059,1057,1075,-18
104000060,1504,1682,-178
104000061,1504,1056,448
104000062,493,166,327
104000064,731,374,357
104000065,299,908,-609
104000069,613,2152,-1539
104000070,96,804,-708
104000071,232,440,-208
104000072,684,211,473
104000075,166,263,-97
104000076,566,86,480
104000082,3070,4933,-1863
104000083,706,264,442
104000084,137,426,-289
104000085,579,513,66
104000086,316,451,-135
104000087,389,2524,-2135
104000090,1543,824,719
104000092,2470,1139,1331
104000094,1099,790,309
104000095,4326,1650,2676
104000096,3067,166,2901
104000097,3786,650,3136
104000098,5169,608,4561
104000100,3447,783,2664
104000101,2260,1516,744
104000106,63,855,-792
104000107,863,228,635
104000108,354,361,-7
104000109,517,250,267
104000110,849,1446,-597
104000111,3024,4402,-1378
104000112,789,460,329
104000116,0,689,-689
104000117,466,324,142
104000118,1682,183,1499
104000119,1457,345,1112
104000120,362,375,-13
104000121,445,582,-137
104000122,1233,897,336
104000123,1159,551,608
104000124,508,1460,-952
104000125,2851,6677,-3826
104000126,763,830,-67
104000127,1582,1543,39
104000128,780,236,544
104000129,437,25,412
104000130,6,410,-404
104000131,373,273,100
104000132,492,479,13
104000133,1818,1028,790
104000134,1347,2117,-770
104000135,776,2057,-1281
104000136,971,3852,-2881
104000137,2761,344,2417
104000138,1520,639,881
104000139,3152,3204,-52
104000141,932,1101,-169
104000142,837,404,433
104000143,1029,357,672
104000144,184,230,-46
104000145,496,309,187
104000146,182,534,-352
104000147,196,378,-182
104000148,526,301,225
104000149,217,126,91
104000150,1576,958,618
104000151,416,247,169
104000152,754,500,254
104000153,1076,841,235
104000154,888,394,494
104000155,675,996,-321
104000157,1732,1241,491
104000158,199,1254,-1055
104000159,1076,1000,76
104000160,2113,2939,-826
104000161,395,201,194
104000162,154,216,-62
104000165,826,826,0
104000167,976,2012,-1036
104000168,1161,17,1144
104000169,255,58,197
104000170,243,647,-404
104000248,556,515,41
104000251,85,176,-91
104000272,0,0,0
104000273,0,0,0
104000274,0,0,0
104000275,0,0,0
104000279,730,551,179
104000290,119,400,-281
104000291,568,1474,-906
104000293,1762,1335,427
104000294,244,0,244
104000295,1125,875,250
104000296,877,864,13
104000297,1122,2334,-1212
104000298,2602,1146,1456
104000299,984,1439,-455
104900001,142,218,-76
104900002,113,321,-208
104900003,67,283,-216
104900004,120,146,-26
104900005,646,452,194
104900006,773,107,666
104900007,617,270,347
104900009,197,186,11
104900010,117,40,77
104900011,15,144,-129
104900012,334,72,262
104900013,90,19,71
104900014,1995,362,1633
104900015,129,15,114
104900016,306,196,110
104900017,222,253,-31
104900018,34,197,-163
104900019,227,8075,-7848
104900020,41,297,-256
104900021,0,48,-48
104900022,31,243,-212
104900023,0,45,-45
104900024,20,323,-303
104900025,109,183,-74
104900026,1,55,-54
104900027,885,526,359
104900028,17,156,-139
104900029,12,27,-15
104900030,756,230,526
104900031,45,305,-260
104900032,96,38,58
104900033,380,297,83
104900034,584,206,378
104900035,700,314,386
104900036,524,49,475
104900037,280,165,115
104900038,206,1710,-1504
104900039,426,626,-200
104900040,967,101,866
104900041,606,201,405
104900042,246,383,-137
104900043,24,378,-354
104900044,1392,183,1209
104900045,631,62,569
104900046,842,92,750
104900047,867,91,776
104900048,619,88,531
104900049,52,64,-12
104900050,590,49,541
104900051,492,42,450
104900052,240,7,233
104900053,656,105,551
104900054,300,40,260
104900055,352,3,349
104900056,340,26,314
104900057,64,1,63
104900058,574,1150,-576
104900059,161,56,105
104900060,2,437,-435
104900061,145,360,-215
104900063,2,290,-288
104900064,0,176,-176
104900065,2,470,-468
104900066,3,129,-126
104900067,16,357,-341
104900068,104,156,-52
104900070,183,216,-33
104900071,1,464,-463
104900072,86,182,-96
104900073,141,51,90
104900074,165,136,29
104900075,97,10,87
104900076,190,166,24
104900077,584,363,221
104900078,353,214,139
104900079,171,1138,-967
104900080,166,481,-315
104900082,20,286,-266
104900085,12,138,-126
104900087,452,7,445
104900089,619,0,619
104900090,2080,1072,1008
104900091,656,625,31
104900093,266,390,-124
104900097,1393,4589,-3196
104900098,461,56,405
104900099,94,1271,-1177
104900100,437,211,226
104900102,89,98,-9
104900103,400,40,360
104900104,2144,3009,-865
104900106,304,148,156
104900107,140,165,-25
104900108,76,146,-70
104900109,142,172,-30
104900110,32,48,-16
104900111,795,136,659
104900112,644,344,300
104900113,1276,252,1024
104900114,976,377,599
104900115,1457,167,1290
104900116,850,109,741
104900118,40,43,-3
104900119,1,132,-131
104900120,15,858,-843
104900121,0,37,-37
104900122,24,38,-14
104900123,153,32,121
104900124,109,2,107
104900125,627,8,619
104900126,33,35,-2
104900127,16,40,-24
104900128,126,105,21
104900129,1165,4208,-3043
105000001,4121,1689,2432
105000002,3772,2274,1498
105000003,3760,4983,-1223
105000004,1202,822,380
105000005,2092,1553,539
105000006,1942,2414,-472
105000007,2264,3333,-1069
105000008,1268,6183,-4915
105000009,4955,5543,-588
105000010,3202,1276,1926
105000011,5038,5292,-254
105000012,2921,2558,363
105000013,1790,1905,-115
105000014,3968,5680,-1712
105000015,11915,19064,-7149
105000016,1395,1424,-29
105000017,1620,968,652
105000018,1066,2701,-1635
105000019,1165,1508,-343
105000020,174,805,-631
105000021,232,209,23
105000022,210,270,-60
105000023,788,238,550
105000028,81,63,18
105000029,757,2567,-1810
105000030,3795,2712,1083
105000033,1211,1881,-670
105000034,228,1781,-1553
105000037,902,272,630
105000038,1671,2312,-641
105000039,1880,1385,495
105000040,1234,2254,-1020
105000041,500,1319,-819
105000042,2897,2568,329
105000043,1153,2550,-1397
105000044,1047,653,394
105000045,346,372,-26
105000046,1650,408,1242
105000047,920,524,396
105000048,1220,338,882
105000049,313,534,-221
105000050,1044,547,497
105000051,169,383,-214
105000052,928,1029,-101
105000053,94,122,-28
105000054,691,1227,-536
105000055,1055,359,696
105000056,2352,1806,546
105000057,1883,650,1233
105000058,1781,1037,744
105000059,1275,809,466
105000060,614,472,142
105000061,1695,790,905
105000062,834,524,310
105000063,463,352,111
105000064,3291,996,2295
105000065,480,450,30
105000066,1142,1229,-87
105000067,2376,1360,1016
105000068,354,790,-436
105000069,1790,3914,-2124
105000070,450,1692,-1242
105000071,279,2177,-1898
105000072,1161,5342,-4181
105000073,1641,1054,587
105000074,719,519,200
105000075,814,510,304
105000076,1281,927,354
105000077,2364,1118,1246
105000078,1287,1966,-679
105000079,1056,3305,-2249
105000080,2479,2324,155
105000081,1753,1555,198
105000082,840,2596,-1756
105000083,2720,4683,-1963
105000084,760,703,57
105000085,3116,3110,6
105000086,937,1201,-264
105000087,1647,2439,-792
105000088,1995,3022,-1027
105000089,2955,2047,908
105000090,912,794,118
105000091,1281,1476,-195
105000092,710,1285,-575
105000093,455,635,-180
105000094,371,282,89
105000095,159,981,-822
105000096,1422,2338,-916
105000097,781,844,-63
105000098,1488,1239,249
105000099,857,1014,-157
105000100,2549,1569,980
105000101,2753,4259,-1506
105000102,2272,3994,-1722
105000103,1733,6805,-5072
105000104,3198,1630,1568
105000105,1557,1710,-153
105000106,2259,1375,884
105000107,3024,1020,2004
105000108,3196,1664,1532
105000109,3426,1350,2076
105000110,1508,632,876
105000111,2036,529,1507
105000112,1732,765,967
105000113,768,907,-139
105000114,2037,1848,189
105000115,484,2012,-1528
105000116,1754,944,810
105000117,870,567,303
105000118,1489,575,914
105000119,812,594,218
105000120,2481,839,1642
105000121,1212,698,514
105000122,693,881,-188
105000123,918,757,161
105000124,3420,763,2657
105000125,1279,1119,160
105000126,3305,1569,1736
105000127,3915,1671,2244
105000128,1123,1318,-195
105000129,1760,321,1439
105000130,231,4868,-4637
105000131,504,235,269
105000132,1999,1054,945
105000133,650,951,-301
105000134,2055,732,1323
105000135,443,601,-158
105000136,95,120,-25
105000137,793,179,614
105000138,141,117,24
105000139,1189,509,680
105000140,484,439,45
105000141,475,288,187
105000142,427,364,63
105000143,294,499,-205
105000144,398,514,-116
105000145,1219,256,963
105000146,426,750,-324
105000147,890,431,459
105000148,1172,847,325
105000149,4152,3519,633
105000150,1784,1054,730
105000151,894,516,378
105000152,266,471,-205
105000153,950,818,132
105000154,816,529,287
105000155,435,940,-505
105000156,517,571,-54
105000157,898,1662,-764
105000158,2870,1095,1775
105000159,446,988,-542
105000160,4802,1139,3663
105000161,939,1257,-318
105000162,1071,3641,-2570
105000163,1274,1153,121
105000164,208,415,-207
105000165,801,11632,-10831
105000166,5218,2159,3059
105000167,1659,4249,-2590
105000168,625,395,230
105000169,1309,173,1136
105000170,491,1695,-1204
105000171,1646,180,1466
105000172,251,28,223
105000173,531,26,505
105000174,153,48,105
105000175,184,100,84
105000176,1032,164,868
105000177,723,362,361
105000178,436,329,107
105000179,1663,202,1461
105000180,494,150,344
105000181,428,156,272
105000182,97,58,39
105000183,2633,3796,-1163
105000184,612,1557,-945
105000185,987,1578,-591
105000186,554,790,-236
105000187,1236,317,919
105000188,238,265,-27
105000189,166,653,-487
105000190,281,427,-146
105000191,560,382,178
105000192,632,68,564
105000193,93,253,-160
105000194,818,129,689
105000195,519,1005,-486
105000196,98,344,-246
105000197,294,711,-417
105000198,449,246,203
105000199,109,547,-438
105000200,172,467,-295
105000201,137,90,47
105000203,14,110,-96
105000204,114,84,30
105000205,108,183,-75
105000207,304,115,189
105000208,303,1130,-827
105000209,208,177,31
105000212,1680,624,1056
105000213,102,344,-242
105000214,134,231,-97
105000215,485,172,313
105000216,287,131,156
105000217,409,225,184
105000218,2784,1072,1712
105000221,221,250,-29
105000222,377,213,164
105000223,520,258,262
105000226,183,172,11
105000227,101,154,-53
105000228,186,2962,-2776
105000229,282,835,-553
105000231,681,494,187
105000233,1118,1137,-19
105000234,530,836,-306
105000235,601,747,-146
105000237,1858,129,1729
105000243,129,129,0
105000248,52,98,-46
105000262,643,611,32
105000269,170,261,-91
105000270,877,37,840
105000271,0,178,-178
105000282,47,72,-25
105000287,328,388,-60
105000288,1077,558,519
105000289,1156,2493,-1337
105000290,47,26,21
105000402,2568,5487,-2919
105000426,314,779,-465
105000438,1711,1506,205
105000446,14381,5651,8730
105000447,3099,1971,1128
105000454,1176,164,1012
105000455,264,103,161
105000474,186,2,184
105000477,1030,790,240
105000478,3986,8090,-4104
105000479,187,231,-44
105000480,6689,10046,-3357
105000481,5957,6913,-956
105000482,3121,4499,-1378
105000483,2335,4734,-2399
105000484,1814,2433,-619
105000485,1612,4625,-3013
105000486,2196,2693,-497
105000488,4335,2546,1789
105000489,1762,927,835
105000549,58,205,-147
105000550,412,1375,-963
105000551,47,85,-38
105000552,2253,1377,876
105900001,16,2821,-2805
105900002,886,1450,-564
105900003,16,125,-109
105900004,273,89,184
105900005,23,188,-165
105900006,22,184,-162
105900007,113,52,61
105900008,167,257,-90
105900009,49,23,26
105900011,200,72,128
105900012,740,116,624
105900013,3,53,-50
105900014,38,84,-46
105900015,108,1152,-1044
105900016,1064,625,439
105900017,2554,67,2487
105900018,221,194,27
105900019,136,443,-307
105900020,72,79,-7
105900021,50,1807,-1757
105900022,345,166,179
105900023,9,356,-347
105900024,14,1221,-1207
105900025,422,6,416
105900026,348,16,332
105900027,21747,6415,15332
105900028,405,545,-140
105900029,2812,469,2343
105900030,297,345,-48
105900031,361,231,130
105900032,165,160,5
105900033,71,90,-19
105900034,450,176,274
105900035,364,212,152
105900036,195,202,-7
105900037,177,43,134
105900038,295,243,52
105900039,198,55,143
105900040,123,87,36
105900041,316,134,182
105900042,119,172,-53
105900043,1703,31,1672
105900044,7,323,-316
105900045,5,1451,-1446
105900046,1,282,-281
105900047,10,83,-73
105900048,169,415,-246
105900050,3709,12500,-8791
105900051,81,1302,-1221
105900052,1138,231,907
105900053,2885,5272,-2387
105900054,247,642,-395
105900056,770,680,90
105900057,12,310,-298
105900058,47,26,21
105900059,0,114,-114
106000001,2616,2826,-210
106000002,890,3921,-3031
106000003,3954,5256,-1302
106000004,1464,2480,-1016
106000005,5367,5747,-380
106000006,5193,1982,3211
106000007,680,504,176
106000008,516,427,89
106000009,760,370,390
106000010,662,671,-9
106000011,2592,1429,1163
106000012,1437,1097,340
106000013,2732,2358,374
106000014,2468,1480,988
106000015,3428,1548,1880
106000016,2012,1600,412
106000017,772,979,-207
106000018,828,685,143
106000019,658,684,-26
106000020,544,342,202
106000021,464,509,-45
106000022,542,219,323
106000023,1027,447,580
106000024,754,420,334
106000025,220,292,-72
106000026,72,210,-138
106000027,2589,2059,530
106000028,1035,237,798
106000029,949,695,254
106000030,243,723,-480
106000034,155,391,-236
106000035,1105,2570,-1465
106000036,197,418,-221
106000037,1303,1317,-14
106000038,88,207,-119
106000039,60,213,-153
106000040,141,1073,-932
106000041,828,607,221
106000043,571,339,232
106000046,442,113,329
106000047,32,692,-660
106000049,1552,302,1250
106000050,409,385,24
106000051,1310,893,417
106000052,166,306,-140
106000053,778,303,475
106000054,357,237,120
106000055,1238,688,550
106000056,345,245,100
106000057,691,238,453
106000058,273,156,117
106000059,572,423,149
106000060,245,321,-76
106000061,250,941,-691
106000062,284,337,-53
106000063,1292,974,318
106000064,21,250,-229
106000065,590,305,285
106000066,145,220,-75
106000067,679,105,574
106000068,107,512,-405
106000069,538,89,449
106000070,486,514,-28
106000071,1116,278,838
106000072,3418,1938,1480
106000073,1550,5642,-4092
106000074,960,915,45
106000075,394,1237,-843
106000076,1950,1771,179
106000077,2843,984,1859
106000078,1971,684,1287
106000079,1197,562,635
106000080,1911,484,1427
106000081,1257,873,384
106000082,2063,620,1443
106000083,608,1338,-730
106000084,1098,562,536
106000085,1880,1634,246
106000086,656,766,-110
106000087,1118,425,693
106000088,455,756,-301
106000089,1453,274,1179
106000090,509,652,-143
106000091,281,342,-61
106000092,1262,292,970
106000093,560,144,416
106000094,83,255,-172
106000095,1635,624,1011
106000096,1586,644,942
106000097,2041,631,1410
106000098,1397,681,716
106000099,311,2019,-1708
106000100,1830,254,1576
106000101,1136,1290,-154
106000102,201,2942,-2741
106000103,340,958,-618
106000104,1221,366,855
106000105,567,618,-51
106000106,1255,330,925
106000107,213,203,10
106000108,558,161,397
106000109,303,136,167
106000110,497,175,322
106000111,297,141,156
106000112,429,862,-433
106000113,985,501,484
106000114,560,1041,-481
106000115,333,342,-9
106000116,561,250,311
106000117,1094,454,640
106000118,1975,1574,401
106000119,1188,606,582
106000120,1597,2006,-409
106000121,501,201,300
106000122,300,103,197
106000123,1171,105,1066
106000124,170,90,80
106000125,49,152,-103
106000126,644,58,586
106000127,1686,573,1113
106000128,1265,116,1149
106000129,749,422,327
106000130,1457,267,1190
106000131,128,794,-666
106000132,712,153,559
106000133,3434,1889,1545
106000134,568,3821,-3253
106000135,146,677,-531
106000136,770,1657,-887
106000137,79,1031,-952
106000138,2773,124,2649
106000139,62,57,5
106000140,67,44,23
106000141,214,49,165
106000142,128,38,90
106000143,29,56,-27
106000144,46,105,-59
106000145,640,125,515
106000146,676,149,527
106000147,510,312,198
106000148,489,568,-79
106000149,1074,292,782
106000150,866,2571,-1705
106000151,3599,846,2753
106000152,1297,3323,-2026
106000153,81,2973,-2892
106000154,1836,176,1660
106000155,182,336,-154
106000156,2471,272,2199
106000157,960,1935,-975
106000158,2086,1085,1001
106000159,2653,3084,-431
106000160,793,5723,-4930
106000161,1120,263,857
106000162,547,1796,-1249
106000163,651,230,421
106000164,1071,312,759
106000165,415,384,31
106000166,1636,302,1334
106000167,623,817,-194
106000168,1302,254,1048
106000169,581,324,257
106000170,1830,252,1578
106000171,319,1093,-774
106000172,3859,1442,2417
106000173,1107,2720,-1613
106000174,1982,391,1591
106000175,320,725,-405
106000176,3144,1050,2094
106000177,1182,2068,-886
106000178,3760,1648,2112
106000179,820,1492,-672
106000180,1005,849,156
106000181,1992,1584,408
106000182,2682,584,2098
106000183,2759,489,2270
106000184,2330,627,1703
106000185,2066,1776,290
106000186,717,81,636
106000187,121,1414,-1293
106000188,0,0,0
106000189,45,50,-5
106000190,48,2,46
106000191,741,112,629
106000192,3,22,-19
106000193,525,231,294
106000194,152,462,-310
106000195,578,375,203
106000196,120,734,-614
106000197,867,341,526
106000198,322,150,172
106000199,750,1631,-881
106000200,385,432,-47
106000201,625,6818,-6193
106000202,2608,567,2041
106000203,70,158,-88
106000204,142,13,129
106000205,11,150,-139
106000206,133,35,98
106000207,26,451,-425
106000208,2414,272,2142
106000209,2625,656,1969
106000210,333,768,-435
106000211,238,1311,-1073
106000212,1524,707,817
106000213,241,1264,-1023
106000214,1336,483,853
106000215,439,449,-10
106000216,601,359,242
106000217,254,367,-113
106000218,449,327,122
106000219,178,269,-91
106000220,623,372,251
106000221,433,131,302
106000222,201,63,138
106000223,618,161,457
106000224,474,73,401
106000225,104,244,-140
106000226,124,141,-17
106000228,119,94,25
106000229,110,568,-458
106000231,1516,127,1389
106000232,153,200,-47
106000233,771,87,684
106000234,59,293,-234
106000235,449,182,267
106000236,82,147,-65
106000237,0,32,-32
106000238,12,24,-12
106000239,3,166,-163
106000240,57,8,49
106000241,14,632,-618
106000242,367,48,319
106000249,129,27,102
106000250,116,767,-651
106000251,214,24,190
106000252,30,49,-19
106000253,92,110,-18
106000254,109,55,54
106000255,73,200,-127
106000256,77,27,50
106000257,218,230,-12
106000258,147,58,89
106000259,6,88,-82
106000260,30,24,6
106000261,4,58,-54
106000262,139,9,130
106000263,35,35,0
106000264,297,10,287
106000265,38,183,-145
106000266,163,14,149
106000267,7,119,-112
106000268,333,47,286
106000269,35,58,-23
106000270,92,298,-206
106000271,156,132,24
106000272,218,64,154
106000273,24,225,-201
106000274,174,56,118
106000275,350,276,74
106000276,103,35,68
106000277,138,365,-227
106000278,143,40,103
106000279,12,42,-30
106000280,153,55,98
106000281,168,42,126
106000282,153,75,78
106000283,212,58,154
106000284,273,139,134
106000285,159,80,79
106000286,164,157,7
106000287,146,116,30
106000288,156,116,40
106000289,138,104,34
106000290,120,72,48
106000291,147,121,26
106000292,127,50,77
106000293,161,102,59
106000294,130,62,68
106000295,82,57,25
106000296,52,77,-25
106000297,67,328,-261
106000298,139,125,14
106000299,96,133,-37
106000300,34,131,-97
106000301,76,104,-28
106000303,54,74,-20
106000304,54,30,24
106000305,119,42,77
106000306,51,46,5
106000307,182,32,150
106000308,54,113,-59
106000309,25,86,-61
106000310,392,280,112
106000311,636,179,457
106000312,166,121,45
106000313,440,154,286
106000318,52,612,-560
106000319,2024,442,1582
106000320,1,78,-77
106000321,212,253,-41
106000322,407,71,336
106000324,37,59,-22
106000325,2937,1175,1762
106000326,1401,1519,-118
106000327,286,78,208
106000328,56,113,-57
106000329,110,191,-81
106000330,58,146,-88
106000428,97,210,-113
106000429,180,223,-43
106000430,386,903,-517
106000431,3211,496,2715
106000432,1019,2676,-1657
106000433,3171,1606,1565
106000434,4677,1790,2887
106000435,1082,2379,-1297
106000436,37,134,-97
106000437,594,105,489
106000438,422,398,24
106000439,72,526,-454
106000440,268,1453,-1185
106000441,2,2,0
106000442,218,11,207
106000443,433,192,241
106000450,0,83,-83
106000451,18,158,-140
106000454,1,130,-129
106000455,19,169,-150
106000456,111,51,60
106000457,56,430,-374
106000458,1531,46,1485
106000459,455,102,353
106000460,2635,31,2604
106000461,314,271,43
106000462,1,57,-56
106000463,1,3,-2
106000464,11,185,-174
106000465,1234,3,1231
106000466,9,220,-211
106000467,151,239,-88
106000468,166,160,6
106000469,63,5,58
106000470,296,2683,-2387
106000471,9,480,-471
106000472,194,18,176
106000473,40,20,20
106000474,360,327,33
106000475,596,187,409
106000476,122,289,-167
106000477,45,27,18
106900001,0,27,-27
106900002,8,183,-175
106900003,169,3887,-3718
106900004,1,15,-14
106900006,0,16,-16
106900007,0,19,-19
106900008,858,49,809
106900009,624,153,471
106900010,370,251,119
106900012,1045,3789,-2744
106900013,875,261,614
106900014,71,7,64
106900015,12,2,10
106900016,508,30,478
106900017,17,0,17
106900018,5,2,3
106900019,189,3,186
106900020,5521,3016,2505
106900021,188,197,-9
106900022,1781,6,1775
106900023,30,212,-182
106900024,892,86,806
106900025,71,1669,-1598
106900026,2,241,-239
106900027,1462,3,1459
107000001,4052,8087,-4035
107000002,1919,3220,-1301
107000003,11269,9130,2139
107000004,5707,2488,3219
107000005,11483,8958,2525
107000006,4113,1959,2154
107000007,7769,12356,-4587
107000008,6649,4220,2429
107000009,14447,11779,2668
107000010,8124,5693,2431
107000011,930,941,-11
107000012,2771,2182,589
107000013,172,44,128
107000014,109,171,-62
107000015,660,713,-53
107000016,1407,433,974
107000017,1312,9056,-7744
107000018,30,6973,-6943
107000020,1283,6813,-5530
107000021,1594,604,990
107000022,1327,4061,-2734
107000023,2447,262,2185
107000024,1172,2148,-976
107000025,313,398,-85
107000026,568,469,99
107000027,2480,1108,1372
107000028,2023,645,1378
107000029,5572,4457,1115
107000030,2983,1859,1124
107000031,7520,3596,3924
107000032,425,708,-283
107000033,3045,4796,-1751
107000034,8239,1522,6717
107000035,708,267,441
107000036,1922,2034,-112
107000037,132,999,-867
107000038,315,200,115
107000039,1597,1205,392
107000040,515,283,232
107000041,1790,1153,637
107000042,776,2812,-2036
107000043,2308,1261,1047
107000044,356,686,-330
107000045,76,395,-319
107000046,1346,586,760
107000047,672,828,-156
107000048,901,365,536
107000049,659,783,-124
107000050,1439,611,828
107000051,257,406,-149
107000052,1291,1630,-339
107000053,545,456,89
107000054,64,173,-109
107000055,197,161,36
107000056,573,605,-32
107000057,1836,173,1663
107000058,2660,3668,-1008
107000059,2520,2988,-468
107000060,7657,7085,572
107000061,5548,2765,2783
107000062,9221,3975,5246
107000063,5567,3104,2463
107000064,7785,4399,3386
107000065,4270,3700,570
107000066,2486,4992,-2506
107000067,1878,2051,-173
107000068,1244,1516,-272
107000069,1594,1012,582
107000070,1682,19,1663
107000071,5879,88,5791
107000072,22,1425,-1403
107000073,1661,839,822
107000074,116,660,-544
107000075,3341,807,2534
107000076,412,1004,-592
107000077,5783,1603,4180
107000078,1332,1909,-577
107000079,4511,1529,2982
107000080,851,2084,-1233
107000081,4427,824,3603
107000082,893,651,242
107000083,2483,1070,1413
107000084,455,974,-519
107000085,4074,4136,-62
107000086,3826,3034,792
107000087,4840,3365,1475
107000088,3884,3546,338
107000089,2682,3183,-501
107000090,2031,990,1041
107000091,2448,1405,1043
107000092,1390,884,506
107000093,2061,1331,730
107000094,1137,917,220
107000095,1534,707,827
107000096,717,677,40
107000097,550,272,278
107000098,221,369,-148
107000099,522,600,-78
107000100,311,365,-54
107000101,183,350,-167
107000102,206,335,-129
107000103,361,287,74
107000104,251,310,-59
107000105,610,173,437
107000106,217,180,37
107000107,890,147,743
107000108,189,342,-153
107000109,1290,344,946
107000110,97,365,-268
107000111,691,58,633
107000112,64,169,-105
107000113,1130,122,1008
107000114,121,248,-127
107000115,1224,480,744
107000116,115,511,-396
107000117,219,1685,-1466
107000118,117,109,8
107000119,1862,2148,-286
107000120,936,855,81
107000121,1424,736,688
107000122,1157,823,334
107000123,771,676,95
107000124,910,577,333
107000125,1945,554,1391
107000126,1793,289,1504
107000127,23,242,-219
107000129,191,146,45
107000130,399,364,35
107000131,516,365,151
107000132,843,401,442
107000133,689,376,313
107000134,460,0,460
107000135,1,662,-661
107000136,820,7,813
107000137,15,967,-952
107000138,282,62,220
107000139,19,1259,-1240
107000140,2638,132,2506
107000141,141,973,-832
107000142,760,148,612
107000143,66,672,-606
107000144,907,947,-40
107000145,198,361,-163
107000146,277,529,-252
107000147,5662,930,4732
107000150,576,5699,-5123
107000151,49,113,-64
107000152,899,3125,-2226
107000153,62,317,-255
107000154,25,521,-496
107000155,1642,20,1622
107000156,2412,22,2390
107000157,104,480,-376
107000158,1333,16,1317
107000159,45,423,-378
107000160,2498,267,2231
107000161,125,373,-248
107000162,474,1108,-634
107000163,209,6,203
107000164,1588,3,1585
107000165,2422,21,2401
107000166,12,304,-292
107000167,1405,303,1102
107000168,1361,760,601
107000169,648,486,162
107000170,5178,1206,3972
107000171,866,1030,-164
107000172,2237,2390,-153
107000173,540,640,-100
107000174,1732,9436,-7704
107000175,4649,1143,3506
107000176,9,3,6
107000177,7,1,6
107000178,75,3,72
107000179,538,1193,-655
107000180,2951,200,2751
107000181,662,752,-90
107000182,3132,587,2545
107000183,353,545,-192
107000184,2266,574,1692
107000185,546,1175,-629
107000186,2084,438,1646
107000187,1526,1441,85
107000188,952,570,382
107000189,1064,965,99
107000190,1175,707,468
107000191,1345,1079,266
107000192,2593,673,1920
107000193,677,792,-115
107000194,1121,573,548
107000197,1356,368,988
107000198,502,439,63
107000199,1727,846,881
107000200,1175,999,176
107000201,675,770,-95
107000202,536,592,-56
107000203,968,2286,-1318
107000204,924,2531,-1607
107000205,1423,995,428
107000206,698,2283,-1585
107000207,806,1857,-1051
107000208,732,872,-140
107000209,937,1545,-608
107000210,171,221,-50
107000211,4,51,-47
107000212,23,253,-230
107000213,6,26,-20
107000214,35,108,-73
107000215,785,221,564
107000216,872,545,327
107000217,303,83,220
107000219,108,411,-303
107000220,342,100,242
107000222,355,469,-114
107000224,1161,142,1019
107000225,173,310,-137
107000226,1182,169,1013
107000227,131,104,27
107000228,633,511,122
107000229,106,125,-19
107000230,1243,478,765
107000231,645,2593,-1948
107000232,123,18,105
107000233,339,1643,-1304
107000234,7,139,-132
107000235,155,19,136
107000236,8,603,-595
107000237,69,2,67
107000238,31,5,26
107000239,4908,835,4073
107000240,68,809,-741
107000241,63,11,52
107000242,367,39,328
107000243,0,88,-88
107000244,7,51,-44
107000246,3,1106,-1103
107000249,7,1212,-1205
107000251,1,295,-294
107000252,1,453,-452
107000255,180,255,-75
107000257,6,623,-617
107000258,17,207,-190
107000259,10,162,-152
107000260,2733,26,2707
107000262,14,222,-208
107000263,799,6,793
107000266,10,18,-8
107000267,64,89,-25
107000268,179,82,97
107000269,107,4,103
107000270,222,55,167
107000271,0,0,0
107000272,128,1,127
107000273,18,652,-634
107000274,880,1756,-876
107000275,69,6592,-6523
107000280,2010,60,1950
107000281,44,335,-291
107000282,111,416,-305
107000290,60,101,-41
107000291,11,19,-8
107000292,4,744,-740
107000293,41,8,33
107000294,0,88,-88
107000295,68,3,65
107000296,0,27,-27
107000444,354,6,348
107000496,2,11,-9
107000497,1392,1334,58
107000500,762,423,339
107000501,104,184,-80
107000502,208,342,-134
107000505,278,930,-652
107000506,0,0,0
107000508,3,192,-189
107000509,214,1055,-841
107000510,88,52,36
107000514,65,588,-523
107000515,22,76,-54
107000516,807,467,340
107000518,2342,3982,-1640
107000519,1572,685,887
107000520,176,71,105
107900001,192,70,122
107900002,91,7,84
107900003,572,15,557
107900004,273,0,273
107900005,3221,17,3204
107900006,375,6,369
107900007,680,67,613
107900008,54,9,45
107900009,194,21,173
107900010,89,7,82
107900012,455,111,344
107900013,330,7,323
107900014,197,42,155
107900015,2394,18,2376
107900016,429,112,317
107900017,97,1,96
107900018,138,362,-224
107900019,29,15,14
107900020,43,28,15
107900021,248,53,195
107900023,13,10,3
107900024,0,8,-8
107900025,382,188,194
107900026,121,30,91
107900027,27,120,-93
107900028,294,60,234
107900030,307,52,255
107900031,109,114,-5
107900032,33,20,13
107900033,26,18,8
107900034,476,40,436
107900035,2597,108,2489
107900036,111,89,22
107900037,0,12,-12
107900038,55,474,-419
107900039,64,23,41
107900040,14,445,-431
107900041,7,1,6
107900043,89,122,-33
107900044,12,17,-5
107900045,200,81,119
107900046,451,298,153
107900047,91,14,77
107900048,398,67,331
107900049,536,1499,-963
107900050,38,196,-158
107900051,77,56,21
107900052,12,70,-58
107900053,152,80,72
107900055,890,353,537
107900056,203,167,36
107900057,10,0,10
107900058,41,459,-418
107900060,18,65,-47
107900061,4,31,-27
107900063,135,149,-14
107900064,319,527,-208
107900065,546,11,535
107900066,41,6,35
107900067,4,0,4
107900068,174,1591,-1417
107900069,24,4608,-4584
107900070,276,213,63
107900071,39,310,-271
107900072,315,102,213
107900073,188,67,121
107900074,208,465,-257
107900076,232,57,175
107900077,199,7,192
107900078,246,119,127
107900079,37,28,9
107900080,206,1289,-1083
107900081,155,57,98
107900082,4,7,-3
107900083,561,205,356
107900084,228,222,6
107900086,58,344,-286
107900087,231,141,90
107900088,178,55,123
107900089,287,1019,-732
107900090,1059,3817,-2758
107900091,166,126,40
107900092,1542,195,1347
107900093,92,57,35
107900095,1545,2254,-709
107900097,48,64,-16
107900098,100,227,-127
107900100,1032,2247,-1215
107900101,559,70,489
107900102,87,13,74
107900103,82,168,-86
107900104,408,6,402
107900105,19,107,-88
107900106,5,458,-453
107900107,1631,578,1053
107900108,166,94,72
107900109,3021,63,2958
107900110,146,41,105
107900111,4,281,-277
107900112,92,716,-624
107900113,338,64,274
107900114,432,77,355
107900115,2,8,-6
107900116,477,84,393
107900117,305,90,215
107900118,74,117,-43
107900119,169,434,-265
107900120,84,58,26
107900121,0,134,-134
107900122,0,363,-363
107900123,27,86,-59
107900124,11,62,-51
107900125,27,282,-255
107900126,50,76,-26
107900127,592,393,199
107900128,128,98,30
107900129,150,15,135
107900130,151,9,142
107900131,171,893,-722
107900132,120,226,-106
107900133,2,60,-58
107900134,83,175,-92
107900135,13,113,-100
107900136,22,43,-21
107900137,169,157,12
107900138,151,28,123
107900139,92,30,62
107900140,66,35,31
107900141,26,97,-71
107900142,39,514,-475
107900143,27,11,16
107900144,3,77,-74
107900145,15,89,-74
107900146,61,155,-94
107900147,48,47,1
107900148,226,96,130
107900149,510,93,417
107900150,54,263,-209
107900151,74,46,28
107900152,13,102,-89
107900153,96,431,-335
107900154,69,23,46
107900155,108,44,64
107900156,13,86,-73
107900157,37,27,10
107900158,1667,35,1632
107900159,11,332,-321
107900160,281,101,180
107900161,74,50,24
107900162,0,93,-93
107900163,54,92,-38
107900164,40,36,4
107900165,23,218,-195
107900166,76,57,19
107900167,32,110,-78
107900168,95,8,87
107900169,3,433,-430
107900171,1,346,-345
107900172,8,167,-159
107900173,53,56,-3
107900174,281,4,277
107900175,215,89,126
107900176,77,6,71
107900177,5,294,-289
107900178,10,84,-74
107900179,35,91,-56
107900180,369,1661,-1292
107900181,343,260,83
107900182,322,407,-85
107900183,126,60,66
107900184,184,100,84
107900185,330,24,306
107900186,39,59,-20
107900187,0,287,-287
107900188,424,121,303
107900189,50,100,-50
107900190,43,204,-161
107900191,101,69,32
107900193,4,79,-75
107900194,360,52,308
107900195,769,288,481
107900196,149,28,121
107900197,302,593,-291
107900199,0,397,-397
107900201,112,43,69
107900203,58,31,27
107900204,188,256,-68
107900205,266,344,-78
107900206,651,656,-5
107900207,3,299,-296
107900208,25,172,-147
107900209,226,154,72
107900210,72,33,39
107900213,423,563,-140
107900214,14,64,-50
107900215,127,544,-417
107900216,48,40,8
107900217,67,75,-8
107900218,45,2585,-2540
107900219,59,23,36
107900220,135,266,-131
107900221,160,162,-2
107900223,195,157,38
107900224,92,562,-470
107900225,26,439,-413
107900226,42,70,-28
107900227,130,250,-120
107900228,66,85,-19
107900229,2,95,-93
107900230,46,22,24
107900231,64,85,-21
107900232,238,88,150
107900233,31,52,-21
107900234,211,179,32
107900235,35,154,-119
107900236,443,54,389
107900237,32,240,-208
107900238,65,18,47
107900239,328,799,-471
107900240,81,67,14
107900241,20,36,-16
107900242,50,72,-22
107900243,0,34,-34
107900244,547,4,543
107900245,1212,64,1148
107900246,362,29,333
107900248,909,194,715
107900249,1729,164,1565
107900250,3,301,-298
107900251,53,730,-677
107900252,1514,62,1452
107900253,443,19,424
107900254,70,280,-210
107900255,241,95,146
107900256,544,2377,-1833
107900257,517,182,335
107900258,183,122,61
107900259,58,4403,-4345
107900261,4,150,-146
107900262,57,57,0
107900264,749,38,711
107900265,259,135,124
107900267,541,10,531
107900268,9,1,8
107900269,0,5,-5
107900270,4,0,4
107900271,6,44,-38
107900272,35,71,-36
107900273,122,74,48
107900274,294,1,293
107900275,60,0,60
107900276,0,40,-40
107900277,1,74,-73
107900278,574,176,398
107900279,66,109,-43
107900280,3243,1814,1429
107900281,703,8056,-7353
107900282,42,1317,-1275
107900283,851,1331,-480
107900284,1071,362,709
107900285,226,43,183
107900286,73,54,19
107900287,533,198,335
107900290,2,530,-528
107900291,828,38,790
107900292,146,77,69
107900293,150,231,-81
107900295,105,17,88
107900297,8,311,-303
107900298,747,496,251
107900299,1980,3863,-1883
107900300,136,562,-426
107900301,1061,1086,-25
107900302,137,46,91
107900303,414,257,157
107900304,758,143,615
107900305,569,32,537
107900306,6,65,-59
107900307,19,182,-163
107900308,260,263,-3
107900309,90,0,90
107900310,145,1,144
107900311,21,1254,-1233
107900312,62,0,62
107900313,7,304,-297
107900314,0,154,-154
107900315,6,104,-98
107900316,59,0,59
107900317,137,9,128
107900318,11,256,-245
107900319,20,64,-44
107900320,4,86,-82
107900321,252,8,244
107900322,2,41,-39
107900323,14,94,-80
107900324,187,0,187
107900325,171,3,168
107900326,603,126,477
107900327,3,230,-227
107900328,49,3,46
107900329,94,261,-167
107900330,27,103,-76
107900331,720,25,695
107900332,773,17,756
107900333,92,44,48
107900334,13,51,-38
107900335,53,29,24
107900336,40,74,-34
107900337,598,1693,-1095
107900338,0,151,-151
107900339,1,7,-6
107900340,3,107,-104
107900341,92,0,92
107900342,131,56,75
107900343,41,2,39
107900344,15,140,-125
107900345,160,13,147
107900346,36,2,34
107900347,10,3,7
107900348,3,19,-16
107900349,54,19,35
107900350,13,225,-212
108000001,5324,4684,640
108000002,2169,1621,548
108000003,4092,4663,-571
108000004,12184,12462,-278
108000005,10239,7840,2399
108000006,5035,5460,-425
108000007,7021,6379,642
108000008,4379,4688,-309
108000009,7214,7521,-307
108000010,4075,3970,105
108000011,16489,15011,1478
108000012,11030,11062,-32
108000014,824,2011,-1187
108000015,1209,192,1017
108000016,478,940,-462
108000017,1693,506,1187
108000018,2687,894,1793
108000019,1444,1388,56
108000020,1621,619,1002
108000021,326,1734,-1408
108000022,544,1141,-597
108000023,2449,424,2025
108000024,431,244,187
108000025,708,222,486
108000026,1282,196,1086
108000027,1278,255,1023
108000028,1153,196,957
108000029,1140,366,774
108000030,766,222,544
108000031,255,563,-308
108000032,2918,765,2153
108000033,882,641,241
108000034,2769,733,2036
108000035,732,1385,-653
108000036,434,871,-437
108000037,3325,480,2845
108000038,5311,719,4592
108000039,621,1267,-646
108000040,3216,1382,1834
108000041,653,1807,-1154
108000042,868,190,678
108000043,253,231,22
108000044,3249,137,3112
108000045,482,363,119
108000046,2312,456,1856
108000047,503,555,-52
108000048,219,295,-76
108000049,1503,303,1200
108000050,99,399,-300
108000051,583,350,233
108000052,154,438,-284
108000053,654,442,212
108000054,505,1162,-657
108000055,1696,1034,662
108000056,590,1747,-1157
108000057,862,2121,-1259
108000058,2730,6411,-3681
108000059,2342,1635,707
108000060,350,715,-365
108000061,200,194,6
108000062,1653,874,779
108000063,713,388,325
108000064,382,264,118
108000065,822,411,411
108000066,2071,1051,1020
108000067,2679,1085,1594
108000068,1170,551,619
108000069,195,637,-442
108000070,3138,843,2295
108000071,752,1125,-373
108000072,2365,1055,1310
108000073,1039,1048,-9
108000074,1157,490,667
108000075,452,473,-21
108000076,1248,599,649
108000077,624,522,102
108000078,3682,1127,2555
108000079,652,810,-158
108000080,2689,539,2150
108000081,731,759,-28
108000082,719,1358,-639
108000083,2674,1070,1604
108000084,490,836,-346
108000085,1850,714,1136
108000086,502,380,122
108000087,240,3444,-3204
108000088,492,20,472
108000089,540,423,117
108000090,752,245,507
108000091,317,331,-14
108000092,304,93,211
108000093,370,380,-10
108000094,1337,88,1249
108000095,303,231,72
108000096,664,201,463
108000097,245,254,-9
108000098,3342,1282,2060
108000099,396,277,119
108000100,120,329,-209
108000101,2075,2053,22
108000102,2081,4908,-2827
108000106,1209,0,1209
108000107,8,1139,-1131
108000108,1097,78,1019
108000109,10,846,-836
108000110,563,450,113
108000111,287,526,-239
108000112,63,299,-236
108000113,440,183,257
108000115,393,363,30
108000117,634,527,107
108000118,58,411,-353
108000119,635,298,337
108000120,239,1048,-809
108000121,405,317,88
108000122,949,469,480
108000123,1098,211,887
108000124,667,655,12
108000125,976,114,862
108000126,390,234,156
108000127,958,211,747
108000128,1133,243,890
108000129,637,444,193
108000130,848,227,621
108000131,1033,538,495
108000132,765,855,-90
108000133,1810,608,1202
108000134,601,325,276
108000135,1897,863,1034
108000136,270,490,-220
108000137,862,217,645
108000138,884,513,371
108000139,868,326,542
108000140,515,15,500
108000141,57,47,10
108000142,83,33,50
108000143,59,21,38
108000144,139,5,134
108000145,98,9,89
108000146,214,22,192
108000147,50,22,28
108000148,136,39,97
108000149,53,7,46
108000150,56,16,40
108000151,8,37,-29
108000152,159,303,-144
108000153,1081,154,927
108000154,36,7,29
108000155,50,34,16
108000156,346,180,166
108000157,241,2327,-2086
108000158,104,1270,-1166
108000159,202,279,-77
108000160,1885,1589,296
108000161,1991,6742,-4751
108000165,7,531,-524
108000172,6,498,-492
108000173,820,3250,-2430
108000175,703,166,537
108000178,420,475,-55
108000179,184,1391,-1207
108000181,143,34,109
108000182,97,21,76
108000183,9,44,-35
108000184,746,4459,-3713
108000185,433,206,227
108000186,407,51,356
108000187,154,184,-30
108000188,1541,162,1379
108000189,480,2295,-1815
108000190,43,100,-57
108000192,458,180,278
108000193,723,22,701
108000194,46,25,21
108000195,1,774,-773
108000196,376,194,182
108000198,906,69,837
108000199,2,508,-506
108000200,1003,241,762
108000202,12,621,-609
108000203,291,229,62
108000204,284,140,144
108000205,115,205,-90
108000339,1157,549,608
108000364,68,276,-208
108000365,126,305,-179
108000367,246,269,-23
108000368,20,79,-59
108000369,275,143,132
108000371,1,548,-547
108000372,1093,6,1087
108000373,342,324,18
108000376,224,41,183
108000377,1037,147,890
108000378,11901,16905,-5004
108000379,115,169,-54
108000381,197,11,186
108000382,70,0,70
108000383,0,266,-266
108900001,50,288,-238
108900002,353,103,250
108900003,194,594,-400
108900004,128,800,-672
108900005,90,758,-668
108900006,1217,374,843
108900007,518,147,371
108900008,407,145,262
108900009,185,139,46
108900010,569,136,433
108900011,1218,358,860
108900012,670,385,285
108900013,216,261,-45
108900014,49,106,-57
108900015,2,407,-405
108900016,5,244,-239
108900017,197,685,-488
108900018,269,396,-127
108900019,74,458,-384
108900020,59,123,-64
108900021,162,149,13
108900022,88,190,-102
108900023,482,60,422
108900024,82,43,39
108900025,344,64,280
108900026,24,43,-19
108900028,171,89,82
108900029,132,219,-87
108900031,264,146,118
108900032,15,150,-135
108900034,0,74,-74
108900035,281,403,-122
108900036,157,212,-55
108900037,84,133,-49
108900039,0,97,-97
108900040,22,56,-34
108900041,4096,4590,-494
108900042,7,510,-503
108900043,70,403,-333
108900045,220,180,40
108900046,12,28,-16
108900047,0,117,-117
108900048,144,312,-168
108900049,1482,3264,-1782
108900050,3,62,-59
108900051,1,97,-96
108900052,28,80,-52
108900053,92,561,-469
108900054,82,146,-64
108900055,47,515,-468
108900056,11,60,-49
108900057,0,54,-54
108900058,75,154,-79
108900059,1222,83,1139
108900060,158,298,-140
108900061,93,45,48
108900062,14,149,-135
108900063,13,140,-127
108900064,624,19,605
108900065,13,120,-107
108900066,767,204,563
108900067,22,141,-119
108900068,0,40,-40
108900069,183,14,169
108900070,36,42,-6
108900071,205,63,142
108900072,1898,485,1413
108900073,9,27,-18
108900074,598,84,514
108900075,28,26,2
108900076,922,87,835
108900077,91,64,27
108900078,100,43,57
108900079,392,190,202
108900080,37,1681,-1644
108900081,65,233,-168
108900082,174,35,139
108900083,20,423,-403
108900084,216,170,46
108900085,1355,133,1222
108900086,311,77,234
108900087,59,184,-125
108900088,1247,501,746
108900089,15,264,-249
108900090,132,109,23
108900091,153,55,98
108900092,826,366,460
108900093,158,195,-37
108900094,397,141,256
108900095,28,150,-122
108900096,256,26,230
108900097,463,98,365
108900098,1356,1803,-447
108900099,628,88,540
108900100,99,105,-6
108900101,324,422,-98
108900102,32,1829,-1797
108900103,120,194,-74
108900104,87,342,-255
108900105,6,3000,-2994
108900106,709,95,614
108900108,513,48,465
108900109,47,36,11
108900110,330,153,177
108900111,794,218,576
108900112,583,32,551
108900113,53,113,-60
108900114,0,11,-11
108900115,343,134,209
108900116,194,20,174
108900117,330,28,302
108900119,638,52,586
108900120,271,402,-131
108900121,477,183,294
108900122,347,35,312
108900123,362,166,196
108900124,1238,382,856
108900126,267,91,176
108900127,412,36,376
108900128,320,102,218
108900129,1716,256,1460
108900131,667,22,645
108900132,869,66,803
108900133,498,78,420
108900134,1168,171,997
108900135,509,18,491
108900137,376,2,374
108900138,1639,105,1534
108900139,961,106,855
108900140,666,85,581
108900141,984,14,970
108900142,169,5,164
108900143,0,0,0
108900144,240,5,235
108900145,445,23,422
108900146,190,3,187
108900147,470,3,467
108900148,66,13,53
108900149,520,257,263
108900150,463,13,450
108900151,78,32,46
108900152,224,245,-21
108900153,389,130,259
108900154,7721,400,7321
108900155,562,71,491
108900156,169,8,161
108900157,28,323,-295
108900158,775,41,734
108900159,5,101,-96
108900160,38,138,-100
108900161,4,203,-199
108900162,272,3,269
108900163,7,543,-536
108900164,92,43,49
108900165,75,53,22
108900167,989,14074,-13085
108900168,4156,3537,619
108900169,92,148,-56
108900171,3204,5087,-1883
108900172,290,54,236
108900173,90,408,-318
108900174,1631,491,1140
108900176,219,316,-97
108900177,5141,12319,-7178
108900178,2680,6093,-3413
108900179,523,2983,-2460
108900180,128,472,-344
108900182,38,745,-707
108900183,150,194,-44
108900184,875,247,628
108900185,150,536,-386
108900186,149,445,-296
108900187,856,52,804
108900188,1258,81,1177
108900189,567,98,469
108900190,77,1512,-1435
108900191,173,88,85
108900192,139,149,-10
108900193,80,81,-1
108900194,12,730,-718
108900195,129,68,61
108900196,49,262,-213
108900198,7,180,-173
108900199,295,283,12
108900200,858,688,170
108900201,447,896,-449
108900203,745,137,608
108900204,600,25,575
108900205,420,45,375
108900206,652,76,576
108900207,296,263,33
108900208,21,265,-244
108900209,171,421,-250
108900210,142,204,-62
108900211,223,1007,-784
108900212,225,2421,-2196
108900215,93,362,-269
108900216,338,440,-102
108900217,111,1,110
108900218,109,20,89
108900219,100,20,80
108900220,61,42,19
108900221,48,111,-63
108900222,450,16,434
108900223,3,78,-75
108900224,58,203,-145
108900225,1,224,-223
108900226,871,30,841
108900227,222,687,-465
108900230,88,260,-172
108900231,10,180,-170
108900232,1,186,-185
108900233,753,204,549
108900234,494,177,317
108900235,215,342,-127
108900236,64,408,-344
108900237,91,107,-16
108900240,245,127,118
108900241,80,73,7
108900245,17,2959,-2942
108900249,177,52,125
108900250,440,78,362
108900257,419,227,192
108900258,5,100,-95
108900259,24,54,-30
108900260,10,26,-16
108900261,54,53,1
108900262,93,102,-9
108900263,49,180,-131
108900264,145,264,-119
108900265,1343,907,436
108900266,250,1857,-1607
108900267,8,373,-365
108900268,12,32,-20
108900269,197,20,177
108900270,258,13,245
108900271,82,14,68
108900272,637,25,612
108900273,294,1827,-1533
108900274,111,29,82
108900275,63,10,53
108900276,13,64,-51
109000001,4265,3252,1013
109000002,949,3424,-2475
109000003,4602,500,4102
109000004,664,2496,-1832
109000005,3283,711,2572
109000006,1020,2114,-1094
109000007,3003,864,2139
109000008,949,1687,-738
109000009,4656,1809,2847
109000010,1166,2773,-1607
109000011,5886,3376,2510
109000012,2502,2718,-216
109000013,6314,6509,-195
109000014,2500,2866,-366
109000015,5066,14690,-9624
109000016,5495,3038,2457
109000017,4560,1520,3040
109000018,1668,2315,-647
109000019,3949,1622,2327
109000020,1253,1741,-488
109000023,461,20,441
109000024,9,214,-205
109000025,446,951,-505
109000026,577,348,229
109000027,180,454,-274
109000028,121,73,48
109000029,166,627,-461
109000030,38,344,-306
109000031,368,221,147
109000032,163,407,-244
109000033,695,301,394
109000034,87,95,-8
109000035,5,101,-96
109000036,69,493,-424
109000037,522,3620,-3098
109000038,421,402,19
109000039,1614,1598,16
109000040,3491,19158,-15667
109000041,1808,3518,-1710
109000042,628,1930,-1302
109000044,551,114,437
109000045,135,390,-255
109000046,687,116,571
109000047,103,370,-267
109000048,830,444,386
109000049,321,495,-174
109000050,449,340,109
109000051,274,146,128
109000052,756,411,345
109000053,600,129,471
109000054,246,312,-66
109000055,460,442,18
109000056,532,331,201
109000057,1199,700,499
109000058,488,170,318
109000059,269,1615,-1346
109000060,208,562,-354
109000061,499,2862,-2363
109000062,216,582,-366
109000063,350,146,204
109000064,584,267,317
109000065,329,101,228
109000066,592,62,530
109000067,117,209,-92
109000068,995,5,990
109000069,770,33,737
109000070,113,1904,-1791
109000071,645,105,540
109000072,196,284,-88
109000073,106,131,-25
109000074,21,178,-157
109000075,72,364,-292
109000076,122,383,-261
109000077,308,160,148
109000078,112,175,-63
109000079,200,79,121
109000080,360,62,298
109000081,208,264,-56
109000082,1390,202,1188
109000083,384,444,-60
109000088,297,311,-14
109000089,458,137,321
109000090,179,382,-203
109000091,788,286,502
109000092,331,391,-60
109000093,494,349,145
109000094,1460,9,1451
109000095,190,284,-94
109000096,1652,292,1360
109000097,86,108,-22
109000098,71,206,-135
109000099,1154,256,898
109000100,440,649,-209
109000101,2623,739,1884
109000102,869,653,216
109000103,953,520,433
109000104,3637,503,3134
109000105,744,1000,-256
109000106,2941,862,2079
109000107,833,1283,-450
109000108,3589,821,2768
109000109,759,993,-234
109000110,2194,807,1387
109000111,924,2393,-1469
109000112,505,135,370
109000113,432,151,281
109000114,257,351,-94
109000115,1405,32,1373
109000116,6,317,-311
109000117,353,42,311
109000118,15,321,-306
109000119,2733,120,2613
109000120,461,351,110
109000121,1100,28,1072
109000122,282,295,-13
109000123,35,36,-1
109000124,1314,184,1130
109000125,1588,280,1308
109000126,716,417,299
109000127,2326,225,2101
109000128,916,693,223
109000129,4392,990,3402
109000130,535,829,-294
109000131,1454,1123,331
109000132,594,1481,-887
109000133,377,621,-244
109000134,857,1059,-202
109000135,805,1724,-919
109000136,383,230,153
109000137,462,411,51
109000138,757,222,535
109000139,1074,370,704
109000140,344,196,148
109000141,1060,411,649
109000142,212,621,-409
109000143,174,77,97
109000145,69,288,-219
109000146,49,63,-14
109000148,1886,3577,-1691
109000149,21,103,-82
109000150,53,412,-359
109000155,1423,1072,351
109000156,1232,448,784
109000158,185,326,-141
109000159,169,561,-392
109000160,2363,225,2138
109000161,771,888,-117
109000162,3326,481,2845
109000163,2005,1472,533
109000164,2172,1944,228
109000165,2240,427,1813
109000166,1786,135,1651
109000167,192,320,-128
109000170,40,56,-16
109000171,166,74,92
109000172,38,59,-21
109000173,42,122,-80
109000174,195,33,162
109000175,71,77,-6
109000176,734,178,556
109000177,26,104,-78
109000178,808,70,738
109000179,2796,7773,-4977
109000180,4206,5005,-799
109000181,14,12,2
109000182,53,18,35
109000183,84,12,72
109000184,47,12,35
109000185,46,19,27
109000188,712,994,-282
109000189,4098,618,3480
109000190,943,504,439
109000191,483,420,63
109000192,823,119,704
109000193,548,73,475
109000194,421,31,390
109000195,269,113,156
109000196,458,66,392
109000197,316,194,122
109000198,515,61,454
109000199,325,338,-13
109000206,446,39,407
109000207,363,46,317
109000208,278,227,51
109000209,198,78,120
109000210,124,464,-340
109000211,520,250,270
109000214,649,174,475
109000215,219,56,163
109000216,472,452,20
109000217,265,215,50
109000218,344,316,28
109000221,298,707,-409
109000222,1160,261,899
109000223,652,449,203
109000224,99,54,45
109000225,245,19,226
109000226,130,144,-14
109000227,2539,528,2011
109000228,9,2833,-2824
109000231,1,137,-136
109000232,895,146,749
109000236,467,617,-150
109000241,2590,1253,1337
109000242,1760,732,1028
109000293,27,65,-38
109000361,106,219,-113
109000364,167,398,-231
109000396,2,299,-297
109000397,1298,23,1275
109000399,131,310,-179
109000400,169,182,-13
109000403,57,1904,-1847
109000406,585,19,566
109000407,487,123,364
109000408,4,644,-640
109000410,1219,255,964
109000411,288,24,264
109900001,226,1,225
109900002,1481,27,1454
109900003,560,1,559
109900004,461,85,376
109900005,49,3,46
109900006,661,306,355
109900007,2063,155,1908
109900008,1,23,-22
109900009,218,257,-39
109900010,1074,41,1033
109900011,106,84,22
109900012,503,262,241
109900013,497,165,332
109900014,623,95,528
109900015,347,140,207
109900016,188,32,156
109900017,378,301,77
109900018,343,33,310
109900019,472,40,432
109900020,88,47,41
109900021,65,23,42
109900022,94,300,-206
109900023,87,16,71
109900024,34,3,31
109900025,21,21,0
109900026,10,179,-169
109900027,68,56,12
109900028,435,2259,-1824
109900029,9,158,-149
109900030,60,13,47
109900031,0,650,-650
109900032,13,232,-219
109900033,4,388,-384
109900034,97,3,94
109900035,59,43,16
109900036,31,43,-12
109900037,20,417,-397
109900038,138,291,-153
109900039,6,0,6
109900040,45,338,-293
109900041,133,233,-100
109900042,61,3001,-2940
109900044,181,168,13
109900045,149,145,4
109900046,47,52,-5
109900047,165,265,-100
109900048,0,81,-81
109900049,33,34,-1
109900050,2,67,-65
109900051,0,14,-14
109900052,78,117,-39
109900053,1,123,-122
109900054,1560,311,1249
109900055,143,175,-32
109900056,50,515,-465
109900057,3,76,-73
109900058,0,55,-55
109900059,1736,146,1590
109900060,1123,88,1035
109900061,52,202,-150
109900062,0,74,-74
109900063,4,443,-439
109900064,930,235,695
109900065,122,100,22
109900066,295,435,-140
109900067,0,73,-73
109900068,150,16,134
109900069,6,28,-22
109900070,58,145,-87
109900071,4,10,-6
109900072,15,107,-92
109900073,808,166,642
109900074,34,13,21
109900075,52,23,29
109900076,19,63,-44
109900077,77,15,62
109900078,117,216,-99
109900080,107,157,-50
109900081,46,229,-183
109900082,71,158,-87
109900083,31,62,-31
109900084,93,99,-6
109900085,195,304,-109
109900086,237,1093,-856
109900087,118,532,-414
109900089,1171,273,898
109900090,294,743,-449
109900091,753,74,679
109900092,420,55,365
109900093,1782,216,1566
109900094,76,84,-8
109900095,76,272,-196
109900096,205,8,197
109900097,201,9,192
109900098,1014,46,968
109900099,632,5,627
109900100,76,1,75
109900101,1163,5,1158
109900102,811,37,774
109900103,84,44,40
109900104,1513,205,1308
109900105,931,47,884
109900106,625,63,562
109900107,1774,80,1694
109900108,438,409,29
109900109,62,573,-511
109900110,93,223,-130
109900111,180,426,-246
109900112,150,220,-70
109900113,1155,799,356
109900114,975,1732,-757
109900115,280,112,168
109900117,1902,112,1790
109900118,167,279,-112
109900119,352,385,-33
109900120,128,31,97
109900121,358,438,-80
109900122,1004,6,998
109900123,46,115,-69
109900124,123,192,-69
109900125,1,223,-222
109900126,582,20,562
109900128,596,42,554
109900130,3621,4122,-501
109900131,41,188,-147
109900132,40,150,-110
109900133,178,218,-40
109900134,69,146,-77
109900135,335,41,294
109900136,70,93,-23
109900137,219,147,72
109900138,649,235,414
109900140,393,68,325
109900141,978,241,737
109900142,2418,265,2153
109900145,5,932,-927
109900146,281,60,221
109900148,37,72,-35
109900149,36,53,-17
109900150,25,50,-25
109900151,44,35,9
109900152,1,33,-32
109900153,1,39,-38
109900154,70,3,67
109900155,98,20,78
109900157,81,153,-72
109900158,55,175,-120
109900159,272,84,188
109900160,157,43,114
109900161,339,129,210
109900162,375,178,197
109900163,360,350,10
109900164,68,333,-265
109900165,580,15,565
109900166,1,80,-79
109900167,314,224,90
109900168,360,379,-19
109900169,310,121,189
109900170,318,2228,-1910
109900171,393,84,309
109900172,381,468,-87
109900173,1477,4092,-2615
109900174,94,111,-17
109900175,170,117,53
109900176,244,89,155
109900177,83,99,-16
109900178,8,400,-392
109900179,27,28,-1
109900180,1,16,-15
110000001,737,540,197
110000002,669,956,-287
110000003,872,835,37
110000004,554,896,-342
110000005,390,2532,-2142
110000006,266,383,-117
110000007,236,118,118
110000008,20,166,-146
110000009,64,35,29
110000010,58,122,-64
110000011,85,30,55
110000012,1036,230,806
110000013,87,1148,-1061
110000014,674,446,228
110000015,337,854,-517
110000016,287,2130,-1843
110000017,5187,434,4753
110000018,2961,434,2527
110000019,6,136,-130
110000020,815,185,630
110000021,230,727,-497
110000022,1601,235,1366
110000023,10,184,-174
110000024,616,704,-88
110000025,874,6,868
110000026,10,212,-202
110000027,718,1778,-1060
110000028,1260,660,600
110000029,666,687,-21
110000030,493,479,14
110000031,475,370,105
110000032,1191,306,885
110000033,334,370,-36
110000034,973,765,208
110000035,1017,499,518
110000036,1733,812,921
110000037,317,734,-417
110000038,413,1000,-587
110000039,1201,7337,-6136
110000040,373,291,82
110000041,413,2689,-2276
110000042,138,871,-733
110000043,1028,490,538
110000044,61,1935,-1874
110000045,289,365,-76
110000046,7,101,-94
110000047,26,258,-232
110000048,21,214,-193
110000049,64,36,28
110000050,15,153,-138
110000051,38,17,21
110000052,35,53,-18
110000053,27,11,16
110000054,239,2812,-2573
110000055,284,307,-23
110000056,76,239,-163
110000057,485,683,-198
110000058,1375,648,727
110000059,1273,580,693
110000060,1650,1160,490
110000061,755,670,85
110000062,919,1050,-131
110000063,99,267,-168
110000064,155,55,100
110000065,196,163,33
110000066,174,43,131
110000067,106,208,-102
110000068,517,103,414
110000069,809,39,770
110000071,595,57,538
110000073,60,19,41
110000075,34,70,-36
110000076,452,571,-119
110000077,300,1263,-963
110000078,137,26,111
110000080,265,490,-225
110000081,18,288,-270
110000082,28,406,-378
110000083,265,445,-180
110000084,2030,1417,613
110000085,857,1262,-405
110000086,1254,3484,-2230
110000087,24,43,-19
110000088,155,268,-113
110000089,518,56,462
110000090,106,199,-93
110000091,947,182,765
110000092,37,46,-9
110000093,95,30,65
110000094,402,173,229
110000095,231,927,-696
110000096,1399,2730,-1331
110000097,1242,2406,-1164
110000098,2584,941,1643
110000099,1067,1662,-595
110000100,2278,157,2121
110000101,81,97,-16
110000102,113,41,72
110000104,619,298,321
110000105,66,306,-240
110000106,753,675,78
110000107,159,326,-167
110000108,229,104,125
110000109,161,406,-245
110000110,2207,4991,-2784
110000111,3851,4085,-234
110000112,244,1324,-1080
110000113,93,3262,-3169
110000114,406,984,-578
110000115,575,415,160
110000116,147,68,79
110000117,498,235,263
110000118,1103,142,961
110000119,487,287,200
110000120,696,207,489
110000121,84,382,-298
110000122,305,296,9
110000123,998,727,271
110000124,1,696,-695
110000125,1365,11,1354
110000126,435,26,409
110000127,2237,97,2140
110000128,39,728,-689
110000129,4,287,-283
110000130,352,440,-88
110000131,98,268,-170
110000132,0,488,-488
110000133,73,518,-445
110000134,20,492,-472
110000135,283,60,223
110000136,138,266,-128
110000137,1099,351,748
110000138,1398,525,873
110000139,1895,442,1453
110000140,1217,1155,62
110000143,595,375,220
110000144,2989,3291,-302
110000145,2021,2735,-714
110000146,1955,2144,-189
110000147,685,1362,-677
110000148,1019,217,802
110000151,744,2385,-1641
110000152,689,607,82
110000153,340,24,316
110000154,143,45,98
110000155,1295,3962,-2667
110000156,975,2962,-1987
110000157,1721,3669,-1948
110000160,535,344,191
110000161,278,176,102
110000166,1285,89,1196
110000167,1670,751,919
110000168,1401,776,625
110000169,1377,381,996
110000170,343,65,278
110000171,1083,123,960
110000172,314,555,-241
110000173,655,693,-38
110000174,218,559,-341
110000175,1690,86,1604
110000176,108,779,-671
110000177,344,1864,-1520
110000178,559,2967,-2408
110000179,1939,331,1608
110000180,327,292,35
110000181,1190,458,732
110000182,396,152,244
110000183,8391,11828,-3437
110000184,368,3813,-3445
110000185,789,1221,-432
110000186,814,809,5
110000191,2029,159,1870
110000192,1093,17,1076
110000193,1915,18,1897
110000194,8,493,-485
110000195,907,97,810
110000196,922,102,820
110000197,233,44,189
110000198,94,42,52
110000199,123,165,-42
110000200,660,341,319
110000201,1524,1856,-332
110000202,1683,706,977
110000203,333,398,-65
110000204,5,177,-172
110000205,304,79,225
110000206,531,569,-38
110000207,1892,550,1342
110000208,303,653,-350
110000209,82,4110,-4028
110000210,2140,564,1576
110000211,987,2574,-1587
110000212,708,1550,-842
110000213,481,82,399
110000214,631,62,569
110000215,236,166,70
110000216,132,133,-1
110000217,809,123,686
110000218,306,175,131
110000219,834,33,801
110000220,109,112,-3
110000221,857,15,842
110000222,114,259,-145
110000223,6,240,-234
110000224,9,5,4
110000225,250,993,-743
110000226,404,72,332
110000227,1064,1755,-691
110000228,566,98,468
110000229,0,64,-64
110000230,670,2402,-1732
110000231,220,279,-59
110000232,305,280,25
110000233,181,394,-213
110000234,580,2420,-1840
110000235,1566,1241,325
110000236,1167,767,400
110000237,3055,3890,-835
110000238,1252,1660,-408
110000239,2948,963,1985
110000240,1,33,-32
110000242,1,43,-42
110000243,306,39,267
110000244,121,2266,-2145
110000245,41,629,-588
110000246,1269,398,871
110000247,1314,3618,-2304
110000248,1481,1444,37
110000249,134,11,123
110000250,37,189,-152
110000251,711,270,441
110000252,702,234,468
110000253,2257,476,1781
110000254,930,671,259
110000255,209,687,-478
110000256,568,265,303
110000257,635,303,332
110000258,3,348,-345
110000259,421,19,402
110000260,55,110,-55
110000263,753,78,675
110000264,723,317,406
110000265,1711,2566,-855
110000266,1441,3240,-1799
110000267,36,205,-169
110000268,376,332,44
110000269,5,68,-63
110000270,171,25,146
110000271,1567,305,1262
110000272,1537,1319,218
110000273,1847,1783,64
110000274,348,3687,-3339
110000275,1645,789,856
110000276,355,842,-487
110000277,506,278,228
110000278,646,578,68
110000279,1224,800,424
110000280,978,688,290
110000281,85,322,-237
110000282,230,23,207
110000283,25,119,-94
110000284,11,13,-2
110000285,6,749,-743
110000286,2,0,2
110000287,203,5,198
110000288,5,90,-85
110000289,625,4028,-3403
110000290,579,748,-169
110000291,3779,997,2782
110000292,1324,9006,-7682
110000293,976,438,538
110000294,1986,1663,323
110000295,292,742,-450
110000296,915,302,613
110000297,3398,181,3217
110000298,149,363,-214
110000299,109,65,44
110000301,605,40,565
110000302,493,772,-279
110000303,748,17,731
110000304,182,178,4
110000305,2511,28,2483
110000306,532,917,-385
110000307,3032,15,3017
110000308,1038,109,929
110000309,0,561,-561
110000310,1418,32,1386
110000311,16,599,-583
110000312,690,115,575
110000313,2343,2027,316
110000314,2,136,-134
110000315,2172,3095,-923
110000316,587,1334,-747
110000317,217,2264,-2047
110000318,4,83,-79
110000319,12,54,-42
110000320,48,168,-120
110000321,23,41,-18
110000322,330,468,-138
110000323,946,230,716
110000324,2944,1664,1280
110000325,2275,5481,-3206
110000327,503,451,52
110000328,278,535,-257
110000333,1549,1523,26
110000334,654,1440,-786
110000335,917,689,228
110000336,767,1043,-276
110000337,2761,820,1941
110000338,844,338,506
110000339,692,266,426
110000340,111,197,-86
110000341,837,330,507
110000342,185,0,185
110000343,0,11,-11
110000344,204,400,-196
110000345,221,475,-254
110000346,2106,2181,-75
110000347,1937,830,1107
110000348,19,22,-3
110000349,17,13,4
110000350,214,2,212
110000351,2024,763,1261
110000352,996,2235,-1239
110000353,6760,472,6288
110000354,1198,5091,-3893
110000355,243,69,174
110000356,1136,10,1126
110000357,911,25,886
110000361,74,20,54
110000362,176,23,153
110000363,1077,84,993
110000364,480,417,63
110000365,266,2,264
110000366,1,135,-134
110000367,613,257,356
110000368,5,73,-68
110000369,193,3,190
110000373,4,230,-226
110000374,140,28,112
110000375,129,1104,-975
110000376,24,367,-343
110000377,97,550,-453
110000378,21,637,-616
110000379,4473,3072,1401
110000380,103,4,99
110000383,1,1359,-1358
110000384,775,528,247
110000385,2,300,-298
110000387,137,1,136
110000388,83,176,-93
110000389,1372,16,1356
110000391,1351,121,1230
110000396,355,67,288
110000397,310,62,248
110000398,4,37,-33
110000399,227,1,226
110000587,238,215,23
110000589,319,94,225
110000640,263,38,225
110000652,9,934,-925
110000653,346,367,-21
110000654,12,971,-959
110000656,0,266,-266
110000674,84,73,11
110000675,45,170,-125
110000676,5,119,-114
110000679,101,1307,-1206
110000682,147,263,-116
110000683,322,538,-216
110000684,1,89,-88
110000685,23,8,15
110000686,1,139,-138
110000687,42,19,23
110000688,103,1824,-1721
110000689,44,17,27
110000692,25,392,-367
110000693,49,661,-612
110000694,3,152,-149
110000695,169,880,-711
110000696,78,71,7
110900001,493,38,455
110900002,454,587,-133
110900003,1655,249,1406
110900004,879,72,807
110900005,1441,5617,-4176
110900006,74,46,28
110900007,303,78,225
110900008,10,21,-11
110900009,660,325,335
110900010,3,36,-33
110900011,43,88,-45
110900012,24,52,-28
110900013,1718,109,1609
110900014,368,24,344
110900015,309,1101,-792
110900016,99,50,49
110900017,908,38,870
110900018,533,78,455
110900019,530,31,499
110900020,316,115,201
110900021,107,297,-190
110900022,124,114,10
110900023,125,1001,-876
110900024,25,184,-159
110900025,15,60,-45
110900027,59,140,-81
110900028,40,81,-41
110900029,15,110,-95
110900030,55,108,-53
110900031,2,115,-113
110900032,0,54,-54
110900033,31,188,-157
110900035,17,731,-714
110900036,142,9,133
110900037,163,29,134
110900038,1561,188,1373
110900039,11,406,-395
110900040,491,42,449
110900041,17,95,-78
110900042,184,67,117
110900043,3,47,-44
110900044,295,32,263
110900045,98,187,-89
110900046,38,89,-51
110900047,574,637,-63
110900049,250,166,84
110900050,37,4,33
110900051,40,106,-66
110900052,32,87,-55
110900053,221,19,202
110900054,55,131,-76
110900055,31,0,31
110900056,24,120,-96
110900057,11,47,-36
110900058,480,201,279
110900059,607,169,438
110900060,590,227,363
110900061,8,71,-63
110900062,316,112,204
110900063,81,67,14
110900064,8,0,8
110900065,75,137,-62
110900066,16,36,-20
110900067,230,750,-520
110900068,353,135,218
110900069,12,9,3
110900070,199,50,149
110900071,155,1206,-1051
110900073,1,35,-34
110900074,803,147,656
110900075,702,88,614
110900077,1822,521,1301
110900078,174,15,159
110900079,970,1892,-922
110900080,235,75,160
110900081,23,9,14
110900082,227,56,171
110900083,196,66,130
110900084,112,20,92
110900085,214,223,-9
110900086,108,429,-321
110900087,596,70,526
110900088,7,0,7
110900090,93,83,10
110900091,4,31,-27
110900093,220,221,-1
110900095,126,58,68
110900097,39,21,18
110900098,43,69,-26
110900099,96,480,-384
110900100,0,16,-16
110900102,104,21,83
110900105,3153,190,2963
110900108,21,41,-20
110900111,829,146,683
110900112,1124,19,1105
110900113,357,105,252
110900115,10,81,-71
110900116,1658,735,923
110900118,104,5676,-5572
110900119,1411,170,1241
110900120,110,26,84
110900121,164,4,160
110900122,828,309,519
110900125,593,705,-112
110900127,546,1682,-1136
110900128,112,357,-245
110900129,217,1254,-1037
110900130,321,624,-303
110900131,432,90,342
110900132,736,113,623
110900133,117,171,-54
110900135,54,247,-193
110900136,583,28,555
110900137,26,1,25
110900138,457,2202,-1745
110900139,2,904,-902
110900140,19,2,17
110900141,11,605,-594
110900142,67,93,-26
110900143,309,90,219
110900144,0,255,-255
110900145,230,159,71
110900146,156,456,-300
110900147,84,1510,-1426
110900148,1,166,-165
110900149,13,41,-28
110900150,42,36,6
110900151,17,165,-148
110900152,36,90,-54
110900153,293,122,171
111000001,1066,622,444
111000002,391,359,32
111000003,2531,1362,1169
111000004,879,930,-51
111000005,1950,2035,-85
111000006,1236,2462,-1226
111000007,7612,5441,2171
111000008,3198,3946,-748
111000009,403,833,-430
111000010,1724,441,1283
111000011,183,803,-620
111000012,300,501,-201
111000013,500,1020,-520
111000014,2063,610,1453
111000017,120,955,-835
111000018,144,354,-210
111000020,674,1483,-809
111000021,52,103,-51
111000023,171,85,86
111000025,5385,5209,176
111000029,91,130,-39
111000030,26,90,-64
111000031,3105,1095,2010
111000032,939,363,576
111000033,564,216,348
111000034,55,290,-235
111000037,1356,454,902
111000038,2826,2389,437
111000039,2186,2525,-339
111000040,2029,1627,402
111000041,605,717,-112
111000042,2243,2443,-200
111000043,3183,6661,-3478
111000044,2646,1281,1365
111000045,4348,3940,408
111000046,3480,2826,654
111000047,4395,8229,-3834
111000049,630,536,94
111000050,1077,831,246
111000051,698,691,7
111000052,567,1128,-561
111000053,335,656,-321
111000054,371,719,-348
111000055,2033,1482,551
111000056,280,373,-93
111000057,212,396,-184
111000058,991,87,904
111000059,1180,303,877
111000060,6826,1247,5579
111000061,1279,372,907
111000062,1690,562,1128
111000063,2185,1286,899
111000064,1616,640,976
111000065,1801,1121,680
111000066,1054,550,504
111000067,1196,453,743
111000068,878,667,211
111000069,1842,1762,80
111000070,657,513,144
111000071,202,255,-53
111000072,1893,789,1104
111000073,371,1885,-1514
111000074,2549,2145,404
111000075,1038,715,323
111000076,824,1474,-650
111000077,1674,1255,419
111000078,2587,1057,1530
111000079,1204,779,425
111000080,882,607,275
111000081,2016,6309,-4293
111000082,1183,533,650
111000084,1227,683,544
111000085,1432,1174,258
111000086,3968,961,3007
111000087,1198,502,696
111000088,12699,4234,8465
111000089,972,645,327
111000090,688,1080,-392
111000091,1011,336,675
111000092,2560,800,1760
111000093,1288,1252,36
111000094,2450,1420,1030
111000095,1078,3453,-2375
111000096,949,10949,-10000
111000097,3360,1283,2077
111000098,420,785,-365
111000099,557,1209,-652
111000100,632,852,-220
111000101,498,827,-329
111000102,432,694,-262
111000104,1259,265,994
111000107,125,840,-715
111000109,1296,375,921
111000110,2464,780,1684
111000111,5118,507,4611
111000112,3585,612,2973
111000113,1105,2729,-1624
111000114,2016,5656,-3640
111000115,3720,1225,2495
111000116,1223,885,338
111000117,303,855,-552
111000118,1086,675,411
111000119,2091,802,1289
111000120,865,690,175
111000121,503,692,-189
111000122,642,840,-198
111000123,1401,1513,-112
111000124,638,1597,-959
111000125,455,629,-174
111000126,166,455,-289
111000127,2008,158,1850
111000128,4352,384,3968
111000129,4924,560,4364
111000130,4366,499,3867
111000131,4200,525,3675
111000132,3453,1961,1492
111000133,473,112,361
111000134,316,81,235
111000135,118,176,-58
111000136,518,438,80
111000138,37,6,31
111000140,2,3,-1
111000141,246,465,-219
111000142,17,344,-327
111000143,18,549,-531
111000144,88,3014,-2926
111000145,168,30,138
111000146,110,34,76
111000147,181,33,148
111000148,297,86,211
111000149,13,13,0
111000150,51,8,43
111000151,7,12,-5
111000153,678,603,75
111000154,511,256,255
111000155,274,185,89
111000156,1030,594,436
111000157,274,1054,-780
111000158,1507,1257,250
111000159,6417,1342,5075
111000160,783,561,222
111000161,27,856,-829
111000162,10,143,-133
111000163,1164,929,235
111000164,524,3529,-3005
111000165,755,252,503
111000166,677,194,483
111000167,166,274,-108
111000168,282,344,-62
111000169,478,381,97
111000170,356,360,-4
111000171,630,667,-37
111000172,307,433,-126
111000173,305,873,-568
111000174,454,146,308
111000175,89,1362,-1273
111000176,677,73,604
111000177,1121,122,999
111000178,2726,208,2518
111000179,468,172,296
111000180,353,580,-227
111000181,3095,173,2922
111000182,315,110,205
111000183,368,244,124
111000184,435,234,201
111000185,749,287,462
111000186,381,180,201
111000187,196,118,78
111000188,570,298,272
111000189,429,492,-63
111000190,247,218,29
111000191,253,183,70
111000192,245,194,51
111000193,360,136,224
111000194,113,250,-137
111000195,137,231,-94
111000196,100,134,-34
111000197,833,134,699
111000198,904,98,806
111000199,477,154,323
111000200,1021,266,755
111000201,1411,185,1226
111000202,654,167,487
111000203,514,362,152
111000204,528,1675,-1147
111000213,305,602,-297
111000214,1766,926,840
111000215,1218,1022,196
111000217,2524,850,1674
111000218,1838,1158,680
111000219,297,183,114
111000220,882,905,-23
111000221,280,214,66
111000224,0,219,-219
111000225,418,168,250
111000226,102,1,101
111000227,42,8,34
111000228,31,949,-918
111000229,57,1904,-1847
111000230,389,161,228
111000231,1559,291,1268
111000232,1256,620,636
111000233,2162,631,1531
111000234,267,1011,-744
111000239,113,75,38
111000240,130,409,-279
111000241,65,168,-103
111000242,428,75,353
111000243,194,255,-61
111000244,1186,113,1073
111000245,1328,190,1138
111000246,1019,168,851
111000247,969,348,621
111000248,1137,314,823
111000249,1045,251,794
111000250,60,39,21
111000251,169,76,93
111000253,53,22,31
111000255,98,13,85
111000257,142,27,115
111000260,94,813,-719
111000261,2398,96,2302
111000271,37,340,-303
111000273,4269,1302,2967
111000274,2205,3494,-1289
111000275,218,38,180
111000276,383,859,-476
111000277,300,276,24
111000278,714,248,466
111000291,1609,15202,-13593
111000298,747,209,538
111000299,1069,282,787
111000300,57,514,-457
111000302,522,105,417
111000303,135,138,-3
111000312,49,78,-29
111000315,0,56,-56
111000320,143,376,-233
111000321,865,245,620
111000322,500,191,309
111000323,520,38,482
111000324,586,165,421
111000325,106,80,26
111000326,342,189,153
111000327,587,363,224
111000328,487,661,-174
111000329,2,28,-26
111000330,172,10,162
111000331,25,3,22
111000332,629,1346,-717
111000334,289,772,-483
111000335,1796,229,1567
111000337,2653,172,2481
111000338,101,91,10
111000339,1400,125,1275
111000340,151,257,-106
111000341,2434,1022,1412
111000342,91,1178,-1087
111000344,1789,659,1130
111000345,187,158,29
111000346,50,370,-320
111000347,276,15,261
111000350,311,132,179
111000351,144,295,-151
111000352,347,147,200
111000353,200,241,-41
111000354,811,234,577
111000355,366,711,-345
111000358,205,498,-293
111000360,391,159,232
111000361,250,82,168
111000546,1216,444,772
111000547,661,326,335
111000548,345,357,-12
111000549,470,216,254
111000550,44,1288,-1244
111000551,592,188,404
111000552,631,335,296
111000907,489,6,483
111000908,85,3,82
111000916,3181,183,2998
111000917,43,418,-375
111000918,418,254,164
111000920,1026,13,1013
111000921,17,89,-72
111000922,1103,187,916
111000924,54,357,-303
111000925,4756,2683,2073
111000926,1301,1221,80
111000927,3734,6446,-2712
111000928,3685,1838,1847
111000929,3165,1820,1345
111000930,1175,1416,-241
111000931,3181,3164,17
111000932,3073,1462,1611
111000933,4227,4683,-456
111000934,1680,2311,-631
111000935,3578,1455,2123
111000936,1396,1459,-63
111000937,1731,2178,-447
111000938,1498,917,581
111000939,1100,43,1057
111000940,1115,54,1061
111000941,595,296,299
111000943,1096,427,669
111000944,208,188,20
111000945,186,945,-759
111001109,740,1227,-487
111001110,274,412,-138
111001111,150,9,141
111001112,62,4,58
111001113,0,180,-180
111001114,813,162,651
111001115,25,1944,-1919
111001116,2427,7788,-5361
111001117,408,3518,-3110
111001120,180,384,-204
111001121,131,144,-13
111001122,278,166,112
111001123,445,100,345
111900001,45,52,-7
111900002,103,184,-81
111900003,8,126,-118
111900004,15,47,-32
111900006,40,67,-27
111900007,386,9,377
111900008,571,9,562
111900009,420,39,381
111900010,125,316,-191
111900012,77,80,-3
111900013,24,34,-10
111900014,2305,8977,-6672
111900015,0,27,-27
111900016,0,28,-28
111900017,0,34,-34
111900018,369,36,333
111900019,5,144,-139
111900020,6,37,-31
111900021,29,110,-81
111900022,1,19,-18
111900023,47,26,21
111900024,1,62,-61
111900025,0,36,-36
111900026,0,17,-17
111900027,1,43,-42
111900028,86,114,-28
111900029,2,55,-53
111900030,28,468,-440
111900031,58,52,6
111900032,0,62,-62
111900033,6,52,-46
111900034,90,350,-260
111900035,110,107,3
111900036,0,79,-79
111900038,98,378,-280
111900039,55,187,-132
111900040,1,147,-146
111900042,21,74,-53
111900043,1,156,-155
111900044,88,192,-104
111900046,24,56,-32
111900048,670,223,447
111900049,22,169,-147
111900050,198,60,138
111900051,1,132,-131
111900052,131,284,-153
111900053,455,3648,-3193
111900054,340,7,333
111900055,14,195,-181
111900056,152,637,-485
111900057,246,22,224
111900058,1200,250,950
111900059,2047,1172,875
111900060,488,5,483
111900061,3,82,-79
111900062,68,147,-79
111900063,409,267,142
111900064,50,115,-65
111900065,277,43,234
111900066,268,184,84
111900067,83,270,-187
111900068,74,111,-37
111900069,144,34,110
111900070,408,94,314
111900071,1,168,-167
111900072,53,62,-9
111900073,1980,333,1647
111900074,7,139,-132
111900075,219,27,192
111900076,532,160,372
111900077,83,22,61
111900078,650,84,566
111900079,91,77,14
111900080,126,279,-153
111900081,475,305,170
111900082,341,82,259
111900083,373,46,327
111900084,365,14,351
111900085,58,153,-95
111900086,165,30,135
111900087,191,16,175
111900088,1081,40,1041
111900089,241,23,218
111900090,105,94,11
111900091,907,30,877
111900092,321,0,321
111900093,874,4,870
111900094,325,4,321
111900095,724,46,678
111900096,577,33,544
111900097,161,2,159
111900098,652,5,647
111900099,144,0,144
111900100,246,8,238
111900101,197,40,157
111900102,1106,322,784
111900103,87,159,-72
111900104,210,98,112
111900105,417,314,103
111900106,425,14,411
111900107,43,110,-67
111900108,111,388,-277
111900109,119,780,-661
111900110,1306,279,1027
111900111,411,45,366
111900112,510,7436,-6926
111900113,261,86,175
111900114,131,72,59
111900115,7,13,-6
111900118,480,144,336
111900119,572,265,307
111900122,83,134,-51
111900123,23,32,-9
111900124,41,19,22
111900125,1001,116,885
111900126,619,5,614
111900127,2,220,-218
111900128,11,172,-161
111900129,467,23,444
111900130,383,87,296
111900131,1103,6,1097
111900132,21,390,-369
111900133,27,226,-199
111900134,2,124,-122
111900135,13,91,-78
111900136,67,225,-158
111900137,37,64,-27
111900138,43,42,1
111900139,25,37,-12
111900140,258,42,216
111900141,134,32,102
111900142,102,21,81
111900143,114,38,76
111900144,0,18,-18
111900145,0,131,-131
111900146,1,61,-60
111900147,31,285,-254
111900148,11,380,-369
111900149,18,111,-93
111900150,41,79,-38
111900151,2,38,-36
111900152,94,121,-27
111900153,485,1280,-795
111900154,58,1022,-964
111900155,133,216,-83
111900156,169,124,45
111900157,481,25,456
111900158,1109,173,936
111900159,653,92,561
111900160,674,3,671
111900161,630,0,630
111900162,154,365,-211
111900163,38,115,-77
111900164,95,53,42
111901113,1099,36,1063
111901114,428,188,240
111901115,332,9,323
111901116,84,2,82
111901117,25,124,-99
111901118,29,814,-785
111901119,237,71,166
111901120,39,95,-56
111901121,44,75,-31
111901122,5,125,-120
111901123,632,89,543
111901124,649,9,640
111901125,1049,308,741
111901126,329,191,138
111901127,286,1817,-1531
111901128,32,85,-53
111901129,3,73,-70
111901130,10,70,-60
111901131,2,144,-142
111901132,108,46,62
111901133,115,1,114
111901134,286,11,275
111901135,114,28,86
111901136,60,83,-23
111901137,1,47,-46
111901138,58,48,10
111901139,10,25,-15
111901140,9,50,-41
111901141,7,63,-56
111901142,1,70,-69
111901143,0,122,-122
111901144,59,82,-23
111901145,53,424,-371
112000001,3591,1105,2486
112000002,991,2007,-1016
112000003,3988,1401,2587
112000004,1115,443,672
112000005,6184,5676,508
112000006,1169,854,315
112000007,8207,5026,3181
112000008,4838,6328,-1490
112000009,3319,1696,1623
112000010,6186,8475,-2289
112000011,1865,1401,464
112000012,6718,9740,-3022
112000013,2315,6352,-4037
112000014,1548,6268,-4720
112000015,1976,4847,-2871
112000016,4135,7443,-3308
112000017,813,9534,-8721
112000024,2408,554,1854
112000026,2460,1948,512
112000027,939,908,31
112000028,1038,1112,-74
112000029,1249,1360,-111
112000030,232,30,202
112000031,2136,7098,-4962
112000032,173,39,134
112000033,1741,5893,-4152
112000034,107,45,62
112000035,81,1662,-1581
112000036,365,2723,-2358
112000037,1107,3028,-1921
112000038,1732,4332,-2600
112000039,195,67,128
112000040,50,193,-143
112000041,381,404,-23
112000042,949,333,616
112000050,1764,1507,257
112000051,1953,3484,-1531
112000054,1675,1696,-21
112000057,1571,503,1068
112000058,488,646,-158
112000059,647,819,-172
112000061,4939,1140,3799
112000062,755,2417,-1662
112000063,304,4277,-3973
112000064,3733,4228,-495
112000065,1205,2252,-1047
112000066,4174,2119,2055
112000067,608,594,14
112000068,4472,3853,619
112000069,678,2105,-1427
112000070,2625,1273,1352
112000071,1558,2209,-651
112000072,4083,1146,2937
112000073,1818,2607,-789
112000074,1640,1458,182
112000075,1643,1939,-296
112000076,3922,2650,1272
112000077,1602,495,1107
112000078,3473,1026,2447
112000079,3283,1756,1527
112000080,1759,1343,416
112000081,1413,2184,-771
112000082,1674,807,867
112000083,962,1223,-261
112000084,1942,606,1336
112000085,2149,1691,458
112000086,2549,1453,1096
112000087,930,388,542
112000088,1371,333,1038
112000089,636,599,37
112000090,775,605,170
112000091,819,635,184
112000092,3645,1042,2603
112000093,2029,622,1407
112000094,1125,772,353
112000095,1127,575,552
112000096,977,695,282
112000097,2910,856,2054
112000098,731,524,207
112000099,1263,2641,-1378
112000100,3661,777,2884
112000101,708,441,267
112000102,2874,463,2411
112000103,566,470,96
112000105,547,611,-64
112000106,3285,437,2848
112000107,56,218,-162
112000108,604,1639,-1035
112000109,155,106,49
112000110,2744,675,2069
112000111,841,8062,-7221
112000112,3611,962,2649
112000113,1576,3205,-1629
112000114,3673,1362,2311
112000115,561,381,180
112000116,879,819,60
112000117,1576,737,839
112000118,1038,788,250
112000119,528,539,-11
112000120,95,264,-169
112000121,160,281,-121
112000122,608,102,506
112000123,1363,106,1257
112000124,985,78,907
112000125,508,461,47
112000126,645,210,435
112000127,2556,4246,-1690
112000128,773,1213,-440
112000129,172,112,60
112000130,499,185,314
112000131,89,127,-38
112000132,380,198,182
112000133,595,136,459
112000134,805,458,347
112000135,1742,1287,455
112000136,1118,4348,-3230
112000137,2139,13104,-10965
112000138,1205,5886,-4681
112000139,854,1038,-184
112000140,317,1108,-791
112000141,1784,622,1162
112000142,226,382,-156
112000143,2024,234,1790
112000144,287,674,-387
112000145,4198,602,3596
112000146,722,995,-273
112000147,3754,2057,1697
112000148,1028,1793,-765
112000149,873,585,288
112000150,503,294,209
112000151,490,194,296
112000152,1166,293,873
112000153,188,229,-41
112000154,366,407,-41
112000155,189,184,5
112000157,656,1329,-673
112000158,399,240,159
112000159,1489,277,1212
112000167,695,240,455
112000169,223,620,-397
112000173,1807,372,1435
112000175,760,473,287
112000176,1316,1672,-356
112000177,1770,507,1263
112000178,134,294,-160
112000179,594,149,445
112000180,421,268,153
112000181,1494,1067,427
112000182,3033,620,2413
112000183,32,17,15
112000184,823,244,579
112000185,1490,248,1242
112000187,7863,5077,2786
112000195,245,19,226
112000196,250,0,250
112000197,119,250,-131
112000198,80,666,-586
112000199,505,722,-217
112000202,927,4,923
112000216,75,207,-132
112000230,182,1,181
112000231,2,85,-83
112000256,108,367,-259
112000313,39,44,-5
112000314,102,94,8
112000337,266,718,-452
112000352,145,459,-314
112000392,3089,1140,1949
112000398,2900,855,2045
112000399,1470,7997,-6527
112000400,2737,1212,1525
112000401,1833,1358,475
112000402,6131,7791,-1660
112000403,1978,8581,-6603
112000404,2214,1978,236
112000405,4283,4510,-227
112000406,2631,1196,1435
112000407,14028,11129,2899
112000408,7997,3236,4761
112000409,1678,2207,-529
112000410,545,509,36
112000411,3439,2297,1142
112000412,771,543,228
112000413,4698,11703,-7005
112000414,251,38,213
112000415,159,62,97
112000416,5505,1390,4115
112000417,444,118,326
112000421,80,60,20
112000422,501,178,323
112000424,1496,5156,-3660
112000425,636,348,288
112000426,298,320,-22
112000427,1,18,-17
112000428,479,181,298
112000429,2857,2596,261
112000430,3516,5069,-1553
112000431,211,203,8
112000432,734,496,238
112000433,454,757,-303
112000437,92,121,-29
112900001,106,1,105
112900002,1221,372,849
112900003,122,128,-6
112900004,132,121,11
112900005,416,72,344
112900006,63,163,-100
112900007,58,118,-60
112900008,1,159,-158
112900009,776,229,547
112900010,1097,300,797
112900011,54,181,-127
112900012,9,13,-4
112900013,9,283,-274
112900014,7,124,-117
112900015,137,566,-429
112900016,4,109,-105
112900017,101,138,-37
112900018,0,44,-44
112900019,21,258,-237
112900020,299,806,-507
112900021,2,123,-121
112900022,22,26,-4
112900023,0,51,-51
112900024,24,134,-110
112900025,126,169,-43
112900026,10,66,-56
112900027,4,255,-251
112900028,19,76,-57
112900029,15,105,-90
112900030,67,66,1
112900031,5,167,-162
112900032,367,215,152
112900034,3,27,-24
112900035,3,137,-134
112900036,10,180,-170
112900037,333,274,59
112900038,1242,101,1141
112900039,4,206,-202
112900040,21,1862,-1841
112900041,631,1511,-880
112900042,224,236,-12
112900043,46,75,-29
112900044,262,327,-65
112900045,143,180,-37
112900046,141,86,55
112900047,18,92,-74
112900049,589,74,515
112900050,20,681,-661
112900051,208,333,-125
112900052,4,265,-261
112900053,140,310,-170
112900054,379,101,278
112900055,127,83,44
112900056,621,351,270
112900057,19,213,-194
112900058,427,547,-120
112900059,227,563,-336
112900060,87,49,38
112900061,224,184,40
112900062,116,140,-24
112900063,50,22,28
112900064,62,222,-160
112900065,23,75,-52
112900066,379,383,-4
112900067,332,94,238
112900068,60,100,-40
112900069,2405,1665,740
112900071,55,22,33
112900072,636,6212,-5576
112900073,414,291,123
112900074,213,628,-415
112900075,1095,2157,-1062
112900076,85,34,51
112900078,431,747,-316
112900079,327,26,301
112900080,259,6,253
112900081,98,537,-439
112900082,855,66,789
112900083,301,225,76
112900084,442,429,13
112900085,0,8,-8
112900086,210,6,204
112900087,2514,297,2217
112900088,369,10,359
112900089,1560,43,1517
112900090,237,143,94
112900091,522,26,496
112900092,116,930,-814
112900093,2019,55,1964
112900094,212,3,209
112900095,139,0,139
112900096,1151,334,817
112900097,200,205,-5
112900098,173,9,164
112900099,1580,40,1540
112900100,214,10,204
112900101,618,11,607
112900102,185,38,147
112900103,354,8,346
112900104,41,0,41
112900105,52,0,52
112900106,585,192,393
112900107,9,0,9
112900108,11,3,8
112900109,378,5,373
112900110,2799,50,2749
112900111,1322,17,1305
112900112,459,2,457
112900113,0,10,-10
112900114,513,50,463
112900115,3027,17,3010
112900116,240,46,194
112900117,76,36,40
112900118,9,138,-129
112900119,329,9,320
112900120,691,431,260
112900121,39,117,-78
112900122,12,64,-52
112900123,267,48,219
112900124,25,64,-39
112900125,17,590,-573
112900126,151,152,-1
112900127,628,220,408
112900128,98,701,-603
112900129,4,471,-467
112900130,307,193,114
112900131,31,1660,-1629
112900132,133,519,-386
112900133,26,1536,-1510
112900134,0,297,-297
112900135,143,66,77
112900136,0,14,-14
112900137,0,308,-308
112900138,16,141,-125
112900139,98,702,-604
112900140,0,35,-35
112900141,1320,46,1274
112900142,97,499,-402
112900143,9,363,-354
112900144,1,111,-110
112900145,14,335,-321
112900146,4,460,-456
112900147,2,452,-450
112900148,99,3,96
112900149,413,345,68
112900151,17,40,-23
112900152,4129,552,3577
112900153,545,4526,-3981
112900154,1,43,-42
112900155,241,20,221
112900156,965,478,487
112900157,624,11,613
112900158,198,5,193
112900159,275,270,5
112900160,33,213,-180
112900161,255,89,166
112900162,32,35,-3
112900163,39,76,-37
112900164,123,178,-55
112900165,71,48,23
112900166,7,145,-138
112900167,5,297,-292
112900168,9,2,7
112900169,12,28,-16
112900170,124,304,-180
112900172,84,17,67
112900173,191,215,-24
112900174,550,106,444
112900175,127,407,-280
112900176,16,69,-53
112900177,236,82,154
112900178,777,4441,-3664
112900179,16,439,-423
112900180,3125,2298,827
112900181,1628,15,1613
112900182,94,316,-222
112900183,143,347,-204
112900184,529,750,-221
112900185,158,1182,-1024
112900186,1106,1901,-795
112900187,114,885,-771
112900188,809,6534,-5725
112900189,21,12,9
112900190,4,22,-18
112900192,1003,889,114
112900193,1522,508,1014
112900194,141,10,131
112900195,1221,52,1169
112900196,392,543,-151
112900197,143,353,-210
112900199,1313,347,966
112900200,1275,107,1168
112900201,241,138,103
112900202,841,499,342
112900203,544,153,391
112900204,535,513,22
112900205,14,10,4
112900206,33,121,-88
112900207,28,0,28
112900208,93,473,-380
112900209,208,302,-94
112900210,1,8,-7
112900211,139,23,116
112900212,6,50,-44
112900213,77,3,74
112900214,21,20,1
112900215,36,59,-23
112900216,19,48,-29
112900217,4,71,-67
112900218,115,38,77
112900219,167,4,163
112900220,1,0,1
112900221,59,263,-204
112900222,9,82,-73
112900223,1647,20,1627
112900224,804,270,534
112900225,873,234,639
112900226,268,448,-180
112900227,1481,379,1102
112900228,136,62,74
112900229,681,12,669
112900230,12972,4107,8865
112900232,517,462,55
112900233,72,92,-20
112900234,103,15,88
112900235,27,23,4
112900236,789,20,769
112900237,429,40,389
112900238,24,7,17
112900239,261,698,-437
113000001,7747,6736,1011
113000002,6129,4548,1581
113000003,2614,2221,393
113000004,2579,2536,43
113000005,2650,1939,711
113000006,1634,1993,-359
113000007,3639,1786,1853
113000008,2514,2252,262
113000009,2125,844,1281
113000010,2080,1367,713
113000011,1886,1493,393
113000012,2496,1036,1460
113000013,1071,984,87
113000014,1141,2600,-1459
113000015,251,372,-121
113000016,356,1307,-951
113000017,142,797,-655
113000018,553,75,478
113000019,366,341,25
113000020,424,86,338
113000021,2189,1267,922
113000022,1128,3523,-2395
113000025,181,701,-520
113000026,814,1165,-351
113000027,681,2133,-1452
113000028,863,3707,-2844
113000029,1438,887,551
113000030,251,561,-310
113000031,189,308,-119
113000032,349,397,-48
113000033,360,535,-175
113000034,184,161,23
113000035,31,84,-53
113000036,42,103,-61
113000037,92,57,35
113000038,37,92,-55
113000039,75,336,-261
113000040,78,164,-86
113000042,909,816,93
113000051,1733,2820,-1087
113000052,2962,680,2282
113000053,977,565,412
113000054,937,850,87
113000055,2515,637,1878
113000056,2337,1207,1130
113000058,684,1014,-330
113000059,1280,402,878
113000060,599,629,-30
113000061,726,842,-116
113000062,640,511,129
113000063,702,72,630
113000064,134,187,-53
113000065,259,512,-253
113000066,1472,138,1334
113000067,4346,1055,3291
113000068,783,584,199
113000069,867,438,429
113000070,4324,962,3362
113000071,827,560,267
113000072,1677,479,1198
113000073,534,1823,-1289
113000074,1315,541,774
113000075,2552,917,1635
113000076,558,4014,-3456
113000077,952,1395,-443
113000078,571,2620,-2049
113000079,519,1312,-793
113000080,618,1429,-811
113000081,864,1417,-553
113000082,1187,1463,-276
113000083,733,1007,-274
113000084,2293,1583,710
113000085,1170,676,494
113000086,1124,1444,-320
113000087,1077,1576,-499
113000088,2639,1910,729
113000089,1003,1984,-981
113000090,234,936,-702
113000091,283,536,-253
113000094,1670,307,1363
113000095,297,1065,-768
113000096,164,1280,-1116
113000097,1714,739,975
113000098,246,72,174
113000099,1897,719,1178
113000100,178,738,-560
113000101,242,1288,-1046
113000102,950,856,94
113000103,3208,398,2810
113000104,1072,3926,-2854
113000105,1547,835,712
113000106,568,572,-4
113000107,1560,1261,299
113000108,1197,1191,6
113000109,771,1951,-1180
113000110,6374,968,5406
113000111,209,846,-637
113000112,545,393,152
113000113,1762,483,1279
113000114,453,2132,-1679
113000116,706,453,253
113000117,1776,159,1617
113000118,51,1091,-1040
113000119,426,612,-186
113000120,109,484,-375
113000121,519,2148,-1629
113000124,386,159,227
113000125,91,1449,-1358
113000127,1744,257,1487
113000128,2164,326,1838
113000129,456,1173,-717
113000133,3559,963,2596
113000134,11,1723,-1712
113000135,5659,6515,-856
113000137,1088,4609,-3521
113000139,379,530,-151
113000140,99,166,-67
113000141,164,348,-184
113000142,283,1751,-1468
113000143,432,223,209
113000144,320,478,-158
113000145,149,114,35
113000146,203,76,127
113000147,254,93,161
113000148,306,191,115
113000149,251,239,12
113000150,740,367,373
113000151,54,41,13
113000152,44,277,-233
113000153,1813,438,1375
113000154,721,2167,-1446
113000155,585,872,-287
113000156,277,397,-120
113000157,348,579,-231
113000158,859,258,601
113000159,1336,611,725
113000160,787,503,284
113000161,531,245,286
113000162,1424,225,1199
113000163,194,57,137
113000164,32,52,-20
113000166,346,57,289
113000167,136,94,42
113000168,227,123,104
113000169,360,48,312
113000170,117,80,37
113000171,115,108,7
113000172,424,58,366
113000173,108,31,77
113000174,266,120,146
113000175,708,136,572
113000176,822,82,740
113000177,259,170,89
113000178,166,120,46
113000179,494,140,354
113000180,1290,2209,-919
113000181,1693,871,822
113000182,156,511,-355
113000183,215,786,-571
113000184,16,104,-88
113000189,289,1138,-849
113000190,227,274,-47
113000192,647,8018,-7371
113000193,2346,5744,-3398
113000194,1069,4685,-3616
113000195,1969,4576,-2607
113000196,410,109,301
113000197,2645,4186,-1541
113000198,173,360,-187
113000199,2513,554,1959
113000201,549,1008,-459
113000202,16254,3364,12890
113000203,174,683,-509
113000204,642,8703,-8061
113000205,20,10,10
113000206,9,71,-62
113000207,68,8,60
113000208,48,51,-3
113000209,9,8,1
113000210,16,24,-8
113000211,132,419,-287
113000212,60,65,-5
113000213,46,201,-155
113000214,231,469,-238
113000234,356,623,-267
113000410,81,317,-236
113000411,1988,4869,-2881
113000412,6008,1967,4041
113000413,968,3244,-2276
113000414,3802,15177,-11375
113000415,2851,1661,1190
113000416,3388,2873,515
113000417,1588,1860,-272
113000418,5705,5941,-236
113000419,1881,3338,-1457
113000420,3341,7699,-4358
113000421,6243,9924,-3681
113000422,14730,11740,2990
113000423,1661,7420,-5759
113000424,4737,13866,-9129
113000425,14,77,-63
113000428,251,344,-93
113000430,17,864,-847
113000432,3821,267,3554
113000433,138,560,-422
113000434,18,102,-84
113000435,14,191,-177
113000436,32,661,-629
113000437,1925,34,1891
113000438,515,10,505
113000439,38,40,-2
113000440,180,78,102
113000441,350,213,137
113000442,329,31,298
113000443,413,146,267
113000444,494,53,441
113000445,116,60,56
113000446,46,125,-79
113000448,1404,433,971
113000449,150,1237,-1087
113000450,1723,3253,-1530
113000451,5031,461,4570
113000452,146,622,-476
113000453,72,1174,-1102
113000454,487,80,407
113000455,12,2909,-2897
113000456,4066,3001,1065
113000468,924,72,852
113000469,117,331,-214
113000470,663,34,629
113000471,12,431,-419
113000472,78,247,-169
113000474,1576,1058,518
113000475,1891,1625,266
113000476,3137,2279,858
113000477,6432,2079,4353
113000478,3921,3289,632
113000479,116,104,12
113000480,159,1013,-854
113000482,0,0,0
113000485,0,0,0
113000486,0,0,0
113000487,0,0,0
113000488,0,0,0
113000489,0,0,0
113000490,0,0,0
113000491,0,0,0
113000492,0,0,0
113000493,0,0,0
113000495,233,78,155
113000496,169,109,60
113000497,0,0,0
113000499,0,2,-2
113000500,0,2,-2
113900001,33,3153,-3120
113900002,2,97,-95
113900003,2,269,-267
113900004,4,443,-439
113900005,6,780,-774
113900006,4,49,-45
113900007,71,63,8
113900008,58,0,58
113900009,71,0,71
113900010,88,1,87
113900011,220,0,220
113900012,128,1,127
113900013,136,3,133
113900014,1150,5,1145
113900015,0,38,-38
113900016,78,1,77
113900017,10,70,-60
113900018,221,334,-113
113900019,288,35,253
113900020,233,2,231
113900022,106,1,105
113900023,53,2,51
113900024,74,60,14
113900025,285,16,269
113900026,124,0,124
113900027,14,122,-108
113900028,35,221,-186
113900029,125,166,-41
113900030,424,15,409
113900031,88,9,79
113900032,63,2,61
113900033,50,53,-3
113900035,103,1,102
113900036,34,105,-71
113900037,382,197,185
113900038,26,211,-185
113900039,305,43,262
113900040,30,63,-33
113900041,26,7,19
113900042,144,36,108
113900043,284,85,199
113900044,166,390,-224
113900045,129,2,127
113900046,514,1657,-1143
113900047,170,89,81
113900048,147,158,-11
113900049,175,495,-320
113900050,451,510,-59
113900051,243,190,53
113900052,151,115,36
113900053,755,1225,-470
113900054,92,3,89
113900055,116,329,-213
113900056,151,106,45
113900057,32,60,-28
113900058,119,56,63
113900059,271,210,61
113900060,73,224,-151
113900061,680,212,468
113900062,175,18,157
113900063,183,108,75
113900064,57,73,-16
113900065,683,22,661
113900066,788,168,620
113900067,355,198,157
113900068,600,1100,-500
113900069,37,46,-9
113900070,97,263,-166
113900071,197,16,181
113900072,88,106,-18
113900073,592,388,204
113900074,226,314,-88
113900075,1237,2831,-1594
113900076,226,29,197
113900077,84,203,-119
113900078,76,9,67
113900079,3,25,-22
113900080,905,260,645
113900081,79,117,-38
113900082,193,236,-43
113900083,778,120,658
113900084,235,195,40
113900085,72,191,-119
113900086,64,17,47
113900087,148,161,-13
113900088,92,133,-41
113900089,649,42,607
113900090,937,443,494
113900091,10,23,-13
113900092,25,87,-62
113900093,79,1494,-1415
113900094,1020,281,739
113900095,250,277,-27
113900096,474,141,333
113900097,40,48,-8
113900098,1223,322,901
113900099,1,22,-21
113900100,0,2,-2
113900101,8,92,-84
113900102,109,155,-46
113900103,249,582,-333
113900104,128,382,-254
113900105,252,65,187
113900106,1,35,-34
113900107,16,14,2
113900108,126,313,-187
113900109,343,251,92
113900110,74,27,47
113900111,265,88,177
113900112,374,89,285
113900113,2286,480,1806
113900114,3,16,-13
113900115,2,28,-26
113900116,32,249,-217
113900117,59,28,31
113900118,237,835,-598
113900119,171,389,-218
113900120,77,56,21
113900121,122,83,39
113900122,1046,4373,-3327
113900123,808,262,546
113900124,8,137,-129
113900125,994,166,828
113900126,139,54,85
113900127,443,1053,-610
113900128,206,75,131
113900129,3,221,-218
113900130,10,718,-708
113900131,373,78,295
113900132,32,113,-81
113900133,16,32,-16
113900135,469,395,74
113900136,111,102,9
113900137,462,439,23
113900138,49,363,-314
113900139,305,374,-69
113900140,39,446,-407
113900141,1088,258,830
113900142,264,94,170
113900143,54,85,-31
113900144,68,989,-921
113900145,413,179,234
113900146,297,54,243
113900148,95,338,-243
113900149,202,89,113
113900150,293,317,-24
113900151,576,161,415
113900152,94,67,27
113900153,135,680,-545
113900154,4,120,-116
113900155,76,308,-232
113900156,227,255,-28
113900157,61,551,-490
113900158,131,1387,-1256
113900159,20,250,-230
113900160,591,209,382
113900161,187,445,-258
113900162,257,2690,-2433
113900163,356,235,121
113900164,639,45,594
113900165,817,475,342
113900166,77,124,-47
113900167,483,63,420
113900168,67,83,-16
113900169,250,447,-197
113900171,340,134,206
113900172,25,28,-3
113900173,62,202,-140
113900174,540,628,-88
113900175,455,203,252
113900176,398,250,148
113900177,281,219,62
113900178,385,206,179
113900179,42,207,-165
113900180,168,110,58
113900181,1657,301,1356
113900182,897,496,401
113900183,89,55,34
113900184,16,401,-385
113900185,153,73,80
113900186,64,51,13
113900187,54,104,-50
113900188,17,161,-144
113900189,363,277,86
113900190,176,73,103
113900191,107,133,-26
113900192,7,1253,-1246
113900193,14,98,-84
113900194,1294,523,771
113900195,267,441,-174
113900196,9,447,-438
113900197,238,119,119
113900198,33,546,-513
113900199,97,441,-344
113900200,15,209,-194
113900201,0,50,-50
113900202,51,145,-94
113900203,0,12,-12
113900204,11,196,-185
113900205,0,41,-41
113900206,3,92,-89
113900207,3,31,-28
113900208,0,36,-36
113900209,0,29,-29
113900210,544,882,-338
113900211,273,80,193
113900212,382,283,99
113900214,280,648,-368
113900215,85,96,-11
113900216,194,618,-424
113900217,188,95,93
113900218,132,80,52
113900219,176,1332,-1156
113900220,137,192,-55
113900221,371,420,-49
113900222,150,686,-536
113900223,321,242,79
113900224,65,103,-38
113900225,498,133,365
113900226,656,154,502
113900227,490,256,234
113900228,369,885,-516
113900229,74,1633,-1559
113900230,2138,4062,-1924
113900231,193,109,84
113900232,209,50,159
113900233,113,54,59
113900234,553,588,-35
113900235,147,56,91
113900236,526,147,379
113900237,349,18,331
113900238,357,994,-637
113900239,51,220,-169
113900240,13,246,-233
113900241,59,99,-40
113900242,44,343,-299
113900243,47,256,-209
113900244,116,210,-94
113900245,702,423,279
113900246,29,43,-14
113900247,103,788,-685
113900248,2367,2734,-367
113900249,1029,753,276
113900250,48,546,-498
113900251,1545,69,1476
113900252,1255,27,1228
113900253,1152,79,1073
113900254,828,266,562
113900255,1107,18,1089
113900256,525,57,468
113900257,49,206,-157
113900258,25,316,-291
113900259,1086,112,974
113900260,390,18,372
113900261,36,46,-10
113900262,174,336,-162
113900263,46,310,-264
113900264,3,239,-236
113900265,207,307,-100
113900266,21,147,-126
113900267,85,1146,-1061
113900268,387,536,-149
113900269,90,168,-78
113900270,236,822,-586
113900271,868,509,359
113900273,34,19,15
113900274,69,20,49
113900275,25,137,-112
113900276,3,103,-100
113900277,299,10,289
113900278,348,245,103
113900279,75,64,11
113900280,1866,676,1190
113900281,343,1729,-1386
113900282,411,572,-161
113900283,508,845,-337
113900284,1332,163,1169
113900285,114,75,39
113900286,124,83,41
113900287,139,40,99
113900288,3,181,-178
113900289,355,128,227
113900290,311,466,-155
113900291,124,134,-10
113900292,3,6,-3
113900293,0,172,-172
113900294,767,13,754
113900295,452,587,-135
113900296,3007,395,2612
113900297,3414,61,3353
113900298,21,1324,-1303
113900299,160,23,137
113900300,5688,5850,-162
113900301,540,895,-355
113900302,1517,1224,293
113900303,215,962,-747
113900304,0,91,-91
113900305,219,1,218
113900306,171,0,171
113900307,15,0,15
113900308,81,148,-67
113900309,11,327,-316
113900310,0,13,-13
113900311,34,1,33
113900312,192,223,-31
113900313,27,5,22
114000001,1230,2404,-1174
114000002,664,279,385
114000003,118,251,-133
114000004,747,215,532
114000005,468,192,276
114000006,1489,1739,-250
114000007,908,1126,-218
114000008,1997,2583,-586
114000009,1695,391,1304
114000011,4628,2204,2424
114000012,5322,1459,3863
114000013,3126,1053,2073
114000014,817,105,712
114000015,3446,176,3270
114000016,403,97,306
114000017,182,914,-732
114000018,158,22,136
114000026,4231,1343,2888
114000027,7454,3016,4438
114000028,3081,4848,-1767
114000038,434,139,295
114000039,109,26,83
114000040,268,370,-102
114000042,227,233,-6
114000043,102,35,67
114000044,719,17,702
114000045,46,30,16
114000046,2139,4526,-2387
114000047,2,89,-87
114000048,228,49,179
114000049,2681,2140,541
114000050,2717,2372,345
114000051,4466,2648,1818
114000052,5077,3243,1834
114000053,97,881,-784
114000054,228,692,-464
114000055,386,59,327
114000056,171,1354,-1183
114000057,4490,2386,2104
114000058,97,1480,-1383
114000059,32,949,-917
114000060,817,835,-18
114000061,2949,3945,-996
114000062,611,2095,-1484
114000063,1370,1447,-77
114000064,1880,4588,-2708
114000065,1041,2323,-1282
114000066,602,972,-370
114000067,24,1334,-1310
114000068,609,968,-359
114000069,1415,745,670
114000070,2670,2449,221
114000071,1223,572,651
114000072,960,171,789
114000073,27,22,5
114000074,159,20,139
114000075,79,39,40
114000076,39,37,2
114000077,9,13,-4
114000078,388,243,145
114000079,447,20,427
114000080,134,106,28
114000081,182,103,79
114000082,72,291,-219
114000083,85,78,7
114000084,413,115,298
114000085,100,208,-108
114000086,389,106,283
114000087,352,69,283
114000088,45,15,30
114000089,531,296,235
114000090,1426,1953,-527
114000091,1507,1150,357
114000092,843,528,315
114000093,1805,664,1141
114000094,651,474,177
114000095,405,329,76
114000096,84,237,-153
114000097,119,285,-166
114000098,885,164,721
114000099,1336,145,1191
114000100,3008,388,2620
114000101,687,307,380
114000102,1119,416,703
114000103,115,140,-25
114000104,24,129,-105
114000105,322,151,171
114000106,970,3275,-2305
114000107,1114,166,948
114000108,778,856,-78
114000109,1103,2277,-1174
114000110,629,776,-147
114000111,3188,1426,1762
114000112,397,979,-582
114000113,1814,636,1178
114000114,602,739,-137
114000115,2770,1293,1477
114000116,1599,1777,-178
114000117,6825,786,6039
114000118,5234,636,4598
114000119,4000,706,3294
114000120,819,634,185
114000121,702,923,-221
114000122,619,401,218
114000123,3706,503,3203
114000124,1870,548,1322
114000125,1391,1230,161
114000126,2898,337,2561
114000127,252,112,140
114000128,1166,226,940
114000130,500,411,89
114000131,399,174,225
114000132,809,317,492
114000133,709,1890,-1181
114000134,112,63,49
114000138,53,162,-109
114000139,477,651,-174
114000144,1000,1130,-130
114000145,67,92,-25
114000146,146,113,33
114000147,2065,3938,-1873
114000148,1050,2194,-1144
114000149,395,474,-79
114000150,358,711,-353
114000151,623,2536,-1913
114000152,108,84,24
114000153,616,3289,-2673
114000154,755,631,124
114000155,1458,3761,-2303
114000156,976,1046,-70
114000157,391,1923,-1532
114000158,1000,744,256
114000159,134,494,-360
114000160,109,673,-564
114000161,1345,4045,-2700
114000162,1906,4016,-2110
114000163,77,28,49
114000165,679,667,12
114000166,734,897,-163
114000167,2764,1617,1147
114000168,447,423,24
114000169,1425,2263,-838
114000170,1161,1521,-360
114000171,2527,5539,-3012
114000174,143,374,-231
114000176,272,685,-413
114000177,828,466,362
114000178,62,106,-44
114000179,1100,774,326
114000180,240,325,-85
114000181,1982,7443,-5461
114000182,1308,3072,-1764
114000183,592,620,-28
114000184,643,649,-6
114000185,1795,852,943
114000189,2252,224,2028
114000190,5477,630,4847
114000191,125,407,-282
114000192,136,712,-576
114000193,249,1001,-752
114000194,2049,724,1325
114000195,447,187,260
114000196,3,77,-74
114000197,3066,17,3049
114000198,842,393,449
114000199,1659,2052,-393
114000200,764,994,-230
114000201,277,685,-408
114000202,1124,525,599
114000203,655,662,-7
114000204,147,418,-271
114000205,324,1038,-714
114000206,1153,1151,2
114000207,415,856,-441
114000208,521,1213,-692
114000209,421,1288,-867
114000210,242,679,-437
114000211,1907,1244,663
114000212,1351,1081,270
114000213,2715,549,2166
114000214,100,57,43
114000215,282,81,201
114000216,2318,388,1930
114000217,634,228,406
114000218,432,79,353
114000219,2239,241,1998
114000220,35,405,-370
114000221,1741,194,1547
114000222,152,474,-322
114000223,961,192,769
114000224,54,381,-327
114000225,468,318,150
114000226,322,259,63
114000227,1285,690,595
114000228,1367,532,835
114000229,2158,1476,682
114000230,2431,1065,1366
114000231,1792,1792,0
114000232,1560,214,1346
114000233,3747,113,3634
114000234,1581,618,963
114000235,1734,1265,469
114000236,0,255,-255
114000237,238,662,-424
114000238,119,274,-155
114000239,210,786,-576
114000240,1171,1159,12
114000241,334,607,-273
114000242,872,587,285
114000243,2684,959,1725
114000244,595,345,250
114000245,601,871,-270
114000246,125,36,89
114000247,659,700,-41
114000248,1911,782,1129
114000249,903,459,444
114000250,1069,324,745
114000251,530,216,314
114000252,71,20,51
114000253,46,151,-105
114000254,114,25,89
114000255,692,308,384
114000256,592,2852,-2260
114000257,478,832,-354
114000258,451,237,214
114000259,201,240,-39
114000260,0,30,-30
114000261,85,44,41
114000262,533,132,401
114000263,7,3,4
114000264,2282,354,1928
114000265,15,6,9
114000267,3,2104,-2101
114000268,1,523,-522
114000270,301,18,283
114000271,359,92,267
114000283,2093,358,1735
114000285,16,86,-70
114000288,151,293,-142
114000289,3201,165,3036
114000293,345,565,-220
114000294,286,402,-116
114000395,1687,30,1657
114000396,780,1076,-296
114000402,1400,180,1220
114000403,642,196,446
114000405,391,186,205
114000423,631,213,418
114000424,742,169,573
114000425,1706,177,1529
114000426,452,981,-529
114000427,138,62,76
114000428,50,232,-182
114000429,10,123,-113
114000432,187,42,145
114000434,52,33,19
114000435,13,50,-37
114000436,1416,454,962
114000437,858,11964,-11106
114900001,852,323,529
114900002,567,261,306
114900003,1209,523,686
114900004,292,674,-382
114900005,939,314,625
114900006,127,115,12
114900007,505,28,477
114900008,485,127,358
114900010,1189,2180,-991
114900011,453,185,268
114900013,411,153,258
114900015,136,852,-716
114900018,1321,36,1285
114900020,204,100,104
114900022,1,705,-704
114900024,280,136,144
114900025,895,132,763
114900026,121,152,-31
114900027,411,146,265
114900029,34,18,16
114900030,551,234,317
114900031,884,23,861
114900032,765,31,734
114900033,611,2484,-1873
114900034,47,33,14
114900035,122,351,-229
114900036,233,244,-11
114900037,103,153,-50
114900038,372,313,59
114900039,824,184,640
114900040,174,68,106
114900041,1915,175,1740
114900042,2226,238,1988
114900043,324,135,189
114900044,193,81,112
114900046,55,45,10
114900047,304,5167,-4863
114900048,53,160,-107
114900049,6,79,-73
114900050,112,135,-23
114900051,44,222,-178
114900052,57,273,-216
114900053,79,240,-161
114900054,31,53,-22
114900057,270,31,239
114900058,1,40,-39
114900059,244,111,133
114900060,309,844,-535
114900061,113,52,61
114900062,211,387,-176
114900063,101,68,33
114900064,3604,184,3420
114900065,824,1010,-186
114900067,75,431,-356
114900068,33,75,-42
114900069,158,55,103
114900070,841,269,572
114900072,3,257,-254
114900073,4,54,-50
114900074,1318,208,1110
114900075,494,8,486
114900076,11,242,-231
114900080,1088,167,921
114900082,2328,4022,-1694
114900083,396,1192,-796
114900090,821,229,592
114900091,113,137,-24
114900095,247,61,186
114900096,345,551,-206
114900097,239,10,229
114900098,3,102,-99
114900099,399,25,374
115000001,4384,2247,2137
115000002,6691,7649,-958
115000003,4758,1638,3120
115000004,7964,8924,-960
115000005,2288,2454,-166
115000006,1978,2285,-307
115000007,384,297,87
115000008,563,545,18
115000009,507,312,195
115000010,390,187,203
115000013,38,230,-192
115000015,64,247,-183
115000016,246,500,-254
115000019,70,570,-500
115000020,187,1637,-1450
115000021,356,384,-28
115000022,602,311,291
115000023,435,722,-287
115000024,1117,378,739
115000025,1280,921,359
115000026,301,308,-7
115000027,614,390,224
115000028,450,632,-182
115000029,1160,74,1086
115000030,852,1158,-306
115000031,1268,472,796
115000032,10,325,-315
115000033,152,40,112
115000034,129,1378,-1249
115000035,1402,102,1300
115000036,2,644,-642
115000037,768,30,738
115000038,78,162,-84
115000039,3325,4927,-1602
115000040,4118,2803,1315
115000041,2563,6126,-3563
115000042,560,747,-187
115000043,4874,3829,1045
115000044,3785,3861,-76
115000045,3368,1448,1920
115000046,4362,3661,701
115000047,4020,2139,1881
115000048,2603,2044,559
115000049,1562,3372,-1810
115000050,4560,1909,2651
115000051,2115,5137,-3022
115000052,1226,1606,-380
115000053,3355,3236,119
115000054,751,874,-123
115000055,170,791,-621
115000056,212,506,-294
115000057,611,1614,-1003
115000058,243,436,-193
115000059,365,511,-146
115000061,131,414,-283
115000062,282,469,-187
115000063,729,413,316
115000064,252,186,66
115000065,104,562,-458
115000067,328,56,272
115000069,294,350,-56
115000070,52,1462,-1410
115000071,111,30,81
115000072,13,66,-53
115000073,2219,96,2123
115000075,133,64,69
115000076,2704,2468,236
115000077,3127,1434,1693
115000078,2588,996,1592
115000079,2189,1377,812
115000080,4989,1509,3480
115000081,396,618,-222
115000082,7302,5948,1354
115000083,2948,1133,1815
115000084,4924,1342,3582
115000085,1655,726,929
115000086,2045,729,1316
115000087,591,1744,-1153
115000088,2503,867,1636
115000089,1654,1226,428
115000090,698,1086,-388
115000091,402,499,-97
115000092,995,953,42
115000093,965,5,960
115000094,5838,9701,-3863
115000095,4354,9684,-5330
115000096,1305,908,397
115000097,2851,1586,1265
115000098,2452,634,1818
115000099,3839,1683,2156
115000100,2174,345,1829
115000101,700,857,-157
115000102,754,237,517
115000103,301,491,-190
115000105,92,88,4
115000106,1046,582,464
115000107,315,298,17
115000108,2264,2071,193
115000109,4527,7140,-2613
115000110,1668,3082,-1414
115000111,482,1514,-1032
115000112,1117,1347,-230
115000113,694,1373,-679
115000114,1680,697,983
115000116,3405,2390,1015
115000117,2456,2996,-540
115000118,2643,2185,458
115000119,1728,2310,-582
115000120,741,1533,-792
115000121,882,902,-20
115000122,908,2073,-1165
115000123,1205,2839,-1634
115000124,829,1382,-553
115000125,394,1474,-1080
115000126,181,522,-341
115000127,474,284,190
115000128,332,1117,-785
115000129,207,726,-519
115000130,613,468,145
115000131,1166,307,859
115000132,572,485,87
115000133,1069,257,812
115000134,387,530,-143
115000135,290,324,-34
115000136,278,379,-101
115000137,112,318,-206
115000138,547,268,279
115000139,299,268,31
115000140,596,200,396
115000141,346,171,175
115000142,314,110,204
115000143,1394,720,674
115000144,716,92,624
115000145,361,189,172
115000146,684,544,140
115000147,421,464,-43
115000148,462,531,-69
115000149,1103,317,786
115000150,996,513,483
115000151,2282,530,1752
115000152,1273,775,498
115000153,2384,558,1826
115000154,1561,244,1317
115000155,876,1086,-210
115000156,1080,1188,-108
115000157,689,1434,-745
115000158,509,537,-28
115000159,539,941,-402
115000160,707,891,-184
115000161,1366,471,895
115000162,610,1292,-682
115000163,529,881,-352
115000164,530,966,-436
115000165,371,816,-445
115000167,92,204,-112
115000168,536,789,-253
115000169,420,1184,-764
115000170,82,195,-113
115000171,183,464,-281
115000172,1022,1049,-27
115000173,341,1465,-1124
115000174,92,750,-658
115000175,148,252,-104
115000176,87,200,-113
115000177,100,288,-188
115000178,37,271,-234
115000179,25,91,-66
115000180,170,310,-140
115000181,1361,151,1210
115000182,1587,261,1326
115000183,798,534,264
115000186,875,239,636
115000187,232,591,-359
115000188,513,808,-295
115000189,383,449,-66
115000190,830,661,169
115000191,333,625,-292
115000194,98,140,-42
115000195,233,470,-237
115000196,388,125,263
115000197,382,139,243
115000198,884,161,723
115000199,756,136,620
115000200,695,239,456
115000201,250,170,80
115000206,584,57,527
115000207,400,225,175
115000208,379,775,-396
115000209,850,515,335
115000210,193,165,28
115000211,392,303,89
115000212,1217,544,673
115000224,361,53,308
115000225,140,75,65
115000229,306,140,166
115000230,111,879,-768
115000231,395,864,-469
115000232,3561,393,3168
115000233,156,233,-77
115000234,48,281,-233
115000241,180,170,10
115000242,235,120,115
115000243,81,181,-100
115000244,4,166,-162
115000246,89,21,68
115000247,85,26,59
115000248,54,23,31
115000249,13,22,-9
115000250,435,27,408
115000251,440,78,362
115000252,100,203,-103
115000253,16,561,-545
115000258,612,73,539
115000259,416,108,308
115000261,52,12,40
115000262,15,34,-19
115000263,19,62,-43
115000264,25,39,-14
115000267,123,85,38
115000268,63,161,-98
115000269,121,57,64
115000270,13,43,-30
115000272,58,110,-52
115000273,843,59,784
115000280,1900,230,1670
115000281,388,766,-378
115000282,1328,1347,-19
115000284,111,222,-111
115000296,706,10,696
115000297,178,215,-37
115000298,37,526,-489
115000300,256,154,102
115000302,995,149,846
115000303,1473,73,1400
115000304,1620,84,1536
115000305,153,303,-150
115000306,277,122,155
115000307,205,174,31
115000308,17,36,-19
115000309,27,55,-28
115000310,2408,513,1895
115000311,2437,1292,1145
115000313,173,198,-25
115000314,1080,269,811
115000315,881,1066,-185
115000316,177,196,-19
115000317,245,483,-238
115000318,1140,476,664
115000319,110,240,-130
115000320,63,617,-554
115000321,589,36,553
115000322,80,157,-77
115000449,284,223,61
115000557,15,2696,-2681
115000558,158,147,11
115000587,1082,359,723
115000588,2207,2997,-790
115000589,4937,3311,1626
115000590,876,2042,-1166
115000591,1678,1210,468
115000592,514,2232,-1718
115000593,2007,1317,690
115000594,372,3078,-2706
115000609,347,140,207
115000617,509,3505,-2996
115000624,788,42,746
115000633,389,1562,-1173
115000634,4382,1158,3224
115000635,841,139,702
115000638,270,398,-128
115000641,59,408,-349
115000642,256,216,40
115000643,142,290,-148
115000644,167,257,-90
115000646,952,1864,-912
115000647,299,632,-333
115000648,4143,1113,3030
115000893,1972,1704,268
115000894,171,828,-657
115000895,316,796,-480
115000896,1569,428,1141
115000897,601,112,489
115000898,740,486,254
115000899,274,1886,-1612
115000900,69,499,-430
115000901,74,333,-259
115000912,650,160,490
115000913,4,28,-24
115000915,32,0,32
115000916,1,0,1
115000917,0,9,-9
115000918,94,2011,-1917
115000919,19,35,-16
115000920,13,69,-56
115000921,432,152,280
115000922,385,1157,-772
115000923,75,1875,-1800
115000925,212,246,-34
115000927,48,93,-45
115000933,30,558,-528
115000934,150,189,-39
115000935,220,65,155
115900001,230,7,223
115900002,113,95,18
115900003,359,46,313
115900004,4,22,-18
115900005,429,31,398
115900006,187,112,75
115900008,161,6,155
115900009,85,232,-147
115900010,778,67,711
115900011,630,512,118
115900012,431,8,423
115900013,382,135,247
115900014,150,208,-58
115900015,260,16,244
115900016,81,84,-3
115900017,20,23,-3
115900018,263,29,234
115900019,287,21,266
115900020,162,2,160
115900021,1122,343,779
115900022,457,18,439
115900023,3,41,-38
115900025,48,263,-215
115900026,868,113,755
115900027,2,178,-176
115900028,425,50,375
115900029,23,215,-192
115900030,65,30,35
115900031,67,347,-280
115900032,401,748,-347
115900033,0,131,-131
115900034,28,132,-104
115900035,78,77,1
115900036,42,3115,-3073
115900037,47,133,-86
115900038,70,50,20
115900039,196,84,112
115900041,185,1317,-1132
115900042,85,12,73
115900043,167,30,137
115900044,219,496,-277
115900046,828,154,674
115900047,170,324,-154
115900049,315,153,162
115900051,16,12,4
115900052,23,107,-84
115900053,545,81,464
115900054,664,38,626
115900055,38,59,-21
115900056,424,116,308
115900057,31,18,13
115900058,19,49,-30
115900060,80,292,-212
115900061,485,2,483
115900062,121,133,-12
115900063,42,2,40
115900064,133,301,-168
115900065,172,133,39
115900066,93,52,41
115900067,18,134,-116
115900068,1214,1806,-592
115900069,52,223,-171
115900070,270,62,208
115900071,0,116,-116
115900072,30,115,-85
115900073,198,238,-40
115900074,3,112,-109
115900075,26,151,-125
115900076,37,28,9
115900077,0,83,-83
115900078,43,110,-67
115900079,706,15,691
115900080,194,86,108
115900081,33,15,18
115900082,97,220,-123
115900084,922,57,865
115900085,75,154,-79
115900086,976,521,455
115900088,10,115,-105
115900089,824,379,445
115900090,1016,9,1007
115900091,22,47,-25
115900092,75,66,9
115900093,13,38,-25
115900094,1,71,-70
115900096,30,21,9
115900097,18,123,-105
115900098,496,205,291
115900099,75,61,14
115900100,33,159,-126
115900101,369,174,195
115900102,151,64,87
115900103,575,151,424
115900104,186,88,98
115900105,513,267,246
115900106,161,17,144
115900107,144,48,96
115900108,285,11,274
115900109,33,229,-196
115900110,37,5,32
115900111,0,40,-40
115900112,67,600,-533
115900113,88,10,78
115900114,8,126,-118
115900115,128,155,-27
115900116,85,429,-344
115900117,147,12,135
115900118,4,85,-81
115900119,277,126,151
115900120,52,164,-112
115900121,402,148,254
115900124,481,1270,-789
115900125,718,80,638
115900126,1718,83,1635
115900127,1390,46,1344
115900128,20,350,-330
115900129,960,55,905
115900130,15,488,-473
115900131,552,34,518
115900132,1128,15,1113
115900134,484,17,467
115900135,573,1269,-696
115900137,48,9,39
115900139,22,289,-267
115900140,765,65,700
115900141,3,84,-81
115900142,31,37,-6
115900143,465,1063,-598
115900144,294,405,-111
115900146,16,54,-38
115900147,316,429,-113
115900148,61,22,39
115900149,358,11,347
115900150,196,4,192
115900151,71,122,-51
115900152,320,265,55
115900153,180,158,22
115900154,374,555,-181
115900155,0,24,-24
115900156,1059,1286,-227
115900157,490,739,-249
115900158,20,8,12
115900159,298,156,142
115900160,1,15,-14
115900161,36,344,-308
115900163,554,261,293
115900164,1150,17,1133
115900165,4,181,-177
115900166,168,141,27
115900168,260,95,165
115900171,165,386,-221
115900172,98,129,-31
115900173,353,84,269
115900174,148,416,-268
115900175,219,214,5
115900178,2,189,-187
115900179,589,14,575
115900180,83,93,-10
115900181,278,71,207
115900182,832,73,759
115900183,36,215,-179
115900184,534,16,518
115900187,22,307,-285
115900189,0,246,-246
115900190,249,1354,-1105
115900191,19,159,-140
115900192,29,81,-52
115900193,156,150,6
115900194,1345,98,1247
115900195,437,4395,-3958
115900198,434,254,180
115900199,494,137,357
115900200,309,141,168
115900201,383,355,28
115900202,1,80,-79
115900203,15,21,-6
115900204,0,18,-18
115900205,24,2,22
115900206,497,44,453
115900207,90,11,79
115900208,117,43,74
115900209,10,96,-86
115900210,2,94,-92
115900211,1,140,-139
115900212,274,111,163
115900213,73,212,-139
115900214,850,84,766
115900215,23,349,-326
115900216,2,68,-66
115900217,4,33,-29
115900218,5,20,-15
115900219,201,1,200
115900220,492,6,486
115900221,208,24,184
115900222,202,63,139
115900223,11,1088,-1077
115900224,602,2628,-2026
115900225,53,74,-21
115900226,25,56,-31
115900227,16,57,-41
115900228,18,56,-38
115900229,3,63,-60
115900230,22,81,-59
115900231,203,4,199
115900232,116,2,114
115900233,246,7,239
115900234,144,46,98
115900235,29,66,-37
115900236,33,71,-38
115900237,35,32,3
115900238,42,8,34
115900239,11,15,-4
115900240,9,15,-6
115900241,392,29,363
115900242,439,687,-248
115900243,32,6,26
115900244,32,18,14
115900245,63,2,61
115900246,12,9,3
115900247,7,26,-19
115900248,13,2,11
115900249,21,8,13
115900250,24,8,16
115900251,6,2,4
115900252,1,0,1
115900253,25,17,8
115900254,37,61,-24
115900255,2,27,-25
115900256,21,39,-18
115900257,14,24,-10
115900258,0,1,-1
115900259,5,2,3
115900260,19,1,18
115900261,15,1,14
115900262,8,0,8
115900263,11,1,10
115900264,46,4,42
115900265,6,36,-30
115900266,9,19,-10
115900267,1,32,-31
115900268,1,13,-12
115900269,1050,103,947
115900270,583,93,490
115900271,154,1,153
115900272,46,3,43
115900273,31,22,9
115900274,2,4,-2
115900275,0,4,-4
115900276,0,6,-6
115900277,0,35,-35
115900278,67,194,-127
115900279,58,369,-311
115900280,23,1081,-1058
115900281,73,399,-326
116000001,9965,2524,7441
116000002,6005,19990,-13985
116000003,1507,1733,-226
116000004,4391,7430,-3039
116000005,1318,4656,-3338
116000006,3606,5904,-2298
116000007,1934,7964,-6030
116000008,6515,6243,272
116000009,1092,1289,-197
116000010,3774,2941,833
116000011,795,1469,-674
116000012,2850,1793,1057
116000013,4874,5641,-767
116000014,10615,29912,-19297
116000015,182,2221,-2039
116000016,6173,7660,-1487
116000017,53,941,-888
116000018,645,624,21
116000019,1707,460,1247
116000020,884,2032,-1148
116000021,1033,425,608
116000022,618,467,151
116000023,2297,1697,600
116000024,796,1205,-409
116000025,1736,1257,479
116000026,1792,4074,-2282
116000027,650,1079,-429
116000028,626,1416,-790
116000029,535,606,-71
116000030,876,976,-100
116000031,134,241,-107
116000032,385,163,222
116000033,918,541,377
116000034,1103,987,116
116000035,564,496,68
116000036,676,5038,-4362
116000037,262,746,-484
116000038,229,1670,-1441
116000039,321,2026,-1705
116000040,719,1628,-909
116000041,159,1345,-1186
116000042,1304,1005,299
116000043,277,603,-326
116000044,5,19,-14
116000045,2434,1725,709
116000046,1251,2233,-982
116000047,2173,3621,-1448
116000048,3745,1680,2065
116000049,2526,3507,-981
116000050,1815,1473,342
116000051,5829,3722,2107
116000052,5262,5128,134
116000053,3756,767,2989
116000054,1493,3182,-1689
116000055,1356,1083,273
116000056,2283,1399,884
116000057,3177,1994,1183
116000058,4882,4668,214
116000059,3969,6491,-2522
116000060,3218,1560,1658
116000061,295,2152,-1857
116000062,695,358,337
116000063,860,2841,-1981
116000066,323,956,-633
116000067,362,423,-61
116000068,231,417,-186
116000069,424,323,101
116000078,702,1443,-741
116000080,2223,814,1409
116000082,13,16,-3
116000083,2599,663,1936
116000084,1399,2544,-1145
116000085,2514,2721,-207
116000086,806,507,299
116000087,4148,2594,1554
116000088,1311,1118,193
116000089,217,112,105
116000090,168,194,-26
116000091,278,629,-351
116000093,1233,620,613
116000094,1188,427,761
116000095,1292,862,430
116000096,1887,2246,-359
116000097,1473,793,680
116000098,71,12492,-12421
116000099,6352,257,6095
116000100,459,36,423
116000101,1913,487,1426
116000102,425,896,-471
116000103,568,488,80
116000104,249,1036,-787
116000105,2274,196,2078
116000106,509,983,-474
116000107,3562,298,3264
116000108,75,273,-198
116000111,310,40,270
116000113,278,130,148
116000114,40,154,-114
116000115,559,186,373
116000116,290,249,41
116000117,2149,1766,383
116000118,2227,1095,1132
116000119,5669,1995,3674
116000120,3426,2758,668
116000121,1375,762,613
116000122,1130,981,149
116000123,2192,553,1639
116000124,605,613,-8
116000125,5034,938,4096
116000126,291,765,-474
116000127,1122,742,380
116000128,3650,1187,2463
116000129,2207,202,2005
116000130,1160,1096,64
116000133,2490,892,1598
116000134,1862,1243,619
116000135,4520,1621,2899
116000136,880,1376,-496
116000137,1736,1496,240
116000138,2207,1300,907
116000139,2306,4460,-2154
116000140,337,306,31
116000141,619,362,257
116000142,4165,2358,1807
116000143,2600,2568,32
116000144,2538,1889,649
116000145,3778,1217,2561
116000146,1346,92,1254
116000147,418,326,92
116000148,1175,1485,-310
116000149,1430,1079,351
116000151,676,786,-110
116000153,186,459,-273
116000155,264,525,-261
116000156,965,1014,-49
116000157,139,19,120
116000158,589,332,257
116000159,14,17,-3
116000160,39,57,-18
116000161,20,88,-68
116000162,80,293,-213
116000163,92,37,55
116000164,24,46,-22
116000177,121,144,-23
116000194,135,314,-179
116000195,1716,793,923
116000196,41,4,37
116000197,25,11,14
116000198,3017,1369,1648
116000200,921,1154,-233
116000201,794,699,95
116000202,4,140,-136
116000203,2,58,-56
116000204,7,74,-67
116000205,0,103,-103
116000206,0,93,-93
116000207,1,64,-63
116000233,253,483,-230
116000287,335,204,131
116000288,543,156,387
116000292,137,194,-57
116000296,18,158,-140
116000297,81,29,52
116000304,403,27,376
116000305,22,90,-68
116000346,343,150,193
116000352,243,120,123
116000354,75,43,32
116000357,19,16,3
116000358,594,151,443
116000361,69,8,61
116000372,3930,11139,-7209
116000381,178,0,178
116000388,0,30,-30
116000389,1287,494,793
116000445,1232,238,994
116000446,1042,283,759
116000447,42,714,-672
116000448,689,178,511
116000563,985,1313,-328
116000565,51,271,-220
116000568,87,784,-697
116000579,24,107,-83
116000584,68,10,58
116000585,43,28,15
116000586,81,216,-135
116000587,415,437,-22
116000589,62,137,-75
116000590,183,71,112
116000591,327,214,113
116000592,11,58,-47
116000593,2,31,-29
116000594,1893,190,1703
116000595,1304,66,1238
116000596,283,6,277
116000597,990,304,686
116000598,19,101,-82
116000602,26,788,-762
116000605,204,162,42
116000606,75,326,-251
116000607,1,180,-179
116000609,136,1698,-1562
116000611,346,212,134
116000612,1836,2646,-810
116000613,1149,430,719
116000614,573,191,382
116000615,5,647,-642
116000616,172,111,61
116000617,205,28,177
116000618,13,59,-46
116000619,77,136,-59
116000620,317,164,153
116000621,227,135,92
116000622,153,134,19
116000624,249,94,155
116000627,34,10,24
116000628,61,73,-12
116000629,26,118,-92
116000630,831,9,822
116000631,197,21,176
116000632,999,83,916
116000633,32,196,-164
116000634,1035,14,1021
116000635,2078,2790,-712
116900001,539,191,348
116900002,426,2,424
116900003,107,25,82
116900004,68,133,-65
116900005,398,55,343
116900006,112,938,-826
116900007,191,478,-287
116900008,973,106,867
116900009,39,21,18
116900010,2,710,-708
116900011,22,29,-7
116900012,386,485,-99
116900013,5,96,-91
116900014,399,80,319
116900015,962,34,928
116900016,375,8,367
116900017,4,544,-540
116900018,234,105,129
116900019,6,162,-156
116900020,493,2323,-1830
116900023,88,18,70
116900024,1175,28,1147
116900025,2250,510,1740
116900026,106,507,-401
116900027,91,82,9
116900028,0,62,-62
116900029,0,166,-166
116900031,0,2,-2
116900032,4,152,-148
116900033,59,26,33
116900034,2,31,-29
116900035,192,137,55
116900036,4,134,-130
116900038,33,4,29
116900041,137,21,116
116900042,176,209,-33
116900043,32,57,-25
116900045,398,148,250
116900047,10,326,-316
116900049,10,224,-214
116900050,110,328,-218
116900051,336,49,287
116900052,332,71,261
116900055,0,19,-19
116900057,38,115,-77
116900058,25,347,-322
116900059,1,68,-67
116900060,168,389,-221
116900062,0,9,-9
116900064,127,257,-130
116900065,29,99,-70
116900067,204,42,162
116900068,133,179,-46
116900070,7,6,1
116900072,58,157,-99
116900073,42,91,-49
116900074,16,46,-30
116900076,23,76,-53
116900077,14,42,-28
116900078,210,42,168
116900079,59,143,-84
116900080,14,19,-5
116900081,308,835,-527
116900082,290,1031,-741
116900083,11,28,-17
116900084,45,59,-14
116900085,35,49,-14
116900086,73,189,-116
116900088,366,90,276
116900090,43,15,28
116900091,630,61,569
116900092,145,408,-263
116900093,4330,1860,2470
116900094,3819,8608,-4789
116900095,302,774,-472
116900096,151,708,-557
116900097,1905,5553,-3648
116900098,901,657,244
116900099,330,1190,-860
116900100,1781,159,1622
116900101,228,669,-441
116900103,16,3,13
116900104,43,180,-137
116900105,518,271,247
116900106,4323,82,4241
116900107,1571,4111,-2540
116900110,39,2,37
116900111,1271,318,953
116900112,391,573,-182
116900113,1109,2858,-1749
116900116,46,1918,-1872
116900117,320,140,180
116900118,1697,1202,495
116900120,739,61,678
116900121,251,35,216
116900122,1830,248,1582
116900123,496,345,151
116900124,195,479,-284
116900125,991,149,842
116900126,88,814,-726
116900128,1,97,-96
116900129,1,234,-233
116900130,1441,7486,-6045
116900131,87,434,-347
116900132,100,120,-20
116900133,301,160,141
116900134,418,290,128
116900136,273,193,80
116900137,324,142,182
116900138,223,118,105
116900139,115,312,-197
116900140,262,93,169
116900141,635,191,444
116900142,2,80,-78
116900143,499,166,333
116900144,87,86,1
116900145,142,179,-37
116900147,251,2775,-2524
116900148,3,58,-55
116900149,67,414,-347
116900150,24,14,10
116900151,127,42,85
116900153,214,135,79
116900154,206,715,-509
116900155,130,140,-10
116900157,1270,77,1193
116900158,117,447,-330
116900159,103,824,-721
116900160,1414,1486,-72
116900161,5381,13967,-8586
116900162,65,67,-2
116900163,425,34,391
116900164,179,111,68
116900165,898,707,191
116900166,94,44,50
116900167,799,72,727
116900168,666,69,597
116900169,308,2642,-2334
116900170,1015,640,375
116900171,59,165,-106
116900172,132,613,-481
116900173,460,19,441
116900174,106,165,-59
116900175,437,783,-346
116900178,57,69,-12
116900179,91,617,-526
116900180,131,16,115
116900182,1991,464,1527
116900183,297,135,162
116900185,75,74,1
116900186,209,129,80
116900187,43,107,-64
116900188,221,36,185
116900189,47,1,46
116900191,315,543,-228
116900192,537,146,391
116900194,164,2497,-2333
116900195,67,44,23
116900196,24,34,-10
116900197,218,11,207
116900198,95,630,-535
116900200,203,16,187
116900201,305,12,293
116900202,86,27,59
116900203,224,29,195
116900204,68,262,-194
116900206,47,7,40
116900207,44,33,11
116900208,9,66,-57
116900209,34,65,-31
116900210,997,482,515
116900211,342,4,338
116900212,141,22,119
116900213,438,133,305
116900214,385,244,141
116900215,87,59,28
116900216,460,221,239
116900218,5,291,-286
116900219,687,230,457
116900220,178,380,-202
116900221,332,446,-114
116900222,605,396,209
116900223,143,299,-156
116900226,296,65,231
116900227,378,43,335
116900228,540,185,355
116900230,108,169,-61
116900231,112,240,-128
116900232,36,172,-136
116900233,562,126,436
116900234,42,18,24
116900235,187,296,-109
116900238,804,250,554
116900239,10,1449,-1439
116900240,4349,5590,-1241
116900241,257,75,182
116900242,483,1461,-978
116900243,14,49,-35
116900245,61,55,6
116900246,287,13,274
116900247,1565,90,1475
116900248,167,28,139
116900249,857,81,776
116900250,751,90,661
116900251,457,1682,-1225
116900252,335,542,-207
116900253,284,42,242
116900254,89,102,-13
116900255,271,222,49
116900256,881,140,741
116900257,24,121,-97
116900258,12,50,-38
116900259,549,32,517
116900260,2,42,-40
116900261,156,5,151
116900262,271,113,158
116900263,0,21,-21
116900264,0,15,-15
116900265,68,1,67
116900266,24,13,11
116900267,9,4,5
116900268,279,207,72
116900269,689,1306,-617
116900271,750,644,106
116900272,665,407,258
116900273,42,482,-440
116900274,235,25,210
116900275,458,65,393
116900276,445,431,14
116900277,209,52,157
116900278,3,7,-4
116900279,3,20,-17
116900280,49,9,40
116900281,3883,9340,-5457
116900282,20,50,-30
116900283,24,54,-30
116900284,15,82,-67
116900285,176,400,-224
116900286,166,21,145
116900287,2,8,-6
116900288,189,26,163
116900289,47,2,45
116900290,39,1,38
116900291,71,12,59
116900292,0,30,-30
116900293,89,5,84
116900294,8,166,-158
116900295,131,444,-313
116900296,50,352,-302
116900297,2,80,-78
116900298,58,215,-157
116900299,68,245,-177
116900300,1,254,-253
116900301,21,804,-783
116900302,9,218,-209
116900303,152,281,-129
116900304,0,292,-292
116900305,23,46,-23
116900306,390,27,363
117000001,4939,4318,621
117000002,2554,4126,-1572
117000003,8578,5251,3327
117000004,2563,5539,-2976
117000005,5130,3204,1926
117000006,1322,2356,-1034
117000007,9140,1635,7505
117000008,1230,2693,-1463
117000009,6021,2343,3678
117000010,2182,3013,-831
117000011,4403,1963,2440
117000012,2700,1062,1638
117000013,3136,1220,1916
117000014,1925,2804,-879
117000015,4672,2276,2396
117000016,443,521,-78
117000017,139,1327,-1188
117000018,167,1636,-1469
117000019,68,3,65
117000020,871,4264,-3393
117000021,2101,646,1455
117000022,263,794,-531
117000023,108,691,-583
117000024,200,1390,-1190
117000025,234,4451,-4217
117000026,2098,4586,-2488
117000027,1397,5283,-3886
117000028,1347,4408,-3061
117000030,290,454,-164
117000031,461,491,-30
117000032,1428,1275,153
117000033,2581,2663,-82
117000034,398,196,202
117000035,525,573,-48
117000036,590,302,288
117000037,337,285,52
117000038,302,614,-312
117000039,612,412,200
117000040,264,793,-529
117000041,1972,155,1817
117000044,9,614,-605
117000045,1181,260,921
117000046,490,766,-276
117000047,1010,1048,-38
117000048,1794,1010,784
117000049,151,1124,-973
117000050,459,1547,-1088
117000051,4800,78,4722
117000052,142,206,-64
117000053,1204,53,1151
117000054,2605,9,2596
117000055,3,1477,-1474
117000056,1019,34,985
117000057,532,1986,-1454
117000060,749,1499,-750
117000061,3975,2109,1866
117000062,300,950,-650
117000063,3195,1431,1764
117000064,493,652,-159
117000066,831,934,-103
117000067,158,901,-743
117000074,49,156,-107
117000076,96,48,48
117000077,431,210,221
117000078,243,650,-407
117000079,633,348,285
117000080,2,559,-557
117000081,1405,241,1164
117000082,31,99,-68
117000083,213,5,208
117000084,271,2,269
117000085,585,1554,-969
117000086,1039,347,692
117000087,86,662,-576
117000088,386,214,172
117000089,3429,251,3178
117000090,536,903,-367
117000091,2040,255,1785
117000092,738,868,-130
117000093,2713,749,1964
117000094,1471,1369,102
117000095,5648,948,4700
117000096,976,1681,-705
117000097,3343,1493,1850
117000098,2130,2814,-684
117000099,7745,1440,6305
117000100,312,529,-217
117000101,193,705,-512
117000102,3698,794,2904
117000103,548,960,-412
117000104,3014,861,2153
117000105,685,1133,-448
117000106,3309,689,2620
117000107,765,1255,-490
117000108,4305,1335,2970
117000109,1004,1715,-711
117000110,3104,2722,382
117000111,5881,4884,997
117000112,5843,1840,4003
117000113,195,138,57
117000114,456,159,297
117000115,95,44,51
117000116,338,261,77
117000117,2547,1786,761
117000118,526,223,303
117000119,234,1284,-1050
117000120,126,2829,-2703
117000121,21,1754,-1733
117000122,978,2104,-1126
117000123,3716,170,3546
117000124,142,262,-120
117000125,147,1078,-931
117000126,38,25,13
117000127,184,757,-573
117000128,133,1857,-1724
117000129,176,381,-205
117000130,24,1,23
117000131,1,87,-86
117000132,6145,16,6129
117000133,4166,45,4121
117000134,1,212,-211
117000135,3,365,-362
117000136,0,68,-68
117000137,338,269,69
117000138,3,1284,-1281
117000140,388,1044,-656
117000141,3766,705,3061
117000181,463,218,245
117000182,2767,1745,1022
117000195,305,1174,-869
117000196,571,250,321
117000225,60,344,-284
117000226,6,379,-373
117000276,807,44,763
117000277,0,168,-168
117000310,1580,3422,-1842
117000315,345,1021,-676
117000320,54,1,53
117000906,913,26,887
117000907,15,161,-146
117000908,2,496,-494
117000909,32,140,-108
117000910,316,196,120
117000911,71,153,-82
117000915,18,244,-226
117000916,174,16,158
117000917,2906,112,2794
117000918,263,75,188
117000919,40,31,9
117000920,3,1157,-1154
117000921,0,450,-450
117000922,45,74,-29
117000924,1829,820,1009
117000926,999,610,389
117000927,299,1244,-945
117000928,0,131,-131
117000929,597,156,441
117000930,816,44,772
117000931,143,162,-19
117900002,63,1261,-1198
117900003,277,505,-228
117900005,11,314,-303
117900006,0,113,-113
117900007,249,96,153
117900008,0,33,-33
117900010,745,100,645
117900011,26,911,-885
117900012,143,74,69
117900013,5,110,-105
117900014,879,141,738
117900015,17,53,-36
117900016,1091,1617,-526
117900017,1448,353,1095
117900018,432,1453,-1021
117900019,1432,249,1183
117900020,111,548,-437
117900021,92,133,-41
117900022,59,10,49
117900023,3822,134,3688
117900024,92,85,7
117900025,31,4,27
117900026,949,165,784
117900028,68,14,54
117900029,624,543,81
117900030,738,463,275
117900031,275,847,-572
117900032,1477,911,566
117900033,875,495,380
117900034,96,23,73
117900035,340,171,169
117900036,701,251,450
117900037,328,101,227
117900038,66,103,-37
117900039,0,35,-35
117900040,274,164,110
117900041,3,35,-32
117900042,3323,742,2581
117900043,5,30,-25
117900044,37,6941,-6904
117900045,386,214,172
117900048,601,120,481
117900049,437,337,100
117900050,12,834,-822
117900051,29,9,20
117900052,125,843,-718
117900053,2904,227,2677
117900054,1,6,-5
117900055,2830,390,2440
117900056,42,138,-96
117900057,1145,1222,-77
117900058,11,122,-111
117900059,166,125,41
117900060,4190,2378,1812
117900061,23,702,-679
117900063,831,172,659
117900065,425,1270,-845
117900066,11,188,-177
117900067,1636,154,1482
117900069,1581,299,1282
117900070,75,343,-268
117900071,246,141,105
117900073,1126,266,860
117900074,49,697,-648
117900075,186,75,111
117900076,28,123,-95
117900077,1119,152,967
117900078,786,916,-130
117900080,319,60,259
117900081,315,284,31
117900082,920,437,483
117900083,972,374,598
117900086,301,50,251
117900087,255,43,212
117900088,1351,1518,-167
117900089,3709,839,2870
117900090,1022,459,563
117900091,176,65,111
117900092,210,31,179
117900093,202,52,150
117900094,97,33,64
117900095,592,539,53
117900096,283,517,-234
117900097,331,58,273
117900098,116,11,105
117900099,312,722,-410
117900100,859,10,849
117900101,954,3505,-2551
117900102,159,27,132
117900103,144,2,142
117900104,7,301,-294
117900105,111,183,-72
117900106,257,84,173
117900107,111,2,109
117900109,1500,416,1084
117900110,256,0,256
117900111,902,53,849
117900112,102,18,84
117900113,1635,3396,-1761
117900114,71,2,69
117900115,102,315,-213
117900116,888,669,219
117900117,1356,239,1117
117900118,252,1,251
117900119,411,56,355
117900120,958,80,878
117900121,204,282,-78
117900122,1086,8996,-7910
117900123,1594,294,1300
117900124,488,640,-152
117900125,2039,1949,90
117900126,197,417,-220
117900127,956,480,476
117900128,605,227,378
117900129,173,0,173
117900130,1041,578,463
117900131,2,94,-92
117900132,33,113,-80
117900133,51,77,-26
117900134,59,253,-194
117900135,26,79,-53
117900136,0,21,-21
117900137,102,284,-182
117900138,0,7,-7
117900139,161,102,59
117900140,4773,518,4255
117900141,125,379,-254
117900142,33,586,-553
117900144,47,1920,-1873
117900145,12,240,-228
117900146,116,475,-359
117900147,195,155,40
117900148,3939,3686,253
117900149,150,109,41
117900150,86,196,-110
117900151,68,168,-100
117900152,97,141,-44
117900153,14,256,-242
117900154,921,573,348
117900156,662,655,7
117900157,158,552,-394
117900158,588,153,435
117900160,1169,1115,54
117900161,1354,1286,68
117900162,1285,601,684
117900163,37,984,-947
117900165,0,12,-12
117900166,62,682,-620
117900168,41,181,-140
117900169,2,65,-63
117900170,28,24,4
117900171,3,12,-9
117900172,29,9,20
117900173,91,171,-80
117900174,34,60,-26
117900175,11,30,-19
117900176,36,27,9
117900177,33,21,12
117900178,112,42,70
117900180,336,66,270
117900181,71,738,-667
117900182,2,102,-100
117900183,100,236,-136
117900184,69,106,-37
117900185,126,34,92
117900186,90,15,75
117900187,46,13,33
117900188,275,42,233
117900189,152,30,122
117900190,42,0,42
117900191,140,3,137
117900192,344,1,343
117900193,26,138,-112
117900194,14,6,8
117900195,19,140,-121
117900196,30,29,1
117900207,102,143,-41
117900208,49,21,28
117900209,216,88,128
117900210,221,157,64
117900211,12,105,-93
117900212,177,195,-18
117900213,61,13,48
117900214,11,20,-9
117900215,14,28,-14
117900216,15,47,-32
117900217,61,434,-373
117900218,33,91,-58
117900219,1,292,-291
117900220,34,655,-621
118000001,903,2901,-1998
118000002,646,1806,-1160
118000003,2574,6325,-3751
118000004,2171,4953,-2782
118000005,4468,5604,-1136
118000006,3418,7671,-4253
118000007,6223,11668,-5445
118000008,1574,6634,-5060
118000009,1959,4410,-2451
118000010,5681,5375,306
118000011,2981,2082,899
118000012,1347,2099,-752
118000013,3214,3004,210
118000014,2447,1558,889
118000016,442,325,117
118000017,1413,668,745
118000018,562,446,116
118000019,1507,2855,-1348
118000020,761,4129,-3368
118000021,842,4459,-3617
118000022,1187,1248,-61
118000023,585,450,135
118000024,614,1746,-1132
118000025,23,98,-75
118000027,10658,12216,-1558
118000029,579,1340,-761
118000032,266,3539,-3273
118000033,2942,7784,-4842
118000034,4194,5359,-1165
118000035,2563,3697,-1134
118000036,1122,1585,-463
118000037,1024,1883,-859
118000038,980,166,814
118000039,153,123,30
118000040,2383,1733,650
118000041,4478,1749,2729
118000045,372,306,66
118000046,1169,2161,-992
118000047,768,4002,-3234
118000048,1752,4770,-3018
118000051,1127,5989,-4862
118000052,584,2741,-2157
118000053,547,1220,-673
118000054,3508,1197,2311
118000055,3087,2448,639
118000056,144,938,-794
118000057,282,469,-187
118000058,2656,6002,-3346
118000059,2035,3854,-1819
118000060,1778,749,1029
118000061,1739,1431,308
118000062,524,374,150
118000063,542,1408,-866
118000064,885,1930,-1045
118000065,2110,2092,18
118000066,1752,5449,-3697
118000067,634,823,-189
118000068,1124,11017,-9893
118000069,1536,1878,-342
118000070,6948,3224,3724
118000071,4610,12445,-7835
118000072,964,3837,-2873
118000073,582,2097,-1515
118000074,820,581,239
118000075,593,400,193
118000076,2390,7550,-5160
118000077,1436,2676,-1240
118000078,2319,4271,-1952
118000079,282,905,-623
118000080,703,1633,-930
118000081,2121,2769,-648
118000082,412,1758,-1346
118000083,1711,2744,-1033
118000084,2531,3882,-1351
118000086,244,842,-598
118000087,4908,3424,1484
118000088,1512,2174,-662
118000089,5117,3912,1205
118000090,1849,4723,-2874
118000091,1275,6414,-5139
118000092,1122,820,302
118000093,82,968,-886
118000096,672,1051,-379
118000097,684,1010,-326
118000098,324,385,-61
118000099,1377,582,795
118000101,2778,529,2249
118000102,665,838,-173
118000107,3165,926,2239
118000108,894,5138,-4244
118000110,1,24,-23
118000111,2,120,-118
118000112,1171,4,1167
118000113,8,248,-240
118000114,1115,10,1105
118000115,8,9,-1
118000116,22,0,22
118000117,766,1219,-453
118000118,1420,2619,-1199
118000119,1375,2493,-1118
118000120,1469,1621,-152
118000121,13,616,-603
118000122,739,334,405
118000123,50,340,-290
118000125,1260,1579,-319
118000126,916,3061,-2145
118000127,1785,1438,347
118000128,334,2398,-2064
118000129,2193,1802,391
118000130,2284,3081,-797
118000131,382,966,-584
118000132,4671,3706,965
118000133,1955,1049,906
118000135,883,1531,-648
118000136,153,919,-766
118000137,901,157,744
118000138,553,383,170
118000139,789,74,715
118000140,5154,12039,-6885
118000141,4325,2308,2017
118000142,3736,2245,1491
118000143,5044,1923,3121
118000144,1063,630,433
118000145,1890,1261,629
118000146,1932,566,1366
118000147,1615,1131,484
118000148,960,1628,-668
118000149,1402,668,734
118000150,969,281,688
118000151,1400,470,930
118000153,3045,1346,1699
118000154,2245,1726,519
118000155,4312,1594,2718
118000156,3386,4821,-1435
118000157,968,430,538
118000158,370,571,-201
118000159,98,112,-14
118000160,1371,381,990
118000161,1144,424,720
118000162,1993,1270,723
118000163,1592,1381,211
118000164,2903,2046,857
118000168,671,1930,-1259
118000169,1043,955,88
118000170,3907,3098,809
118000171,634,520,114
118000172,116,178,-62
118000173,1195,2174,-979
118000175,383,374,9
118000176,583,814,-231
118000177,682,1044,-362
118000178,52,50,2
118000179,1219,1662,-443
118000180,1212,877,335
118000181,869,252,617
118000182,325,280,45
118000183,485,352,133
118000184,1839,639,1200
118000185,1024,2795,-1771
118000186,695,2055,-1360
118000187,3415,671,2744
118000188,1306,94,1212
118000189,1339,352,987
118000190,10,8,2
118000191,23,40,-17
118000192,30,640,-610
118000193,36,778,-742
118000194,2272,980,1292
118000195,260,5230,-4970
118000196,207,655,-448
118000197,104,304,-200
118000198,430,2134,-1704
118000199,406,1379,-973
118000200,117,742,-625
118000201,303,1052,-749
118000202,53,370,-317
118000203,383,1414,-1031
118000204,70,726,-656
118000205,115,460,-345
118000206,386,392,-6
118000207,0,80,-80
118000208,1967,2151,-184
118000209,4056,1182,2874
118000210,202,47,155
118000211,116,82,34
118000213,419,5691,-5272
118000214,382,1066,-684
118000215,622,121,501
118000216,7920,2186,5734
118000217,24,90,-66
118000218,158,48,110
118000219,427,332,95
118000220,13,97,-84
118000221,746,636,110
118000222,86,16,70
118000223,190,52,138
118000224,175,93,82
118000225,86,1787,-1701
118000226,1600,233,1367
118000227,927,612,315
118000228,77,608,-531
118000229,66,565,-499
118000230,226,229,-3
118000231,90,331,-241
118000232,1424,454,970
118000233,1927,869,1058
118000234,802,221,581
118000236,496,418,78
118000237,151,307,-156
118000238,356,179,177
118000239,499,328,171
118000240,190,111,79
118000241,303,179,124
118000242,807,267,540
118000243,413,193,220
118000244,88,79,9
118000246,1,50,-49
118000255,80,338,-258
118000256,208,215,-7
118000259,51,113,-62
118000260,380,88,292
118000261,93,27,66
118000263,171,209,-38
118000266,259,312,-53
118000267,0,350,-350
118000268,246,7,239
118000270,200,9,191
118000271,261,172,89
118000272,121,54,67
118000273,401,51,350
118000274,115,336,-221
118000276,872,348,524
118000295,27,117,-90
118000298,253,184,69
118000299,66,124,-58
118000301,0,113,-113
118000302,134,41,93
118000311,1435,112,1323
118000312,531,123,408
118000313,210,98,112
118000314,246,33,213
118000315,95,18,77
118000316,1404,482,922
118000325,139,25,114
118000326,80,22,58
118000331,87,30,57
118000332,17,27,-10
118000333,31,33,-2
118000335,773,0,773
118000336,0,113,-113
118000407,500,52,448
118000457,1,130,-129
118000465,1142,4016,-2874
118000480,74,69,5
118000489,15,937,-922
118000490,11,255,-244
118000492,579,234,345
118000510,68,34,34
118000514,91,1036,-945
118000515,743,1262,-519
118000517,816,137,679
118000524,240,576,-336
118000525,657,881,-224
118000530,80,253,-173
118000531,744,244,500
118000532,398,249,149
118000533,290,152,138
118000534,1134,333,801
118000535,471,128,343
118000536,130,931,-801
118000537,35,126,-91
118000538,38,93,-55
118000539,33,162,-129
118000540,243,252,-9
118000541,127,146,-19
118000542,178,514,-336
118000543,283,368,-85
118000546,91,35,56
118000560,1455,3439,-1984
118000562,54,111,-57
118000563,1594,1049,545
118000576,282,52,230
118000577,231,196,35
118000578,111,51,60
118000579,842,2597,-1755
118000595,291,104,187
118000596,1,667,-666
118000597,113,78,35
118000598,12,1,11
118000599,141,45,96
118000600,1,33,-32
118000601,42,0,42
118000602,0,11,-11
118000603,0,7,-7
118900001,653,1613,-960
118900002,718,1396,-678
118900003,1000,28,972
118900004,79,38,41
118900005,81,14,67
118900006,358,19,339
118900007,6,1,5
118900008,1544,103,1441
118900009,90,147,-57
118900010,165,12,153
118900011,224,18,206
118900012,371,266,105
118900013,892,601,291
118900015,462,73,389
118900016,15,6,9
118900017,37,273,-236
118900018,1583,69,1514
118900019,13,13,0
118900020,65,248,-183
118900021,149,675,-526
118900022,197,46,151
118900023,112,184,-72
118900024,204,177,27
118900025,62,51,11
118900026,106,37,69
118900027,431,206,225
118900028,237,187,50
118900029,352,604,-252
118900030,1053,74,979
118900031,261,34,227
118900032,407,114,293
118900033,430,805,-375
118900034,332,38,294
118900035,135,98,37
118900036,1870,561,1309
118900037,363,875,-512
118900038,720,106,614
118900039,991,125,866
118900040,405,145,260
118900041,906,235,671
118900042,231,90,141
118900045,352,202,150
118900046,619,537,82
118900047,403,488,-85
118900048,95,693,-598
118900049,107,41,66
118900050,98,6,92
118900051,60,229,-169
118900052,345,691,-346
118900053,19,117,-98
118900054,332,29,303
118900055,269,31,238
118900056,41,451,-410
118900057,1378,644,734
118900058,612,568,44
118900059,14,114,-100
118900060,88,87,1
118900062,496,110,386
118900064,247,923,-676
118900065,59,154,-95
118900066,139,78,61
118900067,3162,7137,-3975
118900068,18,364,-346
118900069,991,227,764
118900071,5,28,-23
118900072,763,492,271
118900073,425,109,316
118900074,299,91,208
118900075,131,27,104
118900076,238,216,22
118900077,550,190,360
118900078,20,4,16
118900079,75,126,-51
118900080,106,51,55
118900081,73,58,15
118900082,2435,294,2141
118900083,34,7,27
118900084,16,22,-6
118900085,776,462,314
118900086,87,167,-80
118900087,115,865,-750
118900088,0,4,-4
118900089,37,26,11
118900090,728,213,515
118900091,140,352,-212
118900092,643,52,591
118900093,114,29,85
118900096,43,55,-12
118900097,270,640,-370
118900099,95,273,-178
118900100,127,339,-212
118900101,354,234,120
118900102,46,125,-79
118900103,46,289,-243
118900104,516,125,391
118900105,376,126,250
118900107,151,51,100
118900108,146,120,26
118900109,24,101,-77
118900110,1215,1489,-274
118900111,1054,419,635
118900112,222,262,-40
118900113,138,283,-145
118900114,15,279,-264
118900115,138,507,-369
118900116,80,192,-112
118900117,176,138,38
118900118,422,259,163
118900119,252,211,41
118900120,135,472,-337
118900121,80,132,-52
118900122,8,1493,-1485
118900123,266,358,-92
118900124,222,171,51
118900126,44,559,-515
118900129,431,322,109
118900130,26,223,-197
118900131,537,187,350
118900132,405,252,153
118900133,11,185,-174
118900135,338,163,175
118900136,348,349,-1
118900137,21,101,-80
118900139,350,185,165
118900140,800,473,327
118900141,154,91,63
118900144,216,216,0
118900145,36,116,-80
118900146,601,590,11
118900147,121,533,-412
118900148,99,68,31
118900150,114,719,-605
118900152,808,583,225
118900157,54,312,-258
118900158,261,67,194
118900159,1,120,-119
118900161,70,20,50
118900163,114,121,-7
118900164,0,50,-50
118900165,136,83,53
118900166,23,3,20
118900167,154,71,83
118900168,48,334,-286
118900169,220,202,18
118900170,516,33,483
118900171,79,41,38
118900174,173,57,116
118900175,967,664,303
118900176,372,361,11
118900177,161,28,133
118900178,111,131,-20
118900179,9,19,-10
118900181,138,85,53
118900182,47,104,-57
118900183,40,278,-238
118900184,378,215,163
118900185,198,81,117
118900186,87,205,-118
118900187,209,430,-221
118900188,456,330,126
118900189,52,1119,-1067
118900190,86,196,-110
118900191,522,31,491
118900192,557,9,548
118900193,1187,34,1153
118900195,229,483,-254
118900196,56,190,-134
118900197,516,36,480
118900198,51,3,48
118900199,167,18,149
118900200,44,42,2
118900201,40,80,-40
118900202,13,52,-39
118900203,48,1,47
118900204,23,5,18
118900205,1,2,-1
118900206,18,4,14
119000001,2463,3909,-1446
119000002,5364,6789,-1425
119000003,5440,1071,4369
119000004,4208,2759,1449
119000005,3601,4054,-453
119000006,5588,2365,3223
119000007,5732,5032,700
119000008,2576,1933,643
119000009,4291,9276,-4985
119000010,4909,5199,-290
119000011,3227,4319,-1092
119000012,1471,4300,-2829
119000013,4817,2996,1821
119000014,1853,3181,-1328
119000019,441,227,214
119000020,3912,2625,1287
119000021,9347,5620,3727
119000022,1667,6329,-4662
119000023,276,367,-91
119000024,3038,26605,-23567
119000025,4620,1344,3276
119000026,65,1026,-961
119000027,189,539,-350
119000028,2414,806,1608
119000029,79,429,-350
119000030,746,1090,-344
119000031,1309,664,645
119000032,4321,2512,1809
119000033,3107,1441,1666
119000034,2165,871,1294
119000035,63,314,-251
119000036,3867,510,3357
119000037,2279,1008,1271
119000038,303,515,-212
119000039,927,622,305
119000040,1235,1478,-243
119000041,1114,2146,-1032
119000048,2865,2111,754
119000049,3869,1805,2064
119000050,1938,1693,245
119000051,3108,1221,1887
119000052,3960,3543,417
119000053,2879,1330,1549
119000054,5129,1872,3257
119000055,8817,2955,5862
119000056,5892,2365,3527
119000057,2847,1409,1438
119000058,2623,1490,1133
119000059,1493,1568,-75
119000060,2536,1324,1212
119000061,1623,798,825
119000062,1586,1506,80
119000063,1063,693,370
119000064,1193,1412,-219
119000065,1729,4854,-3125
119000066,3461,1620,1841
119000067,2581,1793,788
119000068,2902,1023,1879
119000069,2579,2182,397
119000070,5101,662,4439
119000071,674,722,-48
119000072,7398,4694,2704
119000073,5179,14266,-9087
119000074,2258,1699,559
119000075,6075,2791,3284
119000076,282,2160,-1878
119000077,708,1342,-634
119000078,739,495,244
119000079,188,1448,-1260
119000080,1182,355,827
119000081,479,1469,-990
119000082,1455,449,1006
119000083,997,635,362
119000084,432,598,-166
119000085,1277,129,1148
119000086,468,1077,-609
119000087,918,414,504
119000088,527,185,342
119000089,143,286,-143
119000090,194,110,84
119000091,158,417,-259
119000092,726,140,586
119000093,5200,2691,2509
119000094,6159,7368,-1209
119000095,3482,4505,-1023
119000097,2140,1113,1027
119000098,1807,6326,-4519
119000099,3034,1382,1652
119000100,7242,4210,3032
119000101,5071,2735,2336
119000102,744,2141,-1397
119000103,1485,1013,472
119000104,1479,1022,457
119000105,1314,4094,-2780
119000106,568,684,-116
119000107,2031,872,1159
119000108,761,554,207
119000109,254,1890,-1636
119000110,425,1596,-1171
119000111,48,1553,-1505
119000112,183,418,-235
119000113,1525,674,851
119000114,2381,1701,680
119000115,237,239,-2
119000116,126,222,-96
119000117,224,536,-312
119000118,2,0,2
119000123,3492,5029,-1537
119000124,1510,251,1259
119000125,7758,607,7151
119000126,1564,435,1129
119000127,1330,398,932
119000128,38,1,37
119000131,1723,246,1477
119000132,5,2,3
119000133,2,19,-17
119000134,1646,674,972
119000135,314,341,-27
119000136,665,89,576
119000137,434,190,244
119000138,1506,116,1390
119000139,349,92,257
119000140,742,423,319
119000284,1141,2441,-1300
119000285,2313,1521,792
119000286,4632,3868,764
119000287,1956,1791,165
119000288,2914,1072,1842
119000289,1513,3545,-2032
119000290,342,338,4
119000291,81,335,-254
119000293,213,231,-18
119000294,72,27,45
119000295,1685,247,1438
119000296,455,175,280
119000302,1963,1710,253
119000303,32,332,-300
119000314,1876,20571,-18695
119000315,1,146,-145
119000316,353,61,292
119000317,244,68,176
119900001,193,2379,-2186
119900002,277,299,-22
119900003,36,394,-358
119900004,164,3154,-2990
119900005,353,66,287
119900006,224,494,-270
119900007,992,320,672
119900008,59,49,10
119900009,684,434,250
119900010,951,2239,-1288
119900011,44,406,-362
119900012,36,182,-146
119900013,2946,2845,101
119900014,545,456,89
119900015,473,77,396
119900016,99,90,9
119900017,85,53,32
119900018,1346,2045,-699
119900019,102,10,92
119900020,169,197,-28
119900021,294,76,218
119900022,143,1929,-1786
119900023,418,4068,-3650
119900025,522,35,487
119900026,759,185,574
119900027,47,31,16
119900028,312,320,-8
119900029,5,9,-4
119900030,841,380,461
119900031,101,1146,-1045
119900033,2147,481,1666
119900034,1234,70,1164
119900037,360,12,348
119900038,92,701,-609
119900039,50,56,-6
119900040,179,21,158
119900041,334,38,296
119900042,132,211,-79
119900043,223,197,26
119900044,201,1293,-1092
119900046,327,29,298
119900047,674,299,375
119900048,82,11,71
119900049,299,8,291
119900050,397,313,84
119900051,1327,9,1318
119900052,175,29,146
119900053,546,132,414
119900054,429,20,409
119900055,2336,535,1801
119900057,438,37,401
119900058,732,22,710
119900059,104,46,58
119900060,584,73,511
119900061,20,0,20
119900062,166,16,150
119900063,7,108,-101
119900064,1249,118,1131
119900065,341,15,326
119900066,1,0,1
119900067,171,16,155
119900068,1195,12,1183
119900069,190,19,171
119900070,2166,69,2097
119900071,1601,90,1511
119900072,25,4,21
119900073,1274,444,830
119900074,21,108,-87
119900075,1831,2331,-500
119900076,1935,348,1587
119900077,1680,400,1280
119900078,1069,699,370
119900079,690,78,612
119900080,2612,895,1717
119900081,544,19,525
119900082,3401,453,2948
119900083,558,74,484
119900084,646,618,28
119900085,84,44,40
119900086,303,104,199
119900087,544,1068,-524
119900088,49,18,31
119900089,105,184,-79
119900090,114,33,81
119900091,106,239,-133
119900092,61,345,-284
119900093,2386,355,2031
119900094,45,160,-115
119900095,165,120,45
119900096,37,115,-78
119900097,280,255,25
119900098,92,46,46
119900099,43,147,-104
119900100,761,3740,-2979
119900101,141,3102,-2961
119900102,87,143,-56
119900103,114,141,-27
119900104,50,152,-102
119900105,1157,9876,-8719
119900106,4,114,-110
119900107,292,1289,-997
119900108,8066,709,7357
119900109,44,120,-76
119900110,1282,361,921
119900111,273,105,168
119900112,731,979,-248
119900113,115,261,-146
119900114,437,660,-223
119900115,728,347,381
119900116,182,610,-428
119900117,606,330,276
119900118,226,250,-24
119900119,549,149,400
119900120,750,456,294
119900121,811,389,422
119900122,135,250,-115
119900123,287,461,-174
119900124,379,348,31
119900125,56,230,-174
119900126,4436,301,4135
119900127,942,584,358
119900128,754,353,401
119900129,611,202,409
119900130,33,197,-164
119900131,94,103,-9
119900132,3,67,-64
119900133,212,103,109
119900134,679,130,549
119900135,0,201,-201
119900136,157,239,-82
119900138,256,455,-199
119900139,49,136,-87
119900140,8,178,-170
119900141,61,1455,-1394
119900142,21,36,-15
119900143,78,499,-421
119900144,1205,213,992
119900145,172,134,38
119900146,209,179,30
119900147,7,249,-242
119900148,602,43,559
119900149,668,8646,-7978
119900150,161,108,53
119900151,2529,1188,1341
119900152,336,149,187
119900153,350,107,243
119900154,25,89,-64
119900155,56,45,11
119900156,23,29,-6
119900157,342,158,184
119900158,393,81,312
119900159,1,399,-398
119900160,60,83,-23
119900161,177,153,24
119900162,1717,1286,431
119900163,60,137,-77
119900164,0,2,-2
119900165,353,69,284
119900166,138,60,78
119900167,17,91,-74
119900168,1944,530,1414
119900169,88,320,-232
119900170,209,320,-111
119900171,1325,371,954
119900172,100,42,58
119900173,20,140,-120
119900174,6,100,-94
119900175,2929,416,2513
119900177,27,110,-83
119900178,16,123,-107
119900179,314,1369,-1055
119900180,1452,1068,384
119900181,46,171,-125
119900182,5,93,-88
119900183,194,636,-442
119900184,672,452,220
119900185,79,399,-320
119900186,24,2312,-2288
119900187,17,173,-156
119900188,242,342,-100
119900189,245,453,-208
119900190,124,534,-410
119900191,217,538,-321
119900192,87,175,-88
119900193,954,164,790
119900194,50,99,-49
119900195,83,122,-39
119900196,386,173,213
119900197,569,277,292
119900198,213,341,-128
119900199,177,34,143
119900200,1045,608,437
119900201,258,154,104
119900202,76,369,-293
119900203,257,855,-598
119900204,526,341,185
119900205,1618,294,1324
119900206,494,130,364
119900208,172,202,-30
119900209,957,2851,-1894
119900210,89,36,53
119900211,124,20,104
119900212,424,298,126
119900213,10,68,-58
119900214,110,25,85
119900215,61,42,19
119900216,38,32,6
119900217,39,19,20
119900218,15,156,-141
119900219,13,55,-42
119900220,9,18,-9
119900221,110,79,31
119900222,41,77,-36
119900223,23,41,-18
119900224,26,11,15
119900225,344,45,299
119900226,334,2711,-2377
119900227,398,312,86
119900228,52,239,-187
119900229,214,379,-165
119900230,1175,348,827
119900231,572,106,466
119900232,302,161,141
119900233,111,23,88
119900234,18,212,-194
119900235,11,51,-40
119900236,26,187,-161
119900237,120,796,-676
119900238,3,115,-112
119900240,141,120,21
119900241,230,167,63
119900242,2010,1900,110
119900244,809,1106,-297
119900245,266,305,-39
119900246,285,751,-466
119900247,32,104,-72
119900248,62,626,-564
119900249,572,169,403
119900253,1389,505,884
119900254,100,1791,-1691
119900255,261,1821,-1560
119900256,1793,491,1302
119900257,204,8,196
119900258,442,23,419
119900259,6,35,-29
119900260,396,17,379
119900261,833,219,614
119900262,2,112,-110
119900263,2042,258,1784
119900264,264,76,188
119900265,1417,284,1133
119900266,802,261,541
119900267,299,420,-121
119900268,276,124,152
119900269,3338,542,2796
119900271,53,139,-86
119900272,279,553,-274
119900275,246,34,212
119900276,156,6,150
119900277,30,57,-27
119900278,394,133,261
119900279,128,357,-229
119900280,599,96,503
119900281,1,557,-556
119900282,45,233,-188
119900283,26,121,-95
119900284,110,153,-43
119900285,5,151,-146
119900286,2,30,-28
119900288,13,7,6
119900289,1,4,-3
119900290,10,4,6
119900291,1,98,-97
119900292,64,77,-13
119900293,35,105,-70
119900294,48,70,-22
119900295,20,8,12
119900296,171,58,113
119900297,2,29,-27
119900298,8,33,-25
119900299,116,100,16
119900300,369,268,101
119900301,78,198,-120
119900302,59,163,-104
119900303,516,216,300
119900304,336,8,328
119900305,10,78,-68
119900306,42,4,38
119900307,96,61,35
119900308,12,16,-4
119900309,105,402,-297
119900310,352,277,75
119900311,262,40,222
119900312,296,62,234
119900313,357,226,131
119900314,389,538,-149
119900315,3367,959,2408
119900318,35,115,-80
119900319,12,134,-122
119900320,427,373,54
119900321,213,8,205
120000001,11147,41739,-30592
120000002,3440,3061,379
120000003,3049,1794,1255
120000004,3374,1438,1936
120000005,2805,1860,945
120000006,1487,1088,399
120000007,3417,6183,-2766
120000008,1168,1311,-143
120000009,1795,1060,735
120000010,3060,2487,573
120000011,1331,1529,-198
120000012,2291,2595,-304
120000013,5159,3494,1665
120000014,1020,1758,-738
120000015,3842,1899,1943
120000016,6293,2724,3569
120000017,6947,5296,1651
120000018,4718,25469,-20751
120000019,1671,2441,-770
120000020,3757,5379,-1622
120000021,2700,3402,-702
120000022,3692,5271,-1579
120000023,2330,2230,100
120000024,1732,3228,-1496
120000025,4396,2346,2050
120000026,5217,2654,2563
120000027,3970,3210,760
120000028,1745,5965,-4220
120000029,1429,5668,-4239
120000030,272,1276,-1004
120000031,3173,8165,-4992
120000032,6013,3790,2223
120000033,5787,1957,3830
120000034,4663,1277,3386
120000035,5331,2554,2777
120000036,5836,7783,-1947
120000037,795,2740,-1945
120000038,8895,4534,4361
120000039,1365,1190,175
120000040,119,2280,-2161
120000041,716,1855,-1139
120000042,3162,1707,1455
120000043,7407,1244,6163
120000044,10030,1882,8148
120000045,12942,1083,11859
120000046,7991,5318,2673
120000047,577,15656,-15079
120000048,9523,5599,3924
120000049,5557,4001,1556
120000050,5427,6138,-711
120000051,3207,5801,-2594
120000052,9732,1552,8180
120000053,2116,1927,189
120000054,1921,3024,-1103
120000055,2212,4221,-2009
120000056,7658,4935,2723
120000057,6791,2428,4363
120000058,2243,3771,-1528
120000059,23,2314,-2291
120000061,140,737,-597
120000062,194,577,-383
120000063,1125,2374,-1249
120000064,558,749,-191
120000065,572,1253,-681
120000066,431,592,-161
120000067,33,417,-384
120000068,289,322,-33
120000069,1063,482,581
120000070,262,446,-184
120000071,1463,73,1390
120000072,1668,481,1187
120000073,1729,124,1605
120000074,157,276,-119
120000075,2065,765,1300
120000076,4052,477,3575
120000077,4334,965,3369
120000078,4057,1628,2429
120000079,440,223,217
120000080,173,331,-158
120000081,384,219,165
120000082,452,347,105
120000083,99,995,-896
120000084,412,540,-128
120000085,333,584,-251
120000086,248,331,-83
120000087,350,343,7
120000088,1125,1118,7
120000089,1757,470,1287
120000090,1517,534,983
120000091,2187,888,1299
120000092,1952,542,1410
120000093,1487,791,696
120000094,523,1262,-739
120000095,1336,409,927
120000096,557,422,135
120000098,1505,501,1004
120000099,636,556,80
120000100,1143,824,319
120000101,1083,686,397
120000102,1374,1515,-141
120000103,2327,1511,816
120000104,3742,654,3088
120000105,5170,669,4501
120000106,5176,753,4423
120000107,9320,711,8609
120000108,3202,195,3007
120000109,2168,99,2069
120000110,104,778,-674
120000111,140,680,-540
120000112,857,1626,-769
120000113,683,1226,-543
120000114,670,1575,-905
120000115,392,1480,-1088
120000116,750,1436,-686
120000117,583,1122,-539
120000118,43,53,-10
120000119,20,60,-40
120000120,263,272,-9
120000121,25,52,-27
120000122,253,1161,-908
120000123,2813,14650,-11837
120000124,714,601,113
120000125,1637,746,891
120000126,517,2415,-1898
120000127,1359,2806,-1447
120000128,2723,6875,-4152
120000129,243,268,-25
120000130,1303,570,733
120000131,707,792,-85
120000134,472,333,139
120000135,1789,823,966
120000137,477,342,135
120000138,3010,232,2778
120000139,492,256,236
120000140,2286,213,2073
120000141,470,653,-183
120000142,1517,525,992
120000143,0,86,-86
120000144,251,17,234
120000145,1113,6,1107
120000146,1234,2121,-887
120000149,823,733,90
120000150,2608,16706,-14098
120000151,744,460,284
120000152,1606,163,1443
120000153,1109,590,519
120000154,1062,954,108
120000155,289,549,-260
120000156,438,3320,-2882
120000157,1627,632,995
120000158,1858,782,1076
120000159,2198,2138,60
120000160,3200,2453,747
120000161,4856,3043,1813
120000162,206,434,-228
120000163,1427,711,716
120000164,1312,204,1108
120000165,1326,448,878
120000166,2484,340,2144
120000167,762,785,-23
120000168,35,2385,-2350
120000169,91,4797,-4706
120000170,40,4637,-4597
120000171,37,1579,-1542
120000172,10,894,-884
120000173,380,4481,-4101
120000174,41,105,-64
120000175,47,179,-132
120000176,60,108,-48
120000177,1067,170,897
120000178,19,42,-23
120000179,45,139,-94
120000180,122,192,-70
120000181,305,4712,-4407
120000182,179,2375,-2196
120000183,12,1627,-1615
120000184,343,3381,-3038
120000186,31,2799,-2768
120000187,31,1292,-1261
120000188,30,1758,-1728
120000190,108,195,-87
120000191,151,178,-27
120000192,151,57,94
120000193,70,8,62
120000195,13,2,11
120000196,44,12,32
120000197,16,32,-16
120000198,560,38,522
120000199,634,0,634
120000200,611,6,605
120000201,42,89,-47
120000202,3,72,-69
120000203,203,147,56
120000207,2,49,-47
120000208,39,68,-29
120000209,9,26,-17
120000210,224,118,106
120000211,455,8,447
120000212,444,2,442
120000213,388,121,267
120000214,0,114,-114
120000215,2,105,-103
120000216,403,43,360
120000217,394,1110,-716
120000218,50,521,-471
120000219,4,355,-351
120000220,0,905,-905
120000225,4451,4,4447
120000226,960,22,938
120000227,1661,250,1411
120000228,20559,6534,14025
120000230,954,30,924
120000231,3125,949,2176
120000233,997,9,988
120000235,514,384,130
120000236,2598,1,2597
120000237,1,789,-788
120000238,6,1523,-1517
120000241,1971,7040,-5069
120000412,313,8,305
120000413,764,151,613
120000414,414,1,413
120000415,3,23,-20
120000416,189,3,186
120000417,8,41,-33
120000418,424,45,379
120000419,15,79,-64
120000420,24,12,12
120000421,8904,5246,3658
120000422,249,3256,-3007
120000423,9,143,-134
120000424,343,88,255
120000436,125,1324,-1199
120000437,129,169,-40
120000438,2076,330,1746
120000439,505,1039,-534
120000443,161,1,160
120000444,2656,372,2284
120000445,3429,1461,1968
120000446,1846,216,1630
120000447,524,0,524
120000449,433,4,429
120000450,11,112,-101
120000451,245,201,44
120000452,805,3,802
120000453,0,62,-62
120000454,72,95,-23
120000455,141,53,88
120000456,5408,7360,-1952
120000457,611,446,165
120000458,575,460,115
120000459,279,113,166
120000665,371,549,-178
120000668,187,8451,-8264
120000669,286,181,105
120000670,104,4394,-4290
120000671,3738,1039,2699
120000672,120,505,-385
120900001,173,85,88
120900002,177,1117,-940
120900003,316,18,298
120900004,25,367,-342
120900005,179,376,-197
120900006,1459,442,1017
120900007,548,59,489
120900008,827,620,207
120900009,384,20,364
120900010,1121,323,798
120900011,67,346,-279
120900012,83,2154,-2071
120900013,752,199,553
120900014,2,460,-458
120900015,1481,149,1332
120900016,2883,164,2719
120900017,2505,135,2370
120900018,368,264,104
120900019,915,728,187
120900020,774,1713,-939
120900021,1211,356,855
120900022,30,270,-240
120900023,620,40,580
120900024,2609,622,1987
120900025,1359,1383,-24
120900026,208,221,-13
120900027,868,44,824
120900028,1001,312,689
120900029,58,1387,-1329
120900030,4093,1187,2906
120900031,696,224,472
120900032,2542,71,2471
120900033,2472,154,2318
120900034,40,5511,-5471
120900035,128,126,2
120900037,556,27,529
120900038,207,865,-658
120900039,199,109,90
120900040,759,13,746
120900041,33,24,9
120900042,1241,38,1203
120900043,188,76,112
120900044,16,650,-634
120900045,155,58,97
120900046,1488,11,1477
120900047,377,377,0
120900048,426,93,333
120900049,1191,6,1185
120900050,1290,3897,-2607
120900051,668,123,545
120900052,1691,17,1674
120900053,977,34,943
120900054,1100,340,760
120900055,1017,5,1012
120900056,1419,67,1352
120900057,550,48,502
120900058,1367,6,1361
120900059,312,9,303
120900060,153,30,123
120900061,307,180,127
120900062,671,6,665
120900063,1979,36,1943
120900064,1544,4,1540
120900065,1458,15,1443
120900066,1106,293,813
120900067,429,150,279
120900068,740,0,740
120900069,857,23,834
120900071,95,11,84
120900072,2044,28,2016
120900073,1747,52,1695
120900074,1494,33,1461
120900076,823,1,822
120900077,1733,391,1342
120900078,1708,313,1395
120900079,2241,100,2141
120900080,2075,484,1591
120900081,2577,443,2134
120900082,325,598,-273
120900083,137,4,133
120900084,908,963,-55
120900085,85,147,-62
120900086,77,952,-875
120900087,783,445,338
120900088,353,1317,-964
120900089,1987,6208,-4221
120900090,503,27,476
120900091,563,1347,-784
120900092,355,293,62
120900093,1202,150,1052
120900094,241,177,64
120900095,554,29,525
120900096,114,216,-102
120900097,847,589,258
120900098,121,177,-56
120900099,136,50,86
120900100,103,332,-229
120900101,187,139,48
120900102,118,101,17
120900103,141,293,-152
120900104,17,60,-43
120900105,69,288,-219
120900106,463,239,224
120900107,173,151,22
120900108,34,212,-178
120900109,62,363,-301
120900110,25,252,-227
120900111,199,284,-85
120900112,73,299,-226
120900113,34,351,-317
120900114,119,267,-148
120900115,218,344,-126
120900116,1061,216,845
120900117,15,142,-127
120900118,33,291,-258
120900119,19896,3454,16442
120900120,179,716,-537
120900121,56,307,-251
120900122,1667,206,1461
120900123,21,168,-147
120900124,7,184,-177
120900125,10,463,-453
120900126,642,619,23
120900127,31,176,-145
120900128,465,912,-447
120900129,20,158,-138
120900130,145,379,-234
120900131,241,339,-98
120900132,2133,200,1933
120900133,29,374,-345
120900134,208,232,-24
120900135,4,292,-288
120900136,165,459,-294
120900137,738,100,638
120900138,15,201,-186
120900139,3,240,-237
120900140,20,259,-239
120900141,546,218,328
120900142,8,88,-80
120900143,3,289,-286
120900144,0,43,-43
120900145,161,452,-291
120900146,1,281,-280
120900147,7,395,-388
120900148,256,129,127
120900149,0,88,-88
120900150,158,320,-162
120900151,1,163,-162
120900152,0,11,-11
120900153,0,0,0
120900154,1,104,-103
120900155,378,298,80
120900156,236,201,35
120900157,0,7,-7
120900158,156,182,-26
120900159,3,65,-62
120900160,62,452,-390
120900161,178,578,-400
120900162,82,1518,-1436
120900163,285,4976,-4691
120900164,0,140,-140
120900165,1,388,-387
120900166,64,1208,-1144
120900167,273,113,160
120900169,229,208,21
120900170,335,6998,-6663
120900171,446,203,243
120900172,240,6390,-6150
120900173,0,57,-57
120900174,18,112,-94
120900175,209,143,66
120900176,41,639,-598
120900177,3,2788,-2785
120900178,5,1194,-1189
120900179,285,416,-131
120900180,79,410,-331
120900181,83,60,23
120900182,53,109,-56
120900183,935,165,770
120900184,367,125,242
120900185,1196,1923,-727
120900186,1,157,-156
120900187,965,990,-25
120900188,418,23,395
120900189,121,5344,-5223
120900190,395,2,393
120900191,115,17,98
120900192,6100,22750,-16650
120900194,159,201,-42
120900195,152,216,-64
120900196,675,61,614
120900197,1184,280,904
120900198,195,448,-253
120900199,693,1405,-712
120900200,37,158,-121
120900201,297,146,151
120900202,0,77,-77
120900203,39,100,-61
120900204,80,222,-142
120900205,88,32,56
120900206,110,84,26
121000001,820,2586,-1766
121000002,3438,3033,405
121000003,5820,2644,3176
121000004,3373,4889,-1516
121000005,2388,3498,-1110
121000006,5058,4621,437
121000007,2873,8893,-6020
121000008,5620,9022,-3402
121000009,5147,11686,-6539
121000010,8693,10322,-1629
121000011,8279,14579,-6300
121000012,16464,9632,6832
121000013,8397,9389,-992
121000014,7716,6431,1285
121000015,6923,11695,-4772
121000016,5862,5923,-61
121000017,3562,2481,1081
121000018,4876,2637,2239
121000019,10462,10020,442
121000020,13235,21336,-8101
121000021,2699,2311,388
121000022,3837,4767,-930
121000023,3451,1588,1863
121000024,6328,6692,-364
121000025,542,1933,-1391
121000026,418,231,187
121000027,2402,1982,420
121000028,1331,1168,163
121000029,1332,806,526
121000030,1125,735,390
121000031,614,1063,-449
121000032,282,280,2
121000034,533,577,-44
121000035,281,287,-6
121000036,1231,1806,-575
121000037,770,2260,-1490
121000038,471,1282,-811
121000039,362,483,-121
121000041,651,736,-85
121000042,357,616,-259
121000043,735,1015,-280
121000044,1744,1777,-33
121000045,720,323,397
121000046,1317,1256,61
121000047,85,137,-52
121000049,1345,982,363
121000050,353,2968,-2615
121000051,1016,558,458
121000052,732,1807,-1075
121000053,420,210,210
121000054,89,771,-682
121000055,1075,4600,-3525
121000056,1397,2001,-604
121000057,287,902,-615
121000058,310,288,22
121000059,5025,2030,2995
121000060,792,1824,-1032
121000061,112,720,-608
121000062,271,1051,-780
121000063,1157,1604,-447
121000064,843,1062,-219
121000065,234,1399,-1165
121000066,353,1097,-744
121000067,505,1222,-717
121000068,710,772,-62
121000069,232,2041,-1809
121000070,1892,1956,-64
121000071,2207,2801,-594
121000072,1132,1580,-448
121000073,1415,2158,-743
121000074,113,372,-259
121000075,22,289,-267
121000076,489,484,5
121000077,232,271,-39
121000078,104,311,-207
121000080,2965,945,2020
121000081,5670,5754,-84
121000082,144,592,-448
121000083,143,246,-103
121000084,246,359,-113
121000085,520,731,-211
121000086,1525,815,710
121000087,143,379,-236
121000088,1020,739,281
121000089,323,1102,-779
121000090,269,595,-326
121000091,1609,1294,315
121000092,468,110,358
121000093,460,324,136
121000094,544,1317,-773
121000095,193,1723,-1530
121000096,7569,3885,3684
121000097,577,4282,-3705
121000098,909,551,358
121000099,1048,709,339
121000100,1378,150,1228
121000101,625,256,369
121000102,580,121,459
121000103,356,157,199
121000104,404,63,341
121000105,608,115,493
121000106,512,232,280
121000107,2503,3487,-984
121000109,1554,1184,370
121000110,259,966,-707
121000114,6593,3562,3031
121000115,5897,1157,4740
121000116,565,1875,-1310
121000117,413,415,-2
121000118,2425,367,2058
121000119,384,384,0
121000120,742,380,362
121000121,740,2280,-1540
121000123,1322,678,644
121000126,101,661,-560
121000127,239,160,79
121000128,1531,237,1294
121000129,1518,424,1094
121000130,961,696,265
121000131,1565,1398,167
121000132,897,1728,-831
121000135,487,916,-429
121000136,1128,2110,-982
121000137,1179,534,645
121000138,803,2712,-1909
121000139,386,847,-461
121000141,414,479,-65
121000142,846,982,-136
121000143,211,30,181
121000144,522,1321,-799
121000145,976,1271,-295
121000146,1598,2195,-597
121000147,1585,980,605
121000148,1299,1182,117
121000149,3158,4125,-967
121000152,415,416,-1
121000153,2232,722,1510
121000154,2261,868,1393
121000155,3838,1790,2048
121000156,490,1723,-1233
121000157,1052,2023,-971
121000158,362,408,-46
121000159,345,541,-196
121000160,504,549,-45
121000161,411,492,-81
121000162,300,158,142
121000165,1954,3112,-1158
121000166,47,613,-566
121000168,722,370,352
121000169,141,178,-37
121000170,435,120,315
121000171,79,292,-213
121000172,1473,1411,62
121000173,2620,2271,349
121000174,1058,1011,47
121000175,2642,872,1770
121000176,649,421,228
121000177,1063,829,234
121000178,117,141,-24
121000179,33,124,-91
121000181,538,550,-12
121000182,325,653,-328
121000183,142,357,-215
121000184,72,496,-424
121000185,49,649,-600
121000186,408,1176,-768
121000187,407,132,275
121000188,456,142,314
121000192,1228,639,589
121000193,1166,536,630
121000194,2459,2947,-488
121000195,318,1985,-1667
121000196,955,593,362
121000197,193,2916,-2723
121000198,225,479,-254
121000199,217,587,-370
121000200,952,387,565
121000201,9,298,-289
121000202,876,383,493
121000203,1043,2643,-1600
121000204,4989,1251,3738
121000205,143,404,-261
121000206,161,139,22
121000207,3370,855,2515
121000208,5,244,-239
121000209,1066,112,954
121000210,1305,325,980
121000211,751,238,513
121000212,711,528,183
121000213,24545,4933,19612
121000214,1391,3315,-1924
121000215,1119,3402,-2283
121000216,780,960,-180
121000217,5444,5329,115
121000218,550,3412,-2862
121000219,2265,1222,1043
121000220,184,145,39
121000221,245,827,-582
121000222,4694,4432,262
121000223,233,1535,-1302
121000224,114,1008,-894
121000225,766,5087,-4321
121000226,1295,2403,-1108
121000227,28,242,-214
121000228,42,1061,-1019
121000229,757,878,-121
121000230,68,3349,-3281
121000231,2196,32,2164
121000232,761,449,312
121000233,780,463,317
121000234,64,154,-90
121000235,85,74,11
121000236,10,141,-131
121000237,33,32,1
121000238,12,139,-127
121000239,144,8,136
121000240,18,225,-207
121000241,141,26,115
121000242,100,911,-811
121000243,265,111,154
121000244,10,111,-101
121000245,38,32,6
121000246,5,174,-169
121000247,215,19,196
121000248,684,2076,-1392
121000249,61,411,-350
121000250,917,593,324
121000251,43,289,-246
121000252,221,207,14
121000253,481,417,64
121000254,1143,243,900
121000255,219,358,-139
121000256,521,389,132
121000257,39,192,-153
121000258,102,305,-203
121000259,52,146,-94
121000260,76,154,-78
121000261,120,191,-71
121000262,2634,622,2012
121000263,683,641,42
121000271,1857,2946,-1089
121000273,55,8,47
121000274,29,143,-114
121000275,9,14,-5
121000276,33,51,-18
121000278,71,55,16
121000279,51,58,-7
121000280,59,45,14
121000289,764,27,737
121000290,2381,2190,191
121000294,444,45,399
121000297,487,1537,-1050
121000299,162,1977,-1815
121000300,2904,1278,1626
121000302,23,1193,-1170
121000303,805,307,498
121000304,707,112,595
121000305,360,151,209
121000306,299,430,-131
121000308,180,451,-271
121000309,379,737,-358
121000310,201,458,-257
121000311,82,446,-364
121000312,753,711,42
121000313,582,445,137
121000314,36,77,-41
121000315,29,75,-46
121000530,2847,2865,-18
121000531,2804,2360,444
121000532,8389,10182,-1793
121000533,4837,5302,-465
121000918,50,68,-18
121000919,33,105,-72
121000938,174,390,-216
121000939,37,308,-271
121000956,2587,1788,799
121000957,7,61,-54
121000958,14,219,-205
121000959,1957,381,1576
121000960,2302,1460,842
121000961,474,93,381
121000962,1277,574,703
121000973,1,338,-337
121000976,13,179,-166
121000979,694,197,497
121000981,507,126,381
121000982,464,217,247
121000983,730,273,457
121000984,10,67,-57
121000985,1424,371,1053
121000986,876,99,777
121000987,442,689,-247
121000988,1803,185,1618
121001302,337,281,56
121001308,2,93,-91
121001309,36,378,-342
121001313,335,58,277
121001314,1687,2461,-774
121001315,8057,5249,2808
121900001,229,482,-253
121900002,33,53,-20
121900003,568,42,526
121900004,52,810,-758
121900005,46,21,25
121900006,196,31,165
121900007,2901,2895,6
121900008,84,514,-430
121900009,2066,37,2029
121900010,356,4,352
121900011,484,263,221
121900012,26,2,24
121900013,299,88,211
121900014,3393,459,2934
121900015,172,212,-40
121900016,11,71,-60
121900017,839,1639,-800
121900018,794,11,783
121900019,876,319,557
121900020,89,2,87
121900021,1622,26,1596
121900022,356,336,20
121900023,250,565,-315
121900024,737,60,677
121900025,937,722,215
121900026,442,110,332
121900027,615,452,163
121900028,331,9,322
121900029,155,345,-190
121900030,520,757,-237
121900031,1665,9587,-7922
121900032,200,107,93
121900033,213,425,-212
121900034,408,237,171
121900035,7078,5186,1892
121900036,168,598,-430
121900037,178,1645,-1467
121900038,97,156,-59
121900039,360,65,295
121900040,89,136,-47
121900041,82,496,-414
121900042,634,349,285
121900043,3,9,-6
121900044,83,54,29
121900046,237,490,-253
121900047,255,113,142
121900048,166,106,60
121900050,34,173,-139
121900051,222,437,-215
121900052,267,37,230
121900053,674,517,157
121900054,353,2005,-1652
121900055,29,12,17
121900058,631,751,-120
121900059,504,289,215
121900060,121,879,-758
121900061,346,243,103
121900062,146,168,-22
121900063,2376,806,1570
121900064,535,884,-349
121900066,117,18,99
121900067,120,25,95
121900069,232,231,1
121900070,168,354,-186
121900071,1136,416,720
121900072,46,219,-173
121900073,232,487,-255
121900074,493,967,-474
121900075,441,1379,-938
121900076,764,1028,-264
121900077,59,6,53
121900078,235,38,197
121900079,0,1,-1
121900080,1378,400,978
121900082,86,183,-97
121900084,37,26,11
121900085,5,15,-10
121900086,36,69,-33
121900087,119,213,-94
121900088,1475,3770,-2295
121900089,450,206,244
121900090,44,29,15
121900091,151,35,116
121900092,236,140,96
121900093,161,89,72
121900094,22,20,2
121900095,489,180,309
121900096,1756,940,816
121900097,1229,253,976
121900098,11,6,5
121900099,425,34,391
121900100,104,378,-274
121900101,158,224,-66
121900102,0,105,-105
121900103,739,488,251
121900104,2994,706,2288
121900105,381,258,123
121900106,8,7,1
121900107,176,31,145
121900108,1,33,-32
121900109,321,250,71
121900110,1169,519,650
121900111,732,441,291
121900112,201,420,-219
121900113,135,648,-513
121900114,197,145,52
121900115,400,492,-92
121900117,197,287,-90
121900118,3659,1066,2593
121900119,194,61,133
121900120,95,1215,-1120
121900121,541,24,517
121900122,97,68,29
121900123,366,577,-211
121900124,425,227,198
121900125,3633,1939,1694
121900127,10,172,-162
121900128,116,102,14
121900129,194,245,-51
121900130,128,442,-314
121900131,416,144,272
121900132,106,113,-7
121900133,23,771,-748
121900134,19,719,-700
121900135,7159,747,6412
121900136,564,578,-14
121900137,42,460,-418
121900138,114,389,-275
121900139,486,5944,-5458
121900140,58,151,-93
121900141,105,88,17
121900142,176,71,105
121900143,30,243,-213
121900144,144,1293,-1149
121900145,316,452,-136
121900146,629,1129,-500
121900147,96,489,-393
121900148,379,563,-184
121900149,433,596,-163
121900150,103,279,-176
121900151,113,523,-410
121900152,254,120,134
121900153,33,359,-326
121900154,13,579,-566
121900155,4,323,-319
121900156,157,206,-49
121900157,6,592,-586
121900158,98,245,-147
121900159,0,298,-298
121900160,42,507,-465
121900161,334,1027,-693
121900162,115,232,-117
121900163,775,210,565
121900164,347,522,-175
121900165,251,303,-52
121900166,184,319,-135
121900167,97,137,-40
121900168,186,150,36
121900169,14,448,-434
121900170,12,255,-243
121900171,1354,1177,177
121900172,888,539,349
121900173,1089,452,637
121900174,81,64,17
121900175,131,683,-552
121900176,741,2838,-2097
121900177,213,131,82
121900178,69,67,2
121900179,557,491,66
121900180,2011,8914,-6903
121900182,993,1169,-176
121900183,584,2773,-2189
121900184,51,2336,-2285
121900186,10,880,-870
121900187,21,236,-215
121900188,1437,314,1123
121900189,134,91,43
121900190,438,615,-177
121900191,90,518,-428
121900192,340,3569,-3229
121900193,71,338,-267
121900194,19,617,-598
121900195,24,108,-84
121900196,1060,1447,-387
121900197,476,1592,-1116
121900198,5281,3361,1920
121900199,7,92,-85
121900200,48,184,-136
121900201,1086,969,117
121900202,202,1290,-1088
121900203,99,2511,-2412
121900204,1893,1980,-87
121900205,15,198,-183
121900206,19,226,-207
121900207,62,108,-46
121900208,166,776,-610
121900209,118,85,33
121900210,3140,2177,963
121900211,25,146,-121
121900212,32,195,-163
121900213,477,47,430
121900214,7,811,-804
121900215,50,292,-242
121900216,52,573,-521
121900217,371,401,-30
121900218,240,1095,-855
121900220,174,36,138
121900221,498,732,-234
121900222,399,143,256
121900223,288,185,103
121900224,155,141,14
121900225,172,318,-146
121900226,301,37,264
121900227,481,2178,-1697
121900228,178,197,-19
121900229,451,872,-421
121900230,73,620,-547
121900231,112,2092,-1980
121900232,209,715,-506
121900233,573,293,280
121900234,584,372,212
121900235,977,284,693
121900236,414,257,157
121900237,274,780,-506
121900238,209,437,-228
121900239,263,55,208
121900240,260,271,-11
121900241,121,50,71
121900242,19,1,18
121900243,36,0,36
121900244,40,5,35
121900245,486,101,385
121900246,10496,664,9832
121900247,509,305,204
121900248,2238,1115,1123
121900250,212,707,-495
121900251,860,48,812
121900252,695,312,383
121900253,47,1623,-1576
121900254,529,774,-245
121900255,812,205,607
121900258,7016,2445,4571
121900259,161,886,-725
121900260,289,232,57
121900261,204,1246,-1042
121900262,1203,1996,-793
121900263,420,273,147
121900264,1099,1336,-237
121900265,581,170,411
121900266,905,126,779
121900267,102,56,46
121900269,297,1244,-947
121900270,70,304,-234
121900271,38,247,-209
121900273,684,2821,-2137
121900274,512,453,59
121900276,54,19,35
121900277,425,2615,-2190
121900278,168,2423,-2255
121900279,234,309,-75
121900280,147,941,-794
121900281,154,725,-571
121900284,58,3,55
121900286,252,130,122
121900287,29,48,-19
121900290,315,2263,-1948
121900291,561,1729,-1168
121900292,270,221,49
121900293,919,7131,-6212
121900294,547,13,534
121900295,276,185,91
121900296,112,483,-371
121900298,159,1688,-1529
121900299,5,10,-5
121900300,98,9,89
121900301,66,2,64
121900302,15,115,-100
121900303,329,1263,-934
121900304,2,18,-16
121900305,8,21,-13
121900306,400,1,399
121900307,222,8,214
121900308,12,112,-100
121900309,9,103,-94
121900310,13,167,-154
121900311,902,47,855
121900312,1046,18,1028
121900313,805,24,781
121900314,4,27,-23
121900315,85,0,85
121900316,0,2,-2
121900317,82,22,60
121900318,1,7,-6
121900319,106,637,-531
121900320,45,47,-2
121900321,93,4,89
121900322,2,8,-6
121900323,34,51,-17
121900324,3,35,-32
121900325,38,52,-14
121900326,11,3,8
121900327,4,35,-31
121900328,1,33,-32
121900329,2,44,-42
121900330,4,149,-145
121900331,35,94,-59
121900332,82,44,38
121900333,17,5,12
122000001,1951,7740,-5789
122000002,3226,1744,1482
122000003,1417,3726,-2309
122000004,1900,1958,-58
122000005,8900,3728,5172
122000006,992,2562,-1570
122000007,919,3116,-2197
122000008,1500,5354,-3854
122000009,863,772,91
122000010,4283,4781,-498
122000011,10308,4001,6307
122000012,1094,7475,-6381
122000013,825,3470,-2645
122000014,9060,2770,6290
122000015,1488,1540,-52
122000016,729,985,-256
122000017,2000,2331,-331
122000018,3891,3341,550
122000019,1387,3601,-2214
122000020,260,669,-409
122000021,227,554,-327
122000022,2124,2816,-692
122000023,1823,3443,-1620
122000024,706,5065,-4359
122000025,684,6650,-5966
122000026,331,2214,-1883
122000027,828,1380,-552
122000028,2959,1215,1744
122000029,453,1461,-1008
122000030,221,337,-116
122000031,172,582,-410
122000032,11778,5140,6638
122000033,498,8105,-7607
122000034,452,1625,-1173
122000035,240,971,-731
122000036,663,767,-104
122000037,1761,551,1210
122000038,317,938,-621
122000039,785,1572,-787
122000040,270,524,-254
122000041,1303,1187,116
122000042,586,1434,-848
122000043,123,359,-236
122000044,113,196,-83
122000045,3421,1624,1797
122000046,1508,2521,-1013
122000047,133,359,-226
122000048,3010,5440,-2430
122000049,11283,5063,6220
122000050,1070,1721,-651
122000051,246,709,-463
122000052,459,752,-293
122000053,404,1469,-1065
122000054,2330,3275,-945
122000055,2066,5668,-3602
122000056,3643,4199,-556
122000057,6108,6597,-489
122000058,901,3660,-2759
122000059,906,6585,-5679
122000060,357,2073,-1716
122000061,222,1490,-1268
122000062,820,345,475
122000063,482,2645,-2163
122000064,4480,10795,-6315
122000065,3315,4507,-1192
122000066,1049,2663,-1614
122000067,1627,2552,-925
122000068,4179,1854,2325
122000069,2177,1562,615
122000070,1621,2270,-649
122000071,6508,1871,4637
122000072,2694,1709,985
122000073,317,3639,-3322
122000074,3942,2277,1665
122000075,1739,1596,143
122000076,14885,3717,11168
122000077,748,3861,-3113
122000078,695,7002,-6307
122000079,296,5090,-4794
122000080,488,1141,-653
122000081,95,313,-218
122000082,332,2137,-1805
122000083,10150,1512,8638
122000084,7871,2594,5277
122000085,536,1069,-533
122000086,4003,12094,-8091
122000087,343,881,-538
122000088,174,598,-424
122000089,7115,4152,2963
122000090,411,2076,-1665
122000091,164,678,-514
122000092,65,160,-95
122000093,2569,7504,-4935
122000094,9119,5272,3847
122000095,907,8053,-7146
122000096,497,4227,-3730
122000098,6185,6400,-215
122000099,764,3041,-2277
122000100,996,1635,-639
122000101,544,795,-251
122000102,4045,1502,2543
122000103,1849,2282,-433
122000104,2896,316,2580
122000105,449,1083,-634
122000106,638,3494,-2856
122000107,1925,896,1029
122000108,961,1276,-315
122000109,776,487,289
122000110,1357,1209,148
122000111,6037,2501,3536
122000112,2847,2706,141
122000113,1301,1343,-42
122000114,1999,5413,-3414
122000115,2415,1921,494
122000116,498,823,-325
122000117,1523,533,990
122000118,994,734,260
122000119,3062,2258,804
122000120,1094,3918,-2824
122000121,727,2230,-1503
122000122,426,906,-480
122000123,1347,1898,-551
122000124,890,572,318
122000125,488,724,-236
122000126,367,672,-305
122000127,473,656,-183
122000128,337,504,-167
122000129,582,2771,-2189
122000130,3544,1615,1929
122000131,1229,1319,-90
122000132,248,482,-234
122000133,1105,1390,-285
122000134,1344,949,395
122000135,652,295,357
122000136,1188,655,533
122000137,3640,1369,2271
122000139,952,5861,-4909
122000140,307,2375,-2068
122000141,5969,3661,2308
122000142,139,3221,-3082
122000143,471,655,-184
122000144,2322,1623,699
122000145,1206,1791,-585
122000146,486,5028,-4542
122000147,821,1080,-259
122000148,424,2431,-2007
122000149,2186,1416,770
122000150,2174,1409,765
122000151,119,425,-306
122000152,381,426,-45
122000153,509,524,-15
122000154,220,263,-43
122000155,2086,4033,-1947
122000156,12864,6684,6180
122000157,738,12810,-12072
122000158,347,1405,-1058
122000159,823,1452,-629
122000160,2964,2210,754
122000161,1350,1371,-21
122000162,1609,2079,-470
122000163,441,196,245
122000164,76,391,-315
122000165,1959,2274,-315
122000166,892,3786,-2894
122000167,341,869,-528
122000168,250,1732,-1482
122000169,698,466,232
122000170,406,512,-106
122000171,43,166,-123
122000172,2821,2254,567
122000173,2213,4516,-2303
122000174,2059,2436,-377
122000175,986,572,414
122000176,370,1876,-1506
122000177,1224,2282,-1058
122000178,8520,5145,3375
122000179,4462,6274,-1812
122000180,971,1611,-640
122000181,978,2835,-1857
122000182,2436,1906,530
122000183,4374,1485,2889
122000184,4568,5471,-903
122000185,1389,6057,-4668
122000186,859,3485,-2626
122000187,2692,1933,759
122000188,625,489,136
122000189,314,495,-181
122000190,948,3404,-2456
122000191,995,1416,-421
122000192,1926,645,1281
122000193,645,1076,-431
122000194,743,367,376
122000195,129,1204,-1075
122000196,1599,438,1161
122000197,691,888,-197
122000198,577,3879,-3302
122000199,400,608,-208
122000200,1313,1228,85
122000201,1468,4287,-2819
122000202,1146,3981,-2835
122000203,2421,1675,746
122000204,1295,1636,-341
122000205,825,1286,-461
122000206,6296,1576,4720
122000207,2830,2491,339
122000208,3244,3066,178
122000209,3131,967,2164
122000210,2601,3200,-599
122000211,1493,2602,-1109
122000212,1058,795,263
122000213,1286,2133,-847
122000214,2576,2463,113
122000215,3389,3094,295
122000217,1980,3768,-1788
122000218,1048,106,942
122000219,1521,1190,331
122000220,351,970,-619
122000221,149,421,-272
122000222,786,250,536
122000223,1112,895,217
122000225,967,621,346
122000226,1824,2003,-179
122000227,297,2227,-1930
122000228,335,279,56
122000229,21,475,-454
122000230,38,414,-376
122000231,360,1092,-732
122000232,685,793,-108
122000233,1,94,-93
122000234,806,61,745
122000235,764,87,677
122000236,2386,45,2341
122000237,136,125,11
122000238,500,582,-82
122000239,1113,246,867
122000240,1995,874,1121
122000241,2527,658,1869
122000242,992,290,702
122000243,21,35,-14
122000244,6,394,-388
122000245,8,32,-24
122000246,22,222,-200
122000247,856,183,673
122000248,915,1035,-120
122000249,1628,1486,142
122000250,2620,1386,1234
122000251,213,471,-258
122000252,325,114,211
122000253,137,299,-162
122000254,533,69,464
122000255,717,771,-54
122000256,293,649,-356
122000257,308,129,179
122000258,438,414,24
122000259,28,347,-319
122000260,3,40,-37
122000261,20,574,-554
122000262,3,50,-47
122000263,278,789,-511
122000264,2274,543,1731
122000265,4157,1603,2554
122000266,5414,1114,4300
122000267,146,219,-73
122000268,189,419,-230
122000269,1445,488,957
122000270,598,334,264
122000271,276,2735,-2459
122000272,606,1795,-1189
122000273,581,547,34
122000274,417,251,166
122000275,111,163,-52
122000276,1408,593,815
122000277,1551,2006,-455
122000278,2728,378,2350
122000279,432,263,169
122000280,888,628,260
122000281,936,808,128
122000282,180,528,-348
122000283,188,241,-53
122000284,195,82,113
122000285,278,92,186
122000286,53,247,-194
122000287,2364,1614,750
122000288,724,329,395
122000291,4420,1227,3193
122000293,162,132,30
122000294,236,468,-232
122000295,1888,236,1652
122000296,37,916,-879
122000297,2682,5601,-2919
122000299,794,733,61
122000300,478,538,-60
122000301,8434,5128,3306
122000302,707,4228,-3521
122000303,2493,1308,1185
122000304,70,261,-191
122000305,2064,424,1640
122000306,136,380,-244
122000307,235,162,73
122000309,83,34,49
122000310,44,151,-107
122000311,78,182,-104
122000312,104,364,-260
122000313,39,181,-142
122000314,122,543,-421
122000315,368,93,275
122000316,1978,498,1480
122000317,3467,437,3030
122000318,411,2081,-1670
122000319,133,637,-504
122000320,370,1451,-1081
122000321,124,157,-33
122000322,2023,3156,-1133
122000323,831,5631,-4800
122000324,2359,3980,-1621
122000325,1016,7967,-6951
122000326,208,84,124
122000327,477,1213,-736
122000328,687,436,251
122000330,3838,3013,825
122000332,259,407,-148
122000333,11,57,-46
122000337,1597,486,1111
122000338,702,425,277
122000340,165,4514,-4349
122000342,1947,936,1011
122000343,620,355,265
122000344,133,17,116
122000345,72,16,56
122000346,339,174,165
122000348,1175,1197,-22
122000349,81,908,-827
122000351,292,328,-36
122000352,316,265,51
122000353,286,68,218
122000355,153,359,-206
122000356,608,3133,-2525
122000357,88,28,60
122000358,0,13,-13
122000359,1,14,-13
122000360,2,14,-12
122000362,7,46,-39
122000364,397,265,132
122000365,4,77,-73
122000366,38,6,32
122000368,732,938,-206
122000370,37,33,4
122000371,48,0,48
122000372,24,2,22
122000381,280,557,-277
122000382,102,234,-132
122000384,1846,1843,3
122000385,154,1,153
122000386,291,3312,-3021
122000387,637,1682,-1045
122000388,1734,1784,-50
122000389,264,2384,-2120
122000390,433,671,-238
122000391,169,2542,-2373
122000392,272,161,111
122000393,52,121,-69
122000394,972,229,743
122000395,206,111,95
122000396,503,96,407
122000397,29,52,-23
122000398,14,110,-96
122000399,164,60,104
122000400,59,1804,-1745
122000401,201,73,128
122000402,760,227,533
122000403,716,394,322
122000404,385,217,168
122000408,759,1105,-346
122000503,6,106,-100
122000524,94,643,-549
122000544,139,3460,-3321
122000616,441,6,435
122000640,116,41,75
122000641,335,191,144
122000642,1869,617,1252
122000643,49,307,-258
122000644,126,68,58
122000645,54,253,-199
122000651,518,4208,-3690
122000664,196,107,89
122000665,1753,659,1094
122000666,831,1550,-719
122000673,87,249,-162
122000674,433,141,292
122000675,3202,678,2524
122000686,600,2239,-1639
122000687,2384,433,1951
122000688,455,435,20
122000689,1779,223,1556
122000690,4832,254,4578
122000691,1408,574,834
122000692,2870,296,2574
122000693,493,1032,-539
122000695,712,357,355
122000696,1177,162,1015
122000698,538,224,314
122000699,297,87,210
122000701,2836,418,2418
122000702,511,1418,-907
122000703,322,71,251
122000717,81,147,-66
122000718,353,2080,-1727
122000719,125,117,8
122000720,1155,110,1045
122000724,36,15,21
122900001,52,18,34
122900002,981,11390,-10409
122900003,681,33,648
122900004,2894,209,2685
122900005,106,153,-47
122900006,366,1166,-800
122900007,175,194,-19
122900008,231,289,-58
122900009,1556,653,903
122900010,422,188,234
122900012,271,480,-209
122900014,120,164,-44
122900015,881,1580,-699
122900016,262,205,57
122900017,297,1612,-1315
122900018,247,15,232
122900019,13,139,-126
122900020,205,564,-359
122900021,75,421,-346
122900022,1996,1155,841
122900023,1198,218,980
122900024,134,158,-24
122900025,3,464,-461
122900026,22,164,-142
122900027,58,511,-453
122900028,102,113,-11
122900029,8696,3510,5186
122900030,3159,777,2382
122900031,38,505,-467
122900032,792,569,223
122900033,291,260,31
122900034,4874,6249,-1375
122900035,45,25,20
122900036,95,79,16
122900037,641,259,382
122900038,108,5217,-5109
122900039,95,762,-667
122900040,259,1592,-1333
122900041,250,501,-251
122900042,233,411,-178
122900043,522,330,192
122900044,168,457,-289
122900045,248,362,-114
122900046,177,352,-175
122900047,144,255,-111
122900048,38,355,-317
122900049,3666,220,3446
122900051,35,719,-684
122900052,149,124,25
122900053,20,36,-16
122900055,349,50,299
122900057,446,72,374
122900061,679,101,578
122900062,850,998,-148
122900063,382,154,228
122900064,1021,541,480
122900065,869,352,517
122900066,920,518,402
122900067,869,419,450
122900068,136,357,-221
122900069,606,2241,-1635
122900070,559,89,470
122900071,101,276,-175
122900072,13,353,-340
122900073,16,106,-90
122900074,1746,166,1580
122900075,3,99,-96
122900076,1,289,-288
122900077,1,43,-42
122900078,437,18,419
122900080,35,118,-83
122900081,268,251,17
122900082,1703,163,1540
122900083,112,152,-40
122900084,12,103,-91
122900086,12,313,-301
122900087,635,385,250
122900088,37,1095,-1058
122900089,39,194,-155
122900090,8,330,-322
122900091,607,4,603
122900092,0,125,-125
122900093,0,116,-116
122900094,1,136,-135
122900095,293,22,271
122900096,780,91,689
122900097,46,64,-18
122900098,31,262,-231
122900099,229,62,167
122900100,91,1189,-1098
122900101,506,448,58
122900102,83,43,40
122900103,333,4,329
122900104,415,12,403
122900105,27,51,-24
122900106,10,41,-31
122900107,9,75,-66
122900108,1,78,-77
123000001,1069,2279,-1210
123000002,3949,10692,-6743
123000003,7341,6751,590
123000004,3624,5460,-1836
123000005,5158,4142,1016
123000006,3328,2748,580
123000007,5596,3614,1982
123000008,3581,3502,79
123000009,5217,4233,984
123000010,3969,5395,-1426
123000011,2140,2097,43
123000012,1070,5482,-4412
123000013,6723,1896,4827
123000014,1041,5222,-4181
123000015,3053,1522,1531
123000016,3665,5287,-1622
123000017,5053,2485,2568
123000018,189,133,56
123000019,985,123,862
123000020,690,45,645
123000021,353,401,-48
123000022,514,2859,-2345
123000023,3011,3502,-491
123000024,2414,1243,1171
123000025,58,117,-59
123000026,23,299,-276
123000027,79,1347,-1268
123000028,827,1406,-579
123000029,431,1902,-1471
123000030,539,136,403
123000031,538,253,285
123000032,1016,102,914
123000033,508,180,328
123000034,1474,1005,469
123000035,789,796,-7
123000036,412,1854,-1442
123000037,307,251,56
123000038,153,560,-407
123000039,731,2101,-1370
123000040,489,240,249
123000041,975,2198,-1223
123000042,505,1575,-1070
123000043,2543,21829,-19286
123000044,3399,3728,-329
123000045,5082,2831,2251
123000046,297,1716,-1419
123000047,1057,2094,-1037
123000048,190,2203,-2013
123000049,7290,14873,-7583
123000050,3440,2474,966
123000051,94,329,-235
123000052,1207,5224,-4017
123000053,3596,4448,-852
123000054,3234,2843,391
123000055,2973,8045,-5072
123000056,1594,994,600
123000057,4756,8046,-3290
123000058,912,2034,-1122
123000059,305,656,-351
123000060,1773,577,1196
123000061,455,731,-276
123000063,1910,1608,302
123000064,2163,324,1839
123000065,5056,4094,962
123000066,509,989,-480
123000067,1692,536,1156
123000068,2196,2664,-468
123000069,4891,1822,3069
123000070,319,650,-331
123000071,3653,1261,2392
123000072,2037,665,1372
123000073,3849,1560,2289
123000074,1600,1230,370
123000075,625,3171,-2546
123000076,1134,556,578
123000077,3227,1939,1288
123000078,4791,1775,3016
123000079,4363,2348,2015
123000080,4297,1314,2983
123000081,301,397,-96
123000082,451,1346,-895
123000083,1921,443,1478
123000084,1246,400,846
123000085,843,87,756
123000086,1350,82,1268
123000087,836,599,237
123000088,1942,913,1029
123000089,1582,1314,268
123000090,2503,1183,1320
123000091,2774,1842,932
123000092,1259,2057,-798
123000094,1437,220,1217
123000095,1486,1031,455
123000096,2046,515,1531
123000097,1257,391,866
123000098,1373,591,782
123000099,1033,452,581
123000100,554,1118,-564
123000101,647,653,-6
123000102,639,1342,-703
123000104,712,817,-105
123000105,456,637,-181
123000106,726,715,11
123000107,474,458,16
123000108,635,1306,-671
123000111,1702,609,1093
123000112,2432,742,1690
123000113,946,753,193
123000114,636,985,-349
123000115,551,454,97
123000116,73,79,-6
123000117,2976,1663,1313
123000118,866,664,202
123000119,396,501,-105
123000120,442,695,-253
123000121,887,1088,-201
123000122,492,485,7
123000123,781,901,-120
123000124,595,502,93
123000125,2293,1965,328
123000126,1732,7536,-5804
123000127,659,907,-248
123000128,377,409,-32
123000129,1468,399,1069
123000130,1264,135,1129
123000131,2509,1437,1072
123000132,421,757,-336
123000133,150,303,-153
123000134,378,139,239
123000135,4707,1374,3333
123000136,292,539,-247
123000137,193,321,-128
123000138,174,333,-159
123000139,1079,195,884
123000140,92,538,-446
123000141,980,156,824
123000142,1383,1073,310
123000143,1090,1913,-823
123000144,26,45,-19
123000145,272,441,-169
123000146,14,238,-224
123000147,136,203,-67
123000149,524,537,-13
123000150,123,410,-287
123000151,209,933,-724
123000152,113,351,-238
123000153,162,1103,-941
123000154,1361,2767,-1406
123000155,2040,1723,317
123000156,66,161,-95
123000157,886,1023,-137
123000158,672,1068,-396
123000159,4442,5735,-1293
123000160,1660,1653,7
123000161,2511,1642,869
123000162,2290,2530,-240
123000163,1381,339,1042
123000164,3532,322,3210
123000165,519,1152,-633
123000166,44,157,-113
123000167,169,210,-41
123000168,530,147,383
123000169,1644,128,1516
123000170,146,40,106
123000171,1950,3,1947
123000172,227,561,-334
123000173,954,523,431
123000174,1318,707,611
123000175,531,1159,-628
123000176,1620,424,1196
123000177,375,1227,-852
123000178,1506,253,1253
123000179,79,367,-288
123000180,2428,478,1950
123000181,326,999,-673
123000182,411,290,121
123000183,207,759,-552
123000184,144,612,-468
123000185,1489,574,915
123000186,13,364,-351
123000187,963,17,946
123000188,319,3,316
123000189,478,177,301
123000190,101,140,-39
123000192,16,384,-368
123000193,65,796,-731
123000194,252,280,-28
123000195,583,64,519
123000196,692,36,656
123000197,154,114,40
123000198,66,1311,-1245
123000199,46,731,-685
123000200,1137,18,1119
123000201,2070,25,2045
123000202,46,591,-545
123000203,1636,82,1554
123000204,119,647,-528
123000205,269,925,-656
123000206,4505,378,4127
123000207,106,521,-415
123000208,1078,336,742
123000209,3305,990,2315
123000210,303,1356,-1053
123000211,527,1936,-1409
123000212,6412,653,5759
123000213,934,111,823
123000215,72,242,-170
123000216,311,1445,-1134
123000217,298,56,242
123000218,60,1019,-959
123000219,838,185,653
123000220,741,193,548
123000221,215,127,88
123000222,805,389,416
123000223,1087,174,913
123000224,631,372,259
123000225,428,102,326
123000226,153,377,-224
123000227,110,297,-187
123000228,436,91,345
123000229,1051,1552,-501
123000232,115,497,-382
123000233,1346,235,1111
123000234,218,595,-377
123000235,2490,443,2047
123000236,457,551,-94
123000237,806,177,629
123000238,86,388,-302
123000239,551,812,-261
123000240,76,1597,-1521
123000241,420,62,358
123000242,494,240,254
123000243,1043,1061,-18
123000244,1044,699,345
123000245,42,156,-114
123000249,2687,766,1921
123000252,1639,537,1102
123000253,2835,925,1910
123000254,998,972,26
123000255,1648,1171,477
123000256,15,231,-216
123000257,2682,1505,1177
123000258,1462,712,750
123000259,912,656,256
123000260,921,374,547
123000261,625,166,459
123000262,119,102,17
123000263,793,104,689
123000264,280,159,121
123000265,27,142,-115
123000266,617,659,-42
123000267,1265,587,678
123000268,47,61,-14
123000269,65,95,-30
123000270,76,105,-29
123000271,40,53,-13
123000272,969,378,591
123000273,412,1560,-1148
123000274,1780,1411,369
123000275,227,889,-662
123000278,2294,3999,-1705
123000279,183,92,91
123000280,495,347,148
123000281,465,185,280
123000282,188,445,-257
123000283,314,107,207
123000284,54,62,-8
123000286,199,726,-527
123000287,457,415,42
123000288,1609,2101,-492
123000289,298,2427,-2129
123000291,216,1078,-862
123000294,162,262,-100
123000295,817,1727,-910
123000296,1152,794,358
123000297,1016,312,704
123000298,1421,297,1124
123000299,100,170,-70
123000300,2182,1452,730
123000301,230,729,-499
123000302,191,128,63
123000303,172,372,-200
123000305,1196,1233,-37
123000306,422,73,349
123000309,58,75,-17
123000310,53,72,-19
123000311,0,113,-113
123000312,461,602,-141
123000313,987,606,381
123000315,168,356,-188
123000316,1026,176,850
123000317,384,139,245
123000318,68,203,-135
123000329,10,30,-20
123000337,499,951,-452
123000338,177,265,-88
123000339,559,37,522
123000340,113,358,-245
123000342,8,37,-29
123000343,129,58,71
123000344,735,303,432
123000345,479,572,-93
123000346,862,42,820
123000352,1199,1028,171
123000353,109,165,-56
123000354,516,2,514
123000355,0,222,-222
123000356,836,29,807
123000357,2,104,-102
123000359,30,57,-27
123000360,393,172,221
123000361,329,287,42
123000362,886,172,714
123000363,183,224,-41
123000364,748,902,-154
123000365,40,588,-548
123000366,513,4425,-3912
123000367,393,796,-403
123000370,25,331,-306
123000371,699,141,558
123000372,655,76,579
123000373,17,489,-472
123000374,24,152,-128
123000375,629,129,500
123000376,1122,1043,79
123000377,1064,46,1018
123000378,19,314,-295
123000379,6,399,-393
123000380,16,457,-441
123000381,66,202,-136
123000382,632,261,371
123000383,217,1341,-1124
123000384,793,171,622
123000385,234,664,-430
123000436,55,2577,-2522
123000507,94,182,-88
123000508,194,2161,-1967
123000517,317,50,267
123000518,64,186,-122
123000519,229,113,116
123000520,44,169,-125
123000521,859,135,724
123000522,228,291,-63
123000541,15,4,11
123000542,0,9,-9
123000565,1403,35,1368
123000566,569,126,443
123000567,130,103,27
123000573,44,366,-322
123000574,1627,91,1536
123000575,2797,836,1961
123000576,1490,921,569
123000577,58,1040,-982
123000578,462,233,229
123000579,1249,11908,-10659
123000580,181,73,108
123000582,909,48,861
123000583,15,459,-444
123000584,209,513,-304
123000585,1,27,-26
123000586,246,41,205
123000596,88,81,7
123000597,103,263,-160
123000602,186,29,157
123000603,1952,288,1664
123000604,976,293,683
123000605,1147,145,1002
123000606,1,573,-572
123000609,19,418,-399
123000610,165,120,45
123000613,87,170,-83
123000614,523,63,460
123000615,126,58,68
123000616,2055,61,1994
123000617,236,157,79
123000618,51,611,-560
123000619,817,134,683
123000620,36,261,-225
123000622,934,21,913
123000624,306,34,272
123000630,2643,558,2085
123000631,274,486,-212
123000632,808,730,78
123000633,0,295,-295
123000634,41,519,-478
123000635,62,168,-106
123000636,73,355,-282
123000637,583,47,536
123000638,875,33,842
123000639,904,10056,-9152
123000640,11,336,-325
123900001,1434,87,1347
123900002,61,2078,-2017
123900003,210,419,-209
123900005,486,353,133
123900006,638,135,503
124000001,2598,263,2335
124000002,94,1371,-1277
124000003,2306,280,2026
124000004,104,505,-401
124000005,2158,1568,590
124000006,174,564,-390
124000007,689,147,542
124000008,7,576,-569
124000009,1349,386,963
124000010,364,338,26
124000011,1810,477,1333
124000012,375,351,24
124000017,438,173,265
124000018,144,92,52
124000019,282,235,47
124000020,27,140,-113
124000021,226,155,71
124000022,83,171,-88
124000023,1814,2008,-194
124000024,1589,479,1110
124000025,1821,2176,-355
124000026,1397,1075,322
124000027,5234,5673,-439
124000028,1474,4282,-2808
124000030,1769,1840,-71
124000031,2122,8335,-6213
124000032,1175,528,647
124000033,269,483,-214
124000034,752,492,260
124000035,29,377,-348
124000036,38,177,-139
124000037,566,1383,-817
124000038,52,175,-123
124000039,490,365,125
124000040,226,1392,-1166
124000041,743,249,494
124000042,172,433,-261
124000043,103,176,-73
124000044,26,163,-137
124000045,2071,335,1736
124000046,350,735,-385
124000047,3575,650,2925
124000048,1301,671,630
124000049,3454,533,2921
124000050,1284,1031,253
124000051,1908,466,1442
124000052,1079,778,301
124000053,761,3111,-2350
124000054,885,370,515
124000055,1572,7028,-5456
124000056,1618,901,717
124000057,1734,588,1146
124000058,839,912,-73
124000059,1521,1839,-318
124000060,479,443,36
124000061,1955,8973,-7018
124000062,1675,1405,270
124000063,1317,1315,2
124000064,1732,1142,590
124000065,12,757,-745
124000066,31,35,-4
124000067,315,185,130
124000068,20,16,4
124000069,318,5,313
124000070,97,58,39
124000071,247,109,138
124000072,212,312,-100
124000073,1629,255,1374
124000074,242,617,-375
124000075,817,61,756
124000076,24,58,-34
124000077,326,975,-649
124000078,1780,1377,403
124000079,209,1566,-1357
124000080,1339,279,1060
124000081,344,471,-127
124000082,119,271,-152
124000083,51,124,-73
124000084,60,714,-654
124000085,106,44,62
124000086,29,318,-289
124000087,170,240,-70
124000088,203,776,-573
124000089,1004,287,717
124000090,183,187,-4
124000091,555,87,468
124000092,109,231,-122
124000093,192,249,-57
124000094,161,937,-776
124000095,183,90,93
124000096,284,342,-58
124000097,214,180,34
124000098,97,127,-30
124000099,376,170,206
124000100,60,107,-47
124000101,144,153,-9
124000102,162,34,128
124000103,289,186,103
124000104,140,60,80
124000105,258,174,84
124000106,134,36,98
124000107,37,294,-257
124000108,74,17,57
124000109,323,147,176
124000110,122,67,55
124000111,306,122,184
124000112,1422,486,936
124000113,213,175,38
124000114,596,328,268
124000115,339,952,-613
124000116,131,324,-193
124000117,49,163,-114
124000118,67,117,-50
124000119,1074,1155,-81
124000120,926,809,117
124000121,1266,963,303
124000122,505,1611,-1106
124000123,1322,563,759
124000124,493,765,-272
124000125,791,561,230
124000126,390,656,-266
124000127,1392,349,1043
124000128,733,868,-135
124000129,2187,2069,118
124000130,535,451,84
124000131,923,989,-66
124000132,644,820,-176
124000133,1745,1466,279
124000134,1217,722,495
124000135,2349,3017,-668
124000136,771,1203,-432
124000137,1145,1578,-433
124000138,1263,1529,-266
124000139,577,49,528
124000140,14,293,-279
124000141,70,16,54
124000142,8,231,-223
124000143,124,15,109
124000144,33,54,-21
124000145,222,56,166
124000146,40,18,22
124000148,11,139,-128
124000149,1384,351,1033
124000150,234,732,-498
124000151,1449,671,778
124000152,896,1203,-307
124000153,1390,1593,-203
124000154,557,1025,-468
124000155,1417,1136,281
124000156,863,1177,-314
124000169,233,803,-570
124000170,888,656,232
124000171,502,389,113
124000172,384,604,-220
124000173,900,233,667
124000174,515,686,-171
124000175,16,73,-57
124000176,105,31,74
124000177,10,28,-18
124000178,87,87,0
124000190,10,78,-68
124000191,29,160,-131
124000192,1304,794,510
124000193,195,2628,-2433
124000194,302,375,-73
124000195,616,791,-175
124000196,687,794,-107
124000197,60,44,16
124000198,75,100,-25
124000201,153,710,-557
124000202,788,281,507
124000203,985,180,805
124000204,1933,220,1713
124000205,154,192,-38
124000206,1536,209,1327
124000207,0,24,-24
124000209,230,163,67
124000210,1444,241,1203
124000211,1393,2,1391
124000212,0,137,-137
124000213,1140,62,1078
124000214,856,244,612
124000215,804,18,786
124000216,3,164,-161
124000329,168,488,-320
124000338,131,306,-175
124000339,2321,64,2257
124000341,3092,97,2995
124000344,84,17,67
124000357,1513,3886,-2373
124000358,859,2508,-1649
124000359,2203,1420,783
124000360,1924,844,1080
124000361,2357,1245,1112
124000362,1362,2135,-773
124000363,494,360,134
124000364,631,921,-290
124000365,721,1046,-325
124000366,1765,766,999
124000367,72,260,-188
124000368,570,1166,-596
124000369,103,204,-101
124000370,64,484,-420
124000402,62,22,40
124000403,248,22,226
124000404,12,64,-52
124000405,1400,910,490
124000406,639,725,-86
124000407,0,23,-23
124000411,15,146,-131
124000412,593,6,587
124000413,81,84,-3
124000414,205,145,60
124000415,96,41,55
124000416,200,152,48
124000417,372,105,267
124000418,529,48,481
124000419,124,81,43
124000420,242,28,214
124000421,91,50,41
124000422,20,20,0
124000423,184,49,135
124000424,6,20,-14
124000425,56,24,32
124000426,23,39,-16
124000427,74,5,69
124000428,27,147,-120
124000429,133,35,98
124000430,1409,504,905
124000431,391,497,-106
124000432,475,733,-258
124000439,7,1,6
124000442,13,28,-15
124000443,0,3,-3
124000445,58,1510,-1452
124000446,344,127,217
124900001,1267,493,774
124900002,402,243,159
124900003,1768,505,1263
124900004,1498,290,1208
124900005,337,96,241
124900006,1435,274,1161
124900008,869,706,163
124900009,132,665,-533
124900010,382,256,126
124900011,1141,477,664
124900012,725,149,576
124900013,1074,216,858
124900014,640,38,602
124900015,311,719,-408
124900016,190,267,-77
124900017,665,4269,-3604
124900018,204,15,189
124900020,134,92,42
124900021,595,85,510
124900022,55,7,48
124900024,646,7,639
124900026,80,35,45
124900027,227,828,-601
124900028,527,167,360
124900029,42,794,-752
124900030,10,126,-116
124900031,71,356,-285
124900032,318,255,63
124900033,224,240,-16
124900034,23,102,-79
124900035,325,412,-87
124900036,3,99,-96
124900037,250,170,80
124900038,242,207,35
124900039,2,187,-185
124900040,186,218,-32
124900041,335,531,-196
124900042,103,7,96
124900043,844,470,374
124900044,170,8,162
124900045,451,1297,-846
124900046,545,285,260
124900047,71,250,-179
124900048,483,136,347
124900050,184,165,19
124900052,112,333,-221
124900053,279,253,26
124900054,694,689,5
124900055,0,207,-207
124900057,25,30,-5
124900060,97,138,-41
124900061,168,5,163
124900062,325,21,304
124900066,0,11,-11
124900067,32,63,-31
124900068,224,1046,-822
124900070,95,32,63
124900072,321,53,268
124900074,738,128,610
124900075,568,183,385
124900076,49,2492,-2443
124900077,48,80,-32
124900078,92,32,60
124900079,331,226,105
124900080,548,278,270
124900081,1985,252,1733
124900082,361,403,-42
124900083,457,399,58
124900084,1003,141,862
124900085,536,759,-223
124900086,53,1899,-1846
124900087,219,154,65
124900088,230,120,110
124900089,775,18,757
124900090,1013,353,660
124900091,545,252,293
124900092,519,260,259
124900093,688,200,488
124900094,1152,368,784
124900095,229,939,-710
124900096,443,223,220
124900097,755,88,667
124900098,245,358,-113
124900099,296,911,-615
124900100,550,57,493
124900101,65,292,-227
124900102,378,22,356
124900103,232,121,111
124900104,98,171,-73
124900105,194,125,69
124900106,626,60,566
124900107,214,68,146
124900108,233,139,94
124900109,117,144,-27
124900110,705,193,512
124900111,3,260,-257
124900112,150,244,-94
124900113,84,372,-288
124900114,65,155,-90
124900115,53,50,3
124900116,310,358,-48
124900117,183,215,-32
124900118,96,639,-543
124900119,550,328,222
124900120,71,261,-190
124900121,101,509,-408
124900122,129,150,-21
124900123,138,151,-13
124900124,57,292,-235
129000186,209,83,126
204000001,62,5,57
204000002,4,4,0
204000003,26,4,22
204000004,3,5,-2
204000005,740,413,327
204000006,1380,1103,277
204000011,12,31,-19
204000012,113,83,30
204000013,4,61,-57
204000019,1588,384,1204
204000020,1140,1642,-502
204000021,4464,1767,2697
204000022,1564,837,727
204000023,823,418,405
204000031,30,12,18
204000032,526,37,489
204000034,19,141,-122
204000035,0,4,-4
204000036,9,19,-10
204000037,0,11,-11
204000038,0,12,-12
204000039,9,12,-3
204000040,9,15,-6
204000041,11,28,-17
204000042,60,18,42
204000043,49,7,42
204000044,71,5,66
204000045,70,6,64
204000046,14,0,14
204000057,17,11,6
204000062,7,17,-10
204000068,23,537,-514
204000069,55,532,-477
204000070,93,58,35
204000080,77,84,-7
204000085,1648,1129,519
204000086,1957,1360,597
204000087,54,14,40
204000088,17,120,-103
204000090,70,168,-98
204000093,881,65,816
204000096,1923,861,1062
204000097,756,11,745
204000099,1447,2449,-1002
204000100,2530,1649,881
204000105,1537,814,723
204000110,409,2039,-1630
204000111,733,974,-241
204000112,637,6147,-5510
204000113,349,2102,-1753
204000114,1139,1271,-132
204000115,1223,608,615
204000116,705,4407,-3702
204000119,3184,2035,1149
204000132,667,403,264
204000133,757,175,582
204000134,228,220,8
204000135,599,378,221
204000136,485,349,136
204000138,366,624,-258
204000140,271,132,139
204000141,169,50,119
204000144,9,37,-28
204000145,554,72,482
204000146,33,291,-258
204000147,14,286,-272
204000148,418,44,374
204000154,8,6,2
204000155,1,4,-3
204000177,84,55,29
204000179,117,9,108
204000180,0,21,-21
204000222,5,7,-2
204000235,34,15,19
204000236,31,201,-170
204000238,27,40,-13
204000240,445,72,373
204000263,421,911,-490
204000268,743,441,302
204000308,186,19,167
204000317,11,147,-136
204000322,8,96,-88
204000323,14,14,0
204000328,311,95,216
204000329,32,184,-152
204000330,193,31,162
204000331,55,132,-77
204010341,12,207,-195
205000001,808,1125,-317
205000013,14,88,-74
205000014,31,77,-46
205000015,54,107,-53
205000016,21,85,-64
205000017,47,83,-36
205000022,321,589,-268
205000025,1305,799,506
205000029,430,21,409
205000045,129,871,-742
205000046,221,912,-691
205000047,74,1319,-1245
205000048,549,532,17
205000049,198,558,-360
205000050,2077,282,1795
205000059,0,232,-232
205000060,1,270,-269
205000061,4,417,-413
205000062,1,661,-660
205000063,27,675,-648
205000064,15,105,-90
205000065,160,651,-491
205000066,117,356,-239
205000067,78,435,-357
205000069,277,37,240
205000082,233,250,-17
205000110,52,108,-56
205000111,217,156,61
205000112,232,182,50
205000113,95,196,-101
205000121,197,53,144
205000123,69,145,-76
205000126,717,108,609
205000127,968,156,812
205000128,477,70,407
205000129,969,60,909
205000130,84,22,62
205000131,34,17,17
205000132,54,6,48
205000133,24,6,18
205000134,381,2,379
205000137,133,101,32
205000138,129,210,-81
205000139,57,88,-31
205000144,133,92,41
205000145,332,209,123
205000151,203,34,169
205000152,180,23,157
205000153,294,27,267
205000154,162,45,117
205000155,156,12,144
205000207,2,106,-104
205000233,12,3,9
205000234,0,0,0
205000243,0,1,-1
205000244,0,3,-3
205000245,4,231,-227
205000249,1,28,-27
205000250,18,3,15
205000264,6,63,-57
206000027,4,6,-2
206000028,5,1,4
206000043,3,49,-46
206000053,2,9,-7
206000054,1,12,-11
206000055,2,25,-23
206000075,29,19,10
206000076,47,10,37
206000077,38,7,31
206000078,26,36,-10
206000079,30,9,21
206000082,402,118,284
206000100,39,645,-606
206000103,8,5,3
206000104,6,10,-4
206000105,14,5,9
206000106,2,31,-29
206000108,804,71,733
206000125,104,1,103
206000157,46,536,-490
206000170,0,110,-110
206000171,7,244,-237
206000172,29,126,-97
206000173,2,85,-83
206000174,12,37,-25
206000175,1,35,-34
206000176,16,71,-55
206000177,3,39,-36
206000178,2,184,-182
206000179,1,160,-159
206000180,7,110,-103
206000181,7,37,-30
206000182,8,39,-31
206000183,7,113,-106
206000184,5,95,-90
206000185,7,33,-26
206000186,81,320,-239
206000223,10,248,-238
206000226,46,12,34
206000227,46,4,42
206000237,31,185,-154
206000238,32,217,-185
206000239,162,1565,-1403
206000240,0,53,-53
206000241,0,105,-105
206000242,11,149,-138
206000243,7,50,-43
206000244,61,134,-73
206000245,2258,62,2196
206000246,664,20,644
206000247,758,16,742
206000248,905,49,856
206000252,66,56,10
206000258,16,47,-31
206000315,39,14,25
206000317,1009,204,805
206000318,1251,133,1118
206000319,4042,157,3885
206000320,864,51,813
206000321,849,22,827
206000322,1133,38,1095
206000323,387,8,379
206000324,452,16,436
206000325,366,35,331
206000326,331,50,281
206000327,49,27,22
206000328,384,8,376
206000329,658,8,650
206000330,66,13,53
206000331,484,0,484
206000332,157,5,152
206000333,1638,6,1632
206000334,701,4,697
206000335,0,30,-30
206000361,2,136,-134
206000392,4,23,-19
206000405,188,21,167
206000441,93,36,57
206000498,68,2,66
206000515,71,80,-9
206000530,725,89,636
206000531,393,568,-175
206000532,2027,975,1052
206000535,169,5114,-4945
206000536,15,98,-83
206000537,16,159,-143
206000613,1854,368,1486
207000001,121,493,-372
207000002,110,405,-295
207000003,160,153,7
207000007,2006,316,1690
207000008,277,5,272
207000009,106,44,62
207000010,335,238,97
207000012,690,235,455
207000015,247,476,-229
207000019,283,102,181
207000021,545,255,290
207000022,214,167,47
207000023,404,88,316
207000024,7,28,-21
207000025,34,134,-100
207000026,71,45,26
207000027,17,67,-50
207000028,74,154,-80
207000029,184,408,-224
207000033,349,541,-192
207000034,480,177,303
207000039,932,72,860
207000040,785,39,746
207000041,256,84,172
207000042,463,94,369
207000043,328,228,100
207000051,154,207,-53
207000052,17,138,-121
207000053,382,295,87
207000054,72,63,9
207000055,193,104,89
207000056,288,232,56
207000057,161,583,-422
207000058,187,264,-77
207000059,102,211,-109
207000060,74,313,-239
207000061,268,1016,-748
207000062,581,38,543
207000063,672,66,606
207000064,509,119,390
207000065,364,246,118
207000066,480,229,251
207000067,92,97,-5
207000068,151,59,92
207000069,950,337,613
207000082,5,114,-109
207000083,134,145,-11
207000084,676,341,335
207000085,364,32,332
207000086,461,5,456
207000106,62,27,35
207000107,146,8,138
207000108,147,5,142
207000109,135,4,131
207000110,91,93,-2
207000111,111,145,-34
207000112,103,1793,-1690
207000114,17,22,-5
207000115,46,56,-10
207000116,29,442,-413
207000117,17,113,-96
207000118,2,43,-41
207000119,20,40,-20
207000123,331,15,316
207000124,175,16,159
207000125,89,16,73
207000126,97,31,66
207000134,151,95,56
207000135,37,169,-132
207000148,104,487,-383
207000149,58,27,31
207000152,124,443,-319
207000153,303,893,-590
207000154,391,256,135
207000159,177,107,70
207000160,207,222,-15
207000238,0,185,-185
207000242,1,58,-57
207000248,46,18,28
207000249,183,21,162
207000250,481,112,369
207000251,86,149,-63
207000252,30,44,-14
207000278,206,143,63
207000279,44,92,-48
207000280,1381,142,1239
207000281,187,337,-150
207000282,118,378,-260
207000283,50,255,-205
207000284,33,925,-892
207000285,54,123,-69
207000291,13,95,-82
207000304,96,93,3
207000306,54,293,-239
207000310,159,93,66
207000353,182,2,180
207000356,20,146,-126
207000357,12,30,-18
207000358,1,63,-62
207000415,16,145,-129
207000417,86,4,82
207000418,12,144,-132
207000438,0,2,-2
207000439,587,596,-9
207000446,215,2,213
207000460,65,7,58
207000466,218,177,41
207000467,492,100,392
207000468,49,145,-96
207000476,16,24,-8
207000477,1173,33,1140
207000478,3,18,-15
207000523,0,11,-11
207000524,42,4,38
207000527,207,144,63
207000530,989,15,974
207000531,467,8,459
207000532,281,64,217
207000534,204,26,178
207000535,27,477,-450
207000537,21,75,-54
207000540,6,122,-116
207000541,1,206,-205
207000548,13,138,-125
207000549,519,15,504
207000561,332,232,100
207000562,27,81,-54
207000567,64,243,-179
207000568,448,27,421
207000569,1084,204,880
207000584,80,217,-137
207000585,42,236,-194
207000616,1,56,-55
207000617,203,0,203
207900008,475,82,393
208000001,644,1670,-1026
208000002,833,969,-136
208000003,1032,616,416
208000004,888,953,-65
208000005,3,21,-18
208000019,1224,686,538
208000020,393,389,4
208000021,326,317,9
208000022,1339,548,791
208000028,1228,3739,-2511
208000033,852,502,350
208000034,1200,2541,-1341
208000040,317,105,212
208000041,1322,647,675
208000042,1526,604,922
208000047,240,235,5
208000064,2224,2168,56
208000066,1612,2824,-1212
208000070,691,358,333
208000071,979,448,531
208000072,670,821,-151
208000080,443,630,-187
208000081,512,109,403
208000082,541,126,415
208000083,198,176,22
208000084,21,44,-23
208000085,797,405,392
208000086,535,1083,-548
208000087,365,984,-619
208000089,1290,361,929
208000090,1312,448,864
208000093,73,153,-80
208000094,642,451,191
208000095,1101,509,592
208000104,1810,576,1234
208000105,1017,812,205
208000114,113,562,-449
208000115,690,469,221
208000116,1215,1517,-302
208000117,57,109,-52
208000118,194,245,-51
208000155,678,1729,-1051
208000158,2153,4343,-2190
208000186,1319,3406,-2087
208000204,1133,1553,-420
208000205,2052,816,1236
208000282,1592,2590,-998
209000004,899,267,632
209000005,68,52,16
209000006,539,302,237
209000007,427,678,-251
209000010,390,235,155
209000011,201,310,-109
209000012,124,148,-24
209000013,446,183,263
209000014,538,568,-30
209000025,714,91,623
209000026,1211,108,1103
209000027,372,323,49
209000028,318,295,23
209000029,374,1039,-665
209000030,338,1371,-1033
209000031,2540,1782,758
209000034,368,394,-26
209000035,276,366,-90
209000036,471,210,261
209000037,571,293,278
209000038,242,186,56
209000039,109,185,-76
209000040,440,647,-207
209000041,180,307,-127
209000042,392,257,135
209000043,861,587,274
209000044,378,941,-563
209000045,803,432,371
209000046,731,495,236
209000047,452,311,141
209000048,711,763,-52
209000049,139,51,88
209000050,237,76,161
209000051,301,118,183
209000052,161,141,20
209000062,86,62,24
209000063,68,53,15
209000064,45,26,19
209000065,265,55,210
209000066,203,21,182
209000067,277,50,227
209000080,36,185,-149
209000082,128,45,83
209000091,23,80,-57
209000093,65,19,46
209000094,37,153,-116
209000110,62,203,-141
209000111,890,2921,-2031
209000112,2181,862,1319
209000113,3101,1026,2075
209000114,1487,897,590
209000115,51,67,-16
209000116,426,238,188
209000118,23,73,-50
209000119,3,21,-18
209000121,98,431,-333
209000135,69,239,-170
209000142,698,3733,-3035
209000143,38,70,-32
209000144,115,254,-139
209000229,269,165,104
209000240,30,211,-181
209000259,52,62,-10
209000260,88,1568,-1480
209000261,6,875,-869
209000262,4,318,-314
209000263,1,367,-366
209000264,0,517,-517
209000265,479,1,478
209000266,167,1,166
209000267,2722,13,2709
209000268,569,139,430
210000037,208,52,156
210000047,136,30,106
210000048,279,40,239
210000049,78,2,76
210000052,163,73,90
210000053,78,42,36
210000054,34,97,-63
210000070,226,10,216
210000071,241,0,241
210000072,38,0,38
210000073,0,52,-52
210000074,0,154,-154
210000075,1,212,-211
210000076,10,278,-268
210000077,9,179,-170
210000078,39,154,-115
210000079,16,33,-17
210000080,71,184,-113
210000081,328,35,293
210000082,51,5,46
210000083,86,1,85
210000084,132,0,132
210000085,2,60,-58
210000086,5,87,-82
210000099,81,218,-137
210000100,118,147,-29
210000101,150,226,-76
210000105,47,355,-308
210000159,1,399,-398
210000163,86,411,-325
210000164,226,371,-145
210000168,183,94,89
210000187,0,44,-44
210000188,0,40,-40
210000214,12,0,12
210000219,83,53,30
210000220,224,27,197
210000232,8,20,-12
210000233,67,39,28
210000234,62,114,-52
210000235,136,67,69
210000245,0,93,-93
210000246,18,3,15
210000258,24,115,-91
210000259,314,52,262
210000282,82,266,-184
210000285,4,213,-209
210000286,23,217,-194
210000290,0,3,-3
210000295,86,253,-167
210000296,67,81,-14
210000320,370,56,314
210000321,237,26,211
210000338,61,80,-19
210000339,199,1234,-1035
210000340,191,521,-330
210000341,277,375,-98
210000342,274,222,52
210000343,183,250,-67
210000344,123,234,-111
210000345,170,402,-232
210000346,76,198,-122
210000347,73,87,-14
210000348,146,79,67
210000349,62,31,31
210000350,216,65,151
210000351,226,46,180
210000352,82,43,39
210000353,65,55,10
210000354,68,65,3
210000355,41,113,-72
210000356,31,93,-62
210000357,56,107,-51
210000358,279,293,-14
210000359,98,244,-146
210000360,241,315,-74
210000361,243,206,37
210000362,289,265,24
210000363,441,346,95
210000364,223,282,-59
210000365,186,152,34
210000366,225,81,144
210000367,121,35,86
210000368,213,30,183
210000369,20,44,-24
210000370,79,102,-23
210000372,24,19,5
210000373,11,42,-31
210000374,66,71,-5
210000375,49,40,9
210000376,76,164,-88
210000404,47,174,-127
210000439,58,20,38
210000472,44,3,41
210000482,61,180,-119
210000564,166,417,-251
210000567,0,27,-27
210000568,278,3,275
211000092,66,16,50
211000094,77,14,63
211000169,224,19,205
211000172,11,106,-95
211000209,0,128,-128
211000226,6,5,1
211000270,6,9,-3
211000275,44,17,27
211000276,230,39,191
211000279,34,23,11
211000281,181,19,162
211507980,1,78,-77
211977296,76,4,72
212000003,180,28,152
212000004,7,55,-48
212000005,25,69,-44
212000006,37,65,-28
212000008,289,115,174
212000009,56,69,-13
212000012,131,55,76
212000013,39,47,-8
212000014,415,133,282
212000015,408,180,228
212000016,802,501,301
212000027,556,311,245
212000028,392,301,91
212000029,270,209,61
212000030,74,18,56
212000031,97,42,55
212000048,60,510,-450
212000049,27,326,-299
212000050,35,18,17
212000051,405,123,282
212000052,319,154,165
212000053,363,272,91
212000054,572,72,500
212000055,443,85,358
212000056,16,35,-19
212000057,14,36,-22
212000058,181,64,117
212000070,155,184,-29
212000077,174,367,-193
212000099,510,272,238
212000108,280,157,123
212000111,383,102,281
212000120,213,96,117
212000138,183,35,148
212000156,3,86,-83
212000158,13,36,-23
212000159,792,31,761
212000160,983,142,841
212000161,95,1,94
212000310,66,15,51
212000311,33,35,-2
212000374,79,16,63
213000001,54,371,-317
213000005,879,199,680
213000006,892,384,508
213000007,63,24,39
213000009,447,273,174
213000010,387,217,170
213000011,236,136,100
213000012,265,238,27
213000014,81,18,63
213000015,358,7,351
213000016,421,4,417
213000017,159,46,113
213000018,1,30,-29
213000019,4,71,-67
213000020,151,191,-40
213000021,5,81,-76
213000023,471,336,135
213000033,451,1468,-1017
213000034,693,217,476
213000035,185,367,-182
213000045,311,313,-2
213000046,206,176,30
213000047,426,1070,-644
213000056,200,37,163
213000069,132,8,124
213000073,0,108,-108
213000074,320,725,-405
213000075,779,3,776
213000076,7,0,7
213000085,2,35,-33
213000086,25,184,-159
213000091,466,17,449
213000092,35,27,8
213000099,208,1600,-1392
213000100,844,273,571
213000101,882,76,806
213000102,801,139,662
213000103,1001,654,347
213000104,81,318,-237
213000105,124,2254,-2130
213000106,37,83,-46
213000107,178,274,-96
213000108,64,235,-171
213000109,4,150,-146
213000110,23,98,-75
213000111,10,105,-95
213000112,58,138,-80
213000115,66,10,56
213000116,90,504,-414
213000117,22,576,-554
213000118,1260,260,1000
213000119,40,563,-523
213000120,65,223,-158
213000122,188,279,-91
213000123,225,569,-344
213000124,278,1070,-792
213000125,242,55,187
213000126,51,210,-159
213000127,42,302,-260
213000128,125,1345,-1220
213000129,193,1243,-1050
213000130,1617,474,1143
213000132,894,164,730
213000133,1398,89,1309
213000134,1986,26,1960
213000136,807,42,765
213000137,1043,69,974
213000139,133,77,56
213000147,93,6,87
213000148,22,12,10
213000149,44,19,25
213000150,0,453,-453
213000151,2,216,-214
213000152,1,187,-186
213000153,4,233,-229
213000154,102,355,-253
213000155,61,236,-175
213000156,135,247,-112
213000157,1115,301,814
213000158,588,730,-142
213000159,1192,317,875
213000163,2231,235,1996
213000165,1222,516,706
213000171,0,37,-37
213000172,0,80,-80
213000173,4,106,-102
213000174,5,82,-77
213000175,17,42,-25
213000176,343,52,291
213000177,253,16,237
213000178,426,6,420
213000179,479,1,478
213000180,358,1,357
213000184,122,546,-424
213000188,854,89,765
213000189,954,41,913
213000190,787,515,272
213000191,789,220,569
213000192,403,159,244
213000193,612,259,353
213000194,0,148,-148
213000195,39,227,-188
213000196,230,1722,-1492
213000197,860,904,-44
213000198,49,1,48
213000200,113,638,-525
213000201,31,88,-57
213000202,62,626,-564
213000203,2267,417,1850
213000204,1204,64,1140
213000205,980,81,899
213000206,780,38,742
213000207,106,13,93
213000208,85,4,81
213000209,138,3,135
213000210,249,3,246
213000211,23,38,-15
213000212,34,30,4
213000213,46,76,-30
213000218,470,476,-6
213000219,1355,23,1332
213000220,1018,8,1010
213000223,234,263,-29
213000224,19,66,-47
213000225,140,33,107
213000226,97,29,68
213000227,1716,196,1520
213000228,787,133,654
213000229,118,36,82
213000230,631,18,613
213000232,82,143,-61
213000233,15,387,-372
213000234,3,137,-134
213000293,21,55,-34
213000294,98,34,64
213000295,42,90,-48
213000296,62,24,38
213000297,9,98,-89
213000298,17,61,-44
213000299,67,15,52
213000300,3,13,-10
213000303,3,23,-20
213000304,4,23,-19
213000305,1,40,-39
213000306,53,283,-230
213000307,108,182,-74
213000308,105,180,-75
213000309,229,74,155
213000310,464,312,152
213000311,188,1111,-923
213000315,119,190,-71
213000316,296,76,220
213000322,185,27,158
213000323,198,75,123
213000324,156,36,120
213000325,222,52,170
213000326,166,21,145
213000327,181,44,137
213000328,95,105,-10
213000329,211,42,169
213000340,181,325,-144
213000341,1071,67,1004
213000347,322,754,-432
213000348,10,641,-631
213000349,17,21,-4
213000350,332,963,-631
213000366,110,221,-111
213000367,511,16,495
213000379,78,442,-364
213000386,52,94,-42
213000406,222,152,70
213000417,2349,628,1721
213000425,425,115,310
213000426,293,54,239
213000427,129,119,10
213000428,79,85,-6
213000429,12,4,8
213000430,114,332,-218
213000431,20,6,14
213000432,2,87,-85
213000433,50,72,-22
213000434,258,144,114
213000435,237,120,117
213000436,75,44,31
213000437,7,13,-6
213000438,239,54,185
213000439,91,17,74
213000440,28,208,-180
213000441,2,3,-1
213000442,11,35,-24
213000443,577,476,101
213000444,82,35,47
213000445,0,81,-81
213000446,0,80,-80
213000447,0,81,-81
213000448,20,261,-241
213000449,1208,10,1198
213000450,44,42,2
213000451,538,92,446
213000452,26,27,-1
213000453,29,276,-247
213000455,175,12,163
213000456,2,289,-287
213000481,1,6,-5
213000484,71,0,71
213000489,224,92,132
213900002,8,243,-235
213900003,102,2,100
213900013,1,84,-83
213900015,0,33,-33
213900016,19,10,9
213900020,26,40,-14
213900030,0,38,-38
213900032,222,204,18
213900033,249,45,204
213900034,975,65,910
213900035,371,147,224
213900036,188,105,83
213900037,84,242,-158
213900038,784,151,633
213900039,0,19,-19
213900041,7,284,-277
213900042,215,360,-145
213900043,385,132,253
213900244,101,1,100
213900245,0,11,-11
218000003,41,42,-1
218000004,44,53,-9
218000005,19,37,-18
218000006,107,67,40
218000007,73,15,58
218000012,273,190,83
218000013,296,264,32
218000014,527,336,191
218000019,454,518,-64
218000020,290,328,-38
218000021,47,47,0
218000022,30,8,22
218000023,6,21,-15
218000024,6,6,0
218000025,4,19,-15
218000026,6,23,-17
218000027,3,9,-6
218000028,0,3,-3
218000029,2,4,-2
218000030,7,10,-3
218000031,5,13,-8
218000032,2,20,-18
218000040,5,8,-3
218000046,102,67,35
218000047,10,68,-58
218000048,88,58,30
218000049,85,58,27
218000050,299,177,122
218000051,93,128,-35
218000052,1,48,-47
218000053,3,17,-14
218000054,8,82,-74
218000055,3,39,-36
218000056,21,34,-13
218000057,1,20,-19
218000064,0,77,-77
218000065,92,119,-27
218000066,16,51,-35
218000067,109,56,53
218000068,171,79,92
218000069,334,100,234
218000070,252,173,79
218000071,245,198,47
218000072,181,343,-162
218000078,1696,410,1286
218000079,336,55,281
218000080,360,75,285
218000081,1086,134,952
218000082,173,57,116
218000083,169,57,112
218000084,294,69,225
218000085,287,198,89
218000086,126,86,40
218000087,292,100,192
218000090,29,158,-129
218000091,1485,640,845
218000092,213,99,114
218000093,104,43,61
218000094,596,386,210
218000099,409,835,-426
218000100,613,416,197
218000101,491,162,329
218000102,905,169,736
218000103,132,100,32
218000104,188,29,159
218000105,39,38,1
218000106,39,21,18
218000107,132,35,97
218000108,7,42,-35
218000112,139,38,101
218000117,55,102,-47
218000134,875,312,563
218000135,10,92,-82
218000136,172,152,20
218000137,278,138,140
218000138,92,175,-83
218000139,280,324,-44
218000140,842,393,449
218000141,151,101,50
218000142,229,153,76
218000143,91,637,-546
218000144,38,279,-241
218000145,725,346,379
218000146,237,214,23
218000151,3,24,-21
218000152,117,50,67
218000153,9,11,-2
218000154,13,2,11
218000155,64,6,58
218000156,127,13,114
218000157,56,21,35
218000158,41,27,14
218000159,2,8,-6
218000160,7,7,0
218000161,97,7,90
218000162,108,11,97
218000163,54,0,54
218000164,118,15,103
218000165,193,43,150
218000170,5,31,-26
218000171,98,5,93
218000172,24,11,13
218000173,24,32,-8
218000174,35,37,-2
218000176,416,88,328
218000177,635,297,338
218000178,99,333,-234
218000179,246,97,149
218000180,173,33,140
218000181,450,81,369
218000187,18,68,-50
218000188,21,73,-52
218000189,40,120,-80
218000190,35,50,-15
218000191,357,51,306
218000192,428,203,225
218000193,747,317,430
218000194,230,278,-48
218000195,300,48,252
218000196,518,263,255
218000197,879,191,688
218000198,83,68,15
218000199,84,23,61
218000200,73,22,51
218000201,32,7,25
218000202,67,606,-539
218000207,2,13,-11
218000208,47,36,11
218000211,44,92,-48
218000212,2,6,-4
218000213,141,69,72
218000214,8,33,-25
218000215,54,22,32
218000217,6,77,-71
218000218,221,72,149
218000219,9,115,-106
218000220,65,960,-895
218000221,572,290,282
218000222,5,98,-93
218000223,94,794,-700
218000224,43,360,-317
218000225,317,52,265
218000226,364,139,225
218000230,0,5,-5
218000232,63,80,-17
218000239,161,19,142
218000240,10,5,5
218000241,38,4,34
218000242,11,2,9
218000243,27,16,11
218000244,28,25,3
218000245,70,6,64
218000246,0,5,-5
218000247,1,0,1
218000248,0,56,-56
218000249,0,6,-6
218000250,11,64,-53
218000251,14,91,-77
218000252,8,398,-390
218000253,4,209,-205
218000254,2,62,-60
218000255,4,20,-16
218000256,5,75,-70
218000267,425,910,-485
218000268,11,62,-51
218000269,2,25,-23
218000270,67,71,-4
218000271,7,22,-15
218000273,39,4,35
218000274,20,3,17
218000275,43,55,-12
218000276,45,27,18
218000278,3,101,-98
218000279,34,36,-2
218000280,5,28,-23
218000281,8,27,-19
218000282,606,925,-319
218000284,92,4,88
218000301,137,223,-86
218000302,121,55,66
218000303,10,50,-40
218000316,1423,757,666
218000317,2324,723,1601
218000318,1792,451,1341
218000319,1938,615,1323
218000320,2040,630,1410
218000338,46,144,-98
218000345,110,140,-30
218000346,40,345,-305
218000459,30,184,-154
218000490,13,78,-65
218000501,163,71,92
218000502,93,43,50
218000503,144,32,112
218000504,164,26,138
218000505,60,77,-17
218000506,45,220,-175
218000508,62,8,54
218000510,99,16,83
218000520,163,108,55
218000521,2,25,-23
218000522,0,265,-265
218000523,139,2,137
218000524,15,915,-900
218000525,84,51,33
218000526,25,558,-533
218000529,19,44,-25
218000530,34,3,31
218000531,24,13,11
218000532,71,33,38
218000534,263,10,253
218000537,18,105,-87
218000538,87,715,-628
218000540,108,175,-67
218000543,212,84,128
218000544,48,33,15
218000545,110,95,15
218000546,85,41,44
218000547,176,221,-45
218000548,144,107,37
218000549,1103,518,585
218000550,252,221,31
218000551,114,633,-519
218000552,342,222,120
218000553,19,107,-88
218000554,38,83,-45
218000555,39,44,-5
218000556,218,216,2
218000557,574,167,407
218000558,112,0,112
218000559,1,89,-88
218000560,0,36,-36
218000561,9,1,8
218000562,21,192,-171
218000563,258,32,226
218000564,3,168,-165
218000565,116,149,-33
218000566,116,66,50
218000567,3,172,-169
218000568,47,11,36
218000569,11,599,-588
218000570,49,25,24
218000571,3,172,-169
218000572,146,9,137
218000573,4,398,-394
218000574,41,52,-11
218000575,129,3,126
218000576,3,89,-86
218000577,100,5,95
218000578,2,264,-262
218000579,26,44,-18
218000581,10,49,-39
218000582,83,20,63
218000583,10,0,10
218000584,0,93,-93
218000585,81,15,66
218000586,22,70,-48
218000587,2,3,-1
218000588,3,17,-14
218000589,1,24,-23
218000590,10,2,8
218000591,1,4,-3
218000592,5,2,3
218000593,0,2,-2
218000594,1,0,1
218000595,0,0,0
218000596,0,1,-1
218000597,0,0,0
218000598,0,2,-2
218000599,0,1,-1
218000600,1,2,-1
218000601,0,1,-1
218000602,0,3,-3
218000603,0,4,-4
218000604,20,0,20
218000605,1,23,-22
218000606,199,0,199
218000607,9,75,-66
218000608,121,26,95
218000609,5,47,-42
218000610,119,12,107
218000611,58,3,55
218000612,31,43,-12
218000613,68,1,67
218000614,2,97,-95
218000615,256,4,252
218000616,5,175,-170
218000617,5,4,1
218000618,0,23,-23
218000619,85,31,54
218000620,10,80,-70
218000621,0,11,-11
218000622,0,51,-51
218000623,78,6,72
218000624,2,123,-121
218000625,1,3,-2
218000626,0,36,-36
218000628,349,83,266
218000631,32,12,20
218000632,2,262,-260
218000633,102,2,100
218000634,3,25,-22
218000635,16,14,2
218000636,1248,552,696
218000637,1520,345,1175
218000638,374,40,334
218000639,38,62,-24
218000640,647,44,603
218000641,118,118,0
218000652,69,29,40
218000653,358,92,266
218000663,10,34,-24
218000675,31,91,-60
218000676,7,10,-3
218000677,30,8,22
218000680,221,155,66
218000681,528,127,401
218000691,239,97,142
218000693,617,94,523
218000703,7,16,-9
218000718,39,327,-288
218000719,84,399,-315
218000720,5,757,-752
218000721,55,92,-37
218000725,7,0,7
218001214,12,374,-362
218001329,76,94,-18
218001330,62,45,17
218001351,15,7,8
218001352,12,33,-21
218001353,3,7,-4
218001354,4,25,-21
219000001,14,50,-36
219000002,51,59,-8
219000003,86,58,28
219000004,70,105,-35
219000017,52,110,-58
219000020,213,47,166
219000022,138,6,132
219000023,95,1,94
219000029,10,104,-94
219000034,34,46,-12
219000039,45,312,-267
219000040,42,108,-66
219000041,163,48,115
219000051,0,80,-80
219000052,0,48,-48
219000053,0,64,-64
219000054,358,645,-287
219000055,365,2,363
219000056,4,0,4
219000057,83,0,83
219000062,13,113,-100
219000063,134,16,118
219000064,1,73,-72
219000110,272,152,120
219000111,78,82,-4
219000112,282,32,250
219000113,291,35,256
219000114,197,58,139
219000116,195,69,126
219000117,343,91,252
219000118,206,103,103
219000123,153,86,67
219000124,48,97,-49
219000125,23,13,10
219000126,51,188,-137
219000127,0,11,-11
219000128,20,134,-114
219000129,19,193,-174
219000130,236,787,-551
219000131,817,1555,-738
219000133,30,61,-31
219000134,12,46,-34
219000135,29,112,-83
219000136,108,205,-97
219000138,131,33,98
219000139,122,30,92
219000140,113,2,111
219000141,62,45,17
219000142,7,46,-39
219000143,14,38,-24
219000145,17,41,-24
219000146,12,19,-7
219000147,10,50,-40
219000148,11,13,-2
219000149,7,37,-30
219000150,6,67,-61
219000151,1,13,-12
219000157,388,105,283
219000158,173,201,-28
219000161,265,7,258
219000163,1421,446,975
219000166,186,201,-15
219000167,170,132,38
219000168,245,91,154
219000174,675,172,503
219000175,213,5,208
219000176,312,15,297
219000177,144,0,144
219000178,128,1,127
219000179,79,9,70
219000180,69,31,38
219000182,253,14,239
219000183,105,25,80
219000184,144,18,126
219000185,4,8,-4
219000186,82,55,27
219000187,20,67,-47
219000189,47,297,-250
219000190,50,272,-222
219000191,178,2506,-2328
219000192,214,184,30
219000193,142,171,-29
219000195,3,64,-61
219000196,1,134,-133
219000198,35,121,-86
219000199,39,125,-86
219000200,62,115,-53
219000201,64,202,-138
219000203,14,186,-172
219000204,65,523,-458
219000205,42,341,-299
219000207,79,283,-204
219000209,48,22,26
219000210,15,206,-191
219000213,13,176,-163
219000239,240,242,-2
219000240,215,523,-308
219000241,207,165,42
219000242,76,236,-160
219000243,93,253,-160
219000244,37,67,-30
219000245,23,59,-36
219000246,48,72,-24
219000247,343,50,293
219000248,546,755,-209
219000249,211,161,50
219000250,276,125,151
219000251,711,261,450
219000252,410,174,236
219000253,415,92,323
219000255,248,185,63
219000256,451,72,379
219000257,218,1,217
219000262,77,67,10
219000263,69,92,-23
219000267,17,66,-49
219000268,4,11,-7
219000269,5,0,5
219000270,24,2,22
219000271,298,6,292
219000278,0,14,-14
219000279,0,25,-25
219000283,0,34,-34
219000295,30,68,-38
219000296,89,271,-182
219000297,21,91,-70
219000298,25,36,-11
219000299,453,80,373
219000300,51,77,-26
219000301,108,321,-213
219000302,40,153,-113
219000307,38,17,21
219000308,102,51,51
219000311,307,87,220
219000312,586,111,475
219000313,660,52,608
219000314,56,220,-164
219000315,493,55,438
219000316,823,73,750
219000317,201,21,180
219000320,0,103,-103
219000321,0,44,-44
219000323,10,65,-55
219000325,8,7,1
219000326,88,49,39
219000327,59,17,42
219000328,21,27,-6
219000329,315,79,236
219000330,30,44,-14
219000331,67,65,2
219000332,170,107,63
219000333,59,12,47
219000335,110,2,108
219000337,18,0,18
219000338,40,0,40
219000344,34,74,-40
219000345,105,32,73
219000346,54,43,11
219000348,230,83,147
219000349,70,132,-62
219000350,112,536,-424
219000351,1,14,-13
219000352,286,105,181
219000353,124,50,74
219000354,318,70,248
219000355,252,54,198
219000356,455,2276,-1821
219000363,197,122,75
219000364,159,63,96
219000365,101,28,73
219000366,241,628,-387
219000368,327,617,-290
219000370,764,944,-180
219000371,10,30,-20
219000382,11,24,-13
219000383,224,2120,-1896
219000385,397,821,-424
219000386,773,2211,-1438
219000387,3,27,-24
219000390,9,0,9
219000391,4,1,3
219000397,41,16,25
219000398,46,44,2
219000401,15,85,-70
219000402,14,66,-52
219000403,67,303,-236
219000404,22,123,-101
219000407,13,67,-54
219000409,186,48,138
219000410,156,43,113
219000411,99,16,83
219000446,76,477,-401
219000447,0,16,-16
219000448,9,7,2
219000452,119,84,35
219000453,51,291,-240
219000454,213,509,-296
219000556,447,113,334
219000558,119,127,-8
219000590,43,234,-191
219000591,187,130,57
219000592,114,310,-196
219000595,5,15,-10
219000635,252,69,183
219000636,47,37,10
219000657,19,22,-3
219000658,30,188,-158
219000673,0,133,-133
219000676,8,16,-8
219000679,31,14,17
219000684,155,11,144
219000685,0,47,-47
219000686,1,7,-6
219000688,0,47,-47
219000689,22,215,-193
219000690,149,26,123
219000691,47,177,-130
219000692,152,32,120
219000693,4,13,-9
219000694,62,0,62
219000695,57,7,50
219000698,37,1,36
219000699,0,94,-94
219000727,4,104,-100
219000728,86,1,85
219000770,36,11,25
219000771,1,62,-61
219001150,1,62,-61
219001151,2,11,-9
219001166,25,43,-18
219001167,0,39,-39
220000001,63,193,-130
220000002,21,121,-100
220000003,285,167,118
220000004,385,306,79
220000005,585,1576,-991
220000006,132,738,-606
220000007,445,258,187
220000008,386,479,-93
220000009,304,436,-132
220000010,116,90,26
220000011,454,4435,-3981
220000012,59,546,-487
220000014,199,92,107
220000015,69,455,-386
220000017,36,519,-483
220000018,7927,3840,4087
220000019,149,608,-459
220000020,687,190,497
220000021,1167,272,895
220000022,1640,387,1253
220000023,480,178,302
220000024,1334,686,648
220000025,1032,2449,-1417
220000026,457,755,-298
220000027,35,227,-192
220000028,62,78,-16
220000029,23,58,-35
220000030,36,111,-75
220000031,961,439,522
220000064,41,1393,-1352
221000046,4,0,4
221000047,0,1,-1
221000048,0,2,-2
221000049,0,21,-21
221000050,14,0,14
221000055,59,42,17
221000057,137,13,124
221000068,312,120,192
221000069,408,38,370
221000070,307,35,272
221000071,167,6,161
221000072,412,5,407
221000073,265,30,235
221000074,2,20,-18
221000075,17,24,-7
221000076,10,16,-6
221000077,9,79,-70
221000081,9,17,-8
221000082,69,7,62
221000083,12,15,-3
221000084,23,28,-5
221000085,26,53,-27
221000086,18,100,-82
221000087,5,107,-102
221000088,10,119,-109
221000089,27,178,-151
221000090,66,579,-513
221000098,138,10,128
221000099,258,27,231
221000100,116,12,104
221000101,183,12,171
221000102,202,11,191
221000109,8,111,-103
221000110,7,30,-23
221000111,11,94,-83
221000112,5,67,-62
221000113,21,118,-97
221000114,6,131,-125
221000120,37,55,-18
221000121,5,76,-71
221000122,40,76,-36
221000123,0,19,-19
221000124,24,66,-42
221000155,256,31,225
221000156,36,87,-51
221000175,12,6,6
221000176,0,1,-1
221000182,67,17,50
221000241,386,411,-25
221000242,132,257,-125
221000243,458,296,162
221000244,192,344,-152
221000245,108,85,23
221000246,60,195,-135
221000247,82,69,13
221000248,167,96,71
221000267,66,1309,-1243
221000325,17,194,-177
221000331,7,55,-48
221000338,19,51,-32
221000378,429,48,381
221000381,58,53,5
222000282,4,2,2
222000296,3,11,-8
222000568,553,33,520
222000569,276,60,216
222000570,291,38,253
222000571,695,19,676
222000577,19,63,-44
222000578,16,77,-61
222000579,17,93,-76
222000580,38,679,-641
222000599,0,81,-81
222000600,1,192,-191
222000601,9,604,-595
222000603,19,81,-62
222000604,5,104,-99
222000605,20,55,-35
222000606,2,46,-44
222000607,8,13,-5
222000608,29,32,-3
222000609,82,101,-19
222000616,747,64,683
222000617,19,34,-15
222000618,4,12,-8
222000620,33,34,-1
222000621,55,65,-10
222000623,985,23,962
222000624,792,2,790
222000625,1795,13,1782
222000636,70,4,66
222000686,47,23,24
222000687,41,44,-3
222001066,516,1,515
222001067,120,7,113
222001068,183,24,159
222001069,193,16,177
222001082,52,21,31
222001083,96,16,80
222001084,1,42,-41
222001085,1,294,-293
222001111,106,33,73
222001112,396,32,364
222001313,26,14,12
222001314,11,112,-101
222001464,83,53,30
222001465,11,58,-47
222001484,245,74,171
222001485,20,93,-73
222001494,1242,130,1112
222001495,149,97,52
222001496,695,93,602
222001497,120,161,-41
222001502,14,56,-42
222001503,232,22,210
222001504,40,182,-142
222001505,661,14,647
222001506,62,320,-258
222001507,330,27,303
222001510,1016,59,957
222001511,90,162,-72
222001514,1363,193,1170
222001515,122,321,-199
222001518,869,63,806
222001519,106,93,13
222001527,267,135,132
222001528,19,149,-130
222001529,736,41,695
222001530,103,178,-75
222001533,153,160,-7
222001534,891,67,824
222001535,469,359,110
222001536,89,86,3
222001537,689,40,649
222001538,58,359,-301
222001563,1469,250,1219
222001564,119,157,-38
222001568,241,293,-52
222001576,2,9,-7
222001579,1,36,-35
222001583,12,60,-48
222001584,234,11,223
222001596,804,3136,-2332
222001597,1744,1765,-21
222001626,0,64,-64
222001650,40,345,-305
222001651,78,591,-513
222001914,353,68,285
222001915,39,190,-151
222900004,614,283,331
222900009,199,448,-249
222900019,203,528,-325
222900024,91,15,76
222900025,14,22,-8
225000001,612,126,486
225000002,1026,184,842
225000003,1101,65,1036
225000004,660,303,357
225000005,145,67,78
225000006,2,214,-212
225000007,1085,1173,-88
225000010,358,26,332
225000011,536,1681,-1145
225000012,376,879,-503
225000013,202,127,75
225000014,715,137,578
225000015,132,119,13
225000021,848,109,739
225000027,231,433,-202
225000032,887,117,770
225000042,65,540,-475
225000049,43,66,-23
225000050,166,10,156
225000053,9,296,-287
225000058,751,228,523
225000067,262,180,82
225000068,126,160,-34
225000069,64,300,-236
225000070,124,231,-107
225000071,49,61,-12
225000075,27,707,-680
225000076,36,111,-75
225000078,64,37,27
225000085,153,101,52
225000086,387,106,281
225000087,220,18,202
225000088,9,238,-229
225000089,72,855,-783
225000090,48,460,-412
225000091,170,93,77
225000092,49,98,-49
225000093,313,167,146
225000094,9,91,-82
225000095,271,241,30
225000096,149,313,-164
225000098,1284,304,980
225000099,707,167,540
225000100,765,182,583
225000104,93,319,-226
225000110,13,375,-362
225000111,278,675,-397
225000112,288,989,-701
225000113,243,564,-321
225000114,177,270,-93
225000115,969,662,307
225000116,478,186,292
225000117,899,414,485
225000118,1527,361,1166
225000119,459,93,366
225000120,948,45,903
225000121,210,19,191
225000123,668,12,656
225000125,861,139,722
225000126,938,213,725
225000127,533,2726,-2193
225000128,595,1348,-753
225000132,705,38,667
225000133,322,40,282
225000134,864,150,714
225000135,124,23,101
225000136,628,23,605
225000137,375,57,318
225000138,591,134,457
225000143,53,257,-204
225000144,4,322,-318
225000145,54,27,27
225000146,111,32,79
225000147,74,105,-31
225000148,29,124,-95
225000149,63,234,-171
225000151,49,141,-92
225000155,282,297,-15
225000156,247,856,-609
225000157,413,293,120
225000158,81,179,-98
225000171,9,124,-115
225000180,16,4,12
225000181,0,67,-67
225000182,96,5,91
225000185,3,310,-307
225000187,68,306,-238
225000191,61,2,59
225000194,0,10,-10
225000208,1,59,-58
225000209,181,13,168
225000210,7,289,-282
225000217,0,14,-14
225000218,6,1,5
225000223,0,70,-70
225000224,54,0,54
225000225,0,25,-25
225000226,18,2,16
225000227,68,78,-10
225000228,10,8,2
225000229,0,45,-45
225000230,3,4,-1
225000231,1,28,-27
225000232,140,4,136
225000241,60,0,60
225000242,0,54,-54
225000249,3,0,3
225000250,73,478,-405
225000251,704,93,611
225000254,1,37,-36
225000256,2,201,-199
225000257,0,31,-31
226000042,142,387,-245
226000043,29,268,-239
226000044,113,416,-303
226000045,43,228,-185
226000046,914,94,820
226000047,519,126,393
226000048,536,143,393
226000049,445,294,151
226000070,0,16,-16
226000071,0,49,-49
226000072,0,8,-8
226000073,0,6,-6
226000074,0,16,-16
226000084,1,13,-12
226000085,0,9,-9
226000086,0,10,-10
226000087,3,28,-25
226000088,5,87,-82
226000090,113,225,-112
226000091,57,151,-94
226000092,3,36,-33
226000093,32,3,29
226000094,8,3,5
226000095,7,6,1
226000105,18,1,17
226000106,24,0,24
226000107,16,0,16
226000108,18,0,18
226000109,229,76,153
226000124,264,82,182
226000134,1509,790,719
226000135,2594,851,1743
226000136,1021,622,399
226000137,4,137,-133
226000138,3,94,-91
226000139,0,53,-53
226000156,381,7,374
226000157,360,6,354
226000163,89,261,-172
226000202,12,125,-113
226000231,524,7,517
226000232,67,8,59
227000033,417,36,381
227000036,649,39,610
227000037,506,42,464
227000038,122,33,89
227000084,6,94,-88
227000085,0,71,-71
227000088,70,3,67
227000089,137,0,137
227000090,28,1,27
227000091,20,2,18
227000092,37,0,37
227000093,136,0,136
227000094,10,0,10
227000130,46,176,-130
227000131,24,109,-85
227000132,9,83,-74
227000133,17,88,-71
227000134,22,179,-157
227000152,0,10,-10
227000153,0,103,-103
227000154,0,41,-41
227000155,2,41,-39
227000156,0,20,-20
227000165,5,132,-127
227000196,701,91,610
227000199,741,231,510
227000230,6,147,-141
227000232,921,19,902
227000242,51,425,-374
227000243,423,77,346
227000245,9,232,-223
227000246,121,232,-111
227000247,582,34,548
227000248,176,45,131
227000249,28,47,-19
227000250,336,277,59
227000251,72,243,-171
227000252,51,128,-77
227000253,210,15,195
227000262,754,48,706
227000266,2308,28,2280
227000267,10,548,-538
227000282,2,60,-58
227000284,1100,25,1075
227000286,0,31,-31
227000291,6,300,-294
227000296,236,436,-200
227000484,219,16,203
227000485,7,733,-726
227000655,338,2,336
227000656,918,47,871
227000657,175,15,160
227000704,360,17,343
229000265,38,8,30
229000266,2,0,2
229000267,20,1,19
229000268,27,0,27
229000269,55,0,55
229000274,0,81,-81
229000275,1,30,-29
229000276,0,30,-30
229000277,0,6,-6
229000278,1,4,-3
229000295,34,16,18
229000296,7,27,-20
229000297,21,16,5
229000298,6,151,-145
229000320,29,14,15
229000321,15,16,-1
229000412,23,32,-9
229000414,24,48,-24
229000415,6,4,2
229000416,3,11,-8
229000417,0,4,-4
229000419,112,361,-249
229000440,434,144,290
229000442,16,52,-36
229000443,10,6,4
229000444,1,37,-36
229000445,84,6,78
229000446,127,39,88
229000491,4,20,-16
229000492,11,37,-26
229000493,11,37,-26
229000494,90,6,84
229000495,170,9,161
229000496,124,5,119
229000507,0,39,-39
229000508,1,45,-44
229000509,2,100,-98
229000510,3,65,-62
229000511,1,22,-21
229000512,1,24,-23
229000513,0,11,-11
229000514,1,5,-4
229000517,15,3,12
229000518,23,17,6
229000519,2,5,-3
229000520,11,13,-2
229000521,70,26,44
229000522,9,4,5
229000523,8,4,4
229000524,5,12,-7
229000527,1,0,1
229000528,0,0,0
229000529,18,0,18
229000530,100,2,98
229000531,57,0,57
229000532,11,2,9
229000533,77,0,77
229000534,62,0,62
229000564,136,0,136
229000565,84,0,84
229000566,0,1,-1
229000567,0,26,-26
229000582,127,2,125
229000583,7,2,5
229000584,0,15,-15
229000585,1,81,-80
229000718,0,8,-8
229000719,0,1,-1
229000720,0,7,-7
229000721,0,4,-4
229000722,0,7,-7
229000723,0,1,-1
229000724,0,9,-9
229000725,0,5,-5
229000738,2,0,2
229000739,0,0,0
229000740,2,0,2
229000741,54,0,54
229000742,12,0,12
229000743,19,0,19
229000744,5,0,5
229000745,1,0,1
229000746,22,2,20
229000847,90,1,89
229000848,15,0,15
229000849,119,0,119
229000851,74,0,74
229000854,0,10,-10
229000856,0,44,-44
229000857,0,19,-19
229000858,0,17,-17
229000919,11,35,-24
229000930,0,215,-215
229000937,93,8,85
229000966,53,61,-8
229000981,24,11,13
229000985,38,36,2
229000986,4,12,-8
229000987,1,3,-2
229000988,2,4,-2
229000989,18,2,16
229000990,6,5,1
229000991,2,8,-6
229000992,39,16,23
229000993,224,21,203
229000998,22,41,-19
229000999,99,13,86
229001034,2,16,-14
229001035,9,1,8
229001036,10,49,-39
229001037,100,1,99
229001038,0,12,-12
229001039,3,0,3
229001040,0,51,-51
229001041,156,2,154
229001042,46,23,23
229001047,8,33,-25
229001050,52,19,33
229001168,3,26,-23
229001200,26,36,-10
229001338,4,29,-25
229001394,216,2,214
229001422,196,23,173
229001423,25,95,-70
229001431,85,52,33
229001432,25,46,-21
229001444,346,50,296
229001445,53,137,-84
229001479,47,3,44
229001503,349,89,260
229001504,151,89,62
229001505,170,33,137
229001506,73,67,6
229001509,46,5,41
229001510,8,51,-43
229001545,116,8,108
229001546,8,52,-44
229001553,161,25,136
229001554,9,61,-52
229001630,154,7,147
229001631,17,21,-4
229001635,1,26,-25
229001636,1,1,0
229001658,1,131,-130
229001659,50,2,48
229001660,6,21,-15
229001661,12,65,-53
229001662,41,23,18
229001663,0,8,-8
229002584,258,289,-31
229002831,124,144,-20
229002841,18,22,-4
229002842,72,30,42
229002843,104,13,91
229002844,44,107,-63
229002845,18,119,-101
229002846,35,30,5
229002847,5,20,-15
229002848,24,25,-1
229002849,3,64,-61
229002850,35,4,31
229002851,35,137,-102
229002852,216,60,156
229002853,152,16,136
229002854,68,50,18
229002855,13,20,-7
229002856,51,8,43
229002857,11,133,-122
229002858,23,10,13
229002859,34,89,-55
229002860,102,20,82
229002861,93,39,54
229002862,52,52,0
229002863,43,50,-7
229002864,32,22,10
229002865,12,27,-15
229002866,60,42,18
229002867,2,32,-30
229002868,10,39,-29
229002869,14,96,-82
229002870,65,26,39
235000066,253,40,213
235000067,101,64,37
235000072,24,84,-60
235000073,114,501,-387
235000074,103,32,71
235000080,19,35,-16
235000081,151,77,74
235000082,169,22,147
235000083,362,60,302
235000084,72,77,-5
235000085,233,72,161
235000089,34,38,-4
235000092,69,163,-94
235000093,15,17,-2
235000097,3,6,-3
235000098,93,4,89
235000099,14,44,-30
235000116,32,8,24
235000117,471,16,455
235000133,11,740,-729
235000134,14,232,-218
235000206,3,8,-5
235000207,10,12,-2
235000208,4,1,3
235000209,0,0,0
235000210,17,2,15
235000212,3,17,-14
235000213,0,28,-28
235000220,5,9,-4
235000221,21,29,-8
235000238,10,256,-246
235000239,3,76,-73
235000242,438,1354,-916
235000245,320,151,169
235000246,54,65,-11
235000284,14,123,-109
235000295,119,32,87
235000305,389,24,365
235000306,564,23,541
235000307,24,7,17
235000308,24,1,23
235000309,69,2,67
235000310,52,3,49
235000311,267,17,250
235000322,0,35,-35
235000323,0,38,-38
235000324,2,47,-45
235000325,0,64,-64
235000326,1,59,-58
235000351,1,60,-59
235000352,19,43,-24
235000353,4,37,-33
235000354,12,76,-64
235000355,11,91,-80
235000356,110,13,97
235000357,68,7,61
235000358,59,7,52
235000359,20,9,11
235000360,81,6,75
235000361,89,5,84
235000381,254,44,210
235000382,301,42,259
235000390,10,8,2
235000391,193,31,162
235000392,350,338,12
235000393,232,192,40
235000395,176,66,110
235000396,825,93,732
235000400,303,158,145
235000401,10,124,-114
235000405,153,97,56
235000406,47,100,-53
235000407,45,59,-14
235000409,132,31,101
235000410,45,133,-88
235000411,0,30,-30
235000485,0,9,-9
235000486,20,0,20
235000549,155,121,34
235000550,250,93,157
235000599,153,30,123
235000600,12,20,-8
235000601,16,24,-8
235000602,92,29,63
235000614,2,8,-6
235000648,0,10,-10
235000649,52,10,42
235000685,1,2,-1
235000815,28,237,-209
235000834,0,9,-9
235000855,46,31,15
235000862,45,70,-25
235000891,0,17,-17
235000892,13,1,12
235000901,71,70,1
235000907,3,16,-13
235001010,152,37,115
235001029,153,153,0
235001030,311,167,144
235001078,100,117,-17
235001079,48,68,-20
235001147,1,122,-121
235001166,13,38,-25
235001167,68,28,40
235001169,19,299,-280
235001188,1,29,-28
235001189,7,0,7
235001197,1,14,-13
235001200,77,51,26
235001208,27,36,-9
235001209,20,82,-62
235001210,32,143,-111
235001239,0,48,-48
235001244,0,18,-18
235016267,0,33,-33
241900007,65,1,64
277101746,0,1,-1
277102712,0,0,0
277103813,0,0,0
277103814,0,0,0
277103898,0,1,-1
277104249,0,1,-1
277104250,0,1,-1
277104251,0,4,-4
277104252,0,5,-5
990011530,0,275,-275
990014944,1,257,-256
990015176,67,4,63
990015618,2,122,-120
990016032,3,288,-285
990032570,4,821,-817
990070001,122,11,111
990070103,0,4,-4
990070601,2,62,-60
990070751,2664,0,2664
990070766,1,246,-245
990071180,581,255,326
990071343,35,2,33
990071387,0,8,-8
990071823,469,4,465
990072600,10,1680,-1670
990072964,0,289,-289
990073285,0,2,-2
990074393,1,469,-468
990074870,2403,196,2207
990075106,1215,169,1046
990075746,1014,56,958
990076437,3942,9,3933
990076458,1,249,-248
997000007,433,13,420
997000041,1,343,-342
997000058,60,0,60
997000062,73,50,23
997000069,0,5,-5
997000070,0,15,-15
997000100,130,0,130
997000141,2,1074,-1072
997000198,0,440,-440
998000475,0,1,-1
998000736,0,70,-70
998000965,0,25,-25
998001031,0,73,-73
998001700,0,36,-36
998001899,0,1,-1
998001900,8,1,7
998003073,1487,1,1486
998101900,0,0,0
998102850,5,297,-292
998501927,604,1782,-1178
998501929,142,5,137
998501930,105,18,87
998501931,195,35,160
998501932,4,0,4
998501933,115,25,90
998501937,50,4,46
998501944,21,3,18
998501950,0,0,0
998501970,149,21,128
998501971,0,87,-87
998501973,0,47,-47
998501974,0,127,-127
998501975,85,0,85
998501976,92,1,91
998501977,6,34,-28
998501978,9,0,9
998501979,0,10,-10
998501980,102,1,101
998501981,32,2,30
998501982,0,153,-153
998502006,0,0,0
998502024,0,8,-8
998502032,0,2,-2
998502062,4,0,4
998502063,0,0,0
998502173,16,0,16
998502269,0,1,-1
998601159,7,52,-45
998601292,0,38,-38
999033574,0,157,-157
999800001,68,27,41
999800002,0,5,-5
999800003,1,3,-2
999800004,0,8,-8
999800005,0,15,-15
