dong,insum,outsum,diff
강남구 개포1동,181,181,0
강남구 개포2동,2733,2217,516
강남구 개포4동,1942,1698,244
강남구 논현1동,9292,11231,-1939
강남구 논현2동,4128,6743,-2615
강남구 대치1동,1615,3350,-1735
강남구 대치2동,4885,9753,-4868
강남구 대치4동,4861,5613,-752
강남구 도곡1동,3954,5046,-1092
강남구 도곡2동,792,1214,-422
강남구 삼성1동,6627,13125,-6498
강남구 삼성2동,2618,5904,-3286
강남구 세곡동,7847,3333,4514
강남구 수서동,2137,5664,-3527
강남구 신사동,4144,7597,-3453
강남구 압구정동,10240,15398,-5158
강남구 역삼1동,12020,20128,-8108
강남구 역삼2동,3682,5726,-2044
강남구 일원1동,1197,672,525
강남구 일원2동,63,110,-47
강남구 일원본동,1479,1622,-143
강남구 청담동,6706,12781,-6075
강동구 강일동,6083,1453,4630
강동구 고덕제1동,1006,517,489
강동구 고덕제2동,2088,3246,-1158
강동구 길동,4998,3315,1683
강동구 둔촌제1동,54,355,-301
강동구 둔촌제2동,1241,768,473
강동구 명일제1동,2535,2156,379
강동구 명일제2동,1418,1173,245
강동구 상일동,2459,2735,-276
강동구 성내제1동,1807,1366,441
강동구 성내제2동,1742,5060,-3318
강동구 성내제3동,2973,2375,598
강동구 암사제1동,1315,193,1122
강동구 암사제2동,1005,1568,-563
강동구 암사제3동,838,103,735
강동구 천호제1동,1627,572,1055
강동구 천호제2동,3636,2798,838
강동구 천호제3동,3336,2472,864
강북구 미아동,5200,4816,384
강북구 번1동,6425,8150,-1725
강북구 번2동,4462,1500,2962
강북구 번3동,8114,2217,5897
강북구 삼각산동,1885,759,1126
강북구 삼양동,8012,2462,5550
강북구 송중동,11172,10952,220
강북구 송천동,17720,10013,7707
강북구 수유1동,10838,4647,6191
강북구 수유2동,6265,1835,4430
강북구 수유3동,13712,13929,-217
강북구 우이동,6852,2258,4594
강북구 월곡제1동,1006,591,415
강북구 인수동,5914,1399,4515
강서구 가양제1동,2801,2331,470
강서구 가양제2동,788,641,147
강서구 가양제3동,1751,710,1041
강서구 공항동,2913,2904,9
강서구 등촌제1동,3203,5096,-1893
강서구 등촌제2동,2769,1491,1278
강서구 등촌제3동,4049,4877,-828
강서구 발산제1동,6046,4838,1208
강서구 방화제1동,3415,1207,2208
강서구 방화제2동,4046,2876,1170
강서구 방화제3동,1498,126,1372
강서구 염창동,2097,1385,712
강서구 우장산동,3793,3765,28
강서구 화곡본동,4360,1541,2819
강서구 화곡제1동,11604,10125,1479
강서구 화곡제2동,3841,1069,2772
강서구 화곡제3동,2550,3990,-1440
강서구 화곡제4동,2981,1707,1274
강서구 화곡제6동,6977,3600,3377
강서구 화곡제8동,3708,3555,153
관악구 낙성대동,7407,11219,-3812
관악구 난곡동,11662,1289,10373
관악구 난향동,4626,958,3668
관악구 남현동,6476,5576,900
관악구 대학동,8809,3942,4867
관악구 미성동,9246,5648,3598
관악구 보라매동,5831,3937,1894
관악구 삼성동,9105,3539,5566
관악구 서림동,10308,2612,7696
관악구 서원동,7760,14895,-7135
관악구 성현동,6741,1829,4912
관악구 신림동,11187,15877,-4690
관악구 신사동,5669,3936,1733
관악구 신원동,1193,321,872
관악구 은천동,7946,4660,3286
관악구 인헌동,2327,756,1571
관악구 조원동,8506,20104,-11598
관악구 중앙동,2488,1662,826
관악구 청룡동,4506,8501,-3995
관악구 청림동,2004,432,1572
관악구 행운동,9214,9995,-781
광진구 광장동,848,1937,-1089
광진구 구의제1동,3641,2053,1588
광진구 구의제2동,3140,3481,-341
광진구 구의제3동,1013,1444,-431
광진구 군자동,6091,6210,-119
광진구 능동,4944,5140,-196
광진구 자양제1동,1167,1078,89
광진구 자양제2동,5538,1925,3613
광진구 자양제3동,1219,493,726
광진구 자양제4동,7796,6799,997
광진구 중곡제1동,4155,2364,1791
광진구 중곡제2동,3831,4210,-379
광진구 중곡제3동,4589,1748,2841
광진구 중곡제4동,1248,668,580
광진구 화양동,4091,6440,-2349
구로구 가리봉동,6533,6063,470
구로구 개봉제1동,9915,7010,2905
구로구 개봉제2동,6438,5223,1215
구로구 개봉제3동,2936,1088,1848
구로구 고척제1동,5987,3051,2936
구로구 고척제2동,6784,1228,5556
구로구 구로제1동,2248,2103,145
구로구 구로제2동,12686,10785,1901
구로구 구로제3동,9471,17743,-8272
구로구 구로제4동,12137,6248,5889
구로구 구로제5동,4996,11104,-6108
구로구 수궁동,6233,5185,1048
구로구 신도림동,5669,17241,-11572
구로구 오류제1동,4359,2964,1395
구로구 오류제2동,2746,1718,1028
구로구 항동,263,530,-267
금천구 가산동,10866,12263,-1397
금천구 독산제1동,13838,9126,4712
금천구 독산제2동,11548,3035,8513
금천구 독산제3동,14325,8008,6317
금천구 독산제4동,8957,3097,5860
금천구 미성동,49,50,-1
금천구 시흥제1동,8715,7333,1382
금천구 시흥제2동,4532,1590,2942
금천구 시흥제3동,3628,4457,-829
금천구 시흥제4동,8797,760,8037
금천구 시흥제5동,10636,2212,8424
노원구 공릉1동,6510,6146,364
노원구 공릉2동,4864,5772,-908
노원구 상계10동,1828,1912,-84
노원구 상계1동,3815,2296,1519
노원구 상계2동,3251,5054,-1803
노원구 상계3.4동,1637,386,1251
노원구 상계5동,2205,639,1566
노원구 상계6.7동,3202,3867,-665
노원구 상계8동,2825,1419,1406
노원구 상계9동,1516,1205,311
노원구 월계1동,7888,7698,190
노원구 월계2동,4607,1335,3272
노원구 월계3동,2890,2588,302
노원구 중계1동,3017,1123,1894
노원구 중계2.3동,3788,3373,415
노원구 중계4동,1894,2577,-683
노원구 중계본동,4048,752,3296
노원구 하계1동,5261,3241,2020
노원구 하계2동,2904,2678,226
도봉구 도봉제1동,5930,2447,3483
도봉구 도봉제2동,2165,3564,-1399
도봉구 방학제1동,6049,2651,3398
도봉구 방학제2동,3462,850,2612
도봉구 방학제3동,6386,1621,4765
도봉구 쌍문제1동,2185,549,1636
도봉구 쌍문제2동,7878,4848,3030
도봉구 쌍문제3동,3483,6137,-2654
도봉구 쌍문제4동,3689,943,2746
도봉구 창제1동,3906,6051,-2145
도봉구 창제2동,3170,1684,1486
도봉구 창제3동,4653,1639,3014
도봉구 창제4동,2575,4764,-2189
도봉구 창제5동,947,1498,-551
동대문구 답십리제1동,5102,5121,-19
동대문구 답십리제2동,7450,4399,3051
동대문구 면목제5동,40,45,-5
동대문구 용신동,16727,21800,-5073
동대문구 이문제1동,3440,3018,422
동대문구 이문제2동,1660,1504,156
동대문구 장안제1동,6624,7328,-704
동대문구 장안제2동,6208,2865,3343
동대문구 전농제1동,7958,8598,-640
동대문구 전농제2동,6222,2287,3935
동대문구 제기동,13049,13085,-36
동대문구 청량리동,13305,15172,-1867
동대문구 회기동,1465,1645,-180
동대문구 휘경제1동,6075,6106,-31
동대문구 휘경제2동,4074,3957,117
동작구 노량진제1동,12071,17900,-5829
동작구 노량진제2동,5844,5565,279
동작구 대방동,8568,7994,574
동작구 사당제1동,3800,3061,739
동작구 사당제2동,3605,3832,-227
동작구 사당제3동,3095,1209,1886
동작구 사당제4동,585,273,312
동작구 사당제5동,2430,748,1682
동작구 상도제1동,9998,8969,1029
동작구 상도제2동,5347,4002,1345
동작구 상도제3동,4933,1495,3438
동작구 상도제4동,4054,893,3161
동작구 신대방제1동,2998,2292,706
동작구 신대방제2동,6173,6384,-211
동작구 흑석동,7220,5798,1422
마포구 공덕동,3631,3795,-164
마포구 대흥동,5539,6521,-982
마포구 도화동,756,1118,-362
마포구 망원제1동,2694,707,1987
마포구 망원제2동,2500,1225,1275
마포구 상암동,7901,10132,-2231
마포구 서강동,1451,1576,-125
마포구 서교동,14370,18107,-3737
마포구 성산제1동,3310,1414,1896
마포구 성산제2동,5298,2695,2603
마포구 신수동,390,147,243
마포구 아현동,5641,6387,-746
마포구 연남동,4159,3305,854
마포구 염리동,757,1007,-250
마포구 용강동,3490,3795,-305
마포구 합정동,2605,4717,-2112
서대문구 남가좌제1동,4818,2519,2299
서대문구 남가좌제2동,6145,2190,3955
서대문구 북가좌제1동,2209,2137,72
서대문구 북가좌제2동,7165,1479,5686
서대문구 북아현동,2509,1736,773
서대문구 신촌동,12804,24412,-11608
서대문구 연희동,12878,10203,2675
서대문구 천연동,8461,9826,-1365
서대문구 충현동,4862,11277,-6415
서대문구 홍은제1동,6650,3410,3240
서대문구 홍은제2동,9050,3749,5301
서대문구 홍제제1동,6066,6078,-12
서대문구 홍제제2동,3584,2437,1147
서대문구 홍제제3동,3857,2141,1716
서초구 내곡동,2492,3482,-990
서초구 반포1동,5151,8145,-2994
서초구 반포2동,624,1275,-651
서초구 반포3동,3116,5080,-1964
서초구 반포4동,4358,8453,-4095
서초구 반포본동,2955,4641,-1686
서초구 방배1동,2355,2377,-22
서초구 방배2동,5609,6542,-933
서초구 방배3동,2701,4948,-2247
서초구 방배4동,3843,3125,718
서초구 방배본동,1806,1443,363
서초구 서초1동,1452,3515,-2063
서초구 서초2동,5788,14723,-8935
서초구 서초3동,4162,10274,-6112
서초구 서초4동,3492,6756,-3264
서초구 양재1동,9080,11633,-2553
서초구 양재2동,5038,4539,499
서초구 잠원동,6295,10929,-4634
성동구 금호1가동,1239,337,902
성동구 금호2.3가동,2767,1018,1749
성동구 금호4가동,2179,1398,781
성동구 마장동,3603,5140,-1537
성동구 사근동,1741,2241,-500
성동구 성수1가제1동,2730,2745,-15
성동구 성수1가제2동,1462,2371,-909
성동구 성수2가제1동,3653,1894,1759
성동구 성수2가제3동,1628,3509,-1881
성동구 송정동,2978,1394,1584
성동구 옥수동,1754,945,809
성동구 왕십리도선동,2444,3400,-956
성동구 왕십리제2동,3209,3475,-266
성동구 용답동,4735,4322,413
성동구 응봉동,1546,1050,496
성동구 행당제1동,2234,3800,-1566
성동구 행당제2동,4479,3625,854
성북구 길음제1동,8866,7933,933
성북구 길음제2동,3028,5534,-2506
성북구 돈암제1동,7380,5242,2138
성북구 돈암제2동,2505,1156,1349
성북구 동선동,6277,7343,-1066
성북구 보문동,2583,2839,-256
성북구 삼선동,6717,5805,912
성북구 석관동,4865,4369,496
성북구 성북동,9281,8882,399
성북구 안암동,2677,5387,-2710
성북구 월곡제1동,4668,4725,-57
성북구 월곡제2동,2318,2551,-233
성북구 장위제1동,5639,1375,4264
성북구 장위제2동,3085,2310,775
성북구 장위제3동,2219,2107,112
성북구 정릉제1동,4266,3431,835
성북구 정릉제2동,7340,2475,4865
성북구 정릉제3동,1669,1720,-51
성북구 정릉제4동,7763,1622,6141
성북구 종암동,11953,8635,3318
송파구 가락1동,224,595,-371
송파구 가락2동,4270,3764,506
송파구 가락본동,4536,5473,-937
송파구 거여1동,1759,888,871
송파구 거여2동,679,47,632
송파구 마천1동,3174,642,2532
송파구 마천2동,5490,1277,4213
송파구 문정1동,1603,766,837
송파구 문정2동,3986,5031,-1045
송파구 방이1동,1269,811,458
송파구 방이2동,3999,4347,-348
송파구 삼전동,4920,1910,3010
송파구 석촌동,5543,5863,-320
송파구 송파1동,3975,2831,1144
송파구 송파2동,1226,1116,110
송파구 오금동,3930,3551,379
송파구 오륜동,1098,1705,-607
송파구 위례동,3879,781,3098
송파구 잠실2동,1440,2326,-886
송파구 잠실3동,7671,10212,-2541
송파구 잠실4동,214,540,-326
송파구 잠실6동,1964,7185,-5221
송파구 잠실7동,2105,3348,-1243
송파구 잠실본동,5244,4778,466
송파구 장지동,5075,1418,3657
송파구 풍납1동,4490,1784,2706
송파구 풍납2동,4084,4863,-779
양천구 목1동,4988,7138,-2150
양천구 목2동,3617,4703,-1086
양천구 목3동,5348,5938,-590
양천구 목4동,6114,2094,4020
양천구 목5동,3870,4436,-566
양천구 신월1동,4365,1064,3301
양천구 신월2동,3592,2236,1356
양천구 신월3동,4824,2152,2672
양천구 신월4동,4051,1053,2998
양천구 신월5동,3081,1990,1091
양천구 신월6동,2611,1688,923
양천구 신월7동,8608,2351,6257
양천구 신정1동,2420,3408,-988
양천구 신정2동,1289,678,611
양천구 신정3동,9051,4038,5013
양천구 신정4동,5487,8653,-3166
양천구 신정6동,1136,1051,85
양천구 신정7동,2208,1832,376
영등포구 당산제1동,3993,6131,-2138
영등포구 당산제2동,3565,7525,-3960
영등포구 대림제1동,4246,3864,382
영등포구 대림제2동,1880,2592,-712
영등포구 대림제3동,3490,2410,1080
영등포구 도림동,1370,518,852
영등포구 문래동,3724,6071,-2347
영등포구 신길제1동,8773,5092,3681
영등포구 신길제3동,8193,3334,4859
영등포구 신길제4동,3450,1310,2140
영등포구 신길제5동,4169,3561,608
영등포구 신길제6동,3269,3020,249
영등포구 신길제7동,2206,2171,35
영등포구 양평제1동,1949,2060,-111
영등포구 양평제2동,3494,4289,-795
영등포구 여의동,19153,43365,-24212
영등포구 영등포동,13831,20783,-6952
영등포구 영등포본동,5149,9612,-4463
용산구 남영동,8026,11940,-3914
용산구 보광동,2825,741,2084
용산구 서빙고동,2444,3901,-1457
용산구 용문동,692,561,131
용산구 용산2가동,2822,1263,1559
용산구 원효로제1동,2501,2668,-167
용산구 원효로제2동,2523,1056,1467
용산구 이촌제1동,1906,3971,-2065
용산구 이촌제2동,1391,350,1041
용산구 이태원제1동,4714,3364,1350
용산구 이태원제2동,1229,800,429
용산구 청파동,3587,2111,1476
용산구 필동,2,45,-43
용산구 한강로동,6087,14857,-8770
용산구 한남동,9766,13164,-3398
용산구 효창동,1931,883,1048
용산구 후암동,2474,899,1575
은평구 갈현제1동,5218,1715,3503
은평구 갈현제2동,2898,1033,1865
은평구 구산동,7288,1017,6271
은평구 녹번동,5527,4067,1460
은평구 대조동,9119,9507,-388
은평구 불광제1동,3968,3037,931
은평구 불광제2동,6202,4833,1369
은평구 수색동,3283,2484,799
은평구 신사제1동,5413,3531,1882
은평구 신사제2동,3404,1824,1580
은평구 역촌동,8591,3613,4978
은평구 응암제1동,7462,8882,-1420
은평구 응암제2동,3012,542,2470
은평구 응암제3동,4488,2053,2435
은평구 증산동,3594,3441,153
은평구 진관동,7265,5320,1945
종로구 가회동,23,2,21
종로구 교남동,336,605,-269
종로구 무악동,520,651,-131
종로구 부암동,3190,1691,1499
종로구 사직동,7322,17393,-10071
종로구 삼청동,364,1686,-1322
종로구 숭인제1동,214,69,145
종로구 숭인제2동,5925,8937,-3012
종로구 이화동,4010,6244,-2234
종로구 종로1.2.3.4가동,16877,42154,-25277
종로구 종로5.6가동,5578,4817,761
종로구 창신제1동,9123,3179,5944
종로구 창신제2동,5258,4573,685
종로구 창신제3동,225,195,30
종로구 청운효자동,1494,2114,-620
종로구 충현동,797,760,37
종로구 평창동,3262,2391,871
종로구 혜화동,7321,8925,-1604
중구 광희동,15974,9704,6270
중구 다산동,3079,2863,216
중구 동화동,179,157,22
중구 명동,3701,16117,-12416
중구 소공동,8534,18442,-9908
중구 신당동,7549,2800,4749
중구 신당제5동,2280,1784,496
중구 약수동,1062,638,424
중구 을지로동,1099,6208,-5109
중구 장충동,842,2161,-1319
중구 중림동,1470,2753,-1283
중구 청구동,590,555,35
중구 필동,1331,2731,-1400
중구 황학동,2598,2285,313
중구 회현동,14420,28491,-14071
중랑구 망우본동,8163,4596,3567
중랑구 망우제3동,3695,680,3015
중랑구 면목본동,6548,5021,1527
중랑구 면목제2동,4387,1629,2758
중랑구 면목제3.8동,5325,3606,1719
중랑구 면목제4동,3643,2145,1498
중랑구 면목제5동,3591,1994,1597
중랑구 면목제7동,2407,1764,643
중랑구 묵제1동,2452,3002,-550
중랑구 묵제2동,2991,1161,1830
중랑구 상봉제1동,4320,3206,1114
중랑구 상봉제2동,4246,6530,-2284
중랑구 신내1동,7876,2020,5856
중랑구 신내2동,4708,3394,1314
중랑구 중화제1동,1299,2215,-916
중랑구 중화제2동,7759,5839,1920
NA,171049,82995,88054
