ID,insum,outsum,diff
100000001,668,962,-294
100000002,4695,2202,2493
100000003,7935,4498,3437
100000004,1337,1365,-28
100000005,2812,4949,-2137
100000006,1037,221,816
100000007,2838,1015,1823
100000008,550,640,-90
100000009,1666,977,689
100000010,418,164,254
100000011,1239,184,1055
100000012,158,931,-773
100000013,1366,301,1065
100000014,1214,363,851
100000015,2017,3255,-1238
100000016,1080,1569,-489
100000017,1165,1105,60
100000018,2014,838,1176
100000019,5395,2127,3268
100000020,2858,9818,-6960
100000021,5736,2770,2966
100000022,2290,2863,-573
100000023,5995,2512,3483
100000025,2296,1463,833
100000028,2742,1284,1458
100000029,361,348,13
100000030,298,70,228
100000031,5555,8741,-3186
100000032,3334,4902,-1568
100000033,975,2992,-2017
100000034,547,562,-15
100000035,2170,1694,476
100000036,2857,1459,1398
100000037,797,564,233
100000038,2313,1100,1213
100000039,1309,294,1015
100000040,427,218,209
100000041,1567,691,876
100000042,1755,680,1075
100000043,1393,576,817
100000044,422,874,-452
100000045,707,1467,-760
100000046,990,1150,-160
100000047,501,809,-308
100000048,1559,713,846
100000049,2152,2405,-253
100000051,589,1216,-627
100000053,294,20,274
100000054,681,53,628
100000055,1580,325,1255
100000056,647,539,108
100000057,2315,813,1502
100000058,1295,1702,-407
100000059,30,192,-162
100000060,395,409,-14
100000061,2354,661,1693
100000062,3015,697,2318
100000063,776,281,495
100000064,1494,359,1135
100000065,525,1085,-560
100000066,233,803,-570
100000067,684,777,-93
100000068,658,2022,-1364
100000069,369,1691,-1322
100000072,406,1241,-835
100000073,1369,1225,144
100000075,780,337,443
100000076,2970,3051,-81
100000077,391,250,141
100000078,36,54,-18
100000079,55,65,-10
100000080,49,71,-22
100000081,200,260,-60
100000102,2990,2277,713
100000103,4610,1947,2663
100000104,5614,3084,2530
100000105,3288,1708,1580
100000106,3256,2438,818
100000107,979,1064,-85
100000108,999,1530,-531
100000109,3347,1663,1684
100000116,1770,1268,502
100000117,97,122,-25
100000118,1903,1338,565
100000119,676,974,-298
100000121,282,512,-230
100000122,1046,1207,-161
100000123,4989,4610,379
100000124,7351,6821,530
100000125,4146,1751,2395
100000126,965,468,497
100000127,2032,494,1538
100000128,2574,2523,51
100000129,550,486,64
100000130,511,674,-163
100000131,3307,3418,-111
100000132,1731,3497,-1766
100000133,7768,2692,5076
100000135,692,1437,-745
100000139,568,378,190
100000140,541,380,161
100000142,547,608,-61
100000143,1596,770,826
100000144,4041,1040,3001
100000147,1310,3077,-1767
100000150,34,543,-509
100000151,1456,1213,243
100000153,312,409,-97
100000154,90,240,-150
100000155,44,52,-8
100000156,652,530,122
100000157,180,187,-7
100000158,314,121,193
100000159,338,689,-351
100000165,1891,1115,776
100000169,523,498,25
100000174,1015,563,452
100000179,110,625,-515
100000180,7628,2694,4934
100000181,801,294,507
100000188,101,280,-179
100000189,2260,466,1794
100000190,914,981,-67
100000191,827,700,127
100000192,88,150,-62
100000193,350,193,157
100000330,1685,1213,472
100000355,354,788,-434
100000362,6219,4001,2218
100000363,4247,5097,-850
100000364,387,307,80
100000365,6065,6909,-844
100000366,7670,3662,4008
100000367,6280,6304,-24
100000368,3571,2088,1483
100000369,1990,2163,-173
100000370,372,871,-499
100000376,121,160,-39
100000379,3054,1812,1242
100000380,5961,4281,1680
100000384,6773,5519,1254
100000385,5444,5002,442
100000386,10643,5447,5196
100000387,6641,6718,-77
100000388,8950,7150,1800
100000389,8727,6894,1833
100000390,10358,6841,3517
100000391,8175,8351,-176
100000392,4802,4438,364
100000393,3973,5214,-1241
100000394,10201,9646,555
100000395,7235,4473,2762
100000396,9169,4307,4862
100000397,6656,6818,-162
100000398,12783,9600,3183
100900002,7,54,-47
100900003,364,234,130
100900004,55,993,-938
100900005,221,65,156
100900006,30,118,-88
100900007,660,23,637
100900008,12,406,-394
100900009,86,175,-89
100900010,136,135,1
100900011,149,294,-145
100900012,2,245,-243
100900013,1668,8,1660
100900014,2,22,-20
100900015,134,113,21
100900016,3,46,-43
100900017,898,133,765
100900018,0,44,-44
100900019,43,444,-401
100900020,367,11,356
100900021,548,3,545
100900022,50,110,-60
100900023,1,81,-80
100900024,1044,6,1038
100900025,34,17,17
100900026,123,143,-20
100900027,891,3702,-2811
100900028,165,270,-105
100900029,82,13,69
100900030,5,100,-95
100900031,763,108,655
100900032,271,0,271
100900033,406,281,125
100900034,496,0,496
100900035,765,10,755
100900036,32,22,10
100900037,110,226,-116
100900038,129,53,76
100900039,267,691,-424
100900040,420,873,-453
100900041,808,735,73
100900042,1908,876,1032
100900043,21,34,-13
100900044,2560,783,1777
100900045,36,0,36
100900046,1893,19,1874
100900047,979,424,555
100900048,308,88,220
100900049,236,218,18
100900050,5,9,-4
100900051,45,143,-98
100900052,598,79,519
100900053,377,46,331
100900054,12,84,-72
100900055,378,721,-343
100900056,226,351,-125
100900057,1008,1501,-493
100900058,316,82,234
100900059,117,12,105
100900060,177,18,159
100900061,374,274,100
100900062,11,40,-29
100900063,271,608,-337
100900064,926,48,878
100900065,100,130,-30
100900066,143,227,-84
100900067,9,17,-8
100900068,253,125,128
100900069,759,17,742
100900070,428,7,421
100900071,878,345,533
100900072,2,49,-47
100900073,149,468,-319
100900074,20,12,8
100900075,2186,561,1625
100900076,34,35,-1
100900077,36,153,-117
100900078,148,439,-291
100900079,12,30,-18
100900080,59,228,-169
100900081,41,161,-120
100900082,243,572,-329
100900083,12,40,-28
100900085,28,257,-229
100900086,186,1286,-1100
100900088,128,668,-540
100900089,3,24,-21
100900090,230,669,-439
100900091,8,42,-34
100900092,359,366,-7
100900093,209,698,-489
100900094,164,556,-392
100900095,9,19,-10
100900096,59,119,-60
100900097,0,4,-4
100900098,35,28,7
100900099,49,605,-556
100900100,33,619,-586
100900101,309,67,242
100900102,440,234,206
100900103,15,22,-7
100900104,7,187,-180
100900105,59,710,-651
100900106,82,9,73
100900107,1945,797,1148
100900108,22,57,-35
100900109,8,33,-25
100900110,5,63,-58
100900111,63,178,-115
100900112,23,17,6
100900113,13,32,-19
100900114,13,21,-8
100900115,12,48,-36
100900116,984,966,18
100900117,357,1015,-658
100900118,25,41,-16
100900119,11,24,-13
100900120,17,20,-3
100900121,419,806,-387
100900122,228,301,-73
100900123,83,274,-191
100900124,12,10,2
100900125,27,89,-62
100900126,236,544,-308
100900127,3,20,-17
100900128,84,173,-89
100900129,0,168,-168
100900131,103,323,-220
100900133,59,98,-39
100900134,6,13,-7
100900135,0,215,-215
100900137,355,215,140
100900138,562,610,-48
100900139,3,5,-2
100900140,9,559,-550
100900141,7,512,-505
100900142,3,20,-17
100900143,1627,485,1142
100900144,62,18,44
100900145,410,238,172
100900146,4,73,-69
100900147,28,482,-454
100900148,31,653,-622
100900149,62,252,-190
100900150,8,32,-24
100900151,183,598,-415
100900152,339,5,334
100900153,8,196,-188
100900154,29,124,-95
100900155,22,41,-19
100900156,41,10,31
100900157,16,269,-253
100900158,155,55,100
100900159,2,56,-54
100900160,31,12,19
100900161,120,29,91
100900162,28,564,-536
100900163,271,295,-24
100900164,76,90,-14
100900165,5,56,-51
100900166,43,10,33
100900167,15,83,-68
100900168,85,164,-79
100900169,200,1108,-908
100900170,81,13,68
100900171,24,670,-646
100900172,0,19,-19
100900173,14,434,-420
100900174,717,106,611
100900176,1839,245,1594
100900177,744,335,409
100900178,335,148,187
100900179,217,473,-256
100900180,28,2,26
100900181,204,138,66
100900182,61,43,18
100900184,15,270,-255
100900186,890,543,347
100900187,14,63,-49
100900188,44,15,29
100900189,1457,286,1171
100900191,1334,1300,34
100900192,363,430,-67
100900195,122,202,-80
100900197,23,117,-94
100900198,90,271,-181
100900199,11,25,-14
100900200,727,754,-27
100900201,157,795,-638
100900202,63,1,62
100900203,1,136,-135
100900204,1040,903,137
100900205,210,694,-484
100900206,172,163,9
100900207,302,158,144
100900210,104,769,-665
100900211,650,274,376
100900213,147,69,78
100900214,901,160,741
100900215,28,112,-84
100900217,139,128,11
101000001,4797,2905,1892
101000002,6240,5995,245
101000003,736,2736,-2000
101000004,10058,7734,2324
101000005,4942,5329,-387
101000006,8795,8122,673
101000007,3323,4157,-834
101000008,3879,3150,729
101000009,2330,1620,710
101000010,1032,1377,-345
101000011,2152,857,1295
101000012,1634,1005,629
101000013,930,1305,-375
101000014,650,831,-181
101000015,1218,1113,105
101000016,471,510,-39
101000017,805,660,145
101000018,4063,3244,819
101000020,4776,1297,3479
101000021,1164,549,615
101000022,367,123,244
101000023,1847,882,965
101000025,266,551,-285
101000026,423,29,394
101000027,2145,2837,-692
101000028,1016,295,721
101000029,498,2046,-1548
101000030,2284,200,2084
101000031,1485,1005,480
101000032,11057,5359,5698
101000033,3074,3639,-565
101000034,2605,1996,609
101000035,1198,929,269
101000036,2061,1140,921
101000037,4007,2008,1999
101000039,3506,2817,689
101000040,4426,3514,912
101000041,14248,9540,4708
101000042,1064,1616,-552
101000043,10368,8943,1425
101000045,2444,1095,1349
101000046,5075,2073,3002
101000047,2975,4194,-1219
101000048,1079,832,247
101000049,1095,2229,-1134
101000050,3663,3486,177
101000051,3171,3381,-210
101000052,1840,1203,637
101000053,1762,2134,-372
101000054,2692,1933,759
101000055,1826,1628,198
101000056,71,139,-68
101000057,2850,1323,1527
101000058,1648,1367,281
101000059,3143,2355,788
101000060,2139,619,1520
101000061,1110,1504,-394
101000062,993,721,272
101000063,630,958,-328
101000064,1451,1088,363
101000065,498,445,53
101000066,1148,960,188
101000067,1606,1078,528
101000068,405,482,-77
101000069,384,136,248
101000070,1662,1353,309
101000071,2336,1083,1253
101000072,1117,3367,-2250
101000073,1144,1064,80
101000074,7754,4204,3550
101000075,6436,5523,913
101000077,2001,1278,723
101000078,1472,2449,-977
101000079,886,408,478
101000080,724,538,186
101000081,2096,1614,482
101000082,3977,3669,308
101000083,2875,2453,422
101000084,1586,1106,480
101000085,1872,1496,376
101000086,1194,1204,-10
101000087,1046,1200,-154
101000088,1508,1306,202
101000089,1242,1849,-607
101000090,2236,1449,787
101000091,477,907,-430
101000092,876,1157,-281
101000093,1709,1085,624
101000094,1167,1122,45
101000095,486,766,-280
101000096,430,698,-268
101000097,524,487,37
101000098,517,666,-149
101000099,1510,1211,299
101000100,1310,1066,244
101000101,382,503,-121
101000102,1248,514,734
101000103,1284,725,559
101000104,468,739,-271
101000105,655,488,167
101000106,1077,956,121
101000107,280,378,-98
101000108,1139,369,770
101000109,335,72,263
101000110,56,618,-562
101000111,206,293,-87
101000113,233,877,-644
101000114,9773,6876,2897
101000115,273,170,103
101000116,387,145,242
101000117,1595,400,1195
101000119,83,100,-17
101000120,174,60,114
101000121,99,75,24
101000122,172,99,73
101000123,80,107,-27
101000124,795,241,554
101000125,291,562,-271
101000128,660,489,171
101000130,330,429,-99
101000131,845,677,168
101000132,702,1149,-447
101000135,71,37,34
101000136,688,216,472
101000137,59,415,-356
101000141,1794,3539,-1745
101000147,1022,588,434
101000148,1482,51,1431
101000149,273,357,-84
101000150,112,838,-726
101000151,229,68,161
101000152,344,322,22
101000153,723,431,292
101000154,296,1269,-973
101000155,350,184,166
101000156,26,294,-268
101000157,55,43,12
101000160,121,91,30
101000163,327,387,-60
101000164,556,462,94
101000165,355,441,-86
101000166,440,472,-32
101000168,941,429,512
101000252,2038,1051,987
101000254,694,122,572
101000258,37,14,23
101000261,207,30,177
101000262,1517,2141,-624
101000263,585,1585,-1000
101000265,115,904,-789
101000266,446,487,-41
101000269,60,20,40
101000290,1745,4261,-2516
101000293,87,66,21
101000294,735,533,202
101000295,166,598,-432
101000301,998,636,362
101000304,2299,2785,-486
101000305,3466,1668,1798
101900001,52,67,-15
101900002,1,19,-18
101900003,60,128,-68
101900004,10,80,-70
101900005,4396,2229,2167
101900006,1226,125,1101
101900007,863,280,583
101900008,97,426,-329
101900009,104,577,-473
101900010,1120,915,205
101900011,351,1702,-1351
101900012,323,474,-151
101900013,1199,242,957
101900017,19,171,-152
101900018,1613,419,1194
101900019,299,159,140
101900020,78,92,-14
101900021,1,62,-61
101900022,237,1277,-1040
101900023,259,344,-85
101900026,105,48,57
101900027,19,98,-79
102000001,2926,4921,-1995
102000002,3491,1390,2101
102000003,4326,8384,-4058
102000004,8169,3661,4508
102000005,1572,2245,-673
102000006,1468,2035,-567
102000007,2018,5202,-3184
102000008,5491,1888,3603
102000009,7140,8258,-1118
102000010,7101,3764,3337
102000011,3574,3257,317
102000012,4055,3834,221
102000018,3660,3104,556
102000019,2707,1846,861
102000026,375,701,-326
102000029,435,319,116
102000030,142,459,-317
102000031,70,155,-85
102000032,440,375,65
102000033,304,444,-140
102000034,715,510,205
102000035,1684,806,878
102000036,25,289,-264
102000037,238,72,166
102000038,248,359,-111
102000039,263,73,190
102000040,616,307,309
102000041,296,413,-117
102000042,386,296,90
102000043,474,331,143
102000044,417,443,-26
102000045,1391,1109,282
102000046,1204,753,451
102000047,999,1320,-321
102000048,435,832,-397
102000049,1103,812,291
102000050,1510,1647,-137
102000051,481,730,-249
102000052,1554,1202,352
102000053,1002,1131,-129
102000054,603,1094,-491
102000055,1178,655,523
102000056,857,1369,-512
102000057,1573,625,948
102000058,1272,1638,-366
102000059,1698,1434,264
102000060,1461,1133,328
102000061,1704,2091,-387
102000062,1721,1365,356
102000063,1301,1561,-260
102000064,690,841,-151
102000065,49,185,-136
102000066,856,938,-82
102000067,2855,3301,-446
102000068,9617,2792,6825
102000069,56,1625,-1569
102000070,2108,68,2040
102000071,7746,10232,-2486
102000072,3677,4023,-346
102000073,1900,1407,493
102000074,1046,1294,-248
102000075,195,382,-187
102000076,231,584,-353
102000077,743,934,-191
102000078,1085,922,163
102000079,199,314,-115
102000080,294,260,34
102000081,425,864,-439
102000082,824,445,379
102000083,686,376,310
102000084,323,380,-57
102000085,1870,1187,683
102000086,1434,2118,-684
102000087,1020,1802,-782
102000088,505,436,69
102000089,1322,457,865
102000090,789,1348,-559
102000091,1735,719,1016
102000092,405,854,-449
102000093,782,740,42
102000094,1375,787,588
102000095,1391,1634,-243
102000096,1049,1085,-36
102000097,1108,1049,59
102000098,714,1035,-321
102000099,1039,920,119
102000100,1023,1413,-390
102000101,1409,819,590
102000102,655,1569,-914
102000103,1918,549,1369
102000104,786,365,421
102000105,303,598,-295
102000106,919,790,129
102000107,1285,654,631
102000108,1211,224,987
102000109,545,663,-118
102000110,1156,1359,-203
102000111,16,286,-270
102000112,413,146,267
102000113,26,42,-16
102000114,898,458,440
102000115,291,404,-113
102000116,718,550,168
102000117,449,923,-474
102000118,1635,1302,333
102000119,2100,1082,1018
102000120,236,527,-291
102000121,1117,680,437
102000122,752,1008,-256
102000123,1591,1541,50
102000124,1792,1213,579
102000125,1140,1160,-20
102000126,1220,844,376
102000127,1475,895,580
102000128,865,1189,-324
102000129,1591,962,629
102000130,747,1005,-258
102000131,3001,1159,1842
102000132,1195,1600,-405
102000133,2017,2009,8
102000134,881,868,13
102000135,904,991,-87
102000136,1239,698,541
102000137,1432,1153,279
102000138,477,514,-37
102000139,338,500,-162
102000140,638,514,124
102000141,893,914,-21
102000142,481,466,15
102000143,211,507,-296
102000144,336,535,-199
102000145,560,607,-47
102000146,482,397,85
102000147,726,812,-86
102000148,298,925,-627
102000149,178,564,-386
102000150,381,123,258
102000151,115,367,-252
102000152,186,152,34
102000153,1392,687,705
102000154,372,775,-403
102000155,81,404,-323
102000156,460,156,304
102000157,144,379,-235
102000158,635,679,-44
102000159,1276,578,698
102000161,4459,2572,1887
102000162,187,196,-9
102000163,148,648,-500
102000164,1301,1167,134
102000165,407,199,208
102000166,117,183,-66
102000167,303,273,30
102000168,318,179,139
102000169,135,507,-372
102000170,626,313,313
102000171,463,427,36
102000172,430,623,-193
102000173,511,456,55
102000174,123,111,12
102000175,496,118,378
102000176,116,36,80
102000178,313,490,-177
102000179,428,273,155
102000180,1056,505,551
102000181,729,661,68
102000182,772,630,142
102000183,2003,1953,50
102000184,2253,927,1326
102000185,2749,1685,1064
102000186,1311,2129,-818
102000187,1352,1857,-505
102000188,1651,1634,17
102000189,2706,955,1751
102000190,786,3107,-2321
102000191,1508,651,857
102000192,1210,1533,-323
102000193,59,196,-137
102000194,94,163,-69
102000195,447,599,-152
102000196,182,459,-277
102000197,658,606,52
102000198,242,971,-729
102000199,1106,488,618
102000200,344,1265,-921
102000201,1078,553,525
102000202,7,151,-144
102000203,370,341,29
102000204,421,769,-348
102000205,1136,501,635
102000206,701,986,-285
102000207,1406,690,716
102000208,635,758,-123
102000209,182,142,40
102000210,473,440,33
102000211,644,360,284
102000212,398,18,380
102000213,9,375,-366
102000214,263,17,246
102000215,12,477,-465
102000216,61,79,-18
102000217,14,152,-138
102000218,310,217,93
102000219,485,363,122
102000225,720,604,116
102000226,5757,1585,4172
102000227,182,5,177
102000228,2,151,-149
102000229,27,78,-51
102000230,297,459,-162
102000231,389,593,-204
102000232,45,194,-149
102000233,507,917,-410
102000234,127,1201,-1074
102000236,454,81,373
102000237,612,254,358
102000238,173,273,-100
102000240,594,717,-123
102000241,315,154,161
102000243,37,92,-55
102000245,19,178,-159
102000246,30,44,-14
102000247,901,1085,-184
102000248,564,908,-344
102000249,160,155,5
102000250,100,490,-390
102000254,93,367,-274
102000266,162,350,-188
102000271,33,0,33
102000286,548,507,41
102000297,2058,1304,754
102000299,0,0,0
102000301,0,0,0
102000305,0,0,0
102000307,0,2,-2
102000308,0,4,-4
102900001,1509,1004,505
102900002,487,61,426
102900003,71,254,-183
102900005,443,369,74
102900006,510,211,299
102900007,584,55,529
102900008,242,101,141
102900009,833,346,487
102900010,679,737,-58
102900011,1980,364,1616
102900012,362,111,251
102900013,33,75,-42
102900015,796,570,226
102900016,81,153,-72
102900017,188,758,-570
102900018,32,174,-142
102900019,596,566,30
102900020,166,59,107
102900021,27,129,-102
102900022,730,241,489
102900023,42,72,-30
102900024,64,59,5
102900025,295,147,148
102900026,559,1999,-1440
102900027,115,71,44
102900028,211,878,-667
102900029,268,255,13
102900030,786,315,471
102900031,188,200,-12
102900032,94,112,-18
102900033,163,219,-56
102900034,585,124,461
102900035,193,361,-168
102900036,437,510,-73
102900037,907,671,236
102900038,803,620,183
102900039,66,629,-563
102900040,203,328,-125
102900041,92,203,-111
102900042,232,326,-94
102900043,214,324,-110
102900044,766,2125,-1359
102900045,158,585,-427
102900046,180,323,-143
102900047,104,679,-575
102900048,802,672,130
102900049,141,442,-301
102900050,440,414,26
102900051,235,223,12
102900052,64,76,-12
102900053,485,714,-229
102900054,951,1328,-377
102900055,121,220,-99
102900056,129,510,-381
102900057,10,61,-51
102900058,377,86,291
102900059,31,71,-40
102900060,159,596,-437
102900061,232,587,-355
102900062,329,1093,-764
102900063,1213,474,739
102900064,212,533,-321
102900065,1663,661,1002
102900066,399,52,347
102900068,172,109,63
102900070,360,659,-299
102900072,72,46,26
102900073,239,23,216
102900075,13,83,-70
102900076,202,170,32
102900077,70,36,34
102900078,43,102,-59
102900079,167,22,145
102900080,404,66,338
102900081,130,412,-282
102900082,21,254,-233
102900083,310,20,290
102900084,14,36,-22
102900085,553,161,392
102900086,19,52,-33
102900087,138,173,-35
102900088,52,31,21
102900089,293,155,138
102900090,6,455,-449
102900091,186,7,179
102900092,445,972,-527
102900093,336,266,70
102900094,4,112,-108
102900095,182,2,180
102900096,93,22,71
102900097,46,198,-152
103000001,2421,2686,-265
103000002,2199,2673,-474
103000003,3986,3187,799
103000004,983,865,118
103000005,1758,3018,-1260
103000006,698,1553,-855
103000007,442,882,-440
103000008,1127,813,314
103000009,1092,1308,-216
103000010,161,117,44
103000011,1935,1537,398
103000012,1581,1853,-272
103000013,5104,2398,2706
103000014,1577,2677,-1100
103000015,1851,751,1100
103000016,580,1496,-916
103000017,243,392,-149
103000018,829,438,391
103000019,266,342,-76
103000020,2745,1762,983
103000021,1942,1909,33
103000022,868,1185,-317
103000023,681,1634,-953
103000024,120,187,-67
103000025,183,565,-382
103000026,1397,185,1212
103000027,457,587,-130
103000028,542,468,74
103000029,299,404,-105
103000030,2266,1179,1087
103000031,2139,1886,253
103000032,2590,1982,608
103000033,3319,2958,361
103000034,1775,1358,417
103000035,442,1550,-1108
103000036,511,639,-128
103000037,825,673,152
103000038,627,1095,-468
103000039,455,431,24
103000040,447,1136,-689
103000041,1872,2530,-658
103000042,1321,598,723
103000043,885,1077,-192
103000044,265,207,58
103000046,396,597,-201
103000047,664,786,-122
103000048,239,279,-40
103000049,257,192,65
103000050,751,632,119
103000051,492,537,-45
103000052,824,510,314
103000053,183,532,-349
103000054,3028,2119,909
103000055,2263,2569,-306
103000056,717,1720,-1003
103000057,575,281,294
103000058,806,1286,-480
103000059,507,1152,-645
103000060,948,715,233
103000061,429,1158,-729
103000062,1188,718,470
103000063,853,1055,-202
103000064,154,285,-131
103000065,9,542,-533
103000066,195,14,181
103000069,593,489,104
103000070,1510,989,521
103000071,1226,663,563
103000072,155,830,-675
103000073,552,129,423
103000074,726,94,632
103000075,199,802,-603
103000076,489,321,168
103000077,67,440,-373
103000078,1043,699,344
103000079,1005,723,282
103000080,1430,445,985
103000081,663,1320,-657
103000082,644,262,382
103000083,121,350,-229
103000084,143,13,130
103000085,2,149,-147
103000086,731,438,293
103000087,185,655,-470
103000088,318,332,-14
103000089,267,426,-159
103000090,1877,839,1038
103000091,750,454,296
103000092,297,317,-20
103000093,299,414,-115
103000094,266,127,139
103000095,85,383,-298
103000096,704,141,563
103000097,92,779,-687
103000098,1029,226,803
103000099,393,746,-353
103000100,115,818,-703
103000101,860,154,706
103000102,119,684,-565
103000103,631,216,415
103000104,93,119,-26
103000105,118,145,-27
103000106,16,127,-111
103000107,251,63,188
103000108,544,560,-16
103000109,339,380,-41
103000110,408,440,-32
103000111,495,485,10
103000112,368,232,136
103000113,899,725,174
103000114,1266,449,817
103000115,551,469,82
103000116,653,443,210
103000117,358,559,-201
103000118,1012,867,145
103000119,1389,616,773
103000120,87,163,-76
103000121,586,912,-326
103000122,572,775,-203
103000125,41,349,-308
103000126,768,6,762
103000127,1,218,-217
103000128,233,9,224
103000129,4,166,-162
103000130,92,70,22
103000131,248,136,112
103000132,115,245,-130
103000133,26,126,-100
103000134,660,933,-273
103000135,699,332,367
103000136,770,486,284
103000137,533,699,-166
103000138,960,785,175
103000139,9,79,-70
103000140,149,46,103
103000141,159,152,7
103000142,247,111,136
103000143,67,186,-119
103000144,235,99,136
103000145,176,165,11
103000150,92,69,23
103000152,216,280,-64
103000153,219,155,64
103000156,20,435,-415
103000157,491,4,487
103000159,208,88,120
103000162,120,45,75
103000163,24,71,-47
103000164,56,25,31
103000165,115,344,-229
103000166,189,319,-130
103000167,191,81,110
103000168,88,186,-98
103000169,280,560,-280
103000170,753,531,222
103000171,75,96,-21
103000172,647,357,290
103000173,565,774,-209
103000174,150,418,-268
103000175,325,402,-77
103000176,936,707,229
103000177,701,559,142
103000178,399,320,79
103000179,632,73,559
103000183,156,30,126
103000185,81,71,10
103000186,132,217,-85
103000187,534,446,88
103000188,21,83,-62
103000189,964,840,124
103000191,653,675,-22
103000292,2103,2405,-302
103000293,1382,2217,-835
103000295,157,126,31
103000296,843,3,840
103000297,245,102,143
103000504,145,20,125
103000505,12,49,-37
103000506,0,260,-260
103000507,246,3,243
103000508,94,99,-5
103000509,201,609,-408
103900001,8,267,-259
103900002,1501,207,1294
103900003,1819,140,1679
103900004,134,7,127
103900005,11,274,-263
103900006,3,1,2
103900007,74,12,62
103900008,41,3,38
103900009,315,611,-296
103900010,160,546,-386
103900011,254,244,10
103900012,5,22,-17
103900013,86,106,-20
103900014,63,15,48
103900015,56,14,42
103900016,794,239,555
103900017,56,91,-35
103900018,973,285,688
103900019,133,431,-298
103900020,229,550,-321
103900021,692,97,595
103900022,1403,941,462
103900023,155,4,151
103900024,125,503,-378
103900025,19,56,-37
103900026,296,3,293
103900027,879,354,525
103900028,16,379,-363
103900029,1095,188,907
103900030,316,74,242
103900031,48,6,42
103900032,97,75,22
103900033,73,23,50
103900034,45,217,-172
103900035,80,68,12
103900036,39,45,-6
103900037,80,66,14
103900038,119,220,-101
103900039,68,424,-356
103900040,4,197,-193
103900041,53,63,-10
103900042,59,359,-300
103900043,174,96,78
103900044,144,228,-84
103900045,485,197,288
103900047,95,42,53
103900048,723,59,664
103900049,391,1448,-1057
103900050,13,128,-115
103900051,4,40,-36
103900052,207,420,-213
103900053,233,751,-518
103900054,108,478,-370
103900055,491,293,198
103900056,118,69,49
103900057,31,260,-229
103900058,235,663,-428
103900059,0,36,-36
103900060,59,148,-89
103900061,211,51,160
103900062,296,96,200
103900063,24,0,24
103900064,89,5,84
103900065,1143,473,670
103900066,181,28,153
103900067,226,12,214
103900068,35,2,33
103900069,64,27,37
103900070,235,260,-25
103900071,28,156,-128
103900072,18,278,-260
103900073,30,49,-19
103900074,73,80,-7
103900075,301,113,188
103900076,542,676,-134
103900077,53,99,-46
103900078,521,145,376
103900079,197,257,-60
103900080,14,48,-34
103900081,87,29,58
103900082,28,153,-125
103900083,1654,978,676
103900084,138,208,-70
103900085,100,129,-29
103900086,656,534,122
103900087,23,97,-74
103900088,374,714,-340
103900089,66,176,-110
103900090,9,181,-172
103900091,1410,311,1099
103900092,688,575,113
103900093,107,382,-275
103900094,19,172,-153
103900095,375,269,106
103900096,54,297,-243
103900097,23,540,-517
103900098,255,139,116
103900099,89,251,-162
103900100,197,412,-215
103900101,114,1123,-1009
103900102,1,55,-54
103900104,1,31,-30
103900105,112,271,-159
103900106,0,62,-62
103900107,150,223,-73
103900108,55,386,-331
103900109,120,98,22
103900110,247,59,188
103900111,106,716,-610
103900112,123,147,-24
103900113,181,280,-99
103900114,416,404,12
103900115,329,287,42
103900116,6540,2762,3778
103900117,190,138,52
103900119,49,89,-40
103900120,91,127,-36
103900122,101,357,-256
103900123,1980,876,1104
103900124,72,533,-461
103900125,105,87,18
103900126,477,482,-5
103900127,283,614,-331
103900128,324,179,145
103900131,42,122,-80
103900133,1066,177,889
103900134,1,4,-3
103900135,48,11,37
103900137,1,72,-71
103900138,122,325,-203
103900139,295,1900,-1605
103900140,15,155,-140
103900141,358,98,260
103900142,128,192,-64
103900143,110,3,107
103900144,0,58,-58
103900145,213,289,-76
103900146,304,324,-20
103900147,410,157,253
103900148,222,520,-298
103900149,337,750,-413
103900150,7181,4054,3127
103900151,54,201,-147
103900152,530,835,-305
103900153,10,18,-8
103900154,1305,1802,-497
103900155,63,302,-239
103900156,36,209,-173
103900157,49,285,-236
103900158,109,291,-182
103900159,159,118,41
103900160,94,53,41
103900161,110,231,-121
103900162,77,289,-212
103900163,21,497,-476
103900167,38,148,-110
103900168,136,142,-6
103900169,81,66,15
103900170,3,132,-129
103900171,0,60,-60
103900172,9,36,-27
103900173,4,23,-19
103900174,191,92,99
103900175,89,82,7
103900176,9,38,-29
103900177,6,78,-72
103900178,46,81,-35
103900179,52,156,-104
103900180,21,129,-108
103900181,55,87,-32
103900182,57,32,25
103900184,544,114,430
103900185,203,365,-162
103900187,30,72,-42
103900188,53,21,32
103900189,133,13,120
103900190,75,54,21
103900191,38,65,-27
103900192,31,170,-139
103900193,178,333,-155
103900194,87,332,-245
103900195,33,105,-72
103900196,119,56,63
103900197,25,51,-26
103900198,31,63,-32
103900199,152,76,76
103900200,205,155,50
103900201,185,258,-73
103900202,33,92,-59
103900203,56,19,37
103900204,5,113,-108
103900207,0,134,-134
103900208,110,3,107
103900209,10,149,-139
103900210,35,43,-8
103900211,569,522,47
103900212,103,420,-317
103900213,151,279,-128
103900214,237,193,44
103900215,563,392,171
103900216,11,446,-435
103900217,534,47,487
103900218,0,295,-295
103900219,156,320,-164
103900233,89,3,86
103900235,45,32,13
103900236,33,4,29
103900242,15,14,1
103900243,11,7,4
103900244,165,248,-83
103900245,108,273,-165
103900246,45,24,21
103900247,28,137,-109
103900248,25,94,-69
103900249,50,80,-30
103900250,68,21,47
103900251,5,39,-34
103900253,16,114,-98
103900254,1,33,-32
103900255,9,18,-9
103900256,12,48,-36
103900257,92,110,-18
103900258,52,4,48
103900259,113,10,103
103900261,15,8,7
103900262,7,5,2
103900263,31,57,-26
103900264,65,75,-10
103900265,80,34,46
103900266,6,119,-113
103900267,10,85,-75
103900268,15,92,-77
103900269,129,63,66
103900270,58,184,-126
103900271,49,151,-102
104000001,2182,2295,-113
104000002,1795,2529,-734
104000003,2306,2690,-384
104000004,2828,2902,-74
104000005,1493,2247,-754
104000006,3253,3221,32
104000007,4170,4088,82
104000008,234,348,-114
104000009,209,125,84
104000010,149,261,-112
104000011,493,395,98
104000012,175,453,-278
104000013,196,230,-34
104000014,223,751,-528
104000015,361,164,197
104000016,612,535,77
104000018,869,201,668
104000019,602,245,357
104000020,198,809,-611
104000021,251,710,-459
104000022,130,283,-153
104000023,751,416,335
104000024,245,435,-190
104000026,43,416,-373
104000027,269,326,-57
104000028,322,239,83
104000029,386,484,-98
104000030,286,227,59
104000031,1377,469,908
104000032,199,301,-102
104000033,611,602,9
104000034,356,344,12
104000035,808,458,350
104000036,734,657,77
104000037,287,261,26
104000038,426,336,90
104000039,237,298,-61
104000040,365,393,-28
104000041,744,380,364
104000042,199,366,-167
104000043,287,365,-78
104000044,285,678,-393
104000045,963,1223,-260
104000046,1175,1923,-748
104000047,1248,1560,-312
104000048,1159,1867,-708
104000049,934,321,613
104000050,317,776,-459
104000051,130,620,-490
104000052,1938,1624,314
104000053,1777,548,1229
104000054,1002,555,447
104000055,4409,2937,1472
104000056,1342,243,1099
104000057,123,588,-465
104000058,902,692,210
104000059,487,1107,-620
104000060,1209,1229,-20
104000061,1531,1365,166
104000062,445,152,293
104000064,429,290,139
104000065,389,821,-432
104000069,1140,1041,99
104000070,98,544,-446
104000071,139,473,-334
104000072,595,233,362
104000075,124,379,-255
104000076,540,164,376
104000082,2512,3434,-922
104000083,906,224,682
104000084,168,604,-436
104000085,294,372,-78
104000086,208,549,-341
104000087,589,2095,-1506
104000090,729,1459,-730
104000092,1242,2509,-1267
104000094,1043,1798,-755
104000095,1676,1527,149
104000096,1479,288,1191
104000097,1743,1014,729
104000098,2062,1240,822
104000100,1782,751,1031
104000101,1249,1835,-586
104000106,99,617,-518
104000107,687,496,191
104000108,338,636,-298
104000109,365,117,248
104000110,898,1116,-218
104000111,4365,2572,1793
104000112,2787,662,2125
104000116,6,1164,-1158
104000117,168,713,-545
104000118,585,266,319
104000119,702,328,374
104000120,287,843,-556
104000121,205,848,-643
104000122,635,821,-186
104000123,968,1120,-152
104000124,1055,2191,-1136
104000125,3930,4117,-187
104000126,552,460,92
104000127,1529,3208,-1679
104000128,703,531,172
104000129,428,42,386
104000130,13,337,-324
104000131,719,479,240
104000132,532,655,-123
104000133,1443,921,522
104000134,1174,1760,-586
104000135,485,2055,-1570
104000136,1071,3995,-2924
104000137,1675,417,1258
104000138,1240,307,933
104000139,7601,3219,4382
104000141,1303,1493,-190
104000142,653,937,-284
104000143,577,705,-128
104000144,118,205,-87
104000145,450,229,221
104000146,321,634,-313
104000147,160,415,-255
104000148,315,145,170
104000149,168,366,-198
104000150,1097,590,507
104000151,431,600,-169
104000152,815,735,80
104000153,764,577,187
104000154,1137,806,331
104000155,502,552,-50
104000157,1226,1790,-564
104000158,739,613,126
104000159,892,530,362
104000160,1812,1973,-161
104000161,238,231,7
104000162,60,171,-111
104000165,1130,1239,-109
104000167,746,1004,-258
104000168,669,13,656
104000169,96,37,59
104000170,628,573,55
104000248,322,750,-428
104000251,50,310,-260
104000272,0,0,0
104000273,0,0,0
104000274,0,0,0
104000275,0,0,0
104000279,762,513,249
104000290,135,328,-193
104000291,697,1222,-525
104000293,751,849,-98
104000294,37,0,37
104000295,584,843,-259
104000296,348,1026,-678
104000297,821,1951,-1130
104000298,3410,1166,2244
104000299,740,1464,-724
104900001,218,608,-390
104900002,81,221,-140
104900003,90,393,-303
104900004,105,429,-324
104900005,303,276,27
104900006,376,165,211
104900007,245,270,-25
104900009,153,394,-241
104900010,101,90,11
104900011,144,37,107
104900012,385,26,359
104900013,173,14,159
104900014,3274,430,2844
104900015,109,10,99
104900016,346,325,21
104900017,168,247,-79
104900018,15,194,-179
104900019,390,2651,-2261
104900020,130,318,-188
104900021,1,199,-198
104900022,9,146,-137
104900023,1,101,-100
104900024,38,109,-71
104900025,74,315,-241
104900026,0,95,-95
104900027,502,364,138
104900028,26,148,-122
104900029,86,127,-41
104900030,580,267,313
104900031,121,225,-104
104900032,49,171,-122
104900033,225,293,-68
104900034,410,178,232
104900035,380,197,183
104900036,215,108,107
104900037,217,250,-33
104900038,581,785,-204
104900039,848,420,428
104900040,442,146,296
104900041,292,205,87
104900042,188,258,-70
104900043,24,167,-143
104900044,567,254,313
104900045,413,66,347
104900046,224,213,11
104900047,339,153,186
104900048,297,105,192
104900049,34,28,6
104900050,461,160,301
104900051,304,68,236
104900052,62,0,62
104900053,503,144,359
104900054,188,61,127
104900055,75,0,75
104900056,211,23,188
104900057,41,2,39
104900058,1125,638,487
104900059,160,80,80
104900060,4,610,-606
104900061,267,649,-382
104900063,2,120,-118
104900064,1,91,-90
104900065,0,223,-223
104900066,10,170,-160
104900067,4,325,-321
104900068,13,268,-255
104900070,202,375,-173
104900071,2,529,-527
104900072,64,341,-277
104900073,124,233,-109
104900074,120,272,-152
104900075,100,80,20
104900076,179,463,-284
104900077,1091,304,787
104900078,303,698,-395
104900079,143,519,-376
104900080,126,625,-499
104900082,25,567,-542
104900085,6,205,-199
104900087,461,13,448
104900089,197,3,194
104900090,1178,710,468
104900091,2232,727,1505
104900093,291,663,-372
104900097,2644,2078,566
104900098,145,49,96
104900099,533,973,-440
104900100,602,352,250
104900102,50,220,-170
104900103,536,82,454
104900104,3571,2459,1112
104900106,131,147,-16
104900107,257,261,-4
104900108,87,257,-170
104900109,132,274,-142
104900110,9,61,-52
104900111,183,143,40
104900112,298,821,-523
104900113,754,492,262
104900114,332,537,-205
104900115,709,475,234
104900116,268,226,42
104900118,45,125,-80
104900119,45,70,-25
104900120,71,183,-112
104900121,1,128,-127
104900122,9,82,-73
104900123,48,10,38
104900124,30,0,30
104900125,530,12,518
104900126,77,78,-1
104900127,30,85,-55
104900128,97,163,-66
104900129,2140,1821,319
105000001,2301,1483,818
105000002,2352,1614,738
105000003,3604,3917,-313
105000004,601,1026,-425
105000005,928,1178,-250
105000006,1398,1691,-293
105000007,1273,1364,-91
105000008,2086,2976,-890
105000009,2307,3145,-838
105000010,3177,2528,649
105000011,3652,2775,877
105000012,4701,3697,1004
105000013,1145,1036,109
105000014,2440,2778,-338
105000015,11273,15631,-4358
105000016,3461,2631,830
105000017,1991,1067,924
105000018,1434,1616,-182
105000019,1588,883,705
105000020,228,495,-267
105000021,338,98,240
105000022,324,110,214
105000023,757,470,287
105000028,107,130,-23
105000029,715,1370,-655
105000030,4333,3066,1267
105000033,1211,2316,-1105
105000034,169,914,-745
105000037,647,430,217
105000038,2452,1785,667
105000039,3415,2162,1253
105000040,1302,1310,-8
105000041,1699,1653,46
105000042,4863,1816,3047
105000043,2440,2567,-127
105000044,624,515,109
105000045,391,1162,-771
105000046,1175,406,769
105000047,620,1801,-1181
105000048,585,198,387
105000049,232,548,-316
105000050,619,384,235
105000051,171,457,-286
105000052,899,907,-8
105000053,157,156,1
105000054,554,925,-371
105000055,794,330,464
105000056,1589,2179,-590
105000057,1564,823,741
105000058,1275,1308,-33
105000059,781,594,187
105000060,428,663,-235
105000061,643,616,27
105000062,582,851,-269
105000063,299,553,-254
105000064,1295,979,316
105000065,333,654,-321
105000066,1301,1716,-415
105000067,1603,890,713
105000068,569,976,-407
105000069,2107,1602,505
105000070,785,918,-133
105000071,250,876,-626
105000072,947,2051,-1104
105000073,882,639,243
105000074,1475,928,547
105000075,566,904,-338
105000076,1302,1178,124
105000077,3013,1203,1810
105000078,1641,1581,60
105000079,1659,3690,-2031
105000080,2354,1759,595
105000081,4676,1547,3129
105000082,1414,2104,-690
105000083,5905,4159,1746
105000084,984,952,32
105000085,2030,2150,-120
105000086,582,991,-409
105000087,1669,2110,-441
105000088,1838,1725,113
105000089,4046,2585,1461
105000090,1336,968,368
105000091,1568,1721,-153
105000092,859,1095,-236
105000093,400,283,117
105000094,308,278,30
105000095,114,525,-411
105000096,1185,1179,6
105000097,1172,815,357
105000098,937,842,95
105000099,1062,808,254
105000100,1478,956,522
105000101,2444,2160,284
105000102,3882,1431,2451
105000103,2320,2595,-275
105000104,2311,1099,1212
105000105,1394,2218,-824
105000106,1973,1969,4
105000107,1500,1066,434
105000108,1669,1593,76
105000109,1524,1890,-366
105000110,786,762,24
105000111,723,953,-230
105000112,1397,872,525
105000113,411,849,-438
105000114,3008,1214,1794
105000115,300,1077,-777
105000116,739,567,172
105000117,900,1197,-297
105000118,595,532,63
105000119,765,1039,-274
105000120,902,680,222
105000121,854,1128,-274
105000122,404,673,-269
105000123,1145,1514,-369
105000124,1742,807,935
105000125,941,1907,-966
105000126,1963,1849,114
105000127,2409,2218,191
105000128,767,1229,-462
105000129,894,384,510
105000130,492,3060,-2568
105000131,888,416,472
105000132,780,661,119
105000133,526,1065,-539
105000134,727,753,-26
105000135,605,654,-49
105000136,132,401,-269
105000137,462,295,167
105000138,229,408,-179
105000139,1100,1176,-76
105000140,387,611,-224
105000141,370,726,-356
105000142,208,500,-292
105000143,308,923,-615
105000144,315,916,-601
105000145,690,507,183
105000146,428,988,-560
105000147,606,377,229
105000148,1300,605,695
105000149,2427,2186,241
105000150,2226,1800,426
105000151,501,463,38
105000152,221,543,-322
105000153,519,860,-341
105000154,643,596,47
105000155,324,1283,-959
105000156,807,706,101
105000157,876,1744,-868
105000158,1827,782,1045
105000159,227,1033,-806
105000160,1541,660,881
105000161,711,995,-284
105000162,561,1443,-882
105000163,935,898,37
105000164,212,280,-68
105000165,1113,4209,-3096
105000166,5253,873,4380
105000167,2368,1647,721
105000168,366,692,-326
105000169,536,686,-150
105000170,262,1460,-1198
105000171,1158,335,823
105000172,187,131,56
105000173,172,306,-134
105000174,74,153,-79
105000175,106,169,-63
105000176,386,124,262
105000177,291,183,108
105000178,129,511,-382
105000179,448,192,256
105000180,159,191,-32
105000181,91,300,-209
105000182,57,64,-7
105000183,2712,1752,960
105000184,1688,1257,431
105000185,2169,970,1199
105000186,960,882,78
105000187,1069,247,822
105000188,569,210,359
105000189,476,565,-89
105000190,340,582,-242
105000191,434,445,-11
105000192,406,86,320
105000193,81,212,-131
105000194,326,160,166
105000195,463,948,-485
105000196,82,256,-174
105000197,325,739,-414
105000198,629,419,210
105000199,341,662,-321
105000200,257,315,-58
105000201,156,33,123
105000203,4,217,-213
105000204,89,113,-24
105000205,121,257,-136
105000207,707,365,342
105000208,293,543,-250
105000209,232,556,-324
105000212,1317,1486,-169
105000213,265,243,22
105000214,210,396,-186
105000215,298,201,97
105000216,116,668,-552
105000217,156,528,-372
105000218,1212,1105,107
105000221,253,261,-8
105000222,844,101,743
105000223,385,202,183
105000226,141,305,-164
105000227,89,203,-114
105000228,364,2270,-1906
105000229,176,515,-339
105000231,432,361,71
105000233,862,808,54
105000234,970,1272,-302
105000235,433,599,-166
105000237,695,102,593
105000243,34,274,-240
105000248,74,87,-13
105000262,401,1383,-982
105000269,180,238,-58
105000270,486,92,394
105000271,0,253,-253
105000282,70,52,18
105000287,433,143,290
105000288,873,411,462
105000289,3590,2416,1174
105000290,34,11,23
105000402,4316,4547,-231
105000426,651,718,-67
105000438,4663,1935,2728
105000446,13433,6564,6869
105000447,8416,3419,4997
105000454,508,937,-429
105000455,333,222,111
105000474,20,0,20
105000477,457,566,-109
105000478,1797,4409,-2612
105000479,188,156,32
105000480,10176,7057,3119
105000481,5097,3427,1670
105000482,6464,8730,-2266
105000483,1658,1814,-156
105000484,2531,3410,-879
105000485,1776,2962,-1186
105000486,4350,2664,1686
105000488,11269,6342,4927
105000489,910,959,-49
105000549,164,173,-9
105000550,620,1619,-999
105000551,59,133,-74
105000552,2909,1915,994
105900001,36,1426,-1390
105900002,1516,755,761
105900003,10,128,-118
105900004,409,178,231
105900005,8,297,-289
105900006,37,127,-90
105900007,312,33,279
105900008,81,576,-495
105900009,32,22,10
105900011,460,60,400
105900012,768,124,644
105900013,3,42,-39
105900014,17,74,-57
105900015,237,372,-135
105900016,528,673,-145
105900017,1247,49,1198
105900018,232,235,-3
105900019,72,446,-374
105900020,35,66,-31
105900021,42,422,-380
105900022,520,247,273
105900023,14,149,-135
105900024,73,240,-167
105900025,192,72,120
105900026,270,28,242
105900027,8683,11343,-2660
105900028,879,349,530
105900029,1690,431,1259
105900030,239,317,-78
105900031,348,269,79
105900032,84,187,-103
105900033,127,152,-25
105900034,552,236,316
105900035,315,197,118
105900036,108,182,-74
105900037,68,75,-7
105900038,171,247,-76
105900039,142,124,18
105900040,76,148,-72
105900041,151,234,-83
105900042,85,219,-134
105900043,1446,124,1322
105900044,6,258,-252
105900045,3,985,-982
105900046,4,352,-348
105900047,12,95,-83
105900048,73,555,-482
105900050,8987,4040,4947
105900051,52,1106,-1054
105900052,675,442,233
105900053,3496,2765,731
105900054,412,268,144
105900056,834,492,342
105900057,123,200,-77
105900058,28,27,1
105900059,2,43,-41
106000001,4933,2552,2381
106000002,2794,5681,-2887
106000003,3009,3624,-615
106000004,1901,2992,-1091
106000005,3572,5977,-2405
106000006,6141,4444,1697
106000007,450,645,-195
106000008,401,319,82
106000009,570,427,143
106000010,557,622,-65
106000011,1024,1190,-166
106000012,892,1344,-452
106000013,1906,2318,-412
106000014,2017,1782,235
106000015,1770,1455,315
106000016,1250,2347,-1097
106000017,574,807,-233
106000018,602,538,64
106000019,452,549,-97
106000020,330,404,-74
106000021,247,453,-206
106000022,319,221,98
106000023,539,400,139
106000024,623,515,108
106000025,132,193,-61
106000026,114,257,-143
106000027,1259,1432,-173
106000028,589,489,100
106000029,847,1326,-479
106000030,738,611,127
106000034,236,584,-348
106000035,1069,2139,-1070
106000036,298,501,-203
106000037,2150,1595,555
106000038,513,152,361
106000039,181,107,74
106000040,174,1017,-843
106000041,748,645,103
106000043,699,261,438
106000046,426,91,335
106000047,83,479,-396
106000049,806,228,578
106000050,343,890,-547
106000051,775,533,242
106000052,101,759,-658
106000053,374,131,243
106000054,399,519,-120
106000055,1176,1286,-110
106000056,310,443,-133
106000057,303,359,-56
106000058,124,227,-103
106000059,312,384,-72
106000060,377,562,-185
106000061,236,620,-384
106000062,187,650,-463
106000063,614,594,20
106000064,42,433,-391
106000065,358,371,-13
106000066,136,375,-239
106000067,536,141,395
106000068,49,665,-616
106000069,210,111,99
106000070,514,837,-323
106000071,1122,357,765
106000072,2787,1714,1073
106000073,1600,2945,-1345
106000074,620,680,-60
106000075,338,1540,-1202
106000076,1984,2291,-307
106000077,3831,1519,2312
106000078,1080,1038,42
106000079,702,1037,-335
106000080,1343,669,674
106000081,628,1199,-571
106000082,2448,927,1521
106000083,443,1600,-1157
106000084,1235,697,538
106000085,1608,1719,-111
106000086,676,1063,-387
106000087,1029,565,464
106000088,455,851,-396
106000089,955,426,529
106000090,269,648,-379
106000091,287,513,-226
106000092,692,321,371
106000093,311,167,144
106000094,101,257,-156
106000095,699,863,-164
106000096,863,737,126
106000097,1068,898,170
106000098,808,1051,-243
106000099,222,867,-645
106000100,1854,264,1590
106000101,4986,356,4630
106000102,570,723,-153
106000103,549,495,54
106000104,1478,522,956
106000105,514,698,-184
106000106,645,509,136
106000107,72,322,-250
106000108,222,386,-164
106000109,163,242,-79
106000110,292,379,-87
106000111,205,384,-179
106000112,232,603,-371
106000113,778,508,270
106000114,517,697,-180
106000115,229,451,-222
106000116,170,233,-63
106000117,1136,748,388
106000118,1225,1459,-234
106000119,1635,1150,485
106000120,886,1216,-330
106000121,197,162,35
106000122,108,331,-223
106000123,463,169,294
106000124,52,257,-205
106000125,15,297,-282
106000126,258,178,80
106000127,842,942,-100
106000128,666,262,404
106000129,427,650,-223
106000130,609,369,240
106000131,107,811,-704
106000132,505,207,298
106000133,2088,1269,819
106000134,632,3177,-2545
106000135,253,702,-449
106000136,749,1218,-469
106000137,85,837,-752
106000138,1006,111,895
106000139,61,137,-76
106000140,47,50,-3
106000141,126,66,60
106000142,93,82,11
106000143,46,85,-39
106000144,28,80,-52
106000145,269,268,1
106000146,314,165,149
106000147,448,493,-45
106000148,573,848,-275
106000149,484,416,68
106000150,526,1897,-1371
106000151,3825,876,2949
106000152,1657,1901,-244
106000153,77,1609,-1532
106000154,1417,244,1173
106000155,128,254,-126
106000156,917,354,563
106000157,806,1785,-979
106000158,2387,1147,1240
106000159,3221,1955,1266
106000160,463,2803,-2340
106000161,1708,415,1293
106000162,235,981,-746
106000163,428,388,40
106000164,399,408,-9
106000165,253,566,-313
106000166,749,361,388
106000167,430,1005,-575
106000168,425,350,75
106000169,252,722,-470
106000170,966,323,643
106000171,456,1427,-971
106000172,2971,1732,1239
106000173,1451,2971,-1520
106000174,1185,436,749
106000175,381,916,-535
106000176,1487,834,653
106000177,837,2405,-1568
106000178,3420,1882,1538
106000179,1318,2419,-1101
106000180,872,1379,-507
106000181,794,2030,-1236
106000182,1275,883,392
106000183,1433,772,661
106000184,2472,1014,1458
106000185,1282,1488,-206
106000186,841,384,457
106000187,298,1168,-870
106000188,0,2,-2
106000189,19,54,-35
106000190,39,6,33
106000191,628,224,404
106000192,2,27,-25
106000193,517,278,239
106000194,176,463,-287
106000195,1088,272,816
106000196,275,741,-466
106000197,862,368,494
106000198,241,300,-59
106000199,2032,886,1146
106000200,287,280,7
106000201,443,2509,-2066
106000202,4368,778,3590
106000203,100,181,-81
106000204,81,11,70
106000205,10,139,-129
106000206,115,20,95
106000207,49,831,-782
106000208,1280,181,1099
106000209,1521,469,1052
106000210,414,1007,-593
106000211,426,1256,-830
106000212,895,420,475
106000213,875,2340,-1465
106000214,3087,924,2163
106000215,358,512,-154
106000216,343,389,-46
106000217,261,422,-161
106000218,493,461,32
106000219,120,300,-180
106000220,621,301,320
106000221,150,300,-150
106000222,91,108,-17
106000223,234,132,102
106000224,202,250,-48
106000225,69,133,-64
106000226,150,291,-141
106000228,54,108,-54
106000229,111,738,-627
106000231,945,128,817
106000232,232,351,-119
106000233,876,93,783
106000234,667,192,475
106000235,1064,92,972
106000236,420,97,323
106000237,10,12,-2
106000238,166,21,145
106000239,6,150,-144
106000240,74,0,74
106000241,28,742,-714
106000242,233,34,199
106000249,67,83,-16
106000250,85,594,-509
106000251,128,34,94
106000252,60,103,-43
106000253,40,88,-48
106000254,52,35,17
106000255,17,227,-210
106000256,42,66,-24
106000257,145,349,-204
106000258,505,20,485
106000259,12,48,-36
106000260,48,10,38
106000261,9,67,-58
106000262,159,26,133
106000263,17,74,-57
106000264,195,10,185
106000265,10,148,-138
106000266,125,42,83
106000267,7,103,-96
106000268,586,75,511
106000269,79,67,12
106000270,145,545,-400
106000271,104,210,-106
106000272,432,59,373
106000273,10,324,-314
106000274,191,56,135
106000275,154,320,-166
106000276,211,43,168
106000277,130,261,-131
106000278,205,57,148
106000279,18,47,-29
106000280,80,87,-7
106000281,98,75,23
106000282,59,62,-3
106000283,170,70,100
106000284,83,109,-26
106000285,121,96,25
106000286,70,173,-103
106000287,153,125,28
106000288,78,177,-99
106000289,109,70,39
106000290,57,118,-61
106000291,134,103,31
106000292,86,122,-36
106000293,184,127,57
106000294,142,161,-19
106000295,74,74,0
106000296,53,105,-52
106000297,90,267,-177
106000298,187,59,128
106000299,102,172,-70
106000300,72,87,-15
106000301,75,80,-5
106000303,45,99,-54
106000304,47,29,18
106000305,57,67,-10
106000306,58,71,-13
106000307,65,26,39
106000308,34,163,-129
106000309,26,78,-52
106000310,341,505,-164
106000311,401,224,177
106000312,112,219,-107
106000313,184,254,-70
106000318,145,435,-290
106000319,956,264,692
106000320,7,67,-60
106000321,525,89,436
106000322,137,193,-56
106000324,12,119,-107
106000325,1632,1086,546
106000326,1014,1932,-918
106000327,147,143,4
106000328,120,135,-15
106000329,280,300,-20
106000330,270,65,205
106000428,68,143,-75
106000429,120,391,-271
106000430,349,1298,-949
106000431,2224,397,1827
106000432,1923,2926,-1003
106000433,2253,1425,828
106000434,3037,1658,1379
106000435,1669,2732,-1063
106000436,11,228,-217
106000437,332,62,270
106000438,627,152,475
106000439,111,442,-331
106000440,538,434,104
106000441,2,1,1
106000442,122,5,117
106000443,156,334,-178
106000450,2,168,-166
106000451,21,50,-29
106000454,2,248,-246
106000455,6,257,-251
106000456,107,55,52
106000457,11,1128,-1117
106000458,755,118,637
106000459,124,544,-420
106000460,1557,50,1507
106000461,79,1619,-1540
106000462,4,20,-16
106000463,3,28,-25
106000464,4,510,-506
106000465,623,1,622
106000466,7,694,-687
106000467,506,705,-199
106000468,64,171,-107
106000469,224,7,217
106000470,363,1756,-1393
106000471,32,694,-662
106000472,229,24,205
106000473,42,22,20
106000474,299,498,-199
106000475,243,166,77
106000476,164,200,-36
106000477,19,45,-26
106900001,0,19,-19
106900002,3,523,-520
106900003,337,1094,-757
106900004,0,51,-51
106900006,0,16,-16
106900007,1,19,-18
106900008,322,276,46
106900009,344,408,-64
106900010,247,275,-28
106900012,1863,3674,-1811
106900013,1984,219,1765
106900014,25,2,23
106900015,32,3,29
106900016,299,6,293
106900017,20,1,19
106900018,2,0,2
106900019,57,5,52
106900020,2836,1599,1237
106900021,146,80,66
106900022,715,4,711
106900023,57,266,-209
106900024,1270,54,1216
106900025,77,766,-689
106900026,4,673,-669
106900027,700,8,692
107000001,4376,4320,56
107000002,4220,5973,-1753
107000003,5791,6999,-1208
107000004,5749,6099,-350
107000005,4504,5988,-1484
107000006,6738,5676,1062
107000007,6520,11541,-5021
107000008,13926,9933,3993
107000009,7719,8040,-321
107000010,12718,11953,765
107000011,1284,1634,-350
107000012,4929,3700,1229
107000013,68,109,-41
107000014,36,214,-178
107000015,604,829,-225
107000016,682,971,-289
107000017,8403,2123,6280
107000018,111,1534,-1423
107000020,5674,1982,3692
107000021,2512,566,1946
107000022,1992,1930,62
107000023,3554,357,3197
107000024,745,1749,-1004
107000025,264,659,-395
107000026,449,626,-177
107000027,1425,1790,-365
107000028,1602,1776,-174
107000029,3787,4030,-243
107000030,4127,3717,410
107000031,4278,3751,527
107000032,652,1408,-756
107000033,3228,7309,-4081
107000034,4303,2006,2297
107000035,372,293,79
107000036,556,1277,-721
107000037,108,1028,-920
107000038,289,400,-111
107000039,906,1035,-129
107000040,188,520,-332
107000041,2157,951,1206
107000042,829,2180,-1351
107000043,3200,1349,1851
107000044,677,477,200
107000045,125,348,-223
107000046,1004,533,471
107000047,554,940,-386
107000048,772,348,424
107000049,699,906,-207
107000050,1203,615,588
107000051,449,432,17
107000052,1312,1119,193
107000053,373,253,120
107000054,83,330,-247
107000055,185,97,88
107000056,411,763,-352
107000057,1245,281,964
107000058,2467,2650,-183
107000059,2511,3845,-1334
107000060,4728,6098,-1370
107000061,5776,4417,1359
107000062,4289,3508,781
107000063,4665,5935,-1270
107000064,4718,2766,1952
107000065,6752,5577,1175
107000066,2574,3615,-1041
107000067,1516,1374,142
107000068,1682,807,875
107000069,899,538,361
107000070,1391,59,1332
107000071,3214,63,3151
107000072,63,3355,-3292
107000073,870,329,541
107000074,204,1178,-974
107000075,1897,593,1304
107000076,964,1696,-732
107000077,3960,1601,2359
107000078,3525,4046,-521
107000079,3054,1189,1865
107000080,1461,3803,-2342
107000081,1694,774,920
107000082,683,2441,-1758
107000083,1515,496,1019
107000084,440,2418,-1978
107000085,3129,3755,-626
107000086,3970,4019,-49
107000087,2991,2370,621
107000088,3910,4178,-268
107000089,1642,1989,-347
107000090,1342,1319,23
107000091,1546,1104,442
107000092,889,1116,-227
107000093,1303,907,396
107000094,1117,1279,-162
107000095,814,674,140
107000096,682,1054,-372
107000097,871,318,553
107000098,765,726,39
107000099,712,346,366
107000100,359,387,-28
107000101,74,169,-95
107000102,232,361,-129
107000103,303,224,79
107000104,196,290,-94
107000105,372,173,199
107000106,292,277,15
107000107,561,251,310
107000108,267,649,-382
107000109,694,162,532
107000110,83,524,-441
107000111,368,66,302
107000112,47,317,-270
107000113,579,150,429
107000114,117,583,-466
107000115,534,171,363
107000116,117,795,-678
107000117,144,655,-511
107000118,114,225,-111
107000119,1733,1766,-33
107000120,1439,538,901
107000121,967,843,124
107000122,1251,1122,129
107000123,431,753,-322
107000124,584,1065,-481
107000125,923,678,245
107000126,1019,965,54
107000129,393,491,-98
107000130,812,454,358
107000131,522,616,-94
107000132,656,458,198
107000133,1050,181,869
107000134,426,7,419
107000135,5,365,-360
107000136,1008,15,993
107000137,17,501,-484
107000138,464,24,440
107000139,33,511,-478
107000140,2796,202,2594
107000141,200,842,-642
107000142,771,154,617
107000143,85,828,-743
107000144,837,602,235
107000145,233,585,-352
107000146,249,468,-219
107000147,3527,1034,2493
107000150,807,5614,-4807
107000151,47,184,-137
107000152,560,1526,-966
107000153,243,603,-360
107000154,306,294,12
107000155,984,30,954
107000156,1282,41,1241
107000157,102,1648,-1546
107000158,592,36,556
107000159,49,991,-942
107000160,1042,254,788
107000161,107,1915,-1808
107000162,383,839,-456
107000163,261,4,257
107000164,677,3,674
107000165,1045,24,1021
107000166,92,1425,-1333
107000167,783,366,417
107000168,995,634,361
107000169,889,929,-40
107000170,2146,1168,978
107000171,953,2372,-1419
107000172,1044,1513,-469
107000173,771,1229,-458
107000174,1184,6659,-5475
107000175,8047,2147,5900
107000176,3,1,2
107000177,10,1,9
107000178,16,49,-33
107000179,369,2360,-1991
107000180,1286,457,829
107000181,453,1174,-721
107000182,1729,1187,542
107000183,153,945,-792
107000184,1038,903,135
107000185,571,1702,-1131
107000186,1345,635,710
107000187,1535,1554,-19
107000188,735,715,20
107000189,531,1317,-786
107000190,677,882,-205
107000191,731,1097,-366
107000192,1802,921,881
107000193,450,571,-121
107000194,963,859,104
107000197,1111,411,700
107000198,428,767,-339
107000199,780,808,-28
107000200,766,904,-138
107000201,497,371,126
107000202,356,626,-270
107000203,1715,1042,673
107000204,1871,1292,579
107000205,2928,1172,1756
107000206,1513,1712,-199
107000207,794,1143,-349
107000208,1597,621,976
107000209,2705,1474,1231
107000210,1027,416,611
107000211,6,73,-67
107000212,28,399,-371
107000213,14,23,-9
107000214,27,163,-136
107000215,667,441,226
107000216,476,503,-27
107000217,341,161,180
107000219,127,235,-108
107000220,358,247,111
107000222,349,983,-634
107000224,758,81,677
107000225,996,637,359
107000226,491,118,373
107000227,226,380,-154
107000228,161,280,-119
107000229,162,255,-93
107000230,1132,527,605
107000231,2136,2024,112
107000232,191,123,68
107000233,2307,1122,1185
107000234,2,58,-56
107000235,89,18,71
107000236,30,841,-811
107000237,33,0,33
107000238,61,4,57
107000239,3644,611,3033
107000240,178,1399,-1221
107000241,115,23,92
107000242,389,41,348
107000243,0,42,-42
107000244,11,90,-79
107000246,2,1101,-1099
107000249,6,1332,-1326
107000251,0,426,-426
107000252,7,1432,-1425
107000255,619,170,449
107000257,3,376,-373
107000258,0,116,-116
107000259,5,220,-215
107000260,569,34,535
107000262,15,602,-587
107000263,261,63,198
107000266,6,7,-1
107000267,143,181,-38
107000268,168,182,-14
107000269,1055,55,1000
107000270,5,35,-30
107000271,28,683,-655
107000272,28,149,-121
107000273,26,236,-210
107000274,5412,372,5040
107000275,445,1539,-1094
107000280,788,65,723
107000281,52,1081,-1029
107000282,71,947,-876
107000290,39,43,-4
107000291,27,32,-5
107000292,3,180,-177
107000293,249,3,246
107000294,1,55,-54
107000295,302,5,297
107000296,0,25,-25
107000444,504,16,488
107000496,5,23,-18
107000497,1840,2903,-1063
107000500,332,401,-69
107000501,156,195,-39
107000502,186,376,-190
107000505,428,903,-475
107000506,3,78,-75
107000508,20,775,-755
107000509,287,1219,-932
107000510,90,46,44
107000514,45,366,-321
107000515,20,234,-214
107000516,315,328,-13
107000518,1006,1262,-256
107000519,2160,1196,964
107000520,93,41,52
107900001,70,183,-113
107900002,67,7,60
107900003,478,42,436
107900004,113,5,108
107900005,1292,11,1281
107900006,157,1,156
107900007,370,34,336
107900008,368,44,324
107900009,200,6,194
107900010,52,1,51
107900012,371,31,340
107900013,239,48,191
107900014,29,25,4
107900015,1029,14,1015
107900016,616,110,506
107900017,48,5,43
107900018,66,148,-82
107900019,32,66,-34
107900020,175,23,152
107900021,99,140,-41
107900023,3,2,1
107900024,1,41,-40
107900025,246,333,-87
107900026,122,122,0
107900027,69,74,-5
107900028,78,110,-32
107900030,127,36,91
107900031,53,128,-75
107900032,37,10,27
107900033,22,13,9
107900034,495,20,475
107900035,859,63,796
107900036,71,19,52
107900037,0,48,-48
107900038,148,285,-137
107900039,29,75,-46
107900040,86,208,-122
107900041,4,4,0
107900043,24,161,-137
107900044,10,42,-32
107900045,132,49,83
107900046,164,233,-69
107900047,40,79,-39
107900048,198,13,185
107900049,426,2475,-2049
107900050,215,386,-171
107900051,88,84,4
107900052,34,51,-17
107900053,57,110,-53
107900055,1064,484,580
107900056,171,85,86
107900057,1,0,1
107900058,23,686,-663
107900060,245,58,187
107900061,19,13,6
107900063,68,137,-69
107900064,381,183,198
107900065,212,41,171
107900066,51,6,45
107900067,7,1,6
107900068,206,499,-293
107900069,57,1767,-1710
107900070,108,67,41
107900071,25,895,-870
107900072,108,276,-168
107900073,448,104,344
107900074,980,341,639
107900076,129,72,57
107900077,73,1,72
107900078,212,91,121
107900079,20,52,-32
107900080,359,726,-367
107900081,54,108,-54
107900082,33,27,6
107900083,460,209,251
107900084,132,189,-57
107900086,173,222,-49
107900087,778,214,564
107900088,46,6,40
107900089,336,1287,-951
107900090,970,2877,-1907
107900091,275,483,-208
107900092,2276,615,1661
107900093,175,138,37
107900095,3779,2603,1176
107900097,22,82,-60
107900098,63,278,-215
107900100,1234,1381,-147
107900101,1153,338,815
107900102,46,9,37
107900103,58,204,-146
107900104,346,16,330
107900105,1,381,-380
107900106,4,1293,-1289
107900107,1828,613,1215
107900108,286,183,103
107900109,1178,18,1160
107900110,65,201,-136
107900111,8,871,-863
107900112,168,371,-203
107900113,219,185,34
107900114,157,226,-69
107900115,9,48,-39
107900116,194,292,-98
107900117,416,451,-35
107900118,85,249,-164
107900119,101,398,-297
107900120,33,32,1
107900121,6,248,-242
107900122,5,121,-116
107900123,5,54,-49
107900124,18,47,-29
107900125,33,188,-155
107900126,8,91,-83
107900127,671,365,306
107900128,135,117,18
107900129,75,83,-8
107900130,105,56,49
107900131,1046,403,643
107900132,142,542,-400
107900133,2,113,-111
107900134,43,90,-47
107900135,7,186,-179
107900136,32,85,-53
107900137,207,138,69
107900138,68,133,-65
107900139,42,184,-142
107900140,102,54,48
107900141,41,56,-15
107900142,118,1025,-907
107900143,365,52,313
107900144,0,175,-175
107900145,25,148,-123
107900146,68,121,-53
107900147,46,69,-23
107900148,180,150,30
107900149,1112,342,770
107900150,77,907,-830
107900151,51,136,-85
107900152,15,302,-287
107900153,159,312,-153
107900154,58,19,39
107900155,84,101,-17
107900156,9,360,-351
107900157,66,86,-20
107900158,842,41,801
107900159,49,1026,-977
107900160,116,158,-42
107900161,21,167,-146
107900162,4,134,-130
107900163,124,121,3
107900164,15,71,-56
107900165,46,97,-51
107900166,27,246,-219
107900167,22,25,-3
107900168,43,70,-27
107900169,8,242,-234
107900171,24,1485,-1461
107900172,10,374,-364
107900173,26,160,-134
107900174,102,5,97
107900175,123,44,79
107900176,33,52,-19
107900177,8,348,-340
107900178,0,155,-155
107900179,27,172,-145
107900180,774,549,225
107900181,975,331,644
107900182,19,1045,-1026
107900183,38,297,-259
107900184,205,297,-92
107900185,112,3,109
107900186,43,51,-8
107900187,1,152,-151
107900188,836,204,632
107900189,35,185,-150
107900190,94,170,-76
107900191,82,143,-61
107900193,8,44,-36
107900194,213,12,201
107900195,2980,527,2453
107900196,92,140,-48
107900197,1182,464,718
107900199,2,1041,-1039
107900201,100,146,-46
107900203,43,81,-38
107900204,203,328,-125
107900205,274,463,-189
107900206,1214,358,856
107900207,4,629,-625
107900208,28,729,-701
107900209,442,181,261
107900210,104,162,-58
107900213,1126,936,190
107900214,39,160,-121
107900215,154,355,-201
107900216,220,104,116
107900217,74,128,-54
107900218,33,1842,-1809
107900219,44,145,-101
107900220,299,311,-12
107900221,282,247,35
107900223,80,761,-681
107900224,153,403,-250
107900225,16,730,-714
107900226,107,157,-50
107900227,160,502,-342
107900228,17,140,-123
107900229,4,354,-350
107900230,15,162,-147
107900231,13,252,-239
107900232,67,155,-88
107900233,5,178,-173
107900234,104,205,-101
107900235,34,117,-83
107900236,93,108,-15
107900237,71,568,-497
107900238,29,119,-90
107900239,1003,519,484
107900240,48,127,-79
107900241,11,81,-70
107900242,20,278,-258
107900243,7,93,-86
107900244,368,7,361
107900245,652,60,592
107900246,815,24,791
107900248,296,551,-255
107900249,642,58,584
107900250,0,634,-634
107900251,106,1567,-1461
107900252,1028,86,942
107900253,149,7,142
107900254,77,726,-649
107900255,372,152,220
107900256,2932,2072,860
107900257,228,156,72
107900258,120,262,-142
107900259,132,2006,-1874
107900261,3,357,-354
107900262,117,145,-28
107900264,323,12,311
107900265,265,195,70
107900267,204,17,187
107900268,29,3,26
107900269,0,9,-9
107900270,1,0,1
107900271,7,24,-17
107900272,168,26,142
107900273,56,120,-64
107900274,94,1,93
107900275,39,3,36
107900276,1,118,-117
107900277,2,235,-233
107900278,297,412,-115
107900279,138,201,-63
107900280,2195,2648,-453
107900281,2095,2592,-497
107900282,70,528,-458
107900283,1230,657,573
107900284,836,700,136
107900285,99,129,-30
107900286,205,151,54
107900287,204,225,-21
107900290,0,139,-139
107900291,525,24,501
107900292,182,268,-86
107900293,69,482,-413
107900295,54,68,-14
107900297,3,448,-445
107900298,895,953,-58
107900299,3594,2391,1203
107900300,65,247,-182
107900301,1052,659,393
107900302,164,52,112
107900303,438,337,101
107900304,283,632,-349
107900305,331,14,317
107900306,9,27,-18
107900307,45,291,-246
107900308,184,180,4
107900309,75,1,74
107900310,1056,6,1050
107900311,8,663,-655
107900312,82,3,79
107900313,5,200,-195
107900314,0,64,-64
107900315,1,86,-85
107900316,55,4,51
107900317,109,28,81
107900318,17,189,-172
107900319,4,229,-225
107900320,5,209,-204
107900321,117,5,112
107900322,5,112,-107
107900323,12,213,-201
107900324,172,3,169
107900325,95,2,93
107900326,306,246,60
107900327,4,75,-71
107900328,179,1,178
107900329,135,140,-5
107900330,12,392,-380
107900331,197,47,150
107900332,197,47,150
107900333,64,27,37
107900334,20,175,-155
107900335,117,60,57
107900336,93,73,20
107900337,1300,900,400
107900338,2,197,-195
107900339,1,25,-24
107900340,5,62,-57
107900341,53,5,48
107900342,147,178,-31
107900343,86,3,83
107900344,20,189,-169
107900345,142,39,103
107900346,26,6,20
107900347,35,3,32
107900348,23,7,16
107900349,24,13,11
107900350,48,278,-230
108000001,3070,4042,-972
108000002,2267,3006,-739
108000003,3794,3514,280
108000004,13587,16868,-3281
108000005,9710,7054,2656
108000006,10145,9267,878
108000007,5154,4526,628
108000008,4783,7379,-2596
108000009,4033,4911,-878
108000010,3676,5054,-1378
108000011,13141,12690,451
108000012,19620,17745,1875
108000014,1130,827,303
108000015,756,283,473
108000016,283,638,-355
108000017,1120,480,640
108000018,2786,771,2015
108000019,3137,984,2153
108000020,1614,702,912
108000021,459,1930,-1471
108000022,533,1405,-872
108000023,1340,357,983
108000024,338,693,-355
108000025,369,258,111
108000026,629,503,126
108000027,850,500,350
108000028,655,320,335
108000029,623,696,-73
108000030,761,288,473
108000031,311,738,-427
108000032,1523,867,656
108000033,828,1289,-461
108000034,1697,660,1037
108000035,826,2465,-1639
108000036,370,1091,-721
108000037,1699,663,1036
108000038,2431,872,1559
108000039,532,2110,-1578
108000040,2126,1161,965
108000041,773,2688,-1915
108000042,336,289,47
108000043,208,334,-126
108000044,517,212,305
108000045,317,606,-289
108000046,1381,514,867
108000047,515,1172,-657
108000048,265,405,-140
108000049,1377,288,1089
108000050,116,460,-344
108000051,297,127,170
108000052,259,701,-442
108000053,458,234,224
108000054,585,1086,-501
108000055,1341,624,717
108000056,1121,1301,-180
108000057,652,1387,-735
108000058,2186,4059,-1873
108000059,3533,2299,1234
108000060,159,434,-275
108000061,146,310,-164
108000062,783,609,174
108000063,554,615,-61
108000064,238,315,-77
108000065,586,675,-89
108000066,1509,904,605
108000067,1811,709,1102
108000068,762,494,268
108000069,256,1009,-753
108000070,1948,957,991
108000071,645,1712,-1067
108000072,1731,1458,273
108000073,1475,2160,-685
108000074,698,461,237
108000075,466,1027,-561
108000076,868,768,100
108000077,739,864,-125
108000078,2200,1794,406
108000079,916,1774,-858
108000080,1301,694,607
108000081,760,1966,-1206
108000082,1012,2108,-1096
108000083,1879,1108,771
108000084,708,1412,-704
108000085,809,570,239
108000086,908,994,-86
108000087,157,2169,-2012
108000088,151,22,129
108000089,408,522,-114
108000090,460,246,214
108000091,329,509,-180
108000092,162,77,85
108000093,197,610,-413
108000094,527,120,407
108000095,137,347,-210
108000096,269,158,111
108000097,132,524,-392
108000098,1405,1646,-241
108000099,408,119,289
108000100,52,203,-151
108000101,1451,1645,-194
108000102,1882,3331,-1449
108000106,1192,0,1192
108000107,3,941,-938
108000108,1070,80,990
108000109,11,720,-709
108000110,175,330,-155
108000111,228,655,-427
108000112,69,165,-96
108000113,515,292,223
108000115,361,359,2
108000117,785,435,350
108000118,81,301,-220
108000119,710,410,300
108000120,186,767,-581
108000121,297,524,-227
108000122,603,362,241
108000123,2140,285,1855
108000124,685,618,67
108000125,397,339,58
108000126,160,449,-289
108000127,552,526,26
108000128,621,581,40
108000129,555,1271,-716
108000130,826,313,513
108000131,960,886,74
108000132,2401,1722,679
108000133,896,642,254
108000134,524,618,-94
108000135,1183,531,652
108000136,577,1083,-506
108000137,486,486,0
108000138,432,1113,-681
108000139,557,330,227
108000140,108,38,70
108000141,43,111,-68
108000142,69,97,-28
108000143,50,30,20
108000144,70,13,57
108000145,49,20,29
108000146,85,18,67
108000147,43,37,6
108000148,77,28,49
108000149,39,26,13
108000150,35,18,17
108000151,68,26,42
108000152,121,518,-397
108000153,473,174,299
108000154,61,12,49
108000155,30,27,3
108000156,328,123,205
108000157,220,946,-726
108000158,109,856,-747
108000159,569,283,286
108000160,3303,1202,2101
108000161,2994,2759,235
108000165,25,207,-182
108000172,4,274,-270
108000173,2007,2080,-73
108000175,237,130,107
108000178,407,349,58
108000179,148,948,-800
108000181,65,28,37
108000182,128,28,100
108000183,56,28,28
108000184,1104,2162,-1058
108000185,300,559,-259
108000186,188,105,83
108000187,145,684,-539
108000188,641,310,331
108000189,740,1453,-713
108000190,46,136,-90
108000192,232,608,-376
108000193,946,52,894
108000194,79,4,75
108000195,1,1019,-1018
108000196,846,218,628
108000198,476,372,104
108000199,1,149,-148
108000200,537,644,-107
108000202,1,265,-264
108000203,141,666,-525
108000204,187,142,45
108000205,368,549,-181
108000339,1659,450,1209
108000364,139,383,-244
108000365,73,339,-266
108000367,133,409,-276
108000368,4,48,-44
108000369,1157,237,920
108000371,1,570,-569
108000372,707,3,704
108000373,370,198,172
108000376,109,43,66
108000377,488,334,154
108000378,9720,11148,-1428
108000379,34,271,-237
108000381,69,33,36
108000382,154,0,154
108000383,2,109,-107
108900001,109,1276,-1167
108900002,201,65,136
108900003,392,817,-425
108900004,132,408,-276
108900005,62,337,-275
108900006,903,221,682
108900007,305,295,10
108900008,127,186,-59
108900009,90,160,-70
108900010,296,285,11
108900011,506,469,37
108900012,321,520,-199
108900013,179,259,-80
108900014,18,151,-133
108900015,1,98,-97
108900016,0,260,-260
108900017,540,475,65
108900018,220,492,-272
108900019,55,973,-918
108900020,71,237,-166
108900021,105,280,-175
108900022,123,11,112
108900023,8,26,-18
108900024,45,121,-76
108900025,114,162,-48
108900026,24,104,-80
108900027,1,105,-104
108900028,97,384,-287
108900029,60,244,-184
108900030,1,140,-139
108900031,128,431,-303
108900032,32,275,-243
108900033,1,91,-90
108900034,1,223,-222
108900035,433,1428,-995
108900036,242,332,-90
108900037,70,411,-341
108900038,4,328,-324
108900039,3,519,-516
108900040,7,106,-99
108900041,5746,3197,2549
108900042,15,420,-405
108900043,65,505,-440
108900044,10,535,-525
108900045,73,614,-541
108900046,81,885,-804
108900047,1,119,-118
108900048,147,981,-834
108900049,3480,1460,2020
108900050,1,255,-254
108900051,1,186,-185
108900052,26,264,-238
108900053,125,155,-30
108900054,85,247,-162
108900055,94,407,-313
108900056,0,143,-143
108900057,1,166,-165
108900058,38,421,-383
108900059,437,38,399
108900060,127,155,-28
108900061,133,47,86
108900062,8,255,-247
108900063,21,284,-263
108900064,190,76,114
108900065,17,250,-233
108900066,371,131,240
108900067,15,171,-156
108900068,0,98,-98
108900069,76,82,-6
108900070,31,138,-107
108900071,88,92,-4
108900072,2481,938,1543
108900073,4,78,-74
108900074,216,445,-229
108900075,90,64,26
108900076,353,104,249
108900077,162,155,7
108900078,23,187,-164
108900079,1111,249,862
108900080,56,857,-801
108900081,60,260,-200
108900082,63,164,-101
108900083,38,322,-284
108900084,501,172,329
108900085,2300,259,2041
108900086,119,302,-183
108900087,142,299,-157
108900088,973,484,489
108900089,28,174,-146
108900090,71,318,-247
108900091,116,121,-5
108900092,468,422,46
108900093,151,131,20
108900094,209,99,110
108900095,65,394,-329
108900096,336,25,311
108900097,248,258,-10
108900098,2758,825,1933
108900099,427,244,183
108900100,128,155,-27
108900101,225,159,66
108900102,114,1075,-961
108900103,86,148,-62
108900104,215,412,-197
108900105,8,1049,-1041
108900106,399,424,-25
108900108,555,73,482
108900109,44,20,24
108900110,316,457,-141
108900111,499,654,-155
108900112,336,64,272
108900113,37,73,-36
108900114,0,9,-9
108900115,81,111,-30
108900116,134,22,112
108900117,164,44,120
108900118,529,14,515
108900119,281,42,239
108900120,196,196,0
108900121,358,158,200
108900122,131,27,104
108900123,109,186,-77
108900124,518,252,266
108900125,426,7,419
108900126,113,35,78
108900127,182,30,152
108900128,104,41,63
108900129,751,194,557
108900130,357,6,351
108900131,455,9,446
108900132,568,115,453
108900133,239,66,173
108900134,338,349,-11
108900135,139,18,121
108900136,102,4,98
108900137,196,1,195
108900138,735,67,668
108900139,553,194,359
108900140,269,300,-31
108900141,325,19,306
108900142,117,17,100
108900143,47,0,47
108900144,112,1,111
108900145,213,18,195
108900146,44,1,43
108900147,236,3,233
108900148,111,71,40
108900149,729,384,345
108900150,256,11,245
108900151,250,7,243
108900152,266,5,261
108900153,184,422,-238
108900154,5127,611,4516
108900155,278,132,146
108900156,69,13,56
108900157,23,523,-500
108900158,473,55,418
108900159,6,282,-276
108900160,15,292,-277
108900161,40,513,-473
108900162,114,1,113
108900163,23,259,-236
108900164,52,109,-57
108900165,177,114,63
108900167,1922,5984,-4062
108900168,8006,2852,5154
108900169,51,102,-51
108900171,8396,3078,5318
108900172,242,85,157
108900173,253,442,-189
108900174,751,813,-62
108900176,122,473,-351
108900177,6114,6291,-177
108900178,4327,3756,571
108900179,741,1750,-1009
108900180,117,261,-144
108900182,50,283,-233
108900183,197,236,-39
108900184,480,283,197
108900185,277,455,-178
108900186,89,439,-350
108900187,376,101,275
108900188,494,128,366
108900189,565,196,369
108900190,57,2746,-2689
108900191,254,51,203
108900192,106,258,-152
108900193,447,93,354
108900194,49,458,-409
108900195,138,361,-223
108900196,30,364,-334
108900198,5,446,-441
108900199,245,426,-181
108900200,789,404,385
108900201,592,1629,-1037
108900203,551,140,411
108900204,406,17,389
108900205,241,32,209
108900206,602,40,562
108900207,186,101,85
108900208,18,322,-304
108900209,283,638,-355
108900210,237,279,-42
108900211,243,553,-310
108900212,854,1696,-842
108900215,87,452,-365
108900216,505,173,332
108900217,172,4,168
108900218,232,21,211
108900219,141,6,135
108900220,74,36,38
108900221,44,146,-102
108900222,290,27,263
108900223,14,151,-137
108900224,60,259,-199
108900225,1,178,-177
108900226,280,18,262
108900227,152,347,-195
108900230,322,306,16
108900231,54,200,-146
108900232,8,357,-349
108900233,514,163,351
108900234,360,250,110
108900235,230,696,-466
108900236,82,399,-317
108900237,121,232,-111
108900240,211,139,72
108900241,44,67,-23
108900245,29,1313,-1284
108900249,167,75,92
108900250,354,250,104
108900257,214,553,-339
108900258,30,241,-211
108900259,258,89,169
108900260,9,117,-108
108900261,84,148,-64
108900262,187,175,12
108900263,51,206,-155
108900264,707,308,399
108900265,1303,479,824
108900266,973,630,343
108900267,4,118,-114
108900268,25,12,13
108900269,100,35,65
108900270,58,10,48
108900271,35,15,20
108900272,250,15,235
108900273,1142,924,218
108900274,55,62,-7
109000001,3358,1386,1972
109000002,1658,1677,-19
109000003,2634,481,2153
109000004,494,2254,-1760
109000005,2388,699,1689
109000006,764,2079,-1315
109000007,1519,799,720
109000008,504,1742,-1238
109000009,3990,1378,2612
109000010,1599,3747,-2148
109000011,3174,2424,750
109000012,1976,3392,-1416
109000013,3877,3185,692
109000014,2365,3395,-1030
109000015,3906,7044,-3138
109000016,6736,3912,2824
109000017,2423,1331,1092
109000018,844,3089,-2245
109000019,2653,1364,1289
109000020,1099,2082,-983
109000023,318,39,279
109000024,9,198,-189
109000025,349,496,-147
109000026,740,325,415
109000027,83,328,-245
109000028,126,95,31
109000029,143,228,-85
109000030,86,518,-432
109000031,270,205,65
109000032,120,452,-332
109000033,327,202,125
109000034,78,52,26
109000035,16,80,-64
109000036,230,429,-199
109000037,307,1223,-916
109000038,775,458,317
109000039,1069,801,268
109000040,5620,8266,-2646
109000041,3840,1733,2107
109000042,710,1493,-783
109000044,351,96,255
109000045,111,379,-268
109000046,433,102,331
109000047,72,473,-401
109000048,981,262,719
109000049,380,631,-251
109000050,412,309,103
109000051,318,296,22
109000052,574,1204,-630
109000053,266,97,169
109000054,1149,611,538
109000055,533,506,27
109000056,645,1130,-485
109000057,759,553,206
109000058,1162,489,673
109000059,1143,1584,-441
109000060,388,378,10
109000061,1034,1251,-217
109000062,257,415,-158
109000063,285,282,3
109000064,982,254,728
109000065,117,207,-90
109000066,535,131,404
109000067,78,374,-296
109000068,3098,17,3081
109000069,1070,37,1033
109000070,11,1295,-1284
109000071,320,95,225
109000072,129,310,-181
109000073,42,108,-66
109000074,38,194,-156
109000075,92,411,-319
109000076,120,231,-111
109000077,407,310,97
109000078,96,198,-102
109000079,154,233,-79
109000080,147,132,15
109000081,134,517,-383
109000082,600,277,323
109000083,297,701,-404
109000088,116,546,-430
109000089,345,71,274
109000090,175,495,-320
109000091,411,251,160
109000092,400,576,-176
109000093,276,277,-1
109000094,482,2,480
109000095,100,496,-396
109000096,678,359,319
109000097,114,211,-97
109000098,40,188,-148
109000099,1155,366,789
109000100,272,627,-355
109000101,1863,806,1057
109000102,413,811,-398
109000103,485,807,-322
109000104,1679,729,950
109000105,481,1477,-996
109000106,2079,1052,1027
109000107,751,2298,-1547
109000108,1893,746,1147
109000109,515,2061,-1546
109000110,1228,654,574
109000111,945,2196,-1251
109000112,606,191,415
109000113,550,269,281
109000114,300,480,-180
109000115,1446,42,1404
109000116,4,319,-315
109000117,211,99,112
109000118,8,343,-335
109000119,1216,279,937
109000120,195,983,-788
109000121,481,50,431
109000122,147,844,-697
109000123,71,57,14
109000124,628,523,105
109000125,979,391,588
109000126,528,907,-379
109000127,895,275,620
109000128,444,1704,-1260
109000129,2190,1014,1176
109000130,689,2141,-1452
109000131,1006,692,314
109000132,905,2001,-1096
109000133,494,1203,-709
109000134,959,1552,-593
109000135,1705,1946,-241
109000136,382,354,28
109000137,374,419,-45
109000138,615,456,159
109000139,562,491,71
109000140,340,467,-127
109000141,619,579,40
109000142,132,579,-447
109000143,166,89,77
109000145,127,315,-188
109000146,67,175,-108
109000148,4017,2352,1665
109000149,19,65,-46
109000150,127,329,-202
109000155,767,679,88
109000156,1176,808,368
109000158,274,387,-113
109000159,218,716,-498
109000160,989,292,697
109000161,310,1238,-928
109000162,1892,938,954
109000163,1023,2037,-1014
109000164,1167,2843,-1676
109000165,1255,717,538
109000166,607,169,438
109000167,118,657,-539
109000170,40,74,-34
109000171,85,65,20
109000172,50,98,-48
109000173,32,81,-49
109000174,72,67,5
109000175,73,109,-36
109000176,332,372,-40
109000177,34,198,-164
109000178,690,477,213
109000179,6004,5347,657
109000180,5860,3919,1941
109000181,11,39,-28
109000182,44,28,16
109000183,30,34,-4
109000184,66,24,42
109000185,20,67,-47
109000188,954,2231,-1277
109000189,3533,1185,2348
109000190,567,516,51
109000191,389,507,-118
109000192,414,470,-56
109000193,143,380,-237
109000194,291,242,49
109000195,128,370,-242
109000196,345,214,131
109000197,171,468,-297
109000198,318,138,180
109000199,135,488,-353
109000206,236,35,201
109000207,120,70,50
109000208,96,80,16
109000209,173,128,45
109000210,202,623,-421
109000211,543,643,-100
109000214,472,379,93
109000215,156,105,51
109000216,230,257,-27
109000217,602,155,447
109000218,948,248,700
109000221,599,1174,-575
109000222,1195,311,884
109000223,334,387,-53
109000224,34,164,-130
109000225,71,59,12
109000226,68,216,-148
109000227,1056,1560,-504
109000228,5,979,-974
109000231,1,295,-294
109000232,341,397,-56
109000236,254,867,-613
109000241,2457,2535,-78
109000242,2127,1654,473
109000293,119,123,-4
109000361,150,333,-183
109000364,342,736,-394
109000396,9,589,-580
109000397,516,12,504
109000399,98,505,-407
109000400,58,217,-159
109000403,137,937,-800
109000406,458,7,451
109000407,321,265,56
109000408,0,481,-481
109000410,1094,351,743
109000411,161,31,130
109900001,79,1,78
109900002,912,35,877
109900003,293,1,292
109900004,1169,209,960
109900005,40,7,33
109900006,616,245,371
109900007,707,567,140
109900008,0,56,-56
109900009,156,751,-595
109900010,600,28,572
109900011,115,73,42
109900012,461,283,178
109900013,391,252,139
109900014,481,109,372
109900015,574,300,274
109900016,233,27,206
109900017,188,245,-57
109900018,334,127,207
109900019,422,84,338
109900020,54,55,-1
109900021,31,26,5
109900022,130,280,-150
109900023,28,15,13
109900024,23,9,14
109900025,34,73,-39
109900026,2,172,-170
109900027,53,77,-24
109900028,1803,830,973
109900029,7,420,-413
109900030,58,5,53
109900031,1,215,-214
109900032,12,461,-449
109900033,6,530,-524
109900034,28,2,26
109900035,19,36,-17
109900036,17,98,-81
109900037,30,561,-531
109900038,107,249,-142
109900039,16,0,16
109900040,22,547,-525
109900041,72,368,-296
109900042,231,831,-600
109900044,482,267,215
109900045,292,89,203
109900046,21,76,-55
109900047,476,411,65
109900048,15,114,-99
109900049,17,47,-30
109900050,2,169,-167
109900051,0,75,-75
109900052,190,326,-136
109900053,5,382,-377
109900054,620,312,308
109900055,78,321,-243
109900056,22,225,-203
109900057,8,199,-191
109900058,0,85,-85
109900059,610,140,470
109900060,399,225,174
109900061,62,404,-342
109900062,1,176,-175
109900063,15,493,-478
109900064,529,349,180
109900065,129,148,-19
109900066,363,859,-496
109900067,1,271,-270
109900068,49,7,42
109900069,5,53,-48
109900070,64,441,-377
109900071,4,55,-51
109900072,17,180,-163
109900073,461,523,-62
109900074,11,54,-43
109900075,56,69,-13
109900076,27,229,-202
109900077,47,108,-61
109900078,101,278,-177
109900080,185,369,-184
109900081,33,270,-237
109900082,62,403,-341
109900083,32,94,-62
109900084,73,189,-116
109900085,247,744,-497
109900086,184,424,-240
109900087,377,623,-246
109900089,743,408,335
109900090,547,1110,-563
109900091,290,135,155
109900092,2641,42,2599
109900093,911,230,681
109900094,109,127,-18
109900095,339,223,116
109900096,33,6,27
109900097,87,2,85
109900098,354,64,290
109900099,205,3,202
109900100,41,2,39
109900101,427,16,411
109900102,561,28,533
109900103,28,62,-34
109900104,580,752,-172
109900105,531,33,498
109900106,595,93,502
109900107,726,147,579
109900108,149,491,-342
109900109,35,229,-194
109900110,149,444,-295
109900111,400,866,-466
109900112,321,605,-284
109900113,777,580,197
109900114,1798,1055,743
109900115,201,137,64
109900117,1122,191,931
109900118,274,593,-319
109900119,780,395,385
109900120,80,47,33
109900121,542,570,-28
109900122,504,12,492
109900123,29,153,-124
109900124,76,711,-635
109900125,3,199,-196
109900126,271,101,170
109900128,264,54,210
109900130,7591,2766,4825
109900131,64,237,-173
109900132,42,189,-147
109900133,114,392,-278
109900134,162,130,32
109900135,445,115,330
109900136,157,179,-22
109900137,126,431,-305
109900138,123,102,21
109900140,270,190,80
109900142,1212,393,819
109900145,6,569,-563
109900146,599,74,525
109900148,41,127,-86
109900149,57,96,-39
109900150,6,92,-86
109900151,11,55,-44
109900152,5,48,-43
109900153,4,67,-63
109900154,97,0,97
109900155,111,44,67
109900157,85,260,-175
109900158,70,146,-76
109900159,207,71,136
109900160,174,64,110
109900161,266,105,161
109900162,230,177,53
109900163,769,357,412
109900164,58,249,-191
109900165,291,4,287
109900166,2,179,-177
109900167,192,672,-480
109900168,228,714,-486
109900169,208,219,-11
109900170,258,815,-557
109900171,171,119,52
109900172,376,312,64
109900173,3349,2287,1062
109900174,52,169,-117
109900175,201,102,99
109900176,229,236,-7
109900177,67,289,-222
109900178,74,236,-162
109900179,351,25,326
109900180,9,20,-11
110000001,962,495,467
110000002,576,882,-306
110000003,1025,712,313
110000004,573,717,-144
110000005,546,2169,-1623
110000006,425,342,83
110000007,127,125,2
110000008,34,59,-25
110000009,51,27,24
110000010,48,58,-10
110000011,55,57,-2
110000012,623,494,129
110000013,41,694,-653
110000014,667,469,198
110000015,279,795,-516
110000016,256,1753,-1497
110000017,3043,319,2724
110000018,2653,521,2132
110000019,17,118,-101
110000020,540,280,260
110000021,1091,484,607
110000022,1394,354,1040
110000023,9,149,-140
110000024,736,394,342
110000025,454,9,445
110000026,18,380,-362
110000027,1411,933,478
110000028,914,814,100
110000029,445,754,-309
110000030,260,514,-254
110000031,286,555,-269
110000032,650,460,190
110000033,334,147,187
110000034,575,868,-293
110000035,1168,683,485
110000036,1235,835,400
110000037,318,484,-166
110000038,335,792,-457
110000039,881,3343,-2462
110000040,326,395,-69
110000041,290,1441,-1151
110000042,184,361,-177
110000043,1076,317,759
110000044,438,285,153
110000045,1945,140,1805
110000046,7,29,-22
110000047,43,43,0
110000048,18,47,-29
110000049,143,18,125
110000050,6,96,-90
110000051,17,11,6
110000052,30,24,6
110000053,137,26,111
110000054,651,311,340
110000055,1402,96,1306
110000056,264,81,183
110000057,371,621,-250
110000058,1163,607,556
110000059,1025,580,445
110000060,980,1263,-283
110000061,928,796,132
110000062,758,1098,-340
110000063,25,114,-89
110000064,49,99,-50
110000065,73,116,-43
110000066,84,44,40
110000067,128,232,-104
110000068,293,222,71
110000069,248,135,113
110000071,127,111,16
110000073,14,32,-18
110000075,36,138,-102
110000076,286,597,-311
110000077,462,2115,-1653
110000078,36,74,-38
110000080,303,738,-435
110000081,89,395,-306
110000082,57,409,-352
110000083,249,654,-405
110000084,1248,905,343
110000085,1948,1768,180
110000086,1559,2265,-706
110000087,13,63,-50
110000088,100,273,-173
110000089,375,145,230
110000090,993,332,661
110000091,1562,305,1257
110000092,30,65,-35
110000093,56,10,46
110000094,591,314,277
110000095,237,598,-361
110000096,2311,2117,194
110000097,1216,1232,-16
110000098,2263,669,1594
110000099,822,1753,-931
110000100,830,680,150
110000101,15,407,-392
110000102,71,26,45
110000104,703,145,558
110000105,180,345,-165
110000106,702,456,246
110000107,310,471,-161
110000108,168,70,98
110000109,346,305,41
110000110,3145,4806,-1661
110000111,6419,3113,3306
110000112,1573,1402,171
110000113,500,2227,-1727
110000114,244,655,-411
110000115,389,422,-33
110000116,37,82,-45
110000117,245,457,-212
110000118,480,278,202
110000119,333,389,-56
110000120,433,259,174
110000121,81,461,-380
110000122,498,641,-143
110000123,645,737,-92
110000124,1,1164,-1163
110000125,1028,30,998
110000126,306,35,271
110000127,1240,79,1161
110000128,47,1576,-1529
110000129,5,571,-566
110000130,299,233,66
110000131,333,312,21
110000132,4,857,-853
110000133,53,795,-742
110000134,39,465,-426
110000135,189,68,121
110000136,85,335,-250
110000137,605,747,-142
110000138,851,710,141
110000139,844,1243,-399
110000140,865,698,167
110000143,732,568,164
110000144,6100,2344,3756
110000145,2334,1377,957
110000146,2834,1201,1633
110000147,615,786,-171
110000148,743,317,426
110000151,1144,1129,15
110000152,937,365,572
110000153,133,60,73
110000154,55,48,7
110000155,2156,4259,-2103
110000156,1148,2843,-1695
110000157,2594,2526,68
110000160,420,401,19
110000161,204,360,-156
110000166,661,165,496
110000167,870,562,308
110000168,1175,557,618
110000169,937,398,539
110000170,220,117,103
110000171,778,211,567
110000172,185,794,-609
110000173,1097,1298,-201
110000174,224,1040,-816
110000175,672,104,568
110000176,877,321,556
110000177,236,908,-672
110000178,507,2088,-1581
110000179,1335,421,914
110000180,201,280,-79
110000181,463,767,-304
110000182,417,166,251
110000183,10031,7631,2400
110000184,453,2806,-2353
110000185,2072,780,1292
110000186,890,896,-6
110000191,1030,387,643
110000192,952,15,937
110000193,1390,16,1374
110000194,26,1291,-1265
110000195,478,504,-26
110000196,350,380,-30
110000197,97,279,-182
110000198,502,116,386
110000199,433,162,271
110000200,2452,591,1861
110000201,2097,1002,1095
110000202,1386,632,754
110000203,1111,914,197
110000204,5,246,-241
110000205,158,70,88
110000206,876,1542,-666
110000207,1136,404,732
110000208,403,271,132
110000209,188,1089,-901
110000210,1218,629,589
110000211,1386,817,569
110000212,404,1371,-967
110000213,160,268,-108
110000214,307,240,67
110000215,207,420,-213
110000216,142,415,-273
110000217,341,211,130
110000218,209,391,-182
110000219,357,129,228
110000220,82,337,-255
110000221,348,131,217
110000222,55,222,-167
110000223,6,223,-217
110000224,89,10,79
110000225,435,831,-396
110000226,285,100,185
110000227,1070,819,251
110000228,444,298,146
110000229,2,337,-335
110000230,956,647,309
110000231,221,311,-90
110000232,530,225,305
110000233,352,293,59
110000234,1267,922,345
110000235,1078,1345,-267
110000236,725,739,-14
110000237,3225,1465,1760
110000238,2034,1608,426
110000239,2135,1332,803
110000240,2,132,-130
110000242,0,10,-10
110000243,134,149,-15
110000244,200,400,-200
110000245,36,374,-338
110000246,985,723,262
110000247,1327,4557,-3230
110000248,2020,1442,578
110000249,76,12,64
110000250,118,226,-108
110000251,371,592,-221
110000252,264,224,40
110000253,1459,656,803
110000254,738,1512,-774
110000255,311,1158,-847
110000256,553,373,180
110000257,682,512,170
110000258,6,545,-539
110000259,147,29,118
110000260,29,289,-260
110000263,586,146,440
110000264,364,548,-184
110000265,1429,2286,-857
110000266,2740,3363,-623
110000267,48,220,-172
110000268,421,507,-86
110000269,8,86,-78
110000270,110,6,104
110000271,1574,323,1251
110000272,1571,1201,370
110000273,4253,1922,2331
110000274,215,1445,-1230
110000275,2320,559,1761
110000276,354,361,-7
110000277,446,453,-7
110000278,543,791,-248
110000279,991,829,162
110000280,552,458,94
110000281,83,381,-298
110000282,455,54,401
110000283,92,154,-62
110000284,77,76,1
110000285,1,712,-711
110000286,55,1,54
110000287,57,5,52
110000288,6,108,-102
110000289,500,1677,-1177
110000290,1163,642,521
110000291,4819,1474,3345
110000292,1453,3965,-2512
110000293,960,793,167
110000294,945,1177,-232
110000295,230,976,-746
110000296,503,425,78
110000297,2205,359,1846
110000298,257,618,-361
110000299,263,124,139
110000301,369,29,340
110000302,449,1114,-665
110000303,542,11,531
110000304,277,299,-22
110000305,1218,27,1191
110000306,149,1466,-1317
110000307,1603,9,1594
110000308,627,8,619
110000309,9,789,-780
110000310,812,85,727
110000311,15,626,-611
110000312,476,91,385
110000313,2690,3172,-482
110000314,2,274,-272
110000315,3629,3206,423
110000316,581,1504,-923
110000317,928,576,352
110000318,17,88,-71
110000319,39,41,-2
110000320,66,65,1
110000321,50,42,8
110000322,315,400,-85
110000323,506,205,301
110000324,3652,1653,1999
110000325,2995,2844,151
110000327,766,460,306
110000328,178,470,-292
110000333,1128,762,366
110000334,1030,1545,-515
110000335,1026,636,390
110000336,1042,1274,-232
110000337,1641,692,949
110000338,561,352,209
110000339,469,236,233
110000340,211,224,-13
110000341,472,523,-51
110000342,597,7,590
110000343,0,12,-12
110000344,1133,197,936
110000345,1177,165,1012
110000346,2970,2099,871
110000347,1354,966,388
110000348,21,18,3
110000349,5,18,-13
110000350,82,10,72
110000351,1006,894,112
110000352,725,1682,-957
110000353,2741,921,1820
110000354,1204,3904,-2700
110000355,127,107,20
110000356,764,6,758
110000357,470,26,444
110000361,39,49,-10
110000362,74,93,-19
110000363,439,183,256
110000364,278,348,-70
110000365,230,5,225
110000366,1,121,-120
110000367,510,273,237
110000368,8,70,-62
110000369,137,3,134
110000373,6,361,-355
110000374,575,16,559
110000375,203,1518,-1315
110000376,30,109,-79
110000377,71,535,-464
110000378,21,376,-355
110000379,3057,1997,1060
110000380,72,18,54
110000383,0,1166,-1166
110000384,2950,1340,1610
110000385,1,213,-212
110000387,101,11,90
110000388,35,222,-187
110000389,869,87,782
110000391,980,365,615
110000396,187,179,8
110000397,182,245,-63
110000398,6,72,-66
110000399,162,2,160
110000587,205,89,116
110000589,230,164,66
110000640,194,104,90
110000652,30,281,-251
110000653,340,516,-176
110000654,119,202,-83
110000656,2,720,-718
110000674,37,20,17
110000675,32,29,3
110000676,6,46,-40
110000679,370,1104,-734
110000682,96,216,-120
110000683,458,605,-147
110000684,11,47,-36
110000685,20,16,4
110000686,1,39,-38
110000687,88,9,79
110000688,86,959,-873
110000689,54,74,-20
110000692,156,168,-12
110000693,226,362,-136
110000694,1,178,-177
110000695,319,685,-366
110000696,112,109,3
110900001,323,13,310
110900002,696,221,475
110900003,701,705,-4
110900004,470,259,211
110900005,2941,2742,199
110900006,64,16,48
110900007,143,32,111
110900008,10,43,-33
110900009,397,120,277
110900010,14,103,-89
110900011,16,110,-94
110900012,17,115,-98
110900013,1392,200,1192
110900014,748,13,735
110900015,618,620,-2
110900016,46,127,-81
110900017,419,44,375
110900018,532,62,470
110900019,189,28,161
110900020,97,311,-214
110900021,133,727,-594
110900022,157,371,-214
110900023,101,503,-402
110900024,37,502,-465
110900025,31,96,-65
110900027,31,262,-231
110900028,46,158,-112
110900029,38,392,-354
110900030,40,299,-259
110900031,8,165,-157
110900032,0,83,-83
110900033,56,253,-197
110900035,30,561,-531
110900036,108,36,72
110900037,77,37,40
110900038,1068,218,850
110900039,5,295,-290
110900040,194,60,134
110900041,14,113,-99
110900042,122,62,60
110900043,5,133,-128
110900044,217,27,190
110900045,67,546,-479
110900046,54,283,-229
110900047,587,303,284
110900049,115,101,14
110900050,35,3,32
110900051,55,278,-223
110900052,4,164,-160
110900053,100,56,44
110900054,197,224,-27
110900055,31,10,21
110900056,82,137,-55
110900057,15,169,-154
110900058,308,252,56
110900059,688,588,100
110900060,434,162,272
110900061,34,70,-36
110900062,129,336,-207
110900063,46,306,-260
110900064,19,0,19
110900065,386,150,236
110900066,22,151,-129
110900067,389,710,-321
110900068,238,286,-48
110900069,8,25,-17
110900070,108,103,5
110900071,256,711,-455
110900073,2,30,-28
110900074,349,104,245
110900075,413,103,310
110900077,890,975,-85
110900078,55,75,-20
110900079,2265,1521,744
110900080,167,109,58
110900081,10,54,-44
110900082,118,163,-45
110900083,146,78,68
110900084,38,102,-64
110900085,93,282,-189
110900086,82,403,-321
110900087,568,145,423
110900088,20,2,18
110900090,44,50,-6
110900091,2,71,-69
110900093,502,198,304
110900095,74,90,-16
110900097,11,22,-11
110900098,39,76,-37
110900099,78,420,-342
110900100,0,37,-37
110900102,109,35,74
110900105,1030,241,789
110900108,18,100,-82
110900111,565,406,159
110900112,911,6,905
110900113,506,62,444
110900115,22,79,-57
110900116,770,2026,-1256
110900118,176,2979,-2803
110900119,4211,432,3779
110900120,22,44,-22
110900121,177,0,177
110900122,477,218,259
110900125,421,509,-88
110900127,864,1340,-476
110900128,319,279,40
110900129,530,919,-389
110900130,1185,731,454
110900131,927,123,804
110900132,371,111,260
110900133,814,259,555
110900135,116,403,-287
110900136,391,20,371
110900137,133,1,132
110900138,2107,567,1540
110900139,125,160,-35
110900140,138,5,133
110900141,11,145,-134
110900142,77,189,-112
110900143,251,144,107
110900144,4,718,-714
110900145,358,49,309
110900146,705,180,525
110900147,166,346,-180
110900148,6,303,-297
110900149,11,85,-74
110900150,75,27,48
110900151,4,71,-67
110900152,30,295,-265
110900153,181,67,114
111000001,543,348,195
111000002,616,650,-34
111000003,1085,727,358
111000004,514,1005,-491
111000005,1324,1218,106
111000006,950,1697,-747
111000007,4777,2943,1834
111000008,2329,3391,-1062
111000009,424,1162,-738
111000010,774,304,470
111000011,532,1026,-494
111000012,772,499,273
111000013,450,1191,-741
111000014,2011,566,1445
111000017,140,1099,-959
111000018,298,485,-187
111000020,1173,2659,-1486
111000021,97,102,-5
111000023,110,99,11
111000025,4801,4451,350
111000029,122,174,-52
111000030,54,164,-110
111000031,2254,1682,572
111000032,639,491,148
111000033,325,442,-117
111000034,257,239,18
111000037,1864,1175,689
111000038,4292,3017,1275
111000039,2295,2623,-328
111000040,2031,2765,-734
111000041,2073,1937,136
111000042,3597,2751,846
111000043,2092,3425,-1333
111000044,2063,1335,728
111000045,2238,2585,-347
111000046,1710,2046,-336
111000047,2552,4274,-1722
111000049,622,537,85
111000050,1562,1559,3
111000051,554,1120,-566
111000052,785,1773,-988
111000053,424,1064,-640
111000054,381,1009,-628
111000055,1152,1808,-656
111000056,191,541,-350
111000057,90,610,-520
111000058,372,70,302
111000059,875,323,552
111000060,4340,870,3470
111000061,627,422,205
111000062,872,420,452
111000063,2665,1074,1591
111000064,606,768,-162
111000065,1135,1086,49
111000066,483,615,-132
111000067,718,774,-56
111000068,666,1227,-561
111000069,1961,2773,-812
111000070,1422,1186,236
111000071,231,778,-547
111000072,1075,464,611
111000073,330,766,-436
111000074,1608,1982,-374
111000075,1206,832,374
111000076,570,779,-209
111000077,2002,1969,33
111000078,3255,1773,1482
111000079,1462,872,590
111000080,520,830,-310
111000081,1844,5907,-4063
111000082,678,729,-51
111000084,904,745,159
111000085,1126,1440,-314
111000086,3048,1357,1691
111000087,719,809,-90
111000088,6015,2542,3473
111000089,762,1146,-384
111000090,1056,1579,-523
111000091,766,556,210
111000092,1234,910,324
111000093,900,1203,-303
111000094,2209,1098,1111
111000095,722,2237,-1515
111000096,2217,7354,-5137
111000097,5098,1805,3293
111000098,960,1392,-432
111000099,779,2160,-1381
111000100,489,1703,-1214
111000101,502,888,-386
111000102,279,599,-320
111000104,728,235,493
111000107,183,774,-591
111000109,930,297,633
111000110,1369,663,706
111000111,3279,663,2616
111000112,2657,845,1812
111000113,1025,1594,-569
111000114,2134,3591,-1457
111000115,6188,1558,4630
111000116,990,1161,-171
111000117,465,932,-467
111000118,2276,1099,1177
111000119,1049,1215,-166
111000120,463,758,-295
111000121,272,764,-492
111000122,555,1398,-843
111000123,1067,3117,-2050
111000124,456,2796,-2340
111000125,306,1584,-1278
111000126,159,916,-757
111000127,1082,218,864
111000128,2664,425,2239
111000129,2757,569,2188
111000130,2173,902,1271
111000131,1604,768,836
111000132,1449,889,560
111000133,220,218,2
111000134,167,155,12
111000135,78,184,-106
111000136,365,353,12
111000138,9,8,1
111000140,6,17,-11
111000141,224,399,-175
111000142,14,100,-86
111000143,3,142,-139
111000144,44,308,-264
111000145,2041,24,2017
111000146,155,17,138
111000147,353,34,319
111000148,156,70,86
111000149,7,39,-32
111000150,30,9,21
111000151,8,35,-27
111000153,752,946,-194
111000154,818,289,529
111000155,100,242,-142
111000156,444,782,-338
111000157,292,1310,-1018
111000158,980,812,168
111000159,2893,734,2159
111000160,438,340,98
111000161,12,298,-286
111000162,132,198,-66
111000163,767,1147,-380
111000164,807,4797,-3990
111000165,1228,677,551
111000166,2602,526,2076
111000167,207,589,-382
111000168,231,559,-328
111000169,287,770,-483
111000170,559,526,33
111000171,603,784,-181
111000172,218,445,-227
111000173,384,918,-534
111000174,156,371,-215
111000175,45,349,-304
111000176,663,150,513
111000177,326,266,60
111000178,1201,376,825
111000179,204,239,-35
111000180,246,465,-219
111000181,1112,284,828
111000182,248,269,-21
111000183,1035,369,666
111000184,427,257,170
111000185,572,450,122
111000186,806,311,495
111000187,162,220,-58
111000188,221,454,-233
111000189,1170,716,454
111000190,202,405,-203
111000191,158,369,-211
111000192,207,513,-306
111000193,329,355,-26
111000194,70,359,-289
111000195,285,361,-76
111000196,65,195,-130
111000197,626,173,453
111000198,1566,129,1437
111000199,251,185,66
111000200,438,422,16
111000201,649,390,259
111000202,253,322,-69
111000203,338,558,-220
111000204,467,1518,-1051
111000213,196,502,-306
111000214,1874,1545,329
111000215,1136,1417,-281
111000217,1408,1211,197
111000218,1246,1374,-128
111000219,343,257,86
111000220,1891,1186,705
111000221,815,148,667
111000224,2,330,-328
111000225,344,320,24
111000226,131,2,129
111000227,52,6,46
111000228,42,358,-316
111000229,74,970,-896
111000230,301,477,-176
111000231,1070,909,161
111000232,814,1067,-253
111000233,803,908,-105
111000234,133,410,-277
111000239,173,178,-5
111000240,48,212,-164
111000241,38,337,-299
111000242,251,88,163
111000243,414,694,-280
111000244,684,84,600
111000245,2300,570,1730
111000246,518,456,62
111000247,335,877,-542
111000248,608,755,-147
111000249,521,722,-201
111000250,41,153,-112
111000251,43,126,-83
111000253,8,18,-10
111000255,30,11,19
111000257,41,12,29
111000260,124,1169,-1045
111000261,1187,162,1025
111000271,58,283,-225
111000273,4248,1728,2520
111000274,1238,2663,-1425
111000275,257,72,185
111000276,270,2141,-1871
111000277,225,478,-253
111000278,745,334,411
111000291,684,5400,-4716
111000298,595,266,329
111000299,636,187,449
111000300,178,598,-420
111000302,239,96,143
111000303,95,233,-138
111000312,91,68,23
111000315,0,147,-147
111000320,399,855,-456
111000321,407,135,272
111000322,415,616,-201
111000323,210,25,185
111000324,430,325,105
111000325,49,70,-21
111000326,223,395,-172
111000327,1023,478,545
111000328,266,568,-302
111000329,1,37,-36
111000330,81,4,77
111000331,35,4,31
111000332,584,1508,-924
111000334,401,1470,-1069
111000335,1522,323,1199
111000337,1154,522,632
111000338,112,147,-35
111000339,710,437,273
111000340,372,669,-297
111000341,1153,813,340
111000342,313,898,-585
111000344,1147,928,219
111000345,301,78,223
111000346,15,128,-113
111000347,159,14,145
111000350,287,119,168
111000351,132,354,-222
111000352,247,130,117
111000353,155,274,-119
111000354,682,149,533
111000355,551,622,-71
111000358,266,1252,-986
111000360,176,714,-538
111000361,133,323,-190
111000546,1858,657,1201
111000547,627,600,27
111000548,158,423,-265
111000549,337,417,-80
111000550,83,1117,-1034
111000551,714,213,501
111000552,2353,135,2218
111000907,539,126,413
111000908,23,0,23
111000916,1696,396,1300
111000917,70,505,-435
111000918,195,839,-644
111000920,503,24,479
111000921,6,248,-242
111000922,568,389,179
111000924,80,904,-824
111000925,2446,2101,345
111000926,1090,1708,-618
111000927,3027,4642,-1615
111000928,4608,3608,1000
111000929,1832,1622,210
111000930,1016,2447,-1431
111000931,2121,2893,-772
111000932,4435,2795,1640
111000933,3796,2804,992
111000934,2065,3858,-1793
111000935,1389,1415,-26
111000936,1149,2342,-1193
111000937,913,1680,-767
111000938,1496,1704,-208
111000939,441,63,378
111000940,390,224,166
111000941,513,534,-21
111000943,436,372,64
111000944,175,368,-193
111000945,111,1741,-1630
111001109,553,405,148
111001110,168,515,-347
111001111,80,12,68
111001112,134,9,125
111001113,0,151,-151
111001114,1047,145,902
111001115,50,446,-396
111001116,5481,4057,1424
111001117,714,2787,-2073
111001120,100,344,-244
111001121,183,296,-113
111001122,207,513,-306
111001123,182,108,74
111001124,70,165,-95
111900001,23,170,-147
111900002,16,860,-844
111900003,8,407,-399
111900004,94,170,-76
111900006,22,81,-59
111900007,130,11,119
111900008,266,7,259
111900009,206,223,-17
111900010,423,561,-138
111900012,91,132,-41
111900013,31,118,-87
111900014,5803,3686,2117
111900015,0,86,-86
111900016,0,147,-147
111900017,2,134,-132
111900018,274,10,264
111900019,3,172,-169
111900020,5,56,-51
111900021,47,129,-82
111900022,16,57,-41
111900023,133,121,12
111900024,19,79,-60
111900025,0,38,-38
111900026,0,87,-87
111900027,7,179,-172
111900028,2,404,-402
111900029,6,102,-96
111900030,33,410,-377
111900031,0,36,-36
111900032,2,335,-333
111900033,4,101,-97
111900034,329,549,-220
111900035,184,245,-61
111900036,1,262,-261
111900038,309,557,-248
111900039,103,522,-419
111900040,6,522,-516
111900042,58,193,-135
111900043,5,346,-341
111900044,360,258,102
111900046,49,184,-135
111900048,254,686,-432
111900049,32,240,-208
111900050,131,58,73
111900051,1,251,-250
111900052,511,509,2
111900053,1376,1434,-58
111900054,152,18,134
111900055,32,443,-411
111900056,258,308,-50
111900057,222,40,182
111900058,360,628,-268
111900059,1894,623,1271
111900060,486,3,483
111900061,11,254,-243
111900062,36,75,-39
111900063,439,258,181
111900064,136,288,-152
111900065,117,58,59
111900066,150,180,-30
111900067,2,396,-394
111900068,62,46,16
111900069,99,42,57
111900070,180,163,17
111900071,0,338,-338
111900072,34,22,12
111900073,764,133,631
111900074,22,246,-224
111900075,106,22,84
111900076,192,48,144
111900077,42,3,39
111900078,283,28,255
111900079,54,65,-11
111900080,244,305,-61
111900081,355,136,219
111900082,149,37,112
111900083,128,18,110
111900084,127,39,88
111900085,62,165,-103
111900086,59,3,56
111900087,42,1,41
111900088,477,6,471
111900089,147,20,127
111900090,77,109,-32
111900091,251,3,248
111900092,94,3,91
111900093,343,12,331
111900094,100,1,99
111900095,334,56,278
111900096,167,5,162
111900097,70,0,70
111900098,175,0,175
111900099,92,0,92
111900100,239,13,226
111900101,107,42,65
111900102,1017,709,308
111900103,85,86,-1
111900104,318,104,214
111900105,374,187,187
111900106,1311,80,1231
111900107,74,63,11
111900108,84,92,-8
111900109,327,236,91
111900110,2043,522,1521
111900111,307,192,115
111900112,804,2867,-2063
111900113,325,151,174
111900114,89,74,15
111900115,11,15,-4
111900118,385,105,280
111900119,327,194,133
111900122,184,99,85
111900123,24,66,-42
111900124,54,155,-101
111900125,469,25,444
111900126,353,6,347
111900127,2,691,-689
111900128,6,514,-508
111900129,340,3,337
111900130,336,29,307
111900131,444,3,441
111900132,39,1019,-980
111900133,12,408,-396
111900134,12,242,-230
111900135,16,46,-30
111900136,126,183,-57
111900137,98,74,24
111900138,22,107,-85
111900139,17,191,-174
111900140,132,60,72
111900141,116,22,94
111900142,110,70,40
111900143,39,264,-225
111900144,0,83,-83
111900145,1,496,-495
111900146,2,281,-279
111900147,205,444,-239
111900148,58,617,-559
111900149,18,276,-258
111900150,20,194,-174
111900151,0,22,-22
111900152,99,91,8
111900153,1590,523,1067
111900154,20,288,-268
111900155,92,81,11
111900156,54,68,-14
111900157,121,22,99
111900158,550,61,489
111900159,310,17,293
111900160,278,1,277
111900161,149,7,142
111900162,74,159,-85
111900163,70,221,-151
111900164,97,95,2
111901113,369,214,155
111901114,790,303,487
111901115,91,2,89
111901116,105,6,99
111901117,45,68,-23
111901118,91,462,-371
111901119,860,116,744
111901120,70,107,-37
111901121,220,288,-68
111901122,6,534,-528
111901123,170,329,-159
111901124,207,3,204
111901125,363,195,168
111901126,71,49,22
111901127,814,577,237
111901128,18,129,-111
111901129,8,177,-169
111901130,18,279,-261
111901131,13,260,-247
111901132,108,21,87
111901133,40,1,39
111901134,53,6,47
111901135,20,13,7
111901136,26,45,-19
111901137,1,22,-21
111901138,275,43,232
111901139,27,45,-18
111901140,6,124,-118
111901141,9,172,-163
111901142,9,106,-97
111901143,1,96,-95
111901144,52,59,-7
111901145,125,315,-190
111901146,624,58,566
112000001,1982,877,1105
112000002,733,2576,-1843
112000003,1307,1094,213
112000004,641,1154,-513
112000005,3341,3842,-501
112000006,2434,2160,274
112000007,2864,2130,734
112000008,2351,3867,-1516
112000009,3689,3392,297
112000010,2980,3447,-467
112000011,1949,2064,-115
112000012,5924,4482,1442
112000013,5920,3982,1938
112000014,3468,2121,1347
112000015,4365,4078,287
112000016,8841,1986,6855
112000017,4569,3262,1307
112000024,2744,1313,1431
112000026,4093,5108,-1015
112000027,1018,637,381
112000028,1817,1765,52
112000029,593,754,-161
112000030,200,152,48
112000031,1823,4987,-3164
112000032,578,119,459
112000033,2879,2031,848
112000034,314,119,195
112000035,332,564,-232
112000036,1287,1315,-28
112000037,3157,1203,1954
112000038,2164,1290,874
112000039,72,92,-20
112000040,136,373,-237
112000041,545,674,-129
112000042,1389,532,857
112000050,1214,1854,-640
112000051,1223,1466,-243
112000054,1993,2151,-158
112000057,647,479,168
112000058,495,745,-250
112000059,699,1092,-393
112000061,3305,2010,1295
112000062,1711,949,762
112000063,1234,1434,-200
112000064,4497,5528,-1031
112000065,2211,2730,-519
112000066,3796,1543,2253
112000067,889,801,88
112000068,3371,2484,887
112000069,917,2092,-1175
112000070,2166,863,1303
112000071,1252,2943,-1691
112000072,2378,962,1416
112000073,2139,2835,-696
112000074,2075,1392,683
112000075,1544,1472,72
112000076,4344,3128,1216
112000077,1454,665,789
112000078,1878,877,1001
112000079,1837,1658,179
112000080,747,963,-216
112000081,1636,2697,-1061
112000082,1531,931,600
112000083,560,1346,-786
112000084,1255,976,279
112000085,1307,1052,255
112000086,1921,1467,454
112000087,449,411,38
112000088,743,656,87
112000089,441,351,90
112000090,443,319,124
112000091,695,1181,-486
112000092,1831,1432,399
112000093,1834,1220,614
112000094,645,959,-314
112000095,696,1084,-388
112000096,624,723,-99
112000097,1092,931,161
112000098,1251,1372,-121
112000099,716,1828,-1112
112000100,2056,992,1064
112000101,777,1227,-450
112000102,1238,580,658
112000103,352,1307,-955
112000105,482,1731,-1249
112000106,1391,459,932
112000107,22,444,-422
112000108,222,1716,-1494
112000109,108,154,-46
112000110,2131,856,1275
112000111,1642,4313,-2671
112000112,7127,859,6268
112000113,1078,1974,-896
112000114,4665,1146,3519
112000115,421,574,-153
112000116,1014,1476,-462
112000117,1124,979,145
112000118,1518,993,525
112000119,544,922,-378
112000120,78,467,-389
112000121,105,526,-421
112000122,332,194,138
112000123,686,201,485
112000124,355,123,232
112000125,223,312,-89
112000126,288,488,-200
112000127,3158,2444,714
112000128,1308,832,476
112000129,121,138,-17
112000130,214,113,101
112000131,43,381,-338
112000132,157,275,-118
112000133,435,208,227
112000134,542,407,135
112000135,3271,790,2481
112000136,2318,1712,606
112000137,4641,2112,2529
112000138,5733,1597,4136
112000139,1012,571,441
112000140,1633,1274,359
112000141,814,368,446
112000142,192,817,-625
112000143,1113,279,834
112000144,352,1417,-1065
112000145,2435,750,1685
112000146,660,2235,-1575
112000147,2938,2194,744
112000148,2136,2547,-411
112000149,623,783,-160
112000150,345,1044,-699
112000151,358,504,-146
112000152,457,617,-160
112000153,178,422,-244
112000154,141,396,-255
112000155,156,130,26
112000157,1159,657,502
112000158,365,601,-236
112000159,516,487,29
112000167,430,97,333
112000169,347,549,-202
112000173,859,307,552
112000175,645,549,96
112000176,3331,2207,1124
112000177,814,237,577
112000178,97,547,-450
112000179,285,176,109
112000180,339,476,-137
112000181,1545,2151,-606
112000182,1264,2012,-748
112000183,57,82,-25
112000184,440,452,-12
112000185,577,711,-134
112000187,4436,2804,1632
112000195,228,19,209
112000196,345,3,342
112000197,231,233,-2
112000198,66,353,-287
112000199,1736,1436,300
112000202,395,2,393
112000216,79,341,-262
112000230,71,3,68
112000231,8,248,-240
112000256,56,332,-276
112000313,86,224,-138
112000314,45,43,2
112000337,590,590,0
112000352,469,452,17
112000392,1423,1239,184
112000398,1274,1075,199
112000399,1812,2408,-596
112000400,1861,3910,-2049
112000401,3410,3132,278
112000402,3531,3538,-7
112000403,2545,3095,-550
112000404,827,961,-134
112000405,1929,3050,-1121
112000406,3712,2805,907
112000407,6982,9208,-2226
112000408,8621,7719,902
112000409,1794,5543,-3749
112000410,558,379,179
112000411,4597,2637,1960
112000412,1732,866,866
112000413,9299,5876,3423
112000414,110,128,-18
112000415,102,68,34
112000416,2430,1885,545
112000417,274,83,191
112000421,63,218,-155
112000422,486,455,31
112000424,2545,2949,-404
112000425,544,811,-267
112000426,120,482,-362
112000427,0,17,-17
112000428,272,395,-123
112000429,2598,2946,-348
112000430,2769,3221,-452
112000431,68,165,-97
112000432,741,1362,-621
112000433,552,979,-427
112000437,63,217,-154
112900001,78,2,76
112900002,403,1078,-675
112900003,64,359,-295
112900004,56,399,-343
112900005,223,326,-103
112900006,10,387,-377
112900007,56,226,-170
112900008,2,27,-25
112900009,453,149,304
112900010,486,1161,-675
112900011,218,244,-26
112900012,2,46,-44
112900013,12,234,-222
112900014,5,564,-559
112900015,478,857,-379
112900016,8,342,-334
112900017,46,269,-223
112900018,3,311,-308
112900019,66,349,-283
112900020,377,1235,-858
112900021,4,271,-267
112900022,9,71,-62
112900023,0,184,-184
112900024,34,285,-251
112900025,117,245,-128
112900026,5,312,-307
112900027,13,1094,-1081
112900028,30,150,-120
112900029,20,653,-633
112900030,170,204,-34
112900031,15,552,-537
112900032,306,373,-67
112900034,7,53,-46
112900035,8,488,-480
112900036,186,207,-21
112900037,253,244,9
112900038,680,226,454
112900039,17,392,-375
112900040,10,631,-621
112900041,1033,1285,-252
112900042,87,376,-289
112900043,54,62,-8
112900044,637,588,49
112900045,357,380,-23
112900046,347,90,257
112900047,17,32,-15
112900049,201,86,115
112900050,65,550,-485
112900051,420,715,-295
112900052,61,1141,-1080
112900053,1442,175,1267
112900054,266,75,191
112900055,210,55,155
112900056,536,315,221
112900057,23,746,-723
112900058,384,360,24
112900059,223,172,51
112900060,30,234,-204
112900061,125,133,-8
112900062,75,206,-131
112900063,169,17,152
112900064,236,226,10
112900065,79,32,47
112900066,312,174,138
112900067,593,218,375
112900068,49,35,14
112900069,2116,978,1138
112900071,34,7,27
112900072,199,2150,-1951
112900073,666,89,577
112900074,131,279,-148
112900075,1678,1002,676
112900076,154,61,93
112900078,403,553,-150
112900079,417,39,378
112900080,88,4,84
112900081,64,203,-139
112900082,556,21,535
112900083,120,83,37
112900084,314,134,180
112900085,1,10,-9
112900086,166,3,163
112900087,797,193,604
112900088,198,14,184
112900089,949,42,907
112900090,46,19,27
112900091,271,10,261
112900092,328,312,16
112900093,2294,36,2258
112900094,50,3,47
112900095,54,0,54
112900096,560,187,373
112900097,149,373,-224
112900098,315,7,308
112900099,807,27,780
112900100,146,1,145
112900101,680,10,670
112900102,396,23,373
112900103,317,8,309
112900104,160,7,153
112900105,27,0,27
112900106,544,198,346
112900107,7,1,6
112900108,27,1,26
112900109,113,1,112
112900110,1252,28,1224
112900111,896,5,891
112900112,408,1,407
112900113,0,19,-19
112900114,139,78,61
112900115,1308,1,1307
112900116,147,14,133
112900117,151,89,62
112900118,41,102,-61
112900119,160,9,151
112900120,1066,413,653
112900121,161,207,-46
112900122,85,164,-79
112900123,140,11,129
112900124,11,153,-142
112900125,68,585,-517
112900126,247,274,-27
112900127,408,147,261
112900128,464,865,-401
112900129,4,898,-894
112900130,315,139,176
112900131,62,250,-188
112900132,506,440,66
112900133,39,1334,-1295
112900134,0,301,-301
112900135,174,53,121
112900136,0,21,-21
112900137,2,570,-568
112900138,11,320,-309
112900139,340,1262,-922
112900140,0,64,-64
112900141,734,59,675
112900142,127,152,-25
112900143,39,562,-523
112900144,3,291,-288
112900145,36,529,-493
112900146,12,1419,-1407
112900147,7,2020,-2013
112900148,111,6,105
112900149,352,1256,-904
112900151,26,85,-59
112900152,4325,1091,3234
112900153,2389,2808,-419
112900154,0,175,-175
112900155,179,19,160
112900156,386,1691,-1305
112900157,224,18,206
112900158,58,37,21
112900159,232,136,96
112900160,93,438,-345
112900161,156,61,95
112900162,51,28,23
112900163,144,63,81
112900164,40,327,-287
112900165,567,41,526
112900166,46,109,-63
112900167,22,85,-63
112900168,7,6,1
112900169,15,22,-7
112900170,182,115,67
112900172,60,25,35
112900173,317,146,171
112900174,269,63,206
112900175,233,186,47
112900176,16,88,-72
112900177,248,73,175
112900178,1117,3129,-2012
112900179,47,549,-502
112900180,2437,1945,492
112900181,591,4,587
112900182,49,1319,-1270
112900183,188,351,-163
112900184,409,524,-115
112900185,411,708,-297
112900186,1913,1256,657
112900187,145,787,-642
112900188,924,652,272
112900189,13,42,-29
112900190,4,39,-35
112900192,703,711,-8
112900193,1380,440,940
112900194,42,132,-90
112900195,1273,77,1196
112900196,249,406,-157
112900197,292,409,-117
112900199,613,597,16
112900200,499,286,213
112900201,137,123,14
112900202,426,957,-531
112900203,261,313,-52
112900204,1090,801,289
112900205,9,20,-11
112900206,35,73,-38
112900207,19,1,18
112900208,116,356,-240
112900209,558,481,77
112900210,1,18,-17
112900211,162,168,-6
112900212,6,143,-137
112900213,44,13,31
112900214,34,21,13
112900215,19,227,-208
112900216,58,78,-20
112900217,3,53,-50
112900218,40,22,18
112900219,279,7,272
112900220,3,0,3
112900221,68,124,-56
112900222,1,23,-22
112900223,1118,37,1081
112900224,302,636,-334
112900225,411,494,-83
112900226,298,491,-193
112900227,696,1174,-478
112900228,63,35,28
112900229,219,61,158
112900230,7861,4965,2896
112900232,369,317,52
112900233,82,229,-147
112900234,28,121,-93
112900235,192,35,157
112900236,267,24,243
112900237,166,216,-50
112900238,1,28,-27
112900239,993,385,608
113000001,6382,5325,1057
113000002,3902,4092,-190
113000003,2106,1834,272
113000004,2129,2655,-526
113000005,1868,1113,755
113000006,1103,1594,-491
113000007,2343,1384,959
113000008,2020,2017,3
113000009,1129,960,169
113000010,1508,1693,-185
113000011,831,2093,-1262
113000012,2017,891,1126
113000013,1713,804,909
113000014,1933,2160,-227
113000015,760,341,419
113000016,480,1107,-627
113000017,126,498,-372
113000018,514,83,431
113000019,280,354,-74
113000020,498,73,425
113000021,1579,557,1022
113000022,788,1232,-444
113000025,257,877,-620
113000026,417,639,-222
113000027,924,625,299
113000028,1316,765,551
113000029,955,724,231
113000030,573,815,-242
113000031,292,359,-67
113000032,322,315,7
113000033,332,442,-110
113000034,465,404,61
113000035,65,62,3
113000036,45,83,-38
113000037,57,58,-1
113000038,25,58,-33
113000039,106,407,-301
113000040,79,88,-9
113000042,876,715,161
113000051,974,2503,-1529
113000052,2073,1098,975
113000053,470,510,-40
113000054,332,860,-528
113000055,1143,790,353
113000056,1026,1068,-42
113000058,786,953,-167
113000059,1312,845,467
113000060,212,626,-414
113000061,707,1170,-463
113000062,1167,286,881
113000063,215,129,86
113000064,39,377,-338
113000065,161,923,-762
113000066,681,131,550
113000067,1956,1538,418
113000068,438,1438,-1000
113000069,683,1282,-599
113000070,2574,1254,1320
113000071,652,727,-75
113000072,798,568,230
113000073,505,1676,-1171
113000074,1108,544,564
113000075,2010,766,1244
113000076,676,2175,-1499
113000077,1319,641,678
113000078,873,2576,-1703
113000079,1054,951,103
113000080,877,806,71
113000081,1241,934,307
113000082,1899,1016,883
113000083,665,962,-297
113000084,1660,1327,333
113000085,876,783,93
113000086,1334,1204,130
113000087,1892,1229,663
113000088,2649,1566,1083
113000089,1110,1714,-604
113000090,334,597,-263
113000091,676,522,154
113000094,1425,244,1181
113000095,205,879,-674
113000096,153,825,-672
113000097,1243,504,739
113000098,187,38,149
113000099,1139,463,676
113000100,192,458,-266
113000101,406,763,-357
113000102,714,489,225
113000103,2044,535,1509
113000104,514,2022,-1508
113000105,838,514,324
113000106,394,588,-194
113000107,808,793,15
113000108,672,1397,-725
113000109,566,1821,-1255
113000110,1614,492,1122
113000111,153,582,-429
113000112,274,355,-81
113000113,1750,473,1277
113000114,350,1534,-1184
113000116,957,325,632
113000117,964,165,799
113000118,154,618,-464
113000119,407,443,-36
113000120,69,290,-221
113000121,877,1128,-251
113000124,310,148,162
113000125,87,773,-686
113000127,3136,441,2695
113000128,592,689,-97
113000129,639,1069,-430
113000133,2732,2198,534
113000134,9,1278,-1269
113000135,4399,4952,-553
113000137,2373,3465,-1092
113000139,487,263,224
113000140,187,299,-112
113000141,571,245,326
113000142,986,1472,-486
113000143,337,253,84
113000144,297,722,-425
113000145,79,202,-123
113000146,201,102,99
113000147,213,129,84
113000148,180,159,21
113000149,142,133,9
113000150,621,377,244
113000151,108,73,35
113000152,44,109,-65
113000153,1709,658,1051
113000154,1030,1869,-839
113000155,425,655,-230
113000156,192,489,-297
113000157,420,1070,-650
113000158,854,304,550
113000159,1087,914,173
113000160,863,1308,-445
113000161,342,542,-200
113000162,1006,623,383
113000163,258,73,185
113000164,25,137,-112
113000166,188,131,57
113000167,75,121,-46
113000168,96,113,-17
113000169,166,115,51
113000170,113,148,-35
113000171,60,101,-41
113000172,288,68,220
113000173,68,35,33
113000174,145,448,-303
113000175,432,145,287
113000176,572,209,363
113000177,186,496,-310
113000178,266,410,-144
113000179,346,260,86
113000180,833,1259,-426
113000181,1155,1029,126
113000182,175,469,-294
113000183,133,629,-496
113000184,37,129,-92
113000189,590,1015,-425
113000190,1286,787,499
113000192,1782,2198,-416
113000193,4659,1305,3354
113000194,2302,1382,920
113000195,2775,1106,1669
113000196,186,105,81
113000197,2439,1234,1205
113000198,137,508,-371
113000199,1871,479,1392
113000201,292,283,9
113000202,3986,1454,2532
113000203,378,180,198
113000204,1744,2099,-355
113000205,19,34,-15
113000206,10,70,-60
113000207,112,35,77
113000208,70,90,-20
113000209,14,35,-21
113000210,8,42,-34
113000211,210,213,-3
113000212,128,24,104
113000213,58,145,-87
113000214,161,292,-131
113000234,206,1041,-835
113000410,621,293,328
113000411,3483,4862,-1379
113000412,7161,2719,4442
113000413,3115,3289,-174
113000414,7429,17059,-9630
113000415,2721,3508,-787
113000416,9884,5264,4620
113000417,3212,3624,-412
113000418,5180,3730,1450
113000419,2201,2460,-259
113000420,4813,6870,-2057
113000421,4753,7096,-2343
113000422,14277,12033,2244
113000423,2525,5471,-2946
113000424,3750,8436,-4686
113000425,4,124,-120
113000428,144,118,26
113000430,29,665,-636
113000432,2224,249,1975
113000433,165,907,-742
113000434,30,157,-127
113000435,51,774,-723
113000436,60,1396,-1336
113000437,1136,33,1103
113000438,310,12,298
113000439,25,146,-121
113000440,138,50,88
113000441,232,246,-14
113000442,154,241,-87
113000443,236,262,-26
113000444,169,261,-92
113000445,153,129,24
113000446,37,96,-59
113000448,136,154,-18
113000449,272,1022,-750
113000450,719,2445,-1726
113000451,1064,211,853
113000452,415,477,-62
113000453,65,345,-280
113000454,1009,105,904
113000455,25,273,-248
113000456,4491,3028,1463
113000468,2058,334,1724
113000469,191,187,4
113000470,422,50,372
113000471,11,358,-347
113000472,112,372,-260
113000474,592,659,-67
113000475,1724,1910,-186
113000476,1307,2058,-751
113000477,3312,2276,1036
113000478,4379,6137,-1758
113000479,99,223,-124
113000480,102,162,-60
113000483,0,0,0
113000485,0,0,0
113000486,4,0,4
113000487,0,0,0
113000488,4,3,1
113000489,0,6,-6
113000490,0,9,-9
113000491,3,6,-3
113000492,1,0,1
113000493,0,0,0
113000495,192,153,39
113000496,106,130,-24
113000499,0,0,0
113000500,0,3,-3
113900001,0,199,-199
113900002,2,103,-101
113900003,2,81,-79
113900004,3,50,-47
113900005,2,55,-53
113900006,1,27,-26
113900007,77,28,49
113900008,30,0,30
113900009,134,0,134
113900010,96,1,95
113900011,33,1,32
113900012,22,3,19
113900013,349,7,342
113900014,669,3,666
113900015,0,62,-62
113900016,45,0,45
113900017,6,64,-58
113900018,464,253,211
113900019,170,70,100
113900020,174,2,172
113900022,25,0,25
113900023,24,0,24
113900024,152,50,102
113900025,310,33,277
113900026,66,0,66
113900027,11,88,-77
113900028,25,517,-492
113900029,79,233,-154
113900030,198,4,194
113900031,15,0,15
113900032,36,2,34
113900033,64,107,-43
113900035,53,1,52
113900036,33,134,-101
113900037,175,581,-406
113900038,36,140,-104
113900039,161,27,134
113900040,22,16,6
113900041,7,9,-2
113900042,105,58,47
113900043,202,149,53
113900044,460,315,145
113900045,66,3,63
113900046,371,662,-291
113900047,46,123,-77
113900048,247,94,153
113900049,727,295,432
113900050,241,401,-160
113900051,311,456,-145
113900052,184,167,17
113900053,733,511,222
113900054,36,4,32
113900055,125,465,-340
113900056,60,170,-110
113900057,32,216,-184
113900058,79,146,-67
113900059,260,400,-140
113900060,242,250,-8
113900061,1031,320,711
113900062,97,18,79
113900063,123,152,-29
113900064,38,179,-141
113900065,461,18,443
113900066,425,357,68
113900067,258,285,-27
113900068,492,495,-3
113900069,62,33,29
113900070,201,645,-444
113900071,57,83,-26
113900072,91,194,-103
113900073,257,447,-190
113900074,124,322,-198
113900075,1278,1307,-29
113900076,177,20,157
113900077,60,232,-172
113900078,59,66,-7
113900079,2,38,-36
113900080,599,290,309
113900081,81,219,-138
113900082,119,328,-209
113900083,361,437,-76
113900084,228,103,125
113900085,57,343,-286
113900086,41,11,30
113900087,81,228,-147
113900088,90,131,-41
113900089,464,54,410
113900090,645,480,165
113900091,26,35,-9
113900092,58,86,-28
113900093,102,767,-665
113900094,469,465,4
113900095,113,136,-23
113900096,322,83,239
113900097,54,126,-72
113900098,595,87,508
113900099,1,56,-55
113900100,0,5,-5
113900101,39,90,-51
113900102,172,196,-24
113900103,401,379,22
113900104,128,213,-85
113900105,104,305,-201
113900106,4,81,-77
113900107,4,36,-32
113900108,280,256,24
113900109,415,198,217
113900110,68,20,48
113900111,178,136,42
113900112,121,103,18
113900113,993,550,443
113900114,2,96,-94
113900115,1,111,-110
113900116,151,168,-17
113900117,102,28,74
113900118,277,383,-106
113900119,237,457,-220
113900120,57,69,-12
113900121,81,121,-40
113900122,493,1856,-1363
113900123,499,232,267
113900124,0,73,-73
113900125,966,154,812
113900126,237,77,160
113900127,344,788,-444
113900128,131,85,46
113900129,16,137,-121
113900130,33,64,-31
113900131,299,114,185
113900132,66,85,-19
113900133,40,113,-73
113900135,327,449,-122
113900136,135,84,51
113900137,364,264,100
113900138,89,211,-122
113900139,380,151,229
113900140,378,394,-16
113900141,579,387,192
113900142,170,107,63
113900143,22,45,-23
113900144,332,297,35
113900145,353,221,132
113900146,163,98,65
113900148,132,281,-149
113900149,218,88,130
113900150,879,540,339
113900151,422,279,143
113900152,50,63,-13
113900153,334,569,-235
113900154,6,163,-157
113900155,246,230,16
113900156,238,502,-264
113900157,57,339,-282
113900158,617,529,88
113900159,33,373,-340
113900160,916,680,236
113900161,81,250,-169
113900162,888,976,-88
113900163,335,297,38
113900164,266,58,208
113900165,1211,559,652
113900166,407,241,166
113900167,298,67,231
113900168,122,129,-7
113900169,253,470,-217
113900171,175,86,89
113900172,18,219,-201
113900173,70,627,-557
113900174,531,728,-197
113900175,401,151,250
113900176,675,644,31
113900177,391,228,163
113900178,527,122,405
113900179,23,507,-484
113900180,157,125,32
113900181,698,158,540
113900182,1006,1291,-285
113900183,59,89,-30
113900184,18,670,-652
113900185,236,113,123
113900186,53,55,-2
113900187,41,154,-113
113900188,56,211,-155
113900189,319,143,176
113900190,308,170,138
113900191,140,333,-193
113900192,16,564,-548
113900193,47,269,-222
113900194,1983,1178,805
113900195,271,453,-182
113900196,17,171,-154
113900197,1,203,-202
113900198,41,201,-160
113900199,260,780,-520
113900200,15,337,-322
113900201,1,178,-177
113900202,50,349,-299
113900203,1,104,-103
113900204,83,543,-460
113900205,20,228,-208
113900206,19,148,-129
113900207,1,66,-65
113900208,0,69,-69
113900209,2,129,-127
113900210,639,921,-282
113900211,249,84,165
113900212,178,543,-365
113900214,517,459,58
113900215,20,163,-143
113900216,99,1096,-997
113900217,87,264,-177
113900218,258,97,161
113900219,138,415,-277
113900220,215,160,55
113900221,499,347,152
113900222,408,820,-412
113900223,177,1033,-856
113900224,114,72,42
113900225,574,230,344
113900226,387,191,196
113900227,593,255,338
113900228,390,541,-151
113900229,76,879,-803
113900230,4796,3716,1080
113900231,228,250,-22
113900232,120,156,-36
113900233,112,88,24
113900234,351,546,-195
113900235,143,26,117
113900236,179,370,-191
113900237,219,21,198
113900238,277,570,-293
113900239,68,88,-20
113900240,11,194,-183
113900241,136,58,78
113900242,30,134,-104
113900243,170,566,-396
113900244,405,276,129
113900245,1437,336,1101
113900246,16,45,-29
113900247,206,509,-303
113900248,2951,1942,1009
113900249,953,492,461
113900250,65,128,-63
113900251,629,228,401
113900252,536,34,502
113900253,774,73,701
113900254,1015,164,851
113900255,418,21,397
113900256,325,28,297
113900257,42,584,-542
113900258,24,514,-490
113900259,510,229,281
113900260,199,25,174
113900261,28,118,-90
113900262,157,583,-426
113900263,296,776,-480
113900264,15,467,-452
113900265,261,371,-110
113900266,32,177,-145
113900267,133,567,-434
113900268,371,587,-216
113900269,72,185,-113
113900270,335,956,-621
113900271,722,1198,-476
113900273,117,15,102
113900274,101,36,65
113900275,42,84,-42
113900276,3,149,-146
113900277,112,3,109
113900278,383,197,186
113900279,149,92,57
113900280,1588,701,887
113900281,853,1570,-717
113900282,982,727,255
113900283,509,664,-155
113900284,1024,346,678
113900285,175,63,112
113900286,60,122,-62
113900287,46,71,-25
113900288,3,164,-161
113900289,1063,115,948
113900290,365,253,112
113900291,140,248,-108
113900292,54,5,49
113900293,6,256,-250
113900294,443,28,415
113900295,563,406,157
113900296,2059,563,1496
113900297,2523,65,2458
113900298,16,1684,-1668
113900299,79,161,-82
113900300,5539,3460,2079
113900301,738,452,286
113900302,2957,1244,1713
113900303,614,540,74
113900304,2,135,-133
113900305,103,0,103
113900306,56,0,56
113900307,127,1,126
113900308,78,135,-57
113900309,6,1058,-1052
113900310,3,11,-8
113900311,13,1,12
113900312,242,268,-26
113900313,25,17,8
114000001,1113,3169,-2056
114000002,301,382,-81
114000003,39,305,-266
114000004,349,382,-33
114000005,275,278,-3
114000006,2544,2208,336
114000007,881,1408,-527
114000008,1553,1814,-261
114000009,702,252,450
114000011,2873,2831,42
114000012,2552,2143,409
114000013,1722,1715,7
114000014,572,335,237
114000015,1762,467,1295
114000016,277,406,-129
114000017,101,379,-278
114000018,310,53,257
114000026,1595,1365,230
114000027,3102,2052,1050
114000028,2546,2746,-200
114000038,312,184,128
114000039,114,73,41
114000040,121,255,-134
114000042,156,178,-22
114000043,86,136,-50
114000044,204,51,153
114000045,56,83,-27
114000046,4577,5246,-669
114000047,16,98,-82
114000048,99,62,37
114000049,1829,1699,130
114000050,1471,2061,-590
114000051,2813,1940,873
114000052,5416,1639,3777
114000053,139,566,-427
114000054,274,953,-679
114000055,340,40,300
114000056,1322,892,430
114000057,5933,2672,3261
114000058,789,1536,-747
114000059,377,322,55
114000060,659,931,-272
114000061,3204,2835,369
114000062,2612,1537,1075
114000063,3214,1946,1268
114000064,6941,3915,3026
114000065,1996,2736,-740
114000066,436,679,-243
114000067,32,669,-637
114000068,485,773,-288
114000069,1069,690,379
114000070,2367,1860,507
114000071,766,663,103
114000072,518,295,223
114000073,11,99,-88
114000074,51,22,29
114000075,48,119,-71
114000076,23,125,-102
114000077,15,52,-37
114000078,767,839,-72
114000079,184,35,149
114000080,106,94,12
114000081,68,71,-3
114000082,51,472,-421
114000083,119,314,-195
114000084,319,110,209
114000085,168,750,-582
114000086,273,523,-250
114000087,150,175,-25
114000088,36,52,-16
114000089,1162,546,616
114000090,949,1074,-125
114000091,1560,900,660
114000092,1097,544,553
114000093,1329,900,429
114000094,351,391,-40
114000095,268,162,106
114000096,188,499,-311
114000097,154,651,-497
114000098,525,110,415
114000099,586,679,-93
114000100,1328,798,530
114000101,464,847,-383
114000102,529,345,184
114000103,156,340,-184
114000104,63,259,-196
114000105,179,133,46
114000106,959,1018,-59
114000107,353,158,195
114000108,1474,1168,306
114000109,501,1016,-515
114000110,760,1698,-938
114000111,1850,875,975
114000112,634,1935,-1301
114000113,1157,719,438
114000114,1691,1531,160
114000115,1924,1352,572
114000116,1350,729,621
114000117,2888,461,2427
114000118,2260,535,1725
114000119,1519,583,936
114000120,602,855,-253
114000121,431,862,-431
114000122,333,406,-73
114000123,1936,613,1323
114000124,898,351,547
114000125,893,1496,-603
114000126,2733,349,2384
114000127,325,217,108
114000128,848,445,403
114000130,623,582,41
114000131,280,140,140
114000132,635,602,33
114000133,1025,1439,-414
114000134,88,177,-89
114000138,45,243,-198
114000139,445,299,146
114000144,871,626,245
114000145,96,202,-106
114000146,124,297,-173
114000147,1470,1851,-381
114000148,2095,2057,38
114000149,445,280,165
114000150,578,751,-173
114000151,763,1255,-492
114000152,161,43,118
114000153,781,2277,-1496
114000154,800,898,-98
114000155,1828,2214,-386
114000156,875,651,224
114000157,346,1116,-770
114000158,1903,793,1110
114000159,204,532,-328
114000160,119,621,-502
114000161,1440,3093,-1653
114000162,1186,2583,-1397
114000163,27,151,-124
114000165,661,284,377
114000166,1042,447,595
114000167,3306,1632,1674
114000168,1036,849,187
114000169,1684,1443,241
114000170,1223,1049,174
114000171,1223,1878,-655
114000174,303,609,-306
114000176,602,537,65
114000177,2018,1058,960
114000178,76,54,22
114000179,1207,776,431
114000180,588,938,-350
114000181,1969,3875,-1906
114000182,4546,2524,2022
114000183,1061,785,276
114000184,489,1401,-912
114000185,1690,993,697
114000189,975,137,838
114000190,2902,402,2500
114000191,55,71,-16
114000192,335,1623,-1288
114000193,850,3159,-2309
114000194,1238,1057,181
114000195,183,43,140
114000196,2,262,-260
114000197,1094,76,1018
114000198,901,404,497
114000199,2117,1861,256
114000200,634,1858,-1224
114000201,133,852,-719
114000202,1372,706,666
114000203,485,624,-139
114000204,198,543,-345
114000205,210,1602,-1392
114000206,735,1443,-708
114000207,648,2084,-1436
114000208,456,2974,-2518
114000209,785,2300,-1515
114000210,349,1456,-1107
114000211,993,1791,-798
114000212,771,948,-177
114000213,1327,653,674
114000214,125,238,-113
114000215,215,83,132
114000216,1489,443,1046
114000217,346,332,14
114000218,168,261,-93
114000219,1165,338,827
114000220,17,838,-821
114000221,855,209,646
114000222,187,1042,-855
114000223,470,137,333
114000224,152,659,-507
114000225,258,717,-459
114000226,159,255,-96
114000227,829,518,311
114000228,921,885,36
114000229,1163,1491,-328
114000230,1806,1362,444
114000231,988,1358,-370
114000232,715,159,556
114000233,2040,180,1860
114000234,1234,1037,197
114000235,1160,1586,-426
114000236,0,434,-434
114000237,101,914,-813
114000238,212,180,32
114000239,228,1151,-923
114000240,873,907,-34
114000241,339,946,-607
114000242,935,860,75
114000243,1487,934,553
114000244,920,412,508
114000245,406,669,-263
114000246,104,40,64
114000247,859,801,58
114000248,2511,532,1979
114000249,528,528,0
114000250,608,923,-315
114000251,436,261,175
114000252,75,100,-25
114000253,68,164,-96
114000254,47,67,-20
114000255,610,235,375
114000256,2093,2108,-15
114000257,438,1495,-1057
114000258,303,529,-226
114000259,170,270,-100
114000260,2,33,-31
114000261,49,44,5
114000262,165,195,-30
114000263,21,3,18
114000264,1204,610,594
114000265,0,6,-6
114000267,1,2048,-2047
114000268,6,1499,-1493
114000270,104,0,104
114000271,598,85,513
114000283,1385,517,868
114000285,40,234,-194
114000288,124,333,-209
114000289,1104,144,960
114000293,187,486,-299
114000294,220,375,-155
114000395,1730,49,1681
114000396,548,540,8
114000402,490,354,136
114000403,266,427,-161
114000405,159,484,-325
114000423,350,488,-138
114000424,461,245,216
114000425,727,432,295
114000426,361,909,-548
114000427,51,109,-58
114000428,210,209,1
114000429,12,325,-313
114000432,104,101,3
114000434,31,112,-81
114000435,11,234,-223
114000436,3642,1110,2532
114000437,550,2633,-2083
114900001,671,1170,-499
114900002,1023,135,888
114900003,572,1553,-981
114900004,305,457,-152
114900005,459,874,-415
114900006,126,92,34
114900007,352,27,325
114900008,186,108,78
114900010,1836,1759,77
114900011,237,155,82
114900013,290,157,133
114900015,123,470,-347
114900018,883,25,858
114900020,181,81,100
114900022,78,693,-615
114900024,315,182,133
114900025,383,166,217
114900026,37,173,-136
114900027,253,245,8
114900029,23,28,-5
114900030,333,230,103
114900031,367,35,332
114900032,411,38,373
114900033,1250,655,595
114900034,67,197,-130
114900035,211,381,-170
114900036,290,752,-462
114900037,137,223,-86
114900038,184,725,-541
114900039,510,581,-71
114900040,94,175,-81
114900041,586,484,102
114900042,777,736,41
114900043,609,321,288
114900044,361,45,316
114900046,76,106,-30
114900047,270,1797,-1527
114900048,178,273,-95
114900049,5,181,-176
114900050,50,452,-402
114900051,33,353,-320
114900052,180,268,-88
114900053,226,324,-98
114900054,65,187,-122
114900057,216,11,205
114900058,1,86,-85
114900059,71,50,21
114900060,1217,902,315
114900061,142,190,-48
114900062,320,448,-128
114900063,60,226,-166
114900064,1399,589,810
114900065,394,762,-368
114900067,383,527,-144
114900068,79,174,-95
114900069,250,157,93
114900070,490,477,13
114900072,9,350,-341
114900073,3,259,-256
114900074,663,796,-133
114900075,386,19,367
114900076,11,477,-466
114900080,1985,404,1581
114900082,3481,1933,1548
114900083,1386,1216,170
114900090,334,235,99
114900091,233,238,-5
114900095,407,131,276
114900096,540,806,-266
114900097,129,3,126
114900098,10,251,-241
114900099,297,9,288
115000001,6254,4191,2063
115000002,3341,3988,-647
115000003,4874,3475,1399
115000004,3647,5963,-2316
115000005,1792,2314,-522
115000006,906,1593,-687
115000007,91,185,-94
115000008,1057,583,474
115000009,188,225,-37
115000010,302,179,123
115000013,92,179,-87
115000015,55,338,-283
115000016,253,289,-36
115000019,143,560,-417
115000020,124,915,-791
115000021,324,524,-200
115000022,638,544,94
115000023,443,736,-293
115000024,1437,677,760
115000025,922,885,37
115000026,201,542,-341
115000027,364,402,-38
115000028,317,1073,-756
115000029,663,154,509
115000030,1190,1404,-214
115000031,1510,589,921
115000032,22,312,-290
115000033,161,47,114
115000034,130,1448,-1318
115000035,1342,84,1258
115000036,4,536,-532
115000037,860,20,840
115000038,59,262,-203
115000039,3800,3536,264
115000040,7873,3494,4379
115000041,1511,3430,-1919
115000042,1243,707,536
115000043,3796,2178,1618
115000044,3904,4190,-286
115000045,2850,1966,884
115000046,2292,2549,-257
115000047,2116,1820,296
115000048,1672,2729,-1057
115000049,1763,3577,-1814
115000050,3326,2671,655
115000051,1747,3047,-1300
115000052,2084,1928,156
115000053,1663,1682,-19
115000054,768,1394,-626
115000055,172,514,-342
115000056,230,645,-415
115000057,727,1014,-287
115000058,527,277,250
115000059,310,199,111
115000061,249,163,86
115000062,188,307,-119
115000063,350,348,2
115000064,215,147,68
115000065,53,427,-374
115000067,188,20,168
115000069,82,427,-345
115000070,34,1206,-1172
115000071,134,19,115
115000072,30,88,-58
115000073,1370,86,1284
115000075,104,104,0
115000076,3721,3301,420
115000077,3413,2758,655
115000078,1363,1556,-193
115000079,1686,1964,-278
115000080,2676,2690,-14
115000081,615,1211,-596
115000082,4091,3881,210
115000083,2294,2846,-552
115000084,2382,1332,1050
115000085,900,1357,-457
115000086,1123,1013,110
115000087,500,1783,-1283
115000088,1906,849,1057
115000089,1405,1425,-20
115000090,620,1049,-429
115000091,233,1061,-828
115000092,544,364,180
115000093,462,3,459
115000094,7470,6076,1394
115000095,5304,6205,-901
115000096,705,1712,-1007
115000097,921,1022,-101
115000098,1150,846,304
115000099,2578,3054,-476
115000100,1028,419,609
115000101,428,1714,-1286
115000102,450,286,164
115000103,325,705,-380
115000105,69,171,-102
115000106,641,359,282
115000107,256,557,-301
115000108,3517,2634,883
115000109,4862,4714,148
115000110,1481,1549,-68
115000111,870,1983,-1113
115000112,837,811,26
115000113,788,1164,-376
115000114,2107,888,1219
115000116,4628,2716,1912
115000117,4866,4366,500
115000118,4132,2072,2060
115000119,4714,3168,1546
115000120,832,1370,-538
115000121,1722,1025,697
115000122,5383,2133,3250
115000123,2259,2639,-380
115000124,1349,1008,341
115000125,633,743,-110
115000126,185,343,-158
115000127,453,163,290
115000128,711,889,-178
115000129,325,410,-85
115000130,564,1011,-447
115000131,962,300,662
115000132,619,537,82
115000133,874,307,567
115000134,708,384,324
115000135,526,207,319
115000136,311,333,-22
115000137,164,227,-63
115000138,389,374,15
115000139,248,261,-13
115000140,387,309,78
115000141,171,350,-179
115000142,215,278,-63
115000143,688,667,21
115000144,577,72,505
115000145,253,378,-125
115000146,811,395,416
115000147,806,551,255
115000148,281,1125,-844
115000149,562,263,299
115000150,765,1055,-290
115000151,1062,692,370
115000152,739,1210,-471
115000153,1027,804,223
115000154,723,420,303
115000155,783,1080,-297
115000156,1157,853,304
115000157,1007,834,173
115000158,918,462,456
115000159,826,656,170
115000160,685,692,-7
115000161,512,575,-63
115000162,743,939,-196
115000163,670,668,2
115000164,656,598,58
115000165,489,615,-126
115000167,169,80,89
115000168,727,425,302
115000169,647,383,264
115000170,126,152,-26
115000171,297,225,72
115000172,1431,722,709
115000173,335,537,-202
115000174,239,262,-23
115000175,196,153,43
115000176,268,174,94
115000177,185,208,-23
115000178,50,295,-245
115000179,43,65,-22
115000180,161,649,-488
115000181,708,195,513
115000182,981,416,565
115000183,461,900,-439
115000186,726,353,373
115000187,236,845,-609
115000188,559,596,-37
115000189,288,429,-141
115000190,823,415,408
115000191,302,580,-278
115000194,208,214,-6
115000195,320,401,-81
115000196,245,114,131
115000197,508,354,154
115000198,395,305,90
115000199,369,222,147
115000200,419,136,283
115000201,153,446,-293
115000206,605,111,494
115000207,143,388,-245
115000208,621,757,-136
115000209,1340,355,985
115000210,226,159,67
115000211,524,296,228
115000212,1537,349,1188
115000224,477,69,408
115000225,45,101,-56
115000229,181,171,10
115000230,150,487,-337
115000231,343,1845,-1502
115000232,1676,298,1378
115000233,164,280,-116
115000234,50,340,-290
115000241,83,357,-274
115000242,123,310,-187
115000243,42,266,-224
115000244,17,113,-96
115000246,41,47,-6
115000247,65,21,44
115000248,22,30,-8
115000249,49,40,9
115000250,265,33,232
115000251,322,195,127
115000252,117,287,-170
115000253,17,578,-561
115000258,357,253,104
115000259,369,232,137
115000261,30,33,-3
115000262,15,35,-20
115000263,17,59,-42
115000264,33,50,-17
115000267,82,65,17
115000268,41,152,-111
115000269,147,72,75
115000270,4,21,-17
115000272,57,186,-129
115000273,463,46,417
115000280,2627,204,2423
115000281,843,689,154
115000282,2317,944,1373
115000284,366,193,173
115000296,1188,12,1176
115000297,296,159,137
115000298,165,412,-247
115000300,260,256,4
115000302,582,182,400
115000303,690,175,515
115000304,755,117,638
115000305,108,801,-693
115000306,192,446,-254
115000307,103,211,-108
115000308,56,14,42
115000309,12,32,-20
115000310,1010,1296,-286
115000311,855,1403,-548
115000313,131,736,-605
115000314,448,147,301
115000315,921,349,572
115000316,74,141,-67
115000317,212,593,-381
115000318,799,373,426
115000319,64,375,-311
115000320,20,467,-447
115000321,490,16,474
115000322,79,256,-177
115000449,376,208,168
115000557,2,1209,-1207
115000558,486,107,379
115000587,527,485,42
115000588,2162,2845,-683
115000589,3306,2364,942
115000590,1320,1383,-63
115000591,1900,735,1165
115000592,769,1736,-967
115000593,1663,687,976
115000594,1084,2158,-1074
115000609,149,190,-41
115000617,2383,3570,-1187
115000624,368,114,254
115000633,516,2370,-1854
115000634,2738,1161,1577
115000635,424,154,270
115000638,964,775,189
115000641,62,120,-58
115000642,401,345,56
115000643,158,547,-389
115000644,163,451,-288
115000646,1009,1877,-868
115000647,262,621,-359
115000648,1891,2162,-271
115000893,3407,1498,1909
115000894,164,1201,-1037
115000895,402,689,-287
115000896,993,390,603
115000897,643,177,466
115000898,700,245,455
115000899,565,1059,-494
115000900,113,390,-277
115000901,62,118,-56
115000912,331,87,244
115000913,2,20,-18
115000915,32,0,32
115000916,9,0,9
115000917,1,19,-18
115000918,65,333,-268
115000919,22,19,3
115000920,101,43,58
115000921,759,98,661
115000922,1006,819,187
115000923,403,904,-501
115000925,67,72,-5
115000927,50,77,-27
115000933,232,209,23
115000934,257,257,0
115000935,149,124,25
115000936,63,617,-554
115000937,639,148,491
115000938,86,181,-95
115000939,114,115,-1
115900001,89,58,31
115900002,121,163,-42
115900003,228,143,85
115900004,0,75,-75
115900005,149,20,129
115900006,259,313,-54
115900008,43,16,27
115900009,91,289,-198
115900010,376,186,190
115900011,879,396,483
115900012,181,97,84
115900013,434,191,243
115900014,160,209,-49
115900015,130,82,48
115900016,189,39,150
115900017,24,8,16
115900018,218,116,102
115900019,465,30,435
115900020,85,3,82
115900021,1538,164,1374
115900022,1519,13,1506
115900023,45,7,38
115900025,84,317,-233
115900026,879,325,554
115900027,2,284,-282
115900028,913,82,831
115900029,15,488,-473
115900030,43,42,1
115900031,396,440,-44
115900032,538,770,-232
115900033,3,62,-59
115900034,41,550,-509
115900035,39,34,5
115900036,145,824,-679
115900037,63,480,-417
115900038,53,24,29
115900039,218,235,-17
115900041,650,704,-54
115900042,31,13,18
115900043,137,106,31
115900044,409,340,69
115900046,301,397,-96
115900047,200,154,46
115900049,151,266,-115
115900051,5,47,-42
115900052,6,268,-262
115900053,194,239,-45
115900054,179,62,117
115900055,18,155,-137
115900056,300,396,-96
115900057,36,8,28
115900058,43,86,-43
115900060,220,258,-38
115900061,201,0,201
115900062,52,274,-222
115900063,82,22,60
115900064,179,265,-86
115900065,127,170,-43
115900066,179,217,-38
115900067,14,792,-778
115900068,3363,1059,2304
115900069,101,202,-101
115900070,194,260,-66
115900071,0,424,-424
115900072,57,194,-137
115900073,113,102,11
115900074,1,311,-310
115900075,57,308,-251
115900076,11,57,-46
115900077,6,293,-287
115900078,138,167,-29
115900079,170,16,154
115900080,496,239,257
115900081,29,90,-61
115900082,145,181,-36
115900084,512,30,482
115900085,83,75,8
115900086,1653,731,922
115900088,12,62,-50
115900089,340,748,-408
115900090,355,20,335
115900091,21,36,-15
115900092,16,194,-178
115900093,7,31,-24
115900094,2,316,-314
115900096,11,18,-7
115900097,11,370,-359
115900098,158,438,-280
115900099,360,86,274
115900100,15,580,-565
115900101,124,402,-278
115900102,111,102,9
115900103,363,255,108
115900104,116,135,-19
115900105,264,725,-461
115900106,49,47,2
115900107,232,154,78
115900108,117,112,5
115900109,79,443,-364
115900110,0,12,-12
115900111,5,105,-100
115900112,43,919,-876
115900113,79,112,-33
115900114,13,165,-152
115900115,90,252,-162
115900116,98,894,-796
115900117,66,55,11
115900118,3,311,-308
115900119,165,153,12
115900120,27,404,-377
115900121,160,375,-215
115900124,610,842,-232
115900125,288,88,200
115900126,687,87,600
115900127,759,66,693
115900128,8,93,-85
115900129,879,86,793
115900130,28,229,-201
115900131,506,29,477
115900132,704,11,693
115900134,333,21,312
115900135,355,1096,-741
115900137,47,3,44
115900139,31,78,-47
115900140,261,48,213
115900141,12,45,-33
115900142,39,36,3
115900143,306,381,-75
115900144,81,253,-172
115900146,80,118,-38
115900147,322,304,18
115900148,76,3,73
115900149,105,40,65
115900150,77,44,33
115900151,17,102,-85
115900152,115,313,-198
115900153,159,232,-73
115900154,543,391,152
115900155,1,75,-74
115900156,707,946,-239
115900157,204,516,-312
115900158,41,14,27
115900159,127,251,-124
115900160,20,16,4
115900161,169,237,-68
115900163,212,171,41
115900164,470,28,442
115900165,8,198,-190
115900166,233,188,45
115900168,104,176,-72
115900171,131,428,-297
115900172,43,128,-85
115900173,273,185,88
115900174,237,208,29
115900175,176,263,-87
115900178,9,695,-686
115900179,247,14,233
115900180,56,165,-109
115900181,212,311,-99
115900182,420,371,49
115900183,85,41,44
115900184,1783,18,1765
115900187,12,94,-82
115900189,2,326,-324
115900190,567,1379,-812
115900191,58,387,-329
115900192,14,101,-87
115900193,318,145,173
115900194,649,85,564
115900195,718,2117,-1399
115900198,215,411,-196
115900199,157,268,-111
115900200,436,503,-67
115900201,727,453,274
115900202,2,59,-57
115900203,23,20,3
115900204,3,9,-6
115900205,106,29,77
115900206,177,183,-6
115900207,31,48,-17
115900208,150,198,-48
115900209,5,141,-136
115900210,12,144,-132
115900211,2,251,-249
115900212,169,307,-138
115900213,181,76,105
115900214,500,330,170
115900215,36,147,-111
115900216,76,121,-45
115900217,154,50,104
115900218,23,43,-20
115900219,66,10,56
115900220,149,63,86
115900221,90,34,56
115900222,72,48,24
115900223,14,374,-360
115900224,1323,1140,183
115900225,82,49,33
115900226,40,74,-34
115900227,13,45,-32
115900228,20,43,-23
115900229,5,51,-46
115900230,57,129,-72
115900231,119,10,109
115900232,66,14,52
115900233,113,24,89
115900234,64,36,28
115900235,50,44,6
115900236,235,57,178
115900237,111,46,65
115900238,311,27,284
115900239,42,43,-1
115900240,30,57,-27
115900241,279,151,128
115900242,218,365,-147
115900243,10,18,-8
115900244,13,17,-4
115900245,51,15,36
115900246,16,16,0
115900247,49,10,39
115900248,18,12,6
115900249,7,26,-19
115900250,10,68,-58
115900251,0,25,-25
115900252,0,4,-4
115900253,8,14,-6
115900254,17,13,4
115900255,8,12,-4
115900256,33,27,6
115900257,14,9,5
115900258,0,2,-2
115900259,1,7,-6
115900260,13,2,11
115900261,13,1,12
115900262,2,3,-1
115900263,12,1,11
115900264,26,9,17
115900265,10,9,1
115900266,4,22,-18
115900267,15,22,-7
115900268,8,9,-1
115900269,445,490,-45
115900270,447,449,-2
115900271,91,1,90
115900272,29,6,23
115900273,10,23,-13
115900274,0,23,-23
115900275,0,39,-39
115900276,0,36,-36
115900277,0,78,-78
115900278,44,112,-68
115900279,13,194,-181
115900280,28,361,-333
115900281,421,226,195
115900282,10,14,-4
115900283,0,0,0
115900284,1,1,0
116000001,13701,5605,8096
116000002,5509,10980,-5471
116000003,1788,1967,-179
116000004,2369,3699,-1330
116000005,3576,3734,-158
116000006,3027,2644,383
116000007,4242,4204,38
116000008,6434,2579,3855
116000009,2255,2792,-537
116000010,2288,1719,569
116000011,1015,2154,-1139
116000012,1856,1113,743
116000013,9892,4891,5001
116000014,13135,10403,2732
116000015,533,1536,-1003
116000016,7287,3831,3456
116000017,33,820,-787
116000018,877,419,458
116000019,1184,388,796
116000020,824,1024,-200
116000021,432,361,71
116000022,440,400,40
116000023,1213,743,470
116000024,931,999,-68
116000025,847,869,-22
116000026,2087,2957,-870
116000027,1163,735,428
116000028,496,961,-465
116000029,879,827,52
116000030,950,566,384
116000031,243,399,-156
116000032,541,276,265
116000033,404,561,-157
116000034,717,947,-230
116000035,397,893,-496
116000036,2290,1252,1038
116000037,763,606,157
116000038,570,467,103
116000039,676,437,239
116000040,835,328,507
116000041,213,554,-341
116000042,610,316,294
116000043,134,747,-613
116000044,40,77,-37
116000045,2125,1376,749
116000046,1351,1765,-414
116000047,1931,2478,-547
116000048,1957,2028,-71
116000049,1433,3377,-1944
116000050,1675,1661,14
116000051,6785,2912,3873
116000052,6567,6024,543
116000053,2322,1073,1249
116000054,793,2889,-2096
116000055,753,1230,-477
116000056,1018,1332,-314
116000057,3330,2035,1295
116000058,3587,2839,748
116000059,3365,4993,-1628
116000060,2425,1105,1320
116000061,736,1021,-285
116000062,640,282,358
116000063,782,1040,-258
116000066,281,652,-371
116000067,292,563,-271
116000068,219,345,-126
116000069,308,482,-174
116000078,574,1148,-574
116000080,1962,1161,801
116000082,7,72,-65
116000083,1651,414,1237
116000084,2675,4467,-1792
116000085,2596,2142,454
116000086,2061,1259,802
116000087,1796,1641,155
116000088,871,1382,-511
116000089,245,143,102
116000090,148,192,-44
116000091,655,253,402
116000093,875,582,293
116000094,800,840,-40
116000095,843,703,140
116000096,798,1636,-838
116000097,1149,820,329
116000098,152,6707,-6555
116000099,7376,296,7080
116000100,342,24,318
116000101,1068,1192,-124
116000102,303,1805,-1502
116000103,546,324,222
116000104,296,1700,-1404
116000105,1120,205,915
116000106,750,1118,-368
116000107,2563,437,2126
116000108,1092,197,895
116000111,137,40,97
116000113,212,225,-13
116000114,57,152,-95
116000115,528,187,341
116000116,318,618,-300
116000117,1543,2135,-592
116000118,1638,1777,-139
116000119,3653,2135,1518
116000120,3098,5009,-1911
116000121,885,668,217
116000122,1374,2037,-663
116000123,1218,499,719
116000124,447,1254,-807
116000125,3073,986,2087
116000126,399,1760,-1361
116000127,1153,1467,-314
116000128,1805,1040,765
116000129,1313,325,988
116000130,561,468,93
116000133,1074,854,220
116000134,1903,2479,-576
116000135,2391,1609,782
116000136,1331,2465,-1134
116000137,1197,691,506
116000138,1044,806,238
116000139,2119,2256,-137
116000140,126,183,-57
116000141,395,796,-401
116000142,3294,2936,358
116000143,1739,1709,30
116000144,1571,2296,-725
116000145,1499,1163,336
116000146,468,306,162
116000147,206,124,82
116000148,477,680,-203
116000149,868,859,9
116000151,653,612,41
116000153,125,418,-293
116000155,255,286,-31
116000156,914,1421,-507
116000157,73,24,49
116000158,442,396,46
116000159,22,18,4
116000160,25,93,-68
116000161,11,108,-97
116000162,94,136,-42
116000163,48,17,31
116000164,12,33,-21
116000177,1035,111,924
116000194,108,530,-422
116000195,1686,763,923
116000196,34,13,21
116000197,16,15,1
116000198,2693,1404,1289
116000200,915,493,422
116000201,692,786,-94
116000202,9,288,-279
116000203,3,104,-101
116000204,13,85,-72
116000205,0,163,-163
116000206,3,104,-101
116000207,6,41,-35
116000233,288,574,-286
116000287,222,525,-303
116000288,276,251,25
116000292,60,213,-153
116000296,21,285,-264
116000297,125,25,100
116000304,128,74,54
116000305,17,91,-74
116000346,188,166,22
116000352,119,54,65
116000354,50,25,25
116000357,28,35,-7
116000358,480,57,423
116000361,88,2,86
116000372,5587,3701,1886
116000381,93,1,92
116000388,0,68,-68
116000389,1160,668,492
116000445,474,620,-146
116000446,526,797,-271
116000447,10,624,-614
116000448,636,219,417
116000563,946,918,28
116000565,70,482,-412
116000566,7,16,-9
116000568,45,356,-311
116000579,68,136,-68
116000584,23,12,11
116000585,34,18,16
116000586,148,136,12
116000587,693,883,-190
116000589,36,86,-50
116000590,84,63,21
116000591,212,310,-98
116000592,7,119,-112
116000593,0,27,-27
116000594,544,531,13
116000595,779,171,608
116000596,108,11,97
116000597,333,103,230
116000598,43,187,-144
116000602,66,449,-383
116000605,700,200,500
116000606,175,276,-101
116000607,13,90,-77
116000609,244,952,-708
116000611,161,652,-491
116000612,658,1807,-1149
116000613,579,378,201
116000614,480,643,-163
116000615,2,318,-316
116000616,75,112,-37
116000617,99,67,32
116000618,6,123,-117
116000619,130,90,40
116000620,124,88,36
116000621,47,145,-98
116000622,85,213,-128
116000624,240,118,122
116000627,34,32,2
116000628,48,336,-288
116000629,20,432,-412
116000630,442,31,411
116000631,105,50,55
116000632,426,276,150
116000633,121,353,-232
116000634,473,50,423
116000635,2825,2132,693
116000636,826,1180,-354
116000637,338,17,321
116000638,38,393,-355
116900001,290,229,61
116900002,281,5,276
116900003,26,96,-70
116900004,36,71,-35
116900005,380,95,285
116900006,134,221,-87
116900007,160,210,-50
116900008,403,375,28
116900009,22,8,14
116900010,4,1458,-1454
116900011,22,43,-21
116900012,425,218,207
116900013,4,264,-260
116900014,108,237,-129
116900015,388,89,299
116900016,253,5,248
116900017,5,587,-582
116900018,74,52,22
116900019,10,394,-384
116900020,1490,1100,390
116900023,75,17,58
116900024,760,80,680
116900025,1243,1083,160
116900026,196,677,-481
116900027,35,93,-58
116900028,6,137,-131
116900029,0,75,-75
116900031,1,6,-5
116900032,5,390,-385
116900033,12,13,-1
116900034,30,78,-48
116900035,169,253,-84
116900036,10,148,-138
116900038,32,3,29
116900041,45,30,15
116900042,759,306,453
116900043,38,93,-55
116900047,39,146,-107
116900049,39,356,-317
116900050,195,488,-293
116900051,154,215,-61
116900052,188,81,107
116900055,1,6,-5
116900057,27,267,-240
116900058,60,378,-318
116900059,5,176,-171
116900060,214,193,21
116900062,1,35,-34
116900064,113,689,-576
116900065,52,129,-77
116900067,109,137,-28
116900068,162,244,-82
116900070,4,10,-6
116900072,30,469,-439
116900073,24,142,-118
116900074,7,57,-50
116900076,14,60,-46
116900077,5,164,-159
116900078,215,143,72
116900079,49,243,-194
116900080,19,30,-11
116900081,542,1404,-862
116900082,494,1041,-547
116900083,74,76,-2
116900084,171,59,112
116900085,55,222,-167
116900086,70,266,-196
116900088,431,206,225
116900090,173,68,105
116900091,566,48,518
116900092,108,761,-653
116900093,1886,2307,-421
116900094,4876,3627,1249
116900095,198,112,86
116900096,137,486,-349
116900097,3556,2884,672
116900098,883,457,426
116900099,1019,751,268
116900100,894,48,846
116900101,404,553,-149
116900103,8,1,7
116900104,128,92,36
116900105,263,160,103
116900106,1895,259,1636
116900107,4008,2645,1363
116900110,37,1,36
116900111,525,803,-278
116900112,336,1082,-746
116900113,2288,1450,838
116900116,131,548,-417
116900117,187,136,51
116900118,833,931,-98
116900120,500,112,388
116900121,242,35,207
116900122,981,897,84
116900123,246,795,-549
116900124,211,1129,-918
116900125,391,301,90
116900126,248,671,-423
116900128,0,56,-56
116900129,2,393,-391
116900130,821,3199,-2378
116900131,137,431,-294
116900132,59,146,-87
116900133,134,181,-47
116900134,255,314,-59
116900136,417,236,181
116900137,354,174,180
116900138,269,177,92
116900139,173,457,-284
116900140,235,162,73
116900141,860,614,246
116900142,3,97,-94
116900143,319,452,-133
116900144,62,140,-78
116900145,114,269,-155
116900147,535,495,40
116900148,13,52,-39
116900149,68,258,-190
116900150,22,20,2
116900151,66,19,47
116900153,131,121,10
116900154,806,690,116
116900155,163,102,61
116900157,601,409,192
116900158,129,281,-152
116900159,169,337,-168
116900160,1115,842,273
116900161,7591,5877,1714
116900162,16,97,-81
116900163,206,229,-23
116900164,115,75,40
116900165,230,296,-66
116900166,41,77,-36
116900167,482,136,346
116900168,353,129,224
116900169,781,534,247
116900170,332,666,-334
116900171,51,198,-147
116900172,219,328,-109
116900173,290,51,239
116900174,87,54,33
116900175,181,201,-20
116900178,35,187,-152
116900179,104,267,-163
116900180,112,37,75
116900182,466,400,66
116900183,183,194,-11
116900185,26,59,-33
116900186,77,308,-231
116900187,98,64,34
116900188,147,49,98
116900189,127,3,124
116900191,532,795,-263
116900192,310,195,115
116900194,193,1375,-1182
116900195,34,31,3
116900196,34,90,-56
116900197,108,58,50
116900198,234,237,-3
116900200,76,48,28
116900201,103,9,94
116900202,142,52,90
116900203,164,33,131
116900204,62,97,-35
116900206,9,24,-15
116900207,39,44,-5
116900208,13,141,-128
116900209,29,114,-85
116900210,543,356,187
116900211,341,9,332
116900212,46,68,-22
116900213,278,175,103
116900214,214,211,3
116900215,55,89,-34
116900216,287,353,-66
116900218,23,271,-248
116900219,1498,506,992
116900220,114,241,-127
116900221,119,432,-313
116900222,485,458,27
116900223,137,366,-229
116900226,77,81,-4
116900227,186,107,79
116900228,332,273,59
116900230,92,267,-175
116900231,38,412,-374
116900232,21,504,-483
116900233,287,101,186
116900234,36,26,10
116900235,157,383,-226
116900238,1838,423,1415
116900239,33,1751,-1718
116900240,6309,3302,3007
116900241,81,202,-121
116900242,384,652,-268
116900243,4,111,-107
116900245,28,31,-3
116900246,149,24,125
116900247,869,134,735
116900248,104,50,54
116900249,421,136,285
116900250,799,44,755
116900251,517,573,-56
116900252,271,950,-679
116900253,117,94,23
116900254,43,111,-68
116900255,110,82,28
116900256,390,139,251
116900257,62,515,-453
116900258,15,239,-224
116900259,387,66,321
116900260,2,129,-127
116900261,86,9,77
116900262,631,242,389
116900263,1,19,-18
116900264,1,4,-3
116900265,44,1,43
116900266,9,88,-79
116900267,2,10,-8
116900268,348,117,231
116900269,297,647,-350
116900271,1790,236,1554
116900272,386,325,61
116900273,253,99,154
116900274,104,114,-10
116900275,184,103,81
116900276,713,151,562
116900277,682,48,634
116900278,5,24,-19
116900279,1,40,-39
116900280,47,53,-6
116900281,6580,3933,2647
116900282,10,153,-143
116900283,35,151,-116
116900284,17,236,-219
116900285,388,191,197
116900286,258,44,214
116900287,7,48,-41
116900288,82,152,-70
116900289,12,15,-3
116900290,4,33,-29
116900291,21,5,16
116900292,0,17,-17
116900293,70,66,4
116900294,47,189,-142
116900295,123,44,79
116900296,60,54,6
116900297,12,103,-91
116900298,115,51,64
116900299,39,47,-8
116900300,2,90,-88
116900301,60,107,-47
116900302,35,54,-19
116900303,271,103,168
116900304,1,149,-148
116900305,23,44,-21
116900306,136,83,53
117000001,1857,1520,337
117000002,2144,4667,-2523
117000003,6501,3547,2954
117000004,4113,5617,-1504
117000005,2073,1915,158
117000006,1380,3620,-2240
117000007,3672,1346,2326
117000008,1188,3998,-2810
117000009,5281,2134,3147
117000010,2991,4467,-1476
117000011,2483,1850,633
117000012,1510,1470,40
117000013,2031,912,1119
117000014,1283,2349,-1066
117000015,2822,1381,1441
117000016,404,93,311
117000017,448,120,328
117000018,180,574,-394
117000019,97,3,94
117000020,476,1497,-1021
117000021,2001,467,1534
117000022,618,109,509
117000023,395,167,228
117000024,388,206,182
117000025,626,951,-325
117000026,2491,1193,1298
117000027,3320,4872,-1552
117000028,5033,1985,3048
117000030,655,593,62
117000031,414,313,101
117000032,2278,1321,957
117000033,1294,877,417
117000034,438,434,4
117000035,429,324,105
117000036,457,470,-13
117000037,319,242,77
117000038,301,696,-395
117000039,484,256,228
117000040,245,1214,-969
117000041,1033,182,851
117000044,23,835,-812
117000045,402,133,269
117000046,454,893,-439
117000047,915,695,220
117000048,2419,1288,1131
117000049,189,595,-406
117000050,127,2027,-1900
117000051,2071,146,1925
117000052,39,410,-371
117000053,447,44,403
117000054,1907,21,1886
117000055,19,3461,-3442
117000056,753,30,723
117000057,718,2680,-1962
117000060,682,1789,-1107
117000061,1677,978,699
117000062,322,686,-364
117000063,1839,1047,792
117000064,829,851,-22
117000066,1302,1168,134
117000067,151,634,-483
117000074,235,199,36
117000076,132,64,68
117000077,181,215,-34
117000078,134,871,-737
117000079,577,274,303
117000080,1,356,-355
117000081,1297,145,1152
117000082,17,111,-94
117000083,207,9,198
117000084,300,2,298
117000085,463,878,-415
117000086,1415,555,860
117000087,110,541,-431
117000088,306,246,60
117000089,1520,340,1180
117000090,293,1390,-1097
117000091,803,360,443
117000092,442,1425,-983
117000093,1129,844,285
117000094,1639,3245,-1606
117000095,3863,1139,2724
117000096,778,2654,-1876
117000097,1397,1450,-53
117000098,2893,5403,-2510
117000099,3484,1504,1980
117000100,190,454,-264
117000101,284,1404,-1120
117000102,1619,801,818
117000103,776,1987,-1211
117000104,1320,758,562
117000105,1040,1928,-888
117000106,1197,978,219
117000107,755,2356,-1601
117000108,1667,1046,621
117000109,1804,2952,-1148
117000110,1415,1136,279
117000111,3809,4800,-991
117000112,3254,2064,1190
117000113,384,346,38
117000114,298,213,85
117000115,238,141,97
117000116,183,282,-99
117000117,1744,1222,522
117000118,319,152,167
117000119,319,169,150
117000120,219,501,-282
117000121,186,1193,-1007
117000122,359,701,-342
117000123,1859,57,1802
117000124,1013,68,945
117000125,412,117,295
117000126,86,25,61
117000127,177,388,-211
117000128,599,933,-334
117000129,444,445,-1
117000130,111,3,108
117000131,0,79,-79
117000132,2935,34,2901
117000133,1520,105,1415
117000134,0,61,-61
117000135,4,45,-41
117000136,2,51,-49
117000137,119,187,-68
117000138,4,799,-795
117000140,569,1880,-1311
117000141,1627,698,929
117000181,816,639,177
117000182,386,939,-553
117000195,271,1234,-963
117000196,284,128,156
117000225,123,42,81
117000226,20,178,-158
117000276,310,17,293
117000277,5,428,-423
117000310,1990,2499,-509
117000315,63,785,-722
117000320,48,0,48
117000906,297,14,283
117000907,23,322,-299
117000908,26,28,-2
117000909,48,33,15
117000910,230,196,34
117000911,153,185,-32
117000915,16,579,-563
117000916,29,7,22
117000917,1134,49,1085
117000918,68,69,-1
117000919,9,115,-106
117000920,3,1493,-1490
117000921,4,1276,-1272
117000922,35,149,-114
117000924,275,812,-537
117000926,981,94,887
117000927,2158,1139,1019
117000928,0,161,-161
117000929,291,387,-96
117000930,227,27,200
117000931,720,189,531
117900002,142,468,-326
117900003,1001,590,411
117900005,12,49,-37
117900006,0,57,-57
117900007,212,138,74
117900008,0,32,-32
117900010,250,108,142
117900011,144,86,58
117900012,86,80,6
117900013,3,282,-279
117900014,508,126,382
117900015,16,90,-74
117900016,1572,1154,418
117900017,576,252,324
117900018,267,127,140
117900019,389,286,103
117900020,83,486,-403
117900021,34,77,-43
117900022,47,19,28
117900023,873,194,679
117900024,75,81,-6
117900025,58,12,46
117900026,456,298,158
117900028,68,5,63
117900029,334,608,-274
117900030,580,341,239
117900031,229,135,94
117900032,983,539,444
117900033,252,563,-311
117900034,35,50,-15
117900035,320,103,217
117900036,282,417,-135
117900037,144,285,-141
117900038,21,369,-348
117900039,1,115,-114
117900040,171,513,-342
117900041,13,72,-59
117900042,4577,446,4131
117900043,56,62,-6
117900044,8,2905,-2897
117900045,235,191,44
117900048,344,365,-21
117900049,230,408,-178
117900050,7,50,-43
117900051,39,3,36
117900052,49,363,-314
117900053,1523,831,692
117900054,1,48,-47
117900055,256,184,72
117900056,434,41,393
117900057,1185,1423,-238
117900058,217,33,184
117900059,398,107,291
117900060,2514,6795,-4281
117900061,25,204,-179
117900063,387,224,163
117900065,1748,1571,177
117900066,11,108,-97
117900067,407,218,189
117900069,775,316,459
117900070,333,19,314
117900071,85,127,-42
117900073,403,387,16
117900074,147,52,95
117900075,83,103,-20
117900076,10,49,-39
117900077,442,219,223
117900078,363,863,-500
117900080,121,54,67
117900081,668,484,184
117900082,510,394,116
117900083,321,454,-133
117900086,119,27,92
117900087,219,164,55
117900088,3733,2740,993
117900089,2323,846,1477
117900090,412,531,-119
117900091,190,258,-68
117900092,60,48,12
117900093,104,237,-133
117900094,43,21,22
117900095,261,392,-131
117900096,107,291,-184
117900097,327,375,-48
117900098,51,13,38
117900099,142,209,-67
117900100,241,13,228
117900101,427,1853,-1426
117900102,63,194,-131
117900103,65,2,63
117900104,29,125,-96
117900105,147,234,-87
117900106,93,114,-21
117900107,36,0,36
117900109,629,452,177
117900110,501,20,481
117900111,504,33,471
117900112,75,33,42
117900113,3970,1888,2082
117900114,21,0,21
117900115,417,64,353
117900116,1202,1161,41
117900117,545,393,152
117900118,97,1,96
117900119,188,290,-102
117900120,219,93,126
117900121,265,66,199
117900122,1845,3713,-1868
117900123,662,436,226
117900124,1677,951,726
117900125,2057,2029,28
117900126,264,677,-413
117900127,431,598,-167
117900128,483,753,-270
117900129,199,4,195
117900130,2503,608,1895
117900131,5,163,-158
117900132,14,152,-138
117900133,15,179,-164
117900134,72,347,-275
117900135,36,220,-184
117900136,0,35,-35
117900137,67,364,-297
117900138,0,49,-49
117900139,187,194,-7
117900140,3590,235,3355
117900141,313,239,74
117900142,177,49,128
117900144,97,231,-134
117900145,146,40,106
117900146,227,161,66
117900147,75,93,-18
117900148,3078,1514,1564
117900149,358,250,108
117900150,69,70,-1
117900151,44,97,-53
117900152,80,84,-4
117900153,23,106,-83
117900154,411,671,-260
117900156,1177,1008,169
117900157,105,693,-588
117900158,342,220,122
117900160,685,836,-151
117900161,3375,2719,656
117900162,329,478,-149
117900163,106,100,6
117900165,0,23,-23
117900166,140,534,-394
117900168,27,203,-176
117900169,2,127,-125
117900170,7,77,-70
117900171,2,45,-43
117900172,13,53,-40
117900173,190,90,100
117900174,66,95,-29
117900175,6,47,-41
117900176,17,38,-21
117900177,41,50,-9
117900178,244,56,188
117900180,268,97,171
117900181,162,494,-332
117900182,5,90,-85
117900183,69,213,-144
117900184,55,78,-23
117900185,41,74,-33
117900186,61,36,25
117900187,21,16,5
117900188,221,54,167
117900189,92,39,53
117900190,52,11,41
117900191,113,2,111
117900192,304,2,302
117900193,30,107,-77
117900194,10,15,-5
117900195,233,76,157
117900196,14,77,-63
117900207,214,162,52
117900208,34,42,-8
117900209,225,242,-17
117900210,211,249,-38
117900211,18,254,-236
117900212,149,215,-66
117900213,25,20,5
117900214,9,52,-43
117900215,14,47,-33
117900216,26,22,4
117900217,102,296,-194
117900218,107,124,-17
117900219,11,117,-106
117900220,105,106,-1
117900222,232,314,-82
117900223,141,287,-146
118000001,912,857,55
118000002,1276,2260,-984
118000003,2483,2824,-341
118000004,3599,2971,628
118000005,5966,5843,123
118000006,7608,10737,-3129
118000007,6468,4222,2246
118000008,5684,4237,1447
118000009,2177,4221,-2044
118000010,7880,5336,2544
118000011,1601,2809,-1208
118000012,1433,2560,-1127
118000013,3573,2817,756
118000014,2757,3415,-658
118000016,195,536,-341
118000017,519,525,-6
118000018,514,643,-129
118000019,2658,1574,1084
118000020,2023,3854,-1831
118000021,819,3406,-2587
118000022,2257,1021,1236
118000023,1081,312,769
118000024,2276,1479,797
118000027,17706,14230,3476
118000029,1259,846,413
118000032,1463,3816,-2353
118000033,3616,6242,-2626
118000034,6687,3057,3630
118000035,2055,3003,-948
118000036,1186,1225,-39
118000037,804,892,-88
118000038,188,80,108
118000039,142,315,-173
118000040,1991,1382,609
118000041,2338,1598,740
118000045,925,263,662
118000046,1748,627,1121
118000047,1080,828,252
118000048,3550,1919,1631
118000051,3122,1891,1231
118000052,1884,1075,809
118000053,646,1031,-385
118000054,2452,2544,-92
118000055,1779,2453,-674
118000056,1549,547,1002
118000057,455,593,-138
118000058,4489,1815,2674
118000059,2352,1150,1202
118000060,1296,674,622
118000061,2329,1671,658
118000062,789,449,340
118000063,450,700,-250
118000064,895,1300,-405
118000065,5282,2196,3086
118000066,1045,1711,-666
118000067,1559,1042,517
118000068,2246,4562,-2316
118000069,5630,1573,4057
118000070,5668,2027,3641
118000071,4015,6955,-2940
118000072,2205,1268,937
118000073,2880,741,2139
118000074,584,575,9
118000075,1449,340,1109
118000076,2020,2359,-339
118000077,1424,1502,-78
118000078,1977,2340,-363
118000079,346,473,-127
118000080,1250,985,265
118000081,1953,1240,713
118000082,354,1369,-1015
118000083,1986,1831,155
118000084,3962,1800,2162
118000086,395,546,-151
118000087,5274,2911,2363
118000088,2205,1674,531
118000089,3713,2188,1525
118000090,2031,2816,-785
118000091,1433,2228,-795
118000092,1094,540,554
118000093,123,822,-699
118000096,598,735,-137
118000097,854,706,148
118000098,224,204,20
118000099,605,935,-330
118000101,1030,416,614
118000102,392,1537,-1145
118000107,2182,611,1571
118000108,836,2068,-1232
118000110,2,38,-36
118000111,0,383,-383
118000112,387,2,385
118000113,3,664,-661
118000114,492,13,479
118000115,13,19,-6
118000116,49,0,49
118000117,1198,840,358
118000118,952,860,92
118000119,1129,1050,79
118000120,1787,1466,321
118000121,106,768,-662
118000122,1464,407,1057
118000123,66,307,-241
118000125,1722,1022,700
118000126,672,1582,-910
118000127,2164,583,1581
118000128,919,1239,-320
118000129,987,421,566
118000130,2706,3702,-996
118000131,783,871,-88
118000132,2557,1965,592
118000133,895,451,444
118000135,733,406,327
118000136,131,427,-296
118000137,745,129,616
118000138,587,728,-141
118000139,316,117,199
118000140,3199,4503,-1304
118000141,2139,2062,77
118000142,1803,1752,51
118000143,2162,1339,823
118000144,1881,1045,836
118000145,1705,2510,-805
118000146,1404,1181,223
118000147,893,1820,-927
118000148,575,1228,-653
118000149,1123,1086,37
118000150,491,292,199
118000151,511,534,-23
118000153,1404,1360,44
118000154,1430,1712,-282
118000155,1331,1508,-177
118000156,2423,2728,-305
118000157,614,459,155
118000158,281,484,-203
118000159,21,102,-81
118000160,536,470,66
118000161,536,954,-418
118000162,2170,934,1236
118000163,948,893,55
118000164,2139,1601,538
118000168,1579,638,941
118000169,1114,1305,-191
118000170,5287,7765,-2478
118000171,437,937,-500
118000172,93,419,-326
118000173,1079,1366,-287
118000175,380,364,16
118000176,290,438,-148
118000177,296,581,-285
118000178,50,61,-11
118000179,1722,1634,88
118000180,1043,893,150
118000181,931,430,501
118000182,355,316,39
118000183,216,313,-97
118000184,825,872,-47
118000185,1714,1272,442
118000186,1054,1308,-254
118000187,1341,859,482
118000188,568,228,340
118000189,728,928,-200
118000190,10,38,-28
118000191,33,33,0
118000192,422,424,-2
118000193,258,523,-265
118000194,1531,1209,322
118000195,1209,1027,182
118000196,446,252,194
118000197,352,197,155
118000198,536,717,-181
118000199,616,491,125
118000200,112,366,-254
118000201,508,514,-6
118000202,97,79,18
118000203,1268,715,553
118000204,191,302,-111
118000205,237,350,-113
118000206,244,218,26
118000207,1,49,-48
118000208,1408,1681,-273
118000209,2063,1877,186
118000210,77,44,33
118000211,26,29,-3
118000213,1345,1601,-256
118000214,699,565,134
118000215,258,166,92
118000216,2224,3409,-1185
118000217,43,145,-102
118000218,83,190,-107
118000219,572,378,194
118000220,12,46,-34
118000221,208,400,-192
118000222,85,2,83
118000223,23,59,-36
118000224,197,135,62
118000225,147,737,-590
118000226,1150,264,886
118000227,949,399,550
118000228,214,274,-60
118000229,182,72,110
118000230,131,311,-180
118000231,146,241,-95
118000232,831,928,-97
118000233,1125,868,257
118000234,521,276,245
118000236,405,354,51
118000237,176,514,-338
118000238,228,254,-26
118000239,290,347,-57
118000240,567,214,353
118000241,138,266,-128
118000242,357,678,-321
118000243,281,285,-4
118000244,72,177,-105
118000246,2,29,-27
118000255,59,205,-146
118000256,82,220,-138
118000259,11,85,-74
118000260,283,101,182
118000261,47,78,-31
118000263,92,193,-101
118000266,99,288,-189
118000267,0,125,-125
118000268,379,4,375
118000270,86,50,36
118000271,182,333,-151
118000272,169,42,127
118000273,137,100,37
118000274,135,401,-266
118000276,509,404,105
118000295,11,158,-147
118000298,188,374,-186
118000299,80,176,-96
118000301,0,55,-55
118000302,138,120,18
118000311,460,146,314
118000312,356,242,114
118000313,74,174,-100
118000314,90,89,1
118000315,88,65,23
118000316,649,574,75
118000325,76,87,-11
118000326,41,41,0
118000331,48,84,-36
118000332,13,56,-43
118000333,38,127,-89
118000335,320,1,319
118000336,0,305,-305
118000407,160,118,42
118000457,13,45,-32
118000465,4123,4439,-316
118000480,40,114,-74
118000489,71,329,-258
118000490,57,293,-236
118000492,454,231,223
118000510,87,27,60
118000514,239,381,-142
118000515,764,685,79
118000517,368,259,109
118000524,457,227,230
118000525,870,934,-64
118000530,26,127,-101
118000531,321,310,11
118000532,212,336,-124
118000533,369,139,230
118000534,542,524,18
118000535,358,213,145
118000536,1008,1865,-857
118000537,39,171,-132
118000538,40,95,-55
118000539,33,152,-119
118000540,392,187,205
118000541,223,63,160
118000542,108,234,-126
118000543,230,215,15
118000546,54,28,26
118000560,3268,2252,1016
118000562,22,153,-131
118000563,2012,1456,556
118000576,154,123,31
118000577,137,166,-29
118000578,133,117,16
118000579,677,1235,-558
118000595,240,93,147
118000596,0,80,-80
118000597,93,102,-9
118000598,17,2,15
118000599,89,49,40
118000600,6,45,-39
118000601,11,0,11
118000602,0,34,-34
118000603,0,29,-29
118900001,840,1472,-632
118900002,1114,965,149
118900003,490,34,456
118900004,19,46,-27
118900005,96,9,87
118900006,184,12,172
118900007,16,1,15
118900008,1787,88,1699
118900009,82,67,15
118900010,95,8,87
118900011,319,61,258
118900012,504,258,246
118900013,563,130,433
118900015,217,143,74
118900016,10,19,-9
118900017,296,344,-48
118900018,858,25,833
118900019,69,41,28
118900020,245,166,79
118900021,188,416,-228
118900022,146,129,17
118900023,220,110,110
118900024,93,210,-117
118900025,58,27,31
118900026,61,96,-35
118900027,496,223,273
118900028,146,207,-61
118900029,348,421,-73
118900030,376,108,268
118900031,147,144,3
118900032,124,119,5
118900033,448,454,-6
118900034,281,33,248
118900035,126,230,-104
118900036,1251,802,449
118900037,584,314,270
118900038,423,218,205
118900039,546,250,296
118900040,188,228,-40
118900041,593,228,365
118900042,247,143,104
118900045,338,164,174
118900046,1181,458,723
118900047,646,264,382
118900048,176,228,-52
118900049,52,60,-8
118900050,41,116,-75
118900051,103,127,-24
118900052,363,251,112
118900053,62,93,-31
118900054,115,59,56
118900055,91,127,-36
118900056,39,335,-296
118900057,625,552,73
118900058,399,367,32
118900059,30,75,-45
118900060,442,169,273
118900062,608,224,384
118900064,808,554,254
118900065,63,150,-87
118900066,120,155,-35
118900067,4986,2990,1996
118900068,25,232,-207
118900069,408,388,20
118900071,6,88,-82
118900072,374,389,-15
118900073,143,165,-22
118900074,129,211,-82
118900075,44,114,-70
118900076,210,130,80
118900077,194,218,-24
118900078,52,13,39
118900079,55,251,-196
118900080,35,178,-143
118900081,84,56,28
118900082,690,288,402
118900083,46,14,32
118900084,25,25,0
118900085,693,965,-272
118900086,55,102,-47
118900087,32,211,-179
118900088,0,16,-16
118900089,21,27,-6
118900090,498,481,17
118900091,220,197,23
118900092,159,159,0
118900093,144,30,114
118900096,68,23,45
118900097,259,639,-380
118900099,89,269,-180
118900100,162,266,-104
118900101,113,928,-815
118900102,75,143,-68
118900103,82,121,-39
118900104,247,200,47
118900105,346,141,205
118900107,289,115,174
118900108,152,123,29
118900110,1538,760,778
118900111,685,515,170
118900112,57,162,-105
118900113,130,561,-431
118900114,21,102,-81
118900115,150,606,-456
118900116,223,272,-49
118900117,125,242,-117
118900118,307,454,-147
118900119,136,272,-136
118900120,102,344,-242
118900121,4,226,-222
118900122,28,976,-948
118900123,189,298,-109
118900124,92,234,-142
118900126,35,404,-369
118900129,297,284,13
118900130,69,203,-134
118900131,259,254,5
118900132,382,244,138
118900133,24,144,-120
118900135,255,271,-16
118900136,198,570,-372
118900137,46,35,11
118900139,227,369,-142
118900140,395,653,-258
118900141,150,186,-36
118900144,128,484,-356
118900145,361,133,228
118900146,375,832,-457
118900147,269,175,94
118900148,137,75,62
118900150,130,601,-471
118900152,664,903,-239
118900157,82,194,-112
118900158,57,60,-3
118900159,3,234,-231
118900161,99,14,85
118900163,135,185,-50
118900164,3,227,-224
118900165,66,344,-278
118900166,39,4,35
118900167,138,181,-43
118900168,15,197,-182
118900169,142,543,-401
118900170,154,213,-59
118900171,42,50,-8
118900174,82,88,-6
118900175,420,502,-82
118900176,115,287,-172
118900177,72,78,-6
118900178,76,241,-165
118900179,4,36,-32
118900181,111,118,-7
118900182,220,63,157
118900183,57,129,-72
118900184,381,220,161
118900185,111,158,-47
118900186,140,115,25
118900187,278,358,-80
118900188,273,289,-16
118900189,57,799,-742
118900190,11,288,-277
118900191,126,66,60
118900192,154,18,136
118900193,372,16,356
118900195,355,820,-465
118900196,45,174,-129
118900197,130,60,70
118900198,30,32,-2
118900199,116,62,54
118900200,43,27,16
118900201,34,39,-5
118900202,9,78,-69
118900203,15,62,-47
118900204,23,44,-21
118900205,3,12,-9
118900206,1,20,-19
119000001,1281,1860,-579
119000002,4879,3907,972
119000003,2518,1217,1301
119000004,2819,1392,1427
119000005,1716,1913,-197
119000006,2615,1631,984
119000007,3463,3698,-235
119000008,2123,2196,-73
119000009,4196,4481,-285
119000010,7906,5223,2683
119000011,4951,2973,1978
119000012,3683,4011,-328
119000013,2566,1739,827
119000014,2521,3849,-1328
119000019,363,206,157
119000020,2480,1459,1021
119000021,4152,2580,1572
119000022,3656,2735,921
119000023,327,299,28
119000024,2026,10205,-8179
119000025,7924,1563,6361
119000026,193,475,-282
119000027,359,529,-170
119000028,2179,1211,968
119000029,145,361,-216
119000030,592,1133,-541
119000031,964,890,74
119000032,2595,2876,-281
119000033,2389,1687,702
119000034,1069,1151,-82
119000035,37,365,-328
119000036,1509,966,543
119000037,1249,1850,-601
119000038,183,980,-797
119000039,353,384,-31
119000040,1420,647,773
119000041,980,1252,-272
119000048,3343,3692,-349
119000049,1725,2709,-984
119000050,2500,2183,317
119000051,3102,1103,1999
119000052,2045,3017,-972
119000053,1970,1389,581
119000054,3410,3557,-147
119000055,4212,3865,347
119000056,2443,2197,246
119000057,1764,2296,-532
119000058,2129,1953,176
119000059,1502,1835,-333
119000060,1771,1401,370
119000061,1051,922,129
119000062,1627,1599,28
119000063,511,458,53
119000064,1099,1676,-577
119000065,2490,4066,-1576
119000066,2934,1297,1637
119000067,1832,2345,-513
119000068,1751,1389,362
119000069,1440,2581,-1141
119000070,2477,1206,1271
119000071,688,807,-119
119000072,6142,3914,2228
119000073,7054,7366,-312
119000074,1241,2781,-1540
119000075,2106,2534,-428
119000076,717,1143,-426
119000077,1529,605,924
119000078,640,262,378
119000079,400,722,-322
119000080,414,235,179
119000081,513,642,-129
119000082,1491,277,1214
119000083,771,452,319
119000084,458,630,-172
119000085,750,259,491
119000086,399,504,-105
119000087,1772,1151,621
119000088,373,279,94
119000089,67,218,-151
119000090,145,194,-49
119000091,111,521,-410
119000092,601,230,371
119000093,3858,2985,873
119000094,2872,5739,-2867
119000095,2045,3092,-1047
119000097,2235,1688,547
119000098,965,2626,-1661
119000099,2769,2053,716
119000100,3621,3032,589
119000101,6368,2372,3996
119000102,1192,1316,-124
119000103,2492,651,1841
119000104,3110,1704,1406
119000105,1222,1975,-753
119000106,388,1764,-1376
119000107,890,519,371
119000108,493,1148,-655
119000109,280,649,-369
119000110,1125,709,416
119000111,116,779,-663
119000112,304,180,124
119000113,4127,419,3708
119000114,1180,1112,68
119000115,149,133,16
119000116,151,124,27
119000117,216,505,-289
119000118,2,1,1
119000123,5791,1686,4105
119000124,769,218,551
119000125,3517,950,2567
119000126,528,650,-122
119000127,511,706,-195
119000128,40,3,37
119000131,964,834,130
119000132,3,3,0
119000133,5,9,-4
119000134,2228,677,1551
119000135,130,236,-106
119000136,261,228,33
119000137,227,411,-184
119000138,420,388,32
119000139,382,311,71
119000140,199,508,-309
119000284,1450,2945,-1495
119000285,2374,2491,-117
119000286,8196,6513,1683
119000287,1281,2631,-1350
119000288,2122,1682,440
119000289,1993,3892,-1899
119000290,207,541,-334
119000291,9,277,-268
119000293,108,227,-119
119000294,53,55,-2
119000295,1741,447,1294
119000296,259,187,72
119000302,2743,1557,1186
119000303,81,171,-90
119000314,1596,9346,-7750
119000315,1,518,-517
119000316,113,192,-79
119000317,77,392,-315
119900001,325,1380,-1055
119900002,161,350,-189
119900003,80,1379,-1299
119900004,390,1160,-770
119900005,211,146,65
119900006,255,532,-277
119900007,1419,271,1148
119900008,508,71,437
119900009,975,1092,-117
119900010,2477,1688,789
119900011,28,111,-83
119900012,19,182,-163
119900013,2218,1152,1066
119900014,796,348,448
119900015,112,61,51
119900016,50,111,-61
119900017,35,57,-22
119900018,2408,758,1650
119900019,57,10,47
119900020,275,254,21
119900021,199,383,-184
119900022,182,762,-580
119900023,637,1273,-636
119900025,228,47,181
119900026,922,169,753
119900027,90,16,74
119900028,683,147,536
119900029,2,11,-9
119900030,666,572,94
119900031,69,387,-318
119900033,2833,356,2477
119900034,455,196,259
119900037,176,65,111
119900038,50,329,-279
119900039,51,27,24
119900040,354,32,322
119900041,134,51,83
119900042,619,184,435
119900043,92,207,-115
119900044,212,885,-673
119900046,118,100,18
119900047,312,108,204
119900048,53,48,5
119900049,190,14,176
119900050,203,139,64
119900051,479,19,460
119900052,85,72,13
119900053,207,219,-12
119900054,138,9,129
119900055,1392,491,901
119900057,213,104,109
119900058,309,7,302
119900059,233,66,167
119900060,249,22,227
119900062,89,37,52
119900063,33,65,-32
119900064,453,103,350
119900065,252,26,226
119900066,1,1,0
119900067,238,57,181
119900068,437,3,434
119900069,127,83,44
119900070,858,21,837
119900071,665,35,630
119900073,2080,777,1303
119900074,92,68,24
119900075,5926,3242,2684
119900076,616,509,107
119900077,917,1264,-347
119900078,560,1137,-577
119900079,268,253,15
119900080,1843,1649,194
119900081,307,52,255
119900082,1404,411,993
119900083,464,227,237
119900084,953,430,523
119900085,70,108,-38
119900087,828,423,405
119900088,32,89,-57
119900089,75,635,-560
119900090,153,81,72
119900091,62,1024,-962
119900092,277,513,-236
119900093,1235,273,962
119900094,146,216,-70
119900095,256,150,106
119900096,62,151,-89
119900097,664,305,359
119900098,71,78,-7
119900099,43,254,-211
119900100,2487,3054,-567
119900101,288,1519,-1231
119900102,74,316,-242
119900103,50,467,-417
119900104,62,278,-216
119900105,1522,2776,-1254
119900106,22,218,-196
119900107,362,3208,-2846
119900108,2796,776,2020
119900109,30,237,-207
119900110,725,697,28
119900111,132,406,-274
119900112,1893,662,1231
119900113,85,322,-237
119900114,263,1270,-1007
119900115,358,1166,-808
119900116,325,500,-175
119900117,469,882,-413
119900118,101,986,-885
119900119,258,287,-29
119900120,921,785,136
119900121,419,1188,-769
119900122,622,441,181
119900123,314,409,-95
119900124,218,1005,-787
119900125,78,364,-286
119900126,4932,293,4639
119900127,2872,1320,1552
119900128,555,885,-330
119900129,285,685,-400
119900130,38,324,-286
119900131,36,327,-291
119900132,3,268,-265
119900133,72,129,-57
119900134,2033,317,1716
119900135,2,443,-441
119900136,267,424,-157
119900138,488,623,-135
119900139,231,158,73
119900140,7,156,-149
119900141,147,941,-794
119900142,22,61,-39
119900143,16,244,-228
119900144,1953,361,1592
119900145,150,259,-109
119900146,192,271,-79
119900147,2,224,-222
119900148,203,121,82
119900149,1561,5009,-3448
119900150,184,243,-59
119900151,2066,995,1071
119900152,117,512,-395
119900153,186,131,55
119900154,17,295,-278
119900155,47,74,-27
119900156,18,14,4
119900157,176,308,-132
119900158,160,108,52
119900159,4,1500,-1496
119900160,27,317,-290
119900161,226,315,-89
119900162,1010,1133,-123
119900163,195,182,13
119900164,1,2,-1
119900165,255,282,-27
119900166,126,79,47
119900167,141,210,-69
119900168,893,669,224
119900169,226,435,-209
119900170,300,362,-62
119900171,2130,582,1548
119900172,206,45,161
119900173,9,460,-451
119900174,17,307,-290
119900175,1185,1070,115
119900177,27,256,-229
119900178,17,215,-198
119900179,117,480,-363
119900180,1066,1221,-155
119900181,93,163,-70
119900182,8,498,-490
119900183,219,711,-492
119900184,3021,762,2259
119900185,39,221,-182
119900186,149,879,-730
119900187,52,585,-533
119900188,128,543,-415
119900189,944,558,386
119900190,86,375,-289
119900191,441,235,206
119900192,74,198,-124
119900193,451,270,181
119900194,24,110,-86
119900195,120,247,-127
119900196,2140,743,1397
119900197,317,243,74
119900198,508,343,165
119900199,198,32,166
119900200,775,759,16
119900201,505,340,165
119900202,132,255,-123
119900203,252,725,-473
119900204,281,420,-139
119900205,691,683,8
119900206,181,171,10
119900208,273,196,77
119900209,522,1339,-817
119900210,37,83,-46
119900211,134,21,113
119900212,113,273,-160
119900213,5,113,-108
119900214,40,120,-80
119900215,77,108,-31
119900216,29,83,-54
119900217,17,77,-60
119900218,60,109,-49
119900219,17,145,-128
119900220,10,99,-89
119900221,50,300,-250
119900222,10,236,-226
119900223,24,94,-70
119900224,28,40,-12
119900225,978,56,922
119900226,618,2231,-1613
119900227,1229,421,808
119900228,514,425,89
119900229,396,557,-161
119900230,1872,823,1049
119900231,255,275,-20
119900232,362,148,214
119900233,100,19,81
119900234,21,108,-87
119900235,55,76,-21
119900236,79,263,-184
119900237,129,727,-598
119900238,18,108,-90
119900240,222,192,30
119900241,219,343,-124
119900242,1989,2148,-159
119900244,815,2396,-1581
119900245,211,254,-43
119900246,405,719,-314
119900247,36,169,-133
119900248,116,246,-130
119900249,234,90,144
119900253,3492,538,2954
119900254,96,686,-590
119900255,166,613,-447
119900256,555,1226,-671
119900257,61,2,59
119900258,186,105,81
119900259,8,188,-180
119900260,152,16,136
119900261,453,232,221
119900262,3,292,-289
119900263,1143,545,598
119900264,101,255,-154
119900265,784,569,215
119900266,305,386,-81
119900267,305,618,-313
119900268,411,237,174
119900269,1139,1715,-576
119900271,82,122,-40
119900272,571,262,309
119900275,141,8,133
119900276,59,1,58
119900277,45,7,38
119900278,322,130,192
119900279,138,383,-245
119900280,854,216,638
119900281,1,196,-195
119900282,111,146,-35
119900283,12,294,-282
119900284,47,353,-306
119900285,32,78,-46
119900286,4,28,-24
119900288,6,28,-22
119900289,1,21,-20
119900290,9,39,-30
119900291,5,129,-124
119900292,49,19,30
119900293,31,1,30
119900294,26,1,25
119900295,1,0,1
119900296,9,0,9
119900299,111,264,-153
119900300,286,257,29
119900301,133,93,40
119900302,231,170,61
119900303,436,453,-17
119900304,436,70,366
119900305,28,192,-164
119900306,32,7,25
119900307,182,222,-40
119900308,10,39,-29
119900309,53,140,-87
119900310,380,346,34
119900311,74,150,-76
119900312,113,138,-25
119900313,326,421,-95
119900314,194,561,-367
119900315,1623,2650,-1027
119900318,19,36,-17
119900319,5,366,-361
119900320,225,663,-438
119900321,73,1,72
119900322,43,117,-74
119900323,8,204,-196
119900324,0,78,-78
119900325,121,321,-200
119900326,87,143,-56
120000001,7008,13424,-6416
120000002,3037,3169,-132
120000003,4037,1920,2117
120000004,3199,2452,747
120000005,4574,2366,2208
120000006,1313,1494,-181
120000007,3927,3333,594
120000008,1258,1579,-321
120000009,3731,1152,2579
120000010,2084,3014,-930
120000011,1400,2153,-753
120000012,1594,3093,-1499
120000013,3191,3149,42
120000014,820,1679,-859
120000015,2821,1774,1047
120000016,3521,2351,1170
120000017,3702,2653,1049
120000018,4314,10613,-6299
120000019,1076,1550,-474
120000020,3443,3387,56
120000021,1833,2428,-595
120000022,3375,4073,-698
120000023,1114,1835,-721
120000024,1715,2644,-929
120000025,2643,2381,262
120000026,1989,2040,-51
120000027,2134,2273,-139
120000028,1227,942,285
120000029,6292,1178,5114
120000030,1503,1402,101
120000031,2719,9334,-6615
120000032,9403,5133,4270
120000033,5346,2647,2699
120000034,1783,2306,-523
120000035,1922,2350,-428
120000036,3229,5626,-2397
120000037,799,1575,-776
120000038,7567,4308,3259
120000039,732,1040,-308
120000040,432,382,50
120000041,2200,1787,413
120000042,2633,2995,-362
120000043,5216,2198,3018
120000044,5039,2130,2909
120000045,5345,1484,3861
120000046,2976,3186,-210
120000047,1425,4939,-3514
120000048,7924,4918,3006
120000049,3133,3142,-9
120000050,4754,4513,241
120000051,3313,5020,-1707
120000052,9368,2797,6571
120000053,1301,3053,-1752
120000054,1682,4774,-3092
120000055,2233,5426,-3193
120000056,4586,4117,469
120000057,3154,920,2234
120000058,4249,786,3463
120000059,63,1848,-1785
120000061,152,653,-501
120000062,272,346,-74
120000063,1757,2872,-1115
120000064,310,1400,-1090
120000065,764,1984,-1220
120000066,403,712,-309
120000067,108,643,-535
120000068,199,1041,-842
120000069,688,1452,-764
120000070,65,806,-741
120000071,412,166,246
120000072,647,498,149
120000073,828,139,689
120000074,369,159,210
120000075,1001,377,624
120000076,1994,519,1475
120000077,2068,681,1387
120000078,3518,1246,2272
120000079,284,186,98
120000080,173,215,-42
120000081,329,139,190
120000082,168,219,-51
120000083,121,546,-425
120000084,399,505,-106
120000085,342,444,-102
120000086,337,624,-287
120000087,134,741,-607
120000088,831,1457,-626
120000089,1203,898,305
120000090,757,702,55
120000091,951,1269,-318
120000092,1517,772,745
120000093,399,575,-176
120000094,182,802,-620
120000095,1461,706,755
120000096,319,1027,-708
120000098,1306,1234,72
120000099,583,1018,-435
120000100,950,1095,-145
120000101,538,556,-18
120000102,560,884,-324
120000103,1687,925,762
120000104,1818,602,1216
120000105,3115,871,2244
120000106,2616,855,1761
120000107,3591,820,2771
120000108,1456,184,1272
120000109,1255,94,1161
120000110,98,1114,-1016
120000111,566,1347,-781
120000112,929,3489,-2560
120000113,963,2566,-1603
120000114,1166,3158,-1992
120000115,380,2620,-2240
120000116,981,2225,-1244
120000117,1258,1709,-451
120000118,51,25,26
120000119,36,77,-41
120000120,95,66,29
120000121,46,69,-23
120000122,263,375,-112
120000123,6083,5121,962
120000124,423,493,-70
120000125,508,768,-260
120000126,417,924,-507
120000127,3444,967,2477
120000128,4317,4289,28
120000129,335,357,-22
120000130,985,678,307
120000131,317,791,-474
120000134,537,1474,-937
120000135,598,852,-254
120000137,337,1671,-1334
120000138,810,694,116
120000139,354,864,-510
120000140,878,724,154
120000141,1758,586,1172
120000142,1373,724,649
120000143,0,155,-155
120000144,132,2,130
120000145,355,2,353
120000146,1371,1067,304
120000149,771,1475,-704
120000150,3815,13627,-9812
120000151,440,574,-134
120000152,617,241,376
120000153,360,658,-298
120000154,513,441,72
120000155,105,258,-153
120000156,1055,1102,-47
120000157,1080,870,210
120000158,932,1048,-116
120000159,2342,2744,-402
120000160,2717,1520,1197
120000161,2140,2557,-417
120000162,113,310,-197
120000163,689,1800,-1111
120000164,503,658,-155
120000165,541,1062,-521
120000166,1340,777,563
120000167,133,175,-42
120000168,53,565,-512
120000169,97,1330,-1233
120000170,236,777,-541
120000171,58,331,-273
120000172,92,190,-98
120000173,4307,1424,2883
120000174,769,57,712
120000175,466,44,422
120000176,543,50,493
120000177,2184,219,1965
120000178,266,34,232
120000179,515,73,442
120000180,1671,168,1503
120000181,394,1008,-614
120000182,150,514,-364
120000183,36,363,-327
120000184,209,1418,-1209
120000186,122,405,-283
120000187,56,183,-127
120000188,216,353,-137
120000190,1926,68,1858
120000191,1799,125,1674
120000192,1917,73,1844
120000193,896,16,880
120000195,211,24,187
120000196,758,89,669
120000197,204,187,17
120000198,188,126,62
120000199,120,2,118
120000200,149,0,149
120000201,16,30,-14
120000202,2,42,-40
120000203,38,263,-225
120000207,2,99,-97
120000208,10,256,-246
120000209,5,109,-104
120000210,88,161,-73
120000211,167,3,164
120000212,187,0,187
120000213,150,413,-263
120000214,1,395,-394
120000215,3,192,-189
120000216,88,14,74
120000217,894,1219,-325
120000218,248,747,-499
120000219,9,507,-498
120000220,38,1999,-1961
120000225,1782,3,1779
120000226,404,2,402
120000227,842,54,788
120000228,9118,3877,5241
120000230,340,21,319
120000231,1343,2436,-1093
120000233,290,2,288
120000235,236,689,-453
120000236,921,9,912
120000237,3,1475,-1472
120000238,20,1088,-1068
120000241,1551,3762,-2211
120000412,1283,29,1254
120000413,275,295,-20
120000414,105,2,103
120000415,9,164,-155
120000416,182,14,168
120000417,36,113,-77
120000418,144,21,123
120000419,19,391,-372
120000420,66,28,38
120000421,12364,6746,5618
120000422,183,1157,-974
120000423,4,58,-54
120000424,89,146,-57
120000436,182,646,-464
120000437,156,189,-33
120000438,3083,335,2748
120000439,250,590,-340
120000443,284,1,283
120000444,1439,597,842
120000445,1836,1130,706
120000446,799,264,535
120000447,208,9,199
120000449,124,11,113
120000450,5,250,-245
120000451,219,243,-24
120000452,120,3,117
120000453,2,440,-438
120000454,63,69,-6
120000455,108,54,54
120000456,2669,3875,-1206
120000457,1529,636,893
120000458,665,777,-112
120000459,99,67,32
120000665,1920,300,1620
120000668,183,681,-498
120000669,60,189,-129
120000670,378,595,-217
120000671,1353,474,879
120000672,114,559,-445
120900001,89,143,-54
120900002,553,747,-194
120900003,343,40,303
120900004,17,71,-54
120900005,112,1231,-1119
120900006,469,289,180
120900007,185,134,51
120900008,277,1455,-1178
120900009,829,110,719
120900010,562,124,438
120900011,350,214,136
120900012,543,1404,-861
120900013,417,114,303
120900014,22,732,-710
120900015,1140,152,988
120900016,844,85,759
120900017,2820,128,2692
120900018,147,593,-446
120900019,757,384,373
120900020,977,1685,-708
120900021,761,284,477
120900022,67,483,-416
120900023,388,47,341
120900024,2654,744,1910
120900025,1839,1191,648
120900026,429,382,47
120900027,1026,39,987
120900028,398,105,293
120900029,220,489,-269
120900030,1264,914,350
120900031,258,131,127
120900032,987,130,857
120900033,1185,110,1075
120900034,28,3000,-2972
120900035,49,230,-181
120900037,257,7,250
120900038,83,224,-141
120900039,92,50,42
120900040,365,7,358
120900041,165,31,134
120900042,523,65,458
120900043,178,42,136
120900044,17,497,-480
120900045,174,202,-28
120900046,444,3,441
120900047,221,110,111
120900048,120,38,82
120900049,467,3,464
120900050,2884,1537,1347
120900051,355,179,176
120900052,732,16,716
120900053,300,205,95
120900054,2262,889,1373
120900055,387,3,384
120900056,543,30,513
120900057,140,17,123
120900058,493,4,489
120900059,104,2,102
120900060,81,67,14
120900061,321,379,-58
120900062,245,2,243
120900063,582,10,572
120900064,558,4,554
120900065,543,3,540
120900066,485,449,36
120900067,169,62,107
120900068,274,0,274
120900069,232,76,156
120900071,48,2,46
120900072,697,3,694
120900073,529,249,280
120900074,521,37,484
120900076,426,1,425
120900077,3929,383,3546
120900078,752,757,-5
120900079,653,123,530
120900080,688,2015,-1327
120900081,952,885,67
120900082,764,530,234
120900083,142,1,141
120900084,266,431,-165
120900085,108,156,-48
120900086,169,360,-191
120900087,469,416,53
120900088,192,412,-220
120900089,3900,2752,1148
120900090,259,192,67
120900091,744,857,-113
120900092,1724,776,948
120900093,2976,237,2739
120900094,696,216,480
120900095,591,48,543
120900096,50,294,-244
120900097,844,905,-61
120900098,327,278,49
120900099,119,100,19
120900100,246,359,-113
120900101,907,384,523
120900102,74,173,-99
120900103,81,244,-163
120900104,34,68,-34
120900105,87,700,-613
120900106,1669,657,1012
120900107,293,180,113
120900108,10,693,-683
120900109,72,845,-773
120900110,24,1131,-1107
120900111,229,376,-147
120900112,36,970,-934
120900113,16,1080,-1064
120900114,62,209,-147
120900115,225,275,-50
120900116,341,548,-207
120900117,1,658,-657
120900118,22,879,-857
120900119,5337,8184,-2847
120900120,120,643,-523
120900121,401,667,-266
120900122,507,693,-186
120900123,5,502,-497
120900124,6,651,-645
120900125,7,835,-828
120900126,2042,1469,573
120900127,14,648,-634
120900128,1508,1856,-348
120900129,75,404,-329
120900130,23,517,-494
120900131,63,157,-94
120900132,1117,361,756
120900133,330,1161,-831
120900134,929,529,400
120900135,19,741,-722
120900136,108,170,-62
120900137,260,155,105
120900138,36,253,-217
120900139,3,763,-760
120900140,10,150,-140
120900141,286,372,-86
120900142,26,657,-631
120900143,5,1062,-1057
120900144,0,214,-214
120900145,712,915,-203
120900146,6,1358,-1352
120900147,6,607,-601
120900148,155,183,-28
120900149,1,317,-316
120900150,52,606,-554
120900151,2,834,-832
120900152,4,50,-46
120900153,46,134,-88
120900154,0,334,-334
120900155,194,1217,-1023
120900156,58,343,-285
120900157,123,311,-188
120900158,50,714,-664
120900159,329,467,-138
120900160,56,948,-892
120900161,166,568,-402
120900162,65,853,-788
120900163,94,871,-777
120900164,1,21,-20
120900165,11,52,-41
120900166,213,496,-283
120900167,604,184,420
120900169,73,442,-369
120900170,1561,2871,-1310
120900171,1398,380,1018
120900172,2697,1167,1530
120900173,1,87,-86
120900174,9,156,-147
120900175,287,207,80
120900176,18,419,-401
120900177,2,1235,-1233
120900178,0,613,-613
120900179,1249,550,699
120900180,155,192,-37
120900181,396,125,271
120900182,39,423,-384
120900183,347,80,267
120900184,298,102,196
120900185,28,484,-456
120900186,3,524,-521
120900187,558,2040,-1482
120900188,225,31,194
120900189,179,1114,-935
120900190,79,12,67
120900191,11,30,-19
120900192,11995,6881,5114
120900194,60,126,-66
120900195,197,370,-173
120900196,979,77,902
120900197,718,197,521
120900198,350,693,-343
120900199,464,519,-55
120900200,104,145,-41
120900201,585,254,331
120900202,2,195,-193
120900203,23,109,-86
120900204,177,281,-104
120900205,65,71,-6
120900206,17,51,-34
120900207,151,1718,-1567
121000001,1008,1227,-219
121000002,2713,1356,1357
121000003,3476,1987,1489
121000004,3146,3566,-420
121000005,2105,2973,-868
121000006,4066,1894,2172
121000007,2860,2987,-127
121000008,5779,3711,2068
121000009,5871,5917,-46
121000010,8848,5788,3060
121000011,9679,12547,-2868
121000012,17541,10708,6833
121000013,5472,7696,-2224
121000014,6607,5960,647
121000015,4305,7214,-2909
121000016,4727,3703,1024
121000017,2449,4572,-2123
121000018,2762,2114,648
121000019,21123,13547,7576
121000020,15843,17074,-1231
121000021,4957,3672,1285
121000022,4019,3612,407
121000023,6083,3317,2766
121000024,5164,5251,-87
121000025,898,1470,-572
121000026,325,156,169
121000027,1693,1252,441
121000028,860,626,234
121000029,1201,847,354
121000030,737,654,83
121000031,772,818,-46
121000032,300,128,172
121000034,610,326,284
121000035,172,145,27
121000036,1300,1046,254
121000037,629,766,-137
121000038,568,871,-303
121000039,396,513,-117
121000041,708,492,216
121000042,524,467,57
121000043,747,598,149
121000044,1545,877,668
121000045,605,380,225
121000046,849,1172,-323
121000047,142,100,42
121000049,1802,659,1143
121000050,380,1211,-831
121000051,792,354,438
121000052,382,717,-335
121000053,652,121,531
121000054,68,379,-311
121000055,1303,1146,157
121000056,847,1149,-302
121000057,410,603,-193
121000058,458,251,207
121000059,2447,1367,1080
121000060,608,951,-343
121000061,116,341,-225
121000062,445,426,19
121000063,793,870,-77
121000064,732,968,-236
121000065,482,622,-140
121000066,708,673,35
121000067,765,598,167
121000068,910,675,235
121000069,1078,1138,-60
121000070,2874,1623,1251
121000071,2234,1633,601
121000072,2709,905,1804
121000073,1504,1122,382
121000074,290,168,122
121000075,94,467,-373
121000076,1640,513,1127
121000077,217,238,-21
121000078,145,209,-64
121000080,2944,790,2154
121000081,4610,3420,1190
121000082,113,310,-197
121000083,226,195,31
121000084,151,174,-23
121000085,314,431,-117
121000086,216,851,-635
121000087,78,417,-339
121000088,632,666,-34
121000089,494,430,64
121000090,513,444,69
121000091,1563,987,576
121000092,201,95,106
121000093,170,250,-80
121000094,657,922,-265
121000095,449,820,-371
121000096,2509,2539,-30
121000097,1135,2223,-1088
121000098,646,1285,-639
121000099,699,931,-232
121000100,1003,556,447
121000101,341,355,-14
121000102,273,479,-206
121000103,290,353,-63
121000104,330,207,123
121000105,674,363,311
121000106,523,425,98
121000107,2131,3582,-1451
121000109,1540,1187,353
121000110,424,705,-281
121000114,2853,2303,550
121000115,1134,822,312
121000116,272,1049,-777
121000117,904,225,679
121000118,1578,256,1322
121000119,436,470,-34
121000120,305,563,-258
121000121,662,1443,-781
121000123,1917,780,1137
121000126,143,303,-160
121000127,197,106,91
121000128,943,531,412
121000129,745,725,20
121000130,568,1150,-582
121000131,3167,2330,837
121000132,2172,2044,128
121000135,582,1027,-445
121000136,2122,1024,1098
121000137,603,388,215
121000138,1443,1195,248
121000139,879,461,418
121000141,259,174,85
121000142,814,960,-146
121000143,186,26,160
121000144,1488,2056,-568
121000145,721,1606,-885
121000146,1308,1071,237
121000147,1010,633,377
121000148,1137,1406,-269
121000149,2091,1428,663
121000152,675,701,-26
121000153,2201,784,1417
121000154,1040,866,174
121000155,1542,1224,318
121000156,505,1023,-518
121000157,1417,2310,-893
121000158,576,645,-69
121000159,195,456,-261
121000160,331,475,-144
121000161,274,317,-43
121000162,100,235,-135
121000165,1848,2036,-188
121000166,36,470,-434
121000168,423,335,88
121000169,60,208,-148
121000170,375,129,246
121000171,110,218,-108
121000172,820,688,132
121000173,1872,1254,618
121000174,453,455,-2
121000175,994,449,545
121000176,386,260,126
121000177,1326,799,527
121000178,158,78,80
121000179,130,84,46
121000181,605,628,-23
121000182,243,232,11
121000183,249,143,106
121000184,129,260,-131
121000185,60,251,-191
121000186,241,669,-428
121000187,223,281,-58
121000188,200,315,-115
121000192,918,536,382
121000193,663,584,79
121000194,2680,2351,329
121000195,392,946,-554
121000196,884,288,596
121000197,282,839,-557
121000198,259,132,127
121000199,168,402,-234
121000200,625,124,501
121000201,5,256,-251
121000202,895,132,763
121000203,1052,2571,-1519
121000204,2904,1082,1822
121000205,255,304,-49
121000206,241,50,191
121000207,2763,455,2308
121000208,17,358,-341
121000209,384,345,39
121000210,507,457,50
121000211,319,187,132
121000212,470,655,-185
121000213,10791,3301,7490
121000214,964,2435,-1471
121000215,1154,1136,18
121000216,629,728,-99
121000217,4682,2503,2179
121000218,527,1612,-1085
121000219,1512,476,1036
121000220,226,53,173
121000221,142,220,-78
121000222,2786,2623,163
121000223,833,459,374
121000224,373,192,181
121000225,1687,1860,-173
121000226,3446,1226,2220
121000227,7,183,-176
121000228,33,627,-594
121000229,262,349,-87
121000230,68,1556,-1488
121000231,951,36,915
121000232,461,301,160
121000233,593,509,84
121000234,33,54,-21
121000235,117,97,20
121000236,10,58,-48
121000237,68,23,45
121000238,12,80,-68
121000239,78,9,69
121000240,10,175,-165
121000241,96,18,78
121000242,70,328,-258
121000243,641,168,473
121000244,17,107,-90
121000245,153,46,107
121000246,1,108,-107
121000247,72,7,65
121000248,1545,484,1061
121000249,167,295,-128
121000250,724,233,491
121000251,53,464,-411
121000252,133,70,63
121000253,420,446,-26
121000254,653,252,401
121000255,255,249,6
121000256,456,231,225
121000257,78,98,-20
121000258,172,100,72
121000259,90,63,27
121000260,292,135,157
121000261,268,60,208
121000262,908,784,124
121000263,824,479,345
121000271,406,1563,-1157
121000273,81,7,74
121000274,6,33,-27
121000275,6,17,-11
121000276,5,16,-11
121000278,39,20,19
121000279,86,18,68
121000280,66,33,33
121000289,224,22,202
121000290,1240,1126,114
121000294,161,196,-35
121000297,1328,1308,20
121000299,262,422,-160
121000300,980,666,314
121000302,90,1504,-1414
121000303,490,661,-171
121000304,563,58,505
121000305,166,76,90
121000306,116,146,-30
121000308,193,390,-197
121000309,457,599,-142
121000310,91,407,-316
121000311,94,985,-891
121000312,382,246,136
121000313,393,540,-147
121000314,182,169,13
121000315,63,134,-71
121000530,1455,1426,29
121000531,1878,1605,273
121000532,7263,8516,-1253
121000533,3320,3788,-468
121000918,65,172,-107
121000919,50,49,1
121000938,251,511,-260
121000939,422,487,-65
121000956,1407,1324,83
121000957,10,17,-7
121000958,109,80,29
121000959,779,1059,-280
121000960,2608,2430,178
121000961,255,152,103
121000962,287,602,-315
121000973,0,177,-177
121000976,42,271,-229
121000979,583,218,365
121000981,389,392,-3
121000982,362,183,179
121000983,505,617,-112
121000984,69,114,-45
121000985,589,560,29
121000986,346,256,90
121000987,293,1060,-767
121000988,760,114,646
121001302,333,128,205
121001308,12,13,-1
121001309,118,106,12
121001313,306,233,73
121001314,2326,3224,-898
121001315,4985,2432,2553
121900001,273,229,44
121900002,50,33,17
121900003,494,12,482
121900004,156,493,-337
121900005,51,6,45
121900006,158,42,116
121900007,2336,2583,-247
121900008,2396,774,1622
121900009,665,25,640
121900010,310,9,301
121900011,544,588,-44
121900012,39,3,36
121900013,1793,128,1665
121900014,1399,457,942
121900015,239,317,-78
121900016,4,40,-36
121900017,1841,549,1292
121900018,376,19,357
121900019,550,281,269
121900020,29,2,27
121900021,974,35,939
121900022,318,283,35
121900023,158,467,-309
121900024,407,134,273
121900025,757,396,361
121900026,363,84,279
121900027,446,225,221
121900028,316,18,298
121900029,91,226,-135
121900030,527,662,-135
121900031,1160,6206,-5046
121900032,130,136,-6
121900033,219,190,29
121900034,345,72,273
121900035,3364,2652,712
121900036,71,273,-202
121900037,226,869,-643
121900038,51,175,-124
121900039,421,85,336
121900040,88,104,-16
121900041,155,176,-21
121900042,369,145,224
121900043,13,15,-2
121900044,211,62,149
121900046,354,408,-54
121900047,228,77,151
121900048,86,157,-71
121900050,31,63,-32
121900051,166,214,-48
121900052,138,50,88
121900053,931,380,551
121900054,727,1094,-367
121900055,11,27,-16
121900058,217,269,-52
121900059,577,224,353
121900060,194,408,-214
121900061,264,222,42
121900062,230,130,100
121900063,1548,448,1100
121900064,316,718,-402
121900066,78,49,29
121900067,100,85,15
121900069,220,154,66
121900070,347,122,225
121900071,501,539,-38
121900072,62,165,-103
121900073,364,240,124
121900074,1040,1198,-158
121900075,526,489,37
121900076,436,752,-316
121900077,14,37,-23
121900078,175,51,124
121900079,0,1,-1
121900080,1364,600,764
121900082,69,128,-59
121900084,25,192,-167
121900085,5,21,-16
121900086,15,65,-50
121900087,223,129,94
121900088,2286,3103,-817
121900089,186,516,-330
121900090,144,159,-15
121900091,78,141,-63
121900092,172,120,52
121900093,90,119,-29
121900094,16,5,11
121900095,230,190,40
121900096,1446,1150,296
121900097,560,486,74
121900098,9,16,-7
121900099,196,87,109
121900100,336,537,-201
121900101,303,205,98
121900102,14,232,-218
121900103,590,318,272
121900104,1509,387,1122
121900105,298,302,-4
121900106,8,8,0
121900107,48,48,0
121900108,4,27,-23
121900109,304,173,131
121900110,629,1075,-446
121900111,1187,215,972
121900112,221,190,31
121900113,90,404,-314
121900114,91,103,-12
121900117,433,127,306
121900118,2403,860,1543
121900119,280,122,158
121900120,89,1456,-1367
121900121,543,52,491
121900122,32,109,-77
121900123,254,460,-206
121900124,199,169,30
121900125,1973,1187,786
121900127,19,129,-110
121900128,88,170,-82
121900129,665,214,451
121900130,131,309,-178
121900131,375,99,276
121900132,58,141,-83
121900133,140,954,-814
121900134,42,228,-186
121900135,2948,508,2440
121900136,1265,367,898
121900137,61,442,-381
121900138,142,270,-128
121900139,432,578,-146
121900140,91,349,-258
121900141,95,74,21
121900142,206,274,-68
121900143,66,221,-155
121900144,177,265,-88
121900145,255,411,-156
121900146,662,1130,-468
121900147,75,194,-119
121900148,238,377,-139
121900149,461,883,-422
121900150,88,151,-63
121900151,128,235,-107
121900152,73,183,-110
121900153,151,878,-727
121900154,22,269,-247
121900155,4,224,-220
121900156,265,207,58
121900157,2,429,-427
121900158,137,137,0
121900159,1,276,-275
121900160,38,365,-327
121900161,496,462,34
121900162,93,228,-135
121900163,276,1130,-854
121900164,602,282,320
121900165,663,204,459
121900166,159,177,-18
121900167,143,130,13
121900168,186,334,-148
121900169,5,264,-259
121900170,12,233,-221
121900171,998,772,226
121900172,884,378,506
121900173,1154,266,888
121900174,44,89,-45
121900175,412,342,70
121900176,601,1645,-1044
121900177,285,90,195
121900178,38,68,-30
121900179,618,224,394
121900180,4724,4180,544
121900182,684,393,291
121900183,899,1180,-281
121900184,137,805,-668
121900186,13,424,-411
121900187,58,236,-178
121900188,681,531,150
121900189,65,136,-71
121900190,404,572,-168
121900191,130,160,-30
121900192,405,786,-381
121900193,88,225,-137
121900194,11,205,-194
121900195,85,138,-53
121900196,1220,1230,-10
121900197,482,1770,-1288
121900198,1260,1029,231
121900199,3,21,-18
121900200,169,356,-187
121900201,1277,866,411
121900202,245,783,-538
121900203,265,1012,-747
121900204,1062,1656,-594
121900205,18,147,-129
121900206,34,57,-23
121900207,142,50,92
121900208,215,374,-159
121900209,80,48,32
121900210,1281,1177,104
121900211,28,104,-76
121900212,266,161,105
121900213,203,108,95
121900214,19,580,-561
121900215,77,140,-63
121900216,62,250,-188
121900217,299,216,83
121900218,230,455,-225
121900220,199,17,182
121900221,308,725,-417
121900222,208,261,-53
121900223,183,74,109
121900224,98,57,41
121900225,103,132,-29
121900226,317,1119,-802
121900227,405,793,-388
121900228,254,489,-235
121900230,157,374,-217
121900231,583,2370,-1787
121900232,393,534,-141
121900233,268,309,-41
121900234,278,364,-86
121900235,440,218,222
121900236,477,243,234
121900237,184,256,-72
121900238,180,394,-214
121900239,715,50,665
121900240,320,179,141
121900241,68,77,-9
121900242,15,3,12
121900243,16,1,15
121900244,85,2,83
121900245,218,82,136
121900246,2167,307,1860
121900247,710,277,433
121900248,1802,1586,216
121900250,287,312,-25
121900251,432,77,355
121900252,622,189,433
121900253,125,732,-607
121900254,555,310,245
121900255,370,133,237
121900258,3519,2404,1115
121900259,498,670,-172
121900260,160,213,-53
121900261,272,758,-486
121900262,538,1088,-550
121900263,451,363,88
121900264,2375,1674,701
121900265,349,316,33
121900266,572,206,366
121900267,105,46,59
121900269,347,900,-553
121900270,39,263,-224
121900271,58,214,-156
121900273,477,1966,-1489
121900274,262,352,-90
121900277,696,1402,-706
121900278,134,1107,-973
121900279,186,249,-63
121900280,136,363,-227
121900281,654,589,65
121900284,133,11,122
121900286,343,119,224
121900287,17,33,-16
121900288,10,2,8
121900290,331,420,-89
121900291,522,705,-183
121900292,145,138,7
121900293,1296,2857,-1561
121900294,349,4,345
121900295,176,309,-133
121900296,86,228,-142
121900298,302,747,-445
121900299,0,18,-18
121900300,273,7,266
121900301,76,13,63
121900302,7,73,-66
121900303,410,431,-21
121900304,2,71,-69
121900305,3,24,-21
121900306,275,2,273
121900307,94,35,59
121900308,36,385,-349
121900309,18,341,-323
121900310,67,487,-420
121900311,475,19,456
121900312,352,15,337
121900313,361,30,331
121900314,17,78,-61
121900315,21,2,19
121900316,0,12,-12
121900317,22,10,12
121900318,0,21,-21
121900319,28,154,-126
121900320,40,78,-38
121900321,8,9,-1
121900322,20,12,8
121900323,28,28,0
121900324,5,60,-55
121900325,22,11,11
121900326,11,13,-2
121900327,7,103,-96
121900328,2,30,-28
121900329,1,259,-258
121900330,1,85,-84
121900331,46,36,10
121900332,100,56,44
121900333,24,0,24
122000001,2491,5052,-2561
122000002,4580,2013,2567
122000003,2339,2895,-556
122000004,3253,1776,1477
122000005,2839,1805,1034
122000006,1870,909,961
122000007,1177,1916,-739
122000008,4450,5373,-923
122000009,453,380,73
122000010,2295,2816,-521
122000011,3818,1495,2323
122000012,1384,1452,-68
122000013,1766,980,786
122000014,1756,1322,434
122000015,1682,1306,376
122000016,772,1074,-302
122000017,1320,1122,198
122000018,1554,1398,156
122000019,832,1265,-433
122000020,241,220,21
122000021,340,524,-184
122000022,1340,1177,163
122000023,734,1746,-1012
122000024,1010,1358,-348
122000025,1532,1783,-251
122000026,1327,1048,279
122000027,631,2494,-1863
122000028,1056,538,518
122000029,572,505,67
122000030,483,157,326
122000031,456,303,153
122000032,1883,2295,-412
122000033,796,1451,-655
122000034,861,745,116
122000035,399,842,-443
122000036,563,639,-76
122000037,388,232,156
122000038,254,403,-149
122000039,549,401,148
122000040,332,371,-39
122000041,639,627,12
122000042,435,551,-116
122000043,120,114,6
122000044,143,149,-6
122000045,1327,536,791
122000046,920,809,111
122000047,324,258,66
122000048,4922,5069,-147
122000049,6865,3605,3260
122000050,1779,842,937
122000051,431,292,139
122000052,653,394,259
122000053,226,875,-649
122000054,2694,2163,531
122000055,2433,3311,-878
122000056,5503,3894,1609
122000057,3941,3832,109
122000058,2924,1334,1590
122000059,3454,1873,1581
122000060,697,689,8
122000061,567,544,23
122000062,1395,427,968
122000063,1541,776,765
122000064,3546,2830,716
122000065,4338,2564,1774
122000066,1281,1033,248
122000067,1706,1332,374
122000068,1596,1260,336
122000069,782,693,89
122000070,1228,1923,-695
122000071,1657,1493,164
122000072,437,467,-30
122000073,456,764,-308
122000074,2869,1712,1157
122000075,1137,1299,-162
122000076,2448,1249,1199
122000077,1461,826,635
122000078,2590,2677,-87
122000079,1870,1344,526
122000080,1014,419,595
122000081,254,401,-147
122000082,933,923,10
122000083,1593,2245,-652
122000084,1726,913,813
122000085,386,1229,-843
122000086,2389,5081,-2692
122000087,516,232,284
122000088,491,524,-33
122000089,5735,2616,3119
122000090,341,565,-224
122000091,169,111,58
122000092,203,33,170
122000093,1969,1620,349
122000094,6515,2663,3852
122000095,3224,4081,-857
122000096,2635,2080,555
122000098,3594,2379,1215
122000099,2186,639,1547
122000100,1022,533,489
122000101,455,730,-275
122000102,2215,1414,801
122000103,2375,2019,356
122000104,524,248,276
122000105,951,385,566
122000106,470,690,-220
122000107,1217,486,731
122000108,536,800,-264
122000109,535,281,254
122000110,577,664,-87
122000111,2871,1479,1392
122000112,996,1472,-476
122000113,689,694,-5
122000114,3318,1433,1885
122000115,2087,1296,791
122000116,778,570,208
122000117,2334,573,1761
122000118,652,1152,-500
122000119,3775,3120,655
122000120,2142,5782,-3640
122000121,2272,4227,-1955
122000122,1065,2522,-1457
122000123,2065,2234,-169
122000124,1207,702,505
122000125,811,841,-30
122000126,728,1477,-749
122000127,1159,2068,-909
122000128,597,917,-320
122000129,763,1366,-603
122000130,3539,1690,1849
122000131,1480,1725,-245
122000132,635,821,-186
122000133,1120,2147,-1027
122000134,971,952,19
122000135,816,1137,-321
122000136,934,797,137
122000137,1701,1374,327
122000139,1487,3332,-1845
122000140,1192,631,561
122000141,5608,1082,4526
122000142,717,1053,-336
122000143,642,503,139
122000144,1407,1700,-293
122000145,1692,791,901
122000146,2195,1219,976
122000147,742,523,219
122000148,2679,2364,315
122000149,2366,2058,308
122000150,1302,1070,232
122000151,214,437,-223
122000152,307,494,-187
122000153,433,359,74
122000154,300,346,-46
122000155,1773,2579,-806
122000156,2667,2647,20
122000157,1966,2169,-203
122000158,404,786,-382
122000159,913,1945,-1032
122000160,3683,2877,806
122000161,1113,1218,-105
122000162,2547,2011,536
122000163,304,105,199
122000164,38,106,-68
122000165,1244,813,431
122000166,1281,983,298
122000167,319,244,75
122000168,250,612,-362
122000169,470,178,292
122000170,448,258,190
122000171,63,98,-35
122000172,1742,1727,15
122000173,1748,2349,-601
122000174,2565,1036,1529
122000175,1241,308,933
122000176,507,833,-326
122000177,1581,1668,-87
122000178,2938,2433,505
122000179,1795,2789,-994
122000180,2035,1418,617
122000181,2107,3037,-930
122000182,1985,1646,339
122000183,2093,1110,983
122000184,3425,2296,1129
122000185,1870,1776,94
122000186,542,834,-292
122000187,1985,1035,950
122000188,562,238,324
122000189,337,366,-29
122000190,1102,1079,23
122000191,1001,708,293
122000192,1241,429,812
122000193,511,882,-371
122000194,500,222,278
122000195,163,588,-425
122000196,1583,826,757
122000197,647,953,-306
122000198,611,1058,-447
122000199,434,400,34
122000200,1313,680,633
122000201,1798,1669,129
122000202,1372,1417,-45
122000203,4360,1584,2776
122000204,1937,2346,-409
122000205,1636,1822,-186
122000206,2266,1091,1175
122000207,2132,1641,491
122000208,2342,1630,712
122000209,1934,358,1576
122000210,2197,1921,276
122000211,1632,1380,252
122000212,811,561,250
122000213,1299,1389,-90
122000214,2321,1816,505
122000215,2077,1789,288
122000217,2475,1477,998
122000218,910,72,838
122000219,1552,958,594
122000220,504,780,-276
122000221,102,465,-363
122000222,585,151,434
122000223,1835,594,1241
122000225,879,361,518
122000226,2876,2054,822
122000227,410,2477,-2067
122000228,638,473,165
122000229,92,625,-533
122000230,620,667,-47
122000231,955,1019,-64
122000232,876,1466,-590
122000233,2,149,-147
122000234,373,175,198
122000235,671,188,483
122000236,1037,154,883
122000237,339,108,231
122000238,986,326,660
122000239,1329,176,1153
122000240,1374,836,538
122000241,1571,647,924
122000242,1048,217,831
122000243,180,66,114
122000244,41,393,-352
122000245,62,152,-90
122000246,95,141,-46
122000247,1185,437,748
122000248,1263,1636,-373
122000249,2404,1091,1313
122000250,2499,1275,1224
122000251,431,523,-92
122000252,727,314,413
122000253,104,355,-251
122000254,362,202,160
122000255,1088,2116,-1028
122000256,615,1213,-598
122000257,217,348,-131
122000258,386,315,71
122000259,45,606,-561
122000260,10,77,-67
122000261,20,227,-207
122000262,5,47,-42
122000263,428,166,262
122000264,1266,453,813
122000265,2463,1079,1384
122000266,4627,832,3795
122000267,243,193,50
122000268,169,623,-454
122000269,978,512,466
122000270,824,198,626
122000271,407,1346,-939
122000272,424,1109,-685
122000273,433,475,-42
122000274,246,268,-22
122000275,190,249,-59
122000276,764,803,-39
122000277,1500,1615,-115
122000278,2017,1142,875
122000279,326,591,-265
122000280,1245,968,277
122000281,934,1052,-118
122000282,322,319,3
122000283,607,209,398
122000284,298,147,151
122000285,527,115,412
122000286,125,207,-82
122000287,1275,1669,-394
122000288,551,321,230
122000291,2044,857,1187
122000293,459,344,115
122000294,176,242,-66
122000295,2083,263,1820
122000296,107,611,-504
122000297,3139,2959,180
122000299,514,494,20
122000300,623,649,-26
122000301,12422,3737,8685
122000302,931,1344,-413
122000303,4103,1497,2606
122000304,140,340,-200
122000305,1135,313,822
122000306,35,945,-910
122000307,263,162,101
122000309,120,64,56
122000310,32,94,-62
122000311,265,138,127
122000312,141,166,-25
122000313,123,81,42
122000314,129,242,-113
122000315,195,67,128
122000316,711,264,447
122000317,1322,286,1036
122000318,317,817,-500
122000319,343,518,-175
122000320,400,1503,-1103
122000321,128,270,-142
122000322,2704,2511,193
122000323,1734,2365,-631
122000324,1257,1178,79
122000325,1596,1571,25
122000326,69,139,-70
122000327,538,789,-251
122000328,905,723,182
122000330,2205,796,1409
122000332,309,435,-126
122000333,9,118,-109
122000337,1085,1752,-667
122000338,530,592,-62
122000340,443,516,-73
122000342,2353,1102,1251
122000343,518,1361,-843
122000344,59,19,40
122000345,51,39,12
122000346,516,619,-103
122000348,922,943,-21
122000349,162,963,-801
122000351,119,248,-129
122000352,478,192,286
122000353,92,116,-24
122000355,197,348,-151
122000356,1637,1277,360
122000357,144,36,108
122000358,1,77,-76
122000359,0,49,-49
122000360,1,80,-79
122000362,13,87,-74
122000364,186,461,-275
122000365,6,61,-55
122000366,19,9,10
122000368,500,807,-307
122000370,61,60,1
122000371,24,2,22
122000372,8,2,6
122000381,111,372,-261
122000382,110,298,-188
122000384,4061,1374,2687
122000385,110,1,109
122000386,486,1271,-785
122000387,579,773,-194
122000388,1650,675,975
122000389,171,678,-507
122000390,494,317,177
122000391,399,327,72
122000392,603,275,328
122000393,70,203,-133
122000394,676,465,211
122000395,244,229,15
122000396,295,159,136
122000397,75,56,19
122000398,86,73,13
122000399,167,90,77
122000400,161,484,-323
122000401,179,100,79
122000402,269,113,156
122000403,480,989,-509
122000404,146,262,-116
122000408,969,1349,-380
122000503,13,156,-143
122000524,693,167,526
122000544,152,2429,-2277
122000616,337,3,334
122000640,83,135,-52
122000641,110,369,-259
122000642,1155,1415,-260
122000643,49,181,-132
122000644,216,52,164
122000645,138,188,-50
122000651,1826,903,923
122000664,161,39,122
122000665,1427,657,770
122000666,732,1270,-538
122000673,32,307,-275
122000674,115,62,53
122000675,1925,1263,662
122000686,878,1303,-425
122000687,1728,485,1243
122000688,418,849,-431
122000689,744,493,251
122000690,2309,571,1738
122000691,1880,1919,-39
122000692,1780,582,1198
122000693,574,2469,-1895
122000695,336,524,-188
122000696,332,347,-15
122000698,358,1058,-700
122000699,255,170,85
122000701,1267,390,877
122000702,563,1345,-782
122000703,150,90,60
122000717,226,68,158
122000718,459,830,-371
122000719,150,103,47
122000720,458,248,210
122000724,291,23,268
122900001,61,8,53
122900002,1538,4650,-3112
122900003,462,64,398
122900004,1135,77,1058
122900005,134,69,65
122900006,1576,501,1075
122900007,419,103,316
122900008,938,109,829
122900009,935,442,493
122900010,334,153,181
122900012,256,478,-222
122900014,230,401,-171
122900015,2277,1075,1202
122900016,126,380,-254
122900017,511,1021,-510
122900018,205,32,173
122900019,27,201,-174
122900020,417,450,-33
122900021,76,698,-622
122900022,1008,826,182
122900023,574,345,229
122900024,198,183,15
122900025,8,326,-318
122900026,115,455,-340
122900027,74,885,-811
122900028,158,262,-104
122900029,4722,3310,1412
122900030,1198,635,563
122900031,106,290,-184
122900032,163,409,-246
122900033,259,192,67
122900034,5244,5203,41
122900035,47,19,28
122900036,73,135,-62
122900037,398,156,242
122900038,214,2877,-2663
122900039,145,600,-455
122900040,318,569,-251
122900041,423,373,50
122900042,221,365,-144
122900043,494,270,224
122900044,119,408,-289
122900045,136,150,-14
122900046,321,235,86
122900047,198,236,-38
122900048,90,255,-165
122900049,1934,164,1770
122900051,125,189,-64
122900052,87,197,-110
122900053,40,47,-7
122900055,630,225,405
122900057,225,109,116
122900061,513,314,199
122900062,617,814,-197
122900063,157,418,-261
122900064,1222,467,755
122900065,539,332,207
122900066,800,432,368
122900067,1768,1022,746
122900068,462,413,49
122900069,478,1908,-1430
122900070,401,98,303
122900071,165,428,-263
122900072,30,578,-548
122900073,107,242,-135
122900074,901,854,47
122900075,0,79,-79
122900076,2,171,-169
122900077,2,186,-184
122900078,211,129,82
122900080,97,71,26
122900081,241,270,-29
122900082,800,686,114
122900083,210,462,-252
122900084,9,298,-289
122900086,22,125,-103
122900087,323,752,-429
122900088,67,193,-126
122900089,73,303,-230
122900090,14,549,-535
122900091,193,5,188
122900092,1,221,-220
122900093,0,410,-410
122900094,9,273,-264
122900095,177,19,158
122900096,475,243,232
122900097,34,45,-11
122900098,212,173,39
122900099,91,26,65
122900100,417,250,167
122900101,539,282,257
122900102,50,124,-74
122900103,125,11,114
122900104,175,23,152
122900105,13,22,-9
122900106,17,117,-100
122900107,10,219,-209
122900108,7,166,-159
123000001,1656,424,1232
123000002,4295,5144,-849
123000003,3736,3772,-36
123000004,3130,4175,-1045
123000005,2582,2765,-183
123000006,2488,2896,-408
123000007,4608,2763,1845
123000008,3386,3627,-241
123000009,4750,3072,1678
123000010,3815,3464,351
123000011,2717,828,1889
123000012,927,2177,-1250
123000013,3642,925,2717
123000014,1207,3350,-2143
123000015,4582,1182,3400
123000016,5272,4601,671
123000017,3121,1815,1306
123000018,78,145,-67
123000019,338,338,0
123000020,212,182,30
123000021,96,239,-143
123000022,421,1861,-1440
123000023,1536,1625,-89
123000024,1426,647,779
123000025,255,191,64
123000026,470,133,337
123000027,259,559,-300
123000028,2087,422,1665
123000029,1626,1177,449
123000030,287,535,-248
123000031,245,344,-99
123000032,385,194,191
123000033,209,71,138
123000034,1199,976,223
123000035,374,466,-92
123000036,309,1038,-729
123000037,329,525,-196
123000038,137,216,-79
123000039,408,1394,-986
123000040,890,436,454
123000041,1357,1197,160
123000042,1487,774,713
123000043,3552,8626,-5074
123000044,5330,2788,2542
123000045,8997,3227,5770
123000046,973,1728,-755
123000047,2638,1094,1544
123000048,95,761,-666
123000049,7759,9936,-2177
123000050,1331,1522,-191
123000051,117,237,-120
123000052,879,3435,-2556
123000053,2731,3490,-759
123000054,1488,1754,-266
123000055,1581,2458,-877
123000056,1515,2390,-875
123000057,15236,7875,7361
123000058,696,1080,-384
123000059,520,687,-167
123000060,932,602,330
123000061,380,840,-460
123000063,857,1013,-156
123000064,1157,418,739
123000065,9255,3223,6032
123000066,891,708,183
123000067,894,738,156
123000068,3387,3378,9
123000069,7283,4152,3131
123000070,348,823,-475
123000071,1090,1105,-15
123000072,1165,1294,-129
123000073,1137,708,429
123000074,1080,1442,-362
123000075,331,1107,-776
123000076,1519,800,719
123000077,2229,3221,-992
123000078,1549,1736,-187
123000079,1501,2026,-525
123000080,2523,2308,215
123000081,166,479,-313
123000082,440,1350,-910
123000083,946,259,687
123000084,604,535,69
123000085,268,120,148
123000086,492,281,211
123000087,486,417,69
123000088,2322,1112,1210
123000089,527,1176,-649
123000090,1279,1053,226
123000091,1611,1483,128
123000092,1108,1252,-144
123000094,481,348,133
123000095,698,764,-66
123000096,693,495,198
123000097,530,963,-433
123000098,850,765,85
123000099,662,867,-205
123000100,632,924,-292
123000101,666,707,-41
123000102,767,744,23
123000104,474,465,9
123000105,704,535,169
123000106,439,414,25
123000107,447,497,-50
123000108,868,1089,-221
123000111,989,424,565
123000112,1196,715,481
123000113,613,1569,-956
123000114,506,600,-94
123000115,341,331,10
123000116,50,130,-80
123000117,2855,2307,548
123000118,486,1077,-591
123000119,314,968,-654
123000120,622,908,-286
123000121,528,573,-45
123000122,420,278,142
123000123,487,578,-91
123000124,591,494,97
123000125,1163,1089,74
123000126,1338,3923,-2585
123000127,851,686,165
123000128,364,295,69
123000129,601,248,353
123000130,645,108,537
123000131,853,714,139
123000132,375,707,-332
123000133,294,382,-88
123000134,356,225,131
123000135,2210,1365,845
123000136,263,853,-590
123000137,138,327,-189
123000138,113,486,-373
123000139,492,112,380
123000140,224,928,-704
123000141,920,180,740
123000142,1134,1330,-196
123000143,1304,2033,-729
123000144,124,46,78
123000145,369,161,208
123000146,66,97,-31
123000147,125,120,5
123000149,412,513,-101
123000150,189,273,-84
123000151,403,575,-172
123000152,244,487,-243
123000153,517,809,-292
123000154,2011,2080,-69
123000155,2520,1286,1234
123000156,48,164,-116
123000157,579,990,-411
123000158,697,733,-36
123000159,3750,2682,1068
123000160,1038,894,144
123000161,1688,1372,316
123000162,992,1887,-895
123000163,668,147,521
123000164,1644,404,1240
123000165,582,2040,-1458
123000166,62,213,-151
123000167,159,352,-193
123000168,321,309,12
123000169,804,160,644
123000170,66,254,-188
123000171,729,23,706
123000172,517,680,-163
123000173,689,300,389
123000174,1063,437,626
123000175,1422,1415,7
123000176,1325,350,975
123000177,1003,1300,-297
123000178,878,178,700
123000179,73,726,-653
123000180,1666,416,1250
123000181,426,1690,-1264
123000182,268,632,-364
123000183,175,529,-354
123000184,356,859,-503
123000185,795,406,389
123000186,2,718,-716
123000187,612,15,597
123000188,226,1,225
123000189,270,242,28
123000190,73,92,-19
123000192,30,650,-620
123000193,64,1175,-1111
123000194,529,428,101
123000195,370,56,314
123000196,306,38,268
123000197,65,179,-114
123000198,54,470,-416
123000199,20,749,-729
123000200,608,7,601
123000201,1109,23,1086
123000202,31,1525,-1494
123000203,1009,103,906
123000204,111,1598,-1487
123000205,710,2459,-1749
123000206,2335,309,2026
123000207,155,1167,-1012
123000208,612,268,344
123000209,2128,667,1461
123000210,681,2729,-2048
123000211,808,3320,-2512
123000212,2946,608,2338
123000213,791,111,680
123000215,99,251,-152
123000216,203,1465,-1262
123000217,213,50,163
123000218,96,774,-678
123000219,1211,91,1120
123000220,607,129,478
123000221,379,171,208
123000222,539,616,-77
123000223,449,464,-15
123000224,521,584,-63
123000225,400,93,307
123000226,66,490,-424
123000227,108,380,-272
123000228,268,133,135
123000229,1359,1780,-421
123000232,165,681,-516
123000233,820,247,573
123000234,192,716,-524
123000235,939,488,451
123000236,326,841,-515
123000237,392,103,289
123000238,125,556,-431
123000239,602,1742,-1140
123000240,72,539,-467
123000241,749,139,610
123000242,265,218,47
123000243,868,984,-116
123000244,1101,750,351
123000245,53,197,-144
123000249,337,586,-249
123000252,978,303,675
123000253,1157,617,540
123000254,885,1235,-350
123000255,1434,1154,280
123000256,30,374,-344
123000257,3279,2444,835
123000258,1558,1020,538
123000259,374,440,-66
123000260,491,533,-42
123000261,276,204,72
123000262,115,261,-146
123000263,403,132,271
123000264,184,103,81
123000265,79,188,-109
123000266,754,926,-172
123000267,723,455,268
123000268,73,101,-28
123000269,104,77,27
123000270,37,96,-59
123000271,70,87,-17
123000272,743,339,404
123000273,291,681,-390
123000274,1317,652,665
123000275,412,1034,-622
123000278,4814,2818,1996
123000279,119,122,-3
123000280,577,433,144
123000281,400,135,265
123000282,203,336,-133
123000283,141,81,60
123000284,60,120,-60
123000286,323,334,-11
123000287,620,318,302
123000288,1499,884,615
123000289,564,1230,-666
123000291,349,895,-546
123000294,164,223,-59
123000295,995,991,4
123000296,654,476,178
123000297,559,634,-75
123000298,711,614,97
123000299,53,225,-172
123000300,965,990,-25
123000301,155,236,-81
123000302,91,232,-141
123000303,137,144,-7
123000305,958,909,49
123000306,146,232,-86
123000309,49,93,-44
123000310,53,66,-13
123000311,1,123,-122
123000312,565,1123,-558
123000313,590,348,242
123000315,105,409,-304
123000316,1275,79,1196
123000317,230,85,145
123000318,81,278,-197
123000329,9,18,-9
123000337,984,411,573
123000338,720,63,657
123000339,250,363,-113
123000340,200,549,-349
123000342,283,23,260
123000343,60,15,45
123000344,1473,786,687
123000345,454,975,-521
123000346,312,44,268
123000352,1733,850,883
123000353,44,135,-91
123000354,364,9,355
123000355,0,485,-485
123000356,367,33,334
123000357,7,208,-201
123000359,7,212,-205
123000360,302,94,208
123000361,422,383,39
123000362,495,109,386
123000363,129,245,-116
123000364,581,526,55
123000365,26,455,-429
123000366,534,2187,-1653
123000367,344,1279,-935
123000370,50,321,-271
123000371,1057,66,991
123000372,540,34,506
123000373,12,482,-470
123000374,40,230,-190
123000375,471,36,435
123000376,905,681,224
123000377,441,28,413
123000378,19,286,-267
123000379,3,310,-307
123000380,63,426,-363
123000381,204,86,118
123000382,1434,151,1283
123000383,298,1302,-1004
123000384,559,165,394
123000385,276,576,-300
123000436,23,968,-945
123000507,161,316,-155
123000508,251,968,-717
123000517,306,51,255
123000518,35,252,-217
123000519,176,56,120
123000520,66,256,-190
123000521,337,118,219
123000522,128,419,-291
123000541,10,6,4
123000542,0,33,-33
123000565,0,0,0
123000566,856,913,-57
123000567,128,290,-162
123000573,45,895,-850
123000574,750,77,673
123000575,1313,1270,43
123000576,828,1567,-739
123000577,138,718,-580
123000578,499,90,409
123000579,3404,5152,-1748
123000580,122,41,81
123000582,548,90,458
123000583,37,404,-367
123000584,272,350,-78
123000585,1,119,-118
123000586,147,21,126
123000596,135,154,-19
123000597,84,150,-66
123000602,30,11,19
123000603,730,680,50
123000604,443,847,-404
123000605,862,161,701
123000606,1,384,-383
123000609,16,342,-326
123000610,229,153,76
123000613,16,179,-163
123000614,191,57,134
123000615,94,159,-65
123000616,676,96,580
123000617,136,480,-344
123000618,80,606,-526
123000619,593,65,528
123000620,44,547,-503
123000622,409,35,374
123000624,163,32,131
123000630,881,443,438
123000631,356,1368,-1012
123000632,830,1001,-171
123000633,0,162,-162
123000634,53,153,-100
123000635,179,120,59
123000636,42,699,-657
123000637,146,137,9
123000638,532,53,479
123000639,1191,3658,-2467
123000640,33,834,-801
123900001,1329,76,1253
123900002,78,1282,-1204
123900003,513,463,50
123900005,240,173,67
123900006,248,39,209
124000001,2031,187,1844
124000002,112,1772,-1660
124000003,758,167,591
124000004,104,654,-550
124000005,1098,430,668
124000006,277,1340,-1063
124000007,531,108,423
124000008,16,623,-607
124000009,634,262,372
124000010,203,570,-367
124000011,1164,357,807
124000012,358,674,-316
124000017,240,180,60
124000018,121,89,32
124000019,143,154,-11
124000020,65,233,-168
124000021,128,113,15
124000022,119,223,-104
124000023,1662,1702,-40
124000024,1195,490,705
124000025,1317,2010,-693
124000026,1142,1176,-34
124000027,4861,5105,-244
124000028,2462,4603,-2141
124000030,3147,1452,1695
124000031,1168,2479,-1311
124000032,2857,1063,1794
124000033,11,260,-249
124000034,1135,566,569
124000035,69,218,-149
124000036,73,178,-105
124000037,956,1148,-192
124000038,64,108,-44
124000039,1312,455,857
124000040,708,1414,-706
124000041,610,95,515
124000042,139,501,-362
124000043,147,109,38
124000044,92,248,-156
124000045,725,702,23
124000046,345,725,-380
124000047,1515,1137,378
124000048,1180,1482,-302
124000049,1680,771,909
124000050,1006,2017,-1011
124000051,1077,601,476
124000052,752,1192,-440
124000053,634,1485,-851
124000054,981,676,305
124000055,1561,2589,-1028
124000056,2465,1661,804
124000057,1072,727,345
124000058,574,1461,-887
124000059,648,1265,-617
124000060,1456,804,652
124000061,1536,5152,-3616
124000062,4555,2103,2452
124000063,1407,1876,-469
124000064,2604,1439,1165
124000065,9,319,-310
124000066,236,452,-216
124000067,267,212,55
124000068,12,10,2
124000069,194,23,171
124000070,38,128,-90
124000071,703,125,578
124000072,304,549,-245
124000073,1045,235,810
124000074,266,819,-553
124000075,365,51,314
124000076,11,279,-268
124000077,1746,947,799
124000078,3557,1327,2230
124000079,421,1465,-1044
124000080,633,303,330
124000081,371,607,-236
124000082,77,185,-108
124000083,112,128,-16
124000084,71,425,-354
124000085,179,63,116
124000086,57,122,-65
124000087,320,128,192
124000088,341,482,-141
124000089,1040,445,595
124000090,152,440,-288
124000091,603,163,440
124000092,113,584,-471
124000093,159,112,47
124000094,303,544,-241
124000095,110,122,-12
124000096,203,336,-133
124000097,105,164,-59
124000098,50,122,-72
124000099,244,157,87
124000100,70,121,-51
124000101,93,171,-78
124000102,116,77,39
124000103,110,128,-18
124000104,108,56,52
124000105,102,99,3
124000106,122,62,60
124000107,18,156,-138
124000108,70,33,37
124000109,128,130,-2
124000110,261,139,122
124000111,194,134,60
124000112,674,762,-88
124000113,99,102,-3
124000114,273,516,-243
124000115,503,725,-222
124000116,121,200,-79
124000117,47,86,-39
124000118,67,111,-44
124000119,1126,626,500
124000120,614,506,108
124000121,1546,733,813
124000122,681,1455,-774
124000123,1134,579,555
124000124,451,1230,-779
124000125,490,602,-112
124000126,342,753,-411
124000127,977,498,479
124000128,631,1136,-505
124000129,2290,1783,507
124000130,1016,764,252
124000131,1001,659,342
124000132,1100,883,217
124000133,929,993,-64
124000134,1165,716,449
124000135,1874,1944,-70
124000136,1147,1131,16
124000137,1672,884,788
124000138,2358,1448,910
124000139,794,38,756
124000140,59,627,-568
124000141,142,17,125
124000142,13,204,-191
124000143,72,35,37
124000144,22,55,-33
124000145,233,68,165
124000146,125,83,42
124000148,86,148,-62
124000149,1533,583,950
124000150,641,653,-12
124000151,975,467,508
124000152,1086,1585,-499
124000153,1038,841,197
124000154,683,858,-175
124000155,1594,1099,495
124000156,1948,1307,641
124000169,220,423,-203
124000170,628,600,28
124000171,295,218,77
124000172,470,669,-199
124000173,418,265,153
124000174,432,662,-230
124000175,17,161,-144
124000176,128,40,88
124000177,10,47,-37
124000178,57,73,-16
124000190,148,63,85
124000191,219,133,86
124000192,2394,396,1998
124000193,835,1024,-189
124000194,489,614,-125
124000195,270,649,-379
124000196,1276,1120,156
124000197,146,53,93
124000198,59,43,16
124000201,474,997,-523
124000202,677,548,129
124000203,829,677,152
124000204,883,459,424
124000205,158,499,-341
124000206,1008,461,547
124000207,0,74,-74
124000209,259,516,-257
124000210,420,240,180
124000211,602,4,598
124000212,2,481,-479
124000213,484,313,171
124000214,371,605,-234
124000215,461,29,432
124000216,5,428,-423
124000329,258,1790,-1532
124000338,245,962,-717
124000339,1028,299,729
124000341,1301,318,983
124000344,40,16,24
124000357,939,1861,-922
124000358,796,1230,-434
124000359,850,590,260
124000360,693,458,235
124000361,1781,801,980
124000362,1413,1741,-328
124000363,270,309,-39
124000364,554,802,-248
124000365,713,1091,-378
124000366,1389,1005,384
124000367,147,511,-364
124000368,579,368,211
124000369,152,143,9
124000370,82,597,-515
124000402,38,27,11
124000403,214,43,171
124000404,12,189,-177
124000405,1175,927,248
124000406,908,974,-66
124000407,7,47,-40
124000411,5,369,-364
124000412,474,14,460
124000413,346,46,300
124000414,59,146,-87
124000415,73,160,-87
124000416,196,256,-60
124000417,200,113,87
124000418,179,108,71
124000419,86,180,-94
124000420,81,83,-2
124000421,58,229,-171
124000422,24,18,6
124000423,144,47,97
124000424,5,99,-94
124000425,46,33,13
124000426,1,45,-44
124000427,43,21,22
124000428,11,61,-50
124000429,60,62,-2
124000430,686,596,90
124000431,303,673,-370
124000432,256,694,-438
124000439,4,10,-6
124000443,0,9,-9
124000445,419,815,-396
124000446,1347,113,1234
124900001,457,408,49
124900002,196,363,-167
124900003,1050,772,278
124900004,649,410,239
124900005,277,306,-29
124900006,745,435,310
124900008,1531,656,875
124900009,208,426,-218
124900010,223,180,43
124900011,660,284,376
124900012,500,153,347
124900013,545,156,389
124900014,637,97,540
124900015,202,422,-220
124900016,131,96,35
124900017,652,1262,-610
124900018,70,21,49
124900020,117,79,38
124900021,455,77,378
124900022,127,4,123
124900024,299,49,250
124900026,167,28,139
124900027,141,484,-343
124900028,561,109,452
124900029,11,579,-568
124900030,7,130,-123
124900031,60,354,-294
124900032,207,258,-51
124900033,328,405,-77
124900034,14,113,-99
124900035,198,522,-324
124900036,5,53,-48
124900037,246,379,-133
124900038,367,399,-32
124900039,8,75,-67
124900040,148,91,57
124900041,250,1033,-783
124900042,306,15,291
124900043,468,1083,-615
124900044,66,1,65
124900045,1006,1271,-265
124900046,1208,318,890
124900047,193,255,-62
124900048,282,156,126
124900050,157,313,-156
124900052,107,489,-382
124900053,237,500,-263
124900054,1983,579,1404
124900055,2,229,-227
124900057,2,91,-89
124900060,134,256,-122
124900061,73,14,59
124900062,266,51,215
124900066,1,30,-29
124900067,12,182,-170
124900068,254,650,-396
124900070,122,40,82
124900072,114,55,59
124900074,702,246,456
124900075,224,247,-23
124900076,35,1206,-1171
124900077,34,134,-100
124900078,148,57,91
124900079,682,241,441
124900080,242,677,-435
124900081,867,306,561
124900082,370,867,-497
124900083,251,479,-228
124900084,2119,160,1959
124900085,1307,540,767
124900086,182,1432,-1250
124900087,662,186,476
124900088,762,142,620
124900089,1507,46,1461
124900090,331,318,13
124900091,352,533,-181
124900092,239,302,-63
124900093,327,312,15
124900094,363,382,-19
124900095,94,533,-439
124900096,635,341,294
124900097,343,133,210
124900098,152,365,-213
124900099,897,512,385
124900100,436,145,291
124900101,103,638,-535
124900102,237,53,184
124900103,190,261,-71
124900104,58,223,-165
124900105,107,210,-103
124900106,417,85,332
124900107,131,24,107
124900108,184,93,91
124900109,72,106,-34
124900110,321,436,-115
124900111,4,110,-106
124900112,59,755,-696
124900113,116,294,-178
124900114,221,152,69
124900115,206,48,158
124900116,242,247,-5
124900117,545,221,324
124900118,248,224,24
124900119,388,215,173
124900120,59,436,-377
124900121,132,466,-334
124900122,393,262,131
124900123,356,152,204
124900124,182,323,-141
129000186,153,51,102
204000001,51,11,40
204000002,9,11,-2
204000003,22,5,17
204000004,4,0,4
204000005,603,419,184
204000006,1290,1095,195
204000011,15,41,-26
204000012,88,86,2
204000013,3,8,-5
204000019,544,533,11
204000020,854,613,241
204000021,2126,940,1186
204000022,647,521,126
204000023,653,904,-251
204000031,92,25,67
204000032,499,36,463
204000034,10,229,-219
204000035,3,9,-6
204000036,7,25,-18
204000037,2,22,-20
204000038,1,9,-8
204000039,65,15,50
204000040,4,25,-21
204000041,4,25,-21
204000042,60,11,49
204000043,37,1,36
204000044,42,6,36
204000045,60,4,56
204000046,9,2,7
204000057,5,17,-12
204000062,14,20,-6
204000068,27,262,-235
204000069,47,352,-305
204000070,142,74,68
204000080,119,64,55
204000085,2236,1951,285
204000086,2329,2203,126
204000087,36,8,28
204000088,14,95,-81
204000090,30,295,-265
204000093,302,58,244
204000096,760,1025,-265
204000097,458,6,452
204000099,1136,1318,-182
204000100,1493,2005,-512
204000105,2254,1589,665
204000110,1160,1293,-133
204000111,439,668,-229
204000112,1817,646,1171
204000113,514,738,-224
204000114,896,844,52
204000115,602,459,143
204000116,2992,589,2403
204000119,2137,2585,-448
204000132,608,431,177
204000133,749,300,449
204000134,477,121,356
204000135,788,97,691
204000136,669,236,433
204000138,374,753,-379
204000140,214,168,46
204000141,165,77,88
204000144,30,25,5
204000145,520,33,487
204000146,25,399,-374
204000147,13,203,-190
204000148,411,23,388
204000154,6,2,4
204000155,4,1,3
204000177,60,41,19
204000179,29,5,24
204000180,0,15,-15
204000222,5,16,-11
204000235,15,20,-5
204000236,84,310,-226
204000238,20,26,-6
204000240,337,118,219
204000263,581,1021,-440
204000268,1205,687,518
204000308,199,12,187
204000317,5,85,-80
204000322,7,48,-41
204000323,17,10,7
204000328,259,51,208
204000329,45,191,-146
204000330,192,14,178
204000331,23,120,-97
204010341,9,169,-160
205000001,916,1912,-996
205000013,3,78,-75
205000014,18,129,-111
205000015,22,239,-217
205000016,56,178,-122
205000017,27,109,-82
205000022,274,858,-584
205000025,1063,1170,-107
205000029,207,10,197
205000045,176,426,-250
205000046,130,433,-303
205000047,124,474,-350
205000048,306,914,-608
205000049,196,754,-558
205000050,609,303,306
205000059,2,192,-190
205000060,2,63,-61
205000061,3,42,-39
205000062,5,43,-38
205000063,13,82,-69
205000064,14,76,-62
205000065,41,479,-438
205000066,78,664,-586
205000067,49,741,-692
205000069,173,20,153
205000082,141,166,-25
205000110,51,269,-218
205000111,224,278,-54
205000112,240,281,-41
205000113,158,419,-261
205000121,297,50,247
205000123,41,230,-189
205000126,454,101,353
205000127,742,163,579
205000128,461,59,402
205000129,521,80,441
205000130,271,27,244
205000131,194,14,180
205000132,208,5,203
205000133,169,0,169
205000134,228,0,228
205000137,100,200,-100
205000138,178,341,-163
205000139,44,141,-97
205000144,108,78,30
205000145,564,175,389
205000151,210,33,177
205000152,281,39,242
205000153,237,23,214
205000154,107,40,67
205000155,103,7,96
205000207,17,194,-177
205000233,21,1,20
205000234,0,0,0
205000243,0,0,0
205000244,0,5,-5
205000245,10,173,-163
205000249,0,47,-47
205000250,7,1,6
205000264,3,72,-69
206000027,2,7,-5
206000028,4,4,0
206000043,7,43,-36
206000053,2,6,-4
206000054,3,25,-22
206000055,0,23,-23
206000075,18,10,8
206000076,23,16,7
206000077,34,7,27
206000078,31,10,21
206000079,24,7,17
206000082,335,49,286
206000100,44,505,-461
206000103,6,9,-3
206000104,25,17,8
206000105,2,18,-16
206000106,10,33,-23
206000108,593,42,551
206000125,57,0,57
206000157,41,615,-574
206000170,2,198,-196
206000171,1,190,-189
206000172,11,428,-417
206000173,3,171,-168
206000174,15,74,-59
206000175,10,117,-107
206000176,17,189,-172
206000177,0,163,-163
206000178,5,161,-156
206000179,11,117,-106
206000180,9,144,-135
206000181,21,143,-122
206000182,12,140,-128
206000183,17,470,-453
206000184,5,346,-341
206000185,8,190,-182
206000186,80,1124,-1044
206000223,9,220,-211
206000226,27,5,22
206000227,24,5,19
206000237,29,301,-272
206000238,28,478,-450
206000239,268,1947,-1679
206000240,5,72,-67
206000241,0,112,-112
206000242,7,301,-294
206000243,3,203,-200
206000244,47,582,-535
206000245,741,58,683
206000246,223,13,210
206000247,184,16,168
206000248,319,11,308
206000252,88,40,48
206000258,26,38,-12
206000315,35,6,29
206000317,469,101,368
206000318,371,36,335
206000319,1088,85,1003
206000320,175,44,131
206000321,148,11,137
206000322,385,16,369
206000323,154,7,147
206000324,151,3,148
206000325,201,15,186
206000326,255,15,240
206000327,261,14,247
206000328,132,3,129
206000329,218,3,215
206000330,74,3,71
206000331,130,6,124
206000332,29,3,26
206000333,562,5,557
206000334,269,2,267
206000335,0,22,-22
206000361,6,182,-176
206000392,4,20,-16
206000405,148,0,148
206000441,33,15,18
206000498,59,3,56
206000515,104,32,72
206000530,200,48,152
206000531,169,183,-14
206000532,1514,259,1255
206000535,267,1804,-1537
206000536,12,187,-175
206000537,12,185,-173
206000613,1407,174,1233
207000001,175,541,-366
207000002,100,295,-195
207000003,115,153,-38
207000007,690,219,471
207000008,89,10,79
207000009,45,42,3
207000010,419,392,27
207000012,354,234,120
207000015,261,1251,-990
207000019,232,73,159
207000021,534,136,398
207000022,150,119,31
207000023,241,47,194
207000024,3,14,-11
207000025,17,45,-28
207000026,110,44,66
207000027,20,79,-59
207000028,79,189,-110
207000029,199,419,-220
207000033,218,391,-173
207000034,323,78,245
207000039,350,199,151
207000040,323,124,199
207000041,231,55,176
207000042,253,53,200
207000043,428,173,255
207000051,120,270,-150
207000052,131,146,-15
207000053,392,396,-4
207000054,28,87,-59
207000055,161,101,60
207000056,347,279,68
207000057,86,234,-148
207000058,102,279,-177
207000059,115,466,-351
207000060,61,188,-127
207000061,227,434,-207
207000062,262,38,224
207000063,264,127,137
207000064,411,151,260
207000065,433,208,225
207000066,172,139,33
207000067,51,89,-38
207000068,147,50,97
207000069,649,331,318
207000082,8,179,-171
207000083,116,224,-108
207000084,232,227,5
207000085,140,18,122
207000086,125,6,119
207000106,23,36,-13
207000107,79,20,59
207000108,34,15,19
207000109,64,11,53
207000110,89,99,-10
207000111,72,72,0
207000112,141,554,-413
207000114,28,63,-35
207000115,20,107,-87
207000116,27,360,-333
207000117,6,97,-91
207000118,3,96,-93
207000119,41,84,-43
207000123,194,24,170
207000124,63,34,29
207000125,62,53,9
207000126,82,61,21
207000134,60,145,-85
207000135,34,218,-184
207000148,59,304,-245
207000149,87,54,33
207000152,114,363,-249
207000153,1017,1278,-261
207000154,344,113,231
207000159,81,216,-135
207000160,186,386,-200
207000238,1,186,-185
207000242,7,199,-192
207000248,32,46,-14
207000249,181,49,132
207000250,703,75,628
207000251,103,79,24
207000252,149,68,81
207000278,74,112,-38
207000279,17,169,-152
207000280,455,37,418
207000281,116,909,-793
207000282,208,70,138
207000283,139,246,-107
207000284,64,174,-110
207000285,101,61,40
207000291,23,132,-109
207000304,116,50,66
207000306,87,313,-226
207000310,90,106,-16
207000353,299,4,295
207000356,21,32,-11
207000357,36,13,23
207000358,25,22,3
207000415,2,181,-179
207000417,43,1,42
207000418,122,128,-6
207000438,0,5,-5
207000439,1038,581,457
207000446,121,7,114
207000460,16,11,5
207000466,225,178,47
207000467,196,142,54
207000468,54,382,-328
207000476,23,103,-80
207000477,619,103,516
207000478,4,57,-53
207000523,0,16,-16
207000524,81,27,54
207000527,69,130,-61
207000530,460,1,459
207000531,275,18,257
207000532,210,41,169
207000534,477,46,431
207000535,41,382,-341
207000537,279,113,166
207000540,13,252,-239
207000541,2,375,-373
207000548,15,314,-299
207000549,456,19,437
207000561,171,212,-41
207000562,41,228,-187
207000567,166,249,-83
207000568,198,109,89
207000569,424,895,-471
207000584,368,215,153
207000585,78,364,-286
207000616,0,160,-160
207000617,168,0,168
207900008,259,99,160
208000001,687,876,-189
208000002,749,450,299
208000003,1170,396,774
208000004,1186,548,638
208000005,11,23,-12
208000019,608,1063,-455
208000020,173,532,-359
208000021,225,401,-176
208000022,1046,593,453
208000028,1412,956,456
208000033,645,996,-351
208000034,1151,1553,-402
208000037,205,9,196
208000040,182,175,7
208000041,932,595,337
208000042,1237,651,586
208000047,150,270,-120
208000064,2695,1411,1284
208000066,2119,2340,-221
208000070,291,369,-78
208000071,349,792,-443
208000072,308,1329,-1021
208000080,283,306,-23
208000081,356,164,192
208000082,300,295,5
208000083,131,428,-297
208000084,21,22,-1
208000085,817,609,208
208000086,516,1002,-486
208000087,360,822,-462
208000089,924,381,543
208000090,892,763,129
208000093,158,168,-10
208000094,1601,434,1167
208000095,554,410,144
208000104,924,933,-9
208000105,876,1011,-135
208000114,129,282,-153
208000115,491,471,20
208000116,528,933,-405
208000117,149,140,9
208000118,81,122,-41
208000155,878,1052,-174
208000158,1330,3420,-2090
208000186,3846,4044,-198
208000204,693,919,-226
208000205,1164,1061,103
208000282,6059,3080,2979
209000004,656,193,463
209000005,49,32,17
209000006,433,168,265
209000007,256,272,-16
209000010,431,151,280
209000011,171,263,-92
209000012,217,164,53
209000013,594,396,198
209000014,510,1067,-557
209000025,277,52,225
209000026,598,130,468
209000027,485,828,-343
209000028,486,721,-235
209000029,579,698,-119
209000030,578,1290,-712
209000031,2473,2160,313
209000034,195,154,41
209000035,85,118,-33
209000036,135,84,51
209000037,253,164,89
209000038,82,152,-70
209000039,44,112,-68
209000040,271,490,-219
209000041,165,382,-217
209000042,182,381,-199
209000043,707,788,-81
209000044,199,712,-513
209000045,1311,649,662
209000046,557,1037,-480
209000047,409,266,143
209000048,474,349,125
209000049,77,110,-33
209000050,194,142,52
209000051,230,342,-112
209000052,128,271,-143
209000062,48,92,-44
209000063,49,80,-31
209000064,38,88,-50
209000065,90,24,66
209000066,84,45,39
209000067,71,48,23
209000080,29,273,-244
209000082,83,41,42
209000091,32,109,-77
209000093,52,20,32
209000094,189,148,41
209000110,47,136,-89
209000111,378,1285,-907
209000112,741,1108,-367
209000113,1426,1124,302
209000114,631,609,22
209000115,74,119,-45
209000116,542,425,117
209000118,40,52,-12
209000119,51,24,27
209000121,116,487,-371
209000135,85,206,-121
209000142,553,1195,-642
209000143,65,86,-21
209000144,35,138,-103
209000229,254,302,-48
209000240,34,350,-316
209000259,95,91,4
209000260,36,920,-884
209000261,7,566,-559
209000262,4,477,-473
209000263,0,162,-162
209000264,1,84,-83
209000265,1485,7,1478
209000266,447,4,443
209000267,1110,12,1098
209000268,931,63,868
210000037,67,23,44
210000047,103,39,64
210000048,139,25,114
210000049,66,9,57
210000052,49,89,-40
210000053,46,48,-2
210000054,43,63,-20
210000070,142,4,138
210000071,101,0,101
210000072,46,1,45
210000073,0,35,-35
210000074,1,78,-77
210000075,6,97,-91
210000076,13,138,-125
210000077,11,21,-10
210000078,22,27,-5
210000079,27,10,17
210000080,130,66,64
210000081,222,39,183
210000082,186,1,185
210000083,101,4,97
210000084,39,2,37
210000085,1,68,-67
210000086,2,108,-106
210000099,41,224,-183
210000100,44,151,-107
210000101,94,140,-46
210000105,48,140,-92
210000159,1,145,-144
210000163,154,183,-29
210000164,266,179,87
210000168,87,34,53
210000187,0,14,-14
210000188,0,19,-19
210000214,78,0,78
210000219,27,43,-16
210000220,55,46,9
210000232,5,18,-13
210000233,52,36,16
210000234,29,97,-68
210000235,49,78,-29
210000245,3,24,-21
210000246,37,2,35
210000258,6,108,-102
210000259,332,97,235
210000282,109,257,-148
210000285,0,122,-122
210000286,7,153,-146
210000290,4,10,-6
210000295,41,110,-69
210000296,51,22,29
210000320,149,71,78
210000321,142,71,71
210000338,55,42,13
210000339,398,1042,-644
210000340,132,304,-172
210000341,199,212,-13
210000342,205,179,26
210000343,155,156,-1
210000344,184,79,105
210000345,157,145,12
210000346,47,83,-36
210000347,55,29,26
210000348,81,18,63
210000349,64,16,48
210000350,102,51,51
210000351,158,111,47
210000352,57,65,-8
210000353,49,79,-30
210000354,55,68,-13
210000355,54,53,1
210000356,24,48,-24
210000357,40,33,7
210000358,185,97,88
210000359,67,83,-16
210000360,181,146,35
210000361,200,132,68
210000362,207,163,44
210000363,777,264,513
210000364,115,132,-17
210000365,148,70,78
210000366,101,42,59
210000367,96,36,60
210000368,123,57,66
210000369,16,20,-4
210000370,39,26,13
210000372,16,25,-9
210000373,29,9,20
210000374,48,9,39
210000375,28,48,-20
210000376,77,83,-6
210000404,81,80,1
210000439,18,56,-38
210000472,80,7,73
210000482,58,106,-48
210000564,372,272,100
210000567,0,20,-20
210000568,326,2,324
211000092,64,96,-32
211000094,21,11,10
211000169,237,30,207
211000172,20,216,-196
211000209,0,25,-25
211000226,20,25,-5
211000270,19,31,-12
211000275,28,32,-4
211000276,110,35,75
211000279,33,26,7
211000281,72,52,20
211507980,3,42,-39
211977296,46,15,31
212000003,97,48,49
212000004,32,16,16
212000005,8,23,-15
212000006,21,43,-22
212000008,139,145,-6
212000009,23,113,-90
212000012,73,82,-9
212000013,22,61,-39
212000014,196,126,70
212000015,220,210,10
212000016,390,511,-121
212000027,494,385,109
212000028,354,388,-34
212000029,239,262,-23
212000030,76,27,49
212000031,76,56,20
212000048,47,132,-85
212000049,8,98,-90
212000050,38,5,33
212000051,160,216,-56
212000052,140,260,-120
212000053,372,531,-159
212000054,216,113,103
212000055,206,195,11
212000056,28,44,-16
212000057,14,35,-21
212000058,185,37,148
212000070,109,242,-133
212000077,118,583,-465
212000099,299,263,36
212000108,154,142,12
212000111,180,113,67
212000120,80,58,22
212000138,108,34,74
212000156,20,109,-89
212000158,14,15,-1
212000159,378,40,338
212000160,532,245,287
212000161,43,4,39
212000310,46,12,34
212000311,23,59,-36
212000374,28,13,15
213000001,28,435,-407
213000005,434,174,260
213000006,1182,318,864
213000007,197,15,182
213000009,845,606,239
213000010,175,396,-221
213000011,212,155,57
213000012,162,469,-307
213000014,99,10,89
213000015,290,6,284
213000016,644,3,641
213000017,49,1,48
213000018,1,192,-191
213000019,1,183,-182
213000020,95,446,-351
213000021,9,147,-138
213000023,356,151,205
213000033,391,1850,-1459
213000034,993,364,629
213000035,114,276,-162
213000045,204,261,-57
213000046,333,169,164
213000047,743,1280,-537
213000056,329,57,272
213000069,78,5,73
213000073,1,58,-57
213000074,102,421,-319
213000075,546,10,536
213000076,29,2,27
213000085,8,57,-49
213000086,12,169,-157
213000091,207,20,187
213000092,98,16,82
213000099,160,1149,-989
213000100,1140,208,932
213000101,386,176,210
213000102,407,308,99
213000103,877,882,-5
213000104,93,478,-385
213000105,3,150,-147
213000106,63,150,-87
213000107,135,603,-468
213000108,45,581,-536
213000109,11,283,-272
213000110,11,101,-90
213000111,14,53,-39
213000112,205,122,83
213000115,72,11,61
213000116,49,409,-360
213000117,11,757,-746
213000118,379,224,155
213000119,67,617,-550
213000120,104,559,-455
213000122,139,616,-477
213000123,422,1521,-1099
213000124,123,1498,-1375
213000125,113,10,103
213000126,116,192,-76
213000127,168,253,-85
213000128,572,1261,-689
213000129,401,536,-135
213000130,501,205,296
213000132,342,104,238
213000133,441,92,349
213000134,660,30,630
213000136,515,26,489
213000137,690,71,619
213000139,259,20,239
213000147,93,7,86
213000148,26,3,23
213000149,29,3,26
213000150,0,137,-137
213000151,3,94,-91
213000152,3,80,-77
213000153,4,111,-107
213000154,60,306,-246
213000155,51,254,-203
213000156,145,496,-351
213000157,563,444,119
213000158,402,970,-568
213000159,654,571,83
213000163,866,117,749
213000165,862,287,575
213000171,1,111,-110
213000172,6,366,-360
213000173,4,279,-275
213000174,12,193,-181
213000175,17,118,-101
213000176,42,22,20
213000177,60,6,54
213000178,143,6,137
213000179,220,3,217
213000180,146,0,146
213000184,99,490,-391
213000188,387,109,278
213000189,284,50,234
213000190,976,850,126
213000191,333,500,-167
213000192,243,449,-206
213000193,824,335,489
213000194,1,75,-74
213000195,27,370,-343
213000196,224,1277,-1053
213000197,399,667,-268
213000198,73,0,73
213000200,131,964,-833
213000201,82,61,21
213000202,9,509,-500
213000203,3399,773,2626
213000204,587,111,476
213000205,427,137,290
213000206,608,73,535
213000207,188,12,176
213000208,114,2,112
213000209,185,2,183
213000210,477,0,477
213000211,7,16,-9
213000212,13,24,-11
213000213,16,69,-53
213000218,239,731,-492
213000219,448,29,419
213000220,383,11,372
213000223,208,241,-33
213000224,83,71,12
213000225,166,10,156
213000226,85,14,71
213000227,822,163,659
213000228,532,66,466
213000229,409,29,380
213000230,301,29,272
213000232,93,775,-682
213000233,9,245,-236
213000234,5,44,-39
213000293,14,100,-86
213000294,134,11,123
213000295,17,82,-65
213000296,63,19,44
213000297,10,107,-97
213000298,43,121,-78
213000299,76,45,31
213000300,53,7,46
213000303,10,37,-27
213000304,6,11,-5
213000305,10,18,-8
213000306,51,35,16
213000307,203,87,116
213000308,152,187,-35
213000309,130,50,80
213000310,602,196,406
213000311,297,736,-439
213000315,75,121,-46
213000316,159,76,83
213000322,126,127,-1
213000323,74,49,25
213000324,71,72,-1
213000325,39,109,-70
213000326,31,36,-5
213000327,40,74,-34
213000328,45,165,-120
213000329,108,32,76
213000340,142,533,-391
213000341,443,90,353
213000346,315,282,33
213000347,887,490,397
213000348,17,113,-96
213000349,63,19,44
213000350,397,1238,-841
213000366,90,329,-239
213000367,257,20,237
213000379,152,76,76
213000386,17,289,-272
213000406,95,405,-310
213000417,1212,530,682
213000425,174,33,141
213000426,150,57,93
213000427,55,266,-211
213000428,76,223,-147
213000429,31,3,28
213000430,119,900,-781
213000431,248,2,246
213000432,4,97,-93
213000433,20,172,-152
213000434,96,130,-34
213000435,135,76,59
213000436,47,68,-21
213000437,2,28,-26
213000438,144,79,65
213000439,47,13,34
213000440,10,320,-310
213000441,4,0,4
213000442,0,33,-33
213000443,557,413,144
213000444,31,53,-22
213000445,0,70,-70
213000446,0,141,-141
213000447,2,41,-39
213000448,17,141,-124
213000449,393,19,374
213000450,20,56,-36
213000451,296,101,195
213000452,23,25,-2
213000453,56,332,-276
213000455,573,8,565
213000456,0,321,-321
213000481,11,5,6
213000482,55,1,54
213000489,399,53,346
213000491,3,140,-137
213000492,229,2,227
213000493,1,91,-90
213000494,211,147,64
213000495,0,101,-101
213000496,434,178,256
213000497,33,305,-272
213000498,169,215,-46
213000499,233,581,-348
213000500,509,98,411
213000501,115,49,66
213000502,237,173,64
213000503,1,75,-74
213000504,22,145,-123
213000505,3,5,-2
213000506,0,6,-6
213000507,3,145,-142
213900016,0,12,-12
213900244,43,0,43
213900245,0,26,-26
218000003,12,19,-7
218000004,56,30,26
218000005,244,53,191
218000006,57,32,25
218000007,23,11,12
218000012,249,180,69
218000013,95,158,-63
218000014,385,346,39
218000019,903,649,254
218000020,263,490,-227
218000021,47,61,-14
218000022,13,27,-14
218000023,5,37,-32
218000024,5,11,-6
218000025,6,23,-17
218000026,9,31,-22
218000027,1,12,-11
218000028,2,0,2
218000029,38,3,35
218000030,14,32,-18
218000031,8,28,-20
218000032,3,21,-18
218000040,9,15,-6
218000046,50,69,-19
218000047,12,117,-105
218000048,47,87,-40
218000049,96,91,5
218000050,366,192,174
218000051,67,196,-129
218000052,3,86,-83
218000053,3,17,-14
218000054,21,37,-16
218000055,2,19,-17
218000056,13,25,-12
218000057,6,25,-19
218000064,5,26,-21
218000065,71,64,7
218000066,9,56,-47
218000067,48,76,-28
218000068,137,110,27
218000069,284,138,146
218000070,282,252,30
218000071,168,176,-8
218000072,382,225,157
218000078,671,983,-312
218000079,80,88,-8
218000080,108,101,7
218000081,370,240,130
218000082,65,128,-63
218000083,81,82,-1
218000084,170,149,21
218000085,152,389,-237
218000086,55,162,-107
218000087,206,225,-19
218000090,33,123,-90
218000091,753,499,254
218000092,81,144,-63
218000093,44,65,-21
218000094,443,532,-89
218000099,374,756,-382
218000100,281,302,-21
218000101,333,153,180
218000102,304,239,65
218000103,101,188,-87
218000104,56,43,13
218000105,25,25,0
218000106,15,10,5
218000107,61,70,-9
218000108,4,44,-40
218000112,64,30,34
218000117,119,47,72
218000134,561,651,-90
218000135,25,108,-83
218000136,222,94,128
218000137,230,129,101
218000138,28,106,-78
218000139,239,346,-107
218000140,506,246,260
218000141,86,44,42
218000142,229,138,91
218000143,110,201,-91
218000144,45,62,-17
218000145,325,359,-34
218000146,84,198,-114
218000151,11,45,-34
218000152,124,54,70
218000153,35,5,30
218000154,46,4,42
218000155,11,2,9
218000156,75,12,63
218000157,31,8,23
218000158,18,9,9
218000159,3,7,-4
218000160,6,6,0
218000161,24,5,19
218000162,23,8,15
218000163,8,2,6
218000164,40,7,33
218000165,71,24,47
218000170,2,37,-35
218000171,50,11,39
218000172,7,10,-3
218000173,59,13,46
218000174,17,14,3
218000176,131,30,101
218000177,232,220,12
218000178,58,208,-150
218000179,54,62,-8
218000180,49,39,10
218000181,110,75,35
218000187,15,20,-5
218000188,36,58,-22
218000189,27,74,-47
218000190,20,25,-5
218000191,128,62,66
218000192,196,252,-56
218000193,380,411,-31
218000194,139,365,-226
218000195,136,63,73
218000196,394,352,42
218000197,380,414,-34
218000198,14,159,-145
218000199,77,52,25
218000200,120,39,81
218000201,12,22,-10
218000202,105,235,-130
218000207,4,24,-20
218000208,46,29,17
218000211,57,16,41
218000212,0,7,-7
218000213,91,106,-15
218000214,4,31,-27
218000215,38,47,-9
218000217,5,90,-85
218000218,262,83,179
218000219,55,13,42
218000220,106,330,-224
218000221,639,157,482
218000222,14,35,-21
218000223,48,326,-278
218000224,9,188,-179
218000225,82,27,55
218000226,69,59,10
218000230,4,6,-2
218000232,54,55,-1
218000239,203,11,192
218000240,43,6,37
218000241,80,2,78
218000242,124,21,103
218000243,124,3,121
218000244,75,5,70
218000245,56,3,53
218000246,0,2,-2
218000247,2,1,1
218000248,2,11,-9
218000249,0,2,-2
218000250,2,5,-3
218000251,10,9,1
218000252,0,18,-18
218000253,5,15,-10
218000254,0,18,-18
218000255,1,26,-25
218000256,9,45,-36
218000267,611,1034,-423
218000268,16,66,-50
218000269,2,10,-8
218000270,69,65,4
218000271,25,54,-29
218000273,13,5,8
218000274,27,12,15
218000275,23,43,-20
218000276,6,50,-44
218000278,25,27,-2
218000279,70,51,19
218000280,7,29,-22
218000281,26,19,7
218000282,496,386,110
218000284,97,4,93
218000301,102,134,-32
218000302,138,60,78
218000303,22,28,-6
218000316,660,975,-315
218000317,935,911,24
218000318,587,757,-170
218000319,849,1073,-224
218000320,726,631,95
218000338,73,28,45
218000345,67,59,8
218000346,35,139,-104
218000459,26,200,-174
218000490,51,38,13
218000501,117,144,-27
218000502,39,68,-29
218000503,86,44,42
218000504,159,40,119
218000505,67,134,-67
218000506,38,254,-216
218000508,16,2,14
218000510,131,11,120
218000520,137,104,33
218000521,5,51,-46
218000522,0,116,-116
218000523,100,4,96
218000524,63,156,-93
218000525,84,15,69
218000526,41,142,-101
218000529,37,174,-137
218000530,16,7,9
218000531,27,22,5
218000532,24,20,4
218000534,103,18,85
218000537,22,64,-42
218000538,205,164,41
218000540,570,81,489
218000543,94,51,43
218000544,41,80,-39
218000545,36,58,-22
218000546,37,71,-34
218000547,78,133,-55
218000548,172,132,40
218000549,435,475,-40
218000550,195,312,-117
218000551,126,879,-753
218000552,436,41,395
218000553,36,69,-33
218000554,31,24,7
218000555,28,31,-3
218000556,107,191,-84
218000557,220,88,132
218000558,68,1,67
218000559,0,53,-53
218000560,0,48,-48
218000561,30,0,30
218000562,50,149,-99
218000563,217,21,196
218000564,13,130,-117
218000565,187,36,151
218000566,577,16,561
218000567,4,112,-108
218000568,43,2,41
218000569,13,104,-91
218000570,135,12,123
218000571,7,173,-166
218000572,150,4,146
218000573,23,118,-95
218000574,181,40,141
218000575,115,0,115
218000576,2,70,-68
218000577,139,3,136
218000578,2,62,-60
218000579,167,20,147
218000581,3,96,-93
218000582,48,5,43
218000583,12,1,11
218000584,2,20,-18
218000585,40,8,32
218000586,14,34,-20
218000587,5,0,5
218000588,2,3,-1
218000589,0,2,-2
218000590,13,0,13
218000591,11,1,10
218000592,32,1,31
218000593,0,0,0
218000594,0,0,0
218000595,0,0,0
218000596,0,0,0
218000597,0,0,0
218000598,0,0,0
218000599,1,0,1
218000600,2,0,2
218000601,0,0,0
218000602,0,4,-4
218000603,1,6,-5
218000604,72,29,43
218000605,0,52,-52
218000606,69,2,67
218000607,17,43,-26
218000608,39,27,12
218000609,7,54,-47
218000610,68,9,59
218000611,29,5,24
218000612,2,24,-22
218000613,51,0,51
218000614,1,51,-50
218000615,132,1,131
218000616,8,138,-130
218000617,38,2,36
218000618,0,13,-13
218000619,44,46,-2
218000620,17,19,-2
218000621,1,16,-15
218000622,2,13,-11
218000623,117,6,111
218000624,6,35,-29
218000625,11,8,3
218000626,3,14,-11
218000628,129,32,97
218000631,23,14,9
218000632,4,101,-97
218000633,160,2,158
218000634,9,19,-10
218000635,22,21,1
218000636,691,1290,-599
218000637,836,540,296
218000638,165,53,112
218000639,19,223,-204
218000640,307,30,277
218000641,71,335,-264
218000652,43,71,-28
218000653,108,44,64
218000663,3,87,-84
218000675,92,49,43
218000676,2,23,-21
218000677,5,4,1
218000680,154,414,-260
218000681,380,80,300
218000691,133,248,-115
218000693,181,110,71
218000703,11,38,-27
218000718,779,1277,-498
218000719,1198,610,588
218000720,27,187,-160
218000721,290,18,272
218000725,6,8,-2
218001214,22,58,-36
218001258,87,9,78
218001329,131,61,70
218001330,85,80,5
218001351,24,15,9
218001352,15,15,0
218001353,20,15,5
218001354,7,20,-13
218001356,346,26,320
218001358,227,15,212
218001361,241,27,214
219000001,42,39,3
219000002,45,53,-8
219000003,73,21,52
219000004,43,33,10
219000017,106,29,77
219000020,128,236,-108
219000022,159,39,120
219000023,447,8,439
219000029,0,66,-66
219000034,35,30,5
219000039,62,149,-87
219000040,70,76,-6
219000041,123,31,92
219000051,0,33,-33
219000052,1,30,-29
219000053,1,138,-137
219000054,37,76,-39
219000055,159,2,157
219000056,8,0,8
219000057,67,1,66
219000062,19,98,-79
219000063,78,4,74
219000064,1,64,-63
219000110,593,53,540
219000111,147,44,103
219000112,168,43,125
219000113,116,138,-22
219000114,155,335,-180
219000116,111,75,36
219000117,117,47,70
219000118,445,51,394
219000123,206,60,146
219000124,94,36,58
219000125,8,11,-3
219000126,71,86,-15
219000127,0,3,-3
219000128,11,81,-70
219000129,28,81,-53
219000130,456,387,69
219000131,511,715,-204
219000133,83,29,54
219000134,15,9,6
219000135,42,60,-18
219000136,84,170,-86
219000138,67,24,43
219000139,30,52,-22
219000140,45,4,41
219000141,32,82,-50
219000142,20,79,-59
219000143,9,90,-81
219000145,28,39,-11
219000146,6,18,-12
219000147,3,34,-31
219000148,5,31,-26
219000149,10,54,-44
219000150,2,59,-57
219000151,3,34,-31
219000157,207,170,37
219000158,375,218,157
219000161,129,5,124
219000163,1580,603,977
219000166,339,202,137
219000167,187,203,-16
219000168,204,109,95
219000174,334,147,187
219000175,75,7,68
219000176,109,3,106
219000177,44,1,43
219000178,38,5,33
219000179,14,7,7
219000180,52,37,15
219000182,143,35,108
219000183,87,39,48
219000184,141,3,138
219000185,1,47,-46
219000186,48,40,8
219000187,35,60,-25
219000189,95,157,-62
219000190,75,202,-127
219000191,825,1119,-294
219000192,184,117,67
219000193,219,111,108
219000195,3,35,-32
219000196,6,90,-84
219000198,24,100,-76
219000199,40,182,-142
219000200,55,163,-108
219000201,67,236,-169
219000203,24,137,-113
219000204,117,166,-49
219000205,53,128,-75
219000207,91,234,-143
219000209,26,48,-22
219000210,72,91,-19
219000213,13,146,-133
219000239,257,233,24
219000240,204,381,-177
219000241,146,163,-17
219000242,107,149,-42
219000243,107,201,-94
219000244,25,119,-94
219000245,31,50,-19
219000246,24,34,-10
219000247,141,42,99
219000248,548,355,193
219000249,130,106,24
219000250,175,113,62
219000251,534,221,313
219000252,201,180,21
219000253,424,81,343
219000255,99,84,15
219000256,175,88,87
219000257,92,0,92
219000262,77,129,-52
219000263,69,145,-76
219000267,3,72,-69
219000268,3,4,-1
219000269,4,0,4
219000270,5,0,5
219000271,70,2,68
219000278,5,6,-1
219000279,4,3,1
219000283,0,9,-9
219000295,7,79,-72
219000296,57,452,-395
219000297,20,108,-88
219000298,10,114,-104
219000299,383,75,308
219000300,30,179,-149
219000301,224,363,-139
219000302,33,249,-216
219000307,30,51,-21
219000308,59,39,20
219000311,198,62,136
219000312,655,127,528
219000313,343,69,274
219000314,58,380,-322
219000315,275,61,214
219000316,503,57,446
219000317,88,24,64
219000320,0,65,-65
219000321,0,19,-19
219000323,6,58,-52
219000325,1,10,-9
219000326,75,68,7
219000327,48,42,6
219000328,22,66,-44
219000329,438,115,323
219000330,62,36,26
219000331,75,53,22
219000332,117,108,9
219000333,13,6,7
219000335,76,1,75
219000337,16,1,15
219000338,52,1,51
219000344,55,70,-15
219000345,44,134,-90
219000346,29,86,-57
219000348,95,83,12
219000349,38,147,-109
219000350,174,258,-84
219000351,6,10,-4
219000352,567,164,403
219000353,102,73,29
219000354,180,83,97
219000355,157,61,96
219000356,1279,1179,100
219000363,278,56,222
219000364,83,48,35
219000365,112,18,94
219000366,295,251,44
219000368,362,627,-265
219000370,1215,452,763
219000371,13,23,-10
219000382,25,33,-8
219000383,685,1046,-361
219000385,545,447,98
219000386,704,1399,-695
219000387,2,18,-16
219000390,25,1,24
219000391,0,2,-2
219000397,84,71,13
219000398,80,90,-10
219000401,19,103,-84
219000402,38,60,-22
219000403,210,311,-101
219000404,25,132,-107
219000407,3,43,-40
219000409,53,55,-2
219000410,104,39,65
219000411,43,9,34
219000446,173,367,-194
219000447,2,20,-18
219000448,31,4,27
219000452,145,64,81
219000453,68,121,-53
219000454,193,312,-119
219000556,215,87,128
219000558,160,196,-36
219000590,32,137,-105
219000591,62,82,-20
219000592,97,335,-238
219000595,8,19,-11
219000635,233,57,176
219000636,24,54,-30
219000657,76,51,25
219000658,57,112,-55
219000673,0,22,-22
219000676,82,14,68
219000679,32,6,26
219000684,66,2,64
219000685,1,56,-55
219000686,3,7,-4
219000688,0,65,-65
219000689,27,225,-198
219000690,153,34,119
219000691,68,169,-101
219000692,180,32,148
219000693,0,25,-25
219000694,11,0,11
219000695,20,4,16
219000698,18,1,17
219000699,0,21,-21
219000727,2,70,-68
219000728,144,6,138
219000770,55,1,54
219000771,2,48,-46
219000788,430,161,269
219001150,3,24,-21
219001151,2,3,-1
219001166,30,28,2
219001167,1,97,-96
219001178,35,1,34
220000001,43,70,-27
220000002,16,91,-75
220000003,344,256,88
220000004,695,565,130
220000005,1660,1979,-319
220000006,248,873,-625
220000007,340,534,-194
220000008,331,833,-502
220000009,252,370,-118
220000010,239,116,123
220000011,567,2852,-2285
220000012,124,300,-176
220000014,120,69,51
220000015,54,181,-127
220000017,50,236,-186
220000018,4305,1789,2516
220000019,68,232,-164
220000020,284,289,-5
220000021,634,228,406
220000022,588,370,218
220000023,303,116,187
220000024,1897,316,1581
220000025,1089,984,105
220000026,222,295,-73
220000027,45,81,-36
220000028,44,38,6
220000029,83,154,-71
220000030,95,88,7
220000031,383,288,95
220000064,25,1003,-978
221000046,15,0,15
221000047,0,5,-5
221000048,0,2,-2
221000049,0,9,-9
221000050,32,1,31
221000055,37,67,-30
221000057,51,12,39
221000068,319,145,174
221000069,319,71,248
221000070,158,34,124
221000071,99,5,94
221000072,233,12,221
221000073,204,41,163
221000074,3,21,-18
221000075,18,16,2
221000076,10,26,-16
221000077,32,90,-58
221000081,41,9,32
221000082,55,7,48
221000083,35,4,31
221000084,6,2,4
221000085,35,88,-53
221000086,16,93,-77
221000087,5,158,-153
221000088,9,181,-172
221000089,38,272,-234
221000090,129,499,-370
221000098,100,25,75
221000099,152,13,139
221000100,79,7,72
221000101,148,20,128
221000102,113,19,94
221000109,3,97,-94
221000110,7,100,-93
221000111,16,184,-168
221000112,2,135,-133
221000113,14,152,-138
221000114,10,177,-167
221000120,22,46,-24
221000121,4,41,-37
221000122,46,34,12
221000123,6,10,-4
221000124,28,168,-140
221000155,59,8,51
221000156,57,20,37
221000175,1,4,-3
221000176,4,1,3
221000182,53,9,44
221000241,570,328,242
221000242,236,458,-222
221000243,533,189,344
221000244,366,451,-85
221000245,89,94,-5
221000246,52,267,-215
221000247,64,120,-56
221000248,104,96,8
221000267,57,616,-559
221000325,174,71,103
221000331,4,75,-71
221000338,18,23,-5
221000378,132,15,117
221000381,38,67,-29
222000282,16,2,14
222000296,6,23,-17
222000568,246,33,213
222000569,186,68,118
222000570,142,35,107
222000571,201,34,167
222000577,15,166,-151
222000578,47,172,-125
222000579,35,166,-131
222000580,115,925,-810
222000599,2,172,-170
222000600,3,337,-334
222000601,2,969,-967
222000603,30,21,9
222000604,8,43,-35
222000605,17,21,-4
222000606,2,10,-8
222000607,18,3,15
222000608,13,13,0
222000609,59,258,-199
222000616,276,38,238
222000617,51,23,28
222000618,8,10,-2
222000620,27,14,13
222000621,92,14,78
222000623,512,8,504
222000624,265,3,262
222000625,515,26,489
222000636,45,7,38
222000686,101,5,96
222000687,59,26,33
222001066,350,2,348
222001067,18,1,17
222001068,31,34,-3
222001069,38,44,-6
222001082,15,56,-41
222001083,37,62,-25
222001084,0,19,-19
222001085,6,230,-224
222001111,44,155,-111
222001112,78,35,43
222001313,21,8,13
222001314,14,118,-104
222001464,69,66,3
222001465,11,71,-60
222001484,76,64,12
222001485,14,47,-33
222001494,369,129,240
222001495,201,247,-46
222001496,300,95,205
222001497,171,469,-298
222001502,19,125,-106
222001503,106,36,70
222001504,15,391,-376
222001505,261,39,222
222001506,53,464,-411
222001507,291,33,258
222001510,377,49,328
222001511,65,450,-385
222001514,631,272,359
222001515,297,584,-287
222001518,270,122,148
222001519,67,276,-209
222001527,220,68,152
222001528,53,138,-85
222001529,232,81,151
222001530,51,235,-184
222001533,394,349,45
222001534,405,40,365
222001535,135,229,-94
222001536,88,246,-158
222001537,398,67,331
222001538,81,566,-485
222001563,641,100,541
222001564,85,539,-454
222001568,436,105,331
222001576,4,1,3
222001579,0,7,-7
222001583,20,165,-145
222001584,113,7,106
222001596,1253,1151,102
222001597,3206,313,2893
222001626,0,171,-171
222001650,394,135,259
222001651,381,147,234
222001914,191,83,108
222001915,77,185,-108
222001968,416,216,200
222001969,383,805,-422
222001970,153,209,-56
222001971,34,27,7
222001972,6,27,-21
225000001,401,129,272
225000002,517,122,395
225000003,503,90,413
225000004,348,187,161
225000005,179,44,135
225000006,1,149,-148
225000007,1471,1154,317
225000010,257,16,241
225000011,334,691,-357
225000012,201,399,-198
225000013,106,101,5
225000014,699,70,629
225000015,72,169,-97
225000021,636,129,507
225000027,194,440,-246
225000032,646,138,508
225000042,65,572,-507
225000049,53,68,-15
225000050,73,18,55
225000053,7,259,-252
225000058,506,147,359
225000067,358,117,241
225000068,79,302,-223
225000069,125,401,-276
225000070,63,337,-274
225000071,20,123,-103
225000075,13,664,-651
225000076,45,97,-52
225000078,65,29,36
225000085,57,141,-84
225000086,200,60,140
225000087,155,13,142
225000088,12,183,-171
225000089,197,779,-582
225000090,62,398,-336
225000091,146,140,6
225000092,334,75,259
225000093,208,228,-20
225000094,21,267,-246
225000095,220,392,-172
225000096,330,483,-153
225000098,590,320,270
225000099,253,166,87
225000100,257,117,140
225000104,115,409,-294
225000110,21,393,-372
225000111,215,948,-733
225000112,258,967,-709
225000113,226,487,-261
225000114,56,204,-148
225000115,1267,579,688
225000116,894,149,745
225000117,601,253,348
225000118,812,209,603
225000119,197,71,126
225000120,696,42,654
225000121,212,19,193
225000123,466,19,447
225000125,314,175,139
225000126,652,153,499
225000127,590,774,-184
225000128,373,548,-175
225000132,243,45,198
225000133,221,46,175
225000134,557,146,411
225000135,52,12,40
225000136,245,12,233
225000137,234,31,203
225000138,307,71,236
225000143,49,456,-407
225000144,3,409,-406
225000145,75,43,32
225000146,63,80,-17
225000147,23,274,-251
225000148,10,242,-232
225000149,51,483,-432
225000151,32,200,-168
225000155,327,397,-70
225000156,186,741,-555
225000157,201,304,-103
225000158,74,284,-210
225000171,6,155,-149
225000180,39,0,39
225000181,0,38,-38
225000182,66,14,52
225000185,16,320,-304
225000187,106,282,-176
225000191,140,0,140
225000194,0,1,-1
225000208,5,55,-50
225000209,67,13,54
225000210,1,223,-222
225000217,1,31,-30
225000218,22,2,20
225000223,2,24,-22
225000224,77,0,77
225000225,0,7,-7
225000226,46,2,44
225000227,37,61,-24
225000228,14,4,10
225000229,0,67,-67
225000230,128,2,126
225000231,1,60,-59
225000232,89,0,89
225000241,95,3,92
225000242,0,29,-29
225000249,2,0,2
225000250,62,726,-664
225000251,302,25,277
225000254,6,2,4
225000256,0,22,-22
225000257,0,33,-33
226000042,322,429,-107
226000043,54,262,-208
226000044,104,443,-339
226000045,60,304,-244
226000046,271,67,204
226000047,344,91,253
226000048,280,75,205
226000049,234,129,105
226000070,0,23,-23
226000071,0,45,-45
226000072,1,15,-14
226000073,0,6,-6
226000074,0,5,-5
226000084,1,62,-61
226000085,1,18,-17
226000086,0,6,-6
226000087,0,13,-13
226000088,61,59,2
226000090,236,73,163
226000091,22,58,-36
226000092,4,41,-37
226000093,23,4,19
226000094,12,5,7
226000095,19,3,16
226000105,17,0,17
226000106,4,0,4
226000107,3,1,2
226000108,25,0,25
226000109,53,0,53
226000124,99,73,26
226000134,577,490,87
226000135,1528,498,1030
226000136,2333,397,1936
226000137,3,313,-310
226000138,5,185,-180
226000139,1,21,-20
226000156,138,4,134
226000157,167,4,163
226000163,68,126,-58
226000202,20,288,-268
226000231,392,11,381
226000232,32,6,26
227000033,190,56,134
227000036,251,58,193
227000037,217,29,188
227000038,211,40,171
227000084,3,75,-72
227000085,0,36,-36
227000088,47,1,46
227000089,165,0,165
227000090,31,0,31
227000091,12,0,12
227000092,25,1,24
227000093,196,2,194
227000094,31,1,30
227000130,29,60,-31
227000131,35,167,-132
227000132,5,168,-163
227000133,13,192,-179
227000134,19,272,-253
227000152,0,5,-5
227000153,0,33,-33
227000154,0,22,-22
227000155,1,11,-10
227000156,0,18,-18
227000165,3,18,-15
227000196,311,236,75
227000199,241,500,-259
227000230,24,421,-397
227000232,398,21,377
227000242,34,340,-306
227000243,374,64,310
227000245,14,250,-236
227000246,117,340,-223
227000247,296,78,218
227000248,80,25,55
227000249,18,144,-126
227000250,260,100,160
227000251,102,170,-68
227000252,8,236,-228
227000253,105,15,90
227000262,224,59,165
227000266,795,11,784
227000267,36,1278,-1242
227000282,15,173,-158
227000284,409,31,378
227000286,3,95,-92
227000287,7,164,-157
227000291,13,494,-481
227000296,182,205,-23
227000484,215,19,196
227000485,29,746,-717
227000655,145,15,130
227000656,501,60,441
227000657,108,7,101
227000661,205,4,201
229000265,6,46,-40
229000296,8,11,-3
229000297,3,26,-23
229000298,2,142,-140
229000320,17,4,13
229000321,45,5,40
229000412,15,48,-33
229000414,4,40,-36
229000415,31,0,31
229000416,1,7,-6
229000417,6,19,-13
229000419,98,297,-199
229000440,334,91,243
229000442,23,11,12
229000443,12,5,7
229000444,1,30,-29
229000445,81,9,72
229000446,85,16,69
229000491,3,13,-10
229000492,5,91,-86
229000493,5,110,-105
229000494,63,10,53
229000495,103,11,92
229000496,45,5,40
229000507,0,77,-77
229000508,0,33,-33
229000509,1,56,-55
229000510,4,23,-19
229000511,2,44,-42
229000512,0,24,-24
229000513,0,7,-7
229000514,0,6,-6
229000517,2,11,-9
229000518,12,26,-14
229000519,2,8,-6
229000520,20,47,-27
229000521,48,19,29
229000522,40,11,29
229000523,8,7,1
229000524,2,3,-1
229000527,1,2,-1
229000528,1,0,1
229000529,3,0,3
229000530,40,3,37
229000531,29,0,29
229000532,25,0,25
229000533,58,0,58
229000534,60,2,58
229000564,51,1,50
229000565,16,1,15
229000566,0,4,-4
229000567,0,47,-47
229000582,85,5,80
229000583,1,1,0
229000584,3,22,-19
229000585,6,68,-62
229000718,0,4,-4
229000719,0,6,-6
229000720,0,13,-13
229000721,0,9,-9
229000722,0,9,-9
229000723,0,9,-9
229000724,0,2,-2
229000725,1,2,-1
229000738,3,0,3
229000739,3,0,3
229000740,3,0,3
229000741,16,0,16
229000742,12,0,12
229000743,2,0,2
229000744,6,0,6
229000745,3,0,3
229000746,25,0,25
229000847,37,1,36
229000848,21,1,20
229000849,68,0,68
229000851,19,0,19
229000854,0,21,-21
229000856,0,73,-73
229000857,0,28,-28
229000858,0,35,-35
229000919,29,89,-60
229000930,4,197,-193
229000937,41,21,20
229000966,45,24,21
229000981,16,31,-15
229000985,6,43,-37
229000986,1,10,-9
229000987,0,0,0
229000988,2,5,-3
229000989,5,3,2
229000990,3,3,0
229000991,6,1,5
229000992,9,13,-4
229000993,134,19,115
229000998,11,55,-44
229000999,62,11,51
229001034,0,22,-22
229001035,16,2,14
229001037,48,8,40
229001042,19,16,3
229001047,4,46,-42
229001050,31,42,-11
229001168,0,11,-11
229001200,14,0,14
229001338,4,26,-22
229001394,164,5,159
229001422,99,18,81
229001423,42,119,-77
229001431,51,49,2
229001432,33,56,-23
229001444,184,30,154
229001445,31,140,-109
229001479,18,6,12
229001503,151,84,67
229001504,137,140,-3
229001505,73,20,53
229001506,59,113,-54
229001509,38,19,19
229001545,49,5,44
229001546,13,70,-57
229001553,94,20,74
229001554,78,82,-4
229001630,55,7,48
229001631,3,21,-18
229001635,5,13,-8
229001636,28,0,28
229001658,0,94,-94
229001659,36,8,28
229001660,9,3,6
229001661,6,20,-14
229001662,27,0,27
229001663,0,16,-16
229002584,187,176,11
229002831,179,129,50
229002841,11,23,-12
229002842,19,19,0
229002843,81,25,56
229002844,37,54,-17
229002845,8,104,-96
229002846,75,15,60
229002847,2,8,-6
229002848,19,13,6
229002849,3,104,-101
229002850,14,4,10
229002851,47,225,-178
229002852,356,31,325
229002853,177,17,160
229002854,50,57,-7
229002855,4,50,-46
229002856,50,21,29
229002857,8,168,-160
229002858,25,14,11
229002859,46,149,-103
229002860,498,24,474
229002861,80,30,50
229002862,42,30,12
229002863,9,19,-10
229002864,21,30,-9
229002865,9,11,-2
229002866,32,21,11
229002867,0,21,-21
229002868,25,15,10
229002869,13,107,-94
229002870,40,16,24
235000066,526,97,429
235000067,112,123,-11
235000072,25,60,-35
235000073,72,244,-172
235000074,25,94,-69
235000080,18,82,-64
235000081,110,133,-23
235000082,102,71,31
235000083,188,113,75
235000084,23,64,-41
235000085,80,79,1
235000089,55,39,16
235000092,45,116,-71
235000093,3,3,0
235000097,8,6,2
235000098,65,8,57
235000099,40,24,16
235000116,60,25,35
235000117,795,25,770
235000133,15,352,-337
235000134,11,159,-148
235000206,10,1,9
235000207,2,3,-1
235000208,6,3,3
235000209,3,0,3
235000210,10,1,9
235000212,2,11,-9
235000213,1,10,-9
235000220,3,8,-5
235000221,80,26,54
235000238,12,68,-56
235000239,3,14,-11
235000242,363,445,-82
235000245,567,187,380
235000246,8,63,-55
235000284,46,80,-34
235000295,169,11,158
235000305,234,12,222
235000306,175,6,169
235000307,22,2,20
235000308,22,0,22
235000309,58,0,58
235000310,44,0,44
235000311,161,43,118
235000322,0,38,-38
235000323,0,53,-53
235000324,0,30,-30
235000325,1,7,-6
235000326,4,202,-198
235000351,1,35,-34
235000352,15,35,-20
235000353,3,18,-15
235000354,5,27,-22
235000355,7,30,-23
235000356,112,12,100
235000357,53,18,35
235000358,132,11,121
235000359,13,3,10
235000360,51,19,32
235000361,70,21,49
235000381,73,157,-84
235000382,109,23,86
235000390,13,5,8
235000391,174,29,145
235000392,164,202,-38
235000393,105,104,1
235000395,102,32,70
235000396,410,77,333
235000400,56,42,14
235000401,16,137,-121
235000405,64,337,-273
235000406,61,299,-238
235000407,204,63,141
235000409,222,140,82
235000410,37,200,-163
235000411,1,58,-57
235000485,0,15,-15
235000486,16,0,16
235000549,84,103,-19
235000550,81,166,-85
235000599,107,71,36
235000600,7,10,-3
235000601,20,32,-12
235000602,82,79,3
235000614,0,4,-4
235000648,1,30,-29
235000649,33,4,29
235000685,2,5,-3
235000815,7,16,-9
235000834,0,14,-14
235000855,56,45,11
235000862,23,113,-90
235000891,0,18,-18
235000892,17,2,15
235000901,82,92,-10
235000907,11,7,4
235001010,61,105,-44
235001029,434,401,33
235001030,358,229,129
235001078,85,80,5
235001079,72,116,-44
235001147,6,43,-37
235001166,11,71,-60
235001167,22,53,-31
235001169,16,257,-241
235001188,2,4,-2
235001189,11,0,11
235001197,5,13,-8
235001200,38,33,5
235001207,111,11,100
235001210,20,88,-68
235001215,19,93,-74
235001239,1,34,-33
235001244,0,7,-7
235016267,0,41,-41
277101746,0,1,-1
277102712,3,0,3
277103813,0,0,0
277103814,0,0,0
277103898,0,2,-2
277104249,0,0,0
277104250,0,1,-1
277104251,0,5,-5
277104252,0,2,-2
990011530,0,225,-225
990014944,2,631,-629
990015176,14,4,10
990015618,0,214,-214
990016032,3,357,-354
990032570,1,251,-250
990070001,49,2,47
990070103,0,5,-5
990070601,0,50,-50
990070751,758,5,753
990070766,0,453,-453
990071180,492,214,278
990071343,49,3,46
990071387,0,22,-22
990071823,570,6,564
990072600,2,829,-827
990072964,0,464,-464
990073285,0,6,-6
990074393,2,844,-842
990074870,1293,9,1284
990075106,1614,16,1598
990075746,512,8,504
990076437,998,7,991
990076458,0,672,-672
997000007,575,11,564
997000041,1,193,-192
997000058,65,1,64
997000062,36,1,35
997000069,0,3,-3
997000070,1,34,-33
997000100,39,1,38
997000141,7,2804,-2797
997000198,15,1382,-1367
998000475,4,43,-39
998000736,0,175,-175
998000965,0,18,-18
998001031,0,71,-71
998001700,0,25,-25
998001899,0,2,-2
998001900,17,4,13
998003073,2164,4,2160
998101900,0,0,0
998102850,3,244,-241
998501927,998,582,416
998501929,108,4,104
998501930,84,0,84
998501931,663,13,650
998501932,3,0,3
998501933,77,4,73
998501937,51,26,25
998501944,7,0,7
998501970,198,16,182
998501971,0,79,-79
998501973,0,63,-63
998501974,1,258,-257
998501975,119,3,116
998501976,93,37,56
998501977,0,13,-13
998501978,37,0,37
998501979,0,11,-11
998501980,53,1,52
998501981,39,3,36
998501982,0,108,-108
998502006,1,0,1
998502024,0,2,-2
998502032,0,3,-3
998502062,13,0,13
998502063,0,0,0
998502173,23,3,20
998502269,0,4,-4
998601159,12,156,-144
998601292,3,21,-18
999033574,0,477,-477
999800001,115,66,49
999800002,0,6,-6
999800003,0,0,0
999800004,0,5,-5
999800005,0,4,-4
