ID,insum,outsum,diff
100000001,879,1006,-127
100000002,4314,4448,-134
100000003,4581,6995,-2414
100000004,579,1644,-1065
100000005,2687,5901,-3214
100000006,590,316,274
100000007,2604,1025,1579
100000008,110,539,-429
100000009,448,432,16
100000010,36,168,-132
100000011,594,157,437
100000012,63,1023,-960
100000013,40,301,-261
100000014,230,468,-238
100000015,1621,2443,-822
100000016,579,1504,-925
100000017,495,1065,-570
100000018,910,791,119
100000019,3118,2089,1029
100000020,1412,6279,-4867
100000021,4751,2458,2293
100000022,952,3544,-2592
100000023,3642,1939,1703
100000025,631,1958,-1327
100000028,795,1402,-607
100000029,147,450,-303
100000030,92,58,34
100000031,2725,6563,-3838
100000032,1578,3886,-2308
100000033,1110,2958,-1848
100000034,169,1059,-890
100000035,847,1834,-987
100000036,904,1838,-934
100000037,704,506,198
100000038,2714,1185,1529
100000039,346,351,-5
100000040,265,215,50
100000041,1879,724,1155
100000042,1077,528,549
100000043,773,521,252
100000044,212,676,-464
100000045,411,798,-387
100000046,512,747,-235
100000047,234,403,-169
100000048,331,604,-273
100000049,1628,1303,325
100000051,394,565,-171
100000053,147,4,143
100000054,317,39,278
100000055,674,399,275
100000056,472,749,-277
100000057,2472,547,1925
100000058,858,863,-5
100000059,22,279,-257
100000060,557,382,175
100000061,2754,535,2219
100000062,1789,678,1111
100000063,1239,274,965
100000064,1508,461,1047
100000065,301,656,-355
100000066,126,633,-507
100000067,290,620,-330
100000068,360,1370,-1010
100000069,275,1071,-796
100000072,184,647,-463
100000073,975,802,173
100000075,696,271,425
100000076,1600,4410,-2810
100000077,143,420,-277
100000078,28,43,-15
100000079,54,57,-3
100000080,17,69,-52
100000081,115,267,-152
100000102,3393,5259,-1866
100000103,1622,2135,-513
100000104,2960,3084,-124
100000105,1410,2268,-858
100000106,1371,3138,-1767
100000107,178,1600,-1422
100000108,337,890,-553
100000109,1067,1648,-581
100000116,767,913,-146
100000117,58,220,-162
100000118,667,1589,-922
100000119,683,1112,-429
100000121,246,477,-231
100000122,722,1612,-890
100000123,1543,3417,-1874
100000124,3339,4556,-1217
100000125,4465,2374,2091
100000126,539,770,-231
100000127,985,554,431
100000128,1447,3214,-1767
100000129,397,749,-352
100000130,723,430,293
100000131,1207,2289,-1082
100000132,845,2643,-1798
100000133,2384,1620,764
100000135,785,1745,-960
100000139,205,560,-355
100000140,195,365,-170
100000142,734,624,110
100000143,786,356,430
100000144,2248,726,1522
100000147,1435,3906,-2471
100000150,111,626,-515
100000151,777,2124,-1347
100000153,233,578,-345
100000154,44,451,-407
100000155,11,73,-62
100000156,366,419,-53
100000157,331,259,72
100000158,283,176,107
100000159,121,802,-681
100000165,788,797,-9
100000169,81,1270,-1189
100000174,284,1157,-873
100000179,84,538,-454
100000180,898,2628,-1730
100000181,488,697,-209
100000188,72,181,-109
100000189,966,509,457
100000190,492,1757,-1265
100000191,757,926,-169
100000192,29,104,-75
100000193,257,230,27
100000330,668,1043,-375
100000355,174,900,-726
100000362,2628,1750,878
100000363,6087,5816,271
100000364,85,266,-181
100000365,6449,9969,-3520
100000366,2485,1878,607
100000367,5094,7374,-2280
100000368,2893,1009,1884
100000369,633,2631,-1998
100000370,193,1190,-997
100000376,74,206,-132
100000379,1434,2033,-599
100000380,3985,6297,-2312
100000384,5583,6584,-1001
100000385,1517,4156,-2639
100000386,3746,6305,-2559
100000387,2733,6199,-3466
100000388,3006,7757,-4751
100000389,4265,7815,-3550
100000390,4672,7373,-2701
100000391,3602,12250,-8648
100000392,1635,4667,-3032
100000393,1574,6489,-4915
100000394,4228,9729,-5501
100000395,2654,6806,-4152
100000396,3894,3852,42
100000397,2983,9008,-6025
100000398,7093,5866,1227
100900002,45,7,38
100900003,452,340,112
100900004,16,992,-976
100900005,131,21,110
100900006,80,41,39
100900007,244,14,230
100900008,1,381,-380
100900009,108,209,-101
100900010,148,39,109
100900011,253,190,63
100900012,3,67,-64
100900013,1243,17,1226
100900014,15,6,9
100900015,86,73,13
100900016,7,23,-16
100900017,1405,122,1283
100900018,0,9,-9
100900019,38,144,-106
100900020,422,13,409
100900021,492,2,490
100900022,32,50,-18
100900023,0,31,-31
100900024,353,11,342
100900025,13,13,0
100900026,156,109,47
100900027,518,3103,-2585
100900028,132,386,-254
100900029,50,7,43
100900030,7,204,-197
100900031,1057,59,998
100900032,453,0,453
100900033,196,342,-146
100900034,1016,6,1010
100900035,261,1,260
100900036,19,0,19
100900037,184,180,4
100900038,101,59,42
100900039,290,307,-17
100900040,648,377,271
100900041,1143,381,762
100900042,1714,2407,-693
100900043,1,32,-31
100900044,1402,560,842
100900045,1,0,1
100900046,1356,17,1339
100900047,701,354,347
100900048,135,59,76
100900049,137,135,2
100900050,1,16,-15
100900051,43,171,-128
100900052,456,63,393
100900053,748,43,705
100900054,19,32,-13
100900055,192,1111,-919
100900056,45,91,-46
100900057,2359,1452,907
100900058,222,215,7
100900059,147,4,143
100900060,344,11,333
100900061,296,160,136
100900062,8,33,-25
100900063,346,968,-622
100900064,807,50,757
100900065,96,173,-77
100900066,191,291,-100
100900067,11,16,-5
100900068,143,125,18
100900069,325,6,319
100900070,624,20,604
100900071,547,245,302
100900072,5,27,-22
100900073,291,323,-32
100900074,4,4,0
100900075,1727,303,1424
100900076,5,38,-33
100900077,65,40,25
100900078,134,332,-198
100900079,13,18,-5
100900080,104,100,4
100900081,76,159,-83
100900082,295,334,-39
100900083,23,29,-6
100900085,28,693,-665
100900086,120,550,-430
100900088,215,247,-32
100900089,2,12,-10
100900090,128,677,-549
100900091,4,13,-9
100900092,136,180,-44
100900093,379,373,6
100900094,249,184,65
100900095,9,16,-7
100900096,66,203,-137
100900097,2,2,0
100900098,31,34,-3
100900099,23,430,-407
100900100,15,765,-750
100900101,315,78,237
100900102,32,291,-259
100900103,16,14,2
100900104,4,142,-138
100900105,34,942,-908
100900106,47,6,41
100900107,1977,1068,909
100900108,14,121,-107
100900109,27,28,-1
100900110,3,38,-35
100900111,35,162,-127
100900112,4,25,-21
100900113,36,70,-34
100900114,15,20,-5
100900115,6,22,-16
100900116,1229,529,700
100900117,391,1442,-1051
100900118,9,58,-49
100900119,10,27,-17
100900120,45,6,39
100900121,506,469,37
100900122,111,134,-23
100900123,123,131,-8
100900124,9,14,-5
100900125,9,99,-90
100900126,296,142,154
100900127,1,7,-6
100900128,125,242,-117
100900129,2,438,-436
100900131,62,313,-251
100900133,64,45,19
100900134,7,3,4
100900135,2,430,-428
100900137,354,268,86
100900138,405,609,-204
100900139,4,3,1
100900140,8,311,-303
100900141,4,772,-768
100900142,0,28,-28
100900143,470,554,-84
100900144,17,5,12
100900145,83,262,-179
100900146,11,92,-81
100900147,18,740,-722
100900148,45,299,-254
100900149,26,248,-222
100900150,1,37,-36
100900151,133,612,-479
100900152,215,7,208
100900153,6,227,-221
100900154,17,259,-242
100900155,27,15,12
100900156,27,10,17
100900157,27,1428,-1401
100900158,656,112,544
100900159,18,161,-143
100900160,44,3,41
100900161,29,23,6
100900162,17,1014,-997
100900163,99,125,-26
100900164,77,47,30
100900165,29,30,-1
100900166,20,5,15
100900167,25,75,-50
100900168,23,410,-387
100900169,75,796,-721
100900170,15,2,13
100900171,12,424,-412
100900172,0,19,-19
100900173,9,176,-167
100900174,101,24,77
100900176,1997,270,1727
100900177,571,285,286
100900178,241,267,-26
100900179,364,549,-185
100900180,3,5,-2
100900181,58,86,-28
100900182,37,31,6
100900184,44,90,-46
100900186,649,419,230
100900187,9,69,-60
100900188,45,12,33
100900189,3430,331,3099
100900191,618,1594,-976
100900192,209,529,-320
100900195,158,228,-70
100900197,25,66,-41
100900198,61,95,-34
100900199,11,13,-2
100900200,1040,435,605
100900201,129,1133,-1004
100900202,17,0,17
100900203,2,125,-123
100900204,127,1001,-874
100900205,138,793,-655
100900206,354,139,215
100900207,363,255,108
100900210,124,251,-127
100900211,570,222,348
100900213,308,81,227
100900214,574,119,455
100900215,31,43,-12
100900217,111,129,-18
101000001,1978,2038,-60
101000002,7500,7341,159
101000003,348,1022,-674
101000004,5967,6255,-288
101000005,4632,5405,-773
101000006,5833,8383,-2550
101000007,3165,4971,-1806
101000008,1986,2014,-28
101000009,2305,695,1610
101000010,914,573,341
101000011,1019,456,563
101000012,594,799,-205
101000013,702,1238,-536
101000014,341,495,-154
101000015,1760,1059,701
101000016,262,602,-340
101000017,400,524,-124
101000018,1472,2568,-1096
101000020,1369,795,574
101000021,546,428,118
101000022,177,229,-52
101000023,886,653,233
101000025,400,621,-221
101000026,215,26,189
101000027,2225,3751,-1526
101000028,1027,332,695
101000029,210,1579,-1369
101000030,1197,262,935
101000031,409,1138,-729
101000032,3175,4679,-1504
101000033,1712,4094,-2382
101000034,1113,2162,-1049
101000035,720,338,382
101000036,1271,1386,-115
101000037,1265,2477,-1212
101000039,1521,3068,-1547
101000040,2531,4817,-2286
101000041,2925,8597,-5672
101000042,192,1240,-1048
101000043,3787,8810,-5023
101000045,515,949,-434
101000046,1548,2403,-855
101000047,1402,6012,-4610
101000048,553,506,47
101000049,703,2343,-1640
101000050,1292,2383,-1091
101000051,948,3176,-2228
101000052,1250,1732,-482
101000053,690,1310,-620
101000054,1912,868,1044
101000055,1031,1657,-626
101000056,39,116,-77
101000057,974,1740,-766
101000058,709,1494,-785
101000059,1803,2557,-754
101000060,1911,949,962
101000061,632,1712,-1080
101000062,377,696,-319
101000063,363,1341,-978
101000064,664,1165,-501
101000065,292,762,-470
101000066,609,1314,-705
101000067,680,1107,-427
101000068,151,539,-388
101000069,154,68,86
101000070,732,1266,-534
101000071,2392,1088,1304
101000072,727,3680,-2953
101000073,719,1504,-785
101000074,2746,5335,-2589
101000075,2009,5866,-3857
101000077,1645,1681,-36
101000078,852,1384,-532
101000079,1014,1052,-38
101000080,810,1085,-275
101000081,1707,1560,147
101000082,2319,2323,-4
101000083,3419,2445,974
101000084,1155,646,509
101000085,1481,1200,281
101000086,995,1258,-263
101000087,820,876,-56
101000088,1513,1310,203
101000089,1161,1762,-601
101000090,1807,959,848
101000091,567,494,73
101000092,1568,673,895
101000093,1455,683,772
101000094,1272,946,326
101000095,628,562,66
101000096,531,495,36
101000097,470,667,-197
101000098,370,935,-565
101000099,650,1027,-377
101000100,698,1063,-365
101000101,220,343,-123
101000102,631,680,-49
101000103,603,700,-97
101000104,323,757,-434
101000105,213,571,-358
101000106,579,1420,-841
101000107,438,503,-65
101000108,625,164,461
101000109,747,85,662
101000110,31,259,-228
101000111,87,201,-114
101000113,205,862,-657
101000114,4683,10886,-6203
101000115,42,42,0
101000116,44,36,8
101000117,1394,204,1190
101000119,56,74,-18
101000120,131,136,-5
101000121,51,73,-22
101000122,121,131,-10
101000123,71,136,-65
101000124,876,488,388
101000125,109,287,-178
101000128,254,968,-714
101000130,162,282,-120
101000131,1290,432,858
101000132,1098,647,451
101000135,43,68,-25
101000136,283,221,62
101000137,53,418,-365
101000141,800,4196,-3396
101000147,845,341,504
101000148,606,30,576
101000149,180,377,-197
101000150,114,356,-242
101000151,441,46,395
101000152,340,392,-52
101000153,322,246,76
101000154,413,673,-260
101000155,604,214,390
101000156,29,444,-415
101000157,80,45,35
101000160,18,14,4
101000163,145,504,-359
101000164,313,208,105
101000165,319,389,-70
101000166,273,256,17
101000168,934,485,449
101000252,2823,1078,1745
101000254,70,116,-46
101000258,62,7,55
101000261,111,103,8
101000262,1239,4130,-2891
101000263,337,1449,-1112
101000265,76,766,-690
101000266,408,544,-136
101000269,25,16,9
101000290,704,2688,-1984
101000293,49,33,16
101000294,757,671,86
101000295,172,323,-151
101000301,441,557,-116
101000304,2060,2690,-630
101000305,2643,999,1644
101900001,22,41,-19
101900002,0,13,-13
101900003,55,121,-66
101900004,6,102,-96
101900005,1909,3812,-1903
101900006,1750,83,1667
101900007,950,234,716
101900008,73,258,-185
101900009,44,343,-299
101900010,569,668,-99
101900011,157,953,-796
101900012,330,131,199
101900013,402,170,232
101900017,15,121,-106
101900018,659,318,341
101900019,111,119,-8
101900020,225,203,22
101900021,5,62,-57
101900022,235,573,-338
101900023,245,113,132
102000001,3158,5892,-2734
102000002,2195,900,1295
102000003,2425,7828,-5403
102000004,3085,2688,397
102000005,1157,3004,-1847
102000006,716,1521,-805
102000007,1539,4709,-3170
102000008,3183,1347,1836
102000009,6515,8802,-2287
102000010,3528,2863,665
102000011,4200,3488,712
102000012,2827,2572,255
102000018,2522,2930,-408
102000019,2021,2012,9
102000026,211,419,-208
102000029,229,179,50
102000030,147,393,-246
102000031,97,117,-20
102000032,805,393,412
102000033,320,402,-82
102000034,565,641,-76
102000035,1610,816,794
102000036,12,268,-256
102000037,184,41,143
102000038,123,429,-306
102000039,113,152,-39
102000040,206,429,-223
102000041,126,662,-536
102000042,159,480,-321
102000043,149,358,-209
102000044,302,720,-418
102000045,551,731,-180
102000046,1264,613,651
102000047,755,876,-121
102000048,532,990,-458
102000049,1087,1159,-72
102000050,1050,1014,36
102000051,446,876,-430
102000052,998,795,203
102000053,1032,1138,-106
102000054,841,1034,-193
102000055,1465,350,1115
102000056,1392,444,948
102000057,1538,559,979
102000058,1123,888,235
102000059,1476,1065,411
102000060,894,742,152
102000061,1967,1388,579
102000062,2022,981,1041
102000063,1077,1217,-140
102000064,588,674,-86
102000065,73,131,-58
102000066,736,868,-132
102000067,2685,2527,158
102000068,10126,2863,7263
102000069,122,2749,-2627
102000070,1369,34,1335
102000071,6519,8513,-1994
102000072,2822,3854,-1032
102000073,869,1224,-355
102000074,565,1766,-1201
102000075,141,395,-254
102000076,221,300,-79
102000077,778,520,258
102000078,1115,346,769
102000079,198,161,37
102000080,297,178,119
102000081,345,785,-440
102000082,714,358,356
102000083,770,244,526
102000084,537,185,352
102000085,2157,841,1316
102000086,1364,752,612
102000087,800,1410,-610
102000088,372,350,22
102000089,1482,480,1002
102000090,429,1189,-760
102000091,1099,622,477
102000092,359,576,-217
102000093,487,508,-21
102000094,653,695,-42
102000095,767,1110,-343
102000096,576,918,-342
102000097,890,718,172
102000098,560,821,-261
102000099,913,1121,-208
102000100,239,1121,-882
102000101,452,756,-304
102000102,416,990,-574
102000103,2262,411,1851
102000104,710,354,356
102000105,334,564,-230
102000106,1000,509,491
102000107,1846,385,1461
102000108,661,189,472
102000109,735,408,327
102000110,1710,525,1185
102000111,16,219,-203
102000112,129,157,-28
102000113,28,32,-4
102000114,630,333,297
102000115,359,432,-73
102000116,366,884,-518
102000117,150,1239,-1089
102000118,914,1485,-571
102000119,1310,1631,-321
102000120,307,479,-172
102000121,1192,603,589
102000122,793,1030,-237
102000123,1312,1319,-7
102000124,1746,1257,489
102000125,694,928,-234
102000126,692,773,-81
102000127,1438,740,698
102000128,887,966,-79
102000129,1823,632,1191
102000130,805,973,-168
102000131,2401,971,1430
102000132,1144,1501,-357
102000133,3016,1604,1412
102000134,1124,744,380
102000135,951,971,-20
102000136,1543,622,921
102000137,519,1727,-1208
102000138,203,496,-293
102000139,58,646,-588
102000140,176,1200,-1024
102000141,227,997,-770
102000142,320,306,14
102000143,273,262,11
102000144,425,204,221
102000145,473,376,97
102000146,560,402,158
102000147,627,506,121
102000148,256,517,-261
102000149,308,215,93
102000150,698,105,593
102000151,118,130,-12
102000152,276,169,107
102000153,1155,710,445
102000154,179,482,-303
102000155,65,405,-340
102000156,277,240,37
102000157,87,593,-506
102000158,212,382,-170
102000159,934,952,-18
102000161,2258,2485,-227
102000162,156,166,-10
102000163,115,485,-370
102000164,595,1013,-418
102000165,270,157,113
102000166,66,173,-107
102000167,213,289,-76
102000168,291,196,95
102000169,124,540,-416
102000170,471,313,158
102000171,84,535,-451
102000172,42,647,-605
102000173,466,385,81
102000174,116,88,28
102000175,106,84,22
102000176,82,28,54
102000178,291,294,-3
102000179,566,227,339
102000180,1151,286,865
102000181,1078,446,632
102000182,572,416,156
102000183,2406,1221,1185
102000184,2353,574,1779
102000185,3531,1001,2530
102000186,1793,1161,632
102000187,1210,1109,101
102000188,1530,1191,339
102000189,1888,503,1385
102000190,689,2612,-1923
102000191,1053,422,631
102000192,1783,1861,-78
102000193,128,76,52
102000194,66,135,-69
102000195,433,341,92
102000196,309,258,51
102000197,1007,248,759
102000198,263,450,-187
102000199,1441,252,1189
102000200,358,605,-247
102000201,1692,394,1298
102000202,10,77,-67
102000203,515,136,379
102000204,692,494,198
102000205,1571,307,1264
102000206,787,255,532
102000207,787,462,325
102000208,422,321,101
102000209,77,66,11
102000210,619,261,358
102000211,616,180,436
102000212,517,21,496
102000213,14,159,-145
102000214,476,12,464
102000215,9,226,-217
102000216,89,100,-11
102000217,10,70,-60
102000218,353,254,99
102000219,212,131,81
102000225,444,643,-199
102000226,588,990,-402
102000227,214,4,210
102000228,1,40,-39
102000229,82,61,21
102000230,375,334,41
102000231,328,342,-14
102000232,41,152,-111
102000233,436,487,-51
102000234,120,1002,-882
102000236,241,85,156
102000237,354,108,246
102000238,189,246,-57
102000240,485,870,-385
102000241,218,131,87
102000243,23,42,-19
102000245,10,89,-79
102000246,2,26,-24
102000247,208,385,-177
102000248,221,681,-460
102000249,144,88,56
102000250,71,216,-145
102000254,190,162,28
102000266,15,652,-637
102000271,44,2,42
102000286,480,387,93
102000297,2152,1270,882
102000301,0,0,0
102000303,0,0,0
102000305,0,0,0
102000307,0,2,-2
102000308,0,1,-1
102900001,1340,741,599
102900002,455,72,383
102900003,139,141,-2
102900005,564,233,331
102900006,699,89,610
102900007,750,28,722
102900008,286,39,247
102900009,652,547,105
102900010,263,1077,-814
102900011,1228,497,731
102900012,397,91,306
102900013,63,72,-9
102900015,572,618,-46
102900016,131,52,79
102900017,341,343,-2
102900018,68,63,5
102900019,520,531,-11
102900020,185,16,169
102900021,74,63,11
102900022,398,175,223
102900023,33,88,-55
102900024,39,71,-32
102900025,201,122,79
102900026,320,2169,-1849
102900027,72,91,-19
102900028,331,1099,-768
102900029,184,254,-70
102900030,493,392,101
102900031,329,149,180
102900032,121,110,11
102900033,157,151,6
102900034,655,89,566
102900035,223,235,-12
102900036,424,237,187
102900037,434,228,206
102900038,500,262,238
102900039,33,598,-565
102900040,222,216,6
102900041,138,126,12
102900042,268,214,54
102900043,269,176,93
102900044,507,1272,-765
102900045,192,382,-190
102900046,193,176,17
102900047,168,599,-431
102900048,643,365,278
102900049,133,369,-236
102900050,183,222,-39
102900051,167,184,-17
102900052,60,121,-61
102900053,314,575,-261
102900054,335,1300,-965
102900055,286,353,-67
102900056,104,370,-266
102900057,13,71,-58
102900058,490,68,422
102900059,57,77,-20
102900060,155,359,-204
102900061,223,334,-111
102900062,455,533,-78
102900063,1635,446,1189
102900064,129,489,-360
102900065,941,282,659
102900066,462,26,436
102900068,115,129,-14
102900070,280,552,-272
102900072,8,62,-54
102900073,135,19,116
102900074,174,204,-30
102900075,22,87,-65
102900076,113,189,-76
102900077,64,26,38
102900078,32,86,-54
102900079,203,18,185
102900080,589,49,540
102900081,109,314,-205
102900082,21,267,-246
102900083,156,28,128
102900084,8,86,-78
102900085,334,185,149
102900086,30,142,-112
102900087,198,241,-43
102900088,39,49,-10
102900089,188,123,65
102900090,1,188,-187
102900091,251,4,247
102900092,805,413,392
102900093,397,148,249
102900094,9,148,-139
102900095,129,5,124
102900096,104,7,97
102900097,12,85,-73
103000001,2152,1949,203
103000002,2043,2269,-226
103000003,2840,2566,274
103000004,689,559,130
103000005,1972,3624,-1652
103000006,927,1641,-714
103000007,461,526,-65
103000008,1084,580,504
103000009,1926,1187,739
103000010,154,96,58
103000011,1377,1092,285
103000012,1555,1834,-279
103000013,2582,1603,979
103000014,1439,2761,-1322
103000015,1182,599,583
103000016,534,1709,-1175
103000017,315,434,-119
103000018,640,267,373
103000019,477,449,28
103000020,1667,1318,349
103000021,1755,2220,-465
103000022,688,938,-250
103000023,685,2031,-1346
103000024,86,143,-57
103000025,122,914,-792
103000026,603,129,474
103000027,338,634,-296
103000028,237,339,-102
103000029,175,357,-182
103000030,1239,1304,-65
103000031,927,2202,-1275
103000032,2057,1394,663
103000033,2940,2721,219
103000034,1061,992,69
103000035,445,1373,-928
103000036,361,438,-77
103000037,589,504,85
103000038,647,1154,-507
103000039,664,258,406
103000040,693,518,175
103000041,1953,1291,662
103000042,1580,361,1219
103000043,903,684,219
103000044,365,152,213
103000046,376,464,-88
103000047,744,371,373
103000048,277,156,121
103000049,113,89,24
103000050,809,298,511
103000051,738,466,272
103000052,779,263,516
103000053,233,443,-210
103000054,2588,1274,1314
103000055,2013,1814,199
103000056,868,918,-50
103000057,1085,129,956
103000058,717,656,61
103000059,806,600,206
103000060,760,366,394
103000061,644,801,-157
103000062,1185,382,803
103000063,1080,881,199
103000064,118,127,-9
103000065,4,241,-237
103000066,202,6,196
103000069,447,257,190
103000070,978,548,430
103000071,1484,668,816
103000072,149,467,-318
103000073,794,125,669
103000074,1037,122,915
103000075,143,605,-462
103000076,453,589,-136
103000077,27,287,-260
103000078,787,1031,-244
103000079,439,610,-171
103000080,755,591,164
103000081,381,1218,-837
103000082,470,144,326
103000083,181,286,-105
103000084,140,8,132
103000085,4,96,-92
103000086,373,468,-95
103000087,182,621,-439
103000088,241,285,-44
103000089,285,550,-265
103000090,3360,997,2363
103000091,888,434,454
103000092,305,324,-19
103000093,367,511,-144
103000094,294,138,156
103000095,134,302,-168
103000096,577,86,491
103000097,107,670,-563
103000098,625,215,410
103000099,224,652,-428
103000100,182,469,-287
103000101,1196,177,1019
103000102,173,316,-143
103000103,821,171,650
103000104,119,81,38
103000105,276,85,191
103000106,9,182,-173
103000107,261,94,167
103000108,1007,624,383
103000109,513,423,90
103000110,497,474,23
103000111,441,430,11
103000112,292,328,-36
103000113,391,603,-212
103000114,1373,672,701
103000115,873,467,406
103000116,831,333,498
103000117,497,401,96
103000118,473,447,26
103000119,719,441,278
103000120,140,208,-68
103000121,130,283,-153
103000122,350,469,-119
103000125,51,131,-80
103000126,1033,2,1031
103000127,14,107,-93
103000128,264,6,258
103000129,8,125,-117
103000130,116,53,63
103000131,180,123,57
103000132,109,202,-93
103000133,33,69,-36
103000134,277,1053,-776
103000135,694,279,415
103000136,541,503,38
103000137,358,674,-316
103000138,731,827,-96
103000139,4,79,-75
103000140,131,41,90
103000141,55,138,-83
103000142,101,80,21
103000143,60,161,-101
103000144,219,62,157
103000145,35,183,-148
103000150,110,59,51
103000152,199,226,-27
103000153,194,203,-9
103000156,43,196,-153
103000157,558,5,553
103000159,147,62,85
103000162,63,9,54
103000163,17,26,-9
103000164,7,9,-2
103000165,63,191,-128
103000166,252,345,-93
103000167,182,110,72
103000168,199,150,49
103000169,256,450,-194
103000170,1197,246,951
103000171,26,99,-73
103000172,944,230,714
103000173,950,236,714
103000174,310,221,89
103000175,345,160,185
103000176,1002,876,126
103000177,400,479,-79
103000178,173,351,-178
103000179,191,34,157
103000183,279,14,265
103000185,164,47,117
103000186,196,106,90
103000187,1040,157,883
103000188,37,112,-75
103000189,883,516,367
103000191,514,601,-87
103000292,611,2061,-1450
103000293,961,2839,-1878
103000295,102,143,-41
103000296,211,8,203
103000297,15,319,-304
103000504,44,12,32
103000505,8,56,-48
103000506,2,134,-132
103000507,237,3,234
103000508,98,111,-13
103000509,303,472,-169
103900001,4,61,-57
103900002,877,115,762
103900003,1039,339,700
103900004,219,1,218
103900005,1,118,-117
103900006,6,6,0
103900007,126,7,119
103900008,29,1,28
103900009,587,489,98
103900010,189,279,-90
103900011,509,115,394
103900012,25,42,-17
103900013,80,45,35
103900014,116,29,87
103900015,121,19,102
103900016,225,105,120
103900017,58,48,10
103900018,429,168,261
103900019,95,491,-396
103900020,214,677,-463
103900021,264,84,180
103900022,1166,746,420
103900023,257,3,254
103900024,62,351,-289
103900025,23,38,-15
103900026,21,0,21
103900027,773,236,537
103900028,47,376,-329
103900029,1317,206,1111
103900030,439,176,263
103900031,19,4,15
103900032,126,111,15
103900033,90,37,53
103900034,75,64,11
103900035,66,39,27
103900036,47,103,-56
103900037,98,92,6
103900038,132,243,-111
103900039,187,140,47
103900040,7,124,-117
103900041,118,67,51
103900042,137,162,-25
103900043,344,35,309
103900044,48,503,-455
103900045,416,156,260
103900047,143,10,133
103900048,37,37,0
103900049,120,1233,-1113
103900050,26,208,-182
103900051,2,62,-60
103900052,277,251,26
103900053,430,278,152
103900054,230,210,20
103900055,534,213,321
103900056,67,48,19
103900057,72,68,4
103900058,389,286,103
103900059,0,21,-21
103900060,93,101,-8
103900061,280,24,256
103900062,572,192,380
103900063,3,2,1
103900064,183,4,179
103900065,515,363,152
103900066,308,55,253
103900067,296,19,277
103900068,6,3,3
103900069,131,33,98
103900070,125,201,-76
103900071,9,64,-55
103900072,38,98,-60
103900073,60,73,-13
103900074,76,37,39
103900075,371,49,322
103900076,904,332,572
103900077,45,210,-165
103900078,455,64,391
103900079,171,203,-32
103900080,7,45,-38
103900081,19,45,-26
103900082,24,168,-144
103900083,838,1547,-709
103900084,90,210,-120
103900085,88,124,-36
103900086,1216,446,770
103900087,56,89,-33
103900088,389,672,-283
103900089,79,97,-18
103900090,1,56,-55
103900091,979,168,811
103900092,644,459,185
103900093,77,218,-141
103900094,16,76,-60
103900095,253,203,50
103900096,56,82,-26
103900097,19,458,-439
103900098,381,179,202
103900099,170,62,108
103900100,396,141,255
103900101,89,1002,-913
103900102,6,51,-45
103900104,5,17,-12
103900105,60,128,-68
103900106,0,59,-59
103900107,183,123,60
103900108,70,197,-127
103900109,239,47,192
103900110,388,41,347
103900111,210,296,-86
103900112,203,232,-29
103900113,177,325,-148
103900114,344,192,152
103900115,266,292,-26
103900116,2098,3327,-1229
103900117,150,74,76
103900119,36,98,-62
103900120,128,86,42
103900122,253,90,163
103900123,799,718,81
103900124,77,275,-198
103900125,162,41,121
103900126,732,295,437
103900127,256,225,31
103900128,213,57,156
103900131,60,67,-7
103900133,1128,18,1110
103900134,2,15,-13
103900135,9,5,4
103900137,0,16,-16
103900138,318,121,197
103900139,196,3179,-2983
103900140,10,346,-336
103900141,295,65,230
103900142,356,80,276
103900143,228,3,225
103900144,8,25,-17
103900145,162,282,-120
103900146,353,242,111
103900147,397,120,277
103900148,338,199,139
103900149,619,313,306
103900150,4206,5674,-1468
103900151,59,178,-119
103900152,989,232,757
103900153,4,11,-7
103900154,477,2503,-2026
103900155,58,142,-84
103900156,154,98,56
103900157,117,82,35
103900158,219,75,144
103900159,242,31,211
103900160,70,57,13
103900161,95,133,-38
103900162,65,128,-63
103900163,11,395,-384
103900167,36,142,-106
103900168,228,77,151
103900169,69,117,-48
103900170,3,69,-66
103900171,1,51,-50
103900172,4,14,-10
103900173,13,19,-6
103900174,418,60,358
103900175,43,99,-56
103900176,16,39,-23
103900177,21,65,-44
103900178,142,38,104
103900179,116,60,56
103900180,11,31,-20
103900181,35,29,6
103900182,23,19,4
103900184,264,199,65
103900185,104,623,-519
103900187,9,101,-92
103900188,91,49,42
103900189,128,24,104
103900190,100,72,28
103900191,29,66,-37
103900192,57,144,-87
103900193,86,144,-58
103900194,89,157,-68
103900195,6,138,-132
103900196,43,68,-25
103900197,29,27,2
103900198,29,38,-9
103900199,127,65,62
103900200,269,74,195
103900201,116,154,-38
103900202,16,62,-46
103900203,47,39,8
103900204,3,36,-33
103900207,0,41,-41
103900208,238,5,233
103900209,7,90,-83
103900210,58,25,33
103900211,747,192,555
103900212,183,180,3
103900213,50,172,-122
103900214,232,208,24
103900215,161,299,-138
103900216,13,179,-166
103900217,357,32,325
103900218,2,239,-237
103900219,170,109,61
103900233,62,9,53
103900235,18,41,-23
103900236,10,13,-3
103900242,2,3,-1
103900243,1,1,0
103900244,192,93,99
103900245,101,125,-24
103900246,67,69,-2
103900247,17,48,-31
103900248,1,60,-59
103900249,15,96,-81
103900250,11,27,-16
103900251,1,25,-24
103900253,17,75,-58
103900254,8,17,-9
103900255,3,7,-4
103900256,14,18,-4
103900257,94,103,-9
103900258,15,16,-1
103900259,43,16,27
103900261,18,6,12
103900262,8,3,5
103900263,28,39,-11
103900264,35,39,-4
103900265,18,19,-1
103900266,3,170,-167
103900267,14,47,-33
103900268,20,40,-20
103900269,296,54,242
103900270,88,71,17
103900271,20,11,9
104000001,2565,2032,533
104000002,1556,1807,-251
104000003,2574,2096,478
104000004,2501,2417,84
104000005,1900,2028,-128
104000006,3125,2272,853
104000007,3554,3448,106
104000008,197,178,19
104000009,243,126,117
104000010,227,309,-82
104000011,320,184,136
104000012,152,228,-76
104000013,403,281,122
104000014,256,475,-219
104000015,426,160,266
104000016,509,239,270
104000018,1011,241,770
104000019,734,319,415
104000020,154,358,-204
104000021,282,342,-60
104000022,143,278,-135
104000023,964,446,518
104000024,270,279,-9
104000026,49,306,-257
104000027,257,164,93
104000028,423,175,248
104000029,360,211,149
104000030,401,212,189
104000031,1529,356,1173
104000032,233,214,19
104000033,710,468,242
104000034,424,234,190
104000035,1300,368,932
104000036,1140,463,677
104000037,305,152,153
104000038,635,279,356
104000039,246,143,103
104000040,155,365,-210
104000041,533,341,192
104000042,183,251,-68
104000043,176,261,-85
104000044,207,391,-184
104000045,901,620,281
104000046,734,1000,-266
104000047,671,922,-251
104000048,920,811,109
104000049,631,361,270
104000050,125,662,-537
104000051,147,566,-419
104000052,1791,1474,317
104000053,887,331,556
104000054,574,209,365
104000055,3141,1999,1142
104000056,782,244,538
104000057,174,300,-126
104000058,639,631,8
104000059,649,922,-273
104000060,1322,1378,-56
104000061,1168,1024,144
104000062,493,102,391
104000064,503,290,213
104000065,251,696,-445
104000069,571,1207,-636
104000070,61,467,-406
104000071,128,299,-171
104000072,475,163,312
104000075,217,285,-68
104000076,444,118,326
104000082,2389,3306,-917
104000083,746,254,492
104000084,142,455,-313
104000085,457,316,141
104000086,282,414,-132
104000087,381,1824,-1443
104000090,1060,760,300
104000092,1724,1182,542
104000094,848,840,8
104000095,1747,1100,647
104000096,1911,95,1816
104000097,2277,610,1667
104000098,2948,521,2427
104000100,2200,582,1618
104000101,1220,1072,148
104000106,37,570,-533
104000107,700,275,425
104000108,210,317,-107
104000109,452,196,256
104000110,714,993,-279
104000111,2318,3013,-695
104000112,850,479,371
104000116,2,554,-552
104000117,217,332,-115
104000118,1102,175,927
104000119,857,326,531
104000120,230,405,-175
104000121,325,619,-294
104000122,934,848,86
104000123,870,615,255
104000124,474,1333,-859
104000125,2215,5072,-2857
104000126,624,567,57
104000127,1204,1434,-230
104000128,673,279,394
104000129,446,30,416
104000130,7,320,-313
104000131,282,251,31
104000132,334,267,67
104000133,1435,745,690
104000134,1012,1710,-698
104000135,542,1879,-1337
104000136,701,3721,-3020
104000137,1582,487,1095
104000138,948,422,526
104000139,3188,2575,613
104000141,805,871,-66
104000142,587,401,186
104000143,630,257,373
104000144,138,156,-18
104000145,327,229,98
104000146,211,408,-197
104000147,185,253,-68
104000148,524,201,323
104000149,175,176,-1
104000150,1162,667,495
104000151,333,250,83
104000152,678,387,291
104000153,1022,821,201
104000154,772,367,405
104000155,610,649,-39
104000157,882,975,-93
104000158,204,531,-327
104000159,1086,595,491
104000160,1601,2167,-566
104000161,212,197,15
104000162,99,191,-92
104000165,625,770,-145
104000167,782,1384,-602
104000168,760,13,747
104000169,198,40,158
104000170,224,499,-275
104000248,378,478,-100
104000251,40,139,-99
104000272,0,0,0
104000273,0,0,0
104000274,0,0,0
104000275,0,0,0
104000279,681,437,244
104000290,74,265,-191
104000291,469,999,-530
104000293,942,777,165
104000294,139,0,139
104000295,645,647,-2
104000296,464,473,-9
104000297,630,1744,-1114
104000298,1836,773,1063
104000299,824,1038,-214
104900001,173,231,-58
104900002,101,252,-151
104900003,125,217,-92
104900004,111,133,-22
104900005,460,326,134
104900006,593,86,507
104900007,364,206,158
104900009,204,190,14
104900010,132,55,77
104900011,21,14,7
104900012,228,42,186
104900013,77,20,57
104900014,1808,368,1440
104900015,116,5,111
104900016,352,169,183
104900017,171,108,63
104900018,13,128,-115
104900019,230,4151,-3921
104900020,22,200,-178
104900021,3,87,-84
104900022,20,71,-51
104900023,1,13,-12
104900024,37,86,-49
104900025,61,140,-79
104900026,0,30,-30
104900027,851,437,414
104900028,33,91,-58
104900029,42,54,-12
104900030,545,251,294
104900031,76,186,-110
104900032,52,82,-30
104900033,225,317,-92
104900034,458,202,256
104900035,543,257,286
104900036,319,79,240
104900037,128,156,-28
104900038,243,1031,-788
104900039,523,648,-125
104900040,528,100,428
104900041,415,179,236
104900042,217,207,10
104900043,45,306,-261
104900044,1005,208,797
104900045,440,101,339
104900046,365,74,291
104900047,489,133,356
104900048,407,91,316
104900049,82,68,14
104900050,365,64,301
104900051,355,64,291
104900052,133,9,124
104900053,538,104,434
104900054,247,32,215
104900055,206,3,203
104900056,220,42,178
104900057,61,1,60
104900058,602,1216,-614
104900059,185,171,14
104900060,0,530,-530
104900061,215,228,-13
104900063,1,161,-160
104900064,1,84,-83
104900065,0,236,-236
104900066,7,72,-65
104900067,20,272,-252
104900068,28,193,-165
104900070,190,264,-74
104900071,4,365,-361
104900072,81,256,-175
104900073,200,80,120
104900074,73,177,-104
104900075,92,43,49
104900076,188,178,10
104900077,535,402,133
104900078,247,251,-4
104900079,158,685,-527
104900080,145,378,-233
104900082,8,349,-341
104900085,11,164,-153
104900087,330,12,318
104900089,354,2,352
104900090,1190,944,246
104900091,469,506,-37
104900093,243,314,-71
104900097,1608,2999,-1391
104900098,249,32,217
104900099,74,630,-556
104900100,294,205,89
104900102,43,104,-61
104900103,396,62,334
104900104,1935,2499,-564
104900106,178,86,92
104900107,113,129,-16
104900108,83,120,-37
104900109,131,168,-37
104900110,11,44,-33
104900111,444,104,340
104900112,363,285,78
104900113,895,230,665
104900114,482,273,209
104900115,975,276,699
104900116,457,101,356
104900118,35,23,12
104900119,2,64,-62
104900120,34,413,-379
104900121,0,31,-31
104900122,5,35,-30
104900123,111,36,75
104900124,97,2,95
104900125,452,5,447
104900126,55,39,16
104900127,35,50,-15
104900128,118,88,30
104900129,965,2531,-1566
105000001,2761,1424,1337
105000002,2433,1523,910
105000003,2969,3736,-767
105000004,661,694,-33
105000005,1203,1206,-3
105000006,1508,1789,-281
105000007,1644,1944,-300
105000008,1327,3975,-2648
105000009,3191,3376,-185
105000010,2620,1209,1411
105000011,4044,3277,767
105000012,2982,2022,960
105000013,1165,1417,-252
105000014,2640,3552,-912
105000015,9371,16157,-6786
105000016,1226,1571,-345
105000017,1324,743,581
105000018,941,1667,-726
105000019,919,1012,-93
105000020,136,527,-391
105000021,204,160,44
105000022,257,152,105
105000023,548,241,307
105000028,73,73,0
105000029,711,1661,-950
105000030,2985,1928,1057
105000033,879,1259,-380
105000034,175,1299,-1124
105000037,695,300,395
105000038,1592,1751,-159
105000039,1730,1203,527
105000040,1109,1358,-249
105000041,513,1072,-559
105000042,2549,2023,526
105000043,1187,1712,-525
105000044,888,567,321
105000045,383,422,-39
105000046,1377,433,944
105000047,483,612,-129
105000048,614,172,442
105000049,210,330,-120
105000050,834,402,432
105000051,168,261,-93
105000052,793,792,1
105000053,96,137,-41
105000054,426,725,-299
105000055,766,268,498
105000056,1675,1433,242
105000057,1224,526,698
105000058,1212,899,313
105000059,805,517,288
105000060,455,397,58
105000061,881,501,380
105000062,471,558,-87
105000063,367,264,103
105000064,2318,673,1645
105000065,318,356,-38
105000066,1033,1052,-19
105000067,1846,772,1074
105000068,279,665,-386
105000069,1371,2309,-938
105000070,440,1151,-711
105000071,259,1185,-926
105000072,837,2886,-2049
105000073,1034,746,288
105000074,756,511,245
105000075,560,655,-95
105000076,914,740,174
105000077,1734,1098,636
105000078,1184,1325,-141
105000079,1036,3009,-1973
105000080,1971,1916,55
105000081,2361,1354,1007
105000082,1054,2475,-1421
105000083,3508,4470,-962
105000084,432,682,-250
105000085,1951,2676,-725
105000086,695,776,-81
105000087,1226,1491,-265
105000088,1282,1849,-567
105000089,1978,1500,478
105000090,869,578,291
105000091,974,1611,-637
105000092,565,853,-288
105000093,287,349,-62
105000094,309,202,107
105000095,100,509,-409
105000096,1178,1610,-432
105000097,869,805,64
105000098,1206,694,512
105000099,689,664,25
105000100,1712,1122,590
105000101,1853,1448,405
105000102,1670,1457,213
105000103,1194,2062,-868
105000104,2385,1127,1258
105000105,1117,1454,-337
105000106,1434,1130,304
105000107,1920,872,1048
105000108,2160,1216,944
105000109,2125,1136,989
105000110,1023,464,559
105000111,1095,590,505
105000112,1346,552,794
105000113,507,708,-201
105000114,1823,1311,512
105000115,370,1330,-960
105000116,1065,558,507
105000117,1007,502,505
105000118,857,457,400
105000119,604,500,104
105000120,1357,452,905
105000121,814,666,148
105000122,534,687,-153
105000123,813,780,33
105000124,2265,655,1610
105000125,896,1039,-143
105000126,2454,1253,1201
105000127,2685,1335,1350
105000128,710,876,-166
105000129,982,210,772
105000130,324,3438,-3114
105000131,541,240,301
105000132,1261,753,508
105000133,643,657,-14
105000134,1200,690,510
105000135,428,359,69
105000136,133,187,-54
105000137,713,237,476
105000138,164,246,-82
105000139,928,627,301
105000140,515,475,40
105000141,355,391,-36
105000142,271,504,-233
105000143,220,442,-222
105000144,251,487,-236
105000145,799,306,493
105000146,458,608,-150
105000147,789,296,493
105000148,1166,566,600
105000149,2969,2456,513
105000150,1462,973,489
105000151,668,316,352
105000152,195,379,-184
105000153,675,694,-19
105000154,568,473,95
105000155,321,941,-620
105000156,611,541,70
105000157,702,1359,-657
105000158,1933,828,1105
105000159,342,804,-462
105000160,2448,681,1767
105000161,714,1045,-331
105000162,811,2182,-1371
105000163,889,774,115
105000164,238,316,-78
105000165,719,6440,-5721
105000166,3836,1586,2250
105000167,1154,2466,-1312
105000168,496,446,50
105000169,829,159,670
105000170,355,1039,-684
105000171,1133,189,944
105000172,216,22,194
105000173,327,44,283
105000174,124,48,76
105000175,156,108,48
105000176,603,99,504
105000177,482,208,274
105000178,321,320,1
105000179,1120,132,988
105000180,312,99,213
105000181,175,174,1
105000182,84,26,58
105000183,1633,2413,-780
105000184,1076,956,120
105000185,1139,1330,-191
105000186,394,668,-274
105000187,921,318,603
105000188,237,249,-12
105000189,131,600,-469
105000190,324,341,-17
105000191,361,272,89
105000192,387,59,328
105000193,75,169,-94
105000194,496,147,349
105000195,389,740,-351
105000196,87,256,-169
105000197,335,511,-176
105000198,442,306,136
105000199,129,516,-387
105000200,128,455,-327
105000201,88,47,41
105000203,24,92,-68
105000204,116,59,57
105000205,106,160,-54
105000207,256,149,107
105000208,233,687,-454
105000209,153,249,-96
105000212,1320,667,653
105000213,168,192,-24
105000214,333,217,116
105000215,476,144,332
105000216,221,147,74
105000217,177,171,6
105000218,1826,1053,773
105000221,214,181,33
105000222,616,161,455
105000223,367,166,201
105000226,185,122,63
105000227,128,129,-1
105000228,197,2273,-2076
105000229,145,604,-459
105000231,563,382,181
105000233,1064,770,294
105000234,513,744,-231
105000235,492,539,-47
105000237,1062,62,1000
105000243,42,136,-94
105000248,62,96,-34
105000262,464,717,-253
105000269,187,214,-27
105000270,677,36,641
105000271,1,109,-108
105000282,51,44,7
105000287,292,155,137
105000288,876,414,462
105000289,1666,2141,-475
105000290,26,10,16
105000402,2582,4447,-1865
105000426,267,657,-390
105000438,2768,1740,1028
105000446,6794,4946,1848
105000447,3058,2067,991
105000454,829,356,473
105000455,187,137,50
105000474,64,0,64
105000477,824,686,138
105000478,2362,5716,-3354
105000479,139,139,0
105000480,7547,8306,-759
105000481,4727,4050,677
105000482,3099,5553,-2454
105000483,1745,2600,-855
105000484,1578,2270,-692
105000485,1489,3408,-1919
105000486,1851,2180,-329
105000488,6584,3371,3213
105000489,1159,662,497
105000549,99,106,-7
105000550,434,1183,-749
105000551,46,118,-72
105000552,1657,1046,611
105900001,12,2355,-2343
105900002,862,1020,-158
105900003,20,78,-58
105900004,177,107,70
105900005,6,177,-171
105900006,33,161,-128
105900007,108,49,59
105900008,107,376,-269
105900009,29,29,0
105900011,246,42,204
105900012,625,109,516
105900013,8,68,-60
105900014,9,66,-57
105900015,115,398,-283
105900016,735,336,399
105900017,1622,64,1558
105900018,258,175,83
105900019,99,435,-336
105900020,79,35,44
105900021,45,609,-564
105900022,344,175,169
105900023,29,167,-138
105900024,18,248,-230
105900025,333,18,315
105900026,233,13,220
105900027,13327,7696,5631
105900028,756,538,218
105900029,1720,347,1373
105900030,276,280,-4
105900031,320,210,110
105900032,105,135,-30
105900033,68,115,-47
105900034,311,158,153
105900035,218,168,50
105900036,180,97,83
105900037,97,72,25
105900038,232,233,-1
105900039,174,86,88
105900040,95,142,-47
105900041,214,176,38
105900042,106,117,-11
105900043,1042,131,911
105900044,8,262,-254
105900045,11,798,-787
105900046,3,269,-266
105900047,7,37,-30
105900048,91,483,-392
105900050,5784,7847,-2063
105900051,111,1274,-1163
105900052,647,291,356
105900053,2193,3805,-1612
105900054,266,284,-18
105900056,539,538,1
105900057,29,180,-151
105900058,39,5,34
105900059,1,68,-67
106000001,2817,2335,482
106000002,1081,4347,-3266
106000003,2953,3442,-489
106000004,1340,2033,-693
106000005,3836,4358,-522
106000006,4221,2101,2120
106000007,641,485,156
106000008,478,293,185
106000009,662,331,331
106000010,541,521,20
106000011,1537,1064,473
106000012,1008,920,88
106000013,1942,1845,97
106000014,1692,1134,558
106000015,2218,1357,861
106000016,1270,1451,-181
106000017,560,749,-189
106000018,565,381,184
106000019,485,500,-15
106000020,386,266,120
106000021,266,429,-163
106000022,323,136,187
106000023,697,318,379
106000024,594,360,234
106000025,149,174,-25
106000026,102,99,3
106000027,1788,1313,475
106000028,740,239,501
106000029,631,629,2
106000030,342,629,-287
106000034,212,395,-183
106000035,984,2092,-1108
106000036,144,460,-316
106000037,1431,1131,300
106000038,140,134,6
106000039,82,112,-30
106000040,114,866,-752
106000041,661,633,28
106000043,519,263,256
106000046,292,91,201
106000047,30,498,-468
106000049,1195,220,975
106000050,278,414,-136
106000051,799,626,173
106000052,117,377,-260
106000053,541,132,409
106000054,308,233,75
106000055,1166,810,356
106000056,306,197,109
106000057,626,267,359
106000058,156,99,57
106000059,405,284,121
106000060,286,381,-95
106000061,286,603,-317
106000062,181,447,-266
106000063,1000,644,356
106000064,34,245,-211
106000065,470,316,154
106000066,104,233,-129
106000067,522,104,418
106000068,68,495,-427
106000069,367,73,294
106000070,522,549,-27
106000071,1259,356,903
106000072,2286,1478,808
106000073,1364,3584,-2220
106000074,742,652,90
106000075,425,1217,-792
106000076,1806,1728,78
106000077,2810,1107,1703
106000078,1308,738,570
106000079,850,659,191
106000080,1440,593,847
106000081,790,1009,-219
106000082,1974,782,1192
106000083,514,1361,-847
106000084,1030,630,400
106000085,1258,1445,-187
106000086,664,827,-163
106000087,999,460,539
106000088,476,799,-323
106000089,1110,292,818
106000090,328,497,-169
106000091,274,374,-100
106000092,689,207,482
106000093,425,151,274
106000094,98,234,-136
106000095,1166,585,581
106000096,1221,491,730
106000097,1536,525,1011
106000098,900,709,191
106000099,239,701,-462
106000100,1358,212,1146
106000101,1178,299,879
106000102,184,681,-497
106000103,333,389,-56
106000104,799,367,432
106000105,466,455,11
106000106,922,314,608
106000107,171,164,7
106000108,294,205,89
106000109,239,132,107
106000110,376,185,191
106000111,179,161,18
106000112,379,589,-210
106000113,539,393,146
106000114,518,662,-144
106000115,242,254,-12
106000116,411,220,191
106000117,972,490,482
106000118,1441,1368,73
106000119,856,675,181
106000120,1010,1426,-416
106000121,262,164,98
106000122,178,73,105
106000123,780,68,712
106000124,117,84,33
106000125,35,134,-99
106000126,356,68,288
106000127,1135,516,619
106000128,993,117,876
106000129,518,325,193
106000130,1070,333,737
106000131,124,651,-527
106000132,507,208,299
106000133,1265,1250,15
106000134,375,2265,-1890
106000135,174,398,-224
106000136,753,1165,-412
106000137,47,481,-434
106000138,1482,101,1381
106000139,40,56,-16
106000140,36,39,-3
106000141,147,44,103
106000142,126,26,100
106000143,33,37,-4
106000144,30,43,-13
106000145,380,128,252
106000146,653,136,517
106000147,309,301,8
106000148,364,526,-162
106000149,739,286,453
106000150,641,1759,-1118
106000151,2606,753,1853
106000152,882,2102,-1220
106000153,67,1598,-1531
106000154,986,181,805
106000155,145,233,-88
106000156,1321,273,1048
106000157,732,1393,-661
106000158,1622,959,663
106000159,1893,2047,-154
106000160,560,3410,-2850
106000161,1180,241,939
106000162,400,1036,-636
106000163,370,210,160
106000164,647,242,405
106000165,269,312,-43
106000166,986,252,734
106000167,518,560,-42
106000168,721,254,467
106000169,370,308,62
106000170,1003,261,742
106000171,299,971,-672
106000172,2967,1405,1562
106000173,1304,2193,-889
106000174,1385,342,1043
106000175,292,624,-332
106000176,1905,940,965
106000177,948,1681,-733
106000178,3224,1387,1837
106000179,863,1450,-587
106000180,723,766,-43
106000181,1252,1429,-177
106000182,1840,647,1193
106000183,1972,427,1545
106000184,2294,553,1741
106000185,1426,1346,80
106000186,639,114,525
106000187,182,937,-755
106000188,1,3,-2
106000189,18,29,-11
106000190,42,2,40
106000191,702,129,573
106000192,1,22,-21
106000193,466,188,278
106000194,143,476,-333
106000195,607,454,153
106000196,279,911,-632
106000197,803,440,363
106000198,262,173,89
106000199,552,869,-317
106000200,220,256,-36
106000201,416,3735,-3319
106000202,2115,544,1571
106000203,20,109,-89
106000204,102,8,94
106000205,11,116,-105
106000206,99,22,77
106000207,29,340,-311
106000208,1922,250,1672
106000209,1862,557,1305
106000210,368,629,-261
106000211,181,857,-676
106000212,872,558,314
106000213,363,1834,-1471
106000214,1508,748,760
106000215,325,432,-107
106000216,366,345,21
106000217,252,258,-6
106000218,405,328,77
106000219,180,191,-11
106000220,367,188,179
106000221,345,130,215
106000222,78,105,-27
106000223,353,122,231
106000224,343,106,237
106000225,88,133,-45
106000226,117,161,-44
106000228,56,66,-10
106000229,95,566,-471
106000231,1235,109,1126
106000232,77,221,-144
106000233,685,114,571
106000234,38,252,-214
106000235,449,120,329
106000236,124,117,7
106000237,0,14,-14
106000238,8,33,-25
106000239,1,113,-112
106000240,26,8,18
106000241,5,339,-334
106000242,250,31,219
106000249,96,47,49
106000250,105,536,-431
106000251,154,42,112
106000252,19,70,-51
106000253,84,89,-5
106000254,84,47,37
106000255,24,141,-117
106000256,48,29,19
106000257,170,206,-36
106000258,187,23,164
106000259,2,65,-63
106000260,33,5,28
106000261,4,67,-63
106000262,99,9,90
106000263,21,67,-46
106000264,172,11,161
106000265,23,133,-110
106000266,106,25,81
106000267,12,105,-93
106000268,328,45,283
106000269,51,32,19
106000270,72,368,-296
106000271,110,123,-13
106000272,245,86,159
106000273,7,205,-198
106000274,186,51,135
106000275,159,252,-93
106000276,152,47,105
106000277,104,292,-188
106000278,152,34,118
106000279,21,15,6
106000280,95,56,39
106000281,112,49,63
106000282,102,69,33
106000283,166,51,115
106000284,172,127,45
106000285,134,84,50
106000286,121,112,9
106000287,160,86,74
106000288,83,121,-38
106000289,128,78,50
106000290,60,91,-31
106000291,159,104,55
106000292,103,108,-5
106000293,194,106,88
106000294,98,97,1
106000295,88,76,12
106000296,44,112,-68
106000297,82,314,-232
106000298,114,85,29
106000299,65,144,-79
106000300,79,97,-18
106000301,89,122,-33
106000303,43,92,-49
106000304,46,46,0
106000305,52,57,-5
106000306,68,61,7
106000307,100,18,82
106000308,54,70,-16
106000309,27,74,-47
106000310,377,324,53
106000311,418,173,245
106000312,153,110,43
106000313,325,154,171
106000318,61,577,-516
106000319,1322,360,962
106000320,4,110,-106
106000321,233,175,58
106000322,233,85,148
106000324,35,121,-86
106000325,1937,1031,906
106000326,1007,1266,-259
106000327,240,45,195
106000328,43,95,-52
106000329,92,241,-149
106000330,24,104,-80
106000428,76,151,-75
106000429,148,232,-84
106000430,383,861,-478
106000431,2217,397,1820
106000432,1148,2075,-927
106000433,2522,1410,1112
106000434,3258,1610,1648
106000435,1014,2078,-1064
106000436,17,107,-90
106000437,360,84,276
106000438,439,283,156
106000439,98,451,-353
106000440,231,413,-182
106000441,8,0,8
106000442,174,6,168
106000443,263,153,110
106000450,2,64,-62
106000451,21,106,-85
106000454,3,80,-77
106000455,7,99,-92
106000456,67,48,19
106000457,25,408,-383
106000458,1266,40,1226
106000459,171,139,32
106000460,1971,18,1953
106000461,178,423,-245
106000462,3,34,-31
106000463,7,9,-2
106000464,13,185,-172
106000465,928,5,923
106000466,13,174,-161
106000467,156,248,-92
106000468,104,114,-10
106000469,78,3,75
106000470,232,1965,-1733
106000471,10,299,-289
106000472,180,19,161
106000473,59,21,38
106000474,304,330,-26
106000475,429,180,249
106000476,133,271,-138
106000477,17,22,-5
106900001,0,24,-24
106900002,9,222,-213
106900003,160,1338,-1178
106900004,0,17,-17
106900006,0,9,-9
106900007,0,16,-16
106900008,491,89,402
106900009,342,188,154
106900010,235,211,24
106900012,1136,2928,-1792
106900013,602,233,369
106900014,54,1,53
106900015,13,1,12
106900016,402,23,379
106900017,17,1,16
106900018,4,0,4
106900019,119,3,116
106900020,2289,1844,445
106900021,337,186,151
106900022,1169,7,1162
106900023,32,179,-147
106900024,706,106,600
106900025,54,563,-509
106900026,3,249,-246
106900027,1149,10,1139
107000001,3143,5170,-2027
107000002,1745,3162,-1417
107000003,7935,6827,1108
107000004,3689,2168,1521
107000005,7305,6320,985
107000006,3364,1957,1407
107000007,6065,9736,-3671
107000008,5283,4283,1000
107000009,9646,8524,1122
107000010,6149,5131,1018
107000011,692,1001,-309
107000012,2753,2007,746
107000013,138,44,94
107000014,71,100,-29
107000015,443,425,18
107000016,894,516,378
107000017,1054,2415,-1361
107000018,7,1929,-1922
107000020,750,2678,-1928
107000021,1307,391,916
107000022,810,1910,-1100
107000023,1715,181,1534
107000024,693,1353,-660
107000025,225,283,-58
107000026,310,404,-94
107000027,1581,951,630
107000028,1436,738,698
107000029,4118,3251,867
107000030,2199,1775,424
107000031,5534,2732,2802
107000032,410,706,-296
107000033,2460,3215,-755
107000034,3728,1099,2629
107000035,469,207,262
107000036,342,1135,-793
107000037,135,733,-598
107000038,193,192,1
107000039,930,842,88
107000040,320,267,53
107000041,1629,904,725
107000042,594,2054,-1460
107000043,2154,1030,1124
107000044,297,338,-41
107000045,130,273,-143
107000046,902,391,511
107000047,466,718,-252
107000048,812,322,490
107000049,586,603,-17
107000050,1181,552,629
107000051,245,316,-71
107000052,1097,1066,31
107000053,433,305,128
107000054,52,227,-175
107000055,193,105,88
107000056,349,606,-257
107000057,1054,239,815
107000058,2196,2588,-392
107000059,2083,2605,-522
107000060,5333,5587,-254
107000061,4471,2652,1819
107000062,6347,3093,3254
107000063,4202,3134,1068
107000064,5760,3019,2741
107000065,3197,3065,132
107000066,1892,3304,-1412
107000067,1649,1712,-63
107000068,1142,1062,80
107000069,1322,658,664
107000070,1537,48,1489
107000071,5119,104,5015
107000072,52,1713,-1661
107000073,1203,654,549
107000074,144,709,-565
107000075,2389,816,1573
107000076,637,889,-252
107000077,4542,1870,2672
107000078,2031,1969,62
107000079,3469,1467,2002
107000080,927,2042,-1115
107000081,2969,687,2282
107000082,879,897,-18
107000083,1765,704,1061
107000084,308,983,-675
107000085,3105,2862,243
107000086,3055,2620,435
107000087,3501,2172,1329
107000088,2995,2712,283
107000089,1900,1806,94
107000090,1223,747,476
107000091,2069,929,1140
107000092,1117,699,418
107000093,1665,894,771
107000094,989,759,230
107000095,1130,597,533
107000096,519,589,-70
107000097,428,281,147
107000098,241,383,-142
107000099,402,334,68
107000100,246,321,-75
107000101,108,158,-50
107000102,157,275,-118
107000103,224,155,69
107000104,130,203,-73
107000105,428,135,293
107000106,175,166,9
107000107,616,128,488
107000108,175,348,-173
107000109,789,127,662
107000110,66,292,-226
107000111,439,44,395
107000112,38,203,-165
107000113,857,145,712
107000114,126,363,-237
107000115,780,206,574
107000116,156,406,-250
107000117,206,906,-700
107000118,127,105,22
107000119,1279,1617,-338
107000120,762,784,-22
107000121,1186,689,497
107000122,1109,636,473
107000123,674,472,202
107000124,606,491,115
107000125,1474,429,1045
107000126,1395,357,1038
107000129,355,259,96
107000130,829,499,330
107000131,444,485,-41
107000132,718,342,376
107000133,381,140,241
107000134,329,6,323
107000135,1,529,-528
107000136,612,10,602
107000137,9,554,-545
107000138,232,43,189
107000139,23,669,-646
107000140,1803,156,1647
107000141,185,864,-679
107000142,581,106,475
107000143,89,557,-468
107000144,650,572,78
107000145,163,362,-199
107000146,236,397,-161
107000147,3545,783,2762
107000150,513,3122,-2609
107000151,32,98,-66
107000152,687,2263,-1576
107000153,88,315,-227
107000154,92,385,-293
107000155,1005,33,972
107000156,1524,23,1501
107000157,91,720,-629
107000158,1119,23,1096
107000159,45,446,-401
107000160,1939,216,1723
107000161,121,616,-495
107000162,402,851,-449
107000163,193,3,190
107000164,1108,2,1106
107000165,1750,11,1739
107000166,65,593,-528
107000167,861,204,657
107000168,1123,630,493
107000169,520,549,-29
107000170,3966,1048,2918
107000171,782,1104,-322
107000172,1515,2030,-515
107000173,497,578,-81
107000174,1393,7199,-5806
107000175,4198,1136,3062
107000176,0,2,-2
107000177,3,0,3
107000178,52,7,45
107000179,580,1177,-597
107000180,1996,495,1501
107000181,519,591,-72
107000182,2459,714,1745
107000183,208,539,-331
107000184,1537,564,973
107000185,525,941,-416
107000186,1630,528,1102
107000187,1447,1482,-35
107000188,710,536,174
107000189,719,871,-152
107000190,931,830,101
107000191,1055,787,268
107000192,2130,647,1483
107000193,583,484,99
107000194,631,525,106
107000197,1121,354,767
107000198,367,549,-182
107000199,1158,582,576
107000200,469,624,-155
107000201,506,429,77
107000202,409,443,-34
107000203,958,1488,-530
107000204,1074,1797,-723
107000205,1516,739,777
107000206,880,2048,-1168
107000207,352,879,-527
107000208,437,400,37
107000209,1254,1728,-474
107000210,331,243,88
107000211,5,51,-46
107000212,69,281,-212
107000213,5,37,-32
107000214,26,131,-105
107000215,627,259,368
107000216,700,269,431
107000217,273,110,163
107000219,140,286,-146
107000220,306,117,189
107000222,225,440,-215
107000224,761,162,599
107000225,237,278,-41
107000226,833,187,646
107000227,115,160,-45
107000228,146,515,-369
107000229,76,121,-45
107000230,1026,409,617
107000231,927,2236,-1309
107000232,164,22,142
107000233,482,1250,-768
107000234,8,88,-80
107000235,134,32,102
107000236,5,426,-421
107000237,46,0,46
107000238,77,5,72
107000239,1809,602,1207
107000240,129,465,-336
107000241,78,16,62
107000242,281,31,250
107000243,1,53,-52
107000244,9,65,-56
107000246,3,1079,-1076
107000249,6,1391,-1385
107000251,3,331,-328
107000252,3,643,-640
107000255,267,242,25
107000257,3,480,-477
107000258,3,165,-162
107000259,5,153,-148
107000260,2452,38,2414
107000262,13,239,-226
107000263,535,9,526
107000266,12,22,-10
107000267,45,77,-32
107000268,85,78,7
107000269,104,5,99
107000270,130,30,100
107000271,0,0,0
107000272,84,0,84
107000273,3,153,-150
107000274,786,300,486
107000275,55,1186,-1131
107000280,1370,45,1325
107000281,50,399,-349
107000282,36,451,-415
107000290,9,17,-8
107000291,16,12,4
107000292,0,189,-189
107000293,18,13,5
107000294,0,57,-57
107000295,41,6,35
107000296,0,18,-18
107000444,278,5,273
107000496,5,9,-4
107000497,1305,1132,173
107000500,461,210,251
107000501,113,165,-52
107000502,169,278,-109
107000505,236,683,-447
107000506,0,4,-4
107000508,10,315,-305
107000509,205,639,-434
107000510,51,46,5
107000514,69,370,-301
107000515,14,81,-67
107000516,510,395,115
107000518,1331,2171,-840
107000519,1261,665,596
107000520,149,70,79
107900001,160,90,70
107900002,105,20,85
107900003,739,32,707
107900004,227,1,226
107900005,2424,17,2407
107900006,252,2,250
107900007,583,58,525
107900008,99,7,92
107900009,184,9,175
107900010,80,6,74
107900012,121,31,90
107900013,280,37,243
107900014,103,5,98
107900015,1755,17,1738
107900016,318,139,179
107900017,63,6,57
107900018,94,285,-191
107900019,31,21,10
107900020,48,25,23
107900021,162,75,87
107900023,5,6,-1
107900024,1,12,-11
107900025,187,203,-16
107900026,94,26,68
107900027,25,65,-40
107900028,219,67,152
107900030,186,44,142
107900031,67,96,-29
107900032,10,3,7
107900033,46,5,41
107900034,590,25,565
107900035,1553,90,1463
107900036,106,44,62
107900037,0,14,-14
107900038,89,352,-263
107900039,43,53,-10
107900040,28,337,-309
107900041,3,1,2
107900043,94,105,-11
107900044,15,12,3
107900045,206,95,111
107900046,314,324,-10
107900047,97,19,78
107900048,232,13,219
107900049,353,1226,-873
107900050,82,253,-171
107900051,94,40,54
107900052,16,47,-31
107900053,94,73,21
107900055,894,397,497
107900056,140,78,62
107900057,10,0,10
107900058,39,586,-547
107900060,11,42,-31
107900061,5,29,-24
107900063,122,128,-6
107900064,268,263,5
107900065,524,18,506
107900066,47,11,36
107900067,0,0,0
107900068,130,892,-762
107900069,24,2693,-2669
107900070,256,110,146
107900071,24,400,-376
107900072,173,121,52
107900073,262,33,229
107900074,447,469,-22
107900076,193,58,135
107900077,118,12,106
107900078,218,75,143
107900079,27,36,-9
107900080,249,928,-679
107900081,112,60,52
107900082,12,7,5
107900083,473,233,240
107900084,192,149,43
107900086,44,277,-233
107900087,366,241,125
107900088,83,26,57
107900089,189,803,-614
107900090,651,3315,-2664
107900091,152,162,-10
107900092,1208,309,899
107900093,84,64,20
107900095,2012,2430,-418
107900097,49,80,-31
107900098,82,228,-146
107900100,864,2091,-1227
107900101,610,116,494
107900102,82,11,71
107900103,37,139,-102
107900104,261,6,255
107900105,1,137,-136
107900106,3,510,-507
107900107,1425,567,858
107900108,172,93,79
107900109,2036,49,1987
107900110,166,37,129
107900111,3,340,-337
107900112,109,469,-360
107900113,442,40,402
107900114,370,85,285
107900115,2,38,-36
107900116,265,57,208
107900117,243,155,88
107900118,72,90,-18
107900119,116,329,-213
107900120,46,42,4
107900121,2,146,-144
107900122,3,70,-67
107900123,16,96,-80
107900124,14,41,-27
107900125,22,186,-164
107900126,28,64,-36
107900127,490,491,-1
107900128,87,77,10
107900129,119,24,95
107900130,160,18,142
107900131,253,747,-494
107900132,93,197,-104
107900133,2,79,-77
107900134,56,196,-140
107900135,7,101,-94
107900136,36,38,-2
107900137,123,116,7
107900138,126,38,88
107900139,82,58,24
107900140,91,60,31
107900141,56,86,-30
107900142,42,498,-456
107900143,31,25,6
107900144,1,108,-107
107900145,17,88,-71
107900146,48,154,-106
107900147,51,68,-17
107900148,149,105,44
107900149,526,155,371
107900150,47,331,-284
107900151,46,53,-7
107900152,9,153,-144
107900153,108,451,-343
107900154,129,35,94
107900155,111,91,20
107900156,11,159,-148
107900157,62,53,9
107900158,1351,57,1294
107900159,20,411,-391
107900160,202,122,80
107900161,57,75,-18
107900162,3,120,-117
107900163,73,128,-55
107900164,28,50,-22
107900165,44,240,-196
107900166,31,85,-54
107900167,9,67,-58
107900168,97,24,73
107900169,2,255,-253
107900171,10,443,-433
107900172,2,175,-173
107900173,56,74,-18
107900174,225,12,213
107900175,5,48,-43
107900176,63,15,48
107900177,3,205,-202
107900178,0,94,-94
107900179,30,100,-70
107900180,432,1072,-640
107900181,404,236,168
107900182,6,395,-389
107900183,70,90,-20
107900184,128,106,22
107900185,280,11,269
107900186,72,58,14
107900187,0,84,-84
107900188,442,190,252
107900189,44,113,-69
107900190,31,194,-163
107900191,108,99,9
107900193,5,82,-77
107900194,302,23,279
107900195,958,266,692
107900196,63,41,22
107900197,327,477,-150
107900199,3,425,-422
107900201,120,69,51
107900203,34,62,-28
107900204,146,269,-123
107900205,249,298,-49
107900206,940,433,507
107900207,0,219,-219
107900208,7,207,-200
107900209,228,119,109
107900210,67,67,0
107900213,636,708,-72
107900214,16,71,-55
107900215,143,455,-312
107900216,157,52,105
107900217,39,132,-93
107900218,30,1425,-1395
107900219,40,51,-11
107900220,131,278,-147
107900221,168,159,9
107900223,153,287,-134
107900224,100,473,-373
107900225,14,449,-435
107900226,69,82,-13
107900227,118,280,-162
107900228,45,90,-45
107900229,66,131,-65
107900230,33,54,-21
107900231,26,132,-106
107900232,164,122,42
107900233,5,105,-100
107900234,175,141,34
107900235,28,88,-60
107900236,296,50,246
107900237,9,96,-87
107900238,39,68,-29
107900239,414,573,-159
107900240,65,59,6
107900241,12,61,-49
107900242,60,110,-50
107900243,8,60,-52
107900244,472,6,466
107900245,1012,64,948
107900246,337,34,303
107900248,570,165,405
107900249,1325,82,1243
107900250,1,233,-232
107900251,30,626,-596
107900252,1144,46,1098
107900253,371,25,346
107900254,63,255,-192
107900255,188,113,75
107900256,562,1468,-906
107900257,440,146,294
107900258,158,86,72
107900259,65,3621,-3556
107900261,23,268,-245
107900262,76,65,11
107900264,795,28,767
107900265,232,127,105
107900267,427,13,414
107900268,12,8,4
107900269,0,0,0
107900270,1,0,1
107900271,3,46,-43
107900272,46,65,-19
107900273,180,128,52
107900274,215,1,214
107900275,48,1,47
107900276,1,58,-57
107900277,0,97,-97
107900278,469,222,247
107900279,64,114,-50
107900280,2229,2066,163
107900281,594,4778,-4184
107900282,34,881,-847
107900283,885,855,30
107900284,785,356,429
107900285,162,41,121
107900286,87,84,3
107900287,458,219,239
107900290,0,299,-299
107900291,675,22,653
107900292,111,88,23
107900293,132,172,-40
107900295,69,36,33
107900297,0,294,-294
107900298,611,361,250
107900299,2162,2901,-739
107900300,87,333,-246
107900301,677,1020,-343
107900302,165,66,99
107900303,306,207,99
107900304,448,131,317
107900305,462,11,451
107900306,3,56,-53
107900307,63,233,-170
107900308,229,209,20
107900309,86,1,85
107900310,173,7,166
107900311,8,638,-630
107900312,108,2,106
107900313,1,196,-195
107900314,2,76,-74
107900315,0,173,-173
107900316,38,3,35
107900317,147,5,142
107900318,8,223,-215
107900319,8,96,-88
107900320,0,75,-75
107900321,262,11,251
107900322,3,70,-67
107900323,8,102,-94
107900324,145,0,145
107900325,225,2,223
107900326,536,157,379
107900327,2,99,-97
107900328,57,2,55
107900329,91,169,-78
107900330,14,116,-102
107900331,529,42,487
107900332,531,13,518
107900333,72,22,50
107900334,14,80,-66
107900335,54,23,31
107900336,44,81,-37
107900337,619,1161,-542
107900338,7,157,-150
107900339,0,19,-19
107900340,0,63,-63
107900341,81,0,81
107900342,111,76,35
107900343,77,4,73
107900344,20,135,-115
107900345,100,30,70
107900346,26,3,23
107900347,26,4,22
107900348,8,6,2
107900349,31,11,20
107900350,28,167,-139
108000001,3791,3752,39
108000002,1688,1758,-70
108000003,3252,3900,-648
108000004,9890,10489,-599
108000005,7732,6578,1154
108000006,5683,4820,863
108000007,5333,4292,1041
108000008,3888,4280,-392
108000009,4702,4915,-213
108000010,2781,3115,-334
108000011,12685,12116,569
108000012,10548,10267,281
108000014,608,1333,-725
108000015,980,215,765
108000016,377,769,-392
108000017,1271,361,910
108000018,2145,845,1300
108000019,1617,1003,614
108000020,1370,602,768
108000021,330,1540,-1210
108000022,455,1017,-562
108000023,1691,297,1394
108000024,314,332,-18
108000025,435,155,280
108000026,778,267,511
108000027,844,289,555
108000028,763,166,597
108000029,774,379,395
108000030,606,181,425
108000031,245,449,-204
108000032,2217,652,1565
108000033,888,717,171
108000034,2004,595,1409
108000035,869,1423,-554
108000036,433,777,-344
108000037,2246,441,1805
108000038,3504,664,2840
108000039,557,1261,-704
108000040,2565,1093,1472
108000041,680,1708,-1028
108000042,476,186,290
108000043,266,143,123
108000044,1003,130,873
108000045,340,271,69
108000046,2157,341,1816
108000047,467,669,-202
108000048,155,295,-140
108000049,1094,263,831
108000050,72,360,-288
108000051,456,213,243
108000052,158,458,-300
108000053,552,289,263
108000054,371,1029,-658
108000055,1262,823,439
108000056,745,1386,-641
108000057,792,1632,-840
108000058,2029,4146,-2117
108000059,2192,1518,674
108000060,290,517,-227
108000061,153,190,-37
108000062,1416,662,754
108000063,659,365,294
108000064,314,223,91
108000065,580,388,192
108000066,1464,797,667
108000067,2313,765,1548
108000068,939,440,499
108000069,258,571,-313
108000070,2598,724,1874
108000071,649,1019,-370
108000072,2343,1118,1225
108000073,1059,1119,-60
108000074,788,453,335
108000075,331,548,-217
108000076,1004,631,373
108000077,618,512,106
108000078,2915,1240,1675
108000079,741,983,-242
108000080,1752,583,1169
108000081,561,763,-202
108000082,789,1344,-555
108000083,2145,1103,1042
108000084,403,834,-431
108000085,1187,527,660
108000086,559,502,57
108000087,218,2548,-2330
108000088,190,18,172
108000089,428,368,60
108000090,533,210,323
108000091,374,301,73
108000092,216,52,164
108000093,289,317,-28
108000094,753,95,658
108000095,171,198,-27
108000096,454,180,274
108000097,179,200,-21
108000098,2243,1005,1238
108000099,316,64,252
108000100,87,212,-125
108000101,1604,1571,33
108000102,1642,3528,-1886
108000106,945,2,943
108000107,3,895,-892
108000108,755,75,680
108000109,15,560,-545
108000110,400,291,109
108000111,211,386,-175
108000112,87,143,-56
108000113,442,195,247
108000115,355,326,29
108000117,528,417,111
108000118,44,315,-271
108000119,397,280,117
108000120,163,849,-686
108000121,180,311,-131
108000122,712,342,370
108000123,767,154,613
108000124,346,405,-59
108000125,557,152,405
108000126,224,281,-57
108000127,690,155,535
108000128,819,250,569
108000129,299,484,-185
108000130,537,172,365
108000131,1074,568,506
108000132,1319,987,332
108000133,1201,550,651
108000134,496,389,107
108000135,1469,546,923
108000136,264,583,-319
108000137,775,184,591
108000138,532,410,122
108000139,820,174,646
108000140,176,27,149
108000141,59,26,33
108000142,75,35,40
108000143,72,14,58
108000144,96,15,81
108000145,66,11,55
108000146,146,40,106
108000147,46,22,24
108000148,135,27,108
108000149,19,25,-6
108000150,88,11,77
108000151,30,18,12
108000152,129,308,-179
108000153,902,175,727
108000154,50,10,40
108000155,27,42,-15
108000156,240,135,105
108000157,205,1640,-1435
108000158,91,1068,-977
108000159,276,208,68
108000160,1602,1304,298
108000161,1539,4037,-2498
108000165,9,393,-384
108000172,3,317,-314
108000173,712,2322,-1610
108000175,497,134,363
108000178,337,311,26
108000179,150,1124,-974
108000181,48,15,33
108000182,104,25,79
108000183,12,38,-26
108000184,628,2859,-2231
108000185,310,267,43
108000186,355,60,295
108000187,212,279,-67
108000188,1112,197,915
108000189,343,1615,-1272
108000190,25,89,-64
108000192,296,289,7
108000193,522,43,479
108000194,42,16,26
108000195,1,672,-671
108000196,217,162,55
108000198,562,119,443
108000199,1,364,-363
108000200,792,187,605
108000202,3,497,-494
108000203,214,282,-68
108000204,295,120,175
108000205,251,293,-42
108000339,842,423,419
108000364,90,310,-220
108000365,48,311,-263
108000367,201,211,-10
108000368,9,64,-55
108000369,588,291,297
108000371,3,507,-504
108000372,724,4,720
108000373,284,83,201
108000376,110,62,48
108000377,606,156,450
108000378,8899,11620,-2721
108000379,25,157,-132
108000381,121,8,113
108000382,82,1,81
108000383,0,245,-245
108900001,116,584,-468
108900002,277,107,170
108900003,265,434,-169
108900004,129,491,-362
108900005,90,488,-398
108900006,832,169,663
108900007,471,244,227
108900008,204,110,94
108900009,140,137,3
108900010,437,139,298
108900011,910,357,553
108900012,602,401,201
108900013,251,263,-12
108900014,31,96,-65
108900015,2,393,-391
108900016,2,272,-270
108900017,346,488,-142
108900018,263,334,-71
108900019,68,438,-370
108900020,80,130,-50
108900021,191,159,32
108900022,191,34,157
108900023,3,73,-70
108900024,69,73,-4
108900025,185,70,115
108900026,29,73,-44
108900027,0,37,-37
108900028,201,141,60
108900029,87,137,-50
108900030,0,55,-55
108900031,172,139,33
108900032,11,135,-124
108900033,1,134,-133
108900034,1,147,-146
108900035,377,564,-187
108900036,168,251,-83
108900037,46,186,-140
108900038,1,243,-242
108900039,1,208,-207
108900040,14,51,-37
108900041,3692,4203,-511
108900042,11,475,-464
108900043,68,326,-258
108900044,1,229,-228
108900045,183,256,-73
108900046,40,387,-347
108900047,0,76,-76
108900048,114,511,-397
108900049,1417,1967,-550
108900050,1,78,-77
108900051,0,88,-88
108900052,34,93,-59
108900053,72,301,-229
108900054,99,172,-73
108900055,43,372,-329
108900056,6,77,-71
108900057,0,104,-104
108900058,47,165,-118
108900059,721,92,629
108900060,115,173,-58
108900061,93,27,66
108900062,4,150,-146
108900063,13,113,-100
108900064,471,42,429
108900065,12,142,-130
108900066,667,139,528
108900067,23,124,-101
108900068,0,59,-59
108900069,116,50,66
108900070,71,65,6
108900071,142,49,93
108900072,1819,673,1146
108900073,13,30,-17
108900074,371,135,236
108900075,39,56,-17
108900076,713,53,660
108900077,85,116,-31
108900078,73,76,-3
108900079,548,159,389
108900080,45,1039,-994
108900081,35,199,-164
108900082,176,56,120
108900083,18,327,-309
108900084,344,261,83
108900085,1143,224,919
108900086,248,106,142
108900087,74,151,-77
108900088,1000,565,435
108900089,61,250,-189
108900090,151,121,30
108900091,111,64,47
108900092,642,369,273
108900093,152,148,4
108900094,306,90,216
108900095,43,175,-132
108900096,214,18,196
108900097,342,148,194
108900098,1367,1133,234
108900099,576,125,451
108900100,162,103,59
108900101,254,370,-116
108900102,94,1457,-1363
108900103,111,162,-51
108900104,105,356,-251
108900105,8,1814,-1806
108900106,692,201,491
108900108,422,67,355
108900109,86,60,26
108900110,343,211,132
108900111,728,299,429
108900112,451,43,408
108900113,36,131,-95
108900114,1,4,-3
108900115,171,79,92
108900116,84,28,56
108900117,330,35,295
108900118,950,28,922
108900119,537,33,504
108900120,163,247,-84
108900121,380,201,179
108900122,201,26,175
108900123,198,222,-24
108900124,692,260,432
108900125,789,11,778
108900126,268,86,182
108900127,233,39,194
108900128,224,82,142
108900129,1060,196,864
108900130,621,10,611
108900131,553,12,541
108900132,796,128,668
108900133,407,76,331
108900134,646,162,484
108900135,292,17,275
108900136,30,6,24
108900137,329,2,327
108900138,1038,70,968
108900139,754,125,629
108900140,523,162,361
108900141,583,46,537
108900142,167,12,155
108900143,181,1,180
108900144,210,0,210
108900145,380,24,356
108900146,139,0,139
108900147,326,1,325
108900148,95,26,69
108900149,466,277,189
108900150,378,10,368
108900151,130,114,16
108900152,268,179,89
108900153,360,174,186
108900154,5745,497,5248
108900155,354,54,300
108900156,128,9,119
108900157,29,411,-382
108900158,538,41,497
108900159,4,119,-115
108900160,19,167,-148
108900161,6,275,-269
108900162,189,2,187
108900163,15,391,-376
108900164,57,90,-33
108900165,134,83,51
108900167,940,9535,-8595
108900168,4114,3128,986
108900169,109,108,1
108900171,3472,3580,-108
108900172,249,48,201
108900173,171,347,-176
108900174,1203,504,699
108900176,135,297,-162
108900177,2883,7107,-4224
108900178,2907,4512,-1605
108900179,419,2314,-1895
108900180,156,511,-355
108900182,71,396,-325
108900183,311,217,94
108900184,558,338,220
108900185,127,363,-236
108900186,125,307,-182
108900187,581,64,517
108900188,917,104,813
108900189,561,157,404
108900190,87,1560,-1473
108900191,202,59,143
108900192,149,177,-28
108900193,67,125,-58
108900194,9,489,-480
108900195,125,126,-1
108900196,66,259,-193
108900198,4,216,-212
108900199,290,358,-68
108900200,740,428,312
108900201,587,1174,-587
108900203,678,126,552
108900204,497,32,465
108900205,280,48,232
108900206,421,89,332
108900207,244,203,41
108900208,22,303,-281
108900209,159,494,-335
108900210,280,196,84
108900211,259,687,-428
108900212,359,1869,-1510
108900215,105,255,-150
108900216,272,374,-102
108900217,99,3,96
108900218,98,18,80
108900219,96,8,88
108900220,74,37,37
108900221,56,144,-88
108900222,417,27,390
108900223,4,97,-93
108900224,65,212,-147
108900225,4,204,-200
108900226,547,59,488
108900227,179,661,-482
108900230,180,208,-28
108900231,38,173,-135
108900232,0,147,-147
108900233,589,138,451
108900234,404,205,199
108900235,209,502,-293
108900236,57,278,-221
108900237,90,152,-62
108900240,187,134,53
108900241,57,97,-40
108900245,19,1837,-1818
108900249,127,70,57
108900250,271,149,122
108900257,393,256,137
108900258,13,121,-108
108900259,98,55,43
108900260,24,57,-33
108900261,58,87,-29
108900262,113,94,19
108900263,24,159,-135
108900264,346,275,71
108900265,718,614,104
108900266,431,1097,-666
108900267,6,230,-224
108900268,14,7,7
108900269,133,19,114
108900270,152,10,142
108900271,110,39,71
108900272,306,35,271
108900273,474,1032,-558
108900274,72,39,33
109000001,2316,1979,337
109000002,1061,1846,-785
109000003,3000,389,2611
109000004,474,1579,-1105
109000005,2580,541,2039
109000006,831,1650,-819
109000007,2034,584,1450
109000008,616,1499,-883
109000009,3534,1358,2176
109000010,984,2899,-1915
109000011,4073,2317,1756
109000012,1922,2634,-712
109000013,4644,3972,672
109000014,2039,2203,-164
109000015,3830,9264,-5434
109000016,4836,2279,2557
109000017,2907,1260,1647
109000018,1222,1874,-652
109000019,2779,1374,1405
109000020,990,1423,-433
109000023,261,21,240
109000024,3,131,-128
109000025,352,630,-278
109000026,473,405,68
109000027,149,368,-219
109000028,94,112,-18
109000029,114,294,-180
109000030,55,407,-352
109000031,286,159,127
109000032,159,430,-271
109000033,375,235,140
109000034,50,65,-15
109000035,12,62,-50
109000036,87,348,-261
109000037,362,2536,-2174
109000038,417,345,72
109000039,1254,1150,104
109000040,3732,13637,-9905
109000041,1753,2536,-783
109000042,539,1541,-1002
109000044,526,90,436
109000045,142,277,-135
109000046,515,82,433
109000047,63,358,-295
109000048,765,269,496
109000049,201,561,-360
109000050,436,269,167
109000051,270,153,117
109000052,627,490,137
109000053,333,107,226
109000054,241,341,-100
109000055,345,498,-153
109000056,440,357,83
109000057,1248,585,663
109000058,501,252,249
109000059,452,1450,-998
109000060,210,331,-121
109000061,562,1674,-1112
109000062,178,484,-306
109000063,257,145,112
109000064,514,138,376
109000065,303,138,165
109000066,591,74,517
109000067,98,264,-166
109000068,1122,6,1116
109000069,697,28,669
109000070,37,1737,-1700
109000071,502,92,410
109000072,109,265,-156
109000073,88,94,-6
109000074,19,147,-128
109000075,67,265,-198
109000076,153,287,-134
109000077,299,192,107
109000078,111,183,-72
109000079,139,88,51
109000080,272,87,185
109000081,151,262,-111
109000082,921,164,757
109000083,370,381,-11
109000088,155,394,-239
109000089,403,128,275
109000090,158,295,-137
109000091,484,312,172
109000092,398,371,27
109000093,449,265,184
109000094,1010,5,1005
109000095,88,304,-216
109000096,914,279,635
109000097,110,130,-20
109000098,76,157,-81
109000099,1012,237,775
109000100,289,625,-336
109000101,2087,554,1533
109000102,458,617,-159
109000103,653,448,205
109000104,2344,442,1902
109000105,488,748,-260
109000106,2411,820,1591
109000107,714,1278,-564
109000108,2603,641,1962
109000109,565,998,-433
109000110,1585,578,1007
109000111,798,1448,-650
109000112,347,130,217
109000113,354,194,160
109000114,165,237,-72
109000115,1033,32,1001
109000116,6,240,-234
109000117,281,52,229
109000118,20,293,-273
109000119,2020,118,1902
109000120,325,477,-152
109000121,768,30,738
109000122,196,370,-174
109000123,46,35,11
109000124,859,258,601
109000125,1065,267,798
109000126,479,461,18
109000127,1415,221,1194
109000128,646,633,13
109000129,3459,977,2482
109000130,451,813,-362
109000131,1164,932,232
109000132,690,1318,-628
109000133,360,748,-388
109000134,753,1005,-252
109000135,707,1479,-772
109000136,284,241,43
109000137,371,338,33
109000138,594,225,369
109000139,709,364,345
109000140,203,238,-35
109000141,735,341,394
109000142,173,487,-314
109000143,141,84,57
109000145,151,252,-101
109000146,53,75,-22
109000148,1986,2482,-496
109000149,27,135,-108
109000150,69,262,-193
109000155,1216,745,471
109000156,954,506,448
109000158,155,305,-150
109000159,118,518,-400
109000160,1337,203,1134
109000161,492,663,-171
109000162,2376,528,1848
109000163,1413,1117,296
109000164,1549,1855,-306
109000165,1562,377,1185
109000166,1002,100,902
109000167,165,346,-181
109000170,50,43,7
109000171,110,57,53
109000172,37,86,-49
109000173,24,132,-108
109000174,238,46,192
109000175,45,73,-28
109000176,398,150,248
109000177,29,81,-52
109000178,590,65,525
109000179,3029,6520,-3491
109000180,3699,4080,-381
109000181,57,18,39
109000182,88,24,64
109000183,58,10,48
109000184,85,24,61
109000185,43,20,23
109000188,502,1084,-582
109000189,3006,595,2411
109000190,762,512,250
109000191,368,362,6
109000192,684,131,553
109000193,271,161,110
109000194,396,52,344
109000195,189,163,26
109000196,333,111,222
109000197,271,230,41
109000198,416,53,363
109000199,137,363,-226
109000206,248,23,225
109000207,166,56,110
109000208,160,115,45
109000209,211,103,108
109000210,191,455,-264
109000211,1134,426,708
109000214,476,220,256
109000215,149,78,71
109000216,265,349,-84
109000217,172,227,-55
109000218,434,345,89
109000221,463,694,-231
109000222,1003,248,755
109000223,555,421,134
109000224,38,66,-28
109000225,110,31,79
109000226,73,119,-46
109000227,1743,623,1120
109000228,14,2780,-2766
109000231,0,197,-197
109000232,623,240,383
109000236,400,509,-109
109000241,2378,1465,913
109000242,1924,864,1060
109000293,23,107,-84
109000361,109,201,-92
109000364,192,356,-164
109000396,4,326,-322
109000397,904,11,893
109000399,192,311,-119
109000400,118,144,-26
109000403,53,1138,-1085
109000406,371,5,366
109000407,358,200,158
109000408,0,237,-237
109000410,1248,228,1020
109000411,259,12,247
109900001,157,2,155
109900002,1286,23,1263
109900003,446,2,444
109900004,540,123,417
109900005,32,6,26
109900006,647,195,452
109900007,1374,237,1137
109900008,0,18,-18
109900009,148,212,-64
109900010,736,21,715
109900011,86,69,17
109900012,400,265,135
109900013,466,236,230
109900014,481,75,406
109900015,354,228,126
109900016,199,39,160
109900017,285,300,-15
109900018,348,64,284
109900019,377,62,315
109900020,42,45,-3
109900021,34,11,23
109900022,128,262,-134
109900023,25,10,15
109900024,32,6,26
109900025,14,42,-28
109900026,8,169,-161
109900027,60,55,5
109900028,553,1543,-990
109900029,18,197,-179
109900030,69,11,58
109900031,2,385,-383
109900032,20,230,-210
109900033,5,455,-450
109900034,71,2,69
109900035,30,48,-18
109900036,33,35,-2
109900037,35,348,-313
109900038,116,196,-80
109900039,10,2,8
109900040,48,312,-264
109900041,74,240,-166
109900042,43,576,-533
109900044,162,241,-79
109900045,175,197,-22
109900046,27,63,-36
109900047,287,284,3
109900048,13,55,-42
109900049,19,38,-19
109900050,1,76,-75
109900051,1,26,-25
109900052,107,263,-156
109900053,0,119,-119
109900054,1167,258,909
109900055,90,197,-107
109900056,16,324,-308
109900057,4,73,-69
109900058,2,68,-66
109900059,1291,146,1145
109900060,688,113,575
109900061,58,152,-94
109900062,2,102,-100
109900063,13,449,-436
109900064,794,193,601
109900065,67,96,-29
109900066,285,449,-164
109900067,3,125,-122
109900068,98,11,87
109900069,16,29,-13
109900070,44,166,-122
109900071,10,26,-16
109900072,36,96,-60
109900073,695,268,427
109900074,18,29,-11
109900075,50,26,24
109900076,9,91,-82
109900077,25,30,-5
109900078,103,146,-43
109900080,144,200,-56
109900081,15,202,-187
109900082,101,218,-117
109900083,23,76,-53
109900084,73,123,-50
109900085,198,348,-150
109900086,159,700,-541
109900087,237,520,-283
109900089,951,225,726
109900090,404,877,-473
109900091,538,67,471
109900092,367,29,338
109900093,1332,213,1119
109900094,93,97,-4
109900095,83,179,-96
109900096,48,16,32
109900097,146,5,141
109900098,684,44,640
109900099,340,4,336
109900100,74,1,73
109900101,818,26,792
109900102,511,41,470
109900103,51,63,-12
109900104,1209,243,966
109900105,707,33,674
109900106,441,65,376
109900107,702,76,626
109900108,183,172,11
109900109,60,208,-148
109900110,87,207,-120
109900111,236,493,-257
109900112,213,296,-83
109900113,1079,806,273
109900114,1306,1692,-386
109900115,222,64,158
109900117,1430,133,1297
109900118,184,314,-130
109900119,404,340,64
109900120,117,31,86
109900121,363,588,-225
109900122,692,17,675
109900123,29,113,-84
109900124,95,255,-160
109900125,3,159,-156
109900126,471,54,417
109900128,559,32,527
109900130,3647,3621,26
109900131,43,126,-83
109900132,40,115,-75
109900133,141,208,-67
109900134,68,125,-57
109900135,212,69,143
109900136,33,119,-86
109900137,205,192,13
109900138,602,232,370
109900140,227,74,153
109900142,1922,315,1607
109900145,7,610,-603
109900146,380,53,327
109900148,42,105,-63
109900149,64,50,14
109900150,20,67,-47
109900151,32,22,10
109900152,1,34,-33
109900153,0,56,-56
109900154,59,1,58
109900155,85,34,51
109900157,60,165,-105
109900158,63,116,-53
109900159,182,61,121
109900160,213,72,141
109900161,313,95,218
109900162,325,203,122
109900163,501,332,169
109900164,69,167,-98
109900165,416,7,409
109900166,7,124,-117
109900167,232,293,-61
109900168,301,522,-221
109900169,255,128,127
109900170,201,1151,-950
109900171,319,82,237
109900172,317,335,-18
109900173,1473,2993,-1520
109900174,82,121,-39
109900175,99,81,18
109900176,181,100,81
109900177,62,130,-68
109900178,7,183,-176
109900179,16,18,-2
109900180,19,19,0
110000001,742,487,255
110000002,599,776,-177
110000003,808,695,113
110000004,487,712,-225
110000005,355,1929,-1574
110000006,210,317,-107
110000007,164,75,89
110000008,11,113,-102
110000009,56,20,36
110000010,28,107,-79
110000011,54,76,-22
110000012,467,293,174
110000013,58,546,-488
110000014,399,346,53
110000015,264,538,-274
110000016,232,1753,-1521
110000017,2165,279,1886
110000018,1839,365,1474
110000019,10,67,-57
110000020,735,225,510
110000021,247,440,-193
110000022,1165,193,972
110000023,16,80,-64
110000024,673,346,327
110000025,638,11,627
110000026,24,218,-194
110000027,1149,1356,-207
110000028,1123,522,601
110000029,456,513,-57
110000030,331,310,21
110000031,312,299,13
110000032,900,277,623
110000033,303,195,108
110000034,647,405,242
110000035,880,391,489
110000036,1248,437,811
110000037,302,373,-71
110000038,325,647,-322
110000039,841,3786,-2945
110000040,235,197,38
110000041,359,2008,-1649
110000042,62,398,-336
110000043,927,282,645
110000044,58,532,-474
110000045,234,167,67
110000046,5,22,-17
110000047,27,72,-45
110000048,7,37,-30
110000049,25,11,14
110000050,5,50,-45
110000051,31,17,14
110000052,21,18,3
110000053,60,8,52
110000054,160,462,-302
110000055,365,111,254
110000056,63,134,-71
110000057,303,508,-205
110000058,1112,386,726
110000059,1133,465,668
110000060,1333,1145,188
110000061,687,627,60
110000062,687,833,-146
110000063,60,228,-168
110000064,73,35,38
110000065,141,147,-6
110000066,138,42,96
110000067,98,143,-45
110000068,415,72,343
110000069,550,66,484
110000071,405,48,357
110000073,25,9,16
110000075,21,57,-36
110000076,343,447,-104
110000077,298,1151,-853
110000078,75,25,50
110000080,247,420,-173
110000081,43,226,-183
110000082,46,428,-382
110000083,300,452,-152
110000084,1389,1059,330
110000085,907,1294,-387
110000086,1017,2498,-1481
110000087,16,61,-45
110000088,172,211,-39
110000089,352,72,280
110000090,108,150,-42
110000091,884,219,665
110000092,44,54,-10
110000093,40,25,15
110000094,522,187,335
110000095,189,686,-497
110000096,1397,1892,-495
110000097,1100,1710,-610
110000098,1970,614,1356
110000099,667,1451,-784
110000100,1418,221,1197
110000101,42,165,-123
110000102,87,32,55
110000104,437,191,246
110000105,48,239,-191
110000106,682,627,55
110000107,216,273,-57
110000108,123,129,-6
110000109,199,258,-59
110000110,1767,4643,-2876
110000111,3345,3362,-17
110000112,478,1539,-1061
110000113,148,2810,-2662
110000114,341,845,-504
110000115,533,384,149
110000116,54,63,-9
110000117,354,228,126
110000118,632,152,480
110000119,381,250,131
110000120,423,158,265
110000121,71,370,-299
110000122,399,421,-22
110000123,733,839,-106
110000124,4,687,-683
110000125,1086,6,1080
110000126,328,39,289
110000127,1326,109,1217
110000128,109,870,-761
110000129,3,337,-334
110000130,256,281,-25
110000131,120,286,-166
110000132,8,525,-517
110000133,37,368,-331
110000134,24,358,-334
110000135,187,51,136
110000136,85,275,-190
110000137,615,468,147
110000138,1055,567,488
110000139,1198,650,548
110000140,837,824,13
110000143,569,377,192
110000144,3697,2501,1196
110000145,1996,1971,25
110000146,2285,1177,1108
110000147,571,777,-206
110000148,664,189,475
110000151,925,1503,-578
110000152,766,450,316
110000153,291,25,266
110000154,80,51,29
110000155,1186,4012,-2826
110000156,1096,2591,-1495
110000157,2242,2704,-462
110000160,448,287,161
110000161,193,179,14
110000166,876,102,774
110000167,975,675,300
110000168,1201,661,540
110000169,1021,379,642
110000170,131,67,64
110000171,684,138,546
110000172,218,465,-247
110000173,728,744,-16
110000174,167,618,-451
110000175,1091,59,1032
110000176,93,487,-394
110000177,221,1198,-977
110000178,413,1867,-1454
110000179,976,316,660
110000180,301,245,56
110000181,744,353,391
110000182,303,120,183
110000183,5390,7752,-2362
110000184,320,2668,-2348
110000185,787,675,112
110000186,788,634,154
110000191,1496,169,1327
110000192,805,18,787
110000193,1525,18,1507
110000194,15,505,-490
110000195,613,153,460
110000196,587,148,439
110000197,147,94,53
110000198,80,31,49
110000199,66,110,-44
110000200,747,320,427
110000201,1013,1295,-282
110000202,1555,680,875
110000203,490,455,35
110000204,2,143,-141
110000205,212,56,156
110000206,562,717,-155
110000207,1718,338,1380
110000208,217,250,-33
110000209,136,664,-528
110000210,1672,390,1282
110000211,812,577,235
110000212,550,1157,-607
110000213,404,45,359
110000214,432,47,385
110000215,190,235,-45
110000216,162,151,11
110000217,570,100,470
110000218,247,147,100
110000219,594,42,552
110000220,105,149,-44
110000221,600,24,576
110000222,66,126,-60
110000223,3,131,-128
110000224,26,1,25
110000225,299,753,-454
110000226,284,85,199
110000227,740,1094,-354
110000228,247,77,170
110000229,1,129,-128
110000230,540,496,44
110000231,186,207,-21
110000232,207,210,-3
110000233,205,221,-16
110000234,570,1323,-753
110000235,977,941,36
110000236,618,424,194
110000237,1984,1161,823
110000238,1182,953,229
110000239,2117,985,1132
110000240,3,57,-54
110000242,2,30,-28
110000243,156,58,98
110000244,188,319,-131
110000245,38,272,-234
110000246,1157,387,770
110000247,1019,3292,-2273
110000248,1358,1090,268
110000249,92,10,82
110000250,23,137,-114
110000251,473,315,158
110000252,328,138,190
110000253,1771,516,1255
110000254,505,693,-188
110000255,202,659,-457
110000256,552,296,256
110000257,510,312,198
110000258,7,313,-306
110000259,212,13,199
110000260,37,120,-83
110000263,491,60,431
110000264,524,283,241
110000265,1094,1918,-824
110000266,1401,2793,-1392
110000267,50,159,-109
110000268,310,500,-190
110000269,13,79,-66
110000270,65,13,52
110000271,990,262,728
110000272,1224,1064,160
110000273,1896,1641,255
110000274,196,2194,-1998
110000275,1532,552,980
110000276,371,414,-43
110000277,347,282,65
110000278,378,532,-154
110000279,876,677,199
110000280,684,441,243
110000281,73,274,-201
110000282,156,19,137
110000283,20,146,-126
110000284,12,33,-21
110000285,1,650,-649
110000286,14,0,14
110000287,104,6,98
110000288,1,103,-102
110000289,609,2346,-1737
110000290,575,673,-98
110000291,2993,1055,1938
110000292,1178,5624,-4446
110000293,714,553,161
110000294,1549,1178,371
110000295,232,730,-498
110000296,851,348,503
110000297,2471,377,2094
110000298,167,420,-253
110000299,120,98,22
110000301,377,40,337
110000302,432,730,-298
110000303,503,17,486
110000304,161,163,-2
110000305,1600,45,1555
110000306,221,837,-616
110000307,2140,3,2137
110000308,661,6,655
110000309,4,527,-523
110000310,844,50,794
110000311,12,555,-543
110000312,440,118,322
110000313,2003,2338,-335
110000314,1,161,-160
110000315,2264,2615,-351
110000316,433,1067,-634
110000317,203,603,-400
110000318,4,45,-41
110000319,14,26,-12
110000320,116,98,18
110000321,15,49,-34
110000322,388,282,106
110000323,648,138,510
110000324,2623,1708,915
110000325,2090,3963,-1873
110000327,402,313,89
110000328,162,417,-255
110000333,1357,921,436
110000334,1031,1308,-277
110000335,1043,600,443
110000336,795,866,-71
110000337,1885,715,1170
110000338,675,192,483
110000339,437,218,219
110000340,30,155,-125
110000341,605,370,235
110000342,170,0,170
110000343,0,35,-35
110000344,60,157,-97
110000345,119,198,-79
110000346,1666,1646,20
110000347,1301,703,598
110000348,21,10,11
110000349,17,6,11
110000350,99,12,87
110000351,1403,568,835
110000352,858,1354,-496
110000353,2073,537,1536
110000354,1075,3222,-2147
110000355,225,69,156
110000356,995,15,980
110000357,530,11,519
110000361,108,29,79
110000362,162,30,132
110000363,728,70,658
110000364,340,296,44
110000365,165,2,163
110000366,0,144,-144
110000367,473,151,322
110000368,8,90,-82
110000369,60,3,57
110000373,0,222,-222
110000374,135,24,111
110000375,117,832,-715
110000376,56,57,-1
110000377,91,399,-308
110000378,12,440,-428
110000379,1976,2030,-54
110000380,87,9,78
110000383,3,1032,-1029
110000384,747,708,39
110000385,2,153,-151
110000387,104,7,97
110000388,64,177,-113
110000389,992,8,984
110000391,1010,166,844
110000396,265,74,191
110000397,150,83,67
110000398,6,23,-17
110000399,211,51,160
110000587,157,80,77
110000589,258,98,160
110000640,234,36,198
110000652,7,258,-251
110000653,342,257,85
110000654,30,1439,-1409
110000656,1,223,-222
110000674,23,32,-9
110000675,12,38,-26
110000676,2,44,-42
110000679,103,1270,-1167
110000682,114,227,-113
110000683,228,368,-140
110000684,4,60,-56
110000685,4,14,-10
110000686,2,49,-47
110000687,18,12,6
110000688,69,1647,-1578
110000689,36,14,22
110000692,24,147,-123
110000693,36,289,-253
110000694,0,133,-133
110000695,252,774,-522
110000696,56,44,12
110900001,357,30,327
110900002,431,313,118
110900003,1182,284,898
110900004,734,97,637
110900005,1469,3558,-2089
110900006,68,40,28
110900007,239,48,191
110900008,10,23,-13
110900009,490,279,211
110900010,13,24,-11
110900011,33,85,-52
110900012,62,76,-14
110900013,1279,176,1103
110900014,264,14,250
110900015,393,883,-490
110900016,107,88,19
110900017,728,49,679
110900018,513,67,446
110900019,399,31,368
110900020,232,134,98
110900021,101,285,-184
110900022,80,170,-90
110900023,140,368,-228
110900024,22,162,-140
110900025,13,44,-31
110900027,62,190,-128
110900028,56,117,-61
110900029,24,155,-131
110900030,57,156,-99
110900031,5,125,-120
110900032,1,54,-53
110900033,60,153,-93
110900035,18,398,-380
110900036,108,25,83
110900037,94,27,67
110900038,563,178,385
110900039,14,222,-208
110900040,249,35,214
110900041,59,84,-25
110900042,188,51,137
110900043,4,63,-59
110900044,265,19,246
110900045,68,228,-160
110900046,17,112,-95
110900047,258,532,-274
110900049,145,176,-31
110900050,95,12,83
110900051,47,145,-98
110900052,10,130,-120
110900053,130,29,101
110900054,52,114,-62
110900055,47,7,40
110900056,52,152,-100
110900057,10,78,-68
110900058,435,176,259
110900059,469,249,220
110900060,574,212,362
110900061,27,91,-64
110900062,331,155,176
110900063,59,82,-23
110900064,27,0,27
110900065,145,133,12
110900066,15,78,-63
110900067,246,628,-382
110900068,166,154,12
110900069,9,19,-10
110900070,160,81,79
110900071,219,954,-735
110900073,0,20,-20
110900074,685,127,558
110900075,564,77,487
110900077,1355,513,842
110900078,96,32,64
110900079,1234,1438,-204
110900080,236,82,154
110900081,31,29,2
110900082,238,72,166
110900083,170,56,114
110900084,82,39,43
110900085,92,183,-91
110900086,66,397,-331
110900087,451,109,342
110900088,9,5,4
110900090,70,88,-18
110900091,0,41,-41
110900093,244,116,128
110900095,78,44,34
110900097,22,6,16
110900098,48,41,7
110900099,77,283,-206
110900100,0,11,-11
110900102,129,13,116
110900105,1041,166,875
110900108,37,60,-23
110900111,423,130,293
110900112,1031,11,1020
110900113,361,69,292
110900115,3,51,-48
110900116,1248,866,382
110900118,119,4264,-4145
110900119,1548,235,1313
110900120,84,50,34
110900121,229,6,223
110900122,620,205,415
110900125,515,510,5
110900127,554,1638,-1084
110900128,281,352,-71
110900129,246,1231,-985
110900130,618,648,-30
110900131,325,49,276
110900132,599,177,422
110900133,85,109,-24
110900135,71,201,-130
110900136,533,23,510
110900137,26,0,26
110900138,459,601,-142
110900139,1,235,-234
110900140,28,2,26
110900141,9,234,-225
110900142,78,110,-32
110900143,229,114,115
110900144,3,285,-282
110900145,233,90,143
110900146,153,293,-140
110900147,70,267,-197
110900148,7,233,-226
110900149,10,50,-40
110900150,33,27,6
110900151,5,130,-125
110900152,53,108,-55
110900153,145,83,62
111000001,495,284,211
111000002,410,340,70
111000003,1645,781,864
111000004,408,660,-252
111000005,1371,1349,22
111000006,848,1621,-773
111000007,4618,3270,1348
111000008,1492,2985,-1493
111000009,394,706,-312
111000010,1221,336,885
111000011,235,899,-664
111000012,399,480,-81
111000013,460,1092,-632
111000014,1626,550,1076
111000017,201,990,-789
111000018,261,336,-75
111000020,1383,1497,-114
111000021,72,123,-51
111000023,163,119,44
111000025,4967,4685,282
111000029,80,197,-117
111000030,47,120,-73
111000031,2020,1347,673
111000032,561,323,238
111000033,248,290,-42
111000034,70,225,-155
111000037,1084,513,571
111000038,2773,2034,739
111000039,1582,1588,-6
111000040,1675,1712,-37
111000041,865,992,-127
111000042,1965,1795,170
111000043,2129,4457,-2328
111000044,1855,1326,529
111000045,3212,2769,443
111000046,2029,1833,196
111000047,3245,5368,-2123
111000049,474,413,61
111000050,934,808,126
111000051,611,724,-113
111000052,604,1177,-573
111000053,357,653,-296
111000054,403,517,-114
111000055,1009,1250,-241
111000056,185,350,-165
111000057,136,322,-186
111000058,624,78,546
111000059,785,282,503
111000060,4714,921,3793
111000061,850,333,517
111000062,1202,477,725
111000063,1988,1304,684
111000064,1023,631,392
111000065,1557,975,582
111000066,743,438,305
111000067,694,444,250
111000068,746,669,77
111000069,1614,1627,-13
111000070,672,674,-2
111000071,138,365,-227
111000072,1519,570,949
111000073,367,1111,-744
111000074,1758,1731,27
111000075,1108,710,398
111000076,588,568,20
111000077,1588,1585,3
111000078,2625,1226,1399
111000079,1023,580,443
111000080,548,479,69
111000081,1390,4043,-2653
111000082,812,539,273
111000084,926,436,490
111000085,884,852,32
111000086,1999,771,1228
111000087,740,426,314
111000088,4317,3168,1149
111000089,747,654,93
111000090,652,1312,-660
111000091,912,331,581
111000092,1861,757,1104
111000093,993,1153,-160
111000094,1878,1094,784
111000095,822,2506,-1684
111000096,1066,8356,-7290
111000097,4054,1220,2834
111000098,707,837,-130
111000099,633,1119,-486
111000100,590,929,-339
111000101,511,584,-73
111000102,427,456,-29
111000104,882,194,688
111000107,182,768,-586
111000109,1132,323,809
111000110,1980,664,1316
111000111,3356,468,2888
111000112,2501,598,1903
111000113,897,1854,-957
111000114,1513,3709,-2196
111000115,3400,1154,2246
111000116,1020,815,205
111000117,353,777,-424
111000118,1073,654,419
111000119,1488,732,756
111000120,696,612,84
111000121,269,742,-473
111000122,692,935,-243
111000123,1384,1713,-329
111000124,511,1559,-1048
111000125,315,747,-432
111000126,127,494,-367
111000127,1239,157,1082
111000128,2710,346,2364
111000129,3804,526,3278
111000130,2953,527,2426
111000131,2692,504,2188
111000132,2467,1234,1233
111000133,248,100,148
111000134,233,108,125
111000135,137,189,-52
111000136,530,241,289
111000138,31,7,24
111000140,1,7,-6
111000141,187,433,-246
111000142,14,290,-276
111000143,5,477,-472
111000144,77,2648,-2571
111000145,264,13,251
111000146,137,14,123
111000147,119,34,85
111000148,198,123,75
111000149,3,17,-14
111000150,47,6,41
111000151,4,9,-5
111000153,562,763,-201
111000154,509,209,300
111000155,117,172,-55
111000156,695,657,38
111000157,215,949,-734
111000158,837,748,89
111000159,3424,1017,2407
111000160,614,508,106
111000161,10,533,-523
111000162,18,110,-92
111000163,1009,653,356
111000164,671,2498,-1827
111000165,709,355,354
111000166,839,272,567
111000167,139,268,-129
111000168,224,391,-167
111000169,401,459,-58
111000170,293,323,-30
111000171,480,399,81
111000172,175,251,-76
111000173,401,448,-47
111000174,396,186,210
111000175,46,251,-205
111000176,461,64,397
111000177,578,137,441
111000178,1846,236,1610
111000179,309,120,189
111000180,471,439,32
111000181,2152,189,1963
111000182,271,181,90
111000183,493,272,221
111000184,477,188,289
111000185,441,258,183
111000186,430,197,233
111000187,212,142,70
111000188,350,372,-22
111000189,659,479,180
111000190,226,262,-36
111000191,192,218,-26
111000192,257,259,-2
111000193,336,168,168
111000194,81,201,-120
111000195,208,202,6
111000196,94,109,-15
111000197,678,117,561
111000198,671,80,591
111000199,376,116,260
111000200,745,321,424
111000201,1068,199,869
111000202,545,203,342
111000203,524,380,144
111000204,358,1730,-1372
111000213,187,484,-297
111000214,1471,1010,461
111000215,1059,956,103
111000217,1780,861,919
111000218,1362,1044,318
111000219,294,150,144
111000220,883,737,146
111000221,400,165,235
111000224,0,184,-184
111000225,375,156,219
111000226,96,3,93
111000227,17,3,14
111000228,43,623,-580
111000229,48,1319,-1271
111000230,240,231,9
111000231,1208,376,832
111000232,727,606,121
111000233,1676,512,1164
111000234,195,562,-367
111000239,102,114,-12
111000240,79,310,-231
111000241,52,206,-154
111000242,359,76,283
111000243,155,290,-135
111000244,844,80,764
111000245,1161,278,883
111000246,891,164,727
111000247,634,409,225
111000248,1013,379,634
111000249,624,340,284
111000250,80,86,-6
111000251,69,126,-57
111000253,26,15,11
111000255,40,7,33
111000257,86,23,63
111000260,120,1200,-1080
111000261,1871,124,1747
111000271,52,275,-223
111000273,2409,1068,1341
111000274,1555,2678,-1123
111000275,171,47,124
111000276,257,976,-719
111000277,190,230,-40
111000278,690,247,443
111000291,971,9112,-8141
111000298,696,184,512
111000299,785,231,554
111000300,116,430,-314
111000302,496,55,441
111000303,97,158,-61
111000312,59,99,-40
111000315,0,43,-43
111000320,236,401,-165
111000321,614,163,451
111000322,438,287,151
111000323,433,40,393
111000324,449,185,264
111000325,67,75,-8
111000326,350,181,169
111000327,426,283,143
111000328,347,496,-149
111000329,0,16,-16
111000330,86,15,71
111000331,25,10,15
111000332,624,1158,-534
111000334,371,712,-341
111000335,1249,227,1022
111000337,1962,251,1711
111000338,109,98,11
111000339,1153,185,968
111000340,150,297,-147
111000341,1759,875,884
111000342,119,2797,-2678
111000344,1313,581,732
111000345,124,175,-51
111000346,27,221,-194
111000347,226,14,212
111000350,155,123,32
111000351,124,341,-217
111000352,201,110,91
111000353,209,187,22
111000354,612,111,501
111000355,379,407,-28
111000358,229,482,-253
111000360,334,262,72
111000361,210,128,82
111000546,996,346,650
111000547,592,254,338
111000548,276,375,-99
111000549,439,168,271
111000550,67,1335,-1268
111000551,682,161,521
111000552,562,418,144
111000907,337,24,313
111000908,50,2,48
111000916,2416,205,2211
111000917,65,339,-274
111000918,261,363,-102
111000920,776,15,761
111000921,7,98,-91
111000922,883,189,694
111000924,60,443,-383
111000925,3241,1969,1272
111000926,1034,1105,-71
111000927,2579,4256,-1677
111000928,3707,2047,1660
111000929,2073,1397,676
111000930,855,1426,-571
111000931,2406,2518,-112
111000932,3233,1481,1752
111000933,3095,2849,246
111000934,1696,2178,-482
111000935,1999,918,1081
111000936,1407,1257,150
111000937,1330,1350,-20
111000938,1197,845,352
111000939,918,44,874
111000940,653,63,590
111000941,396,260,136
111000943,886,226,660
111000944,237,160,77
111000945,101,800,-699
111001109,696,768,-72
111001110,135,348,-213
111001111,173,11,162
111001112,135,28,107
111001113,0,125,-125
111001114,495,191,304
111001115,16,1134,-1118
111001116,2523,5291,-2768
111001117,354,2931,-2577
111001120,120,169,-49
111001121,145,179,-34
111001122,206,195,11
111001123,423,66,357
111001124,75,30,45
111900001,20,101,-81
111900002,69,361,-292
111900003,14,206,-192
111900004,30,81,-51
111900006,37,159,-122
111900007,290,17,273
111900008,441,8,433
111900009,549,122,427
111900010,257,343,-86
111900012,76,82,-6
111900013,61,30,31
111900014,2652,6493,-3841
111900015,0,29,-29
111900016,0,48,-48
111900017,0,40,-40
111900018,226,31,195
111900019,0,131,-131
111900020,3,50,-47
111900021,30,91,-61
111900022,29,41,-12
111900023,62,35,27
111900024,1,71,-70
111900025,0,17,-17
111900026,0,31,-31
111900027,5,72,-67
111900028,0,158,-158
111900029,6,28,-22
111900030,34,261,-227
111900031,46,30,16
111900032,1,111,-110
111900033,7,48,-41
111900034,143,322,-179
111900035,168,199,-31
111900036,0,117,-117
111900038,227,368,-141
111900039,57,221,-164
111900040,3,179,-176
111900042,16,111,-95
111900043,2,172,-170
111900044,138,193,-55
111900046,19,103,-84
111900048,409,293,116
111900049,14,171,-157
111900050,132,46,86
111900051,10,145,-135
111900052,229,320,-91
111900053,438,2462,-2024
111900054,264,6,258
111900055,11,225,-214
111900056,127,460,-333
111900057,235,11,224
111900058,751,267,484
111900059,1341,995,346
111900060,527,8,519
111900061,10,135,-125
111900062,67,107,-40
111900063,341,471,-130
111900064,85,168,-83
111900065,214,45,169
111900066,237,191,46
111900067,4,310,-306
111900068,121,124,-3
111900069,118,53,65
111900070,339,76,263
111900071,4,203,-199
111900072,86,74,12
111900073,1444,252,1192
111900074,20,231,-211
111900075,137,25,112
111900076,273,97,176
111900077,54,6,48
111900078,490,73,417
111900079,80,45,35
111900080,282,345,-63
111900081,750,305,445
111900082,301,63,238
111900083,305,50,255
111900084,229,13,216
111900085,109,159,-50
111900086,119,16,103
111900087,97,1,96
111900088,852,26,826
111900089,207,8,199
111900090,99,100,-1
111900091,634,9,625
111900092,172,1,171
111900093,740,11,729
111900094,183,1,182
111900095,551,87,464
111900096,372,33,339
111900097,102,0,102
111900098,489,7,482
111900099,133,1,132
111900100,298,13,285
111900101,173,43,130
111900102,966,365,601
111900103,74,101,-27
111900104,222,144,78
111900105,293,275,18
111900106,674,41,633
111900107,126,145,-19
111900108,134,280,-146
111900109,281,632,-351
111900110,1236,354,882
111900111,316,50,266
111900112,517,4799,-4282
111900113,253,155,98
111900114,146,108,38
111900115,13,23,-10
111900118,436,147,289
111900119,383,269,114
111900122,158,205,-47
111900123,37,55,-18
111900124,43,53,-10
111900125,805,90,715
111900126,481,9,472
111900127,2,295,-293
111900128,0,273,-273
111900129,454,30,424
111900130,353,87,266
111900131,768,7,761
111900132,16,496,-480
111900133,6,256,-250
111900134,4,147,-143
111900135,28,62,-34
111900136,86,171,-85
111900137,52,53,-1
111900138,24,71,-47
111900139,10,68,-58
111900140,223,67,156
111900141,143,18,125
111900142,163,49,114
111900143,99,132,-33
111900144,1,34,-33
111900145,0,213,-213
111900146,1,112,-111
111900147,92,232,-140
111900148,18,379,-361
111900149,14,144,-130
111900150,35,102,-67
111900151,12,36,-24
111900152,101,159,-58
111900153,673,845,-172
111900154,30,631,-601
111900155,109,163,-54
111900156,140,108,32
111900157,305,40,265
111900158,791,195,596
111900159,441,68,373
111900160,596,6,590
111900161,415,7,408
111900162,125,199,-74
111900163,27,149,-122
111900164,146,82,64
111901113,836,109,727
111901114,340,213,127
111901115,169,2,167
111901116,62,2,60
111901117,61,57,4
111901118,24,381,-357
111901119,405,72,333
111901120,82,128,-46
111901121,119,108,11
111901122,7,236,-229
111901123,404,146,258
111901124,367,5,362
111901125,689,244,445
111901126,283,175,108
111901127,328,1223,-895
111901128,6,61,-55
111901129,3,93,-90
111901130,3,82,-79
111901131,6,117,-111
111901132,97,34,63
111901133,72,2,70
111901134,193,9,184
111901135,55,23,32
111901136,66,92,-26
111901137,2,49,-47
111901138,184,50,134
111901139,61,14,47
111901140,11,47,-36
111901141,9,88,-79
111901142,6,88,-82
111901143,1,91,-90
111901144,80,89,-9
111901145,116,452,-336
111901146,229,9,220
112000001,2346,745,1601
112000002,605,1719,-1114
112000003,2348,1141,1207
112000004,714,377,337
112000005,4119,4335,-216
112000006,1429,964,465
112000007,5132,3274,1858
112000008,2800,4342,-1542
112000009,2494,1639,855
112000010,3511,4738,-1227
112000011,1234,1067,167
112000012,4387,6505,-2118
112000013,2438,3558,-1120
112000014,1750,3908,-2158
112000015,2869,3542,-673
112000016,3095,2712,383
112000017,931,4177,-3246
112000024,1606,505,1101
112000026,2011,1993,18
112000027,825,590,235
112000028,721,885,-164
112000029,945,979,-34
112000030,194,40,154
112000031,1836,5513,-3677
112000032,224,30,194
112000033,1572,3628,-2056
112000034,173,50,123
112000035,57,696,-639
112000036,348,1336,-988
112000037,745,1127,-382
112000038,1300,1577,-277
112000039,126,67,59
112000040,56,142,-86
112000041,341,292,49
112000042,774,413,361
112000050,1334,1196,138
112000051,1327,2030,-703
112000054,1236,947,289
112000057,693,378,315
112000058,298,513,-215
112000059,514,689,-175
112000061,2091,1145,946
112000062,902,1386,-484
112000063,415,2689,-2274
112000064,2680,3522,-842
112000065,1038,1909,-871
112000066,3926,1743,2183
112000067,539,511,28
112000068,3509,3054,455
112000069,448,1543,-1095
112000070,2293,911,1382
112000071,1022,1854,-832
112000072,3339,775,2564
112000073,1636,1805,-169
112000074,1523,1238,285
112000075,1336,1322,14
112000076,3372,2464,908
112000077,880,350,530
112000078,2189,618,1571
112000079,1974,1394,580
112000080,845,635,210
112000081,1161,2002,-841
112000082,1383,746,637
112000083,713,1038,-325
112000084,1502,579,923
112000085,1526,1003,523
112000086,1687,814,873
112000087,636,306,330
112000088,1011,323,688
112000089,387,295,92
112000090,221,251,-30
112000091,563,608,-45
112000092,2611,1174,1437
112000093,1704,692,1012
112000094,831,840,-9
112000095,770,646,124
112000096,707,576,131
112000097,1954,915,1039
112000098,774,517,257
112000099,996,2181,-1185
112000100,2742,638,2104
112000101,648,509,139
112000102,2075,468,1607
112000103,465,551,-86
112000105,485,717,-232
112000106,2339,401,1938
112000107,36,247,-211
112000108,266,1080,-814
112000109,121,67,54
112000110,2228,659,1569
112000111,631,2592,-1961
112000112,3318,638,2680
112000113,800,1182,-382
112000114,2937,931,2006
112000115,458,378,80
112000116,788,955,-167
112000117,1254,740,514
112000118,919,681,238
112000119,366,492,-126
112000120,82,278,-196
112000121,185,246,-61
112000122,463,136,327
112000123,1058,139,919
112000124,642,68,574
112000125,321,314,7
112000126,501,231,270
112000127,1582,3301,-1719
112000128,434,758,-324
112000129,121,98,23
112000130,293,92,201
112000131,77,148,-71
112000132,275,198,77
112000133,474,141,333
112000134,448,320,128
112000135,1589,687,902
112000136,973,1300,-327
112000137,1850,2447,-597
112000138,1286,1279,7
112000139,777,967,-190
112000140,437,941,-504
112000141,1342,497,845
112000142,185,391,-206
112000143,1632,281,1351
112000144,305,702,-397
112000145,3258,653,2605
112000146,631,1065,-434
112000147,2936,1895,1041
112000148,1553,1348,205
112000149,648,402,246
112000150,286,460,-174
112000151,412,228,184
112000152,737,324,413
112000153,126,246,-120
112000154,172,308,-136
112000155,138,123,15
112000157,526,722,-196
112000158,405,268,137
112000159,993,346,647
112000167,399,198,201
112000169,262,387,-125
112000173,1196,319,877
112000175,521,327,194
112000176,1124,1568,-444
112000177,1244,376,868
112000178,139,197,-58
112000179,401,90,311
112000180,407,348,59
112000181,1392,1191,201
112000182,2236,811,1425
112000183,39,24,15
112000184,659,239,420
112000185,963,336,627
112000187,4313,2935,1378
112000195,233,18,215
112000196,292,0,292
112000197,234,313,-79
112000198,78,288,-210
112000199,697,770,-73
112000202,589,4,585
112000216,119,259,-140
112000230,197,9,188
112000231,6,152,-146
112000256,89,310,-221
112000313,66,75,-9
112000314,82,66,16
112000337,261,552,-291
112000352,219,433,-214
112000392,1506,969,537
112000398,2004,859,1145
112000399,1306,3410,-2104
112000400,1548,1290,258
112000401,2102,1467,635
112000402,4420,4890,-470
112000403,1447,4232,-2785
112000404,1484,1246,238
112000405,2938,3250,-312
112000406,2229,1098,1131
112000407,9399,9002,397
112000408,5770,3158,2612
112000409,1516,2078,-562
112000410,488,487,1
112000411,2411,2364,47
112000412,1240,650,590
112000413,4721,8890,-4169
112000414,115,41,74
112000415,128,40,88
112000416,3608,1465,2143
112000417,248,109,139
112000421,87,66,21
112000422,432,211,221
112000424,1361,3545,-2184
112000425,443,345,98
112000426,240,320,-80
112000427,1,11,-10
112000428,381,190,191
112000429,2046,1691,355
112000430,2546,2515,31
112000431,103,175,-72
112000432,628,503,125
112000433,314,671,-357
112000437,83,94,-11
112900001,160,2,158
112900002,799,428,371
112900003,148,194,-46
112900004,107,137,-30
112900005,431,123,308
112900006,14,243,-229
112900007,99,198,-99
112900008,1,84,-83
112900009,610,152,458
112900010,739,462,277
112900011,121,132,-11
112900012,7,28,-21
112900013,13,358,-345
112900014,5,250,-245
112900015,247,548,-301
112900016,10,171,-161
112900017,144,175,-31
112900018,0,86,-86
112900019,30,197,-167
112900020,363,851,-488
112900021,2,127,-125
112900022,28,59,-31
112900023,1,50,-49
112900024,15,184,-169
112900025,204,130,74
112900026,4,96,-92
112900027,3,438,-435
112900028,12,127,-115
112900029,25,274,-249
112900030,84,73,11
112900031,5,208,-203
112900032,266,214,52
112900034,1,30,-29
112900035,0,211,-211
112900036,36,119,-83
112900037,175,246,-71
112900038,880,197,683
112900039,8,163,-155
112900040,6,586,-580
112900041,574,1632,-1058
112900042,96,218,-122
112900043,89,91,-2
112900044,420,319,101
112900045,164,213,-49
112900046,176,74,102
112900047,9,30,-21
112900049,417,69,348
112900050,19,501,-482
112900051,213,394,-181
112900052,20,342,-322
112900053,193,141,52
112900054,208,91,117
112900055,120,60,60
112900056,475,374,101
112900057,40,296,-256
112900058,406,514,-108
112900059,168,219,-51
112900060,67,122,-55
112900061,159,104,55
112900062,87,92,-5
112900063,76,32,44
112900064,127,208,-81
112900065,45,42,3
112900066,339,309,30
112900067,293,118,175
112900068,59,74,-15
112900069,1261,1148,113
112900071,71,11,60
112900072,101,3045,-2944
112900073,532,242,290
112900074,130,415,-285
112900075,943,1386,-443
112900076,75,35,40
112900078,454,658,-204
112900079,277,59,218
112900080,176,3,173
112900081,70,339,-269
112900082,682,69,613
112900083,212,164,48
112900084,314,246,68
112900085,0,11,-11
112900086,158,1,157
112900087,1340,233,1107
112900088,257,16,241
112900089,1130,115,1015
112900090,131,92,39
112900091,490,10,480
112900092,99,616,-517
112900093,1466,72,1394
112900094,166,6,160
112900095,132,2,130
112900096,803,232,571
112900097,140,258,-118
112900098,224,5,219
112900099,1262,61,1201
112900100,124,5,119
112900101,546,8,538
112900102,131,33,98
112900103,341,13,328
112900104,31,1,30
112900105,25,0,25
112900106,505,133,372
112900107,12,3,9
112900108,14,2,12
112900109,226,3,223
112900110,2161,48,2113
112900111,1013,10,1003
112900112,541,1,540
112900113,2,12,-10
112900114,272,27,245
112900115,2543,9,2534
112900116,181,40,141
112900117,57,39,18
112900118,27,79,-52
112900119,277,5,272
112900120,571,285,286
112900121,38,93,-55
112900122,13,118,-105
112900123,146,28,118
112900124,25,64,-39
112900125,60,674,-614
112900126,133,135,-2
112900127,583,249,334
112900128,182,619,-437
112900129,1,560,-559
112900130,274,209,65
112900131,26,425,-399
112900132,158,304,-146
112900133,32,762,-730
112900134,2,209,-207
112900135,153,86,67
112900136,1,19,-18
112900137,4,334,-330
112900138,10,115,-105
112900139,151,806,-655
112900140,0,44,-44
112900141,943,63,880
112900142,111,290,-179
112900143,12,302,-290
112900144,1,125,-124
112900145,19,320,-301
112900146,8,540,-532
112900147,1,699,-698
112900148,90,1,89
112900149,374,366,8
112900151,11,55,-44
112900152,2575,617,1958
112900153,1243,3464,-2221
112900154,3,65,-62
112900155,301,15,286
112900156,714,647,67
112900157,488,5,483
112900158,167,8,159
112900159,257,193,64
112900160,51,233,-182
112900161,169,60,109
112900162,28,24,4
112900163,56,78,-22
112900164,44,172,-128
112900165,83,44,39
112900166,26,112,-86
112900167,4,129,-125
112900168,4,3,1
112900169,14,35,-21
112900170,180,320,-140
112900172,53,27,26
112900173,244,105,139
112900174,428,83,345
112900175,164,334,-170
112900176,62,63,-1
112900177,269,90,179
112900178,800,3127,-2327
112900179,32,317,-285
112900180,2640,1150,1490
112900181,1005,12,993
112900182,83,589,-506
112900183,101,358,-257
112900184,302,734,-432
112900185,155,754,-599
112900186,978,1536,-558
112900187,133,661,-528
112900188,691,2710,-2019
112900189,25,27,-2
112900190,12,21,-9
112900192,904,946,-42
112900193,1486,481,1005
112900194,115,46,69
112900195,1137,65,1072
112900196,327,254,73
112900197,152,311,-159
112900199,999,382,617
112900200,814,180,634
112900201,310,117,193
112900202,728,508,220
112900203,471,141,330
112900204,822,702,120
112900205,16,12,4
112900206,22,89,-67
112900207,40,1,39
112900208,120,438,-318
112900209,300,319,-19
112900210,0,40,-40
112900211,131,23,108
112900212,2,75,-73
112900213,111,5,106
112900214,30,33,-3
112900215,45,101,-56
112900216,14,55,-41
112900217,0,59,-59
112900218,84,95,-11
112900219,111,2,109
112900220,2,0,2
112900221,53,252,-199
112900222,1,71,-70
112900223,1428,30,1398
112900224,621,307,314
112900225,649,264,385
112900226,252,510,-258
112900227,1227,509,718
112900228,126,40,86
112900229,523,28,495
112900230,7216,3889,3327
112900232,451,398,53
112900233,50,116,-66
112900234,48,30,18
112900235,106,22,84
112900236,531,16,515
112900237,318,82,236
112900238,7,13,-6
112900239,431,538,-107
113000001,6621,4371,2250
113000002,3936,3224,712
113000003,1871,1384,487
113000004,1237,1889,-652
113000005,1855,1146,709
113000006,1086,1064,22
113000007,2388,1264,1124
113000008,1649,1469,180
113000009,1341,664,677
113000010,1245,1057,188
113000011,946,1053,-107
113000012,2080,759,1321
113000013,1017,766,251
113000014,906,1310,-404
113000015,233,258,-25
113000016,333,961,-628
113000017,86,317,-231
113000018,376,37,339
113000019,331,277,54
113000020,466,87,379
113000021,1361,531,830
113000022,788,1184,-396
113000025,122,295,-173
113000026,558,588,-30
113000027,495,1008,-513
113000028,710,1399,-689
113000029,1252,919,333
113000030,226,478,-252
113000031,161,279,-118
113000032,261,382,-121
113000033,276,505,-229
113000034,209,225,-16
113000035,56,24,32
113000036,21,90,-69
113000037,66,44,22
113000038,19,86,-67
113000039,56,288,-232
113000040,87,61,26
113000042,693,465,228
113000051,1086,1977,-891
113000052,2197,709,1488
113000053,557,413,144
113000054,515,672,-157
113000055,1780,410,1370
113000056,1478,787,691
113000058,557,833,-276
113000059,1071,401,670
113000060,375,530,-155
113000061,452,763,-311
113000062,578,483,95
113000063,458,67,391
113000064,71,152,-81
113000065,185,424,-239
113000066,1075,118,957
113000067,3243,976,2267
113000068,450,556,-106
113000069,680,555,125
113000070,3479,964,2515
113000071,678,506,172
113000072,1307,462,845
113000073,375,1299,-924
113000074,1034,446,588
113000075,1934,894,1040
113000076,548,2562,-2014
113000077,744,877,-133
113000078,484,2235,-1751
113000079,468,832,-364
113000080,526,794,-268
113000081,746,856,-110
113000082,1125,900,225
113000083,573,821,-248
113000084,1421,1213,208
113000085,858,600,258
113000086,804,1041,-237
113000087,884,980,-96
113000088,1817,1493,324
113000089,853,1523,-670
113000090,263,703,-440
113000091,292,397,-105
113000094,1482,353,1129
113000095,236,649,-413
113000096,112,1282,-1170
113000097,1226,459,767
113000098,129,33,96
113000099,1158,548,610
113000100,142,565,-423
113000101,252,864,-612
113000102,768,695,73
113000103,1621,248,1373
113000104,662,1901,-1239
113000105,826,619,207
113000106,355,389,-34
113000107,1008,985,23
113000108,571,788,-217
113000109,546,1184,-638
113000110,2818,682,2136
113000111,188,549,-361
113000112,301,277,24
113000113,1082,368,714
113000114,292,1458,-1166
113000116,646,335,311
113000117,978,96,882
113000118,51,672,-621
113000119,372,348,24
113000120,79,286,-207
113000121,518,1133,-615
113000124,249,87,162
113000125,79,1141,-1062
113000127,1616,184,1432
113000128,894,348,546
113000129,530,761,-231
113000133,2538,1127,1411
113000134,2,1341,-1339
113000135,4795,5555,-760
113000137,1046,3556,-2510
113000139,248,397,-149
113000140,116,168,-52
113000141,152,276,-124
113000142,301,926,-625
113000143,305,159,146
113000144,217,435,-218
113000145,187,126,61
113000146,190,69,121
113000147,226,82,144
113000148,328,140,188
113000149,220,140,80
113000150,670,323,347
113000151,51,52,-1
113000152,45,146,-101
113000153,940,450,490
113000154,724,1782,-1058
113000155,392,721,-329
113000156,177,328,-151
113000157,254,554,-300
113000158,675,247,428
113000159,1104,528,576
113000160,474,600,-126
113000161,343,262,81
113000162,1099,307,792
113000163,175,75,100
113000164,28,77,-49
113000166,244,93,151
113000167,77,59,18
113000168,106,112,-6
113000169,272,43,229
113000170,132,107,25
113000171,49,96,-47
113000172,435,52,383
113000173,78,31,47
113000174,157,179,-22
113000175,514,81,433
113000176,553,99,454
113000177,186,211,-25
113000178,172,216,-44
113000179,413,161,252
113000180,895,944,-49
113000181,1081,650,431
113000182,151,359,-208
113000183,108,596,-488
113000184,19,129,-110
113000189,305,794,-489
113000190,335,365,-30
113000192,581,4815,-4234
113000193,1971,3042,-1071
113000194,753,1446,-693
113000195,1345,2083,-738
113000196,244,50,194
113000197,1434,1798,-364
113000198,107,160,-53
113000199,1672,429,1243
113000201,252,473,-221
113000202,6262,1291,4971
113000203,92,218,-126
113000204,562,4002,-3440
113000205,14,8,6
113000206,13,32,-19
113000207,91,35,56
113000208,64,54,10
113000209,8,27,-19
113000210,75,42,33
113000211,123,294,-171
113000212,61,42,19
113000213,37,108,-71
113000214,153,294,-141
113000234,222,769,-547
113000410,71,238,-167
113000411,1673,3415,-1742
113000412,3593,1911,1682
113000413,1030,2879,-1849
113000414,2941,12375,-9434
113000415,1872,1847,25
113000416,3546,2880,666
113000417,1584,1922,-338
113000418,4194,4076,118
113000419,1530,3027,-1497
113000420,3129,6317,-3188
113000421,4323,7616,-3293
113000422,8885,10511,-1626
113000423,1586,5493,-3907
113000424,1855,9268,-7413
113000425,4,92,-88
113000428,52,69,-17
113000430,5,440,-435
113000432,2737,237,2500
113000433,83,373,-290
113000434,15,74,-59
113000435,25,220,-195
113000436,24,660,-636
113000437,1681,36,1645
113000438,429,9,420
113000439,15,54,-39
113000440,224,44,180
113000441,317,171,146
113000442,233,67,166
113000443,504,144,360
113000444,385,93,292
113000445,179,70,109
113000446,42,101,-59
113000448,443,277,166
113000449,127,734,-607
113000450,666,1825,-1159
113000451,1901,273,1628
113000452,128,364,-236
113000453,42,578,-536
113000454,282,137,145
113000455,7,762,-755
113000456,2468,2569,-101
113000468,888,132,756
113000469,82,303,-221
113000470,453,33,420
113000471,11,247,-236
113000472,128,249,-121
113000474,1101,707,394
113000475,1262,1279,-17
113000476,1869,1855,14
113000477,3940,1793,2147
113000478,2922,3053,-131
113000479,79,96,-17
113000480,93,428,-335
113000485,0,0,0
113000486,3,0,3
113000487,0,0,0
113000488,0,0,0
113000489,0,2,-2
113000490,0,14,-14
113000491,19,14,5
113000492,6,6,0
113000493,1,0,1
113000495,200,105,95
113000496,225,101,124
113000497,0,0,0
113000499,0,0,0
113000500,0,1,-1
113900001,5,470,-465
113900002,0,48,-48
113900003,1,68,-67
113900004,4,127,-123
113900005,5,198,-193
113900006,1,15,-14
113900007,57,38,19
113900008,25,0,25
113900009,41,0,41
113900010,49,0,49
113900011,106,0,106
113900012,30,3,27
113900013,105,4,101
113900014,925,9,916
113900015,1,112,-111
113900016,75,0,75
113900017,9,57,-48
113900018,276,430,-154
113900019,266,64,202
113900020,295,1,294
113900022,106,0,106
113900023,75,0,75
113900024,75,34,41
113900025,200,22,178
113900026,111,1,110
113900027,21,58,-37
113900028,37,253,-216
113900029,96,107,-11
113900030,311,8,303
113900031,37,3,34
113900032,46,4,42
113900033,54,78,-24
113900035,51,0,51
113900036,53,63,-10
113900037,302,281,21
113900038,31,114,-83
113900039,200,42,158
113900040,28,44,-16
113900041,14,8,6
113900042,61,43,18
113900043,187,106,81
113900044,264,372,-108
113900045,106,5,101
113900046,273,1261,-988
113900047,132,96,36
113900048,101,169,-68
113900049,269,371,-102
113900050,378,371,7
113900051,252,228,24
113900052,138,133,5
113900053,732,812,-80
113900054,54,4,50
113900055,125,395,-270
113900056,83,184,-101
113900057,14,40,-26
113900058,93,60,33
113900059,267,297,-30
113900060,80,197,-117
113900061,466,238,228
113900062,133,38,95
113900063,163,124,39
113900064,52,59,-7
113900065,561,27,534
113900066,546,210,336
113900067,289,140,149
113900068,538,766,-228
113900069,69,50,19
113900070,156,326,-170
113900071,102,67,35
113900072,86,101,-15
113900073,387,362,25
113900074,173,149,24
113900075,1193,1830,-637
113900076,164,15,149
113900077,67,134,-67
113900078,42,68,-26
113900079,6,15,-9
113900080,649,218,431
113900081,104,105,-1
113900082,158,198,-40
113900083,717,200,517
113900084,188,92,96
113900085,60,168,-108
113900086,93,9,84
113900087,156,125,31
113900088,81,99,-18
113900089,420,70,350
113900090,714,459,255
113900091,16,14,2
113900092,38,68,-30
113900093,57,1024,-967
113900094,725,227,498
113900095,189,171,18
113900096,384,106,278
113900097,18,41,-23
113900098,978,155,823
113900099,2,33,-31
113900100,0,2,-2
113900101,8,95,-87
113900102,115,146,-31
113900103,299,374,-75
113900104,125,262,-137
113900105,222,93,129
113900106,2,32,-30
113900107,1,16,-15
113900108,153,348,-195
113900109,299,199,100
113900110,120,27,93
113900111,239,79,160
113900112,206,65,141
113900113,1170,409,761
113900114,0,31,-31
113900115,4,51,-47
113900116,79,192,-113
113900117,65,40,25
113900118,229,534,-305
113900119,155,485,-330
113900120,147,65,82
113900121,119,71,48
113900122,446,2828,-2382
113900123,635,203,432
113900124,6,68,-62
113900125,688,121,567
113900126,124,40,84
113900127,420,1018,-598
113900128,193,60,133
113900129,17,158,-141
113900130,1,227,-226
113900131,389,75,314
113900132,31,104,-73
113900133,20,55,-35
113900135,407,328,79
113900136,137,76,61
113900137,392,360,32
113900138,44,366,-322
113900139,163,285,-122
113900140,90,464,-374
113900141,857,213,644
113900142,231,52,179
113900143,30,60,-30
113900144,92,345,-253
113900145,387,140,247
113900146,265,64,201
113900148,110,403,-293
113900149,196,132,64
113900150,243,346,-103
113900151,516,154,362
113900152,64,57,7
113900153,106,551,-445
113900154,3,77,-74
113900155,139,306,-167
113900156,203,291,-88
113900157,59,298,-239
113900158,169,577,-408
113900159,20,220,-200
113900160,384,434,-50
113900161,102,265,-163
113900162,218,966,-748
113900163,244,233,11
113900164,500,58,442
113900165,540,693,-153
113900166,103,193,-90
113900167,407,34,373
113900168,81,68,13
113900169,175,296,-121
113900171,376,72,304
113900172,12,92,-80
113900173,21,248,-227
113900174,523,389,134
113900175,457,135,322
113900176,439,296,143
113900177,319,190,129
113900178,332,224,108
113900179,40,244,-204
113900180,238,73,165
113900181,930,347,583
113900182,749,624,125
113900183,65,81,-16
113900184,9,310,-301
113900185,151,55,96
113900186,84,56,28
113900187,59,94,-35
113900188,44,151,-107
113900189,398,197,201
113900190,158,95,63
113900191,110,138,-28
113900192,11,973,-962
113900193,29,73,-44
113900194,1081,607,474
113900195,219,308,-89
113900196,2,169,-167
113900197,3,90,-87
113900198,25,297,-272
113900199,126,416,-290
113900200,54,147,-93
113900201,0,57,-57
113900202,82,127,-45
113900203,0,48,-48
113900204,46,294,-248
113900205,3,58,-55
113900206,4,119,-115
113900207,3,56,-53
113900208,0,58,-58
113900209,0,69,-69
113900210,438,841,-403
113900211,249,65,184
113900212,214,325,-111
113900214,306,498,-192
113900215,78,72,6
113900216,237,373,-136
113900217,162,187,-25
113900218,159,119,40
113900219,129,571,-442
113900220,153,178,-25
113900221,345,344,1
113900222,169,620,-451
113900223,271,316,-45
113900224,48,66,-18
113900225,433,156,277
113900226,443,148,295
113900227,354,232,122
113900228,267,671,-404
113900229,62,915,-853
113900230,2261,3825,-1564
113900231,174,103,71
113900232,171,72,99
113900233,127,70,57
113900234,452,515,-63
113900235,166,54,112
113900236,361,188,173
113900237,260,22,238
113900238,268,644,-376
113900239,62,128,-66
113900240,9,285,-276
113900241,93,75,18
113900242,25,166,-141
113900243,65,291,-226
113900244,136,197,-61
113900245,715,293,422
113900246,20,43,-23
113900247,118,657,-539
113900248,2023,2065,-42
113900249,611,585,26
113900250,61,245,-184
113900251,1046,120,926
113900252,874,42,832
113900253,793,88,705
113900254,717,188,529
113900255,680,28,652
113900256,372,22,350
113900257,40,245,-205
113900258,51,239,-188
113900259,796,126,670
113900260,334,11,323
113900261,40,63,-23
113900262,182,353,-171
113900263,117,431,-314
113900264,5,260,-255
113900265,114,347,-233
113900266,31,125,-94
113900267,116,880,-764
113900268,339,551,-212
113900269,80,117,-37
113900270,167,591,-424
113900271,734,529,205
113900273,17,13,4
113900274,70,28,42
113900275,26,73,-47
113900276,0,78,-78
113900277,206,3,203
113900278,164,173,-9
113900279,54,55,-1
113900280,1523,609,914
113900281,535,1709,-1174
113900282,365,574,-209
113900283,413,457,-44
113900284,992,235,757
113900285,170,62,108
113900286,137,133,4
113900287,144,110,34
113900288,2,87,-85
113900289,418,128,290
113900290,192,429,-237
113900291,92,138,-46
113900292,13,11,2
113900293,2,170,-168
113900294,665,23,642
113900295,409,450,-41
113900296,1678,469,1209
113900297,2677,63,2614
113900298,11,1197,-1186
113900299,225,71,154
113900300,4512,4500,12
113900301,716,676,40
113900302,1581,1122,459
113900303,282,722,-440
113900304,2,92,-90
113900305,196,1,195
113900306,149,3,146
113900307,8,0,8
113900308,92,118,-26
113900309,3,371,-368
113900310,0,13,-13
113900311,11,0,11
113900312,225,276,-51
113900313,11,8,3
114000001,1013,1876,-863
114000002,451,245,206
114000003,63,237,-174
114000004,488,308,180
114000005,435,257,178
114000006,1557,1581,-24
114000007,741,1122,-381
114000008,1579,2118,-539
114000009,1243,277,966
114000011,2961,1878,1083
114000012,3320,1295,2025
114000013,2139,1004,1135
114000014,463,179,284
114000015,2426,210,2216
114000016,274,161,113
114000017,141,628,-487
114000018,179,13,166
114000026,2821,806,2015
114000027,4709,1864,2845
114000028,2287,3168,-881
114000038,470,160,310
114000039,94,36,58
114000040,190,228,-38
114000042,158,133,25
114000043,72,34,38
114000044,372,14,358
114000045,58,40,18
114000046,2481,3766,-1285
114000047,14,50,-36
114000048,89,49,40
114000049,1767,1752,15
114000050,1750,1929,-179
114000051,2817,2116,701
114000052,3819,2170,1649
114000053,121,637,-516
114000054,305,596,-291
114000055,203,37,166
114000056,264,1063,-799
114000057,3912,2274,1638
114000058,135,1497,-1362
114000059,87,406,-319
114000060,625,811,-186
114000061,2289,3217,-928
114000062,733,1966,-1233
114000063,1149,1255,-106
114000064,2376,3626,-1250
114000065,1158,1806,-648
114000066,497,633,-136
114000067,17,903,-886
114000068,556,799,-243
114000069,1079,645,434
114000070,2083,1841,242
114000071,913,412,501
114000072,645,191,454
114000073,35,31,4
114000074,90,43,47
114000075,108,36,72
114000076,39,40,-1
114000077,4,29,-25
114000078,308,364,-56
114000079,242,39,203
114000080,80,75,5
114000081,73,66,7
114000082,46,264,-218
114000083,111,143,-32
114000084,414,111,303
114000085,107,375,-268
114000086,291,219,72
114000087,197,96,101
114000088,47,39,8
114000089,521,285,236
114000090,1127,1022,105
114000091,1381,952,429
114000092,862,539,323
114000093,1533,694,839
114000094,354,311,43
114000095,374,214,160
114000096,70,218,-148
114000097,111,263,-152
114000098,716,124,592
114000099,961,228,733
114000100,2061,431,1630
114000101,499,318,181
114000102,776,312,464
114000103,103,238,-135
114000104,37,179,-142
114000105,161,77,84
114000106,762,1900,-1138
114000107,673,148,525
114000108,754,814,-60
114000109,721,1314,-593
114000110,546,796,-250
114000111,2312,941,1371
114000112,523,1124,-601
114000113,1386,660,726
114000114,930,791,139
114000115,2055,1236,819
114000116,1226,998,228
114000117,4670,623,4047
114000118,3475,657,2818
114000119,2532,593,1939
114000120,655,520,135
114000121,505,759,-254
114000122,466,325,141
114000123,2914,379,2535
114000124,1248,360,888
114000125,856,899,-43
114000126,2035,240,1795
114000127,205,134,71
114000128,869,276,593
114000130,436,485,-49
114000131,381,141,240
114000132,716,396,320
114000133,775,1127,-352
114000134,103,56,47
114000138,47,149,-102
114000139,494,440,54
114000144,838,807,31
114000145,72,94,-22
114000146,135,122,13
114000147,1605,2769,-1164
114000148,1398,1836,-438
114000149,425,326,99
114000150,279,577,-298
114000151,633,1800,-1167
114000152,100,56,44
114000153,587,2113,-1526
114000154,728,570,158
114000155,1274,2549,-1275
114000156,723,690,33
114000157,276,1235,-959
114000158,1069,711,358
114000159,126,447,-321
114000160,72,581,-509
114000161,1048,3274,-2226
114000162,1389,3028,-1639
114000163,45,72,-27
114000165,630,410,220
114000166,674,539,135
114000167,2043,1598,445
114000168,448,479,-31
114000169,1311,1939,-628
114000170,859,1158,-299
114000171,1859,3243,-1384
114000174,184,441,-257
114000176,337,548,-211
114000177,995,606,389
114000178,48,55,-7
114000179,960,641,319
114000180,303,481,-178
114000181,2019,4877,-2858
114000182,1497,2210,-713
114000183,538,558,-20
114000184,401,754,-353
114000185,1379,767,612
114000189,1664,240,1424
114000190,3711,537,3174
114000191,67,193,-126
114000192,151,904,-753
114000193,400,1160,-760
114000194,1518,649,869
114000195,253,88,165
114000196,2,109,-107
114000197,2074,22,2052
114000198,691,343,348
114000199,1792,1921,-129
114000200,508,898,-390
114000201,145,548,-403
114000202,811,390,421
114000203,513,425,88
114000204,180,348,-168
114000205,155,863,-708
114000206,740,1087,-347
114000207,440,953,-513
114000208,571,1313,-742
114000209,476,1119,-643
114000210,213,682,-469
114000211,1246,1029,217
114000212,882,804,78
114000213,1386,378,1008
114000214,139,125,14
114000215,284,88,196
114000216,1562,357,1205
114000217,535,164,371
114000218,199,133,66
114000219,1414,164,1250
114000220,16,501,-485
114000221,1106,244,862
114000222,151,661,-510
114000223,617,176,441
114000224,53,340,-287
114000225,285,433,-148
114000226,278,256,22
114000227,823,389,434
114000228,805,429,376
114000229,1469,932,537
114000230,1737,770,967
114000231,1363,1194,169
114000232,1092,185,907
114000233,2990,142,2848
114000234,1029,572,457
114000235,1284,1017,267
114000236,0,295,-295
114000237,107,563,-456
114000238,115,202,-87
114000239,150,705,-555
114000240,946,875,71
114000241,250,673,-423
114000242,668,570,98
114000243,1783,940,843
114000244,582,291,291
114000245,457,726,-269
114000246,98,32,66
114000247,486,467,19
114000248,1354,526,828
114000249,486,362,124
114000250,764,528,236
114000251,527,200,327
114000252,74,36,38
114000253,32,103,-71
114000254,74,33,41
114000255,550,165,385
114000256,459,2251,-1792
114000257,326,742,-416
114000258,501,213,288
114000259,191,164,27
114000260,0,18,-18
114000261,54,45,9
114000262,284,112,172
114000263,5,1,4
114000264,1620,280,1340
114000265,0,1,-1
114000267,5,1604,-1599
114000268,20,667,-647
114000270,254,12,242
114000271,331,38,293
114000283,1796,292,1504
114000285,24,124,-100
114000288,110,230,-120
114000289,1805,136,1669
114000293,272,501,-229
114000294,149,228,-79
114000395,1404,23,1381
114000396,787,791,-4
114000402,907,209,698
114000403,496,216,280
114000405,288,186,102
114000423,467,204,263
114000424,663,152,511
114000425,1307,224,1083
114000426,362,858,-496
114000427,54,40,14
114000428,149,239,-90
114000429,16,100,-84
114000432,128,51,77
114000434,19,53,-34
114000435,8,90,-82
114000436,1581,578,1003
114000437,589,5528,-4939
114900001,710,396,314
114900002,456,262,194
114900003,900,687,213
114900004,249,522,-273
114900005,701,423,278
114900006,108,101,7
114900007,466,51,415
114900008,323,158,165
114900010,1089,1777,-688
114900011,345,171,174
114900013,365,192,173
114900015,142,610,-468
114900018,1156,26,1130
114900020,235,116,119
114900022,2,464,-462
114900024,383,124,259
114900025,734,195,539
114900026,76,182,-106
114900027,273,220,53
114900029,26,22,4
114900030,405,215,190
114900031,525,31,494
114900032,562,36,526
114900033,681,1404,-723
114900034,47,86,-39
114900035,169,295,-126
114900036,221,322,-101
114900037,124,123,1
114900038,221,299,-78
114900039,524,253,271
114900040,104,70,34
114900041,1080,238,842
114900042,1272,359,913
114900043,431,209,222
114900044,175,59,116
114900046,38,83,-45
114900047,261,2692,-2431
114900048,114,208,-94
114900049,5,104,-99
114900050,78,151,-73
114900051,35,211,-176
114900052,52,281,-229
114900053,118,229,-111
114900054,29,87,-58
114900057,271,20,251
114900058,0,39,-39
114900059,160,102,58
114900060,435,879,-444
114900061,155,76,79
114900062,188,270,-82
114900063,80,76,4
114900064,2483,269,2214
114900065,592,652,-60
114900067,47,313,-266
114900068,43,112,-69
114900069,180,83,97
114900070,751,203,548
114900072,7,219,-212
114900073,1,108,-107
114900074,1029,272,757
114900075,634,18,616
114900076,13,309,-296
114900080,1183,276,907
114900082,2419,3009,-590
114900083,668,1036,-368
114900090,517,263,254
114900091,126,166,-40
114900095,273,71,202
114900096,336,558,-222
114900097,230,5,225
114900098,7,126,-119
114900099,295,17,278
115000001,3498,1901,1597
115000002,4182,5072,-890
115000003,3952,1512,2440
115000004,5038,6731,-1693
115000005,1343,1520,-177
115000006,1162,1573,-411
115000007,126,213,-87
115000008,400,600,-200
115000009,287,206,81
115000010,259,191,68
115000013,56,172,-116
115000015,32,185,-153
115000016,173,349,-176
115000019,37,433,-396
115000020,143,1194,-1051
115000021,196,398,-202
115000022,611,370,241
115000023,333,666,-333
115000024,1065,395,670
115000025,1048,992,56
115000026,205,346,-141
115000027,360,440,-80
115000028,275,673,-398
115000029,864,126,738
115000030,899,995,-96
115000031,1386,537,849
115000032,16,210,-194
115000033,152,53,99
115000034,95,1184,-1089
115000035,1187,120,1067
115000036,0,348,-348
115000037,783,24,759
115000038,65,158,-93
115000039,2584,3918,-1334
115000040,3240,2305,935
115000041,1520,4372,-2852
115000042,552,577,-25
115000043,4223,2656,1567
115000044,3436,2603,833
115000045,2457,908,1549
115000046,3060,2385,675
115000047,2705,1334,1371
115000048,1752,1341,411
115000049,1374,2412,-1038
115000050,3418,1750,1668
115000051,1657,3363,-1706
115000052,1187,1456,-269
115000053,2249,2271,-22
115000054,585,855,-270
115000055,259,895,-636
115000056,258,588,-330
115000057,695,1192,-497
115000058,340,407,-67
115000059,358,165,193
115000061,94,139,-45
115000062,198,274,-76
115000063,477,257,220
115000064,250,72,178
115000065,47,521,-474
115000067,142,17,125
115000069,150,262,-112
115000070,33,985,-952
115000071,117,33,84
115000072,9,63,-54
115000073,1683,63,1620
115000075,141,50,91
115000076,2198,1924,274
115000077,2195,1277,918
115000078,1719,849,870
115000079,1485,1220,265
115000080,2932,1504,1428
115000081,387,801,-414
115000082,4790,4123,667
115000083,1953,1193,760
115000084,3402,1075,2327
115000085,1141,703,438
115000086,1493,697,796
115000087,455,1251,-796
115000088,1802,642,1160
115000089,1207,1062,145
115000090,411,854,-443
115000091,220,605,-385
115000092,897,498,399
115000093,687,5,682
115000094,4969,6472,-1503
115000095,3853,6893,-3040
115000096,990,917,73
115000097,1894,1222,672
115000098,1659,554,1105
115000099,3446,1788,1658
115000100,1534,370,1164
115000101,533,1063,-530
115000102,598,325,273
115000103,343,450,-107
115000105,99,105,-6
115000106,868,422,446
115000107,251,281,-30
115000108,2095,1796,299
115000109,3532,6332,-2800
115000110,1363,2425,-1062
115000111,608,1186,-578
115000112,854,1164,-310
115000113,794,812,-18
115000114,1391,639,752
115000116,3146,2705,441
115000117,2625,2679,-54
115000118,2307,1952,355
115000119,1605,2116,-511
115000120,577,1444,-867
115000121,822,860,-38
115000122,1263,1807,-544
115000123,850,2203,-1353
115000124,771,1290,-519
115000125,438,711,-273
115000126,156,318,-162
115000127,285,160,125
115000128,373,705,-332
115000129,203,489,-286
115000130,550,418,132
115000131,990,205,785
115000132,539,287,252
115000133,794,193,601
115000134,371,277,94
115000135,236,197,39
115000136,310,234,76
115000137,103,163,-60
115000138,484,237,247
115000139,322,160,162
115000140,533,187,346
115000141,271,134,137
115000142,245,116,129
115000143,1163,566,597
115000144,559,69,490
115000145,215,193,22
115000146,573,414,159
115000147,278,332,-54
115000148,425,518,-93
115000149,731,241,490
115000150,679,446,233
115000151,1402,458,944
115000152,705,468,237
115000153,1255,514,741
115000154,1070,273,797
115000155,720,591,129
115000156,916,815,101
115000157,483,711,-228
115000158,386,450,-64
115000159,562,606,-44
115000160,485,762,-277
115000161,642,387,255
115000162,551,937,-386
115000163,522,711,-189
115000164,619,628,-9
115000165,331,601,-270
115000167,91,104,-13
115000168,485,431,54
115000169,399,610,-211
115000170,83,135,-52
115000171,229,266,-37
115000172,805,726,79
115000173,265,866,-601
115000174,66,302,-236
115000175,190,166,24
115000176,138,178,-40
115000177,102,306,-204
115000178,8,165,-157
115000179,38,48,-10
115000180,210,278,-68
115000181,938,141,797
115000182,1228,277,951
115000183,573,454,119
115000186,683,233,450
115000187,329,581,-252
115000188,423,518,-95
115000189,271,382,-111
115000190,773,527,246
115000191,200,529,-329
115000194,100,202,-102
115000195,227,365,-138
115000196,272,83,189
115000197,290,200,90
115000198,602,210,392
115000199,534,134,400
115000200,506,110,396
115000201,193,243,-50
115000206,449,67,382
115000207,315,216,99
115000208,346,568,-222
115000209,757,397,360
115000210,192,114,78
115000211,210,272,-62
115000212,967,361,606
115000224,337,59,278
115000225,74,95,-21
115000229,120,148,-28
115000230,117,563,-446
115000231,314,828,-514
115000232,2320,259,2061
115000233,152,167,-15
115000234,30,270,-240
115000241,152,189,-37
115000242,185,184,1
115000243,77,119,-42
115000244,22,106,-84
115000246,27,34,-7
115000247,22,17,5
115000248,37,30,7
115000249,28,29,-1
115000250,333,38,295
115000251,371,84,287
115000252,93,222,-129
115000253,15,470,-455
115000258,349,60,289
115000259,370,107,263
115000261,53,14,39
115000262,16,21,-5
115000263,18,38,-20
115000264,48,22,26
115000267,126,92,34
115000268,46,128,-82
115000269,128,85,43
115000270,8,24,-16
115000272,78,119,-41
115000273,726,32,694
115000280,1901,302,1599
115000281,347,864,-517
115000282,932,1609,-677
115000284,187,154,33
115000296,1105,14,1091
115000297,134,188,-54
115000298,47,511,-464
115000300,247,150,97
115000302,592,100,492
115000303,933,87,846
115000304,1145,55,1090
115000305,113,314,-201
115000306,239,161,78
115000307,117,149,-32
115000308,22,37,-15
115000309,23,108,-85
115000310,1445,508,937
115000311,1555,1134,421
115000313,164,218,-54
115000314,759,158,601
115000315,578,845,-267
115000316,143,206,-63
115000317,233,367,-134
115000318,947,353,594
115000319,61,236,-175
115000320,18,365,-347
115000321,442,15,427
115000322,60,162,-102
115000449,215,158,57
115000557,9,1810,-1801
115000558,323,95,228
115000587,623,224,399
115000588,1595,2063,-468
115000589,3485,1971,1514
115000590,942,1411,-469
115000591,1464,821,643
115000592,484,1490,-1006
115000593,1346,845,501
115000594,447,2122,-1675
115000609,152,95,57
115000617,600,3123,-2523
115000624,462,58,404
115000633,591,1570,-979
115000634,3258,779,2479
115000635,692,107,585
115000638,364,433,-69
115000641,45,191,-146
115000642,326,276,50
115000643,144,312,-168
115000644,156,297,-141
115000646,966,1855,-889
115000647,243,546,-303
115000648,2973,1232,1741
115000893,1361,1188,173
115000894,137,717,-580
115000895,222,577,-355
115000896,1060,376,684
115000897,463,147,316
115000898,480,263,217
115000899,222,1411,-1189
115000900,37,246,-209
115000901,49,187,-138
115000912,521,96,425
115000913,5,15,-10
115000915,10,0,10
115000916,7,0,7
115000917,0,2,-2
115000918,41,536,-495
115000919,5,21,-16
115000920,11,44,-33
115000921,270,79,191
115000922,383,791,-408
115000923,125,998,-873
115000925,145,154,-9
115000927,39,117,-78
115000933,92,267,-175
115000934,220,148,72
115000935,181,84,97
115000936,54,861,-807
115000937,297,126,171
115000938,34,182,-148
115000939,8,110,-102
115900001,173,22,151
115900002,105,131,-26
115900003,262,49,213
115900004,1,32,-31
115900005,369,20,349
115900006,182,121,61
115900008,102,28,74
115900009,91,138,-47
115900010,590,76,514
115900011,502,193,309
115900012,307,48,259
115900013,354,127,227
115900014,124,132,-8
115900015,175,34,141
115900016,154,55,99
115900017,42,28,14
115900018,168,48,120
115900019,279,38,241
115900020,248,9,239
115900021,801,285,516
115900022,708,32,676
115900023,11,9,2
115900025,39,373,-334
115900026,738,115,623
115900027,1,137,-136
115900028,442,73,369
115900029,18,254,-236
115900030,29,44,-15
115900031,170,483,-313
115900032,492,493,-1
115900033,0,51,-51
115900034,40,184,-144
115900035,56,65,-9
115900036,21,1385,-1364
115900037,36,165,-129
115900038,78,35,43
115900039,239,166,73
115900041,249,848,-599
115900042,63,7,56
115900043,186,57,129
115900044,186,290,-104
115900046,561,195,366
115900047,175,273,-98
115900049,216,167,49
115900051,8,12,-4
115900052,21,138,-117
115900053,416,125,291
115900054,485,29,456
115900055,42,114,-72
115900056,261,142,119
115900057,19,13,6
115900058,33,53,-20
115900060,146,192,-46
115900061,321,0,321
115900062,65,121,-56
115900063,77,10,67
115900064,220,183,37
115900065,171,86,85
115900066,132,69,63
115900067,14,219,-205
115900068,1742,1310,432
115900069,61,195,-134
115900070,228,60,168
115900071,1,183,-182
115900072,31,125,-94
115900073,146,180,-34
115900074,8,131,-123
115900075,68,147,-79
115900076,6,21,-15
115900077,8,146,-138
115900078,32,111,-79
115900079,465,18,447
115900080,321,159,162
115900081,32,43,-11
115900082,133,184,-51
115900084,812,30,782
115900085,50,62,-12
115900086,976,514,462
115900088,18,69,-51
115900089,559,382,177
115900090,566,12,554
115900091,12,46,-34
115900092,84,74,10
115900093,8,16,-8
115900094,7,151,-144
115900096,22,10,12
115900097,22,167,-145
115900098,317,196,121
115900099,54,40,14
115900100,11,277,-266
115900101,227,152,75
115900102,144,67,77
115900103,372,131,241
115900104,119,89,30
115900105,626,296,330
115900106,210,28,182
115900107,144,71,73
115900108,258,21,237
115900109,49,181,-132
115900110,12,10,2
115900111,3,60,-57
115900112,53,557,-504
115900113,107,30,77
115900114,11,139,-128
115900115,138,244,-106
115900116,107,542,-435
115900117,109,16,93
115900118,5,148,-143
115900119,173,111,62
115900120,31,178,-147
115900121,263,144,119
115900124,326,942,-616
115900125,473,72,401
115900126,1186,113,1073
115900127,987,69,918
115900128,9,79,-70
115900129,884,79,805
115900130,17,227,-210
115900131,427,30,397
115900132,923,6,917
115900134,502,66,436
115900135,296,1176,-880
115900137,54,12,42
115900139,23,107,-84
115900140,457,48,409
115900141,5,53,-48
115900142,5,34,-29
115900143,305,419,-114
115900144,178,196,-18
115900146,18,45,-27
115900147,292,305,-13
115900148,168,20,148
115900149,224,17,207
115900150,174,25,149
115900151,25,111,-86
115900152,224,209,15
115900153,152,168,-16
115900154,362,396,-34
115900155,0,24,-24
115900156,819,974,-155
115900157,332,506,-174
115900158,8,6,2
115900159,323,130,193
115900160,3,10,-7
115900161,76,262,-186
115900163,315,203,112
115900164,764,20,744
115900165,6,151,-145
115900166,223,118,105
115900168,161,86,75
115900171,94,406,-312
115900172,63,104,-41
115900173,302,103,199
115900174,230,211,19
115900175,220,182,38
115900178,11,324,-313
115900179,512,34,478
115900180,55,78,-23
115900181,307,92,215
115900182,685,116,569
115900183,20,78,-58
115900184,515,7,508
115900187,8,146,-138
115900189,1,315,-314
115900190,256,1148,-892
115900191,35,147,-112
115900192,18,125,-107
115900193,148,155,-7
115900194,899,91,808
115900195,422,2890,-2468
115900198,262,322,-60
115900199,311,134,177
115900200,174,219,-45
115900201,379,304,75
115900202,3,99,-96
115900203,8,21,-13
115900204,0,15,-15
115900205,50,19,31
115900206,309,138,171
115900207,110,13,97
115900208,200,79,121
115900209,12,99,-87
115900210,3,116,-113
115900211,0,90,-90
115900212,218,158,60
115900213,80,162,-82
115900214,694,146,548
115900215,34,237,-203
115900216,6,126,-120
115900217,7,29,-22
115900218,2,27,-25
115900219,181,5,176
115900220,361,6,355
115900221,203,14,189
115900222,138,53,85
115900223,8,659,-651
115900224,538,2007,-1469
115900225,46,115,-69
115900226,40,51,-11
115900227,49,52,-3
115900228,17,29,-12
115900229,8,31,-23
115900230,45,107,-62
115900231,159,2,157
115900232,93,3,90
115900233,104,13,91
115900234,66,27,39
115900235,30,58,-28
115900236,22,47,-25
115900237,23,21,2
115900238,33,9,24
115900239,25,40,-15
115900240,21,47,-26
115900241,293,78,215
115900242,227,341,-114
115900243,16,6,10
115900244,27,12,15
115900245,72,10,62
115900246,9,18,-9
115900247,21,22,-1
115900248,16,8,8
115900249,13,16,-3
115900250,34,38,-4
115900251,5,8,-3
115900252,6,1,5
115900253,15,20,-5
115900254,17,45,-28
115900255,1,31,-30
115900256,7,30,-23
115900257,9,8,1
115900258,0,2,-2
115900259,3,1,2
115900260,2,0,2
115900261,12,1,11
115900262,8,1,7
115900263,17,0,17
115900264,45,6,39
115900265,7,17,-10
115900266,5,19,-14
115900267,5,10,-5
115900268,6,24,-18
115900269,834,198,636
115900270,589,165,424
115900271,197,2,195
115900272,60,3,57
115900273,24,31,-7
115900274,3,4,-1
115900275,1,2,-1
115900276,1,11,-10
115900277,2,30,-28
115900278,54,102,-48
115900279,18,196,-178
115900280,23,616,-593
115900281,181,360,-179
115900282,5,19,-14
116000001,5025,2588,2437
116000002,4791,13871,-9080
116000003,1074,1071,3
116000004,2950,5259,-2309
116000005,1071,2426,-1355
116000006,2516,3633,-1117
116000007,2425,2125,300
116000008,4554,3333,1221
116000009,1092,1205,-113
116000010,2872,2018,854
116000011,634,1083,-449
116000012,2026,1167,859
116000013,4420,3409,1011
116000014,7267,16794,-9527
116000015,177,1658,-1481
116000016,4465,5000,-535
116000017,44,990,-946
116000018,553,413,140
116000019,981,396,585
116000020,694,1160,-466
116000021,825,336,489
116000022,532,359,173
116000023,1639,1189,450
116000024,628,910,-282
116000025,1089,998,91
116000026,1512,2674,-1162
116000027,859,737,122
116000028,520,1175,-655
116000029,530,727,-197
116000030,784,674,110
116000031,156,288,-132
116000032,451,160,291
116000033,511,537,-26
116000034,813,802,11
116000035,471,652,-181
116000036,906,2134,-1228
116000037,336,511,-175
116000038,248,723,-475
116000039,322,900,-578
116000040,500,678,-178
116000041,127,704,-577
116000042,794,551,243
116000043,135,571,-436
116000044,11,21,-10
116000045,1946,1637,309
116000046,940,1600,-660
116000047,1718,2413,-695
116000048,2356,1803,553
116000049,1936,3544,-1608
116000050,1713,1362,351
116000051,6229,3529,2700
116000052,5718,5166,552
116000053,2519,760,1759
116000054,1006,2528,-1522
116000055,1001,870,131
116000056,1326,1454,-128
116000057,2744,1722,1022
116000058,3459,3596,-137
116000059,2680,5976,-3296
116000060,1842,1066,776
116000061,597,1133,-536
116000062,496,223,273
116000063,645,1439,-794
116000066,280,803,-523
116000067,155,396,-241
116000068,204,321,-117
116000069,311,266,45
116000078,551,1205,-654
116000080,1843,681,1162
116000082,0,22,-22
116000083,1847,474,1373
116000084,1735,2261,-526
116000085,2209,2341,-132
116000086,1163,569,594
116000087,2820,2072,748
116000088,811,861,-50
116000089,235,101,134
116000090,166,159,7
116000091,266,354,-88
116000093,948,764,184
116000094,886,469,417
116000095,1234,803,431
116000096,1134,1562,-428
116000097,1025,602,423
116000098,62,7304,-7242
116000099,4679,247,4432
116000100,301,11,290
116000101,1366,488,878
116000102,296,820,-524
116000103,602,342,260
116000104,278,987,-709
116000105,1422,187,1235
116000106,449,837,-388
116000107,2491,267,2224
116000108,444,158,286
116000111,197,46,151
116000113,222,189,33
116000114,49,131,-82
116000115,605,237,368
116000116,294,341,-47
116000117,1821,1745,76
116000118,1712,1113,599
116000119,4482,1886,2596
116000120,2965,2685,280
116000121,1342,594,748
116000122,1169,1102,67
116000123,1656,513,1143
116000124,403,743,-340
116000125,3696,976,2720
116000126,355,992,-637
116000127,905,803,102
116000128,2414,1129,1285
116000129,1729,205,1524
116000130,951,690,261
116000133,1610,790,820
116000134,1908,1136,772
116000135,3460,1543,1917
116000136,930,1361,-431
116000137,1343,777,566
116000138,1160,658,502
116000139,1744,2413,-669
116000140,121,194,-73
116000141,439,309,130
116000142,2644,1752,892
116000143,1960,1651,309
116000144,1522,1404,118
116000145,2056,923,1133
116000146,888,90,798
116000147,239,136,103
116000148,849,754,95
116000149,972,1090,-118
116000151,486,313,173
116000153,97,362,-265
116000155,225,301,-76
116000156,631,1033,-402
116000157,77,17,60
116000158,447,322,125
116000159,33,26,7
116000160,19,62,-43
116000161,5,129,-124
116000162,109,195,-86
116000163,68,26,42
116000164,18,59,-41
116000177,393,153,240
116000194,128,377,-249
116000195,1336,609,727
116000196,39,11,28
116000197,34,19,15
116000198,2246,1320,926
116000200,665,806,-141
116000201,768,658,110
116000202,17,195,-178
116000203,1,77,-76
116000204,32,49,-17
116000205,1,162,-161
116000206,6,170,-164
116000207,21,45,-24
116000233,187,342,-155
116000287,293,229,64
116000288,510,179,331
116000292,88,114,-26
116000296,10,130,-120
116000297,103,3,100
116000304,223,31,192
116000305,21,29,-8
116000346,210,83,127
116000352,189,67,122
116000354,70,25,45
116000357,18,44,-26
116000358,541,79,462
116000361,32,5,27
116000372,2880,5945,-3065
116000381,167,1,166
116000388,6,39,-33
116000389,1086,627,459
116000445,798,310,488
116000446,940,335,605
116000447,36,627,-591
116000448,570,147,423
116000563,731,1224,-493
116000565,52,271,-219
116000568,70,504,-434
116000579,28,109,-81
116000584,28,6,22
116000585,60,18,42
116000586,91,163,-72
116000587,467,558,-91
116000589,44,52,-8
116000590,130,51,79
116000591,340,164,176
116000592,10,70,-60
116000593,0,18,-18
116000594,1130,298,832
116000595,954,77,877
116000596,192,6,186
116000597,689,152,537
116000598,29,98,-69
116000602,37,598,-561
116000605,180,116,64
116000606,107,280,-173
116000607,7,78,-71
116000609,159,1177,-1018
116000611,247,276,-29
116000612,1061,1874,-813
116000613,867,312,555
116000614,511,365,146
116000615,3,375,-372
116000616,108,103,5
116000617,132,12,120
116000618,3,42,-39
116000619,62,87,-25
116000620,174,115,59
116000621,81,130,-49
116000622,89,167,-78
116000624,398,71,327
116000627,86,17,69
116000628,77,182,-105
116000629,12,110,-98
116000630,540,29,511
116000631,206,22,184
116000632,857,147,710
116000633,76,136,-60
116000634,683,20,663
116000635,1798,2193,-395
116000636,319,1004,-685
116000637,245,9,236
116000638,9,161,-152
116900001,332,170,162
116900002,246,1,245
116900003,77,29,48
116900004,58,104,-46
116900005,330,58,272
116900006,81,207,-126
116900007,118,209,-91
116900008,697,145,552
116900009,26,10,16
116900010,2,805,-803
116900011,26,32,-6
116900012,170,349,-179
116900013,3,117,-114
116900014,259,57,202
116900015,723,50,673
116900016,363,1,362
116900017,1,365,-364
116900018,114,37,77
116900019,3,218,-215
116900020,586,2005,-1419
116900023,58,18,40
116900024,791,38,753
116900025,1455,473,982
116900026,143,437,-294
116900027,67,42,25
116900028,3,86,-83
116900029,0,115,-115
116900031,2,1,1
116900032,9,220,-211
116900033,55,12,43
116900034,19,100,-81
116900035,205,166,39
116900036,7,122,-115
116900038,15,4,11
116900041,86,15,71
116900042,333,242,91
116900043,48,83,-35
116900047,15,223,-208
116900049,45,235,-190
116900050,151,302,-151
116900051,344,96,248
116900052,178,74,104
116900055,1,19,-18
116900057,29,145,-116
116900058,33,274,-241
116900059,1,62,-61
116900060,236,129,107
116900062,1,11,-10
116900064,196,264,-68
116900065,27,116,-89
116900067,157,62,95
116900068,128,179,-51
116900070,6,2,4
116900072,32,199,-167
116900073,25,79,-54
116900074,8,51,-43
116900076,23,49,-26
116900077,16,82,-66
116900078,203,107,96
116900079,70,164,-94
116900080,17,46,-29
116900081,333,899,-566
116900082,361,938,-577
116900083,29,20,9
116900084,94,78,16
116900085,51,95,-44
116900086,71,203,-132
116900088,425,152,273
116900090,58,21,37
116900091,531,33,498
116900092,110,438,-328
116900093,2503,1709,794
116900094,3004,5249,-2245
116900095,220,143,77
116900096,127,661,-534
116900097,1607,4081,-2474
116900098,823,509,314
116900099,467,1033,-566
116900100,1288,64,1224
116900101,242,440,-198
116900103,12,1,11
116900104,59,119,-60
116900105,413,226,187
116900106,2870,194,2676
116900107,1912,3205,-1293
116900110,41,4,37
116900111,928,334,594
116900112,374,506,-132
116900113,1097,2048,-951
116900116,72,766,-694
116900117,157,131,26
116900118,779,964,-185
116900120,576,110,466
116900121,181,18,163
116900122,1474,392,1082
116900123,421,355,66
116900124,200,666,-466
116900125,796,138,658
116900126,89,576,-487
116900128,1,49,-48
116900129,1,242,-241
116900130,552,4441,-3889
116900131,149,381,-232
116900132,106,171,-65
116900133,211,91,120
116900134,341,252,89
116900136,241,207,34
116900137,252,134,118
116900138,292,156,136
116900139,147,325,-178
116900140,274,111,163
116900141,803,356,447
116900142,7,120,-113
116900143,447,258,189
116900144,54,110,-56
116900145,70,208,-138
116900147,310,1293,-983
116900148,15,69,-54
116900149,103,294,-191
116900150,23,19,4
116900151,51,39,12
116900153,237,114,123
116900154,261,737,-476
116900155,101,110,-9
116900157,968,149,819
116900158,111,362,-251
116900159,71,341,-270
116900160,1088,1197,-109
116900161,4319,9308,-4989
116900162,19,78,-59
116900163,310,103,207
116900164,89,92,-3
116900165,516,524,-8
116900166,78,45,33
116900167,522,62,460
116900168,571,63,508
116900169,324,1074,-750
116900170,626,634,-8
116900171,47,196,-149
116900172,139,614,-475
116900173,313,40,273
116900174,124,80,44
116900175,234,388,-154
116900178,44,108,-64
116900179,94,481,-387
116900180,87,36,51
116900182,783,261,522
116900183,280,111,169
116900185,59,85,-26
116900186,88,147,-59
116900187,53,115,-62
116900188,172,35,137
116900189,85,1,84
116900191,385,634,-249
116900192,418,152,266
116900194,250,1892,-1642
116900195,85,34,51
116900196,16,44,-28
116900197,178,41,137
116900198,151,326,-175
116900200,162,20,142
116900201,195,6,189
116900202,77,31,46
116900203,188,12,176
116900204,98,150,-52
116900206,44,9,35
116900207,30,35,-5
116900208,4,67,-63
116900209,28,63,-35
116900210,706,366,340
116900211,318,7,311
116900212,189,35,154
116900213,311,122,189
116900214,259,151,108
116900215,85,53,32
116900216,360,204,156
116900218,2,209,-207
116900219,855,318,537
116900220,184,362,-178
116900221,188,378,-190
116900222,527,389,138
116900223,139,291,-152
116900226,162,23,139
116900227,211,40,171
116900228,397,137,260
116900230,65,131,-66
116900231,50,211,-161
116900232,40,224,-184
116900233,439,109,330
116900234,66,15,51
116900235,176,178,-2
116900238,1239,295,944
116900239,19,1315,-1296
116900240,3915,3627,288
116900241,205,78,127
116900242,211,1035,-824
116900243,5,49,-44
116900245,73,51,22
116900246,153,14,139
116900247,1146,40,1106
116900248,114,44,70
116900249,587,67,520
116900250,568,50,518
116900251,384,973,-589
116900252,179,427,-248
116900253,171,54,117
116900254,57,55,2
116900255,97,144,-47
116900256,608,154,454
116900257,40,273,-233
116900258,12,97,-85
116900259,402,15,387
116900260,5,61,-56
116900261,141,4,137
116900262,223,142,81
116900263,0,24,-24
116900264,4,6,-2
116900265,72,4,68
116900266,21,32,-11
116900267,10,2,8
116900268,344,265,79
116900269,402,715,-313
116900271,657,407,250
116900272,301,237,64
116900273,74,177,-103
116900274,133,34,99
116900275,354,50,304
116900276,491,227,264
116900277,380,43,337
116900278,5,12,-7
116900279,1,7,-6
116900280,55,15,40
116900281,3749,6336,-2587
116900282,5,37,-32
116900283,16,56,-40
116900284,15,108,-93
116900285,139,265,-126
116900286,155,21,134
116900287,9,20,-11
116900288,131,82,49
116900289,21,9,12
116900290,17,3,14
116900291,65,7,58
116900292,0,26,-26
116900293,156,24,132
116900294,42,176,-134
116900295,124,205,-81
116900296,70,127,-57
116900297,7,104,-97
116900298,68,192,-124
116900299,13,173,-160
116900300,1,208,-207
116900301,28,284,-256
116900302,9,117,-108
116900303,92,111,-19
116900304,1,181,-180
116900305,14,46,-32
116900306,281,38,243
117000001,2879,2008,871
117000002,1782,3362,-1580
117000003,6215,3502,2713
117000004,2452,3922,-1470
117000005,2875,2179,696
117000006,1067,1979,-912
117000007,5332,1409,3923
117000008,983,2364,-1381
117000009,4796,1965,2831
117000010,1931,2445,-514
117000011,2784,1515,1269
117000012,1344,902,442
117000013,2211,874,1337
117000014,1280,1812,-532
117000015,3013,1437,1576
117000016,211,201,10
117000017,100,193,-93
117000018,122,957,-835
117000019,52,7,45
117000020,371,2071,-1700
117000021,947,366,581
117000022,247,278,-31
117000023,99,283,-184
117000024,164,396,-232
117000025,241,1544,-1303
117000026,1570,1949,-379
117000027,921,3961,-3040
117000028,883,2552,-1669
117000030,259,431,-172
117000031,449,343,106
117000032,1312,1383,-71
117000033,1549,730,819
117000034,379,222,157
117000035,561,370,191
117000036,450,304,146
117000037,386,196,190
117000038,178,496,-318
117000039,433,254,179
117000040,258,641,-383
117000041,1397,149,1248
117000044,8,390,-382
117000045,567,158,409
117000046,334,697,-363
117000047,857,734,123
117000048,1521,698,823
117000049,128,510,-382
117000050,212,970,-758
117000051,3010,96,2914
117000052,64,214,-150
117000053,750,29,721
117000054,2082,18,2064
117000055,7,2004,-1997
117000056,761,36,725
117000057,481,2037,-1556
117000060,538,1109,-571
117000061,2617,1140,1477
117000062,286,594,-308
117000063,2225,1283,942
117000064,401,448,-47
117000066,675,859,-184
117000067,102,684,-582
117000074,97,242,-145
117000076,49,47,2
117000077,132,200,-68
117000078,129,613,-484
117000079,559,304,255
117000080,2,328,-326
117000081,1245,162,1083
117000082,5,71,-66
117000083,165,13,152
117000084,238,4,234
117000085,399,909,-510
117000086,879,421,458
117000087,83,473,-390
117000088,323,176,147
117000089,2366,249,2117
117000090,382,927,-545
117000091,1189,299,890
117000092,507,876,-369
117000093,1919,744,1175
117000094,1314,1670,-356
117000095,4536,928,3608
117000096,830,1662,-832
117000097,2131,988,1143
117000098,2046,2701,-655
117000099,5633,1369,4264
117000100,288,438,-150
117000101,181,695,-514
117000102,2632,831,1801
117000103,676,1176,-500
117000104,2137,715,1422
117000105,736,1068,-332
117000106,1964,716,1248
117000107,530,1237,-707
117000108,2874,1098,1776
117000109,1055,1840,-785
117000110,2320,1684,636
117000111,3676,3785,-109
117000112,4415,1713,2702
117000113,159,171,-12
117000114,334,138,196
117000115,70,82,-12
117000116,197,219,-22
117000117,1438,1395,43
117000118,284,157,127
117000119,126,351,-225
117000120,107,987,-880
117000121,32,1094,-1062
117000122,456,951,-495
117000123,1797,64,1733
117000124,120,145,-25
117000125,140,549,-409
117000126,29,30,-1
117000127,140,448,-308
117000128,149,902,-753
117000129,143,522,-379
117000130,37,0,37
117000131,0,67,-67
117000132,3908,21,3887
117000133,2803,35,2768
117000134,1,148,-147
117000135,5,122,-117
117000136,1,39,-38
117000137,225,204,21
117000138,4,682,-678
117000140,496,1091,-595
117000141,2397,560,1837
117000181,319,191,128
117000182,1248,1179,69
117000195,171,792,-621
117000196,429,275,154
117000225,56,134,-78
117000226,5,142,-137
117000276,506,42,464
117000277,0,189,-189
117000310,1444,1872,-428
117000315,177,619,-442
117000320,68,0,68
117000906,594,28,566
117000907,14,171,-157
117000908,12,159,-147
117000909,41,46,-5
117000910,339,185,154
117000911,81,155,-74
117000915,7,299,-292
117000916,58,6,52
117000917,1755,56,1699
117000918,69,56,13
117000919,19,27,-8
117000920,3,802,-799
117000921,1,569,-568
117000922,19,37,-18
117000924,487,718,-231
117000926,446,192,254
117000927,411,979,-568
117000928,1,61,-60
117000929,359,153,206
117000930,347,8,339
117000931,49,130,-81
117900002,47,540,-493
117900003,425,499,-74
117900005,4,70,-66
117900006,1,88,-87
117900007,157,73,84
117900008,0,23,-23
117900010,393,92,301
117900011,36,275,-239
117900012,62,62,0
117900013,3,170,-167
117900014,656,148,508
117900015,17,139,-122
117900016,1068,1210,-142
117900017,601,243,358
117900018,193,370,-177
117900019,688,165,523
117900020,77,590,-513
117900021,49,54,-5
117900022,62,13,49
117900023,1125,113,1012
117900024,63,59,4
117900025,56,10,46
117900026,644,128,516
117900028,38,9,29
117900029,341,381,-40
117900030,732,258,474
117900031,144,288,-144
117900032,1063,925,138
117900033,332,339,-7
117900034,41,35,6
117900035,174,151,23
117900036,314,253,61
117900037,293,100,193
117900038,47,186,-139
117900039,4,33,-29
117900040,137,220,-83
117900041,3,57,-54
117900042,2846,303,2543
117900043,16,51,-35
117900044,136,3524,-3388
117900045,249,152,97
117900048,546,188,358
117900049,250,264,-14
117900050,18,220,-202
117900051,17,3,14
117900052,72,486,-414
117900053,2401,361,2040
117900054,0,34,-34
117900055,800,150,650
117900056,53,139,-86
117900057,817,957,-140
117900058,23,65,-42
117900059,146,106,40
117900060,3563,2824,739
117900061,26,344,-318
117900063,379,144,235
117900065,398,1052,-654
117900066,15,90,-75
117900067,778,174,604
117900069,882,188,694
117900070,98,180,-82
117900071,135,121,14
117900073,748,184,564
117900074,55,329,-274
117900075,97,94,3
117900076,18,55,-37
117900077,677,174,503
117900078,488,931,-443
117900080,128,39,89
117900081,433,373,60
117900082,687,479,208
117900083,526,223,303
117900086,142,32,110
117900087,260,60,200
117900088,1977,1609,368
117900089,2976,794,2182
117900090,534,286,248
117900091,81,104,-23
117900092,89,24,65
117900093,197,42,155
117900094,38,44,-6
117900095,400,318,82
117900096,114,225,-111
117900097,460,77,383
117900098,75,17,58
117900099,241,201,40
117900100,424,9,415
117900101,622,2536,-1914
117900102,138,59,79
117900103,80,15,65
117900104,17,501,-484
117900105,111,206,-95
117900106,130,40,90
117900107,72,0,72
117900109,1150,428,722
117900110,173,3,170
117900111,507,44,463
117900112,76,15,61
117900113,1445,2176,-731
117900114,34,0,34
117900115,62,169,-107
117900116,941,741,200
117900117,931,273,658
117900118,204,4,200
117900119,366,103,263
117900120,415,39,376
117900121,140,135,5
117900122,1247,5396,-4149
117900123,652,288,364
117900124,505,545,-40
117900125,1874,1975,-101
117900126,202,475,-273
117900127,615,205,410
117900128,453,316,137
117900129,116,3,113
117900130,724,339,385
117900131,6,90,-84
117900132,18,90,-72
117900133,25,70,-45
117900134,110,258,-148
117900135,30,139,-109
117900136,0,25,-25
117900137,36,222,-186
117900138,0,25,-25
117900139,122,88,34
117900140,2923,547,2376
117900141,148,184,-36
117900142,51,123,-72
117900144,58,717,-659
117900145,25,92,-67
117900146,113,213,-100
117900147,143,64,79
117900148,2533,2375,158
117900149,165,141,24
117900150,55,45,10
117900151,53,58,-5
117900152,76,104,-28
117900153,19,107,-88
117900154,551,429,122
117900156,741,718,23
117900157,54,604,-550
117900158,469,173,296
117900160,975,1071,-96
117900161,1787,1720,67
117900162,603,378,225
117900163,23,325,-302
117900165,0,19,-19
117900166,126,703,-577
117900168,51,129,-78
117900169,0,90,-90
117900170,5,31,-26
117900171,0,34,-34
117900172,24,24,0
117900173,107,123,-16
117900174,25,72,-47
117900175,13,20,-7
117900176,20,38,-18
117900177,44,18,26
117900178,101,55,46
117900180,285,15,270
117900181,54,533,-479
117900182,3,57,-54
117900183,119,180,-61
117900184,49,93,-44
117900185,88,66,22
117900186,63,15,48
117900187,36,13,23
117900188,188,52,136
117900189,96,39,57
117900190,32,2,30
117900191,121,3,118
117900192,316,1,315
117900193,18,49,-31
117900194,22,6,16
117900195,35,116,-81
117900196,32,39,-7
117900207,136,178,-42
117900208,35,37,-2
117900209,230,130,100
117900210,192,186,6
117900211,26,132,-106
117900212,141,131,10
117900213,50,10,40
117900214,13,35,-22
117900215,21,52,-31
117900216,22,38,-16
117900217,38,263,-225
117900218,76,99,-23
117900219,8,183,-175
117900220,62,222,-160
117900222,273,197,76
117900223,120,307,-187
118000001,713,1275,-562
118000002,439,1468,-1029
118000003,1895,3914,-2019
118000004,1619,2187,-568
118000005,2507,5194,-2687
118000006,2219,7057,-4838
118000007,4069,5093,-1024
118000008,1534,3141,-1607
118000009,1452,2780,-1328
118000010,5929,4001,1928
118000011,1836,1784,52
118000012,1000,1391,-391
118000013,1992,1642,350
118000014,1673,1183,490
118000016,313,261,52
118000017,784,354,430
118000018,422,376,46
118000019,1674,1872,-198
118000020,856,3377,-2521
118000021,537,3003,-2466
118000022,1155,948,207
118000023,546,229,317
118000024,845,1388,-543
118000027,8020,11970,-3950
118000029,548,1014,-466
118000032,327,3653,-3326
118000033,2620,6318,-3698
118000034,3763,3171,592
118000035,2288,3058,-770
118000036,806,1242,-436
118000037,698,1006,-308
118000038,318,127,191
118000039,88,128,-40
118000040,1615,1200,415
118000041,2540,1170,1370
118000045,257,220,37
118000046,931,1193,-262
118000047,648,1521,-873
118000048,1443,2327,-884
118000051,1941,4651,-2710
118000052,1117,2274,-1157
118000053,246,651,-405
118000054,1973,990,983
118000055,2132,1653,479
118000056,147,562,-415
118000057,137,374,-237
118000058,2295,3751,-1456
118000059,1588,2343,-755
118000060,1340,563,777
118000061,1421,1043,378
118000062,598,357,241
118000063,442,1150,-708
118000064,723,1360,-637
118000065,1826,1531,295
118000066,1202,2613,-1411
118000067,386,614,-228
118000068,1081,5927,-4846
118000069,1427,982,445
118000070,3684,1629,2055
118000071,2755,7061,-4306
118000072,783,1570,-787
118000073,697,940,-243
118000074,587,320,267
118000075,521,283,238
118000076,1369,3187,-1818
118000077,1096,1257,-161
118000078,1854,2834,-980
118000079,216,535,-319
118000080,653,809,-156
118000081,1647,1510,137
118000082,304,1271,-967
118000083,1272,1946,-674
118000084,2404,2019,385
118000086,223,592,-369
118000087,3130,2308,822
118000088,1506,1476,30
118000089,3501,2510,991
118000090,1338,2764,-1426
118000091,1091,2987,-1896
118000092,935,575,360
118000093,83,715,-632
118000096,526,631,-105
118000097,762,759,3
118000098,246,179,67
118000099,918,581,337
118000101,1553,380,1173
118000102,579,810,-231
118000107,1295,553,742
118000108,723,3285,-2562
118000110,0,67,-67
118000111,1,104,-103
118000112,790,10,780
118000113,5,233,-228
118000114,564,18,546
118000115,11,3,8
118000116,25,0,25
118000117,663,648,15
118000118,962,1312,-350
118000119,977,1204,-227
118000120,1304,1068,236
118000121,54,539,-485
118000122,748,381,367
118000123,80,317,-237
118000125,1156,852,304
118000126,692,1731,-1039
118000127,1426,774,652
118000128,410,1189,-779
118000129,981,421,560
118000130,1476,2150,-674
118000131,267,397,-130
118000132,2926,2256,670
118000133,1125,453,672
118000135,753,702,51
118000136,186,424,-238
118000137,467,137,330
118000138,547,384,163
118000139,458,89,369
118000140,2976,6774,-3798
118000141,2642,1739,903
118000142,2312,1526,786
118000143,3322,1465,1857
118000144,1009,571,438
118000145,1829,1189,640
118000146,1611,555,1056
118000147,1154,1054,100
118000148,605,1092,-487
118000149,1137,812,325
118000150,677,291,386
118000151,974,342,632
118000153,1915,1023,892
118000154,1556,1576,-20
118000155,2482,1303,1179
118000156,2132,2961,-829
118000157,701,444,257
118000158,259,472,-213
118000159,47,106,-59
118000160,859,409,450
118000161,712,455,257
118000162,1892,986,906
118000163,1154,894,260
118000164,1865,1464,401
118000168,660,1168,-508
118000169,878,859,19
118000170,2748,2625,123
118000171,462,432,30
118000172,70,229,-159
118000173,1024,1513,-489
118000175,345,503,-158
118000176,489,808,-319
118000177,361,842,-481
118000178,24,40,-16
118000179,1083,1665,-582
118000180,901,916,-15
118000181,764,350,414
118000182,297,337,-40
118000183,260,414,-154
118000184,1257,621,636
118000185,1114,1724,-610
118000186,881,1518,-637
118000187,2004,460,1544
118000188,642,88,554
118000189,956,475,481
118000190,18,5,13
118000191,36,39,-3
118000192,51,93,-42
118000193,33,187,-154
118000194,1104,732,372
118000195,250,1724,-1474
118000196,171,264,-93
118000197,80,173,-93
118000198,313,757,-444
118000199,269,536,-267
118000200,135,309,-174
118000201,305,588,-283
118000202,66,110,-44
118000203,302,744,-442
118000204,64,432,-368
118000205,105,301,-196
118000206,280,257,23
118000207,0,52,-52
118000208,1391,1391,0
118000209,2434,1179,1255
118000210,203,33,170
118000211,44,26,18
118000213,705,3756,-3051
118000214,424,730,-306
118000215,423,98,325
118000216,3551,1408,2143
118000217,33,69,-36
118000218,128,51,77
118000219,365,248,117
118000220,4,72,-68
118000221,444,428,16
118000222,64,8,56
118000223,42,36,6
118000224,148,92,56
118000225,133,541,-408
118000226,1071,221,850
118000227,621,453,168
118000228,113,297,-184
118000229,77,137,-60
118000230,163,144,19
118000231,116,178,-62
118000232,917,418,499
118000233,1557,712,845
118000234,569,204,365
118000236,400,225,175
118000237,117,234,-117
118000238,304,146,158
118000239,381,273,108
118000240,197,160,37
118000241,221,162,59
118000242,569,298,271
118000243,407,197,210
118000244,95,69,26
118000246,0,49,-49
118000255,47,285,-238
118000256,163,210,-47
118000259,11,78,-67
118000260,265,122,143
118000261,65,21,44
118000263,111,111,0
118000266,192,233,-41
118000267,0,169,-169
118000268,266,1,265
118000270,130,15,115
118000271,239,208,31
118000272,127,43,84
118000273,216,76,140
118000274,120,272,-152
118000276,704,324,380
118000295,29,147,-118
118000298,245,238,7
118000299,80,86,-6
118000301,0,70,-70
118000302,153,45,108
118000311,939,93,846
118000312,517,135,382
118000313,110,109,1
118000314,178,26,152
118000315,52,38,14
118000316,906,392,514
118000325,95,26,69
118000326,109,29,80
118000331,47,20,27
118000332,24,17,7
118000333,33,39,-6
118000335,494,0,494
118000336,0,121,-121
118000407,362,54,308
118000457,7,21,-14
118000465,823,3711,-2888
118000480,82,35,47
118000489,15,557,-542
118000490,7,135,-128
118000492,420,163,257
118000510,69,19,50
118000514,92,436,-344
118000515,745,932,-187
118000517,323,179,144
118000524,185,395,-210
118000525,550,742,-192
118000530,77,67,10
118000531,438,269,169
118000532,341,237,104
118000533,263,116,147
118000534,713,372,341
118000535,441,168,273
118000536,220,1381,-1161
118000537,25,195,-170
118000538,36,96,-60
118000539,15,120,-105
118000540,279,185,94
118000541,180,76,104
118000542,181,240,-59
118000543,250,271,-21
118000546,64,25,39
118000560,1403,2911,-1508
118000562,47,85,-38
118000563,1250,996,254
118000576,186,87,99
118000577,204,133,71
118000578,101,69,32
118000579,514,1462,-948
118000595,252,123,129
118000596,0,272,-272
118000597,133,87,46
118000598,26,2,24
118000599,141,48,93
118000600,0,12,-12
118000601,16,0,16
118000602,0,10,-10
118000603,0,9,-9
118900001,433,1475,-1042
118900002,782,1049,-267
118900003,661,7,654
118900004,82,40,42
118900005,107,10,97
118900006,218,5,213
118900007,17,2,15
118900008,1138,78,1060
118900009,128,86,42
118900010,126,16,110
118900011,254,54,200
118900012,442,212,230
118900013,649,351,298
118900015,355,85,270
118900016,21,7,14
118900017,121,303,-182
118900018,991,64,927
118900019,25,21,4
118900020,115,216,-101
118900021,190,330,-140
118900022,179,88,91
118900023,119,91,28
118900024,144,197,-53
118900025,38,43,-5
118900026,117,86,31
118900027,415,120,295
118900028,174,156,18
118900029,334,459,-125
118900030,705,67,638
118900031,263,104,159
118900032,365,119,246
118900033,340,604,-264
118900034,249,52,197
118900035,160,100,60
118900036,1409,653,756
118900037,419,439,-20
118900038,565,132,433
118900039,659,133,526
118900040,300,189,111
118900041,584,173,411
118900042,217,99,118
118900045,360,152,208
118900046,681,457,224
118900047,356,295,61
118900048,89,465,-376
118900049,107,44,63
118900050,67,23,44
118900051,90,112,-22
118900052,305,386,-81
118900053,37,81,-44
118900054,199,21,178
118900055,168,49,119
118900056,39,390,-351
118900057,878,551,327
118900058,558,410,148
118900059,17,111,-94
118900060,35,86,-51
118900062,533,151,382
118900064,198,720,-522
118900065,115,124,-9
118900066,88,81,7
118900067,2488,4363,-1875
118900068,12,215,-203
118900069,687,160,527
118900071,10,56,-46
118900072,579,383,196
118900073,221,124,97
118900074,253,73,180
118900075,96,33,63
118900076,244,181,63
118900077,371,235,136
118900078,19,6,13
118900079,56,152,-96
118900080,52,100,-48
118900081,84,42,42
118900082,1606,186,1420
118900083,61,9,52
118900084,15,16,-1
118900085,687,431,256
118900086,39,155,-116
118900087,50,431,-381
118900088,0,3,-3
118900089,31,51,-20
118900090,708,242,466
118900091,217,305,-88
118900092,234,68,166
118900093,143,36,107
118900096,58,12,46
118900097,455,498,-43
118900099,117,234,-117
118900100,143,186,-43
118900101,246,256,-10
118900102,70,61,9
118900103,111,182,-71
118900104,354,117,237
118900105,235,104,131
118900107,119,63,56
118900108,139,130,9
118900110,1149,1097,52
118900111,720,370,350
118900112,112,125,-13
118900113,114,303,-189
118900114,20,84,-64
118900115,167,463,-296
118900116,141,259,-118
118900117,198,170,28
118900118,350,233,117
118900119,133,195,-62
118900120,84,349,-265
118900121,40,111,-71
118900122,17,1135,-1118
118900123,156,188,-32
118900124,112,139,-27
118900126,20,491,-471
118900129,218,287,-69
118900130,41,242,-201
118900131,228,225,3
118900132,369,258,111
118900133,30,114,-84
118900135,246,152,94
118900136,268,349,-81
118900137,15,43,-28
118900139,229,160,69
118900140,605,476,129
118900141,98,69,29
118900144,193,218,-25
118900145,27,85,-58
118900146,483,665,-182
118900147,123,213,-90
118900148,122,60,62
118900150,122,487,-365
118900152,678,596,82
118900157,61,223,-162
118900158,147,43,104
118900159,1,120,-119
118900161,43,21,22
118900163,90,72,18
118900164,3,77,-74
118900165,100,69,31
118900166,49,0,49
118900167,160,80,80
118900168,37,274,-237
118900169,185,107,78
118900170,300,54,246
118900171,69,58,11
118900174,72,76,-4
118900175,499,418,81
118900176,200,285,-85
118900177,131,36,95
118900178,131,213,-82
118900179,9,32,-23
118900181,128,101,27
118900182,105,94,11
118900183,40,167,-127
118900184,325,166,159
118900185,142,78,64
118900186,138,107,31
118900187,275,329,-54
118900188,314,262,52
118900189,59,955,-896
118900190,21,148,-127
118900191,242,47,195
118900192,408,15,393
118900193,922,11,911
118900195,280,437,-157
118900196,68,152,-84
118900197,238,44,194
118900198,54,7,47
118900199,188,32,156
118900200,38,44,-6
118900201,33,87,-54
118900202,17,32,-15
118900203,42,12,30
118900204,41,18,23
118900205,4,10,-6
118900206,13,14,-1
119000001,1719,2736,-1017
119000002,4558,5583,-1025
119000003,3629,894,2735
119000004,2582,1512,1070
119000005,2129,2189,-60
119000006,3462,1592,1870
119000007,3720,3293,427
119000008,2080,1369,711
119000009,3239,5725,-2486
119000010,4472,4079,393
119000011,2504,2898,-394
119000012,1372,3224,-1852
119000013,3220,2051,1169
119000014,1473,2175,-702
119000019,275,208,67
119000020,3073,1544,1529
119000021,5967,3297,2670
119000022,1838,4004,-2166
119000023,307,224,83
119000024,1753,14582,-12829
119000025,3335,965,2370
119000026,78,634,-556
119000027,183,364,-181
119000028,1605,530,1075
119000029,96,368,-272
119000030,594,682,-88
119000031,856,524,332
119000032,2214,2094,120
119000033,2412,1211,1201
119000034,1037,631,406
119000035,57,263,-206
119000036,2538,622,1916
119000037,1500,867,633
119000038,212,438,-226
119000039,543,338,205
119000040,768,670,98
119000041,634,1140,-506
119000048,2274,1783,491
119000049,2333,1532,801
119000050,1373,1358,15
119000051,1861,983,878
119000052,1858,2379,-521
119000053,2036,1129,907
119000054,3777,1783,1994
119000055,5789,2572,3217
119000056,3670,2059,1611
119000057,1877,1323,554
119000058,1986,1197,789
119000059,1295,1186,109
119000060,1829,1153,676
119000061,1279,655,624
119000062,1247,1165,82
119000063,784,483,301
119000064,904,822,82
119000065,1970,3098,-1128
119000066,2450,1375,1075
119000067,1963,1535,428
119000068,1994,872,1122
119000069,1896,1740,156
119000070,3218,761,2457
119000071,443,631,-188
119000072,4061,2831,1230
119000073,3970,8150,-4180
119000074,1628,1399,229
119000075,3890,1826,2064
119000076,269,1153,-884
119000077,645,758,-113
119000078,462,217,245
119000079,180,690,-510
119000080,652,213,439
119000081,378,1192,-814
119000082,1064,256,808
119000083,847,475,372
119000084,317,618,-301
119000085,1119,163,956
119000086,352,506,-154
119000087,1177,600,577
119000088,389,219,170
119000089,105,194,-89
119000090,120,121,-1
119000091,92,395,-303
119000092,384,188,196
119000093,3583,2257,1326
119000094,3791,4654,-863
119000095,2408,2713,-305
119000097,1631,1066,565
119000098,1326,3548,-2222
119000099,2462,1215,1247
119000100,4736,3470,1266
119000101,4414,1625,2789
119000102,732,1579,-847
119000103,1386,792,594
119000104,1872,1045,827
119000105,1133,2924,-1791
119000106,371,766,-395
119000107,1419,605,814
119000108,417,603,-186
119000109,190,705,-515
119000110,362,718,-356
119000111,52,902,-850
119000112,157,182,-25
119000113,1362,451,911
119000114,1617,1423,194
119000115,229,176,53
119000116,154,170,-16
119000117,237,433,-196
119000118,2,0,2
119000123,3664,3079,585
119000124,1007,147,860
119000125,5204,548,4656
119000126,1047,412,635
119000127,754,361,393
119000128,10,2,8
119000131,1250,344,906
119000132,1,2,-1
119000133,2,7,-5
119000134,1273,523,750
119000135,235,188,47
119000136,416,94,322
119000137,423,194,229
119000138,802,131,671
119000139,326,80,246
119000140,427,425,2
119000284,1111,2178,-1067
119000285,1824,1659,165
119000286,4718,3675,1043
119000287,1313,1378,-65
119000288,2000,848,1152
119000289,1207,1912,-705
119000290,304,244,60
119000291,25,162,-137
119000293,164,155,9
119000294,49,26,23
119000295,1072,226,846
119000296,327,190,137
119000302,1456,1084,372
119000303,45,186,-141
119000314,1323,12035,-10712
119000315,0,167,-167
119000316,215,71,144
119000317,172,147,25
119900001,234,1711,-1477
119900002,247,241,6
119900003,35,527,-492
119900004,272,2374,-2102
119900005,334,72,262
119900006,274,523,-249
119900007,1178,436,742
119900008,85,83,2
119900009,771,565,206
119900010,997,1055,-58
119900011,53,280,-227
119900012,29,149,-120
119900013,2251,1540,711
119900014,623,206,417
119900015,260,66,194
119900016,42,53,-11
119900017,56,29,27
119900018,1411,1575,-164
119900019,66,16,50
119900020,160,215,-55
119900021,269,79,190
119900022,99,1403,-1304
119900023,368,2265,-1897
119900025,458,48,410
119900026,617,239,378
119900027,19,15,4
119900028,210,168,42
119900029,5,10,-5
119900030,667,370,297
119900031,133,693,-560
119900033,1865,503,1362
119900034,919,91,828
119900037,296,18,278
119900038,67,520,-453
119900039,74,24,50
119900040,131,16,115
119900041,290,33,257
119900042,122,140,-18
119900043,149,133,16
119900044,181,1502,-1321
119900046,283,51,232
119900047,595,165,430
119900048,57,7,50
119900049,210,5,205
119900050,313,268,45
119900051,1050,18,1032
119900052,128,34,94
119900053,318,148,170
119900054,285,12,273
119900055,1793,591,1202
119900057,552,42,510
119900058,376,8,368
119900059,91,37,54
119900060,457,70,387
119900062,201,35,166
119900063,5,77,-72
119900064,828,92,736
119900065,279,19,260
119900066,0,0,0
119900067,135,21,114
119900068,775,5,770
119900069,180,28,152
119900070,1660,15,1645
119900071,1223,62,1161
119900073,1370,555,815
119900074,21,37,-16
119900075,2281,2336,-55
119900076,975,207,768
119900077,1354,477,877
119900078,991,810,181
119900079,530,144,386
119900080,2246,1018,1228
119900081,420,17,403
119900082,2794,347,2447
119900083,395,124,271
119900084,663,355,308
119900085,45,49,-4
119900087,793,548,245
119900088,35,40,-5
119900089,105,312,-207
119900090,91,56,35
119900091,71,393,-322
119900092,77,370,-293
119900093,1625,278,1347
119900094,35,152,-117
119900095,242,148,94
119900096,44,127,-83
119900097,359,185,174
119900098,72,61,11
119900099,44,137,-93
119900100,1266,3144,-1878
119900101,162,1481,-1319
119900102,104,150,-46
119900103,63,179,-116
119900104,59,153,-94
119900105,932,3591,-2659
119900106,11,112,-101
119900107,236,1410,-1174
119900108,3546,688,2858
119900109,40,121,-81
119900110,925,396,529
119900111,274,180,94
119900112,782,656,126
119900113,90,224,-134
119900114,349,631,-282
119900115,653,573,80
119900116,169,372,-203
119900117,475,396,79
119900118,274,395,-121
119900119,367,137,230
119900120,736,554,182
119900121,604,424,180
119900122,245,225,20
119900123,222,387,-165
119900124,316,411,-95
119900125,57,263,-206
119900126,2976,251,2725
119900127,1457,860,597
119900128,575,359,216
119900129,397,243,154
119900130,26,177,-151
119900131,43,137,-94
119900132,3,150,-147
119900133,104,102,2
119900134,830,161,669
119900135,3,246,-243
119900136,200,307,-107
119900138,285,434,-149
119900139,27,175,-148
119900140,15,133,-118
119900141,98,1035,-937
119900142,15,52,-37
119900143,39,248,-209
119900144,1176,308,868
119900145,87,155,-68
119900146,262,178,84
119900147,1,194,-193
119900148,461,88,373
119900149,564,5940,-5376
119900150,123,152,-29
119900151,1379,1029,350
119900152,265,193,72
119900153,370,78,292
119900154,15,94,-79
119900155,87,27,60
119900156,30,15,15
119900157,272,182,90
119900158,364,62,302
119900159,19,575,-556
119900160,58,103,-45
119900161,139,97,42
119900162,1379,1369,10
119900163,89,170,-81
119900164,1,4,-3
119900165,208,93,115
119900166,139,49,90
119900167,58,90,-32
119900168,1355,543,812
119900169,71,428,-357
119900170,211,264,-53
119900171,1023,340,683
119900172,144,29,115
119900173,9,215,-206
119900174,14,140,-126
119900175,1956,640,1316
119900177,15,168,-153
119900178,39,121,-82
119900179,171,867,-696
119900180,1292,988,304
119900181,68,152,-84
119900182,17,204,-187
119900183,144,575,-431
119900184,1052,414,638
119900185,109,290,-181
119900186,47,1595,-1548
119900187,19,214,-195
119900188,188,294,-106
119900189,373,427,-54
119900190,121,375,-254
119900191,259,439,-180
119900192,128,154,-26
119900193,700,149,551
119900194,64,118,-54
119900195,81,148,-67
119900196,605,263,342
119900197,382,208,174
119900198,169,249,-80
119900199,182,37,145
119900200,827,628,199
119900201,267,189,78
119900202,107,459,-352
119900203,297,636,-339
119900204,518,247,271
119900205,1101,303,798
119900206,357,148,209
119900208,152,212,-60
119900209,720,2129,-1409
119900210,62,29,33
119900211,100,12,88
119900212,419,263,156
119900213,13,63,-50
119900214,82,56,26
119900215,63,40,23
119900216,30,28,2
119900217,13,31,-18
119900218,9,65,-56
119900219,16,76,-60
119900220,18,53,-35
119900221,53,138,-85
119900222,26,108,-82
119900223,26,47,-21
119900224,18,17,1
119900225,543,68,475
119900226,402,2200,-1798
119900227,506,292,214
119900228,69,253,-184
119900229,323,482,-159
119900230,1120,418,702
119900231,442,122,320
119900232,274,212,62
119900233,132,18,114
119900234,20,128,-108
119900235,18,49,-31
119900236,31,154,-123
119900237,79,684,-605
119900238,4,62,-58
119900240,154,103,51
119900241,218,189,29
119900242,1532,1628,-96
119900244,703,1282,-579
119900245,196,213,-17
119900246,411,750,-339
119900247,56,172,-116
119900248,93,512,-419
119900249,275,191,84
119900253,1186,448,738
119900254,104,1207,-1103
119900255,161,997,-836
119900256,1497,511,986
119900257,202,6,196
119900258,366,12,354
119900259,24,74,-50
119900260,340,22,318
119900261,489,173,316
119900262,3,99,-96
119900263,1145,376,769
119900264,231,91,140
119900265,758,295,463
119900266,723,197,526
119900267,263,361,-98
119900268,218,64,154
119900269,1529,730,799
119900271,61,104,-43
119900272,454,494,-40
119900275,272,74,198
119900276,86,4,82
119900277,14,17,-3
119900278,201,153,48
119900279,125,345,-220
119900280,521,133,388
119900281,4,314,-310
119900282,43,229,-186
119900283,38,132,-94
119900284,70,169,-99
119900285,15,84,-69
119900286,0,37,-37
119900288,6,4,2
119900289,5,17,-12
119900290,19,14,5
119900291,3,92,-89
119900292,59,64,-5
119900293,70,8,62
119900294,33,2,31
119900295,24,3,21
119900296,148,67,81
119900299,58,95,-37
119900300,303,267,36
119900301,106,233,-127
119900302,183,165,18
119900303,546,130,416
119900304,262,31,231
119900305,7,78,-71
119900306,42,5,37
119900307,155,65,90
119900308,6,25,-19
119900309,68,167,-99
119900310,373,310,63
119900311,165,57,108
119900312,129,149,-20
119900313,402,299,103
119900314,275,428,-153
119900315,2565,1129,1436
119900318,35,77,-42
119900319,28,143,-115
119900320,355,420,-65
119900321,164,15,149
119900322,21,97,-76
119900323,1,84,-83
119900324,4,25,-21
119900325,19,144,-125
119900326,28,34,-6
120000001,7506,21026,-13520
120000002,2574,2131,443
120000003,2594,1289,1305
120000004,2430,1286,1144
120000005,2596,1748,848
120000006,1228,1044,184
120000007,2881,3756,-875
120000008,857,1217,-360
120000009,1625,941,684
120000010,1995,2179,-184
120000011,1125,1349,-224
120000012,1691,1876,-185
120000013,3542,2693,849
120000014,773,1232,-459
120000015,2593,1393,1200
120000016,4517,2235,2282
120000017,3983,3251,732
120000018,3432,15287,-11855
120000019,1332,1629,-297
120000020,3049,4100,-1051
120000021,2134,2647,-513
120000022,2849,3957,-1108
120000023,1434,1737,-303
120000024,1391,2569,-1178
120000025,2818,1856,962
120000026,3298,1664,1634
120000027,2810,2272,538
120000028,1390,4654,-3264
120000029,1078,3115,-2037
120000030,255,937,-682
120000031,2247,5473,-3226
120000032,5682,3477,2205
120000033,5144,1665,3479
120000034,2836,1272,1564
120000035,3263,1774,1489
120000036,4080,5927,-1847
120000037,666,1910,-1244
120000038,4241,3815,426
120000039,961,1048,-87
120000040,90,974,-884
120000041,809,1504,-695
120000042,2101,1345,756
120000043,5104,1220,3884
120000044,6671,1586,5085
120000045,8154,1125,7029
120000046,5236,3127,2109
120000047,576,7496,-6920
120000048,6756,4629,2127
120000049,3730,3207,523
120000050,3935,3359,576
120000051,2656,4218,-1562
120000052,6671,1766,4905
120000053,1652,1616,36
120000054,1727,2668,-941
120000055,1998,3489,-1491
120000056,5376,3657,1719
120000057,5180,2001,3179
120000058,1906,3503,-1597
120000059,29,1816,-1787
120000061,117,397,-280
120000062,169,343,-174
120000063,956,1840,-884
120000064,238,774,-536
120000065,577,1166,-589
120000066,255,499,-244
120000067,50,504,-454
120000068,214,441,-227
120000069,573,476,97
120000070,106,386,-280
120000071,793,70,723
120000072,1282,387,895
120000073,1190,157,1033
120000074,163,170,-7
120000075,1291,440,851
120000076,2964,506,2458
120000077,2741,774,1967
120000078,3421,1409,2012
120000079,467,249,218
120000080,208,246,-38
120000081,534,138,396
120000082,345,317,28
120000083,81,868,-787
120000084,440,421,19
120000085,346,423,-77
120000086,288,358,-70
120000087,336,296,40
120000088,819,1032,-213
120000089,1403,677,726
120000090,956,461,495
120000091,1537,844,693
120000092,1801,647,1154
120000093,847,562,285
120000094,411,879,-468
120000095,1084,387,697
120000096,341,578,-237
120000098,1241,569,672
120000099,568,727,-159
120000100,908,822,86
120000101,921,404,517
120000102,796,1115,-319
120000103,1885,1085,800
120000104,2519,654,1865
120000105,3863,780,3083
120000106,3349,829,2520
120000107,5316,673,4643
120000108,2095,185,1910
120000109,1652,120,1532
120000110,80,865,-785
120000111,125,861,-736
120000112,781,1826,-1045
120000113,564,1285,-721
120000114,903,1570,-667
120000115,383,1343,-960
120000116,737,1419,-682
120000117,738,1117,-379
120000118,60,66,-6
120000119,28,49,-21
120000120,141,146,-5
120000121,26,71,-45
120000122,242,626,-384
120000123,2929,8949,-6020
120000124,535,356,179
120000125,901,593,308
120000126,472,1225,-753
120000127,1744,1632,112
120000128,2300,5116,-2816
120000129,260,331,-71
120000130,917,574,343
120000131,604,717,-113
120000134,425,538,-113
120000135,1253,549,704
120000137,409,543,-134
120000138,1912,284,1628
120000139,483,292,191
120000140,1497,307,1190
120000141,552,377,175
120000142,1043,624,419
120000143,1,61,-60
120000144,243,14,229
120000145,705,7,698
120000146,808,1071,-263
120000149,753,777,-24
120000150,1852,11865,-10013
120000151,542,435,107
120000152,894,144,750
120000153,667,438,229
120000154,624,592,32
120000155,156,284,-128
120000156,593,1715,-1122
120000157,1178,547,631
120000158,1218,677,541
120000159,2021,2194,-173
120000160,2588,2145,443
120000161,3193,2201,992
120000162,124,267,-143
120000163,1035,704,331
120000164,870,273,597
120000165,865,394,471
120000166,1681,326,1355
120000167,613,298,315
120000168,33,1127,-1094
120000169,63,3300,-3237
120000170,52,3110,-3058
120000171,48,1181,-1133
120000172,35,1218,-1183
120000173,629,4002,-3373
120000174,95,92,3
120000175,95,109,-14
120000176,76,98,-22
120000177,914,116,798
120000178,21,34,-13
120000179,72,124,-52
120000180,250,128,122
120000181,91,1763,-1672
120000182,78,1049,-971
120000183,14,470,-456
120000184,368,1472,-1104
120000186,61,2413,-2352
120000187,28,891,-863
120000188,55,1190,-1135
120000190,269,114,155
120000191,334,261,73
120000192,297,58,239
120000193,130,11,119
120000195,26,6,20
120000196,78,52,26
120000197,28,57,-29
120000198,351,50,301
120000199,232,1,231
120000200,235,2,233
120000201,38,57,-19
120000202,8,67,-59
120000203,116,187,-71
120000207,5,36,-31
120000208,19,158,-139
120000209,7,50,-43
120000210,55,78,-23
120000211,299,6,293
120000212,405,0,405
120000213,327,129,198
120000214,0,168,-168
120000215,6,125,-119
120000216,235,54,181
120000217,426,898,-472
120000218,112,517,-405
120000219,5,282,-277
120000220,5,869,-864
120000225,2969,13,2956
120000226,625,8,617
120000227,1109,127,982
120000228,15321,4675,10646
120000230,732,25,707
120000231,2198,1327,871
120000233,464,29,435
120000235,292,388,-96
120000236,1339,2,1337
120000237,2,719,-717
120000238,6,1921,-1915
120000241,1475,4196,-2721
120000412,380,9,371
120000413,359,117,242
120000414,300,3,297
120000415,1,40,-39
120000416,142,3,139
120000417,11,91,-80
120000418,333,14,319
120000419,20,104,-84
120000420,27,16,11
120000421,6658,4923,1735
120000422,81,1780,-1699
120000423,5,89,-84
120000424,198,158,40
120000436,146,800,-654
120000437,133,134,-1
120000438,1541,278,1263
120000439,334,752,-418
120000443,160,0,160
120000444,1970,315,1655
120000445,2057,1055,1002
120000446,905,167,738
120000447,254,1,253
120000449,267,5,262
120000450,13,132,-119
120000451,160,226,-66
120000452,309,2,307
120000453,1,104,-103
120000454,81,91,-10
120000455,80,45,35
120000456,2689,4922,-2233
120000457,644,400,244
120000458,549,555,-6
120000459,173,114,59
120000665,598,387,211
120000668,158,2492,-2334
120000669,174,135,39
120000670,118,2302,-2184
120000671,2289,735,1554
120000672,95,447,-352
120900001,107,105,2
120900002,188,867,-679
120900003,223,10,213
120900004,50,219,-169
120900005,19,654,-635
120900006,791,262,529
120900007,292,96,196
120900008,541,709,-168
120900009,370,41,329
120900010,836,220,616
120900011,208,318,-110
120900012,118,1553,-1435
120900013,450,235,215
120900014,1,319,-318
120900015,1141,105,1036
120900016,1413,68,1345
120900017,1890,89,1801
120900018,244,319,-75
120900019,784,640,144
120900020,741,1642,-901
120900021,1101,381,720
120900022,28,286,-258
120900023,406,45,361
120900024,1975,570,1405
120900025,1351,1024,327
120900026,218,153,65
120900027,981,25,956
120900028,748,202,546
120900029,117,966,-849
120900030,2348,962,1386
120900031,457,216,241
120900032,1848,101,1747
120900033,1507,195,1312
120900034,25,3057,-3032
120900035,99,140,-41
120900037,386,16,370
120900038,96,623,-527
120900039,166,110,56
120900040,654,15,639
120900041,86,38,48
120900042,994,44,950
120900043,82,70,12
120900044,14,402,-388
120900045,122,88,34
120900046,840,11,829
120900047,294,263,31
120900048,224,77,147
120900049,740,2,738
120900050,1369,2622,-1253
120900051,548,82,466
120900052,973,10,963
120900053,495,55,440
120900054,1509,444,1065
120900055,686,5,681
120900056,967,64,903
120900057,297,44,253
120900058,1019,4,1015
120900059,174,8,166
120900060,152,23,129
120900061,274,240,34
120900062,417,1,416
120900063,1208,28,1180
120900064,1172,6,1166
120900065,895,2,893
120900066,671,131,540
120900067,276,114,162
120900068,557,1,556
120900069,451,44,407
120900071,38,3,35
120900072,1278,12,1266
120900073,1030,105,925
120900074,1127,23,1104
120900076,609,3,606
120900077,1741,397,1344
120900078,1274,509,765
120900079,1500,119,1381
120900080,1494,746,748
120900081,2105,358,1747
120900082,336,600,-264
120900083,175,2,173
120900084,727,756,-29
120900085,83,134,-51
120900086,104,568,-464
120900087,725,498,227
120900088,345,822,-477
120900089,1883,4313,-2430
120900090,267,15,252
120900091,666,1250,-584
120900092,762,334,428
120900093,1215,137,1078
120900094,328,176,152
120900095,464,22,442
120900096,105,282,-177
120900097,719,456,263
120900098,142,202,-60
120900099,107,93,14
120900100,64,163,-99
120900101,416,187,229
120900102,101,60,41
120900103,106,273,-167
120900104,14,106,-92
120900105,22,286,-264
120900106,899,354,545
120900107,152,149,3
120900108,17,238,-221
120900109,48,313,-265
120900110,12,261,-249
120900111,220,287,-67
120900112,22,382,-360
120900113,34,406,-372
120900114,58,107,-49
120900115,186,329,-143
120900116,744,186,558
120900117,5,216,-211
120900118,19,469,-450
120900119,10134,3417,6717
120900120,82,325,-243
120900121,80,385,-305
120900122,1122,219,903
120900123,8,163,-155
120900124,4,306,-302
120900125,6,434,-428
120900126,1323,706,617
120900127,17,200,-183
120900128,826,1233,-407
120900129,60,249,-189
120900130,5,241,-236
120900131,144,143,1
120900132,1526,182,1344
120900133,113,473,-360
120900134,450,308,142
120900135,14,370,-356
120900136,70,126,-56
120900137,432,107,325
120900138,31,140,-109
120900139,2,429,-427
120900140,4,163,-159
120900141,347,225,122
120900142,12,163,-151
120900143,2,489,-487
120900144,0,124,-124
120900145,139,517,-378
120900146,5,497,-492
120900147,15,324,-309
120900148,148,120,28
120900149,1,147,-146
120900150,116,345,-229
120900151,3,372,-369
120900152,56,17,39
120900153,1,0,1
120900154,3,119,-116
120900155,317,553,-236
120900156,119,343,-224
120900157,2,1,1
120900158,127,337,-210
120900159,0,30,-30
120900160,55,465,-410
120900161,66,366,-300
120900162,128,652,-524
120900163,500,1274,-774
120900164,1,171,-170
120900165,13,1128,-1115
120900166,81,926,-845
120900167,285,119,166
120900169,114,220,-106
120900170,477,4419,-3942
120900171,479,212,267
120900172,299,2250,-1951
120900173,17,40,-23
120900174,10,109,-99
120900175,195,194,1
120900176,16,392,-376
120900177,2,1671,-1669
120900178,3,595,-592
120900179,569,389,180
120900180,69,224,-155
120900181,119,34,85
120900182,49,151,-102
120900183,865,97,768
120900184,396,135,261
120900185,751,1319,-568
120900186,3,182,-179
120900187,617,1185,-568
120900188,436,11,425
120900189,87,3060,-2973
120900190,221,4,217
120900191,58,14,44
120900192,5366,12646,-7280
120900194,111,106,5
120900195,118,263,-145
120900196,835,46,789
120900197,1045,274,771
120900198,234,380,-146
120900199,562,1387,-825
120900200,60,151,-91
120900201,301,145,156
120900202,2,72,-70
120900203,34,96,-62
120900204,94,254,-160
120900205,75,21,54
120900206,36,45,-9
120900207,6,40,-34
121000001,619,1029,-410
121000002,2409,1688,721
121000003,2523,1565,958
121000004,2451,3372,-921
121000005,1464,2553,-1089
121000006,3147,2853,294
121000007,2064,4399,-2335
121000008,4661,5166,-505
121000009,3495,6435,-2940
121000010,6191,7027,-836
121000011,6037,10889,-4852
121000012,12022,9256,2766
121000013,5065,6305,-1240
121000014,5501,5115,386
121000015,3826,7339,-3513
121000016,3729,3705,24
121000017,2423,2782,-359
121000018,3390,1583,1807
121000019,9113,9406,-293
121000020,10608,17873,-7265
121000021,2307,1949,358
121000022,3008,3696,-688
121000023,2864,1497,1367
121000024,4789,5297,-508
121000025,439,1449,-1010
121000026,381,183,198
121000027,1373,1297,76
121000028,965,618,347
121000029,1054,749,305
121000030,783,577,206
121000031,551,655,-104
121000032,212,143,69
121000034,383,318,65
121000035,119,224,-105
121000036,950,912,38
121000037,494,918,-424
121000038,351,1021,-670
121000039,208,360,-152
121000041,566,580,-14
121000042,331,384,-53
121000043,580,747,-167
121000044,1214,1272,-58
121000045,505,263,242
121000046,971,1189,-218
121000047,49,139,-90
121000049,1065,747,318
121000050,318,1724,-1406
121000051,532,280,252
121000052,456,941,-485
121000053,351,147,204
121000054,39,364,-325
121000055,922,1772,-850
121000056,877,1075,-198
121000057,424,618,-194
121000058,278,247,31
121000059,2926,1507,1419
121000060,600,1186,-586
121000061,82,555,-473
121000062,207,461,-254
121000063,918,1130,-212
121000064,1007,1091,-84
121000065,252,715,-463
121000066,692,873,-181
121000067,370,837,-467
121000068,668,472,196
121000069,172,1510,-1338
121000070,1402,1143,259
121000071,1718,1718,0
121000072,932,788,144
121000073,1017,1273,-256
121000074,75,188,-113
121000075,30,601,-571
121000076,359,537,-178
121000077,155,284,-129
121000078,59,210,-151
121000080,1676,694,982
121000081,6461,4083,2378
121000082,87,333,-246
121000083,138,182,-44
121000084,191,205,-14
121000085,281,495,-214
121000086,654,609,45
121000087,116,330,-214
121000088,645,487,158
121000089,289,520,-231
121000090,375,512,-137
121000091,1093,926,167
121000092,222,71,151
121000093,223,219,4
121000094,499,961,-462
121000095,328,953,-625
121000096,3396,2536,860
121000097,554,2641,-2087
121000098,769,698,71
121000099,829,635,194
121000100,1094,247,847
121000101,420,233,187
121000102,388,174,214
121000103,301,150,151
121000104,398,89,309
121000105,548,110,438
121000106,458,258,200
121000107,1945,2636,-691
121000109,1043,887,156
121000110,223,733,-510
121000114,3493,2444,1049
121000115,2042,800,1242
121000116,342,1011,-669
121000117,358,280,78
121000118,1921,237,1684
121000119,316,413,-97
121000120,407,323,84
121000121,584,1383,-799
121000123,1177,755,422
121000126,97,406,-309
121000127,159,140,19
121000128,1176,261,915
121000129,1152,465,687
121000130,836,631,205
121000131,1204,1539,-335
121000132,870,1325,-455
121000135,377,829,-452
121000136,997,1612,-615
121000137,587,433,154
121000138,826,2141,-1315
121000139,510,1047,-537
121000141,207,240,-33
121000142,663,948,-285
121000143,179,30,149
121000144,681,1698,-1017
121000145,610,802,-192
121000146,1461,1334,127
121000147,1131,547,584
121000148,944,927,17
121000149,2241,1592,649
121000152,411,348,63
121000153,1614,534,1080
121000154,1409,478,931
121000155,2383,1146,1237
121000156,479,980,-501
121000157,687,1215,-528
121000158,372,330,42
121000159,319,315,4
121000160,364,326,38
121000161,351,317,34
121000162,213,119,94
121000165,1075,2217,-1142
121000166,34,484,-450
121000168,572,251,321
121000169,90,163,-73
121000170,348,79,269
121000171,81,177,-96
121000172,976,653,323
121000173,1526,1449,77
121000174,512,546,-34
121000175,1420,477,943
121000176,429,374,55
121000177,952,470,482
121000178,81,53,28
121000179,51,49,2
121000181,528,476,52
121000182,186,404,-218
121000183,139,174,-35
121000184,68,275,-207
121000185,65,370,-305
121000186,291,902,-611
121000187,277,141,136
121000188,380,134,246
121000192,988,463,525
121000193,761,490,271
121000194,1818,2059,-241
121000195,212,994,-782
121000196,681,309,372
121000197,238,984,-746
121000198,179,231,-52
121000199,143,231,-88
121000200,736,202,534
121000201,38,206,-168
121000202,912,218,694
121000203,959,1631,-672
121000204,3569,964,2605
121000205,83,311,-228
121000206,104,102,2
121000207,2494,1000,1494
121000208,6,340,-334
121000209,606,104,502
121000210,896,243,653
121000211,457,176,281
121000212,713,352,361
121000213,12963,2931,10032
121000214,953,2069,-1116
121000215,948,1479,-531
121000216,618,596,22
121000217,3334,2944,390
121000218,350,1458,-1108
121000219,1485,656,829
121000220,100,76,24
121000221,122,339,-217
121000222,2381,2456,-75
121000223,191,854,-663
121000224,143,465,-322
121000225,630,2429,-1799
121000226,1325,1378,-53
121000227,10,167,-157
121000228,36,531,-495
121000229,439,715,-276
121000230,67,1555,-1488
121000231,1500,40,1460
121000232,508,389,119
121000233,529,377,152
121000234,18,58,-40
121000235,76,61,15
121000236,5,62,-57
121000237,23,27,-4
121000238,8,91,-83
121000239,63,4,59
121000240,12,131,-119
121000241,126,18,108
121000242,71,559,-488
121000243,274,65,209
121000244,18,144,-126
121000245,63,22,41
121000246,1,152,-151
121000247,190,10,180
121000248,463,1751,-1288
121000249,85,309,-224
121000250,614,293,321
121000251,13,244,-231
121000252,111,76,35
121000253,373,311,62
121000254,873,117,756
121000255,154,243,-89
121000256,406,190,216
121000257,41,112,-71
121000258,97,82,15
121000259,36,69,-33
121000260,59,100,-41
121000261,52,112,-60
121000262,1083,578,505
121000263,581,484,97
121000271,686,1605,-919
121000273,25,6,19
121000274,17,76,-59
121000275,25,8,17
121000276,16,33,-17
121000278,58,21,37
121000279,34,23,11
121000280,57,64,-7
121000289,330,29,301
121000290,1118,1258,-140
121000294,316,110,206
121000297,524,1177,-653
121000299,102,710,-608
121000300,1120,610,510
121000302,15,785,-770
121000303,460,303,157
121000304,492,107,385
121000305,234,70,164
121000306,144,193,-49
121000308,157,246,-89
121000309,302,426,-124
121000310,127,308,-181
121000311,92,510,-418
121000312,511,399,112
121000313,305,365,-60
121000314,57,88,-31
121000315,27,89,-62
121000530,1935,1454,481
121000531,1914,1611,303
121000532,6200,9206,-3006
121000533,3675,4274,-599
121000918,41,69,-28
121000919,24,80,-56
121000938,63,262,-199
121000939,64,230,-166
121000956,1950,1372,578
121000957,3,10,-7
121000958,20,80,-60
121000959,1071,373,698
121000960,1445,1643,-198
121000961,300,59,241
121000962,1157,439,718
121000973,5,209,-204
121000976,14,209,-195
121000979,611,171,440
121000981,386,121,265
121000982,344,138,206
121000983,472,271,201
121000984,16,87,-71
121000985,990,234,756
121000986,627,89,538
121000987,211,404,-193
121000988,1132,119,1013
121001302,227,121,106
121001308,3,31,-28
121001309,13,627,-614
121001313,281,66,215
121001314,1387,1879,-492
121001315,6413,3431,2982
121900001,143,205,-62
121900002,25,29,-4
121900003,496,15,481
121900004,85,395,-310
121900005,35,12,23
121900006,196,34,162
121900007,2565,2015,550
121900008,165,1036,-871
121900009,1029,18,1011
121900010,268,5,263
121900011,312,370,-58
121900012,7,0,7
121900013,474,132,342
121900014,1551,360,1191
121900015,275,196,79
121900016,3,35,-32
121900017,767,740,27
121900018,517,24,493
121900019,657,221,436
121900020,42,1,41
121900021,1071,30,1041
121900022,304,338,-34
121900023,276,528,-252
121900024,388,62,326
121900025,711,581,130
121900026,264,57,207
121900027,476,305,171
121900028,281,29,252
121900029,138,312,-174
121900030,479,600,-121
121900031,1063,7015,-5952
121900032,105,71,34
121900033,219,440,-221
121900034,294,166,128
121900035,3902,2851,1051
121900036,124,569,-445
121900037,189,1127,-938
121900038,44,133,-89
121900039,274,79,195
121900040,118,107,11
121900041,189,368,-179
121900042,449,241,208
121900043,5,12,-7
121900044,111,35,76
121900046,236,421,-185
121900047,258,123,135
121900048,87,89,-2
121900050,33,57,-24
121900051,220,160,60
121900052,186,37,149
121900053,579,371,208
121900054,303,927,-624
121900055,3,10,-7
121900058,357,137,220
121900059,464,203,261
121900060,164,498,-334
121900061,235,189,46
121900062,193,157,36
121900063,1932,520,1412
121900064,332,529,-197
121900066,95,25,70
121900067,73,31,42
121900069,190,128,62
121900070,144,223,-79
121900071,637,297,340
121900072,105,102,3
121900073,257,403,-146
121900074,468,1030,-562
121900075,421,810,-389
121900076,496,546,-50
121900077,21,18,3
121900078,189,41,148
121900079,2,0,2
121900080,1002,413,589
121900082,120,93,27
121900084,40,67,-27
121900085,5,13,-8
121900086,32,80,-48
121900087,139,180,-41
121900088,1409,3108,-1699
121900089,288,234,54
121900090,61,50,11
121900091,127,62,65
121900092,142,147,-5
121900093,89,93,-4
121900094,13,11,2
121900095,477,200,277
121900096,1219,856,363
121900097,1013,245,768
121900098,16,2,14
121900099,308,47,261
121900100,90,377,-287
121900101,163,153,10
121900102,6,130,-124
121900103,453,320,133
121900104,1748,457,1291
121900105,480,299,181
121900106,10,26,-16
121900107,94,24,70
121900108,2,23,-21
121900109,340,170,170
121900110,781,435,346
121900111,599,464,135
121900112,164,188,-24
121900113,86,579,-493
121900114,122,82,40
121900117,122,376,-254
121900118,1904,779,1125
121900119,245,106,139
121900120,65,1147,-1082
121900121,386,32,354
121900122,38,80,-42
121900123,220,425,-205
121900124,241,204,37
121900125,2943,1099,1844
121900127,14,153,-139
121900128,77,85,-8
121900129,230,217,13
121900130,124,278,-154
121900131,249,144,105
121900132,37,64,-27
121900133,37,1135,-1098
121900134,36,366,-330
121900135,4158,507,3651
121900136,543,341,202
121900137,60,321,-261
121900138,135,159,-24
121900139,395,2190,-1795
121900140,94,106,-12
121900141,102,27,75
121900142,185,99,86
121900143,12,224,-212
121900144,160,454,-294
121900145,275,441,-166
121900146,551,740,-189
121900147,88,292,-204
121900148,233,432,-199
121900149,412,443,-31
121900150,57,170,-113
121900151,72,355,-283
121900152,154,103,51
121900153,55,600,-545
121900154,11,387,-376
121900155,4,257,-253
121900156,224,270,-46
121900157,4,287,-283
121900158,84,150,-66
121900159,2,221,-219
121900160,70,308,-238
121900161,293,631,-338
121900162,72,180,-108
121900163,375,266,109
121900164,334,261,73
121900165,222,131,91
121900166,146,193,-47
121900167,123,155,-32
121900168,150,187,-37
121900169,5,248,-243
121900170,7,176,-169
121900171,932,834,98
121900172,633,322,311
121900173,785,310,475
121900174,51,66,-15
121900175,110,433,-323
121900176,534,1627,-1093
121900177,184,67,117
121900178,40,62,-22
121900179,488,316,172
121900180,1983,5816,-3833
121900182,703,804,-101
121900183,617,2120,-1503
121900184,71,1028,-957
121900186,16,573,-557
121900187,30,176,-146
121900188,872,232,640
121900189,57,101,-44
121900190,316,450,-134
121900191,82,204,-122
121900192,267,1664,-1397
121900193,64,248,-184
121900194,12,538,-526
121900195,41,104,-63
121900196,939,803,136
121900197,341,995,-654
121900198,2225,1636,589
121900199,8,52,-44
121900200,33,212,-179
121900201,600,871,-271
121900202,137,750,-613
121900203,96,1383,-1287
121900204,782,1198,-416
121900205,17,159,-142
121900206,26,79,-53
121900207,71,41,30
121900208,111,618,-507
121900209,95,97,-2
121900210,1882,1442,440
121900211,56,118,-62
121900212,71,218,-147
121900213,365,54,311
121900214,2,447,-445
121900215,60,183,-123
121900216,30,479,-449
121900217,188,261,-73
121900218,177,656,-479
121900220,177,29,148
121900221,474,556,-82
121900222,316,141,175
121900223,176,58,118
121900224,114,55,59
121900225,105,218,-113
121900226,307,77,230
121900227,438,703,-265
121900228,162,204,-42
121900230,68,603,-535
121900231,112,3996,-3884
121900232,167,426,-259
121900233,282,222,60
121900234,501,142,359
121900235,641,145,496
121900236,249,169,80
121900237,227,514,-287
121900238,161,339,-178
121900239,245,57,188
121900240,370,170,200
121900241,104,50,54
121900242,9,2,7
121900243,15,0,15
121900244,27,4,23
121900245,280,71,209
121900246,4317,336,3981
121900247,464,294,170
121900248,1396,1149,247
121900250,208,473,-265
121900251,515,80,435
121900252,599,152,447
121900253,96,756,-660
121900254,479,504,-25
121900255,580,153,427
121900258,4755,2019,2736
121900259,241,600,-359
121900260,262,138,124
121900261,182,737,-555
121900262,539,1055,-516
121900263,385,210,175
121900264,1010,997,13
121900265,389,181,208
121900266,720,127,593
121900267,82,70,12
121900269,247,930,-683
121900270,50,212,-162
121900271,42,195,-153
121900273,432,1836,-1404
121900274,450,276,174
121900277,466,1308,-842
121900278,128,1218,-1090
121900279,184,204,-20
121900280,95,650,-555
121900281,174,1083,-909
121900284,73,11,62
121900286,197,84,113
121900287,26,40,-14
121900288,5,0,5
121900290,249,925,-676
121900291,411,1058,-647
121900292,181,183,-2
121900293,757,3383,-2626
121900294,277,5,272
121900295,181,140,41
121900296,76,388,-312
121900298,207,1106,-899
121900299,0,10,-10
121900300,123,2,121
121900301,107,3,104
121900302,3,80,-77
121900303,475,428,47
121900304,1,27,-26
121900305,4,19,-15
121900306,408,4,404
121900307,179,6,173
121900308,17,143,-126
121900309,5,139,-134
121900310,12,210,-198
121900311,713,36,677
121900312,567,31,536
121900313,546,49,497
121900314,7,38,-31
121900315,31,0,31
121900316,1,8,-7
121900317,27,10,17
121900318,3,11,-8
121900319,51,222,-171
121900320,64,34,30
121900321,16,4,12
121900322,8,6,2
121900323,21,25,-4
121900324,2,46,-44
121900325,20,2,18
121900326,9,24,-15
121900327,5,46,-41
121900328,0,36,-36
121900329,6,81,-75
121900330,4,161,-157
121900331,91,94,-3
121900332,82,39,43
121900333,28,1,27
122000001,1364,5620,-4256
122000002,2301,1066,1235
122000003,1506,2926,-1420
122000004,1780,1624,156
122000005,3683,2595,1088
122000006,1024,1438,-414
122000007,763,1888,-1125
122000008,1310,3708,-2398
122000009,566,505,61
122000010,2470,3036,-566
122000011,5069,2418,2651
122000012,816,3500,-2684
122000013,741,1600,-859
122000014,3213,1562,1651
122000015,1203,1042,161
122000016,547,799,-252
122000017,1170,1274,-104
122000018,1887,1756,131
122000019,1029,1580,-551
122000020,284,477,-193
122000021,224,463,-239
122000022,1245,1357,-112
122000023,879,1797,-918
122000024,561,2584,-2023
122000025,578,3077,-2499
122000026,510,1554,-1044
122000027,619,1228,-609
122000028,1078,687,391
122000029,433,648,-215
122000030,202,213,-11
122000031,192,381,-189
122000032,3988,2546,1442
122000033,481,3190,-2709
122000034,455,969,-514
122000035,215,697,-482
122000036,491,497,-6
122000037,562,259,303
122000038,254,462,-208
122000039,589,528,61
122000040,219,306,-87
122000041,474,839,-365
122000042,427,467,-40
122000043,96,135,-39
122000044,131,158,-27
122000045,1632,1093,539
122000046,838,1114,-276
122000047,136,232,-96
122000048,2637,4097,-1460
122000049,5747,3697,2050
122000050,946,1023,-77
122000051,171,491,-320
122000052,428,642,-214
122000053,199,1160,-961
122000054,2039,2140,-101
122000055,1927,4074,-2147
122000056,2921,3169,-248
122000057,3234,4116,-882
122000058,968,2048,-1080
122000059,1093,3232,-2139
122000060,303,1078,-775
122000061,298,791,-493
122000062,428,208,220
122000063,608,1340,-732
122000064,2756,5474,-2718
122000065,2420,2685,-265
122000066,876,1314,-438
122000067,1198,1407,-209
122000068,1801,1011,790
122000069,935,698,237
122000070,985,1297,-312
122000071,2834,1173,1661
122000072,748,850,-102
122000073,295,1427,-1132
122000074,2795,1511,1284
122000075,1003,1150,-147
122000076,5786,2009,3777
122000077,681,1910,-1229
122000078,855,3991,-3136
122000079,405,2537,-2132
122000080,501,596,-95
122000081,140,252,-112
122000082,321,1410,-1089
122000083,3470,979,2491
122000084,2982,1194,1788
122000085,345,743,-398
122000086,2070,6273,-4203
122000087,229,512,-283
122000088,144,506,-362
122000089,4029,2638,1391
122000090,161,858,-697
122000091,115,171,-56
122000092,61,54,7
122000093,1591,3355,-1764
122000094,4527,3615,912
122000095,766,4505,-3739
122000096,585,1907,-1322
122000098,2258,3760,-1502
122000099,774,1209,-435
122000100,747,783,-36
122000101,493,532,-39
122000102,2192,1074,1118
122000103,1724,1613,111
122000104,853,273,580
122000105,381,426,-45
122000106,541,1288,-747
122000107,1065,566,499
122000108,556,832,-276
122000109,529,338,191
122000110,687,768,-81
122000111,3141,1624,1517
122000112,1312,1602,-290
122000113,796,789,7
122000114,1705,2619,-914
122000115,1581,1222,359
122000116,452,507,-55
122000117,1282,425,857
122000118,768,742,26
122000119,2588,2230,358
122000120,1198,3867,-2669
122000121,1016,2366,-1350
122000122,471,1140,-669
122000123,1294,1793,-499
122000124,847,720,127
122000125,519,707,-188
122000126,525,1035,-510
122000127,669,953,-284
122000128,295,536,-241
122000129,437,1720,-1283
122000130,2778,1486,1292
122000131,1147,1137,10
122000132,248,485,-237
122000133,1010,796,214
122000134,1251,805,446
122000135,742,528,214
122000136,1077,659,418
122000137,2287,1065,1222
122000139,810,3858,-3048
122000140,456,949,-493
122000141,3160,1672,1488
122000142,137,1370,-1233
122000143,364,465,-101
122000144,1476,1221,255
122000145,807,1023,-216
122000146,608,1985,-1377
122000147,499,580,-81
122000148,699,2159,-1460
122000149,1816,1547,269
122000150,1297,1086,211
122000151,164,385,-221
122000152,320,433,-113
122000153,396,464,-68
122000154,221,232,-11
122000155,1385,2666,-1281
122000156,4353,3608,745
122000157,847,4676,-3829
122000158,312,735,-423
122000159,655,1332,-677
122000160,2412,2428,-16
122000161,1183,1267,-84
122000162,1095,1694,-599
122000163,292,153,139
122000164,51,196,-145
122000165,1006,1116,-110
122000166,781,1503,-722
122000167,300,429,-129
122000168,183,767,-584
122000169,332,224,108
122000170,374,325,49
122000171,35,106,-71
122000172,1750,1381,369
122000173,1265,2450,-1185
122000174,1780,1252,528
122000175,842,420,422
122000176,333,1091,-758
122000177,1111,1479,-368
122000178,3876,2855,1021
122000179,2395,3183,-788
122000180,1072,1219,-147
122000181,946,2451,-1505
122000182,1530,1721,-191
122000183,2224,1198,1026
122000184,2771,3167,-396
122000185,1167,3008,-1841
122000186,400,1724,-1324
122000187,1929,1028,901
122000188,473,407,66
122000189,256,380,-124
122000190,675,1640,-965
122000191,974,891,83
122000192,1298,517,781
122000193,463,728,-265
122000194,465,222,243
122000195,139,603,-464
122000196,1246,565,681
122000197,440,682,-242
122000198,388,1849,-1461
122000199,287,376,-89
122000200,831,647,184
122000201,1117,2186,-1069
122000202,1006,2381,-1375
122000203,2288,1372,916
122000204,1218,1553,-335
122000205,736,1019,-283
122000206,2818,1024,1794
122000207,2211,1424,787
122000208,2163,1453,710
122000209,1872,579,1293
122000210,1959,1848,111
122000211,1409,1412,-3
122000212,828,652,176
122000213,1053,1509,-456
122000214,1953,1791,162
122000215,2456,1858,598
122000217,1465,2058,-593
122000218,709,85,624
122000219,1050,780,270
122000220,368,628,-260
122000221,89,372,-283
122000222,566,174,392
122000223,1129,542,587
122000225,796,296,500
122000226,1773,1356,417
122000227,309,1750,-1441
122000228,368,295,73
122000229,33,430,-397
122000230,77,389,-312
122000231,297,800,-503
122000232,695,808,-113
122000233,0,70,-70
122000234,490,83,407
122000235,560,78,482
122000236,1857,54,1803
122000237,195,91,104
122000238,424,441,-17
122000239,761,213,548
122000240,1450,765,685
122000241,2178,528,1650
122000242,1017,254,763
122000243,9,31,-22
122000244,13,367,-354
122000245,7,54,-47
122000246,32,126,-94
122000247,590,203,387
122000248,708,1049,-341
122000249,1128,1099,29
122000250,2201,1179,1022
122000251,239,506,-267
122000252,416,174,242
122000253,147,308,-161
122000254,422,121,301
122000255,685,872,-187
122000256,294,477,-183
122000257,236,162,74
122000258,408,273,135
122000259,29,275,-246
122000260,6,36,-30
122000261,17,472,-455
122000262,5,47,-42
122000263,359,1069,-710
122000264,1455,343,1112
122000265,2516,1024,1492
122000266,4199,773,3426
122000267,194,138,56
122000268,159,313,-154
122000269,1175,314,861
122000270,570,189,381
122000271,308,1167,-859
122000272,426,1027,-601
122000273,447,406,41
122000274,298,187,111
122000275,90,196,-106
122000276,1155,513,642
122000277,1205,1679,-474
122000278,2109,437,1672
122000279,337,223,114
122000280,746,590,156
122000281,1154,707,447
122000282,202,566,-364
122000283,246,285,-39
122000284,231,104,127
122000285,266,72,194
122000286,56,153,-97
122000287,1491,1456,35
122000288,510,290,220
122000291,2723,830,1893
122000293,266,140,126
122000294,140,302,-162
122000295,1309,219,1090
122000296,23,502,-479
122000297,2021,3878,-1857
122000299,705,515,190
122000300,454,496,-42
122000301,5748,3512,2236
122000302,710,2501,-1791
122000303,2338,1202,1136
122000304,73,154,-81
122000305,1506,217,1289
122000306,58,338,-280
122000307,119,109,10
122000309,78,41,37
122000310,25,136,-111
122000311,242,134,108
122000312,181,286,-105
122000313,137,95,42
122000314,114,274,-160
122000315,308,80,228
122000316,1167,252,915
122000317,1950,270,1680
122000318,335,1127,-792
122000319,189,311,-122
122000320,194,778,-584
122000321,103,111,-8
122000322,1644,1999,-355
122000323,825,2955,-2130
122000324,1236,1819,-583
122000325,838,3120,-2282
122000326,133,91,42
122000327,508,735,-227
122000328,580,413,167
122000330,1695,1399,296
122000332,213,362,-149
122000333,17,57,-40
122000337,1344,501,843
122000338,605,362,243
122000340,174,1445,-1271
122000342,1492,627,865
122000343,607,501,106
122000344,86,15,71
122000345,33,14,19
122000346,394,198,196
122000348,1078,797,281
122000349,167,862,-695
122000351,175,299,-124
122000352,365,186,179
122000353,184,72,112
122000355,144,313,-169
122000356,671,1678,-1007
122000357,103,46,57
122000358,0,25,-25
122000359,0,16,-16
122000360,2,21,-19
122000362,15,37,-22
122000364,277,289,-12
122000365,2,50,-48
122000366,8,10,-2
122000368,553,619,-66
122000370,46,34,12
122000371,54,0,54
122000372,22,3,19
122000381,218,357,-139
122000382,102,231,-129
122000384,1326,1167,159
122000385,102,0,102
122000386,184,1947,-1763
122000387,498,937,-439
122000388,1305,950,355
122000389,166,1232,-1066
122000390,306,349,-43
122000391,202,636,-434
122000392,173,177,-4
122000393,37,122,-85
122000394,691,282,409
122000395,114,118,-4
122000396,290,103,187
122000397,22,41,-19
122000398,17,54,-37
122000399,180,62,118
122000400,70,809,-739
122000401,163,53,110
122000402,488,122,366
122000403,461,394,67
122000404,230,131,99
122000408,521,903,-382
122000503,15,113,-98
122000524,151,278,-127
122000544,102,2258,-2156
122000616,257,5,252
122000640,104,59,45
122000641,187,209,-22
122000642,1189,754,435
122000643,63,210,-147
122000644,127,52,75
122000645,83,182,-99
122000651,634,1767,-1133
122000664,146,31,115
122000665,1143,484,659
122000666,625,1080,-455
122000673,26,157,-131
122000674,221,116,105
122000675,1953,493,1460
122000686,421,832,-411
122000687,1532,325,1207
122000688,363,304,59
122000689,1219,274,945
122000690,3189,285,2904
122000691,975,678,297
122000692,1650,323,1327
122000693,409,984,-575
122000695,477,248,229
122000696,750,121,629
122000698,486,225,261
122000699,170,69,101
122000701,1628,318,1310
122000702,409,877,-468
122000703,194,54,140
122000717,98,70,28
122000718,505,1110,-605
122000719,128,105,23
122000720,814,86,728
122000724,115,26,89
122900001,73,12,61
122900002,1328,6467,-5139
122900003,463,48,415
122900004,3791,177,3614
122900005,201,262,-61
122900006,684,1888,-1204
122900007,68,205,-137
122900008,329,328,1
122900009,721,529,192
122900010,278,120,158
122900012,285,383,-98
122900014,155,171,-16
122900015,670,1661,-991
122900016,156,295,-139
122900017,186,788,-602
122900018,174,25,149
122900019,22,128,-106
122900020,132,460,-328
122900021,41,284,-243
122900022,1491,782,709
122900023,938,269,669
122900024,181,190,-9
122900025,10,421,-411
122900026,29,182,-153
122900027,62,482,-420
122900028,113,128,-15
122900029,4420,3129,1291
122900030,1939,658,1281
122900031,36,347,-311
122900032,219,368,-149
122900033,207,198,9
122900034,3574,4769,-1195
122900035,35,21,14
122900036,49,63,-14
122900037,354,138,216
122900038,75,3121,-3046
122900039,104,568,-464
122900040,238,682,-444
122900041,318,355,-37
122900042,167,292,-125
122900043,386,248,138
122900044,127,351,-224
122900045,134,220,-86
122900046,183,375,-192
122900047,131,183,-52
122900048,46,232,-186
122900049,1779,157,1622
122900051,75,270,-195
122900052,190,116,74
122900053,21,42,-21
122900055,283,136,147
122900057,257,76,181
122900061,623,207,416
122900062,636,899,-263
122900063,198,187,11
122900064,675,384,291
122900065,704,293,411
122900066,826,483,343
122900067,852,466,386
122900068,181,309,-128
122900069,404,1692,-1288
122900070,395,73,322
122900071,115,234,-119
122900072,9,260,-251
122900073,21,99,-78
122900074,1400,317,1083
122900075,1,96,-95
122900076,6,190,-184
122900077,0,72,-72
122900078,281,34,247
122900080,34,41,-7
122900081,175,131,44
122900082,1096,125,971
122900083,128,73,55
122900084,28,128,-100
122900086,28,218,-190
122900087,350,372,-22
122900088,33,514,-481
122900089,22,287,-265
122900090,5,240,-235
122900091,487,2,485
122900092,0,101,-101
122900093,1,102,-101
122900094,1,131,-130
122900095,267,25,242
122900096,434,76,358
122900097,32,82,-50
122900098,38,136,-98
122900099,125,29,96
122900100,109,960,-851
122900101,380,370,10
122900102,34,48,-14
122900103,228,16,212
122900104,410,9,401
122900105,28,14,14
122900106,6,55,-49
122900107,14,93,-79
122900108,3,76,-73
123000001,857,826,31
123000002,2331,5864,-3533
123000003,4260,4545,-285
123000004,2547,3775,-1228
123000005,3154,2835,319
123000006,1914,1918,-4
123000007,4154,2713,1441
123000008,2441,2352,89
123000009,4374,2754,1620
123000010,3140,2996,144
123000011,1664,1190,474
123000012,585,2266,-1681
123000013,3810,1144,2666
123000014,583,3299,-2716
123000015,2018,1117,901
123000016,2523,3669,-1146
123000017,3404,2101,1303
123000018,117,116,1
123000019,617,65,552
123000020,408,40,368
123000021,242,222,20
123000022,363,2037,-1674
123000023,2017,2282,-265
123000024,1644,721,923
123000025,84,135,-51
123000026,13,163,-150
123000027,99,873,-774
123000028,1359,1154,205
123000029,684,1718,-1034
123000030,325,162,163
123000031,476,148,328
123000032,598,92,506
123000033,247,71,176
123000034,1207,806,401
123000035,503,417,86
123000036,244,1015,-771
123000037,250,148,102
123000038,91,228,-137
123000039,425,1630,-1205
123000040,521,225,296
123000041,810,1337,-527
123000042,495,1025,-530
123000043,2046,12090,-10044
123000044,2839,2468,371
123000045,3683,2630,1053
123000046,434,1235,-801
123000047,1146,1185,-39
123000048,110,1081,-971
123000049,5195,10100,-4905
123000050,2098,1779,319
123000051,111,188,-77
123000052,873,4071,-3198
123000053,2485,3305,-820
123000054,1886,1786,100
123000055,2014,3870,-1856
123000056,1046,1184,-138
123000057,4243,6264,-2021
123000058,698,1315,-617
123000059,322,480,-158
123000060,1239,483,756
123000061,364,659,-295
123000063,1100,1170,-70
123000064,1262,299,963
123000065,4046,2504,1542
123000066,447,526,-79
123000067,1038,413,625
123000068,1860,2083,-223
123000069,4560,1998,2562
123000070,201,534,-333
123000071,1788,867,921
123000072,1352,596,756
123000073,1963,929,1034
123000074,1086,888,198
123000075,432,1547,-1115
123000076,917,349,568
123000077,2020,1591,429
123000078,2111,1554,557
123000079,2251,1765,486
123000080,2385,1187,1198
123000081,221,302,-81
123000082,369,774,-405
123000083,1152,402,750
123000084,791,393,398
123000085,507,73,434
123000086,895,108,787
123000087,646,345,301
123000088,1312,518,794
123000089,770,970,-200
123000090,1319,763,556
123000091,1407,1249,158
123000092,911,1295,-384
123000094,790,239,551
123000095,769,642,127
123000096,1146,354,792
123000097,718,388,330
123000098,1066,529,537
123000099,925,548,377
123000100,413,849,-436
123000101,610,671,-61
123000102,498,773,-275
123000104,496,599,-103
123000105,455,528,-73
123000106,482,568,-86
123000107,304,371,-67
123000108,507,868,-361
123000111,1119,497,622
123000112,1753,556,1197
123000113,705,764,-59
123000114,383,691,-308
123000115,358,310,48
123000116,75,53,22
123000117,1980,1181,799
123000118,554,570,-16
123000119,199,531,-332
123000120,262,569,-307
123000121,526,602,-76
123000122,324,241,83
123000123,452,552,-100
123000124,374,442,-68
123000125,1434,1391,43
123000126,1240,5012,-3772
123000127,597,651,-54
123000128,261,252,9
123000129,1078,274,804
123000130,904,98,806
123000131,1318,961,357
123000132,259,492,-233
123000133,148,241,-93
123000134,239,115,124
123000135,3120,1203,1917
123000136,301,451,-150
123000137,146,200,-54
123000138,114,286,-172
123000139,692,167,525
123000140,116,472,-356
123000141,751,207,544
123000142,976,647,329
123000143,894,1289,-395
123000144,18,32,-14
123000145,192,269,-77
123000146,50,130,-80
123000147,86,148,-62
123000149,319,320,-1
123000150,102,252,-150
123000151,178,487,-309
123000152,57,441,-384
123000153,107,815,-708
123000154,1195,1748,-553
123000155,1834,1221,613
123000156,36,62,-26
123000157,637,736,-99
123000158,495,807,-312
123000159,3152,3621,-469
123000160,1171,1111,60
123000161,1944,1450,494
123000162,1555,1946,-391
123000163,806,162,644
123000164,2349,365,1984
123000165,519,1052,-533
123000166,71,124,-53
123000167,163,200,-37
123000168,330,153,177
123000169,1187,195,992
123000170,97,55,42
123000171,1383,30,1353
123000172,173,467,-294
123000173,544,441,103
123000174,1215,604,611
123000175,420,941,-521
123000176,1256,396,860
123000177,364,1016,-652
123000178,876,285,591
123000179,65,349,-284
123000180,1805,435,1370
123000181,276,914,-638
123000182,267,246,21
123000183,214,643,-429
123000184,128,392,-264
123000185,1146,415,731
123000186,13,430,-417
123000187,805,14,791
123000188,217,1,216
123000189,266,137,129
123000190,102,117,-15
123000192,30,344,-314
123000193,79,779,-700
123000194,391,300,91
123000195,424,50,374
123000196,488,44,444
123000197,80,114,-34
123000198,59,1108,-1049
123000199,18,733,-715
123000200,731,9,722
123000201,1530,35,1495
123000202,18,600,-582
123000203,1403,84,1319
123000204,76,668,-592
123000205,384,967,-583
123000206,2833,356,2477
123000207,96,572,-476
123000208,724,323,401
123000209,2415,914,1501
123000210,490,1442,-952
123000211,579,1660,-1081
123000212,4350,670,3680
123000213,707,120,587
123000215,54,229,-175
123000216,217,721,-504
123000217,324,70,254
123000218,39,658,-619
123000219,618,82,536
123000220,614,182,432
123000221,239,93,146
123000222,603,330,273
123000223,816,176,640
123000224,566,276,290
123000225,323,52,271
123000226,121,366,-245
123000227,93,231,-138
123000228,444,84,360
123000229,785,1299,-514
123000232,159,489,-330
123000233,996,164,832
123000234,250,482,-232
123000235,1749,344,1405
123000236,373,481,-108
123000237,396,142,254
123000238,90,359,-269
123000239,467,811,-344
123000240,75,906,-831
123000241,305,94,211
123000242,363,218,145
123000243,881,771,110
123000244,871,595,276
123000245,45,122,-77
123000249,445,621,-176
123000252,1163,385,778
123000253,1771,663,1108
123000254,966,907,59
123000255,1205,1124,81
123000256,16,261,-245
123000257,2159,1321,838
123000258,991,583,408
123000259,549,488,61
123000260,621,348,273
123000261,472,165,307
123000262,80,124,-44
123000263,705,108,597
123000264,213,144,69
123000265,38,125,-87
123000266,645,622,23
123000267,822,525,297
123000268,28,62,-34
123000269,58,90,-32
123000270,57,80,-23
123000271,60,64,-4
123000272,670,323,347
123000273,270,818,-548
123000274,1117,771,346
123000275,345,774,-429
123000278,1864,2555,-691
123000279,129,40,89
123000280,306,288,18
123000281,322,145,177
123000282,164,275,-111
123000283,195,75,120
123000284,65,88,-23
123000286,204,465,-261
123000287,392,349,43
123000288,1435,1316,119
123000289,312,1696,-1384
123000291,261,878,-617
123000294,148,158,-10
123000295,767,1102,-335
123000296,867,478,389
123000297,943,336,607
123000298,1012,294,718
123000299,90,117,-27
123000300,1239,1106,133
123000301,194,439,-245
123000302,105,137,-32
123000303,114,285,-171
123000305,728,824,-96
123000306,305,66,239
123000309,23,43,-20
123000310,53,50,3
123000311,1,77,-76
123000312,307,541,-234
123000313,819,392,427
123000315,202,248,-46
123000316,637,100,537
123000317,249,101,148
123000318,86,192,-106
123000329,11,9,2
123000337,639,673,-34
123000338,234,111,123
123000339,495,70,425
123000340,89,249,-160
123000342,18,11,7
123000343,88,25,63
123000344,768,379,389
123000345,294,541,-247
123000346,411,47,364
123000352,936,718,218
123000353,38,73,-35
123000354,269,44,225
123000355,0,164,-164
123000356,470,13,457
123000357,1,96,-95
123000359,16,92,-76
123000360,277,76,201
123000361,146,238,-92
123000362,654,87,567
123000363,147,228,-81
123000364,516,576,-60
123000365,18,399,-381
123000366,330,2546,-2216
123000367,314,742,-428
123000370,45,205,-160
123000371,631,52,579
123000372,442,23,419
123000373,18,352,-334
123000374,12,167,-155
123000375,461,49,412
123000376,934,668,266
123000377,698,23,675
123000378,35,217,-182
123000379,4,163,-159
123000380,27,357,-330
123000381,65,142,-77
123000382,482,168,314
123000383,85,1025,-940
123000384,492,125,367
123000385,168,572,-404
123000436,34,1363,-1329
123000507,83,178,-95
123000508,167,1200,-1033
123000517,307,26,281
123000518,37,168,-131
123000519,223,124,99
123000520,42,196,-154
123000521,456,160,296
123000522,152,335,-183
123000541,19,1,18
123000542,0,7,-7
123000565,0,0,0
123000566,1634,274,1360
123000567,97,137,-40
123000573,49,371,-322
123000574,980,95,885
123000575,1762,741,1021
123000576,1228,886,342
123000577,94,602,-508
123000578,324,104,220
123000579,909,6775,-5866
123000580,82,53,29
123000582,663,21,642
123000583,26,302,-276
123000584,126,298,-172
123000585,0,39,-39
123000586,83,1,82
123000596,56,76,-20
123000597,67,204,-137
123000602,97,10,87
123000603,1266,332,934
123000604,691,249,442
123000605,656,61,595
123000606,2,411,-409
123000609,25,284,-259
123000610,164,92,72
123000613,36,250,-214
123000614,383,58,325
123000615,23,70,-47
123000616,1064,90,974
123000617,194,120,74
123000618,116,408,-292
123000619,606,87,519
123000620,62,274,-212
123000622,621,37,584
123000624,236,43,193
123000630,1575,472,1103
123000631,273,480,-207
123000632,655,546,109
123000633,0,102,-102
123000634,73,331,-258
123000635,89,95,-6
123000636,49,279,-230
123000637,235,44,191
123000638,626,39,587
123000639,651,5303,-4652
123000640,12,362,-350
123900001,1035,64,971
123900002,41,1329,-1288
123900003,195,259,-64
123900005,297,181,116
123900006,274,46,228
124000001,1909,233,1676
124000002,76,1058,-982
124000003,1495,181,1314
124000004,69,330,-261
124000005,1384,643,741
124000006,236,698,-462
124000007,400,133,267
124000008,14,431,-417
124000009,1049,280,769
124000010,304,355,-51
124000011,1226,398,828
124000012,337,315,22
124000017,250,131,119
124000018,122,52,70
124000019,166,165,1
124000020,32,93,-61
124000021,199,148,51
124000022,85,120,-35
124000023,1385,1576,-191
124000024,1205,363,842
124000025,1157,1793,-636
124000026,1086,911,175
124000027,3862,4540,-678
124000028,1133,3369,-2236
124000030,1689,1268,421
124000031,1397,4697,-3300
124000032,1165,575,590
124000033,2,205,-203
124000034,511,496,15
124000035,37,343,-306
124000036,27,186,-159
124000037,548,1334,-786
124000038,49,180,-131
124000039,621,395,226
124000040,384,1509,-1125
124000041,508,128,380
124000042,162,355,-193
124000043,113,101,12
124000044,141,139,2
124000045,1068,467,601
124000046,355,605,-250
124000047,2354,724,1630
124000048,1405,663,742
124000049,2275,529,1746
124000050,903,966,-63
124000051,1414,453,961
124000052,591,590,1
124000053,678,2009,-1331
124000054,701,383,318
124000055,1379,3612,-2233
124000056,1478,875,603
124000057,1376,609,767
124000058,454,870,-416
124000059,884,1348,-464
124000060,595,548,47
124000061,1324,5642,-4318
124000062,1915,1264,651
124000063,1065,1121,-56
124000064,1622,941,681
124000065,9,528,-519
124000066,202,787,-585
124000067,218,103,115
124000068,23,17,6
124000069,174,11,163
124000070,78,39,39
124000071,351,135,216
124000072,192,390,-198
124000073,1192,220,972
124000074,214,564,-350
124000075,724,60,664
124000076,14,87,-73
124000077,752,1159,-407
124000078,2204,1314,890
124000079,239,1645,-1406
124000080,717,197,520
124000081,283,456,-173
124000082,84,178,-94
124000083,29,65,-36
124000084,74,630,-556
124000085,87,47,40
124000086,50,160,-110
124000087,92,128,-36
124000088,132,583,-451
124000089,1033,302,731
124000090,171,260,-89
124000091,577,164,413
124000092,147,570,-423
124000093,140,140,0
124000094,237,581,-344
124000095,111,99,12
124000096,229,260,-31
124000097,126,156,-30
124000098,57,81,-24
124000099,313,102,211
124000100,53,159,-106
124000101,120,149,-29
124000102,78,38,40
124000103,176,121,55
124000104,132,44,88
124000105,136,136,0
124000106,154,39,115
124000107,24,263,-239
124000108,36,33,3
124000109,215,90,125
124000110,144,49,95
124000111,218,154,64
124000112,791,455,336
124000113,153,98,55
124000114,474,253,221
124000115,343,572,-229
124000116,140,177,-37
124000117,54,107,-53
124000118,48,69,-21
124000119,832,755,77
124000120,589,593,-4
124000121,1156,717,439
124000122,532,1318,-786
124000123,1105,546,559
124000124,370,994,-624
124000125,444,545,-101
124000126,290,561,-271
124000127,1008,376,632
124000128,584,662,-78
124000129,2310,1633,677
124000130,686,575,111
124000131,832,786,46
124000132,805,705,100
124000133,948,1204,-256
124000134,951,540,411
124000135,1591,2340,-749
124000136,697,879,-182
124000137,912,1202,-290
124000138,1252,1121,131
124000139,485,46,439
124000140,35,265,-230
124000141,111,19,92
124000142,20,201,-181
124000143,96,20,76
124000144,35,68,-33
124000145,128,55,73
124000146,27,77,-50
124000148,25,88,-63
124000149,1273,444,829
124000150,247,666,-419
124000151,1108,496,612
124000152,783,1045,-262
124000153,1286,1056,230
124000154,658,752,-94
124000155,1628,1051,577
124000156,1179,1079,100
124000169,199,477,-278
124000170,530,535,-5
124000171,398,250,148
124000172,376,529,-153
124000173,559,195,364
124000174,424,569,-145
124000175,17,56,-39
124000176,61,37,24
124000177,11,63,-52
124000178,77,88,-11
124000190,69,132,-63
124000191,93,191,-98
124000192,1179,557,622
124000193,271,1035,-764
124000194,313,391,-78
124000195,354,687,-333
124000196,825,660,165
124000197,43,53,-10
124000198,72,57,15
124000201,308,637,-329
124000202,691,339,352
124000203,705,242,463
124000204,1290,179,1111
124000205,124,251,-127
124000206,1159,196,963
124000207,1,26,-25
124000209,192,177,15
124000210,754,207,547
124000211,1020,5,1015
124000212,0,189,-189
124000213,740,169,571
124000214,616,243,373
124000215,532,48,484
124000216,2,176,-174
124000329,230,661,-431
124000338,129,389,-260
124000339,1591,111,1480
124000341,1974,136,1838
124000344,48,0,48
124000357,1236,2280,-1044
124000358,774,1655,-881
124000359,1249,718,531
124000360,998,480,518
124000361,2094,1028,1066
124000362,1002,1193,-191
124000363,220,243,-23
124000364,388,390,-2
124000365,543,808,-265
124000366,962,677,285
124000367,88,233,-145
124000368,493,611,-118
124000369,126,111,15
124000370,29,462,-433
124000402,38,13,25
124000403,218,32,186
124000404,7,55,-48
124000405,1154,908,246
124000406,666,663,3
124000407,1,32,-31
124000411,11,156,-145
124000412,717,8,709
124000413,88,35,53
124000414,163,118,45
124000415,42,58,-16
124000416,176,108,68
124000417,197,105,92
124000418,255,47,208
124000419,217,72,145
124000420,163,41,122
124000421,90,92,-2
124000422,19,15,4
124000423,108,33,75
124000424,3,54,-51
124000425,86,16,70
124000426,10,65,-55
124000427,87,9,78
124000428,12,88,-76
124000429,160,53,107
124000430,737,322,415
124000431,636,364,272
124000432,423,449,-26
124000439,11,4,7
124000443,0,12,-12
124000445,151,1158,-1007
124000446,670,161,509
124900001,730,512,218
124900002,219,186,33
124900003,1179,433,746
124900004,852,247,605
124900005,281,135,146
124900006,931,278,653
124900008,895,614,281
124900009,197,591,-394
124900010,252,210,42
124900011,878,283,595
124900012,628,105,523
124900013,723,159,564
124900014,416,62,354
124900015,205,576,-371
124900016,78,211,-133
124900017,489,2195,-1706
124900018,89,12,77
124900020,140,79,61
124900021,537,59,478
124900022,82,5,77
124900024,428,9,419
124900026,144,99,45
124900027,151,609,-458
124900028,392,116,276
124900029,14,522,-508
124900030,5,97,-92
124900031,77,233,-156
124900032,167,254,-87
124900033,130,214,-84
124900034,3,61,-58
124900035,212,385,-173
124900036,3,51,-48
124900037,298,230,68
124900038,194,204,-10
124900039,3,80,-77
124900040,160,101,59
124900041,279,490,-211
124900042,141,8,133
124900043,525,472,53
124900044,105,5,100
124900045,508,1054,-546
124900046,581,223,358
124900047,122,167,-45
124900048,262,106,156
124900050,216,187,29
124900052,101,248,-147
124900053,228,241,-13
124900054,669,702,-33
124900055,1,207,-206
124900057,6,97,-91
124900060,47,138,-91
124900061,182,17,165
124900062,291,21,270
124900066,0,9,-9
124900067,5,74,-69
124900068,175,767,-592
124900070,83,28,55
124900072,128,54,74
124900074,677,137,540
124900075,354,194,160
124900076,17,1361,-1344
124900077,21,111,-90
124900078,69,19,50
124900079,336,182,154
124900080,386,249,137
124900081,1191,291,900
124900082,322,358,-36
124900083,377,299,78
124900084,875,148,727
124900085,610,688,-78
124900086,74,1354,-1280
124900087,263,122,141
124900088,203,107,96
124900089,687,29,658
124900090,573,257,316
124900091,420,252,168
124900092,352,215,137
124900093,476,246,230
124900094,706,319,387
124900095,205,583,-378
124900096,479,290,189
124900097,395,70,325
124900098,156,275,-119
124900099,354,639,-285
124900100,453,54,399
124900101,56,310,-254
124900102,331,34,297
124900103,240,151,89
124900104,80,87,-7
124900105,115,101,14
124900106,545,47,498
124900107,190,57,133
124900108,178,84,94
124900109,126,176,-50
124900110,469,314,155
124900111,1,100,-99
124900112,58,257,-199
124900113,56,393,-337
124900114,110,187,-77
124900115,47,56,-9
124900116,373,302,71
124900117,210,277,-67
124900118,174,421,-247
124900119,490,196,294
124900120,34,239,-205
124900121,115,488,-373
124900122,203,233,-30
124900123,200,143,57
124900124,181,300,-119
129000186,138,84,54
204000001,59,10,49
204000002,12,4,8
204000003,28,3,25
204000004,6,7,-1
204000005,594,372,222
204000006,1157,928,229
204000011,6,27,-21
204000012,62,56,6
204000013,4,34,-30
204000019,1006,359,647
204000020,744,462,282
204000021,1175,888,287
204000022,697,463,234
204000023,602,439,163
204000031,29,14,15
204000032,251,32,219
204000034,13,95,-82
204000035,1,4,-3
204000036,8,13,-5
204000037,0,13,-13
204000038,1,25,-24
204000039,4,9,-5
204000040,10,14,-4
204000041,9,22,-13
204000042,47,12,35
204000043,46,16,30
204000044,34,1,33
204000045,60,10,50
204000046,13,8,5
204000057,12,15,-3
204000062,8,29,-21
204000068,21,326,-305
204000069,125,287,-162
204000070,81,58,23
204000080,90,53,37
204000085,1589,1013,576
204000086,1579,1173,406
204000087,49,10,39
204000088,9,55,-46
204000090,38,183,-145
204000093,662,80,582
204000096,1176,828,348
204000097,653,8,645
204000099,1090,1395,-305
204000100,1709,1678,31
204000105,1396,813,583
204000110,354,745,-391
204000111,445,425,20
204000112,516,865,-349
204000113,491,785,-294
204000114,1055,893,162
204000115,661,352,309
204000116,709,649,60
204000119,2005,2258,-253
204000132,683,366,317
204000133,742,137,605
204000134,214,53,161
204000135,520,41,479
204000136,631,161,470
204000138,450,547,-97
204000140,236,119,117
204000141,174,68,106
204000144,15,29,-14
204000145,616,62,554
204000146,19,279,-260
204000147,10,182,-172
204000148,162,26,136
204000154,3,7,-4
204000155,1,3,-2
204000177,55,27,28
204000179,85,5,80
204000180,0,20,-20
204000222,8,8,0
204000235,46,15,31
204000236,70,148,-78
204000238,59,22,37
204000240,388,102,286
204000263,399,606,-207
204000268,728,425,303
204000308,140,14,126
204000317,8,103,-95
204000322,7,45,-38
204000323,6,6,0
204000328,267,45,222
204000329,30,208,-178
204000330,149,9,140
204000331,34,96,-62
204010341,12,152,-140
205000001,501,1110,-609
205000013,10,39,-29
205000014,21,66,-45
205000015,18,123,-105
205000016,13,85,-72
205000017,23,69,-46
205000022,243,512,-269
205000025,858,676,182
205000029,270,19,251
205000045,112,800,-688
205000046,118,384,-266
205000047,50,276,-226
205000048,330,428,-98
205000049,158,501,-343
205000050,564,250,314
205000059,0,115,-115
205000060,0,69,-69
205000061,2,165,-163
205000062,1,213,-212
205000063,22,179,-157
205000064,9,59,-50
205000065,68,338,-270
205000066,112,321,-209
205000067,38,535,-497
205000069,194,17,177
205000082,172,180,-8
205000110,60,164,-104
205000111,225,134,91
205000112,173,179,-6
205000113,132,262,-130
205000121,260,39,221
205000123,43,151,-108
205000126,441,93,348
205000127,807,119,688
205000128,422,60,362
205000129,764,45,719
205000130,91,26,65
205000131,51,5,46
205000132,63,8,55
205000133,36,0,36
205000134,243,1,242
205000137,75,137,-62
205000138,139,278,-139
205000139,32,130,-98
205000144,106,86,20
205000145,316,186,130
205000151,171,17,154
205000152,204,20,184
205000153,269,17,252
205000154,99,37,62
205000155,142,5,137
205000207,6,116,-110
205000233,25,0,25
205000234,0,0,0
205000243,0,1,-1
205000244,0,5,-5
205000245,7,118,-111
205000249,0,10,-10
205000250,3,5,-2
205000264,19,68,-49
206000027,10,7,3
206000028,2,6,-4
206000043,5,31,-26
206000053,2,5,-3
206000054,1,16,-15
206000055,1,20,-19
206000075,12,22,-10
206000076,29,8,21
206000077,36,5,31
206000078,32,13,19
206000079,35,17,18
206000082,399,67,332
206000100,22,312,-290
206000103,4,7,-3
206000104,9,20,-11
206000105,6,13,-7
206000106,3,16,-13
206000108,602,48,554
206000125,91,0,91
206000157,37,368,-331
206000170,0,107,-107
206000171,6,159,-153
206000172,18,149,-131
206000173,4,108,-104
206000174,20,25,-5
206000175,2,40,-38
206000176,27,72,-45
206000177,1,53,-52
206000178,1,133,-132
206000179,0,68,-68
206000180,2,54,-52
206000181,11,48,-37
206000182,1,48,-47
206000183,5,113,-108
206000184,15,126,-111
206000185,7,42,-35
206000186,64,271,-207
206000223,2,154,-152
206000226,14,3,11
206000227,34,2,32
206000237,29,129,-100
206000238,20,196,-176
206000239,178,1137,-959
206000240,1,48,-47
206000241,0,53,-53
206000242,12,89,-77
206000243,16,58,-42
206000244,36,161,-125
206000245,1301,76,1225
206000246,434,29,405
206000247,485,12,473
206000248,615,20,595
206000252,60,42,18
206000258,20,41,-21
206000315,38,10,28
206000317,812,149,663
206000318,844,85,759
206000319,2866,84,2782
206000320,419,50,369
206000321,436,11,425
206000322,879,23,856
206000323,328,7,321
206000324,291,10,281
206000325,192,15,177
206000326,231,31,200
206000327,90,15,75
206000328,302,4,298
206000329,523,6,517
206000330,84,9,75
206000331,402,2,400
206000332,105,2,103
206000333,1133,4,1129
206000334,420,5,415
206000335,0,23,-23
206000361,1,156,-155
206000392,2,13,-11
206000405,186,1,185
206000441,49,12,37
206000498,55,1,54
206000515,55,56,-1
206000530,516,67,449
206000531,282,340,-58
206000532,1548,503,1045
206000535,86,2024,-1938
206000536,15,72,-57
206000537,20,95,-75
206000613,1795,265,1530
207000001,105,637,-532
207000002,102,413,-311
207000003,137,168,-31
207000007,1339,206,1133
207000008,175,5,170
207000009,75,49,26
207000010,314,207,107
207000012,570,170,400
207000015,225,517,-292
207000019,244,96,148
207000021,517,198,319
207000022,192,151,41
207000023,279,80,199
207000024,4,18,-14
207000025,20,62,-42
207000026,55,27,28
207000027,19,45,-26
207000028,60,112,-52
207000029,107,335,-228
207000033,196,417,-221
207000034,376,137,239
207000039,683,87,596
207000040,669,39,630
207000041,164,34,130
207000042,387,62,325
207000043,270,145,125
207000051,146,233,-87
207000052,20,142,-122
207000053,431,340,91
207000054,65,82,-17
207000055,177,56,121
207000056,288,193,95
207000057,122,255,-133
207000058,184,175,9
207000059,143,200,-57
207000060,62,124,-62
207000061,211,743,-532
207000062,391,31,360
207000063,463,65,398
207000064,350,84,266
207000065,339,184,155
207000066,296,163,133
207000067,64,66,-2
207000068,165,48,117
207000069,820,275,545
207000082,10,127,-117
207000083,90,150,-60
207000084,408,259,149
207000085,246,25,221
207000086,292,0,292
207000106,51,27,24
207000107,154,17,137
207000108,91,10,81
207000109,69,14,55
207000110,72,65,7
207000111,114,119,-5
207000112,127,808,-681
207000114,22,41,-19
207000115,24,63,-39
207000116,25,372,-347
207000117,14,85,-71
207000118,5,41,-36
207000119,29,48,-19
207000123,207,25,182
207000124,139,33,106
207000125,84,38,46
207000126,72,36,36
207000134,129,85,44
207000135,45,116,-71
207000148,129,374,-245
207000149,71,33,38
207000152,130,394,-264
207000153,357,917,-560
207000154,300,195,105
207000159,97,92,5
207000160,179,197,-18
207000238,0,144,-144
207000242,7,86,-79
207000248,40,42,-2
207000249,118,15,103
207000250,398,81,317
207000251,86,92,-6
207000252,64,58,6
207000278,109,96,13
207000279,41,101,-60
207000280,779,57,722
207000281,126,442,-316
207000282,83,182,-99
207000283,40,223,-183
207000284,46,468,-422
207000285,78,71,7
207000291,19,95,-76
207000304,90,46,44
207000306,64,260,-196
207000310,141,85,56
207000353,182,1,181
207000356,9,165,-156
207000357,13,21,-8
207000358,15,81,-66
207000415,2,80,-78
207000417,29,6,23
207000418,63,92,-29
207000438,0,1,-1
207000439,567,588,-21
207000446,206,10,196
207000460,51,4,47
207000466,109,99,10
207000467,375,62,313
207000468,57,127,-70
207000476,8,49,-41
207000477,948,53,895
207000478,2,518,-516
207000523,0,7,-7
207000524,43,1,42
207000527,146,182,-36
207000530,723,10,713
207000531,373,12,361
207000532,140,39,101
207000534,255,77,178
207000535,33,303,-270
207000537,16,62,-46
207000540,10,101,-91
207000541,5,180,-175
207000548,30,134,-104
207000549,363,19,344
207000561,222,244,-22
207000562,44,129,-85
207000567,132,186,-54
207000568,342,37,305
207000569,707,326,381
207000584,171,209,-38
207000585,54,353,-299
207000616,0,65,-65
207000617,242,2,240
207900008,352,84,268
208000001,619,1138,-519
208000002,748,568,180
208000003,1017,479,538
208000004,722,632,90
208000005,2,14,-12
208000019,833,775,58
208000020,213,353,-140
208000021,390,226,164
208000022,1112,602,510
208000028,839,1455,-616
208000033,706,724,-18
208000034,1120,1601,-481
208000040,171,107,64
208000041,795,603,192
208000042,965,637,328
208000047,156,158,-2
208000064,2030,1331,699
208000066,1503,2504,-1001
208000070,450,337,113
208000071,677,499,178
208000072,501,841,-340
208000080,379,315,64
208000081,398,132,266
208000082,396,162,234
208000083,156,200,-44
208000084,10,8,2
208000085,493,384,109
208000086,380,794,-414
208000087,304,627,-323
208000089,1115,327,788
208000090,1053,375,678
208000093,127,197,-70
208000094,479,359,120
208000095,897,460,437
208000104,1340,604,736
208000105,713,757,-44
208000114,117,411,-294
208000115,547,314,233
208000116,787,929,-142
208000117,105,153,-48
208000118,82,168,-86
208000155,658,1119,-461
208000158,1294,3342,-2048
208000186,1973,3436,-1463
208000204,794,946,-152
208000205,1398,789,609
208000282,2564,2612,-48
209000004,552,288,264
209000005,41,45,-4
209000006,471,223,248
209000007,270,354,-84
209000010,320,99,221
209000011,94,218,-124
209000012,125,114,11
209000013,219,148,71
209000014,363,472,-109
209000025,451,58,393
209000026,900,111,789
209000027,336,365,-29
209000028,330,318,12
209000029,261,586,-325
209000030,244,833,-589
209000031,1831,1176,655
209000034,206,200,6
209000035,156,223,-67
209000036,239,111,128
209000037,338,156,182
209000038,145,118,27
209000039,74,107,-33
209000040,322,464,-142
209000041,230,337,-107
209000042,323,250,73
209000043,818,540,278
209000044,253,622,-369
209000045,873,369,504
209000046,509,397,112
209000047,351,184,167
209000048,614,383,231
209000049,64,53,11
209000050,121,74,47
209000051,190,116,74
209000052,121,95,26
209000062,70,32,38
209000063,54,38,16
209000064,52,37,15
209000065,141,11,130
209000066,107,11,96
209000067,135,27,108
209000080,16,177,-161
209000082,91,43,48
209000091,31,85,-54
209000093,41,11,30
209000094,69,189,-120
209000110,56,141,-85
209000111,634,1766,-1132
209000112,1500,509,991
209000113,1897,562,1335
209000114,1138,521,617
209000115,37,47,-10
209000116,340,190,150
209000118,13,52,-39
209000119,13,19,-6
209000121,84,326,-242
209000135,70,227,-157
209000142,571,1801,-1230
209000143,60,33,27
209000144,51,148,-97
209000229,295,143,152
209000240,49,156,-107
209000259,35,29,6
209000260,55,1147,-1092
209000261,7,870,-863
209000262,2,365,-363
209000263,1,159,-158
209000264,0,231,-231
209000265,442,2,440
209000266,132,0,132
209000267,1688,7,1681
209000268,583,75,508
210000037,89,19,70
210000047,86,18,68
210000048,133,11,122
210000049,61,2,59
210000052,74,62,12
210000053,35,25,10
210000054,33,36,-3
210000070,196,5,191
210000071,89,1,88
210000072,26,0,26
210000073,0,20,-20
210000074,0,92,-92
210000075,7,118,-111
210000076,11,154,-143
210000077,7,65,-58
210000078,40,59,-19
210000079,13,9,4
210000080,45,55,-10
210000081,124,28,96
210000082,118,5,113
210000083,89,7,82
210000084,47,0,47
210000085,2,52,-50
210000086,3,66,-63
210000099,70,194,-124
210000100,55,114,-59
210000101,59,115,-56
210000105,31,197,-166
210000159,0,190,-190
210000163,73,214,-141
210000164,144,231,-87
210000168,100,48,52
210000187,0,32,-32
210000188,1,16,-15
210000214,34,0,34
210000219,45,48,-3
210000220,154,51,103
210000232,1,18,-17
210000233,55,38,17
210000234,24,86,-62
210000235,85,41,44
210000245,0,27,-27
210000246,20,2,18
210000258,9,75,-66
210000259,255,69,186
210000282,75,209,-134
210000285,0,138,-138
210000286,23,139,-116
210000290,2,9,-7
210000295,53,115,-62
210000296,37,23,14
210000320,270,49,221
210000321,139,40,99
210000338,29,58,-29
210000339,188,881,-693
210000340,110,309,-199
210000341,212,255,-43
210000342,240,177,63
210000343,155,170,-15
210000344,93,118,-25
210000345,110,163,-53
210000346,53,84,-31
210000347,19,46,-27
210000348,59,20,39
210000349,40,31,9
210000350,152,62,90
210000351,144,59,85
210000352,81,26,55
210000353,68,54,14
210000354,82,42,40
210000355,35,56,-21
210000356,8,44,-36
210000357,37,47,-10
210000358,176,157,19
210000359,55,66,-11
210000360,125,130,-5
210000361,155,125,30
210000362,229,231,-2
210000363,400,241,159
210000364,122,146,-24
210000365,139,67,72
210000366,127,42,85
210000367,89,32,57
210000368,118,39,79
210000369,23,19,4
210000370,42,33,9
210000372,11,15,-4
210000373,19,23,-4
210000374,31,24,7
210000375,41,24,17
210000376,44,61,-17
210000404,47,80,-33
210000439,29,29,0
210000472,63,4,59
210000482,54,136,-82
210000564,126,238,-112
210000567,1,60,-59
210000568,215,1,214
211000092,83,31,52
211000094,46,3,43
211000169,209,36,173
211000172,18,126,-108
211000209,2,25,-23
211000226,12,19,-7
211000270,33,9,24
211000275,20,10,10
211000276,112,32,80
211000279,21,21,0
211000281,84,31,53
211507980,3,72,-69
211977296,43,9,34
212000003,147,21,126
212000004,14,17,-3
212000005,13,49,-36
212000006,25,45,-20
212000008,168,77,91
212000009,37,64,-27
212000012,76,41,35
212000013,22,32,-10
212000014,313,116,197
212000015,323,184,139
212000016,476,399,77
212000027,590,251,339
212000028,393,250,143
212000029,256,159,97
212000030,51,26,25
212000031,73,23,50
212000048,29,245,-216
212000049,14,210,-196
212000050,26,21,5
212000051,267,134,133
212000052,243,145,98
212000053,307,194,113
212000054,383,65,318
212000055,296,80,216
212000056,28,19,9
212000057,14,13,1
212000058,144,26,118
212000070,120,101,19
212000077,139,292,-153
212000099,291,179,112
212000108,183,81,102
212000111,257,46,211
212000120,110,51,59
212000138,109,30,79
212000156,4,59,-55
212000158,13,22,-9
212000159,580,53,527
212000160,722,178,544
212000161,71,8,63
212000310,51,13,38
212000311,22,41,-19
212000374,42,12,30
213000001,25,395,-370
213000005,508,164,344
213000006,951,341,610
213000007,99,12,87
213000009,462,405,57
213000010,238,257,-19
213000011,145,102,43
213000012,152,263,-111
213000014,86,18,68
213000015,298,7,291
213000016,523,1,522
213000017,124,2,122
213000018,1,66,-65
213000019,1,71,-70
213000020,110,258,-148
213000021,4,97,-93
213000023,491,254,237
213000033,386,1356,-970
213000034,551,234,317
213000035,153,212,-59
213000045,300,250,50
213000046,240,168,72
213000047,514,1176,-662
213000056,119,20,99
213000069,75,4,71
213000073,0,64,-64
213000074,106,335,-229
213000075,607,10,597
213000076,30,2,28
213000085,5,47,-42
213000086,20,121,-101
213000091,340,33,307
213000092,154,21,133
213000099,176,1190,-1014
213000100,927,283,644
213000101,582,112,470
213000102,641,159,482
213000103,920,716,204
213000104,55,344,-289
213000105,115,1081,-966
213000106,32,76,-44
213000107,115,266,-151
213000108,37,266,-229
213000109,18,175,-157
213000110,29,140,-111
213000111,3,82,-79
213000112,111,130,-19
213000115,57,6,51
213000116,35,286,-251
213000117,5,342,-337
213000118,625,192,433
213000119,38,455,-417
213000120,148,239,-91
213000122,108,327,-219
213000123,258,591,-333
213000124,203,973,-770
213000125,176,37,139
213000126,57,229,-172
213000127,89,353,-264
213000128,218,1273,-1055
213000129,301,668,-367
213000130,1098,281,817
213000132,603,105,498
213000133,867,84,783
213000134,1122,19,1103
213000136,531,33,498
213000137,756,66,690
213000139,112,23,89
213000147,69,6,63
213000148,19,7,12
213000149,56,10,46
213000150,0,187,-187
213000151,3,117,-114
213000152,1,98,-97
213000153,3,130,-127
213000154,59,386,-327
213000155,53,174,-121
213000156,108,255,-147
213000157,859,319,540
213000158,449,699,-250
213000159,800,469,331
213000163,1393,133,1260
213000165,954,389,565
213000171,1,55,-54
213000172,1,166,-165
213000173,6,122,-116
213000174,4,69,-65
213000175,15,63,-48
213000176,97,35,62
213000177,144,15,129
213000178,243,4,239
213000179,340,1,339
213000180,304,1,303
213000184,90,348,-258
213000188,498,108,390
213000189,576,51,525
213000190,952,638,314
213000191,542,254,288
213000192,365,181,184
213000193,486,345,141
213000194,1,90,-89
213000195,20,300,-280
213000196,252,1144,-892
213000197,567,506,61
213000198,38,0,38
213000200,113,485,-372
213000201,36,35,1
213000202,10,418,-408
213000203,2192,615,1577
213000204,888,65,823
213000205,524,48,476
213000206,470,30,440
213000207,89,10,79
213000208,44,2,42
213000209,144,0,144
213000210,257,9,248
213000211,8,8,0
213000212,7,24,-17
213000213,17,54,-37
213000218,260,295,-35
213000219,729,18,711
213000220,568,24,544
213000223,170,193,-23
213000224,33,60,-27
213000225,131,35,96
213000226,71,29,42
213000227,1106,162,944
213000228,563,91,472
213000229,48,30,18
213000230,458,17,441
213000232,56,525,-469
213000233,8,552,-544
213000234,1,106,-105
213000293,19,47,-28
213000294,142,24,118
213000295,14,74,-60
213000296,75,32,43
213000297,14,71,-57
213000298,23,64,-41
213000299,55,29,26
213000300,6,7,-1
213000303,1,18,-17
213000304,4,10,-6
213000305,1,16,-15
213000306,38,61,-23
213000307,96,86,10
213000308,66,190,-124
213000309,218,62,156
213000310,508,295,213
213000311,175,946,-771
213000315,70,111,-41
213000316,225,50,175
213000322,124,47,77
213000323,155,51,104
213000324,134,24,110
213000325,64,38,26
213000326,84,21,63
213000327,96,23,73
213000328,63,124,-61
213000329,141,18,123
213000340,168,272,-104
213000341,793,82,711
213000346,233,376,-143
213000347,408,609,-201
213000348,4,234,-230
213000349,25,19,6
213000350,253,684,-431
213000366,87,145,-58
213000367,341,14,327
213000379,79,58,21
213000386,39,157,-118
213000406,127,210,-83
213000417,1509,456,1053
213000425,356,46,310
213000426,233,37,196
213000427,69,120,-51
213000428,58,102,-44
213000429,14,3,11
213000430,131,292,-161
213000431,39,2,37
213000432,2,27,-25
213000433,17,115,-98
213000434,169,106,63
213000435,174,52,122
213000436,52,47,5
213000437,4,8,-4
213000438,163,39,124
213000439,51,15,36
213000440,12,185,-173
213000441,1,1,0
213000442,3,27,-24
213000443,434,216,218
213000444,50,16,34
213000445,0,56,-56
213000446,1,26,-25
213000447,1,39,-38
213000448,10,164,-154
213000449,721,22,699
213000450,19,35,-16
213000451,308,70,238
213000452,18,8,10
213000453,20,243,-223
213000455,326,95,231
213000456,1,178,-177
213000481,4,3,1
213000482,33,2,31
213000489,174,62,112
213000491,1,139,-138
213000492,106,1,105
213000493,0,76,-76
213000494,343,117,226
213000495,0,26,-26
213000496,567,149,418
213000497,46,219,-173
213000498,230,84,146
213000499,288,245,43
213000500,808,77,731
213000501,191,45,146
213000502,223,255,-32
213000503,0,33,-33
213000504,22,32,-10
213000505,8,3,5
213000506,0,11,-11
213000507,2,90,-88
213900016,0,6,-6
213900244,129,0,129
213900245,0,11,-11
218000003,19,34,-15
218000004,16,49,-33
218000005,31,34,-3
218000006,45,47,-2
218000007,29,13,16
218000012,118,132,-14
218000013,114,141,-27
218000014,320,328,-8
218000019,463,511,-48
218000020,249,320,-71
218000021,26,29,-3
218000022,17,10,7
218000023,2,8,-6
218000024,1,10,-9
218000025,5,11,-6
218000026,13,29,-16
218000027,1,1,0
218000028,2,3,-1
218000029,1,3,-2
218000030,9,19,-10
218000031,7,6,1
218000032,0,22,-22
218000040,4,8,-4
218000046,86,45,41
218000047,15,84,-69
218000048,59,63,-4
218000049,90,63,27
218000050,306,111,195
218000051,57,109,-52
218000052,1,35,-34
218000053,4,18,-14
218000054,1,27,-26
218000055,0,8,-8
218000056,9,20,-11
218000057,3,10,-7
218000064,3,6,-3
218000065,79,29,50
218000066,15,25,-10
218000067,70,39,31
218000068,149,62,87
218000069,316,80,236
218000070,223,182,41
218000071,194,110,84
218000072,185,191,-6
218000078,1025,346,679
218000079,191,60,131
218000080,170,47,123
218000081,627,128,499
218000082,75,53,22
218000083,99,46,53
218000084,243,92,151
218000085,215,221,-6
218000086,99,86,13
218000087,257,78,179
218000090,17,117,-100
218000091,1144,556,588
218000092,128,83,45
218000093,71,35,36
218000094,405,354,51
218000099,232,621,-389
218000100,392,255,137
218000101,326,152,174
218000102,590,143,447
218000103,123,107,16
218000104,98,18,80
218000105,28,16,12
218000106,8,15,-7
218000107,71,29,42
218000108,2,32,-30
218000112,48,35,13
218000117,43,39,4
218000134,614,337,277
218000135,19,51,-32
218000136,132,79,53
218000137,165,98,67
218000138,53,100,-47
218000139,201,198,3
218000140,515,166,349
218000141,81,48,33
218000142,217,93,124
218000143,76,233,-157
218000144,39,86,-47
218000145,515,328,187
218000146,83,139,-56
218000151,6,16,-10
218000152,66,24,42
218000153,4,8,-4
218000154,8,13,-5
218000155,62,3,59
218000156,85,10,75
218000157,48,18,30
218000158,13,11,2
218000159,3,6,-3
218000160,8,8,0
218000161,52,3,49
218000162,41,4,37
218000163,18,2,16
218000164,59,2,57
218000165,109,30,79
218000170,10,23,-13
218000171,42,7,35
218000172,13,7,6
218000173,30,10,20
218000174,21,5,16
218000176,225,38,187
218000177,294,244,50
218000178,67,229,-162
218000179,96,73,23
218000180,96,46,50
218000181,177,43,134
218000187,13,23,-10
218000188,33,41,-8
218000189,29,69,-40
218000190,14,25,-11
218000191,228,26,202
218000192,265,118,147
218000193,495,217,278
218000194,146,245,-99
218000195,182,50,132
218000196,446,210,236
218000197,553,213,340
218000198,27,109,-82
218000199,70,22,48
218000200,65,36,29
218000201,33,7,26
218000202,55,248,-193
218000207,3,10,-7
218000208,17,40,-23
218000211,24,29,-5
218000212,0,10,-10
218000213,68,91,-23
218000214,8,24,-16
218000215,31,28,3
218000217,12,37,-25
218000218,148,41,107
218000219,9,21,-12
218000220,45,400,-355
218000221,501,246,255
218000222,4,33,-29
218000223,57,462,-405
218000224,9,200,-191
218000225,167,40,127
218000226,194,75,119
218000230,1,2,-1
218000232,29,40,-11
218000239,117,14,103
218000240,9,4,5
218000241,34,0,34
218000242,15,6,9
218000243,28,10,18
218000244,23,3,20
218000245,15,2,13
218000246,0,1,-1
218000247,0,0,0
218000248,0,19,-19
218000249,0,1,-1
218000250,7,10,-3
218000251,3,101,-98
218000252,4,489,-485
218000253,6,304,-298
218000254,3,114,-111
218000255,0,66,-66
218000256,18,121,-103
218000267,351,766,-415
218000268,6,44,-38
218000269,0,25,-25
218000270,75,35,40
218000271,5,26,-21
218000273,57,5,52
218000274,22,3,19
218000275,60,54,6
218000276,29,18,11
218000278,4,25,-21
218000279,77,19,58
218000280,8,20,-12
218000281,18,16,2
218000282,440,560,-120
218000284,52,8,44
218000301,92,125,-33
218000302,115,45,70
218000303,15,28,-13
218000316,761,651,110
218000317,1521,507,1014
218000318,974,390,584
218000319,1210,569,641
218000320,795,461,334
218000338,24,20,4
218000345,49,59,-10
218000346,30,184,-154
218000459,30,139,-109
218000490,21,30,-9
218000501,125,34,91
218000502,89,37,52
218000503,116,35,81
218000504,124,39,85
218000505,46,69,-23
218000506,25,141,-116
218000508,0,8,-8
218000510,104,23,81
218000520,98,131,-33
218000521,6,29,-23
218000522,0,115,-115
218000523,139,1,138
218000524,12,204,-192
218000525,137,23,114
218000526,13,160,-147
218000529,34,64,-30
218000530,17,4,13
218000531,21,16,5
218000532,38,22,16
218000534,171,17,154
218000537,34,70,-36
218000538,111,184,-73
218000540,80,78,2
218000543,136,61,75
218000544,36,50,-14
218000545,82,77,5
218000546,56,57,-1
218000547,156,180,-24
218000548,142,108,34
218000549,652,463,189
218000550,196,141,55
218000551,77,711,-634
218000552,261,83,178
218000553,26,82,-56
218000554,45,25,20
218000555,32,38,-6
218000556,145,100,45
218000557,353,91,262
218000558,104,34,70
218000559,0,19,-19
218000560,0,26,-26
218000561,12,0,12
218000562,20,137,-117
218000563,182,38,144
218000564,8,108,-100
218000565,144,37,107
218000566,131,28,103
218000567,4,146,-142
218000568,55,4,51
218000569,1,227,-226
218000570,97,10,87
218000571,2,91,-89
218000572,136,2,134
218000573,3,160,-157
218000574,29,34,-5
218000575,93,0,93
218000576,0,90,-90
218000577,107,3,104
218000578,0,82,-82
218000579,19,18,1
218000581,3,66,-63
218000582,71,3,68
218000583,22,0,22
218000584,1,26,-25
218000585,49,4,45
218000586,14,40,-26
218000587,1,0,1
218000588,2,5,-3
218000589,2,19,-17
218000590,2,2,0
218000591,1,2,-1
218000592,14,20,-6
218000593,0,0,0
218000594,1,8,-7
218000595,0,0,0
218000596,0,0,0
218000597,0,0,0
218000598,0,0,0
218000599,5,1,4
218000600,1,0,1
218000601,0,0,0
218000602,0,2,-2
218000603,0,5,-5
218000604,17,0,17
218000605,0,32,-32
218000606,81,1,80
218000607,10,56,-46
218000608,59,19,40
218000609,6,52,-46
218000610,90,5,85
218000611,24,3,21
218000612,6,48,-42
218000613,67,1,66
218000614,1,37,-36
218000615,144,6,138
218000616,3,77,-74
218000617,7,1,6
218000618,0,14,-14
218000619,51,33,18
218000620,18,39,-21
218000621,0,1,-1
218000622,0,41,-41
218000623,46,3,43
218000624,0,42,-42
218000625,1,2,-1
218000626,0,9,-9
218000628,210,64,146
218000631,35,19,16
218000632,3,157,-154
218000633,62,1,61
218000634,7,20,-13
218000635,13,26,-13
218000636,811,564,247
218000637,1043,276,767
218000638,287,28,259
218000639,19,55,-36
218000640,403,17,386
218000641,63,139,-76
218000652,45,25,20
218000653,174,91,83
218000663,2,42,-40
218000675,28,39,-11
218000676,2,7,-5
218000677,24,2,22
218000680,163,264,-101
218000681,372,151,221
218000691,205,118,87
218000693,439,106,333
218000703,3,16,-13
218000718,90,838,-748
218000719,122,495,-373
218000720,11,272,-261
218000721,80,21,59
218000725,10,6,4
218001214,5,48,-43
218001258,13,0,13
218001329,86,82,4
218001330,44,51,-7
218001351,39,13,26
218001352,9,24,-15
218001353,10,10,0
218001354,6,15,-9
218001355,120,2,118
218001356,156,6,150
218001357,68,1,67
218001358,103,3,100
218001361,91,5,86
219000001,46,49,-3
219000002,24,46,-22
219000003,73,55,18
219000004,31,41,-10
219000017,54,80,-26
219000020,159,61,98
219000022,139,7,132
219000023,69,1,68
219000029,0,76,-76
219000034,54,36,18
219000039,87,224,-137
219000040,58,130,-72
219000041,189,36,153
219000051,0,24,-24
219000052,0,17,-17
219000053,1,57,-56
219000054,37,76,-39
219000055,349,3,346
219000056,7,0,7
219000057,101,0,101
219000062,21,50,-29
219000063,107,7,100
219000064,0,55,-55
219000110,329,113,216
219000111,75,40,35
219000112,189,60,129
219000113,177,51,126
219000114,215,66,149
219000116,180,39,141
219000117,218,75,143
219000118,195,87,108
219000123,161,47,114
219000124,58,42,16
219000125,16,14,2
219000126,35,127,-92
219000127,0,9,-9
219000128,10,89,-79
219000129,11,136,-125
219000130,176,441,-265
219000131,642,965,-323
219000133,27,65,-38
219000134,8,34,-26
219000135,20,103,-83
219000136,62,187,-125
219000138,93,16,77
219000139,71,35,36
219000140,98,1,97
219000141,50,60,-10
219000142,11,36,-25
219000143,12,54,-42
219000145,17,38,-21
219000146,21,20,1
219000147,9,27,-18
219000148,5,17,-12
219000149,1,41,-40
219000150,1,30,-29
219000151,5,12,-7
219000157,251,103,148
219000158,125,164,-39
219000161,149,8,141
219000163,825,552,273
219000166,136,234,-98
219000167,153,133,20
219000168,248,83,165
219000174,479,118,361
219000175,116,16,100
219000176,195,10,185
219000177,90,6,84
219000178,101,1,100
219000179,32,9,23
219000180,36,52,-16
219000182,161,16,145
219000183,136,30,106
219000184,93,10,83
219000185,5,33,-28
219000186,79,11,68
219000187,16,60,-44
219000189,26,195,-169
219000190,59,197,-138
219000191,190,1439,-1249
219000192,182,170,12
219000193,131,105,26
219000195,2,47,-45
219000196,16,86,-70
219000198,32,76,-44
219000199,45,149,-104
219000200,52,107,-55
219000201,60,135,-75
219000203,28,122,-94
219000204,56,300,-244
219000205,46,277,-231
219000207,73,248,-175
219000209,41,28,13
219000210,18,57,-39
219000213,8,108,-100
219000239,180,208,-28
219000240,202,293,-91
219000241,162,91,71
219000242,41,83,-42
219000243,57,223,-166
219000244,22,58,-36
219000245,20,45,-25
219000246,31,26,5
219000247,229,41,188
219000248,415,400,15
219000249,153,93,60
219000250,160,96,64
219000251,492,260,232
219000252,229,147,82
219000253,354,87,267
219000255,144,131,13
219000256,230,59,171
219000257,114,1,113
219000262,79,45,34
219000263,47,61,-14
219000267,5,43,-38
219000268,3,15,-12
219000269,7,0,7
219000270,7,0,7
219000271,151,9,142
219000278,2,4,-2
219000279,3,1,2
219000283,0,8,-8
219000295,26,68,-42
219000296,70,209,-139
219000297,32,47,-15
219000298,14,77,-63
219000299,382,49,333
219000300,38,84,-46
219000301,132,265,-133
219000302,35,140,-105
219000307,48,27,21
219000308,67,71,-4
219000311,241,56,185
219000312,538,107,431
219000313,414,47,367
219000314,55,151,-96
219000315,372,42,330
219000316,652,53,599
219000317,170,8,162
219000320,0,46,-46
219000321,0,15,-15
219000323,8,38,-30
219000325,1,11,-10
219000326,52,33,19
219000327,54,34,20
219000328,29,57,-28
219000329,305,124,181
219000330,49,41,8
219000331,102,41,61
219000332,165,81,84
219000333,47,3,44
219000335,113,1,112
219000337,13,0,13
219000338,35,0,35
219000344,24,63,-39
219000345,25,82,-57
219000346,47,66,-19
219000348,194,45,149
219000349,74,95,-21
219000350,127,436,-309
219000351,3,22,-19
219000352,396,113,283
219000353,133,67,66
219000354,254,77,177
219000355,160,46,114
219000356,439,1491,-1052
219000363,151,79,72
219000364,100,43,57
219000365,93,23,70
219000366,198,423,-225
219000368,267,596,-329
219000370,641,686,-45
219000371,3,23,-20
219000382,9,8,1
219000383,249,1263,-1014
219000385,332,529,-197
219000386,471,1619,-1148
219000387,0,13,-13
219000390,3,0,3
219000391,2,2,0
219000397,44,42,2
219000398,53,53,0
219000401,11,58,-47
219000402,41,62,-21
219000403,102,288,-186
219000404,22,114,-92
219000407,11,30,-19
219000409,77,54,23
219000410,124,47,77
219000411,101,17,84
219000446,66,377,-311
219000447,0,4,-4
219000448,4,11,-7
219000452,88,83,5
219000453,46,190,-144
219000454,151,312,-161
219000556,272,101,171
219000558,112,59,53
219000590,19,145,-126
219000591,135,73,62
219000592,92,205,-113
219000595,9,16,-7
219000635,149,26,123
219000636,32,37,-5
219000657,9,21,-12
219000658,55,177,-122
219000673,1,127,-126
219000676,12,39,-27
219000679,32,7,25
219000684,149,5,144
219000685,0,48,-48
219000686,0,6,-6
219000688,0,57,-57
219000689,29,167,-138
219000690,150,23,127
219000691,44,122,-78
219000692,124,41,83
219000693,1,26,-25
219000694,30,0,30
219000695,40,7,33
219000698,15,2,13
219000699,0,8,-8
219000727,3,57,-54
219000728,72,3,69
219000770,25,2,23
219000771,0,31,-31
219000788,206,227,-21
219001150,1,39,-38
219001151,0,5,-5
219001166,23,76,-53
219001167,1,40,-39
219001178,41,0,41
220000001,39,92,-53
220000002,6,83,-77
220000003,270,149,121
220000004,321,287,34
220000005,581,1545,-964
220000006,106,709,-603
220000007,392,258,134
220000008,314,364,-50
220000009,263,266,-3
220000010,95,53,42
220000011,334,2835,-2501
220000012,57,220,-163
220000014,127,40,87
220000015,55,384,-329
220000017,29,227,-198
220000018,4578,2027,2551
220000019,61,339,-278
220000020,487,144,343
220000021,791,127,664
220000022,1141,293,848
220000023,256,124,132
220000024,1294,398,896
220000025,1092,1594,-502
220000026,320,640,-320
220000027,14,148,-134
220000028,55,63,-8
220000029,28,53,-25
220000030,49,64,-15
220000031,605,317,288
220000064,34,942,-908
221000046,3,0,3
221000047,0,0,0
221000048,0,0,0
221000049,0,4,-4
221000050,27,0,27
221000055,43,69,-26
221000057,58,8,50
221000068,302,114,188
221000069,352,67,285
221000070,251,36,215
221000071,128,9,119
221000072,282,15,267
221000073,166,35,131
221000074,4,15,-11
221000075,9,15,-6
221000076,16,11,5
221000077,8,68,-60
221000081,18,3,15
221000082,77,3,74
221000083,10,9,1
221000084,12,6,6
221000085,13,37,-24
221000086,10,79,-69
221000087,2,114,-112
221000088,13,117,-104
221000089,44,243,-199
221000090,77,515,-438
221000098,162,18,144
221000099,210,13,197
221000100,125,6,119
221000101,213,14,199
221000102,144,10,134
221000109,8,92,-84
221000110,8,31,-23
221000111,8,95,-87
221000112,6,89,-83
221000113,15,86,-71
221000114,8,81,-73
221000120,30,53,-23
221000121,3,39,-36
221000122,42,41,1
221000123,16,6,10
221000124,25,100,-75
221000155,115,13,102
221000156,52,24,28
221000175,0,4,-4
221000176,1,4,-3
221000182,38,10,28
221000241,407,386,21
221000242,219,303,-84
221000243,362,276,86
221000244,340,262,78
221000245,65,69,-4
221000246,35,200,-165
221000247,89,59,30
221000248,126,69,57
221000267,35,472,-437
221000325,26,58,-32
221000331,5,36,-31
221000338,18,41,-23
221000378,189,19,170
221000381,32,35,-3
222000282,11,4,7
222000296,7,10,-3
222000568,419,33,386
222000569,179,58,121
222000570,163,33,130
222000571,512,48,464
222000577,26,67,-41
222000578,32,105,-73
222000579,23,71,-48
222000580,82,407,-325
222000599,0,103,-103
222000600,2,140,-138
222000601,7,502,-495
222000603,12,52,-40
222000604,3,55,-52
222000605,15,39,-24
222000606,3,19,-16
222000607,2,8,-6
222000608,22,28,-6
222000609,71,87,-16
222000616,479,26,453
222000617,5,31,-26
222000618,2,8,-6
222000620,14,25,-11
222000621,28,11,17
222000623,554,7,547
222000624,425,6,419
222000625,744,21,723
222000636,50,6,44
222000686,20,23,-3
222000687,46,26,20
222001066,474,3,471
222001067,35,4,31
222001068,96,27,69
222001069,73,29,44
222001082,33,17,16
222001083,49,28,21
222001084,1,29,-28
222001085,1,241,-240
222001111,85,51,34
222001112,203,64,139
222001313,99,11,88
222001314,18,94,-76
222001464,62,43,19
222001465,4,88,-84
222001484,186,39,147
222001485,10,42,-32
222001494,713,93,620
222001495,105,119,-14
222001496,440,51,389
222001497,83,214,-131
222001502,31,78,-47
222001503,172,22,150
222001504,37,297,-260
222001505,451,14,437
222001506,81,388,-307
222001507,300,34,266
222001510,715,43,672
222001511,62,201,-139
222001514,720,205,515
222001515,205,248,-43
222001518,540,68,472
222001519,85,85,0
222001527,183,72,111
222001528,65,104,-39
222001529,447,41,406
222001530,102,135,-33
222001533,134,199,-65
222001534,550,43,507
222001535,363,260,103
222001536,60,85,-25
222001537,361,87,274
222001538,108,344,-236
222001563,1092,106,986
222001564,97,202,-105
222001568,230,275,-45
222001576,1,1,0
222001579,0,5,-5
222001583,10,75,-65
222001584,137,23,114
222001596,500,989,-489
222001597,1374,374,1000
222001626,0,93,-93
222001650,41,243,-202
222001651,56,443,-387
222001914,217,77,140
222001915,73,129,-56
222001968,496,274,222
222001969,289,330,-41
222001970,182,244,-62
222001971,32,17,15
222001972,13,12,1
225000001,373,95,278
225000002,711,157,554
225000003,753,59,694
225000004,427,170,257
225000005,65,32,33
225000006,0,140,-140
225000007,732,897,-165
225000010,311,20,291
225000011,281,1085,-804
225000012,285,591,-306
225000013,95,78,17
225000014,626,133,493
225000015,79,88,-9
225000021,672,129,543
225000027,125,301,-176
225000032,700,95,605
225000042,60,381,-321
225000049,56,20,36
225000050,77,10,67
225000053,5,241,-236
225000058,543,199,344
225000067,251,54,197
225000068,74,152,-78
225000069,41,269,-228
225000070,94,186,-92
225000071,26,60,-34
225000075,18,416,-398
225000076,42,101,-59
225000078,101,37,64
225000085,85,99,-14
225000086,236,68,168
225000087,113,9,104
225000088,24,159,-135
225000089,98,808,-710
225000090,58,400,-342
225000091,180,97,83
225000092,58,61,-3
225000093,178,144,34
225000094,18,101,-83
225000095,174,195,-21
225000096,182,271,-89
225000098,730,275,455
225000099,369,127,242
225000100,435,84,351
225000104,139,282,-143
225000110,7,256,-249
225000111,190,499,-309
225000112,214,681,-467
225000113,171,398,-227
225000114,106,168,-62
225000115,761,460,301
225000116,521,179,342
225000117,769,237,532
225000118,1225,259,966
225000119,317,76,241
225000120,739,26,713
225000121,120,12,108
225000123,459,8,451
225000125,563,116,447
225000126,583,133,450
225000127,465,1295,-830
225000128,402,741,-339
225000132,436,48,388
225000133,319,23,296
225000134,630,173,457
225000135,91,20,71
225000136,459,21,438
225000137,290,52,238
225000138,415,116,299
225000143,38,141,-103
225000144,6,186,-180
225000145,34,13,21
225000146,39,50,-11
225000147,40,91,-51
225000148,6,108,-102
225000149,45,236,-191
225000151,30,123,-93
225000155,255,243,12
225000156,165,647,-482
225000157,346,189,157
225000158,72,138,-66
225000171,4,84,-80
225000180,34,4,30
225000181,0,39,-39
225000182,49,3,46
225000185,3,321,-318
225000187,42,271,-229
225000191,96,0,96
225000194,0,7,-7
225000208,3,28,-25
225000209,101,3,98
225000210,4,190,-186
225000217,0,11,-11
225000218,16,4,12
225000223,1,25,-24
225000224,28,0,28
225000225,0,13,-13
225000226,10,0,10
225000227,35,46,-11
225000228,6,4,2
225000229,0,42,-42
225000230,17,0,17
225000231,0,27,-27
225000232,121,2,119
225000241,55,1,54
225000242,0,15,-15
225000249,5,0,5
225000250,63,431,-368
225000251,399,22,377
225000254,6,3,3
225000256,0,29,-29
225000257,0,13,-13
226000042,166,208,-42
226000043,36,182,-146
226000044,72,195,-123
226000045,61,164,-103
226000046,455,51,404
226000047,418,69,349
226000048,326,74,252
226000049,346,185,161
226000070,0,17,-17
226000071,0,20,-20
226000072,0,11,-11
226000073,0,6,-6
226000074,0,8,-8
226000084,0,13,-13
226000085,0,4,-4
226000086,1,8,-7
226000087,1,13,-12
226000088,10,76,-66
226000090,101,128,-27
226000091,17,61,-44
226000092,4,50,-46
226000093,10,3,7
226000094,8,2,6
226000095,16,3,13
226000105,6,1,5
226000106,8,0,8
226000107,18,0,18
226000108,12,0,12
226000109,129,0,129
226000124,115,52,63
226000134,1041,517,524
226000135,1725,387,1338
226000136,759,318,441
226000137,3,83,-80
226000138,12,51,-39
226000139,0,31,-31
226000156,231,7,224
226000157,201,12,189
226000163,50,242,-192
226000202,15,91,-76
226000231,440,9,431
226000232,68,7,61
227000033,331,62,269
227000036,521,33,488
227000037,466,35,431
227000038,141,25,116
227000084,1,44,-43
227000085,0,44,-44
227000088,29,5,24
227000089,69,2,67
227000090,38,1,37
227000091,23,1,22
227000092,32,0,32
227000093,146,1,145
227000094,14,0,14
227000130,21,113,-92
227000131,19,103,-84
227000132,16,98,-82
227000133,12,86,-74
227000134,16,151,-135
227000152,0,7,-7
227000153,1,63,-62
227000154,0,43,-43
227000155,1,16,-15
227000156,0,21,-21
227000165,1,75,-74
227000196,517,113,404
227000199,530,198,332
227000230,7,168,-161
227000232,655,27,628
227000242,39,275,-236
227000243,449,76,373
227000245,11,163,-152
227000246,61,134,-73
227000247,437,63,374
227000248,126,31,95
227000249,19,58,-39
227000250,296,157,139
227000251,55,132,-77
227000252,30,98,-68
227000253,212,19,193
227000262,515,46,469
227000266,1809,29,1780
227000267,20,489,-469
227000282,7,70,-63
227000284,673,28,645
227000286,4,33,-29
227000287,16,64,-48
227000291,15,241,-226
227000296,173,182,-9
227000484,197,19,178
227000485,15,470,-455
227000655,264,3,261
227000656,625,47,578
227000657,111,7,104
227000661,252,13,239
229000265,11,31,-20
229000266,0,0,0
229000267,2,0,2
229000268,2,0,2
229000269,4,0,4
229000274,0,3,-3
229000275,0,3,-3
229000276,0,0,0
229000277,0,1,-1
229000278,0,0,0
229000295,0,3,-3
229000296,8,19,-11
229000297,8,27,-19
229000298,4,110,-106
229000320,11,4,7
229000321,10,1,9
229000412,11,53,-42
229000414,13,41,-28
229000415,8,0,8
229000416,5,6,-1
229000417,1,14,-13
229000419,94,357,-263
229000440,408,105,303
229000442,22,13,9
229000443,5,3,2
229000444,1,22,-21
229000445,95,6,89
229000446,110,8,102
229000491,1,17,-16
229000492,7,42,-35
229000493,6,43,-37
229000494,61,1,60
229000495,174,1,173
229000496,99,4,95
229000507,0,46,-46
229000508,1,31,-30
229000509,0,50,-50
229000510,0,20,-20
229000511,1,33,-32
229000512,0,9,-9
229000513,0,6,-6
229000514,0,2,-2
229000517,3,1,2
229000518,12,9,3
229000519,0,1,-1
229000520,8,28,-20
229000521,71,19,52
229000522,11,1,10
229000523,6,4,2
229000524,7,2,5
229000527,1,0,1
229000528,0,0,0
229000529,9,0,9
229000530,108,1,107
229000531,45,3,42
229000532,21,0,21
229000533,62,0,62
229000534,21,1,20
229000564,110,1,109
229000565,50,0,50
229000566,0,4,-4
229000567,0,16,-16
229000582,59,2,57
229000583,5,0,5
229000584,0,15,-15
229000585,0,61,-61
229000718,0,0,0
229000719,0,1,-1
229000720,0,2,-2
229000721,0,10,-10
229000722,0,6,-6
229000723,0,5,-5
229000724,0,2,-2
229000725,0,5,-5
229000738,1,0,1
229000739,0,0,0
229000740,5,1,4
229000741,33,0,33
229000742,14,1,13
229000743,25,0,25
229000744,2,0,2
229000745,2,0,2
229000746,16,1,15
229000847,82,0,82
229000848,19,0,19
229000849,123,2,121
229000851,71,1,70
229000854,0,5,-5
229000856,0,19,-19
229000857,0,7,-7
229000858,1,28,-27
229000919,9,44,-35
229000930,0,171,-171
229000937,72,18,54
229000966,38,50,-12
229000981,16,14,2
229000985,28,29,-1
229000986,3,4,-1
229000987,0,2,-2
229000988,3,5,-2
229000989,9,3,6
229000990,0,3,-3
229000991,1,5,-4
229000992,28,4,24
229000993,144,13,131
229000998,5,45,-40
229000999,85,12,73
229001034,0,13,-13
229001035,10,1,9
229001036,1,3,-2
229001037,51,3,48
229001038,0,2,-2
229001039,0,0,0
229001040,0,6,-6
229001041,5,2,3
229001042,44,12,32
229001047,12,29,-17
229001050,34,39,-5
229001168,0,24,-24
229001200,28,4,24
229001338,2,22,-20
229001394,182,2,180
229001422,142,25,117
229001423,18,82,-64
229001431,48,18,30
229001432,16,52,-36
229001444,275,38,237
229001445,34,113,-79
229001479,31,1,30
229001503,213,54,159
229001504,119,44,75
229001505,155,17,138
229001506,107,54,53
229001509,32,6,26
229001510,0,4,-4
229001545,101,2,99
229001546,6,69,-63
229001553,94,13,81
229001554,36,54,-18
229001630,41,4,37
229001631,6,16,-10
229001635,0,4,-4
229001636,10,0,10
229001658,0,69,-69
229001659,46,1,45
229001660,5,11,-6
229001661,3,34,-31
229001662,15,0,15
229001663,0,4,-4
229002584,259,188,71
229002831,132,122,10
229002841,12,15,-3
229002842,29,27,2
229002843,73,36,37
229002844,25,33,-8
229002845,14,87,-73
229002846,45,9,36
229002847,1,22,-21
229002848,9,11,-2
229002849,3,70,-67
229002850,8,2,6
229002851,23,150,-127
229002852,189,11,178
229002853,168,9,159
229002854,48,59,-11
229002855,5,24,-19
229002856,49,15,34
229002857,7,118,-111
229002858,24,4,20
229002859,31,89,-58
229002860,145,16,129
229002861,64,60,4
229002862,35,28,7
229002863,18,20,-2
229002864,29,25,4
229002865,13,11,2
229002866,9,17,-8
229002867,0,26,-26
229002868,9,7,2
229002869,20,78,-58
229002870,78,6,72
235000066,200,40,160
235000067,90,71,19
235000072,42,66,-24
235000073,106,256,-150
235000074,39,19,20
235000080,22,32,-10
235000081,111,33,78
235000082,151,25,126
235000083,282,44,238
235000084,47,46,1
235000085,175,46,129
235000089,27,10,17
235000092,41,82,-41
235000093,12,4,8
235000097,1,8,-7
235000098,48,3,45
235000099,14,21,-7
235000116,28,23,5
235000117,346,17,329
235000133,14,461,-447
235000134,11,188,-177
235000206,9,2,7
235000207,3,4,-1
235000208,5,1,4
235000209,7,2,5
235000210,4,8,-4
235000212,0,5,-5
235000213,0,6,-6
235000220,0,2,-2
235000221,32,16,16
235000238,13,122,-109
235000239,2,40,-38
235000242,293,722,-429
235000245,281,157,124
235000246,6,76,-70
235000284,13,173,-160
235000295,71,19,52
235000305,352,22,330
235000306,393,11,382
235000307,11,4,7
235000308,12,0,12
235000309,62,0,62
235000310,61,0,61
235000311,62,22,40
235000322,0,36,-36
235000323,1,32,-31
235000324,0,15,-15
235000325,0,36,-36
235000326,3,79,-76
235000351,3,72,-69
235000352,5,33,-28
235000353,8,25,-17
235000354,15,60,-45
235000355,11,61,-50
235000356,74,3,71
235000357,43,4,39
235000358,30,10,20
235000359,11,8,3
235000360,39,3,36
235000361,47,7,40
235000381,106,40,66
235000382,179,19,160
235000390,16,3,13
235000391,209,22,187
235000392,207,279,-72
235000393,125,118,7
235000395,136,33,103
235000396,526,52,474
235000400,57,32,25
235000401,11,67,-56
235000405,78,104,-26
235000406,30,110,-80
235000407,33,49,-16
235000409,71,38,33
235000410,42,120,-78
235000411,0,23,-23
235000485,0,9,-9
235000486,15,0,15
235000549,124,49,75
235000550,95,60,35
235000599,189,30,159
235000600,3,13,-10
235000601,17,18,-1
235000602,75,26,49
235000614,2,2,0
235000648,0,9,-9
235000649,17,7,10
235000685,1,5,-4
235000815,8,106,-98
235000834,0,9,-9
235000855,41,20,21
235000862,18,43,-25
235000891,0,12,-12
235000892,23,2,21
235000901,62,41,21
235000907,5,9,-4
235001010,72,27,45
235001029,191,168,23
235001030,355,184,171
235001078,82,83,-1
235001079,33,62,-29
235001147,6,38,-32
235001166,16,30,-14
235001167,39,12,27
235001169,24,379,-355
235001188,0,7,-7
235001189,7,16,-9
235001197,6,40,-34
235001200,99,54,45
235001207,153,9,144
235001210,8,45,-37
235001215,8,84,-76
235001239,1,33,-32
235001244,0,11,-11
235016267,0,60,-60
277101746,0,2,-2
277102712,0,0,0
277103813,0,0,0
277103898,0,3,-3
277104249,0,1,-1
277104250,0,5,-5
277104251,0,8,-8
277104252,0,1,-1
990011530,0,146,-146
990014944,2,227,-225
990015176,18,12,6
990015618,0,115,-115
990016032,0,209,-209
990032570,6,396,-390
990070001,46,0,46
990070103,0,0,0
990070601,0,50,-50
990070751,1471,4,1467
990070766,0,217,-217
990071180,489,147,342
990071343,12,0,12
990071387,0,14,-14
990071823,387,5,382
990072600,6,1689,-1683
990072964,0,262,-262
990073285,0,4,-4
990074393,1,460,-459
990074870,1906,26,1880
990075106,836,7,829
990075746,648,8,640
990076437,1934,5,1929
990076458,0,283,-283
997000007,427,37,390
997000041,2,203,-201
997000058,56,0,56
997000062,31,0,31
997000069,0,3,-3
997000070,0,19,-19
997000100,56,0,56
997000141,0,1259,-1259
997000198,6,675,-669
998000475,0,10,-10
998000736,0,94,-94
998000965,0,13,-13
998001031,0,70,-70
998001700,0,20,-20
998001899,0,1,-1
998001900,1,0,1
998003073,900,4,896
998101900,0,0,0
998102850,0,364,-364
998501927,570,1288,-718
998501929,130,4,126
998501930,53,0,53
998501931,146,18,128
998501932,10,13,-3
998501933,86,2,84
998501937,11,2,9
998501944,3,0,3
998501950,0,0,0
998501970,63,1,62
998501971,0,60,-60
998501973,0,30,-30
998501974,0,151,-151
998501975,99,2,97
998501976,109,0,109
998501977,0,18,-18
998501978,22,1,21
998501979,0,12,-12
998501980,52,0,52
998501981,39,0,39
998501982,1,125,-124
998502006,0,0,0
998502024,0,4,-4
998502032,0,2,-2
998502062,18,1,17
998502063,0,0,0
998502173,6,0,6
998502269,0,12,-12
998601159,0,63,-63
998601292,0,5,-5
999033574,0,184,-184
999800001,84,21,63
999800002,0,6,-6
999800003,2,0,2
999800004,0,1,-1
999800005,0,6,-6
