ID,insum,outsum,diff
100000001,117,96,21
100000002,1290,2028,-738
100000003,1398,2255,-857
100000004,120,644,-524
100000005,1073,1633,-560
100000006,12,34,-22
100000007,94,149,-55
100000008,0,0,0
100000009,1,24,-23
100000010,0,28,-28
100000011,42,9,33
100000012,0,0,0
100000013,0,0,0
100000014,0,0,0
100000015,206,278,-72
100000016,0,1,-1
100000017,0,1,-1
100000018,111,80,31
100000019,130,330,-200
100000020,44,292,-248
100000021,3,0,3
100000022,105,213,-108
100000023,28,0,28
100000025,1,10,-9
100000028,19,23,-4
100000029,0,0,0
100000030,0,0,0
100000031,202,697,-495
100000032,197,200,-3
100000033,161,152,9
100000034,0,0,0
100000035,30,114,-84
100000036,61,79,-18
100000037,42,52,-10
100000038,267,65,202
100000039,127,13,114
100000040,1,23,-22
100000041,47,84,-37
100000042,89,66,23
100000043,11,27,-16
100000044,0,0,0
100000045,0,0,0
100000046,0,0,0
100000047,0,0,0
100000048,0,0,0
100000049,0,0,0
100000051,0,0,0
100000053,1,0,1
100000054,12,5,7
100000055,0,0,0
100000056,13,47,-34
100000057,183,80,103
100000058,0,0,0
100000059,17,1,16
100000060,85,49,36
100000061,100,55,45
100000062,131,67,64
100000063,113,56,57
100000064,124,15,109
100000065,26,6,20
100000066,8,4,4
100000067,12,31,-19
100000068,24,18,6
100000069,12,26,-14
100000072,0,0,0
100000073,0,0,0
100000075,0,0,0
100000076,252,992,-740
100000077,33,84,-51
100000078,19,168,-149
100000079,3,128,-125
100000080,0,37,-37
100000081,1,45,-44
100000102,327,1175,-848
100000103,122,124,-2
100000104,108,135,-27
100000105,0,0,0
100000106,112,1441,-1329
100000107,9,359,-350
100000108,2,10,-8
100000109,86,39,47
100000116,55,56,-1
100000117,1,103,-102
100000118,349,57,292
100000119,121,40,81
100000121,37,37,0
100000122,121,113,8
100000123,238,107,131
100000124,128,139,-11
100000125,33,104,-71
100000126,5,12,-7
100000127,3,14,-11
100000128,3,20,-17
100000129,4,11,-7
100000130,0,0,0
100000131,6,9,-3
100000132,16,119,-103
100000133,352,88,264
100000135,134,133,1
100000139,63,117,-54
100000140,0,0,0
100000142,149,48,101
100000143,0,0,0
100000144,0,0,0
100000147,286,1178,-892
100000150,1,20,-19
100000151,93,583,-490
100000153,0,0,0
100000154,0,0,0
100000155,0,48,-48
100000156,16,117,-101
100000157,279,111,168
100000158,22,82,-60
100000159,24,40,-16
100000165,84,17,67
100000169,0,0,0
100000174,0,0,0
100000179,2,36,-34
100000180,0,0,0
100000181,5,3,2
100000188,0,0,0
100000189,136,46,90
100000190,75,259,-184
100000191,7,176,-169
100000192,5,329,-324
100000193,49,47,2
100000330,0,0,0
100000355,5,2,3
100000362,216,74,142
100000363,1967,2578,-611
100000364,0,0,0
100000365,3091,1347,1744
100000366,504,419,85
100000367,2252,1794,458
100000368,75,88,-13
100000369,120,779,-659
100000370,1,33,-32
100000376,0,3,-3
100000379,116,517,-401
100000380,708,1725,-1017
100000384,1487,2567,-1080
100000385,135,775,-640
100000386,583,1138,-555
100000387,264,1227,-963
100000388,1704,1189,515
100000389,1382,2103,-721
100000390,762,354,408
100000391,786,2086,-1300
100000392,159,306,-147
100000393,99,887,-788
100000394,129,434,-305
100000395,129,214,-85
100000396,400,430,-30
100000397,556,736,-180
100000398,2294,1117,1177
100900002,0,0,0
100900003,0,0,0
100900004,0,0,0
100900005,0,0,0
100900006,0,0,0
100900007,0,0,0
100900008,0,0,0
100900009,0,0,0
100900010,0,0,0
100900011,0,0,0
100900012,0,0,0
100900013,0,0,0
100900014,0,0,0
100900015,0,0,0
100900016,0,0,0
100900017,0,0,0
100900018,0,0,0
100900019,0,0,0
100900020,0,0,0
100900021,0,0,0
100900022,0,0,0
100900023,0,0,0
100900024,0,0,0
100900025,0,0,0
100900026,0,0,0
100900027,0,0,0
100900028,0,0,0
100900029,0,0,0
100900030,0,0,0
100900031,0,0,0
100900032,0,0,0
100900033,0,0,0
100900034,0,0,0
100900035,0,0,0
100900036,0,0,0
100900037,0,0,0
100900038,0,0,0
100900039,0,0,0
100900040,0,0,0
100900041,0,0,0
100900042,4,2,2
100900043,0,0,0
100900044,0,0,0
100900045,0,0,0
100900046,0,0,0
100900047,0,0,0
100900048,0,0,0
100900049,0,0,0
100900050,0,0,0
100900051,0,0,0
100900052,0,0,0
100900053,0,0,0
100900054,0,0,0
100900055,0,0,0
100900056,0,0,0
100900057,0,0,0
100900058,0,0,0
100900059,0,0,0
100900060,0,0,0
100900061,0,0,0
100900062,0,0,0
100900063,0,0,0
100900064,0,0,0
100900065,0,0,0
100900066,0,0,0
100900067,0,0,0
100900068,0,0,0
100900069,0,0,0
100900070,0,0,0
100900071,0,0,0
100900072,0,0,0
100900073,0,0,0
100900074,0,0,0
100900075,0,0,0
100900076,0,0,0
100900077,0,0,0
100900078,0,0,0
100900079,0,0,0
100900080,0,0,0
100900081,0,0,0
100900082,0,0,0
100900083,0,0,0
100900085,0,0,0
100900086,0,0,0
100900088,0,0,0
100900089,0,0,0
100900090,0,0,0
100900091,0,0,0
100900092,0,0,0
100900093,0,0,0
100900094,0,0,0
100900095,0,0,0
100900096,0,0,0
100900097,0,0,0
100900098,0,0,0
100900099,0,0,0
100900100,0,0,0
100900101,0,0,0
100900102,0,0,0
100900103,0,0,0
100900104,0,0,0
100900105,0,0,0
100900106,0,0,0
100900107,0,0,0
100900108,0,0,0
100900109,0,0,0
100900110,0,0,0
100900111,0,0,0
100900112,0,0,0
100900113,0,0,0
100900114,0,0,0
100900115,0,0,0
100900116,0,0,0
100900117,0,0,0
100900118,0,0,0
100900119,0,0,0
100900120,0,0,0
100900121,0,0,0
100900122,0,0,0
100900123,0,0,0
100900124,0,0,0
100900125,0,0,0
100900126,0,0,0
100900127,0,0,0
100900128,0,0,0
100900129,0,0,0
100900131,0,0,0
100900133,0,0,0
100900134,0,0,0
100900135,0,0,0
100900137,0,0,0
100900138,0,0,0
100900139,0,0,0
100900140,0,0,0
100900141,0,0,0
100900142,0,0,0
100900143,0,0,0
100900144,0,0,0
100900145,0,0,0
100900146,0,0,0
100900147,0,0,0
100900148,0,0,0
100900149,0,0,0
100900150,0,0,0
100900151,0,0,0
100900152,0,0,0
100900153,0,0,0
100900154,0,0,0
100900155,0,0,0
100900156,0,0,0
100900157,0,0,0
100900159,0,0,0
100900160,0,0,0
100900161,0,0,0
100900162,0,0,0
100900163,0,0,0
100900164,0,0,0
100900165,0,0,0
100900166,0,0,0
100900167,0,0,0
100900168,0,0,0
100900169,0,0,0
100900170,0,0,0
100900171,0,0,0
100900172,0,0,0
100900173,0,0,0
100900174,0,0,0
100900176,0,0,0
100900177,0,0,0
100900178,0,0,0
100900179,0,0,0
100900180,0,0,0
100900181,0,0,0
100900182,0,0,0
100900184,0,0,0
100900186,0,0,0
100900187,0,0,0
100900188,0,0,0
100900189,0,0,0
100900191,0,0,0
100900192,0,0,0
100900195,0,0,0
100900197,0,0,0
100900198,0,0,0
100900199,0,0,0
100900200,0,0,0
100900201,0,0,0
100900202,0,0,0
100900203,0,0,0
100900204,0,0,0
100900205,0,0,0
100900206,0,0,0
100900207,0,0,0
100900210,0,0,0
100900211,0,0,0
100900213,0,0,0
100900214,0,0,0
100900215,0,0,0
100900217,0,0,0
101000001,195,402,-207
101000002,63,108,-45
101000003,5,131,-126
101000004,1364,1713,-349
101000005,952,1624,-672
101000006,299,77,222
101000007,87,344,-257
101000008,267,842,-575
101000009,179,74,105
101000010,48,53,-5
101000011,21,88,-67
101000012,0,0,0
101000013,34,163,-129
101000014,70,124,-54
101000015,20,29,-9
101000016,0,0,0
101000017,0,0,0
101000018,110,8,102
101000020,138,27,111
101000021,31,124,-93
101000022,0,0,0
101000023,54,262,-208
101000025,0,0,0
101000026,0,0,0
101000027,174,309,-135
101000028,0,0,0
101000029,0,0,0
101000030,0,0,0
101000031,1,7,-6
101000032,828,1018,-190
101000033,20,21,-1
101000034,116,109,7
101000035,0,0,0
101000036,18,33,-15
101000037,80,343,-263
101000039,0,0,0
101000040,56,181,-125
101000041,1143,1864,-721
101000042,11,184,-173
101000043,66,159,-93
101000045,51,216,-165
101000046,311,460,-149
101000047,513,346,167
101000048,62,145,-83
101000049,0,7,-7
101000050,85,207,-122
101000051,80,647,-567
101000052,110,634,-524
101000053,156,160,-4
101000054,190,48,142
101000055,450,619,-169
101000056,0,0,0
101000057,101,5,96
101000058,58,387,-329
101000059,359,1480,-1121
101000060,25,2,23
101000061,92,1256,-1164
101000062,28,5,23
101000063,65,724,-659
101000064,53,4,49
101000065,116,281,-165
101000066,125,201,-76
101000067,64,8,56
101000068,34,8,26
101000069,133,3,130
101000070,201,17,184
101000071,63,56,7
101000072,834,547,287
101000073,216,151,65
101000074,1712,499,1213
101000075,1744,432,1312
101000077,373,80,293
101000078,164,60,104
101000079,330,202,128
101000080,6,3,3
101000081,277,82,195
101000082,50,31,19
101000083,471,165,306
101000084,20,23,-3
101000085,400,283,117
101000086,0,0,0
101000087,0,0,0
101000088,458,191,267
101000089,202,190,12
101000090,0,0,0
101000091,19,10,9
101000092,298,56,242
101000093,180,60,120
101000094,25,43,-18
101000095,3,37,-34
101000096,55,25,30
101000097,3,18,-15
101000098,3,15,-12
101000099,78,179,-101
101000100,7,17,-10
101000101,57,54,3
101000102,102,115,-13
101000103,69,79,-10
101000104,19,175,-156
101000105,4,55,-51
101000106,0,0,0
101000107,0,0,0
101000108,0,0,0
101000109,0,0,0
101000110,0,0,0
101000111,0,0,0
101000113,0,0,0
101000114,324,117,207
101000115,0,0,0
101000116,0,0,0
101000117,0,0,0
101000119,1,9,-8
101000120,0,0,0
101000121,0,0,0
101000122,0,0,0
101000123,0,0,0
101000124,0,0,0
101000125,0,0,0
101000128,0,0,0
101000130,51,25,26
101000131,40,32,8
101000132,2,16,-14
101000135,0,0,0
101000136,0,0,0
101000137,0,0,0
101000141,196,1903,-1707
101000147,18,19,-1
101000148,0,0,0
101000149,0,0,0
101000150,0,0,0
101000151,0,0,0
101000152,15,8,7
101000153,37,16,21
101000154,40,8,32
101000155,0,0,0
101000156,0,0,0
101000157,0,0,0
101000160,0,0,0
101000163,22,169,-147
101000164,0,0,0
101000165,183,103,80
101000166,16,32,-16
101000168,0,0,0
101000252,402,129,273
101000254,0,0,0
101000258,0,0,0
101000261,0,0,0
101000262,312,2037,-1725
101000263,86,325,-239
101000265,0,0,0
101000266,0,0,0
101000269,0,0,0
101000290,119,231,-112
101000293,0,0,0
101000294,27,24,3
101000295,4,25,-21
101000301,6,8,-2
101000304,199,539,-340
101000305,286,326,-40
101000328,14,213,-199
101900001,0,0,0
101900002,0,0,0
101900003,0,0,0
101900004,0,0,0
101900005,0,0,0
101900006,0,0,0
101900007,0,0,0
101900008,0,0,0
101900009,0,0,0
101900010,0,0,0
101900011,0,0,0
101900012,0,0,0
101900013,0,0,0
101900017,0,0,0
101900018,0,0,0
101900019,0,0,0
101900020,0,0,0
101900021,0,0,0
101900022,0,0,0
101900023,0,0,0
101900026,0,0,0
101900027,0,0,0
102000001,293,463,-170
102000002,131,85,46
102000003,158,346,-188
102000004,188,394,-206
102000005,58,414,-356
102000006,38,289,-251
102000007,50,495,-445
102000008,545,251,294
102000009,550,677,-127
102000010,295,366,-71
102000011,251,545,-294
102000012,411,531,-120
102000018,94,139,-45
102000019,0,0,0
102000026,0,0,0
102000029,0,0,0
102000030,0,0,0
102000031,0,0,0
102000032,0,0,0
102000033,0,0,0
102000034,0,0,0
102000035,0,0,0
102000036,0,0,0
102000037,0,0,0
102000038,0,0,0
102000039,0,0,0
102000040,0,0,0
102000041,0,0,0
102000042,0,0,0
102000043,0,0,0
102000044,0,0,0
102000045,70,99,-29
102000046,0,0,0
102000047,69,68,1
102000048,0,0,0
102000049,0,0,0
102000050,113,93,20
102000051,0,0,0
102000052,142,73,69
102000053,0,0,0
102000054,58,13,45
102000055,67,3,64
102000056,264,67,197
102000057,29,102,-73
102000058,45,9,36
102000059,23,43,-20
102000060,525,327,198
102000061,7,17,-10
102000062,154,173,-19
102000063,15,2,13
102000064,12,32,-20
102000065,0,0,0
102000066,148,31,117
102000067,74,204,-130
102000068,354,316,38
102000069,0,0,0
102000070,0,0,0
102000071,727,592,135
102000072,555,641,-86
102000073,0,0,0
102000074,0,0,0
102000075,0,0,0
102000076,0,0,0
102000077,6,0,6
102000078,0,0,0
102000079,1,0,1
102000080,0,0,0
102000081,1,3,-2
102000082,0,0,0
102000083,0,0,0
102000084,168,49,119
102000085,1,1,0
102000086,217,64,153
102000087,4,9,-5
102000088,4,33,-29
102000089,153,79,74
102000090,45,231,-186
102000091,265,213,52
102000092,89,177,-88
102000093,169,148,21
102000094,171,74,97
102000095,0,0,0
102000096,1356,166,1190
102000097,0,0,0
102000098,239,159,80
102000099,171,30,141
102000100,64,47,17
102000101,55,28,27
102000102,62,50,12
102000103,35,69,-34
102000104,0,0,0
102000105,0,0,0
102000106,0,0,0
102000107,0,0,0
102000108,0,0,0
102000109,0,0,0
102000110,0,0,0
102000111,0,0,0
102000112,0,0,0
102000113,0,0,0
102000114,0,0,0
102000115,0,0,0
102000116,4,59,-55
102000117,0,0,0
102000118,49,310,-261
102000119,0,0,0
102000120,0,0,0
102000121,0,0,0
102000122,0,0,0
102000123,0,0,0
102000124,0,0,0
102000125,0,0,0
102000126,0,0,0
102000127,0,0,0
102000128,0,0,0
102000129,0,0,0
102000130,0,0,0
102000131,0,0,0
102000132,0,0,0
102000133,286,87,199
102000134,62,103,-41
102000135,0,0,0
102000136,0,0,0
102000137,0,0,0
102000138,0,0,0
102000139,0,0,0
102000140,0,0,0
102000141,0,0,0
102000142,0,0,0
102000143,0,0,0
102000144,0,0,0
102000145,0,0,0
102000146,0,0,0
102000147,0,0,0
102000148,0,0,0
102000149,0,0,0
102000150,0,0,0
102000151,0,0,0
102000152,0,0,0
102000153,0,0,0
102000154,0,0,0
102000155,0,0,0
102000156,0,0,0
102000157,0,0,0
102000158,0,0,0
102000159,0,0,0
102000161,0,0,0
102000162,0,0,0
102000163,0,0,0
102000164,0,0,0
102000165,0,0,0
102000166,0,1,-1
102000167,0,0,0
102000168,12,6,6
102000169,1,6,-5
102000170,0,0,0
102000171,0,0,0
102000172,1,5,-4
102000173,1,8,-7
102000174,0,0,0
102000175,15,2,13
102000176,0,0,0
102000178,12,1,11
102000179,15,17,-2
102000180,58,1,57
102000181,77,13,64
102000182,52,16,36
102000183,171,158,13
102000184,24,8,16
102000185,386,96,290
102000186,31,18,13
102000187,29,14,15
102000188,201,132,69
102000189,119,19,100
102000190,543,468,75
102000191,90,45,45
102000192,0,0,0
102000193,0,0,0
102000194,0,0,0
102000195,0,0,0
102000196,0,0,0
102000197,0,0,0
102000198,0,0,0
102000199,0,0,0
102000200,0,0,0
102000201,0,0,0
102000202,0,0,0
102000203,0,0,0
102000204,0,0,0
102000205,0,0,0
102000206,0,0,0
102000207,0,0,0
102000208,0,0,0
102000209,0,0,0
102000210,0,0,0
102000211,0,0,0
102000212,0,0,0
102000213,0,0,0
102000214,0,0,0
102000215,0,0,0
102000216,0,0,0
102000217,0,0,0
102000218,0,0,0
102000219,0,0,0
102000225,253,190,63
102000226,12,8,4
102000227,0,0,0
102000228,0,0,0
102000229,0,0,0
102000230,67,65,2
102000231,0,0,0
102000232,0,0,0
102000233,58,77,-19
102000234,19,516,-497
102000236,0,0,0
102000237,0,0,0
102000238,0,0,0
102000240,0,0,0
102000241,0,0,0
102000243,1,1,0
102000245,0,0,0
102000246,0,0,0
102000247,0,45,-45
102000248,27,125,-98
102000249,0,0,0
102000250,0,1,-1
102000254,42,44,-2
102000266,0,0,0
102000271,0,0,0
102000286,0,1,-1
102000297,0,0,0
102000299,0,0,0
102000301,0,0,0
102000303,0,0,0
102000305,0,0,0
102000307,0,0,0
102900001,0,0,0
102900002,0,0,0
102900003,0,0,0
102900005,0,0,0
102900006,0,0,0
102900007,0,0,0
102900008,0,0,0
102900009,0,0,0
102900010,0,0,0
102900011,0,0,0
102900012,0,0,0
102900013,0,0,0
102900015,0,0,0
102900016,0,0,0
102900017,0,0,0
102900018,0,0,0
102900019,0,0,0
102900020,0,0,0
102900021,0,0,0
102900022,0,0,0
102900023,0,0,0
102900024,0,0,0
102900025,0,0,0
102900026,0,0,0
102900027,0,0,0
102900028,0,0,0
102900029,0,0,0
102900030,0,0,0
102900031,0,0,0
102900032,0,0,0
102900033,0,0,0
102900034,0,0,0
102900035,0,0,0
102900036,0,0,0
102900037,0,0,0
102900038,0,0,0
102900039,0,0,0
102900040,0,0,0
102900041,0,0,0
102900042,0,0,0
102900043,0,0,0
102900044,0,0,0
102900045,0,0,0
102900046,0,0,0
102900047,0,0,0
102900048,0,0,0
102900049,0,0,0
102900050,0,0,0
102900051,0,0,0
102900052,0,0,0
102900053,0,0,0
102900054,0,0,0
102900055,0,0,0
102900056,0,0,0
102900057,0,0,0
102900058,0,0,0
102900059,0,0,0
102900060,0,0,0
102900061,0,0,0
102900062,0,0,0
102900063,0,0,0
102900064,0,0,0
102900065,0,0,0
102900066,0,0,0
102900068,0,0,0
102900070,0,0,0
102900072,0,0,0
102900073,0,0,0
102900075,0,0,0
102900076,0,0,0
102900077,0,0,0
102900078,0,0,0
102900079,0,0,0
102900080,0,0,0
102900081,0,0,0
102900082,0,0,0
102900083,0,0,0
102900084,0,0,0
102900085,0,0,0
102900086,0,0,0
102900087,0,0,0
102900088,0,0,0
102900089,0,0,0
102900090,0,0,0
102900091,0,0,0
102900092,0,0,0
102900093,0,0,0
102900094,0,0,0
102900095,0,0,0
102900096,0,0,0
102900097,0,0,0
103000001,141,126,15
103000002,56,67,-11
103000003,74,109,-35
103000004,8,42,-34
103000005,465,371,94
103000006,247,148,99
103000007,0,4,-4
103000008,0,0,0
103000009,117,132,-15
103000010,0,0,0
103000011,27,51,-24
103000012,508,456,52
103000013,122,13,109
103000014,465,692,-227
103000015,0,0,0
103000016,47,79,-32
103000017,122,116,6
103000018,0,0,0
103000019,103,139,-36
103000020,8,73,-65
103000021,935,706,229
103000022,51,51,0
103000023,282,639,-357
103000024,0,0,0
103000025,10,116,-106
103000026,0,0,0
103000027,65,73,-8
103000028,9,40,-31
103000029,73,50,23
103000030,82,54,28
103000031,193,310,-117
103000032,248,229,19
103000033,1884,875,1009
103000034,15,49,-34
103000035,67,254,-187
103000036,14,217,-203
103000037,26,18,8
103000038,160,247,-87
103000039,3,32,-29
103000040,53,55,-2
103000041,173,233,-60
103000042,115,17,98
103000043,111,131,-20
103000044,0,0,0
103000046,0,0,0
103000047,0,0,0
103000048,0,0,0
103000049,0,0,0
103000050,0,0,0
103000051,0,0,0
103000052,0,0,0
103000053,0,0,0
103000054,248,45,203
103000055,463,91,372
103000056,43,26,17
103000057,435,151,284
103000058,202,33,169
103000059,40,63,-23
103000060,126,29,97
103000061,126,127,-1
103000062,0,0,0
103000063,135,82,53
103000064,0,0,0
103000065,0,0,0
103000066,0,0,0
103000069,0,0,0
103000070,0,0,0
103000071,96,54,42
103000072,0,0,0
103000073,138,6,132
103000074,113,4,109
103000075,0,0,0
103000076,17,41,-24
103000077,0,0,0
103000078,88,61,27
103000079,1,75,-74
103000080,260,89,171
103000081,5,185,-180
103000082,202,35,167
103000083,0,0,0
103000084,11,8,3
103000085,0,0,0
103000086,192,96,96
103000087,70,228,-158
103000088,0,0,0
103000089,47,132,-85
103000090,527,370,157
103000091,63,180,-117
103000092,252,50,202
103000093,0,0,0
103000094,116,29,87
103000095,0,0,0
103000096,183,25,158
103000097,0,0,0
103000098,193,13,180
103000099,0,0,0
103000100,0,0,0
103000101,218,19,199
103000102,0,0,0
103000103,122,9,113
103000104,0,0,0
103000105,33,0,33
103000106,0,0,0
103000107,86,3,83
103000108,88,25,63
103000109,14,15,-1
103000110,101,71,30
103000111,0,0,0
103000112,17,42,-25
103000113,0,0,0
103000114,298,97,201
103000115,40,40,0
103000116,58,15,43
103000117,79,7,72
103000118,0,0,0
103000119,0,0,0
103000120,0,0,0
103000121,14,18,-4
103000122,314,946,-632
103000125,0,18,-18
103000126,74,0,74
103000127,0,3,-3
103000128,23,0,23
103000129,0,9,-9
103000130,45,0,45
103000131,6,12,-6
103000132,2,2,0
103000133,0,22,-22
103000134,240,176,64
103000135,96,23,73
103000136,362,159,203
103000137,35,182,-147
103000138,90,168,-78
103000139,0,0,0
103000140,11,24,-13
103000141,0,0,0
103000142,7,9,-2
103000143,0,0,0
103000144,43,14,29
103000145,1,1,0
103000150,0,0,0
103000152,0,0,0
103000153,97,68,29
103000156,0,23,-23
103000157,27,1,26
103000159,0,0,0
103000162,1,0,1
103000163,0,37,-37
103000164,0,0,0
103000165,0,0,0
103000166,48,78,-30
103000167,12,3,9
103000168,0,0,0
103000169,34,32,2
103000170,512,393,119
103000171,5,1,4
103000172,158,12,146
103000173,0,0,0
103000174,116,8,108
103000175,0,0,0
103000176,10,24,-14
103000177,0,0,0
103000178,0,0,0
103000179,0,0,0
103000183,79,0,79
103000185,22,0,22
103000186,8,5,3
103000187,0,0,0
103000188,1,0,1
103000189,0,0,0
103000191,0,3,-3
103000292,8,58,-50
103000293,31,151,-120
103000295,60,12,48
103000296,6,0,6
103000297,4,0,4
103000504,0,0,0
103000505,2,1,1
103000506,0,0,0
103000507,0,0,0
103000508,0,0,0
103000509,0,0,0
103900001,0,0,0
103900002,0,0,0
103900003,0,0,0
103900004,0,0,0
103900005,0,0,0
103900006,0,0,0
103900007,0,0,0
103900008,0,0,0
103900009,0,0,0
103900010,0,0,0
103900011,0,0,0
103900012,0,0,0
103900013,0,0,0
103900014,0,0,0
103900015,0,0,0
103900016,0,0,0
103900017,0,0,0
103900018,0,0,0
103900019,0,0,0
103900020,0,0,0
103900021,0,0,0
103900022,0,0,0
103900023,0,0,0
103900024,0,0,0
103900025,0,0,0
103900026,0,0,0
103900027,0,0,0
103900028,0,0,0
103900029,0,0,0
103900030,0,0,0
103900031,0,0,0
103900032,0,0,0
103900033,0,0,0
103900034,0,0,0
103900035,0,0,0
103900036,0,0,0
103900037,0,0,0
103900038,0,0,0
103900039,0,0,0
103900040,0,0,0
103900041,0,0,0
103900042,0,0,0
103900043,0,0,0
103900044,0,0,0
103900045,0,0,0
103900047,0,0,0
103900048,0,0,0
103900049,0,0,0
103900050,0,0,0
103900051,0,0,0
103900052,0,0,0
103900053,0,0,0
103900054,0,0,0
103900055,0,0,0
103900056,0,0,0
103900057,0,0,0
103900058,0,0,0
103900059,0,0,0
103900060,0,0,0
103900061,0,0,0
103900062,0,0,0
103900063,0,0,0
103900064,0,0,0
103900065,0,0,0
103900066,0,0,0
103900067,0,0,0
103900068,0,0,0
103900069,0,0,0
103900070,0,0,0
103900071,0,0,0
103900072,0,0,0
103900073,0,0,0
103900074,0,0,0
103900075,0,0,0
103900076,0,0,0
103900077,0,0,0
103900078,0,0,0
103900079,0,0,0
103900080,0,0,0
103900081,0,0,0
103900082,0,0,0
103900083,0,0,0
103900084,0,0,0
103900085,0,0,0
103900086,0,0,0
103900088,0,0,0
103900089,0,0,0
103900090,0,0,0
103900091,0,0,0
103900092,0,0,0
103900093,0,0,0
103900094,0,0,0
103900095,0,0,0
103900096,0,0,0
103900097,0,0,0
103900098,0,0,0
103900099,0,0,0
103900100,0,0,0
103900101,0,0,0
103900102,0,0,0
103900104,0,0,0
103900105,0,0,0
103900106,0,0,0
103900107,0,0,0
103900108,0,0,0
103900109,0,0,0
103900110,0,0,0
103900111,0,0,0
103900112,0,0,0
103900113,0,0,0
103900114,0,0,0
103900115,0,0,0
103900116,0,0,0
103900117,0,0,0
103900119,0,0,0
103900120,0,0,0
103900122,0,0,0
103900123,0,0,0
103900124,0,0,0
103900125,0,0,0
103900126,0,0,0
103900127,0,0,0
103900128,0,0,0
103900131,0,0,0
103900133,0,0,0
103900134,0,0,0
103900135,0,0,0
103900137,0,0,0
103900138,0,0,0
103900139,0,0,0
103900140,0,0,0
103900141,0,0,0
103900142,0,0,0
103900143,0,0,0
103900144,0,0,0
103900145,0,0,0
103900146,0,0,0
103900147,0,0,0
103900148,0,0,0
103900149,0,0,0
103900150,0,0,0
103900151,0,0,0
103900152,0,0,0
103900153,0,0,0
103900154,0,0,0
103900155,0,0,0
103900156,0,0,0
103900157,0,0,0
103900158,0,0,0
103900159,0,0,0
103900160,0,0,0
103900161,0,0,0
103900162,0,0,0
103900163,0,0,0
103900167,0,0,0
103900168,0,0,0
103900169,0,0,0
103900170,0,0,0
103900171,0,0,0
103900172,0,0,0
103900173,0,0,0
103900174,0,0,0
103900175,0,0,0
103900176,0,0,0
103900177,0,0,0
103900178,0,0,0
103900179,0,0,0
103900180,0,0,0
103900181,0,0,0
103900182,0,0,0
103900184,0,0,0
103900185,0,0,0
103900187,0,0,0
103900188,0,0,0
103900189,0,0,0
103900190,0,0,0
103900191,0,0,0
103900192,0,0,0
103900193,0,0,0
103900194,0,0,0
103900195,0,0,0
103900196,0,0,0
103900197,0,0,0
103900198,0,0,0
103900199,0,0,0
103900200,0,0,0
103900201,0,0,0
103900202,0,0,0
103900203,0,0,0
103900204,0,0,0
103900207,0,0,0
103900208,0,0,0
103900209,0,0,0
103900210,0,0,0
103900211,0,0,0
103900212,0,0,0
103900213,4,118,-114
103900214,59,117,-58
103900215,45,94,-49
103900216,0,0,0
103900217,0,0,0
103900218,0,0,0
103900219,0,0,0
103900233,0,0,0
103900235,0,0,0
103900236,0,0,0
103900242,0,0,0
103900243,0,0,0
103900244,0,0,0
103900245,0,0,0
103900246,0,0,0
103900247,0,0,0
103900248,0,0,0
103900249,0,0,0
103900250,0,0,0
103900251,0,0,0
103900253,0,0,0
103900254,0,0,0
103900255,0,0,0
103900256,0,0,0
103900257,0,0,0
103900258,0,0,0
103900259,0,0,0
103900261,0,0,0
103900262,0,0,0
103900263,0,0,0
103900264,0,0,0
103900265,0,0,0
103900266,0,0,0
103900267,0,0,0
103900268,0,0,0
103900269,0,0,0
103900270,0,0,0
103900271,0,0,0
103900272,0,0,0
103900273,0,0,0
103900274,0,0,0
103900275,0,0,0
103900276,0,0,0
103900277,0,0,0
103900278,0,0,0
103900279,0,0,0
104000001,581,321,260
104000002,27,113,-86
104000003,873,500,373
104000004,850,329,521
104000005,509,526,-17
104000006,1169,331,838
104000007,857,177,680
104000008,123,83,40
104000009,104,54,50
104000010,78,60,18
104000011,0,0,0
104000012,0,0,0
104000013,156,41,115
104000014,0,0,0
104000015,192,26,166
104000016,0,0,0
104000018,153,149,4
104000019,270,204,66
104000020,84,147,-63
104000021,188,83,105
104000022,34,39,-5
104000023,171,29,142
104000024,0,0,0
104000026,0,0,0
104000027,18,43,-25
104000028,233,28,205
104000029,24,49,-25
104000030,156,53,103
104000031,152,48,104
104000032,0,0,0
104000033,203,20,183
104000034,0,0,0
104000035,324,45,279
104000036,278,94,184
104000037,0,0,0
104000038,150,57,93
104000039,109,78,31
104000040,45,100,-55
104000041,68,40,28
104000042,57,34,23
104000043,61,43,18
104000044,106,37,69
104000045,166,57,109
104000046,67,82,-15
104000047,62,365,-303
104000048,255,589,-334
104000049,4,4,0
104000050,3,20,-17
104000051,0,0,0
104000052,209,139,70
104000053,119,59,60
104000054,11,0,11
104000055,342,130,212
104000056,0,0,0
104000057,0,0,0
104000058,426,55,371
104000059,105,171,-66
104000060,247,91,156
104000061,65,47,18
104000062,14,6,8
104000064,0,0,0
104000065,0,0,0
104000069,0,0,0
104000070,0,0,0
104000071,0,0,0
104000072,46,6,40
104000075,0,0,0
104000076,0,0,0
104000082,249,271,-22
104000083,12,12,0
104000084,0,12,-12
104000085,26,2,24
104000086,7,25,-18
104000087,1,7,-6
104000090,0,0,0
104000092,0,0,0
104000094,0,0,0
104000095,94,236,-142
104000096,288,1,287
104000097,573,73,500
104000098,1012,91,921
104000100,975,127,848
104000101,193,230,-37
104000106,1,2,-1
104000107,196,20,176
104000108,63,17,46
104000109,83,1,82
104000110,26,13,13
104000111,229,41,188
104000112,7,22,-15
104000116,0,0,0
104000117,98,15,83
104000118,24,0,24
104000119,18,1,17
104000120,43,16,27
104000121,3,40,-37
104000122,217,28,189
104000123,76,145,-69
104000124,387,663,-276
104000125,58,33,25
104000126,232,88,144
104000127,92,456,-364
104000128,282,36,246
104000129,153,0,153
104000130,1,2,-1
104000131,0,0,0
104000132,0,0,0
104000133,93,21,72
104000134,142,94,48
104000135,94,198,-104
104000136,356,227,129
104000137,385,108,277
104000138,0,0,0
104000139,767,547,220
104000141,186,269,-83
104000142,0,0,0
104000143,0,0,0
104000144,0,0,0
104000145,208,39,169
104000146,0,0,0
104000147,0,0,0
104000148,54,61,-7
104000149,0,0,0
104000150,330,186,144
104000151,0,0,0
104000152,0,0,0
104000153,109,96,13
104000154,0,0,0
104000155,95,90,5
104000157,69,16,53
104000158,30,7,23
104000159,7,8,-1
104000160,219,81,138
104000161,42,27,15
104000162,42,113,-71
104000165,211,379,-168
104000167,185,148,37
104000168,116,0,116
104000169,55,1,54
104000170,0,0,0
104000248,0,0,0
104000251,0,0,0
104000272,0,0,0
104000273,0,0,0
104000274,0,0,0
104000275,0,0,0
104000279,0,0,0
104000290,0,0,0
104000291,157,173,-16
104000293,106,105,1
104000294,0,0,0
104000295,40,74,-34
104000296,182,157,25
104000297,64,143,-79
104000298,427,89,338
104000299,121,147,-26
104900001,0,0,0
104900002,0,0,0
104900003,0,0,0
104900004,0,0,0
104900005,0,0,0
104900006,0,0,0
104900007,0,0,0
104900009,0,0,0
104900010,0,0,0
104900011,0,0,0
104900012,0,0,0
104900013,0,0,0
104900014,0,0,0
104900015,0,0,0
104900016,0,0,0
104900017,0,0,0
104900018,0,0,0
104900019,0,0,0
104900020,0,0,0
104900021,0,0,0
104900022,0,0,0
104900023,0,0,0
104900024,0,0,0
104900025,0,0,0
104900026,0,0,0
104900027,0,0,0
104900028,0,0,0
104900029,0,0,0
104900030,0,0,0
104900031,0,0,0
104900032,0,0,0
104900033,0,0,0
104900034,0,0,0
104900035,0,0,0
104900036,0,0,0
104900037,0,0,0
104900038,0,0,0
104900039,0,0,0
104900040,0,0,0
104900041,0,0,0
104900042,0,0,0
104900043,0,0,0
104900044,0,0,0
104900045,0,0,0
104900046,0,0,0
104900047,0,0,0
104900048,0,0,0
104900049,0,0,0
104900050,0,0,0
104900051,0,0,0
104900052,0,0,0
104900053,0,0,0
104900054,0,0,0
104900055,0,0,0
104900056,0,0,0
104900057,0,0,0
104900058,0,0,0
104900059,0,0,0
104900060,0,0,0
104900061,0,0,0
104900063,0,0,0
104900064,0,0,0
104900065,0,0,0
104900066,0,0,0
104900067,0,0,0
104900068,0,0,0
104900070,0,0,0
104900071,0,0,0
104900072,0,0,0
104900073,0,0,0
104900074,0,0,0
104900075,0,0,0
104900076,0,0,0
104900077,0,0,0
104900078,0,0,0
104900079,0,0,0
104900080,0,0,0
104900082,0,0,0
104900085,0,0,0
104900087,0,0,0
104900089,0,0,0
104900090,0,0,0
104900091,0,0,0
104900093,0,0,0
104900097,0,0,0
104900098,0,0,0
104900099,0,0,0
104900100,0,0,0
104900102,0,0,0
104900103,0,0,0
104900104,0,0,0
104900106,0,0,0
104900107,0,0,0
104900108,0,0,0
104900109,0,0,0
104900110,0,0,0
104900111,0,0,0
104900112,0,0,0
104900113,0,0,0
104900114,0,0,0
104900115,0,0,0
104900116,0,0,0
104900118,0,0,0
104900119,0,0,0
104900120,0,0,0
104900121,0,0,0
104900122,0,0,0
104900123,0,0,0
104900124,0,0,0
104900125,0,0,0
104900126,0,0,0
104900127,0,0,0
104900128,0,0,0
104900129,0,0,0
105000001,963,177,786
105000002,431,316,115
105000003,434,403,31
105000004,28,54,-26
105000005,46,234,-188
105000006,167,361,-194
105000007,84,260,-176
105000008,6,480,-474
105000009,1845,1039,806
105000010,51,148,-97
105000011,711,753,-42
105000012,55,117,-62
105000013,293,646,-353
105000014,2480,1234,1246
105000015,1694,2300,-606
105000016,120,197,-77
105000017,25,38,-13
105000018,76,96,-20
105000019,0,0,0
105000020,0,0,0
105000021,0,0,0
105000022,1,14,-13
105000023,0,0,0
105000028,0,1,-1
105000029,0,11,-11
105000030,266,288,-22
105000033,64,134,-70
105000034,0,0,0
105000037,0,0,0
105000038,265,337,-72
105000039,98,229,-131
105000040,226,280,-54
105000041,46,117,-71
105000042,1132,389,743
105000043,129,114,15
105000044,190,91,99
105000045,11,71,-60
105000046,421,40,381
105000047,21,102,-81
105000048,406,170,236
105000049,4,2,2
105000050,352,160,192
105000051,0,0,0
105000052,45,71,-26
105000053,2,5,-3
105000054,87,32,55
105000055,0,0,0
105000056,376,177,199
105000057,33,1,32
105000058,14,8,6
105000059,448,166,282
105000060,0,1,-1
105000061,467,92,375
105000062,0,0,0
105000063,0,0,0
105000064,349,84,265
105000065,0,0,0
105000066,103,11,92
105000067,441,207,234
105000068,10,45,-35
105000069,40,127,-87
105000070,40,51,-11
105000071,227,129,98
105000072,331,67,264
105000073,246,81,165
105000074,0,0,0
105000075,12,41,-29
105000076,23,32,-9
105000077,65,11,54
105000078,34,85,-51
105000079,4,57,-53
105000080,541,622,-81
105000081,19,1,18
105000082,173,532,-359
105000083,991,590,401
105000084,0,0,0
105000085,680,765,-85
105000086,0,0,0
105000087,0,0,0
105000088,433,435,-2
105000089,45,63,-18
105000090,31,11,20
105000091,0,0,0
105000092,0,0,0
105000093,0,0,0
105000094,39,10,29
105000095,0,0,0
105000096,157,153,4
105000097,0,0,0
105000098,198,58,140
105000099,0,0,0
105000100,0,0,0
105000101,180,55,125
105000102,0,0,0
105000103,215,95,120
105000104,0,0,0
105000105,296,54,242
105000106,21,5,16
105000107,17,2,15
105000108,8,21,-13
105000109,39,5,34
105000110,40,18,22
105000111,4,0,4
105000112,101,26,75
105000113,0,0,0
105000114,43,92,-49
105000115,0,0,0
105000116,147,37,110
105000117,0,0,0
105000118,36,20,16
105000119,0,0,0
105000120,276,43,233
105000121,0,0,0
105000122,14,28,-14
105000123,149,15,134
105000124,178,61,117
105000125,170,53,117
105000126,69,36,33
105000127,211,55,156
105000128,9,16,-7
105000129,22,57,-35
105000130,12,426,-414
105000131,0,0,0
105000132,113,90,23
105000133,0,0,0
105000134,269,28,241
105000135,0,0,0
105000136,0,0,0
105000137,225,32,193
105000138,0,0,0
105000139,0,0,0
105000140,424,62,362
105000141,0,0,0
105000142,183,75,108
105000143,0,0,0
105000144,0,0,0
105000145,216,115,101
105000146,0,0,0
105000147,323,102,221
105000148,251,49,202
105000149,805,149,656
105000150,0,0,0
105000151,0,0,0
105000152,0,0,0
105000153,0,0,0
105000154,0,0,0
105000155,0,0,0
105000156,5,0,5
105000157,18,28,-10
105000158,56,14,42
105000159,12,6,6
105000160,73,65,8
105000161,66,16,50
105000162,13,36,-23
105000163,54,11,43
105000164,6,5,1
105000165,23,57,-34
105000166,41,55,-14
105000167,36,169,-133
105000168,142,123,19
105000169,18,8,10
105000170,0,0,0
105000171,0,0,0
105000172,24,1,23
105000173,5,3,2
105000174,0,0,0
105000175,0,0,0
105000176,7,1,6
105000177,97,39,58
105000178,11,1,10
105000179,41,1,40
105000180,0,0,0
105000181,9,1,8
105000182,0,0,0
105000183,0,0,0
105000184,0,0,0
105000185,58,331,-273
105000186,0,0,0
105000187,135,34,101
105000188,2,31,-29
105000189,0,0,0
105000190,110,87,23
105000191,18,1,17
105000192,111,41,70
105000193,2,16,-14
105000194,64,13,51
105000195,0,16,-16
105000196,39,18,21
105000197,0,1,-1
105000198,0,0,0
105000199,1,44,-43
105000200,60,114,-54
105000201,14,0,14
105000203,0,0,0
105000204,1,9,-8
105000205,0,0,0
105000207,0,0,0
105000208,29,146,-117
105000209,0,0,0
105000212,103,4,99
105000213,72,29,43
105000214,11,13,-2
105000215,122,69,53
105000216,14,0,14
105000217,0,0,0
105000218,202,39,163
105000221,38,3,35
105000222,78,0,78
105000223,34,0,34
105000226,5,1,4
105000227,2,1,1
105000228,0,5,-5
105000229,37,240,-203
105000231,212,60,152
105000233,244,416,-172
105000234,69,330,-261
105000235,224,129,95
105000237,43,3,40
105000243,0,1,-1
105000248,0,0,0
105000262,0,0,0
105000269,0,0,0
105000270,93,0,93
105000271,0,0,0
105000282,11,2,9
105000287,0,0,0
105000288,1,23,-22
105000289,331,391,-60
105000290,5,0,5
105000402,18,106,-88
105000426,0,0,0
105000438,27,180,-153
105000446,497,443,54
105000447,120,40,80
105000454,0,0,0
105000455,0,0,0
105000474,3,0,3
105000477,0,0,0
105000478,437,1253,-816
105000479,0,0,0
105000480,1755,1510,245
105000481,1060,474,586
105000482,109,261,-152
105000483,247,901,-654
105000484,124,368,-244
105000485,232,1251,-1019
105000486,231,381,-150
105000488,51,182,-131
105000489,318,97,221
105000549,1,23,-22
105000550,0,0,0
105000551,27,17,10
105000552,173,103,70
105000555,96,221,-125
105900001,0,0,0
105900002,0,0,0
105900003,0,0,0
105900004,0,0,0
105900005,0,0,0
105900006,0,0,0
105900007,0,0,0
105900008,0,0,0
105900009,0,0,0
105900011,0,0,0
105900012,0,0,0
105900013,0,0,0
105900014,0,0,0
105900015,0,0,0
105900016,0,0,0
105900017,0,0,0
105900018,0,0,0
105900019,0,0,0
105900020,0,0,0
105900021,0,0,0
105900022,0,0,0
105900023,0,0,0
105900024,0,0,0
105900025,0,0,0
105900026,0,0,0
105900027,0,0,0
105900028,0,0,0
105900029,0,0,0
105900030,0,0,0
105900031,0,0,0
105900032,0,0,0
105900033,0,0,0
105900034,0,0,0
105900035,0,0,0
105900036,0,0,0
105900037,0,0,0
105900038,0,0,0
105900039,0,0,0
105900040,0,0,0
105900041,0,0,0
105900042,0,0,0
105900043,0,0,0
105900044,0,0,0
105900045,0,0,0
105900046,0,0,0
105900047,0,0,0
105900048,33,4,29
105900050,0,0,0
105900051,0,0,0
105900052,0,0,0
105900053,0,0,0
105900054,0,0,0
105900056,0,0,0
105900057,0,0,0
105900058,0,0,0
105900059,0,0,0
106000001,864,460,404
106000002,8,187,-179
106000003,1326,744,582
106000004,49,334,-285
106000005,1948,1274,674
106000006,120,327,-207
106000007,698,102,596
106000008,73,125,-52
106000009,520,177,343
106000010,31,104,-73
106000011,765,350,415
106000012,19,55,-36
106000013,1268,497,771
106000014,53,91,-38
106000015,1271,425,846
106000016,105,119,-14
106000017,617,137,480
106000018,100,178,-78
106000019,207,140,67
106000020,2,63,-61
106000021,302,103,199
106000022,22,34,-12
106000023,381,36,345
106000024,88,81,7
106000025,199,88,111
106000026,16,52,-36
106000027,785,453,332
106000028,4,49,-45
106000029,84,56,28
106000030,0,0,0
106000034,0,0,0
106000035,185,278,-93
106000036,0,0,0
106000037,0,0,0
106000038,0,0,0
106000039,0,0,0
106000040,0,0,0
106000041,255,59,196
106000043,87,4,83
106000046,0,0,0
106000047,0,0,0
106000049,227,11,216
106000050,0,0,0
106000051,118,103,15
106000052,0,0,0
106000053,280,27,253
106000054,0,0,0
106000055,138,6,132
106000056,0,0,0
106000057,217,52,165
106000058,0,0,0
106000059,221,108,113
106000060,0,0,0
106000061,18,168,-150
106000062,0,0,0
106000063,503,161,342
106000064,0,0,0
106000065,184,43,141
106000066,4,5,-1
106000067,139,13,126
106000068,1,4,-3
106000069,14,1,13
106000070,13,0,13
106000071,233,22,211
106000072,270,254,16
106000073,382,155,227
106000074,180,161,19
106000075,113,134,-21
106000076,666,102,564
106000077,642,77,565
106000078,283,60,223
106000079,530,61,469
106000080,420,24,396
106000081,482,153,329
106000082,416,26,390
106000083,397,159,238
106000084,471,32,439
106000085,569,208,361
106000086,662,90,572
106000087,245,17,228
106000088,204,35,169
106000089,439,21,418
106000090,466,28,438
106000091,1,0,1
106000092,184,45,139
106000093,159,2,157
106000094,0,0,0
106000095,244,29,215
106000096,318,24,294
106000097,270,46,224
106000098,326,21,305
106000099,7,5,2
106000100,587,12,575
106000101,399,8,391
106000102,1,13,-12
106000103,0,91,-91
106000104,112,29,83
106000105,14,68,-54
106000106,111,28,83
106000107,14,118,-104
106000108,96,8,88
106000109,11,73,-62
106000110,104,9,95
106000111,16,78,-62
106000112,136,8,128
106000113,11,61,-50
106000114,104,7,97
106000115,36,87,-51
106000116,58,47,11
106000117,0,0,0
106000118,374,101,273
106000119,0,0,0
106000120,323,157,166
106000121,9,15,-6
106000122,0,0,0
106000123,43,20,23
106000124,0,0,0
106000125,0,0,0
106000126,18,0,18
106000127,0,0,0
106000128,160,13,147
106000129,0,0,0
106000130,198,34,164
106000131,0,0,0
106000132,214,9,205
106000133,0,0,0
106000134,275,69,206
106000135,0,0,0
106000136,359,85,274
106000137,0,0,0
106000138,216,7,209
106000139,89,39,50
106000140,0,0,0
106000141,0,0,0
106000142,29,13,16
106000143,0,0,0
106000144,110,30,80
106000145,0,0,0
106000146,222,112,110
106000147,58,8,50
106000148,77,121,-44
106000149,211,20,191
106000150,60,74,-14
106000151,216,93,123
106000152,104,144,-40
106000153,0,18,-18
106000154,47,2,45
106000155,20,26,-6
106000156,322,19,303
106000157,156,95,61
106000158,503,100,403
106000159,171,82,89
106000160,223,237,-14
106000161,104,2,102
106000162,213,38,175
106000163,48,14,34
106000164,186,8,178
106000165,71,14,57
106000166,371,34,337
106000167,86,43,43
106000168,176,14,162
106000169,31,30,1
106000170,178,34,144
106000171,17,158,-141
106000172,532,72,460
106000173,102,157,-55
106000174,191,37,154
106000175,80,5,75
106000176,275,85,190
106000177,0,0,0
106000178,427,43,384
106000179,0,0,0
106000180,132,74,58
106000181,56,70,-14
106000182,541,57,484
106000183,582,63,519
106000184,261,53,208
106000185,56,34,22
106000186,68,12,56
106000187,17,9,8
106000188,0,0,0
106000189,0,2,-2
106000190,18,0,18
106000191,118,19,99
106000192,0,0,0
106000193,86,35,51
106000194,0,4,-4
106000195,29,1,28
106000196,0,39,-39
106000197,201,1,200
106000198,0,11,-11
106000199,113,17,96
106000200,9,82,-73
106000201,46,26,20
106000202,48,27,21
106000203,0,0,0
106000204,7,12,-5
106000205,0,0,0
106000206,10,0,10
106000207,0,34,-34
106000208,442,61,381
106000209,664,54,610
106000210,0,36,-36
106000211,9,84,-75
106000212,757,98,659
106000213,0,0,0
106000214,340,50,290
106000215,2,59,-57
106000216,161,12,149
106000217,15,59,-44
106000218,73,32,41
106000219,4,51,-47
106000220,128,16,112
106000221,0,0,0
106000222,53,13,40
106000223,168,30,138
106000224,0,0,0
106000225,11,150,-139
106000226,0,0,0
106000228,0,0,0
106000229,0,0,0
106000231,221,1,220
106000232,0,0,0
106000233,56,7,49
106000234,0,0,0
106000235,36,47,-11
106000236,0,0,0
106000237,0,0,0
106000238,1,0,1
106000239,0,0,0
106000240,0,0,0
106000241,0,59,-59
106000242,59,38,21
106000249,101,14,87
106000250,1,67,-66
106000251,0,0,0
106000252,0,0,0
106000253,0,0,0
106000254,0,0,0
106000255,0,0,0
106000256,0,0,0
106000257,25,21,4
106000258,0,0,0
106000259,0,0,0
106000260,0,0,0
106000261,0,0,0
106000262,0,0,0
106000263,0,0,0
106000264,0,0,0
106000265,0,0,0
106000266,0,0,0
106000267,0,0,0
106000268,0,0,0
106000269,0,0,0
106000270,50,0,50
106000271,0,0,0
106000272,0,0,0
106000273,0,0,0
106000274,0,0,0
106000275,0,0,0
106000276,0,0,0
106000277,0,0,0
106000278,0,0,0
106000279,0,0,0
106000280,0,0,0
106000281,0,0,0
106000282,0,0,0
106000283,0,0,0
106000284,0,0,0
106000285,0,0,0
106000286,0,0,0
106000287,0,0,0
106000288,0,0,0
106000289,0,0,0
106000290,0,0,0
106000291,0,0,0
106000292,0,0,0
106000293,0,0,0
106000294,0,0,0
106000295,0,0,0
106000296,0,0,0
106000297,0,0,0
106000298,0,0,0
106000299,0,0,0
106000300,0,0,0
106000301,0,0,0
106000303,0,0,0
106000304,0,0,0
106000305,0,0,0
106000306,0,0,0
106000307,0,0,0
106000308,0,0,0
106000309,0,0,0
106000310,23,28,-5
106000311,93,16,77
106000312,0,24,-24
106000313,7,3,4
106000318,0,0,0
106000319,376,26,350
106000320,0,0,0
106000321,0,0,0
106000322,0,0,0
106000324,0,0,0
106000325,1362,283,1079
106000326,25,114,-89
106000327,131,6,125
106000328,0,0,0
106000329,0,7,-7
106000330,0,2,-2
106000428,48,201,-153
106000429,0,0,0
106000430,0,0,0
106000431,327,270,57
106000432,5,146,-141
106000433,945,574,371
106000434,1064,395,669
106000435,2,95,-93
106000436,0,0,0
106000437,18,8,10
106000438,11,5,6
106000439,0,0,0
106000440,8,45,-37
106000441,0,0,0
106000442,68,1,67
106000443,46,40,6
106000450,0,0,0
106000451,11,17,-6
106000454,0,0,0
106000455,0,21,-21
106000456,41,0,41
106000457,0,0,0
106000458,159,9,150
106000459,0,0,0
106000460,294,6,288
106000461,0,0,0
106000462,0,0,0
106000463,5,6,-1
106000464,0,0,0
106000465,158,4,154
106000466,0,0,0
106000467,2,52,-50
106000468,63,22,41
106000469,23,0,23
106000470,0,0,0
106000471,0,0,0
106000472,24,3,21
106000473,0,0,0
106000474,19,81,-62
106000475,113,81,32
106000476,10,15,-5
106000477,0,0,0
106000480,0,0,0
106900001,0,0,0
106900002,0,0,0
106900003,0,0,0
106900004,0,0,0
106900006,0,0,0
106900007,0,0,0
106900008,0,0,0
106900009,0,0,0
106900010,0,0,0
106900012,0,0,0
106900013,0,0,0
106900014,0,0,0
106900015,0,0,0
106900016,0,0,0
106900017,0,0,0
106900018,0,0,0
106900019,0,0,0
106900020,0,0,0
106900021,0,0,0
106900022,0,0,0
106900023,0,0,0
106900024,0,0,0
106900025,0,0,0
106900026,0,0,0
106900027,156,0,156
107000001,1509,2202,-693
107000002,228,398,-170
107000003,4467,4319,148
107000004,398,361,37
107000005,4413,3117,1296
107000006,317,259,58
107000007,1820,2207,-387
107000008,516,404,112
107000009,4050,3157,893
107000010,441,380,61
107000011,0,0,0
107000012,0,0,0
107000013,0,0,0
107000014,0,0,0
107000015,0,0,0
107000016,0,0,0
107000017,46,3,43
107000018,0,0,0
107000020,72,405,-333
107000021,34,7,27
107000022,89,423,-334
107000023,218,2,216
107000024,130,240,-110
107000025,67,21,46
107000026,59,52,7
107000027,192,37,155
107000028,54,123,-69
107000029,920,92,828
107000030,60,128,-68
107000031,855,257,598
107000032,102,118,-16
107000033,197,55,142
107000034,0,0,0
107000035,14,51,-37
107000036,0,0,0
107000037,27,118,-91
107000038,4,46,-42
107000039,134,392,-258
107000040,9,15,-6
107000041,511,122,389
107000042,37,40,-3
107000043,340,119,221
107000044,24,6,18
107000045,2,30,-28
107000046,459,90,369
107000047,21,41,-20
107000048,311,77,234
107000049,30,81,-51
107000050,338,79,259
107000051,38,254,-216
107000052,356,80,276
107000053,307,58,249
107000054,15,193,-178
107000055,156,114,42
107000056,37,55,-18
107000057,54,235,-181
107000058,922,989,-67
107000059,0,0,0
107000060,2115,1895,220
107000061,18,21,-3
107000062,1882,1162,720
107000063,1,31,-30
107000064,1318,1105,213
107000065,7,15,-8
107000066,765,609,156
107000067,189,132,57
107000068,149,146,3
107000069,104,339,-235
107000070,187,7,180
107000071,847,3,844
107000072,0,0,0
107000073,270,53,217
107000074,0,0,0
107000075,1414,68,1346
107000076,0,0,0
107000077,1193,52,1141
107000078,0,0,0
107000079,1035,61,974
107000080,0,0,0
107000081,1014,191,823
107000082,0,0,0
107000083,498,448,50
107000084,0,0,0
107000085,902,612,290
107000086,112,254,-142
107000087,581,274,307
107000088,126,154,-28
107000089,299,254,45
107000090,62,90,-28
107000091,317,136,181
107000092,61,85,-24
107000093,265,321,-56
107000094,46,65,-19
107000095,1249,599,650
107000096,0,0,0
107000097,279,108,171
107000098,0,0,0
107000099,327,195,132
107000100,0,0,0
107000101,113,124,-11
107000102,0,4,-4
107000103,196,68,128
107000104,0,0,0
107000105,225,68,157
107000106,0,0,0
107000107,280,103,177
107000108,0,0,0
107000109,206,22,184
107000110,0,0,0
107000111,133,8,125
107000112,0,0,0
107000113,251,31,220
107000114,0,0,0
107000115,418,45,373
107000116,0,0,0
107000117,210,64,146
107000118,0,0,0
107000119,715,246,469
107000120,0,0,0
107000121,456,44,412
107000122,7,126,-119
107000123,494,51,443
107000124,14,69,-55
107000125,657,45,612
107000126,56,113,-57
107000129,0,0,0
107000130,288,136,152
107000131,0,0,0
107000132,308,157,151
107000133,6,0,6
107000134,42,0,42
107000135,0,0,0
107000136,137,0,137
107000137,0,8,-8
107000138,4,0,4
107000139,0,1,-1
107000140,104,0,104
107000141,0,15,-15
107000142,44,1,43
107000143,0,11,-11
107000144,44,3,41
107000145,1,11,-10
107000146,0,0,0
107000147,4,39,-35
107000150,0,0,0
107000151,0,0,0
107000152,9,74,-65
107000153,0,0,0
107000154,0,0,0
107000155,65,0,65
107000156,131,0,131
107000157,0,0,0
107000158,92,1,91
107000159,0,0,0
107000160,105,66,39
107000161,3,3,0
107000162,2,90,-88
107000163,39,0,39
107000164,0,0,0
107000165,0,0,0
107000166,0,0,0
107000167,0,0,0
107000168,524,70,454
107000169,13,6,7
107000170,613,118,495
107000171,8,13,-5
107000172,271,127,144
107000173,8,6,2
107000174,225,255,-30
107000175,45,20,25
107000176,13,0,13
107000177,1,0,1
107000178,1,1,0
107000179,0,0,0
107000180,552,23,529
107000181,0,0,0
107000182,472,37,435
107000183,0,0,0
107000184,392,64,328
107000185,0,0,0
107000186,479,43,436
107000187,74,23,51
107000188,0,0,0
107000189,47,27,20
107000190,0,0,0
107000191,113,115,-2
107000192,0,0,0
107000193,52,32,20
107000194,0,0,0
107000197,198,50,148
107000198,0,0,0
107000199,121,79,42
107000200,12,40,-28
107000201,55,57,-2
107000202,51,55,-4
107000203,76,202,-126
107000204,80,599,-519
107000205,105,48,57
107000206,63,448,-385
107000207,35,68,-33
107000208,20,29,-9
107000209,0,0,0
107000210,0,0,0
107000211,0,0,0
107000212,0,0,0
107000213,0,0,0
107000214,0,0,0
107000215,0,0,0
107000216,0,0,0
107000217,0,0,0
107000219,0,0,0
107000220,0,0,0
107000222,35,36,-1
107000224,23,2,21
107000225,0,0,0
107000226,115,5,110
107000227,0,0,0
107000228,0,0,0
107000229,0,0,0
107000230,27,8,19
107000231,86,86,0
107000232,0,0,0
107000233,0,0,0
107000234,0,0,0
107000235,202,2,200
107000236,0,0,0
107000237,1,0,1
107000238,14,1,13
107000239,0,0,0
107000240,0,0,0
107000241,0,0,0
107000242,0,0,0
107000243,0,0,0
107000244,14,2,12
107000246,0,0,0
107000249,0,0,0
107000251,0,0,0
107000252,0,0,0
107000255,0,0,0
107000257,0,0,0
107000258,0,0,0
107000259,0,0,0
107000260,0,0,0
107000262,0,0,0
107000263,0,0,0
107000266,0,0,0
107000267,0,0,0
107000268,0,0,0
107000269,1,0,1
107000270,0,0,0
107000271,0,0,0
107000272,0,0,0
107000273,0,0,0
107000274,5,0,5
107000275,0,0,0
107000280,48,2,46
107000281,0,1,-1
107000282,0,0,0
107000290,0,0,0
107000291,0,0,0
107000292,0,0,0
107000293,0,0,0
107000294,0,0,0
107000295,0,0,0
107000296,0,7,-7
107000444,61,1,60
107000496,0,0,0
107000497,0,0,0
107000500,0,0,0
107000501,0,0,0
107000502,0,0,0
107000505,0,29,-29
107000506,0,0,0
107000508,0,0,0
107000509,12,69,-57
107000510,0,0,0
107000514,0,0,0
107000515,0,0,0
107000516,122,119,3
107000518,404,45,359
107000519,0,0,0
107000520,0,0,0
107000521,0,0,0
107000522,319,153,166
107900001,0,0,0
107900002,0,0,0
107900003,0,0,0
107900004,0,0,0
107900005,0,0,0
107900006,0,0,0
107900007,0,0,0
107900008,0,0,0
107900009,0,0,0
107900010,0,0,0
107900012,0,0,0
107900013,0,0,0
107900014,0,0,0
107900015,0,0,0
107900016,0,0,0
107900017,0,0,0
107900018,0,0,0
107900019,0,0,0
107900020,0,0,0
107900021,0,0,0
107900023,0,0,0
107900024,0,0,0
107900025,0,0,0
107900026,0,0,0
107900027,0,0,0
107900028,0,0,0
107900030,0,0,0
107900031,0,0,0
107900032,0,0,0
107900033,0,0,0
107900034,0,0,0
107900035,0,0,0
107900036,0,0,0
107900037,0,0,0
107900038,0,0,0
107900039,0,0,0
107900040,0,0,0
107900041,0,0,0
107900043,0,0,0
107900044,0,0,0
107900045,0,0,0
107900046,0,0,0
107900047,0,0,0
107900048,0,0,0
107900049,0,0,0
107900050,0,0,0
107900051,0,0,0
107900052,0,0,0
107900053,0,0,0
107900055,0,0,0
107900056,0,0,0
107900057,0,0,0
107900058,0,0,0
107900060,0,0,0
107900061,0,0,0
107900063,0,0,0
107900064,0,0,0
107900065,0,0,0
107900066,0,0,0
107900067,0,0,0
107900068,0,0,0
107900069,0,0,0
107900070,0,0,0
107900071,0,0,0
107900072,0,0,0
107900073,0,0,0
107900074,0,0,0
107900076,0,0,0
107900077,0,0,0
107900078,0,0,0
107900079,0,0,0
107900080,0,0,0
107900081,0,0,0
107900082,0,0,0
107900083,0,0,0
107900084,0,0,0
107900086,0,0,0
107900087,0,0,0
107900088,0,0,0
107900089,0,0,0
107900090,0,0,0
107900091,0,0,0
107900092,0,0,0
107900093,0,0,0
107900095,0,0,0
107900097,0,0,0
107900098,0,0,0
107900100,0,0,0
107900101,0,0,0
107900102,0,0,0
107900103,0,0,0
107900104,0,0,0
107900105,0,0,0
107900106,0,0,0
107900107,0,0,0
107900108,0,0,0
107900109,0,0,0
107900110,0,0,0
107900111,0,0,0
107900112,0,0,0
107900113,0,0,0
107900114,0,0,0
107900115,0,0,0
107900116,0,0,0
107900117,0,0,0
107900118,0,0,0
107900119,0,0,0
107900120,0,0,0
107900121,0,0,0
107900122,0,0,0
107900123,0,0,0
107900124,0,0,0
107900125,0,0,0
107900126,0,0,0
107900127,0,0,0
107900128,0,0,0
107900129,0,0,0
107900130,0,0,0
107900131,0,0,0
107900132,0,0,0
107900133,0,0,0
107900134,0,0,0
107900135,0,0,0
107900136,0,0,0
107900137,0,0,0
107900138,0,0,0
107900139,0,0,0
107900140,0,0,0
107900141,0,0,0
107900142,0,0,0
107900143,0,0,0
107900144,0,0,0
107900145,0,0,0
107900146,0,0,0
107900147,0,0,0
107900148,0,0,0
107900149,0,0,0
107900150,0,0,0
107900151,0,0,0
107900152,0,0,0
107900153,0,0,0
107900154,0,0,0
107900155,0,0,0
107900156,0,0,0
107900157,0,0,0
107900158,0,0,0
107900159,0,0,0
107900160,0,0,0
107900161,0,0,0
107900162,0,0,0
107900163,0,0,0
107900164,0,0,0
107900165,0,0,0
107900166,0,0,0
107900167,0,0,0
107900168,0,0,0
107900169,0,0,0
107900171,0,0,0
107900172,0,0,0
107900173,0,0,0
107900174,0,0,0
107900175,0,0,0
107900176,0,0,0
107900177,0,0,0
107900178,0,0,0
107900179,0,0,0
107900180,0,0,0
107900181,0,0,0
107900182,0,0,0
107900183,0,0,0
107900184,0,0,0
107900185,0,0,0
107900186,0,0,0
107900187,0,0,0
107900188,0,0,0
107900189,0,0,0
107900190,0,0,0
107900191,0,0,0
107900193,0,0,0
107900194,0,0,0
107900195,0,0,0
107900196,0,0,0
107900197,0,0,0
107900199,0,0,0
107900201,0,0,0
107900203,0,0,0
107900204,0,0,0
107900205,0,0,0
107900206,0,0,0
107900207,0,0,0
107900208,0,0,0
107900209,0,0,0
107900210,0,0,0
107900213,0,0,0
107900214,0,0,0
107900215,0,0,0
107900216,0,0,0
107900217,0,0,0
107900218,0,0,0
107900219,0,0,0
107900220,0,0,0
107900221,0,0,0
107900223,0,0,0
107900224,0,0,0
107900225,0,0,0
107900226,0,0,0
107900227,0,0,0
107900228,0,0,0
107900229,0,0,0
107900230,0,0,0
107900231,0,0,0
107900232,0,0,0
107900233,0,0,0
107900234,0,0,0
107900235,0,0,0
107900236,0,0,0
107900237,0,0,0
107900238,0,0,0
107900239,0,0,0
107900240,0,0,0
107900241,0,0,0
107900242,0,0,0
107900243,0,0,0
107900244,0,0,0
107900245,0,0,0
107900246,0,0,0
107900248,0,0,0
107900249,0,0,0
107900250,0,0,0
107900251,0,0,0
107900252,0,0,0
107900253,0,0,0
107900254,0,0,0
107900255,0,0,0
107900256,0,0,0
107900257,0,0,0
107900258,0,0,0
107900259,0,0,0
107900261,0,0,0
107900262,0,0,0
107900264,0,0,0
107900265,0,0,0
107900267,0,0,0
107900268,0,0,0
107900269,0,0,0
107900270,0,0,0
107900271,0,0,0
107900272,0,0,0
107900273,0,0,0
107900274,0,0,0
107900275,0,0,0
107900276,0,0,0
107900277,0,0,0
107900278,0,0,0
107900279,0,0,0
107900280,0,0,0
107900281,0,0,0
107900282,0,0,0
107900283,0,0,0
107900284,0,0,0
107900285,0,0,0
107900286,0,0,0
107900287,0,0,0
107900290,0,0,0
107900291,0,0,0
107900292,0,0,0
107900293,0,0,0
107900295,0,0,0
107900297,0,0,0
107900298,0,0,0
107900299,0,0,0
107900300,22,18,4
107900301,2,24,-22
107900302,0,0,0
107900303,1,1,0
107900304,0,0,0
107900305,0,0,0
107900306,0,0,0
107900307,0,0,0
107900308,0,0,0
107900309,0,0,0
107900310,0,0,0
107900311,0,0,0
107900312,0,0,0
107900313,0,0,0
107900314,0,0,0
107900315,0,0,0
107900316,0,0,0
107900317,0,0,0
107900318,0,0,0
107900319,0,0,0
107900320,0,0,0
107900321,0,0,0
107900322,0,0,0
107900323,0,0,0
107900324,0,0,0
107900325,0,0,0
107900326,0,0,0
107900327,0,0,0
107900328,0,0,0
107900329,0,0,0
107900330,0,0,0
107900331,0,0,0
107900332,0,0,0
107900333,0,0,0
107900334,0,0,0
107900335,0,0,0
107900336,0,0,0
107900337,0,0,0
107900338,0,0,0
107900339,0,0,0
107900340,0,0,0
107900341,0,0,0
107900342,0,0,0
107900343,0,0,0
107900344,0,0,0
107900345,5,5,0
107900346,0,0,0
107900347,0,0,0
107900348,0,0,0
107900349,0,0,0
107900350,0,0,0
107900351,0,0,0
108000001,2329,1272,1057
108000002,80,262,-182
108000003,1489,848,641
108000004,456,1556,-1100
108000005,4787,1700,3087
108000006,109,684,-575
108000007,4114,1220,2894
108000008,335,354,-19
108000009,2723,1225,1498
108000010,218,290,-72
108000011,4932,1504,3428
108000012,595,684,-89
108000014,140,0,140
108000015,496,4,492
108000016,0,1,-1
108000017,612,16,596
108000018,1467,63,1404
108000019,255,45,210
108000020,504,112,392
108000021,0,0,0
108000022,47,51,-4
108000023,638,116,522
108000024,97,15,82
108000025,37,2,35
108000026,444,35,409
108000027,100,2,98
108000028,458,23,435
108000029,111,6,105
108000030,358,17,341
108000031,26,1,25
108000032,1140,110,1030
108000033,0,0,0
108000034,977,67,910
108000035,0,0,0
108000036,12,29,-17
108000037,513,83,430
108000038,913,64,849
108000039,20,19,1
108000040,1118,172,946
108000041,17,19,-2
108000042,313,6,307
108000043,35,2,33
108000044,569,5,564
108000045,12,0,12
108000046,1058,169,889
108000047,0,0,0
108000048,0,0,0
108000049,285,27,258
108000050,1,4,-3
108000051,142,35,107
108000052,1,6,-5
108000053,213,52,161
108000054,15,56,-41
108000055,467,95,372
108000056,42,33,9
108000057,389,437,-48
108000058,576,770,-194
108000059,0,111,-111
108000060,213,129,84
108000061,0,0,0
108000062,320,102,218
108000063,0,0,0
108000064,127,100,27
108000065,0,0,0
108000066,424,53,371
108000067,839,13,826
108000068,545,73,472
108000069,0,0,0
108000070,1423,75,1348
108000071,0,0,0
108000072,1789,148,1641
108000073,0,0,0
108000074,420,122,298
108000075,0,0,0
108000076,862,224,638
108000077,0,0,0
108000078,1805,574,1231
108000079,0,0,0
108000080,1143,283,860
108000081,0,0,0
108000082,0,0,0
108000083,104,33,71
108000084,0,0,0
108000085,89,55,34
108000086,0,0,0
108000087,13,240,-227
108000088,152,1,151
108000089,0,0,0
108000090,407,31,376
108000091,0,0,0
108000092,439,23,416
108000093,0,0,0
108000094,862,67,795
108000095,0,0,0
108000096,471,303,168
108000097,0,0,0
108000098,1177,70,1107
108000099,98,23,75
108000100,111,58,53
108000101,979,205,774
108000102,389,611,-222
108000106,238,0,238
108000107,0,0,0
108000108,118,0,118
108000109,0,0,0
108000110,9,10,-1
108000111,0,0,0
108000112,0,22,-22
108000113,100,41,59
108000115,68,34,34
108000117,117,15,102
108000118,1,0,1
108000119,82,29,53
108000120,611,182,429
108000121,49,20,29
108000122,576,42,534
108000123,519,63,456
108000124,0,0,0
108000125,514,81,433
108000126,0,0,0
108000127,556,34,522
108000128,0,0,0
108000129,0,0,0
108000130,345,49,296
108000131,318,48,270
108000132,0,0,0
108000133,802,26,776
108000134,0,0,0
108000135,1435,23,1412
108000136,0,0,0
108000137,54,22,32
108000138,14,56,-42
108000139,100,30,70
108000140,0,0,0
108000141,0,0,0
108000142,0,0,0
108000143,0,0,0
108000144,0,0,0
108000145,0,0,0
108000146,0,0,0
108000147,0,0,0
108000148,0,0,0
108000149,0,0,0
108000150,0,0,0
108000151,0,0,0
108000152,0,0,0
108000153,0,0,0
108000154,0,0,0
108000155,0,0,0
108000156,0,0,0
108000157,0,0,0
108000158,0,0,0
108000159,38,17,21
108000160,105,11,94
108000161,270,55,215
108000165,0,0,0
108000172,0,0,0
108000173,0,0,0
108000175,323,2,321
108000178,0,0,0
108000179,105,495,-390
108000181,0,0,0
108000182,0,0,0
108000183,0,0,0
108000184,32,184,-152
108000185,0,0,0
108000186,0,0,0
108000187,0,0,0
108000188,0,0,0
108000189,67,12,55
108000190,0,0,0
108000192,0,0,0
108000193,0,1,-1
108000194,8,0,8
108000195,0,0,0
108000196,39,1,38
108000198,0,0,0
108000199,0,0,0
108000200,0,0,0
108000202,1,167,-166
108000203,0,0,0
108000204,0,0,0
108000205,0,0,0
108000339,171,14,157
108000364,27,9,18
108000365,23,21,2
108000367,0,0,0
108000368,0,0,0
108000369,0,0,0
108000371,0,0,0
108000372,136,0,136
108000373,41,11,30
108000376,0,0,0
108000377,53,87,-34
108000378,5957,2907,3050
108000379,0,0,0
108000381,0,0,0
108000382,60,0,60
108000383,0,0,0
108900001,0,0,0
108900002,0,0,0
108900003,0,0,0
108900004,67,31,36
108900005,0,17,-17
108900006,0,4,-4
108900007,72,28,44
108900008,18,9,9
108900009,3,1,2
108900010,0,0,0
108900011,55,19,36
108900012,33,2,31
108900013,82,33,49
108900014,0,0,0
108900015,0,0,0
108900016,0,0,0
108900017,0,0,0
108900018,0,0,0
108900019,0,0,0
108900020,0,0,0
108900021,0,0,0
108900022,0,0,0
108900023,0,0,0
108900024,0,0,0
108900025,0,0,0
108900026,0,0,0
108900027,0,0,0
108900028,0,0,0
108900029,0,0,0
108900030,0,0,0
108900031,0,0,0
108900032,0,0,0
108900033,0,0,0
108900034,0,0,0
108900035,0,0,0
108900036,0,0,0
108900037,0,0,0
108900038,0,0,0
108900039,0,0,0
108900040,0,0,0
108900041,229,60,169
108900042,0,0,0
108900043,0,0,0
108900044,0,0,0
108900045,0,0,0
108900046,0,0,0
108900047,0,0,0
108900048,0,0,0
108900049,0,0,0
108900050,0,0,0
108900051,0,0,0
108900052,0,0,0
108900053,0,0,0
108900054,0,0,0
108900055,0,0,0
108900056,0,0,0
108900057,0,0,0
108900058,0,0,0
108900059,0,0,0
108900060,1,4,-3
108900061,0,0,0
108900062,0,0,0
108900063,0,0,0
108900064,0,0,0
108900065,0,0,0
108900066,41,0,41
108900067,0,0,0
108900068,0,0,0
108900069,0,0,0
108900070,0,0,0
108900071,0,0,0
108900072,0,0,0
108900073,0,0,0
108900074,0,0,0
108900075,0,0,0
108900076,5,0,5
108900077,0,0,0
108900078,0,0,0
108900079,0,0,0
108900080,0,0,0
108900081,0,0,0
108900082,0,0,0
108900083,0,0,0
108900084,0,0,0
108900085,0,0,0
108900086,0,0,0
108900087,0,0,0
108900088,21,4,17
108900089,0,0,0
108900090,0,0,0
108900091,0,0,0
108900092,58,12,46
108900093,0,0,0
108900094,0,0,0
108900095,0,0,0
108900096,0,0,0
108900097,2,0,2
108900098,0,0,0
108900099,32,0,32
108900100,0,0,0
108900101,0,0,0
108900102,0,0,0
108900103,0,0,0
108900104,0,0,0
108900105,0,0,0
108900106,23,0,23
108900108,0,0,0
108900109,0,0,0
108900110,6,4,2
108900111,26,0,26
108900112,0,0,0
108900113,0,0,0
108900114,0,0,0
108900115,0,0,0
108900116,0,0,0
108900117,0,0,0
108900118,0,0,0
108900119,0,0,0
108900120,0,0,0
108900121,0,0,0
108900122,0,0,0
108900123,0,0,0
108900124,0,0,0
108900125,0,0,0
108900126,0,0,0
108900127,0,0,0
108900128,0,0,0
108900129,0,0,0
108900130,0,0,0
108900131,0,0,0
108900132,0,0,0
108900133,0,0,0
108900134,0,0,0
108900135,0,0,0
108900136,0,0,0
108900137,0,0,0
108900138,0,0,0
108900139,0,0,0
108900140,0,0,0
108900141,0,0,0
108900142,0,0,0
108900143,0,0,0
108900144,0,0,0
108900145,0,0,0
108900146,0,0,0
108900147,0,0,0
108900148,0,0,0
108900149,0,0,0
108900150,0,0,0
108900151,0,0,0
108900152,0,0,0
108900153,0,0,0
108900154,1,0,1
108900155,0,0,0
108900156,0,0,0
108900157,0,0,0
108900158,0,0,0
108900159,0,0,0
108900160,0,0,0
108900161,0,0,0
108900162,0,0,0
108900163,0,0,0
108900164,0,0,0
108900165,0,0,0
108900167,0,0,0
108900168,0,0,0
108900169,0,0,0
108900171,12,99,-87
108900172,0,0,0
108900173,0,0,0
108900174,0,0,0
108900176,0,0,0
108900177,0,0,0
108900178,0,0,0
108900179,5,40,-35
108900180,1,25,-24
108900182,1,7,-6
108900183,0,0,0
108900184,30,0,30
108900185,0,0,0
108900186,0,0,0
108900187,0,0,0
108900188,0,0,0
108900189,1,0,1
108900190,0,0,0
108900191,0,0,0
108900192,0,0,0
108900193,0,0,0
108900194,0,0,0
108900195,0,0,0
108900196,0,0,0
108900198,0,0,0
108900199,0,0,0
108900200,12,0,12
108900201,0,0,0
108900203,0,0,0
108900204,0,0,0
108900205,0,0,0
108900206,0,0,0
108900207,0,0,0
108900208,0,0,0
108900209,0,0,0
108900210,0,0,0
108900211,0,0,0
108900212,0,0,0
108900215,0,0,0
108900216,0,0,0
108900217,0,0,0
108900218,0,0,0
108900219,0,0,0
108900220,0,0,0
108900221,0,0,0
108900222,0,0,0
108900223,0,0,0
108900224,0,0,0
108900225,0,0,0
108900226,0,0,0
108900227,0,0,0
108900230,0,0,0
108900231,0,0,0
108900232,0,0,0
108900233,0,0,0
108900234,0,0,0
108900235,0,0,0
108900236,0,0,0
108900237,0,0,0
108900240,0,0,0
108900241,0,0,0
108900245,0,0,0
108900249,0,0,0
108900250,0,0,0
108900257,0,0,0
108900258,0,0,0
108900259,0,0,0
108900260,0,0,0
108900261,0,0,0
108900262,0,0,0
108900263,0,0,0
108900264,0,0,0
108900265,0,0,0
108900266,0,0,0
108900267,0,0,0
108900268,0,0,0
108900269,0,0,0
108900270,0,0,0
108900271,0,0,0
108900272,0,0,0
108900273,0,0,0
108900274,0,0,0
109000001,943,615,328
109000002,0,340,-340
109000003,1715,316,1399
109000004,3,190,-187
109000005,1519,226,1293
109000006,0,137,-137
109000007,1463,239,1224
109000008,3,102,-99
109000009,1897,402,1495
109000010,24,235,-211
109000011,2447,604,1843
109000012,40,233,-193
109000013,2929,876,2053
109000014,57,293,-236
109000015,3577,590,2987
109000016,102,331,-229
109000017,2146,522,1624
109000018,68,361,-293
109000019,1741,303,1438
109000020,15,176,-161
109000023,10,0,10
109000024,0,0,0
109000025,0,0,0
109000026,41,1,40
109000027,0,0,0
109000028,12,1,11
109000029,0,0,0
109000030,0,0,0
109000031,327,50,277
109000032,0,0,0
109000033,208,78,130
109000034,0,0,0
109000035,0,0,0
109000036,2,3,-1
109000037,0,0,0
109000038,23,18,5
109000039,0,0,0
109000040,0,0,0
109000041,54,66,-12
109000042,14,45,-31
109000044,108,17,91
109000045,0,0,0
109000046,169,48,121
109000047,0,0,0
109000048,340,66,274
109000049,0,0,0
109000050,213,91,122
109000051,0,0,0
109000052,0,0,0
109000053,0,0,0
109000054,0,0,0
109000055,0,0,0
109000056,0,0,0
109000057,0,0,0
109000058,0,0,0
109000059,0,0,0
109000060,7,13,-6
109000061,0,0,0
109000062,13,29,-16
109000063,0,0,0
109000064,1,41,-40
109000065,0,0,0
109000066,40,0,40
109000067,0,0,0
109000068,120,2,118
109000069,283,18,265
109000070,0,0,0
109000071,0,0,0
109000072,0,0,0
109000073,0,0,0
109000074,0,4,-4
109000075,0,0,0
109000076,4,59,-55
109000077,32,7,25
109000078,2,1,1
109000079,43,2,41
109000080,32,2,30
109000081,38,14,24
109000082,59,9,50
109000083,32,2,30
109000088,0,21,-21
109000089,0,0,0
109000090,0,12,-12
109000091,0,0,0
109000092,6,30,-24
109000093,0,0,0
109000094,3,0,3
109000095,0,13,-13
109000096,43,4,39
109000097,0,0,0
109000098,41,12,29
109000099,238,11,227
109000100,3,10,-7
109000101,405,10,395
109000102,8,49,-41
109000103,22,30,-8
109000104,509,13,496
109000105,16,107,-91
109000106,470,10,460
109000107,9,58,-49
109000108,411,24,387
109000109,15,69,-54
109000110,107,112,-5
109000111,74,255,-181
109000112,0,0,0
109000113,16,8,8
109000114,178,102,76
109000115,170,5,165
109000116,0,0,0
109000117,142,7,135
109000118,0,0,0
109000119,371,13,358
109000120,0,0,0
109000121,249,18,231
109000122,0,0,0
109000123,0,0,0
109000124,69,2,67
109000125,634,24,610
109000126,0,0,0
109000127,608,36,572
109000128,0,0,0
109000129,504,92,412
109000130,0,0,0
109000131,134,242,-108
109000132,2,39,-37
109000133,0,0,0
109000134,0,0,0
109000135,0,0,0
109000136,25,16,9
109000137,79,1,78
109000138,20,8,12
109000139,99,36,63
109000140,9,15,-6
109000141,88,5,83
109000142,0,0,0
109000143,0,0,0
109000145,0,0,0
109000146,19,41,-22
109000148,0,0,0
109000149,0,0,0
109000150,6,114,-108
109000155,0,0,0
109000156,238,15,223
109000158,0,0,0
109000159,45,36,9
109000160,0,0,0
109000161,422,52,370
109000162,92,4,88
109000163,484,50,434
109000164,57,17,40
109000165,442,122,320
109000166,59,23,36
109000167,0,7,-7
109000170,0,0,0
109000171,0,0,0
109000172,0,0,0
109000173,0,0,0
109000174,0,0,0
109000175,0,0,0
109000176,26,7,19
109000177,0,0,0
109000178,4,0,4
109000179,0,0,0
109000180,0,0,0
109000181,0,0,0
109000182,0,0,0
109000183,5,4,1
109000184,0,0,0
109000185,3,12,-9
109000188,7,20,-13
109000189,51,2,49
109000190,0,0,0
109000191,423,27,396
109000192,0,0,0
109000193,0,0,0
109000194,0,0,0
109000195,0,0,0
109000196,0,0,0
109000197,0,0,0
109000198,0,0,0
109000199,0,0,0
109000206,0,0,0
109000207,0,0,0
109000208,0,0,0
109000209,0,0,0
109000210,0,0,0
109000211,0,0,0
109000214,73,38,35
109000215,209,43,166
109000216,57,211,-154
109000217,0,0,0
109000218,0,0,0
109000221,0,28,-28
109000222,5,5,0
109000223,1,47,-46
109000224,0,0,0
109000225,0,3,-3
109000226,25,10,15
109000227,52,10,42
109000228,0,0,0
109000231,0,5,-5
109000232,55,2,53
109000236,0,0,0
109000241,42,30,12
109000242,336,64,272
109000293,0,0,0
109000361,0,0,0
109000364,0,0,0
109000396,0,7,-7
109000397,1,0,1
109000399,3,15,-12
109000400,0,0,0
109000403,0,0,0
109000406,91,2,89
109000407,0,0,0
109000408,1,103,-102
109000410,0,0,0
109000411,17,1,16
109900001,0,0,0
109900002,0,0,0
109900003,0,0,0
109900004,0,0,0
109900005,0,0,0
109900006,0,0,0
109900007,0,0,0
109900008,0,0,0
109900009,0,0,0
109900010,0,0,0
109900011,0,0,0
109900012,0,0,0
109900013,0,0,0
109900014,0,0,0
109900015,0,0,0
109900016,0,0,0
109900017,0,0,0
109900018,0,0,0
109900019,0,0,0
109900020,0,0,0
109900021,0,0,0
109900022,2,1,1
109900023,0,0,0
109900024,0,0,0
109900025,0,0,0
109900026,0,0,0
109900027,0,0,0
109900028,0,0,0
109900029,0,0,0
109900030,0,0,0
109900031,0,0,0
109900032,0,0,0
109900033,0,0,0
109900034,0,0,0
109900035,0,0,0
109900036,0,0,0
109900037,0,0,0
109900038,0,0,0
109900039,0,0,0
109900040,0,0,0
109900041,0,0,0
109900042,0,0,0
109900044,0,0,0
109900045,0,0,0
109900046,0,0,0
109900047,0,0,0
109900048,0,0,0
109900049,0,0,0
109900050,0,0,0
109900051,0,0,0
109900052,0,0,0
109900053,0,0,0
109900054,0,0,0
109900055,0,0,0
109900056,0,0,0
109900057,0,0,0
109900058,0,0,0
109900059,0,0,0
109900060,0,0,0
109900061,0,0,0
109900062,0,0,0
109900063,0,0,0
109900064,17,0,17
109900065,0,0,0
109900066,0,0,0
109900067,0,0,0
109900068,0,0,0
109900069,0,0,0
109900070,0,0,0
109900071,0,0,0
109900072,0,0,0
109900073,0,0,0
109900074,0,0,0
109900075,0,0,0
109900076,0,0,0
109900077,0,0,0
109900078,0,0,0
109900080,0,0,0
109900081,0,0,0
109900082,0,0,0
109900083,0,0,0
109900084,0,0,0
109900085,0,0,0
109900086,0,0,0
109900087,0,0,0
109900089,0,0,0
109900090,0,0,0
109900091,0,0,0
109900092,0,0,0
109900093,0,0,0
109900094,0,0,0
109900095,0,0,0
109900096,0,0,0
109900097,0,0,0
109900098,0,0,0
109900099,0,0,0
109900100,0,0,0
109900101,0,0,0
109900102,0,0,0
109900103,0,0,0
109900104,0,0,0
109900105,0,0,0
109900106,0,0,0
109900107,0,0,0
109900108,0,0,0
109900109,0,0,0
109900110,0,0,0
109900111,0,0,0
109900112,0,0,0
109900113,0,0,0
109900114,0,0,0
109900115,0,0,0
109900117,0,0,0
109900118,0,0,0
109900119,0,0,0
109900120,0,0,0
109900121,0,0,0
109900122,0,0,0
109900123,0,0,0
109900124,0,0,0
109900125,0,0,0
109900126,0,0,0
109900128,0,0,0
109900130,0,0,0
109900131,0,0,0
109900132,0,0,0
109900133,0,0,0
109900134,0,0,0
109900135,0,0,0
109900136,0,0,0
109900137,0,0,0
109900140,0,0,0
109900142,0,0,0
109900145,0,0,0
109900146,0,0,0
109900148,0,0,0
109900149,0,0,0
109900150,0,0,0
109900151,0,0,0
109900152,0,0,0
109900153,0,0,0
109900154,0,0,0
109900155,0,0,0
109900157,0,0,0
109900158,0,0,0
109900159,0,0,0
109900160,0,0,0
109900161,0,0,0
109900162,0,0,0
109900163,0,0,0
109900164,0,0,0
109900165,0,0,0
109900166,0,0,0
109900167,0,0,0
109900168,0,0,0
109900169,0,0,0
109900170,0,0,0
109900171,0,0,0
109900172,0,0,0
109900173,0,0,0
109900174,0,0,0
109900175,0,0,0
109900176,0,0,0
109900177,0,0,0
109900178,0,0,0
109900179,0,0,0
109900180,0,0,0
110000001,76,134,-58
110000002,593,341,252
110000003,104,296,-192
110000004,598,187,411
110000005,36,62,-26
110000006,1,65,-64
110000007,2,3,-1
110000008,0,0,0
110000009,0,0,0
110000010,0,0,0
110000011,13,2,11
110000012,0,0,0
110000013,1,19,-18
110000014,19,18,1
110000015,1,5,-4
110000016,57,52,5
110000017,78,37,41
110000018,9,49,-40
110000019,0,0,0
110000020,0,0,0
110000021,52,8,44
110000022,0,0,0
110000023,0,0,0
110000024,0,0,0
110000025,0,0,0
110000026,0,0,0
110000027,9,26,-17
110000028,151,13,138
110000029,0,0,0
110000030,42,12,30
110000031,0,0,0
110000032,109,2,107
110000033,2,2,0
110000034,3,0,3
110000035,29,20,9
110000036,39,0,39
110000037,6,30,-24
110000038,24,1,23
110000039,163,81,82
110000040,0,0,0
110000041,235,132,103
110000042,0,0,0
110000043,148,136,12
110000044,0,0,0
110000045,7,30,-23
110000046,0,0,0
110000047,0,32,-32
110000048,0,0,0
110000049,1,2,-1
110000050,0,0,0
110000051,2,5,-3
110000052,2,15,-13
110000053,2,0,2
110000054,0,0,0
110000055,37,4,33
110000056,174,74,100
110000057,0,0,0
110000058,94,106,-12
110000059,30,115,-85
110000060,795,241,554
110000061,110,181,-71
110000062,665,148,517
110000063,0,0,0
110000064,11,8,3
110000065,0,0,0
110000066,0,0,0
110000067,4,5,-1
110000068,0,2,-2
110000069,0,0,0
110000071,0,0,0
110000073,0,0,0
110000075,0,0,0
110000076,0,0,0
110000077,0,0,0
110000078,3,1,2
110000080,31,11,20
110000081,0,0,0
110000082,0,0,0
110000083,43,123,-80
110000084,411,190,221
110000085,334,435,-101
110000086,462,256,206
110000087,0,28,-28
110000088,1,166,-165
110000089,342,5,337
110000090,0,0,0
110000091,0,0,0
110000092,0,0,0
110000093,108,7,101
110000094,5,4,1
110000095,536,85,451
110000096,81,42,39
110000097,692,91,601
110000098,462,66,396
110000099,78,92,-14
110000100,75,1,74
110000101,0,0,0
110000102,0,0,0
110000104,0,0,0
110000105,20,4,16
110000106,0,0,0
110000107,2,39,-37
110000108,445,3,442
110000109,0,0,0
110000110,1103,157,946
110000111,0,0,0
110000112,0,0,0
110000113,0,0,0
110000114,0,2,-2
110000115,9,23,-14
110000116,1,7,-6
110000117,0,0,0
110000118,171,19,152
110000119,0,0,0
110000120,86,10,76
110000121,0,0,0
110000122,28,10,18
110000123,82,61,21
110000124,0,0,0
110000125,307,20,287
110000126,93,8,85
110000127,393,9,384
110000128,0,0,0
110000129,0,0,0
110000130,36,12,24
110000131,0,0,0
110000132,0,0,0
110000133,0,0,0
110000134,0,0,0
110000135,35,0,35
110000136,0,0,0
110000137,146,9,137
110000138,0,0,0
110000139,130,3,127
110000140,630,31,599
110000143,151,7,144
110000144,1312,436,876
110000145,319,83,236
110000146,807,76,731
110000147,0,0,0
110000148,86,34,52
110000151,9,31,-22
110000152,0,0,0
110000153,0,0,0
110000154,2,9,-7
110000155,126,454,-328
110000156,12,162,-150
110000157,69,377,-308
110000160,0,0,0
110000161,0,0,0
110000166,0,0,0
110000167,359,43,316
110000168,563,63,500
110000169,284,155,129
110000170,77,22,55
110000171,238,20,218
110000172,27,41,-14
110000173,59,25,34
110000174,0,0,0
110000175,68,15,53
110000176,17,44,-27
110000177,25,54,-29
110000178,160,34,126
110000179,70,93,-23
110000180,61,35,26
110000181,133,10,123
110000182,83,11,72
110000183,280,90,190
110000184,123,48,75
110000185,0,0,0
110000186,0,0,0
110000191,146,1,145
110000192,1,0,1
110000193,0,0,0
110000194,0,0,0
110000195,0,0,0
110000196,0,0,0
110000197,0,0,0
110000198,0,0,0
110000199,0,0,0
110000200,12,0,12
110000201,0,0,0
110000202,0,0,0
110000203,0,0,0
110000204,0,0,0
110000205,0,0,0
110000206,0,0,0
110000207,0,0,0
110000208,0,0,0
110000209,0,0,0
110000210,756,178,578
110000211,745,210,535
110000212,99,25,74
110000213,7,0,7
110000214,32,0,32
110000215,0,0,0
110000216,0,0,0
110000217,165,0,165
110000218,0,0,0
110000219,56,0,56
110000220,0,0,0
110000221,28,0,28
110000222,0,0,0
110000223,0,0,0
110000224,0,0,0
110000225,0,0,0
110000226,359,25,334
110000227,0,0,0
110000228,25,2,23
110000229,0,0,0
110000230,305,80,225
110000231,100,80,20
110000232,0,0,0
110000233,78,9,69
110000234,110,25,85
110000235,134,86,48
110000236,0,0,0
110000237,0,0,0
110000238,338,116,222
110000239,0,0,0
110000240,0,0,0
110000242,0,0,0
110000243,0,0,0
110000244,0,0,0
110000245,0,0,0
110000246,13,2,11
110000247,78,96,-18
110000248,72,16,56
110000249,0,0,0
110000250,0,3,-3
110000251,9,33,-24
110000252,62,4,58
110000253,59,31,28
110000254,0,0,0
110000255,0,0,0
110000256,34,29,5
110000257,27,0,27
110000258,0,1,-1
110000259,0,0,0
110000260,0,1,-1
110000263,0,0,0
110000264,3,3,0
110000265,1119,136,983
110000266,387,421,-34
110000267,0,0,0
110000268,14,1,13
110000269,0,0,0
110000270,55,0,55
110000271,157,13,144
110000272,171,313,-142
110000273,143,166,-23
110000274,14,156,-142
110000275,114,30,84
110000276,7,107,-100
110000277,589,106,483
110000278,3,176,-173
110000279,427,113,314
110000280,319,39,280
110000281,0,0,0
110000282,42,0,42
110000283,0,0,0
110000284,0,0,0
110000285,0,0,0
110000286,23,1,22
110000287,0,0,0
110000288,0,0,0
110000289,0,0,0
110000290,0,0,0
110000291,135,15,120
110000292,0,0,0
110000293,202,13,189
110000294,0,0,0
110000295,74,12,62
110000296,0,0,0
110000297,0,0,0
110000298,0,0,0
110000299,0,0,0
110000301,0,0,0
110000302,0,0,0
110000303,0,0,0
110000304,0,0,0
110000305,72,1,71
110000306,0,0,0
110000307,90,0,90
110000308,171,2,169
110000309,0,0,0
110000310,68,3,65
110000311,0,0,0
110000312,21,1,20
110000313,0,0,0
110000314,0,0,0
110000315,50,227,-177
110000316,3,164,-161
110000317,0,0,0
110000318,0,0,0
110000319,0,0,0
110000320,0,0,0
110000321,0,0,0
110000322,6,21,-15
110000323,0,0,0
110000324,0,0,0
110000325,591,405,186
110000327,154,7,147
110000328,0,0,0
110000333,62,175,-113
110000334,0,10,-10
110000335,33,19,14
110000336,1,9,-8
110000337,706,164,542
110000338,44,21,23
110000339,41,37,4
110000340,0,7,-7
110000341,58,1,57
110000342,13,0,13
110000343,0,0,0
110000344,0,0,0
110000345,2,3,-1
110000346,263,245,18
110000347,673,219,454
110000348,0,0,0
110000349,0,0,0
110000350,16,1,15
110000351,434,100,334
110000352,0,0,0
110000353,906,83,823
110000354,2,7,-5
110000355,0,0,0
110000356,233,0,233
110000357,0,0,0
110000361,0,0,0
110000362,1,9,-8
110000363,99,0,99
110000364,111,77,34
110000365,30,0,30
110000366,0,0,0
110000367,0,0,0
110000368,0,0,0
110000369,7,0,7
110000373,0,0,0
110000374,0,0,0
110000375,110,9,101
110000376,0,0,0
110000377,70,175,-105
110000378,0,0,0
110000379,469,127,342
110000380,107,5,102
110000383,0,0,0
110000384,144,0,144
110000385,0,0,0
110000387,94,15,79
110000388,0,0,0
110000389,645,28,617
110000391,235,15,220
110000396,0,0,0
110000397,0,0,0
110000398,0,0,0
110000399,518,1,517
110000587,3,3,0
110000589,0,2,-2
110000640,0,0,0
110000652,0,0,0
110000653,0,0,0
110000654,0,0,0
110000656,0,0,0
110000674,0,0,0
110000675,0,0,0
110000676,0,0,0
110000679,0,0,0
110000682,8,40,-32
110000683,43,47,-4
110000684,0,0,0
110000685,13,5,8
110000686,0,0,0
110000687,7,0,7
110000688,30,1,29
110000689,0,0,0
110000692,5,1,4
110000693,0,0,0
110000694,0,0,0
110000695,0,0,0
110000696,54,8,46
110900001,0,0,0
110900002,0,0,0
110900003,0,0,0
110900004,0,0,0
110900005,0,0,0
110900006,0,0,0
110900007,0,0,0
110900008,0,0,0
110900009,0,0,0
110900010,0,0,0
110900011,0,0,0
110900012,0,0,0
110900013,0,0,0
110900014,0,0,0
110900015,0,0,0
110900016,0,0,0
110900017,0,0,0
110900018,0,0,0
110900019,0,0,0
110900020,0,0,0
110900021,0,0,0
110900022,0,0,0
110900023,0,0,0
110900024,0,0,0
110900025,0,0,0
110900027,0,0,0
110900028,0,0,0
110900029,0,0,0
110900030,0,0,0
110900031,0,0,0
110900032,0,0,0
110900033,0,0,0
110900035,0,0,0
110900036,0,0,0
110900037,0,0,0
110900038,0,0,0
110900039,0,0,0
110900040,0,0,0
110900041,0,0,0
110900042,0,0,0
110900043,0,0,0
110900044,0,0,0
110900045,0,0,0
110900046,0,0,0
110900047,0,0,0
110900049,0,0,0
110900050,0,0,0
110900051,0,0,0
110900052,0,0,0
110900053,0,0,0
110900054,0,0,0
110900055,0,0,0
110900056,0,0,0
110900057,0,0,0
110900058,0,0,0
110900059,0,0,0
110900060,0,0,0
110900061,0,0,0
110900062,0,0,0
110900063,0,0,0
110900064,0,0,0
110900065,0,0,0
110900066,0,0,0
110900067,0,0,0
110900068,0,0,0
110900069,0,0,0
110900070,0,0,0
110900071,0,0,0
110900073,0,0,0
110900074,0,0,0
110900075,0,0,0
110900077,0,0,0
110900078,0,0,0
110900079,0,0,0
110900080,0,0,0
110900081,0,0,0
110900082,0,0,0
110900083,0,0,0
110900084,0,0,0
110900085,0,0,0
110900086,0,0,0
110900087,0,0,0
110900088,0,0,0
110900090,0,0,0
110900091,0,0,0
110900093,0,0,0
110900095,0,0,0
110900097,0,0,0
110900098,0,0,0
110900099,0,0,0
110900100,0,0,0
110900102,0,0,0
110900105,0,0,0
110900108,0,0,0
110900111,0,0,0
110900112,0,0,0
110900113,0,0,0
110900115,0,0,0
110900116,0,0,0
110900118,0,0,0
110900119,0,0,0
110900120,0,0,0
110900121,0,0,0
110900122,0,0,0
110900125,0,0,0
110900127,0,0,0
110900128,0,0,0
110900129,0,0,0
110900130,0,0,0
110900131,0,0,0
110900132,0,0,0
110900133,0,0,0
110900135,0,0,0
110900136,0,0,0
110900137,0,0,0
110900138,0,0,0
110900139,0,0,0
110900140,0,0,0
110900141,0,0,0
110900142,0,0,0
110900143,0,0,0
110900144,0,0,0
110900145,0,0,0
110900146,0,0,0
110900147,0,0,0
110900148,0,0,0
110900149,0,0,0
110900150,0,0,0
110900151,0,0,0
110900152,0,0,0
110900153,0,0,0
111000001,79,36,43
111000002,0,0,0
111000003,540,89,451
111000004,0,0,0
111000005,474,58,416
111000006,0,0,0
111000007,794,107,687
111000008,0,0,0
111000009,12,159,-147
111000010,683,176,507
111000011,11,36,-25
111000012,292,69,223
111000013,6,119,-113
111000014,667,107,560
111000017,0,0,0
111000018,0,0,0
111000020,0,0,0
111000021,32,1,31
111000023,52,2,50
111000025,113,232,-119
111000029,0,0,0
111000030,0,0,0
111000031,590,159,431
111000032,64,23,41
111000033,38,8,30
111000034,4,21,-17
111000037,0,0,0
111000038,10,19,-9
111000039,13,4,9
111000040,1,12,-11
111000041,0,0,0
111000042,0,0,0
111000043,953,173,780
111000044,813,139,674
111000045,989,411,578
111000046,503,195,308
111000047,573,190,383
111000049,71,35,36
111000050,0,0,0
111000051,0,0,0
111000052,0,0,0
111000053,0,0,0
111000054,0,0,0
111000055,8,0,8
111000056,0,0,0
111000057,0,0,0
111000058,118,13,105
111000059,352,91,261
111000060,1827,106,1721
111000061,161,31,130
111000062,335,24,311
111000063,699,90,609
111000064,638,52,586
111000065,662,54,608
111000066,201,13,188
111000067,0,0,0
111000068,0,0,0
111000069,0,0,0
111000070,0,0,0
111000071,0,0,0
111000072,1004,122,882
111000073,468,197,271
111000074,1156,213,943
111000075,190,33,157
111000076,317,49,268
111000077,804,176,628
111000078,197,30,167
111000079,331,41,290
111000080,197,50,147
111000081,161,85,76
111000082,174,42,132
111000084,70,182,-112
111000085,63,32,31
111000086,88,15,73
111000087,141,29,112
111000088,156,48,108
111000089,119,35,84
111000090,47,50,-3
111000091,0,0,0
111000092,0,0,0
111000093,0,0,0
111000094,80,0,80
111000095,5,15,-10
111000096,67,40,27
111000097,0,0,0
111000098,0,0,0
111000099,0,0,0
111000100,0,0,0
111000101,0,0,0
111000102,0,0,0
111000104,152,49,103
111000107,0,0,0
111000109,65,39,26
111000110,235,91,144
111000111,1310,31,1279
111000112,1048,20,1028
111000113,507,173,334
111000114,391,186,205
111000115,1624,186,1438
111000116,368,75,293
111000117,95,26,69
111000118,260,48,212
111000119,311,78,233
111000120,287,59,228
111000121,153,67,86
111000122,0,10,-10
111000123,3,3,0
111000124,0,0,0
111000125,0,0,0
111000126,0,0,0
111000127,367,2,365
111000128,950,9,941
111000129,1284,22,1262
111000130,1285,52,1233
111000131,915,44,871
111000132,441,82,359
111000133,6,13,-7
111000134,45,14,31
111000135,0,0,0
111000136,321,25,296
111000138,22,0,22
111000140,0,0,0
111000141,0,2,-2
111000142,0,0,0
111000143,0,0,0
111000144,0,0,0
111000145,3,0,3
111000146,14,0,14
111000147,40,3,37
111000148,65,8,57
111000149,0,0,0
111000150,25,0,25
111000151,0,0,0
111000153,152,2,150
111000154,38,4,34
111000155,68,3,65
111000156,198,25,173
111000157,97,136,-39
111000158,275,175,100
111000159,321,99,222
111000160,95,50,45
111000161,2,89,-87
111000162,0,0,0
111000163,0,0,0
111000164,0,0,0
111000165,196,21,175
111000166,0,0,0
111000167,0,0,0
111000168,11,26,-15
111000169,36,29,7
111000170,45,5,40
111000171,49,11,38
111000172,2,6,-4
111000173,27,8,19
111000174,7,5,2
111000175,0,1,-1
111000176,0,0,0
111000177,0,0,0
111000178,0,0,0
111000179,0,0,0
111000180,0,0,0
111000181,136,1,135
111000182,69,0,69
111000183,38,5,33
111000184,147,30,117
111000185,10,16,-6
111000186,13,1,12
111000187,3,1,2
111000188,14,8,6
111000189,0,0,0
111000190,0,0,0
111000191,0,0,0
111000192,0,0,0
111000193,0,0,0
111000194,0,0,0
111000195,0,0,0
111000196,0,0,0
111000197,141,12,129
111000198,163,1,162
111000199,85,4,81
111000200,371,27,344
111000201,147,9,138
111000202,97,10,87
111000203,148,22,126
111000204,27,266,-239
111000213,74,44,30
111000214,142,37,105
111000215,227,74,153
111000217,370,28,342
111000218,108,160,-52
111000219,0,0,0
111000220,144,40,104
111000221,24,23,1
111000224,0,0,0
111000225,42,19,23
111000226,0,2,-2
111000227,6,1,5
111000228,0,0,0
111000229,0,0,0
111000230,7,9,-2
111000231,208,7,201
111000232,0,0,0
111000233,0,0,0
111000234,0,0,0
111000239,0,0,0
111000240,40,21,19
111000241,0,0,0
111000242,49,3,46
111000243,0,0,0
111000244,82,6,76
111000245,238,28,210
111000246,152,35,117
111000247,0,0,0
111000248,111,50,61
111000249,0,0,0
111000250,0,0,0
111000251,0,0,0
111000253,0,0,0
111000255,0,0,0
111000257,0,0,0
111000260,0,0,0
111000261,142,10,132
111000271,0,0,0
111000273,121,26,95
111000274,280,227,53
111000275,64,3,61
111000276,0,0,0
111000277,0,0,0
111000278,159,5,154
111000291,221,421,-200
111000298,0,1,-1
111000299,134,0,134
111000300,0,0,0
111000302,0,0,0
111000303,0,0,0
111000312,0,0,0
111000315,0,0,0
111000320,4,20,-16
111000321,5,14,-9
111000322,95,12,83
111000323,7,3,4
111000324,8,4,4
111000325,0,0,0
111000326,10,0,10
111000327,61,25,36
111000328,12,48,-36
111000329,0,0,0
111000330,6,1,5
111000331,28,1,27
111000332,138,92,46
111000334,27,29,-2
111000335,23,0,23
111000337,147,2,145
111000338,2,2,0
111000339,5,0,5
111000340,37,2,35
111000341,200,13,187
111000342,0,0,0
111000344,252,36,216
111000345,6,17,-11
111000346,0,0,0
111000347,0,0,0
111000350,14,13,1
111000351,0,0,0
111000352,47,13,34
111000353,0,0,0
111000354,32,3,29
111000355,0,0,0
111000358,52,11,41
111000360,41,18,23
111000361,55,6,49
111000546,5,0,5
111000547,172,10,162
111000548,1,0,1
111000549,144,9,135
111000550,1,1,0
111000551,74,0,74
111000552,8,12,-4
111000907,291,3,288
111000908,6,0,6
111000916,117,4,113
111000917,0,0,0
111000918,22,16,6
111000920,67,1,66
111000921,0,0,0
111000922,1,0,1
111000924,0,0,0
111000925,2106,237,1869
111000926,199,138,61
111000927,2122,523,1599
111000928,352,459,-107
111000929,1484,263,1221
111000930,50,167,-117
111000931,1615,366,1249
111000932,188,183,5
111000933,1951,589,1362
111000934,11,140,-129
111000935,1006,182,824
111000936,6,88,-82
111000937,601,258,343
111000938,9,139,-130
111000939,190,4,186
111000940,0,0,0
111000941,32,16,16
111000943,0,0,0
111000944,34,4,30
111000945,39,6,33
111001109,180,10,170
111001110,0,0,0
111001111,2,0,2
111001112,220,0,220
111001113,1,159,-158
111001114,8,0,8
111001115,0,0,0
111001116,648,77,571
111001117,0,0,0
111001120,32,18,14
111001121,0,0,0
111001122,0,0,0
111001123,10,13,-3
111001124,0,0,0
111001125,0,106,-106
111900001,0,0,0
111900002,0,0,0
111900003,0,0,0
111900004,0,0,0
111900006,0,0,0
111900007,0,0,0
111900008,0,0,0
111900009,0,0,0
111900010,0,0,0
111900012,1,0,1
111900013,0,0,0
111900014,12,3,9
111900015,0,0,0
111900016,0,0,0
111900017,0,0,0
111900018,0,0,0
111900019,0,0,0
111900020,0,0,0
111900021,0,0,0
111900022,0,0,0
111900023,0,0,0
111900024,0,0,0
111900025,0,0,0
111900026,0,0,0
111900027,0,0,0
111900028,0,0,0
111900029,0,0,0
111900030,0,0,0
111900031,0,0,0
111900032,0,0,0
111900033,0,0,0
111900034,0,0,0
111900035,0,0,0
111900036,0,0,0
111900038,0,0,0
111900039,0,0,0
111900040,0,0,0
111900042,0,0,0
111900043,0,0,0
111900044,0,0,0
111900046,0,0,0
111900048,0,0,0
111900049,0,0,0
111900050,0,0,0
111900051,0,0,0
111900052,0,0,0
111900053,0,0,0
111900054,0,0,0
111900055,0,0,0
111900056,0,0,0
111900057,25,0,25
111900058,0,0,0
111900059,24,26,-2
111900060,0,0,0
111900061,0,0,0
111900062,0,0,0
111900063,0,0,0
111900064,0,0,0
111900065,0,0,0
111900066,0,0,0
111900067,0,0,0
111900068,0,0,0
111900069,0,0,0
111900070,0,0,0
111900071,0,0,0
111900072,0,0,0
111900073,0,0,0
111900074,0,0,0
111900075,0,0,0
111900076,0,0,0
111900077,0,0,0
111900078,0,0,0
111900079,0,0,0
111900080,0,0,0
111900082,0,0,0
111900083,0,0,0
111900084,0,0,0
111900085,0,0,0
111900086,0,0,0
111900087,0,0,0
111900088,0,0,0
111900089,0,0,0
111900090,0,0,0
111900091,0,0,0
111900092,0,0,0
111900093,0,0,0
111900094,0,0,0
111900095,0,0,0
111900096,0,0,0
111900097,0,0,0
111900098,0,0,0
111900099,0,0,0
111900100,0,0,0
111900101,0,0,0
111900102,0,0,0
111900103,0,0,0
111900104,0,0,0
111900105,0,0,0
111900106,0,0,0
111900110,0,0,0
111900111,5,0,5
111900112,0,0,0
111900113,0,0,0
111900118,0,0,0
111900119,0,0,0
111900122,0,0,0
111900123,0,0,0
111900124,0,0,0
111900125,0,0,0
111900126,0,0,0
111900127,0,0,0
111900128,0,0,0
111900129,0,0,0
111900130,0,0,0
111900131,0,0,0
111900132,0,0,0
111900133,0,0,0
111900134,0,0,0
111900135,0,0,0
111900136,0,0,0
111900137,0,0,0
111900138,0,0,0
111900139,0,0,0
111900140,0,0,0
111900141,0,0,0
111900142,0,0,0
111900143,0,0,0
111900144,0,0,0
111900145,0,0,0
111900146,0,0,0
111900147,0,0,0
111900148,0,0,0
111900149,0,0,0
111900150,0,0,0
111900151,0,0,0
111900152,0,0,0
111900153,0,0,0
111900154,0,0,0
111900155,0,0,0
111900156,0,0,0
111900157,0,0,0
111900158,0,0,0
111900159,0,0,0
111900160,0,0,0
111900161,0,0,0
111900162,0,0,0
111900163,0,0,0
111900164,0,0,0
111901113,0,0,0
111901114,0,0,0
111901115,0,0,0
111901116,0,0,0
111901117,0,0,0
111901118,0,0,0
111901119,0,0,0
111901121,0,0,0
111901122,0,0,0
111901123,0,0,0
111901124,0,0,0
111901125,22,46,-24
111901127,0,0,0
111901128,0,0,0
111901129,0,0,0
111901130,0,0,0
111901131,0,0,0
111901132,0,0,0
111901133,0,0,0
111901134,0,0,0
111901135,0,0,0
111901136,0,0,0
111901137,0,0,0
111901138,0,0,0
111901139,0,0,0
111901140,0,0,0
111901141,0,0,0
111901142,0,0,0
111901143,0,0,0
111901144,0,0,0
111901145,0,0,0
111901146,0,0,0
112000001,1299,447,852
112000002,0,0,0
112000003,627,131,496
112000004,0,0,0
112000005,3091,1315,1776
112000006,0,0,0
112000007,1058,962,96
112000008,1912,1863,49
112000009,689,49,640
112000010,411,759,-348
112000011,101,29,72
112000012,791,1536,-745
112000013,83,65,18
112000014,230,657,-427
112000015,0,0,0
112000016,118,299,-181
112000017,0,0,0
112000024,0,0,0
112000026,0,0,0
112000027,569,482,87
112000028,0,0,0
112000029,0,0,0
112000030,0,0,0
112000031,0,50,-50
112000032,0,0,0
112000033,0,22,-22
112000034,0,0,0
112000035,0,0,0
112000036,0,0,0
112000037,0,0,0
112000038,0,0,0
112000039,22,10,12
112000040,0,0,0
112000041,0,0,0
112000042,0,0,0
112000050,741,473,268
112000051,617,943,-326
112000054,34,176,-142
112000057,0,0,0
112000058,0,0,0
112000059,0,0,0
112000061,0,0,0
112000062,26,67,-41
112000063,0,0,0
112000064,0,0,0
112000065,0,0,0
112000066,123,369,-246
112000067,0,0,0
112000068,83,215,-132
112000069,0,0,0
112000070,60,59,1
112000071,0,0,0
112000072,258,47,211
112000073,0,0,0
112000074,116,29,87
112000075,359,140,219
112000076,114,63,51
112000077,74,13,61
112000078,247,41,206
112000079,83,24,59
112000080,52,30,22
112000081,44,132,-88
112000082,145,104,41
112000083,132,54,78
112000084,218,100,118
112000085,312,46,266
112000086,397,45,352
112000087,106,14,92
112000088,91,53,38
112000089,1,12,-11
112000090,2,5,-3
112000091,42,31,11
112000092,1017,97,920
112000093,122,30,92
112000094,424,135,289
112000095,154,19,135
112000096,507,47,460
112000097,575,503,72
112000098,0,0,0
112000099,59,1029,-970
112000100,706,142,564
112000101,0,0,0
112000102,374,65,309
112000103,0,0,0
112000105,0,0,0
112000106,458,57,401
112000107,0,7,-7
112000108,0,0,0
112000109,8,1,7
112000110,268,19,249
112000111,5,41,-36
112000112,322,17,305
112000113,5,26,-21
112000114,357,27,330
112000115,0,0,0
112000116,0,0,0
112000117,0,0,0
112000118,0,0,0
112000119,0,0,0
112000120,0,0,0
112000121,0,0,0
112000122,63,20,43
112000123,168,18,150
112000124,47,13,34
112000125,64,15,49
112000126,0,0,0
112000127,47,163,-116
112000128,0,0,0
112000129,111,3,108
112000130,0,0,0
112000131,0,0,0
112000132,0,0,0
112000133,49,0,49
112000134,113,7,106
112000135,214,51,163
112000136,2,1,1
112000137,309,87,222
112000138,3,1,2
112000139,13,32,-19
112000140,0,0,0
112000141,34,9,25
112000142,0,0,0
112000143,165,21,144
112000144,0,0,0
112000145,393,22,371
112000146,0,0,0
112000147,180,17,163
112000148,0,0,0
112000149,9,4,5
112000150,0,0,0
112000151,11,1,10
112000152,0,0,0
112000153,4,0,4
112000154,43,0,43
112000155,0,0,0
112000157,19,228,-209
112000158,59,5,54
112000159,0,0,0
112000167,0,0,0
112000169,0,0,0
112000173,0,0,0
112000175,24,1,23
112000176,0,0,0
112000177,0,0,0
112000178,0,0,0
112000179,0,0,0
112000180,0,0,0
112000181,76,28,48
112000182,254,12,242
112000183,36,1,35
112000184,31,1,30
112000185,0,0,0
112000187,0,0,0
112000195,0,0,0
112000196,0,0,0
112000197,0,0,0
112000198,0,0,0
112000199,0,0,0
112000202,411,0,411
112000216,0,0,0
112000230,0,0,0
112000231,0,0,0
112000256,28,41,-13
112000313,0,0,0
112000314,0,0,0
112000337,0,0,0
112000352,0,0,0
112000392,137,176,-39
112000398,286,91,195
112000399,208,1851,-1643
112000400,6,61,-55
112000401,56,57,-1
112000402,580,1637,-1057
112000403,105,1044,-939
112000404,164,334,-170
112000405,1068,768,300
112000406,23,77,-54
112000407,2763,529,2234
112000408,86,125,-39
112000409,2,138,-136
112000410,0,0,0
112000411,0,0,0
112000412,0,0,0
112000413,0,0,0
112000414,0,0,0
112000415,0,0,0
112000416,884,177,707
112000417,26,21,5
112000421,0,0,0
112000422,33,2,31
112000424,0,0,0
112000425,0,0,0
112000426,0,0,0
112000427,0,0,0
112000428,0,0,0
112000429,444,507,-63
112000430,378,789,-411
112000431,40,11,29
112000432,0,0,0
112000433,24,90,-66
112000437,1,19,-18
112900001,0,0,0
112900002,0,0,0
112900003,0,0,0
112900004,0,0,0
112900005,0,0,0
112900006,0,0,0
112900007,0,0,0
112900008,0,0,0
112900009,0,0,0
112900010,0,0,0
112900011,0,0,0
112900012,0,0,0
112900013,0,0,0
112900014,0,0,0
112900015,0,0,0
112900016,0,0,0
112900017,0,0,0
112900018,0,0,0
112900019,0,0,0
112900020,0,0,0
112900021,0,0,0
112900022,0,0,0
112900023,0,0,0
112900024,0,0,0
112900025,0,0,0
112900026,0,0,0
112900027,0,0,0
112900028,0,0,0
112900029,0,0,0
112900030,0,0,0
112900031,0,0,0
112900032,0,0,0
112900034,0,0,0
112900035,0,0,0
112900036,0,0,0
112900037,0,0,0
112900038,0,0,0
112900039,0,0,0
112900040,0,0,0
112900041,0,0,0
112900042,0,0,0
112900043,0,0,0
112900044,0,0,0
112900045,0,0,0
112900046,0,0,0
112900047,0,0,0
112900049,0,0,0
112900050,0,0,0
112900051,0,0,0
112900052,0,0,0
112900053,0,0,0
112900054,0,0,0
112900055,0,0,0
112900056,0,0,0
112900057,0,0,0
112900058,0,0,0
112900059,0,0,0
112900060,0,0,0
112900061,0,0,0
112900062,0,0,0
112900063,0,0,0
112900064,0,0,0
112900065,0,0,0
112900066,0,0,0
112900067,0,0,0
112900068,0,0,0
112900069,0,0,0
112900071,0,0,0
112900072,0,0,0
112900073,0,0,0
112900074,0,0,0
112900075,0,0,0
112900076,0,0,0
112900078,0,0,0
112900079,0,0,0
112900080,0,0,0
112900081,0,0,0
112900082,0,0,0
112900083,0,0,0
112900084,0,0,0
112900086,0,0,0
112900087,0,0,0
112900088,0,0,0
112900089,0,0,0
112900090,0,0,0
112900091,0,0,0
112900092,0,0,0
112900093,0,0,0
112900095,0,0,0
112900096,0,0,0
112900097,0,0,0
112900098,0,0,0
112900099,0,0,0
112900100,0,0,0
112900101,0,0,0
112900102,0,0,0
112900103,0,0,0
112900104,0,0,0
112900105,0,0,0
112900106,0,0,0
112900107,0,0,0
112900108,0,0,0
112900109,0,0,0
112900110,0,0,0
112900111,0,0,0
112900112,0,0,0
112900113,0,0,0
112900114,0,0,0
112900115,0,0,0
112900116,0,0,0
112900117,0,0,0
112900118,0,0,0
112900119,0,0,0
112900120,0,0,0
112900121,0,0,0
112900122,0,0,0
112900123,0,0,0
112900124,0,0,0
112900125,0,0,0
112900126,0,0,0
112900127,0,0,0
112900128,0,0,0
112900129,0,0,0
112900130,0,0,0
112900131,0,0,0
112900132,0,0,0
112900133,0,0,0
112900134,0,0,0
112900135,0,0,0
112900137,0,0,0
112900138,0,0,0
112900139,0,0,0
112900141,0,0,0
112900142,0,0,0
112900143,0,0,0
112900144,0,0,0
112900145,0,0,0
112900146,0,0,0
112900147,0,0,0
112900148,0,0,0
112900149,0,0,0
112900151,0,0,0
112900152,0,0,0
112900153,0,0,0
112900154,0,0,0
112900155,0,0,0
112900156,0,0,0
112900157,0,0,0
112900158,0,0,0
112900159,0,0,0
112900160,0,0,0
112900161,0,0,0
112900162,0,0,0
112900163,0,0,0
112900164,0,0,0
112900165,0,0,0
112900166,0,0,0
112900167,0,0,0
112900168,0,0,0
112900169,0,0,0
112900170,0,0,0
112900172,0,0,0
112900173,0,0,0
112900174,0,0,0
112900175,0,0,0
112900176,0,0,0
112900177,0,0,0
112900178,0,0,0
112900179,0,0,0
112900180,0,0,0
112900181,0,0,0
112900182,0,0,0
112900183,0,0,0
112900184,0,0,0
112900185,0,0,0
112900186,0,0,0
112900187,0,0,0
112900188,0,0,0
112900189,0,0,0
112900190,0,0,0
112900192,0,0,0
112900193,0,0,0
112900194,0,0,0
112900195,0,0,0
112900196,0,0,0
112900197,0,0,0
112900199,0,0,0
112900200,0,0,0
112900201,0,0,0
112900202,0,0,0
112900203,0,0,0
112900204,0,0,0
112900205,0,0,0
112900206,0,0,0
112900207,0,0,0
112900208,0,0,0
112900209,0,0,0
112900210,0,0,0
112900211,0,0,0
112900212,0,0,0
112900213,0,0,0
112900214,0,0,0
112900215,0,0,0
112900216,0,0,0
112900217,0,0,0
112900218,0,0,0
112900219,0,0,0
112900220,0,0,0
112900221,0,0,0
112900222,0,0,0
112900223,0,0,0
112900224,0,0,0
112900225,0,0,0
112900226,0,0,0
112900227,0,0,0
112900228,0,0,0
112900229,0,0,0
112900230,0,0,0
112900232,0,0,0
112900233,0,0,0
112900234,0,0,0
112900235,0,0,0
112900236,0,0,0
112900237,0,0,0
112900238,0,0,0
112900239,0,0,0
113000001,250,305,-55
113000002,360,416,-56
113000003,130,216,-86
113000004,90,204,-114
113000005,55,57,-2
113000006,68,127,-59
113000007,75,41,34
113000008,102,68,34
113000009,119,26,93
113000010,227,69,158
113000011,0,0,0
113000012,688,45,643
113000013,10,41,-31
113000014,38,6,32
113000015,10,1,9
113000016,1,2,-1
113000017,0,0,0
113000018,80,15,65
113000019,0,0,0
113000020,151,7,144
113000021,244,29,215
113000022,69,9,60
113000025,0,0,0
113000026,20,6,14
113000027,109,0,109
113000028,0,0,0
113000029,36,44,-8
113000030,0,0,0
113000031,0,0,0
113000032,47,37,10
113000033,65,21,44
113000034,0,0,0
113000035,0,0,0
113000036,0,0,0
113000037,0,0,0
113000038,0,0,0
113000039,0,0,0
113000040,0,0,0
113000042,0,0,0
113000051,166,133,33
113000052,194,85,109
113000053,35,17,18
113000054,55,55,0
113000055,130,24,106
113000056,159,73,86
113000058,0,0,0
113000059,264,73,191
113000060,1,2,-1
113000061,102,96,6
113000062,0,0,0
113000063,0,0,0
113000064,0,0,0
113000065,6,7,-1
113000066,166,2,164
113000067,61,5,56
113000068,31,46,-15
113000069,46,41,5
113000070,73,20,53
113000071,31,34,-3
113000072,93,1,92
113000073,10,87,-77
113000074,105,14,91
113000075,234,7,227
113000076,3,213,-210
113000077,99,110,-11
113000078,0,0,0
113000079,0,0,0
113000080,62,48,14
113000081,196,97,99
113000082,0,0,0
113000083,207,201,6
113000084,22,0,22
113000085,181,163,18
113000086,9,7,2
113000087,116,439,-323
113000088,9,7,2
113000089,206,410,-204
113000090,8,22,-14
113000091,32,0,32
113000094,92,6,86
113000095,0,0,0
113000096,0,0,0
113000097,47,20,27
113000098,0,0,0
113000099,61,8,53
113000100,3,1,2
113000101,6,0,6
113000102,30,24,6
113000103,0,0,0
113000104,332,169,163
113000105,714,142,572
113000106,0,0,0
113000107,257,490,-233
113000108,107,21,86
113000109,0,0,0
113000110,77,143,-66
113000111,0,0,0
113000112,2,62,-60
113000113,74,43,31
113000114,0,0,0
113000116,0,0,0
113000117,0,0,0
113000118,0,0,0
113000119,0,0,0
113000120,0,3,-3
113000121,0,0,0
113000124,20,16,4
113000125,0,0,0
113000127,0,0,0
113000128,0,0,0
113000129,0,0,0
113000133,40,1,39
113000134,7,86,-79
113000135,1218,1143,75
113000137,485,406,79
113000139,94,32,62
113000140,0,0,0
113000141,54,12,42
113000142,0,0,0
113000143,2,3,-1
113000144,0,0,0
113000145,0,0,0
113000146,0,0,0
113000147,0,0,0
113000148,0,0,0
113000149,0,0,0
113000150,0,0,0
113000151,0,0,0
113000152,0,0,0
113000153,0,0,0
113000154,8,60,-52
113000155,48,39,9
113000156,0,0,0
113000157,0,0,0
113000158,0,0,0
113000159,0,0,0
113000160,0,0,0
113000161,0,0,0
113000162,0,0,0
113000163,0,1,-1
113000164,0,0,0
113000166,76,5,71
113000167,0,0,0
113000168,0,0,0
113000169,108,11,97
113000170,199,25,174
113000171,0,0,0
113000172,78,16,62
113000173,29,13,16
113000174,0,0,0
113000175,66,21,45
113000176,283,12,271
113000177,0,0,0
113000178,0,0,0
113000179,96,32,64
113000180,91,22,69
113000181,62,22,40
113000182,2,2,0
113000183,0,43,-43
113000184,0,0,0
113000189,0,0,0
113000190,0,0,0
113000192,71,192,-121
113000193,101,15,86
113000194,21,38,-17
113000195,63,39,24
113000196,105,8,97
113000197,20,27,-7
113000198,0,0,0
113000199,5,0,5
113000201,0,0,0
113000202,0,0,0
113000203,7,4,3
113000204,15,103,-88
113000205,0,0,0
113000206,0,0,0
113000207,0,0,0
113000208,0,0,0
113000209,0,0,0
113000210,0,0,0
113000211,0,0,0
113000212,0,0,0
113000213,11,1,10
113000214,0,0,0
113000234,0,0,0
113000410,2,2,0
113000411,80,197,-117
113000412,735,282,453
113000413,388,442,-54
113000414,382,434,-52
113000415,37,82,-45
113000416,129,109,20
113000417,37,119,-82
113000418,558,298,260
113000419,139,161,-22
113000420,656,174,482
113000421,2262,1368,894
113000422,607,592,15
113000423,536,425,111
113000424,993,484,509
113000425,0,0,0
113000428,0,0,0
113000430,0,0,0
113000432,247,12,235
113000433,0,0,0
113000434,0,0,0
113000435,0,0,0
113000436,0,0,0
113000437,54,0,54
113000438,2,0,2
113000439,0,0,0
113000440,1,2,-1
113000441,1,1,0
113000442,0,0,0
113000443,5,0,5
113000444,0,0,0
113000445,1,0,1
113000446,0,0,0
113000448,0,0,0
113000449,0,2,-2
113000450,0,2,-2
113000451,0,0,0
113000452,17,3,14
113000453,0,0,0
113000454,1,5,-4
113000455,0,0,0
113000456,0,0,0
113000468,0,0,0
113000469,0,0,0
113000470,0,0,0
113000471,0,0,0
113000472,0,0,0
113000474,8,49,-41
113000475,54,64,-10
113000476,185,406,-221
113000477,948,367,581
113000478,460,200,260
113000479,0,0,0
113000480,0,0,0
113000484,0,0,0
113000485,0,0,0
113000486,0,0,0
113000487,0,0,0
113000488,0,0,0
113000489,0,0,0
113000490,0,0,0
113000491,0,0,0
113000492,0,0,0
113000493,0,0,0
113000495,0,0,0
113000496,0,3,-3
113000499,0,0,0
113900001,0,0,0
113900002,0,0,0
113900003,0,0,0
113900004,0,0,0
113900005,0,0,0
113900006,0,0,0
113900007,0,0,0
113900008,0,0,0
113900009,0,0,0
113900010,0,0,0
113900011,0,0,0
113900012,0,0,0
113900013,0,0,0
113900014,0,0,0
113900015,0,0,0
113900016,0,0,0
113900017,0,0,0
113900018,0,0,0
113900019,0,0,0
113900020,0,0,0
113900022,0,0,0
113900023,0,0,0
113900024,0,0,0
113900025,0,0,0
113900026,0,0,0
113900027,0,0,0
113900028,0,0,0
113900029,0,0,0
113900030,0,0,0
113900031,0,0,0
113900032,0,0,0
113900033,0,0,0
113900035,0,0,0
113900036,0,0,0
113900037,0,0,0
113900038,0,0,0
113900039,0,0,0
113900040,0,0,0
113900041,0,0,0
113900042,0,0,0
113900043,0,0,0
113900044,0,0,0
113900045,0,0,0
113900046,0,0,0
113900047,0,0,0
113900048,0,0,0
113900049,0,0,0
113900050,0,0,0
113900051,0,0,0
113900052,0,0,0
113900053,0,0,0
113900054,0,0,0
113900055,0,0,0
113900056,0,0,0
113900057,0,0,0
113900058,0,0,0
113900059,0,0,0
113900060,0,0,0
113900061,0,0,0
113900062,0,0,0
113900063,0,0,0
113900064,0,0,0
113900065,0,0,0
113900066,0,0,0
113900067,0,0,0
113900068,0,0,0
113900069,0,0,0
113900070,0,0,0
113900071,0,0,0
113900072,0,0,0
113900073,0,0,0
113900074,0,0,0
113900075,0,0,0
113900076,0,0,0
113900077,0,0,0
113900078,0,0,0
113900079,0,0,0
113900080,0,0,0
113900081,0,0,0
113900082,0,0,0
113900083,0,0,0
113900084,0,0,0
113900085,0,0,0
113900086,0,0,0
113900087,0,0,0
113900088,0,0,0
113900089,0,0,0
113900090,0,0,0
113900091,0,0,0
113900092,0,0,0
113900093,0,0,0
113900094,0,0,0
113900095,0,0,0
113900096,0,0,0
113900097,0,0,0
113900098,0,0,0
113900099,0,0,0
113900100,0,0,0
113900101,0,0,0
113900102,0,0,0
113900103,0,0,0
113900104,0,0,0
113900105,0,0,0
113900106,0,0,0
113900107,0,0,0
113900108,0,0,0
113900109,0,0,0
113900110,0,0,0
113900111,0,0,0
113900112,0,0,0
113900113,0,0,0
113900114,0,0,0
113900115,0,0,0
113900116,0,0,0
113900117,0,0,0
113900118,0,0,0
113900119,0,0,0
113900120,0,0,0
113900121,0,0,0
113900122,0,0,0
113900123,0,0,0
113900124,0,0,0
113900125,0,0,0
113900126,0,0,0
113900127,0,0,0
113900128,0,0,0
113900129,0,0,0
113900130,0,0,0
113900131,0,0,0
113900132,0,0,0
113900133,0,0,0
113900135,0,0,0
113900136,0,0,0
113900137,0,0,0
113900138,0,0,0
113900139,0,0,0
113900140,0,0,0
113900141,0,0,0
113900142,0,0,0
113900143,0,0,0
113900144,0,0,0
113900145,0,0,0
113900146,0,0,0
113900148,0,0,0
113900149,0,0,0
113900150,0,0,0
113900151,0,0,0
113900152,0,0,0
113900153,0,0,0
113900154,0,0,0
113900155,0,0,0
113900156,0,0,0
113900157,0,0,0
113900158,0,0,0
113900159,0,0,0
113900160,0,0,0
113900161,0,0,0
113900162,0,0,0
113900163,0,0,0
113900164,0,0,0
113900165,0,0,0
113900166,0,0,0
113900167,0,0,0
113900168,0,0,0
113900169,0,0,0
113900171,0,0,0
113900172,0,0,0
113900173,0,0,0
113900174,0,0,0
113900175,0,0,0
113900176,0,0,0
113900177,0,0,0
113900178,0,0,0
113900179,0,0,0
113900180,0,0,0
113900181,0,0,0
113900182,0,0,0
113900183,0,0,0
113900184,0,0,0
113900185,0,0,0
113900186,0,0,0
113900187,0,0,0
113900188,0,0,0
113900189,0,0,0
113900190,0,0,0
113900191,0,0,0
113900192,0,0,0
113900193,0,0,0
113900194,0,0,0
113900195,0,0,0
113900196,0,0,0
113900197,0,0,0
113900198,0,0,0
113900199,0,0,0
113900200,0,0,0
113900201,0,0,0
113900202,0,0,0
113900203,0,0,0
113900204,0,0,0
113900205,0,0,0
113900206,0,0,0
113900207,0,0,0
113900208,0,0,0
113900209,0,0,0
113900210,0,0,0
113900211,0,0,0
113900212,0,0,0
113900214,0,0,0
113900215,0,0,0
113900216,0,0,0
113900217,0,0,0
113900218,0,0,0
113900219,0,0,0
113900220,0,0,0
113900221,0,0,0
113900222,0,0,0
113900223,0,0,0
113900224,0,0,0
113900225,0,0,0
113900226,0,0,0
113900227,0,0,0
113900228,0,0,0
113900229,0,0,0
113900230,0,0,0
113900231,0,0,0
113900232,0,0,0
113900233,0,0,0
113900234,0,0,0
113900235,0,0,0
113900236,0,0,0
113900237,0,0,0
113900238,0,0,0
113900239,0,0,0
113900240,0,0,0
113900241,0,0,0
113900242,0,0,0
113900243,0,0,0
113900244,0,0,0
113900245,0,0,0
113900246,0,0,0
113900247,0,0,0
113900248,0,0,0
113900249,0,0,0
113900250,0,0,0
113900251,0,0,0
113900252,0,0,0
113900253,0,0,0
113900254,0,0,0
113900255,0,0,0
113900256,0,0,0
113900257,0,0,0
113900258,0,0,0
113900259,0,0,0
113900260,1,0,1
113900261,0,0,0
113900262,0,0,0
113900263,0,0,0
113900264,0,0,0
113900265,0,0,0
113900266,0,0,0
113900267,0,0,0
113900268,0,0,0
113900269,0,0,0
113900270,0,0,0
113900271,0,0,0
113900273,0,0,0
113900274,0,0,0
113900275,0,0,0
113900276,0,0,0
113900277,0,0,0
113900278,0,0,0
113900279,0,0,0
113900280,0,0,0
113900281,0,0,0
113900282,0,0,0
113900283,0,0,0
113900284,0,0,0
113900285,0,0,0
113900286,0,0,0
113900287,0,0,0
113900288,0,0,0
113900289,0,0,0
113900290,0,0,0
113900291,0,0,0
113900292,0,0,0
113900293,0,0,0
113900294,0,0,0
113900295,2,3,-1
113900296,0,0,0
113900297,0,0,0
113900298,0,0,0
113900299,0,0,0
113900300,0,0,0
113900301,0,0,0
113900302,0,0,0
113900303,0,0,0
113900304,0,0,0
113900305,0,0,0
113900306,0,0,0
113900307,0,0,0
113900308,0,0,0
113900309,0,0,0
113900310,0,0,0
113900311,0,0,0
113900312,0,0,0
113900313,0,0,0
114000001,187,130,57
114000002,44,45,-1
114000003,0,0,0
114000004,0,0,0
114000005,0,0,0
114000006,0,0,0
114000007,0,0,0
114000008,0,84,-84
114000009,8,14,-6
114000011,743,135,608
114000012,525,65,460
114000013,341,125,216
114000014,0,0,0
114000015,0,0,0
114000016,0,0,0
114000017,47,6,41
114000018,0,0,0
114000026,294,103,191
114000027,365,164,201
114000028,286,202,84
114000038,0,0,0
114000039,0,0,0
114000040,12,0,12
114000042,0,0,0
114000043,0,0,0
114000044,10,3,7
114000045,0,0,0
114000046,0,0,0
114000047,0,0,0
114000048,1,36,-35
114000049,39,54,-15
114000050,18,100,-82
114000051,38,280,-242
114000052,40,140,-100
114000053,0,0,0
114000054,0,0,0
114000055,0,0,0
114000056,0,0,0
114000057,297,137,160
114000058,0,0,0
114000059,0,0,0
114000060,0,0,0
114000061,82,181,-99
114000062,59,189,-130
114000063,4,5,-1
114000064,27,9,18
114000065,26,39,-13
114000066,45,40,5
114000067,35,5,30
114000068,18,2,16
114000069,68,2,66
114000070,727,382,345
114000071,0,0,0
114000072,0,0,0
114000073,2,0,2
114000074,0,0,0
114000075,33,2,31
114000076,30,1,29
114000077,37,0,37
114000078,1,0,1
114000079,0,0,0
114000080,0,17,-17
114000081,34,18,16
114000082,0,0,0
114000083,0,0,0
114000084,0,0,0
114000085,0,0,0
114000086,0,0,0
114000087,0,0,0
114000088,0,0,0
114000089,12,20,-8
114000090,77,78,-1
114000091,54,42,12
114000092,67,16,51
114000093,90,38,52
114000094,77,50,27
114000095,16,18,-2
114000096,0,0,0
114000097,0,0,0
114000098,61,7,54
114000099,0,0,0
114000100,1037,4,1033
114000101,0,0,0
114000102,97,22,75
114000103,0,0,0
114000104,0,0,0
114000105,0,0,0
114000106,0,0,0
114000107,0,0,0
114000108,0,0,0
114000109,416,222,194
114000110,0,0,0
114000111,539,142,397
114000112,0,0,0
114000113,460,32,428
114000114,0,0,0
114000115,778,162,616
114000116,453,163,290
114000117,966,72,894
114000118,694,59,635
114000119,773,58,715
114000120,135,4,131
114000121,0,0,0
114000122,128,20,108
114000123,433,46,387
114000124,82,78,4
114000125,40,115,-75
114000126,285,22,263
114000127,11,1,10
114000128,22,7,15
114000130,14,11,3
114000131,26,37,-11
114000132,0,0,0
114000133,0,0,0
114000134,0,0,0
114000138,0,0,0
114000139,7,30,-23
114000144,127,41,86
114000145,0,0,0
114000146,0,0,0
114000147,327,57,270
114000148,45,26,19
114000149,18,58,-40
114000150,0,0,0
114000151,60,129,-69
114000152,1,7,-6
114000153,0,0,0
114000154,42,1,41
114000155,291,143,148
114000156,84,28,56
114000157,48,43,5
114000158,0,0,0
114000159,0,0,0
114000160,0,0,0
114000161,208,432,-224
114000162,901,810,91
114000163,0,0,0
114000165,0,25,-25
114000166,28,8,20
114000167,303,79,224
114000168,0,0,0
114000169,333,373,-40
114000170,571,313,258
114000171,916,131,785
114000174,0,0,0
114000176,0,0,0
114000177,0,0,0
114000178,1,4,-3
114000179,289,60,229
114000180,0,0,0
114000181,235,702,-467
114000182,141,209,-68
114000183,107,88,19
114000184,55,183,-128
114000185,434,108,326
114000189,296,20,276
114000190,825,26,799
114000191,0,0,0
114000192,0,51,-51
114000193,0,0,0
114000194,189,10,179
114000195,0,0,0
114000196,0,0,0
114000197,238,1,237
114000198,0,0,0
114000199,0,0,0
114000200,8,6,2
114000201,1,0,1
114000202,162,63,99
114000203,43,47,-4
114000204,0,0,0
114000205,0,2,-2
114000206,0,0,0
114000207,4,184,-180
114000208,2,56,-54
114000209,7,94,-87
114000210,4,108,-104
114000211,623,268,355
114000212,110,235,-125
114000213,476,274,202
114000214,19,0,19
114000215,0,0,0
114000216,360,93,267
114000217,111,22,89
114000218,3,3,0
114000219,308,8,300
114000220,1,35,-34
114000221,247,11,236
114000222,15,55,-40
114000223,286,46,240
114000224,20,75,-55
114000225,14,6,8
114000226,114,56,58
114000227,253,131,122
114000228,280,34,246
114000229,186,47,139
114000230,534,65,469
114000231,138,44,94
114000232,480,98,382
114000233,772,82,690
114000234,633,195,438
114000235,130,32,98
114000236,0,0,0
114000237,1,0,1
114000238,1,157,-156
114000239,0,0,0
114000240,95,67,28
114000241,23,63,-40
114000242,108,45,63
114000243,589,229,360
114000244,550,99,451
114000245,0,0,0
114000246,0,0,0
114000247,329,96,233
114000248,418,113,305
114000249,244,195,49
114000250,110,9,101
114000251,71,24,47
114000252,0,0,0
114000253,19,10,9
114000254,0,0,0
114000255,0,0,0
114000256,7,61,-54
114000257,0,136,-136
114000258,71,4,67
114000259,3,6,-3
114000260,0,0,0
114000261,116,16,100
114000262,0,0,0
114000263,36,2,34
114000264,0,0,0
114000265,0,0,0
114000267,7,393,-386
114000268,0,0,0
114000270,46,5,41
114000271,121,1,120
114000283,354,21,333
114000285,0,0,0
114000288,0,9,-9
114000289,0,0,0
114000293,22,10,12
114000294,1,2,-1
114000395,549,13,536
114000396,109,50,59
114000402,0,0,0
114000403,26,20,6
114000405,35,22,13
114000423,157,22,135
114000424,74,29,45
114000425,163,31,132
114000426,59,33,26
114000427,0,0,0
114000428,0,0,0
114000429,0,0,0
114000432,0,0,0
114000434,0,0,0
114000435,0,0,0
114900001,0,0,0
114900002,0,0,0
114900003,0,0,0
114900004,0,0,0
114900005,0,0,0
114900006,0,0,0
114900007,0,0,0
114900008,0,0,0
114900010,0,0,0
114900011,0,0,0
114900013,0,0,0
114900015,0,0,0
114900018,0,0,0
114900020,0,0,0
114900022,0,0,0
114900024,0,0,0
114900025,0,0,0
114900026,0,0,0
114900027,0,0,0
114900029,0,0,0
114900030,0,0,0
114900031,0,0,0
114900032,0,0,0
114900033,0,0,0
114900034,0,0,0
114900035,0,0,0
114900036,0,0,0
114900037,0,0,0
114900038,0,0,0
114900039,0,0,0
114900040,0,0,0
114900041,0,0,0
114900042,0,0,0
114900043,0,0,0
114900044,0,0,0
114900046,0,0,0
114900047,0,0,0
114900048,0,0,0
114900049,0,0,0
114900050,0,0,0
114900051,0,0,0
114900052,0,0,0
114900053,0,0,0
114900054,0,0,0
114900057,0,0,0
114900058,0,0,0
114900059,0,0,0
114900060,0,0,0
114900061,0,0,0
114900062,0,0,0
114900063,0,0,0
114900064,0,0,0
114900065,0,0,0
114900067,0,0,0
114900068,0,0,0
114900069,0,0,0
114900070,0,0,0
114900072,0,0,0
114900073,0,0,0
114900074,0,0,0
114900075,0,0,0
114900076,0,0,0
114900080,0,0,0
114900082,0,0,0
114900083,0,0,0
114900090,0,0,0
114900091,0,0,0
114900095,0,0,0
114900096,0,0,0
114900097,0,0,0
114900098,0,0,0
114900099,0,0,0
115000001,143,234,-91
115000002,1565,577,988
115000003,207,192,15
115000004,1398,1068,330
115000005,52,133,-81
115000006,479,416,63
115000007,0,0,0
115000008,166,138,28
115000009,0,0,0
115000010,184,201,-17
115000013,0,0,0
115000015,0,0,0
115000016,0,0,0
115000019,25,147,-122
115000020,0,0,0
115000021,5,361,-356
115000022,11,75,-64
115000023,585,235,350
115000024,26,77,-51
115000025,508,147,361
115000026,2,1,1
115000027,207,70,137
115000028,0,28,-28
115000029,471,6,465
115000030,0,98,-98
115000031,636,48,588
115000032,0,0,0
115000033,96,11,85
115000034,0,0,0
115000035,631,0,631
115000036,0,0,0
115000037,281,0,281
115000038,12,53,-41
115000039,18,57,-39
115000040,210,21,189
115000041,77,107,-30
115000042,106,23,83
115000043,1100,573,527
115000044,621,66,555
115000045,115,16,99
115000046,779,313,466
115000047,1110,201,909
115000048,125,80,45
115000049,129,234,-105
115000050,1370,345,1025
115000051,491,299,192
115000052,116,164,-48
115000053,444,242,202
115000054,56,60,-4
115000055,0,0,0
115000056,54,27,27
115000057,0,0,0
115000058,35,16,19
115000059,0,0,0
115000061,43,3,40
115000062,0,0,0
115000063,0,0,0
115000064,79,17,62
115000065,0,0,0
115000067,6,6,0
115000069,0,0,0
115000070,0,29,-29
115000071,32,4,28
115000072,0,0,0
115000073,419,17,402
115000075,0,0,0
115000076,581,340,241
115000077,269,176,93
115000078,122,159,-37
115000079,323,199,124
115000080,504,206,298
115000081,0,0,0
115000082,1071,604,467
115000083,0,0,0
115000084,777,172,605
115000085,0,0,0
115000086,531,85,446
115000087,0,0,0
115000088,815,212,603
115000089,0,0,0
115000090,61,110,-49
115000091,110,45,65
115000092,402,7,395
115000093,455,2,453
115000094,1582,332,1250
115000095,1077,247,830
115000096,215,32,183
115000097,223,58,165
115000098,298,32,266
115000099,757,238,519
115000100,655,120,535
115000101,1,11,-10
115000102,315,142,173
115000103,0,0,0
115000105,1,8,-7
115000106,275,70,205
115000107,1,28,-27
115000108,105,78,27
115000109,1063,1181,-118
115000110,182,121,61
115000111,10,56,-46
115000112,53,27,26
115000113,55,72,-17
115000114,97,64,33
115000116,131,83,48
115000117,59,39,20
115000118,99,270,-171
115000119,73,56,17
115000120,10,241,-231
115000121,92,57,35
115000122,47,26,21
115000123,152,408,-256
115000124,82,45,37
115000125,117,50,67
115000126,47,37,10
115000127,12,0,12
115000128,22,31,-9
115000129,48,1,47
115000130,70,7,63
115000131,74,30,44
115000132,120,19,101
115000133,72,10,62
115000134,59,1,58
115000135,24,1,23
115000136,97,17,80
115000137,0,0,0
115000138,153,35,118
115000139,0,0,0
115000140,168,30,138
115000141,0,0,0
115000142,0,0,0
115000143,187,60,127
115000144,0,0,0
115000145,0,0,0
115000146,124,34,90
115000147,0,0,0
115000148,27,53,-26
115000149,4,9,-5
115000150,32,22,10
115000151,27,9,18
115000152,61,13,48
115000153,37,16,21
115000154,25,9,16
115000155,30,21,9
115000156,11,54,-43
115000157,5,19,-14
115000158,6,52,-46
115000159,0,0,0
115000160,0,0,0
115000161,194,136,58
115000162,330,46,284
115000163,0,0,0
115000164,0,0,0
115000165,62,68,-6
115000167,7,2,5
115000168,72,42,30
115000169,0,0,0
115000170,0,0,0
115000171,102,102,0
115000172,0,0,0
115000173,4,9,-5
115000174,33,21,12
115000175,0,0,0
115000176,3,1,2
115000177,0,0,0
115000178,0,0,0
115000179,11,0,11
115000180,0,0,0
115000181,119,4,115
115000182,233,10,223
115000183,0,0,0
115000186,162,5,157
115000187,66,35,31
115000188,204,30,174
115000189,11,55,-44
115000190,519,53,466
115000191,11,36,-25
115000194,0,0,0
115000195,3,14,-11
115000196,2,1,1
115000197,0,0,0
115000198,67,1,66
115000199,0,0,0
115000200,5,2,3
115000201,0,0,0
115000206,278,0,278
115000207,0,0,0
115000208,27,74,-47
115000209,430,4,426
115000210,28,64,-36
115000211,3,7,-4
115000212,17,0,17
115000224,0,0,0
115000225,0,0,0
115000229,9,0,9
115000230,4,5,-1
115000231,103,5,98
115000232,387,1,386
115000233,0,0,0
115000234,0,0,0
115000241,0,0,0
115000242,0,0,0
115000243,0,0,0
115000244,0,0,0
115000246,0,0,0
115000247,0,0,0
115000248,0,0,0
115000249,0,0,0
115000250,0,0,0
115000251,0,0,0
115000252,0,0,0
115000253,0,0,0
115000258,0,0,0
115000259,0,0,0
115000261,0,0,0
115000262,0,0,0
115000263,0,0,0
115000264,0,0,0
115000267,0,0,0
115000268,0,0,0
115000269,0,0,0
115000270,0,0,0
115000272,1,0,1
115000273,0,0,0
115000280,10,503,-493
115000281,0,0,0
115000282,175,394,-219
115000284,0,0,0
115000296,291,4,287
115000297,3,310,-307
115000298,0,0,0
115000300,0,0,0
115000302,92,15,77
115000303,126,6,120
115000304,106,16,90
115000305,0,0,0
115000306,0,0,0
115000307,0,0,0
115000308,0,0,0
115000309,0,0,0
115000310,0,0,0
115000311,392,77,315
115000313,0,0,0
115000314,17,31,-14
115000315,29,113,-84
115000316,0,0,0
115000317,84,15,69
115000318,458,4,454
115000319,8,34,-26
115000320,3,83,-80
115000321,80,1,79
115000322,0,59,-59
115000449,0,0,0
115000557,0,0,0
115000558,163,10,153
115000587,5,7,-2
115000588,139,253,-114
115000589,2117,1146,971
115000590,32,82,-50
115000591,478,412,66
115000592,10,105,-95
115000593,702,227,475
115000594,100,163,-63
115000609,0,15,-15
115000617,187,115,72
115000624,0,0,0
115000633,296,126,170
115000634,1333,154,1179
115000635,323,56,267
115000638,0,0,0
115000641,0,0,0
115000642,200,7,193
115000643,0,31,-31
115000644,1,8,-7
115000646,87,50,37
115000647,67,29,38
115000648,334,23,311
115000893,1397,438,959
115000894,2,163,-161
115000895,21,98,-77
115000896,952,172,780
115000897,44,27,17
115000898,63,14,49
115000899,4,28,-24
115000900,1,28,-27
115000901,3,19,-16
115000912,70,5,65
115000913,0,0,0
115000915,0,0,0
115000916,8,0,8
115000917,0,0,0
115000918,0,0,0
115000919,0,0,0
115000920,0,0,0
115000921,0,0,0
115000922,128,379,-251
115000923,17,98,-81
115000925,0,0,0
115000927,0,0,0
115000933,3,21,-18
115000934,0,0,0
115000935,0,0,0
115000936,0,0,0
115000937,15,22,-7
115000938,0,5,-5
115000939,4,8,-4
115900001,0,0,0
115900002,0,0,0
115900003,0,0,0
115900004,0,0,0
115900005,0,0,0
115900006,0,0,0
115900008,0,0,0
115900009,0,0,0
115900010,0,0,0
115900011,0,0,0
115900012,0,0,0
115900013,0,0,0
115900014,0,0,0
115900015,0,0,0
115900016,0,0,0
115900017,0,0,0
115900018,0,0,0
115900019,0,0,0
115900020,0,0,0
115900021,0,0,0
115900022,0,0,0
115900023,0,0,0
115900025,0,0,0
115900026,0,0,0
115900027,0,0,0
115900028,0,0,0
115900029,0,0,0
115900030,0,0,0
115900031,0,0,0
115900032,0,0,0
115900033,0,0,0
115900034,0,0,0
115900035,0,0,0
115900036,0,0,0
115900037,0,0,0
115900038,0,0,0
115900039,0,0,0
115900041,0,0,0
115900042,0,0,0
115900043,0,0,0
115900044,0,0,0
115900046,0,0,0
115900047,0,0,0
115900049,0,0,0
115900051,0,0,0
115900052,0,0,0
115900053,0,0,0
115900054,0,0,0
115900055,0,0,0
115900056,0,0,0
115900057,0,0,0
115900058,0,0,0
115900060,0,0,0
115900061,0,0,0
115900062,0,0,0
115900063,0,0,0
115900064,0,0,0
115900065,0,0,0
115900066,0,0,0
115900067,0,0,0
115900068,0,0,0
115900069,0,0,0
115900070,0,0,0
115900071,0,0,0
115900072,0,0,0
115900073,0,0,0
115900074,0,0,0
115900075,0,0,0
115900076,0,0,0
115900077,0,0,0
115900078,0,0,0
115900079,0,0,0
115900080,0,0,0
115900081,0,0,0
115900082,0,0,0
115900084,0,0,0
115900085,0,0,0
115900086,0,0,0
115900088,0,0,0
115900089,0,0,0
115900090,0,0,0
115900091,0,0,0
115900092,0,0,0
115900093,0,0,0
115900094,0,0,0
115900096,0,0,0
115900097,0,0,0
115900098,0,0,0
115900099,0,0,0
115900100,0,0,0
115900101,0,0,0
115900102,0,0,0
115900103,0,0,0
115900104,0,0,0
115900105,0,0,0
115900106,0,0,0
115900107,0,0,0
115900108,0,0,0
115900109,0,0,0
115900110,0,0,0
115900111,0,0,0
115900112,0,0,0
115900113,0,0,0
115900114,0,0,0
115900115,0,0,0
115900116,0,0,0
115900117,0,0,0
115900118,0,0,0
115900119,0,0,0
115900120,0,0,0
115900121,0,0,0
115900124,0,0,0
115900125,0,0,0
115900126,0,0,0
115900127,0,0,0
115900128,0,0,0
115900129,0,0,0
115900130,0,0,0
115900131,0,0,0
115900132,0,0,0
115900134,0,0,0
115900135,0,0,0
115900137,0,0,0
115900139,0,0,0
115900140,0,0,0
115900141,0,0,0
115900142,0,0,0
115900143,0,0,0
115900144,0,0,0
115900146,0,0,0
115900147,0,0,0
115900148,0,0,0
115900149,0,0,0
115900150,0,0,0
115900151,0,0,0
115900152,0,0,0
115900153,0,0,0
115900154,0,0,0
115900155,0,0,0
115900156,0,0,0
115900157,0,0,0
115900158,0,0,0
115900159,0,0,0
115900160,0,0,0
115900161,0,0,0
115900163,0,0,0
115900164,0,0,0
115900165,0,0,0
115900166,0,0,0
115900168,0,0,0
115900171,0,0,0
115900172,0,0,0
115900173,0,0,0
115900174,0,0,0
115900175,0,0,0
115900178,0,0,0
115900179,0,0,0
115900180,0,0,0
115900181,0,0,0
115900182,0,0,0
115900183,0,0,0
115900184,0,0,0
115900187,0,0,0
115900189,0,0,0
115900190,0,0,0
115900191,0,0,0
115900192,0,0,0
115900193,0,0,0
115900194,0,0,0
115900195,0,0,0
115900198,0,0,0
115900199,0,0,0
115900200,0,0,0
115900201,0,0,0
115900202,0,0,0
115900203,0,0,0
115900204,0,0,0
115900205,0,0,0
115900206,0,0,0
115900207,0,0,0
115900208,0,0,0
115900209,0,0,0
115900210,0,0,0
115900211,0,0,0
115900212,0,0,0
115900213,0,0,0
115900214,0,0,0
115900215,0,0,0
115900216,0,0,0
115900217,0,0,0
115900218,0,0,0
115900219,0,0,0
115900220,0,0,0
115900221,0,0,0
115900222,0,0,0
115900223,0,0,0
115900224,0,0,0
115900225,0,0,0
115900226,0,0,0
115900227,0,0,0
115900228,0,0,0
115900229,0,0,0
115900230,0,0,0
115900231,0,0,0
115900232,0,0,0
115900233,0,0,0
115900234,0,0,0
115900235,0,0,0
115900236,0,0,0
115900237,0,0,0
115900238,0,0,0
115900239,0,0,0
115900240,0,0,0
115900241,0,0,0
115900242,1,1,0
115900243,0,0,0
115900244,0,0,0
115900245,0,0,0
115900246,0,0,0
115900247,0,0,0
115900248,0,0,0
115900249,0,0,0
115900250,0,0,0
115900251,0,0,0
115900252,0,0,0
115900253,0,0,0
115900254,0,0,0
115900255,0,0,0
115900256,0,0,0
115900257,0,0,0
115900258,0,0,0
115900259,0,0,0
115900260,0,0,0
115900261,0,0,0
115900262,0,0,0
115900263,0,0,0
115900264,0,0,0
115900265,0,0,0
115900266,0,0,0
115900267,0,0,0
115900268,0,0,0
115900269,0,0,0
115900270,0,0,0
115900271,0,0,0
115900272,0,0,0
115900273,0,0,0
115900274,0,0,0
115900275,0,0,0
115900276,0,0,0
115900277,0,0,0
115900278,0,0,0
115900279,0,0,0
115900280,0,0,0
115900281,0,0,0
115900282,0,0,0
115900283,0,0,0
115900284,0,0,0
116000001,185,266,-81
116000002,1681,2588,-907
116000003,62,154,-92
116000004,685,2099,-1414
116000005,48,100,-52
116000006,285,707,-422
116000007,158,198,-40
116000008,1002,553,449
116000009,16,158,-142
116000010,649,584,65
116000011,39,232,-193
116000012,926,289,637
116000013,176,526,-350
116000014,0,0,0
116000015,5,3,2
116000016,839,60,779
116000017,47,18,29
116000018,119,14,105
116000019,61,2,59
116000020,445,68,377
116000021,339,51,288
116000022,205,77,128
116000023,4,12,-8
116000024,225,54,171
116000025,10,21,-11
116000026,445,83,362
116000027,294,85,209
116000028,462,578,-116
116000029,0,0,0
116000030,427,308,119
116000031,0,0,0
116000032,101,0,101
116000033,457,203,254
116000034,1425,1346,79
116000035,431,71,360
116000036,0,0,0
116000037,2,57,-55
116000038,8,114,-106
116000039,0,0,0
116000040,90,181,-91
116000041,0,0,0
116000042,293,301,-8
116000043,0,0,0
116000044,0,0,0
116000045,1882,2107,-225
116000046,195,78,117
116000047,254,74,180
116000048,1924,809,1115
116000049,1105,522,583
116000050,409,208,201
116000051,1578,387,1191
116000052,744,233,511
116000053,959,322,637
116000054,0,0,0
116000055,0,0,0
116000056,421,1045,-624
116000057,0,0,0
116000058,62,110,-48
116000059,518,2041,-1523
116000060,76,99,-23
116000061,136,341,-205
116000062,44,23,21
116000063,187,474,-287
116000066,61,480,-419
116000067,0,0,0
116000068,26,125,-99
116000069,0,0,0
116000078,187,298,-111
116000080,0,0,0
116000082,0,0,0
116000083,368,163,205
116000084,36,493,-457
116000085,490,83,407
116000086,29,141,-112
116000087,1014,261,753
116000088,64,92,-28
116000089,0,0,0
116000090,0,0,0
116000091,0,0,0
116000093,400,137,263
116000094,1,61,-60
116000095,435,56,379
116000096,41,207,-166
116000097,693,84,609
116000098,13,328,-315
116000099,596,41,555
116000100,41,0,41
116000101,21,8,13
116000102,95,17,78
116000103,65,43,22
116000104,10,20,-10
116000105,87,5,82
116000106,67,7,60
116000107,223,7,216
116000108,1,8,-7
116000111,11,0,11
116000113,23,1,22
116000114,0,0,0
116000115,101,34,67
116000116,0,0,0
116000117,296,364,-68
116000118,0,0,0
116000119,1174,381,793
116000120,0,0,0
116000121,238,200,38
116000122,0,0,0
116000123,977,120,857
116000124,0,0,0
116000125,863,61,802
116000126,0,0,0
116000127,0,0,0
116000128,694,77,617
116000129,0,0,0
116000130,0,0,0
116000133,329,9,320
116000134,153,14,139
116000135,757,141,616
116000136,118,48,70
116000137,370,151,219
116000138,0,0,0
116000139,530,1036,-506
116000140,3,11,-8
116000141,33,9,24
116000142,302,753,-451
116000143,502,200,302
116000144,109,245,-136
116000145,1510,361,1149
116000146,161,4,157
116000147,153,211,-58
116000148,0,19,-19
116000149,0,0,0
116000151,35,89,-54
116000153,111,603,-492
116000155,170,389,-219
116000156,9,58,-49
116000157,46,4,42
116000158,636,34,602
116000159,19,0,19
116000160,0,0,0
116000161,0,0,0
116000162,0,0,0
116000163,0,0,0
116000164,0,0,0
116000177,5,0,5
116000194,0,0,0
116000195,840,145,695
116000196,0,0,0
116000197,0,0,0
116000198,535,511,24
116000200,0,17,-17
116000201,0,0,0
116000202,0,3,-3
116000203,0,0,0
116000204,0,0,0
116000205,0,0,0
116000206,0,0,0
116000207,0,0,0
116000233,0,0,0
116000287,0,0,0
116000288,190,57,133
116000292,0,0,0
116000296,0,0,0
116000297,0,0,0
116000304,0,0,0
116000305,0,0,0
116000346,0,0,0
116000352,0,0,0
116000354,0,0,0
116000357,0,0,0
116000358,0,0,0
116000361,0,0,0
116000372,0,0,0
116000381,0,0,0
116000388,0,0,0
116000389,130,15,115
116000445,0,0,0
116000446,454,83,371
116000447,0,0,0
116000448,548,126,422
116000563,138,1029,-891
116000565,0,0,0
116000568,0,0,0
116000579,0,0,0
116000584,0,0,0
116000585,0,0,0
116000586,0,0,0
116000587,587,2,585
116000589,0,0,0
116000590,1,4,-3
116000591,139,28,111
116000592,0,0,0
116000593,0,0,0
116000594,0,0,0
116000595,0,0,0
116000596,0,0,0
116000597,134,0,134
116000598,0,0,0
116000602,0,0,0
116000605,0,0,0
116000606,38,9,29
116000607,0,0,0
116000609,0,0,0
116000611,0,0,0
116000612,1118,460,658
116000613,434,115,319
116000614,0,0,0
116000615,0,0,0
116000616,0,0,0
116000617,0,0,0
116000618,0,0,0
116000619,1,3,-2
116000620,550,40,510
116000621,1,48,-47
116000622,90,57,33
116000624,0,3,-3
116000627,0,0,0
116000628,0,0,0
116000629,0,0,0
116000630,19,3,16
116000631,7,5,2
116000632,0,0,0
116000633,0,0,0
116000634,0,0,0
116000635,1599,1336,263
116000636,111,189,-78
116000637,0,0,0
116000638,0,0,0
116900001,0,0,0
116900002,0,0,0
116900003,0,0,0
116900004,0,0,0
116900005,0,0,0
116900006,0,0,0
116900007,0,0,0
116900008,0,0,0
116900009,0,0,0
116900010,0,0,0
116900011,0,0,0
116900012,0,0,0
116900013,0,0,0
116900014,0,0,0
116900015,0,0,0
116900016,0,0,0
116900017,0,0,0
116900018,0,0,0
116900019,0,0,0
116900020,0,0,0
116900023,0,0,0
116900024,0,0,0
116900025,0,0,0
116900026,0,0,0
116900027,0,0,0
116900028,0,0,0
116900029,0,0,0
116900031,0,0,0
116900032,0,0,0
116900033,0,0,0
116900034,0,0,0
116900035,0,0,0
116900036,0,0,0
116900038,0,0,0
116900041,0,0,0
116900042,0,0,0
116900043,0,0,0
116900047,0,0,0
116900049,0,0,0
116900050,0,0,0
116900051,0,0,0
116900052,0,0,0
116900055,0,0,0
116900057,0,0,0
116900058,0,0,0
116900059,0,0,0
116900060,0,0,0
116900062,0,0,0
116900064,0,0,0
116900065,0,0,0
116900067,0,0,0
116900068,0,0,0
116900070,0,0,0
116900072,0,0,0
116900073,0,0,0
116900074,0,0,0
116900076,0,0,0
116900077,0,0,0
116900078,0,0,0
116900079,0,0,0
116900080,0,0,0
116900081,0,0,0
116900082,0,0,0
116900083,0,0,0
116900084,0,0,0
116900085,0,0,0
116900086,0,0,0
116900088,0,0,0
116900090,0,0,0
116900091,0,0,0
116900092,0,0,0
116900093,0,0,0
116900094,0,0,0
116900095,0,0,0
116900096,0,0,0
116900097,0,0,0
116900098,0,0,0
116900099,0,0,0
116900100,0,0,0
116900101,0,0,0
116900103,0,0,0
116900104,0,0,0
116900105,0,0,0
116900106,0,0,0
116900107,0,0,0
116900110,0,0,0
116900111,313,5,308
116900112,102,3,99
116900113,86,36,50
116900116,0,0,0
116900117,0,0,0
116900118,0,0,0
116900120,0,0,0
116900121,0,0,0
116900122,0,0,0
116900123,0,0,0
116900124,0,0,0
116900125,0,0,0
116900126,0,0,0
116900128,0,0,0
116900129,0,0,0
116900130,0,0,0
116900131,0,0,0
116900132,0,0,0
116900133,0,0,0
116900134,0,0,0
116900136,0,0,0
116900137,0,0,0
116900138,0,0,0
116900139,0,0,0
116900140,0,0,0
116900141,0,0,0
116900142,0,0,0
116900143,0,0,0
116900144,0,0,0
116900145,0,0,0
116900147,0,0,0
116900148,0,0,0
116900149,0,0,0
116900150,0,0,0
116900151,0,0,0
116900153,0,0,0
116900154,0,0,0
116900155,0,0,0
116900157,0,0,0
116900158,0,0,0
116900159,0,0,0
116900160,0,0,0
116900161,0,0,0
116900162,0,0,0
116900163,0,0,0
116900164,0,0,0
116900165,0,0,0
116900166,0,0,0
116900167,0,0,0
116900168,0,0,0
116900169,0,0,0
116900170,0,0,0
116900171,0,0,0
116900172,0,0,0
116900173,0,0,0
116900174,0,0,0
116900175,0,0,0
116900178,0,0,0
116900179,0,0,0
116900180,0,0,0
116900182,0,0,0
116900183,0,0,0
116900185,0,0,0
116900186,0,0,0
116900187,0,0,0
116900188,0,0,0
116900189,0,0,0
116900191,0,0,0
116900192,0,0,0
116900194,0,0,0
116900195,0,0,0
116900196,0,0,0
116900197,0,0,0
116900198,0,0,0
116900200,0,0,0
116900201,0,0,0
116900202,0,0,0
116900203,0,0,0
116900204,0,0,0
116900206,0,0,0
116900207,0,0,0
116900208,0,0,0
116900209,0,0,0
116900210,0,0,0
116900211,0,0,0
116900212,0,0,0
116900213,0,0,0
116900214,0,0,0
116900215,0,0,0
116900216,0,0,0
116900218,0,0,0
116900219,0,0,0
116900220,0,0,0
116900221,0,0,0
116900222,228,93,135
116900223,0,0,0
116900226,0,0,0
116900227,0,0,0
116900228,0,0,0
116900230,0,0,0
116900231,0,0,0
116900232,0,0,0
116900233,0,0,0
116900234,0,0,0
116900235,0,0,0
116900238,0,0,0
116900239,0,0,0
116900240,0,0,0
116900241,0,0,0
116900242,0,0,0
116900243,0,0,0
116900245,0,0,0
116900246,0,0,0
116900247,0,0,0
116900248,0,0,0
116900249,0,0,0
116900250,0,0,0
116900251,0,0,0
116900252,196,25,171
116900253,0,0,0
116900254,0,0,0
116900255,0,0,0
116900256,0,0,0
116900257,0,0,0
116900258,0,0,0
116900259,0,0,0
116900260,0,0,0
116900261,0,0,0
116900262,0,0,0
116900263,0,0,0
116900264,0,0,0
116900265,0,0,0
116900266,0,0,0
116900267,0,0,0
116900268,0,0,0
116900269,143,124,19
116900271,0,0,0
116900272,0,0,0
116900273,0,0,0
116900274,0,0,0
116900275,0,0,0
116900276,96,1,95
116900277,0,0,0
116900278,0,0,0
116900279,0,0,0
116900280,0,0,0
116900281,0,0,0
116900282,0,0,0
116900283,0,0,0
116900284,0,0,0
116900285,0,0,0
116900286,0,0,0
116900287,0,0,0
116900288,0,0,0
116900289,0,0,0
116900290,0,0,0
116900291,0,0,0
116900292,0,0,0
116900293,0,0,0
116900294,0,0,0
116900295,0,0,0
116900296,0,0,0
116900297,0,0,0
116900298,0,0,0
116900299,0,0,0
116900300,0,0,0
116900301,0,0,0
116900302,0,0,0
116900303,0,0,0
116900304,0,0,0
116900305,0,0,0
116900306,2,10,-8
117000001,915,614,301
117000002,9,70,-61
117000003,2403,1210,1193
117000004,287,259,28
117000005,1303,698,605
117000006,150,157,-7
117000007,2947,653,2294
117000008,79,223,-144
117000009,2066,454,1612
117000010,178,162,16
117000011,1127,354,773
117000012,188,84,104
117000013,1085,212,873
117000014,18,261,-243
117000015,413,246,167
117000016,29,36,-7
117000017,94,21,73
117000018,0,28,-28
117000019,14,20,-6
117000020,46,27,19
117000021,68,8,60
117000022,77,16,61
117000023,22,30,-8
117000024,0,0,0
117000025,0,0,0
117000026,890,1021,-131
117000027,0,0,0
117000028,370,191,179
117000030,190,46,144
117000031,212,205,7
117000032,385,355,30
117000033,398,237,161
117000034,191,101,90
117000035,322,65,257
117000036,91,185,-94
117000037,545,59,486
117000038,156,127,29
117000039,589,103,486
117000040,0,0,0
117000041,525,26,499
117000044,0,0,0
117000045,18,28,-10
117000046,0,0,0
117000047,560,356,204
117000048,0,0,0
117000049,5,45,-40
117000050,5,0,5
117000051,676,173,503
117000052,0,0,0
117000053,0,0,0
117000054,1097,53,1044
117000055,0,45,-45
117000056,429,60,369
117000057,0,26,-26
117000060,0,0,0
117000061,473,431,42
117000062,0,0,0
117000063,232,163,69
117000064,0,0,0
117000066,5,2,3
117000067,24,103,-79
117000074,0,23,-23
117000076,1,3,-2
117000077,99,48,51
117000078,0,0,0
117000079,43,28,15
117000080,0,0,0
117000081,193,3,190
117000082,0,0,0
117000083,63,3,60
117000084,48,0,48
117000085,15,20,-5
117000086,233,204,29
117000087,18,88,-70
117000088,299,150,149
117000089,1187,195,992
117000090,5,56,-51
117000091,762,103,659
117000092,0,33,-33
117000093,1359,302,1057
117000094,71,93,-22
117000095,2051,224,1827
117000096,39,113,-74
117000097,1245,168,1077
117000098,66,66,0
117000099,1541,187,1354
117000100,0,0,0
117000101,0,0,0
117000102,1015,219,796
117000103,44,58,-14
117000104,739,228,511
117000105,40,38,2
117000106,1128,244,884
117000107,120,17,103
117000108,890,543,347
117000109,153,7,146
117000110,912,806,106
117000111,2467,1574,893
117000112,887,536,351
117000113,0,0,0
117000114,0,7,-7
117000115,0,0,0
117000116,2,0,2
117000117,139,117,22
117000118,14,17,-3
117000119,2,73,-71
117000120,0,55,-55
117000121,0,84,-84
117000122,4,90,-86
117000123,172,74,98
117000124,2,1,1
117000125,0,1,-1
117000126,0,0,0
117000127,0,2,-2
117000128,8,0,8
117000129,196,503,-307
117000130,58,1,57
117000131,0,0,0
117000132,1804,37,1767
117000133,0,0,0
117000134,0,0,0
117000135,0,0,0
117000136,0,0,0
117000137,0,0,0
117000138,0,0,0
117000140,16,77,-61
117000141,1032,192,840
117000181,0,0,0
117000182,0,0,0
117000195,0,0,0
117000196,0,0,0
117000225,0,0,0
117000226,0,0,0
117000276,0,0,0
117000277,0,0,0
117000310,0,389,-389
117000315,0,0,0
117000320,149,0,149
117000906,137,1,136
117000907,0,0,0
117000908,0,0,0
117000909,1,10,-9
117000910,0,0,0
117000911,1,48,-47
117000915,0,0,0
117000916,11,27,-16
117000917,318,21,297
117000918,50,63,-13
117000919,0,0,0
117000920,1,41,-40
117000921,0,0,0
117000922,3,15,-12
117000924,61,267,-206
117000926,71,6,65
117000927,112,590,-478
117000928,0,0,0
117000929,0,0,0
117000930,0,0,0
117000931,0,0,0
117900002,0,0,0
117900003,0,0,0
117900005,0,0,0
117900006,0,0,0
117900007,0,0,0
117900008,0,0,0
117900010,0,0,0
117900011,0,0,0
117900012,0,0,0
117900013,0,0,0
117900014,0,0,0
117900015,0,0,0
117900016,0,0,0
117900017,0,0,0
117900018,0,0,0
117900019,0,0,0
117900020,0,0,0
117900021,0,0,0
117900022,0,0,0
117900023,0,0,0
117900024,0,0,0
117900025,0,0,0
117900026,0,0,0
117900028,0,0,0
117900029,0,0,0
117900030,0,0,0
117900031,0,0,0
117900032,0,0,0
117900033,0,0,0
117900034,0,0,0
117900035,0,0,0
117900036,0,0,0
117900037,0,0,0
117900038,0,0,0
117900039,0,0,0
117900040,0,0,0
117900041,0,0,0
117900042,0,0,0
117900043,0,0,0
117900044,0,0,0
117900045,0,0,0
117900048,0,0,0
117900049,0,0,0
117900050,0,0,0
117900051,0,0,0
117900052,0,0,0
117900053,0,0,0
117900054,0,0,0
117900055,0,0,0
117900056,0,0,0
117900057,0,0,0
117900058,0,0,0
117900059,0,0,0
117900060,0,0,0
117900061,0,0,0
117900063,0,0,0
117900065,0,0,0
117900066,0,0,0
117900067,0,0,0
117900069,0,0,0
117900070,0,0,0
117900071,0,0,0
117900073,0,0,0
117900074,0,0,0
117900075,0,0,0
117900076,0,0,0
117900077,0,0,0
117900078,0,0,0
117900080,0,0,0
117900081,0,0,0
117900082,0,0,0
117900083,0,0,0
117900086,0,0,0
117900087,0,0,0
117900088,0,0,0
117900089,0,0,0
117900090,0,0,0
117900091,0,0,0
117900092,0,0,0
117900093,0,0,0
117900094,0,0,0
117900095,0,0,0
117900096,0,0,0
117900097,0,0,0
117900098,0,0,0
117900099,0,0,0
117900100,0,0,0
117900101,0,0,0
117900102,0,0,0
117900103,0,0,0
117900104,0,0,0
117900105,0,0,0
117900106,0,0,0
117900107,0,0,0
117900109,0,0,0
117900110,0,0,0
117900111,3,0,3
117900112,0,0,0
117900113,0,0,0
117900114,0,0,0
117900115,0,0,0
117900116,0,0,0
117900117,0,0,0
117900118,3,0,3
117900119,0,0,0
117900120,2,0,2
117900121,3,0,3
117900122,0,0,0
117900123,0,0,0
117900124,0,0,0
117900125,0,0,0
117900126,0,0,0
117900127,0,0,0
117900128,0,0,0
117900129,0,0,0
117900130,0,0,0
117900131,0,0,0
117900132,0,0,0
117900133,0,0,0
117900134,0,0,0
117900135,0,0,0
117900136,0,0,0
117900137,0,0,0
117900138,0,0,0
117900139,0,0,0
117900140,8,8,0
117900141,0,0,0
117900142,0,0,0
117900144,0,0,0
117900145,0,0,0
117900146,0,0,0
117900147,0,0,0
117900148,0,0,0
117900149,0,0,0
117900150,0,0,0
117900151,0,0,0
117900152,0,0,0
117900153,0,0,0
117900154,0,0,0
117900156,0,0,0
117900157,0,0,0
117900158,0,0,0
117900160,0,0,0
117900161,0,0,0
117900162,0,0,0
117900163,0,0,0
117900165,0,0,0
117900166,0,0,0
117900168,0,0,0
117900169,0,0,0
117900170,0,0,0
117900171,0,0,0
117900172,0,0,0
117900173,0,0,0
117900174,0,0,0
117900175,0,0,0
117900176,0,0,0
117900177,0,0,0
117900178,0,0,0
117900180,0,0,0
117900181,0,0,0
117900182,0,0,0
117900183,0,0,0
117900184,0,0,0
117900185,0,0,0
117900186,0,0,0
117900187,0,0,0
117900188,0,0,0
117900189,0,0,0
117900190,0,0,0
117900191,0,0,0
117900192,0,0,0
117900193,0,0,0
117900194,0,0,0
117900195,0,0,0
117900196,0,0,0
117900207,0,0,0
117900208,0,0,0
117900209,0,0,0
117900210,0,0,0
117900211,0,0,0
117900212,0,0,0
117900213,0,0,0
117900214,0,0,0
117900215,0,0,0
117900216,0,0,0
117900217,0,0,0
117900218,0,0,0
117900219,0,0,0
117900220,0,0,0
117900222,0,0,0
117900223,0,0,0
118000001,330,724,-394
118000002,14,99,-85
118000003,1066,1986,-920
118000004,29,49,-20
118000005,1974,1796,178
118000006,246,319,-73
118000007,163,775,-612
118000008,155,381,-226
118000009,29,265,-236
118000010,115,381,-266
118000011,0,0,0
118000012,0,0,0
118000013,0,0,0
118000014,0,0,0
118000016,0,0,0
118000017,65,71,-6
118000018,0,0,0
118000019,0,1,-1
118000020,20,93,-73
118000021,3,69,-66
118000022,146,24,122
118000023,273,148,125
118000024,285,256,29
118000027,283,344,-61
118000029,19,393,-374
118000032,300,853,-553
118000033,838,1505,-667
118000034,171,334,-163
118000035,67,338,-271
118000036,86,221,-135
118000037,0,0,0
118000038,37,154,-117
118000039,0,0,0
118000040,240,312,-72
118000041,0,0,0
118000045,1,49,-48
118000046,3,225,-222
118000047,0,0,0
118000048,60,135,-75
118000051,33,285,-252
118000052,16,68,-52
118000053,5,40,-35
118000054,67,106,-39
118000055,0,45,-45
118000056,0,0,0
118000057,0,8,-8
118000058,0,0,0
118000059,9,73,-64
118000060,22,3,19
118000061,17,82,-65
118000062,0,0,0
118000063,1,34,-33
118000064,20,177,-157
118000065,89,78,11
118000066,2,265,-263
118000067,2,41,-39
118000068,28,203,-175
118000069,2,31,-29
118000070,28,74,-46
118000071,102,157,-55
118000072,237,494,-257
118000073,12,126,-114
118000074,1,11,-10
118000075,2,40,-38
118000076,616,2123,-1507
118000077,0,0,0
118000078,692,1068,-376
118000079,30,106,-76
118000080,0,0,0
118000081,455,698,-243
118000082,0,0,0
118000083,0,0,0
118000084,0,0,0
118000086,0,0,0
118000087,157,189,-32
118000088,163,429,-266
118000089,421,265,156
118000090,6,139,-133
118000091,76,242,-166
118000092,0,0,0
118000093,0,0,0
118000096,0,0,0
118000097,0,0,0
118000098,0,0,0
118000099,0,0,0
118000101,460,230,230
118000102,99,40,59
118000107,17,5,12
118000108,33,12,21
118000110,0,0,0
118000111,0,0,0
118000112,125,0,125
118000113,0,0,0
118000114,105,0,105
118000115,0,0,0
118000116,1,0,1
118000117,15,1,14
118000118,329,407,-78
118000119,301,349,-48
118000120,51,13,38
118000121,0,1,-1
118000122,0,0,0
118000123,0,0,0
118000125,0,0,0
118000126,12,25,-13
118000127,105,310,-205
118000128,0,0,0
118000129,125,71,54
118000130,15,140,-125
118000131,46,146,-100
118000132,250,342,-92
118000133,155,115,40
118000135,209,229,-20
118000136,1,19,-18
118000137,0,0,0
118000138,0,0,0
118000139,0,0,0
118000140,17,69,-52
118000141,1188,944,244
118000142,85,22,63
118000143,463,523,-60
118000144,75,111,-36
118000145,311,169,142
118000146,388,64,324
118000147,330,51,279
118000148,26,132,-106
118000149,0,0,0
118000150,382,157,225
118000151,63,38,25
118000153,654,615,39
118000154,401,399,2
118000155,655,731,-76
118000156,249,155,94
118000157,259,94,165
118000158,0,0,0
118000159,71,104,-33
118000160,625,233,392
118000161,0,0,0
118000162,226,85,141
118000163,314,173,141
118000164,723,239,484
118000168,0,0,0
118000169,0,0,0
118000170,44,36,8
118000171,31,36,-5
118000172,0,4,-4
118000173,234,115,119
118000175,219,349,-130
118000176,281,480,-199
118000177,226,304,-78
118000178,0,0,0
118000179,1003,863,140
118000180,677,441,236
118000181,41,33,8
118000182,68,61,7
118000183,97,92,5
118000184,905,225,680
118000185,0,0,0
118000186,0,0,0
118000187,0,0,0
118000188,0,0,0
118000189,0,0,0
118000190,0,0,0
118000191,1,0,1
118000192,0,16,-16
118000193,0,0,0
118000194,693,876,-183
118000195,11,38,-27
118000196,0,0,0
118000197,2,8,-6
118000198,0,70,-70
118000199,154,177,-23
118000200,0,0,0
118000201,0,0,0
118000202,0,0,0
118000203,0,0,0
118000204,0,14,-14
118000205,18,18,0
118000206,86,14,72
118000207,0,0,0
118000208,241,475,-234
118000209,254,45,209
118000210,71,9,62
118000211,45,2,43
118000213,1,83,-82
118000214,58,32,26
118000215,0,0,0
118000216,0,0,0
118000217,0,0,0
118000218,0,0,0
118000219,0,0,0
118000220,1,10,-9
118000221,0,0,0
118000222,0,0,0
118000223,15,17,-2
118000224,0,0,0
118000225,0,0,0
118000226,41,2,39
118000227,46,79,-33
118000228,2,20,-18
118000229,0,0,0
118000230,0,0,0
118000231,0,0,0
118000232,0,0,0
118000233,155,23,132
118000234,0,0,0
118000236,0,0,0
118000237,0,0,0
118000238,0,0,0
118000239,153,23,130
118000240,0,0,0
118000241,0,0,0
118000242,0,0,0
118000243,0,0,0
118000244,0,0,0
118000246,0,0,0
118000255,1,1,0
118000256,0,0,0
118000259,0,0,0
118000260,0,0,0
118000261,0,0,0
118000263,0,0,0
118000266,0,0,0
118000267,0,0,0
118000268,13,0,13
118000270,0,0,0
118000271,0,0,0
118000272,0,0,0
118000273,0,0,0
118000274,0,0,0
118000276,0,0,0
118000295,0,0,0
118000298,0,0,0
118000299,0,0,0
118000301,0,0,0
118000302,0,0,0
118000311,0,0,0
118000312,0,0,0
118000313,0,0,0
118000314,0,0,0
118000315,0,0,0
118000316,0,0,0
118000325,0,0,0
118000326,0,0,0
118000331,0,0,0
118000332,0,0,0
118000333,0,0,0
118000335,90,0,90
118000336,0,0,0
118000407,0,0,0
118000457,0,0,0
118000465,89,147,-58
118000480,0,0,0
118000489,7,120,-113
118000490,0,0,0
118000492,140,31,109
118000510,0,0,0
118000514,30,1,29
118000515,54,0,54
118000517,0,0,0
118000524,0,0,0
118000525,60,81,-21
118000530,13,62,-49
118000531,106,29,77
118000532,0,0,0
118000533,0,0,0
118000534,0,0,0
118000535,72,34,38
118000536,0,0,0
118000537,0,0,0
118000538,0,0,0
118000539,4,26,-22
118000540,0,0,0
118000541,0,0,0
118000542,58,63,-5
118000543,2,30,-28
118000546,0,0,0
118000553,0,0,0
118000557,0,0,0
118000560,0,0,0
118000562,0,0,0
118000563,257,703,-446
118000576,17,0,17
118000577,0,0,0
118000578,0,0,0
118000579,1,10,-9
118000583,0,0,0
118000595,68,128,-60
118000596,0,0,0
118000597,1,0,1
118000598,0,0,0
118000599,0,0,0
118000600,0,0,0
118000601,0,0,0
118000602,0,0,0
118000603,0,0,0
118900001,0,0,0
118900002,0,0,0
118900003,0,0,0
118900004,0,0,0
118900005,0,0,0
118900006,0,0,0
118900007,0,0,0
118900008,0,0,0
118900009,0,0,0
118900010,0,0,0
118900011,0,0,0
118900012,0,0,0
118900013,0,0,0
118900015,0,0,0
118900016,0,0,0
118900017,0,0,0
118900018,0,0,0
118900019,0,0,0
118900020,0,0,0
118900021,0,0,0
118900022,0,0,0
118900023,0,0,0
118900024,0,0,0
118900025,0,0,0
118900026,0,0,0
118900027,0,0,0
118900028,0,0,0
118900029,0,0,0
118900030,0,0,0
118900031,0,0,0
118900032,0,0,0
118900033,0,0,0
118900034,0,0,0
118900035,0,0,0
118900036,0,0,0
118900037,0,0,0
118900038,0,0,0
118900039,0,0,0
118900040,0,0,0
118900041,0,0,0
118900042,0,0,0
118900045,0,0,0
118900046,0,0,0
118900047,0,0,0
118900048,0,0,0
118900049,0,0,0
118900050,0,0,0
118900051,0,0,0
118900052,0,0,0
118900053,0,0,0
118900054,0,0,0
118900055,0,0,0
118900056,0,0,0
118900057,0,0,0
118900058,0,0,0
118900059,0,0,0
118900060,0,0,0
118900062,0,0,0
118900064,0,0,0
118900065,0,0,0
118900066,0,0,0
118900067,0,0,0
118900068,0,0,0
118900069,0,0,0
118900071,0,0,0
118900072,0,0,0
118900073,0,0,0
118900074,0,0,0
118900075,0,0,0
118900076,0,0,0
118900077,0,0,0
118900078,0,0,0
118900079,0,0,0
118900080,0,0,0
118900081,0,0,0
118900082,0,0,0
118900083,0,0,0
118900084,0,0,0
118900085,0,0,0
118900086,0,0,0
118900087,0,0,0
118900088,0,0,0
118900089,0,0,0
118900090,0,0,0
118900091,0,0,0
118900092,0,0,0
118900093,0,0,0
118900096,0,0,0
118900097,0,0,0
118900099,0,0,0
118900100,0,0,0
118900101,0,0,0
118900102,0,0,0
118900103,0,0,0
118900104,1,0,1
118900105,0,0,0
118900107,0,0,0
118900108,0,0,0
118900110,0,0,0
118900111,0,0,0
118900112,0,0,0
118900113,0,0,0
118900114,0,0,0
118900115,0,0,0
118900116,0,0,0
118900117,0,0,0
118900118,0,0,0
118900119,0,0,0
118900120,0,0,0
118900121,0,0,0
118900122,0,0,0
118900123,0,0,0
118900124,0,0,0
118900126,0,0,0
118900129,0,0,0
118900130,0,0,0
118900131,0,0,0
118900132,0,0,0
118900133,0,0,0
118900135,0,0,0
118900136,0,0,0
118900137,0,0,0
118900139,0,0,0
118900140,0,0,0
118900141,0,0,0
118900144,0,0,0
118900145,0,0,0
118900146,0,0,0
118900147,0,0,0
118900148,0,0,0
118900150,0,0,0
118900152,0,0,0
118900157,0,0,0
118900158,0,0,0
118900159,0,0,0
118900161,0,0,0
118900163,0,0,0
118900164,0,0,0
118900165,0,0,0
118900166,0,0,0
118900167,0,0,0
118900168,0,0,0
118900169,0,0,0
118900170,0,0,0
118900171,0,0,0
118900174,0,0,0
118900175,0,0,0
118900176,0,0,0
118900177,0,0,0
118900178,0,0,0
118900179,0,0,0
118900181,0,0,0
118900182,0,0,0
118900183,0,0,0
118900184,0,0,0
118900185,0,0,0
118900186,0,0,0
118900187,0,0,0
118900188,0,0,0
118900189,0,0,0
118900190,0,0,0
118900191,0,0,0
118900192,0,0,0
118900193,0,0,0
118900195,0,0,0
118900196,0,0,0
118900197,0,0,0
118900198,0,0,0
118900199,0,0,0
118900200,0,0,0
118900201,0,0,0
118900202,0,0,0
118900203,0,0,0
118900204,0,0,0
118900205,0,0,0
118900206,0,0,0
119000001,434,408,26
119000002,695,230,465
119000003,54,65,-11
119000004,22,109,-87
119000005,165,107,58
119000006,132,51,81
119000007,912,672,240
119000008,0,0,0
119000009,308,453,-145
119000010,0,0,0
119000011,505,398,107
119000012,26,70,-44
119000013,1477,571,906
119000014,13,76,-63
119000019,64,48,16
119000020,161,144,17
119000021,191,118,73
119000022,0,0,0
119000023,131,192,-61
119000024,196,1267,-1071
119000025,32,139,-107
119000026,0,0,0
119000027,4,60,-56
119000028,123,55,68
119000029,0,0,0
119000030,36,127,-91
119000031,0,0,0
119000032,2,26,-24
119000033,334,95,239
119000034,12,0,12
119000035,0,4,-4
119000036,150,22,128
119000037,4,10,-6
119000038,0,16,-16
119000039,16,25,-9
119000040,0,233,-233
119000041,4,29,-25
119000048,353,147,206
119000049,33,63,-30
119000050,25,16,9
119000051,79,36,43
119000052,3,7,-4
119000053,60,5,55
119000054,322,151,171
119000055,1395,180,1215
119000056,658,396,262
119000057,82,86,-4
119000058,99,92,7
119000059,687,258,429
119000060,0,0,0
119000061,98,87,11
119000062,0,0,0
119000063,58,47,11
119000064,17,88,-71
119000065,64,101,-37
119000066,122,124,-2
119000067,226,116,110
119000068,171,46,125
119000069,305,114,191
119000070,71,39,32
119000071,0,0,0
119000072,257,101,156
119000073,121,45,76
119000074,307,127,180
119000075,315,71,244
119000076,0,0,0
119000077,0,0,0
119000078,0,0,0
119000079,0,0,0
119000080,0,0,0
119000081,0,0,0
119000082,0,0,0
119000083,0,0,0
119000084,0,0,0
119000085,0,0,0
119000086,0,0,0
119000087,0,0,0
119000088,0,0,0
119000089,0,0,0
119000090,0,0,0
119000091,0,0,0
119000092,0,0,0
119000093,331,106,225
119000094,947,226,721
119000095,59,146,-87
119000097,130,124,6
119000098,182,522,-340
119000099,560,130,430
119000100,433,316,117
119000101,0,0,0
119000102,0,0,0
119000103,13,9,4
119000104,0,0,0
119000105,74,97,-23
119000106,0,0,0
119000107,168,116,52
119000108,0,0,0
119000109,0,0,0
119000110,0,0,0
119000111,0,0,0
119000112,0,0,0
119000113,0,0,0
119000114,32,33,-1
119000115,0,0,0
119000116,7,36,-29
119000117,0,0,0
119000118,0,0,0
119000123,0,0,0
119000124,84,26,58
119000125,385,38,347
119000126,295,46,249
119000127,0,0,0
119000128,0,0,0
119000131,0,0,0
119000132,0,0,0
119000133,0,0,0
119000134,277,239,38
119000135,0,0,0
119000136,0,0,0
119000137,0,0,0
119000138,0,0,0
119000139,0,0,0
119000140,0,0,0
119000284,0,6,-6
119000285,4,17,-13
119000286,0,0,0
119000287,0,0,0
119000288,0,0,0
119000289,0,0,0
119000290,81,10,71
119000291,0,0,0
119000293,0,10,-10
119000294,165,76,89
119000295,0,0,0
119000296,0,0,0
119000302,8,29,-21
119000303,0,44,-44
119000304,0,0,0
119000310,0,0,0
119000314,0,0,0
119000315,0,0,0
119000316,0,0,0
119000317,0,0,0
119900001,0,0,0
119900002,0,0,0
119900003,0,0,0
119900004,0,0,0
119900005,0,0,0
119900006,0,0,0
119900007,0,0,0
119900008,0,0,0
119900009,0,0,0
119900010,0,0,0
119900011,0,0,0
119900012,0,0,0
119900013,0,0,0
119900014,0,0,0
119900015,0,0,0
119900016,0,0,0
119900017,0,0,0
119900018,0,0,0
119900019,0,0,0
119900020,0,0,0
119900021,0,0,0
119900022,0,0,0
119900023,0,0,0
119900025,0,0,0
119900026,0,0,0
119900027,0,0,0
119900028,0,0,0
119900029,0,0,0
119900030,0,0,0
119900031,0,0,0
119900033,0,0,0
119900034,0,0,0
119900037,0,0,0
119900038,0,0,0
119900039,0,0,0
119900040,0,0,0
119900041,0,0,0
119900042,0,0,0
119900043,0,0,0
119900044,0,0,0
119900046,0,0,0
119900047,0,0,0
119900048,0,0,0
119900049,0,0,0
119900050,0,0,0
119900051,0,0,0
119900052,0,0,0
119900053,0,0,0
119900054,0,0,0
119900055,0,0,0
119900057,0,0,0
119900058,0,0,0
119900059,0,0,0
119900060,0,0,0
119900062,0,0,0
119900063,0,0,0
119900065,0,0,0
119900066,0,0,0
119900067,0,0,0
119900068,0,0,0
119900069,0,0,0
119900070,0,0,0
119900071,0,0,0
119900073,0,0,0
119900074,0,0,0
119900075,0,0,0
119900076,0,0,0
119900077,0,0,0
119900078,0,0,0
119900079,0,0,0
119900080,0,0,0
119900081,0,0,0
119900082,4,2,2
119900083,0,0,0
119900084,0,0,0
119900085,0,0,0
119900087,0,0,0
119900088,0,0,0
119900089,0,0,0
119900090,0,0,0
119900091,0,0,0
119900092,0,0,0
119900093,0,0,0
119900094,0,0,0
119900095,0,0,0
119900096,0,0,0
119900097,0,0,0
119900098,0,0,0
119900099,0,0,0
119900100,0,0,0
119900101,0,0,0
119900102,0,0,0
119900103,0,0,0
119900104,0,0,0
119900105,0,0,0
119900106,0,0,0
119900107,0,0,0
119900108,0,0,0
119900109,0,0,0
119900110,0,0,0
119900111,0,0,0
119900112,0,0,0
119900113,0,0,0
119900114,0,0,0
119900115,0,0,0
119900116,0,0,0
119900117,0,0,0
119900118,0,0,0
119900119,0,0,0
119900120,0,0,0
119900121,0,0,0
119900122,0,0,0
119900123,0,0,0
119900124,0,0,0
119900125,0,0,0
119900126,0,0,0
119900127,0,0,0
119900128,0,0,0
119900129,0,0,0
119900130,0,0,0
119900131,0,0,0
119900132,0,0,0
119900133,0,0,0
119900134,0,0,0
119900135,0,0,0
119900136,0,0,0
119900138,0,0,0
119900139,0,0,0
119900140,0,0,0
119900141,0,0,0
119900142,0,0,0
119900143,0,0,0
119900144,0,0,0
119900145,0,0,0
119900146,0,0,0
119900147,0,0,0
119900148,0,0,0
119900149,0,0,0
119900150,0,0,0
119900151,0,0,0
119900152,0,0,0
119900153,0,0,0
119900154,0,0,0
119900155,0,0,0
119900156,0,0,0
119900157,0,0,0
119900158,0,0,0
119900159,0,0,0
119900160,0,0,0
119900161,0,0,0
119900162,0,0,0
119900163,0,0,0
119900164,0,0,0
119900165,0,0,0
119900166,0,0,0
119900167,0,0,0
119900168,0,0,0
119900169,0,0,0
119900170,0,0,0
119900171,0,0,0
119900172,0,0,0
119900173,0,0,0
119900174,0,0,0
119900175,0,0,0
119900177,0,0,0
119900178,0,0,0
119900179,0,0,0
119900180,0,0,0
119900181,0,0,0
119900182,0,0,0
119900183,0,0,0
119900184,0,0,0
119900185,0,0,0
119900186,0,0,0
119900187,0,0,0
119900188,0,0,0
119900189,0,0,0
119900190,0,0,0
119900191,0,0,0
119900192,0,0,0
119900193,0,0,0
119900194,0,0,0
119900195,0,0,0
119900196,0,0,0
119900197,0,0,0
119900198,0,0,0
119900199,0,0,0
119900200,0,0,0
119900201,0,0,0
119900202,0,0,0
119900203,0,0,0
119900204,0,0,0
119900205,0,0,0
119900206,0,0,0
119900208,0,0,0
119900209,0,0,0
119900210,0,0,0
119900211,0,0,0
119900212,0,0,0
119900213,0,0,0
119900214,0,0,0
119900215,0,0,0
119900216,0,0,0
119900217,0,0,0
119900218,0,0,0
119900219,0,0,0
119900220,0,0,0
119900221,0,0,0
119900222,0,0,0
119900223,0,0,0
119900224,0,0,0
119900225,0,0,0
119900226,0,0,0
119900227,0,0,0
119900228,0,0,0
119900229,0,0,0
119900230,0,0,0
119900231,0,0,0
119900232,0,0,0
119900233,0,0,0
119900234,0,0,0
119900235,0,0,0
119900236,0,0,0
119900237,0,0,0
119900238,0,0,0
119900240,0,0,0
119900241,0,0,0
119900242,0,0,0
119900244,0,0,0
119900245,0,0,0
119900246,0,0,0
119900247,0,0,0
119900248,0,0,0
119900249,0,0,0
119900253,0,0,0
119900254,0,0,0
119900255,0,0,0
119900256,0,0,0
119900257,0,0,0
119900258,0,0,0
119900259,0,0,0
119900260,0,0,0
119900261,0,0,0
119900262,0,0,0
119900263,0,0,0
119900264,0,0,0
119900265,0,0,0
119900266,0,0,0
119900267,0,0,0
119900268,0,0,0
119900269,0,0,0
119900271,0,0,0
119900272,0,0,0
119900275,0,0,0
119900276,0,0,0
119900277,0,0,0
119900278,0,0,0
119900279,0,0,0
119900280,0,0,0
119900281,0,0,0
119900282,0,0,0
119900283,0,0,0
119900284,0,0,0
119900285,0,0,0
119900286,0,0,0
119900288,0,0,0
119900289,0,0,0
119900290,0,0,0
119900291,0,0,0
119900292,0,0,0
119900293,0,0,0
119900294,0,0,0
119900295,0,0,0
119900296,1,1,0
119900299,0,0,0
119900300,0,0,0
119900301,0,0,0
119900302,0,0,0
119900303,0,0,0
119900304,0,0,0
119900305,0,0,0
119900306,0,0,0
119900307,0,0,0
119900308,0,0,0
119900309,0,0,0
119900310,0,0,0
119900311,0,0,0
119900312,0,0,0
119900313,0,0,0
119900314,0,0,0
119900315,0,0,0
119900318,0,0,0
119900319,0,0,0
119900320,0,0,0
119900321,0,0,0
119900322,0,0,0
119900323,0,0,0
119900324,0,0,0
119900325,0,0,0
119900326,0,0,0
120000001,2000,2464,-464
120000002,150,160,-10
120000003,62,154,-92
120000004,132,240,-108
120000005,248,235,13
120000006,64,92,-28
120000007,139,106,33
120000008,48,103,-55
120000009,21,22,-1
120000010,64,91,-27
120000011,19,122,-103
120000012,44,313,-269
120000013,649,258,391
120000014,253,272,-19
120000015,899,553,346
120000016,2327,648,1679
120000017,788,470,318
120000018,1601,608,993
120000019,343,185,158
120000020,953,529,424
120000021,302,901,-599
120000022,2299,1573,726
120000023,455,293,162
120000024,200,379,-179
120000025,938,440,498
120000026,387,665,-278
120000027,678,815,-137
120000028,6,0,6
120000029,43,207,-164
120000030,10,183,-173
120000031,682,656,26
120000032,539,106,433
120000033,240,97,143
120000034,302,69,233
120000035,563,95,468
120000036,1314,965,349
120000037,387,717,-330
120000038,375,861,-486
120000039,12,59,-47
120000040,0,25,-25
120000041,23,25,-2
120000042,53,49,4
120000043,141,54,87
120000044,27,6,21
120000045,13,0,13
120000046,121,51,70
120000047,5,27,-22
120000048,725,267,458
120000049,589,242,347
120000050,67,210,-143
120000051,84,344,-260
120000052,0,0,0
120000053,215,35,180
120000054,77,41,36
120000055,78,26,52
120000056,481,264,217
120000057,358,110,248
120000058,62,76,-14
120000059,5,346,-341
120000061,0,5,-5
120000062,0,0,0
120000063,104,6,98
120000064,48,4,44
120000065,119,5,114
120000066,48,3,45
120000067,11,14,-3
120000068,28,33,-5
120000069,72,22,50
120000070,5,10,-5
120000071,379,210,169
120000072,472,162,310
120000073,273,155,118
120000074,101,68,33
120000075,591,64,527
120000076,938,139,799
120000077,406,238,168
120000078,603,273,330
120000079,0,0,0
120000080,0,0,0
120000081,0,0,0
120000082,0,0,0
120000083,0,0,0
120000084,34,11,23
120000085,4,5,-1
120000086,47,7,40
120000087,20,4,16
120000088,408,67,341
120000089,643,61,582
120000090,296,71,225
120000091,633,200,433
120000092,884,192,692
120000093,121,185,-64
120000094,93,403,-310
120000095,0,0,0
120000096,0,0,0
120000098,136,0,136
120000099,31,0,31
120000100,150,1,149
120000101,91,1,90
120000102,109,809,-700
120000103,672,751,-79
120000104,1430,117,1313
120000105,1758,59,1699
120000106,1665,53,1612
120000107,2010,36,1974
120000108,1129,32,1097
120000109,303,7,296
120000110,1,42,-41
120000111,0,19,-19
120000112,6,18,-12
120000113,3,24,-21
120000114,69,11,58
120000115,3,25,-22
120000116,28,44,-16
120000117,0,0,0
120000118,0,0,0
120000119,9,68,-59
120000120,0,0,0
120000121,24,57,-33
120000122,86,180,-94
120000123,329,178,151
120000124,227,186,41
120000125,9,6,3
120000126,115,257,-142
120000127,232,113,119
120000128,108,24,84
120000129,156,67,89
120000130,650,147,503
120000131,115,110,5
120000134,0,0,0
120000135,0,0,0
120000137,0,0,0
120000138,0,0,0
120000139,0,0,0
120000140,0,0,0
120000141,0,0,0
120000142,0,0,0
120000143,0,0,0
120000144,0,0,0
120000145,0,0,0
120000146,495,549,-54
120000149,0,0,0
120000150,0,0,0
120000151,98,46,52
120000152,224,28,196
120000153,0,0,0
120000154,60,0,60
120000155,134,61,73
120000156,171,25,146
120000157,189,92,97
120000158,0,0,0
120000159,94,350,-256
120000160,719,267,452
120000161,388,167,221
120000162,18,151,-133
120000163,0,0,0
120000164,0,0,0
120000165,70,13,57
120000166,110,96,14
120000167,0,0,0
120000168,0,0,0
120000169,0,0,0
120000170,0,0,0
120000171,0,0,0
120000172,0,0,0
120000173,0,0,0
120000174,0,0,0
120000175,0,0,0
120000176,0,0,0
120000177,0,0,0
120000178,0,0,0
120000179,0,0,0
120000180,0,0,0
120000181,0,0,0
120000182,0,0,0
120000183,0,0,0
120000184,0,0,0
120000186,0,0,0
120000187,0,0,0
120000188,0,0,0
120000190,0,0,0
120000191,0,0,0
120000192,0,0,0
120000193,0,0,0
120000195,0,0,0
120000196,0,0,0
120000197,0,0,0
120000198,0,0,0
120000199,0,0,0
120000200,0,0,0
120000201,0,0,0
120000202,0,0,0
120000203,0,0,0
120000207,0,0,0
120000208,0,0,0
120000209,0,0,0
120000210,0,0,0
120000211,0,0,0
120000212,0,0,0
120000213,0,0,0
120000214,0,0,0
120000215,0,0,0
120000216,0,0,0
120000217,0,0,0
120000218,0,0,0
120000219,0,0,0
120000220,0,0,0
120000225,0,0,0
120000226,0,0,0
120000227,0,0,0
120000228,0,0,0
120000230,0,0,0
120000231,0,0,0
120000233,359,0,359
120000235,0,42,-42
120000236,882,2,880
120000237,0,53,-53
120000238,0,0,0
120000241,658,662,-4
120000412,0,0,0
120000413,0,0,0
120000414,0,0,0
120000415,0,0,0
120000416,0,0,0
120000417,0,0,0
120000418,0,0,0
120000419,0,0,0
120000420,44,0,44
120000421,477,507,-30
120000422,0,0,0
120000423,0,0,0
120000424,0,0,0
120000436,139,68,71
120000437,0,0,0
120000438,0,0,0
120000439,379,160,219
120000443,0,0,0
120000444,489,102,387
120000445,348,326,22
120000446,165,64,101
120000447,472,0,472
120000449,0,0,0
120000450,0,0,0
120000451,65,48,17
120000452,31,0,31
120000453,0,0,0
120000454,20,0,20
120000455,17,153,-136
120000456,2,221,-219
120000457,76,22,54
120000458,3,0,3
120000459,21,36,-15
120000665,7,232,-225
120000668,0,44,-44
120000669,57,15,42
120000670,0,50,-50
120000671,68,11,57
120000672,1,39,-38
120900001,0,0,0
120900002,0,0,0
120900003,0,0,0
120900004,0,0,0
120900005,0,0,0
120900006,0,0,0
120900007,0,0,0
120900008,0,0,0
120900009,0,0,0
120900010,0,0,0
120900011,0,0,0
120900012,0,0,0
120900013,0,0,0
120900014,0,0,0
120900015,0,0,0
120900016,0,0,0
120900017,0,0,0
120900018,0,0,0
120900019,0,0,0
120900020,0,0,0
120900021,0,0,0
120900022,0,0,0
120900023,0,0,0
120900024,0,0,0
120900025,0,0,0
120900026,0,0,0
120900027,0,0,0
120900028,0,0,0
120900029,0,0,0
120900030,0,0,0
120900031,0,0,0
120900032,0,0,0
120900033,0,0,0
120900034,0,0,0
120900035,0,0,0
120900037,0,0,0
120900038,0,0,0
120900039,0,0,0
120900040,0,0,0
120900041,0,0,0
120900042,0,0,0
120900043,0,0,0
120900044,0,0,0
120900045,0,0,0
120900046,0,0,0
120900047,0,0,0
120900048,0,0,0
120900049,0,0,0
120900050,0,0,0
120900051,0,0,0
120900052,0,0,0
120900053,0,0,0
120900054,0,0,0
120900055,0,0,0
120900056,0,0,0
120900057,0,0,0
120900058,0,0,0
120900059,0,0,0
120900060,0,0,0
120900061,0,0,0
120900062,0,0,0
120900063,0,0,0
120900064,0,0,0
120900065,0,0,0
120900066,0,0,0
120900067,0,0,0
120900068,0,0,0
120900069,0,0,0
120900071,0,0,0
120900072,0,0,0
120900073,0,0,0
120900074,0,0,0
120900076,0,0,0
120900077,0,0,0
120900078,0,0,0
120900079,0,0,0
120900080,0,0,0
120900081,1,0,1
120900082,0,0,0
120900083,0,0,0
120900084,0,0,0
120900085,0,0,0
120900086,0,0,0
120900087,0,0,0
120900088,0,0,0
120900089,0,0,0
120900090,0,0,0
120900091,0,0,0
120900092,0,0,0
120900093,0,0,0
120900094,0,0,0
120900095,0,0,0
120900096,0,0,0
120900097,0,0,0
120900098,0,0,0
120900099,0,0,0
120900100,0,0,0
120900101,0,0,0
120900102,0,0,0
120900103,0,0,0
120900104,0,0,0
120900105,0,0,0
120900106,0,0,0
120900107,0,0,0
120900108,0,0,0
120900109,0,0,0
120900110,0,0,0
120900111,0,0,0
120900112,0,0,0
120900113,0,0,0
120900114,0,0,0
120900115,90,42,48
120900116,0,0,0
120900117,0,0,0
120900118,0,0,0
120900119,0,0,0
120900120,0,0,0
120900121,0,0,0
120900122,0,0,0
120900123,0,0,0
120900124,0,0,0
120900125,0,0,0
120900126,0,0,0
120900127,0,0,0
120900128,0,0,0
120900129,0,0,0
120900130,0,0,0
120900131,0,0,0
120900132,0,0,0
120900133,0,0,0
120900134,0,0,0
120900135,0,0,0
120900136,0,0,0
120900137,0,0,0
120900138,0,0,0
120900139,0,0,0
120900140,0,0,0
120900141,0,0,0
120900142,0,0,0
120900143,0,0,0
120900144,0,0,0
120900145,0,0,0
120900146,0,0,0
120900147,0,0,0
120900148,0,0,0
120900149,0,0,0
120900150,0,0,0
120900151,0,0,0
120900152,0,0,0
120900153,0,0,0
120900154,0,0,0
120900155,0,0,0
120900156,0,0,0
120900157,0,0,0
120900158,0,0,0
120900159,0,0,0
120900160,0,0,0
120900161,0,0,0
120900162,0,0,0
120900163,0,0,0
120900164,0,0,0
120900165,0,0,0
120900166,0,0,0
120900167,0,0,0
120900169,0,0,0
120900170,0,0,0
120900171,0,0,0
120900172,0,0,0
120900173,0,0,0
120900174,0,0,0
120900175,0,0,0
120900176,0,0,0
120900177,0,0,0
120900178,0,0,0
120900179,0,0,0
120900180,0,0,0
120900181,0,0,0
120900182,0,0,0
120900183,0,0,0
120900184,0,0,0
120900185,0,0,0
120900186,0,0,0
120900187,0,0,0
120900188,0,0,0
120900189,0,0,0
120900190,0,0,0
120900191,0,0,0
120900192,0,0,0
120900194,0,0,0
120900195,0,0,0
120900196,0,0,0
120900197,0,0,0
120900198,0,0,0
120900199,0,0,0
120900200,0,0,0
120900201,0,0,0
120900202,0,0,0
120900203,0,0,0
120900204,0,0,0
120900205,0,0,0
120900206,0,0,0
120900207,0,0,0
121000001,0,0,0
121000002,239,191,48
121000003,0,0,0
121000004,278,206,72
121000005,7,56,-49
121000006,218,311,-93
121000007,3,37,-34
121000008,440,433,7
121000009,89,73,16
121000010,721,393,328
121000011,494,337,157
121000012,2239,738,1501
121000013,389,436,-47
121000014,2336,807,1529
121000015,811,1183,-372
121000016,1017,842,175
121000017,82,188,-106
121000018,173,216,-43
121000019,300,295,5
121000020,748,1099,-351
121000021,22,33,-11
121000022,133,501,-368
121000023,30,26,4
121000024,700,708,-8
121000025,45,86,-41
121000026,77,91,-14
121000027,82,129,-47
121000028,21,66,-45
121000029,89,25,64
121000030,0,0,0
121000031,0,24,-24
121000032,0,0,0
121000034,8,5,3
121000035,0,0,0
121000036,30,47,-17
121000037,67,49,18
121000038,41,97,-56
121000039,0,0,0
121000041,0,0,0
121000042,3,51,-48
121000043,69,14,55
121000044,9,73,-64
121000045,6,23,-17
121000046,0,0,0
121000047,0,0,0
121000049,123,53,70
121000050,23,198,-175
121000051,7,33,-26
121000052,24,61,-37
121000053,17,3,14
121000054,0,0,0
121000055,0,0,0
121000056,229,367,-138
121000057,0,0,0
121000058,1,9,-8
121000059,10,26,-16
121000060,83,27,56
121000061,0,26,-26
121000062,0,14,-14
121000063,9,23,-14
121000064,35,6,29
121000065,4,24,-20
121000066,0,0,0
121000067,0,0,0
121000068,32,6,26
121000069,1,4,-3
121000070,90,166,-76
121000071,40,256,-216
121000072,17,34,-17
121000073,48,206,-158
121000074,0,0,0
121000075,0,0,0
121000076,1,0,1
121000077,10,11,-1
121000078,0,0,0
121000080,146,80,66
121000081,320,281,39
121000082,34,71,-37
121000083,8,13,-5
121000084,0,0,0
121000085,103,56,47
121000086,0,55,-55
121000087,2,56,-54
121000088,0,0,0
121000089,1,130,-129
121000090,0,0,0
121000091,763,109,654
121000092,19,24,-5
121000093,10,49,-39
121000094,66,44,22
121000095,0,0,0
121000096,0,0,0
121000097,0,0,0
121000098,33,48,-15
121000099,6,11,-5
121000100,0,0,0
121000101,15,19,-4
121000102,0,0,0
121000103,1,5,-4
121000104,0,0,0
121000105,0,0,0
121000106,19,12,7
121000107,200,246,-46
121000109,59,236,-177
121000110,0,0,0
121000114,272,423,-151
121000115,0,0,0
121000116,0,0,0
121000117,0,0,0
121000118,0,0,0
121000119,0,0,0
121000120,1,49,-48
121000121,0,1,-1
121000123,0,0,0
121000126,0,0,0
121000127,0,0,0
121000128,0,0,0
121000129,0,0,0
121000130,38,45,-7
121000131,0,0,0
121000132,6,77,-71
121000135,0,0,0
121000136,24,90,-66
121000137,0,0,0
121000138,9,47,-38
121000139,0,0,0
121000141,0,0,0
121000142,0,0,0
121000143,0,0,0
121000144,0,0,0
121000145,0,0,0
121000146,55,11,44
121000147,31,50,-19
121000148,0,0,0
121000149,152,321,-169
121000152,23,26,-3
121000153,78,8,70
121000154,142,13,129
121000155,117,21,96
121000156,111,46,65
121000157,44,26,18
121000158,56,14,42
121000159,25,16,9
121000160,6,6,0
121000161,0,0,0
121000162,0,0,0
121000165,132,728,-596
121000166,1,37,-36
121000168,15,76,-61
121000169,5,10,-5
121000170,52,61,-9
121000171,37,53,-16
121000172,42,113,-71
121000173,4,13,-9
121000174,7,14,-7
121000175,11,15,-4
121000176,14,14,0
121000177,3,2,1
121000178,0,0,0
121000179,11,20,-9
121000181,42,172,-130
121000182,61,79,-18
121000183,3,17,-14
121000184,16,15,1
121000185,0,6,-6
121000186,0,3,-3
121000187,0,0,0
121000188,0,0,0
121000192,16,5,11
121000193,0,0,0
121000194,48,177,-129
121000195,0,0,0
121000196,0,0,0
121000197,1,2,-1
121000198,0,0,0
121000199,1,3,-2
121000200,0,0,0
121000201,0,0,0
121000202,0,0,0
121000203,0,0,0
121000204,0,0,0
121000205,11,16,-5
121000206,0,0,0
121000207,0,0,0
121000208,0,0,0
121000209,42,7,35
121000210,0,0,0
121000211,1,0,1
121000212,0,0,0
121000213,38,132,-94
121000214,16,131,-115
121000215,56,78,-22
121000216,48,54,-6
121000217,576,210,366
121000218,6,18,-12
121000219,134,150,-16
121000220,0,0,0
121000221,5,103,-98
121000222,25,63,-38
121000223,0,0,0
121000224,0,0,0
121000225,0,35,-35
121000226,25,282,-257
121000227,0,0,0
121000228,0,0,0
121000229,0,0,0
121000230,0,0,0
121000231,174,1,173
121000232,0,0,0
121000233,177,3,174
121000234,1,22,-21
121000235,0,11,-11
121000236,0,6,-6
121000237,24,0,24
121000238,0,2,-2
121000239,5,0,5
121000240,0,23,-23
121000241,38,1,37
121000242,2,3,-1
121000243,25,0,25
121000244,0,8,-8
121000245,17,0,17
121000246,0,12,-12
121000247,25,0,25
121000248,50,7,43
121000249,0,0,0
121000250,40,121,-81
121000251,0,0,0
121000252,0,54,-54
121000253,0,0,0
121000254,146,14,132
121000255,0,0,0
121000256,29,24,5
121000257,0,0,0
121000258,24,55,-31
121000259,0,0,0
121000260,0,0,0
121000261,2,49,-47
121000262,0,0,0
121000263,21,97,-76
121000271,0,0,0
121000273,0,0,0
121000274,6,13,-7
121000275,0,0,0
121000276,0,4,-4
121000278,21,4,17
121000279,0,0,0
121000280,10,24,-14
121000289,5,2,3
121000290,57,59,-2
121000294,0,0,0
121000297,50,52,-2
121000299,0,0,0
121000300,0,0,0
121000302,1,87,-86
121000303,10,17,-7
121000304,173,131,42
121000305,29,87,-58
121000306,35,39,-4
121000308,0,0,0
121000309,3,15,-12
121000310,0,10,-10
121000311,2,8,-6
121000312,80,43,37
121000313,0,0,0
121000314,0,0,0
121000315,0,0,0
121000530,336,244,92
121000531,481,281,200
121000532,1185,376,809
121000533,3505,1208,2297
121000918,0,0,0
121000919,0,0,0
121000938,0,0,0
121000939,14,54,-40
121000956,0,0,0
121000957,0,0,0
121000958,0,4,-4
121000959,13,12,1
121000960,19,40,-21
121000961,130,1,129
121000962,3,19,-16
121000973,0,0,0
121000976,0,0,0
121000979,0,0,0
121000981,66,24,42
121000982,0,0,0
121000983,15,0,15
121000984,0,0,0
121000985,0,0,0
121000986,0,0,0
121000987,0,0,0
121000988,272,29,243
121001302,0,0,0
121001308,0,0,0
121001309,0,0,0
121001311,0,0,0
121001313,0,0,0
121001314,0,0,0
121001315,1418,97,1321
121001318,2,0,2
121900001,6,59,-53
121900002,0,0,0
121900003,0,0,0
121900004,0,0,0
121900005,0,0,0
121900006,0,0,0
121900007,2,2,0
121900008,0,0,0
121900009,0,0,0
121900010,0,0,0
121900011,0,0,0
121900012,0,0,0
121900013,0,0,0
121900014,0,0,0
121900015,0,0,0
121900016,0,0,0
121900017,0,0,0
121900018,0,0,0
121900019,0,0,0
121900020,0,0,0
121900021,0,0,0
121900022,0,0,0
121900023,0,0,0
121900024,0,0,0
121900025,0,0,0
121900026,0,0,0
121900027,0,0,0
121900028,0,0,0
121900029,0,0,0
121900030,0,0,0
121900031,0,0,0
121900032,0,0,0
121900033,0,0,0
121900034,0,0,0
121900035,0,0,0
121900036,0,0,0
121900037,0,0,0
121900038,0,0,0
121900039,0,0,0
121900040,0,0,0
121900041,0,0,0
121900042,0,0,0
121900043,0,0,0
121900044,0,0,0
121900046,0,0,0
121900047,0,0,0
121900048,0,0,0
121900050,0,0,0
121900051,0,0,0
121900052,0,0,0
121900053,0,0,0
121900054,0,0,0
121900055,0,0,0
121900058,0,0,0
121900059,0,0,0
121900060,0,0,0
121900061,0,0,0
121900062,0,0,0
121900063,0,0,0
121900064,0,0,0
121900066,0,0,0
121900067,0,0,0
121900069,0,0,0
121900070,0,0,0
121900071,0,0,0
121900072,0,0,0
121900073,0,0,0
121900074,0,0,0
121900075,0,0,0
121900076,0,0,0
121900077,0,0,0
121900078,0,0,0
121900079,0,0,0
121900080,0,0,0
121900082,0,0,0
121900084,0,0,0
121900085,0,0,0
121900086,0,0,0
121900087,0,0,0
121900088,0,0,0
121900089,0,0,0
121900090,0,0,0
121900091,0,0,0
121900092,0,0,0
121900093,0,0,0
121900094,0,0,0
121900095,0,0,0
121900096,0,0,0
121900097,0,0,0
121900098,0,0,0
121900099,0,0,0
121900100,0,0,0
121900101,0,0,0
121900102,0,0,0
121900103,0,0,0
121900104,0,0,0
121900105,0,0,0
121900106,0,0,0
121900107,0,0,0
121900108,0,0,0
121900109,0,0,0
121900110,0,0,0
121900111,0,0,0
121900112,0,0,0
121900113,0,0,0
121900114,0,0,0
121900117,0,0,0
121900118,0,0,0
121900119,0,0,0
121900120,0,0,0
121900121,0,0,0
121900122,0,0,0
121900123,0,0,0
121900124,0,0,0
121900125,0,0,0
121900127,0,0,0
121900128,0,0,0
121900129,0,0,0
121900130,0,0,0
121900131,0,0,0
121900132,0,0,0
121900133,0,0,0
121900134,0,0,0
121900135,0,0,0
121900136,0,0,0
121900137,0,0,0
121900138,0,0,0
121900139,0,0,0
121900140,0,0,0
121900141,0,0,0
121900142,0,0,0
121900143,0,0,0
121900144,0,0,0
121900145,0,0,0
121900146,0,0,0
121900147,0,0,0
121900148,0,0,0
121900149,0,0,0
121900150,0,0,0
121900151,0,0,0
121900152,0,0,0
121900153,0,0,0
121900154,0,0,0
121900155,0,0,0
121900156,0,0,0
121900157,0,0,0
121900158,0,0,0
121900159,0,0,0
121900160,0,0,0
121900161,0,0,0
121900162,0,0,0
121900163,0,0,0
121900164,0,0,0
121900165,0,0,0
121900166,0,0,0
121900167,0,0,0
121900168,0,0,0
121900169,0,0,0
121900170,0,0,0
121900171,0,0,0
121900172,0,0,0
121900173,0,0,0
121900174,0,0,0
121900175,0,0,0
121900176,0,0,0
121900177,0,0,0
121900178,0,0,0
121900179,0,0,0
121900180,0,0,0
121900182,0,0,0
121900183,0,0,0
121900184,0,0,0
121900186,0,0,0
121900187,0,0,0
121900188,0,0,0
121900189,0,0,0
121900190,0,0,0
121900191,0,0,0
121900192,0,0,0
121900193,0,0,0
121900194,0,0,0
121900195,0,0,0
121900196,0,0,0
121900197,0,0,0
121900198,0,0,0
121900199,0,0,0
121900200,0,0,0
121900201,0,0,0
121900202,0,0,0
121900203,0,0,0
121900204,0,0,0
121900205,0,0,0
121900206,0,0,0
121900207,0,0,0
121900208,0,0,0
121900209,0,0,0
121900210,0,0,0
121900211,0,0,0
121900212,0,0,0
121900213,0,0,0
121900214,0,0,0
121900215,0,0,0
121900216,0,0,0
121900217,0,0,0
121900218,0,0,0
121900220,0,0,0
121900221,0,0,0
121900222,0,0,0
121900223,0,0,0
121900224,0,0,0
121900225,0,0,0
121900226,0,0,0
121900227,0,0,0
121900228,0,0,0
121900230,0,0,0
121900231,0,0,0
121900232,0,0,0
121900233,0,0,0
121900234,0,0,0
121900235,0,0,0
121900236,0,0,0
121900237,0,0,0
121900238,0,0,0
121900239,0,0,0
121900240,0,0,0
121900241,0,0,0
121900242,0,0,0
121900243,0,0,0
121900244,0,0,0
121900245,0,0,0
121900246,0,0,0
121900247,0,0,0
121900248,0,0,0
121900250,0,0,0
121900251,0,0,0
121900252,0,0,0
121900253,0,0,0
121900254,0,0,0
121900255,0,0,0
121900258,0,0,0
121900259,0,0,0
121900260,0,0,0
121900261,0,0,0
121900262,0,0,0
121900263,0,0,0
121900264,0,0,0
121900265,0,0,0
121900266,0,0,0
121900267,0,0,0
121900269,0,0,0
121900270,0,0,0
121900271,0,0,0
121900273,0,0,0
121900274,0,0,0
121900277,0,0,0
121900278,0,0,0
121900279,0,0,0
121900280,0,0,0
121900281,0,0,0
121900284,0,0,0
121900286,0,0,0
121900287,0,0,0
121900288,0,0,0
121900290,0,0,0
121900291,0,0,0
121900292,0,0,0
121900293,0,0,0
121900294,0,0,0
121900295,0,0,0
121900296,0,0,0
121900298,0,0,0
121900299,0,0,0
121900300,0,0,0
121900301,0,0,0
121900302,0,0,0
121900303,0,0,0
121900304,0,0,0
121900305,0,0,0
121900306,0,0,0
121900307,0,0,0
121900308,0,0,0
121900309,0,0,0
121900310,0,0,0
121900311,0,0,0
121900312,0,0,0
121900313,0,0,0
121900314,0,0,0
121900315,0,0,0
121900316,0,0,0
121900317,0,0,0
121900318,0,0,0
121900319,0,0,0
121900320,0,0,0
121900321,0,0,0
121900322,0,0,0
121900323,0,0,0
121900324,0,0,0
121900325,0,0,0
121900326,0,0,0
121900327,0,0,0
121900328,0,0,0
121900329,0,0,0
121900330,0,0,0
121900331,0,0,0
121900332,0,0,0
121900333,0,0,0
121900334,0,0,0
122000001,65,130,-65
122000002,116,50,66
122000003,66,92,-26
122000004,130,145,-15
122000005,413,637,-224
122000006,68,271,-203
122000007,46,271,-225
122000008,125,184,-59
122000009,22,41,-19
122000010,848,353,495
122000011,184,150,34
122000012,169,107,62
122000013,13,71,-58
122000014,0,20,-20
122000015,59,56,3
122000016,4,82,-78
122000017,5,15,-10
122000018,11,19,-8
122000019,5,24,-19
122000020,0,0,0
122000021,0,0,0
122000022,138,15,123
122000023,13,29,-16
122000024,248,145,103
122000025,78,182,-104
122000026,531,262,269
122000027,0,3,-3
122000028,55,19,36
122000029,24,18,6
122000030,0,0,0
122000031,0,5,-5
122000032,72,73,-1
122000033,125,275,-150
122000034,0,0,0
122000035,0,0,0
122000036,0,0,0
122000037,1,6,-5
122000038,22,8,14
122000039,0,0,0
122000040,0,0,0
122000041,1,3,-2
122000042,0,9,-9
122000043,3,0,3
122000044,2,0,2
122000045,207,53,154
122000046,177,58,119
122000047,0,0,0
122000048,306,657,-351
122000049,458,180,278
122000050,31,21,10
122000051,2,21,-19
122000052,4,11,-7
122000053,34,573,-539
122000054,103,187,-84
122000055,391,660,-269
122000056,254,159,95
122000057,135,241,-106
122000058,91,105,-14
122000059,125,93,32
122000060,0,0,0
122000061,0,0,0
122000062,60,7,53
122000063,1,14,-13
122000064,56,140,-84
122000065,201,284,-83
122000066,103,131,-28
122000067,225,489,-264
122000068,87,325,-238
122000069,35,33,2
122000070,288,73,215
122000071,21,63,-42
122000072,0,0,0
122000073,0,0,0
122000074,20,58,-38
122000075,39,88,-49
122000076,145,151,-6
122000077,0,0,0
122000078,545,292,253
122000079,1,39,-38
122000080,0,3,-3
122000081,0,0,0
122000082,177,134,43
122000083,0,0,0
122000084,0,0,0
122000085,6,17,-11
122000086,12,339,-327
122000087,18,58,-40
122000088,0,0,0
122000089,166,302,-136
122000090,0,0,0
122000091,0,0,0
122000092,0,0,0
122000093,231,636,-405
122000094,430,440,-10
122000095,12,93,-81
122000096,10,317,-307
122000098,374,419,-45
122000099,5,19,-14
122000100,19,4,15
122000101,0,7,-7
122000102,0,0,0
122000103,0,0,0
122000104,0,1,-1
122000105,8,10,-2
122000106,1,25,-24
122000107,9,15,-6
122000108,0,0,0
122000109,3,12,-9
122000110,0,0,0
122000111,325,62,263
122000112,77,26,51
122000113,89,14,75
122000114,436,720,-284
122000115,553,435,118
122000116,10,94,-84
122000117,111,12,99
122000118,25,10,15
122000119,0,0,0
122000120,0,0,0
122000121,51,10,41
122000122,6,7,-1
122000123,96,111,-15
122000124,13,96,-83
122000125,16,61,-45
122000126,3,44,-41
122000127,23,45,-22
122000128,3,15,-12
122000129,68,10,58
122000130,228,81,147
122000131,10,13,-3
122000132,0,0,0
122000133,0,0,0
122000134,51,45,6
122000135,6,31,-25
122000136,34,63,-29
122000137,11,24,-13
122000139,9,113,-104
122000140,0,0,0
122000141,10,1,9
122000142,0,0,0
122000143,0,0,0
122000144,23,8,15
122000145,2,0,2
122000146,66,36,30
122000147,20,87,-67
122000148,274,207,67
122000149,120,57,63
122000150,144,82,62
122000151,0,0,0
122000152,0,0,0
122000153,82,55,27
122000154,80,14,66
122000155,229,86,143
122000156,391,506,-115
122000157,250,330,-80
122000158,0,2,-2
122000159,77,10,67
122000160,157,51,106
122000161,96,44,52
122000162,159,72,87
122000163,0,0,0
122000164,0,0,0
122000165,1,8,-7
122000166,61,80,-19
122000167,0,0,0
122000168,0,2,-2
122000169,0,0,0
122000170,0,0,0
122000171,0,0,0
122000172,0,0,0
122000173,0,0,0
122000174,484,380,104
122000175,0,0,0
122000176,0,0,0
122000177,522,504,18
122000178,529,103,426
122000179,2,15,-13
122000180,227,396,-169
122000181,749,609,140
122000182,129,55,74
122000183,58,4,54
122000184,732,493,239
122000185,175,219,-44
122000186,0,0,0
122000187,116,55,61
122000188,0,0,0
122000189,21,32,-11
122000190,213,92,121
122000191,27,10,17
122000192,0,0,0
122000193,0,0,0
122000194,0,0,0
122000195,0,0,0
122000196,0,0,0
122000197,6,9,-3
122000198,0,0,0
122000199,19,71,-52
122000200,35,42,-7
122000201,235,247,-12
122000202,281,173,108
122000203,0,0,0
122000204,0,0,0
122000205,0,0,0
122000206,164,45,119
122000207,80,67,13
122000208,151,36,115
122000209,236,51,185
122000210,16,6,10
122000211,1,36,-35
122000212,40,55,-15
122000213,67,174,-107
122000214,211,163,48
122000215,78,100,-22
122000217,6,3,3
122000218,100,36,64
122000219,67,54,13
122000220,25,68,-43
122000221,0,0,0
122000222,25,0,25
122000223,72,50,22
122000225,127,17,110
122000226,2,15,-13
122000227,3,25,-22
122000228,1,5,-4
122000229,1,0,1
122000230,0,15,-15
122000231,0,27,-27
122000232,0,6,-6
122000233,0,0,0
122000234,15,1,14
122000235,24,2,22
122000236,9,9,0
122000237,0,0,0
122000238,3,14,-11
122000239,39,5,34
122000240,81,26,55
122000241,78,32,46
122000242,0,0,0
122000243,0,0,0
122000244,0,0,0
122000245,7,0,7
122000246,26,80,-54
122000247,22,3,19
122000248,1,11,-10
122000249,120,108,12
122000250,207,80,127
122000251,0,0,0
122000252,5,2,3
122000253,0,0,0
122000254,5,0,5
122000255,0,0,0
122000256,1,48,-47
122000257,5,24,-19
122000258,31,48,-17
122000259,0,0,0
122000260,0,0,0
122000261,0,2,-2
122000262,0,0,0
122000263,0,0,0
122000264,266,17,249
122000265,177,13,164
122000266,194,3,191
122000267,0,0,0
122000268,0,0,0
122000269,0,0,0
122000270,0,0,0
122000271,0,0,0
122000272,0,0,0
122000273,0,0,0
122000274,0,0,0
122000275,0,0,0
122000276,47,105,-58
122000277,167,128,39
122000278,91,45,46
122000279,5,26,-21
122000280,5,12,-7
122000281,8,9,-1
122000282,43,5,38
122000283,0,0,0
122000284,0,0,0
122000285,0,0,0
122000286,0,0,0
122000287,494,89,405
122000288,36,2,34
122000291,966,95,871
122000293,0,0,0
122000294,103,14,89
122000295,123,6,117
122000296,25,151,-126
122000297,908,445,463
122000299,100,34,66
122000300,2,23,-21
122000301,82,77,5
122000302,0,0,0
122000303,51,128,-77
122000304,0,0,0
122000305,372,45,327
122000306,1,27,-26
122000307,0,0,0
122000309,0,0,0
122000310,0,0,0
122000311,0,0,0
122000312,4,71,-67
122000313,30,56,-26
122000314,53,60,-7
122000315,0,0,0
122000316,27,18,9
122000317,66,20,46
122000318,22,59,-37
122000319,10,9,1
122000320,0,0,0
122000321,0,0,0
122000322,70,88,-18
122000323,71,81,-10
122000324,7,19,-12
122000325,79,200,-121
122000326,7,1,6
122000327,0,13,-13
122000328,0,0,0
122000330,90,133,-43
122000332,0,0,0
122000333,0,0,0
122000337,16,23,-7
122000338,0,3,-3
122000340,0,2,-2
122000342,7,22,-15
122000343,0,9,-9
122000344,31,0,31
122000345,9,8,1
122000346,0,0,0
122000348,37,54,-17
122000349,0,0,0
122000351,1,0,1
122000352,0,0,0
122000353,0,0,0
122000355,0,0,0
122000356,23,13,10
122000357,0,5,-5
122000358,0,0,0
122000359,0,0,0
122000360,0,0,0
122000362,0,0,0
122000364,0,0,0
122000365,0,2,-2
122000366,0,0,0
122000368,0,0,0
122000370,0,0,0
122000371,0,0,0
122000372,0,0,0
122000381,0,0,0
122000382,0,0,0
122000384,0,2,-2
122000385,0,0,0
122000386,4,186,-182
122000387,0,0,0
122000388,5,58,-53
122000389,0,0,0
122000390,13,56,-43
122000391,0,0,0
122000392,0,0,0
122000393,0,0,0
122000394,0,0,0
122000395,0,0,0
122000396,0,0,0
122000397,0,0,0
122000398,23,76,-53
122000399,0,0,0
122000400,6,60,-54
122000401,0,0,0
122000402,22,13,9
122000403,0,0,0
122000404,110,21,89
122000408,254,304,-50
122000503,0,0,0
122000524,0,0,0
122000544,0,0,0
122000616,0,0,0
122000640,0,0,0
122000641,0,0,0
122000642,0,0,0
122000643,31,19,12
122000644,0,0,0
122000645,0,0,0
122000651,18,43,-25
122000664,22,5,17
122000665,0,0,0
122000666,135,55,80
122000673,0,0,0
122000674,37,10,27
122000675,45,12,33
122000686,79,23,56
122000687,46,5,41
122000688,129,25,104
122000689,155,49,106
122000690,296,4,292
122000691,373,49,324
122000692,38,5,33
122000693,21,28,-7
122000695,0,0,0
122000696,117,16,101
122000698,0,0,0
122000699,6,7,-1
122000701,95,10,85
122000702,82,60,22
122000703,24,16,8
122000717,0,0,0
122000718,64,196,-132
122000719,0,5,-5
122000720,68,8,60
122000724,0,0,0
122900001,0,0,0
122900002,0,0,0
122900003,0,0,0
122900004,0,0,0
122900005,0,0,0
122900006,0,0,0
122900007,0,0,0
122900008,0,0,0
122900009,0,0,0
122900010,0,0,0
122900012,0,0,0
122900014,0,0,0
122900015,0,0,0
122900016,0,0,0
122900017,0,0,0
122900018,0,0,0
122900019,0,0,0
122900020,0,0,0
122900021,0,0,0
122900022,0,0,0
122900023,0,0,0
122900024,0,0,0
122900025,0,0,0
122900026,0,0,0
122900027,0,0,0
122900028,0,0,0
122900029,0,0,0
122900030,0,0,0
122900031,0,0,0
122900032,0,0,0
122900033,0,0,0
122900034,0,0,0
122900035,0,0,0
122900036,0,0,0
122900037,0,0,0
122900038,0,0,0
122900039,0,0,0
122900040,0,0,0
122900041,0,0,0
122900042,0,0,0
122900043,0,0,0
122900044,0,0,0
122900045,0,0,0
122900046,0,0,0
122900047,0,0,0
122900048,0,0,0
122900049,0,0,0
122900051,0,0,0
122900052,0,0,0
122900053,1,1,0
122900055,0,0,0
122900057,0,0,0
122900061,0,0,0
122900062,0,0,0
122900063,0,0,0
122900064,0,0,0
122900065,0,0,0
122900066,0,0,0
122900067,0,0,0
122900068,0,0,0
122900069,0,0,0
122900070,0,0,0
122900071,0,0,0
122900072,0,0,0
122900073,0,0,0
122900074,0,0,0
122900075,0,0,0
122900076,0,0,0
122900077,0,0,0
122900078,0,0,0
122900080,0,0,0
122900081,0,0,0
122900082,0,0,0
122900083,0,0,0
122900084,0,0,0
122900086,0,0,0
122900087,0,0,0
122900088,0,0,0
122900089,0,0,0
122900090,0,0,0
122900091,0,0,0
122900092,0,0,0
122900093,0,0,0
122900094,0,0,0
122900095,0,0,0
122900096,0,0,0
122900097,0,0,0
122900098,0,0,0
122900099,0,0,0
122900100,0,0,0
122900101,0,0,0
122900102,0,0,0
122900103,0,0,0
122900104,0,0,0
122900105,0,0,0
122900106,0,0,0
122900107,0,0,0
122900108,0,0,0
123000001,156,43,113
123000002,196,1253,-1057
123000003,738,338,400
123000004,210,454,-244
123000005,957,283,674
123000006,169,492,-323
123000007,868,453,415
123000008,79,192,-113
123000009,2460,1789,671
123000010,63,338,-275
123000011,740,770,-30
123000012,30,262,-232
123000013,970,292,678
123000014,13,224,-211
123000015,1310,392,918
123000016,27,206,-179
123000017,888,220,668
123000018,127,1,126
123000019,142,1,141
123000020,27,0,27
123000021,102,3,99
123000022,248,43,205
123000023,175,56,119
123000024,138,58,80
123000025,2,60,-58
123000026,0,0,0
123000027,0,0,0
123000028,50,198,-148
123000029,0,0,0
123000030,0,0,0
123000031,54,2,52
123000032,67,3,64
123000033,4,23,-19
123000034,293,79,214
123000035,60,121,-61
123000036,24,472,-448
123000037,0,0,0
123000038,0,0,0
123000039,0,0,0
123000040,0,0,0
123000041,34,603,-569
123000042,0,0,0
123000043,120,151,-31
123000044,36,37,-1
123000045,0,0,0
123000046,0,0,0
123000047,0,0,0
123000048,1,158,-157
123000049,3118,1052,2066
123000050,136,121,15
123000051,0,0,0
123000052,149,408,-259
123000053,837,320,517
123000054,170,402,-232
123000055,695,831,-136
123000056,5,49,-44
123000057,75,213,-138
123000058,0,0,0
123000059,0,4,-4
123000060,0,1,-1
123000061,0,27,-27
123000063,21,22,-1
123000064,5,0,5
123000065,17,62,-45
123000066,1,25,-24
123000067,7,14,-7
123000068,63,183,-120
123000069,104,157,-53
123000070,0,1,-1
123000071,143,29,114
123000072,0,0,0
123000073,151,42,109
123000074,0,0,0
123000075,27,152,-125
123000076,0,0,0
123000077,0,0,0
123000078,314,103,211
123000079,474,166,308
123000080,0,0,0
123000081,0,0,0
123000082,0,0,0
123000083,1,4,-3
123000084,0,0,0
123000085,0,0,0
123000086,0,0,0
123000087,0,0,0
123000088,0,0,0
123000089,316,131,185
123000090,0,0,0
123000091,187,56,131
123000092,0,0,0
123000094,2,0,2
123000095,49,29,20
123000096,110,7,103
123000097,0,0,0
123000098,80,7,73
123000099,0,0,0
123000100,0,0,0
123000101,56,13,43
123000102,106,53,53
123000104,0,0,0
123000105,0,0,0
123000106,0,0,0
123000107,0,0,0
123000108,0,0,0
123000111,9,7,2
123000112,22,2,20
123000113,0,0,0
123000114,1,20,-19
123000115,16,34,-18
123000116,0,0,0
123000117,2,5,-3
123000118,4,9,-5
123000119,6,7,-1
123000120,6,24,-18
123000121,0,0,0
123000122,0,0,0
123000123,0,0,0
123000124,0,0,0
123000125,89,120,-31
123000126,189,236,-47
123000127,0,0,0
123000128,0,0,0
123000129,216,26,190
123000130,97,7,90
123000131,73,13,60
123000132,0,0,0
123000133,0,0,0
123000134,0,0,0
123000135,43,22,21
123000136,0,0,0
123000137,0,0,0
123000138,0,0,0
123000139,115,20,95
123000140,0,0,0
123000141,39,9,30
123000142,0,0,0
123000143,0,0,0
123000144,0,0,0
123000145,0,0,0
123000146,0,0,0
123000147,0,0,0
123000149,19,72,-53
123000150,36,22,14
123000151,27,83,-56
123000152,0,0,0
123000153,56,45,11
123000154,753,82,671
123000155,234,45,189
123000156,0,0,0
123000157,31,24,7
123000158,68,62,6
123000159,101,176,-75
123000160,44,87,-43
123000161,155,45,110
123000162,259,108,151
123000163,35,3,32
123000164,312,8,304
123000165,0,0,0
123000166,0,0,0
123000167,27,10,17
123000168,74,2,72
123000169,129,9,120
123000170,2,0,2
123000171,262,0,262
123000172,0,0,0
123000173,50,35,15
123000174,129,20,109
123000175,0,0,0
123000176,147,8,139
123000177,0,0,0
123000178,212,15,197
123000179,0,0,0
123000180,474,32,442
123000181,0,0,0
123000182,0,0,0
123000183,57,18,39
123000184,0,0,0
123000185,233,27,206
123000186,0,0,0
123000187,476,9,467
123000188,260,1,259
123000189,179,0,179
123000190,45,0,45
123000192,0,0,0
123000193,0,0,0
123000194,0,0,0
123000195,195,4,191
123000196,364,0,364
123000197,66,0,66
123000198,0,0,0
123000199,0,0,0
123000200,228,33,195
123000201,438,11,427
123000202,0,0,0
123000203,489,7,482
123000204,0,0,0
123000205,0,0,0
123000206,591,6,585
123000207,0,0,0
123000208,136,10,126
123000209,242,18,224
123000210,0,0,0
123000211,0,0,0
123000212,544,18,526
123000213,197,2,195
123000215,180,123,57
123000216,9,120,-111
123000217,70,3,67
123000218,0,0,0
123000219,55,15,40
123000220,167,6,161
123000221,11,3,8
123000222,3,7,-4
123000223,45,31,14
123000224,68,56,12
123000225,47,4,43
123000226,64,2,62
123000227,1,0,1
123000228,54,2,52
123000229,0,0,0
123000232,0,0,0
123000233,239,10,229
123000234,0,0,0
123000235,162,38,124
123000236,0,1,-1
123000237,63,7,56
123000238,0,0,0
123000239,0,0,0
123000240,0,0,0
123000241,32,17,15
123000242,0,0,0
123000243,9,78,-69
123000244,14,78,-64
123000245,0,0,0
123000249,0,0,0
123000252,300,122,178
123000253,327,125,202
123000254,2,11,-9
123000255,80,117,-37
123000256,0,0,0
123000257,0,0,0
123000258,0,0,0
123000259,28,1,27
123000260,8,21,-13
123000261,0,0,0
123000262,0,0,0
123000263,62,10,52
123000264,30,3,27
123000265,0,0,0
123000266,6,5,1
123000267,27,127,-100
123000268,0,0,0
123000269,2,22,-20
123000270,12,0,12
123000271,0,0,0
123000272,348,56,292
123000273,92,478,-386
123000274,239,94,145
123000275,0,0,0
123000278,0,68,-68
123000279,1,22,-21
123000280,8,2,6
123000281,64,2,62
123000282,0,0,0
123000283,0,4,-4
123000284,0,0,0
123000286,1,0,1
123000287,10,41,-31
123000288,276,122,154
123000289,85,81,4
123000291,0,0,0
123000294,0,0,0
123000295,342,205,137
123000296,123,199,-76
123000297,0,0,0
123000298,29,24,5
123000299,21,108,-87
123000300,61,40,21
123000301,0,0,0
123000302,149,18,131
123000303,5,92,-87
123000305,0,0,0
123000306,0,0,0
123000309,0,0,0
123000310,12,2,10
123000311,0,0,0
123000312,0,0,0
123000313,142,7,135
123000315,124,6,118
123000316,567,5,562
123000317,0,0,0
123000318,0,0,0
123000329,0,0,0
123000337,68,2,66
123000338,195,10,185
123000339,0,0,0
123000340,2,32,-30
123000342,0,0,0
123000343,3,0,3
123000344,12,1,11
123000345,1,0,1
123000346,145,50,95
123000352,0,0,0
123000353,0,0,0
123000354,408,1,407
123000355,0,0,0
123000356,90,2,88
123000357,0,0,0
123000359,0,0,0
123000360,145,31,114
123000361,0,0,0
123000362,142,8,134
123000363,46,1,45
123000364,13,11,2
123000365,0,0,0
123000366,1,104,-103
123000367,0,17,-17
123000370,0,0,0
123000371,104,18,86
123000372,90,2,88
123000373,0,0,0
123000374,0,0,0
123000375,141,5,136
123000376,82,62,20
123000377,161,6,155
123000378,0,0,0
123000379,0,0,0
123000380,0,0,0
123000381,24,22,2
123000382,103,7,96
123000383,0,0,0
123000384,52,3,49
123000385,0,0,0
123000436,0,0,0
123000507,0,26,-26
123000508,186,627,-441
123000517,0,0,0
123000518,0,0,0
123000519,0,0,0
123000520,0,0,0
123000521,0,0,0
123000522,0,0,0
123000541,0,0,0
123000542,0,0,0
123000565,70,0,70
123000566,4,0,4
123000567,31,0,31
123000573,0,0,0
123000574,62,6,56
123000575,196,10,186
123000576,69,5,64
123000577,0,0,0
123000578,30,7,23
123000579,586,261,325
123000580,2,2,0
123000582,78,1,77
123000583,0,0,0
123000584,67,104,-37
123000585,0,0,0
123000586,27,0,27
123000596,0,0,0
123000597,16,4,12
123000602,1,3,-2
123000603,186,5,181
123000604,23,2,21
123000605,895,526,369
123000606,0,0,0
123000609,0,0,0
123000610,142,58,84
123000613,0,0,0
123000614,51,7,44
123000615,0,0,0
123000616,61,5,56
123000617,0,0,0
123000618,0,0,0
123000619,17,3,14
123000620,0,0,0
123000622,120,5,115
123000624,102,13,89
123000630,524,51,473
123000631,63,40,23
123000632,0,0,0
123000633,1,450,-449
123000634,5,1,4
123000635,0,0,0
123000636,0,0,0
123000637,1,2,-1
123000638,19,4,15
123000639,339,305,34
123000640,0,0,0
123000648,5,2,3
123000649,0,0,0
123900001,0,0,0
123900002,0,0,0
123900003,0,0,0
123900005,0,0,0
123900006,0,0,0
124000001,524,140,384
124000002,1,249,-248
124000003,201,17,184
124000004,0,16,-16
124000005,153,21,132
124000006,2,39,-37
124000007,90,23,67
124000008,0,0,0
124000009,163,68,95
124000010,0,0,0
124000011,291,99,192
124000012,0,0,0
124000017,220,85,135
124000018,0,0,0
124000019,191,25,166
124000020,0,0,0
124000021,277,25,252
124000022,0,0,0
124000023,470,114,356
124000024,0,0,0
124000025,395,62,333
124000026,0,0,0
124000027,1367,262,1105
124000028,124,619,-495
124000030,0,0,0
124000031,309,118,191
124000032,0,34,-34
124000033,177,13,164
124000034,0,26,-26
124000035,43,9,34
124000036,0,20,-20
124000037,60,55,5
124000038,1,3,-2
124000039,16,1,15
124000040,84,102,-18
124000041,90,6,84
124000042,1,8,-7
124000043,24,3,21
124000044,4,11,-7
124000045,95,5,90
124000046,0,0,0
124000047,239,21,218
124000048,0,0,0
124000049,228,10,218
124000050,0,0,0
124000051,251,10,241
124000052,0,0,0
124000053,161,64,97
124000054,0,0,0
124000055,449,63,386
124000056,0,0,0
124000057,105,73,32
124000058,0,0,0
124000059,146,93,53
124000060,0,0,0
124000061,76,144,-68
124000062,0,0,0
124000063,0,0,0
124000064,0,0,0
124000065,0,0,0
124000066,10,5,5
124000067,35,21,14
124000068,0,0,0
124000069,270,33,237
124000070,0,0,0
124000071,42,15,27
124000072,0,0,0
124000073,232,19,213
124000074,0,0,0
124000075,108,36,72
124000076,0,0,0
124000077,0,0,0
124000078,178,162,16
124000079,0,0,0
124000080,253,58,195
124000081,0,0,0
124000082,28,96,-68
124000083,0,0,0
124000084,2,71,-69
124000085,0,0,0
124000086,0,0,0
124000087,0,0,0
124000088,10,12,-2
124000089,192,14,178
124000090,0,0,0
124000091,121,33,88
124000092,0,0,0
124000093,4,31,-27
124000094,0,0,0
124000095,60,0,60
124000096,0,0,0
124000097,55,1,54
124000098,0,0,0
124000099,9,0,9
124000100,0,0,0
124000101,17,22,-5
124000102,0,0,0
124000103,22,21,1
124000104,0,0,0
124000105,8,10,-2
124000106,0,0,0
124000107,1,9,-8
124000108,0,0,0
124000109,38,1,37
124000110,0,0,0
124000111,146,17,129
124000112,0,0,0
124000113,23,33,-10
124000114,0,0,0
124000115,0,0,0
124000116,64,46,18
124000117,0,0,0
124000118,6,9,-3
124000119,0,0,0
124000120,47,32,15
124000121,137,48,89
124000122,0,0,0
124000123,147,18,129
124000124,30,66,-36
124000125,74,9,65
124000126,7,48,-41
124000127,270,17,253
124000128,29,62,-33
124000129,151,83,68
124000130,113,64,49
124000131,95,98,-3
124000132,95,139,-44
124000133,300,47,253
124000134,0,0,0
124000135,367,51,316
124000136,0,0,0
124000137,64,36,28
124000138,0,0,0
124000139,42,13,29
124000140,0,0,0
124000141,0,0,0
124000142,0,0,0
124000143,1,0,1
124000144,0,0,0
124000145,30,0,30
124000146,0,0,0
124000148,1,3,-2
124000149,112,27,85
124000150,0,0,0
124000151,76,47,29
124000152,0,0,0
124000153,87,100,-13
124000154,0,0,0
124000155,160,62,98
124000156,0,0,0
124000169,6,15,-9
124000170,0,0,0
124000171,34,9,25
124000172,0,0,0
124000173,3,14,-11
124000174,0,0,0
124000175,0,0,0
124000176,137,50,87
124000177,0,0,0
124000178,27,12,15
124000190,0,24,-24
124000191,0,0,0
124000192,139,111,28
124000193,0,0,0
124000194,26,51,-25
124000195,123,27,96
124000196,0,0,0
124000197,0,0,0
124000198,6,8,-2
124000201,0,0,0
124000202,238,6,232
124000203,0,0,0
124000204,263,7,256
124000205,69,0,69
124000206,379,0,379
124000207,0,0,0
124000209,40,0,40
124000210,125,42,83
124000211,431,3,428
124000212,0,0,0
124000213,0,0,0
124000214,284,5,279
124000215,32,0,32
124000216,0,0,0
124000329,0,0,0
124000338,0,0,0
124000339,207,0,207
124000341,137,3,134
124000344,20,1,19
124000357,390,182,208
124000358,764,287,477
124000359,391,88,303
124000360,181,127,54
124000361,594,189,405
124000362,0,0,0
124000363,0,0,0
124000364,0,0,0
124000365,66,286,-220
124000366,10,175,-165
124000367,0,0,0
124000368,14,34,-20
124000369,39,95,-56
124000370,0,0,0
124000402,1,0,1
124000403,10,0,10
124000404,0,0,0
124000405,237,46,191
124000406,28,73,-45
124000407,0,0,0
124000411,0,0,0
124000412,70,12,58
124000413,5,22,-17
124000414,28,5,23
124000415,0,0,0
124000416,0,0,0
124000417,5,9,-4
124000418,9,10,-1
124000419,0,0,0
124000420,41,5,36
124000421,0,0,0
124000422,0,0,0
124000423,0,0,0
124000424,0,0,0
124000425,6,0,6
124000426,0,0,0
124000427,1,0,1
124000428,0,0,0
124000429,54,0,54
124000430,0,0,0
124000431,0,0,0
124000432,1,1,0
124000439,6,0,6
124000443,0,0,0
124000445,6,154,-148
124000446,0,0,0
124900001,0,0,0
124900002,0,0,0
124900003,0,0,0
124900004,0,0,0
124900005,0,0,0
124900006,0,0,0
124900008,0,0,0
124900009,0,0,0
124900010,0,0,0
124900011,0,0,0
124900012,0,0,0
124900013,0,0,0
124900014,0,0,0
124900015,0,0,0
124900016,0,0,0
124900017,0,0,0
124900018,0,0,0
124900020,0,0,0
124900021,0,0,0
124900022,0,0,0
124900024,0,0,0
124900026,0,0,0
124900027,0,0,0
124900028,0,0,0
124900029,0,0,0
124900030,0,0,0
124900031,0,0,0
124900032,0,0,0
124900033,0,0,0
124900034,0,0,0
124900035,0,0,0
124900036,0,0,0
124900037,0,0,0
124900038,0,0,0
124900039,0,0,0
124900040,0,0,0
124900041,0,0,0
124900042,0,0,0
124900043,0,0,0
124900044,0,0,0
124900045,0,0,0
124900046,0,0,0
124900047,0,0,0
124900048,0,0,0
124900050,0,0,0
124900052,0,0,0
124900053,0,0,0
124900054,0,0,0
124900055,0,0,0
124900057,0,0,0
124900060,0,0,0
124900061,0,0,0
124900062,0,0,0
124900066,0,0,0
124900067,0,0,0
124900068,0,0,0
124900070,0,0,0
124900072,0,0,0
124900075,0,0,0
124900076,0,0,0
124900077,0,0,0
124900078,0,0,0
124900079,0,0,0
124900080,0,0,0
124900081,0,0,0
124900082,0,0,0
124900083,0,0,0
124900085,0,0,0
124900086,0,0,0
124900087,0,0,0
124900088,0,0,0
124900089,0,0,0
124900090,0,0,0
124900091,0,0,0
124900092,0,0,0
124900093,0,0,0
124900094,0,0,0
124900095,0,0,0
124900096,0,0,0
124900097,0,0,0
124900098,0,0,0
124900099,0,0,0
124900100,0,0,0
124900101,0,0,0
124900102,0,0,0
124900103,0,0,0
124900104,0,0,0
124900105,0,0,0
124900106,0,0,0
124900107,0,0,0
124900108,0,0,0
124900111,0,0,0
124900112,0,0,0
124900113,0,0,0
124900114,0,0,0
124900115,0,0,0
124900116,0,0,0
124900117,0,0,0
124900118,0,0,0
124900119,0,0,0
124900120,0,0,0
124900121,0,0,0
124900122,0,0,0
124900123,0,0,0
124900124,0,0,0
204000001,55,5,50
204000002,7,2,5
204000003,1,20,-19
204000004,1,0,1
204000005,470,262,208
204000006,1518,969,549
204000011,0,0,0
204000012,0,0,0
204000019,522,345,177
204000020,141,93,48
204000021,182,57,125
204000022,680,294,386
204000023,0,0,0
204000031,3,16,-13
204000032,291,20,271
204000034,0,0,0
204000035,0,0,0
204000036,0,0,0
204000037,0,0,0
204000038,0,0,0
204000039,0,0,0
204000040,0,0,0
204000041,0,0,0
204000042,1,4,-3
204000043,4,0,4
204000044,0,0,0
204000045,2,0,2
204000046,3,0,3
204000057,0,0,0
204000062,0,0,0
204000068,0,0,0
204000069,0,0,0
204000070,326,281,45
204000080,0,0,0
204000085,0,0,0
204000086,0,0,0
204000087,0,0,0
204000088,0,0,0
204000090,0,0,0
204000093,356,13,343
204000096,443,235,208
204000097,124,10,114
204000099,901,506,395
204000100,822,432,390
204000105,0,0,0
204000110,0,0,0
204000111,0,0,0
204000112,0,0,0
204000113,0,0,0
204000114,106,193,-87
204000115,35,78,-43
204000116,99,63,36
204000119,1369,489,880
204000132,602,65,537
204000133,757,116,641
204000134,129,69,60
204000135,513,27,486
204000136,411,245,166
204000138,388,143,245
204000140,264,99,165
204000141,291,134,157
204000144,0,19,-19
204000145,49,10,39
204000146,0,0,0
204000147,0,0,0
204000148,251,7,244
204000154,0,0,0
204000155,0,0,0
204000177,90,57,33
204000179,15,0,15
204000180,0,0,0
204000222,0,0,0
204000235,0,0,0
204000236,7,32,-25
204000238,13,17,-4
204000240,24,0,24
204000263,0,0,0
204000268,687,168,519
204000308,47,8,39
204000317,0,0,0
204000322,0,0,0
204000323,2,11,-9
204000328,194,27,167
204000329,0,0,0
204000330,101,13,88
204000331,0,0,0
204010341,21,3,18
205000001,0,0,0
205000013,0,0,0
205000014,0,0,0
205000015,0,0,0
205000016,0,0,0
205000017,0,0,0
205000022,0,0,0
205000025,0,0,0
205000029,54,14,40
205000045,0,0,0
205000046,0,0,0
205000047,0,0,0
205000048,0,0,0
205000049,0,0,0
205000050,0,0,0
205000059,0,0,0
205000060,0,0,0
205000061,0,0,0
205000062,0,0,0
205000063,0,0,0
205000064,0,0,0
205000065,0,0,0
205000066,0,0,0
205000067,0,0,0
205000069,0,0,0
205000082,186,72,114
205000110,0,0,0
205000111,0,0,0
205000112,169,136,33
205000113,0,0,0
205000121,208,82,126
205000123,0,0,0
205000126,881,124,757
205000127,921,93,828
205000128,402,17,385
205000129,509,16,493
205000130,151,6,145
205000131,5,1,4
205000132,23,2,21
205000133,8,0,8
205000134,210,1,209
205000137,0,0,0
205000138,0,0,0
205000139,0,0,0
205000144,72,32,40
205000145,106,25,81
205000151,64,9,55
205000152,98,23,75
205000153,258,23,235
205000154,63,65,-2
205000155,77,8,69
205000207,0,0,0
205000233,21,2,19
205000234,0,0,0
205000243,0,0,0
205000244,0,0,0
205000245,0,0,0
205000249,0,0,0
205000250,4,3,1
205000264,0,0,0
206000027,18,1,17
206000028,8,5,3
206000043,0,0,0
206000053,0,0,0
206000054,0,0,0
206000055,0,0,0
206000075,0,0,0
206000076,0,0,0
206000077,0,0,0
206000078,0,0,0
206000079,0,0,0
206000082,209,6,203
206000100,0,0,0
206000103,0,0,0
206000104,0,0,0
206000105,0,0,0
206000106,0,0,0
206000108,319,82,237
206000125,170,0,170
206000157,0,0,0
206000170,0,0,0
206000171,0,0,0
206000172,0,0,0
206000173,0,0,0
206000174,0,0,0
206000175,0,0,0
206000176,0,0,0
206000177,0,0,0
206000178,0,0,0
206000179,0,0,0
206000180,0,0,0
206000181,0,0,0
206000182,0,0,0
206000183,0,0,0
206000184,0,0,0
206000185,0,0,0
206000186,0,0,0
206000223,0,0,0
206000226,4,0,4
206000227,31,1,30
206000237,0,0,0
206000238,0,0,0
206000239,0,0,0
206000240,0,0,0
206000241,0,0,0
206000242,0,0,0
206000243,0,0,0
206000244,0,0,0
206000245,165,4,161
206000246,73,0,73
206000247,37,0,37
206000248,31,1,30
206000252,0,0,0
206000258,0,0,0
206000315,0,0,0
206000317,85,12,73
206000318,64,1,63
206000319,176,1,175
206000320,88,0,88
206000321,23,2,21
206000322,64,2,62
206000323,70,2,68
206000324,36,1,35
206000325,46,4,42
206000326,28,6,22
206000327,6,9,-3
206000328,184,3,181
206000329,27,2,25
206000330,6,2,4
206000331,66,0,66
206000332,3,0,3
206000333,264,1,263
206000334,86,1,85
206000335,0,0,0
206000361,0,0,0
206000392,0,0,0
206000405,119,0,119
206000441,70,59,11
206000498,28,0,28
206000515,0,0,0
206000530,26,3,23
206000531,15,1,14
206000532,75,9,66
206000535,0,0,0
206000536,0,0,0
206000537,0,0,0
206000613,124,9,115
207000001,0,0,0
207000002,0,0,0
207000003,0,0,0
207000007,258,123,135
207000008,0,0,0
207000009,0,0,0
207000010,8,8,0
207000012,117,142,-25
207000015,5,17,-12
207000019,271,20,251
207000021,410,62,348
207000022,124,36,88
207000023,274,9,265
207000024,3,12,-9
207000025,1,16,-15
207000026,0,0,0
207000027,0,0,0
207000028,0,0,0
207000029,0,0,0
207000033,282,249,33
207000034,60,32,28
207000039,142,20,122
207000040,282,13,269
207000041,108,4,104
207000042,278,38,240
207000043,134,76,58
207000051,0,0,0
207000052,0,0,0
207000053,0,0,0
207000054,0,0,0
207000055,0,0,0
207000056,0,0,0
207000057,0,0,0
207000058,0,0,0
207000059,0,0,0
207000060,0,0,0
207000061,38,320,-282
207000062,247,106,141
207000063,116,169,-53
207000064,270,77,193
207000065,316,60,256
207000066,266,81,185
207000067,22,23,-1
207000068,112,16,96
207000069,619,92,527
207000082,0,4,-4
207000083,2,7,-5
207000084,102,67,35
207000085,0,0,0
207000086,0,0,0
207000106,26,6,20
207000107,72,3,69
207000108,134,12,122
207000109,49,0,49
207000110,28,30,-2
207000111,207,10,197
207000112,105,56,49
207000114,0,0,0
207000115,0,0,0
207000116,0,0,0
207000117,0,0,0
207000118,0,0,0
207000119,0,0,0
207000123,51,2,49
207000124,62,12,50
207000125,32,3,29
207000126,63,21,42
207000134,0,0,0
207000135,0,0,0
207000148,227,49,178
207000149,0,0,0
207000152,0,0,0
207000153,0,0,0
207000154,365,25,340
207000159,0,0,0
207000160,0,0,0
207000238,0,0,0
207000242,0,0,0
207000248,0,0,0
207000249,0,0,0
207000250,0,0,0
207000251,0,0,0
207000252,0,0,0
207000278,104,92,12
207000279,0,0,0
207000280,203,9,194
207000281,38,26,12
207000282,0,8,-8
207000283,0,0,0
207000284,0,0,0
207000285,0,4,-4
207000291,0,0,0
207000304,37,27,10
207000306,0,0,0
207000310,125,74,51
207000353,49,0,49
207000356,0,0,0
207000357,0,71,-71
207000358,0,12,-12
207000415,0,0,0
207000417,52,0,52
207000418,74,35,39
207000438,0,0,0
207000439,772,127,645
207000446,98,0,98
207000460,0,0,0
207000466,0,0,0
207000467,158,12,146
207000468,0,0,0
207000476,0,0,0
207000477,0,0,0
207000478,0,0,0
207000523,0,0,0
207000524,10,0,10
207000527,315,60,255
207000530,266,0,266
207000531,119,2,117
207000532,45,2,43
207000534,249,19,230
207000535,0,0,0
207000537,0,0,0
207000540,0,0,0
207000541,0,0,0
207000548,0,0,0
207000549,114,1,113
207000561,141,20,121
207000562,0,0,0
207000567,0,0,0
207000568,0,0,0
207000569,0,0,0
207000584,0,0,0
207000585,87,80,7
207000587,1,0,1
207000616,0,0,0
207000617,169,0,169
207900008,0,0,0
208000001,97,178,-81
208000002,131,102,29
208000003,193,105,88
208000004,308,160,148
208000005,0,0,0
208000019,317,204,113
208000020,273,129,144
208000021,0,0,0
208000022,0,0,0
208000028,0,0,0
208000033,0,0,0
208000034,0,0,0
208000037,93,0,93
208000040,45,78,-33
208000041,317,105,212
208000042,286,79,207
208000047,0,0,0
208000064,802,371,431
208000066,479,371,108
208000070,70,36,34
208000071,107,59,48
208000072,76,97,-21
208000080,89,153,-64
208000081,121,21,100
208000082,0,0,0
208000083,0,0,0
208000084,2,3,-1
208000085,0,0,0
208000086,0,0,0
208000087,0,0,0
208000089,0,0,0
208000090,0,0,0
208000093,0,0,0
208000094,0,0,0
208000095,0,0,0
208000104,566,105,461
208000105,449,133,316
208000114,147,149,-2
208000115,173,89,84
208000116,186,277,-91
208000117,3,8,-5
208000118,9,14,-5
208000155,0,0,0
208000158,0,0,0
208000186,590,436,154
208000204,0,0,0
208000205,0,0,0
208000282,0,0,0
209000004,4,22,-18
209000005,27,0,27
209000006,182,33,149
209000007,0,0,0
209000010,0,0,0
209000011,0,0,0
209000012,0,0,0
209000013,0,0,0
209000014,0,0,0
209000025,76,17,59
209000026,249,27,222
209000027,0,0,0
209000028,0,0,0
209000029,0,0,0
209000030,0,0,0
209000031,0,0,0
209000034,0,0,0
209000035,0,0,0
209000036,0,0,0
209000037,4,0,4
209000038,0,0,0
209000039,0,0,0
209000040,0,0,0
209000041,0,0,0
209000042,0,0,0
209000043,0,0,0
209000044,0,0,0
209000045,288,40,248
209000046,182,55,127
209000047,341,19,322
209000048,379,51,328
209000049,0,0,0
209000050,0,0,0
209000051,0,0,0
209000052,0,0,0
209000062,0,0,0
209000063,0,0,0
209000064,0,0,0
209000065,6,1,5
209000066,0,4,-4
209000067,42,11,31
209000080,0,0,0
209000082,18,2,16
209000091,0,0,0
209000093,0,0,0
209000094,0,0,0
209000110,45,35,10
209000111,157,74,83
209000112,133,27,106
209000113,186,55,131
209000114,29,7,22
209000115,0,0,0
209000116,0,0,0
209000118,9,5,4
209000119,0,0,0
209000121,0,0,0
209000135,20,17,3
209000142,134,26,108
209000143,0,0,0
209000144,0,0,0
209000229,97,9,88
209000240,0,0,0
209000259,0,0,0
209000260,0,0,0
209000261,0,0,0
209000262,0,0,0
209000263,0,0,0
209000264,0,0,0
209000265,45,0,45
209000266,12,0,12
209000267,243,2,241
209000268,543,4,539
210000037,27,0,27
210000047,73,3,70
210000048,36,1,35
210000049,3,0,3
210000052,0,0,0
210000053,0,0,0
210000054,0,0,0
210000070,25,0,25
210000071,60,0,60
210000072,23,0,23
210000073,0,0,0
210000074,0,0,0
210000075,0,0,0
210000076,0,0,0
210000077,0,0,0
210000078,0,0,0
210000079,35,6,29
210000080,75,14,61
210000081,57,2,55
210000082,2,1,1
210000083,52,0,52
210000084,76,0,76
210000085,0,0,0
210000086,0,0,0
210000099,0,0,0
210000100,0,0,0
210000101,0,0,0
210000105,0,0,0
210000159,0,0,0
210000163,0,0,0
210000164,70,23,47
210000168,17,1,16
210000187,0,0,0
210000188,0,0,0
210000214,13,0,13
210000219,42,20,22
210000220,14,2,12
210000232,0,0,0
210000233,0,0,0
210000234,0,0,0
210000235,0,0,0
210000245,0,0,0
210000246,4,0,4
210000258,0,0,0
210000259,117,8,109
210000282,0,0,0
210000285,0,0,0
210000286,0,0,0
210000290,0,0,0
210000295,0,0,0
210000296,0,0,0
210000320,74,7,67
210000321,27,2,25
210000338,0,0,0
210000339,0,0,0
210000340,0,0,0
210000341,0,0,0
210000342,0,0,0
210000343,0,0,0
210000344,0,0,0
210000345,0,0,0
210000346,0,0,0
210000347,0,0,0
210000348,0,0,0
210000349,0,0,0
210000350,0,0,0
210000351,0,0,0
210000352,25,19,6
210000353,73,22,51
210000354,54,26,28
210000355,25,23,2
210000356,2,15,-13
210000357,4,37,-33
210000358,20,18,2
210000359,82,16,66
210000360,108,49,59
210000361,92,63,29
210000362,69,25,44
210000363,308,105,203
210000364,73,57,16
210000365,88,4,84
210000366,112,4,108
210000367,85,3,82
210000368,74,0,74
210000369,17,5,12
210000370,24,8,16
210000372,1,14,-13
210000373,0,18,-18
210000374,79,1,78
210000375,18,7,11
210000376,52,22,30
210000404,0,0,0
210000439,19,1,18
210000472,30,0,30
210000482,36,23,13
210000564,300,63,237
210000567,0,0,0
210000568,31,0,31
211000092,0,0,0
211000094,0,0,0
211000169,0,0,0
211000172,0,0,0
211000209,0,0,0
211000226,26,1,25
211000270,0,0,0
211000275,0,0,0
211000276,0,0,0
211000279,0,0,0
211000281,0,0,0
211507980,0,0,0
211977296,0,0,0
212000003,80,2,78
212000004,0,0,0
212000005,0,0,0
212000006,0,0,0
212000008,0,0,0
212000009,0,0,0
212000012,0,0,0
212000013,0,0,0
212000014,0,0,0
212000015,0,0,0
212000016,0,0,0
212000027,438,60,378
212000028,229,131,98
212000029,237,158,79
212000030,18,14,4
212000031,13,7,6
212000048,0,0,0
212000049,0,0,0
212000050,0,0,0
212000051,0,0,0
212000052,0,0,0
212000053,0,0,0
212000054,242,18,224
212000055,248,39,209
212000056,28,30,-2
212000057,0,28,-28
212000058,6,16,-10
212000070,0,0,0
212000077,0,0,0
212000099,147,51,96
212000108,152,16,136
212000111,66,2,64
212000120,0,0,0
212000138,0,0,0
212000156,0,0,0
212000158,0,39,-39
212000159,432,65,367
212000160,369,45,324
212000161,8,17,-9
212000310,0,0,0
212000311,7,26,-19
212000374,0,0,0
213000001,0,0,0
213000005,206,22,184
213000006,161,70,91
213000007,6,1,5
213000009,326,61,265
213000010,232,43,189
213000011,99,8,91
213000012,0,0,0
213000014,31,36,-5
213000015,188,0,188
213000016,110,0,110
213000017,30,0,30
213000018,0,0,0
213000019,0,0,0
213000020,0,0,0
213000021,0,0,0
213000023,1070,25,1045
213000033,0,0,0
213000034,302,33,269
213000035,193,33,160
213000045,0,0,0
213000046,0,0,0
213000047,0,0,0
213000056,186,6,180
213000069,6,0,6
213000073,0,0,0
213000074,0,0,0
213000075,298,3,295
213000076,1,0,1
213000085,0,0,0
213000086,0,0,0
213000091,306,0,306
213000092,20,0,20
213000099,0,0,0
213000100,385,80,305
213000101,374,13,361
213000102,385,1,384
213000103,346,5,341
213000104,0,0,0
213000105,0,0,0
213000106,0,0,0
213000107,0,0,0
213000108,0,0,0
213000109,0,0,0
213000110,0,0,0
213000111,0,0,0
213000112,0,0,0
213000115,19,0,19
213000116,0,0,0
213000117,0,0,0
213000118,130,221,-91
213000119,0,0,0
213000120,0,0,0
213000122,0,0,0
213000123,0,0,0
213000124,0,0,0
213000125,138,121,17
213000126,0,0,0
213000127,0,0,0
213000128,0,0,0
213000129,306,92,214
213000130,375,45,330
213000132,274,48,226
213000133,409,89,320
213000134,366,1,365
213000136,159,1,158
213000137,515,3,512
213000139,74,0,74
213000147,9,0,9
213000148,1,0,1
213000149,2,0,2
213000150,0,0,0
213000151,0,0,0
213000152,0,0,0
213000153,0,0,0
213000154,0,0,0
213000155,0,0,0
213000156,0,0,0
213000157,0,0,0
213000158,0,0,0
213000159,440,53,387
213000163,303,99,204
213000165,457,70,387
213000171,0,0,0
213000172,0,0,0
213000173,0,0,0
213000174,0,0,0
213000175,0,0,0
213000176,276,74,202
213000177,152,5,147
213000178,303,3,300
213000179,160,2,158
213000180,190,1,189
213000184,0,0,0
213000188,154,2,152
213000189,163,4,159
213000190,193,3,190
213000191,136,0,136
213000192,68,0,68
213000193,0,0,0
213000194,0,0,0
213000195,0,0,0
213000196,0,0,0
213000197,558,87,471
213000198,4,0,4
213000200,0,0,0
213000201,0,0,0
213000202,0,0,0
213000203,791,77,714
213000204,605,26,579
213000205,312,26,286
213000206,633,2,631
213000207,8,6,2
213000208,0,0,0
213000209,9,0,9
213000210,63,0,63
213000211,0,0,0
213000212,0,0,0
213000213,0,0,0
213000218,9,163,-154
213000219,299,20,279
213000220,145,37,108
213000223,14,92,-78
213000224,2,5,-3
213000225,45,2,43
213000226,47,1,46
213000227,538,9,529
213000228,342,1,341
213000229,15,0,15
213000230,145,0,145
213000232,0,0,0
213000233,0,0,0
213000234,0,0,0
213000293,0,0,0
213000294,13,0,13
213000295,0,0,0
213000296,21,2,19
213000297,0,0,0
213000298,0,0,0
213000299,18,2,16
213000300,0,8,-8
213000303,0,0,0
213000304,0,0,0
213000305,1,8,-7
213000306,0,0,0
213000307,0,10,-10
213000308,0,0,0
213000309,76,12,64
213000310,134,5,129
213000311,0,0,0
213000315,0,0,0
213000316,53,4,49
213000322,0,0,0
213000323,0,0,0
213000324,0,0,0
213000325,0,0,0
213000326,0,0,0
213000327,0,0,0
213000328,0,0,0
213000329,0,0,0
213000340,0,0,0
213000341,238,11,227
213000346,22,40,-18
213000347,137,33,104
213000348,0,0,0
213000349,0,0,0
213000350,0,0,0
213000366,0,0,0
213000367,98,13,85
213000379,0,0,0
213000386,0,0,0
213000406,0,0,0
213000417,560,140,420
213000425,0,0,0
213000426,0,0,0
213000427,0,0,0
213000428,0,0,0
213000429,0,0,0
213000430,0,0,0
213000431,0,0,0
213000432,0,0,0
213000433,0,0,0
213000434,0,0,0
213000435,0,0,0
213000436,0,0,0
213000437,0,0,0
213000438,0,0,0
213000439,0,0,0
213000440,0,0,0
213000441,0,0,0
213000442,0,0,0
213000443,0,0,0
213000444,0,0,0
213000445,0,0,0
213000446,0,0,0
213000447,0,0,0
213000448,0,0,0
213000449,0,0,0
213000450,0,0,0
213000451,0,0,0
213000452,0,0,0
213000453,0,0,0
213000455,24,0,24
213000456,0,0,0
213000481,2,0,2
213000482,1,0,1
213000489,46,4,42
213000491,0,0,0
213000492,65,0,65
213000493,0,0,0
213000494,173,8,165
213000495,0,0,0
213000496,529,82,447
213000497,0,0,0
213000498,0,0,0
213000499,0,0,0
213000500,223,7,216
213000501,32,5,27
213000502,28,9,19
213000503,0,0,0
213000504,0,0,0
213000505,85,3,82
213000506,0,0,0
213000507,0,0,0
213900016,0,0,0
213900244,51,0,51
213900245,0,0,0
218000003,0,0,0
218000004,0,0,0
218000005,0,5,-5
218000006,0,0,0
218000007,0,0,0
218000012,0,0,0
218000013,28,71,-43
218000014,66,65,1
218000019,0,0,0
218000020,0,0,0
218000021,0,0,0
218000022,0,0,0
218000023,0,0,0
218000024,0,0,0
218000025,0,0,0
218000026,0,0,0
218000027,0,0,0
218000028,0,0,0
218000029,0,0,0
218000030,0,0,0
218000031,0,0,0
218000032,0,0,0
218000040,0,0,0
218000046,3,28,-25
218000047,0,7,-7
218000048,0,12,-12
218000049,11,9,2
218000050,34,37,-3
218000051,4,25,-21
218000052,0,3,-3
218000053,0,0,0
218000054,0,33,-33
218000055,2,2,0
218000056,2,28,-26
218000057,0,4,-4
218000064,0,1,-1
218000065,94,3,91
218000066,24,12,12
218000067,0,0,0
218000068,0,0,0
218000069,0,0,0
218000070,0,0,0
218000071,0,0,0
218000072,0,0,0
218000078,0,0,0
218000079,0,0,0
218000080,0,0,0
218000081,0,0,0
218000082,0,0,0
218000083,0,0,0
218000084,0,0,0
218000085,0,0,0
218000086,0,0,0
218000087,0,0,0
218000090,0,0,0
218000091,154,57,97
218000092,0,0,0
218000093,9,0,9
218000094,0,0,0
218000099,35,37,-2
218000100,21,32,-11
218000101,2,5,-3
218000102,120,6,114
218000103,17,1,16
218000104,35,1,34
218000105,0,0,0
218000106,0,0,0
218000107,0,0,0
218000108,0,0,0
218000112,0,0,0
218000117,37,12,25
218000134,0,0,0
218000135,0,0,0
218000136,0,0,0
218000137,0,0,0
218000138,0,0,0
218000139,0,0,0
218000140,0,0,0
218000141,0,0,0
218000142,0,0,0
218000143,0,0,0
218000144,0,0,0
218000145,0,0,0
218000146,0,0,0
218000151,0,0,0
218000152,47,5,42
218000153,0,0,0
218000154,0,0,0
218000155,0,0,0
218000156,0,0,0
218000157,0,0,0
218000158,0,0,0
218000159,0,0,0
218000160,0,0,0
218000161,0,0,0
218000162,0,0,0
218000163,0,0,0
218000164,0,0,0
218000165,0,0,0
218000170,1,3,-2
218000171,45,2,43
218000172,1,2,-1
218000173,0,6,-6
218000174,18,0,18
218000176,143,14,129
218000177,285,68,217
218000178,127,34,93
218000179,357,36,321
218000180,71,1,70
218000181,121,18,103
218000187,0,0,0
218000188,0,0,0
218000189,0,0,0
218000190,0,0,0
218000191,0,0,0
218000192,0,0,0
218000193,0,0,0
218000194,0,0,0
218000195,0,0,0
218000196,0,0,0
218000197,0,0,0
218000198,0,0,0
218000199,0,0,0
218000200,0,2,-2
218000201,0,0,0
218000202,0,0,0
218000207,0,0,0
218000208,0,0,0
218000211,0,0,0
218000212,0,0,0
218000213,10,6,4
218000214,0,14,-14
218000215,1,9,-8
218000217,1,6,-5
218000218,8,96,-88
218000219,1,7,-6
218000220,31,15,16
218000221,196,170,26
218000222,2,24,-22
218000223,31,94,-63
218000224,17,127,-110
218000225,125,60,65
218000226,117,8,109
218000230,0,0,0
218000232,0,0,0
218000239,20,0,20
218000240,1,0,1
218000241,0,0,0
218000242,0,0,0
218000243,0,0,0
218000244,0,0,0
218000245,0,0,0
218000246,0,0,0
218000247,0,0,0
218000248,0,0,0
218000249,0,0,0
218000250,0,0,0
218000251,0,0,0
218000252,0,0,0
218000253,0,0,0
218000254,0,0,0
218000255,0,0,0
218000256,0,0,0
218000267,0,0,0
218000268,0,0,0
218000269,0,0,0
218000270,0,0,0
218000271,0,0,0
218000273,93,23,70
218000274,42,1,41
218000275,0,0,0
218000276,0,0,0
218000278,0,0,0
218000279,0,0,0
218000280,0,0,0
218000281,0,0,0
218000282,54,13,41
218000284,178,30,148
218000301,0,0,0
218000302,0,0,0
218000303,0,0,0
218000316,28,46,-18
218000317,3,2,1
218000318,0,0,0
218000319,0,0,0
218000320,0,0,0
218000338,0,0,0
218000345,0,0,0
218000346,40,30,10
218000459,18,24,-6
218000490,0,0,0
218000501,14,3,11
218000502,0,0,0
218000503,5,0,5
218000504,49,2,47
218000505,0,0,0
218000506,0,0,0
218000508,0,0,0
218000510,71,3,68
218000520,0,0,0
218000521,0,0,0
218000522,0,0,0
218000523,23,0,23
218000524,0,0,0
218000525,24,0,24
218000526,0,0,0
218000529,0,0,0
218000530,0,0,0
218000531,33,0,33
218000532,0,0,0
218000534,10,0,10
218000537,5,18,-13
218000538,0,0,0
218000540,0,0,0
218000543,0,0,0
218000544,0,0,0
218000545,0,0,0
218000546,0,0,0
218000547,0,0,0
218000548,0,0,0
218000549,162,9,153
218000550,0,0,0
218000551,0,0,0
218000552,65,8,57
218000553,0,0,0
218000554,0,0,0
218000555,3,1,2
218000556,0,0,0
218000557,17,17,0
218000558,32,1,31
218000559,0,0,0
218000560,0,0,0
218000561,1,0,1
218000562,0,0,0
218000563,142,0,142
218000564,0,0,0
218000565,11,0,11
218000566,6,0,6
218000567,0,0,0
218000568,0,0,0
218000569,0,0,0
218000570,2,0,2
218000571,0,0,0
218000572,0,0,0
218000573,0,0,0
218000574,3,0,3
218000575,31,0,31
218000576,0,0,0
218000577,20,0,20
218000578,0,0,0
218000579,0,0,0
218000581,0,0,0
218000582,0,0,0
218000583,0,0,0
218000584,0,0,0
218000585,0,0,0
218000586,0,0,0
218000587,0,0,0
218000588,0,0,0
218000589,0,0,0
218000590,0,0,0
218000591,0,0,0
218000592,0,0,0
218000593,0,0,0
218000594,0,0,0
218000597,0,0,0
218000598,0,0,0
218000599,0,0,0
218000600,0,0,0
218000601,0,0,0
218000602,0,0,0
218000603,0,0,0
218000604,2,0,2
218000605,0,0,0
218000606,0,0,0
218000607,0,0,0
218000608,0,0,0
218000609,0,0,0
218000610,0,0,0
218000611,0,0,0
218000612,0,0,0
218000613,0,0,0
218000614,0,0,0
218000615,0,0,0
218000616,0,0,0
218000617,0,0,0
218000618,0,0,0
218000619,1,5,-4
218000620,1,0,1
218000621,0,4,-4
218000622,0,0,0
218000623,0,0,0
218000624,0,0,0
218000625,0,0,0
218000626,0,1,-1
218000628,32,14,18
218000631,0,0,0
218000632,0,0,0
218000633,1,0,1
218000634,0,0,0
218000635,0,1,-1
218000636,0,0,0
218000637,0,0,0
218000638,261,68,193
218000639,0,0,0
218000640,80,23,57
218000641,0,0,0
218000652,19,5,14
218000653,351,42,309
218000663,0,0,0
218000675,1,3,-2
218000676,0,0,0
218000677,0,0,0
218000680,0,0,0
218000681,55,5,50
218000691,0,0,0
218000693,174,25,149
218000703,0,0,0
218000718,0,0,0
218000719,33,17,16
218000720,0,0,0
218000721,1,0,1
218000725,0,0,0
218001147,0,0,0
218001214,0,0,0
218001258,36,0,36
218001329,46,12,34
218001330,0,0,0
218001351,2,1,1
218001352,0,0,0
218001353,1,1,0
218001354,0,0,0
218001355,0,0,0
218001356,69,15,54
218001357,0,0,0
218001358,36,1,35
218001361,133,1,132
218001362,0,0,0
219000001,0,0,0
219000002,0,0,0
219000003,24,3,21
219000004,13,57,-44
219000017,0,0,0
219000020,72,0,72
219000022,67,0,67
219000023,45,0,45
219000029,0,0,0
219000034,29,12,17
219000039,0,0,0
219000040,0,0,0
219000041,0,0,0
219000051,0,0,0
219000052,0,0,0
219000053,0,0,0
219000054,0,0,0
219000055,0,0,0
219000056,0,0,0
219000057,0,0,0
219000062,0,0,0
219000063,0,0,0
219000064,0,0,0
219000110,42,19,23
219000111,36,24,12
219000112,83,10,73
219000113,102,2,100
219000114,103,0,103
219000116,1,0,1
219000117,4,0,4
219000118,15,4,11
219000123,80,0,80
219000124,4,0,4
219000125,0,0,0
219000126,0,0,0
219000127,0,0,0
219000128,0,0,0
219000129,0,0,0
219000130,0,0,0
219000131,226,180,46
219000133,0,4,-4
219000134,0,6,-6
219000135,4,4,0
219000136,37,31,6
219000138,0,0,0
219000139,0,0,0
219000140,0,0,0
219000141,0,0,0
219000142,0,0,0
219000143,0,0,0
219000145,21,0,21
219000146,0,0,0
219000147,0,0,0
219000148,0,0,0
219000149,0,0,0
219000150,0,0,0
219000151,0,0,0
219000157,30,10,20
219000158,0,5,-5
219000161,0,0,0
219000163,14,14,0
219000166,0,21,-21
219000167,0,0,0
219000168,22,21,1
219000174,48,8,40
219000175,0,0,0
219000176,0,0,0
219000177,0,0,0
219000178,0,0,0
219000179,0,0,0
219000180,0,0,0
219000182,33,1,32
219000183,53,0,53
219000184,17,0,17
219000185,0,0,0
219000186,42,0,42
219000187,6,2,4
219000189,0,0,0
219000190,0,0,0
219000191,0,0,0
219000192,23,23,0
219000193,0,0,0
219000195,0,0,0
219000196,0,0,0
219000198,0,0,0
219000199,0,0,0
219000200,0,0,0
219000201,0,0,0
219000203,0,0,0
219000204,0,0,0
219000205,0,0,0
219000207,0,0,0
219000209,0,0,0
219000210,0,0,0
219000213,0,0,0
219000239,0,0,0
219000240,0,0,0
219000241,0,0,0
219000242,0,0,0
219000243,0,0,0
219000244,0,0,0
219000245,0,0,0
219000246,7,7,0
219000247,41,11,30
219000248,116,112,4
219000249,39,19,20
219000250,14,10,4
219000251,110,93,17
219000252,97,85,12
219000253,64,3,61
219000255,5,23,-18
219000256,28,9,19
219000257,55,0,55
219000262,0,0,0
219000263,0,0,0
219000267,0,0,0
219000268,0,0,0
219000269,0,0,0
219000270,0,0,0
219000271,0,0,0
219000278,0,0,0
219000279,0,0,0
219000283,0,0,0
219000295,0,0,0
219000296,0,0,0
219000297,0,0,0
219000298,0,0,0
219000299,184,1,183
219000300,0,0,0
219000301,0,0,0
219000302,0,0,0
219000307,0,0,0
219000308,0,0,0
219000311,72,9,63
219000312,79,8,71
219000313,117,3,114
219000314,0,0,0
219000315,162,2,160
219000316,127,1,126
219000317,64,2,62
219000320,0,0,0
219000321,0,0,0
219000323,0,0,0
219000325,0,0,0
219000326,0,0,0
219000327,0,0,0
219000328,0,0,0
219000329,0,0,0
219000330,0,0,0
219000331,0,0,0
219000332,19,7,12
219000333,0,0,0
219000335,0,0,0
219000337,5,0,5
219000338,4,0,4
219000344,0,0,0
219000345,0,0,0
219000346,0,0,0
219000348,0,0,0
219000349,0,0,0
219000350,0,0,0
219000351,0,0,0
219000352,4,16,-12
219000353,5,6,-1
219000354,1,10,-9
219000355,11,2,9
219000356,41,74,-33
219000363,128,7,121
219000364,93,1,92
219000365,16,3,13
219000366,141,1,140
219000368,42,29,13
219000370,52,79,-27
219000371,0,0,0
219000382,0,0,0
219000383,0,0,0
219000385,0,0,0
219000386,0,0,0
219000387,0,0,0
219000390,0,0,0
219000391,0,0,0
219000397,0,0,0
219000398,0,0,0
219000401,0,0,0
219000402,0,0,0
219000403,0,0,0
219000404,0,0,0
219000407,0,0,0
219000409,11,33,-22
219000410,112,4,108
219000411,51,3,48
219000446,0,0,0
219000447,0,0,0
219000448,21,1,20
219000452,0,0,0
219000453,0,0,0
219000454,17,26,-9
219000556,61,11,50
219000558,0,0,0
219000590,0,0,0
219000591,23,10,13
219000592,0,0,0
219000595,0,0,0
219000635,40,1,39
219000636,0,0,0
219000657,0,2,-2
219000658,0,0,0
219000673,0,0,0
219000676,0,0,0
219000679,1,0,1
219000684,0,0,0
219000685,0,0,0
219000686,0,0,0
219000688,0,0,0
219000689,0,0,0
219000690,314,10,304
219000691,0,0,0
219000692,49,0,49
219000693,0,0,0
219000694,0,0,0
219000695,0,0,0
219000698,20,0,20
219000699,0,0,0
219000727,0,0,0
219000728,0,0,0
219000770,4,0,4
219000771,0,0,0
219000788,0,0,0
219001150,0,0,0
219001151,0,0,0
219001166,9,0,9
219001167,0,0,0
219001178,89,0,89
220000001,0,1,-1
220000002,0,0,0
220000003,0,0,0
220000004,0,0,0
220000005,0,0,0
220000006,0,0,0
220000007,0,0,0
220000008,0,0,0
220000009,0,0,0
220000010,0,1,-1
220000011,4,1,3
220000012,0,1,-1
220000014,0,0,0
220000015,0,0,0
220000017,0,0,0
220000018,0,0,0
220000019,0,2,-2
220000020,4,2,2
220000021,0,1,-1
220000022,15,0,15
220000023,4,0,4
220000024,8,4,4
220000025,12,13,-1
220000026,3,20,-17
220000027,0,3,-3
220000028,0,5,-5
220000029,0,0,0
220000030,0,0,0
220000031,12,20,-8
220000064,0,0,0
221000046,36,3,33
221000047,0,0,0
221000048,0,0,0
221000049,0,0,0
221000050,31,0,31
221000055,32,0,32
221000057,174,3,171
221000068,283,29,254
221000069,204,37,167
221000070,104,31,73
221000071,89,2,87
221000072,176,3,173
221000073,107,5,102
221000074,0,0,0
221000075,0,0,0
221000076,0,0,0
221000077,0,0,0
221000081,5,0,5
221000082,25,1,24
221000083,24,10,14
221000084,14,1,13
221000085,2,0,2
221000086,0,0,0
221000087,0,0,0
221000088,0,0,0
221000089,0,0,0
221000090,0,0,0
221000098,59,18,41
221000099,68,7,61
221000100,91,2,89
221000101,135,1,134
221000102,39,0,39
221000109,0,0,0
221000110,0,0,0
221000111,0,0,0
221000112,0,0,0
221000113,0,0,0
221000114,0,0,0
221000120,0,0,0
221000121,0,25,-25
221000122,0,13,-13
221000123,0,0,0
221000124,0,0,0
221000155,18,7,11
221000156,0,1,-1
221000175,0,0,0
221000176,0,0,0
221000182,10,0,10
221000241,839,39,800
221000242,0,0,0
221000243,319,25,294
221000244,0,0,0
221000245,195,13,182
221000246,0,0,0
221000247,201,36,165
221000248,0,0,0
221000267,0,0,0
221000325,0,0,0
221000331,0,0,0
221000338,0,16,-16
221000378,107,5,102
221000381,0,0,0
222000282,0,0,0
222000296,0,0,0
222000568,77,3,74
222000569,101,17,84
222000570,44,0,44
222000571,261,7,254
222000577,1,0,1
222000578,2,0,2
222000579,0,0,0
222000580,0,0,0
222000599,0,0,0
222000600,0,0,0
222000601,0,0,0
222000603,0,0,0
222000604,0,0,0
222000605,0,0,0
222000606,0,0,0
222000607,0,0,0
222000608,0,0,0
222000609,0,0,0
222000616,81,2,79
222000617,0,0,0
222000618,0,0,0
222000620,0,0,0
222000621,36,1,35
222000623,241,0,241
222000624,259,0,259
222000625,182,2,180
222000636,8,0,8
222000686,1,0,1
222000687,1,0,1
222001066,165,0,165
222001067,37,0,37
222001068,45,1,44
222001069,1,1,0
222001082,3,0,3
222001083,0,0,0
222001084,4,0,4
222001085,0,0,0
222001111,0,0,0
222001112,38,16,22
222001313,1,0,1
222001314,0,0,0
222001464,4,3,1
222001465,0,0,0
222001484,38,0,38
222001485,0,0,0
222001494,84,7,77
222001495,0,0,0
222001496,77,3,74
222001497,0,0,0
222001502,0,0,0
222001503,90,1,89
222001504,0,0,0
222001505,180,0,180
222001506,0,0,0
222001507,162,0,162
222001510,207,4,203
222001511,0,0,0
222001514,356,35,321
222001515,0,0,0
222001518,106,3,103
222001519,0,0,0
222001527,25,16,9
222001528,0,0,0
222001529,118,2,116
222001530,0,0,0
222001533,0,0,0
222001534,349,12,337
222001535,34,18,16
222001536,0,0,0
222001537,21,7,14
222001538,0,0,0
222001563,345,6,339
222001564,0,0,0
222001568,8,10,-2
222001576,0,0,0
222001579,0,0,0
222001583,0,0,0
222001584,13,3,10
222001596,0,0,0
222001597,287,62,225
222001626,0,0,0
222001650,0,16,-16
222001651,1,0,1
222001914,28,3,25
222001915,0,0,0
222001968,88,27,61
222001969,0,0,0
222001970,32,0,32
222001971,2,0,2
222001972,0,0,0
225000001,114,56,58
225000002,200,32,168
225000003,112,1,111
225000004,142,33,109
225000005,75,12,63
225000006,0,0,0
225000007,0,0,0
225000010,13,0,13
225000011,40,230,-190
225000012,66,144,-78
225000013,44,19,25
225000014,49,20,29
225000015,0,0,0
225000021,216,38,178
225000027,0,0,0
225000032,203,65,138
225000042,0,0,0
225000049,0,0,0
225000050,7,0,7
225000053,0,0,0
225000058,189,40,149
225000067,0,0,0
225000068,0,0,0
225000069,0,0,0
225000070,0,0,0
225000071,0,0,0
225000075,0,0,0
225000076,0,0,0
225000078,2,22,-20
225000085,0,22,-22
225000086,14,0,14
225000087,50,3,47
225000088,0,0,0
225000089,0,0,0
225000090,0,0,0
225000091,0,0,0
225000092,0,0,0
225000093,0,0,0
225000094,0,0,0
225000095,0,0,0
225000096,0,0,0
225000098,289,67,222
225000099,230,24,206
225000100,43,33,10
225000104,0,0,0
225000110,0,0,0
225000111,0,0,0
225000112,0,0,0
225000113,0,0,0
225000114,0,0,0
225000115,0,0,0
225000116,161,78,83
225000117,260,186,74
225000118,408,76,332
225000119,67,6,61
225000120,187,6,181
225000121,102,7,95
225000123,819,5,814
225000125,171,46,125
225000126,202,31,171
225000127,323,98,225
225000128,259,135,124
225000132,0,0,0
225000133,0,0,0
225000134,81,96,-15
225000135,24,0,24
225000136,43,0,43
225000137,21,0,21
225000138,253,1,252
225000143,0,0,0
225000144,0,0,0
225000145,66,30,36
225000146,0,0,0
225000147,0,0,0
225000148,0,0,0
225000149,0,0,0
225000151,0,0,0
225000155,0,0,0
225000156,0,0,0
225000157,0,0,0
225000158,0,0,0
225000171,0,0,0
225000180,15,0,15
225000181,0,0,0
225000182,29,7,22
225000185,0,0,0
225000187,0,0,0
225000191,17,0,17
225000194,0,0,0
225000208,0,0,0
225000209,90,10,80
225000210,0,0,0
225000217,0,0,0
225000218,32,1,31
225000223,0,0,0
225000224,4,1,3
225000225,0,0,0
225000226,482,23,459
225000227,0,0,0
225000228,10,6,4
225000229,0,0,0
225000230,4,0,4
225000231,0,0,0
225000232,62,0,62
225000241,95,0,95
225000242,0,0,0
225000249,72,1,71
225000250,0,0,0
225000251,0,0,0
225000254,0,0,0
225000256,0,0,0
225000257,0,0,0
226000042,0,0,0
226000043,0,0,0
226000044,0,0,0
226000045,0,0,0
226000046,109,27,82
226000047,79,5,74
226000048,169,4,165
226000049,61,58,3
226000070,0,0,0
226000071,0,0,0
226000072,0,0,0
226000073,0,0,0
226000074,0,0,0
226000084,0,0,0
226000085,0,0,0
226000086,0,0,0
226000087,0,0,0
226000088,0,0,0
226000090,3,7,-4
226000091,0,0,0
226000092,0,0,0
226000093,0,0,0
226000094,1,5,-4
226000095,2,57,-55
226000105,1,0,1
226000106,6,0,6
226000107,1,0,1
226000108,0,0,0
226000109,15,0,15
226000124,32,37,-5
226000134,85,47,38
226000135,149,43,106
226000136,17,10,7
226000137,0,0,0
226000138,0,0,0
226000139,0,0,0
226000156,80,3,77
226000157,142,0,142
226000163,0,0,0
226000202,0,0,0
226000231,130,1,129
226000232,0,0,0
227000033,82,4,78
227000036,124,1,123
227000037,73,2,71
227000038,26,5,21
227000084,0,0,0
227000085,0,0,0
227000088,20,0,20
227000089,5,0,5
227000090,3,0,3
227000091,9,0,9
227000092,0,0,0
227000093,10,0,10
227000094,0,0,0
227000130,0,0,0
227000131,0,0,0
227000132,0,0,0
227000133,0,0,0
227000134,0,0,0
227000152,0,0,0
227000153,0,0,0
227000154,0,0,0
227000155,0,0,0
227000156,0,0,0
227000165,0,0,0
227000196,57,2,55
227000199,153,2,151
227000230,0,0,0
227000232,57,5,52
227000242,0,0,0
227000243,133,5,128
227000245,0,0,0
227000246,0,0,0
227000247,154,2,152
227000248,8,2,6
227000249,0,0,0
227000250,32,64,-32
227000251,0,0,0
227000252,0,0,0
227000253,59,3,56
227000262,211,7,204
227000266,188,3,185
227000267,0,0,0
227000282,0,0,0
227000284,153,5,148
227000286,0,0,0
227000287,0,0,0
227000291,0,0,0
227000296,15,1,14
227000484,143,3,140
227000485,0,0,0
227000655,41,0,41
227000656,82,4,78
227000657,9,1,8
227000661,46,1,45
227000680,0,0,0
229000265,23,0,23
229000296,0,0,0
229000297,0,0,0
229000298,0,0,0
229000320,2,0,2
229000321,0,0,0
229000412,0,0,0
229000414,0,0,0
229000415,1,0,1
229000416,0,0,0
229000417,0,0,0
229000419,0,0,0
229000440,56,1,55
229000442,4,1,3
229000443,0,0,0
229000444,0,0,0
229000445,0,0,0
229000446,22,0,22
229000491,0,0,0
229000492,0,0,0
229000493,0,0,0
229000494,0,0,0
229000495,0,0,0
229000496,0,0,0
229000507,0,0,0
229000508,0,0,0
229000509,0,0,0
229000510,0,0,0
229000511,0,0,0
229000512,0,0,0
229000513,0,0,0
229000514,0,0,0
229000517,0,0,0
229000518,0,0,0
229000519,0,0,0
229000520,0,0,0
229000521,0,0,0
229000522,0,0,0
229000523,0,0,0
229000524,0,0,0
229000527,0,0,0
229000528,0,0,0
229000529,0,0,0
229000530,0,0,0
229000531,0,2,-2
229000532,0,0,0
229000533,9,0,9
229000534,2,4,-2
229000564,80,5,75
229000565,24,0,24
229000566,0,0,0
229000567,0,0,0
229000582,36,11,25
229000583,1,15,-14
229000584,0,0,0
229000585,0,0,0
229000718,0,0,0
229000719,0,0,0
229000720,0,0,0
229000721,0,0,0
229000722,0,0,0
229000723,0,0,0
229000724,0,0,0
229000725,0,0,0
229000738,1,0,1
229000739,0,0,0
229000740,2,0,2
229000741,39,0,39
229000742,48,0,48
229000743,16,0,16
229000744,1,0,1
229000745,1,0,1
229000746,34,0,34
229000847,0,0,0
229000848,0,0,0
229000849,0,0,0
229000851,0,0,0
229000854,0,0,0
229000856,0,0,0
229000857,0,0,0
229000858,0,0,0
229000919,0,0,0
229000930,0,2,-2
229000937,94,0,94
229000966,18,3,15
229000981,0,0,0
229000985,0,0,0
229000986,0,0,0
229000987,0,0,0
229000988,0,0,0
229000989,1,0,1
229000990,0,0,0
229000991,1,0,1
229000992,20,0,20
229000993,13,0,13
229000998,0,0,0
229000999,2,0,2
229001034,0,0,0
229001035,0,0,0
229001037,8,0,8
229001042,0,0,0
229001047,0,0,0
229001050,24,0,24
229001168,0,0,0
229001200,0,0,0
229001338,0,0,0
229001394,164,0,164
229001422,87,6,81
229001423,0,0,0
229001431,62,12,50
229001432,0,0,0
229001444,67,1,66
229001445,0,1,-1
229001479,0,0,0
229001503,137,17,120
229001504,0,0,0
229001505,130,7,123
229001506,0,0,0
229001509,1,0,1
229001545,55,0,55
229001546,0,0,0
229001553,20,0,20
229001554,0,2,-2
229001559,0,0,0
229001560,0,0,0
229001630,4,0,4
229001631,0,0,0
229001635,0,0,0
229001636,0,0,0
229001658,0,0,0
229001659,79,0,79
229001660,0,0,0
229001661,0,0,0
229001662,4,0,4
229001663,0,0,0
229002584,43,12,31
229002831,0,0,0
229002841,0,0,0
229002842,1,1,0
229002843,4,1,3
229002844,0,4,-4
229002845,0,0,0
229002846,0,0,0
229002847,0,0,0
229002848,1,1,0
229002849,0,1,-1
229002850,23,0,23
229002851,0,0,0
229002852,15,1,14
229002853,15,0,15
229002854,0,0,0
229002855,0,1,-1
229002856,0,0,0
229002857,0,0,0
229002858,3,0,3
229002859,0,0,0
229002860,0,0,0
229002861,4,41,-37
229002862,1,0,1
229002863,1,2,-1
229002864,4,1,3
229002865,0,0,0
229002866,2,1,1
229002867,0,0,0
229002868,27,1,26
229002869,0,1,-1
229002870,1,0,1
235000066,211,1,210
235000067,105,10,95
235000072,0,0,0
235000073,0,0,0
235000074,0,0,0
235000080,0,0,0
235000081,0,0,0
235000082,169,1,168
235000083,116,13,103
235000084,20,0,20
235000085,279,3,276
235000089,36,0,36
235000092,0,0,0
235000093,0,0,0
235000097,2,1,1
235000098,81,1,80
235000099,8,2,6
235000116,10,2,8
235000117,94,1,93
235000133,0,0,0
235000134,0,0,0
235000206,0,1,-1
235000207,0,3,-3
235000208,3,0,3
235000209,1,0,1
235000210,3,0,3
235000212,0,0,0
235000213,0,0,0
235000220,0,0,0
235000221,0,0,0
235000238,1,147,-146
235000239,0,1,-1
235000242,12,386,-374
235000245,0,0,0
235000246,0,0,0
235000284,0,0,0
235000295,34,1,33
235000305,62,27,35
235000306,63,0,63
235000307,28,0,28
235000308,0,0,0
235000309,4,0,4
235000310,3,0,3
235000311,3,0,3
235000322,0,0,0
235000323,0,0,0
235000324,0,0,0
235000325,0,0,0
235000326,0,0,0
235000351,0,0,0
235000352,0,0,0
235000353,0,0,0
235000354,0,0,0
235000355,0,0,0
235000356,8,0,8
235000357,8,0,8
235000358,12,1,11
235000359,0,0,0
235000360,3,0,3
235000361,8,0,8
235000381,0,0,0
235000382,74,11,63
235000390,2,1,1
235000391,134,3,131
235000392,171,25,146
235000393,128,25,103
235000395,83,9,74
235000396,280,18,262
235000400,12,5,7
235000401,0,0,0
235000405,0,0,0
235000406,0,0,0
235000407,0,0,0
235000409,0,0,0
235000410,0,0,0
235000411,0,0,0
235000485,0,0,0
235000486,49,0,49
235000549,70,12,58
235000550,0,0,0
235000599,0,0,0
235000600,0,0,0
235000601,1,2,-1
235000602,90,1,89
235000614,0,0,0
235000648,0,0,0
235000649,61,0,61
235000685,0,0,0
235000815,0,0,0
235000834,0,0,0
235000855,49,5,44
235000862,0,0,0
235000891,0,0,0
235000892,5,0,5
235000901,0,0,0
235000907,0,0,0
235001010,35,6,29
235001029,0,0,0
235001030,235,12,223
235001078,85,6,79
235001079,0,0,0
235001147,2,13,-11
235001166,11,1,10
235001167,0,0,0
235001169,0,0,0
235001188,0,0,0
235001189,0,1,-1
235001197,0,0,0
235001200,0,0,0
235001207,65,7,58
235001210,0,0,0
235001215,0,0,0
235001239,0,0,0
235001244,0,0,0
235016267,0,0,0
277101746,0,0,0
277102712,2,0,2
277103813,0,0,0
277103814,0,0,0
277103898,0,0,0
277104249,0,0,0
277104250,0,0,0
277104251,0,0,0
277104252,0,1,-1
990011530,0,0,0
990014944,0,2,-2
990015176,5,0,5
990015618,0,0,0
990016032,0,0,0
990032570,0,5,-5
990070001,44,8,36
990070103,0,0,0
990070601,0,0,0
990070751,0,0,0
990070766,0,0,0
990071180,459,12,447
990071343,6,0,6
990071387,0,0,0
990071823,84,2,82
990072600,0,0,0
990072964,0,0,0
990073285,0,0,0
990074393,0,0,0
990074870,401,7,394
990075106,225,2,223
990075746,191,3,188
990076437,1426,51,1375
990076458,0,0,0
997000007,136,1,135
997000041,0,0,0
997000058,52,1,51
997000062,64,8,56
997000069,0,0,0
997000070,0,0,0
997000100,0,0,0
997000141,0,0,0
997000198,0,0,0
998000475,0,0,0
998000736,0,0,0
998000965,0,0,0
998001031,0,0,0
998001700,0,0,0
998001899,0,0,0
998001900,53,173,-120
998003073,596,92,504
998101900,4,53,-49
998102850,0,0,0
998501927,149,0,149
998501929,458,10,448
998501930,56,0,56
998501931,150,3,147
998501932,3,0,3
998501933,273,1,272
998501937,21,3,18
998501944,2,0,2
998501950,0,0,0
998501970,52,3,49
998501971,0,180,-180
998501973,0,0,0
998501974,0,0,0
998501975,30,0,30
998501976,13,0,13
998501977,0,1,-1
998501978,2,0,2
998501979,0,0,0
998501980,136,14,122
998501981,100,0,100
998501982,0,0,0
998501983,0,0,0
998502006,0,0,0
998502024,0,0,0
998502032,0,4,-4
998502062,11,4,7
998502063,0,0,0
998502173,5,0,5
998502269,0,0,0
998502546,0,0,0
998601159,0,0,0
998601292,0,0,0
999033574,0,0,0
999800001,27,2,25
999800002,0,0,0
999800003,5,0,5
999800004,0,0,0
999800005,0,0,0
