dong,insum,outsum,diff
강남구 개포1동,1230,1145,85
강남구 개포2동,16668,13124,3544
강남구 개포4동,11258,6502,4756
강남구 논현1동,27851,26647,1204
강남구 논현2동,16467,19777,-3310
강남구 대치1동,18405,21442,-3037
강남구 대치2동,27807,30611,-2804
강남구 대치4동,25227,23227,2000
강남구 도곡1동,19008,17956,1052
강남구 도곡2동,5981,6740,-759
강남구 삼성1동,30254,31903,-1649
강남구 삼성2동,15975,14329,1646
강남구 세곡동,26513,17493,9020
강남구 수서동,18138,20101,-1963
강남구 신사동,18796,22259,-3463
강남구 압구정동,32330,34098,-1768
강남구 역삼1동,63558,55682,7876
강남구 역삼2동,22954,20219,2735
강남구 일원1동,9167,8096,1071
강남구 일원2동,3618,2659,959
강남구 일원본동,14888,9686,5202
강남구 청담동,26572,25647,925
강동구 강일동,15076,9535,5541
강동구 고덕제1동,6626,5854,772
강동구 고덕제2동,7102,10694,-3592
강동구 길동,14254,10164,4090
강동구 둔촌제1동,177,282,-105
강동구 둔촌제2동,8429,7375,1054
강동구 명일제1동,14908,13369,1539
강동구 명일제2동,10742,8376,2366
강동구 상일동,11093,9604,1489
강동구 성내제1동,8012,6202,1810
강동구 성내제2동,7337,9766,-2429
강동구 성내제3동,11053,9908,1145
강동구 암사제1동,10310,6574,3736
강동구 암사제2동,3020,5417,-2397
강동구 암사제3동,2306,944,1362
강동구 천호제1동,5156,5182,-26
강동구 천호제2동,14479,19467,-4988
강동구 천호제3동,7870,9228,-1358
강북구 미아동,18933,17263,1670
강북구 번1동,30378,31526,-1148
강북구 번2동,11049,9269,1780
강북구 번3동,21142,13833,7309
강북구 삼각산동,6568,5271,1297
강북구 삼양동,17268,12181,5087
강북구 송중동,47319,45691,1628
강북구 송천동,30155,30057,98
강북구 수유1동,22506,16728,5778
강북구 수유2동,14142,9905,4237
강북구 수유3동,33018,43131,-10113
강북구 우이동,18833,14536,4297
강북구 월곡제1동,2247,2289,-42
강북구 인수동,15694,12630,3064
강서구 가양제1동,14660,12288,2372
강서구 가양제2동,3480,2657,823
강서구 가양제3동,3678,2589,1089
강서구 공항동,12400,12422,-22
강서구 등촌제1동,16054,18909,-2855
강서구 등촌제2동,9192,6707,2485
강서구 등촌제3동,19154,23521,-4367
강서구 발산제1동,23793,21563,2230
강서구 방화제1동,11491,11908,-417
강서구 방화제2동,9389,10678,-1289
강서구 방화제3동,2586,1892,694
강서구 염창동,10865,8151,2714
강서구 우장산동,18561,15903,2658
강서구 화곡본동,11039,7350,3689
강서구 화곡제1동,30013,31274,-1261
강서구 화곡제2동,9440,5716,3724
강서구 화곡제3동,9335,9795,-460
강서구 화곡제4동,9291,7033,2258
강서구 화곡제6동,21676,14943,6733
강서구 화곡제8동,12478,12016,462
관악구 낙성대동,30428,46467,-16039
관악구 난곡동,19213,9647,9566
관악구 난향동,9787,5701,4086
관악구 남현동,11467,12012,-545
관악구 대학동,42812,35958,6854
관악구 미성동,24482,19063,5419
관악구 보라매동,18015,17253,762
관악구 삼성동,20957,19121,1836
관악구 서림동,25035,11043,13992
관악구 서원동,32981,47229,-14248
관악구 성현동,17750,12260,5490
관악구 신림동,33831,42792,-8961
관악구 신사동,11831,10243,1588
관악구 신원동,4838,4618,220
관악구 은천동,19881,19283,598
관악구 인헌동,9254,8122,1132
관악구 조원동,20240,35835,-15595
관악구 중앙동,7270,4878,2392
관악구 청룡동,27394,20796,6598
관악구 청림동,5968,3832,2136
관악구 행운동,32673,27823,4850
광진구 광장동,7206,6140,1066
광진구 구의제1동,11316,9886,1430
광진구 구의제2동,13194,11780,1414
광진구 구의제3동,8923,11585,-2662
광진구 군자동,14387,12900,1487
광진구 능동,9210,9742,-532
광진구 자양제1동,4368,3295,1073
광진구 자양제2동,18245,14540,3705
광진구 자양제3동,5787,5141,646
광진구 자양제4동,15350,16753,-1403
광진구 중곡제1동,6823,5147,1676
광진구 중곡제2동,10475,9117,1358
광진구 중곡제3동,9005,5066,3939
광진구 중곡제4동,7177,5708,1469
광진구 화양동,11984,16110,-4126
구로구 가리봉동,9097,11034,-1937
구로구 개봉제1동,31044,29461,1583
구로구 개봉제2동,17782,17689,93
구로구 개봉제3동,8400,5928,2472
구로구 고척제1동,22301,18337,3964
구로구 고척제2동,20497,13304,7193
구로구 구로제1동,10066,8317,1749
구로구 구로제2동,33618,31214,2404
구로구 구로제3동,29965,35459,-5494
구로구 구로제4동,22503,19575,2928
구로구 구로제5동,23705,28832,-5127
구로구 수궁동,22413,20525,1888
구로구 신도림동,24170,32318,-8148
구로구 오류제1동,13108,11240,1868
구로구 오류제2동,11138,11075,63
구로구 항동,2802,1581,1221
금천구 가산동,31146,36196,-5050
금천구 독산제1동,31989,33124,-1135
금천구 독산제2동,16800,12010,4790
금천구 독산제3동,22688,16694,5994
금천구 독산제4동,14699,8547,6152
금천구 미성동,108,235,-127
금천구 시흥제1동,31531,35946,-4415
금천구 시흥제2동,13118,10371,2747
금천구 시흥제3동,9004,7855,1149
금천구 시흥제4동,11527,4854,6673
금천구 시흥제5동,22041,12827,9214
노원구 공릉1동,18012,17522,490
노원구 공릉2동,22067,22394,-327
노원구 상계10동,7769,6894,875
노원구 상계1동,14116,12780,1336
노원구 상계2동,14137,22171,-8034
노원구 상계3.4동,3923,3234,689
노원구 상계5동,10901,9728,1173
노원구 상계6.7동,21696,20797,899
노원구 상계8동,7099,4022,3077
노원구 상계9동,7492,5595,1897
노원구 월계1동,33542,31935,1607
노원구 월계2동,13631,10393,3238
노원구 월계3동,11823,12118,-295
노원구 중계1동,10601,10584,17
노원구 중계2.3동,15480,17801,-2321
노원구 중계4동,8039,9707,-1668
노원구 중계본동,13322,8274,5048
노원구 하계1동,19684,16771,2913
노원구 하계2동,11737,12383,-646
도봉구 도봉제1동,15728,10664,5064
도봉구 도봉제2동,11248,13574,-2326
도봉구 방학제1동,18742,15441,3301
도봉구 방학제2동,7821,6574,1247
도봉구 방학제3동,14916,8097,6819
도봉구 쌍문제1동,14329,11681,2648
도봉구 쌍문제2동,16684,14066,2618
도봉구 쌍문제3동,10978,16440,-5462
도봉구 쌍문제4동,10303,6455,3848
도봉구 창제1동,19411,20671,-1260
도봉구 창제2동,9618,8782,836
도봉구 창제3동,11672,8040,3632
도봉구 창제4동,18134,20734,-2600
도봉구 창제5동,13844,13941,-97
동대문구 답십리제1동,15890,14913,977
동대문구 답십리제2동,18454,13025,5429
동대문구 면목제5동,463,202,261
동대문구 용신동,51793,53787,-1994
동대문구 이문제1동,13739,14687,-948
동대문구 이문제2동,5700,4791,909
동대문구 장안제1동,24380,25154,-774
동대문구 장안제2동,20451,17166,3285
동대문구 전농제1동,22619,26064,-3445
동대문구 전농제2동,18586,11612,6974
동대문구 제기동,40979,36785,4194
동대문구 청량리동,37559,43616,-6057
동대문구 회기동,13883,15056,-1173
동대문구 휘경제1동,28480,24546,3934
동대문구 휘경제2동,14666,11869,2797
동작구 노량진제1동,40662,51307,-10645
동작구 노량진제2동,21681,17664,4017
동작구 대방동,45100,35725,9375
동작구 사당제1동,11263,12218,-955
동작구 사당제2동,22046,18699,3347
동작구 사당제3동,10287,7435,2852
동작구 사당제4동,2295,1916,379
동작구 사당제5동,9652,6428,3224
동작구 상도제1동,51709,50919,790
동작구 상도제2동,22615,20584,2031
동작구 상도제3동,16386,12240,4146
동작구 상도제4동,14949,8995,5954
동작구 신대방제1동,9917,8797,1120
동작구 신대방제2동,27288,20581,6707
동작구 흑석동,33117,26259,6858
마포구 공덕동,16363,12771,3592
마포구 대흥동,25990,24056,1934
마포구 도화동,7016,7340,-324
마포구 망원제1동,11663,8155,3508
마포구 망원제2동,7135,5806,1329
마포구 상암동,36116,35629,487
마포구 서강동,10710,9637,1073
마포구 서교동,70185,99690,-29505
마포구 성산제1동,16046,10611,5435
마포구 성산제2동,25226,19791,5435
마포구 신수동,5460,4296,1164
마포구 아현동,22844,17694,5150
마포구 연남동,11477,10467,1010
마포구 염리동,4521,5119,-598
마포구 용강동,15601,12142,3459
마포구 합정동,12133,17910,-5777
서대문구 남가좌제1동,14605,10112,4493
서대문구 남가좌제2동,21627,16491,5136
서대문구 북가좌제1동,6020,6702,-682
서대문구 북가좌제2동,17684,11606,6078
서대문구 북아현동,13173,12523,650
서대문구 신촌동,74273,85571,-11298
서대문구 연희동,50518,45365,5153
서대문구 천연동,27816,22589,5227
서대문구 충현동,26762,28308,-1546
서대문구 홍은제1동,19178,14613,4565
서대문구 홍은제2동,34004,25555,8449
서대문구 홍제제1동,28515,29163,-648
서대문구 홍제제2동,13638,10754,2884
서대문구 홍제제3동,17288,14591,2697
서초구 내곡동,12018,11814,204
서초구 반포1동,21567,17260,4307
서초구 반포2동,6944,6962,-18
서초구 반포3동,21726,23535,-1809
서초구 반포4동,28422,34285,-5863
서초구 반포본동,11346,10953,393
서초구 방배1동,14817,13547,1270
서초구 방배2동,15832,17829,-1997
서초구 방배3동,15728,11649,4079
서초구 방배4동,17947,17887,60
서초구 방배본동,12848,9622,3226
서초구 서초1동,14742,13969,773
서초구 서초2동,24719,29317,-4598
서초구 서초3동,33011,31887,1124
서초구 서초4동,25090,29072,-3982
서초구 양재1동,55267,47757,7510
서초구 양재2동,26135,22060,4075
서초구 잠원동,17480,19653,-2173
성동구 금호1가동,8547,6843,1704
성동구 금호2.3가동,13785,12835,950
성동구 금호4가동,8180,6029,2151
성동구 마장동,10325,10201,124
성동구 사근동,7498,7011,487
성동구 성수1가제1동,7026,6543,483
성동구 성수1가제2동,4174,5949,-1775
성동구 성수2가제1동,6370,4727,1643
성동구 성수2가제3동,5325,6018,-693
성동구 송정동,5449,2872,2577
성동구 옥수동,13659,13324,335
성동구 왕십리도선동,11829,10265,1564
성동구 왕십리제2동,9954,10520,-566
성동구 용답동,9124,8394,730
성동구 응봉동,7484,5425,2059
성동구 행당제1동,13130,17710,-4580
성동구 행당제2동,11412,9028,2384
성북구 길음제1동,23588,23935,-347
성북구 길음제2동,14551,22553,-8002
성북구 돈암제1동,22307,17027,5280
성북구 돈암제2동,10033,5691,4342
성북구 동선동,25947,31662,-5715
성북구 보문동,10475,8440,2035
성북구 삼선동,36263,34974,1289
성북구 석관동,10801,10512,289
성북구 성북동,27519,26982,537
성북구 안암동,15949,15302,647
성북구 월곡제1동,18199,16579,1620
성북구 월곡제2동,10380,10337,43
성북구 장위제1동,13445,11000,2445
성북구 장위제2동,12129,10035,2094
성북구 장위제3동,5075,4259,816
성북구 정릉제1동,15194,13580,1614
성북구 정릉제2동,22076,16161,5915
성북구 정릉제3동,14198,17398,-3200
성북구 정릉제4동,24050,19333,4717
성북구 종암동,33868,25190,8678
송파구 가락1동,3867,3401,466
송파구 가락2동,17430,13396,4034
송파구 가락본동,16074,14892,1182
송파구 거여1동,4530,3295,1235
송파구 거여2동,1269,730,539
송파구 마천1동,6683,3740,2943
송파구 마천2동,11562,8054,3508
송파구 문정1동,5439,5225,214
송파구 문정2동,16998,24615,-7617
송파구 방이1동,8153,5727,2426
송파구 방이2동,12951,15145,-2194
송파구 삼전동,15097,9166,5931
송파구 석촌동,17833,17769,64
송파구 송파1동,12657,12929,-272
송파구 송파2동,6592,4260,2332
송파구 오금동,16614,14134,2480
송파구 오륜동,6704,7508,-804
송파구 위례동,12020,8571,3449
송파구 잠실2동,4354,7788,-3434
송파구 잠실3동,28623,41761,-13138
송파구 잠실4동,1012,1080,-68
송파구 잠실6동,11253,20453,-9200
송파구 잠실7동,5299,5496,-197
송파구 잠실본동,22177,17610,4567
송파구 장지동,12873,7533,5340
송파구 풍납1동,5255,3422,1833
송파구 풍납2동,10142,9255,887
양천구 목1동,26478,34705,-8227
양천구 목2동,20725,18028,2697
양천구 목3동,21221,18110,3111
양천구 목4동,17139,10600,6539
양천구 목5동,22605,20044,2561
양천구 신월1동,7727,3306,4421
양천구 신월2동,9675,6840,2835
양천구 신월3동,6679,4797,1882
양천구 신월4동,8820,6641,2179
양천구 신월5동,7075,5729,1346
양천구 신월6동,6047,3820,2227
양천구 신월7동,14129,9564,4565
양천구 신정1동,10063,11441,-1378
양천구 신정2동,6588,4159,2429
양천구 신정3동,28405,20131,8274
양천구 신정4동,19393,22167,-2774
양천구 신정6동,6688,4707,1981
양천구 신정7동,10187,7657,2530
영등포구 당산제1동,10995,11401,-406
영등포구 당산제2동,23174,25552,-2378
영등포구 대림제1동,14248,9257,4991
영등포구 대림제2동,4936,6841,-1905
영등포구 대림제3동,15359,12783,2576
영등포구 도림동,10743,7874,2869
영등포구 문래동,14136,16838,-2702
영등포구 신길제1동,11045,7479,3566
영등포구 신길제3동,14747,10119,4628
영등포구 신길제4동,4912,3650,1262
영등포구 신길제5동,9038,9164,-126
영등포구 신길제6동,11916,9825,2091
영등포구 신길제7동,11330,10555,775
영등포구 양평제1동,8737,7113,1624
영등포구 양평제2동,14678,11227,3451
영등포구 여의동,56205,61357,-5152
영등포구 영등포동,46821,66755,-19934
영등포구 영등포본동,16746,19705,-2959
용산구 남영동,33171,33137,34
용산구 보광동,10144,5518,4626
용산구 서빙고동,13545,10015,3530
용산구 용문동,4657,3535,1122
용산구 용산2가동,12565,12344,221
용산구 원효로제1동,13104,11549,1555
용산구 원효로제2동,9139,6049,3090
용산구 이촌제1동,12700,10836,1864
용산구 이촌제2동,4423,2435,1988
용산구 이태원제1동,13178,14825,-1647
용산구 이태원제2동,9038,6612,2426
용산구 청파동,17067,16712,355
용산구 필동,3159,1549,1610
용산구 한강로동,35000,43754,-8754
용산구 한남동,39459,38087,1372
용산구 효창동,8756,6708,2048
용산구 후암동,12893,9887,3006
은평구 갈현제1동,11551,8146,3405
은평구 갈현제2동,14764,11048,3716
은평구 구산동,16167,6977,9190
은평구 녹번동,21671,19177,2494
은평구 대조동,25766,37804,-12038
은평구 불광제1동,23285,19319,3966
은평구 불광제2동,18931,18850,81
은평구 수색동,8723,7585,1138
은평구 신사제1동,15074,16036,-962
은평구 신사제2동,14932,13527,1405
은평구 역촌동,23031,14380,8651
은평구 응암제1동,23101,27033,-3932
은평구 응암제2동,9787,6271,3516
은평구 응암제3동,15803,13465,2338
은평구 증산동,15218,14639,579
은평구 진관동,33514,31474,2040
종로구 가회동,4907,4925,-18
종로구 교남동,6722,4880,1842
종로구 무악동,4164,3278,886
종로구 부암동,19237,20792,-1555
종로구 사직동,39342,50742,-11400
종로구 삼청동,6014,7552,-1538
종로구 숭인제1동,1288,1407,-119
종로구 숭인제2동,14437,16824,-2387
종로구 이화동,13916,16749,-2833
종로구 종로1.2.3.4가동,97640,123834,-26194
종로구 종로5.6가동,21044,22738,-1694
종로구 창신제1동,17134,12093,5041
종로구 창신제2동,6681,9898,-3217
종로구 창신제3동,3713,4403,-690
종로구 청운효자동,11634,11134,500
종로구 충현동,2623,1291,1332
종로구 평창동,19088,13001,6087
종로구 혜화동,30443,34201,-3758
중구 광희동,19472,25336,-5864
중구 다산동,7612,6230,1382
중구 동화동,1458,1599,-141
중구 명동,30322,40290,-9968
중구 소공동,45911,60426,-14515
중구 신당동,9675,6117,3558
중구 신당제5동,9478,9329,149
중구 약수동,5969,4359,1610
중구 을지로동,5890,8225,-2335
중구 장충동,6436,6902,-466
중구 중림동,8010,6439,1571
중구 청구동,4649,3308,1341
중구 필동,5638,5665,-27
중구 황학동,7874,7059,815
중구 회현동,48083,57397,-9314
중랑구 망우본동,23595,18315,5280
중랑구 망우제3동,6922,5058,1864
중랑구 면목본동,21287,23267,-1980
중랑구 면목제2동,7923,6046,1877
중랑구 면목제3.8동,20317,17655,2662
중랑구 면목제4동,8374,6294,2080
중랑구 면목제5동,6850,4602,2248
중랑구 면목제7동,5731,5656,75
중랑구 묵제1동,12634,12924,-290
중랑구 묵제2동,5178,3279,1899
중랑구 상봉제1동,11841,10539,1302
중랑구 상봉제2동,18383,22361,-3978
중랑구 신내1동,21174,15772,5402
중랑구 신내2동,18158,14776,3382
중랑구 중화제1동,6651,8158,-1507
중랑구 중화제2동,16357,14027,2330
NA,425315,369545,55770
