ID,insum,outsum,diff
100000001,0,0,0
100000002,1409,2564,-1155
100000003,2540,3301,-761
100000004,217,727,-510
100000005,1286,1999,-713
100000006,119,118,1
100000007,465,390,75
100000008,26,23,3
100000009,41,300,-259
100000010,1,71,-70
100000011,109,37,72
100000012,39,37,2
100000013,0,11,-11
100000014,30,54,-24
100000015,450,782,-332
100000016,86,198,-112
100000017,80,105,-25
100000018,272,115,157
100000019,390,846,-456
100000020,268,1503,-1235
100000021,337,207,130
100000022,315,888,-573
100000023,755,498,257
100000025,226,889,-663
100000028,393,446,-53
100000029,7,51,-44
100000030,101,11,90
100000031,790,2604,-1814
100000032,285,1196,-911
100000033,159,1028,-869
100000034,14,148,-134
100000035,223,592,-369
100000036,177,261,-84
100000037,319,107,212
100000038,1115,437,678
100000039,114,78,36
100000040,5,89,-84
100000041,387,141,246
100000042,333,97,236
100000043,249,103,146
100000044,28,38,-10
100000045,49,75,-26
100000046,133,118,15
100000047,71,57,14
100000048,42,138,-96
100000049,254,237,17
100000051,176,98,78
100000053,27,0,27
100000054,66,3,63
100000055,87,22,65
100000056,92,122,-30
100000057,604,163,441
100000058,87,143,-56
100000059,14,80,-66
100000060,159,193,-34
100000061,638,185,453
100000062,387,276,111
100000063,286,151,135
100000064,254,177,77
100000065,79,157,-78
100000066,64,83,-19
100000067,61,144,-83
100000068,126,181,-55
100000069,77,192,-115
100000072,9,83,-74
100000073,222,241,-19
100000075,159,44,115
100000076,532,1743,-1211
100000077,60,206,-146
100000078,11,79,-68
100000079,1,43,-42
100000080,0,50,-50
100000081,4,57,-53
100000102,858,1824,-966
100000103,470,639,-169
100000104,393,404,-11
100000105,190,457,-267
100000106,341,1569,-1228
100000107,23,561,-538
100000108,39,93,-54
100000109,667,331,336
100000116,408,502,-94
100000117,4,77,-73
100000118,1694,447,1247
100000119,555,384,171
100000121,32,275,-243
100000122,131,541,-410
100000123,2084,2032,52
100000124,794,1166,-372
100000125,308,868,-560
100000126,156,297,-141
100000127,248,379,-131
100000128,52,499,-447
100000129,68,149,-81
100000130,360,425,-65
100000131,191,313,-122
100000132,210,886,-676
100000133,844,334,510
100000135,158,341,-183
100000139,150,254,-104
100000140,0,0,0
100000142,278,167,111
100000143,105,96,9
100000144,458,47,411
100000147,715,3573,-2858
100000150,25,122,-97
100000151,72,743,-671
100000153,0,90,-90
100000154,1,167,-166
100000155,2,27,-25
100000156,67,107,-40
100000157,549,110,439
100000158,29,111,-82
100000159,44,304,-260
100000165,526,217,309
100000169,13,137,-124
100000174,61,143,-82
100000179,19,563,-544
100000180,48,67,-19
100000181,57,74,-17
100000188,5,52,-47
100000189,298,126,172
100000190,200,488,-288
100000191,48,190,-142
100000192,1,140,-139
100000193,43,75,-32
100000330,338,399,-61
100000355,69,84,-15
100000362,890,405,485
100000363,3169,3638,-469
100000364,176,40,136
100000365,4715,4116,599
100000366,1070,912,158
100000367,3478,3607,-129
100000368,82,70,12
100000369,155,1108,-953
100000370,16,584,-568
100000376,26,291,-265
100000379,353,1464,-1111
100000380,1867,3050,-1183
100000384,1928,3091,-1163
100000385,427,2623,-2196
100000386,1164,2056,-892
100000387,735,4065,-3330
100000388,1420,1423,-3
100000389,1778,3042,-1264
100000390,941,754,187
100000391,2244,3871,-1627
100000392,289,795,-506
100000393,251,2024,-1773
100000394,812,1320,-508
100000395,410,1031,-621
100000396,940,637,303
100000397,555,1445,-890
100000398,6393,2170,4223
100900002,0,0,0
100900003,44,34,10
100900004,0,1,-1
100900005,0,0,0
100900006,0,0,0
100900007,0,0,0
100900008,0,0,0
100900009,0,4,-4
100900010,0,0,0
100900011,0,0,0
100900012,0,0,0
100900013,0,0,0
100900014,0,0,0
100900015,0,0,0
100900016,0,0,0
100900017,51,12,39
100900018,0,0,0
100900019,0,0,0
100900020,0,0,0
100900021,29,1,28
100900022,0,0,0
100900023,0,0,0
100900024,0,0,0
100900025,0,0,0
100900026,0,0,0
100900027,9,190,-181
100900028,14,7,7
100900029,0,0,0
100900030,0,0,0
100900031,174,35,139
100900032,32,0,32
100900033,0,0,0
100900034,0,0,0
100900035,1,0,1
100900036,1,0,1
100900037,0,0,0
100900038,0,0,0
100900039,52,0,52
100900040,127,10,117
100900041,123,1,122
100900042,19,19,0
100900043,0,3,-3
100900044,33,0,33
100900045,0,0,0
100900046,79,0,79
100900047,100,9,91
100900048,0,0,0
100900049,0,0,0
100900050,0,0,0
100900051,0,4,-4
100900052,1,0,1
100900053,0,0,0
100900054,0,0,0
100900055,0,0,0
100900056,0,0,0
100900057,33,3,30
100900058,0,0,0
100900059,0,0,0
100900060,0,0,0
100900061,0,0,0
100900062,0,0,0
100900063,8,119,-111
100900064,15,0,15
100900065,0,0,0
100900066,15,2,13
100900067,1,0,1
100900068,0,0,0
100900069,0,0,0
100900070,0,0,0
100900071,0,0,0
100900072,0,0,0
100900073,0,0,0
100900074,0,0,0
100900075,3,0,3
100900076,1,0,1
100900077,12,1,11
100900078,4,0,4
100900079,0,0,0
100900080,2,18,-16
100900081,0,0,0
100900082,0,0,0
100900083,0,0,0
100900085,0,0,0
100900086,0,0,0
100900088,0,0,0
100900089,0,0,0
100900090,2,6,-4
100900091,1,10,-9
100900092,52,1,51
100900093,0,0,0
100900094,0,0,0
100900095,0,0,0
100900096,0,0,0
100900097,0,0,0
100900098,0,0,0
100900099,0,0,0
100900100,0,0,0
100900101,1,0,1
100900102,0,0,0
100900103,0,0,0
100900104,0,0,0
100900105,0,0,0
100900106,0,0,0
100900107,0,0,0
100900108,0,0,0
100900109,0,0,0
100900110,2,5,-3
100900111,0,0,0
100900112,0,0,0
100900113,0,0,0
100900114,0,0,0
100900115,0,0,0
100900116,15,0,15
100900117,0,0,0
100900118,0,0,0
100900119,0,0,0
100900120,0,0,0
100900121,8,0,8
100900122,0,0,0
100900123,0,0,0
100900124,0,0,0
100900125,0,0,0
100900126,0,0,0
100900127,0,0,0
100900128,0,0,0
100900129,0,0,0
100900131,0,0,0
100900133,0,0,0
100900134,0,0,0
100900135,0,0,0
100900137,0,0,0
100900138,0,0,0
100900139,0,0,0
100900140,0,0,0
100900141,0,0,0
100900142,0,0,0
100900143,0,0,0
100900144,0,0,0
100900145,0,0,0
100900146,0,0,0
100900147,0,0,0
100900148,0,0,0
100900149,0,0,0
100900150,0,0,0
100900151,0,0,0
100900152,0,0,0
100900153,0,0,0
100900154,0,0,0
100900155,0,0,0
100900156,0,0,0
100900157,0,0,0
100900158,0,0,0
100900159,0,0,0
100900160,0,0,0
100900161,0,0,0
100900162,0,0,0
100900163,0,0,0
100900164,0,0,0
100900165,0,0,0
100900166,0,0,0
100900167,0,0,0
100900168,0,0,0
100900169,0,0,0
100900170,0,0,0
100900171,1,1,0
100900172,0,0,0
100900173,0,0,0
100900174,0,0,0
100900176,0,0,0
100900177,0,0,0
100900178,28,3,25
100900179,0,0,0
100900180,0,0,0
100900181,0,0,0
100900182,0,2,-2
100900184,4,15,-11
100900186,0,0,0
100900187,0,0,0
100900188,0,0,0
100900189,0,0,0
100900191,0,0,0
100900192,0,0,0
100900195,2,0,2
100900197,112,143,-31
100900198,1,0,1
100900199,26,0,26
100900200,3,3,0
100900201,0,0,0
100900202,0,0,0
100900203,0,0,0
100900204,2,1,1
100900205,0,0,0
100900206,0,0,0
100900207,0,0,0
100900210,0,0,0
100900211,0,0,0
100900213,0,0,0
100900214,0,0,0
100900215,0,0,0
100900217,0,7,-7
101000001,499,918,-419
101000002,279,899,-620
101000003,43,490,-447
101000004,3294,5464,-2170
101000005,2191,4114,-1923
101000006,2623,4476,-1853
101000007,661,3290,-2629
101000008,1012,2704,-1692
101000009,1027,286,741
101000010,245,325,-80
101000011,136,291,-155
101000012,36,17,19
101000013,195,503,-308
101000014,200,540,-340
101000015,689,580,109
101000016,52,309,-257
101000017,95,220,-125
101000018,552,616,-64
101000020,620,206,414
101000021,57,348,-291
101000022,5,6,-1
101000023,151,317,-166
101000025,74,163,-89
101000026,113,3,110
101000027,833,1569,-736
101000028,380,119,261
101000029,23,643,-620
101000030,195,51,144
101000031,71,676,-605
101000032,1333,2097,-764
101000033,263,1279,-1016
101000034,189,1045,-856
101000035,51,164,-113
101000036,216,598,-382
101000037,362,1427,-1065
101000039,265,839,-574
101000040,421,1309,-888
101000041,2093,3582,-1489
101000042,42,381,-339
101000043,1250,1930,-680
101000045,176,315,-139
101000046,715,1381,-666
101000047,935,1911,-976
101000048,147,148,-1
101000049,74,325,-251
101000050,211,1165,-954
101000051,142,1484,-1342
101000052,485,1536,-1051
101000053,117,448,-331
101000054,340,207,133
101000055,600,1316,-716
101000056,15,121,-106
101000057,153,457,-304
101000058,282,1484,-1202
101000059,978,2336,-1358
101000060,90,127,-37
101000061,130,2102,-1972
101000062,59,179,-120
101000063,179,1260,-1081
101000064,140,437,-297
101000065,39,779,-740
101000066,132,852,-720
101000067,84,117,-33
101000068,174,379,-205
101000069,141,30,111
101000070,281,164,117
101000071,671,596,75
101000072,2078,1211,867
101000073,1317,922,395
101000074,3133,1773,1360
101000075,5459,1079,4380
101000077,1861,641,1220
101000078,845,762,83
101000079,1092,545,547
101000080,416,75,341
101000081,816,801,15
101000082,1059,714,345
101000083,1350,861,489
101000084,322,178,144
101000085,1270,870,400
101000086,88,204,-116
101000087,122,175,-53
101000088,686,663,23
101000089,323,682,-359
101000090,253,167,86
101000091,268,174,94
101000092,666,307,359
101000093,611,286,325
101000094,98,105,-7
101000095,79,97,-18
101000096,371,306,65
101000097,70,165,-95
101000098,50,330,-280
101000099,403,706,-303
101000100,258,581,-323
101000101,177,318,-141
101000102,97,325,-228
101000103,345,284,61
101000104,66,386,-320
101000105,63,147,-84
101000106,5,74,-69
101000107,20,49,-29
101000108,103,40,63
101000109,46,13,33
101000110,24,47,-23
101000111,12,90,-78
101000113,38,300,-262
101000114,1041,1329,-288
101000115,0,0,0
101000116,0,0,0
101000117,0,0,0
101000119,4,68,-64
101000120,1,12,-11
101000121,1,13,-12
101000122,1,16,-15
101000123,3,19,-16
101000124,424,73,351
101000125,58,31,27
101000128,47,158,-111
101000130,488,111,377
101000131,405,283,122
101000132,51,93,-42
101000135,1,3,-2
101000136,4,33,-29
101000137,17,375,-358
101000141,308,2921,-2613
101000147,206,68,138
101000148,94,3,91
101000149,0,0,0
101000150,48,111,-63
101000151,15,2,13
101000152,116,11,105
101000153,184,36,148
101000154,135,133,2
101000155,2,0,2
101000156,0,0,0
101000157,2,12,-10
101000160,0,0,0
101000163,26,291,-265
101000164,73,21,52
101000165,179,132,47
101000166,125,292,-167
101000168,2,1,1
101000252,932,183,749
101000254,0,0,0
101000258,276,4,272
101000261,316,39,277
101000262,252,2185,-1933
101000263,90,1101,-1011
101000265,9,349,-340
101000266,72,63,9
101000269,0,0,0
101000290,77,1244,-1167
101000293,0,0,0
101000294,156,139,17
101000295,63,90,-27
101000301,28,401,-373
101000304,614,1426,-812
101000305,1036,813,223
101900001,1,0,1
101900002,0,0,0
101900003,0,0,0
101900004,0,0,0
101900005,0,0,0
101900006,0,0,0
101900007,0,0,0
101900008,0,0,0
101900009,0,1,-1
101900010,0,0,0
101900011,0,0,0
101900012,0,0,0
101900013,0,0,0
101900017,0,0,0
101900018,9,0,9
101900019,0,0,0
101900020,3,1,2
101900021,2,0,2
101900022,20,1,19
101900023,0,0,0
101900026,0,0,0
101900027,0,0,0
102000001,543,2570,-2027
102000002,881,308,573
102000003,482,2539,-2057
102000004,623,1501,-878
102000005,259,1758,-1499
102000006,232,1364,-1132
102000007,242,2214,-1972
102000008,1963,1030,933
102000009,2374,3425,-1051
102000010,1025,1096,-71
102000011,1631,2905,-1274
102000012,1319,1491,-172
102000018,415,357,58
102000019,62,411,-349
102000026,11,119,-108
102000029,104,36,68
102000030,23,103,-80
102000031,5,63,-58
102000032,108,87,21
102000033,101,172,-71
102000034,43,30,13
102000035,95,75,20
102000036,2,85,-83
102000037,19,24,-5
102000038,21,15,6
102000039,12,12,0
102000040,19,49,-30
102000041,3,141,-138
102000042,9,102,-93
102000043,4,24,-20
102000044,118,249,-131
102000045,103,382,-279
102000046,257,125,132
102000047,237,272,-35
102000048,113,211,-98
102000049,333,277,56
102000050,202,347,-145
102000051,81,154,-73
102000052,467,318,149
102000053,436,388,48
102000054,109,109,0
102000055,192,29,163
102000056,593,121,472
102000057,270,96,174
102000058,82,128,-46
102000059,124,103,21
102000060,619,620,-1
102000061,157,190,-33
102000062,735,584,151
102000063,105,330,-225
102000064,525,604,-79
102000065,11,70,-59
102000066,342,166,176
102000067,616,1555,-939
102000068,1503,878,625
102000069,39,540,-501
102000070,556,6,550
102000071,3057,4034,-977
102000072,802,879,-77
102000073,97,99,-2
102000074,202,106,96
102000075,81,55,26
102000076,97,81,16
102000077,632,183,449
102000078,448,93,355
102000079,82,31,51
102000080,104,51,53
102000081,91,358,-267
102000082,61,195,-134
102000083,159,92,67
102000084,301,88,213
102000085,357,199,158
102000086,558,191,367
102000087,173,356,-183
102000088,90,74,16
102000089,521,102,419
102000090,144,493,-349
102000091,873,338,535
102000092,263,243,20
102000093,208,285,-77
102000094,537,107,430
102000095,168,252,-84
102000096,1933,251,1682
102000097,582,294,288
102000098,438,356,82
102000099,694,316,378
102000100,170,248,-78
102000101,152,207,-55
102000102,98,256,-158
102000103,99,348,-249
102000104,81,178,-97
102000105,107,111,-4
102000106,241,78,163
102000107,548,39,509
102000108,202,55,147
102000109,159,49,110
102000110,618,140,478
102000111,6,41,-35
102000112,29,30,-1
102000113,0,3,-3
102000114,96,150,-54
102000115,33,54,-21
102000116,19,291,-272
102000117,5,90,-85
102000118,276,750,-474
102000119,135,203,-68
102000120,57,356,-299
102000121,106,249,-143
102000122,90,544,-454
102000123,116,159,-43
102000124,81,357,-276
102000125,106,120,-14
102000126,76,251,-175
102000127,273,67,206
102000128,78,214,-136
102000129,186,118,68
102000130,147,424,-277
102000131,199,249,-50
102000132,54,475,-421
102000133,1333,385,948
102000134,155,250,-95
102000135,67,238,-171
102000136,21,114,-93
102000137,35,20,15
102000138,62,26,36
102000139,36,66,-30
102000140,4,33,-29
102000141,17,47,-30
102000142,53,29,24
102000143,63,28,35
102000144,109,21,88
102000145,65,12,53
102000146,157,26,131
102000147,52,22,30
102000148,8,99,-91
102000149,108,49,59
102000150,207,26,181
102000151,46,60,-14
102000152,95,58,37
102000153,164,113,51
102000154,83,54,29
102000155,43,65,-22
102000156,39,4,35
102000157,3,100,-97
102000158,20,113,-93
102000159,32,37,-5
102000161,42,341,-299
102000162,2,17,-15
102000163,2,264,-262
102000164,146,561,-415
102000165,0,0,0
102000166,1,40,-39
102000167,0,0,0
102000168,36,45,-9
102000169,20,134,-114
102000170,0,0,0
102000171,0,0,0
102000172,13,66,-53
102000173,85,155,-70
102000174,10,6,4
102000175,97,7,90
102000176,4,0,4
102000178,39,10,29
102000179,133,61,72
102000180,274,48,226
102000181,307,138,169
102000182,199,106,93
102000183,738,225,513
102000184,249,90,159
102000185,1124,149,975
102000186,396,119,277
102000187,152,114,38
102000188,452,394,58
102000189,577,73,504
102000190,532,866,-334
102000191,219,113,106
102000192,72,323,-251
102000193,31,8,23
102000194,9,20,-11
102000195,126,76,50
102000196,80,34,46
102000197,332,14,318
102000198,44,87,-43
102000199,388,14,374
102000200,79,138,-59
102000201,305,36,269
102000202,1,9,-8
102000203,57,14,43
102000204,123,132,-9
102000205,289,80,209
102000206,88,29,59
102000207,151,91,60
102000208,19,107,-88
102000209,10,12,-2
102000210,75,11,64
102000211,43,0,43
102000212,192,11,181
102000213,0,1,-1
102000214,126,4,122
102000215,1,2,-1
102000216,43,55,-12
102000217,0,10,-10
102000218,60,46,14
102000219,2,0,2
102000225,255,257,-2
102000226,0,0,0
102000227,43,0,43
102000228,0,1,-1
102000229,1,3,-2
102000230,128,168,-40
102000231,83,171,-88
102000232,2,80,-78
102000233,65,150,-85
102000234,23,942,-919
102000236,11,4,7
102000237,84,8,76
102000238,2,11,-9
102000240,0,0,0
102000241,14,1,13
102000243,2,38,-36
102000245,0,0,0
102000246,3,46,-43
102000247,17,166,-149
102000248,73,347,-274
102000249,25,6,19
102000250,41,79,-38
102000254,90,74,16
102000266,4,24,-20
102000271,5,0,5
102000286,46,103,-57
102000297,219,112,107
102000299,0,0,0
102000301,0,0,0
102000305,0,0,0
102000307,0,0,0
102000308,0,0,0
102900001,93,25,68
102900002,28,3,25
102900003,0,0,0
102900005,140,16,124
102900006,59,7,52
102900007,161,4,157
102900008,16,2,14
102900009,25,0,25
102900010,87,1,86
102900011,0,0,0
102900012,0,0,0
102900013,0,0,0
102900015,0,0,0
102900016,0,0,0
102900017,0,0,0
102900018,0,0,0
102900019,0,0,0
102900020,0,0,0
102900021,0,0,0
102900022,0,0,0
102900023,0,0,0
102900024,0,0,0
102900025,0,0,0
102900026,0,155,-155
102900027,0,0,0
102900028,3,113,-110
102900029,0,0,0
102900030,6,56,-50
102900031,62,19,43
102900032,0,0,0
102900033,0,0,0
102900034,130,5,125
102900035,0,0,0
102900036,103,24,79
102900037,36,26,10
102900038,65,17,48
102900039,0,0,0
102900040,0,0,0
102900041,0,0,0
102900042,0,0,0
102900043,0,0,0
102900044,0,0,0
102900045,0,0,0
102900046,0,0,0
102900047,0,0,0
102900048,0,0,0
102900049,0,0,0
102900050,0,0,0
102900051,0,0,0
102900052,0,0,0
102900053,0,0,0
102900054,0,0,0
102900055,0,0,0
102900056,0,0,0
102900057,0,0,0
102900058,0,0,0
102900059,0,0,0
102900060,0,16,-16
102900061,8,26,-18
102900062,46,28,18
102900063,99,4,95
102900064,1,52,-51
102900065,116,3,113
102900066,5,1,4
102900068,0,0,0
102900070,0,0,0
102900072,0,0,0
102900073,0,0,0
102900075,0,0,0
102900076,0,0,0
102900077,0,0,0
102900078,0,0,0
102900079,77,0,77
102900080,48,0,48
102900081,0,0,0
102900082,0,0,0
102900083,0,0,0
102900084,0,0,0
102900085,0,0,0
102900086,0,0,0
102900087,0,0,0
102900088,0,0,0
102900089,0,0,0
102900090,0,0,0
102900091,0,0,0
102900092,0,0,0
102900093,0,0,0
102900094,0,0,0
102900095,9,0,9
102900096,0,0,0
102900097,0,0,0
103000001,2438,1530,908
103000002,1247,1282,-35
103000003,1272,1197,75
103000004,210,295,-85
103000005,1117,1281,-164
103000006,506,791,-285
103000007,312,303,9
103000008,173,98,75
103000009,526,540,-14
103000010,125,49,76
103000011,538,565,-27
103000012,692,895,-203
103000013,427,541,-114
103000014,720,1747,-1027
103000015,146,39,107
103000016,229,498,-269
103000017,148,271,-123
103000018,153,158,-5
103000019,145,172,-27
103000020,326,499,-173
103000021,1764,1375,389
103000022,149,269,-120
103000023,347,1536,-1189
103000024,31,56,-25
103000025,30,415,-385
103000026,105,82,23
103000027,40,264,-224
103000028,225,219,6
103000029,63,67,-4
103000030,331,509,-178
103000031,474,959,-485
103000032,673,514,159
103000033,2468,2215,253
103000034,508,435,73
103000035,154,589,-435
103000036,193,176,17
103000037,158,178,-20
103000038,287,667,-380
103000039,145,69,76
103000040,122,317,-195
103000041,648,519,129
103000042,578,95,483
103000043,459,371,88
103000044,49,1,48
103000046,12,74,-62
103000047,105,147,-42
103000048,8,29,-21
103000049,11,56,-45
103000050,99,6,93
103000051,34,49,-15
103000052,73,13,60
103000053,8,36,-28
103000054,834,154,680
103000055,1130,577,553
103000056,398,360,38
103000057,482,183,299
103000058,309,184,125
103000059,402,241,161
103000060,295,137,158
103000061,329,359,-30
103000062,242,57,185
103000063,366,384,-18
103000064,21,28,-7
103000065,0,26,-26
103000066,32,6,26
103000069,133,77,56
103000070,146,101,45
103000071,289,147,142
103000072,47,47,0
103000073,340,45,295
103000074,278,24,254
103000075,21,94,-73
103000076,75,282,-207
103000077,10,77,-67
103000078,321,350,-29
103000079,92,240,-148
103000080,310,168,142
103000081,76,486,-410
103000082,220,18,202
103000083,10,63,-53
103000084,35,2,33
103000085,0,6,-6
103000086,414,217,197
103000087,63,353,-290
103000088,200,148,52
103000089,168,332,-164
103000090,3319,2386,933
103000091,621,645,-24
103000092,453,184,269
103000093,101,114,-13
103000094,123,68,55
103000095,11,77,-66
103000096,263,6,257
103000097,10,79,-69
103000098,325,36,289
103000099,25,61,-36
103000100,22,119,-97
103000101,454,60,394
103000102,17,90,-73
103000103,402,44,358
103000104,30,21,9
103000105,133,9,124
103000106,3,22,-19
103000107,175,21,154
103000108,768,775,-7
103000109,197,578,-381
103000110,613,574,39
103000111,97,152,-55
103000112,103,142,-39
103000113,30,393,-363
103000114,584,329,255
103000115,648,510,138
103000116,421,188,233
103000117,450,179,271
103000118,44,92,-48
103000119,69,66,3
103000120,3,10,-7
103000121,60,111,-51
103000122,656,1001,-345
103000125,1,20,-19
103000126,373,0,373
103000127,0,34,-34
103000128,39,1,38
103000129,0,43,-43
103000130,53,4,49
103000131,52,56,-4
103000132,6,19,-13
103000133,3,54,-51
103000134,82,166,-84
103000135,136,82,54
103000136,88,18,70
103000137,57,197,-140
103000138,188,276,-88
103000139,0,24,-24
103000140,24,16,8
103000141,2,34,-32
103000142,59,34,25
103000143,2,18,-16
103000144,53,27,26
103000145,2,45,-43
103000150,10,11,-1
103000152,74,120,-46
103000153,84,202,-118
103000156,0,73,-73
103000157,131,2,129
103000159,65,26,39
103000162,24,24,0
103000163,0,5,-5
103000164,6,14,-8
103000165,19,93,-74
103000166,73,206,-133
103000167,96,60,36
103000168,58,31,27
103000169,123,202,-79
103000170,640,223,417
103000171,19,29,-10
103000172,456,167,289
103000173,7,5,2
103000174,563,167,396
103000175,43,17,26
103000176,187,315,-128
103000177,23,23,0
103000178,19,17,2
103000179,45,8,37
103000183,129,0,129
103000185,101,8,93
103000186,160,72,88
103000187,2,3,-1
103000188,14,13,1
103000189,223,378,-155
103000191,152,154,-2
103000292,54,263,-209
103000293,143,810,-667
103000295,34,41,-7
103000296,18,0,18
103000297,1,2,-1
103000504,12,0,12
103000505,1,0,1
103000506,1,26,-25
103000507,110,1,109
103000508,45,35,10
103000509,83,120,-37
103900001,0,0,0
103900002,0,0,0
103900003,37,3,34
103900004,4,0,4
103900005,0,0,0
103900006,0,0,0
103900007,0,0,0
103900008,6,0,6
103900009,54,2,52
103900010,25,0,25
103900011,1,0,1
103900012,0,11,-11
103900013,0,0,0
103900014,6,1,5
103900015,16,2,14
103900016,0,0,0
103900017,0,0,0
103900018,0,0,0
103900019,4,63,-59
103900020,0,0,0
103900021,12,0,12
103900022,95,3,92
103900023,22,0,22
103900024,2,10,-8
103900025,0,0,0
103900026,1,0,1
103900027,34,1,33
103900028,0,27,-27
103900029,169,2,167
103900030,48,4,44
103900031,13,0,13
103900032,9,5,4
103900033,2,1,1
103900034,0,0,0
103900035,0,0,0
103900036,11,4,7
103900037,1,1,0
103900038,1,32,-31
103900039,2,0,2
103900040,0,0,0
103900041,0,5,-5
103900042,0,0,0
103900043,0,0,0
103900044,1,66,-65
103900045,2,5,-3
103900047,0,0,0
103900048,0,0,0
103900049,0,0,0
103900050,3,1,2
103900051,0,0,0
103900052,0,0,0
103900053,1,0,1
103900054,0,0,0
103900055,0,0,0
103900056,0,0,0
103900057,25,0,25
103900058,0,0,0
103900059,0,0,0
103900060,48,6,42
103900061,43,0,43
103900062,0,0,0
103900063,0,0,0
103900064,8,0,8
103900065,6,6,0
103900066,18,2,16
103900067,17,0,17
103900068,0,0,0
103900069,0,1,-1
103900070,3,0,3
103900071,3,0,3
103900072,0,1,-1
103900073,0,5,-5
103900074,2,1,1
103900075,3,0,3
103900076,0,0,0
103900077,1,31,-30
103900078,0,0,0
103900079,0,0,0
103900080,0,0,0
103900081,0,0,0
103900082,0,0,0
103900083,83,221,-138
103900084,0,0,0
103900085,0,3,-3
103900086,22,13,9
103900087,0,2,-2
103900088,3,8,-5
103900089,0,0,0
103900090,0,0,0
103900091,0,0,0
103900092,0,0,0
103900093,25,0,25
103900094,0,0,0
103900095,0,0,0
103900096,63,0,63
103900097,0,0,0
103900098,0,0,0
103900099,18,0,18
103900100,0,0,0
103900101,0,0,0
103900102,0,0,0
103900104,0,0,0
103900105,0,0,0
103900106,0,0,0
103900107,38,2,36
103900108,2,10,-8
103900109,18,1,17
103900110,0,0,0
103900111,0,0,0
103900112,0,0,0
103900113,0,0,0
103900114,0,0,0
103900115,0,0,0
103900116,1,29,-28
103900117,6,1,5
103900119,2,37,-35
103900120,3,5,-2
103900122,0,0,0
103900123,0,0,0
103900124,0,0,0
103900125,0,0,0
103900126,23,0,23
103900127,0,8,-8
103900128,0,0,0
103900131,0,0,0
103900133,63,2,61
103900134,0,0,0
103900135,0,0,0
103900137,0,0,0
103900138,0,0,0
103900139,12,46,-34
103900140,0,0,0
103900141,19,7,12
103900142,11,0,11
103900143,2,0,2
103900144,0,0,0
103900145,6,10,-4
103900146,32,3,29
103900147,0,0,0
103900148,0,0,0
103900149,16,2,14
103900150,121,19,102
103900151,0,0,0
103900152,183,1,182
103900153,0,0,0
103900154,0,5,-5
103900155,12,1,11
103900156,0,0,0
103900157,0,0,0
103900158,26,1,25
103900159,0,0,0
103900160,0,0,0
103900161,0,0,0
103900162,0,0,0
103900163,0,0,0
103900167,0,11,-11
103900168,13,0,13
103900169,0,31,-31
103900170,0,0,0
103900171,0,0,0
103900172,0,0,0
103900173,0,0,0
103900174,31,1,30
103900175,1,18,-17
103900176,0,0,0
103900177,0,0,0
103900178,0,0,0
103900179,0,0,0
103900180,0,0,0
103900181,0,0,0
103900182,0,0,0
103900184,0,0,0
103900185,0,0,0
103900187,1,1,0
103900188,13,0,13
103900189,8,0,8
103900190,0,0,0
103900191,0,0,0
103900192,0,0,0
103900193,0,0,0
103900194,0,0,0
103900195,0,0,0
103900196,0,0,0
103900197,0,0,0
103900198,0,0,0
103900199,0,0,0
103900200,0,0,0
103900201,0,0,0
103900202,0,0,0
103900203,0,1,-1
103900204,0,0,0
103900207,0,0,0
103900208,7,0,7
103900209,0,0,0
103900210,0,0,0
103900211,64,1,63
103900212,0,0,0
103900213,0,0,0
103900214,129,152,-23
103900215,0,0,0
103900216,0,0,0
103900217,55,0,55
103900218,0,0,0
103900219,0,0,0
103900233,0,0,0
103900235,0,0,0
103900236,0,0,0
103900242,0,0,0
103900243,0,0,0
103900244,8,0,8
103900245,0,0,0
103900246,1,0,1
103900247,0,0,0
103900248,0,0,0
103900249,0,0,0
103900250,0,0,0
103900251,0,0,0
103900253,0,0,0
103900254,0,0,0
103900255,0,0,0
103900256,0,0,0
103900257,0,0,0
103900258,0,0,0
103900259,0,0,0
103900261,0,0,0
103900262,0,0,0
103900263,0,0,0
103900264,0,0,0
103900265,0,0,0
103900266,0,1,-1
103900267,0,0,0
103900268,0,2,-2
103900269,7,0,7
103900270,0,0,0
103900271,0,0,0
104000001,1049,678,371
104000002,1009,1393,-384
104000003,1021,1188,-167
104000004,1437,1537,-100
104000005,903,1166,-263
104000006,1205,990,215
104000007,2239,1425,814
104000008,60,27,33
104000009,368,192,176
104000010,70,178,-108
104000011,11,25,-14
104000012,6,26,-20
104000013,126,217,-91
104000014,71,17,54
104000015,236,66,170
104000016,43,16,27
104000018,509,92,417
104000019,723,203,520
104000020,37,261,-224
104000021,208,302,-94
104000022,65,175,-110
104000023,500,75,425
104000024,30,18,12
104000026,10,5,5
104000027,25,10,15
104000028,401,161,240
104000029,35,17,18
104000030,509,343,166
104000031,712,61,651
104000032,64,37,27
104000033,590,64,526
104000034,67,25,42
104000035,795,85,710
104000036,639,297,342
104000037,16,12,4
104000038,403,136,267
104000039,248,234,14
104000040,68,237,-169
104000041,223,140,83
104000042,168,159,9
104000043,35,154,-119
104000044,72,104,-32
104000045,297,84,213
104000046,234,204,30
104000047,167,433,-266
104000048,484,885,-401
104000049,286,129,157
104000050,52,180,-128
104000051,23,36,-13
104000052,611,607,4
104000053,389,93,296
104000054,173,30,143
104000055,1176,287,889
104000056,195,9,186
104000057,0,0,0
104000058,460,307,153
104000059,323,473,-150
104000060,322,303,19
104000061,323,144,179
104000062,75,19,56
104000064,199,41,158
104000065,6,68,-62
104000069,405,671,-266
104000070,35,145,-110
104000071,0,0,0
104000072,73,17,56
104000075,0,0,0
104000076,0,0,0
104000082,567,933,-366
104000083,383,132,251
104000084,64,178,-114
104000085,195,59,136
104000086,115,100,15
104000087,55,108,-53
104000090,52,111,-59
104000092,46,123,-77
104000094,179,65,114
104000095,488,611,-123
104000096,836,1,835
104000097,969,71,898
104000098,1364,97,1267
104000100,1237,103,1134
104000101,640,561,79
104000106,42,101,-59
104000107,486,93,393
104000108,76,24,52
104000109,57,33,24
104000110,120,261,-141
104000111,253,532,-279
104000112,75,61,14
104000116,1,63,-62
104000117,84,101,-17
104000118,285,78,207
104000119,87,73,14
104000120,66,77,-11
104000121,75,193,-118
104000122,367,228,139
104000123,254,234,20
104000124,306,677,-371
104000125,217,379,-162
104000126,244,317,-73
104000127,464,642,-178
104000128,462,70,392
104000129,111,2,109
104000130,0,122,-122
104000131,8,3,5
104000132,6,2,4
104000133,283,277,6
104000134,295,681,-386
104000135,132,884,-752
104000136,417,1393,-976
104000137,798,308,490
104000138,91,83,8
104000139,1272,1429,-157
104000141,370,294,76
104000142,200,68,132
104000143,126,23,103
104000144,59,125,-66
104000145,203,75,128
104000146,14,141,-127
104000147,12,61,-49
104000148,177,128,49
104000149,29,23,6
104000150,435,94,341
104000151,87,27,60
104000152,166,71,95
104000153,369,337,32
104000154,159,284,-125
104000155,364,485,-121
104000157,492,316,176
104000158,38,192,-154
104000159,248,170,78
104000160,881,1331,-450
104000161,28,38,-10
104000162,50,17,33
104000165,249,208,41
104000167,281,605,-324
104000168,364,0,364
104000169,100,13,87
104000170,9,5,4
104000248,0,88,-88
104000251,0,0,0
104000272,0,0,0
104000273,0,0,0
104000274,0,0,0
104000275,0,0,0
104000279,228,618,-390
104000290,1,48,-47
104000291,297,520,-223
104000293,409,329,80
104000294,0,0,0
104000295,297,766,-469
104000296,100,176,-76
104000297,269,1171,-902
104000298,443,286,157
104000299,389,749,-360
104900001,0,0,0
104900002,0,0,0
104900003,0,0,0
104900004,0,0,0
104900005,0,0,0
104900006,0,0,0
104900007,0,0,0
104900009,0,0,0
104900010,0,0,0
104900011,0,0,0
104900012,0,0,0
104900013,0,0,0
104900014,0,0,0
104900015,0,0,0
104900016,0,0,0
104900017,1,0,1
104900018,0,0,0
104900019,0,0,0
104900020,0,0,0
104900021,0,0,0
104900022,2,1,1
104900023,0,0,0
104900024,0,14,-14
104900025,0,0,0
104900026,0,0,0
104900027,0,0,0
104900028,0,3,-3
104900029,0,0,0
104900030,0,0,0
104900031,1,2,-1
104900032,0,0,0
104900033,0,0,0
104900034,0,0,0
104900035,0,0,0
104900036,0,0,0
104900037,0,0,0
104900038,0,0,0
104900039,0,0,0
104900040,0,0,0
104900041,0,0,0
104900042,0,0,0
104900043,0,0,0
104900044,11,0,11
104900045,0,0,0
104900046,0,0,0
104900047,53,2,51
104900048,71,2,69
104900049,0,0,0
104900050,0,0,0
104900051,26,0,26
104900052,0,0,0
104900053,92,2,90
104900054,3,0,3
104900055,0,0,0
104900056,15,0,15
104900057,0,0,0
104900058,19,0,19
104900059,62,19,43
104900060,0,0,0
104900061,0,0,0
104900063,0,0,0
104900064,0,0,0
104900065,0,0,0
104900066,0,0,0
104900067,0,0,0
104900068,0,0,0
104900070,0,0,0
104900071,0,0,0
104900072,0,0,0
104900073,0,0,0
104900074,0,0,0
104900075,0,0,0
104900076,0,0,0
104900077,0,0,0
104900078,0,0,0
104900079,0,0,0
104900080,0,0,0
104900082,0,0,0
104900085,0,0,0
104900087,63,0,63
104900089,0,0,0
104900090,0,0,0
104900091,0,0,0
104900093,0,0,0
104900097,0,0,0
104900098,0,0,0
104900099,0,0,0
104900100,0,0,0
104900102,0,0,0
104900103,0,0,0
104900104,0,0,0
104900106,0,0,0
104900107,0,0,0
104900108,0,0,0
104900109,0,0,0
104900110,0,0,0
104900111,0,0,0
104900112,0,0,0
104900113,0,0,0
104900114,0,0,0
104900115,0,0,0
104900116,0,0,0
104900118,0,0,0
104900119,0,0,0
104900120,0,0,0
104900121,0,0,0
104900122,0,0,0
104900123,0,0,0
104900124,0,0,0
104900125,44,0,44
104900126,0,0,0
104900127,0,0,0
104900128,10,0,10
104900129,0,0,0
105000001,808,465,343
105000002,630,732,-102
105000003,858,1180,-322
105000004,275,646,-371
105000005,374,619,-245
105000006,427,1171,-744
105000007,386,967,-581
105000008,566,1473,-907
105000009,1925,1611,314
105000010,848,522,326
105000011,1490,1660,-170
105000012,435,703,-268
105000013,419,512,-93
105000014,1883,1429,454
105000015,3980,6055,-2075
105000016,987,762,225
105000017,979,501,478
105000018,1223,631,592
105000019,806,823,-17
105000020,103,170,-67
105000021,58,28,30
105000022,17,28,-11
105000023,176,175,1
105000028,2,113,-111
105000029,115,407,-292
105000030,1591,1276,315
105000033,343,575,-232
105000034,10,361,-351
105000037,210,11,199
105000038,559,543,16
105000039,180,482,-302
105000040,322,569,-247
105000041,45,288,-243
105000042,1046,713,333
105000043,259,245,14
105000044,264,182,82
105000045,69,114,-45
105000046,442,113,329
105000047,146,144,2
105000048,583,154,429
105000049,122,85,37
105000050,453,228,225
105000051,61,56,5
105000052,194,237,-43
105000053,158,14,144
105000054,147,233,-86
105000055,286,26,260
105000056,657,332,325
105000057,1206,124,1082
105000058,353,324,29
105000059,548,159,389
105000060,233,104,129
105000061,499,135,364
105000062,289,109,180
105000063,59,39,20
105000064,868,166,702
105000065,34,43,-9
105000066,323,114,209
105000067,659,351,308
105000068,53,122,-69
105000069,452,563,-111
105000070,327,587,-260
105000071,204,871,-667
105000072,696,1126,-430
105000073,615,398,217
105000074,17,122,-105
105000075,131,215,-84
105000076,445,242,203
105000077,934,252,682
105000078,343,572,-229
105000079,131,382,-251
105000080,1246,1274,-28
105000081,243,122,121
105000082,299,878,-579
105000083,1552,1684,-132
105000084,79,118,-39
105000085,1846,1315,531
105000086,99,113,-14
105000087,60,172,-112
105000088,1130,926,204
105000089,545,640,-95
105000090,160,208,-48
105000091,205,151,54
105000092,147,110,37
105000093,73,114,-41
105000094,310,83,227
105000095,25,135,-110
105000096,418,600,-182
105000097,142,53,89
105000098,384,398,-14
105000099,128,85,43
105000100,395,333,62
105000101,994,475,519
105000102,546,248,298
105000103,557,413,144
105000104,757,169,588
105000105,529,303,226
105000106,617,264,353
105000107,572,157,415
105000108,641,172,469
105000109,666,295,371
105000110,395,130,265
105000111,501,114,387
105000112,436,191,245
105000113,300,369,-69
105000114,697,916,-219
105000115,183,753,-570
105000116,588,242,346
105000117,149,112,37
105000118,208,145,63
105000119,96,89,7
105000120,785,266,519
105000121,215,108,107
105000122,171,120,51
105000123,177,152,25
105000124,903,225,678
105000125,340,219,121
105000126,663,305,358
105000127,1120,262,858
105000128,128,101,27
105000129,286,52,234
105000130,113,1705,-1592
105000131,82,41,41
105000132,539,411,128
105000133,79,143,-64
105000134,397,193,204
105000135,32,38,-6
105000136,0,0,0
105000137,208,29,179
105000138,0,0,0
105000139,117,152,-35
105000140,386,61,325
105000141,126,85,41
105000142,330,114,216
105000143,79,141,-62
105000144,75,87,-12
105000145,385,125,260
105000146,0,0,0
105000147,432,77,355
105000148,250,132,118
105000149,859,516,343
105000150,59,38,21
105000151,221,45,176
105000152,76,97,-21
105000153,277,69,208
105000154,110,72,38
105000155,90,172,-82
105000156,74,79,-5
105000157,289,142,147
105000158,652,112,540
105000159,98,75,23
105000160,858,155,703
105000161,180,96,84
105000162,176,653,-477
105000163,350,171,179
105000164,34,73,-39
105000165,47,1761,-1714
105000166,189,317,-128
105000167,337,990,-653
105000168,117,149,-32
105000169,241,11,230
105000170,33,452,-419
105000171,412,44,368
105000172,67,1,66
105000173,143,22,121
105000174,10,27,-17
105000175,0,0,0
105000176,142,14,128
105000177,175,56,119
105000178,69,41,28
105000179,304,4,300
105000180,0,0,0
105000181,29,14,15
105000182,0,0,0
105000183,507,1391,-884
105000184,2,1,1
105000185,148,370,-222
105000186,0,6,-6
105000187,197,235,-38
105000188,24,119,-95
105000189,0,2,-2
105000190,105,113,-8
105000191,2,17,-15
105000192,218,28,190
105000193,27,7,20
105000194,221,10,211
105000195,50,97,-47
105000196,48,107,-59
105000197,12,118,-106
105000198,9,39,-30
105000199,15,162,-147
105000200,86,196,-110
105000201,29,6,23
105000203,1,156,-155
105000204,15,44,-29
105000205,35,185,-150
105000207,0,0,0
105000208,56,140,-84
105000209,0,0,0
105000212,345,131,214
105000213,32,12,20
105000214,38,50,-12
105000215,67,25,42
105000216,11,1,10
105000217,0,0,0
105000218,902,189,713
105000221,109,30,79
105000222,34,29,5
105000223,21,7,14
105000226,23,22,1
105000227,32,37,-5
105000228,26,551,-525
105000229,136,309,-173
105000231,275,30,245
105000233,370,334,36
105000234,272,414,-142
105000235,161,208,-47
105000237,327,26,301
105000243,79,51,28
105000248,19,37,-18
105000262,189,43,146
105000269,29,22,7
105000270,198,6,192
105000271,0,7,-7
105000282,12,3,9
105000287,104,15,89
105000288,213,136,77
105000289,575,833,-258
105000290,2,71,-69
105000402,305,1008,-703
105000426,23,296,-273
105000438,506,586,-80
105000446,1884,3262,-1378
105000447,2122,468,1654
105000454,0,0,0
105000455,65,43,22
105000474,71,3,68
105000477,146,159,-13
105000478,891,2390,-1499
105000479,39,55,-16
105000480,2518,3188,-670
105000481,1445,966,479
105000482,855,1620,-765
105000483,449,994,-545
105000484,575,1416,-841
105000485,1071,1615,-544
105000486,637,1765,-1128
105000488,847,1757,-910
105000489,569,178,391
105000549,35,25,10
105000550,0,0,0
105000551,8,34,-26
105000552,553,324,229
105900001,0,15,-15
105900002,155,41,114
105900003,0,0,0
105900004,0,0,0
105900005,0,0,0
105900006,6,4,2
105900007,0,0,0
105900008,0,0,0
105900009,0,0,0
105900011,0,5,-5
105900012,31,8,23
105900013,0,0,0
105900014,0,1,-1
105900015,0,0,0
105900016,27,13,14
105900017,0,0,0
105900018,0,0,0
105900019,0,3,-3
105900020,0,0,0
105900021,1,2,-1
105900022,0,0,0
105900023,0,5,-5
105900024,0,5,-5
105900025,11,0,11
105900026,0,0,0
105900027,414,73,341
105900028,5,0,5
105900029,254,32,222
105900030,46,42,4
105900031,0,0,0
105900032,0,0,0
105900033,0,0,0
105900034,0,0,0
105900035,0,0,0
105900036,0,0,0
105900037,0,0,0
105900038,0,0,0
105900039,0,0,0
105900040,0,0,0
105900041,0,0,0
105900042,0,0,0
105900043,37,0,37
105900044,0,0,0
105900045,0,0,0
105900046,0,0,0
105900047,0,0,0
105900048,29,14,15
105900050,36,111,-75
105900051,0,23,-23
105900052,31,1,30
105900053,0,0,0
105900054,0,0,0
105900056,12,15,-3
105900057,18,13,5
105900058,0,0,0
105900059,0,0,0
106000001,1039,696,343
106000002,85,644,-559
106000003,1266,1719,-453
106000004,531,1587,-1056
106000005,2058,2399,-341
106000006,1184,1171,13
106000007,459,164,295
106000008,40,98,-58
106000009,389,192,197
106000010,38,86,-48
106000011,857,407,450
106000012,207,259,-52
106000013,1514,769,745
106000014,287,252,35
106000015,1579,676,903
106000016,244,348,-104
106000017,784,227,557
106000018,49,124,-75
106000019,341,205,136
106000020,21,34,-13
106000021,369,199,170
106000022,32,34,-2
106000023,907,156,751
106000024,68,67,1
106000025,215,296,-81
106000026,10,27,-17
106000027,1418,643,775
106000028,9,32,-23
106000029,13,22,-9
106000030,0,0,0
106000034,0,0,0
106000035,318,541,-223
106000036,0,0,0
106000037,161,57,104
106000038,21,15,6
106000039,6,28,-22
106000040,0,68,-68
106000041,334,140,194
106000043,234,35,199
106000046,64,5,59
106000047,0,0,0
106000049,497,12,485
106000050,63,80,-17
106000051,577,214,363
106000052,0,0,0
106000053,298,54,244
106000054,0,0,0
106000055,380,32,348
106000056,0,0,0
106000057,242,34,208
106000058,0,0,0
106000059,284,86,198
106000060,0,0,0
106000061,83,463,-380
106000062,0,0,0
106000063,509,578,-69
106000064,0,0,0
106000065,435,72,363
106000066,27,24,3
106000067,321,65,256
106000068,25,23,2
106000069,106,8,98
106000070,77,5,72
106000071,549,92,457
106000072,453,680,-227
106000073,582,1356,-774
106000074,330,533,-203
106000075,137,270,-133
106000076,568,258,310
106000077,770,395,375
106000078,566,127,439
106000079,493,167,326
106000080,547,84,463
106000081,434,145,289
106000082,688,54,634
106000083,210,262,-52
106000084,917,170,747
106000085,343,253,90
106000086,243,164,79
106000087,358,131,227
106000088,253,155,98
106000089,603,38,565
106000090,264,245,19
106000091,90,111,-21
106000092,152,130,22
106000093,320,30,290
106000094,0,0,0
106000095,485,90,395
106000096,623,69,554
106000097,513,67,446
106000098,676,90,586
106000099,84,81,3
106000100,778,40,738
106000101,556,16,540
106000102,26,87,-61
106000103,60,126,-66
106000104,413,139,274
106000105,70,185,-115
106000106,371,125,246
106000107,41,108,-67
106000108,169,119,50
106000109,23,48,-25
106000110,119,33,86
106000111,58,62,-4
106000112,127,168,-41
106000113,70,165,-95
106000114,192,166,26
106000115,70,198,-128
106000116,259,165,94
106000117,43,122,-79
106000118,509,375,134
106000119,27,174,-147
106000120,330,429,-99
106000121,126,54,72
106000122,106,74,32
106000123,234,44,190
106000124,146,24,122
106000125,35,82,-47
106000126,303,28,275
106000127,232,123,109
106000128,379,76,303
106000129,175,152,23
106000130,675,123,552
106000131,13,209,-196
106000132,376,31,345
106000133,151,378,-227
106000134,209,1017,-808
106000135,3,103,-100
106000136,451,518,-67
106000137,1,124,-123
106000138,876,26,850
106000139,73,44,29
106000140,0,0,0
106000141,0,0,0
106000142,124,15,109
106000143,0,0,0
106000144,58,34,24
106000145,0,0,0
106000146,267,83,184
106000147,153,104,49
106000148,187,294,-107
106000149,518,89,429
106000150,294,589,-295
106000151,563,222,341
106000152,531,679,-148
106000153,19,421,-402
106000154,421,84,337
106000155,47,73,-26
106000156,661,48,613
106000157,100,376,-276
106000158,461,321,140
106000159,314,611,-297
106000160,143,954,-811
106000161,154,44,110
106000162,236,406,-170
106000163,75,42,33
106000164,293,54,239
106000165,53,78,-25
106000166,467,36,431
106000167,246,240,6
106000168,273,51,222
106000169,181,131,50
106000170,318,26,292
106000171,129,411,-282
106000172,755,136,619
106000173,567,618,-51
106000174,554,8,546
106000175,74,4,70
106000176,891,179,712
106000177,126,104,22
106000178,986,186,800
106000179,51,52,-1
106000180,313,248,65
106000181,421,457,-36
106000182,1100,89,1011
106000183,690,79,611
106000184,473,101,372
106000185,295,289,6
106000186,80,7,73
106000187,14,257,-243
106000188,0,0,0
106000189,0,34,-34
106000190,2,6,-4
106000191,173,13,160
106000192,0,0,0
106000193,26,85,-59
106000194,7,99,-92
106000195,21,27,-6
106000196,16,186,-170
106000197,185,45,140
106000198,29,18,11
106000199,146,161,-15
106000200,8,85,-77
106000201,78,1109,-1031
106000202,202,112,90
106000203,0,0,0
106000204,11,0,11
106000205,0,0,0
106000206,16,1,15
106000207,1,8,-7
106000208,628,26,602
106000209,878,133,745
106000210,16,17,-1
106000211,7,35,-28
106000212,729,117,612
106000213,3,75,-72
106000214,549,88,461
106000215,58,138,-80
106000216,333,61,272
106000217,17,129,-112
106000218,194,16,178
106000219,20,106,-86
106000220,353,30,323
106000221,72,51,21
106000222,45,15,30
106000223,125,45,80
106000224,40,70,-30
106000225,41,110,-69
106000226,22,105,-83
106000228,0,0,0
106000229,0,0,0
106000231,377,10,367
106000232,0,0,0
106000233,84,12,72
106000234,0,0,0
106000235,27,25,2
106000236,0,0,0
106000237,0,0,0
106000238,0,13,-13
106000239,0,0,0
106000240,0,2,-2
106000241,0,130,-130
106000242,73,7,66
106000249,92,10,82
106000250,1,108,-107
106000251,43,9,34
106000252,0,0,0
106000253,36,1,35
106000254,0,0,0
106000255,36,3,33
106000256,0,0,0
106000257,8,43,-35
106000258,1,2,-1
106000259,0,0,0
106000260,0,0,0
106000261,0,0,0
106000262,10,0,10
106000263,0,0,0
106000264,52,0,52
106000265,0,0,0
106000266,99,0,99
106000267,0,0,0
106000268,89,5,84
106000269,0,0,0
106000270,11,25,-14
106000271,7,15,-8
106000272,0,0,0
106000273,0,20,-20
106000274,0,0,0
106000275,7,32,-25
106000276,0,0,0
106000277,9,13,-4
106000278,0,0,0
106000279,0,0,0
106000280,0,0,0
106000281,0,0,0
106000282,0,0,0
106000283,0,0,0
106000284,0,0,0
106000285,0,0,0
106000286,0,0,0
106000287,0,0,0
106000288,0,0,0
106000289,0,0,0
106000290,0,0,0
106000291,0,0,0
106000292,0,0,0
106000293,0,0,0
106000294,0,0,0
106000295,0,0,0
106000296,0,0,0
106000297,0,0,0
106000298,0,0,0
106000299,0,0,0
106000300,0,0,0
106000301,0,0,0
106000303,2,4,-2
106000304,0,0,0
106000305,35,0,35
106000306,0,0,0
106000307,65,1,64
106000308,0,0,0
106000309,0,0,0
106000310,148,79,69
106000311,73,19,54
106000312,48,53,-5
106000313,25,13,12
106000318,0,0,0
106000319,384,77,307
106000320,1,52,-51
106000321,5,189,-184
106000322,114,53,61
106000324,19,43,-24
106000325,1486,376,1110
106000326,155,316,-161
106000327,188,5,183
106000328,3,1,2
106000329,1,21,-20
106000330,7,34,-27
106000428,52,144,-92
106000429,8,129,-121
106000430,63,259,-196
106000431,850,186,664
106000432,52,482,-430
106000433,1247,575,672
106000434,1916,784,1132
106000435,43,452,-409
106000436,0,23,-23
106000437,147,30,117
106000438,70,220,-150
106000439,1,71,-70
106000440,40,113,-73
106000441,5,0,5
106000442,21,12,9
106000443,209,289,-80
106000450,0,0,0
106000451,10,53,-43
106000454,0,0,0
106000455,0,5,-5
106000456,33,11,22
106000457,0,0,0
106000458,495,35,460
106000459,0,0,0
106000460,662,17,645
106000461,0,0,0
106000462,0,0,0
106000463,0,8,-8
106000464,0,0,0
106000465,425,0,425
106000466,0,0,0
106000467,1,67,-66
106000468,17,80,-63
106000469,98,4,94
106000470,0,20,-20
106000471,0,0,0
106000472,69,27,42
106000473,0,0,0
106000474,48,76,-28
106000475,133,110,23
106000476,117,209,-92
106000477,0,0,0
106900001,0,0,0
106900002,0,0,0
106900003,0,0,0
106900004,0,0,0
106900006,0,0,0
106900007,0,0,0
106900008,0,0,0
106900009,0,0,0
106900010,0,0,0
106900012,0,0,0
106900013,0,0,0
106900014,0,0,0
106900015,0,0,0
106900016,0,0,0
106900017,0,0,0
106900018,0,0,0
106900019,23,0,23
106900020,0,0,0
106900021,11,0,11
106900022,0,0,0
106900023,0,0,0
106900024,0,0,0
106900025,0,0,0
106900026,0,0,0
106900027,228,8,220
107000001,1665,2182,-517
107000002,545,692,-147
107000003,4267,4338,-71
107000004,1155,673,482
107000005,3658,3129,529
107000006,1150,715,435
107000007,2829,3236,-407
107000008,1391,1032,359
107000009,6138,5771,367
107000010,1869,1275,594
107000011,84,93,-9
107000012,653,216,437
107000013,0,0,0
107000014,0,0,0
107000015,0,1,-1
107000016,0,0,0
107000017,202,138,64
107000018,1,81,-80
107000020,156,339,-183
107000021,219,111,108
107000022,257,503,-246
107000023,623,80,543
107000024,188,707,-519
107000025,65,101,-36
107000026,111,129,-18
107000027,617,193,424
107000028,353,273,80
107000029,1615,1012,603
107000030,719,648,71
107000031,1731,850,881
107000032,154,361,-207
107000033,842,1118,-276
107000034,490,206,284
107000035,96,105,-9
107000036,138,438,-300
107000037,60,412,-352
107000038,45,85,-40
107000039,317,529,-212
107000040,98,40,58
107000041,410,241,169
107000042,144,749,-605
107000043,316,271,45
107000044,106,227,-121
107000045,43,154,-111
107000046,367,166,201
107000047,153,327,-174
107000048,311,167,144
107000049,164,337,-173
107000050,332,273,59
107000051,278,357,-79
107000052,421,448,-27
107000053,259,171,88
107000054,22,165,-143
107000055,104,75,29
107000056,396,575,-179
107000057,461,196,265
107000058,1532,1760,-228
107000059,163,326,-163
107000060,3260,3193,67
107000061,1038,591,447
107000062,3070,1438,1632
107000063,579,519,60
107000064,2562,1841,721
107000065,466,685,-219
107000066,1167,1535,-368
107000067,487,277,210
107000068,466,418,48
107000069,413,546,-133
107000070,375,2,373
107000071,1553,9,1544
107000072,0,141,-141
107000073,387,92,295
107000074,59,106,-47
107000075,1320,132,1188
107000076,15,114,-99
107000077,1533,168,1365
107000078,50,176,-126
107000079,1394,305,1089
107000080,106,176,-70
107000081,1339,242,1097
107000082,220,267,-47
107000083,713,376,337
107000084,174,321,-147
107000085,1236,1094,142
107000086,496,806,-310
107000087,981,720,261
107000088,470,675,-205
107000089,702,657,45
107000090,208,185,23
107000091,725,324,401
107000092,126,224,-98
107000093,443,624,-181
107000094,106,234,-128
107000095,820,451,369
107000096,75,138,-63
107000097,303,186,117
107000098,50,204,-154
107000099,241,250,-9
107000100,51,161,-110
107000101,120,200,-80
107000102,186,232,-46
107000103,228,122,106
107000104,64,95,-31
107000105,313,78,235
107000106,61,82,-21
107000107,461,102,359
107000108,66,96,-30
107000109,369,47,322
107000110,0,0,0
107000111,262,15,247
107000112,0,0,0
107000113,521,40,481
107000114,0,0,0
107000115,546,51,495
107000116,0,1,-1
107000117,65,369,-304
107000118,0,0,0
107000119,345,680,-335
107000120,0,0,0
107000121,453,203,250
107000122,249,204,45
107000123,407,202,205
107000124,115,128,-13
107000125,649,130,519
107000126,284,125,159
107000129,113,29,84
107000130,354,236,118
107000131,105,146,-41
107000132,218,130,88
107000133,93,5,88
107000134,203,0,203
107000135,1,88,-87
107000136,335,1,334
107000137,1,137,-136
107000138,12,0,12
107000139,0,106,-106
107000140,407,5,402
107000141,18,83,-65
107000142,79,6,73
107000143,9,134,-125
107000144,177,172,5
107000145,19,125,-106
107000146,58,64,-6
107000147,228,198,30
107000150,253,1160,-907
107000151,20,1,19
107000152,99,601,-502
107000153,24,20,4
107000154,0,54,-54
107000155,481,7,474
107000156,485,1,484
107000157,3,179,-176
107000158,287,3,284
107000159,2,114,-112
107000160,761,42,719
107000161,15,129,-114
107000162,125,320,-195
107000163,77,0,77
107000164,338,0,338
107000165,631,12,619
107000166,0,50,-50
107000167,269,38,231
107000168,627,93,534
107000169,63,156,-93
107000170,1233,355,878
107000171,131,203,-72
107000172,596,564,32
107000173,128,103,25
107000174,302,1481,-1179
107000175,730,176,554
107000176,7,1,6
107000177,1,0,1
107000178,9,1,8
107000179,94,196,-102
107000180,975,114,861
107000181,162,56,106
107000182,1308,73,1235
107000183,53,40,13
107000184,521,62,459
107000185,138,77,61
107000186,497,75,422
107000187,455,429,26
107000188,56,82,-26
107000189,345,192,153
107000190,143,70,73
107000191,376,368,8
107000192,311,55,256
107000193,133,248,-115
107000194,141,73,68
107000197,505,39,466
107000198,129,146,-17
107000199,246,125,121
107000200,96,214,-118
107000201,109,104,5
107000202,92,220,-128
107000203,84,454,-370
107000204,146,1132,-986
107000205,210,119,91
107000206,115,765,-650
107000207,107,215,-108
107000208,99,139,-40
107000209,120,300,-180
107000210,26,80,-54
107000211,1,15,-14
107000212,0,28,-28
107000213,0,25,-25
107000214,0,17,-17
107000215,169,68,101
107000216,116,80,36
107000217,14,18,-4
107000219,16,60,-44
107000220,27,12,15
107000222,25,75,-50
107000224,161,5,156
107000225,48,112,-64
107000226,221,15,206
107000227,7,35,-28
107000228,7,66,-59
107000229,57,19,38
107000230,67,90,-23
107000231,335,323,12
107000232,30,1,29
107000233,30,165,-135
107000234,3,109,-106
107000235,96,7,89
107000236,0,0,0
107000237,38,0,38
107000238,53,0,53
107000239,423,160,263
107000240,17,34,-17
107000241,4,3,1
107000242,12,5,7
107000243,0,79,-79
107000244,5,0,5
107000246,0,49,-49
107000249,0,32,-32
107000251,0,13,-13
107000252,0,76,-76
107000255,36,0,36
107000257,0,148,-148
107000258,0,23,-23
107000259,0,22,-22
107000260,1035,6,1029
107000262,2,50,-48
107000263,286,1,285
107000266,15,15,0
107000267,1,22,-21
107000268,57,22,35
107000269,4,1,3
107000270,119,45,74
107000271,4,0,4
107000272,56,0,56
107000273,0,32,-32
107000274,124,43,81
107000275,4,43,-39
107000280,541,5,536
107000281,2,47,-45
107000282,4,132,-128
107000290,0,7,-7
107000291,6,1,5
107000292,0,33,-33
107000293,5,2,3
107000294,0,13,-13
107000295,16,0,16
107000296,0,2,-2
107000444,118,2,116
107000496,0,0,0
107000497,131,162,-31
107000500,240,91,149
107000501,21,48,-27
107000502,76,68,8
107000505,24,293,-269
107000506,0,0,0
107000508,0,62,-62
107000509,51,295,-244
107000510,8,48,-40
107000514,9,79,-70
107000515,4,21,-17
107000516,377,62,315
107000518,610,468,142
107000519,90,20,70
107000520,30,9,21
107900001,6,0,6
107900002,2,0,2
107900003,33,1,32
107900004,14,0,14
107900005,741,2,739
107900006,29,1,28
107900007,94,7,87
107900008,21,1,20
107900009,0,0,0
107900010,0,0,0
107900012,48,0,48
107900013,41,0,41
107900014,0,0,0
107900015,303,3,300
107900016,52,16,36
107900017,1,0,1
107900018,12,61,-49
107900019,6,1,5
107900020,0,0,0
107900021,7,1,6
107900023,9,0,9
107900024,0,0,0
107900025,38,43,-5
107900026,27,2,25
107900027,0,0,0
107900028,11,1,10
107900030,56,10,46
107900031,35,11,24
107900032,3,0,3
107900033,2,0,2
107900034,50,5,45
107900035,279,4,275
107900036,2,4,-2
107900037,0,0,0
107900038,4,49,-45
107900039,2,0,2
107900040,0,0,0
107900041,0,0,0
107900043,22,12,10
107900044,4,0,4
107900045,17,38,-21
107900046,52,43,9
107900047,0,0,0
107900048,45,1,44
107900049,3,73,-70
107900050,2,9,-7
107900051,13,2,11
107900052,0,0,0
107900053,0,3,-3
107900055,93,9,84
107900056,31,16,15
107900057,0,0,0
107900058,7,18,-11
107900060,0,0,0
107900061,0,0,0
107900063,7,29,-22
107900064,74,94,-20
107900065,112,0,112
107900066,10,0,10
107900067,0,0,0
107900068,15,123,-108
107900069,1,567,-566
107900070,10,17,-7
107900071,5,26,-21
107900072,59,1,58
107900073,0,0,0
107900074,0,0,0
107900076,28,4,24
107900077,4,0,4
107900078,36,16,20
107900079,4,0,4
107900080,4,37,-33
107900081,0,0,0
107900082,0,0,0
107900083,56,40,16
107900084,14,19,-5
107900086,5,39,-34
107900087,16,7,9
107900088,1,3,-2
107900089,9,42,-33
107900090,3,144,-141
107900091,89,69,20
107900092,163,2,161
107900093,0,0,0
107900095,161,232,-71
107900097,14,7,7
107900098,6,16,-10
107900100,40,381,-341
107900101,10,6,4
107900102,5,0,5
107900103,1,6,-5
107900104,4,0,4
107900105,0,159,-159
107900106,0,52,-52
107900107,0,0,0
107900108,6,5,1
107900109,573,9,564
107900110,42,3,39
107900111,0,21,-21
107900112,1,55,-54
107900113,0,0,0
107900114,74,9,65
107900115,0,0,0
107900116,44,20,24
107900117,52,78,-26
107900118,0,8,-8
107900119,16,16,0
107900120,8,0,8
107900121,0,0,0
107900122,0,0,0
107900123,1,2,-1
107900124,0,0,0
107900125,0,14,-14
107900126,1,2,-1
107900127,0,0,0
107900128,11,14,-3
107900129,5,0,5
107900130,0,0,0
107900131,1,12,-11
107900132,2,36,-34
107900133,0,0,0
107900134,1,1,0
107900135,0,3,-3
107900136,2,0,2
107900137,67,13,54
107900138,5,1,4
107900139,0,0,0
107900140,0,2,-2
107900141,2,2,0
107900142,1,26,-25
107900143,5,1,4
107900144,0,7,-7
107900145,0,0,0
107900146,9,22,-13
107900147,1,1,0
107900148,0,5,-5
107900149,65,5,60
107900150,0,13,-13
107900151,2,2,0
107900152,0,0,0
107900153,3,135,-132
107900154,8,2,6
107900155,0,0,0
107900156,0,0,0
107900157,14,15,-1
107900158,225,3,222
107900159,0,22,-22
107900160,29,26,3
107900161,3,4,-1
107900162,0,0,0
107900163,0,0,0
107900164,0,1,-1
107900165,10,66,-56
107900166,2,2,0
107900167,0,0,0
107900168,0,2,-2
107900169,0,8,-8
107900171,1,52,-51
107900172,5,0,5
107900173,1,0,1
107900174,0,0,0
107900175,0,0,0
107900176,2,0,2
107900177,0,0,0
107900178,4,5,-1
107900179,0,0,0
107900180,6,207,-201
107900181,0,0,0
107900182,0,26,-26
107900183,2,4,-2
107900184,0,0,0
107900185,0,0,0
107900186,2,0,2
107900187,0,3,-3
107900188,251,63,188
107900189,0,0,0
107900190,0,19,-19
107900191,0,0,0
107900193,0,1,-1
107900194,0,0,0
107900195,100,15,85
107900196,0,0,0
107900197,3,12,-9
107900199,0,0,0
107900201,0,0,0
107900203,2,0,2
107900204,0,0,0
107900205,8,5,3
107900206,17,100,-83
107900207,0,43,-43
107900208,0,12,-12
107900209,0,0,0
107900210,2,0,2
107900213,0,0,0
107900214,1,25,-24
107900215,22,50,-28
107900216,0,0,0
107900217,0,0,0
107900218,0,0,0
107900219,0,0,0
107900220,0,0,0
107900221,7,9,-2
107900223,0,0,0
107900224,45,47,-2
107900225,0,0,0
107900226,0,0,0
107900227,16,20,-4
107900228,0,0,0
107900229,0,0,0
107900230,1,0,1
107900231,0,0,0
107900232,32,1,31
107900233,0,0,0
107900234,0,0,0
107900235,0,7,-7
107900236,0,0,0
107900237,0,0,0
107900238,0,0,0
107900239,17,64,-47
107900240,2,3,-1
107900241,0,0,0
107900242,0,14,-14
107900243,0,0,0
107900244,0,0,0
107900245,94,26,68
107900246,79,2,77
107900248,192,2,190
107900249,123,5,118
107900250,0,22,-22
107900251,1,37,-36
107900252,90,6,84
107900253,45,2,43
107900254,1,9,-8
107900255,14,6,8
107900256,10,1,9
107900257,46,32,14
107900258,12,6,6
107900259,0,345,-345
107900261,0,86,-86
107900262,0,0,0
107900264,117,1,116
107900265,31,33,-2
107900267,107,0,107
107900268,0,0,0
107900269,0,0,0
107900270,0,0,0
107900271,0,0,0
107900272,26,0,26
107900273,34,12,22
107900274,55,2,53
107900275,2,0,2
107900276,0,0,0
107900277,0,0,0
107900278,93,0,93
107900279,0,0,0
107900280,388,106,282
107900281,126,948,-822
107900282,8,233,-225
107900283,112,51,61
107900284,314,30,284
107900285,34,1,33
107900286,2,1,1
107900287,66,23,43
107900290,0,1,-1
107900291,89,2,87
107900292,84,53,31
107900293,49,76,-27
107900295,28,2,26
107900297,0,0,0
107900298,123,101,22
107900299,301,329,-28
107900300,139,120,19
107900301,45,145,-100
107900302,8,9,-1
107900303,141,15,126
107900304,87,0,87
107900305,99,3,96
107900306,0,0,0
107900307,0,0,0
107900308,44,19,25
107900309,0,0,0
107900310,0,0,0
107900311,0,0,0
107900312,0,0,0
107900313,0,0,0
107900314,0,0,0
107900315,0,0,0
107900316,0,0,0
107900317,0,0,0
107900318,0,0,0
107900319,0,1,-1
107900320,0,4,-4
107900321,31,0,31
107900322,0,7,-7
107900323,0,2,-2
107900324,43,0,43
107900325,52,0,52
107900326,75,13,62
107900327,0,0,0
107900328,0,0,0
107900329,1,0,1
107900330,0,3,-3
107900331,102,15,87
107900332,104,3,101
107900333,28,0,28
107900334,1,8,-7
107900335,6,0,6
107900336,4,2,2
107900337,70,223,-153
107900338,0,0,0
107900339,0,0,0
107900340,0,0,0
107900341,0,0,0
107900342,38,121,-83
107900343,35,0,35
107900344,9,48,-39
107900345,43,2,41
107900346,2,0,2
107900347,7,0,7
107900348,0,0,0
107900349,35,0,35
107900350,1,24,-23
108000001,2066,1078,988
108000002,124,187,-63
108000003,2072,1152,920
108000004,1234,2976,-1742
108000005,5463,2353,3110
108000006,884,1136,-252
108000007,3490,1618,1872
108000008,692,790,-98
108000009,3024,1870,1154
108000010,597,743,-146
108000011,7929,4281,3648
108000012,2662,2054,608
108000014,219,429,-210
108000015,447,52,395
108000016,48,91,-43
108000017,617,154,463
108000018,1191,121,1070
108000019,227,133,94
108000020,702,148,554
108000021,72,30,42
108000022,147,259,-112
108000023,662,86,576
108000024,114,86,28
108000025,173,27,146
108000026,420,42,378
108000027,337,14,323
108000028,488,59,429
108000029,266,5,261
108000030,285,20,265
108000031,50,8,42
108000032,1136,179,957
108000033,141,211,-70
108000034,1422,105,1317
108000035,127,427,-300
108000036,78,75,3
108000037,1041,89,952
108000038,1656,204,1452
108000039,56,80,-24
108000040,1303,259,1044
108000041,55,142,-87
108000042,170,42,128
108000043,58,12,46
108000044,707,33,674
108000045,23,0,23
108000046,1172,132,1040
108000047,150,165,-15
108000048,0,0,0
108000049,481,65,416
108000050,16,22,-6
108000051,174,58,116
108000052,12,33,-21
108000053,250,92,158
108000054,66,264,-198
108000055,450,145,305
108000056,177,153,24
108000057,298,634,-336
108000058,970,1670,-700
108000059,352,678,-326
108000060,120,176,-56
108000061,89,102,-13
108000062,489,216,273
108000063,281,132,149
108000064,166,161,5
108000065,291,148,143
108000066,620,76,544
108000067,947,141,806
108000068,596,132,464
108000069,37,309,-272
108000070,1608,138,1470
108000071,92,374,-282
108000072,1031,233,798
108000073,245,327,-82
108000074,583,177,406
108000075,162,144,18
108000076,1076,121,955
108000077,107,93,14
108000078,1558,313,1245
108000079,132,294,-162
108000080,1066,196,870
108000081,122,322,-200
108000082,177,136,41
108000083,860,312,548
108000084,66,78,-12
108000085,533,184,349
108000086,64,35,29
108000087,101,1206,-1105
108000088,74,1,73
108000089,67,29,38
108000090,328,46,282
108000091,24,132,-108
108000092,232,20,212
108000093,45,69,-24
108000094,652,16,636
108000095,55,48,7
108000096,479,91,388
108000097,51,45,6
108000098,1140,262,878
108000099,102,22,80
108000100,121,99,22
108000101,660,360,300
108000102,659,1070,-411
108000106,347,0,347
108000107,1,133,-132
108000108,346,25,321
108000109,0,84,-84
108000110,269,51,218
108000111,20,148,-128
108000112,6,135,-129
108000113,184,127,57
108000115,128,35,93
108000117,261,62,199
108000118,53,39,14
108000119,219,39,180
108000120,71,233,-162
108000121,107,60,47
108000122,389,86,303
108000123,304,54,250
108000124,85,38,47
108000125,338,72,266
108000126,89,55,34
108000127,358,56,302
108000128,377,33,344
108000129,90,47,43
108000130,213,71,142
108000131,317,74,243
108000132,86,78,8
108000133,1115,96,1019
108000134,131,82,49
108000135,940,104,836
108000136,19,40,-21
108000137,309,56,253
108000138,119,243,-124
108000139,410,127,283
108000140,374,3,371
108000141,6,33,-27
108000142,4,21,-17
108000143,13,6,7
108000144,373,2,371
108000145,21,10,11
108000146,348,4,344
108000147,8,7,1
108000148,146,2,144
108000149,0,3,-3
108000150,35,8,27
108000151,0,21,-21
108000152,25,62,-37
108000153,232,55,177
108000154,48,20,28
108000155,20,36,-16
108000156,219,78,141
108000157,32,597,-565
108000158,25,200,-175
108000159,91,51,40
108000160,816,430,386
108000161,648,761,-113
108000165,29,161,-132
108000172,0,53,-53
108000173,791,464,327
108000175,249,24,225
108000178,138,308,-170
108000179,94,423,-329
108000181,61,5,56
108000182,132,5,127
108000183,0,4,-4
108000184,78,1299,-1221
108000185,0,2,-2
108000186,107,6,101
108000187,3,44,-41
108000188,166,3,163
108000189,129,870,-741
108000190,0,0,0
108000192,126,98,28
108000193,28,22,6
108000194,14,0,14
108000195,0,11,-11
108000196,126,34,92
108000198,257,48,209
108000199,0,0,0
108000200,167,0,167
108000202,0,157,-157
108000203,0,18,-18
108000204,51,24,27
108000205,43,5,38
108000339,556,470,86
108000364,81,109,-28
108000365,16,59,-43
108000367,40,2,38
108000368,0,0,0
108000369,107,22,85
108000371,0,153,-153
108000372,276,1,275
108000373,131,15,116
108000376,103,17,86
108000377,324,159,165
108000378,6493,5520,973
108000379,0,0,0
108000381,53,6,47
108000382,106,0,106
108000383,0,19,-19
108900001,1,21,-20
108900002,85,1,84
108900003,0,6,-6
108900004,111,112,-1
108900005,10,156,-146
108900006,148,83,65
108900007,120,73,47
108900008,83,30,53
108900009,53,39,14
108900010,138,35,103
108900011,497,54,443
108900012,315,91,224
108900013,136,70,66
108900014,0,7,-7
108900015,0,0,0
108900016,0,0,0
108900017,35,29,6
108900018,26,83,-57
108900019,1,6,-5
108900020,22,21,1
108900021,32,29,3
108900022,59,4,55
108900023,1,2,-1
108900024,1,2,-1
108900025,114,5,109
108900026,0,0,0
108900027,0,8,-8
108900028,36,29,7
108900029,7,54,-47
108900030,0,3,-3
108900031,5,19,-14
108900032,0,0,0
108900033,0,21,-21
108900034,0,13,-13
108900035,12,73,-61
108900036,95,56,39
108900037,0,0,0
108900038,0,19,-19
108900039,0,13,-13
108900040,1,16,-15
108900041,947,965,-18
108900042,0,10,-10
108900043,0,0,0
108900044,0,13,-13
108900045,61,36,25
108900046,4,20,-16
108900047,0,22,-22
108900048,29,31,-2
108900049,136,272,-136
108900050,1,33,-32
108900051,0,5,-5
108900052,22,14,8
108900053,2,57,-55
108900054,0,2,-2
108900055,2,12,-10
108900056,0,6,-6
108900057,0,29,-29
108900058,4,33,-29
108900059,180,16,164
108900060,12,67,-55
108900061,1,1,0
108900062,0,18,-18
108900063,2,26,-24
108900064,29,12,17
108900065,0,8,-8
108900066,168,19,149
108900067,3,24,-21
108900068,0,22,-22
108900069,30,7,23
108900070,11,4,7
108900071,56,13,43
108900072,141,157,-16
108900073,2,7,-5
108900074,55,12,43
108900075,5,5,0
108900076,207,29,178
108900077,6,29,-23
108900078,35,17,18
108900079,76,6,70
108900080,24,134,-110
108900081,0,32,-32
108900082,32,17,15
108900083,0,26,-26
108900084,35,12,23
108900085,126,9,117
108900086,19,12,7
108900087,45,19,26
108900088,130,62,68
108900089,0,72,-72
108900090,25,22,3
108900091,9,9,0
108900092,98,33,65
108900093,17,46,-29
108900094,71,16,55
108900095,4,19,-15
108900096,19,2,17
108900097,87,28,59
108900098,213,345,-132
108900099,155,14,141
108900100,3,12,-9
108900101,20,25,-5
108900102,1,341,-340
108900103,42,35,7
108900104,12,30,-18
108900105,1,566,-565
108900106,167,23,144
108900108,37,1,36
108900109,48,15,33
108900110,60,27,33
108900111,173,23,150
108900112,83,2,81
108900113,22,32,-10
108900114,1,1,0
108900115,96,15,81
108900116,6,0,6
108900117,86,12,74
108900118,158,14,144
108900119,142,0,142
108900120,47,39,8
108900121,33,4,29
108900122,83,0,83
108900123,38,6,32
108900124,32,4,28
108900125,159,0,159
108900126,91,9,82
108900127,142,0,142
108900128,121,8,113
108900129,75,5,70
108900130,83,0,83
108900131,193,11,182
108900132,103,1,102
108900133,104,16,88
108900134,263,19,244
108900135,107,0,107
108900136,12,0,12
108900137,79,3,76
108900138,289,13,276
108900139,220,3,217
108900140,279,26,253
108900141,176,1,175
108900142,16,0,16
108900143,20,0,20
108900144,70,0,70
108900145,147,10,137
108900146,26,0,26
108900147,205,0,205
108900148,11,4,7
108900149,90,19,71
108900150,34,13,21
108900151,1,0,1
108900152,109,2,107
108900153,158,23,135
108900154,1825,92,1733
108900155,63,11,52
108900156,37,13,24
108900157,0,16,-16
108900158,219,8,211
108900159,1,19,-18
108900160,8,42,-34
108900161,0,47,-47
108900162,70,0,70
108900163,0,159,-159
108900164,16,23,-7
108900165,22,7,15
108900167,82,2782,-2700
108900168,835,865,-30
108900169,5,18,-13
108900171,503,1109,-606
108900172,58,16,42
108900173,45,17,28
108900174,535,35,500
108900176,5,64,-59
108900177,128,752,-624
108900178,231,1126,-895
108900179,63,504,-441
108900180,24,151,-127
108900182,8,136,-128
108900183,33,58,-25
108900184,197,105,92
108900185,1,76,-75
108900186,36,58,-22
108900187,352,3,349
108900188,322,9,313
108900189,113,13,100
108900190,0,72,-72
108900191,27,14,13
108900192,4,50,-46
108900193,2,17,-15
108900194,0,28,-28
108900195,16,28,-12
108900196,0,10,-10
108900198,0,22,-22
108900199,67,44,23
108900200,150,126,24
108900201,90,188,-98
108900203,251,12,239
108900204,151,4,147
108900205,171,9,162
108900206,97,29,68
108900207,38,16,22
108900208,1,43,-42
108900209,35,50,-15
108900210,37,13,24
108900211,3,36,-33
108900212,6,161,-155
108900215,0,8,-8
108900216,44,46,-2
108900217,8,0,8
108900218,10,2,8
108900219,26,1,25
108900220,7,3,4
108900221,0,0,0
108900222,69,0,69
108900223,0,0,0
108900224,0,0,0
108900225,0,0,0
108900226,64,8,56
108900227,21,72,-51
108900230,7,23,-16
108900231,0,13,-13
108900232,0,15,-15
108900233,118,3,115
108900234,94,7,87
108900235,0,1,-1
108900236,0,0,0
108900237,0,0,0
108900240,7,13,-6
108900241,0,12,-12
108900245,1,133,-132
108900249,6,0,6
108900250,49,2,47
108900257,55,0,55
108900258,0,4,-4
108900259,1,2,-1
108900260,0,0,0
108900261,8,4,4
108900262,16,21,-5
108900263,1,4,-3
108900264,13,20,-7
108900265,52,182,-130
108900266,31,272,-241
108900267,0,73,-73
108900268,17,4,13
108900269,30,3,27
108900270,20,0,20
108900271,7,2,5
108900272,75,3,72
108900273,59,204,-145
108900274,2,0,2
109000001,773,2192,-1419
109000002,0,279,-279
109000003,1365,288,1077
109000004,3,106,-103
109000005,1039,305,734
109000006,2,90,-88
109000007,1163,318,845
109000008,17,74,-57
109000009,1654,425,1229
109000010,11,129,-118
109000011,2091,648,1443
109000012,27,136,-109
109000013,2926,1645,1281
109000014,50,140,-90
109000015,2748,4184,-1436
109000016,71,185,-114
109000017,1898,410,1488
109000018,52,188,-136
109000019,1275,710,565
109000020,36,40,-4
109000023,43,1,42
109000024,0,13,-13
109000025,111,189,-78
109000026,251,198,53
109000027,11,131,-120
109000028,54,29,25
109000029,47,146,-99
109000030,0,0,0
109000031,150,24,126
109000032,1,0,1
109000033,228,52,176
109000034,1,0,1
109000035,6,3,3
109000036,7,94,-87
109000037,101,923,-822
109000038,61,30,31
109000039,251,374,-123
109000040,323,3875,-3552
109000041,128,881,-753
109000042,195,415,-220
109000044,145,7,138
109000045,36,1,35
109000046,196,7,189
109000047,0,0,0
109000048,254,26,228
109000049,12,1,11
109000050,176,74,102
109000051,7,19,-12
109000052,102,51,51
109000053,309,84,225
109000054,15,37,-22
109000055,27,92,-65
109000056,86,11,75
109000057,54,233,-179
109000058,89,4,85
109000059,5,188,-183
109000060,48,123,-75
109000061,26,878,-852
109000062,25,108,-83
109000063,13,24,-11
109000064,140,18,122
109000065,10,11,-1
109000066,146,4,142
109000067,3,21,-18
109000068,128,1,127
109000069,123,0,123
109000070,0,4,-4
109000071,102,25,77
109000072,52,293,-241
109000073,19,50,-31
109000074,9,117,-108
109000075,40,4,36
109000076,15,107,-92
109000077,70,148,-78
109000078,19,41,-22
109000079,28,24,4
109000080,77,21,56
109000081,51,79,-28
109000082,322,8,314
109000083,98,98,0
109000088,100,21,79
109000089,178,33,145
109000090,172,37,135
109000091,193,87,106
109000092,151,190,-39
109000093,214,26,188
109000094,431,0,431
109000095,17,39,-22
109000096,461,29,432
109000097,4,24,-20
109000098,36,60,-24
109000099,378,11,367
109000100,33,208,-175
109000101,899,215,684
109000102,204,126,78
109000103,235,147,88
109000104,1061,172,889
109000105,120,161,-41
109000106,767,213,554
109000107,196,138,58
109000108,981,268,713
109000109,159,107,52
109000110,436,298,138
109000111,234,291,-57
109000112,27,10,17
109000113,59,14,45
109000114,136,132,4
109000115,250,14,236
109000116,0,45,-45
109000117,150,6,144
109000118,0,66,-66
109000119,752,15,737
109000120,3,70,-67
109000121,521,8,513
109000122,22,43,-21
109000123,29,5,24
109000124,309,35,274
109000125,716,74,642
109000126,22,27,-5
109000127,939,44,895
109000128,43,19,24
109000129,1422,89,1333
109000130,52,38,14
109000131,436,361,75
109000132,85,113,-28
109000133,16,95,-79
109000134,39,37,2
109000135,60,49,11
109000136,101,151,-50
109000137,413,102,311
109000138,142,67,75
109000139,323,45,278
109000140,67,116,-49
109000141,120,66,54
109000142,17,43,-26
109000143,28,35,-7
109000145,27,68,-41
109000146,51,159,-108
109000148,70,95,-25
109000149,42,114,-72
109000150,49,73,-24
109000155,172,316,-144
109000156,249,3,246
109000158,2,261,-259
109000159,9,98,-89
109000160,596,37,559
109000161,223,103,120
109000162,728,128,600
109000163,541,69,472
109000164,649,507,142
109000165,711,240,471
109000166,484,26,458
109000167,63,96,-33
109000170,1,8,-7
109000171,32,4,28
109000172,0,4,-4
109000173,1,21,-20
109000174,17,3,14
109000175,40,20,20
109000176,184,86,98
109000177,2,6,-4
109000178,183,53,130
109000179,395,870,-475
109000180,777,469,308
109000181,12,2,10
109000182,56,32,24
109000183,16,8,8
109000184,33,54,-21
109000185,30,30,0
109000188,158,227,-69
109000189,661,67,594
109000190,143,93,50
109000191,183,77,106
109000192,266,31,235
109000193,113,10,103
109000194,83,9,74
109000195,39,20,19
109000196,56,2,54
109000197,117,12,105
109000198,119,1,118
109000199,21,0,21
109000206,100,8,92
109000207,80,22,58
109000208,113,64,49
109000209,56,33,23
109000210,18,25,-7
109000211,262,246,16
109000214,175,132,43
109000215,82,25,57
109000216,77,144,-67
109000217,4,3,1
109000218,9,16,-7
109000221,34,88,-54
109000222,340,21,319
109000223,109,151,-42
109000224,101,26,75
109000225,67,17,50
109000226,51,61,-10
109000227,613,120,493
109000228,0,1,-1
109000231,0,39,-39
109000232,382,39,343
109000236,25,23,2
109000241,496,181,315
109000242,424,72,352
109000293,9,41,-32
109000361,24,11,13
109000364,4,19,-15
109000396,4,49,-45
109000397,633,1,632
109000399,63,126,-63
109000400,76,36,40
109000403,3,692,-689
109000406,81,0,81
109000407,13,33,-20
109000408,0,46,-46
109000410,0,0,0
109000411,101,9,92
109900001,6,0,6
109900002,131,3,128
109900003,162,0,162
109900004,22,1,21
109900005,6,0,6
109900006,207,15,192
109900007,361,0,361
109900008,0,0,0
109900009,0,3,-3
109900010,0,0,0
109900011,25,5,20
109900012,58,15,43
109900013,54,17,37
109900014,21,2,19
109900015,19,13,6
109900016,32,0,32
109900017,67,36,31
109900018,28,0,28
109900019,7,1,6
109900020,16,1,15
109900021,15,0,15
109900022,43,3,40
109900023,11,0,11
109900024,2,0,2
109900025,5,0,5
109900026,1,8,-7
109900027,0,1,-1
109900028,38,129,-91
109900029,0,2,-2
109900030,24,0,24
109900031,1,50,-49
109900032,0,0,0
109900033,0,30,-30
109900034,8,1,7
109900035,7,15,-8
109900036,0,0,0
109900037,0,0,0
109900038,0,12,-12
109900039,23,9,14
109900040,0,0,0
109900041,0,5,-5
109900042,0,0,0
109900044,16,10,6
109900045,19,4,15
109900046,11,5,6
109900047,1,47,-46
109900048,2,6,-4
109900049,4,3,1
109900050,0,7,-7
109900051,0,0,0
109900052,6,45,-39
109900053,0,10,-10
109900054,329,7,322
109900055,18,29,-11
109900056,0,0,0
109900057,0,7,-7
109900058,0,0,0
109900059,424,9,415
109900060,121,5,116
109900061,1,6,-5
109900062,0,0,0
109900063,1,55,-54
109900064,97,11,86
109900065,11,7,4
109900066,3,14,-11
109900067,0,0,0
109900068,94,5,89
109900069,0,0,0
109900070,3,8,-5
109900071,0,4,-4
109900072,0,17,-17
109900073,126,14,112
109900074,0,2,-2
109900075,0,0,0
109900076,0,5,-5
109900077,1,26,-25
109900078,15,9,6
109900080,24,6,18
109900081,0,7,-7
109900082,1,3,-2
109900083,0,14,-14
109900084,0,0,0
109900085,17,12,5
109900086,4,128,-124
109900087,17,29,-12
109900089,87,6,81
109900090,8,58,-50
109900091,178,4,174
109900092,0,0,0
109900093,97,1,96
109900094,0,0,0
109900095,14,44,-30
109900096,37,1,36
109900097,0,0,0
109900098,134,0,134
109900099,249,0,249
109900100,0,0,0
109900101,324,2,322
109900102,0,0,0
109900103,19,7,12
109900104,422,10,412
109900105,0,0,0
109900106,0,0,0
109900107,0,0,0
109900108,0,0,0
109900109,0,0,0
109900110,2,0,2
109900111,44,15,29
109900112,19,21,-2
109900113,280,81,199
109900114,167,37,130
109900115,47,10,37
109900117,419,8,411
109900118,22,10,12
109900119,39,30,9
109900120,10,1,9
109900121,51,24,27
109900122,261,0,261
109900123,0,2,-2
109900124,1,1,0
109900125,0,18,-18
109900126,76,1,75
109900128,122,1,121
109900130,322,276,46
109900131,0,33,-33
109900132,2,14,-12
109900133,11,19,-8
109900134,0,0,0
109900135,0,0,0
109900136,0,0,0
109900137,35,30,5
109900138,4,4,0
109900140,29,1,28
109900142,217,14,203
109900145,5,58,-53
109900146,3,2,1
109900148,19,29,-10
109900149,0,7,-7
109900150,0,4,-4
109900151,0,0,0
109900152,1,1,0
109900153,0,19,-19
109900154,2,3,-1
109900155,6,4,2
109900157,33,20,13
109900158,1,15,-14
109900159,24,2,22
109900160,6,1,5
109900161,57,25,32
109900162,76,20,56
109900163,115,40,75
109900164,54,89,-35
109900165,12,0,12
109900166,0,26,-26
109900167,9,37,-28
109900168,22,43,-21
109900169,0,0,0
109900170,9,231,-222
109900171,39,29,10
109900172,5,48,-43
109900173,46,263,-217
109900174,0,6,-6
109900175,0,0,0
109900176,0,0,0
109900177,0,0,0
109900178,0,0,0
109900179,0,0,0
109900180,0,0,0
110000001,90,83,7
110000002,374,775,-401
110000003,142,171,-29
110000004,313,745,-432
110000005,226,948,-722
110000006,64,449,-385
110000007,29,7,22
110000008,3,37,-34
110000009,2,6,-4
110000010,29,49,-20
110000011,10,4,6
110000012,73,226,-153
110000013,64,221,-157
110000014,319,75,244
110000015,47,279,-232
110000016,185,615,-430
110000017,716,306,410
110000018,205,137,68
110000019,8,8,0
110000020,159,88,71
110000021,60,46,14
110000022,200,13,187
110000023,0,21,-21
110000024,47,58,-11
110000025,402,0,402
110000026,3,43,-40
110000027,168,219,-51
110000028,406,141,265
110000029,55,87,-32
110000030,100,239,-139
110000031,27,43,-16
110000032,303,76,227
110000033,36,7,29
110000034,185,175,10
110000035,202,157,45
110000036,374,186,188
110000037,16,95,-79
110000038,46,168,-122
110000039,334,1205,-871
110000040,113,85,28
110000041,227,1176,-949
110000042,43,99,-56
110000043,326,224,102
110000044,9,45,-36
110000045,43,83,-40
110000046,6,0,6
110000047,0,34,-34
110000048,0,3,-3
110000049,3,13,-10
110000050,0,9,-9
110000051,1,3,-2
110000052,49,51,-2
110000053,5,4,1
110000054,19,49,-30
110000055,68,57,11
110000056,86,53,33
110000057,43,61,-18
110000058,376,337,39
110000059,79,103,-24
110000060,850,364,486
110000061,97,167,-70
110000062,550,318,232
110000063,71,33,38
110000064,43,5,38
110000065,47,39,8
110000066,51,4,47
110000067,29,17,12
110000068,13,8,5
110000069,206,4,202
110000071,139,2,137
110000073,1,7,-6
110000075,10,6,4
110000076,167,97,70
110000077,92,197,-105
110000078,91,0,91
110000080,58,107,-49
110000081,8,41,-33
110000082,0,61,-61
110000083,104,105,-1
110000084,456,406,50
110000085,560,316,244
110000086,428,733,-305
110000087,37,9,28
110000088,26,43,-17
110000089,142,12,130
110000090,13,45,-32
110000091,68,29,39
110000092,2,3,-1
110000093,43,16,27
110000094,208,28,180
110000095,71,260,-189
110000096,251,259,-8
110000097,454,685,-231
110000098,644,173,471
110000099,192,263,-71
110000100,407,4,403
110000101,0,35,-35
110000102,39,27,12
110000104,138,68,70
110000105,49,32,17
110000106,153,282,-129
110000107,38,73,-35
110000108,24,133,-109
110000109,5,33,-28
110000110,883,1559,-676
110000111,991,1026,-35
110000112,83,201,-118
110000113,39,634,-595
110000114,105,308,-203
110000115,146,73,73
110000116,28,7,21
110000117,112,43,69
110000118,262,28,234
110000119,72,38,34
110000120,98,36,62
110000121,5,92,-87
110000122,121,137,-16
110000123,278,181,97
110000124,1,215,-214
110000125,373,1,372
110000126,117,0,117
110000127,319,20,299
110000128,0,109,-109
110000129,0,34,-34
110000130,87,54,33
110000131,22,46,-24
110000132,0,61,-61
110000133,1,82,-81
110000134,0,41,-41
110000135,62,7,55
110000136,22,42,-20
110000137,256,34,222
110000138,102,80,22
110000139,452,70,382
110000140,448,136,312
110000143,186,38,148
110000144,960,380,580
110000145,422,206,216
110000146,568,152,416
110000147,23,258,-235
110000148,179,45,134
110000151,57,226,-169
110000152,112,548,-436
110000153,0,0,0
110000154,3,35,-32
110000155,581,533,48
110000156,98,327,-229
110000157,186,526,-340
110000160,196,83,113
110000161,35,78,-43
110000166,302,6,296
110000167,705,316,389
110000168,513,308,205
110000169,365,135,230
110000170,54,41,13
110000171,247,31,216
110000172,133,165,-32
110000173,202,189,13
110000174,27,114,-87
110000175,385,26,359
110000176,61,335,-274
110000177,129,353,-224
110000178,181,900,-719
110000179,271,103,168
110000180,71,94,-23
110000181,186,56,130
110000182,90,7,83
110000183,1934,2771,-837
110000184,89,1147,-1058
110000185,137,281,-144
110000186,74,184,-110
110000191,737,112,625
110000192,306,1,305
110000193,528,1,527
110000194,1,99,-98
110000195,232,25,207
110000196,174,13,161
110000197,19,16,3
110000198,47,4,43
110000199,7,23,-16
110000200,160,46,114
110000201,284,423,-139
110000202,426,165,261
110000203,35,32,3
110000204,1,43,-42
110000205,130,20,110
110000206,62,67,-5
110000207,679,51,628
110000208,30,53,-23
110000209,12,39,-27
110000210,1000,147,853
110000211,441,144,297
110000212,115,482,-367
110000213,76,9,67
110000214,78,24,54
110000215,4,65,-61
110000216,34,53,-19
110000217,221,38,183
110000218,48,41,7
110000219,172,18,154
110000220,2,13,-11
110000221,246,12,234
110000222,11,72,-61
110000223,0,10,-10
110000224,0,0,0
110000225,42,139,-97
110000226,108,16,92
110000227,34,124,-90
110000228,74,18,56
110000229,0,9,-9
110000230,324,230,94
110000231,67,101,-34
110000232,34,81,-47
110000233,86,82,4
110000234,149,110,39
110000235,247,364,-117
110000236,0,0,0
110000237,366,118,248
110000238,453,159,294
110000239,394,145,249
110000240,0,1,-1
110000242,0,0,0
110000243,88,2,86
110000244,7,53,-46
110000245,0,71,-71
110000246,361,104,257
110000247,321,324,-3
110000248,252,123,129
110000249,54,3,51
110000250,1,48,-47
110000251,129,93,36
110000252,115,23,92
110000253,597,203,394
110000254,251,43,208
110000255,46,87,-41
110000256,132,91,41
110000257,40,2,38
110000258,0,22,-22
110000259,57,2,55
110000260,34,20,14
110000263,162,18,144
110000264,273,96,177
110000265,1000,423,577
110000266,604,493,111
110000267,0,0,0
110000268,48,1,47
110000269,0,0,0
110000270,27,0,27
110000271,239,23,216
110000272,187,181,6
110000273,158,295,-137
110000274,112,796,-684
110000275,193,90,103
110000276,79,245,-166
110000277,189,57,132
110000278,165,162,3
110000279,422,83,339
110000280,310,74,236
110000281,15,20,-5
110000282,45,0,45
110000283,5,38,-33
110000284,0,2,-2
110000285,0,10,-10
110000286,8,0,8
110000287,66,2,64
110000288,0,0,0
110000289,79,864,-785
110000290,73,92,-19
110000291,195,289,-94
110000292,268,1629,-1361
110000293,337,131,206
110000294,639,366,273
110000295,32,88,-56
110000296,244,76,168
110000297,746,24,722
110000298,3,61,-58
110000299,44,12,32
110000301,277,0,277
110000302,88,66,22
110000303,246,0,246
110000304,26,12,14
110000305,505,0,505
110000306,7,66,-59
110000307,702,1,701
110000308,293,5,288
110000309,0,87,-87
110000310,424,23,401
110000311,0,173,-173
110000312,246,11,235
110000313,536,101,435
110000314,0,36,-36
110000315,336,652,-316
110000316,5,224,-219
110000317,24,28,-4
110000318,0,17,-17
110000319,5,4,1
110000320,0,11,-11
110000321,2,12,-10
110000322,32,125,-93
110000323,243,93,150
110000324,157,39,118
110000325,850,1091,-241
110000327,228,90,138
110000328,16,25,-9
110000333,303,344,-41
110000334,86,147,-61
110000335,202,106,96
110000336,63,95,-32
110000337,871,106,765
110000338,138,87,51
110000339,236,11,225
110000340,5,7,-2
110000341,208,7,201
110000342,45,0,45
110000343,0,0,0
110000344,0,14,-14
110000345,26,41,-15
110000346,782,468,314
110000347,831,227,604
110000348,1,3,-2
110000349,1,0,1
110000350,9,1,8
110000351,762,162,600
110000352,153,455,-302
110000353,853,137,716
110000354,118,714,-596
110000355,18,1,17
110000356,227,0,227
110000357,283,10,273
110000361,0,0,0
110000362,107,4,103
110000363,215,17,198
110000364,121,64,57
110000365,60,0,60
110000366,0,44,-44
110000367,121,49,72
110000368,0,13,-13
110000369,26,0,26
110000373,13,47,-34
110000374,16,18,-2
110000375,23,95,-72
110000376,32,29,3
110000377,19,180,-161
110000378,1,88,-87
110000379,909,1160,-251
110000380,117,4,113
110000383,1,100,-99
110000384,284,17,267
110000385,0,22,-22
110000387,5,0,5
110000388,2,19,-17
110000389,560,16,544
110000391,446,21,425
110000396,34,5,29
110000397,53,11,42
110000398,2,20,-18
110000399,109,7,102
110000587,78,4,74
110000589,78,4,74
110000640,98,10,88
110000652,0,59,-59
110000653,34,28,6
110000654,0,0,0
110000656,0,0,0
110000674,1,1,0
110000675,0,0,0
110000676,0,0,0
110000679,0,0,0
110000682,65,86,-21
110000683,155,119,36
110000684,0,0,0
110000685,12,2,10
110000686,0,0,0
110000687,1,0,1
110000688,6,165,-159
110000689,24,1,23
110000692,2,25,-23
110000693,3,106,-103
110000694,0,0,0
110000695,3,46,-43
110000696,78,9,69
110900001,21,3,18
110900002,69,3,66
110900003,218,1,217
110900004,178,4,174
110900005,0,0,0
110900006,3,1,2
110900007,30,11,19
110900008,0,0,0
110900009,14,58,-44
110900010,0,0,0
110900011,0,2,-2
110900012,0,0,0
110900013,203,43,160
110900014,14,0,14
110900015,14,202,-188
110900016,0,0,0
110900017,185,18,167
110900018,73,1,72
110900019,6,0,6
110900020,0,0,0
110900021,0,0,0
110900022,0,0,0
110900023,3,19,-16
110900024,0,0,0
110900025,0,0,0
110900027,0,0,0
110900028,0,0,0
110900029,0,1,-1
110900030,0,0,0
110900031,0,0,0
110900032,0,0,0
110900033,1,4,-3
110900035,0,0,0
110900036,7,0,7
110900037,9,1,8
110900038,0,0,0
110900039,0,0,0
110900040,37,1,36
110900041,0,0,0
110900042,0,0,0
110900043,0,0,0
110900044,0,0,0
110900045,0,0,0
110900046,0,0,0
110900047,0,0,0
110900049,6,11,-5
110900050,7,0,7
110900051,0,0,0
110900052,0,0,0
110900053,0,0,0
110900054,0,0,0
110900055,20,1,19
110900056,0,0,0
110900057,0,0,0
110900058,0,0,0
110900059,0,0,0
110900060,50,5,45
110900061,0,0,0
110900062,0,0,0
110900063,0,6,-6
110900064,0,0,0
110900065,14,14,0
110900066,1,8,-7
110900067,0,0,0
110900068,0,0,0
110900069,1,5,-4
110900070,0,0,0
110900071,0,0,0
110900073,0,0,0
110900074,120,1,119
110900075,65,6,59
110900077,205,43,162
110900078,0,0,0
110900079,103,142,-39
110900080,32,3,29
110900081,0,0,0
110900082,24,3,21
110900083,2,1,1
110900084,0,0,0
110900085,22,9,13
110900086,0,42,-42
110900087,18,31,-13
110900088,2,0,2
110900090,0,0,0
110900091,0,0,0
110900093,0,0,0
110900095,1,3,-2
110900097,2,2,0
110900098,0,7,-7
110900099,2,43,-41
110900100,0,9,-9
110900102,27,9,18
110900105,9,11,-2
110900108,12,8,4
110900111,14,3,11
110900112,200,1,199
110900113,29,0,29
110900115,1,0,1
110900116,179,67,112
110900118,2,432,-430
110900119,35,0,35
110900120,0,0,0
110900121,3,0,3
110900122,32,9,23
110900125,76,95,-19
110900127,0,0,0
110900128,4,2,2
110900129,3,92,-89
110900130,11,87,-76
110900131,30,2,28
110900132,66,0,66
110900133,0,0,0
110900135,0,0,0
110900136,36,1,35
110900137,0,0,0
110900138,45,14,31
110900139,0,11,-11
110900140,0,0,0
110900141,3,0,3
110900142,0,0,0
110900143,47,5,42
110900144,0,0,0
110900145,34,13,21
110900146,32,30,2
110900147,0,0,0
110900148,0,0,0
110900149,0,0,0
110900150,2,8,-6
110900151,0,8,-8
110900152,1,5,-4
110900153,45,4,41
111000001,558,267,291
111000002,51,7,44
111000003,731,424,307
111000004,1,20,-19
111000005,406,691,-285
111000006,14,12,2
111000007,996,1343,-347
111000008,104,94,10
111000009,33,159,-126
111000010,533,337,196
111000011,34,213,-179
111000012,88,229,-141
111000013,80,325,-245
111000014,573,174,399
111000017,2,64,-62
111000018,2,29,-27
111000020,39,209,-170
111000021,21,19,2
111000023,44,66,-22
111000025,232,465,-233
111000029,0,14,-14
111000030,2,4,-2
111000031,909,393,516
111000032,356,102,254
111000033,83,17,66
111000034,27,74,-47
111000037,215,395,-180
111000038,470,337,133
111000039,555,418,137
111000040,535,394,141
111000041,87,183,-96
111000042,239,727,-488
111000043,958,1246,-288
111000044,777,125,652
111000045,1389,638,751
111000046,600,685,-85
111000047,1114,2165,-1051
111000049,7,25,-18
111000050,116,130,-14
111000051,78,59,19
111000052,60,92,-32
111000053,40,61,-21
111000054,31,88,-57
111000055,320,234,86
111000056,31,53,-22
111000057,16,49,-33
111000058,252,27,225
111000059,246,68,178
111000060,2602,249,2353
111000061,336,115,221
111000062,723,86,637
111000063,712,284,428
111000064,617,203,414
111000065,906,203,703
111000066,414,64,350
111000067,143,79,64
111000068,66,72,-6
111000069,128,167,-39
111000070,68,47,21
111000071,5,8,-3
111000072,659,381,278
111000073,119,498,-379
111000074,846,424,422
111000075,263,81,182
111000076,525,102,423
111000077,554,337,217
111000078,416,156,260
111000079,422,80,342
111000080,152,89,63
111000081,281,1021,-740
111000082,297,98,199
111000084,194,135,59
111000085,452,393,59
111000086,570,295,275
111000087,372,132,240
111000088,594,417,177
111000089,248,219,29
111000090,218,218,0
111000091,165,88,77
111000092,663,265,398
111000093,318,295,23
111000094,467,197,270
111000095,319,862,-543
111000096,424,2788,-2364
111000097,211,159,52
111000098,75,99,-24
111000099,69,177,-108
111000100,63,107,-44
111000101,76,99,-23
111000102,5,56,-51
111000104,330,33,297
111000107,0,72,-72
111000109,271,12,259
111000110,373,144,229
111000111,1290,44,1246
111000112,1080,62,1018
111000113,389,686,-297
111000114,326,1056,-730
111000115,1158,175,983
111000116,235,94,141
111000117,135,51,84
111000118,274,68,206
111000119,623,86,537
111000120,214,87,127
111000121,89,166,-77
111000122,187,133,54
111000123,335,256,79
111000124,99,256,-157
111000125,84,62,22
111000126,20,63,-43
111000127,402,19,383
111000128,1250,54,1196
111000129,1501,166,1335
111000130,1564,126,1438
111000131,1404,108,1296
111000132,1128,496,632
111000133,51,25,26
111000134,49,8,41
111000135,1,74,-73
111000136,242,68,174
111000138,2,0,2
111000140,0,0,0
111000141,24,34,-10
111000142,0,1,-1
111000143,0,4,-4
111000144,0,1,-1
111000145,34,1,33
111000146,35,1,34
111000147,37,1,36
111000148,16,15,1
111000149,1,67,-66
111000150,15,0,15
111000151,2,5,-3
111000153,189,20,169
111000154,17,33,-16
111000155,67,66,1
111000156,210,86,124
111000157,83,208,-125
111000158,391,336,55
111000159,665,323,342
111000160,185,72,113
111000161,0,66,-66
111000162,2,6,-4
111000163,89,69,20
111000164,9,215,-206
111000165,224,52,172
111000166,54,25,29
111000167,4,64,-60
111000168,57,48,9
111000169,87,27,60
111000170,75,38,37
111000171,43,12,31
111000172,33,37,-4
111000173,63,67,-4
111000174,25,14,11
111000175,14,52,-38
111000176,171,34,137
111000177,346,19,327
111000178,773,37,736
111000179,221,26,195
111000180,110,111,-1
111000181,282,46,236
111000182,87,30,57
111000183,89,49,40
111000184,152,25,127
111000185,103,20,83
111000186,83,10,73
111000187,71,24,47
111000188,231,58,173
111000189,4,101,-97
111000190,62,27,35
111000191,39,13,26
111000192,26,47,-21
111000193,14,19,-5
111000194,23,12,11
111000195,17,46,-29
111000196,8,16,-8
111000197,202,19,183
111000198,304,8,296
111000199,135,38,97
111000200,506,136,370
111000201,323,12,311
111000202,147,34,113
111000203,163,42,121
111000204,198,433,-235
111000213,134,99,35
111000214,387,153,234
111000215,344,167,177
111000217,810,121,689
111000218,442,211,231
111000219,56,15,41
111000220,231,8,223
111000221,70,27,43
111000224,0,3,-3
111000225,338,483,-145
111000226,12,0,12
111000227,4,1,3
111000228,1,338,-337
111000229,0,495,-495
111000230,36,18,18
111000231,453,32,421
111000232,210,165,45
111000233,321,59,262
111000234,38,118,-80
111000239,0,0,0
111000240,14,101,-87
111000241,0,0,0
111000242,77,32,45
111000243,0,0,0
111000244,327,18,309
111000245,304,47,257
111000246,325,89,236
111000247,192,85,107
111000248,363,91,272
111000249,217,46,171
111000250,37,24,13
111000251,82,45,37
111000253,3,2,1
111000255,11,4,7
111000257,21,1,20
111000260,0,51,-51
111000261,567,27,540
111000271,1,33,-32
111000273,333,234,99
111000274,416,318,98
111000275,32,3,29
111000276,54,223,-169
111000277,48,49,-1
111000278,206,20,186
111000291,415,3581,-3166
111000298,203,122,81
111000299,52,3,49
111000300,10,28,-18
111000302,110,30,80
111000303,95,33,62
111000312,65,4,61
111000315,0,15,-15
111000320,34,79,-45
111000321,188,22,166
111000322,214,22,192
111000323,120,6,114
111000324,111,47,64
111000325,3,15,-12
111000326,89,23,66
111000327,142,87,55
111000328,65,80,-15
111000329,0,30,-30
111000330,9,5,4
111000331,5,2,3
111000332,145,184,-39
111000334,25,131,-106
111000335,441,14,427
111000337,676,2,674
111000338,19,5,14
111000339,238,6,232
111000340,6,62,-56
111000341,735,149,586
111000342,0,52,-52
111000344,458,145,313
111000345,5,12,-7
111000346,0,1,-1
111000347,90,1,89
111000350,44,99,-55
111000351,5,158,-153
111000352,53,16,37
111000353,8,96,-88
111000354,93,13,80
111000355,10,104,-94
111000358,53,47,6
111000360,84,19,65
111000361,24,4,20
111000546,74,1,73
111000547,165,24,141
111000548,26,25,1
111000549,124,20,104
111000550,0,75,-75
111000551,31,11,20
111000552,68,27,41
111000907,209,3,206
111000908,16,3,13
111000916,576,3,573
111000917,0,10,-10
111000918,58,28,30
111000920,142,4,138
111000921,1,22,-21
111000922,134,8,126
111000924,0,114,-114
111000925,2486,761,1725
111000926,573,335,238
111000927,1664,1659,5
111000928,900,435,465
111000929,1257,371,886
111000930,315,604,-289
111000931,1544,556,988
111000932,695,540,155
111000933,1769,1159,610
111000934,432,560,-128
111000935,1203,315,888
111000936,266,385,-119
111000937,687,407,280
111000938,557,281,276
111000939,435,5,430
111000940,346,14,332
111000941,157,7,150
111000943,326,49,277
111000944,14,45,-31
111000945,170,1,169
111001109,138,200,-62
111001110,77,1,76
111001111,15,4,11
111001112,141,0,141
111001113,1,41,-40
111001114,123,22,101
111001115,0,0,0
111001116,382,2252,-1870
111001117,19,130,-111
111001120,19,28,-9
111001121,0,35,-35
111001122,81,30,51
111001123,102,24,78
111001124,24,7,17
111900001,7,0,7
111900002,0,5,-5
111900003,0,16,-16
111900004,0,14,-14
111900006,0,0,0
111900007,0,0,0
111900008,0,0,0
111900009,49,1,48
111900010,9,15,-6
111900012,23,8,15
111900013,7,17,-10
111900014,327,1479,-1152
111900015,0,1,-1
111900016,0,0,0
111900017,0,1,-1
111900018,34,3,31
111900019,1,52,-51
111900020,2,35,-33
111900021,2,18,-16
111900022,1,4,-3
111900023,46,2,44
111900024,0,12,-12
111900025,0,7,-7
111900026,0,0,0
111900027,0,12,-12
111900028,0,0,0
111900029,0,2,-2
111900030,0,0,0
111900031,20,0,20
111900032,1,0,1
111900033,2,0,2
111900034,0,0,0
111900035,1,0,1
111900036,0,0,0
111900038,0,0,0
111900039,0,0,0
111900040,0,0,0
111900042,0,0,0
111900043,0,0,0
111900044,0,2,-2
111900046,0,0,0
111900048,180,43,137
111900049,0,0,0
111900050,0,0,0
111900051,9,8,1
111900052,0,0,0
111900053,61,515,-454
111900054,0,0,0
111900055,2,55,-53
111900056,9,79,-70
111900057,42,4,38
111900058,240,14,226
111900059,79,31,48
111900060,0,0,0
111900061,0,12,-12
111900062,32,8,24
111900063,6,0,6
111900064,14,25,-11
111900065,51,1,50
111900066,12,0,12
111900067,0,0,0
111900068,4,29,-25
111900069,61,16,45
111900070,34,0,34
111900071,0,0,0
111900072,39,3,36
111900073,76,25,51
111900074,0,0,0
111900075,54,1,53
111900076,12,12,0
111900077,24,1,23
111900078,100,3,97
111900079,17,14,3
111900080,0,0,0
111900081,0,0,0
111900082,278,35,243
111900083,34,5,29
111900084,92,19,73
111900085,0,0,0
111900086,197,14,183
111900087,40,0,40
111900088,103,3,100
111900089,83,0,83
111900090,0,0,0
111900091,443,2,441
111900092,63,0,63
111900093,123,2,121
111900094,27,0,27
111900095,0,0,0
111900096,215,0,215
111900097,45,0,45
111900098,80,0,80
111900099,52,0,52
111900100,0,0,0
111900101,2,1,1
111900102,169,0,169
111900103,0,0,0
111900104,1,0,1
111900105,15,1,14
111900106,43,14,29
111900107,0,0,0
111900108,0,0,0
111900109,0,0,0
111900110,0,0,0
111900111,128,10,118
111900112,0,0,0
111900113,65,20,45
111900114,18,3,15
111900115,0,2,-2
111900118,38,2,36
111900119,1,14,-13
111900122,9,16,-7
111900123,0,11,-11
111900124,24,0,24
111900125,52,2,50
111900126,57,0,57
111900127,0,0,0
111900128,0,0,0
111900129,42,5,37
111900130,12,2,10
111900131,65,0,65
111900132,0,2,-2
111900133,0,0,0
111900134,0,0,0
111900135,0,0,0
111900136,0,0,0
111900137,9,19,-10
111900138,4,16,-12
111900139,3,3,0
111900140,103,13,90
111900141,57,6,51
111900142,28,18,10
111900143,0,0,0
111900144,0,0,0
111900145,0,0,0
111900146,0,0,0
111900147,0,0,0
111900148,0,0,0
111900149,0,0,0
111900150,0,0,0
111900151,0,0,0
111900152,0,0,0
111900153,0,0,0
111900154,0,0,0
111900155,0,0,0
111900156,0,0,0
111900157,0,0,0
111900158,0,0,0
111900159,0,0,0
111900160,7,0,7
111900161,16,0,16
111900162,0,0,0
111900163,0,0,0
111900164,0,0,0
111901113,129,0,129
111901114,84,1,83
111901115,0,0,0
111901116,0,0,0
111901117,0,0,0
111901118,0,0,0
111901119,0,0,0
111901120,0,0,0
111901121,1,0,1
111901122,0,1,-1
111901123,48,0,48
111901124,0,0,0
111901125,191,40,151
111901126,0,0,0
111901127,5,0,5
111901128,0,0,0
111901129,0,0,0
111901130,0,0,0
111901131,0,71,-71
111901132,0,0,0
111901133,0,0,0
111901134,0,0,0
111901135,0,0,0
111901136,0,0,0
111901137,0,0,0
111901138,0,0,0
111901139,0,0,0
111901140,0,0,0
111901141,0,0,0
111901142,0,0,0
111901143,0,0,0
111901144,0,0,0
111901145,1,1,0
111901146,0,0,0
112000001,1315,708,607
112000002,105,214,-109
112000003,700,329,371
112000004,124,77,47
112000005,2645,1747,898
112000006,105,35,70
112000007,2419,1443,976
112000008,1694,2539,-845
112000009,1653,627,1026
112000010,1038,2583,-1545
112000011,670,421,249
112000012,2261,4312,-2051
112000013,971,657,314
112000014,310,2508,-2198
112000015,250,793,-543
112000016,486,1232,-746
112000017,150,574,-424
112000024,102,69,33
112000026,436,452,-16
112000027,455,481,-26
112000028,333,76,257
112000029,176,401,-225
112000030,7,1,6
112000031,340,1719,-1379
112000032,19,0,19
112000033,369,1269,-900
112000034,7,1,6
112000035,0,36,-36
112000036,30,434,-404
112000037,60,131,-71
112000038,171,379,-208
112000039,36,17,19
112000040,24,53,-29
112000041,77,202,-125
112000042,354,47,307
112000050,691,601,90
112000051,677,784,-107
112000054,362,560,-198
112000057,17,48,-31
112000058,49,246,-197
112000059,208,164,44
112000061,774,347,427
112000062,184,461,-277
112000063,268,459,-191
112000064,697,650,47
112000065,429,238,191
112000066,707,607,100
112000067,93,83,10
112000068,1128,906,222
112000069,70,242,-172
112000070,325,288,37
112000071,215,211,4
112000072,1001,249,752
112000073,110,194,-84
112000074,490,274,216
112000075,693,479,214
112000076,824,276,548
112000077,749,165,584
112000078,906,259,647
112000079,1211,499,712
112000080,234,228,6
112000081,356,483,-127
112000082,517,432,85
112000083,274,416,-142
112000084,624,269,355
112000085,791,430,361
112000086,1403,416,987
112000087,260,77,183
112000088,471,186,285
112000089,160,103,57
112000090,112,88,24
112000091,202,120,82
112000092,1200,109,1091
112000093,291,96,195
112000094,514,103,411
112000095,317,91,226
112000096,644,142,502
112000097,887,220,667
112000098,49,41,8
112000099,256,1007,-751
112000100,1243,155,1088
112000101,44,51,-7
112000102,583,115,468
112000103,70,54,16
112000105,24,41,-17
112000106,883,48,835
112000107,4,29,-25
112000108,112,258,-146
112000109,38,31,7
112000110,530,143,387
112000111,87,285,-198
112000112,944,49,895
112000113,91,142,-51
112000114,839,142,697
112000115,86,43,43
112000116,37,27,10
112000117,29,54,-25
112000118,135,98,37
112000119,118,99,19
112000120,2,29,-27
112000121,45,97,-52
112000122,241,28,213
112000123,410,21,389
112000124,272,18,254
112000125,122,71,51
112000126,249,115,134
112000127,609,839,-230
112000128,134,389,-255
112000129,118,19,99
112000130,29,6,23
112000131,35,9,26
112000132,3,13,-10
112000133,192,14,178
112000134,132,41,91
112000135,447,89,358
112000136,208,223,-15
112000137,524,169,355
112000138,246,229,17
112000139,118,238,-120
112000140,46,68,-22
112000141,343,84,259
112000142,35,52,-17
112000143,650,57,593
112000144,51,131,-80
112000145,1412,132,1280
112000146,90,223,-133
112000147,1100,381,719
112000148,119,175,-56
112000149,155,46,109
112000150,0,20,-20
112000151,176,31,145
112000152,41,18,23
112000153,16,24,-8
112000154,64,1,63
112000155,50,28,22
112000157,30,260,-230
112000158,158,23,135
112000159,132,56,76
112000167,8,7,1
112000169,44,326,-282
112000173,289,14,275
112000175,125,88,37
112000176,491,436,55
112000177,138,18,120
112000178,32,60,-28
112000179,108,5,103
112000180,13,5,8
112000181,314,125,189
112000182,801,67,734
112000183,36,18,18
112000184,235,26,209
112000185,50,21,29
112000187,785,242,543
112000195,84,0,84
112000196,42,0,42
112000197,2,9,-7
112000198,1,15,-14
112000199,8,88,-80
112000202,205,1,204
112000216,2,12,-10
112000230,61,3,58
112000231,0,0,0
112000256,77,82,-5
112000313,16,4,12
112000314,6,16,-10
112000337,16,104,-88
112000352,1,24,-23
112000392,697,683,14
112000398,689,287,402
112000399,298,2506,-2208
112000400,238,405,-167
112000401,564,453,111
112000402,1950,3075,-1125
112000403,369,2389,-2020
112000404,354,847,-493
112000405,1787,1580,207
112000406,828,520,308
112000407,3802,2325,1477
112000408,1343,840,503
112000409,365,638,-273
112000410,0,0,0
112000411,209,56,153
112000412,0,0,0
112000413,87,178,-91
112000414,47,7,40
112000415,31,8,23
112000416,1571,568,1003
112000417,120,39,81
112000421,5,7,-2
112000422,83,32,51
112000424,114,636,-522
112000425,29,74,-45
112000426,23,34,-11
112000427,0,2,-2
112000428,34,35,-1
112000429,745,796,-51
112000430,1036,1318,-282
112000431,44,83,-39
112000432,89,117,-28
112000433,143,283,-140
112000437,62,98,-36
112900001,26,0,26
112900002,83,8,75
112900003,7,0,7
112900004,26,0,26
112900005,91,0,91
112900006,0,0,0
112900007,95,1,94
112900008,0,0,0
112900009,52,1,51
112900010,26,0,26
112900011,0,0,0
112900012,0,0,0
112900013,0,25,-25
112900014,0,0,0
112900015,7,5,2
112900016,0,0,0
112900017,1,2,-1
112900018,0,0,0
112900019,0,1,-1
112900020,39,41,-2
112900021,0,0,0
112900022,0,4,-4
112900023,0,0,0
112900024,0,0,0
112900025,4,10,-6
112900026,0,0,0
112900027,0,0,0
112900028,0,0,0
112900029,37,16,21
112900030,0,0,0
112900031,0,0,0
112900032,0,0,0
112900034,1,10,-9
112900035,0,0,0
112900036,0,0,0
112900037,0,0,0
112900038,34,0,34
112900039,0,0,0
112900040,0,0,0
112900041,7,43,-36
112900042,0,0,0
112900043,0,0,0
112900044,13,0,13
112900045,0,0,0
112900046,0,0,0
112900047,0,0,0
112900049,0,0,0
112900050,9,0,9
112900051,0,0,0
112900052,6,0,6
112900053,0,0,0
112900054,11,0,11
112900055,0,0,0
112900056,0,0,0
112900057,0,0,0
112900058,6,6,0
112900059,0,0,0
112900060,0,0,0
112900061,0,0,0
112900062,0,0,0
112900063,0,0,0
112900064,0,0,0
112900065,0,0,0
112900066,36,41,-5
112900067,1,0,1
112900068,0,0,0
112900069,0,0,0
112900071,0,0,0
112900072,4,43,-39
112900073,51,27,24
112900074,0,0,0
112900075,13,1,12
112900076,0,0,0
112900078,0,0,0
112900079,0,0,0
112900080,0,0,0
112900081,0,17,-17
112900082,35,5,30
112900083,0,0,0
112900084,0,0,0
112900085,0,0,0
112900086,0,0,0
112900087,83,1,82
112900088,34,1,33
112900089,181,5,176
112900090,0,0,0
112900091,0,0,0
112900092,0,0,0
112900093,0,0,0
112900094,0,0,0
112900095,0,0,0
112900096,40,6,34
112900097,0,2,-2
112900098,3,0,3
112900099,225,1,224
112900100,0,0,0
112900101,0,0,0
112900102,0,0,0
112900103,0,0,0
112900104,0,0,0
112900105,0,0,0
112900106,8,1,7
112900107,4,0,4
112900108,0,0,0
112900109,0,0,0
112900110,0,0,0
112900111,0,0,0
112900112,2,0,2
112900113,0,0,0
112900114,2,1,1
112900115,551,2,549
112900116,14,0,14
112900117,0,0,0
112900118,0,0,0
112900119,0,0,0
112900120,0,0,0
112900121,0,0,0
112900122,0,0,0
112900123,0,0,0
112900124,0,0,0
112900125,2,2,0
112900126,3,9,-6
112900127,0,0,0
112900128,0,0,0
112900129,0,44,-44
112900130,0,0,0
112900131,0,0,0
112900132,0,0,0
112900133,0,39,-39
112900134,0,30,-30
112900135,1,0,1
112900136,0,0,0
112900137,1,32,-31
112900138,0,9,-9
112900139,0,0,0
112900140,0,0,0
112900141,176,1,175
112900142,0,0,0
112900143,0,0,0
112900144,0,0,0
112900145,0,0,0
112900146,0,0,0
112900147,0,0,0
112900148,0,0,0
112900149,0,0,0
112900151,0,0,0
112900152,330,28,302
112900153,2,74,-72
112900154,0,0,0
112900155,9,0,9
112900156,12,0,12
112900157,112,0,112
112900158,2,0,2
112900159,0,0,0
112900160,0,0,0
112900161,0,0,0
112900162,0,0,0
112900163,0,0,0
112900164,0,0,0
112900165,0,0,0
112900166,0,0,0
112900167,0,0,0
112900168,0,0,0
112900169,0,0,0
112900170,0,0,0
112900172,0,0,0
112900173,0,0,0
112900174,0,0,0
112900175,0,0,0
112900176,0,0,0
112900177,0,0,0
112900178,4,1,3
112900179,0,30,-30
112900180,345,127,218
112900181,0,0,0
112900182,0,0,0
112900183,0,0,0
112900184,15,40,-25
112900185,2,38,-36
112900186,57,57,0
112900187,0,0,0
112900188,42,39,3
112900189,0,0,0
112900190,0,0,0
112900192,62,38,24
112900193,72,15,57
112900194,0,0,0
112900195,98,1,97
112900196,31,16,15
112900197,0,12,-12
112900199,60,0,60
112900200,6,0,6
112900201,4,0,4
112900202,6,10,-4
112900203,2,0,2
112900204,25,1,24
112900205,3,0,3
112900206,2,0,2
112900207,0,0,0
112900208,0,5,-5
112900209,0,0,0
112900210,0,0,0
112900211,0,0,0
112900212,0,0,0
112900213,0,0,0
112900214,0,0,0
112900215,0,0,0
112900216,0,0,0
112900217,0,0,0
112900218,28,0,28
112900219,0,0,0
112900220,0,0,0
112900221,8,1,7
112900222,0,0,0
112900223,107,2,105
112900224,75,0,75
112900225,0,0,0
112900226,0,0,0
112900227,166,1,165
112900228,61,0,61
112900229,0,0,0
112900230,258,108,150
112900232,2,10,-8
112900233,0,0,0
112900234,0,0,0
112900235,0,0,0
112900236,0,0,0
112900237,35,3,32
112900238,0,0,0
112900239,0,0,0
113000001,1417,1521,-104
113000002,1603,1755,-152
113000003,394,782,-388
113000004,428,901,-473
113000005,271,251,20
113000006,217,619,-402
113000007,434,233,201
113000008,351,440,-89
113000009,249,204,45
113000010,500,312,188
113000011,270,228,42
113000012,552,137,415
113000013,91,80,11
113000014,340,566,-226
113000015,52,88,-36
113000016,28,50,-22
113000017,37,25,12
113000018,44,9,35
113000019,89,26,63
113000020,293,40,253
113000021,608,144,464
113000022,230,209,21
113000025,3,12,-9
113000026,248,400,-152
113000027,81,324,-243
113000028,49,155,-106
113000029,282,340,-58
113000030,0,0,0
113000031,0,0,0
113000032,112,85,27
113000033,238,119,119
113000034,0,0,0
113000035,0,0,0
113000036,5,44,-39
113000037,0,0,0
113000038,12,49,-37
113000039,1,18,-17
113000040,0,0,0
113000042,181,192,-11
113000051,348,1040,-692
113000052,279,103,176
113000053,87,45,42
113000054,84,409,-325
113000055,495,144,351
113000056,637,199,438
113000058,96,421,-325
113000059,437,180,257
113000060,117,277,-160
113000061,168,220,-52
113000062,155,72,83
113000063,174,45,129
113000064,64,68,-4
113000065,117,121,-4
113000066,396,40,356
113000067,833,101,732
113000068,190,202,-12
113000069,183,233,-50
113000070,598,104,494
113000071,125,140,-15
113000072,266,101,165
113000073,111,196,-85
113000074,228,77,151
113000075,642,136,506
113000076,111,615,-504
113000077,263,322,-59
113000078,136,479,-343
113000079,48,112,-64
113000080,105,152,-47
113000081,229,278,-49
113000082,152,56,96
113000083,324,387,-63
113000084,393,320,73
113000085,497,223,274
113000086,239,309,-70
113000087,391,572,-181
113000088,276,387,-111
113000089,481,954,-473
113000090,35,187,-152
113000091,104,1,103
113000094,487,45,442
113000095,85,93,-8
113000096,30,30,0
113000097,174,43,131
113000098,6,29,-23
113000099,333,69,264
113000100,84,44,40
113000101,18,9,9
113000102,94,57,37
113000103,634,130,504
113000104,424,990,-566
113000105,429,103,326
113000106,176,81,95
113000107,434,464,-30
113000108,415,336,79
113000109,99,339,-240
113000110,556,311,245
113000111,5,118,-113
113000112,89,193,-104
113000113,611,256,355
113000114,6,179,-173
113000116,87,75,12
113000117,83,152,-69
113000118,5,207,-202
113000119,57,109,-52
113000120,14,297,-283
113000121,70,61,9
113000124,165,75,90
113000125,8,366,-358
113000127,89,11,78
113000128,67,192,-125
113000129,0,0,0
113000133,289,1,288
113000134,3,447,-444
113000135,1477,1764,-287
113000137,517,894,-377
113000139,232,71,161
113000140,0,0,0
113000141,267,67,200
113000142,136,87,49
113000143,144,180,-36
113000144,8,57,-49
113000145,86,91,-5
113000146,0,0,0
113000147,1,0,1
113000148,179,71,108
113000149,77,98,-21
113000150,4,0,4
113000151,1,0,1
113000152,10,156,-146
113000153,198,86,112
113000154,112,395,-283
113000155,124,161,-37
113000156,50,65,-15
113000157,88,93,-5
113000158,137,3,134
113000159,366,17,349
113000160,218,101,117
113000161,117,92,25
113000162,0,0,0
113000163,78,39,39
113000164,0,0,0
113000166,143,34,109
113000167,0,0,0
113000168,0,0,0
113000169,135,8,127
113000170,85,17,68
113000171,0,0,0
113000172,157,4,153
113000173,50,5,45
113000174,0,0,0
113000175,236,24,212
113000176,308,12,296
113000177,0,0,0
113000178,0,0,0
113000179,115,14,101
113000180,459,683,-224
113000181,433,288,145
113000182,24,45,-21
113000183,41,238,-197
113000184,0,0,0
113000189,10,81,-71
113000190,164,58,106
113000192,210,841,-631
113000193,563,537,26
113000194,200,474,-274
113000195,392,776,-384
113000196,131,96,35
113000197,372,842,-470
113000198,2,96,-94
113000199,272,112,160
113000201,17,14,3
113000202,581,180,401
113000203,30,8,22
113000204,88,898,-810
113000205,0,0,0
113000206,1,2,-1
113000207,0,0,0
113000208,4,26,-22
113000209,0,0,0
113000210,3,14,-11
113000211,82,19,63
113000212,31,3,28
113000213,11,17,-6
113000214,0,0,0
113000234,2,45,-43
113000410,0,77,-77
113000411,531,1168,-637
113000412,902,459,443
113000413,1096,834,262
113000414,1132,3266,-2134
113000415,354,502,-148
113000416,736,552,184
113000417,203,507,-304
113000418,1439,1522,-83
113000419,475,789,-314
113000420,1285,1770,-485
113000421,2239,3410,-1171
113000422,2864,2397,467
113000423,801,1473,-672
113000424,986,3226,-2240
113000425,6,45,-39
113000428,40,2,38
113000430,0,0,0
113000432,679,34,645
113000433,22,119,-97
113000434,0,4,-4
113000435,0,12,-12
113000436,1,56,-55
113000437,372,1,371
113000438,76,4,72
113000439,0,0,0
113000440,10,4,6
113000441,107,12,95
113000442,0,0,0
113000443,42,6,36
113000444,0,0,0
113000445,38,23,15
113000446,0,0,0
113000448,0,0,0
113000449,2,269,-267
113000450,53,625,-572
113000451,7,0,7
113000452,57,116,-59
113000453,0,0,0
113000454,32,51,-19
113000455,0,0,0
113000456,112,67,45
113000468,178,26,152
113000469,9,75,-66
113000470,111,33,78
113000471,0,197,-197
113000472,26,8,18
113000474,453,481,-28
113000475,463,466,-3
113000476,595,874,-279
113000477,1854,980,874
113000478,1324,1123,201
113000479,1,25,-24
113000480,67,143,-76
113000483,0,0,0
113000485,0,0,0
113000486,0,0,0
113000487,0,0,0
113000488,0,0,0
113000489,0,0,0
113000490,0,0,0
113000491,0,0,0
113000492,0,0,0
113000493,0,0,0
113000495,0,0,0
113000496,7,28,-21
113000499,0,0,0
113000500,0,0,0
113900001,0,0,0
113900002,0,0,0
113900003,0,0,0
113900004,0,0,0
113900005,0,0,0
113900006,0,0,0
113900007,0,0,0
113900008,0,0,0
113900009,0,0,0
113900010,0,0,0
113900011,0,0,0
113900012,0,0,0
113900013,0,0,0
113900014,168,6,162
113900015,0,0,0
113900016,0,0,0
113900017,0,0,0
113900018,0,0,0
113900019,0,0,0
113900020,57,0,57
113900022,22,0,22
113900023,0,0,0
113900024,0,0,0
113900025,44,4,40
113900026,0,0,0
113900027,0,0,0
113900028,0,0,0
113900029,0,0,0
113900030,73,0,73
113900031,2,0,2
113900032,0,0,0
113900033,0,0,0
113900035,0,0,0
113900036,1,0,1
113900037,0,0,0
113900038,0,0,0
113900039,78,25,53
113900040,0,0,0
113900041,0,0,0
113900042,0,0,0
113900043,0,0,0
113900044,1,33,-32
113900045,0,0,0
113900046,0,0,0
113900047,0,0,0
113900048,0,0,0
113900049,0,0,0
113900050,2,21,-19
113900051,0,0,0
113900052,0,0,0
113900053,47,100,-53
113900054,0,0,0
113900055,0,0,0
113900056,0,0,0
113900057,0,0,0
113900058,0,0,0
113900059,0,0,0
113900060,3,3,0
113900061,9,19,-10
113900062,0,0,0
113900063,0,0,0
113900064,0,0,0
113900065,238,14,224
113900066,0,0,0
113900067,12,3,9
113900068,112,126,-14
113900069,0,0,0
113900070,0,0,0
113900071,0,0,0
113900072,0,0,0
113900073,52,62,-10
113900074,29,12,17
113900075,95,172,-77
113900076,0,0,0
113900077,0,0,0
113900078,0,0,0
113900079,0,0,0
113900080,5,0,5
113900081,0,0,0
113900082,0,0,0
113900083,56,12,44
113900084,12,9,3
113900085,0,0,0
113900086,0,0,0
113900087,0,0,0
113900088,0,0,0
113900089,102,2,100
113900090,17,4,13
113900091,0,0,0
113900092,0,0,0
113900093,0,0,0
113900094,25,15,10
113900095,8,5,3
113900096,0,0,0
113900097,0,0,0
113900098,170,20,150
113900099,0,0,0
113900100,0,0,0
113900101,0,0,0
113900102,0,0,0
113900103,20,28,-8
113900104,38,36,2
113900105,4,0,4
113900106,0,0,0
113900107,0,0,0
113900108,0,0,0
113900109,2,0,2
113900110,0,0,0
113900111,0,0,0
113900112,20,0,20
113900113,33,5,28
113900114,0,0,0
113900115,0,0,0
113900116,0,0,0
113900117,4,1,3
113900118,0,29,-29
113900119,29,60,-31
113900120,0,0,0
113900121,0,0,0
113900122,13,815,-802
113900123,0,0,0
113900124,0,0,0
113900125,4,0,4
113900126,0,0,0
113900127,0,0,0
113900128,0,0,0
113900129,1,42,-41
113900130,0,0,0
113900131,0,0,0
113900132,0,0,0
113900133,0,0,0
113900135,0,0,0
113900136,0,0,0
113900137,0,1,-1
113900138,0,0,0
113900139,0,0,0
113900140,25,30,-5
113900141,0,0,0
113900142,0,0,0
113900143,0,0,0
113900144,22,11,11
113900145,0,0,0
113900146,0,0,0
113900148,0,0,0
113900149,0,0,0
113900150,96,28,68
113900151,0,0,0
113900152,4,1,3
113900153,0,0,0
113900154,0,0,0
113900155,0,0,0
113900156,0,0,0
113900157,1,8,-7
113900158,0,0,0
113900159,0,0,0
113900160,0,0,0
113900161,0,0,0
113900162,6,18,-12
113900163,0,0,0
113900164,3,0,3
113900165,0,0,0
113900166,0,9,-9
113900167,0,0,0
113900168,0,0,0
113900169,0,0,0
113900171,0,0,0
113900172,0,0,0
113900173,1,31,-30
113900174,0,0,0
113900175,181,8,173
113900176,0,0,0
113900177,1,2,-1
113900178,0,0,0
113900179,2,40,-38
113900180,5,2,3
113900181,86,0,86
113900182,0,0,0
113900183,0,0,0
113900184,0,33,-33
113900185,1,0,1
113900186,0,0,0
113900187,0,5,-5
113900188,0,0,0
113900189,0,0,0
113900190,0,0,0
113900191,0,0,0
113900192,0,0,0
113900193,0,10,-10
113900194,34,12,22
113900195,0,0,0
113900196,0,0,0
113900197,0,17,-17
113900198,0,0,0
113900199,3,14,-11
113900200,0,0,0
113900201,0,5,-5
113900202,0,0,0
113900203,0,3,-3
113900204,0,0,0
113900205,0,0,0
113900206,0,0,0
113900207,0,0,0
113900208,0,0,0
113900209,0,0,0
113900210,0,0,0
113900211,0,0,0
113900212,80,4,76
113900214,4,8,-4
113900215,183,3,180
113900216,0,0,0
113900217,0,0,0
113900218,0,0,0
113900219,0,0,0
113900220,0,0,0
113900221,2,9,-7
113900222,0,0,0
113900223,0,0,0
113900224,0,0,0
113900225,27,1,26
113900226,15,1,14
113900227,3,10,-7
113900228,0,0,0
113900229,1,10,-9
113900230,78,22,56
113900231,0,0,0
113900232,0,0,0
113900233,0,0,0
113900234,0,0,0
113900235,0,0,0
113900236,34,0,34
113900237,0,0,0
113900238,0,48,-48
113900239,0,0,0
113900240,0,0,0
113900241,0,0,0
113900242,0,0,0
113900243,0,3,-3
113900244,9,13,-4
113900245,3,5,-2
113900246,1,14,-13
113900247,35,118,-83
113900248,0,0,0
113900249,4,37,-33
113900250,2,27,-25
113900251,190,4,186
113900252,110,0,110
113900253,62,3,59
113900254,138,6,132
113900255,284,13,271
113900256,153,1,152
113900257,0,41,-41
113900258,0,24,-24
113900259,86,11,75
113900260,171,2,169
113900261,18,4,14
113900262,35,20,15
113900263,0,7,-7
113900264,0,4,-4
113900265,24,0,24
113900266,19,1,18
113900267,0,0,0
113900268,2,11,-9
113900269,0,0,0
113900270,0,0,0
113900271,0,0,0
113900273,1,1,0
113900274,14,2,12
113900275,0,0,0
113900276,0,13,-13
113900277,44,1,43
113900278,0,0,0
113900279,0,0,0
113900280,19,26,-7
113900281,3,86,-83
113900282,0,3,-3
113900283,0,0,0
113900284,311,74,237
113900285,3,0,3
113900286,0,0,0
113900287,0,0,0
113900288,0,0,0
113900289,0,0,0
113900290,0,0,0
113900291,0,0,0
113900292,0,1,-1
113900293,0,0,0
113900294,202,6,196
113900295,59,45,14
113900296,73,7,66
113900297,211,3,208
113900298,0,0,0
113900299,22,0,22
113900300,378,19,359
113900301,32,0,32
113900302,42,2,40
113900303,0,0,0
113900304,0,0,0
113900305,35,0,35
113900306,9,0,9
113900307,0,0,0
113900308,0,0,0
113900309,0,4,-4
113900310,0,0,0
113900311,0,0,0
113900312,0,0,0
113900313,0,0,0
114000001,335,332,3
114000002,65,62,3
114000003,7,12,-5
114000004,46,4,42
114000005,37,3,34
114000006,195,243,-48
114000007,199,128,71
114000008,300,242,58
114000009,191,82,109
114000011,1407,346,1061
114000012,1713,260,1453
114000013,901,334,567
114000014,41,30,11
114000015,277,21,256
114000016,7,26,-19
114000017,6,64,-58
114000018,4,42,-38
114000026,1023,277,746
114000027,1310,585,725
114000028,663,1208,-545
114000038,8,2,6
114000039,0,0,0
114000040,26,79,-53
114000042,8,79,-71
114000043,86,20,66
114000044,68,29,39
114000045,0,3,-3
114000046,302,401,-99
114000047,13,83,-70
114000048,30,55,-25
114000049,550,358,192
114000050,386,344,42
114000051,621,707,-86
114000052,559,678,-119
114000053,131,187,-56
114000054,25,280,-255
114000055,36,2,34
114000056,3,53,-50
114000057,503,534,-31
114000058,3,18,-15
114000059,1,46,-45
114000060,23,149,-126
114000061,544,1168,-624
114000062,124,362,-238
114000063,125,145,-20
114000064,311,427,-116
114000065,241,376,-135
114000066,171,354,-183
114000067,24,215,-191
114000068,49,133,-84
114000069,243,58,185
114000070,1022,642,380
114000071,60,24,36
114000072,156,15,141
114000073,24,32,-8
114000074,17,3,14
114000075,57,17,40
114000076,5,20,-15
114000077,2,1,1
114000078,13,43,-30
114000079,24,1,23
114000080,3,48,-45
114000081,17,81,-64
114000082,8,100,-92
114000083,0,0,0
114000084,48,54,-6
114000085,19,34,-15
114000086,14,19,-5
114000087,0,0,0
114000088,21,5,16
114000089,46,16,30
114000090,199,419,-220
114000091,236,265,-29
114000092,120,38,82
114000093,349,150,199
114000094,83,141,-58
114000095,61,183,-122
114000096,25,77,-52
114000097,48,93,-45
114000098,215,40,175
114000099,256,55,201
114000100,1217,82,1135
114000101,130,34,96
114000102,161,63,98
114000103,31,38,-7
114000104,0,23,-23
114000105,15,4,11
114000106,99,252,-153
114000107,121,21,100
114000108,81,29,52
114000109,507,560,-53
114000110,6,3,3
114000111,902,264,638
114000112,1,9,-8
114000113,539,102,437
114000114,6,8,-2
114000115,742,361,381
114000116,541,425,116
114000117,1964,165,1799
114000118,1722,116,1606
114000119,1606,227,1379
114000120,182,184,-2
114000121,0,0,0
114000122,144,16,128
114000123,852,106,746
114000124,471,114,357
114000125,252,338,-86
114000126,615,49,566
114000127,84,62,22
114000128,358,95,263
114000130,217,303,-86
114000131,123,26,97
114000132,120,87,33
114000133,46,100,-54
114000134,0,0,0
114000138,0,0,0
114000139,110,150,-40
114000144,188,172,16
114000145,0,0,0
114000146,0,0,0
114000147,689,1248,-559
114000148,277,737,-460
114000149,71,52,19
114000150,8,20,-12
114000151,59,774,-715
114000152,3,16,-13
114000153,84,389,-305
114000154,131,94,37
114000155,319,790,-471
114000156,214,370,-156
114000157,63,261,-198
114000158,87,47,40
114000159,51,48,3
114000160,9,43,-34
114000161,318,621,-303
114000162,749,1041,-292
114000163,0,0,0
114000165,58,165,-107
114000166,82,135,-53
114000167,706,390,316
114000168,24,1,23
114000169,401,478,-77
114000170,398,304,94
114000171,828,2043,-1215
114000174,1,0,1
114000176,22,0,22
114000177,19,6,13
114000178,46,24,22
114000179,606,267,339
114000180,32,10,22
114000181,357,1731,-1374
114000182,339,330,9
114000183,156,62,94
114000184,98,76,22
114000185,808,413,395
114000189,854,54,800
114000190,2125,359,1766
114000191,49,216,-167
114000192,0,0,0
114000193,0,0,0
114000194,731,421,310
114000195,119,79,40
114000196,0,0,0
114000197,1268,2,1266
114000198,0,0,0
114000199,2,96,-94
114000200,142,113,29
114000201,45,68,-23
114000202,573,276,297
114000203,241,224,17
114000204,0,0,0
114000205,16,113,-97
114000206,35,147,-112
114000207,111,156,-45
114000208,106,49,57
114000209,24,121,-97
114000210,48,221,-173
114000211,1187,511,676
114000212,452,364,88
114000213,1235,339,896
114000214,21,0,21
114000215,39,1,38
114000216,476,139,337
114000217,239,76,163
114000218,58,4,54
114000219,577,63,514
114000220,0,5,-5
114000221,411,62,349
114000222,19,104,-85
114000223,489,45,444
114000224,9,72,-63
114000225,75,32,43
114000226,108,31,77
114000227,747,238,509
114000228,720,98,622
114000229,448,278,170
114000230,1166,274,892
114000231,481,456,25
114000232,628,94,534
114000233,1221,11,1210
114000234,826,364,462
114000235,627,376,251
114000236,0,0,0
114000237,101,139,-38
114000238,35,322,-287
114000239,45,190,-145
114000240,449,413,36
114000241,63,180,-117
114000242,293,171,122
114000243,1003,678,325
114000244,253,92,161
114000245,65,142,-77
114000246,0,0,0
114000247,374,198,176
114000248,847,427,420
114000249,695,189,506
114000250,223,39,184
114000251,215,21,194
114000252,29,10,19
114000253,40,13,27
114000254,0,0,0
114000255,11,110,-99
114000256,57,180,-123
114000257,17,196,-179
114000258,148,38,110
114000259,0,2,-2
114000260,0,0,0
114000261,31,21,10
114000262,0,0,0
114000263,10,1,9
114000264,234,24,210
114000265,0,0,0
114000267,3,339,-336
114000268,0,0,0
114000270,80,0,80
114000271,116,28,88
114000283,499,64,435
114000285,0,0,0
114000288,11,2,9
114000289,272,19,253
114000293,63,7,56
114000294,52,141,-89
114000395,367,23,344
114000396,204,63,141
114000402,268,127,141
114000403,221,36,185
114000405,149,72,77
114000423,248,68,180
114000424,188,98,90
114000425,436,115,321
114000426,253,582,-329
114000427,22,6,16
114000428,18,54,-36
114000429,32,4,28
114000432,64,10,54
114000434,1,26,-25
114000435,0,0,0
114000436,72,22,50
114000437,252,2159,-1907
114900001,187,48,139
114900002,70,5,65
114900003,155,61,94
114900004,53,69,-16
114900005,61,52,9
114900006,3,4,-1
114900007,53,5,48
114900008,28,5,23
114900010,0,0,0
114900011,82,9,73
114900013,31,7,24
114900015,2,34,-32
114900018,33,12,21
114900020,2,6,-4
114900022,7,6,1
114900024,18,16,2
114900025,84,16,68
114900026,24,17,7
114900027,27,14,13
114900029,0,1,-1
114900030,52,6,46
114900031,70,2,68
114900032,153,2,151
114900033,27,126,-99
114900034,0,0,0
114900035,2,14,-12
114900036,56,25,31
114900037,0,0,0
114900038,0,0,0
114900039,0,0,0
114900040,1,0,1
114900041,0,0,0
114900042,0,0,0
114900043,0,0,0
114900044,6,5,1
114900046,0,0,0
114900047,0,0,0
114900048,0,0,0
114900049,0,0,0
114900050,0,0,0
114900051,0,0,0
114900052,0,0,0
114900053,0,0,0
114900054,0,0,0
114900057,4,1,3
114900058,0,0,0
114900059,5,2,3
114900060,1,12,-11
114900061,0,0,0
114900062,8,6,2
114900063,0,0,0
114900064,0,0,0
114900065,0,0,0
114900067,0,0,0
114900068,0,0,0
114900069,0,0,0
114900070,96,17,79
114900072,4,0,4
114900073,0,0,0
114900074,220,3,217
114900075,38,5,33
114900076,3,0,3
114900080,102,6,96
114900082,381,27,354
114900083,0,0,0
114900090,69,30,39
114900091,0,0,0
114900095,0,0,0
114900096,0,2,-2
114900097,30,0,30
114900098,1,8,-7
114900099,14,2,12
115000001,575,721,-146
115000002,1848,2675,-827
115000003,470,317,153
115000004,1975,3180,-1205
115000005,104,125,-21
115000006,565,740,-175
115000007,65,257,-192
115000008,153,132,21
115000009,108,238,-130
115000010,79,187,-108
115000013,0,0,0
115000015,0,0,0
115000016,3,293,-290
115000019,65,169,-104
115000020,12,135,-123
115000021,0,72,-72
115000022,10,62,-52
115000023,334,433,-99
115000024,71,13,58
115000025,587,270,317
115000026,10,4,6
115000027,256,79,177
115000028,7,41,-34
115000029,743,19,724
115000030,28,45,-17
115000031,555,34,521
115000032,0,0,0
115000033,133,11,122
115000034,0,0,0
115000035,472,21,451
115000036,0,0,0
115000037,299,4,295
115000038,20,277,-257
115000039,552,1004,-452
115000040,858,605,253
115000041,435,1387,-952
115000042,263,129,134
115000043,1508,968,540
115000044,879,241,638
115000045,490,151,339
115000046,1616,905,711
115000047,1572,493,1079
115000048,395,235,160
115000049,264,495,-231
115000050,1641,614,1027
115000051,773,2085,-1312
115000052,242,452,-210
115000053,1010,1924,-914
115000054,203,174,29
115000055,10,113,-103
115000056,71,32,39
115000057,57,334,-277
115000058,40,113,-73
115000059,5,133,-128
115000061,53,70,-17
115000062,34,5,29
115000063,12,0,12
115000064,134,30,104
115000065,3,2,1
115000067,51,5,46
115000069,24,2,22
115000070,0,77,-77
115000071,57,23,34
115000072,0,0,0
115000073,781,66,715
115000075,34,26,8
115000076,669,453,216
115000077,573,289,284
115000078,534,187,347
115000079,364,273,91
115000080,1425,337,1088
115000081,15,16,-1
115000082,1932,1467,465
115000083,667,161,506
115000084,1986,198,1788
115000085,170,124,46
115000086,620,207,413
115000087,100,391,-291
115000088,780,320,460
115000089,124,110,14
115000090,274,178,96
115000091,204,123,81
115000092,419,219,200
115000093,379,2,377
115000094,1848,2757,-909
115000095,978,2255,-1277
115000096,377,343,34
115000097,598,581,17
115000098,684,76,608
115000099,1268,302,966
115000100,1001,177,824
115000101,55,47,8
115000102,386,91,295
115000103,106,134,-28
115000105,44,55,-11
115000106,269,208,61
115000107,25,21,4
115000108,354,256,98
115000109,1156,2346,-1190
115000110,658,809,-151
115000111,73,437,-364
115000112,213,130,83
115000113,175,323,-148
115000114,251,155,96
115000116,478,477,1
115000117,404,285,119
115000118,306,603,-297
115000119,331,278,53
115000120,88,946,-858
115000121,196,183,13
115000122,291,280,11
115000123,117,1370,-1253
115000124,175,262,-87
115000125,134,350,-216
115000126,79,211,-132
115000127,72,31,41
115000128,36,269,-233
115000129,89,88,1
115000130,170,74,96
115000131,211,38,173
115000132,175,24,151
115000133,159,19,140
115000134,89,4,85
115000135,32,16,16
115000136,86,42,44
115000137,2,15,-13
115000138,214,49,165
115000139,19,5,14
115000140,284,54,230
115000141,63,7,56
115000142,25,6,19
115000143,702,247,455
115000144,257,19,238
115000145,46,19,27
115000146,186,104,82
115000147,81,25,56
115000148,117,137,-20
115000149,136,180,-44
115000150,186,74,112
115000151,445,242,203
115000152,267,108,159
115000153,536,166,370
115000154,383,117,266
115000155,146,137,9
115000156,122,344,-222
115000157,86,118,-32
115000158,88,96,-8
115000159,68,79,-11
115000160,190,225,-35
115000161,338,236,102
115000162,480,505,-25
115000163,67,25,42
115000164,34,80,-46
115000165,167,293,-126
115000167,66,8,58
115000168,219,180,39
115000169,14,2,12
115000170,0,0,0
115000171,164,163,1
115000172,35,14,21
115000173,60,100,-40
115000174,36,119,-83
115000175,3,17,-14
115000176,20,32,-12
115000177,2,19,-17
115000178,0,6,-6
115000179,3,91,-88
115000180,0,15,-15
115000181,328,41,287
115000182,473,54,419
115000183,7,14,-7
115000186,147,25,122
115000187,72,18,54
115000188,334,95,239
115000189,82,10,72
115000190,296,153,143
115000191,18,25,-7
115000194,0,0,0
115000195,38,50,-12
115000196,110,9,101
115000197,73,64,9
115000198,445,14,431
115000199,73,48,25
115000200,191,19,172
115000201,4,19,-15
115000206,336,12,324
115000207,0,0,0
115000208,28,27,1
115000209,494,75,419
115000210,79,41,38
115000211,10,18,-8
115000212,191,51,140
115000224,70,2,68
115000225,15,17,-2
115000229,77,15,62
115000230,25,278,-253
115000231,211,151,60
115000232,1272,139,1133
115000233,17,3,14
115000234,2,10,-8
115000241,8,6,2
115000242,66,6,60
115000243,15,14,1
115000244,7,5,2
115000246,3,4,-1
115000247,0,2,-2
115000248,0,3,-3
115000249,1,0,1
115000250,162,4,158
115000251,63,3,60
115000252,9,31,-22
115000253,0,91,-91
115000258,57,15,42
115000259,23,3,20
115000261,12,4,8
115000262,0,9,-9
115000263,0,6,-6
115000264,1,14,-13
115000267,5,14,-9
115000268,0,0,0
115000269,62,8,54
115000270,10,13,-3
115000272,10,15,-5
115000273,116,4,112
115000280,247,645,-398
115000281,0,0,0
115000282,178,1079,-901
115000284,6,47,-41
115000296,152,3,149
115000297,17,523,-506
115000298,0,0,0
115000300,116,17,99
115000302,197,52,145
115000303,494,22,472
115000304,341,20,321
115000305,10,15,-5
115000306,27,6,21
115000307,13,8,5
115000308,0,1,-1
115000309,0,14,-14
115000310,443,131,312
115000311,793,263,530
115000313,6,24,-18
115000314,139,82,57
115000315,9,37,-28
115000316,8,22,-14
115000317,50,32,18
115000318,508,31,477
115000319,0,10,-10
115000320,0,44,-44
115000321,112,3,109
115000322,0,9,-9
115000449,12,26,-14
115000557,0,0,0
115000558,135,16,119
115000587,264,129,135
115000588,77,73,4
115000589,1399,871,528
115000590,55,29,26
115000591,327,266,61
115000592,8,23,-15
115000593,714,339,375
115000594,3,6,-3
115000609,47,70,-23
115000617,73,478,-405
115000624,27,1,26
115000633,415,318,97
115000634,1291,353,938
115000635,325,72,253
115000638,12,64,-52
115000641,0,4,-4
115000642,222,24,198
115000643,0,0,0
115000644,25,0,25
115000646,191,326,-135
115000647,45,51,-6
115000648,825,61,764
115000893,671,435,236
115000894,0,16,-16
115000895,0,2,-2
115000896,419,214,205
115000897,109,7,102
115000898,111,53,58
115000899,2,14,-12
115000900,5,96,-91
115000901,0,0,0
115000912,135,31,104
115000913,0,1,-1
115000915,19,0,19
115000916,2,0,2
115000917,0,9,-9
115000918,6,292,-286
115000919,0,9,-9
115000920,0,0,0
115000921,0,0,0
115000922,120,378,-258
115000923,0,1,-1
115000925,27,9,18
115000927,1,2,-1
115000933,1,6,-5
115000934,20,26,-6
115000935,26,4,22
115000936,0,225,-225
115000937,43,70,-27
115000938,5,18,-13
115000939,2,29,-27
115900001,59,0,59
115900002,1,3,-2
115900003,51,7,44
115900004,0,0,0
115900005,8,1,7
115900006,0,16,-16
115900008,12,0,12
115900009,1,1,0
115900010,212,5,207
115900011,33,4,29
115900012,64,0,64
115900013,102,2,100
115900014,21,17,4
115900015,15,1,14
115900016,24,5,19
115900017,0,7,-7
115900018,31,1,30
115900019,0,0,0
115900020,85,21,64
115900021,30,4,26
115900022,79,2,77
115900023,0,0,0
115900025,1,13,-12
115900026,175,12,163
115900027,0,0,0
115900028,49,19,30
115900029,0,26,-26
115900030,0,0,0
115900031,1,16,-15
115900032,69,39,30
115900033,0,0,0
115900034,0,30,-30
115900035,0,0,0
115900036,2,228,-226
115900037,0,13,-13
115900038,0,0,0
115900039,8,1,7
115900041,32,122,-90
115900042,0,0,0
115900043,11,1,10
115900044,23,73,-50
115900046,154,17,137
115900047,2,20,-18
115900049,32,20,12
115900051,0,0,0
115900052,0,0,0
115900053,107,4,103
115900054,135,0,135
115900055,0,0,0
115900056,23,7,16
115900057,2,3,-1
115900058,0,0,0
115900060,2,29,-27
115900061,56,0,56
115900062,16,16,0
115900063,0,0,0
115900064,0,3,-3
115900065,41,4,37
115900066,5,4,1
115900067,0,9,-9
115900068,2,1,1
115900069,1,18,-17
115900070,43,5,38
115900071,0,0,0
115900072,1,11,-10
115900073,10,11,-1
115900074,0,0,0
115900075,0,5,-5
115900076,0,2,-2
115900077,0,0,0
115900078,21,4,17
115900079,149,1,148
115900080,9,2,7
115900081,0,0,0
115900082,20,20,0
115900084,113,0,113
115900085,4,0,4
115900086,208,26,182
115900088,0,0,0
115900089,305,6,299
115900090,147,0,147
115900091,0,0,0
115900092,0,0,0
115900093,0,0,0
115900094,0,0,0
115900096,0,0,0
115900097,0,0,0
115900098,0,0,0
115900099,6,1,5
115900100,0,10,-10
115900101,0,0,0
115900102,3,5,-2
115900103,3,1,2
115900104,5,3,2
115900105,65,5,60
115900106,0,0,0
115900107,33,3,30
115900108,0,0,0
115900109,0,72,-72
115900110,0,0,0
115900111,0,0,0
115900112,1,165,-164
115900113,0,0,0
115900114,0,0,0
115900115,0,0,0
115900116,9,92,-83
115900117,0,0,0
115900118,0,0,0
115900119,0,0,0
115900120,4,6,-2
115900121,39,13,26
115900124,57,243,-186
115900125,108,2,106
115900126,229,2,227
115900127,311,1,310
115900128,0,0,0
115900129,91,11,80
115900130,0,8,-8
115900131,78,2,76
115900132,251,5,246
115900134,63,1,62
115900135,80,61,19
115900137,7,0,7
115900139,0,0,0
115900140,48,0,48
115900141,0,0,0
115900142,0,0,0
115900143,0,0,0
115900144,0,0,0
115900146,28,13,15
115900147,95,111,-16
115900148,4,4,0
115900149,14,1,13
115900150,36,1,35
115900151,1,1,0
115900152,8,6,2
115900153,23,3,20
115900154,9,66,-57
115900155,0,0,0
115900156,80,115,-35
115900157,44,51,-7
115900158,0,0,0
115900159,71,5,66
115900160,0,0,0
115900161,2,40,-38
115900163,44,10,34
115900164,162,1,161
115900165,0,0,0
115900166,3,9,-6
115900168,0,0,0
115900171,0,34,-34
115900172,3,13,-10
115900173,33,26,7
115900174,11,40,-29
115900175,73,3,70
115900178,2,13,-11
115900179,34,0,34
115900180,0,3,-3
115900181,92,19,73
115900182,212,14,198
115900183,0,0,0
115900184,58,0,58
115900187,0,6,-6
115900189,0,8,-8
115900190,1,38,-37
115900191,2,55,-53
115900192,1,14,-13
115900193,13,18,-5
115900194,242,2,240
115900195,57,549,-492
115900198,38,37,1
115900199,21,17,4
115900200,21,7,14
115900201,168,100,68
115900202,0,38,-38
115900203,12,3,9
115900204,0,0,0
115900205,36,1,35
115900206,0,0,0
115900207,0,0,0
115900208,13,6,7
115900209,3,13,-10
115900210,0,16,-16
115900211,0,16,-16
115900212,0,0,0
115900213,1,53,-52
115900214,141,17,124
115900215,1,7,-6
115900216,0,0,0
115900217,0,0,0
115900218,0,0,0
115900219,16,0,16
115900220,78,0,78
115900221,62,0,62
115900222,53,2,51
115900223,2,96,-94
115900224,31,411,-380
115900225,16,14,2
115900226,0,0,0
115900227,2,2,0
115900228,0,1,-1
115900229,0,1,-1
115900230,4,29,-25
115900231,0,0,0
115900232,0,0,0
115900233,0,0,0
115900234,0,0,0
115900235,0,0,0
115900236,0,0,0
115900237,0,0,0
115900238,0,0,0
115900239,0,0,0
115900240,0,0,0
115900241,0,0,0
115900242,55,91,-36
115900243,0,0,0
115900244,1,0,1
115900245,17,0,17
115900246,0,0,0
115900247,0,1,-1
115900248,2,0,2
115900249,0,0,0
115900250,4,11,-7
115900251,0,0,0
115900252,1,0,1
115900253,3,1,2
115900254,1,6,-5
115900255,0,1,-1
115900256,1,1,0
115900257,0,0,0
115900258,0,0,0
115900259,0,0,0
115900260,0,0,0
115900261,0,0,0
115900262,0,0,0
115900263,0,0,0
115900264,0,0,0
115900265,0,0,0
115900266,0,0,0
115900267,0,0,0
115900268,0,0,0
115900269,0,0,0
115900270,36,8,28
115900271,40,0,40
115900272,3,0,3
115900273,0,1,-1
115900274,0,0,0
115900275,0,0,0
115900276,0,0,0
115900277,0,1,-1
115900278,0,0,0
115900279,0,0,0
115900280,60,2,58
115900281,0,0,0
115900282,0,1,-1
115900283,1,0,1
115900284,0,0,0
116000001,973,680,293
116000002,3006,9874,-6868
116000003,205,225,-20
116000004,1080,3741,-2661
116000005,210,764,-554
116000006,323,711,-388
116000007,489,632,-143
116000008,1320,774,546
116000009,243,748,-505
116000010,865,681,184
116000011,359,699,-340
116000012,745,375,370
116000013,908,922,-14
116000014,1818,7661,-5843
116000015,50,212,-162
116000016,533,3256,-2723
116000017,13,476,-463
116000018,70,44,26
116000019,546,104,442
116000020,328,115,213
116000021,270,151,119
116000022,124,78,46
116000023,236,254,-18
116000024,237,82,155
116000025,230,304,-74
116000026,476,269,207
116000027,359,376,-17
116000028,695,1563,-868
116000029,177,116,61
116000030,403,984,-581
116000031,0,0,0
116000032,239,24,215
116000033,562,150,412
116000034,2121,789,1332
116000035,330,76,254
116000036,52,116,-64
116000037,40,226,-186
116000038,77,308,-231
116000039,31,55,-24
116000040,240,317,-77
116000041,19,47,-28
116000042,530,328,202
116000043,69,108,-39
116000044,1,4,-3
116000045,2901,2147,754
116000046,578,415,163
116000047,814,919,-105
116000048,4159,1091,3068
116000049,2297,979,1318
116000050,755,363,392
116000051,3560,864,2696
116000052,1172,494,678
116000053,3392,461,2931
116000054,441,439,2
116000055,331,226,105
116000056,1703,1571,132
116000057,542,114,428
116000058,538,610,-72
116000059,868,5206,-4338
116000060,290,361,-71
116000061,165,829,-664
116000062,146,120,26
116000063,247,883,-636
116000066,81,923,-842
116000067,33,55,-22
116000068,43,208,-165
116000069,170,42,128
116000078,269,721,-452
116000080,443,90,353
116000082,0,19,-19
116000083,518,110,408
116000084,482,1040,-558
116000085,589,406,183
116000086,171,202,-31
116000087,922,596,326
116000088,229,261,-32
116000089,54,8,46
116000090,34,49,-15
116000091,28,90,-62
116000093,369,95,274
116000094,162,73,89
116000095,388,62,326
116000096,508,538,-30
116000097,353,93,260
116000098,17,2248,-2231
116000099,890,106,784
116000100,128,1,127
116000101,296,22,274
116000102,109,197,-88
116000103,185,71,114
116000104,114,102,12
116000105,557,16,541
116000106,256,83,173
116000107,973,9,964
116000108,2,6,-4
116000111,32,35,-3
116000113,51,13,38
116000114,1,49,-48
116000115,244,33,211
116000116,37,98,-61
116000117,829,446,383
116000118,400,118,282
116000119,1717,708,1009
116000120,396,238,158
116000121,448,182,266
116000122,54,59,-5
116000123,1160,136,1024
116000124,104,81,23
116000125,1303,76,1227
116000126,19,57,-38
116000127,197,68,129
116000128,1053,127,926
116000129,243,12,231
116000130,217,129,88
116000133,347,21,326
116000134,447,178,269
116000135,1359,303,1056
116000136,371,261,110
116000137,562,211,351
116000138,150,159,-9
116000139,1237,1963,-726
116000140,60,187,-127
116000141,101,64,37
116000142,1444,1632,-188
116000143,973,974,-1
116000144,974,795,179
116000145,2087,557,1530
116000146,244,28,216
116000147,144,138,6
116000148,100,200,-100
116000149,120,102,18
116000151,239,229,10
116000153,125,567,-442
116000155,81,334,-253
116000156,136,176,-40
116000157,54,2,52
116000158,267,34,233
116000159,0,2,-2
116000160,2,4,-2
116000161,4,42,-38
116000162,2,99,-97
116000163,10,1,9
116000164,0,0,0
116000177,11,8,3
116000194,17,62,-45
116000195,506,218,288
116000196,0,0,0
116000197,0,0,0
116000198,1267,1049,218
116000200,142,297,-155
116000201,238,56,182
116000202,1,23,-22
116000203,0,17,-17
116000204,0,3,-3
116000205,0,8,-8
116000206,0,3,-3
116000207,3,4,-1
116000233,0,0,0
116000287,25,5,20
116000288,188,96,92
116000292,0,0,0
116000296,1,27,-26
116000297,74,1,73
116000304,40,2,38
116000305,1,8,-7
116000346,0,0,0
116000352,0,0,0
116000354,0,0,0
116000357,0,0,0
116000358,17,9,8
116000361,14,0,14
116000372,1868,3425,-1557
116000381,38,24,14
116000388,0,5,-5
116000389,88,8,80
116000445,61,9,52
116000446,566,40,526
116000447,0,59,-59
116000448,237,46,191
116000563,267,1666,-1399
116000565,4,86,-82
116000566,0,3,-3
116000568,19,59,-40
116000579,1,26,-25
116000584,15,2,13
116000585,7,18,-11
116000586,3,68,-65
116000587,450,149,301
116000589,39,5,34
116000590,40,1,39
116000591,195,41,154
116000592,0,21,-21
116000593,0,0,0
116000594,254,65,189
116000595,143,12,131
116000596,83,2,81
116000597,280,106,174
116000598,1,31,-30
116000602,0,0,0
116000605,17,30,-13
116000606,46,115,-69
116000607,0,0,0
116000609,5,245,-240
116000611,15,42,-27
116000612,1260,1647,-387
116000613,439,206,233
116000614,80,25,55
116000615,0,0,0
116000616,85,7,78
116000617,89,2,87
116000618,0,1,-1
116000619,18,51,-33
116000620,163,101,62
116000621,33,77,-44
116000622,170,79,91
116000624,69,28,41
116000627,59,9,50
116000628,34,10,24
116000629,19,7,12
116000630,362,4,358
116000631,94,2,92
116000632,0,0,0
116000633,1,89,-88
116000634,251,1,250
116000635,1538,1297,241
116000636,147,466,-319
116000637,79,1,78
116000638,0,44,-44
116900001,1,0,1
116900002,41,0,41
116900003,0,0,0
116900004,72,25,47
116900005,65,0,65
116900006,19,43,-24
116900007,21,3,18
116900008,65,7,58
116900009,4,3,1
116900010,0,78,-78
116900011,0,0,0
116900012,7,21,-14
116900013,0,16,-16
116900014,0,0,0
116900015,142,6,136
116900016,62,0,62
116900017,0,96,-96
116900018,0,0,0
116900019,0,0,0
116900020,65,102,-37
116900023,0,0,0
116900024,217,5,212
116900025,261,69,192
116900026,1,87,-86
116900027,0,0,0
116900028,0,0,0
116900029,0,7,-7
116900031,0,0,0
116900032,0,10,-10
116900033,0,0,0
116900034,0,0,0
116900035,26,15,11
116900036,0,19,-19
116900038,0,0,0
116900041,1,0,1
116900042,0,0,0
116900043,1,15,-14
116900047,1,40,-39
116900049,0,0,0
116900050,14,2,12
116900051,69,0,69
116900052,27,6,21
116900055,0,1,-1
116900057,0,0,0
116900058,2,1,1
116900059,0,0,0
116900060,22,32,-10
116900062,0,7,-7
116900064,0,0,0
116900065,0,4,-4
116900067,3,0,3
116900068,63,20,43
116900070,0,0,0
116900072,0,0,0
116900073,0,4,-4
116900074,0,12,-12
116900076,1,0,1
116900077,0,2,-2
116900078,0,0,0
116900079,3,7,-4
116900080,0,1,-1
116900081,10,14,-4
116900082,35,63,-28
116900083,0,1,-1
116900084,0,0,0
116900085,19,0,19
116900086,0,9,-9
116900088,17,0,17
116900090,0,0,0
116900091,17,0,17
116900092,6,9,-3
116900093,116,100,16
116900094,629,707,-78
116900095,7,0,7
116900096,43,0,43
116900097,232,549,-317
116900098,18,18,0
116900099,12,20,-8
116900100,298,11,287
116900101,6,18,-12
116900103,10,0,10
116900104,0,32,-32
116900105,70,48,22
116900106,882,5,877
116900107,518,839,-321
116900110,14,0,14
116900111,483,70,413
116900112,151,61,90
116900113,81,609,-528
116900116,1,7,-6
116900117,11,7,4
116900118,55,21,34
116900120,111,12,99
116900121,81,1,80
116900122,241,33,208
116900123,30,34,-4
116900124,11,10,1
116900125,26,5,21
116900126,0,98,-98
116900128,0,0,0
116900129,0,1,-1
116900130,7,434,-427
116900131,0,0,0
116900132,2,0,2
116900133,0,0,0
116900134,0,0,0
116900136,0,0,0
116900137,0,0,0
116900138,0,0,0
116900139,0,0,0
116900140,0,0,0
116900141,0,0,0
116900142,0,0,0
116900143,0,0,0
116900144,0,0,0
116900145,0,0,0
116900147,0,0,0
116900148,0,0,0
116900149,0,2,-2
116900150,0,0,0
116900151,0,0,0
116900153,6,0,6
116900154,2,19,-17
116900155,0,0,0
116900157,99,0,99
116900158,6,6,0
116900159,13,10,3
116900160,107,139,-32
116900161,355,23,332
116900162,0,9,-9
116900163,24,0,24
116900164,2,0,2
116900165,251,65,186
116900166,8,2,6
116900167,57,0,57
116900168,85,3,82
116900169,7,22,-15
116900170,178,39,139
116900171,6,11,-5
116900172,2,20,-18
116900173,19,0,19
116900174,2,30,-28
116900175,5,13,-8
116900178,1,5,-4
116900179,0,23,-23
116900180,1,1,0
116900182,79,13,66
116900183,38,7,31
116900185,101,1,100
116900186,1,2,-1
116900187,1,5,-4
116900188,17,0,17
116900189,0,0,0
116900191,11,14,-3
116900192,138,9,129
116900194,5,258,-253
116900195,20,0,20
116900196,0,3,-3
116900197,18,1,17
116900198,2,22,-20
116900200,0,0,0
116900201,37,2,35
116900202,13,1,12
116900203,14,0,14
116900204,3,12,-9
116900206,0,0,0
116900207,0,0,0
116900208,0,10,-10
116900209,15,5,10
116900210,34,5,29
116900211,66,0,66
116900212,0,0,0
116900213,34,2,32
116900214,0,0,0
116900215,1,7,-6
116900216,0,1,-1
116900218,0,3,-3
116900219,253,16,237
116900220,4,9,-5
116900221,0,0,0
116900222,295,104,191
116900223,27,16,11
116900226,124,0,124
116900227,27,2,25
116900228,88,1,87
116900230,1,32,-31
116900231,0,16,-16
116900232,0,9,-9
116900233,74,7,67
116900234,20,0,20
116900235,3,0,3
116900238,102,2,100
116900239,1,76,-75
116900240,281,92,189
116900241,0,2,-2
116900242,24,218,-194
116900243,0,0,0
116900245,9,10,-1
116900246,3,0,3
116900247,204,6,198
116900248,25,1,24
116900249,93,2,91
116900250,80,1,79
116900251,17,55,-38
116900252,59,18,41
116900253,11,0,11
116900254,1,0,1
116900255,0,0,0
116900256,0,0,0
116900257,0,0,0
116900258,0,0,0
116900259,25,0,25
116900260,0,0,0
116900261,4,0,4
116900262,88,13,75
116900263,0,0,0
116900264,0,0,0
116900265,0,0,0
116900266,0,0,0
116900267,0,0,0
116900268,0,0,0
116900269,260,161,99
116900271,0,0,0
116900272,69,38,31
116900273,0,2,-2
116900274,36,0,36
116900275,0,0,0
116900276,166,160,6
116900277,29,6,23
116900278,0,0,0
116900279,0,0,0
116900280,2,0,2
116900281,608,770,-162
116900282,0,0,0
116900283,0,2,-2
116900284,0,6,-6
116900285,12,21,-9
116900286,4,2,2
116900287,0,0,0
116900288,16,3,13
116900289,4,0,4
116900290,0,0,0
116900291,0,0,0
116900292,0,0,0
116900293,0,0,0
116900294,0,0,0
116900295,0,0,0
116900296,0,0,0
116900297,0,0,0
116900298,0,0,0
116900299,0,0,0
116900300,0,0,0
116900301,0,0,0
116900302,0,0,0
116900303,18,0,18
116900304,0,0,0
116900305,2,0,2
116900306,157,19,138
117000001,3000,1635,1365
117000002,1265,837,428
117000003,3696,1613,2083
117000004,1318,1003,315
117000005,2611,768,1843
117000006,447,727,-280
117000007,3405,569,2836
117000008,329,1001,-672
117000009,2363,517,1846
117000010,623,614,9
117000011,1610,370,1240
117000012,743,249,494
117000013,1202,274,928
117000014,553,1123,-570
117000015,558,974,-416
117000016,71,120,-49
117000017,96,79,17
117000018,3,584,-581
117000019,15,3,12
117000020,318,1383,-1065
117000021,1076,105,971
117000022,75,201,-126
117000023,34,127,-93
117000024,127,314,-187
117000025,15,199,-184
117000026,1118,1293,-175
117000027,99,194,-95
117000028,247,302,-55
117000030,290,202,88
117000031,241,126,115
117000032,962,666,296
117000033,479,260,219
117000034,454,144,310
117000035,331,121,210
117000036,219,236,-17
117000037,343,93,250
117000038,315,395,-80
117000039,168,122,46
117000040,19,181,-162
117000041,752,25,727
117000044,5,127,-122
117000045,249,148,101
117000046,162,211,-49
117000047,551,317,234
117000048,365,176,189
117000049,19,168,-149
117000050,58,318,-260
117000051,1494,57,1437
117000052,16,76,-60
117000053,379,1,378
117000054,1068,5,1063
117000055,1,196,-195
117000056,357,19,338
117000057,139,166,-27
117000060,163,88,75
117000061,1657,730,927
117000062,91,54,37
117000063,1547,392,1155
117000064,588,136,452
117000066,290,123,167
117000067,66,398,-332
117000074,2,92,-90
117000076,24,34,-10
117000077,22,22,0
117000078,141,22,119
117000079,98,26,72
117000080,0,0,0
117000081,312,68,244
117000082,0,29,-29
117000083,32,1,31
117000084,71,31,40
117000085,133,103,30
117000086,146,69,77
117000087,0,231,-231
117000088,256,95,161
117000089,1481,149,1332
117000090,109,177,-68
117000091,868,52,816
117000092,105,147,-42
117000093,1478,117,1361
117000094,167,219,-52
117000095,2947,121,2826
117000096,186,204,-18
117000097,1920,221,1699
117000098,455,438,17
117000099,3276,351,2925
117000100,68,78,-10
117000101,113,66,47
117000102,1796,223,1573
117000103,101,210,-109
117000104,1454,202,1252
117000105,107,189,-82
117000106,1656,183,1473
117000107,114,135,-21
117000108,1704,696,1008
117000109,439,198,241
117000110,1715,1572,143
117000111,2361,2089,272
117000112,1559,700,859
117000113,53,46,7
117000114,183,29,154
117000115,44,18,26
117000116,71,24,47
117000117,357,142,215
117000118,80,84,-4
117000119,58,125,-67
117000120,6,145,-139
117000121,2,280,-278
117000122,11,430,-419
117000123,268,55,213
117000124,16,23,-7
117000125,13,29,-16
117000126,2,6,-4
117000127,22,30,-8
117000128,9,20,-11
117000129,215,383,-168
117000130,52,1,51
117000131,0,0,0
117000132,2170,22,2148
117000133,2058,11,2047
117000134,0,0,0
117000135,0,0,0
117000136,0,0,0
117000137,176,141,35
117000138,0,0,0
117000140,69,85,-16
117000141,1623,226,1397
117000181,5,6,-1
117000182,282,490,-208
117000195,2,64,-62
117000196,144,114,30
117000225,3,7,-4
117000226,0,12,-12
117000276,190,6,184
117000277,0,34,-34
117000310,207,1699,-1492
117000315,56,313,-257
117000320,20,0,20
117000906,282,14,268
117000907,2,44,-42
117000908,37,92,-55
117000909,29,75,-46
117000910,343,51,292
117000911,15,85,-70
117000915,16,88,-72
117000916,8,0,8
117000917,1035,31,1004
117000918,63,133,-70
117000919,0,17,-17
117000920,0,153,-153
117000921,0,52,-52
117000922,16,22,-6
117000924,110,290,-180
117000926,217,94,123
117000927,120,403,-283
117000928,0,0,0
117000929,33,27,6
117000930,14,0,14
117000931,90,79,11
117900002,27,293,-266
117900003,0,0,0
117900005,0,4,-4
117900006,0,1,-1
117900007,60,6,54
117900008,0,1,-1
117900010,96,12,84
117900011,0,53,-53
117900012,10,10,0
117900013,0,7,-7
117900014,154,24,130
117900015,3,30,-27
117900016,123,424,-301
117900017,399,66,333
117900018,57,19,38
117900019,214,51,163
117900020,9,49,-40
117900021,6,3,3
117900022,0,0,0
117900023,70,4,66
117900024,32,7,25
117900025,0,0,0
117900026,235,17,218
117900028,2,0,2
117900029,106,33,73
117900030,54,162,-108
117900031,24,20,4
117900032,207,74,133
117900033,283,28,255
117900034,0,0,0
117900035,80,4,76
117900036,216,30,186
117900037,59,3,56
117900038,0,0,0
117900039,0,0,0
117900040,0,0,0
117900041,0,0,0
117900042,218,92,126
117900043,0,0,0
117900044,4,1373,-1369
117900045,133,42,91
117900048,191,11,180
117900049,182,53,129
117900050,0,46,-46
117900051,0,1,-1
117900052,0,0,0
117900053,537,42,495
117900054,0,8,-8
117900055,70,49,21
117900056,2,0,2
117900057,133,274,-141
117900058,0,0,0
117900059,0,0,0
117900060,814,594,220
117900061,1,89,-88
117900063,125,38,87
117900065,54,134,-80
117900066,0,76,-76
117900067,392,36,356
117900069,314,17,297
117900070,57,26,31
117900071,170,44,126
117900073,270,9,261
117900074,6,30,-24
117900075,73,13,60
117900076,0,0,0
117900077,65,9,56
117900078,142,132,10
117900080,93,33,60
117900081,80,32,48
117900082,272,91,181
117900083,186,44,142
117900086,65,14,51
117900087,28,2,26
117900088,248,71,177
117900089,732,130,602
117900090,126,49,77
117900091,206,33,173
117900092,19,11,8
117900093,62,1,61
117900094,48,22,26
117900095,139,46,93
117900096,79,37,42
117900097,23,36,-13
117900098,62,0,62
117900099,121,113,8
117900100,266,2,264
117900101,260,626,-366
117900102,21,29,-8
117900103,67,0,67
117900104,4,32,-28
117900105,69,17,52
117900106,24,10,14
117900107,51,0,51
117900109,372,198,174
117900110,93,1,92
117900111,313,19,294
117900112,38,0,38
117900113,158,46,112
117900114,35,0,35
117900115,4,14,-10
117900116,283,89,194
117900117,103,67,36
117900118,72,0,72
117900119,189,3,186
117900120,273,3,270
117900121,75,1,74
117900122,68,1132,-1064
117900123,276,91,185
117900124,141,106,35
117900125,290,183,107
117900126,69,31,38
117900127,154,28,126
117900128,240,29,211
117900129,55,0,55
117900130,243,0,243
117900131,0,0,0
117900132,0,0,0
117900133,0,0,0
117900134,0,0,0
117900135,0,0,0
117900136,0,0,0
117900137,0,0,0
117900138,0,0,0
117900139,1,7,-6
117900140,771,181,590
117900141,44,59,-15
117900142,5,81,-76
117900144,4,56,-52
117900145,0,30,-30
117900146,5,49,-44
117900147,41,18,23
117900148,221,710,-489
117900149,1,1,0
117900150,9,14,-5
117900151,17,23,-6
117900152,0,0,0
117900153,2,85,-83
117900154,268,57,211
117900156,133,30,103
117900157,71,28,43
117900158,73,15,58
117900160,260,183,77
117900161,286,75,211
117900162,270,105,165
117900163,6,15,-9
117900165,0,1,-1
117900166,2,46,-44
117900168,144,1,143
117900169,0,2,-2
117900170,0,2,-2
117900171,0,0,0
117900172,0,6,-6
117900173,2,2,0
117900174,11,14,-3
117900175,0,0,0
117900176,1,6,-5
117900177,0,3,-3
117900178,15,3,12
117900180,34,0,34
117900181,3,232,-229
117900182,0,28,-28
117900183,21,139,-118
117900184,5,7,-2
117900185,46,3,43
117900186,34,3,31
117900187,41,0,41
117900188,45,1,44
117900189,38,1,37
117900190,4,0,4
117900191,37,0,37
117900192,62,0,62
117900193,72,26,46
117900194,0,0,0
117900195,6,14,-8
117900196,25,0,25
117900207,57,57,0
117900208,10,3,7
117900209,79,12,67
117900210,0,0,0
117900211,0,0,0
117900212,112,25,87
117900213,44,0,44
117900214,1,0,1
117900215,0,0,0
117900216,0,0,0
117900217,0,0,0
117900218,0,0,0
117900219,0,0,0
117900220,0,58,-58
117900222,13,20,-7
117900223,12,160,-148
118000001,295,888,-593
118000002,54,473,-419
118000003,1750,3393,-1643
118000004,578,482,96
118000005,1291,2075,-784
118000006,1364,2035,-671
118000007,2918,5088,-2170
118000008,2255,2168,87
118000009,448,1119,-671
118000010,1193,1253,-60
118000011,525,326,199
118000012,265,292,-27
118000013,295,486,-191
118000014,489,422,67
118000016,123,34,89
118000017,732,542,190
118000018,118,43,75
118000019,721,800,-79
118000020,128,1088,-960
118000021,96,955,-859
118000022,667,478,189
118000023,298,295,3
118000024,405,559,-154
118000027,3307,5110,-1803
118000029,128,856,-728
118000032,138,1296,-1158
118000033,1459,2036,-577
118000034,1551,1362,189
118000035,329,632,-303
118000036,203,363,-160
118000037,188,526,-338
118000038,150,169,-19
118000039,38,34,4
118000040,530,488,42
118000041,260,416,-156
118000045,25,208,-183
118000046,45,1041,-996
118000047,49,297,-248
118000048,556,1447,-891
118000051,976,1416,-440
118000052,532,1263,-731
118000053,261,689,-428
118000054,792,675,117
118000055,315,674,-359
118000056,30,270,-240
118000057,40,163,-123
118000058,407,418,-11
118000059,153,1068,-915
118000060,355,260,95
118000061,274,269,5
118000062,66,59,7
118000063,56,489,-433
118000064,205,853,-648
118000065,682,305,377
118000066,339,1635,-1296
118000067,199,791,-592
118000068,250,2289,-2039
118000069,419,493,-74
118000070,565,1354,-789
118000071,334,2165,-1831
118000072,410,3185,-2775
118000073,274,1263,-989
118000074,77,355,-278
118000075,148,387,-239
118000076,2684,5349,-2665
118000077,690,646,44
118000078,1184,1410,-226
118000079,29,218,-189
118000080,161,324,-163
118000081,940,886,54
118000082,153,719,-566
118000083,261,1054,-793
118000084,325,332,-7
118000086,24,61,-37
118000087,1081,1569,-488
118000088,295,1106,-811
118000089,871,853,18
118000090,188,1141,-953
118000091,168,1574,-1406
118000092,225,90,135
118000093,21,549,-528
118000096,96,327,-231
118000097,90,272,-182
118000098,116,205,-89
118000099,0,0,0
118000101,767,274,493
118000102,286,141,145
118000107,36,6,30
118000108,46,437,-391
118000110,0,0,0
118000111,0,0,0
118000112,207,0,207
118000113,0,0,0
118000114,390,5,385
118000115,2,12,-10
118000116,24,2,22
118000117,215,358,-143
118000118,367,548,-181
118000119,489,678,-189
118000120,395,295,100
118000121,16,143,-127
118000122,93,44,49
118000123,59,170,-111
118000125,4,215,-211
118000126,165,467,-302
118000127,525,507,18
118000128,2,367,-365
118000129,186,253,-67
118000130,470,939,-469
118000131,78,171,-93
118000132,1752,1434,318
118000133,489,182,307
118000135,129,309,-180
118000136,11,238,-227
118000137,96,56,40
118000138,73,86,-13
118000139,100,28,72
118000140,1084,5404,-4320
118000141,2601,1228,1373
118000142,746,926,-180
118000143,2949,1474,1475
118000144,490,143,347
118000145,610,193,417
118000146,886,108,778
118000147,693,224,469
118000148,150,693,-543
118000149,329,116,213
118000150,776,125,651
118000151,486,104,382
118000153,2089,1214,875
118000154,890,773,117
118000155,2643,1046,1597
118000156,376,1035,-659
118000157,181,136,45
118000158,113,103,10
118000159,60,83,-23
118000160,643,195,448
118000161,249,138,111
118000162,449,385,64
118000163,797,927,-130
118000164,883,942,-59
118000168,99,1,98
118000169,198,414,-216
118000170,841,1112,-271
118000171,128,225,-97
118000172,66,83,-17
118000173,423,313,110
118000175,178,257,-79
118000176,261,302,-41
118000177,289,485,-196
118000178,3,32,-29
118000179,721,616,105
118000180,641,289,352
118000181,162,34,128
118000182,95,97,-2
118000183,48,59,-11
118000184,997,266,731
118000185,168,513,-345
118000186,62,451,-389
118000187,751,141,610
118000188,141,6,135
118000189,76,12,64
118000190,0,12,-12
118000191,31,10,21
118000192,5,53,-48
118000193,0,136,-136
118000194,653,1159,-506
118000195,61,844,-783
118000196,3,54,-51
118000197,123,318,-195
118000198,279,832,-553
118000199,366,659,-293
118000200,0,0,0
118000201,75,217,-142
118000202,0,0,0
118000203,25,229,-204
118000204,3,15,-12
118000205,14,44,-30
118000206,281,75,206
118000207,1,42,-41
118000208,628,717,-89
118000209,1151,334,817
118000210,65,11,54
118000211,70,23,47
118000213,154,980,-826
118000214,106,33,73
118000215,66,9,57
118000216,366,9,357
118000217,0,21,-21
118000218,18,8,10
118000219,178,62,116
118000220,52,34,18
118000221,36,325,-289
118000222,23,1,22
118000223,61,14,47
118000224,59,26,33
118000225,0,0,0
118000226,161,27,134
118000227,27,186,-159
118000228,0,30,-30
118000229,0,0,0
118000230,0,0,0
118000231,0,0,0
118000232,0,0,0
118000233,478,104,374
118000234,0,0,0
118000236,36,3,33
118000237,0,0,0
118000238,248,1,247
118000239,261,131,130
118000240,54,4,50
118000241,44,1,43
118000242,0,0,0
118000243,0,0,0
118000244,2,21,-19
118000246,0,0,0
118000255,12,226,-214
118000256,114,154,-40
118000259,0,4,-4
118000260,42,2,40
118000261,0,3,-3
118000263,1,13,-12
118000266,8,14,-6
118000267,0,0,0
118000268,85,13,72
118000270,0,0,0
118000271,74,41,33
118000272,35,1,34
118000273,5,0,5
118000274,0,0,0
118000276,65,21,44
118000295,1,3,-2
118000298,4,6,-2
118000299,0,0,0
118000301,0,0,0
118000302,35,3,32
118000311,172,26,146
118000312,10,0,10
118000313,15,7,8
118000314,3,1,2
118000315,20,0,20
118000316,35,7,28
118000325,131,1,130
118000326,21,1,20
118000331,211,21,190
118000332,128,1,127
118000333,141,5,136
118000335,137,0,137
118000336,0,0,0
118000407,134,7,127
118000457,0,0,0
118000465,215,415,-200
118000480,0,5,-5
118000489,0,219,-219
118000490,2,21,-19
118000492,452,57,395
118000510,0,0,0
118000514,30,22,8
118000515,49,124,-75
118000517,132,125,7
118000524,17,47,-30
118000525,23,86,-63
118000530,16,75,-59
118000531,204,88,116
118000532,0,0,0
118000533,0,0,0
118000534,0,0,0
118000535,142,16,126
118000536,14,8,6
118000537,0,10,-10
118000538,0,14,-14
118000539,1,102,-101
118000540,12,17,-5
118000541,4,6,-2
118000542,39,119,-80
118000543,60,86,-26
118000546,38,1,37
118000560,0,3,-3
118000562,0,0,0
118000563,797,724,73
118000576,95,13,82
118000577,39,44,-5
118000578,29,8,21
118000579,129,371,-242
118000595,136,80,56
118000596,0,0,0
118000597,22,24,-2
118000598,16,0,16
118000599,271,3,268
118000600,0,1,-1
118000601,1,0,1
118000602,0,0,0
118000603,0,5,-5
118900001,0,0,0
118900002,53,2,51
118900003,54,0,54
118900004,5,0,5
118900005,0,0,0
118900006,0,0,0
118900007,0,0,0
118900008,157,1,156
118900009,0,0,0
118900010,0,0,0
118900011,0,0,0
118900012,113,55,58
118900013,0,0,0
118900015,0,0,0
118900016,0,0,0
118900017,0,0,0
118900018,0,0,0
118900019,0,0,0
118900020,0,0,0
118900021,18,32,-14
118900022,18,1,17
118900023,0,0,0
118900024,0,0,0
118900025,0,0,0
118900026,11,1,10
118900027,0,0,0
118900028,74,16,58
118900029,0,0,0
118900030,0,0,0
118900031,6,1,5
118900032,0,0,0
118900033,0,0,0
118900034,0,0,0
118900035,33,1,32
118900036,139,24,115
118900037,0,0,0
118900038,82,2,80
118900039,0,0,0
118900040,45,19,26
118900041,0,0,0
118900042,4,3,1
118900045,3,22,-19
118900046,2,1,1
118900047,5,25,-20
118900048,0,0,0
118900049,0,0,0
118900050,0,0,0
118900051,0,0,0
118900052,0,0,0
118900053,0,0,0
118900054,12,3,9
118900055,0,0,0
118900056,0,0,0
118900057,92,70,22
118900058,0,0,0
118900059,0,0,0
118900060,23,2,21
118900062,0,0,0
118900064,0,0,0
118900065,0,0,0
118900066,0,0,0
118900067,61,130,-69
118900068,0,0,0
118900069,5,0,5
118900071,0,0,0
118900072,0,0,0
118900073,0,0,0
118900074,0,0,0
118900075,0,0,0
118900076,0,0,0
118900077,0,0,0
118900078,0,0,0
118900079,0,0,0
118900080,0,0,0
118900081,0,0,0
118900082,0,0,0
118900083,0,0,0
118900084,0,0,0
118900085,0,0,0
118900086,0,0,0
118900087,0,0,0
118900088,0,0,0
118900089,0,0,0
118900090,0,0,0
118900091,0,0,0
118900092,0,0,0
118900093,0,0,0
118900096,0,0,0
118900097,15,46,-31
118900099,26,7,19
118900100,0,0,0
118900101,0,0,0
118900102,0,0,0
118900103,0,0,0
118900104,7,0,7
118900105,0,0,0
118900107,0,0,0
118900108,0,0,0
118900110,57,0,57
118900111,0,0,0
118900112,0,0,0
118900113,0,0,0
118900114,2,0,2
118900115,3,46,-43
118900116,2,12,-10
118900117,0,18,-18
118900118,11,3,8
118900119,33,2,31
118900120,1,13,-12
118900121,0,0,0
118900122,0,0,0
118900123,36,6,30
118900124,0,0,0
118900126,0,0,0
118900129,0,0,0
118900130,0,0,0
118900131,65,15,50
118900132,0,0,0
118900133,0,0,0
118900135,0,0,0
118900136,55,33,22
118900137,0,0,0
118900139,0,0,0
118900140,91,36,55
118900141,0,0,0
118900144,30,14,16
118900145,0,0,0
118900146,36,33,3
118900147,0,0,0
118900148,0,0,0
118900150,1,0,1
118900152,0,0,0
118900157,0,0,0
118900158,0,0,0
118900159,0,0,0
118900161,0,0,0
118900163,0,0,0
118900164,0,0,0
118900165,0,0,0
118900166,0,0,0
118900167,0,0,0
118900168,0,0,0
118900169,0,0,0
118900170,0,0,0
118900171,0,0,0
118900174,0,0,0
118900175,89,25,64
118900176,8,10,-2
118900177,0,0,0
118900178,0,0,0
118900179,0,0,0
118900181,76,8,68
118900182,0,0,0
118900183,0,0,0
118900184,0,0,0
118900185,19,5,14
118900186,4,14,-10
118900187,8,6,2
118900188,53,7,46
118900189,0,0,0
118900190,0,0,0
118900191,0,0,0
118900192,0,0,0
118900193,0,0,0
118900195,52,0,52
118900196,0,0,0
118900197,0,0,0
118900198,0,0,0
118900199,0,0,0
118900200,0,0,0
118900201,0,0,0
118900202,0,0,0
118900203,0,0,0
118900204,0,0,0
118900205,0,0,0
118900206,0,0,0
119000001,1043,805,238
119000002,1722,893,829
119000003,995,346,649
119000004,683,1099,-416
119000005,873,1287,-414
119000006,961,582,379
119000007,1795,1841,-46
119000008,547,471,76
119000009,991,2121,-1130
119000010,962,1310,-348
119000011,1130,1099,31
119000012,529,1084,-555
119000013,3115,1662,1453
119000014,760,1560,-800
119000019,64,112,-48
119000020,790,910,-120
119000021,1515,1657,-142
119000022,64,552,-488
119000023,24,143,-119
119000024,496,7581,-7085
119000025,1145,453,692
119000026,12,122,-110
119000027,29,211,-182
119000028,1220,277,943
119000029,48,78,-30
119000030,317,660,-343
119000031,327,463,-136
119000032,197,605,-408
119000033,1012,639,373
119000034,480,251,229
119000035,1,123,-122
119000036,1133,179,954
119000037,638,394,244
119000038,30,172,-142
119000039,435,201,234
119000040,193,527,-334
119000041,233,788,-555
119000048,1657,553,1104
119000049,615,291,324
119000050,435,510,-75
119000051,268,205,63
119000052,368,415,-47
119000053,595,311,284
119000054,1403,620,783
119000055,2822,545,2277
119000056,1868,665,1203
119000057,751,455,296
119000058,583,409,174
119000059,805,416,389
119000060,542,115,427
119000061,241,331,-90
119000062,284,202,82
119000063,353,190,163
119000064,141,146,-5
119000065,212,415,-203
119000066,653,640,13
119000067,650,542,108
119000068,661,251,410
119000069,508,354,154
119000070,684,221,463
119000071,17,163,-146
119000072,690,425,265
119000073,1231,2258,-1027
119000074,1199,417,782
119000075,1493,859,634
119000076,63,263,-200
119000077,191,145,46
119000078,62,45,17
119000079,17,129,-112
119000080,220,24,196
119000081,138,120,18
119000082,150,7,143
119000083,162,55,107
119000084,96,73,23
119000085,134,46,88
119000086,70,22,48
119000087,388,163,225
119000088,136,3,133
119000089,23,19,4
119000090,62,67,-5
119000091,38,72,-34
119000092,54,122,-68
119000093,1079,666,413
119000094,1668,1167,501
119000095,668,540,128
119000097,536,438,98
119000098,537,2404,-1867
119000099,1078,378,700
119000100,1981,838,1143
119000101,1073,850,223
119000102,46,247,-201
119000103,462,274,188
119000104,138,28,110
119000105,166,659,-493
119000106,90,80,10
119000107,552,286,266
119000108,146,111,35
119000109,32,31,1
119000110,0,0,0
119000111,1,54,-53
119000112,0,0,0
119000113,153,7,146
119000114,91,162,-71
119000115,29,122,-93
119000116,9,77,-68
119000117,13,40,-27
119000118,7,0,7
119000123,274,562,-288
119000124,265,115,150
119000125,1974,233,1741
119000126,485,172,313
119000127,141,29,112
119000128,3,2,1
119000131,338,68,270
119000132,0,1,-1
119000133,4,1,3
119000134,254,430,-176
119000135,67,11,56
119000136,0,0,0
119000137,20,11,9
119000138,0,0,0
119000139,12,11,1
119000140,0,0,0
119000284,211,627,-416
119000285,325,269,56
119000286,1050,874,176
119000287,553,454,99
119000288,415,174,241
119000289,300,688,-388
119000290,228,238,-10
119000291,4,67,-63
119000293,103,194,-91
119000294,99,50,49
119000295,241,90,151
119000296,64,28,36
119000302,1018,848,170
119000303,3,35,-32
119000314,230,2458,-2228
119000315,0,3,-3
119000316,0,0,0
119000317,25,9,16
119900001,52,264,-212
119900002,26,37,-11
119900003,0,13,-13
119900004,0,0,0
119900005,0,0,0
119900006,20,53,-33
119900007,3,1,2
119900008,0,0,0
119900009,50,58,-8
119900010,166,207,-41
119900011,2,0,2
119900012,0,0,0
119900013,221,143,78
119900014,126,76,50
119900015,0,0,0
119900016,0,0,0
119900017,14,9,5
119900018,191,223,-32
119900019,0,0,0
119900020,3,0,3
119900021,2,0,2
119900022,10,189,-179
119900023,70,825,-755
119900025,0,0,0
119900026,0,0,0
119900027,0,4,-4
119900028,45,38,7
119900029,0,0,0
119900030,0,0,0
119900031,19,272,-253
119900033,347,142,205
119900034,0,0,0
119900037,113,2,111
119900038,79,38,41
119900039,0,0,0
119900040,118,1,117
119900041,0,0,0
119900042,0,0,0
119900043,51,20,31
119900044,21,127,-106
119900046,0,0,0
119900047,2,0,2
119900048,0,0,0
119900049,39,0,39
119900050,91,13,78
119900051,398,1,397
119900052,0,0,0
119900053,0,0,0
119900054,153,6,147
119900055,339,32,307
119900057,1,0,1
119900058,0,0,0
119900059,6,0,6
119900060,106,5,101
119900062,0,0,0
119900063,0,0,0
119900064,305,26,279
119900065,87,0,87
119900066,0,0,0
119900067,2,0,2
119900068,5,0,5
119900069,37,5,32
119900070,273,1,272
119900071,258,6,252
119900073,77,1,76
119900074,0,0,0
119900075,262,368,-106
119900076,0,0,0
119900077,193,22,171
119900078,170,10,160
119900079,34,1,33
119900080,268,29,239
119900081,46,17,29
119900082,1073,273,800
119900083,71,33,38
119900084,0,0,0
119900085,0,0,0
119900087,0,0,0
119900088,0,0,0
119900089,0,0,0
119900090,0,0,0
119900091,0,0,0
119900092,0,0,0
119900093,0,0,0
119900094,0,0,0
119900095,0,0,0
119900096,0,0,0
119900097,0,0,0
119900098,0,0,0
119900099,0,0,0
119900100,14,105,-91
119900101,9,70,-61
119900102,0,0,0
119900103,0,0,0
119900104,0,0,0
119900105,31,38,-7
119900106,0,0,0
119900107,0,0,0
119900108,366,143,223
119900109,0,0,0
119900110,33,47,-14
119900111,34,4,30
119900112,0,0,0
119900113,2,4,-2
119900114,41,42,-1
119900115,52,4,48
119900116,0,0,0
119900117,16,25,-9
119900118,21,14,7
119900119,1,0,1
119900120,7,24,-17
119900121,0,0,0
119900122,1,1,0
119900123,0,11,-11
119900124,0,10,-10
119900125,0,0,0
119900126,231,41,190
119900127,39,0,39
119900128,4,2,2
119900129,8,7,1
119900130,0,0,0
119900131,0,2,-2
119900132,0,0,0
119900133,0,0,0
119900134,50,2,48
119900135,0,0,0
119900136,0,0,0
119900138,0,0,0
119900139,0,0,0
119900140,0,0,0
119900141,0,0,0
119900142,9,3,6
119900143,0,58,-58
119900144,0,0,0
119900145,0,0,0
119900146,0,0,0
119900147,0,0,0
119900148,59,13,46
119900149,20,709,-689
119900150,0,0,0
119900151,262,179,83
119900152,0,0,0
119900153,50,2,48
119900154,6,1,5
119900155,0,0,0
119900156,18,11,7
119900157,0,0,0
119900158,22,17,5
119900159,0,23,-23
119900160,0,0,0
119900161,54,1,53
119900162,137,99,38
119900163,0,0,0
119900164,0,2,-2
119900165,0,0,0
119900166,41,24,17
119900167,0,0,0
119900168,165,46,119
119900169,0,0,0
119900170,0,0,0
119900171,14,2,12
119900172,12,12,0
119900173,0,7,-7
119900174,0,0,0
119900175,299,8,291
119900177,4,7,-3
119900178,0,0,0
119900179,56,264,-208
119900180,168,29,139
119900181,2,23,-21
119900182,5,39,-34
119900183,8,71,-63
119900184,30,59,-29
119900185,5,71,-66
119900186,0,0,0
119900187,2,20,-18
119900188,32,67,-35
119900189,0,0,0
119900190,0,0,0
119900191,2,0,2
119900192,0,27,-27
119900193,89,8,81
119900194,12,11,1
119900195,3,4,-1
119900196,0,0,0
119900197,4,0,4
119900198,15,5,10
119900199,86,0,86
119900200,0,0,0
119900201,31,16,15
119900202,11,32,-21
119900203,1,0,1
119900204,11,4,7
119900205,301,16,285
119900206,0,0,0
119900208,0,0,0
119900209,166,216,-50
119900210,0,0,0
119900211,0,0,0
119900212,487,10,477
119900213,0,0,0
119900214,0,0,0
119900215,0,0,0
119900216,0,0,0
119900217,0,0,0
119900218,0,0,0
119900219,0,0,0
119900220,0,0,0
119900221,0,0,0
119900222,0,0,0
119900223,0,0,0
119900224,0,0,0
119900225,0,0,0
119900226,23,219,-196
119900227,39,30,9
119900228,0,8,-8
119900229,0,0,0
119900230,25,0,25
119900231,87,5,82
119900232,0,0,0
119900233,10,1,9
119900234,0,0,0
119900235,0,0,0
119900236,0,1,-1
119900237,1,6,-5
119900238,0,0,0
119900240,0,0,0
119900241,0,0,0
119900242,89,2,87
119900244,74,146,-72
119900245,0,0,0
119900246,0,0,0
119900247,4,28,-24
119900248,2,0,2
119900249,6,0,6
119900253,126,186,-60
119900254,15,286,-271
119900255,3,12,-9
119900256,166,18,148
119900257,0,0,0
119900258,0,0,0
119900259,0,0,0
119900260,5,0,5
119900261,156,29,127
119900262,0,7,-7
119900263,304,33,271
119900264,0,0,0
119900265,5,0,5
119900266,0,0,0
119900267,1,0,1
119900268,2,0,2
119900269,44,9,35
119900271,2,0,2
119900272,1,15,-14
119900275,45,0,45
119900276,21,0,21
119900277,2,0,2
119900278,0,0,0
119900279,0,0,0
119900280,75,16,59
119900281,0,0,0
119900282,1,0,1
119900283,0,14,-14
119900284,175,83,92
119900285,1,0,1
119900286,1,0,1
119900288,1,4,-3
119900289,0,0,0
119900290,3,0,3
119900291,0,0,0
119900292,1,5,-4
119900293,3,0,3
119900294,0,0,0
119900295,28,0,28
119900296,32,0,32
119900299,1,0,1
119900300,1,0,1
119900301,0,0,0
119900302,0,0,0
119900303,0,0,0
119900304,0,0,0
119900305,0,0,0
119900306,0,0,0
119900307,0,0,0
119900308,0,0,0
119900309,1,20,-19
119900310,31,7,24
119900311,0,0,0
119900312,64,7,57
119900313,15,3,12
119900314,0,0,0
119900315,665,184,481
119900318,0,0,0
119900319,23,24,-1
119900320,52,64,-12
119900321,12,4,8
119900322,3,16,-13
119900323,0,19,-19
119900324,0,6,-6
119900325,24,23,1
119900326,7,27,-20
120000001,4728,12526,-7798
120000002,1255,661,594
120000003,667,509,158
120000004,970,992,-22
120000005,1038,629,409
120000006,398,292,106
120000007,912,620,292
120000008,309,386,-77
120000009,635,234,401
120000010,564,436,128
120000011,210,239,-29
120000012,367,450,-83
120000013,993,508,485
120000014,269,467,-198
120000015,1330,714,616
120000016,3262,1947,1315
120000017,1973,1567,406
120000018,2084,5541,-3457
120000019,486,760,-274
120000020,1916,1840,76
120000021,965,1925,-960
120000022,3403,3778,-375
120000023,803,793,10
120000024,740,896,-156
120000025,1961,668,1293
120000026,1525,1635,-110
120000027,2098,2080,18
120000028,479,222,257
120000029,210,701,-491
120000030,45,267,-222
120000031,653,1346,-693
120000032,1796,1411,385
120000033,1274,294,980
120000034,1625,270,1355
120000035,1167,276,891
120000036,1660,2220,-560
120000037,443,1709,-1266
120000038,1089,2469,-1380
120000039,41,218,-177
120000040,4,194,-190
120000041,115,193,-78
120000042,584,398,186
120000043,1935,660,1275
120000044,3691,647,3044
120000045,3511,269,3242
120000046,2039,1515,524
120000047,227,2829,-2602
120000048,2897,2226,671
120000049,1868,573,1295
120000050,1161,1152,9
120000051,932,1709,-777
120000052,1150,857,293
120000053,531,653,-122
120000054,366,617,-251
120000055,1026,708,318
120000056,1987,960,1027
120000057,980,199,781
120000058,237,320,-83
120000059,216,1236,-1020
120000061,22,171,-149
120000062,100,93,7
120000063,271,366,-95
120000064,146,258,-112
120000065,234,208,26
120000066,92,68,24
120000067,23,118,-95
120000068,101,176,-75
120000069,278,171,107
120000070,34,177,-143
120000071,304,50,254
120000072,657,155,502
120000073,508,46,462
120000074,148,31,117
120000075,842,106,736
120000076,1414,145,1269
120000077,1058,152,906
120000078,645,178,467
120000079,260,73,187
120000080,74,53,21
120000081,192,63,129
120000082,139,226,-87
120000083,6,784,-778
120000084,56,95,-39
120000085,36,59,-23
120000086,43,54,-11
120000087,65,57,8
120000088,413,364,49
120000089,1025,148,877
120000090,352,191,161
120000091,688,261,427
120000092,763,132,631
120000093,331,193,138
120000094,209,419,-210
120000095,383,90,293
120000096,135,157,-22
120000098,465,128,337
120000099,84,139,-55
120000100,300,173,127
120000101,292,127,165
120000102,312,923,-611
120000103,941,498,443
120000104,2041,155,1886
120000105,2307,103,2204
120000106,2331,86,2245
120000107,3496,190,3306
120000108,1315,88,1227
120000109,713,42,671
120000110,0,174,-174
120000111,3,142,-139
120000112,52,363,-311
120000113,45,278,-233
120000114,72,220,-148
120000115,79,204,-125
120000116,88,325,-237
120000117,369,230,139
120000118,4,22,-18
120000119,4,55,-51
120000120,26,35,-9
120000121,16,23,-7
120000122,78,312,-234
120000123,637,4237,-3600
120000124,270,181,89
120000125,194,112,82
120000126,112,270,-158
120000127,167,253,-86
120000128,462,1011,-549
120000129,119,97,22
120000130,529,251,278
120000131,171,246,-75
120000134,57,22,35
120000135,105,243,-138
120000137,55,24,31
120000138,276,93,183
120000139,133,34,99
120000140,247,13,234
120000141,324,61,263
120000142,494,118,376
120000143,0,0,0
120000144,49,1,48
120000145,41,0,41
120000146,363,702,-339
120000149,131,219,-88
120000150,188,3399,-3211
120000151,402,76,326
120000152,684,76,608
120000153,104,111,-7
120000154,95,104,-9
120000155,96,91,5
120000156,96,290,-194
120000157,467,148,319
120000158,138,59,79
120000159,589,816,-227
120000160,1215,748,467
120000161,883,794,89
120000162,70,190,-120
120000163,330,124,206
120000164,188,51,137
120000165,339,31,308
120000166,1010,40,970
120000167,0,0,0
120000168,0,0,0
120000169,0,0,0
120000170,0,0,0
120000171,0,0,0
120000172,0,0,0
120000173,36,0,36
120000174,6,0,6
120000175,1,0,1
120000176,0,2,-2
120000177,85,0,85
120000178,7,0,7
120000179,4,1,3
120000180,19,0,19
120000181,4,128,-124
120000182,5,123,-118
120000183,7,139,-132
120000184,16,266,-250
120000186,13,67,-54
120000187,14,24,-10
120000188,9,27,-18
120000190,40,140,-100
120000191,56,68,-12
120000192,36,3,33
120000193,61,2,59
120000195,4,0,4
120000196,10,4,6
120000197,4,8,-4
120000198,44,0,44
120000199,0,0,0
120000200,0,0,0
120000201,0,0,0
120000202,0,0,0
120000203,0,0,0
120000207,0,0,0
120000208,0,0,0
120000209,0,0,0
120000210,0,0,0
120000211,0,0,0
120000212,0,0,0
120000213,0,0,0
120000214,0,0,0
120000215,0,0,0
120000216,0,0,0
120000217,0,0,0
120000218,0,0,0
120000219,0,0,0
120000220,5,0,5
120000225,1025,2,1023
120000226,139,1,138
120000227,232,23,209
120000228,0,0,0
120000230,60,6,54
120000231,217,23,194
120000233,355,6,349
120000235,7,71,-64
120000236,908,4,904
120000237,0,45,-45
120000238,0,0,0
120000241,957,1842,-885
120000412,61,1,60
120000413,120,17,103
120000414,94,0,94
120000415,0,6,-6
120000416,7,0,7
120000417,0,3,-3
120000418,96,2,94
120000419,0,2,-2
120000420,11,2,9
120000421,1888,1320,568
120000422,10,283,-273
120000423,0,0,0
120000424,0,0,0
120000436,59,706,-647
120000437,11,26,-15
120000438,141,123,18
120000439,191,311,-120
120000443,140,0,140
120000444,942,128,814
120000445,806,592,214
120000446,249,56,193
120000447,174,1,173
120000449,75,0,75
120000450,0,10,-10
120000451,54,56,-2
120000452,241,3,238
120000453,0,0,0
120000454,19,23,-4
120000455,21,21,0
120000456,67,645,-578
120000457,207,144,63
120000458,200,73,127
120000459,85,27,58
120000665,20,90,-70
120000668,14,285,-271
120000669,100,56,44
120000670,9,189,-180
120000671,501,175,326
120000672,8,85,-77
120900001,61,5,56
120900002,9,28,-19
120900003,0,0,0
120900004,5,75,-70
120900005,71,70,1
120900006,262,39,223
120900007,38,6,32
120900008,164,143,21
120900009,0,0,0
120900010,246,28,218
120900011,0,0,0
120900012,12,369,-357
120900013,105,25,80
120900014,0,42,-42
120900015,534,12,522
120900016,690,8,682
120900017,181,3,178
120900018,74,33,41
120900019,121,128,-7
120900020,37,170,-133
120900021,361,6,355
120900022,0,18,-18
120900023,350,8,342
120900024,381,43,338
120900025,203,50,153
120900026,15,26,-11
120900027,0,0,0
120900028,344,67,277
120900029,0,0,0
120900030,622,101,521
120900031,261,16,245
120900032,764,25,739
120900033,455,31,424
120900034,8,860,-852
120900035,107,24,83
120900037,172,1,171
120900038,0,0,0
120900039,0,0,0
120900040,137,0,137
120900041,5,1,4
120900042,255,25,230
120900043,23,4,19
120900044,8,165,-157
120900045,2,6,-4
120900046,288,3,285
120900047,0,0,0
120900048,0,0,0
120900049,355,1,354
120900050,236,527,-291
120900051,137,33,104
120900052,229,0,229
120900053,174,6,168
120900054,251,25,226
120900055,299,2,297
120900056,0,0,0
120900057,0,0,0
120900058,536,1,535
120900059,74,1,73
120900060,25,10,15
120900061,54,12,42
120900062,161,8,153
120900063,0,0,0
120900064,348,0,348
120900065,409,0,409
120900066,337,45,292
120900067,60,15,45
120900068,174,1,173
120900069,0,0,0
120900071,26,7,19
120900072,0,0,0
120900073,0,0,0
120900074,221,3,218
120900076,172,0,172
120900077,489,118,371
120900078,729,96,633
120900079,120,7,113
120900080,161,3,158
120900081,510,70,440
120900082,189,47,142
120900083,200,2,198
120900084,127,174,-47
120900085,0,0,0
120900086,6,232,-226
120900087,289,79,210
120900088,16,174,-158
120900089,310,1257,-947
120900090,40,2,38
120900091,107,253,-146
120900092,7,24,-17
120900093,0,0,0
120900094,41,32,9
120900095,0,0,0
120900096,0,5,-5
120900097,59,36,23
120900098,0,0,0
120900099,0,0,0
120900100,0,0,0
120900101,0,0,0
120900102,0,0,0
120900103,68,32,36
120900104,3,0,3
120900105,0,0,0
120900106,119,28,91
120900107,44,9,35
120900108,0,0,0
120900109,12,28,-16
120900110,0,0,0
120900111,9,5,4
120900112,0,0,0
120900113,6,61,-55
120900114,0,12,-12
120900115,47,75,-28
120900116,96,14,82
120900117,0,0,0
120900118,4,51,-47
120900119,770,371,399
120900120,5,23,-18
120900121,1,21,-20
120900122,74,13,61
120900123,0,0,0
120900124,0,38,-38
120900125,0,33,-33
120900126,51,13,38
120900127,0,0,0
120900128,12,12,0
120900129,47,25,22
120900130,7,44,-37
120900131,0,0,0
120900132,759,25,734
120900133,2,50,-48
120900134,16,8,8
120900135,17,40,-23
120900136,14,5,9
120900137,154,6,148
120900138,0,10,-10
120900139,0,29,-29
120900140,0,0,0
120900141,98,23,75
120900142,0,16,-16
120900143,0,28,-28
120900144,0,24,-24
120900145,19,28,-9
120900146,0,29,-29
120900147,0,0,0
120900148,19,13,6
120900149,0,50,-50
120900150,0,16,-16
120900151,0,12,-12
120900152,0,0,0
120900153,0,0,0
120900154,0,6,-6
120900155,0,9,-9
120900156,52,15,37
120900157,0,0,0
120900158,0,3,-3
120900159,0,0,0
120900160,1,12,-11
120900161,0,0,0
120900162,0,0,0
120900163,0,0,0
120900164,0,0,0
120900165,0,0,0
120900166,0,0,0
120900167,0,0,0
120900169,0,0,0
120900170,34,1226,-1192
120900171,79,5,74
120900172,0,0,0
120900173,0,0,0
120900174,0,0,0
120900175,35,2,33
120900176,0,239,-239
120900177,0,714,-714
120900178,1,193,-192
120900179,29,18,11
120900180,1,0,1
120900181,0,0,0
120900182,0,0,0
120900183,0,0,0
120900184,0,0,0
120900185,0,0,0
120900186,7,34,-27
120900187,165,131,34
120900188,2,0,2
120900189,0,0,0
120900190,72,5,67
120900191,2,1,1
120900192,771,2127,-1356
120900194,5,7,-2
120900195,36,35,1
120900196,0,0,0
120900197,427,49,378
120900198,5,40,-35
120900199,71,108,-37
120900200,1,0,1
120900201,56,17,39
120900202,0,14,-14
120900203,3,27,-24
120900204,13,27,-14
120900205,7,1,6
120900206,0,1,-1
120900207,2,45,-43
121000001,143,358,-215
121000002,444,1074,-630
121000003,340,1026,-686
121000004,375,1233,-858
121000005,1367,2702,-1335
121000006,866,1455,-589
121000007,319,1477,-1158
121000008,800,1553,-753
121000009,842,2799,-1957
121000010,951,1513,-562
121000011,1878,3494,-1616
121000012,2904,1692,1212
121000013,1958,3446,-1488
121000014,2327,1542,785
121000015,2541,4282,-1741
121000016,846,716,130
121000017,584,1930,-1346
121000018,812,1157,-345
121000019,2270,3240,-970
121000020,3680,7469,-3789
121000021,282,473,-191
121000022,391,2417,-2026
121000023,750,295,455
121000024,1965,2242,-277
121000025,58,315,-257
121000026,83,128,-45
121000027,169,677,-508
121000028,122,191,-69
121000029,96,203,-107
121000030,0,0,0
121000031,73,213,-140
121000032,1,1,0
121000034,18,52,-34
121000035,2,10,-8
121000036,173,255,-82
121000037,129,385,-256
121000038,591,513,78
121000039,97,26,71
121000041,74,96,-22
121000042,13,247,-234
121000043,355,418,-63
121000044,66,312,-246
121000045,109,191,-82
121000046,0,0,0
121000047,1,12,-11
121000049,569,285,284
121000050,111,1485,-1374
121000051,145,128,17
121000052,89,964,-875
121000053,35,86,-51
121000054,0,29,-29
121000055,331,587,-256
121000056,728,575,153
121000057,1,4,-3
121000058,22,69,-47
121000059,203,937,-734
121000060,445,653,-208
121000061,9,430,-421
121000062,268,213,55
121000063,138,675,-537
121000064,156,522,-366
121000065,99,187,-88
121000066,25,45,-20
121000067,81,36,45
121000068,155,550,-395
121000069,21,851,-830
121000070,287,187,100
121000071,381,984,-603
121000072,139,79,60
121000073,92,509,-417
121000074,2,47,-45
121000075,1,33,-32
121000076,37,63,-26
121000077,25,76,-51
121000078,2,27,-25
121000080,197,152,45
121000081,386,1391,-1005
121000082,1,23,-22
121000083,29,128,-99
121000084,1,2,-1
121000085,15,21,-6
121000086,57,312,-255
121000087,4,261,-257
121000088,168,151,17
121000089,8,336,-328
121000090,50,137,-87
121000091,431,699,-268
121000092,19,49,-30
121000093,52,93,-41
121000094,58,88,-30
121000095,24,165,-141
121000096,511,272,239
121000097,224,532,-308
121000098,139,127,12
121000099,176,143,33
121000100,320,205,115
121000101,74,94,-20
121000102,12,5,7
121000103,63,57,6
121000104,22,8,14
121000105,12,5,7
121000106,61,107,-46
121000107,806,1657,-851
121000109,651,958,-307
121000110,12,548,-536
121000114,824,1275,-451
121000115,144,114,30
121000116,94,99,-5
121000117,234,40,194
121000118,161,20,141
121000119,28,48,-20
121000120,47,359,-312
121000121,36,80,-44
121000123,65,46,19
121000126,24,127,-103
121000127,16,36,-20
121000128,235,58,177
121000129,199,109,90
121000130,53,195,-142
121000131,53,254,-201
121000132,79,346,-267
121000135,251,744,-493
121000136,328,503,-175
121000137,36,95,-59
121000138,121,1222,-1101
121000139,0,0,0
121000141,49,17,32
121000142,6,36,-30
121000143,9,22,-13
121000144,539,821,-282
121000145,126,188,-62
121000146,253,47,206
121000147,210,52,158
121000148,128,187,-59
121000149,481,537,-56
121000152,92,83,9
121000153,237,138,99
121000154,219,140,79
121000155,314,329,-15
121000156,133,173,-40
121000157,279,262,17
121000158,514,279,235
121000159,193,130,63
121000160,354,103,251
121000161,169,210,-41
121000162,100,73,27
121000165,772,2143,-1371
121000166,22,334,-312
121000168,67,99,-32
121000169,2,52,-50
121000170,59,5,54
121000171,45,75,-30
121000172,204,337,-133
121000173,745,734,11
121000174,280,574,-294
121000175,448,209,239
121000176,213,176,37
121000177,173,123,50
121000178,71,61,10
121000179,5,33,-28
121000181,151,75,76
121000182,218,302,-84
121000183,12,146,-134
121000184,12,327,-315
121000185,12,638,-626
121000186,173,869,-696
121000187,117,135,-18
121000188,78,43,35
121000192,191,87,104
121000193,59,71,-12
121000194,595,965,-370
121000195,212,464,-252
121000196,88,78,10
121000197,34,98,-64
121000198,23,151,-128
121000199,27,138,-111
121000200,310,122,188
121000201,4,112,-108
121000202,74,1,73
121000203,57,96,-39
121000204,629,30,599
121000205,128,119,9
121000206,173,142,31
121000207,560,274,286
121000208,2,133,-131
121000209,362,35,327
121000210,481,122,359
121000211,35,11,24
121000212,107,91,16
121000213,444,455,-11
121000214,196,1014,-818
121000215,330,152,178
121000216,139,603,-464
121000217,1219,1603,-384
121000218,61,391,-330
121000219,393,352,41
121000220,23,4,19
121000221,9,129,-120
121000222,517,1020,-503
121000223,0,0,0
121000224,153,208,-55
121000225,81,855,-774
121000226,267,805,-538
121000227,12,145,-133
121000228,15,74,-59
121000229,7,14,-7
121000230,27,143,-116
121000231,666,4,662
121000232,47,46,1
121000233,230,73,157
121000234,2,56,-54
121000235,22,32,-10
121000236,0,9,-9
121000237,1,2,-1
121000238,0,21,-21
121000239,34,0,34
121000240,0,27,-27
121000241,20,0,20
121000242,5,50,-45
121000243,49,8,41
121000244,0,7,-7
121000245,28,1,27
121000246,0,32,-32
121000247,12,1,11
121000248,78,47,31
121000249,4,16,-12
121000250,93,372,-279
121000251,3,30,-27
121000252,59,58,1
121000253,111,100,11
121000254,302,89,213
121000255,4,52,-48
121000256,53,150,-97
121000257,6,37,-31
121000258,60,117,-57
121000259,10,5,5
121000260,4,31,-27
121000261,12,115,-103
121000262,141,99,42
121000263,299,76,223
121000271,65,1141,-1076
121000273,7,0,7
121000274,1,63,-62
121000275,0,3,-3
121000276,0,26,-26
121000278,26,7,19
121000279,10,21,-11
121000280,3,17,-14
121000289,82,12,70
121000290,85,454,-369
121000294,124,25,99
121000297,211,471,-260
121000299,41,228,-187
121000300,151,121,30
121000302,5,374,-369
121000303,79,28,51
121000304,418,89,329
121000305,52,87,-35
121000306,127,171,-44
121000308,1,4,-3
121000309,0,2,-2
121000310,0,1,-1
121000311,0,1,-1
121000312,64,153,-89
121000313,2,6,-4
121000314,0,2,-2
121000315,0,8,-8
121000530,628,386,242
121000531,802,453,349
121000532,1872,1908,-36
121000533,2933,1683,1250
121000918,0,0,0
121000919,13,155,-142
121000938,12,2,10
121000939,21,74,-53
121000956,597,195,402
121000957,0,0,0
121000958,13,9,4
121000959,273,69,204
121000960,281,133,148
121000961,246,0,246
121000962,54,65,-11
121000973,0,0,0
121000976,0,0,0
121000979,0,0,0
121000981,84,25,59
121000982,398,75,323
121000983,70,25,45
121000984,1,26,-25
121000985,197,77,120
121000986,83,86,-3
121000987,15,84,-69
121000988,326,38,288
121001302,26,13,13
121001308,0,9,-9
121001309,6,189,-183
121001313,0,0,0
121001314,651,455,196
121001315,1886,101,1785
121900001,62,408,-346
121900002,0,0,0
121900003,1,0,1
121900004,0,0,0
121900005,4,0,4
121900006,0,0,0
121900007,286,17,269
121900008,3,0,3
121900009,0,0,0
121900010,0,0,0
121900011,6,0,6
121900012,2,0,2
121900013,21,0,21
121900014,0,0,0
121900015,101,0,101
121900016,0,0,0
121900017,0,0,0
121900018,0,0,0
121900019,1,0,1
121900020,3,0,3
121900021,152,0,152
121900022,0,0,0
121900023,0,0,0
121900024,0,0,0
121900025,0,0,0
121900026,0,0,0
121900027,0,0,0
121900028,2,0,2
121900029,0,0,0
121900030,0,0,0
121900031,0,36,-36
121900032,0,0,0
121900033,0,0,0
121900034,0,0,0
121900035,0,0,0
121900036,0,0,0
121900037,0,0,0
121900038,0,0,0
121900039,0,0,0
121900040,0,0,0
121900041,0,0,0
121900042,0,0,0
121900043,0,0,0
121900044,0,0,0
121900046,0,0,0
121900047,0,0,0
121900048,0,0,0
121900050,0,0,0
121900051,0,0,0
121900052,0,0,0
121900053,2,20,-18
121900054,0,0,0
121900055,0,0,0
121900058,0,0,0
121900059,0,0,0
121900060,0,0,0
121900061,0,0,0
121900062,0,0,0
121900063,14,9,5
121900064,0,0,0
121900066,0,0,0
121900067,0,0,0
121900069,0,0,0
121900070,4,5,-1
121900071,0,0,0
121900072,0,0,0
121900073,0,0,0
121900074,7,0,7
121900075,3,12,-9
121900076,0,0,0
121900077,0,0,0
121900078,0,0,0
121900079,0,0,0
121900080,0,0,0
121900082,0,0,0
121900084,0,0,0
121900085,0,0,0
121900086,0,0,0
121900087,0,0,0
121900088,0,0,0
121900089,0,0,0
121900090,0,0,0
121900091,0,0,0
121900092,0,0,0
121900093,0,0,0
121900094,0,0,0
121900095,0,0,0
121900096,0,0,0
121900097,0,0,0
121900098,0,0,0
121900099,0,0,0
121900100,0,0,0
121900101,0,0,0
121900102,0,0,0
121900103,0,0,0
121900104,70,77,-7
121900105,0,0,0
121900106,0,0,0
121900107,0,0,0
121900108,0,0,0
121900109,0,0,0
121900110,0,0,0
121900111,0,0,0
121900112,0,0,0
121900113,0,0,0
121900114,0,0,0
121900117,0,0,0
121900118,0,0,0
121900119,0,0,0
121900120,0,0,0
121900121,0,0,0
121900122,0,0,0
121900123,0,0,0
121900124,0,0,0
121900125,10,1,9
121900127,0,0,0
121900128,0,0,0
121900129,0,0,0
121900130,0,0,0
121900131,0,0,0
121900132,0,0,0
121900133,0,0,0
121900134,0,0,0
121900135,215,45,170
121900136,1,0,1
121900137,0,0,0
121900138,0,0,0
121900139,0,0,0
121900140,0,0,0
121900141,8,0,8
121900142,0,0,0
121900143,0,0,0
121900144,0,0,0
121900145,0,0,0
121900146,0,0,0
121900147,0,0,0
121900148,0,0,0
121900149,0,0,0
121900150,0,0,0
121900151,0,0,0
121900152,0,0,0
121900153,0,0,0
121900154,0,0,0
121900155,0,0,0
121900156,0,0,0
121900157,0,0,0
121900158,0,0,0
121900159,0,0,0
121900160,0,0,0
121900161,0,0,0
121900162,0,0,0
121900163,0,0,0
121900164,0,0,0
121900165,0,0,0
121900166,0,0,0
121900167,0,0,0
121900168,0,0,0
121900169,0,0,0
121900170,0,0,0
121900171,0,0,0
121900172,0,0,0
121900173,0,0,0
121900174,0,0,0
121900175,0,0,0
121900176,0,0,0
121900177,0,0,0
121900178,0,0,0
121900179,0,0,0
121900180,186,918,-732
121900182,0,0,0
121900183,0,0,0
121900184,0,0,0
121900186,0,0,0
121900187,0,0,0
121900188,0,0,0
121900189,0,0,0
121900190,3,0,3
121900191,4,0,4
121900192,0,0,0
121900193,0,0,0
121900194,0,0,0
121900195,0,0,0
121900196,0,0,0
121900197,0,0,0
121900198,337,0,337
121900199,0,0,0
121900200,0,0,0
121900201,0,0,0
121900202,0,0,0
121900203,0,0,0
121900204,0,0,0
121900205,0,0,0
121900206,0,0,0
121900207,0,0,0
121900208,0,0,0
121900209,0,0,0
121900210,0,0,0
121900211,0,0,0
121900212,0,0,0
121900213,0,0,0
121900214,0,0,0
121900215,0,0,0
121900216,0,0,0
121900217,0,0,0
121900218,0,0,0
121900220,0,0,0
121900221,0,0,0
121900222,0,0,0
121900223,0,0,0
121900224,0,0,0
121900225,0,0,0
121900226,0,0,0
121900227,0,0,0
121900228,0,0,0
121900230,0,5,-5
121900231,0,1,-1
121900232,0,0,0
121900233,0,0,0
121900234,0,0,0
121900235,0,0,0
121900236,0,0,0
121900237,0,0,0
121900238,0,0,0
121900239,0,0,0
121900240,0,0,0
121900241,0,0,0
121900242,0,0,0
121900243,0,0,0
121900244,0,0,0
121900245,0,0,0
121900246,47,15,32
121900247,0,0,0
121900248,0,0,0
121900250,0,0,0
121900251,0,0,0
121900252,0,0,0
121900253,0,0,0
121900254,0,0,0
121900255,0,0,0
121900258,570,345,225
121900259,0,0,0
121900260,0,0,0
121900261,0,0,0
121900262,0,0,0
121900263,0,0,0
121900264,0,0,0
121900265,0,0,0
121900266,0,0,0
121900267,0,0,0
121900269,0,0,0
121900270,0,0,0
121900271,0,0,0
121900273,28,23,5
121900274,97,0,97
121900277,0,0,0
121900278,0,0,0
121900279,0,0,0
121900280,0,0,0
121900281,0,0,0
121900284,0,0,0
121900286,50,3,47
121900287,3,4,-1
121900288,0,0,0
121900290,0,0,0
121900291,0,0,0
121900292,0,4,-4
121900293,0,0,0
121900294,0,0,0
121900295,0,0,0
121900296,0,0,0
121900298,1,3,-2
121900299,0,0,0
121900300,0,0,0
121900301,0,0,0
121900302,0,0,0
121900303,0,0,0
121900304,0,0,0
121900305,0,0,0
121900306,2,0,2
121900307,26,2,24
121900308,0,0,0
121900309,0,0,0
121900310,0,0,0
121900311,98,1,97
121900312,46,1,45
121900313,63,4,59
121900314,0,0,0
121900315,0,0,0
121900316,0,0,0
121900317,0,0,0
121900318,0,0,0
121900319,0,0,0
121900320,0,0,0
121900321,0,0,0
121900322,0,0,0
121900323,0,0,0
121900324,0,0,0
121900325,0,0,0
121900326,0,0,0
121900327,0,0,0
121900328,0,0,0
121900329,0,0,0
121900330,0,0,0
121900331,0,0,0
121900332,0,0,0
121900333,0,0,0
122000001,339,900,-561
122000002,578,282,296
122000003,321,722,-401
122000004,316,421,-105
122000005,1060,2473,-1413
122000006,243,659,-416
122000007,201,696,-495
122000008,704,1175,-471
122000009,135,158,-23
122000010,1540,1261,279
122000011,334,362,-28
122000012,149,510,-361
122000013,205,697,-492
122000014,493,711,-218
122000015,384,553,-169
122000016,135,415,-280
122000017,376,742,-366
122000018,381,844,-463
122000019,252,602,-350
122000020,65,88,-23
122000021,33,132,-99
122000022,91,86,5
122000023,80,119,-39
122000024,364,474,-110
122000025,216,520,-304
122000026,388,346,42
122000027,118,283,-165
122000028,183,369,-186
122000029,89,135,-46
122000030,92,8,84
122000031,21,617,-596
122000032,221,322,-101
122000033,146,173,-27
122000034,19,113,-94
122000035,18,59,-41
122000036,156,130,26
122000037,40,80,-40
122000038,61,148,-87
122000039,93,33,60
122000040,47,34,13
122000041,368,1040,-672
122000042,244,601,-357
122000043,78,148,-70
122000044,60,186,-126
122000045,275,121,154
122000046,370,287,83
122000047,3,8,-5
122000048,1042,2075,-1033
122000049,1745,1152,593
122000050,181,319,-138
122000051,146,723,-577
122000052,104,451,-347
122000053,157,1477,-1320
122000054,524,920,-396
122000055,2193,2344,-151
122000056,813,1081,-268
122000057,905,1102,-197
122000058,373,561,-188
122000059,504,930,-426
122000060,39,88,-49
122000061,27,85,-58
122000062,284,41,243
122000063,60,438,-378
122000064,1503,2057,-554
122000065,950,908,42
122000066,284,237,47
122000067,644,2025,-1381
122000068,243,1729,-1486
122000069,122,219,-97
122000070,682,512,170
122000071,206,382,-176
122000072,7,97,-90
122000073,32,107,-75
122000074,405,617,-212
122000075,131,590,-459
122000076,282,292,-10
122000077,96,353,-257
122000078,395,436,-41
122000079,146,471,-325
122000080,93,331,-238
122000081,6,93,-87
122000082,141,229,-88
122000083,180,266,-86
122000084,90,166,-76
122000085,24,158,-134
122000086,855,2776,-1921
122000087,323,216,107
122000088,75,17,58
122000089,864,856,8
122000090,70,179,-109
122000091,37,54,-17
122000092,7,6,1
122000093,1007,2400,-1393
122000094,1460,1454,6
122000095,473,1410,-937
122000096,99,909,-810
122000098,1219,2987,-1768
122000099,145,342,-197
122000100,149,104,45
122000101,38,74,-36
122000102,54,220,-166
122000103,107,113,-6
122000104,42,146,-104
122000105,65,100,-35
122000106,97,128,-31
122000107,223,314,-91
122000108,7,33,-26
122000109,77,143,-66
122000110,38,90,-52
122000111,360,157,203
122000112,150,172,-22
122000113,126,118,8
122000114,446,2064,-1618
122000115,553,1438,-885
122000116,45,241,-196
122000117,65,42,23
122000118,241,54,187
122000119,127,130,-3
122000120,61,180,-119
122000121,323,475,-152
122000122,72,353,-281
122000123,240,410,-170
122000124,101,308,-207
122000125,56,207,-151
122000126,31,202,-171
122000127,76,265,-189
122000128,148,85,63
122000129,67,206,-139
122000130,436,351,85
122000131,75,126,-51
122000132,5,3,2
122000133,70,62,8
122000134,141,245,-104
122000135,136,111,25
122000136,73,152,-79
122000137,231,284,-53
122000139,132,567,-435
122000140,82,332,-250
122000141,252,364,-112
122000142,49,352,-303
122000143,33,58,-25
122000144,279,106,173
122000145,92,78,14
122000146,87,210,-123
122000147,107,154,-47
122000148,138,146,-8
122000149,259,101,158
122000150,269,165,104
122000151,1,0,1
122000152,3,0,3
122000153,73,96,-23
122000154,57,75,-18
122000155,328,238,90
122000156,989,1347,-358
122000157,315,711,-396
122000158,63,60,3
122000159,209,228,-19
122000160,403,241,162
122000161,150,221,-71
122000162,229,268,-39
122000163,24,6,18
122000164,3,6,-3
122000165,95,624,-529
122000166,182,202,-20
122000167,1,7,-6
122000168,43,640,-597
122000169,40,39,1
122000170,50,237,-187
122000171,0,0,0
122000172,197,645,-448
122000173,254,825,-571
122000174,495,1094,-599
122000175,128,40,88
122000176,159,781,-622
122000177,635,1560,-925
122000178,603,397,206
122000179,236,1271,-1035
122000180,379,1230,-851
122000181,347,1601,-1254
122000182,178,241,-63
122000183,152,51,101
122000184,936,1088,-152
122000185,252,633,-381
122000186,122,420,-298
122000187,482,259,223
122000188,0,0,0
122000189,69,93,-24
122000190,233,315,-82
122000191,71,158,-87
122000192,100,12,88
122000193,98,339,-241
122000194,92,22,70
122000195,28,311,-283
122000196,46,91,-45
122000197,43,48,-5
122000198,57,344,-287
122000199,58,100,-42
122000200,156,117,39
122000201,623,719,-96
122000202,196,568,-372
122000203,371,270,101
122000204,349,486,-137
122000205,122,220,-98
122000206,426,716,-290
122000207,350,671,-321
122000208,572,367,205
122000209,472,91,381
122000210,179,336,-157
122000211,60,292,-232
122000212,142,102,40
122000213,164,265,-101
122000214,447,706,-259
122000215,1240,586,654
122000217,267,342,-75
122000218,147,103,44
122000219,153,205,-52
122000220,39,301,-262
122000221,68,359,-291
122000222,53,65,-12
122000223,97,216,-119
122000225,155,97,58
122000226,51,198,-147
122000227,37,127,-90
122000228,33,90,-57
122000229,1,168,-167
122000230,7,95,-88
122000231,15,63,-48
122000232,72,117,-45
122000233,0,29,-29
122000234,134,107,27
122000235,123,33,90
122000236,405,23,382
122000237,3,4,-1
122000238,67,130,-63
122000239,104,16,88
122000240,194,69,125
122000241,318,87,231
122000242,56,3,53
122000243,3,5,-2
122000244,3,66,-63
122000245,7,3,4
122000246,11,85,-74
122000247,132,22,110
122000248,70,98,-28
122000249,215,225,-10
122000250,224,186,38
122000251,0,0,0
122000252,46,1,45
122000253,0,0,0
122000254,59,11,48
122000255,101,255,-154
122000256,5,22,-17
122000257,7,8,-1
122000258,42,142,-100
122000259,15,206,-191
122000260,2,91,-89
122000261,3,64,-61
122000262,0,0,0
122000263,60,1,59
122000264,472,66,406
122000265,433,127,306
122000266,620,88,532
122000267,1,3,-2
122000268,32,11,21
122000269,67,50,17
122000270,18,19,-1
122000271,3,1,2
122000272,0,0,0
122000273,8,4,4
122000274,4,6,-2
122000275,0,3,-3
122000276,155,186,-31
122000277,302,573,-271
122000278,277,76,201
122000279,78,26,52
122000280,115,41,74
122000281,72,94,-22
122000282,22,344,-322
122000283,6,12,-6
122000284,14,15,-1
122000285,0,0,0
122000286,0,0,0
122000287,891,309,582
122000288,56,41,15
122000291,900,276,624
122000293,28,70,-42
122000294,28,177,-149
122000295,304,58,246
122000296,34,306,-272
122000297,742,2142,-1400
122000299,231,153,78
122000300,39,59,-20
122000301,407,1197,-790
122000302,186,882,-696
122000303,373,64,309
122000304,0,56,-56
122000305,699,123,576
122000306,22,202,-180
122000307,23,15,8
122000309,0,0,0
122000310,0,36,-36
122000311,2,34,-32
122000312,34,67,-33
122000313,21,137,-116
122000314,56,268,-212
122000315,73,3,70
122000316,318,75,243
122000317,558,95,463
122000318,174,547,-373
122000319,9,71,-62
122000320,14,35,-21
122000321,38,48,-10
122000322,459,377,82
122000323,192,304,-112
122000324,312,702,-390
122000325,167,340,-173
122000326,18,0,18
122000327,39,185,-146
122000328,82,158,-76
122000330,234,586,-352
122000332,16,229,-213
122000333,10,18,-8
122000337,114,109,5
122000338,71,50,21
122000340,22,114,-92
122000342,185,276,-91
122000343,26,118,-92
122000344,60,1,59
122000345,38,95,-57
122000346,76,4,72
122000348,190,295,-105
122000349,0,74,-74
122000351,58,25,33
122000352,20,12,8
122000353,1,0,1
122000355,55,396,-341
122000356,56,116,-60
122000357,5,21,-16
122000358,0,0,0
122000359,0,0,0
122000360,0,0,0
122000362,0,2,-2
122000364,43,33,10
122000365,0,33,-33
122000366,3,0,3
122000368,28,48,-20
122000370,1,1,0
122000371,0,0,0
122000372,0,0,0
122000381,14,64,-50
122000382,0,15,-15
122000384,220,450,-230
122000385,26,0,26
122000386,35,453,-418
122000387,99,106,-7
122000388,113,346,-233
122000389,51,27,24
122000390,40,163,-123
122000391,7,57,-50
122000392,1,20,-19
122000393,0,24,-24
122000394,41,16,25
122000395,19,2,17
122000396,100,4,96
122000397,0,0,0
122000398,9,65,-56
122000399,15,2,13
122000400,10,93,-83
122000401,28,1,27
122000402,94,36,58
122000403,63,25,38
122000404,181,35,146
122000408,128,245,-117
122000503,0,12,-12
122000524,0,0,0
122000544,15,42,-27
122000616,0,0,0
122000640,21,39,-18
122000641,7,57,-50
122000642,224,94,130
122000643,15,118,-103
122000644,0,0,0
122000645,10,14,-4
122000651,181,605,-424
122000664,34,17,17
122000665,95,230,-135
122000666,120,181,-61
122000673,2,42,-40
122000674,127,71,56
122000675,965,341,624
122000686,162,99,63
122000687,369,51,318
122000688,208,96,112
122000689,397,45,352
122000690,1077,52,1025
122000691,475,153,322
122000692,188,25,163
122000693,121,176,-55
122000695,51,27,24
122000696,199,33,166
122000698,34,24,10
122000699,64,48,16
122000701,349,91,258
122000702,106,219,-113
122000703,28,18,10
122000717,0,85,-85
122000718,18,619,-601
122000719,15,21,-6
122000720,202,16,186
122000724,68,10,58
122900001,0,0,0
122900002,63,486,-423
122900003,15,0,15
122900004,0,0,0
122900005,0,0,0
122900006,0,0,0
122900007,0,0,0
122900008,0,0,0
122900009,0,0,0
122900010,12,2,10
122900012,13,28,-15
122900014,0,0,0
122900015,80,30,50
122900016,0,0,0
122900017,0,0,0
122900018,0,0,0
122900019,0,0,0
122900020,0,0,0
122900021,0,0,0
122900022,0,0,0
122900023,0,0,0
122900024,0,0,0
122900025,0,0,0
122900026,0,0,0
122900027,0,92,-92
122900028,0,0,0
122900029,0,0,0
122900030,0,0,0
122900031,18,32,-14
122900032,0,0,0
122900033,5,37,-32
122900034,42,49,-7
122900035,17,2,15
122900036,0,0,0
122900037,0,0,0
122900038,11,148,-137
122900039,1,16,-15
122900040,2,13,-11
122900041,4,62,-58
122900042,4,8,-4
122900043,14,23,-9
122900044,1,34,-33
122900045,9,42,-33
122900046,2,19,-17
122900047,2,1,1
122900048,0,0,0
122900049,0,0,0
122900051,1,2,-1
122900052,39,0,39
122900053,4,5,-1
122900055,10,0,10
122900057,7,0,7
122900061,0,0,0
122900062,0,0,0
122900063,0,0,0
122900064,0,0,0
122900065,0,0,0
122900066,0,0,0
122900067,6,1,5
122900068,0,0,0
122900069,0,0,0
122900070,92,1,91
122900071,0,0,0
122900072,8,0,8
122900073,0,0,0
122900074,306,0,306
122900075,0,0,0
122900076,0,0,0
122900077,0,0,0
122900078,107,1,106
122900080,0,0,0
122900081,47,0,47
122900082,310,0,310
122900083,0,0,0
122900084,0,0,0
122900086,0,0,0
122900087,38,1,37
122900088,0,3,-3
122900089,0,0,0
122900090,0,0,0
122900091,0,0,0
122900092,0,0,0
122900093,0,0,0
122900094,0,0,0
122900095,0,0,0
122900096,60,0,60
122900097,0,0,0
122900098,0,0,0
122900099,0,0,0
122900100,0,0,0
122900101,0,0,0
122900102,0,0,0
122900103,0,0,0
122900104,0,0,0
122900105,0,0,0
122900106,0,0,0
122900107,0,0,0
122900108,0,0,0
123000001,553,114,439
123000002,603,2378,-1775
123000003,1103,1166,-63
123000004,1060,1287,-227
123000005,1394,898,496
123000006,859,1060,-201
123000007,1117,756,361
123000008,323,404,-81
123000009,1635,1827,-192
123000010,491,358,133
123000011,775,917,-142
123000012,10,80,-70
123000013,1073,309,764
123000014,5,204,-199
123000015,1046,374,672
123000016,84,288,-204
123000017,3551,1868,1683
123000018,110,45,65
123000019,190,3,187
123000020,154,1,153
123000021,87,70,17
123000022,691,200,491
123000023,1420,1203,217
123000024,564,367,197
123000025,3,59,-56
123000026,1,88,-87
123000027,2,152,-150
123000028,81,1851,-1770
123000029,18,377,-359
123000030,26,49,-23
123000031,285,86,199
123000032,428,117,311
123000033,102,57,45
123000034,455,389,66
123000035,76,254,-178
123000036,64,509,-445
123000037,15,32,-17
123000038,6,169,-163
123000039,368,888,-520
123000040,51,17,34
123000041,189,689,-500
123000042,43,75,-32
123000043,828,3762,-2934
123000044,768,515,253
123000045,383,254,129
123000046,107,376,-269
123000047,128,55,73
123000048,22,789,-767
123000049,2861,2917,-56
123000050,429,441,-12
123000051,7,47,-40
123000052,249,607,-358
123000053,910,1044,-134
123000054,404,1241,-837
123000055,1269,2316,-1047
123000056,102,252,-150
123000057,533,875,-342
123000058,90,337,-247
123000059,44,72,-28
123000060,209,132,77
123000061,37,144,-107
123000063,136,173,-37
123000064,224,31,193
123000065,513,583,-70
123000066,119,126,-7
123000067,273,155,118
123000068,506,425,81
123000069,1120,272,848
123000070,105,61,44
123000071,515,235,280
123000072,176,50,126
123000073,594,314,280
123000074,206,34,172
123000075,171,436,-265
123000076,80,145,-65
123000077,448,217,231
123000078,899,420,479
123000079,1117,496,621
123000080,522,103,419
123000081,7,32,-25
123000082,87,109,-22
123000083,200,59,141
123000084,206,13,193
123000085,82,7,75
123000086,198,29,169
123000087,99,84,15
123000088,432,117,315
123000089,361,232,129
123000090,0,0,0
123000091,462,321,141
123000092,0,0,0
123000094,143,7,136
123000095,298,125,173
123000096,345,63,282
123000097,323,60,263
123000098,246,75,171
123000099,216,141,75
123000100,76,600,-524
123000101,92,47,45
123000102,408,734,-326
123000104,111,111,0
123000105,23,18,5
123000106,135,92,43
123000107,11,14,-3
123000108,269,52,217
123000111,239,66,173
123000112,269,74,195
123000113,212,38,174
123000114,83,194,-111
123000115,74,71,3
123000116,10,37,-27
123000117,523,381,142
123000118,187,141,46
123000119,53,95,-42
123000120,67,139,-72
123000121,234,217,17
123000122,0,0,0
123000123,302,145,157
123000124,0,0,0
123000125,408,438,-30
123000126,396,1328,-932
123000127,74,168,-94
123000128,0,0,0
123000129,370,9,361
123000130,313,3,310
123000131,524,162,362
123000132,0,0,0
123000133,0,0,0
123000134,38,31,7
123000135,411,288,123
123000136,0,0,0
123000137,0,0,0
123000138,0,0,0
123000139,210,23,187
123000140,0,0,0
123000141,113,45,68
123000142,229,79,150
123000143,114,196,-82
123000144,0,1,-1
123000145,11,252,-241
123000146,16,73,-57
123000147,3,8,-5
123000149,46,99,-53
123000150,23,19,4
123000151,29,228,-199
123000152,6,12,-6
123000153,21,441,-420
123000154,241,544,-303
123000155,236,497,-261
123000156,1,10,-9
123000157,80,124,-44
123000158,164,253,-89
123000159,461,1385,-924
123000160,129,321,-192
123000161,468,203,265
123000162,445,580,-135
123000163,347,30,317
123000164,903,27,876
123000165,40,215,-175
123000166,1,6,-5
123000167,61,14,47
123000168,71,11,60
123000169,307,38,269
123000170,21,0,21
123000171,318,1,317
123000172,18,28,-10
123000173,162,60,102
123000174,216,80,136
123000175,17,37,-20
123000176,275,32,243
123000177,42,77,-35
123000178,257,69,188
123000179,3,48,-45
123000180,588,154,434
123000181,80,194,-114
123000182,140,47,93
123000183,92,78,14
123000184,22,17,5
123000185,428,203,225
123000186,0,0,0
123000187,328,3,325
123000188,201,0,201
123000189,149,69,80
123000190,49,41,8
123000192,4,63,-59
123000193,8,108,-100
123000194,77,40,37
123000195,138,5,133
123000196,223,2,221
123000197,15,7,8
123000198,2,147,-145
123000199,1,88,-87
123000200,480,6,474
123000201,699,11,688
123000202,0,66,-66
123000203,728,16,712
123000204,6,119,-113
123000205,20,118,-98
123000206,1549,90,1459
123000207,13,196,-183
123000208,312,73,239
123000209,1000,124,876
123000210,23,202,-179
123000211,61,283,-222
123000212,2047,106,1941
123000213,226,19,207
123000215,38,86,-48
123000216,62,415,-353
123000217,106,11,95
123000218,17,17,0
123000219,169,55,114
123000220,171,48,123
123000221,28,22,6
123000222,198,86,112
123000223,300,60,240
123000224,147,79,68
123000225,127,20,107
123000226,72,7,65
123000227,37,4,33
123000228,153,12,141
123000229,152,72,80
123000232,0,23,-23
123000233,314,19,295
123000234,6,25,-19
123000235,259,61,198
123000236,19,79,-60
123000237,221,27,194
123000238,2,9,-7
123000239,107,136,-29
123000240,20,173,-153
123000241,65,51,14
123000242,50,46,4
123000243,104,110,-6
123000244,82,73,9
123000245,0,0,0
123000249,0,1,-1
123000252,408,82,326
123000253,417,182,235
123000254,138,132,6
123000255,128,328,-200
123000256,0,3,-3
123000257,337,264,73
123000258,187,94,93
123000259,169,184,-15
123000260,224,109,115
123000261,127,23,104
123000262,14,4,10
123000263,182,25,157
123000264,136,9,127
123000265,3,14,-11
123000266,118,128,-10
123000267,170,108,62
123000268,25,6,19
123000269,14,72,-58
123000270,19,41,-22
123000271,12,16,-4
123000272,341,69,272
123000273,116,571,-455
123000274,557,191,366
123000275,45,136,-91
123000278,221,731,-510
123000279,27,44,-17
123000280,148,72,76
123000281,89,58,31
123000282,53,160,-107
123000283,72,41,31
123000284,22,13,9
123000286,54,288,-234
123000287,34,117,-83
123000288,352,372,-20
123000289,85,466,-381
123000291,4,13,-9
123000294,26,269,-243
123000295,319,970,-651
123000296,520,733,-213
123000297,133,65,68
123000298,160,51,109
123000299,25,199,-174
123000300,366,156,210
123000301,37,81,-44
123000302,138,38,100
123000303,10,464,-454
123000305,109,388,-279
123000306,31,39,-8
123000309,3,22,-19
123000310,26,8,18
123000311,0,0,0
123000312,51,167,-116
123000313,193,114,79
123000315,324,34,290
123000316,386,4,382
123000317,64,18,46
123000318,0,25,-25
123000329,1,5,-4
123000337,112,200,-88
123000338,350,210,140
123000339,49,17,32
123000340,16,91,-75
123000342,0,10,-10
123000343,34,1,33
123000344,313,106,207
123000345,78,103,-25
123000346,368,36,332
123000352,104,138,-34
123000353,11,9,2
123000354,506,14,492
123000355,0,73,-73
123000356,159,0,159
123000357,0,3,-3
123000359,0,1,-1
123000360,96,164,-68
123000361,86,7,79
123000362,133,9,124
123000363,60,7,53
123000364,177,174,3
123000365,10,11,-1
123000366,45,503,-458
123000367,38,191,-153
123000370,0,1,-1
123000371,156,9,147
123000372,73,6,67
123000373,0,14,-14
123000374,0,0,0
123000375,261,20,241
123000376,315,320,-5
123000377,258,13,245
123000378,2,13,-11
123000379,0,48,-48
123000380,0,0,0
123000381,6,46,-40
123000382,170,30,140
123000383,0,0,0
123000384,146,37,109
123000385,0,0,0
123000436,25,369,-344
123000507,14,98,-84
123000508,119,894,-775
123000517,48,4,44
123000518,19,86,-67
123000519,28,9,19
123000520,10,109,-99
123000521,104,37,67
123000522,74,92,-18
123000541,13,8,5
123000542,0,0,0
123000565,0,0,0
123000566,306,118,188
123000567,32,69,-37
123000573,0,0,0
123000574,261,27,234
123000575,584,4,580
123000576,200,8,192
123000577,30,17,13
123000578,86,41,45
123000579,600,2034,-1434
123000580,27,14,13
123000582,246,4,242
123000583,19,12,7
123000584,81,58,23
123000585,0,0,0
123000586,95,28,67
123000596,31,18,13
123000597,111,89,22
123000602,28,8,20
123000603,464,55,409
123000604,175,21,154
123000605,238,77,161
123000606,0,0,0
123000609,2,54,-52
123000610,29,42,-13
123000613,0,0,0
123000614,225,9,216
123000615,0,0,0
123000616,185,10,175
123000617,0,0,0
123000618,0,0,0
123000619,74,0,74
123000620,0,0,0
123000622,159,0,159
123000624,38,4,34
123000630,782,198,584
123000631,81,97,-16
123000632,190,49,141
123000633,1,94,-93
123000634,3,92,-89
123000635,0,0,0
123000636,15,127,-112
123000637,30,6,24
123000638,167,92,75
123000639,378,1143,-765
123000640,6,0,6
123900001,0,0,0
123900002,0,0,0
123900003,0,0,0
123900005,1,0,1
123900006,0,0,0
124000001,686,117,569
124000002,1,338,-337
124000003,666,86,580
124000004,4,78,-74
124000005,607,287,320
124000006,16,61,-45
124000007,48,46,2
124000008,0,35,-35
124000009,463,49,414
124000010,22,69,-47
124000011,330,90,240
124000012,3,68,-65
124000017,60,51,9
124000018,0,0,0
124000019,86,29,57
124000020,0,0,0
124000021,76,42,34
124000022,0,0,0
124000023,387,946,-559
124000024,314,72,242
124000025,423,670,-247
124000026,524,1042,-518
124000027,2230,1225,1005
124000028,68,2617,-2549
124000030,645,145,500
124000031,430,2380,-1950
124000032,0,51,-51
124000033,2,56,-54
124000034,29,100,-71
124000035,0,122,-122
124000036,0,50,-50
124000037,45,292,-247
124000038,1,1,0
124000039,83,14,69
124000040,98,137,-39
124000041,254,12,242
124000042,5,25,-20
124000043,73,28,45
124000044,0,15,-15
124000045,400,78,322
124000046,0,0,0
124000047,438,97,341
124000048,0,0,0
124000049,829,112,717
124000050,0,0,0
124000051,609,76,533
124000052,0,0,0
124000053,309,627,-318
124000054,0,0,0
124000055,715,887,-172
124000056,3,1,2
124000057,802,209,593
124000058,4,6,-2
124000059,568,582,-14
124000060,197,19,178
124000061,564,1463,-899
124000062,165,55,110
124000063,369,82,287
124000064,299,92,207
124000065,0,0,0
124000066,71,191,-120
124000067,33,21,12
124000068,0,0,0
124000069,291,12,279
124000070,0,0,0
124000071,70,12,58
124000072,0,0,0
124000073,266,19,247
124000074,0,0,0
124000075,247,48,199
124000076,0,0,0
124000077,43,74,-31
124000078,412,297,115
124000079,5,82,-77
124000080,232,57,175
124000081,0,0,0
124000082,49,70,-21
124000083,0,0,0
124000084,2,214,-212
124000085,5,5,0
124000086,23,168,-145
124000087,30,80,-50
124000088,42,126,-84
124000089,235,14,221
124000090,12,23,-11
124000091,197,15,182
124000092,110,81,29
124000093,46,166,-120
124000094,46,262,-216
124000095,70,21,49
124000096,2,90,-88
124000097,156,5,151
124000098,56,24,32
124000099,67,15,52
124000100,1,47,-46
124000101,139,33,106
124000102,89,22,67
124000103,280,50,230
124000104,50,14,36
124000105,171,71,100
124000106,128,27,101
124000107,20,283,-263
124000108,32,8,24
124000109,68,18,50
124000110,184,17,167
124000111,111,35,76
124000112,290,159,131
124000113,83,48,35
124000114,161,102,59
124000115,254,276,-22
124000116,51,50,1
124000117,50,15,35
124000118,11,20,-9
124000119,174,98,76
124000120,203,93,110
124000121,528,170,358
124000122,77,290,-213
124000123,295,161,134
124000124,258,195,63
124000125,292,118,174
124000126,110,114,-4
124000127,816,51,765
124000128,209,102,107
124000129,976,535,441
124000130,119,29,90
124000131,358,282,76
124000132,169,42,127
124000133,526,292,234
124000134,245,246,-1
124000135,487,632,-145
124000136,56,143,-87
124000137,166,211,-45
124000138,56,132,-76
124000139,168,25,143
124000140,5,134,-129
124000141,2,11,-9
124000142,1,112,-111
124000143,22,5,17
124000144,1,10,-9
124000145,85,6,79
124000146,2,12,-10
124000148,12,10,2
124000149,350,98,252
124000150,48,72,-24
124000151,280,274,6
124000152,68,69,-1
124000153,385,784,-399
124000154,58,113,-55
124000155,365,153,212
124000156,86,70,16
124000169,66,139,-73
124000170,84,99,-15
124000171,130,128,2
124000172,51,73,-22
124000173,217,51,166
124000174,159,89,70
124000175,0,0,0
124000176,9,38,-29
124000177,0,0,0
124000178,6,68,-62
124000190,2,24,-22
124000191,4,42,-38
124000192,326,194,132
124000193,3,164,-161
124000194,82,28,54
124000195,141,241,-100
124000196,166,75,91
124000197,50,5,45
124000198,133,23,110
124000201,3,0,3
124000202,284,23,261
124000203,58,0,58
124000204,555,13,542
124000205,87,2,85
124000206,769,191,578
124000207,0,0,0
124000209,88,1,87
124000210,580,119,461
124000211,608,6,602
124000212,0,0,0
124000213,65,0,65
124000214,219,5,214
124000215,307,9,298
124000216,0,0,0
124000329,0,56,-56
124000338,1,140,-139
124000339,632,16,616
124000341,613,4,609
124000344,30,0,30
124000357,814,979,-165
124000358,825,1037,-212
124000359,769,256,513
124000360,368,221,147
124000361,986,663,323
124000362,237,246,-9
124000363,0,0,0
124000364,0,0,0
124000365,4,41,-37
124000366,8,160,-152
124000367,9,8,1
124000368,108,188,-80
124000369,37,52,-15
124000370,6,104,-98
124000402,2,3,-1
124000403,149,15,134
124000404,2,24,-22
124000405,605,195,410
124000406,131,163,-32
124000407,1,9,-8
124000411,0,18,-18
124000412,141,0,141
124000413,0,34,-34
124000414,94,52,42
124000415,178,31,147
124000416,78,63,15
124000417,99,66,33
124000418,127,36,91
124000419,59,31,28
124000420,122,28,94
124000421,78,19,59
124000422,3,10,-7
124000423,39,7,32
124000424,0,36,-36
124000425,19,5,14
124000426,1,56,-55
124000427,55,0,55
124000428,0,17,-17
124000429,114,28,86
124000430,61,111,-50
124000431,28,44,-16
124000432,113,301,-188
124000439,1,0,1
124000443,0,0,0
124000445,10,330,-320
124000446,2,41,-39
124900001,0,0,0
124900002,0,0,0
124900003,0,0,0
124900004,0,0,0
124900005,0,0,0
124900006,0,0,0
124900008,0,0,0
124900009,0,0,0
124900010,0,0,0
124900011,0,0,0
124900012,0,0,0
124900013,0,0,0
124900014,1,0,1
124900015,6,24,-18
124900016,46,6,40
124900017,3,37,-34
124900018,2,0,2
124900020,40,2,38
124900021,86,8,78
124900022,0,0,0
124900024,74,0,74
124900026,3,0,3
124900027,0,0,0
124900028,0,0,0
124900029,0,0,0
124900030,0,0,0
124900031,0,0,0
124900032,0,0,0
124900033,0,0,0
124900034,0,0,0
124900035,0,0,0
124900036,0,0,0
124900037,0,0,0
124900038,0,0,0
124900039,0,0,0
124900040,0,0,0
124900041,0,0,0
124900042,0,0,0
124900043,0,0,0
124900044,0,0,0
124900045,0,0,0
124900046,0,0,0
124900047,0,0,0
124900048,0,0,0
124900050,0,0,0
124900052,0,0,0
124900053,0,0,0
124900054,0,0,0
124900055,0,0,0
124900057,0,0,0
124900060,0,0,0
124900061,14,0,14
124900062,9,1,8
124900066,0,0,0
124900067,0,0,0
124900068,0,0,0
124900070,0,0,0
124900072,0,0,0
124900074,0,0,0
124900075,0,0,0
124900076,0,0,0
124900077,0,0,0
124900078,0,0,0
124900079,0,0,0
124900080,0,0,0
124900081,0,0,0
124900082,0,0,0
124900083,0,0,0
124900084,0,0,0
124900085,0,0,0
124900086,0,0,0
124900087,0,0,0
124900088,0,0,0
124900089,0,0,0
124900090,12,2,10
124900091,0,0,0
124900092,0,0,0
124900093,40,19,21
124900094,49,1,48
124900095,7,23,-16
124900096,26,4,22
124900097,39,7,32
124900098,0,0,0
124900099,0,0,0
124900100,34,1,33
124900101,13,0,13
124900102,70,1,69
124900103,0,0,0
124900104,0,0,0
124900105,0,0,0
124900106,25,3,22
124900107,17,12,5
124900108,0,0,0
124900109,0,0,0
124900110,0,0,0
124900111,0,0,0
124900112,0,0,0
124900113,0,0,0
124900114,0,0,0
124900115,0,0,0
124900116,24,28,-4
124900117,0,0,0
124900118,1,84,-83
124900119,0,0,0
124900120,0,0,0
124900121,0,0,0
124900122,0,0,0
124900123,0,0,0
124900124,0,0,0
129000186,30,54,-24
204000001,59,3,56
204000002,2,2,0
204000003,7,1,6
204000004,11,15,-4
204000005,401,486,-85
204000006,839,1533,-694
204000011,0,0,0
204000012,0,0,0
204000013,0,0,0
204000019,942,292,650
204000020,332,228,104
204000021,424,374,50
204000022,819,335,484
204000023,0,0,0
204000031,32,6,26
204000032,133,16,117
204000034,0,0,0
204000035,0,0,0
204000036,0,0,0
204000037,0,0,0
204000038,0,0,0
204000039,0,0,0
204000040,0,0,0
204000041,0,0,0
204000042,6,4,2
204000043,1,14,-13
204000044,11,0,11
204000045,21,8,13
204000046,1,1,0
204000057,0,0,0
204000062,0,0,0
204000068,0,0,0
204000069,0,0,0
204000070,79,92,-13
204000080,0,0,0
204000085,0,0,0
204000086,0,0,0
204000087,22,35,-13
204000088,0,0,0
204000090,0,0,0
204000093,592,12,580
204000096,781,318,463
204000097,183,1,182
204000099,1160,1295,-135
204000100,1071,643,428
204000105,0,0,0
204000110,0,0,0
204000111,0,0,0
204000112,0,0,0
204000113,0,0,0
204000114,392,504,-112
204000115,253,141,112
204000116,127,262,-135
204000119,1566,651,915
204000132,557,305,252
204000133,850,67,783
204000134,147,42,105
204000135,656,26,630
204000136,354,91,263
204000138,163,492,-329
204000140,163,196,-33
204000141,183,48,135
204000144,0,15,-15
204000145,80,11,69
204000146,0,0,0
204000147,0,0,0
204000148,59,4,55
204000154,6,8,-2
204000155,0,0,0
204000177,99,24,75
204000179,12,0,12
204000180,0,0,0
204000222,0,0,0
204000235,0,0,0
204000236,2,12,-10
204000238,12,2,10
204000240,65,4,61
204000263,0,0,0
204000268,577,172,405
204000308,36,7,29
204000317,0,0,0
204000322,0,0,0
204000323,0,2,-2
204000328,307,29,278
204000329,0,0,0
204000330,64,4,60
204000331,0,0,0
204010341,10,77,-67
205000001,0,0,0
205000013,0,0,0
205000014,0,0,0
205000015,0,0,0
205000016,0,0,0
205000017,0,0,0
205000022,0,0,0
205000025,0,0,0
205000029,113,23,90
205000045,0,0,0
205000046,0,0,0
205000047,0,0,0
205000048,0,0,0
205000049,0,0,0
205000050,0,0,0
205000059,0,0,0
205000060,0,0,0
205000061,0,0,0
205000062,0,0,0
205000063,0,0,0
205000064,0,0,0
205000065,0,0,0
205000066,0,0,0
205000067,0,0,0
205000069,45,41,4
205000082,102,85,17
205000110,0,0,0
205000111,0,0,0
205000112,73,99,-26
205000113,0,0,0
205000121,109,56,53
205000123,0,0,0
205000126,733,96,637
205000127,786,30,756
205000128,309,29,280
205000129,503,45,458
205000130,240,25,215
205000131,26,6,20
205000132,36,0,36
205000133,9,0,9
205000134,127,0,127
205000137,0,0,0
205000138,0,0,0
205000139,0,0,0
205000144,13,45,-32
205000145,202,43,159
205000151,38,37,1
205000152,50,22,28
205000153,89,32,57
205000154,63,18,45
205000155,104,2,102
205000207,0,0,0
205000233,8,0,8
205000234,0,0,0
205000243,0,0,0
205000244,0,0,0
205000245,0,0,0
205000249,0,0,0
205000250,1,3,-2
205000264,0,0,0
206000027,4,21,-17
206000028,2,2,0
206000043,0,17,-17
206000053,0,0,0
206000054,0,0,0
206000055,0,0,0
206000075,0,28,-28
206000076,24,3,21
206000077,25,0,25
206000078,1,1,0
206000079,4,6,-2
206000082,131,72,59
206000100,3,207,-204
206000103,0,0,0
206000104,0,0,0
206000105,0,0,0
206000106,0,0,0
206000108,315,71,244
206000125,130,0,130
206000157,0,0,0
206000170,0,0,0
206000171,0,31,-31
206000172,0,21,-21
206000173,0,5,-5
206000174,3,9,-6
206000175,0,17,-17
206000176,0,17,-17
206000177,0,10,-10
206000178,0,15,-15
206000179,0,15,-15
206000180,0,34,-34
206000181,1,24,-23
206000182,4,36,-32
206000183,17,68,-51
206000184,0,4,-4
206000185,0,1,-1
206000186,1,16,-15
206000223,0,3,-3
206000226,20,1,19
206000227,3,2,1
206000237,0,8,-8
206000238,0,14,-14
206000239,4,121,-117
206000240,0,0,0
206000241,1,97,-96
206000242,0,2,-2
206000243,0,1,-1
206000244,1,8,-7
206000245,608,31,577
206000246,160,10,150
206000247,256,12,244
206000248,219,6,213
206000252,4,26,-22
206000258,0,0,0
206000315,23,7,16
206000317,368,138,230
206000318,214,28,186
206000319,802,25,777
206000320,237,16,221
206000321,275,6,269
206000322,306,9,297
206000323,116,15,101
206000324,177,10,167
206000325,86,2,84
206000326,103,32,71
206000327,12,46,-34
206000328,107,2,105
206000329,205,3,202
206000330,52,1,51
206000331,266,1,265
206000332,39,0,39
206000333,548,1,547
206000334,275,0,275
206000335,0,0,0
206000361,0,0,0
206000392,0,0,0
206000405,105,0,105
206000441,36,68,-32
206000498,24,0,24
206000515,40,27,13
206000530,124,46,78
206000531,141,103,38
206000532,341,78,263
206000535,5,99,-94
206000536,1,38,-37
206000537,0,18,-18
206000613,502,119,383
207000001,0,0,0
207000002,0,0,0
207000003,0,0,0
207000007,967,178,789
207000008,148,2,146
207000009,42,5,37
207000010,80,169,-89
207000012,289,83,206
207000015,75,176,-101
207000019,121,35,86
207000021,252,198,54
207000022,171,98,73
207000023,160,21,139
207000024,1,6,-5
207000025,13,28,-15
207000026,0,0,0
207000027,0,0,0
207000028,0,0,0
207000029,0,0,0
207000033,109,231,-122
207000034,110,45,65
207000039,512,55,457
207000040,350,36,314
207000041,145,11,134
207000042,291,10,281
207000043,110,103,7
207000051,0,0,0
207000052,0,0,0
207000053,0,0,0
207000054,0,0,0
207000055,0,0,0
207000056,0,0,0
207000057,0,0,0
207000058,0,0,0
207000059,0,0,0
207000060,0,0,0
207000061,60,1108,-1048
207000062,364,30,334
207000063,289,34,255
207000064,308,39,269
207000065,197,56,141
207000066,267,88,179
207000067,127,40,87
207000068,114,9,105
207000069,423,131,292
207000082,2,149,-147
207000083,34,151,-117
207000084,356,110,246
207000085,155,52,103
207000086,295,6,289
207000106,59,9,50
207000107,165,17,148
207000108,77,4,73
207000109,38,1,37
207000110,24,3,21
207000111,94,23,71
207000112,54,178,-124
207000114,0,0,0
207000115,0,0,0
207000116,0,0,0
207000117,0,0,0
207000118,0,0,0
207000119,0,0,0
207000123,134,3,131
207000124,110,22,88
207000125,40,3,37
207000126,41,1,40
207000134,134,86,48
207000135,26,340,-314
207000148,62,144,-82
207000149,0,0,0
207000152,0,0,0
207000153,0,0,0
207000154,119,82,37
207000159,0,0,0
207000160,0,0,0
207000238,0,0,0
207000242,0,0,0
207000248,0,0,0
207000249,0,0,0
207000250,0,0,0
207000251,0,0,0
207000252,0,0,0
207000278,126,87,39
207000279,0,0,0
207000280,772,33,739
207000281,58,144,-86
207000282,14,180,-166
207000283,1,10,-9
207000284,17,368,-351
207000285,6,77,-71
207000291,0,0,0
207000304,34,22,12
207000306,0,0,0
207000310,75,50,25
207000353,29,1,28
207000356,0,0,0
207000357,0,96,-96
207000358,0,12,-12
207000415,0,0,0
207000417,16,0,16
207000418,40,35,5
207000438,0,0,0
207000439,304,138,166
207000446,47,2,45
207000460,84,2,82
207000466,0,0,0
207000467,162,29,133
207000468,0,0,0
207000476,10,10,0
207000477,237,31,206
207000478,0,0,0
207000523,0,0,0
207000524,11,0,11
207000527,111,43,68
207000530,159,0,159
207000531,108,3,105
207000532,13,6,7
207000534,69,29,40
207000535,0,0,0
207000537,0,0,0
207000540,0,0,0
207000541,0,0,0
207000548,0,0,0
207000549,94,9,85
207000561,125,59,66
207000562,0,0,0
207000567,0,0,0
207000568,43,1,42
207000569,188,31,157
207000584,0,0,0
207000585,15,23,-8
207000616,0,0,0
207000617,89,0,89
207900008,320,49,271
208000001,260,496,-236
208000002,410,383,27
208000003,627,329,298
208000004,468,249,219
208000005,0,0,0
208000019,585,155,430
208000020,218,99,119
208000021,17,91,-74
208000022,143,62,81
208000028,76,601,-525
208000033,95,37,58
208000034,66,332,-266
208000037,54,2,52
208000040,99,38,61
208000041,163,228,-65
208000042,335,249,86
208000047,0,0,0
208000064,862,991,-129
208000066,538,1354,-816
208000070,209,223,-14
208000071,356,116,240
208000072,475,294,181
208000080,163,162,1
208000081,176,50,126
208000082,3,2,1
208000083,3,1,2
208000084,0,57,-57
208000085,14,1,13
208000086,33,8,25
208000087,28,66,-38
208000089,0,0,0
208000090,0,0,0
208000093,0,0,0
208000094,57,172,-115
208000095,188,26,162
208000104,794,260,534
208000105,519,299,220
208000114,51,469,-418
208000115,290,282,8
208000116,446,807,-361
208000117,1,73,-72
208000118,60,142,-82
208000155,43,95,-52
208000158,88,220,-132
208000186,463,980,-517
208000204,57,76,-19
208000205,61,90,-29
208000282,73,81,-8
209000004,271,64,207
209000005,27,37,-10
209000006,319,84,235
209000007,204,138,66
209000010,0,0,0
209000011,0,0,0
209000012,0,0,0
209000013,0,0,0
209000014,0,0,0
209000025,264,24,240
209000026,543,14,529
209000027,0,0,0
209000028,0,0,0
209000029,0,0,0
209000030,0,0,0
209000031,0,0,0
209000034,113,195,-82
209000035,189,164,25
209000036,351,60,291
209000037,346,94,252
209000038,285,56,229
209000039,93,50,43
209000040,200,21,179
209000041,105,47,58
209000042,75,50,25
209000043,139,47,92
209000044,206,130,76
209000045,413,109,304
209000046,333,100,233
209000047,318,21,297
209000048,1052,299,753
209000049,0,0,0
209000050,0,0,0
209000051,0,0,0
209000052,0,0,0
209000062,0,0,0
209000063,0,0,0
209000064,0,0,0
209000065,159,27,132
209000066,99,37,62
209000067,167,28,139
209000080,0,0,0
209000082,23,12,11
209000091,0,0,0
209000093,0,0,0
209000094,0,0,0
209000110,31,69,-38
209000111,269,607,-338
209000112,595,178,417
209000113,640,232,408
209000114,348,166,182
209000115,0,0,0
209000116,0,0,0
209000118,1,43,-42
209000119,0,0,0
209000121,0,0,0
209000135,39,45,-6
209000142,343,426,-83
209000143,0,0,0
209000144,21,69,-48
209000229,193,20,173
209000240,0,0,0
209000259,0,0,0
209000260,0,0,0
209000261,0,0,0
209000262,0,0,0
209000263,0,0,0
209000264,0,0,0
209000265,119,0,119
209000266,39,0,39
209000267,786,0,786
209000268,474,59,415
210000037,143,5,138
210000047,47,26,21
210000048,23,11,12
210000049,23,5,18
210000052,0,0,0
210000053,0,0,0
210000054,0,0,0
210000070,107,2,105
210000071,66,0,66
210000072,16,0,16
210000073,0,0,0
210000074,0,0,0
210000075,0,0,0
210000076,0,0,0
210000077,0,0,0
210000078,0,0,0
210000079,15,11,4
210000080,16,59,-43
210000081,75,7,68
210000082,3,6,-3
210000083,10,8,2
210000084,78,0,78
210000085,0,0,0
210000086,0,0,0
210000099,0,0,0
210000100,0,0,0
210000101,0,0,0
210000105,0,0,0
210000159,0,0,0
210000163,0,0,0
210000164,113,53,60
210000168,61,2,59
210000187,0,0,0
210000188,0,0,0
210000214,26,0,26
210000219,44,11,33
210000220,76,21,55
210000232,0,0,0
210000233,0,0,0
210000234,0,0,0
210000235,0,0,0
210000245,0,0,0
210000246,42,1,41
210000258,0,0,0
210000259,103,6,97
210000282,0,0,0
210000285,0,0,0
210000286,0,0,0
210000290,0,0,0
210000295,0,0,0
210000296,0,0,0
210000320,130,28,102
210000321,56,7,49
210000338,0,0,0
210000339,0,0,0
210000340,0,0,0
210000341,0,0,0
210000342,0,0,0
210000343,0,0,0
210000344,0,0,0
210000345,0,0,0
210000346,0,0,0
210000347,0,0,0
210000348,0,0,0
210000349,0,0,0
210000350,0,0,0
210000351,0,0,0
210000352,39,13,26
210000353,48,23,25
210000354,35,16,19
210000355,7,53,-46
210000356,25,87,-62
210000357,62,97,-35
210000358,86,132,-46
210000359,57,52,5
210000360,182,60,122
210000361,77,54,23
210000362,203,53,150
210000363,436,85,351
210000364,213,54,159
210000365,148,19,129
210000366,178,19,159
210000367,94,10,84
210000368,54,2,52
210000369,66,44,22
210000370,36,7,29
210000372,6,8,-2
210000373,3,11,-8
210000374,23,9,14
210000375,16,16,0
210000376,55,52,3
210000404,0,0,0
210000439,33,7,26
210000472,12,0,12
210000482,33,49,-16
210000564,196,95,101
210000567,0,21,-21
210000568,146,0,146
211000092,20,6,14
211000094,12,1,11
211000169,76,1,75
211000172,5,70,-65
211000209,0,24,-24
211000226,15,1,14
211000270,6,11,-5
211000275,6,15,-9
211000276,65,2,63
211000279,15,15,0
211000281,18,24,-6
211507980,0,48,-48
211977296,2,0,2
212000003,194,10,184
212000004,0,0,0
212000005,0,0,0
212000006,0,0,0
212000008,0,0,0
212000009,0,0,0
212000012,0,0,0
212000013,0,0,0
212000014,0,0,0
212000015,0,0,0
212000016,0,0,0
212000027,561,127,434
212000028,181,202,-21
212000029,142,282,-140
212000030,28,43,-15
212000031,74,14,60
212000048,0,0,0
212000049,0,0,0
212000050,0,0,0
212000051,0,0,0
212000052,0,0,0
212000053,0,0,0
212000054,368,33,335
212000055,346,55,291
212000056,7,29,-22
212000057,5,20,-15
212000058,11,33,-22
212000070,0,0,0
212000077,0,0,0
212000099,360,78,282
212000108,250,76,174
212000111,425,28,397
212000120,0,0,0
212000138,0,0,0
212000156,0,0,0
212000158,2,49,-47
212000159,739,55,684
212000160,630,129,501
212000161,200,46,154
212000310,0,0,0
212000311,12,56,-44
212000374,0,0,0
213000001,1,287,-286
213000005,286,15,271
213000006,262,46,216
213000007,29,4,25
213000009,135,103,32
213000010,328,33,295
213000011,118,22,96
213000012,0,0,0
213000014,37,10,27
213000015,237,2,235
213000016,145,1,144
213000017,66,0,66
213000018,0,5,-5
213000019,0,8,-8
213000020,10,12,-2
213000021,0,3,-3
213000023,479,138,341
213000033,37,135,-98
213000034,577,108,469
213000035,183,201,-18
213000045,34,72,-38
213000046,28,33,-5
213000047,59,480,-421
213000056,81,14,67
213000069,3,0,3
213000073,0,8,-8
213000074,4,46,-42
213000075,366,0,366
213000076,14,0,14
213000085,0,0,0
213000086,0,0,0
213000091,80,5,75
213000092,9,3,6
213000099,2,232,-230
213000100,440,186,254
213000101,327,81,246
213000102,272,58,214
213000103,272,146,126
213000104,10,53,-43
213000105,2,43,-41
213000106,6,19,-13
213000107,63,15,48
213000108,0,33,-33
213000109,0,33,-33
213000110,1,23,-22
213000111,0,9,-9
213000112,4,64,-60
213000115,23,3,20
213000116,0,50,-50
213000117,0,92,-92
213000118,476,176,300
213000119,0,7,-7
213000120,0,8,-8
213000122,2,67,-65
213000123,4,141,-137
213000124,8,41,-33
213000125,140,66,74
213000126,1,15,-14
213000127,2,28,-26
213000128,18,107,-89
213000129,133,607,-474
213000130,581,358,223
213000132,390,129,261
213000133,622,70,552
213000134,772,8,764
213000136,482,4,478
213000137,351,45,306
213000139,114,5,109
213000147,39,0,39
213000148,10,0,10
213000149,2,0,2
213000150,0,0,0
213000151,0,0,0
213000152,0,0,0
213000153,0,0,0
213000154,0,0,0
213000155,0,0,0
213000156,0,0,0
213000157,0,0,0
213000158,37,106,-69
213000159,855,105,750
213000163,723,125,598
213000165,359,95,264
213000171,0,0,0
213000172,0,0,0
213000173,0,0,0
213000174,0,0,0
213000175,0,0,0
213000176,105,39,66
213000177,169,2,167
213000178,261,1,260
213000179,137,2,135
213000180,124,0,124
213000184,4,65,-61
213000188,282,16,266
213000189,327,17,310
213000190,153,9,144
213000191,296,1,295
213000192,191,3,188
213000193,0,0,0
213000194,0,0,0
213000195,0,0,0
213000196,0,0,0
213000197,541,244,297
213000198,5,0,5
213000200,43,43,0
213000201,6,5,1
213000202,1,48,-47
213000203,742,270,472
213000204,759,7,752
213000205,462,14,448
213000206,479,2,477
213000207,12,0,12
213000208,3,0,3
213000209,47,0,47
213000210,42,4,38
213000211,0,0,0
213000212,0,0,0
213000213,0,0,0
213000218,161,400,-239
213000219,246,20,226
213000220,329,2,327
213000223,57,166,-109
213000224,2,53,-51
213000225,81,17,64
213000226,42,15,27
213000227,721,142,579
213000228,426,51,375
213000229,58,11,47
213000230,179,1,178
213000232,3,253,-250
213000233,0,0,0
213000234,0,0,0
213000293,0,0,0
213000294,70,3,67
213000295,0,0,0
213000296,27,15,12
213000297,0,0,0
213000298,0,0,0
213000299,30,15,15
213000300,0,13,-13
213000303,0,0,0
213000304,0,0,0
213000305,0,7,-7
213000306,0,0,0
213000307,23,38,-15
213000308,0,0,0
213000309,99,12,87
213000310,100,39,61
213000311,4,135,-131
213000315,0,0,0
213000316,108,8,100
213000322,50,8,42
213000323,77,1,76
213000324,42,1,41
213000325,25,18,7
213000326,24,1,23
213000327,11,13,-2
213000328,6,25,-19
213000329,12,3,9
213000340,0,7,-7
213000341,557,50,507
213000346,38,161,-123
213000347,60,227,-167
213000348,0,6,-6
213000349,0,3,-3
213000350,43,75,-32
213000366,0,22,-22
213000367,268,22,246
213000379,1,9,-8
213000386,0,10,-10
213000406,3,18,-15
213000417,787,121,666
213000425,50,7,43
213000426,72,3,69
213000427,33,34,-1
213000428,34,15,19
213000429,1,7,-6
213000430,11,13,-2
213000431,3,0,3
213000432,0,298,-298
213000433,1,26,-25
213000434,7,15,-8
213000435,23,4,19
213000436,33,2,31
213000437,0,1,-1
213000438,77,3,74
213000439,3,11,-8
213000440,0,44,-44
213000441,1,0,1
213000442,0,4,-4
213000443,319,249,70
213000444,21,1,20
213000445,0,27,-27
213000446,0,95,-95
213000447,0,48,-48
213000448,6,7,-1
213000449,450,4,446
213000450,1,0,1
213000451,32,11,21
213000452,1,0,1
213000453,0,0,0
213000455,13,1,12
213000456,0,5,-5
213000481,3,1,2
213000482,7,0,7
213000489,17,14,3
213000491,0,0,0
213000492,13,1,12
213000493,0,0,0
213000494,194,54,140
213000495,0,1,-1
213000496,358,51,307
213000497,0,5,-5
213000498,1,6,-5
213000499,9,27,-18
213000500,313,9,304
213000501,72,25,47
213000502,79,6,73
213000503,0,6,-6
213000504,0,6,-6
213000505,2,0,2
213000506,0,0,0
213000507,0,8,-8
213900016,0,0,0
213900244,55,0,55
213900245,0,0,0
218000003,0,0,0
218000004,0,0,0
218000005,34,21,13
218000006,42,7,35
218000007,0,7,-7
218000012,7,72,-65
218000013,19,74,-55
218000014,45,61,-16
218000019,113,30,83
218000020,170,28,142
218000021,0,0,0
218000022,0,0,0
218000023,0,0,0
218000024,0,0,0
218000025,0,0,0
218000026,0,0,0
218000027,0,0,0
218000028,0,0,0
218000029,0,0,0
218000030,0,0,0
218000031,0,0,0
218000032,0,0,0
218000040,0,0,0
218000046,66,39,27
218000047,2,64,-62
218000048,44,36,8
218000049,17,36,-19
218000050,127,82,45
218000051,14,95,-81
218000052,0,25,-25
218000053,1,3,-2
218000054,1,36,-35
218000055,1,5,-4
218000056,3,54,-51
218000057,4,23,-19
218000064,0,5,-5
218000065,54,14,40
218000066,21,29,-8
218000067,9,33,-24
218000068,37,22,15
218000069,97,32,65
218000070,50,53,-3
218000071,72,21,51
218000072,36,22,14
218000078,21,39,-18
218000079,151,37,114
218000080,103,18,85
218000081,529,52,477
218000082,120,62,58
218000083,0,0,0
218000084,0,0,0
218000085,0,0,0
218000086,0,0,0
218000087,0,0,0
218000090,2,64,-62
218000091,547,233,314
218000092,105,42,63
218000093,28,17,11
218000094,0,0,0
218000099,102,141,-39
218000100,55,96,-41
218000101,52,59,-7
218000102,148,35,113
218000103,4,23,-19
218000104,32,21,11
218000105,0,0,0
218000106,0,0,0
218000107,0,0,0
218000108,0,0,0
218000112,0,0,0
218000117,18,31,-13
218000134,36,28,8
218000135,12,5,7
218000136,48,18,30
218000137,20,35,-15
218000138,0,0,0
218000139,42,0,42
218000140,203,132,71
218000141,20,0,20
218000142,147,30,117
218000143,44,133,-89
218000144,2,75,-73
218000145,298,106,192
218000146,79,93,-14
218000151,0,7,-7
218000152,62,45,17
218000153,1,7,-6
218000154,3,0,3
218000155,32,5,27
218000156,164,5,159
218000157,118,7,111
218000158,3,1,2
218000159,0,7,-7
218000160,2,2,0
218000161,34,0,34
218000162,67,1,66
218000163,22,1,21
218000164,115,3,112
218000165,158,12,146
218000170,0,41,-41
218000171,36,10,26
218000172,4,17,-13
218000173,2,11,-9
218000174,12,1,11
218000176,325,7,318
218000177,259,11,248
218000178,149,32,117
218000179,199,13,186
218000180,38,2,36
218000181,111,5,106
218000187,0,0,0
218000188,0,0,0
218000189,0,0,0
218000190,0,0,0
218000191,0,0,0
218000192,0,0,0
218000193,0,0,0
218000194,0,0,0
218000195,165,43,122
218000196,342,64,278
218000197,481,85,396
218000198,48,37,11
218000199,28,1,27
218000200,32,5,27
218000201,9,1,8
218000202,0,0,0
218000207,0,0,0
218000208,0,0,0
218000211,10,0,10
218000212,0,0,0
218000213,75,60,15
218000214,4,60,-56
218000215,22,17,5
218000217,4,21,-17
218000218,148,215,-67
218000219,2,83,-81
218000220,23,158,-135
218000221,219,169,50
218000222,1,16,-15
218000223,41,387,-346
218000224,24,307,-283
218000225,185,69,116
218000226,178,15,163
218000230,0,0,0
218000232,4,1,3
218000239,39,0,39
218000240,0,0,0
218000241,3,0,3
218000242,2,0,2
218000243,0,0,0
218000244,23,0,23
218000245,0,4,-4
218000246,0,2,-2
218000247,0,0,0
218000248,0,0,0
218000249,0,0,0
218000250,0,1,-1
218000251,0,0,0
218000252,0,0,0
218000253,0,0,0
218000254,0,0,0
218000255,0,0,0
218000256,0,0,0
218000267,0,0,0
218000268,0,0,0
218000269,0,0,0
218000270,0,0,0
218000271,0,0,0
218000273,38,7,31
218000274,45,0,45
218000275,19,36,-17
218000276,7,24,-17
218000278,5,1,4
218000279,43,1,42
218000280,0,18,-18
218000281,0,6,-6
218000282,97,394,-297
218000284,36,9,27
218000301,0,0,0
218000302,24,10,14
218000303,0,0,0
218000316,720,296,424
218000317,1099,274,825
218000318,610,148,462
218000319,5,14,-9
218000320,0,0,0
218000338,19,12,7
218000345,0,0,0
218000346,14,91,-77
218000459,24,73,-49
218000490,0,0,0
218000501,38,32,6
218000502,0,0,0
218000503,52,4,48
218000504,63,2,61
218000505,0,0,0
218000506,0,0,0
218000508,0,0,0
218000510,90,24,66
218000520,149,112,37
218000521,0,4,-4
218000522,0,8,-8
218000523,21,0,21
218000524,3,92,-89
218000525,61,7,54
218000526,1,114,-113
218000529,11,15,-4
218000530,12,1,11
218000531,18,1,17
218000532,0,0,0
218000534,80,4,76
218000537,17,45,-28
218000538,28,84,-56
218000540,0,0,0
218000543,54,13,41
218000544,0,0,0
218000545,10,29,-19
218000546,0,0,0
218000547,30,63,-33
218000548,0,0,0
218000549,367,24,343
218000550,4,28,-24
218000551,2,74,-72
218000552,150,14,136
218000553,0,0,0
218000554,0,0,0
218000555,32,24,8
218000556,0,0,0
218000557,145,51,94
218000558,12,0,12
218000559,0,26,-26
218000560,0,8,-8
218000561,0,0,0
218000562,0,73,-73
218000563,79,12,67
218000564,0,58,-58
218000565,55,6,49
218000566,49,1,48
218000567,0,61,-61
218000568,0,0,0
218000569,0,43,-43
218000570,3,0,3
218000571,0,36,-36
218000572,46,0,46
218000573,0,77,-77
218000574,10,5,5
218000575,66,0,66
218000576,0,74,-74
218000577,42,0,42
218000578,0,65,-65
218000579,2,3,-1
218000581,0,0,0
218000582,19,0,19
218000583,3,0,3
218000584,0,0,0
218000585,32,4,28
218000586,27,6,21
218000587,0,0,0
218000588,0,0,0
218000589,0,0,0
218000590,0,0,0
218000591,0,0,0
218000592,0,0,0
218000593,0,0,0
218000594,0,0,0
218000595,0,0,0
218000596,0,0,0
218000597,0,0,0
218000598,0,0,0
218000599,0,0,0
218000600,0,0,0
218000601,0,0,0
218000602,0,0,0
218000603,0,7,-7
218000604,1,0,1
218000605,0,5,-5
218000606,1,0,1
218000607,0,15,-15
218000608,16,8,8
218000609,0,7,-7
218000610,63,3,60
218000611,21,0,21
218000612,0,3,-3
218000613,23,4,19
218000614,0,2,-2
218000615,37,0,37
218000616,4,4,0
218000617,1,5,-4
218000618,0,1,-1
218000619,24,0,24
218000620,0,3,-3
218000621,0,4,-4
218000622,0,18,-18
218000623,6,0,6
218000624,1,17,-16
218000625,0,0,0
218000626,0,7,-7
218000628,81,30,51
218000631,50,5,45
218000632,0,34,-34
218000633,2,0,2
218000634,0,0,0
218000635,0,2,-2
218000636,26,20,6
218000637,518,79,439
218000638,477,27,450
218000639,6,29,-23
218000640,328,3,325
218000641,49,67,-18
218000652,39,27,12
218000653,176,25,151
218000663,0,1,-1
218000675,2,22,-20
218000676,0,0,0
218000677,6,2,4
218000680,29,10,19
218000681,259,29,230
218000691,16,6,10
218000693,212,19,193
218000703,0,0,0
218000718,1,65,-64
218000719,5,25,-20
218000720,0,30,-30
218000721,2,0,2
218000725,0,0,0
218001214,0,1,-1
218001258,122,1,121
218001329,35,23,12
218001330,1,0,1
218001351,1,6,-5
218001352,0,3,-3
218001353,1,4,-3
218001354,0,1,-1
218001356,196,20,176
218001358,213,2,211
218001361,453,8,445
219000001,0,0,0
219000002,0,0,0
219000003,38,23,15
219000004,21,83,-62
219000017,23,61,-38
219000020,90,11,79
219000022,69,2,67
219000023,58,0,58
219000029,0,0,0
219000034,56,26,30
219000039,0,0,0
219000040,6,30,-24
219000041,40,56,-16
219000051,0,0,0
219000052,0,0,0
219000053,0,0,0
219000054,0,0,0
219000055,129,0,129
219000056,1,0,1
219000057,66,0,66
219000062,0,0,0
219000063,34,5,29
219000064,0,0,0
219000110,154,56,98
219000111,48,58,-10
219000112,98,21,77
219000113,120,13,107
219000114,158,14,144
219000116,62,20,42
219000117,87,16,71
219000118,37,37,0
219000123,118,1,117
219000124,3,0,3
219000125,0,0,0
219000126,0,0,0
219000127,0,0,0
219000128,0,0,0
219000129,0,0,0
219000130,0,0,0
219000131,563,950,-387
219000133,4,56,-52
219000134,6,60,-54
219000135,17,25,-8
219000136,46,91,-45
219000138,31,1,30
219000139,57,0,57
219000140,102,0,102
219000141,10,2,8
219000142,16,15,1
219000143,0,0,0
219000145,33,6,27
219000146,0,0,0
219000147,0,0,0
219000148,0,0,0
219000149,0,0,0
219000150,0,0,0
219000151,0,0,0
219000157,146,57,89
219000158,23,16,7
219000161,23,3,20
219000163,257,250,7
219000166,36,23,13
219000167,13,13,0
219000168,128,53,75
219000174,252,56,196
219000175,75,0,75
219000176,86,2,84
219000177,11,1,10
219000178,52,0,52
219000179,27,45,-18
219000180,15,2,13
219000182,56,2,54
219000183,18,5,13
219000184,27,1,26
219000185,0,0,0
219000186,115,0,115
219000187,31,3,28
219000189,0,0,0
219000190,0,0,0
219000191,0,0,0
219000192,176,202,-26
219000193,0,0,0
219000195,0,0,0
219000196,0,0,0
219000198,0,0,0
219000199,0,0,0
219000200,0,0,0
219000201,0,0,0
219000203,0,0,0
219000204,0,0,0
219000205,0,0,0
219000207,0,0,0
219000209,0,0,0
219000210,0,0,0
219000213,0,0,0
219000239,0,0,0
219000240,0,0,0
219000241,0,0,0
219000242,0,0,0
219000243,0,0,0
219000244,0,0,0
219000245,0,0,0
219000246,11,6,5
219000247,251,50,201
219000248,296,150,146
219000249,60,64,-4
219000250,103,50,53
219000251,246,92,154
219000252,261,80,181
219000253,117,34,83
219000255,86,91,-5
219000256,186,38,148
219000257,146,1,145
219000262,0,0,0
219000263,0,0,0
219000267,0,0,0
219000268,0,0,0
219000269,0,0,0
219000270,34,0,34
219000271,171,1,170
219000278,0,0,0
219000279,0,0,0
219000283,0,0,0
219000295,0,0,0
219000296,0,0,0
219000297,0,0,0
219000298,0,0,0
219000299,216,32,184
219000300,0,0,0
219000301,0,0,0
219000302,0,0,0
219000307,0,0,0
219000308,9,47,-38
219000311,141,12,129
219000312,238,12,226
219000313,320,11,309
219000314,0,0,0
219000315,241,20,221
219000316,276,33,243
219000317,69,18,51
219000320,0,0,0
219000321,0,0,0
219000323,0,0,0
219000325,0,0,0
219000326,0,0,0
219000327,0,0,0
219000328,0,0,0
219000329,56,95,-39
219000330,7,10,-3
219000331,33,6,27
219000332,80,62,18
219000333,21,1,20
219000335,55,1,54
219000337,12,0,12
219000338,37,0,37
219000344,0,0,0
219000345,0,0,0
219000346,0,0,0
219000348,0,0,0
219000349,0,0,0
219000350,0,0,0
219000351,0,0,0
219000352,9,99,-90
219000353,92,70,22
219000354,140,54,86
219000355,95,42,53
219000356,303,658,-355
219000363,92,25,67
219000364,145,24,121
219000365,74,5,69
219000366,91,237,-146
219000368,79,498,-419
219000370,255,597,-342
219000371,0,0,0
219000382,3,2,1
219000383,0,0,0
219000385,0,0,0
219000386,0,0,0
219000387,0,0,0
219000390,2,14,-12
219000391,2,0,2
219000397,0,0,0
219000398,4,3,1
219000401,0,0,0
219000402,0,0,0
219000403,0,0,0
219000404,0,0,0
219000407,0,0,0
219000409,65,38,27
219000410,28,13,15
219000411,43,4,39
219000446,0,0,0
219000447,0,0,0
219000448,17,21,-4
219000452,42,28,14
219000453,0,0,0
219000454,135,326,-191
219000556,183,10,173
219000558,0,0,0
219000590,0,0,0
219000591,107,13,94
219000592,0,0,0
219000595,0,0,0
219000635,139,18,121
219000636,0,0,0
219000657,1,1,0
219000658,0,0,0
219000673,0,0,0
219000676,28,0,28
219000679,7,0,7
219000684,102,0,102
219000685,0,0,0
219000686,0,0,0
219000688,0,0,0
219000689,0,0,0
219000690,123,9,114
219000691,26,0,26
219000692,27,0,27
219000693,0,0,0
219000694,0,0,0
219000695,5,0,5
219000698,11,0,11
219000699,0,0,0
219000727,0,0,0
219000728,14,0,14
219000770,6,0,6
219000771,0,0,0
219000788,0,0,0
219001150,3,24,-21
219001151,0,0,0
219001166,4,7,-3
219001167,0,0,0
219001178,28,1,27
220000001,0,23,-23
220000002,0,33,-33
220000003,0,0,0
220000004,0,0,0
220000005,0,0,0
220000006,0,0,0
220000007,0,0,0
220000008,0,0,0
220000009,19,125,-106
220000010,12,5,7
220000011,9,354,-345
220000012,4,54,-50
220000014,0,0,0
220000015,61,218,-157
220000017,56,45,11
220000018,708,168,540
220000019,211,409,-198
220000020,100,63,37
220000021,210,101,109
220000022,327,95,232
220000023,49,35,14
220000024,216,217,-1
220000025,337,866,-529
220000026,95,596,-501
220000027,12,96,-84
220000028,80,93,-13
220000029,0,0,0
220000030,0,0,0
220000031,143,229,-86
220000064,0,0,0
221000046,0,0,0
221000047,0,0,0
221000048,0,0,0
221000049,0,0,0
221000050,4,0,4
221000055,7,0,7
221000057,116,1,115
221000068,198,129,69
221000069,148,74,74
221000070,195,41,154
221000071,130,12,118
221000072,220,10,210
221000073,156,19,137
221000074,0,0,0
221000075,0,0,0
221000076,0,0,0
221000077,0,0,0
221000081,31,3,28
221000082,67,2,65
221000083,1,9,-8
221000084,3,1,2
221000085,9,0,9
221000086,0,0,0
221000087,0,0,0
221000088,0,0,0
221000089,0,0,0
221000090,0,0,0
221000098,82,17,65
221000099,164,11,153
221000100,89,9,80
221000101,110,2,108
221000102,139,7,132
221000109,0,0,0
221000110,0,0,0
221000111,0,0,0
221000112,0,0,0
221000113,0,0,0
221000114,0,0,0
221000120,22,30,-8
221000121,0,25,-25
221000122,21,14,7
221000123,8,22,-14
221000124,12,69,-57
221000155,129,8,121
221000156,14,17,-3
221000175,1,22,-21
221000176,0,4,-4
221000182,18,2,16
221000241,418,329,89
221000242,0,0,0
221000243,365,121,244
221000244,0,0,0
221000245,58,9,49
221000246,0,0,0
221000247,160,26,134
221000248,0,0,0
221000267,8,107,-99
221000325,36,23,13
221000331,9,25,-16
221000338,3,39,-36
221000378,262,41,221
221000381,29,24,5
222000282,0,0,0
222000296,0,4,-4
222000568,397,29,368
222000569,120,40,80
222000570,109,16,93
222000571,457,2,455
222000577,1,22,-21
222000578,1,33,-32
222000579,21,41,-20
222000580,6,181,-175
222000599,0,18,-18
222000600,0,39,-39
222000601,1,103,-102
222000603,6,6,0
222000604,4,11,-7
222000605,3,43,-40
222000606,0,4,-4
222000607,0,15,-15
222000608,0,0,0
222000609,11,18,-7
222000616,310,13,297
222000617,0,2,-2
222000618,1,16,-15
222000620,3,4,-1
222000621,10,20,-10
222000623,258,0,258
222000624,208,0,208
222000625,372,4,368
222000636,81,0,81
222000686,2,10,-8
222000687,2,4,-2
222001066,140,2,138
222001067,94,0,94
222001068,75,3,72
222001069,45,29,16
222001082,4,21,-17
222001083,8,16,-8
222001084,0,6,-6
222001085,1,56,-55
222001111,47,46,1
222001112,81,7,74
222001313,1,5,-4
222001314,0,17,-17
222001464,20,6,14
222001465,3,17,-14
222001484,76,8,68
222001485,7,3,4
222001494,469,34,435
222001495,23,21,2
222001496,341,38,303
222001497,4,56,-52
222001502,0,0,0
222001503,44,12,32
222001504,0,0,0
222001505,268,4,264
222001506,0,0,0
222001507,40,2,38
222001510,414,19,395
222001511,0,0,0
222001514,229,44,185
222001515,0,0,0
222001518,324,21,303
222001519,0,0,0
222001527,41,21,20
222001528,0,0,0
222001529,316,14,302
222001530,0,0,0
222001533,0,0,0
222001534,359,17,342
222001535,103,36,67
222001536,10,33,-23
222001537,130,16,114
222001538,0,0,0
222001563,621,8,613
222001564,0,0,0
222001568,107,13,94
222001576,1,24,-23
222001579,0,1,-1
222001583,5,14,-9
222001584,30,4,26
222001596,67,78,-11
222001597,575,85,490
222001626,0,24,-24
222001650,1,17,-16
222001651,26,44,-18
222001914,78,53,25
222001915,0,0,0
222001968,235,24,211
222001969,49,72,-23
222001970,40,33,7
222001971,20,4,16
222001972,1,4,-3
225000001,197,64,133
225000002,403,57,346
225000003,456,23,433
225000004,316,42,274
225000005,26,26,0
225000006,0,0,0
225000007,0,0,0
225000010,66,2,64
225000011,88,794,-706
225000012,100,548,-448
225000013,69,65,4
225000014,357,56,301
225000015,4,2,2
225000021,218,44,174
225000027,0,0,0
225000032,197,55,142
225000042,0,0,0
225000049,0,0,0
225000050,58,2,56
225000053,0,0,0
225000058,265,63,202
225000067,0,0,0
225000068,0,0,0
225000069,0,0,0
225000070,0,0,0
225000071,0,0,0
225000075,0,0,0
225000076,0,0,0
225000078,16,24,-8
225000085,44,19,25
225000086,205,6,199
225000087,32,3,29
225000088,0,0,0
225000089,0,0,0
225000090,0,0,0
225000091,0,0,0
225000092,0,0,0
225000093,0,0,0
225000094,0,0,0
225000095,0,0,0
225000096,0,0,0
225000098,302,105,197
225000099,414,41,373
225000100,556,57,499
225000104,0,4,-4
225000110,0,0,0
225000111,0,0,0
225000112,2,4,-2
225000113,0,7,-7
225000114,0,11,-11
225000115,11,16,-5
225000116,206,87,119
225000117,405,278,127
225000118,693,175,518
225000119,47,5,42
225000120,213,5,208
225000121,85,7,78
225000123,684,8,676
225000125,178,40,138
225000126,455,109,346
225000127,345,996,-651
225000128,373,834,-461
225000132,396,32,364
225000133,115,3,112
225000134,208,109,99
225000135,38,1,37
225000136,210,1,209
225000137,202,10,192
225000138,444,27,417
225000143,0,0,0
225000144,0,0,0
225000145,21,18,3
225000146,0,0,0
225000147,0,0,0
225000148,0,0,0
225000149,0,0,0
225000151,0,0,0
225000155,0,0,0
225000156,5,10,-5
225000157,2,3,-1
225000158,0,0,0
225000171,0,0,0
225000180,23,0,23
225000181,0,0,0
225000182,32,8,24
225000185,0,0,0
225000187,0,0,0
225000191,3,0,3
225000194,0,0,0
225000208,0,0,0
225000209,27,0,27
225000210,0,0,0
225000217,0,0,0
225000218,35,0,35
225000223,0,0,0
225000224,18,0,18
225000225,0,0,0
225000226,209,3,206
225000227,0,0,0
225000228,6,25,-19
225000229,0,0,0
225000230,2,0,2
225000231,0,0,0
225000232,25,0,25
225000241,70,0,70
225000242,0,0,0
225000249,12,0,12
225000250,0,0,0
225000251,431,21,410
225000254,0,0,0
225000256,0,0,0
225000257,0,0,0
226000042,0,0,0
226000043,0,0,0
226000044,0,0,0
226000045,0,0,0
226000046,442,24,418
226000047,210,23,187
226000048,188,11,177
226000049,152,74,78
226000070,0,0,0
226000071,0,0,0
226000072,0,0,0
226000073,0,0,0
226000074,0,0,0
226000084,0,0,0
226000085,0,0,0
226000086,0,0,0
226000087,0,0,0
226000088,0,0,0
226000090,5,12,-7
226000091,1,21,-20
226000092,0,23,-23
226000093,0,0,0
226000094,1,5,-4
226000095,5,12,-7
226000105,0,0,0
226000106,11,0,11
226000107,12,0,12
226000108,1,0,1
226000109,18,3,15
226000124,120,31,89
226000134,284,286,-2
226000135,913,247,666
226000136,171,130,41
226000137,0,0,0
226000138,0,0,0
226000139,0,0,0
226000156,108,0,108
226000157,97,0,97
226000163,0,0,0
226000202,0,0,0
226000231,174,0,174
226000232,4,0,4
227000033,237,39,198
227000036,417,3,414
227000037,340,6,334
227000038,102,3,99
227000084,0,0,0
227000085,0,0,0
227000088,19,0,19
227000089,9,1,8
227000090,40,0,40
227000091,33,2,31
227000092,11,0,11
227000093,20,0,20
227000094,0,0,0
227000130,0,0,0
227000131,0,0,0
227000132,0,0,0
227000133,0,0,0
227000134,0,0,0
227000152,0,0,0
227000153,0,0,0
227000154,0,0,0
227000155,0,0,0
227000156,0,0,0
227000165,0,0,0
227000196,349,2,347
227000199,322,10,312
227000230,0,0,0
227000232,195,8,187
227000242,0,0,0
227000243,248,20,228
227000245,0,0,0
227000246,0,0,0
227000247,420,32,388
227000248,69,18,51
227000249,0,0,0
227000250,239,160,79
227000251,0,0,0
227000252,0,0,0
227000253,270,8,262
227000262,569,20,549
227000266,650,26,624
227000267,0,0,0
227000282,0,0,0
227000284,254,20,234
227000286,0,0,0
227000287,0,0,0
227000291,0,0,0
227000296,32,30,2
227000484,261,0,261
227000485,0,0,0
227000655,151,2,149
227000656,487,4,483
227000657,16,1,15
227000661,176,28,148
229000265,15,1,14
229000296,0,8,-8
229000297,0,12,-12
229000298,2,24,-22
229000320,3,1,2
229000321,1,0,1
229000412,1,5,-4
229000414,0,9,-9
229000415,2,0,2
229000416,11,0,11
229000417,0,0,0
229000419,2,20,-18
229000440,52,3,49
229000442,19,6,13
229000443,0,0,0
229000444,0,5,-5
229000445,19,1,18
229000446,6,0,6
229000491,0,0,0
229000492,0,0,0
229000493,0,0,0
229000494,36,0,36
229000495,128,0,128
229000496,173,1,172
229000507,0,0,0
229000508,0,0,0
229000509,0,0,0
229000510,0,0,0
229000511,0,0,0
229000512,0,0,0
229000513,0,0,0
229000514,0,0,0
229000517,0,0,0
229000518,0,0,0
229000519,0,0,0
229000520,0,0,0
229000521,61,9,52
229000522,15,0,15
229000523,5,0,5
229000524,6,0,6
229000527,1,2,-1
229000528,0,0,0
229000529,46,0,46
229000530,122,13,109
229000531,33,32,1
229000532,28,1,27
229000533,83,1,82
229000534,15,5,10
229000564,94,0,94
229000565,69,0,69
229000566,0,0,0
229000567,0,0,0
229000582,46,6,40
229000583,10,1,9
229000584,0,0,0
229000585,0,0,0
229000718,0,0,0
229000719,0,0,0
229000720,0,0,0
229000721,0,0,0
229000722,0,0,0
229000723,0,0,0
229000724,0,0,0
229000725,0,0,0
229000738,2,0,2
229000739,0,0,0
229000740,1,0,1
229000741,34,0,34
229000742,10,0,10
229000743,24,0,24
229000744,1,0,1
229000745,0,0,0
229000746,3,0,3
229000847,75,0,75
229000848,46,0,46
229000849,93,0,93
229000851,186,0,186
229000854,0,0,0
229000856,0,0,0
229000857,0,0,0
229000858,0,0,0
229000919,0,0,0
229000930,0,0,0
229000937,84,0,84
229000966,41,14,27
229000981,0,0,0
229000985,0,1,-1
229000986,0,0,0
229000987,0,0,0
229000988,1,1,0
229000989,1,0,1
229000990,1,0,1
229000991,0,0,0
229000992,11,2,9
229000993,58,9,49
229000998,1,21,-20
229000999,11,1,10
229001034,3,4,-1
229001035,0,0,0
229001037,20,2,18
229001042,7,2,5
229001047,1,9,-8
229001050,41,9,32
229001168,0,0,0
229001200,29,0,29
229001338,0,1,-1
229001394,79,0,79
229001422,129,14,115
229001423,0,0,0
229001431,30,18,12
229001432,0,0,0
229001444,51,2,49
229001445,27,9,18
229001479,35,1,34
229001503,141,5,136
229001504,0,0,0
229001505,41,6,35
229001506,0,0,0
229001509,7,1,6
229001545,27,0,27
229001546,0,0,0
229001553,59,0,59
229001554,0,0,0
229001630,36,1,35
229001631,3,17,-14
229001635,0,0,0
229001636,0,0,0
229001658,0,0,0
229001659,22,0,22
229001660,0,0,0
229001661,1,5,-4
229001662,15,1,14
229001663,0,0,0
229002584,100,23,77
229002831,32,27,5
229002841,0,1,-1
229002842,8,0,8
229002843,10,15,-5
229002844,1,3,-2
229002845,0,21,-21
229002846,1,1,0
229002847,0,3,-3
229002848,9,11,-2
229002849,0,3,-3
229002850,1,0,1
229002851,0,31,-31
229002852,79,4,75
229002853,27,0,27
229002854,11,11,0
229002855,0,5,-5
229002856,6,0,6
229002857,6,8,-2
229002858,5,0,5
229002859,2,2,0
229002860,4,5,-1
229002861,12,4,8
229002862,2,7,-5
229002863,0,0,0
229002864,22,33,-11
229002865,19,1,18
229002866,20,0,20
229002867,0,0,0
229002868,0,0,0
229002869,0,11,-11
229002870,15,0,15
235000066,34,1,33
235000067,50,5,45
235000072,0,0,0
235000073,0,0,0
235000074,0,0,0
235000080,0,0,0
235000081,0,0,0
235000082,54,16,38
235000083,109,38,71
235000084,27,5,22
235000085,131,19,112
235000089,19,14,5
235000092,0,0,0
235000093,0,0,0
235000097,0,0,0
235000098,38,10,28
235000099,6,4,2
235000116,7,0,7
235000117,82,2,80
235000133,0,0,0
235000134,0,0,0
235000206,0,2,-2
235000207,0,0,0
235000208,0,0,0
235000209,4,0,4
235000210,12,1,11
235000212,0,0,0
235000213,0,0,0
235000220,0,0,0
235000221,0,0,0
235000238,12,134,-122
235000239,0,23,-23
235000242,101,744,-643
235000245,0,0,0
235000246,0,0,0
235000284,0,0,0
235000295,7,2,5
235000305,118,12,106
235000306,170,0,170
235000307,0,0,0
235000308,11,0,11
235000309,46,0,46
235000310,24,0,24
235000311,6,0,6
235000322,0,0,0
235000323,0,0,0
235000324,0,0,0
235000325,0,0,0
235000326,0,0,0
235000351,0,0,0
235000352,0,0,0
235000353,0,0,0
235000354,0,0,0
235000355,0,0,0
235000356,15,0,15
235000357,7,0,7
235000358,5,0,5
235000359,1,1,0
235000360,4,0,4
235000361,28,0,28
235000381,0,0,0
235000382,75,3,72
235000390,9,3,6
235000391,156,4,152
235000392,149,78,71
235000393,80,45,35
235000395,90,3,87
235000396,274,20,254
235000400,34,10,24
235000401,0,0,0
235000405,0,0,0
235000406,0,0,0
235000407,0,0,0
235000409,0,0,0
235000410,0,0,0
235000411,0,0,0
235000485,0,0,0
235000486,4,0,4
235000549,48,14,34
235000550,0,0,0
235000599,0,0,0
235000600,0,0,0
235000601,2,0,2
235000602,28,4,24
235000614,0,0,0
235000648,0,0,0
235000649,71,2,69
235000685,0,0,0
235000815,0,0,0
235000834,0,0,0
235000855,35,31,4
235000862,0,0,0
235000891,0,0,0
235000892,3,0,3
235000901,0,0,0
235000907,0,0,0
235001010,19,0,19
235001029,0,0,0
235001030,169,21,148
235001078,82,38,44
235001079,0,0,0
235001147,11,14,-3
235001166,4,2,2
235001167,0,0,0
235001169,0,0,0
235001188,0,0,0
235001189,2,0,2
235001197,0,0,0
235001200,0,0,0
235001207,92,3,89
235001210,0,0,0
235001215,0,0,0
235001239,0,0,0
235001244,0,0,0
235016267,0,0,0
277101746,0,2,-2
277102712,1,0,1
277103813,0,3,-3
277103814,0,0,0
277103898,0,0,0
277104249,0,0,0
277104250,0,33,-33
277104251,0,0,0
277104252,0,23,-23
990011530,0,0,0
990014944,0,32,-32
990015176,20,3,17
990015618,0,5,-5
990016032,0,0,0
990032570,0,20,-20
990070001,70,0,70
990070103,0,0,0
990070601,0,2,-2
990070751,862,6,856
990070766,0,0,0
990071180,668,2,666
990071343,4,0,4
990071387,0,0,0
990071823,118,0,118
990072600,0,20,-20
990072964,0,0,0
990073285,0,0,0
990074393,0,143,-143
990074870,693,5,688
990075106,241,2,239
990075746,439,5,434
990076437,1458,2,1456
990076458,0,0,0
997000007,82,1,81
997000041,0,26,-26
997000058,40,0,40
997000062,86,1,85
997000069,0,0,0
997000070,0,0,0
997000100,58,3,55
997000141,0,0,0
997000198,0,0,0
998000475,0,0,0
998000736,0,11,-11
998000965,0,18,-18
998001031,0,5,-5
998001700,0,0,0
998001899,0,0,0
998001900,10,58,-48
998003073,472,2,470
998101900,0,6,-6
998102850,0,0,0
998501927,200,0,200
998501929,99,1,98
998501930,33,0,33
998501931,36,1,35
998501932,1,0,1
998501933,119,1,118
998501937,8,0,8
998501944,2,1,1
998501970,50,1,49
998501971,0,47,-47
998501973,0,3,-3
998501974,0,20,-20
998501975,101,5,96
998501976,52,10,42
998501977,0,2,-2
998501978,6,0,6
998501979,0,0,0
998501980,19,0,19
998501981,84,6,78
998501982,0,0,0
998502006,0,0,0
998502024,0,4,-4
998502032,0,1,-1
998502062,39,61,-22
998502063,0,0,0
998502173,4,0,4
998502269,0,0,0
998601159,0,5,-5
998601292,0,0,0
999033574,0,1,-1
999800001,15,0,15
999800002,0,0,0
999800003,1,4,-3
999800004,0,3,-3
999800005,0,0,0
