ID,insum,outsum,diff
100000001,395,206,189
100000002,1642,3436,-1794
100000003,2720,3459,-739
100000004,219,887,-668
100000005,1797,2616,-819
100000006,345,376,-31
100000007,998,1371,-373
100000008,33,258,-225
100000009,154,728,-574
100000010,20,136,-116
100000011,170,32,138
100000012,30,183,-153
100000013,9,63,-54
100000014,51,230,-179
100000015,560,1076,-516
100000016,173,876,-703
100000017,136,1238,-1102
100000018,296,273,23
100000019,1161,1279,-118
100000020,642,2877,-2235
100000021,2412,666,1746
100000022,310,1595,-1285
100000023,1608,818,790
100000025,228,1141,-913
100000028,319,880,-561
100000029,13,408,-395
100000030,70,20,50
100000031,1015,3723,-2708
100000032,911,2501,-1590
100000033,530,1915,-1385
100000034,50,756,-706
100000035,243,626,-383
100000036,223,929,-706
100000037,481,294,187
100000038,1625,780,845
100000039,151,225,-74
100000040,254,168,86
100000041,1066,369,697
100000042,749,173,576
100000043,320,165,155
100000044,59,114,-55
100000045,92,246,-154
100000046,135,378,-243
100000047,68,290,-222
100000048,125,242,-117
100000049,689,733,-44
100000051,232,228,4
100000053,47,2,45
100000054,126,10,116
100000055,252,192,60
100000056,200,308,-108
100000057,1448,295,1153
100000058,468,285,183
100000059,22,127,-105
100000060,434,220,214
100000061,1746,440,1306
100000062,1065,466,599
100000063,711,313,398
100000064,1008,409,599
100000065,224,337,-113
100000066,90,270,-180
100000067,157,214,-57
100000068,181,589,-408
100000069,139,590,-451
100000072,112,215,-103
100000073,486,450,36
100000075,483,93,390
100000076,571,3657,-3086
100000077,66,326,-260
100000078,5,36,-31
100000079,9,45,-36
100000080,1,41,-40
100000081,8,39,-31
100000102,1367,3004,-1637
100000103,891,1579,-688
100000104,1694,1570,124
100000105,593,888,-295
100000106,434,1837,-1403
100000107,52,912,-860
100000108,130,392,-262
100000109,274,713,-439
100000116,257,324,-67
100000117,8,131,-123
100000118,505,517,-12
100000119,457,517,-60
100000121,78,353,-275
100000122,260,1161,-901
100000123,736,1155,-419
100000124,1042,1408,-366
100000125,2596,1676,920
100000126,254,258,-4
100000127,417,397,20
100000128,117,1875,-1758
100000129,75,461,-386
100000130,441,151,290
100000131,581,753,-172
100000132,379,1015,-636
100000133,992,409,583
100000135,375,784,-409
100000139,95,372,-277
100000140,111,91,20
100000142,345,323,22
100000143,380,152,228
100000144,873,291,582
100000147,773,3014,-2241
100000150,33,234,-201
100000151,69,969,-900
100000153,38,194,-156
100000154,5,511,-506
100000155,0,32,-32
100000156,41,211,-170
100000157,252,226,26
100000158,100,113,-13
100000159,52,756,-704
100000165,473,234,239
100000169,34,858,-824
100000174,203,499,-296
100000179,18,425,-407
100000180,387,1047,-660
100000181,112,209,-97
100000188,27,69,-42
100000189,364,228,136
100000190,263,663,-400
100000191,393,267,126
100000192,1,101,-100
100000193,122,73,49
100000330,229,481,-252
100000355,108,340,-232
100000362,1326,580,746
100000363,4904,4535,369
100000364,89,132,-43
100000365,3899,5270,-1371
100000366,1188,660,528
100000367,3267,3760,-493
100000368,632,603,29
100000369,250,1332,-1082
100000370,43,771,-728
100000376,31,322,-291
100000379,343,1834,-1491
100000380,1569,3909,-2340
100000384,2651,3699,-1048
100000385,483,2776,-2293
100000386,872,3090,-2218
100000387,1245,4175,-2930
100000388,1217,2065,-848
100000389,2017,3568,-1551
100000390,1547,1369,178
100000391,1700,4116,-2416
100000392,259,1126,-867
100000393,215,2291,-2076
100000394,845,2560,-1715
100000395,480,2225,-1745
100000396,644,1078,-434
100000397,694,3569,-2875
100000398,5093,2350,2743
100900002,24,8,16
100900003,333,242,91
100900004,4,309,-305
100900005,130,1,129
100900006,32,16,16
100900007,74,4,70
100900008,1,91,-90
100900009,7,7,0
100900010,45,20,25
100900011,134,91,43
100900012,0,29,-29
100900013,735,6,729
100900014,0,0,0
100900015,37,10,27
100900016,2,17,-15
100900017,646,59,587
100900018,1,12,-11
100900019,13,37,-24
100900020,233,1,232
100900021,434,1,433
100900022,2,10,-8
100900023,0,9,-9
100900024,161,2,159
100900025,0,1,-1
100900026,112,21,91
100900027,121,1507,-1386
100900028,29,105,-76
100900029,40,0,40
100900030,2,42,-40
100900031,679,46,633
100900032,241,0,241
100900033,54,246,-192
100900034,707,0,707
100900035,100,0,100
100900036,7,0,7
100900037,107,40,67
100900038,9,13,-4
100900039,268,62,206
100900040,495,172,323
100900041,1164,57,1107
100900042,91,1394,-1303
100900043,0,13,-13
100900044,387,310,77
100900045,0,0,0
100900046,722,2,720
100900047,615,88,527
100900048,65,3,62
100900049,9,34,-25
100900050,1,4,-3
100900051,79,69,10
100900052,142,2,140
100900053,729,20,709
100900054,0,5,-5
100900055,106,733,-627
100900056,6,29,-23
100900057,872,115,757
100900058,153,39,114
100900059,99,0,99
100900060,168,5,163
100900061,48,59,-11
100900062,7,3,4
100900063,189,529,-340
100900064,335,12,323
100900065,25,126,-101
100900066,73,16,57
100900067,3,1,2
100900068,74,51,23
100900069,16,0,16
100900070,423,22,401
100900071,91,39,52
100900072,0,6,-6
100900073,67,119,-52
100900074,2,32,-30
100900075,856,32,824
100900076,4,6,-2
100900077,55,7,48
100900078,22,86,-64
100900079,1,0,1
100900080,61,109,-48
100900081,4,85,-81
100900082,179,88,91
100900083,15,55,-40
100900085,0,160,-160
100900086,13,241,-228
100900088,105,59,46
100900089,0,71,-71
100900090,18,267,-249
100900091,0,3,-3
100900092,29,132,-103
100900093,218,253,-35
100900094,125,59,66
100900095,2,6,-4
100900096,4,57,-53
100900097,2,0,2
100900098,17,39,-22
100900099,1,52,-51
100900100,0,72,-72
100900101,73,6,67
100900102,0,44,-44
100900103,1,3,-2
100900104,1,33,-32
100900105,1,64,-63
100900106,5,5,0
100900107,668,336,332
100900108,0,10,-10
100900109,20,10,10
100900110,2,10,-8
100900111,7,35,-28
100900112,0,7,-7
100900113,3,19,-16
100900114,12,23,-11
100900115,10,2,8
100900116,359,161,198
100900117,135,841,-706
100900118,1,19,-18
100900119,3,35,-32
100900120,0,1,-1
100900121,187,163,24
100900122,20,41,-21
100900123,122,4,118
100900124,1,7,-6
100900125,0,7,-7
100900126,196,46,150
100900127,3,12,-9
100900128,28,112,-84
100900129,2,115,-113
100900131,7,29,-22
100900133,27,14,13
100900134,1,4,-3
100900135,0,132,-132
100900137,95,26,69
100900138,97,130,-33
100900139,0,0,0
100900140,0,23,-23
100900141,0,182,-182
100900142,0,4,-4
100900143,110,154,-44
100900144,1,10,-9
100900145,3,89,-86
100900146,6,31,-25
100900147,6,471,-465
100900148,8,97,-89
100900149,1,279,-278
100900150,2,36,-34
100900151,26,178,-152
100900152,70,3,67
100900153,1,186,-185
100900154,10,28,-18
100900155,36,9,27
100900156,9,0,9
100900157,7,158,-151
100900158,294,10,284
100900159,1,3,-2
100900160,38,0,38
100900161,26,0,26
100900162,4,121,-117
100900163,17,11,6
100900164,104,0,104
100900165,14,25,-11
100900166,3,0,3
100900167,0,10,-10
100900168,6,46,-40
100900169,31,390,-359
100900170,5,2,3
100900171,1,235,-234
100900172,2,139,-137
100900173,1,23,-22
100900174,19,21,-2
100900176,407,21,386
100900177,71,16,55
100900178,98,211,-113
100900179,61,49,12
100900180,0,0,0
100900181,16,6,10
100900182,18,9,9
100900184,11,57,-46
100900186,305,117,188
100900187,11,52,-41
100900188,8,5,3
100900189,935,125,810
100900191,149,703,-554
100900192,65,223,-158
100900195,44,86,-42
100900197,15,40,-25
100900198,6,10,-4
100900199,2,2,0
100900200,510,103,407
100900201,20,471,-451
100900202,10,0,10
100900203,0,12,-12
100900204,39,138,-99
100900205,43,377,-334
100900206,135,147,-12
100900207,130,104,26
100900210,21,61,-40
100900211,81,57,24
100900213,57,35,22
100900214,112,31,81
100900215,13,2,11
100900217,1,1,0
101000001,1128,1980,-852
101000002,2858,3820,-962
101000003,69,836,-767
101000004,3187,5766,-2579
101000005,2976,4848,-1872
101000006,2444,7542,-5098
101000007,1046,3170,-2124
101000008,1179,1756,-577
101000009,1306,316,990
101000010,537,392,145
101000011,257,150,107
101000012,156,207,-51
101000013,297,796,-499
101000014,219,347,-128
101000015,2113,764,1349
101000016,163,426,-263
101000017,150,195,-45
101000018,837,1995,-1158
101000020,586,510,76
101000021,200,214,-14
101000022,79,369,-290
101000023,421,423,-2
101000025,196,305,-109
101000026,179,8,171
101000027,927,2325,-1398
101000028,322,285,37
101000029,2,704,-702
101000030,437,156,281
101000031,57,537,-480
101000032,1264,2759,-1495
101000033,448,2125,-1677
101000034,259,1497,-1238
101000035,232,202,30
101000036,164,979,-815
101000037,227,1542,-1315
101000039,771,1315,-544
101000040,1150,2690,-1540
101000041,920,3885,-2965
101000042,46,632,-586
101000043,1615,2836,-1221
101000045,119,470,-351
101000046,499,2122,-1623
101000047,737,3728,-2991
101000048,115,244,-129
101000049,240,550,-310
101000050,233,963,-730
101000051,408,1604,-1196
101000052,444,1230,-786
101000053,176,561,-385
101000054,356,226,130
101000055,486,740,-254
101000056,3,113,-110
101000057,321,1456,-1135
101000058,211,1005,-794
101000059,711,2278,-1567
101000060,649,497,152
101000061,115,1544,-1429
101000062,121,293,-172
101000063,67,773,-706
101000064,128,567,-439
101000065,28,477,-449
101000066,188,815,-627
101000067,162,418,-256
101000068,107,320,-213
101000069,93,38,55
101000070,315,317,-2
101000071,1693,786,907
101000072,297,1389,-1092
101000073,233,919,-686
101000074,1257,1884,-627
101000075,1718,1346,372
101000077,1306,1207,99
101000078,519,581,-62
101000079,800,651,149
101000080,697,402,295
101000081,759,945,-186
101000082,991,913,78
101000083,1748,1129,619
101000084,527,260,267
101000085,943,747,196
101000086,458,392,66
101000087,390,445,-55
101000088,874,583,291
101000089,430,839,-409
101000090,789,281,508
101000091,306,257,49
101000092,1395,412,983
101000093,745,288,457
101000094,361,296,65
101000095,356,305,51
101000096,434,231,203
101000097,184,214,-30
101000098,233,305,-72
101000099,349,569,-220
101000100,463,670,-207
101000101,95,388,-293
101000102,230,497,-267
101000103,209,280,-71
101000104,115,484,-369
101000105,457,325,132
101000106,39,1080,-1041
101000107,150,208,-58
101000108,236,51,185
101000109,413,48,365
101000110,5,136,-131
101000111,11,78,-67
101000113,32,443,-411
101000114,1256,3323,-2067
101000115,0,0,0
101000116,0,0,0
101000117,0,0,0
101000119,31,78,-47
101000120,24,45,-21
101000121,13,43,-30
101000122,92,147,-55
101000123,23,114,-91
101000124,883,420,463
101000125,46,81,-35
101000128,90,978,-888
101000130,125,169,-44
101000131,890,247,643
101000132,472,307,165
101000135,5,20,-15
101000136,29,97,-68
101000137,5,329,-324
101000141,317,2460,-2143
101000147,433,146,287
101000148,405,2,403
101000149,0,0,0
101000150,46,155,-109
101000151,380,17,363
101000152,192,126,66
101000153,165,75,90
101000154,423,229,194
101000155,501,69,432
101000156,12,149,-137
101000157,33,38,-5
101000160,0,0,0
101000163,42,530,-488
101000164,106,75,31
101000165,147,205,-58
101000166,64,156,-92
101000168,589,119,470
101000252,1678,517,1161
101000254,13,7,6
101000258,104,7,97
101000261,179,50,129
101000262,550,2910,-2360
101000263,117,894,-777
101000265,19,432,-413
101000266,132,181,-49
101000269,10,13,-3
101000290,120,1767,-1647
101000293,0,0,0
101000294,151,198,-47
101000295,141,119,22
101000301,126,491,-365
101000304,1046,1682,-636
101000305,1208,743,465
101900001,21,38,-17
101900002,0,2,-2
101900003,31,18,13
101900004,0,74,-74
101900005,719,2028,-1309
101900006,462,31,431
101900007,109,120,-11
101900008,5,160,-155
101900009,6,180,-174
101900010,305,365,-60
101900011,41,583,-542
101900012,82,39,43
101900013,82,47,35
101900017,13,63,-50
101900018,238,47,191
101900019,20,11,9
101900020,197,49,148
101900021,7,12,-5
101900022,61,285,-224
101900023,36,41,-5
102000001,1803,4952,-3149
102000002,1514,761,753
102000003,1003,4450,-3447
102000004,1751,1981,-230
102000005,572,2602,-2030
102000006,357,933,-576
102000007,823,3246,-2423
102000008,2849,1020,1829
102000009,4247,5343,-1096
102000010,2046,1328,718
102000011,2786,2977,-191
102000012,2223,2142,81
102000018,1209,1993,-784
102000019,1060,973,87
102000026,196,259,-63
102000029,131,105,26
102000030,77,263,-186
102000031,33,129,-96
102000032,466,223,243
102000033,181,333,-152
102000034,261,806,-545
102000035,421,176,245
102000036,18,180,-162
102000037,76,20,56
102000038,32,77,-45
102000039,28,56,-28
102000040,58,145,-87
102000041,18,216,-198
102000042,27,126,-99
102000043,14,205,-191
102000044,117,481,-364
102000045,264,376,-112
102000046,992,222,770
102000047,348,286,62
102000048,445,348,97
102000049,571,422,149
102000050,463,472,-9
102000051,130,263,-133
102000052,550,454,96
102000053,539,548,-9
102000054,514,314,200
102000055,536,126,410
102000056,712,99,613
102000057,798,264,534
102000058,455,293,162
102000059,360,474,-114
102000060,483,645,-162
102000061,1243,677,566
102000062,1564,661,903
102000063,669,773,-104
102000064,338,491,-153
102000065,24,92,-68
102000066,284,218,66
102000067,1498,2289,-791
102000068,3945,2338,1607
102000069,50,1173,-1123
102000070,944,23,921
102000071,3388,7272,-3884
102000072,1489,1788,-299
102000073,217,239,-22
102000074,356,306,50
102000075,100,107,-7
102000076,201,116,85
102000077,438,233,205
102000078,845,232,613
102000079,86,43,43
102000080,231,84,147
102000081,211,481,-270
102000082,312,344,-32
102000083,383,93,290
102000084,728,74,654
102000085,706,263,443
102000086,1090,391,699
102000087,291,565,-274
102000088,267,116,151
102000089,970,176,794
102000090,184,775,-591
102000091,711,436,275
102000092,148,409,-261
102000093,410,514,-104
102000094,365,110,255
102000095,242,462,-220
102000096,727,164,563
102000097,503,201,302
102000098,267,262,5
102000099,663,295,368
102000100,115,387,-272
102000101,140,256,-116
102000102,96,510,-414
102000103,841,380,461
102000104,327,172,155
102000105,142,229,-87
102000106,493,171,322
102000107,1157,88,1069
102000108,367,232,135
102000109,305,217,88
102000110,763,248,515
102000111,12,252,-240
102000112,52,107,-55
102000113,3,24,-21
102000114,502,265,237
102000115,77,163,-86
102000116,168,534,-366
102000117,22,275,-253
102000118,482,1587,-1105
102000119,378,718,-340
102000120,194,424,-230
102000121,605,233,372
102000122,365,696,-331
102000123,524,332,192
102000124,885,653,232
102000125,323,301,22
102000126,332,273,59
102000127,684,199,485
102000128,463,377,86
102000129,550,204,346
102000130,408,640,-232
102000131,590,759,-169
102000132,299,1322,-1023
102000133,2638,766,1872
102000134,773,369,404
102000135,208,688,-480
102000136,719,425,294
102000137,297,195,102
102000138,81,74,7
102000139,54,102,-48
102000140,61,151,-90
102000141,34,175,-141
102000142,160,73,87
102000143,119,127,-8
102000144,201,63,138
102000145,183,74,109
102000146,292,140,152
102000147,257,176,81
102000148,68,143,-75
102000149,224,42,182
102000150,479,15,464
102000151,46,28,18
102000152,180,77,103
102000153,468,288,180
102000154,107,159,-52
102000155,20,168,-148
102000156,159,64,95
102000157,7,165,-158
102000158,82,299,-217
102000159,396,669,-273
102000161,885,1302,-417
102000162,32,114,-82
102000163,29,228,-199
102000164,218,385,-167
102000165,84,89,-5
102000166,8,114,-106
102000167,55,100,-45
102000168,55,128,-73
102000169,36,450,-414
102000170,191,19,172
102000171,7,51,-44
102000172,6,138,-132
102000173,243,199,44
102000174,101,36,65
102000175,79,19,60
102000176,13,17,-4
102000178,106,166,-60
102000179,214,125,89
102000180,516,138,378
102000181,857,185,672
102000182,457,231,226
102000183,1241,493,748
102000184,990,446,544
102000185,1800,301,1499
102000186,912,444,468
102000187,469,320,149
102000188,761,542,219
102000189,1245,178,1067
102000190,414,1352,-938
102000191,464,175,289
102000192,601,703,-102
102000193,76,81,-5
102000194,43,68,-25
102000195,473,182,291
102000196,219,196,23
102000197,775,89,686
102000198,165,169,-4
102000199,1042,79,963
102000200,160,288,-128
102000201,1352,228,1124
102000202,0,29,-29
102000203,250,76,174
102000204,582,175,407
102000205,902,157,745
102000206,259,126,133
102000207,441,309,132
102000208,196,246,-50
102000209,50,47,3
102000210,336,61,275
102000211,349,61,288
102000212,419,4,415
102000213,12,56,-44
102000214,377,6,371
102000215,9,93,-84
102000216,96,79,17
102000217,2,73,-71
102000218,181,104,77
102000219,46,28,18
102000225,192,464,-272
102000226,81,0,81
102000227,84,3,81
102000228,0,12,-12
102000229,79,52,27
102000230,153,165,-12
102000231,254,219,35
102000232,5,114,-109
102000233,370,144,226
102000234,41,871,-830
102000236,76,22,54
102000237,252,101,151
102000238,83,133,-50
102000240,72,231,-159
102000241,89,25,64
102000243,2,30,-28
102000245,1,24,-23
102000246,16,103,-87
102000247,55,246,-191
102000248,185,746,-561
102000249,68,22,46
102000250,35,93,-58
102000254,290,54,236
102000266,4,76,-72
102000271,20,0,20
102000286,218,246,-28
102000297,1127,307,820
102000299,0,0,0
102000301,0,0,0
102000302,0,0,0
102000303,0,0,0
102000304,0,0,0
102000305,0,0,0
102000306,0,0,0
102000307,0,6,-6
102000308,0,0,0
102900001,672,210,462
102900002,168,5,163
102900003,74,62,12
102900005,284,126,158
102900006,362,33,329
102900007,362,3,359
102900008,173,6,167
102900009,124,103,21
102900010,188,574,-386
102900011,351,134,217
102900012,255,27,228
102900013,27,5,22
102900015,524,181,343
102900016,79,10,69
102900017,166,61,105
102900018,12,19,-7
102900019,133,196,-63
102900020,64,8,56
102900021,20,9,11
102900022,19,13,6
102900023,1,5,-4
102900024,9,22,-13
102900025,25,9,16
102900026,88,1246,-1158
102900027,48,14,34
102900028,61,551,-490
102900029,7,84,-77
102900030,221,259,-38
102900031,258,31,227
102900032,41,17,24
102900033,58,18,40
102900034,442,18,424
102900035,85,85,0
102900036,139,111,28
102900037,88,76,12
102900038,125,68,57
102900039,46,356,-310
102900040,71,101,-30
102900041,66,29,37
102900042,119,20,99
102900043,221,37,184
102900044,143,377,-234
102900045,97,140,-43
102900046,208,47,161
102900047,30,158,-128
102900048,239,48,191
102900049,32,72,-40
102900050,68,110,-42
102900051,27,47,-20
102900052,8,10,-2
102900053,148,93,55
102900054,129,440,-311
102900055,28,205,-177
102900056,54,80,-26
102900057,1,20,-19
102900058,361,36,325
102900059,3,4,-1
102900060,15,113,-98
102900061,82,163,-81
102900062,154,177,-23
102900063,1158,94,1064
102900064,25,259,-234
102900065,488,182,306
102900066,89,2,87
102900068,14,65,-51
102900070,67,104,-37
102900072,0,27,-27
102900073,17,0,17
102900074,42,107,-65
102900075,0,5,-5
102900076,6,24,-18
102900077,14,6,8
102900078,10,14,-4
102900079,124,0,124
102900080,284,7,277
102900081,16,72,-56
102900082,7,42,-35
102900083,17,12,5
102900084,0,4,-4
102900085,29,14,15
102900086,0,3,-3
102900087,140,56,84
102900088,24,20,4
102900089,53,32,21
102900090,0,31,-31
102900091,196,3,193
102900092,255,67,188
102900093,110,92,18
102900094,0,21,-21
102900095,72,0,72
102900096,29,3,26
102900097,0,20,-20
103000001,1610,1338,272
103000002,1870,1725,145
103000003,1888,1531,357
103000004,479,216,263
103000005,902,1798,-896
103000006,692,860,-168
103000007,266,176,90
103000008,589,357,232
103000009,925,758,167
103000010,124,26,98
103000011,812,317,495
103000012,801,916,-115
103000013,1465,1016,449
103000014,869,1833,-964
103000015,823,373,450
103000016,290,810,-520
103000017,156,597,-441
103000018,264,140,124
103000019,154,331,-177
103000020,937,779,158
103000021,1519,2277,-758
103000022,345,711,-366
103000023,722,1694,-972
103000024,69,70,-1
103000025,40,867,-827
103000026,152,82,70
103000027,42,466,-424
103000028,257,173,84
103000029,69,130,-61
103000030,986,850,136
103000031,524,1380,-856
103000032,1302,658,644
103000033,2537,2261,276
103000034,754,431,323
103000035,98,714,-616
103000036,123,181,-58
103000037,339,289,50
103000038,289,515,-226
103000039,271,131,140
103000040,630,238,392
103000041,1197,877,320
103000042,845,119,726
103000043,508,305,203
103000044,214,72,142
103000046,127,208,-81
103000047,393,110,283
103000048,288,84,204
103000049,90,39,51
103000050,477,106,371
103000051,424,213,211
103000052,427,100,327
103000053,147,144,3
103000054,1083,294,789
103000055,1266,558,708
103000056,374,560,-186
103000057,965,77,888
103000058,459,155,304
103000059,592,198,394
103000060,469,136,333
103000061,537,333,204
103000062,387,98,289
103000063,703,350,353
103000064,86,52,34
103000065,8,85,-77
103000066,102,4,98
103000069,161,106,55
103000070,371,141,230
103000071,857,379,478
103000072,106,274,-168
103000073,641,28,613
103000074,804,34,770
103000075,59,186,-127
103000076,193,593,-400
103000077,18,169,-151
103000078,436,672,-236
103000079,275,498,-223
103000080,249,329,-80
103000081,105,1077,-972
103000082,362,76,286
103000083,48,211,-163
103000084,23,9,14
103000085,0,92,-92
103000086,497,390,107
103000087,132,594,-462
103000088,232,245,-13
103000089,213,452,-239
103000090,2958,1262,1696
103000091,617,445,172
103000092,291,95,196
103000093,205,313,-108
103000094,197,60,137
103000095,58,193,-135
103000096,330,12,318
103000097,13,256,-243
103000098,341,19,322
103000099,51,227,-176
103000100,170,160,10
103000101,999,34,965
103000102,124,117,7
103000103,588,52,536
103000104,84,43,41
103000105,170,26,144
103000106,15,67,-52
103000107,159,42,117
103000108,663,981,-318
103000109,258,430,-172
103000110,339,542,-203
103000111,226,371,-145
103000112,143,242,-99
103000113,138,679,-541
103000114,823,315,508
103000115,626,721,-95
103000116,821,337,484
103000117,535,333,202
103000118,313,242,71
103000119,563,188,375
103000120,81,171,-90
103000121,22,209,-187
103000122,332,740,-408
103000125,5,58,-53
103000126,398,2,396
103000127,2,94,-92
103000128,95,0,95
103000129,1,85,-84
103000130,48,26,22
103000131,95,88,7
103000132,11,55,-44
103000133,26,117,-91
103000134,171,533,-362
103000135,272,167,105
103000136,142,108,34
103000137,135,324,-189
103000138,322,421,-99
103000139,1,26,-25
103000140,30,6,24
103000141,5,37,-32
103000142,29,44,-15
103000143,11,72,-61
103000144,157,48,109
103000145,8,133,-125
103000150,36,36,0
103000152,91,144,-53
103000153,129,167,-38
103000156,4,126,-122
103000157,366,0,366
103000159,94,38,56
103000162,38,25,13
103000163,0,22,-22
103000164,1,8,-7
103000165,13,132,-119
103000166,188,378,-190
103000167,124,94,30
103000168,102,41,61
103000169,204,423,-219
103000170,1289,180,1109
103000171,25,53,-28
103000172,673,157,516
103000173,590,135,455
103000174,335,162,173
103000175,224,113,111
103000176,434,514,-80
103000177,107,266,-159
103000178,71,164,-93
103000179,51,5,46
103000183,249,10,239
103000185,119,41,78
103000186,269,29,240
103000187,694,86,608
103000188,10,68,-58
103000189,520,634,-114
103000191,218,142,76
103000292,230,1057,-827
103000293,404,2109,-1705
103000295,36,18,18
103000296,98,2,96
103000297,3,36,-33
103000504,92,9,83
103000505,6,3,3
103000506,0,41,-41
103000507,84,0,84
103000508,31,35,-4
103000509,137,146,-9
103900001,10,36,-26
103900002,222,49,173
103900003,431,161,270
103900004,42,0,42
103900005,0,14,-14
103900006,1,2,-1
103900007,87,1,86
103900008,5,0,5
103900009,233,43,190
103900010,154,27,127
103900011,310,17,293
103900012,6,44,-38
103900013,5,3,2
103900014,34,3,31
103900015,69,2,67
103900016,34,41,-7
103900017,51,17,34
103900018,115,33,82
103900019,1,240,-239
103900020,111,288,-177
103900021,92,9,83
103900022,259,111,148
103900023,156,0,156
103900024,23,99,-76
103900025,5,3,2
103900026,0,0,0
103900027,157,77,80
103900028,19,160,-141
103900029,728,56,672
103900030,181,42,139
103900031,83,0,83
103900032,43,68,-25
103900033,24,9,15
103900034,8,18,-10
103900035,43,28,15
103900036,39,39,0
103900037,33,12,21
103900038,37,131,-94
103900039,127,43,84
103900040,14,134,-120
103900041,65,15,50
103900042,114,68,46
103900043,219,8,211
103900044,59,232,-173
103900045,188,130,58
103900047,81,7,74
103900048,5,7,-2
103900049,47,413,-366
103900050,9,91,-82
103900051,3,34,-31
103900052,98,101,-3
103900053,205,87,118
103900054,88,61,27
103900055,185,65,120
103900056,17,8,9
103900057,108,56,52
103900058,344,97,247
103900059,0,21,-21
103900060,57,64,-7
103900061,209,1,208
103900062,364,133,231
103900063,5,0,5
103900064,149,0,149
103900065,113,68,45
103900066,113,36,77
103900067,216,2,214
103900068,1,0,1
103900069,21,0,21
103900070,92,56,36
103900071,2,4,-2
103900072,11,73,-62
103900073,20,24,-4
103900074,68,8,60
103900075,80,3,77
103900076,475,188,287
103900077,14,97,-83
103900078,157,51,106
103900079,42,22,20
103900080,1,7,-6
103900081,1,2,-1
103900082,10,25,-15
103900083,1125,1112,13
103900084,28,29,-1
103900085,10,33,-23
103900086,770,133,637
103900087,5,46,-41
103900088,87,252,-165
103900089,5,47,-42
103900090,0,15,-15
103900091,299,33,266
103900092,343,325,18
103900093,48,126,-78
103900094,7,28,-21
103900095,31,150,-119
103900096,68,13,55
103900097,6,71,-65
103900098,93,40,53
103900099,263,23,240
103900100,288,35,253
103900101,136,226,-90
103900102,9,7,2
103900104,1,5,-4
103900105,30,9,21
103900106,0,113,-113
103900107,147,37,110
103900108,26,46,-20
103900109,135,7,128
103900110,132,21,111
103900111,196,109,87
103900112,14,15,-1
103900113,34,79,-45
103900114,297,128,169
103900115,90,79,11
103900116,346,588,-242
103900117,46,10,36
103900119,24,159,-135
103900120,14,14,0
103900122,100,28,72
103900123,135,263,-128
103900124,31,13,18
103900125,78,19,59
103900126,476,21,455
103900127,89,44,45
103900128,104,34,70
103900131,4,24,-20
103900133,388,8,380
103900134,0,5,-5
103900135,2,3,-1
103900137,0,18,-18
103900138,185,41,144
103900139,43,1850,-1807
103900140,1,263,-262
103900141,85,38,47
103900142,326,23,303
103900143,231,0,231
103900144,0,6,-6
103900145,37,74,-37
103900146,255,49,206
103900147,269,34,235
103900148,213,32,181
103900149,219,140,79
103900150,1458,2796,-1338
103900151,8,17,-9
103900152,829,101,728
103900153,7,3,4
103900154,104,1014,-910
103900155,16,33,-17
103900156,9,27,-18
103900157,59,15,44
103900158,113,15,98
103900159,198,1,197
103900160,11,7,4
103900161,12,67,-55
103900162,51,13,38
103900163,5,85,-80
103900164,137,4,133
103900167,8,46,-38
103900168,36,6,30
103900169,6,39,-33
103900170,0,10,-10
103900171,0,1,-1
103900172,2,0,2
103900173,15,8,7
103900174,220,3,217
103900175,1,131,-130
103900176,2,7,-5
103900177,8,3,5
103900178,38,1,37
103900179,33,0,33
103900180,2,2,0
103900181,9,5,4
103900182,3,1,2
103900184,33,11,22
103900185,10,246,-236
103900187,2,157,-155
103900188,79,51,28
103900189,70,3,67
103900190,51,7,44
103900191,2,5,-3
103900192,14,14,0
103900193,10,12,-2
103900194,7,15,-8
103900195,3,63,-60
103900196,14,9,5
103900197,3,6,-3
103900198,2,3,-1
103900199,105,1,104
103900200,200,17,183
103900201,16,36,-20
103900202,1,7,-6
103900203,72,28,44
103900204,1,8,-7
103900207,0,11,-11
103900208,112,0,112
103900209,1,14,-13
103900210,41,16,25
103900211,469,103,366
103900212,45,19,26
103900213,1,89,-88
103900214,83,200,-117
103900215,51,161,-110
103900216,1,93,-92
103900217,218,23,195
103900218,1,98,-97
103900219,142,23,119
103900233,51,5,46
103900235,10,34,-24
103900236,3,12,-9
103900242,1,0,1
103900243,0,0,0
103900244,89,24,65
103900245,22,26,-4
103900246,10,16,-6
103900247,1,1,0
103900248,1,29,-28
103900249,0,61,-61
103900250,0,1,-1
103900251,0,12,-12
103900253,1,28,-27
103900254,5,20,-15
103900255,0,7,-7
103900256,1,57,-56
103900257,26,52,-26
103900258,0,3,-3
103900259,1,0,1
103900261,26,5,21
103900262,2,0,2
103900263,7,7,0
103900264,2,0,2
103900265,0,0,0
103900266,2,44,-42
103900267,0,5,-5
103900268,2,0,2
103900269,13,1,12
103900270,2,0,2
104000001,1715,884,831
104000002,1404,1426,-22
104000003,1301,921,380
104000004,1956,1381,575
104000005,1318,1052,266
104000006,1602,1290,312
104000007,3443,2321,1122
104000008,188,165,23
104000009,251,154,97
104000010,135,300,-165
104000011,128,125,3
104000012,106,137,-31
104000013,222,360,-138
104000014,142,147,-5
104000015,351,89,262
104000016,137,117,20
104000018,616,88,528
104000019,644,112,532
104000020,59,152,-93
104000021,237,164,73
104000022,119,230,-111
104000023,1025,228,797
104000024,117,151,-34
104000026,39,74,-35
104000027,210,92,118
104000028,587,136,451
104000029,176,179,-3
104000030,439,246,193
104000031,658,96,562
104000032,62,135,-73
104000033,731,125,606
104000034,261,136,125
104000035,1080,122,958
104000036,849,173,676
104000037,120,61,59
104000038,381,164,217
104000039,99,115,-16
104000040,43,326,-283
104000041,410,230,180
104000042,155,182,-27
104000043,53,130,-77
104000044,189,330,-141
104000045,438,294,144
104000046,390,402,-12
104000047,301,323,-22
104000048,439,446,-7
104000049,399,139,260
104000050,49,275,-226
104000051,71,340,-269
104000052,1415,883,532
104000053,661,165,496
104000054,412,73,339
104000055,1486,906,580
104000056,274,83,191
104000057,122,80,42
104000058,543,533,10
104000059,399,518,-119
104000060,807,710,97
104000061,812,404,408
104000062,169,43,126
104000064,399,109,290
104000065,31,309,-278
104000069,290,1090,-800
104000070,6,313,-307
104000071,54,44,10
104000072,369,59,310
104000075,17,65,-48
104000076,139,28,111
104000082,1400,1828,-428
104000083,266,73,193
104000084,33,167,-134
104000085,236,95,141
104000086,168,219,-51
104000087,157,385,-228
104000090,560,285,275
104000092,1092,458,634
104000094,317,371,-54
104000095,1654,808,846
104000096,1735,10,1725
104000097,1738,258,1480
104000098,2847,199,2648
104000100,1991,275,1716
104000101,795,664,131
104000106,45,342,-297
104000107,363,145,218
104000108,99,136,-37
104000109,139,58,81
104000110,311,750,-439
104000111,1104,1837,-733
104000112,236,148,88
104000116,0,404,-404
104000117,203,152,51
104000118,791,46,745
104000119,482,125,357
104000120,283,208,75
104000121,86,176,-90
104000122,407,372,35
104000123,538,314,224
104000124,176,581,-405
104000125,910,1839,-929
104000126,329,416,-87
104000127,1020,882,138
104000128,496,97,399
104000129,217,11,206
104000130,14,330,-316
104000131,250,224,26
104000132,336,267,69
104000133,904,660,244
104000134,637,1235,-598
104000135,232,800,-568
104000136,392,1407,-1015
104000137,1182,201,981
104000138,524,204,320
104000139,1486,1268,218
104000141,415,392,23
104000142,411,203,208
104000143,494,220,274
104000144,78,111,-33
104000145,199,129,70
104000146,124,259,-135
104000147,113,180,-67
104000148,269,95,174
104000149,140,83,57
104000150,656,236,420
104000151,244,190,54
104000152,396,256,140
104000153,616,328,288
104000154,491,207,284
104000155,267,458,-191
104000157,805,570,235
104000158,112,259,-147
104000159,488,215,273
104000160,1147,1588,-441
104000161,42,82,-40
104000162,86,40,46
104000165,509,420,89
104000167,400,1130,-730
104000168,592,4,588
104000169,239,37,202
104000170,104,221,-117
104000248,246,260,-14
104000251,23,71,-48
104000272,0,0,0
104000273,0,0,0
104000274,0,0,0
104000275,0,0,0
104000279,461,470,-9
104000290,25,168,-143
104000291,361,558,-197
104000293,605,604,1
104000294,57,1,56
104000295,707,955,-248
104000296,327,382,-55
104000297,707,1584,-877
104000298,1162,501,661
104000299,618,626,-8
104900001,29,21,8
104900002,75,174,-99
104900003,4,124,-120
104900004,14,66,-52
104900005,200,113,87
104900006,305,13,292
104900007,175,105,70
104900009,109,83,26
104900010,29,1,28
104900011,0,2,-2
104900012,53,5,48
104900013,13,1,12
104900014,848,100,748
104900015,11,3,8
104900016,93,50,43
104900017,32,69,-37
104900018,1,18,-17
104900019,144,3468,-3324
104900020,44,27,17
104900021,1,9,-8
104900022,1,156,-155
104900023,0,13,-13
104900024,16,519,-503
104900025,33,49,-16
104900026,1,11,-10
104900027,559,158,401
104900028,4,130,-126
104900029,6,26,-20
104900030,334,152,182
104900031,12,37,-25
104900032,18,9,9
104900033,177,65,112
104900034,322,102,220
104900035,376,182,194
104900036,440,19,421
104900037,122,54,68
104900038,22,677,-655
104900039,122,931,-809
104900040,688,49,639
104900041,248,76,172
104900042,123,81,42
104900043,22,296,-274
104900044,791,43,748
104900045,168,35,133
104900046,323,17,306
104900047,521,33,488
104900048,397,62,335
104900049,99,64,35
104900050,424,12,412
104900051,222,21,201
104900052,213,6,207
104900053,313,26,287
104900054,218,41,177
104900055,322,1,321
104900056,266,8,258
104900057,5,0,5
104900058,311,101,210
104900059,80,13,67
104900060,0,92,-92
104900061,62,68,-6
104900063,0,47,-47
104900064,0,60,-60
104900065,4,89,-85
104900066,0,31,-31
104900067,3,71,-68
104900068,11,59,-48
104900070,14,51,-37
104900071,0,77,-77
104900072,10,65,-55
104900073,43,13,30
104900074,39,24,15
104900075,13,4,9
104900076,39,29,10
104900077,89,41,48
104900078,91,76,15
104900079,112,419,-307
104900080,48,114,-66
104900082,0,77,-77
104900085,2,53,-51
104900087,218,4,214
104900089,607,3,604
104900090,968,483,485
104900091,237,142,95
104900093,37,70,-33
104900097,517,1562,-1045
104900098,109,7,102
104900099,34,321,-287
104900100,144,54,90
104900102,13,23,-10
104900103,76,27,49
104900104,508,1288,-780
104900106,112,40,72
104900107,63,65,-2
104900108,5,41,-36
104900109,49,83,-34
104900110,0,23,-23
104900111,161,29,132
104900112,277,94,183
104900113,309,49,260
104900114,332,113,219
104900115,462,30,432
104900116,264,18,246
104900118,0,12,-12
104900119,0,13,-13
104900120,6,283,-277
104900121,0,11,-11
104900122,1,18,-17
104900123,128,0,128
104900124,132,1,131
104900125,200,1,199
104900126,3,15,-12
104900127,1,1,0
104900128,72,46,26
104900129,504,1964,-1460
105000001,1663,681,982
105000002,1361,846,515
105000003,1249,1835,-586
105000004,741,546,195
105000005,960,836,124
105000006,710,1235,-525
105000007,706,1088,-382
105000008,485,1367,-882
105000009,2267,2016,251
105000010,1335,695,640
105000011,2098,1894,204
105000012,1012,963,49
105000013,551,604,-53
105000014,2032,1890,142
105000015,4798,8594,-3796
105000016,674,771,-97
105000017,1090,828,262
105000018,399,642,-243
105000019,591,559,32
105000020,35,288,-253
105000021,141,84,57
105000022,54,99,-45
105000023,587,128,459
105000028,4,45,-41
105000029,334,630,-296
105000030,1894,1363,531
105000033,449,585,-136
105000034,66,806,-740
105000037,315,94,221
105000038,547,752,-205
105000039,444,558,-114
105000040,989,698,291
105000041,705,388,317
105000042,995,939,56
105000043,503,402,101
105000044,403,162,241
105000045,117,199,-82
105000046,530,142,388
105000047,281,346,-65
105000048,722,145,577
105000049,134,198,-64
105000050,890,313,577
105000051,104,196,-92
105000052,380,466,-86
105000053,42,40,2
105000054,268,389,-121
105000055,460,106,354
105000056,1556,1069,487
105000057,1065,360,705
105000058,728,537,191
105000059,927,442,485
105000060,403,241,162
105000061,1092,261,831
105000062,423,379,44
105000063,181,220,-39
105000064,1944,308,1636
105000065,300,161,139
105000066,540,437,103
105000067,1380,472,908
105000068,181,309,-128
105000069,833,1571,-738
105000070,380,852,-472
105000071,136,1308,-1172
105000072,626,2721,-2095
105000073,840,576,264
105000074,228,279,-51
105000075,353,264,89
105000076,714,436,278
105000077,1089,308,781
105000078,396,558,-162
105000079,556,1182,-626
105000080,1410,1354,56
105000081,804,686,118
105000082,541,1084,-543
105000083,1549,2281,-732
105000084,298,470,-172
105000085,1927,1509,418
105000086,301,526,-225
105000087,623,917,-294
105000088,1068,1382,-314
105000089,1060,740,320
105000090,204,320,-116
105000091,354,369,-15
105000092,312,304,8
105000093,177,253,-76
105000094,90,70,20
105000095,93,311,-218
105000096,615,1088,-473
105000097,361,348,13
105000098,840,1006,-166
105000099,378,437,-59
105000100,1381,423,958
105000101,1303,585,718
105000102,1313,677,636
105000103,713,650,63
105000104,1443,585,858
105000105,651,645,6
105000106,1053,386,667
105000107,1533,399,1134
105000108,1578,495,1083
105000109,1608,357,1251
105000110,936,172,764
105000111,1090,163,927
105000112,585,212,373
105000113,535,378,157
105000114,575,875,-300
105000115,193,1111,-918
105000116,1004,341,663
105000117,431,260,171
105000118,892,247,645
105000119,371,286,85
105000120,1414,329,1085
105000121,546,274,272
105000122,301,299,2
105000123,347,365,-18
105000124,1495,296,1199
105000125,791,483,308
105000126,1505,492,1013
105000127,1858,570,1288
105000128,397,610,-213
105000129,862,135,727
105000130,135,2210,-2075
105000131,177,123,54
105000132,1025,536,489
105000133,186,404,-218
105000134,1036,226,810
105000135,125,146,-21
105000136,8,22,-14
105000137,299,69,230
105000138,5,26,-21
105000139,430,141,289
105000140,351,126,225
105000141,168,126,42
105000142,249,119,130
105000143,90,233,-143
105000144,241,198,43
105000145,560,168,392
105000146,177,316,-139
105000147,598,113,485
105000148,430,757,-327
105000149,1981,1158,823
105000150,603,272,331
105000151,471,197,274
105000152,127,222,-95
105000153,692,272,420
105000154,312,198,114
105000155,181,259,-78
105000156,159,244,-85
105000157,481,684,-203
105000158,1443,356,1087
105000159,224,373,-149
105000160,2454,266,2188
105000161,484,351,133
105000162,555,1607,-1052
105000163,574,287,287
105000164,58,139,-81
105000165,248,5449,-5201
105000166,2377,1269,1108
105000167,559,2318,-1759
105000168,270,181,89
105000169,527,108,419
105000170,329,641,-312
105000171,757,138,619
105000172,253,7,246
105000173,498,8,490
105000174,92,24,68
105000175,85,78,7
105000176,470,46,424
105000177,287,110,177
105000178,248,163,85
105000179,1112,22,1090
105000180,216,36,180
105000181,116,116,0
105000182,59,23,36
105000183,994,1691,-697
105000184,114,210,-96
105000185,203,604,-401
105000186,239,312,-73
105000187,301,232,69
105000188,117,196,-79
105000189,47,217,-170
105000190,175,150,25
105000191,183,83,100
105000192,233,41,192
105000193,70,72,-2
105000194,416,28,388
105000195,193,197,-4
105000196,32,135,-103
105000197,67,135,-68
105000198,69,74,-5
105000199,72,180,-108
105000200,73,342,-269
105000201,74,18,56
105000203,10,89,-79
105000204,42,39,3
105000205,50,111,-61
105000207,45,34,11
105000208,107,245,-138
105000209,32,39,-7
105000212,674,355,319
105000213,34,91,-57
105000214,145,55,90
105000215,127,87,40
105000216,109,53,56
105000217,69,28,41
105000218,1938,436,1502
105000221,75,99,-24
105000222,170,76,94
105000223,261,74,187
105000226,44,69,-25
105000227,13,59,-46
105000228,15,873,-858
105000229,85,378,-293
105000231,254,124,130
105000233,490,402,88
105000234,315,523,-208
105000235,468,300,168
105000237,716,46,670
105000243,47,73,-26
105000248,6,20,-14
105000262,298,172,126
105000269,122,46,76
105000270,544,12,532
105000271,0,117,-117
105000282,23,18,5
105000287,91,63,28
105000288,779,289,490
105000289,648,1047,-399
105000290,38,4,34
105000402,736,2060,-1324
105000426,95,170,-75
105000438,777,723,54
105000446,2691,2548,143
105000447,1109,991,118
105000454,533,80,453
105000455,137,62,75
105000474,60,0,60
105000477,678,351,327
105000478,1475,3153,-1678
105000479,68,33,35
105000480,3758,4442,-684
105000481,2624,2111,513
105000482,1340,2105,-765
105000483,904,1091,-187
105000484,718,961,-243
105000485,662,1467,-805
105000486,755,928,-173
105000488,1631,1385,246
105000489,913,301,612
105000549,104,56,48
105000550,140,636,-496
105000551,7,47,-40
105000552,943,415,528
105900001,3,680,-677
105900002,592,579,13
105900003,0,52,-52
105900004,63,23,40
105900005,4,80,-76
105900006,37,49,-12
105900007,33,3,30
105900008,47,82,-35
105900009,56,24,32
105900011,97,40,57
105900012,306,67,239
105900013,4,10,-6
105900014,0,20,-20
105900015,47,111,-64
105900016,334,144,190
105900017,1497,24,1473
105900018,43,89,-46
105900019,25,57,-32
105900020,17,48,-31
105900021,13,246,-233
105900022,160,94,66
105900023,7,89,-82
105900024,7,136,-129
105900025,211,1,210
105900026,95,4,91
105900027,3787,1358,2429
105900028,83,93,-10
105900029,766,178,588
105900030,100,103,-3
105900031,165,52,113
105900032,58,29,29
105900033,43,33,10
105900034,89,53,36
105900035,120,62,58
105900036,80,34,46
105900037,132,17,115
105900038,73,105,-32
105900039,84,25,59
105900040,64,23,41
105900041,56,64,-8
105900042,9,51,-42
105900043,441,15,426
105900044,0,138,-138
105900045,1,499,-498
105900046,0,23,-23
105900047,2,8,-6
105900048,95,105,-10
105900050,318,1293,-975
105900051,19,290,-271
105900052,250,10,240
105900053,1075,2410,-1335
105900054,55,87,-32
105900056,247,234,13
105900057,3,64,-61
105900058,8,7,1
105900059,0,90,-90
106000001,1375,912,463
106000002,427,1305,-878
106000003,2110,2153,-43
106000004,1037,1700,-663
106000005,3091,2420,671
106000006,2401,1129,1272
106000007,507,83,424
106000008,200,186,14
106000009,360,85,275
106000010,176,258,-82
106000011,1139,493,646
106000012,541,408,133
106000013,1577,825,752
106000014,663,619,44
106000015,1920,600,1320
106000016,917,874,43
106000017,1011,364,647
106000018,357,322,35
106000019,517,210,307
106000020,186,170,16
106000021,375,158,217
106000022,190,145,45
106000023,915,287,628
106000024,387,222,165
106000025,167,120,47
106000026,70,137,-67
106000027,1745,756,989
106000028,275,133,142
106000029,344,213,131
106000030,51,298,-247
106000034,25,120,-95
106000035,682,985,-303
106000036,25,294,-269
106000037,380,476,-96
106000038,23,48,-25
106000039,17,99,-82
106000040,63,849,-786
106000041,466,343,123
106000043,160,137,23
106000046,208,16,192
106000047,44,259,-215
106000049,982,74,908
106000050,67,210,-143
106000051,879,449,430
106000052,0,0,0
106000053,535,85,450
106000054,0,0,0
106000055,785,258,527
106000056,0,0,0
106000057,434,82,352
106000058,0,0,0
106000059,503,170,333
106000060,16,93,-77
106000061,170,590,-420
106000062,51,100,-49
106000063,519,576,-57
106000064,0,0,0
106000065,417,160,257
106000066,59,30,29
106000067,424,48,376
106000068,68,41,27
106000069,471,24,447
106000070,159,27,132
106000071,593,115,478
106000072,946,730,216
106000073,1033,3260,-2227
106000074,468,425,43
106000075,291,401,-110
106000076,720,501,219
106000077,1208,359,849
106000078,961,257,704
106000079,812,281,531
106000080,751,246,505
106000081,725,292,433
106000082,1048,269,779
106000083,268,598,-330
106000084,499,234,265
106000085,816,590,226
106000086,200,140,60
106000087,546,247,299
106000088,272,195,77
106000089,791,136,655
106000090,266,202,64
106000091,301,242,59
106000092,428,167,261
106000093,339,19,320
106000094,64,56,8
106000095,1226,306,920
106000096,1349,152,1197
106000097,1081,386,695
106000098,932,118,814
106000099,81,218,-137
106000100,1158,99,1059
106000101,583,112,471
106000102,72,181,-109
106000103,152,213,-61
106000104,722,250,472
106000105,276,397,-121
106000106,809,194,615
106000107,59,272,-213
106000108,367,104,263
106000109,114,183,-69
106000110,384,51,333
106000111,113,103,10
106000112,251,466,-215
106000113,252,285,-33
106000114,366,479,-113
106000115,134,218,-84
106000116,316,99,217
106000117,511,211,300
106000118,900,683,217
106000119,351,239,112
106000120,626,1068,-442
106000121,230,101,129
106000122,205,159,46
106000123,744,43,701
106000124,77,87,-10
106000125,14,123,-109
106000126,449,23,426
106000127,879,302,577
106000128,659,117,542
106000129,355,221,134
106000130,847,152,695
106000131,25,355,-330
106000132,362,79,283
106000133,716,919,-203
106000134,260,2088,-1828
106000135,148,348,-200
106000136,643,1107,-464
106000137,81,372,-291
106000138,1802,36,1766
106000139,58,65,-7
106000140,1,4,-3
106000141,15,7,8
106000142,149,169,-20
106000143,2,7,-5
106000144,36,190,-154
106000145,169,50,119
106000146,546,68,478
106000147,244,273,-29
106000148,316,621,-305
106000149,703,334,369
106000150,760,1387,-627
106000151,1658,449,1209
106000152,794,1028,-234
106000153,14,970,-956
106000154,837,108,729
106000155,116,142,-26
106000156,1444,85,1359
106000157,320,834,-514
106000158,838,379,459
106000159,888,1094,-206
106000160,493,2224,-1731
106000161,342,100,242
106000162,331,1064,-733
106000163,240,108,132
106000164,643,47,596
106000165,137,163,-26
106000166,773,53,720
106000167,333,266,67
106000168,699,65,634
106000169,155,141,14
106000170,828,80,748
106000171,168,360,-192
106000172,1482,360,1122
106000173,446,651,-205
106000174,1082,77,1005
106000175,112,111,1
106000176,1607,274,1333
106000177,642,426,216
106000178,2288,488,1800
106000179,384,319,65
106000180,589,343,246
106000181,1406,749,657
106000182,1650,137,1513
106000183,1442,162,1280
106000184,752,304,448
106000185,957,901,56
106000186,197,20,177
106000187,39,570,-531
106000188,0,0,0
106000189,14,7,7
106000190,44,2,42
106000191,314,81,233
106000192,0,3,-3
106000193,119,104,15
106000194,25,198,-173
106000195,111,103,8
106000196,41,344,-303
106000197,429,87,342
106000198,133,62,71
106000199,396,1006,-610
106000200,164,101,63
106000201,165,4751,-4586
106000202,1358,320,1038
106000203,6,66,-60
106000204,63,3,60
106000205,30,92,-62
106000206,72,3,69
106000207,4,107,-103
106000208,1404,40,1364
106000209,1922,147,1775
106000210,160,265,-105
106000211,183,433,-250
106000212,1070,207,863
106000213,108,678,-570
106000214,751,192,559
106000215,266,213,53
106000216,502,138,364
106000217,141,181,-40
106000218,297,65,232
106000219,74,123,-49
106000220,583,64,519
106000221,216,66,150
106000222,82,31,51
106000223,311,25,286
106000224,171,61,110
106000225,65,76,-11
106000226,19,99,-80
106000228,3,5,-2
106000229,118,146,-28
106000231,885,31,854
106000232,45,74,-29
106000233,493,25,468
106000234,16,105,-89
106000235,66,116,-50
106000236,56,97,-41
106000237,0,22,-22
106000238,13,35,-22
106000239,0,60,-60
106000240,12,3,9
106000241,6,405,-399
106000242,154,7,147
106000249,71,37,34
106000250,43,361,-318
106000251,78,14,64
106000252,9,11,-2
106000253,91,12,79
106000254,29,9,20
106000255,54,49,5
106000256,8,4,4
106000257,35,142,-107
106000258,41,50,-9
106000259,2,56,-54
106000260,6,3,3
106000261,8,38,-30
106000262,63,1,62
106000263,14,44,-30
106000264,111,2,109
106000265,10,27,-17
106000266,139,4,135
106000267,5,47,-42
106000268,178,7,171
106000269,12,23,-11
106000270,48,101,-53
106000271,61,27,34
106000272,48,20,28
106000273,2,64,-62
106000274,77,1,76
106000275,156,91,65
106000276,11,11,0
106000277,82,64,18
106000278,47,1,46
106000279,17,1,16
106000280,66,13,53
106000281,53,4,49
106000282,66,16,50
106000283,30,17,13
106000284,150,29,121
106000285,55,28,27
106000286,84,26,58
106000287,32,34,-2
106000288,76,13,63
106000289,42,13,29
106000290,66,5,61
106000291,42,12,30
106000292,24,8,16
106000293,26,16,10
106000294,81,4,77
106000295,27,10,17
106000296,13,5,8
106000297,24,40,-16
106000298,34,50,-16
106000299,50,16,34
106000300,34,24,10
106000301,41,39,2
106000303,55,6,49
106000304,16,1,15
106000305,30,22,8
106000306,15,11,4
106000307,119,3,116
106000308,8,52,-44
106000309,11,44,-33
106000310,195,153,42
106000311,358,60,298
106000312,119,51,68
106000313,155,51,104
106000318,23,165,-142
106000319,708,251,457
106000320,1,105,-104
106000321,65,248,-183
106000322,157,66,91
106000324,84,125,-41
106000325,1509,369,1140
106000326,391,504,-113
106000327,271,42,229
106000328,30,12,18
106000329,36,115,-79
106000330,19,66,-47
106000428,70,159,-89
106000429,81,185,-104
106000430,273,536,-263
106000431,1733,161,1572
106000432,391,862,-471
106000433,1771,693,1078
106000434,2658,778,1880
106000435,535,810,-275
106000436,0,109,-109
106000437,549,70,479
106000438,113,318,-205
106000439,10,339,-329
106000440,121,188,-67
106000441,17,0,17
106000442,143,1,142
106000443,197,124,73
106000450,1,77,-76
106000451,27,106,-79
106000454,0,48,-48
106000455,1,109,-108
106000456,65,52,13
106000457,3,152,-149
106000458,1180,115,1065
106000459,134,71,63
106000460,2043,23,2020
106000461,96,125,-29
106000462,0,15,-15
106000463,2,19,-17
106000464,1,149,-148
106000465,786,2,784
106000466,0,166,-166
106000467,29,98,-69
106000468,155,61,94
106000469,156,7,149
106000470,64,1021,-957
106000471,3,172,-169
106000472,149,12,137
106000473,9,5,4
106000474,200,335,-135
106000475,359,149,210
106000476,113,199,-86
106000477,2,4,-2
106900001,0,2,-2
106900002,0,103,-103
106900003,34,363,-329
106900004,0,6,-6
106900006,0,5,-5
106900007,0,3,-3
106900008,397,31,366
106900009,364,95,269
106900010,282,98,184
106900012,442,2167,-1725
106900013,435,206,229
106900014,53,2,51
106900015,4,1,3
106900016,408,16,392
106900017,9,1,8
106900018,20,0,20
106900019,157,6,151
106900020,635,1237,-602
106900021,93,36,57
106900022,1742,17,1725
106900023,21,57,-36
106900024,501,29,472
106900025,3,114,-111
106900026,0,128,-128
106900027,932,7,925
107000001,2011,2080,-69
107000002,779,771,8
107000003,5792,5530,262
107000004,2197,901,1296
107000005,5772,3996,1776
107000006,1794,843,951
107000007,3360,3995,-635
107000008,2275,1456,819
107000009,6885,5184,1701
107000010,3288,2456,832
107000011,339,321,18
107000012,1354,922,432
107000013,24,12,12
107000014,35,19,16
107000015,236,164,72
107000016,443,218,225
107000017,638,643,-5
107000018,2,559,-557
107000020,674,697,-23
107000021,477,283,194
107000022,742,911,-169
107000023,906,141,765
107000024,763,1198,-435
107000025,218,205,13
107000026,368,326,42
107000027,1017,313,704
107000028,919,428,491
107000029,2848,1777,1071
107000030,1296,983,313
107000031,3557,1413,2144
107000032,185,464,-279
107000033,1043,1761,-718
107000034,1692,440,1252
107000035,182,106,76
107000036,307,660,-353
107000037,66,454,-388
107000038,93,84,9
107000039,476,501,-25
107000040,144,112,32
107000041,680,234,446
107000042,203,1183,-980
107000043,750,286,464
107000044,247,170,77
107000045,28,97,-69
107000046,490,128,362
107000047,144,360,-216
107000048,294,115,179
107000049,263,293,-30
107000050,466,211,255
107000051,198,213,-15
107000052,599,1092,-493
107000053,259,228,31
107000054,36,140,-104
107000055,98,90,8
107000056,323,395,-72
107000057,815,130,685
107000058,1860,1485,375
107000059,986,1292,-306
107000060,4120,3046,1074
107000061,2375,1115,1260
107000062,5358,1752,3606
107000063,1494,1331,163
107000064,3854,2278,1576
107000065,1512,1742,-230
107000066,997,1828,-831
107000067,661,513,148
107000068,585,537,48
107000069,717,566,151
107000070,1127,21,1106
107000071,2854,22,2832
107000072,6,646,-640
107000073,854,421,433
107000074,90,246,-156
107000075,1765,84,1681
107000076,150,504,-354
107000077,2265,303,1962
107000078,265,542,-277
107000079,2634,573,2061
107000080,259,676,-417
107000081,3325,380,2945
107000082,244,423,-179
107000083,1283,485,798
107000084,103,332,-229
107000085,1624,1409,215
107000086,1436,1054,382
107000087,1916,1068,848
107000088,1224,1135,89
107000089,1081,1020,61
107000090,634,269,365
107000091,1103,495,608
107000092,455,340,115
107000093,923,531,392
107000094,336,337,-1
107000095,1102,542,560
107000096,342,443,-101
107000097,643,380,263
107000098,124,394,-270
107000099,277,315,-38
107000100,75,265,-190
107000101,83,163,-80
107000102,141,254,-113
107000103,361,117,244
107000104,168,238,-70
107000105,401,70,331
107000106,101,123,-22
107000107,664,136,528
107000108,115,179,-64
107000109,811,116,695
107000110,39,150,-111
107000111,389,27,362
107000112,3,172,-169
107000113,884,38,846
107000114,15,407,-392
107000115,749,159,590
107000116,44,365,-321
107000117,87,780,-693
107000118,16,69,-53
107000119,712,1454,-742
107000120,709,513,196
107000121,602,209,393
107000122,354,360,-6
107000123,532,240,292
107000124,445,239,206
107000125,869,206,663
107000126,845,314,531
107000127,5,238,-233
107000129,96,338,-242
107000130,317,851,-534
107000131,228,726,-498
107000132,453,198,255
107000133,233,78,155
107000134,241,1,240
107000135,0,186,-186
107000136,308,2,306
107000137,1,123,-122
107000138,64,3,61
107000139,1,199,-198
107000140,935,31,904
107000141,59,272,-213
107000142,308,46,262
107000143,13,317,-304
107000144,214,470,-256
107000145,41,184,-143
107000146,210,219,-9
107000147,1961,356,1605
107000150,78,3230,-3152
107000151,12,3,9
107000152,135,2057,-1922
107000153,63,100,-37
107000154,1,84,-83
107000155,876,4,872
107000156,1115,5,1110
107000157,2,383,-381
107000158,786,2,784
107000159,3,204,-201
107000160,1542,101,1441
107000161,15,322,-307
107000162,108,409,-301
107000163,194,0,194
107000164,915,3,912
107000165,1264,27,1237
107000166,3,183,-180
107000167,576,93,483
107000168,766,244,522
107000169,204,246,-42
107000170,3219,438,2781
107000171,293,293,0
107000172,1255,1526,-271
107000173,213,204,9
107000174,861,4649,-3788
107000175,1668,364,1304
107000176,0,0,0
107000177,7,0,7
107000178,15,2,13
107000179,239,679,-440
107000180,1755,99,1656
107000181,294,366,-72
107000182,1779,274,1505
107000183,64,333,-269
107000184,1282,266,1016
107000185,186,680,-494
107000186,772,118,654
107000187,869,596,273
107000188,423,167,256
107000189,659,286,373
107000190,557,263,294
107000191,706,302,404
107000192,1113,206,907
107000193,324,142,182
107000194,263,162,101
107000197,716,80,636
107000198,279,630,-351
107000199,265,243,22
107000200,437,387,50
107000201,133,134,-1
107000202,103,320,-217
107000203,191,429,-238
107000204,150,989,-839
107000205,332,213,119
107000206,176,606,-430
107000207,167,356,-189
107000208,162,192,-30
107000209,205,241,-36
107000210,79,162,-83
107000211,12,29,-17
107000212,90,49,41
107000213,0,1,-1
107000214,3,34,-31
107000215,325,86,239
107000216,340,99,241
107000217,122,32,90
107000219,21,116,-95
107000220,53,66,-13
107000222,116,125,-9
107000224,347,52,295
107000225,60,173,-113
107000226,433,51,382
107000227,53,140,-87
107000228,34,186,-152
107000229,36,56,-20
107000230,338,152,186
107000231,268,414,-146
107000232,44,10,34
107000233,57,250,-193
107000234,1,86,-85
107000235,25,14,11
107000236,2,160,-158
107000237,37,0,37
107000238,25,1,24
107000239,1186,290,896
107000240,25,121,-96
107000241,14,10,4
107000242,75,9,66
107000243,0,17,-17
107000244,5,10,-5
107000246,0,294,-294
107000249,3,468,-465
107000251,1,61,-60
107000252,1,98,-97
107000255,95,87,8
107000257,0,495,-495
107000258,18,139,-121
107000259,0,70,-70
107000260,1778,8,1770
107000262,3,108,-105
107000263,454,4,450
107000266,11,11,0
107000267,31,47,-16
107000268,76,28,48
107000269,9,3,6
107000270,108,34,74
107000271,1,0,1
107000272,68,0,68
107000273,0,72,-72
107000274,378,51,327
107000275,5,410,-405
107000280,1069,9,1060
107000281,11,193,-182
107000282,11,258,-247
107000290,21,13,8
107000291,0,7,-7
107000292,0,73,-73
107000293,17,9,8
107000294,0,60,-60
107000295,27,6,21
107000296,0,15,-15
107000444,181,0,181
107000496,0,5,-5
107000497,485,540,-55
107000500,285,34,251
107000501,30,70,-40
107000502,134,121,13
107000505,98,319,-221
107000506,0,1,-1
107000508,1,38,-37
107000509,73,292,-219
107000510,37,29,8
107000514,74,569,-495
107000515,1,50,-49
107000516,536,139,397
107000518,1151,1623,-472
107000519,400,158,242
107000520,151,27,124
107900001,72,17,55
107900002,35,1,34
107900003,327,0,327
107900004,180,2,178
107900005,2167,22,2145
107900006,113,11,102
107900007,230,6,224
107900008,31,6,25
107900009,189,11,178
107900010,45,2,43
107900012,355,38,317
107900013,107,7,100
107900014,67,1,66
107900015,1540,17,1523
107900016,69,30,39
107900017,45,0,45
107900018,79,339,-260
107900019,27,16,11
107900020,9,40,-31
107900021,87,14,73
107900023,1,4,-3
107900024,1,4,-3
107900025,115,69,46
107900026,20,15,5
107900027,6,207,-201
107900028,203,15,188
107900030,214,5,209
107900031,113,22,91
107900032,36,0,36
107900033,21,13,8
107900034,198,7,191
107900035,1374,52,1322
107900036,80,23,57
107900037,1,2,-1
107900038,9,215,-206
107900039,9,27,-18
107900040,9,412,-403
107900041,0,2,-2
107900043,85,49,36
107900044,6,12,-6
107900045,65,44,21
107900046,375,121,254
107900047,77,5,72
107900048,312,14,298
107900049,63,842,-779
107900050,14,87,-73
107900051,41,18,23
107900052,2,98,-96
107900053,85,39,46
107900055,246,88,158
107900056,59,78,-19
107900057,2,0,2
107900058,24,108,-84
107900060,12,24,-12
107900061,0,36,-36
107900063,43,42,1
107900064,69,298,-229
107900065,507,5,502
107900066,18,9,9
107900067,0,0,0
107900068,80,317,-237
107900069,24,2286,-2262
107900070,151,115,36
107900071,9,97,-88
107900072,143,21,122
107900073,64,37,27
107900074,102,106,-4
107900076,92,23,69
107900077,63,0,63
107900078,67,10,57
107900079,12,10,2
107900080,12,132,-120
107900081,23,18,5
107900082,3,2,1
107900083,259,137,122
107900084,86,112,-26
107900086,29,139,-110
107900087,67,25,42
107900088,45,2,43
107900089,65,235,-170
107900090,195,1249,-1054
107900091,64,84,-20
107900092,677,80,597
107900093,38,17,21
107900095,502,873,-371
107900097,21,17,4
107900098,92,158,-66
107900100,143,1000,-857
107900101,151,23,128
107900102,19,1,18
107900103,57,51,6
107900104,343,1,342
107900105,0,53,-53
107900106,0,147,-147
107900107,442,194,248
107900108,36,7,29
107900109,1585,30,1555
107900110,62,7,55
107900111,0,124,-124
107900112,33,177,-144
107900113,289,18,271
107900114,317,36,281
107900115,0,12,-12
107900116,184,41,143
107900117,96,112,-16
107900118,0,40,-40
107900119,56,171,-115
107900120,37,9,28
107900121,1,62,-61
107900122,0,18,-18
107900123,4,24,-20
107900124,6,31,-25
107900125,18,28,-10
107900126,22,10,12
107900127,784,147,637
107900128,46,12,34
107900129,105,1,104
107900130,141,6,135
107900131,12,36,-24
107900132,2,67,-65
107900133,0,23,-23
107900134,13,29,-16
107900135,0,18,-18
107900136,7,13,-6
107900137,39,16,23
107900138,68,10,58
107900139,63,14,49
107900140,72,27,45
107900141,11,3,8
107900142,3,108,-105
107900143,11,11,0
107900144,0,18,-18
107900145,7,27,-20
107900146,13,30,-17
107900147,18,5,13
107900148,139,70,69
107900149,241,45,196
107900150,0,73,-73
107900151,72,18,54
107900152,0,64,-64
107900153,6,127,-121
107900154,25,4,21
107900155,52,4,48
107900156,7,43,-36
107900157,6,24,-18
107900158,1019,50,969
107900159,0,89,-89
107900160,105,46,59
107900161,57,27,30
107900162,1,31,-30
107900163,4,17,-13
107900164,11,7,4
107900165,6,105,-99
107900166,33,33,0
107900167,11,69,-58
107900168,37,2,35
107900169,0,175,-175
107900171,1,141,-140
107900172,2,47,-45
107900173,66,11,55
107900174,134,9,125
107900175,20,35,-15
107900176,20,4,16
107900177,1,95,-94
107900178,0,37,-37
107900179,2,19,-17
107900180,79,796,-717
107900181,96,264,-168
107900182,0,89,-89
107900183,42,21,21
107900184,47,172,-125
107900185,92,5,87
107900186,14,21,-7
107900187,16,41,-25
107900188,182,31,151
107900189,7,24,-17
107900190,23,26,-3
107900191,56,43,13
107900193,0,37,-37
107900194,100,2,98
107900195,393,71,322
107900196,41,11,30
107900197,63,90,-27
107900199,0,143,-143
107900201,39,41,-2
107900203,25,22,3
107900204,102,89,13
107900205,86,84,2
107900206,39,276,-237
107900207,0,60,-60
107900208,0,110,-110
107900209,76,39,37
107900210,12,11,1
107900213,100,163,-63
107900214,13,44,-31
107900215,116,182,-66
107900216,1,20,-19
107900217,37,18,19
107900218,0,272,-272
107900219,8,5,3
107900220,4,63,-59
107900221,25,84,-59
107900223,79,31,48
107900224,15,224,-209
107900225,0,114,-114
107900226,3,65,-62
107900227,38,109,-71
107900228,22,44,-22
107900229,1,50,-49
107900230,20,17,3
107900231,28,25,3
107900232,125,15,110
107900233,1,53,-52
107900234,117,58,59
107900235,4,57,-53
107900236,227,61,166
107900237,31,201,-170
107900238,32,9,23
107900239,117,286,-169
107900240,35,7,28
107900241,4,33,-29
107900242,7,29,-22
107900243,2,14,-12
107900244,221,14,207
107900245,792,55,737
107900246,189,28,161
107900248,558,16,542
107900249,854,71,783
107900250,0,112,-112
107900251,4,153,-149
107900252,511,52,459
107900253,153,18,135
107900254,9,78,-69
107900255,24,15,9
107900256,193,744,-551
107900257,254,91,163
107900258,71,20,51
107900259,15,2192,-2177
107900261,0,80,-80
107900262,38,37,1
107900264,383,10,373
107900265,31,57,-26
107900267,327,20,307
107900268,4,3,1
107900269,0,0,0
107900270,0,0,0
107900271,0,27,-27
107900272,33,39,-6
107900273,19,33,-14
107900274,115,0,115
107900275,12,1,11
107900276,0,23,-23
107900277,0,26,-26
107900278,349,52,297
107900279,34,47,-13
107900280,807,332,475
107900281,320,4806,-4486
107900282,18,718,-700
107900283,441,451,-10
107900284,619,288,331
107900285,139,18,121
107900286,10,13,-3
107900287,352,54,298
107900290,1,253,-252
107900291,428,5,423
107900292,80,41,39
107900293,35,144,-109
107900295,25,8,17
107900297,4,118,-114
107900298,323,321,2
107900299,1705,2043,-338
107900300,116,275,-159
107900301,230,366,-136
107900302,56,6,50
107900303,311,163,148
107900304,350,66,284
107900305,265,4,261
107900306,0,46,-46
107900307,8,94,-86
107900308,235,87,148
107900309,18,0,18
107900310,28,0,28
107900311,238,281,-43
107900312,48,0,48
107900313,0,66,-66
107900314,1,87,-86
107900315,2,42,-40
107900316,29,0,29
107900317,45,3,42
107900318,6,188,-182
107900319,1,23,-22
107900320,0,35,-35
107900321,142,0,142
107900322,0,5,-5
107900323,11,42,-31
107900324,74,5,69
107900325,169,5,164
107900326,433,74,359
107900327,3,40,-37
107900328,0,0,0
107900329,3,70,-67
107900330,14,54,-40
107900331,484,8,476
107900332,460,3,457
107900333,65,1,64
107900334,7,48,-41
107900335,34,23,11
107900336,25,30,-5
107900337,294,846,-552
107900338,1,83,-82
107900339,1,16,-15
107900340,0,66,-66
107900341,25,1,24
107900342,115,208,-93
107900343,23,1,22
107900344,6,352,-346
107900345,32,11,21
107900346,12,0,12
107900347,16,0,16
107900348,2,2,0
107900349,3,17,-14
107900350,1,123,-122
108000001,3220,1656,1564
108000002,585,911,-326
108000003,2088,1073,1015
108000004,4728,4965,-237
108000005,6067,2726,3341
108000006,1767,1883,-116
108000007,4243,1841,2402
108000008,1450,1602,-152
108000009,4379,2272,2107
108000010,1195,1447,-252
108000011,9781,5593,4188
108000012,4464,4784,-320
108000014,281,968,-687
108000015,608,124,484
108000016,215,336,-121
108000017,996,175,821
108000018,1327,351,976
108000019,412,245,167
108000020,614,241,373
108000021,177,448,-271
108000022,265,319,-54
108000023,1096,153,943
108000024,278,177,101
108000025,345,70,275
108000026,680,84,596
108000027,517,80,437
108000028,776,73,703
108000029,524,114,410
108000030,354,105,249
108000031,114,221,-107
108000032,2021,297,1724
108000033,393,252,141
108000034,1720,274,1446
108000035,276,435,-159
108000036,200,378,-178
108000037,1795,163,1632
108000038,3245,175,3070
108000039,181,483,-302
108000040,1762,450,1312
108000041,205,697,-492
108000042,482,56,426
108000043,101,81,20
108000044,1000,48,952
108000045,85,114,-29
108000046,1477,138,1339
108000047,135,211,-76
108000048,70,94,-24
108000049,616,91,525
108000050,19,144,-125
108000051,405,125,280
108000052,47,215,-168
108000053,271,115,156
108000054,177,413,-236
108000055,646,203,443
108000056,219,452,-233
108000057,526,783,-257
108000058,1134,2673,-1539
108000059,1027,529,498
108000060,183,211,-28
108000061,23,132,-109
108000062,803,257,546
108000063,345,233,112
108000064,240,123,117
108000065,436,283,153
108000066,1021,399,622
108000067,1659,540,1119
108000068,971,149,822
108000069,88,369,-281
108000070,2054,214,1840
108000071,353,482,-129
108000072,1251,297,954
108000073,426,396,30
108000074,770,197,573
108000075,163,148,15
108000076,928,169,759
108000077,226,178,48
108000078,2495,485,2010
108000079,208,331,-123
108000080,1598,161,1437
108000081,191,394,-203
108000082,282,371,-89
108000083,1432,297,1135
108000084,89,273,-184
108000085,914,208,706
108000086,144,178,-34
108000087,88,1562,-1474
108000088,275,9,266
108000089,168,159,9
108000090,785,50,735
108000091,37,271,-234
108000092,367,28,339
108000093,185,227,-42
108000094,1017,43,974
108000095,89,105,-16
108000096,704,72,632
108000097,66,171,-105
108000098,1939,532,1407
108000099,274,33,241
108000100,148,185,-37
108000101,1071,543,528
108000102,974,2034,-1060
108000106,629,0,629
108000107,1,440,-439
108000108,678,70,608
108000109,2,222,-220
108000110,375,94,281
108000111,109,268,-159
108000112,26,90,-64
108000113,169,118,51
108000115,124,143,-19
108000117,217,261,-44
108000118,19,108,-89
108000119,351,97,254
108000120,118,537,-419
108000121,245,185,60
108000122,596,154,442
108000123,540,123,417
108000124,210,116,94
108000125,550,145,405
108000126,180,95,85
108000127,486,136,350
108000128,666,45,621
108000129,152,138,14
108000130,539,128,411
108000131,630,77,553
108000132,144,232,-88
108000133,1226,100,1126
108000134,181,85,96
108000135,1427,340,1087
108000136,91,116,-25
108000137,432,86,346
108000138,321,204,117
108000139,492,176,316
108000140,501,11,490
108000141,23,23,0
108000142,10,42,-32
108000143,3,11,-8
108000144,124,3,121
108000145,57,3,54
108000146,173,0,173
108000147,37,11,26
108000148,137,7,130
108000149,4,20,-16
108000150,94,19,75
108000151,4,19,-15
108000152,25,54,-29
108000153,582,41,541
108000154,19,3,16
108000155,37,38,-1
108000156,254,72,182
108000157,64,1270,-1206
108000158,11,428,-417
108000159,61,89,-28
108000160,1092,911,181
108000161,834,2820,-1986
108000165,1,240,-239
108000172,11,172,-161
108000173,534,1355,-821
108000175,370,48,322
108000178,274,118,156
108000179,62,617,-555
108000181,88,11,77
108000182,72,6,66
108000183,0,6,-6
108000184,191,2167,-1976
108000185,169,127,42
108000186,421,11,410
108000187,34,120,-86
108000188,1166,43,1123
108000189,130,1351,-1221
108000190,11,42,-31
108000192,203,83,120
108000193,187,29,158
108000194,13,1,12
108000195,1,361,-360
108000196,71,115,-44
108000198,341,46,295
108000199,0,48,-48
108000200,826,60,766
108000202,1,96,-95
108000203,67,160,-93
108000204,171,69,102
108000205,71,130,-59
108000339,299,234,65
108000364,76,137,-61
108000365,34,158,-124
108000367,37,82,-45
108000368,2,15,-13
108000369,207,50,157
108000371,3,411,-408
108000372,504,2,502
108000373,172,59,113
108000376,110,21,89
108000377,716,97,619
108000378,7095,8459,-1364
108000379,7,55,-48
108000381,199,6,193
108000382,43,3,40
108000383,0,46,-46
108900001,11,112,-101
108900002,111,16,95
108900003,46,196,-150
108900004,84,375,-291
108900005,48,149,-101
108900006,540,100,440
108900007,339,41,298
108900008,247,30,217
108900009,103,67,36
108900010,470,59,411
108900011,963,65,898
108900012,564,92,472
108900013,215,87,128
108900014,15,58,-43
108900015,1,162,-161
108900016,1,168,-167
108900017,87,211,-124
108900018,122,196,-74
108900019,3,77,-74
108900020,62,41,21
108900021,94,49,45
108900022,80,6,74
108900023,8,18,-10
108900024,21,26,-5
108900025,219,12,207
108900026,41,43,-2
108900027,0,7,-7
108900028,91,57,34
108900029,27,71,-44
108900030,0,7,-7
108900031,67,62,5
108900032,0,30,-30
108900033,0,33,-33
108900034,0,38,-38
108900035,155,393,-238
108900036,95,134,-39
108900037,30,100,-70
108900038,0,62,-62
108900039,0,66,-66
108900040,1,68,-67
108900041,1948,1903,45
108900042,1,231,-230
108900043,43,223,-180
108900044,0,82,-82
108900045,60,85,-25
108900046,4,134,-130
108900047,0,83,-83
108900048,24,119,-95
108900049,602,1536,-934
108900050,0,83,-83
108900051,0,43,-43
108900052,41,70,-29
108900053,24,171,-147
108900054,73,36,37
108900055,12,88,-76
108900056,1,39,-38
108900057,0,40,-40
108900058,51,147,-96
108900059,625,51,574
108900060,62,86,-24
108900061,23,10,13
108900062,1,66,-65
108900063,30,47,-17
108900064,358,21,337
108900065,18,47,-29
108900066,321,40,281
108900067,14,52,-38
108900068,2,26,-24
108900069,93,22,71
108900070,5,16,-11
108900071,210,18,192
108900072,883,152,731
108900073,3,236,-233
108900074,454,58,396
108900075,5,12,-7
108900076,486,13,473
108900077,45,1233,-1188
108900078,48,19,29
108900079,166,65,101
108900080,7,715,-708
108900081,26,109,-83
108900082,75,29,46
108900083,15,153,-138
108900084,89,40,49
108900085,1033,53,980
108900086,112,81,31
108900087,29,76,-47
108900088,238,120,118
108900089,8,65,-57
108900090,87,75,12
108900091,79,39,40
108900092,300,72,228
108900093,65,34,31
108900094,153,50,103
108900095,5,57,-52
108900096,137,5,132
108900097,153,66,87
108900098,615,1031,-416
108900099,220,57,163
108900100,73,62,11
108900101,126,107,19
108900102,7,948,-941
108900103,99,67,32
108900104,73,96,-23
108900105,6,1482,-1476
108900106,320,55,265
108900108,204,8,196
108900109,68,10,58
108900110,47,43,4
108900111,228,121,107
108900112,188,18,170
108900113,58,28,30
108900114,2,3,-1
108900115,178,48,130
108900116,41,4,37
108900117,236,4,232
108900118,689,10,679
108900119,537,10,527
108900120,146,159,-13
108900121,223,35,188
108900122,290,13,277
108900123,286,42,244
108900124,637,52,585
108900125,638,3,635
108900126,84,40,44
108900127,235,46,189
108900128,176,4,172
108900129,867,29,838
108900130,400,3,397
108900131,449,4,445
108900132,440,18,422
108900133,268,17,251
108900134,625,43,582
108900135,283,5,278
108900136,30,5,25
108900137,229,1,228
108900138,551,4,547
108900139,553,32,521
108900140,549,24,525
108900141,518,17,501
108900142,31,4,27
108900143,123,1,122
108900144,100,1,99
108900145,160,7,153
108900146,105,3,102
108900147,323,0,323
108900148,26,3,23
108900149,193,258,-65
108900150,196,4,192
108900151,58,21,37
108900152,164,99,65
108900153,155,43,112
108900154,3962,191,3771
108900155,160,13,147
108900156,88,4,84
108900157,3,67,-64
108900158,425,23,402
108900159,15,69,-54
108900160,8,109,-101
108900161,9,126,-117
108900162,145,21,124
108900163,2,289,-287
108900164,27,5,22
108900165,57,11,46
108900167,311,7691,-7380
108900168,3455,1550,1905
108900169,30,25,5
108900171,1473,3158,-1685
108900172,147,31,116
108900173,47,115,-68
108900174,977,88,889
108900176,31,325,-294
108900177,1413,6212,-4799
108900178,983,3454,-2471
108900179,80,885,-805
108900180,66,175,-109
108900182,50,213,-163
108900183,105,87,18
108900184,276,149,127
108900185,41,137,-96
108900186,23,191,-168
108900187,583,14,569
108900188,817,35,782
108900189,155,27,128
108900190,8,590,-582
108900191,71,145,-74
108900192,45,76,-31
108900193,38,28,10
108900194,0,54,-54
108900195,45,61,-16
108900196,9,94,-85
108900198,0,131,-131
108900199,119,75,44
108900200,669,201,468
108900201,174,331,-157
108900203,434,20,414
108900204,265,2,263
108900205,198,7,191
108900206,265,35,230
108900207,269,139,130
108900208,7,89,-82
108900209,156,145,11
108900210,108,54,54
108900211,75,341,-266
108900212,54,957,-903
108900215,48,117,-69
108900216,134,160,-26
108900217,75,0,75
108900218,43,13,30
108900219,19,2,17
108900220,15,18,-3
108900221,40,55,-15
108900222,140,11,129
108900223,0,81,-81
108900224,51,120,-69
108900225,3,94,-91
108900226,429,16,413
108900227,103,141,-38
108900230,68,55,13
108900231,4,56,-52
108900232,7,68,-61
108900233,388,58,330
108900234,123,69,54
108900235,74,203,-129
108900236,18,200,-182
108900237,15,46,-31
108900240,124,46,78
108900241,75,51,24
108900245,2,1504,-1502
108900249,81,8,73
108900250,243,37,206
108900257,258,31,227
108900258,9,42,-33
108900259,0,29,-29
108900260,1,5,-4
108900261,2,25,-23
108900262,46,4,42
108900263,23,18,5
108900264,41,37,4
108900265,168,285,-117
108900266,83,568,-485
108900267,2,137,-135
108900268,7,7,0
108900269,25,9,16
108900270,81,8,73
108900271,13,2,11
108900272,186,2,184
108900273,137,363,-226
108900274,29,13,16
108900275,0,0,0
108900276,0,1,-1
109000001,2427,2199,228
109000002,295,1031,-736
109000003,2326,348,1978
109000004,161,707,-546
109000005,1592,282,1310
109000006,302,519,-217
109000007,1775,212,1563
109000008,313,522,-209
109000009,2862,420,2442
109000010,318,747,-429
109000011,3626,1106,2520
109000012,676,819,-143
109000013,4303,3080,1223
109000014,707,668,39
109000015,2767,8065,-5298
109000016,1169,693,476
109000017,2933,522,2411
109000018,386,747,-361
109000019,2200,462,1738
109000020,424,515,-91
109000023,109,8,101
109000024,1,106,-105
109000025,221,379,-158
109000026,248,148,100
109000027,66,227,-161
109000028,63,37,26
109000029,53,250,-197
109000030,34,64,-30
109000031,343,40,303
109000032,18,48,-30
109000033,584,73,511
109000034,40,10,30
109000035,2,3,-1
109000036,11,329,-318
109000037,227,2702,-2475
109000038,227,161,66
109000039,758,527,231
109000040,1381,12553,-11172
109000041,849,1974,-1125
109000042,406,1266,-860
109000044,450,24,426
109000045,52,47,5
109000046,542,26,516
109000047,33,24,9
109000048,278,105,173
109000049,56,40,16
109000050,351,128,223
109000051,43,5,38
109000052,324,357,-33
109000053,374,68,306
109000054,48,182,-134
109000055,119,151,-32
109000056,78,72,6
109000057,684,420,264
109000058,164,66,98
109000059,28,593,-565
109000060,59,394,-335
109000061,155,952,-797
109000062,78,210,-132
109000063,111,36,75
109000064,423,46,377
109000065,204,41,163
109000066,423,36,387
109000067,38,45,-7
109000068,278,6,272
109000069,350,6,344
109000070,5,304,-299
109000071,215,23,192
109000072,64,130,-66
109000073,33,77,-44
109000074,7,90,-83
109000075,24,46,-22
109000076,52,123,-71
109000077,149,149,0
109000078,48,66,-18
109000079,88,96,-8
109000080,150,36,114
109000081,162,159,3
109000082,586,72,514
109000083,221,197,24
109000088,177,137,40
109000089,366,65,301
109000090,71,138,-67
109000091,507,58,449
109000092,110,84,26
109000093,390,48,342
109000094,1036,2,1034
109000095,113,168,-55
109000096,1004,65,939
109000097,4,30,-26
109000098,35,84,-49
109000099,580,115,465
109000100,202,200,2
109000101,1572,273,1299
109000102,341,199,142
109000103,451,143,308
109000104,2619,171,2448
109000105,267,300,-33
109000106,1583,143,1440
109000107,390,370,20
109000108,2081,216,1865
109000109,319,163,156
109000110,937,286,651
109000111,387,395,-8
109000112,128,36,92
109000113,170,67,103
109000114,64,96,-32
109000115,365,8,357
109000116,14,177,-163
109000117,118,27,91
109000118,2,139,-137
109000119,1681,47,1634
109000120,194,220,-26
109000121,820,8,812
109000122,114,221,-107
109000123,20,34,-14
109000124,738,64,674
109000125,908,137,771
109000126,291,205,86
109000127,1158,51,1107
109000128,410,328,82
109000129,2959,158,2801
109000130,227,319,-92
109000131,600,544,56
109000132,217,559,-342
109000133,86,253,-167
109000134,247,346,-99
109000135,187,321,-134
109000136,115,113,2
109000137,269,108,161
109000138,166,126,40
109000139,425,92,333
109000140,128,131,-3
109000141,346,192,154
109000142,52,120,-68
109000143,50,24,26
109000145,51,91,-40
109000146,21,11,10
109000148,770,1162,-392
109000149,4,36,-32
109000150,11,97,-86
109000155,567,557,10
109000156,465,95,370
109000158,13,126,-113
109000159,48,161,-113
109000160,1364,83,1281
109000161,535,261,274
109000162,1689,163,1526
109000163,988,332,656
109000164,955,707,248
109000165,1110,201,909
109000166,940,89,851
109000167,56,120,-64
109000170,5,25,-20
109000171,64,14,50
109000172,13,22,-9
109000173,1,69,-68
109000174,227,22,205
109000175,25,46,-21
109000176,248,57,191
109000177,19,65,-46
109000178,346,14,332
109000179,1551,3709,-2158
109000180,1612,1988,-376
109000181,27,3,24
109000182,45,4,41
109000183,51,10,41
109000184,68,3,65
109000185,13,13,0
109000188,170,500,-330
109000189,2383,448,1935
109000190,355,208,147
109000191,245,272,-27
109000192,514,39,475
109000193,345,74,271
109000194,271,17,254
109000195,206,31,175
109000196,158,9,149
109000197,160,112,48
109000198,259,12,247
109000199,61,74,-13
109000206,140,12,128
109000207,128,11,117
109000208,151,74,77
109000209,114,50,64
109000210,8,146,-138
109000211,479,100,379
109000214,199,101,98
109000215,101,37,64
109000216,248,305,-57
109000217,51,45,6
109000218,96,102,-6
109000221,108,239,-131
109000222,404,45,359
109000223,421,276,145
109000224,88,43,45
109000225,138,10,128
109000226,25,47,-22
109000227,1751,183,1568
109000228,1,210,-209
109000231,1,65,-64
109000232,554,47,507
109000236,163,239,-76
109000241,1168,320,848
109000242,928,241,687
109000293,32,38,-6
109000361,21,75,-54
109000364,47,133,-86
109000396,1,162,-161
109000397,776,2,774
109000399,47,151,-104
109000400,73,74,-1
109000403,2,1030,-1028
109000406,491,0,491
109000407,31,83,-52
109000408,0,2,-2
109000410,439,40,399
109000411,133,21,112
109900001,50,0,50
109900002,605,11,594
109900003,553,1,552
109900004,72,64,8
109900005,15,0,15
109900006,480,74,406
109900007,1323,52,1271
109900008,0,8,-8
109900009,75,147,-72
109900010,545,13,532
109900011,32,19,13
109900012,248,73,175
109900013,302,34,268
109900014,140,32,108
109900015,85,12,73
109900016,100,6,94
109900017,181,57,124
109900018,103,4,99
109900019,88,8,80
109900020,75,4,71
109900021,36,4,32
109900022,44,62,-18
109900023,35,2,33
109900024,4,1,3
109900025,1,6,-5
109900026,0,69,-69
109900027,18,8,10
109900028,223,1309,-1086
109900029,0,42,-42
109900030,4,18,-14
109900031,0,376,-376
109900032,4,102,-98
109900033,0,113,-113
109900034,5,19,-14
109900035,59,48,11
109900036,2,3,-1
109900037,5,115,-110
109900038,63,38,25
109900039,1,0,1
109900040,13,187,-174
109900041,22,66,-44
109900042,20,160,-140
109900044,21,48,-27
109900045,91,38,53
109900046,100,9,91
109900047,79,76,3
109900048,0,30,-30
109900049,17,27,-10
109900050,0,33,-33
109900051,0,7,-7
109900052,15,77,-62
109900053,0,52,-52
109900054,1258,66,1192
109900055,94,112,-18
109900056,17,158,-141
109900057,0,40,-40
109900058,0,10,-10
109900059,1539,52,1487
109900060,611,33,578
109900061,49,46,3
109900062,0,29,-29
109900063,13,217,-204
109900064,405,48,357
109900065,71,24,47
109900066,124,171,-47
109900067,0,74,-74
109900068,83,10,73
109900069,0,3,-3
109900070,15,36,-21
109900071,2,10,-8
109900072,3,32,-29
109900073,559,110,449
109900074,4,8,-4
109900075,22,5,17
109900076,1,44,-43
109900077,15,20,-5
109900078,20,29,-9
109900080,59,51,8
109900081,1,90,-89
109900082,25,47,-22
109900083,1,14,-13
109900084,28,45,-17
109900085,42,82,-40
109900086,67,621,-554
109900087,75,156,-81
109900089,586,64,522
109900090,144,283,-139
109900091,593,28,565
109900092,170,14,156
109900093,1089,76,1013
109900094,18,21,-3
109900095,43,77,-34
109900096,34,8,26
109900097,88,0,88
109900098,599,7,592
109900099,366,2,364
109900100,37,0,37
109900101,1232,3,1229
109900102,293,21,272
109900103,5,30,-25
109900104,1057,124,933
109900105,555,24,531
109900106,404,31,373
109900107,649,15,634
109900108,88,130,-42
109900109,13,50,-37
109900110,15,88,-73
109900111,66,95,-29
109900112,124,104,20
109900113,803,235,568
109900114,101,701,-600
109900115,112,45,67
109900117,1407,42,1365
109900118,74,82,-8
109900119,71,101,-30
109900120,39,1,38
109900121,162,39,123
109900122,626,3,623
109900123,0,18,-18
109900124,20,58,-38
109900125,0,50,-50
109900126,534,15,519
109900128,289,7,282
109900130,1510,2321,-811
109900131,22,34,-12
109900132,2,48,-46
109900133,116,98,18
109900134,17,19,-2
109900135,41,8,33
109900136,8,16,-8
109900137,163,57,106
109900138,465,55,410
109900140,92,94,-2
109900141,520,55,465
109900142,1766,101,1665
109900145,2,401,-399
109900146,35,35,0
109900148,3,18,-15
109900149,15,16,-1
109900150,0,15,-15
109900151,11,31,-20
109900152,2,5,-3
109900153,0,15,-15
109900154,6,0,6
109900155,16,10,6
109900157,50,49,1
109900158,28,17,11
109900159,65,11,54
109900160,88,8,80
109900161,222,26,196
109900162,178,29,149
109900163,135,73,62
109900164,105,129,-24
109900165,20,2,18
109900166,2,34,-32
109900167,98,128,-30
109900168,79,90,-11
109900169,171,40,131
109900170,45,1077,-1032
109900171,231,54,177
109900172,162,139,23
109900173,685,1650,-965
109900174,14,35,-21
109900175,74,26,48
109900176,44,38,6
109900177,10,19,-9
109900178,2,46,-44
109900179,4,27,-23
109900180,2,1,1
110000001,207,175,32
110000002,387,305,82
110000003,276,462,-186
110000004,354,429,-75
110000005,206,1855,-1649
110000006,157,248,-91
110000007,51,20,31
110000008,7,116,-109
110000009,7,3,4
110000010,31,59,-28
110000011,15,9,6
110000012,249,147,102
110000013,34,364,-330
110000014,477,310,167
110000015,102,367,-265
110000016,222,862,-640
110000017,1554,183,1371
110000018,1272,214,1058
110000019,8,37,-29
110000020,183,73,110
110000021,108,83,25
110000022,922,50,872
110000023,1,21,-20
110000024,304,232,72
110000025,702,2,700
110000026,2,69,-67
110000027,271,378,-107
110000028,575,159,416
110000029,260,131,129
110000030,205,283,-78
110000031,160,113,47
110000032,915,110,805
110000033,77,103,-26
110000034,754,186,568
110000035,402,250,152
110000036,1230,265,965
110000037,122,211,-89
110000038,189,569,-380
110000039,504,3815,-3311
110000040,284,125,159
110000041,309,2020,-1711
110000042,26,153,-127
110000043,604,224,380
110000044,62,132,-70
110000045,108,71,37
110000046,1,17,-16
110000047,9,37,-28
110000048,0,88,-88
110000049,5,9,-4
110000050,2,62,-60
110000051,11,5,6
110000052,37,46,-9
110000053,5,4,1
110000054,57,217,-160
110000055,77,62,15
110000056,58,53,5
110000057,196,182,14
110000058,432,233,199
110000059,297,241,56
110000060,783,399,384
110000061,265,284,-19
110000062,420,339,81
110000063,43,171,-128
110000064,65,22,43
110000065,183,89,94
110000066,40,2,38
110000067,23,27,-4
110000068,227,54,173
110000069,545,17,528
110000071,514,10,504
110000073,2,8,-6
110000075,40,9,31
110000076,301,323,-22
110000077,96,619,-523
110000078,141,6,135
110000080,77,127,-50
110000081,9,148,-139
110000082,12,180,-168
110000083,96,155,-59
110000084,951,734,217
110000085,469,398,71
110000086,443,1474,-1031
110000087,7,14,-7
110000088,203,104,99
110000089,284,24,260
110000090,74,107,-33
110000091,233,101,132
110000092,2,45,-43
110000093,16,6,10
110000094,190,72,118
110000095,81,585,-504
110000096,736,1542,-806
110000097,458,1558,-1100
110000098,948,198,750
110000099,600,876,-276
110000100,1569,68,1501
110000101,68,63,5
110000102,68,43,25
110000104,270,110,160
110000105,76,125,-49
110000106,255,380,-125
110000107,106,185,-79
110000108,51,133,-82
110000109,73,94,-21
110000110,862,2003,-1141
110000111,1594,1825,-231
110000112,108,313,-205
110000113,46,1642,-1596
110000114,305,430,-125
110000115,420,128,292
110000116,39,23,16
110000117,502,59,443
110000118,819,77,742
110000119,549,81,468
110000120,261,40,221
110000121,44,316,-272
110000122,235,149,86
110000123,365,219,146
110000124,0,411,-411
110000125,410,10,400
110000126,158,3,155
110000127,674,8,666
110000128,15,417,-402
110000129,3,109,-106
110000130,189,88,101
110000131,107,69,38
110000132,0,183,-183
110000133,9,116,-107
110000134,30,145,-115
110000135,205,13,192
110000136,27,61,-34
110000137,676,161,515
110000138,612,125,487
110000139,956,208,748
110000140,416,346,70
110000143,235,232,3
110000144,1039,895,144
110000145,720,430,290
110000146,490,228,262
110000147,170,490,-320
110000148,557,97,460
110000151,258,566,-308
110000152,260,302,-42
110000153,410,10,400
110000154,26,65,-39
110000155,447,870,-423
110000156,417,529,-112
110000157,324,1141,-817
110000160,145,147,-2
110000161,90,112,-22
110000166,812,10,802
110000167,1282,315,967
110000168,467,446,21
110000169,525,286,239
110000170,145,37,108
110000171,337,51,286
110000172,228,208,20
110000173,210,158,52
110000174,47,116,-69
110000175,1136,31,1105
110000176,15,565,-550
110000177,159,1112,-953
110000178,218,2017,-1799
110000179,823,154,669
110000180,279,138,141
110000181,676,144,532
110000182,133,67,66
110000183,3171,6016,-2845
110000184,183,2257,-2074
110000185,241,300,-59
110000186,312,331,-19
110000191,1257,166,1091
110000192,588,7,581
110000193,1200,4,1196
110000194,19,173,-154
110000195,505,34,471
110000196,639,63,576
110000197,93,16,77
110000198,54,13,41
110000199,51,60,-9
110000200,281,222,59
110000201,648,859,-211
110000202,789,332,457
110000203,129,139,-10
110000204,0,39,-39
110000205,333,33,300
110000206,150,225,-75
110000207,1445,101,1344
110000208,112,202,-90
110000209,43,165,-122
110000210,1301,172,1129
110000211,588,388,200
110000212,279,1040,-761
110000213,235,31,204
110000214,392,18,374
110000215,71,125,-54
110000216,37,105,-68
110000217,512,19,493
110000218,84,37,47
110000219,379,9,370
110000220,8,40,-32
110000221,478,14,464
110000222,24,77,-53
110000223,3,44,-41
110000224,2,5,-3
110000225,65,282,-217
110000226,349,31,318
110000227,139,381,-242
110000228,267,49,218
110000229,0,70,-70
110000230,292,448,-156
110000231,198,235,-37
110000232,69,59,10
110000233,93,178,-85
110000234,384,197,187
110000235,767,420,347
110000236,331,199,132
110000237,1295,610,685
110000238,693,405,288
110000239,1066,318,748
110000240,0,16,-16
110000242,0,10,-10
110000243,117,20,97
110000244,54,119,-65
110000245,8,204,-196
110000246,910,132,778
110000247,626,731,-105
110000248,828,244,584
110000249,114,4,110
110000250,10,60,-50
110000251,275,53,222
110000252,578,59,519
110000253,1374,138,1236
110000254,743,151,592
110000255,115,114,1
110000256,282,96,186
110000257,185,78,107
110000258,24,115,-91
110000259,232,12,220
110000260,55,45,10
110000263,508,24,484
110000264,534,134,400
110000265,742,616,126
110000266,632,953,-321
110000267,25,42,-17
110000268,186,42,144
110000269,0,21,-21
110000270,92,1,91
110000271,668,51,617
110000272,476,442,34
110000273,502,502,0
110000274,168,2008,-1840
110000275,554,372,182
110000276,118,483,-365
110000277,306,133,173
110000278,201,298,-97
110000279,754,155,599
110000280,716,112,604
110000281,55,31,24
110000282,79,5,74
110000283,4,49,-45
110000284,2,4,-2
110000285,7,80,-73
110000286,19,0,19
110000287,140,2,138
110000288,0,57,-57
110000289,189,2189,-2000
110000290,302,594,-292
110000291,1240,445,795
110000292,353,5438,-5085
110000293,461,280,181
110000294,1314,1306,8
110000295,74,288,-214
110000296,764,193,571
110000297,1952,91,1861
110000298,19,170,-151
110000299,129,39,90
110000301,420,25,395
110000302,298,249,49
110000303,679,7,672
110000304,161,76,85
110000305,1514,24,1490
110000306,396,233,163
110000307,1982,7,1975
110000308,647,12,635
110000309,1,265,-264
110000310,870,20,850
110000311,1,214,-213
110000312,522,34,488
110000313,1351,460,891
110000314,1,41,-40
110000315,618,968,-350
110000316,171,493,-322
110000317,135,284,-149
110000318,0,23,-23
110000319,1,10,-9
110000320,10,18,-8
110000321,16,22,-6
110000322,101,173,-72
110000323,664,103,561
110000324,701,508,193
110000325,1068,3114,-2046
110000327,221,140,81
110000328,48,139,-91
110000333,840,613,227
110000334,154,421,-267
110000335,529,153,376
110000336,265,408,-143
110000337,1373,270,1103
110000338,287,171,116
110000339,489,84,405
110000340,37,51,-14
110000341,425,137,288
110000342,31,0,31
110000343,0,4,-4
110000344,13,149,-136
110000345,69,204,-135
110000346,761,947,-186
110000347,819,248,571
110000348,57,3,54
110000349,13,1,12
110000350,38,0,38
110000351,1418,230,1188
110000352,436,1055,-619
110000353,1783,206,1577
110000354,478,2163,-1685
110000355,211,33,178
110000356,269,9,260
110000357,540,2,538
110000361,55,5,50
110000362,159,30,129
110000363,574,15,559
110000364,238,416,-178
110000365,47,0,47
110000366,3,93,-90
110000367,353,118,235
110000368,2,64,-62
110000369,74,5,69
110000373,1,68,-67
110000374,51,19,32
110000375,24,365,-341
110000376,11,38,-27
110000377,86,205,-119
110000378,5,386,-381
110000379,1062,2051,-989
110000380,103,16,87
110000383,3,183,-180
110000384,496,42,454
110000385,0,85,-85
110000387,180,1,179
110000388,30,70,-40
110000389,451,13,438
110000391,862,172,690
110000396,216,25,191
110000397,49,18,31
110000398,6,22,-16
110000399,105,0,105
110000587,187,127,60
110000589,238,27,211
110000640,93,35,58
110000652,2,178,-176
110000653,295,132,163
110000654,0,216,-216
110000656,0,92,-92
110000674,99,20,79
110000675,21,13,8
110000676,0,31,-31
110000679,62,393,-331
110000682,83,80,3
110000683,180,73,107
110000684,0,30,-30
110000685,3,18,-15
110000686,0,43,-43
110000687,2,0,2
110000688,12,1094,-1082
110000689,48,17,31
110000692,11,62,-51
110000693,10,140,-130
110000694,0,30,-30
110000695,49,160,-111
110000696,15,35,-20
110900001,323,9,314
110900002,171,28,143
110900003,1299,71,1228
110900004,429,26,403
110900005,903,3375,-2472
110900006,71,45,26
110900007,167,80,87
110900008,0,15,-15
110900009,208,439,-231
110900010,2,13,-11
110900011,0,16,-16
110900012,5,56,-51
110900013,927,35,892
110900014,324,6,318
110900015,58,397,-339
110900016,38,66,-28
110900017,439,24,415
110900018,403,7,396
110900019,321,12,309
110900020,241,60,181
110900021,70,99,-29
110900022,71,100,-29
110900023,7,136,-129
110900024,36,77,-41
110900025,2,10,-8
110900027,17,47,-30
110900028,0,19,-19
110900029,5,105,-100
110900030,8,22,-14
110900031,0,36,-36
110900032,0,27,-27
110900033,29,82,-53
110900035,2,334,-332
110900036,60,3,57
110900037,133,4,129
110900038,132,26,106
110900039,0,140,-140
110900040,215,4,211
110900041,9,2,7
110900042,32,35,-3
110900043,11,7,4
110900044,44,4,40
110900045,62,105,-43
110900046,3,11,-8
110900047,95,286,-191
110900049,89,66,23
110900050,25,1,24
110900051,1,46,-45
110900052,0,112,-112
110900053,110,6,104
110900054,37,95,-58
110900055,7,0,7
110900056,16,47,-31
110900057,1,116,-115
110900058,242,28,214
110900059,203,186,17
110900060,271,26,245
110900061,2,13,-11
110900062,124,68,56
110900063,27,42,-15
110900064,9,0,9
110900065,39,37,2
110900066,9,10,-1
110900067,102,478,-376
110900068,72,57,15
110900069,5,4,1
110900070,112,27,85
110900071,63,1094,-1031
110900073,0,2,-2
110900074,486,20,466
110900075,576,26,550
110900077,1412,75,1337
110900078,96,11,85
110900079,336,267,69
110900080,127,28,99
110900081,2,4,-2
110900082,213,39,174
110900083,114,47,67
110900084,56,20,36
110900085,50,86,-36
110900086,24,172,-148
110900087,300,31,269
110900088,1,0,1
110900090,22,67,-45
110900091,0,9,-9
110900093,104,63,41
110900095,50,13,37
110900097,30,6,24
110900098,2,8,-6
110900099,14,113,-99
110900100,1,2,-1
110900102,34,23,11
110900105,352,94,258
110900108,42,46,-4
110900111,188,47,141
110900112,520,5,515
110900113,104,53,51
110900115,0,8,-8
110900116,1218,353,865
110900118,22,3345,-3323
110900119,1189,44,1145
110900120,142,23,119
110900121,51,0,51
110900122,358,71,287
110900125,248,391,-143
110900127,54,445,-391
110900128,28,76,-48
110900129,40,468,-428
110900130,115,197,-82
110900131,235,17,218
110900132,478,13,465
110900133,57,48,9
110900135,50,110,-60
110900136,343,13,330
110900137,11,0,11
110900138,181,211,-30
110900139,0,64,-64
110900140,6,1,5
110900141,3,94,-91
110900142,15,32,-17
110900143,322,19,303
110900144,0,141,-141
110900145,168,81,87
110900146,153,236,-83
110900147,27,89,-62
110900148,0,35,-35
110900149,1,16,-15
110900150,17,4,13
110900151,0,14,-14
110900152,14,40,-26
110900153,142,18,124
111000001,272,427,-155
111000002,216,472,-256
111000003,1587,742,845
111000004,359,744,-385
111000005,655,882,-227
111000006,720,1325,-605
111000007,2653,2331,322
111000008,1942,2578,-636
111000009,313,608,-295
111000010,1186,440,746
111000011,132,547,-415
111000012,174,432,-258
111000013,236,602,-366
111000014,1465,283,1182
111000017,10,498,-488
111000018,38,276,-238
111000020,165,655,-490
111000021,22,77,-55
111000023,60,70,-10
111000025,1455,1768,-313
111000029,52,31,21
111000030,18,24,-6
111000031,1204,569,635
111000032,394,229,165
111000033,180,62,118
111000034,157,86,71
111000037,457,491,-34
111000038,1077,631,446
111000039,868,491,377
111000040,863,701,162
111000041,156,182,-26
111000042,1331,1164,167
111000043,1608,2881,-1273
111000044,1521,282,1239
111000045,2445,961,1484
111000046,1541,833,708
111000047,2329,4829,-2500
111000049,66,148,-82
111000050,413,322,91
111000051,294,241,53
111000052,193,303,-110
111000053,79,207,-128
111000054,95,222,-127
111000055,534,572,-38
111000056,84,344,-260
111000057,71,193,-122
111000058,664,75,589
111000059,608,217,391
111000060,3853,506,3347
111000061,674,115,559
111000062,975,198,777
111000063,1142,612,530
111000064,1208,171,1037
111000065,1215,338,877
111000066,678,199,479
111000067,1065,139,926
111000068,667,148,519
111000069,823,850,-27
111000070,266,248,18
111000071,114,93,21
111000072,1151,442,709
111000073,193,1023,-830
111000074,1141,655,486
111000075,566,254,312
111000076,547,219,328
111000077,761,436,325
111000078,1099,275,824
111000079,608,239,369
111000080,414,257,157
111000081,1146,3934,-2788
111000082,710,229,481
111000084,625,246,379
111000085,621,508,113
111000086,1083,374,709
111000087,562,212,350
111000088,2455,2314,141
111000089,557,354,203
111000090,421,460,-39
111000091,529,169,360
111000092,1565,379,1186
111000093,890,554,336
111000094,1008,465,543
111000095,580,1704,-1124
111000096,537,5657,-5120
111000097,1296,433,863
111000098,101,306,-205
111000099,197,548,-351
111000100,298,465,-167
111000101,199,282,-83
111000102,87,152,-65
111000104,1191,61,1130
111000107,33,203,-170
111000109,859,56,803
111000110,1156,363,793
111000111,3276,120,3156
111000112,2302,124,2178
111000113,669,1805,-1136
111000114,643,3088,-2445
111000115,1959,540,1419
111000116,580,216,364
111000117,230,288,-58
111000118,547,358,189
111000119,1136,294,842
111000120,583,257,326
111000121,264,288,-24
111000122,214,252,-38
111000123,704,794,-90
111000124,290,927,-637
111000125,158,317,-159
111000126,65,201,-136
111000127,950,52,898
111000128,2490,112,2378
111000129,2978,168,2810
111000130,2685,173,2512
111000131,2477,185,2292
111000132,2178,1208,970
111000133,81,10,71
111000134,69,20,49
111000135,59,121,-62
111000136,383,70,313
111000138,34,7,27
111000140,1,1,0
111000141,109,199,-90
111000142,2,58,-56
111000143,2,123,-121
111000144,0,264,-264
111000145,39,2,37
111000146,89,2,87
111000147,15,11,4
111000148,80,53,27
111000149,0,26,-26
111000150,68,4,64
111000151,1,7,-6
111000153,225,88,137
111000154,186,76,110
111000155,154,72,82
111000156,473,143,330
111000157,127,264,-137
111000158,706,364,342
111000159,1406,353,1053
111000160,417,96,321
111000161,3,196,-193
111000162,2,37,-35
111000163,542,382,160
111000164,216,1222,-1006
111000165,403,109,294
111000166,155,63,92
111000167,60,128,-68
111000168,126,133,-7
111000169,192,92,100
111000170,130,89,41
111000171,183,171,12
111000172,94,123,-29
111000173,151,355,-204
111000174,263,59,204
111000175,87,62,25
111000176,436,36,400
111000177,1009,91,918
111000178,1967,71,1896
111000179,371,72,299
111000180,350,232,118
111000181,1599,83,1516
111000182,191,103,88
111000183,67,333,-266
111000184,255,74,181
111000185,154,109,45
111000186,92,234,-142
111000187,100,46,54
111000188,274,108,166
111000189,72,143,-71
111000190,95,60,35
111000191,115,69,46
111000192,82,179,-97
111000193,126,67,59
111000194,27,56,-29
111000195,48,87,-39
111000196,64,48,16
111000197,515,30,485
111000198,380,15,365
111000199,305,120,185
111000200,590,152,438
111000201,779,54,725
111000202,358,20,338
111000203,408,113,295
111000204,221,700,-479
111000213,105,223,-118
111000214,686,834,-148
111000215,507,392,115
111000217,1400,388,1012
111000218,1266,502,764
111000219,131,88,43
111000220,509,390,119
111000221,103,42,61
111000224,0,61,-61
111000225,295,61,234
111000226,24,1,23
111000227,25,0,25
111000228,3,731,-728
111000229,5,1726,-1721
111000230,74,75,-1
111000231,547,105,442
111000232,608,187,421
111000233,1421,221,1200
111000234,173,268,-95
111000239,15,39,-24
111000240,64,262,-198
111000241,29,41,-12
111000242,215,31,184
111000243,149,72,77
111000244,798,54,744
111000245,553,74,479
111000246,683,113,570
111000247,381,98,283
111000248,591,71,520
111000249,458,164,294
111000250,49,38,11
111000251,162,47,115
111000253,42,2,40
111000255,42,1,41
111000257,74,5,69
111000260,25,382,-357
111000261,1456,18,1438
111000271,18,121,-103
111000273,1821,651,1170
111000274,1075,1364,-289
111000275,72,4,68
111000276,150,378,-228
111000277,170,92,78
111000278,360,84,276
111000291,756,8741,-7985
111000298,337,79,258
111000299,459,91,368
111000300,30,102,-72
111000302,437,21,416
111000303,170,43,127
111000312,59,17,42
111000315,1,100,-99
111000320,117,140,-23
111000321,327,83,244
111000322,449,121,328
111000323,278,33,245
111000324,261,79,182
111000325,31,20,11
111000326,119,84,35
111000327,224,128,96
111000328,386,240,146
111000329,1,14,-13
111000330,21,3,18
111000331,11,4,7
111000332,278,249,29
111000334,103,311,-208
111000335,941,90,851
111000337,1807,89,1718
111000338,29,16,13
111000339,667,60,607
111000340,66,219,-153
111000341,1521,654,867
111000342,4,407,-403
111000344,862,281,581
111000345,57,140,-83
111000346,3,105,-102
111000347,114,3,111
111000350,72,100,-28
111000351,113,192,-79
111000352,162,53,109
111000353,79,106,-27
111000354,345,25,320
111000355,150,133,17
111000358,117,231,-114
111000360,141,155,-14
111000361,152,117,35
111000546,495,89,406
111000547,605,75,530
111000548,75,32,43
111000549,209,41,168
111000550,8,425,-417
111000551,108,43,65
111000552,187,112,75
111000907,241,5,236
111000908,75,0,75
111000916,2426,59,2367
111000917,23,209,-186
111000918,83,140,-57
111000920,498,11,487
111000921,0,34,-34
111000922,551,35,516
111000924,9,226,-217
111000925,3160,1466,1694
111000926,1026,724,302
111000927,2150,3025,-875
111000928,2472,810,1662
111000929,1909,574,1335
111000930,678,878,-200
111000931,1904,822,1082
111000932,1795,746,1049
111000933,2269,2043,226
111000934,678,844,-166
111000935,2187,582,1605
111000936,540,558,-18
111000937,1141,769,372
111000938,720,595,125
111000939,665,10,655
111000940,1090,27,1063
111000941,334,76,258
111000943,968,131,837
111000944,140,66,74
111000945,120,441,-321
111001109,398,558,-160
111001110,41,105,-64
111001111,81,1,80
111001112,179,18,161
111001113,2,147,-145
111001114,242,42,200
111001115,9,249,-240
111001116,783,4692,-3909
111001117,118,1688,-1570
111001120,77,57,20
111001121,82,43,39
111001122,216,63,153
111001123,380,44,336
111900001,32,15,17
111900002,71,36,35
111900003,2,49,-47
111900004,1,25,-24
111900006,26,22,4
111900007,219,0,219
111900008,280,0,280
111900009,287,3,284
111900010,32,125,-93
111900012,40,22,18
111900013,8,10,-2
111900014,1110,4994,-3884
111900015,0,50,-50
111900016,1,44,-43
111900017,0,24,-24
111900018,242,10,232
111900019,0,119,-119
111900020,0,31,-31
111900021,10,12,-2
111900022,6,1,5
111900023,108,4,104
111900024,2,4,-2
111900025,0,19,-19
111900026,0,29,-29
111900027,0,37,-37
111900028,1,64,-63
111900029,0,14,-14
111900030,3,161,-158
111900031,49,24,25
111900032,2,72,-70
111900033,0,14,-14
111900034,27,222,-195
111900035,57,468,-411
111900036,0,58,-58
111900038,74,241,-167
111900039,16,92,-76
111900040,0,121,-121
111900042,14,41,-27
111900043,0,79,-79
111900044,17,136,-119
111900046,7,39,-32
111900048,347,150,197
111900049,2,74,-72
111900050,171,8,163
111900051,0,41,-41
111900052,94,106,-12
111900053,320,2121,-1801
111900054,370,8,362
111900055,1,80,-79
111900056,30,302,-272
111900057,188,3,185
111900058,651,220,431
111900059,728,545,183
111900060,385,4,381
111900061,1,46,-45
111900062,25,69,-44
111900063,211,74,137
111900064,32,73,-41
111900065,198,35,163
111900066,216,57,159
111900067,0,76,-76
111900068,30,45,-15
111900069,81,11,70
111900070,216,24,192
111900071,0,28,-28
111900072,21,30,-9
111900073,1123,116,1007
111900074,0,26,-26
111900075,25,1,24
111900076,214,27,187
111900077,91,0,91
111900078,460,39,421
111900079,20,40,-20
111900080,56,73,-17
111900081,111,74,37
111900082,150,30,120
111900083,159,36,123
111900084,79,2,77
111900085,23,30,-7
111900086,190,10,180
111900087,127,2,125
111900088,577,6,571
111900089,87,8,79
111900090,30,58,-28
111900091,762,8,754
111900092,240,0,240
111900093,573,4,569
111900094,110,10,100
111900095,360,13,347
111900096,341,12,329
111900097,138,0,138
111900098,431,9,422
111900099,82,0,82
111900100,137,0,137
111900101,192,4,188
111900102,844,208,636
111900103,37,37,0
111900104,57,15,42
111900105,66,162,-96
111900106,160,11,149
111900107,5,25,-20
111900108,164,301,-137
111900109,143,505,-362
111900110,934,134,800
111900111,337,7,330
111900112,141,3725,-3584
111900113,154,21,133
111900114,105,22,83
111900115,0,12,-12
111900118,298,28,270
111900119,57,44,13
111900122,20,44,-24
111900123,4,5,-1
111900124,19,10,9
111900125,469,93,376
111900126,393,1,392
111900127,1,139,-138
111900128,0,49,-49
111900129,381,23,358
111900130,121,81,40
111900131,462,0,462
111900132,2,110,-108
111900133,4,92,-88
111900134,5,50,-45
111900135,5,21,-16
111900136,5,52,-47
111900137,44,1,43
111900138,28,11,17
111900139,32,31,1
111900140,67,11,56
111900141,143,2,141
111900142,57,11,46
111900143,9,23,-14
111900144,0,12,-12
111900145,0,77,-77
111900146,0,45,-45
111900147,5,90,-85
111900148,0,110,-110
111900149,2,60,-58
111900150,5,13,-8
111900151,0,8,-8
111900152,18,20,-2
111900153,271,482,-211
111900154,15,564,-549
111900155,57,97,-40
111900156,55,58,-3
111900157,209,31,178
111900158,576,41,535
111900159,427,30,397
111900160,397,2,395
111900161,437,0,437
111900162,65,196,-131
111900163,1,124,-123
111900164,48,27,21
111901113,685,56,629
111901114,326,350,-24
111901115,209,2,207
111901116,39,1,38
111901117,19,62,-43
111901118,10,392,-382
111901119,186,8,178
111901120,12,35,-23
111901121,9,38,-29
111901122,5,103,-98
111901123,324,49,275
111901124,462,16,446
111901125,992,96,896
111901126,146,101,45
111901127,581,1372,-791
111901128,10,16,-6
111901129,7,35,-28
111901130,5,75,-70
111901131,1,275,-274
111901132,68,22,46
111901133,80,0,80
111901134,188,1,187
111901135,57,2,55
111901136,69,49,20
111901137,0,15,-15
111901138,11,5,6
111901139,2,48,-46
111901140,15,39,-24
111901141,4,35,-31
111901142,1,33,-32
111901143,0,24,-24
111901144,23,5,18
111901145,34,117,-83
112000001,2578,691,1887
112000002,853,1754,-901
112000003,2950,497,2453
112000004,694,197,497
112000005,3204,2807,397
112000006,402,319,83
112000007,4054,2555,1499
112000008,2432,3190,-758
112000009,1857,799,1058
112000010,2320,2952,-632
112000011,896,626,270
112000012,2820,2880,-60
112000013,1240,1012,228
112000014,632,2125,-1493
112000015,832,1714,-882
112000016,1296,2320,-1024
112000017,337,1917,-1580
112000024,779,159,620
112000026,1610,1154,456
112000027,416,326,90
112000028,542,446,96
112000029,467,537,-70
112000030,113,9,104
112000031,494,2066,-1572
112000032,135,13,122
112000033,858,1886,-1028
112000034,121,27,94
112000035,56,287,-231
112000036,112,575,-463
112000037,332,543,-211
112000038,434,561,-127
112000039,93,40,53
112000040,8,110,-102
112000041,78,207,-129
112000042,227,60,167
112000050,802,516,286
112000051,812,1264,-452
112000054,688,528,160
112000057,161,105,56
112000058,156,155,1
112000059,378,243,135
112000061,1312,423,889
112000062,314,528,-214
112000063,168,1087,-919
112000064,1472,1291,181
112000065,604,742,-138
112000066,1533,786,747
112000067,259,247,12
112000068,1719,1220,499
112000069,231,768,-537
112000070,752,491,261
112000071,478,705,-227
112000072,2050,625,1425
112000073,435,845,-410
112000074,617,421,196
112000075,898,707,191
112000076,1558,984,574
112000077,695,264,431
112000078,1645,518,1127
112000079,1661,889,772
112000080,626,449,177
112000081,475,834,-359
112000082,969,275,694
112000083,512,757,-245
112000084,1248,215,1033
112000085,1112,827,285
112000086,1646,629,1017
112000087,879,106,773
112000088,675,309,366
112000089,175,135,40
112000090,111,154,-43
112000091,337,193,144
112000092,2336,334,2002
112000093,819,233,586
112000094,562,365,197
112000095,653,147,506
112000096,654,219,435
112000097,1797,315,1482
112000098,167,305,-138
112000099,644,1447,-803
112000100,2072,337,1735
112000101,398,158,240
112000102,1601,291,1310
112000103,309,176,133
112000105,319,1154,-835
112000106,2042,277,1765
112000107,53,89,-36
112000108,362,804,-442
112000109,84,57,27
112000110,1580,390,1190
112000111,287,988,-701
112000112,1768,169,1599
112000113,440,658,-218
112000114,1739,301,1438
112000115,242,98,144
112000116,467,214,253
112000117,607,252,355
112000118,252,315,-63
112000119,206,231,-25
112000120,57,119,-62
112000121,88,113,-25
112000122,436,63,373
112000123,715,36,679
112000124,542,30,512
112000125,117,98,19
112000126,524,209,315
112000127,1115,1414,-299
112000128,343,290,53
112000129,126,32,94
112000130,229,73,156
112000131,22,33,-11
112000132,147,75,72
112000133,344,36,308
112000134,372,175,197
112000135,959,339,620
112000136,543,726,-183
112000137,1213,621,592
112000138,759,373,386
112000139,253,306,-53
112000140,96,369,-273
112000141,908,133,775
112000142,93,189,-96
112000143,1065,77,988
112000144,193,448,-255
112000145,2680,203,2477
112000146,449,818,-369
112000147,1852,806,1046
112000148,465,1194,-729
112000149,448,273,175
112000150,237,136,101
112000151,269,108,161
112000152,657,104,553
112000153,76,59,17
112000154,118,168,-50
112000155,72,48,24
112000157,186,385,-199
112000158,283,102,181
112000159,1033,116,917
112000167,178,174,4
112000169,68,546,-478
112000173,1296,106,1190
112000175,430,133,297
112000176,913,551,362
112000177,897,172,725
112000178,46,111,-65
112000179,358,91,267
112000180,285,81,204
112000181,663,319,344
112000182,1830,299,1531
112000183,46,7,39
112000184,485,104,381
112000185,738,113,625
112000187,2311,1608,703
112000195,72,2,70
112000196,62,0,62
112000197,34,85,-51
112000198,12,83,-71
112000199,226,266,-40
112000202,591,16,575
112000216,32,65,-33
112000230,159,0,159
112000231,1,64,-63
112000256,42,203,-161
112000313,24,14,10
112000314,13,68,-55
112000337,63,316,-253
112000352,58,97,-39
112000392,698,337,361
112000398,1475,280,1195
112000399,501,3244,-2743
112000400,563,415,148
112000401,748,539,209
112000402,3172,3318,-146
112000403,727,3677,-2950
112000404,1045,625,420
112000405,2759,2039,720
112000406,1094,743,351
112000407,7297,5906,1391
112000408,2904,1022,1882
112000409,839,799,40
112000410,108,241,-133
112000411,1889,1108,781
112000412,253,133,120
112000413,1928,5478,-3550
112000414,114,97,17
112000415,72,11,61
112000416,2854,370,2484
112000417,219,39,180
112000421,77,36,41
112000422,180,89,91
112000424,411,1499,-1088
112000425,341,1040,-699
112000426,200,227,-27
112000427,0,16,-16
112000428,346,101,245
112000429,1105,892,213
112000430,1537,1478,59
112000431,77,81,-4
112000432,266,858,-592
112000433,233,211,22
112000437,27,96,-69
112900001,100,0,100
112900002,717,171,546
112900003,95,49,46
112900004,67,164,-97
112900005,323,17,306
112900006,12,44,-32
112900007,72,17,55
112900008,0,27,-27
112900009,270,143,127
112900010,242,98,144
112900011,29,27,2
112900012,0,17,-17
112900013,0,215,-215
112900014,1,27,-26
112900015,74,164,-90
112900016,4,62,-58
112900017,33,86,-53
112900018,0,72,-72
112900019,5,43,-38
112900020,158,257,-99
112900021,0,83,-83
112900022,17,12,5
112900023,0,18,-18
112900024,5,44,-39
112900025,62,116,-54
112900026,0,13,-13
112900027,0,115,-115
112900028,20,38,-18
112900029,13,45,-32
112900030,66,26,40
112900031,2,84,-82
112900032,45,41,4
112900034,0,22,-22
112900035,0,36,-36
112900036,10,58,-48
112900037,52,150,-98
112900038,622,32,590
112900039,9,74,-65
112900040,4,159,-155
112900041,110,503,-393
112900042,128,238,-110
112900043,3,37,-34
112900044,132,72,60
112900045,40,72,-32
112900046,50,31,19
112900047,2,24,-22
112900049,218,6,212
112900050,33,217,-184
112900051,88,156,-68
112900052,6,981,-975
112900053,21,81,-60
112900054,64,61,3
112900055,64,6,58
112900056,164,135,29
112900057,4,137,-133
112900058,221,170,51
112900059,58,65,-7
112900060,10,33,-23
112900061,27,24,3
112900062,55,42,13
112900063,23,19,4
112900064,35,5,30
112900065,7,9,-2
112900066,208,264,-56
112900067,213,29,184
112900068,36,72,-36
112900069,498,594,-96
112900071,17,3,14
112900072,23,2925,-2902
112900073,297,133,164
112900074,54,328,-274
112900075,264,784,-520
112900076,23,24,-1
112900078,201,528,-327
112900079,310,2,308
112900080,151,5,146
112900081,55,279,-224
112900082,521,7,514
112900083,120,132,-12
112900084,156,234,-78
112900085,0,1,-1
112900086,139,1,138
112900087,1208,93,1115
112900088,221,5,216
112900089,947,27,920
112900090,62,65,-3
112900091,291,7,284
112900092,34,470,-436
112900093,916,13,903
112900094,156,1,155
112900095,145,0,145
112900096,572,86,486
112900097,66,45,21
112900098,74,0,74
112900099,1077,21,1056
112900100,125,9,116
112900101,351,2,349
112900102,45,39,6
112900103,250,1,249
112900104,49,0,49
112900105,21,0,21
112900106,224,68,156
112900107,18,0,18
112900108,2,0,2
112900109,189,1,188
112900110,1462,10,1452
112900111,628,4,624
112900112,330,2,328
112900113,0,0,0
112900114,291,8,283
112900115,2160,8,2152
112900116,144,82,62
112900117,118,4,114
112900118,1,2,-1
112900119,116,0,116
112900120,187,113,74
112900121,334,11,323
112900122,1,11,-10
112900123,132,33,99
112900124,2,6,-4
112900125,9,87,-78
112900126,43,68,-25
112900127,221,20,201
112900128,29,147,-118
112900129,0,227,-227
112900130,98,29,69
112900131,13,346,-333
112900132,33,246,-213
112900133,8,841,-833
112900134,0,108,-108
112900135,37,8,29
112900136,2,118,-116
112900137,0,276,-276
112900138,1,42,-41
112900139,16,282,-266
112900140,1,215,-214
112900141,480,12,468
112900142,11,83,-72
112900143,2,215,-213
112900144,10,1164,-1154
112900145,5,72,-67
112900146,1,49,-48
112900147,0,178,-178
112900148,19,0,19
112900149,55,115,-60
112900151,0,20,-20
112900152,4126,148,3978
112900153,175,1315,-1140
112900154,0,17,-17
112900155,66,5,61
112900156,443,213,230
112900157,386,1,385
112900158,61,0,61
112900159,100,115,-15
112900160,31,64,-33
112900161,62,14,48
112900162,3,20,-17
112900163,2,22,-20
112900164,12,85,-73
112900165,20,12,8
112900166,1,26,-25
112900167,0,53,-53
112900168,7,0,7
112900169,19,5,14
112900170,144,8,136
112900172,40,8,32
112900173,54,35,19
112900174,189,17,172
112900175,72,58,14
112900176,24,69,-45
112900177,243,33,210
112900178,254,2180,-1926
112900179,12,379,-367
112900180,1282,1825,-543
112900181,839,4,835
112900182,47,162,-115
112900183,15,81,-66
112900184,105,180,-75
112900185,46,119,-73
112900186,468,373,95
112900187,11,261,-250
112900188,296,624,-328
112900189,5,1,4
112900190,5,0,5
112900192,303,176,127
112900193,388,87,301
112900194,54,2,52
112900195,317,18,299
112900196,199,110,89
112900197,37,204,-167
112900199,526,54,472
112900200,397,39,358
112900201,185,32,153
112900202,354,149,205
112900203,201,55,146
112900204,171,66,105
112900205,7,0,7
112900206,5,14,-9
112900207,39,0,39
112900208,48,111,-63
112900209,37,105,-68
112900210,0,1,-1
112900211,44,18,26
112900212,0,5,-5
112900213,44,7,37
112900214,2,3,-1
112900215,14,12,2
112900216,20,12,8
112900217,1,3,-2
112900218,65,2,63
112900219,116,7,109
112900220,0,0,0
112900221,19,14,5
112900222,0,82,-82
112900223,475,12,463
112900224,609,78,531
112900225,473,79,394
112900226,63,79,-16
112900227,881,311,570
112900228,162,38,124
112900229,460,15,445
112900230,3089,1201,1888
112900232,276,276,0
112900233,27,42,-15
112900234,71,1,70
112900235,0,5,-5
112900236,636,5,631
112900237,296,26,270
112900238,25,1,24
112900239,75,411,-336
113000001,2865,2149,716
113000002,2734,1797,937
113000003,673,794,-121
113000004,784,923,-139
113000005,848,370,478
113000006,608,631,-23
113000007,1272,373,899
113000008,1020,439,581
113000009,737,211,526
113000010,832,324,508
113000011,351,442,-91
113000012,698,384,314
113000013,302,370,-68
113000014,284,464,-180
113000015,45,63,-18
113000016,43,304,-261
113000017,159,155,4
113000018,402,54,348
113000019,137,114,23
113000020,166,37,129
113000021,1072,257,815
113000022,706,841,-135
113000025,15,64,-49
113000026,511,377,134
113000027,430,598,-168
113000028,407,364,43
113000029,312,363,-51
113000030,62,240,-178
113000031,42,126,-84
113000032,115,89,26
113000033,180,124,56
113000034,101,49,52
113000035,8,2,6
113000036,22,27,-5
113000037,16,13,3
113000038,8,23,-15
113000039,15,129,-114
113000040,32,17,15
113000042,254,182,72
113000051,630,1245,-615
113000052,1045,214,831
113000053,332,127,205
113000054,238,362,-124
113000055,1137,131,1006
113000056,1371,335,1036
113000058,174,373,-199
113000059,734,96,638
113000060,182,269,-87
113000061,258,345,-87
113000062,204,171,33
113000063,310,26,284
113000064,101,96,5
113000065,146,215,-69
113000066,772,47,725
113000067,2129,212,1917
113000068,320,230,90
113000069,357,175,182
113000070,2468,198,2270
113000071,306,145,161
113000072,808,105,703
113000073,272,407,-135
113000074,486,224,262
113000075,1248,314,934
113000076,89,910,-821
113000077,343,403,-60
113000078,316,613,-297
113000079,175,304,-129
113000080,206,457,-251
113000081,580,582,-2
113000082,475,289,186
113000083,514,417,97
113000084,691,304,387
113000085,818,284,534
113000086,412,373,39
113000087,563,671,-108
113000088,560,482,78
113000089,441,663,-222
113000090,61,291,-230
113000091,116,99,17
113000094,752,75,677
113000095,165,196,-31
113000096,50,245,-195
113000097,397,99,298
113000098,31,23,8
113000099,575,117,458
113000100,104,73,31
113000101,60,149,-89
113000102,345,133,212
113000103,1638,193,1445
113000104,534,1487,-953
113000105,606,172,434
113000106,317,99,218
113000107,777,429,348
113000108,579,289,290
113000109,188,740,-552
113000110,1980,438,1542
113000111,113,319,-206
113000112,296,159,137
113000113,1040,227,813
113000114,87,388,-301
113000116,186,199,-13
113000117,363,147,216
113000118,26,332,-306
113000119,154,278,-124
113000120,37,263,-226
113000121,278,353,-75
113000124,165,66,99
113000125,14,906,-892
113000127,539,76,463
113000128,723,151,572
113000129,125,343,-218
113000133,848,86,762
113000134,2,727,-725
113000135,2225,2297,-72
113000137,530,1756,-1226
113000139,154,74,80
113000140,56,28,28
113000141,145,31,114
113000142,174,126,48
113000143,155,51,104
113000144,85,105,-20
113000145,137,37,100
113000146,27,6,21
113000147,132,9,123
113000148,313,20,293
113000149,118,82,36
113000150,171,120,51
113000151,5,16,-11
113000152,29,156,-127
113000153,364,118,246
113000154,197,897,-700
113000155,250,300,-50
113000156,51,98,-47
113000157,93,156,-63
113000158,178,28,150
113000159,500,81,419
113000160,234,208,26
113000161,212,141,71
113000162,427,50,377
113000163,77,11,66
113000164,5,15,-10
113000166,180,20,160
113000167,61,12,49
113000168,127,12,115
113000169,153,8,145
113000170,86,26,60
113000171,8,22,-14
113000172,228,11,217
113000173,32,19,13
113000174,37,49,-12
113000175,370,10,360
113000176,535,22,513
113000177,87,48,39
113000178,29,41,-12
113000179,219,43,176
113000180,699,1084,-385
113000181,1091,628,463
113000182,45,155,-110
113000183,127,356,-229
113000184,6,12,-6
113000189,66,176,-110
113000190,226,73,153
113000192,384,1636,-1252
113000193,973,969,4
113000194,444,1112,-668
113000195,912,989,-77
113000196,379,93,286
113000197,963,1232,-269
113000198,25,148,-123
113000199,797,263,534
113000201,179,230,-51
113000202,2656,726,1930
113000203,33,466,-433
113000204,156,1398,-1242
113000205,1,1,0
113000206,11,7,4
113000207,30,5,25
113000208,30,19,11
113000209,2,8,-6
113000210,5,6,-1
113000211,52,31,21
113000212,12,1,11
113000213,7,29,-22
113000214,56,76,-20
113000234,85,159,-74
113000410,30,114,-84
113000411,793,1275,-482
113000412,2723,792,1931
113000413,1162,954,208
113000414,1945,5976,-4031
113000415,813,616,197
113000416,1367,907,460
113000417,389,549,-160
113000418,2472,2070,402
113000419,754,960,-206
113000420,1915,2562,-647
113000421,2398,3775,-1377
113000422,5781,4099,1682
113000423,764,1619,-855
113000424,1002,5169,-4167
113000425,13,47,-34
113000428,59,14,45
113000430,4,72,-68
113000432,2274,147,2127
113000433,113,356,-243
113000434,9,77,-68
113000435,17,76,-59
113000436,4,447,-443
113000437,1074,46,1028
113000438,227,7,220
113000439,2,19,-17
113000440,99,3,96
113000441,124,71,53
113000442,84,21,63
113000443,372,37,335
113000444,210,5,205
113000445,138,22,116
113000446,7,42,-35
113000448,112,130,-18
113000449,73,466,-393
113000450,180,1285,-1105
113000451,939,168,771
113000452,39,278,-239
113000453,19,156,-137
113000454,62,30,32
113000455,4,303,-299
113000456,382,883,-501
113000468,466,144,322
113000469,27,232,-205
113000470,184,6,178
113000471,0,201,-201
113000472,25,55,-30
113000474,974,493,481
113000475,569,741,-172
113000476,1396,1248,148
113000477,3849,1071,2778
113000478,1441,1595,-154
113000479,39,64,-25
113000480,87,89,-2
113000481,0,0,0
113000482,0,0,0
113000483,0,0,0
113000484,0,0,0
113000485,0,0,0
113000486,0,0,0
113000487,0,0,0
113000488,0,0,0
113000489,0,0,0
113000490,0,0,0
113000491,0,0,0
113000492,0,0,0
113000493,0,0,0
113000495,38,33,5
113000496,30,76,-46
113000500,0,0,0
113900001,1,181,-180
113900002,0,20,-20
113900003,2,28,-26
113900004,0,58,-58
113900005,0,62,-62
113900006,2,5,-3
113900007,11,57,-46
113900008,17,0,17
113900009,6,0,6
113900010,13,0,13
113900011,83,0,83
113900012,37,0,37
113900013,8,0,8
113900014,368,3,365
113900015,0,6,-6
113900016,22,0,22
113900017,0,9,-9
113900018,47,62,-15
113900019,205,8,197
113900020,180,0,180
113900022,13,0,13
113900023,17,0,17
113900024,24,55,-31
113900025,113,13,100
113900026,37,0,37
113900027,7,26,-19
113900028,6,94,-88
113900029,63,22,41
113900030,345,2,343
113900031,11,3,8
113900032,21,0,21
113900033,8,5,3
113900035,20,0,20
113900036,18,10,8
113900037,113,291,-178
113900038,20,128,-108
113900039,295,25,270
113900040,1,7,-6
113900041,0,0,0
113900042,12,3,9
113900043,56,35,21
113900044,32,152,-120
113900045,56,1,55
113900046,43,254,-211
113900047,70,23,47
113900048,26,22,4
113900049,57,319,-262
113900050,73,87,-14
113900051,86,31,55
113900052,62,33,29
113900053,142,472,-330
113900054,12,0,12
113900055,49,148,-99
113900056,41,17,24
113900057,7,7,0
113900058,53,8,45
113900059,107,23,84
113900060,43,247,-204
113900061,159,43,116
113900062,69,2,67
113900063,63,10,53
113900064,4,11,-7
113900065,404,16,388
113900066,228,24,204
113900067,195,44,151
113900068,206,475,-269
113900069,2,6,-4
113900070,73,86,-13
113900071,48,19,29
113900072,6,12,-6
113900073,234,125,109
113900074,130,144,-14
113900075,192,1140,-948
113900076,77,2,75
113900077,5,60,-55
113900078,30,53,-23
113900079,0,9,-9
113900080,198,51,147
113900081,3,7,-4
113900082,29,48,-19
113900083,357,94,263
113900084,35,13,22
113900085,10,34,-24
113900086,29,11,18
113900087,40,111,-71
113900088,90,96,-6
113900089,260,21,239
113900090,156,83,73
113900091,0,1,-1
113900092,3,10,-7
113900093,3,386,-383
113900094,378,90,288
113900095,86,10,76
113900096,201,40,161
113900097,12,16,-4
113900098,488,56,432
113900099,0,3,-3
113900100,1,1,0
113900101,0,20,-20
113900102,9,35,-26
113900103,73,178,-105
113900104,43,17,26
113900105,144,23,121
113900106,0,4,-4
113900107,0,4,-4
113900108,7,25,-18
113900109,39,56,-17
113900110,6,0,6
113900111,71,15,56
113900112,116,7,109
113900113,365,65,300
113900114,0,7,-7
113900115,1,7,-6
113900116,2,40,-38
113900117,28,4,24
113900118,18,421,-403
113900119,66,96,-30
113900120,60,21,39
113900121,96,17,79
113900122,139,2390,-2251
113900123,249,11,238
113900124,0,5,-5
113900125,250,32,218
113900126,10,15,-5
113900127,86,326,-240
113900128,105,5,100
113900129,0,64,-64
113900130,0,19,-19
113900131,99,5,94
113900132,1,14,-13
113900133,12,8,4
113900135,135,75,60
113900136,46,2,44
113900137,120,56,64
113900138,5,86,-81
113900139,63,100,-37
113900140,46,118,-72
113900141,359,67,292
113900142,31,9,22
113900143,2,37,-35
113900144,79,55,24
113900145,132,8,124
113900146,90,17,73
113900148,40,47,-7
113900149,66,11,55
113900150,413,81,332
113900151,266,44,222
113900152,7,60,-53
113900153,85,105,-20
113900154,0,30,-30
113900155,12,31,-19
113900156,31,80,-49
113900157,13,187,-174
113900158,60,84,-24
113900159,3,44,-41
113900160,109,112,-3
113900161,21,107,-86
113900162,98,66,32
113900163,135,43,92
113900164,284,3,281
113900165,137,110,27
113900166,9,15,-6
113900167,276,50,226
113900168,8,17,-9
113900169,74,95,-21
113900171,107,25,82
113900172,0,20,-20
113900173,5,100,-95
113900174,57,118,-61
113900175,104,96,8
113900176,57,91,-34
113900177,30,45,-15
113900178,117,43,74
113900179,16,139,-123
113900180,23,21,2
113900181,592,81,511
113900182,163,98,65
113900183,2,14,-12
113900184,2,175,-173
113900185,16,9,7
113900186,0,11,-11
113900187,6,12,-6
113900188,2,39,-37
113900189,154,73,81
113900190,77,10,67
113900191,14,27,-13
113900192,0,298,-298
113900193,1,84,-83
113900194,520,53,467
113900195,88,51,37
113900196,7,48,-41
113900197,1,49,-48
113900198,1,36,-35
113900199,14,92,-78
113900200,1,16,-15
113900201,0,47,-47
113900202,2,25,-23
113900203,0,24,-24
113900204,3,79,-76
113900205,2,5,-3
113900206,0,20,-20
113900207,0,12,-12
113900208,0,8,-8
113900209,0,4,-4
113900210,95,214,-119
113900211,135,9,126
113900212,240,144,96
113900214,72,63,9
113900215,148,12,136
113900216,45,70,-25
113900217,49,86,-37
113900218,43,61,-18
113900219,58,99,-41
113900220,63,36,27
113900221,75,188,-113
113900222,16,223,-207
113900223,154,94,60
113900224,9,11,-2
113900225,322,52,270
113900226,94,25,69
113900227,132,55,77
113900228,129,209,-80
113900229,3,418,-415
113900230,789,919,-130
113900231,18,13,5
113900232,34,4,30
113900233,64,17,47
113900234,110,143,-33
113900235,47,4,43
113900236,381,26,355
113900237,80,14,66
113900238,103,207,-104
113900239,6,35,-29
113900240,4,62,-58
113900241,8,2,6
113900242,8,14,-6
113900243,6,39,-33
113900244,86,51,35
113900245,196,47,149
113900246,2,16,-14
113900247,23,254,-231
113900248,427,708,-281
113900249,94,303,-209
113900250,14,86,-72
113900251,694,26,668
113900252,464,12,452
113900253,339,16,323
113900254,221,49,172
113900255,540,12,528
113900256,330,24,306
113900257,7,95,-88
113900258,1,203,-202
113900259,445,49,396
113900260,152,0,152
113900261,25,9,16
113900262,161,122,39
113900263,2,58,-56
113900264,0,58,-58
113900265,48,94,-46
113900266,16,71,-55
113900267,17,142,-125
113900268,44,116,-72
113900269,18,61,-43
113900270,53,144,-91
113900271,178,134,44
113900273,9,3,6
113900274,82,15,67
113900275,1,15,-14
113900276,0,55,-55
113900277,207,0,207
113900278,30,25,5
113900279,25,3,22
113900280,208,136,72
113900281,43,523,-480
113900282,81,116,-35
113900283,116,179,-63
113900284,682,74,608
113900285,28,9,19
113900286,41,33,8
113900287,61,15,46
113900288,0,22,-22
113900289,116,80,36
113900290,60,208,-148
113900291,22,30,-8
113900292,2,1,1
113900293,0,48,-48
113900294,535,12,523
113900295,109,69,40
113900296,554,231,323
113900297,1077,11,1066
113900298,4,221,-217
113900299,133,39,94
113900300,1965,2158,-193
113900301,130,277,-147
113900302,798,330,468
113900303,81,490,-409
113900304,0,21,-21
113900305,143,0,143
113900306,59,0,59
113900307,1,0,1
113900308,5,49,-44
113900309,0,237,-237
113900310,0,1,-1
113900311,34,0,34
113900312,15,67,-52
113900313,2,6,-4
114000001,507,646,-139
114000002,227,175,52
114000003,118,50,68
114000004,482,115,367
114000005,393,80,313
114000006,515,369,146
114000007,443,371,72
114000008,831,644,187
114000009,1112,133,979
114000011,1963,792,1171
114000012,3346,757,2589
114000013,1814,532,1282
114000014,220,40,180
114000015,1368,100,1268
114000016,153,24,129
114000017,103,723,-620
114000018,56,10,46
114000026,2656,594,2062
114000027,3484,1231,2253
114000028,1192,1823,-631
114000038,240,82,158
114000039,28,7,21
114000040,141,323,-182
114000042,68,123,-55
114000043,14,69,-55
114000044,367,3,364
114000045,12,4,8
114000046,761,1434,-673
114000047,6,147,-141
114000048,64,18,46
114000049,1429,545,884
114000050,1168,428,740
114000051,1947,924,1023
114000052,1892,1487,405
114000053,4,428,-424
114000054,160,302,-142
114000055,187,27,160
114000056,52,225,-173
114000057,1556,782,774
114000058,17,364,-347
114000059,33,396,-363
114000060,204,245,-41
114000061,923,1031,-108
114000062,159,384,-225
114000063,438,399,39
114000064,981,1682,-701
114000065,530,751,-221
114000066,473,382,91
114000067,1,799,-798
114000068,155,425,-270
114000069,892,166,726
114000070,1038,909,129
114000071,660,100,560
114000072,747,91,656
114000073,21,33,-12
114000074,65,9,56
114000075,89,27,62
114000076,7,38,-31
114000077,1,5,-4
114000078,199,111,88
114000079,360,43,317
114000080,53,35,18
114000081,98,45,53
114000082,25,95,-70
114000083,42,10,32
114000084,127,109,18
114000085,83,197,-114
114000086,218,120,98
114000087,148,11,137
114000088,64,13,51
114000089,227,120,107
114000090,555,393,162
114000091,370,460,-90
114000092,249,141,108
114000093,956,134,822
114000094,374,108,266
114000095,240,134,106
114000096,48,111,-63
114000097,30,104,-74
114000098,664,68,596
114000099,529,64,465
114000100,1801,195,1606
114000101,273,201,72
114000102,771,135,636
114000103,90,143,-53
114000104,3,93,-90
114000105,192,53,139
114000106,425,1282,-857
114000107,331,49,282
114000108,860,325,535
114000109,529,1021,-492
114000110,402,409,-7
114000111,1672,586,1086
114000112,211,1354,-1143
114000113,1289,477,812
114000114,188,751,-563
114000115,1316,659,657
114000116,826,624,202
114000117,3681,251,3430
114000118,3015,174,2841
114000119,2378,245,2133
114000120,709,561,148
114000121,300,321,-21
114000122,368,86,282
114000123,2039,135,1904
114000124,1094,211,883
114000125,678,643,35
114000126,1259,129,1130
114000127,154,48,106
114000128,758,130,628
114000130,338,424,-86
114000131,471,17,454
114000132,437,91,346
114000133,384,253,131
114000134,22,1,21
114000138,2,4,-2
114000139,256,111,145
114000144,502,231,271
114000145,14,7,7
114000146,54,17,37
114000147,549,1509,-960
114000148,721,1065,-344
114000149,164,146,18
114000150,84,106,-22
114000151,149,1404,-1255
114000152,23,12,11
114000153,231,586,-355
114000154,238,154,84
114000155,479,1988,-1509
114000156,544,353,191
114000157,251,783,-532
114000158,250,244,6
114000159,101,99,2
114000160,92,90,2
114000161,539,774,-235
114000162,774,1082,-308
114000163,7,5,2
114000165,184,136,48
114000166,179,165,14
114000167,1252,789,463
114000168,241,84,157
114000169,538,704,-166
114000170,476,503,-27
114000171,1415,3843,-2428
114000174,83,96,-13
114000176,143,134,9
114000177,379,196,183
114000178,28,23,5
114000179,540,332,208
114000180,111,126,-15
114000181,820,3315,-2495
114000182,834,1071,-237
114000183,298,200,98
114000184,237,279,-42
114000185,1061,486,575
114000189,1510,77,1433
114000190,2740,337,2403
114000191,62,345,-283
114000192,95,386,-291
114000193,135,578,-443
114000194,1664,699,965
114000195,351,172,179
114000196,1,76,-75
114000197,1952,15,1937
114000198,306,159,147
114000199,500,827,-327
114000200,409,494,-85
114000201,125,278,-153
114000202,578,519,59
114000203,657,822,-165
114000204,35,110,-75
114000205,304,587,-283
114000206,449,589,-140
114000207,290,531,-241
114000208,435,496,-61
114000209,288,452,-164
114000210,146,406,-260
114000211,1473,636,837
114000212,1046,976,70
114000213,1891,382,1509
114000214,67,19,48
114000215,61,33,28
114000216,1423,469,954
114000217,397,177,220
114000218,222,163,59
114000219,1336,86,1250
114000220,17,225,-208
114000221,1190,85,1105
114000222,141,325,-184
114000223,645,58,587
114000224,44,233,-189
114000225,269,156,113
114000226,358,97,261
114000227,1039,431,608
114000228,1096,289,807
114000229,1486,835,651
114000230,1685,569,1116
114000231,926,1009,-83
114000232,963,134,829
114000233,2053,63,1990
114000234,1288,450,838
114000235,1503,717,786
114000236,0,200,-200
114000237,99,300,-201
114000238,91,231,-140
114000239,49,422,-373
114000240,820,1435,-615
114000241,227,408,-181
114000242,459,426,33
114000243,1622,916,706
114000244,379,153,226
114000245,411,851,-440
114000246,48,33,15
114000247,450,379,71
114000248,1260,392,868
114000249,1067,295,772
114000250,822,163,659
114000251,193,97,96
114000252,39,18,21
114000253,20,72,-52
114000254,8,5,3
114000255,175,139,36
114000256,135,334,-199
114000257,593,529,64
114000258,370,129,241
114000259,163,182,-19
114000260,0,0,0
114000261,96,27,69
114000262,285,14,271
114000263,1,0,1
114000264,1279,97,1182
114000265,0,6,-6
114000267,3,1809,-1806
114000268,0,451,-451
114000270,141,5,136
114000271,178,145,33
114000283,1413,145,1268
114000285,5,66,-61
114000288,149,78,71
114000289,1646,71,1575
114000293,237,121,116
114000294,187,279,-92
114000395,1657,34,1623
114000396,391,157,234
114000402,701,194,507
114000403,445,91,354
114000405,340,150,190
114000423,577,107,470
114000424,591,139,452
114000425,1308,131,1177
114000426,394,736,-342
114000427,99,20,79
114000428,53,60,-7
114000429,19,50,-31
114000432,90,17,73
114000434,33,24,9
114000435,3,12,-9
114000436,1270,190,1080
114000437,353,5295,-4942
114900001,528,107,421
114900002,159,33,126
114900003,640,202,438
114900004,171,278,-107
114900005,270,138,132
114900006,35,71,-36
114900007,140,1,139
114900008,396,23,373
114900010,380,909,-529
114900011,287,52,235
114900013,210,33,177
114900015,56,356,-300
114900018,518,11,507
114900020,34,68,-34
114900022,2,301,-299
114900024,89,64,25
114900025,573,44,529
114900026,56,110,-54
114900027,180,112,68
114900029,38,8,30
114900030,230,61,169
114900031,435,21,414
114900032,534,4,530
114900033,177,1405,-1228
114900034,10,23,-13
114900035,28,76,-48
114900036,104,94,10
114900037,50,9,41
114900038,161,128,33
114900039,494,95,399
114900040,114,21,93
114900041,1014,48,966
114900042,844,90,754
114900043,503,33,470
114900044,122,39,83
114900046,6,30,-24
114900047,31,2195,-2164
114900048,21,176,-155
114900049,16,14,2
114900050,65,76,-11
114900051,16,66,-50
114900052,17,70,-53
114900053,32,132,-100
114900054,16,23,-7
114900057,74,7,67
114900058,0,28,-28
114900059,178,22,156
114900060,69,194,-125
114900061,22,23,-1
114900062,41,76,-35
114900063,49,16,33
114900064,1452,68,1384
114900065,221,439,-218
114900067,10,47,-37
114900068,6,36,-30
114900069,99,21,78
114900070,585,52,533
114900072,2,37,-35
114900073,0,23,-23
114900074,946,65,881
114900075,272,3,269
114900076,0,56,-56
114900080,291,94,197
114900082,1177,1113,64
114900083,53,185,-132
114900090,592,76,516
114900091,41,78,-37
114900095,50,70,-20
114900096,26,131,-105
114900097,110,1,109
114900098,1,73,-72
114900099,175,49,126
115000001,1824,1300,524
115000002,2623,4378,-1755
115000003,1838,898,940
115000004,3269,4124,-855
115000005,862,1128,-266
115000006,994,745,249
115000007,42,175,-133
115000008,187,284,-97
115000009,96,110,-14
115000010,171,135,36
115000013,5,79,-74
115000015,3,101,-98
115000016,44,181,-137
115000019,19,530,-511
115000020,43,716,-673
115000021,72,230,-158
115000022,143,89,54
115000023,302,347,-45
115000024,261,84,177
115000025,672,322,350
115000026,210,115,95
115000027,273,162,111
115000028,175,98,77
115000029,721,42,679
115000030,269,209,60
115000031,503,64,439
115000032,1,67,-66
115000033,44,18,26
115000034,41,321,-280
115000035,480,110,370
115000036,0,123,-123
115000037,603,73,530
115000038,41,131,-90
115000039,1031,1878,-847
115000040,1940,1353,587
115000041,716,2781,-2065
115000042,310,312,-2
115000043,2145,1407,738
115000044,1675,1330,345
115000045,1693,471,1222
115000046,2715,1322,1393
115000047,2367,764,1603
115000048,1377,948,429
115000049,874,1304,-430
115000050,2016,676,1340
115000051,919,2841,-1922
115000052,621,749,-128
115000053,1788,1954,-166
115000054,462,542,-80
115000055,104,461,-357
115000056,202,161,41
115000057,485,779,-294
115000058,82,302,-220
115000059,110,285,-175
115000061,103,103,0
115000062,192,317,-125
115000063,453,154,299
115000064,244,50,194
115000065,81,385,-304
115000067,145,18,127
115000069,100,239,-139
115000070,33,891,-858
115000071,72,21,51
115000072,20,28,-8
115000073,1178,88,1090
115000075,76,55,21
115000076,1260,765,495
115000077,1214,583,631
115000078,1175,381,794
115000079,1008,596,412
115000080,2604,672,1932
115000081,137,239,-102
115000082,3367,2399,968
115000083,1671,687,984
115000084,3067,381,2686
115000085,728,277,451
115000086,838,260,578
115000087,381,778,-397
115000088,1088,330,758
115000089,983,644,339
115000090,276,562,-286
115000091,132,309,-177
115000092,788,339,449
115000093,619,0,619
115000094,2621,5509,-2888
115000095,1930,4424,-2494
115000096,826,365,461
115000097,1505,922,583
115000098,1198,224,974
115000099,2157,601,1556
115000100,1521,200,1321
115000101,346,388,-42
115000102,386,85,301
115000103,278,332,-54
115000105,117,57,60
115000106,761,236,525
115000107,82,162,-80
115000108,980,799,181
115000109,1809,4173,-2364
115000110,659,1454,-795
115000111,190,358,-168
115000112,505,336,169
115000113,226,288,-62
115000114,395,171,224
115000116,891,949,-58
115000117,866,894,-28
115000118,753,866,-113
115000119,623,834,-211
115000120,267,672,-405
115000121,258,337,-79
115000122,361,857,-496
115000123,535,949,-414
115000124,357,590,-233
115000125,245,478,-233
115000126,83,325,-242
115000127,246,58,188
115000128,166,527,-361
115000129,177,373,-196
115000130,288,221,67
115000131,592,122,470
115000132,316,113,203
115000133,538,109,429
115000134,289,50,239
115000135,122,93,29
115000136,134,81,53
115000137,42,68,-26
115000138,202,113,89
115000139,96,44,52
115000140,441,79,362
115000141,160,73,87
115000142,93,58,35
115000143,684,307,377
115000144,294,28,266
115000145,139,108,31
115000146,325,123,202
115000147,164,139,25
115000148,213,223,-10
115000149,426,157,269
115000150,408,111,297
115000151,921,147,774
115000152,453,217,236
115000153,923,227,696
115000154,818,222,596
115000155,383,283,100
115000156,374,380,-6
115000157,135,201,-66
115000158,132,84,48
115000159,220,163,57
115000160,268,290,-22
115000161,398,182,216
115000162,348,788,-440
115000163,132,222,-90
115000164,239,276,-37
115000165,114,308,-194
115000167,45,10,35
115000168,348,133,215
115000169,151,510,-359
115000170,31,301,-270
115000171,235,774,-539
115000172,578,621,-43
115000173,196,756,-560
115000174,45,291,-246
115000175,61,125,-64
115000176,16,108,-92
115000177,2,251,-249
115000178,2,150,-148
115000179,10,80,-70
115000180,100,159,-59
115000181,617,66,551
115000182,975,163,812
115000183,466,172,294
115000186,226,50,176
115000187,184,91,93
115000188,252,181,71
115000189,250,256,-6
115000190,375,321,54
115000191,217,315,-98
115000194,58,22,36
115000195,42,44,-2
115000196,237,5,232
115000197,168,91,77
115000198,533,36,497
115000199,457,71,386
115000200,375,51,324
115000201,111,84,27
115000206,561,9,552
115000207,119,50,69
115000208,90,322,-232
115000209,654,333,321
115000210,176,104,72
115000211,92,102,-10
115000212,449,336,113
115000224,170,13,157
115000225,87,10,77
115000229,116,74,42
115000230,31,140,-109
115000231,312,378,-66
115000232,1844,277,1567
115000233,83,55,28
115000234,27,123,-96
115000241,54,62,-8
115000242,149,49,100
115000243,50,21,29
115000244,2,69,-67
115000246,11,8,3
115000247,10,4,6
115000248,23,3,20
115000249,4,6,-2
115000250,217,8,209
115000251,265,32,233
115000252,52,90,-38
115000253,2,307,-305
115000258,191,15,176
115000259,66,14,52
115000261,12,7,5
115000262,4,9,-5
115000263,3,8,-5
115000264,5,6,-1
115000267,28,14,14
115000268,19,50,-31
115000269,34,16,18
115000270,3,26,-23
115000272,25,17,8
115000273,340,10,330
115000280,499,417,82
115000281,85,947,-862
115000282,424,1806,-1382
115000284,41,118,-77
115000296,198,2,196
115000297,45,405,-360
115000298,20,564,-544
115000300,147,188,-41
115000302,342,28,314
115000303,804,43,761
115000304,752,56,696
115000305,101,113,-12
115000306,272,55,217
115000307,168,84,84
115000308,7,9,-2
115000309,7,76,-69
115000310,1336,253,1083
115000311,1050,422,628
115000313,66,152,-86
115000314,389,119,270
115000315,135,573,-438
115000316,51,77,-26
115000317,105,224,-119
115000318,809,158,651
115000319,24,72,-48
115000320,6,400,-394
115000321,331,31,300
115000322,54,48,6
115000449,129,119,10
115000557,3,1674,-1671
115000558,47,42,5
115000587,627,169,458
115000588,1022,1246,-224
115000589,2416,1589,827
115000590,297,698,-401
115000591,732,372,360
115000592,304,619,-315
115000593,1395,278,1117
115000594,322,1290,-968
115000609,142,58,84
115000617,233,2090,-1857
115000624,289,7,282
115000633,353,957,-604
115000634,2137,392,1745
115000635,371,43,328
115000638,183,246,-63
115000641,26,94,-68
115000642,235,97,138
115000643,100,166,-66
115000644,85,197,-112
115000646,309,647,-338
115000647,40,181,-141
115000648,1970,341,1629
115000893,726,401,325
115000894,82,459,-377
115000895,153,331,-178
115000896,523,215,308
115000897,164,24,140
115000898,126,170,-44
115000899,79,747,-668
115000900,16,124,-108
115000901,29,243,-214
115000912,221,62,159
115000913,4,8,-4
115000915,11,0,11
115000916,0,1,-1
115000917,0,22,-22
115000918,20,1088,-1068
115000919,1,9,-8
115000920,8,31,-23
115000921,224,44,180
115000922,130,374,-244
115000923,22,940,-918
115000925,75,77,-2
115000927,24,15,9
115000933,25,184,-159
115000934,71,147,-76
115000935,134,9,125
115900001,328,3,325
115900002,29,21,8
115900003,252,34,218
115900004,0,17,-17
115900005,258,2,256
115900006,97,45,52
115900008,214,2,212
115900009,38,37,1
115900010,549,23,526
115900011,220,91,129
115900012,295,4,291
115900013,333,20,313
115900014,81,51,30
115900015,214,7,207
115900016,20,7,13
115900017,26,26,0
115900018,125,15,110
115900019,88,1,87
115900020,112,0,112
115900021,343,138,205
115900022,158,0,158
115900023,9,19,-10
115900025,12,39,-27
115900026,440,35,405
115900027,0,35,-35
115900028,120,24,96
115900029,9,66,-57
115900030,24,13,11
115900031,23,158,-135
115900032,99,218,-119
115900033,0,26,-26
115900034,17,51,-34
115900035,17,7,10
115900036,18,1147,-1129
115900037,27,99,-72
115900038,19,2,17
115900039,163,38,125
115900041,37,444,-407
115900042,45,2,43
115900043,64,13,51
115900044,63,296,-233
115900046,287,53,234
115900047,44,163,-119
115900049,114,68,46
115900051,1,11,-10
115900052,3,96,-93
115900053,233,25,208
115900054,399,24,375
115900055,41,67,-26
115900056,159,49,110
115900057,5,28,-23
115900058,6,30,-24
115900060,21,48,-27
115900061,278,1,277
115900062,32,64,-32
115900063,8,2,6
115900064,52,85,-33
115900065,75,23,52
115900066,39,37,2
115900067,4,69,-65
115900068,1067,1348,-281
115900069,15,106,-91
115900070,136,38,98
115900071,0,177,-177
115900072,14,69,-55
115900073,161,81,80
115900074,2,58,-56
115900075,9,56,-47
115900076,0,31,-31
115900077,1,38,-37
115900078,2,102,-100
115900079,387,2,385
115900080,86,17,69
115900081,9,11,-2
115900082,62,149,-87
115900084,708,3,705
115900085,6,28,-22
115900086,436,143,293
115900088,2,21,-19
115900089,410,175,235
115900090,585,0,585
115900091,3,1,2
115900092,55,28,27
115900093,2,3,-1
115900094,13,63,-50
115900096,0,2,-2
115900097,4,151,-147
115900098,256,36,220
115900099,39,67,-28
115900100,1,179,-178
115900101,142,42,100
115900102,112,36,76
115900103,177,40,137
115900104,67,41,26
115900105,225,94,131
115900106,98,5,93
115900107,108,66,42
115900108,130,0,130
115900109,4,187,-183
115900110,14,0,14
115900111,1,35,-34
115900112,28,187,-159
115900113,53,1,52
115900114,0,33,-33
115900115,111,29,82
115900116,45,196,-151
115900117,65,1,64
115900118,0,91,-91
115900119,142,44,98
115900120,25,51,-26
115900121,215,43,172
115900124,135,670,-535
115900125,394,45,349
115900126,826,17,809
115900127,720,9,711
115900128,0,47,-47
115900129,233,14,219
115900130,3,327,-324
115900131,319,14,305
115900132,472,1,471
115900134,355,2,353
115900135,204,326,-122
115900137,33,1,32
115900139,6,31,-25
115900140,413,22,391
115900141,1,2,-1
115900142,0,11,-11
115900143,177,63,114
115900144,110,93,17
115900146,2,29,-27
115900147,46,219,-173
115900148,7,17,-10
115900149,127,10,117
115900150,118,7,111
115900151,28,23,5
115900152,77,74,3
115900153,126,40,86
115900154,73,115,-42
115900155,0,8,-8
115900156,246,323,-77
115900157,180,181,-1
115900158,7,0,7
115900159,256,55,201
115900160,1,0,1
115900161,11,85,-74
115900163,249,46,203
115900164,746,15,731
115900165,2,168,-166
115900166,28,31,-3
115900168,292,17,275
115900171,54,95,-41
115900172,26,37,-11
115900173,69,73,-4
115900174,57,84,-27
115900175,114,46,68
115900178,30,134,-104
115900179,325,0,325
115900180,27,49,-22
115900181,127,37,90
115900182,626,43,583
115900183,5,66,-61
115900184,82,1,81
115900187,1,224,-223
115900189,0,77,-77
115900190,98,353,-255
115900191,6,59,-53
115900192,26,54,-28
115900193,44,48,-4
115900194,719,24,695
115900195,145,1962,-1817
115900198,107,74,33
115900199,168,39,129
115900200,104,40,64
115900201,105,168,-63
115900202,17,112,-95
115900203,0,2,-2
115900204,1,15,-14
115900205,3,8,-5
115900206,384,19,365
115900207,45,4,41
115900208,115,18,97
115900209,33,34,-1
115900210,0,82,-82
115900211,1,29,-28
115900212,191,24,167
115900213,42,169,-127
115900214,345,54,291
115900215,2,191,-189
115900216,0,36,-36
115900217,35,9,26
115900218,0,2,-2
115900219,189,1,188
115900220,327,6,321
115900221,172,3,169
115900222,139,19,120
115900223,0,343,-343
115900224,351,1312,-961
115900225,56,37,19
115900226,4,19,-15
115900227,5,12,-7
115900228,1,2,-1
115900229,1,15,-14
115900230,40,33,7
115900231,124,0,124
115900232,7,0,7
115900233,85,6,79
115900234,23,29,-6
115900235,19,42,-23
115900236,4,86,-82
115900237,2,17,-15
115900238,8,8,0
115900239,2,12,-10
115900240,3,8,-5
115900241,181,10,171
115900242,170,270,-100
115900243,1,5,-4
115900244,10,1,9
115900245,55,4,51
115900246,0,1,-1
115900247,1,0,1
115900248,0,0,0
115900249,21,2,19
115900250,32,18,14
115900251,5,0,5
115900252,4,0,4
115900253,1,2,-1
115900254,10,41,-31
115900255,0,5,-5
115900256,11,26,-15
115900257,0,3,-3
115900258,0,0,0
115900259,21,1,20
115900260,0,2,-2
115900261,3,0,3
115900262,8,0,8
115900263,2,0,2
115900264,3,1,2
115900265,12,0,12
115900266,8,9,-1
115900267,0,1,-1
115900268,3,4,-1
115900269,927,37,890
115900270,268,64,204
115900271,154,0,154
115900272,35,0,35
115900273,5,22,-17
115900274,0,0,0
115900275,0,0,0
115900276,0,2,-2
115900277,0,6,-6
115900278,55,13,42
115900279,5,121,-116
115900280,44,466,-422
115900281,55,122,-67
116000001,2556,945,1611
116000002,2663,10909,-8246
116000003,523,397,126
116000004,2584,4421,-1837
116000005,464,1398,-934
116000006,1136,2298,-1162
116000007,924,912,12
116000008,2706,1385,1321
116000009,480,727,-247
116000010,2398,950,1448
116000011,314,652,-338
116000012,1286,519,767
116000013,2798,1385,1413
116000014,4924,13942,-9018
116000015,35,618,-583
116000016,1789,4482,-2693
116000017,40,319,-279
116000018,148,108,40
116000019,786,205,581
116000020,270,273,-3
116000021,574,176,398
116000022,354,165,189
116000023,859,688,171
116000024,357,299,58
116000025,569,367,202
116000026,776,1252,-476
116000027,269,371,-102
116000028,342,556,-214
116000029,349,171,178
116000030,406,512,-106
116000031,11,24,-13
116000032,211,16,195
116000033,564,123,441
116000034,551,438,113
116000035,143,89,54
116000036,107,413,-306
116000037,124,208,-84
116000038,47,265,-218
116000039,149,242,-93
116000040,305,351,-46
116000041,50,306,-256
116000042,459,320,139
116000043,51,202,-151
116000044,0,17,-17
116000045,835,758,77
116000046,731,741,-10
116000047,1192,1378,-186
116000048,1626,764,862
116000049,1479,917,562
116000050,999,567,432
116000051,2005,870,1135
116000052,1794,1296,498
116000053,2175,261,1914
116000054,703,834,-131
116000055,488,328,160
116000056,1268,579,689
116000057,1204,255,949
116000058,1516,1559,-43
116000059,1103,3402,-2299
116000060,936,668,268
116000061,65,1164,-1099
116000062,330,167,163
116000063,276,1113,-837
116000066,156,498,-342
116000067,133,194,-61
116000068,123,299,-176
116000069,84,105,-21
116000078,324,700,-376
116000080,936,345,591
116000082,1,13,-12
116000083,1282,191,1091
116000084,861,1026,-165
116000085,1022,1085,-63
116000086,671,269,402
116000087,2314,1032,1282
116000088,764,488,276
116000089,134,68,66
116000090,140,111,29
116000091,175,357,-182
116000093,729,116,613
116000094,614,205,409
116000095,574,128,446
116000096,1120,1469,-349
116000097,751,291,460
116000098,25,6265,-6240
116000099,3045,124,2921
116000100,157,9,148
116000101,1172,151,1021
116000102,224,300,-76
116000103,330,280,50
116000104,221,446,-225
116000105,1039,70,969
116000106,395,707,-312
116000107,1763,265,1498
116000108,24,942,-918
116000111,157,25,132
116000113,82,34,48
116000114,8,65,-57
116000115,199,60,139
116000116,170,97,73
116000117,1364,680,684
116000118,868,456,412
116000119,3227,998,2229
116000120,1323,1266,57
116000121,1036,269,767
116000122,489,322,167
116000123,1861,166,1695
116000124,307,300,7
116000125,2519,160,2359
116000126,138,269,-131
116000127,307,355,-48
116000128,1847,261,1586
116000129,1039,75,964
116000130,577,286,291
116000133,1507,178,1329
116000134,787,478,309
116000135,2371,518,1853
116000136,469,472,-3
116000137,757,319,438
116000138,370,146,224
116000139,1274,2479,-1205
116000140,254,222,32
116000141,416,403,13
116000142,3430,1617,1813
116000143,1843,1519,324
116000144,1684,1068,616
116000145,2295,786,1509
116000146,694,91,603
116000147,102,161,-59
116000148,602,540,62
116000149,265,230,35
116000151,560,362,198
116000153,110,289,-179
116000155,109,280,-171
116000156,479,252,227
116000157,61,0,61
116000158,262,57,205
116000159,1,4,-3
116000160,43,28,15
116000161,6,45,-39
116000162,17,239,-222
116000163,36,9,27
116000164,14,11,3
116000177,48,553,-505
116000194,38,134,-96
116000195,1152,185,967
116000196,46,5,41
116000197,35,43,-8
116000198,1109,611,498
116000200,323,564,-241
116000201,557,176,381
116000202,10,62,-52
116000203,0,19,-19
116000204,2,12,-10
116000205,0,71,-71
116000206,0,106,-106
116000207,6,36,-30
116000233,50,101,-51
116000287,214,87,127
116000288,313,117,196
116000292,64,63,1
116000296,11,212,-201
116000297,36,4,32
116000304,295,34,261
116000305,1,25,-24
116000346,281,71,210
116000352,127,34,93
116000354,42,3,39
116000357,4,5,-1
116000358,355,154,201
116000361,17,0,17
116000372,2029,4144,-2115
116000381,260,45,215
116000388,10,8,2
116000389,574,70,504
116000445,839,83,756
116000446,676,66,610
116000447,12,327,-315
116000448,269,23,246
116000563,343,624,-281
116000565,86,134,-48
116000568,47,382,-335
116000579,13,130,-117
116000584,52,2,50
116000585,47,26,21
116000586,31,60,-29
116000587,292,190,102
116000589,23,30,-7
116000590,103,34,69
116000591,240,79,161
116000592,6,13,-7
116000593,0,10,-10
116000594,1176,150,1026
116000595,701,20,681
116000596,264,3,261
116000597,593,161,432
116000598,36,99,-63
116000602,9,435,-426
116000605,141,32,109
116000606,63,219,-156
116000607,2,37,-35
116000609,47,1024,-977
116000611,200,97,103
116000612,1398,2219,-821
116000613,656,191,465
116000614,379,139,240
116000615,0,0,0
116000616,81,24,57
116000617,136,22,114
116000618,2,23,-21
116000619,23,70,-47
116000620,322,115,207
116000621,108,80,28
116000622,92,46,46
116000624,84,126,-42
116000627,39,6,33
116000628,18,37,-19
116000629,18,985,-967
116000630,544,5,539
116000631,205,11,194
116000632,1041,62,979
116000633,12,669,-657
116000634,812,5,807
116000635,781,1001,-220
116900001,56,43,13
116900002,129,0,129
116900003,92,6,86
116900004,23,87,-64
116900005,247,5,242
116900006,123,127,-4
116900007,37,35,2
116900008,566,56,510
116900009,3,27,-24
116900010,0,187,-187
116900011,11,38,-27
116900012,45,56,-11
116900013,5,50,-45
116900014,270,32,238
116900015,511,27,484
116900016,239,7,232
116900017,0,281,-281
116900018,64,54,10
116900019,1,42,-41
116900020,1252,1439,-187
116900023,32,12,20
116900024,666,35,631
116900025,1283,204,1079
116900026,62,193,-131
116900027,24,14,10
116900028,1,7,-6
116900029,6,193,-187
116900031,3,1,2
116900032,0,76,-76
116900033,3,4,-1
116900034,11,9,2
116900035,70,62,8
116900036,9,36,-27
116900038,25,2,23
116900041,151,5,146
116900042,50,64,-14
116900043,19,29,-10
116900045,45,39,6
116900047,14,220,-206
116900049,8,54,-46
116900050,62,42,20
116900051,284,16,268
116900052,90,36,54
116900055,0,6,-6
116900057,24,35,-11
116900058,7,83,-76
116900059,0,5,-5
116900060,69,118,-49
116900062,3,26,-23
116900064,8,70,-62
116900065,1,31,-30
116900067,65,27,38
116900068,90,150,-60
116900070,30,2,28
116900072,10,55,-45
116900073,9,39,-30
116900074,0,6,-6
116900076,18,22,-4
116900077,4,51,-47
116900078,42,31,11
116900079,8,100,-92
116900080,1,11,-10
116900081,64,210,-146
116900082,86,440,-354
116900083,15,11,4
116900084,21,15,6
116900085,8,43,-35
116900086,3,206,-203
116900088,75,7,68
116900090,15,8,7
116900091,350,10,340
116900092,67,159,-92
116900093,870,666,204
116900094,1879,4121,-2242
116900095,193,23,170
116900096,214,179,35
116900097,719,2297,-1578
116900098,167,64,103
116900099,80,278,-198
116900100,988,39,949
116900101,38,205,-167
116900103,12,0,12
116900104,10,164,-154
116900105,258,184,74
116900106,2966,194,2772
116900107,876,2703,-1827
116900110,19,0,19
116900111,583,265,318
116900112,280,174,106
116900113,548,1468,-920
116900116,5,137,-132
116900117,142,28,114
116900118,357,652,-295
116900120,413,26,387
116900121,133,24,109
116900122,1177,175,1002
116900123,237,140,97
116900124,42,180,-138
116900125,444,66,378
116900126,33,438,-405
116900128,0,13,-13
116900129,0,63,-63
116900130,230,3698,-3468
116900131,17,85,-68
116900132,49,38,11
116900133,92,47,45
116900134,142,113,29
116900136,151,48,103
116900137,111,11,100
116900138,73,23,50
116900139,9,76,-67
116900140,74,52,22
116900141,215,75,140
116900142,1,9,-8
116900143,209,62,147
116900144,14,8,6
116900145,44,60,-16
116900147,32,272,-240
116900148,2,18,-16
116900149,62,142,-80
116900150,8,3,5
116900151,3,3,0
116900153,118,47,71
116900154,69,295,-226
116900155,33,47,-14
116900157,936,13,923
116900158,131,255,-124
116900159,25,185,-160
116900160,645,376,269
116900161,1590,6471,-4881
116900162,27,28,-1
116900163,377,10,367
116900164,142,18,124
116900165,524,162,362
116900166,102,41,61
116900167,428,11,417
116900168,406,22,384
116900169,56,155,-99
116900170,621,146,475
116900171,82,135,-53
116900172,34,436,-402
116900173,480,17,463
116900174,29,104,-75
116900175,154,103,51
116900178,68,67,1
116900179,30,417,-387
116900180,82,2,80
116900182,383,108,275
116900183,194,49,145
116900185,32,18,14
116900186,107,125,-18
116900187,31,24,7
116900188,88,10,78
116900189,43,0,43
116900191,88,87,1
116900192,318,64,254
116900194,39,692,-653
116900195,44,5,39
116900196,25,41,-16
116900197,114,3,111
116900198,25,404,-379
116900200,90,0,90
116900201,310,3,307
116900202,43,35,8
116900203,138,1,137
116900204,74,191,-117
116900206,2,1,1
116900207,8,10,-2
116900208,0,60,-60
116900209,14,22,-8
116900210,117,59,58
116900211,217,4,213
116900212,93,0,93
116900213,105,20,85
116900214,185,56,129
116900215,22,10,12
116900216,85,58,27
116900218,1,116,-115
116900219,255,104,151
116900220,45,146,-101
116900221,142,251,-109
116900222,302,115,187
116900223,35,62,-27
116900226,212,9,203
116900227,278,9,269
116900228,321,35,286
116900230,44,49,-5
116900231,84,80,4
116900232,57,121,-64
116900233,260,28,232
116900234,45,0,45
116900235,54,50,4
116900238,290,73,217
116900239,2,1387,-1385
116900240,2006,2884,-878
116900241,115,140,-25
116900242,236,828,-592
116900243,0,29,-29
116900245,13,36,-23
116900246,111,24,87
116900247,1058,2,1056
116900248,125,7,118
116900249,543,66,477
116900250,295,24,271
116900251,167,633,-466
116900252,160,136,24
116900253,89,23,66
116900254,39,56,-17
116900255,134,87,47
116900256,378,80,298
116900257,45,33,12
116900258,1,34,-33
116900259,219,4,215
116900260,0,16,-16
116900261,59,2,57
116900262,35,45,-10
116900263,0,5,-5
116900264,3,3,0
116900265,23,0,23
116900266,6,7,-1
116900267,0,0,0
116900268,2,101,-99
116900269,177,559,-382
116900271,240,480,-240
116900272,88,74,14
116900273,35,45,-10
116900274,103,33,70
116900275,132,47,85
116900276,228,195,33
116900277,195,78,117
116900278,0,5,-5
116900279,1,8,-7
116900280,7,1,6
116900281,1751,4640,-2889
116900282,0,12,-12
116900283,1,6,-5
116900284,7,142,-135
116900285,29,261,-232
116900286,20,2,18
116900287,9,7,2
116900288,190,52,138
116900289,19,2,17
116900290,35,1,34
116900291,25,5,20
116900292,1,42,-41
116900293,69,0,69
116900294,3,22,-19
116900295,24,42,-18
116900296,13,27,-14
116900297,0,11,-11
116900298,6,54,-48
116900299,0,68,-68
116900300,0,30,-30
116900301,11,37,-26
116900302,1,58,-57
116900303,63,31,32
116900304,0,52,-52
116900305,1,7,-6
116900306,330,152,178
117000001,2320,1542,778
117000002,1422,1644,-222
117000003,4045,1682,2363
117000004,1362,1794,-432
117000005,2523,928,1595
117000006,643,1542,-899
117000007,4544,938,3606
117000008,834,1571,-737
117000009,2800,985,1815
117000010,902,1285,-383
117000011,2531,678,1853
117000012,1286,604,682
117000013,1972,521,1451
117000014,1079,1806,-727
117000015,2023,1294,729
117000016,120,224,-104
117000017,87,247,-160
117000018,37,1012,-975
117000019,21,0,21
117000020,241,2909,-2668
117000021,1193,131,1062
117000022,82,249,-167
117000023,93,126,-33
117000024,109,193,-84
117000025,199,1436,-1237
117000026,932,1366,-434
117000027,306,1355,-1049
117000028,356,537,-181
117000030,105,292,-187
117000031,236,70,166
117000032,663,794,-131
117000033,1271,1107,164
117000034,161,161,0
117000035,192,174,18
117000036,257,168,89
117000037,178,101,77
117000038,86,185,-99
117000039,69,136,-67
117000040,29,313,-284
117000041,1165,45,1120
117000044,22,194,-172
117000045,476,150,326
117000046,184,604,-420
117000047,431,656,-225
117000048,756,559,197
117000049,28,571,-543
117000050,205,634,-429
117000051,2605,40,2565
117000052,73,139,-66
117000053,1126,20,1106
117000054,1394,18,1376
117000055,8,783,-775
117000056,558,23,535
117000057,293,948,-655
117000060,238,667,-429
117000061,1885,824,1061
117000062,108,534,-426
117000063,1029,592,437
117000064,232,243,-11
117000066,302,400,-98
117000067,58,381,-323
117000074,9,129,-120
117000076,16,19,-3
117000077,48,58,-10
117000078,162,221,-59
117000079,151,57,94
117000080,1,293,-292
117000081,323,34,289
117000082,19,35,-16
117000083,66,2,64
117000084,95,0,95
117000085,291,408,-117
117000086,392,270,122
117000087,67,305,-238
117000088,235,79,156
117000089,2123,121,2002
117000090,269,475,-206
117000091,1211,78,1133
117000092,412,449,-37
117000093,1890,137,1753
117000094,573,629,-56
117000095,2730,159,2571
117000096,401,650,-249
117000097,1692,379,1313
117000098,907,1122,-215
117000099,4982,600,4382
117000100,223,148,75
117000101,56,269,-213
117000102,1948,257,1691
117000103,328,529,-201
117000104,1708,161,1547
117000105,242,602,-360
117000106,1993,166,1827
117000107,212,623,-411
117000108,2328,698,1630
117000109,531,1056,-525
117000110,1679,1307,372
117000111,2934,2808,126
117000112,3156,984,2172
117000113,30,82,-52
117000114,282,59,223
117000115,29,29,0
117000116,164,47,117
117000117,777,524,253
117000118,191,254,-63
117000119,28,279,-251
117000120,11,221,-210
117000121,11,406,-395
117000122,173,682,-509
117000123,594,88,506
117000124,35,54,-19
117000125,21,87,-66
117000126,27,4,23
117000127,128,123,5
117000128,53,162,-109
117000129,95,125,-30
117000130,13,0,13
117000131,0,43,-43
117000132,3059,7,3052
117000133,3469,43,3426
117000134,0,0,0
117000135,0,26,-26
117000136,0,1,-1
117000137,196,52,144
117000138,0,0,0
117000140,234,430,-196
117000141,2045,146,1899
117000181,79,36,43
117000182,466,844,-378
117000195,69,285,-216
117000196,487,108,379
117000225,0,38,-38
117000226,0,62,-62
117000276,410,18,392
117000277,0,144,-144
117000310,681,2193,-1512
117000315,12,341,-329
117000320,18,0,18
117000906,747,12,735
117000907,3,78,-75
117000908,5,75,-70
117000909,19,53,-34
117000910,273,125,148
117000911,18,71,-53
117000915,3,154,-151
117000916,47,1,46
117000917,1336,14,1322
117000918,91,50,41
117000919,3,21,-18
117000920,3,495,-492
117000921,1,431,-430
117000922,14,11,3
117000924,973,351,622
117000926,475,137,338
117000927,179,370,-191
117000928,0,29,-29
117000929,336,69,267
117000930,511,20,491
117000931,86,35,51
117900002,43,429,-386
117900003,46,18,28
117900005,0,73,-73
117900006,0,34,-34
117900007,97,74,23
117900008,0,11,-11
117900010,311,102,209
117900011,1,145,-144
117900012,55,34,21
117900013,0,108,-108
117900014,460,103,357
117900015,4,51,-47
117900016,551,821,-270
117900017,555,345,210
117900018,138,126,12
117900019,743,199,544
117900020,30,96,-66
117900021,17,22,-5
117900022,2,0,2
117900023,499,15,484
117900024,37,36,1
117900025,6,0,6
117900026,389,88,301
117900028,5,0,5
117900029,190,217,-27
117900030,258,270,-12
117900031,114,84,30
117900032,1003,286,717
117900033,422,305,117
117900034,5,7,-2
117900035,182,67,115
117900036,245,172,73
117900037,261,31,230
117900038,60,78,-18
117900039,0,17,-17
117900040,46,52,-6
117900041,0,19,-19
117900042,1091,216,875
117900043,0,18,-18
117900044,62,2883,-2821
117900045,135,46,89
117900048,279,69,210
117900049,214,168,46
117900050,2,97,-95
117900051,19,2,17
117900052,18,632,-614
117900053,1814,100,1714
117900054,0,8,-8
117900055,223,54,169
117900056,14,7,7
117900057,408,379,29
117900058,14,10,4
117900059,42,60,-18
117900060,2289,844,1445
117900061,2,177,-175
117900063,335,223,112
117900065,158,430,-272
117900066,0,94,-94
117900067,617,112,505
117900069,707,74,633
117900070,5,171,-166
117900071,108,67,41
117900073,690,59,631
117900074,13,44,-31
117900075,131,54,77
117900076,6,44,-38
117900077,413,19,394
117900078,435,280,155
117900080,136,24,112
117900081,160,91,69
117900082,747,248,499
117900083,741,145,596
117900086,148,85,63
117900087,178,11,167
117900088,414,329,85
117900089,2038,395,1643
117900090,351,963,-612
117900091,296,37,259
117900092,179,25,154
117900093,143,2,141
117900094,55,42,13
117900095,407,753,-346
117900096,90,176,-86
117900097,182,42,140
117900098,169,3,166
117900099,234,447,-213
117900100,615,2,613
117900101,609,2124,-1515
117900102,95,24,71
117900103,87,2,85
117900104,2,145,-143
117900105,62,84,-22
117900106,111,8,103
117900107,88,1,87
117900109,920,456,464
117900110,187,0,187
117900111,739,54,685
117900112,59,1,58
117900113,542,1716,-1174
117900114,24,1,23
117900115,25,52,-27
117900116,505,338,167
117900117,652,208,444
117900118,182,0,182
117900119,403,42,361
117900120,304,4,300
117900121,106,13,93
117900122,297,4955,-4658
117900123,564,230,334
117900124,140,231,-91
117900125,1143,560,583
117900126,48,150,-102
117900127,395,160,235
117900128,353,126,227
117900129,82,1,81
117900130,439,150,289
117900131,0,4,-4
117900132,1,9,-8
117900133,3,17,-14
117900134,26,145,-119
117900135,15,51,-36
117900136,0,8,-8
117900137,3,36,-33
117900138,0,7,-7
117900139,73,27,46
117900140,3046,291,2755
117900141,26,104,-78
117900142,15,162,-147
117900144,5,81,-76
117900145,3,57,-54
117900146,31,234,-203
117900147,78,73,5
117900148,898,1666,-768
117900149,61,36,25
117900150,34,21,13
117900151,36,46,-10
117900152,15,49,-34
117900153,14,75,-61
117900154,400,173,227
117900156,306,282,24
117900157,115,90,25
117900158,388,47,341
117900160,917,393,524
117900161,614,398,216
117900162,463,272,191
117900163,22,202,-180
117900165,0,1,-1
117900166,12,101,-89
117900168,127,63,64
117900169,0,29,-29
117900170,0,15,-15
117900171,1,5,-4
117900172,0,2,-2
117900173,63,15,48
117900174,15,27,-12
117900175,4,10,-6
117900176,14,5,9
117900177,21,6,15
117900178,32,8,24
117900180,80,17,63
117900181,19,658,-639
117900182,1,86,-85
117900183,196,184,12
117900184,43,30,13
117900185,60,3,57
117900186,68,1,67
117900187,62,1,61
117900188,126,11,115
117900189,55,45,10
117900190,49,0,49
117900191,95,0,95
117900192,201,1,200
117900193,64,52,12
117900194,26,0,26
117900195,5,31,-26
117900196,6,14,-8
117900207,48,147,-99
117900208,38,30,8
117900209,89,97,-8
117900210,62,50,12
117900211,1,58,-57
117900212,77,68,9
117900213,35,3,32
117900214,0,3,-3
117900215,32,4,28
117900216,1,5,-4
117900217,23,32,-9
117900218,2,27,-25
117900219,1,96,-95
117900220,4,69,-65
117900222,53,48,5
117900223,24,140,-116
118000001,410,879,-469
118000002,440,1014,-574
118000003,1017,2155,-1138
118000004,842,1124,-282
118000005,1599,1874,-275
118000006,967,2359,-1392
118000007,3218,5209,-1991
118000008,863,3381,-2518
118000009,965,1903,-938
118000010,1536,2408,-872
118000011,1579,662,917
118000012,527,790,-263
118000013,1100,1292,-192
118000014,874,915,-41
118000016,267,135,132
118000017,532,216,316
118000018,197,94,103
118000019,829,1451,-622
118000020,266,1547,-1281
118000021,273,1596,-1323
118000022,630,340,290
118000023,294,201,93
118000024,473,539,-66
118000027,3634,4426,-792
118000029,339,838,-499
118000032,140,1274,-1134
118000033,1139,2468,-1329
118000034,1408,1453,-45
118000035,1035,1198,-163
118000036,460,480,-20
118000037,334,815,-481
118000038,274,55,219
118000039,55,49,6
118000040,1088,825,263
118000041,1352,1034,318
118000045,62,229,-167
118000046,305,657,-352
118000047,294,1029,-735
118000048,508,1353,-845
118000051,1314,1997,-683
118000052,662,1210,-548
118000053,142,737,-595
118000054,1866,751,1115
118000055,930,900,30
118000056,59,255,-196
118000057,112,270,-158
118000058,932,2529,-1597
118000059,428,2064,-1636
118000060,628,289,339
118000061,791,634,157
118000062,223,151,72
118000063,160,741,-581
118000064,281,701,-420
118000065,1113,630,483
118000066,611,1627,-1016
118000067,283,407,-124
118000068,327,5263,-4936
118000069,538,652,-114
118000070,2191,1251,940
118000071,1568,5645,-4077
118000072,345,2623,-2278
118000073,316,1236,-920
118000074,274,727,-453
118000075,471,771,-300
118000076,1029,3438,-2409
118000077,569,506,63
118000078,1298,1422,-124
118000079,67,291,-224
118000080,252,255,-3
118000081,791,909,-118
118000082,111,620,-509
118000083,719,937,-218
118000084,653,1234,-581
118000086,212,329,-117
118000087,1793,1563,230
118000088,893,711,182
118000089,2033,1979,54
118000090,691,1870,-1179
118000091,519,2611,-2092
118000092,324,330,-6
118000093,78,482,-404
118000096,348,419,-71
118000097,230,329,-99
118000098,144,42,102
118000099,465,114,351
118000101,1178,164,1014
118000102,232,318,-86
118000107,493,138,355
118000108,198,2653,-2455
118000110,0,10,-10
118000111,1,89,-88
118000112,785,2,783
118000113,5,113,-108
118000114,645,0,645
118000115,0,4,-4
118000116,14,0,14
118000117,313,334,-21
118000118,779,735,44
118000119,798,846,-48
118000120,657,426,231
118000121,16,107,-91
118000122,162,73,89
118000123,48,87,-39
118000125,478,453,25
118000126,355,1284,-929
118000127,586,570,16
118000128,189,926,-737
118000129,586,346,240
118000130,1050,1765,-715
118000131,182,339,-157
118000132,2174,1767,407
118000133,1003,445,558
118000135,465,428,37
118000136,50,236,-186
118000137,145,45,100
118000138,323,173,150
118000139,298,81,217
118000140,2025,5992,-3967
118000141,2475,1218,1257
118000142,1693,981,712
118000143,2439,899,1540
118000144,539,222,317
118000145,626,462,164
118000146,877,244,633
118000147,732,507,225
118000148,672,1162,-490
118000149,583,246,337
118000150,731,70,661
118000151,660,153,507
118000153,1477,404,1073
118000154,1045,880,165
118000155,1902,605,1297
118000156,1332,2292,-960
118000157,326,164,162
118000158,84,386,-302
118000159,74,101,-27
118000160,632,290,342
118000161,443,206,237
118000162,806,844,-38
118000163,876,798,78
118000164,1451,1224,227
118000168,318,517,-199
118000169,460,474,-14
118000170,1555,1597,-42
118000171,325,284,41
118000172,77,121,-44
118000173,533,1201,-668
118000175,83,158,-75
118000176,279,235,44
118000177,342,232,110
118000178,5,22,-17
118000179,557,421,136
118000180,438,278,160
118000181,435,98,337
118000182,184,113,71
118000183,128,138,-10
118000184,1035,317,718
118000185,189,840,-651
118000186,194,665,-471
118000187,1456,161,1295
118000188,692,21,671
118000189,777,92,685
118000190,0,4,-4
118000191,10,3,7
118000192,5,89,-84
118000193,3,147,-144
118000194,684,556,128
118000195,115,927,-812
118000196,18,193,-175
118000197,25,819,-794
118000198,219,1445,-1226
118000199,179,975,-796
118000200,29,187,-158
118000201,130,379,-249
118000202,17,71,-54
118000203,55,769,-714
118000204,4,263,-259
118000205,39,99,-60
118000206,121,55,66
118000207,0,31,-31
118000208,980,947,33
118000209,1589,566,1023
118000210,185,8,177
118000211,80,31,49
118000213,299,1729,-1430
118000214,125,202,-77
118000215,343,20,323
118000216,3505,800,2705
118000217,5,20,-15
118000218,98,30,68
118000219,178,80,98
118000220,11,19,-8
118000221,538,419,119
118000222,33,1,32
118000223,72,14,58
118000224,101,27,74
118000225,66,232,-166
118000226,892,50,842
118000227,127,204,-77
118000228,4,109,-105
118000229,16,58,-42
118000230,99,81,18
118000231,18,53,-35
118000232,438,155,283
118000233,1049,305,744
118000234,321,42,279
118000236,239,118,121
118000237,115,96,19
118000238,241,54,187
118000239,221,111,110
118000240,82,76,6
118000241,121,46,75
118000242,376,92,284
118000243,167,81,86
118000244,31,41,-10
118000246,0,10,-10
118000255,24,142,-118
118000256,97,170,-73
118000259,4,57,-53
118000260,214,57,157
118000261,26,7,19
118000263,66,61,5
118000266,42,92,-50
118000267,0,102,-102
118000268,97,4,93
118000270,104,3,101
118000271,187,42,145
118000272,65,4,61
118000273,205,41,164
118000274,51,82,-31
118000276,285,109,176
118000295,3,47,-44
118000298,152,107,45
118000299,27,89,-62
118000301,0,41,-41
118000302,17,22,-5
118000311,922,29,893
118000312,317,37,280
118000313,73,44,29
118000314,127,4,123
118000315,35,10,25
118000316,834,121,713
118000325,107,3,104
118000326,48,10,38
118000331,47,0,47
118000332,29,3,26
118000333,35,5,30
118000335,556,0,556
118000336,0,69,-69
118000407,389,64,325
118000457,0,24,-24
118000465,390,1568,-1178
118000480,13,15,-2
118000489,5,417,-412
118000490,1,88,-87
118000492,425,37,388
118000510,16,3,13
118000514,3,101,-98
118000515,315,688,-373
118000517,145,81,64
118000524,159,234,-75
118000525,186,315,-129
118000530,37,100,-63
118000531,392,99,293
118000532,139,156,-17
118000533,133,56,77
118000534,335,159,176
118000535,356,15,341
118000536,21,279,-258
118000537,32,62,-30
118000538,10,53,-43
118000539,5,52,-47
118000540,168,68,100
118000541,38,41,-3
118000542,73,130,-57
118000543,195,121,74
118000546,30,2,28
118000560,475,1342,-867
118000562,46,17,29
118000563,940,633,307
118000576,44,21,23
118000577,94,62,32
118000578,52,24,28
118000579,357,1055,-698
118000595,210,35,175
118000596,0,49,-49
118000597,88,44,44
118000598,13,0,13
118000599,159,6,153
118000600,0,36,-36
118000601,12,0,12
118000602,0,16,-16
118000603,0,2,-2
118900001,317,315,2
118900002,293,365,-72
118900003,430,5,425
118900004,75,7,68
118900005,15,5,10
118900006,101,1,100
118900007,2,0,2
118900008,439,12,427
118900009,79,100,-21
118900010,73,4,69
118900011,39,7,32
118900012,127,71,56
118900013,251,221,30
118900015,300,2,298
118900016,9,3,6
118900017,4,57,-53
118900018,619,48,571
118900019,1,1,0
118900020,3,32,-29
118900021,87,145,-58
118900022,95,15,80
118900023,32,43,-11
118900024,103,38,65
118900025,6,52,-46
118900026,7,6,1
118900027,177,56,121
118900028,130,31,99
118900029,110,124,-14
118900030,692,21,671
118900031,108,14,94
118900032,174,16,158
118900033,240,294,-54
118900034,132,28,104
118900035,73,46,27
118900036,872,183,689
118900037,142,266,-124
118900038,383,72,311
118900039,409,36,373
118900040,143,51,92
118900041,439,125,314
118900042,54,47,7
118900045,72,108,-36
118900046,294,246,48
118900047,188,251,-63
118900048,22,195,-173
118900049,11,4,7
118900050,59,0,59
118900051,29,49,-20
118900052,84,172,-88
118900053,3,14,-11
118900054,108,21,87
118900055,130,31,99
118900056,7,80,-73
118900057,580,258,322
118900058,167,165,2
118900059,0,27,-27
118900060,81,44,37
118900062,75,50,25
118900064,97,298,-201
118900065,10,58,-48
118900066,54,7,47
118900067,1439,3689,-2250
118900068,1,102,-101
118900069,552,38,514
118900071,1,0,1
118900072,120,113,7
118900073,161,26,135
118900074,71,13,58
118900075,34,18,16
118900076,89,3,86
118900077,258,73,185
118900078,8,0,8
118900079,22,26,-4
118900080,41,13,28
118900081,13,19,-6
118900082,1164,83,1081
118900083,7,0,7
118900084,3,4,-1
118900085,277,100,177
118900086,28,31,-3
118900087,25,435,-410
118900088,0,0,0
118900089,5,13,-8
118900090,119,55,64
118900091,151,60,91
118900092,178,9,169
118900093,22,6,16
118900096,3,0,3
118900097,170,130,40
118900099,65,79,-14
118900100,24,35,-11
118900101,160,133,27
118900102,2,15,-13
118900103,5,61,-56
118900104,79,3,76
118900105,66,10,56
118900107,71,39,32
118900108,43,41,2
118900110,400,591,-191
118900111,171,71,100
118900112,88,48,40
118900113,53,76,-23
118900114,2,19,-17
118900115,23,121,-98
118900116,77,25,52
118900117,56,50,6
118900118,262,166,96
118900119,52,135,-83
118900120,7,137,-130
118900121,8,275,-267
118900122,1,389,-388
118900123,53,58,-5
118900124,38,38,0
118900126,7,78,-71
118900129,140,47,93
118900130,4,29,-25
118900131,147,115,32
118900132,192,69,123
118900133,3,31,-28
118900135,100,85,15
118900136,170,108,62
118900137,0,10,-10
118900139,102,68,34
118900140,267,182,85
118900141,20,20,0
118900144,102,139,-37
118900145,0,63,-63
118900146,147,173,-26
118900147,15,178,-163
118900148,41,13,28
118900150,23,270,-247
118900152,278,253,25
118900157,11,27,-16
118900158,136,23,113
118900159,0,27,-27
118900161,43,49,-6
118900163,9,18,-9
118900164,0,4,-4
118900165,29,43,-14
118900166,15,0,15
118900167,20,55,-35
118900168,16,28,-12
118900169,87,80,7
118900170,297,3,294
118900171,26,4,22
118900174,20,9,11
118900175,409,142,267
118900176,142,97,45
118900177,135,9,126
118900178,37,20,17
118900179,7,7,0
118900181,34,13,21
118900182,13,35,-22
118900183,12,42,-30
118900184,93,5,88
118900185,116,24,92
118900186,62,34,28
118900187,70,167,-97
118900188,136,83,53
118900189,9,355,-346
118900190,33,75,-42
118900191,283,10,273
118900192,323,4,319
118900193,1042,1,1041
118900195,127,145,-18
118900196,17,48,-31
118900197,355,3,352
118900198,26,5,21
118900199,63,7,56
118900200,22,24,-2
118900201,13,19,-6
118900202,0,20,-20
118900203,15,2,13
118900204,14,0,14
118900205,0,11,-11
118900206,2,6,-4
119000001,1206,875,331
119000002,2738,2050,688
119000003,2676,396,2280
119000004,1924,1090,834
119000005,1487,1545,-58
119000006,2525,1144,1381
119000007,3194,2464,730
119000008,1086,686,400
119000009,1908,4106,-2198
119000010,2734,2751,-17
119000011,1997,1747,250
119000012,799,2043,-1244
119000013,2995,1844,1151
119000014,1085,1643,-558
119000019,150,114,36
119000020,1808,1275,533
119000021,3891,2652,1239
119000022,798,2235,-1437
119000023,156,166,-10
119000024,1123,11523,-10400
119000025,1845,658,1187
119000026,18,398,-380
119000027,93,331,-238
119000028,1075,314,761
119000029,94,144,-50
119000030,420,484,-64
119000031,568,418,150
119000032,868,845,23
119000033,1463,508,955
119000034,871,291,580
119000035,19,75,-56
119000036,1889,260,1629
119000037,1191,454,737
119000038,129,289,-160
119000039,580,328,252
119000040,279,573,-294
119000041,524,1117,-593
119000048,1285,899,386
119000049,1397,727,670
119000050,495,921,-426
119000051,1360,701,659
119000052,1024,1079,-55
119000053,1463,607,856
119000054,2100,626,1474
119000055,3931,776,3155
119000056,3265,808,2457
119000057,934,437,497
119000058,751,459,292
119000059,600,485,115
119000060,1167,324,843
119000061,463,243,220
119000062,738,402,336
119000063,439,299,140
119000064,240,334,-94
119000065,672,1241,-569
119000066,1558,639,919
119000067,1120,721,399
119000068,1143,293,850
119000069,1247,553,694
119000070,2022,273,1749
119000071,285,201,84
119000072,1997,1146,851
119000073,2502,5047,-2545
119000074,1232,535,697
119000075,3631,951,2680
119000076,124,423,-299
119000077,460,236,224
119000078,314,235,79
119000079,116,740,-624
119000080,458,60,398
119000081,240,285,-45
119000082,512,74,438
119000083,356,166,190
119000084,182,181,1
119000085,757,61,696
119000086,296,190,106
119000087,370,206,164
119000088,294,29,265
119000089,71,65,6
119000090,43,70,-27
119000091,38,171,-133
119000092,128,129,-1
119000093,1777,1053,724
119000094,3210,2380,830
119000095,1782,1500,282
119000097,646,537,109
119000098,779,3093,-2314
119000099,1036,445,591
119000100,3130,1534,1596
119000101,2097,981,1116
119000102,122,952,-830
119000103,577,277,300
119000104,469,242,227
119000105,626,1575,-949
119000106,321,275,46
119000107,983,345,638
119000108,420,290,130
119000109,63,209,-146
119000110,163,117,46
119000111,11,352,-341
119000112,113,37,76
119000113,555,153,402
119000114,419,755,-336
119000115,20,94,-74
119000116,11,73,-62
119000117,80,147,-67
119000118,13,2,11
119000123,742,1410,-668
119000124,732,121,611
119000125,3655,346,3309
119000126,831,236,595
119000127,696,110,586
119000128,28,0,28
119000131,914,110,804
119000132,3,5,-2
119000133,0,21,-21
119000134,454,332,122
119000135,186,92,94
119000136,281,43,238
119000137,303,99,204
119000138,731,53,678
119000139,68,31,37
119000140,146,138,8
119000284,438,1074,-636
119000285,862,582,280
119000286,2105,1371,734
119000287,925,729,196
119000288,1193,319,874
119000289,574,623,-49
119000290,173,134,39
119000291,2,144,-142
119000293,122,181,-59
119000294,47,55,-8
119000295,708,208,500
119000296,201,76,125
119000302,944,792,152
119000303,13,71,-58
119000314,967,9108,-8141
119000315,0,65,-65
119000316,104,45,59
119000317,73,62,11
119900001,64,464,-400
119900002,146,54,92
119900003,3,102,-99
119900004,53,1569,-1516
119900005,200,15,185
119900006,108,202,-94
119900007,288,120,168
119900008,32,73,-41
119900009,201,116,85
119900010,467,317,150
119900011,7,289,-282
119900012,1,89,-88
119900013,1043,816,227
119900014,294,70,224
119900015,250,32,218
119900016,27,6,21
119900017,42,21,21
119900018,519,1040,-521
119900019,37,0,37
119900020,31,53,-22
119900021,26,17,9
119900022,28,845,-817
119900023,205,1708,-1503
119900025,339,8,331
119900026,148,60,88
119900027,1,12,-11
119900028,114,156,-42
119900029,2,1,1
119900030,309,163,146
119900031,32,514,-482
119900033,395,177,218
119900034,534,28,506
119900037,133,2,131
119900038,30,145,-115
119900039,61,18,43
119900040,95,22,73
119900041,103,13,90
119900042,34,69,-35
119900043,95,11,84
119900044,92,546,-454
119900046,139,7,132
119900047,200,124,76
119900048,36,9,27
119900049,129,4,125
119900050,167,85,82
119900051,1102,5,1097
119900052,71,9,62
119900053,247,68,179
119900054,302,16,286
119900055,975,153,822
119900057,385,33,352
119900058,308,4,304
119900059,27,15,12
119900060,558,20,538
119900062,64,2,62
119900063,5,35,-30
119900064,605,51,554
119900065,211,4,207
119900066,1,0,1
119900067,31,10,21
119900068,732,2,730
119900069,120,1,119
119900070,716,5,711
119900071,830,28,802
119900073,610,53,557
119900074,15,45,-30
119900075,785,970,-185
119900076,753,136,617
119900077,1082,136,946
119900078,373,142,231
119900079,418,27,391
119900080,1534,308,1226
119900081,411,55,356
119900082,1985,201,1784
119900083,205,51,154
119900084,148,53,95
119900085,27,11,16
119900086,3,16,-13
119900087,67,125,-58
119900088,18,32,-14
119900089,16,105,-89
119900090,73,10,63
119900091,14,134,-120
119900092,20,236,-216
119900093,577,64,513
119900094,4,53,-49
119900095,37,18,19
119900096,64,45,19
119900097,30,128,-98
119900098,11,2,9
119900099,23,74,-51
119900100,342,1360,-1018
119900101,51,407,-356
119900102,24,39,-15
119900103,41,26,15
119900104,25,35,-10
119900105,278,974,-696
119900106,1,34,-33
119900107,113,700,-587
119900108,1502,259,1243
119900109,7,63,-56
119900110,309,152,157
119900111,188,50,138
119900112,528,425,103
119900113,9,77,-68
119900114,213,210,3
119900115,393,136,257
119900116,31,200,-169
119900117,169,217,-48
119900118,142,144,-2
119900119,136,55,81
119900120,229,181,48
119900121,381,213,168
119900122,15,58,-43
119900123,54,108,-54
119900124,161,223,-62
119900125,8,49,-41
119900126,1184,91,1093
119900127,278,123,155
119900128,218,157,61
119900129,214,76,138
119900130,13,16,-3
119900131,14,54,-40
119900132,0,20,-20
119900133,55,33,22
119900134,275,46,229
119900135,0,51,-51
119900136,43,28,15
119900138,59,87,-28
119900139,4,71,-67
119900140,1,11,-10
119900141,8,489,-481
119900142,11,15,-4
119900143,2,221,-219
119900144,399,44,355
119900145,6,40,-34
119900146,78,50,28
119900147,1,90,-89
119900148,484,9,475
119900149,172,3598,-3426
119900150,66,28,38
119900151,610,506,104
119900152,107,60,47
119900153,192,20,172
119900154,63,67,-4
119900155,34,14,20
119900156,15,3,12
119900157,155,62,93
119900158,144,23,121
119900159,0,364,-364
119900160,16,27,-11
119900161,59,39,20
119900162,760,480,280
119900163,22,48,-26
119900164,0,0,0
119900165,153,25,128
119900166,85,8,77
119900167,0,14,-14
119900168,887,195,692
119900169,19,157,-138
119900170,121,72,49
119900171,369,159,210
119900172,27,9,18
119900173,23,61,-38
119900174,0,22,-22
119900175,1486,124,1362
119900177,2,24,-22
119900178,0,21,-21
119900179,141,813,-672
119900180,748,241,507
119900181,14,40,-26
119900182,0,52,-52
119900183,35,220,-185
119900184,337,213,124
119900185,35,242,-207
119900186,11,936,-925
119900187,24,77,-53
119900188,53,109,-56
119900189,57,53,4
119900190,47,196,-149
119900191,62,58,4
119900192,23,50,-27
119900193,550,84,466
119900194,3,14,-11
119900195,2,63,-61
119900196,161,81,80
119900197,302,64,238
119900198,61,99,-38
119900199,135,4,131
119900200,588,245,343
119900201,132,72,60
119900202,25,119,-94
119900203,42,283,-241
119900204,140,70,70
119900205,956,99,857
119900206,256,78,178
119900208,87,34,53
119900209,384,942,-558
119900210,67,6,61
119900211,29,0,29
119900212,283,140,143
119900213,7,38,-31
119900214,27,13,14
119900215,56,21,35
119900216,4,7,-3
119900217,14,7,7
119900218,12,9,3
119900219,3,6,-3
119900220,1,21,-20
119900221,22,29,-7
119900222,3,31,-28
119900223,2,14,-12
119900224,2,3,-1
119900225,137,9,128
119900226,146,1137,-991
119900227,223,96,127
119900228,8,239,-231
119900229,57,108,-51
119900230,405,107,298
119900231,275,35,240
119900232,84,24,60
119900233,99,4,95
119900234,2,77,-75
119900235,9,11,-2
119900236,10,21,-11
119900237,39,138,-99
119900238,0,39,-39
119900240,60,24,36
119900241,94,77,17
119900242,743,526,217
119900244,193,460,-267
119900245,89,65,24
119900246,107,166,-59
119900247,12,11,1
119900248,21,206,-185
119900249,226,27,199
119900253,577,330,247
119900254,44,736,-692
119900255,55,226,-171
119900256,872,203,669
119900257,140,3,137
119900258,274,20,254
119900259,8,10,-2
119900260,235,1,234
119900261,231,45,186
119900262,0,59,-59
119900263,621,90,531
119900264,96,49,47
119900265,387,106,281
119900266,371,34,337
119900267,68,109,-41
119900268,72,35,37
119900269,748,311,437
119900271,15,12,3
119900272,25,52,-27
119900275,101,16,85
119900276,82,0,82
119900277,29,1,28
119900278,229,48,181
119900279,56,193,-137
119900280,376,27,349
119900281,0,135,-135
119900282,10,34,-24
119900283,14,36,-22
119900284,18,68,-50
119900285,21,183,-162
119900286,1,23,-22
119900288,0,0,0
119900289,13,0,13
119900290,3,1,2
119900291,0,7,-7
119900292,9,36,-27
119900293,20,38,-18
119900294,21,23,-2
119900295,27,10,17
119900296,82,45,37
119900297,6,23,-17
119900298,1,24,-23
119900299,36,31,5
119900300,319,89,230
119900301,12,109,-97
119900302,9,59,-50
119900303,283,139,144
119900304,203,2,201
119900305,0,8,-8
119900306,4,4,0
119900307,74,35,39
119900308,5,3,2
119900309,42,168,-126
119900310,84,45,39
119900311,170,18,152
119900312,111,7,104
119900313,80,95,-15
119900314,164,251,-87
119900315,1954,571,1383
119900318,19,61,-42
119900319,1,75,-74
119900320,203,175,28
119900321,138,26,112
119900322,0,2,-2
119900323,1,2,-1
119900324,0,1,-1
119900325,0,1,-1
120000001,4907,16426,-11519
120000002,1915,1029,886
120000003,1190,603,587
120000004,1399,663,736
120000005,1612,545,1067
120000006,797,421,376
120000007,1456,2277,-821
120000008,442,497,-55
120000009,1065,585,480
120000010,1392,1026,366
120000011,625,574,51
120000012,1312,872,440
120000013,2441,1450,991
120000014,509,630,-121
120000015,1724,801,923
120000016,2871,1598,1273
120000017,2806,2141,665
120000018,2268,11481,-9213
120000019,706,757,-51
120000020,1343,2072,-729
120000021,1254,910,344
120000022,2656,3542,-886
120000023,1231,1022,209
120000024,860,1205,-345
120000025,2341,801,1540
120000026,2659,1282,1377
120000027,1927,1473,454
120000028,563,694,-131
120000029,643,880,-237
120000030,133,453,-320
120000031,993,2810,-1817
120000032,2506,1262,1244
120000033,2551,522,2029
120000034,2350,411,1939
120000035,2649,561,2088
120000036,2099,2650,-551
120000037,480,1420,-940
120000038,1731,1424,307
120000039,300,1003,-703
120000040,37,2167,-2130
120000041,413,657,-244
120000042,1480,863,617
120000043,3668,637,3031
120000044,5446,1078,4368
120000045,6092,463,5629
120000046,4687,2875,1812
120000047,316,3993,-3677
120000048,3930,1789,2141
120000049,3018,1276,1742
120000050,1922,1612,310
120000051,1389,2353,-964
120000052,4143,744,3399
120000053,822,1161,-339
120000054,762,1816,-1054
120000055,1010,1403,-393
120000056,2633,1914,719
120000057,2322,655,1667
120000058,873,657,216
120000059,29,1587,-1558
120000061,15,255,-240
120000062,58,210,-152
120000063,388,1021,-633
120000064,233,463,-230
120000065,292,542,-250
120000066,172,196,-24
120000067,31,275,-244
120000068,157,271,-114
120000069,491,213,278
120000070,135,281,-146
120000071,903,48,855
120000072,1112,252,860
120000073,971,69,902
120000074,93,33,60
120000075,1141,92,1049
120000076,2385,213,2172
120000077,2293,228,2065
120000078,1768,530,1238
120000079,243,105,138
120000080,34,132,-98
120000081,248,37,211
120000082,315,101,214
120000083,47,616,-569
120000084,192,188,4
120000085,172,255,-83
120000086,74,161,-87
120000087,144,162,-18
120000088,485,407,78
120000089,742,217,525
120000090,518,183,335
120000091,1173,289,884
120000092,981,124,857
120000093,787,224,563
120000094,349,349,0
120000095,458,178,280
120000096,202,251,-49
120000098,548,295,253
120000099,134,304,-170
120000100,464,266,198
120000101,385,157,228
120000102,503,910,-407
120000103,1007,613,394
120000104,1977,172,1805
120000105,2325,139,2186
120000106,2672,147,2525
120000107,4974,184,4790
120000108,1981,58,1923
120000109,937,45,892
120000110,22,300,-278
120000111,46,326,-280
120000112,227,1041,-814
120000113,159,819,-660
120000114,142,479,-337
120000115,147,559,-412
120000116,146,507,-361
120000117,415,510,-95
120000118,20,4,16
120000119,4,22,-18
120000120,124,65,59
120000121,3,12,-9
120000122,91,470,-379
120000123,1475,7471,-5996
120000124,333,186,147
120000125,576,319,257
120000126,197,403,-206
120000127,368,286,82
120000128,1043,1408,-365
120000129,106,74,32
120000130,401,160,241
120000131,355,187,168
120000134,168,115,53
120000135,977,417,560
120000137,195,104,91
120000138,1289,87,1202
120000139,182,115,67
120000140,1590,74,1516
120000141,264,204,60
120000142,733,228,505
120000143,2,34,-32
120000144,138,0,138
120000145,596,0,596
120000146,388,732,-344
120000149,281,224,57
120000150,712,8131,-7419
120000151,405,145,260
120000152,1109,72,1037
120000153,553,161,392
120000154,332,353,-21
120000155,156,194,-38
120000156,192,1276,-1084
120000157,852,192,660
120000158,551,200,351
120000159,899,719,180
120000160,1559,1324,235
120000161,2620,1830,790
120000162,132,213,-81
120000163,686,154,532
120000164,629,46,583
120000165,891,167,724
120000166,1663,192,1471
120000167,34,108,-74
120000168,2,194,-192
120000169,8,571,-563
120000170,13,432,-419
120000171,3,219,-216
120000172,1,179,-178
120000173,251,251,0
120000174,25,21,4
120000175,50,44,6
120000176,30,22,8
120000177,250,58,192
120000178,50,12,38
120000179,36,14,22
120000180,66,34,32
120000181,19,563,-544
120000182,15,355,-340
120000183,4,198,-194
120000184,27,593,-566
120000186,10,249,-239
120000187,29,60,-31
120000188,46,72,-26
120000190,203,26,177
120000191,174,25,149
120000192,106,18,88
120000193,61,6,55
120000195,6,0,6
120000196,91,6,85
120000197,10,37,-27
120000198,253,7,246
120000199,276,0,276
120000200,256,0,256
120000201,33,58,-25
120000202,0,26,-26
120000203,57,33,24
120000207,1,21,-20
120000208,9,38,-29
120000209,6,13,-7
120000210,13,18,-5
120000211,173,3,170
120000212,336,1,335
120000213,204,56,148
120000214,0,35,-35
120000215,1,24,-23
120000216,147,12,135
120000217,161,240,-79
120000218,17,279,-262
120000219,0,295,-295
120000220,38,609,-571
120000225,2587,3,2584
120000226,454,10,444
120000227,1014,103,911
120000228,5594,3175,2419
120000230,448,30,418
120000231,1402,358,1044
120000233,493,12,481
120000235,108,160,-52
120000236,1538,5,1533
120000237,0,342,-342
120000238,0,200,-200
120000241,1016,2798,-1782
120000412,215,14,201
120000413,476,37,439
120000414,176,1,175
120000415,0,11,-11
120000416,144,0,144
120000417,1,55,-54
120000418,417,2,415
120000419,0,32,-32
120000420,19,4,15
120000421,4622,2486,2136
120000422,69,1501,-1432
120000423,0,52,-52
120000424,97,6,91
120000436,86,1045,-959
120000437,15,52,-37
120000438,811,129,682
120000439,118,380,-262
120000443,148,1,147
120000444,1403,184,1219
120000445,1336,866,470
120000446,287,87,200
120000447,509,1,508
120000449,229,0,229
120000450,1,42,-41
120000451,104,113,-9
120000452,195,1,194
120000453,0,25,-25
120000454,10,21,-11
120000455,59,15,44
120000456,730,2703,-1973
120000457,423,188,235
120000458,228,139,89
120000459,207,25,182
120000665,129,224,-95
120000668,40,634,-594
120000669,104,66,38
120000670,66,345,-279
120000671,1191,408,783
120000672,15,146,-131
120900001,130,19,111
120900002,87,107,-20
120900003,92,5,87
120900004,5,85,-80
120900005,263,166,97
120900006,591,57,534
120900007,42,39,3
120900008,495,187,308
120900009,77,5,72
120900010,621,89,532
120900011,6,75,-69
120900012,27,1092,-1065
120900013,362,67,295
120900014,0,83,-83
120900015,1089,35,1054
120900016,1399,24,1375
120900017,850,65,785
120900018,141,126,15
120900019,348,164,184
120900020,243,379,-136
120900021,551,55,496
120900022,5,59,-54
120900023,520,40,480
120900024,633,163,470
120900025,566,329,237
120900026,61,84,-23
120900027,204,23,181
120900028,640,106,534
120900029,8,829,-821
120900030,1798,186,1612
120900031,478,85,393
120900032,1809,93,1716
120900033,1233,52,1181
120900034,12,1805,-1793
120900035,61,74,-13
120900037,281,0,281
120900038,84,595,-511
120900039,103,44,59
120900040,471,3,468
120900041,6,3,3
120900042,532,30,502
120900043,61,11,50
120900044,2,207,-205
120900045,56,34,22
120900046,709,2,707
120900047,113,216,-103
120900048,110,19,91
120900049,736,3,733
120900050,463,2246,-1783
120900051,297,97,200
120900052,1132,7,1125
120900053,465,36,429
120900054,350,79,271
120900055,663,3,660
120900056,733,19,714
120900057,257,22,235
120900058,884,1,883
120900059,129,2,127
120900060,60,15,45
120900061,105,53,52
120900062,372,2,370
120900063,784,10,774
120900064,886,1,885
120900065,1019,2,1017
120900066,617,73,544
120900067,183,31,152
120900068,547,1,546
120900069,360,4,356
120900071,48,1,47
120900072,1042,6,1036
120900073,889,64,825
120900074,890,25,865
120900076,517,4,513
120900077,714,275,439
120900078,725,160,565
120900079,961,54,907
120900080,1374,361,1013
120900081,1672,223,1449
120900082,231,158,73
120900083,142,2,140
120900084,308,364,-56
120900085,8,29,-21
120900086,24,441,-417
120900087,540,123,417
120900088,113,798,-685
120900089,1059,3251,-2192
120900090,171,20,151
120900091,163,640,-477
120900092,55,126,-71
120900093,858,62,796
120900094,112,47,65
120900095,152,5,147
120900096,47,108,-61
120900097,192,252,-60
120900098,102,49,53
120900099,23,35,-12
120900100,6,38,-32
120900101,41,52,-11
120900102,10,25,-15
120900103,61,54,7
120900104,0,15,-15
120900105,9,139,-130
120900106,267,100,167
120900107,109,67,42
120900108,0,159,-159
120900109,14,170,-156
120900110,2,104,-102
120900111,94,98,-4
120900112,41,260,-219
120900113,19,153,-134
120900114,22,44,-22
120900115,58,123,-65
120900116,585,84,501
120900117,7,114,-107
120900118,17,240,-223
120900119,2974,1251,1723
120900120,12,182,-170
120900121,4,143,-139
120900122,872,177,695
120900123,1,90,-89
120900124,8,136,-128
120900125,0,207,-207
120900126,138,182,-44
120900127,3,129,-126
120900128,153,296,-143
120900129,6,80,-74
120900130,61,176,-115
120900131,75,42,33
120900132,1249,79,1170
120900133,18,197,-179
120900134,33,196,-163
120900135,1,194,-193
120900136,6,58,-52
120900137,436,33,403
120900138,2,114,-112
120900139,0,179,-179
120900140,1,79,-78
120900141,300,40,260
120900142,1,95,-94
120900143,2,184,-182
120900144,0,38,-38
120900145,72,326,-254
120900146,1,165,-164
120900147,1,1,0
120900148,88,26,62
120900149,0,72,-72
120900150,62,107,-45
120900151,0,54,-54
120900152,10,1,9
120900153,27,2,25
120900154,2,51,-49
120900155,154,197,-43
120900156,159,80,79
120900157,0,0,0
120900158,7,121,-114
120900159,0,51,-51
120900160,5,201,-196
120900161,12,508,-496
120900162,10,223,-213
120900163,14,266,-252
120900164,0,32,-32
120900165,0,66,-66
120900166,17,330,-313
120900167,35,25,10
120900169,77,150,-73
120900170,233,3869,-3636
120900171,295,50,245
120900172,107,417,-310
120900173,2,15,-13
120900174,4,57,-53
120900175,38,29,9
120900176,1,335,-334
120900177,1,1209,-1208
120900178,0,686,-686
120900179,82,80,2
120900180,51,154,-103
120900181,6,19,-13
120900182,8,42,-34
120900183,296,38,258
120900184,36,24,12
120900185,94,713,-619
120900186,0,104,-104
120900187,432,242,190
120900188,274,19,255
120900189,24,2102,-2078
120900190,146,24,122
120900191,44,3,41
120900192,3502,10283,-6781
120900194,61,25,36
120900195,41,97,-56
120900196,163,8,155
120900197,729,39,690
120900198,59,222,-163
120900199,187,515,-328
120900200,20,48,-28
120900201,179,58,121
120900202,1,45,-44
120900203,44,10,34
120900204,38,63,-25
120900205,55,8,47
120900206,42,26,16
121000001,479,586,-107
121000002,881,1239,-358
121000003,3082,1411,1671
121000004,1010,2141,-1131
121000005,1695,2385,-690
121000006,1130,1840,-710
121000007,1371,2475,-1104
121000008,1859,2711,-852
121000009,3027,3994,-967
121000010,2531,2498,33
121000011,3440,4250,-810
121000012,6061,2686,3375
121000013,3344,3032,312
121000014,2993,1929,1064
121000015,2726,3977,-1251
121000016,2065,1529,536
121000017,1457,1741,-284
121000018,1773,997,776
121000019,3448,4540,-1092
121000020,5206,9351,-4145
121000021,872,926,-54
121000022,1009,2007,-998
121000023,1142,454,688
121000024,2535,2774,-239
121000025,120,649,-529
121000026,76,56,20
121000027,773,660,113
121000028,315,399,-84
121000029,415,318,97
121000030,249,389,-140
121000031,221,244,-23
121000032,79,90,-11
121000034,92,154,-62
121000035,64,116,-52
121000036,489,461,28
121000037,235,736,-501
121000038,171,500,-329
121000039,120,202,-82
121000041,149,321,-172
121000042,88,215,-127
121000043,190,545,-355
121000044,492,386,106
121000045,240,200,40
121000046,349,508,-159
121000047,28,108,-80
121000049,478,681,-203
121000050,96,1313,-1217
121000051,496,111,385
121000052,255,972,-717
121000053,110,119,-9
121000054,14,233,-219
121000055,420,689,-269
121000056,608,957,-349
121000057,41,103,-62
121000058,132,60,72
121000059,2350,558,1792
121000060,460,738,-278
121000061,13,367,-354
121000062,48,269,-221
121000063,594,950,-356
121000064,436,613,-177
121000065,149,285,-136
121000066,317,332,-15
121000067,218,269,-51
121000068,187,408,-221
121000069,141,922,-781
121000070,576,532,44
121000071,830,1153,-323
121000072,499,247,252
121000073,481,905,-424
121000074,36,116,-80
121000075,13,34,-21
121000076,223,117,106
121000077,86,76,10
121000078,27,188,-161
121000080,590,253,337
121000081,968,2134,-1166
121000082,77,131,-54
121000083,43,34,9
121000084,90,147,-57
121000085,140,183,-43
121000086,304,341,-37
121000087,40,131,-91
121000088,267,224,43
121000089,90,272,-182
121000090,129,272,-143
121000091,560,433,127
121000092,131,21,110
121000093,198,63,135
121000094,182,360,-178
121000095,96,491,-395
121000096,2631,675,1956
121000097,260,801,-541
121000098,151,239,-88
121000099,355,297,58
121000100,713,189,524
121000101,201,39,162
121000102,158,51,107
121000103,116,87,29
121000104,205,66,139
121000105,118,49,69
121000106,116,99,17
121000107,918,1421,-503
121000109,622,711,-89
121000110,132,515,-383
121000114,1718,1163,555
121000115,451,254,197
121000116,145,160,-15
121000117,271,82,189
121000118,1210,69,1141
121000119,252,211,41
121000120,132,411,-279
121000121,420,1561,-1141
121000123,233,90,143
121000126,25,323,-298
121000127,98,140,-42
121000128,796,171,625
121000129,785,267,518
121000130,294,997,-703
121000131,589,614,-25
121000132,141,527,-386
121000135,188,481,-293
121000136,325,1149,-824
121000137,215,281,-66
121000138,198,2504,-2306
121000139,46,478,-432
121000141,178,110,68
121000142,200,405,-205
121000143,20,12,8
121000144,216,843,-627
121000145,341,370,-29
121000146,605,593,12
121000147,687,309,378
121000148,292,255,37
121000149,1199,745,454
121000152,120,162,-42
121000153,983,246,737
121000154,738,239,499
121000155,1315,527,788
121000156,271,413,-142
121000157,408,522,-114
121000158,162,215,-53
121000159,164,179,-15
121000160,253,120,133
121000161,123,255,-132
121000162,93,65,28
121000165,486,1481,-995
121000166,8,273,-265
121000168,306,211,95
121000169,8,54,-46
121000170,121,20,101
121000171,124,69,55
121000172,533,416,117
121000173,1050,1022,28
121000174,514,465,49
121000175,1059,188,871
121000176,229,190,39
121000177,415,286,129
121000178,61,25,36
121000179,55,44,11
121000181,151,272,-121
121000182,206,402,-196
121000183,26,422,-396
121000184,26,351,-325
121000185,21,427,-406
121000186,224,544,-320
121000187,194,70,124
121000188,244,46,198
121000192,358,253,105
121000193,331,111,220
121000194,927,1207,-280
121000195,201,567,-366
121000196,303,143,160
121000197,60,187,-127
121000198,46,133,-87
121000199,177,171,6
121000200,449,58,391
121000201,15,206,-191
121000202,411,49,362
121000203,413,562,-149
121000204,2568,300,2268
121000205,147,269,-122
121000206,68,141,-73
121000207,1629,695,934
121000208,10,230,-220
121000209,821,93,728
121000210,756,234,522
121000211,210,35,175
121000212,326,318,8
121000213,5084,1572,3512
121000214,403,1460,-1057
121000215,597,586,11
121000216,173,498,-325
121000217,1832,2340,-508
121000218,298,752,-454
121000219,879,300,579
121000220,135,28,107
121000221,295,410,-115
121000222,3449,2179,1270
121000223,170,359,-189
121000224,37,262,-225
121000225,305,4581,-4276
121000226,574,1528,-954
121000227,14,114,-100
121000228,34,204,-170
121000229,128,204,-76
121000230,69,685,-616
121000231,1372,38,1334
121000232,178,154,24
121000233,609,201,408
121000234,5,77,-72
121000235,37,92,-55
121000236,2,59,-57
121000237,4,11,-7
121000238,2,49,-47
121000239,57,14,43
121000240,0,126,-126
121000241,87,3,84
121000242,4,187,-183
121000243,144,15,129
121000244,1,72,-71
121000245,36,2,34
121000246,0,86,-86
121000247,135,0,135
121000248,257,342,-85
121000249,79,162,-83
121000250,583,562,21
121000251,6,171,-165
121000252,122,102,20
121000253,196,531,-335
121000254,661,372,289
121000255,71,345,-274
121000256,217,349,-132
121000257,26,176,-150
121000258,22,223,-201
121000259,5,120,-115
121000260,12,98,-86
121000261,38,229,-191
121000262,537,254,283
121000263,241,277,-36
121000271,242,709,-467
121000273,19,6,13
121000274,6,201,-195
121000275,1,8,-7
121000276,2,104,-102
121000278,31,16,15
121000279,9,62,-53
121000280,15,152,-137
121000289,248,57,191
121000290,358,659,-301
121000294,282,66,216
121000297,140,715,-575
121000299,70,1009,-939
121000300,533,389,144
121000302,42,317,-275
121000303,302,104,198
121000304,352,26,326
121000305,189,26,163
121000306,161,74,87
121000308,76,87,-11
121000309,167,162,5
121000310,128,51,77
121000311,29,135,-106
121000312,372,211,161
121000313,88,135,-47
121000314,2,5,-3
121000315,5,36,-31
121000530,1331,699,632
121000531,1509,812,697
121000532,2851,3895,-1044
121000533,2321,1462,859
121000918,29,98,-69
121000919,5,87,-82
121000938,63,100,-37
121000939,67,132,-65
121000956,1408,816,592
121000957,13,23,-10
121000958,18,75,-57
121000959,930,303,627
121000960,1140,594,546
121000961,305,33,272
121000962,216,179,37
121000973,0,170,-170
121000976,0,22,-22
121000979,130,143,-13
121000981,298,42,256
121000982,396,237,159
121000983,328,81,247
121000984,1,19,-18
121000985,778,290,488
121000986,710,344,366
121000987,127,475,-348
121000988,911,55,856
121001302,120,64,56
121001308,0,12,-12
121001309,9,207,-198
121001313,170,204,-34
121001314,592,1452,-860
121001315,3191,2141,1050
121900001,76,278,-202
121900002,33,0,33
121900003,207,4,203
121900004,20,196,-176
121900005,18,3,15
121900006,87,1,86
121900007,1736,653,1083
121900008,43,50,-7
121900009,590,63,527
121900010,144,1,143
121900011,115,78,37
121900012,13,0,13
121900013,27,31,-4
121900014,616,166,450
121900015,118,55,63
121900016,1,2,-1
121900017,184,338,-154
121900018,214,1,213
121900019,227,64,163
121900020,15,0,15
121900021,692,11,681
121900022,77,41,36
121900023,127,248,-121
121900024,69,20,49
121900025,329,59,270
121900026,51,26,25
121900027,161,193,-32
121900028,106,4,102
121900029,48,313,-265
121900030,116,180,-64
121900031,220,3493,-3273
121900032,61,12,49
121900033,49,78,-29
121900034,166,82,84
121900035,1306,836,470
121900036,32,161,-129
121900037,101,1306,-1205
121900038,7,10,-3
121900039,133,6,127
121900040,27,33,-6
121900041,32,186,-154
121900042,249,111,138
121900043,0,1,-1
121900044,25,62,-37
121900046,48,53,-5
121900047,39,44,-5
121900048,44,25,19
121900050,24,7,17
121900051,101,168,-67
121900052,36,21,15
121900053,288,162,126
121900054,94,357,-263
121900055,5,24,-19
121900058,164,24,140
121900059,98,28,70
121900060,57,175,-118
121900061,109,796,-687
121900062,132,72,60
121900063,892,188,704
121900064,186,196,-10
121900066,22,28,-6
121900067,5,6,-1
121900069,72,71,1
121900070,45,212,-167
121900071,376,133,243
121900072,35,11,24
121900073,32,87,-55
121900074,140,292,-152
121900075,109,421,-312
121900076,216,231,-15
121900077,6,6,0
121900078,68,42,26
121900079,0,0,0
121900080,268,112,156
121900082,68,20,48
121900084,7,16,-9
121900085,0,2,-2
121900086,10,15,-5
121900087,29,57,-28
121900088,459,563,-104
121900089,160,75,85
121900090,7,23,-16
121900091,13,0,13
121900092,143,99,44
121900093,54,48,6
121900094,0,1,-1
121900095,119,58,61
121900096,410,343,67
121900097,200,35,165
121900098,2,1,1
121900099,119,4,115
121900100,6,47,-41
121900101,53,28,25
121900102,1,18,-17
121900103,167,116,51
121900104,871,142,729
121900105,82,41,41
121900106,0,3,-3
121900107,56,17,39
121900108,0,0,0
121900109,116,50,66
121900110,336,137,199
121900111,66,73,-7
121900112,26,20,6
121900113,20,135,-115
121900114,20,6,14
121900117,10,8,2
121900118,308,90,218
121900119,136,25,111
121900120,12,198,-186
121900121,37,5,32
121900122,58,21,37
121900123,66,67,-1
121900124,27,40,-13
121900125,664,345,319
121900127,4,51,-47
121900128,26,5,21
121900129,146,40,106
121900130,23,1303,-1280
121900131,110,15,95
121900132,19,16,3
121900133,2,241,-239
121900134,3,198,-195
121900135,4009,416,3593
121900136,46,65,-19
121900137,3,80,-77
121900138,42,64,-22
121900139,140,577,-437
121900140,5,3,2
121900141,23,10,13
121900142,23,0,23
121900143,8,47,-39
121900144,51,88,-37
121900145,64,120,-56
121900146,99,68,31
121900147,13,8,5
121900148,18,59,-41
121900149,68,35,33
121900150,37,15,22
121900151,17,25,-8
121900152,46,9,37
121900153,4,126,-122
121900154,0,21,-21
121900155,0,24,-24
121900156,21,9,12
121900157,1,11,-10
121900158,9,13,-4
121900159,0,13,-13
121900160,5,34,-29
121900161,37,85,-48
121900162,10,24,-14
121900163,175,51,124
121900164,82,141,-59
121900165,80,37,43
121900166,135,34,101
121900167,53,14,39
121900168,36,19,17
121900169,0,1,-1
121900170,5,34,-29
121900171,561,145,416
121900172,109,31,78
121900173,229,105,124
121900174,74,7,67
121900175,25,85,-60
121900176,281,551,-270
121900177,17,15,2
121900178,22,2,20
121900179,72,222,-150
121900180,683,4048,-3365
121900182,273,208,65
121900183,147,1181,-1034
121900184,16,658,-642
121900186,2,179,-177
121900187,0,16,-16
121900188,242,30,212
121900189,16,33,-17
121900190,51,144,-93
121900191,40,121,-81
121900192,82,424,-342
121900193,7,62,-55
121900194,0,54,-54
121900195,16,32,-16
121900196,114,436,-322
121900197,140,385,-245
121900198,1907,634,1273
121900199,1,26,-25
121900200,8,29,-21
121900201,274,308,-34
121900202,25,282,-257
121900203,21,337,-316
121900204,171,461,-290
121900205,18,32,-14
121900206,1,45,-44
121900207,13,11,2
121900208,15,118,-103
121900209,30,33,-3
121900210,748,467,281
121900211,29,14,15
121900212,7,51,-44
121900213,167,10,157
121900214,0,192,-192
121900215,3,89,-86
121900216,10,135,-125
121900217,125,118,7
121900218,69,188,-119
121900220,41,2,39
121900221,95,156,-61
121900222,93,9,84
121900223,34,20,14
121900224,23,18,5
121900225,32,84,-52
121900226,86,8,78
121900227,66,275,-209
121900228,37,45,-8
121900230,37,131,-94
121900231,44,159,-115
121900232,52,93,-41
121900233,36,25,11
121900234,119,40,79
121900235,279,51,228
121900236,128,21,107
121900237,30,59,-29
121900238,28,68,-40
121900239,90,12,78
121900240,58,47,11
121900241,4,8,-4
121900242,0,0,0
121900243,0,0,0
121900244,5,0,5
121900245,76,13,63
121900246,1644,86,1558
121900247,187,71,116
121900248,314,217,97
121900250,80,261,-181
121900251,236,22,214
121900252,91,45,46
121900253,6,383,-377
121900254,46,184,-138
121900255,284,51,233
121900258,2418,1003,1415
121900259,81,135,-54
121900260,99,18,81
121900261,6,140,-134
121900262,34,175,-141
121900263,28,61,-33
121900264,263,224,39
121900265,143,50,93
121900266,264,47,217
121900267,28,24,4
121900269,89,353,-264
121900270,59,110,-51
121900271,5,45,-40
121900273,221,1078,-857
121900274,226,72,154
121900277,76,194,-118
121900278,64,263,-199
121900279,43,56,-13
121900280,14,118,-104
121900281,37,144,-107
121900284,29,5,24
121900286,89,66,23
121900287,2,33,-31
121900290,24,236,-212
121900291,208,181,27
121900292,68,55,13
121900293,357,1007,-650
121900294,85,3,82
121900295,31,11,20
121900296,80,92,-12
121900298,62,401,-339
121900299,0,73,-73
121900300,15,24,-9
121900301,22,0,22
121900302,1,31,-30
121900303,42,94,-52
121900304,1,2,-1
121900305,0,2,-2
121900306,226,3,223
121900307,134,4,130
121900308,2,30,-28
121900309,0,20,-20
121900310,1,81,-80
121900311,305,9,296
121900312,301,2,299
121900313,256,11,245
121900314,0,6,-6
121900315,15,2,13
121900316,0,0,0
121900317,17,6,11
121900318,0,0,0
121900319,67,99,-32
121900320,0,0,0
121900321,27,0,27
121900322,0,0,0
121900323,12,18,-6
121900324,0,0,0
121900325,6,0,6
121900326,0,0,0
121900327,0,2,-2
121900328,0,1,-1
121900329,7,6,1
121900330,0,47,-47
121900331,8,33,-25
121900332,40,29,11
121900333,10,1,9
122000001,442,1290,-848
122000002,1274,320,954
122000003,677,846,-169
122000004,895,601,294
122000005,1811,1989,-178
122000006,361,657,-296
122000007,254,645,-391
122000008,443,986,-543
122000009,167,128,39
122000010,1230,1387,-157
122000011,949,607,342
122000012,373,639,-266
122000013,171,762,-591
122000014,1947,499,1448
122000015,560,465,95
122000016,265,412,-147
122000017,425,712,-287
122000018,886,687,199
122000019,419,1069,-650
122000020,146,235,-89
122000021,90,236,-146
122000022,318,504,-186
122000023,170,512,-342
122000024,243,734,-491
122000025,347,654,-307
122000026,219,428,-209
122000027,212,445,-233
122000028,436,422,14
122000029,126,282,-156
122000030,107,17,90
122000031,59,422,-363
122000032,928,677,251
122000033,160,681,-521
122000034,119,418,-299
122000035,99,178,-79
122000036,184,182,2
122000037,183,126,57
122000038,136,180,-44
122000039,262,145,117
122000040,171,73,98
122000041,231,523,-292
122000042,269,529,-260
122000043,78,47,31
122000044,62,78,-16
122000045,442,284,158
122000046,508,298,210
122000047,43,46,-3
122000048,1414,2294,-880
122000049,2764,1517,1247
122000050,265,447,-182
122000051,117,377,-260
122000052,225,337,-112
122000053,187,1356,-1169
122000054,1177,902,275
122000055,1344,1987,-643
122000056,1698,1136,562
122000057,1043,1790,-747
122000058,331,871,-540
122000059,355,964,-609
122000060,223,262,-39
122000061,148,129,19
122000062,369,178,191
122000063,169,489,-320
122000064,1606,2910,-1304
122000065,1198,1276,-78
122000066,326,494,-168
122000067,454,1186,-732
122000068,997,827,170
122000069,445,319,126
122000070,384,730,-346
122000071,1308,721,587
122000072,168,160,8
122000073,68,320,-252
122000074,992,688,304
122000075,406,360,46
122000076,1562,555,1007
122000077,328,790,-462
122000078,374,923,-549
122000079,172,1061,-889
122000080,192,209,-17
122000081,39,103,-64
122000082,183,505,-322
122000083,1612,756,856
122000084,1403,567,836
122000085,78,222,-144
122000086,1113,3387,-2274
122000087,135,304,-169
122000088,166,296,-130
122000089,1876,1401,475
122000090,127,463,-336
122000091,80,212,-132
122000092,36,35,1
122000093,596,1598,-1002
122000094,2702,1465,1237
122000095,336,1647,-1311
122000096,320,933,-613
122000098,1193,2208,-1015
122000099,231,778,-547
122000100,368,275,93
122000101,191,228,-37
122000102,892,568,324
122000103,525,780,-255
122000104,347,129,218
122000105,132,176,-44
122000106,257,511,-254
122000107,581,297,284
122000108,215,345,-130
122000109,198,152,46
122000110,123,288,-165
122000111,1114,691,423
122000112,586,788,-202
122000113,239,212,27
122000114,528,1441,-913
122000115,953,1107,-154
122000116,60,262,-202
122000117,268,155,113
122000118,519,134,385
122000119,495,379,116
122000120,353,564,-211
122000121,503,599,-96
122000122,194,452,-258
122000123,376,841,-465
122000124,222,192,30
122000125,72,341,-269
122000126,87,261,-174
122000127,168,143,25
122000128,333,193,140
122000129,91,932,-841
122000130,1059,320,739
122000131,392,128,264
122000132,168,74,94
122000133,447,276,171
122000134,560,528,32
122000135,298,165,133
122000136,332,203,129
122000137,1022,329,693
122000139,384,1376,-992
122000140,76,493,-417
122000141,1547,507,1040
122000142,80,469,-389
122000143,217,107,110
122000144,1043,212,831
122000145,428,362,66
122000146,214,949,-735
122000147,233,183,50
122000148,253,448,-195
122000149,746,226,520
122000150,904,312,592
122000151,40,75,-35
122000152,141,65,76
122000153,160,126,34
122000154,67,53,14
122000155,461,932,-471
122000156,2012,1812,200
122000157,393,2051,-1658
122000158,152,271,-119
122000159,564,368,196
122000160,1265,459,806
122000161,511,341,170
122000162,244,493,-249
122000163,118,36,82
122000164,17,40,-23
122000165,233,584,-351
122000166,255,1350,-1095
122000167,117,199,-82
122000168,113,820,-707
122000169,228,43,185
122000170,122,116,6
122000171,31,41,-10
122000172,1023,823,200
122000173,995,1216,-221
122000174,418,1214,-796
122000175,253,87,166
122000176,131,1191,-1060
122000177,475,1004,-529
122000178,2311,1602,709
122000179,1300,1689,-389
122000180,366,540,-174
122000181,355,1011,-656
122000182,411,699,-288
122000183,680,325,355
122000184,1418,1199,219
122000185,359,956,-597
122000186,140,436,-296
122000187,1289,506,783
122000188,132,103,29
122000189,78,98,-20
122000190,391,836,-445
122000191,184,306,-122
122000192,480,162,318
122000193,393,390,3
122000194,172,59,113
122000195,74,609,-535
122000196,586,127,459
122000197,338,387,-49
122000198,171,1051,-880
122000199,182,135,47
122000200,342,236,106
122000201,420,1328,-908
122000202,382,1270,-888
122000203,1007,470,537
122000204,560,519,41
122000205,230,290,-60
122000206,1793,565,1228
122000207,1295,793,502
122000208,1350,743,607
122000209,829,172,657
122000210,899,756,143
122000211,407,741,-334
122000212,407,400,7
122000213,390,766,-376
122000214,980,1077,-97
122000215,1388,1557,-169
122000217,641,687,-46
122000218,257,54,203
122000219,1944,397,1547
122000220,154,503,-349
122000221,250,308,-58
122000222,201,69,132
122000223,226,454,-228
122000225,362,211,151
122000226,633,635,-2
122000227,49,495,-446
122000228,105,175,-70
122000229,2,291,-289
122000230,17,185,-168
122000231,108,389,-281
122000232,283,341,-58
122000233,0,52,-52
122000234,333,147,186
122000235,234,128,106
122000236,892,23,869
122000237,80,32,48
122000238,157,328,-171
122000239,347,108,239
122000240,566,150,416
122000241,1055,156,899
122000242,183,118,65
122000243,10,149,-139
122000244,12,1134,-1122
122000245,28,1024,-996
122000246,23,165,-142
122000247,219,1506,-1287
122000248,3564,492,3072
122000249,493,453,40
122000250,759,235,524
122000251,14,61,-47
122000252,167,22,145
122000253,26,24,2
122000254,232,58,174
122000255,240,451,-211
122000256,225,285,-60
122000257,209,120,89
122000258,181,201,-20
122000259,38,757,-719
122000260,30,328,-298
122000261,4,173,-169
122000262,0,42,-42
122000263,75,141,-66
122000264,1021,182,839
122000265,1293,463,830
122000266,2024,221,1803
122000267,39,389,-350
122000268,173,50,123
122000269,563,98,465
122000270,241,51,190
122000271,123,455,-332
122000272,128,136,-8
122000273,173,79,94
122000274,107,266,-159
122000275,10,516,-506
122000276,686,294,392
122000277,467,1048,-581
122000278,983,87,896
122000279,158,123,35
122000280,250,230,20
122000281,359,210,149
122000282,35,667,-632
122000283,32,199,-167
122000284,80,36,44
122000285,318,89,229
122000286,24,179,-155
122000287,1053,1321,-268
122000288,148,181,-33
122000291,1445,423,1022
122000293,96,79,17
122000294,33,316,-283
122000295,942,196,746
122000296,24,732,-708
122000297,966,3427,-2461
122000299,290,259,31
122000300,169,319,-150
122000301,2929,2720,209
122000302,209,2024,-1815
122000303,955,639,316
122000304,4,210,-206
122000305,1374,176,1198
122000306,41,278,-237
122000307,42,41,1
122000309,49,64,-15
122000310,6,76,-70
122000311,51,66,-15
122000312,154,210,-56
122000313,15,150,-135
122000314,89,381,-292
122000315,221,60,161
122000316,932,225,707
122000317,1949,139,1810
122000318,241,1362,-1121
122000319,80,152,-72
122000320,139,257,-118
122000321,45,56,-11
122000322,676,721,-45
122000323,359,801,-442
122000324,576,1249,-673
122000325,388,947,-559
122000326,117,42,75
122000327,101,286,-185
122000328,226,185,41
122000330,991,676,315
122000332,87,2920,-2833
122000333,32,58,-26
122000337,684,196,488
122000338,336,173,163
122000340,27,517,-490
122000342,735,462,273
122000343,359,229,130
122000344,97,5,92
122000345,45,209,-164
122000346,94,17,77
122000348,314,490,-176
122000349,4,81,-77
122000351,179,186,-7
122000352,154,29,125
122000353,44,16,28
122000355,84,313,-229
122000356,152,606,-454
122000357,47,6,41
122000358,0,0,0
122000359,0,0,0
122000360,0,0,0
122000362,3,13,-10
122000364,289,135,154
122000365,0,18,-18
122000366,4,3,1
122000368,263,185,78
122000370,6,6,0
122000371,58,0,58
122000372,5,0,5
122000381,140,155,-15
122000382,22,236,-214
122000384,597,575,22
122000385,50,0,50
122000386,73,833,-760
122000387,126,660,-534
122000388,590,333,257
122000389,47,334,-287
122000390,133,325,-192
122000391,20,456,-436
122000392,90,45,45
122000393,14,473,-459
122000394,353,184,169
122000395,96,35,61
122000396,136,28,108
122000397,12,35,-23
122000398,7,125,-118
122000399,64,16,48
122000400,10,292,-282
122000401,59,22,37
122000402,431,87,344
122000403,118,226,-108
122000404,339,66,273
122000408,182,591,-409
122000503,2,97,-95
122000524,43,65,-22
122000544,34,1068,-1034
122000616,91,0,91
122000640,89,43,46
122000641,112,97,15
122000642,910,257,653
122000643,39,92,-53
122000644,39,21,18
122000645,32,78,-46
122000651,207,648,-441
122000664,91,11,80
122000665,366,236,130
122000666,149,257,-108
122000673,16,103,-87
122000674,458,221,237
122000675,1447,423,1024
122000686,257,476,-219
122000687,1459,200,1259
122000688,328,243,85
122000689,1171,186,985
122000690,2365,169,2196
122000691,745,328,417
122000692,1079,122,957
122000693,391,527,-136
122000695,299,119,180
122000696,564,118,446
122000698,155,84,71
122000699,257,80,177
122000701,1195,234,961
122000702,258,516,-258
122000703,45,26,19
122000717,14,75,-61
122000718,29,824,-795
122000719,4,55,-51
122000720,642,81,561
122000724,34,31,3
122900001,28,12,16
122900002,300,4401,-4101
122900003,335,8,327
122900004,2654,147,2507
122900005,37,190,-153
122900006,71,1240,-1169
122900007,31,90,-59
122900008,65,387,-322
122900009,71,104,-33
122900010,211,92,119
122900012,188,193,-5
122900014,54,43,11
122900015,718,350,368
122900016,58,60,-2
122900017,144,240,-96
122900018,56,4,52
122900019,54,163,-109
122900020,50,440,-390
122900021,34,201,-167
122900022,822,578,244
122900023,415,89,326
122900024,81,65,16
122900025,0,46,-46
122900026,0,28,-28
122900027,3,424,-421
122900028,37,33,4
122900029,2540,1158,1382
122900030,408,88,320
122900031,12,254,-242
122900032,120,186,-66
122900033,87,88,-1
122900034,1339,1964,-625
122900035,6,5,1
122900036,34,40,-6
122900037,91,51,40
122900038,24,1203,-1179
122900039,33,308,-275
122900040,184,418,-234
122900041,55,284,-229
122900042,100,99,1
122900043,146,101,45
122900044,61,232,-171
122900045,22,105,-83
122900046,66,256,-190
122900047,56,43,13
122900048,7,150,-143
122900049,1925,73,1852
122900051,11,127,-116
122900052,82,52,30
122900053,2,10,-8
122900055,113,33,80
122900057,151,3,148
122900061,270,8,262
122900062,245,448,-203
122900063,145,95,50
122900064,669,339,330
122900065,176,145,31
122900066,286,131,155
122900067,328,119,209
122900068,15,42,-27
122900069,165,792,-627
122900070,248,16,232
122900071,26,112,-86
122900072,7,115,-108
122900073,48,37,11
122900074,1283,76,1207
122900075,0,19,-19
122900076,0,39,-39
122900077,0,9,-9
122900078,246,11,235
122900080,20,26,-6
122900081,110,44,66
122900082,1017,34,983
122900083,23,43,-20
122900084,1,75,-74
122900086,3,76,-73
122900087,222,767,-545
122900088,15,139,-124
122900089,2,227,-225
122900090,1,43,-42
122900091,357,3,354
122900092,0,55,-55
122900093,0,36,-36
122900094,0,48,-48
122900095,164,13,151
122900096,399,25,374
122900097,15,16,-1
122900098,6,68,-62
122900099,84,52,32
122900100,22,510,-488
122900101,84,101,-17
122900102,16,57,-41
122900103,329,9,320
122900104,162,4,158
122900105,32,11,21
122900106,1,5,-4
122900107,2,11,-9
122900108,1,28,-27
123000001,480,289,191
123000002,1702,4382,-2680
123000003,2627,2040,587
123000004,1317,2223,-906
123000005,2078,1373,705
123000006,1287,1309,-22
123000007,2201,1291,910
123000008,1209,1976,-767
123000009,2423,2489,-66
123000010,1860,2199,-339
123000011,786,719,67
123000012,222,1214,-992
123000013,2521,557,1964
123000014,250,1671,-1421
123000015,1714,695,1019
123000016,1715,1745,-30
123000017,3911,1824,2087
123000018,148,44,104
123000019,511,14,497
123000020,279,7,272
123000021,247,261,-14
123000022,612,1140,-528
123000023,1811,1627,184
123000024,1124,544,580
123000025,1,65,-64
123000026,5,214,-209
123000027,6,422,-416
123000028,79,2854,-2775
123000029,83,1221,-1138
123000030,191,82,109
123000031,449,106,343
123000032,739,96,643
123000033,185,56,129
123000034,576,423,153
123000035,179,254,-75
123000036,46,518,-472
123000037,105,107,-2
123000038,56,166,-110
123000039,343,1063,-720
123000040,359,81,278
123000041,192,465,-273
123000042,237,277,-40
123000043,869,7433,-6564
123000044,2743,1074,1669
123000045,2071,890,1181
123000046,108,516,-408
123000047,285,574,-289
123000048,105,1476,-1371
123000049,2907,4906,-1999
123000050,1239,898,341
123000051,37,72,-35
123000052,445,1305,-860
123000053,1110,1270,-160
123000054,990,1359,-369
123000055,1422,2998,-1576
123000056,506,481,25
123000057,2486,2678,-192
123000058,226,825,-599
123000059,63,261,-198
123000060,600,194,406
123000061,134,280,-146
123000063,725,501,224
123000064,1017,108,909
123000065,1874,1718,156
123000066,152,200,-48
123000067,388,235,153
123000068,726,718,8
123000069,1825,541,1284
123000070,76,189,-113
123000071,1248,390,858
123000072,723,291,432
123000073,1350,423,927
123000074,438,347,91
123000075,103,888,-785
123000076,381,173,208
123000077,837,695,142
123000078,1504,439,1065
123000079,1570,721,849
123000080,1490,448,1042
123000081,162,150,12
123000082,115,444,-329
123000083,559,85,474
123000084,642,196,446
123000085,296,33,263
123000086,637,67,570
123000087,268,140,128
123000088,546,231,315
123000089,503,474,29
123000090,768,442,326
123000091,790,570,220
123000092,507,510,-3
123000094,441,97,344
123000095,543,319,224
123000096,769,108,661
123000097,333,149,184
123000098,553,131,422
123000099,451,156,295
123000100,134,499,-365
123000101,253,127,126
123000102,266,661,-395
123000104,177,174,3
123000105,268,66,202
123000106,349,172,177
123000107,207,66,141
123000108,322,465,-143
123000111,579,80,499
123000112,783,141,642
123000113,266,247,19
123000114,199,399,-200
123000115,190,217,-27
123000116,39,40,-1
123000117,1484,579,905
123000118,301,225,76
123000119,114,188,-74
123000120,139,177,-38
123000121,370,218,152
123000122,152,96,56
123000123,390,229,161
123000124,232,104,128
123000125,870,631,239
123000126,739,2398,-1659
123000127,257,273,-16
123000128,166,110,56
123000129,866,25,841
123000130,618,14,604
123000131,1174,387,787
123000132,138,188,-50
123000133,82,36,46
123000134,180,27,153
123000135,1505,380,1125
123000136,110,196,-86
123000137,86,109,-23
123000138,36,141,-105
123000139,469,47,422
123000140,31,168,-137
123000141,222,31,191
123000142,737,407,330
123000143,460,846,-386
123000144,2,32,-30
123000145,120,406,-286
123000146,11,171,-160
123000147,45,286,-241
123000149,109,210,-101
123000150,35,113,-78
123000151,75,235,-160
123000152,4,219,-215
123000153,20,592,-572
123000154,561,1366,-805
123000155,1113,1008,105
123000156,18,14,4
123000157,250,541,-291
123000158,198,484,-286
123000159,1136,2404,-1268
123000160,499,586,-87
123000161,880,891,-11
123000162,935,1122,-187
123000163,820,105,715
123000164,1986,111,1875
123000165,93,525,-432
123000166,24,46,-22
123000167,100,56,44
123000168,213,146,67
123000169,801,49,752
123000170,77,41,36
123000171,938,5,933
123000172,51,159,-108
123000173,449,125,324
123000174,390,229,161
123000175,168,326,-158
123000176,644,172,472
123000177,83,453,-370
123000178,709,132,577
123000179,5,382,-377
123000180,1197,139,1058
123000181,234,444,-210
123000182,208,106,102
123000183,126,256,-130
123000184,25,225,-200
123000185,710,335,375
123000186,6,167,-161
123000187,405,1,404
123000188,367,1,366
123000189,524,119,405
123000190,45,158,-113
123000192,3,187,-184
123000193,9,156,-147
123000194,176,129,47
123000195,260,4,256
123000196,373,20,353
123000197,85,88,-3
123000198,62,416,-354
123000199,26,277,-251
123000200,602,14,588
123000201,1108,31,1077
123000202,26,263,-237
123000203,879,31,848
123000204,57,399,-342
123000205,78,365,-287
123000206,2690,137,2553
123000207,49,336,-287
123000208,632,62,570
123000209,1326,242,1084
123000210,112,530,-418
123000211,179,616,-437
123000212,3470,218,3252
123000213,400,70,330
123000215,54,106,-52
123000216,179,601,-422
123000217,126,16,110
123000218,63,195,-132
123000219,427,55,372
123000220,333,58,275
123000221,94,37,57
123000222,386,154,232
123000223,540,146,394
123000224,401,158,243
123000225,188,18,170
123000226,165,107,58
123000227,58,64,-6
123000228,299,22,277
123000229,406,248,158
123000232,17,138,-121
123000233,742,52,690
123000234,81,158,-77
123000235,874,179,695
123000236,158,239,-81
123000237,408,77,331
123000238,28,112,-84
123000239,175,265,-90
123000240,31,402,-371
123000241,175,13,162
123000242,210,123,87
123000243,482,555,-73
123000244,473,213,260
123000245,1,34,-33
123000249,165,305,-140
123000252,540,139,401
123000253,1249,269,980
123000254,466,264,202
123000255,496,425,71
123000256,7,73,-66
123000257,783,566,217
123000258,439,281,158
123000259,385,247,138
123000260,428,95,333
123000261,238,81,157
123000262,41,31,10
123000263,352,13,339
123000264,168,53,115
123000265,2,12,-10
123000266,240,221,19
123000267,640,179,461
123000268,16,6,10
123000269,23,42,-19
123000270,25,44,-19
123000271,18,11,7
123000272,560,186,374
123000273,178,718,-540
123000274,1021,359,662
123000275,101,279,-178
123000278,818,1735,-917
123000279,72,26,46
123000280,201,143,58
123000281,208,65,143
123000282,51,111,-60
123000283,247,16,231
123000284,21,22,-1
123000286,49,205,-156
123000287,90,135,-45
123000288,518,837,-319
123000289,117,1013,-896
123000291,55,281,-226
123000294,143,143,0
123000295,768,1402,-634
123000296,672,724,-52
123000297,383,184,199
123000298,904,168,736
123000299,98,120,-22
123000300,762,296,466
123000301,97,163,-66
123000302,239,49,190
123000303,35,544,-509
123000305,226,313,-87
123000306,191,33,158
123000309,31,37,-6
123000310,86,6,80
123000311,1,201,-200
123000312,253,253,0
123000313,482,320,162
123000315,303,90,213
123000316,539,48,491
123000317,127,116,11
123000318,7,142,-135
123000329,2,2,0
123000337,191,562,-371
123000338,40,352,-312
123000339,324,27,297
123000340,37,146,-109
123000342,3,617,-614
123000343,99,8,91
123000344,224,130,94
123000345,91,210,-119
123000346,349,40,309
123000352,401,285,116
123000353,61,302,-241
123000354,409,1,408
123000355,0,766,-766
123000356,305,2,303
123000357,0,44,-44
123000359,0,43,-43
123000360,87,130,-43
123000361,550,105,445
123000362,352,26,326
123000363,150,41,109
123000364,322,218,104
123000365,11,179,-168
123000366,164,1251,-1087
123000367,143,213,-70
123000370,10,116,-106
123000371,513,8,505
123000372,233,4,229
123000373,0,69,-69
123000374,1,28,-27
123000375,357,34,323
123000376,740,436,304
123000377,738,7,731
123000378,6,93,-87
123000379,0,205,-205
123000380,4,68,-64
123000381,86,178,-92
123000382,554,90,464
123000383,29,193,-164
123000384,557,101,456
123000385,35,123,-88
123000436,151,1232,-1081
123000507,41,67,-26
123000508,84,975,-891
123000517,67,8,59
123000518,23,68,-45
123000519,86,15,71
123000520,17,66,-49
123000521,268,32,236
123000522,55,125,-70
123000541,14,3,11
123000542,0,0,0
123000565,455,15,440
123000566,522,336,186
123000567,239,145,94
123000573,1,23,-22
123000574,794,31,763
123000575,2275,55,2220
123000576,776,391,385
123000577,23,204,-181
123000578,354,102,252
123000579,655,3460,-2805
123000580,130,59,71
123000582,373,10,363
123000583,6,133,-127
123000584,124,58,66
123000585,0,8,-8
123000586,112,0,112
123000596,33,12,21
123000597,74,87,-13
123000602,64,21,43
123000603,1428,167,1261
123000604,493,58,435
123000605,508,110,398
123000606,0,127,-127
123000609,24,182,-158
123000610,19,20,-1
123000613,7,58,-51
123000614,283,30,253
123000615,13,39,-26
123000616,918,37,881
123000617,46,96,-50
123000618,4,220,-216
123000619,358,4,354
123000620,3,136,-133
123000622,527,6,521
123000624,206,5,201
123000630,1471,313,1158
123000631,106,333,-227
123000632,225,244,-19
123000633,1,234,-233
123000634,0,153,-153
123000635,19,52,-33
123000636,14,233,-219
123000637,129,84,45
123000638,454,17,437
123000639,676,4393,-3717
123000640,24,207,-183
123900001,786,57,729
123900002,21,710,-689
123900003,46,194,-148
123900005,171,175,-4
123900006,351,23,328
124000001,1372,119,1253
124000002,0,451,-451
124000003,1105,147,958
124000004,5,123,-118
124000005,955,1121,-166
124000006,80,181,-101
124000007,784,114,670
124000008,60,435,-375
124000009,631,358,273
124000010,172,471,-299
124000011,819,493,326
124000012,153,664,-511
124000017,146,85,61
124000018,32,13,19
124000019,154,23,131
124000020,6,16,-10
124000021,106,49,57
124000022,36,21,15
124000023,682,964,-282
124000024,617,184,433
124000025,692,886,-194
124000026,800,986,-186
124000027,2563,1600,963
124000028,1259,3909,-2650
124000030,958,522,436
124000031,839,6848,-6009
124000032,890,258,632
124000033,134,300,-166
124000034,1088,568,520
124000035,18,202,-184
124000036,5,322,-317
124000037,75,457,-382
124000038,0,31,-31
124000039,184,77,107
124000040,93,283,-190
124000041,551,39,512
124000042,172,104,68
124000043,83,29,54
124000044,36,37,-1
124000045,1020,96,924
124000046,113,221,-108
124000047,1788,191,1597
124000048,499,204,295
124000049,1475,198,1277
124000050,361,449,-88
124000051,1205,169,1036
124000052,342,308,34
124000053,426,1429,-1003
124000054,419,142,277
124000055,693,2763,-2070
124000056,828,318,510
124000057,1168,198,970
124000058,252,400,-148
124000059,847,696,151
124000060,278,450,-172
124000061,650,3609,-2959
124000062,1202,608,594
124000063,906,414,492
124000064,859,547,312
124000065,81,206,-125
124000066,650,92,558
124000067,157,467,-310
124000068,0,0,0
124000069,162,118,44
124000070,0,0,0
124000071,99,86,13
124000072,65,195,-130
124000073,619,54,565
124000074,89,121,-32
124000075,450,23,427
124000076,0,0,0
124000077,148,674,-526
124000078,579,490,89
124000079,47,632,-585
124000080,720,61,659
124000081,102,163,-61
124000082,58,95,-37
124000083,33,45,-12
124000084,11,420,-409
124000085,14,19,-5
124000086,21,264,-243
124000087,29,126,-97
124000088,76,179,-103
124000089,405,62,343
124000090,83,94,-11
124000091,357,25,332
124000092,142,153,-11
124000093,100,101,-1
124000094,74,209,-135
124000095,149,30,119
124000096,89,49,40
124000097,108,76,32
124000098,126,62,64
124000099,118,63,55
124000100,50,47,3
124000101,127,107,20
124000102,86,19,67
124000103,152,38,114
124000104,107,39,68
124000105,90,48,42
124000106,54,30,24
124000107,19,158,-139
124000108,11,12,-1
124000109,140,52,88
124000110,78,34,44
124000111,167,48,119
124000112,696,315,381
124000113,133,78,55
124000114,345,234,111
124000115,324,518,-194
124000116,45,122,-77
124000117,30,36,-6
124000118,15,47,-32
124000119,557,231,326
124000120,314,138,176
124000121,478,395,83
124000122,284,1123,-839
124000123,385,141,244
124000124,334,274,60
124000125,281,107,174
124000126,208,152,56
124000127,797,138,659
124000128,496,292,204
124000129,890,578,312
124000130,198,165,33
124000131,453,219,234
124000132,251,218,33
124000133,938,458,480
124000134,447,225,222
124000135,1079,1074,5
124000136,144,310,-166
124000137,394,524,-130
124000138,305,590,-285
124000139,267,18,249
124000140,7,298,-291
124000141,16,107,-91
124000142,1,1008,-1007
124000143,63,20,43
124000144,5,177,-172
124000145,166,42,124
124000146,15,64,-49
124000148,11,52,-41
124000149,648,171,477
124000150,224,379,-155
124000151,863,365,498
124000152,316,463,-147
124000153,898,787,111
124000154,539,378,161
124000155,498,301,197
124000156,363,447,-84
124000169,63,219,-156
124000170,169,144,25
124000171,219,177,42
124000172,96,194,-98
124000173,456,110,346
124000174,348,194,154
124000175,0,0,0
124000176,88,15,73
124000177,0,0,0
124000178,49,86,-37
124000190,9,43,-34
124000191,32,97,-65
124000192,666,405,261
124000193,55,1500,-1445
124000194,83,217,-134
124000195,234,263,-29
124000196,326,360,-34
124000197,30,6,24
124000198,54,46,8
124000201,19,486,-467
124000202,504,18,486
124000203,617,101,516
124000204,1331,31,1300
124000205,117,30,87
124000206,1187,194,993
124000207,0,44,-44
124000209,180,36,144
124000210,1104,225,879
124000211,1093,3,1090
124000212,0,101,-101
124000213,702,61,641
124000214,622,39,583
124000215,657,29,628
124000216,1,390,-389
124000329,9,357,-348
124000338,1,236,-235
124000339,2018,14,2004
124000341,2263,13,2250
124000344,72,46,26
124000357,873,1809,-936
124000358,577,1348,-771
124000359,1114,437,677
124000360,1209,391,818
124000361,1526,1012,514
124000362,866,1824,-958
124000363,247,186,61
124000364,374,632,-258
124000365,340,523,-183
124000366,831,583,248
124000367,5,123,-118
124000368,279,702,-423
124000369,56,66,-10
124000370,17,602,-585
124000402,9,10,-1
124000403,130,8,122
124000404,6,29,-23
124000405,470,222,248
124000406,264,123,141
124000407,0,16,-16
124000411,3,78,-75
124000412,372,0,372
124000413,26,52,-26
124000414,152,44,108
124000415,42,45,-3
124000416,144,91,53
124000417,194,33,161
124000418,244,9,235
124000419,133,29,104
124000420,191,10,181
124000421,72,51,21
124000422,24,13,11
124000423,69,21,48
124000424,2,111,-109
124000425,24,23,1
124000426,3,304,-301
124000427,15,6,9
124000428,2,123,-121
124000429,110,23,87
124000430,616,228,388
124000431,278,142,136
124000432,289,665,-376
124000439,13,19,-6
124000442,0,0,0
124000443,0,0,0
124000445,18,661,-643
124000446,376,98,278
124900001,507,44,463
124900002,113,59,54
124900003,579,126,453
124900004,441,80,361
124900005,159,28,131
124900006,412,74,338
124900008,131,186,-55
124900009,8,329,-321
124900010,188,61,127
124900011,586,118,468
124900012,205,52,153
124900013,454,24,430
124900014,313,62,251
124900015,106,325,-219
124900016,102,147,-45
124900017,1102,2785,-1683
124900018,118,4,114
124900020,132,15,117
124900021,280,8,272
124900022,60,1,59
124900024,360,1,359
124900026,39,17,22
124900027,42,76,-34
124900028,217,15,202
124900029,6,241,-235
124900030,2,17,-15
124900031,23,126,-103
124900032,98,42,56
124900033,35,34,1
124900034,26,54,-28
124900035,37,41,-4
124900036,2,59,-57
124900037,51,58,-7
124900038,120,67,53
124900039,1,32,-31
124900040,23,121,-98
124900041,200,115,85
124900042,6,0,6
124900043,229,133,96
124900044,27,0,27
124900045,113,253,-140
124900046,214,35,179
124900047,9,43,-34
124900048,291,38,253
124900050,162,39,123
124900052,31,67,-36
124900053,70,84,-14
124900054,307,67,240
124900055,0,3,-3
124900057,0,0,0
124900060,1,47,-46
124900061,135,0,135
124900062,136,2,134
124900066,0,0,0
124900067,0,0,0
124900068,48,469,-421
124900070,7,3,4
124900072,239,87,152
124900074,440,840,-400
124900075,178,75,103
124900076,35,600,-565
124900077,65,30,35
124900078,46,3,43
124900079,134,34,100
124900080,198,76,122
124900081,685,33,652
124900082,201,103,98
124900083,207,108,99
124900084,419,34,385
124900085,159,139,20
124900086,7,278,-271
124900087,66,27,39
124900088,47,17,30
124900089,198,6,192
124900090,517,77,440
124900091,116,71,45
124900092,137,49,88
124900093,522,54,468
124900094,654,51,603
124900095,77,452,-375
124900096,167,46,121
124900097,456,25,431
124900098,44,132,-88
124900099,75,196,-121
124900100,199,5,194
124900101,99,28,71
124900102,302,1,301
124900103,50,52,-2
124900104,20,32,-12
124900105,29,9,20
124900106,203,28,175
124900107,202,6,196
124900108,108,33,75
124900109,22,63,-41
124900110,223,96,127
124900111,0,4,-4
124900112,63,83,-20
124900113,9,45,-36
124900114,1,13,-12
124900115,1,5,-4
124900116,203,148,55
124900117,62,114,-52
124900118,21,291,-270
124900119,167,119,48
124900120,2,41,-39
124900121,4,249,-245
124900122,60,36,24
124900123,50,41,9
124900124,4,54,-50
129000186,97,275,-178
204000001,28,6,22
204000002,8,12,-4
204000003,27,3,24
204000004,3,1,2
204000005,382,169,213
204000006,931,835,96
204000011,0,0,0
204000012,1,8,-7
204000013,1,2,-1
204000019,972,241,731
204000020,574,161,413
204000021,502,569,-67
204000022,1018,376,642
204000023,120,329,-209
204000031,21,12,9
204000032,138,58,80
204000034,1,24,-23
204000035,0,10,-10
204000036,0,6,-6
204000037,0,11,-11
204000038,0,17,-17
204000039,18,38,-20
204000040,1,26,-25
204000041,0,24,-24
204000042,26,14,12
204000043,16,16,0
204000044,60,9,51
204000045,60,1,59
204000046,48,2,46
204000057,2,36,-34
204000062,1,49,-48
204000068,12,55,-43
204000069,11,74,-63
204000070,95,26,69
204000080,25,10,15
204000085,396,287,109
204000086,404,567,-163
204000087,37,1,36
204000088,0,0,0
204000090,1,17,-16
204000093,524,47,477
204000096,949,276,673
204000097,504,13,491
204000099,716,1327,-611
204000100,1433,541,892
204000105,289,110,179
204000110,136,324,-188
204000111,86,250,-164
204000112,134,180,-46
204000113,120,229,-109
204000114,789,711,78
204000115,570,202,368
204000116,339,139,200
204000119,2105,579,1526
204000132,454,400,54
204000133,622,77,545
204000134,125,48,77
204000135,470,24,446
204000136,472,123,349
204000138,235,624,-389
204000140,214,76,138
204000141,121,37,84
204000144,1,28,-27
204000145,373,11,362
204000146,2,8,-6
204000147,3,42,-39
204000148,84,49,35
204000154,13,1,12
204000155,1,27,-26
204000177,45,40,5
204000179,10,27,-17
204000180,0,4,-4
204000222,12,26,-14
204000235,16,6,10
204000236,31,23,8
204000238,16,21,-5
204000240,242,22,220
204000263,93,136,-43
204000268,404,137,267
204000308,39,7,32
204000317,1,29,-28
204000322,12,33,-21
204000323,14,8,6
204000328,262,14,248
204000329,19,38,-19
204000330,166,77,89
204000331,0,0,0
204010341,13,161,-148
205000001,131,235,-104
205000013,1,4,-3
205000014,2,2,0
205000015,5,12,-7
205000016,5,29,-24
205000017,12,10,2
205000022,57,125,-68
205000025,178,129,49
205000029,510,4,506
205000045,52,49,3
205000046,32,29,3
205000047,36,32,4
205000048,142,48,94
205000049,32,54,-22
205000050,113,18,95
205000059,0,25,-25
205000060,0,20,-20
205000061,1,59,-58
205000062,0,33,-33
205000063,5,109,-104
205000064,7,42,-35
205000065,18,165,-147
205000066,55,72,-17
205000067,33,169,-136
205000069,104,11,93
205000082,47,110,-63
205000110,12,23,-11
205000111,37,22,15
205000112,62,71,-9
205000113,30,52,-22
205000121,113,57,56
205000123,14,20,-6
205000126,450,103,347
205000127,451,51,400
205000128,275,60,215
205000129,494,54,440
205000130,460,20,440
205000131,19,10,9
205000132,28,10,18
205000133,49,6,43
205000134,235,0,235
205000137,9,10,-1
205000138,17,39,-22
205000139,8,23,-15
205000144,30,24,6
205000145,159,50,109
205000151,55,36,19
205000152,101,42,59
205000153,142,63,79
205000154,37,42,-5
205000155,42,30,12
205000207,0,0,0
205000233,11,1,10
205000234,0,0,0
205000243,0,0,0
205000244,0,13,-13
205000245,1,17,-16
205000249,1,7,-6
205000250,1,0,1
205000264,0,20,-20
206000027,1,16,-15
206000028,5,8,-3
206000043,5,36,-31
206000053,0,0,0
206000054,0,1,-1
206000055,0,2,-2
206000075,8,22,-14
206000076,19,4,15
206000077,38,0,38
206000078,23,0,23
206000079,25,5,20
206000082,269,94,175
206000100,5,174,-169
206000103,0,0,0
206000104,0,0,0
206000105,0,0,0
206000106,0,0,0
206000108,578,48,530
206000125,136,0,136
206000157,2,56,-54
206000170,1,177,-176
206000171,4,152,-148
206000172,21,94,-73
206000173,0,36,-36
206000174,6,19,-13
206000175,2,30,-28
206000176,20,42,-22
206000177,0,29,-29
206000178,0,96,-96
206000179,0,42,-42
206000180,2,31,-29
206000181,2,34,-32
206000182,4,50,-46
206000183,6,75,-69
206000184,0,41,-41
206000185,1,33,-32
206000186,13,209,-196
206000223,1,74,-73
206000226,54,1,53
206000227,33,1,32
206000237,10,71,-61
206000238,5,140,-135
206000239,70,606,-536
206000240,0,0,0
206000241,0,100,-100
206000242,2,64,-62
206000243,1,38,-37
206000244,17,65,-48
206000245,2374,16,2358
206000246,737,4,733
206000247,883,2,881
206000248,876,3,873
206000252,32,70,-38
206000258,0,0,0
206000315,20,5,15
206000317,612,197,415
206000318,661,71,590
206000319,3508,74,3434
206000320,1106,28,1078
206000321,1435,3,1432
206000322,1716,11,1705
206000323,499,0,499
206000324,677,1,676
206000325,383,10,373
206000326,490,21,469
206000327,19,8,11
206000328,428,2,426
206000329,857,4,853
206000330,174,2,172
206000331,464,1,463
206000332,138,0,138
206000333,1787,1,1786
206000334,976,0,976
206000335,0,16,-16
206000361,0,21,-21
206000392,0,3,-3
206000405,210,1,209
206000441,135,33,102
206000498,38,3,35
206000515,57,43,14
206000530,474,25,449
206000531,266,195,71
206000532,876,148,728
206000535,55,742,-687
206000536,2,76,-74
206000537,4,89,-85
206000613,1067,334,733
207000001,17,130,-113
207000002,17,96,-79
207000003,30,88,-58
207000007,1606,121,1485
207000008,414,6,408
207000009,67,4,63
207000010,63,141,-78
207000012,506,54,452
207000015,34,303,-269
207000019,292,18,274
207000021,245,159,86
207000022,180,112,68
207000023,222,29,193
207000024,2,8,-6
207000025,17,58,-41
207000026,0,0,0
207000027,0,0,0
207000028,1,37,-36
207000029,3,88,-85
207000033,200,173,27
207000034,231,31,200
207000039,823,25,798
207000040,900,14,886
207000041,224,9,215
207000042,524,18,506
207000043,291,107,184
207000051,7,13,-6
207000052,0,15,-15
207000053,91,220,-129
207000054,12,56,-44
207000055,22,32,-10
207000056,63,151,-88
207000057,38,78,-40
207000058,19,116,-97
207000059,40,149,-109
207000060,41,197,-156
207000061,86,902,-816
207000062,581,38,543
207000063,566,32,534
207000064,452,34,418
207000065,255,63,192
207000066,471,93,378
207000067,92,22,70
207000068,165,21,144
207000069,709,164,545
207000082,7,98,-91
207000083,26,135,-109
207000084,452,110,342
207000085,354,46,308
207000086,663,8,655
207000106,149,9,140
207000107,180,6,174
207000108,157,4,153
207000109,86,3,83
207000110,43,14,29
207000111,84,20,64
207000112,51,312,-261
207000114,0,0,0
207000115,0,0,0
207000116,0,0,0
207000117,0,3,-3
207000118,0,3,-3
207000119,0,0,0
207000123,279,4,275
207000124,109,11,98
207000125,91,3,88
207000126,95,2,93
207000134,238,77,161
207000135,53,144,-91
207000148,126,177,-51
207000149,0,0,0
207000152,11,145,-134
207000153,30,329,-299
207000154,278,92,186
207000159,5,7,-2
207000160,2,24,-22
207000238,0,0,0
207000242,0,0,0
207000248,0,0,0
207000249,0,0,0
207000250,0,0,0
207000251,0,0,0
207000252,0,0,0
207000278,119,48,71
207000279,0,32,-32
207000280,1039,25,1014
207000281,74,305,-231
207000282,64,459,-395
207000283,12,107,-95
207000284,53,1216,-1163
207000285,59,74,-15
207000291,0,1,-1
207000304,52,28,24
207000306,13,192,-179
207000310,173,78,95
207000353,48,1,47
207000356,0,11,-11
207000357,0,20,-20
207000358,2,11,-9
207000415,0,0,0
207000417,32,0,32
207000418,36,40,-4
207000438,0,3,-3
207000439,234,108,126
207000446,63,2,61
207000460,123,11,112
207000466,0,5,-5
207000467,595,17,578
207000468,3,11,-8
207000476,1,17,-16
207000477,278,37,241
207000478,0,16,-16
207000523,0,0,0
207000524,24,4,20
207000527,246,42,204
207000530,264,2,262
207000531,139,1,138
207000532,54,15,39
207000534,126,23,103
207000535,0,0,0
207000537,0,0,0
207000540,0,0,0
207000541,0,0,0
207000548,0,0,0
207000549,180,6,174
207000561,124,57,67
207000562,0,0,0
207000567,17,89,-72
207000568,215,33,182
207000569,714,90,624
207000584,0,0,0
207000585,14,57,-43
207000616,0,29,-29
207000617,234,2,232
207900008,688,64,624
208000001,415,565,-150
208000002,515,501,14
208000003,537,244,293
208000004,542,300,242
208000005,0,0,0
208000019,878,178,700
208000020,251,105,146
208000021,206,224,-18
208000022,389,122,267
208000028,486,1202,-716
208000033,217,87,130
208000034,279,564,-285
208000040,216,70,146
208000041,552,313,239
208000042,992,297,695
208000047,110,129,-19
208000064,1319,1177,142
208000066,833,728,105
208000070,520,330,190
208000071,608,225,383
208000072,699,291,408
208000080,177,228,-51
208000081,277,64,213
208000082,77,47,30
208000083,100,48,52
208000084,0,49,-49
208000085,247,103,144
208000086,227,198,29
208000087,262,322,-60
208000089,607,89,518
208000090,411,254,157
208000093,14,87,-73
208000094,142,196,-54
208000095,476,363,113
208000104,1253,301,952
208000105,577,354,223
208000114,31,295,-264
208000115,462,179,283
208000116,1076,983,93
208000117,7,71,-64
208000118,85,172,-87
208000155,277,418,-141
208000158,750,1393,-643
208000186,625,1120,-495
208000204,429,667,-238
208000205,816,431,385
208000282,529,446,83
209000004,541,111,430
209000005,67,32,35
209000006,375,146,229
209000007,322,322,0
209000010,0,0,0
209000011,0,0,0
209000012,10,38,-28
209000013,15,29,-14
209000014,27,47,-20
209000025,598,42,556
209000026,1385,95,1290
209000027,69,53,16
209000028,29,48,-19
209000029,54,55,-1
209000030,34,63,-29
209000031,296,175,121
209000034,147,164,-17
209000035,219,122,97
209000036,346,74,272
209000037,470,83,387
209000038,327,50,277
209000039,86,80,6
209000040,224,197,27
209000041,177,133,44
209000042,217,83,134
209000043,296,207,89
209000044,384,301,83
209000045,415,121,294
209000046,404,170,234
209000047,247,78,169
209000048,364,419,-55
209000049,22,19,3
209000050,111,44,67
209000051,57,21,36
209000052,32,33,-1
209000062,0,0,0
209000063,2,1,1
209000064,8,4,4
209000065,247,20,227
209000066,184,19,165
209000067,158,27,131
209000080,5,23,-18
209000082,113,51,62
209000091,0,0,0
209000093,0,0,0
209000094,0,0,0
209000110,73,58,15
209000111,496,1836,-1340
209000112,1393,328,1065
209000113,2111,311,1800
209000114,1058,326,732
209000115,7,15,-8
209000116,58,81,-23
209000118,0,64,-64
209000119,0,0,0
209000121,6,85,-79
209000135,99,28,71
209000142,803,1813,-1010
209000143,0,0,0
209000144,44,173,-129
209000229,128,45,83
209000240,15,17,-2
209000259,1,5,-4
209000260,12,241,-229
209000261,4,303,-299
209000262,2,241,-239
209000263,0,77,-77
209000264,0,73,-73
209000265,287,4,283
209000266,92,0,92
209000267,1155,5,1150
209000268,257,53,204
210000037,159,23,136
210000047,46,5,41
210000048,82,19,63
210000049,56,1,55
210000052,21,3,18
210000053,6,5,1
210000054,6,5,1
210000070,114,6,108
210000071,141,1,140
210000072,31,0,31
210000073,0,0,0
210000074,0,0,0
210000075,0,0,0
210000076,0,5,-5
210000077,0,18,-18
210000078,2,59,-57
210000079,19,32,-13
210000080,40,135,-95
210000081,59,2,57
210000082,22,2,20
210000083,23,0,23
210000084,73,0,73
210000085,0,2,-2
210000086,0,0,0
210000099,0,5,-5
210000100,13,9,4
210000101,3,11,-8
210000105,0,33,-33
210000159,0,7,-7
210000163,8,24,-16
210000164,364,95,269
210000168,196,21,175
210000187,0,0,0
210000188,0,0,0
210000214,19,0,19
210000219,196,44,152
210000220,156,22,134
210000232,0,1,-1
210000233,2,0,2
210000234,2,1,1
210000235,4,5,-1
210000245,0,0,0
210000246,13,0,13
210000258,3,1,2
210000259,190,28,162
210000282,0,3,-3
210000285,0,3,-3
210000286,0,7,-7
210000290,0,1,-1
210000295,3,35,-32
210000296,11,2,9
210000320,250,21,229
210000321,128,23,105
210000338,19,23,-4
210000339,14,64,-50
210000340,3,10,-7
210000341,33,15,18
210000342,57,14,43
210000343,33,36,-3
210000344,10,12,-2
210000345,7,25,-18
210000346,7,25,-18
210000347,2,15,-13
210000348,15,20,-5
210000349,7,14,-7
210000350,24,16,8
210000351,59,11,48
210000352,50,26,24
210000353,50,41,9
210000354,27,32,-5
210000355,39,84,-45
210000356,40,91,-51
210000357,17,111,-94
210000358,196,201,-5
210000359,92,137,-45
210000360,160,149,11
210000361,215,116,99
210000362,312,98,214
210000363,519,106,413
210000364,193,71,122
210000365,193,13,180
210000366,240,39,201
210000367,80,5,75
210000368,123,23,100
210000369,45,44,1
210000370,143,30,113
210000372,32,19,13
210000373,9,20,-11
210000374,70,27,43
210000375,19,27,-8
210000376,36,104,-68
210000404,4,8,-4
210000439,50,17,33
210000472,21,1,20
210000482,116,74,42
210000564,280,123,157
210000567,4,25,-21
210000568,208,1,207
211000092,31,32,-1
211000094,39,10,29
211000169,260,3,257
211000172,21,118,-97
211000209,0,43,-43
211000226,7,3,4
211000270,32,4,28
211000275,62,11,51
211000276,177,9,168
211000279,33,10,23
211000281,106,19,87
211507980,1,63,-62
211977296,29,1,28
212000003,234,73,161
212000004,1,30,-29
212000005,1,41,-40
212000006,2,60,-58
212000008,40,50,-10
212000009,9,27,-18
212000012,12,7,5
212000013,2,1,1
212000014,72,18,54
212000015,91,62,29
212000016,115,157,-42
212000027,506,200,306
212000028,356,188,168
212000029,205,204,1
212000030,33,24,9
212000031,29,25,4
212000048,4,133,-129
212000049,1,84,-83
212000050,3,4,-1
212000051,118,20,98
212000052,67,30,37
212000053,63,67,-4
212000054,579,45,534
212000055,573,65,508
212000056,21,39,-18
212000057,31,28,3
212000058,172,49,123
212000070,85,33,52
212000077,66,63,3
212000099,488,98,390
212000108,294,169,125
212000111,416,46,370
212000120,29,61,-32
212000138,18,3,15
212000156,0,19,-19
212000158,3,73,-70
212000159,622,39,583
212000160,693,64,629
212000161,174,4,170
212000310,12,1,11
212000311,13,45,-32
212000374,5,4,1
213000001,5,185,-180
213000005,548,32,516
213000006,661,114,547
213000007,65,6,59
213000009,152,78,74
213000010,240,35,205
213000011,183,14,169
213000012,216,153,63
213000014,56,10,46
213000015,202,2,200
213000016,221,6,215
213000017,49,0,49
213000018,0,23,-23
213000019,0,22,-22
213000020,80,49,31
213000021,2,24,-22
213000023,317,136,181
213000033,254,529,-275
213000034,418,91,327
213000035,128,246,-118
213000045,92,133,-41
213000046,69,60,9
213000047,86,510,-424
213000056,145,11,134
213000069,47,1,46
213000073,2,104,-102
213000074,109,233,-124
213000075,387,2,385
213000076,5,0,5
213000085,1,5,-4
213000086,1,25,-24
213000091,237,3,234
213000092,26,3,23
213000099,99,592,-493
213000100,468,139,329
213000101,509,50,459
213000102,542,104,438
213000103,236,205,31
213000104,23,171,-148
213000105,31,781,-750
213000106,12,86,-74
213000107,99,222,-123
213000108,9,184,-175
213000109,5,134,-129
213000110,6,64,-58
213000111,4,80,-76
213000112,39,240,-201
213000115,16,1,15
213000116,22,161,-139
213000117,1,143,-142
213000118,957,224,733
213000119,17,227,-210
213000120,32,130,-98
213000122,73,294,-221
213000123,28,318,-290
213000124,69,401,-332
213000125,180,23,157
213000126,16,40,-24
213000127,7,68,-61
213000128,54,308,-254
213000129,197,843,-646
213000130,1033,307,726
213000132,888,92,796
213000133,813,62,751
213000134,901,12,889
213000136,507,21,486
213000137,499,35,464
213000139,130,20,110
213000147,7,4,3
213000148,20,26,-6
213000149,2,6,-4
213000150,0,208,-208
213000151,1,177,-176
213000152,1,153,-152
213000153,1,185,-184
213000154,44,170,-126
213000155,50,116,-66
213000156,93,194,-101
213000157,860,175,685
213000158,373,294,79
213000159,785,164,621
213000163,1858,118,1740
213000165,524,131,393
213000171,0,7,-7
213000172,0,27,-27
213000173,1,22,-21
213000174,0,9,-9
213000175,1,12,-11
213000176,135,11,124
213000177,177,1,176
213000178,366,2,364
213000179,295,2,293
213000180,523,1,522
213000184,26,187,-161
213000188,667,51,616
213000189,750,20,730
213000190,693,127,566
213000191,652,72,580
213000192,220,65,155
213000193,178,136,42
213000194,0,152,-152
213000195,33,222,-189
213000196,210,556,-346
213000197,472,342,130
213000198,2,0,2
213000200,107,255,-148
213000201,4,69,-65
213000202,4,175,-171
213000203,977,180,797
213000204,915,14,901
213000205,477,11,466
213000206,394,24,370
213000207,40,5,35
213000208,28,3,25
213000209,60,0,60
213000210,137,0,137
213000211,5,28,-23
213000212,1,56,-55
213000213,7,55,-48
213000218,282,362,-80
213000219,1047,6,1041
213000220,993,5,988
213000223,155,126,29
213000224,4,56,-52
213000225,43,11,32
213000226,36,9,27
213000227,1222,62,1160
213000228,568,16,552
213000229,118,32,86
213000230,404,4,400
213000232,49,977,-928
213000233,7,88,-81
213000234,0,4,-4
213000293,2,212,-210
213000294,50,9,41
213000295,7,113,-106
213000296,123,34,89
213000297,4,13,-9
213000298,1,53,-52
213000299,33,26,7
213000300,3,14,-11
213000303,1,14,-13
213000304,0,16,-16
213000305,0,17,-17
213000306,9,28,-19
213000307,43,92,-49
213000308,20,48,-28
213000309,116,11,105
213000310,122,57,65
213000311,27,405,-378
213000315,18,32,-14
213000316,268,49,219
213000322,94,61,33
213000323,178,17,161
213000324,87,15,72
213000325,83,25,58
213000326,159,20,139
213000327,96,34,62
213000328,58,91,-33
213000329,52,20,32
213000340,47,267,-220
213000341,1025,18,1007
213000347,138,346,-208
213000348,3,99,-96
213000349,1,34,-33
213000350,217,282,-65
213000366,41,150,-109
213000367,331,5,326
213000379,41,43,-2
213000386,15,195,-180
213000406,121,197,-76
213000417,1472,285,1187
213000425,295,32,263
213000426,250,15,235
213000427,81,68,13
213000428,54,29,25
213000429,3,7,-4
213000430,21,62,-41
213000431,5,6,-1
213000432,1,322,-321
213000433,29,37,-8
213000434,183,44,139
213000435,91,19,72
213000436,61,14,47
213000437,4,28,-24
213000438,79,28,51
213000439,55,18,37
213000440,8,105,-97
213000441,0,4,-4
213000442,11,21,-10
213000443,229,340,-111
213000444,67,11,56
213000445,0,95,-95
213000446,1,290,-289
213000447,1,54,-53
213000448,12,94,-82
213000449,862,9,853
213000450,33,2,31
213000451,367,43,324
213000452,18,3,15
213000453,3,24,-21
213000455,109,31,78
213000456,0,139,-139
213000481,13,6,7
213000484,32,0,32
213000489,90,16,74
213900002,0,362,-362
213900003,72,47,25
213900013,0,64,-64
213900015,0,2,-2
213900016,24,0,24
213900020,4,71,-67
213900030,0,46,-46
213900032,26,42,-16
213900033,139,5,134
213900034,530,19,511
213900035,124,189,-65
213900036,60,76,-16
213900037,15,219,-204
213900038,422,75,347
213900039,0,13,-13
213900041,3,294,-291
213900042,79,236,-157
213900043,353,32,321
213900244,76,0,76
213900245,0,2,-2
218000003,78,13,65
218000004,24,14,10
218000005,7,27,-20
218000006,36,15,21
218000007,13,12,1
218000012,60,135,-75
218000013,62,62,0
218000014,145,45,100
218000019,355,169,186
218000020,165,154,11
218000021,16,15,1
218000022,10,6,4
218000023,0,13,-13
218000024,1,7,-6
218000025,3,7,-4
218000026,8,17,-9
218000027,2,2,0
218000028,15,1,14
218000029,0,1,-1
218000030,30,3,27
218000031,7,10,-3
218000032,1,4,-3
218000040,7,14,-7
218000046,115,101,14
218000047,3,98,-95
218000048,108,102,6
218000049,58,106,-48
218000050,404,132,272
218000051,138,138,0
218000052,0,36,-36
218000053,0,7,-7
218000054,11,30,-19
218000055,5,30,-25
218000056,26,55,-29
218000057,14,54,-40
218000064,0,1,-1
218000065,31,5,26
218000066,6,48,-42
218000067,98,40,58
218000068,128,51,77
218000069,399,39,360
218000070,252,164,88
218000071,192,97,95
218000072,95,76,19
218000078,566,220,346
218000079,306,34,272
218000080,200,30,170
218000081,728,33,695
218000082,207,12,195
218000083,8,30,-22
218000084,39,55,-16
218000085,60,26,34
218000086,30,30,0
218000087,49,19,30
218000090,32,140,-108
218000091,1084,401,683
218000092,176,48,128
218000093,48,28,20
218000094,315,155,160
218000099,116,103,13
218000100,160,37,123
218000101,112,25,87
218000102,217,48,169
218000103,35,30,5
218000104,18,10,8
218000105,16,13,3
218000106,32,8,24
218000107,71,40,31
218000108,0,23,-23
218000112,16,15,1
218000117,58,55,3
218000134,239,145,94
218000135,9,72,-63
218000136,102,148,-46
218000137,54,61,-7
218000138,67,34,33
218000139,130,217,-87
218000140,395,128,267
218000141,64,39,25
218000142,132,68,64
218000143,33,135,-102
218000144,22,121,-99
218000145,555,172,383
218000146,85,55,30
218000151,3,56,-53
218000152,51,34,17
218000153,3,11,-8
218000154,22,3,19
218000155,54,0,54
218000156,150,4,146
218000157,88,8,80
218000158,19,0,19
218000159,12,8,4
218000160,9,1,8
218000161,87,5,82
218000162,145,3,142
218000163,60,2,58
218000164,116,6,110
218000165,227,29,198
218000170,2,37,-35
218000171,71,10,61
218000172,1,12,-11
218000173,21,8,13
218000174,29,10,19
218000176,347,37,310
218000177,618,49,569
218000178,164,42,122
218000179,262,65,197
218000180,116,8,108
218000181,410,37,373
218000187,3,12,-9
218000188,3,7,-4
218000189,3,43,-40
218000190,4,8,-4
218000191,24,2,22
218000192,94,30,64
218000193,145,83,62
218000194,43,78,-35
218000195,156,48,108
218000196,310,90,220
218000197,681,68,613
218000198,127,25,102
218000199,21,1,20
218000200,70,9,61
218000201,5,3,2
218000202,7,174,-167
218000207,5,10,-5
218000208,4,58,-54
218000211,33,4,29
218000212,1,2,-1
218000213,218,210,8
218000214,5,69,-64
218000215,79,99,-20
218000217,2,34,-32
218000218,379,128,251
218000219,1,37,-36
218000220,69,401,-332
218000221,607,333,274
218000222,0,56,-56
218000223,51,607,-556
218000224,5,265,-260
218000225,251,31,220
218000226,472,66,406
218000230,0,8,-8
218000232,57,29,28
218000239,98,0,98
218000240,6,1,5
218000241,3,0,3
218000242,2,0,2
218000243,1,0,1
218000244,15,2,13
218000245,6,3,3
218000246,0,8,-8
218000247,0,0,0
218000248,0,28,-28
218000249,0,1,-1
218000250,0,3,-3
218000251,3,26,-23
218000252,1,41,-40
218000253,0,7,-7
218000254,0,6,-6
218000255,1,13,-12
218000256,15,32,-17
218000267,331,413,-82
218000268,1,15,-14
218000269,1,4,-3
218000270,19,5,14
218000271,9,4,5
218000273,44,2,42
218000274,15,1,14
218000275,68,69,-1
218000276,35,21,14
218000278,18,26,-8
218000279,52,3,49
218000280,1,7,-6
218000281,3,9,-6
218000282,390,506,-116
218000284,19,8,11
218000301,12,83,-71
218000302,29,29,0
218000303,12,61,-49
218000316,1294,351,943
218000317,2360,259,2101
218000318,1270,172,1098
218000319,472,208,264
218000320,363,147,216
218000338,40,31,9
218000345,191,12,179
218000346,31,131,-100
218000459,57,195,-138
218000490,1,23,-22
218000501,75,16,59
218000502,46,14,32
218000503,121,7,114
218000504,39,7,32
218000505,12,21,-9
218000506,6,75,-69
218000508,1,1,0
218000510,34,18,16
218000520,110,82,28
218000521,2,10,-8
218000522,8,205,-197
218000523,142,0,142
218000524,0,170,-170
218000525,57,12,45
218000526,2,168,-166
218000529,10,44,-34
218000530,51,6,45
218000531,3,16,-13
218000532,45,15,30
218000534,397,8,389
218000537,5,101,-96
218000538,38,139,-101
218000540,58,103,-45
218000543,154,11,143
218000544,13,8,5
218000545,185,63,122
218000546,27,15,12
218000547,141,149,-8
218000548,44,91,-47
218000549,794,78,716
218000550,88,140,-52
218000551,52,240,-188
218000552,243,36,207
218000553,26,33,-7
218000554,1,4,-3
218000555,7,30,-23
218000556,72,19,53
218000557,626,63,563
218000558,31,0,31
218000559,1,68,-67
218000560,0,41,-41
218000561,5,0,5
218000562,1,115,-114
218000563,48,24,24
218000564,0,123,-123
218000565,54,34,20
218000566,80,28,52
218000567,2,89,-87
218000568,1,0,1
218000569,3,112,-109
218000570,34,16,18
218000571,0,68,-68
218000572,20,0,20
218000573,0,144,-144
218000574,17,16,1
218000575,52,0,52
218000576,0,117,-117
218000577,36,0,36
218000578,0,82,-82
218000579,8,2,6
218000581,5,60,-55
218000582,127,1,126
218000583,1,0,1
218000584,0,31,-31
218000585,11,11,0
218000586,3,28,-25
218000587,19,0,19
218000588,0,15,-15
218000589,1,25,-24
218000590,1,0,1
218000591,0,96,-96
218000592,5,41,-36
218000593,0,0,0
218000594,0,19,-19
218000595,0,7,-7
218000596,0,0,0
218000597,0,16,-16
218000598,0,2,-2
218000599,0,113,-113
218000600,1,8,-7
218000601,0,21,-21
218000602,0,0,0
218000603,0,8,-8
218000604,69,30,39
218000605,0,252,-252
218000606,253,1,252
218000607,2,27,-25
218000608,6,8,-2
218000609,0,43,-43
218000610,60,2,58
218000611,5,1,4
218000612,1,19,-18
218000613,23,2,21
218000614,1,24,-23
218000615,143,1,142
218000616,7,221,-214
218000617,4,0,4
218000618,2,12,-10
218000619,14,5,9
218000620,1,48,-47
218000621,0,0,0
218000622,0,87,-87
218000623,12,1,11
218000624,1,49,-48
218000625,3,8,-5
218000626,2,35,-33
218000628,216,80,136
218000631,79,14,65
218000632,0,75,-75
218000633,98,1,97
218000634,1,11,-10
218000635,4,4,0
218000636,379,219,160
218000637,1055,82,973
218000638,400,5,395
218000639,24,26,-2
218000640,580,3,577
218000641,82,84,-2
218000652,52,61,-9
218000653,294,27,267
218000663,1,18,-17
218000675,7,37,-30
218000676,1,0,1
218000677,33,0,33
218000680,94,51,43
218000681,661,30,631
218000691,141,79,62
218000693,684,22,662
218000703,2,4,-2
218000718,11,75,-64
218000719,26,48,-22
218000720,0,95,-95
218000721,11,1,10
218000725,2,1,1
218001214,33,55,-22
218001329,39,32,7
218001330,7,43,-36
218001351,5,9,-4
218001352,2,9,-7
218001353,4,0,4
218001354,1,33,-32
219000001,0,0,0
219000002,0,0,0
219000003,63,23,40
219000004,28,53,-25
219000017,85,30,55
219000020,162,17,145
219000022,157,2,155
219000023,33,1,32
219000029,0,0,0
219000034,59,30,29
219000039,0,4,-4
219000040,12,36,-24
219000041,97,38,59
219000051,0,0,0
219000052,0,0,0
219000053,0,0,0
219000054,83,223,-140
219000055,303,1,302
219000056,0,0,0
219000057,46,0,46
219000062,6,21,-15
219000063,273,2,271
219000064,0,5,-5
219000110,146,153,-7
219000111,63,38,25
219000112,167,9,158
219000113,190,14,176
219000114,106,10,96
219000116,101,41,60
219000117,49,16,33
219000118,56,39,17
219000123,55,1,54
219000124,2,0,2
219000125,0,0,0
219000126,0,0,0
219000127,0,0,0
219000128,0,5,-5
219000129,2,6,-4
219000130,32,55,-23
219000131,591,620,-29
219000133,15,56,-41
219000134,2,31,-29
219000135,3,49,-46
219000136,40,154,-114
219000138,32,1,31
219000139,67,1,66
219000140,143,0,143
219000141,45,9,36
219000142,10,5,5
219000143,18,0,18
219000145,4,4,0
219000146,0,0,0
219000147,0,0,0
219000148,0,0,0
219000149,0,0,0
219000150,0,0,0
219000151,0,0,0
219000157,232,63,169
219000158,230,43,187
219000161,171,4,167
219000163,629,225,404
219000166,126,64,62
219000167,52,38,14
219000168,281,37,244
219000174,577,50,527
219000175,178,4,174
219000176,178,7,171
219000177,109,1,108
219000178,127,0,127
219000179,34,58,-24
219000180,50,1,49
219000182,46,24,22
219000183,30,2,28
219000184,67,1,66
219000185,0,0,0
219000186,29,7,22
219000187,25,16,9
219000189,6,6,0
219000190,0,3,-3
219000191,14,118,-104
219000192,276,156,120
219000193,17,6,11
219000195,0,1,-1
219000196,0,1,-1
219000198,0,0,0
219000199,1,1,0
219000200,0,1,-1
219000201,1,4,-3
219000203,0,5,-5
219000204,4,31,-27
219000205,4,25,-21
219000207,4,37,-33
219000209,0,2,-2
219000210,0,5,-5
219000213,0,50,-50
219000239,89,86,3
219000240,53,177,-124
219000241,78,85,-7
219000242,17,80,-63
219000243,52,180,-128
219000244,2,108,-106
219000245,9,23,-14
219000246,21,14,7
219000247,280,42,238
219000248,310,292,18
219000249,231,137,94
219000250,168,68,100
219000251,570,87,483
219000252,206,69,137
219000253,234,11,223
219000255,125,91,34
219000256,377,40,337
219000257,100,0,100
219000262,10,7,3
219000263,30,8,22
219000267,0,0,0
219000268,0,0,0
219000269,8,4,4
219000270,20,0,20
219000271,104,11,93
219000278,0,0,0
219000279,0,0,0
219000283,0,0,0
219000295,3,29,-26
219000296,6,76,-70
219000297,1,1,0
219000298,3,3,0
219000299,199,30,169
219000300,28,6,22
219000301,4,29,-25
219000302,2,21,-19
219000307,0,0,0
219000308,61,21,40
219000311,50,23,27
219000312,236,52,184
219000313,290,33,257
219000314,13,13,0
219000315,280,13,267
219000316,431,24,407
219000317,127,9,118
219000320,0,0,0
219000321,0,0,0
219000323,0,0,0
219000325,0,0,0
219000326,7,7,0
219000327,0,0,0
219000328,0,0,0
219000329,278,96,182
219000330,8,4,4
219000331,34,5,29
219000332,204,9,195
219000333,25,11,14
219000335,65,0,65
219000337,3,0,3
219000338,10,0,10
219000344,0,0,0
219000345,0,0,0
219000346,0,0,0
219000348,5,21,-16
219000349,3,26,-23
219000350,2,3,-1
219000351,0,1,-1
219000352,14,42,-28
219000353,146,59,87
219000354,583,38,545
219000355,96,6,90
219000356,292,575,-283
219000363,101,26,75
219000364,114,29,85
219000365,63,8,55
219000366,105,618,-513
219000368,202,271,-69
219000370,404,324,80
219000371,0,0,0
219000382,2,6,-4
219000383,49,210,-161
219000385,37,195,-158
219000386,86,409,-323
219000387,0,3,-3
219000390,2,14,-12
219000391,0,0,0
219000397,0,0,0
219000398,15,17,-2
219000401,1,41,-40
219000402,3,12,-9
219000403,43,74,-31
219000404,3,28,-25
219000407,3,3,0
219000409,95,28,67
219000410,90,0,90
219000411,78,0,78
219000446,3,54,-51
219000447,0,0,0
219000448,12,8,4
219000452,35,88,-53
219000453,7,71,-64
219000454,190,272,-82
219000556,547,29,518
219000558,6,51,-45
219000590,0,106,-106
219000591,262,37,225
219000592,10,51,-41
219000595,0,0,0
219000635,68,38,30
219000636,8,0,8
219000657,2,7,-5
219000658,0,4,-4
219000673,0,0,0
219000676,0,0,0
219000679,32,0,32
219000684,92,2,90
219000685,0,7,-7
219000686,1,1,0
219000688,0,1,-1
219000689,2,76,-74
219000690,85,3,82
219000691,18,20,-2
219000692,77,7,70
219000693,0,0,0
219000694,21,0,21
219000695,176,5,171
219000698,10,1,9
219000699,0,0,0
219000727,0,1,-1
219000728,66,2,64
219000770,5,2,3
219000771,0,0,0
219000788,5,7,-2
219001150,0,93,-93
219001151,0,0,0
219001166,1,14,-13
219001167,0,36,-36
220000001,9,59,-50
220000002,0,16,-16
220000003,44,50,-6
220000004,44,81,-37
220000005,134,348,-214
220000006,35,181,-146
220000007,136,145,-9
220000008,48,155,-107
220000009,50,34,16
220000010,39,91,-52
220000011,251,2399,-2148
220000012,12,238,-226
220000014,100,70,30
220000015,10,320,-310
220000017,20,145,-125
220000018,4453,913,3540
220000019,110,425,-315
220000020,290,150,140
220000021,545,111,434
220000022,926,151,775
220000023,198,114,84
220000024,466,327,139
220000025,474,1192,-718
220000026,226,402,-176
220000027,21,185,-164
220000028,28,306,-278
220000029,6,18,-12
220000030,2,11,-9
220000031,513,315,198
220000064,16,350,-334
221000046,10,7,3
221000047,0,0,0
221000048,0,1,-1
221000049,0,5,-5
221000050,3,0,3
221000055,9,49,-40
221000057,150,6,144
221000068,180,64,116
221000069,288,11,277
221000070,157,8,149
221000071,123,3,120
221000072,229,0,229
221000073,191,8,183
221000074,1,0,1
221000075,0,6,-6
221000076,2,2,0
221000077,1,4,-3
221000081,4,3,1
221000082,73,2,71
221000083,5,1,4
221000084,0,6,-6
221000085,2,68,-66
221000086,4,65,-61
221000087,1,91,-90
221000088,2,65,-63
221000089,11,85,-74
221000090,17,112,-95
221000098,138,21,117
221000099,176,6,170
221000100,186,4,182
221000101,147,2,145
221000102,127,5,122
221000109,2,4,-2
221000110,2,15,-13
221000111,0,15,-15
221000112,0,14,-14
221000113,3,26,-23
221000114,0,39,-39
221000120,5,69,-64
221000121,2,32,-30
221000122,7,66,-59
221000123,3,64,-61
221000124,20,167,-147
221000155,151,13,138
221000156,32,17,15
221000175,3,7,-4
221000176,0,3,-3
221000182,51,0,51
221000241,250,285,-35
221000242,33,137,-104
221000243,241,136,105
221000244,52,186,-134
221000245,57,26,31
221000246,7,142,-135
221000247,76,48,28
221000248,64,59,5
221000267,40,258,-218
221000325,46,96,-50
221000331,2,88,-86
221000338,8,81,-73
221000378,345,13,332
221000381,64,52,12
222000282,1,2,-1
222000296,31,74,-43
222000568,365,22,343
222000569,128,32,96
222000570,156,9,147
222000571,439,3,436
222000577,0,46,-46
222000578,4,77,-73
222000579,2,59,-57
222000580,17,942,-925
222000599,0,83,-83
222000600,0,65,-65
222000601,0,165,-165
222000603,7,33,-26
222000604,0,51,-51
222000605,1,28,-27
222000606,2,30,-28
222000607,5,15,-10
222000608,2,13,-11
222000609,49,46,3
222000616,639,42,597
222000617,7,5,2
222000618,2,8,-6
222000620,8,6,2
222000621,8,11,-3
222000623,546,10,536
222000624,464,10,454
222000625,833,8,825
222000636,49,3,46
222000686,10,24,-14
222000687,12,6,6
222001066,510,1,509
222001067,52,0,52
222001068,313,3,310
222001069,105,27,78
222001082,38,3,35
222001083,100,4,96
222001084,0,14,-14
222001085,0,272,-272
222001111,134,26,108
222001112,365,10,355
222001313,0,2,-2
222001314,1,65,-64
222001464,69,13,56
222001465,11,98,-87
222001484,215,35,180
222001485,8,24,-16
222001494,934,92,842
222001495,46,118,-72
222001496,443,57,386
222001497,44,162,-118
222001502,5,20,-15
222001503,208,11,197
222001504,5,51,-46
222001505,393,13,380
222001506,1,7,-6
222001507,226,14,212
222001510,744,23,721
222001511,8,56,-48
222001514,636,42,594
222001515,7,57,-50
222001518,733,30,703
222001519,29,66,-37
222001527,175,20,155
222001528,0,27,-27
222001529,611,10,601
222001530,7,57,-50
222001533,15,98,-83
222001534,788,5,783
222001535,336,62,274
222001536,34,171,-137
222001537,271,9,262
222001538,7,63,-56
222001563,984,13,971
222001564,10,116,-106
222001568,151,36,115
222001576,0,6,-6
222001579,0,47,-47
222001583,28,49,-21
222001584,208,21,187
222001596,97,347,-250
222001597,1298,106,1192
222001626,0,50,-50
222001650,17,25,-8
222001651,30,181,-151
222001914,290,20,270
222001915,1,36,-35
222900004,341,79,262
222900009,105,216,-111
222900019,88,134,-46
222900024,80,2,78
222900025,3,2,1
225000001,331,83,248
225000002,632,65,567
225000003,774,44,730
225000004,472,37,435
225000005,43,29,14
225000006,0,3,-3
225000007,121,320,-199
225000010,241,27,214
225000011,158,907,-749
225000012,171,581,-410
225000013,61,72,-11
225000014,607,72,535
225000015,49,61,-12
225000021,351,50,301
225000027,54,47,7
225000032,415,35,380
225000042,25,101,-76
225000049,12,20,-8
225000050,84,13,71
225000053,0,0,0
225000058,330,75,255
225000067,33,14,19
225000068,26,41,-15
225000069,19,53,-34
225000070,17,43,-26
225000071,3,42,-39
225000075,12,251,-239
225000076,0,0,0
225000078,13,14,-1
225000085,106,7,99
225000086,228,29,199
225000087,81,2,79
225000088,0,31,-31
225000089,0,0,0
225000090,0,0,0
225000091,0,0,0
225000092,12,28,-16
225000093,34,14,20
225000094,14,18,-4
225000095,41,29,12
225000096,10,19,-9
225000098,544,57,487
225000099,409,41,368
225000100,500,64,436
225000104,15,94,-79
225000110,1,47,-46
225000111,100,101,-1
225000112,130,205,-75
225000113,62,340,-278
225000114,65,147,-82
225000115,519,307,212
225000116,206,43,163
225000117,353,269,84
225000118,704,209,495
225000119,240,36,204
225000120,432,15,417
225000121,80,16,64
225000123,721,10,711
225000125,440,94,346
225000126,376,133,243
225000127,283,1525,-1242
225000128,333,925,-592
225000132,557,6,551
225000133,135,4,131
225000134,467,78,389
225000135,101,30,71
225000136,369,4,365
225000137,321,45,276
225000138,370,67,303
225000143,1,1,0
225000144,0,2,-2
225000145,36,17,19
225000146,0,0,0
225000147,0,0,0
225000148,0,0,0
225000149,0,0,0
225000151,0,0,0
225000155,9,14,-5
225000156,47,398,-351
225000157,106,128,-22
225000158,4,17,-13
225000171,1,36,-35
225000180,2,0,2
225000181,0,4,-4
225000182,30,0,30
225000185,1,85,-84
225000187,8,58,-50
225000191,8,1,7
225000194,0,4,-4
225000208,0,9,-9
225000209,39,12,27
225000210,0,0,0
225000217,0,1,-1
225000218,2,0,2
225000223,0,14,-14
225000224,8,0,8
225000225,0,16,-16
225000226,75,3,72
225000227,1,46,-45
225000228,0,31,-31
225000229,0,5,-5
225000230,0,0,0
225000231,0,4,-4
225000232,141,0,141
225000241,52,0,52
225000242,0,4,-4
225000249,2,0,2
225000250,0,0,0
225000251,577,27,550
225000254,1,37,-36
225000256,7,148,-141
225000257,1,57,-56
226000042,12,5,7
226000043,2,14,-12
226000044,4,40,-36
226000045,6,30,-24
226000046,725,18,707
226000047,348,30,318
226000048,433,33,400
226000049,381,162,219
226000070,0,0,0
226000071,0,0,0
226000072,0,0,0
226000073,0,0,0
226000074,0,1,-1
226000084,0,0,0
226000085,0,0,0
226000086,0,1,-1
226000087,0,1,-1
226000088,0,2,-2
226000090,14,82,-68
226000091,1,19,-18
226000092,1,28,-27
226000093,2,11,-9
226000094,6,2,4
226000095,15,2,13
226000105,1,0,1
226000106,4,0,4
226000107,38,0,38
226000108,2,0,2
226000109,124,0,124
226000124,283,38,245
226000134,1199,256,943
226000135,2093,320,1773
226000136,765,163,602
226000137,0,3,-3
226000138,0,2,-2
226000139,0,0,0
226000156,266,0,266
226000157,346,0,346
226000163,0,2,-2
226000202,0,1,-1
226000231,411,0,411
226000232,18,0,18
227000033,545,5,540
227000036,723,2,721
227000037,613,6,607
227000038,167,19,148
227000084,0,0,0
227000085,0,0,0
227000088,45,1,44
227000089,34,0,34
227000090,28,0,28
227000091,64,0,64
227000092,36,0,36
227000093,108,1,107
227000094,19,0,19
227000130,0,0,0
227000131,0,0,0
227000132,0,0,0
227000133,0,0,0
227000134,0,0,0
227000152,0,0,0
227000153,0,0,0
227000154,0,0,0
227000155,0,0,0
227000156,0,0,0
227000165,0,0,0
227000196,749,47,702
227000199,607,71,536
227000230,1,78,-77
227000232,1114,85,1029
227000242,0,1,-1
227000243,430,28,402
227000245,0,1,-1
227000246,5,5,0
227000247,642,9,633
227000248,121,69,52
227000249,2,29,-27
227000250,245,231,14
227000251,3,38,-35
227000252,1,7,-6
227000253,335,40,295
227000262,684,11,673
227000266,1801,15,1786
227000267,3,155,-152
227000282,0,1,-1
227000284,766,13,753
227000286,0,0,0
227000291,0,1,-1
227000296,110,116,-6
227000484,236,16,220
227000485,0,34,-34
227000655,503,6,497
227000656,711,17,694
227000657,291,6,285
227000704,424,6,418
229000265,52,3,49
229000266,0,0,0
229000267,30,0,30
229000268,15,2,13
229000269,22,0,22
229000274,0,52,-52
229000275,1,59,-58
229000276,0,34,-34
229000277,1,1,0
229000278,0,12,-12
229000295,4,14,-10
229000296,0,27,-27
229000297,0,13,-13
229000298,6,128,-122
229000320,7,14,-7
229000321,12,6,6
229000412,27,46,-19
229000414,12,24,-12
229000415,8,1,7
229000416,10,2,8
229000417,2,1,1
229000419,115,132,-17
229000440,273,51,222
229000442,28,8,20
229000443,16,0,16
229000444,0,18,-18
229000445,41,1,40
229000446,47,5,42
229000491,0,1,-1
229000492,0,4,-4
229000493,2,6,-4
229000494,96,1,95
229000495,164,1,163
229000496,279,2,277
229000507,0,0,0
229000508,0,0,0
229000509,0,0,0
229000510,0,0,0
229000511,0,0,0
229000512,0,0,0
229000513,0,0,0
229000514,0,0,0
229000517,1,0,1
229000518,1,1,0
229000519,0,1,-1
229000520,1,3,-2
229000521,120,13,107
229000522,12,1,11
229000523,11,0,11
229000524,11,0,11
229000527,1,1,0
229000528,0,0,0
229000529,13,0,13
229000530,168,2,166
229000531,26,2,24
229000532,10,0,10
229000533,75,1,74
229000534,47,1,46
229000564,119,0,119
229000565,108,0,108
229000566,0,0,0
229000567,0,0,0
229000582,53,3,50
229000583,23,14,9
229000584,0,0,0
229000585,0,0,0
229000718,0,0,0
229000719,0,0,0
229000720,0,0,0
229000721,0,0,0
229000722,0,0,0
229000723,0,0,0
229000724,0,0,0
229000725,0,0,0
229000738,1,2,-1
229000739,5,3,2
229000740,0,0,0
229000741,68,0,68
229000742,6,0,6
229000743,39,0,39
229000744,1,0,1
229000745,0,0,0
229000746,30,0,30
229000847,137,0,137
229000848,111,0,111
229000849,251,2,249
229000851,229,0,229
229000854,0,0,0
229000856,0,0,0
229000857,0,0,0
229000858,0,0,0
229000919,0,0,0
229000930,0,0,0
229000937,61,16,45
229000966,38,14,24
229000981,0,0,0
229000985,1,9,-8
229000986,0,1,-1
229000987,0,0,0
229000988,3,4,-1
229000989,2,0,2
229000990,0,13,-13
229000991,0,0,0
229000992,10,0,10
229000993,121,14,107
229000998,36,39,-3
229000999,69,4,65
229001034,0,3,-3
229001035,16,11,5
229001036,14,14,0
229001037,58,11,47
229001038,0,2,-2
229001039,15,1,14
229001040,1,48,-47
229001041,137,0,137
229001042,7,4,3
229001047,12,61,-49
229001050,51,22,29
229001168,0,0,0
229001200,27,1,26
229001338,0,1,-1
229001394,194,0,194
229001422,56,3,53
229001423,0,0,0
229001431,17,13,4
229001432,0,0,0
229001444,169,21,148
229001445,113,60,53
229001479,53,1,52
229001503,247,22,225
229001504,0,0,0
229001505,111,6,105
229001506,0,0,0
229001509,61,11,50
229001510,17,28,-11
229001545,31,9,22
229001546,0,0,0
229001553,70,8,62
229001554,0,0,0
229001630,85,7,78
229001631,24,12,12
229001635,0,14,-14
229001636,0,0,0
229001658,0,0,0
229001659,61,7,54
229001660,1,3,-2
229001661,0,11,-11
229001662,22,0,22
229001663,0,0,0
229002584,280,140,140
229002831,81,75,6
229002841,4,65,-61
229002842,25,8,17
229002843,76,14,62
229002844,9,49,-40
229002845,0,70,-70
229002846,5,18,-13
229002847,0,10,-10
229002848,0,29,-29
229002849,0,81,-81
229002850,19,13,6
229002851,9,144,-135
229002852,86,55,31
229002853,46,12,34
229002854,39,23,16
229002855,0,68,-68
229002856,47,2,45
229002857,50,31,19
229002858,44,0,44
229002859,17,2,15
229002860,29,20,9
229002861,46,52,-6
229002862,5,9,-4
229002863,1,46,-45
229002864,31,39,-8
229002865,2,18,-16
229002866,22,24,-2
229002867,0,24,-24
229002868,7,5,2
229002869,1,45,-44
229002870,58,3,55
235000066,73,9,64
235000067,83,28,55
235000072,0,0,0
235000073,0,0,0
235000074,0,0,0
235000080,0,0,0
235000081,0,0,0
235000082,303,50,253
235000083,304,76,228
235000084,28,48,-20
235000085,179,62,117
235000089,48,11,37
235000092,0,0,0
235000093,0,0,0
235000097,1,2,-1
235000098,74,12,62
235000099,7,13,-6
235000116,13,26,-13
235000117,450,10,440
235000133,0,0,0
235000134,0,0,0
235000206,1,3,-2
235000207,0,3,-3
235000208,1,5,-4
235000209,0,0,0
235000210,3,3,0
235000212,0,0,0
235000213,0,0,0
235000220,0,0,0
235000221,0,0,0
235000238,7,298,-291
235000239,0,39,-39
235000242,170,1219,-1049
235000245,4,6,-2
235000246,0,0,0
235000284,1,67,-66
235000295,15,3,12
235000305,238,13,225
235000306,453,8,445
235000307,31,6,25
235000308,4,0,4
235000309,72,0,72
235000310,15,0,15
235000311,31,25,6
235000322,0,21,-21
235000323,0,26,-26
235000324,0,22,-22
235000325,0,8,-8
235000326,9,41,-32
235000351,2,99,-97
235000352,4,51,-47
235000353,13,10,3
235000354,1,14,-13
235000355,0,69,-69
235000356,51,1,50
235000357,48,1,47
235000358,21,1,20
235000359,1,0,1
235000360,39,2,37
235000361,5,0,5
235000381,0,0,0
235000382,196,9,187
235000390,1,1,0
235000391,162,18,144
235000392,151,73,78
235000393,138,97,41
235000395,162,39,123
235000396,740,17,723
235000400,118,62,56
235000401,0,0,0
235000405,0,0,0
235000406,0,0,0
235000407,0,0,0
235000409,0,0,0
235000410,0,0,0
235000411,0,0,0
235000485,0,0,0
235000486,20,0,20
235000549,79,79,0
235000550,0,0,0
235000599,0,0,0
235000600,0,0,0
235000601,42,3,39
235000602,68,29,39
235000614,0,0,0
235000648,0,0,0
235000649,16,16,0
235000685,0,0,0
235000815,23,12,11
235000834,0,8,-8
235000855,29,37,-8
235000862,0,0,0
235000891,0,0,0
235000892,1,0,1
235000901,0,0,0
235000907,0,0,0
235001010,42,29,13
235001029,0,0,0
235001030,172,19,153
235001078,150,48,102
235001079,0,0,0
235001147,0,19,-19
235001166,2,29,-27
235001167,0,0,0
235001169,5,152,-147
235001188,0,0,0
235001189,0,0,0
235001197,0,0,0
235001200,0,0,0
235001207,125,21,104
235001208,3,1,2
235001209,0,0,0
235001210,0,0,0
235001215,0,0,0
235001239,0,0,0
235001244,0,1,-1
235016267,0,47,-47
241900007,43,0,43
277101746,0,1,-1
277102712,0,0,0
277103813,0,0,0
277103898,0,0,0
277104249,0,0,0
277104250,0,15,-15
277104251,0,2,-2
277104252,0,3,-3
990011530,0,120,-120
990014944,0,58,-58
990015176,15,29,-14
990015618,0,76,-76
990016032,0,122,-122
990032570,0,263,-263
990070001,58,0,58
990070103,0,0,0
990070601,0,5,-5
990070751,1911,13,1898
990070766,0,106,-106
990071180,435,50,385
990071343,6,0,6
990071387,0,0,0
990071823,582,33,549
990072600,1,595,-594
990072964,0,144,-144
990073285,0,1,-1
990074393,0,335,-335
990074870,1459,4,1455
990075106,259,20,239
990075746,624,36,588
990076437,3034,28,3006
990076458,1,331,-330
997000007,147,6,141
997000041,1,261,-260
997000058,63,0,63
997000062,83,0,83
997000069,0,1,-1
997000070,0,8,-8
997000100,46,0,46
997000141,0,0,0
997000198,0,0,0
998000475,0,0,0
998000736,0,71,-71
998000965,0,46,-46
998001031,0,45,-45
998001700,0,20,-20
998001899,0,1,-1
998001900,0,13,-13
998003073,2210,44,2166
998101900,0,0,0
998102850,1,81,-80
998501927,257,132,125
998501929,152,8,144
998501930,60,0,60
998501931,74,3,71
998501932,2,0,2
998501933,36,0,36
998501937,7,1,6
998501944,4,1,3
998501950,0,0,0
998501970,139,2,137
998501971,0,4,-4
998501973,0,10,-10
998501974,1,107,-106
998501975,111,6,105
998501976,49,1,48
998501977,0,50,-50
998501978,6,0,6
998501979,0,0,0
998501980,37,3,34
998501981,41,0,41
998501982,0,50,-50
998501983,0,0,0
998502006,0,0,0
998502024,0,1,-1
998502032,0,0,0
998502062,9,0,9
998502063,0,0,0
998502173,2,0,2
998502269,0,0,0
998601159,0,22,-22
998601292,0,4,-4
999033574,4,532,-528
999800001,63,29,34
999800002,0,2,-2
999800003,3,4,-1
999800004,0,12,-12
999800005,0,0,0
