ID,insum,outsum,diff
100000001,381,355,26
100000002,745,273,472
100000003,4948,1085,3863
100000004,775,210,565
100000005,644,944,-300
100000006,62,34,28
100000007,214,160,54
100000008,61,417,-356
100000009,24,52,-28
100000010,2,19,-17
100000011,96,21,75
100000012,18,499,-481
100000013,12,120,-108
100000014,109,252,-143
100000015,201,258,-57
100000016,480,884,-404
100000017,255,846,-591
100000018,509,309,200
100000019,2944,931,2013
100000020,640,1126,-486
100000021,5340,1153,4187
100000022,536,376,160
100000023,3946,513,3433
100000025,1970,315,1655
100000028,856,549,307
100000029,109,125,-16
100000030,444,24,420
100000031,2029,1613,416
100000032,1666,1995,-329
100000033,229,1144,-915
100000034,551,223,328
100000035,603,382,221
100000036,935,466,469
100000037,192,193,-1
100000038,370,353,17
100000039,239,75,164
100000040,131,42,89
100000041,209,163,46
100000042,119,157,-38
100000043,79,104,-25
100000044,137,538,-401
100000045,210,1121,-911
100000046,275,1011,-736
100000047,254,799,-545
100000048,480,620,-140
100000049,1048,2128,-1080
100000051,223,982,-759
100000053,7,2,5
100000054,30,5,25
100000055,139,316,-177
100000056,86,257,-171
100000057,588,313,275
100000058,504,1224,-720
100000059,0,85,-85
100000060,81,242,-161
100000061,420,231,189
100000062,314,196,118
100000063,145,138,7
100000064,253,288,-35
100000065,182,1352,-1170
100000066,81,890,-809
100000067,160,721,-561
100000068,270,1030,-760
100000069,109,1095,-986
100000072,240,1151,-911
100000073,603,956,-353
100000075,223,214,9
100000076,734,842,-108
100000077,363,38,325
100000078,84,26,58
100000079,25,14,11
100000080,3,7,-4
100000081,13,7,6
100000102,650,541,109
100000103,1528,558,970
100000104,2319,663,1656
100000105,2031,324,1707
100000106,937,567,370
100000107,178,132,46
100000108,557,939,-382
100000109,2600,887,1713
100000116,859,314,545
100000117,9,9,0
100000118,912,707,205
100000119,187,582,-395
100000121,92,398,-306
100000122,330,534,-204
100000123,2993,2635,358
100000124,7712,3066,4646
100000125,2256,289,1967
100000126,365,112,253
100000127,1039,209,830
100000128,784,492,292
100000129,342,292,50
100000130,212,517,-305
100000131,4552,1964,2588
100000132,1872,668,1204
100000133,9463,2326,7137
100000135,112,293,-181
100000139,72,455,-383
100000140,133,211,-78
100000142,81,180,-99
100000143,1471,823,648
100000144,2777,851,1926
100000147,354,975,-621
100000150,19,346,-327
100000151,252,274,-22
100000153,128,119,9
100000154,25,63,-38
100000155,4,15,-11
100000156,69,17,52
100000157,36,98,-62
100000158,7,95,-88
100000159,101,255,-154
100000165,571,457,114
100000169,192,98,94
100000174,771,143,628
100000179,48,429,-381
100000180,1096,1008,88
100000181,28,411,-383
100000188,66,304,-238
100000189,210,195,15
100000190,174,117,57
100000191,249,194,55
100000192,47,25,22
100000193,26,64,-38
100000330,1261,342,919
100000355,44,375,-331
100000362,3033,2465,568
100000363,716,1252,-536
100000364,262,444,-182
100000365,2118,4870,-2752
100000366,3126,2030,1096
100000367,1289,2144,-855
100000368,1132,1374,-242
100000369,280,581,-301
100000370,69,178,-109
100000376,40,64,-24
100000379,855,536,319
100000380,1103,804,299
100000384,3468,1210,2258
100000385,2664,2007,657
100000386,4414,1171,3243
100000387,4051,1763,2288
100000388,10856,1872,8984
100000389,8055,1707,6348
100000390,8990,2003,6987
100000391,4897,1567,3330
100000392,2286,701,1585
100000393,640,480,160
100000394,3728,1707,2021
100000395,1912,510,1402
100000396,2532,1097,1435
100000397,1312,634,678
100000398,9129,6382,2747
100900002,0,0,0
100900003,37,60,-23
100900004,27,1110,-1083
100900005,7,2,5
100900006,0,0,0
100900007,12,0,12
100900008,4,658,-654
100900009,10,11,-1
100900010,0,0,0
100900011,3,183,-180
100900012,1,328,-327
100900013,157,2,155
100900014,0,0,0
100900015,55,29,26
100900016,0,15,-15
100900017,58,20,38
100900018,0,0,0
100900019,0,0,0
100900020,29,0,29
100900021,612,6,606
100900022,0,0,0
100900023,0,0,0
100900024,21,0,21
100900025,0,0,0
100900026,2,72,-70
100900027,241,1306,-1065
100900028,12,72,-60
100900029,43,4,39
100900030,0,7,-7
100900031,59,5,54
100900032,35,0,35
100900033,81,32,49
100900034,50,0,50
100900035,19,0,19
100900036,0,0,0
100900037,2,204,-202
100900038,5,8,-3
100900039,157,606,-449
100900040,53,916,-863
100900041,47,824,-777
100900042,113,38,75
100900043,0,0,0
100900044,1147,116,1031
100900045,0,0,0
100900046,602,4,598
100900047,2,3,-1
100900048,4,3,1
100900049,3,124,-121
100900050,0,6,-6
100900051,9,16,-7
100900052,29,5,24
100900053,70,19,51
100900054,4,75,-71
100900055,54,42,12
100900056,4,7,-3
100900057,145,172,-27
100900058,16,23,-7
100900059,2,0,2
100900060,23,5,18
100900061,97,103,-6
100900062,0,37,-37
100900063,24,138,-114
100900064,382,7,375
100900065,3,14,-11
100900066,10,6,4
100900067,0,0,0
100900068,2,96,-94
100900069,8,0,8
100900070,35,3,32
100900071,206,55,151
100900072,0,49,-49
100900073,16,313,-297
100900074,0,2,-2
100900075,2844,100,2744
100900076,5,8,-3
100900077,0,0,0
100900078,27,50,-23
100900079,0,19,-19
100900080,0,0,0
100900081,4,28,-24
100900082,10,508,-498
100900083,0,15,-15
100900085,5,25,-20
100900086,13,207,-194
100900088,6,427,-421
100900089,0,13,-13
100900090,42,265,-223
100900091,0,0,0
100900092,34,48,-14
100900093,31,76,-45
100900094,14,440,-426
100900095,4,17,-13
100900096,3,65,-62
100900097,0,0,0
100900098,1,26,-25
100900099,5,310,-305
100900100,4,57,-53
100900101,140,11,129
100900102,2,7,-5
100900103,0,9,-9
100900104,10,77,-67
100900105,0,13,-13
100900106,7,1,6
100900107,1128,169,959
100900108,1,1,0
100900109,0,11,-11
100900110,0,0,0
100900111,29,57,-28
100900112,0,0,0
100900113,0,21,-21
100900114,0,15,-15
100900115,0,0,0
100900116,210,79,131
100900117,61,128,-67
100900118,0,29,-29
100900119,1,2,-1
100900120,0,0,0
100900121,114,79,35
100900122,102,132,-30
100900123,4,18,-14
100900124,0,2,-2
100900125,2,18,-16
100900126,2,17,-15
100900127,0,2,-2
100900128,31,73,-42
100900129,0,31,-31
100900131,16,30,-14
100900133,0,7,-7
100900134,1,0,1
100900135,0,21,-21
100900137,193,101,92
100900138,57,74,-17
100900139,0,4,-4
100900140,1,632,-631
100900141,0,77,-77
100900142,0,0,0
100900143,534,123,411
100900144,3,2,1
100900145,2,39,-37
100900146,0,1,-1
100900147,3,136,-133
100900148,16,800,-784
100900149,1,7,-6
100900150,0,4,-4
100900151,55,392,-337
100900152,0,0,0
100900153,0,82,-82
100900154,2,4,-2
100900155,0,5,-5
100900156,0,0,0
100900157,0,50,-50
100900159,2,1,1
100900160,1,2,-1
100900161,0,0,0
100900162,0,38,-38
100900163,39,122,-83
100900164,3,10,-7
100900165,5,28,-23
100900166,0,0,0
100900167,0,44,-44
100900168,1,20,-19
100900169,180,1393,-1213
100900170,0,0,0
100900171,17,877,-860
100900172,0,0,0
100900173,2,444,-442
100900174,0,0,0
100900176,438,12,426
100900177,669,52,617
100900178,0,49,-49
100900179,16,12,4
100900180,0,0,0
100900181,0,0,0
100900182,0,0,0
100900184,0,0,0
100900186,545,212,333
100900187,2,141,-139
100900188,24,2,22
100900189,203,23,180
100900191,783,277,506
100900192,125,46,79
100900195,19,157,-138
100900197,0,0,0
100900198,5,62,-57
100900199,0,0,0
100900200,292,213,79
100900201,21,794,-773
100900202,1,0,1
100900203,1,30,-29
100900204,222,58,164
100900205,40,91,-51
100900206,20,20,0
100900207,21,40,-19
100900210,35,518,-483
100900211,114,17,97
100900213,6,6,0
100900214,672,32,640
100900215,0,8,-8
100900217,24,9,15
101000001,2860,1123,1737
101000002,2511,1202,1309
101000003,524,728,-204
101000004,7888,2459,5429
101000005,4489,2762,1727
101000006,6043,3734,2309
101000007,1901,1799,102
101000008,2079,1625,454
101000009,787,1852,-1065
101000010,341,1026,-685
101000011,1466,423,1043
101000012,537,166,371
101000013,369,398,-29
101000014,229,245,-16
101000015,481,718,-237
101000016,111,212,-101
101000017,259,336,-77
101000018,2166,1879,287
101000020,2707,664,2043
101000021,436,118,318
101000022,535,37,498
101000023,1083,688,395
101000025,63,150,-87
101000026,256,12,244
101000027,891,1052,-161
101000028,494,141,353
101000029,22,274,-252
101000030,427,73,354
101000031,268,122,146
101000032,2508,1336,1172
101000033,1698,777,921
101000034,1329,596,733
101000035,915,297,618
101000036,750,197,553
101000037,2444,569,1875
101000039,1989,385,1604
101000040,3007,1065,1942
101000041,5083,812,4271
101000042,467,199,268
101000043,7432,1317,6115
101000045,605,79,526
101000046,1279,691,588
101000047,609,766,-157
101000048,411,206,205
101000049,537,452,85
101000050,1957,739,1218
101000051,3697,716,2981
101000052,1353,363,990
101000053,579,791,-212
101000054,1307,1137,170
101000055,1337,525,812
101000056,98,58,40
101000057,2745,365,2380
101000058,1470,327,1143
101000059,1651,501,1150
101000060,1470,141,1329
101000061,592,213,379
101000062,1727,251,1476
101000063,153,62,91
101000064,911,287,624
101000065,83,183,-100
101000066,55,19,36
101000067,360,263,97
101000068,171,87,84
101000069,228,71,157
101000070,1619,671,948
101000071,1474,424,1050
101000072,1180,1702,-522
101000073,189,172,17
101000074,3968,1073,2895
101000075,7587,2407,5180
101000077,617,597,20
101000078,711,1094,-383
101000079,242,1564,-1322
101000080,644,1324,-680
101000081,483,570,-87
101000082,2346,1716,630
101000083,752,685,67
101000084,799,1140,-341
101000085,818,469,349
101000086,968,732,236
101000087,660,965,-305
101000088,390,412,-22
101000089,419,630,-211
101000090,1945,1014,931
101000091,163,840,-677
101000092,637,622,15
101000093,898,550,348
101000094,339,749,-410
101000095,131,504,-373
101000096,131,389,-258
101000097,120,224,-104
101000098,200,373,-173
101000099,814,610,204
101000100,573,368,205
101000101,157,321,-164
101000102,369,162,207
101000103,562,489,73
101000104,101,161,-60
101000105,209,55,154
101000106,152,170,-18
101000107,39,122,-83
101000108,1030,183,847
101000109,88,35,53
101000110,14,552,-538
101000111,53,113,-60
101000113,78,225,-147
101000114,1395,723,672
101000115,29,102,-73
101000116,12,63,-51
101000117,26,154,-128
101000119,160,15,145
101000120,175,16,159
101000121,40,3,37
101000122,25,24,1
101000123,17,52,-35
101000124,404,746,-342
101000125,53,245,-192
101000128,504,167,337
101000130,423,257,166
101000131,369,568,-199
101000132,217,1290,-1073
101000135,58,10,48
101000136,246,143,103
101000137,48,201,-153
101000141,1661,656,1005
101000147,620,501,119
101000148,1989,21,1968
101000149,16,4,12
101000150,21,838,-817
101000151,32,70,-38
101000152,172,190,-18
101000153,346,309,37
101000154,57,1628,-1571
101000155,46,79,-33
101000156,8,134,-126
101000157,32,7,25
101000160,15,40,-25
101000163,0,0,0
101000164,339,249,90
101000165,193,148,45
101000166,139,311,-172
101000168,231,142,89
101000252,338,331,7
101000254,231,10,221
101000258,59,13,46
101000261,129,200,-71
101000262,205,453,-248
101000263,64,528,-464
101000265,47,258,-211
101000266,189,187,2
101000269,112,12,100
101000290,779,789,-10
101000293,1,60,-59
101000294,340,408,-68
101000295,86,354,-268
101000301,492,95,397
101000304,1254,1621,-367
101000305,1269,934,335
101900001,4,37,-33
101900002,0,22,-22
101900003,21,74,-53
101900004,1,15,-14
101900005,4044,459,3585
101900006,318,3,315
101900007,182,11,171
101900008,62,17,45
101900009,14,21,-7
101900010,516,113,403
101900011,123,99,24
101900012,8,8,0
101900013,795,27,768
101900017,8,36,-28
101900018,1061,78,983
101900019,33,6,27
101900020,106,70,36
101900021,1,13,-12
101900022,12,885,-873
101900023,4,191,-187
101900026,25,32,-7
101900027,4,62,-58
102000001,1179,2267,-1088
102000002,1580,897,683
102000003,2865,2137,728
102000004,6884,1193,5691
102000005,895,1365,-470
102000006,1203,641,562
102000007,1450,3034,-1584
102000008,5878,924,4954
102000009,4101,3897,204
102000010,5232,1854,3378
102000011,1463,1505,-42
102000012,2021,2097,-76
102000018,2185,906,1279
102000019,1653,442,1211
102000026,217,171,46
102000029,366,87,279
102000030,37,145,-108
102000031,8,125,-117
102000032,151,240,-89
102000033,53,279,-226
102000034,338,187,151
102000035,695,261,434
102000036,3,127,-124
102000037,155,62,93
102000038,56,62,-6
102000039,18,14,4
102000040,231,62,169
102000041,50,83,-33
102000042,62,38,24
102000043,117,152,-35
102000044,94,264,-170
102000045,426,629,-203
102000046,524,200,324
102000047,389,687,-298
102000048,99,320,-221
102000049,291,250,41
102000050,464,683,-219
102000051,188,207,-19
102000052,572,601,-29
102000053,219,491,-272
102000054,163,406,-243
102000055,412,647,-235
102000056,228,445,-217
102000057,658,208,450
102000058,863,1117,-254
102000059,589,1152,-563
102000060,420,335,85
102000061,546,1944,-1398
102000062,327,623,-296
102000063,760,908,-148
102000064,453,547,-94
102000065,28,88,-60
102000066,634,903,-269
102000067,1698,1665,33
102000068,4976,1639,3337
102000069,23,666,-643
102000070,2202,77,2125
102000071,4719,7277,-2558
102000072,2489,4130,-1641
102000073,209,713,-504
102000074,267,802,-535
102000075,28,207,-179
102000076,47,371,-324
102000077,105,1012,-907
102000078,302,960,-658
102000079,38,207,-169
102000080,158,189,-31
102000081,113,616,-503
102000082,338,231,107
102000083,99,629,-530
102000084,34,234,-200
102000085,1116,1020,96
102000086,734,940,-206
102000087,417,1595,-1178
102000088,122,191,-69
102000089,278,324,-46
102000090,197,757,-560
102000091,742,359,383
102000092,501,652,-151
102000093,386,452,-66
102000094,396,100,296
102000095,503,1107,-604
102000096,909,260,649
102000097,1976,1284,692
102000098,314,1075,-761
102000099,986,325,661
102000100,236,345,-109
102000101,548,168,380
102000102,273,416,-143
102000103,719,213,506
102000104,857,337,520
102000105,93,835,-742
102000106,198,966,-768
102000107,212,323,-111
102000108,182,298,-116
102000109,127,445,-318
102000110,135,827,-692
102000111,4,146,-142
102000112,75,47,28
102000113,18,19,-1
102000114,462,134,328
102000115,151,84,67
102000116,73,142,-69
102000117,69,320,-251
102000118,754,659,95
102000119,1505,314,1191
102000120,26,285,-259
102000121,340,302,38
102000122,142,418,-276
102000123,779,423,356
102000124,594,467,127
102000125,498,326,172
102000126,263,397,-134
102000127,433,376,57
102000128,247,667,-420
102000129,343,586,-243
102000130,185,469,-284
102000131,246,361,-115
102000132,121,304,-183
102000133,624,2162,-1538
102000134,206,537,-331
102000135,777,382,395
102000136,569,137,432
102000137,659,507,152
102000138,233,346,-113
102000139,43,301,-258
102000140,198,261,-63
102000141,143,565,-422
102000142,111,288,-177
102000143,29,314,-285
102000144,27,358,-331
102000145,83,217,-134
102000146,124,223,-99
102000147,183,127,56
102000148,58,126,-68
102000149,80,401,-321
102000150,51,152,-101
102000151,30,171,-141
102000152,59,94,-35
102000153,358,133,225
102000154,225,335,-110
102000155,43,180,-137
102000156,138,24,114
102000157,33,90,-57
102000158,177,123,54
102000159,1420,52,1368
102000161,3140,411,2729
102000162,145,59,86
102000163,67,160,-93
102000164,637,245,392
102000165,193,72,121
102000166,9,50,-41
102000167,62,96,-34
102000168,62,72,-10
102000169,91,157,-66
102000170,550,79,471
102000171,156,51,105
102000172,67,71,-4
102000173,136,112,24
102000174,5,50,-45
102000175,38,47,-9
102000176,8,9,-1
102000178,92,400,-308
102000179,63,130,-67
102000180,185,502,-317
102000181,90,598,-508
102000182,196,648,-452
102000183,410,681,-271
102000184,379,784,-405
102000185,373,509,-136
102000186,354,1681,-1327
102000187,283,1495,-1212
102000188,93,540,-447
102000189,2627,684,1943
102000190,441,908,-467
102000191,720,174,546
102000192,370,651,-281
102000193,6,161,-155
102000194,33,95,-62
102000195,138,440,-302
102000196,26,409,-383
102000197,127,442,-315
102000198,29,713,-684
102000199,133,352,-219
102000200,100,746,-646
102000201,137,369,-232
102000202,2,96,-94
102000203,85,257,-172
102000204,82,442,-360
102000205,237,227,10
102000206,162,563,-401
102000207,136,212,-76
102000208,95,457,-362
102000209,9,63,-54
102000210,30,620,-590
102000211,96,391,-295
102000212,20,4,16
102000213,17,355,-338
102000214,33,9,24
102000215,3,569,-566
102000216,7,6,1
102000217,7,238,-231
102000218,21,19,2
102000219,241,404,-163
102000225,144,60,84
102000226,2379,92,2287
102000227,9,0,9
102000228,1,116,-115
102000229,6,31,-25
102000230,47,308,-261
102000231,109,238,-129
102000232,4,87,-83
102000233,253,356,-103
102000234,11,304,-293
102000236,374,59,315
102000237,157,134,23
102000238,111,127,-16
102000240,454,462,-8
102000241,178,70,108
102000243,1,13,-12
102000245,10,52,-42
102000246,9,7,2
102000247,266,464,-198
102000248,165,321,-156
102000249,52,135,-83
102000250,9,315,-306
102000254,16,294,-278
102000266,38,180,-142
102000271,10,0,10
102000286,234,189,45
102000297,726,343,383
102000299,0,0,0
102000301,0,0,0
102000303,0,0,0
102000305,0,0,0
102000307,0,6,-6
102000308,1,5,-4
102900001,240,237,3
102900002,94,7,87
102900003,6,251,-245
102900005,32,85,-53
102900006,121,45,76
102900007,93,12,81
102900008,38,26,12
102900009,0,0,0
102900010,88,257,-169
102900011,1631,185,1446
102900012,174,20,154
102900013,0,0,0
102900015,317,85,232
102900016,0,0,0
102900017,0,0,0
102900018,0,0,0
102900019,56,219,-163
102900020,21,14,7
102900021,0,0,0
102900022,215,35,180
102900023,0,0,0
102900024,7,21,-14
102900025,0,0,0
102900026,201,389,-188
102900027,11,20,-9
102900028,32,104,-72
102900029,27,56,-29
102900030,54,63,-9
102900031,24,29,-5
102900032,9,126,-117
102900033,0,0,0
102900034,41,44,-3
102900035,22,433,-411
102900036,21,354,-333
102900037,106,376,-270
102900038,151,210,-59
102900039,6,187,-181
102900040,55,92,-37
102900041,17,99,-82
102900042,63,304,-241
102900043,41,195,-154
102900044,159,1601,-1442
102900045,48,411,-363
102900046,45,268,-223
102900047,31,528,-497
102900048,239,572,-333
102900049,30,185,-155
102900050,135,233,-98
102900051,65,135,-70
102900052,0,0,0
102900053,116,489,-373
102900054,269,398,-129
102900055,0,0,0
102900056,65,283,-218
102900057,0,0,0
102900058,172,20,152
102900059,0,0,0
102900060,21,247,-226
102900061,13,305,-292
102900062,29,1211,-1182
102900063,162,137,25
102900064,58,153,-95
102900065,378,242,136
102900066,95,11,84
102900068,41,57,-16
102900070,90,471,-381
102900072,6,14,-8
102900073,43,2,41
102900075,0,0,0
102900076,0,0,0
102900077,0,0,0
102900078,0,0,0
102900079,70,3,67
102900080,54,6,48
102900081,36,158,-122
102900082,6,171,-165
102900083,0,0,0
102900084,0,0,0
102900085,0,0,0
102900086,0,1,-1
102900087,20,52,-32
102900088,2,21,-19
102900089,122,78,44
102900090,3,492,-489
102900091,15,4,11
102900092,87,926,-839
102900093,85,78,7
102900094,0,15,-15
102900095,11,0,11
102900096,12,4,8
102900097,3,105,-102
103000001,1216,1609,-393
103000002,995,1231,-236
103000003,1912,1632,280
103000004,622,550,72
103000005,1237,1051,186
103000006,355,708,-353
103000007,215,611,-396
103000008,358,903,-545
103000009,225,516,-291
103000010,43,87,-44
103000011,1109,776,333
103000012,693,547,146
103000013,5577,1484,4093
103000014,828,668,160
103000015,1974,769,1205
103000016,300,400,-100
103000017,26,87,-61
103000018,570,254,316
103000019,33,30,3
103000020,699,915,-216
103000021,324,462,-138
103000022,477,991,-514
103000023,160,527,-367
103000024,78,86,-8
103000025,17,62,-45
103000026,1444,95,1349
103000027,102,67,35
103000028,608,151,457
103000029,487,126,361
103000030,2298,375,1923
103000031,1029,543,486
103000032,1014,1029,-15
103000033,1458,1132,326
103000034,1199,614,585
103000035,245,559,-314
103000036,316,187,129
103000037,522,331,191
103000038,337,426,-89
103000039,64,330,-266
103000040,132,870,-738
103000041,964,2188,-1224
103000042,336,469,-133
103000043,169,879,-710
103000044,59,168,-109
103000046,169,175,-6
103000047,198,453,-255
103000048,103,75,28
103000049,49,135,-86
103000050,196,507,-311
103000051,119,290,-171
103000052,358,311,47
103000053,37,222,-185
103000054,820,686,134
103000055,663,801,-138
103000056,391,1398,-1007
103000057,261,239,22
103000058,143,642,-499
103000059,164,493,-329
103000060,461,583,-122
103000061,212,479,-267
103000062,402,633,-231
103000063,311,371,-60
103000064,59,233,-174
103000065,5,246,-241
103000066,74,12,62
103000069,58,316,-258
103000070,226,1014,-788
103000071,316,130,186
103000072,40,871,-831
103000073,88,73,15
103000074,104,40,64
103000075,70,767,-697
103000076,50,36,14
103000077,11,312,-301
103000078,421,71,350
103000079,925,268,657
103000080,374,72,302
103000081,219,339,-120
103000082,141,72,69
103000083,48,298,-250
103000084,0,0,0
103000085,0,61,-61
103000086,216,97,119
103000087,66,250,-184
103000088,147,264,-117
103000089,84,171,-87
103000090,759,814,-55
103000091,241,302,-61
103000092,65,160,-95
103000093,153,430,-277
103000094,40,71,-31
103000095,11,297,-286
103000096,199,54,145
103000097,23,454,-431
103000098,512,35,477
103000099,135,333,-198
103000100,29,838,-809
103000101,179,102,77
103000102,46,537,-491
103000103,139,160,-21
103000104,16,154,-138
103000105,31,81,-50
103000106,0,91,-91
103000107,197,48,149
103000108,299,474,-175
103000109,207,259,-52
103000110,292,263,29
103000111,257,272,-15
103000112,134,166,-32
103000113,155,447,-292
103000114,268,253,15
103000115,176,314,-138
103000116,176,314,-138
103000117,91,352,-261
103000118,774,882,-108
103000119,1886,598,1288
103000120,35,90,-55
103000121,78,277,-199
103000122,71,116,-45
103000125,7,506,-499
103000126,139,9,130
103000127,1,384,-383
103000128,60,0,60
103000129,3,169,-166
103000130,12,21,-9
103000131,229,62,167
103000132,64,92,-28
103000133,5,277,-272
103000134,263,194,69
103000135,731,60,671
103000136,457,150,307
103000137,214,233,-19
103000138,304,173,131
103000139,0,40,-40
103000140,64,23,41
103000141,14,89,-75
103000142,33,32,1
103000143,10,163,-153
103000144,62,58,4
103000145,26,60,-34
103000150,62,48,14
103000152,87,178,-91
103000153,71,115,-44
103000156,3,575,-572
103000157,106,2,104
103000159,85,92,-7
103000162,8,4,4
103000163,0,2,-2
103000164,2,3,-1
103000165,103,352,-249
103000166,24,25,-1
103000167,41,87,-46
103000168,39,127,-88
103000169,48,62,-14
103000170,372,426,-54
103000171,15,48,-33
103000172,77,220,-143
103000173,122,630,-508
103000174,95,201,-106
103000175,80,487,-407
103000176,425,123,302
103000177,452,316,136
103000178,231,139,92
103000179,50,13,37
103000183,2,53,-51
103000185,25,34,-9
103000186,43,99,-56
103000187,169,564,-395
103000188,10,69,-59
103000189,320,894,-574
103000191,325,539,-214
103000292,2125,436,1689
103000293,1224,390,834
103000295,41,56,-15
103000296,137,7,130
103000297,123,11,112
103000504,134,9,125
103000505,13,11,2
103000506,1,138,-137
103000507,61,2,59
103000508,30,21,9
103000509,121,491,-370
103900001,0,167,-167
103900002,992,76,916
103900003,910,54,856
103900004,2,0,2
103900005,1,221,-220
103900006,0,0,0
103900007,0,0,0
103900008,1,0,1
103900009,20,114,-94
103900010,37,157,-120
103900011,20,189,-169
103900012,0,4,-4
103900013,5,80,-75
103900014,4,14,-10
103900015,12,8,4
103900016,132,317,-185
103900017,11,80,-69
103900018,505,67,438
103900019,13,59,-46
103900020,27,99,-72
103900021,1,0,1
103900022,278,414,-136
103900023,19,0,19
103900024,74,620,-546
103900025,2,23,-21
103900026,0,0,0
103900027,70,130,-60
103900028,4,106,-102
103900029,318,146,172
103900030,50,8,42
103900031,8,1,7
103900032,11,7,4
103900033,8,1,7
103900034,8,186,-178
103900035,30,48,-18
103900036,11,5,6
103900037,4,15,-11
103900038,28,39,-11
103900039,6,343,-337
103900040,2,178,-176
103900041,6,9,-3
103900042,5,448,-443
103900043,8,57,-49
103900044,90,48,42
103900045,39,67,-28
103900047,11,47,-36
103900048,26,2,24
103900049,190,882,-692
103900050,1,72,-71
103900051,0,21,-21
103900052,51,405,-354
103900053,59,953,-894
103900054,12,489,-477
103900055,69,156,-87
103900056,7,50,-43
103900057,7,246,-239
103900058,29,605,-576
103900059,0,5,-5
103900060,2,141,-139
103900061,11,25,-14
103900062,26,35,-9
103900063,1,0,1
103900064,7,1,6
103900065,469,149,320
103900066,10,3,7
103900067,10,2,8
103900068,0,0,0
103900069,2,0,2
103900070,19,166,-147
103900071,8,182,-174
103900072,5,349,-344
103900073,2,5,-3
103900074,9,50,-41
103900075,25,57,-32
103900076,115,519,-404
103900077,27,17,10
103900078,23,54,-31
103900079,52,156,-104
103900080,9,3,6
103900081,0,0,0
103900082,1,32,-31
103900083,1301,73,1228
103900084,6,81,-75
103900085,30,32,-2
103900086,88,147,-59
103900087,28,52,-24
103900088,285,63,222
103900089,19,127,-108
103900090,1,93,-92
103900091,366,97,269
103900092,76,264,-188
103900093,68,289,-221
103900094,3,123,-120
103900095,19,88,-69
103900096,4,257,-253
103900097,2,341,-339
103900098,78,47,31
103900099,4,202,-198
103900100,39,300,-261
103900101,32,557,-525
103900102,1,17,-16
103900104,13,10,3
103900105,77,100,-23
103900106,0,9,-9
103900107,6,135,-129
103900108,27,311,-284
103900109,7,69,-62
103900110,76,20,56
103900111,16,655,-639
103900112,5,20,-15
103900113,63,82,-19
103900114,358,211,147
103900115,137,25,112
103900116,3877,295,3582
103900117,239,101,138
103900119,15,13,2
103900120,4,41,-37
103900122,7,286,-279
103900123,834,261,573
103900124,17,508,-491
103900125,34,72,-38
103900126,37,287,-250
103900127,55,630,-575
103900128,13,232,-219
103900131,5,70,-65
103900133,253,0,253
103900134,0,0,0
103900135,0,1,-1
103900137,0,17,-17
103900138,0,101,-101
103900139,71,317,-246
103900140,0,0,0
103900141,76,28,48
103900142,2,44,-42
103900143,0,0,0
103900144,0,6,-6
103900145,84,275,-191
103900146,56,207,-151
103900147,75,69,6
103900148,31,170,-139
103900149,14,591,-577
103900150,4532,609,3923
103900151,10,84,-74
103900152,28,626,-598
103900153,0,0,0
103900154,1025,245,780
103900155,7,107,-100
103900156,3,96,-93
103900157,1,149,-148
103900158,4,169,-165
103900159,8,39,-31
103900160,8,0,8
103900161,20,67,-47
103900162,33,137,-104
103900163,0,196,-196
103900167,3,21,-18
103900168,7,63,-56
103900169,4,10,-6
103900170,0,63,-63
103900171,0,28,-28
103900172,7,14,-7
103900173,1,4,-3
103900174,21,31,-10
103900175,17,9,8
103900176,3,15,-12
103900177,2,19,-17
103900178,2,51,-49
103900179,6,157,-151
103900180,3,100,-97
103900181,21,14,7
103900182,41,3,38
103900184,433,7,426
103900185,134,20,114
103900187,53,9,44
103900188,17,3,14
103900189,57,3,54
103900190,4,19,-15
103900191,7,41,-34
103900192,9,58,-49
103900193,86,55,31
103900194,5,231,-226
103900195,1,6,-5
103900196,6,7,-1
103900197,1,15,-14
103900198,3,30,-27
103900199,8,59,-51
103900200,16,101,-85
103900201,27,118,-91
103900202,3,34,-31
103900203,6,4,2
103900204,0,105,-105
103900207,0,120,-120
103900208,9,0,9
103900209,1,77,-76
103900210,5,25,-20
103900211,59,406,-347
103900212,13,397,-384
103900213,22,158,-136
103900214,3,1,2
103900215,569,155,414
103900216,7,419,-412
103900217,2,4,-2
103900218,1,92,-91
103900219,6,137,-131
103900233,28,2,26
103900235,8,11,-3
103900236,15,0,15
103900242,0,2,-2
103900243,0,1,-1
103900244,14,196,-182
103900245,7,168,-161
103900246,6,7,-1
103900247,13,74,-61
103900248,1,3,-2
103900249,0,3,-3
103900250,3,1,2
103900251,0,8,-8
103900253,6,3,3
103900254,1,3,-2
103900255,2,7,-5
103900256,0,1,-1
103900257,38,20,18
103900258,5,1,4
103900259,43,1,42
103900261,1,4,-3
103900262,8,0,8
103900263,9,7,2
103900264,10,5,5
103900265,5,1,4
103900266,1,15,-14
103900267,5,36,-31
103900268,3,64,-61
103900269,41,15,26
103900270,0,107,-107
103900271,20,170,-150
103900272,0,0,0
103900273,0,0,0
103900274,0,0,0
103900275,0,0,0
103900276,0,0,0
103900277,0,0,0
104000001,1207,1674,-467
104000002,1009,1701,-692
104000003,1285,1538,-253
104000004,2468,1680,788
104000005,485,1081,-596
104000006,1507,1936,-429
104000007,2319,2374,-55
104000008,172,487,-315
104000009,45,125,-80
104000010,26,72,-46
104000011,556,526,30
104000012,44,522,-478
104000013,42,56,-14
104000014,146,744,-598
104000015,60,61,-1
104000016,163,368,-205
104000018,249,86,163
104000019,178,27,151
104000020,84,881,-797
104000021,126,705,-579
104000022,78,251,-173
104000023,231,176,55
104000024,63,185,-122
104000026,8,74,-66
104000027,86,434,-348
104000028,130,162,-32
104000029,182,552,-370
104000030,50,173,-123
104000031,156,123,33
104000032,90,345,-255
104000033,162,147,15
104000034,160,391,-231
104000035,162,249,-87
104000036,176,441,-265
104000037,119,271,-152
104000038,168,213,-45
104000039,63,402,-339
104000040,300,449,-149
104000041,230,189,41
104000042,141,430,-289
104000043,201,315,-114
104000044,117,636,-519
104000045,366,1014,-648
104000046,847,1013,-166
104000047,367,895,-528
104000048,812,1509,-697
104000049,103,248,-145
104000050,124,407,-283
104000051,46,587,-541
104000052,422,971,-549
104000053,309,320,-11
104000054,238,553,-315
104000055,2614,1834,780
104000056,919,98,821
104000057,37,462,-425
104000058,397,556,-159
104000059,192,745,-553
104000060,196,654,-458
104000061,434,825,-391
104000062,25,23,2
104000064,377,174,203
104000065,41,214,-173
104000069,1260,287,973
104000070,18,228,-210
104000071,66,288,-222
104000072,60,39,21
104000075,18,120,-102
104000076,149,49,100
104000082,930,1221,-291
104000083,324,83,241
104000084,68,394,-326
104000085,56,93,-37
104000086,95,394,-299
104000087,166,348,-182
104000090,263,1283,-1020
104000092,222,2112,-1890
104000094,399,1838,-1439
104000095,868,1009,-141
104000096,202,401,-199
104000097,323,516,-193
104000098,273,729,-456
104000100,266,433,-167
104000101,562,1065,-503
104000106,116,279,-163
104000107,124,452,-328
104000108,152,387,-235
104000109,97,16,81
104000110,490,633,-143
104000111,3238,723,2515
104000112,1407,287,1120
104000116,3,1375,-1372
104000117,8,836,-828
104000118,92,167,-75
104000119,115,182,-67
104000120,14,833,-819
104000121,80,452,-372
104000122,282,513,-231
104000123,626,689,-63
104000124,1253,1557,-304
104000125,4419,1636,2783
104000126,173,364,-191
104000127,1243,2533,-1290
104000128,262,345,-83
104000129,266,24,242
104000130,9,115,-106
104000131,917,580,337
104000132,412,955,-543
104000133,672,591,81
104000134,608,835,-227
104000135,239,499,-260
104000136,674,1170,-496
104000137,1263,101,1162
104000138,1206,223,983
104000139,8563,1802,6761
104000141,1256,1419,-163
104000142,326,824,-498
104000143,239,747,-508
104000144,31,91,-60
104000145,88,88,0
104000146,400,471,-71
104000147,53,332,-279
104000148,66,45,21
104000149,128,375,-247
104000150,198,173,25
104000151,259,790,-531
104000152,224,1018,-794
104000153,72,137,-65
104000154,902,838,64
104000155,90,224,-134
104000157,906,1421,-515
104000158,227,237,-10
104000159,197,245,-48
104000160,1136,803,333
104000161,89,43,46
104000162,10,66,-56
104000165,520,402,118
104000167,115,240,-125
104000168,147,1,146
104000169,0,0,0
104000170,980,143,837
104000248,4,519,-515
104000251,30,283,-253
104000272,1,0,1
104000273,1,0,1
104000274,4,0,4
104000275,2,0,2
104000279,480,413,67
104000290,61,270,-209
104000291,450,523,-73
104000293,296,487,-191
104000294,0,0,0
104000295,289,689,-400
104000296,137,477,-340
104000297,572,1060,-488
104000298,1197,522,675
104000299,330,967,-637
104900001,10,93,-83
104900002,8,30,-22
104900003,14,335,-321
104900004,21,324,-303
104900005,52,123,-71
104900006,32,26,6
104900007,68,123,-55
104900009,18,339,-321
104900010,4,1,3
104900011,0,0,0
104900012,8,0,8
104900013,26,0,26
104900014,2287,139,2148
104900015,34,0,34
104900016,24,278,-254
104900017,3,146,-143
104900018,1,155,-154
104900019,82,187,-105
104900020,21,147,-126
104900021,0,0,0
104900022,3,79,-76
104900023,0,0,0
104900024,6,85,-79
104900025,27,269,-242
104900026,0,0,0
104900027,33,31,2
104900028,16,64,-48
104900029,0,0,0
104900030,56,25,31
104900031,96,175,-79
104900032,10,84,-74
104900033,0,0,0
104900034,33,23,10
104900035,15,20,-5
104900036,30,18,12
104900037,19,125,-106
104900038,229,104,125
104900039,0,0,0
104900040,17,54,-37
104900041,0,0,0
104900042,41,250,-209
104900043,0,0,0
104900044,41,45,-4
104900045,0,0,0
104900046,10,59,-49
104900047,31,32,-1
104900048,12,18,-6
104900049,0,0,0
104900050,44,55,-11
104900051,6,8,-2
104900052,0,0,0
104900053,48,8,40
104900054,22,2,20
104900055,0,0,0
104900056,21,0,21
104900057,36,1,35
104900058,88,59,29
104900059,0,0,0
104900060,2,272,-270
104900061,132,502,-370
104900063,0,69,-69
104900064,0,76,-76
104900065,0,65,-65
104900066,2,133,-131
104900067,2,177,-175
104900068,8,165,-157
104900070,29,255,-226
104900071,6,774,-768
104900072,10,152,-142
104900073,2,151,-149
104900074,10,168,-158
104900075,13,17,-4
104900076,35,464,-429
104900077,475,29,446
104900078,62,691,-629
104900079,69,41,28
104900080,18,427,-409
104900082,0,52,-52
104900085,1,99,-98
104900087,82,0,82
104900089,0,0,0
104900090,59,62,-3
104900091,155,568,-413
104900093,86,326,-240
104900097,1788,563,1225
104900098,5,9,-4
104900099,36,225,-189
104900100,487,112,375
104900102,15,161,-146
104900103,281,50,231
104900104,1439,307,1132
104900106,17,77,-60
104900107,10,207,-197
104900108,9,125,-116
104900109,6,61,-55
104900110,4,24,-20
104900111,31,48,-17
104900112,81,624,-543
104900113,165,220,-55
104900114,57,522,-465
104900115,141,356,-215
104900116,29,243,-214
104900118,1,52,-51
104900119,1,17,-16
104900120,0,0,0
104900121,0,0,0
104900122,0,0,0
104900123,0,0,0
104900124,0,0,0
104900125,75,1,74
104900126,25,37,-12
104900127,2,1,1
104900128,0,8,-8
104900129,1304,284,1020
105000001,1334,1411,-77
105000002,827,1204,-377
105000003,1286,2609,-1323
105000004,251,781,-530
105000005,349,841,-492
105000006,443,805,-362
105000007,289,611,-322
105000008,315,1018,-703
105000009,491,1235,-744
105000010,2038,2180,-142
105000011,946,918,28
105000012,3260,3086,174
105000013,423,468,-45
105000014,618,1008,-390
105000015,4534,2307,2227
105000016,2774,1332,1442
105000017,832,749,83
105000018,503,604,-101
105000019,761,595,166
105000020,79,274,-195
105000021,211,106,105
105000022,52,20,32
105000023,190,98,92
105000028,38,131,-93
105000029,180,488,-308
105000030,2824,3130,-306
105000033,784,2022,-1238
105000034,83,315,-232
105000037,415,457,-42
105000038,703,568,135
105000039,3137,2257,880
105000040,189,313,-124
105000041,446,1578,-1132
105000042,1086,458,628
105000043,2173,2773,-600
105000044,132,163,-31
105000045,156,928,-772
105000046,209,223,-14
105000047,252,1579,-1327
105000048,117,88,29
105000049,222,595,-373
105000050,53,37,16
105000051,134,335,-201
105000052,124,605,-481
105000053,69,168,-99
105000054,92,692,-600
105000055,142,358,-216
105000056,339,2034,-1695
105000057,532,830,-298
105000058,607,1077,-470
105000059,109,236,-127
105000060,190,508,-318
105000061,86,215,-129
105000062,358,973,-615
105000063,144,547,-403
105000064,187,432,-245
105000065,100,902,-802
105000066,363,1799,-1436
105000067,212,293,-81
105000068,309,715,-406
105000069,1802,265,1537
105000070,432,406,26
105000071,24,116,-92
105000072,285,197,88
105000073,383,242,141
105000074,477,836,-359
105000075,293,493,-200
105000076,585,918,-333
105000077,1206,685,521
105000078,731,574,157
105000079,1075,1170,-95
105000080,723,711,12
105000081,559,540,19
105000082,114,326,-212
105000083,494,494,0
105000084,314,895,-581
105000085,449,483,-34
105000086,246,764,-518
105000087,1827,1368,459
105000088,890,542,348
105000089,3102,2473,629
105000090,878,1108,-230
105000091,1793,2074,-281
105000092,433,1258,-825
105000093,311,200,111
105000094,131,144,-13
105000095,53,369,-316
105000096,390,352,38
105000097,514,515,-1
105000098,158,224,-66
105000099,332,719,-387
105000100,775,863,-88
105000101,1088,1729,-641
105000102,1373,1130,243
105000103,960,1879,-919
105000104,488,676,-188
105000105,375,1527,-1152
105000106,394,1250,-856
105000107,249,559,-310
105000108,419,1061,-642
105000109,496,1290,-794
105000110,245,518,-273
105000111,168,400,-232
105000112,446,508,-62
105000113,112,325,-213
105000114,2442,564,1878
105000115,151,344,-193
105000116,96,155,-59
105000117,370,1161,-791
105000118,51,171,-120
105000119,208,997,-789
105000120,130,310,-180
105000121,396,868,-472
105000122,88,187,-99
105000123,465,1040,-575
105000124,344,631,-287
105000125,197,1302,-1105
105000126,790,1729,-939
105000127,1115,1448,-333
105000128,131,981,-850
105000129,167,226,-59
105000130,24,301,-277
105000131,269,253,16
105000132,278,146,132
105000133,170,947,-777
105000134,129,174,-45
105000135,168,576,-408
105000136,43,310,-267
105000137,25,18,7
105000138,133,320,-187
105000139,470,1020,-550
105000140,27,98,-71
105000141,97,488,-391
105000142,14,128,-114
105000143,80,478,-398
105000144,157,551,-394
105000145,107,272,-165
105000146,166,484,-318
105000147,52,44,8
105000148,100,68,32
105000149,137,138,-1
105000150,1109,1017,92
105000151,170,182,-12
105000152,33,463,-430
105000153,202,344,-142
105000154,188,786,-598
105000155,52,352,-300
105000156,325,744,-419
105000157,582,1473,-891
105000158,722,672,50
105000159,217,1181,-964
105000160,481,480,1
105000161,319,1900,-1581
105000162,104,632,-528
105000163,755,901,-146
105000164,153,184,-31
105000165,826,1190,-364
105000166,5940,185,5755
105000167,2188,711,1477
105000168,14,705,-691
105000169,132,489,-357
105000170,24,619,-595
105000171,672,266,406
105000172,0,0,0
105000173,1,1,0
105000174,2,2,0
105000175,28,107,-79
105000176,35,38,-3
105000177,22,70,-48
105000178,31,176,-145
105000179,79,54,25
105000180,25,87,-62
105000181,10,107,-97
105000182,18,42,-24
105000183,2044,549,1495
105000184,1135,782,353
105000185,388,193,195
105000186,219,1227,-1008
105000187,172,108,64
105000188,54,48,6
105000189,61,631,-570
105000190,18,62,-44
105000191,114,430,-316
105000192,36,68,-32
105000193,28,106,-78
105000194,38,74,-36
105000195,109,950,-841
105000196,12,46,-34
105000197,80,487,-407
105000198,267,166,101
105000199,67,78,-11
105000200,52,222,-170
105000201,14,11,3
105000203,3,235,-232
105000204,41,94,-53
105000205,92,225,-133
105000207,623,207,416
105000208,0,0,0
105000209,115,339,-224
105000212,272,1141,-869
105000213,92,161,-69
105000214,7,148,-141
105000215,6,181,-175
105000216,33,351,-318
105000217,73,417,-344
105000218,148,526,-378
105000221,56,176,-120
105000222,7,19,-12
105000223,19,94,-75
105000226,5,105,-100
105000227,4,70,-66
105000228,82,582,-500
105000229,35,99,-64
105000231,3,1,2
105000233,273,347,-74
105000234,404,1132,-728
105000235,57,260,-203
105000237,169,24,145
105000243,14,214,-200
105000248,72,52,20
105000262,82,1360,-1278
105000269,27,131,-104
105000270,86,109,-23
105000271,0,241,-241
105000282,36,25,11
105000287,217,88,129
105000288,95,201,-106
105000289,400,486,-86
105000290,0,0,0
105000402,3707,1358,2349
105000426,171,390,-219
105000438,350,382,-32
105000446,9042,3255,5787
105000447,5881,1697,4184
105000454,98,789,-691
105000455,118,163,-45
105000474,1,1,0
105000477,43,186,-143
105000478,428,622,-194
105000479,50,154,-104
105000480,816,772,44
105000481,925,1013,-88
105000482,2797,1945,852
105000483,447,702,-255
105000484,1397,2005,-608
105000485,716,1100,-384
105000486,1852,1914,-62
105000488,1909,1850,59
105000489,178,450,-272
105000549,4,12,-8
105000550,214,763,-549
105000551,14,58,-44
105000552,2926,1516,1410
105900001,0,507,-507
105900002,1273,167,1106
105900003,1,39,-38
105900004,412,90,322
105900005,0,224,-224
105900006,3,38,-35
105900007,12,8,4
105900008,22,596,-574
105900009,1,9,-8
105900011,97,48,49
105900012,195,142,53
105900013,0,12,-12
105900014,0,59,-59
105900015,77,279,-202
105900016,59,537,-478
105900017,228,24,204
105900018,101,149,-48
105900019,18,548,-530
105900020,9,29,-20
105900021,10,410,-400
105900022,105,204,-99
105900023,1,152,-151
105900024,4,186,-182
105900025,20,52,-32
105900026,147,33,114
105900027,2747,1612,1135
105900028,20,103,-83
105900029,1602,289,1313
105900030,69,257,-188
105900031,222,200,22
105900032,15,90,-75
105900033,13,105,-92
105900034,19,212,-193
105900035,53,108,-55
105900036,7,97,-90
105900037,34,86,-52
105900038,43,159,-116
105900039,27,121,-94
105900040,18,57,-39
105900041,120,242,-122
105900042,18,61,-43
105900043,1081,65,1016
105900044,2,61,-59
105900045,2,370,-368
105900046,4,88,-84
105900047,23,4,19
105900048,9,328,-319
105900050,531,503,28
105900051,2,821,-819
105900052,74,14,60
105900053,2875,347,2528
105900054,201,172,29
105900056,479,56,423
105900057,6,135,-129
105900058,2,10,-8
105900059,0,7,-7
106000001,1186,362,824
106000002,1514,2436,-922
106000003,1911,889,1022
106000004,1826,1688,138
106000005,1242,2002,-760
106000006,3782,3559,223
106000007,278,278,0
106000008,227,269,-42
106000009,187,196,-9
106000010,291,411,-120
106000011,216,428,-212
106000012,361,1282,-921
106000013,791,920,-129
106000014,1308,1498,-190
106000015,457,576,-119
106000016,634,1796,-1162
106000017,394,511,-117
106000018,271,566,-295
106000019,89,285,-196
106000020,53,414,-361
106000021,166,307,-141
106000022,132,313,-181
106000023,248,176,72
106000024,206,706,-500
106000025,85,125,-40
106000026,105,260,-155
106000027,131,253,-122
106000028,300,762,-462
106000029,529,1409,-880
106000030,582,200,382
106000034,174,509,-335
106000035,205,452,-247
106000036,217,194,23
106000037,669,1013,-344
106000038,146,60,86
106000039,48,26,22
106000040,73,585,-512
106000041,348,228,120
106000043,175,39,136
106000046,120,15,105
106000047,14,282,-268
106000049,105,45,60
106000050,136,719,-583
106000051,102,134,-32
106000052,28,639,-611
106000053,0,0,0
106000054,224,377,-153
106000055,106,248,-142
106000056,219,466,-247
106000057,0,0,0
106000058,78,184,-106
106000059,65,82,-17
106000060,353,535,-182
106000061,88,243,-155
106000062,159,576,-417
106000063,82,229,-147
106000064,32,370,-338
106000065,21,55,-34
106000066,37,296,-259
106000067,40,36,4
106000068,13,538,-525
106000069,29,31,-2
106000070,106,643,-537
106000071,98,151,-53
106000072,2895,705,2190
106000073,901,805,96
106000074,123,382,-259
106000075,114,552,-438
106000076,394,956,-562
106000077,1154,583,571
106000078,182,470,-288
106000079,178,755,-577
106000080,300,572,-272
106000081,144,587,-443
106000082,1084,640,444
106000083,130,561,-431
106000084,99,408,-309
106000085,619,659,-40
106000086,160,356,-196
106000087,169,321,-152
106000088,63,535,-472
106000089,154,353,-199
106000090,65,447,-382
106000091,155,417,-262
106000092,142,96,46
106000093,34,22,12
106000094,77,308,-231
106000095,82,939,-857
106000096,139,499,-360
106000097,162,1270,-1108
106000098,97,673,-576
106000099,34,810,-776
106000100,237,197,40
106000101,212,185,27
106000102,59,395,-336
106000103,141,537,-396
106000104,270,207,63
106000105,142,797,-655
106000106,142,226,-84
106000107,65,345,-280
106000108,73,192,-119
106000109,38,322,-284
106000110,60,163,-103
106000111,65,536,-471
106000112,39,188,-149
106000113,861,538,323
106000114,295,177,118
106000115,115,419,-304
106000116,75,142,-67
106000117,594,715,-121
106000118,506,541,-35
106000119,1980,795,1185
106000120,441,298,143
106000121,60,111,-51
106000122,20,209,-189
106000123,93,246,-153
106000124,11,302,-291
106000125,12,297,-285
106000126,32,170,-138
106000127,158,763,-605
106000128,84,186,-102
106000129,177,665,-488
106000130,114,155,-41
106000131,45,464,-419
106000132,325,63,262
106000133,3159,582,2577
106000134,253,254,-1
106000135,104,659,-555
106000136,142,98,44
106000137,46,1276,-1230
106000138,138,23,115
106000139,0,0,0
106000140,10,113,-103
106000141,15,143,-128
106000142,0,0,0
106000143,9,118,-109
106000144,0,0,0
106000145,75,413,-338
106000146,0,0,0
106000147,174,304,-130
106000148,310,421,-111
106000149,224,245,-21
106000150,213,873,-660
106000151,2654,404,2250
106000152,907,433,474
106000153,39,486,-447
106000154,942,140,802
106000155,15,62,-47
106000156,144,198,-54
106000157,282,1429,-1147
106000158,1946,378,1568
106000159,3900,1081,2819
106000160,54,582,-528
106000161,885,502,383
106000162,51,220,-169
106000163,81,497,-416
106000164,56,135,-79
106000165,43,636,-593
106000166,104,205,-101
106000167,116,1342,-1226
106000168,55,166,-111
106000169,41,731,-690
106000170,97,146,-49
106000171,28,626,-598
106000172,795,613,182
106000173,265,2100,-1835
106000174,102,187,-85
106000175,77,824,-747
106000176,294,313,-19
106000177,310,1717,-1407
106000178,1008,708,300
106000179,616,1537,-921
106000180,469,1646,-1177
106000181,150,1551,-1401
106000182,169,489,-320
106000183,194,955,-761
106000184,449,840,-391
106000185,404,589,-185
106000186,331,87,244
106000187,73,454,-381
106000188,0,3,-3
106000189,1,35,-34
106000190,0,0,0
106000191,170,145,25
106000192,0,40,-40
106000193,145,100,45
106000194,53,256,-203
106000195,187,54,133
106000196,43,174,-131
106000197,125,232,-107
106000198,30,226,-196
106000199,611,275,336
106000200,310,83,227
106000201,231,468,-237
106000202,5941,271,5670
106000203,163,183,-20
106000204,3,2,1
106000205,13,208,-195
106000206,6,2,4
106000207,21,776,-755
106000208,86,11,75
106000209,105,111,-6
106000210,115,1246,-1131
106000211,179,1455,-1276
106000212,36,54,-18
106000213,375,695,-320
106000214,807,135,672
106000215,94,377,-283
106000216,135,150,-15
106000217,99,353,-254
106000218,131,185,-54
106000219,48,197,-149
106000220,170,144,26
106000221,17,298,-281
106000222,17,107,-90
106000223,8,70,-62
106000224,47,321,-274
106000225,14,45,-31
106000226,43,304,-261
106000228,9,113,-104
106000229,16,575,-559
106000231,166,56,110
106000232,10,331,-321
106000233,68,64,4
106000234,14,170,-156
106000235,61,21,40
106000236,47,20,27
106000237,0,8,-8
106000238,4,3,1
106000239,2,58,-56
106000240,12,1,11
106000241,21,387,-366
106000242,11,5,6
106000249,0,0,0
106000250,20,243,-223
106000251,15,14,1
106000252,6,99,-93
106000253,4,48,-44
106000254,17,76,-59
106000255,6,70,-64
106000256,39,101,-62
106000257,36,260,-224
106000258,21,5,16
106000259,0,9,-9
106000260,2,3,-1
106000261,1,34,-33
106000262,2,4,-2
106000263,3,38,-35
106000264,23,5,18
106000265,2,102,-100
106000266,28,3,25
106000267,4,105,-101
106000268,112,2,110
106000269,30,38,-8
106000270,58,308,-250
106000271,19,88,-69
106000272,49,49,0
106000273,7,73,-66
106000274,113,48,65
106000275,48,95,-47
106000276,58,44,14
106000277,103,75,28
106000278,97,35,62
106000279,4,63,-59
106000280,14,179,-165
106000281,56,68,-12
106000282,35,35,0
106000283,15,118,-103
106000284,11,56,-45
106000285,46,136,-90
106000286,25,71,-46
106000287,22,83,-61
106000288,35,125,-90
106000289,29,72,-43
106000290,24,149,-125
106000291,28,71,-43
106000292,31,132,-101
106000293,36,58,-22
106000294,43,58,-15
106000295,16,27,-11
106000296,55,56,-1
106000297,79,100,-21
106000298,102,29,73
106000299,27,68,-41
106000300,16,76,-60
106000301,46,82,-36
106000303,2,20,-18
106000304,13,27,-14
106000305,12,18,-6
106000306,22,86,-64
106000307,12,10,2
106000308,44,171,-127
106000309,6,78,-72
106000310,106,287,-181
106000311,129,78,51
106000312,21,119,-98
106000313,35,143,-108
106000318,101,182,-81
106000319,92,5,87
106000320,0,16,-16
106000321,151,34,117
106000322,24,164,-140
106000324,2,124,-122
106000325,422,467,-45
106000326,435,1531,-1096
106000327,14,90,-76
106000328,0,55,-55
106000329,12,219,-207
106000330,8,35,-27
106000428,30,148,-118
106000429,30,452,-422
106000430,197,1277,-1080
106000431,230,145,85
106000432,617,1906,-1289
106000433,459,310,149
106000434,834,198,636
106000435,1532,1816,-284
106000436,17,379,-362
106000437,40,13,27
106000438,127,44,83
106000439,62,397,-335
106000440,109,397,-288
106000441,0,0,0
106000442,21,3,18
106000443,33,546,-513
106000450,1,161,-160
106000451,8,3,5
106000454,3,12,-9
106000455,7,110,-103
106000456,18,17,1
106000457,5,1072,-1067
106000458,66,19,47
106000459,19,412,-393
106000460,99,9,90
106000461,25,1914,-1889
106000462,0,13,-13
106000463,1,4,-3
106000464,6,538,-532
106000465,40,0,40
106000466,9,614,-605
106000467,319,311,8
106000468,19,167,-148
106000469,39,0,39
106000470,126,548,-422
106000471,7,492,-485
106000472,17,3,14
106000473,16,23,-7
106000474,142,636,-494
106000475,60,101,-41
106000476,150,117,33
106000477,27,43,-16
106900001,1,6,-5
106900002,1,490,-489
106900003,89,467,-378
106900004,0,28,-28
106900006,0,12,-12
106900007,0,4,-4
106900008,44,129,-85
106900009,23,219,-196
106900010,31,180,-149
106900012,691,376,315
106900013,78,11,67
106900014,4,0,4
106900015,1,0,1
106900016,11,0,11
106900017,0,0,0
106900018,0,0,0
106900019,4,0,4
106900020,1871,197,1674
106900021,2,7,-5
106900022,17,0,17
106900023,2,198,-196
106900024,81,2,79
106900025,31,500,-469
106900026,2,819,-817
106900027,63,2,61
107000001,492,845,-353
107000002,1690,3011,-1321
107000003,1415,2625,-1210
107000004,3879,5136,-1257
107000005,574,1381,-807
107000006,2079,6045,-3966
107000007,2512,2223,289
107000008,17054,10803,6251
107000009,2009,2045,-36
107000010,8288,11081,-2793
107000011,685,1095,-410
107000012,2638,2843,-205
107000013,20,200,-180
107000014,6,254,-248
107000015,167,841,-674
107000016,153,1056,-903
107000017,3479,827,2652
107000018,7,372,-365
107000020,1243,293,950
107000021,1120,1189,-69
107000022,555,1961,-1406
107000023,1465,427,1038
107000024,378,2421,-2043
107000025,77,288,-211
107000026,60,652,-592
107000027,574,649,-75
107000028,677,1012,-335
107000029,632,1011,-379
107000030,2253,2342,-89
107000031,688,1015,-327
107000032,52,245,-193
107000033,3102,4618,-1516
107000034,5491,1573,3918
107000035,185,112,73
107000036,258,658,-400
107000037,40,405,-365
107000038,138,201,-63
107000039,225,274,-49
107000040,96,316,-220
107000041,646,345,301
107000042,321,1017,-696
107000043,1947,466,1481
107000044,455,400,55
107000045,47,237,-190
107000046,194,178,16
107000047,148,708,-560
107000048,128,219,-91
107000049,102,483,-381
107000050,232,354,-122
107000051,394,229,165
107000052,479,325,154
107000053,103,40,63
107000054,49,222,-173
107000055,21,14,7
107000056,302,594,-292
107000057,1171,171,1000
107000058,430,573,-143
107000059,1021,2167,-1146
107000060,1057,2247,-1190
107000061,3099,3329,-230
107000062,841,1176,-335
107000063,2049,4721,-2672
107000064,978,914,64
107000065,2179,5543,-3364
107000066,952,973,-21
107000067,466,588,-122
107000068,889,280,609
107000069,192,224,-32
107000070,13,1,12
107000071,236,9,227
107000072,29,3113,-3084
107000073,45,47,-2
107000074,121,781,-660
107000075,182,32,150
107000076,539,1773,-1234
107000077,600,88,512
107000078,734,2955,-2221
107000079,434,155,279
107000080,567,2757,-2190
107000081,234,234,0
107000082,223,2595,-2372
107000083,182,101,81
107000084,247,2449,-2202
107000085,1324,1861,-537
107000086,2038,1896,142
107000087,1408,1299,109
107000088,1266,2250,-984
107000089,639,956,-317
107000090,594,678,-84
107000091,392,617,-225
107000092,305,855,-550
107000093,263,491,-228
107000094,325,902,-577
107000095,109,83,26
107000096,290,852,-562
107000097,73,78,-5
107000098,200,543,-343
107000099,125,123,2
107000100,177,328,-151
107000101,16,43,-27
107000102,261,269,-8
107000103,73,50,23
107000104,124,244,-120
107000105,79,51,28
107000106,70,309,-239
107000107,85,59,26
107000108,76,793,-717
107000109,0,0,0
107000110,33,500,-467
107000111,0,0,0
107000112,6,384,-378
107000113,0,0,0
107000114,26,582,-556
107000115,0,0,0
107000116,36,887,-851
107000117,0,1,-1
107000118,42,246,-204
107000119,1129,214,915
107000120,2055,330,1725
107000121,123,284,-161
107000122,412,656,-244
107000123,57,435,-378
107000124,134,624,-490
107000125,233,575,-342
107000126,357,1052,-695
107000129,85,657,-572
107000130,41,100,-59
107000131,199,494,-295
107000132,90,137,-47
107000133,100,123,-23
107000134,53,1,52
107000135,3,200,-197
107000136,104,1,103
107000137,4,305,-301
107000138,128,6,122
107000139,9,264,-255
107000140,249,22,227
107000141,82,747,-665
107000142,130,10,120
107000143,22,680,-658
107000144,104,67,37
107000145,59,366,-307
107000146,87,65,22
107000147,1972,491,1481
107000150,631,1240,-609
107000151,17,24,-7
107000152,182,254,-72
107000153,245,189,56
107000154,34,22,12
107000155,334,18,316
107000156,552,49,503
107000157,28,2829,-2801
107000158,111,17,94
107000159,10,1505,-1495
107000160,189,43,146
107000161,31,1866,-1835
107000162,98,141,-43
107000163,6,0,6
107000164,42,0,42
107000165,93,0,93
107000166,23,1183,-1160
107000167,171,192,-21
107000168,328,137,191
107000169,772,1040,-268
107000170,245,214,31
107000171,247,2883,-2636
107000172,176,319,-143
107000173,418,1111,-693
107000174,488,1330,-842
107000175,10215,1416,8799
107000176,0,0,0
107000177,0,0,0
107000178,3,18,-15
107000179,114,3073,-2959
107000180,276,236,40
107000181,106,1137,-1031
107000182,280,491,-211
107000183,58,898,-840
107000184,184,463,-279
107000185,80,1046,-966
107000186,83,156,-73
107000187,515,670,-155
107000188,192,273,-81
107000189,123,505,-382
107000190,201,541,-340
107000191,164,426,-262
107000192,495,733,-238
107000193,102,188,-86
107000194,487,582,-95
107000197,117,98,19
107000198,122,786,-664
107000199,426,725,-299
107000200,869,295,574
107000201,208,227,-19
107000202,105,385,-280
107000203,728,427,301
107000204,678,383,295
107000205,2526,1156,1370
107000206,373,280,93
107000207,716,784,-68
107000208,1294,210,1084
107000209,1561,259,1302
107000210,1236,146,1090
107000211,8,10,-2
107000212,7,262,-255
107000213,80,7,73
107000214,3,131,-128
107000215,122,426,-304
107000216,30,421,-391
107000217,36,140,-104
107000219,48,102,-54
107000220,41,347,-306
107000222,126,649,-523
107000224,159,19,140
107000225,74,890,-816
107000226,70,36,34
107000227,67,660,-593
107000228,84,90,-6
107000229,123,97,26
107000230,790,357,433
107000231,159,179,-20
107000232,44,43,1
107000233,186,211,-25
107000234,0,6,-6
107000235,0,2,-2
107000236,17,532,-515
107000237,0,0,0
107000238,0,7,-7
107000239,5665,298,5367
107000240,26,1148,-1122
107000241,60,18,42
107000242,483,49,434
107000243,0,44,-44
107000244,5,79,-74
107000246,3,1042,-1039
107000249,0,667,-667
107000251,0,252,-252
107000252,4,1345,-1341
107000255,575,70,505
107000257,4,687,-683
107000258,1,146,-145
107000259,1,278,-277
107000260,53,4,49
107000262,2,846,-844
107000263,30,2,28
107000266,3,1,2
107000267,36,170,-134
107000268,102,177,-75
107000269,48,26,22
107000270,0,11,-11
107000271,8,1037,-1029
107000272,3,312,-309
107000273,0,291,-291
107000274,948,333,615
107000275,54,758,-704
107000280,97,7,90
107000281,13,1051,-1038
107000282,20,1716,-1696
107000290,2,62,-60
107000291,2,21,-19
107000292,8,70,-62
107000293,93,2,91
107000294,0,53,-53
107000295,32,1,31
107000296,0,1,-1
107000444,195,7,188
107000496,0,12,-12
107000497,590,2970,-2380
107000500,192,241,-49
107000501,36,83,-47
107000502,43,277,-234
107000505,451,571,-120
107000506,1,20,-19
107000508,0,697,-697
107000509,92,138,-46
107000510,13,8,5
107000514,2,279,-277
107000515,16,299,-283
107000516,66,94,-28
107000518,128,66,62
107000519,2715,1149,1566
107000520,16,11,5
107000521,95,341,-246
107000522,60,288,-228
107900001,10,297,-287
107900002,57,2,55
107900003,37,3,34
107900004,17,1,16
107900005,150,2,148
107900006,12,0,12
107900007,50,7,43
107900008,34,42,-8
107900009,47,1,46
107900010,2,2,0
107900012,95,5,90
107900013,79,50,29
107900014,4,0,4
107900015,157,2,155
107900016,220,67,153
107900017,5,1,4
107900018,8,22,-14
107900019,1,105,-104
107900020,59,3,56
107900021,5,126,-121
107900023,0,0,0
107900024,0,3,-3
107900025,154,346,-192
107900026,9,113,-104
107900027,13,119,-106
107900028,3,85,-82
107900030,54,4,50
107900031,28,221,-193
107900032,2,0,2
107900033,3,2,1
107900034,55,1,54
107900035,141,7,134
107900036,9,3,6
107900037,1,11,-10
107900038,113,44,69
107900039,2,71,-69
107900040,9,29,-20
107900041,1,0,1
107900043,11,101,-90
107900044,3,1,2
107900045,19,4,15
107900046,21,6,15
107900047,0,36,-36
107900048,27,4,23
107900049,138,384,-246
107900050,87,248,-161
107900051,18,71,-53
107900052,0,2,-2
107900053,13,58,-45
107900055,94,68,26
107900056,52,10,42
107900057,0,0,0
107900058,18,630,-612
107900060,3,25,-22
107900061,13,2,11
107900063,22,62,-40
107900064,161,5,156
107900065,27,7,20
107900066,0,4,-4
107900067,0,0,0
107900068,93,175,-82
107900069,9,161,-152
107900070,11,3,8
107900071,8,935,-927
107900072,11,170,-159
107900073,7,105,-98
107900074,665,37,628
107900076,16,42,-26
107900077,7,1,6
107900078,81,7,74
107900079,1,11,-10
107900080,136,109,27
107900081,4,35,-31
107900082,15,8,7
107900083,101,57,44
107900084,21,25,-4
107900086,23,45,-22
107900087,172,22,150
107900088,0,1,-1
107900089,260,813,-553
107900090,222,241,-19
107900091,50,372,-322
107900092,1886,358,1528
107900093,12,12,0
107900094,0,1,-1
107900095,2100,602,1498
107900097,10,30,-20
107900098,17,48,-31
107900100,673,160,513
107900101,633,73,560
107900102,3,0,3
107900103,39,183,-144
107900104,24,1,23
107900105,2,523,-521
107900106,3,1323,-1320
107900107,1340,86,1254
107900108,162,28,134
107900109,137,0,137
107900110,1,99,-98
107900111,0,1331,-1331
107900112,48,130,-82
107900113,10,58,-48
107900114,27,204,-177
107900115,2,26,-24
107900116,16,208,-192
107900117,96,290,-194
107900118,22,106,-84
107900119,14,42,-28
107900120,4,2,2
107900121,0,86,-86
107900122,12,33,-21
107900123,0,14,-14
107900124,2,56,-54
107900125,12,149,-137
107900126,1,19,-18
107900127,435,42,393
107900128,67,20,47
107900129,1,53,-52
107900130,6,5,1
107900131,63,19,44
107900132,28,379,-351
107900133,0,37,-37
107900134,7,6,1
107900135,4,166,-162
107900136,39,18,21
107900137,47,42,5
107900138,10,29,-19
107900139,4,15,-11
107900140,44,41,3
107900141,13,8,5
107900142,26,771,-745
107900143,35,33,2
107900144,0,138,-138
107900145,18,67,-49
107900146,21,69,-48
107900147,12,6,6
107900148,73,140,-67
107900149,1833,73,1760
107900150,36,540,-504
107900151,3,102,-99
107900152,6,228,-222
107900153,65,68,-3
107900154,4,3,1
107900155,4,16,-12
107900156,4,295,-291
107900157,41,39,2
107900158,80,3,77
107900159,23,969,-946
107900160,2,177,-175
107900161,1,213,-212
107900162,0,174,-174
107900163,21,24,-3
107900164,0,16,-16
107900165,10,6,4
107900166,3,291,-288
107900167,0,3,-3
107900168,4,32,-28
107900169,0,177,-177
107900171,8,1404,-1396
107900172,2,311,-309
107900173,4,243,-239
107900174,9,1,8
107900175,0,10,-10
107900176,4,32,-28
107900177,2,236,-234
107900178,0,278,-278
107900179,1,106,-105
107900180,876,71,805
107900181,205,382,-177
107900182,3,1422,-1419
107900183,1,366,-365
107900184,6,215,-209
107900185,10,1,9
107900186,2,24,-22
107900187,0,153,-153
107900188,605,67,538
107900189,7,105,-98
107900190,128,19,109
107900191,5,108,-103
107900193,1,20,-19
107900194,20,2,18
107900195,3782,314,3468
107900196,17,45,-28
107900197,126,41,85
107900199,3,1124,-1121
107900201,31,94,-63
107900203,6,50,-44
107900204,262,188,74
107900205,79,422,-343
107900206,201,108,93
107900207,0,634,-634
107900208,2,827,-825
107900209,241,62,179
107900210,34,75,-41
107900213,80,263,-183
107900214,1,160,-159
107900215,116,270,-154
107900216,26,27,-1
107900217,8,24,-16
107900218,12,1638,-1626
107900219,5,127,-122
107900220,85,37,48
107900221,136,190,-54
107900223,31,319,-288
107900224,118,260,-142
107900225,2,682,-680
107900226,18,148,-130
107900227,59,412,-353
107900228,3,98,-95
107900229,3,255,-252
107900230,1,130,-129
107900231,1,104,-103
107900232,13,242,-229
107900233,6,166,-160
107900234,19,171,-152
107900235,38,88,-50
107900236,12,95,-83
107900237,150,465,-315
107900238,8,84,-76
107900239,1073,376,697
107900240,6,143,-137
107900241,1,103,-102
107900242,3,310,-307
107900243,0,46,-46
107900244,30,0,30
107900245,71,25,46
107900246,13,4,9
107900248,73,466,-393
107900249,83,2,81
107900250,1,466,-465
107900251,8,1116,-1108
107900252,84,4,80
107900253,16,0,16
107900254,16,109,-93
107900255,344,23,321
107900256,381,568,-187
107900257,30,12,18
107900258,31,282,-251
107900259,59,239,-180
107900261,1,500,-499
107900262,11,53,-42
107900264,26,2,24
107900265,15,186,-171
107900267,20,8,12
107900268,20,0,20
107900269,1,1,0
107900270,0,0,0
107900271,0,0,0
107900272,2,0,2
107900273,4,50,-46
107900274,5,0,5
107900275,38,0,38
107900276,1,53,-52
107900277,2,193,-191
107900278,64,281,-217
107900279,93,32,61
107900280,1715,927,788
107900281,2311,389,1922
107900282,8,75,-67
107900283,1320,243,1077
107900284,60,628,-568
107900285,39,113,-74
107900286,48,47,1
107900287,28,61,-33
107900290,0,24,-24
107900291,120,4,116
107900292,45,225,-180
107900293,16,422,-406
107900295,8,113,-105
107900297,2,200,-198
107900298,371,633,-262
107900299,3053,543,2510
107900300,15,152,-137
107900301,184,119,65
107900302,18,9,9
107900303,17,255,-238
107900304,42,472,-430
107900305,50,2,48
107900306,3,2,1
107900307,29,264,-235
107900308,75,6,69
107900309,2,0,2
107900310,0,0,0
107900311,43,19,24
107900312,0,0,0
107900313,0,39,-39
107900314,0,41,-41
107900315,0,24,-24
107900316,2,0,2
107900317,4,1,3
107900318,2,57,-55
107900319,3,277,-274
107900320,2,151,-149
107900321,13,0,13
107900322,0,210,-210
107900323,1,166,-165
107900324,48,1,47
107900325,23,0,23
107900326,37,423,-386
107900327,0,0,0
107900328,0,0,0
107900329,0,0,0
107900330,3,578,-575
107900331,13,14,-1
107900332,21,13,8
107900333,19,0,19
107900334,5,189,-184
107900335,26,44,-18
107900336,6,14,-8
107900337,920,133,787
107900338,2,123,-121
107900339,0,16,-16
107900340,0,46,-46
107900341,4,0,4
107900342,22,112,-90
107900343,6,1,5
107900344,0,38,-38
107900345,37,6,31
107900346,22,0,22
107900347,6,0,6
107900348,5,3,2
107900349,11,4,7
107900350,34,285,-251
108000001,1017,1148,-131
108000002,1767,2947,-1180
108000003,1250,672,578
108000004,13781,12758,1023
108000005,1667,1141,526
108000006,2790,5070,-2280
108000007,1473,1446,27
108000008,2762,4887,-2125
108000009,803,1507,-704
108000010,1214,4527,-3313
108000011,3786,3315,471
108000012,13862,13265,597
108000014,90,277,-187
108000015,103,187,-84
108000016,91,466,-375
108000017,83,155,-72
108000018,213,208,5
108000019,279,251,28
108000020,157,165,-8
108000021,248,1394,-1146
108000022,292,1299,-1007
108000023,368,38,330
108000024,34,516,-482
108000025,38,164,-126
108000026,62,420,-358
108000027,63,463,-400
108000028,30,206,-176
108000029,58,613,-555
108000030,28,136,-108
108000031,49,572,-523
108000032,277,148,129
108000033,296,1034,-738
108000034,260,150,110
108000035,527,2313,-1786
108000036,140,1340,-1200
108000037,312,97,215
108000038,346,97,249
108000039,149,2140,-1991
108000040,282,150,132
108000041,397,2226,-1829
108000042,12,147,-135
108000043,53,283,-230
108000044,13,98,-85
108000045,66,781,-715
108000046,180,119,61
108000047,199,1096,-897
108000048,49,444,-395
108000049,64,57,7
108000050,48,383,-335
108000051,31,16,15
108000052,160,536,-376
108000053,59,32,27
108000054,217,591,-374
108000055,185,199,-14
108000056,507,789,-282
108000057,163,327,-164
108000058,595,721,-126
108000059,2293,1151,1142
108000060,21,159,-138
108000061,74,331,-257
108000062,175,179,-4
108000063,135,728,-593
108000064,34,132,-98
108000065,183,622,-439
108000066,483,264,219
108000067,334,146,188
108000068,124,125,-1
108000069,81,986,-905
108000070,249,164,85
108000071,270,1575,-1305
108000072,234,242,-8
108000073,610,1534,-924
108000074,65,121,-56
108000075,150,667,-517
108000076,141,116,25
108000077,355,989,-634
108000078,568,516,52
108000079,758,1671,-913
108000080,182,244,-62
108000081,226,2711,-2485
108000082,756,1243,-487
108000083,535,247,288
108000084,197,955,-758
108000085,85,75,10
108000086,612,585,27
108000087,67,409,-342
108000088,30,1,29
108000089,135,157,-22
108000090,49,18,31
108000091,35,465,-430
108000092,10,21,-11
108000093,55,765,-710
108000094,66,32,34
108000095,77,426,-349
108000096,38,19,19
108000097,41,513,-472
108000098,120,375,-255
108000099,0,2,-2
108000100,2,10,-8
108000101,142,268,-126
108000102,358,834,-476
108000106,149,0,149
108000107,2,558,-556
108000108,109,8,101
108000109,2,594,-592
108000110,20,153,-133
108000111,77,452,-375
108000112,11,10,1
108000113,281,251,30
108000115,310,234,76
108000117,522,176,346
108000118,39,84,-45
108000119,301,320,-19
108000120,4,278,-274
108000121,54,491,-437
108000122,51,181,-130
108000123,112,201,-89
108000124,58,524,-466
108000125,47,277,-230
108000126,69,578,-509
108000127,40,355,-315
108000128,77,772,-695
108000129,74,1469,-1395
108000130,47,245,-198
108000131,159,67,92
108000132,644,755,-111
108000133,192,221,-29
108000134,404,899,-495
108000135,200,152,48
108000136,553,1021,-468
108000137,124,329,-205
108000138,137,938,-801
108000139,38,317,-279
108000140,19,13,6
108000141,7,183,-176
108000142,20,101,-81
108000143,13,13,0
108000144,11,15,-4
108000145,13,19,-6
108000146,10,7,3
108000147,10,32,-22
108000148,10,1,9
108000149,4,19,-15
108000150,23,4,19
108000151,6,8,-2
108000152,26,495,-469
108000153,49,27,22
108000154,8,9,-1
108000155,3,6,-3
108000156,181,70,111
108000157,35,164,-129
108000158,54,210,-156
108000159,370,74,296
108000160,4198,371,3827
108000161,3710,556,3154
108000165,7,67,-60
108000172,1,63,-62
108000173,2247,844,1403
108000175,25,55,-30
108000178,334,327,7
108000179,161,255,-94
108000181,15,45,-30
108000182,92,10,82
108000183,4,6,-2
108000184,711,630,81
108000185,24,673,-649
108000186,21,47,-26
108000187,25,824,-799
108000188,94,172,-78
108000189,136,319,-183
108000190,9,100,-91
108000192,52,563,-511
108000193,398,46,352
108000194,0,3,-3
108000195,3,856,-853
108000196,7,40,-33
108000198,134,352,-218
108000199,0,77,-77
108000200,82,560,-478
108000202,0,204,-204
108000203,17,1041,-1024
108000204,50,27,23
108000205,491,527,-36
108000339,823,129,694
108000364,85,75,10
108000365,14,255,-241
108000367,67,205,-138
108000368,3,44,-41
108000369,1581,56,1525
108000371,0,489,-489
108000372,67,1,66
108000373,0,2,-2
108000376,51,8,43
108000377,134,321,-187
108000378,4524,2623,1901
108000379,14,99,-85
108000381,17,6,11
108000382,10,0,10
108000383,0,103,-103
108900001,123,897,-774
108900002,118,22,96
108900003,274,847,-573
108900004,253,111,142
108900005,7,79,-72
108900006,221,114,107
108900007,30,101,-71
108900008,14,99,-85
108900009,7,67,-60
108900010,27,110,-83
108900011,63,194,-131
108900012,55,391,-336
108900013,21,198,-177
108900014,0,40,-40
108900015,0,6,-6
108900016,2,139,-137
108900017,74,102,-28
108900018,27,535,-508
108900019,9,1232,-1223
108900020,19,274,-255
108900021,37,284,-247
108900022,6,3,3
108900023,0,22,-22
108900024,1,103,-102
108900025,8,69,-61
108900026,14,53,-39
108900027,2,134,-132
108900028,21,585,-564
108900029,10,196,-186
108900030,0,138,-138
108900031,7,668,-661
108900032,2,239,-237
108900033,0,60,-60
108900034,0,249,-249
108900035,60,1986,-1926
108900036,99,296,-197
108900037,9,405,-396
108900038,0,357,-357
108900039,0,507,-507
108900040,0,122,-122
108900041,4256,723,3533
108900042,1,191,-190
108900043,18,390,-372
108900044,0,689,-689
108900045,23,516,-493
108900046,20,822,-802
108900047,0,66,-66
108900048,37,733,-696
108900049,4331,377,3954
108900050,3,198,-195
108900051,0,209,-209
108900052,0,258,-258
108900053,54,60,-6
108900054,13,159,-146
108900055,47,409,-362
108900056,0,185,-185
108900057,1,210,-209
108900058,3,558,-555
108900059,109,5,104
108900060,48,36,12
108900061,30,17,13
108900062,0,354,-354
108900063,3,467,-464
108900064,17,41,-24
108900065,4,273,-269
108900066,53,58,-5
108900067,6,272,-266
108900068,0,200,-200
108900069,8,121,-113
108900070,26,161,-135
108900071,15,23,-8
108900072,1735,82,1653
108900073,9,175,-166
108900074,16,448,-432
108900075,37,87,-50
108900076,38,46,-8
108900077,61,274,-213
108900078,4,155,-151
108900079,405,208,197
108900080,10,94,-84
108900081,33,181,-148
108900082,23,76,-53
108900083,3,52,-49
108900084,284,55,229
108900085,1461,69,1392
108900086,19,272,-253
108900087,99,122,-23
108900088,164,61,103
108900089,1,26,-25
108900090,5,419,-414
108900091,94,61,33
108900092,89,98,-9
108900093,22,6,16
108900094,68,40,28
108900095,32,599,-567
108900096,320,14,306
108900097,71,209,-138
108900098,2450,51,2399
108900099,48,288,-240
108900100,22,89,-67
108900101,44,10,34
108900102,66,170,-104
108900103,5,20,-15
108900104,227,232,-5
108900105,1,178,-177
108900106,55,539,-484
108900108,32,8,24
108900109,28,15,13
108900110,20,434,-414
108900111,35,665,-630
108900112,35,4,31
108900113,5,11,-6
108900114,1,2,-1
108900115,14,19,-5
108900116,6,1,5
108900117,16,10,6
108900118,57,0,57
108900119,47,25,22
108900120,19,26,-7
108900121,41,8,33
108900122,21,8,13
108900123,31,8,23
108900124,59,29,30
108900125,35,0,35
108900126,22,0,22
108900127,12,5,7
108900128,5,1,4
108900129,69,34,35
108900130,12,0,12
108900131,70,0,70
108900132,44,19,25
108900133,67,18,49
108900134,31,94,-63
108900135,15,0,15
108900136,0,0,0
108900137,13,1,12
108900138,85,4,81
108900139,34,21,13
108900140,14,119,-105
108900141,29,4,25
108900142,3,1,2
108900143,2,0,2
108900144,10,0,10
108900145,7,0,7
108900146,8,1,7
108900147,42,0,42
108900148,35,13,22
108900149,260,186,74
108900150,123,4,119
108900151,7,0,7
108900152,11,0,11
108900153,13,549,-536
108900154,864,93,771
108900155,26,72,-46
108900156,23,7,16
108900157,3,543,-540
108900158,29,4,25
108900159,3,252,-249
108900160,5,166,-161
108900161,9,411,-402
108900162,6,0,6
108900163,2,45,-43
108900164,4,81,-77
108900165,98,46,52
108900167,1118,695,423
108900168,9490,927,8563
108900169,12,55,-43
108900171,5426,580,4846
108900172,33,4,29
108900173,150,231,-81
108900174,131,250,-119
108900176,50,533,-483
108900177,8783,982,7801
108900178,4435,503,3932
108900179,152,288,-136
108900180,17,47,-30
108900182,1,51,-50
108900183,77,144,-67
108900184,38,60,-22
108900185,9,155,-146
108900186,5,194,-189
108900187,29,17,12
108900188,43,26,17
108900189,37,82,-45
108900190,6,2362,-2356
108900191,45,5,40
108900192,15,244,-229
108900193,36,11,25
108900194,6,298,-292
108900195,19,273,-254
108900196,4,533,-529
108900198,4,486,-482
108900199,26,266,-240
108900200,163,195,-32
108900201,94,635,-541
108900203,92,17,75
108900204,50,1,49
108900205,28,0,28
108900206,37,5,32
108900207,16,7,9
108900208,25,256,-231
108900209,135,553,-418
108900210,59,137,-78
108900211,33,102,-69
108900212,466,276,190
108900215,40,493,-453
108900216,195,46,149
108900217,5,0,5
108900218,20,0,20
108900219,4,1,3
108900220,8,0,8
108900221,20,22,-2
108900222,20,0,20
108900223,3,23,-20
108900224,15,62,-47
108900225,1,129,-128
108900226,36,0,36
108900227,31,29,2
108900230,351,238,113
108900231,26,214,-188
108900232,0,355,-355
108900233,75,6,69
108900234,56,21,35
108900235,117,488,-371
108900236,15,254,-239
108900237,14,226,-212
108900240,10,67,-57
108900241,2,27,-25
108900245,1,121,-120
108900249,16,1,15
108900250,27,41,-14
108900257,12,472,-460
108900258,8,170,-162
108900259,4,38,-34
108900260,8,127,-119
108900261,59,86,-27
108900262,285,41,244
108900263,31,291,-260
108900264,138,127,11
108900265,1049,111,938
108900266,761,61,700
108900267,1,12,-11
108900268,0,0,0
108900269,7,2,5
108900270,17,0,17
108900271,1,0,1
108900272,10,0,10
108900273,619,159,460
108900274,7,27,-20
109000001,1488,436,1052
109000002,3863,1154,2709
109000003,717,326,391
109000004,330,2635,-2305
109000005,470,418,52
109000006,466,1886,-1420
109000007,260,312,-52
109000008,252,1760,-1508
109000009,996,478,518
109000010,924,3440,-2516
109000011,527,716,-189
109000012,838,3618,-2780
109000013,848,529,319
109000014,838,3357,-2519
109000015,1118,1116,2
109000016,9232,3687,5545
109000017,675,512,163
109000018,478,3084,-2606
109000019,659,461,198
109000020,801,1882,-1081
109000023,5,3,2
109000024,2,110,-108
109000025,235,137,98
109000026,398,246,152
109000027,35,166,-131
109000028,34,103,-69
109000029,121,63,58
109000030,30,424,-394
109000031,0,0,0
109000032,30,363,-333
109000033,50,4,46
109000034,26,30,-4
109000035,5,8,-3
109000036,54,313,-259
109000037,58,313,-255
109000038,489,261,228
109000039,236,150,86
109000040,3773,1045,2728
109000041,5544,599,4945
109000042,541,584,-43
109000044,21,59,-38
109000045,21,388,-367
109000046,22,45,-23
109000047,23,402,-379
109000048,112,33,79
109000049,125,423,-298
109000050,32,18,14
109000051,130,234,-104
109000052,152,1485,-1333
109000053,51,53,-2
109000054,28,603,-575
109000055,46,94,-48
109000056,98,573,-475
109000057,100,88,12
109000058,382,165,217
109000059,182,551,-369
109000060,139,49,90
109000061,1289,303,986
109000062,61,56,5
109000063,113,228,-115
109000064,36,89,-53
109000065,24,369,-345
109000066,69,89,-20
109000067,20,343,-323
109000068,4,0,4
109000069,4,2,2
109000070,2,561,-559
109000071,216,59,157
109000072,46,315,-269
109000073,22,60,-38
109000074,16,215,-199
109000075,17,305,-288
109000076,20,65,-45
109000077,140,168,-28
109000078,15,54,-39
109000079,20,195,-175
109000080,17,76,-59
109000081,14,470,-456
109000082,93,301,-208
109000083,59,706,-647
109000088,42,373,-331
109000089,52,5,47
109000090,154,444,-290
109000091,134,23,111
109000092,277,654,-377
109000093,55,41,14
109000094,46,3,43
109000095,35,744,-709
109000096,127,20,107
109000097,43,69,-26
109000098,1,4,-3
109000099,114,216,-102
109000100,36,398,-362
109000101,180,575,-395
109000102,96,692,-596
109000103,96,457,-361
109000104,286,344,-58
109000105,189,1365,-1176
109000106,299,255,44
109000107,176,1443,-1267
109000108,208,223,-15
109000109,288,1490,-1202
109000110,217,195,22
109000111,503,1900,-1397
109000112,84,104,-20
109000113,94,165,-71
109000114,30,190,-160
109000115,341,11,330
109000116,2,156,-154
109000117,40,71,-31
109000118,9,265,-256
109000119,129,163,-34
109000120,31,1236,-1205
109000121,22,23,-1
109000122,39,1235,-1196
109000123,11,50,-39
109000124,127,244,-117
109000125,131,218,-87
109000126,115,954,-839
109000127,94,70,24
109000128,110,2467,-2357
109000129,342,99,243
109000130,252,2385,-2133
109000131,263,96,167
109000132,427,1502,-1075
109000133,104,704,-600
109000134,254,1303,-1049
109000135,515,1018,-503
109000136,128,369,-241
109000137,78,154,-76
109000138,108,456,-348
109000139,137,292,-155
109000140,49,475,-426
109000141,88,299,-211
109000142,41,497,-456
109000143,28,22,6
109000145,29,69,-40
109000146,22,45,-23
109000148,3609,404,3205
109000149,21,12,9
109000150,23,89,-66
109000155,155,382,-227
109000156,783,761,22
109000158,10,189,-179
109000159,32,438,-406
109000160,164,238,-74
109000161,97,1113,-1016
109000162,744,857,-113
109000163,273,1037,-764
109000164,397,1862,-1465
109000165,316,483,-167
109000166,155,131,24
109000167,36,769,-733
109000170,16,35,-19
109000171,34,42,-8
109000172,25,31,-6
109000173,15,29,-14
109000174,28,45,-17
109000175,12,90,-78
109000176,68,330,-262
109000177,7,73,-66
109000178,131,289,-158
109000179,6448,1064,5384
109000180,4327,1473,2854
109000181,3,23,-20
109000182,9,62,-53
109000183,3,40,-37
109000184,24,18,6
109000185,3,76,-73
109000188,121,2420,-2299
109000189,363,570,-207
109000190,175,455,-280
109000191,42,355,-313
109000192,38,180,-142
109000193,61,373,-312
109000194,22,108,-86
109000195,29,368,-339
109000196,48,84,-36
109000197,57,437,-380
109000198,30,46,-16
109000199,60,414,-354
109000206,64,43,21
109000207,24,40,-16
109000208,75,17,58
109000209,52,34,18
109000210,143,372,-229
109000211,38,172,-134
109000214,85,533,-448
109000215,11,19,-8
109000216,16,24,-8
109000217,74,56,18
109000218,141,78,63
109000221,84,971,-887
109000222,124,11,113
109000223,99,149,-50
109000224,26,293,-267
109000225,30,32,-2
109000226,24,281,-257
109000227,191,1189,-998
109000228,1,266,-265
109000231,3,518,-515
109000232,48,455,-407
109000236,68,637,-569
109000241,407,1240,-833
109000242,249,714,-465
109000293,3,20,-17
109000361,48,129,-81
109000364,68,567,-499
109000396,2,983,-981
109000397,92,8,84
109000399,70,423,-353
109000400,22,277,-255
109000403,21,114,-93
109000406,2,5,-3
109000407,60,251,-191
109000408,0,399,-399
109000410,328,101,227
109000411,39,12,27
109900001,3,0,3
109900002,102,3,99
109900003,47,1,46
109900004,194,181,13
109900005,11,2,9
109900006,40,248,-208
109900007,78,957,-879
109900008,0,27,-27
109900009,39,1363,-1324
109900010,135,5,130
109900011,19,13,6
109900012,27,45,-18
109900013,89,43,46
109900014,47,22,25
109900015,78,40,38
109900016,38,47,-9
109900017,19,18,1
109900018,40,135,-95
109900019,20,75,-55
109900020,0,7,-7
109900021,4,1,3
109900022,18,358,-340
109900023,3,0,3
109900024,1,0,1
109900025,1,59,-58
109900026,4,106,-102
109900027,14,1,13
109900028,2187,175,2012
109900029,5,571,-566
109900030,7,0,7
109900031,0,70,-70
109900032,4,202,-198
109900033,1,342,-341
109900034,3,0,3
109900035,1,11,-10
109900036,32,63,-31
109900037,5,459,-454
109900038,4,211,-207
109900039,1,0,1
109900040,8,663,-655
109900041,42,399,-357
109900042,24,472,-448
109900044,101,245,-144
109900045,7,18,-11
109900046,19,37,-18
109900047,253,180,73
109900048,17,46,-29
109900049,6,21,-15
109900050,0,216,-216
109900051,0,32,-32
109900052,10,192,-182
109900053,3,477,-474
109900054,74,32,42
109900055,5,220,-215
109900056,3,26,-23
109900057,0,249,-249
109900058,0,107,-107
109900059,90,24,66
109900060,77,86,-9
109900061,77,241,-164
109900062,0,261,-261
109900063,0,143,-143
109900064,36,106,-70
109900065,103,125,-22
109900066,93,910,-817
109900067,4,427,-423
109900068,7,0,7
109900069,0,11,-11
109900070,36,215,-179
109900071,1,36,-35
109900072,9,126,-117
109900073,27,620,-593
109900074,5,50,-45
109900075,4,6,-2
109900076,4,290,-286
109900077,9,66,-57
109900078,41,204,-163
109900080,31,288,-257
109900081,6,46,-40
109900082,15,423,-408
109900083,0,33,-33
109900084,5,111,-106
109900085,45,989,-944
109900086,29,78,-49
109900087,62,195,-133
109900089,73,44,29
109900090,262,741,-479
109900091,25,16,9
109900092,318,2,316
109900093,162,51,111
109900094,21,56,-35
109900095,38,161,-123
109900096,0,0,0
109900097,0,0,0
109900098,37,4,33
109900099,12,0,12
109900100,5,0,5
109900101,27,0,27
109900102,114,9,105
109900103,1,22,-21
109900104,74,1011,-937
109900105,103,15,88
109900106,148,87,61
109900107,142,71,71
109900108,32,1579,-1547
109900109,11,435,-424
109900110,15,471,-456
109900111,97,895,-798
109900112,124,779,-655
109900113,103,119,-16
109900114,252,52,200
109900115,23,27,-4
109900117,138,41,97
109900118,117,317,-200
109900119,310,184,126
109900120,7,1,6
109900121,131,58,73
109900122,42,1,41
109900123,4,128,-124
109900124,11,872,-861
109900125,1,225,-224
109900126,8,159,-151
109900128,26,24,2
109900130,9415,347,9068
109900131,28,69,-41
109900132,10,84,-74
109900133,10,322,-312
109900134,8,6,2
109900135,231,23,208
109900136,20,83,-63
109900137,10,301,-291
109900140,51,336,-285
109900142,130,113,17
109900145,0,44,-44
109900146,78,14,64
109900148,9,51,-42
109900149,21,21,0
109900150,1,33,-32
109900151,9,31,-22
109900152,0,12,-12
109900153,0,37,-37
109900154,2,0,2
109900155,8,1,7
109900157,26,167,-141
109900158,33,67,-34
109900159,37,8,29
109900160,30,26,4
109900161,19,28,-9
109900162,30,21,9
109900163,429,133,296
109900164,12,129,-117
109900165,37,1,36
109900166,2,165,-163
109900167,26,528,-502
109900168,38,462,-424
109900169,22,94,-72
109900170,162,121,41
109900171,16,56,-40
109900172,42,88,-46
109900173,3365,409,2956
109900174,11,105,-94
109900175,14,59,-45
109900176,25,169,-144
109900177,11,277,-266
109900178,1,93,-92
109900179,5,9,-4
109900180,2,1,1
110000001,259,375,-116
110000002,160,221,-61
110000003,587,491,96
110000004,348,325,23
110000005,652,692,-40
110000006,437,348,89
110000007,47,113,-66
110000008,8,30,-22
110000009,4,25,-21
110000010,9,53,-44
110000011,13,82,-69
110000012,439,403,36
110000013,12,187,-175
110000014,553,262,291
110000015,277,320,-43
110000016,237,480,-243
110000017,3698,215,3483
110000018,3385,424,2961
110000019,1,122,-121
110000020,387,144,243
110000021,458,240,218
110000022,416,134,282
110000023,2,141,-139
110000024,500,320,180
110000025,64,1,63
110000026,7,534,-527
110000027,278,144,134
110000028,383,500,-117
110000029,175,755,-580
110000030,76,219,-143
110000031,119,550,-431
110000032,315,282,33
110000033,47,104,-57
110000034,103,627,-524
110000035,189,1115,-926
110000036,300,643,-343
110000037,53,1050,-997
110000038,126,427,-301
110000039,194,531,-337
110000040,207,463,-256
110000041,27,116,-89
110000042,26,410,-384
110000043,94,16,78
110000044,55,74,-19
110000045,238,13,225
110000046,1,2,-1
110000047,0,1,-1
110000048,5,5,0
110000049,0,0,0
110000050,10,12,-2
110000051,1,1,0
110000052,9,21,-12
110000053,4,1,3
110000054,116,243,-127
110000055,84,8,76
110000056,13,67,-54
110000057,179,699,-520
110000058,327,573,-246
110000059,378,442,-64
110000060,172,346,-174
110000061,821,831,-10
110000062,423,412,11
110000063,5,37,-32
110000064,38,124,-86
110000065,18,51,-33
110000066,7,36,-29
110000067,27,307,-280
110000068,53,447,-394
110000069,47,57,-10
110000071,11,87,-76
110000073,1,25,-24
110000075,2,75,-73
110000076,164,149,15
110000077,315,524,-209
110000078,5,57,-52
110000080,105,359,-254
110000081,17,147,-130
110000082,18,112,-94
110000083,113,456,-343
110000084,189,240,-51
110000085,2357,864,1493
110000086,714,428,286
110000087,1,39,-38
110000088,12,149,-137
110000089,39,131,-92
110000090,20,175,-155
110000091,1464,230,1234
110000092,15,103,-88
110000093,12,2,10
110000094,287,199,88
110000095,37,257,-220
110000096,3280,1051,2229
110000097,491,435,56
110000098,534,214,320
110000099,433,927,-494
110000100,65,767,-702
110000101,6,567,-561
110000102,29,14,15
110000104,28,47,-19
110000105,24,176,-152
110000106,162,84,78
110000107,231,268,-37
110000108,30,20,10
110000109,175,309,-134
110000110,2950,1284,1666
110000111,7735,1257,6478
110000112,758,156,602
110000113,472,360,112
110000114,134,188,-54
110000115,55,139,-84
110000116,12,16,-4
110000117,51,539,-488
110000118,186,256,-70
110000119,83,411,-328
110000120,124,133,-9
110000121,24,224,-200
110000122,175,432,-257
110000123,154,202,-48
110000124,0,695,-695
110000125,360,4,356
110000126,74,6,68
110000127,141,5,136
110000128,10,1516,-1506
110000129,0,461,-461
110000130,31,36,-5
110000131,55,246,-191
110000132,3,525,-522
110000133,42,164,-122
110000134,5,164,-159
110000135,74,16,58
110000136,12,280,-268
110000137,116,519,-403
110000138,188,784,-596
110000139,187,1149,-962
110000140,375,115,260
110000143,261,177,84
110000144,1860,405,1455
110000145,532,309,223
110000146,1744,363,1381
110000147,76,501,-425
110000148,65,130,-65
110000151,426,275,151
110000152,336,174,162
110000153,30,59,-29
110000154,13,4,9
110000155,937,975,-38
110000156,392,637,-245
110000157,1522,889,633
110000160,181,289,-108
110000161,84,370,-286
110000166,60,73,-13
110000167,164,261,-97
110000168,245,123,122
110000169,100,131,-31
110000170,23,44,-21
110000171,135,142,-7
110000172,37,614,-577
110000173,541,811,-270
110000174,57,1105,-1048
110000175,87,29,58
110000176,17,85,-68
110000177,41,337,-296
110000178,505,415,90
110000179,946,216,730
110000180,42,276,-234
110000181,174,247,-73
110000182,246,196,50
110000183,9957,2446,7511
110000184,344,1016,-672
110000185,1076,589,487
110000186,488,411,77
110000191,123,382,-259
110000192,54,0,54
110000193,85,1,84
110000194,7,1093,-1086
110000195,44,351,-307
110000196,71,492,-421
110000197,20,202,-182
110000198,30,77,-47
110000199,24,98,-74
110000200,978,667,311
110000201,199,266,-67
110000202,329,229,100
110000203,261,760,-499
110000204,1,352,-351
110000205,14,56,-42
110000206,336,1603,-1267
110000207,121,126,-5
110000208,27,57,-30
110000209,74,715,-641
110000210,0,0,0
110000211,0,0,0
110000212,85,551,-466
110000213,10,22,-12
110000214,40,48,-8
110000215,24,675,-651
110000216,7,626,-619
110000217,57,154,-97
110000218,38,447,-409
110000219,70,56,14
110000220,15,389,-374
110000221,67,60,7
110000222,12,250,-238
110000223,4,17,-13
110000224,26,1,25
110000225,76,348,-272
110000226,16,6,10
110000227,293,269,24
110000228,64,15,49
110000229,0,213,-213
110000230,224,425,-201
110000231,45,97,-52
110000232,72,216,-144
110000233,26,155,-129
110000234,423,301,122
110000235,467,541,-74
110000236,133,835,-702
110000237,723,682,41
110000238,325,776,-451
110000239,544,969,-425
110000240,1,91,-90
110000242,0,31,-31
110000243,30,250,-220
110000244,48,196,-148
110000245,14,274,-260
110000246,218,472,-254
110000247,814,2930,-2116
110000248,1231,1100,131
110000249,17,1,16
110000250,8,225,-217
110000251,30,428,-398
110000252,49,244,-195
110000253,406,313,93
110000254,292,1235,-943
110000255,119,1060,-941
110000256,191,83,108
110000257,160,299,-139
110000258,3,435,-432
110000259,19,14,5
110000260,10,449,-439
110000263,220,113,107
110000264,68,565,-497
110000265,487,659,-172
110000266,906,1011,-105
110000267,5,192,-187
110000268,56,341,-285
110000269,1,101,-100
110000270,1,2,-1
110000271,1002,128,874
110000272,285,667,-382
110000273,984,910,74
110000274,181,519,-338
110000275,2667,353,2314
110000276,79,186,-107
110000277,60,262,-202
110000278,151,675,-524
110000279,117,375,-258
110000280,71,285,-214
110000281,10,112,-102
110000282,32,33,-1
110000283,6,21,-15
110000284,12,23,-11
110000285,2,125,-123
110000286,0,0,0
110000287,9,0,9
110000288,0,85,-85
110000289,236,748,-512
110000290,1075,386,689
110000291,5409,842,4567
110000292,854,1496,-642
110000293,132,899,-767
110000294,218,399,-181
110000295,48,686,-638
110000296,74,214,-140
110000297,1192,243,949
110000298,148,332,-184
110000299,179,16,163
110000301,72,5,67
110000302,74,1186,-1112
110000303,73,5,68
110000304,58,240,-182
110000305,161,11,150
110000306,82,2111,-2029
110000307,337,1,336
110000308,84,0,84
110000309,15,1556,-1541
110000310,125,50,75
110000311,6,940,-934
110000312,228,21,207
110000313,1653,1188,465
110000314,0,179,-179
110000315,1611,1172,439
110000316,323,770,-447
110000317,364,447,-83
110000318,1,90,-89
110000319,9,10,-1
110000320,11,60,-49
110000321,4,41,-37
110000322,60,561,-501
110000323,103,325,-222
110000324,4607,977,3630
110000325,367,792,-425
110000327,166,145,21
110000328,103,501,-398
110000333,139,154,-15
110000334,185,1181,-996
110000335,301,369,-68
110000336,181,1232,-1051
110000337,259,326,-67
110000338,47,219,-172
110000339,31,188,-157
110000340,24,162,-138
110000341,88,558,-470
110000342,66,3,63
110000343,1,14,-13
110000344,25,117,-92
110000345,29,50,-21
110000346,1468,812,656
110000347,591,418,173
110000348,0,24,-24
110000349,3,17,-14
110000350,1,0,1
110000351,137,483,-346
110000352,154,1285,-1131
110000353,1983,487,1496
110000354,496,1332,-836
110000355,33,73,-40
110000356,0,0,0
110000357,121,13,108
110000361,9,60,-51
110000362,9,98,-89
110000363,133,88,45
110000364,36,254,-218
110000365,38,0,38
110000366,2,89,-87
110000367,164,190,-26
110000368,1,54,-53
110000369,13,0,13
110000373,1,248,-247
110000374,6,1,5
110000375,29,502,-473
110000376,20,82,-62
110000377,0,0,0
110000378,29,220,-191
110000379,2592,690,1902
110000380,8,2,6
110000383,0,322,-322
110000384,351,59,292
110000385,2,198,-196
110000387,0,18,-18
110000388,14,218,-204
110000389,81,4,77
110000391,12,334,-322
110000396,18,125,-107
110000397,14,176,-162
110000398,1,22,-21
110000399,2,0,2
110000587,17,34,-17
110000589,49,104,-55
110000640,48,86,-38
110000652,6,82,-76
110000653,42,366,-324
110000654,0,5,-5
110000656,2,439,-437
110000674,2,8,-6
110000675,0,14,-14
110000676,0,26,-26
110000679,473,192,281
110000682,32,31,1
110000683,365,362,3
110000684,1,39,-38
110000685,3,0,3
110000686,1,16,-15
110000687,1,0,1
110000688,23,195,-172
110000689,14,55,-41
110000692,70,258,-188
110000693,59,119,-60
110000694,0,89,-89
110000695,100,702,-602
110000696,72,126,-54
110900001,30,5,25
110900002,10,168,-158
110900003,58,1041,-983
110900004,36,313,-277
110900005,3618,459,3159
110900006,12,5,7
110900007,4,2,2
110900008,24,35,-11
110900009,64,18,46
110900010,2,59,-57
110900011,1,73,-72
110900012,2,118,-116
110900013,248,83,165
110900014,19,2,17
110900015,483,88,395
110900016,3,157,-154
110900017,39,40,-1
110900018,72,11,61
110900019,10,5,5
110900020,4,502,-498
110900021,32,613,-581
110900022,30,439,-409
110900023,58,530,-472
110900024,17,557,-540
110900025,1,65,-64
110900027,4,222,-218
110900028,21,188,-167
110900029,14,473,-459
110900030,10,291,-281
110900031,0,128,-128
110900032,0,76,-76
110900033,12,288,-276
110900035,22,334,-312
110900036,26,20,6
110900037,11,11,0
110900038,1006,108,898
110900039,6,161,-155
110900040,76,23,53
110900041,1,160,-159
110900042,18,66,-48
110900043,1,183,-182
110900044,188,17,171
110900045,15,663,-648
110900046,135,288,-153
110900047,513,47,466
110900049,24,16,8
110900050,2,1,1
110900051,18,157,-139
110900052,3,198,-195
110900053,20,68,-48
110900054,3,261,-258
110900055,2,0,2
110900056,30,100,-70
110900057,1,219,-218
110900058,61,313,-252
110900059,267,816,-549
110900060,104,49,55
110900061,20,23,-3
110900062,34,319,-285
110900063,5,69,-64
110900064,3,0,3
110900065,261,56,205
110900066,1,56,-55
110900067,599,251,348
110900068,172,195,-23
110900069,3,29,-26
110900071,167,79,88
110900073,0,14,-14
110900074,76,37,39
110900075,98,26,72
110900077,93,184,-91
110900078,1,106,-105
110900079,1270,158,1112
110900080,20,28,-8
110900081,1,126,-125
110900082,13,153,-140
110900083,17,13,4
110900084,1,197,-196
110900085,14,318,-304
110900086,14,47,-33
110900087,59,69,-10
110900088,3,0,3
110900090,8,32,-24
110900091,0,41,-41
110900093,84,14,70
110900095,16,65,-49
110900097,2,17,-15
110900098,8,84,-76
110900099,35,616,-581
110900100,0,15,-15
110900102,2,20,-18
110900105,779,386,393
110900108,1,80,-79
110900111,144,37,107
110900112,127,2,125
110900113,296,12,284
110900115,4,55,-51
110900116,73,2252,-2179
110900118,119,401,-282
110900119,5446,174,5272
110900120,0,104,-104
110900121,5,0,5
110900122,36,49,-13
110900125,93,93,0
110900127,244,285,-41
110900128,69,89,-20
110900129,144,70,74
110900130,648,119,529
110900131,14,57,-43
110900132,61,23,38
110900133,19,253,-234
110900135,56,541,-485
110900136,54,3,51
110900137,46,1,45
110900138,450,557,-107
110900139,4,45,-41
110900140,22,2,20
110900141,0,44,-44
110900142,17,171,-154
110900143,14,37,-23
110900144,2,480,-478
110900145,55,5,50
110900146,259,25,234
110900147,92,154,-62
110900148,1,222,-221
110900149,3,69,-66
110900150,3,10,-7
110900151,1,69,-68
110900152,2,319,-317
110900153,19,19,0
111000001,170,175,-5
111000002,356,502,-146
111000003,154,152,2
111000004,291,924,-633
111000005,272,287,-15
111000006,610,926,-316
111000007,1861,638,1223
111000008,2893,2412,481
111000009,214,666,-452
111000010,203,110,93
111000011,541,688,-147
111000012,374,160,214
111000013,224,1000,-776
111000014,345,211,134
111000017,67,397,-330
111000018,88,331,-243
111000020,2085,1645,440
111000021,36,38,-2
111000023,30,25,5
111000025,5480,1034,4446
111000029,18,65,-47
111000030,13,49,-36
111000031,1220,249,971
111000032,227,136,91
111000033,102,45,57
111000034,214,104,110
111000037,2488,827,1661
111000038,1231,1596,-365
111000039,576,1560,-984
111000040,782,1718,-936
111000041,833,840,-7
111000042,5375,1773,3602
111000043,312,189,123
111000044,288,45,243
111000045,389,470,-81
111000046,326,398,-72
111000047,544,680,-136
111000049,169,367,-198
111000050,1326,1452,-126
111000051,216,856,-640
111000052,311,997,-686
111000053,197,843,-646
111000054,164,707,-543
111000055,640,1739,-1099
111000056,71,575,-504
111000057,24,736,-712
111000058,17,53,-36
111000059,48,66,-18
111000060,206,133,73
111000061,121,196,-75
111000062,80,132,-52
111000063,390,386,4
111000064,108,250,-142
111000065,219,348,-129
111000066,58,110,-52
111000067,136,512,-376
111000068,120,465,-345
111000069,1234,1426,-192
111000070,2084,1058,1026
111000071,158,751,-593
111000072,67,17,50
111000073,2,30,-28
111000074,279,236,43
111000075,82,159,-77
111000076,33,213,-180
111000077,393,652,-259
111000078,808,904,-96
111000079,608,403,205
111000080,181,362,-181
111000081,1818,1877,-59
111000082,267,477,-210
111000084,257,345,-88
111000085,335,886,-551
111000086,1149,629,520
111000087,454,514,-60
111000088,2582,676,1906
111000089,214,652,-438
111000090,755,949,-194
111000091,273,613,-340
111000092,386,1029,-643
111000093,145,474,-329
111000094,497,577,-80
111000095,201,923,-722
111000096,1833,3212,-1379
111000097,5245,761,4484
111000098,235,1169,-934
111000099,154,2193,-2039
111000100,120,2146,-2026
111000101,197,765,-568
111000102,32,831,-799
111000104,39,48,-9
111000107,29,626,-597
111000109,25,49,-24
111000110,201,123,78
111000111,336,133,203
111000112,290,64,226
111000113,194,147,47
111000114,459,349,110
111000115,5597,496,5101
111000116,393,373,20
111000117,208,464,-256
111000118,747,632,115
111000119,400,1198,-798
111000120,168,335,-167
111000121,47,267,-220
111000122,184,856,-672
111000123,271,2934,-2663
111000124,178,3561,-3383
111000125,62,2053,-1991
111000126,21,968,-947
111000127,39,22,17
111000128,74,42,32
111000129,135,34,101
111000130,141,273,-132
111000131,134,202,-68
111000132,66,33,33
111000133,37,55,-18
111000134,43,77,-34
111000135,15,85,-70
111000136,98,119,-21
111000138,4,2,2
111000140,0,2,-2
111000141,44,231,-187
111000142,1,97,-96
111000143,1,72,-71
111000144,1,88,-87
111000145,0,0,0
111000146,0,0,0
111000147,0,0,0
111000148,16,82,-66
111000149,3,31,-28
111000150,3,7,-4
111000151,0,21,-21
111000153,294,287,7
111000154,277,142,135
111000155,30,91,-61
111000156,92,71,21
111000157,21,79,-58
111000158,346,179,167
111000159,1277,231,1046
111000160,73,208,-135
111000161,1,163,-162
111000162,3,129,-126
111000163,143,558,-415
111000164,680,1825,-1145
111000165,706,280,426
111000166,562,251,311
111000167,89,357,-268
111000168,71,216,-145
111000169,88,233,-145
111000170,157,189,-32
111000171,209,682,-473
111000172,44,491,-447
111000173,63,1113,-1050
111000174,29,485,-456
111000175,19,196,-177
111000176,42,139,-97
111000177,69,223,-154
111000178,145,266,-121
111000179,11,152,-141
111000180,47,160,-113
111000181,143,213,-70
111000182,23,88,-65
111000183,47,78,-31
111000184,63,87,-24
111000185,95,363,-268
111000186,48,271,-223
111000187,26,240,-214
111000188,38,286,-248
111000189,1231,493,738
111000190,111,486,-375
111000191,69,447,-378
111000192,83,614,-531
111000193,261,354,-93
111000194,8,358,-350
111000195,17,390,-373
111000196,8,287,-279
111000197,39,51,-12
111000198,29,38,-9
111000199,22,54,-32
111000200,29,106,-77
111000201,84,99,-15
111000202,44,58,-14
111000203,52,55,-3
111000204,132,107,25
111000213,35,216,-181
111000214,528,1144,-616
111000215,432,897,-465
111000217,362,519,-157
111000218,249,509,-260
111000219,138,167,-29
111000220,2322,531,1791
111000221,358,140,218
111000224,3,262,-259
111000225,64,84,-20
111000226,12,1,11
111000227,1,0,1
111000228,15,118,-103
111000229,22,180,-158
111000230,58,421,-363
111000231,92,1155,-1063
111000232,121,665,-544
111000233,123,608,-485
111000234,13,107,-94
111000239,151,209,-58
111000240,19,10,9
111000241,12,485,-473
111000242,5,8,-3
111000243,31,920,-889
111000244,8,9,-1
111000245,148,440,-292
111000246,30,534,-504
111000247,60,1063,-1003
111000248,85,302,-217
111000249,184,818,-634
111000250,29,144,-115
111000251,26,117,-91
111000253,0,0,0
111000255,0,0,0
111000257,0,0,0
111000260,10,1116,-1106
111000261,164,14,150
111000271,10,220,-210
111000273,4899,827,4072
111000274,660,1147,-487
111000275,34,17,17
111000276,144,2114,-1970
111000277,76,460,-384
111000278,186,143,43
111000291,131,930,-799
111000298,153,194,-41
111000299,98,10,88
111000300,33,426,-393
111000302,84,58,26
111000303,39,142,-103
111000312,22,41,-19
111000315,0,246,-246
111000320,148,472,-324
111000321,79,29,50
111000322,49,453,-404
111000323,41,11,30
111000324,116,143,-27
111000325,2,47,-45
111000326,23,260,-237
111000327,108,316,-208
111000328,79,193,-114
111000329,3,10,-7
111000330,8,4,4
111000331,4,1,3
111000332,244,715,-471
111000334,188,1346,-1158
111000335,73,84,-11
111000337,119,307,-188
111000338,12,116,-104
111000339,60,825,-765
111000340,30,661,-631
111000341,306,76,230
111000342,7,162,-155
111000344,353,407,-54
111000345,10,12,-2
111000346,13,55,-42
111000347,20,4,16
111000350,69,28,41
111000351,31,186,-155
111000352,41,32,9
111000353,15,216,-201
111000354,60,24,36
111000355,87,525,-438
111000358,29,1516,-1487
111000360,20,882,-862
111000361,32,398,-366
111000546,95,626,-531
111000547,36,413,-377
111000548,44,138,-94
111000549,26,251,-225
111000550,46,132,-86
111000551,253,52,201
111000552,55,12,43
111000907,45,85,-40
111000908,0,0,0
111000916,183,181,2
111000917,15,287,-272
111000918,26,963,-937
111000920,84,1,83
111000921,3,362,-359
111000922,86,304,-218
111000924,12,1014,-1002
111000925,457,642,-185
111000926,461,2503,-2042
111000927,1880,1320,560
111000928,6176,2810,3366
111000929,278,426,-148
111000930,373,2081,-1708
111000931,707,791,-84
111000932,2600,1897,703
111000933,1450,704,746
111000934,1701,2160,-459
111000935,283,570,-287
111000936,333,1822,-1489
111000937,303,471,-168
111000938,1038,2228,-1190
111000939,6,2,4
111000940,95,217,-122
111000941,54,389,-335
111000943,45,142,-97
111000944,28,427,-399
111000945,8,1869,-1861
111001109,35,37,-2
111001110,43,656,-613
111001111,4,5,-1
111001112,13,0,13
111001113,29,63,-34
111001114,247,33,214
111001115,50,287,-237
111001116,2229,249,1980
111001117,614,344,270
111001120,47,246,-199
111001121,55,281,-226
111001122,139,669,-530
111001123,19,21,-2
111001124,23,327,-304
111900001,1,149,-148
111900002,5,829,-824
111900003,1,401,-400
111900004,17,160,-143
111900006,3,2,1
111900007,6,4,2
111900008,29,1,28
111900009,15,140,-125
111900010,77,457,-380
111900012,79,72,7
111900013,3,45,-42
111900014,7186,782,6404
111900015,0,47,-47
111900016,0,131,-131
111900017,0,173,-173
111900018,5,0,5
111900019,1,47,-46
111900020,1,23,-22
111900021,6,44,-38
111900022,4,35,-31
111900023,94,33,61
111900024,1,104,-103
111900025,0,43,-43
111900026,0,51,-51
111900027,2,116,-114
111900028,3,456,-453
111900029,1,47,-46
111900030,51,238,-187
111900031,0,42,-42
111900032,3,428,-425
111900033,3,74,-71
111900034,46,320,-274
111900035,1,180,-179
111900036,4,425,-421
111900038,153,339,-186
111900039,22,323,-301
111900040,5,745,-740
111900042,43,38,5
111900043,0,501,-501
111900044,56,150,-94
111900046,49,196,-147
111900048,24,958,-934
111900049,13,362,-349
111900050,15,6,9
111900051,7,196,-189
111900052,291,634,-343
111900053,981,121,860
111900054,30,1,29
111900055,19,814,-795
111900056,64,46,18
111900057,11,11,0
111900058,60,863,-803
111900059,1157,72,1085
111900060,62,1,61
111900061,10,299,-289
111900062,4,5,-1
111900063,32,147,-115
111900064,101,243,-142
111900065,11,1,10
111900066,10,50,-40
111900067,1,209,-208
111900068,10,10,0
111900069,9,7,2
111900070,15,57,-42
111900071,1,237,-236
111900072,6,2,4
111900073,120,19,101
111900074,1,164,-163
111900075,19,1,18
111900076,29,2,27
111900077,4,1,3
111900078,39,1,38
111900079,8,5,3
111900080,101,14,87
111900082,14,2,12
111900083,7,0,7
111900084,7,1,6
111900085,0,4,-4
111900086,4,0,4
111900087,18,1,17
111900088,87,2,85
111900089,7,0,7
111900090,41,5,36
111900091,13,0,13
111900092,6,0,6
111900093,24,0,24
111900094,3,1,2
111900095,57,5,52
111900096,15,0,15
111900097,3,1,2
111900098,10,0,10
111900099,4,0,4
111900100,3,0,3
111900101,31,3,28
111900102,35,768,-733
111900103,28,18,10
111900104,10,47,-37
111900105,41,26,15
111900106,1438,26,1412
111900110,3255,76,3179
111900111,9,157,-148
111900112,630,292,338
111900113,179,37,142
111900118,52,11,41
111900119,34,14,20
111900122,22,2,20
111900123,6,5,1
111900124,12,67,-55
111900125,36,0,36
111900126,8,0,8
111900127,0,576,-576
111900128,2,390,-388
111900129,27,2,25
111900130,8,0,8
111900131,17,1,16
111900132,15,895,-880
111900133,1,305,-304
111900134,32,279,-247
111900135,0,2,-2
111900136,23,21,2
111900137,15,35,-20
111900138,3,39,-36
111900139,28,113,-85
111900140,3,6,-3
111900141,6,6,0
111900142,38,14,24
111900143,2,243,-241
111900144,0,172,-172
111900145,2,775,-773
111900146,5,403,-398
111900147,129,503,-374
111900148,17,855,-838
111900149,1,407,-406
111900150,5,210,-205
111900151,3,32,-29
111900152,86,18,68
111900153,916,40,876
111900154,1,42,-41
111900155,7,11,-4
111900156,1,1,0
111900157,6,2,4
111900158,57,3,54
111900159,25,1,24
111900160,33,2,31
111900161,20,0,20
111900162,57,37,20
111900163,25,134,-109
111900164,10,1,9
111901113,21,218,-197
111901114,14,374,-360
111901115,7,0,7
111901116,6,3,3
111901117,2,1,1
111901118,44,14,30
111901119,1262,77,1185
111901121,121,327,-206
111901122,5,550,-545
111901123,12,385,-373
111901124,36,0,36
111901125,23,29,-6
111901127,762,110,652
111901128,9,80,-71
111901129,2,134,-132
111901130,9,262,-253
111901131,0,181,-181
111901132,8,3,5
111901133,4,0,4
111901134,2,0,2
111901135,0,0,0
111901136,2,0,2
111901137,0,5,-5
111901138,14,50,-36
111901139,8,58,-50
111901140,6,133,-127
111901141,2,195,-193
111901142,3,153,-150
111901143,0,70,-70
111901144,25,2,23
111901145,33,53,-20
111901146,44,2,42
112000001,451,386,65
112000002,540,1995,-1455
112000003,222,351,-129
112000004,302,1571,-1269
112000005,584,604,-20
112000006,890,1651,-761
112000007,481,470,11
112000008,857,1765,-908
112000009,2306,2694,-388
112000010,1023,1304,-281
112000011,1342,2173,-831
112000012,4674,818,3856
112000013,6314,2857,3457
112000014,1264,355,909
112000015,1693,1555,138
112000016,1993,761,1232
112000017,1058,1032,26
112000024,1422,440,982
112000026,3724,4298,-574
112000027,128,125,3
112000028,1262,1606,-344
112000029,142,215,-73
112000030,193,98,95
112000031,1275,1217,58
112000032,921,47,874
112000033,2425,420,2005
112000034,249,11,238
112000035,79,261,-182
112000036,305,315,-10
112000037,596,1084,-488
112000038,404,605,-201
112000039,2,40,-38
112000040,92,347,-255
112000041,237,445,-208
112000042,537,233,304
112000050,101,404,-303
112000051,169,272,-103
112000054,1238,1990,-752
112000057,439,236,203
112000058,358,339,19
112000059,602,227,375
112000061,6243,1258,4985
112000062,4032,325,3707
112000063,1601,486,1115
112000064,5005,4841,164
112000065,1931,2541,-610
112000066,1005,338,667
112000067,416,601,-185
112000068,506,414,92
112000069,329,3136,-2807
112000070,444,203,241
112000071,318,3332,-3014
112000072,301,433,-132
112000073,523,1552,-1029
112000074,144,425,-281
112000075,253,375,-122
112000076,1955,2199,-244
112000077,182,677,-495
112000078,300,538,-238
112000079,603,1192,-589
112000080,209,766,-557
112000081,637,1236,-599
112000082,370,270,100
112000083,271,1254,-983
112000084,315,305,10
112000085,396,945,-549
112000086,434,852,-418
112000087,79,472,-393
112000088,98,475,-377
112000089,125,404,-279
112000090,132,304,-172
112000091,283,1149,-866
112000092,356,381,-25
112000093,765,1143,-378
112000094,157,432,-275
112000095,320,741,-421
112000096,103,333,-230
112000097,128,217,-89
112000098,311,1499,-1188
112000099,172,170,2
112000100,270,423,-153
112000101,193,943,-750
112000102,146,242,-96
112000103,116,1285,-1169
112000105,244,1732,-1488
112000106,202,199,3
112000107,2,66,-64
112000108,67,1286,-1219
112000109,6,10,-4
112000110,366,161,205
112000111,904,5545,-4641
112000112,2348,233,2115
112000113,895,2652,-1757
112000114,942,377,565
112000115,68,443,-375
112000116,149,812,-663
112000117,131,356,-225
112000118,319,830,-511
112000119,189,839,-650
112000120,24,378,-354
112000121,35,511,-476
112000122,44,40,4
112000123,54,48,6
112000124,26,41,-15
112000125,14,70,-56
112000126,42,465,-423
112000127,1794,520,1274
112000128,983,407,576
112000129,7,64,-57
112000130,16,29,-13
112000131,7,197,-190
112000132,27,260,-233
112000133,71,160,-89
112000134,113,350,-237
112000135,227,232,-5
112000136,448,1170,-722
112000137,329,418,-89
112000138,690,1253,-563
112000139,290,86,204
112000140,331,937,-606
112000141,175,132,43
112000142,65,964,-899
112000143,246,142,104
112000144,119,1599,-1480
112000145,543,437,106
112000146,462,2272,-1810
112000147,575,841,-266
112000148,756,1795,-1039
112000149,54,275,-221
112000150,36,508,-472
112000151,80,237,-157
112000152,88,224,-136
112000153,35,121,-86
112000154,28,89,-61
112000155,81,55,26
112000157,251,180,71
112000158,40,512,-472
112000159,102,230,-128
112000167,84,3,81
112000169,170,246,-76
112000173,172,190,-18
112000175,57,273,-216
112000176,4434,1594,2840
112000177,92,54,38
112000178,25,413,-388
112000179,37,132,-95
112000180,82,200,-118
112000181,430,1540,-1110
112000182,162,1655,-1493
112000183,26,75,-49
112000184,46,264,-218
112000185,98,440,-342
112000187,1202,1624,-422
112000195,21,0,21
112000196,28,0,28
112000197,25,56,-31
112000198,14,467,-453
112000199,300,925,-625
112000202,51,53,-2
112000216,27,57,-30
112000230,14,3,11
112000231,0,499,-499
112000256,2,13,-11
112000313,91,193,-102
112000314,3,5,-2
112000337,75,486,-411
112000352,53,120,-67
112000392,1627,796,831
112000398,306,336,-30
112000399,628,510,118
112000400,1344,3288,-1944
112000401,1382,2092,-710
112000402,446,839,-393
112000403,596,721,-125
112000404,130,262,-132
112000405,509,967,-458
112000406,2157,2483,-326
112000407,1580,2616,-1036
112000408,6934,4976,1958
112000409,1001,3755,-2754
112000410,86,45,41
112000411,3943,399,3544
112000412,648,133,515
112000413,7156,582,6574
112000414,25,67,-42
112000415,31,22,9
112000416,499,565,-66
112000417,47,30,17
112000421,32,103,-71
112000422,113,385,-272
112000424,1436,670,766
112000425,231,797,-566
112000426,51,151,-100
112000427,0,7,-7
112000428,13,305,-292
112000429,862,2125,-1263
112000430,813,2262,-1449
112000431,10,18,-8
112000432,249,2002,-1753
112000433,506,340,166
112000437,17,388,-371
112900001,2,2,0
112900002,39,1209,-1170
112900003,8,224,-216
112900004,5,353,-348
112900005,23,198,-175
112900006,6,431,-425
112900007,3,127,-124
112900008,0,3,-3
112900009,61,19,42
112900010,25,603,-578
112900011,257,211,46
112900012,0,47,-47
112900013,0,86,-86
112900014,0,248,-248
112900015,273,866,-593
112900016,3,193,-190
112900017,11,131,-120
112900018,0,358,-358
112900019,36,75,-39
112900020,440,1680,-1240
112900021,3,213,-210
112900022,2,40,-38
112900023,0,301,-301
112900024,24,154,-130
112900025,26,109,-83
112900026,2,260,-258
112900027,1,1266,-1265
112900028,17,96,-79
112900029,0,425,-425
112900030,228,148,80
112900031,5,475,-470
112900032,57,204,-147
112900034,0,38,-38
112900035,0,480,-480
112900036,23,114,-91
112900037,54,35,19
112900038,64,100,-36
112900039,6,299,-293
112900040,7,319,-312
112900041,862,304,558
112900042,16,348,-332
112900043,1,28,-27
112900044,278,250,28
112900045,419,231,188
112900046,158,38,120
112900047,10,10,0
112900049,6,58,-52
112900050,63,647,-584
112900051,260,664,-404
112900052,7,1038,-1031
112900053,183,95,88
112900054,248,29,219
112900055,88,5,83
112900056,76,41,35
112900057,6,723,-717
112900058,128,37,91
112900059,19,109,-90
112900060,3,212,-209
112900061,18,98,-80
112900062,29,176,-147
112900063,25,0,25
112900064,78,63,15
112900065,0,3,-3
112900066,39,24,15
112900067,418,76,342
112900068,8,1,7
112900069,2261,184,2077
112900071,3,1,2
112900072,115,315,-200
112900073,89,17,72
112900074,15,15,0
112900075,1914,124,1790
112900076,20,1,19
112900078,48,78,-30
112900079,36,2,34
112900080,3,0,3
112900081,10,37,-27
112900082,78,1,77
112900083,5,15,-10
112900084,14,5,9
112900086,5,0,5
112900087,108,28,80
112900088,3,0,3
112900089,166,4,162
112900090,21,2,19
112900091,17,0,17
112900092,54,33,21
112900093,164,8,156
112900095,0,0,0
112900096,90,27,63
112900097,8,262,-254
112900098,1,0,1
112900099,97,3,94
112900100,4,0,4
112900101,21,0,21
112900102,41,3,38
112900103,27,1,26
112900104,5,0,5
112900105,0,0,0
112900106,77,42,35
112900107,1,0,1
112900108,1,0,1
112900109,8,0,8
112900110,50,1,49
112900111,109,0,109
112900112,16,0,16
112900113,0,6,-6
112900114,3,23,-20
112900115,128,1,127
112900116,17,27,-10
112900117,80,79,1
112900118,9,55,-46
112900119,7,0,7
112900120,465,112,353
112900121,149,68,81
112900122,7,126,-119
112900123,82,4,78
112900124,0,100,-100
112900125,21,155,-134
112900126,68,230,-162
112900127,66,9,57
112900128,286,472,-186
112900129,2,945,-943
112900130,42,31,11
112900131,43,157,-114
112900132,41,406,-365
112900133,19,1362,-1343
112900134,1,265,-264
112900135,39,9,30
112900137,0,865,-865
112900138,4,463,-459
112900139,89,972,-883
112900141,71,21,50
112900142,36,16,20
112900143,20,504,-484
112900144,1,331,-330
112900145,25,445,-420
112900146,3,1300,-1297
112900147,4,2261,-2257
112900148,7,0,7
112900149,101,317,-216
112900151,24,17,7
112900152,5172,750,4422
112900153,630,235,395
112900154,1,29,-28
112900155,9,2,7
112900156,28,1755,-1727
112900157,25,70,-45
112900158,2,9,-7
112900159,51,25,26
112900160,8,210,-202
112900161,13,10,3
112900162,20,3,17
112900163,36,9,27
112900164,10,33,-23
112900165,39,26,13
112900166,14,6,8
112900167,2,13,-11
112900168,1,0,1
112900169,4,2,2
112900170,8,45,-37
112900172,88,5,83
112900173,152,61,91
112900174,67,5,62
112900175,72,20,52
112900176,18,2,16
112900177,41,12,29
112900178,154,386,-232
112900179,29,507,-478
112900180,440,3709,-3269
112900181,77,0,77
112900182,17,1407,-1390
112900183,80,103,-23
112900184,200,187,13
112900185,171,167,4
112900186,1227,321,906
112900187,12,121,-109
112900188,887,214,673
112900189,1,22,-21
112900190,0,48,-48
112900192,140,68,72
112900193,407,81,326
112900194,4,79,-75
112900195,68,3,65
112900196,204,731,-527
112900197,62,453,-391
112900199,48,461,-413
112900200,59,133,-74
112900201,25,39,-14
112900202,34,836,-802
112900203,29,144,-115
112900204,377,123,254
112900205,0,10,-10
112900206,0,40,-40
112900207,0,0,0
112900208,28,26,2
112900209,174,333,-159
112900210,0,10,-10
112900211,26,57,-31
112900212,0,53,-53
112900213,1,11,-10
112900214,5,4,1
112900215,1,202,-201
112900216,18,20,-2
112900217,0,98,-98
112900218,2,7,-5
112900219,1,0,1
112900220,0,0,0
112900221,0,86,-86
112900222,0,13,-13
112900223,162,5,157
112900224,31,710,-679
112900225,40,517,-477
112900226,191,88,103
112900227,63,1527,-1464
112900228,13,15,-2
112900229,18,10,8
112900230,7784,1241,6543
112900232,114,67,47
112900233,9,170,-161
112900234,3,102,-99
112900235,10,4,6
112900236,9,12,-3
112900237,16,295,-279
112900238,0,26,-26
112900239,305,170,135
113000001,3017,2901,116
113000002,1904,2137,-233
113000003,1290,917,373
113000004,1299,1065,234
113000005,521,689,-168
113000006,376,586,-210
113000007,946,881,65
113000008,565,1061,-496
113000009,352,552,-200
113000010,383,938,-555
113000011,394,1704,-1310
113000012,319,314,5
113000013,377,215,162
113000014,843,699,144
113000015,206,92,114
113000016,143,203,-60
113000017,57,226,-169
113000018,30,25,5
113000019,19,210,-191
113000020,6,2,4
113000021,140,472,-332
113000022,168,1118,-950
113000025,24,177,-153
113000026,47,244,-197
113000027,216,230,-14
113000028,681,274,407
113000029,584,249,335
113000030,499,493,6
113000031,271,180,91
113000032,181,95,86
113000033,324,235,89
113000034,498,272,226
113000035,17,28,-11
113000036,32,42,-10
113000037,40,13,27
113000038,8,26,-18
113000039,54,337,-283
113000040,50,81,-31
113000042,352,155,197
113000051,353,919,-566
113000052,1695,801,894
113000053,131,540,-409
113000054,82,380,-298
113000055,268,762,-494
113000056,342,1351,-1009
113000058,515,813,-298
113000059,455,341,114
113000060,43,426,-383
113000061,485,966,-481
113000062,875,77,798
113000063,39,193,-154
113000064,10,286,-276
113000065,88,1094,-1006
113000066,81,66,15
113000067,428,613,-185
113000068,121,1776,-1655
113000069,115,1228,-1113
113000070,306,339,-33
113000071,108,609,-501
113000072,140,226,-86
113000073,342,1159,-817
113000074,435,155,280
113000075,1019,174,845
113000076,968,1158,-190
113000077,722,221,501
113000078,598,1248,-650
113000079,930,492,438
113000080,509,272,237
113000081,613,413,200
113000082,890,708,182
113000083,260,320,-60
113000084,787,925,-138
113000085,284,337,-53
113000086,490,768,-278
113000087,402,444,-42
113000088,1549,873,676
113000089,430,934,-504
113000090,44,152,-108
113000091,746,204,542
113000094,231,66,165
113000095,128,1133,-1005
113000096,113,733,-620
113000097,191,113,78
113000098,37,16,21
113000099,609,91,518
113000100,137,320,-183
113000101,236,392,-156
113000102,100,71,29
113000103,1526,508,1018
113000104,169,1295,-1126
113000105,119,225,-106
113000106,124,470,-346
113000107,161,539,-378
113000108,561,1300,-739
113000109,307,1342,-1035
113000110,922,161,761
113000111,55,250,-195
113000112,120,153,-33
113000113,1790,130,1660
113000114,271,641,-370
113000116,513,180,333
113000117,537,137,400
113000118,49,244,-195
113000119,62,314,-252
113000120,10,164,-154
113000121,383,798,-415
113000124,43,94,-51
113000125,16,212,-196
113000127,3017,403,2614
113000128,337,428,-91
113000129,756,653,103
113000133,3792,658,3134
113000134,2,313,-311
113000135,1109,844,265
113000137,1033,509,524
113000139,363,87,276
113000140,246,239,7
113000141,414,75,339
113000142,652,773,-121
113000143,181,88,93
113000144,264,458,-194
113000145,49,126,-77
113000146,51,56,-5
113000147,60,96,-36
113000148,33,178,-145
113000149,45,96,-51
113000150,353,254,99
113000151,88,60,28
113000152,31,170,-139
113000153,1336,371,965
113000154,447,563,-116
113000155,154,168,-14
113000156,108,394,-286
113000157,200,669,-469
113000158,340,127,213
113000159,502,308,194
113000160,383,1103,-720
113000161,123,706,-583
113000162,386,205,181
113000163,45,27,18
113000164,10,70,-60
113000166,18,14,4
113000167,21,190,-169
113000168,38,237,-199
113000169,54,8,46
113000170,23,21,2
113000171,46,111,-65
113000172,73,20,53
113000173,6,1,5
113000174,56,613,-557
113000175,68,35,33
113000176,75,31,44
113000177,42,372,-330
113000178,76,411,-335
113000179,39,17,22
113000180,231,905,-674
113000181,351,774,-423
113000182,122,156,-34
113000183,121,413,-292
113000184,7,90,-83
113000189,221,384,-163
113000190,1660,253,1407
113000192,1529,1066,463
113000193,2366,514,1852
113000194,769,923,-154
113000195,785,322,463
113000196,38,39,-1
113000197,381,465,-84
113000198,17,213,-196
113000199,514,291,223
113000201,72,138,-66
113000202,2409,587,1822
113000203,31,14,17
113000204,733,968,-235
113000205,6,18,-12
113000206,8,35,-27
113000207,25,10,15
113000208,27,33,-6
113000209,18,11,7
113000210,8,17,-9
113000211,148,69,79
113000212,224,9,215
113000213,2,57,-55
113000214,32,99,-67
113000234,59,1234,-1175
113000410,30,42,-12
113000411,1949,2841,-892
113000412,9720,1330,8390
113000413,4651,1577,3074
113000414,11360,6027,5333
113000415,2468,1701,767
113000416,8255,2308,5947
113000417,2655,1876,779
113000418,2477,1801,676
113000419,1304,1234,70
113000420,2996,1888,1108
113000421,2296,2273,23
113000422,17912,3413,14499
113000423,2861,2019,842
113000424,4266,3170,1096
113000425,8,32,-24
113000428,180,64,116
113000430,9,65,-56
113000432,324,54,270
113000433,117,845,-728
113000434,12,423,-411
113000435,8,1007,-999
113000436,48,1268,-1220
113000437,30,0,30
113000438,22,9,13
113000439,7,180,-173
113000440,29,15,14
113000441,37,151,-114
113000442,52,406,-354
113000443,26,186,-160
113000444,31,432,-401
113000445,10,80,-70
113000446,5,104,-99
113000448,82,63,19
113000449,165,137,28
113000450,391,423,-32
113000451,894,61,833
113000452,133,113,20
113000453,75,160,-85
113000454,135,19,116
113000455,11,149,-138
113000456,2363,1329,1034
113000468,2195,215,1980
113000469,182,94,88
113000470,365,42,323
113000471,4,182,-178
113000472,28,180,-152
113000474,122,526,-404
113000475,761,1253,-492
113000476,505,1564,-1059
113000477,941,1748,-807
113000478,2091,4394,-2303
113000479,8,273,-265
113000480,41,63,-22
113000483,0,0,0
113000484,0,0,0
113000485,0,0,0
113000486,0,0,0
113000487,0,0,0
113000488,0,0,0
113000489,0,0,0
113000490,0,0,0
113000491,0,0,0
113000492,0,0,0
113000493,0,0,0
113000495,112,240,-128
113000496,57,62,-5
113000497,0,1,-1
113000500,0,5,-5
113900001,0,8,-8
113900002,0,25,-25
113900003,0,6,-6
113900004,0,6,-6
113900005,0,4,-4
113900006,1,3,-2
113900007,0,13,-13
113900008,2,0,2
113900009,3,0,3
113900010,11,0,11
113900011,0,0,0
113900012,0,0,0
113900013,37,2,35
113900014,341,2,339
113900015,0,44,-44
113900016,6,0,6
113900017,0,30,-30
113900018,270,21,249
113900019,19,33,-14
113900020,17,0,17
113900022,0,0,0
113900023,4,0,4
113900024,5,41,-36
113900025,216,14,202
113900026,28,0,28
113900027,4,59,-55
113900028,10,261,-251
113900029,6,276,-270
113900030,25,1,24
113900031,0,0,0
113900032,2,0,2
113900033,30,46,-16
113900035,13,0,13
113900036,8,45,-37
113900037,6,452,-446
113900038,46,14,32
113900039,18,1,17
113900040,4,1,3
113900041,0,0,0
113900042,13,12,1
113900043,111,78,33
113900044,47,22,25
113900045,4,0,4
113900046,308,660,-352
113900047,8,79,-71
113900048,345,20,325
113900049,778,61,717
113900050,95,283,-188
113900051,56,326,-270
113900052,82,65,17
113900053,145,24,121
113900054,2,0,2
113900055,55,680,-625
113900056,3,106,-103
113900057,8,112,-104
113900058,24,159,-135
113900059,43,335,-292
113900060,82,194,-112
113900061,438,20,418
113900062,13,3,10
113900063,7,112,-105
113900064,30,144,-114
113900065,129,9,120
113900066,52,379,-327
113900067,17,379,-362
113900068,117,132,-15
113900069,28,9,19
113900070,114,376,-262
113900071,16,34,-18
113900072,10,100,-90
113900073,99,295,-196
113900074,15,305,-290
113900075,283,324,-41
113900076,63,6,57
113900077,14,221,-207
113900078,14,40,-26
113900079,0,52,-52
113900080,106,46,60
113900081,12,188,-176
113900082,38,144,-106
113900083,23,718,-695
113900084,75,61,14
113900085,16,320,-304
113900086,3,10,-7
113900087,8,176,-168
113900088,19,18,1
113900089,139,17,122
113900090,165,117,48
113900091,15,17,-2
113900092,17,30,-13
113900093,27,268,-241
113900094,48,394,-346
113900095,24,37,-13
113900096,30,11,19
113900097,2,103,-101
113900098,127,20,107
113900099,2,52,-50
113900100,0,1,-1
113900101,5,24,-19
113900102,38,38,0
113900103,101,137,-36
113900104,39,44,-5
113900105,11,291,-280
113900106,0,62,-62
113900107,1,26,-25
113900108,91,98,-7
113900109,196,45,151
113900110,10,10,0
113900111,32,78,-46
113900112,23,83,-60
113900113,240,161,79
113900114,1,91,-90
113900115,0,83,-83
113900116,22,58,-36
113900117,19,11,8
113900118,31,100,-69
113900119,183,117,66
113900120,9,12,-3
113900121,7,63,-56
113900122,143,419,-276
113900123,123,55,68
113900124,0,77,-77
113900125,934,115,819
113900126,33,20,13
113900127,94,192,-98
113900128,33,18,15
113900129,3,42,-39
113900130,0,8,-8
113900131,13,25,-12
113900132,8,25,-17
113900133,5,14,-9
113900135,107,327,-220
113900136,43,46,-3
113900137,122,83,39
113900138,19,52,-33
113900139,559,46,513
113900140,340,103,237
113900141,66,299,-233
113900142,17,56,-39
113900143,10,7,3
113900144,218,55,163
113900145,67,141,-74
113900146,18,39,-21
113900148,87,106,-19
113900149,58,10,48
113900150,1230,404,826
113900151,64,130,-66
113900152,10,35,-25
113900153,479,263,216
113900154,0,57,-57
113900155,164,36,128
113900156,90,592,-502
113900157,8,151,-143
113900158,444,98,346
113900159,7,103,-96
113900160,184,758,-574
113900161,14,117,-103
113900162,626,309,317
113900163,81,121,-40
113900164,42,13,29
113900165,524,374,150
113900166,156,44,112
113900167,88,38,50
113900168,78,87,-9
113900169,52,361,-309
113900171,30,12,18
113900172,14,219,-205
113900173,66,500,-434
113900174,124,752,-628
113900175,71,22,49
113900176,57,655,-598
113900177,97,96,1
113900178,75,26,49
113900179,14,610,-596
113900180,54,92,-38
113900181,116,24,92
113900182,125,689,-564
113900183,21,50,-29
113900184,5,484,-479
113900185,64,68,-4
113900186,14,16,-2
113900187,12,131,-119
113900188,6,107,-101
113900189,56,29,27
113900190,204,81,123
113900191,87,150,-63
113900192,4,147,-143
113900193,6,294,-288
113900194,1434,643,791
113900195,219,356,-137
113900196,2,98,-96
113900197,2,274,-272
113900198,4,67,-63
113900199,180,579,-399
113900200,5,183,-178
113900201,1,231,-230
113900202,20,135,-115
113900203,1,250,-249
113900204,23,549,-526
113900205,11,61,-50
113900206,1,70,-69
113900207,1,52,-51
113900208,0,30,-30
113900209,0,80,-80
113900210,375,226,149
113900211,55,4,51
113900212,34,526,-492
113900214,356,206,150
113900215,15,87,-72
113900216,15,1220,-1205
113900217,18,279,-261
113900218,30,7,23
113900219,63,360,-297
113900220,43,27,16
113900221,58,90,-32
113900222,89,159,-70
113900223,16,1043,-1027
113900224,86,52,34
113900225,501,136,365
113900226,100,86,14
113900227,127,54,73
113900228,270,181,89
113900229,10,341,-331
113900230,3361,596,2765
113900231,84,172,-88
113900232,13,90,-77
113900233,10,36,-26
113900234,71,158,-87
113900235,23,20,3
113900236,7,291,-284
113900237,33,7,26
113900238,95,187,-92
113900239,22,23,-1
113900240,1,46,-45
113900241,69,56,13
113900242,37,126,-89
113900243,89,248,-159
113900244,463,77,386
113900245,1263,121,1142
113900246,6,3,3
113900247,106,156,-50
113900248,3140,415,2725
113900249,697,117,580
113900250,27,22,5
113900251,91,165,-74
113900252,164,9,155
113900253,141,11,130
113900254,78,17,61
113900255,72,4,68
113900256,73,4,69
113900257,29,679,-650
113900258,6,539,-533
113900259,88,174,-86
113900260,29,24,5
113900261,5,89,-84
113900262,30,658,-628
113900263,35,357,-322
113900264,2,598,-596
113900265,81,377,-296
113900266,19,301,-282
113900267,62,361,-299
113900268,60,124,-64
113900269,14,73,-59
113900270,100,173,-73
113900271,158,1127,-969
113900273,10,3,7
113900274,6,0,6
113900275,8,22,-14
113900276,3,237,-234
113900277,10,0,10
113900278,262,111,151
113900279,69,59,10
113900280,557,364,193
113900281,132,630,-498
113900282,486,169,317
113900283,166,180,-14
113900284,249,67,182
113900285,36,31,5
113900286,2,98,-96
113900287,7,173,-166
113900288,0,42,-42
113900289,1318,24,1294
113900290,355,20,335
113900291,118,167,-49
113900292,1,6,-5
113900293,0,171,-171
113900294,61,5,56
113900295,167,133,34
113900296,2071,252,1819
113900297,99,12,87
113900298,3,1214,-1211
113900299,4,131,-127
113900300,5482,987,4495
113900301,327,70,257
113900302,1379,295,1084
113900303,408,54,354
113900304,1,155,-154
113900305,10,0,10
113900306,1,0,1
113900307,73,1,72
113900308,36,74,-38
113900309,3,815,-812
113900310,0,16,-16
113900311,0,0,0
113900312,29,69,-40
113900313,32,7,25
114000001,669,2485,-1816
114000002,66,385,-319
114000003,32,254,-222
114000004,140,426,-286
114000005,99,190,-91
114000006,1787,1885,-98
114000007,391,1333,-942
114000008,1111,677,434
114000009,93,75,18
114000011,1106,2049,-943
114000012,580,2039,-1459
114000013,396,1698,-1302
114000014,233,288,-55
114000015,622,350,272
114000016,95,304,-209
114000017,61,102,-41
114000018,285,85,200
114000026,317,1325,-1008
114000027,627,1278,-651
114000028,802,1004,-202
114000038,59,118,-59
114000039,31,69,-38
114000040,46,128,-82
114000042,48,156,-108
114000043,8,224,-216
114000044,38,38,0
114000045,17,87,-70
114000046,1427,3986,-2559
114000047,0,57,-57
114000048,19,18,1
114000049,785,562,223
114000050,539,523,16
114000051,1759,805,954
114000052,1612,461,1151
114000053,12,246,-234
114000054,31,1111,-1080
114000055,100,8,92
114000056,422,381,41
114000057,7184,1779,5405
114000058,213,221,-8
114000059,107,90,17
114000060,164,677,-513
114000061,1416,382,1034
114000062,722,224,498
114000063,2219,1344,875
114000064,5335,1604,3731
114000065,945,1360,-415
114000066,74,361,-287
114000067,7,92,-85
114000068,252,263,-11
114000069,357,342,15
114000070,1022,486,536
114000071,177,893,-716
114000072,52,353,-301
114000073,2,43,-41
114000074,4,11,-7
114000075,1,79,-78
114000076,1,64,-63
114000077,2,13,-11
114000078,66,1487,-1421
114000079,27,9,18
114000080,24,55,-31
114000081,0,2,-2
114000082,46,505,-459
114000083,16,258,-242
114000084,32,58,-26
114000085,52,747,-695
114000086,74,643,-569
114000087,23,266,-243
114000088,3,27,-24
114000089,1065,270,795
114000090,98,107,-9
114000091,582,199,383
114000092,388,167,221
114000093,343,452,-109
114000094,115,179,-64
114000095,33,16,17
114000096,63,554,-491
114000097,38,845,-807
114000098,66,14,52
114000099,73,1113,-1040
114000100,165,564,-399
114000101,176,1268,-1092
114000102,58,117,-59
114000103,40,380,-340
114000104,5,223,-218
114000105,13,77,-64
114000106,685,208,477
114000107,38,96,-58
114000108,1685,982,703
114000109,24,79,-55
114000110,258,1260,-1002
114000111,126,61,65
114000112,127,1138,-1011
114000113,125,127,-2
114000114,652,1151,-499
114000115,285,96,189
114000116,73,160,-87
114000117,255,150,105
114000118,268,113,155
114000119,180,62,118
114000120,375,914,-539
114000121,195,422,-227
114000122,157,189,-32
114000123,125,74,51
114000124,91,93,-2
114000125,479,1449,-970
114000126,164,49,115
114000127,11,79,-68
114000128,76,204,-128
114000130,37,35,2
114000131,21,20,1
114000132,391,675,-284
114000133,863,1135,-272
114000134,41,214,-173
114000138,21,132,-111
114000139,169,105,64
114000144,148,136,12
114000145,40,157,-117
114000146,47,272,-225
114000147,365,394,-29
114000148,983,166,817
114000149,49,22,27
114000150,478,358,120
114000151,480,410,70
114000152,42,9,33
114000153,467,838,-371
114000154,390,471,-81
114000155,561,778,-217
114000156,301,218,83
114000157,81,354,-273
114000158,1893,453,1440
114000159,96,243,-147
114000160,77,189,-112
114000161,555,368,187
114000162,315,213,102
114000163,9,161,-152
114000165,96,65,31
114000166,221,39,182
114000167,2865,730,2135
114000168,367,492,-125
114000169,524,179,345
114000170,248,165,83
114000171,134,216,-82
114000174,116,287,-171
114000176,324,282,42
114000177,1640,459,1181
114000178,7,42,-35
114000179,291,69,222
114000180,142,378,-236
114000181,689,1108,-419
114000182,4559,1456,3103
114000183,729,715,14
114000184,3686,1406,2280
114000185,162,156,6
114000189,41,14,27
114000190,220,38,182
114000191,16,14,2
114000192,238,1307,-1069
114000193,750,3187,-2437
114000194,571,1066,-495
114000195,16,4,12
114000196,3,260,-257
114000197,139,38,101
114000198,862,324,538
114000199,1333,633,700
114000200,358,2315,-1957
114000201,65,919,-854
114000202,492,768,-276
114000203,112,678,-566
114000204,67,349,-282
114000205,125,1355,-1230
114000206,193,1041,-848
114000207,383,2037,-1654
114000208,246,2779,-2533
114000209,287,2948,-2661
114000210,181,1707,-1526
114000211,398,878,-480
114000212,312,439,-127
114000213,417,349,68
114000214,13,218,-205
114000215,30,34,-4
114000216,92,6,86
114000217,6,259,-253
114000218,44,276,-232
114000219,207,300,-93
114000220,5,1228,-1223
114000221,115,60,55
114000222,98,1036,-938
114000223,69,11,58
114000224,60,641,-581
114000225,41,392,-351
114000226,23,269,-246
114000227,175,265,-90
114000228,208,660,-452
114000229,260,951,-691
114000230,528,1015,-487
114000231,276,924,-648
114000232,111,56,55
114000233,364,57,307
114000234,382,714,-332
114000235,424,1371,-947
114000236,2,665,-663
114000237,37,890,-853
114000238,15,86,-71
114000239,88,1311,-1223
114000240,306,509,-203
114000241,141,877,-736
114000242,669,756,-87
114000243,313,461,-148
114000244,103,50,53
114000245,156,597,-441
114000246,69,35,34
114000247,187,506,-319
114000248,184,287,-103
114000249,150,284,-134
114000250,41,427,-386
114000251,31,309,-278
114000252,25,124,-99
114000253,4,49,-45
114000254,6,96,-90
114000255,353,75,278
114000256,659,281,378
114000257,485,2009,-1524
114000258,36,452,-416
114000259,7,217,-210
114000260,0,19,-19
114000261,6,1,5
114000262,16,211,-195
114000263,0,0,0
114000264,168,773,-605
114000265,0,12,-12
114000267,2,668,-666
114000268,6,1750,-1744
114000270,0,0,0
114000271,121,68,53
114000283,129,319,-190
114000285,44,276,-232
114000288,16,365,-349
114000289,366,56,310
114000293,43,271,-228
114000294,55,116,-61
114000395,83,7,76
114000396,75,115,-40
114000402,87,229,-142
114000403,120,475,-355
114000405,23,574,-551
114000423,28,559,-531
114000424,67,235,-168
114000425,64,644,-580
114000426,31,48,-17
114000427,18,145,-127
114000428,93,52,41
114000429,0,191,-191
114000432,15,81,-66
114000434,7,73,-66
114000435,4,188,-184
114000436,1552,377,1175
114000437,20,44,-24
114900001,81,1221,-1140
114900002,204,14,190
114900003,69,1536,-1467
114900004,45,31,14
114900005,121,579,-458
114900006,12,6,6
114900007,23,2,21
114900008,10,25,-15
114900010,1929,608,1321
114900011,14,48,-34
114900013,33,37,-4
114900015,10,74,-64
114900018,269,13,256
114900020,27,28,-1
114900022,8,338,-330
114900024,19,66,-47
114900025,72,141,-69
114900026,18,25,-7
114900027,58,154,-96
114900029,13,5,8
114900030,43,203,-160
114900031,23,11,12
114900032,30,14,16
114900033,976,125,851
114900034,54,226,-172
114900035,59,132,-73
114900036,126,1353,-1227
114900037,39,153,-114
114900038,105,1437,-1332
114900039,238,842,-604
114900040,4,157,-153
114900041,107,843,-736
114900042,154,988,-834
114900043,671,214,457
114900044,19,2,17
114900046,30,94,-64
114900047,48,555,-507
114900048,17,128,-111
114900049,5,188,-183
114900050,5,563,-558
114900051,6,471,-465
114900052,88,138,-50
114900053,61,152,-91
114900054,30,147,-117
114900057,12,1,11
114900058,1,85,-84
114900059,10,10,0
114900060,586,197,389
114900061,52,155,-103
114900062,189,183,6
114900063,20,209,-189
114900064,216,678,-462
114900065,75,425,-350
114900067,7,206,-199
114900068,74,150,-76
114900069,207,141,66
114900070,74,484,-410
114900072,6,167,-161
114900073,2,195,-193
114900074,54,691,-637
114900075,12,2,10
114900076,0,406,-406
114900080,2112,170,1942
114900082,2261,800,1461
114900083,105,387,-282
114900090,55,83,-28
114900091,45,66,-21
114900095,336,121,215
114900096,337,355,-18
114900097,10,1,9
114900098,2,118,-116
114900099,23,6,17
115000001,8115,6118,1997
115000002,1361,1031,330
115000003,2558,4264,-1706
115000004,675,1621,-946
115000005,808,2612,-1804
115000006,185,530,-345
115000007,14,88,-74
115000008,172,141,31
115000009,81,220,-139
115000010,89,39,50
115000013,40,76,-36
115000015,69,92,-23
115000016,176,113,63
115000019,2,181,-179
115000020,127,65,62
115000021,182,300,-118
115000022,371,270,101
115000023,40,99,-59
115000024,764,411,353
115000025,130,112,18
115000026,118,254,-136
115000027,12,69,-57
115000028,64,489,-425
115000029,30,29,1
115000030,108,624,-516
115000031,172,73,99
115000032,2,188,-186
115000033,3,5,-2
115000034,68,644,-576
115000035,55,2,53
115000036,0,348,-348
115000037,7,0,7
115000038,40,102,-62
115000039,1295,918,377
115000040,4324,1286,3038
115000041,423,1044,-621
115000042,303,338,-35
115000043,1503,1439,64
115000044,2669,3624,-955
115000045,943,2183,-1240
115000046,407,974,-567
115000047,539,926,-387
115000048,896,3134,-2238
115000049,877,2448,-1571
115000050,905,702,203
115000051,1183,604,579
115000052,3024,1497,1527
115000053,667,629,38
115000054,657,1046,-389
115000055,20,308,-288
115000056,15,75,-60
115000057,95,253,-158
115000058,16,62,-46
115000059,12,87,-75
115000061,18,18,0
115000062,40,285,-245
115000063,53,322,-269
115000064,12,34,-22
115000065,13,123,-110
115000067,0,0,0
115000069,6,178,-172
115000070,21,234,-213
115000071,8,2,6
115000072,50,29,21
115000073,318,14,304
115000075,7,41,-34
115000076,1870,2756,-886
115000077,568,3564,-2996
115000078,248,1740,-1492
115000079,336,1884,-1548
115000080,625,2346,-1721
115000081,175,800,-625
115000082,1192,1682,-490
115000083,802,3122,-2320
115000084,277,532,-255
115000085,211,864,-653
115000086,93,489,-396
115000087,277,1081,-804
115000088,527,233,294
115000089,1249,1428,-179
115000090,497,55,442
115000091,172,1041,-869
115000092,92,233,-141
115000093,2,0,2
115000094,5344,2028,3316
115000095,4639,2331,2308
115000096,164,1658,-1494
115000097,130,548,-418
115000098,149,732,-583
115000099,431,2193,-1762
115000100,108,220,-112
115000101,226,1355,-1129
115000102,110,119,-9
115000103,229,849,-620
115000105,26,168,-142
115000106,56,118,-62
115000107,81,588,-507
115000108,2987,2447,540
115000109,3496,682,2814
115000110,605,379,226
115000111,357,738,-381
115000112,241,280,-39
115000113,308,388,-80
115000114,936,410,526
115000116,1883,651,1232
115000117,1977,729,1248
115000118,591,843,-252
115000119,645,758,-113
115000120,322,330,-8
115000121,1054,371,683
115000122,2150,428,1722
115000123,999,505,494
115000124,275,291,-16
115000125,188,400,-212
115000126,65,136,-71
115000127,96,88,8
115000128,630,340,290
115000129,38,85,-47
115000130,89,646,-557
115000131,83,160,-77
115000132,52,392,-340
115000133,127,211,-84
115000134,147,148,-1
115000135,18,164,-146
115000136,58,116,-58
115000137,23,161,-138
115000138,24,66,-42
115000139,108,266,-158
115000140,50,73,-23
115000141,67,320,-253
115000142,38,276,-238
115000143,55,246,-191
115000144,84,57,27
115000145,59,534,-475
115000146,43,101,-58
115000147,93,485,-392
115000148,161,1251,-1090
115000149,201,122,79
115000150,358,1219,-861
115000151,172,225,-53
115000152,242,1751,-1509
115000153,196,265,-69
115000154,165,224,-59
115000155,271,1202,-931
115000156,318,300,18
115000157,490,661,-171
115000158,387,196,191
115000159,261,187,74
115000160,415,321,94
115000161,333,450,-117
115000162,261,170,91
115000163,513,482,31
115000164,286,365,-79
115000165,100,134,-34
115000167,10,5,5
115000168,154,97,57
115000169,304,428,-124
115000170,34,109,-75
115000171,85,49,36
115000172,1516,353,1163
115000173,49,71,-22
115000174,10,35,-25
115000175,18,51,-33
115000176,12,6,6
115000177,9,44,-35
115000178,4,247,-243
115000179,6,6,0
115000180,19,634,-615
115000181,73,86,-13
115000182,93,139,-46
115000183,74,856,-782
115000186,130,174,-44
115000187,30,490,-460
115000188,82,160,-78
115000189,126,326,-200
115000190,131,114,17
115000191,142,193,-51
115000194,108,58,50
115000195,77,20,57
115000196,11,51,-40
115000197,56,479,-423
115000198,22,110,-88
115000199,76,364,-288
115000200,51,29,22
115000201,25,423,-398
115000206,0,0,0
115000207,22,329,-307
115000208,440,600,-160
115000209,86,71,15
115000210,13,49,-36
115000211,138,156,-18
115000212,739,245,494
115000224,22,5,17
115000225,27,11,16
115000229,101,52,49
115000230,10,217,-207
115000231,208,2100,-1892
115000232,239,335,-96
115000233,18,202,-184
115000234,4,155,-151
115000241,15,96,-81
115000242,27,127,-100
115000243,4,118,-114
115000244,3,87,-84
115000246,5,2,3
115000247,1,5,-4
115000248,1,2,-1
115000249,3,3,0
115000250,44,30,14
115000251,13,43,-30
115000252,6,74,-68
115000253,2,47,-45
115000258,49,46,3
115000259,103,48,55
115000261,0,1,-1
115000262,0,3,-3
115000263,0,6,-6
115000264,0,6,-6
115000267,4,8,-4
115000268,13,67,-54
115000269,9,34,-25
115000270,0,8,-8
115000272,8,57,-49
115000273,56,7,49
115000280,473,3,470
115000281,677,56,621
115000282,401,107,294
115000284,85,20,65
115000296,49,2,47
115000297,2,2,0
115000298,70,27,43
115000300,17,229,-212
115000302,16,47,-31
115000303,39,34,5
115000304,74,18,56
115000305,36,1274,-1238
115000306,57,663,-606
115000307,8,290,-282
115000308,53,6,47
115000309,12,3,9
115000310,250,1078,-828
115000311,77,769,-692
115000313,75,671,-596
115000314,18,16,2
115000315,898,205,693
115000316,6,19,-13
115000317,59,490,-431
115000318,111,104,7
115000319,7,268,-261
115000320,3,50,-47
115000321,33,2,31
115000322,6,245,-239
115000449,113,46,67
115000557,1,116,-115
115000558,16,13,3
115000587,103,160,-57
115000588,1444,3645,-2201
115000589,1121,1106,15
115000590,339,1385,-1046
115000591,188,186,2
115000592,414,1182,-768
115000593,202,100,102
115000594,474,959,-485
115000609,55,61,-6
115000617,366,356,10
115000624,34,90,-56
115000633,110,998,-888
115000634,716,325,391
115000635,31,28,3
115000638,770,252,518
115000641,54,68,-14
115000642,129,119,10
115000643,24,347,-323
115000644,93,285,-192
115000646,450,534,-84
115000647,37,295,-258
115000648,254,1183,-929
115000893,619,107,512
115000894,41,912,-871
115000895,104,727,-623
115000896,121,58,63
115000897,68,3,65
115000898,264,23,241
115000899,731,498,233
115000900,18,215,-197
115000901,53,35,18
115000912,33,3,30
115000913,1,32,-31
115000915,11,0,11
115000916,0,0,0
115000917,0,1,-1
115000918,0,0,0
115000919,0,0,0
115000920,11,18,-7
115000921,1377,37,1340
115000922,159,34,125
115000923,208,445,-237
115000925,13,40,-27
115000927,3,16,-13
115000933,171,67,104
115000934,12,76,-64
115000935,10,75,-65
115000936,0,0,0
115000937,700,59,641
115000938,25,49,-24
115000939,24,42,-18
115900001,2,81,-79
115900002,62,127,-65
115900003,28,67,-39
115900004,0,34,-34
115900005,11,0,11
115900006,19,245,-226
115900008,2,21,-19
115900009,19,195,-176
115900010,31,90,-59
115900011,54,200,-146
115900012,6,49,-43
115900013,138,71,67
115900014,92,137,-45
115900015,5,48,-43
115900016,10,8,2
115900017,0,0,0
115900018,122,58,64
115900019,308,11,297
115900020,7,0,7
115900021,1383,37,1346
115900022,1336,4,1332
115900023,2,0,2
115900025,63,62,1
115900026,916,363,553
115900027,2,391,-389
115900028,413,38,375
115900029,2,443,-441
115900030,5,10,-5
115900031,143,33,110
115900032,171,507,-336
115900033,0,37,-37
115900034,8,453,-445
115900035,56,70,-14
115900036,116,102,14
115900037,20,411,-391
115900038,0,2,-2
115900039,37,247,-210
115900041,108,86,22
115900042,12,5,7
115900043,16,103,-87
115900044,115,67,48
115900046,55,216,-161
115900047,8,6,2
115900049,35,173,-138
115900051,0,38,-38
115900052,8,289,-281
115900053,22,240,-218
115900054,2,40,-38
115900055,18,146,-128
115900056,31,381,-350
115900057,0,0,0
115900058,51,74,-23
115900060,31,118,-87
115900061,5,0,5
115900062,3,259,-256
115900063,22,12,10
115900064,123,116,7
115900065,13,130,-117
115900066,112,126,-14
115900067,2,756,-754
115900068,3709,37,3672
115900069,66,110,-44
115900070,32,262,-230
115900071,0,646,-646
115900072,79,172,-93
115900073,4,10,-6
115900074,1,430,-429
115900075,9,332,-323
115900076,1,56,-55
115900077,1,337,-336
115900078,6,130,-124
115900079,13,9,4
115900080,169,81,88
115900081,10,100,-90
115900082,55,130,-75
115900084,38,17,21
115900085,19,14,5
115900086,1315,336,979
115900088,12,8,4
115900089,37,837,-800
115900090,11,3,8
115900091,1,8,-7
115900092,2,219,-217
115900093,0,35,-35
115900094,3,424,-421
115900096,0,15,-15
115900097,4,516,-512
115900098,30,410,-380
115900099,12,76,-64
115900100,4,500,-496
115900101,46,316,-270
115900102,1,54,-53
115900103,72,156,-84
115900104,5,115,-110
115900105,29,510,-481
115900106,2,6,-4
115900107,3,161,-158
115900108,9,25,-16
115900109,18,376,-358
115900110,0,12,-12
115900111,0,116,-116
115900112,21,691,-670
115900113,7,7,0
115900114,1,128,-127
115900115,8,64,-56
115900116,61,931,-870
115900117,8,10,-2
115900118,2,473,-471
115900119,8,32,-24
115900120,7,297,-290
115900121,55,176,-121
115900124,65,157,-92
115900125,74,12,62
115900126,180,27,153
115900127,161,21,140
115900128,2,37,-35
115900129,218,11,207
115900130,49,108,-59
115900131,37,3,34
115900132,49,12,37
115900134,29,11,18
115900135,305,271,34
115900137,3,0,3
115900139,32,14,18
115900140,30,6,24
115900141,4,28,-24
115900142,12,7,5
115900143,19,127,-108
115900144,5,124,-119
115900146,0,99,-99
115900147,68,70,-2
115900148,0,6,-6
115900149,3,29,-26
115900150,1,42,-41
115900151,1,32,-31
115900152,7,327,-320
115900153,8,173,-165
115900154,373,147,226
115900155,0,42,-42
115900156,221,416,-195
115900157,9,257,-248
115900158,19,1,18
115900159,16,189,-173
115900160,1,0,1
115900161,10,83,-73
115900163,53,60,-7
115900164,20,63,-43
115900165,1,43,-42
115900166,79,179,-100
115900168,12,120,-108
115900171,16,236,-220
115900172,17,62,-45
115900173,51,78,-27
115900174,132,86,46
115900175,26,82,-56
115900178,3,631,-628
115900179,16,10,6
115900180,23,188,-165
115900181,18,266,-248
115900182,61,255,-194
115900183,39,9,30
115900184,319,3,316
115900187,1,62,-61
115900189,0,35,-35
115900190,388,183,205
115900191,56,386,-330
115900192,4,37,-33
115900193,28,22,6
115900194,199,17,182
115900195,215,239,-24
115900198,83,160,-77
115900199,69,229,-160
115900200,124,205,-81
115900201,59,191,-132
115900202,1,7,-6
115900203,1,0,1
115900204,0,0,0
115900205,16,3,13
115900206,11,97,-86
115900207,3,4,-1
115900208,9,254,-245
115900209,0,140,-140
115900210,2,169,-167
115900211,3,181,-178
115900212,16,181,-165
115900213,3,1,2
115900214,60,175,-115
115900215,2,6,-4
115900216,2,84,-82
115900217,2,103,-101
115900218,0,63,-63
115900219,3,2,1
115900220,7,4,3
115900221,6,6,0
115900222,3,8,-5
115900223,0,9,-9
115900224,639,30,609
115900225,39,6,33
115900226,2,20,-18
115900227,0,6,-6
115900228,3,12,-9
115900229,2,21,-19
115900230,25,30,-5
115900231,21,1,20
115900232,7,0,7
115900233,6,0,6
115900234,15,4,11
115900235,0,2,-2
115900236,8,10,-2
115900237,0,55,-55
115900238,2,26,-24
115900239,0,33,-33
115900240,1,85,-84
115900241,11,51,-40
115900242,49,24,25
115900243,3,9,-6
115900244,1,11,-10
115900245,4,19,-15
115900246,1,1,0
115900247,5,1,4
115900248,7,1,6
115900249,0,1,-1
115900250,0,5,-5
115900251,0,3,-3
115900252,0,0,0
115900253,1,1,0
115900254,10,10,0
115900255,3,8,-5
115900256,7,14,-7
115900257,0,4,-4
115900258,0,2,-2
115900259,1,1,0
115900260,8,0,8
115900261,4,0,4
115900262,1,1,0
115900263,0,3,-3
115900264,2,4,-2
115900265,0,0,0
115900266,3,3,0
115900267,2,2,0
115900268,1,4,-3
115900269,59,239,-180
115900270,51,644,-593
115900271,6,1,5
115900272,2,0,2
115900273,5,2,3
115900274,1,14,-13
115900275,1,38,-37
115900276,1,74,-73
115900277,0,143,-143
115900278,5,58,-53
115900279,3,65,-62
115900280,9,62,-53
115900281,261,36,225
115900282,10,0,10
115900283,0,2,-2
115900284,3,5,-2
116000001,18807,3503,15304
116000002,1742,1805,-63
116000003,1029,1537,-508
116000004,512,712,-200
116000005,1189,1986,-797
116000006,606,503,103
116000007,2320,3380,-1060
116000008,1860,792,1068
116000009,1033,2371,-1338
116000010,449,354,95
116000011,369,1345,-976
116000012,274,278,-4
116000013,14026,3211,10815
116000014,17480,2458,15022
116000015,337,307,30
116000016,6003,757,5246
116000017,31,329,-298
116000018,472,239,233
116000019,102,208,-106
116000020,200,902,-702
116000021,80,181,-101
116000022,109,319,-210
116000023,260,226,34
116000024,388,1118,-730
116000025,197,306,-109
116000026,768,1903,-1135
116000027,448,315,133
116000028,96,150,-54
116000029,761,394,367
116000030,36,29,7
116000031,144,177,-33
116000032,39,288,-249
116000033,23,216,-193
116000034,60,334,-274
116000035,61,465,-404
116000036,825,194,631
116000037,149,125,24
116000038,123,73,50
116000039,432,187,245
116000040,301,31,270
116000041,94,420,-326
116000042,98,59,39
116000043,26,370,-344
116000044,10,41,-31
116000045,166,216,-50
116000046,554,503,51
116000047,1158,1169,-11
116000048,450,525,-75
116000049,210,597,-387
116000050,579,991,-412
116000051,447,483,-36
116000052,1469,2093,-624
116000053,358,176,182
116000054,263,1597,-1334
116000055,159,958,-799
116000056,48,246,-198
116000057,1836,1483,353
116000058,1801,945,856
116000059,1366,1244,122
116000060,2616,567,2049
116000061,240,357,-117
116000062,293,163,130
116000063,131,402,-271
116000066,9,55,-46
116000067,119,519,-400
116000068,29,34,-5
116000069,107,389,-282
116000078,52,287,-235
116000080,565,722,-157
116000082,3,118,-115
116000083,487,211,276
116000084,1220,2622,-1402
116000085,1021,527,494
116000086,1152,954,198
116000087,699,523,176
116000088,508,968,-460
116000089,63,68,-5
116000090,57,67,-10
116000091,168,47,121
116000093,1113,482,631
116000094,153,575,-422
116000095,279,390,-111
116000096,235,803,-568
116000097,151,595,-444
116000098,125,2223,-2098
116000099,6036,233,5803
116000100,44,5,39
116000101,210,1277,-1067
116000102,61,944,-883
116000103,144,164,-20
116000104,16,1153,-1137
116000105,144,197,-53
116000106,32,959,-927
116000107,246,444,-198
116000108,24,112,-88
116000111,26,14,12
116000113,28,20,8
116000114,28,99,-71
116000115,65,26,39
116000116,131,548,-417
116000117,317,646,-329
116000118,474,1461,-987
116000119,449,570,-121
116000120,1214,4042,-2828
116000121,291,228,63
116000122,765,2663,-1898
116000123,177,178,-1
116000124,172,1102,-930
116000125,355,292,63
116000126,157,1220,-1063
116000127,636,1300,-664
116000128,539,375,164
116000129,164,121,43
116000130,43,107,-64
116000133,153,582,-429
116000134,386,2371,-1985
116000135,416,846,-430
116000136,273,1785,-1512
116000137,164,337,-173
116000138,1342,322,1020
116000139,766,1495,-729
116000140,45,169,-124
116000141,170,646,-476
116000142,2864,3026,-162
116000143,878,724,154
116000144,706,2704,-1998
116000145,513,969,-456
116000146,35,161,-126
116000147,81,46,35
116000148,102,256,-154
116000149,110,298,-188
116000151,267,930,-663
116000153,9,110,-101
116000155,22,54,-32
116000156,1037,944,93
116000157,9,7,2
116000158,49,304,-255
116000159,0,1,-1
116000160,15,99,-84
116000161,12,80,-68
116000162,47,26,21
116000163,3,6,-3
116000164,2,13,-11
116000177,3,69,-66
116000194,37,321,-284
116000195,444,362,82
116000196,0,1,-1
116000197,2,0,2
116000198,646,476,170
116000200,489,120,369
116000201,222,480,-258
116000202,0,183,-183
116000203,1,83,-82
116000204,13,40,-27
116000205,1,168,-167
116000206,1,102,-101
116000207,0,38,-38
116000233,44,825,-781
116000287,13,518,-505
116000288,41,158,-117
116000292,0,83,-83
116000296,3,182,-179
116000297,9,1,8
116000304,22,20,2
116000305,0,66,-66
116000346,17,190,-173
116000352,1,133,-132
116000354,12,57,-45
116000357,4,72,-68
116000358,47,8,39
116000361,80,8,72
116000372,7712,1245,6467
116000381,61,21,40
116000388,0,46,-46
116000389,142,313,-171
116000445,51,834,-783
116000446,79,650,-571
116000447,6,229,-223
116000448,336,146,190
116000563,151,156,-5
116000565,147,404,-257
116000568,13,58,-45
116000579,19,107,-88
116000584,5,11,-6
116000585,12,12,0
116000586,176,61,115
116000587,1,266,-265
116000589,8,98,-90
116000590,8,9,-1
116000591,20,150,-130
116000592,15,116,-101
116000593,0,24,-24
116000594,127,696,-569
116000595,103,219,-116
116000596,26,7,19
116000597,37,36,1
116000598,9,242,-233
116000602,75,41,34
116000605,91,130,-39
116000606,5,44,-39
116000607,1,7,-6
116000609,77,287,-210
116000611,14,507,-493
116000612,242,986,-744
116000613,103,211,-108
116000614,252,860,-608
116000615,1,57,-56
116000616,13,143,-130
116000617,28,141,-113
116000618,3,212,-209
116000619,8,37,-29
116000620,0,0,0
116000621,1,3,-2
116000622,0,0,0
116000624,12,51,-39
116000627,4,34,-30
116000628,15,911,-896
116000629,21,604,-583
116000630,45,54,-9
116000631,8,46,-38
116000632,57,648,-591
116000633,0,592,-592
116000634,52,12,40
116000635,912,382,530
116000636,378,436,-58
116000637,31,10,21
116000638,5,530,-525
116900001,41,66,-25
116900002,152,3,149
116900003,2,62,-60
116900004,11,4,7
116900005,18,30,-12
116900006,118,103,15
116900007,40,115,-75
116900008,45,557,-512
116900009,4,0,4
116900010,2,1736,-1734
116900011,6,18,-12
116900012,56,146,-90
116900013,1,212,-211
116900014,8,355,-347
116900015,31,40,-9
116900016,12,1,11
116900017,1,607,-606
116900018,17,14,3
116900019,3,348,-345
116900020,1451,87,1364
116900023,8,7,1
116900024,28,40,-12
116900025,61,1043,-982
116900026,74,529,-455
116900027,3,29,-26
116900028,6,86,-80
116900029,0,11,-11
116900031,0,5,-5
116900032,6,271,-265
116900033,0,3,-3
116900034,5,55,-50
116900035,40,135,-95
116900036,2,81,-79
116900038,2,1,1
116900041,10,2,8
116900042,934,142,792
116900043,4,36,-32
116900047,81,19,62
116900049,24,205,-181
116900050,22,199,-177
116900051,8,217,-209
116900052,43,20,23
116900055,0,0,0
116900057,8,247,-239
116900058,23,310,-287
116900059,0,118,-118
116900060,79,239,-160
116900062,0,2,-2
116900064,18,1034,-1016
116900065,0,56,-56
116900067,21,67,-46
116900068,34,439,-405
116900070,0,0,0
116900072,1,440,-439
116900073,4,141,-137
116900074,2,39,-37
116900076,2,16,-14
116900077,6,171,-165
116900078,145,129,16
116900079,5,277,-272
116900080,0,12,-12
116900081,116,1033,-917
116900082,177,799,-622
116900083,0,71,-71
116900084,28,28,0
116900085,3,127,-124
116900086,29,176,-147
116900088,151,23,128
116900090,115,29,86
116900091,25,81,-56
116900092,29,563,-534
116900093,1624,647,977
116900094,5268,1080,4188
116900095,29,181,-152
116900096,34,37,-3
116900097,2150,478,1672
116900098,842,63,779
116900099,250,170,80
116900100,142,4,138
116900101,147,595,-448
116900103,0,0,0
116900104,7,43,-36
116900105,72,10,62
116900106,160,368,-208
116900107,3312,416,2896
116900110,2,0,2
116900111,63,1120,-1057
116900112,42,548,-506
116900113,2041,313,1728
116900116,25,98,-73
116900117,2,56,-54
116900118,942,280,662
116900120,45,54,-9
116900121,7,27,-20
116900122,127,969,-842
116900123,43,945,-902
116900124,32,565,-533
116900125,60,185,-125
116900126,158,283,-125
116900128,0,42,-42
116900129,8,290,-282
116900130,1043,918,125
116900131,25,64,-39
116900132,9,46,-37
116900133,14,80,-66
116900134,59,168,-109
116900136,56,94,-38
116900137,99,110,-11
116900138,55,174,-119
116900139,17,262,-245
116900140,80,174,-94
116900141,233,241,-8
116900142,1,6,-5
116900143,74,400,-326
116900144,4,11,-7
116900145,19,357,-338
116900147,310,204,106
116900148,0,22,-22
116900149,6,44,-38
116900150,3,3,0
116900151,15,5,10
116900153,6,33,-27
116900154,57,80,-23
116900155,10,37,-27
116900157,59,176,-117
116900158,5,32,-27
116900159,4,118,-114
116900160,361,126,235
116900161,7029,1290,5739
116900162,2,92,-90
116900163,9,118,-109
116900164,13,15,-2
116900165,34,31,3
116900166,1,44,-43
116900167,65,50,15
116900168,19,96,-77
116900169,164,72,92
116900170,62,116,-54
116900171,8,141,-133
116900172,98,19,79
116900173,7,48,-41
116900174,4,4,0
116900175,35,47,-12
116900178,3,151,-148
116900179,47,24,23
116900180,9,13,-4
116900182,99,153,-54
116900183,71,37,34
116900185,1,13,-12
116900186,39,303,-264
116900187,7,13,-6
116900188,30,17,13
116900189,7,0,7
116900191,85,222,-137
116900192,72,104,-32
116900194,8,177,-169
116900195,26,5,21
116900196,12,134,-122
116900197,17,2,15
116900198,207,73,134
116900200,2,77,-75
116900201,9,0,9
116900202,47,42,5
116900203,21,3,18
116900204,5,17,-12
116900206,3,47,-44
116900207,11,16,-5
116900208,0,122,-122
116900209,13,83,-70
116900210,148,120,28
116900211,83,3,80
116900212,2,82,-80
116900213,34,69,-35
116900214,22,102,-80
116900215,9,39,-30
116900216,49,325,-276
116900218,7,343,-336
116900219,548,296,252
116900220,14,109,-95
116900221,22,188,-166
116900222,132,132,0
116900223,43,126,-83
116900226,7,59,-52
116900227,13,46,-33
116900228,70,283,-213
116900230,6,289,-283
116900231,5,423,-418
116900232,1,326,-325
116900233,22,43,-21
116900234,0,5,-5
116900235,48,243,-195
116900238,910,209,701
116900239,4,188,-184
116900240,4487,731,3756
116900241,12,158,-146
116900242,234,87,147
116900243,1,109,-108
116900245,13,0,13
116900246,5,4,1
116900247,51,13,38
116900248,13,22,-9
116900249,52,39,13
116900250,34,42,-8
116900251,214,44,170
116900252,10,714,-704
116900253,11,49,-38
116900254,1,53,-52
116900255,47,8,39
116900256,29,36,-7
116900257,7,590,-583
116900258,0,410,-410
116900259,8,2,6
116900260,1,174,-173
116900261,0,3,-3
116900262,38,116,-78
116900263,0,4,-4
116900264,0,2,-2
116900265,1,0,1
116900266,2,31,-29
116900267,0,1,-1
116900268,0,4,-4
116900269,92,228,-136
116900271,2397,53,2344
116900272,352,442,-90
116900273,97,15,82
116900274,16,25,-9
116900275,14,64,-50
116900276,849,15,834
116900277,297,5,292
116900278,1,10,-9
116900279,0,14,-14
116900280,0,13,-13
116900281,6152,762,5390
116900282,1,117,-116
116900283,6,81,-75
116900284,13,159,-146
116900285,118,23,95
116900286,69,4,65
116900287,0,69,-69
116900288,4,93,-89
116900289,0,30,-30
116900290,0,22,-22
116900291,0,8,-8
116900292,0,0,0
116900293,3,96,-93
116900294,15,76,-61
116900295,97,8,89
116900296,4,7,-3
116900297,1,16,-15
116900298,21,16,5
116900299,3,17,-14
116900300,8,32,-24
116900301,14,25,-11
116900302,9,16,-7
116900303,285,23,262
116900304,1,59,-58
116900305,2,2,0
116900306,4,55,-51
117000001,438,605,-167
117000002,706,3192,-2486
117000003,1657,970,687
117000004,2363,3768,-1405
117000005,368,549,-181
117000006,406,3480,-3074
117000007,745,376,369
117000008,777,3448,-2671
117000009,1344,525,819
117000010,1398,2936,-1538
117000011,350,787,-437
117000012,439,1543,-1104
117000013,239,610,-371
117000014,347,1795,-1448
117000015,1285,520,765
117000016,130,44,86
117000017,104,102,2
117000018,53,202,-149
117000019,0,0,0
117000020,472,599,-127
117000021,1977,142,1835
117000022,113,31,82
117000023,106,63,43
117000024,253,89,164
117000025,369,517,-148
117000026,389,101,288
117000027,1116,834,282
117000028,73,92,-19
117000030,207,355,-148
117000031,41,25,16
117000032,1128,749,379
117000033,452,429,23
117000034,89,202,-113
117000035,31,10,21
117000036,120,201,-81
117000037,10,15,-5
117000038,51,191,-140
117000039,36,152,-116
117000040,49,1433,-1384
117000041,134,46,88
117000044,8,1042,-1034
117000045,70,19,51
117000046,182,707,-525
117000047,60,155,-95
117000048,1438,1077,361
117000049,102,213,-111
117000050,44,2803,-2759
117000051,600,129,471
117000052,1,771,-770
117000053,64,63,1
117000054,282,2,280
117000055,6,3305,-3299
117000056,137,4,133
117000057,537,1557,-1020
117000060,184,1765,-1581
117000061,205,205,0
117000062,79,341,-262
117000063,203,175,28
117000064,525,553,-28
117000066,858,505,353
117000067,35,151,-116
117000074,47,40,7
117000076,43,17,26
117000077,66,29,37
117000078,33,330,-297
117000079,32,67,-35
117000080,1,291,-290
117000081,106,57,49
117000082,13,21,-8
117000083,2,3,-1
117000084,3,0,3
117000085,50,231,-181
117000086,360,537,-177
117000087,57,334,-277
117000088,59,55,4
117000089,421,143,278
117000090,97,1531,-1434
117000091,198,127,71
117000092,202,1686,-1484
117000093,175,185,-10
117000094,267,2281,-2014
117000095,382,254,128
117000096,274,2515,-2241
117000097,273,472,-199
117000098,1926,5027,-3101
117000099,525,284,241
117000100,29,92,-63
117000101,109,1059,-950
117000102,294,223,71
117000103,587,1599,-1012
117000104,299,192,107
117000105,396,1886,-1490
117000106,139,162,-23
117000107,262,2424,-2162
117000108,225,255,-30
117000109,963,2932,-1969
117000110,304,215,89
117000111,993,1748,-755
117000112,778,838,-60
117000113,36,285,-249
117000114,11,27,-16
117000115,28,159,-131
117000116,4,124,-120
117000117,556,147,409
117000118,43,92,-49
117000119,28,16,12
117000120,37,19,18
117000121,14,75,-61
117000122,263,163,100
117000123,595,10,585
117000124,97,6,91
117000125,146,27,119
117000126,10,20,-10
117000127,70,218,-148
117000128,171,293,-122
117000129,140,77,63
117000130,0,0,0
117000131,0,161,-161
117000132,229,122,107
117000133,205,214,-9
117000134,0,81,-81
117000135,1,18,-17
117000136,0,37,-37
117000137,8,27,-19
117000138,1,286,-285
117000140,214,1616,-1402
117000141,273,163,110
117000181,712,174,538
117000182,79,35,44
117000195,95,1328,-1233
117000196,40,15,25
117000225,30,1,29
117000226,2,43,-41
117000276,36,0,36
117000277,2,573,-571
117000310,1864,1508,356
117000315,9,139,-130
117000320,0,0,0
117000906,35,1,34
117000907,7,446,-439
117000908,19,12,7
117000909,22,13,9
117000910,118,97,21
117000911,66,169,-103
117000915,7,539,-532
117000916,8,1,7
117000917,130,2,128
117000918,11,15,-4
117000919,4,68,-64
117000920,9,1630,-1621
117000921,7,2371,-2364
117000922,0,0,0
117000924,98,169,-71
117000926,929,58,871
117000927,41,129,-88
117000928,1,348,-347
117000929,48,514,-466
117000930,39,17,22
117000931,180,30,150
117900002,69,236,-167
117900003,580,151,429
117900005,0,29,-29
117900006,0,19,-19
117900007,27,202,-175
117900008,1,36,-35
117900010,32,153,-121
117900011,5,11,-6
117900012,6,224,-218
117900013,2,281,-279
117900014,60,344,-284
117900015,10,289,-279
117900016,770,112,658
117900017,72,462,-390
117900018,117,12,105
117900019,45,591,-546
117900020,39,37,2
117900021,5,123,-118
117900022,12,9,3
117900023,561,25,536
117900024,30,237,-207
117900025,17,8,9
117900026,42,423,-381
117900028,7,0,7
117900029,46,884,-838
117900030,101,87,14
117900031,19,25,-6
117900032,105,110,-5
117900033,45,816,-771
117900034,24,37,-13
117900035,25,19,6
117900036,83,738,-655
117900037,6,85,-79
117900038,6,493,-487
117900039,5,96,-91
117900040,108,592,-484
117900041,4,43,-39
117900042,4102,307,3795
117900043,9,28,-19
117900044,20,409,-389
117900045,22,39,-17
117900048,81,314,-233
117900049,28,492,-464
117900050,0,12,-12
117900051,0,4,-4
117900052,27,58,-31
117900053,324,559,-235
117900054,2,31,-29
117900055,46,18,28
117900056,110,5,105
117900057,412,915,-503
117900058,30,6,24
117900059,52,20,32
117900060,245,4825,-4580
117900061,3,43,-40
117900063,29,129,-100
117900065,520,949,-429
117900066,2,18,-16
117900067,47,264,-217
117900069,129,402,-273
117900070,36,0,36
117900071,19,103,-84
117900073,74,359,-285
117900074,25,4,21
117900075,6,49,-43
117900076,3,43,-40
117900077,23,29,-6
117900078,109,194,-85
117900080,16,20,-4
117900081,319,306,13
117900082,123,100,23
117900083,34,620,-586
117900086,21,26,-5
117900087,6,38,-32
117900088,1712,1167,545
117900089,428,126,302
117900090,42,736,-694
117900091,82,69,13
117900092,7,30,-23
117900093,4,75,-71
117900094,10,4,6
117900095,38,518,-480
117900096,17,119,-102
117900097,15,25,-10
117900098,2,0,2
117900099,13,327,-314
117900100,11,0,11
117900101,239,420,-181
117900102,11,26,-15
117900103,3,1,2
117900104,1,56,-55
117900105,24,91,-67
117900106,8,27,-19
117900107,7,0,7
117900109,65,185,-120
117900110,7,0,7
117900111,52,0,52
117900112,13,6,7
117900113,2270,560,1710
117900114,1,0,1
117900115,22,19,3
117900116,585,440,145
117900117,146,259,-113
117900118,6,0,6
117900119,19,344,-325
117900120,18,93,-75
117900121,7,22,-15
117900122,629,380,249
117900123,134,861,-727
117900124,300,333,-33
117900125,504,379,125
117900126,198,449,-251
117900127,140,526,-386
117900128,64,786,-722
117900129,3,8,-5
117900130,293,202,91
117900131,1,69,-68
117900132,4,71,-67
117900133,0,199,-199
117900134,16,154,-138
117900135,0,255,-255
117900136,1,55,-54
117900137,9,304,-295
117900138,0,40,-40
117900139,19,68,-49
117900140,4115,38,4077
117900141,98,201,-103
117900142,3,3,0
117900144,16,40,-24
117900145,12,6,6
117900146,56,53,3
117900147,12,30,-18
117900148,1755,550,1205
117900149,10,111,-101
117900150,9,174,-165
117900151,11,175,-164
117900152,25,43,-18
117900153,3,67,-64
117900154,69,440,-371
117900156,291,277,14
117900157,12,153,-141
117900158,17,11,6
117900160,254,181,73
117900161,1904,1784,120
117900162,23,155,-132
117900163,49,6,43
117900165,0,7,-7
117900166,10,59,-49
117900168,42,117,-75
117900169,5,98,-93
117900170,0,34,-34
117900171,4,3,1
117900172,5,31,-26
117900173,112,30,82
117900174,11,27,-16
117900175,1,13,-12
117900176,1,28,-27
117900177,4,58,-54
117900178,45,32,13
117900180,236,20,216
117900181,117,52,65
117900182,1,3,-2
117900183,1,80,-79
117900184,0,13,-13
117900185,2,8,-6
117900186,9,11,-2
117900187,2,2,0
117900188,24,6,18
117900189,19,3,16
117900190,0,0,0
117900191,6,0,6
117900192,22,4,18
117900193,0,55,-55
117900194,0,0,0
117900195,0,0,0
117900196,0,8,-8
117900207,36,26,10
117900208,12,15,-3
117900209,79,54,25
117900210,79,70,9
117900211,8,137,-129
117900212,46,93,-47
117900213,0,5,-5
117900214,5,75,-70
117900215,2,6,-4
117900216,5,5,0
117900217,29,19,10
117900218,95,19,76
117900219,2,32,-30
117900220,9,8,1
117900222,59,175,-116
117900223,50,92,-42
118000001,197,196,1
118000002,800,1289,-489
118000003,444,530,-86
118000004,1423,1190,233
118000005,1830,807,1023
118000006,5969,3183,2786
118000007,2847,1297,1550
118000008,2510,1759,751
118000009,1155,2287,-1132
118000010,2548,2657,-109
118000011,315,2152,-1837
118000012,397,2197,-1800
118000013,2272,2177,95
118000014,941,2695,-1754
118000016,115,414,-299
118000017,50,167,-117
118000018,156,459,-303
118000019,978,706,272
118000020,1065,771,294
118000021,676,1038,-362
118000022,1451,333,1118
118000023,875,153,722
118000024,817,328,489
118000027,11689,2278,9411
118000029,919,270,649
118000032,546,549,-3
118000033,1091,966,125
118000034,2976,1224,1752
118000035,528,876,-348
118000036,411,754,-343
118000037,229,615,-386
118000038,77,172,-95
118000039,33,281,-248
118000040,450,2107,-1657
118000041,633,989,-356
118000045,310,62,248
118000046,906,370,536
118000047,897,216,681
118000048,1937,817,1120
118000051,904,356,548
118000052,783,343,440
118000053,422,219,203
118000054,1920,671,1249
118000055,1457,474,983
118000056,89,143,-54
118000057,155,103,52
118000058,917,456,461
118000059,510,472,38
118000060,259,513,-254
118000061,271,801,-530
118000062,162,106,56
118000063,135,275,-140
118000064,403,623,-220
118000065,2651,798,1853
118000066,374,372,2
118000067,772,508,264
118000068,1005,1549,-544
118000069,1717,732,985
118000070,5497,738,4759
118000071,2439,1997,442
118000072,1055,747,308
118000073,1149,199,950
118000074,113,193,-80
118000075,449,284,165
118000076,430,624,-194
118000077,817,775,42
118000078,742,924,-182
118000079,179,206,-27
118000080,723,526,197
118000081,580,614,-34
118000082,213,472,-259
118000083,1639,583,1056
118000084,1703,760,943
118000086,86,312,-226
118000087,5262,1473,3789
118000088,985,1115,-130
118000089,2787,1664,1123
118000090,1838,1142,696
118000091,1450,1011,439
118000092,1207,220,987
118000093,72,364,-292
118000096,233,267,-34
118000097,161,326,-165
118000098,79,172,-93
118000099,89,753,-664
118000101,246,192,54
118000102,95,966,-871
118000107,2718,195,2523
118000108,51,148,-97
118000110,0,18,-18
118000111,7,666,-659
118000112,0,0,0
118000113,8,1027,-1019
118000114,0,0,0
118000115,3,2,1
118000116,3,0,3
118000117,536,645,-109
118000118,221,350,-129
118000119,284,596,-312
118000120,861,1162,-301
118000121,26,357,-331
118000122,295,50,245
118000123,24,295,-271
118000125,967,1075,-108
118000126,237,910,-673
118000127,606,273,333
118000128,429,951,-522
118000129,239,124,115
118000130,2457,3614,-1157
118000131,351,995,-644
118000132,730,501,229
118000133,159,323,-164
118000135,60,75,-15
118000136,78,463,-385
118000137,297,51,246
118000138,77,533,-456
118000139,63,91,-28
118000140,1610,1478,132
118000141,639,1042,-403
118000142,706,1636,-930
118000143,351,464,-113
118000144,847,512,335
118000145,907,2239,-1332
118000146,438,1186,-748
118000147,346,1583,-1237
118000148,133,861,-728
118000149,320,808,-488
118000150,95,63,32
118000151,48,179,-131
118000153,243,579,-336
118000154,225,843,-618
118000155,256,589,-333
118000156,1536,1279,257
118000157,119,189,-70
118000158,28,352,-324
118000159,0,0,0
118000160,48,138,-90
118000161,137,751,-614
118000162,367,467,-100
118000163,196,400,-204
118000164,1030,849,181
118000168,1459,150,1309
118000169,543,1572,-1029
118000170,2384,5474,-3090
118000171,33,222,-189
118000172,10,70,-60
118000173,311,695,-384
118000175,76,95,-19
118000176,74,103,-29
118000177,44,179,-135
118000178,13,26,-13
118000179,598,159,439
118000180,207,233,-26
118000181,463,189,274
118000182,224,188,36
118000183,106,113,-7
118000184,67,495,-428
118000185,995,413,582
118000186,384,588,-204
118000187,271,825,-554
118000188,139,235,-96
118000189,100,652,-552
118000190,2,6,-4
118000191,5,22,-17
118000192,33,67,-34
118000193,47,110,-63
118000194,931,387,544
118000195,410,275,135
118000196,79,28,51
118000197,117,65,52
118000198,214,146,68
118000199,234,175,59
118000200,3,30,-27
118000201,184,194,-10
118000202,6,9,-3
118000203,604,127,477
118000204,178,85,93
118000205,184,119,65
118000206,95,114,-19
118000207,0,82,-82
118000208,333,706,-373
118000209,720,1353,-633
118000210,7,7,0
118000211,1,10,-9
118000213,181,312,-131
118000214,398,134,264
118000215,128,227,-99
118000216,6,579,-573
118000217,12,64,-52
118000218,8,65,-57
118000219,182,208,-26
118000220,0,7,-7
118000221,32,110,-78
118000222,116,33,83
118000223,3,11,-8
118000224,143,51,92
118000225,25,848,-823
118000226,54,25,29
118000227,473,95,378
118000228,126,88,38
118000229,22,5,17
118000230,22,199,-177
118000231,9,158,-149
118000232,217,754,-537
118000233,262,491,-229
118000234,42,241,-199
118000236,142,408,-266
118000237,29,551,-522
118000238,46,355,-309
118000239,67,134,-67
118000240,375,51,324
118000241,23,201,-178
118000242,90,583,-493
118000243,50,174,-124
118000244,20,125,-105
118000246,0,3,-3
118000255,21,171,-150
118000256,13,153,-140
118000259,1,19,-18
118000260,16,54,-38
118000261,4,89,-85
118000263,7,148,-141
118000266,40,291,-251
118000267,1,97,-96
118000268,20,2,18
118000270,6,29,-23
118000271,26,197,-171
118000272,12,10,2
118000273,22,108,-86
118000274,61,361,-300
118000276,64,226,-162
118000295,2,44,-42
118000298,61,422,-361
118000299,22,165,-143
118000301,0,40,-40
118000302,24,49,-25
118000311,41,122,-81
118000312,31,246,-215
118000313,18,160,-142
118000314,4,73,-69
118000315,30,52,-22
118000316,140,370,-230
118000325,5,71,-66
118000326,6,18,-12
118000331,3,62,-59
118000332,2,68,-66
118000333,12,68,-56
118000335,0,0,0
118000336,3,401,-398
118000407,8,48,-40
118000457,1,21,-20
118000465,2059,1280,779
118000480,8,117,-109
118000489,19,35,-16
118000490,74,398,-324
118000492,85,124,-39
118000510,51,32,19
118000514,44,224,-180
118000515,92,76,16
118000517,282,227,55
118000524,588,91,497
118000525,411,540,-129
118000530,5,78,-73
118000531,58,138,-80
118000532,53,267,-214
118000533,158,131,27
118000534,144,332,-188
118000535,57,82,-25
118000536,161,93,68
118000537,4,31,-27
118000538,14,83,-69
118000539,4,52,-48
118000540,76,233,-157
118000541,59,108,-49
118000542,11,99,-88
118000543,63,118,-55
118000546,15,36,-21
118000560,2682,312,2370
118000562,3,193,-190
118000563,1018,660,358
118000576,69,136,-67
118000577,84,84,0
118000578,65,93,-28
118000579,457,556,-99
118000595,121,41,80
118000596,0,35,-35
118000597,50,84,-34
118000598,2,0,2
118000599,8,15,-7
118000600,0,30,-30
118000601,0,0,0
118000602,0,27,-27
118000603,1,36,-35
118900001,698,232,466
118900002,597,206,391
118900003,16,6,10
118900004,1,36,-35
118900005,21,0,21
118900006,10,0,10
118900007,2,1,1
118900008,664,15,649
118900009,5,0,5
118900010,1,1,0
118900011,26,3,23
118900012,95,123,-28
118900013,112,2,110
118900015,75,15,60
118900016,2,8,-6
118900017,4,9,-5
118900018,274,1,273
118900019,46,5,41
118900020,14,25,-11
118900021,38,240,-202
118900022,58,58,0
118900023,13,28,-15
118900024,4,57,-53
118900025,8,2,6
118900026,18,61,-43
118900027,100,49,51
118900028,21,85,-64
118900029,16,160,-144
118900030,2,7,-5
118900031,51,76,-25
118900032,15,46,-31
118900033,90,344,-254
118900034,4,0,4
118900035,42,227,-185
118900036,241,438,-197
118900037,30,98,-68
118900038,39,348,-309
118900039,50,79,-29
118900040,83,106,-23
118900041,32,75,-43
118900042,31,58,-27
118900045,60,86,-26
118900046,860,74,786
118900047,485,67,418
118900048,13,90,-77
118900049,5,8,-3
118900050,5,181,-176
118900051,10,11,-1
118900052,23,106,-83
118900053,3,11,-8
118900054,14,52,-38
118900055,5,129,-124
118900056,3,29,-26
118900057,40,149,-109
118900058,73,241,-168
118900059,3,5,-2
118900060,7,84,-77
118900062,20,129,-109
118900064,251,124,127
118900065,13,43,-30
118900066,10,18,-8
118900067,7302,1220,6082
118900068,2,23,-21
118900069,59,150,-91
118900071,0,24,-24
118900072,115,163,-48
118900073,24,44,-20
118900074,21,45,-24
118900075,3,25,-22
118900076,35,17,18
118900077,37,86,-49
118900078,7,6,1
118900079,26,73,-47
118900080,2,32,-30
118900081,6,5,1
118900082,101,88,13
118900083,3,17,-14
118900084,0,16,-16
118900085,192,537,-345
118900086,3,12,-9
118900087,16,64,-48
118900088,0,13,-13
118900089,0,6,-6
118900090,134,291,-157
118900091,52,33,19
118900092,28,78,-50
118900093,15,2,13
118900096,6,2,4
118900097,87,615,-528
118900099,15,208,-193
118900100,38,65,-27
118900101,18,657,-639
118900102,7,59,-52
118900103,21,39,-18
118900104,15,165,-150
118900105,115,81,34
118900107,110,75,35
118900108,34,94,-60
118900110,207,86,121
118900111,41,334,-293
118900112,1,34,-33
118900113,10,361,-351
118900114,1,38,-37
118900115,44,235,-191
118900116,29,110,-81
118900117,14,161,-147
118900118,59,419,-360
118900119,28,264,-236
118900120,30,225,-195
118900121,0,167,-167
118900122,3,136,-133
118900123,60,184,-124
118900124,13,96,-83
118900126,4,133,-129
118900129,21,109,-88
118900130,14,19,-5
118900131,15,251,-236
118900132,53,101,-48
118900133,4,17,-13
118900135,30,125,-95
118900136,83,820,-737
118900137,2,5,-3
118900139,22,341,-319
118900140,141,755,-614
118900141,9,196,-187
118900144,28,778,-750
118900145,13,140,-127
118900146,91,647,-556
118900147,19,27,-8
118900148,8,35,-27
118900150,10,116,-106
118900152,111,626,-515
118900157,17,21,-4
118900158,3,46,-43
118900159,0,120,-120
118900161,5,0,5
118900163,70,21,49
118900164,0,33,-33
118900165,13,416,-403
118900166,16,4,12
118900167,8,170,-162
118900168,1,32,-31
118900169,53,425,-372
118900170,10,94,-84
118900171,5,30,-25
118900174,17,74,-57
118900175,29,279,-250
118900176,7,140,-133
118900177,4,40,-36
118900178,13,57,-44
118900179,3,20,-17
118900181,35,76,-41
118900182,25,21,4
118900183,0,39,-39
118900184,85,26,59
118900185,8,69,-61
118900186,16,62,-46
118900187,50,142,-92
118900188,48,178,-130
118900189,4,129,-125
118900190,6,319,-313
118900191,10,11,-1
118900192,17,5,12
118900193,23,2,21
118900195,51,534,-483
118900196,22,164,-142
118900197,7,19,-12
118900198,3,76,-73
118900199,5,56,-51
118900200,5,1,4
118900201,5,2,3
118900202,11,60,-49
118900203,5,46,-41
118900204,1,46,-45
118900205,2,25,-23
118900206,0,62,-62
119000001,410,493,-83
119000002,1879,1562,317
119000003,635,1332,-697
119000004,551,732,-181
119000005,641,990,-349
119000006,548,977,-429
119000007,963,1551,-588
119000008,869,2012,-1143
119000009,2575,1606,969
119000010,7920,3773,4147
119000011,5280,1140,4140
119000012,4921,1879,3042
119000013,1705,870,835
119000014,1465,2368,-903
119000019,60,171,-111
119000020,430,1107,-677
119000021,1468,1546,-78
119000022,2376,632,1744
119000023,35,86,-51
119000024,1577,2843,-1266
119000025,11450,824,10626
119000026,245,140,105
119000027,530,219,311
119000028,1105,950,155
119000029,100,178,-78
119000030,378,1057,-679
119000031,420,604,-184
119000032,2302,1921,381
119000033,1242,1129,113
119000034,565,1179,-614
119000035,12,328,-316
119000036,379,999,-620
119000037,295,2033,-1738
119000038,69,948,-879
119000039,121,220,-99
119000040,655,243,412
119000041,915,621,294
119000048,3459,3440,19
119000049,825,3577,-2752
119000050,811,1467,-656
119000051,935,726,209
119000052,935,1832,-897
119000053,911,879,32
119000054,1161,2935,-1774
119000055,895,2488,-1593
119000056,744,1646,-902
119000057,721,2174,-1453
119000058,887,1765,-878
119000059,458,1030,-572
119000060,379,623,-244
119000061,358,593,-235
119000062,684,1197,-513
119000063,98,145,-47
119000064,661,1220,-559
119000065,1375,3689,-2314
119000066,1037,532,505
119000067,1085,2463,-1378
119000068,618,775,-157
119000069,612,2277,-1665
119000070,631,824,-193
119000071,393,772,-379
119000072,5398,3372,2026
119000073,4306,3442,864
119000074,382,3514,-3132
119000075,317,2231,-1914
119000076,469,823,-354
119000077,626,409,217
119000078,172,296,-124
119000079,33,488,-455
119000080,54,205,-151
119000081,85,313,-228
119000082,255,339,-84
119000083,132,239,-107
119000084,90,370,-280
119000085,244,142,102
119000086,113,372,-259
119000087,894,617,277
119000088,190,234,-44
119000089,54,111,-57
119000090,47,86,-39
119000091,133,220,-87
119000092,353,65,288
119000093,2867,3122,-255
119000094,1085,3096,-2011
119000095,484,2394,-1910
119000097,2471,1042,1429
119000098,377,882,-505
119000099,1182,1294,-112
119000100,1223,1339,-116
119000101,2927,2757,170
119000102,406,424,-18
119000103,961,350,611
119000104,2601,1313,1288
119000105,225,367,-142
119000106,66,2139,-2073
119000107,199,247,-48
119000108,100,1386,-1286
119000109,95,460,-365
119000110,633,805,-172
119000111,57,391,-334
119000112,372,246,126
119000113,3204,288,2916
119000114,438,246,192
119000115,86,36,50
119000116,34,44,-10
119000117,39,176,-137
119000118,3,5,-2
119000123,1045,306,739
119000124,103,137,-34
119000125,482,699,-217
119000126,124,711,-587
119000127,128,934,-806
119000128,51,13,38
119000131,231,1135,-904
119000132,12,6,6
119000133,0,4,-4
119000134,967,248,719
119000135,24,239,-215
119000136,44,395,-351
119000137,24,537,-513
119000138,81,545,-464
119000139,52,267,-215
119000140,37,209,-172
119000284,1222,1992,-770
119000285,2414,1853,561
119000286,4456,3002,1454
119000287,763,1504,-741
119000288,772,1366,-594
119000289,1102,3022,-1920
119000290,117,513,-396
119000291,9,269,-260
119000293,29,127,-98
119000294,21,4,17
119000295,1822,481,1341
119000296,46,174,-128
119000302,4943,1073,3870
119000303,1,36,-35
119000314,1309,2797,-1488
119000315,4,728,-724
119000316,23,119,-96
119000317,15,535,-520
119900001,46,330,-284
119900002,22,138,-116
119900003,34,1143,-1109
119900004,248,125,123
119900005,28,129,-101
119900006,57,190,-133
119900007,132,44,88
119900008,21,18,3
119900009,209,482,-273
119900010,1365,1059,306
119900011,9,20,-11
119900012,4,40,-36
119900013,849,484,365
119900014,684,191,493
119900015,12,8,4
119900016,14,65,-51
119900017,4,18,-14
119900018,520,79,441
119900019,9,7,2
119900020,40,81,-41
119900021,19,33,-14
119900022,56,115,-59
119900023,402,116,286
119900025,9,20,-11
119900026,597,34,563
119900027,4,6,-2
119900028,36,12,24
119900029,0,13,-13
119900030,76,232,-156
119900031,7,68,-61
119900033,1796,75,1721
119900034,38,136,-98
119900037,12,12,0
119900038,4,45,-41
119900039,29,1,28
119900040,12,3,9
119900041,14,54,-40
119900042,17,100,-83
119900043,17,126,-109
119900044,105,114,-9
119900046,9,83,-74
119900047,38,12,26
119900048,4,18,-14
119900049,10,7,3
119900050,21,8,13
119900051,49,1,48
119900052,2,95,-93
119900053,89,158,-69
119900054,2,6,-4
119900055,243,129,114
119900057,46,72,-26
119900058,33,1,32
119900059,69,30,39
119900060,27,4,23
119900062,1,46,-45
119900063,5,28,-23
119900064,40,32,8
119900065,43,2,41
119900066,0,0,0
119900067,10,55,-45
119900068,68,1,67
119900069,10,23,-13
119900070,71,2,69
119900071,74,0,74
119900073,1267,379,888
119900074,4,9,-5
119900075,4968,1152,3816
119900076,76,522,-446
119900077,85,1382,-1297
119900078,59,571,-512
119900079,37,260,-223
119900080,232,1005,-773
119900081,49,47,2
119900082,154,133,21
119900083,0,21,-21
119900084,132,95,37
119900085,107,41,66
119900087,71,112,-41
119900088,32,60,-28
119900089,4,615,-611
119900090,152,62,90
119900091,13,1108,-1095
119900092,15,481,-466
119900093,422,35,387
119900094,18,247,-229
119900095,113,48,65
119900096,18,83,-65
119900097,200,123,77
119900098,9,34,-25
119900099,14,430,-416
119900100,2373,1002,1371
119900101,194,756,-562
119900102,17,367,-350
119900103,17,571,-554
119900104,40,240,-200
119900105,456,2080,-1624
119900106,2,217,-215
119900107,176,3061,-2885
119900108,1774,704,1070
119900109,12,148,-136
119900110,167,695,-528
119900111,7,324,-317
119900112,2240,314,1926
119900113,41,573,-532
119900114,92,1778,-1686
119900115,38,1350,-1312
119900116,37,194,-157
119900117,96,1016,-920
119900118,14,1144,-1130
119900119,29,273,-244
119900120,471,587,-116
119900121,59,1498,-1439
119900122,139,329,-190
119900123,62,155,-93
119900124,18,1023,-1005
119900125,22,386,-364
119900126,6205,119,6086
119900127,2035,611,1424
119900128,61,960,-899
119900129,30,904,-874
119900130,45,234,-189
119900131,13,325,-312
119900132,4,355,-351
119900133,5,19,-14
119900134,1818,185,1633
119900135,0,447,-447
119900136,105,623,-518
119900138,212,607,-395
119900139,2,53,-51
119900140,0,106,-106
119900141,64,127,-63
119900142,2,15,-13
119900143,6,301,-295
119900144,1967,126,1841
119900145,26,207,-181
119900146,66,97,-31
119900147,1,85,-84
119900148,36,29,7
119900149,1322,1631,-309
119900150,77,208,-131
119900151,709,611,98
119900152,26,287,-261
119900153,17,34,-17
119900154,7,399,-392
119900155,6,20,-14
119900156,3,9,-6
119900157,16,249,-233
119900158,33,33,0
119900159,3,1733,-1730
119900160,5,324,-319
119900161,111,295,-184
119900162,275,295,-20
119900163,78,89,-11
119900164,0,1,-1
119900165,15,208,-193
119900166,13,17,-4
119900167,35,166,-131
119900168,195,267,-72
119900169,84,85,-1
119900170,57,60,-3
119900171,297,543,-246
119900172,55,4,51
119900173,2,560,-558
119900174,3,351,-348
119900175,153,404,-251
119900177,6,250,-244
119900178,5,229,-224
119900179,15,101,-86
119900180,293,505,-212
119900181,35,7,28
119900182,9,490,-481
119900183,105,1019,-914
119900184,2602,370,2232
119900185,8,51,-43
119900186,18,124,-106
119900187,10,679,-669
119900188,16,266,-250
119900189,145,93,52
119900190,28,78,-50
119900191,74,83,-9
119900192,2,173,-171
119900193,67,117,-50
119900194,5,11,-6
119900195,15,277,-262
119900196,1881,336,1545
119900197,45,44,1
119900198,18,432,-414
119900199,128,12,116
119900200,111,303,-192
119900201,349,143,206
119900202,111,24,87
119900203,21,76,-55
119900204,50,212,-162
119900205,74,324,-250
119900206,5,96,-91
119900208,43,74,-31
119900209,135,236,-101
119900210,1,24,-23
119900211,29,7,22
119900212,24,227,-203
119900213,0,33,-33
119900214,5,115,-110
119900215,4,102,-98
119900216,4,128,-124
119900217,6,78,-72
119900218,10,106,-96
119900219,6,181,-175
119900220,4,146,-142
119900221,8,521,-513
119900222,7,322,-315
119900223,16,104,-88
119900224,24,41,-17
119900225,1367,35,1332
119900226,773,522,251
119900227,1622,260,1362
119900228,30,319,-289
119900229,155,277,-122
119900230,931,375,556
119900231,10,96,-86
119900232,54,16,38
119900233,4,0,4
119900234,9,23,-14
119900235,7,13,-6
119900236,3,163,-160
119900237,32,487,-455
119900238,2,69,-67
119900240,8,142,-134
119900241,49,240,-191
119900242,1286,376,910
119900244,503,1346,-843
119900245,30,110,-80
119900246,38,58,-20
119900247,10,11,-1
119900248,3,10,-7
119900249,69,8,61
119900253,3467,155,3312
119900254,8,87,-79
119900255,41,705,-664
119900256,52,1606,-1554
119900257,3,0,3
119900258,9,3,6
119900259,2,221,-219
119900260,12,0,12
119900261,31,131,-100
119900262,4,265,-261
119900263,574,406,168
119900264,13,229,-216
119900265,111,507,-396
119900266,63,214,-151
119900267,34,346,-312
119900268,21,245,-224
119900269,126,2152,-2026
119900271,11,62,-51
119900272,27,27,0
119900275,46,7,39
119900276,5,0,5
119900277,3,0,3
119900278,170,16,154
119900279,77,83,-6
119900280,742,189,553
119900281,1,39,-38
119900282,6,2,4
119900283,1,267,-266
119900284,19,188,-169
119900285,7,25,-18
119900286,6,7,-1
119900288,1,31,-30
119900289,6,18,-12
119900290,0,13,-13
119900291,0,26,-26
119900292,7,3,4
119900293,7,1,6
119900294,6,0,6
119900295,0,0,0
119900296,3,0,3
119900299,15,309,-294
119900300,27,291,-264
119900301,15,7,8
119900302,3,33,-30
119900303,22,159,-137
119900304,17,12,5
119900305,7,73,-66
119900306,9,1,8
119900307,9,82,-73
119900308,1,5,-4
119900309,3,16,-13
119900310,123,263,-140
119900311,12,120,-108
119900312,7,43,-36
119900313,93,388,-295
119900314,17,117,-100
119900315,163,2870,-2707
119900318,4,8,-4
119900319,0,398,-398
119900320,15,756,-741
119900321,5,2,3
119900322,44,42,2
119900323,2,83,-81
119900324,1,21,-20
119900325,4,315,-311
119900326,120,36,84
120000001,5512,3355,2157
120000002,1358,3102,-1744
120000003,2765,2021,744
120000004,2336,2442,-106
120000005,4343,2256,2087
120000006,913,1145,-232
120000007,2103,1738,365
120000008,645,1254,-609
120000009,4848,851,3997
120000010,867,3418,-2551
120000011,467,1977,-1510
120000012,1385,2943,-1558
120000013,791,2310,-1519
120000014,284,1206,-922
120000015,1093,1288,-195
120000016,1129,751,378
120000017,416,651,-235
120000018,2850,3045,-195
120000019,307,598,-291
120000020,1060,1299,-239
120000021,966,1132,-166
120000022,2345,2074,271
120000023,398,941,-543
120000024,1050,1394,-344
120000025,713,1509,-796
120000026,343,1529,-1186
120000027,609,1159,-550
120000028,542,344,198
120000029,4136,480,3656
120000030,59,647,-588
120000031,1595,5036,-3441
120000032,9882,2518,7364
120000033,959,1239,-280
120000034,607,1923,-1316
120000035,832,2013,-1181
120000036,1058,2810,-1752
120000037,208,424,-216
120000038,9540,2964,6576
120000039,322,904,-582
120000040,28,121,-93
120000041,215,2214,-1999
120000042,910,6134,-5224
120000043,2315,2851,-536
120000044,1145,1143,2
120000045,1416,888,528
120000046,710,1093,-383
120000047,1557,1551,6
120000048,7248,1899,5349
120000049,1058,2188,-1130
120000050,1407,3665,-2258
120000051,3457,2903,554
120000052,15339,1782,13557
120000053,513,4418,-3905
120000054,1141,7339,-6198
120000055,622,4198,-3576
120000056,2148,5000,-2852
120000057,987,1208,-221
120000058,130,162,-32
120000059,93,1112,-1019
120000061,58,657,-599
120000062,172,431,-259
120000063,1875,3717,-1842
120000064,169,1835,-1666
120000065,220,1903,-1683
120000066,63,499,-436
120000067,30,565,-535
120000068,67,1340,-1273
120000069,318,1693,-1375
120000070,12,1179,-1167
120000071,67,226,-159
120000072,106,421,-315
120000073,105,92,13
120000074,42,47,-5
120000075,105,169,-64
120000076,384,227,157
120000077,408,266,142
120000078,2045,346,1699
120000079,8,33,-25
120000080,8,25,-17
120000081,25,24,1
120000082,26,30,-4
120000083,14,36,-22
120000084,220,579,-359
120000085,234,493,-259
120000086,144,747,-603
120000087,87,1348,-1261
120000088,232,898,-666
120000089,185,152,33
120000090,80,177,-97
120000091,139,335,-196
120000092,171,169,2
120000093,30,205,-175
120000094,28,152,-124
120000095,394,695,-301
120000096,134,1353,-1219
120000098,355,1132,-777
120000099,91,647,-556
120000100,234,872,-638
120000101,148,503,-355
120000102,73,243,-170
120000103,207,171,36
120000104,298,107,191
120000105,361,110,251
120000106,351,136,215
120000107,432,180,252
120000108,153,53,100
120000109,195,24,171
120000110,62,876,-814
120000111,54,1549,-1495
120000112,274,4762,-4488
120000113,223,3078,-2855
120000114,176,2319,-2143
120000115,146,2107,-1961
120000116,286,1899,-1613
120000117,979,1732,-753
120000118,7,7,0
120000119,5,18,-13
120000120,13,6,7
120000121,9,22,-13
120000122,47,35,12
120000123,6122,903,5219
120000124,126,230,-104
120000125,104,536,-432
120000126,59,286,-227
120000127,403,227,176
120000128,1130,1236,-106
120000129,99,81,18
120000130,249,224,25
120000131,143,418,-275
120000134,244,1237,-993
120000135,26,286,-260
120000137,36,2269,-2233
120000138,107,525,-418
120000139,49,1170,-1121
120000140,88,693,-605
120000141,46,599,-553
120000142,56,564,-508
120000143,0,119,-119
120000144,22,0,22
120000145,41,2,39
120000146,1081,317,764
120000149,268,841,-573
120000150,4214,5079,-865
120000151,177,214,-37
120000152,68,197,-129
120000153,59,716,-657
120000154,221,316,-95
120000155,55,112,-57
120000156,904,175,729
120000157,274,389,-115
120000158,279,851,-572
120000159,1171,2163,-992
120000160,1083,787,296
120000161,473,2207,-1734
120000162,18,106,-88
120000163,140,1360,-1220
120000164,122,434,-312
120000165,80,945,-865
120000166,162,512,-350
120000167,5,29,-24
120000168,16,46,-30
120000169,142,137,5
120000170,270,75,195
120000171,74,45,29
120000172,10,13,-3
120000173,2534,61,2473
120000174,285,4,281
120000175,459,6,453
120000176,115,104,11
120000177,1401,680,721
120000178,146,9,137
120000179,390,21,369
120000180,709,68,641
120000181,178,60,118
120000182,75,35,40
120000183,4,146,-142
120000184,41,2822,-2781
120000186,13,22,-9
120000187,19,11,8
120000188,98,32,66
120000190,779,5,774
120000191,1443,8,1435
120000192,1358,6,1352
120000193,578,4,574
120000195,75,2,73
120000196,211,31,180
120000197,58,109,-51
120000198,20,248,-228
120000199,6,0,6
120000200,20,0,20
120000201,1,6,-5
120000202,8,58,-50
120000203,5,399,-394
120000207,2,121,-119
120000208,11,312,-301
120000209,0,164,-164
120000210,164,70,94
120000211,29,2,27
120000212,18,3,15
120000213,36,528,-492
120000214,2,554,-552
120000215,1,151,-150
120000216,20,2,18
120000217,707,1643,-936
120000218,224,1982,-1758
120000219,17,1169,-1152
120000220,16,3909,-3893
120000225,133,0,133
120000226,29,0,29
120000227,209,10,199
120000228,10489,1484,9005
120000230,52,5,47
120000231,212,2454,-2242
120000233,15,10,5
120000235,112,687,-575
120000236,0,1,-1
120000237,11,3100,-3089
120000238,1,86,-85
120000241,420,677,-257
120000412,846,8,838
120000413,36,342,-306
120000414,8,4,4
120000415,1,159,-158
120000416,5,7,-2
120000417,2,89,-87
120000418,5,4,1
120000419,5,447,-442
120000420,18,12,6
120000421,15043,5645,9398
120000422,267,263,4
120000423,3,41,-38
120000424,12,221,-209
120000436,74,129,-55
120000437,149,150,-1
120000438,5537,373,5164
120000439,32,114,-82
120000443,43,2,41
120000444,105,427,-322
120000445,422,399,23
120000446,569,101,468
120000447,1,5,-4
120000449,8,6,2
120000450,4,345,-341
120000451,11,135,-124
120000452,20,0,20
120000453,2,584,-582
120000454,11,4,7
120000455,17,37,-20
120000456,3300,2003,1297
120000457,1047,750,297
120000458,324,615,-291
120000459,77,41,36
120000665,820,137,683
120000668,51,123,-72
120000669,24,402,-378
120000670,278,285,-7
120000671,227,147,80
120000672,63,415,-352
120900001,29,17,12
120900002,46,165,-119
120900003,61,20,41
120900004,2,15,-13
120900005,10,1464,-1454
120900006,48,131,-83
120900007,25,161,-136
120900008,34,1156,-1122
120900009,171,76,95
120900010,74,19,55
120900011,213,65,148
120900012,822,297,525
120900013,57,9,48
120900014,1,765,-764
120900015,74,79,-5
120900016,85,60,25
120900017,3058,101,2957
120900018,19,452,-433
120900019,93,23,70
120900020,232,214,18
120900021,68,11,57
120900022,7,352,-345
120900023,28,23,5
120900024,990,351,639
120900025,1923,495,1428
120900026,20,181,-161
120900027,408,114,294
120900028,41,14,27
120900029,14,73,-59
120900030,270,250,20
120900031,45,6,39
120900032,137,90,47
120900033,165,4,161
120900034,18,920,-902
120900035,24,185,-161
120900037,26,2,24
120900038,16,35,-19
120900039,13,11,2
120900040,26,0,26
120900041,60,15,45
120900042,38,20,18
120900043,9,6,3
120900044,4,256,-252
120900045,76,187,-111
120900046,57,16,41
120900047,23,3,20
120900048,15,5,10
120900049,39,1,38
120900050,3477,451,3026
120900051,74,64,10
120900052,80,0,80
120900053,23,75,-52
120900054,702,611,91
120900055,37,8,29
120900056,73,3,70
120900057,19,9,10
120900058,56,2,54
120900059,10,1,9
120900060,16,24,-8
120900061,135,293,-158
120900062,24,0,24
120900063,66,0,66
120900064,53,0,53
120900065,61,1,60
120900066,21,308,-287
120900067,33,8,25
120900068,27,0,27
120900069,14,83,-69
120900071,2,4,-2
120900072,99,1,98
120900073,38,178,-140
120900074,96,1,95
120900076,27,0,27
120900077,3031,137,2894
120900078,110,546,-436
120900079,79,97,-18
120900080,71,3310,-3239
120900081,107,1258,-1151
120900082,287,176,111
120900083,10,1,9
120900084,41,64,-23
120900085,74,43,31
120900086,103,54,49
120900087,70,26,44
120900088,97,77,20
120900089,4968,375,4593
120900090,32,221,-189
120900091,166,83,83
120900092,264,597,-333
120900093,4492,259,4233
120900094,336,211,125
120900095,54,13,41
120900096,11,90,-79
120900097,457,1478,-1021
120900098,185,198,-13
120900099,40,74,-34
120900100,24,481,-457
120900101,138,301,-163
120900102,6,142,-136
120900103,15,94,-79
120900104,30,54,-24
120900105,9,962,-953
120900106,997,572,425
120900107,441,196,245
120900108,1,1220,-1219
120900109,14,894,-880
120900110,5,777,-772
120900111,79,375,-296
120900112,5,1693,-1688
120900113,5,1111,-1106
120900114,12,313,-301
120900115,94,70,24
120900116,18,766,-748
120900117,1,678,-677
120900118,4,951,-947
120900119,5274,3336,1938
120900120,31,772,-741
120900121,47,398,-351
120900122,36,834,-798
120900123,3,606,-603
120900124,4,794,-790
120900125,5,1043,-1038
120900126,747,694,53
120900127,5,684,-679
120900128,672,834,-162
120900129,18,524,-506
120900130,5,699,-694
120900131,24,36,-12
120900132,116,557,-441
120900133,142,1265,-1123
120900134,110,603,-493
120900135,6,864,-858
120900136,7,12,-5
120900137,22,155,-133
120900138,1,264,-263
120900139,4,1108,-1104
120900140,2,33,-31
120900141,42,100,-58
120900142,11,1039,-1028
120900143,4,1276,-1272
120900144,0,292,-292
120900145,14,988,-974
120900146,4,1200,-1196
120900147,0,222,-222
120900148,17,89,-72
120900149,1,426,-425
120900150,7,499,-492
120900151,3,828,-825
120900152,0,67,-67
120900153,1,80,-79
120900154,3,346,-343
120900155,43,1365,-1322
120900156,6,471,-465
120900157,3,270,-267
120900158,8,553,-545
120900159,22,1247,-1225
120900160,44,397,-353
120900161,12,2638,-2626
120900162,5,2215,-2210
120900163,3,46,-43
120900164,0,1,-1
120900165,1,1,0
120900166,10,24,-14
120900167,30,57,-27
120900169,25,587,-562
120900170,2317,580,1737
120900171,1178,265,913
120900172,1241,71,1170
120900173,0,55,-55
120900174,0,136,-136
120900175,263,168,95
120900176,3,129,-126
120900177,0,167,-167
120900178,0,122,-122
120900179,327,369,-42
120900180,56,59,-3
120900181,6,89,-83
120900182,8,450,-442
120900183,677,76,601
120900184,145,61,84
120900185,2,431,-429
120900186,3,597,-594
120900187,74,367,-293
120900188,17,7,10
120900189,63,114,-51
120900190,7,13,-6
120900191,0,21,-21
120900192,14764,846,13918
120900194,13,63,-50
120900195,69,356,-287
120900196,389,88,301
120900197,88,15,73
120900198,124,644,-520
120900199,60,67,-7
120900200,65,39,26
120900201,583,143,440
120900202,2,260,-258
120900203,10,33,-23
120900204,332,460,-128
120900205,26,69,-43
120900206,3,8,-5
120900207,46,1117,-1071
121000001,714,1105,-391
121000002,932,721,211
121000003,4402,1741,2661
121000004,1976,1393,583
121000005,1789,2327,-538
121000006,2043,825,1218
121000007,2378,2823,-445
121000008,2417,1272,1145
121000009,7129,4307,2822
121000010,6308,1791,4517
121000011,12958,7116,5842
121000012,15150,3732,11418
121000013,5778,5047,731
121000014,6141,4142,1999
121000015,3612,4749,-1137
121000016,3730,2755,975
121000017,1101,2683,-1582
121000018,1309,1314,-5
121000019,12417,4782,7635
121000020,8669,3952,4717
121000021,1741,2314,-573
121000022,1205,1120,85
121000023,2206,2181,25
121000024,1375,2216,-841
121000025,590,434,156
121000026,111,62,49
121000027,1521,831,690
121000028,492,410,82
121000029,226,519,-293
121000030,90,129,-39
121000031,363,627,-264
121000032,103,88,15
121000034,31,13,18
121000035,40,46,-6
121000036,344,337,7
121000037,221,446,-225
121000038,310,396,-86
121000039,145,183,-38
121000041,153,294,-141
121000042,61,193,-132
121000043,538,319,219
121000044,894,284,610
121000045,208,372,-164
121000046,97,213,-116
121000047,20,53,-33
121000049,1254,672,582
121000050,192,824,-632
121000051,214,201,13
121000052,149,433,-284
121000053,108,4,104
121000054,19,179,-160
121000055,1348,925,423
121000056,589,703,-114
121000057,87,180,-93
121000058,333,92,241
121000059,759,413,346
121000060,313,469,-156
121000061,14,82,-68
121000062,57,122,-65
121000063,371,388,-17
121000064,204,204,0
121000065,239,209,30
121000066,254,418,-164
121000067,635,186,449
121000068,149,91,58
121000069,239,113,126
121000070,635,872,-237
121000071,269,485,-216
121000072,1053,549,504
121000073,636,549,87
121000074,145,198,-53
121000075,71,39,32
121000076,874,258,616
121000077,41,13,28
121000078,85,96,-11
121000080,2544,461,2083
121000081,968,765,203
121000082,140,270,-130
121000083,94,71,23
121000084,103,119,-16
121000085,446,376,70
121000086,175,591,-416
121000087,30,155,-125
121000088,269,388,-119
121000089,157,150,7
121000090,145,242,-97
121000091,1930,604,1326
121000092,123,84,39
121000093,69,183,-114
121000094,302,214,88
121000095,139,236,-97
121000096,2429,1719,710
121000097,1686,1259,427
121000098,182,880,-698
121000099,188,811,-623
121000100,178,633,-455
121000101,18,64,-46
121000102,60,408,-348
121000103,7,49,-42
121000104,32,199,-167
121000105,111,282,-171
121000106,13,40,-27
121000107,1574,3037,-1463
121000109,1640,936,704
121000110,204,255,-51
121000114,2011,1779,232
121000115,947,685,262
121000116,474,723,-249
121000117,1060,181,879
121000118,892,140,752
121000119,100,223,-123
121000120,186,330,-144
121000121,126,322,-196
121000123,333,281,52
121000126,64,264,-200
121000127,35,79,-44
121000128,205,484,-279
121000129,152,343,-191
121000130,179,687,-508
121000131,586,448,138
121000132,424,494,-70
121000135,325,280,45
121000136,879,479,400
121000137,295,112,183
121000138,412,267,145
121000139,322,55,267
121000141,136,117,19
121000142,593,316,277
121000143,126,13,113
121000144,567,570,-3
121000145,181,1054,-873
121000146,425,576,-151
121000147,328,346,-18
121000148,300,706,-406
121000149,780,853,-73
121000152,169,342,-173
121000153,1478,399,1079
121000154,450,335,115
121000155,827,531,296
121000156,406,523,-117
121000157,1616,1047,569
121000158,239,434,-195
121000159,143,609,-466
121000160,169,724,-555
121000161,55,303,-248
121000162,25,326,-301
121000165,1021,717,304
121000166,62,249,-187
121000168,86,230,-144
121000169,9,190,-181
121000170,61,49,12
121000171,55,165,-110
121000172,233,424,-191
121000173,1064,578,486
121000174,90,400,-310
121000175,252,387,-135
121000176,232,157,75
121000177,271,511,-240
121000178,57,52,5
121000179,59,76,-17
121000181,187,207,-20
121000182,53,130,-77
121000183,38,35,3
121000184,8,51,-43
121000185,3,150,-147
121000186,110,350,-240
121000187,102,277,-175
121000188,35,255,-220
121000192,325,281,44
121000193,214,264,-50
121000194,1981,1556,425
121000195,265,782,-517
121000196,280,130,150
121000197,65,583,-518
121000198,56,105,-49
121000199,74,648,-574
121000200,132,81,51
121000201,7,315,-308
121000202,68,28,40
121000203,184,2221,-2037
121000204,383,264,119
121000205,66,370,-304
121000206,77,95,-18
121000207,397,346,51
121000208,2,434,-432
121000209,27,576,-549
121000210,122,698,-576
121000211,18,107,-89
121000212,138,697,-559
121000213,5438,1247,4191
121000214,454,577,-123
121000215,946,544,402
121000216,204,310,-106
121000217,2129,993,1136
121000218,372,1688,-1316
121000219,503,255,248
121000220,237,78,159
121000221,84,162,-78
121000222,1735,2401,-666
121000223,239,375,-136
121000224,45,34,11
121000225,557,470,87
121000226,698,252,446
121000227,9,176,-167
121000228,10,944,-934
121000229,20,472,-452
121000230,64,1991,-1927
121000231,0,0,0
121000232,110,47,63
121000233,160,242,-82
121000234,1,22,-21
121000235,6,1,5
121000236,0,22,-22
121000237,3,2,1
121000238,1,79,-78
121000239,3,1,2
121000240,4,139,-135
121000241,43,10,33
121000242,0,116,-116
121000243,29,8,21
121000244,0,50,-50
121000245,0,1,-1
121000246,0,72,-72
121000247,4,1,3
121000248,73,316,-243
121000249,27,196,-169
121000250,50,56,-6
121000251,16,486,-470
121000252,14,16,-2
121000253,80,619,-539
121000254,230,177,53
121000255,59,115,-56
121000256,50,143,-93
121000257,25,40,-15
121000258,23,34,-11
121000259,4,29,-25
121000260,25,100,-75
121000261,9,10,-1
121000262,1044,430,614
121000263,377,424,-47
121000271,229,1277,-1048
121000273,13,13,0
121000274,0,24,-24
121000275,22,33,-11
121000276,0,5,-5
121000278,3,38,-35
121000279,17,24,-7
121000280,7,33,-26
121000289,54,3,51
121000290,710,491,219
121000294,24,245,-221
121000297,538,312,226
121000299,103,132,-29
121000300,553,385,168
121000302,107,243,-136
121000303,356,181,175
121000304,68,9,59
121000305,16,9,7
121000306,2,19,-17
121000308,108,254,-146
121000309,211,527,-316
121000310,21,307,-286
121000311,42,592,-550
121000312,104,51,53
121000313,458,350,108
121000314,116,73,43
121000315,33,34,-1
121000530,410,1082,-672
121000531,543,1082,-539
121000532,3630,2412,1218
121000533,1401,1365,36
121000918,6,276,-270
121000919,2,14,-12
121000938,577,103,474
121000939,756,89,667
121000956,216,1203,-987
121000957,1,14,-13
121000958,26,61,-35
121000959,109,852,-743
121000960,344,1735,-1391
121000961,94,1,93
121000962,157,417,-260
121000973,1,170,-169
121000976,3,44,-41
121000979,4,5,-1
121000981,73,12,61
121000982,64,92,-28
121000983,94,383,-289
121000984,6,27,-21
121000985,100,554,-454
121000986,26,476,-450
121000987,74,1484,-1410
121000988,215,134,81
121001302,224,83,141
121001308,1,11,-10
121001309,53,42,11
121001313,31,487,-456
121001314,5241,3339,1902
121001315,3413,1373,2040
121900001,67,127,-60
121900002,10,22,-12
121900003,5,3,2
121900004,11,143,-132
121900005,0,3,-3
121900006,6,1,5
121900007,24,210,-186
121900008,10,11,-1
121900009,0,0,0
121900010,21,0,21
121900011,38,127,-89
121900012,1,0,1
121900013,70,0,70
121900014,127,34,93
121900015,6,13,-7
121900016,0,0,0
121900017,29,50,-21
121900018,45,1,44
121900019,29,84,-55
121900020,2,0,2
121900021,138,0,138
121900022,19,16,3
121900023,1,36,-35
121900024,128,23,105
121900025,25,46,-21
121900026,6,3,3
121900027,51,21,30
121900028,43,1,42
121900029,1,9,-8
121900030,114,120,-6
121900031,153,566,-413
121900032,32,32,0
121900033,12,30,-18
121900034,32,12,20
121900035,306,127,179
121900036,1,19,-18
121900037,13,144,-131
121900038,4,44,-40
121900039,13,1,12
121900040,0,7,-7
121900041,9,27,-18
121900042,33,14,19
121900043,0,1,-1
121900044,227,10,217
121900046,8,12,-4
121900047,29,4,25
121900048,5,56,-51
121900050,0,2,-2
121900051,7,50,-43
121900052,2,3,-1
121900053,58,87,-29
121900054,76,118,-42
121900055,3,1,2
121900058,25,86,-61
121900059,5,12,-7
121900060,10,68,-58
121900061,15,23,-8
121900062,2,3,-1
121900063,59,70,-11
121900064,12,139,-127
121900066,2,2,0
121900067,0,0,0
121900069,192,79,113
121900070,17,36,-19
121900071,31,100,-69
121900072,2,58,-56
121900073,24,29,-5
121900074,21,43,-22
121900075,56,30,26
121900076,48,114,-66
121900077,0,10,-10
121900078,6,7,-1
121900079,0,0,0
121900080,70,109,-39
121900082,3,38,-35
121900084,0,183,-183
121900085,0,4,-4
121900086,0,8,-8
121900087,46,21,25
121900088,591,517,74
121900089,7,100,-93
121900090,0,90,-90
121900091,0,41,-41
121900092,2,7,-5
121900093,10,11,-1
121900094,3,1,2
121900095,62,37,25
121900096,163,11,152
121900097,27,22,5
121900098,0,1,-1
121900099,9,7,2
121900100,5,22,-17
121900101,19,35,-16
121900102,0,15,-15
121900103,25,12,13
121900104,146,48,98
121900105,3,11,-8
121900106,1,0,1
121900107,0,2,-2
121900108,0,0,0
121900109,46,35,11
121900110,26,517,-491
121900111,396,89,307
121900112,12,13,-1
121900113,1,25,-24
121900114,0,0,0
121900117,13,7,6
121900118,612,76,536
121900119,18,139,-121
121900120,1,543,-542
121900121,0,0,0
121900122,0,1,-1
121900123,37,52,-15
121900124,7,65,-58
121900125,344,447,-103
121900127,1,18,-17
121900128,11,85,-74
121900129,614,39,575
121900130,6,45,-39
121900131,61,34,27
121900132,13,47,-34
121900133,9,4,5
121900134,0,30,-30
121900135,480,77,403
121900136,22,173,-151
121900137,11,98,-87
121900138,22,36,-14
121900139,139,157,-18
121900140,5,22,-17
121900141,3,0,3
121900142,2,15,-13
121900143,0,24,-24
121900144,225,227,-2
121900145,10,41,-31
121900146,58,186,-128
121900147,48,125,-77
121900148,30,72,-42
121900149,35,245,-210
121900150,20,118,-98
121900151,29,64,-35
121900152,12,39,-27
121900153,5,115,-110
121900154,4,36,-32
121900155,1,19,-18
121900156,55,54,1
121900157,0,155,-155
121900158,35,57,-22
121900159,0,50,-50
121900160,0,62,-62
121900161,107,63,44
121900162,38,41,-3
121900163,10,488,-478
121900164,64,52,12
121900165,20,52,-32
121900166,36,55,-19
121900167,15,14,1
121900168,12,34,-22
121900169,1,306,-305
121900170,0,38,-38
121900171,59,95,-36
121900172,39,75,-36
121900173,115,14,101
121900174,2,1,1
121900175,3,59,-56
121900176,136,1073,-937
121900177,22,17,5
121900178,0,10,-10
121900179,30,16,14
121900180,4593,1190,3403
121900182,26,57,-31
121900183,74,84,-10
121900184,10,142,-132
121900186,1,165,-164
121900187,11,64,-53
121900188,182,55,127
121900189,8,32,-24
121900190,27,81,-54
121900191,7,9,-2
121900192,231,86,145
121900193,2,43,-41
121900194,1,63,-62
121900195,19,25,-6
121900196,62,132,-70
121900197,136,1208,-1072
121900198,368,75,293
121900199,0,13,-13
121900200,25,44,-19
121900201,217,107,110
121900202,32,82,-50
121900203,20,45,-25
121900204,318,111,207
121900205,0,14,-14
121900206,1,6,-5
121900207,36,9,27
121900208,15,47,-32
121900209,5,3,2
121900210,50,73,-23
121900211,0,22,-22
121900212,18,25,-7
121900213,7,28,-21
121900214,0,114,-114
121900215,1,20,-19
121900216,2,11,-9
121900217,20,21,-1
121900218,16,42,-26
121900220,39,3,36
121900221,59,117,-58
121900222,10,34,-24
121900223,1,2,-1
121900224,0,4,-4
121900225,1,12,-11
121900226,4,31,-27
121900227,14,69,-55
121900228,13,37,-24
121900230,21,5,16
121900231,87,27,60
121900232,35,59,-24
121900233,88,95,-7
121900234,15,57,-42
121900235,16,63,-47
121900236,14,25,-11
121900237,62,204,-142
121900238,47,62,-15
121900239,17,12,5
121900240,36,30,6
121900241,0,7,-7
121900242,0,0,0
121900243,0,0,0
121900244,0,0,0
121900245,30,20,10
121900246,13,5,8
121900247,86,107,-21
121900248,208,140,68
121900250,46,38,8
121900251,19,2,17
121900252,347,27,320
121900253,33,315,-282
121900254,111,56,55
121900255,11,15,-4
121900258,202,32,170
121900259,33,32,1
121900260,2,61,-59
121900261,25,72,-47
121900262,71,153,-82
121900263,13,70,-57
121900264,812,263,549
121900265,43,133,-90
121900266,18,35,-17
121900267,0,0,0
121900269,17,61,-44
121900270,4,33,-29
121900271,7,50,-43
121900273,83,294,-211
121900274,10,94,-84
121900277,55,688,-633
121900278,8,398,-390
121900279,19,183,-164
121900280,27,93,-66
121900281,150,5,145
121900284,43,1,42
121900286,14,166,-152
121900287,2,5,-3
121900288,0,0,0
121900290,66,89,-23
121900291,126,252,-126
121900292,21,25,-4
121900293,482,1839,-1357
121900294,61,0,61
121900295,8,68,-60
121900296,7,0,7
121900298,26,56,-30
121900299,0,0,0
121900300,0,1,-1
121900301,1,0,1
121900302,0,30,-30
121900303,34,136,-102
121900304,0,0,0
121900305,0,0,0
121900306,0,0,0
121900307,0,8,-8
121900308,6,242,-236
121900309,4,172,-168
121900310,5,375,-370
121900311,23,1,22
121900312,25,0,25
121900313,25,2,23
121900314,3,51,-48
121900315,0,0,0
121900316,0,2,-2
121900317,0,0,0
121900318,0,3,-3
121900319,0,0,0
121900320,5,30,-25
121900321,0,0,0
121900322,0,11,-11
121900323,1,4,-3
121900324,0,0,0
121900325,0,0,0
121900326,0,8,-8
121900327,0,8,-8
121900328,0,7,-7
121900329,0,71,-71
121900330,0,16,-16
121900331,21,3,18
121900332,2,0,2
121900333,0,0,0
122000001,1343,1736,-393
122000002,2534,805,1729
122000003,1190,751,439
122000004,1729,593,1136
122000005,1492,536,956
122000006,856,237,619
122000007,598,503,95
122000008,3526,1342,2184
122000009,524,95,429
122000010,1677,1538,139
122000011,2030,547,1483
122000012,643,740,-97
122000013,842,619,223
122000014,828,837,-9
122000015,685,606,79
122000016,313,515,-202
122000017,797,647,150
122000018,783,936,-153
122000019,365,1321,-956
122000020,157,167,-10
122000021,544,297,247
122000022,396,353,43
122000023,221,643,-422
122000024,520,475,45
122000025,662,679,-17
122000026,911,454,457
122000027,455,1730,-1275
122000028,417,171,246
122000029,113,149,-36
122000030,213,74,139
122000031,79,75,4
122000032,536,890,-354
122000033,394,396,-2
122000034,359,356,3
122000035,230,352,-122
122000036,169,425,-256
122000037,188,172,16
122000038,142,237,-95
122000039,315,287,28
122000040,264,161,103
122000041,187,326,-139
122000042,65,277,-212
122000043,59,52,7
122000044,69,81,-12
122000045,600,346,254
122000046,293,501,-208
122000047,191,90,101
122000048,1756,1548,208
122000049,2922,1517,1405
122000050,606,389,217
122000051,168,155,13
122000052,256,141,115
122000053,88,317,-229
122000054,1225,1090,135
122000055,1058,1300,-242
122000056,2627,1771,856
122000057,2457,1612,845
122000058,2236,900,1336
122000059,2048,1151,897
122000060,643,415,228
122000061,354,135,219
122000062,752,212,540
122000063,250,215,35
122000064,2009,2296,-287
122000065,2510,2117,393
122000066,676,757,-81
122000067,550,766,-216
122000068,349,503,-154
122000069,340,510,-170
122000070,159,834,-675
122000071,435,586,-151
122000072,116,188,-72
122000073,188,318,-130
122000074,449,345,104
122000075,212,336,-124
122000076,673,544,129
122000077,509,437,72
122000078,1816,1634,182
122000079,532,404,128
122000080,271,166,105
122000081,68,80,-12
122000082,407,340,67
122000083,620,1651,-1031
122000084,438,521,-83
122000085,155,1040,-885
122000086,1222,1542,-320
122000087,206,101,105
122000088,200,133,67
122000089,3019,1532,1487
122000090,167,213,-46
122000091,88,49,39
122000092,52,9,43
122000093,794,970,-176
122000094,3636,1158,2478
122000095,1752,775,977
122000096,1017,327,690
122000098,1552,1053,499
122000099,712,535,177
122000100,588,319,269
122000101,108,295,-187
122000102,1075,787,288
122000103,436,840,-404
122000104,137,147,-10
122000105,89,165,-76
122000106,263,302,-39
122000107,273,253,20
122000108,204,510,-306
122000109,99,133,-34
122000110,143,307,-164
122000111,1708,693,1015
122000112,364,708,-344
122000113,208,458,-250
122000114,1340,1236,104
122000115,1299,606,693
122000116,297,283,14
122000117,454,146,308
122000118,231,244,-13
122000119,1709,1034,675
122000120,1812,1570,242
122000121,2521,1339,1182
122000122,471,691,-220
122000123,1077,439,638
122000124,362,181,181
122000125,353,391,-38
122000126,332,337,-5
122000127,723,635,88
122000128,301,487,-186
122000129,140,146,-6
122000130,941,235,706
122000131,1171,257,914
122000132,718,257,461
122000133,556,1622,-1066
122000134,273,282,-9
122000135,350,818,-468
122000136,100,90,10
122000137,305,403,-98
122000139,757,1326,-569
122000140,663,309,354
122000141,3348,495,2853
122000142,146,466,-320
122000143,282,104,178
122000144,944,498,446
122000145,345,385,-40
122000146,131,353,-222
122000147,271,152,119
122000148,1448,572,876
122000149,1241,405,836
122000150,562,329,233
122000151,133,252,-119
122000152,295,182,113
122000153,129,82,47
122000154,159,47,112
122000155,914,851,63
122000156,1879,1709,170
122000157,1126,1065,61
122000158,111,348,-237
122000159,462,769,-307
122000160,2134,401,1733
122000161,578,228,350
122000162,833,558,275
122000163,320,69,251
122000164,27,116,-89
122000165,350,317,33
122000166,383,530,-147
122000167,140,248,-108
122000168,116,361,-245
122000169,291,141,150
122000170,142,202,-60
122000171,35,89,-54
122000172,780,755,25
122000173,714,1153,-439
122000174,869,643,226
122000175,785,254,531
122000176,136,413,-277
122000177,912,1284,-372
122000178,1902,646,1256
122000179,1461,1196,265
122000180,1038,658,380
122000181,1271,1462,-191
122000182,1865,325,1540
122000183,885,145,740
122000184,3801,1381,2420
122000185,1350,1007,343
122000186,432,474,-42
122000187,446,672,-226
122000188,247,113,134
122000189,133,101,32
122000190,187,718,-531
122000191,357,228,129
122000192,302,112,190
122000193,92,283,-191
122000194,295,94,201
122000195,91,331,-240
122000196,489,263,226
122000197,153,105,48
122000198,218,853,-635
122000199,158,127,31
122000200,576,195,381
122000201,1070,1651,-581
122000202,724,854,-130
122000203,1332,1016,316
122000204,836,1462,-626
122000205,726,764,-38
122000206,1121,342,779
122000207,472,608,-136
122000208,635,894,-259
122000209,875,106,769
122000210,545,1668,-1123
122000211,369,915,-546
122000212,205,303,-98
122000213,587,629,-42
122000214,706,800,-94
122000215,711,789,-78
122000217,972,1105,-133
122000218,30,9,21
122000219,1149,871,278
122000220,170,730,-560
122000221,90,353,-263
122000222,410,55,355
122000223,486,458,28
122000225,414,149,265
122000226,507,1480,-973
122000227,167,844,-677
122000228,227,404,-177
122000229,13,280,-267
122000230,42,656,-614
122000231,95,530,-435
122000232,147,717,-570
122000233,0,79,-79
122000234,23,214,-191
122000235,141,136,5
122000236,244,134,110
122000237,40,42,-2
122000238,28,61,-33
122000239,133,55,78
122000240,217,119,98
122000241,283,165,118
122000242,158,59,99
122000243,26,27,-1
122000244,9,328,-319
122000245,19,133,-114
122000246,24,53,-29
122000247,288,513,-225
122000248,1007,1371,-364
122000249,126,192,-66
122000250,550,138,412
122000251,184,222,-38
122000252,260,25,235
122000253,18,265,-247
122000254,63,24,39
122000255,355,1038,-683
122000256,230,1321,-1091
122000257,44,348,-304
122000258,24,166,-142
122000259,8,593,-585
122000260,7,123,-116
122000261,2,76,-74
122000262,0,69,-69
122000263,34,101,-67
122000264,40,89,-49
122000265,299,190,109
122000266,945,153,792
122000267,30,47,-17
122000268,50,158,-108
122000269,153,146,7
122000270,148,73,75
122000271,138,885,-747
122000272,164,953,-789
122000273,94,392,-298
122000274,26,160,-134
122000275,10,107,-97
122000276,70,315,-245
122000277,260,650,-390
122000278,238,618,-380
122000279,43,423,-380
122000280,480,614,-134
122000281,298,681,-383
122000282,27,80,-53
122000283,409,29,380
122000284,42,96,-54
122000285,252,74,178
122000286,120,124,-4
122000287,244,408,-164
122000288,130,104,26
122000291,331,185,146
122000293,321,208,113
122000294,35,20,15
122000295,424,89,335
122000296,42,262,-220
122000297,1992,901,1091
122000299,83,297,-214
122000300,127,256,-129
122000301,10608,1010,9598
122000302,907,439,468
122000303,4092,756,3336
122000304,7,112,-105
122000305,532,158,374
122000306,21,824,-803
122000307,65,118,-53
122000309,30,87,-57
122000310,7,11,-4
122000311,53,31,22
122000312,62,18,44
122000313,10,46,-36
122000314,45,139,-94
122000315,26,5,21
122000316,119,95,24
122000317,262,90,172
122000318,52,134,-82
122000319,251,441,-190
122000320,157,2242,-2085
122000321,20,343,-323
122000322,1637,753,884
122000323,1053,736,317
122000324,699,767,-68
122000325,352,589,-237
122000326,3,38,-35
122000327,77,255,-178
122000328,498,680,-182
122000330,963,334,629
122000332,133,293,-160
122000333,10,191,-181
122000337,254,2049,-1795
122000338,76,407,-331
122000340,141,186,-45
122000342,1983,786,1197
122000343,134,1164,-1030
122000344,7,4,3
122000345,17,47,-30
122000346,149,395,-246
122000348,174,639,-465
122000349,44,658,-614
122000351,9,68,-59
122000352,153,27,126
122000353,15,124,-109
122000355,41,106,-65
122000356,886,533,353
122000357,13,10,3
122000358,0,54,-54
122000359,0,28,-28
122000360,0,37,-37
122000362,12,87,-75
122000364,23,274,-251
122000365,0,9,-9
122000366,2,2,0
122000368,185,417,-232
122000370,5,40,-35
122000371,0,0,0
122000372,0,0,0
122000381,9,199,-190
122000382,35,158,-123
122000384,1927,1079,848
122000385,0,0,0
122000386,42,297,-255
122000387,130,458,-328
122000388,362,162,200
122000389,155,606,-451
122000390,105,106,-1
122000391,22,14,8
122000392,84,231,-147
122000393,12,232,-220
122000394,68,283,-215
122000395,75,206,-131
122000396,83,120,-37
122000397,11,68,-57
122000398,4,10,-6
122000399,10,50,-40
122000400,31,85,-54
122000401,57,115,-58
122000402,6,5,1
122000403,168,1386,-1218
122000404,46,128,-82
122000408,442,734,-292
122000503,8,34,-26
122000524,85,49,36
122000544,5,295,-290
122000616,701,2,699
122000640,15,208,-193
122000641,15,450,-435
122000642,635,927,-292
122000643,2,19,-17
122000644,90,28,62
122000645,102,133,-31
122000651,599,414,185
122000664,75,35,40
122000665,780,417,363
122000666,291,627,-336
122000673,21,369,-348
122000674,75,64,11
122000675,358,1047,-689
122000686,56,943,-887
122000687,105,392,-287
122000688,92,538,-446
122000689,189,612,-423
122000690,191,707,-516
122000691,139,1914,-1775
122000692,371,440,-69
122000693,191,1730,-1539
122000695,84,566,-482
122000696,39,197,-158
122000698,43,991,-948
122000699,161,62,99
122000701,377,337,40
122000702,246,1110,-864
122000703,14,1,13
122000717,297,41,256
122000718,499,69,430
122000719,5,27,-22
122000720,37,102,-65
122000724,112,16,96
122900001,3,4,-1
122900002,285,228,57
122900003,29,12,17
122900004,129,0,129
122900005,52,6,46
122900006,182,36,146
122900007,11,4,7
122900008,204,9,195
122900009,66,34,32
122900010,3,1,2
122900012,7,16,-9
122900014,35,141,-106
122900015,862,77,785
122900016,25,232,-207
122900017,128,426,-298
122900018,48,2,46
122900019,6,111,-105
122900020,302,239,63
122900021,33,176,-143
122900022,94,787,-693
122900023,141,241,-100
122900024,67,63,4
122900025,0,72,-72
122900026,85,226,-141
122900027,23,469,-446
122900028,43,92,-49
122900029,1776,346,1430
122900030,1383,142,1241
122900031,21,48,-27
122900032,77,121,-44
122900033,34,33,1
122900034,766,795,-29
122900035,0,1,-1
122900036,1,17,-16
122900037,75,41,34
122900038,40,620,-580
122900039,33,141,-108
122900040,13,37,-24
122900041,17,27,-10
122900042,6,17,-11
122900043,35,53,-18
122900044,3,34,-31
122900045,21,22,-1
122900046,9,16,-7
122900047,22,35,-13
122900048,11,67,-56
122900049,1153,55,1098
122900051,43,60,-17
122900052,9,49,-40
122900053,8,14,-6
122900055,55,40,15
122900057,29,3,26
122900061,253,34,219
122900062,186,195,-9
122900063,50,279,-229
122900064,488,401,87
122900065,119,67,52
122900066,170,148,22
122900067,1042,386,656
122900068,81,256,-175
122900069,116,333,-217
122900070,14,15,-1
122900071,32,429,-397
122900072,15,564,-549
122900073,33,123,-90
122900074,22,488,-466
122900075,1,61,-60
122900076,3,118,-115
122900077,1,191,-190
122900078,11,123,-112
122900080,15,1,14
122900081,37,1,36
122900082,32,0,32
122900083,5,1,4
122900084,2,119,-117
122900086,1,4,-3
122900087,23,625,-602
122900088,1,28,-27
122900089,1,56,-55
122900090,8,587,-579
122900091,0,0,0
122900092,1,138,-137
122900093,2,141,-139
122900094,2,91,-89
122900095,0,0,0
122900096,0,123,-123
122900097,0,0,0
122900098,20,32,-12
122900099,4,3,1
122900100,86,33,53
122900101,97,11,86
122900102,2,5,-3
122900103,7,1,6
122900104,4,1,3
122900105,0,1,-1
122900106,0,47,-47
122900107,3,116,-113
122900108,2,127,-125
123000001,1159,220,939
123000002,3904,1289,2615
123000003,2416,1327,1089
123000004,3083,3602,-519
123000005,887,1075,-188
123000006,2524,2480,44
123000007,772,976,-204
123000008,1537,3842,-2305
123000009,2265,1601,664
123000010,3460,3430,30
123000011,759,466,293
123000012,679,2167,-1488
123000013,1290,431,859
123000014,1282,3565,-2283
123000015,779,335,444
123000016,6573,2235,4338
123000017,2200,1021,1179
123000018,28,87,-59
123000019,52,296,-244
123000020,54,145,-91
123000021,20,75,-55
123000022,227,499,-272
123000023,708,842,-134
123000024,380,283,97
123000025,1,40,-39
123000026,1,37,-36
123000027,41,240,-199
123000028,383,44,339
123000029,730,271,459
123000030,47,872,-825
123000031,32,373,-341
123000032,69,227,-158
123000033,29,41,-12
123000034,395,332,63
123000035,105,92,13
123000036,148,194,-46
123000037,78,233,-155
123000038,40,168,-128
123000039,694,692,2
123000040,853,264,589
123000041,374,184,190
123000042,320,437,-117
123000043,1805,1838,-33
123000044,3658,1315,2343
123000045,8429,1093,7336
123000046,509,448,61
123000047,2498,706,1792
123000048,35,129,-94
123000049,4710,1798,2912
123000050,446,479,-33
123000051,29,100,-71
123000052,375,949,-574
123000053,2036,1377,659
123000054,845,651,194
123000055,971,550,421
123000056,857,1478,-621
123000057,13945,3181,10764
123000058,348,320,28
123000059,162,297,-135
123000060,259,244,15
123000061,82,382,-300
123000063,329,347,-18
123000064,475,110,365
123000065,6439,2194,4245
123000066,1085,480,605
123000067,198,354,-156
123000068,2357,2313,44
123000069,9527,2513,7014
123000070,125,504,-379
123000071,312,700,-388
123000072,600,1396,-796
123000073,293,540,-247
123000074,460,1831,-1371
123000075,142,351,-209
123000076,273,817,-544
123000077,1224,2950,-1726
123000078,367,1025,-658
123000079,413,1055,-642
123000080,1128,2229,-1101
123000081,156,557,-401
123000082,260,1095,-835
123000083,306,63,243
123000084,121,429,-308
123000085,28,113,-85
123000086,78,419,-341
123000087,30,492,-462
123000088,434,1195,-761
123000089,146,589,-443
123000090,673,944,-271
123000091,1030,754,276
123000092,948,823,125
123000094,186,175,11
123000095,103,337,-234
123000096,125,281,-156
123000097,123,1164,-1041
123000098,276,310,-34
123000099,287,797,-510
123000100,346,278,68
123000101,413,236,177
123000102,232,300,-68
123000104,208,240,-32
123000105,449,386,63
123000106,303,166,137
123000107,298,433,-135
123000108,776,1029,-253
123000111,222,128,94
123000112,313,395,-82
123000113,346,1573,-1227
123000114,279,257,22
123000115,64,147,-83
123000116,13,140,-127
123000117,668,2043,-1375
123000118,227,1102,-875
123000119,110,982,-872
123000120,221,840,-619
123000121,225,524,-299
123000122,142,244,-102
123000123,326,407,-81
123000124,386,454,-68
123000125,409,345,64
123000126,1198,977,221
123000127,1926,735,1191
123000128,180,345,-165
123000129,29,21,8
123000130,52,25,27
123000131,177,241,-64
123000132,188,416,-228
123000133,209,260,-51
123000134,312,142,170
123000135,488,816,-328
123000136,104,1349,-1245
123000137,58,441,-383
123000138,45,499,-454
123000139,30,14,16
123000140,52,710,-658
123000141,75,14,61
123000142,607,919,-312
123000143,786,2345,-1559
123000144,10,8,2
123000145,120,69,51
123000146,17,63,-46
123000147,22,59,-37
123000149,88,157,-69
123000150,150,124,26
123000151,122,273,-151
123000152,75,245,-170
123000153,137,209,-72
123000154,1706,774,932
123000155,2038,570,1468
123000156,20,56,-36
123000157,193,553,-360
123000158,342,313,29
123000159,1622,831,791
123000160,345,163,182
123000161,675,295,380
123000162,221,491,-270
123000163,53,15,38
123000164,206,67,139
123000165,177,1732,-1555
123000166,10,140,-130
123000167,55,259,-204
123000168,80,410,-330
123000169,78,33,45
123000170,2,390,-388
123000171,4,40,-36
123000172,131,687,-556
123000173,154,37,117
123000174,99,39,60
123000175,785,1244,-459
123000176,391,39,352
123000177,260,959,-699
123000178,166,19,147
123000179,16,771,-755
123000180,629,135,494
123000181,218,1222,-1004
123000182,34,439,-405
123000183,99,63,36
123000184,39,779,-740
123000185,66,153,-87
123000186,3,612,-609
123000187,66,1,65
123000188,7,0,7
123000189,36,207,-171
123000190,4,54,-50
123000192,7,353,-346
123000193,23,449,-426
123000194,326,181,145
123000195,41,5,36
123000196,44,1,43
123000197,11,89,-78
123000198,4,189,-185
123000199,3,428,-425
123000200,46,3,43
123000201,221,6,215
123000202,34,1288,-1254
123000203,165,9,156
123000204,30,1387,-1357
123000205,216,1999,-1783
123000206,432,49,383
123000207,63,993,-930
123000208,104,47,57
123000209,447,100,347
123000210,257,1386,-1129
123000211,495,2835,-2340
123000212,512,116,396
123000213,98,25,73
123000215,43,52,-9
123000216,99,153,-54
123000217,29,3,26
123000218,96,205,-109
123000219,238,5,233
123000220,134,9,125
123000221,98,61,37
123000222,121,461,-340
123000223,55,389,-334
123000224,167,352,-185
123000225,25,62,-37
123000226,7,406,-399
123000227,28,321,-293
123000228,16,49,-33
123000229,714,1653,-939
123000232,68,445,-377
123000233,94,20,74
123000234,73,598,-525
123000235,39,121,-82
123000236,99,894,-795
123000237,62,9,53
123000238,29,647,-618
123000239,278,2127,-1849
123000240,15,122,-107
123000241,440,60,380
123000242,41,187,-146
123000243,229,885,-656
123000244,563,419,144
123000245,31,144,-113
123000249,407,469,-62
123000252,166,58,108
123000253,180,111,69
123000254,181,940,-759
123000255,303,344,-41
123000256,32,209,-177
123000257,2553,2001,552
123000258,518,1136,-618
123000259,98,307,-209
123000260,133,539,-406
123000261,36,303,-267
123000262,50,260,-210
123000263,167,75,92
123000264,88,26,62
123000265,24,126,-102
123000266,217,489,-272
123000267,132,109,23
123000268,4,48,-44
123000269,14,23,-9
123000270,4,14,-10
123000271,26,47,-21
123000272,327,33,294
123000273,37,249,-212
123000274,196,132,64
123000275,154,917,-763
123000278,2655,1776,879
123000279,23,47,-24
123000280,74,329,-255
123000281,86,62,24
123000282,83,246,-163
123000283,29,28,1
123000284,18,119,-101
123000286,267,147,120
123000287,404,194,210
123000288,142,152,-10
123000289,148,222,-74
123000291,244,684,-440
123000294,115,223,-108
123000295,323,610,-287
123000296,80,233,-153
123000297,126,757,-631
123000298,105,724,-619
123000299,8,85,-77
123000300,256,278,-22
123000301,16,115,-99
123000302,28,163,-135
123000303,11,74,-63
123000305,685,712,-27
123000306,13,286,-273
123000309,26,89,-63
123000310,38,19,19
123000311,0,190,-190
123000312,476,834,-358
123000313,75,121,-46
123000315,21,308,-287
123000316,547,13,534
123000317,53,31,22
123000318,17,239,-222
123000329,49,24,25
123000337,30,175,-145
123000338,227,45,182
123000339,57,412,-355
123000340,70,256,-186
123000342,0,5,-5
123000343,0,0,0
123000344,575,276,299
123000345,207,413,-206
123000346,30,19,11
123000352,1933,627,1306
123000353,23,111,-88
123000354,45,0,45
123000355,1,323,-322
123000356,23,1,22
123000357,0,256,-256
123000359,1,229,-228
123000360,0,0,0
123000361,442,209,233
123000362,46,97,-51
123000363,12,223,-211
123000364,249,181,68
123000365,14,167,-153
123000366,145,538,-393
123000367,165,875,-710
123000370,12,356,-344
123000371,13,0,13
123000372,19,0,19
123000373,2,345,-343
123000374,2,167,-165
123000375,48,6,42
123000376,241,353,-112
123000377,33,1,32
123000378,1,471,-470
123000379,2,178,-176
123000380,5,134,-129
123000381,25,6,19
123000382,206,13,193
123000383,150,479,-329
123000384,89,11,78
123000385,333,511,-178
123000436,42,654,-612
123000507,150,174,-24
123000508,126,239,-113
123000517,238,22,216
123000518,18,225,-207
123000519,132,59,73
123000520,54,235,-181
123000521,197,81,116
123000522,195,488,-293
123000541,0,0,0
123000542,0,60,-60
123000565,127,9,118
123000566,52,947,-895
123000567,76,264,-188
123000573,35,1166,-1131
123000574,76,12,64
123000575,414,1213,-799
123000576,105,2169,-2064
123000577,52,405,-353
123000578,264,46,218
123000579,3084,1229,1855
123000580,69,3,66
123000582,35,4,31
123000583,14,611,-597
123000584,33,103,-70
123000585,0,88,-88
123000586,1,0,1
123000596,70,84,-14
123000597,17,46,-29
123000602,0,0,0
123000603,76,537,-461
123000604,152,1170,-1018
123000605,227,52,175
123000606,0,400,-400
123000609,13,322,-309
123000610,31,27,4
123000613,73,134,-61
123000614,45,16,29
123000615,40,235,-195
123000616,54,9,45
123000617,40,1154,-1114
123000618,20,751,-731
123000619,120,1,119
123000620,22,661,-639
123000622,92,4,88
123000624,40,6,34
123000630,168,236,-68
123000631,79,1736,-1657
123000632,898,1072,-174
123000633,0,83,-83
123000634,5,7,-2
123000635,212,73,139
123000636,17,568,-551
123000637,79,101,-22
123000638,88,105,-17
123000639,266,496,-230
123000640,3,1088,-1085
123000648,7,6,1
123000649,2,79,-77
123900001,1192,69,1123
123900002,10,519,-509
123900003,149,406,-257
123900005,28,30,-2
123900006,27,7,20
124000001,638,27,611
124000002,102,1281,-1179
124000003,85,48,37
124000004,36,684,-648
124000005,121,58,63
124000006,145,1460,-1315
124000007,91,16,75
124000008,9,296,-287
124000009,35,37,-2
124000010,60,549,-489
124000011,87,54,33
124000012,110,987,-877
124000017,0,0,0
124000018,78,130,-52
124000019,0,0,0
124000020,21,197,-176
124000021,0,0,0
124000022,62,237,-175
124000023,801,770,31
124000024,738,567,171
124000025,695,673,22
124000026,1057,1052,5
124000027,3474,1495,1979
124000028,2726,2927,-201
124000030,2454,835,1619
124000031,168,149,19
124000032,4642,677,3965
124000033,107,46,61
124000034,1852,454,1398
124000035,24,18,6
124000036,50,229,-179
124000037,80,77,3
124000038,28,38,-10
124000039,400,78,322
124000040,286,361,-75
124000041,89,46,43
124000042,23,317,-294
124000043,9,23,-14
124000044,17,349,-332
124000045,163,255,-92
124000046,83,684,-601
124000047,253,374,-121
124000048,208,1939,-1731
124000049,419,273,146
124000050,220,2245,-2025
124000051,163,206,-43
124000052,246,1426,-1180
124000053,221,360,-139
124000054,437,719,-282
124000055,553,402,151
124000056,3109,1220,1889
124000057,261,211,50
124000058,267,1218,-951
124000059,162,273,-111
124000060,539,715,-176
124000061,612,1331,-719
124000062,4922,1291,3631
124000063,1076,1384,-308
124000064,1775,1677,98
124000065,27,88,-61
124000066,156,34,122
124000067,35,97,-62
124000068,5,41,-36
124000069,49,82,-33
124000070,46,427,-381
124000071,18,25,-7
124000072,70,474,-404
124000073,201,28,173
124000074,90,945,-855
124000075,0,0,0
124000076,4,227,-223
124000077,789,342,447
124000078,1045,104,941
124000079,412,566,-154
124000080,22,45,-23
124000081,43,802,-759
124000082,2,29,-27
124000083,12,157,-145
124000084,11,47,-36
124000085,20,37,-17
124000086,21,66,-45
124000087,16,30,-14
124000088,62,127,-65
124000089,166,189,-23
124000090,37,449,-412
124000091,94,59,35
124000092,56,715,-659
124000093,60,23,37
124000094,30,281,-251
124000095,26,49,-23
124000096,44,287,-243
124000097,45,51,-6
124000098,50,83,-33
124000099,27,46,-19
124000100,18,107,-89
124000101,11,95,-84
124000102,56,81,-25
124000103,23,61,-38
124000104,27,67,-40
124000105,11,16,-5
124000106,71,86,-15
124000107,7,57,-50
124000108,21,43,-22
124000109,47,32,15
124000110,58,123,-65
124000111,79,123,-44
124000112,277,642,-365
124000113,31,34,-3
124000114,133,609,-476
124000115,249,716,-467
124000116,38,52,-14
124000117,55,51,4
124000118,22,39,-17
124000119,300,520,-220
124000120,69,333,-264
124000121,785,180,605
124000122,516,734,-218
124000123,406,215,191
124000124,188,662,-474
124000125,176,192,-16
124000126,195,435,-240
124000127,273,214,59
124000128,236,934,-698
124000129,979,818,161
124000130,563,529,34
124000131,505,352,153
124000132,564,654,-90
124000133,224,353,-129
124000134,394,715,-321
124000135,880,736,144
124000136,810,865,-55
124000137,605,250,355
124000138,1046,688,358
124000139,149,18,131
124000140,14,282,-268
124000141,3,3,0
124000142,0,75,-75
124000143,18,4,14
124000144,4,27,-23
124000145,27,11,16
124000146,5,150,-145
124000148,24,10,14
124000149,289,110,179
124000150,164,430,-266
124000151,233,95,138
124000152,387,796,-409
124000153,144,157,-13
124000154,213,685,-472
124000155,441,249,192
124000156,869,755,114
124000169,49,96,-47
124000170,483,279,204
124000171,42,91,-49
124000172,186,480,-294
124000173,44,157,-113
124000174,105,698,-593
124000175,9,129,-120
124000176,0,0,0
124000177,12,44,-32
124000178,0,0,0
124000190,73,14,59
124000191,211,36,175
124000192,196,49,147
124000193,147,1081,-934
124000194,226,537,-311
124000195,73,250,-177
124000196,431,963,-532
124000197,34,49,-15
124000198,16,13,3
124000201,46,828,-782
124000202,2,67,-65
124000203,54,931,-877
124000204,5,400,-395
124000205,31,624,-593
124000206,20,353,-333
124000207,0,83,-83
124000209,89,545,-456
124000210,42,179,-137
124000211,20,1,19
124000212,3,736,-733
124000213,31,311,-280
124000214,9,617,-608
124000215,0,0,0
124000216,1,553,-552
124000329,44,2065,-2021
124000338,25,1106,-1081
124000339,85,19,66
124000341,150,19,131
124000344,5,1,4
124000357,342,386,-44
124000358,605,365,240
124000359,271,187,84
124000360,116,107,9
124000361,361,241,120
124000362,1086,1794,-708
124000363,189,507,-318
124000364,342,1198,-856
124000365,552,1282,-730
124000366,1753,1070,683
124000367,82,537,-455
124000368,43,32,11
124000369,29,26,3
124000370,49,515,-466
124000402,14,5,9
124000403,4,4,0
124000404,5,131,-126
124000405,574,351,223
124000406,606,795,-189
124000407,2,32,-30
124000411,4,371,-367
124000412,27,16,11
124000413,47,80,-33
124000414,15,76,-61
124000415,33,218,-185
124000416,48,262,-214
124000417,30,59,-29
124000418,20,99,-79
124000419,26,189,-163
124000420,13,57,-44
124000421,10,336,-326
124000422,9,3,6
124000423,25,27,-2
124000424,3,111,-108
124000425,7,2,5
124000426,5,67,-62
124000427,11,7,4
124000428,3,27,-24
124000429,9,83,-74
124000430,234,548,-314
124000431,77,716,-639
124000432,79,766,-687
124000439,1,4,-3
124000443,0,7,-7
124000445,143,59,84
124000446,1783,43,1740
124900001,115,107,8
124900002,47,374,-327
124900003,119,268,-149
124900004,83,199,-116
124900005,75,204,-129
124900006,111,185,-74
124900008,516,213,303
124900009,9,31,-22
124900010,15,5,10
124900011,63,43,20
124900012,84,22,62
124900013,74,50,24
124900014,26,37,-11
124900015,32,22,10
124900016,9,9,0
124900017,146,83,63
124900018,2,3,-1
124900020,10,7,3
124900021,20,5,15
124900022,13,0,13
124900024,12,1,11
124900026,3,8,-5
124900027,21,78,-57
124900028,395,90,305
124900029,7,139,-132
124900030,0,100,-100
124900031,3,341,-338
124900032,175,93,82
124900033,33,308,-275
124900034,27,72,-45
124900035,94,300,-206
124900036,1,39,-38
124900037,62,211,-149
124900038,273,293,-20
124900039,0,14,-14
124900040,20,74,-54
124900041,106,1052,-946
124900042,7,2,5
124900043,213,901,-688
124900044,6,2,4
124900045,494,515,-21
124900046,1227,148,1079
124900047,67,163,-96
124900048,71,92,-21
124900050,62,184,-122
124900052,41,321,-280
124900053,19,326,-307
124900054,2533,192,2341
124900055,1,58,-57
124900057,0,43,-43
124900060,42,184,-142
124900061,7,0,7
124900062,7,2,5
124900066,0,30,-30
124900067,0,152,-152
124900068,101,103,-2
124900070,0,0,0
124900072,11,6,5
124900074,17,45,-28
124900075,21,143,-122
124900076,6,103,-97
124900077,16,72,-56
124900078,14,13,1
124900079,325,21,304
124900080,50,667,-617
124900081,190,100,90
124900082,138,852,-714
124900083,70,440,-370
124900084,2409,44,2365
124900085,1079,105,974
124900086,19,204,-185
124900087,224,27,197
124900088,561,73,488
124900089,820,17,803
124900090,28,54,-26
124900091,77,466,-389
124900092,58,329,-271
124900093,32,55,-23
124900094,34,80,-46
124900095,15,103,-88
124900096,178,33,145
124900097,41,19,22
124900098,41,240,-199
124900099,217,168,49
124900100,18,3,15
124900101,1,18,-17
124900102,12,1,11
124900103,27,183,-156
124900104,11,216,-205
124900105,17,140,-123
124900106,39,6,33
124900107,11,8,3
124900108,73,8,65
124900109,0,24,-24
124900110,13,114,-101
124900111,0,26,-26
124900112,47,714,-667
124900113,0,49,-49
124900114,2,20,-18
124900115,1,3,-2
124900116,21,27,-6
124900117,444,57,387
124900118,36,21,15
124900119,98,22,76
124900120,7,363,-356
124900121,27,32,-5
124900122,574,168,406
124900123,188,22,166
124900124,71,72,-1
129000186,40,12,28
204000001,5,4,1
204000002,0,4,-4
204000003,0,0,0
204000004,2,0,2
204000005,167,90,77
204000006,286,204,82
204000011,15,66,-51
204000012,10,205,-195
204000019,230,342,-112
204000020,247,538,-291
204000021,1154,512,642
204000022,159,278,-119
204000023,250,1168,-918
204000031,17,9,8
204000032,126,15,111
204000034,38,447,-409
204000035,1,6,-5
204000036,7,26,-19
204000037,1,14,-13
204000038,0,27,-27
204000039,4,82,-78
204000040,1,39,-38
204000041,4,70,-66
204000042,3,4,-1
204000043,1,0,1
204000044,1,2,-1
204000045,4,4,0
204000046,1,0,1
204000057,3,124,-121
204000062,7,235,-228
204000068,45,164,-119
204000069,18,138,-120
204000070,20,62,-42
204000080,29,47,-18
204000085,619,1296,-677
204000086,2363,1535,828
204000087,60,42,18
204000088,9,88,-79
204000090,35,614,-579
204000093,25,5,20
204000096,186,223,-37
204000097,22,2,20
204000099,457,327,130
204000100,242,291,-49
204000105,852,1257,-405
204000110,717,1203,-486
204000111,322,807,-485
204000112,442,946,-504
204000113,180,721,-541
204000114,200,178,22
204000115,101,155,-54
204000116,445,277,168
204000119,377,434,-57
204000132,241,116,125
204000133,258,69,189
204000134,214,45,169
204000135,184,39,145
204000136,52,72,-20
204000138,130,245,-115
204000140,87,66,21
204000141,86,40,46
204000144,0,9,-9
204000145,134,7,127
204000146,71,463,-392
204000147,13,83,-70
204000148,170,5,165
204000154,1,1,0
204000155,0,14,-14
204000177,16,18,-2
204000179,2,0,2
204000180,0,57,-57
204000222,1,18,-17
204000235,12,21,-9
204000236,27,388,-361
204000238,3,3,0
204000240,65,47,18
204000263,305,1130,-825
204000268,417,204,213
204000308,23,1,22
204000317,25,36,-11
204000322,8,18,-10
204000323,4,0,4
204000328,35,12,23
204000329,56,125,-69
204000330,14,2,12
204000331,66,208,-142
204010341,15,200,-185
205000001,933,1034,-101
205000013,6,118,-112
205000014,30,168,-138
205000015,33,289,-256
205000016,13,225,-212
205000017,62,115,-53
205000022,244,577,-333
205000025,1749,836,913
205000029,67,8,59
205000045,25,117,-92
205000046,29,379,-350
205000047,62,448,-386
205000048,55,712,-657
205000049,74,541,-467
205000050,1008,225,783
205000059,0,299,-299
205000060,1,43,-42
205000061,0,24,-24
205000062,0,38,-38
205000063,9,49,-40
205000064,21,140,-119
205000065,41,732,-691
205000066,51,943,-892
205000067,38,1169,-1131
205000069,309,55,254
205000082,17,17,0
205000110,16,163,-147
205000111,112,172,-60
205000112,8,12,-4
205000113,270,178,92
205000121,0,0,0
205000123,79,205,-126
205000126,0,0,0
205000127,0,0,0
205000128,0,0,0
205000129,0,0,0
205000130,0,0,0
205000131,0,0,0
205000132,0,0,0
205000133,0,0,0
205000134,0,0,0
205000137,126,149,-23
205000138,270,261,9
205000139,18,62,-44
205000144,5,2,3
205000145,44,6,38
205000151,0,0,0
205000152,0,0,0
205000153,0,0,0
205000154,0,0,0
205000155,0,0,0
205000207,94,134,-40
205000233,0,1,-1
205000234,0,0,0
205000243,0,0,0
205000244,0,5,-5
205000245,19,438,-419
205000249,0,32,-32
205000250,0,0,0
205000264,9,95,-86
206000027,0,0,0
206000028,0,0,0
206000043,13,268,-255
206000053,33,25,8
206000054,16,52,-36
206000055,9,72,-63
206000075,5,9,-4
206000076,11,16,-5
206000077,20,17,3
206000078,11,18,-7
206000079,15,16,-1
206000082,340,19,321
206000100,91,819,-728
206000103,20,37,-17
206000104,20,44,-24
206000105,8,39,-31
206000106,21,61,-40
206000108,527,53,474
206000125,24,0,24
206000157,320,1018,-698
206000170,2,452,-450
206000171,6,359,-353
206000172,12,1504,-1492
206000173,2,455,-453
206000174,12,370,-358
206000175,3,403,-400
206000176,31,710,-679
206000177,6,414,-408
206000178,4,306,-302
206000179,12,211,-199
206000180,75,381,-306
206000181,23,470,-447
206000182,53,486,-433
206000183,47,1445,-1398
206000184,13,712,-699
206000185,15,615,-600
206000186,138,2445,-2307
206000223,13,443,-430
206000226,0,0,0
206000227,0,0,0
206000237,56,601,-545
206000238,99,965,-866
206000239,1028,2703,-1675
206000240,1,81,-80
206000241,2,256,-254
206000242,18,866,-848
206000243,4,693,-689
206000244,107,1619,-1512
206000245,167,32,135
206000246,27,9,18
206000247,56,9,47
206000248,77,11,66
206000252,86,24,62
206000258,18,43,-25
206000315,22,5,17
206000317,111,28,83
206000318,57,26,31
206000319,176,46,130
206000320,28,11,17
206000321,24,8,16
206000322,82,13,69
206000323,56,29,27
206000324,22,4,18
206000325,56,11,45
206000326,46,6,40
206000327,42,6,36
206000328,40,1,39
206000329,46,9,37
206000330,31,3,28
206000331,29,4,25
206000332,11,3,8
206000333,82,5,77
206000334,46,2,44
206000335,0,41,-41
206000361,9,374,-365
206000392,4,92,-88
206000405,78,1,77
206000441,0,1,-1
206000498,20,0,20
206000515,310,59,251
206000530,17,19,-2
206000531,27,18,9
206000532,318,40,278
206000535,378,2028,-1650
206000536,24,350,-326
206000537,12,194,-182
206000613,290,21,269
207000001,87,420,-333
207000002,36,421,-385
207000003,58,327,-269
207000007,174,55,119
207000008,18,11,7
207000009,42,38,4
207000010,486,674,-188
207000012,21,14,7
207000015,486,1972,-1486
207000019,94,62,32
207000021,237,117,120
207000022,31,52,-21
207000023,56,45,11
207000024,5,8,-3
207000025,6,52,-46
207000026,71,71,0
207000027,19,93,-74
207000028,24,303,-279
207000029,205,469,-264
207000033,167,160,7
207000034,123,32,91
207000039,5,5,0
207000040,4,5,-1
207000041,0,0,0
207000042,0,0,0
207000043,0,0,0
207000051,42,393,-351
207000052,9,225,-216
207000053,334,844,-510
207000054,14,192,-178
207000055,49,271,-222
207000056,179,475,-296
207000057,120,307,-187
207000058,76,573,-497
207000059,43,991,-948
207000060,37,323,-286
207000061,38,59,-21
207000062,64,33,31
207000063,106,117,-11
207000064,423,172,251
207000065,149,199,-50
207000066,79,164,-85
207000067,23,91,-68
207000068,48,65,-17
207000069,614,347,267
207000082,39,481,-442
207000083,70,533,-463
207000084,29,27,2
207000085,74,8,66
207000086,49,5,44
207000106,0,0,0
207000107,0,0,0
207000108,0,0,0
207000109,0,0,0
207000110,0,0,0
207000111,0,0,0
207000112,0,0,0
207000114,19,16,3
207000115,10,81,-71
207000116,24,192,-168
207000117,5,123,-118
207000118,1,128,-127
207000119,5,122,-117
207000123,0,0,0
207000124,0,0,0
207000125,0,0,0
207000126,0,0,0
207000134,22,289,-267
207000135,14,323,-309
207000148,0,0,0
207000149,85,39,46
207000152,115,457,-342
207000153,960,908,52
207000154,275,83,192
207000159,29,345,-316
207000160,52,928,-876
207000238,0,47,-47
207000242,2,143,-141
207000248,40,40,0
207000249,89,53,36
207000250,479,91,388
207000251,48,80,-32
207000252,42,72,-30
207000278,2,15,-13
207000279,17,295,-278
207000280,53,19,34
207000281,53,1282,-1229
207000282,5,8,-3
207000283,53,167,-114
207000284,19,37,-18
207000285,107,23,84
207000291,7,142,-135
207000304,94,82,12
207000306,24,440,-416
207000310,0,0,0
207000353,0,0,0
207000356,2,20,-18
207000357,0,0,0
207000358,3,3,0
207000415,3,147,-144
207000417,0,0,0
207000418,137,125,12
207000438,0,6,-6
207000439,1370,281,1089
207000446,0,0,0
207000460,7,19,-12
207000466,81,209,-128
207000467,1,2,-1
207000468,17,745,-728
207000476,2,53,-51
207000477,81,73,8
207000478,1,15,-14
207000523,0,8,-8
207000524,1,1,0
207000527,48,92,-44
207000530,0,0,0
207000531,0,0,0
207000532,0,0,0
207000534,0,0,0
207000535,89,112,-23
207000537,32,77,-45
207000540,12,172,-160
207000541,3,338,-335
207000548,1,299,-298
207000549,0,0,0
207000561,0,0,0
207000562,15,170,-155
207000567,176,286,-110
207000568,20,111,-91
207000569,80,1213,-1133
207000584,388,116,272
207000585,0,0,0
207000616,1,286,-285
207000617,5,1,4
207900008,60,355,-295
208000001,178,222,-44
208000002,90,154,-64
208000003,255,171,84
208000004,352,202,150
208000005,1,38,-37
208000019,79,222,-143
208000020,20,126,-106
208000021,64,405,-341
208000022,335,674,-339
208000028,959,547,412
208000033,176,522,-346
208000034,656,999,-343
208000037,0,0,0
208000040,13,65,-52
208000041,137,194,-57
208000042,109,211,-102
208000047,36,240,-204
208000064,937,236,701
208000066,304,179,125
208000070,62,271,-209
208000071,83,336,-253
208000072,103,530,-427
208000080,65,97,-32
208000081,40,116,-76
208000082,96,253,-157
208000083,78,288,-210
208000084,2,8,-6
208000085,508,510,-2
208000086,246,782,-536
208000087,95,624,-529
208000089,383,536,-153
208000090,264,975,-711
208000093,45,80,-35
208000094,184,446,-262
208000095,592,314,278
208000104,238,265,-27
208000105,166,256,-90
208000114,0,0,0
208000115,102,294,-192
208000116,63,502,-439
208000117,17,84,-67
208000118,17,74,-57
208000155,214,713,-499
208000158,1427,1785,-358
208000186,1019,343,676
208000204,184,720,-536
208000205,475,1104,-629
208000282,3360,714,2646
209000004,34,85,-51
209000005,7,9,-2
209000006,126,92,34
209000007,73,140,-67
209000010,240,135,105
209000011,59,204,-145
209000012,84,259,-175
209000013,103,878,-775
209000014,488,1988,-1500
209000025,108,30,78
209000026,356,97,259
209000027,223,1406,-1183
209000028,218,1614,-1396
209000029,329,1445,-1116
209000030,316,2150,-1834
209000031,4525,2844,1681
209000034,170,247,-77
209000035,67,142,-75
209000036,103,153,-50
209000037,94,233,-139
209000038,69,217,-148
209000039,52,157,-105
209000040,288,620,-332
209000041,197,472,-275
209000042,229,488,-259
209000043,338,575,-237
209000044,315,441,-126
209000045,183,250,-67
209000046,47,289,-242
209000047,35,159,-124
209000048,38,152,-114
209000049,58,176,-118
209000050,155,300,-145
209000051,114,400,-286
209000052,71,387,-316
209000062,36,185,-149
209000063,7,159,-152
209000064,11,163,-152
209000065,10,63,-53
209000066,21,73,-52
209000067,22,64,-42
209000080,10,161,-151
209000082,47,30,17
209000091,19,91,-72
209000093,86,37,49
209000094,136,98,38
209000110,15,56,-41
209000111,231,505,-274
209000112,173,186,-13
209000113,308,239,69
209000114,133,143,-10
209000115,35,192,-157
209000116,939,606,333
209000118,8,33,-25
209000119,11,6,5
209000121,90,760,-670
209000135,63,91,-28
209000142,768,446,322
209000143,16,50,-34
209000144,12,48,-36
209000229,19,133,-114
209000240,26,402,-376
209000259,99,172,-73
209000260,35,864,-829
209000261,1,541,-540
209000262,3,497,-494
209000263,1,97,-96
209000264,0,28,-28
209000265,0,1,-1
209000266,0,0,0
209000267,0,0,0
209000268,0,0,0
210000037,21,15,6
210000047,0,5,-5
210000048,5,7,-2
210000049,12,11,1
210000052,16,198,-182
210000053,3,79,-76
210000054,54,71,-17
210000070,0,0,0
210000071,0,0,0
210000072,0,0,0
210000073,0,16,-16
210000074,0,58,-58
210000075,1,35,-34
210000076,1,143,-142
210000077,13,21,-8
210000078,26,23,3
210000079,3,0,3
210000080,7,7,0
210000081,13,0,13
210000082,9,0,9
210000083,34,0,34
210000084,8,0,8
210000085,0,65,-65
210000086,4,87,-83
210000099,27,175,-148
210000100,20,223,-203
210000101,61,214,-153
210000105,57,93,-36
210000159,0,69,-69
210000163,253,229,24
210000164,133,48,85
210000168,51,6,45
210000187,0,4,-4
210000188,0,17,-17
210000214,0,0,0
210000219,2,14,-12
210000220,18,23,-5
210000232,0,28,-28
210000233,7,31,-24
210000234,17,131,-114
210000235,44,155,-111
210000245,0,19,-19
210000246,2,0,2
210000258,8,143,-135
210000259,35,1,34
210000282,49,151,-102
210000285,0,95,-95
210000286,7,123,-116
210000290,0,1,-1
210000295,10,100,-90
210000296,33,81,-48
210000320,42,37,5
210000321,7,15,-8
210000338,20,144,-124
210000339,534,525,9
210000340,84,170,-86
210000341,67,192,-125
210000342,75,118,-43
210000343,57,175,-118
210000344,71,55,16
210000345,120,47,73
210000346,12,34,-22
210000347,7,13,-6
210000348,35,6,29
210000349,11,10,1
210000350,32,52,-20
210000351,30,90,-60
210000352,18,78,-60
210000353,12,102,-90
210000354,31,93,-62
210000355,9,70,-61
210000356,4,30,-26
210000357,9,8,1
210000358,177,55,122
210000359,36,21,15
210000360,68,41,27
210000361,47,43,4
210000362,46,64,-18
210000363,250,36,214
210000364,22,16,6
210000365,14,13,1
210000366,20,9,11
210000367,9,4,5
210000368,19,5,14
210000369,5,11,-6
210000370,12,21,-9
210000372,13,9,4
210000373,4,8,-4
210000374,15,2,13
210000375,16,88,-72
210000376,29,84,-55
210000404,102,104,-2
210000439,5,14,-9
210000472,37,0,37
210000482,23,20,3
210000564,270,32,238
210000567,0,9,-9
210000568,112,0,112
211000092,17,64,-47
211000094,7,4,3
211000169,88,4,84
211000172,2,174,-172
211000209,0,7,-7
211000226,7,5,2
211000270,3,5,-2
211000275,11,28,-17
211000276,28,16,12
211000279,1,34,-33
211000281,11,55,-44
211507980,0,15,-15
211977296,1,3,-2
212000003,30,27,3
212000004,7,23,-16
212000005,0,19,-19
212000006,4,71,-67
212000008,68,307,-239
212000009,11,175,-164
212000012,13,84,-71
212000013,7,49,-42
212000014,146,166,-20
212000015,129,214,-85
212000016,271,507,-236
212000027,230,208,22
212000028,91,109,-18
212000029,41,86,-45
212000030,14,26,-12
212000031,21,47,-26
212000048,21,71,-50
212000049,13,36,-23
212000050,9,12,-3
212000051,82,188,-106
212000052,83,400,-317
212000053,240,645,-405
212000054,51,74,-23
212000055,59,141,-82
212000056,0,7,-7
212000057,0,7,-7
212000058,55,13,42
212000070,73,380,-307
212000077,97,725,-628
212000099,85,107,-22
212000108,53,85,-32
212000111,65,75,-10
212000120,88,130,-42
212000138,37,7,30
212000156,5,135,-130
212000158,1,3,-2
212000159,109,47,62
212000160,181,111,70
212000161,5,5,0
212000310,11,48,-37
212000311,0,15,-15
212000374,7,13,-6
213000001,20,579,-559
213000005,81,27,54
213000006,396,36,360
213000007,10,1,9
213000009,53,24,29
213000010,24,38,-14
213000011,26,19,7
213000012,85,258,-173
213000014,11,0,11
213000015,11,6,5
213000016,16,0,16
213000017,2,0,2
213000018,0,195,-195
213000019,0,137,-137
213000020,59,311,-252
213000021,0,89,-89
213000023,0,0,0
213000033,131,426,-295
213000034,116,89,27
213000035,19,25,-6
213000045,47,194,-147
213000046,60,141,-81
213000047,409,408,1
213000056,6,0,6
213000069,8,0,8
213000073,1,12,-11
213000074,80,448,-368
213000075,16,0,16
213000076,1,0,1
213000085,5,24,-19
213000086,26,194,-168
213000091,0,0,0
213000092,0,0,0
213000099,88,530,-442
213000100,188,9,179
213000101,6,116,-110
213000102,9,444,-435
213000103,113,573,-460
213000104,33,484,-451
213000105,1,49,-48
213000106,5,270,-265
213000107,46,783,-737
213000108,23,553,-530
213000109,1,225,-224
213000110,2,34,-32
213000111,1,61,-60
213000112,98,132,-34
213000115,0,0,0
213000116,53,545,-492
213000117,5,746,-741
213000118,100,175,-75
213000119,39,649,-610
213000120,20,753,-733
213000122,129,719,-590
213000123,621,1079,-458
213000124,51,1405,-1354
213000125,0,0,0
213000126,34,73,-39
213000127,150,91,59
213000128,692,377,315
213000129,0,0,0
213000130,14,4,10
213000132,6,2,4
213000133,2,1,1
213000134,42,10,32
213000136,77,5,72
213000137,129,15,114
213000139,32,2,30
213000147,1,0,1
213000148,2,2,0
213000149,0,1,-1
213000150,2,66,-64
213000151,0,54,-54
213000152,0,81,-81
213000153,1,50,-49
213000154,7,205,-198
213000155,25,385,-360
213000156,29,494,-465
213000157,513,522,-9
213000158,138,574,-436
213000159,166,183,-17
213000163,41,5,36
213000165,105,4,101
213000171,0,133,-133
213000172,2,372,-370
213000173,1,340,-339
213000174,0,305,-305
213000175,4,127,-123
213000176,0,0,0
213000177,0,0,0
213000178,0,0,0
213000179,0,0,0
213000180,0,0,0
213000184,44,438,-394
213000188,45,20,25
213000189,72,8,64
213000190,230,411,-181
213000191,43,369,-326
213000192,42,515,-473
213000193,1336,166,1170
213000194,2,23,-21
213000195,9,386,-377
213000196,68,590,-522
213000197,59,23,36
213000198,2,0,2
213000200,82,1039,-957
213000201,98,61,37
213000202,3,567,-564
213000203,895,79,816
213000204,76,6,70
213000205,34,5,29
213000206,31,5,26
213000207,6,1,5
213000208,1,1,0
213000209,2,0,2
213000210,11,1,10
213000211,1,4,-3
213000212,2,11,-9
213000213,0,28,-28
213000218,77,727,-650
213000219,8,0,8
213000220,8,0,8
213000223,78,20,58
213000224,5,8,-3
213000225,14,1,13
213000226,6,0,6
213000227,100,20,80
213000228,32,14,18
213000229,46,3,43
213000230,35,1,34
213000232,24,269,-245
213000233,6,18,-12
213000234,2,20,-18
213000293,2,33,-31
213000294,10,2,8
213000295,2,27,-25
213000296,24,7,17
213000297,4,54,-50
213000298,8,69,-61
213000299,34,11,23
213000300,1,1,0
213000303,0,14,-14
213000304,0,4,-4
213000305,0,5,-5
213000306,19,14,5
213000307,18,38,-20
213000308,50,226,-176
213000309,34,8,26
213000310,68,5,63
213000311,229,564,-335
213000315,24,113,-89
213000316,26,29,-3
213000322,16,145,-129
213000323,10,58,-48
213000324,10,89,-79
213000325,5,98,-93
213000326,22,44,-22
213000327,3,66,-63
213000328,2,90,-88
213000329,30,28,2
213000340,61,935,-874
213000341,11,1,10
213000346,25,12,13
213000347,288,15,273
213000348,1,107,-106
213000349,3,6,-3
213000350,112,1580,-1468
213000366,11,221,-210
213000367,35,8,27
213000379,35,79,-44
213000386,1,155,-154
213000406,48,295,-247
213000417,288,113,175
213000425,43,40,3
213000426,22,51,-29
213000427,4,422,-418
213000428,6,205,-199
213000429,2,0,2
213000430,27,812,-785
213000431,40,2,38
213000432,0,8,-8
213000433,1,119,-118
213000434,21,38,-17
213000435,26,45,-19
213000436,1,56,-55
213000437,0,42,-42
213000438,36,60,-24
213000439,10,5,5
213000440,0,130,-130
213000441,1,0,1
213000442,1,43,-42
213000443,146,125,21
213000444,9,87,-78
213000445,0,82,-82
213000446,0,4,-4
213000447,1,6,-5
213000448,0,21,-21
213000449,30,0,30
213000450,5,21,-16
213000451,14,27,-13
213000452,0,5,-5
213000453,20,185,-165
213000455,18,0,18
213000456,0,63,-63
213000481,12,1,11
213000482,37,1,36
213000489,192,13,179
213000491,0,58,-58
213000492,9,0,9
213000493,0,21,-21
213000494,23,7,16
213000495,0,109,-109
213000496,8,4,4
213000497,14,364,-350
213000498,41,283,-242
213000499,56,797,-741
213000500,22,8,14
213000501,4,1,3
213000502,23,8,15
213000503,0,54,-54
213000504,3,178,-175
213000505,0,1,-1
213000506,0,26,-26
213000507,4,157,-153
213900016,0,11,-11
213900244,0,0,0
213900245,0,31,-31
218000003,12,14,-2
218000004,6,15,-9
218000005,3,8,-5
218000006,12,54,-42
218000007,7,19,-12
218000012,201,63,138
218000013,62,107,-45
218000014,368,232,136
218000019,688,314,374
218000020,233,339,-106
218000021,36,118,-82
218000022,11,86,-75
218000023,2,74,-72
218000024,0,32,-32
218000025,9,50,-41
218000026,19,135,-116
218000027,3,28,-25
218000028,2,13,-11
218000029,0,10,-10
218000030,23,64,-41
218000031,6,105,-99
218000032,0,51,-51
218000040,7,4,3
218000046,28,142,-114
218000047,5,200,-195
218000048,16,211,-195
218000049,61,174,-113
218000050,220,362,-142
218000051,41,383,-342
218000052,0,55,-55
218000053,1,8,-7
218000054,10,31,-21
218000055,1,31,-30
218000056,6,35,-29
218000057,0,23,-23
218000064,0,0,0
218000065,68,52,16
218000066,18,51,-33
218000067,10,70,-60
218000068,35,104,-69
218000069,55,198,-143
218000070,97,309,-212
218000071,120,200,-80
218000072,382,269,113
218000078,345,1308,-963
218000079,39,36,3
218000080,44,62,-18
218000081,125,180,-55
218000082,10,103,-93
218000083,13,77,-64
218000084,83,249,-166
218000085,126,591,-465
218000086,17,226,-209
218000087,125,285,-160
218000090,13,44,-31
218000091,339,195,144
218000092,50,115,-65
218000093,52,125,-73
218000094,343,730,-387
218000099,323,294,29
218000100,132,226,-94
218000101,120,138,-18
218000102,104,224,-120
218000103,37,211,-174
218000104,20,63,-43
218000105,13,11,2
218000106,6,10,-4
218000107,31,92,-61
218000108,3,45,-42
218000112,19,5,14
218000117,35,63,-28
218000134,323,783,-460
218000135,9,83,-74
218000136,83,46,37
218000137,46,205,-159
218000138,1,77,-76
218000139,21,274,-253
218000140,59,140,-81
218000141,15,32,-17
218000142,61,111,-50
218000143,16,118,-102
218000144,5,41,-36
218000145,115,339,-224
218000146,17,71,-54
218000151,12,16,-4
218000152,35,108,-73
218000153,3,9,-6
218000154,5,1,4
218000155,7,3,4
218000156,40,34,6
218000157,7,31,-24
218000158,0,12,-12
218000159,2,7,-5
218000160,7,5,2
218000161,22,10,12
218000162,38,12,26
218000163,5,3,2
218000164,48,23,25
218000165,47,55,-8
218000170,2,34,-32
218000171,26,15,11
218000172,7,12,-5
218000173,35,27,8
218000174,7,12,-5
218000176,97,23,74
218000177,395,105,290
218000178,118,54,64
218000179,90,21,69
218000180,73,8,65
218000181,121,14,107
218000187,1,11,-10
218000188,6,28,-22
218000189,8,39,-31
218000190,2,18,-16
218000191,36,94,-58
218000192,53,598,-545
218000193,274,507,-233
218000194,31,412,-381
218000195,83,128,-45
218000196,167,220,-53
218000197,117,301,-184
218000198,1,120,-119
218000199,17,26,-9
218000200,7,21,-14
218000201,1,22,-21
218000202,123,144,-21
218000207,2,40,-38
218000208,20,44,-24
218000211,14,17,-3
218000212,2,16,-14
218000213,57,36,21
218000214,4,15,-11
218000215,66,155,-89
218000217,3,111,-108
218000218,442,86,356
218000219,9,5,4
218000220,44,256,-212
218000221,106,94,12
218000222,14,18,-4
218000223,33,202,-169
218000224,2,119,-117
218000225,183,38,145
218000226,58,90,-32
218000230,0,0,0
218000232,25,47,-22
218000239,0,0,0
218000240,0,0,0
218000241,0,0,0
218000242,0,0,0
218000243,0,0,0
218000244,0,0,0
218000245,0,0,0
218000246,0,0,0
218000247,0,0,0
218000248,0,33,-33
218000249,0,0,0
218000250,0,13,-13
218000251,1,15,-14
218000252,0,23,-23
218000253,0,8,-8
218000254,0,5,-5
218000255,1,5,-4
218000256,2,41,-39
218000267,795,837,-42
218000268,4,52,-48
218000269,0,9,-9
218000270,33,126,-93
218000271,15,89,-74
218000273,11,7,4
218000274,2,15,-13
218000275,14,28,-14
218000276,5,46,-41
218000278,11,32,-21
218000279,16,103,-87
218000280,1,36,-35
218000281,2,30,-28
218000282,150,72,78
218000284,61,7,54
218000301,21,129,-108
218000302,42,31,11
218000303,4,36,-32
218000316,475,801,-326
218000317,425,1007,-582
218000318,231,754,-523
218000319,520,1480,-960
218000320,380,736,-356
218000338,4,31,-27
218000345,91,57,34
218000346,3,40,-37
218000459,84,401,-317
218000490,2,32,-30
218000501,23,15,8
218000502,10,125,-115
218000503,58,6,52
218000504,63,3,60
218000505,19,173,-154
218000506,40,107,-67
218000508,1,0,1
218000510,109,4,105
218000520,68,92,-24
218000521,4,49,-45
218000522,1,103,-102
218000523,1,0,1
218000524,24,64,-40
218000525,8,18,-10
218000526,9,78,-69
218000529,20,253,-233
218000530,7,12,-5
218000531,8,15,-7
218000532,3,27,-24
218000534,3,1,2
218000537,1,8,-7
218000538,107,126,-19
218000540,445,124,321
218000543,82,49,33
218000544,39,156,-117
218000545,20,53,-33
218000546,19,143,-124
218000547,33,111,-78
218000548,57,241,-184
218000549,193,61,132
218000550,221,755,-534
218000551,133,165,-32
218000552,151,18,133
218000553,5,32,-27
218000554,29,26,3
218000555,15,36,-21
218000556,48,415,-367
218000557,134,59,75
218000558,1,0,1
218000559,0,6,-6
218000560,0,5,-5
218000561,0,0,0
218000562,20,154,-134
218000563,18,39,-21
218000564,6,107,-101
218000565,10,19,-9
218000566,43,7,36
218000567,1,33,-32
218000568,0,0,0
218000569,5,47,-42
218000570,9,1,8
218000571,1,57,-56
218000572,0,0,0
218000573,3,11,-8
218000574,5,21,-16
218000575,0,0,0
218000576,0,40,-40
218000577,0,0,0
218000578,2,67,-65
218000579,92,3,89
218000581,1,90,-89
218000582,7,5,2
218000583,8,0,8
218000584,0,25,-25
218000585,5,3,2
218000586,4,47,-43
218000587,0,2,-2
218000588,0,0,0
218000589,0,2,-2
218000590,0,0,0
218000591,0,15,-15
218000592,0,1,-1
218000593,0,0,0
218000594,0,4,-4
218000595,0,0,0
218000596,0,0,0
218000597,0,0,0
218000598,0,0,0
218000599,0,0,0
218000600,0,1,-1
218000601,0,0,0
218000602,0,2,-2
218000603,0,1,-1
218000604,2,0,2
218000605,0,15,-15
218000606,13,0,13
218000607,3,23,-20
218000608,3,8,-5
218000609,2,36,-34
218000610,6,2,4
218000611,0,7,-7
218000612,0,35,-35
218000613,6,0,6
218000614,0,55,-55
218000615,17,1,16
218000616,0,159,-159
218000617,5,1,4
218000618,0,20,-20
218000619,9,9,0
218000620,0,23,-23
218000621,0,2,-2
218000622,0,3,-3
218000623,1,0,1
218000624,0,5,-5
218000625,2,0,2
218000626,0,8,-8
218000628,25,6,19
218000631,0,6,-6
218000632,0,48,-48
218000633,0,0,0
218000634,1,16,-15
218000635,4,8,-4
218000636,492,1436,-944
218000637,392,475,-83
218000638,21,28,-7
218000639,14,346,-332
218000640,23,6,17
218000641,12,448,-436
218000652,113,172,-59
218000653,138,119,19
218000663,1,83,-82
218000675,4,12,-8
218000676,1,45,-44
218000677,7,15,-8
218000680,72,540,-468
218000681,20,10,10
218000691,45,416,-371
218000693,1,2,-1
218000703,12,124,-112
218000718,173,228,-55
218000719,102,15,87
218000720,2,8,-6
218000721,2,6,-4
218000725,9,16,-7
218001214,25,40,-15
218001258,8,1,7
218001329,0,0,0
218001330,75,72,3
218001351,0,0,0
218001352,5,6,-1
218001353,1,0,1
218001354,2,9,-7
218001356,64,4,60
218001358,32,1,31
218001361,20,13,7
219000001,12,51,-39
219000002,25,86,-61
219000003,75,33,42
219000004,92,50,42
219000017,38,9,29
219000020,53,12,41
219000022,39,3,36
219000023,36,1,35
219000029,0,108,-108
219000034,4,11,-7
219000039,27,73,-46
219000040,7,10,-3
219000041,72,26,46
219000051,0,93,-93
219000052,0,35,-35
219000053,1,260,-259
219000054,19,113,-94
219000055,32,3,29
219000056,0,1,-1
219000057,30,0,30
219000062,6,267,-261
219000063,26,14,12
219000064,3,22,-19
219000110,116,20,96
219000111,85,34,51
219000112,180,27,153
219000113,42,21,21
219000114,151,12,139
219000116,67,24,43
219000117,172,74,98
219000118,49,65,-16
219000123,172,58,114
219000124,17,27,-10
219000125,12,20,-8
219000126,21,75,-54
219000127,0,10,-10
219000128,20,89,-69
219000129,19,110,-91
219000130,1141,653,488
219000131,1380,886,494
219000133,78,32,46
219000134,10,23,-13
219000135,41,74,-33
219000136,187,157,30
219000138,27,28,-1
219000139,11,51,-40
219000140,15,0,15
219000141,6,136,-130
219000142,9,87,-78
219000143,10,88,-78
219000145,0,23,-23
219000146,4,65,-61
219000147,1,89,-88
219000148,0,113,-113
219000149,24,222,-198
219000150,2,171,-169
219000151,2,94,-92
219000157,132,105,27
219000158,89,250,-161
219000161,127,14,113
219000163,1170,311,859
219000166,41,131,-90
219000167,61,280,-219
219000168,157,25,132
219000174,76,40,36
219000175,49,2,47
219000176,33,4,29
219000177,3,0,3
219000178,6,0,6
219000179,14,7,7
219000180,34,25,9
219000182,5,2,3
219000183,2,51,-49
219000184,11,0,11
219000185,0,111,-111
219000186,2,66,-64
219000187,2,137,-135
219000189,104,128,-24
219000190,151,180,-29
219000191,1059,554,505
219000192,124,139,-15
219000193,589,174,415
219000195,0,36,-36
219000196,4,103,-99
219000198,6,159,-153
219000199,52,217,-165
219000200,27,239,-212
219000201,81,296,-215
219000203,8,127,-119
219000204,42,161,-119
219000205,34,205,-171
219000207,125,187,-62
219000209,18,87,-69
219000210,31,121,-90
219000213,7,260,-253
219000239,98,154,-56
219000240,87,224,-137
219000241,23,252,-229
219000242,23,186,-163
219000243,23,303,-280
219000244,1,110,-109
219000245,9,30,-21
219000246,13,6,7
219000247,21,8,13
219000248,217,58,159
219000249,42,10,32
219000250,16,6,10
219000251,146,14,132
219000252,0,0,0
219000253,0,0,0
219000255,12,36,-24
219000256,24,49,-25
219000257,0,0,0
219000262,25,341,-316
219000263,24,230,-206
219000267,1,115,-114
219000268,0,6,-6
219000269,14,2,12
219000270,8,1,7
219000271,113,5,108
219000278,1,9,-8
219000279,0,10,-10
219000283,0,6,-6
219000295,14,115,-101
219000296,52,535,-483
219000297,13,113,-100
219000298,12,256,-244
219000299,122,12,110
219000300,16,380,-364
219000301,97,305,-208
219000302,11,199,-188
219000307,19,55,-36
219000308,45,17,28
219000311,28,15,13
219000312,113,6,107
219000313,43,13,30
219000314,107,464,-357
219000315,11,7,4
219000316,84,5,79
219000317,10,0,10
219000320,0,54,-54
219000321,0,27,-27
219000323,6,94,-88
219000325,0,32,-32
219000326,65,120,-55
219000327,55,46,9
219000328,20,68,-48
219000329,347,78,269
219000330,13,29,-16
219000331,20,33,-13
219000332,32,29,3
219000333,9,9,0
219000335,15,0,15
219000337,0,0,0
219000338,0,0,0
219000344,26,60,-34
219000345,78,147,-69
219000346,35,143,-108
219000348,61,157,-96
219000349,11,283,-272
219000350,43,57,-14
219000351,0,4,-4
219000352,155,46,109
219000353,59,44,15
219000354,83,90,-7
219000355,31,31,0
219000356,1409,265,1144
219000363,297,45,252
219000364,80,32,48
219000365,74,20,54
219000366,389,169,220
219000368,396,195,201
219000370,737,117,620
219000371,3,10,-7
219000382,4,13,-9
219000383,600,473,127
219000385,547,464,83
219000386,975,1043,-68
219000387,0,5,-5
219000390,13,0,13
219000391,2,0,2
219000397,62,115,-53
219000398,106,20,86
219000401,2,67,-65
219000402,8,101,-93
219000403,52,85,-33
219000404,17,47,-30
219000407,0,23,-23
219000409,0,0,0
219000410,0,0,0
219000411,0,0,0
219000446,211,402,-191
219000447,0,8,-8
219000448,0,0,0
219000452,43,40,3
219000453,30,86,-56
219000454,241,131,110
219000556,23,3,20
219000558,37,313,-276
219000590,14,160,-146
219000591,11,6,5
219000592,90,370,-280
219000595,3,26,-23
219000635,8,4,4
219000636,14,100,-86
219000657,12,11,1
219000658,8,38,-30
219000673,0,31,-31
219000676,0,1,-1
219000679,18,15,3
219000684,19,2,17
219000685,0,104,-104
219000686,3,0,3
219000688,1,126,-125
219000689,74,128,-54
219000690,0,0,0
219000691,64,66,-2
219000692,4,18,-14
219000693,0,33,-33
219000694,2,0,2
219000695,3,3,0
219000698,0,0,0
219000699,0,21,-21
219000727,3,158,-155
219000728,135,1,134
219000770,0,0,0
219000771,1,25,-24
219000788,217,191,26
219001150,1,16,-15
219001151,0,4,-4
219001166,0,0,0
219001167,2,64,-62
219001178,25,0,25
220000001,5,29,-24
220000002,12,167,-155
220000003,256,307,-51
220000004,422,563,-141
220000005,1229,1414,-185
220000006,108,738,-630
220000007,139,893,-754
220000008,108,1082,-974
220000009,138,506,-368
220000010,34,115,-81
220000011,456,756,-300
220000012,53,60,-7
220000014,30,74,-44
220000015,12,59,-47
220000017,22,299,-277
220000018,3322,418,2904
220000019,35,153,-118
220000020,54,216,-162
220000021,232,156,76
220000022,296,413,-117
220000023,76,122,-46
220000024,1257,288,969
220000025,938,325,613
220000026,176,104,72
220000027,8,64,-56
220000028,26,37,-11
220000029,45,132,-87
220000030,39,86,-47
220000031,120,185,-65
220000064,5,547,-542
221000046,4,0,4
221000047,0,0,0
221000048,0,4,-4
221000049,0,11,-11
221000050,9,1,8
221000055,39,45,-6
221000057,27,5,22
221000068,232,61,171
221000069,103,38,65
221000070,90,14,76
221000071,29,2,27
221000072,83,12,71
221000073,68,26,42
221000074,0,14,-14
221000075,7,22,-15
221000076,12,45,-33
221000077,14,105,-91
221000081,11,5,6
221000082,30,2,28
221000083,12,2,10
221000084,3,1,2
221000085,10,66,-56
221000086,13,197,-184
221000087,7,204,-197
221000088,19,148,-129
221000089,15,206,-191
221000090,164,328,-164
221000098,73,19,54
221000099,149,10,139
221000100,38,5,33
221000101,159,8,151
221000102,74,14,60
221000109,6,114,-108
221000110,5,162,-157
221000111,8,163,-155
221000112,3,112,-109
221000113,15,196,-181
221000114,8,192,-184
221000120,8,36,-28
221000121,1,13,-12
221000122,9,4,5
221000123,4,34,-30
221000124,9,432,-423
221000155,38,4,34
221000156,10,8,2
221000175,0,0,0
221000176,1,2,-1
221000182,14,2,12
221000241,420,124,296
221000242,281,255,26
221000243,232,76,156
221000244,137,238,-101
221000245,31,55,-24
221000246,18,195,-177
221000247,27,99,-72
221000248,25,189,-164
221000267,22,484,-462
221000325,41,57,-16
221000331,1,86,-85
221000338,0,6,-6
221000378,45,34,11
221000381,38,130,-92
222000282,0,0,0
222000296,0,9,-9
222000568,83,2,81
222000569,29,6,23
222000570,24,0,24
222000571,30,2,28
222000577,3,234,-231
222000578,8,161,-153
222000579,22,104,-82
222000580,94,681,-587
222000599,1,130,-129
222000600,2,219,-217
222000601,10,703,-693
222000603,5,10,-5
222000604,2,11,-9
222000605,3,7,-4
222000606,0,10,-10
222000607,0,3,-3
222000608,4,27,-23
222000609,34,375,-341
222000616,0,1,-1
222000617,0,0,0
222000618,0,0,0
222000620,0,0,0
222000621,0,0,0
222000623,0,0,0
222000624,0,0,0
222000625,0,40,-40
222000636,13,1,12
222000686,0,0,0
222000687,0,0,0
222001066,43,0,43
222001067,3,1,2
222001068,3,13,-10
222001069,8,17,-9
222001082,6,87,-81
222001083,1,69,-68
222001084,0,22,-22
222001085,0,223,-223
222001111,9,289,-280
222001112,52,8,44
222001313,0,0,0
222001314,2,59,-57
222001464,0,7,-7
222001465,8,85,-77
222001484,0,0,0
222001485,11,91,-80
222001494,15,17,-2
222001495,47,334,-287
222001496,8,8,0
222001497,28,615,-587
222001502,16,111,-95
222001503,0,0,0
222001504,8,247,-239
222001505,0,0,0
222001506,37,174,-137
222001507,0,0,0
222001510,0,0,0
222001511,19,361,-342
222001514,0,0,0
222001515,161,610,-449
222001518,0,0,0
222001519,40,440,-400
222001527,0,0,0
222001528,74,133,-59
222001529,0,0,0
222001530,29,214,-185
222001533,79,449,-370
222001534,0,0,0
222001535,9,12,-3
222001536,43,409,-366
222001537,0,0,0
222001538,34,491,-457
222001563,0,0,0
222001564,13,758,-745
222001568,7,62,-55
222001576,0,1,-1
222001579,0,14,-14
222001583,6,298,-292
222001584,1,1,0
222001596,314,1340,-1026
222001597,114,15,99
222001626,0,185,-185
222001650,0,40,-40
222001651,4,62,-58
222001914,0,0,0
222001915,54,155,-101
222001968,35,18,17
222001969,208,699,-491
222001970,11,106,-95
222001971,0,9,-9
222001972,0,38,-38
225000001,67,17,50
225000002,91,15,76
225000003,80,18,62
225000004,49,30,19
225000005,7,5,2
225000006,0,121,-121
225000007,3277,754,2523
225000010,57,1,56
225000011,142,155,-13
225000012,25,78,-53
225000013,7,33,-26
225000014,41,11,30
225000015,49,191,-142
225000021,51,18,33
225000027,153,347,-194
225000032,122,35,87
225000042,33,545,-512
225000049,14,51,-37
225000050,42,5,37
225000053,5,115,-110
225000058,35,22,13
225000067,59,230,-171
225000068,62,474,-412
225000069,111,443,-332
225000070,37,462,-425
225000071,17,279,-262
225000075,18,649,-631
225000076,28,69,-41
225000078,12,10,2
225000085,0,0,0
225000086,0,0,0
225000087,0,0,0
225000088,4,87,-83
225000089,303,342,-39
225000090,12,244,-232
225000091,37,213,-176
225000092,10,51,-41
225000093,58,437,-379
225000094,6,421,-415
225000095,162,464,-302
225000096,59,357,-298
225000098,133,57,76
225000099,74,36,38
225000100,63,49,14
225000104,9,305,-296
225000110,11,373,-362
225000111,92,920,-828
225000112,118,718,-600
225000113,56,427,-371
225000114,23,191,-168
225000115,2288,353,1935
225000116,144,10,134
225000117,93,42,51
225000118,151,19,132
225000119,6,16,-10
225000120,23,2,21
225000121,92,4,88
225000123,61,0,61
225000125,64,145,-81
225000126,487,80,407
225000127,649,145,504
225000128,95,104,-9
225000132,111,24,87
225000133,115,16,99
225000134,240,52,188
225000135,4,6,-2
225000136,48,10,38
225000137,41,18,23
225000138,203,11,192
225000143,91,122,-31
225000144,1,273,-272
225000145,0,0,0
225000146,9,125,-116
225000147,11,307,-296
225000148,2,193,-191
225000149,48,379,-331
225000151,29,231,-202
225000155,127,254,-127
225000156,83,362,-279
225000157,70,244,-174
225000158,27,415,-388
225000171,3,158,-155
225000180,11,1,10
225000181,0,26,-26
225000182,2,2,0
225000185,0,206,-206
225000187,44,358,-314
225000191,0,0,0
225000194,0,2,-2
225000208,1,38,-37
225000209,0,0,0
225000210,3,138,-135
225000217,0,10,-10
225000218,1,0,1
225000223,1,30,-29
225000224,4,0,4
225000225,0,3,-3
225000226,14,0,14
225000227,25,46,-21
225000228,0,1,-1
225000229,0,47,-47
225000230,2,0,2
225000231,3,79,-76
225000232,16,1,15
225000241,3,0,3
225000242,0,23,-23
225000249,0,1,-1
225000250,23,755,-732
225000251,163,10,153
225000254,0,1,-1
225000256,0,2,-2
225000257,0,5,-5
226000042,247,397,-150
226000043,22,191,-169
226000044,55,637,-582
226000045,65,504,-439
226000046,135,36,99
226000047,119,58,61
226000048,154,31,123
226000049,99,60,39
226000070,0,44,-44
226000071,0,51,-51
226000072,0,9,-9
226000073,0,5,-5
226000074,1,5,-4
226000084,6,64,-58
226000085,1,6,-5
226000086,0,23,-23
226000087,0,24,-24
226000088,47,4,43
226000090,97,15,82
226000091,11,3,8
226000092,0,0,0
226000093,2,0,2
226000094,2,1,1
226000095,6,1,5
226000105,1,0,1
226000106,3,0,3
226000107,3,0,3
226000108,15,0,15
226000109,45,1,44
226000124,99,32,67
226000134,239,184,55
226000135,510,360,150
226000136,75,136,-61
226000137,7,357,-350
226000138,6,289,-283
226000139,0,31,-31
226000156,44,1,43
226000157,112,8,104
226000163,14,50,-36
226000202,0,332,-332
226000231,82,4,78
226000232,17,4,13
227000033,160,42,118
227000036,104,9,95
227000037,83,9,74
227000038,60,13,47
227000084,1,21,-20
227000085,0,20,-20
227000088,11,3,8
227000089,34,1,33
227000090,10,1,9
227000091,1,1,0
227000092,8,0,8
227000093,19,1,18
227000094,24,20,4
227000130,11,61,-50
227000131,8,261,-253
227000132,12,293,-281
227000133,7,255,-248
227000134,6,376,-370
227000152,1,3,-2
227000153,0,45,-45
227000154,0,12,-12
227000155,1,14,-13
227000156,0,16,-16
227000165,0,33,-33
227000196,56,300,-244
227000199,20,503,-483
227000230,38,501,-463
227000232,20,0,20
227000242,58,376,-318
227000243,379,49,330
227000245,11,331,-320
227000246,53,357,-304
227000247,171,74,97
227000248,86,32,54
227000249,14,198,-184
227000250,268,110,158
227000251,74,208,-134
227000252,12,356,-344
227000253,35,36,-1
227000262,212,9,203
227000266,39,2,37
227000267,15,2091,-2076
227000282,18,224,-206
227000284,50,0,50
227000286,8,112,-104
227000287,15,185,-170
227000291,19,602,-583
227000296,127,128,-1
227000484,105,1,104
227000485,23,569,-546
227000655,5,2,3
227000656,160,2,158
227000657,9,19,-10
227000661,7,1,6
229000265,0,15,-15
229000296,1,7,-6
229000297,3,22,-19
229000298,2,53,-51
229000320,0,0,0
229000321,1,2,-1
229000412,0,45,-45
229000414,2,36,-34
229000415,2,1,1
229000416,0,4,-4
229000417,0,7,-7
229000419,53,188,-135
229000440,106,33,73
229000442,1,2,-1
229000443,0,1,-1
229000444,0,22,-22
229000445,6,3,3
229000446,11,11,0
229000491,3,63,-60
229000492,17,199,-182
229000493,7,181,-174
229000494,33,39,-6
229000495,138,112,26
229000496,16,125,-109
229000507,0,40,-40
229000508,2,28,-26
229000509,2,65,-63
229000510,6,52,-46
229000511,5,105,-100
229000512,0,67,-67
229000513,0,8,-8
229000514,0,6,-6
229000517,1,14,-13
229000518,14,42,-28
229000519,0,12,-12
229000520,8,72,-64
229000521,25,86,-61
229000522,1,34,-33
229000523,4,25,-21
229000524,7,20,-13
229000527,3,1,2
229000528,3,4,-1
229000529,9,1,8
229000530,95,30,65
229000531,20,24,-4
229000532,20,14,6
229000533,228,69,159
229000534,81,20,61
229000564,80,22,58
229000565,18,3,15
229000566,0,41,-41
229000567,0,164,-164
229000582,458,38,420
229000583,5,22,-17
229000584,0,54,-54
229000585,8,60,-52
229000718,0,0,0
229000719,0,0,0
229000720,0,19,-19
229000721,0,17,-17
229000722,0,54,-54
229000723,0,32,-32
229000724,0,2,-2
229000725,0,1,-1
229000738,12,2,10
229000739,0,1,-1
229000740,10,1,9
229000741,46,0,46
229000742,31,0,31
229000743,40,1,39
229000744,7,0,7
229000745,1,0,1
229000746,80,0,80
229000847,19,2,17
229000848,13,0,13
229000849,135,2,133
229000851,5,0,5
229000854,1,66,-65
229000856,4,139,-135
229000857,2,53,-51
229000858,0,166,-166
229000919,8,92,-84
229000930,2,181,-179
229000937,177,26,151
229000966,55,22,33
229000981,9,50,-41
229000985,2,16,-14
229000986,0,8,-8
229000987,0,1,-1
229000988,0,3,-3
229000989,1,1,0
229000990,0,0,0
229000991,0,1,-1
229000992,3,5,-2
229000993,70,5,65
229000998,8,12,-4
229000999,30,3,27
229001034,0,6,-6
229001035,1,0,1
229001037,8,8,0
229001042,8,6,2
229001047,0,18,-18
229001050,12,27,-15
229001168,0,4,-4
229001200,2,0,2
229001338,0,26,-26
229001394,281,5,276
229001422,226,48,178
229001423,28,149,-121
229001431,100,56,44
229001432,27,85,-58
229001444,47,8,39
229001445,5,177,-172
229001479,8,14,-6
229001503,143,79,64
229001504,77,164,-87
229001505,157,63,94
229001506,36,194,-158
229001509,10,17,-7
229001545,78,23,55
229001546,7,95,-88
229001553,46,22,24
229001554,12,103,-91
229001630,37,3,34
229001631,5,20,-15
229001635,0,2,-2
229001636,0,0,0
229001658,1,50,-49
229001659,151,7,144
229001660,0,2,-2
229001661,0,16,-16
229001662,39,0,39
229001663,0,12,-12
229002584,49,44,5
229002831,69,39,30
229002841,0,26,-26
229002842,0,8,-8
229002843,8,11,-3
229002844,9,69,-60
229002845,3,57,-54
229002846,2,6,-4
229002847,1,18,-17
229002848,0,0,0
229002849,0,41,-41
229002850,0,0,0
229002851,2,56,-54
229002852,10,10,0
229002853,11,4,7
229002854,5,57,-52
229002855,2,79,-77
229002856,7,1,6
229002857,3,24,-21
229002858,2,4,-2
229002859,8,21,-13
229002860,1,2,-1
229002861,22,6,16
229002862,0,23,-23
229002863,3,26,-23
229002864,3,17,-14
229002865,0,8,-8
229002866,0,6,-6
229002867,0,13,-13
229002868,1,0,1
229002869,1,106,-105
229002870,2,1,1
235000066,133,70,63
235000067,32,112,-80
235000072,37,43,-6
235000073,76,208,-132
235000074,17,92,-75
235000080,2,48,-46
235000081,77,163,-86
235000082,30,33,-3
235000083,37,45,-8
235000084,4,21,-17
235000085,37,21,16
235000089,8,38,-30
235000092,26,184,-158
235000093,3,2,1
235000097,2,2,0
235000098,22,23,-1
235000099,7,16,-9
235000116,15,18,-3
235000117,437,4,433
235000133,13,196,-183
235000134,3,49,-46
235000206,6,1,5
235000207,3,0,3
235000208,1,0,1
235000209,1,0,1
235000210,0,6,-6
235000212,0,11,-11
235000213,0,3,-3
235000220,0,4,-4
235000221,9,12,-3
235000238,2,9,-7
235000239,0,2,-2
235000242,144,118,26
235000245,947,196,751
235000246,6,58,-52
235000284,4,70,-66
235000295,0,0,0
235000305,0,0,0
235000306,0,0,0
235000307,0,0,0
235000308,0,0,0
235000309,0,0,0
235000310,0,0,0
235000311,0,4,-4
235000322,0,16,-16
235000323,0,42,-42
235000324,0,6,-6
235000325,0,9,-9
235000326,6,248,-242
235000351,0,34,-34
235000352,2,43,-41
235000353,2,36,-34
235000354,1,35,-34
235000355,5,66,-61
235000356,0,0,0
235000357,0,0,0
235000358,0,0,0
235000359,0,0,0
235000360,0,0,0
235000361,0,0,0
235000381,38,248,-210
235000382,60,31,29
235000390,12,6,6
235000391,61,13,48
235000392,62,120,-58
235000393,43,50,-7
235000395,54,23,31
235000396,108,47,61
235000400,12,7,5
235000401,11,182,-171
235000405,36,516,-480
235000406,12,364,-352
235000407,52,115,-63
235000409,197,167,30
235000410,22,164,-142
235000411,0,80,-80
235000485,0,8,-8
235000486,1,0,1
235000549,23,27,-4
235000550,50,187,-137
235000599,59,144,-85
235000600,7,5,2
235000601,8,17,-9
235000602,30,74,-44
235000614,0,3,-3
235000648,0,38,-38
235000649,8,0,8
235000685,1,0,1
235000815,3,20,-17
235000834,0,2,-2
235000855,24,23,1
235000862,19,227,-208
235000891,0,11,-11
235000892,3,3,0
235000901,133,111,22
235000907,2,2,0
235001010,13,31,-18
235001029,613,344,269
235001030,556,109,447
235001078,32,53,-21
235001079,40,126,-86
235001147,2,32,-30
235001166,40,16,24
235001167,9,92,-83
235001169,7,294,-287
235001188,0,8,-8
235001189,0,1,-1
235001197,0,2,-2
235001200,27,23,4
235001207,34,5,29
235001210,5,126,-121
235001215,8,137,-129
235001239,0,40,-40
235001244,0,3,-3
235016267,1,7,-6
277101746,0,34,-34
277102712,0,0,0
277103813,1,0,1
277103814,0,0,0
277103898,0,0,0
277104249,0,1,-1
277104250,0,3,-3
277104251,0,9,-9
277104252,0,0,0
990011530,3,281,-278
990014944,2,489,-487
990015176,3,4,-1
990015618,0,105,-105
990016032,0,317,-317
990032570,25,90,-65
990070001,0,1,-1
990070103,0,0,0
990070601,1,60,-59
990070751,43,0,43
990070766,2,954,-952
990071180,0,105,-105
990071343,0,0,0
990071387,0,1,-1
990071823,19,0,19
990072600,2,561,-559
990072964,5,627,-622
990073285,0,3,-3
990074393,5,979,-974
990074870,110,2,108
990075106,86,40,46
990075746,40,2,38
990076437,75,0,75
990076458,4,1071,-1067
997000007,33,2,31
997000041,0,82,-82
997000058,0,1,-1
997000062,1,0,1
997000069,0,3,-3
997000070,0,37,-37
997000100,26,22,4
997000141,0,25,-25
997000198,0,22,-22
998000475,1,19,-18
998000736,3,285,-282
998000965,0,1,-1
998001031,0,39,-39
998001700,1,32,-31
998001899,0,1,-1
998001900,4,3,1
998003073,22,2,20
998101900,0,0,0
998102850,0,77,-77
998501927,1,179,-178
998501929,59,0,59
998501930,49,1,48
998501931,13,7,6
998501932,18,0,18
998501933,0,2,-2
998501937,0,2,-2
998501944,0,0,0
998501970,29,20,9
998501971,1,57,-56
998501973,1,65,-64
998501974,1,196,-195
998501975,9,0,9
998501976,3,0,3
998501977,0,13,-13
998501978,0,0,0
998501979,0,7,-7
998501980,4,0,4
998501981,0,1,-1
998501982,0,101,-101
998501983,0,0,0
998502006,0,0,0
998502024,0,1,-1
998502032,0,3,-3
998502062,4,4,0
998502063,0,0,0
998502173,14,0,14
998502269,0,0,0
998601159,0,247,-247
998601292,1,21,-20
999033574,6,806,-800
999800001,0,1,-1
999800002,0,4,-4
999800003,0,1,-1
999800004,0,9,-9
999800005,0,4,-4
