ID,insum,outsum,diff
100000001,563,527,36
100000002,1386,708,678
100000003,10620,2087,8533
100000004,2153,640,1513
100000005,2590,2044,546
100000006,223,99,124
100000007,643,320,323
100000008,120,669,-549
100000009,185,156,29
100000010,5,33,-28
100000011,230,56,174
100000012,52,812,-760
100000013,12,228,-216
100000014,235,399,-164
100000015,811,663,148
100000016,1061,1473,-412
100000017,513,1324,-811
100000018,1432,505,927
100000019,6022,1716,4306
100000020,1852,2631,-779
100000021,8961,1715,7246
100000022,1190,620,570
100000023,6704,712,5992
100000025,3236,444,2792
100000028,1754,769,985
100000029,195,150,45
100000030,733,48,685
100000031,5204,3972,1232
100000032,3002,3325,-323
100000033,485,1737,-1252
100000034,933,239,694
100000035,1512,740,772
100000036,2647,874,1773
100000037,278,372,-94
100000038,720,832,-112
100000039,667,155,512
100000040,103,107,-4
100000041,319,312,7
100000042,316,269,47
100000043,326,279,47
100000044,315,794,-479
100000045,418,1574,-1156
100000046,492,1615,-1123
100000047,392,1039,-647
100000048,882,827,55
100000049,1565,3103,-1538
100000051,323,1290,-967
100000053,14,3,11
100000054,57,15,42
100000055,378,366,12
100000056,143,506,-363
100000057,1276,679,597
100000058,751,1574,-823
100000059,4,103,-99
100000060,201,344,-143
100000061,1029,466,563
100000062,1054,408,646
100000063,272,215,57
100000064,587,427,160
100000065,451,1715,-1264
100000066,173,1188,-1015
100000067,459,945,-486
100000068,403,1734,-1331
100000069,226,1880,-1654
100000072,475,1710,-1235
100000073,1120,1435,-315
100000075,371,355,16
100000076,2106,1710,396
100000077,733,36,697
100000078,167,29,138
100000079,58,31,27
100000080,6,2,4
100000081,22,18,4
100000102,1598,964,634
100000103,3122,929,2193
100000104,4888,1182,3706
100000105,3806,566,3240
100000106,2269,874,1395
100000107,435,218,217
100000108,922,1455,-533
100000109,3799,1313,2486
100000116,1310,449,861
100000117,19,25,-6
100000118,1346,689,657
100000119,368,592,-224
100000121,129,609,-480
100000122,574,814,-240
100000123,5197,4627,570
100000124,10894,4921,5973
100000125,4661,633,4028
100000126,790,274,516
100000127,1970,417,1553
100000128,878,1075,-197
100000129,650,546,104
100000130,407,648,-241
100000131,6279,3038,3241
100000132,3211,1354,1857
100000133,13737,3393,10344
100000135,249,531,-282
100000139,142,359,-217
100000140,164,389,-225
100000142,202,597,-395
100000143,1974,1288,686
100000144,4186,1148,3038
100000147,743,1563,-820
100000150,13,448,-435
100000151,531,290,241
100000153,371,244,127
100000154,110,43,67
100000155,18,15,3
100000156,70,88,-18
100000157,138,180,-42
100000158,27,82,-55
100000159,289,423,-134
100000165,875,842,33
100000169,530,201,329
100000174,1842,308,1534
100000179,62,607,-545
100000180,3263,1312,1951
100000181,86,419,-333
100000188,54,472,-418
100000189,572,288,284
100000190,348,234,114
100000191,420,447,-27
100000192,120,61,59
100000193,120,99,21
100000330,2286,354,1932
100000355,256,562,-306
100000362,5201,3748,1453
100000363,1624,2753,-1129
100000364,341,179,162
100000365,2857,4336,-1479
100000366,4112,2967,1145
100000367,1982,2832,-850
100000368,1930,1996,-66
100000369,708,1157,-449
100000370,196,321,-125
100000376,85,79,6
100000379,2143,1069,1074
100000380,2875,1293,1582
100000384,6049,1924,4125
100000385,5594,2835,2759
100000386,9536,2238,7298
100000387,7648,2677,4971
100000388,17128,3051,14077
100000389,13880,2783,11097
100000390,15300,2513,12787
100000391,9416,2872,6544
100000392,3361,1182,2179
100000393,1145,909,236
100000394,6450,2678,3772
100000395,3275,719,2556
100000396,4492,1745,2747
100000397,2187,981,1206
100000398,12540,8419,4121
100900002,3,44,-41
100900003,119,100,19
100900004,34,1307,-1273
100900005,44,4,40
100900006,3,245,-242
100900007,170,5,165
100900008,4,727,-723
100900009,35,29,6
100900010,47,157,-110
100900011,17,378,-361
100900012,2,361,-359
100900013,788,17,771
100900014,1,7,-6
100900015,139,82,57
100900016,0,61,-61
100900017,478,21,457
100900018,0,17,-17
100900019,9,98,-89
100900020,127,1,126
100900021,834,1,833
100900022,5,24,-19
100900023,0,27,-27
100900024,383,2,381
100900025,1,4,-3
100900026,33,184,-151
100900027,647,1993,-1346
100900028,46,144,-98
100900029,119,16,103
100900030,7,17,-10
100900031,218,37,181
100900032,62,0,62
100900033,207,65,142
100900034,151,1,150
100900035,322,1,321
100900036,16,0,16
100900037,17,357,-340
100900038,23,13,10
100900039,315,758,-443
100900040,87,1169,-1082
100900041,138,1353,-1215
100900042,193,121,72
100900043,0,0,0
100900044,2973,304,2669
100900045,33,0,33
100900046,845,2,843
100900047,829,68,761
100900048,25,24,1
100900049,37,248,-211
100900050,0,38,-38
100900051,32,53,-21
100900052,59,21,38
100900053,83,34,49
100900054,3,143,-140
100900055,133,140,-7
100900056,24,84,-60
100900057,439,247,192
100900058,125,26,99
100900059,35,0,35
100900060,47,6,41
100900061,211,259,-48
100900062,2,62,-60
100900063,109,353,-244
100900064,555,2,553
100900065,32,35,-3
100900066,29,39,-10
100900067,2,3,-1
100900068,52,142,-90
100900069,158,1,157
100900070,62,1,61
100900071,602,188,414
100900072,0,73,-73
100900073,57,592,-535
100900074,0,3,-3
100900075,3177,257,2920
100900076,29,20,9
100900077,4,133,-129
100900078,65,139,-74
100900079,2,36,-34
100900080,6,101,-95
100900081,11,50,-39
100900082,28,996,-968
100900083,0,46,-46
100900085,3,83,-80
100900086,47,595,-548
100900088,21,914,-893
100900089,0,29,-29
100900090,153,544,-391
100900091,0,18,-18
100900092,113,119,-6
100900093,55,323,-268
100900094,70,903,-833
100900095,6,28,-22
100900096,16,123,-107
100900097,0,3,-3
100900098,2,55,-53
100900099,21,569,-548
100900100,9,220,-211
100900101,282,11,271
100900102,142,20,122
100900103,2,28,-26
100900104,19,177,-158
100900105,2,70,-68
100900106,50,0,50
100900107,1744,325,1419
100900108,2,3,-1
100900109,4,39,-35
100900110,0,13,-13
100900111,87,109,-22
100900112,0,5,-5
100900113,0,18,-18
100900114,1,21,-20
100900115,0,13,-13
100900116,716,308,408
100900117,200,436,-236
100900118,1,43,-42
100900119,0,15,-15
100900120,0,19,-19
100900121,257,224,33
100900122,118,224,-106
100900123,16,114,-98
100900124,0,2,-2
100900125,8,69,-61
100900126,36,207,-171
100900127,2,5,-3
100900128,87,136,-49
100900129,2,86,-84
100900131,44,85,-41
100900133,16,55,-39
100900134,1,7,-6
100900135,1,104,-103
100900137,301,138,163
100900138,339,208,131
100900139,0,14,-14
100900140,7,1038,-1031
100900141,0,327,-327
100900142,0,2,-2
100900143,1268,241,1027
100900144,15,4,11
100900145,68,88,-20
100900146,14,5,9
100900147,7,329,-322
100900148,20,1300,-1280
100900149,10,42,-32
100900150,0,3,-3
100900151,51,542,-491
100900152,107,2,105
100900153,2,134,-132
100900154,3,13,-10
100900155,1,11,-10
100900156,16,3,13
100900157,2,133,-131
100900159,2,9,-7
100900160,3,9,-6
100900161,145,1,144
100900162,1,196,-195
100900163,143,245,-102
100900164,9,36,-27
100900165,15,71,-56
100900166,35,0,35
100900167,19,85,-66
100900168,22,107,-85
100900169,197,1591,-1394
100900170,4,4,0
100900171,13,949,-936
100900172,0,5,-5
100900173,4,672,-668
100900174,101,14,87
100900176,1140,37,1103
100900177,1117,134,983
100900178,139,170,-31
100900179,127,31,96
100900180,3,3,0
100900181,49,14,35
100900182,8,21,-13
100900184,0,109,-109
100900186,1248,549,699
100900187,3,217,-214
100900188,35,6,29
100900189,807,102,705
100900191,1231,675,556
100900192,200,92,108
100900195,46,210,-164
100900197,0,70,-70
100900198,15,206,-191
100900199,4,4,0
100900200,609,315,294
100900201,77,922,-845
100900202,0,3,-3
100900203,0,41,-41
100900204,713,187,526
100900205,100,317,-217
100900206,20,49,-29
100900207,76,37,39
100900210,43,802,-759
100900211,256,75,181
100900213,28,10,18
100900214,1169,81,1088
100900215,1,25,-24
100900217,56,45,11
101000001,4837,2401,2436
101000002,3330,2506,824
101000003,862,1914,-1052
101000004,11880,6045,5835
101000005,6381,4577,1804
101000006,9539,5964,3575
101000007,2481,2898,-417
101000008,3212,2770,442
101000009,1451,2670,-1219
101000010,693,1757,-1064
101000011,2489,815,1674
101000012,2033,428,1605
101000013,508,813,-305
101000014,450,562,-112
101000015,777,1017,-240
101000016,274,387,-113
101000017,453,485,-32
101000018,3859,2896,963
101000020,4740,997,3743
101000021,919,263,656
101000022,592,85,507
101000023,1677,924,753
101000025,105,382,-277
101000026,453,32,421
101000027,1348,1526,-178
101000028,740,161,579
101000029,33,800,-767
101000030,605,65,540
101000031,259,533,-274
101000032,4624,2306,2318
101000033,2786,1672,1114
101000034,2527,1130,1397
101000035,1190,458,732
101000036,1103,258,845
101000037,4459,876,3583
101000039,3867,791,3076
101000040,4856,1920,2936
101000041,12058,2445,9613
101000042,722,373,349
101000043,11021,2031,8990
101000045,1229,252,977
101000046,1988,995,993
101000047,1079,1350,-271
101000048,721,798,-77
101000049,1004,671,333
101000050,3998,2097,1901
101000051,6336,1133,5203
101000052,1613,530,1083
101000053,952,1865,-913
101000054,1969,1927,42
101000055,1983,770,1213
101000056,50,49,1
101000057,3729,598,3131
101000058,2145,543,1602
101000059,3952,1385,2567
101000060,2081,241,1840
101000061,1749,643,1106
101000062,1820,361,1459
101000063,507,243,264
101000064,1098,396,702
101000065,141,226,-85
101000066,242,154,88
101000067,575,402,173
101000068,217,147,70
101000069,281,93,188
101000070,2075,799,1276
101000071,1939,625,1314
101000072,1341,2838,-1497
101000073,945,310,635
101000074,5988,2085,3903
101000075,9464,3004,6460
101000077,1283,891,392
101000078,1076,1950,-874
101000079,438,1015,-577
101000080,731,788,-57
101000081,894,801,93
101000082,3307,2607,700
101000083,1632,1192,440
101000084,1221,1437,-216
101000085,1671,1116,555
101000086,1284,1110,174
101000087,916,1375,-459
101000088,744,879,-135
101000089,794,1391,-597
101000090,2783,1545,1238
101000091,249,1628,-1379
101000092,937,1336,-399
101000093,1512,751,761
101000094,452,1255,-803
101000095,200,906,-706
101000096,291,647,-356
101000097,241,245,-4
101000098,505,554,-49
101000099,1477,1200,277
101000100,968,521,447
101000101,337,441,-104
101000102,805,285,520
101000103,1009,585,424
101000104,215,310,-95
101000105,1127,165,962
101000106,526,333,193
101000107,95,294,-199
101000108,1619,395,1224
101000109,81,66,15
101000110,56,862,-806
101000111,157,170,-13
101000113,143,751,-608
101000114,2266,1203,1063
101000115,105,202,-97
101000116,261,169,92
101000117,100,272,-172
101000119,211,24,187
101000120,244,23,221
101000121,45,5,40
101000122,78,26,52
101000123,36,33,3
101000124,395,357,38
101000125,93,370,-277
101000128,1006,317,689
101000130,446,353,93
101000131,424,777,-353
101000132,219,2000,-1781
101000135,63,19,44
101000136,337,104,233
101000137,43,282,-239
101000141,2702,1046,1656
101000147,944,615,329
101000148,3073,39,3034
101000149,45,16,29
101000150,34,1588,-1554
101000151,41,114,-73
101000152,310,353,-43
101000153,802,503,299
101000154,95,2206,-2111
101000155,95,134,-39
101000156,11,192,-181
101000157,89,24,65
101000160,32,74,-42
101000163,151,60,91
101000164,447,322,125
101000165,228,332,-104
101000166,251,670,-419
101000168,574,283,291
101000252,660,562,98
101000254,416,13,403
101000258,86,11,75
101000261,155,139,16
101000262,547,905,-358
101000263,247,1612,-1365
101000265,36,598,-562
101000266,289,267,22
101000269,120,4,116
101000290,1647,2208,-561
101000293,4,154,-150
101000294,520,536,-16
101000295,166,491,-325
101000301,878,157,721
101000304,1713,2821,-1108
101000305,2372,1857,515
101900001,22,80,-58
101900002,0,37,-37
101900003,80,92,-12
101900004,3,30,-27
101900005,6234,801,5433
101900006,790,7,783
101900007,495,39,456
101900008,110,165,-55
101900009,34,202,-168
101900010,1017,332,685
101900011,324,568,-244
101900012,108,197,-89
101900013,1297,59,1238
101900017,25,92,-67
101900018,2312,119,2193
101900019,83,34,49
101900020,19,100,-81
101900021,0,22,-22
101900022,37,1800,-1763
101900023,37,290,-253
101900026,68,40,28
101900027,8,134,-126
102000001,1924,4165,-2241
102000002,3120,1478,1642
102000003,4222,4203,19
102000004,11099,2451,8648
102000005,1464,2169,-705
102000006,1899,1188,711
102000007,1635,4834,-3199
102000008,8762,1751,7011
102000009,6439,7499,-1060
102000010,8257,3346,4911
102000011,2067,2452,-385
102000012,3800,3916,-116
102000018,4081,2323,1758
102000019,2996,1146,1850
102000026,259,491,-232
102000029,610,193,417
102000030,90,234,-144
102000031,19,226,-207
102000032,218,388,-170
102000033,80,458,-378
102000034,583,379,204
102000035,1146,578,568
102000036,8,206,-198
102000037,164,77,87
102000038,61,100,-39
102000039,64,35,29
102000040,333,108,225
102000041,136,160,-24
102000042,103,53,50
102000043,166,207,-41
102000044,235,511,-276
102000045,622,1009,-387
102000046,761,453,308
102000047,690,1257,-567
102000048,148,741,-593
102000049,490,561,-71
102000050,896,1147,-251
102000051,246,461,-215
102000052,898,1062,-164
102000053,440,673,-233
102000054,242,656,-414
102000055,587,1095,-508
102000056,450,1701,-1251
102000057,1393,589,804
102000058,1334,2125,-791
102000059,986,1482,-496
102000060,982,1015,-33
102000061,996,3215,-2219
102000062,700,1606,-906
102000063,1193,1856,-663
102000064,538,666,-128
102000065,34,97,-63
102000066,948,1200,-252
102000067,2579,2597,-18
102000068,8796,2611,6185
102000069,40,1695,-1655
102000070,2683,76,2607
102000071,6825,10715,-3890
102000072,3393,5072,-1679
102000073,978,1426,-448
102000074,915,1031,-116
102000075,166,315,-149
102000076,167,503,-336
102000077,222,1698,-1476
102000078,520,1209,-689
102000079,86,418,-332
102000080,210,304,-94
102000081,466,1047,-581
102000082,958,338,620
102000083,147,664,-517
102000084,94,526,-432
102000085,1791,1457,334
102000086,1253,2275,-1022
102000087,563,2261,-1698
102000088,225,353,-128
102000089,711,695,16
102000090,337,1241,-904
102000091,1314,566,748
102000092,883,1023,-140
102000093,688,698,-10
102000094,1247,358,889
102000095,969,1566,-597
102000096,1970,664,1306
102000097,2003,1621,382
102000098,572,1466,-894
102000099,1117,478,639
102000100,768,802,-34
102000101,1156,296,860
102000102,277,1481,-1204
102000103,1307,255,1052
102000104,1247,406,841
102000105,161,982,-821
102000106,434,1144,-710
102000107,528,654,-126
102000108,426,374,52
102000109,259,747,-488
102000110,290,1951,-1661
102000111,35,387,-352
102000112,226,66,160
102000113,11,29,-18
102000114,1186,321,865
102000115,188,130,58
102000116,254,225,29
102000117,198,545,-347
102000118,1764,943,821
102000119,2782,478,2304
102000120,114,492,-378
102000121,654,562,92
102000122,296,789,-493
102000123,1404,1042,362
102000124,997,1073,-76
102000125,909,943,-34
102000126,560,794,-234
102000127,783,754,29
102000128,410,1175,-765
102000129,671,1146,-475
102000130,347,708,-361
102000131,1981,735,1246
102000132,921,490,431
102000133,1011,3144,-2133
102000134,306,816,-510
102000135,1383,647,736
102000136,1226,399,827
102000137,1334,789,545
102000138,342,583,-241
102000139,97,595,-498
102000140,377,302,75
102000141,396,750,-354
102000142,154,444,-290
102000143,56,551,-495
102000144,56,541,-485
102000145,218,407,-189
102000146,227,335,-108
102000147,329,305,24
102000148,162,295,-133
102000149,148,861,-713
102000150,144,272,-128
102000151,96,402,-306
102000152,82,141,-59
102000153,713,217,496
102000154,367,620,-253
102000155,90,233,-143
102000156,293,53,240
102000157,81,138,-57
102000158,355,268,87
102000159,1889,175,1714
102000161,5156,1259,3897
102000162,172,114,58
102000163,131,393,-262
102000164,1446,660,786
102000165,249,136,113
102000166,10,86,-76
102000167,120,176,-56
102000168,180,137,43
102000169,72,360,-288
102000170,821,103,718
102000171,164,80,84
102000172,28,206,-178
102000173,240,193,47
102000174,15,65,-50
102000175,119,270,-151
102000176,24,60,-36
102000178,182,686,-504
102000179,163,242,-79
102000180,364,857,-493
102000181,201,891,-690
102000182,333,875,-542
102000183,768,2210,-1442
102000184,819,1004,-185
102000185,1151,1786,-635
102000186,547,2145,-1598
102000187,496,2353,-1857
102000188,485,1906,-1421
102000189,3632,1122,2510
102000190,752,2519,-1767
102000191,1466,645,821
102000192,625,1153,-528
102000193,27,182,-155
102000194,48,169,-121
102000195,316,702,-386
102000196,75,642,-567
102000197,252,633,-381
102000198,85,1170,-1085
102000199,292,482,-190
102000200,133,1472,-1339
102000201,244,619,-375
102000202,0,141,-141
102000203,156,423,-267
102000204,197,1222,-1025
102000205,426,895,-469
102000206,368,873,-505
102000207,519,540,-21
102000208,186,697,-511
102000209,75,100,-25
102000210,147,721,-574
102000211,199,512,-313
102000212,73,21,52
102000213,0,497,-497
102000214,115,25,90
102000215,3,760,-757
102000216,18,21,-3
102000217,7,280,-273
102000218,117,50,67
102000219,382,456,-74
102000225,810,827,-17
102000226,7841,334,7507
102000227,49,0,49
102000228,0,135,-135
102000229,18,28,-10
102000230,242,740,-498
102000231,263,464,-201
102000232,9,161,-152
102000233,364,727,-363
102000234,82,1909,-1827
102000236,531,86,445
102000237,382,180,202
102000238,136,274,-138
102000240,790,552,238
102000241,269,94,175
102000243,6,81,-75
102000245,51,141,-90
102000246,47,56,-9
102000247,846,1080,-234
102000248,356,438,-82
102000249,82,205,-123
102000250,24,551,-527
102000254,31,696,-665
102000266,94,212,-118
102000271,13,0,13
102000286,451,394,57
102000297,1327,836,491
102000299,0,0,0
102000301,0,0,0
102000303,0,0,0
102000305,0,0,0
102000307,0,6,-6
102000308,0,2,-2
102900001,1003,982,21
102900002,232,33,199
102900003,13,300,-287
102900005,160,314,-154
102900006,360,244,116
102900007,304,40,264
102900008,202,92,110
102900009,340,108,232
102900010,948,499,449
102900011,2428,256,2172
102900012,350,60,290
102900013,8,65,-57
102900015,793,193,600
102900016,29,131,-102
102900017,50,703,-653
102900018,6,116,-110
102900019,206,467,-261
102900020,40,47,-7
102900021,3,121,-118
102900022,257,63,194
102900023,5,60,-55
102900024,12,45,-33
102900025,231,89,142
102900026,608,1113,-505
102900027,56,51,5
102900028,100,349,-249
102900029,80,81,-1
102900030,280,215,65
102900031,77,144,-67
102900032,8,193,-185
102900033,24,166,-142
102900034,117,169,-52
102900035,47,591,-544
102900036,98,793,-695
102900037,173,848,-675
102900038,365,625,-260
102900039,13,373,-360
102900040,92,224,-132
102900041,45,227,-182
102900042,140,378,-238
102900043,89,293,-204
102900044,440,2079,-1639
102900045,57,591,-534
102900046,95,390,-295
102900047,39,948,-909
102900048,390,823,-433
102900049,47,340,-293
102900050,293,366,-73
102900051,110,179,-69
102900052,18,9,9
102900053,211,800,-589
102900054,1207,738,469
102900055,51,82,-31
102900056,165,488,-323
102900057,2,15,-13
102900058,337,55,282
102900059,4,40,-36
102900060,58,490,-432
102900061,43,496,-453
102900062,30,1853,-1823
102900063,444,452,-8
102900064,263,352,-89
102900065,1819,1044,775
102900066,286,45,241
102900068,58,69,-11
102900070,221,904,-683
102900072,16,27,-11
102900073,126,7,119
102900075,8,12,-4
102900076,146,17,129
102900077,30,15,15
102900078,29,69,-40
102900079,179,9,170
102900080,233,28,205
102900081,83,215,-132
102900082,13,308,-295
102900083,285,2,283
102900084,4,14,-10
102900085,69,54,15
102900086,3,11,-8
102900087,40,128,-88
102900088,19,40,-21
102900089,236,123,113
102900090,3,690,-687
102900091,35,2,33
102900092,126,1275,-1149
102900093,202,223,-21
102900094,1,42,-41
102900095,39,4,35
102900096,19,7,12
102900097,4,134,-130
103000001,1750,2740,-990
103000002,1597,1812,-215
103000003,2867,2507,360
103000004,1197,753,444
103000005,1989,2316,-327
103000006,554,1345,-791
103000007,387,979,-592
103000008,697,1124,-427
103000009,563,854,-291
103000010,138,126,12
103000011,1895,1170,725
103000012,925,1106,-181
103000013,8396,1963,6433
103000014,1206,1268,-62
103000015,2711,946,1765
103000016,563,784,-221
103000017,114,295,-181
103000018,1098,435,663
103000019,125,161,-36
103000020,1382,1500,-118
103000021,839,1077,-238
103000022,738,1293,-555
103000023,392,908,-516
103000024,145,203,-58
103000025,66,317,-251
103000026,2217,130,2087
103000027,296,303,-7
103000028,992,283,709
103000029,575,228,347
103000030,2931,682,2249
103000031,2092,980,1112
103000032,2418,1815,603
103000033,2993,2564,429
103000034,2249,827,1422
103000035,529,790,-261
103000036,489,445,44
103000037,909,470,439
103000038,628,782,-154
103000039,127,625,-498
103000040,265,1601,-1336
103000041,1596,3799,-2203
103000042,464,818,-354
103000043,268,1682,-1414
103000044,85,317,-232
103000046,183,302,-119
103000047,383,816,-433
103000048,86,149,-63
103000049,98,237,-139
103000050,344,786,-442
103000051,231,574,-343
103000052,796,572,224
103000053,118,378,-260
103000054,1369,1028,341
103000055,1186,1688,-502
103000056,431,2520,-2089
103000057,479,354,125
103000058,259,1135,-876
103000059,225,976,-751
103000060,661,967,-306
103000061,430,824,-394
103000062,674,882,-208
103000063,523,740,-217
103000064,86,365,-279
103000065,7,322,-315
103000066,54,9,45
103000069,105,446,-341
103000070,576,1610,-1034
103000071,541,296,245
103000072,78,1304,-1226
103000073,209,98,111
103000074,241,71,170
103000075,100,1160,-1060
103000076,122,88,34
103000077,19,512,-493
103000078,963,191,772
103000079,1912,486,1426
103000080,968,116,852
103000081,504,623,-119
103000082,272,147,125
103000083,74,468,-394
103000084,97,4,93
103000085,1,100,-99
103000086,505,260,245
103000087,73,360,-287
103000088,269,401,-132
103000089,153,258,-105
103000090,1055,949,106
103000091,435,423,12
103000092,163,287,-124
103000093,312,699,-387
103000094,92,100,-8
103000095,18,543,-525
103000096,525,98,427
103000097,26,788,-762
103000098,751,91,660
103000099,262,665,-403
103000100,44,995,-951
103000101,292,183,109
103000102,56,741,-685
103000103,310,287,23
103000104,23,220,-197
103000105,63,152,-89
103000106,4,106,-102
103000107,333,84,249
103000108,412,543,-131
103000109,281,284,-3
103000110,362,320,42
103000111,465,440,25
103000112,271,207,64
103000113,382,761,-379
103000114,496,323,173
103000115,231,432,-201
103000116,288,521,-233
103000117,118,490,-372
103000118,1282,1342,-60
103000119,2364,798,1566
103000120,51,110,-59
103000121,194,581,-387
103000122,218,233,-15
103000125,8,690,-682
103000126,308,16,292
103000127,2,430,-428
103000128,77,3,74
103000129,2,247,-245
103000130,22,19,3
103000131,302,91,211
103000132,67,176,-109
103000133,7,298,-291
103000134,576,407,169
103000135,1072,181,891
103000136,769,327,442
103000137,505,562,-57
103000138,829,602,227
103000139,0,27,-27
103000140,92,26,66
103000141,13,101,-88
103000142,108,73,35
103000143,17,246,-229
103000144,113,72,41
103000145,40,58,-18
103000150,82,62,20
103000152,141,273,-132
103000153,77,158,-81
103000156,11,798,-787
103000157,180,5,175
103000159,95,135,-40
103000162,42,9,33
103000163,7,11,-4
103000164,14,8,6
103000165,123,592,-469
103000166,95,152,-57
103000167,98,159,-61
103000168,43,180,-137
103000169,149,352,-203
103000170,512,672,-160
103000171,35,62,-27
103000172,151,385,-234
103000173,162,1016,-854
103000174,154,358,-204
103000175,122,692,-570
103000176,748,204,544
103000177,975,454,521
103000178,480,264,216
103000179,92,36,56
103000183,47,32,15
103000185,58,89,-31
103000186,48,187,-139
103000187,152,936,-784
103000188,7,118,-111
103000189,523,1253,-730
103000191,656,843,-187
103000292,3215,890,2325
103000293,1897,793,1104
103000295,72,64,8
103000296,254,6,248
103000297,317,18,299
103000504,154,20,134
103000505,13,6,7
103000506,1,254,-253
103000507,94,11,83
103000508,54,26,28
103000509,123,577,-454
103900001,5,503,-498
103900002,2004,178,1826
103900003,2171,159,2012
103900004,9,1,8
103900005,1,293,-292
103900006,0,0,0
103900007,2,1,1
103900008,2,1,1
103900009,95,259,-164
103900010,82,272,-190
103900011,71,271,-200
103900012,7,15,-8
103900013,12,102,-90
103900014,21,34,-13
103900015,27,22,5
103900016,193,370,-177
103900017,12,91,-79
103900018,870,162,708
103900019,57,128,-71
103900020,96,261,-165
103900021,1000,46,954
103900022,614,724,-110
103900023,52,2,50
103900024,84,891,-807
103900025,11,29,-18
103900026,0,0,0
103900027,191,243,-52
103900028,6,229,-223
103900029,572,129,443
103900030,81,19,62
103900031,8,0,8
103900032,34,35,-1
103900033,39,6,33
103900034,14,268,-254
103900035,44,72,-28
103900036,25,11,14
103900037,26,21,5
103900038,88,79,9
103900039,10,548,-538
103900040,2,226,-224
103900041,10,28,-18
103900042,9,555,-546
103900043,68,187,-119
103900044,263,90,173
103900045,107,175,-68
103900047,25,57,-32
103900048,47,10,37
103900049,211,1307,-1096
103900050,1,79,-78
103900051,1,25,-24
103900052,82,827,-745
103900053,58,1313,-1255
103900054,27,822,-795
103900055,138,187,-49
103900056,11,68,-57
103900057,7,319,-312
103900058,46,913,-867
103900059,0,1,-1
103900060,10,219,-209
103900061,22,37,-15
103900062,38,39,-1
103900063,1,0,1
103900064,17,1,16
103900065,807,228,579
103900066,24,10,14
103900067,43,7,36
103900068,0,0,0
103900069,12,3,9
103900070,118,317,-199
103900071,26,168,-142
103900072,6,393,-387
103900073,9,11,-2
103900074,21,139,-118
103900075,153,109,44
103900076,177,917,-740
103900077,58,18,40
103900078,47,148,-101
103900079,57,250,-193
103900080,16,27,-11
103900081,68,5,63
103900082,3,87,-84
103900083,2228,223,2005
103900084,16,158,-142
103900085,81,87,-6
103900086,148,352,-204
103900087,23,133,-110
103900088,461,164,297
103900089,58,172,-114
103900090,1,263,-262
103900091,762,238,524
103900092,166,492,-326
103900093,95,530,-435
103900094,6,213,-207
103900095,168,168,0
103900096,14,390,-376
103900097,4,572,-568
103900098,101,46,55
103900099,15,297,-282
103900100,49,374,-325
103900101,48,816,-768
103900102,0,36,-36
103900104,6,36,-30
103900105,91,199,-108
103900106,0,13,-13
103900107,65,235,-170
103900108,25,563,-538
103900109,46,103,-57
103900110,154,40,114
103900111,36,896,-860
103900112,9,50,-41
103900113,144,226,-82
103900114,491,342,149
103900115,165,50,115
103900116,7604,729,6875
103900117,207,119,88
103900119,30,26,4
103900120,23,103,-80
103900122,37,432,-395
103900123,1722,544,1178
103900124,13,820,-807
103900125,51,95,-44
103900126,120,475,-355
103900127,88,992,-904
103900128,17,268,-251
103900131,12,156,-144
103900133,699,3,696
103900134,0,1,-1
103900135,27,15,12
103900137,1,66,-65
103900138,24,460,-436
103900139,106,745,-639
103900140,0,18,-18
103900141,207,112,95
103900142,34,239,-205
103900143,10,1,9
103900144,0,82,-82
103900145,127,331,-204
103900146,237,444,-207
103900147,149,96,53
103900148,81,243,-162
103900149,53,935,-882
103900150,8743,1527,7216
103900151,22,142,-120
103900152,117,863,-746
103900153,1,0,1
103900154,1571,618,953
103900155,15,259,-244
103900156,4,164,-160
103900157,8,273,-265
103900158,18,272,-254
103900159,23,98,-75
103900160,21,14,7
103900161,36,174,-138
103900162,57,288,-231
103900163,5,333,-328
103900167,8,72,-64
103900168,27,136,-109
103900169,5,26,-21
103900170,0,88,-88
103900171,0,55,-55
103900172,9,22,-13
103900173,0,6,-6
103900174,42,67,-25
103900175,44,15,29
103900176,5,10,-5
103900177,4,39,-35
103900178,8,113,-105
103900179,17,214,-197
103900180,6,151,-145
103900181,36,30,6
103900182,42,8,34
103900184,609,15,594
103900185,226,65,161
103900187,84,19,65
103900188,20,3,17
103900189,53,7,46
103900190,21,62,-41
103900191,6,38,-32
103900192,12,60,-48
103900193,129,141,-12
103900194,44,365,-321
103900195,4,24,-20
103900196,13,15,-2
103900197,9,39,-30
103900198,3,57,-54
103900199,46,71,-25
103900200,98,170,-72
103900201,23,243,-220
103900202,4,31,-27
103900203,8,13,-5
103900204,0,136,-136
103900207,1,174,-173
103900208,12,1,11
103900209,2,115,-113
103900210,17,41,-24
103900211,222,856,-634
103900212,46,549,-503
103900213,54,256,-202
103900214,172,88,84
103900215,749,345,404
103900216,7,532,-525
103900217,271,47,224
103900218,0,173,-173
103900219,42,340,-298
103900233,56,2,54
103900235,11,21,-10
103900236,16,1,15
103900242,5,7,-2
103900243,0,11,-11
103900244,34,364,-330
103900245,40,280,-240
103900246,18,29,-11
103900247,18,100,-82
103900248,4,15,-11
103900249,3,14,-11
103900250,22,16,6
103900251,2,26,-24
103900253,31,44,-13
103900254,2,12,-10
103900255,9,9,0
103900256,8,7,1
103900257,59,54,5
103900258,8,1,7
103900259,71,2,69
103900261,5,0,5
103900262,3,0,3
103900263,38,9,29
103900264,50,5,45
103900265,37,5,32
103900266,0,31,-31
103900267,4,51,-47
103900268,7,109,-102
103900269,62,44,18
103900270,6,144,-138
103900271,14,207,-193
103900272,4,23,-19
103900273,4,17,-13
103900274,2,6,-4
103900275,8,6,2
103900276,2,44,-42
103900277,0,58,-58
104000001,1887,2394,-507
104000002,1606,2764,-1158
104000003,2211,2328,-117
104000004,3781,2631,1150
104000005,777,1849,-1072
104000006,2419,3130,-711
104000007,3771,3589,182
104000008,281,602,-321
104000009,78,120,-42
104000010,70,196,-126
104000011,909,616,293
104000012,172,614,-442
104000013,53,115,-62
104000014,191,831,-640
104000015,190,159,31
104000016,332,518,-186
104000018,441,159,282
104000019,321,83,238
104000020,177,1108,-931
104000021,265,923,-658
104000022,94,424,-330
104000023,416,272,144
104000024,136,470,-334
104000026,27,314,-287
104000027,177,481,-304
104000028,262,264,-2
104000029,364,703,-339
104000030,122,270,-148
104000031,415,226,189
104000032,154,418,-264
104000033,280,334,-54
104000034,207,518,-311
104000035,335,421,-86
104000036,269,701,-432
104000037,202,401,-199
104000038,202,278,-76
104000039,139,542,-403
104000040,522,617,-95
104000041,506,337,169
104000042,181,572,-391
104000043,348,488,-140
104000044,234,1061,-827
104000045,584,1529,-945
104000046,1587,1825,-238
104000047,801,1692,-891
104000048,1172,2636,-1464
104000049,223,349,-126
104000050,242,625,-383
104000051,51,837,-786
104000052,816,1606,-790
104000053,500,798,-298
104000054,533,774,-241
104000055,4022,3481,541
104000056,2335,241,2094
104000057,84,584,-500
104000058,455,735,-280
104000059,226,1195,-969
104000060,420,963,-543
104000061,1033,1575,-542
104000062,143,163,-20
104000064,769,297,472
104000065,128,364,-236
104000069,1660,536,1124
104000070,35,368,-333
104000071,142,441,-299
104000072,779,257,522
104000075,39,253,-214
104000076,413,157,256
104000082,1835,2184,-349
104000083,720,218,502
104000084,71,466,-395
104000085,154,291,-137
104000086,146,365,-219
104000087,492,900,-408
104000090,433,1884,-1451
104000092,450,3344,-2894
104000094,613,2789,-2176
104000095,1099,1350,-251
104000096,688,481,207
104000097,851,1327,-476
104000098,822,1520,-698
104000100,804,780,24
104000101,837,2849,-2012
104000106,60,555,-495
104000107,415,615,-200
104000108,325,709,-384
104000109,229,39,190
104000110,868,938,-70
104000111,6588,1375,5213
104000112,2756,492,2264
104000116,5,1802,-1797
104000117,67,1287,-1220
104000118,230,273,-43
104000119,435,314,121
104000120,237,1379,-1142
104000121,148,799,-651
104000122,463,848,-385
104000123,983,1680,-697
104000124,1882,3141,-1259
104000125,6473,2535,3938
104000126,223,556,-333
104000127,1792,4806,-3014
104000128,815,573,242
104000129,500,43,457
104000130,9,191,-182
104000131,1094,877,217
104000132,591,1168,-577
104000133,1024,858,166
104000134,881,1230,-349
104000135,425,785,-360
104000136,994,1739,-745
104000137,2146,203,1943
104000138,1875,330,1545
104000139,11987,3412,8575
104000141,1701,2454,-753
104000142,571,1348,-777
104000143,341,1113,-772
104000144,44,224,-180
104000145,297,126,171
104000146,503,649,-146
104000147,115,490,-375
104000148,151,100,51
104000149,185,527,-342
104000150,541,473,68
104000151,357,831,-474
104000152,339,1146,-807
104000153,179,404,-225
104000154,1169,1009,160
104000155,305,394,-89
104000157,1407,2230,-823
104000158,347,293,54
104000159,367,360,7
104000160,1579,1398,181
104000161,192,134,58
104000162,29,139,-110
104000165,1322,1149,173
104000167,357,443,-86
104000168,392,4,388
104000169,16,69,-53
104000170,1146,260,886
104000248,94,1051,-957
104000251,54,523,-469
104000272,0,0,0
104000273,0,0,0
104000274,0,0,0
104000275,0,0,0
104000279,841,563,278
104000290,73,499,-426
104000291,613,1055,-442
104000293,534,775,-241
104000294,0,0,0
104000295,381,828,-447
104000296,245,953,-708
104000297,926,1654,-728
104000298,2330,1091,1239
104000299,486,1509,-1023
104900001,85,485,-400
104900002,12,83,-71
104900003,45,572,-527
104900004,46,488,-442
104900005,142,164,-22
104900006,70,43,27
104900007,127,233,-106
104900009,65,676,-611
104900010,14,12,2
104900011,1,2,-1
104900012,66,3,63
104900013,50,0,50
104900014,5207,334,4873
104900015,57,0,57
104900016,48,365,-317
104900017,11,195,-184
104900018,4,295,-291
104900019,349,873,-524
104900020,38,427,-389
104900021,1,334,-333
104900022,4,109,-105
104900023,2,145,-143
104900024,4,84,-80
104900025,46,460,-414
104900026,0,102,-102
104900027,130,177,-47
104900028,57,113,-56
104900029,24,56,-32
104900030,255,107,148
104900031,150,226,-76
104900032,45,206,-161
104900033,23,131,-108
104900034,195,113,82
104900035,71,90,-19
104900036,45,71,-26
104900037,53,268,-215
104900038,712,413,299
104900039,741,44,697
104900040,68,110,-42
104900041,53,88,-35
104900042,77,430,-353
104900043,12,15,-3
104900044,162,223,-61
104900045,117,36,81
104900046,25,132,-107
104900047,92,144,-52
104900048,78,132,-54
104900049,5,4,1
104900050,43,126,-83
104900051,47,39,8
104900052,9,1,8
104900053,237,35,202
104900054,107,20,87
104900055,10,0,10
104900056,66,2,64
104900057,8,3,5
104900058,1023,102,921
104900059,0,20,-20
104900060,2,384,-382
104900061,275,752,-477
104900063,0,148,-148
104900064,1,116,-115
104900065,0,132,-132
104900066,6,261,-255
104900067,8,258,-250
104900068,5,302,-297
104900070,51,378,-327
104900071,4,946,-942
104900072,23,237,-214
104900073,11,367,-356
104900074,36,303,-267
104900075,15,97,-82
104900076,64,622,-558
104900077,1480,54,1426
104900078,88,1177,-1089
104900079,90,165,-75
104900080,28,780,-752
104900082,8,350,-342
104900085,3,382,-379
104900087,403,3,400
104900089,25,0,25
104900090,276,335,-59
104900091,538,1063,-525
104900093,182,638,-456
104900097,3573,1024,2549
104900098,27,34,-7
104900099,170,383,-213
104900100,916,250,666
104900102,22,335,-313
104900103,507,109,398
104900104,4007,862,3145
104900106,27,187,-160
104900107,20,439,-419
104900108,11,331,-320
104900109,55,216,-161
104900110,13,61,-48
104900111,69,93,-24
104900112,108,1218,-1110
104900113,319,440,-121
104900114,153,947,-794
104900115,254,618,-364
104900116,58,400,-342
104900118,10,84,-74
104900119,0,30,-30
104900120,122,33,89
104900121,0,101,-101
104900122,0,64,-64
104900123,7,0,7
104900124,11,0,11
104900125,486,5,481
104900126,100,56,44
104900127,14,19,-5
104900128,60,113,-53
104900129,3441,665,2776
105000001,1621,2016,-395
105000002,1439,1884,-445
105000003,2059,4363,-2304
105000004,542,1369,-827
105000005,595,1157,-562
105000006,721,1439,-718
105000007,582,1127,-545
105000008,547,1388,-841
105000009,873,2550,-1677
105000010,3197,3195,2
105000011,1624,1720,-96
105000012,4547,4217,330
105000013,599,825,-226
105000014,1039,1842,-803
105000015,6931,5501,1430
105000016,3698,2373,1325
105000017,1379,1413,-34
105000018,1240,943,297
105000019,1554,1095,459
105000020,98,360,-262
105000021,316,130,186
105000022,117,28,89
105000023,360,268,92
105000028,41,169,-128
105000029,261,756,-495
105000030,4199,4289,-90
105000033,1069,2687,-1618
105000034,80,501,-421
105000037,562,645,-83
105000038,2130,1092,1038
105000039,4572,2736,1836
105000040,756,568,188
105000041,793,1755,-962
105000042,3484,1010,2474
105000043,3137,3136,1
105000044,235,326,-91
105000045,273,1160,-887
105000046,436,322,114
105000047,381,2129,-1748
105000048,273,177,96
105000049,295,1031,-736
105000050,278,281,-3
105000051,206,763,-557
105000052,304,1088,-784
105000053,99,238,-139
105000054,154,1176,-1022
105000055,227,475,-248
105000056,786,3049,-2263
105000057,1116,1308,-192
105000058,1911,1676,235
105000059,364,398,-34
105000060,392,749,-357
105000061,231,434,-203
105000062,1012,1226,-214
105000063,240,923,-683
105000064,443,703,-260
105000065,265,1343,-1078
105000066,683,2537,-1854
105000067,549,540,9
105000068,412,1149,-737
105000069,2925,559,2366
105000070,777,825,-48
105000071,174,325,-151
105000072,638,627,11
105000073,591,465,126
105000074,922,1130,-208
105000075,501,1058,-557
105000076,1262,1320,-58
105000077,1989,1007,982
105000078,1581,1179,402
105000079,1720,1651,69
105000080,1628,1051,577
105000081,917,695,222
105000082,488,432,56
105000083,894,803,91
105000084,375,1279,-904
105000085,968,976,-8
105000086,369,963,-594
105000087,2668,1969,699
105000088,2013,1333,680
105000089,4447,3206,1241
105000090,1197,1218,-21
105000091,2187,2432,-245
105000092,596,1556,-960
105000093,400,280,120
105000094,268,225,43
105000095,87,460,-373
105000096,956,606,350
105000097,1129,590,539
105000098,473,498,-25
105000099,575,979,-404
105000100,1005,1350,-345
105000101,1742,2570,-828
105000102,2601,1797,804
105000103,1912,2610,-698
105000104,1198,1148,50
105000105,818,2032,-1214
105000106,747,1557,-810
105000107,664,1017,-353
105000108,787,1954,-1167
105000109,865,1821,-956
105000110,361,929,-568
105000111,341,661,-320
105000112,601,957,-356
105000113,179,469,-290
105000114,4039,865,3174
105000115,252,615,-363
105000116,353,490,-137
105000117,632,1985,-1353
105000118,166,423,-257
105000119,333,1488,-1155
105000120,378,723,-345
105000121,523,1274,-751
105000122,204,475,-271
105000123,1122,1724,-602
105000124,1116,1078,38
105000125,536,2094,-1558
105000126,1237,2287,-1050
105000127,1587,2287,-700
105000128,463,1511,-1048
105000129,428,346,82
105000130,72,870,-798
105000131,402,429,-27
105000132,539,412,127
105000133,277,1438,-1161
105000134,337,643,-306
105000135,323,963,-640
105000136,63,469,-406
105000137,209,284,-75
105000138,227,424,-197
105000139,790,1299,-509
105000140,147,530,-383
105000141,150,819,-669
105000142,60,563,-503
105000143,186,754,-568
105000144,211,816,-605
105000145,456,564,-108
105000146,442,842,-400
105000147,482,354,128
105000148,1029,594,435
105000149,1305,1272,33
105000150,2234,1663,571
105000151,270,303,-33
105000152,88,687,-599
105000153,436,402,34
105000154,679,982,-303
105000155,211,495,-284
105000156,967,896,71
105000157,1219,1929,-710
105000158,1566,787,779
105000159,284,1415,-1131
105000160,1014,646,368
105000161,756,2300,-1544
105000162,261,997,-736
105000163,1231,1481,-250
105000164,209,406,-197
105000165,1781,2793,-1012
105000166,8806,236,8570
105000167,3388,1051,2337
105000168,117,1080,-963
105000169,172,712,-540
105000170,45,1203,-1158
105000171,1109,424,685
105000172,10,69,-59
105000173,35,54,-19
105000174,39,29,10
105000175,36,205,-169
105000176,59,79,-20
105000177,52,116,-64
105000178,93,898,-805
105000179,118,143,-25
105000180,75,125,-50
105000181,48,625,-577
105000182,12,90,-78
105000183,3325,1445,1880
105000184,1632,994,638
105000185,1951,600,1351
105000186,363,1256,-893
105000187,699,291,408
105000188,303,98,205
105000189,202,731,-529
105000190,112,416,-304
105000191,244,560,-316
105000192,92,82,10
105000193,58,193,-135
105000194,130,95,35
105000195,256,1594,-1338
105000196,18,71,-53
105000197,142,1008,-866
105000198,411,284,127
105000199,111,189,-78
105000200,68,254,-186
105000201,51,16,35
105000203,4,362,-358
105000204,55,104,-49
105000205,95,306,-211
105000207,1089,325,764
105000208,258,330,-72
105000209,197,488,-291
105000212,685,1817,-1132
105000213,231,153,78
105000214,57,235,-178
105000215,116,299,-183
105000216,62,542,-480
105000217,119,476,-357
105000218,376,1142,-766
105000221,72,328,-256
105000222,49,55,-6
105000223,82,229,-147
105000226,16,476,-460
105000227,16,276,-260
105000228,152,664,-512
105000229,51,174,-123
105000231,98,201,-103
105000233,498,578,-80
105000234,532,1428,-896
105000235,129,467,-338
105000237,341,43,298
105000243,13,298,-285
105000248,54,36,18
105000262,130,2153,-2023
105000269,48,136,-88
105000270,178,139,39
105000271,0,350,-350
105000282,73,40,33
105000287,325,144,181
105000288,240,395,-155
105000289,762,816,-54
105000290,6,7,-1
105000402,5518,1808,3710
105000426,371,642,-271
105000438,449,549,-100
105000446,14036,5285,8751
105000447,8469,3130,5339
105000454,146,1064,-918
105000455,343,249,94
105000474,7,1,6
105000477,134,370,-236
105000478,935,1520,-585
105000479,96,157,-61
105000480,1303,1686,-383
105000481,1719,1918,-199
105000482,4294,3058,1236
105000483,816,1084,-268
105000484,2471,3177,-706
105000485,852,1367,-515
105000486,3602,2794,808
105000488,2904,3028,-124
105000489,410,790,-380
105000549,19,138,-119
105000550,404,1194,-790
105000551,19,124,-105
105000552,3791,2329,1462
105900001,2,766,-764
105900002,2024,384,1640
105900003,7,77,-70
105900004,571,98,473
105900005,4,237,-233
105900006,7,56,-49
105900007,99,13,86
105900008,35,843,-808
105900009,6,11,-5
105900011,246,44,202
105900012,474,235,239
105900013,1,17,-16
105900014,1,54,-53
105900015,205,351,-146
105900016,145,840,-695
105900017,464,47,417
105900018,210,256,-46
105900019,156,622,-466
105900020,18,70,-52
105900021,27,528,-501
105900022,173,342,-169
105900023,3,186,-183
105900024,5,303,-298
105900025,27,52,-25
105900026,143,34,109
105900027,5538,5089,449
105900028,29,138,-109
105900029,2288,372,1916
105900030,131,365,-234
105900031,343,201,142
105900032,38,174,-136
105900033,24,135,-111
105900034,76,255,-179
105900035,202,179,23
105900036,13,118,-105
105900037,57,96,-39
105900038,75,273,-198
105900039,21,167,-146
105900040,32,125,-93
105900041,156,413,-257
105900042,24,112,-88
105900043,1768,48,1720
105900044,0,137,-137
105900045,6,672,-666
105900046,3,157,-154
105900047,7,18,-11
105900048,40,486,-446
105900050,3613,851,2762
105900051,8,1374,-1366
105900052,231,157,74
105900053,4641,1046,3595
105900054,306,313,-7
105900056,1088,295,793
105900057,15,251,-236
105900058,10,26,-16
105900059,0,21,-21
106000001,2847,913,1934
106000002,2440,3256,-816
106000003,2733,1880,853
106000004,2474,2467,7
106000005,1869,4415,-2546
106000006,5844,4832,1012
106000007,404,560,-156
106000008,371,278,93
106000009,419,320,99
106000010,360,566,-206
106000011,311,995,-684
106000012,559,1691,-1132
106000013,1236,1966,-730
106000014,2111,1961,150
106000015,774,1030,-256
106000016,954,2451,-1497
106000017,435,612,-177
106000018,455,680,-225
106000019,150,470,-320
106000020,105,515,-410
106000021,185,496,-311
106000022,225,318,-93
106000023,395,304,91
106000024,440,1069,-629
106000025,76,182,-106
106000026,133,406,-273
106000027,542,1079,-537
106000028,365,938,-573
106000029,707,1844,-1137
106000030,874,216,658
106000034,131,634,-503
106000035,573,816,-243
106000036,413,281,132
106000037,1281,1527,-246
106000038,384,63,321
106000039,122,21,101
106000040,106,773,-667
106000041,618,219,399
106000043,382,62,320
106000046,274,27,247
106000047,31,396,-365
106000049,314,144,170
106000050,214,962,-748
106000051,298,360,-62
106000052,48,731,-683
106000053,73,90,-17
106000054,258,531,-273
106000055,485,672,-187
106000056,199,631,-432
106000057,127,121,6
106000058,119,223,-104
106000059,99,219,-120
106000060,509,698,-189
106000061,160,351,-191
106000062,172,658,-486
106000063,275,432,-157
106000064,17,459,-442
106000065,144,110,34
106000066,69,440,-371
106000067,204,62,142
106000068,73,800,-727
106000069,84,75,9
106000070,285,870,-585
106000071,431,294,137
106000072,4735,1280,3455
106000073,1621,1693,-72
106000074,195,552,-357
106000075,186,1008,-822
106000076,850,1471,-621
106000077,2241,1014,1227
106000078,451,830,-379
106000079,305,1012,-707
106000080,571,952,-381
106000081,428,934,-506
106000082,1821,1048,773
106000083,242,1046,-804
106000084,413,602,-189
106000085,1462,1039,423
106000086,415,544,-129
106000087,393,521,-128
106000088,249,737,-488
106000089,480,502,-22
106000090,194,697,-503
106000091,228,702,-474
106000092,309,194,115
106000093,224,82,142
106000094,83,399,-316
106000095,265,1253,-988
106000096,468,793,-325
106000097,530,1679,-1149
106000098,347,1114,-767
106000099,113,1046,-933
106000100,806,372,434
106000101,1802,327,1475
106000102,292,681,-389
106000103,196,749,-553
106000104,684,481,203
106000105,355,1198,-843
106000106,337,535,-198
106000107,60,588,-528
106000108,89,318,-229
106000109,72,503,-431
106000110,88,288,-200
106000111,130,771,-641
106000112,77,360,-283
106000113,1328,749,579
106000114,385,423,-38
106000115,162,675,-513
106000116,118,261,-143
106000117,786,872,-86
106000118,748,1040,-292
106000119,2475,1303,1172
106000120,621,660,-39
106000121,75,202,-127
106000122,40,418,-378
106000123,110,343,-233
106000124,8,442,-434
106000125,17,418,-401
106000126,69,239,-170
106000127,277,1138,-861
106000128,276,359,-83
106000129,247,880,-633
106000130,337,364,-27
106000131,74,566,-492
106000132,878,183,695
106000133,4582,826,3756
106000134,671,1876,-1205
106000135,121,978,-857
106000136,388,425,-37
106000137,61,1838,-1777
106000138,480,59,421
106000139,14,125,-111
106000140,44,126,-82
106000141,31,183,-152
106000142,14,85,-71
106000143,26,161,-135
106000144,8,41,-33
106000145,80,509,-429
106000146,128,215,-87
106000147,304,479,-175
106000148,695,789,-94
106000149,318,417,-99
106000150,400,1609,-1209
106000151,4917,871,4046
106000152,1773,1021,752
106000153,63,1676,-1613
106000154,1445,226,1219
106000155,25,151,-126
106000156,346,349,-3
106000157,383,2128,-1745
106000158,3370,662,2708
106000159,5343,1585,3758
106000160,138,1190,-1052
106000161,1248,601,647
106000162,149,557,-408
106000163,177,695,-518
106000164,127,378,-251
106000165,108,994,-886
106000166,254,343,-89
106000167,136,1840,-1704
106000168,107,333,-226
106000169,88,1036,-948
106000170,207,282,-75
106000171,68,992,-924
106000172,1826,844,982
106000173,635,2747,-2112
106000174,635,234,401
106000175,255,1177,-922
106000176,839,622,217
106000177,531,2449,-1918
106000178,2540,1528,1012
106000179,882,2108,-1226
106000180,803,2175,-1372
106000181,275,2161,-1886
106000182,272,733,-461
106000183,467,1271,-804
106000184,887,1203,-316
106000185,499,966,-467
106000186,880,204,676
106000187,171,746,-575
106000188,0,4,-4
106000189,4,60,-56
106000190,7,1,6
106000191,608,197,411
106000192,0,31,-31
106000193,277,153,124
106000194,141,481,-340
106000195,723,87,636
106000196,176,376,-200
106000197,179,380,-201
106000198,142,317,-175
106000199,1098,761,337
106000200,524,157,367
106000201,522,943,-421
106000202,8386,603,7783
106000203,275,165,110
106000204,17,4,13
106000205,10,167,-157
106000206,39,8,31
106000207,63,1001,-938
106000208,464,42,422
106000209,624,301,323
106000210,202,1436,-1234
106000211,311,1706,-1395
106000212,301,132,169
106000213,757,1138,-381
106000214,2532,405,2127
106000215,166,555,-389
106000216,294,386,-92
106000217,149,538,-389
106000218,255,313,-58
106000219,73,382,-309
106000220,295,285,10
106000221,39,298,-259
106000222,15,226,-211
106000223,43,189,-146
106000224,79,399,-320
106000225,26,80,-54
106000226,114,442,-328
106000228,14,144,-130
106000229,74,915,-841
106000231,272,116,156
106000232,33,406,-373
106000233,288,112,176
106000234,65,255,-190
106000235,279,63,216
106000236,107,52,55
106000237,0,6,-6
106000238,26,6,20
106000239,6,75,-69
106000240,44,2,42
106000241,17,697,-680
106000242,98,7,91
106000249,23,33,-10
106000250,27,427,-400
106000251,45,39,6
106000252,43,116,-73
106000253,16,48,-32
106000254,18,72,-54
106000255,20,80,-60
106000256,57,127,-70
106000257,121,357,-236
106000258,137,8,129
106000259,1,25,-24
106000260,11,4,7
106000261,0,62,-62
106000262,37,13,24
106000263,2,99,-97
106000264,106,6,100
106000265,3,166,-163
106000266,57,10,47
106000267,6,115,-109
106000268,309,10,299
106000269,56,71,-15
106000270,155,394,-239
106000271,63,191,-128
106000272,89,59,30
106000273,6,165,-159
106000274,188,62,126
106000275,81,219,-138
106000276,115,75,40
106000277,97,143,-46
106000278,148,60,88
106000279,6,87,-81
106000280,12,178,-166
106000281,41,79,-38
106000282,75,45,30
106000283,56,127,-71
106000284,43,105,-62
106000285,52,177,-125
106000286,49,110,-61
106000287,49,124,-75
106000288,46,140,-94
106000289,45,103,-58
106000290,50,121,-71
106000291,26,91,-65
106000292,40,173,-133
106000293,75,97,-22
106000294,79,105,-26
106000295,23,55,-32
106000296,50,99,-49
106000297,57,167,-110
106000298,128,55,73
106000299,51,118,-67
106000300,33,102,-69
106000301,57,91,-34
106000303,3,56,-53
106000304,43,51,-8
106000305,21,43,-22
106000306,92,102,-10
106000307,14,14,0
106000308,35,238,-203
106000309,10,93,-83
106000310,152,628,-476
106000311,113,143,-30
106000312,33,197,-164
106000313,53,261,-208
106000318,186,164,22
106000319,278,20,258
106000320,5,32,-27
106000321,379,55,324
106000322,29,225,-196
106000324,7,176,-169
106000325,733,958,-225
106000326,757,2113,-1356
106000327,52,271,-219
106000328,4,93,-89
106000329,31,288,-257
106000330,30,59,-29
106000428,20,210,-190
106000429,75,563,-488
106000430,238,1718,-1480
106000431,629,267,362
106000432,1155,2802,-1647
106000433,666,583,83
106000434,1810,581,1229
106000435,2097,2495,-398
106000436,25,424,-399
106000437,141,24,117
106000438,437,95,342
106000439,73,556,-483
106000440,227,596,-369
106000441,0,3,-3
106000442,61,7,54
106000443,34,786,-752
106000450,1,236,-235
106000451,16,9,7
106000454,3,47,-44
106000455,16,166,-150
106000456,87,23,64
106000457,13,1430,-1417
106000458,139,176,-37
106000459,19,641,-622
106000460,288,38,250
106000461,20,2730,-2710
106000462,1,6,-5
106000463,4,17,-13
106000464,4,777,-773
106000465,124,1,123
106000466,3,901,-898
106000467,471,566,-95
106000468,24,312,-288
106000469,247,11,236
106000470,244,1157,-913
106000471,18,708,-690
106000472,50,8,42
106000473,16,28,-12
106000474,226,902,-676
106000475,120,146,-26
106000476,180,162,18
106000477,9,86,-77
106900001,0,13,-13
106900002,4,635,-631
106900003,174,789,-615
106900004,0,87,-87
106900006,1,21,-20
106900007,0,11,-11
106900008,84,271,-187
106900009,71,427,-356
106900010,65,343,-278
106900012,1850,1335,515
106900013,380,33,347
106900014,8,2,6
106900015,5,0,5
106900016,52,1,51
106900017,5,0,5
106900018,0,0,0
106900019,15,2,13
106900020,2787,386,2401
106900021,14,20,-6
106900022,131,2,129
106900023,4,308,-304
106900024,360,7,353
106900025,47,670,-623
106900026,2,963,-961
106900027,106,2,104
107000001,1815,1504,311
107000002,2946,4665,-1719
107000003,3826,4784,-958
107000004,6075,7749,-1674
107000005,1395,3078,-1683
107000006,3463,8963,-5500
107000007,5182,5175,7
107000008,24334,14259,10075
107000009,4622,4498,124
107000010,12838,15406,-2568
107000011,1086,1772,-686
107000012,4509,4746,-237
107000013,61,247,-186
107000014,16,444,-428
107000015,329,1188,-859
107000016,277,1686,-1409
107000017,7893,1196,6697
107000018,16,455,-439
107000020,5295,606,4689
107000021,1426,1359,67
107000022,1690,2335,-645
107000023,1906,519,1387
107000024,542,3170,-2628
107000025,122,431,-309
107000026,148,880,-732
107000027,976,1097,-121
107000028,1164,1971,-807
107000029,1311,1726,-415
107000030,3644,4071,-427
107000031,1787,1868,-81
107000032,209,850,-641
107000033,5725,7260,-1535
107000034,7035,2738,4297
107000035,396,209,187
107000036,395,931,-536
107000037,46,728,-682
107000038,285,314,-29
107000039,451,566,-115
107000040,121,404,-283
107000041,1411,633,778
107000042,654,1814,-1160
107000043,3298,848,2450
107000044,665,623,42
107000045,146,360,-214
107000046,347,364,-17
107000047,319,1014,-695
107000048,385,402,-17
107000049,361,832,-471
107000050,539,460,79
107000051,508,322,186
107000052,899,640,259
107000053,237,110,127
107000054,67,229,-162
107000055,95,64,31
107000056,430,922,-492
107000057,1644,225,1419
107000058,1450,1685,-235
107000059,1850,3083,-1233
107000060,3024,4907,-1883
107000061,5453,4496,957
107000062,1778,2931,-1153
107000063,3126,6980,-3854
107000064,2151,2077,74
107000065,3481,7274,-3793
107000066,1932,2317,-385
107000067,609,954,-345
107000068,1517,570,947
107000069,355,326,29
107000070,204,0,204
107000071,709,19,690
107000072,37,4445,-4408
107000073,190,104,86
107000074,127,1149,-1022
107000075,583,132,451
107000076,832,2464,-1632
107000077,1448,309,1139
107000078,1405,4123,-2718
107000079,1272,313,959
107000080,995,4013,-3018
107000081,634,372,262
107000082,440,3917,-3477
107000083,586,238,348
107000084,436,3601,-3165
107000085,2780,3311,-531
107000086,3914,3101,813
107000087,1946,2108,-162
107000088,2557,3577,-1020
107000089,1114,1912,-798
107000090,1046,1229,-183
107000091,679,1124,-445
107000092,402,1390,-988
107000093,502,891,-389
107000094,616,1760,-1144
107000095,352,606,-254
107000096,473,1086,-613
107000097,271,271,0
107000098,291,739,-448
107000099,400,212,188
107000100,272,415,-143
107000101,38,129,-91
107000102,375,445,-70
107000103,204,151,53
107000104,201,355,-154
107000105,166,118,48
107000106,120,378,-258
107000107,266,174,92
107000108,70,1066,-996
107000109,298,101,197
107000110,38,580,-542
107000111,46,41,5
107000112,20,447,-427
107000113,206,67,139
107000114,43,789,-746
107000115,131,61,70
107000116,60,1205,-1145
107000117,36,169,-133
107000118,91,309,-218
107000119,1824,776,1048
107000120,2791,432,2359
107000121,248,610,-362
107000122,653,950,-297
107000123,126,936,-810
107000124,274,933,-659
107000125,325,988,-663
107000126,418,1509,-1091
107000129,120,890,-770
107000130,155,188,-33
107000131,326,649,-323
107000132,325,288,37
107000133,679,158,521
107000134,81,0,81
107000135,4,241,-237
107000136,243,5,238
107000137,14,446,-432
107000138,246,17,229
107000139,13,359,-346
107000140,523,19,504
107000141,101,865,-764
107000142,152,29,123
107000143,37,1016,-979
107000144,306,188,118
107000145,95,634,-539
107000146,121,233,-112
107000147,2941,733,2208
107000150,1185,2201,-1016
107000151,25,35,-10
107000152,565,354,211
107000153,373,276,97
107000154,155,39,116
107000155,753,33,720
107000156,862,31,831
107000157,47,3700,-3653
107000158,280,18,262
107000159,28,2012,-1984
107000160,304,101,203
107000161,67,2597,-2530
107000162,85,320,-235
107000163,15,0,15
107000164,76,1,75
107000165,240,3,237
107000166,71,1716,-1645
107000167,217,303,-86
107000168,486,237,249
107000169,1013,1334,-321
107000170,665,486,179
107000171,588,3640,-3052
107000172,565,622,-57
107000173,904,1637,-733
107000174,1067,2352,-1285
107000175,14426,1938,12488
107000176,1,0,1
107000177,0,0,0
107000178,3,55,-52
107000179,199,3944,-3745
107000180,469,421,48
107000181,133,1621,-1488
107000182,582,844,-262
107000183,77,1269,-1192
107000184,315,824,-509
107000185,134,1647,-1513
107000186,317,387,-70
107000187,997,1241,-244
107000188,376,437,-61
107000189,273,900,-627
107000190,362,740,-378
107000191,386,1075,-689
107000192,957,1190,-233
107000193,272,386,-114
107000194,749,908,-159
107000197,323,281,42
107000198,138,937,-799
107000199,645,991,-346
107000200,1099,573,526
107000201,420,254,166
107000202,192,645,-453
107000203,904,642,262
107000204,911,715,196
107000205,3354,1666,1688
107000206,840,1024,-184
107000207,710,1136,-426
107000208,1568,312,1256
107000209,2371,391,1980
107000210,1734,179,1555
107000211,7,20,-13
107000212,7,219,-212
107000213,27,21,6
107000214,8,104,-96
107000215,268,727,-459
107000216,80,595,-515
107000217,73,230,-157
107000219,36,140,-104
107000220,98,435,-337
107000222,339,864,-525
107000224,310,30,280
107000225,151,1080,-929
107000226,139,70,69
107000227,68,814,-746
107000228,98,113,-15
107000229,214,168,46
107000230,980,551,429
107000231,933,347,586
107000232,42,63,-21
107000233,405,248,157
107000234,2,10,-8
107000235,32,1,31
107000236,13,982,-969
107000237,2,0,2
107000238,2,3,-1
107000239,7838,395,7443
107000240,44,1626,-1582
107000241,103,19,84
107000242,683,79,604
107000243,0,38,-38
107000244,3,76,-73
107000246,4,1472,-1468
107000249,4,1143,-1139
107000251,0,462,-462
107000252,3,1874,-1871
107000255,809,56,753
107000257,6,830,-824
107000258,4,203,-199
107000259,2,303,-301
107000260,137,2,135
107000262,10,1167,-1157
107000263,68,6,62
107000266,3,2,1
107000267,57,261,-204
107000268,172,242,-70
107000269,146,29,117
107000270,0,11,-11
107000271,9,1367,-1358
107000272,7,381,-374
107000273,2,308,-306
107000274,2037,521,1516
107000275,101,1062,-961
107000280,219,21,198
107000281,31,1627,-1596
107000282,55,2064,-2009
107000290,1,88,-87
107000291,17,28,-11
107000292,4,30,-26
107000293,157,5,152
107000294,1,53,-52
107000295,55,4,51
107000296,0,10,-10
107000444,213,6,207
107000496,0,39,-39
107000497,1071,4311,-3240
107000500,206,488,-282
107000501,61,213,-152
107000502,107,485,-378
107000505,615,900,-285
107000506,0,20,-20
107000508,4,986,-982
107000509,249,490,-241
107000510,37,16,21
107000514,17,310,-293
107000515,21,457,-436
107000516,113,152,-39
107000518,349,252,97
107000519,4235,1485,2750
107000520,32,5,27
107000521,113,441,-328
107000522,167,524,-357
107900001,16,278,-262
107900002,26,0,26
107900003,60,4,56
107900004,28,0,28
107900005,230,0,230
107900006,61,1,60
107900007,66,12,54
107900008,25,28,-3
107900009,91,6,85
107900010,5,1,4
107900012,176,2,174
107900013,173,77,96
107900014,8,2,6
107900015,208,3,205
107900016,609,132,477
107900017,17,3,14
107900018,15,26,-11
107900019,7,99,-92
107900020,133,14,119
107900021,9,211,-202
107900023,0,1,-1
107900024,0,38,-38
107900025,251,517,-266
107900026,20,143,-123
107900027,19,162,-143
107900028,15,133,-118
107900030,110,10,100
107900031,37,253,-216
107900032,2,0,2
107900033,8,3,5
107900034,134,7,127
107900035,305,11,294
107900036,11,2,9
107900037,5,72,-67
107900038,134,64,70
107900039,6,64,-58
107900040,91,64,27
107900041,0,1,-1
107900043,20,133,-113
107900044,4,2,2
107900045,21,17,4
107900046,54,33,21
107900047,7,119,-112
107900048,26,7,19
107900049,290,1118,-828
107900050,93,376,-283
107900051,41,83,-42
107900052,14,2,12
107900053,11,94,-83
107900055,200,147,53
107900056,92,12,80
107900057,0,0,0
107900058,21,816,-795
107900060,13,45,-32
107900061,21,5,16
107900063,57,145,-88
107900064,212,10,202
107900065,62,8,54
107900066,2,5,-3
107900067,0,0,0
107900068,134,265,-131
107900069,28,350,-322
107900070,18,11,7
107900071,12,1155,-1143
107900072,19,277,-258
107900073,50,160,-110
107900074,974,88,886
107900076,60,60,0
107900077,28,0,28
107900078,163,13,150
107900079,1,11,-10
107900080,105,173,-68
107900081,4,100,-96
107900082,17,14,3
107900083,148,84,64
107900084,51,86,-35
107900086,34,60,-26
107900087,228,32,196
107900088,3,5,-2
107900089,344,1336,-992
107900090,450,488,-38
107900091,100,492,-392
107900092,2361,524,1837
107900093,57,69,-12
107900094,0,0,0
107900095,3275,928,2347
107900097,14,37,-23
107900098,24,123,-99
107900100,930,368,562
107900101,1183,107,1076
107900102,6,1,5
107900103,30,214,-184
107900104,131,6,125
107900105,6,711,-705
107900106,3,1791,-1788
107900107,1835,79,1756
107900108,298,44,254
107900109,203,3,200
107900110,4,118,-114
107900111,9,2058,-2049
107900112,69,202,-133
107900113,42,171,-129
107900114,44,266,-222
107900115,2,37,-35
107900116,18,273,-255
107900117,204,483,-279
107900118,67,149,-82
107900119,32,159,-127
107900120,18,5,13
107900121,2,193,-191
107900122,3,95,-92
107900123,0,27,-27
107900124,8,119,-111
107900125,28,189,-161
107900126,0,12,-12
107900127,844,58,786
107900128,85,38,47
107900129,4,57,-53
107900130,21,38,-17
107900131,162,34,128
107900132,82,459,-377
107900133,3,51,-48
107900134,8,12,-4
107900135,1,237,-236
107900136,69,29,40
107900137,93,67,26
107900138,24,24,0
107900139,11,58,-47
107900140,79,58,21
107900141,69,10,59
107900142,115,1150,-1035
107900143,54,41,13
107900144,0,211,-211
107900145,33,135,-102
107900146,35,105,-70
107900147,5,25,-20
107900148,118,157,-39
107900149,2610,110,2500
107900150,62,911,-849
107900151,1,122,-121
107900152,17,450,-433
107900153,112,128,-16
107900154,12,10,2
107900155,15,50,-35
107900156,0,464,-464
107900157,46,71,-25
107900158,220,5,215
107900159,45,1376,-1331
107900160,19,234,-215
107900161,5,264,-259
107900162,0,254,-254
107900163,107,42,65
107900164,2,25,-23
107900165,21,31,-10
107900166,6,289,-283
107900167,22,5,17
107900168,10,56,-46
107900169,1,210,-209
107900171,8,2281,-2273
107900172,1,402,-401
107900173,1,274,-273
107900174,30,7,23
107900175,5,10,-5
107900176,3,49,-46
107900177,5,362,-357
107900178,1,383,-382
107900179,3,151,-148
107900180,1374,116,1258
107900181,321,544,-223
107900182,5,1858,-1853
107900183,13,526,-513
107900184,49,314,-265
107900185,19,3,16
107900186,12,50,-38
107900187,0,163,-163
107900188,1129,96,1033
107900189,8,183,-175
107900190,196,25,171
107900191,23,175,-152
107900193,5,12,-7
107900194,56,0,56
107900195,5445,496,4949
107900196,50,117,-67
107900197,474,68,406
107900199,7,1387,-1380
107900201,43,144,-101
107900203,13,48,-35
107900204,232,228,4
107900205,146,521,-375
107900206,285,144,141
107900207,1,909,-908
107900208,9,1133,-1124
107900209,420,120,300
107900210,56,118,-62
107900213,255,396,-141
107900214,5,216,-211
107900215,167,312,-145
107900216,49,41,8
107900217,29,43,-14
107900218,22,2134,-2112
107900219,12,201,-189
107900220,181,56,125
107900221,197,247,-50
107900223,55,742,-687
107900224,118,358,-240
107900225,3,1026,-1023
107900226,28,115,-87
107900227,79,550,-471
107900228,8,101,-93
107900229,4,358,-354
107900230,3,197,-194
107900231,5,249,-244
107900232,9,268,-259
107900233,5,164,-159
107900234,32,171,-139
107900235,51,119,-68
107900236,26,125,-99
107900237,111,564,-453
107900238,9,113,-104
107900239,1458,402,1056
107900240,6,197,-191
107900241,4,113,-109
107900242,6,490,-484
107900243,3,46,-43
107900244,140,2,138
107900245,92,32,60
107900246,26,5,21
107900248,131,833,-702
107900249,171,10,161
107900250,2,759,-757
107900251,21,1580,-1559
107900252,209,9,200
107900253,19,2,17
107900254,32,378,-346
107900255,751,84,667
107900256,1444,911,533
107900257,43,63,-20
107900258,35,287,-252
107900259,87,370,-283
107900261,1,681,-680
107900262,41,139,-98
107900264,55,2,53
107900265,83,249,-166
107900267,36,13,23
107900268,87,6,81
107900269,0,6,-6
107900270,0,0,0
107900271,3,2,1
107900272,142,8,134
107900273,8,97,-89
107900274,20,0,20
107900275,10,1,9
107900276,0,61,-61
107900277,0,303,-303
107900278,61,355,-294
107900279,160,64,96
107900280,2565,1201,1364
107900281,4089,718,3371
107900282,27,135,-108
107900283,1812,318,1494
107900284,78,1046,-968
107900285,29,154,-125
107900286,109,87,22
107900287,56,85,-29
107900290,0,48,-48
107900291,126,5,121
107900292,85,300,-215
107900293,40,542,-502
107900295,12,157,-145
107900297,2,321,-319
107900298,734,1022,-288
107900299,4262,1034,3228
107900300,24,139,-115
107900301,549,199,350
107900302,56,22,34
107900303,27,338,-311
107900304,69,569,-500
107900305,115,4,111
107900306,20,1,19
107900307,33,339,-306
107900308,192,14,178
107900309,4,0,4
107900310,0,0,0
107900311,97,64,33
107900312,1,0,1
107900313,19,99,-80
107900314,0,48,-48
107900315,0,72,-72
107900316,8,0,8
107900317,13,1,12
107900318,0,127,-127
107900319,5,336,-331
107900320,2,173,-171
107900321,26,3,23
107900322,2,270,-268
107900323,6,179,-173
107900324,98,1,97
107900325,28,0,28
107900326,57,474,-417
107900327,0,0,0
107900328,0,0,0
107900329,0,0,0
107900330,5,609,-604
107900331,35,31,4
107900332,48,29,19
107900333,21,3,18
107900334,4,240,-236
107900335,20,36,-16
107900336,7,29,-22
107900337,1438,413,1025
107900338,2,130,-128
107900339,1,33,-32
107900340,0,48,-48
107900341,5,0,5
107900342,75,149,-74
107900343,12,0,12
107900344,2,58,-56
107900345,34,28,6
107900346,6,0,6
107900347,6,3,3
107900348,8,1,7
107900349,8,3,5
107900350,50,356,-306
108000001,2096,2171,-75
108000002,2607,3688,-1081
108000003,2426,1419,1007
108000004,17474,17071,403
108000005,3677,2232,1445
108000006,5179,6787,-1608
108000007,3792,2710,1082
108000008,4737,6826,-2089
108000009,1561,2377,-816
108000010,2269,5918,-3649
108000011,8102,6071,2031
108000012,18244,17724,520
108000014,322,455,-133
108000015,291,304,-13
108000016,135,623,-488
108000017,381,379,2
108000018,757,415,342
108000019,1269,480,789
108000020,602,272,330
108000021,352,1893,-1541
108000022,463,1654,-1191
108000023,725,124,601
108000024,95,822,-727
108000025,75,201,-126
108000026,177,730,-553
108000027,170,588,-418
108000028,112,296,-184
108000029,137,817,-680
108000030,212,208,4
108000031,108,779,-671
108000032,574,334,240
108000033,422,1515,-1093
108000034,687,296,391
108000035,727,2894,-2167
108000036,235,1615,-1380
108000037,771,222,549
108000038,1095,287,808
108000039,314,2637,-2323
108000040,703,373,330
108000041,636,3037,-2401
108000042,51,311,-260
108000043,105,341,-236
108000044,142,216,-74
108000045,115,927,-812
108000046,641,221,420
108000047,237,1291,-1054
108000048,89,580,-491
108000049,257,143,114
108000050,97,506,-409
108000051,89,38,51
108000052,287,812,-525
108000053,118,91,27
108000054,405,1038,-633
108000055,540,263,277
108000056,934,1143,-209
108000057,430,518,-88
108000058,1416,1567,-151
108000059,3189,1897,1292
108000060,55,312,-257
108000061,139,371,-232
108000062,260,388,-128
108000063,303,783,-480
108000064,50,330,-280
108000065,296,811,-515
108000066,1094,583,511
108000067,812,395,417
108000068,409,324,85
108000069,134,1243,-1109
108000070,616,431,185
108000071,371,2125,-1754
108000072,706,630,76
108000073,1134,2154,-1020
108000074,170,273,-103
108000075,200,910,-710
108000076,369,292,77
108000077,514,1080,-566
108000078,1099,983,116
108000079,1047,2465,-1418
108000080,488,472,16
108000081,426,3650,-3224
108000082,970,1712,-742
108000083,1169,600,569
108000084,248,1418,-1170
108000085,178,209,-31
108000086,765,912,-147
108000087,124,952,-828
108000088,56,7,49
108000089,151,252,-101
108000090,119,104,15
108000091,72,616,-544
108000092,56,64,-8
108000093,84,938,-854
108000094,200,98,102
108000095,91,718,-627
108000096,123,124,-1
108000097,63,638,-575
108000098,450,1430,-980
108000099,111,76,35
108000100,21,182,-161
108000101,797,821,-24
108000102,868,1608,-740
108000106,483,1,482
108000107,3,778,-775
108000108,235,10,225
108000109,3,945,-942
108000110,68,319,-251
108000111,93,666,-573
108000112,52,93,-41
108000113,531,353,178
108000115,421,397,24
108000117,722,225,497
108000118,113,88,25
108000119,753,422,331
108000120,68,424,-356
108000121,107,663,-556
108000122,196,267,-71
108000123,292,428,-136
108000124,188,636,-448
108000125,94,443,-349
108000126,47,858,-811
108000127,112,477,-365
108000128,149,1040,-891
108000129,121,1783,-1662
108000130,75,402,-327
108000131,415,101,314
108000132,1232,1351,-119
108000133,362,308,54
108000134,601,1030,-429
108000135,364,234,130
108000136,847,1417,-570
108000137,114,405,-291
108000138,169,1328,-1159
108000139,67,479,-412
108000140,14,17,-3
108000141,8,203,-195
108000142,24,97,-73
108000143,30,21,9
108000144,8,14,-6
108000145,9,34,-25
108000146,23,13,10
108000147,17,45,-28
108000148,20,2,18
108000149,18,31,-13
108000150,15,3,12
108000151,13,7,6
108000152,97,837,-740
108000153,102,87,15
108000154,19,14,5
108000155,7,7,0
108000156,330,98,232
108000157,94,262,-168
108000158,53,320,-267
108000159,552,80,472
108000160,5898,547,5351
108000161,5781,1063,4718
108000165,5,80,-75
108000172,3,96,-93
108000173,3002,921,2081
108000175,70,88,-18
108000178,440,461,-21
108000179,184,539,-355
108000181,27,46,-19
108000182,127,5,122
108000183,17,19,-2
108000184,1275,1006,269
108000185,37,813,-776
108000186,66,68,-2
108000187,29,1048,-1019
108000188,174,238,-64
108000189,384,510,-126
108000190,18,128,-110
108000192,50,757,-707
108000193,632,51,581
108000194,14,6,8
108000195,8,1285,-1277
108000196,90,70,20
108000198,236,425,-189
108000199,1,86,-85
108000200,143,971,-828
108000202,1,202,-201
108000203,33,1344,-1311
108000204,58,19,39
108000205,587,710,-123
108000339,1804,240,1564
108000364,157,135,22
108000365,20,429,-409
108000367,120,370,-250
108000368,7,42,-35
108000369,2193,111,2082
108000371,4,667,-663
108000372,158,1,157
108000373,82,165,-83
108000376,69,15,54
108000377,168,408,-240
108000378,8510,5767,2743
108000379,28,153,-125
108000381,19,16,3
108000382,43,0,43
108000383,0,98,-98
108900001,184,1430,-1246
108900002,311,52,259
108900003,396,1102,-706
108900004,23,79,-56
108900005,15,89,-74
108900006,339,115,224
108900007,70,171,-101
108900008,22,137,-115
108900009,24,101,-77
108900010,52,162,-110
108900011,124,325,-201
108900012,118,522,-404
108900013,45,239,-194
108900014,1,67,-66
108900015,0,14,-14
108900016,1,185,-184
108900017,102,161,-59
108900018,50,613,-563
108900019,9,1458,-1449
108900020,18,366,-348
108900021,74,391,-317
108900022,15,3,12
108900023,1,30,-29
108900024,4,185,-181
108900025,18,123,-105
108900026,18,98,-80
108900027,0,187,-187
108900028,22,642,-620
108900029,17,423,-406
108900030,0,176,-176
108900031,16,791,-775
108900032,5,321,-316
108900033,0,79,-79
108900034,0,322,-322
108900035,196,2301,-2105
108900036,130,389,-259
108900037,20,557,-537
108900038,1,529,-528
108900039,0,725,-725
108900040,2,116,-114
108900041,5932,1402,4530
108900042,3,276,-273
108900043,38,532,-494
108900044,2,983,-981
108900045,17,790,-773
108900046,68,1257,-1189
108900047,0,81,-81
108900048,35,1136,-1101
108900049,6286,663,5623
108900050,1,346,-345
108900051,0,257,-257
108900052,4,319,-315
108900053,75,95,-20
108900054,17,230,-213
108900055,42,583,-541
108900056,1,206,-205
108900057,3,230,-227
108900058,2,587,-585
108900059,132,8,124
108900060,19,69,-50
108900061,26,19,7
108900062,0,441,-441
108900063,5,577,-572
108900064,34,73,-39
108900065,8,331,-323
108900066,103,125,-22
108900067,18,311,-293
108900068,0,267,-267
108900069,16,150,-134
108900070,30,205,-175
108900071,22,44,-22
108900072,2894,144,2750
108900073,8,262,-254
108900074,19,630,-611
108900075,51,97,-46
108900076,75,50,25
108900077,87,335,-248
108900078,7,285,-278
108900079,735,289,446
108900080,12,265,-253
108900081,36,259,-223
108900082,19,136,-117
108900083,10,82,-72
108900084,366,114,252
108900085,2312,121,2191
108900086,21,497,-476
108900087,111,172,-61
108900088,338,216,122
108900089,8,48,-40
108900090,4,554,-550
108900091,161,119,42
108900092,120,197,-77
108900093,35,22,13
108900094,124,61,63
108900095,51,861,-810
108900096,424,30,394
108900097,153,208,-55
108900098,3975,246,3729
108900099,200,408,-208
108900100,28,123,-95
108900101,70,52,18
108900102,136,291,-155
108900103,20,45,-25
108900104,208,253,-45
108900105,5,310,-305
108900106,128,625,-497
108900108,122,10,112
108900109,29,17,12
108900110,33,525,-492
108900111,104,879,-775
108900112,37,7,30
108900113,12,13,-1
108900114,5,4,1
108900115,31,45,-14
108900116,8,6,2
108900117,41,18,23
108900118,106,2,104
108900119,42,25,17
108900120,38,103,-65
108900121,104,16,88
108900122,27,22,5
108900123,61,27,34
108900124,173,56,117
108900125,74,1,73
108900126,44,5,39
108900127,33,16,17
108900128,19,4,15
108900129,230,34,196
108900130,49,0,49
108900131,114,2,112
108900132,99,27,72
108900133,81,29,52
108900134,79,221,-142
108900135,41,10,31
108900136,2,0,2
108900137,30,0,30
108900138,151,4,147
108900139,122,35,87
108900140,51,262,-211
108900141,42,20,22
108900142,30,1,29
108900143,4,0,4
108900144,11,0,11
108900145,23,0,23
108900146,20,0,20
108900147,33,0,33
108900148,54,27,27
108900149,332,335,-3
108900150,111,0,111
108900151,9,3,6
108900152,12,4,8
108900153,17,632,-615
108900154,1914,209,1705
108900155,120,94,26
108900156,17,6,11
108900157,4,781,-777
108900158,91,36,55
108900159,8,428,-420
108900160,6,261,-255
108900161,6,676,-670
108900162,16,0,16
108900163,5,82,-77
108900164,18,94,-76
108900165,138,66,72
108900167,1739,1254,485
108900168,12385,1421,10964
108900169,13,119,-106
108900171,10251,1129,9122
108900172,85,14,71
108900173,207,336,-129
108900174,154,338,-184
108900176,74,795,-721
108900177,11230,1902,9328
108900178,6186,927,5259
108900179,255,488,-233
108900180,27,98,-71
108900182,15,86,-71
108900183,154,187,-33
108900184,197,131,66
108900185,17,247,-230
108900186,42,370,-328
108900187,63,31,32
108900188,100,36,64
108900189,92,125,-33
108900190,19,3577,-3558
108900191,100,9,91
108900192,27,294,-267
108900193,87,25,62
108900194,19,402,-383
108900195,23,407,-384
108900196,8,686,-678
108900198,3,672,-669
108900199,63,315,-252
108900200,155,301,-146
108900201,243,1052,-809
108900203,131,7,124
108900204,120,4,116
108900205,119,9,110
108900206,101,17,84
108900207,65,23,42
108900208,31,373,-342
108900209,177,750,-573
108900210,128,228,-100
108900211,103,130,-27
108900212,609,528,81
108900215,87,722,-635
108900216,222,97,125
108900217,28,0,28
108900218,32,1,31
108900219,10,3,7
108900220,15,6,9
108900221,33,51,-18
108900222,41,4,37
108900223,18,27,-9
108900224,27,57,-30
108900225,1,187,-186
108900226,92,4,88
108900227,30,38,-8
108900230,414,390,24
108900231,47,316,-269
108900232,4,494,-490
108900233,143,24,119
108900234,112,38,74
108900235,157,692,-535
108900236,27,454,-427
108900237,19,285,-266
108900240,35,78,-43
108900241,7,17,-10
108900245,0,362,-362
108900249,35,7,28
108900250,71,111,-40
108900257,44,710,-666
108900258,10,296,-286
108900259,12,46,-34
108900260,2,103,-101
108900261,169,127,42
108900262,298,78,220
108900263,31,432,-401
108900264,213,231,-18
108900265,1683,158,1525
108900266,1408,155,1253
108900267,0,29,-29
108900268,5,1,4
108900269,10,2,8
108900270,18,1,17
108900271,8,0,8
108900272,58,2,56
108900273,1056,310,746
108900274,12,51,-39
109000001,2645,788,1857
109000002,3948,1341,2607
109000003,1424,504,920
109000004,434,3192,-2758
109000005,1061,698,363
109000006,573,2420,-1847
109000007,668,585,83
109000008,285,2360,-2075
109000009,2400,794,1606
109000010,1382,4195,-2813
109000011,1389,1271,118
109000012,1387,4657,-3270
109000013,2206,1326,880
109000014,1437,4352,-2915
109000015,2278,2820,-542
109000016,11182,4729,6453
109000017,1244,903,341
109000018,632,3908,-3276
109000019,1456,768,688
109000020,1119,2449,-1330
109000023,136,10,126
109000024,1,152,-151
109000025,284,269,15
109000026,601,329,272
109000027,53,205,-152
109000028,61,96,-35
109000029,159,80,79
109000030,70,569,-499
109000031,75,73,2
109000032,27,592,-565
109000033,175,63,112
109000034,42,40,2
109000035,14,31,-17
109000036,100,349,-249
109000037,126,455,-329
109000038,605,319,286
109000039,489,260,229
109000040,5709,2375,3334
109000041,6177,875,5302
109000042,956,1010,-54
109000044,173,62,111
109000045,53,482,-429
109000046,125,83,42
109000047,38,492,-454
109000048,580,96,484
109000049,161,586,-425
109000050,221,157,64
109000051,262,349,-87
109000052,314,2088,-1774
109000053,83,151,-68
109000054,189,932,-743
109000055,58,184,-126
109000056,114,790,-676
109000057,150,207,-57
109000058,903,293,610
109000059,382,1160,-778
109000060,353,154,199
109000061,2009,467,1542
109000062,130,204,-74
109000063,145,242,-97
109000064,83,195,-112
109000065,66,553,-487
109000066,168,166,2
109000067,37,565,-528
109000068,126,2,124
109000069,484,6,478
109000070,4,786,-782
109000071,223,71,152
109000072,64,410,-346
109000073,31,93,-62
109000074,30,302,-272
109000075,64,466,-402
109000076,68,122,-54
109000077,310,286,24
109000078,26,134,-108
109000079,93,319,-226
109000080,53,137,-84
109000081,22,661,-639
109000082,177,337,-160
109000083,118,1035,-917
109000088,75,532,-457
109000089,81,23,58
109000090,175,550,-375
109000091,170,57,113
109000092,339,728,-389
109000093,146,69,77
109000094,96,3,93
109000095,60,775,-715
109000096,235,91,144
109000097,76,121,-45
109000098,26,35,-9
109000099,401,364,37
109000100,136,664,-528
109000101,526,861,-335
109000102,224,1176,-952
109000103,178,713,-535
109000104,613,543,70
109000105,265,2030,-1765
109000106,958,488,470
109000107,374,2338,-1964
109000108,668,418,250
109000109,349,2242,-1893
109000110,814,373,441
109000111,907,2769,-1862
109000112,260,232,28
109000113,127,230,-103
109000114,113,614,-501
109000115,814,34,780
109000116,4,269,-265
109000117,47,92,-45
109000118,23,415,-392
109000119,322,352,-30
109000120,69,1524,-1455
109000121,91,77,14
109000122,42,1331,-1289
109000123,21,85,-64
109000124,244,429,-185
109000125,501,359,142
109000126,277,1246,-969
109000127,352,179,173
109000128,250,3018,-2768
109000129,986,288,698
109000130,528,3144,-2616
109000131,421,188,233
109000132,495,1753,-1258
109000133,297,967,-670
109000134,476,1749,-1273
109000135,770,1276,-506
109000136,259,482,-223
109000137,79,287,-208
109000138,226,575,-349
109000139,155,461,-306
109000140,51,586,-535
109000141,148,571,-423
109000142,68,615,-547
109000143,49,64,-15
109000145,53,88,-35
109000146,45,100,-55
109000148,5174,1008,4166
109000149,17,21,-4
109000150,28,150,-122
109000155,201,466,-265
109000156,1000,1119,-119
109000158,67,264,-197
109000159,70,746,-676
109000160,345,315,30
109000161,205,1904,-1699
109000162,978,1094,-116
109000163,488,2142,-1654
109000164,593,2586,-1993
109000165,547,845,-298
109000166,298,130,168
109000167,52,1038,-986
109000170,30,62,-32
109000171,34,48,-14
109000172,34,63,-29
109000173,17,42,-25
109000174,32,75,-43
109000175,22,162,-140
109000176,115,405,-290
109000177,16,183,-167
109000178,250,442,-192
109000179,9153,2213,6940
109000180,6371,3500,2871
109000181,3,40,-37
109000182,13,71,-58
109000183,9,84,-75
109000184,17,26,-9
109000185,8,127,-119
109000188,925,3263,-2338
109000189,2379,1109,1270
109000190,319,607,-288
109000191,208,778,-570
109000192,104,345,-241
109000193,67,522,-455
109000194,61,162,-101
109000195,56,507,-451
109000196,145,99,46
109000197,103,651,-548
109000198,105,68,37
109000199,63,560,-497
109000206,84,59,25
109000207,33,55,-22
109000208,80,37,43
109000209,122,81,41
109000210,154,517,-363
109000211,135,524,-389
109000214,182,790,-608
109000215,52,54,-2
109000216,64,82,-18
109000217,116,91,25
109000218,144,86,58
109000221,185,1180,-995
109000222,322,62,260
109000223,176,211,-35
109000224,34,434,-400
109000225,31,46,-15
109000226,29,308,-279
109000227,525,1768,-1243
109000228,0,327,-327
109000231,6,628,-622
109000232,85,567,-482
109000236,112,918,-806
109000241,727,1807,-1080
109000242,562,1415,-853
109000293,2,39,-37
109000361,69,209,-140
109000364,255,716,-461
109000396,7,1134,-1127
109000397,125,4,121
109000399,98,588,-490
109000400,24,438,-414
109000403,20,158,-138
109000406,117,6,111
109000407,140,337,-197
109000408,4,699,-695
109000410,401,194,207
109000411,41,36,5
109900001,71,1,70
109900002,280,10,270
109900003,22,0,22
109900004,512,283,229
109900005,11,3,8
109900006,128,263,-135
109900007,213,1109,-896
109900008,0,37,-37
109900009,72,1573,-1501
109900010,234,9,225
109900011,22,20,2
109900012,174,160,14
109900013,131,81,50
109900014,71,37,34
109900015,196,50,146
109900016,40,67,-27
109900017,30,61,-31
109900018,149,158,-9
109900019,54,91,-37
109900020,5,13,-8
109900021,5,3,2
109900022,44,408,-364
109900023,6,1,5
109900024,3,0,3
109900025,3,85,-82
109900026,1,159,-158
109900027,6,1,5
109900028,3194,300,2894
109900029,6,556,-550
109900030,4,0,4
109900031,0,112,-112
109900032,4,294,-290
109900033,2,517,-515
109900034,2,0,2
109900035,8,15,-7
109900036,30,73,-43
109900037,18,561,-543
109900038,13,262,-249
109900039,3,0,3
109900040,17,922,-905
109900041,31,527,-496
109900042,18,687,-669
109900044,70,387,-317
109900045,15,34,-19
109900046,18,46,-28
109900047,311,340,-29
109900048,0,57,-57
109900049,2,25,-23
109900050,3,327,-324
109900051,1,73,-72
109900052,11,329,-318
109900053,7,570,-563
109900054,251,74,177
109900055,13,296,-283
109900056,8,65,-57
109900057,1,285,-284
109900058,2,125,-123
109900059,197,44,153
109900060,122,157,-35
109900061,70,357,-287
109900062,1,275,-274
109900063,3,351,-348
109900064,82,180,-98
109900065,99,159,-60
109900066,200,1241,-1041
109900067,1,504,-503
109900068,14,0,14
109900069,1,33,-32
109900070,57,381,-324
109900071,1,46,-45
109900072,7,165,-158
109900073,66,889,-823
109900074,5,103,-98
109900075,3,13,-10
109900076,11,318,-307
109900077,19,74,-55
109900078,87,220,-133
109900080,118,404,-286
109900081,3,85,-82
109900082,30,612,-582
109900083,8,42,-34
109900084,11,123,-112
109900085,123,1395,-1272
109900086,52,147,-95
109900087,123,308,-185
109900089,141,69,72
109900090,351,1088,-737
109900091,58,49,9
109900092,664,18,646
109900093,238,88,150
109900094,27,72,-45
109900095,204,223,-19
109900096,3,0,3
109900097,22,6,16
109900098,122,10,112
109900099,32,0,32
109900100,11,2,9
109900101,87,6,81
109900102,221,13,208
109900103,3,14,-11
109900104,129,1526,-1397
109900105,189,18,171
109900106,174,71,103
109900107,245,96,149
109900108,62,1486,-1424
109900109,12,356,-344
109900110,23,535,-512
109900111,154,1333,-1179
109900112,277,1196,-919
109900113,236,179,57
109900114,759,129,630
109900115,28,86,-58
109900117,307,101,206
109900118,168,414,-246
109900119,489,329,160
109900120,20,0,20
109900121,202,76,126
109900122,124,1,123
109900123,2,182,-180
109900124,22,898,-876
109900125,1,240,-239
109900126,38,205,-167
109900128,38,37,1
109900130,13373,927,12446
109900131,63,120,-57
109900132,18,193,-175
109900133,23,498,-475
109900134,39,34,5
109900135,382,37,345
109900136,44,230,-186
109900137,14,493,-479
109900140,114,401,-287
109900142,304,209,95
109900145,3,68,-65
109900146,238,29,209
109900148,21,65,-44
109900149,34,39,-5
109900150,8,75,-67
109900151,4,56,-52
109900152,0,43,-43
109900153,0,41,-41
109900154,0,0,0
109900155,8,4,4
109900157,28,259,-231
109900158,43,113,-70
109900159,85,15,70
109900160,35,46,-11
109900161,100,44,56
109900162,75,36,39
109900163,856,258,598
109900164,29,212,-183
109900165,145,4,141
109900166,1,267,-266
109900167,99,774,-675
109900168,84,832,-748
109900169,58,142,-84
109900170,225,311,-86
109900171,43,88,-45
109900172,41,146,-105
109900173,5313,755,4558
109900174,25,173,-148
109900175,24,93,-69
109900176,31,299,-268
109900177,17,438,-421
109900178,0,136,-136
109900179,0,51,-51
109900180,0,0,0
110000001,562,465,97
110000002,352,524,-172
110000003,1004,623,381
110000004,465,608,-143
110000005,757,1321,-564
110000006,664,347,317
110000007,66,233,-167
110000008,20,49,-29
110000009,8,64,-56
110000010,9,74,-65
110000011,13,119,-106
110000012,655,452,203
110000013,24,413,-389
110000014,655,372,283
110000015,480,633,-153
110000016,299,953,-654
110000017,5455,313,5142
110000018,4062,596,3466
110000019,12,259,-247
110000020,526,270,256
110000021,751,566,185
110000022,924,225,699
110000023,1,232,-231
110000024,569,436,133
110000025,94,1,93
110000026,13,790,-777
110000027,359,290,69
110000028,646,938,-292
110000029,277,915,-638
110000030,123,438,-315
110000031,134,644,-510
110000032,401,558,-157
110000033,84,140,-56
110000034,212,1365,-1153
110000035,318,1265,-947
110000036,456,1455,-999
110000037,103,1194,-1091
110000038,176,981,-805
110000039,482,1691,-1209
110000040,342,653,-311
110000041,70,569,-499
110000042,51,501,-450
110000043,352,96,256
110000044,94,85,9
110000045,763,53,710
110000046,4,7,-3
110000047,1,8,-7
110000048,2,13,-11
110000049,5,3,2
110000050,10,14,-4
110000051,10,1,9
110000052,18,29,-11
110000053,25,7,18
110000054,301,338,-37
110000055,419,26,393
110000056,57,60,-3
110000057,254,866,-612
110000058,467,748,-281
110000059,526,603,-77
110000060,393,982,-589
110000061,980,987,-7
110000062,658,884,-226
110000063,17,84,-67
110000064,51,158,-107
110000065,39,93,-54
110000066,12,64,-52
110000067,64,317,-253
110000068,55,623,-568
110000069,70,174,-104
110000071,15,249,-234
110000073,1,46,-45
110000075,7,145,-138
110000076,274,220,54
110000077,452,770,-318
110000078,4,112,-108
110000080,169,869,-700
110000081,10,362,-352
110000082,19,236,-217
110000083,217,783,-566
110000084,530,440,90
110000085,4246,1666,2580
110000086,1965,694,1271
110000087,3,49,-46
110000088,21,248,-227
110000089,170,192,-22
110000090,68,323,-255
110000091,1991,397,1594
110000092,37,97,-60
110000093,24,8,16
110000094,407,305,102
110000095,94,465,-371
110000096,4490,2031,2459
110000097,847,678,169
110000098,1248,424,824
110000099,978,1724,-746
110000100,167,1229,-1062
110000101,11,816,-805
110000102,22,34,-12
110000104,58,50,8
110000105,51,308,-257
110000106,193,145,48
110000107,339,633,-294
110000108,139,34,105
110000109,320,314,6
110000110,6601,3013,3588
110000111,10353,1640,8713
110000112,1396,362,1034
110000113,1093,640,453
110000114,189,377,-188
110000115,152,349,-197
110000116,31,44,-13
110000117,110,814,-704
110000118,194,338,-144
110000119,147,552,-405
110000120,188,217,-29
110000121,77,362,-285
110000122,262,652,-390
110000123,178,380,-202
110000124,4,1204,-1200
110000125,509,2,507
110000126,114,7,107
110000127,317,24,293
110000128,22,2206,-2184
110000129,7,689,-682
110000130,46,69,-23
110000131,56,403,-347
110000132,2,977,-975
110000133,54,256,-202
110000134,22,315,-293
110000135,146,34,112
110000136,26,409,-383
110000137,293,821,-528
110000138,301,1094,-793
110000139,495,1955,-1460
110000140,532,209,323
110000143,900,328,572
110000144,4983,846,4137
110000145,1302,902,400
110000146,3310,1146,2164
110000147,148,653,-505
110000148,245,443,-198
110000151,1219,766,453
110000152,1136,256,880
110000153,29,68,-39
110000154,58,13,45
110000155,2217,1762,455
110000156,815,1005,-190
110000157,2096,1481,615
110000160,392,463,-71
110000161,170,612,-442
110000166,174,127,47
110000167,514,444,70
110000168,546,253,293
110000169,197,268,-71
110000170,90,112,-22
110000171,423,340,83
110000172,89,1060,-971
110000173,1151,1739,-588
110000174,74,1690,-1616
110000175,326,182,144
110000176,81,281,-200
110000177,107,848,-741
110000178,629,797,-168
110000179,1555,282,1273
110000180,88,356,-268
110000181,188,510,-322
110000182,382,330,52
110000183,14128,4566,9562
110000184,727,1797,-1070
110000185,1968,672,1296
110000186,702,577,125
110000191,185,441,-256
110000192,196,1,195
110000193,210,1,209
110000194,8,1589,-1581
110000195,95,665,-570
110000196,128,619,-491
110000197,20,335,-315
110000198,37,98,-61
110000199,23,102,-79
110000200,1801,836,965
110000201,851,469,382
110000202,625,322,303
110000203,615,970,-355
110000204,3,450,-447
110000205,25,82,-57
110000206,604,2054,-1450
110000207,302,280,22
110000208,195,91,104
110000209,104,872,-768
110000210,332,661,-329
110000211,927,731,196
110000212,159,887,-728
110000213,49,90,-41
110000214,52,132,-80
110000215,44,752,-708
110000216,25,771,-746
110000217,93,292,-199
110000218,50,622,-572
110000219,90,91,-1
110000220,17,551,-534
110000221,153,134,19
110000222,20,359,-339
110000223,4,69,-65
110000224,63,11,52
110000225,109,523,-414
110000226,109,40,69
110000227,434,405,29
110000228,186,299,-113
110000229,0,324,-324
110000230,603,556,47
110000231,93,214,-121
110000232,60,236,-176
110000233,72,318,-246
110000234,905,438,467
110000235,907,1184,-277
110000236,208,1157,-949
110000237,1782,1045,737
110000238,722,1384,-662
110000239,774,1405,-631
110000240,0,127,-127
110000242,0,7,-7
110000243,47,233,-186
110000244,115,271,-156
110000245,23,391,-368
110000246,435,833,-398
110000247,3867,4479,-612
110000248,4714,1467,3247
110000249,62,5,57
110000250,19,277,-258
110000251,108,539,-431
110000252,200,345,-145
110000253,1061,369,692
110000254,1229,1729,-500
110000255,284,1441,-1157
110000256,346,178,168
110000257,843,372,471
110000258,1,574,-573
110000259,38,29,9
110000260,7,602,-595
110000263,1078,81,997
110000264,142,806,-664
110000265,959,1808,-849
110000266,2247,2646,-399
110000267,7,211,-204
110000268,244,624,-380
110000269,1,90,-89
110000270,18,2,16
110000271,2562,296,2266
110000272,604,817,-213
110000273,2545,1264,1281
110000274,305,1324,-1019
110000275,3752,470,3282
110000276,100,368,-268
110000277,117,404,-287
110000278,243,1020,-777
110000279,556,692,-136
110000280,143,550,-407
110000281,11,180,-169
110000282,150,60,90
110000283,12,87,-75
110000284,24,19,5
110000285,1,166,-165
110000286,11,0,11
110000287,33,0,33
110000288,8,110,-102
110000289,353,1158,-805
110000290,1609,694,915
110000291,7029,1352,5677
110000292,1161,6321,-5160
110000293,293,1170,-877
110000294,408,1186,-778
110000295,118,1047,-929
110000296,172,381,-209
110000297,4173,274,3899
110000298,636,559,77
110000299,1612,23,1589
110000301,309,5,304
110000302,206,1519,-1313
110000303,233,7,226
110000304,114,305,-191
110000305,415,7,408
110000306,96,2638,-2542
110000307,514,2,512
110000308,201,3,198
110000309,6,1859,-1853
110000310,446,87,359
110000311,25,1179,-1154
110000312,1237,29,1208
110000313,7159,1772,5387
110000314,1,270,-269
110000315,3189,1590,1599
110000316,501,1175,-674
110000317,638,386,252
110000318,3,83,-80
110000319,16,30,-14
110000320,44,79,-35
110000321,12,75,-63
110000322,118,689,-571
110000323,377,374,3
110000324,5954,1419,4535
110000325,2280,3037,-757
110000327,621,267,354
110000328,149,698,-549
110000333,937,619,318
110000334,691,1609,-918
110000335,1225,762,463
110000336,347,1507,-1160
110000337,617,577,40
110000338,88,279,-191
110000339,95,274,-179
110000340,58,163,-105
110000341,217,745,-528
110000342,368,5,363
110000343,0,8,-8
110000344,61,168,-107
110000345,93,131,-38
110000346,2597,1701,896
110000347,1182,990,192
110000348,1,34,-33
110000349,2,52,-50
110000350,40,4,36
110000351,378,1028,-650
110000352,275,1941,-1666
110000353,3510,1216,2294
110000354,707,2479,-1772
110000355,47,124,-77
110000356,388,6,382
110000357,230,26,204
110000361,9,89,-80
110000362,39,220,-181
110000363,98,150,-52
110000364,64,389,-325
110000365,162,2,160
110000366,0,86,-86
110000367,176,287,-111
110000368,0,91,-91
110000369,31,2,29
110000373,1,358,-357
110000374,36,5,31
110000375,119,848,-729
110000376,42,163,-121
110000377,18,262,-244
110000378,15,278,-263
110000379,4359,1110,3249
110000380,82,18,64
110000383,5,535,-530
110000384,1644,318,1326
110000385,1,223,-222
110000387,44,5,39
110000388,7,337,-330
110000389,200,4,196
110000391,285,544,-259
110000396,27,174,-147
110000397,23,287,-264
110000398,2,33,-31
110000399,107,1,106
110000587,24,62,-38
110000589,232,257,-25
110000640,107,229,-122
110000652,15,143,-128
110000653,79,490,-411
110000654,0,17,-17
110000656,1,681,-680
110000674,9,15,-6
110000675,50,20,30
110000676,3,42,-39
110000679,719,306,413
110000682,114,106,8
110000683,523,745,-222
110000684,1,64,-63
110000685,10,8,2
110000686,1,24,-23
110000687,5,1,4
110000688,37,343,-306
110000689,27,196,-169
110000692,87,276,-189
110000693,149,380,-231
110000694,2,96,-94
110000695,155,899,-744
110000696,123,203,-80
110900001,58,22,36
110900002,64,271,-207
110900003,144,1398,-1254
110900004,94,325,-231
110900005,5292,1012,4280
110900006,37,2,35
110900007,44,7,37
110900008,13,43,-30
110900009,191,22,169
110900010,3,94,-91
110900011,8,81,-73
110900012,2,159,-157
110900013,448,182,266
110900014,120,15,105
110900015,822,162,660
110900016,7,208,-201
110900017,134,58,76
110900018,303,34,269
110900019,40,12,28
110900020,15,732,-717
110900021,42,841,-799
110900022,58,580,-522
110900023,69,515,-446
110900024,21,643,-622
110900025,4,60,-56
110900027,16,262,-246
110900028,27,246,-219
110900029,68,562,-494
110900030,13,509,-496
110900031,2,220,-218
110900032,0,145,-145
110900033,30,327,-297
110900035,30,436,-406
110900036,22,36,-14
110900037,8,47,-39
110900038,1444,163,1281
110900039,15,259,-244
110900040,111,16,95
110900041,5,221,-216
110900042,41,46,-5
110900043,4,209,-205
110900044,158,16,142
110900045,21,979,-958
110900046,136,361,-225
110900047,906,59,847
110900049,54,20,34
110900050,4,1,3
110900051,31,215,-184
110900052,2,261,-259
110900053,25,67,-42
110900054,13,407,-394
110900055,7,0,7
110900056,73,77,-4
110900057,2,263,-261
110900058,59,334,-275
110900059,455,1109,-654
110900060,201,62,139
110900061,29,24,5
110900062,25,448,-423
110900063,8,101,-93
110900064,4,0,4
110900065,348,88,260
110900066,1,84,-83
110900067,707,472,235
110900068,309,251,58
110900069,1,24,-23
110900071,203,392,-189
110900073,0,27,-27
110900074,211,64,147
110900075,134,67,67
110900077,134,387,-253
110900078,7,180,-173
110900079,2188,433,1755
110900080,21,52,-31
110900081,4,185,-181
110900082,40,189,-149
110900083,56,19,37
110900084,10,277,-267
110900085,32,368,-336
110900086,48,95,-47
110900087,108,64,44
110900088,3,0,3
110900090,17,21,-4
110900091,0,67,-67
110900093,287,82,205
110900095,26,82,-56
110900097,3,32,-29
110900098,6,109,-103
110900099,53,591,-538
110900100,0,20,-20
110900102,7,8,-1
110900105,784,328,456
110900108,3,99,-96
110900111,163,59,104
110900112,204,1,203
110900113,554,23,531
110900115,2,88,-86
110900116,159,3041,-2882
110900118,170,721,-551
110900119,7226,229,6997
110900120,0,144,-144
110900121,99,0,99
110900122,171,169,2
110900125,86,219,-133
110900127,656,513,143
110900128,93,111,-18
110900129,221,114,107
110900130,1072,182,890
110900131,57,61,-4
110900132,132,28,104
110900133,49,396,-347
110900135,143,621,-478
110900136,105,4,101
110900137,547,7,540
110900138,530,484,46
110900139,4,22,-18
110900140,62,10,52
110900141,0,40,-40
110900142,30,209,-179
110900143,56,74,-18
110900144,2,737,-735
110900145,55,13,42
110900146,609,34,575
110900147,200,185,15
110900148,2,359,-357
110900149,0,83,-83
110900150,13,23,-10
110900151,1,90,-89
110900152,4,382,-378
110900153,35,31,4
111000001,214,322,-108
111000002,413,804,-391
111000003,308,368,-60
111000004,421,1297,-876
111000005,561,488,73
111000006,763,1404,-641
111000007,3990,1165,2825
111000008,3910,4035,-125
111000009,279,965,-686
111000010,360,236,124
111000011,446,989,-543
111000012,713,237,476
111000013,282,1343,-1061
111000014,838,530,308
111000017,144,533,-389
111000018,140,448,-308
111000020,3105,2327,778
111000021,40,168,-128
111000023,94,184,-90
111000025,7865,1912,5953
111000029,72,103,-31
111000030,34,45,-11
111000031,2347,591,1756
111000032,443,263,180
111000033,278,110,168
111000034,323,150,173
111000037,3354,1424,1930
111000038,2716,2649,67
111000039,1252,2355,-1103
111000040,1315,2627,-1312
111000041,1414,1561,-147
111000042,7482,3095,4387
111000043,1508,1164,344
111000044,806,371,435
111000045,927,1326,-399
111000046,753,976,-223
111000047,1095,1814,-719
111000049,223,558,-335
111000050,1814,1967,-153
111000051,331,1269,-938
111000052,586,1585,-999
111000053,363,1140,-777
111000054,330,1011,-681
111000055,1152,2381,-1229
111000056,93,854,-761
111000057,62,1119,-1057
111000058,79,104,-25
111000059,235,235,0
111000060,1992,515,1477
111000061,778,276,502
111000062,497,194,303
111000063,2104,782,1322
111000064,266,520,-254
111000065,565,769,-204
111000066,168,270,-102
111000067,334,736,-402
111000068,151,718,-567
111000069,1798,2523,-725
111000070,2855,1346,1509
111000071,177,944,-767
111000072,323,165,158
111000073,74,310,-236
111000074,1255,1094,161
111000075,307,706,-399
111000076,209,890,-681
111000077,727,1134,-407
111000078,1527,1155,372
111000079,1241,850,391
111000080,304,760,-456
111000081,2596,5416,-2820
111000082,440,740,-300
111000084,552,595,-43
111000085,783,2147,-1364
111000086,3836,1601,2235
111000087,776,1005,-229
111000088,7191,1663,5528
111000089,348,976,-628
111000090,1152,1508,-356
111000091,429,906,-477
111000092,565,1480,-915
111000093,518,854,-336
111000094,1610,784,826
111000095,835,1492,-657
111000096,3358,5200,-1842
111000097,7025,1254,5771
111000098,324,1765,-1441
111000099,297,2943,-2646
111000100,174,2855,-2681
111000101,381,1171,-790
111000102,42,1174,-1132
111000104,138,193,-55
111000107,36,976,-940
111000109,128,252,-124
111000110,436,489,-53
111000111,651,432,219
111000112,648,298,350
111000113,388,336,52
111000114,969,734,235
111000115,8608,757,7851
111000116,881,665,216
111000117,551,730,-179
111000118,1972,1005,967
111000119,657,1900,-1243
111000120,235,539,-304
111000121,166,520,-354
111000122,278,1148,-870
111000123,593,4045,-3452
111000124,336,4649,-4313
111000125,115,2612,-2497
111000126,66,1264,-1198
111000127,349,126,223
111000128,496,215,281
111000129,1034,287,747
111000130,569,726,-157
111000131,491,663,-172
111000132,415,354,61
111000133,64,188,-124
111000134,87,144,-57
111000135,63,123,-60
111000136,125,338,-213
111000138,3,14,-11
111000140,0,4,-4
111000141,103,269,-166
111000142,5,118,-113
111000143,1,101,-100
111000144,6,110,-104
111000145,48,0,48
111000146,13,1,12
111000147,60,4,56
111000148,118,151,-33
111000149,3,44,-41
111000150,9,6,3
111000151,0,10,-10
111000153,574,508,66
111000154,645,210,435
111000155,72,182,-110
111000156,383,157,226
111000157,72,303,-231
111000158,671,390,281
111000159,2981,649,2332
111000160,148,495,-347
111000161,6,256,-250
111000162,3,187,-184
111000163,224,881,-657
111000164,931,2731,-1800
111000165,1325,473,852
111000166,1073,320,753
111000167,155,591,-436
111000168,189,444,-255
111000169,185,475,-290
111000170,436,402,34
111000171,421,1123,-702
111000172,58,756,-698
111000173,123,1534,-1411
111000174,73,766,-693
111000175,20,313,-293
111000176,231,232,-1
111000177,64,329,-265
111000178,402,499,-97
111000179,61,263,-202
111000180,132,354,-222
111000181,356,255,101
111000182,84,150,-66
111000183,194,252,-58
111000184,217,235,-18
111000185,280,502,-222
111000186,143,346,-203
111000187,44,327,-283
111000188,85,528,-443
111000189,1732,734,998
111000190,162,716,-554
111000191,89,638,-549
111000192,134,792,-658
111000193,390,416,-26
111000194,8,505,-497
111000195,69,632,-563
111000196,16,476,-460
111000197,106,254,-148
111000198,183,137,46
111000199,62,183,-121
111000200,124,355,-231
111000201,189,238,-49
111000202,73,185,-112
111000203,174,175,-1
111000204,181,303,-122
111000213,78,403,-325
111000214,1070,1959,-889
111000215,553,1409,-856
111000217,596,973,-377
111000218,758,915,-157
111000219,271,242,29
111000220,3414,1135,2279
111000221,579,179,400
111000224,1,337,-336
111000225,164,143,21
111000226,125,2,123
111000227,38,10,28
111000228,14,141,-127
111000229,37,262,-225
111000230,152,614,-462
111000231,226,1796,-1570
111000232,178,1098,-920
111000233,184,1005,-821
111000234,26,165,-139
111000239,174,246,-72
111000240,20,53,-33
111000241,20,583,-563
111000242,24,34,-10
111000243,32,1100,-1068
111000244,92,89,3
111000245,267,691,-424
111000246,78,740,-662
111000247,72,1518,-1446
111000248,222,374,-152
111000249,409,1157,-748
111000250,28,178,-150
111000251,23,175,-152
111000253,0,0,0
111000255,0,0,0
111000257,0,0,0
111000260,34,1522,-1488
111000261,394,64,330
111000271,22,392,-370
111000273,7197,1435,5762
111000274,1107,2447,-1340
111000275,53,46,7
111000276,218,3058,-2840
111000277,101,675,-574
111000278,481,303,178
111000291,329,2270,-1941
111000298,225,254,-29
111000299,488,67,421
111000300,63,633,-570
111000302,123,87,36
111000303,59,253,-194
111000312,44,48,-4
111000315,1,262,-261
111000320,308,766,-458
111000321,211,37,174
111000322,87,684,-597
111000323,54,11,43
111000324,345,302,43
111000325,14,92,-78
111000326,74,473,-399
111000327,316,719,-403
111000328,141,432,-291
111000329,3,18,-15
111000330,8,8,0
111000331,3,4,-1
111000332,304,1200,-896
111000334,347,2107,-1760
111000335,202,102,100
111000337,196,454,-258
111000338,10,141,-131
111000339,78,944,-866
111000340,61,1093,-1032
111000341,338,124,214
111000342,24,237,-213
111000344,460,764,-304
111000345,45,24,21
111000346,3,93,-90
111000347,21,5,16
111000350,156,177,-21
111000351,76,255,-179
111000352,81,145,-64
111000353,98,280,-182
111000354,278,206,72
111000355,79,830,-751
111000358,67,2148,-2081
111000360,67,1287,-1220
111000361,59,521,-462
111000546,148,798,-650
111000547,112,813,-701
111000548,60,188,-128
111000549,109,520,-411
111000550,69,251,-182
111000551,661,105,556
111000552,180,65,115
111000907,130,112,18
111000908,9,0,9
111000916,319,249,70
111000917,35,420,-385
111000918,86,1418,-1332
111000920,129,4,125
111000921,1,430,-429
111000922,117,420,-303
111000924,25,1365,-1340
111000925,1019,1389,-370
111000926,822,3253,-2431
111000927,2872,2725,147
111000928,7456,4089,3367
111000929,644,835,-191
111000930,594,2838,-2244
111000931,941,1290,-349
111000932,3398,2710,688
111000933,2565,1431,1134
111000934,2567,3166,-599
111000935,543,1001,-458
111000936,576,2544,-1968
111000937,479,945,-466
111000938,1677,3012,-1335
111000939,151,26,125
111000940,157,279,-122
111000941,104,686,-582
111000943,72,290,-218
111000944,46,643,-597
111000945,33,2876,-2843
111001109,178,98,80
111001110,91,880,-789
111001111,9,0,9
111001112,52,1,51
111001113,24,52,-28
111001114,833,67,766
111001115,48,314,-266
111001116,5965,895,5070
111001117,639,414,225
111001120,84,427,-343
111001121,71,419,-348
111001122,156,964,-808
111001123,35,116,-81
111001124,41,499,-458
111900001,2,151,-149
111900002,4,951,-947
111900003,3,559,-556
111900004,20,246,-226
111900006,6,11,-5
111900007,16,3,13
111900008,26,2,24
111900009,44,177,-133
111900010,133,596,-463
111900012,69,121,-52
111900013,7,100,-93
111900014,9542,1214,8328
111900015,1,68,-67
111900016,3,230,-227
111900017,3,169,-166
111900018,33,1,32
111900019,1,61,-60
111900020,9,25,-16
111900021,15,71,-56
111900022,12,56,-44
111900023,134,48,86
111900024,1,103,-102
111900025,0,49,-49
111900026,1,148,-147
111900027,8,221,-213
111900028,4,552,-548
111900029,4,101,-97
111900030,73,481,-408
111900031,0,24,-24
111900032,4,484,-480
111900033,3,118,-115
111900034,122,640,-518
111900035,16,281,-265
111900036,2,460,-458
111900038,267,647,-380
111900039,59,535,-476
111900040,6,953,-947
111900042,51,76,-25
111900043,3,602,-599
111900044,145,225,-80
111900046,55,309,-254
111900048,32,1063,-1031
111900049,27,424,-397
111900050,28,14,14
111900051,2,269,-267
111900052,424,723,-299
111900053,1544,232,1312
111900054,51,0,51
111900055,44,929,-885
111900056,144,74,70
111900057,21,34,-13
111900058,83,1072,-989
111900059,2472,169,2303
111900060,128,0,128
111900061,19,388,-369
111900062,9,14,-5
111900063,65,211,-146
111900064,112,315,-203
111900065,21,6,15
111900066,23,85,-62
111900067,1,421,-420
111900068,16,17,-1
111900069,34,13,21
111900070,41,153,-112
111900071,1,369,-368
111900072,13,4,9
111900073,191,40,151
111900074,3,253,-250
111900075,18,5,13
111900076,27,12,15
111900077,2,1,1
111900078,76,5,71
111900079,4,4,0
111900080,191,46,145
111900082,26,5,21
111900083,10,4,6
111900084,24,0,24
111900085,22,14,8
111900086,26,1,25
111900087,20,0,20
111900088,94,4,90
111900089,19,1,18
111900090,55,14,41
111900091,23,4,19
111900092,12,1,11
111900093,91,3,88
111900094,11,0,11
111900095,98,6,92
111900096,14,0,14
111900097,10,0,10
111900098,54,0,54
111900099,7,0,7
111900100,30,3,27
111900101,20,4,16
111900102,175,1165,-990
111900103,50,13,37
111900104,43,87,-44
111900105,153,91,62
111900106,2192,60,2132
111900110,4307,156,4151
111900111,23,295,-272
111900112,979,752,227
111900113,274,55,219
111900118,66,11,55
111900119,115,38,77
111900122,62,9,53
111900123,11,5,6
111900124,20,120,-100
111900125,83,5,78
111900126,35,4,31
111900127,4,946,-942
111900128,4,650,-646
111900129,64,8,56
111900130,92,1,91
111900131,73,3,70
111900132,25,1486,-1461
111900133,3,426,-423
111900134,25,439,-414
111900135,0,3,-3
111900136,36,39,-3
111900137,43,38,5
111900138,1,102,-101
111900139,11,178,-167
111900140,11,27,-16
111900141,5,20,-15
111900142,28,10,18
111900143,10,346,-336
111900144,3,179,-176
111900145,5,864,-859
111900146,2,448,-446
111900147,192,615,-423
111900148,56,1106,-1050
111900149,15,552,-537
111900150,6,246,-240
111900151,0,30,-30
111900152,109,25,84
111900153,1533,116,1417
111900154,4,50,-46
111900155,46,19,27
111900156,10,17,-7
111900157,15,3,12
111900158,98,23,75
111900159,42,11,31
111900160,86,4,82
111900161,38,3,35
111900162,97,65,32
111900163,32,209,-177
111900164,22,26,-4
111901113,68,336,-268
111901114,31,445,-414
111901115,25,0,25
111901116,6,0,6
111901117,10,3,7
111901118,92,41,51
111901119,1699,95,1604
111901121,147,392,-245
111901122,7,616,-609
111901123,21,546,-525
111901124,60,1,59
111901125,79,161,-82
111901127,1089,147,942
111901128,15,124,-109
111901129,1,159,-158
111901130,16,339,-323
111901131,1,239,-238
111901132,30,5,25
111901133,8,2,6
111901134,12,1,11
111901135,2,2,0
111901136,7,2,5
111901137,0,6,-6
111901138,38,26,12
111901139,20,72,-52
111901140,5,188,-183
111901141,6,348,-342
111901142,4,163,-159
111901143,1,108,-107
111901144,20,14,6
111901145,158,121,37
111901146,155,8,147
112000001,1028,665,363
112000002,671,2961,-2290
112000003,421,774,-353
112000004,524,2204,-1680
112000005,1080,1349,-269
112000006,1346,2438,-1092
112000007,1109,1066,43
112000008,1715,2640,-925
112000009,4317,4378,-61
112000010,1796,2429,-633
112000011,2160,2940,-780
112000012,9555,1451,8104
112000013,9536,4191,5345
112000014,3263,527,2736
112000015,4118,2511,1607
112000016,5769,1105,4664
112000017,2181,1400,781
112000024,1955,760,1195
112000026,5694,6808,-1114
112000027,550,431,119
112000028,1796,2161,-365
112000029,213,483,-270
112000030,209,168,41
112000031,1928,1839,89
112000032,840,60,780
112000033,3499,729,2770
112000034,385,58,327
112000035,140,331,-191
112000036,977,674,303
112000037,1272,1344,-72
112000038,829,1169,-340
112000039,15,117,-102
112000040,166,431,-265
112000041,334,613,-279
112000042,892,363,529
112000050,391,1663,-1272
112000051,596,721,-125
112000054,1842,3132,-1290
112000057,752,417,335
112000058,464,513,-49
112000059,1062,474,588
112000061,8743,1865,6878
112000062,4890,660,4230
112000063,3124,739,2385
112000064,6531,7001,-470
112000065,2993,3508,-515
112000066,2469,864,1605
112000067,535,883,-348
112000068,1326,918,408
112000069,567,3644,-3077
112000070,1173,444,729
112000071,697,4365,-3668
112000072,647,923,-276
112000073,1037,2145,-1108
112000074,509,825,-316
112000075,682,911,-229
112000076,3368,3347,21
112000077,304,847,-543
112000078,928,1030,-102
112000079,1440,1871,-431
112000080,427,1350,-923
112000081,869,2133,-1264
112000082,838,707,131
112000083,392,2041,-1649
112000084,713,779,-66
112000085,705,1612,-907
112000086,1159,1817,-658
112000087,151,700,-549
112000088,233,873,-640
112000089,217,524,-307
112000090,270,507,-237
112000091,524,1615,-1091
112000092,718,700,18
112000093,1186,1440,-254
112000094,210,770,-560
112000095,342,900,-558
112000096,149,631,-482
112000097,377,577,-200
112000098,679,2272,-1593
112000099,450,551,-101
112000100,669,881,-212
112000101,253,1340,-1087
112000102,456,478,-22
112000103,153,1799,-1646
112000105,359,2648,-2289
112000106,448,345,103
112000107,8,183,-175
112000108,91,2085,-1994
112000109,19,62,-43
112000110,1082,342,740
112000111,1874,6889,-5015
112000112,5246,481,4765
112000113,1198,3089,-1891
112000114,2963,876,2087
112000115,107,726,-619
112000116,424,1107,-683
112000117,334,634,-300
112000118,562,1108,-546
112000119,340,1214,-874
112000120,45,506,-461
112000121,40,886,-846
112000122,97,165,-68
112000123,169,128,41
112000124,74,65,9
112000125,49,155,-106
112000126,47,1013,-966
112000127,3548,1025,2523
112000128,1789,612,1177
112000129,24,123,-99
112000130,31,40,-9
112000131,14,454,-440
112000132,30,319,-289
112000133,123,223,-100
112000134,445,515,-70
112000135,1118,630,488
112000136,1444,1520,-76
112000137,2013,1332,681
112000138,3425,1551,1874
112000139,544,198,346
112000140,837,1310,-473
112000141,224,216,8
112000142,93,1160,-1067
112000143,387,255,132
112000144,193,2081,-1888
112000145,1015,772,243
112000146,464,2730,-2266
112000147,1332,1546,-214
112000148,1279,2441,-1162
112000149,132,818,-686
112000150,65,892,-827
112000151,199,772,-573
112000152,168,407,-239
112000153,182,322,-140
112000154,45,218,-173
112000155,102,54,48
112000157,442,397,45
112000158,121,905,-784
112000159,145,414,-269
112000167,121,11,110
112000169,266,329,-63
112000173,338,272,66
112000175,241,453,-212
112000176,6661,1921,4740
112000177,159,83,76
112000178,52,779,-727
112000179,81,214,-133
112000180,194,259,-65
112000181,847,2207,-1360
112000182,350,2807,-2457
112000183,21,78,-57
112000184,168,683,-515
112000185,144,694,-550
112000187,1948,2353,-405
112000195,73,17,56
112000196,90,1,89
112000197,89,111,-22
112000198,31,653,-622
112000199,876,1426,-550
112000202,113,23,90
112000216,55,120,-65
112000230,14,11,3
112000231,3,698,-695
112000256,32,131,-99
112000313,173,338,-165
112000314,12,13,-1
112000337,162,649,-487
112000352,144,149,-5
112000392,3012,1289,1723
112000398,562,755,-193
112000399,1657,1280,377
112000400,1939,5377,-3438
112000401,2705,3691,-986
112000402,1141,1688,-547
112000403,1670,1615,55
112000404,235,476,-241
112000405,1189,2146,-957
112000406,3396,3856,-460
112000407,2795,5641,-2846
112000408,8853,8043,810
112000409,1771,5966,-4195
112000410,201,110,91
112000411,5666,770,4896
112000412,930,265,665
112000413,11601,1478,10123
112000414,34,144,-110
112000415,79,56,23
112000416,1097,1241,-144
112000417,140,74,66
112000421,20,203,-183
112000422,229,691,-462
112000424,2566,1254,1312
112000425,226,1287,-1061
112000426,95,284,-189
112000427,0,19,-19
112000428,36,517,-481
112000429,1777,3366,-1589
112000430,1456,3777,-2321
112000431,19,124,-105
112000432,418,2717,-2299
112000433,808,613,195
112000437,25,417,-392
112900001,34,4,30
112900002,86,1760,-1674
112900003,14,271,-257
112900004,19,367,-348
112900005,33,282,-249
112900006,7,473,-466
112900007,8,193,-185
112900008,1,6,-5
112900009,268,67,201
112900010,64,921,-857
112900011,334,282,52
112900012,0,38,-38
112900013,0,149,-149
112900014,2,473,-471
112900015,342,1196,-854
112900016,1,333,-332
112900017,20,214,-194
112900018,0,522,-522
112900019,92,184,-92
112900020,572,2143,-1571
112900021,3,269,-266
112900022,6,78,-72
112900023,0,434,-434
112900024,21,207,-186
112900025,47,156,-109
112900026,4,358,-354
112900027,10,1578,-1568
112900028,12,117,-105
112900029,4,838,-834
112900030,366,212,154
112900031,5,726,-721
112900032,63,318,-255
112900034,0,71,-71
112900035,5,600,-595
112900036,37,190,-153
112900037,121,53,68
112900038,116,126,-10
112900039,14,350,-336
112900040,3,376,-373
112900041,1744,616,1128
112900042,39,458,-419
112900043,6,24,-18
112900044,432,398,34
112900045,656,283,373
112900046,205,58,147
112900047,18,12,6
112900049,39,83,-44
112900050,62,685,-623
112900051,350,944,-594
112900052,17,1464,-1447
112900053,295,109,186
112900054,302,25,277
112900055,160,12,148
112900056,159,90,69
112900057,9,934,-925
112900058,210,60,150
112900059,61,151,-90
112900060,4,367,-363
112900061,23,142,-119
112900062,20,192,-172
112900063,41,1,40
112900064,137,101,36
112900065,24,8,16
112900066,119,40,79
112900067,717,139,578
112900068,16,11,5
112900069,3655,334,3321
112900071,5,0,5
112900072,231,460,-229
112900073,232,14,218
112900074,21,48,-27
112900075,2882,359,2523
112900076,50,4,46
112900078,68,158,-90
112900079,92,3,89
112900080,5,0,5
112900081,24,48,-24
112900082,123,6,117
112900083,8,17,-9
112900084,60,16,44
112900086,4,0,4
112900087,197,43,154
112900088,5,0,5
112900089,305,5,300
112900090,19,2,17
112900091,60,1,59
112900092,87,45,42
112900093,837,6,831
112900095,1,0,1
112900096,187,32,155
112900097,17,448,-431
112900098,35,0,35
112900099,180,2,178
112900100,17,0,17
112900101,72,0,72
112900102,108,2,106
112900103,101,1,100
112900104,17,0,17
112900105,0,0,0
112900106,265,81,184
112900107,2,0,2
112900108,2,0,2
112900109,16,1,15
112900110,175,9,166
112900111,154,0,154
112900112,53,0,53
112900113,0,21,-21
112900114,25,42,-17
112900115,214,0,214
112900116,22,42,-20
112900117,115,113,2
112900118,9,70,-61
112900119,36,2,34
112900120,656,187,469
112900121,223,159,64
112900122,14,180,-166
112900123,161,4,157
112900124,2,143,-141
112900125,98,321,-223
112900126,141,290,-149
112900127,127,36,91
112900128,623,800,-177
112900129,3,1351,-1348
112900130,67,48,19
112900131,39,255,-216
112900132,83,484,-401
112900133,17,1659,-1642
112900134,1,324,-323
112900135,40,18,22
112900137,8,1044,-1036
112900138,3,641,-638
112900139,152,1238,-1086
112900141,241,19,222
112900142,79,39,40
112900143,53,775,-722
112900144,2,416,-414
112900145,28,496,-468
112900146,9,1914,-1905
112900147,4,3044,-3040
112900148,10,0,10
112900149,171,699,-528
112900151,37,34,3
112900152,6601,1214,5387
112900153,1384,593,791
112900154,2,97,-95
112900155,32,0,32
112900156,62,2487,-2425
112900157,28,138,-110
112900158,7,17,-10
112900159,130,33,97
112900160,10,368,-358
112900161,29,21,8
112900162,28,5,23
112900163,84,16,68
112900164,13,71,-58
112900165,182,26,156
112900166,3,20,-17
112900167,12,15,-3
112900168,3,5,-2
112900169,2,3,-1
112900170,14,80,-66
112900172,105,5,100
112900173,266,137,129
112900174,122,8,114
112900175,127,45,82
112900176,21,4,17
112900177,78,11,67
112900178,391,863,-472
112900179,41,733,-692
112900180,835,4114,-3279
112900181,176,4,172
112900182,16,2017,-2001
112900183,71,166,-95
112900184,348,309,39
112900185,238,349,-111
112900186,2094,525,1569
112900187,66,266,-200
112900188,1165,327,838
112900189,21,29,-8
112900190,0,69,-69
112900192,245,127,118
112900193,766,173,593
112900194,12,113,-101
112900195,222,18,204
112900196,253,819,-566
112900197,88,649,-561
112900199,163,701,-538
112900200,191,282,-91
112900201,27,114,-87
112900202,70,1357,-1287
112900203,29,324,-295
112900204,608,254,354
112900205,0,10,-10
112900206,1,46,-45
112900207,2,0,2
112900208,57,41,16
112900209,298,456,-158
112900210,0,47,-47
112900211,54,134,-80
112900212,1,65,-64
112900213,2,15,-13
112900214,14,4,10
112900215,2,260,-258
112900216,26,50,-24
112900217,1,93,-92
112900218,2,17,-15
112900219,4,0,4
112900220,0,0,0
112900221,6,133,-127
112900222,0,9,-9
112900223,266,1,265
112900224,108,953,-845
112900225,158,705,-547
112900226,286,234,52
112900227,97,1991,-1894
112900228,11,30,-19
112900229,40,35,5
112900230,9799,2187,7612
112900232,138,98,40
112900233,14,222,-208
112900234,3,180,-177
112900235,27,6,21
112900236,31,9,22
112900237,29,378,-349
112900238,1,36,-35
112900239,578,203,375
113000001,4987,4945,42
113000002,3618,4002,-384
113000003,2039,2024,15
113000004,2121,2173,-52
113000005,1034,1084,-50
113000006,744,1376,-632
113000007,1146,1363,-217
113000008,1127,1921,-794
113000009,557,1014,-457
113000010,689,2024,-1335
113000011,617,2298,-1681
113000012,877,677,200
113000013,1231,404,827
113000014,2316,1651,665
113000015,949,286,663
113000016,508,362,146
113000017,79,325,-246
113000018,142,36,106
113000019,81,270,-189
113000020,68,37,31
113000021,434,697,-263
113000022,351,1549,-1198
113000025,103,367,-264
113000026,104,460,-356
113000027,577,350,227
113000028,1156,433,723
113000029,1010,558,452
113000030,626,724,-98
113000031,433,278,155
113000032,277,173,104
113000033,489,358,131
113000034,563,403,160
113000035,34,41,-7
113000036,26,65,-39
113000037,49,39,10
113000038,16,59,-43
113000039,120,657,-537
113000040,48,119,-71
113000042,842,754,88
113000051,516,1714,-1198
113000052,2472,1428,1044
113000053,245,830,-585
113000054,124,820,-696
113000055,549,1166,-617
113000056,450,1972,-1522
113000058,725,944,-219
113000059,1289,1078,211
113000060,67,648,-581
113000061,791,1231,-440
113000062,1596,176,1420
113000063,55,332,-277
113000064,13,568,-555
113000065,133,1649,-1516
113000066,255,51,204
113000067,948,1194,-246
113000068,416,2889,-2473
113000069,357,1985,-1628
113000070,740,706,34
113000071,233,1083,-850
113000072,227,435,-208
113000073,560,1774,-1214
113000074,890,222,668
113000075,1955,364,1591
113000076,1325,1683,-358
113000077,2311,421,1890
113000078,1639,1896,-257
113000079,1471,696,775
113000080,1250,581,669
113000081,1383,982,401
113000082,1727,881,846
113000083,728,816,-88
113000084,1781,1230,551
113000085,1243,651,592
113000086,995,1077,-82
113000087,1208,1009,199
113000088,2187,1295,892
113000089,953,2010,-1057
113000090,274,309,-35
113000091,984,270,714
113000094,559,156,403
113000095,231,1421,-1190
113000096,164,1095,-931
113000097,487,297,190
113000098,62,27,35
113000099,1063,215,848
113000100,177,529,-352
113000101,455,546,-91
113000102,522,164,358
113000103,2529,746,1783
113000104,253,2106,-1853
113000105,290,392,-102
113000106,337,802,-465
113000107,391,808,-417
113000108,736,1990,-1254
113000109,430,2771,-2341
113000110,1694,472,1222
113000111,81,472,-391
113000112,372,365,7
113000113,2990,265,2725
113000114,599,1111,-512
113000116,941,300,641
113000117,804,181,623
113000118,152,522,-370
113000119,131,530,-399
113000120,34,255,-221
113000121,678,1069,-391
113000124,79,192,-113
113000125,18,459,-441
113000127,3896,596,3300
113000128,534,578,-44
113000129,796,1122,-326
113000133,4967,874,4093
113000134,21,521,-500
113000135,2613,2108,505
113000137,3354,1389,1965
113000139,508,150,358
113000140,307,317,-10
113000141,660,107,553
113000142,1025,1072,-47
113000143,500,174,326
113000144,436,696,-260
113000145,65,166,-101
113000146,96,102,-6
113000147,103,182,-79
113000148,63,228,-165
113000149,101,151,-50
113000150,425,382,43
113000151,225,71,154
113000152,55,190,-135
113000153,2125,578,1547
113000154,693,966,-273
113000155,245,274,-29
113000156,170,542,-372
113000157,346,902,-556
113000158,436,146,290
113000159,662,430,232
113000160,565,1375,-810
113000161,210,951,-741
113000162,453,309,144
113000163,80,31,49
113000164,15,108,-93
113000166,50,58,-8
113000167,20,283,-263
113000168,55,323,-268
113000169,87,51,36
113000170,95,76,19
113000171,49,126,-77
113000172,150,83,67
113000173,31,11,20
113000174,82,755,-673
113000175,220,102,118
113000176,257,138,119
113000177,87,494,-407
113000178,180,478,-298
113000179,161,99,62
113000180,426,1574,-1148
113000181,571,1265,-694
113000182,236,230,6
113000183,193,621,-428
113000184,14,136,-122
113000189,907,618,289
113000190,2283,418,1865
113000192,2543,1339,1204
113000193,4698,722,3976
113000194,1715,1246,469
113000195,2076,489,1587
113000196,94,97,-3
113000197,1182,903,279
113000198,33,388,-355
113000199,1163,452,711
113000201,227,198,29
113000202,3686,1333,2353
113000203,381,107,274
113000204,1459,1297,162
113000205,15,21,-6
113000206,15,57,-42
113000207,39,36,3
113000208,19,55,-36
113000209,39,33,6
113000210,11,25,-14
113000211,329,104,225
113000212,296,14,282
113000213,30,67,-37
113000214,90,155,-65
113000234,87,1637,-1550
113000410,246,104,142
113000411,3369,4389,-1020
113000412,13997,1984,12013
113000413,5982,2150,3832
113000414,15921,11143,4778
113000415,3490,2538,952
113000416,12705,3603,9102
113000417,4812,2928,1884
113000418,4586,2864,1722
113000419,2577,1932,645
113000420,5178,3244,1934
113000421,5049,4492,557
113000422,23901,6462,17439
113000423,3828,3144,684
113000424,5785,6324,-539
113000425,16,40,-24
113000428,685,57,628
113000430,69,68,1
113000432,720,82,638
113000433,225,1185,-960
113000434,17,503,-486
113000435,17,1503,-1486
113000436,44,1895,-1851
113000437,197,0,197
113000438,78,5,73
113000439,12,244,-232
113000440,35,21,14
113000441,86,243,-157
113000442,116,473,-357
113000443,52,336,-284
113000444,58,528,-470
113000445,29,189,-160
113000446,29,136,-107
113000448,178,158,20
113000449,383,659,-276
113000450,718,1381,-663
113000451,1333,158,1175
113000452,445,241,204
113000453,102,219,-117
113000454,506,33,473
113000455,14,177,-163
113000456,4195,2126,2069
113000468,3032,357,2675
113000469,381,129,252
113000470,668,95,573
113000471,10,316,-306
113000472,32,329,-297
113000474,205,924,-719
113000475,1148,1932,-784
113000476,921,2394,-1473
113000477,1686,2776,-1090
113000478,3374,7181,-3807
113000479,66,410,-344
113000480,104,57,47
113000483,0,0,0
113000484,0,0,0
113000485,0,0,0
113000486,0,0,0
113000487,0,0,0
113000488,0,0,0
113000489,0,0,0
113000490,0,0,0
113000491,0,0,0
113000492,0,0,0
113000493,0,0,0
113000495,148,316,-168
113000496,52,104,-52
113000497,0,0,0
113000500,0,3,-3
113900001,0,64,-64
113900002,1,156,-155
113900003,0,95,-95
113900004,0,21,-21
113900005,0,18,-18
113900006,5,12,-7
113900007,28,11,17
113900008,27,0,27
113900009,117,0,117
113900010,67,0,67
113900011,8,0,8
113900012,2,0,2
113900013,276,2,274
113900014,627,1,626
113900015,1,61,-60
113900016,7,0,7
113900017,0,67,-67
113900018,501,40,461
113900019,33,62,-29
113900020,42,3,39
113900022,4,0,4
113900023,2,0,2
113900024,38,75,-37
113900025,521,37,484
113900026,32,0,32
113900027,1,46,-45
113900028,7,497,-490
113900029,14,395,-381
113900030,62,1,61
113900031,0,0,0
113900032,1,0,1
113900033,42,81,-39
113900035,31,1,30
113900036,13,86,-73
113900037,26,710,-684
113900038,100,42,58
113900039,56,5,51
113900040,3,0,3
113900041,0,0,0
113900042,24,39,-15
113900043,183,117,66
113900044,143,40,103
113900045,51,2,49
113900046,302,870,-568
113900047,11,172,-161
113900048,388,15,373
113900049,1049,115,934
113900050,128,335,-207
113900051,128,576,-448
113900052,224,94,130
113900053,403,158,245
113900054,2,6,-4
113900055,70,683,-613
113900056,31,171,-140
113900057,8,129,-121
113900058,22,221,-199
113900059,87,388,-301
113900060,143,337,-194
113900061,1046,47,999
113900062,45,10,35
113900063,51,185,-134
113900064,40,204,-164
113900065,480,14,466
113900066,144,641,-497
113900067,32,547,-515
113900068,261,313,-52
113900069,145,15,130
113900070,295,542,-247
113900071,31,57,-26
113900072,36,196,-160
113900073,91,450,-359
113900074,12,553,-541
113900075,591,779,-188
113900076,132,9,123
113900077,22,298,-276
113900078,11,78,-67
113900079,0,81,-81
113900080,289,123,166
113900081,26,290,-264
113900082,90,216,-126
113900083,94,996,-902
113900084,128,76,52
113900085,26,369,-343
113900086,4,20,-16
113900087,23,243,-220
113900088,23,35,-12
113900089,219,33,186
113900090,287,266,21
113900091,17,19,-2
113900092,27,67,-40
113900093,64,391,-327
113900094,102,682,-580
113900095,55,71,-16
113900096,49,40,9
113900097,2,127,-125
113900098,262,40,222
113900099,1,93,-92
113900100,0,2,-2
113900101,12,41,-29
113900102,57,81,-24
113900103,190,352,-162
113900104,65,102,-37
113900105,13,448,-435
113900106,0,117,-117
113900107,1,24,-23
113900108,175,139,36
113900109,317,111,206
113900110,26,18,8
113900111,27,129,-102
113900112,30,101,-71
113900113,374,406,-32
113900114,1,134,-133
113900115,1,155,-154
113900116,62,93,-31
113900117,34,7,27
113900118,108,157,-49
113900119,379,213,166
113900120,23,39,-16
113900121,18,72,-54
113900122,175,1050,-875
113900123,193,150,43
113900124,0,78,-78
113900125,1568,161,1407
113900126,87,32,55
113900127,213,316,-103
113900128,50,39,11
113900129,5,65,-60
113900130,0,11,-11
113900131,50,65,-15
113900132,18,47,-29
113900133,22,19,3
113900135,142,540,-398
113900136,79,74,5
113900137,157,121,36
113900138,44,110,-66
113900139,802,75,727
113900140,573,106,467
113900141,118,526,-408
113900142,40,75,-35
113900143,6,13,-7
113900144,547,99,448
113900145,184,241,-57
113900146,28,57,-29
113900148,121,123,-2
113900149,133,23,110
113900150,1328,527,801
113900151,104,218,-114
113900152,9,65,-56
113900153,553,420,133
113900154,0,96,-96
113900155,250,48,202
113900156,196,854,-658
113900157,16,179,-163
113900158,723,130,593
113900159,9,211,-202
113900160,337,968,-631
113900161,19,147,-128
113900162,979,449,530
113900163,378,186,192
113900164,115,38,77
113900165,655,608,47
113900166,294,62,232
113900167,202,32,170
113900168,131,176,-45
113900169,131,514,-383
113900171,68,31,37
113900172,20,304,-284
113900173,30,771,-741
113900174,330,835,-505
113900175,146,61,85
113900176,118,867,-749
113900177,206,222,-16
113900178,279,86,193
113900179,13,880,-867
113900180,133,146,-13
113900181,290,102,188
113900182,449,1151,-702
113900183,29,84,-55
113900184,20,552,-532
113900185,134,104,30
113900186,24,57,-33
113900187,31,219,-188
113900188,26,167,-141
113900189,115,54,61
113900190,281,133,148
113900191,109,263,-154
113900192,4,276,-272
113900193,34,343,-309
113900194,2050,1175,875
113900195,278,518,-240
113900196,3,160,-157
113900197,3,330,-327
113900198,9,152,-143
113900199,167,760,-593
113900200,8,309,-301
113900201,4,376,-372
113900202,44,221,-177
113900203,3,304,-301
113900204,23,751,-728
113900205,11,127,-116
113900206,8,159,-151
113900207,0,90,-90
113900208,0,72,-72
113900209,3,123,-120
113900210,503,452,51
113900211,86,24,62
113900212,67,766,-699
113900214,595,341,254
113900215,40,153,-113
113900216,31,1823,-1792
113900217,34,389,-355
113900218,99,24,75
113900219,94,639,-545
113900220,77,46,31
113900221,257,151,106
113900222,344,356,-12
113900223,42,1593,-1551
113900224,151,63,88
113900225,895,179,716
113900226,262,106,156
113900227,307,154,153
113900228,466,318,148
113900229,17,592,-575
113900230,5329,1230,4099
113900231,108,238,-130
113900232,40,110,-70
113900233,12,39,-27
113900234,132,299,-167
113900235,28,39,-11
113900236,24,430,-406
113900237,65,7,58
113900238,147,239,-92
113900239,44,57,-13
113900240,1,67,-66
113900241,86,59,27
113900242,63,160,-97
113900243,130,488,-358
113900244,551,160,391
113900245,1645,249,1396
113900246,31,20,11
113900247,129,140,-11
113900248,4758,759,3999
113900249,1238,172,1066
113900250,17,95,-78
113900251,197,211,-14
113900252,205,9,196
113900253,363,13,350
113900254,143,33,110
113900255,198,10,188
113900256,163,24,139
113900257,31,948,-917
113900258,6,643,-637
113900259,177,249,-72
113900260,61,33,28
113900261,19,164,-145
113900262,109,940,-831
113900263,37,563,-526
113900264,4,837,-833
113900265,91,339,-248
113900266,31,257,-226
113900267,116,531,-415
113900268,177,300,-123
113900269,64,142,-78
113900270,227,428,-201
113900271,532,1696,-1164
113900273,10,2,8
113900274,16,13,3
113900275,20,59,-39
113900276,4,307,-303
113900277,20,4,16
113900278,382,208,174
113900279,145,88,57
113900280,1098,468,630
113900281,302,997,-695
113900282,818,356,462
113900283,294,364,-70
113900284,590,104,486
113900285,98,17,81
113900286,19,136,-117
113900287,8,82,-74
113900288,2,72,-70
113900289,1946,58,1888
113900290,571,54,517
113900291,103,214,-111
113900292,5,12,-7
113900293,4,271,-267
113900294,223,16,207
113900295,732,236,496
113900296,3073,297,2776
113900297,416,30,386
113900298,8,1829,-1821
113900299,7,191,-184
113900300,7478,2056,5422
113900301,888,166,722
113900302,2841,616,2225
113900303,770,131,639
113900304,0,259,-259
113900305,21,1,20
113900306,1,0,1
113900307,82,0,82
113900308,98,108,-10
113900309,1,1121,-1120
113900310,0,41,-41
113900311,0,0,0
113900312,52,110,-58
113900313,26,7,19
114000001,1119,4057,-2938
114000002,100,555,-455
114000003,83,393,-310
114000004,304,665,-361
114000005,161,484,-323
114000006,6916,2744,4172
114000007,765,1912,-1147
114000008,2321,1158,1163
114000009,208,205,3
114000011,1947,3686,-1739
114000012,1088,3360,-2272
114000013,755,2583,-1828
114000014,460,575,-115
114000015,766,677,89
114000016,209,578,-369
114000017,96,242,-146
114000018,549,129,420
114000026,560,2317,-1757
114000027,1107,2463,-1356
114000028,1471,1989,-518
114000038,80,214,-134
114000039,66,155,-89
114000040,78,247,-169
114000042,68,275,-207
114000043,25,291,-266
114000044,56,102,-46
114000045,46,138,-92
114000046,4261,5811,-1550
114000047,17,101,-84
114000048,47,101,-54
114000049,2175,1223,952
114000050,2744,1183,1561
114000051,6614,1418,5196
114000052,3620,1209,2411
114000053,37,443,-406
114000054,50,1921,-1871
114000055,227,34,193
114000056,1210,686,524
114000057,10469,2640,7829
114000058,400,502,-102
114000059,235,156,79
114000060,339,1251,-912
114000061,3842,1259,2583
114000062,1802,677,1125
114000063,4826,2040,2786
114000064,9153,2520,6633
114000065,2075,2418,-343
114000066,268,626,-358
114000067,43,349,-306
114000068,527,372,155
114000069,966,456,510
114000070,2644,1383,1261
114000071,341,851,-510
114000072,97,456,-359
114000073,16,167,-151
114000074,5,21,-16
114000075,21,254,-233
114000076,9,255,-246
114000077,4,102,-98
114000078,89,2165,-2076
114000079,51,46,5
114000080,74,167,-93
114000081,38,75,-37
114000082,94,855,-761
114000083,25,348,-323
114000084,80,98,-18
114000085,117,1186,-1069
114000086,87,1059,-972
114000087,29,422,-393
114000088,27,87,-60
114000089,1955,671,1284
114000090,698,506,192
114000091,2091,391,1700
114000092,1270,291,979
114000093,913,787,126
114000094,285,516,-231
114000095,60,72,-12
114000096,103,768,-665
114000097,78,1380,-1302
114000098,175,53,122
114000099,117,1238,-1121
114000100,349,874,-525
114000101,172,1899,-1727
114000102,125,289,-164
114000103,104,686,-582
114000104,8,422,-414
114000105,17,60,-43
114000106,909,341,568
114000107,78,119,-41
114000108,2553,1536,1017
114000109,235,302,-67
114000110,566,2368,-1802
114000111,443,319,124
114000112,225,2027,-1802
114000113,347,309,38
114000114,1131,1833,-702
114000115,699,484,215
114000116,290,462,-172
114000117,870,288,582
114000118,760,225,535
114000119,496,175,321
114000120,552,1134,-582
114000121,334,672,-338
114000122,262,233,29
114000123,435,242,193
114000124,222,237,-15
114000125,691,2107,-1416
114000126,516,152,364
114000127,100,210,-110
114000128,468,584,-116
114000130,229,300,-71
114000131,103,44,59
114000132,773,1335,-562
114000133,1748,1888,-140
114000134,47,346,-299
114000138,100,234,-134
114000139,1112,101,1011
114000144,476,270,206
114000145,92,245,-153
114000146,76,550,-474
114000147,739,575,164
114000148,2064,1045,1019
114000149,488,150,338
114000150,1256,805,451
114000151,804,811,-7
114000152,243,30,213
114000153,1416,1373,43
114000154,977,846,131
114000155,1911,1296,615
114000156,1101,442,659
114000157,333,693,-360
114000158,3039,881,2158
114000159,266,504,-238
114000160,235,267,-32
114000161,1671,881,790
114000162,1230,630,600
114000163,12,257,-245
114000165,191,148,43
114000166,750,171,579
114000167,6338,1402,4936
114000168,902,806,96
114000169,2530,458,2072
114000170,1041,401,640
114000171,425,723,-298
114000174,249,501,-252
114000176,797,475,322
114000177,2158,930,1228
114000178,18,91,-73
114000179,1183,531,652
114000180,310,615,-305
114000181,1620,1694,-74
114000182,7284,2218,5066
114000183,1216,1162,54
114000184,5187,2168,3019
114000185,827,863,-36
114000189,203,28,175
114000190,923,117,806
114000191,12,29,-17
114000192,357,2042,-1685
114000193,979,4231,-3252
114000194,1036,1411,-375
114000195,47,2,45
114000196,3,453,-450
114000197,413,5,408
114000198,1261,374,887
114000199,1719,855,864
114000200,672,3442,-2770
114000201,106,1524,-1418
114000202,791,974,-183
114000203,320,1016,-696
114000204,91,467,-376
114000205,305,2432,-2127
114000206,271,1429,-1158
114000207,612,3016,-2404
114000208,547,4288,-3741
114000209,671,4145,-3474
114000210,294,2348,-2054
114000211,733,1603,-870
114000212,592,743,-151
114000213,922,719,203
114000214,41,355,-314
114000215,67,86,-19
114000216,406,151,255
114000217,52,384,-332
114000218,61,357,-296
114000219,484,337,147
114000220,8,1733,-1725
114000221,263,80,183
114000222,184,1476,-1292
114000223,202,46,156
114000224,99,838,-739
114000225,58,530,-472
114000226,36,260,-224
114000227,502,480,22
114000228,357,1165,-808
114000229,383,1457,-1074
114000230,933,1910,-977
114000231,450,1322,-872
114000232,229,133,96
114000233,885,187,698
114000234,692,1340,-648
114000235,451,1749,-1298
114000236,4,714,-710
114000237,49,1477,-1428
114000238,28,157,-129
114000239,170,1851,-1681
114000240,469,722,-253
114000241,244,1436,-1192
114000242,998,1073,-75
114000243,649,736,-87
114000244,380,338,42
114000245,243,726,-483
114000246,103,41,62
114000247,408,784,-376
114000248,496,451,45
114000249,346,496,-150
114000250,191,602,-411
114000251,75,377,-302
114000252,38,162,-124
114000253,68,381,-313
114000254,10,152,-142
114000255,527,138,389
114000256,1619,422,1197
114000257,547,2988,-2441
114000258,92,742,-650
114000259,44,364,-320
114000260,0,31,-31
114000261,17,13,4
114000262,37,277,-240
114000263,1,2,-1
114000264,245,932,-687
114000265,2,5,-3
114000267,4,1099,-1095
114000268,1,2503,-2502
114000270,78,1,77
114000271,186,116,70
114000283,435,517,-82
114000285,55,397,-342
114000288,40,501,-461
114000289,968,107,861
114000293,90,377,-287
114000294,171,539,-368
114000395,612,50,562
114000396,190,250,-60
114000402,174,415,-241
114000403,190,680,-490
114000405,84,909,-825
114000423,51,692,-641
114000424,199,351,-152
114000425,139,843,-704
114000426,199,425,-226
114000427,28,183,-155
114000428,272,75,197
114000429,5,310,-305
114000432,26,143,-117
114000434,12,169,-157
114000435,7,211,-204
114000436,2044,587,1457
114000437,98,194,-96
114900001,192,2074,-1882
114900002,307,72,235
114900003,208,2862,-2654
114900004,87,152,-65
114900005,197,1253,-1056
114900006,8,24,-16
114900007,52,8,44
114900008,66,21,45
114900010,3074,2198,876
114900011,31,62,-31
114900013,63,39,24
114900015,21,150,-129
114900018,661,51,610
114900020,44,65,-21
114900022,2,552,-550
114900024,30,177,-147
114900025,196,323,-127
114900026,10,48,-38
114900027,238,307,-69
114900029,9,11,-2
114900030,105,297,-192
114900031,50,20,30
114900032,81,27,54
114900033,1557,268,1289
114900034,45,394,-349
114900035,150,219,-69
114900036,225,1659,-1434
114900037,77,290,-213
114900038,147,1541,-1394
114900039,621,1027,-406
114900040,29,274,-245
114900041,196,924,-728
114900042,403,1124,-721
114900043,760,436,324
114900044,41,21,20
114900046,56,167,-111
114900047,138,1252,-1114
114900048,20,229,-209
114900049,11,258,-247
114900050,11,835,-824
114900051,11,661,-650
114900052,105,243,-138
114900053,66,262,-196
114900054,43,156,-113
114900057,135,3,132
114900058,0,116,-116
114900059,34,18,16
114900060,2076,278,1798
114900061,87,238,-151
114900062,403,270,133
114900063,42,320,-278
114900064,337,997,-660
114900065,125,793,-668
114900067,14,429,-415
114900068,64,195,-131
114900069,335,244,91
114900070,174,951,-777
114900072,10,307,-297
114900073,0,297,-297
114900074,128,1318,-1190
114900075,57,0,57
114900076,6,447,-441
114900080,4034,457,3577
114900082,4848,1758,3090
114900083,516,842,-326
114900090,118,87,31
114900091,95,219,-124
114900095,483,155,328
114900096,846,686,160
114900097,31,1,30
114900098,1,251,-250
114900099,35,2,33
115000001,10816,8645,2171
115000002,2442,3039,-597
115000003,3937,6175,-2238
115000004,1802,4395,-2593
115000005,1157,3516,-2359
115000006,359,1325,-966
115000007,35,150,-115
115000008,340,430,-90
115000009,119,424,-305
115000010,242,179,63
115000013,98,99,-1
115000015,64,168,-104
115000016,274,178,96
115000019,8,379,-371
115000020,197,192,5
115000021,228,393,-165
115000022,433,425,8
115000023,228,298,-70
115000024,1040,626,414
115000025,575,339,236
115000026,161,407,-246
115000027,114,226,-112
115000028,103,616,-513
115000029,174,162,12
115000030,166,806,-640
115000031,447,266,181
115000032,7,285,-278
115000033,79,11,68
115000034,106,971,-865
115000035,585,14,571
115000036,1,435,-434
115000037,136,1,135
115000038,39,216,-177
115000039,2766,1662,1104
115000040,7706,2594,5112
115000041,1292,2031,-739
115000042,801,609,192
115000043,2669,2438,231
115000044,3444,5044,-1600
115000045,1531,3121,-1590
115000046,1119,2191,-1072
115000047,961,2005,-1044
115000048,1339,4078,-2739
115000049,1352,3358,-2006
115000050,2037,1666,371
115000051,2060,1115,945
115000052,4031,2177,1854
115000053,1147,1014,133
115000054,982,1921,-939
115000055,36,422,-386
115000056,98,246,-148
115000057,242,625,-383
115000058,239,110,129
115000059,159,324,-165
115000061,117,109,8
115000062,55,314,-259
115000063,133,415,-282
115000064,116,224,-108
115000065,31,197,-166
115000067,149,15,134
115000069,25,285,-260
115000070,28,658,-630
115000071,59,6,53
115000072,19,53,-34
115000073,1170,25,1145
115000075,31,51,-20
115000076,3368,4326,-958
115000077,1007,5129,-4122
115000078,380,2480,-2100
115000079,876,2915,-2039
115000080,1237,3544,-2307
115000081,323,1129,-806
115000082,2275,2778,-503
115000083,1304,4477,-3173
115000084,762,1067,-305
115000085,362,1419,-1057
115000086,333,1090,-757
115000087,470,1729,-1259
115000088,1297,590,707
115000089,1678,1755,-77
115000090,922,544,378
115000091,228,1569,-1341
115000092,226,275,-49
115000093,294,2,292
115000094,8876,4575,4301
115000095,6958,4052,2906
115000096,466,2861,-2395
115000097,299,825,-526
115000098,382,1041,-659
115000099,935,4173,-3238
115000100,466,547,-81
115000101,353,1902,-1549
115000102,228,168,60
115000103,440,1140,-700
115000105,70,271,-201
115000106,133,208,-75
115000107,159,785,-626
115000108,4424,3532,892
115000109,5753,1931,3822
115000110,1164,659,505
115000111,800,1559,-759
115000112,553,413,140
115000113,1026,908,118
115000114,1489,918,571
115000116,3354,1055,2299
115000117,4067,1434,2633
115000118,2130,1353,777
115000119,2358,1676,682
115000120,906,522,384
115000121,2075,778,1297
115000122,4346,744,3602
115000123,2272,1062,1210
115000124,531,475,56
115000125,348,631,-283
115000126,98,288,-190
115000127,272,187,85
115000128,1318,733,585
115000129,201,155,46
115000130,208,1639,-1431
115000131,245,316,-71
115000132,98,729,-631
115000133,147,432,-285
115000134,119,226,-107
115000135,194,251,-57
115000136,167,232,-65
115000137,183,216,-33
115000138,107,215,-108
115000139,119,377,-258
115000140,66,212,-146
115000141,110,452,-342
115000142,47,394,-347
115000143,174,498,-324
115000144,215,136,79
115000145,83,551,-468
115000146,160,211,-51
115000147,310,660,-350
115000148,304,2191,-1887
115000149,286,153,133
115000150,496,2171,-1675
115000151,383,472,-89
115000152,440,2642,-2202
115000153,356,469,-113
115000154,337,425,-88
115000155,462,1821,-1359
115000156,594,589,5
115000157,873,1097,-224
115000158,712,367,345
115000159,595,424,171
115000160,571,524,47
115000161,476,770,-294
115000162,582,391,191
115000163,664,553,111
115000164,453,496,-43
115000165,302,325,-23
115000167,73,48,25
115000168,567,329,238
115000169,598,509,89
115000170,60,168,-108
115000171,187,180,7
115000172,2221,714,1507
115000173,252,285,-33
115000174,29,148,-119
115000175,75,98,-23
115000176,184,28,156
115000177,145,107,38
115000178,8,366,-358
115000179,16,26,-10
115000180,50,802,-752
115000181,197,140,57
115000182,334,405,-71
115000183,93,1361,-1268
115000186,557,308,249
115000187,120,828,-708
115000188,414,402,12
115000189,230,452,-222
115000190,596,231,365
115000191,366,365,1
115000194,166,108,58
115000195,339,197,142
115000196,66,122,-56
115000197,104,530,-426
115000198,110,252,-142
115000199,116,450,-334
115000200,211,91,120
115000201,52,555,-503
115000206,95,64,31
115000207,28,415,-387
115000208,663,719,-56
115000209,276,154,122
115000210,80,93,-13
115000211,187,230,-43
115000212,1277,328,949
115000224,106,52,54
115000225,68,49,19
115000229,267,149,118
115000230,42,510,-468
115000231,290,2727,-2437
115000232,580,336,244
115000233,67,314,-247
115000234,7,227,-220
115000241,47,300,-253
115000242,34,355,-321
115000243,14,315,-301
115000244,4,118,-114
115000246,19,6,13
115000247,26,8,18
115000248,16,5,11
115000249,23,9,14
115000250,80,59,21
115000251,47,191,-144
115000252,36,203,-167
115000253,10,161,-151
115000258,94,222,-128
115000259,233,134,99
115000261,8,60,-52
115000262,7,13,-6
115000263,6,50,-44
115000264,3,35,-32
115000267,28,61,-33
115000268,22,104,-82
115000269,53,56,-3
115000270,1,23,-22
115000272,47,131,-84
115000273,132,16,116
115000280,2830,75,2755
115000281,746,135,611
115000282,1687,325,1362
115000284,377,67,310
115000296,337,3,334
115000297,168,21,147
115000298,128,76,52
115000300,42,252,-210
115000302,127,204,-77
115000303,221,196,25
115000304,279,121,158
115000305,72,1436,-1364
115000306,70,853,-783
115000307,29,390,-361
115000308,86,18,68
115000309,26,9,17
115000310,526,1799,-1273
115000311,294,1745,-1451
115000313,84,1015,-931
115000314,122,40,82
115000315,1362,216,1146
115000316,14,47,-33
115000317,132,738,-606
115000318,353,223,130
115000319,19,289,-270
115000320,12,143,-131
115000321,161,12,149
115000322,21,280,-259
115000449,456,107,349
115000557,3,331,-328
115000558,143,66,77
115000587,233,307,-74
115000588,2122,4881,-2759
115000589,2462,2565,-103
115000590,973,1837,-864
115000591,2150,582,1568
115000592,749,1474,-725
115000593,1246,396,850
115000594,794,1359,-565
115000609,148,75,73
115000617,1848,1071,777
115000624,76,104,-28
115000633,353,2131,-1778
115000634,2263,596,1667
115000635,176,123,53
115000638,1518,789,729
115000641,101,96,5
115000642,385,257,128
115000643,91,575,-484
115000644,130,570,-440
115000646,642,833,-191
115000647,159,508,-349
115000648,533,1853,-1320
115000893,3527,685,2842
115000894,45,1428,-1383
115000895,187,1009,-822
115000896,643,286,357
115000897,493,64,429
115000898,968,209,759
115000899,1201,911,290
115000900,78,356,-278
115000901,56,81,-25
115000912,177,55,122
115000913,4,50,-46
115000915,18,2,16
115000916,0,0,0
115000917,0,1,-1
115000918,90,138,-48
115000919,17,13,4
115000920,38,40,-2
115000921,1838,67,1771
115000922,777,335,442
115000923,489,696,-207
115000925,27,27,0
115000927,10,17,-7
115000933,244,117,127
115000934,61,348,-287
115000935,27,104,-77
115000936,33,146,-113
115000937,1066,130,936
115000938,72,86,-14
115000939,74,52,22
115900001,24,140,-116
115900002,212,198,14
115900003,67,131,-64
115900004,0,48,-48
115900005,43,4,39
115900006,55,545,-490
115900008,13,16,-3
115900009,52,374,-322
115900010,86,234,-148
115900011,197,316,-119
115900012,30,149,-119
115900013,415,158,257
115900014,127,217,-90
115900015,22,150,-128
115900016,51,24,27
115900017,3,0,3
115900018,212,112,100
115900019,600,28,572
115900020,3,0,3
115900021,2067,64,2003
115900022,2867,11,2856
115900023,6,2,4
115900025,117,136,-19
115900026,1079,416,663
115900027,0,650,-650
115900028,564,60,504
115900029,4,850,-846
115900030,14,5,9
115900031,255,95,160
115900032,289,773,-484
115900033,0,48,-48
115900034,11,678,-667
115900035,22,178,-156
115900036,264,192,72
115900037,21,617,-596
115900038,4,10,-6
115900039,63,405,-342
115900041,248,178,70
115900042,6,4,2
115900043,24,220,-196
115900044,215,204,11
115900046,101,324,-223
115900047,43,28,15
115900049,86,290,-204
115900051,1,132,-131
115900052,12,449,-437
115900053,43,384,-341
115900054,35,65,-30
115900055,10,213,-203
115900056,85,548,-463
115900057,4,1,3
115900058,34,107,-73
115900060,23,174,-151
115900061,46,0,46
115900062,14,461,-447
115900063,25,11,14
115900064,167,256,-89
115900065,18,160,-142
115900066,179,250,-71
115900067,3,990,-987
115900068,4959,120,4839
115900069,125,194,-69
115900070,85,337,-252
115900071,2,936,-934
115900072,106,279,-173
115900073,9,12,-3
115900074,0,430,-430
115900075,15,458,-443
115900076,4,120,-116
115900077,21,416,-395
115900078,59,131,-72
115900079,51,12,39
115900080,450,191,259
115900081,20,106,-86
115900082,191,149,42
115900084,81,14,67
115900085,51,42,9
115900086,1891,481,1410
115900088,14,15,-1
115900089,97,1006,-909
115900090,60,7,53
115900091,0,25,-25
115900092,12,309,-297
115900093,1,56,-55
115900094,6,564,-558
115900096,0,21,-21
115900097,11,779,-768
115900098,48,536,-488
115900099,45,117,-72
115900100,14,655,-641
115900101,54,481,-427
115900102,9,150,-141
115900103,99,261,-162
115900104,17,227,-210
115900105,51,925,-874
115900106,9,22,-13
115900107,11,254,-243
115900108,13,33,-20
115900109,37,571,-534
115900110,1,19,-18
115900111,4,102,-98
115900112,28,1115,-1087
115900113,14,16,-2
115900114,2,187,-185
115900115,10,214,-204
115900116,62,1448,-1386
115900117,16,10,6
115900118,2,493,-491
115900119,40,104,-64
115900120,11,604,-593
115900121,62,325,-263
115900124,103,213,-110
115900125,104,21,83
115900126,215,49,166
115900127,249,22,227
115900128,10,72,-62
115900129,329,14,315
115900130,51,162,-111
115900131,105,23,82
115900132,96,7,89
115900134,78,7,71
115900135,672,460,212
115900137,1,17,-16
115900139,48,16,32
115900140,49,7,42
115900141,7,20,-13
115900142,3,8,-5
115900143,74,228,-154
115900144,28,148,-120
115900146,1,151,-150
115900147,151,196,-45
115900148,0,27,-27
115900149,16,46,-30
115900150,20,119,-99
115900151,5,54,-49
115900152,19,407,-388
115900153,20,231,-211
115900154,535,286,249
115900155,0,121,-121
115900156,393,755,-362
115900157,56,494,-438
115900158,51,9,42
115900159,14,328,-314
115900160,3,3,0
115900161,26,220,-194
115900163,113,136,-23
115900164,109,79,30
115900165,2,86,-84
115900166,138,233,-95
115900168,16,186,-170
115900171,55,341,-286
115900172,17,173,-156
115900173,86,145,-59
115900174,186,229,-43
115900175,42,123,-81
115900178,4,921,-917
115900179,34,14,20
115900180,32,445,-413
115900181,74,347,-273
115900182,128,378,-250
115900183,93,7,86
115900184,1060,43,1017
115900187,5,140,-135
115900189,0,51,-51
115900190,738,356,382
115900191,49,680,-631
115900192,0,56,-56
115900193,137,18,119
115900194,190,16,174
115900195,452,490,-38
115900198,235,247,-12
115900199,110,313,-203
115900200,476,375,101
115900201,250,244,6
115900202,0,8,-8
115900203,1,0,1
115900204,0,1,-1
115900205,36,3,33
115900206,41,143,-102
115900207,9,18,-9
115900208,36,482,-446
115900209,2,184,-182
115900210,1,157,-156
115900211,2,287,-285
115900212,71,419,-348
115900213,7,15,-8
115900214,119,347,-228
115900215,26,20,6
115900216,10,100,-90
115900217,1,73,-72
115900218,1,84,-83
115900219,19,0,19
115900220,22,12,10
115900221,16,18,-2
115900222,10,9,1
115900223,4,40,-36
115900224,1993,186,1807
115900225,67,19,48
115900226,7,58,-51
115900227,2,44,-42
115900228,6,46,-40
115900229,2,65,-63
115900230,55,90,-35
115900231,80,2,78
115900232,12,3,9
115900233,43,19,24
115900234,27,15,12
115900235,4,17,-13
115900236,11,41,-30
115900237,3,38,-35
115900238,15,17,-2
115900239,6,41,-35
115900240,1,91,-90
115900241,36,122,-86
115900242,115,102,13
115900243,1,18,-17
115900244,1,21,-20
115900245,7,14,-7
115900246,73,1,72
115900247,10,1,9
115900248,3,2,1
115900249,0,4,-4
115900250,0,4,-4
115900251,0,14,-14
115900252,1,2,-1
115900253,1,33,-32
115900254,13,21,-8
115900255,4,8,-4
115900256,18,4,14
115900257,1,5,-4
115900258,0,0,0
115900259,0,4,-4
115900260,15,5,10
115900261,17,4,13
115900262,1,2,-1
115900263,7,3,4
115900264,12,8,4
115900265,0,7,-7
115900266,6,9,-3
115900267,4,3,1
115900268,7,5,2
115900269,97,565,-468
115900270,95,1023,-928
115900271,8,0,8
115900272,11,0,11
115900273,1,3,-2
115900274,2,18,-16
115900275,0,42,-42
115900276,0,122,-122
115900277,0,199,-199
115900278,12,82,-70
115900279,5,111,-106
115900280,30,120,-90
115900281,461,68,393
115900282,11,1,10
115900283,0,21,-21
115900284,3,7,-4
116000001,24435,5871,18564
116000002,3647,4495,-848
116000003,1753,2392,-639
116000004,1099,1663,-564
116000005,2338,3351,-1013
116000006,1399,971,428
116000007,5736,4868,868
116000008,6040,1213,4827
116000009,1732,3278,-1546
116000010,957,686,271
116000011,741,2077,-1336
116000012,391,535,-144
116000013,20129,5410,14719
116000014,24503,4438,20065
116000015,522,529,-7
116000016,10095,1354,8741
116000017,34,336,-302
116000018,743,420,323
116000019,461,250,211
116000020,449,1547,-1098
116000021,125,236,-111
116000022,232,534,-302
116000023,468,358,110
116000024,677,1587,-910
116000025,387,373,14
116000026,1177,2568,-1391
116000027,467,482,-15
116000028,362,439,-77
116000029,1263,659,604
116000030,258,238,20
116000031,147,281,-134
116000032,68,361,-293
116000033,138,497,-359
116000034,364,835,-471
116000035,148,638,-490
116000036,1782,401,1381
116000037,458,277,181
116000038,432,225,207
116000039,616,293,323
116000040,869,331,538
116000041,319,616,-297
116000042,281,254,27
116000043,50,534,-484
116000044,6,64,-58
116000045,954,629,325
116000046,848,781,67
116000047,1590,1677,-87
116000048,1573,1256,317
116000049,507,1486,-979
116000050,937,1695,-758
116000051,1431,1268,163
116000052,2167,3495,-1328
116000053,902,1017,-115
116000054,460,2673,-2213
116000055,251,1966,-1715
116000056,296,786,-490
116000057,2740,2879,-139
116000058,2962,1939,1023
116000059,2096,2473,-377
116000060,3563,918,2645
116000061,598,855,-257
116000062,413,280,133
116000063,335,1378,-1043
116000066,92,180,-88
116000067,236,715,-479
116000068,122,123,-1
116000069,173,626,-453
116000078,133,781,-648
116000080,940,1250,-310
116000082,16,213,-197
116000083,817,289,528
116000084,2364,4347,-1983
116000085,1520,778,742
116000086,2168,1506,662
116000087,917,776,141
116000088,834,1640,-806
116000089,97,92,5
116000090,154,139,15
116000091,246,60,186
116000093,1142,616,526
116000094,309,865,-556
116000095,367,526,-159
116000096,500,1303,-803
116000097,301,804,-503
116000098,300,3674,-3374
116000099,9352,314,9038
116000100,39,9,30
116000101,245,1890,-1645
116000102,142,1457,-1315
116000103,269,209,60
116000104,75,1834,-1759
116000105,425,238,187
116000106,117,1310,-1193
116000107,785,596,189
116000108,8,149,-141
116000111,33,22,11
116000113,96,43,53
116000114,27,185,-158
116000115,153,47,106
116000116,144,773,-629
116000117,744,1496,-752
116000118,744,1877,-1133
116000119,1210,1259,-49
116000120,1950,5855,-3905
116000121,508,338,170
116000122,1217,2946,-1729
116000123,283,345,-62
116000124,263,1458,-1195
116000125,1081,449,632
116000126,325,1805,-1480
116000127,813,1908,-1095
116000128,819,649,170
116000129,286,247,39
116000130,118,180,-62
116000133,303,920,-617
116000134,957,3576,-2619
116000135,858,1320,-462
116000136,955,2706,-1751
116000137,372,594,-222
116000138,1665,591,1074
116000139,1512,2330,-818
116000140,63,222,-159
116000141,331,1307,-976
116000142,4176,4162,14
116000143,1826,1492,334
116000144,1082,3762,-2680
116000145,1165,1567,-402
116000146,156,471,-315
116000147,121,130,-9
116000148,190,400,-210
116000149,206,490,-284
116000151,395,1099,-704
116000153,42,379,-337
116000155,117,190,-73
116000156,1448,1155,293
116000157,28,25,3
116000158,104,529,-425
116000159,8,4,4
116000160,14,138,-124
116000161,11,116,-105
116000162,50,39,11
116000163,5,4,1
116000164,2,11,-9
116000177,27,97,-70
116000194,49,469,-420
116000195,971,605,366
116000196,1,0,1
116000197,0,0,0
116000198,1501,861,640
116000200,730,162,568
116000201,426,714,-288
116000202,6,315,-309
116000203,2,103,-101
116000204,15,40,-25
116000205,0,218,-218
116000206,0,138,-138
116000207,1,43,-42
116000233,62,1076,-1014
116000287,77,743,-666
116000288,46,262,-216
116000292,25,146,-121
116000296,12,412,-400
116000297,54,7,47
116000304,12,72,-60
116000305,1,164,-163
116000346,48,268,-220
116000352,25,110,-85
116000354,16,61,-45
116000357,1,65,-64
116000358,87,21,66
116000361,121,2,119
116000372,11376,1627,9749
116000381,29,0,29
116000388,0,53,-53
116000389,413,500,-87
116000445,108,984,-876
116000446,135,1211,-1076
116000447,5,502,-497
116000448,491,251,240
116000563,812,387,425
116000565,91,594,-503
116000568,32,99,-67
116000579,23,148,-125
116000584,4,14,-10
116000585,9,8,1
116000586,256,94,162
116000587,73,520,-447
116000589,12,121,-109
116000590,45,38,7
116000591,35,292,-257
116000592,8,184,-176
116000593,2,52,-50
116000594,130,745,-615
116000595,272,291,-19
116000596,23,6,17
116000597,100,73,27
116000598,18,327,-309
116000602,139,131,8
116000605,179,151,28
116000606,12,87,-75
116000607,3,9,-6
116000609,141,428,-287
116000611,32,684,-652
116000612,383,1850,-1467
116000613,144,311,-167
116000614,393,1080,-687
116000615,2,110,-108
116000616,12,208,-196
116000617,43,191,-148
116000618,1,233,-232
116000619,4,44,-40
116000620,18,29,-11
116000621,41,54,-13
116000622,18,121,-103
116000624,26,60,-34
116000627,1,40,-39
116000628,24,959,-935
116000629,13,675,-662
116000630,91,150,-59
116000631,19,116,-97
116000632,105,624,-519
116000633,7,1101,-1094
116000634,104,47,57
116000635,1823,939,884
116000636,647,723,-76
116000637,67,20,47
116000638,7,916,-909
116900001,84,121,-37
116900002,289,0,289
116900003,4,84,-80
116900004,22,19,3
116900005,69,65,4
116900006,236,146,90
116900007,73,218,-145
116900008,101,629,-528
116900009,10,1,9
116900010,4,2150,-2146
116900011,19,51,-32
116900012,131,215,-84
116900013,5,226,-221
116900014,15,436,-421
116900015,142,107,35
116900016,35,1,34
116900017,4,913,-909
116900018,15,34,-19
116900019,1,514,-513
116900020,2347,245,2102
116900023,29,11,18
116900024,88,100,-12
116900025,270,1414,-1144
116900026,146,821,-675
116900027,10,68,-58
116900028,1,144,-143
116900029,14,15,-1
116900031,0,14,-14
116900032,5,463,-458
116900033,2,2,0
116900034,6,73,-67
116900035,61,220,-159
116900036,1,78,-77
116900038,14,1,13
116900041,12,11,1
116900042,1056,191,865
116900043,9,70,-61
116900047,96,32,64
116900049,45,236,-191
116900050,37,385,-348
116900051,28,417,-389
116900052,107,77,30
116900055,0,3,-3
116900057,5,343,-338
116900058,37,503,-466
116900059,2,190,-188
116900060,84,297,-213
116900062,1,13,-12
116900064,39,1230,-1191
116900065,6,89,-83
116900067,55,166,-111
116900068,77,719,-642
116900070,0,3,-3
116900072,8,595,-587
116900073,6,238,-232
116900074,3,42,-39
116900076,3,13,-10
116900077,8,256,-248
116900078,222,178,44
116900079,3,449,-446
116900080,13,20,-7
116900081,214,1627,-1413
116900082,136,1354,-1218
116900083,31,83,-52
116900084,100,52,48
116900085,12,171,-159
116900086,18,234,-216
116900088,505,59,446
116900090,148,70,78
116900091,53,125,-72
116900092,43,860,-817
116900093,2084,1392,692
116900094,8275,1489,6786
116900095,77,194,-117
116900096,66,67,-1
116900097,3568,1046,2522
116900098,1088,163,925
116900099,373,263,110
116900100,265,5,260
116900101,237,807,-570
116900103,1,1,0
116900104,23,54,-31
116900105,88,19,69
116900106,401,658,-257
116900107,5025,896,4129
116900110,1,0,1
116900111,100,1556,-1456
116900112,128,945,-817
116900113,3436,631,2805
116900116,78,143,-65
116900117,13,91,-78
116900118,1280,480,800
116900120,58,107,-49
116900121,28,67,-39
116900122,181,1232,-1051
116900123,57,1108,-1051
116900124,105,1006,-901
116900125,85,274,-189
116900126,264,420,-156
116900128,0,50,-50
116900129,2,513,-511
116900130,1399,2040,-641
116900131,28,150,-122
116900132,8,65,-57
116900133,27,106,-79
116900134,115,199,-84
116900136,160,157,3
116900137,192,156,36
116900138,74,221,-147
116900139,51,397,-346
116900140,105,218,-113
116900141,285,393,-108
116900142,4,14,-10
116900143,117,607,-490
116900144,10,15,-5
116900145,59,461,-402
116900147,505,310,195
116900148,0,14,-14
116900149,8,106,-98
116900150,2,12,-10
116900151,76,16,60
116900153,30,41,-11
116900154,377,108,269
116900155,35,40,-5
116900157,115,348,-233
116900158,15,43,-28
116900159,34,125,-91
116900160,407,215,192
116900161,11349,2665,8684
116900162,2,196,-194
116900163,28,185,-157
116900164,15,25,-10
116900165,40,57,-17
116900166,7,103,-96
116900167,163,56,107
116900168,63,107,-44
116900169,560,133,427
116900170,90,180,-90
116900171,14,370,-356
116900172,213,38,175
116900173,31,65,-34
116900174,6,12,-6
116900175,74,87,-13
116900178,4,251,-247
116900179,55,50,5
116900180,16,30,-14
116900182,169,239,-70
116900183,65,63,2
116900185,10,21,-11
116900186,53,518,-465
116900187,2,8,-6
116900188,68,17,51
116900189,21,0,21
116900191,193,443,-250
116900192,120,148,-28
116900194,17,354,-337
116900195,25,6,19
116900196,15,175,-160
116900197,18,5,13
116900198,350,85,265
116900200,6,39,-33
116900201,13,5,8
116900202,105,73,32
116900203,62,1,61
116900204,35,40,-5
116900206,0,40,-40
116900207,13,22,-9
116900208,2,229,-227
116900209,12,166,-154
116900210,163,194,-31
116900211,183,13,170
116900212,5,86,-81
116900213,84,244,-160
116900214,39,129,-90
116900215,51,108,-57
116900216,118,510,-392
116900218,14,437,-423
116900219,685,440,245
116900220,76,224,-148
116900221,42,297,-255
116900222,263,333,-70
116900223,68,207,-139
116900226,14,73,-59
116900227,39,57,-18
116900228,117,316,-199
116900230,25,456,-431
116900231,8,552,-544
116900232,2,477,-475
116900233,80,99,-19
116900234,2,3,-1
116900235,71,362,-291
116900238,1439,329,1110
116900239,27,539,-512
116900240,6790,1746,5044
116900241,37,195,-158
116900242,443,113,330
116900243,3,160,-157
116900245,13,22,-9
116900246,18,4,14
116900247,140,9,131
116900248,52,26,26
116900249,72,169,-97
116900250,77,50,27
116900251,442,130,312
116900252,31,1140,-1109
116900253,59,73,-14
116900254,8,102,-94
116900255,89,25,64
116900256,104,55,49
116900257,3,794,-791
116900258,3,512,-509
116900259,35,4,31
116900260,2,152,-150
116900261,13,3,10
116900262,49,146,-97
116900263,0,2,-2
116900264,0,1,-1
116900265,7,0,7
116900266,2,68,-66
116900267,0,0,0
116900268,7,13,-6
116900269,236,584,-348
116900271,3935,49,3886
116900272,462,683,-221
116900273,184,29,155
116900274,34,75,-41
116900275,24,162,-138
116900276,1309,39,1270
116900277,793,15,778
116900278,2,16,-14
116900279,1,15,-14
116900280,6,47,-41
116900281,9208,1356,7852
116900282,1,149,-148
116900283,12,158,-146
116900284,20,276,-256
116900285,389,86,303
116900286,197,16,181
116900287,2,96,-94
116900288,14,130,-116
116900289,1,31,-30
116900290,0,62,-62
116900291,3,12,-9
116900292,0,5,-5
116900293,3,87,-84
116900294,27,112,-85
116900295,208,51,157
116900296,19,37,-18
116900297,4,20,-16
116900298,102,56,46
116900299,25,74,-49
116900300,164,404,-240
116900301,95,77,18
116900302,31,43,-12
116900303,435,36,399
116900304,0,90,-90
116900305,5,14,-9
116900306,14,123,-109
117000001,759,1058,-299
117000002,1109,4854,-3745
117000003,4828,2394,2434
117000004,4223,5742,-1519
117000005,826,1179,-353
117000006,806,5105,-4299
117000007,1800,1132,668
117000008,1135,4666,-3531
117000009,3864,997,2867
117000010,2578,4782,-2204
117000011,844,1787,-943
117000012,854,2095,-1241
117000013,567,1215,-648
117000014,502,2773,-2271
117000015,2648,1209,1439
117000016,216,71,145
117000017,272,158,114
117000018,110,255,-145
117000019,96,0,96
117000020,726,877,-151
117000021,3827,280,3547
117000022,365,49,316
117000023,410,100,310
117000024,492,71,421
117000025,599,631,-32
117000026,2094,545,1549
117000027,1894,1102,792
117000028,974,402,572
117000030,478,560,-82
117000031,282,154,128
117000032,1742,1525,217
117000033,920,764,156
117000034,209,297,-88
117000035,126,152,-26
117000036,215,249,-34
117000037,97,177,-80
117000038,157,331,-174
117000039,193,325,-132
117000040,148,1737,-1589
117000041,475,153,322
117000044,18,1492,-1474
117000045,182,58,124
117000046,322,825,-503
117000047,241,528,-287
117000048,2025,1753,272
117000049,124,438,-314
117000050,96,3535,-3439
117000051,1168,179,989
117000052,10,927,-917
117000053,119,81,38
117000054,885,6,879
117000055,16,4347,-4331
117000056,304,10,294
117000057,674,2265,-1591
117000060,368,2679,-2311
117000061,640,597,43
117000062,179,565,-386
117000063,718,575,143
117000064,1000,686,314
117000066,1422,656,766
117000067,150,300,-150
117000074,168,112,56
117000076,120,55,65
117000077,140,51,89
117000078,60,580,-520
117000079,164,153,11
117000080,0,362,-362
117000081,359,111,248
117000082,11,58,-47
117000083,39,10,29
117000084,230,1,229
117000085,89,447,-358
117000086,1022,841,181
117000087,68,501,-433
117000088,215,190,25
117000089,980,342,638
117000090,142,1941,-1799
117000091,355,373,-18
117000092,259,2492,-2233
117000093,483,621,-138
117000094,413,3098,-2685
117000095,1018,699,319
117000096,424,3388,-2964
117000097,612,977,-365
117000098,2903,7384,-4481
117000099,1250,724,526
117000100,100,116,-16
117000101,231,1783,-1552
117000102,686,454,232
117000103,816,2268,-1452
117000104,702,416,286
117000105,543,2735,-2192
117000106,457,620,-163
117000107,332,3266,-2934
117000108,517,652,-135
117000109,1927,3988,-2061
117000110,729,426,303
117000111,2468,4506,-2038
117000112,1746,1889,-143
117000113,63,467,-404
117000114,44,90,-46
117000115,42,243,-201
117000116,34,223,-189
117000117,1422,268,1154
117000118,124,135,-11
117000119,73,39,34
117000120,178,29,149
117000121,23,247,-224
117000122,470,556,-86
117000123,1432,19,1413
117000124,230,18,212
117000125,304,54,250
117000126,28,41,-13
117000127,143,357,-214
117000128,371,419,-48
117000129,476,262,214
117000130,68,2,66
117000131,0,187,-187
117000132,912,21,891
117000133,549,109,440
117000134,2,81,-79
117000135,1,23,-22
117000136,0,50,-50
117000137,28,54,-26
117000138,0,503,-503
117000140,342,2564,-2222
117000141,609,456,153
117000181,1399,343,1056
117000182,164,109,55
117000195,165,1786,-1621
117000196,81,49,32
117000225,94,4,90
117000226,7,57,-50
117000276,53,8,45
117000277,3,749,-746
117000310,2302,2657,-355
117000315,20,392,-372
117000320,36,0,36
117000906,57,10,47
117000907,3,686,-683
117000908,53,8,45
117000909,56,24,32
117000910,160,117,43
117000911,74,294,-220
117000915,15,855,-840
117000916,5,1,4
117000917,401,12,389
117000918,32,22,10
117000919,18,216,-198
117000920,10,2021,-2011
117000921,10,3201,-3191
117000922,37,92,-55
117000924,172,527,-355
117000926,1615,88,1527
117000927,751,260,491
117000928,4,339,-335
117000929,161,647,-486
117000930,46,22,24
117000931,367,34,333
117900002,97,321,-224
117900003,1031,235,796
117900005,5,1,4
117900006,0,33,-33
117900007,81,213,-132
117900008,0,66,-66
117900010,82,224,-142
117900011,23,37,-14
117900012,14,257,-243
117900013,2,500,-498
117900014,141,294,-153
117900015,13,340,-327
117900016,1444,311,1133
117900017,158,535,-377
117900018,181,37,144
117900019,86,700,-614
117900020,56,137,-81
117900021,9,139,-130
117900022,10,30,-20
117900023,874,74,800
117900024,46,231,-185
117900025,36,32,4
117900026,139,532,-393
117900028,22,3,19
117900029,70,1226,-1156
117900030,109,128,-19
117900031,73,46,27
117900032,429,148,281
117900033,79,1202,-1123
117900034,31,37,-6
117900035,43,79,-36
117900036,166,932,-766
117900037,26,139,-113
117900038,9,568,-559
117900039,2,126,-124
117900040,93,859,-766
117900041,3,75,-72
117900042,5648,438,5210
117900043,10,59,-49
117900044,10,1087,-1077
117900045,93,77,16
117900048,70,411,-341
117900049,53,762,-709
117900050,8,24,-16
117900051,6,9,-3
117900052,23,218,-195
117900053,518,730,-212
117900054,0,13,-13
117900055,96,56,40
117900056,202,18,184
117900057,717,1433,-716
117900058,37,4,33
117900059,416,67,349
117900060,502,6888,-6386
117900061,5,108,-103
117900063,119,225,-106
117900065,795,1225,-430
117900066,12,46,-34
117900067,128,360,-232
117900069,241,517,-276
117900070,138,16,122
117900071,59,133,-74
117900073,152,441,-289
117900074,84,3,81
117900075,14,121,-107
117900076,14,55,-41
117900077,193,111,82
117900078,144,263,-119
117900080,43,65,-22
117900081,617,461,156
117900082,154,135,19
117900083,121,808,-687
117900086,34,56,-22
117900087,17,71,-54
117900088,2931,1679,1252
117900089,925,206,719
117900090,82,919,-837
117900091,164,147,17
117900092,15,58,-43
117900093,33,121,-88
117900094,11,1,10
117900095,71,698,-627
117900096,43,306,-263
117900097,163,61,102
117900098,5,0,5
117900099,89,630,-541
117900100,27,0,27
117900101,386,746,-360
117900102,14,60,-46
117900103,10,0,10
117900104,2,119,-117
117900105,101,202,-101
117900106,20,62,-42
117900107,6,0,6
117900109,186,250,-64
117900110,10,0,10
117900111,100,7,93
117900112,28,14,14
117900113,4596,1528,3068
117900114,0,0,0
117900115,69,12,57
117900116,973,808,165
117900117,267,389,-122
117900118,36,0,36
117900119,34,422,-388
117900120,111,125,-14
117900121,18,33,-15
117900122,1009,976,33
117900123,385,968,-583
117900124,469,570,-101
117900125,1027,677,350
117900126,373,671,-298
117900127,163,818,-655
117900128,124,1165,-1041
117900129,35,11,24
117900130,696,299,397
117900131,0,115,-115
117900132,7,149,-142
117900133,4,227,-223
117900134,54,207,-153
117900135,11,354,-343
117900136,1,81,-80
117900137,20,469,-449
117900138,2,77,-75
117900139,31,158,-127
117900140,5602,110,5492
117900141,142,295,-153
117900142,6,10,-4
117900144,54,84,-30
117900145,28,2,26
117900146,100,72,28
117900147,23,65,-42
117900148,3024,1052,1972
117900149,11,253,-242
117900150,17,202,-185
117900151,13,183,-170
117900152,59,110,-51
117900153,4,114,-110
117900154,156,646,-490
117900156,644,608,36
117900157,35,361,-326
117900158,63,41,22
117900160,226,234,-8
117900161,2643,2600,43
117900162,86,310,-224
117900163,50,21,29
117900165,0,8,-8
117900166,71,118,-47
117900168,63,189,-126
117900169,3,158,-155
117900170,1,37,-36
117900171,3,17,-14
117900172,13,30,-17
117900173,135,42,93
117900174,36,58,-22
117900175,1,18,-17
117900176,10,68,-58
117900177,4,46,-42
117900178,74,27,47
117900180,277,13,264
117900181,156,127,29
117900182,1,14,-13
117900183,14,131,-117
117900184,3,46,-43
117900185,6,30,-24
117900186,15,22,-7
117900187,7,4,3
117900188,177,9,168
117900189,53,9,44
117900190,2,0,2
117900191,31,0,31
117900192,45,1,44
117900193,0,55,-55
117900194,4,3,1
117900195,7,18,-11
117900196,8,23,-15
117900207,111,47,64
117900208,39,32,7
117900209,90,113,-23
117900210,129,155,-26
117900211,8,307,-299
117900212,74,146,-72
117900213,3,1,2
117900214,5,29,-24
117900215,11,38,-27
117900216,18,13,5
117900217,67,52,15
117900218,230,179,51
117900219,1,45,-44
117900220,44,55,-11
117900222,102,289,-187
117900223,91,116,-25
118000001,679,357,322
118000002,1410,1988,-578
118000003,1107,873,234
118000004,2808,2387,421
118000005,5778,1415,4363
118000006,9559,7198,2361
118000007,7284,1874,5410
118000008,6127,3059,3068
118000009,2413,4797,-2384
118000010,6747,5190,1557
118000011,640,4128,-3488
118000012,947,4140,-3193
118000013,4027,4028,-1
118000014,2168,4457,-2289
118000016,246,714,-468
118000017,135,422,-287
118000018,210,768,-558
118000019,1614,1417,197
118000020,1264,1365,-101
118000021,820,1587,-767
118000022,2271,537,1734
118000023,1114,288,826
118000024,1711,593,1118
118000027,19487,4854,14633
118000029,1462,533,929
118000032,1574,1247,327
118000033,2584,2042,542
118000034,5239,2026,3213
118000035,1547,1495,52
118000036,1000,1085,-85
118000037,579,1106,-527
118000038,141,156,-15
118000039,92,536,-444
118000040,1270,2715,-1445
118000041,1463,1668,-205
118000045,876,145,731
118000046,1772,651,1121
118000047,1739,342,1397
118000048,3871,1300,2571
118000051,2706,612,2094
118000052,1973,537,1436
118000053,752,515,237
118000054,3461,1369,2092
118000055,2788,1350,1438
118000056,430,277,153
118000057,430,285,145
118000058,3331,1041,2290
118000059,1824,674,1150
118000060,727,1000,-273
118000061,669,1332,-663
118000062,412,211,201
118000063,329,408,-79
118000064,882,1145,-263
118000065,5757,1502,4255
118000066,728,883,-155
118000067,1977,1251,726
118000068,1765,2661,-896
118000069,3624,1541,2083
118000070,9999,1687,8312
118000071,4799,4005,794
118000072,2305,869,1436
118000073,2867,403,2464
118000074,317,340,-23
118000075,950,376,574
118000076,1113,1033,80
118000077,1286,1262,24
118000078,1595,2013,-418
118000079,314,452,-138
118000080,975,889,86
118000081,1140,1203,-63
118000082,268,663,-395
118000083,2846,1000,1846
118000084,2910,1642,1268
118000086,129,870,-741
118000087,7557,2588,4969
118000088,2162,2361,-199
118000089,4508,3167,1341
118000090,2458,2102,356
118000091,2138,1733,405
118000092,1426,319,1107
118000093,148,591,-443
118000096,403,480,-77
118000097,499,453,46
118000098,163,191,-28
118000099,182,1246,-1064
118000101,514,372,142
118000102,229,2089,-1860
118000107,4100,459,3641
118000108,473,600,-127
118000110,0,15,-15
118000111,2,973,-971
118000112,84,0,84
118000113,17,1383,-1366
118000114,79,0,79
118000115,11,0,11
118000116,35,0,35
118000117,1250,1017,233
118000118,594,735,-141
118000119,714,1481,-767
118000120,1360,1853,-493
118000121,43,467,-424
118000122,670,114,556
118000123,32,331,-299
118000125,1871,1538,333
118000126,492,2053,-1561
118000127,1445,668,777
118000128,659,1332,-673
118000129,746,241,505
118000130,4060,6107,-2047
118000131,705,1500,-795
118000132,2243,1717,526
118000133,361,480,-119
118000135,392,409,-17
118000136,90,692,-602
118000137,512,86,426
118000138,219,1163,-944
118000139,105,115,-10
118000140,2317,2733,-416
118000141,1378,2428,-1050
118000142,1054,2722,-1668
118000143,825,871,-46
118000144,1706,1187,519
118000145,1132,4194,-3062
118000146,858,2472,-1614
118000147,582,2370,-1788
118000148,220,1512,-1292
118000149,495,1344,-849
118000150,184,229,-45
118000151,129,464,-335
118000153,398,1287,-889
118000154,423,1499,-1076
118000155,474,1407,-933
118000156,2398,2311,87
118000157,350,368,-18
118000158,70,578,-508
118000159,3,47,-44
118000160,190,550,-360
118000161,216,1280,-1064
118000162,1129,765,364
118000163,261,858,-597
118000164,2082,1600,482
118000168,2179,197,1982
118000169,1252,2581,-1329
118000170,4803,9470,-4667
118000171,210,803,-593
118000172,90,387,-297
118000173,640,1173,-533
118000175,170,250,-80
118000176,176,387,-211
118000177,133,443,-310
118000178,33,39,-6
118000179,2235,559,1676
118000180,748,1006,-258
118000181,715,435,280
118000182,188,377,-189
118000183,141,201,-60
118000184,297,1615,-1318
118000185,1132,822,310
118000186,513,949,-436
118000187,563,1420,-857
118000188,165,332,-167
118000189,266,950,-684
118000190,7,9,-2
118000191,17,35,-18
118000192,121,144,-23
118000193,73,214,-141
118000194,2032,1134,898
118000195,911,517,394
118000196,303,76,227
118000197,232,87,145
118000198,703,313,390
118000199,581,272,309
118000200,70,177,-107
118000201,379,345,34
118000202,38,57,-19
118000203,1598,340,1258
118000204,197,128,69
118000205,364,301,63
118000206,114,139,-25
118000207,1,122,-121
118000208,1061,1739,-678
118000209,1099,2341,-1242
118000210,15,35,-20
118000211,1,35,-34
118000213,813,726,87
118000214,705,224,481
118000215,205,332,-127
118000216,1012,3537,-2525
118000217,24,140,-116
118000218,32,154,-122
118000219,430,381,49
118000220,0,18,-18
118000221,45,218,-173
118000222,94,32,62
118000223,14,39,-25
118000224,275,167,108
118000225,53,1038,-985
118000226,347,113,234
118000227,1261,401,860
118000228,206,151,55
118000229,110,24,86
118000230,52,354,-302
118000231,15,194,-179
118000232,404,1237,-833
118000233,404,992,-588
118000234,110,367,-257
118000236,196,540,-344
118000237,46,911,-865
118000238,40,377,-337
118000239,179,294,-115
118000240,608,85,523
118000241,87,420,-333
118000242,247,886,-639
118000243,74,189,-115
118000244,23,253,-230
118000246,2,9,-7
118000255,27,219,-192
118000256,35,263,-228
118000259,7,75,-68
118000260,78,116,-38
118000261,11,200,-189
118000263,56,258,-202
118000266,65,592,-527
118000267,0,138,-138
118000268,125,3,122
118000270,14,39,-25
118000271,63,325,-262
118000272,15,42,-27
118000273,46,88,-42
118000274,81,477,-396
118000276,145,368,-223
118000295,2,41,-39
118000298,141,681,-540
118000299,25,286,-261
118000301,1,59,-58
118000302,49,105,-56
118000311,93,136,-43
118000312,92,274,-182
118000313,34,252,-218
118000314,21,95,-74
118000315,39,66,-27
118000316,302,565,-263
118000325,12,80,-68
118000326,9,66,-57
118000331,28,77,-49
118000332,6,46,-40
118000333,8,74,-66
118000335,64,0,64
118000336,1,587,-586
118000407,41,73,-32
118000457,3,45,-42
118000465,3781,2273,1508
118000480,13,221,-208
118000489,49,122,-73
118000490,98,589,-491
118000492,165,246,-81
118000510,87,36,51
118000514,142,420,-278
118000515,372,276,96
118000517,390,225,165
118000524,682,170,512
118000525,970,1081,-111
118000530,11,159,-148
118000531,125,282,-157
118000532,116,410,-294
118000533,217,181,36
118000534,316,482,-166
118000535,104,113,-9
118000536,673,292,381
118000537,16,56,-40
118000538,16,106,-90
118000539,20,118,-98
118000540,226,391,-165
118000541,154,145,9
118000542,79,210,-131
118000543,108,266,-158
118000546,21,52,-31
118000560,4023,531,3492
118000562,11,384,-373
118000563,2229,1800,429
118000576,97,296,-199
118000577,128,142,-14
118000578,162,134,28
118000579,820,1045,-225
118000595,85,66,19
118000596,0,51,-51
118000597,64,207,-143
118000598,5,0,5
118000599,11,45,-34
118000600,0,46,-46
118000601,3,0,3
118000602,0,40,-40
118000603,0,26,-26
118900001,1535,613,922
118900002,1324,458,866
118900003,58,13,45
118900004,26,70,-44
118900005,52,4,48
118900006,19,0,19
118900007,1,3,-2
118900008,834,37,797
118900009,17,15,2
118900010,9,5,4
118900011,92,25,67
118900012,229,254,-25
118900013,727,15,712
118900015,66,48,18
118900016,15,19,-4
118900017,64,90,-26
118900018,1516,10,1506
118900019,48,5,43
118900020,102,91,11
118900021,75,340,-265
118900022,90,115,-25
118900023,28,88,-60
118900024,25,170,-145
118900025,17,18,-1
118900026,23,132,-109
118900027,331,212,119
118900028,52,173,-121
118900029,69,503,-434
118900030,39,66,-27
118900031,53,194,-141
118900032,38,224,-186
118900033,298,862,-564
118900034,15,3,12
118900035,80,330,-250
118900036,414,629,-215
118900037,171,327,-156
118900038,125,450,-325
118900039,138,364,-226
118900040,71,166,-95
118900041,112,214,-102
118900042,78,103,-25
118900045,147,130,17
118900046,783,113,670
118900047,844,108,736
118900048,54,123,-69
118900049,66,36,30
118900050,3,182,-179
118900051,33,46,-13
118900052,120,248,-128
118900053,24,68,-44
118900054,41,112,-71
118900055,12,156,-144
118900056,16,91,-75
118900057,124,224,-100
118900058,250,463,-213
118900059,9,56,-47
118900060,18,119,-101
118900062,39,200,-161
118900064,581,330,251
118900065,12,101,-89
118900066,30,124,-94
118900067,9326,2759,6567
118900068,3,83,-80
118900069,161,260,-99
118900071,6,34,-28
118900072,167,392,-225
118900073,38,81,-43
118900074,34,106,-72
118900075,17,44,-27
118900076,116,50,66
118900077,134,162,-28
118900078,10,13,-3
118900079,41,185,-144
118900080,5,56,-51
118900081,12,11,1
118900082,172,149,23
118900083,5,32,-27
118900084,5,20,-15
118900085,316,908,-592
118900086,10,20,-10
118900087,56,114,-58
118900088,0,25,-25
118900089,7,7,0
118900090,340,563,-223
118900091,184,67,117
118900092,75,95,-20
118900093,67,13,54
118900096,16,7,9
118900097,109,999,-890
118900099,20,289,-269
118900100,92,151,-59
118900101,31,999,-968
118900102,10,48,-38
118900103,44,59,-15
118900104,51,215,-164
118900105,164,133,31
118900107,222,133,89
118900108,39,85,-46
118900110,1937,271,1666
118900111,129,738,-609
118900112,14,75,-61
118900113,57,771,-714
118900114,10,116,-106
118900115,77,352,-275
118900116,49,204,-155
118900117,19,262,-243
118900118,118,649,-531
118900119,65,346,-281
118900120,68,290,-222
118900121,2,325,-323
118900122,16,373,-357
118900123,72,231,-159
118900124,54,181,-127
118900126,8,235,-227
118900129,84,137,-53
118900130,27,37,-10
118900131,60,318,-258
118900132,139,134,5
118900133,6,61,-55
118900135,60,218,-158
118900136,207,1016,-809
118900137,2,18,-16
118900139,73,646,-573
118900140,338,1211,-873
118900141,50,383,-333
118900144,89,849,-760
118900145,39,217,-178
118900146,168,938,-770
118900147,54,103,-49
118900148,23,77,-54
118900150,85,210,-125
118900152,183,1036,-853
118900157,68,137,-69
118900158,22,96,-74
118900159,3,245,-242
118900161,46,0,46
118900163,215,66,149
118900164,2,118,-116
118900165,18,528,-510
118900166,25,5,20
118900167,26,265,-239
118900168,4,52,-48
118900169,52,738,-686
118900170,21,148,-127
118900171,3,35,-32
118900174,37,89,-52
118900175,97,364,-267
118900176,21,166,-145
118900177,7,45,-38
118900178,12,90,-78
118900179,2,46,-44
118900181,44,115,-71
118900182,73,31,42
118900183,3,58,-55
118900184,182,68,114
118900185,38,110,-72
118900186,26,99,-73
118900187,75,266,-191
118900188,142,272,-130
118900189,10,317,-307
118900190,5,828,-823
118900191,52,36,16
118900192,67,20,47
118900193,85,4,81
118900195,293,1164,-871
118900196,19,176,-157
118900197,49,110,-61
118900198,3,71,-68
118900199,8,68,-60
118900200,8,4,4
118900201,5,2,3
118900202,10,85,-75
118900203,2,48,-46
118900204,7,51,-44
118900205,2,26,-24
118900206,0,43,-43
119000001,723,835,-112
119000002,4518,2531,1987
119000003,1476,1939,-463
119000004,1515,1381,134
119000005,1257,1539,-282
119000006,1068,1382,-314
119000007,2562,2925,-363
119000008,1577,2998,-1421
119000009,6126,2490,3636
119000010,15299,4526,10773
119000011,8708,1755,6953
119000012,9448,3332,6116
119000013,3177,1274,1903
119000014,2746,4142,-1396
119000019,175,226,-51
119000020,963,1427,-464
119000021,2170,2078,92
119000022,4362,1515,2847
119000023,311,193,118
119000024,3558,5342,-1784
119000025,17968,1617,16351
119000026,617,259,358
119000027,1384,508,876
119000028,2372,1539,833
119000029,203,291,-88
119000030,467,1732,-1265
119000031,586,937,-351
119000032,3342,2618,724
119000033,1877,2188,-311
119000034,880,1207,-327
119000035,18,561,-543
119000036,690,1658,-968
119000037,638,3270,-2632
119000038,82,1495,-1413
119000039,118,412,-294
119000040,1477,655,822
119000041,1028,957,71
119000048,4728,5256,-528
119000049,1214,5012,-3798
119000050,1619,2850,-1231
119000051,1561,1001,560
119000052,2379,3405,-1026
119000053,1617,1332,285
119000054,2106,5259,-3153
119000055,1760,4197,-2437
119000056,1501,2402,-901
119000057,1457,3495,-2038
119000058,1471,2952,-1481
119000059,785,2095,-1310
119000060,993,935,58
119000061,767,1133,-366
119000062,976,1669,-693
119000063,199,245,-46
119000064,1335,2277,-942
119000065,1873,4542,-2669
119000066,1728,1081,647
119000067,1897,3676,-1779
119000068,1032,1309,-277
119000069,991,3597,-2606
119000070,1204,1414,-210
119000071,667,1423,-756
119000072,7915,4961,2954
119000073,6939,6052,887
119000074,572,5108,-4536
119000075,590,3142,-2552
119000076,707,1338,-631
119000077,976,753,223
119000078,339,373,-34
119000079,47,983,-936
119000080,69,412,-343
119000081,347,588,-241
119000082,638,382,256
119000083,190,469,-279
119000084,249,764,-515
119000085,758,416,342
119000086,220,551,-331
119000087,1443,1284,159
119000088,192,321,-129
119000089,49,175,-126
119000090,192,221,-29
119000091,151,351,-200
119000092,861,212,649
119000093,4321,4784,-463
119000094,1448,5045,-3597
119000095,986,4044,-3058
119000097,5279,1855,3424
119000098,563,1348,-785
119000099,2135,2180,-45
119000100,1847,2132,-285
119000101,3845,3538,307
119000102,749,630,119
119000103,1881,589,1292
119000104,3697,1856,1841
119000105,557,726,-169
119000106,157,2873,-2716
119000107,286,552,-266
119000108,152,1827,-1675
119000109,116,572,-456
119000110,805,939,-134
119000111,54,535,-481
119000112,298,231,67
119000113,4222,376,3846
119000114,764,532,232
119000115,148,73,75
119000116,125,72,53
119000117,137,338,-201
119000118,5,12,-7
119000123,2323,562,1761
119000124,234,265,-31
119000125,893,1446,-553
119000126,211,1379,-1168
119000127,216,1360,-1144
119000128,55,13,42
119000131,321,1503,-1182
119000132,3,6,-3
119000133,0,4,-4
119000134,4651,607,4044
119000135,42,283,-241
119000136,74,480,-406
119000137,52,782,-730
119000138,116,791,-675
119000139,90,416,-326
119000140,65,275,-210
119000284,1790,2994,-1204
119000285,3395,2621,774
119000286,7616,5757,1859
119000287,1667,3117,-1450
119000288,1353,2624,-1271
119000289,2779,5722,-2943
119000290,220,748,-528
119000291,8,490,-482
119000293,73,210,-137
119000294,46,26,20
119000295,2617,887,1730
119000296,95,250,-155
119000302,6294,1736,4558
119000303,14,151,-137
119000314,1504,4851,-3347
119000315,5,1097,-1092
119000316,24,191,-167
119000317,18,802,-784
119900001,132,569,-437
119900002,52,297,-245
119900003,42,1709,-1667
119900004,366,248,118
119900005,49,189,-140
119900006,99,321,-222
119900007,411,45,366
119900008,55,38,17
119900009,320,610,-290
119900010,2118,1495,623
119900011,26,32,-6
119900012,9,56,-47
119900013,1465,638,827
119900014,1070,242,828
119900015,49,27,22
119900016,17,131,-114
119900017,12,30,-18
119900018,1132,179,953
119900019,10,6,4
119900020,40,275,-235
119900021,70,106,-36
119900022,114,176,-62
119900023,896,226,670
119900025,36,28,8
119900026,1144,30,1114
119900027,5,30,-25
119900028,94,54,40
119900029,3,10,-7
119900030,513,392,121
119900031,22,108,-86
119900033,3175,105,3070
119900034,88,216,-128
119900037,23,34,-11
119900038,15,120,-105
119900039,31,2,29
119900040,23,5,18
119900041,41,61,-20
119900042,96,154,-58
119900043,12,229,-217
119900044,90,226,-136
119900046,47,106,-59
119900047,99,41,58
119900048,10,40,-30
119900049,12,7,5
119900050,22,50,-28
119900051,98,5,93
119900052,12,91,-79
119900053,92,250,-158
119900054,17,2,15
119900055,452,237,215
119900057,62,75,-13
119900058,50,2,48
119900059,156,35,121
119900060,95,9,86
119900062,10,41,-31
119900063,17,35,-18
119900064,106,29,77
119900065,68,3,65
119900066,0,1,-1
119900067,40,40,0
119900068,96,4,92
119900069,22,39,-17
119900070,135,1,134
119900071,130,4,126
119900073,2271,475,1796
119900074,19,24,-5
119900075,7010,1856,5154
119900076,224,740,-516
119900077,192,2093,-1901
119900078,154,1053,-899
119900079,51,502,-451
119900080,542,1778,-1236
119900081,42,76,-34
119900082,291,422,-131
119900083,267,123,144
119900084,403,167,236
119900085,182,75,107
119900087,190,172,18
119900088,34,102,-68
119900089,7,755,-748
119900090,236,82,154
119900091,37,1681,-1644
119900092,11,565,-554
119900093,714,110,604
119900094,25,314,-289
119900095,175,59,116
119900096,44,95,-51
119900097,333,167,166
119900098,23,38,-15
119900099,30,431,-401
119900100,3621,1673,1948
119900101,251,1045,-794
119900102,32,543,-511
119900103,23,802,-779
119900104,33,321,-288
119900105,876,2323,-1447
119900106,7,333,-326
119900107,317,4524,-4207
119900108,2319,924,1395
119900109,15,367,-352
119900110,364,976,-612
119900111,42,578,-536
119900112,3549,553,2996
119900113,79,748,-669
119900114,178,2589,-2411
119900115,74,1764,-1690
119900116,208,219,-11
119900117,120,1491,-1371
119900118,26,1696,-1670
119900119,68,459,-391
119900120,661,936,-275
119900121,114,2137,-2023
119900122,209,479,-270
119900123,178,320,-142
119900124,37,1575,-1538
119900125,61,610,-549
119900126,8058,285,7773
119900127,3256,1126,2130
119900128,195,1520,-1325
119900129,76,1492,-1416
119900130,26,365,-339
119900131,24,548,-524
119900132,3,528,-525
119900133,15,32,-17
119900134,2977,337,2640
119900135,3,677,-674
119900136,187,830,-643
119900138,526,964,-438
119900139,18,137,-119
119900140,1,275,-274
119900141,100,329,-229
119900142,11,28,-17
119900143,14,304,-290
119900144,3383,272,3111
119900145,50,334,-284
119900146,199,128,71
119900147,1,128,-127
119900148,37,52,-15
119900149,2579,2770,-191
119900150,174,267,-93
119900151,1839,1097,742
119900152,44,650,-606
119900153,48,65,-17
119900154,7,431,-424
119900155,10,33,-23
119900156,6,1,5
119900157,31,481,-450
119900158,59,120,-61
119900159,9,2210,-2201
119900160,5,469,-464
119900161,123,376,-253
119900162,516,511,5
119900163,170,85,85
119900164,0,1,-1
119900165,33,429,-396
119900166,35,31,4
119900167,67,228,-161
119900168,257,450,-193
119900169,128,156,-28
119900170,163,139,24
119900171,622,726,-104
119900172,138,15,123
119900173,5,760,-755
119900174,3,460,-457
119900175,383,789,-406
119900177,12,309,-297
119900178,7,275,-268
119900179,25,192,-167
119900180,586,726,-140
119900181,28,16,12
119900182,7,758,-751
119900183,99,1350,-1251
119900184,4026,593,3433
119900185,13,64,-51
119900186,68,224,-156
119900187,7,945,-938
119900188,13,383,-370
119900189,383,189,194
119900190,58,162,-104
119900191,177,112,65
119900192,10,264,-254
119900193,83,248,-165
119900194,7,47,-40
119900195,15,284,-269
119900196,2967,591,2376
119900197,50,110,-60
119900198,63,577,-514
119900199,170,12,158
119900200,186,702,-516
119900201,495,274,221
119900202,277,69,208
119900203,85,240,-155
119900204,161,401,-240
119900205,130,843,-713
119900206,20,172,-152
119900208,102,162,-60
119900209,205,361,-156
119900210,2,45,-43
119900211,91,10,81
119900212,42,256,-214
119900213,1,38,-37
119900214,10,123,-113
119900215,15,147,-132
119900216,3,127,-124
119900217,8,110,-102
119900218,18,110,-92
119900219,3,185,-182
119900220,9,197,-188
119900221,15,651,-636
119900222,14,515,-501
119900223,24,197,-173
119900224,32,49,-17
119900225,1977,58,1919
119900226,1530,1095,435
119900227,2076,426,1650
119900228,120,503,-383
119900229,233,483,-250
119900230,1631,662,969
119900231,46,199,-153
119900232,173,46,127
119900233,11,0,11
119900234,17,30,-13
119900235,8,22,-14
119900236,12,291,-279
119900237,61,767,-706
119900238,1,99,-98
119900240,20,228,-208
119900241,92,352,-260
119900242,2386,710,1676
119900244,829,1980,-1151
119900245,45,161,-116
119900246,187,208,-21
119900247,18,57,-39
119900248,30,37,-7
119900249,209,37,172
119900253,5738,393,5345
119900254,23,180,-157
119900255,72,902,-830
119900256,166,2257,-2091
119900257,18,0,18
119900258,30,39,-9
119900259,5,379,-374
119900260,26,4,22
119900261,104,285,-181
119900262,1,410,-409
119900263,929,450,479
119900264,21,472,-451
119900265,180,772,-592
119900266,89,397,-308
119900267,48,554,-506
119900268,95,466,-371
119900269,208,2808,-2600
119900271,32,119,-87
119900272,88,40,48
119900275,46,8,38
119900276,7,0,7
119900277,1,2,-1
119900278,293,48,245
119900279,112,171,-59
119900280,1186,219,967
119900281,1,46,-45
119900282,32,8,24
119900283,7,473,-466
119900284,33,318,-285
119900285,5,23,-18
119900286,11,17,-6
119900288,3,36,-33
119900289,0,47,-47
119900290,3,45,-42
119900291,0,22,-22
119900292,7,3,4
119900293,13,1,12
119900294,6,0,6
119900295,0,0,0
119900296,0,0,0
119900299,25,440,-415
119900300,110,371,-261
119900301,116,11,105
119900302,58,55,3
119900303,193,471,-278
119900304,34,43,-9
119900305,32,118,-86
119900306,15,1,14
119900307,24,263,-239
119900308,0,13,-13
119900309,7,33,-26
119900310,255,325,-70
119900311,24,197,-173
119900312,46,117,-71
119900313,115,491,-376
119900314,34,277,-243
119900315,316,3906,-3590
119900318,6,3,3
119900319,1,467,-466
119900320,129,1034,-905
119900321,19,1,18
119900322,69,64,5
119900323,3,121,-118
119900324,0,49,-49
119900325,11,556,-545
119900326,199,68,131
120000001,8572,6599,1973
120000002,2274,4533,-2259
120000003,4224,2746,1478
120000004,3535,3516,19
120000005,6597,2803,3794
120000006,1515,1660,-145
120000007,3682,2636,1046
120000008,1165,1837,-672
120000009,6603,1176,5427
120000010,1276,4526,-3250
120000011,843,2814,-1971
120000012,1497,4192,-2695
120000013,1687,3574,-1887
120000014,429,2115,-1686
120000015,2229,2123,106
120000016,2537,2120,417
120000017,1603,1370,233
120000018,6362,6259,103
120000019,763,975,-212
120000020,2662,2210,452
120000021,2467,1773,694
120000022,3747,3403,344
120000023,737,1976,-1239
120000024,1570,2594,-1024
120000025,1408,2989,-1581
120000026,807,2451,-1644
120000027,1188,1943,-755
120000028,802,471,331
120000029,6916,633,6283
120000030,498,882,-384
120000031,2251,8649,-6398
120000032,13836,4215,9621
120000033,2143,2180,-37
120000034,896,3339,-2443
120000035,1162,3340,-2178
120000036,2469,4646,-2177
120000037,499,882,-383
120000038,15096,4112,10984
120000039,529,1338,-809
120000040,80,155,-75
120000041,456,2905,-2449
120000042,1702,7590,-5888
120000043,4521,4351,170
120000044,2359,1437,922
120000045,2265,1034,1231
120000046,1271,1922,-651
120000047,2431,2770,-339
120000048,10575,3454,7121
120000049,1977,3073,-1096
120000050,2257,5834,-3577
120000051,4433,4685,-252
120000052,19735,3191,16544
120000053,797,5881,-5084
120000054,1715,9141,-7426
120000055,840,5495,-4655
120000056,3718,6801,-3083
120000057,1838,1300,538
120000058,371,212,159
120000059,140,1525,-1385
120000061,65,916,-851
120000062,237,386,-149
120000063,2441,4558,-2117
120000064,300,2405,-2105
120000065,456,2471,-2015
120000066,105,720,-615
120000067,45,812,-767
120000068,122,1607,-1485
120000069,459,2467,-2008
120000070,14,1555,-1541
120000071,113,251,-138
120000072,200,602,-402
120000073,158,133,25
120000074,79,87,-8
120000075,182,257,-75
120000076,583,328,255
120000077,785,432,353
120000078,4103,510,3593
120000079,75,126,-51
120000080,33,149,-116
120000081,231,82,149
120000082,145,129,16
120000083,42,128,-86
120000084,434,865,-431
120000085,439,729,-290
120000086,224,1026,-802
120000087,110,1875,-1765
120000088,558,1489,-931
120000089,620,497,123
120000090,291,522,-231
120000091,373,933,-560
120000092,709,609,100
120000093,164,487,-323
120000094,56,334,-278
120000095,690,1005,-315
120000096,214,1854,-1640
120000098,627,1620,-993
120000099,189,1041,-852
120000100,468,1310,-842
120000101,320,675,-355
120000102,244,318,-74
120000103,672,297,375
120000104,740,209,531
120000105,812,193,619
120000106,962,265,697
120000107,1098,373,725
120000108,255,120,135
120000109,474,53,421
120000110,74,1234,-1160
120000111,103,1907,-1804
120000112,566,6309,-5743
120000113,460,4184,-3724
120000114,336,3313,-2977
120000115,250,2861,-2611
120000116,553,2550,-1997
120000117,1495,2176,-681
120000118,13,12,1
120000119,58,55,3
120000120,29,33,-4
120000121,21,28,-7
120000122,176,228,-52
120000123,9131,2019,7112
120000124,248,631,-383
120000125,207,861,-654
120000126,231,567,-336
120000127,1205,510,695
120000128,2578,1992,586
120000129,301,260,41
120000130,547,789,-242
120000131,187,568,-381
120000134,369,2065,-1696
120000135,92,503,-411
120000137,93,3581,-3488
120000138,196,831,-635
120000139,88,1662,-1574
120000140,201,1107,-906
120000141,84,814,-730
120000142,139,914,-775
120000143,2,190,-188
120000144,28,0,28
120000145,121,4,117
120000146,2110,611,1499
120000149,375,1194,-819
120000150,7567,9925,-2358
120000151,406,418,-12
120000152,230,421,-191
120000153,109,1283,-1174
120000154,387,485,-98
120000155,130,139,-9
120000156,2058,390,1668
120000157,916,767,149
120000158,460,1328,-868
120000159,2243,3100,-857
120000160,2153,1506,647
120000161,818,3100,-2282
120000162,31,244,-213
120000163,199,1958,-1759
120000164,197,818,-621
120000165,162,1312,-1150
120000166,399,750,-351
120000167,17,29,-12
120000168,17,87,-70
120000169,104,243,-139
120000170,203,142,61
120000171,17,33,-16
120000172,45,16,29
120000173,3262,125,3137
120000174,492,7,485
120000175,519,11,508
120000176,200,103,97
120000177,2117,590,1527
120000178,229,7,222
120000179,596,30,566
120000180,1172,75,1097
120000181,423,110,313
120000182,114,86,28
120000183,10,242,-232
120000184,168,2915,-2747
120000186,47,51,-4
120000187,65,40,25
120000188,241,50,191
120000190,1412,10,1402
120000191,2396,25,2371
120000192,2964,10,2954
120000193,1601,4,1597
120000195,293,2,291
120000196,751,57,694
120000197,216,230,-14
120000198,74,245,-171
120000199,25,1,24
120000200,25,0,25
120000201,18,8,10
120000202,1,78,-77
120000203,26,622,-596
120000207,2,190,-188
120000208,13,546,-533
120000209,4,168,-164
120000210,264,123,141
120000211,27,1,26
120000212,31,3,28
120000213,37,567,-530
120000214,2,735,-733
120000215,1,249,-248
120000216,20,4,16
120000217,1081,2044,-963
120000218,289,2210,-1921
120000219,11,1272,-1261
120000220,15,4382,-4367
120000225,432,1,431
120000226,175,2,173
120000227,719,18,701
120000228,11674,2083,9591
120000230,78,4,74
120000231,318,3580,-3262
120000233,77,5,72
120000235,95,876,-781
120000236,427,1,426
120000237,5,3476,-3471
120000238,0,118,-118
120000241,1074,2392,-1318
120000412,2395,13,2382
120000413,94,608,-514
120000414,25,2,23
120000415,4,271,-267
120000416,29,20,9
120000417,0,153,-153
120000418,27,15,12
120000419,12,680,-668
120000420,58,23,35
120000421,20767,7666,13101
120000422,406,360,46
120000423,1,56,-55
120000424,31,343,-312
120000436,77,242,-165
120000437,228,191,37
120000438,7103,442,6661
120000439,118,232,-114
120000443,73,0,73
120000444,339,631,-292
120000445,1276,1155,121
120000446,1123,362,761
120000447,83,2,81
120000449,31,18,13
120000450,6,571,-565
120000451,53,264,-211
120000452,130,0,130
120000453,0,631,-631
120000454,56,18,38
120000455,47,96,-49
120000456,4718,2733,1985
120000457,1713,1141,572
120000458,496,862,-366
120000459,164,77,87
120000665,1852,173,1679
120000668,82,144,-62
120000669,33,560,-527
120000670,408,495,-87
120000671,378,239,139
120000672,91,575,-484
120900001,45,17,28
120900002,142,241,-99
120900003,113,34,79
120900004,2,24,-22
120900005,51,2000,-1949
120900006,60,183,-123
120900007,49,248,-199
120900008,94,1529,-1435
120900009,338,92,246
120900010,135,34,101
120900011,329,74,255
120900012,1485,514,971
120900013,108,16,92
120900014,4,1250,-1246
120900015,272,108,164
120900016,203,66,137
120900017,4364,162,4202
120900018,37,685,-648
120900019,207,54,153
120900020,492,342,150
120900021,179,37,142
120900022,22,591,-569
120900023,53,40,13
120900024,1401,415,986
120900025,2777,734,2043
120900026,52,251,-199
120900027,712,160,552
120900028,77,29,48
120900029,47,175,-128
120900030,437,404,33
120900031,37,14,23
120900032,264,188,76
120900033,317,14,303
120900034,24,1663,-1639
120900035,42,192,-150
120900037,39,9,30
120900038,19,78,-59
120900039,20,17,3
120900040,60,0,60
120900041,110,17,93
120900042,69,78,-9
120900043,10,10,0
120900044,4,594,-590
120900045,124,252,-128
120900046,102,18,84
120900047,44,19,25
120900048,41,16,25
120900049,79,0,79
120900050,5504,700,4804
120900051,123,90,33
120900052,125,0,125
120900053,73,118,-45
120900054,1344,1039,305
120900055,65,2,63
120900056,153,4,149
120900057,42,17,25
120900058,158,0,158
120900059,11,0,11
120900060,14,56,-42
120900061,221,402,-181
120900062,43,2,41
120900063,104,1,103
120900064,129,0,129
120900065,75,0,75
120900066,34,273,-239
120900067,102,21,81
120900068,54,0,54
120900069,62,115,-53
120900071,2,7,-5
120900072,254,0,254
120900073,99,381,-282
120900074,157,1,156
120900076,47,1,46
120900077,5491,205,5286
120900078,235,609,-374
120900079,152,150,2
120900080,138,3590,-3452
120900081,176,2037,-1861
120900082,645,329,316
120900083,41,4,37
120900084,108,143,-35
120900085,152,68,84
120900086,261,140,121
120900087,130,56,74
120900088,138,142,-4
120900089,6490,831,5659
120900090,43,254,-211
120900091,326,212,114
120900092,530,994,-464
120900093,6228,383,5845
120900094,522,302,220
120900095,109,38,71
120900096,27,112,-85
120900097,662,1865,-1203
120900098,305,301,4
120900099,50,89,-39
120900100,62,612,-550
120900101,315,483,-168
120900102,19,169,-150
120900103,16,130,-114
120900104,32,53,-21
120900105,16,1271,-1255
120900106,1538,779,759
120900107,453,297,156
120900108,2,1543,-1541
120900109,17,1149,-1132
120900110,11,926,-915
120900111,132,509,-377
120900112,6,2209,-2203
120900113,14,1428,-1414
120900114,21,362,-341
120900115,138,115,23
120900116,47,972,-925
120900117,0,771,-771
120900118,4,1406,-1402
120900119,7098,5021,2077
120900120,30,1066,-1036
120900121,72,559,-487
120900122,66,1081,-1015
120900123,3,814,-811
120900124,1,1027,-1026
120900125,9,1561,-1552
120900126,1117,964,153
120900127,2,791,-789
120900128,885,997,-112
120900129,51,742,-691
120900130,24,857,-833
120900131,19,52,-33
120900132,183,662,-479
120900133,188,1792,-1604
120900134,256,659,-403
120900135,0,1068,-1068
120900136,54,24,30
120900137,46,125,-79
120900138,14,347,-333
120900139,10,1327,-1317
120900140,0,63,-63
120900141,39,109,-70
120900142,10,1307,-1297
120900143,1,1549,-1548
120900144,0,390,-390
120900145,110,1296,-1186
120900146,7,1703,-1696
120900147,3,318,-315
120900148,37,119,-82
120900149,1,621,-620
120900150,22,701,-679
120900151,0,1078,-1078
120900152,3,100,-97
120900153,2,111,-109
120900154,3,493,-490
120900155,65,1602,-1537
120900156,10,808,-798
120900157,10,458,-448
120900158,8,762,-754
120900159,51,1346,-1295
120900160,18,497,-479
120900161,21,2252,-2231
120900162,12,2134,-2122
120900163,14,153,-139
120900164,3,0,3
120900165,0,1,-1
120900166,31,120,-89
120900167,95,102,-7
120900169,43,808,-765
120900170,3890,966,2924
120900171,1590,434,1156
120900172,2634,142,2492
120900173,1,87,-86
120900174,3,121,-118
120900175,477,268,209
120900176,3,156,-153
120900177,0,309,-309
120900178,0,179,-179
120900179,543,412,131
120900180,81,60,21
120900181,57,91,-34
120900182,28,598,-570
120900183,560,81,479
120900184,184,77,107
120900185,3,569,-566
120900186,0,700,-700
120900187,147,539,-392
120900188,54,14,40
120900189,131,246,-115
120900190,12,10,2
120900191,2,22,-20
120900192,19898,1532,18366
120900194,15,110,-95
120900195,91,446,-355
120900196,494,116,378
120900197,240,33,207
120900198,195,923,-728
120900199,172,78,94
120900200,115,57,58
120900201,899,184,715
120900202,1,284,-283
120900203,33,48,-15
120900204,345,494,-149
120900205,51,124,-73
120900206,12,21,-9
120900207,83,1694,-1611
121000001,1129,1458,-329
121000002,1729,1006,723
121000003,5646,2462,3184
121000004,3084,2357,727
121000005,2422,2998,-576
121000006,3348,1368,1980
121000007,3680,3664,16
121000008,4943,3269,1674
121000009,13317,6161,7156
121000010,15646,4037,11609
121000011,18109,10448,7661
121000012,26600,7573,19027
121000013,6723,6917,-194
121000014,8809,6571,2238
121000015,5139,6515,-1376
121000016,5837,4114,1723
121000017,1859,4848,-2989
121000018,2185,2286,-101
121000019,22896,8937,13959
121000020,14412,7917,6495
121000021,3376,4454,-1078
121000022,1974,1725,249
121000023,6346,4679,1667
121000024,3148,3508,-360
121000025,1151,867,284
121000026,255,132,123
121000027,2083,1117,966
121000028,969,568,401
121000029,825,871,-46
121000030,388,492,-104
121000031,526,923,-397
121000032,246,113,133
121000034,205,116,89
121000035,93,83,10
121000036,727,904,-177
121000037,495,707,-212
121000038,690,668,22
121000039,388,658,-270
121000041,446,806,-360
121000042,247,317,-70
121000043,1270,828,442
121000044,2757,739,2018
121000045,361,421,-60
121000046,279,850,-571
121000047,22,202,-180
121000049,2287,1268,1019
121000050,316,1302,-986
121000051,583,673,-90
121000052,260,631,-371
121000053,380,72,308
121000054,29,220,-191
121000055,2663,1129,1534
121000056,1029,1172,-143
121000057,168,490,-322
121000058,432,134,298
121000059,1971,1104,867
121000060,525,921,-396
121000061,54,131,-77
121000062,142,260,-118
121000063,689,541,148
121000064,456,671,-215
121000065,497,457,40
121000066,648,545,103
121000067,1028,293,735
121000068,534,556,-22
121000069,1305,228,1077
121000070,1802,1924,-122
121000071,752,836,-84
121000072,1903,1343,560
121000073,1063,845,218
121000074,120,115,5
121000075,205,41,164
121000076,2064,352,1712
121000077,194,73,121
121000078,178,149,29
121000080,3478,817,2661
121000081,3259,1771,1488
121000082,174,401,-227
121000083,361,129,232
121000084,259,102,157
121000085,770,655,115
121000086,210,1068,-858
121000087,131,340,-209
121000088,412,728,-316
121000089,657,292,365
121000090,395,436,-41
121000091,2531,686,1845
121000092,81,97,-16
121000093,145,240,-95
121000094,543,543,0
121000095,300,747,-447
121000096,2959,2324,635
121000097,2258,1642,616
121000098,334,1711,-1377
121000099,332,1162,-830
121000100,298,1033,-735
121000101,134,338,-204
121000102,104,771,-667
121000103,79,346,-267
121000104,65,302,-237
121000105,244,505,-261
121000106,97,347,-250
121000107,2578,4830,-2252
121000109,2000,1061,939
121000110,351,365,-14
121000114,2463,2469,-6
121000115,899,863,36
121000116,552,857,-305
121000117,1390,341,1049
121000118,1305,427,878
121000119,236,497,-261
121000120,211,711,-500
121000121,477,1244,-767
121000123,2131,829,1302
121000126,115,360,-245
121000127,181,114,67
121000128,445,945,-500
121000129,317,719,-402
121000130,319,1542,-1223
121000131,2449,1091,1358
121000132,1023,1276,-253
121000135,666,535,131
121000136,1255,885,370
121000137,497,151,346
121000138,775,492,283
121000139,638,68,570
121000141,183,146,37
121000142,1299,608,691
121000143,190,16,174
121000144,1119,990,129
121000145,317,1616,-1299
121000146,725,879,-154
121000147,491,583,-92
121000148,651,1308,-657
121000149,1477,1116,361
121000152,370,912,-542
121000153,2326,717,1609
121000154,652,681,-29
121000155,1018,1049,-31
121000156,430,807,-377
121000157,2050,2369,-319
121000158,414,796,-382
121000159,133,834,-701
121000160,319,1049,-730
121000161,51,429,-378
121000162,21,475,-454
121000165,2329,1569,760
121000166,58,416,-358
121000168,194,303,-109
121000169,35,220,-185
121000170,140,118,22
121000171,39,240,-201
121000172,363,455,-92
121000173,1417,733,684
121000174,136,470,-334
121000175,465,536,-71
121000176,334,245,89
121000177,1134,749,385
121000178,112,85,27
121000179,76,112,-36
121000181,344,439,-95
121000182,45,127,-82
121000183,34,52,-18
121000184,26,54,-28
121000185,13,169,-156
121000186,197,311,-114
121000187,134,442,-308
121000188,50,413,-363
121000192,533,375,158
121000193,423,463,-40
121000194,3162,2727,435
121000195,455,1130,-675
121000196,613,232,381
121000197,182,951,-769
121000198,176,69,107
121000199,70,719,-649
121000200,190,90,100
121000201,5,294,-289
121000202,204,85,119
121000203,422,3398,-2976
121000204,855,689,166
121000205,199,468,-269
121000206,210,52,158
121000207,668,503,165
121000208,6,605,-599
121000209,102,671,-569
121000210,141,767,-626
121000211,55,126,-71
121000212,223,1104,-881
121000213,11474,2633,8841
121000214,907,1298,-391
121000215,1631,942,689
121000216,452,485,-33
121000217,4005,2115,1890
121000218,569,2236,-1667
121000219,1108,330,778
121000220,398,107,291
121000221,127,265,-138
121000222,2752,2859,-107
121000223,512,313,199
121000224,358,108,250
121000225,1093,834,259
121000226,1320,498,822
121000227,2,221,-219
121000228,9,1191,-1182
121000229,107,682,-575
121000230,73,2510,-2437
121000231,180,6,174
121000232,460,144,316
121000233,365,298,67
121000234,5,39,-34
121000235,26,16,10
121000236,1,33,-32
121000237,5,2,3
121000238,1,110,-109
121000239,4,3,1
121000240,4,178,-174
121000241,67,12,55
121000242,10,215,-205
121000243,92,34,58
121000244,2,107,-105
121000245,5,22,-17
121000246,2,92,-90
121000247,9,2,7
121000248,273,489,-216
121000249,60,277,-217
121000250,114,106,8
121000251,24,738,-714
121000252,25,23,2
121000253,150,802,-652
121000254,259,292,-33
121000255,151,133,18
121000256,190,152,38
121000257,43,50,-7
121000258,39,61,-22
121000259,9,35,-26
121000260,32,215,-183
121000261,17,80,-63
121000262,1927,680,1247
121000263,328,535,-207
121000271,205,1912,-1707
121000273,49,21,28
121000274,1,47,-46
121000275,4,61,-57
121000276,2,10,-8
121000278,25,79,-54
121000279,30,22,8
121000280,19,44,-25
121000289,122,30,92
121000290,1199,901,298
121000294,33,286,-253
121000297,841,642,199
121000299,67,197,-130
121000300,908,533,375
121000302,274,652,-378
121000303,917,417,500
121000304,380,51,329
121000305,91,56,35
121000306,29,138,-109
121000308,130,449,-319
121000309,422,743,-321
121000310,43,533,-490
121000311,77,1036,-959
121000312,387,190,197
121000313,653,618,35
121000314,210,134,76
121000315,76,74,2
121000530,661,1574,-913
121000531,1129,1632,-503
121000532,5396,4475,921
121000533,2370,2556,-186
121000918,6,307,-301
121000919,13,83,-70
121000938,1140,248,892
121000939,1712,191,1521
121000956,388,1698,-1310
121000957,4,17,-13
121000958,60,77,-17
121000959,236,1715,-1479
121000960,717,2998,-2281
121000961,192,14,178
121000962,279,662,-383
121000973,1,268,-267
121000976,7,208,-201
121000979,189,64,125
121000981,232,43,189
121000982,158,383,-225
121000983,155,621,-466
121000984,10,22,-12
121000985,203,959,-756
121000986,50,746,-696
121000987,130,2080,-1950
121000988,361,120,241
121001302,434,116,318
121001308,6,15,-9
121001309,78,60,18
121001313,72,513,-441
121001314,5762,4946,816
121001315,4912,1826,3086
121900001,54,233,-179
121900002,38,41,-3
121900003,258,6,252
121900004,57,446,-389
121900005,3,3,0
121900006,65,18,47
121900007,2184,2267,-83
121900008,2281,107,2174
121900009,358,8,350
121900010,185,3,182
121900011,402,573,-171
121900012,0,0,0
121900013,619,6,613
121900014,1141,353,788
121900015,94,214,-120
121900016,1,57,-56
121900017,231,607,-376
121900018,165,3,162
121900019,113,323,-210
121900020,52,0,52
121900021,410,6,404
121900022,220,101,119
121900023,44,354,-310
121900024,367,53,314
121900025,264,216,48
121900026,161,35,126
121900027,209,94,115
121900028,189,12,177
121900029,86,127,-41
121900030,463,405,58
121900031,903,2407,-1504
121900032,95,53,42
121900033,97,98,-1
121900034,133,89,44
121900035,2657,1216,1441
121900036,31,277,-246
121900037,132,685,-553
121900038,9,138,-129
121900039,237,18,219
121900040,25,63,-38
121900041,51,130,-79
121900042,175,102,73
121900043,0,2,-2
121900044,355,17,338
121900046,242,112,130
121900047,187,26,161
121900048,11,142,-131
121900050,11,35,-24
121900051,47,158,-111
121900052,61,27,34
121900053,236,144,92
121900054,615,743,-128
121900055,0,10,-10
121900058,56,283,-227
121900059,169,67,102
121900060,35,263,-228
121900061,149,132,17
121900062,59,29,30
121900063,375,205,170
121900064,98,947,-849
121900066,10,23,-13
121900067,0,8,-8
121900069,228,195,33
121900070,300,97,203
121900071,49,264,-215
121900072,31,154,-123
121900073,133,139,-6
121900074,497,314,183
121900075,313,145,168
121900076,489,830,-341
121900077,0,24,-24
121900078,31,52,-21
121900079,0,0,0
121900080,493,498,-5
121900082,31,127,-96
121900084,1,327,-326
121900085,0,11,-11
121900086,3,54,-51
121900087,243,73,170
121900088,3470,1924,1546
121900089,56,508,-452
121900090,1,135,-134
121900091,4,122,-118
121900092,53,131,-78
121900093,44,47,-3
121900094,15,5,10
121900095,117,113,4
121900096,1862,357,1505
121900097,116,128,-12
121900098,1,4,-3
121900099,78,98,-20
121900100,46,164,-118
121900101,67,112,-45
121900102,11,142,-131
121900103,534,162,372
121900104,664,166,498
121900105,29,83,-54
121900106,1,2,-1
121900107,7,52,-45
121900108,0,1,-1
121900109,246,137,109
121900110,113,1378,-1265
121900111,698,95,603
121900112,142,102,40
121900113,28,216,-188
121900114,2,3,-1
121900117,46,14,32
121900118,2659,293,2366
121900119,44,165,-121
121900120,14,1281,-1267
121900121,427,84,343
121900122,11,16,-5
121900123,285,422,-137
121900124,121,228,-107
121900125,876,874,2
121900127,5,67,-62
121900128,34,149,-115
121900129,1470,60,1410
121900130,76,258,-182
121900131,116,95,21
121900132,12,152,-140
121900133,41,38,3
121900134,8,124,-116
121900135,3065,310,2755
121900136,83,671,-588
121900137,41,253,-212
121900138,187,258,-71
121900139,313,387,-74
121900140,11,186,-175
121900141,19,10,9
121900142,21,142,-121
121900143,8,136,-128
121900144,273,411,-138
121900145,143,138,5
121900146,355,763,-408
121900147,73,243,-170
121900148,96,268,-172
121900149,193,852,-659
121900150,65,199,-134
121900151,41,195,-154
121900152,30,166,-136
121900153,54,550,-496
121900154,8,111,-103
121900155,0,54,-54
121900156,151,121,30
121900157,3,451,-448
121900158,82,67,15
121900159,1,221,-220
121900160,10,244,-234
121900161,448,214,234
121900162,110,112,-2
121900163,70,1037,-967
121900164,190,178,12
121900165,48,230,-182
121900166,79,180,-101
121900167,67,57,10
121900168,135,125,10
121900169,3,432,-429
121900170,0,157,-157
121900171,411,482,-71
121900172,203,237,-34
121900173,708,158,550
121900174,17,40,-23
121900175,45,179,-134
121900176,372,2072,-1700
121900177,117,49,68
121900178,13,85,-72
121900179,222,83,139
121900180,7322,2470,4852
121900182,200,247,-47
121900183,351,304,47
121900184,24,762,-738
121900186,5,375,-370
121900187,21,106,-85
121900188,706,291,415
121900189,32,169,-137
121900190,170,389,-219
121900191,50,63,-13
121900192,627,454,173
121900193,13,237,-224
121900194,6,167,-161
121900195,98,135,-37
121900196,552,1420,-868
121900197,327,2403,-2076
121900198,1105,916,189
121900199,2,38,-36
121900200,73,186,-113
121900201,1055,583,472
121900202,109,386,-277
121900203,211,647,-436
121900204,1056,901,155
121900205,2,131,-129
121900206,4,9,-5
121900207,161,19,142
121900208,75,198,-123
121900209,43,15,28
121900210,795,888,-93
121900211,25,98,-73
121900212,118,84,34
121900213,31,108,-77
121900214,8,388,-380
121900215,53,149,-96
121900216,13,49,-36
121900217,280,83,197
121900218,206,440,-234
121900220,158,4,154
121900221,198,475,-277
121900222,33,234,-201
121900223,69,46,23
121900224,21,42,-21
121900225,66,61,5
121900226,227,1940,-1713
121900227,109,332,-223
121900228,167,191,-24
121900230,56,57,-1
121900231,647,206,441
121900232,263,325,-62
121900233,228,305,-77
121900234,227,475,-248
121900235,150,334,-184
121900236,170,159,11
121900237,142,286,-144
121900238,102,134,-32
121900239,104,45,59
121900240,197,166,31
121900241,10,95,-85
121900242,0,0,0
121900243,0,0,0
121900244,0,0,0
121900245,93,130,-37
121900246,1085,462,623
121900247,252,393,-141
121900248,1074,523,551
121900250,158,194,-36
121900251,220,28,192
121900252,759,127,632
121900253,121,855,-734
121900254,517,225,292
121900255,96,47,49
121900258,1928,1152,776
121900259,382,347,35
121900260,39,207,-168
121900261,145,414,-269
121900262,331,639,-308
121900263,62,280,-218
121900264,2733,1340,1393
121900265,165,462,-297
121900266,115,274,-159
121900267,27,27,0
121900269,108,276,-168
121900270,5,140,-135
121900271,24,189,-165
121900273,335,892,-557
121900274,51,227,-176
121900277,201,1820,-1619
121900278,65,884,-819
121900279,84,336,-252
121900280,98,295,-197
121900281,1062,54,1008
121900284,121,2,119
121900286,33,247,-214
121900287,5,12,-7
121900288,1,3,-2
121900290,173,198,-25
121900291,341,500,-159
121900292,143,113,30
121900293,880,3428,-2548
121900294,220,4,216
121900295,31,279,-248
121900296,209,24,185
121900298,179,319,-140
121900299,0,0,0
121900300,3,0,3
121900301,55,2,53
121900302,2,44,-42
121900303,252,534,-282
121900304,1,1,0
121900305,2,3,-1
121900306,30,0,30
121900307,10,26,-16
121900308,8,469,-461
121900309,15,334,-319
121900310,4,602,-598
121900311,91,11,80
121900312,72,8,64
121900313,141,12,129
121900314,3,64,-61
121900315,0,0,0
121900316,0,4,-4
121900317,0,1,-1
121900318,1,17,-16
121900319,3,10,-7
121900320,55,119,-64
121900321,1,1,0
121900322,0,43,-43
121900323,6,16,-10
121900324,0,31,-31
121900325,2,0,2
121900326,0,26,-26
121900327,1,41,-40
121900328,0,23,-23
121900329,0,249,-249
121900330,0,46,-46
121900331,78,16,62
121900332,53,20,33
121900333,9,1,8
122000001,2619,3166,-547
122000002,5877,1527,4350
122000003,2497,1521,976
122000004,3549,1106,2443
122000005,2843,809,2034
122000006,2133,365,1768
122000007,1234,772,462
122000008,6967,3208,3759
122000009,734,221,513
122000010,2545,2711,-166
122000011,4393,849,3544
122000012,1134,940,194
122000013,1719,1107,612
122000014,1349,1597,-248
122000015,1205,903,302
122000016,411,974,-563
122000017,1150,1096,54
122000018,1237,1256,-19
122000019,643,1909,-1266
122000020,205,260,-55
122000021,813,415,398
122000022,1214,1711,-497
122000023,478,3078,-2600
122000024,1103,866,237
122000025,1382,1011,371
122000026,2211,714,1497
122000027,642,4117,-3475
122000028,735,303,432
122000029,416,250,166
122000030,361,80,281
122000031,123,164,-41
122000032,1184,2263,-1079
122000033,776,617,159
122000034,566,549,17
122000035,440,674,-234
122000036,372,624,-252
122000037,355,332,23
122000038,230,453,-223
122000039,601,547,54
122000040,406,310,96
122000041,385,543,-158
122000042,158,431,-273
122000043,131,115,16
122000044,135,141,-6
122000045,1192,514,678
122000046,514,902,-388
122000047,279,173,106
122000048,3700,3273,427
122000049,5617,2821,2796
122000050,1217,527,690
122000051,324,223,101
122000052,529,165,364
122000053,108,410,-302
122000054,1942,2133,-191
122000055,2071,2134,-63
122000056,4454,2955,1499
122000057,3576,2320,1256
122000058,4213,1095,3118
122000059,3238,1196,2042
122000060,1127,539,588
122000061,762,198,564
122000062,1413,310,1103
122000063,733,377,356
122000064,3232,2976,256
122000065,5914,3244,2670
122000066,1398,1316,82
122000067,1298,1206,92
122000068,826,1265,-439
122000069,534,901,-367
122000070,491,3047,-2556
122000071,1010,1823,-813
122000072,241,309,-68
122000073,289,325,-36
122000074,1318,1516,-198
122000075,417,1089,-672
122000076,1400,1159,241
122000077,1224,531,693
122000078,3025,1654,1371
122000079,1170,706,464
122000080,572,304,268
122000081,151,191,-40
122000082,1408,707,701
122000083,1103,3816,-2713
122000084,861,815,46
122000085,209,2669,-2460
122000086,2324,3473,-1149
122000087,445,133,312
122000088,385,158,227
122000089,6496,4229,2267
122000090,331,417,-86
122000091,226,105,121
122000092,118,10,108
122000093,1451,1142,309
122000094,8743,2034,6709
122000095,3874,1257,2617
122000096,3029,1071,1958
122000098,3581,1462,2119
122000099,1843,821,1022
122000100,1605,798,807
122000101,265,1524,-1259
122000102,1666,1390,276
122000103,1038,1456,-418
122000104,202,199,3
122000105,200,282,-82
122000106,582,444,138
122000107,699,528,171
122000108,330,1045,-715
122000109,195,280,-85
122000110,334,601,-267
122000111,3346,1433,1913
122000112,621,1748,-1127
122000113,435,953,-518
122000114,2688,1405,1283
122000115,1886,1005,881
122000116,550,958,-408
122000117,1254,461,793
122000118,443,948,-505
122000119,3450,1926,1524
122000120,7111,2970,4141
122000121,9786,2422,7364
122000122,1398,1714,-316
122000123,6571,1535,5036
122000124,2322,708,1614
122000125,571,775,-204
122000126,1393,826,567
122000127,4006,1154,2852
122000128,1239,1626,-387
122000129,341,401,-60
122000130,4183,407,3776
122000131,5266,422,4844
122000132,1759,571,1188
122000133,1548,2621,-1073
122000134,450,550,-100
122000135,934,1621,-687
122000136,435,152,283
122000137,991,731,260
122000139,1518,3766,-2248
122000140,1270,529,741
122000141,7567,917,6650
122000142,565,675,-110
122000143,1302,190,1112
122000144,4356,949,3407
122000145,2039,1080,959
122000146,937,947,-10
122000147,1189,482,707
122000148,2404,1412,992
122000149,3175,1527,1648
122000150,2052,1237,815
122000151,518,402,116
122000152,815,378,437
122000153,755,337,418
122000154,556,291,265
122000155,2783,2646,137
122000156,2642,2279,363
122000157,1873,1493,380
122000158,343,554,-211
122000159,2685,1907,778
122000160,14212,746,13466
122000161,2300,858,1442
122000162,2609,2016,593
122000163,303,56,247
122000164,35,70,-35
122000165,842,666,176
122000166,776,776,0
122000167,238,231,7
122000168,201,472,-271
122000169,413,162,251
122000170,205,305,-100
122000171,29,121,-92
122000172,1632,1589,43
122000173,1618,2124,-506
122000174,1445,785,660
122000175,1253,417,836
122000176,229,614,-385
122000177,1774,1623,151
122000178,3024,1843,1181
122000179,2400,2299,101
122000180,2061,990,1071
122000181,2868,2258,610
122000182,3967,912,3055
122000183,2041,1041,1000
122000184,5019,2079,2940
122000185,1871,1354,517
122000186,629,844,-215
122000187,1188,2408,-1220
122000188,842,199,643
122000189,310,337,-27
122000190,957,1537,-580
122000191,1038,431,607
122000192,963,417,546
122000193,310,714,-404
122000194,488,229,259
122000195,113,449,-336
122000196,854,648,206
122000197,555,774,-219
122000198,412,1145,-733
122000199,391,401,-10
122000200,1100,495,605
122000201,1678,2010,-332
122000202,945,1215,-270
122000203,3522,1577,1945
122000204,2046,2120,-74
122000205,1736,1092,644
122000206,2540,1217,1323
122000207,1229,1918,-689
122000208,1573,2228,-655
122000209,1975,304,1671
122000210,1179,2495,-1316
122000211,877,1631,-754
122000212,454,640,-186
122000213,925,1402,-477
122000214,1740,2450,-710
122000215,1645,1536,109
122000217,2191,1713,478
122000218,435,62,373
122000219,1634,1491,143
122000220,281,999,-718
122000221,106,435,-329
122000222,576,70,506
122000223,789,617,172
122000225,628,569,59
122000226,1101,2394,-1293
122000227,339,1797,-1458
122000228,538,596,-58
122000229,30,452,-422
122000230,84,1399,-1315
122000231,200,972,-772
122000232,622,1300,-678
122000233,0,203,-203
122000234,40,229,-189
122000235,280,298,-18
122000236,340,328,12
122000237,56,59,-3
122000238,71,125,-54
122000239,300,137,163
122000240,760,379,381
122000241,489,423,66
122000242,388,101,287
122000243,85,71,14
122000244,33,682,-649
122000245,71,382,-311
122000246,75,151,-76
122000247,880,1368,-488
122000248,1683,3937,-2254
122000249,264,572,-308
122000250,1567,483,1084
122000251,350,392,-42
122000252,712,95,617
122000253,20,416,-396
122000254,144,74,70
122000255,574,3047,-2473
122000256,408,2114,-1706
122000257,144,601,-457
122000258,64,217,-153
122000259,29,906,-877
122000260,9,169,-160
122000261,0,204,-204
122000262,0,96,-96
122000263,51,164,-113
122000264,296,732,-436
122000265,1395,858,537
122000266,3308,566,2742
122000267,62,163,-101
122000268,76,592,-516
122000269,439,360,79
122000270,390,134,256
122000271,327,1328,-1001
122000272,302,1464,-1162
122000273,204,623,-419
122000274,53,230,-177
122000275,20,147,-127
122000276,206,677,-471
122000277,650,1363,-713
122000278,514,1244,-730
122000279,103,1209,-1106
122000280,773,1356,-583
122000281,578,1146,-568
122000282,79,278,-199
122000283,268,74,194
122000284,111,160,-49
122000285,267,131,136
122000286,99,261,-162
122000287,595,1353,-758
122000288,198,313,-115
122000291,544,380,164
122000293,377,737,-360
122000294,82,129,-47
122000295,1076,176,900
122000296,64,608,-544
122000297,3786,1982,1804
122000299,293,458,-165
122000300,422,595,-173
122000301,18635,2447,16188
122000302,1181,592,589
122000303,5291,1335,3956
122000304,33,196,-163
122000305,733,396,337
122000306,29,1089,-1060
122000307,121,122,-1
122000309,32,57,-25
122000310,6,14,-8
122000311,30,41,-11
122000312,49,24,25
122000313,2,32,-30
122000314,52,183,-131
122000315,84,15,69
122000316,173,195,-22
122000317,568,160,408
122000318,130,282,-152
122000319,287,683,-396
122000320,262,2790,-2528
122000321,47,421,-374
122000322,3016,1753,1263
122000323,1953,1186,767
122000324,1493,1260,233
122000325,949,963,-14
122000326,11,162,-151
122000327,174,455,-281
122000328,2964,1530,1434
122000330,2379,781,1598
122000332,211,322,-111
122000333,15,212,-197
122000337,441,4590,-4149
122000338,187,891,-704
122000340,273,235,38
122000342,3341,1631,1710
122000343,432,2653,-2221
122000344,26,25,1
122000345,10,69,-59
122000346,422,842,-420
122000348,416,898,-482
122000349,179,1251,-1072
122000351,78,239,-161
122000352,407,71,336
122000353,80,216,-136
122000355,91,163,-72
122000356,1619,997,622
122000357,20,24,-4
122000358,0,120,-120
122000359,0,79,-79
122000360,0,118,-118
122000362,18,190,-172
122000364,59,650,-591
122000365,0,36,-36
122000366,4,7,-3
122000368,424,949,-525
122000370,17,135,-118
122000371,4,0,4
122000372,4,0,4
122000381,22,392,-370
122000382,50,374,-324
122000384,4293,2187,2106
122000385,4,0,4
122000386,325,865,-540
122000387,280,739,-459
122000388,2056,369,1687
122000389,199,1024,-825
122000390,372,333,39
122000391,181,56,125
122000392,191,420,-229
122000393,8,255,-247
122000394,184,438,-254
122000395,163,236,-73
122000396,170,126,44
122000397,39,165,-126
122000398,21,32,-11
122000399,31,133,-102
122000400,137,396,-259
122000401,93,155,-62
122000402,78,53,25
122000403,296,1827,-1531
122000404,83,311,-228
122000408,950,1379,-429
122000503,12,58,-46
122000524,188,101,87
122000544,22,1156,-1134
122000616,929,3,926
122000640,24,335,-311
122000641,39,669,-630
122000642,836,1544,-708
122000643,10,81,-71
122000644,195,38,157
122000645,91,171,-80
122000651,1513,614,899
122000664,151,52,99
122000665,1066,676,390
122000666,578,1821,-1243
122000673,20,479,-459
122000674,71,83,-12
122000675,953,1520,-567
122000686,178,1831,-1653
122000687,365,488,-123
122000688,192,1211,-1019
122000689,242,736,-494
122000690,387,925,-538
122000691,288,3467,-3179
122000692,974,504,470
122000693,497,2755,-2258
122000695,125,806,-681
122000696,228,434,-206
122000698,69,1477,-1408
122000699,123,139,-16
122000701,738,458,280
122000702,518,2631,-2113
122000703,137,39,98
122000717,324,50,274
122000718,505,280,225
122000719,17,43,-26
122000720,91,292,-201
122000724,123,28,95
122900001,11,1,10
122900002,1136,1174,-38
122900003,148,36,112
122900004,417,16,401
122900005,59,39,20
122900006,629,255,374
122900007,94,14,80
122900008,432,69,363
122900009,934,359,575
122900010,157,113,44
122900012,340,387,-47
122900014,116,390,-274
122900015,2367,253,2114
122900016,33,404,-371
122900017,685,926,-241
122900018,127,12,115
122900019,6,205,-199
122900020,330,528,-198
122900021,48,533,-485
122900022,268,1149,-881
122900023,200,393,-193
122900024,160,74,86
122900025,3,184,-181
122900026,194,480,-286
122900027,56,762,-706
122900028,99,194,-95
122900029,4880,1329,3551
122900030,1799,454,1345
122900031,132,153,-21
122900032,164,298,-134
122900033,158,182,-24
122900034,4272,2876,1396
122900035,15,5,10
122900036,12,85,-73
122900037,244,196,48
122900038,132,1588,-1456
122900039,140,418,-278
122900040,163,403,-240
122900041,235,256,-21
122900042,107,338,-231
122900043,210,214,-4
122900044,82,316,-234
122900045,51,126,-75
122900046,114,82,32
122900047,72,89,-17
122900048,24,126,-102
122900049,1833,94,1739
122900051,93,79,14
122900052,20,162,-142
122900053,21,14,7
122900055,181,87,94
122900057,151,12,139
122900061,424,71,353
122900062,314,410,-96
122900063,95,619,-524
122900064,850,822,28
122900065,236,111,125
122900066,280,254,26
122900067,2324,1041,1283
122900068,195,582,-387
122900069,245,803,-558
122900070,64,30,34
122900071,89,679,-590
122900072,28,752,-724
122900073,56,313,-257
122900074,164,1082,-918
122900075,1,67,-66
122900076,1,184,-183
122900077,0,256,-256
122900078,30,243,-213
122900080,52,14,38
122900081,155,138,17
122900082,343,231,112
122900083,160,121,39
122900084,8,240,-232
122900086,14,23,-9
122900087,87,774,-687
122900088,55,58,-3
122900089,8,131,-123
122900090,7,789,-782
122900091,45,0,45
122900092,3,437,-434
122900093,1,568,-567
122900094,12,369,-357
122900095,56,1,55
122900096,26,370,-344
122900097,26,3,23
122900098,144,166,-22
122900099,2,5,-3
122900100,173,112,61
122900101,1074,209,865
122900102,7,15,-8
122900103,23,7,16
122900104,27,8,19
122900105,2,3,-1
122900106,1,110,-109
122900107,3,342,-339
122900108,8,296,-288
123000001,2289,398,1891
123000002,7250,2303,4947
123000003,4431,2513,1918
123000004,4580,5266,-686
123000005,2324,2321,3
123000006,3983,3758,225
123000007,2393,2417,-24
123000008,2714,5306,-2592
123000009,4596,3366,1230
123000010,4849,4565,284
123000011,3536,1047,2489
123000012,1103,3107,-2004
123000013,3427,1156,2271
123000014,1603,4614,-3011
123000015,4476,844,3632
123000016,8409,3007,5402
123000017,3379,1637,1742
123000018,38,87,-49
123000019,84,415,-331
123000020,47,156,-109
123000021,36,126,-90
123000022,418,650,-232
123000023,1140,1401,-261
123000024,827,561,266
123000025,16,59,-43
123000026,0,53,-53
123000027,124,374,-250
123000028,288,253,35
123000029,604,421,183
123000030,84,1171,-1087
123000031,78,525,-447
123000032,86,327,-241
123000033,94,55,39
123000034,575,471,104
123000035,155,278,-123
123000036,160,501,-341
123000037,147,523,-376
123000038,71,236,-165
123000039,727,1000,-273
123000040,1301,474,827
123000041,779,471,308
123000042,762,768,-6
123000043,4194,3961,233
123000044,7461,2438,5023
123000045,14775,1693,13082
123000046,1092,984,108
123000047,3345,1164,2181
123000048,40,258,-218
123000049,8570,3918,4652
123000050,820,1224,-404
123000051,142,177,-35
123000052,605,1815,-1210
123000053,2757,2497,260
123000054,1730,1138,592
123000055,6147,1124,5023
123000056,1311,2509,-1198
123000057,22254,5400,16854
123000058,511,627,-116
123000059,345,494,-149
123000060,688,513,175
123000061,123,782,-659
123000063,856,559,297
123000064,979,240,739
123000065,13116,4496,8620
123000066,1684,1082,602
123000067,305,667,-362
123000068,4188,4908,-720
123000069,11550,5760,5790
123000070,285,942,-657
123000071,474,1378,-904
123000072,884,2309,-1425
123000073,520,1034,-514
123000074,980,2886,-1906
123000075,462,770,-308
123000076,470,2008,-1538
123000077,2250,4666,-2416
123000078,759,2030,-1271
123000079,704,2232,-1528
123000080,1691,3628,-1937
123000081,184,776,-592
123000082,426,1454,-1028
123000083,770,135,635
123000084,268,910,-642
123000085,78,168,-90
123000086,108,654,-546
123000087,127,694,-567
123000088,965,1720,-755
123000089,407,1356,-949
123000090,1077,1699,-622
123000091,1653,1331,322
123000092,1692,1428,264
123000094,351,322,29
123000095,264,658,-394
123000096,203,588,-385
123000097,220,1749,-1529
123000098,459,740,-281
123000099,412,1196,-784
123000100,439,557,-118
123000101,575,456,119
123000102,614,680,-66
123000104,369,324,45
123000105,612,527,85
123000106,454,283,171
123000107,509,570,-61
123000108,1311,1421,-110
123000111,463,262,201
123000112,482,660,-178
123000113,667,2538,-1871
123000114,431,411,20
123000115,200,317,-117
123000116,14,253,-239
123000117,1552,3232,-1680
123000118,411,1512,-1101
123000119,208,1498,-1290
123000120,328,1275,-947
123000121,367,634,-267
123000122,311,270,41
123000123,430,557,-127
123000124,596,577,19
123000125,965,646,319
123000126,2497,1678,819
123000127,2230,888,1342
123000128,289,555,-266
123000129,243,185,58
123000130,221,62,159
123000131,521,389,132
123000132,530,685,-155
123000133,753,541,212
123000134,926,246,680
123000135,1028,1586,-558
123000136,187,1812,-1625
123000137,85,620,-535
123000138,59,681,-622
123000139,411,112,299
123000140,157,1035,-878
123000141,1134,70,1064
123000142,956,1341,-385
123000143,1135,3416,-2281
123000144,33,11,22
123000145,215,130,85
123000146,85,86,-1
123000147,61,129,-68
123000149,415,358,57
123000150,302,284,18
123000151,308,499,-191
123000152,53,429,-376
123000153,213,491,-278
123000154,2758,1755,1003
123000155,3359,1068,2291
123000156,69,115,-46
123000157,726,1216,-490
123000158,914,513,401
123000159,3128,1700,1428
123000160,625,394,231
123000161,1215,635,580
123000162,554,1177,-623
123000163,191,47,144
123000164,531,176,355
123000165,313,2781,-2468
123000166,21,230,-209
123000167,74,379,-305
123000168,156,496,-340
123000169,280,65,215
123000170,14,543,-529
123000171,72,73,-1
123000172,305,927,-622
123000173,773,113,660
123000174,727,156,571
123000175,1309,1958,-649
123000176,859,73,786
123000177,458,1469,-1011
123000178,421,70,351
123000179,21,1091,-1070
123000180,954,285,669
123000181,474,2008,-1534
123000182,139,771,-632
123000183,138,141,-3
123000184,59,1219,-1160
123000185,201,396,-195
123000186,9,854,-845
123000187,270,2,268
123000188,94,1,93
123000189,136,352,-216
123000190,23,101,-78
123000192,14,580,-566
123000193,43,724,-681
123000194,497,334,163
123000195,257,2,255
123000196,96,1,95
123000197,34,91,-57
123000198,11,284,-273
123000199,7,628,-621
123000200,176,6,170
123000201,367,12,355
123000202,26,1777,-1751
123000203,379,21,358
123000204,53,1741,-1688
123000205,286,2902,-2616
123000206,695,96,599
123000207,69,1283,-1214
123000208,134,73,61
123000209,802,166,636
123000210,370,1981,-1611
123000211,675,4311,-3636
123000212,986,234,752
123000213,256,36,220
123000215,147,109,38
123000216,311,839,-528
123000217,143,18,125
123000218,106,334,-228
123000219,1014,26,988
123000220,407,72,335
123000221,100,166,-66
123000222,163,986,-823
123000223,75,799,-724
123000224,455,854,-399
123000225,232,95,137
123000226,66,530,-464
123000227,91,498,-407
123000228,121,66,55
123000229,1381,2473,-1092
123000232,134,823,-689
123000233,356,77,279
123000234,140,911,-771
123000235,152,337,-185
123000236,112,1376,-1264
123000237,150,50,100
123000238,38,992,-954
123000239,515,3021,-2506
123000240,28,273,-245
123000241,1116,82,1034
123000242,92,295,-203
123000243,337,1317,-980
123000244,845,570,275
123000245,52,147,-95
123000249,450,659,-209
123000252,540,117,423
123000253,345,299,46
123000254,479,1541,-1062
123000255,633,672,-39
123000256,37,351,-314
123000257,4087,3053,1034
123000258,1255,1823,-568
123000259,144,401,-257
123000260,245,907,-662
123000261,53,410,-357
123000262,75,380,-305
123000263,192,125,67
123000264,133,62,71
123000265,47,210,-163
123000266,503,800,-297
123000267,215,251,-36
123000268,12,84,-72
123000269,26,55,-29
123000270,25,35,-10
123000271,65,92,-27
123000272,910,192,718
123000273,181,430,-249
123000274,840,343,497
123000275,244,1566,-1322
123000278,4040,2815,1225
123000279,29,93,-64
123000280,193,499,-306
123000281,219,105,114
123000282,114,374,-260
123000283,49,38,11
123000284,48,167,-119
123000286,478,230,248
123000287,792,255,537
123000288,616,355,261
123000289,474,588,-114
123000291,450,1146,-696
123000294,176,291,-115
123000295,789,995,-206
123000296,145,464,-319
123000297,178,1471,-1293
123000298,260,1295,-1035
123000299,25,364,-339
123000300,611,632,-21
123000301,74,192,-118
123000302,47,207,-160
123000303,49,133,-84
123000305,1022,1077,-55
123000306,18,375,-357
123000309,39,88,-49
123000310,76,38,38
123000311,1,199,-198
123000312,776,1320,-544
123000313,160,309,-149
123000315,53,453,-400
123000316,1913,61,1852
123000317,159,36,123
123000318,31,433,-402
123000329,24,29,-5
123000337,79,327,-248
123000338,313,54,259
123000339,47,545,-498
123000340,181,531,-350
123000342,1,8,-7
123000343,16,0,16
123000344,949,554,395
123000345,438,898,-460
123000346,159,75,84
123000352,3146,941,2205
123000353,26,161,-135
123000354,88,4,84
123000355,2,467,-465
123000356,80,4,76
123000357,0,375,-375
123000359,3,304,-301
123000360,87,10,77
123000361,626,280,346
123000362,119,110,9
123000363,51,372,-321
123000364,430,270,160
123000365,24,222,-198
123000366,267,1193,-926
123000367,264,1578,-1314
123000370,24,427,-403
123000371,249,8,241
123000372,132,4,128
123000373,10,455,-445
123000374,14,222,-208
123000375,180,19,161
123000376,629,587,42
123000377,187,7,180
123000378,3,722,-719
123000379,2,297,-295
123000380,64,211,-147
123000381,96,33,63
123000382,904,28,876
123000383,195,727,-532
123000384,357,76,281
123000385,430,617,-187
123000436,61,881,-820
123000507,250,383,-133
123000508,232,441,-209
123000517,271,24,247
123000518,39,256,-217
123000519,163,62,101
123000520,73,279,-206
123000521,260,112,148
123000522,187,680,-493
123000541,0,0,0
123000542,0,52,-52
123000565,181,15,166
123000566,52,1209,-1157
123000567,79,355,-276
123000573,50,1494,-1444
123000574,393,86,307
123000575,1142,1627,-485
123000576,483,2511,-2028
123000577,99,524,-425
123000578,790,148,642
123000579,7342,2520,4822
123000580,57,12,45
123000582,162,24,138
123000583,17,795,-778
123000584,146,323,-177
123000585,0,142,-142
123000586,8,1,7
123000596,106,163,-57
123000597,44,57,-13
123000602,7,2,5
123000603,201,1114,-913
123000604,295,1706,-1411
123000605,725,139,586
123000606,1,288,-287
123000609,12,563,-551
123000610,88,93,-5
123000613,32,103,-71
123000614,186,72,114
123000615,25,218,-193
123000616,391,52,339
123000617,32,951,-919
123000618,42,870,-828
123000619,594,35,559
123000620,2,758,-756
123000622,260,20,240
123000624,146,47,99
123000630,408,533,-125
123000631,177,2668,-2491
123000632,1358,1576,-218
123000633,0,195,-195
123000634,55,18,37
123000635,285,169,116
123000636,16,1053,-1037
123000637,98,224,-126
123000638,314,153,161
123000639,1051,2426,-1375
123000640,28,1389,-1361
123000648,8,5,3
123000649,4,107,-103
123900001,1733,102,1631
123900002,28,936,-908
123900003,384,902,-518
123900005,124,105,19
123900006,48,23,25
124000001,1254,91,1163
124000002,77,2030,-1953
124000003,262,138,124
124000004,33,1012,-979
124000005,454,163,291
124000006,175,2116,-1941
124000007,637,87,550
124000008,14,487,-473
124000009,175,294,-119
124000010,108,688,-580
124000011,326,332,-6
124000012,197,1314,-1117
124000017,27,160,-133
124000018,84,215,-131
124000019,49,106,-57
124000020,43,352,-309
124000021,40,114,-74
124000022,91,419,-328
124000023,1166,1370,-204
124000024,1041,735,306
124000025,955,1293,-338
124000026,1287,1269,18
124000027,5757,3105,2652
124000028,3909,4062,-153
124000030,4117,1349,2768
124000031,557,704,-147
124000032,5797,1277,4520
124000033,135,140,-5
124000034,2517,807,1710
124000035,49,47,2
124000036,82,334,-252
124000037,588,234,354
124000038,64,72,-8
124000039,1371,213,1158
124000040,695,440,255
124000041,278,97,181
124000042,111,407,-296
124000043,270,114,156
124000044,115,435,-320
124000045,489,670,-181
124000046,175,1023,-848
124000047,520,1066,-546
124000048,403,2534,-2131
124000049,610,846,-236
124000050,397,3131,-2734
124000051,384,596,-212
124000052,556,1983,-1427
124000053,554,794,-240
124000054,694,998,-304
124000055,900,1070,-170
124000056,4891,1553,3338
124000057,502,424,78
124000058,386,1667,-1281
124000059,266,458,-192
124000060,1015,1086,-71
124000061,1019,2321,-1302
124000062,6650,1947,4703
124000063,1394,1983,-589
124000064,3071,2485,586
124000065,43,95,-52
124000066,257,89,168
124000067,33,249,-216
124000068,21,89,-68
124000069,147,222,-75
124000070,70,561,-491
124000071,128,71,57
124000072,204,756,-552
124000073,442,81,361
124000074,154,1303,-1149
124000075,97,20,77
124000076,11,364,-353
124000077,2070,612,1458
124000078,3638,315,3323
124000079,1014,1074,-60
124000080,282,144,138
124000081,199,1165,-966
124000082,11,140,-129
124000083,26,250,-224
124000084,76,190,-114
124000085,43,71,-28
124000086,112,101,11
124000087,80,50,30
124000088,282,322,-40
124000089,331,357,-26
124000090,78,617,-539
124000091,254,159,95
124000092,66,1092,-1026
124000093,82,55,27
124000094,157,461,-304
124000095,77,61,16
124000096,64,350,-286
124000097,53,65,-12
124000098,52,168,-116
124000099,131,149,-18
124000100,23,155,-132
124000101,31,113,-82
124000102,65,93,-28
124000103,45,112,-67
124000104,45,94,-49
124000105,29,71,-42
124000106,81,103,-22
124000107,8,109,-101
124000108,48,44,4
124000109,112,61,51
124000110,93,117,-24
124000111,121,174,-53
124000112,499,908,-409
124000113,44,57,-13
124000114,160,670,-510
124000115,346,943,-597
124000116,72,69,3
124000117,66,82,-16
124000118,37,28,9
124000119,1072,728,344
124000120,572,695,-123
124000121,1818,554,1264
124000122,715,1255,-540
124000123,842,345,497
124000124,628,1187,-559
124000125,391,370,21
124000126,472,726,-254
124000127,743,463,280
124000128,756,1351,-595
124000129,1801,1422,379
124000130,908,704,204
124000131,980,591,389
124000132,855,859,-4
124000133,638,858,-220
124000134,627,1098,-471
124000135,1600,1420,180
124000136,1166,1226,-60
124000137,1668,561,1107
124000138,2806,1118,1688
124000139,324,10,314
124000140,37,511,-474
124000141,41,5,36
124000142,12,109,-97
124000143,18,16,2
124000144,10,52,-42
124000145,54,27,27
124000146,14,202,-188
124000148,29,25,4
124000149,670,313,357
124000150,386,614,-228
124000151,441,205,236
124000152,749,1503,-754
124000153,400,376,24
124000154,540,1156,-616
124000155,981,566,415
124000156,1349,1135,214
124000169,143,337,-194
124000170,775,483,292
124000171,183,251,-68
124000172,400,722,-322
124000173,209,312,-103
124000174,178,1004,-826
124000175,7,210,-203
124000176,43,6,37
124000177,19,64,-45
124000178,31,8,23
124000190,248,35,213
124000191,389,67,322
124000192,1694,276,1418
124000193,443,1496,-1053
124000194,320,779,-459
124000195,173,485,-312
124000196,712,1536,-824
124000197,74,61,13
124000198,14,25,-11
124000201,153,1312,-1159
124000202,336,74,262
124000203,126,1421,-1295
124000204,256,682,-426
124000205,18,787,-769
124000206,111,481,-370
124000207,1,71,-70
124000209,178,836,-658
124000210,109,224,-115
124000211,104,0,104
124000212,5,814,-809
124000213,93,441,-348
124000214,87,905,-818
124000215,62,1,61
124000216,2,819,-817
124000329,50,3527,-3477
124000338,39,1783,-1744
124000339,231,56,175
124000341,263,48,215
124000344,19,0,19
124000357,745,1173,-428
124000358,914,935,-21
124000359,612,429,183
124000360,354,368,-14
124000361,848,619,229
124000362,1786,2755,-969
124000363,316,613,-297
124000364,461,1259,-798
124000365,764,1385,-621
124000366,2333,1103,1230
124000367,112,822,-710
124000368,146,112,34
124000369,86,85,1
124000370,81,845,-764
124000402,6,7,-1
124000403,29,7,22
124000404,8,146,-138
124000405,1150,703,447
124000406,1141,1009,132
124000407,1,35,-34
124000411,4,675,-671
124000412,90,13,77
124000413,124,35,89
124000414,27,140,-113
124000415,32,331,-299
124000416,117,507,-390
124000417,97,107,-10
124000418,51,211,-160
124000419,42,284,-242
124000420,14,78,-64
124000421,5,503,-498
124000422,39,17,22
124000423,124,48,76
124000424,1,156,-155
124000425,13,9,4
124000426,4,65,-61
124000427,12,31,-19
124000428,10,47,-37
124000429,20,77,-57
124000430,466,905,-439
124000431,443,859,-416
124000432,98,1031,-933
124000439,2,4,-2
124000443,2,10,-8
124000445,305,380,-75
124000446,2968,109,2859
124900001,264,244,20
124900002,119,673,-554
124900003,291,606,-315
124900004,174,391,-217
124900005,198,299,-101
124900006,221,410,-189
124900008,1209,520,689
124900009,104,81,23
124900010,118,25,93
124900011,139,100,39
124900012,213,49,164
124900013,178,89,89
124900014,97,72,25
124900015,88,117,-29
124900016,19,37,-18
124900017,553,169,384
124900018,2,2,0
124900020,22,30,-8
124900021,94,26,68
124900022,12,0,12
124900024,106,8,98
124900026,19,10,9
124900027,57,126,-69
124900028,774,148,626
124900029,14,291,-277
124900030,4,174,-170
124900031,25,459,-434
124900032,241,162,79
124900033,77,488,-411
124900034,75,143,-68
124900035,106,505,-399
124900036,3,42,-39
124900037,96,424,-328
124900038,384,453,-69
124900039,0,20,-20
124900040,30,105,-75
124900041,158,1567,-1409
124900042,24,11,13
124900043,243,1455,-1212
124900044,14,1,13
124900045,777,827,-50
124900046,1891,245,1646
124900047,110,236,-126
124900048,98,203,-105
124900050,99,338,-239
124900052,56,443,-387
124900053,33,554,-521
124900054,3563,281,3282
124900055,0,98,-98
124900057,8,99,-91
124900060,78,246,-168
124900061,23,1,22
124900062,24,7,17
124900066,0,29,-29
124900067,6,168,-162
124900068,204,178,26
124900070,48,26,22
124900072,31,7,24
124900074,53,92,-39
124900075,57,231,-174
124900076,19,302,-283
124900077,25,102,-77
124900078,50,6,44
124900079,722,34,688
124900080,122,952,-830
124900081,348,225,123
124900082,247,1162,-915
124900083,152,665,-513
124900084,3326,150,3176
124900085,1692,177,1515
124900086,78,365,-287
124900087,516,69,447
124900088,759,126,633
124900089,1659,29,1630
124900090,103,161,-58
124900091,166,834,-668
124900092,99,579,-480
124900093,140,168,-28
124900094,138,249,-111
124900095,35,306,-271
124900096,606,103,503
124900097,144,49,95
124900098,84,537,-453
124900099,612,339,273
124900100,155,30,125
124900101,18,630,-612
124900102,67,15,52
124900103,39,336,-297
124900104,17,257,-240
124900105,31,183,-152
124900106,174,28,146
124900107,42,21,21
124900108,198,13,185
124900109,8,34,-26
124900110,35,137,-102
124900111,1,50,-49
124900112,61,987,-926
124900113,143,86,57
124900114,282,37,245
124900115,70,30,40
124900116,76,134,-58
124900117,728,117,611
124900118,106,84,22
124900119,177,51,126
124900120,21,514,-493
124900121,84,75,9
124900122,674,268,406
124900123,588,44,544
124900124,184,208,-24
129000186,24,15,9
204000001,28,21,7
204000002,7,31,-24
204000003,7,6,1
204000004,2,1,1
204000005,307,237,70
204000006,645,555,90
204000011,6,65,-59
204000012,19,133,-114
204000019,356,523,-167
204000020,460,802,-342
204000021,2335,846,1489
204000022,411,608,-197
204000023,292,1625,-1333
204000031,66,28,38
204000032,627,66,561
204000034,5,406,-401
204000035,0,6,-6
204000036,7,42,-35
204000037,1,15,-14
204000038,2,31,-29
204000039,2,79,-77
204000040,4,69,-65
204000041,6,76,-70
204000042,12,23,-11
204000043,3,19,-16
204000044,13,2,11
204000045,23,13,10
204000046,8,3,5
204000057,8,132,-124
204000062,8,202,-194
204000068,27,117,-90
204000069,16,174,-158
204000070,37,181,-144
204000080,10,111,-101
204000085,850,1945,-1095
204000086,3329,2210,1119
204000087,34,17,17
204000088,6,149,-143
204000090,10,601,-591
204000093,181,43,138
204000096,424,596,-172
204000097,182,21,161
204000099,619,1148,-529
204000100,487,873,-386
204000105,1894,1633,261
204000110,874,1726,-852
204000111,316,999,-683
204000112,830,1197,-367
204000113,494,1025,-531
204000114,844,479,365
204000115,292,345,-53
204000116,1529,509,1020
204000119,1278,1181,97
204000132,252,278,-26
204000133,475,314,161
204000134,457,146,311
204000135,357,129,228
204000136,157,215,-58
204000138,155,476,-321
204000140,93,99,-6
204000141,74,53,21
204000144,8,25,-17
204000145,800,30,770
204000146,42,487,-445
204000147,34,118,-84
204000148,506,18,488
204000154,0,2,-2
204000155,1,12,-11
204000177,44,73,-29
204000179,10,8,2
204000180,0,45,-45
204000222,2,17,-15
204000235,13,10,3
204000236,95,423,-328
204000238,49,24,25
204000240,456,71,385
204000263,439,1574,-1135
204000268,763,329,434
204000308,184,27,157
204000317,14,66,-52
204000322,6,37,-31
204000323,25,15,10
204000328,211,48,163
204000329,76,76,0
204000330,192,27,165
204000331,30,206,-176
204010341,17,329,-312
205000001,1151,1495,-344
205000013,13,131,-118
205000014,15,174,-159
205000015,35,389,-354
205000016,30,285,-255
205000017,35,161,-126
205000022,228,593,-365
205000025,1953,1042,911
205000029,124,7,117
205000045,40,222,-182
205000046,55,664,-609
205000047,89,695,-606
205000048,105,1269,-1164
205000049,111,901,-790
205000050,1448,342,1106
205000059,1,329,-328
205000060,0,63,-63
205000061,4,20,-16
205000062,2,46,-44
205000063,2,59,-57
205000064,28,161,-133
205000065,67,953,-886
205000066,66,948,-882
205000067,69,1246,-1177
205000069,193,24,169
205000082,134,122,12
205000110,57,230,-173
205000111,205,269,-64
205000112,68,135,-67
205000113,264,260,4
205000121,127,36,91
205000123,76,255,-179
205000126,280,56,224
205000127,299,116,183
205000128,231,35,196
205000129,166,28,138
205000130,106,7,99
205000131,55,0,55
205000132,226,1,225
205000133,29,1,28
205000134,86,0,86
205000137,145,186,-41
205000138,443,373,70
205000139,28,101,-73
205000144,42,34,8
205000145,445,69,376
205000151,88,20,68
205000152,115,15,100
205000153,122,14,108
205000154,37,17,20
205000155,60,7,53
205000207,39,196,-157
205000233,9,0,9
205000234,0,1,-1
205000243,0,0,0
205000244,0,6,-6
205000245,19,578,-559
205000249,0,47,-47
205000250,0,1,-1
205000264,7,137,-130
206000027,9,8,1
206000028,9,0,9
206000043,16,216,-200
206000053,10,18,-8
206000054,5,34,-29
206000055,6,68,-62
206000075,5,6,-1
206000076,30,7,23
206000077,24,9,15
206000078,4,7,-3
206000079,18,11,7
206000082,498,22,476
206000100,65,1008,-943
206000103,2,15,-13
206000104,75,47,28
206000105,2,40,-38
206000106,19,62,-43
206000108,759,43,716
206000125,40,0,40
206000157,232,1054,-822
206000170,2,419,-417
206000171,2,315,-313
206000172,5,1475,-1470
206000173,1,505,-504
206000174,9,226,-217
206000175,1,368,-367
206000176,18,670,-652
206000177,5,409,-404
206000178,2,234,-232
206000179,5,188,-183
206000180,54,470,-416
206000181,4,576,-572
206000182,30,568,-538
206000183,36,2044,-2008
206000184,5,692,-687
206000185,4,579,-575
206000186,207,2538,-2331
206000223,0,401,-401
206000226,90,0,90
206000227,45,0,45
206000237,49,611,-562
206000238,73,1005,-932
206000239,765,3282,-2517
206000240,0,49,-49
206000241,1,265,-264
206000242,8,771,-763
206000243,12,682,-670
206000244,87,1542,-1455
206000245,392,44,348
206000246,39,8,31
206000247,58,15,43
206000248,108,22,86
206000252,105,22,83
206000258,32,43,-11
206000315,21,4,17
206000317,262,84,178
206000318,107,77,30
206000319,451,94,357
206000320,55,36,19
206000321,41,21,20
206000322,138,10,128
206000323,75,13,62
206000324,89,11,78
206000325,116,6,110
206000326,74,3,71
206000327,105,11,94
206000328,53,1,52
206000329,74,12,62
206000330,19,9,10
206000331,37,3,34
206000332,13,3,10
206000333,162,2,160
206000334,113,0,113
206000335,0,24,-24
206000361,10,313,-303
206000392,12,57,-45
206000405,76,1,75
206000441,12,16,-4
206000498,12,9,3
206000515,217,25,192
206000530,72,34,38
206000531,80,76,4
206000532,1654,111,1543
206000535,425,2657,-2232
206000536,37,375,-338
206000537,12,247,-235
206000613,1178,100,1078
207000001,117,418,-301
207000002,38,358,-320
207000003,139,279,-140
207000007,503,350,153
207000008,42,11,31
207000009,67,36,31
207000010,514,742,-228
207000012,220,280,-60
207000015,357,2349,-1992
207000019,141,72,69
207000021,569,137,432
207000022,46,66,-20
207000023,72,41,31
207000024,6,10,-4
207000025,6,65,-59
207000026,118,107,11
207000027,27,130,-103
207000028,29,319,-290
207000029,310,496,-186
207000033,217,188,29
207000034,127,27,100
207000039,201,169,32
207000040,99,263,-164
207000041,104,98,6
207000042,169,85,84
207000043,147,162,-15
207000051,73,515,-442
207000052,55,271,-216
207000053,449,905,-456
207000054,33,196,-163
207000055,74,276,-202
207000056,232,485,-253
207000057,143,366,-223
207000058,66,672,-606
207000059,38,1127,-1089
207000060,38,374,-336
207000061,71,156,-85
207000062,104,67,37
207000063,133,191,-58
207000064,413,256,157
207000065,281,258,23
207000066,89,224,-135
207000067,30,129,-99
207000068,84,71,13
207000069,716,446,270
207000082,45,595,-550
207000083,86,607,-521
207000084,106,229,-123
207000085,103,11,92
207000086,60,0,60
207000106,14,43,-29
207000107,55,37,18
207000108,16,17,-1
207000109,27,13,14
207000110,32,30,2
207000111,50,39,11
207000112,113,188,-75
207000114,18,29,-11
207000115,12,99,-87
207000116,18,220,-202
207000117,7,148,-141
207000118,2,97,-95
207000119,21,115,-94
207000123,240,22,218
207000124,42,11,31
207000125,37,22,15
207000126,57,14,43
207000134,22,381,-359
207000135,25,508,-483
207000148,33,140,-107
207000149,83,64,19
207000152,159,420,-261
207000153,1429,1061,368
207000154,297,122,175
207000159,41,355,-314
207000160,46,840,-794
207000238,0,51,-51
207000242,2,223,-221
207000248,32,23,9
207000249,133,62,71
207000250,746,56,690
207000251,137,62,75
207000252,45,65,-20
207000278,34,70,-36
207000279,12,299,-287
207000280,131,87,44
207000281,74,1899,-1825
207000282,111,22,89
207000283,184,323,-139
207000284,41,75,-34
207000285,176,25,151
207000291,10,147,-137
207000304,86,65,21
207000306,37,508,-471
207000310,28,110,-82
207000353,103,2,101
207000356,1,16,-15
207000357,2,11,-9
207000358,18,6,12
207000415,2,253,-251
207000417,20,3,17
207000418,165,192,-27
207000438,0,6,-6
207000439,1497,345,1152
207000446,46,1,45
207000460,7,9,-2
207000466,185,231,-46
207000467,134,94,40
207000468,22,639,-617
207000476,2,122,-120
207000477,163,213,-50
207000478,4,4,0
207000523,0,13,-13
207000524,8,0,8
207000527,83,148,-65
207000530,67,3,64
207000531,90,9,81
207000532,73,9,64
207000534,805,31,774
207000535,68,166,-98
207000537,23,154,-131
207000540,11,278,-267
207000541,2,457,-455
207000548,1,462,-461
207000549,79,5,74
207000561,81,61,20
207000562,40,212,-172
207000567,193,334,-141
207000568,50,144,-94
207000569,134,1567,-1433
207000584,592,162,430
207000585,58,141,-83
207000616,1,347,-346
207000617,57,0,57
207900008,61,356,-295
208000001,321,518,-197
208000002,344,425,-81
208000003,617,496,121
208000004,796,603,193
208000005,3,21,-18
208000019,357,875,-518
208000020,74,403,-329
208000021,81,588,-507
208000022,434,762,-328
208000028,1386,1082,304
208000033,274,693,-419
208000034,819,1449,-630
208000037,242,37,205
208000040,45,199,-154
208000041,550,540,10
208000042,551,594,-43
208000047,85,450,-365
208000064,2742,1089,1653
208000066,1208,598,610
208000070,149,463,-314
208000071,164,886,-722
208000072,181,1100,-919
208000080,89,284,-195
208000081,108,156,-48
208000082,171,406,-235
208000083,64,379,-315
208000084,2,20,-18
208000085,742,604,138
208000086,299,929,-630
208000087,259,742,-483
208000089,482,723,-241
208000090,412,1153,-741
208000093,27,132,-105
208000094,279,584,-305
208000095,497,358,139
208000104,568,900,-332
208000105,503,1043,-540
208000114,14,99,-85
208000115,357,360,-3
208000116,117,1004,-887
208000117,19,109,-90
208000118,34,100,-66
208000155,401,944,-543
208000158,1632,2174,-542
208000186,3244,1315,1929
208000204,335,764,-429
208000205,553,1340,-787
208000282,3440,949,2491
209000004,65,172,-107
209000005,7,18,-11
209000006,277,104,173
209000007,204,171,33
209000010,407,137,270
209000011,92,197,-105
209000012,276,304,-28
209000013,118,929,-811
209000014,726,2273,-1547
209000025,118,42,76
209000026,422,86,336
209000027,365,1499,-1134
209000028,363,1818,-1455
209000029,448,1530,-1082
209000030,311,2349,-2038
209000031,5590,3610,1980
209000034,129,223,-94
209000035,90,111,-21
209000036,76,118,-42
209000037,164,232,-68
209000038,46,160,-114
209000039,56,164,-108
209000040,313,557,-244
209000041,165,393,-228
209000042,255,385,-130
209000043,788,545,243
209000044,195,489,-294
209000045,789,391,398
209000046,166,374,-208
209000047,130,184,-54
209000048,191,216,-25
209000049,123,180,-57
209000050,161,247,-86
209000051,307,418,-111
209000052,88,442,-354
209000062,19,299,-280
209000063,20,170,-150
209000064,17,164,-147
209000065,23,32,-9
209000066,24,51,-27
209000067,26,51,-25
209000080,18,192,-174
209000082,53,38,15
209000091,33,117,-84
209000093,109,45,64
209000094,202,149,53
209000110,43,61,-18
209000111,676,723,-47
209000112,340,307,33
209000113,786,318,468
209000114,226,261,-35
209000115,85,194,-109
209000116,956,768,188
209000118,12,53,-41
209000119,14,12,2
209000121,156,951,-795
209000135,61,89,-28
209000142,803,626,177
209000143,27,82,-55
209000144,19,49,-30
209000229,100,174,-74
209000240,32,545,-513
209000259,120,148,-28
209000260,43,1249,-1206
209000261,8,745,-737
209000262,2,662,-660
209000263,0,159,-159
209000264,1,38,-37
209000265,163,2,161
209000266,45,0,45
209000267,179,4,175
209000268,356,9,347
210000037,90,17,73
210000047,21,45,-24
210000048,40,49,-9
210000049,53,36,17
210000052,11,162,-151
210000053,11,94,-83
210000054,81,75,6
210000070,34,0,34
210000071,17,0,17
210000072,5,0,5
210000073,0,30,-30
210000074,0,100,-100
210000075,0,64,-64
210000076,1,171,-170
210000077,7,40,-33
210000078,23,26,-3
210000079,10,13,-3
210000080,75,36,39
210000081,69,7,62
210000082,39,1,38
210000083,67,1,66
210000084,21,0,21
210000085,1,88,-87
210000086,3,169,-166
210000099,26,217,-191
210000100,31,279,-248
210000101,103,222,-119
210000105,50,131,-81
210000159,2,122,-120
210000163,185,193,-8
210000164,326,89,237
210000168,151,43,108
210000187,1,9,-8
210000188,0,26,-26
210000214,9,0,9
210000219,25,45,-20
210000220,52,98,-46
210000232,0,22,-22
210000233,7,33,-26
210000234,25,148,-123
210000235,44,151,-107
210000245,0,31,-31
210000246,17,0,17
210000258,21,195,-174
210000259,108,5,103
210000282,41,213,-172
210000285,3,93,-90
210000286,3,178,-175
210000290,0,6,-6
210000295,13,108,-95
210000296,35,69,-34
210000320,96,155,-59
210000321,32,68,-36
210000338,52,103,-51
210000339,709,575,134
210000340,112,186,-74
210000341,86,206,-120
210000342,107,204,-97
210000343,82,190,-108
210000344,126,107,19
210000345,174,67,107
210000346,28,52,-24
210000347,56,12,44
210000348,49,11,38
210000349,30,26,4
210000350,51,75,-24
210000351,74,125,-51
210000352,55,103,-48
210000353,41,127,-86
210000354,47,115,-68
210000355,26,102,-76
210000356,42,52,-10
210000357,33,27,6
210000358,353,84,269
210000359,68,45,23
210000360,85,78,7
210000361,91,136,-45
210000362,181,139,42
210000363,779,89,690
210000364,113,70,43
210000365,74,34,40
210000366,95,22,73
210000367,47,15,32
210000368,78,24,54
210000369,26,15,11
210000370,33,43,-10
210000372,25,43,-18
210000373,24,6,18
210000374,63,14,49
210000375,26,105,-79
210000376,41,173,-132
210000404,143,129,14
210000439,13,53,-40
210000472,103,2,101
210000482,90,54,36
210000564,839,141,698
210000567,0,12,-12
210000568,565,2,563
211000092,22,70,-48
211000094,7,8,-1
211000169,205,8,197
211000172,10,227,-217
211000209,0,13,-13
211000226,10,18,-8
211000270,2,18,-16
211000275,13,35,-22
211000276,97,48,49
211000279,4,71,-67
211000281,21,94,-73
211507980,0,24,-24
211977296,2,7,-5
212000003,59,76,-17
212000004,23,20,3
212000005,5,26,-21
212000006,7,90,-83
212000008,84,307,-223
212000009,9,182,-173
212000012,24,83,-59
212000013,9,63,-54
212000014,173,220,-47
212000015,152,265,-113
212000016,355,635,-280
212000027,324,431,-107
212000028,143,356,-213
212000029,111,242,-131
212000030,22,35,-13
212000031,46,72,-26
212000048,24,76,-52
212000049,8,68,-60
212000050,10,20,-10
212000051,96,311,-215
212000052,119,550,-431
212000053,250,863,-613
212000054,79,130,-51
212000055,112,246,-134
212000056,7,36,-29
212000057,2,41,-39
212000058,373,31,342
212000070,70,486,-416
212000077,108,1036,-928
212000099,183,209,-26
212000108,115,160,-45
212000111,166,204,-38
212000120,64,167,-103
212000138,71,37,34
212000156,6,184,-178
212000158,5,16,-11
212000159,155,57,98
212000160,341,219,122
212000161,18,24,-6
212000310,27,50,-23
212000311,6,65,-59
212000374,21,15,6
213000001,23,808,-785
213000005,433,61,372
213000006,1171,128,1043
213000007,43,5,38
213000009,403,175,228
213000010,114,129,-15
213000011,178,109,69
213000012,100,461,-361
213000014,24,1,23
213000015,90,1,89
213000016,91,2,89
213000017,22,0,22
213000018,0,303,-303
213000019,1,194,-193
213000020,69,316,-247
213000021,6,126,-120
213000023,219,139,80
213000033,170,652,-482
213000034,239,249,-10
213000035,59,98,-39
213000045,82,291,-209
213000046,69,181,-112
213000047,401,665,-264
213000056,20,13,7
213000069,23,0,23
213000073,0,9,-9
213000074,113,659,-546
213000075,330,6,324
213000076,29,1,28
213000085,8,61,-53
213000086,15,291,-276
213000091,15,2,13
213000092,9,5,4
213000099,147,795,-648
213000100,1124,170,954
213000101,56,207,-151
213000102,93,554,-461
213000103,513,787,-274
213000104,23,531,-508
213000105,0,35,-35
213000106,12,280,-268
213000107,68,968,-900
213000108,8,573,-565
213000109,2,277,-275
213000110,4,55,-51
213000111,3,48,-45
213000112,261,122,139
213000115,5,1,4
213000116,65,809,-744
213000117,3,1026,-1023
213000118,234,378,-144
213000119,55,912,-857
213000120,44,955,-911
213000122,217,976,-759
213000123,886,1673,-787
213000124,69,1869,-1800
213000125,183,8,175
213000126,128,61,67
213000127,253,148,105
213000128,1010,476,534
213000129,538,212,326
213000130,223,85,138
213000132,94,41,53
213000133,149,66,83
213000134,465,20,445
213000136,167,19,148
213000137,340,46,294
213000139,173,12,161
213000147,5,1,4
213000148,7,5,2
213000149,8,3,5
213000150,2,77,-75
213000151,2,86,-84
213000152,1,85,-84
213000153,0,45,-45
213000154,13,372,-359
213000155,43,586,-543
213000156,51,781,-730
213000157,889,789,100
213000158,182,868,-686
213000159,391,556,-165
213000163,319,135,184
213000165,645,77,568
213000171,2,208,-206
213000172,5,407,-402
213000173,4,381,-377
213000174,0,305,-305
213000175,4,199,-195
213000176,4,19,-15
213000177,10,0,10
213000178,15,2,13
213000179,113,0,113
213000180,19,0,19
213000184,92,447,-355
213000188,303,102,201
213000189,156,27,129
213000190,841,822,19
213000191,115,546,-431
213000192,64,729,-665
213000193,1693,166,1527
213000194,1,28,-27
213000195,19,615,-596
213000196,134,933,-799
213000197,198,169,29
213000198,30,1,29
213000200,84,1188,-1104
213000201,204,68,136
213000202,8,793,-785
213000203,2482,282,2200
213000204,347,13,334
213000205,174,10,164
213000206,105,13,92
213000207,26,8,18
213000208,13,2,11
213000209,27,0,27
213000210,144,3,141
213000211,0,5,-5
213000212,0,24,-24
213000213,0,23,-23
213000218,123,1079,-956
213000219,536,15,521
213000220,370,11,359
213000223,139,100,39
213000224,10,18,-8
213000225,18,2,16
213000226,18,1,17
213000227,411,96,315
213000228,87,40,47
213000229,489,23,466
213000230,144,9,135
213000232,48,280,-232
213000233,6,23,-17
213000234,1,52,-51
213000293,6,45,-39
213000294,20,4,16
213000295,3,86,-83
213000296,78,13,65
213000297,9,64,-55
213000298,11,83,-72
213000299,40,41,-1
213000300,2,2,0
213000303,1,23,-22
213000304,0,12,-12
213000305,0,13,-13
213000306,30,26,4
213000307,116,88,28
213000308,58,300,-242
213000309,88,51,37
213000310,191,92,99
213000311,357,667,-310
213000315,31,150,-119
213000316,64,56,8
213000322,45,182,-137
213000323,23,108,-85
213000324,7,95,-88
213000325,7,162,-155
213000326,5,44,-39
213000327,7,95,-88
213000328,3,87,-84
213000329,10,45,-35
213000340,97,1113,-1016
213000341,205,90,115
213000346,190,54,136
213000347,1042,120,922
213000348,4,121,-117
213000349,16,9,7
213000350,181,1582,-1401
213000366,19,324,-305
213000367,93,30,63
213000379,105,165,-60
213000386,1,216,-215
213000406,89,452,-363
213000417,693,281,412
213000425,60,61,-1
213000426,80,94,-14
213000427,22,503,-481
213000428,8,306,-298
213000429,5,1,4
213000430,42,1306,-1264
213000431,78,4,74
213000432,3,5,-2
213000433,9,101,-92
213000434,21,137,-116
213000435,49,93,-44
213000436,9,126,-117
213000437,0,29,-29
213000438,82,131,-49
213000439,25,6,19
213000440,3,155,-152
213000441,0,0,0
213000442,1,37,-36
213000443,291,304,-13
213000444,9,105,-96
213000445,1,131,-130
213000446,0,6,-6
213000447,0,20,-20
213000448,4,51,-47
213000449,59,2,57
213000450,13,54,-41
213000451,67,88,-21
213000452,12,10,2
213000453,32,313,-281
213000455,199,1,198
213000456,1,143,-142
213000481,10,1,9
213000482,97,10,87
213000489,469,16,453
213000491,1,65,-64
213000492,54,0,54
213000493,0,29,-29
213000494,78,167,-89
213000495,2,230,-228
213000496,204,230,-26
213000497,31,541,-510
213000498,54,396,-342
213000499,88,965,-877
213000500,140,99,41
213000501,17,19,-2
213000502,146,34,112
213000503,1,82,-81
213000504,10,264,-254
213000505,6,4,2
213000506,0,10,-10
213000507,3,265,-262
213900016,0,18,-18
213900244,1,1,0
213900245,0,51,-51
218000003,13,22,-9
218000004,11,23,-12
218000005,12,39,-27
218000006,45,25,20
218000007,3,8,-5
218000012,287,141,146
218000013,56,142,-86
218000014,534,444,90
218000019,971,452,519
218000020,334,439,-105
218000021,38,119,-81
218000022,11,74,-63
218000023,0,83,-83
218000024,1,34,-33
218000025,12,40,-28
218000026,20,108,-88
218000027,0,32,-32
218000028,3,9,-6
218000029,2,7,-5
218000030,19,50,-31
218000031,2,104,-102
218000032,1,64,-63
218000040,1,2,-1
218000046,33,204,-171
218000047,5,248,-243
218000048,35,294,-259
218000049,66,200,-134
218000050,327,351,-24
218000051,48,414,-366
218000052,2,85,-83
218000053,0,14,-14
218000054,23,34,-11
218000055,1,9,-8
218000056,4,23,-19
218000057,1,34,-33
218000064,0,5,-5
218000065,21,74,-53
218000066,10,100,-90
218000067,18,70,-52
218000068,74,118,-44
218000069,92,235,-143
218000070,144,374,-230
218000071,131,275,-144
218000072,449,274,175
218000078,511,1403,-892
218000079,37,84,-47
218000080,64,99,-35
218000081,222,323,-101
218000082,12,159,-147
218000083,10,51,-41
218000084,48,271,-223
218000085,92,589,-497
218000086,20,240,-220
218000087,148,384,-236
218000090,14,82,-68
218000091,642,442,200
218000092,28,152,-124
218000093,41,115,-74
218000094,396,1016,-620
218000099,399,444,-45
218000100,147,379,-232
218000101,169,233,-64
218000102,132,388,-256
218000103,60,246,-186
218000104,28,83,-55
218000105,33,13,20
218000106,16,10,6
218000107,40,162,-122
218000108,4,90,-86
218000112,70,14,56
218000117,54,61,-7
218000134,433,1026,-593
218000135,17,97,-80
218000136,98,57,41
218000137,59,174,-115
218000138,37,120,-83
218000139,59,463,-404
218000140,93,227,-134
218000141,28,47,-19
218000142,69,208,-139
218000143,13,229,-216
218000144,14,64,-50
218000145,213,597,-384
218000146,30,103,-73
218000151,7,11,-4
218000152,29,66,-37
218000153,4,4,0
218000154,1,1,0
218000155,10,4,6
218000156,29,25,4
218000157,6,18,-12
218000158,1,6,-5
218000159,0,5,-5
218000160,1,4,-3
218000161,8,4,4
218000162,5,13,-8
218000163,3,0,3
218000164,14,25,-11
218000165,25,31,-6
218000170,1,22,-21
218000171,35,6,29
218000172,5,3,2
218000173,52,22,30
218000174,1,4,-3
218000176,71,14,57
218000177,250,56,194
218000178,82,61,21
218000179,37,46,-9
218000180,35,13,22
218000181,84,58,26
218000187,8,14,-6
218000188,25,26,-1
218000189,9,62,-53
218000190,8,25,-17
218000191,34,120,-86
218000192,80,600,-520
218000193,258,640,-382
218000194,21,534,-513
218000195,72,108,-36
218000196,158,240,-82
218000197,142,489,-347
218000198,3,135,-132
218000199,6,49,-43
218000200,53,34,19
218000201,7,11,-4
218000202,128,159,-31
218000207,4,49,-45
218000208,26,55,-29
218000211,20,13,7
218000212,2,14,-12
218000213,107,49,58
218000214,2,19,-17
218000215,80,134,-54
218000217,4,98,-94
218000218,253,69,184
218000219,17,15,2
218000220,55,368,-313
218000221,417,187,230
218000222,44,20,24
218000223,27,96,-69
218000224,0,92,-92
218000225,164,16,148
218000226,50,56,-6
218000230,0,4,-4
218000232,36,52,-16
218000239,8,3,5
218000240,2,0,2
218000241,4,0,4
218000242,7,1,6
218000243,0,0,0
218000244,3,1,2
218000245,7,3,4
218000246,0,1,-1
218000247,0,0,0
218000248,0,38,-38
218000249,0,0,0
218000250,3,8,-5
218000251,0,17,-17
218000252,1,31,-30
218000253,0,17,-17
218000254,1,18,-17
218000255,0,12,-12
218000256,2,56,-54
218000267,988,1443,-455
218000268,3,73,-70
218000269,2,28,-26
218000270,42,133,-91
218000271,19,147,-128
218000273,8,11,-3
218000274,5,12,-7
218000275,22,28,-6
218000276,5,56,-51
218000278,5,13,-8
218000279,15,116,-101
218000280,4,36,-32
218000281,24,10,14
218000282,394,169,225
218000284,108,14,94
218000301,26,129,-103
218000302,41,43,-2
218000303,12,60,-48
218000316,855,1409,-554
218000317,468,1452,-984
218000318,234,1321,-1087
218000319,653,1788,-1135
218000320,577,816,-239
218000338,9,21,-12
218000345,102,93,9
218000346,41,139,-98
218000459,67,300,-233
218000490,7,62,-55
218000501,22,24,-2
218000502,22,153,-131
218000503,41,21,20
218000504,83,14,69
218000505,27,256,-229
218000506,21,136,-115
218000508,0,2,-2
218000510,156,12,144
218000520,73,107,-34
218000521,2,85,-83
218000522,3,134,-131
218000523,39,0,39
218000524,43,110,-67
218000525,84,35,49
218000526,54,110,-56
218000529,24,330,-306
218000530,3,6,-3
218000531,0,39,-39
218000532,10,29,-19
218000534,51,17,34
218000537,2,48,-46
218000538,119,203,-84
218000540,401,103,298
218000543,80,73,7
218000544,79,166,-87
218000545,31,88,-57
218000546,33,186,-153
218000547,47,129,-82
218000548,105,297,-192
218000549,322,88,234
218000550,290,733,-443
218000551,295,269,26
218000552,876,41,835
218000553,8,78,-70
218000554,15,18,-3
218000555,9,72,-63
218000556,100,497,-397
218000557,151,222,-71
218000558,39,0,39
218000559,0,25,-25
218000560,0,7,-7
218000561,8,0,8
218000562,14,174,-160
218000563,57,36,21
218000564,15,142,-127
218000565,192,21,171
218000566,235,10,225
218000567,14,68,-54
218000568,3,2,1
218000569,2,48,-46
218000570,107,2,105
218000571,1,57,-56
218000572,21,0,21
218000573,11,24,-13
218000574,119,67,52
218000575,18,0,18
218000576,0,93,-93
218000577,12,1,11
218000578,0,147,-147
218000579,120,3,117
218000581,0,94,-94
218000582,6,7,-1
218000583,6,1,5
218000584,0,18,-18
218000585,6,3,3
218000586,2,66,-64
218000587,0,2,-2
218000588,0,1,-1
218000589,0,1,-1
218000590,0,0,0
218000591,0,4,-4
218000592,1,0,1
218000593,0,0,0
218000594,0,0,0
218000595,0,0,0
218000596,0,0,0
218000597,0,0,0
218000598,0,0,0
218000599,0,1,-1
218000600,0,1,-1
218000601,0,0,0
218000602,0,0,0
218000603,0,4,-4
218000604,2,0,2
218000605,0,18,-18
218000606,20,0,20
218000607,24,21,3
218000608,17,4,13
218000609,1,55,-54
218000610,17,2,15
218000611,3,6,-3
218000612,0,54,-54
218000613,9,3,6
218000614,0,62,-62
218000615,17,2,15
218000616,2,206,-204
218000617,3,3,0
218000618,0,23,-23
218000619,13,11,2
218000620,2,39,-37
218000621,0,0,0
218000622,0,9,-9
218000623,3,0,3
218000624,0,11,-11
218000625,5,1,4
218000626,0,2,-2
218000628,49,54,-5
218000631,8,19,-11
218000632,0,58,-58
218000633,75,0,75
218000634,1,6,-5
218000635,2,7,-5
218000636,571,1741,-1170
218000637,631,872,-241
218000638,33,39,-6
218000639,26,300,-274
218000640,101,23,78
218000641,32,518,-486
218000652,130,187,-57
218000653,83,50,33
218000663,5,104,-99
218000675,19,46,-27
218000676,5,57,-52
218000677,11,20,-9
218000680,151,747,-596
218000681,271,123,148
218000691,95,525,-430
218000693,47,113,-66
218000703,9,109,-100
218000718,1168,314,854
218000719,1439,58,1381
218000720,6,25,-19
218000721,20,5,15
218000725,6,17,-11
218001214,15,33,-18
218001258,14,5,9
218001329,125,97,28
218001330,219,87,132
218001351,5,13,-8
218001352,7,11,-4
218001353,4,12,-8
218001354,0,16,-16
218001356,171,6,165
218001358,81,1,80
218001361,38,39,-1
219000001,37,76,-39
219000002,23,90,-67
219000003,57,28,29
219000004,44,60,-16
219000017,63,21,42
219000020,63,23,40
219000022,109,5,104
219000023,77,1,76
219000029,0,97,-97
219000034,6,5,1
219000039,27,53,-26
219000040,46,24,22
219000041,109,51,58
219000051,0,111,-111
219000052,0,35,-35
219000053,1,312,-311
219000054,29,199,-170
219000055,49,1,48
219000056,3,0,3
219000057,17,1,16
219000062,6,291,-285
219000063,22,7,15
219000064,5,64,-59
219000110,199,31,168
219000111,93,41,52
219000112,139,70,69
219000113,85,48,37
219000114,497,31,466
219000116,42,35,7
219000117,157,79,78
219000118,63,70,-7
219000123,212,82,130
219000124,37,47,-10
219000125,13,32,-19
219000126,52,145,-93
219000127,1,4,-3
219000128,24,80,-56
219000129,22,123,-101
219000130,1170,698,472
219000131,922,710,212
219000133,29,45,-16
219000134,7,18,-11
219000135,22,37,-15
219000136,95,134,-39
219000138,45,10,35
219000139,10,56,-46
219000140,12,1,11
219000141,13,196,-183
219000142,11,131,-120
219000143,20,151,-131
219000145,22,44,-22
219000146,5,76,-71
219000147,0,75,-75
219000148,3,130,-127
219000149,45,364,-319
219000150,3,270,-267
219000151,5,147,-142
219000157,176,170,6
219000158,80,283,-203
219000161,114,11,103
219000163,1894,442,1452
219000166,41,219,-178
219000167,59,302,-243
219000168,703,91,612
219000174,195,82,113
219000175,43,1,42
219000176,35,6,29
219000177,8,0,8
219000178,11,2,9
219000179,3,7,-4
219000180,68,21,47
219000182,77,12,65
219000183,17,70,-53
219000184,33,4,29
219000185,2,169,-167
219000186,12,82,-70
219000187,11,240,-229
219000189,142,154,-12
219000190,150,180,-30
219000191,1814,691,1123
219000192,124,75,49
219000193,636,150,486
219000195,1,113,-112
219000196,1,187,-186
219000198,35,213,-178
219000199,163,246,-83
219000200,39,284,-245
219000201,94,293,-199
219000203,18,121,-103
219000204,132,176,-44
219000205,60,289,-229
219000207,436,265,171
219000209,15,108,-93
219000210,31,138,-107
219000213,9,277,-268
219000239,177,312,-135
219000240,187,396,-209
219000241,84,308,-224
219000242,106,242,-136
219000243,52,364,-312
219000244,4,157,-153
219000245,7,43,-36
219000246,16,12,4
219000247,46,33,13
219000248,406,145,261
219000249,179,42,137
219000250,48,72,-24
219000251,467,109,358
219000252,85,71,14
219000253,70,18,52
219000255,26,59,-33
219000256,59,69,-10
219000257,50,0,50
219000262,105,326,-221
219000263,47,280,-233
219000267,1,183,-182
219000268,1,12,-11
219000269,1,1,0
219000270,1,0,1
219000271,35,0,35
219000278,0,22,-22
219000279,1,10,-9
219000283,0,7,-7
219000295,15,146,-131
219000296,48,721,-673
219000297,12,225,-213
219000298,22,299,-277
219000299,377,38,339
219000300,18,449,-431
219000301,153,409,-256
219000302,24,244,-220
219000307,41,81,-40
219000308,42,29,13
219000311,70,40,30
219000312,173,39,134
219000313,94,23,71
219000314,112,726,-614
219000315,68,14,54
219000316,177,13,164
219000317,42,15,27
219000320,1,60,-59
219000321,0,18,-18
219000323,9,133,-124
219000325,1,47,-46
219000326,56,169,-113
219000327,71,38,33
219000328,23,55,-32
219000329,255,89,166
219000330,41,29,12
219000331,33,45,-12
219000332,46,55,-9
219000333,4,3,1
219000335,52,1,51
219000337,6,1,5
219000338,16,5,11
219000344,34,142,-108
219000345,78,148,-70
219000346,13,243,-230
219000348,65,192,-127
219000349,23,325,-302
219000350,51,79,-28
219000351,1,1,0
219000352,229,70,159
219000353,53,50,3
219000354,96,133,-37
219000355,110,55,55
219000356,1959,290,1669
219000363,282,17,265
219000364,85,24,61
219000365,74,10,64
219000366,284,104,180
219000368,382,337,45
219000370,1087,166,921
219000371,3,8,-5
219000382,2,24,-22
219000383,863,603,260
219000385,664,510,154
219000386,1341,1342,-1
219000387,0,5,-5
219000390,2,0,2
219000391,2,0,2
219000397,97,152,-55
219000398,71,33,38
219000401,5,108,-103
219000402,15,86,-71
219000403,39,124,-85
219000404,12,63,-51
219000407,3,42,-39
219000409,16,20,-4
219000410,19,25,-6
219000411,23,10,13
219000446,237,444,-207
219000447,0,22,-22
219000448,13,7,6
219000452,72,40,32
219000453,49,102,-53
219000454,301,165,136
219000556,73,36,37
219000558,81,413,-332
219000590,20,222,-202
219000591,25,49,-24
219000592,116,420,-304
219000595,1,56,-55
219000635,35,17,18
219000636,25,140,-115
219000657,19,23,-4
219000658,15,25,-10
219000673,0,20,-20
219000676,10,1,9
219000679,13,11,2
219000684,33,2,31
219000685,0,100,-100
219000686,10,1,9
219000688,0,137,-137
219000689,53,182,-129
219000690,133,18,115
219000691,59,95,-36
219000692,100,24,76
219000693,0,31,-31
219000694,3,0,3
219000695,7,4,3
219000698,5,0,5
219000699,0,21,-21
219000727,4,202,-198
219000728,65,2,63
219000770,13,3,10
219000771,0,31,-31
219000788,267,175,92
219001150,1,5,-4
219001151,1,8,-7
219001166,7,4,3
219001167,1,49,-48
219001178,12,0,12
220000001,10,44,-34
220000002,7,254,-247
220000003,429,394,35
220000004,648,864,-216
220000005,2163,1863,300
220000006,161,1074,-913
220000007,190,1171,-981
220000008,204,1562,-1358
220000009,158,817,-659
220000010,65,162,-97
220000011,749,1620,-871
220000012,45,151,-106
220000014,32,79,-47
220000015,13,249,-236
220000017,26,354,-328
220000018,5969,844,5125
220000019,64,214,-150
220000020,95,325,-230
220000021,417,200,217
220000022,406,598,-192
220000023,176,178,-2
220000024,1862,280,1582
220000025,1276,407,869
220000026,226,129,97
220000027,6,114,-108
220000028,22,24,-2
220000029,57,190,-133
220000030,58,79,-21
220000031,160,340,-180
220000064,14,1151,-1137
221000046,5,0,5
221000047,0,2,-2
221000048,0,3,-3
221000049,0,25,-25
221000050,10,0,10
221000055,34,38,-4
221000057,59,4,55
221000068,222,80,142
221000069,248,44,204
221000070,111,18,93
221000071,55,8,47
221000072,91,14,77
221000073,146,49,97
221000074,0,30,-30
221000075,33,12,21
221000076,11,42,-31
221000077,28,88,-60
221000081,11,6,5
221000082,38,3,35
221000083,21,4,17
221000084,5,2,3
221000085,7,66,-59
221000086,10,213,-203
221000087,2,233,-231
221000088,14,166,-152
221000089,35,261,-226
221000090,113,505,-392
221000098,163,21,142
221000099,104,13,91
221000100,54,6,48
221000101,238,7,231
221000102,163,6,157
221000109,6,122,-116
221000110,6,188,-182
221000111,24,208,-184
221000112,11,155,-144
221000113,24,188,-164
221000114,19,212,-193
221000120,6,35,-29
221000121,2,16,-14
221000122,22,10,12
221000123,6,28,-22
221000124,20,375,-355
221000155,78,5,73
221000156,22,29,-7
221000175,0,3,-3
221000176,0,3,-3
221000182,25,2,23
221000241,377,193,184
221000242,274,293,-19
221000243,282,95,187
221000244,285,335,-50
221000245,38,117,-79
221000246,14,216,-202
221000247,16,140,-124
221000248,24,196,-172
221000267,47,790,-743
221000325,78,42,36
221000331,4,128,-124
221000338,1,11,-10
221000378,110,26,84
221000381,85,119,-34
222000282,1,0,1
222000296,2,33,-31
222000568,226,15,211
222000569,86,11,75
222000570,65,6,59
222000571,45,8,37
222000577,12,336,-324
222000578,14,270,-256
222000579,28,134,-106
222000580,114,1112,-998
222000599,0,214,-214
222000600,6,354,-348
222000601,5,1105,-1100
222000603,8,13,-5
222000604,6,16,-10
222000605,7,12,-5
222000606,0,12,-12
222000607,1,1,0
222000608,3,33,-30
222000609,33,400,-367
222000616,56,42,14
222000617,1,7,-6
222000618,4,1,3
222000620,15,3,12
222000621,21,5,16
222000623,498,4,494
222000624,159,0,159
222000625,238,51,187
222000636,42,2,40
222000686,9,4,5
222000687,19,34,-15
222001066,165,1,164
222001067,7,9,-2
222001068,19,42,-23
222001069,23,33,-10
222001082,4,83,-79
222001083,1,103,-102
222001084,1,31,-30
222001085,0,218,-218
222001111,8,342,-334
222001112,25,18,7
222001313,8,4,4
222001314,5,85,-80
222001464,7,58,-51
222001465,11,134,-123
222001484,39,66,-27
222001485,11,92,-81
222001494,138,165,-27
222001495,102,495,-393
222001496,66,66,0
222001497,116,804,-688
222001502,19,123,-104
222001503,5,10,-5
222001504,15,328,-313
222001505,30,2,28
222001506,35,238,-203
222001507,55,13,42
222001510,49,5,44
222001511,36,505,-469
222001514,280,29,251
222001515,218,776,-558
222001518,35,11,24
222001519,33,551,-518
222001527,55,12,43
222001528,82,201,-119
222001529,26,8,18
222001530,30,296,-266
222001533,158,517,-359
222001534,16,8,8
222001535,60,104,-44
222001536,94,483,-389
222001537,131,16,115
222001538,79,604,-525
222001563,56,38,18
222001564,43,1012,-969
222001568,111,97,14
222001576,0,0,0
222001579,0,8,-8
222001583,8,376,-368
222001584,59,11,48
222001596,603,1973,-1370
222001597,1208,186,1022
222001626,0,242,-242
222001650,65,51,14
222001651,62,133,-71
222001914,50,8,42
222001915,91,247,-156
222001968,391,153,238
222001969,480,996,-516
222001970,41,197,-156
222001971,8,24,-16
222001972,0,53,-53
225000001,445,77,368
225000002,220,55,165
225000003,220,68,152
225000004,177,127,50
225000005,12,35,-23
225000006,0,130,-130
225000007,3316,1019,2297
225000010,46,1,45
225000011,370,553,-183
225000012,104,250,-146
225000013,39,110,-71
225000014,378,29,349
225000015,89,223,-134
225000021,352,84,268
225000027,250,412,-162
225000032,555,61,494
225000042,44,687,-643
225000049,23,66,-43
225000050,21,6,15
225000053,7,196,-189
225000058,179,97,82
225000067,95,243,-148
225000068,96,564,-468
225000069,186,526,-340
225000070,66,591,-525
225000071,9,374,-365
225000075,20,875,-855
225000076,96,101,-5
225000078,33,9,24
225000085,15,73,-58
225000086,52,41,11
225000087,100,12,88
225000088,13,115,-102
225000089,408,436,-28
225000090,12,300,-288
225000091,25,218,-193
225000092,8,76,-68
225000093,90,438,-348
225000094,18,517,-499
225000095,259,645,-386
225000096,76,367,-291
225000098,302,111,191
225000099,161,74,87
225000100,120,83,37
225000104,19,422,-403
225000110,16,492,-476
225000111,113,1136,-1023
225000112,182,988,-806
225000113,81,605,-524
225000114,38,280,-242
225000115,2730,507,2223
225000116,1052,40,1012
225000117,482,234,248
225000118,443,124,319
225000119,101,31,70
225000120,254,34,220
225000121,146,12,134
225000123,745,24,721
225000125,121,273,-152
225000126,803,192,611
225000127,951,456,495
225000128,269,358,-89
225000132,152,18,134
225000133,195,22,173
225000134,419,40,379
225000135,31,6,25
225000136,56,8,48
225000137,44,23,21
225000138,208,9,199
225000143,92,168,-76
225000144,5,308,-303
225000145,30,29,1
225000146,17,126,-109
225000147,10,466,-456
225000148,2,275,-273
225000149,35,433,-398
225000151,20,345,-325
225000155,134,291,-157
225000156,118,558,-440
225000157,114,395,-281
225000158,35,414,-379
225000171,1,171,-170
225000180,11,4,7
225000181,0,33,-33
225000182,30,23,7
225000185,7,242,-235
225000187,56,420,-364
225000191,6,2,4
225000194,0,5,-5
225000208,0,45,-45
225000209,12,22,-10
225000210,3,219,-216
225000217,0,21,-21
225000218,1,1,0
225000223,1,44,-43
225000224,27,0,27
225000225,1,8,-7
225000226,31,0,31
225000227,34,62,-28
225000228,7,2,5
225000229,0,76,-76
225000230,11,1,10
225000231,0,164,-164
225000232,65,0,65
225000241,28,1,27
225000242,0,39,-39
225000249,3,0,3
225000250,30,977,-947
225000251,162,12,150
225000254,0,0,0
225000256,1,2,-1
225000257,0,4,-4
226000042,413,462,-49
226000043,82,289,-207
226000044,79,749,-670
226000045,75,486,-411
226000046,142,44,98
226000047,206,36,170
226000048,297,25,272
226000049,119,39,80
226000070,0,70,-70
226000071,0,82,-82
226000072,0,11,-11
226000073,0,3,-3
226000074,0,5,-5
226000084,1,74,-73
226000085,0,0,0
226000086,4,6,-2
226000087,0,11,-11
226000088,110,7,103
226000090,103,14,89
226000091,21,1,20
226000092,0,0,0
226000093,5,0,5
226000094,0,1,-1
226000095,2,1,1
226000105,2,0,2
226000106,1,0,1
226000107,2,0,2
226000108,8,0,8
226000109,52,0,52
226000124,113,51,62
226000134,298,343,-45
226000135,781,525,256
226000136,149,280,-131
226000137,16,486,-470
226000138,7,302,-295
226000139,1,25,-24
226000156,26,6,20
226000157,80,6,74
226000163,53,37,16
226000202,6,539,-533
226000231,56,4,52
226000232,16,2,14
227000033,228,34,194
227000036,113,24,89
227000037,85,12,73
227000038,88,20,68
227000084,0,34,-34
227000085,1,22,-21
227000088,24,2,22
227000089,76,1,75
227000090,24,1,23
227000091,7,0,7
227000092,7,1,6
227000093,22,0,22
227000094,3,0,3
227000130,19,99,-80
227000131,5,332,-327
227000132,28,404,-376
227000133,8,320,-312
227000134,19,530,-511
227000152,0,1,-1
227000153,0,58,-58
227000154,0,45,-45
227000155,1,24,-23
227000156,0,27,-27
227000165,1,32,-31
227000196,114,387,-273
227000199,85,789,-704
227000230,18,563,-545
227000232,116,11,105
227000242,65,498,-433
227000243,460,43,417
227000245,15,439,-424
227000246,69,490,-421
227000247,206,74,132
227000248,55,22,33
227000249,12,301,-289
227000250,221,162,59
227000251,146,318,-172
227000252,16,410,-394
227000253,41,34,7
227000262,219,21,198
227000266,272,20,252
227000267,25,2666,-2641
227000282,13,323,-310
227000284,129,11,118
227000286,5,167,-162
227000287,9,330,-321
227000291,28,749,-721
227000296,624,291,333
227000484,360,14,346
227000485,15,705,-690
227000655,32,17,15
227000656,536,34,502
227000657,37,25,12
227000661,127,20,107
229000265,6,39,-33
229000296,2,13,-11
229000297,3,23,-20
229000298,4,66,-62
229000320,7,1,6
229000321,8,7,1
229000412,10,50,-40
229000414,3,66,-63
229000415,4,5,-1
229000416,0,2,-2
229000417,0,11,-11
229000419,63,295,-232
229000440,171,33,138
229000442,1,7,-6
229000443,0,0,0
229000444,0,37,-37
229000445,7,6,1
229000446,23,10,13
229000491,1,33,-32
229000492,7,194,-187
229000493,4,162,-158
229000494,22,10,12
229000495,65,18,47
229000496,10,20,-10
229000507,0,38,-38
229000508,2,21,-19
229000509,0,50,-50
229000510,3,35,-32
229000511,7,100,-93
229000512,0,38,-38
229000513,0,3,-3
229000514,0,6,-6
229000517,1,21,-20
229000518,4,47,-43
229000519,0,19,-19
229000520,3,50,-47
229000521,6,19,-13
229000522,0,14,-14
229000523,4,17,-13
229000524,3,13,-10
229000527,3,0,3
229000528,1,0,1
229000529,1,0,1
229000530,53,7,46
229000531,15,6,9
229000532,21,1,20
229000533,84,4,80
229000534,74,1,73
229000564,34,2,32
229000565,6,0,6
229000566,1,54,-53
229000567,0,122,-122
229000582,160,6,154
229000583,3,4,-1
229000584,0,72,-72
229000585,6,68,-62
229000718,0,5,-5
229000719,0,2,-2
229000720,0,6,-6
229000721,0,15,-15
229000722,0,45,-45
229000723,0,24,-24
229000724,1,0,1
229000725,0,8,-8
229000738,0,0,0
229000739,2,0,2
229000740,0,1,-1
229000741,11,0,11
229000742,2,0,2
229000743,10,0,10
229000744,6,1,5
229000745,0,0,0
229000746,21,1,20
229000847,10,0,10
229000848,11,0,11
229000849,31,0,31
229000851,3,1,2
229000854,0,84,-84
229000856,4,176,-172
229000857,0,47,-47
229000858,0,169,-169
229000919,5,115,-110
229000930,8,162,-154
229000937,87,19,68
229000966,37,32,5
229000981,14,67,-53
229000985,3,32,-29
229000986,0,2,-2
229000987,0,0,0
229000988,1,6,-5
229000989,0,2,-2
229000990,1,0,1
229000991,0,1,-1
229000992,1,8,-7
229000993,124,3,121
229000998,8,24,-16
229000999,43,4,39
229001034,0,10,-10
229001035,1,1,0
229001037,20,4,16
229001042,4,16,-12
229001047,2,26,-24
229001050,25,50,-25
229001168,0,7,-7
229001200,2,2,0
229001338,1,27,-26
229001394,282,1,281
229001422,91,32,59
229001423,28,154,-126
229001431,32,41,-9
229001432,40,52,-12
229001444,76,33,43
229001445,25,191,-166
229001479,3,8,-5
229001503,99,93,6
229001504,89,219,-130
229001505,50,67,-17
229001506,39,194,-155
229001509,23,14,9
229001545,52,6,46
229001546,6,124,-118
229001553,29,12,17
229001554,12,132,-120
229001630,51,14,37
229001631,6,35,-29
229001635,0,5,-5
229001636,0,0,0
229001658,6,81,-75
229001659,152,2,150
229001660,0,1,-1
229001661,0,19,-19
229001662,10,0,10
229001663,0,22,-22
229002584,65,74,-9
229002831,96,118,-22
229002841,24,29,-5
229002842,29,21,8
229002843,12,15,-3
229002844,8,64,-56
229002845,47,107,-60
229002846,12,26,-14
229002847,2,8,-6
229002848,1,4,-3
229002849,0,28,-28
229002850,3,1,2
229002851,10,62,-52
229002852,20,13,7
229002853,76,9,67
229002854,113,50,63
229002855,4,40,-36
229002856,5,5,0
229002857,0,33,-33
229002858,0,2,-2
229002859,5,21,-16
229002860,15,1,14
229002861,31,13,18
229002862,5,19,-14
229002863,7,21,-14
229002864,6,41,-35
229002865,2,4,-2
229002866,1,18,-17
229002867,1,15,-14
229002868,1,3,-2
229002869,3,108,-105
229002870,3,3,0
235000066,302,79,223
235000067,85,133,-48
235000072,36,45,-9
235000073,103,248,-145
235000074,10,95,-85
235000080,6,80,-74
235000081,76,258,-182
235000082,24,44,-20
235000083,62,88,-26
235000084,10,48,-38
235000085,28,74,-46
235000089,12,62,-50
235000092,7,166,-159
235000093,0,1,-1
235000097,8,4,4
235000098,33,23,10
235000099,20,35,-15
235000116,48,23,25
235000117,787,7,780
235000133,12,216,-204
235000134,8,78,-70
235000206,8,1,7
235000207,6,1,5
235000208,1,1,0
235000209,3,0,3
235000210,5,2,3
235000212,0,15,-15
235000213,0,5,-5
235000220,0,3,-3
235000221,12,10,2
235000238,1,21,-20
235000239,0,2,-2
235000242,139,204,-65
235000245,1401,212,1189
235000246,2,52,-50
235000284,1,63,-62
235000295,20,4,16
235000305,30,1,29
235000306,20,1,19
235000307,0,0,0
235000308,0,1,-1
235000309,19,0,19
235000310,1,0,1
235000311,17,3,14
235000322,0,38,-38
235000323,0,39,-39
235000324,1,21,-20
235000325,0,19,-19
235000326,8,383,-375
235000351,5,55,-50
235000352,13,61,-48
235000353,0,49,-49
235000354,1,39,-38
235000355,0,69,-69
235000356,6,4,2
235000357,4,0,4
235000358,6,2,4
235000359,3,2,1
235000360,11,1,10
235000361,4,1,3
235000381,46,374,-328
235000382,68,47,21
235000390,5,1,4
235000391,54,27,27
235000392,52,131,-79
235000393,60,80,-20
235000395,47,31,16
235000396,180,44,136
235000400,53,29,24
235000401,28,213,-185
235000405,52,560,-508
235000406,16,514,-498
235000407,69,188,-119
235000409,295,224,71
235000410,25,269,-244
235000411,0,105,-105
235000485,0,14,-14
235000486,3,0,3
235000549,26,67,-41
235000550,48,247,-199
235000599,52,116,-64
235000600,8,6,2
235000601,12,25,-13
235000602,49,173,-124
235000614,4,2,2
235000648,0,31,-31
235000649,19,4,15
235000685,0,6,-6
235000815,3,19,-16
235000834,0,4,-4
235000855,22,56,-34
235000862,19,281,-262
235000891,0,11,-11
235000892,5,4,1
235000901,70,129,-59
235000907,5,2,3
235001010,34,64,-30
235001029,873,444,429
235001030,410,179,231
235001078,64,62,2
235001079,73,198,-125
235001147,16,35,-19
235001166,16,47,-31
235001167,1,82,-81
235001169,5,282,-277
235001188,0,16,-16
235001189,1,1,0
235001197,1,6,-5
235001200,42,22,20
235001207,65,20,45
235001210,21,175,-154
235001215,3,163,-160
235001239,1,45,-44
235001244,0,4,-4
235016267,0,20,-20
277101746,0,3,-3
277102712,0,1,-1
277103813,0,0,0
277103814,0,0,0
277103898,0,5,-5
277104249,0,5,-5
277104250,0,10,-10
277104251,0,7,-7
277104252,0,2,-2
990011530,0,264,-264
990014944,2,671,-669
990015176,7,5,2
990015618,0,124,-124
990016032,1,423,-422
990032570,1,118,-117
990070001,13,2,11
990070103,0,6,-6
990070601,0,53,-53
990070751,109,0,109
990070766,5,1166,-1161
990071180,192,165,27
990071343,12,1,11
990071387,0,9,-9
990071823,166,1,165
990072600,1,604,-603
990072964,2,756,-754
990073285,0,5,-5
990074393,6,1342,-1336
990074870,243,3,240
990075106,217,104,113
990075746,88,4,84
990076437,148,3,145
990076458,4,1577,-1573
997000007,49,3,46
997000041,1,195,-194
997000058,10,0,10
997000062,10,1,9
997000069,0,3,-3
997000070,0,52,-52
997000100,41,35,6
997000141,0,373,-373
997000198,3,142,-139
998000475,0,13,-13
998000736,0,357,-357
998000965,0,1,-1
998001031,0,42,-42
998001700,0,29,-29
998001899,0,1,-1
998001900,14,0,14
998003073,1160,4,1156
998101900,0,0,0
998102850,2,108,-106
998501927,200,307,-107
998501929,141,0,141
998501930,38,0,38
998501931,33,4,29
998501932,5,0,5
998501933,16,0,16
998501937,8,4,4
998501944,3,1,2
998501970,31,63,-32
998501971,1,64,-63
998501973,0,88,-88
998501974,1,272,-271
998501975,66,0,66
998501976,70,70,0
998501977,0,19,-19
998501978,5,0,5
998501979,0,12,-12
998501980,80,2,78
998501981,10,1,9
998501982,0,101,-101
998501983,0,0,0
998502006,0,0,0
998502024,0,2,-2
998502032,0,2,-2
998502062,9,0,9
998502063,0,0,0
998502173,14,1,13
998502269,0,2,-2
998601159,1,519,-518
998601292,3,18,-15
999033574,2,1090,-1088
999800001,21,1,20
999800002,0,3,-3
999800003,1,4,-3
999800004,0,15,-15
999800005,0,11,-11
